Gene A,Gene B,Label,Score,Precision,Recall,False Positive Rate
YBR133C,YER089C,1,4.27548,1.0,0.0009861933067440987,0.0
YOL093W,YKL124W,0,4.1678414,0.5,0.0009861933067440987,0.00010014019790105522
YGL086W,YLR102C,1,4.1485143,0.6666666865348816,0.0019723866134881973,0.00010014019790105522
YNL127W,YDR217C,1,4.115736,0.75,0.002958579920232296,0.00010014019790105522
YER017C,YPR091C,0,4.099232,0.6000000238418579,0.002958579920232296,0.00020028039580211043
YER145C,YOR353C,0,4.012148,0.5,0.002958579920232296,0.00030042059370316565
YHR002W,YLL003W,0,3.9983764,0.4285714328289032,0.002958579920232296,0.00040056079160422087
YLL003W,YOR219C,0,3.947784,0.375,0.002958579920232296,0.0005007009604014456
YPR120C,YKR029C,1,3.9321291,0.4444444477558136,0.003944773226976395,0.0005007009604014456
YKR055W,YFR001W,0,3.89309,0.4000000059604645,0.003944773226976395,0.0006008411874063313
YJL187C,YMR135C,1,3.8468585,0.4545454680919647,0.004930966533720493,0.0006008411874063313
YJL187C,YAR031W,0,3.8455796,0.4166666567325592,0.004930966533720493,0.0007009813562035561
YDR030C,YLR383W,0,3.806918,0.38461539149284363,0.004930966533720493,0.0008011215832084417
YDR351W,YLL002W,0,3.7825863,0.3571428656578064,0.004930966533720493,0.0009012617520056665
YNL008C,YBR261C,0,3.7767293,0.3333333432674408,0.004930966533720493,0.0010014019208028913
YIL108W,YMR269W,0,3.7654243,0.3125,0.004930966533720493,0.001101542147807777
YDR167W,YIL080W,0,3.7610152,0.29411765933036804,0.004930966533720493,0.0012016823748126626
YLR020C,YJL024C,0,3.6789176,0.2777777910232544,0.004930966533720493,0.0013018226018175483
YJL178C,YDR416W,0,3.6784248,0.2631579041481018,0.004930966533720493,0.0014019627124071121
YGL190C,YER016W,1,3.673088,0.30000001192092896,0.005917159840464592,0.0014019627124071121
YNR006W,YMR179W,0,3.668756,0.2857142984867096,0.005917159840464592,0.0015021029394119978
YLR183C,YGL163C,0,3.6672943,0.27272728085517883,0.005917159840464592,0.0016022431664168835
YMR078C,YGR095C,0,3.6644275,0.260869562625885,0.005917159840464592,0.0017023833934217691
YLR314C,YOR283W,0,3.6605175,0.25,0.005917159840464592,0.001802523504011333
YGL050W,YLR224W,0,3.6310248,0.23999999463558197,0.005917159840464592,0.0019026637310162187
YKL203C,YHR166C,1,3.628478,0.26923078298568726,0.006903353147208691,0.0019026637310162187
YMR065W,YNL262W,0,3.6247103,0.25925925374031067,0.006903353147208691,0.0020028038416057825
YGL086W,YBR274W,1,3.614121,0.2857142984867096,0.00788954645395279,0.0020028038416057825
YPL150W,YJL095W,0,3.5923243,0.27586206793785095,0.00788954645395279,0.002102944068610668
YER173W,YML074C,1,3.5700715,0.30000001192092896,0.008875739760696888,0.002102944068610668
YMR078C,YPR091C,0,3.547778,0.29032257199287415,0.008875739760696888,0.002203084295615554
YGR109C,YOL001W,1,3.5430887,0.3125,0.009861933067440987,0.002203084295615554
YBL058W,YGR169C,0,3.5387669,0.3030303120613098,0.009861933067440987,0.0023032245226204395
YFL034C-B,YOR244W,1,3.536148,0.3235294222831726,0.010848126374185085,0.0023032245226204395
YDL074C,YDL070W,0,3.522102,0.3142857253551483,0.010848126374185085,0.002403364749625325
YPR120C,YMR055C,1,3.5082612,0.3333333432674408,0.011834319680929184,0.002403364749625325
YKL130C,YOR025W,0,3.5076363,0.3243243098258972,0.011834319680929184,0.002503504976630211
YKL020C,YDL074C,0,3.5032287,0.31578946113586426,0.011834319680929184,0.0026036452036350965
YDR030C,YMR228W,0,3.4984338,0.3076923191547394,0.011834319680929184,0.0027037851978093386
YNR031C,YLR009W,0,3.4956505,0.30000001192092896,0.011834319680929184,0.0028039254248142242
YNL078W,YPL209C,1,3.494412,0.31707316637039185,0.012820512987673283,0.0028039254248142242
YJR051W,YGR113W,0,3.4895377,0.3095238208770752,0.012820512987673283,0.00290406565181911
YIL006W,YHR156C,0,3.4876187,0.302325576543808,0.012820512987673283,0.0030042058788239956
YLR353W,YNR010W,0,3.4873617,0.2954545319080353,0.012820512987673283,0.0031043461058288813
YOR026W,YMR168C,1,3.477599,0.31111112236976624,0.013806706294417381,0.0031043461058288813
YKL190W,YIL159W,0,3.4605515,0.30434781312942505,0.013806706294417381,0.003204486332833767
YLR314C,YDR444W,0,3.4528372,0.2978723347187042,0.013806706294417381,0.0033046265598386526
YBL058W,YPL122C,0,3.4492943,0.2916666567325592,0.013806706294417381,0.0034047667868435383
YOL010W,YOR025W,0,3.4474146,0.2857142984867096,0.013806706294417381,0.0035049067810177803
YLL003W,YMR304W,0,3.445083,0.2800000011920929,0.013806706294417381,0.003605047008022666
YKL203C,YOR368W,1,3.4449463,0.29411765933036804,0.01479289960116148,0.003605047008022666
YOR057W,YLR079W,1,3.4358983,0.3076923191547394,0.01577909290790558,0.003605047008022666
YNL163C,YGR271W,0,3.429634,0.30188679695129395,0.01577909290790558,0.0037051872350275517
YMR077C,YLR033W,0,3.4248383,0.29629629850387573,0.01577909290790558,0.0038053274620324373
YCL024W,YNL107W,0,3.4240737,0.290909081697464,0.01577909290790558,0.003905467689037323
YOR368W,YFR008W,1,3.4223378,0.3035714328289032,0.016765285283327103,0.003905467689037323
YKR044W,YMR075W,0,3.4162805,0.2982456088066101,0.016765285283327103,0.004005607683211565
YPL002C,YOR123C,0,3.4117835,0.2931034564971924,0.016765285283327103,0.004105748143047094
YGL237C,YNR018W,0,3.4114602,0.2881355881690979,0.016765285283327103,0.004205888137221336
YDL008W,YML027W,1,3.4113474,0.30000001192092896,0.017751479521393776,0.004205888137221336
YPR111W,YLR026C,0,3.408499,0.2950819730758667,0.017751479521393776,0.004306028597056866
YHR166C,YBL084C,1,3.4055874,0.30645161867141724,0.0187376718968153,0.004306028597056866
YGR145W,YKL095W,0,3.4028857,0.30158731341362,0.0187376718968153,0.004406168591231108
YOR368W,YHR153C,1,3.3804634,0.3125,0.019723866134881973,0.004406168591231108
YBR278W,YOL090W,0,3.3747966,0.3076923191547394,0.019723866134881973,0.004506309051066637
YGL174W,YDR392W,0,3.3646019,0.3030303120613098,0.019723866134881973,0.004606449045240879
YJR082C,YKL061W,0,3.3632677,0.2985074520111084,0.019723866134881973,0.004706589039415121
YNL127W,YER016W,1,3.3587859,0.30882352590560913,0.020710058510303497,0.004706589039415121
YPL153C,YBL056W,1,3.3533952,0.3188405930995941,0.02169625274837017,0.004706589039415121
YDR167W,YLR353W,0,3.3442473,0.3142857253551483,0.02169625274837017,0.00480672949925065
YDL132W,YMR168C,1,3.3414266,0.3239436745643616,0.022682445123791695,0.00480672949925065
YOR206W,YIL140W,0,3.339071,0.3194444477558136,0.022682445123791695,0.004906869493424892
YIL031W,YLR263W,1,3.3360684,0.3287671208381653,0.023668639361858368,0.004906869493424892
YGR167W,YML109W,0,3.3352406,0.3243243098258972,0.023668639361858368,0.005007009953260422
YCL008C,YGR072W,0,3.3307853,0.3199999928474426,0.023668639361858368,0.005107149947434664
YJR057W,YPL002C,0,3.314185,0.31578946113586426,0.023668639361858368,0.005207290407270193
YDR168W,YJR068W,1,3.3112893,0.3246753215789795,0.024654831737279892,0.005207290407270193
YMR061W,YOR089C,0,3.301935,0.3205128312110901,0.024654831737279892,0.005307430401444435
YKR002W,YMR239C,0,3.2931337,0.3164556920528412,0.024654831737279892,0.005407570395618677
YJL011C,YDR151C,0,3.2876904,0.3125,0.024654831737279892,0.0055077108554542065
YNL273W,YKL061W,0,3.2852676,0.3086419701576233,0.024654831737279892,0.0056078508496284485
YLR314C,YKL061W,0,3.2848825,0.3048780560493469,0.024654831737279892,0.005707991309463978
YOR073W,YFR027W,1,3.284642,0.3132530152797699,0.025641025975346565,0.005707991309463978
YKL090W,YJR133W,0,3.2807162,0.3095238208770752,0.025641025975346565,0.00580813130363822
YLR248W,YJR066W,1,3.2775023,0.3176470696926117,0.02662721835076809,0.00580813130363822
YJR057W,YMR227C,0,3.2763255,0.3139534890651703,0.02662721835076809,0.005908271763473749
YPL122C,YJR130C,0,3.2673752,0.3103448152542114,0.02662721835076809,0.006008411757647991
YMR061W,YDR140W,0,3.2638028,0.3068181872367859,0.02662721835076809,0.006108551751822233
YDR099W,YDR499W,1,3.2598665,0.31460675597190857,0.027613412588834763,0.006108551751822233
YOR054C,YGL203C,0,3.2598534,0.31111112236976624,0.027613412588834763,0.0062086922116577625
YLR165C,YMR078C,0,3.2568524,0.3076923191547394,0.027613412588834763,0.0063088322058320045
YDL155W,YBL084C,1,3.255976,0.31521740555763245,0.028599604964256287,0.0063088322058320045
YOR026W,YBR160W,1,3.255706,0.32258063554763794,0.02958579920232296,0.0063088322058320045
YGL116W,YBR160W,1,3.2512062,0.3297872245311737,0.030571991577744484,0.0063088322058320045
YJR032W,YGL163C,0,3.2497637,0.3263157904148102,0.030571991577744484,0.006408972665667534
YJR092W,YPR091C,0,3.2402673,0.3229166567325592,0.030571991577744484,0.006509112659841776
YGL050W,YLR278C,0,3.2402194,0.3195876181125641,0.030571991577744484,0.006609253119677305
YMR005W,YBL058W,0,3.2382052,0.3163265287876129,0.030571991577744484,0.006709393113851547
YFR031C,YER162C,0,3.2372553,0.31313130259513855,0.030571991577744484,0.006809533573687077
YML112W,YER145C,0,3.222161,0.3100000023841858,0.030571991577744484,0.006909673567861319
YLR452C,YEL030W,0,3.2218595,0.30693069100379944,0.030571991577744484,0.007009813562035561
YIL128W,YLR386W,0,3.2187216,0.30392158031463623,0.030571991577744484,0.00710995402187109
YDR207C,YBR274W,1,3.2183392,0.3106796145439148,0.03155818581581116,0.00710995402187109
YLR386W,YFR001W,0,3.2182143,0.3076923191547394,0.03155818581581116,0.007210094016045332
YCL061C,YFR027W,1,3.2172017,0.3142857253551483,0.03254437819123268,0.007210094016045332
YBR276C,YKL124W,0,3.2135537,0.3113207519054413,0.03254437819123268,0.007310234475880861
YGR229C,YBL084C,1,3.2131696,0.3177570104598999,0.033530570566654205,0.007310234475880861
YOL093W,YOR162C,0,3.2116277,0.31481480598449707,0.033530570566654205,0.007410374470055103
YJR082C,YKR026C,0,3.2112944,0.31192660331726074,0.033530570566654205,0.007510514929890633
YDR131C,YIL035C,0,3.202512,0.30909091234207153,0.033530570566654205,0.007610654924064875
YOR301W,YBR115C,0,3.1998503,0.30630630254745483,0.033530570566654205,0.007710794918239117
YKR008W,YOL054W,0,3.198839,0.3035714328289032,0.033530570566654205,0.007810935378074646
YGL241W,YBL089W,0,3.193937,0.3008849620819092,0.033530570566654205,0.007911075837910175
YDR026C,YJL004C,0,3.1911223,0.2982456088066101,0.033530570566654205,0.00801121536642313
YPL064C,YMR078C,0,3.1901987,0.2956521809101105,0.033530570566654205,0.00811135582625866
YLL029W,YNL147W,0,3.1888995,0.2931034564971924,0.033530570566654205,0.008211496286094189
YOL090W,YPR091C,0,3.1882584,0.2905983030796051,0.033530570566654205,0.008311636745929718
YDL028C,YDL127W,1,3.1868384,0.29661017656326294,0.03451676666736603,0.008311636745929718
YLR005W,YKR028W,0,3.186552,0.29411765933036804,0.03451676666736603,0.008411776274442673
YPR190C,YOR194C,0,3.1845696,0.2916666567325592,0.03451676666736603,0.008511916734278202
YGL186C,YMR087W,0,3.1821187,0.28925618529319763,0.03451676666736603,0.008612057194113731
YLR310C,YLR102C,1,3.1807318,0.2950819730758667,0.03550295904278755,0.008612057194113731
YDL008W,YOR073W,1,3.1791244,0.3008130192756653,0.036489151418209076,0.008612057194113731
YIR025W,YDR389W,0,3.1737444,0.2983871102333069,0.036489151418209076,0.008712196722626686
YKR036C,YLL043W,0,3.168309,0.29600000381469727,0.036489151418209076,0.008812337182462215
YHR058C,YMR213W,0,3.1666617,0.2936508059501648,0.036489151418209076,0.008912477642297745
YBR202W,YBL089W,0,3.1663716,0.29133859276771545,0.036489151418209076,0.009012618102133274
YKL161C,YDR404C,0,3.1638527,0.2890625,0.036489151418209076,0.009112757630646229
YJR149W,YNL273W,0,3.163832,0.2868216931819916,0.036489151418209076,0.009212898090481758
YJR055W,YMR075W,0,3.1633089,0.2846153974533081,0.036489151418209076,0.009313038550317287
YMR052W,YJL076W,1,3.1601605,0.290076345205307,0.0374753437936306,0.009313038550317287
YMR284W,YGL203C,0,3.1596906,0.28787878155708313,0.0374753437936306,0.009413178078830242
YML049C,YFL013C,0,3.1585057,0.2857142984867096,0.0374753437936306,0.009513318538665771
YCL024W,YJR040W,0,3.1565819,0.28358209133148193,0.0374753437936306,0.0096134589985013
YLR383W,YMR034C,0,3.1532128,0.28148147463798523,0.0374753437936306,0.00971359945833683
YIL143C,YBL028C,0,3.1516073,0.27941176295280457,0.0374753437936306,0.009813738986849785
YKR002W,YER002W,0,3.151378,0.277372270822525,0.0374753437936306,0.009913879446685314
YDR419W,YPR111W,0,3.149501,0.2753623127937317,0.0374753437936306,0.010014019906520844
YOR233W,YLR102C,1,3.1468532,0.28057554364204407,0.03846153989434242,0.010014019906520844
YKR020W,YJR032W,0,3.1464467,0.2785714268684387,0.03846153989434242,0.010114159435033798
YIL047C,YLR309C,0,3.1462553,0.27659574151039124,0.03846153989434242,0.010214299894869328
YBR066C,YNL163C,0,3.1446774,0.27464789152145386,0.03846153989434242,0.010314440354704857
YDR499W,YIL135C,0,3.1436632,0.27272728085517883,0.03846153989434242,0.010414580814540386
YIL080W,YNL262W,0,3.1430478,0.2708333432674408,0.03846153989434242,0.010514720343053341
YBR125C,YLR183C,0,3.1424956,0.2689655125141144,0.03846153989434242,0.01061486080288887
YOR026W,YHR153C,1,3.140372,0.27397260069847107,0.03944773226976395,0.01061486080288887
YKR020W,YML109W,0,3.1388292,0.27210885286331177,0.03944773226976395,0.0107150012627244
YJL095W,YDR404C,0,3.13666,0.2702702581882477,0.03944773226976395,0.010815140791237354
YMR097C,YCL014W,0,3.1352751,0.268456369638443,0.03944773226976395,0.010915281251072884
YHR164C,YMR075W,0,3.1342165,0.2666666805744171,0.03944773226976395,0.011015421710908413
YJL087C,YKL203C,0,3.134104,0.26490065455436707,0.03944773226976395,0.011115562170743942
YLR305C,YJL171C,0,3.1309493,0.2631579041481018,0.03944773226976395,0.011215701699256897
YDR378C,YGR251W,0,3.1307771,0.26143792271614075,0.03944773226976395,0.011315842159092426
YPL139C,YOL001W,1,3.1272573,0.26623377203941345,0.04043392464518547,0.011315842159092426
YNL273W,YBR160W,1,3.1241148,0.2709677517414093,0.041420117020606995,0.011315842159092426
YAL041W,YMR048W,1,3.1181505,0.2756410241127014,0.04240631312131882,0.011315842159092426
YLR228C,YLL004W,0,3.1167867,0.2738853394985199,0.04240631312131882,0.011415982618927956
YKL190W,YFR036W,0,3.1152732,0.2721518874168396,0.04240631312131882,0.01151612214744091
YER167W,YHR152W,1,3.1146715,0.276729553937912,0.04339250549674034,0.01151612214744091
YJL140W,YML099C,0,3.1135256,0.2750000059604645,0.04339250549674034,0.01161626260727644
YGR246C,YJL082W,0,3.1126053,0.2732919156551361,0.04339250549674034,0.011716403067111969
YMR078C,YKL074C,0,3.1125987,0.2716049253940582,0.04339250549674034,0.011816543526947498
YJL191W,YMR301C,0,3.1119826,0.2699386477470398,0.04339250549674034,0.011916683055460453
YLR425W,YOL093W,0,3.1104434,0.26829269528388977,0.04339250549674034,0.012016823515295982
YAL021C,YLR215C,1,3.1102545,0.27272728085517883,0.044378697872161865,0.012016823515295982
YGR012W,YKR028W,0,3.1095245,0.27108433842658997,0.044378697872161865,0.012116963975131512
YOR119C,YDR200C,1,3.105559,0.27544909715652466,0.04536489024758339,0.012116963975131512
YDR254W,YHR060W,0,3.1044137,0.2738095223903656,0.04536489024758339,0.012217103503644466
YDR378C,YGL060W,0,3.1003716,0.27218934893608093,0.04536489024758339,0.012317243963479996
YIL131C,YHR158C,1,3.0995226,0.2764706015586853,0.04635108634829521,0.012317243963479996
YLR389C,YBR257W,0,3.0981476,0.27485379576683044,0.04635108634829521,0.012417384423315525
YGR105W,YLR268W,0,3.0963147,0.2732558250427246,0.04635108634829521,0.012517524883151054
YIL143C,YKR008W,0,3.0911064,0.27167630195617676,0.04635108634829521,0.012617664411664009
YOR349W,YML109W,0,3.0898306,0.270114928483963,0.04635108634829521,0.012717804871499538
YKR029C,YJR066W,1,3.0876877,0.2742857038974762,0.047337278723716736,0.012717804871499538
YOR147W,YGL169W,0,3.077932,0.27272728085517883,0.047337278723716736,0.012817945331335068
YLR183C,YIL140W,0,3.0777495,0.2711864411830902,0.047337278723716736,0.012918084859848022
YMR005W,YEL062W,0,3.0729105,0.26966291666030884,0.047337278723716736,0.013018225319683552
YOL054W,YDR404C,0,3.0712192,0.2681564390659332,0.047337278723716736,0.013118365779519081
YKR071C,YKL170W,0,3.0694044,0.2666666805744171,0.047337278723716736,0.01321850623935461
YCR030C,YGL186C,0,3.0684204,0.265193372964859,0.047337278723716736,0.013318645767867565
YOL066C,YDL197C,0,3.0675857,0.2637362778186798,0.047337278723716736,0.013418786227703094
YFR031C,YMR008C,0,3.0663202,0.26229506731033325,0.047337278723716736,0.013518926687538624
YPL153C,YKL203C,1,3.0661256,0.2663043439388275,0.04832347109913826,0.013518926687538624
YDR207C,YMR048W,1,3.0643723,0.2702702581882477,0.049309663474559784,0.013518926687538624
YDR440W,YFR027W,1,3.0616536,0.27419355511665344,0.050295859575271606,0.013518926687538624
YBL026W,YGL216W,0,3.0606396,0.27272728085517883,0.050295859575271606,0.013619067147374153
YBR202W,YOL054W,0,3.0590756,0.271276593208313,0.050295859575271606,0.013719206675887108
YHR153C,YDR118W,1,3.0569732,0.27513226866722107,0.05128205195069313,0.013719206675887108
YGR264C,YGL203C,0,3.056863,0.27368420362472534,0.05128205195069313,0.013819347135722637
YGL190C,YDR517W,1,3.054578,0.2774869203567505,0.052268244326114655,0.013819347135722637
YPR135W,YNL050C,0,3.0527213,0.2760416567325592,0.052268244326114655,0.013919487595558167
YMR055C,YKL101W,1,3.0523808,0.27979275584220886,0.05325443670153618,0.013919487595558167
YOR038C,YKL168C,0,3.0522704,0.27835050225257874,0.05325443670153618,0.014019627124071121
YBR278W,YLR028C,0,3.0513525,0.2769230902194977,0.05325443670153618,0.01411976758390665
YPL065W,YER104W,0,3.0503628,0.27551019191741943,0.05325443670153618,0.01421990804374218
YLR210W,YKL101W,1,3.0500777,0.2791878283023834,0.054240632802248,0.01421990804374218
YMR146C,YMR078C,0,3.0500321,0.2777777910232544,0.054240632802248,0.01432004850357771
YLR033W,YOR275C,0,3.0487285,0.2763819098472595,0.054240632802248,0.014420188032090664
YMR135C,YBR160W,1,3.04782,0.2800000011920929,0.055226825177669525,0.014420188032090664
YHR061C,YDR146C,0,3.047314,0.27860695123672485,0.055226825177669525,0.014520328491926193
YMR308C,YJL082W,0,3.042616,0.2772277295589447,0.055226825177669525,0.014620468951761723
YDL132W,YGR188C,1,3.040516,0.2807881832122803,0.05621301755309105,0.014620468951761723
YDR449C,YJR112W,0,3.037743,0.27941176295280457,0.05621301755309105,0.014720608480274677
YER013W,YLR309C,0,3.0351865,0.2780487835407257,0.05621301755309105,0.014820748940110207
YJR055W,YGR281W,0,3.0338748,0.276699036359787,0.05621301755309105,0.014920889399945736
YDL054C,YMR078C,0,3.033751,0.2753623127937317,0.05621301755309105,0.015021029859781265
YHR041C,YKR068C,0,3.0328138,0.2740384638309479,0.05621301755309105,0.01512116938829422
YDR460W,YPR125W,0,3.0322473,0.27272728085517883,0.05621301755309105,0.01522130984812975
YBR281C,YER104W,0,3.0319116,0.27142858505249023,0.05621301755309105,0.015321450307965279
YJL187C,YNL044W,0,3.0309231,0.27014216780662537,0.05621301755309105,0.015421589836478233
YDL097C,YGL060W,0,3.0297472,0.2688679099082947,0.05621301755309105,0.015521730296313763
YNL008C,YHR069C,0,3.0256107,0.26760563254356384,0.05621301755309105,0.015621870756149292
YLR210W,YHR158C,1,3.0251276,0.2710280418395996,0.05719920992851257,0.015621870756149292
YJL140W,YMR087W,0,3.0243847,0.2697674334049225,0.05719920992851257,0.015722010284662247
YFR031C,YLL019C,0,3.0234077,0.26851850748062134,0.05719920992851257,0.01582215167582035
YOR159C,YGR251W,0,3.0204856,0.26728111505508423,0.05719920992851257,0.015922291204333305
YOR106W,YFR021W,0,3.0203574,0.26605504751205444,0.05719920992851257,0.01602243073284626
YDR440W,YOL001W,1,3.01855,0.26940637826919556,0.058185406029224396,0.01602243073284626
YCR030C,YOR283W,0,3.0133693,0.26818183064460754,0.058185406029224396,0.016122572124004364
YNL161W,YJL013C,1,3.0110772,0.27149322628974915,0.05917159840464592,0.016122572124004364
YOR074C,YBR026C,0,3.0104506,0.2702702581882477,0.05917159840464592,0.01622271165251732
YJR032W,YDR173C,0,3.0094707,0.2690582871437073,0.05917159840464592,0.016322851181030273
YGR179C,YER104W,0,3.0083675,0.2678571343421936,0.05917159840464592,0.016422992572188377
YKL124W,YML109W,0,3.0067737,0.2666666805744171,0.05917159840464592,0.016523132100701332
YBL112C,YHR058C,0,3.002731,0.2654867172241211,0.05917159840464592,0.016623273491859436
YDL008W,YOL113W,1,2.9982746,0.2687224745750427,0.060157790780067444,0.016623273491859436
YJR057W,YLR228C,0,2.9974036,0.26754385232925415,0.060157790780067444,0.01672341302037239
YPL153C,YNL127W,1,2.99621,0.27074235677719116,0.06114398315548897,0.01672341302037239
YGR252W,YFL001W,0,2.995402,0.269565224647522,0.06114398315548897,0.016823552548885345
YOR026W,YLR127C,1,2.9946532,0.27272728085517883,0.06213017925620079,0.016823552548885345
YGR252W,YMR228W,0,2.9920623,0.2715517282485962,0.06213017925620079,0.01692369394004345
YPR111W,YJR040W,0,2.991261,0.270386278629303,0.06213017925620079,0.017023833468556404
YDR351W,YPR171W,0,2.9903111,0.26923078298568726,0.06213017925620079,0.01712397299706936
YNL078W,YKL101W,1,2.988393,0.27234041690826416,0.06311637163162231,0.01712397299706936
YGR012W,YGR095C,0,2.9865932,0.2711864411830902,0.06311637163162231,0.017224114388227463
YER167W,YFR028C,1,2.9865215,0.27426159381866455,0.06410256773233414,0.017224114388227463
YGL122C,YMR075W,0,2.981902,0.2731092572212219,0.06410256773233414,0.017324253916740417
YJL176C,YGR239C,0,2.9788113,0.27196651697158813,0.06410256773233414,0.017424393445253372
YHR156C,YGR089W,0,2.97877,0.2708333432674408,0.06410256773233414,0.017524534836411476
YDL028C,YMR301C,0,2.9759953,0.2697095572948456,0.06410256773233414,0.01762467436492443
YPL122C,YFL048C,0,2.9748209,0.26859503984451294,0.06410256773233414,0.017724813893437386
YLR182W,YIL048W,0,2.974227,0.2674897015094757,0.06410256773233414,0.01782495528459549
YLR025W,YLR016C,0,2.972083,0.2663934528827667,0.06410256773233414,0.017925094813108444
YKR019C,YGR167W,0,2.9700487,0.26530611515045166,0.06410256773233414,0.018025236204266548
YOR229W,YMR048W,1,2.968689,0.26829269528388977,0.06508875638246536,0.018025236204266548
YHR153C,YNL172W,1,2.9645903,0.2712550461292267,0.06607495248317719,0.018025236204266548
YJR057W,YNR003C,0,2.963896,0.27016130089759827,0.06607495248317719,0.018125375732779503
YOR148C,YPR091C,0,2.963159,0.26907631754875183,0.06607495248317719,0.018225515261292458
YHR166C,YLR210W,1,2.9605951,0.2720000147819519,0.06706114113330841,0.018225515261292458
YKR071C,YHR012W,0,2.9598913,0.2709163427352905,0.06706114113330841,0.01832565665245056
YOR287C,YGL216W,0,2.9585526,0.2698412835597992,0.06706114113330841,0.018425796180963516
YKR055W,YMR301C,0,2.956043,0.26877471804618835,0.06706114113330841,0.01852593570947647
YBR260C,YNL262W,0,2.9517334,0.26771652698516846,0.06706114113330841,0.018626077100634575
YER016W,YLR288C,1,2.9510849,0.2705882489681244,0.06804733723402023,0.018626077100634575
YGL116W,YPR075C,1,2.9508111,0.2734375,0.06903353333473206,0.018626077100634575
YMR005W,YGR012W,0,2.9499292,0.2723735272884369,0.06903353333473206,0.01872621662914753
YGR188C,YBL084C,1,2.9486816,0.27519381046295166,0.07001972198486328,0.01872621662914753
YGR109C,YMR048W,1,2.948264,0.27799227833747864,0.0710059180855751,0.01872621662914753
YGR282C,YGR081C,0,2.9480817,0.2769230902194977,0.0710059180855751,0.018826356157660484
YML071C,YBR129C,0,2.9465053,0.27586206793785095,0.0710059180855751,0.018926497548818588
YGR113W,YDR410C,0,2.9456968,0.2748091518878937,0.0710059180855751,0.019026637077331543
YOR261C,YLR209C,0,2.94567,0.2737642526626587,0.0710059180855751,0.019126776605844498
YGL203C,YLR330W,0,2.945645,0.27272728085517883,0.0710059180855751,0.0192269179970026
YKL041W,YDR137W,0,2.943518,0.27169811725616455,0.0710059180855751,0.019327057525515556
YJR082C,YMR179W,0,2.9420197,0.27067670226097107,0.0710059180855751,0.01942719891667366
YNL085W,YOR353C,0,2.9417694,0.26966291666030884,0.0710059180855751,0.019527338445186615
YPR120C,YOL001W,1,2.9412997,0.2723880708217621,0.07199210673570633,0.019527338445186615
YBR172C,YPL273W,0,2.9406612,0.27137547731399536,0.07199210673570633,0.01962747797369957
YDR530C,YOR074C,0,2.939712,0.27037036418914795,0.07199210673570633,0.019727619364857674
YNL273W,YML071C,0,2.937147,0.26937270164489746,0.07199210673570633,0.01982775889337063
YGL203C,YKL205W,0,2.935652,0.26838234066963196,0.07199210673570633,0.019927898421883583
YIL095W,YBL052C,0,2.9347827,0.26739928126335144,0.07199210673570633,0.020028039813041687
YNL008C,YER017C,0,2.9338949,0.2664233446121216,0.07199210673570633,0.02012817934155464
YEL043W,YGL148W,0,2.9333556,0.2654545307159424,0.07199210673570633,0.020228318870067596
YNL236W,YBR155W,0,2.93328,0.2644927501678467,0.07199210673570633,0.0203284602612257
YBL085W,YKL144C,0,2.9328513,0.2635379135608673,0.07199210673570633,0.020428599789738655
YNL273W,YDL188C,1,2.9314644,0.26618704199790955,0.07297830283641815,0.020428599789738655
YOR324C,YGL071W,0,2.9252346,0.26523298025131226,0.07297830283641815,0.02052873931825161
YHR012W,YER008C,0,2.9245017,0.26428571343421936,0.07297830283641815,0.020628880709409714
YJR112W,YJL176C,0,2.9230206,0.2633451819419861,0.07297830283641815,0.02072902023792267
YDL008W,YLR079W,1,2.922612,0.26595744490623474,0.07396449893712997,0.02072902023792267
YDR167W,YMR172W,0,2.9206414,0.26501765847206116,0.07396449893712997,0.020829161629080772
YJR004C,YMR246W,0,2.9204347,0.26408451795578003,0.07396449893712997,0.020929301157593727
YOR147W,YBR173C,0,2.920079,0.2631579041481018,0.07396449893712997,0.021029440686106682
YDL121C,YBR118W,0,2.9191165,0.2622377574443817,0.07396449893712997,0.021129582077264786
YEL037C,YDR499W,0,2.9168804,0.26132404804229736,0.07396449893712997,0.02122972160577774
YDL008W,YIL112W,1,2.9162545,0.2638888955116272,0.0749506875872612,0.02122972160577774
YPL064C,YLR020C,0,2.9145167,0.2629757821559906,0.0749506875872612,0.021329861134290695
YKL165C,YLL043W,0,2.914409,0.2620689570903778,0.0749506875872612,0.0214300025254488
YNL102W,YMR032W,0,2.9136686,0.26116839051246643,0.0749506875872612,0.021530142053961754
YIL031W,YBR133C,1,2.9131749,0.26369863748550415,0.07593688368797302,0.021530142053961754
YLL003W,YKL061W,0,2.911893,0.26279863715171814,0.07593688368797302,0.02163028158247471
YJL187C,YLR165C,0,2.9081628,0.261904776096344,0.07593688368797302,0.021730422973632812
YJR005W,YDR173C,0,2.9075437,0.26101693511009216,0.07593688368797302,0.021830562502145767
YBL058W,YDR451C,0,2.9060533,0.26013514399528503,0.07593688368797302,0.02193070389330387
YDL197C,YKL206C,0,2.9055316,0.25925925374031067,0.07593688368797302,0.022030843421816826
YJR092W,YKL074C,0,2.9046438,0.25838926434516907,0.07593688368797302,0.02213098295032978
YIL002C,YGL113W,0,2.9038777,0.25752508640289307,0.07593688368797302,0.022231124341487885
YFR036W,YGR098C,1,2.9035082,0.25999999046325684,0.07692307978868484,0.022231124341487885
YBR274W,YLR321C,1,2.9028194,0.262458473443985,0.07790926843881607,0.022231124341487885
YJR057W,YKL186C,0,2.8999608,0.2615894079208374,0.07790926843881607,0.02233126387000084
YLR314C,YDL111C,0,2.8994606,0.26072606444358826,0.07790926843881607,0.022431403398513794
YKL166C,YDR389W,0,2.897619,0.25986841320991516,0.07790926843881607,0.022531544789671898
YHR061C,YLR129W,0,2.8967423,0.25901639461517334,0.07790926843881607,0.022631684318184853
YOR304W,YGR012W,0,2.894351,0.258169949054718,0.07790926843881607,0.022731823846697807
YDR263C,YCL008C,0,2.8940747,0.25732898712158203,0.07790926843881607,0.02283196523785591
YGL174W,YOL054W,0,2.8928797,0.2564935088157654,0.07790926843881607,0.022932104766368866
YNL172W,YJR090C,1,2.8909662,0.2588996887207031,0.0788954645395279,0.022932104766368866
YGL212W,YNR015W,0,2.8899748,0.25806450843811035,0.0788954645395279,0.02303224429488182
YNR015W,YBL034C,0,2.888582,0.25723472237586975,0.0788954645395279,0.023132385686039925
YGR113W,YOR219C,0,2.8878284,0.25641027092933655,0.0788954645395279,0.02323252521455288
YLR248W,YNL273W,1,2.8877492,0.2587859332561493,0.07988165318965912,0.02323252521455288
YJL076W,YFR028C,1,2.8877473,0.2611464858055115,0.08086784929037094,0.02323252521455288
YER050C,YJL024C,0,2.8870986,0.26031747460365295,0.08086784929037094,0.023332666605710983
YDR449C,YMR200W,0,2.882682,0.2594936788082123,0.08086784929037094,0.023432806134223938
YDR170C,YBL034C,0,2.8817663,0.25867506861686707,0.08086784929037094,0.023532945662736893
YLL002W,YDR170C,0,2.8816214,0.2578616440296173,0.08086784929037094,0.023633087053894997
YMR168C,YER008C,0,2.8795145,0.25705328583717346,0.08086784929037094,0.02373322658240795
YPL188W,YJR031C,0,2.8788445,0.2562499940395355,0.08086784929037094,0.023833366110920906
YKL020C,YBR141C,0,2.8751745,0.2554517090320587,0.08086784929037094,0.02393350750207901
YMR013C,YKL041W,0,2.8751118,0.25465837121009827,0.08086784929037094,0.024033647030591965
YPR120C,YOR249C,1,2.8743966,0.2569659352302551,0.08185404539108276,0.024033647030591965
YML097C,YCR026C,0,2.8738842,0.2561728358268738,0.08185404539108276,0.02413378655910492
YOR106W,YKL119C,0,2.873366,0.255384624004364,0.08185404539108276,0.024233927950263023
YJL095W,YIL042C,0,2.872997,0.25460124015808105,0.08185404539108276,0.024334067478775978
YPL151C,YMR176W,0,2.8725414,0.2538226246833801,0.08185404539108276,0.024434207007288933
YJL155C,YJR112W,0,2.8713915,0.25304877758026123,0.08185404539108276,0.024534348398447037
YBR081C,YLL040C,0,2.8713596,0.2522796392440796,0.08185404539108276,0.02463448792695999
YMR276W,YML097C,0,2.8709137,0.25151515007019043,0.08185404539108276,0.024734629318118095
YOL112W,YMR032W,0,2.8704903,0.25075528025627136,0.08185404539108276,0.02483476884663105
YGR251W,YOL038W,0,2.8703475,0.25,0.08185404539108276,0.024934908375144005
YML064C,YBR136W,1,2.8696978,0.2522522509098053,0.08284023404121399,0.024934908375144005
YDL056W,YML027W,1,2.8691947,0.25449103116989136,0.08382643014192581,0.024934908375144005
YKR101W,YGR072W,0,2.8686616,0.2537313401699066,0.08382643014192581,0.02503504976630211
YAL021C,YER173W,1,2.8683617,0.255952388048172,0.08481262624263763,0.02503504976630211
YJL206C,YML109W,0,2.8675501,0.2551928758621216,0.08481262624263763,0.025135189294815063
YKR056W,YKL124W,0,2.8672523,0.2544378638267517,0.08481262624263763,0.025235328823328018
YIL006W,YMR270C,0,2.8607895,0.25368732213974,0.08481262624263763,0.025335470214486122
YNL271C,YGR072W,0,2.860171,0.25294119119644165,0.08481262624263763,0.025435609742999077
YOL045W,YER104W,0,2.8579001,0.2521994113922119,0.08481262624263763,0.02553574927151203
YHR060W,YDR415C,0,2.85734,0.2514619827270508,0.08481262624263763,0.025635890662670135
YGR052W,YBR155W,0,2.8536596,0.25072887539863586,0.08481262624263763,0.02573603019118309
YPL127C,YBR061C,0,2.85244,0.25,0.08481262624263763,0.025836169719696045
YER145C,YLL033W,0,2.8522093,0.2492753565311432,0.08481262624263763,0.02593631111085415
YHR060W,YGL019W,0,2.851762,0.24855491518974304,0.08481262624263763,0.026036450639367104
YMR093W,YJL128C,0,2.8508244,0.24783861637115479,0.08481262624263763,0.026136592030525208
YBL056W,YPL194W,1,2.8501158,0.25,0.08579881489276886,0.026136592030525208
YDR034C,YPL259C,0,2.8501105,0.24928367137908936,0.08579881489276886,0.026236731559038162
YPR075C,YKL101W,1,2.84995,0.2514285743236542,0.08678501099348068,0.026236731559038162
YHR047C,YDR167W,0,2.8478258,0.25071224570274353,0.08678501099348068,0.026336871087551117
YIL080W,YDR170C,0,2.847761,0.25,0.08678501099348068,0.02643701247870922
YDR411C,YDR364C,0,2.846825,0.2492917776107788,0.08678501099348068,0.026537152007222176
YGR188C,YJR068W,1,2.8461547,0.25141242146492004,0.08777119964361191,0.026537152007222176
YOL070C,YOR106W,0,2.843941,0.25070422887802124,0.08777119964361191,0.02663729153573513
YMR168C,YDR211W,0,2.8422997,0.25,0.08777119964361191,0.026737432926893234
YGR113W,YNR015W,0,2.8407645,0.24929971992969513,0.08777119964361191,0.02683757245540619
YJR006W,YDR229W,0,2.8399572,0.24860335886478424,0.08777119964361191,0.026937711983919144
YDL197C,YDR457W,0,2.8394794,0.24791085720062256,0.08777119964361191,0.027037853375077248
YGR251W,YOR311C,0,2.8344328,0.24722221493721008,0.08777119964361191,0.027137992903590202
YDL056W,YGL181W,1,2.8329508,0.24930748343467712,0.08875739574432373,0.027137992903590202
YMR168C,YFR028C,1,2.8289442,0.2513812184333801,0.08974359184503555,0.027137992903590202
YDR146C,YHR082C,0,2.8285024,0.25068870186805725,0.08974359184503555,0.027238134294748306
YOR074C,YDL078C,0,2.826473,0.25,0.08974359184503555,0.02733827382326126
YHR069C,YGR199W,0,2.826287,0.2493150681257248,0.08974359184503555,0.027438413351774216
YOL045W,YDR444W,0,2.8235075,0.24863387644290924,0.08974359184503555,0.02753855474293232
YDR167W,YOR162C,0,2.823046,0.24795641005039215,0.08974359184503555,0.027638694271445274
YDR527W,YJL149W,0,2.822772,0.24728260934352875,0.08974359184503555,0.02773883379995823
YJL187C,YHR152W,1,2.8220313,0.24932248890399933,0.09072978049516678,0.02773883379995823
YLR182W,YGL220W,0,2.821955,0.24864864349365234,0.09072978049516678,0.027838975191116333
YOR233W,YBR103W,1,2.820288,0.2506738603115082,0.0917159765958786,0.027838975191116333
YOR148C,YDR207C,0,2.8195484,0.25,0.0917159765958786,0.027939114719629288
YCL061C,YLR102C,1,2.8181689,0.2520107328891754,0.09270217269659042,0.027939114719629288
YIL143C,YGR238C,0,2.8158777,0.2513369023799896,0.09270217269659042,0.028039254248142242
YOR106W,YNL084C,0,2.815457,0.25066667795181274,0.09270217269659042,0.028139395639300346
YDR263C,YMR284W,0,2.8140016,0.25,0.09270217269659042,0.0282395351678133
YMR227C,YJL082W,0,2.8130524,0.2493368685245514,0.09270217269659042,0.028339674696326256
YNL085W,YDL170W,0,2.8130293,0.24867725372314453,0.09270217269659042,0.02843981608748436
YOR243C,YJL225C,0,2.8122284,0.24802111089229584,0.09270217269659042,0.028539955615997314
YNL271C,YGR012W,0,2.8099024,0.24736842513084412,0.09270217269659042,0.02864009700715542
YOR206W,YJL225C,0,2.8093812,0.24671916663646698,0.09270217269659042,0.028740236535668373
YGL050W,YOR194C,0,2.8092482,0.24607330560684204,0.09270217269659042,0.028840376064181328
YMR112C,YKL001C,0,2.808634,0.2454308122396469,0.09270217269659042,0.028940517455339432
YOL070C,YDR364C,0,2.8080306,0.2447916716337204,0.09270217269659042,0.029040656983852386
YPR120C,YIR025W,1,2.8072703,0.2467532455921173,0.09368836134672165,0.029040656983852386
YMR227C,YNL147W,0,2.8069782,0.24611398577690125,0.09368836134672165,0.02914079651236534
YPL002C,YGL241W,0,2.806896,0.24547803401947021,0.09368836134672165,0.029240937903523445
YKL175W,YHR082C,0,2.8030221,0.24484536051750183,0.09368836134672165,0.0293410774320364
YNL164C,YMR029C,1,2.802429,0.24678663909435272,0.09467455744743347,0.0293410774320364
YLR395C,YJR082C,0,2.8022213,0.2461538463830948,0.09467455744743347,0.029441216960549355
YIR025W,YMR029C,1,2.8007758,0.24808184802532196,0.0956607460975647,0.029441216960549355
YPR190C,YML132W,0,2.8004098,0.24744898080825806,0.0956607460975647,0.02954135835170746
YLR165C,YLR404W,0,2.799378,0.24681933224201202,0.0956607460975647,0.029641497880220413
YER173W,YPL194W,1,2.7990382,0.24873095750808716,0.09664694219827652,0.029641497880220413
YPR120C,YHR014W,1,2.7968009,0.2506329119205475,0.09763313829898834,0.029641497880220413
YIL134W,YLR440C,0,2.7964938,0.25,0.09763313829898834,0.029741637408733368
YMR054W,YBR095C,0,2.7963278,0.249370276927948,0.09763313829898834,0.029841778799891472
YGL203C,YOL108C,0,2.7954447,0.2487437129020691,0.09763313829898834,0.029941918328404427
YIL106W,YCL061C,1,2.7948978,0.2506265640258789,0.09861932694911957,0.029941918328404427
YGR221C,YMR077C,0,2.787485,0.25,0.09861932694911957,0.03004205971956253
YIR025W,YFL048C,0,2.787122,0.2493765652179718,0.09861932694911957,0.030142199248075485
YOR249C,YKL101W,1,2.7870777,0.2512437701225281,0.09960552304983139,0.030142199248075485
YPL139C,YGL216W,0,2.7868083,0.2506203353404999,0.09960552304983139,0.03024233877658844
YHR058C,YMR075W,0,2.7857594,0.25,0.09960552304983139,0.030342480167746544
YDR168W,YLR310C,1,2.7841773,0.2518518567085266,0.10059171915054321,0.030342480167746544
YMR029C,YPL209C,1,2.781133,0.2536945939064026,0.10157790780067444,0.030342480167746544
YDR389W,YNL298W,0,2.7801762,0.25307124853134155,0.10157790780067444,0.0304426196962595
YNL163C,YMR075W,0,2.776725,0.25245097279548645,0.10157790780067444,0.030542759224772453
YPL256C,YAL041W,1,2.7765892,0.2542787194252014,0.10256410390138626,0.030542759224772453
YDL028C,YJR090C,1,2.7764604,0.25609755516052246,0.10355029255151749,0.030542759224772453
YPL150W,YOR074C,0,2.7760432,0.2554744482040405,0.10355029255151749,0.030642900615930557
YGR113W,YML049C,0,2.7742927,0.25485438108444214,0.10355029255151749,0.030743040144443512
YAL024C,YLR309C,0,2.7741606,0.2542372941970825,0.10355029255151749,0.030843179672956467
YBR271W,YDL035C,0,2.772116,0.25362318754196167,0.10355029255151749,0.03094332106411457
YGL083W,YPL180W,0,2.7717307,0.2530120611190796,0.10355029255151749,0.031043460592627525
YOR324C,YGR185C,0,2.7709687,0.2524038553237915,0.10355029255151749,0.03114360012114048
YOR283W,YMR200W,0,2.7701294,0.2517985701560974,0.10355029255151749,0.031243741512298584
YDR168W,YLR361C,1,2.7688262,0.2535885274410248,0.10453648865222931,0.031243741512298584
YMR179W,YGR134W,0,2.768391,0.25298330187797546,0.10453648865222931,0.03134388104081154
YNL050C,YNL016W,0,2.7669523,0.25238096714019775,0.10453648865222931,0.03144402056932449
YDL028C,YMR269W,0,2.7643435,0.2517814636230469,0.10453648865222931,0.03154416009783745
YBR195C,YGL203C,0,2.7640696,0.2511848211288452,0.10453648865222931,0.0316443033516407
YIL002C,YER101C,0,2.7628467,0.2505910098552704,0.10453648865222931,0.031744442880153656
YJR055W,YKR102W,0,2.760907,0.25,0.10453648865222931,0.03184458240866661
YPR187W,YMR065W,0,2.759723,0.24941176176071167,0.10453648865222931,0.031944721937179565
YKL190W,YCR057C,0,2.759393,0.2488262951374054,0.10453648865222931,0.03204486146569252
YDR137W,YER145C,0,2.7570102,0.2482435554265976,0.10453648865222931,0.03214500471949577
YCR093W,YGL004C,0,2.7562416,0.24766355752944946,0.10453648865222931,0.03224514424800873
YFR045W,YMR172W,0,2.7554734,0.24708624184131622,0.10453648865222931,0.03234528377652168
YBR081C,YMR034C,0,2.7550814,0.24651162326335907,0.10453648865222931,0.03244542330503464
YNL006W,YBR129C,0,2.7548347,0.24593967199325562,0.10453648865222931,0.03254556283354759
YPL151C,YIL035C,0,2.754306,0.24537037312984467,0.10453648865222931,0.03264570236206055
YNL085W,YKL186C,0,2.7540815,0.24480369687080383,0.10453648865222931,0.0327458456158638
YDL128W,YJR063W,0,2.753938,0.24423962831497192,0.10453648865222931,0.032845985144376755
YLL002W,YJL095W,0,2.753001,0.24367816746234894,0.10453648865222931,0.03294612467288971
YGR251W,YJL128C,0,2.7510521,0.2431192696094513,0.10453648865222931,0.033046264201402664
YJL030W,YKL101W,1,2.750728,0.2448512613773346,0.10552268475294113,0.033046264201402664
YGL086W,YJR066W,1,2.7496111,0.24657534062862396,0.10650887340307236,0.033046264201402664
YBL079W,YOR162C,0,2.748621,0.24601367115974426,0.10650887340307236,0.03314640372991562
YJR005W,YLR026C,0,2.7477303,0.2454545497894287,0.10650887340307236,0.03324654698371887
YKL020C,YIL079C,0,2.747012,0.2448979616165161,0.10650887340307236,0.03334668651223183
YDL078C,YBL026W,0,2.7450578,0.24434389173984528,0.10650887340307236,0.03344682604074478
YDR499W,YGL203C,0,2.7449434,0.243792325258255,0.10650887340307236,0.033546965569257736
YPL153C,YKL022C,1,2.7444992,0.2454954981803894,0.10749506950378418,0.033546965569257736
YJR119C,YNL230C,0,2.7440574,0.24494382739067078,0.10749506950378418,0.03364710509777069
YPL122C,YNL262W,0,2.7409146,0.24439461529254913,0.10749506950378418,0.033747244626283646
YML080W,YGL163C,0,2.7394035,0.24384787678718567,0.10749506950378418,0.0338473878800869
YIR025W,YLR016C,0,2.7377522,0.2433035671710968,0.10749506950378418,0.033947527408599854
YCL014W,YJL085W,0,2.7363048,0.24276168644428253,0.10749506950378418,0.03404766693711281
YNL223W,YLL061W,0,2.7362363,0.24222221970558167,0.10749506950378418,0.03414780646562576
YAL047C,YOR229W,1,2.7358375,0.24390244483947754,0.108481265604496,0.03414780646562576
YBR059C,YDR195W,0,2.7345507,0.24336282908916473,0.108481265604496,0.03424794599413872
YLL003W,YOL090W,0,2.7344105,0.24282561242580414,0.108481265604496,0.03434808552265167
YER017C,YGR199W,0,2.734224,0.24229075014591217,0.108481265604496,0.034448228776454926
YHR166C,YIR025W,1,2.7326183,0.2439560443162918,0.10946745425462723,0.034448228776454926
YOR159C,YDR109C,0,2.7323706,0.2434210479259491,0.10946745425462723,0.03454836830496788
YKL175W,YLR145W,0,2.73149,0.242888405919075,0.10946745425462723,0.034648507833480835
YDR457W,YIL177C,0,2.7314749,0.24235807359218597,0.10946745425462723,0.03474864736199379
YDR131C,YLR383W,0,2.7267134,0.24183006584644318,0.10946745425462723,0.034848786890506744
YGL086W,YFL033C,1,2.726135,0.24347825348377228,0.11045365035533905,0.034848786890506744
YJR057W,YDR131C,0,2.7248034,0.24295011162757874,0.11045365035533905,0.03494893014431
YDR146C,YLR386W,0,2.7242196,0.24242424964904785,0.11045365035533905,0.03504906967282295
YNR057C,YBR141C,0,2.7234352,0.24190065264701843,0.11045365035533905,0.03514920920133591
YPR135W,YOL043C,0,2.7230358,0.24137930572032928,0.11045365035533905,0.03524934872984886
YGL158W,YHR066W,0,2.721853,0.2408602088689804,0.11045365035533905,0.035349488258361816
YGL212W,YBR042C,0,2.7210276,0.2403433471918106,0.11045365035533905,0.03544962778687477
YJR005W,YHR059W,0,2.7205226,0.2398286908864975,0.11045365035533905,0.035549771040678024
YNL116W,YPL209C,1,2.7203338,0.24145299196243286,0.11143983900547028,0.035549771040678024
YDR389W,YDR498C,0,2.7200868,0.24093817174434662,0.11143983900547028,0.03564991056919098
YGL172W,YDR109C,0,2.7200077,0.24042552709579468,0.11143983900547028,0.035750050097703934
YKL203C,YOR299W,0,2.7180245,0.23991507291793823,0.11143983900547028,0.03585018962621689
YDR263C,YGL051W,0,2.7175286,0.2394067794084549,0.11143983900547028,0.03595032915472984
YDL127W,YNL172W,1,2.717459,0.24101479351520538,0.1124260351061821,0.03595032915472984
YAL024C,YHL007C,1,2.7134671,0.24261602759361267,0.11341223120689392,0.03595032915472984
YNL164C,YAL041W,1,2.7125013,0.24421052634716034,0.11439841985702515,0.03595032915472984
YER162C,YFL023W,0,2.7124062,0.24369747936725616,0.11439841985702515,0.036050472408533096
YJR057W,YJL085W,0,2.711163,0.2431865781545639,0.11439841985702515,0.03615061193704605
YJL076W,YOL001W,1,2.7108161,0.2447698712348938,0.11538461595773697,0.03615061193704605
YGR271W,YGL019W,0,2.7103024,0.24425886571407318,0.11538461595773697,0.036250751465559006
YLL008W,YLR219W,0,2.7091663,0.24375000596046448,0.11538461595773697,0.03635089099407196
YDR260C,YDR440W,1,2.7084143,0.24532224237918854,0.11637081205844879,0.03635089099407196
YAL024C,YNL127W,1,2.7078955,0.2468879669904709,0.11735700070858002,0.03635089099407196
YJL112W,YNR003C,0,2.7075577,0.24637681245803833,0.11735700070858002,0.036451030522584915
YGR098C,YLR127C,1,2.7060235,0.24793387949466705,0.11834319680929184,0.036451030522584915
YLL003W,YOR089C,0,2.7059479,0.24742268025875092,0.11834319680929184,0.03655117005109787
YGR012W,YDR444W,0,2.704115,0.2469135820865631,0.11834319680929184,0.03665131330490112
YLR314C,YKL074C,0,2.70333,0.24640657007694244,0.11834319680929184,0.03675145283341408
YIL095W,YBR155W,0,2.7029922,0.24590164422988892,0.11834319680929184,0.03685159236192703
YOL010W,YLR314C,0,2.7029102,0.24539877474308014,0.11834319680929184,0.03695173189043999
YKR026C,YJL149W,0,2.7019827,0.2448979616165161,0.11834319680929184,0.03705187141895294
YLR182W,YBR173C,0,2.701782,0.24439918994903564,0.11834319680929184,0.037152014672756195
YEL037C,YLR383W,0,2.6997082,0.24390244483947754,0.11834319680929184,0.03725215420126915
YNL102W,YER137C,0,2.6991835,0.2434077113866806,0.11834319680929184,0.037352293729782104
YLR191W,YJR140C,0,2.698181,0.24291497468948364,0.11834319680929184,0.03745243325829506
YMR239C,YPL208W,0,2.6976495,0.24242424964904785,0.11834319680929184,0.037552572786808014
YDL216C,YDR444W,0,2.697068,0.24193547666072845,0.11834319680929184,0.03765271231532097
YBR155W,YNL335W,0,2.696026,0.24144868552684784,0.11834319680929184,0.03775285556912422
YLR191W,YHR069C,0,2.6958125,0.2409638613462448,0.11834319680929184,0.037852995097637177
YOL070C,YLR316C,0,2.6947794,0.2404809594154358,0.11834319680929184,0.03795313462615013
YNL085W,YOR106W,0,2.6947515,0.23999999463558197,0.11834319680929184,0.038053274154663086
YOR198C,YJR066W,1,2.6944475,0.24151696264743805,0.11932938545942307,0.038053274154663086
YCL061C,YMR168C,1,2.694049,0.24302789568901062,0.12031558156013489,0.038053274154663086
YDR207C,YGL158W,1,2.6932678,0.24453280866146088,0.12130177766084671,0.038053274154663086
YGL004C,YBR141C,0,2.6930702,0.244047611951828,0.12130177766084671,0.03815341368317604
YDR195W,YHR058C,0,2.6910713,0.24356435239315033,0.12130177766084671,0.038253553211688995
YML099C,YLR301W,0,2.6882236,0.24308300018310547,0.12130177766084671,0.03835369646549225
YOR026W,YFR008W,1,2.6881905,0.24457593262195587,0.12228796631097794,0.03835369646549225
YDR229W,YBL068W,0,2.6875532,0.24409449100494385,0.12228796631097794,0.0384538359940052
YHR085W,YJL176C,0,2.687287,0.24361492693424225,0.12228796631097794,0.03855397552251816
YPL127C,YDL084W,0,2.684269,0.24313725531101227,0.12228796631097794,0.03865411505103111
YIR011C,YOL038W,0,2.6838667,0.24266144633293152,0.12228796631097794,0.03875425457954407
YGL086W,YAL016W,1,2.682337,0.244140625,0.12327416241168976,0.03875425457954407
YKL203C,YOR073W,1,2.6820393,0.24561403691768646,0.12426035851240158,0.03875425457954407
YGL050W,YNL262W,0,2.6809623,0.24513618648052216,0.12426035851240158,0.03885439783334732
YER175C,YMR227C,0,2.680565,0.24466019868850708,0.12426035851240158,0.038954537361860275
YML112W,YNL281W,0,2.6804507,0.24418604373931885,0.12426035851240158,0.03905467689037323
YNL107W,YBR128C,0,2.6802819,0.24371373653411865,0.12426035851240158,0.039154816418886185
YIR018W,YER145C,0,2.6793416,0.2432432472705841,0.12426035851240158,0.03925495594739914
YIL080W,YER145C,0,2.6782956,0.24277456104755402,0.12426035851240158,0.039355095475912094
YGL233W,YOL054W,0,2.6782768,0.24230769276618958,0.12426035851240158,0.03945523872971535
YBR278W,YMR238W,0,2.6777008,0.2418426126241684,0.12426035851240158,0.0395553782582283
YDL101C,YMR048W,1,2.67706,0.24329501390457153,0.1252465546131134,0.0395553782582283
YDR254W,YGR276C,0,2.6767335,0.242829829454422,0.1252465546131134,0.03965551778674126
YLR105C,YBR278W,0,2.6762602,0.24236641824245453,0.1252465546131134,0.03975565731525421
YLR215C,YDL127W,1,2.6758893,0.2438095211982727,0.12623274326324463,0.03975565731525421
YJL178C,YMR160W,0,2.675174,0.24334600567817688,0.12623274326324463,0.039855796843767166
YLL029W,YMR075W,0,2.674946,0.24288424849510193,0.12623274326324463,0.03995594009757042
YPL129W,YKL022C,0,2.6743608,0.24242424964904785,0.12623274326324463,0.040056079626083374
YER008C,YJL029C,0,2.6739643,0.24196597933769226,0.12623274326324463,0.04015621915459633
YJR006W,YNL298W,0,2.6738727,0.24150943756103516,0.12623274326324463,0.04025635868310928
YKR008W,YCR026C,0,2.6732721,0.24105460941791534,0.12623274326324463,0.04035649821162224
YBR118W,YGL241W,0,2.6721258,0.24060150980949402,0.12623274326324463,0.04045663774013519
YDR369C,YBR129C,0,2.671917,0.2401500940322876,0.12623274326324463,0.040556780993938446
YNL258C,YOL054W,0,2.6714113,0.23970037698745728,0.12623274326324463,0.0406569205224514
YJL176C,YBR074W,0,2.670749,0.23925234377384186,0.12623274326324463,0.040757060050964355
YMR284W,YDR207C,0,2.6702645,0.23880596458911896,0.12623274326324463,0.04085719957947731
YDL045W-A,YGR246C,0,2.6698596,0.23836126923561096,0.12623274326324463,0.040957339107990265
YOR304W,YGL122C,0,2.6694338,0.2379182130098343,0.12623274326324463,0.04105747863650322
YOR388C,YBL098W,0,2.6683245,0.23747681081295013,0.12623274326324463,0.04115762189030647
YKL007W,YFL057C,0,2.6675298,0.2370370328426361,0.12623274326324463,0.04125776141881943
YER173W,YGR108W,1,2.6665447,0.23844732344150543,0.12721893191337585,0.04125776141881943
YCL024W,YOR148C,0,2.6645648,0.23800738155841827,0.12721893191337585,0.04135790094733238
YOR147W,YKR002W,0,2.6642966,0.23756906390190125,0.12721893191337585,0.04145804047584534
YJL187C,YOR178C,1,2.6642911,0.2389705926179886,0.12820513546466827,0.04145804047584534
YCR093W,YJR140C,0,2.6635559,0.23853211104869843,0.12820513546466827,0.04155818000435829
YLR386W,YGR229C,0,2.6603692,0.2380952388048172,0.12820513546466827,0.041658323258161545
YDR159W,YBR243C,0,2.6596425,0.23765996098518372,0.12820513546466827,0.0417584627866745
YJR031C,YNL092W,0,2.6580164,0.23722627758979797,0.12820513546466827,0.041858602315187454
YOR106W,YBR042C,0,2.657768,0.23679417371749878,0.12820513546466827,0.04195874184370041
YDR159W,YIL042C,0,2.6572292,0.23636363446712494,0.12820513546466827,0.042058881372213364
YML112W,YPL196W,0,2.6569037,0.23593465983867645,0.12820513546466827,0.04215902090072632
YJR140C,YGL113W,0,2.6564567,0.23550724983215332,0.12820513546466827,0.04225916415452957
YIL159W,YML052W,0,2.6536262,0.23508137464523315,0.12820513546466827,0.042359303683042526
YBR173C,YMR240C,0,2.65355,0.23465703427791595,0.12820513546466827,0.04245944321155548
YGL209W,YBR276C,0,2.6534371,0.23423422873020172,0.12820513546466827,0.042559582740068436
YJR107W,YMR240C,0,2.6525228,0.23381294310092926,0.12820513546466827,0.04265972226858139
YIL128W,YMR176W,0,2.6521702,0.23339317739009857,0.12820513546466827,0.042759865522384644
YLR389C,YGL216W,0,2.6507523,0.23297491669654846,0.12820513546466827,0.0428600050508976
YIL108W,YKR028W,0,2.6479082,0.23255814611911774,0.12820513546466827,0.04296014457941055
YGL212W,YOR340C,0,2.6479063,0.2321428507566452,0.12820513546466827,0.04306028410792351
YJL112W,YNL290W,0,2.6474338,0.23172906041145325,0.12820513546466827,0.04316042363643646
YJL140W,YMR099C,0,2.647061,0.2313167303800583,0.12820513546466827,0.04326056316494942
YML097C,YOR180C,0,2.6466587,0.23090586066246033,0.12820513546466827,0.04336070641875267
YER101C,YNL032W,0,2.6466544,0.23049645125865936,0.12820513546466827,0.043460845947265625
YJR149W,YHR077C,0,2.6461847,0.2300885021686554,0.12820513546466827,0.04356098547577858
YDR328C,YOL113W,1,2.646057,0.23144876956939697,0.1291913241147995,0.04356098547577858
YCR030C,YDR240C,0,2.6441672,0.2310405671596527,0.1291913241147995,0.043661125004291534
YLR009W,YNR018W,0,2.6433494,0.23063381016254425,0.1291913241147995,0.04376126453280449
YER089C,YML027W,1,2.6433446,0.231985941529274,0.13017751276493073,0.04376126453280449
YDR151C,YGL060W,0,2.6427429,0.23157894611358643,0.13017751276493073,0.04386140778660774
YML064C,YHR158C,1,2.6426024,0.2329246997833252,0.13116370141506195,0.04386140778660774
YKR071C,YKL119C,0,2.6413474,0.23251748085021973,0.13116370141506195,0.0439615473151207
YPR187W,YGL233W,0,2.640969,0.23211169242858887,0.13116370141506195,0.04406168684363365
YMR168C,YDR306C,0,2.6406562,0.23170731961727142,0.13116370141506195,0.044161826372146606
YNR018W,YNL182C,0,2.6400988,0.2313043475151062,0.13116370141506195,0.04426196590065956
YLR191W,YBR155W,0,2.639932,0.2309027761220932,0.13116370141506195,0.044362105429172516
YGL050W,YOR338W,0,2.6396308,0.23050260543823242,0.13116370141506195,0.04446224868297577
YEL037C,YOR338W,0,2.6391313,0.23010380566120148,0.13116370141506195,0.044562388211488724
YOR216C,YOR123C,0,2.6388586,0.22970639169216156,0.13116370141506195,0.04466252774000168
YER173W,YJL076W,1,2.6372182,0.23103448748588562,0.13214990496635437,0.04466252774000168
YMR049C,YDR416W,0,2.6367373,0.2306368350982666,0.13214990496635437,0.04476266726851463
YLR285W,YHR079C,0,2.6366494,0.23024055361747742,0.13214990496635437,0.04486280679702759
YBR195C,YKL189W,0,2.636616,0.22984562814235687,0.13214990496635437,0.04496294632554054
YAL017W,YKR028W,0,2.6363397,0.22945205867290497,0.13214990496635437,0.045063089579343796
YNL289W,YOR119C,1,2.6362414,0.23076923191547394,0.1331360936164856,0.045063089579343796
YNL172W,YIL108W,0,2.635875,0.23037542402744293,0.1331360936164856,0.04516322910785675
YBR172C,YNR015W,0,2.6356065,0.22998295724391937,0.1331360936164856,0.045263368636369705
YER017C,YLR024C,0,2.6354315,0.22959183156490326,0.1331360936164856,0.04536350816488266
YDR389W,YBL079W,0,2.6345854,0.2292020320892334,0.1331360936164856,0.045463647693395615
YKL203C,YMR055C,1,2.6345603,0.2305084764957428,0.13412228226661682,0.045463647693395615
YGR246C,YDR332W,0,2.6338174,0.23011843860149384,0.13412228226661682,0.04556379094719887
YKL161C,YDL225W,0,2.6328783,0.22972972691059113,0.13412228226661682,0.04566393047571182
YJL005W,YMR218C,0,2.631932,0.22934232652187347,0.13412228226661682,0.04576407000422478
YGL241W,YIR005W,0,2.631708,0.2289562225341797,0.13412228226661682,0.04586420953273773
YHR079C,YBR061C,0,2.631459,0.22857142984867096,0.13412228226661682,0.04596434906125069
YMR036C,YJL194W,1,2.6297724,0.22986577451229095,0.13510848581790924,0.04596434906125069
YGR167W,YBL026W,0,2.6288774,0.22948074340820312,0.13510848581790924,0.04606448858976364
YMR078C,YOR261C,0,2.6286204,0.22909699380397797,0.13510848581790924,0.046164631843566895
YNL084C,YIL159W,0,2.6285312,0.22871452569961548,0.13510848581790924,0.04626477137207985
YCL061C,YPL194W,1,2.6277368,0.23000000417232513,0.13609467446804047,0.04626477137207985
YKL203C,YKL022C,1,2.6276891,0.23128119111061096,0.1370808631181717,0.04626477137207985
YNL127W,YNR003C,0,2.6267626,0.23089700937271118,0.1370808631181717,0.046364910900592804
YLR080W,YMR172W,0,2.6263235,0.23051409423351288,0.1370808631181717,0.04646505042910576
YKL013C,YMR179W,0,2.6259947,0.23013244569301605,0.1370808631181717,0.04656518995761871
YEL053C,YGL190C,0,2.6258,0.2297520637512207,0.1370808631181717,0.04666533321142197
YKR055W,YGL203C,0,2.625391,0.22937293350696564,0.1370808631181717,0.04676547273993492
YGR216C,YKL022C,0,2.624441,0.22899505496025085,0.1370808631181717,0.046865612268447876
YPR083W,YJR103W,0,2.623656,0.22861842811107635,0.1370808631181717,0.04696575179696083
YJR107W,YKL144C,0,2.6234457,0.22824302315711975,0.1370808631181717,0.047065891325473785
YGR255C,YOR313C,0,2.6209538,0.22786885499954224,0.1370808631181717,0.04716603085398674
YDR309C,YBR136W,1,2.620755,0.22913256287574768,0.1380670666694641,0.04716603085398674
YMR168C,YNL298W,1,2.6206863,0.23039215803146362,0.13905325531959534,0.04716603085398674
YDL107W,YDR173C,0,2.61926,0.2300163060426712,0.13905325531959534,0.04726617410778999
YNL289W,YBR136W,1,2.6191485,0.23127035796642303,0.14003944396972656,0.04726617410778999
YNL027W,YBL089W,0,2.6191442,0.2308943122625351,0.14003944396972656,0.04736631363630295
YHR166C,YHR153C,1,2.6187913,0.2321428507566452,0.14102564752101898,0.04736631363630295
YDR196C,YGL190C,0,2.6178973,0.23176661133766174,0.14102564752101898,0.0474664531648159
YDR151C,YLL043W,0,2.6173642,0.23139157891273499,0.14102564752101898,0.04756659269332886
YBR002C,YGR216C,0,2.616587,0.23101776838302612,0.14102564752101898,0.04766673222184181
YDL107W,YOR085W,0,2.6164627,0.23064516484737396,0.14102564752101898,0.047766875475645065
YDR411C,YNL010W,0,2.6139057,0.2302737534046173,0.14102564752101898,0.04786701500415802
YNL147W,YKL085W,0,2.612323,0.22990353405475616,0.14102564752101898,0.047967154532670975
YOR142W,YGR239C,0,2.6116517,0.22953450679779053,0.14102564752101898,0.04806729406118393
YHR166C,YAL016W,1,2.6111534,0.23076923191547394,0.1420118361711502,0.04806729406118393
YBR243C,YOR353C,0,2.6104822,0.2303999960422516,0.1420118361711502,0.048167433589696884
YPL127C,YJR032W,0,2.607898,0.23003195226192474,0.1420118361711502,0.04826757311820984
YDR423C,YDL015C,0,2.6073134,0.22966507077217102,0.1420118361711502,0.04836771637201309
YDR440W,YDR499W,1,2.6049345,0.23089171946048737,0.14299802482128143,0.04836771637201309
YGR056W,YHR060W,0,2.6041162,0.23052464425563812,0.14299802482128143,0.04846785590052605
YML097C,YPL129W,0,2.6041028,0.230158731341362,0.14299802482128143,0.048567995429039
YOR279C,YJL095W,0,2.6035533,0.229793980717659,0.14299802482128143,0.048668134957551956
YPL127C,YOR168W,0,2.602973,0.22943037748336792,0.14299802482128143,0.04876827448606491
YDR303C,YDR440W,1,2.6018355,0.2306477129459381,0.14398421347141266,0.04876827448606491
YMR270C,YDR364C,0,2.6006408,0.2302839159965515,0.14398421347141266,0.048868414014577866
YLR316C,YMR075W,0,2.6004975,0.22992126643657684,0.14398421347141266,0.04896855726838112
YDL127W,YOR244W,1,2.6000063,0.23113207519054413,0.14497041702270508,0.04896855726838112
YFR027W,YOL113W,1,2.5998542,0.23233908414840698,0.1459566056728363,0.04896855726838112
YJL225C,YJR032W,0,2.5994482,0.23197491466999054,0.1459566056728363,0.049068696796894073
YLR314C,YDR285W,0,2.5969589,0.23161189258098602,0.1459566056728363,0.04916883632540703
YGL083W,YNL271C,0,2.5968704,0.23125000298023224,0.1459566056728363,0.04926897585391998
YMR179W,YHR057C,0,2.596079,0.230889230966568,0.1459566056728363,0.04936911538243294
YPL196W,YJL176C,0,2.5956092,0.23052959144115448,0.1459566056728363,0.04946925863623619
YDL217C,YBR274W,0,2.5954974,0.2301710695028305,0.1459566056728363,0.049569398164749146
YDR168W,YBR160W,1,2.5943654,0.23136645555496216,0.14694279432296753,0.049569398164749146
YDL217C,YNL230C,0,2.5941968,0.23100775480270386,0.14694279432296753,0.0496695376932621
YPR075C,YCR033W,1,2.5923288,0.23219814896583557,0.14792899787425995,0.0496695376932621
YAL041W,YFR027W,1,2.5916183,0.2333848476409912,0.14891518652439117,0.0496695376932621
YDR283C,YBL088C,1,2.5913355,0.23456789553165436,0.1499013751745224,0.0496695376932621
YBR158W,YKR072C,1,2.5899858,0.2357473075389862,0.15088757872581482,0.0496695376932621
YGR098C,YLR288C,1,2.5898733,0.23692308366298676,0.15187376737594604,0.0496695376932621
YKL082C,YKL203C,0,2.5897048,0.23655913770198822,0.15187376737594604,0.049769677221775055
YBR155W,YCL008C,0,2.5888062,0.23619632422924042,0.15187376737594604,0.04986981675028801
YNL006W,YBL034C,0,2.5871673,0.23583461344242096,0.15187376737594604,0.049969956278800964
YBR059C,YCL014W,0,2.587003,0.23547400534152985,0.15187376737594604,0.05007009953260422
YKL203C,YOR119C,1,2.5869615,0.23664122819900513,0.15285995602607727,0.05007009953260422
YJL112W,YNR018W,0,2.5849726,0.23628048598766327,0.15285995602607727,0.05017023906111717
YPL002C,YDR472W,0,2.5833166,0.23592084646224976,0.15285995602607727,0.05027037858963013
YPR024W,YGR179C,0,2.5831063,0.2355623096227646,0.15285995602607727,0.05037051811814308
YNL084C,YER115C,0,2.5822392,0.23520486056804657,0.15285995602607727,0.050470657646656036
YFR031C,YIR039C,0,2.5816836,0.2348484843969345,0.15285995602607727,0.05057080090045929
YIL021W,YPL096W,0,2.5814445,0.2344931960105896,0.15285995602607727,0.050670940428972244
YPR135W,YGL220W,0,2.5812252,0.23413896560668945,0.15285995602607727,0.0507710799574852
YNL016W,YPL244C,0,2.5804574,0.23378582298755646,0.15285995602607727,0.050871219485998154
YPL180W,YJR133W,0,2.5804093,0.23343373835086823,0.15285995602607727,0.05097135901451111
YAL047C,YKR072C,1,2.5803106,0.2345864623785019,0.1538461595773697,0.05097135901451111
YDR030C,YGL220W,0,2.5795906,0.23423422873020172,0.1538461595773697,0.05107149854302406
YPR120C,YGL194C,1,2.5795214,0.2353823035955429,0.15483234822750092,0.05107149854302406
YCL036W,YBR278W,0,2.5785646,0.235029935836792,0.15483234822750092,0.051171641796827316
YNL008C,YOL093W,0,2.5771334,0.23467862606048584,0.15483234822750092,0.05127178132534027
YPR167C,YLR028C,0,2.5747967,0.23432835936546326,0.15483234822750092,0.051371920853853226
YOR168W,YDR109C,0,2.5747945,0.23397913575172424,0.15483234822750092,0.05147206038236618
YIL061C,YPL129W,0,2.5739484,0.2336309552192688,0.15483234822750092,0.051572199910879135
YLR020C,YKR101W,0,2.571661,0.23328380286693573,0.15483234822750092,0.05167233943939209
YDL008W,YPL209C,1,2.5707395,0.23442137241363525,0.15581853687763214,0.05167233943939209
YOR274W,YGL010W,0,2.5703487,0.23407407104969025,0.15581853687763214,0.05177248269319534
YKR019C,YPR135W,0,2.569145,0.2337278127670288,0.15581853687763214,0.0518726222217083
YHR209W,YIL035C,0,2.5691078,0.23338256776332855,0.15581853687763214,0.05197276175022125
YKR019C,YNL147W,0,2.5679862,0.23303835093975067,0.15581853687763214,0.05207290127873421
YML097C,YNL304W,0,2.567743,0.23269513249397278,0.15581853687763214,0.05217304080724716
YBR195C,YOL108C,0,2.5673048,0.23235294222831726,0.15581853687763214,0.052273184061050415
YDL132W,YBL084C,1,2.5672882,0.23348017036914825,0.15680474042892456,0.052273184061050415
YLL003W,YFL013C,0,2.5669918,0.2331378310918808,0.15680474042892456,0.05237332358956337
YAL022C,YER162C,0,2.5658214,0.23279649019241333,0.15680474042892456,0.052473463118076324
YKR036C,YGL220W,0,2.5655987,0.23245614767074585,0.15680474042892456,0.05257360264658928
YER008C,YNR013C,0,2.5646276,0.23211678862571716,0.15680474042892456,0.052673742175102234
YMR168C,YPL209C,1,2.56444,0.2332361489534378,0.1577909290790558,0.052673742175102234
YGR221C,YDL039C,0,2.5643709,0.23289665579795837,0.1577909290790558,0.05277388170361519
YOR368W,YBL056W,1,2.562898,0.23401163518428802,0.158777117729187,0.05277388170361519
YOL066C,YJL192C,0,2.5628312,0.23367199301719666,0.158777117729187,0.05287402495741844
YIL142W,YER115C,0,2.5622299,0.23333333432674408,0.158777117729187,0.052974164485931396
YDL142C,YGR238C,0,2.5615413,0.2329956591129303,0.158777117729187,0.05307430401444435
YMR218C,YJR140C,0,2.5610342,0.23265895247459412,0.158777117729187,0.053174443542957306
YLR248W,YKR072C,1,2.5597637,0.23376622796058655,0.15976330637931824,0.053174443542957306
YJL047C,YLR079W,1,2.5593832,0.2348703145980835,0.16074950993061066,0.053174443542957306
YGR258C,YEL062W,0,2.5592532,0.23453237116336823,0.16074950993061066,0.05327458307147026
YOR180C,YMR099C,0,2.559003,0.23419539630413055,0.16074950993061066,0.053374726325273514
YCL036W,YNL304W,0,2.5578642,0.23385939002037048,0.16074950993061066,0.05347486585378647
YKR101W,YDR260C,0,2.5573983,0.233524352312088,0.16074950993061066,0.05357500538229942
YNL335W,YLR145W,0,2.55734,0.23319026827812195,0.16074950993061066,0.05367514491081238
YOR239W,YGR229C,0,2.5571125,0.2328571379184723,0.16074950993061066,0.05377528443932533
YBL058W,YLR383W,0,2.555975,0.23252496123313904,0.16074950993061066,0.05387542396783829
YIL042C,YBR257W,0,2.55565,0.2321937382221222,0.16074950993061066,0.05397556722164154
YJR004C,YLL008W,0,2.5554812,0.23186343908309937,0.16074950993061066,0.054075706750154495
YJL011C,YBR080C,0,2.5551255,0.23153409361839294,0.16074950993061066,0.05417584627866745
YML049C,YPR152C,0,2.5549529,0.23120567202568054,0.16074950993061066,0.054275985807180405
YOR159C,YER104W,0,2.5549254,0.23087818920612335,0.16074950993061066,0.05437612533569336
YOR291W,YJR032W,0,2.5529053,0.23055163025856018,0.16074950993061066,0.05447626858949661
YDR260C,YNL068C,1,2.552432,0.23163841664791107,0.16173569858074188,0.05447626858949661
YPL139C,YJR140C,0,2.5508702,0.23131170868873596,0.16173569858074188,0.05457640811800957
YIL128W,YDR457W,0,2.5506954,0.23098590970039368,0.16173569858074188,0.05467654764652252
YDR371W,YCR057C,0,2.5506775,0.2306610345840454,0.16173569858074188,0.05477668717503548
YDL134C,YNL161W,1,2.550595,0.23174157738685608,0.1627218872308731,0.05477668717503548
YJR092W,YMR176W,0,2.549878,0.23141655325889587,0.1627218872308731,0.05487682670354843
YMR160W,YJL206C,0,2.5491624,0.2310924381017685,0.1627218872308731,0.054976966232061386
YOR119C,YDR309C,1,2.548971,0.2321678251028061,0.16370809078216553,0.054976966232061386
YMR052W,YNL298W,1,2.548404,0.23324021697044373,0.16469427943229675,0.054976966232061386
YNL080C,YOL108C,0,2.5480373,0.23291492462158203,0.16469427943229675,0.05507710948586464
YDL029W,YGL244W,0,2.5476017,0.23259052634239197,0.16469427943229675,0.055177249014377594
YBR195C,YJR130C,0,2.5445254,0.23226703703403473,0.16469427943229675,0.05527738854289055
YOR209C,YJL176C,0,2.544391,0.23194444179534912,0.16469427943229675,0.0553775280714035
YGL134W,YLR310C,1,2.5438783,0.2330097109079361,0.16568046808242798,0.0553775280714035
YPR043W,YJL149W,0,2.543322,0.23268698155879974,0.16568046808242798,0.05547766759991646
YBR103W,YLR238W,1,2.543144,0.23374827206134796,0.1666666716337204,0.05547766759991646
YNL102W,YNL258C,0,2.5431228,0.23342540860176086,0.1666666716337204,0.05557780712842941
YLR107W,YCL032W,0,2.5430439,0.2331034541130066,0.1666666716337204,0.055677950382232666
YDL028C,YBR103W,1,2.542461,0.23415978252887726,0.16765286028385162,0.055677950382232666
YDR303C,YNL161W,1,2.5417278,0.23521320521831512,0.16863904893398285,0.055677950382232666
YKL020C,YLR278C,0,2.5413733,0.23489010334014893,0.16863904893398285,0.05577808991074562
YHR060W,YOL111C,0,2.541199,0.23456789553165436,0.16863904893398285,0.055878229439258575
YJR138W,YGR222W,0,2.5411885,0.23424658179283142,0.16863904893398285,0.05597836896777153
YPR111W,YMR054W,0,2.5411842,0.23392613232135773,0.16863904893398285,0.056078508496284485
YFL033C,YLR238W,1,2.5406651,0.23497267067432404,0.16962525248527527,0.056078508496284485
YDL101C,YBR156C,1,2.54024,0.2360163778066635,0.1706114411354065,0.056078508496284485
YBR118W,YDR332W,0,2.5386918,0.23569482564926147,0.1706114411354065,0.05617865175008774
YPL150W,YMR075W,0,2.5364463,0.23537415266036987,0.1706114411354065,0.05627879127860069
YJR055W,YBR274W,0,2.5346315,0.23505434393882751,0.1706114411354065,0.05637893080711365
YPR190C,YOL107W,0,2.534228,0.2347354143857956,0.1706114411354065,0.0564790703356266
YOR198C,YMR135C,1,2.5341508,0.23577235639095306,0.17159762978553772,0.0564790703356266
YOR324C,YMR213W,0,2.5340602,0.23545332252979279,0.17159762978553772,0.05657920986413956
YIL128W,YDR146C,0,2.53395,0.23513513803482056,0.17159762978553772,0.05667934939265251
YBR115C,YMR065W,0,2.5329742,0.23481781780719757,0.17159762978553772,0.056779492646455765
YMR227C,YEL062W,0,2.5324903,0.23450134694576263,0.17159762978553772,0.05687963217496872
YBR081C,YOR138C,0,2.5320413,0.23418574035167694,0.17159762978553772,0.056979771703481674
YLR314C,YEL062W,0,2.5319066,0.2338709682226181,0.17159762978553772,0.05707991123199463
YMR179W,YOR123C,0,2.5318098,0.23355704545974731,0.17159762978553772,0.057180050760507584
YDR263C,YNR010W,0,2.5313485,0.23324397206306458,0.17159762978553772,0.05728019401431084
YOL112W,YJR112W,0,2.531099,0.2329317331314087,0.17159762978553772,0.05738033354282379
YKL119C,YMR137C,0,2.5310662,0.23262031376361847,0.17159762978553772,0.057480473071336746
YDR351W,YKL144C,0,2.5296342,0.2323097437620163,0.17159762978553772,0.0575806125998497
YGL094C,YJL029C,0,2.5294685,0.23199999332427979,0.17159762978553772,0.057680752128362656
YNL016W,YDR195W,0,2.5288255,0.23169107735157013,0.17159762978553772,0.05778089165687561
YLL029W,YGL233W,0,2.5288043,0.23138298094272614,0.17159762978553772,0.057881034910678864
YLR183C,YKL166C,0,2.5279896,0.2310757040977478,0.17159762978553772,0.05798117443919182
YMR269W,YJL029C,0,2.5278175,0.23076923191547394,0.17159762978553772,0.05808131396770477
YNL153C,YGR252W,0,2.527455,0.23046357929706573,0.17159762978553772,0.05818145349621773
YKR036C,YMR246W,0,2.527372,0.230158731341362,0.17159762978553772,0.05828159302473068
YGR098C,YNL068C,1,2.5269706,0.23117569088935852,0.17258383333683014,0.05828159302473068
YGL190C,YPL256C,1,2.5268128,0.23218996822834015,0.17357002198696136,0.05828159302473068
YNL161W,YLR321C,1,2.526496,0.23320157825946808,0.1745562106370926,0.05828159302473068
YLR206W,YPL208W,0,2.5254483,0.23289473354816437,0.1745562106370926,0.058381736278533936
YJL090C,YIL050W,1,2.5243704,0.23390275239944458,0.17554239928722382,0.058381736278533936
YDL008W,YDR499W,1,2.5242589,0.23490813374519348,0.17652860283851624,0.058381736278533936
YOR025W,YLR153C,0,2.5221858,0.2346002608537674,0.17652860283851624,0.05848187580704689
YJR032W,YIR032C,0,2.5212512,0.23429319262504578,0.17652860283851624,0.058582015335559845
YBR170C,YJL081C,0,2.5208654,0.23398692905902863,0.17652860283851624,0.0586821548640728
YFR001W,YHR168W,0,2.5197873,0.23368145525455475,0.17652860283851624,0.058782294392585754
YER013W,YOR327C,0,2.5195582,0.23337678611278534,0.17652860283851624,0.05888243392109871
YMR033W,YGR134W,0,2.5188532,0.2330729216337204,0.17652860283851624,0.05898257717490196
YIL046W,YDR195W,0,2.5186267,0.23276983201503754,0.17652860283851624,0.05908271670341492
YBR177C,YMR065W,0,2.5182617,0.23246753215789795,0.17652860283851624,0.05918285623192787
YOR209C,YGR179C,0,2.5181677,0.23216602206230164,0.17652860283851624,0.059282995760440826
YFR036W,YLR145W,0,2.5179598,0.2318652868270874,0.17652860283851624,0.05938313528895378
YOR324C,YLR321C,0,2.5171192,0.23156532645225525,0.17652860283851624,0.059483274817466736
YLR182W,YHR082C,0,2.5167563,0.23126615583896637,0.17652860283851624,0.05958341807126999
YMR055C,YGL086W,1,2.51632,0.23225806653499603,0.17751479148864746,0.05958341807126999
YLR079W,YFR028C,1,2.5159388,0.23324742913246155,0.1785009801387787,0.05958341807126999
YDR099W,YOR351C,1,2.5157914,0.23423422873020172,0.1794871836900711,0.05958341807126999
YBL052C,YNL080C,0,2.51567,0.23393316566944122,0.1794871836900711,0.059683557599782944
YOR299W,YIL035C,0,2.5155804,0.2336328625679016,0.1794871836900711,0.0597836971282959
YDL078C,YNL258C,0,2.5155022,0.23333333432674408,0.1794871836900711,0.05988383665680885
YMR005W,YDL054C,0,2.515103,0.23303456604480743,0.1794871836900711,0.05998397618532181
YNR015W,YBR074W,0,2.5138104,0.23273657262325287,0.1794871836900711,0.06008411943912506
YHR132C,YNL262W,0,2.51285,0.2324393391609192,0.1794871836900711,0.060184258967638016
YKR055W,YHR058C,0,2.5125895,0.2321428507566452,0.1794871836900711,0.06028439849615097
YNL271C,YJL187C,0,2.5121317,0.2318471372127533,0.1794871836900711,0.060384538024663925
YMR013C,YNL262W,0,2.5108669,0.23155216872692108,0.1794871836900711,0.06048467755317688
YCR093W,YDR416W,0,2.5108235,0.23125794529914856,0.1794871836900711,0.060584817081689835
YOR368W,YLR361C,1,2.5107086,0.23223350942134857,0.18047337234020233,0.060584817081689835
YIL031W,YML027W,1,2.510525,0.2332065850496292,0.18145956099033356,0.060584817081689835
YGL186C,YPL002C,0,2.508731,0.2329113930463791,0.18145956099033356,0.06068496033549309
YKL090W,YOL112W,0,2.5087087,0.23261694610118866,0.18145956099033356,0.06078509986400604
YBL056W,YJL187C,1,2.5085435,0.23358586430549622,0.18244576454162598,0.06078509986400604
YBR081C,YDR109C,0,2.50711,0.23329129815101624,0.18244576454162598,0.060885239392519
YKR019C,YDR499W,0,2.5063193,0.23299747705459595,0.18244576454162598,0.06098537892103195
YBR080C,YJR140C,0,2.5058863,0.23270440101623535,0.18244576454162598,0.06108551844954491
YBR182C,YLR309C,0,2.505574,0.23241205513477325,0.18244576454162598,0.06118566170334816
YNL273W,YBR287W,0,2.5052857,0.23212045431137085,0.18244576454162598,0.061285801231861115
YNL172W,YIL079C,0,2.5052826,0.23182956874370575,0.18244576454162598,0.06138594076037407
YIL035C,YDR109C,0,2.504272,0.23153942823410034,0.18244576454162598,0.061486080288887024
YNL147W,YCR026C,0,2.5025008,0.23125000298023224,0.18244576454162598,0.06158621981739998
YBL056W,YFR008W,1,2.502301,0.23220974206924438,0.1834319531917572,0.06158621981739998
YJR082C,YOR327C,0,2.5022027,0.23192019760608673,0.1834319531917572,0.06168635934591293
YIL134W,YGR252W,0,2.5004997,0.23163138329982758,0.1834319531917572,0.061786502599716187
YMR078C,YJL192C,0,2.4998457,0.23134328424930573,0.1834319531917572,0.06188664212822914
YER175C,YNL147W,0,2.499374,0.23105590045452118,0.1834319531917572,0.061986781656742096
YDR473C,YOR251C,0,2.4993515,0.23076923191547394,0.1834319531917572,0.06208692118525505
YNL281W,YKL201C,0,2.499219,0.230483278632164,0.1834319531917572,0.062187060713768005
YOR287C,YJR053W,0,2.4986558,0.23019802570343018,0.1834319531917572,0.06228720024228096
YJR127C,YJL171C,0,2.4972138,0.22991347312927246,0.1834319531917572,0.06238734349608421
YOR283W,YOR138C,0,2.4971912,0.22962963581085205,0.1834319531917572,0.06248748302459717
YMR176W,YBL079W,0,2.4971473,0.22934648394584656,0.1834319531917572,0.06258762627840042
YER013W,YOR074C,0,2.496361,0.22906403243541718,0.1834319531917572,0.06268776208162308
YMR097C,YHR058C,0,2.4961786,0.2287822812795639,0.1834319531917572,0.06278790533542633
YER008C,YFL048C,0,2.4958668,0.22850123047828674,0.1834319531917572,0.06288804113864899
YJL011C,YJR004C,0,2.495743,0.2282208651304245,0.1834319531917572,0.06298818439245224
YPL127C,YBR187W,0,2.4956257,0.22794117033481598,0.1834319531917572,0.0630883201956749
YIR025W,YMR048W,1,2.4955924,0.2288861721754074,0.18441814184188843,0.0630883201956749
YLR165C,YDR170C,0,2.495137,0.22860635817050934,0.18441814184188843,0.06318846344947815
YJR010W,YFR036W,0,2.4951317,0.22832722961902618,0.18441814184188843,0.0632886067032814
YDL028C,YJL029C,0,2.493722,0.22804878652095795,0.18441814184188843,0.06338874250650406
YNL117W,YGR084C,0,2.493349,0.22777101397514343,0.18441814184188843,0.06348888576030731
YML071C,YDR392W,0,2.492363,0.22749391198158264,0.18441814184188843,0.06358902156352997
YPR162C,YMR296C,0,2.4921405,0.22721749544143677,0.18441814184188843,0.06368916481733322
YDR146C,YBL068W,0,2.492074,0.22694174945354462,0.18441814184188843,0.06378930807113647
YML080W,YKL015W,0,2.4907758,0.2266666740179062,0.18441814184188843,0.06388944387435913
YDR454C,YIL006W,0,2.4905348,0.2263922542333603,0.18441814184188843,0.06398958712816238
YDL121C,YPL163C,0,2.4894876,0.22611850500106812,0.18441814184188843,0.06408972293138504
YJR057W,YLL043W,0,2.4878476,0.22584541141986847,0.18441814184188843,0.0641898661851883
YJR053W,YFL013C,0,2.4872591,0.22557297348976135,0.18441814184188843,0.06429000943899155
YNL289W,YJL047C,1,2.4853358,0.22650602459907532,0.18540434539318085,0.06429000943899155
YDL206W,YNR003C,0,2.4846547,0.22623345255851746,0.18540434539318085,0.0643901452422142
YPL151C,YMR005W,0,2.4831386,0.22596153616905212,0.18540434539318085,0.06449028849601746
YJR083C,YKL203C,0,2.4830737,0.22569027543067932,0.18540434539318085,0.06459042429924011
YNL223W,YDL070W,0,2.4828503,0.22541967034339905,0.18540434539318085,0.06469056755304337
YPR111W,YLR129W,0,2.4811294,0.2251497060060501,0.18540434539318085,0.06479070335626602
YKL182W,YPR030W,0,2.4790494,0.2248803824186325,0.18540434539318085,0.06489084661006927
YNL219C,YFL023W,0,2.4787204,0.22461171448230743,0.18540434539318085,0.06499098986387253
YGL083W,YDL111C,0,2.4777794,0.2243436723947525,0.18540434539318085,0.06509112566709518
YJL087C,YPR200C,0,2.4772868,0.2240762859582901,0.18540434539318085,0.06519126892089844
YNR015W,YDR364C,0,2.4762988,0.22380952537059784,0.18540434539318085,0.0652914047241211
YOL057W,YNR015W,0,2.4755692,0.22354340553283691,0.18540434539318085,0.06539154797792435
YML112W,YKL085W,0,2.4755042,0.22327791154384613,0.18540434539318085,0.0654916912317276
YDL142C,YNL102W,0,2.4752834,0.2230130434036255,0.18540434539318085,0.06559182703495026
YOL090W,YDR222W,0,2.474909,0.22274881601333618,0.18540434539318085,0.06569197028875351
YDR168W,YDL165W,1,2.474614,0.22366863489151,0.18639053404331207,0.06569197028875351
YNL127W,YFL023W,0,2.4743125,0.22340425848960876,0.18639053404331207,0.06579210609197617
YBR223C,YDR260C,0,2.474076,0.22314049303531647,0.18639053404331207,0.06589224934577942
YIL132C,YML056C,0,2.4739695,0.2228773534297943,0.18639053404331207,0.06599239259958267
YDR472W,YFL013C,0,2.473616,0.2226148396730423,0.18639053404331207,0.06609252840280533
YBR095C,YPR091C,0,2.4734364,0.22235293686389923,0.18639053404331207,0.06619267165660858
YJL194W,YLR309C,0,2.4732058,0.2220916599035263,0.18639053404331207,0.06629280745983124
YNL267W,YKR102W,0,2.4718697,0.22183097898960114,0.18639053404331207,0.06639295071363449
YNL153C,YOL102C,0,2.4716513,0.2215709239244461,0.18639053404331207,0.06649309396743774
YOR304C-A,YGR118W,0,2.4712176,0.22131147980690002,0.18639053404331207,0.0665932297706604
YGR012W,YLR016C,0,2.4711766,0.2210526317358017,0.18639053404331207,0.06669337302446365
YMR078C,YPL082C,0,2.470606,0.22079439461231232,0.18639053404331207,0.06679350882768631
YFR031C,YJL128C,0,2.467508,0.2205367535352707,0.18639053404331207,0.06689365208148956
YLL004W,YGL190C,0,2.4667053,0.220279723405838,0.18639053404331207,0.06699378788471222
YDR211W,YDR140W,0,2.4662054,0.2200232893228531,0.18639053404331207,0.06709393113851547
YPL002C,YGL174W,0,2.4643528,0.21976743638515472,0.18639053404331207,0.06719407439231873
YKL206C,YGL233W,0,2.4639337,0.2195121943950653,0.18639053404331207,0.06729421019554138
YDR517W,YKL101W,1,2.4631486,0.22041763365268707,0.1873767226934433,0.06729421019554138
YAR019C,YBL084C,1,2.4630926,0.2213209718465805,0.18836292624473572,0.06729421019554138
YGR188C,YHR152W,1,2.4625335,0.2222222238779068,0.18934911489486694,0.06729421019554138
YIL170W,YBR141C,0,2.4624388,0.22196531295776367,0.18934911489486694,0.06739435344934464
YPL256C,YJL013C,1,2.4621751,0.22286374866962433,0.19033530354499817,0.06739435344934464
YAL022C,YPL196W,0,2.4615405,0.22260668873786926,0.19033530354499817,0.06749448925256729
YCL043C,YNL302C,0,2.4612572,0.22235022485256195,0.19033530354499817,0.06759463250637054
YKL166C,YLR380W,0,2.4612536,0.2220943570137024,0.19033530354499817,0.0676947757601738
YLR316C,YLR309C,0,2.46116,0.2218390852212906,0.19033530354499817,0.06779491156339645
YDL165W,YJR090C,1,2.460665,0.22273248434066772,0.1913214921951294,0.06779491156339645
YJR149W,YKR020W,0,2.460333,0.22247706353664398,0.1913214921951294,0.06789505481719971
YBR278W,YNL309W,0,2.4581854,0.2222222238779068,0.1913214921951294,0.06799519062042236
YBR158W,YGL158W,1,2.4581106,0.22311212122440338,0.19230769574642181,0.06799519062042236
YDL029W,YCL024W,0,2.457836,0.22285714745521545,0.19230769574642181,0.06809533387422562
YNL107W,YCR057C,0,2.457721,0.2226027399301529,0.19230769574642181,0.06819547712802887
YMR123W,YNL309W,0,2.4570014,0.2223489135503769,0.19230769574642181,0.06829561293125153
YOR198C,YLR321C,1,2.4564507,0.223234623670578,0.19329388439655304,0.06829561293125153
YKL203C,YDR444W,0,2.4559097,0.22298066318035126,0.19329388439655304,0.06839575618505478
YMR301C,YOL054W,0,2.4542038,0.22272726893424988,0.19329388439655304,0.06849589198827744
YGR145W,YDL140C,0,2.4540539,0.22247445583343506,0.19329388439655304,0.06859603524208069
YDR167W,YJR082C,0,2.4530869,0.2222222238779068,0.19329388439655304,0.06869617104530334
YPL276W,YPL083C,0,2.4523652,0.2219705581665039,0.19329388439655304,0.0687963142991066
YIL131C,YDR499W,1,2.452309,0.22285068035125732,0.19428007304668427,0.0687963142991066
YKR055W,YMR034C,0,2.4518337,0.2225988656282425,0.19428007304668427,0.06889645755290985
YMR013C,YPR190C,0,2.4503415,0.22234763205051422,0.19428007304668427,0.06899659335613251
YBR281C,YOR340C,0,2.4498553,0.22209694981575012,0.19428007304668427,0.06909673660993576
YLL003W,YDL215C,0,2.4495394,0.22184684872627258,0.19428007304668427,0.06919687241315842
YBR278W,YDR306C,0,2.449402,0.22159729897975922,0.19428007304668427,0.06929701566696167
YFR031C,YNR057C,0,2.4487891,0.22134831547737122,0.19428007304668427,0.06939715892076492
YPR091C,YBL052C,0,2.4487522,0.2210998833179474,0.19428007304668427,0.06949729472398758
YBR195C,YPL273W,0,2.4484806,0.22085201740264893,0.19428007304668427,0.06959743797779083
YKL166C,YDR226W,0,2.448325,0.22060470283031464,0.19428007304668427,0.06969757378101349
YOR106W,YLR350W,0,2.4482505,0.22035793960094452,0.19428007304668427,0.06979771703481674
YNL147W,YPL078C,0,2.447528,0.22011172771453857,0.19428007304668427,0.06989786028862
YOR126C,YER137C,0,2.4472687,0.2198660671710968,0.19428007304668427,0.06999799609184265
YGL083W,YOR317W,0,2.446294,0.2196209579706192,0.19428007304668427,0.0700981393456459
YPL139C,YDR310C,1,2.4442074,0.2204899787902832,0.19526627659797668,0.0700981393456459
YPL042C,YLR401C,0,2.4437234,0.22024472057819366,0.19526627659797668,0.07019827514886856
YKR036C,YEL062W,0,2.443642,0.2199999988079071,0.19526627659797668,0.07029841840267181
YKL119C,YGL060W,0,2.442151,0.21975582838058472,0.19526627659797668,0.07039856165647507
YDR351W,YFR001W,0,2.4416168,0.2195121943950653,0.19526627659797668,0.07049869745969772
YBL068W,YPL208W,0,2.441165,0.21926909685134888,0.19526627659797668,0.07059884071350098
YKR029C,YBL084C,1,2.4406621,0.2201327383518219,0.1962524652481079,0.07059884071350098
YIL035C,YLR309C,0,2.4401505,0.21988950669765472,0.1962524652481079,0.07069897651672363
YDR411C,YMR179W,0,2.4395964,0.21964679658412933,0.1962524652481079,0.07079911977052689
YDR303C,YPR075C,1,2.4394767,0.2205071598291397,0.19723865389823914,0.07079911977052689
YKL007W,YKL205W,0,2.4389694,0.22026431560516357,0.19723865389823914,0.07089925557374954
YKL186C,YDR151C,0,2.4388564,0.22002200782299042,0.19723865389823914,0.0709993988275528
YGR081C,YOL057W,0,2.437047,0.21978022158145905,0.19723865389823914,0.07109954208135605
YFL057C,YBR155W,0,2.4369147,0.21953897178173065,0.19723865389823914,0.0711996778845787
YIL128W,YGR010W,0,2.4368591,0.21929824352264404,0.19723865389823914,0.07129982113838196
YDL121C,YGR199W,0,2.435897,0.2190580517053604,0.19723865389823914,0.07139995694160461
YGR098C,YDR499W,1,2.4350445,0.21991246938705444,0.19822485744953156,0.07139995694160461
YEL070W,YLR348C,0,2.4348145,0.21967212855815887,0.19822485744953156,0.07150010019540787
YNL309W,YOR025W,0,2.4341416,0.2194323092699051,0.19822485744953156,0.07160024344921112
YLR394W,YMR179W,0,2.434075,0.21919302642345428,0.19822485744953156,0.07170037925243378
YMR218C,YIR005W,0,2.4336846,0.21895425021648407,0.19822485744953156,0.07180052250623703
YDR082W,YPL139C,0,2.4335935,0.21871599555015564,0.19822485744953156,0.07190065830945969
YOR323C,YPL180W,0,2.4335449,0.218478262424469,0.19822485744953156,0.07200080156326294
YKL203C,YLR316C,0,2.4333427,0.21824103593826294,0.19822485744953156,0.07210094481706619
YPR190C,YOR324C,0,2.432977,0.21800433099269867,0.19822485744953156,0.07220108062028885
YMR160W,YLR309C,0,2.431883,0.21776814758777618,0.19822485744953156,0.0723012238740921
YNL127W,YGR229C,1,2.4315975,0.21861471235752106,0.19921104609966278,0.0723012238740921
YLR452C,YPL180W,0,2.4304364,0.21837837994098663,0.19921104609966278,0.07240135967731476
YJR006W,YMR097C,0,2.4296315,0.2181425541639328,0.19921104609966278,0.07250150293111801
YOR057W,YDL188C,1,2.4295118,0.21898597478866577,0.200197234749794,0.07250150293111801
YNL231C,YNL078W,0,2.4290822,0.21875,0.200197234749794,0.07260163873434067
YLR129W,YGL071W,0,2.4289303,0.21851453185081482,0.200197234749794,0.07270178198814392
YDR378C,YNR057C,0,2.4266198,0.21827957034111023,0.200197234749794,0.07280192524194717
YPL252C,YML006C,0,2.4263134,0.21804511547088623,0.200197234749794,0.07290206104516983
YPL273W,YER137C,0,2.4258616,0.21781115233898163,0.200197234749794,0.07300220429897308
YOR291W,YDR369C,0,2.425781,0.2175777107477188,0.200197234749794,0.07310234010219574
YDR137W,YLR213C,0,2.4253824,0.2173447608947754,0.200197234749794,0.07320248335599899
YLR206W,YOR148C,0,2.4251535,0.21711230278015137,0.200197234749794,0.07330262660980225
YOL001W,YPL209C,1,2.423323,0.21794871985912323,0.20118343830108643,0.07330262660980225
YMR300C,YDR109C,0,2.4232576,0.21771611273288727,0.20118343830108643,0.0734027624130249
YMR176W,YLR028C,0,2.423159,0.2174840122461319,0.20118343830108643,0.07350290566682816
YGR143W,YMR246W,0,2.4224699,0.21725240349769592,0.20118343830108643,0.07360304147005081
YPR120C,YHR061C,1,2.4218135,0.21808511018753052,0.20216962695121765,0.07360304147005081
YLR429W,YKL205W,0,2.4217384,0.2178533524274826,0.20216962695121765,0.07370318472385406
YLR268W,YHR057C,0,2.4192898,0.2176220864057541,0.20216962695121765,0.07380332797765732
YGR169C,YOR138C,0,2.4192657,0.21739129722118378,0.20216962695121765,0.07390346378087997
YBL051C,YOR233W,1,2.41866,0.21822033822536469,0.20315581560134888,0.07390346378087997
YAL022C,YJL171C,0,2.418114,0.21798941493034363,0.20315581560134888,0.07400360703468323
YFR029W,YJL187C,0,2.41738,0.21775898337364197,0.20315581560134888,0.07410374283790588
YBR020W,YGL220W,0,2.4165862,0.2175290435552597,0.20315581560134888,0.07420388609170914
YOR198C,YNL164C,1,2.4162972,0.21835443377494812,0.2041420191526413,0.07420388609170914
YDR205W,YDL047W,0,2.4160926,0.21812434494495392,0.2041420191526413,0.07430402934551239
YLR107W,YML006C,0,2.415998,0.21789473295211792,0.2041420191526413,0.07440416514873505
YML049C,YJL206C,0,2.4154086,0.21766561269760132,0.2041420191526413,0.0745043084025383
YDR151C,YLR145W,0,2.4151313,0.21743696928024292,0.2041420191526413,0.07460444420576096
YJL053W,YBL034C,0,2.4149241,0.21720881760120392,0.2041420191526413,0.07470458745956421
YJL134W,YBL034C,0,2.4142566,0.21698112785816193,0.2041420191526413,0.07480472326278687
YNL297C,YJL024C,0,2.4140613,0.21675392985343933,0.2041420191526413,0.07490486651659012
YFR036W,YHL007C,1,2.4139128,0.21757322549819946,0.20512820780277252,0.07490486651659012
YHR060W,YNR015W,0,2.413845,0.21734587848186493,0.20512820780277252,0.07500500977039337
YER162C,YPL007C,0,2.4132984,0.2171189934015274,0.20512820780277252,0.07510514557361603
YKR008W,YLR316C,0,2.4131372,0.21689260005950928,0.20512820780277252,0.07520528882741928
YDR034C,YLR314C,0,2.4122593,0.21666666865348816,0.20512820780277252,0.07530542463064194
YKL210W,YMR240C,0,2.4113379,0.21644121408462524,0.20512820780277252,0.07540556788444519
YIL106W,YGL116W,1,2.4107115,0.21725571155548096,0.20611439645290375,0.07540556788444519
YDR174W,YMR179W,0,2.4106448,0.2170301079750061,0.20611439645290375,0.07550571113824844
YOL165C,YKL119C,0,2.410239,0.21680498123168945,0.20611439645290375,0.0756058469414711
YGR113W,YKL144C,0,2.408747,0.2165803164243698,0.20611439645290375,0.07570599019527435
YPR111W,YLR187W,0,2.4081566,0.21635611355304718,0.20611439645290375,0.07580612599849701
YOR038C,YOR194C,0,2.4080255,0.21613237261772156,0.20611439645290375,0.07590626925230026
YNR021W,YEL062W,0,2.4066212,0.21590909361839294,0.20611439645290375,0.07600641250610352
YBR202W,YOL107W,0,2.406058,0.21568627655506134,0.20611439645290375,0.07610654830932617
YGL186C,YOR162C,0,2.40414,0.21546392142772675,0.20611439645290375,0.07620669156312943
YPL042C,YMR239C,0,2.4038122,0.21524201333522797,0.20611439645290375,0.07630682736635208
YJR006W,YBL085W,0,2.4031608,0.2150205820798874,0.20611439645290375,0.07640697062015533
YJL034W,YDR470C,0,2.4030428,0.21479958295822144,0.20611439645290375,0.07650710642337799
YDR473C,YER046W,0,2.402831,0.21457906067371368,0.20611439645290375,0.07660724967718124
YNR028W,YBL068W,0,2.4028099,0.21435897052288055,0.20611439645290375,0.0767073929309845
YGL083W,YOR142W,0,2.402311,0.21413934230804443,0.20611439645290375,0.07680752873420715
YDL155W,YNL298W,1,2.4022453,0.21494370698928833,0.20710058510303497,0.07680752873420715
YOL165C,YPL129W,0,2.4012592,0.21472392976284027,0.20710058510303497,0.0769076719880104
YKL203C,YGR070W,0,2.4009278,0.21450459957122803,0.20710058510303497,0.07700780779123306
YPL153C,YJL030W,1,2.4004734,0.2153061181306839,0.2080867886543274,0.07700780779123306
YLR314C,YDR159W,0,2.4002755,0.21508663892745972,0.2080867886543274,0.07710795104503632
YNL271C,YDL148C,0,2.4001424,0.21486762166023254,0.2080867886543274,0.07720809429883957
YPR120C,YGR188C,1,2.399647,0.21566632390022278,0.20907297730445862,0.07720809429883957
YKL020C,YPR137W,0,2.3996353,0.21544715762138367,0.20907297730445862,0.07730823010206223
YJR006W,YMR301C,0,2.398842,0.21522842347621918,0.20907297730445862,0.07740837335586548
YJR092W,YOL124C,0,2.3987417,0.2150101363658905,0.20907297730445862,0.07750850915908813
YDR217C,YBR136W,1,2.3977494,0.21580547094345093,0.21005916595458984,0.07750850915908813
YML064C,YMR135C,1,2.3972518,0.21659919619560242,0.21104536950588226,0.07750850915908813
YDR137W,YKL161C,0,2.396599,0.21638017892837524,0.21104536950588226,0.07760865241289139
YKL074C,YIL046W,0,2.3962305,0.21616162359714508,0.21104536950588226,0.07770879566669464
YGL134W,YDR499W,1,2.395443,0.21695257723331451,0.2120315581560135,0.07770879566669464
YLR209C,YBL034C,0,2.395103,0.2167338728904724,0.2120315581560135,0.0778089314699173
YOR279C,YFR036W,0,2.3949387,0.21651561558246613,0.2120315581560135,0.07790907472372055
YHR166C,YOR229W,1,2.3947687,0.2173038274049759,0.21301774680614471,0.07790907472372055
YOL165C,YNL147W,0,2.3946517,0.21708542108535767,0.21301774680614471,0.0780092105269432
YNR060W,YGL148W,0,2.3937123,0.21686747670173645,0.21301774680614471,0.07810935378074646
YGL244W,YDR151C,0,2.3932686,0.21664994955062866,0.21301774680614471,0.07820948958396912
YDL217C,YPL096W,0,2.3928537,0.2164328694343567,0.21301774680614471,0.07830963283777237
YGR167W,YGL060W,0,2.3928225,0.21621622145175934,0.21301774680614471,0.07840977609157562
YIR018W,YOL090W,0,2.3927534,0.2160000056028366,0.21301774680614471,0.07850991189479828
YFR031C,YBR243C,0,2.3921592,0.2157842218875885,0.21301774680614471,0.07861005514860153
YLR183C,YMR032W,0,2.391845,0.21556885540485382,0.21301774680614471,0.07871019095182419
YKL090W,YNL044W,0,2.3893507,0.21535393595695496,0.21301774680614471,0.07881033420562744
YHR012W,YLR113W,0,2.3886554,0.2151394486427307,0.21301774680614471,0.0789104774594307
YNL044W,YLL027W,0,2.3884246,0.2149253785610199,0.21301774680614471,0.07901061326265335
YMR168C,YJR082C,0,2.3883598,0.2147117257118225,0.21301774680614471,0.0791107565164566
YEL043W,YOR353C,0,2.3875587,0.21449850499629974,0.21301774680614471,0.07921089231967926
YJR082C,YFL013C,0,2.3858647,0.2142857164144516,0.21301774680614471,0.07931103557348251
YGL241W,YOR194C,0,2.3857186,0.21407334506511688,0.21301774680614471,0.07941117882728577
YJL011C,YGR199W,0,2.3854148,0.2138613909482956,0.21301774680614471,0.07951131463050842
YKL074C,YIL042C,0,2.3850272,0.21364985406398773,0.21301774680614471,0.07961145788431168
YIL140W,YBL052C,0,2.3843665,0.2134387344121933,0.21301774680614471,0.07971159368753433
YJR032W,YGL190C,0,2.384202,0.2132280319929123,0.21301774680614471,0.07981173694133759
YFR036W,YBL084C,1,2.3837614,0.21400395035743713,0.21400395035743713,0.07981173694133759
YMR036C,YDR499W,1,2.3826334,0.21477831900119781,0.21499013900756836,0.07981173694133759
YJR138W,YOR106W,0,2.3823252,0.2145669311285019,0.21499013900756836,0.07991188019514084
YOR106W,YNL309W,0,2.3806262,0.2143559455871582,0.21499013900756836,0.0800120159983635
YNL261W,YDR167W,0,2.379665,0.21414537727832794,0.21499013900756836,0.08011215925216675
YPL213W,YNL027W,0,2.379658,0.2139352262020111,0.21499013900756836,0.0802122950553894
YER173W,YJL013C,1,2.379251,0.21470588445663452,0.21597632765769958,0.0802122950553894
YDR309C,YMR168C,1,2.3790295,0.21547502279281616,0.216962531208992,0.0802122950553894
YMR036C,YHR153C,1,2.3784719,0.21624265611171722,0.21794871985912323,0.0802122950553894
YHL007C,YJR090C,1,2.3771932,0.2170087993144989,0.21893490850925446,0.0802122950553894
YFR036W,YEL056W,0,2.377041,0.216796875,0.21893490850925446,0.08031243830919266
YAL021C,YBR133C,1,2.3768318,0.21756097674369812,0.21992109715938568,0.08031243830919266
YKR029C,YDL179W,1,2.376757,0.21832358837127686,0.2209073007106781,0.08031243830919266
YJR092W,YGR134W,0,2.3767292,0.21811100840568542,0.2209073007106781,0.08041257411241531
YBL058W,YER090W,0,2.3755434,0.21789883077144623,0.2209073007106781,0.08051271736621857
YOR038C,YNL298W,0,2.3747013,0.21768707036972046,0.2209073007106781,0.08061286062002182
YGL014W,YDR195W,0,2.374336,0.21747572720050812,0.2209073007106781,0.08071299642324448
YMR117C,YIR039C,0,2.3742573,0.217264786362648,0.2209073007106781,0.08081313967704773
YDL216C,YIL076W,0,2.3731349,0.21705426275730133,0.2209073007106781,0.08091327548027039
YMR227C,YNL027W,0,2.373072,0.21684414148330688,0.2209073007106781,0.08101341873407364
YGR081C,YOR324C,0,2.3730123,0.21663442254066467,0.2209073007106781,0.08111356198787689
YOR291W,YIL135C,0,2.3728697,0.2164251208305359,0.2209073007106781,0.08121369779109955
YBL112C,YPR163C,0,2.3728623,0.21621622145175934,0.2209073007106781,0.0813138410449028
YKL175W,YBR173C,0,2.372226,0.21600770950317383,0.2209073007106781,0.08141397684812546
YFR008W,YBR160W,1,2.3702266,0.21676300466060638,0.22189348936080933,0.08141397684812546
YDR460W,YPL122C,0,2.3701952,0.21655437350273132,0.22189348936080933,0.08151412010192871
YDR168W,YJL187C,1,2.370176,0.2173076868057251,0.22287967801094055,0.08151412010192871
YOR159C,YMR200W,0,2.370084,0.21709893643856049,0.22287967801094055,0.08161426335573196
YCR014C,YMR213W,0,2.369821,0.2168905884027481,0.22287967801094055,0.08171439915895462
YIL021W,YDR229W,0,2.369631,0.21668264269828796,0.22287967801094055,0.08181454241275787
YNL290W,YEL056W,0,2.369602,0.21647509932518005,0.22287967801094055,0.08191467821598053
YDL165W,YBL088C,1,2.368895,0.2172248810529709,0.22386588156223297,0.08191467821598053
YJR082C,YOR382W,0,2.3688042,0.21701720356941223,0.22386588156223297,0.08201482146978378
YBL058W,YBR243C,0,2.3686202,0.2168099284172058,0.22386588156223297,0.08211495727300644
YGR238C,YLR285W,0,2.3683372,0.21660305559635162,0.22386588156223297,0.08221510052680969
YJL053W,YPL129W,0,2.3682063,0.21639657020568848,0.22386588156223297,0.08231524378061295
YBL112C,YOR355W,0,2.3680289,0.21619047224521637,0.22386588156223297,0.0824153795838356
YMR112C,YJR130C,0,2.3679917,0.2159847766160965,0.22386588156223297,0.08251552283763885
YOL052C,YPR091C,0,2.367908,0.21577946841716766,0.22386588156223297,0.08261565864086151
YHR115C,YFR027W,1,2.3677366,0.21652421355247498,0.2248520702123642,0.08261565864086151
YJL087C,YDL059C,0,2.3671353,0.2163187861442566,0.2248520702123642,0.08271580189466476
YGR221C,YKL166C,0,2.3661988,0.21611374616622925,0.2248520702123642,0.08281594514846802
YGR012W,YDR364C,0,2.3656805,0.21590909361839294,0.2248520702123642,0.08291608095169067
YLL002W,YCL014W,0,2.3650787,0.21570482850074768,0.2248520702123642,0.08301622420549393
YAL022C,YIL140W,0,2.3648775,0.21550095081329346,0.2248520702123642,0.08311636000871658
YPR111W,YHR132C,0,2.3643618,0.21529744565486908,0.2248520702123642,0.08321650326251984
YIR011C,YDL202W,0,2.3642492,0.21509434282779694,0.2248520702123642,0.08331664651632309
YML073C,YLL043W,0,2.362972,0.21489161252975464,0.2248520702123642,0.08341678231954575
YJL155C,YJL081C,0,2.362879,0.21468926966190338,0.2248520702123642,0.083516925573349
YDL155W,YML027W,1,2.3625805,0.21542803943157196,0.22583825886249542,0.083516925573349
YDL035C,YGL216W,0,2.361455,0.21522556245326996,0.22583825886249542,0.08361706137657166
YIL128W,YNL239W,0,2.3613997,0.215023472905159,0.22583825886249542,0.08371720463037491
YDR090C,YHR069C,0,2.3599887,0.21482177078723907,0.22583825886249542,0.08381734788417816
YLR383W,YJL149W,0,2.3596873,0.2146204262971878,0.22583825886249542,0.08391748368740082
YKL061W,YJL206C,0,2.3595915,0.21441946923732758,0.22583825886249542,0.08401762694120407
YGL190C,YPL194W,1,2.3595622,0.21515434980392456,0.22682446241378784,0.08401762694120407
YLR310C,YPL209C,1,2.3593655,0.21588784456253052,0.22781065106391907,0.08401762694120407
YJR006W,YAL024C,0,2.35858,0.21568627655506134,0.22781065106391907,0.08411776274442673
YDR296W,YPL274W,0,2.3583944,0.215485081076622,0.22781065106391907,0.08421790599822998
YGR252W,YBL079W,0,2.3574886,0.21528424322605133,0.22781065106391907,0.08431804180145264
YML049C,YKR028W,0,2.357437,0.2150837928056717,0.22781065106391907,0.08441818505525589
YDL198C,YFL013C,0,2.3571553,0.2148837149143219,0.22781065106391907,0.08451832830905914
YMR019W,YGL060W,0,2.3569596,0.21468400955200195,0.22781065106391907,0.0846184641122818
YDR527W,YOR099W,0,2.3567398,0.21448467671871185,0.22781065106391907,0.08471860736608505
YHR132C,YBL085W,0,2.3566854,0.2142857164144516,0.22781065106391907,0.08481874316930771
YHR061C,YPL129W,0,2.3565586,0.21408711373806,0.22781065106391907,0.08491888642311096
YBR115C,YCL034W,0,2.3563948,0.21388888359069824,0.22781065106391907,0.08501902967691422
YGR216C,YER162C,0,2.3563926,0.21369102597236633,0.22781065106391907,0.08511916548013687
YEL022W,YNR044W,0,2.3556666,0.21349352598190308,0.22781065106391907,0.08521930873394012
YOR368W,YLR288C,1,2.3551574,0.21421976387500763,0.2287968397140503,0.08521930873394012
YNL147W,YDL047W,0,2.3549192,0.21402214467525482,0.2287968397140503,0.08531944453716278
YEL037C,YDL202W,0,2.3546557,0.21382488310337067,0.2287968397140503,0.08541958779096603
YGR271W,YLR213C,0,2.3542552,0.21362799406051636,0.2287968397140503,0.08551973104476929
YOR275C,YOR294W,0,2.35377,0.2134314626455307,0.2287968397140503,0.08561986684799194
YNL070W,YDR508C,0,2.3534951,0.2132352888584137,0.2287968397140503,0.0857200101017952
YGL122C,YHR156C,0,2.352285,0.21303948760032654,0.2287968397140503,0.08582014590501785
YJL071W,YKL210W,0,2.3522823,0.21284404397010803,0.2287968397140503,0.0859202891588211
YML064C,YDR207C,1,2.3509529,0.21356554329395294,0.2297830432653427,0.0859202891588211
YGR010W,YBR145W,0,2.35085,0.2133699655532837,0.2297830432653427,0.08602042496204376
YHR077C,YLL043W,0,2.34985,0.2131747454404831,0.2297830432653427,0.08612056821584702
YGL134W,YIL031W,1,2.3489456,0.21389396488666534,0.23076923191547394,0.08612056821584702
YDR440W,YKL022C,1,2.3489292,0.21461187303066254,0.23175542056560516,0.08612056821584702
YGR167W,YDR173C,0,2.3488119,0.21441605687141418,0.23175542056560516,0.08622071146965027
YHR164C,YDR472W,0,2.3486574,0.21422059834003448,0.23175542056560516,0.08632084727287292
YNL161W,YGL181W,1,2.3484437,0.2149362415075302,0.23274162411689758,0.08632084727287292
YAL021C,YHR061C,1,2.3477683,0.21565058827400208,0.2337278127670288,0.08632084727287292
YKR066C,YLR187W,0,2.3469014,0.21545454859733582,0.2337278127670288,0.08642099052667618
YGR056W,YOR279C,0,2.3467982,0.21525885164737701,0.2337278127670288,0.08652112632989883
YKL205W,YKL095W,0,2.3464162,0.21506352722644806,0.2337278127670288,0.08662126958370209
YAL047C,YGR238C,1,2.346273,0.21577516198158264,0.23471400141716003,0.08662126958370209
YGL186C,YKR019C,0,2.3460896,0.21557970345020294,0.23471400141716003,0.08672141283750534
YOR301W,YLR009W,0,2.3459682,0.2153846174478531,0.23471400141716003,0.086821548640728
YOR074C,YLR141W,0,2.3458831,0.2151898741722107,0.23471400141716003,0.08692169189453125
YPL153C,YOL001W,1,2.3456604,0.21589882671833038,0.23570019006729126,0.08692169189453125
YDR492W,YBR223C,0,2.3452437,0.21570396423339844,0.23570019006729126,0.0870218276977539
YER013W,YOR209C,0,2.345141,0.21550947427749634,0.23570019006729126,0.08712197095155716
YNL172W,YDR310C,1,2.3449068,0.21621622145175934,0.23668639361858368,0.08712197095155716
YBR278W,YLR050C,0,2.3446505,0.2160215973854065,0.23668639361858368,0.08722211420536041
YIL035C,YBR141C,0,2.3440273,0.2158273309469223,0.23668639361858368,0.08732225000858307
YPL122C,YJL053W,0,2.3440115,0.21563342213630676,0.23668639361858368,0.08742239326238632
YOR216C,YMR200W,0,2.343908,0.21543985605239868,0.23668639361858368,0.08752252906560898
YOR106W,YLR425W,0,2.3437052,0.21524663269519806,0.23668639361858368,0.08762267231941223
YBL041W,YNL050C,0,2.343365,0.2150537669658661,0.23668639361858368,0.08772281557321548
YOR206W,YGL071W,0,2.3427224,0.21486122906208038,0.23668639361858368,0.08782295137643814
YNR044W,YGR185C,0,2.3425229,0.21466904878616333,0.23668639361858368,0.0879230946302414
YKR069W,YCL034W,0,2.3423948,0.21447721123695374,0.23668639361858368,0.08802323043346405
YGR012W,YKL001C,0,2.3422377,0.2142857164144516,0.23668639361858368,0.0881233736872673
YPL064C,YML097C,0,2.3419588,0.21409456431865692,0.23668639361858368,0.08822350949048996
YJR031C,YER046W,0,2.3418963,0.2139037400484085,0.23668639361858368,0.08832365274429321
YDR229W,YLR145W,0,2.3414562,0.21371327340602875,0.23668639361858368,0.08842379599809647
YKL165C,YER115C,0,2.3412583,0.21352313458919525,0.23668639361858368,0.08852393180131912
YBR278W,YPL167C,0,2.340933,0.2133333384990692,0.23668639361858368,0.08862407505512238
YDR082W,YDR137W,0,2.340632,0.21314387023448944,0.23668639361858368,0.08872421085834503
YIL131C,YBR158W,1,2.3405182,0.21384206414222717,0.2376725822687149,0.08872421085834503
YKR002W,YBR128C,0,2.3404956,0.21365247666835785,0.2376725822687149,0.08882435411214828
YKL022C,YOR162C,0,2.3389657,0.21346324682235718,0.2376725822687149,0.08892449736595154
YER089C,YLR263W,1,2.338639,0.214159294962883,0.23865877091884613,0.08892449736595154
YLR005W,YKL144C,0,2.3385491,0.21396993100643158,0.23865877091884613,0.0890246331691742
YMR272C,YMR308C,0,2.337795,0.21378092467784882,0.23865877091884613,0.08912477642297745
YBR222C,YMR229C,0,2.3376384,0.21359223127365112,0.23865877091884613,0.0892249122262001
YDR263C,YOR216C,0,2.337487,0.2134038805961609,0.23865877091884613,0.08932505548000336
YML032C,YMR049C,0,2.3374283,0.21321585774421692,0.23865877091884613,0.08942519873380661
YHR158C,YAL041W,1,2.33699,0.21390844881534576,0.23964497447013855,0.08942519873380661
YNL085W,YDR222W,0,2.3356597,0.21372032165527344,0.23964497447013855,0.08952533453702927
YOL066C,YGL169W,0,2.3352766,0.21353250741958618,0.23964497447013855,0.08962547779083252
YBR275C,YKL064W,0,2.334849,0.21334503591060638,0.23964497447013855,0.08972561359405518
YNL236W,YMR172W,0,2.3342612,0.21315789222717285,0.23964497447013855,0.08982575684785843
YBR261C,YJL178C,0,2.3318713,0.21297107636928558,0.23964497447013855,0.08992589265108109
YDR454C,YJL176C,0,2.3318152,0.21278458833694458,0.23964497447013855,0.09002603590488434
YPR120C,YMR052W,1,2.3316057,0.21347332000732422,0.24063116312026978,0.09002603590488434
YAL021C,YLR238W,1,2.3312318,0.21416084468364716,0.241617351770401,0.09002603590488434
YMR055C,YFR036W,1,2.3297884,0.2148471623659134,0.24260355532169342,0.09002603590488434
YJR026W,YKR044W,0,2.329697,0.2146596908569336,0.24260355532169342,0.09012617915868759
YPL151C,YBL052C,0,2.3295171,0.21447253227233887,0.24260355532169342,0.09022631496191025
YDR034C,YNL016W,0,2.3294754,0.2142857164144516,0.24260355532169342,0.0903264582157135
YPL151C,YPL050C,0,2.3293574,0.2140992134809494,0.24260355532169342,0.09042659401893616
YBR287W,YHR156C,0,2.3291786,0.21391303837299347,0.24260355532169342,0.09052673727273941
YJL128C,YFL017W-A,0,2.329159,0.2137271910905838,0.24260355532169342,0.09062688052654266
YJR068W,YPL194W,1,2.328955,0.2144097238779068,0.24358974397182465,0.09062688052654266
YHR164C,YMR054W,0,2.3268175,0.21422375738620758,0.24358974397182465,0.09072701632976532
YDR527W,YDR146C,0,2.3267329,0.21403813362121582,0.24358974397182465,0.09082715958356857
YGR109C,YJL194W,1,2.325983,0.21471861004829407,0.24457593262195587,0.09082715958356857
YOR074C,YOR299W,0,2.3257337,0.21453286707401276,0.24457593262195587,0.09092729538679123
YML112W,YJL071W,0,2.3246253,0.2143474519252777,0.24457593262195587,0.09102743864059448
YHR164C,YOR038C,0,2.3243525,0.21416234970092773,0.24457593262195587,0.09112758189439774
YLR440C,YNR013C,0,2.323043,0.21397756040096283,0.24457593262195587,0.09122771769762039
YGL050W,YMR065W,0,2.3229864,0.2137930989265442,0.24457593262195587,0.09132786095142365
YJL030W,YKL074C,0,2.3229437,0.21360895037651062,0.24457593262195587,0.0914279967546463
YPL064C,YER138C,0,2.3222053,0.21342512965202332,0.24457593262195587,0.09152814000844955
YJR004C,YLR309C,0,2.3216245,0.21324162185192108,0.24457593262195587,0.09162828326225281
YJR119C,YPR111W,0,2.3204951,0.21305841207504272,0.24457593262195587,0.09172841906547546
YOL066C,YKR056W,0,2.3200274,0.21287553012371063,0.24457593262195587,0.09182856231927872
YLL019C,YOR340C,0,2.3190024,0.2126929610967636,0.24457593262195587,0.09192869812250137
YEL070W,YGR185C,0,2.3179128,0.21251070499420166,0.24457593262195587,0.09202884137630463
YNL262W,YER137C,0,2.3176692,0.21232876181602478,0.24457593262195587,0.09212897717952728
YDR415C,YKL175W,0,2.3174577,0.21214713156223297,0.24457593262195587,0.09222912043333054
YDL179W,YKL168C,0,2.3168802,0.21196581423282623,0.24457593262195587,0.09232926368713379
YHR039C-A,YDR373W,0,2.3168557,0.21178479492664337,0.24457593262195587,0.09242939949035645
YDR144C,YBR172C,0,2.3163254,0.21160408854484558,0.24457593262195587,0.0925295427441597
YPL078C,YML109W,0,2.315356,0.21142369508743286,0.24457593262195587,0.09262967854738235
YLR305C,YDR196C,0,2.315236,0.2112436145544052,0.24457593262195587,0.09272982180118561
YHR061C,YDL155W,1,2.315202,0.21191489696502686,0.2455621361732483,0.09272982180118561
YNL282W,YLR005W,0,2.314891,0.21173469722270966,0.2455621361732483,0.09282996505498886
YDR263C,YOR145C,0,2.3145804,0.21155479550361633,0.2455621361732483,0.09293010085821152
YMR169C,YNL102W,0,2.3143055,0.21137520670890808,0.2455621361732483,0.09303024411201477
YNL172W,YJL076W,1,2.31415,0.2120441049337387,0.24654832482337952,0.09303024411201477
YLR107W,YJR140C,0,2.313591,0.2118644118309021,0.24654832482337952,0.09313037991523743
YGL172W,YBR129C,0,2.3131263,0.21168501675128937,0.24654832482337952,0.09323052316904068
YDR170C,YKL186C,0,2.3129857,0.2115059196949005,0.24654832482337952,0.09333066642284393
YBR155W,YKL203C,0,2.3123052,0.21132713556289673,0.24654832482337952,0.09343080222606659
YLR314C,YJL082W,0,2.3121564,0.21114864945411682,0.24654832482337952,0.09353094547986984
YGR246C,YBR037C,0,2.3104637,0.2109704613685608,0.24654832482337952,0.0936310812830925
YER008C,YOR194C,0,2.31036,0.21079258620738983,0.24654832482337952,0.09373122453689575
YOL038W,YBR042C,0,2.310241,0.21061499416828156,0.24654832482337952,0.09383136034011841
YJR107W,YJR031C,0,2.3097892,0.21043771505355835,0.24654832482337952,0.09393150359392166
YKR008W,YMR065W,0,2.3088222,0.21026071906089783,0.24654832482337952,0.09403164684772491
YGL158W,YMR241W,0,2.3080344,0.21008403599262238,0.24654832482337952,0.09413178265094757
YBR158W,YPL209C,1,2.3076377,0.21074727177619934,0.24753451347351074,0.09413178265094757
YBR066C,YMR054W,0,2.3070395,0.21057046949863434,0.24753451347351074,0.09423192590475082
YJR055W,YJL128C,0,2.3067846,0.2103939652442932,0.24753451347351074,0.09433206170797348
YNL298W,YLR238W,1,2.3055332,0.21105527877807617,0.24852071702480316,0.09433206170797348
YGL083W,YJR036C,0,2.305427,0.2108786553144455,0.24852071702480316,0.09443220496177673
YER151C,YHR168W,0,2.3048909,0.2107023447751999,0.24852071702480316,0.09453234821557999
YKR054C,YDR416W,0,2.304786,0.21052631735801697,0.24852071702480316,0.09463248401880264
YGL122C,YLR103C,0,2.3042505,0.21035058796405792,0.24852071702480316,0.0947326272726059
YMR077C,YIL177C,0,2.3040264,0.21017514169216156,0.24852071702480316,0.09483276307582855
YBR066C,YDR211W,0,2.304015,0.20999999344348907,0.24852071702480316,0.0949329063296318
YPR111W,YMR034C,0,2.30314,0.20982514321804047,0.24852071702480316,0.09503304958343506
YKL203C,YOL111C,0,2.3029034,0.20965057611465454,0.24852071702480316,0.09513318538665771
YEL022W,YMR034C,0,2.3028238,0.2094763070344925,0.24852071702480316,0.09523332864046097
YJR028W,YKL130C,0,2.3015306,0.20930232107639313,0.24852071702480316,0.09533346444368362
YBR129C,YIL035C,0,2.301129,0.20912863314151764,0.24852071702480316,0.09543360769748688
YBL112C,YFL048C,0,2.3003802,0.20895522832870483,0.24852071702480316,0.09553375095129013
YGL237C,YOR038C,0,2.3002203,0.2087821066379547,0.24852071702480316,0.09563388675451279
YOR283W,YDR285W,0,2.3001416,0.20860926806926727,0.24852071702480316,0.09573403000831604
YGL226C-A,YJL149W,0,2.2999969,0.2084367275238037,0.24852071702480316,0.0958341658115387
YPR026W,YDR034C,0,2.2999794,0.20826447010040283,0.24852071702480316,0.09593430906534195
YDR383C,YDL084W,0,2.2998576,0.20809248089790344,0.24852071702480316,0.0960344448685646
YMR036C,YGR108W,1,2.2997148,0.20874588191509247,0.2495069056749344,0.0960344448685646
YJR010W,YDR337W,0,2.2994304,0.20857378840446472,0.2495069056749344,0.09613458812236786
YPL256C,YLR321C,1,2.299421,0.20922569930553436,0.2504931092262268,0.09613458812236786
YBR042C,YIL177C,0,2.2988775,0.20905350148677826,0.2504931092262268,0.09623473137617111
YMR008C,YLR163C,0,2.2987692,0.20888157188892365,0.2504931092262268,0.09633486717939377
YMR168C,YGR252W,0,2.2978804,0.2087099403142929,0.2504931092262268,0.09643501043319702
YLL034C,YDR404C,0,2.2964516,0.20853859186172485,0.2504931092262268,0.09653514623641968
YFR001W,YLR033W,0,2.2954898,0.2083675116300583,0.2504931092262268,0.09663528949022293
YLR305C,YJL024C,0,2.295271,0.2081967145204544,0.2504931092262268,0.09673543274402618
YEL030W,YDR416W,0,2.2942665,0.2080262154340744,0.2504931092262268,0.09683556854724884
YNL289W,YDR168W,1,2.294182,0.20867431163787842,0.25147929787635803,0.09683556854724884
YNL147W,YGL071W,0,2.2938678,0.20850367844104767,0.25147929787635803,0.0969357118010521
YKL161C,YCR052W,0,2.2936413,0.2083333283662796,0.25147929787635803,0.09703584760427475
YPR189W,YPL139C,0,2.2915127,0.20816326141357422,0.25147929787635803,0.097135990858078
YDR168W,YML027W,1,2.291484,0.20880913734436035,0.25246548652648926,0.097135990858078
YLR386W,YER190W,0,2.2914357,0.20863895118236542,0.25246548652648926,0.09723613411188126
YOL102C,YKR002W,0,2.2908266,0.20846904814243317,0.25246548652648926,0.09733626991510391
YOR304C-A,YNL307C,0,2.2905333,0.2082994282245636,0.25246548652648926,0.09743641316890717
YER138C,YGL200C,0,2.290496,0.20813007652759552,0.25246548652648926,0.09753654897212982
YOR323C,YBL026W,0,2.2903917,0.20796100795269012,0.25246548652648926,0.09763669222593307
YMR049C,YMR039C,0,2.29029,0.20779220759868622,0.25246548652648926,0.09773682802915573
YMR093W,YJL082W,0,2.289996,0.2076236754655838,0.25246548652648926,0.09783697128295898
YDR137W,YER125W,0,2.2899082,0.20745542645454407,0.25246548652648926,0.09793711453676224
YHR041C,YMR270C,0,2.2894812,0.20728744566440582,0.25246548652648926,0.0980372503399849
YDR283C,YDR440W,1,2.2894309,0.20792880654335022,0.2534516751766205,0.0980372503399849
YML027W,YDR499W,1,2.2885096,0.20856912434101105,0.2544378638267517,0.0980372503399849
YIR011C,YNR017W,0,2.2882624,0.2084006518125534,0.2544378638267517,0.09813739359378815
YER151C,YLR206W,0,2.2880518,0.20823244750499725,0.2544378638267517,0.0982375293970108
YLR191W,YIL020C,0,2.2880042,0.2080645114183426,0.2544378638267517,0.09833767265081406
YER151C,YLR383W,0,2.2879572,0.2078968584537506,0.2544378638267517,0.09843781590461731
YDR263C,YLR440C,0,2.2876472,0.20772947371006012,0.2544378638267517,0.09853795170783997
YGL244W,YMR025W,0,2.28699,0.20756234228610992,0.2544378638267517,0.09863809496164322
YDL045W-A,YBR074W,0,2.2866266,0.2073954939842224,0.2544378638267517,0.09873823076486588
YJR021C,YKR068C,0,2.2862613,0.2072289139032364,0.2544378638267517,0.09883837401866913
YBR195C,YGR095C,0,2.2860746,0.20706260204315186,0.2544378638267517,0.09893851727247238
YDR030C,YNL027W,0,2.285987,0.2068965584039688,0.2544378638267517,0.09903865307569504
YML064C,YDR217C,1,2.2856965,0.20753204822540283,0.25542405247688293,0.09903865307569504
YNL273W,YHR061C,1,2.28557,0.20816653966903687,0.25641027092933655,0.09903865307569504
YOL090W,YPL065W,0,2.2853758,0.20800000429153442,0.25641027092933655,0.09913879632949829
YOR304W,YCR012W,0,2.285208,0.20783373713493347,0.25641027092933655,0.09923893213272095
YJR051W,YJR112W,0,2.2846546,0.207667738199234,0.25641027092933655,0.0993390753865242
YBR247C,YJR021C,0,2.2845647,0.20750199258327484,0.25641027092933655,0.09943921118974686
YMR032W,YFR001W,0,2.2840261,0.20733653008937836,0.25641027092933655,0.09953935444355011
YFL034C-B,YHR158C,1,2.283608,0.20796813070774078,0.2573964595794678,0.09953935444355011
YDR351W,YMR061W,0,2.2834544,0.20780254900455475,0.2573964595794678,0.09963949769735336
YOL066C,YDR159W,0,2.2833326,0.2076372355222702,0.2573964595794678,0.09973963350057602
YFR031C,YDR205W,0,2.2828891,0.20747217535972595,0.2573964595794678,0.09983977675437927
YGR081C,YBR150C,0,2.2826588,0.2073073834180832,0.2573964595794678,0.09993991255760193
YGR216C,YLR316C,0,2.2826219,0.20714285969734192,0.2573964595794678,0.10004005581140518
YBR275C,YPR119W,0,2.282118,0.20697858929634094,0.2573964595794678,0.10014019906520844
YLR033W,YDL170W,0,2.2818139,0.20681458711624146,0.2573964595794678,0.10024033486843109
YPR182W,YBR195C,0,2.28143,0.20665083825588226,0.2573964595794678,0.10034047812223434
YGL237C,YFR021W,0,2.2813425,0.20648734271526337,0.2573964595794678,0.100440613925457
YDR460W,YOR340C,0,2.281338,0.20632411539554596,0.2573964595794678,0.10054075717926025
YDR460W,YJR053W,0,2.2812097,0.20616114139556885,0.2573964595794678,0.10064090043306351
YOL001W,YPL194W,1,2.2807887,0.20678769052028656,0.258382648229599,0.10064090043306351
YOL082W,YMR172W,0,2.2798493,0.2066246122121811,0.258382648229599,0.10074103623628616
YFR013W,YMR160W,0,2.2790935,0.20646178722381592,0.258382648229599,0.10084117949008942
YOL038W,YLR224W,0,2.2786925,0.20629921555519104,0.258382648229599,0.10094131529331207
YOR126C,YOR353C,0,2.2777812,0.20613689720630646,0.258382648229599,0.10104145854711533
YLR183C,YCL014W,0,2.2774904,0.20597484707832336,0.258382648229599,0.10114160180091858
YDL202W,YLR309C,0,2.2774034,0.20581303536891937,0.258382648229599,0.10124173760414124
YLR206W,YJL085W,0,2.2769113,0.20565149188041687,0.258382648229599,0.10134188085794449
YDR082W,YPL093W,0,2.2765052,0.20549020171165466,0.258382648229599,0.10144201666116714
YLR264W,YJL176C,0,2.2763557,0.20532914996147156,0.258382648229599,0.1015421599149704
YHR012W,YDL070W,0,2.2762518,0.20516836643218994,0.258382648229599,0.10164229571819305
YJL155C,YMR270C,0,2.27616,0.20500782132148743,0.258382648229599,0.10174243897199631
YDR131C,YER104W,0,2.2756827,0.2048475444316864,0.258382648229599,0.10184258222579956
YGL190C,YDL188C,1,2.2756436,0.20546874403953552,0.2593688368797302,0.10184258222579956
YHR156C,YKL064W,0,2.2751563,0.20530834794044495,0.2593688368797302,0.10194271802902222
YOL070C,YGR199W,0,2.2738004,0.20514820516109467,0.2593688368797302,0.10204286128282547
YGL200C,YMR186W,0,2.2726552,0.20498831570148468,0.2593688368797302,0.10214299708604813
YBR081C,YKL013C,0,2.2726138,0.2048286646604538,0.2593688368797302,0.10224314033985138
YGR238C,YDR410C,0,2.2720416,0.2046692669391632,0.2593688368797302,0.10234328359365463
YDR067C,YLR182W,0,2.271908,0.20451010763645172,0.2593688368797302,0.10244341939687729
YLL012W,YLR213C,0,2.2709656,0.20435120165348053,0.2593688368797302,0.10254356265068054
YKL013C,YMR240C,0,2.2708418,0.20419254899024963,0.2593688368797302,0.1026436984539032
YMR089C,YDR207C,0,2.2701352,0.20403413474559784,0.2593688368797302,0.10274384170770645
YHR164C,YJL206C,0,2.2692487,0.20387597382068634,0.2593688368797302,0.1028439849615097
YPR072W,YMR097C,0,2.2673688,0.20371805131435394,0.2593688368797302,0.10294412076473236
YGL050W,YLR394W,0,2.266771,0.20356036722660065,0.2593688368797302,0.10304426401853561
YML051W,YNL178W,0,2.266749,0.20340293645858765,0.2593688368797302,0.10314439982175827
YJL112W,YFL001W,0,2.2665796,0.20324574410915375,0.2593688368797302,0.10324454307556152
YGL134W,YDL132W,1,2.2662861,0.20386099815368652,0.26035502552986145,0.10324454307556152
YDR378C,YCR057C,0,2.2660809,0.20370370149612427,0.26035502552986145,0.10334467887878418
YAL040C,YDL155W,1,2.265793,0.20431765913963318,0.2613412141799927,0.10334467887878418
YGR252W,YGR171C,0,2.265683,0.20416024327278137,0.2613412141799927,0.10344482213258743
YJR101W,YLR153C,0,2.2656069,0.20400308072566986,0.2613412141799927,0.10354496538639069
YNL078W,YHR152W,1,2.2655232,0.20461538434028625,0.2623274028301239,0.10354496538639069
YPL099C,YGL203C,0,2.2654335,0.2044581025838852,0.2623274028301239,0.10364510118961334
YDL165W,YJL090C,1,2.2653809,0.20506912469863892,0.2633136212825775,0.10364510118961334
YIL002C,YBR275C,0,2.2646513,0.2049117386341095,0.2633136212825775,0.1037452444434166
YML099C,YLR163C,0,2.264603,0.20475460588932037,0.2633136212825775,0.10384538024663925
YGR251W,YKL166C,0,2.26457,0.20459769666194916,0.2633136212825775,0.1039455235004425
YOL045W,YCR002C,0,2.2644227,0.20444104075431824,0.2633136212825775,0.10404566675424576
YLR314C,YNL192W,0,2.264229,0.20428462326526642,0.2633136212825775,0.10414580255746841
YLR127C,YGR108W,1,2.2639632,0.20489296317100525,0.26429980993270874,0.10414580255746841
YML097C,YBL089W,0,2.2635505,0.20473644137382507,0.26429980993270874,0.10424594581127167
YGL200C,YIL177C,0,2.2634964,0.204580157995224,0.26429980993270874,0.10434608161449432
YLR228C,YFL001W,0,2.26301,0.20442409813404083,0.26429980993270874,0.10444622486829758
YJR092W,YEL029C,0,2.262674,0.20426829159259796,0.26429980993270874,0.10454636812210083
YDR131C,YML030W,0,2.2623675,0.2041127234697342,0.26429980993270874,0.10464650392532349
YCR057C,YNL259C,0,2.262327,0.20395737886428833,0.26429980993270874,0.10474664717912674
YBR002C,YDR140W,0,2.2622793,0.20380228757858276,0.26429980993270874,0.1048467829823494
YGL256W,YOL111C,0,2.2616174,0.2036474198102951,0.26429980993270874,0.10494692623615265
YAL054C,YOR123C,0,2.2615469,0.20349279046058655,0.26429980993270874,0.1050470694899559
YFR013W,YNL298W,0,2.2607727,0.2033383846282959,0.26429980993270874,0.10514720529317856
YPL127C,YOL111C,0,2.2596755,0.20318423211574554,0.26429980993270874,0.10524734854698181
YJR138W,YKL144C,0,2.259041,0.2030303031206131,0.26429980993270874,0.10534748435020447
YGL241W,YHR109W,0,2.2584846,0.20287661254405975,0.26429980993270874,0.10544762760400772
YJL112W,YMR227C,0,2.2583952,0.20272314548492432,0.26429980993270874,0.10554776340723038
YOR026W,YJL194W,1,2.2572324,0.2033257782459259,0.26528599858283997,0.10554776340723038
YLR425W,YIL080W,0,2.2572002,0.2031722068786621,0.26528599858283997,0.10564790666103363
YJL187C,YPL209C,1,2.257182,0.2037735879421234,0.2662721872329712,0.10564790666103363
YER103W,YJL176C,0,2.2568576,0.20361991226673126,0.2662721872329712,0.10574804991483688
YGL172W,YDL047W,0,2.2563944,0.20346646010875702,0.2662721872329712,0.10584818571805954
YBR275C,YOR353C,0,2.2562659,0.20331324636936188,0.2662721872329712,0.10594832897186279
YBR271W,YBL034C,0,2.2559624,0.20316027104854584,0.2662721872329712,0.10604846477508545
YFR019W,YLR145W,0,2.2559536,0.2030075192451477,0.2662721872329712,0.1061486080288887
YLR127C,YMR048W,1,2.2557003,0.20360630750656128,0.2672583758831024,0.1061486080288887
YBR155W,YDL097C,0,2.2548378,0.2034534513950348,0.2672583758831024,0.10624875128269196
YLR213C,YDL225W,0,2.254507,0.2033008188009262,0.2672583758831024,0.10634888708591461
YGR072W,YNL078W,0,2.2541971,0.20314842462539673,0.2672583758831024,0.10644903033971786
YOL038W,YOL102C,0,2.2541149,0.20299625396728516,0.2672583758831024,0.10654916614294052
YLR107W,YEL031W,0,2.253111,0.2028443068265915,0.2672583758831024,0.10664930939674377
YGL174W,YHR168W,0,2.2529614,0.20269259810447693,0.2672583758831024,0.10674945265054703
YOR073W,YOR233W,1,2.2525442,0.2032884955406189,0.26824456453323364,0.10674945265054703
YOL090W,YNR060W,0,2.2524536,0.20313666760921478,0.26824456453323364,0.10684958845376968
YDL217C,YCL032W,0,2.2518985,0.20298507809638977,0.26824456453323364,0.10694973170757294
YIL108W,YKR019C,0,2.2518184,0.20283371210098267,0.26824456453323364,0.1070498675107956
YOR089C,YLR073C,0,2.2512655,0.20268256962299347,0.26824456453323364,0.10715001076459885
YOR304W,YLR145W,0,2.251158,0.20253165066242218,0.26824456453323364,0.1072501465678215
YER098W,YOR148C,0,2.2511086,0.2023809552192688,0.26824456453323364,0.10735028982162476
YML006C,YJL192C,0,2.2502692,0.20223048329353333,0.26824456453323364,0.10745043307542801
YAL024C,YMR135C,1,2.2500033,0.20282317698001862,0.26923078298568726,0.10745043307542801
YLR187W,YPL011C,0,2.2495852,0.20267260074615479,0.26923078298568726,0.10755056887865067
YGL186C,YIL080W,0,2.2487404,0.20252224802970886,0.26923078298568726,0.10765071213245392
YOL082W,YMR273C,0,2.2487192,0.20237213373184204,0.26923078298568726,0.10775084793567657
YDL107W,YNL239W,0,2.2485228,0.20222222805023193,0.26923078298568726,0.10785099118947983
YIL083C,YBR129C,0,2.2480078,0.20207254588603973,0.26923078298568726,0.10795113444328308
YGR098C,YJR068W,1,2.2469769,0.20266272127628326,0.2702169716358185,0.10795113444328308
YBR128C,YJR040W,0,2.246927,0.2025129348039627,0.2702169716358185,0.10805127024650574
YOR229W,YML074C,1,2.2469008,0.20310191810131073,0.2712031602859497,0.10805127024650574
YLR244C,YER168C,0,2.246749,0.20295202732086182,0.2712031602859497,0.10815141350030899
YGR216C,YDR109C,0,2.246425,0.2028023600578308,0.2712031602859497,0.10825154930353165
YGR238C,YDL111C,0,2.245575,0.2026529163122177,0.2712031602859497,0.1083516925573349
YKL203C,YOR089C,0,2.2455242,0.20250368118286133,0.2712031602859497,0.10845183581113815
YPL050C,YLL033W,0,2.2441013,0.20235466957092285,0.2712031602859497,0.10855197161436081
YNL262W,YDR222W,0,2.2437923,0.20220588147640228,0.2712031602859497,0.10865211486816406
YLL043W,YOR180C,0,2.2437391,0.20205731689929962,0.2712031602859497,0.10875225067138672
YLR229C,YBR103W,1,2.2434182,0.20264317095279694,0.27218934893608093,0.10875225067138672
YBR274W,YBL088C,1,2.243408,0.2032281756401062,0.27317553758621216,0.10875225067138672
YLL051C,YGR221C,0,2.2433417,0.20307917892932892,0.27317553758621216,0.10885239392518997
YPL139C,YML099C,0,2.2432616,0.20293040573596954,0.27317553758621216,0.10895253717899323
YMR218C,YGL244W,0,2.243218,0.20278184115886688,0.27317553758621216,0.10905267298221588
YIL095W,YBR281C,0,2.242709,0.20263350009918213,0.27317553758621216,0.10915281623601913
YKL174C,YLR329W,0,2.242592,0.20248538255691528,0.27317553758621216,0.10925295203924179
YIL143C,YOR222W,0,2.2420151,0.20233747363090515,0.27317553758621216,0.10935309529304504
YGL186C,YNL236W,0,2.2419105,0.20218978822231293,0.27317553758621216,0.1094532310962677
YAR019C,YOL113W,1,2.2414258,0.20277169346809387,0.2741617262363434,0.1094532310962677
YIR025W,YNR003C,0,2.2412374,0.2026239037513733,0.2741617262363434,0.10955337435007095
YPL150W,YGR276C,0,2.2411916,0.20247632265090942,0.2741617262363434,0.1096535176038742
YNR015W,YGL004C,0,2.2409868,0.20232896506786346,0.2741617262363434,0.10975365340709686
YMR089C,YGR246C,0,2.2403617,0.20218181610107422,0.2741617262363434,0.10985379666090012
YOR323C,YLR268W,0,2.2402604,0.20203489065170288,0.2741617262363434,0.10995393246412277
YDL111C,YDR457W,0,2.2398732,0.20188815891742706,0.2741617262363434,0.11005407571792603
YOR198C,YOR233W,1,2.2398663,0.20246733725070953,0.2751479148864746,0.11005407571792603
YAL021C,YLR263W,1,2.238761,0.20304568111896515,0.2761341333389282,0.11005407571792603
YGR056W,YLR383W,0,2.2387254,0.2028985470533371,0.2761341333389282,0.11015421897172928
YHR119W,YDR109C,0,2.2383115,0.20275163650512695,0.2761341333389282,0.11025435477495193
YJL128C,YNR028W,0,2.2382379,0.20260491967201233,0.2761341333389282,0.11035449802875519
YJL192C,YLL017W,0,2.2379875,0.2024584263563156,0.2761341333389282,0.11045463383197784
YNL127W,YBL085W,0,2.237716,0.2023121416568756,0.2761341333389282,0.1105547770857811
YDR059C,YDL197C,0,2.2376838,0.20216606557369232,0.2761341333389282,0.11065492033958435
YBR261C,YFL001W,0,2.2374687,0.20202019810676575,0.2761341333389282,0.110755056142807
YFR013W,YEL041W,0,2.2354093,0.20187455415725708,0.2761341333389282,0.11085519939661026
YJR006W,YDL097C,0,2.234878,0.20172910392284393,0.2761341333389282,0.11095533519983292
YHR056C,YJR140C,0,2.2346327,0.2015838772058487,0.2761341333389282,0.11105547845363617
YPL110C,YAL040C,0,2.2343988,0.20143884420394897,0.2761341333389282,0.11115561425685883
YDR196C,YHR085W,0,2.234001,0.20129403471946716,0.2761341333389282,0.11125575751066208
YIL135C,YHR059W,0,2.2335813,0.20114941895008087,0.2761341333389282,0.11135590076446533
YGL116W,YOR229W,1,2.233509,0.2017229050397873,0.27712032198905945,0.11135590076446533
YLR321C,YOR098C,0,2.2334116,0.20157818496227264,0.27712032198905945,0.11145603656768799
YOL139C,YLR361C,1,2.2322204,0.20215053856372833,0.2781065106391907,0.11145603656768799
YKL007W,YKR002W,0,2.2322192,0.20200572907924652,0.2781065106391907,0.11155617982149124
YPL139C,YNL116W,1,2.2317536,0.20257695019245148,0.2790926992893219,0.11155617982149124
YBL051C,YGL240W,1,2.2317314,0.20314735174179077,0.2800788879394531,0.11155617982149124
YOL057W,YHR082C,0,2.231538,0.20300213992595673,0.2800788879394531,0.1116563156247139
YGR098C,YPL209C,1,2.23093,0.20357142388820648,0.28106507658958435,0.1116563156247139
YDR451C,YDR222W,0,2.2302818,0.20342612266540527,0.28106507658958435,0.11175645887851715
YLR151C,YML109W,0,2.2298005,0.20328103005886078,0.28106507658958435,0.1118566021323204
YDR392W,YER137C,0,2.2297547,0.2031361311674118,0.28106507658958435,0.11195673793554306
YKL041W,YNR003C,0,2.22939,0.20299145579338074,0.28106507658958435,0.11205688118934631
YDR518W,YGL071W,0,2.2293632,0.2028469741344452,0.28106507658958435,0.11215701699256897
YBL026W,YKL085W,0,2.2290404,0.20270270109176636,0.28106507658958435,0.11225716024637222
YAL021C,YAR019C,1,2.228934,0.203269362449646,0.28205129504203796,0.11225716024637222
YJL176C,YLR350W,0,2.2282143,0.203125,0.28205129504203796,0.11235730350017548
YDR310C,YKL144C,0,2.2269654,0.20298083126544952,0.28205129504203796,0.11245743930339813
YOL066C,YJL140W,0,2.2258503,0.20283688604831696,0.28205129504203796,0.11255758255720139
YMR055C,YBR156C,1,2.2255154,0.2034018486738205,0.2830374836921692,0.11255758255720139
YML049C,YNL027W,0,2.2255013,0.20325778424739838,0.2830374836921692,0.11265771836042404
YLR219W,YMR300C,0,2.22524,0.20311394333839417,0.2830374836921692,0.1127578616142273
YIR025W,YKL007W,0,2.2245436,0.20297029614448547,0.2830374836921692,0.11285800486803055
YJL024C,YPL082C,0,2.2244904,0.2028268575668335,0.2830374836921692,0.1129581406712532
YGR245C,YDL056W,1,2.2242894,0.20338982343673706,0.2840236723423004,0.1129581406712532
YER101C,YNL182C,0,2.2240114,0.20324629545211792,0.2840236723423004,0.11305828392505646
YLR383W,YDR373W,0,2.2238696,0.2031029611825943,0.2840236723423004,0.11315841972827911
YML049C,YKL165C,0,2.223718,0.2029598355293274,0.2840236723423004,0.11325856298208237
YAL040C,YGL194C,1,2.223599,0.20352113246917725,0.28500986099243164,0.11325856298208237
YMR032W,YDR457W,0,2.2234793,0.20337790250778198,0.28500986099243164,0.11335869878530502
YOR054C,YGR145W,0,2.2227848,0.20323488116264343,0.28500986099243164,0.11345884203910828
YDR371W,YDR222W,0,2.222757,0.2030920535326004,0.28500986099243164,0.11355898529291153
YCR057C,YNL138W,0,2.2222831,0.2029494345188141,0.28500986099243164,0.11365912109613419
YGR238C,YNL258C,0,2.2216947,0.20280702412128448,0.28500986099243164,0.11375926434993744
YGL086W,YBR136W,1,2.2215328,0.20336605608463287,0.28599604964256287,0.11375926434993744
YML071C,YIL047C,0,2.221104,0.20322354137897491,0.28599604964256287,0.1138594001531601
YHR012W,YGL163C,0,2.220457,0.20308123528957367,0.28599604964256287,0.11395954340696335
YJR057W,YDL128W,0,2.2199218,0.20293912291526794,0.28599604964256287,0.1140596866607666
YAL017W,YER115C,0,2.2199085,0.20279720425605774,0.28599604964256287,0.11415982246398926
YAR027W,YOR226C,0,2.2190392,0.20265547931194305,0.28599604964256287,0.11425996571779251
YLR024C,YMR273C,0,2.2190144,0.20251396298408508,0.28599604964256287,0.11436010152101517
YNL107W,YJL128C,0,2.218972,0.20237264037132263,0.28599604964256287,0.11446024477481842
YKL022C,YDR392W,0,2.2178462,0.2022315263748169,0.28599604964256287,0.11456038802862167
YGR229C,YJR053W,1,2.2171056,0.20278745889663696,0.2869822382926941,0.11456038802862167
YJL005W,YLR209C,0,2.2167077,0.20264624059200287,0.2869822382926941,0.11466052383184433
YJR119C,YFR019W,0,2.2166755,0.2025052160024643,0.2869822382926941,0.11476066708564758
YGL209W,YJL006C,0,2.2161825,0.20236440002918243,0.2869822382926941,0.11486080288887024
YMR078C,YML030W,0,2.215988,0.2022237628698349,0.2869822382926941,0.11496094614267349
YGL170C,YNL078W,0,2.2153542,0.20208333432674408,0.2869822382926941,0.11506108194589615
YBR247C,YEL062W,0,2.2150443,0.20194309949874878,0.2869822382926941,0.1151612251996994
YNL102W,YFL033C,0,2.2149174,0.201803058385849,0.2869822382926941,0.11526136845350266
YNL095C,YMR039C,0,2.2147558,0.20166319608688354,0.2869822382926941,0.11536150425672531
YPL259C,YER137C,0,2.2140076,0.2015235424041748,0.2869822382926941,0.11546164751052856
YDR254W,YJL200C,0,2.2135983,0.20138408243656158,0.2869822382926941,0.11556178331375122
YLR404W,YJL155C,0,2.2135026,0.20124481618404388,0.2869822382926941,0.11566192656755447
YJR006W,YNL027W,0,2.2131705,0.2011057287454605,0.2869822382926941,0.11576206982135773
YLR047C,YGL220W,0,2.213068,0.20096684992313385,0.2869822382926941,0.11586220562458038
YCL036W,YLR386W,0,2.212799,0.20082814991474152,0.2869822382926941,0.11596234887838364
YDR296W,YIR011C,0,2.2123163,0.2006896585226059,0.2869822382926941,0.11606248468160629
YML051W,YPL096W,0,2.2120507,0.2005513459444046,0.2869822382926941,0.11616262793540955
YCL008C,YLL033W,0,2.2109554,0.20041322708129883,0.2869822382926941,0.1162627711892128
YOR275C,YHR058C,0,2.2107396,0.20027528703212738,0.2869822382926941,0.11636290699243546
YHR158C,YER089C,1,2.2098072,0.2008253037929535,0.2879684269428253,0.11636290699243546
YHR002W,YKL117W,0,2.2097082,0.20068728923797607,0.2879684269428253,0.11646305024623871
YBR202W,YEL037C,0,2.209683,0.20054945349693298,0.2879684269428253,0.11656318604946136
YHR047C,YGR252W,0,2.2092032,0.2004118114709854,0.2879684269428253,0.11666332930326462
YGR089W,YPR152C,0,2.209192,0.20027434825897217,0.2879684269428253,0.11676347255706787
YHR158C,YGL181W,1,2.209018,0.20082248747348785,0.28895464539527893,0.11676347255706787
YDR026C,YOL158C,0,2.2083604,0.20068493485450745,0.28895464539527893,0.11686360836029053
YPL213W,YHR074W,0,2.20828,0.20054757595062256,0.28895464539527893,0.11696375161409378
YBL058W,YGL113W,0,2.2078898,0.200410395860672,0.28895464539527893,0.11706388741731644
YPR162C,YAL040C,0,2.207745,0.20027340948581696,0.28895464539527893,0.11716403067111969
YHR012W,YNL281W,0,2.2077246,0.20013661682605743,0.28895464539527893,0.11726416647434235
YMR273C,YHR079C,0,2.2075396,0.20000000298023224,0.28895464539527893,0.1173643097281456
YIL088C,YFR031C,0,2.2075377,0.19986356794834137,0.28895464539527893,0.11746445298194885
YOL155C,YBR129C,0,2.2071278,0.19972734153270721,0.28895464539527893,0.11756458878517151
YML064C,YOR119C,1,2.2070813,0.20027248561382294,0.28994083404541016,0.11756458878517151
YPR035W,YPR030W,0,2.2067127,0.20013613998889923,0.28994083404541016,0.11766473203897476
YGR229C,YLR127C,1,2.2066665,0.20068027079105377,0.2909270226955414,0.11766473203897476
YBL058W,YER087W,0,2.2061634,0.2005438506603241,0.2909270226955414,0.11776486784219742
YGR258C,YOR138C,0,2.2061002,0.20040760934352875,0.2909270226955414,0.11786501109600067
YGL083W,YEL031W,0,2.2056997,0.20027156174182892,0.2909270226955414,0.11796515434980392
YIL170W,YCR002C,0,2.2055707,0.20013567805290222,0.2909270226955414,0.11806529015302658
YLL061W,YKR026C,0,2.204991,0.20000000298023224,0.2909270226955414,0.11816543340682983
YKR002W,YGL216W,0,2.2049112,0.1998644918203354,0.2909270226955414,0.11826556921005249
YER168C,YBL034C,0,2.2045891,0.19972917437553406,0.2909270226955414,0.11836571246385574
YDR423C,YLR359W,0,2.2041237,0.19959405064582825,0.2909270226955414,0.118465855717659
YBL112C,YGR177C,0,2.203914,0.19945909082889557,0.2909270226955414,0.11856599152088165
YML051W,YFR013W,0,2.203857,0.1993243247270584,0.2909270226955414,0.1186661347746849
YLR440C,YKR002W,0,2.203843,0.19918973743915558,0.2909270226955414,0.11876627057790756
YBR125C,YIL159W,0,2.2031991,0.19905532896518707,0.2909270226955414,0.11886641383171082
YGR255C,YLL033W,0,2.2031934,0.1989210993051529,0.2909270226955414,0.11896654963493347
YER022W,YDR373W,0,2.2031271,0.19878706336021423,0.2909270226955414,0.11906669288873672
YBR243C,YDR404C,0,2.2027586,0.1986531913280487,0.2909270226955414,0.11916683614253998
YFR018C,YDR389W,0,2.2020414,0.1985195130109787,0.2909270226955414,0.11926697194576263
YPL002C,YKL015W,0,2.201934,0.19838601350784302,0.2909270226955414,0.11936711519956589
YGL237C,YBR172C,0,2.2017682,0.19825269281864166,0.2909270226955414,0.11946725100278854
YLR425W,YLR386W,0,2.2016141,0.19811953604221344,0.2909270226955414,0.1195673942565918
YLR206W,YHR039C-A,0,2.2012773,0.19798657298088074,0.2909270226955414,0.11966753751039505
YOR291W,YHR060W,0,2.2009997,0.19785378873348236,0.2909270226955414,0.1197676733136177
YEL036C,YEL030W,0,2.2006366,0.1977211833000183,0.2909270226955414,0.11986781656742096
YJL192C,YKL015W,0,2.2000494,0.1975887417793274,0.2909270226955414,0.11996795237064362
YLL008W,YIL132C,0,2.1994045,0.197456493973732,0.2909270226955414,0.12006809562444687
YOR126C,YIL094C,0,2.197227,0.19732441008090973,0.2909270226955414,0.12016823887825012
YKL067W,YMR065W,0,2.1963704,0.19719251990318298,0.2909270226955414,0.12026837468147278
YBR133C,YDR499W,1,2.19511,0.19772879779338837,0.2919132113456726,0.12026837468147278
YKL061W,YMR301C,0,2.19459,0.19759678840637207,0.2919132113456726,0.12036851793527603
YDR419W,YNL175C,0,2.1943274,0.1974649727344513,0.2919132113456726,0.12046865373849869
YOL107W,YGR229C,0,2.1942086,0.19733333587646484,0.2919132113456726,0.12056879699230194
YDR260C,YHR152W,1,2.1940894,0.19786809384822845,0.29289939999580383,0.12056879699230194
YJL024C,YKL186C,0,2.1939898,0.19773635268211365,0.29289939999580383,0.1206689327955246
YAL016W,YJL187C,1,2.1928608,0.19827012717723846,0.29388558864593506,0.1206689327955246
YPL139C,YAL041W,1,2.192537,0.19880318641662598,0.29487180709838867,0.1206689327955246
YDR164C,YNR015W,0,2.1922865,0.1986711025238037,0.29487180709838867,0.12076907604932785
YJR130C,YHR109W,0,2.1919034,0.19853918254375458,0.29487180709838867,0.1208692193031311
YLR210W,YJL030W,1,2.1915643,0.199071004986763,0.2958579957485199,0.1208692193031311
YGR036C,YML080W,0,2.1911128,0.1989389955997467,0.2958579957485199,0.12096935510635376
YJL206C,YML132W,0,2.1904657,0.19880715012550354,0.2958579957485199,0.12106949836015701
YGL173C,YJL013C,1,2.1899931,0.19933775067329407,0.2968441843986511,0.12106949836015701
YOR148C,YJR034W,0,2.1898112,0.19920583069324493,0.2968441843986511,0.12116963416337967
YBR261C,YJL149W,0,2.1893942,0.19907407462596893,0.2968441843986511,0.12126977741718292
YDR262W,YBR281C,0,2.1891496,0.19894249737262726,0.2968441843986511,0.12136992067098618
YOR206W,YGL180W,0,2.1881826,0.1988110989332199,0.2968441843986511,0.12147005647420883
YJL005W,YDR473C,0,2.187464,0.1986798644065857,0.2968441843986511,0.12157019972801208
YBR223C,YHR135C,0,2.187448,0.1985488086938858,0.2968441843986511,0.12167033553123474
YDL054C,YPL083C,0,2.1867032,0.19841793179512024,0.2968441843986511,0.121770478785038
YDL142C,YLR026C,0,2.1865442,0.1982872188091278,0.2968441843986511,0.12187062203884125
YGL225W,YDR207C,0,2.1863754,0.1981566846370697,0.2968441843986511,0.1219707578420639
YDL194W,YDR207C,1,2.1856277,0.1986842155456543,0.29783037304878235,0.1219707578420639
YDL111C,YOR393W,0,2.1853964,0.19855357706546783,0.29783037304878235,0.12207090109586716
YHR164C,YGL163C,0,2.184781,0.1984231323003769,0.29783037304878235,0.12217103689908981
YNL297C,YDL070W,0,2.1847591,0.1982928365468979,0.29783037304878235,0.12227118015289307
YHR047C,YKL217W,0,2.1846416,0.1981627345085144,0.29783037304878235,0.12237132340669632
YNL283C,YGR185C,0,2.1843817,0.19803278148174286,0.29783037304878235,0.12247145920991898
YJR107W,YJL176C,0,2.1843715,0.19790300726890564,0.29783037304878235,0.12257160246372223
YMR117C,YDR254W,0,2.1836255,0.19777341187000275,0.29783037304878235,0.12267173826694489
YKL182W,YKL082C,0,2.1834478,0.19764398038387299,0.29783037304878235,0.12277188152074814
YDL155W,YGL003C,1,2.1828644,0.19816873967647552,0.2988165616989136,0.12277188152074814
YGL083W,YDR364C,0,2.181745,0.1980392187833786,0.2988165616989136,0.1228720173239708
YBR066C,YIL132C,0,2.180671,0.1979098618030548,0.2988165616989136,0.12297216057777405
YAL047C,YDR099W,1,2.1804695,0.19843341410160065,0.2998027503490448,0.12297216057777405
YKL090W,YDR337W,0,2.180388,0.1983039826154709,0.2998027503490448,0.1230723038315773
YBR135W,YDR217C,1,2.1802287,0.1988265961408615,0.3007889688014984,0.1230723038315773
YOL010W,YDR476C,0,2.1798015,0.1986970752477646,0.3007889688014984,0.12317243963479996
YLL051C,YDL070W,0,2.1795275,0.1985677033662796,0.3007889688014984,0.12327258288860321
YER089C,YDR499W,1,2.1790774,0.1990891396999359,0.30177515745162964,0.12327258288860321
YPR080W,YNR028W,0,2.1786475,0.19895969331264496,0.30177515745162964,0.12337271869182587
YJL024C,YDR304C,0,2.1786346,0.19883041083812714,0.30177515745162964,0.12347286194562912
YLL008W,YJR031C,0,2.1783862,0.19870129227638245,0.30177515745162964,0.12357300519943237
YOR324C,YML109W,0,2.1780555,0.19857235252857208,0.30177515745162964,0.12367314100265503
YOL066C,YAL040C,0,2.1780312,0.19844357669353485,0.30177515745162964,0.12377328425645828
YBR247C,YOR327C,0,2.1778946,0.19831496477127075,0.30177515745162964,0.12387342005968094
YIL079C,YOR162C,0,2.1777606,0.19818653166294098,0.30177515745162964,0.12397356331348419
YKL203C,YLL043W,0,2.177633,0.19805824756622314,0.30177515745162964,0.12407370656728745
YDL142C,YJR028W,0,2.1769962,0.19793014228343964,0.30177515745162964,0.1241738423705101
YKL126W,YKR102W,0,2.176613,0.19780220091342926,0.30177515745162964,0.12427398562431335
YDR369C,YGL220W,0,2.1763618,0.19767442345619202,0.30177515745162964,0.12437412142753601
YPL129W,YJL082W,0,2.1763146,0.1975468099117279,0.30177515745162964,0.12447426468133926
YLR102C,YBL084C,1,2.1754138,0.19806452095508575,0.30276134610176086,0.12447426468133926
YLR268W,YLR348C,0,2.1748004,0.19793681800365448,0.30276134610176086,0.12457440048456192
YBR271W,YBR257W,0,2.1744747,0.19780927896499634,0.30276134610176086,0.12467454373836517
YHR014W,YAR019C,1,2.1730058,0.19832582771778107,0.3037475347518921,0.12467454373836517
YBR282W,YOR123C,0,2.172704,0.19819819927215576,0.3037475347518921,0.12477468699216843
YML051W,YJR107W,0,2.1724956,0.1980707347393036,0.3037475347518921,0.12487482279539108
YJR090C,YCR093W,1,2.1724594,0.1985861212015152,0.3047337234020233,0.12487482279539108
YBL058W,YAR002C-A,0,2.1724377,0.19845856726169586,0.3047337234020233,0.12497496604919434
YGL256W,YOR324C,0,2.17188,0.19833119213581085,0.3047337234020233,0.125075101852417
YHR166C,YKL101W,1,2.1708677,0.19884541630744934,0.30571991205215454,0.125075101852417
YOR138C,YAL039C,0,2.1706126,0.19871795177459717,0.30571991205215454,0.12517525255680084
YKR029C,YBL088C,1,2.1704109,0.19923126697540283,0.30670610070228577,0.12517525255680084
YBR059C,YNR015W,0,2.1703744,0.1991037130355835,0.30670610070228577,0.1252753883600235
YNL032W,YDR369C,0,2.1701696,0.1989763230085373,0.30670610070228577,0.12537552416324615
YKL090W,YPL112C,0,2.1683109,0.19884911179542542,0.30670610070228577,0.1254756599664688
YJL076W,YDR499W,1,2.168184,0.19936102628707886,0.3076923191547394,0.1254756599664688
YML051W,YMR143W,0,2.1675532,0.19923371076583862,0.3076923191547394,0.12557581067085266
YOR126C,YCL008C,0,2.1669366,0.19910657405853271,0.3076923191547394,0.12567594647407532
YBR081C,YNL010W,0,2.1665678,0.19897958636283875,0.3076923191547394,0.12577608227729797
YOR148C,YJL081C,0,2.1663563,0.1988527774810791,0.3076923191547394,0.12587623298168182
YBR002C,YDL121C,0,2.1662958,0.1987261176109314,0.3076923191547394,0.12597636878490448
YGR216C,YJR083C,0,2.1660225,0.19859962165355682,0.3076923191547394,0.12607650458812714
YGR251W,YJR107W,0,2.1659281,0.19847328960895538,0.3076923191547394,0.1261766403913498
YKR008W,YKR026C,0,2.1653445,0.19834710657596588,0.3076923191547394,0.12627679109573364
YFL034C-B,YBR274W,1,2.1647754,0.1988564133644104,0.3086785078048706,0.12627679109573364
YLR153C,YPR043W,0,2.1646454,0.19873015582561493,0.3086785078048706,0.1263769268989563
YNL172W,YIL035C,0,2.1635933,0.1986040621995926,0.3086785078048706,0.12647706270217896
YPL112C,YOR251C,0,2.1634083,0.1984781175851822,0.3086785078048706,0.1265772134065628
YBR128C,YNL262W,0,2.163343,0.19835235178470612,0.3086785078048706,0.12667734920978546
YOR232W,YDR062W,0,2.1632643,0.1982267200946808,0.3086785078048706,0.12677748501300812
YGR089W,YDL045C,0,2.162739,0.19810126721858978,0.3086785078048706,0.12687763571739197
YDR498C,YGR084C,0,2.1626434,0.19797596335411072,0.3086785078048706,0.12697777152061462
YGR056W,YMR304W,0,2.1622183,0.19785082340240479,0.3086785078048706,0.12707790732383728
YEL069C,YEL037C,0,2.161394,0.1977258324623108,0.3086785078048706,0.12717804312705994
YDR404C,YBR192W,0,2.1610658,0.19760100543498993,0.3086785078048706,0.1272781938314438
YNR021W,YNL192W,0,2.1605992,0.1974763423204422,0.3086785078048706,0.12737832963466644
YBR287W,YLR145W,0,2.1604283,0.1973518282175064,0.3086785078048706,0.1274784654378891
YIR018W,YMR114C,0,2.1603549,0.19722747802734375,0.3086785078048706,0.12757861614227295
YML049C,YLR153C,0,2.1602366,0.19710327684879303,0.3086785078048706,0.1276787519454956
YDR369C,YLR153C,0,2.1596663,0.19697923958301544,0.3086785078048706,0.12777888774871826
YNL172W,YJL013C,1,2.1594074,0.19748426973819733,0.30966469645500183,0.12777888774871826
YDR371W,YPR152C,0,2.1589534,0.19736015796661377,0.30966469645500183,0.12787902355194092
YDL036C,YNL107W,0,2.1587613,0.19723618030548096,0.30966469645500183,0.12797917425632477
YMR052W,YBL056W,1,2.1585898,0.1977401077747345,0.31065088510513306,0.12797917425632477
YDL202W,YFL013C,0,2.1578653,0.19761605560779572,0.31065088510513306,0.12807931005954742
YDR371W,YOR327C,0,2.1578512,0.19749216735363007,0.31065088510513306,0.12817944586277008
YDL111C,YJR053W,0,2.1573548,0.19736842811107635,0.31065088510513306,0.12827959656715393
YPR182W,YJR021C,0,2.156798,0.19724483788013458,0.31065088510513306,0.1283797323703766
YGR020C,YMR200W,0,2.1563222,0.19712139666080475,0.31065088510513306,0.12847986817359924
YNL095C,YLR383W,0,2.156115,0.19699811935424805,0.31065088510513306,0.1285800188779831
YBL079W,YIL047C,0,2.1557908,0.19687500596046448,0.31065088510513306,0.12868015468120575
YKL074C,YPL007C,0,2.154875,0.19675202667713165,0.31065088510513306,0.1287802904844284
YLR219W,YNL238W,0,2.1545923,0.19662921130657196,0.31065088510513306,0.12888042628765106
YNL273W,YLR389C,0,2.1545398,0.1965065449476242,0.31065088510513306,0.1289805769920349
YBL058W,YPR091C,0,2.154434,0.19638404250144958,0.31065088510513306,0.12908071279525757
YJR082C,YDR138W,0,2.154413,0.1962616890668869,0.31065088510513306,0.12918084859848022
YMR049C,YOL066C,0,2.153837,0.19613946974277496,0.31065088510513306,0.12928099930286407
YGL237C,YBR141C,0,2.1534946,0.19601742923259735,0.31065088510513306,0.12938113510608673
YER125W,YNL267W,0,2.1532679,0.19589552283287048,0.31065088510513306,0.1294812709093094
YGR252W,YGR020C,0,2.153221,0.19577376544475555,0.31065088510513306,0.12958140671253204
YDR263C,YNL182C,0,2.15296,0.19565217196941376,0.31065088510513306,0.1296815574169159
YHR030C,YNL231C,0,2.1527772,0.1955307275056839,0.31065088510513306,0.12978169322013855
YDL215C,YHR077C,0,2.1527133,0.19540943205356598,0.31065088510513306,0.1298818290233612
YOL145C,YDL097C,0,2.152328,0.19528828561306,0.31065088510513306,0.12998197972774506
YBL041W,YGL019W,0,2.1514468,0.19516728818416595,0.31065088510513306,0.1300821155309677
YOL104C,YOR244W,1,2.1510274,0.1956656277179718,0.3116370737552643,0.1300821155309677
YFL048C,YAR035W,0,2.150891,0.1955445557832718,0.3116370737552643,0.13018225133419037
YOR301W,YLL040C,0,2.1491416,0.19542361795902252,0.3116370737552643,0.13028240203857422
YKR002W,YDR260C,0,2.1487978,0.1953028440475464,0.3116370737552643,0.13038253784179688
YBR042C,YLR268W,0,2.1487913,0.195182204246521,0.3116370737552643,0.13048267364501953
YMR055C,YOR073W,1,2.1485791,0.19567900896072388,0.3126232624053955,0.13048267364501953
YHR014W,YBR156C,1,2.1479886,0.1961752027273178,0.3136094808578491,0.13048267364501953
YKR008W,YEL036C,0,2.1473465,0.19605425000190735,0.3136094808578491,0.1305828094482422
YPL240C,YGL060W,0,2.146114,0.19593346118927002,0.3136094808578491,0.13068296015262604
YDL078C,YLR026C,0,2.1456804,0.19581280648708344,0.3136094808578491,0.1307830959558487
YOR212W,YDR137W,0,2.1453478,0.1956923007965088,0.3136094808578491,0.13088323175907135
YBR275C,YJR133W,0,2.1449795,0.19557195901870728,0.3136094808578491,0.1309833824634552
YMR020W,YKL130C,0,2.1442964,0.1954517513513565,0.3136094808578491,0.13108351826667786
YJL128C,YKR044W,0,2.144224,0.19533169269561768,0.3136094808578491,0.1311836540699005
YOL142W,YLR268W,0,2.1440203,0.19521178305149078,0.3136094808578491,0.13128378987312317
YDR082W,YDL022W,0,2.142648,0.19509202241897583,0.3136094808578491,0.13138394057750702
YOR215C,YBL026W,0,2.1420944,0.19497241079807281,0.3136094808578491,0.13148407638072968
YLR314C,YHR074W,0,2.141473,0.19485294818878174,0.3136094808578491,0.13158421218395233
YKL093W,YOR297C,0,2.1412847,0.1947336196899414,0.3136094808578491,0.13168436288833618
YKR055W,YNL282W,0,2.140779,0.194614440202713,0.3136094808578491,0.13178449869155884
YFL057C,YNL026W,0,2.1407344,0.19449540972709656,0.3136094808578491,0.1318846344947815
YKR036C,YLR088W,0,2.140146,0.19437652826309204,0.3136094808578491,0.13198478519916534
YJR119C,YGL174W,0,2.1400604,0.19425779581069946,0.3136094808578491,0.132084921002388
YDL198C,YLL061W,0,2.139795,0.19413919746875763,0.3136094808578491,0.13218505680561066
YMR046C,YMR300C,0,2.1391356,0.19402074813842773,0.3136094808578491,0.1322851926088333
YIL088C,YDR195W,0,2.1388152,0.19390243291854858,0.3136094808578491,0.13238534331321716
YKR054C,YJR149W,0,2.1379642,0.19378428161144257,0.3136094808578491,0.13248547911643982
YBR066C,YOR194C,0,2.1373138,0.1936662644147873,0.3136094808578491,0.13258561491966248
YPL122C,YBR173C,0,2.1369817,0.19354838132858276,0.3136094808578491,0.13268576562404633
YDL132W,YLR263W,1,2.1366217,0.19403892755508423,0.31459566950798035,0.13268576562404633
YDR403W,YMR239C,0,2.1365473,0.19392096996307373,0.31459566950798035,0.13278590142726898
YAL017W,YDL070W,0,2.1361525,0.19380316138267517,0.31459566950798035,0.13288603723049164
YAL016W,YKR028W,0,2.1360195,0.19368548691272736,0.31459566950798035,0.1329861879348755
YML064C,YLR215C,1,2.1359632,0.19417475163936615,0.3155818581581116,0.1329861879348755
YOR229W,YER016W,1,2.1354096,0.19466343522071838,0.3165680468082428,0.1329861879348755
YNR031C,YDL111C,0,2.1352727,0.1945454478263855,0.3165680468082428,0.13308632373809814
YOR249C,YLR127C,1,2.1352367,0.19503331184387207,0.317554235458374,0.13308632373809814
YKL013C,YIL140W,0,2.1350408,0.19491524994373322,0.317554235458374,0.1331864595413208
YDR146C,YEL030W,0,2.1349719,0.1947973370552063,0.317554235458374,0.13328659534454346
YPR024W,YDR508C,0,2.1349654,0.19467955827713013,0.317554235458374,0.1333867460489273
YGL083W,YBL089W,0,2.1348817,0.1945619285106659,0.317554235458374,0.13348688185214996
YNL281W,YLL017W,0,2.1348326,0.1944444477558136,0.317554235458374,0.13358701765537262
YLL040C,YLR016C,0,2.1348221,0.19432710111141205,0.317554235458374,0.13368716835975647
YDL022W,YJL124C,0,2.1345763,0.19420988857746124,0.317554235458374,0.13378730416297913
YJR057W,YER049W,0,2.134493,0.19409282505512238,0.317554235458374,0.13388743996620178
YBR261C,YIL177C,0,2.1342285,0.19397591054439545,0.317554235458374,0.13398757576942444
YLR305C,YHR074W,0,2.133965,0.19385911524295807,0.317554235458374,0.1340877264738083
YOR304C-A,YBR257W,0,2.133787,0.19374248385429382,0.317554235458374,0.13418786227703094
YOL057W,YNL032W,0,2.1337755,0.19362597167491913,0.317554235458374,0.1342879980802536
YDR472W,YGR276C,0,2.1335204,0.19350960850715637,0.317554235458374,0.13438814878463745
YGR229C,YDR260C,1,2.1328764,0.19399400055408478,0.31854042410850525,0.13438814878463745
YBR125C,YDR226W,0,2.132864,0.19387754797935486,0.31854042410850525,0.1344882845878601
YGR144W,YDR195W,0,2.13254,0.19376124441623688,0.31854042410850525,0.13458842039108276
YJR082C,YCL057W,0,2.1318944,0.19364508986473083,0.31854042410850525,0.1346885710954666
YBR278W,YGL226C-A,0,2.131031,0.19352905452251434,0.31854042410850525,0.13478870689868927
YBR081C,YDR285W,0,2.1307395,0.1934131681919098,0.31854042410850525,0.13488884270191193
YNL110C,YMR065W,0,2.1306956,0.19329743087291718,0.31854042410850525,0.13498897850513458
YML027W,YNL298W,1,2.1301677,0.19377990067005157,0.3195266127586365,0.13498897850513458
YGR188C,YLR127C,1,2.1301658,0.1942618042230606,0.3205128312110901,0.13498897850513458
YNL271C,YLR182W,0,2.1300445,0.19414575397968292,0.3205128312110901,0.13508912920951843
YER008C,YCL052C,0,2.129878,0.19402985274791718,0.3205128312110901,0.1351892650127411
YGL083W,YML030W,0,2.1298263,0.19391408562660217,0.3205128312110901,0.13528940081596375
YPL129W,YDR373W,0,2.1292758,0.19379845261573792,0.3205128312110901,0.1353895515203476
YDL036C,YHR060W,0,2.1290348,0.1936829537153244,0.3205128312110901,0.13548968732357025
YOR249C,YDL132W,1,2.1285527,0.19416318833827972,0.3214990198612213,0.13548968732357025
YHR041C,YGL220W,0,2.1284442,0.19404761493206024,0.3214990198612213,0.1355898231267929
YGR167W,YGR222W,0,2.1284394,0.1939321905374527,0.3214990198612213,0.13568995893001556
YJL030W,YDR200C,1,2.128316,0.19441141188144684,0.32248520851135254,0.13568995893001556
YGR113W,YKL001C,0,2.1281676,0.19429589807987213,0.32248520851135254,0.13579010963439941
YKL205W,YOL062C,0,2.1280937,0.19418051838874817,0.32248520851135254,0.13589024543762207
YOL155C,YOR327C,0,2.1278512,0.19406528770923615,0.32248520851135254,0.13599038124084473
YJR031C,YDR497C,0,2.127842,0.19395017623901367,0.32248520851135254,0.13609053194522858
YGL220W,YHR079C,0,2.1274319,0.19383521378040314,0.32248520851135254,0.13619066774845123
YGR012W,YKR102W,0,2.127217,0.19372038543224335,0.32248520851135254,0.1362908035516739
YDR283C,YKR029C,1,2.1263125,0.19419774413108826,0.32347139716148376,0.1362908035516739
YNL172W,YIL142W,0,2.1259475,0.1940828412771225,0.32347139716148376,0.13639095425605774
YOR206W,YKL203C,0,2.1254876,0.19396807253360748,0.32347139716148376,0.1364910900592804
YNL026W,YDL225W,0,2.1254256,0.19385342299938202,0.32347139716148376,0.13659122586250305
YIR011C,YHR109W,0,2.125353,0.1937389224767685,0.32347139716148376,0.1366913616657257
YCR014C,YBR080C,0,2.1250477,0.1936245560646057,0.32347139716148376,0.13679151237010956
YIR025W,YGL241W,0,2.1247213,0.19351032376289368,0.32347139716148376,0.13689164817333221
YNL274C,YGL174W,0,2.124656,0.19339622557163239,0.32347139716148376,0.13699178397655487
YER173W,YGL158W,1,2.124456,0.19387154281139374,0.324457585811615,0.13699178397655487
YNL309W,YHL034C,0,2.1240308,0.19375735521316528,0.324457585811615,0.13709193468093872
YLR016C,YKR026C,0,2.123215,0.19364331662654877,0.324457585811615,0.13719207048416138
YJL225C,YLR224W,0,2.1228762,0.193529412150383,0.324457585811615,0.13729220628738403
YFL033C,YJR068W,1,2.1226287,0.19400352239608765,0.3254437744617462,0.13729220628738403
YBR158W,YIL112W,1,2.122235,0.19447708129882812,0.32642999291419983,0.13729220628738403
YPL153C,YOL113W,1,2.1216881,0.19495008885860443,0.32741618156433105,0.13729220628738403
YLR305C,YMR159C,0,2.1209006,0.19483567774295807,0.32741618156433105,0.1373923420906067
YAR019C,YNL161W,1,2.1197493,0.1953079104423523,0.3284023702144623,0.1373923420906067
YDR369C,YGL071W,0,2.119677,0.19519343972206116,0.3284023702144623,0.13749249279499054
YPL011C,YER171W,0,2.1195676,0.19507908821105957,0.3284023702144623,0.1375926285982132
YIR011C,YPL082C,0,2.1194751,0.19496487081050873,0.3284023702144623,0.13769276440143585
YML097C,YFR018C,0,2.1186645,0.19485078752040863,0.3284023702144623,0.1377929151058197
YLR314C,YDR518W,0,2.1178703,0.19473683834075928,0.3284023702144623,0.13789305090904236
YNL283C,YLL055W,0,2.1177647,0.19462302327156067,0.3284023702144623,0.13799318671226501
YGL190C,YJR090C,1,2.1162279,0.19509345293045044,0.3293885588645935,0.13799318671226501
YJL124C,YGL203C,0,2.1156113,0.19497956335544586,0.3293885588645935,0.13809333741664886
YIL031W,YBR160W,1,2.115427,0.19544924795627594,0.33037474751472473,0.13809333741664886
YOR071C,YDR304C,0,2.1153862,0.1953352838754654,0.33037474751472473,0.13819347321987152
YCR093W,YLR151C,0,2.115251,0.1952214390039444,0.33037474751472473,0.13829360902309418
YLR183C,YNL080C,0,2.1151302,0.19510774314403534,0.33037474751472473,0.13839374482631683
YMR315W,YGL241W,0,2.1148195,0.19499418139457703,0.33037474751472473,0.13849389553070068
YGL083W,YOR327C,0,2.114818,0.19488073885440826,0.33037474751472473,0.13859403133392334
YDR383C,YNR028W,0,2.1143413,0.19476744532585144,0.33037474751472473,0.138694167137146
YNL147W,YJL081C,0,2.1140878,0.19465427100658417,0.33037474751472473,0.13879431784152985
YDR473C,YPL087W,0,2.113486,0.19454123079776764,0.33037474751472473,0.1388944536447525
YNL032W,YNL298W,0,2.1133916,0.19442832469940186,0.33037474751472473,0.13899458944797516
YMR146C,YEL062W,0,2.1129448,0.19431553781032562,0.33037474751472473,0.13909472525119781
YDR473C,YKL064W,0,2.1120434,0.19420289993286133,0.33037474751472473,0.13919487595558167
YIL094C,YGL226C-A,0,2.1117318,0.19409038126468658,0.33037474751472473,0.13929501175880432
YOL066C,YDR498C,0,2.1113403,0.19397799670696259,0.33037474751472473,0.13939514756202698
YLL004W,YDR508C,0,2.1104903,0.19386574625968933,0.33037474751472473,0.13949529826641083
YLR107W,YJR103W,0,2.1103055,0.19375361502170563,0.33037474751472473,0.13959543406963348
YJL114W,YJR140C,0,2.1101952,0.19364161789417267,0.33037474751472473,0.13969556987285614
YDR099W,YHR061C,1,2.1099045,0.19410745799541473,0.33136093616485596,0.13969556987285614
YER022W,YEL043W,0,2.1095173,0.1939953863620758,0.33136093616485596,0.13979572057724
YER168C,YKL186C,0,2.1091905,0.19388343393802643,0.33136093616485596,0.13989585638046265
YJL011C,YML109W,0,2.1084533,0.193771630525589,0.33136093616485596,0.1399959921836853
YOR301W,YDR460W,0,2.108431,0.1936599463224411,0.33136093616485596,0.14009612798690796
YGR171C,YDR140W,0,2.1083086,0.19354838132858276,0.33136093616485596,0.1401962786912918
YGL122C,YJL004C,0,2.1069713,0.19343696534633636,0.33136093616485596,0.14029641449451447
YGL062W,YDR389W,0,2.1069653,0.19332566857337952,0.33136093616485596,0.14039655029773712
YBL058W,YKL166C,0,2.1061184,0.19321449100971222,0.33136093616485596,0.14049670100212097
YCL014W,YAL017W,0,2.1050107,0.19310344755649567,0.33136093616485596,0.14059683680534363
YNL282W,YDR262W,0,2.1035678,0.19299253821372986,0.33136093616485596,0.14069697260856628
YER167W,YLR102C,1,2.103204,0.1934558004140854,0.33234715461730957,0.14069697260856628
YHR164C,YER046W,0,2.1027267,0.19334480166435242,0.33234715461730957,0.14079712331295013
YHR047C,YIL046W,0,2.1023986,0.19323395192623138,0.33234715461730957,0.1408972591161728
YIL021W,YGR171C,0,2.100951,0.1931232064962387,0.33234715461730957,0.14099739491939545
YHR056C,YJL060W,0,2.1007996,0.19301259517669678,0.33234715461730957,0.1410975307226181
YKL203C,YHR152W,1,2.1007273,0.19347453117370605,0.3333333432674408,0.1410975307226181
YKL013C,YOR324C,0,2.1006243,0.19336384534835815,0.3333333432674408,0.14119768142700195
YGL116W,YPL194W,1,2.1003137,0.19382503628730774,0.334319531917572,0.14119768142700195
YJL140W,YHR109W,0,2.1002836,0.19371429085731506,0.334319531917572,0.1412978172302246
YMR055C,YLR310C,1,2.1002772,0.19417475163936615,0.33530572056770325,0.1412978172302246
YNL231C,YBR257W,0,2.0999796,0.1940639317035675,0.33530572056770325,0.14139795303344727
YPL150W,YAL039C,0,2.0994177,0.19395321607589722,0.33530572056770325,0.14149810373783112
YAL016W,YJR066W,1,2.0988889,0.19441276788711548,0.3362919092178345,0.14149810373783112
YIL132C,YCR002C,0,2.0988524,0.19430199265480042,0.3362919092178345,0.14159823954105377
YGL014W,YOR148C,0,2.0987306,0.1941913366317749,0.3362919092178345,0.14169837534427643
YKR044W,YAL031C,0,2.098658,0.19408081471920013,0.3362919092178345,0.14179851114749908
YDL194W,YDL008W,1,2.0983446,0.19453924894332886,0.3372780978679657,0.14179851114749908
YMR005W,YNL281W,0,2.0977776,0.19442865252494812,0.3372780978679657,0.14189866185188293
YKL182W,YGL019W,0,2.0977557,0.19431817531585693,0.3372780978679657,0.1419987976551056
YKR036C,YML052W,0,2.0962543,0.1942078322172165,0.3372780978679657,0.14209893345832825
YNL070W,YDR392W,0,2.0959353,0.1940976232290268,0.3372780978679657,0.1421990841627121
YNL027W,YBR281C,0,2.0956404,0.19398751854896545,0.3372780978679657,0.14229921996593475
YOR219C,YBL068W,0,2.0955682,0.19387754797935486,0.3372780978679657,0.1423993557691574
YJL191W,YGL226C-A,0,2.0953395,0.193767711520195,0.3372780978679657,0.14249950647354126
YDL028C,YNL298W,1,2.094677,0.19422423839569092,0.3382642865180969,0.14249950647354126
YML071C,YCL014W,0,2.0943267,0.1941143125295639,0.3382642865180969,0.14259964227676392
YBR156C,YER089C,1,2.0938444,0.1945701390504837,0.33925050497055054,0.14259964227676392
YDL179W,YBL084C,1,2.093836,0.19502544403076172,0.34023669362068176,0.14259964227676392
YDL128W,YLL012W,0,2.0937388,0.19491524994373322,0.34023669362068176,0.14269977807998657
YFR031C,YNL208W,0,2.093553,0.19480518996715546,0.34023669362068176,0.14279991388320923
YMR112C,YNL092W,0,2.0934997,0.19469526410102844,0.34023669362068176,0.14290006458759308
YJR090C,YKL101W,1,2.0915365,0.1951494663953781,0.341222882270813,0.14290006458759308
YDL142C,YFR036W,0,2.091534,0.19503946602344513,0.341222882270813,0.14300020039081573
YJR127C,YPR060C,0,2.0914297,0.1949295848608017,0.341222882270813,0.1431003361940384
YKR002W,YJR133W,0,2.0911577,0.19481982290744781,0.341222882270813,0.14320048689842224
YIL112W,YMR168C,1,2.090728,0.19527293741703033,0.3422090709209442,0.14320048689842224
YIL031W,YJL090C,1,2.0904274,0.19572553038597107,0.34319525957107544,0.14320048689842224
YLR033W,YIR039C,0,2.0900772,0.1956155151128769,0.34319525957107544,0.1433006227016449
YIL131C,YGR229C,1,2.0898783,0.1960674226284027,0.34418144822120667,0.1433006227016449
YDR389W,YOL054W,0,2.0890229,0.19595733284950256,0.34418144822120667,0.14340075850486755
YEL022W,YLR025W,0,2.0878367,0.19584736227989197,0.34418144822120667,0.1435008943080902
YOL165C,YNL231C,0,2.0875132,0.19573752582073212,0.34418144822120667,0.14360104501247406
YPL083C,YFR045W,0,2.0872579,0.19562780857086182,0.34418144822120667,0.14370118081569672
YKR028W,YEL029C,0,2.0869942,0.19551821053028107,0.34418144822120667,0.14380131661891937
YPR075C,YMR048W,1,2.086941,0.1959686428308487,0.3451676666736603,0.14380131661891937
YDR454C,YDR285W,0,2.0862172,0.19585898518562317,0.3451676666736603,0.14390146732330322
YPL042C,YDR146C,0,2.0859015,0.1957494467496872,0.3451676666736603,0.14400160312652588
YDL127W,YDL056W,1,2.0857873,0.19619899988174438,0.3461538553237915,0.14400160312652588
YIL021W,YDR062W,0,2.085683,0.19608938694000244,0.3461538553237915,0.14410173892974854
YKR054C,YOR098C,0,2.0842507,0.19597989320755005,0.3461538553237915,0.14420188963413239
YOL145C,YGR239C,0,2.0833354,0.1958705335855484,0.3461538553237915,0.14430202543735504
YBR135W,YLR210W,1,2.0832155,0.19631901383399963,0.34714004397392273,0.14430202543735504
YER133W,YGL158W,1,2.082953,0.19676700234413147,0.34812623262405396,0.14430202543735504
YIL061C,YNR028W,0,2.0818734,0.19665737450122833,0.34812623262405396,0.1444021612405777
YMR077C,YGR276C,0,2.0817726,0.19654788076877594,0.34812623262405396,0.14450229704380035
YCL014W,YDR159W,0,2.081649,0.1964385062456131,0.34812623262405396,0.1446024477481842
YMR013C,YDL179W,0,2.080955,0.1963292509317398,0.34812623262405396,0.14470258355140686
YDL202W,YBL052C,0,2.0808702,0.19622012972831726,0.34812623262405396,0.14480271935462952
YAL024C,YPL188W,0,2.0806289,0.19611111283302307,0.34812623262405396,0.14490287005901337
YBR118W,YPR162C,0,2.080591,0.19600221514701843,0.34812623262405396,0.14500300586223602
YNR003C,YOR123C,0,2.0803835,0.19589345157146454,0.34812623262405396,0.14510314166545868
YGL233W,YOR349W,0,2.080133,0.1957848072052002,0.34812623262405396,0.14520327746868134
YLR047C,YGL051W,0,2.079769,0.1956762820482254,0.34812623262405396,0.14530342817306519
YOR198C,YHR152W,1,2.0797307,0.19612188637256622,0.3491124212741852,0.14530342817306519
YOL129W,YPR171W,0,2.0795357,0.19601328670978546,0.3491124212741852,0.14540356397628784
YNL273W,YER133W,1,2.0795174,0.19645822048187256,0.3500986099243164,0.14540356397628784
YJR004C,YBR187W,0,2.0793295,0.19634956121444702,0.3500986099243164,0.1455036997795105
YBR133C,YDR207C,1,2.0792491,0.1967938095331192,0.35108479857444763,0.1455036997795105
YGR258C,YJR032W,0,2.079192,0.1966850757598877,0.35108479857444763,0.14560385048389435
YJL166W,YDR444W,0,2.0791454,0.19657647609710693,0.35108479857444763,0.145703986287117
YGR255C,YER090W,0,2.0791278,0.19646799564361572,0.35108479857444763,0.14580412209033966
YDR389W,YER168C,0,2.0783732,0.19635961949825287,0.35108479857444763,0.1459042727947235
YPL151C,YJL192C,0,2.077988,0.19625137746334076,0.35108479857444763,0.14600440859794617
YLR043C,YLR103C,0,2.0778477,0.1961432546377182,0.35108479857444763,0.14610454440116882
YGR085C,YMR186W,0,2.077753,0.196035236120224,0.35108479857444763,0.14620468020439148
YIL079C,YCR052W,0,2.0767457,0.19592735171318054,0.35108479857444763,0.14630483090877533
YJL081C,YBR173C,0,2.076504,0.19581958651542664,0.35108479857444763,0.14640496671199799
YBR281C,YBR257W,0,2.0764472,0.1957119256258011,0.35108479857444763,0.14650510251522064
YFR027W,YLR127C,1,2.076432,0.19615384936332703,0.35207101702690125,0.14650510251522064
YBR135W,YDL188C,1,2.0760453,0.19659528136253357,0.35305720567703247,0.14650510251522064
YKR056W,YMR078C,0,2.075936,0.19648738205432892,0.35305720567703247,0.1466052532196045
YAL016W,YDR200C,1,2.0758436,0.19692814350128174,0.3540433943271637,0.1466052532196045
YOR147W,YMR218C,0,2.075688,0.19682016968727112,0.3540433943271637,0.14670538902282715
YML049C,YOL028C,0,2.0751352,0.19671232998371124,0.3540433943271637,0.1468055248260498
YGR238C,YGR012W,0,2.0749257,0.19660459458827972,0.3540433943271637,0.14690566062927246
YNL107W,YNL080C,0,2.074529,0.19649699330329895,0.3540433943271637,0.1470058113336563
YNR031C,YDR137W,0,2.074525,0.19638949632644653,0.3540433943271637,0.14710594713687897
YBR096W,YJL192C,0,2.0740077,0.19628211855888367,0.3540433943271637,0.14720608294010162
YDR283C,YMR029C,1,2.0736535,0.19672131538391113,0.3550295829772949,0.14720608294010162
YIL020C,YKL186C,0,2.0727131,0.1966138780117035,0.3550295829772949,0.14730623364448547
YOR159C,YJL004C,0,2.072443,0.1965065449476242,0.3550295829772949,0.14740636944770813
YJR138W,YNL309W,0,2.0722806,0.19639934599399567,0.3550295829772949,0.1475065052509308
YNL153C,YKL074C,0,2.0721111,0.19629225134849548,0.3550295829772949,0.14760665595531464
YOL141W,YGR113W,0,2.0713718,0.19618529081344604,0.3550295829772949,0.1477067917585373
YBL041W,YAR035W,0,2.071326,0.19607843458652496,0.3550295829772949,0.14780692756175995
YNL271C,YBL076C,0,2.0708354,0.19597169756889343,0.3550295829772949,0.1479070633649826
YAL021C,YFR028C,1,2.0707421,0.19640913605690002,0.35601577162742615,0.1479070633649826
YDR059C,YDR472W,0,2.070062,0.19630233943462372,0.35601577162742615,0.14800721406936646
YOR249C,YHR166C,1,2.0699694,0.19673913717269897,0.3570019602775574,0.14800721406936646
YDL029W,YER090W,0,2.0699642,0.1966322660446167,0.3570019602775574,0.1481073498725891
YER013W,YGL200C,0,2.0694437,0.19652551412582397,0.3570019602775574,0.14820748567581177
YOR233W,YMR168C,1,2.069434,0.19696147739887238,0.357988178730011,0.14820748567581177
YLR452C,YKR036C,0,2.069091,0.19685466587543488,0.357988178730011,0.14830763638019562
YJL047C,YER016W,1,2.0688605,0.19728997349739075,0.3589743673801422,0.14830763638019562
YNL236W,YPL065W,0,2.0686991,0.19718310236930847,0.3589743673801422,0.14840777218341827
YNL085W,YLR329W,0,2.0684278,0.19707633554935455,0.3589743673801422,0.14850790798664093
YGL162W,YDL111C,0,2.0676568,0.19696970283985138,0.3589743673801422,0.14860805869102478
YBR186W,YBR136W,1,2.0674398,0.19740399718284607,0.35996055603027344,0.14860805869102478
YJL081C,YBL052C,0,2.0672565,0.19729728996753693,0.35996055603027344,0.14870819449424744
YHR012W,YDR140W,0,2.0671566,0.19719070196151733,0.35996055603027344,0.1488083302974701
YDR371W,YDL202W,0,2.066796,0.1970842331647873,0.35996055603027344,0.14890846610069275
YGR229C,YGR211W,1,2.0663404,0.1975175440311432,0.36094674468040466,0.14890846610069275
YLR113W,YGR216C,0,2.066083,0.19741100072860718,0.36094674468040466,0.1490086168050766
YHR085W,YJR140C,0,2.066041,0.19730457663536072,0.36094674468040466,0.14910875260829926
YMR020W,YDL074C,0,2.0660348,0.1971982717514038,0.36094674468040466,0.1492088884115219
YPR162C,YGL220W,0,2.0658524,0.19709208607673645,0.36094674468040466,0.14930903911590576
YNR015W,YFL001W,0,2.0651495,0.19698600471019745,0.36094674468040466,0.14940917491912842
YPL163C,YGL216W,0,2.0650356,0.196880042552948,0.36094674468040466,0.14950931072235107
YNL163C,YNL304W,0,2.0646422,0.1967741996049881,0.36094674468040466,0.14960944652557373
YMR013C,YNR018W,0,2.0645614,0.19666846096515656,0.36094674468040466,0.14970959722995758
YNL044W,YKR044W,0,2.064469,0.19656284153461456,0.36094674468040466,0.14980973303318024
YOL102C,YOR180C,0,2.0643585,0.19645732641220093,0.36094674468040466,0.1499098688364029
YJR006W,YPL065W,0,2.0637589,0.19635193049907684,0.36094674468040466,0.15001001954078674
YPL139C,YJR130C,0,2.0637164,0.1962466537952423,0.36094674468040466,0.1501101553440094
YJL081C,YER190W,0,2.0635839,0.19614148139953613,0.36094674468040466,0.15021029114723206
YDR263C,YER103W,0,2.063576,0.1960364282131195,0.36094674468040466,0.1503104418516159
YGL200C,YEL043W,0,2.0633898,0.19593147933483124,0.36094674468040466,0.15041057765483856
YDR351W,YOR222W,0,2.0627189,0.19582664966583252,0.36094674468040466,0.15051071345806122
YOL107W,YBR257W,0,2.0624032,0.19572192430496216,0.36094674468040466,0.15061084926128387
YKL020C,YBL079W,0,2.0623271,0.19561731815338135,0.36094674468040466,0.15071099996566772
YDL107W,YMR077C,0,2.0619633,0.1955128163099289,0.36094674468040466,0.15081113576889038
YDR419W,YOR353C,0,2.0618203,0.195408433675766,0.36094674468040466,0.15091127157211304
YGL122C,YGR216C,0,2.061742,0.19530415534973145,0.36094674468040466,0.1510114222764969
YMR269W,YPL065W,0,2.0613382,0.19519999623298645,0.36094674468040466,0.15111155807971954
YJL103C,YCR026C,0,2.0613122,0.1950959414243698,0.36094674468040466,0.1512116938829422
YML051W,YMR239C,0,2.0607812,0.19499200582504272,0.36094674468040466,0.15131182968616486
YER168C,YIR005W,0,2.0607684,0.194888174533844,0.36094674468040466,0.1514119803905487
YOR279C,YNR015W,0,2.0605996,0.19478446245193481,0.36094674468040466,0.15151211619377136
YNR017W,YOR324C,0,2.0605426,0.194680854678154,0.36094674468040466,0.15161225199699402
YLR020C,YER017C,0,2.0601912,0.19457735121250153,0.36094674468040466,0.15171240270137787
YGL094C,YDR240C,0,2.0600936,0.1944739669561386,0.36094674468040466,0.15181253850460052
YKL117W,YMR075W,0,2.0600748,0.19437068700790405,0.36094674468040466,0.15191267430782318
YKR020W,YBR155W,0,2.059972,0.19426751136779785,0.36094674468040466,0.15201282501220703
YPL127C,YOR340C,0,2.0599194,0.1941644549369812,0.36094674468040466,0.1521129608154297
YBR195C,YFL017W-A,0,2.05956,0.1940615028142929,0.36094674468040466,0.15221309661865234
YGR252W,YLL034C,0,2.059539,0.19395866990089417,0.36094674468040466,0.152313232421875
YPR072W,YIL002C,0,2.05912,0.19385592639446259,0.36094674468040466,0.15241338312625885
YCL061C,YOL139C,1,2.0587904,0.19428269565105438,0.3619329333305359,0.15241338312625885
YPR187W,YMR077C,0,2.058778,0.19417989253997803,0.3619329333305359,0.1525135189294815
YNL131W,YGR072W,0,2.058767,0.19407720863819122,0.3619329333305359,0.15261365473270416
YOR084W,YOR074C,0,2.0585763,0.19397462904453278,0.3619329333305359,0.152713805437088
YER151C,YDL047W,0,2.058401,0.19387215375900269,0.3619329333305359,0.15281394124031067
YJL214W,YGR118W,0,2.0581226,0.19376979768276215,0.3619329333305359,0.15291407704353333
YDL197C,YGL203C,0,2.058008,0.19366754591464996,0.3619329333305359,0.15301421284675598
YLR043C,YNL080C,0,2.0576227,0.19356539845466614,0.3619329333305359,0.15311436355113983
YGL186C,YGL190C,0,2.057211,0.19346337020397186,0.3619329333305359,0.1532144993543625
YJR010W,YHR060W,0,2.0571115,0.19336143136024475,0.3619329333305359,0.15331463515758514
YIR025W,YGL003C,1,2.0569725,0.19378620386123657,0.3629191219806671,0.15331463515758514
YGL086W,YDL179W,1,2.0567884,0.19421052932739258,0.36390531063079834,0.15331463515758514
YHR012W,YER019C-A,0,2.0567813,0.19410836696624756,0.36390531063079834,0.153414785861969
YHR164C,YER137C,0,2.0562773,0.1940063089132309,0.36390531063079834,0.15351492166519165
YHR047C,YKL203C,0,2.0560653,0.1939043551683426,0.36390531063079834,0.1536150574684143
YNL298W,YGR211W,1,2.0558736,0.1943277269601822,0.36489152908325195,0.1536150574684143
YIL139C,YHR051W,0,2.0549428,0.1942257285118103,0.36489152908325195,0.15371520817279816
YLR425W,YMR269W,0,2.0546606,0.19412381947040558,0.36489152908325195,0.1538153439760208
YDR411C,YNR057C,0,2.054011,0.1940220296382904,0.36489152908325195,0.15391547977924347
YLR005W,YLR300W,0,2.053765,0.1939203292131424,0.36489152908325195,0.15401561558246613
YGL173C,YMR029C,1,2.0535095,0.19434258341789246,0.3658777177333832,0.15401561558246613
YLR050C,YJL082W,0,2.0533016,0.19424083828926086,0.3658777177333832,0.15411576628684998
YPL104W,YKR028W,0,2.0530133,0.19413919746875763,0.3658777177333832,0.15421590209007263
YKR026C,YAL029C,0,2.0522532,0.19403766095638275,0.3658777177333832,0.1543160378932953
YOL010W,YJL103C,0,2.0521772,0.19393622875213623,0.3658777177333832,0.15441618859767914
YNL079C,YJL176C,0,2.0519004,0.19383490085601807,0.3658777177333832,0.1545163244009018
YLL029W,YDR498C,0,2.051716,0.19373367726802826,0.3658777177333832,0.15461646020412445
YBR195C,YLR024C,0,2.0513532,0.193632572889328,0.3658777177333832,0.1547165960073471
YFL001W,YBR281C,0,2.0513446,0.1935315579175949,0.3658777177333832,0.15481674671173096
YLR452C,YNL297C,0,2.0507042,0.19343066215515137,0.3658777177333832,0.1549168825149536
YHR066W,YOR239W,0,2.050552,0.193329855799675,0.3658777177333832,0.15501701831817627
YBR042C,YDR508C,0,2.0504234,0.19322916865348816,0.3658777177333832,0.15511716902256012
YER133W,YDL056W,1,2.0502074,0.19364914298057556,0.3668639063835144,0.15511716902256012
YKR055W,YNL050C,0,2.0499763,0.19354838132858276,0.3668639063835144,0.15521730482578278
YBR247C,YOR299W,0,2.049908,0.19344773888587952,0.3668639063835144,0.15531744062900543
YGL158W,YPL252C,0,2.0495582,0.19334720075130463,0.3668639063835144,0.15541759133338928
YDR527W,YHR079C,0,2.0488436,0.1932467520236969,0.3668639063835144,0.15551772713661194
YBL068W,YDR444W,0,2.0482342,0.19314642250537872,0.3668639063835144,0.1556178629398346
YNR004W,YNL290W,0,2.0482132,0.1930461823940277,0.3668639063835144,0.15571799874305725
YOR349W,YJR031C,0,2.0480013,0.19294606149196625,0.3668639063835144,0.1558181494474411
YDR383C,YPL213W,0,2.0479572,0.19284602999687195,0.3668639063835144,0.15591828525066376
YLL004W,YML109W,0,2.047485,0.1927461177110672,0.3668639063835144,0.1560184210538864
YDL127W,YBR274W,1,2.0472882,0.1931641697883606,0.36785009503364563,0.1560184210538864
YJL047C,YDR200C,1,2.0472558,0.19358177483081818,0.36883628368377686,0.1560184210538864
YNR013C,YNL259C,0,2.047188,0.19348163902759552,0.36883628368377686,0.15611857175827026
YDL107W,YMR300C,0,2.046966,0.19338159263134003,0.36883628368377686,0.15621870756149292
YGR095C,YPR138C,0,2.0469606,0.1932816505432129,0.36883628368377686,0.15631884336471558
YKL166C,YNL290W,0,2.0469272,0.1931818127632141,0.36883628368377686,0.15641897916793823
YOR244W,YMR048W,1,2.0467885,0.19359834492206573,0.3698224723339081,0.15641897916793823
YGR056W,YMR137C,0,2.0463483,0.19349844753742218,0.3698224723339081,0.15651912987232208
YDR411C,YDR498C,0,2.0461953,0.19339865446090698,0.3698224723339081,0.15661926567554474
YGL240W,YJL194W,1,2.0461154,0.19381442666053772,0.3708086907863617,0.15661926567554474
YHR082C,YFL013C,0,2.0459254,0.19371457397937775,0.3708086907863617,0.1567194014787674
YLR300W,YBR115C,0,2.045793,0.19361482560634613,0.3708086907863617,0.15681955218315125
YEL037C,YNL117W,0,2.0454676,0.19351518154144287,0.3708086907863617,0.1569196879863739
YBR155W,YMR295C,0,2.0451953,0.19341564178466797,0.3708086907863617,0.15701982378959656
YLL041C,YML112W,0,2.0449734,0.19331619143486023,0.3708086907863617,0.1571199744939804
YNL281W,YGL174W,0,2.04425,0.19321686029434204,0.3708086907863617,0.15722011029720306
YPR125W,YMR136W,0,2.043999,0.19311761856079102,0.3708086907863617,0.15732024610042572
YLR228C,YML109W,0,2.043832,0.19301848113536835,0.3708086907863617,0.15742038190364838
YKL174C,YLR141W,0,2.0433922,0.19291944801807404,0.3708086907863617,0.15752053260803223
YDR473C,YPR159W,0,2.0431752,0.19282051920890808,0.3708086907863617,0.15762066841125488
YGR238C,YKL094W,0,2.0428605,0.1927216798067093,0.3708086907863617,0.15772080421447754
YDR411C,YPL011C,0,2.0424562,0.19262294471263885,0.3708086907863617,0.1578209549188614
YNR044W,YGL216W,0,2.0424092,0.19252432882785797,0.3708086907863617,0.15792109072208405
YBL058W,YHR109W,0,2.0411975,0.19242578744888306,0.3708086907863617,0.1580212265253067
YPL127C,YJR082C,0,2.0411336,0.1923273652791977,0.3708086907863617,0.15812137722969055
YHR061C,YGR108W,1,2.0407424,0.1927402913570404,0.3717948794364929,0.15812137722969055
YER016W,YBR136W,1,2.0406506,0.1931527853012085,0.37278106808662415,0.15812137722969055
YBR006W,YDR404C,0,2.04005,0.19305413961410522,0.37278106808662415,0.1582215130329132
YDL045W-A,YEL043W,0,2.039897,0.19295558333396912,0.37278106808662415,0.15832164883613586
YPL127C,YGL051W,0,2.039865,0.19285714626312256,0.37278106808662415,0.15842178463935852
YCL074W,YER190W,0,2.0397642,0.19275879859924316,0.37278106808662415,0.15852193534374237
YBR202W,YGR268C,0,2.0395126,0.19266055524349213,0.37278106808662415,0.15862207114696503
YDR263C,YGR171C,0,2.039318,0.19256240129470825,0.37278106808662415,0.15872220695018768
YNL147W,YOR162C,0,2.0392742,0.19246435165405273,0.37278106808662415,0.15882235765457153
YDL165W,YAR019C,1,2.0390759,0.19287531077861786,0.37376725673675537,0.15882235765457153
YDL194W,YDL127W,1,2.0389209,0.19328585267066956,0.3747534453868866,0.15882235765457153
YMR013C,YOL038W,0,2.038908,0.19318759441375732,0.3747534453868866,0.1589224934577942
YOR291W,YER151C,0,2.0387807,0.19308942556381226,0.3747534453868866,0.15902262926101685
YCL014W,YMR200W,0,2.0383353,0.19299136102199554,0.3747534453868866,0.1591227650642395
YHR061C,YBR160W,1,2.038133,0.1934010088443756,0.3757396340370178,0.1591227650642395
YJR151C,YKL205W,0,2.0379183,0.19330288469791412,0.3757396340370178,0.15922291576862335
YPR182W,YBR261C,0,2.0377347,0.193204864859581,0.3757396340370178,0.159323051571846
YPL200W,YGL003C,1,2.0375876,0.19361378252506256,0.37672585248947144,0.159323051571846
YNR003C,YGR255C,0,2.0372982,0.19351570308208466,0.37672585248947144,0.15942318737506866
YJL225C,YOL043C,0,2.0368817,0.1934177279472351,0.37672585248947144,0.15952333807945251
YLR080W,YKL119C,0,2.0359845,0.19331984221935272,0.37672585248947144,0.15962347388267517
YBR150C,YOL093W,0,2.0356932,0.1932220607995987,0.37672585248947144,0.15972360968589783
YGL158W,YHR041C,0,2.0352952,0.19312436878681183,0.37672585248947144,0.15982376039028168
YJR151C,YOR239W,0,2.0352888,0.19302678108215332,0.37672585248947144,0.15992389619350433
YBL051C,YOR073W,1,2.0352674,0.19343434274196625,0.37771204113960266,0.15992389619350433
YDR083W,YIL135C,0,2.0348494,0.19333669543266296,0.37771204113960266,0.160024031996727
YJR138W,YDL215C,0,2.034833,0.19323915243148804,0.37771204113960266,0.16012416779994965
YER185W,YKL166C,0,2.0347757,0.19314169883728027,0.37771204113960266,0.1602243185043335
YPL042C,YBR141C,0,2.0345194,0.19304434955120087,0.37771204113960266,0.16032445430755615
YDR211W,YLR033W,0,2.034442,0.19294710457324982,0.37771204113960266,0.1604245901107788
YNL172W,YJL128C,0,2.0344198,0.19284994900226593,0.37771204113960266,0.16052474081516266
YNR074C,YNL297C,0,2.0339468,0.1927528977394104,0.37771204113960266,0.16062487661838531
YGR252W,YIL132C,0,2.0338256,0.19265593588352203,0.37771204113960266,0.16072501242160797
YPL153C,YJL076W,1,2.0337183,0.19306184351444244,0.3786982297897339,0.16072501242160797
YNL231C,YIL095W,0,2.033056,0.1929648220539093,0.3786982297897339,0.16082514822483063
YCR014C,YOR209C,0,2.0326962,0.19286790490150452,0.3786982297897339,0.16092529892921448
YNL006W,YCR002C,0,2.0325952,0.1927710771560669,0.3786982297897339,0.16102543473243713
YDL208W,YDR140W,0,2.0324671,0.19267435371875763,0.3786982297897339,0.1611255705356598
YLR291C,YKL095W,0,2.0317776,0.19257773458957672,0.3786982297897339,0.16122572124004364
YPL112C,YKR026C,0,2.0316486,0.19248120486736298,0.3786982297897339,0.1613258570432663
YKL190W,YER046W,0,2.0315611,0.1923847645521164,0.3786982297897339,0.16142599284648895
YJL087C,YNL335W,0,2.0313902,0.19228842854499817,0.3786982297897339,0.1615261435508728
YDR451C,YNL175C,0,2.0310187,0.1921921968460083,0.3786982297897339,0.16162627935409546
YPR119W,YFL013C,0,2.0309408,0.1920960545539856,0.3786982297897339,0.16172641515731812
YOR159C,YMR078C,0,2.030433,0.19200000166893005,0.3786982297897339,0.16182655096054077
YOR198C,YGR245C,1,2.0295305,0.19240379333496094,0.3796844184398651,0.16182655096054077
YNR057C,YBL068W,0,2.028861,0.19230769574642181,0.3796844184398651,0.16192670166492462
YOR198C,YJL013C,1,2.0288491,0.19271093606948853,0.38067060708999634,0.16192670166492462
YNL289W,YDR328C,1,2.0287046,0.193113774061203,0.38165679574012756,0.16192670166492462
YNL073W,YDL197C,0,2.0286677,0.19301745295524597,0.38165679574012756,0.16202683746814728
YMR276W,YCR060W,0,2.028659,0.1929212361574173,0.38165679574012756,0.16212697327136993
YNL085W,YBL113C,0,2.0286338,0.1928251087665558,0.38165679574012756,0.16222712397575378
YBR271W,YDL225W,0,2.028409,0.19272908568382263,0.38165679574012756,0.16232725977897644
YKL061W,YPL112C,0,2.0278993,0.19263315200805664,0.38165679574012756,0.1624273955821991
YOR106W,YKL217W,0,2.0278919,0.1925373077392578,0.38165679574012756,0.16252753138542175
YLR130C,YPR152C,0,2.0275304,0.19244156777858734,0.38165679574012756,0.1626276820898056
YPL134C,YJR112W,0,2.0274987,0.19234591722488403,0.38165679574012756,0.16272781789302826
YGL094C,YLR145W,0,2.0270286,0.19225037097930908,0.38165679574012756,0.16282795369625092
YJL029C,YOR353C,0,2.026836,0.1921549141407013,0.38165679574012756,0.16292810440063477
YNL281W,YGR246C,0,2.026738,0.19205954670906067,0.38165679574012756,0.16302824020385742
YDR451C,YLR113W,0,2.0265064,0.1919642835855484,0.38165679574012756,0.16312837600708008
YLL008W,YLR268W,0,2.026404,0.1918691098690033,0.38165679574012756,0.16322852671146393
YML032C,YOR297C,0,2.0262966,0.19177404046058655,0.38165679574012756,0.16332866251468658
YMR228W,YJL176C,0,2.02581,0.19167904555797577,0.38165679574012756,0.16342879831790924
YBR261C,YML036W,0,2.024367,0.19158415496349335,0.38165679574012756,0.1635289341211319
YJL192C,YAR031W,0,2.0241575,0.19148936867713928,0.38165679574012756,0.16362908482551575
YJR151C,YNL297C,0,2.0241113,0.1913946568965912,0.38165679574012756,0.1637292206287384
YER013W,YNR013C,0,2.023985,0.19130004942417145,0.38165679574012756,0.16382935643196106
YDR473C,YGR145W,0,2.023142,0.19120553135871887,0.38165679574012756,0.1639295071363449
YDR285W,YOR377W,0,2.0229142,0.19111111760139465,0.38165679574012756,0.16402964293956757
YNR067C,YNR013C,0,2.022582,0.1910167783498764,0.38165679574012756,0.16412977874279022
YGL158W,YMR032W,0,2.0225515,0.1909225434064865,0.38165679574012756,0.16422991454601288
YKL090W,YLR009W,0,2.0224113,0.19082839787006378,0.38165679574012756,0.16433006525039673
YER175C,YBR274W,0,2.022223,0.1907343566417694,0.38165679574012756,0.16443020105361938
YMR203W,YBL089W,0,2.0219965,0.190640389919281,0.38165679574012756,0.16453033685684204
YNL127W,YJL206C,0,2.0219212,0.19054652750492096,0.38165679574012756,0.1646304875612259
YMR269W,YDL047W,0,2.0217874,0.19045275449752808,0.38165679574012756,0.16473062336444855
YNL297C,YLR268W,0,2.0211957,0.19035907089710236,0.38165679574012756,0.1648307591676712
YJR119C,YGR281W,0,2.0208268,0.190265491604805,0.38165679574012756,0.16493090987205505
YPL194W,YNL116W,1,2.0205986,0.1906633973121643,0.3826429843902588,0.16493090987205505
YBL058W,YOR355W,0,2.0205412,0.19056974351406097,0.3826429843902588,0.1650310456752777
YHR156C,YPR127W,0,2.0204139,0.190476194024086,0.3826429843902588,0.16513118147850037
YGR077C,YPL188W,0,2.019701,0.19038273394107819,0.3826429843902588,0.16523131728172302
YER050C,YJL171C,0,2.0195959,0.19028936326503754,0.3826429843902588,0.16533146798610687
YDL132W,YBL088C,1,2.0193129,0.19068627059459686,0.3836292028427124,0.16533146798610687
YDR383C,YHR041C,0,2.019188,0.19059284031391144,0.3836292028427124,0.16543160378932953
YMR032W,YKR002W,0,2.0191758,0.19049951434135437,0.3836292028427124,0.16553173959255219
YCR060W,YMR032W,0,2.0189087,0.19040626287460327,0.3836292028427124,0.16563189029693604
YJR053W,YGL158W,1,2.0186014,0.19080235064029694,0.38461539149284363,0.16563189029693604
YGL062W,YMR075W,0,2.018556,0.19070903956890106,0.38461539149284363,0.1657320261001587
YMR033W,YFL023W,0,2.0184095,0.19061583280563354,0.38461539149284363,0.16583216190338135
YNR074C,YBR281C,0,2.0183496,0.1905227154493332,0.38461539149284363,0.1659323126077652
YJL030W,YPL244C,0,2.0173283,0.1904296875,0.38461539149284363,0.16603244841098785
YJL030W,YPL129W,0,2.0170534,0.19033674895763397,0.38461539149284363,0.1661325842142105
YKL061W,YMR308C,0,2.016714,0.1902438998222351,0.38461539149284363,0.16623272001743317
YJL030W,YML006C,0,2.016273,0.1901511400938034,0.38461539149284363,0.16633287072181702
YJL128C,YGL019W,0,2.0153139,0.19005848467350006,0.38461539149284363,0.16643300652503967
YLR452C,YJL085W,0,2.0149615,0.18996590375900269,0.38461539149284363,0.16653314232826233
YOR304W,YOR279C,0,2.0146308,0.18987341225147247,0.38461539149284363,0.16663329303264618
YLR191W,YOR038C,0,2.014054,0.18978102505207062,0.38461539149284363,0.16673342883586884
YKR019C,YCR014C,0,2.0139105,0.18968871235847473,0.38461539149284363,0.1668335646390915
YMR019W,YNL079C,0,2.0135994,0.1895965039730072,0.38461539149284363,0.16693370044231415
YHR175W,YAL040C,0,2.0135143,0.18950437009334564,0.38461539149284363,0.167033851146698
YLR316C,YKL095W,0,2.0132122,0.18941234052181244,0.38461539149284363,0.16713398694992065
YNL283C,YBR042C,0,2.012361,0.1893203854560852,0.38461539149284363,0.1672341227531433
YML049C,YDR262W,0,2.0121822,0.18922853469848633,0.38461539149284363,0.16733427345752716
YGL083W,YBR281C,0,2.011383,0.18913675844669342,0.38461539149284363,0.16743440926074982
YNL044W,YGR179C,0,2.0113533,0.18904508650302887,0.38461539149284363,0.16753454506397247
YNL163C,YDR140W,0,2.010468,0.1889534890651703,0.38461539149284363,0.16763469576835632
YNL289W,YER089C,1,2.0103767,0.18934625387191772,0.38560158014297485,0.16763469576835632
YGR081C,YPL083C,0,2.0102367,0.18925459682941437,0.38560158014297485,0.16773483157157898
YJL140W,YOR226C,0,2.0098727,0.18916304409503937,0.38560158014297485,0.16783496737480164
YIL143C,YGR216C,0,2.0096395,0.18907156586647034,0.38560158014297485,0.1679351031780243
YKL161C,YGL163C,0,2.0093656,0.18898017704486847,0.38560158014297485,0.16803525388240814
YFR013W,YLL019C,0,2.0090816,0.18888889253139496,0.38560158014297485,0.1681353896856308
YMR238W,YJL029C,0,2.0086927,0.18879768252372742,0.38560158014297485,0.16823552548885345
YDR351W,YGL071W,0,2.0085838,0.18870656192302704,0.38560158014297485,0.1683356761932373
YKL061W,YOR311C,0,2.0082397,0.18861553072929382,0.38560158014297485,0.16843581199645996
YLR105C,YGR179C,0,2.007239,0.18852458894252777,0.38560158014297485,0.16853594779968262
YOR126C,YCL052C,0,2.0071564,0.18843373656272888,0.38560158014297485,0.16863608360290527
YER117W,YHR168W,0,2.0071528,0.18834297358989716,0.38560158014297485,0.16873623430728912
YNL121C,YGR222W,0,2.0070128,0.1882522851228714,0.38560158014297485,0.16883637011051178
YDL015C,YBL085W,0,2.006316,0.188161700963974,0.38560158014297485,0.16893650591373444
YLR103C,YBL089W,0,2.0061038,0.18807119131088257,0.38560158014297485,0.1690366566181183
YPL050C,YGR143W,0,2.0057416,0.1879807710647583,0.38560158014297485,0.16913679242134094
YLR305C,YKR036C,0,2.0055027,0.1878904402256012,0.38560158014297485,0.1692369282245636
YPR111W,YDR457W,0,2.005313,0.18780019879341125,0.38560158014297485,0.16933707892894745
YDR222W,YDR373W,0,2.005202,0.18771003186702728,0.38560158014297485,0.1694372147321701
YGR199W,YHR051W,0,2.0052004,0.18761995434761047,0.38560158014297485,0.16953735053539276
YJL128C,YNL298W,0,2.005064,0.18752998113632202,0.38560158014297485,0.16963748633861542
YER165W,YFR018C,0,2.005043,0.18744008243083954,0.38560158014297485,0.16973763704299927
YFR036W,YNL172W,1,2.0046928,0.1878294199705124,0.3865877687931061,0.16973763704299927
YGL158W,YJR127C,0,2.0045135,0.18773946166038513,0.3865877687931061,0.16983777284622192
YGR229C,YMR199W,1,2.0041635,0.1881282925605774,0.3875739574432373,0.16983777284622192
YGR271W,YKL172W,0,2.0035481,0.18803827464580536,0.3875739574432373,0.16993790864944458
YKL119C,YNL309W,0,2.0033677,0.1879483461380005,0.3875739574432373,0.17003805935382843
YFL034C-B,YJL187C,1,2.003181,0.18833652138710022,0.38856014609336853,0.17003805935382843
YEL040W,YJR112W,0,2.0030093,0.18824653327465057,0.38856014609336853,0.1701381951570511
YNL107W,YGL010W,0,2.0025973,0.1881566345691681,0.38856014609336853,0.17023833096027374
YDR026C,YKL001C,0,2.002566,0.18806682527065277,0.38856014609336853,0.1703384667634964
YIL132C,YPR163C,0,2.002522,0.18797710537910461,0.38856014609336853,0.17043861746788025
YGR109C,YOR026W,1,2.0018811,0.18836432695388794,0.38954636454582214,0.17043861746788025
YOR298W,YHL034C,0,2.0018008,0.188274547457695,0.38954636454582214,0.1705387532711029
YJL112W,YKL095W,0,2.0010839,0.18818485736846924,0.38954636454582214,0.17063888907432556
YNL085W,YDR419W,0,2.001052,0.18809524178504944,0.38954636454582214,0.1707390397787094
YGL209W,YBL079W,0,2.0005083,0.1880057156085968,0.38954636454582214,0.17083917558193207
YDR310C,YJR063W,0,2.0002418,0.18791626393795013,0.38954636454582214,0.17093931138515472
YNL050C,YMR172W,0,1.9998395,0.18782691657543182,0.38954636454582214,0.17103946208953857
YNL267W,YBR173C,0,1.9997119,0.18773764371871948,0.38954636454582214,0.17113959789276123
YBR128C,YDR151C,0,1.9989719,0.1876484602689743,0.38954636454582214,0.1712397336959839
YBR278W,YKL078W,0,1.9989253,0.1875593513250351,0.38954636454582214,0.17133986949920654
YOR338W,YBR074W,0,1.9988811,0.18747033178806305,0.38954636454582214,0.1714400202035904
YAL021C,YDR217C,1,1.9988227,0.1878557801246643,0.39053255319595337,0.1714400202035904
YER177W,YOR073W,1,1.9988109,0.1882408708333969,0.3915187418460846,0.1714400202035904
YNR003C,YDR062W,0,1.9976707,0.18815165758132935,0.3915187418460846,0.17154015600681305
YNL010W,YLR278C,0,1.9973118,0.18806253373622894,0.3915187418460846,0.1716402918100357
YOR301W,YEL030W,0,1.9969635,0.1879734843969345,0.3915187418460846,0.17174044251441956
YGL236C,YGL212W,0,1.9964501,0.18788452446460724,0.3915187418460846,0.1718405783176422
YPL150W,YJR010W,0,1.9959892,0.18779565393924713,0.3915187418460846,0.17194071412086487
YNL314W,YLL017W,0,1.9957777,0.187706857919693,0.3915187418460846,0.17204084992408752
YMR112C,YHR041C,0,1.9955668,0.18761815130710602,0.3915187418460846,0.17214100062847137
YER133W,YLR127C,1,1.9955276,0.18800188601016998,0.3925049304962158,0.17214100062847137
YJL178C,YLR224W,0,1.9954821,0.18791311979293823,0.3925049304962158,0.17224113643169403
YPL011C,YOL104C,0,1.9946626,0.18782444298267365,0.3925049304962158,0.1723412722349167
YIL134W,YPL011C,0,1.9944834,0.18773585557937622,0.3925049304962158,0.17244142293930054
YMR019W,YLR073C,0,1.9944495,0.18764734268188477,0.3925049304962158,0.1725415587425232
YJL071W,YNL307C,0,1.9943873,0.18755890429019928,0.3925049304962158,0.17264169454574585
YNL238W,YOL004W,0,1.9940108,0.18747055530548096,0.3925049304962158,0.1727418452501297
YLR447C,YMR173W,0,1.9933597,0.1873822957277298,0.3925049304962158,0.17284198105335236
YGL026C,YHR077C,0,1.9926807,0.1872941106557846,0.3925049304962158,0.172942116856575
YCL057W,YBL052C,0,1.9925827,0.18720601499080658,0.3925049304962158,0.17304225265979767
YCR057C,YJL082W,0,1.9925753,0.18711800873279572,0.3925049304962158,0.17314240336418152
YPL151C,YNL236W,0,1.9921728,0.18703007698059082,0.3925049304962158,0.17324253916740417
YJR101W,YGL060W,0,1.9918643,0.1869422197341919,0.3925049304962158,0.17334267497062683
YMR284W,YFL001W,0,1.9913894,0.18685446679592133,0.3925049304962158,0.17344282567501068
YJL187C,YJL085W,0,1.9913274,0.18676677346229553,0.3925049304962158,0.17354296147823334
YMR032W,YLR224W,0,1.9911324,0.1866791695356369,0.3925049304962158,0.173643097281456
YDR260C,YML074C,1,1.991036,0.18706047534942627,0.39349111914634705,0.173643097281456
YPL139C,YNR004W,0,1.9909196,0.18697282671928406,0.39349111914634705,0.17374324798583984
YKL175W,YOL090W,0,1.9906892,0.18688525259494781,0.39349111914634705,0.1738433837890625
YGL209W,YCR011C,0,1.9903566,0.18679775297641754,0.39349111914634705,0.17394351959228516
YOL070C,YJR133W,0,1.9901128,0.18671034276485443,0.39349111914634705,0.1740436553955078
YDL142C,YJL206C,0,1.9900964,0.1866230070590973,0.39349111914634705,0.17414380609989166
YPR149W,YOR008C,0,1.9898661,0.1865357607603073,0.39349111914634705,0.17424394190311432
YKL172W,YNL092W,0,1.9898018,0.1864486038684845,0.39349111914634705,0.17434407770633698
YDR414C,YKL064W,0,1.9896315,0.18636150658130646,0.39349111914634705,0.17444422841072083
YDL054C,YDL227C,0,1.9894341,0.18627451360225677,0.39349111914634705,0.17454436421394348
YOR073W,YLR310C,1,1.9890215,0.1866542249917984,0.39447730779647827,0.17454436421394348
YDL059C,YPR190C,0,1.9883742,0.18656715750694275,0.39447730779647827,0.17464450001716614
YMR186W,YNR018W,0,1.9874145,0.18648017942905426,0.39447730779647827,0.1747446358203888
YDL215C,YOR261C,0,1.9871858,0.18639329075813293,0.39447730779647827,0.17484478652477264
YOR304C-A,YML080W,0,1.9870588,0.18630647659301758,0.39447730779647827,0.1749449223279953
YKL166C,YKL186C,0,1.9869198,0.1862197369337082,0.39447730779647827,0.17504505813121796
YOL062C,YKL015W,0,1.9859164,0.18613308668136597,0.39447730779647827,0.1751452088356018
YOR106W,YDL179W,0,1.985649,0.1860465109348297,0.39447730779647827,0.17524534463882446
YOR106W,YPR111W,0,1.9855975,0.18596002459526062,0.39447730779647827,0.17534548044204712
YBR260C,YMR033W,0,1.9853555,0.1858736127614975,0.39447730779647827,0.17544563114643097
YPR072W,YLR033W,0,1.9851781,0.18578727543354034,0.39447730779647827,0.17554576694965363
YLR329W,YDR404C,0,1.9850336,0.18570102751255035,0.39447730779647827,0.17564590275287628
YIL095W,YAR031W,0,1.9848577,0.18561485409736633,0.39447730779647827,0.17574603855609894
YGR229C,YDR217C,1,1.9844233,0.18599258363246918,0.3954634964466095,0.17574603855609894
YDR405W,YBR128C,0,1.9843524,0.18590635061264038,0.3954634964466095,0.1758461892604828
YOL066C,YFL033C,0,1.9837852,0.18582020699977875,0.3954634964466095,0.17594632506370544
YBR095C,YBL026W,0,1.9836246,0.18573413789272308,0.3954634964466095,0.1760464608669281
YOL052C,YGL226C-A,0,1.9835216,0.1856481432914734,0.3954634964466095,0.17614661157131195
YGL241W,YKL001C,0,1.982888,0.18556223809719086,0.3954634964466095,0.1762467473745346
YDR196C,YLR425W,0,1.9828354,0.1854764074087143,0.3954634964466095,0.17634688317775726
YHR153C,YOR233W,1,1.9825959,0.18585297465324402,0.3964497148990631,0.17634688317775726
YPL119C,YLR145W,0,1.982545,0.18576709926128387,0.3964497148990631,0.17644701898097992
YDR062W,YGL163C,0,1.982408,0.1856812983751297,0.3964497148990631,0.17654716968536377
YGR089W,YER190W,0,1.9823772,0.1855955719947815,0.3964497148990631,0.17664730548858643
YPL078C,YLR145W,0,1.9822613,0.18550992012023926,0.3964497148990631,0.17674744129180908
YGL180W,YNR015W,0,1.9819468,0.18542435765266418,0.3964497148990631,0.17684759199619293
YOR229W,YNL116W,1,1.9812146,0.18579991161823273,0.39743590354919434,0.17684759199619293
YOR138C,YDR496C,0,1.9811763,0.18571428954601288,0.39743590354919434,0.1769477277994156
YGR081C,YMR065W,0,1.9809295,0.185628741979599,0.39743590354919434,0.17704786360263824
YOR244W,YBL088C,1,1.9809254,0.1860036849975586,0.39842209219932556,0.17704786360263824
YJL194W,YBR222C,0,1.9805592,0.18591809272766113,0.39842209219932556,0.1771480143070221
YLL003W,YMR246W,0,1.9803058,0.18583256006240845,0.39842209219932556,0.17724815011024475
YGR081C,YLL043W,0,1.9800669,0.18574713170528412,0.39842209219932556,0.1773482859134674
YHR061C,YNL281W,0,1.9798096,0.18566176295280457,0.39842209219932556,0.17744842171669006
YNL079C,YHR051W,0,1.9796586,0.18557648360729218,0.39842209219932556,0.1775485724210739
YER101C,YOL004W,0,1.9796133,0.18549127876758575,0.39842209219932556,0.17764870822429657
YOL104C,YCR033W,1,1.9794248,0.18586507439613342,0.3994082808494568,0.17764870822429657
YAL040C,YCR033W,1,1.9792036,0.18623852729797363,0.400394469499588,0.17764870822429657
YGR113W,YDR260C,0,1.9791136,0.18615314364433289,0.400394469499588,0.17774884402751923
YMR112C,YJR119C,0,1.9786279,0.1860678344964981,0.400394469499588,0.17784899473190308
YDL028C,YBR160W,1,1.978225,0.18644067645072937,0.40138065814971924,0.17784899473190308
YAL047C,YPL194W,1,1.9780947,0.18681319057941437,0.40236687660217285,0.17784899473190308
YNR006W,YJR031C,0,1.9779321,0.18672768771648407,0.40236687660217285,0.17794913053512573
YMR179W,YGR155W,0,1.9774145,0.18664227426052094,0.40236687660217285,0.1780492663383484
YOR159C,YGR258C,0,1.9773668,0.18655692040920258,0.40236687660217285,0.17814940214157104
YER098W,YDR151C,0,1.9769815,0.18647167086601257,0.40236687660217285,0.1782495528459549
YCR093W,YML074C,1,1.9769543,0.18684330582618713,0.4033530652523041,0.1782495528459549
YHR004C,YIL079C,0,1.9762143,0.18675799667835236,0.4033530652523041,0.17834968864917755
YKL210W,YDR416W,0,1.9758333,0.18667274713516235,0.4033530652523041,0.1784498244524002
YJR055W,YBR192W,0,1.97575,0.18658758699893951,0.4033530652523041,0.17854997515678406
YAL021C,YPR119W,1,1.9755903,0.18695850670337677,0.4043392539024353,0.17854997515678406
YPL240C,YHR079C,0,1.9752859,0.18687328696250916,0.4043392539024353,0.1786501109600067
YLR182W,YKL171W,0,1.9744798,0.1867881566286087,0.4043392539024353,0.17875024676322937
YLR224W,YNL078W,0,1.9743617,0.18670310080051422,0.4043392539024353,0.17885039746761322
YIL170W,YHR119W,0,1.973816,0.1866181194782257,0.4043392539024353,0.17895053327083588
YAL047C,YMR048W,1,1.973615,0.18698817491531372,0.40532544255256653,0.17895053327083588
YAL024C,YMR213W,0,1.9733032,0.18690313398838043,0.40532544255256653,0.17905066907405853
YGL237C,YLR130C,0,1.973286,0.1868181824684143,0.40532544255256653,0.1791508048772812
YGL134W,YKR072C,1,1.9731413,0.18718764185905457,0.40631163120269775,0.1791508048772812
YMR061W,YGL010W,0,1.972352,0.18710263073444366,0.40631163120269775,0.17925095558166504
YPL188W,YDR497C,0,1.9717735,0.18701770901679993,0.40631163120269775,0.1793510913848877
YDR211W,YGL163C,0,1.971765,0.18693284690380096,0.40631163120269775,0.17945122718811035
YOR251C,YOR327C,0,1.971759,0.18684807419776917,0.40631163120269775,0.1795513778924942
YGL190C,YPL200W,1,1.9705493,0.18721668422222137,0.407297819852829,0.1795513778924942
YPR144C,YJR130C,0,1.9693276,0.1871318519115448,0.407297819852829,0.17965151369571686
YER175C,YLR268W,0,1.969201,0.1870470941066742,0.407297819852829,0.17975164949893951
YPL188W,YDR229W,0,1.968885,0.18696242570877075,0.407297819852829,0.17985178530216217
YKL182W,YBR042C,0,1.9685379,0.18687783181667328,0.407297819852829,0.17995193600654602
YOL155C,YIL035C,0,1.9680396,0.18679331243038177,0.407297819852829,0.18005207180976868
YER103W,YOR074C,0,1.9678187,0.18670886754989624,0.407297819852829,0.18015220761299133
YOL145C,YBR061C,0,1.9676188,0.18662449717521667,0.407297819852829,0.18025235831737518
YOL004W,YMR143W,0,1.9670525,0.18654020130634308,0.407297819852829,0.18035249412059784
YJR140C,YPR152C,0,1.9670444,0.18645597994327545,0.407297819852829,0.1804526299238205
YOR291W,YIL143C,0,1.966262,0.186371847987175,0.407297819852829,0.18055278062820435
YHL034C,YPL011C,0,1.9661013,0.1862877756357193,0.407297819852829,0.180652916431427
YMR038C,YLR344W,0,1.9658931,0.18620379269123077,0.407297819852829,0.18075305223464966
YDR059C,YBL052C,0,1.9656683,0.18611986935138702,0.407297819852829,0.18085318803787231
YDL036C,YLL002W,0,1.9655405,0.18603603541851044,0.407297819852829,0.18095333874225616
YBR156C,YNL172W,1,1.9651769,0.18640251457691193,0.4082840383052826,0.18095333874225616
YER022W,YNL073W,0,1.9645076,0.18631863594055176,0.4082840383052826,0.18105347454547882
YMR218C,YOR378W,0,1.9637142,0.18623481690883636,0.4082840383052826,0.18115361034870148
YOR297C,YLL017W,0,1.9629723,0.18615107238292694,0.4082840383052826,0.18125376105308533
YDL197C,YMR238W,0,1.9626645,0.18606741726398468,0.4082840383052826,0.18135389685630798
YOR209C,YLR213C,0,1.9625179,0.1859838217496872,0.4082840383052826,0.18145403265953064
YJR151C,YMR078C,0,1.9619113,0.18590031564235687,0.4082840383052826,0.1815541684627533
YOR145C,YOL102C,0,1.9617903,0.18581686913967133,0.4082840383052826,0.18165431916713715
YBL088C,YLR238W,1,1.961166,0.1861821413040161,0.4092702269554138,0.18165431916713715
YKL015W,YML109W,0,1.9610945,0.18609865009784698,0.4092702269554138,0.1817544549703598
YDR414C,YOR275C,0,1.9610882,0.18601523339748383,0.4092702269554138,0.18185459077358246
YER125W,YHR109W,0,1.9607984,0.18593190610408783,0.4092702269554138,0.1819547414779663
YOR057W,YMR029C,1,1.9607855,0.1862964630126953,0.41025641560554504,0.1819547414779663
YLL019C,YNR013C,0,1.9603146,0.18621307611465454,0.41025641560554504,0.18205487728118896
YOR216C,YCL032W,0,1.9601041,0.18612974882125854,0.41025641560554504,0.18215501308441162
YOL112W,YNL309W,0,1.9597942,0.1860465109348297,0.41025641560554504,0.18225516378879547
YEL062W,YNL259C,0,1.9593171,0.18596334755420685,0.41025641560554504,0.18235529959201813
YGR271W,YJL006C,0,1.9591151,0.18588024377822876,0.41025641560554504,0.18245543539524078
YHL007C,YHR153C,1,1.9586309,0.18624386191368103,0.41124260425567627,0.18245543539524078
YNL078W,YFL034C-B,1,1.9584173,0.18660713732242584,0.4122287929058075,0.18245543539524078
YMR193W,YML109W,0,1.9583977,0.18652386963367462,0.4122287929058075,0.18255557119846344
YKL020C,YDL225W,0,1.957985,0.18644067645072937,0.4122287929058075,0.1826557219028473
YPL129W,YOL004W,0,1.9578203,0.1863575577735901,0.4122287929058075,0.18275585770606995
YOL010W,YLR440C,0,1.9577136,0.18627451360225677,0.4122287929058075,0.1828559935092926
YIL061C,YDL077C,0,1.9574062,0.18619154393672943,0.4122287929058075,0.18295614421367645
YBR103W,YJR066W,1,1.9573872,0.18655388057231903,0.4132149815559387,0.18295614421367645
YNL231C,YCL004W,0,1.9571491,0.1864708513021469,0.4132149815559387,0.1830562800168991
YNL281W,YLR429W,0,1.9570489,0.18638789653778076,0.4132149815559387,0.18315641582012177
YLL008W,YLR024C,0,1.9569212,0.18630503118038177,0.4132149815559387,0.18325656652450562
YGR072W,YKL003C,0,1.9565777,0.18622222542762756,0.4132149815559387,0.18335670232772827
YFR013W,YDR451C,0,1.9565525,0.18613949418067932,0.4132149815559387,0.18345683813095093
YNL078W,YDR328C,1,1.9561803,0.1865008920431137,0.41420117020606995,0.18345683813095093
YIL020C,YKL015W,0,1.9554644,0.18641811609268188,0.41420117020606995,0.18355697393417358
YPL122C,YJL004C,0,1.9550189,0.18633539974689484,0.41420117020606995,0.18365712463855743
YJL112W,YDR499W,0,1.9548851,0.18625277280807495,0.41420117020606995,0.1837572604417801
YOR297C,YOR216C,0,1.9547088,0.18617020547389984,0.41420117020606995,0.18385739624500275
YGR081C,YGL112C,0,1.9545451,0.1860877275466919,0.41420117020606995,0.1839575469493866
YPL151C,YBR187W,0,1.954397,0.18600530922412872,0.41420117020606995,0.18405768275260925
YLR203C,YNL078W,0,1.9541835,0.18592298030853271,0.41420117020606995,0.1841578185558319
YNL281W,YJL006C,0,1.9541309,0.18584071099758148,0.41420117020606995,0.18425795435905457
YCR014C,YPL244C,0,1.9537917,0.18575851619243622,0.41420117020606995,0.18435810506343842
YDR518W,YKL095W,0,1.9533423,0.18567639589309692,0.41420117020606995,0.18445824086666107
YNL163C,YDR304C,0,1.9532374,0.1855943500995636,0.41420117020606995,0.18455837666988373
YNR057C,YGL203C,0,1.9530061,0.18551236391067505,0.41420117020606995,0.18465852737426758
YER138C,YDR457W,0,1.9525938,0.18543046712875366,0.41420117020606995,0.18475866317749023
YMR168C,YER168C,0,1.9519929,0.18534862995147705,0.41420117020606995,0.1848587989807129
YHR047C,YML039W,0,1.9516884,0.1852668672800064,0.41420117020606995,0.18495894968509674
YML071C,YMR229C,0,1.951584,0.18518517911434174,0.41420117020606995,0.1850590854883194
YGL233W,YJR103W,0,1.9514376,0.18510356545448303,0.41420117020606995,0.18515922129154205
YGL241W,YCR026C,0,1.9512945,0.1850220263004303,0.41420117020606995,0.1852593570947647
YPL139C,YGR238C,1,1.9512907,0.18538089096546173,0.41518738865852356,0.1852593570947647
YLR305C,YMR238W,0,1.9508616,0.18529929220676422,0.41518738865852356,0.18535950779914856
YHR074W,YJL095W,0,1.9496961,0.18521776795387268,0.41518738865852356,0.18545964360237122
YLR425W,YDR222W,0,1.9496273,0.1851363182067871,0.41518738865852356,0.18555977940559387
YBR202W,YLR330W,0,1.9486012,0.1850549429655075,0.41518738865852356,0.18565993010997772
YER162C,YKR035W-A,0,1.9483768,0.18497364223003387,0.41518738865852356,0.18576006591320038
YDR451C,YNL164C,1,1.9477078,0.1853315830230713,0.4161735773086548,0.18576006591320038
YDL107W,YOL090W,0,1.9476701,0.18525022268295288,0.4161735773086548,0.18586020171642303
YDR530C,YMR093W,0,1.9475548,0.18516893684864044,0.4161735773086548,0.1859603375196457
YAR002C-A,YOR123C,0,1.9471339,0.18508772552013397,0.4161735773086548,0.18606048822402954
YFR013W,YGR167W,0,1.9468724,0.18500657379627228,0.4161735773086548,0.1861606240272522
YGR179C,YNL006W,0,1.9468285,0.18492549657821655,0.4161735773086548,0.18626075983047485
YPL007C,YKR102W,0,1.9465777,0.184844508767128,0.4161735773086548,0.1863609105348587
YPL259C,YGL113W,0,1.9465638,0.184763565659523,0.4161735773086548,0.18646104633808136
YMR052W,YOL113W,1,1.9464086,0.1851203441619873,0.417159765958786,0.18646104633808136
YLR404W,YMR273C,0,1.9460573,0.18503937125205994,0.417159765958786,0.18656118214130402
YFR013W,YBL041W,0,1.9460385,0.18495845794677734,0.417159765958786,0.18666133284568787
YGL010W,YGL169W,0,1.9459112,0.18487761914730072,0.417159765958786,0.18676146864891052
YBR177C,YDR207C,0,1.9456967,0.18479685485363007,0.417159765958786,0.18686160445213318
YGL112C,YNL084C,0,1.9451574,0.1847161501646042,0.417159765958786,0.18696174025535583
YGR175C,YOR338W,0,1.9449359,0.18463553488254547,0.417159765958786,0.18706189095973969
YNL304W,YPL113C,0,1.9448757,0.18455497920513153,0.417159765958786,0.18716202676296234
YOR073W,YJR090C,1,1.9443647,0.1849105954170227,0.41814595460891724,0.18716202676296234
YLR244C,YLR394W,0,1.9438391,0.18482999503612518,0.41814595460891724,0.187262162566185
YLR361C,YBL084C,1,1.9434392,0.18518517911434174,0.41913214325904846,0.187262162566185
YJR107W,YMR112C,0,1.9434191,0.18510453402996063,0.41913214325904846,0.18736231327056885
YOR291W,YBL076C,0,1.9431708,0.1850239485502243,0.41913214325904846,0.1874624490737915
YBL112C,YDL040C,0,1.9431522,0.18494342267513275,0.41913214325904846,0.18756258487701416
YGL112C,YLR330W,0,1.9429382,0.18486298620700836,0.41913214325904846,0.18766272068023682
YOR106W,YKL190W,0,1.9422686,0.18478260934352875,0.41913214325904846,0.18776287138462067
YLR288C,YBL084C,1,1.9420061,0.18513689935207367,0.4201183319091797,0.18776287138462067
YKL161C,YDL111C,0,1.9411958,0.18505647778511047,0.4201183319091797,0.18786300718784332
YLL003W,YGR169C,0,1.940808,0.18497611582279205,0.4201183319091797,0.18796314299106598
YDR530C,YLR268W,0,1.9407842,0.1848958283662796,0.4201183319091797,0.18806329369544983
YJR083C,YPL011C,0,1.9407802,0.18481561541557312,0.4201183319091797,0.18816342949867249
YHR014W,YNL068C,1,1.9404297,0.18516913056373596,0.4211045503616333,0.18816342949867249
YDR082W,YML080W,0,1.9403661,0.1850888580083847,0.4211045503616333,0.18826356530189514
YBR135W,YLR321C,1,1.9400874,0.18544194102287292,0.4220907390117645,0.18826356530189514
YLR203C,YEL022W,0,1.9384407,0.18536162376403809,0.4220907390117645,0.188363716006279
YHR030C,YPR083W,0,1.9380271,0.18528138101100922,0.4220907390117645,0.18846385180950165
YDR026C,YJL030W,0,1.9378722,0.18520121276378632,0.4220907390117645,0.1885639876127243
YJL029C,YNL080C,0,1.9378127,0.1851211041212082,0.4220907390117645,0.18866412341594696
YMR218C,YDR373W,0,1.9377913,0.18504106998443604,0.4220907390117645,0.1887642741203308
YNR031C,YGR271W,0,1.9376748,0.18496111035346985,0.4220907390117645,0.18886440992355347
YMR284W,YIL142W,0,1.9375596,0.18488121032714844,0.4220907390117645,0.18896454572677612
YMR194W,YOR239W,0,1.9373076,0.184801384806633,0.4220907390117645,0.18906469643115997
YGL169W,YNL259C,0,1.9372545,0.18472161889076233,0.4220907390117645,0.18916483223438263
YGR010W,YDR260C,0,1.9369184,0.18464192748069763,0.4220907390117645,0.18926496803760529
YER185W,YCR002C,0,1.935727,0.1845623105764389,0.4220907390117645,0.18936510384082794
YNL164C,YDR283C,1,1.9355773,0.18491379916667938,0.42307692766189575,0.18936510384082794
YJR036C,YJL128C,0,1.9351653,0.18483412265777588,0.42307692766189575,0.1894652545452118
YLR440C,YBR173C,0,1.9351592,0.18475452065467834,0.42307692766189575,0.18956539034843445
YOR026W,YER089C,1,1.9350462,0.18510547280311584,0.424063116312027,0.18956539034843445
YHR115C,YHR061C,1,1.9349339,0.18545611202716827,0.4250493049621582,0.18956539034843445
YOL155C,YDL045C,0,1.9346247,0.1853763461112976,0.4250493049621582,0.1896655261516571
YOL038W,YBR274W,0,1.9345819,0.18529663980007172,0.4250493049621582,0.18976567685604095
YLR310C,YLR079W,1,1.9342504,0.18564675748348236,0.42603549361228943,0.18976567685604095
YBR125C,YJL006C,0,1.9336847,0.1855670064687729,0.42603549361228943,0.1898658126592636
YDR371W,YKL078W,0,1.9332956,0.18548732995986938,0.42603549361228943,0.18996594846248627
YPL167C,YER171W,0,1.932981,0.18540772795677185,0.42603549361228943,0.19006609916687012
YIL131C,YOR249C,1,1.9328393,0.18575718998908997,0.42702168226242065,0.19006609916687012
YNL289W,YGR188C,1,1.9327685,0.186106339097023,0.42800790071487427,0.19006609916687012
YPL259C,YBL034C,0,1.9323206,0.18602657318115234,0.42800790071487427,0.19016623497009277
YGR020C,YKL165C,0,1.932312,0.18594686686992645,0.42800790071487427,0.19026637077331543
YOL165C,YJL004C,0,1.9322277,0.18586723506450653,0.42800790071487427,0.19036650657653809
YGR252W,YDR364C,0,1.9319675,0.18578767776489258,0.42800790071487427,0.19046665728092194
YGR052W,YOR145C,0,1.9310955,0.1857081800699234,0.42800790071487427,0.1905667930841446
YLR429W,YNL238W,0,1.9308586,0.185628741979599,0.42800790071487427,0.19066692888736725
YAL021C,YLR288C,1,1.9305454,0.18597690761089325,0.4289940893650055,0.19066692888736725
YLR452C,YNL290W,0,1.9304869,0.18589743971824646,0.4289940893650055,0.1907670795917511
YKL013C,YDL170W,0,1.9301687,0.18581803143024445,0.4289940893650055,0.19086721539497375
YDR034C,YGR246C,0,1.9300612,0.1857386827468872,0.4289940893650055,0.1909673511981964
YNL085W,YGR199W,0,1.9300076,0.18565940856933594,0.4289940893650055,0.19106750190258026
YDR164C,YGR229C,0,1.9297961,0.18558020889759064,0.4289940893650055,0.19116763770580292
YDL165W,YDR207C,1,1.929747,0.18592751026153564,0.4299802780151367,0.19116763770580292
YDR351W,YGL004C,0,1.9292718,0.18584825098514557,0.4299802780151367,0.19126777350902557
YMR112C,YBR026C,0,1.9292371,0.18576906621456146,0.4299802780151367,0.19136790931224823
YML112W,YFL023W,0,1.9292306,0.18568995594978333,0.4299802780151367,0.19146806001663208
YNR018W,YOR089C,0,1.9286515,0.18561090528964996,0.4299802780151367,0.19156819581985474
YJL005W,YKR026C,0,1.9281374,0.18553191423416138,0.4299802780151367,0.1916683316230774
YNL309W,YNL147W,0,1.9277129,0.18545299768447876,0.4299802780151367,0.19176848232746124
YIL106W,YLR238W,1,1.92762,0.18579931557178497,0.43096646666526794,0.19176848232746124
YOR176W,YBR278W,0,1.9274603,0.18572035431861877,0.43096646666526794,0.1918686181306839
YDR414C,YER101C,0,1.9274172,0.18564146757125854,0.43096646666526794,0.19196875393390656
YOR159C,YDR364C,0,1.9273573,0.1855626255273819,0.43096646666526794,0.1920688897371292
YER167W,YGR098C,1,1.9270527,0.18590831756591797,0.43195265531539917,0.1920688897371292
YBL041W,YMR273C,0,1.9266306,0.18582944571971893,0.43195265531539917,0.19216904044151306
YLR191W,YNL335W,0,1.925716,0.18575063347816467,0.43195265531539917,0.19226917624473572
YKL020C,YDL140C,0,1.9251606,0.18567189574241638,0.43195265531539917,0.19236931204795837
YLR141W,YHL027W,0,1.924502,0.18559321761131287,0.43195265531539917,0.19246946275234222
YMR039C,YGR012W,0,1.9244744,0.18551461398601532,0.43195265531539917,0.19256959855556488
YOR291W,YER130C,0,1.9234556,0.18543606996536255,0.43195265531539917,0.19266973435878754
YHR211W,YGR070W,0,1.9232703,0.18535760045051575,0.43195265531539917,0.1927698850631714
YBL056W,YMR199W,1,1.922954,0.18570220470428467,0.4329388439655304,0.1927698850631714
YBR150C,YER115C,0,1.9229249,0.1856236755847931,0.4329388439655304,0.19287002086639404
YOR232W,YDR403W,0,1.9229034,0.18554522097110748,0.4329388439655304,0.1929701566696167
YKL078W,YIL048W,0,1.9225864,0.18546684086322784,0.4329388439655304,0.19307029247283936
YBR274W,YGR098C,1,1.9222933,0.18581080436706543,0.433925062417984,0.19307029247283936
YDR205W,YDR207C,0,1.921288,0.1857323795557022,0.433925062417984,0.1931704431772232
YDR082W,YDR419W,0,1.9212375,0.18565401434898376,0.433925062417984,0.19327057898044586
YLL061W,YFL001W,0,1.92118,0.1855757087469101,0.433925062417984,0.19337071478366852
YKL130C,YNL080C,0,1.9210576,0.1854974776506424,0.433925062417984,0.19347086548805237
YBR096W,YGL233W,0,1.9206511,0.18541930615901947,0.433925062417984,0.19357100129127502
YDR260C,YJR090C,1,1.9201792,0.185762420296669,0.43491125106811523,0.19357100129127502
YOR106W,YDR076W,0,1.9198164,0.1856842041015625,0.43491125106811523,0.19367113709449768
YGR238C,YBR061C,0,1.9194988,0.18560606241226196,0.43491125106811523,0.19377127289772034
YBR261C,YPR091C,0,1.9190682,0.1855279803276062,0.43491125106811523,0.1938714236021042
YPL078C,YGL019W,0,1.918833,0.18544995784759521,0.43491125106811523,0.19397155940532684
YBR276C,YHR109W,0,1.918578,0.1853720098733902,0.43491125106811523,0.1940716952085495
YDR207C,YDR260C,1,1.9185516,0.18571428954601288,0.43589743971824646,0.1940716952085495
YOL070C,YOL043C,0,1.9183024,0.18563628196716309,0.43589743971824646,0.19417184591293335
YNL085W,YNR017W,0,1.9179953,0.18555834889411926,0.43589743971824646,0.194271981716156
YMR240C,YOR162C,0,1.9179366,0.1854804903268814,0.43589743971824646,0.19437211751937866
YKL090W,YOR025W,0,1.917682,0.18540269136428833,0.43589743971824646,0.1944722682237625
YHR082C,YDL077C,0,1.9174436,0.18532495200634003,0.43589743971824646,0.19457240402698517
YJR138W,YPL134C,0,1.9172082,0.1852472722530365,0.43589743971824646,0.19467253983020782
YDR414C,YJR053W,0,1.91645,0.18516966700553894,0.43589743971824646,0.19477267563343048
YMR061W,YLR103C,0,1.9164302,0.18509212136268616,0.43589743971824646,0.19487282633781433
YMR168C,YFR008W,1,1.9163597,0.18543323874473572,0.4368836283683777,0.19487282633781433
YDL045W-A,YDL111C,0,1.9163014,0.18535564839839935,0.4368836283683777,0.194972962141037
YGR056W,YBR187W,0,1.9161216,0.18527813255786896,0.4368836283683777,0.19507309794425964
YIL061C,YOR299W,0,1.915855,0.18520067632198334,0.4368836283683777,0.1951732486486435
YJL194W,YGR252W,0,1.9156009,0.1851232796907425,0.4368836283683777,0.19527338445186615
YDR285W,YOR216C,0,1.9155687,0.18504594266414642,0.4368836283683777,0.1953735202550888
YPL096W,YER115C,0,1.9154998,0.18496868014335632,0.4368836283683777,0.19547365605831146
YDR030C,YCR093W,0,1.9153283,0.1848914921283722,0.4368836283683777,0.1955738067626953
YJR151C,YJL081C,0,1.9148551,0.18481434881687164,0.4368836283683777,0.19567394256591797
YNL175C,YPL208W,0,1.9148109,0.18473728001117706,0.4368836283683777,0.19577407836914062
YOL052C,YLR005W,0,1.9139701,0.18466027081012726,0.4368836283683777,0.19587422907352448
YOL082W,YGL244W,0,1.9138138,0.18458333611488342,0.4368836283683777,0.19597436487674713
YGR199W,YKL130C,0,1.9133643,0.18450646102428436,0.4368836283683777,0.1960745006799698
YGR238C,YDL101C,1,1.9128824,0.184845969080925,0.4378698170185089,0.1960745006799698
YCR093W,YGR108W,1,1.9128208,0.18518517911434174,0.43885600566864014,0.1960745006799698
YDL008W,YGL003C,1,1.9125863,0.185524120926857,0.43984219431877136,0.1960745006799698
YGL240W,YOR233W,1,1.9119948,0.18586277961730957,0.440828412771225,0.1960745006799698
YMR227C,YMR270C,0,1.9119818,0.18578553199768066,0.440828412771225,0.19617465138435364
YDL188C,YPL194W,1,1.9118614,0.1861238032579422,0.4418146014213562,0.19617465138435364
YBR260C,YPR091C,0,1.911831,0.1860465109348297,0.4418146014213562,0.1962747871875763
YNL102W,YGL233W,0,1.9117029,0.185969278216362,0.4418146014213562,0.19637492299079895
YJL060W,YPL180W,0,1.9116517,0.18589212000370026,0.4418146014213562,0.1964750587940216
YMR112C,YKL020C,0,1.9113061,0.1858150213956833,0.4418146014213562,0.19657520949840546
YIL046W,YHR156C,0,1.9098309,0.1857379823923111,0.4418146014213562,0.1966753453016281
YPL119C,YNL267W,0,1.9093155,0.18566100299358368,0.4418146014213562,0.19677548110485077
YDL165W,YLR079W,1,1.9088783,0.1859983503818512,0.4428007900714874,0.19677548110485077
YLR080W,YOL052C,0,1.9087903,0.1859213262796402,0.4428007900714874,0.19687563180923462
YAL017W,YDL077C,0,1.9085594,0.18584437668323517,0.4428007900714874,0.19697576761245728
YGR167W,YKL015W,0,1.9068042,0.18576748669147491,0.4428007900714874,0.19707590341567993
YLR248W,YLR361C,1,1.9064273,0.18610422313213348,0.44378697872161865,0.19707590341567993
YIL128W,YJR053W,0,1.9060645,0.18602728843688965,0.44378697872161865,0.1971760392189026
YGR155W,YKL124W,0,1.9060436,0.1859504133462906,0.44378697872161865,0.19727618992328644
YJR092W,YJR021C,0,1.9060086,0.1858736127614975,0.44378697872161865,0.1973763257265091
YNL283C,YER115C,0,1.905711,0.185796856880188,0.44378697872161865,0.19747646152973175
YDR173C,YJL082W,0,1.905689,0.18572017550468445,0.44378697872161865,0.1975766122341156
YLR103C,YLR024C,0,1.9051201,0.18564356863498688,0.44378697872161865,0.19767674803733826
YLR187W,YPL273W,0,1.904955,0.1855670064687729,0.44378697872161865,0.1977768838405609
YOL158C,YNL238W,0,1.904278,0.18549051880836487,0.44378697872161865,0.19787703454494476
YIL079C,YBL079W,0,1.9029509,0.18541409075260162,0.44378697872161865,0.19797717034816742
YJL112W,YIL046W,0,1.9028887,0.18533772230148315,0.44378697872161865,0.19807730615139008
YML099C,YJL213W,0,1.9028584,0.18526142835617065,0.44378697872161865,0.19817744195461273
YJR119C,YFL048C,0,1.9028157,0.18518517911434174,0.44378697872161865,0.19827759265899658
YER049W,YDR369C,0,1.9026343,0.1851090043783188,0.44378697872161865,0.19837772846221924
YNL273W,YMR090W,0,1.9017111,0.1850328892469406,0.44378697872161865,0.1984778642654419
YCR026C,YLR151C,0,1.9016773,0.1849568486213684,0.44378697872161865,0.19857801496982574
YLR016C,YFR019W,0,1.9015375,0.18488085269927979,0.44378697872161865,0.1986781507730484
YBL084C,YGL194C,1,1.9004573,0.18521560728549957,0.4447731673717499,0.1986781507730484
YJR010W,YCL034W,0,1.9003175,0.18513956665992737,0.4447731673717499,0.19877828657627106
YGR056W,YBR192W,0,1.9003142,0.18506360054016113,0.4447731673717499,0.1988784223794937
YKR102W,YIL047C,0,1.8998793,0.18498769402503967,0.4447731673717499,0.19897857308387756
YNL309W,YPL129W,0,1.8992792,0.184911847114563,0.4447731673717499,0.19907870888710022
YIL031W,YFR027W,1,1.8988999,0.18524590134620667,0.4457593560218811,0.19907870888710022
YMR049C,YKL161C,0,1.8984834,0.1851700097322464,0.4457593560218811,0.19917884469032288
YDR067C,YOR168W,0,1.8984369,0.1850941777229309,0.4457593560218811,0.19927899539470673
YPL129W,YDR173C,0,1.8983915,0.1850184202194214,0.4457593560218811,0.19937913119792938
YKL096W-A,YJL206C,0,1.898291,0.18494272232055664,0.4457593560218811,0.19947926700115204
YJL081C,YNR015W,0,1.8975918,0.18486706912517548,0.4457593560218811,0.1995794177055359
YOR299W,YMR075W,0,1.8967493,0.18479149043560028,0.4457593560218811,0.19967955350875854
YIL006W,YLL040C,0,1.8963597,0.18471597135066986,0.4457593560218811,0.1997796893119812
YGL241W,YGL004C,0,1.8963176,0.1846405267715454,0.4457593560218811,0.19987982511520386
YCR093W,YLR361C,1,1.8962685,0.18497346341609955,0.4467455744743347,0.19987982511520386
YNL172W,YLR047C,0,1.8960325,0.18489795923233032,0.4467455744743347,0.1999799758195877
YMR200W,YMR240C,0,1.8959154,0.18482251465320587,0.4467455744743347,0.20008011162281036
YNR074C,YMR008C,0,1.8957916,0.1847471445798874,0.4467455744743347,0.20018024742603302
YLR210W,YCR093W,1,1.8952745,0.18507950007915497,0.44773176312446594,0.20018024742603302
YPL196W,YIL035C,0,1.8942593,0.1850040704011917,0.44773176312446594,0.20028039813041687
YMR180C,YGR276C,0,1.8938977,0.18492871522903442,0.44773176312446594,0.20038053393363953
YNL271C,YIL076W,0,1.8936945,0.1848534196615219,0.44773176312446594,0.20048066973686218
YGL122C,YFL023W,0,1.8935964,0.18477818369865417,0.44773176312446594,0.20058082044124603
YGR264C,YNR044W,0,1.893433,0.1847030073404312,0.44773176312446594,0.2006809562444687
YOL145C,YNL117W,0,1.8932215,0.18462789058685303,0.44773176312446594,0.20078109204769135
YGR167W,YJR083C,0,1.8921139,0.1845528483390808,0.44773176312446594,0.200881227850914
YIL095W,YHR085W,0,1.8914264,0.18447785079479218,0.44773176312446594,0.20098137855529785
YNL261W,YDR240C,0,1.89139,0.1844029277563095,0.44773176312446594,0.2010815143585205
YMR304W,YJL149W,0,1.8913578,0.18432804942131042,0.44773176312446594,0.20118165016174316
YHR039C-A,YLR145W,0,1.8903582,0.1842532455921173,0.44773176312446594,0.20128180086612701
YOR054C,YOR138C,0,1.890199,0.18417850136756897,0.44773176312446594,0.20138193666934967
YOL066C,YLR163C,0,1.8900541,0.1841038167476654,0.44773176312446594,0.20148207247257233
YKL009W,YER104W,0,1.8899282,0.18402919173240662,0.44773176312446594,0.20158220827579498
YDL070W,YDL148C,0,1.8898017,0.1839546263217926,0.44773176312446594,0.20168235898017883
YDR476C,YDL074C,0,1.8895866,0.18388012051582336,0.44773176312446594,0.2017824947834015
YER117W,YML039W,0,1.8891525,0.1838056743144989,0.44773176312446594,0.20188263058662415
YKR103W,YLR285W,0,1.8889157,0.1837312877178192,0.44773176312446594,0.201982781291008
YNL283C,YMR321C,0,1.8886979,0.1836569607257843,0.44773176312446594,0.20208291709423065
YDL197C,YPR001W,0,1.8885807,0.18358269333839417,0.44773176312446594,0.2021830528974533
YDR067C,YHR004C,0,1.8881766,0.1835084855556488,0.44773176312446594,0.20228320360183716
YLR386W,YER145C,0,1.8878533,0.18343433737754822,0.44773176312446594,0.20238333940505981
YFR036W,YIL072W,1,1.8873805,0.18376412987709045,0.44871795177459717,0.20238333940505981
YLR425W,YDR444W,0,1.8872801,0.18368995189666748,0.44871795177459717,0.20248347520828247
YGL158W,YLR145W,0,1.8868649,0.1836158186197281,0.44871795177459717,0.20258361101150513
YHR004C,YCR002C,0,1.886135,0.18354174494743347,0.44871795177459717,0.20268376171588898
YJR147W,YML109W,0,1.8859041,0.18346774578094482,0.44871795177459717,0.20278389751911163
YHL012W,YGL216W,0,1.8845712,0.18339379131793976,0.44871795177459717,0.2028840333223343
YIL095W,YLR130C,0,1.8843516,0.18331989645957947,0.44871795177459717,0.20298418402671814
YML032C,YCR060W,0,1.8843198,0.18324607610702515,0.44871795177459717,0.2030843198299408
YPL134C,YML080W,0,1.8841375,0.1831723004579544,0.44871795177459717,0.20318445563316345
YCL036W,YKR008W,0,1.8836267,0.18309858441352844,0.44871795177459717,0.2032845914363861
YBL041W,YCR026C,0,1.8835452,0.18302494287490845,0.44871795177459717,0.20338474214076996
YFL014W,YMR273C,0,1.8834101,0.18295134603977203,0.44871795177459717,0.20348487794399261
YDR168W,YGL240W,1,1.8832031,0.18327973783016205,0.4497041404247284,0.20348487794399261
YHL007C,YDL132W,1,1.883063,0.18360787630081177,0.4506903290748596,0.20348487794399261
YCL061C,YDR099W,1,1.8827622,0.18393574655056,0.45167651772499084,0.20348487794399261
YLL003W,YBR115C,0,1.8826655,0.1838618963956833,0.45167651772499084,0.20358501374721527
YKL206C,YLR088W,0,1.8825903,0.18378812074661255,0.45167651772499084,0.20368516445159912
YFL017W-A,YPL208W,0,1.8825727,0.18371440470218658,0.45167651772499084,0.20378530025482178
YIL135C,YLR389C,0,1.8821827,0.1836407333612442,0.45167651772499084,0.20388543605804443
YKL093W,YDL121C,0,1.8820697,0.1835671365261078,0.45167651772499084,0.20398558676242828
YLR033W,YPL007C,0,1.88191,0.18349358439445496,0.45167651772499084,0.20408572256565094
YOL010W,YGR268C,0,1.8814187,0.1834201067686081,0.45167651772499084,0.2041858583688736
YNL282W,YOR251C,0,1.8810619,0.1833466738462448,0.45167651772499084,0.20428599417209625
YOL142W,YBL011W,0,1.8808388,0.1832733154296875,0.45167651772499084,0.2043861448764801
YKR008W,YLR113W,0,1.8807644,0.18320000171661377,0.45167651772499084,0.20448628067970276
YPL196W,YPL218W,0,1.8806562,0.18312674760818481,0.45167651772499084,0.20458641648292542
YNL258C,YML080W,0,1.8805166,0.18305355310440063,0.45167651772499084,0.20468656718730927
YML071C,YBR238C,0,1.8803729,0.18298041820526123,0.45167651772499084,0.20478670299053192
YPL244C,YFR052W,0,1.8802699,0.1829073429107666,0.45167651772499084,0.20488683879375458
YPL252C,YOR219C,0,1.8797703,0.18283432722091675,0.45167651772499084,0.20498697459697723
YDR168W,YDR363W-A,1,1.8796521,0.18316040933132172,0.45266273617744446,0.20498697459697723
YLR305C,YKL117W,0,1.8789214,0.18308734893798828,0.45266273617744446,0.20508712530136108
YER022W,YDL225W,0,1.8788316,0.18301434814929962,0.45266273617744446,0.20518726110458374
YJR006W,YOR168W,0,1.8785962,0.18294140696525574,0.45266273617744446,0.2052873969078064
YGL083W,YNL160W,0,1.8779937,0.18286852538585663,0.45266273617744446,0.20538754761219025
YDR419W,YGR216C,0,1.8779708,0.1827957034111023,0.45266273617744446,0.2054876834154129
YLR129W,YJL004C,0,1.877252,0.18272292613983154,0.45266273617744446,0.20558781921863556
YLR206W,YGL019W,0,1.8769742,0.18265022337436676,0.45266273617744446,0.2056879699230194
YDL194W,YDR499W,1,1.8768642,0.18297533690929413,0.4536489248275757,0.2056879699230194
YDL215C,YMR240C,0,1.876748,0.18290258944034576,0.4536489248275757,0.20578810572624207
YFL057C,YLR219W,0,1.8764478,0.18282988667488098,0.4536489248275757,0.20588824152946472
YLR105C,YKR002W,0,1.8763806,0.18275724351406097,0.4536489248275757,0.20598837733268738
YPL110C,YPR060C,0,1.8762947,0.18268467485904694,0.4536489248275757,0.20608852803707123
YGR036C,YOR194C,0,1.8760153,0.18261215090751648,0.4536489248275757,0.20618866384029388
YKL186C,YNL219C,0,1.8759537,0.1825396865606308,0.4536489248275757,0.20628879964351654
YDR451C,YNL289W,1,1.875641,0.18286393582820892,0.4546351134777069,0.20628879964351654
YCL008C,YLL012W,0,1.8750626,0.18279144167900085,0.4546351134777069,0.2063889503479004
YDR140W,YEL056W,0,1.875002,0.18271899223327637,0.4546351134777069,0.20648908615112305
YLR229C,YLR127C,1,1.8745159,0.18304279446601868,0.45562130212783813,0.20648908615112305
YJR090C,YPL194W,1,1.8742929,0.1833663433790207,0.45660749077796936,0.20648908615112305
YBR177C,YHR109W,0,1.8737786,0.18329374492168427,0.45660749077796936,0.2065892219543457
YJR138W,YNR003C,0,1.8724514,0.18322120606899261,0.45660749077796936,0.20668935775756836
YOR355W,YGR276C,0,1.8724289,0.18314872682094574,0.45660749077796936,0.2067895084619522
YOR298W,YJL085W,0,1.8722879,0.18307632207870483,0.45660749077796936,0.20688964426517487
YDR137W,YOL158C,0,1.8719918,0.18300394713878632,0.45660749077796936,0.20698978006839752
YBL028C,YMR034C,0,1.8719591,0.18293164670467377,0.45660749077796936,0.20708993077278137
YJL030W,YLR025W,0,1.8718938,0.182859405875206,0.45660749077796936,0.20719006657600403
YGL112C,YGR143W,0,1.871707,0.1827872097492218,0.45660749077796936,0.20729020237922668
YGL209W,YDL077C,0,1.8716861,0.18271507322788239,0.45660749077796936,0.20739035308361053
YMR137C,YDR364C,0,1.8714328,0.18264299631118774,0.45660749077796936,0.2074904888868332
YGR108W,YHR152W,1,1.87143,0.18296529352664948,0.4575936794281006,0.2074904888868332
YMR180C,YER019C-A,0,1.8713924,0.18289318680763245,0.4575936794281006,0.20759062469005585
YAL016W,YKR002W,0,1.8710548,0.182821124792099,0.4575936794281006,0.2076907604932785
YKR020W,YOR194C,0,1.870856,0.18274910748004913,0.4575936794281006,0.20779091119766235
YJL034W,YFR013W,0,1.8701917,0.18267716467380524,0.4575936794281006,0.207891047000885
YCR060W,YIL139C,0,1.869928,0.18260526657104492,0.4575936794281006,0.20799118280410767
YOR287C,YMR077C,0,1.869756,0.18253344297409058,0.4575936794281006,0.20809133350849152
YHR047C,YHR168W,0,1.8697481,0.1824616640806198,0.4575936794281006,0.20819146931171417
YNL271C,YGR229C,0,1.869507,0.18238992989063263,0.4575936794281006,0.20829160511493683
YOL139C,YLR127C,1,1.8691714,0.18271119892597198,0.4585798680782318,0.20829160511493683
YKL203C,YGL003C,1,1.8689473,0.18303221464157104,0.4595660865306854,0.20829160511493683
YBR128C,YNL138W,0,1.8684677,0.18296034634113312,0.4595660865306854,0.20839175581932068
YNL027W,YNL239W,0,1.8681163,0.18288853764533997,0.4595660865306854,0.20849189162254333
YPL151C,YDR083W,0,1.8668672,0.1828167885541916,0.4595660865306854,0.208592027425766
YOL145C,YLL012W,0,1.866615,0.182745099067688,0.4595660865306854,0.20869216322898865
YHL034C,YLR187W,0,1.8659319,0.18267345428466797,0.4595660865306854,0.2087923139333725
YPR167C,YBR177C,0,1.8656844,0.18260188400745392,0.4595660865306854,0.20889244973659515
YER008C,YHL012W,0,1.8655607,0.18253035843372345,0.4595660865306854,0.2089925855398178
YDL083C,YGR276C,0,1.8654326,0.18245889246463776,0.4595660865306854,0.20909273624420166
YDR263C,YDL022W,0,1.8653594,0.18238747119903564,0.4595660865306854,0.20919287204742432
YLR080W,YHR164C,0,1.8646713,0.1823161244392395,0.4595660865306854,0.20929300785064697
YEL062W,YDR109C,0,1.8643385,0.18224482238292694,0.4595660865306854,0.20939314365386963
YPL188W,YLL012W,0,1.8640748,0.18217357993125916,0.4595660865306854,0.20949329435825348
YHR115C,YDR099W,1,1.8639308,0.1824931651353836,0.46055227518081665,0.20949329435825348
YJL141C,YKR002W,0,1.8637906,0.18242187798023224,0.46055227518081665,0.20959343016147614
YBR096W,YFL017W-A,0,1.8636547,0.18235065042972565,0.46055227518081665,0.2096935659646988
YDL198C,YLR224W,0,1.8635833,0.18227946758270264,0.46055227518081665,0.20979371666908264
YLL003W,YHR039C-A,0,1.8632411,0.1822083443403244,0.46055227518081665,0.2098938524723053
YJR034W,YER104W,0,1.8623697,0.18213728070259094,0.46055227518081665,0.20999398827552795
YGR144W,YDL029W,0,1.8620096,0.18206627666950226,0.46055227518081665,0.2100941389799118
YGR288W,YIL094C,0,1.8620086,0.18199531733989716,0.46055227518081665,0.21019427478313446
YDR303C,YDR310C,1,1.861811,0.1823139786720276,0.4615384638309479,0.21019427478313446
YIL142W,YOR038C,0,1.861749,0.1822429895401001,0.4615384638309479,0.21029441058635712
YNL236W,YPL007C,0,1.8615593,0.1821720451116562,0.4615384638309479,0.21039454638957977
YPR194C,YMR061W,0,1.8607374,0.18210116028785706,0.4615384638309479,0.21049469709396362
YLL008W,YNL006W,0,1.8604445,0.1820303350687027,0.4615384638309479,0.21059483289718628
YNL131W,YOL111C,0,1.8604052,0.18195956945419312,0.4615384638309479,0.21069496870040894
YBL028C,YDR229W,0,1.8603144,0.18188884854316711,0.4615384638309479,0.21079511940479279
YIR018W,YIL159W,0,1.8597846,0.1818181872367859,0.4615384638309479,0.21089525520801544
YEL031W,YBR129C,0,1.8591276,0.18174757063388824,0.4615384638309479,0.2109953910112381
YGL094C,YCL057W,0,1.8590251,0.18167701363563538,0.4615384638309479,0.21109552681446075
YPR011C,YIL080W,0,1.8588105,0.18160651624202728,0.4615384638309479,0.2111956775188446
YDL165W,YLR361C,1,1.858707,0.181923970580101,0.4625246524810791,0.2111956775188446
YGR105W,YPL167C,0,1.8579205,0.18185342848300934,0.4625246524810791,0.21129581332206726
YLR289W,YGL068W,0,1.8577615,0.18178294599056244,0.4625246524810791,0.21139594912528992
YJR130C,YBR061C,0,1.8574635,0.18171250820159912,0.4625246524810791,0.21149609982967377
YLR263W,YFR008W,1,1.8569642,0.18202944099903107,0.4635108411312103,0.21149609982967377
YMR300C,YOR230W,0,1.8567675,0.18195895850658417,0.4635108411312103,0.21159623563289642
YJR151C,YOR219C,0,1.8567642,0.18188855051994324,0.4635108411312103,0.21169637143611908
YGR118W,YLR042C,0,1.8561434,0.1818181872367859,0.4635108411312103,0.21179652214050293
YDR530C,YJL004C,0,1.8559338,0.18174786865711212,0.4635108411312103,0.21189665794372559
YMR005W,YPR006C,0,1.8557978,0.18167762458324432,0.4635108411312103,0.21199679374694824
YMR036C,YPL194W,1,1.8556956,0.18199381232261658,0.46449702978134155,0.21199679374694824
YCR046C,YJR133W,0,1.8556477,0.1819235235452652,0.46449702978134155,0.2120969295501709
YOL026C,YKL186C,0,1.8550404,0.1818532794713974,0.46449702978134155,0.21219708025455475
YER022W,YGL233W,0,1.8545407,0.18178309500217438,0.46449702978134155,0.2122972160577774
YGR238C,YIL031W,1,1.8538281,0.18209876120090485,0.46548324823379517,0.2122972160577774
YIL095W,YFL023W,0,1.853809,0.18202853202819824,0.46548324823379517,0.21239735186100006
YMR089C,YLR330W,0,1.8536576,0.1819583624601364,0.46548324823379517,0.2124975025653839
YDR211W,YBR096W,0,1.8534325,0.18188825249671936,0.46548324823379517,0.21259763836860657
YGL212W,YLR309C,0,1.8529012,0.1818181872367859,0.46548324823379517,0.21269777417182922
YOR142W,YMR137C,0,1.8521276,0.181748166680336,0.46548324823379517,0.21279790997505188
YMR019W,YOL043C,0,1.851508,0.18167822062969208,0.46548324823379517,0.21289806067943573
YDR411C,YML071C,0,1.8511086,0.18160830438137054,0.46548324823379517,0.2129981964826584
YML032C,YKL095W,0,1.8507187,0.18153846263885498,0.46548324823379517,0.21309833228588104
YER138C,YER087W,0,1.8506585,0.181468665599823,0.46548324823379517,0.2131984829902649
YOR297C,YDR173C,0,1.8506163,0.1813989281654358,0.46548324823379517,0.21329861879348755
YGL170C,YNL006W,0,1.8505512,0.18132923543453217,0.46548324823379517,0.2133987545967102
YGR251W,YJL225C,0,1.8503467,0.18125960230827332,0.46548324823379517,0.21349890530109406
YEL022W,YML036W,0,1.8503437,0.18119001388549805,0.46548324823379517,0.2135990411043167
YDR416W,YDR109C,0,1.8499466,0.18112048506736755,0.46548324823379517,0.21369917690753937
YDR026C,YOL102C,0,1.8492677,0.18105101585388184,0.46548324823379517,0.21379931271076202
YLR314C,YKL064W,0,1.8491693,0.1809815913438797,0.46548324823379517,0.21389946341514587
YLR047C,YOR353C,0,1.8491495,0.18091222643852234,0.46548324823379517,0.21399959921836853
YIL061C,YBR243C,0,1.8489226,0.18084290623664856,0.46548324823379517,0.2140997350215912
YKR055W,YJL053W,0,1.8482246,0.18077364563941956,0.46548324823379517,0.21419988572597504
YKL186C,YOR162C,0,1.8481146,0.18070444464683533,0.46548324823379517,0.2143000215291977
YML099C,YPL188W,0,1.8474578,0.18063528835773468,0.46548324823379517,0.21440015733242035
YKL203C,YBL092W,0,1.8472779,0.18056617677211761,0.46548324823379517,0.214500293135643
YDR263C,YDR207C,0,1.8469951,0.18049712479114532,0.46548324823379517,0.21460044384002686
YGR070W,YBL034C,0,1.8467305,0.1804281324148178,0.46548324823379517,0.2147005796432495
YGR089W,YCR026C,0,1.8463587,0.18035918474197388,0.46548324823379517,0.21480071544647217
YBR274W,YOR233W,1,1.8459395,0.1806722730398178,0.4664694368839264,0.21480071544647217
YIL079C,YIL035C,0,1.845738,0.1806032806634903,0.4664694368839264,0.21490086615085602
YMR176W,YOR349W,0,1.8455389,0.18053434789180756,0.4664694368839264,0.21500100195407867
YJL030W,YNL161W,1,1.8453246,0.18084700405597687,0.4674556255340576,0.21500100195407867
YAL022C,YML128C,0,1.8450686,0.18077802658081055,0.4674556255340576,0.21510113775730133
YDL215C,YGL071W,0,1.8440766,0.180709108710289,0.4674556255340576,0.21520128846168518
YPL065W,YKL095W,0,1.8440341,0.18064025044441223,0.4674556255340576,0.21530142426490784
YJR057W,YBR080C,0,1.8436625,0.18057142198085785,0.4674556255340576,0.2154015600681305
YDR205W,YDL128W,0,1.8433015,0.18050266802310944,0.4674556255340576,0.21550169587135315
YMR160W,YDR081C,0,1.8429998,0.1804339587688446,0.4674556255340576,0.215601846575737
YGL083W,YER171W,0,1.8428897,0.18036529421806335,0.4674556255340576,0.21570198237895966
YER167W,YFL033C,1,1.8428495,0.18067705631256104,0.46844181418418884,0.21570198237895966
YOL082W,YOR232W,0,1.8426359,0.1806083619594574,0.46844181418418884,0.2158021181821823
YAL047C,YDR260C,1,1.842577,0.1809197962284088,0.46942800283432007,0.2158021181821823
YDL142C,YDR451C,0,1.8424155,0.1808510571718216,0.46942800283432007,0.21590226888656616
YJL005W,YJL178C,0,1.8422354,0.18078237771987915,0.46942800283432007,0.21600240468978882
YGR282C,YPL150W,0,1.8415985,0.1807137429714203,0.46942800283432007,0.21610254049301147
YOL124C,YKL186C,0,1.8412119,0.1806451678276062,0.46942800283432007,0.21620269119739532
YAL024C,YHR153C,1,1.8411521,0.18095599114894867,0.4704141914844513,0.21620269119739532
YGL051W,YDL225W,0,1.8410544,0.180887371301651,0.4704141914844513,0.21630282700061798
YKL064W,YCR002C,0,1.84078,0.18081879615783691,0.4704141914844513,0.21640296280384064
YBR278W,YPL065W,0,1.8404087,0.1807502806186676,0.4704141914844513,0.2165030986070633
YGL240W,YFL034C-B,1,1.8401316,0.18106061220169067,0.4714003801345825,0.2165030986070633
YHR074W,YOL028C,0,1.8400089,0.18099205195903778,0.4714003801345825,0.21660324931144714
YGL186C,YDR416W,0,1.839878,0.18092353641986847,0.4714003801345825,0.2167033851146698
YPL064C,YLR429W,0,1.8397788,0.18085509538650513,0.4714003801345825,0.21680352091789246
YLR305C,YIR032C,0,1.83906,0.18078668415546417,0.4714003801345825,0.2169036716222763
YNL116W,YLR361C,1,1.8390211,0.1810964047908783,0.47238659858703613,0.2169036716222763
YDR151C,YOR180C,0,1.839003,0.18102796375751495,0.47238659858703613,0.21700380742549896
YJL076W,YOR233W,1,1.8389504,0.1813373565673828,0.47337278723716736,0.21700380742549896
YMR269W,YLR088W,0,1.8388294,0.18126888573169708,0.47337278723716736,0.21710394322872162
YJL024C,YLR163C,0,1.8386229,0.18120045959949493,0.47337278723716736,0.21720407903194427
YJR138W,YLR206W,0,1.838582,0.18113207817077637,0.47337278723716736,0.21730422973632812
YGR264C,YKR055W,0,1.8385112,0.18106375634670258,0.47337278723716736,0.21740436553955078
YEL056W,YMR213W,0,1.8381852,0.18099547922611237,0.47337278723716736,0.21750450134277344
YBR002C,YBL011W,0,1.8380297,0.18092724680900574,0.47337278723716736,0.2176046520471573
YGL122C,YHL027W,0,1.8378104,0.18085907399654388,0.47337278723716736,0.21770478785037994
YGR238C,YDL179W,1,1.8377993,0.1811676025390625,0.4743589758872986,0.21770478785037994
YKL119C,YML030W,0,1.8369759,0.18109939992427826,0.4743589758872986,0.2178049236536026
YGL186C,YFL057C,0,1.8367673,0.1810312420129776,0.4743589758872986,0.21790507435798645
YOR159C,YGR282C,0,1.8366338,0.18096312880516052,0.4743589758872986,0.2180052101612091
YHR004C,YDR472W,0,1.8365,0.18089507520198822,0.4743589758872986,0.21810534596443176
YLR228C,YLR359W,0,1.8364955,0.1808270663022995,0.4743589758872986,0.21820548176765442
YMR052W,YJL187C,1,1.8363824,0.1811349093914032,0.4753451645374298,0.21820548176765442
YPL252C,YLR042C,0,1.8363348,0.1810668706893921,0.4753451645374298,0.21830563247203827
YOR226C,YMR034C,0,1.8363187,0.18099887669086456,0.4753451645374298,0.21840576827526093
YPL127C,YGL094C,0,1.8361982,0.18093092739582062,0.4753451645374298,0.21850590407848358
YBL051C,YDL028C,1,1.8352146,0.18123827874660492,0.47633135318756104,0.21850590407848358
YHR079C,YLR042C,0,1.8347701,0.1811702996492386,0.47633135318756104,0.21860605478286743
YIL131C,YJR068W,1,1.8347099,0.18147730827331543,0.47731754183769226,0.21860605478286743
YHR166C,YJR053W,1,1.8346835,0.18178410828113556,0.4783037602901459,0.21860605478286743
YOL070C,YNR017W,0,1.8346196,0.18171599507331848,0.4783037602901459,0.2187061905860901
YOL028C,YER046W,0,1.8343524,0.18164794147014618,0.4783037602901459,0.21880632638931274
YOR057W,YJL090C,1,1.833531,0.18195432424545288,0.4792899489402771,0.21880632638931274
YKR019C,YNL309W,0,1.8332456,0.181886225938797,0.4792899489402771,0.2189064621925354
YKL090W,YMR239C,0,1.8332429,0.1818181872367859,0.4792899489402771,0.21900661289691925
YDL206W,YBL089W,0,1.8329638,0.18175019323825836,0.4792899489402771,0.2191067487001419
YDR026C,YLR020C,0,1.832817,0.18168224394321442,0.4792899489402771,0.21920688450336456
YHR061C,YCR093W,1,1.832774,0.18198804557323456,0.4802761375904083,0.21920688450336456
YNR017W,YGL050W,0,1.8325363,0.18192006647586823,0.4802761375904083,0.2193070352077484
YBL011W,YGL174W,0,1.8320781,0.18185213208198547,0.4802761375904083,0.21940717101097107
YER087W,YLR209C,0,1.8316792,0.1817842423915863,0.4802761375904083,0.21950730681419373
YLR127C,YPL200W,1,1.8316064,0.18208955228328705,0.48126232624053955,0.21950730681419373
YNL127W,YER117W,0,1.8313589,0.1820216327905655,0.48126232624053955,0.21960745751857758
YDR304C,YGR072W,0,1.831272,0.1819537729024887,0.48126232624053955,0.21970759332180023
YKL206C,YLR151C,0,1.83117,0.18188594281673431,0.48126232624053955,0.2198077291250229
YDR378C,YOR239W,0,1.8310579,0.1818181872367859,0.48126232624053955,0.21990786492824554
YOL112W,YMR218C,0,1.8309959,0.18175046145915985,0.48126232624053955,0.2200080156326294
YMR176W,YGR072W,0,1.8303959,0.1816827952861786,0.48126232624053955,0.22010815143585205
YGL240W,YLR229C,1,1.8301642,0.18198734521865845,0.4822485148906708,0.22010815143585205
YDR263C,YBR059C,0,1.8298894,0.1819196492433548,0.4822485148906708,0.2202082872390747
YPR162C,YGL004C,0,1.8298466,0.18185198307037354,0.4822485148906708,0.22030843794345856
YHR164C,YJR053W,0,1.8298105,0.18178439140319824,0.4822485148906708,0.2204085737466812
YMR087W,YKL096W-A,0,1.8294584,0.18171682953834534,0.4822485148906708,0.22050870954990387
YLR429W,YOL090W,0,1.8292199,0.1816493272781372,0.4822485148906708,0.22060884535312653
YDR405W,YFR019W,0,1.8291742,0.18158188462257385,0.4822485148906708,0.22070899605751038
YNL044W,YLR278C,0,1.8289331,0.18151447176933289,0.4822485148906708,0.22080913186073303
YDR371W,YIL080W,0,1.8285282,0.1814471185207367,0.4822485148906708,0.2209092676639557
YNL289W,YIL031W,1,1.828009,0.18175074458122253,0.483234703540802,0.2209092676639557
YIL072W,YCR093W,1,1.8279241,0.18205413222312927,0.4842209219932556,0.2209092676639557
YKL180W,YMR186W,0,1.827669,0.18198665976524353,0.4842209219932556,0.22100941836833954
YBR202W,YMR034C,0,1.826783,0.18191923201084137,0.4842209219932556,0.2211095541715622
YPL139C,YJL076W,1,1.8266982,0.18222221732139587,0.48520711064338684,0.2211095541715622
YOL010W,YPL083C,0,1.8266677,0.18215475976467133,0.48520711064338684,0.22120968997478485
YPL256C,YER089C,1,1.8265961,0.18245743215084076,0.48619329929351807,0.22120968997478485
YCL061C,YDL056W,1,1.8254942,0.18275989592075348,0.4871794879436493,0.22120968997478485
YGR251W,YDL015C,0,1.8251652,0.18269230425357819,0.4871794879436493,0.2213098406791687
YML099C,YEL056W,0,1.8251325,0.18262477219104767,0.4871794879436493,0.22140997648239136
YKL174C,YIL047C,0,1.8249904,0.18255728483200073,0.4871794879436493,0.221510112285614
YJR092W,YOL038W,0,1.8249547,0.18248984217643738,0.4871794879436493,0.22161024808883667
YLL045C,YLL043W,0,1.8247167,0.1824224591255188,0.4871794879436493,0.22171039879322052
YCR093W,YPL129W,0,1.8245777,0.1823551058769226,0.4871794879436493,0.22181053459644318
YKL015W,YOR180C,0,1.8242142,0.18228782713413239,0.4871794879436493,0.22191067039966583
YNL309W,YNL262W,0,1.824032,0.18222057819366455,0.4871794879436493,0.22201082110404968
YDL107W,YBR128C,0,1.8238429,0.1821533888578415,0.4871794879436493,0.22211095690727234
YPR075C,YNL298W,1,1.8236219,0.18245485424995422,0.4881656765937805,0.22211095690727234
YBR156C,YJR053W,1,1.8236212,0.18275608122348785,0.48915186524391174,0.22211095690727234
YJL171C,YOR294W,0,1.8235673,0.18268877267837524,0.48915186524391174,0.222211092710495
YEL041W,YER104W,0,1.8233353,0.18262150883674622,0.48915186524391174,0.22231122851371765
YIL006W,YHR079C,0,1.8232052,0.18255428969860077,0.48915186524391174,0.2224113792181015
YER087W,YGL226C-A,0,1.8230727,0.1824871301651001,0.48915186524391174,0.22251151502132416
YJR004C,YGL233W,0,1.8229742,0.18242000043392181,0.48915186524391174,0.22261165082454681
YOL066C,YNL052W,0,1.8225008,0.1823529452085495,0.48915186524391174,0.22271180152893066
YJR107W,YER019C-A,0,1.8222471,0.18228591978549957,0.48915186524391174,0.22281193733215332
YNL147W,YOR098C,0,1.8218164,0.18221895396709442,0.48915186524391174,0.22291207313537598
YGL112C,YHR060W,0,1.821347,0.18215203285217285,0.48915186524391174,0.22301222383975983
YNL283C,YBR173C,0,1.8210546,0.18208517134189606,0.48915186524391174,0.22311235964298248
YLL027W,YPR125W,0,1.8208469,0.18201835453510284,0.48915186524391174,0.22321249544620514
YGL256W,YJR112W,0,1.8207375,0.1819515824317932,0.48915186524391174,0.2233126312494278
YBR173C,YGL190C,0,1.8203987,0.18188485503196716,0.48915186524391174,0.22341278195381165
YEL022W,YPR160W,0,1.8197297,0.1818181872367859,0.48915186524391174,0.2235129177570343
YBR037C,YOR313C,0,1.8193864,0.1817515641450882,0.48915186524391174,0.22361305356025696
YPL218W,YLL043W,0,1.8190789,0.18168498575687408,0.48915186524391174,0.2237132042646408
YKR044W,YLR251W,0,1.8186015,0.18161845207214355,0.48915186524391174,0.22381334006786346
YCL014W,YFL033C,0,1.8184212,0.1815519779920578,0.48915186524391174,0.22391347587108612
YAL054C,YGR113W,0,1.8180367,0.18148554861545563,0.48915186524391174,0.22401361167430878
YNL267W,YNL258C,0,1.817926,0.18141916394233704,0.48915186524391174,0.22411376237869263
YLR047C,YLR016C,0,1.8176004,0.18135283887386322,0.48915186524391174,0.22421389818191528
YNL271C,YLL027W,0,1.8175584,0.1812865436077118,0.48915186524391174,0.22431403398513794
YJL030W,YNL026W,0,1.8174648,0.18122030794620514,0.48915186524391174,0.2244141846895218
YLL027W,YPL050C,0,1.8167809,0.18115413188934326,0.48915186524391174,0.22451432049274445
YLR047C,YNL290W,0,1.8165818,0.18108798563480377,0.48915186524391174,0.2246144562959671
YDR164C,YLR130C,0,1.8163855,0.18102189898490906,0.48915186524391174,0.22471460700035095
YLL003W,YMR159C,0,1.8157773,0.18095585703849792,0.48915186524391174,0.2248147428035736
YHR002W,YMR246W,0,1.8157402,0.18088985979557037,0.48915186524391174,0.22491487860679626
YJL194W,YIR039C,0,1.8156432,0.1808239221572876,0.48915186524391174,0.22501501441001892
YDR168W,YMR199W,1,1.8154118,0.18112245202064514,0.49013805389404297,0.22501501441001892
YGL220W,YFL017W-A,0,1.8152987,0.18105646967887878,0.49013805389404297,0.22511516511440277
YCL024W,YIR005W,0,1.8149186,0.180990532040596,0.49013805389404297,0.22521530091762543
YPR167C,YCL052C,0,1.8148038,0.18092463910579681,0.49013805389404297,0.22531543672084808
YHR166C,YDR363W-A,1,1.8147986,0.18122270703315735,0.4911242723464966,0.22531543672084808
YOR126C,YER087W,0,1.8138517,0.18115678429603577,0.4911242723464966,0.22541558742523193
YPR190C,YIL046W,0,1.8137732,0.18109090626239777,0.4911242723464966,0.2255157232284546
YOR142W,YMR176W,0,1.8127812,0.18102508783340454,0.4911242723464966,0.22561585903167725
YMR013C,YIL177C,0,1.8126812,0.1809592992067337,0.4911242723464966,0.2257160097360611
YPR171W,YIL046W,0,1.8126454,0.18089357018470764,0.4911242723464966,0.22581614553928375
YER185W,YBR096W,0,1.8125474,0.18082788586616516,0.4911242723464966,0.2259162813425064
YDR383C,YPR011C,0,1.8123931,0.18076224625110626,0.4911242723464966,0.22601641714572906
YPR194C,YGR167W,0,1.8120751,0.18069666624069214,0.4911242723464966,0.22611656785011292
YDR473C,YDL074C,0,1.8117236,0.1806311160326004,0.4911242723464966,0.22621670365333557
YOL070C,YMR304W,0,1.8116825,0.18056562542915344,0.4911242723464966,0.22631683945655823
YGL116W,YGL134W,1,1.811214,0.1808626353740692,0.4921104609966278,0.22631683945655823
YPR072W,YAL031C,0,1.8111408,0.18079710006713867,0.4921104609966278,0.22641699016094208
YPL252C,YGL212W,0,1.8109797,0.1807316243648529,0.4921104609966278,0.22651712596416473
YGR216C,YGR077C,0,1.8107586,0.18066617846488953,0.4921104609966278,0.2266172617673874
YLR215C,YNL161W,1,1.8106259,0.1809627264738083,0.49309664964675903,0.2266172617673874
YMR061W,YPL259C,0,1.8106054,0.18089725077152252,0.49309664964675903,0.22671739757061005
YDR030C,YLR425W,0,1.8105936,0.18083181977272034,0.49309664964675903,0.2268175482749939
YDR109C,YML109W,0,1.810463,0.18076644837856293,0.49309664964675903,0.22691768407821655
YMR321C,YLL017W,0,1.8104147,0.1807011216878891,0.49309664964675903,0.2270178198814392
YBR278W,YER168C,0,1.8101531,0.18063583970069885,0.49309664964675903,0.22711797058582306
YDR304C,YHR156C,0,1.810125,0.1805706024169922,0.49309664964675903,0.22721810638904572
YLR305C,YNL281W,0,1.8098656,0.1805054098367691,0.49309664964675903,0.22731824219226837
YJR005W,YBR095C,0,1.8092147,0.1804402768611908,0.49309664964675903,0.22741839289665222
YGR077C,YBL026W,0,1.8090669,0.18037517368793488,0.49309664964675903,0.22751852869987488
YDL188C,YOL113W,1,1.8090472,0.18067075312137604,0.49408283829689026,0.22751852869987488
YKR036C,YLR278C,0,1.8089722,0.18060562014579773,0.49408283829689026,0.22761866450309753
YDR518W,YBR282W,0,1.8087469,0.1805405467748642,0.49408283829689026,0.2277188003063202
YLR291C,YJR083C,0,1.8085692,0.18047550320625305,0.49408283829689026,0.22781895101070404
YLR353W,YGR199W,0,1.8074993,0.18041051924228668,0.49408283829689026,0.2279190868139267
YOR074C,YOR098C,0,1.8074744,0.1803455650806427,0.49408283829689026,0.22801922261714935
YDL084W,YOR313C,0,1.8071593,0.1802806705236435,0.49408283829689026,0.2281193733215332
YOR071C,YIL094C,0,1.8071302,0.18021582067012787,0.49408283829689026,0.22821950912475586
YDR364C,YPL065W,0,1.8069744,0.18015103042125702,0.49408283829689026,0.22831964492797852
YNL050C,YIL021W,0,1.8068708,0.18008626997470856,0.49408283829689026,0.22841978073120117
YLR016C,YHR008C,0,1.8065741,0.18002155423164368,0.49408283829689026,0.22851993143558502
YDR217C,YDL188C,1,1.8062457,0.18031609058380127,0.4950690269470215,0.22851993143558502
YKL203C,YLR073C,0,1.805953,0.180251345038414,0.4950690269470215,0.22862006723880768
YNL008C,YGL010W,0,1.8059105,0.18018664419651031,0.4950690269470215,0.22872020304203033
YKL061W,YDL045C,0,1.8057832,0.1801219880580902,0.4950690269470215,0.22882035374641418
YDR196C,YIR005W,0,1.8056427,0.18005739152431488,0.4950690269470215,0.22892048954963684
YIL135C,YMR176W,0,1.8052988,0.17999282479286194,0.4950690269470215,0.2290206253528595
YPR204W,YHR085W,0,1.8050843,0.17992831766605377,0.4950690269470215,0.22912077605724335
YOR377W,YPR138C,0,1.8049957,0.1798638552427292,0.4950690269470215,0.229220911860466
YJR107W,YIL108W,0,1.8046272,0.179799422621727,0.4950690269470215,0.22932104766368866
YCL061C,YDL127W,1,1.8040445,0.18009309470653534,0.4960552155971527,0.22932104766368866
YJL029C,YJL171C,0,1.8040224,0.18002863228321075,0.4960552155971527,0.22942118346691132
YBR135W,YMR036C,1,1.8038952,0.18032200634479523,0.4970414340496063,0.22942118346691132
YJR107W,YGL169W,0,1.8033735,0.18025751411914825,0.4970414340496063,0.22952133417129517
YLR353W,YMR025W,0,1.8031536,0.18019306659698486,0.4970414340496063,0.22962146997451782
YMR123W,YKL190W,0,1.8028773,0.18012866377830505,0.4970414340496063,0.22972160577774048
YNR074C,YHR135C,0,1.8025285,0.18006430566310883,0.4970414340496063,0.22982175648212433
YDL179W,YDR131C,0,1.802096,0.18000000715255737,0.4970414340496063,0.22992189228534698
YNL289W,YOR244W,1,1.8018968,0.1802927553653717,0.49802762269973755,0.22992189228534698
YGR010W,YKL189W,0,1.8017243,0.18022841215133667,0.49802762269973755,0.23002202808856964
YML051W,YEL022W,0,1.8014199,0.18016411364078522,0.49802762269973755,0.2301221638917923
YDR090C,YDL039C,0,1.8010434,0.18009985983371735,0.49802762269973755,0.23022231459617615
YDR172W,YNL223W,0,1.8010373,0.18003565073013306,0.49802762269973755,0.2303224503993988
YNL085W,YPL042C,0,1.8008143,0.17997148633003235,0.49802762269973755,0.23042258620262146
YBR096W,YBR192W,0,1.8007507,0.17990738153457642,0.49802762269973755,0.2305227369070053
YKL117W,YJR032W,0,1.8006135,0.17984330654144287,0.49802762269973755,0.23062287271022797
YLR129W,YOR085W,0,1.8004206,0.1797792762517929,0.49802762269973755,0.23072300851345062
YOR291W,YLR213C,0,1.8003083,0.17971530556678772,0.49802762269973755,0.23082315921783447
YOL045W,YBR202W,0,1.800294,0.17965136468410492,0.49802762269973755,0.23092329502105713
YNL282W,YKR102W,0,1.7999032,0.1795874834060669,0.49802762269973755,0.23102343082427979
YIL135C,YKR044W,0,1.7995068,0.17952364683151245,0.49802762269973755,0.23112356662750244
YJR149W,YJR103W,0,1.7995003,0.1794598400592804,0.49802762269973755,0.2312237173318863
YAL016W,YFR027W,1,1.7991151,0.17975133657455444,0.4990138113498688,0.2312237173318863
YOR275C,YDR260C,0,1.798998,0.1796875,0.4990138113498688,0.23132385313510895
YOR071C,YIR005W,0,1.7985235,0.17962370812892914,0.4990138113498688,0.2314239889383316
YGR098C,YFR008W,1,1.7974322,0.17991483211517334,0.5,0.2314239889383316
YPR024W,YNL309W,0,1.796955,0.1798510104417801,0.5,0.23152413964271545
YMR039C,YNL016W,0,1.7968388,0.17978723347187042,0.5,0.2316242754459381
YMR239C,YJL213W,0,1.7965461,0.17972350120544434,0.5,0.23172441124916077
YML051W,YDR498C,0,1.7963592,0.17965981364250183,0.5,0.23182454705238342
YNL107W,YER165W,0,1.7962403,0.1795961707830429,0.5,0.23192469775676727
YHR074W,YER125W,0,1.7958093,0.17953257262706757,0.5,0.23202483355998993
YDL028C,YKL022C,1,1.7957808,0.17982301115989685,0.5009862184524536,0.23202483355998993
YGL112C,YML052W,0,1.7953951,0.17975938320159912,0.5009862184524536,0.23212496936321259
YBR156C,YBR103W,1,1.7950616,0.18004952371120453,0.5019723773002625,0.23212496936321259
YFR045W,YMR300C,0,1.7943872,0.17998585104942322,0.5019723773002625,0.23222512006759644
YLR229C,YOR057W,1,1.7943541,0.18027570843696594,0.5029585957527161,0.23222512006759644
YOR159C,YLR353W,0,1.7939266,0.18021202087402344,0.5029585957527161,0.2323252558708191
YPR204W,YBR020W,0,1.7939248,0.18014836311340332,0.5029585957527161,0.23242539167404175
YDR369C,YGR118W,0,1.7932955,0.18008475005626678,0.5029585957527161,0.2325255423784256
YPL150W,YJL130C,0,1.793221,0.18002118170261383,0.5029585957527161,0.23262567818164825
YDR423C,YPL050C,0,1.7930994,0.17995765805244446,0.5029585957527161,0.2327258139848709
YJR034W,YPL096W,0,1.7930094,0.17989417910575867,0.5029585957527161,0.23282594978809357
YIL095W,YNL026W,0,1.7924781,0.17983074486255646,0.5029585957527161,0.23292610049247742
YGL236C,YBL011W,0,1.7916358,0.17976735532283783,0.5029585957527161,0.23302623629570007
YNL231C,YLR151C,0,1.7914923,0.17970401048660278,0.5029585957527161,0.23312637209892273
YMR284W,YPR152C,0,1.7914569,0.1796407252550125,0.5029585957527161,0.23322652280330658
YDR076W,YDR508C,0,1.7908019,0.17957746982574463,0.5029585957527161,0.23332665860652924
YGL094C,YIL139C,0,1.7904979,0.17951425909996033,0.5029585957527161,0.2334267944097519
YIL177C,YML109W,0,1.7904316,0.1794510930776596,0.5029585957527161,0.23352694511413574
YDL074C,YKR101W,0,1.790418,0.17938797175884247,0.5029585957527161,0.2336270809173584
YNL231C,YNL192W,0,1.7902873,0.1793248951435089,0.5029585957527161,0.23372721672058105
YNL282W,YBR141C,0,1.790161,0.17926186323165894,0.5029585957527161,0.2338273525238037
YBR260C,YLR206W,0,1.7899228,0.17919887602329254,0.5029585957527161,0.23392750322818756
YDL070W,YAR031W,0,1.7897451,0.17913593351840973,0.5029585957527161,0.23402763903141022
YMR136W,YMR099C,0,1.789626,0.1790730357170105,0.5029585957527161,0.23412777483463287
YKR103W,YLR300W,0,1.7892195,0.17901018261909485,0.5029585957527161,0.23422792553901672
YBR274W,YNL068C,1,1.7890542,0.1792982518672943,0.5039447546005249,0.23422792553901672
YJL140W,YDL047W,0,1.7887276,0.17923535406589508,0.5039447546005249,0.23432806134223938
YNL290W,YPL208W,0,1.7885629,0.17917251586914062,0.5039447546005249,0.23442819714546204
YER185W,YDL197C,0,1.7885114,0.17910970747470856,0.5039447546005249,0.2345283329486847
YER154W,YGL113W,0,1.7883004,0.17904695868492126,0.5039447546005249,0.23462848365306854
YDL084W,YAL024C,0,1.7877885,0.17898423969745636,0.5039447546005249,0.2347286194562912
YER167W,YHL007C,1,1.7873423,0.17927171289920807,0.5049309730529785,0.2347286194562912
YGR109C,YDL056W,1,1.7872443,0.17955897748470306,0.5059171319007874,0.2347286194562912
YGR012W,YIR032C,0,1.787135,0.1794961541891098,0.5059171319007874,0.23482875525951385
YFL034C-B,YPL209C,1,1.7861224,0.17978313565254211,0.506903350353241,0.23482875525951385
YGL094C,YOL062C,0,1.7860914,0.17972028255462646,0.506903350353241,0.2349289059638977
YER103W,YJL004C,0,1.7849383,0.1796574592590332,0.506903350353241,0.23502904176712036
YBR247C,YNL006W,0,1.7846442,0.17959469556808472,0.506903350353241,0.23512917757034302
YDR079W,YJL141C,0,1.7843802,0.17953196167945862,0.506903350353241,0.23522932827472687
YNL231C,YMR078C,0,1.7837099,0.1794692724943161,0.506903350353241,0.23532946407794952
YDR285W,YJR036C,0,1.7836841,0.17940662801265717,0.506903350353241,0.23542959988117218
YOR084W,YIL094C,0,1.7836317,0.1793440282344818,0.506903350353241,0.23552973568439484
YDR090C,YLL003W,0,1.7834932,0.17928147315979004,0.506903350353241,0.2356298863887787
YDR492W,YPL208W,0,1.783162,0.17921896278858185,0.506903350353241,0.23573002219200134
YBR261C,YPL104W,0,1.7830555,0.17915649712085724,0.506903350353241,0.235830157995224
YKL206C,YER046W,0,1.7830468,0.1790940761566162,0.506903350353241,0.23593030869960785
YOR168W,YNL281W,0,1.7829094,0.17903169989585876,0.506903350353241,0.2360304445028305
YGR282C,YOL090W,0,1.782066,0.1789693534374237,0.506903350353241,0.23613058030605316
YKL203C,YFR036W,1,1.7819824,0.17925512790679932,0.5078895688056946,0.23613058030605316
YDR146C,YGR239C,0,1.7819011,0.17919276654720306,0.5078895688056946,0.23623071610927582
YLR329W,YNR044W,0,1.7817935,0.1791304349899292,0.5078895688056946,0.23633086681365967
YGR246C,YPR127W,0,1.7815601,0.17906814813613892,0.5078895688056946,0.23643100261688232
YER168C,YFL021W,0,1.7812012,0.17900590598583221,0.5078895688056946,0.23653113842010498
YDL111C,YJL213W,0,1.7809606,0.1789437085390091,0.5078895688056946,0.23663128912448883
YPL213W,YER090W,0,1.7809435,0.17888155579566956,0.5078895688056946,0.2367314249277115
YOR057W,YIR025W,1,1.780537,0.17916665971279144,0.5088757276535034,0.2367314249277115
YDR378C,YBL113C,0,1.7802058,0.17910447716712952,0.5088757276535034,0.23683156073093414
YOR219C,YKR026C,0,1.7795385,0.17904232442378998,0.5088757276535034,0.236931711435318
YKL174C,YIL080W,0,1.779378,0.17898023128509521,0.5088757276535034,0.23703184723854065
YDR440W,YLR079W,1,1.779297,0.17926490306854248,0.509861946105957,0.23703184723854065
YBL026W,YNL274C,0,1.779251,0.17920278012752533,0.509861946105957,0.2371319830417633
YJR112W,YKR028W,0,1.7790306,0.17914067208766937,0.509861946105957,0.23723211884498596
YMR049C,YMR019W,0,1.7784482,0.1790786236524582,0.509861946105957,0.2373322695493698
YOR054C,YJL024C,0,1.7783042,0.1790166199207306,0.509861946105957,0.23743240535259247
YDR383C,YDR453C,0,1.7782986,0.17895466089248657,0.509861946105957,0.23753254115581512
YPR135W,YEL029C,0,1.7771298,0.17889273166656494,0.509861946105957,0.23763269186019897
YOR230W,YGL233W,0,1.776829,0.1788308471441269,0.509861946105957,0.23773282766342163
YBR195C,YLR088W,0,1.7768074,0.17876902222633362,0.509861946105957,0.2378329634666443
YBR020W,YKR019C,0,1.7767898,0.17870722711086273,0.509861946105957,0.23793309926986694
YOR084W,YLR153C,0,1.7765067,0.17864547669887543,0.509861946105957,0.2380332499742508
YPR006C,YDR226W,0,1.7760707,0.1785837709903717,0.509861946105957,0.23813338577747345
YKL013C,YLR359W,0,1.7760253,0.17852209508419037,0.509861946105957,0.2382335215806961
YKL020C,YBL034C,0,1.775942,0.1784604787826538,0.509861946105957,0.23833367228507996
YNL127W,YPR162C,0,1.7753961,0.17839889228343964,0.509861946105957,0.2384338080883026
YJL030W,YER130C,0,1.7753435,0.17833735048770905,0.509861946105957,0.23853394389152527
YDR081C,YBR061C,0,1.7748593,0.17827586829662323,0.509861946105957,0.23863409459590912
YDL056W,YDL155W,1,1.7747902,0.17855912446975708,0.5108481049537659,0.23863409459590912
YKL064W,YER090W,0,1.7743974,0.1784975826740265,0.5108481049537659,0.23873423039913177
YER154W,YBL079W,0,1.7743846,0.17843610048294067,0.5108481049537659,0.23883436620235443
YJR078W,YDR310C,0,1.7741158,0.17837466299533844,0.5108481049537659,0.2389345020055771
YPR072W,YPL112C,0,1.7741,0.1783132553100586,0.5108481049537659,0.23903465270996094
YJL114W,YBL079W,0,1.7739893,0.17825189232826233,0.5108481049537659,0.2391347885131836
YKR056W,YNL050C,0,1.773661,0.17819057404994965,0.5108481049537659,0.23923492431640625
YGL200C,YOR230W,0,1.7734586,0.17812930047512054,0.5108481049537659,0.2393350750207901
YKR055W,YIL020C,0,1.7733747,0.17806807160377502,0.5108481049537659,0.23943521082401276
YGR258C,YBR192W,0,1.7732049,0.1780068725347519,0.5108481049537659,0.2395353466272354
YIL108W,YNR072W,0,1.772565,0.17794571816921234,0.5108481049537659,0.23963548243045807
YPR198W,YGR271W,0,1.772503,0.17788460850715637,0.5108481049537659,0.23973563313484192
YNL032W,YLR394W,0,1.7724943,0.17782354354858398,0.5108481049537659,0.23983576893806458
YDR310C,YOL124C,0,1.772401,0.17776252329349518,0.5108481049537659,0.23993590474128723
YKR008W,YNR072W,0,1.7723581,0.17770154774188995,0.5108481049537659,0.24003605544567108
YFR021W,YBR129C,0,1.7720534,0.17764060199260712,0.5108481049537659,0.24013619124889374
YPL139C,YJL029C,0,1.7718648,0.17757970094680786,0.5108481049537659,0.2402363270521164
YML112W,YLR153C,0,1.7713753,0.1775188446044922,0.5108481049537659,0.24033647775650024
YJL149W,YGR027C,0,1.7712733,0.1774580329656601,0.5108481049537659,0.2404366135597229
YIR025W,YFL034C-B,1,1.7707219,0.1777397245168686,0.5118343234062195,0.2404366135597229
YOR123C,YPR138C,0,1.7704397,0.1776788830757141,0.5118343234062195,0.24053674936294556
YMR020W,YDL015C,0,1.7702667,0.17761807143688202,0.5118343234062195,0.2406368851661682
YPL083C,YPL096W,0,1.7700053,0.1775573045015335,0.5118343234062195,0.24073703587055206
YER154W,YDR218C,0,1.7699691,0.17749658226966858,0.5118343234062195,0.24083717167377472
YNL032W,YFR052W,0,1.7699269,0.17743590474128723,0.5118343234062195,0.24093730747699738
YOL057W,YOR126C,0,1.7695929,0.17737525701522827,0.5118343234062195,0.24103745818138123
YER168C,YBR276C,0,1.7693359,0.1773146539926529,0.5118343234062195,0.24113759398460388
YER125W,YGR070W,0,1.7692381,0.1772540956735611,0.5118343234062195,0.24123772978782654
YHL034C,YNL238W,0,1.769127,0.17719358205795288,0.5118343234062195,0.2413378655910492
YKL041W,YCL004W,0,1.7690521,0.17713311314582825,0.5118343234062195,0.24143801629543304
YGL172W,YLR206W,0,1.7689017,0.177072674036026,0.5118343234062195,0.2415381520986557
YMR193W,YBL026W,0,1.7687992,0.17701227962970734,0.5118343234062195,0.24163828790187836
YBR129C,YHR109W,0,1.7685881,0.17695192992687225,0.5118343234062195,0.2417384386062622
YMR284W,YHR132C,0,1.7679962,0.17689161002635956,0.5118343234062195,0.24183857440948486
YDL028C,YHR005C-A,0,1.7675375,0.17683134973049164,0.5118343234062195,0.24193871021270752
YNL008C,YDR454C,0,1.7672567,0.1767711192369461,0.5118343234062195,0.24203886091709137
YKR002W,YKL201C,0,1.7669042,0.17671093344688416,0.5118343234062195,0.24213899672031403
YHR132C,YEL029C,0,1.7667886,0.1766507774591446,0.5118343234062195,0.24223913252353668
YBR182C,YOR008C,0,1.7665852,0.1765906810760498,0.5118343234062195,0.24233926832675934
YPL273W,YDL070W,0,1.7665381,0.1765306144952774,0.5118343234062195,0.2424394190311432
YNL309W,YOR162C,0,1.7665114,0.1764705926179886,0.5118343234062195,0.24253955483436584
YPL002C,YNL298W,0,1.7663041,0.17641060054302216,0.5118343234062195,0.2426396906375885
YER138C,YOL108C,0,1.7662036,0.1763506680727005,0.5118343234062195,0.24273984134197235
YFR013W,YPR200C,0,1.7661494,0.17629076540470123,0.5118343234062195,0.242839977145195
YHR158C,YBR274W,1,1.7660912,0.17657046020030975,0.5128205418586731,0.242839977145195
YHR132C,YKR028W,0,1.7657427,0.1765105277299881,0.5128205418586731,0.24294011294841766
YGL103W,YOR098C,0,1.7657009,0.17645062506198883,0.5128205418586731,0.2430402636528015
YNL267W,YNL092W,0,1.7656668,0.17639076709747314,0.5128205418586731,0.24314039945602417
YBL076C,YGL190C,0,1.765581,0.17633095383644104,0.5128205418586731,0.24324053525924683
YER087W,YLR278C,0,1.765453,0.17627118527889252,0.5128205418586731,0.24334067106246948
YBR274W,YLR361C,1,1.7654473,0.17655032873153687,0.5138067007064819,0.24334067106246948
YOR310C,YJL095W,0,1.7654094,0.17649051547050476,0.5138067007064819,0.24344082176685333
YOR148C,YPR083W,0,1.7649468,0.17643074691295624,0.5138067007064819,0.243540957570076
YBR002C,YNL230C,0,1.7649115,0.1763710230588913,0.5138067007064819,0.24364109337329865
YLR229C,YGL003C,1,1.7649063,0.17664974927902222,0.5147929191589355,0.24364109337329865
YDR263C,YMR061W,0,1.7648038,0.1765899807214737,0.5147929191589355,0.2437412440776825
YEL062W,YFR019W,0,1.764773,0.17653027176856995,0.5147929191589355,0.24384137988090515
YDL045W-A,YKL096W-A,0,1.7644902,0.1764705926179886,0.5147929191589355,0.2439415156841278
YFL033C,YFR019W,0,1.7644283,0.17641094326972961,0.5147929191589355,0.24404165148735046
YBR115C,YMR200W,0,1.7643963,0.17635135352611542,0.5147929191589355,0.24414180219173431
YNR021W,YLR164W,0,1.764306,0.1762917935848236,0.5147929191589355,0.24424193799495697
YOL129W,YKR069W,0,1.7643024,0.17623227834701538,0.5147929191589355,0.24434207379817963
YDR167W,YJL192C,0,1.7641274,0.17617279291152954,0.5147929191589355,0.24444222450256348
YMR013C,YNL006W,0,1.7635572,0.17611336708068848,0.5147929191589355,0.24454236030578613
YPR111W,YJL006C,0,1.7634058,0.1760539561510086,0.5147929191589355,0.2446424961090088
YHL007C,YDR328C,1,1.7633308,0.1763317584991455,0.5157790780067444,0.2446424961090088
YIL006W,YEL029C,0,1.7626833,0.17627233266830444,0.5157790780067444,0.24474264681339264
YOR106W,YGR276C,0,1.7623618,0.17621293663978577,0.5157790780067444,0.2448427826166153
YPR026W,YPR111W,0,1.7623163,0.17615358531475067,0.5157790780067444,0.24494291841983795
YOR274W,YLR042C,0,1.7619647,0.17609427869319916,0.5157790780067444,0.2450430542230606
YGL083W,YDR423C,0,1.7618722,0.17603500187397003,0.5157790780067444,0.24514320492744446
YBR081C,YPL273W,0,1.7615228,0.1759757697582245,0.5157790780067444,0.24524334073066711
YMR203W,YMR176W,0,1.7615224,0.17591658234596252,0.5157790780067444,0.24534347653388977
YHR069C,YLR278C,0,1.7612381,0.17585742473602295,0.5157790780067444,0.24544362723827362
YLR047C,YCR012W,0,1.7611097,0.17579832673072815,0.5157790780067444,0.24554376304149628
YER173W,YIL112W,1,1.7609199,0.1760752648115158,0.516765296459198,0.24554376304149628
YKL022C,YPL218W,0,1.7606214,0.17601612210273743,0.516765296459198,0.24564389884471893
YOR377W,YPL167C,0,1.7602242,0.17595702409744263,0.516765296459198,0.2457440346479416
YPR187W,YLR309C,0,1.7602094,0.17589795589447021,0.516765296459198,0.24584418535232544
YOL102C,YGL226C-A,0,1.7600126,0.17583893239498138,0.516765296459198,0.2459443211555481
YDL121C,YOR025W,0,1.759642,0.17577993869781494,0.516765296459198,0.24604445695877075
YOR159C,YMR228W,0,1.7593025,0.17572098970413208,0.516765296459198,0.2461446076631546
YGL122C,YBR281C,0,1.7591096,0.1756620854139328,0.516765296459198,0.24624474346637726
YGR109C,YKR072C,1,1.7585851,0.17593833804130554,0.5177514553070068,0.24624474346637726
YNR004W,YBL089W,0,1.7583895,0.17587940394878387,0.5177514553070068,0.24634487926959991
YGL226C-A,YDR226W,0,1.758258,0.1758204996585846,0.5177514553070068,0.24644502997398376
YOR239W,YOR180C,0,1.7580818,0.1757616400718689,0.5177514553070068,0.24654516577720642
YHR058C,YER104W,0,1.7574788,0.17570281028747559,0.5177514553070068,0.24664530158042908
YPL167C,YBR276C,0,1.7571074,0.17564402520656586,0.5177514553070068,0.24674543738365173
YCR046C,YLR050C,0,1.7567022,0.1755852848291397,0.5177514553070068,0.24684558808803558
YAL063C,YMR032W,0,1.7563548,0.17552657425403595,0.5177514553070068,0.24694572389125824
YBR118W,YAL040C,0,1.7561795,0.17546790838241577,0.5177514553070068,0.2470458596944809
YKL117W,YPR001W,0,1.7559692,0.17540928721427917,0.5177514553070068,0.24714601039886475
YLR203C,YKR008W,0,1.7559606,0.17535069584846497,0.5177514553070068,0.2472461462020874
YGL068W,YKL203C,0,1.7559129,0.17529214918613434,0.5177514553070068,0.24734628200531006
YER013W,YMR229C,0,1.7554098,0.1752336472272873,0.5177514553070068,0.24744641780853271
YJL200C,YJL081C,0,1.7553605,0.17517517507076263,0.5177514553070068,0.24754656851291656
YPR182W,YPL096W,0,1.7547618,0.17511674761772156,0.5177514553070068,0.24764670431613922
YFL038C,YBR192W,0,1.7535025,0.17505834996700287,0.5177514553070068,0.24774684011936188
YGR175C,YGR271W,0,1.7526284,0.17499999701976776,0.5177514553070068,0.24784699082374573
YJL081C,YFL013C,0,1.7523416,0.17494168877601624,0.5177514553070068,0.24794712662696838
YMR036C,YDL155W,1,1.7520243,0.17521652579307556,0.5187376737594604,0.24794712662696838
YNR031C,YBL034C,0,1.7513624,0.17515817284584045,0.5187376737594604,0.24804726243019104
YCR093W,YOR298W,0,1.7510573,0.17509986460208893,0.5187376737594604,0.2481474131345749
YGL172W,YLR130C,0,1.7508749,0.17504160106182098,0.5187376737594604,0.24824754893779755
YOL141W,YDL197C,0,1.7504396,0.17498336732387543,0.5187376737594604,0.2483476847410202
YMR077C,YBL113C,0,1.7501919,0.17492517828941345,0.5187376737594604,0.24844782054424286
YDR303C,YGL181W,1,1.7500135,0.1751994639635086,0.5197238922119141,0.24844782054424286
YBR042C,YIR005W,0,1.7498614,0.17514124512672424,0.5197238922119141,0.2485479712486267
YNL238W,YDL148C,0,1.7497011,0.17508305609226227,0.5197238922119141,0.24864810705184937
YJL085W,YLR350W,0,1.7485926,0.17502491176128387,0.5197238922119141,0.24874824285507202
YML099C,YFR019W,0,1.7484518,0.17496679723262787,0.5197238922119141,0.24884839355945587
YNR006W,YLR103C,0,1.7484269,0.17490872740745544,0.5197238922119141,0.24894852936267853
YML097C,YDR195W,0,1.7477022,0.1748507022857666,0.5197238922119141,0.24904866516590118
YGL244W,YMR300C,0,1.7476135,0.17479270696640015,0.5197238922119141,0.24914880096912384
YMR089C,YOL043C,0,1.7470356,0.17473474144935608,0.5197238922119141,0.2492489516735077
YIR018W,YNL027W,0,1.7468934,0.1746768355369568,0.5197238922119141,0.24934908747673035
YGR109C,YNL078W,1,1.7466916,0.17495030164718628,0.5207100510597229,0.24934908747673035
YOR355W,YER190W,0,1.7466446,0.1748923510313034,0.5207100510597229,0.249449223279953
YGR268C,YMR239C,0,1.7460328,0.17483443021774292,0.5207100510597229,0.24954937398433685
YMR269W,YNR004W,0,1.7459042,0.1747765690088272,0.5207100510597229,0.2496495097875595
YCL057W,YDR195W,0,1.7448142,0.1747187227010727,0.5207100510597229,0.24974964559078217
YBL034C,YPL096W,0,1.7446054,0.17466093599796295,0.5207100510597229,0.24984979629516602
YGR109C,YLR215C,1,1.7444258,0.17493386566638947,0.5216962695121765,0.24984979629516602
YMR025W,YOR353C,0,1.744359,0.17487603425979614,0.5216962695121765,0.24994993209838867
YMR227C,YJL206C,0,1.7439126,0.1748182475566864,0.5216962695121765,0.25005006790161133
YNR021W,YJL024C,0,1.7438096,0.17476049065589905,0.5216962695121765,0.250150203704834
YPL082C,YDL035C,0,1.7436286,0.17470277845859528,0.5216962695121765,0.25025033950805664
YBR274W,YGL220W,0,1.7433599,0.1746450960636139,0.5216962695121765,0.2503505051136017
YHR211W,YJR021C,0,1.7428766,0.1745874583721161,0.5216962695121765,0.25045064091682434
YKR071C,YDR218C,0,1.742586,0.17452986538410187,0.5216962695121765,0.250550776720047
YFL038C,YDL047W,0,1.742299,0.17447230219841003,0.5216962695121765,0.25065091252326965
YOL090W,YBL068W,0,1.7420927,0.1744147688150406,0.5216962695121765,0.2507510483264923
YOR324C,YNL138W,0,1.7419769,0.17435728013515472,0.5216962695121765,0.25085118412971497
YLR105C,YPL167C,0,1.7416335,0.17429983615875244,0.5216962695121765,0.2509513199329376
YMR276W,YPR152C,0,1.7415594,0.17424242198467255,0.5216962695121765,0.25105148553848267
YJR127C,YEL029C,0,1.7412187,0.17418505251407623,0.5216962695121765,0.2511516213417053
YEL053C,YDL074C,0,1.7409633,0.1741277128458023,0.5216962695121765,0.251251757144928
YPL119C,YPL027W,0,1.7407713,0.17407041788101196,0.5216962695121765,0.25135189294815063
YOL070C,YER013W,0,1.7405173,0.174013152718544,0.5216962695121765,0.2514520287513733
YDR309C,YML027W,1,1.7399157,0.17428477108478546,0.5226824283599854,0.2514520287513733
YNL335W,YLR073C,0,1.7393639,0.17422747611999512,0.5226824283599854,0.25155216455459595
YMR019W,YJR021C,0,1.738773,0.17417022585868835,0.5226824283599854,0.2516523003578186
YGL181W,YBR136W,1,1.7382042,0.17444153130054474,0.523668646812439,0.2516523003578186
YBR202W,YPL112C,0,1.7380847,0.1743842363357544,0.523668646812439,0.25175246596336365
YPL113C,YKL096W-A,0,1.7380488,0.17432698607444763,0.523668646812439,0.2518526017665863
YKL174C,YCR026C,0,1.7380017,0.17426978051662445,0.523668646812439,0.25195273756980896
YAL033W,YIL042C,0,1.7379586,0.17421260476112366,0.523668646812439,0.2520528733730316
YOR382W,YGL169W,0,1.7375529,0.17415545880794525,0.523668646812439,0.2521530091762543
YBR120C,YNR017W,0,1.7375374,0.17409835755825043,0.523668646812439,0.25225314497947693
YLR080W,YNL262W,0,1.7374638,0.17404130101203918,0.523668646812439,0.2523532807826996
YPR030W,YDL047W,0,1.7371135,0.17398427426815033,0.523668646812439,0.25245344638824463
YLR016C,YDR496C,0,1.73655,0.17392727732658386,0.523668646812439,0.2525535821914673
YKL103C,YCL024W,0,1.736389,0.17387033998966217,0.523668646812439,0.25265371799468994
YGL083W,YIL142W,0,1.7359129,0.17381341755390167,0.523668646812439,0.2527538537979126
YMR123W,YLR305C,0,1.7352604,0.17375653982162476,0.523668646812439,0.25285398960113525
YLR447C,YGR012W,0,1.7352012,0.17369970679283142,0.523668646812439,0.2529541254043579
YGL083W,YCR002C,0,1.7348796,0.17364290356636047,0.523668646812439,0.25305426120758057
YCL032W,YFL023W,0,1.7346352,0.1735861450433731,0.523668646812439,0.2531544268131256
YPL252C,YGL071W,0,1.7343999,0.17352941632270813,0.523668646812439,0.25325456261634827
YDR137W,YPR127W,0,1.734314,0.17347271740436554,0.523668646812439,0.2533546984195709
YNL273W,YER089C,1,1.7339739,0.1737426519393921,0.5246548056602478,0.2533546984195709
YDR072C,YFL048C,0,1.7339016,0.1736859232187271,0.5246548056602478,0.2534548342227936
YLR157C,YBR031W,0,1.7333808,0.17362923920154572,0.5246548056602478,0.25355497002601624
YPL083C,YFR036W,0,1.7325596,0.1735725998878479,0.5246548056602478,0.2536551058292389
YBR202W,YKL020C,0,1.7322282,0.17351597547531128,0.5246548056602478,0.25375527143478394
YML032C,YKR036C,0,1.7320398,0.17345941066741943,0.5246548056602478,0.2538554072380066
YMR061W,YBR052C,0,1.7319007,0.17340287566184998,0.5246548056602478,0.25395554304122925
YDR517W,YDL008W,1,1.731788,0.17367219924926758,0.5256410241127014,0.25395554304122925
YER098W,YDR222W,0,1.7317072,0.17361563444137573,0.5256410241127014,0.2540556788444519
YDR328C,YMR029C,1,1.7316645,0.17388473451137543,0.526627242565155,0.2540556788444519
YPL119C,YBR281C,0,1.731658,0.173828125,0.526627242565155,0.25415581464767456
YFR008W,YOL113W,1,1.7314023,0.1740969717502594,0.5276134014129639,0.25415581464767456
YJR138W,YPR083W,0,1.7313893,0.17404033243656158,0.5276134014129639,0.2542559504508972
YER103W,YPL099C,0,1.7306942,0.17398373782634735,0.5276134014129639,0.2543560862541199
YDR090C,YDR419W,0,1.7306716,0.1739271730184555,0.5276134014129639,0.2544562518596649
YJL079C,YLR224W,0,1.7296964,0.17387065291404724,0.5276134014129639,0.2545563876628876
YPL256C,YBR136W,1,1.7295572,0.17413905262947083,0.5285996198654175,0.2545563876628876
YFL038C,YJL024C,0,1.7294883,0.17408248782157898,0.5285996198654175,0.25465652346611023
YPR135W,YNL122C,0,1.7290322,0.17402596771717072,0.5285996198654175,0.2547566592693329
YNR031C,YDL097C,0,1.728991,0.17396949231624603,0.5285996198654175,0.25485679507255554
YER049W,YNR060W,0,1.728453,0.17391304671764374,0.5285996198654175,0.2549569308757782
YKL119C,YGL212W,0,1.7284302,0.17385663092136383,0.5285996198654175,0.25505706667900085
YLL004W,YDR173C,0,1.7282931,0.1738002598285675,0.5285996198654175,0.2551572322845459
YDL170W,YLL043W,0,1.7280481,0.17374391853809357,0.5285996198654175,0.25525736808776855
YLR153C,YPL098C,0,1.7279304,0.1736876219511032,0.5285996198654175,0.2553575038909912
YDL134C,YMR036C,1,1.7276794,0.1739552915096283,0.5295857787132263,0.2553575038909912
YBR096W,YDL077C,0,1.7273256,0.17389896512031555,0.5295857787132263,0.25545763969421387
YAL024C,YDR217C,1,1.7271703,0.17416639626026154,0.5305719971656799,0.25545763969421387
YHR074W,YJL124C,0,1.7271522,0.1741100251674652,0.5305719971656799,0.2555577754974365
YIL094C,YOL104C,0,1.7270774,0.17405369877815247,0.5305719971656799,0.2556579113006592
YPR144C,YEL062W,0,1.7270209,0.1739974170923233,0.5305719971656799,0.25575804710388184
YLR447C,YLR389C,0,1.7269326,0.17394115030765533,0.5305719971656799,0.2558582127094269
YOR073W,YPL209C,1,1.7266496,0.1742081493139267,0.5315581560134888,0.2558582127094269
YGL174W,YKL094W,0,1.7265159,0.17415185272693634,0.5315581560134888,0.25595834851264954
YJR138W,YMR210W,0,1.7263954,0.17409560084342957,0.5315581560134888,0.2560584843158722
YKL171W,YOL155C,0,1.7262627,0.17403939366340637,0.5315581560134888,0.25615862011909485
YAL022C,YPL200W,0,1.7261999,0.17398321628570557,0.5315581560134888,0.2562587559223175
YER049W,YLR157C,0,1.7259933,0.17392706871032715,0.5315581560134888,0.25635889172554016
YMR013C,YPR191W,0,1.725911,0.1738709658384323,0.5315581560134888,0.2564590573310852
YDR473C,YEL053C,0,1.7255803,0.17381489276885986,0.5315581560134888,0.25655919313430786
YHR047C,YMR137C,0,1.7252928,0.173758864402771,0.5315581560134888,0.2566593289375305
YDR173C,YGL071W,0,1.7252614,0.17370286583900452,0.5315581560134888,0.2567594647407532
YHR047C,YNL008C,0,1.725123,0.17364691197872162,0.5315581560134888,0.25685960054397583
YML099C,YGL071W,0,1.7247533,0.1735909879207611,0.5315581560134888,0.2569597363471985
YJL166W,YIL140W,0,1.7242035,0.17353509366512299,0.5315581560134888,0.25705987215042114
YMR032W,YCL004W,0,1.7241215,0.17347924411296844,0.5315581560134888,0.2571600377559662
YDL140C,YIL083C,0,1.7232673,0.1734234243631363,0.5315581560134888,0.25726017355918884
YER089C,YJR053W,1,1.7232274,0.17368929088115692,0.5325443744659424,0.25726017355918884
YLR314C,YPL259C,0,1.7227675,0.17363344132900238,0.5325443744659424,0.2573603093624115
YDR167W,YLR024C,0,1.7217239,0.17357762157917023,0.5325443744659424,0.25746044516563416
YAL024C,YPR083W,0,1.7217218,0.17352184653282166,0.5325443744659424,0.2575605809688568
YBR081C,YNL073W,0,1.7214813,0.17346611618995667,0.5325443744659424,0.25766071677207947
YML064C,YDL008W,1,1.7213836,0.17373153567314148,0.533530592918396,0.25766071677207947
YCR030C,YOL066C,0,1.7213761,0.1736757606267929,0.533530592918396,0.2577608525753021
YHR158C,YMR199W,1,1.720943,0.17394095659255981,0.5345167517662048,0.2577608525753021
YDR131C,YDR444W,0,1.7209061,0.17388515174388885,0.5345167517662048,0.25786101818084717
YDR411C,YKL041W,0,1.7208896,0.17382937669754028,0.5345167517662048,0.2579611539840698
YOR251C,YDR151C,0,1.7200906,0.1737736463546753,0.5345167517662048,0.2580612897872925
YBR020W,YLR213C,0,1.7200867,0.1737179458141327,0.5345167517662048,0.25816142559051514
YLL003W,YMR145C,0,1.720067,0.17366228997707367,0.5345167517662048,0.2582615613937378
YLL043W,YGL103W,0,1.719781,0.17360666394233704,0.5345167517662048,0.25836169719696045
YPR113W,YJR082C,0,1.7195768,0.1735510677099228,0.5345167517662048,0.2584618330001831
YDR196C,YER090W,0,1.719374,0.17349551618099213,0.5345167517662048,0.25856199860572815
YDR167W,YDR498C,0,1.7192659,0.17343999445438385,0.5345167517662048,0.2586621344089508
YDR072C,YHR135C,0,1.7187526,0.17338451743125916,0.5345167517662048,0.25876227021217346
YHR158C,YCR093W,1,1.7185484,0.173648864030838,0.5355029702186584,0.25876227021217346
YKL020C,YDL215C,0,1.7183772,0.17359335720539093,0.5355029702186584,0.2588624060153961
YEL043W,YKR069W,0,1.7182564,0.17353786528110504,0.5355029702186584,0.2589625418186188
YHR115C,YHR152W,1,1.7179691,0.17380191385746002,0.5364891290664673,0.2589625418186188
YIL108W,YFL057C,0,1.7176174,0.17374640703201294,0.5364891290664673,0.25906267762184143
YLR191W,YDL035C,0,1.7171162,0.17369093000888824,0.5364891290664673,0.2591628134250641
YDR517W,YLR263W,1,1.7171143,0.17395468056201935,0.5374753475189209,0.2591628134250641
YER185W,YOR292C,0,1.7160496,0.17389917373657227,0.5374753475189209,0.25926297903060913
YNL147W,YOR099W,0,1.7155061,0.17384369671344757,0.5374753475189209,0.2593631148338318
YKL217W,YLR314C,0,1.715428,0.17378826439380646,0.5374753475189209,0.25946325063705444
YGL113W,YER137C,0,1.7153287,0.17373286187648773,0.5374753475189209,0.2595633864402771
YGL256W,YBR129C,0,1.7149669,0.1736775040626526,0.5374753475189209,0.25966352224349976
YJL030W,YLR238W,1,1.7149011,0.1739407479763031,0.5384615659713745,0.25966352224349976
YIL046W,YOL028C,0,1.7148331,0.17388534545898438,0.5384615659713745,0.2597636580467224
YNL127W,YOR287C,0,1.7147785,0.17382998764514923,0.5384615659713745,0.25986382365226746
YGL172W,YCR060W,0,1.7146212,0.17377465963363647,0.5384615659713745,0.2599639594554901
YNL127W,YNL079C,0,1.7138627,0.1737193763256073,0.5384615659713745,0.26006409525871277
YBR081C,YPR043W,0,1.713753,0.1736641228199005,0.5384615659713745,0.2601642310619354
YER013W,YOR147W,0,1.7136623,0.1736088991165161,0.5384615659713745,0.2602643668651581
YOL066C,YKL038W,0,1.7135555,0.1735537201166153,0.5384615659713745,0.26036450266838074
YFL057C,YLR187W,0,1.7133865,0.17349857091903687,0.5384615659713745,0.2604646384716034
YGR077C,YOL028C,0,1.7133719,0.17344345152378082,0.5384615659713745,0.26056480407714844
YDL216C,YBR096W,0,1.7129432,0.17338837683200836,0.5384615659713745,0.2606649398803711
YIL072W,YFL033C,1,1.7124053,0.17365078628063202,0.5394477248191833,0.2606649398803711
YMR089C,YOR194C,0,1.712361,0.17359568178653717,0.5394477248191833,0.26076507568359375
YIL046W,YMR240C,0,1.7122889,0.1735406070947647,0.5394477248191833,0.2608652114868164
YDR026C,YDL029W,0,1.7120224,0.17348556220531464,0.5394477248191833,0.26096534729003906
YKL182W,YGR239C,0,1.7119206,0.17343056201934814,0.5394477248191833,0.2610654830932617
YDR419W,YBR052C,0,1.7116615,0.17337559163570404,0.5394477248191833,0.2611656188964844
YOR229W,YJL187C,1,1.7114829,0.1736375093460083,0.540433943271637,0.2611656188964844
YKL130C,YDR207C,0,1.7112418,0.1735825091600418,0.540433943271637,0.2612657845020294
YDR168W,YBR136W,1,1.7110134,0.17384420335292816,0.5414201021194458,0.2612657845020294
YBR066C,YBR238C,0,1.7102351,0.17378917336463928,0.5414201021194458,0.2613659203052521
YNR018W,YPR125W,0,1.7099899,0.1737341731786728,0.5414201021194458,0.26146605610847473
YJL005W,YOR194C,0,1.7099718,0.17367921769618988,0.5414201021194458,0.2615661919116974
YDR383C,YOR085W,0,1.7084355,0.17362429201602936,0.5414201021194458,0.26166632771492004
YPL150W,YGR239C,0,1.7073164,0.17356939613819122,0.5414201021194458,0.2617664635181427
YMR054W,YDL047W,0,1.7070998,0.17351454496383667,0.5414201021194458,0.26186659932136536
YAL024C,YMR052W,1,1.7070636,0.17377567291259766,0.5424063205718994,0.26186659932136536
YMR089C,YDR076W,0,1.7065448,0.17372077703475952,0.5424063205718994,0.2619667649269104
YBR177C,YPR200C,0,1.7059627,0.17366592586040497,0.5424063205718994,0.26206690073013306
YPL083C,YBR026C,0,1.7049568,0.1736111044883728,0.5424063205718994,0.2621670365333557
YOR327C,YDL045C,0,1.7049444,0.17355632781982422,0.5424063205718994,0.26226717233657837
YHR005C-A,YPR083W,0,1.7048606,0.17350158095359802,0.5424063205718994,0.262367308139801
YGL203C,YPR159W,0,1.7046288,0.1734468638896942,0.5424063205718994,0.2624674439430237
YOR324C,YER104W,0,1.7043456,0.1733921766281128,0.5424063205718994,0.26256757974624634
YGR229C,YIL112W,1,1.7041479,0.17365269362926483,0.5433924794197083,0.26256757974624634
YBL041W,YNL095C,0,1.7040738,0.17359797656536102,0.5433924794197083,0.2626677453517914
YNL281W,YOR226C,0,1.7040006,0.1735433042049408,0.5433924794197083,0.26276788115501404
YIL095W,YLL061W,0,1.7036643,0.17348866164684296,0.5433924794197083,0.2628680169582367
YMR036C,YDL179W,1,1.7034116,0.17374882102012634,0.5443786978721619,0.2628680169582367
YHR066W,YGL162W,0,1.7032562,0.17369414865970612,0.5443786978721619,0.26296815276145935
YOL136C,YNR010W,0,1.7031559,0.17363950610160828,0.5443786978721619,0.263068288564682
YMR065W,YDR472W,0,1.7031296,0.17358490824699402,0.5443786978721619,0.26316842436790466
YOR274W,YLR429W,0,1.7030326,0.17353034019470215,0.5443786978721619,0.2632685899734497
YHL034C,YBR192W,0,1.7025436,0.17347580194473267,0.5443786978721619,0.26336872577667236
YPL167C,YCL034W,0,1.7024215,0.17342129349708557,0.5443786978721619,0.263468861579895
YJR053W,YLR127C,1,1.7020127,0.17368090152740479,0.5453649163246155,0.263468861579895
YGR225W,YGL050W,0,1.7015929,0.1736263781785965,0.5453649163246155,0.2635689973831177
YCL043C,YMR160W,0,1.7012092,0.1735718697309494,0.5453649163246155,0.26366913318634033
YPL139C,YGL004C,0,1.7002981,0.17351742088794708,0.5453649163246155,0.263769268989563
YLR404W,YJR032W,0,1.7001988,0.17346298694610596,0.5453649163246155,0.26386940479278564
YPL112C,YKL168C,0,1.7001194,0.1734085977077484,0.5453649163246155,0.2639695703983307
YLR182W,YNR004W,0,1.7000062,0.17335423827171326,0.5453649163246155,0.26406970620155334
YBL051C,YCL061C,1,1.6995081,0.1736132800579071,0.5463510751724243,0.26406970620155334
YDR245W,YGR089W,0,1.6984354,0.17355889081954956,0.5463510751724243,0.264169842004776
YER098W,YKR069W,0,1.6983372,0.1735045462846756,0.5463510751724243,0.26426997780799866
YMR276W,YDR164C,0,1.6982976,0.17345021665096283,0.5463510751724243,0.2643701136112213
YDL121C,YAL016W,0,1.6982311,0.17339593172073364,0.5463510751724243,0.26447024941444397
YPL180W,YHR082C,0,1.698048,0.17334167659282684,0.5463510751724243,0.2645703852176666
YKL022C,YNL172W,1,1.6979511,0.17360025644302368,0.5473372936248779,0.2645703852176666
YLL008W,YDR497C,0,1.6979419,0.1735459715127945,0.5473372936248779,0.26467055082321167
YKL175W,YJL130C,0,1.6975048,0.1734917163848877,0.5473372936248779,0.2647706866264343
YER177W,YFR028C,1,1.6974953,0.17374999821186066,0.5483234524726868,0.2647706866264343
YGR081C,YKL189W,0,1.6973919,0.17369571328163147,0.5483234524726868,0.264870822429657
YBL056W,YLR210W,1,1.697335,0.17395377159118652,0.5493096709251404,0.264870822429657
YJR004C,YKL041W,0,1.6972417,0.17389947175979614,0.5493096709251404,0.26497095823287964
YAL063C,YHR041C,0,1.697162,0.17384518682956696,0.5493096709251404,0.2650710940361023
YNL044W,YLL008W,0,1.6971213,0.17379094660282135,0.5493096709251404,0.26517122983932495
YPL011C,YDR260C,0,1.6970786,0.17373673617839813,0.5493096709251404,0.2652713656425476
YPR111W,YKR035W-A,0,1.6970439,0.1736825704574585,0.5493096709251404,0.26537153124809265
YNL127W,YML032C,0,1.6965967,0.17362843453884125,0.5493096709251404,0.2654716670513153
YGR268C,YLR163C,0,1.6965687,0.1735743284225464,0.5493096709251404,0.26557180285453796
YGL186C,YJL213W,0,1.6964742,0.1735202521085739,0.5493096709251404,0.2656719386577606
YJL011C,YMR240C,0,1.6964382,0.17346620559692383,0.5493096709251404,0.2657720744609833
YNL223W,YGL174W,0,1.695712,0.17341220378875732,0.5493096709251404,0.26587221026420593
YAL021C,YIL131C,1,1.6954318,0.1736694723367691,0.5502958297729492,0.26587221026420593
YLL055W,YGL051W,0,1.6952533,0.17361542582511902,0.5502958297729492,0.265972375869751
YDL188C,YLR321C,1,1.6950397,0.1738724708557129,0.5512820482254028,0.265972375869751
YBR260C,YJL213W,0,1.6949841,0.1738184094429016,0.5512820482254028,0.26607251167297363
YOR283W,YLR329W,0,1.6947318,0.17376437783241272,0.5512820482254028,0.2661726474761963
YNL138W,YNL230C,0,1.6946971,0.17371037602424622,0.5512820482254028,0.26627278327941895
YDR207C,YKL001C,0,1.6943766,0.1736564189195633,0.5512820482254028,0.2663729190826416
YPL129W,YGR143W,0,1.6935675,0.17360249161720276,0.5512820482254028,0.26647305488586426
YBL058W,YCL004W,0,1.6932746,0.1735485941171646,0.5512820482254028,0.2665731906890869
YOR074C,YNL259C,0,1.6929184,0.17349472641944885,0.5512820482254028,0.26667335629463196
YDR383C,YOR123C,0,1.6927325,0.17344088852405548,0.5512820482254028,0.2667734920978546
YMR087W,YJR112W,0,1.6926397,0.1733870953321457,0.5512820482254028,0.26687362790107727
YOL165C,YDR444W,0,1.6921451,0.1733333319425583,0.5512820482254028,0.2669737637042999
YBR186W,YHR061C,1,1.6918494,0.1735895872116089,0.5522682666778564,0.2669737637042999
YOR159C,YIL046W,0,1.6915433,0.1735357940196991,0.5522682666778564,0.2670738995075226
YOR297C,YGR255C,0,1.6908438,0.1734820306301117,0.5522682666778564,0.26717403531074524
YEL036C,YJL004C,0,1.6902896,0.17342831194400787,0.5522682666778564,0.2672741711139679
YML112W,YGL212W,0,1.6902024,0.17337460815906525,0.5522682666778564,0.26737433671951294
YBR002C,YPL218W,0,1.6900862,0.1733209490776062,0.5522682666778564,0.2674744725227356
YDR461W,YMR301C,0,1.6897317,0.17326731979846954,0.5522682666778564,0.26757460832595825
YHR179W,YGR238C,0,1.6895175,0.17321373522281647,0.5522682666778564,0.2676747441291809
YJL214W,YCR046C,0,1.6893121,0.17316018044948578,0.5522682666778564,0.26777487993240356
YLR141W,YGL203C,0,1.6891178,0.17310664057731628,0.5522682666778564,0.2678750157356262
YMR168C,YDL015C,0,1.68905,0.17305314540863037,0.5522682666778564,0.2679751515388489
YIR011C,YLR020C,0,1.6885622,0.17299969494342804,0.5522682666778564,0.2680753171443939
YOR084W,YLL004W,0,1.6884378,0.1729462593793869,0.5522682666778564,0.2681754529476166
YCR060W,YJR130C,0,1.6881589,0.17289286851882935,0.5522682666778564,0.26827558875083923
YJR138W,YDL040C,0,1.6880852,0.17283950746059418,0.5522682666778564,0.2683757245540619
YOL070C,YKL013C,0,1.6880404,0.1727861762046814,0.5522682666778564,0.26847586035728455
YDR138W,YMR273C,0,1.68794,0.172732874751091,0.5522682666778564,0.2685759961605072
YDR030C,YOL112W,0,1.6877638,0.1726796180009842,0.5522682666778564,0.26867613196372986
YJR092W,YGR214W,0,1.6875185,0.17262639105319977,0.5522682666778564,0.2687762975692749
YNR006W,YJL029C,0,1.6864856,0.17257319390773773,0.5522682666778564,0.26887643337249756
YNL052W,YNL175C,0,1.6857852,0.17252002656459808,0.5522682666778564,0.2689765691757202
YIR011C,YDR081C,0,1.6856862,0.17246688902378082,0.5522682666778564,0.26907670497894287
YLR029C,YDR332W,0,1.6856099,0.17241379618644714,0.5522682666778564,0.2691768407821655
YDR512C,YPL007C,0,1.6848575,0.17236073315143585,0.5522682666778564,0.2692769765853882
YEL062W,YCR046C,0,1.6845433,0.17230768501758575,0.5522682666778564,0.2693771421909332
YOR324C,YGL051W,0,1.6843828,0.17225469648838043,0.5522682666778564,0.2694772779941559
YGL200C,YER017C,0,1.6839755,0.1722017228603363,0.5522682666778564,0.26957741379737854
YHR164C,YIL132C,0,1.6838942,0.17214877903461456,0.5522682666778564,0.2696775496006012
YEL052W,YDR254W,0,1.683746,0.1720958799123764,0.5522682666778564,0.26977768540382385
YLR209C,YDL045C,0,1.6835701,0.17204301059246063,0.5522682666778564,0.2698778212070465
YGR245C,YJR068W,1,1.6833122,0.17229729890823364,0.5532544255256653,0.2698778212070465
YKR103W,YGR179C,0,1.6831557,0.17224439978599548,0.5532544255256653,0.26997795701026917
YAL021C,YNL289W,1,1.6831379,0.17249846458435059,0.5542406439781189,0.26997795701026917
YJR149W,YBR282W,0,1.6827502,0.17244553565979004,0.5542406439781189,0.2700781226158142
YBL056W,YGR098C,1,1.682667,0.17269939184188843,0.5552268028259277,0.2700781226158142
YOR071C,YOL038W,0,1.6825458,0.1726464331150055,0.5552268028259277,0.27017825841903687
YBR223C,YER017C,0,1.6814716,0.17259350419044495,0.5552268028259277,0.2702783942222595
YMR203W,YHR119W,0,1.6814122,0.1725406050682068,0.5552268028259277,0.2703785300254822
YMR032W,YBR192W,0,1.680827,0.1724877506494522,0.5552268028259277,0.27047866582870483
YER055C,YPR198W,0,1.6808155,0.17243491113185883,0.5552268028259277,0.2705788016319275
YBL076C,YKL061W,0,1.6805949,0.17238211631774902,0.5552268028259277,0.27067893743515015
YDL165W,YPL194W,1,1.6803823,0.17263545095920563,0.5562130212783813,0.27067893743515015
YEL031W,YDR131C,0,1.6802653,0.17258262634277344,0.5562130212783813,0.2707791030406952
YJL087C,YLR105C,0,1.6800984,0.17252983152866364,0.5562130212783813,0.27087923884391785
YNR057C,YCL034W,0,1.6798239,0.17247706651687622,0.5562130212783813,0.2709793746471405
YLR183C,YOL158C,0,1.6797719,0.1724243313074112,0.5562130212783813,0.27107951045036316
YIL134W,YOR147W,0,1.6794251,0.17237164080142975,0.5562130212783813,0.2711796462535858
YNL267W,YML052W,0,1.6792,0.1723189800977707,0.5562130212783813,0.27127978205680847
YOL082W,YGL226C-A,0,1.6791304,0.17226633429527283,0.5562130212783813,0.27137991786003113
YNL078W,YGL181W,1,1.6791128,0.17251908779144287,0.557199239730835,0.27137991786003113
YLR447C,YLR380W,0,1.6786054,0.1724664270877838,0.557199239730835,0.27148008346557617
YER133W,YBR156C,1,1.678584,0.17271895706653595,0.5581853985786438,0.27148008346557617
YLR359W,YIL177C,0,1.6785544,0.1726662665605545,0.5581853985786438,0.27158021926879883
YFR021W,YDR081C,0,1.6782384,0.17261360585689545,0.5581853985786438,0.2716803550720215
YBR287W,YPL082C,0,1.6781229,0.17256097495555878,0.5581853985786438,0.27178049087524414
YPL064C,YJR021C,0,1.677795,0.1725083887577057,0.5581853985786438,0.2718806266784668
YOR297C,YEL041W,0,1.6769224,0.1724558174610138,0.5581853985786438,0.27198076248168945
YOR219C,YKL015W,0,1.6764475,0.17240329086780548,0.5581853985786438,0.2720809280872345
YPR080W,YNR006W,0,1.6764065,0.17235079407691956,0.5581853985786438,0.27218106389045715
YDL127W,YFR028C,1,1.6759666,0.17260274291038513,0.5591716170310974,0.27218106389045715
YAL024C,YCL004W,0,1.675924,0.17255021631717682,0.5591716170310974,0.2722811996936798
YLR314C,YGR229C,0,1.675656,0.1724977195262909,0.5591716170310974,0.27238133549690247
YKL126W,YGL200C,0,1.6756483,0.17244525253772736,0.5591716170310974,0.2724814713001251
YPR204W,YDR146C,0,1.6754893,0.1723928302526474,0.5591716170310974,0.2725816071033478
YGL026C,YPL007C,0,1.6754397,0.17234042286872864,0.5591716170310974,0.27268174290657043
YNL172W,YLR361C,1,1.6753244,0.1725919246673584,0.5601577758789062,0.27268174290657043
YOR317W,YOR194C,0,1.6751815,0.17253948748111725,0.5601577758789062,0.2727819085121155
YPL112C,YNL258C,0,1.6750904,0.17248709499835968,0.5601577758789062,0.27288204431533813
YKL189W,YIR005W,0,1.6749103,0.1724347323179245,0.5601577758789062,0.2729821801185608
YER167W,YGL003C,1,1.6746091,0.1726858913898468,0.5611439943313599,0.2729821801185608
YBR222C,YGR155W,0,1.6745439,0.17263349890708923,0.5611439943313599,0.27308231592178345
YIL177C,YDL128W,0,1.6744686,0.17258113622665405,0.5611439943313599,0.2731824517250061
YLR244C,YOR216C,0,1.6737934,0.17252880334854126,0.5611439943313599,0.27328258752822876
YJR107W,YNR035C,0,1.6732482,0.17247651517391205,0.5611439943313599,0.2733827233314514
YBR182C,YPL147W,0,1.6732367,0.17242424190044403,0.5611439943313599,0.27348288893699646
YOL010W,YMR065W,0,1.67304,0.1723720133304596,0.5611439943313599,0.2735830247402191
YHR175W,YKL015W,0,1.6729718,0.17231979966163635,0.5611439943313599,0.2736831605434418
YEL037C,YGL113W,0,1.6727564,0.1722676306962967,0.5611439943313599,0.27378329634666443
YGR081C,YLR208W,0,1.6727229,0.17221549153327942,0.5611439943313599,0.2738834321498871
YOR232W,YER137C,0,1.6725395,0.17216338217258453,0.5611439943313599,0.27398356795310974
YJL066C,YOR349W,0,1.6723453,0.17211131751537323,0.5611439943313599,0.2740837037563324
YGL083W,YHR030C,0,1.6722482,0.17205926775932312,0.5611439943313599,0.27418386936187744
YMR090W,YKL096W-A,0,1.6717811,0.1720072478055954,0.5611439943313599,0.2742840051651001
YNL282W,YBR061C,0,1.6717268,0.17195527255535126,0.5611439943313599,0.27438414096832275
YDR034C,YLR228C,0,1.6713341,0.1719033271074295,0.5611439943313599,0.2744842767715454
YIL131C,YGR211W,1,1.6708375,0.17215342819690704,0.5621301531791687,0.2744842767715454
YJL206C,YJR133W,0,1.6704507,0.1721014529466629,0.5621301531791687,0.27458441257476807
YJL004C,YOR089C,0,1.6703315,0.17204950749874115,0.5621301531791687,0.2746845483779907
YGL083W,YDR245W,0,1.6697482,0.17199759185314178,0.5621301531791687,0.2747846841812134
YNR017W,YOR299W,0,1.6694754,0.1719457060098648,0.5621301531791687,0.2748848497867584
YDR416W,YKL189W,0,1.6692134,0.17189384996891022,0.5621301531791687,0.2749849855899811
YKL217W,YBR257W,0,1.6688772,0.17184202373027802,0.5621301531791687,0.27508512139320374
YLR127C,YPL209C,1,1.6684834,0.17209161818027496,0.5631163716316223,0.27508512139320374
YPL153C,YBR136W,1,1.6681448,0.17234106361865997,0.5641025900840759,0.27508512139320374
YLR219W,YCR002C,0,1.6677526,0.1722891628742218,0.5641025900840759,0.2751852571964264
YLR289W,YLL043W,0,1.6673974,0.17223727703094482,0.5641025900840759,0.27528539299964905
YDR530C,YDR403W,0,1.6672825,0.17218543589115143,0.5641025900840759,0.2753855288028717
YDR530C,YJR053W,0,1.6669399,0.17213360965251923,0.5641025900840759,0.27548569440841675
YDR079W,YNL050C,0,1.6668899,0.1720818281173706,0.5641025900840759,0.2755858302116394
YGL244W,YKL022C,0,1.6668025,0.17203007638454437,0.5641025900840759,0.27568596601486206
YFL048C,YNL298W,0,1.6667062,0.17197835445404053,0.5641025900840759,0.2757861018180847
YOR142W,YNL262W,0,1.6663857,0.17192666232585907,0.5641025900840759,0.2758862376213074
YNR021W,YDR081C,0,1.6662431,0.171875,0.5641025900840759,0.27598637342453003
YBR183W,YMR005W,0,1.6661717,0.17182336747646332,0.5641025900840759,0.2760865092277527
YOR142W,YOR008C,0,1.6660225,0.17177176475524902,0.5641025900840759,0.27618667483329773
YJL194W,YNL232W,0,1.6659373,0.1717202067375183,0.5641025900840759,0.2762868106365204
YBR182C,YNR021W,0,1.6652898,0.1716686636209488,0.5641025900840759,0.27638694643974304
YGR081C,YCR002C,0,1.6652561,0.17161716520786285,0.5641025900840759,0.2764870822429657
YAL021C,YOR057W,1,1.664991,0.17186562716960907,0.5650887489318848,0.2764870822429657
YKL161C,YLR316C,0,1.6647657,0.17181409895420074,0.5650887489318848,0.27658721804618835
YGR221C,YKL201C,0,1.6647178,0.1717625856399536,0.5650887489318848,0.276687353849411
YLR208W,YKR055W,0,1.6644496,0.17171111702919006,0.5650887489318848,0.27678748965263367
YNR031C,YOL136C,0,1.6643702,0.1716596782207489,0.5650887489318848,0.2768876552581787
YJR119C,YPR001W,0,1.664133,0.17160826921463013,0.5650887489318848,0.27698779106140137
YMR194W,YPL122C,0,1.6638901,0.17155689001083374,0.5650887489318848,0.277087926864624
YMR228W,YDR410C,0,1.6636683,0.17150554060935974,0.5650887489318848,0.2771880626678467
YGR036C,YAL039C,0,1.6636358,0.17145422101020813,0.5650887489318848,0.27728819847106934
YBR278W,YGR077C,0,1.6635783,0.1714029312133789,0.5650887489318848,0.277388334274292
YGR010W,YGL010W,0,1.6634159,0.17135167121887207,0.5650887489318848,0.27748847007751465
YPR119W,YMR168C,1,1.6629635,0.1715994030237198,0.5660749673843384,0.27748847007751465
YMR186W,YJL214W,0,1.6626602,0.17154811322689056,0.5660749673843384,0.2775886356830597
YPL042C,YHR061C,0,1.6624979,0.17149686813354492,0.5660749673843384,0.27768877148628235
YJL114W,YNR057C,0,1.6623398,0.17144563794136047,0.5660749673843384,0.277788907289505
YLR429W,YNR060W,0,1.6621615,0.1713944524526596,0.5660749673843384,0.27788904309272766
YGR288W,YNL309W,0,1.662055,0.17134328186511993,0.5660749673843384,0.2779891788959503
YGR167W,YLR187W,0,1.6615716,0.17129215598106384,0.5660749673843384,0.278089314699173
YNL127W,YBR002C,0,1.6606542,0.17124104499816895,0.5660749673843384,0.27818945050239563
YJR119C,YLR390W,0,1.660604,0.17118997871875763,0.5660749673843384,0.2782896161079407
YJL005W,YMR077C,0,1.6603606,0.1711389422416687,0.5660749673843384,0.27838975191116333
YHR166C,YER089C,1,1.6597501,0.1713859885931015,0.5670611262321472,0.27838975191116333
YDR451C,YPL256C,1,1.6591803,0.17163290083408356,0.5680473446846008,0.27838975191116333
YJL011C,YIR032C,0,1.6590681,0.17158177495002747,0.5680473446846008,0.278489887714386
YGL062W,YOR148C,0,1.6589029,0.17153067886829376,0.5680473446846008,0.27859002351760864
YNL147W,YNR010W,0,1.6587983,0.17147961258888245,0.5680473446846008,0.2786901593208313
YIL128W,YPL274W,0,1.6586748,0.17142857611179352,0.5680473446846008,0.27879029512405396
YLR191W,YFL033C,0,1.658594,0.17137756943702698,0.5680473446846008,0.278890460729599
YMR321C,YJL024C,0,1.6577101,0.17132659256458282,0.5680473446846008,0.27899059653282166
YDL028C,YMR065W,0,1.6563983,0.17127564549446106,0.5680473446846008,0.2790907323360443
YNL078W,YMR168C,1,1.656341,0.17152199149131775,0.5690335035324097,0.2790907323360443
YLR105C,YJL140W,0,1.6562034,0.1714710295200348,0.5690335035324097,0.27919086813926697
YLR197W,YNR004W,0,1.656016,0.17142008244991302,0.5690335035324097,0.2792910039424896
YBL041W,YJL103C,0,1.655933,0.17136916518211365,0.5690335035324097,0.2793911397457123
YGR281W,YNR015W,0,1.6557139,0.17131829261779785,0.5690335035324097,0.27949127554893494
YOR071C,YDL179W,0,1.6557065,0.17126743495464325,0.5690335035324097,0.27959144115448
YDL179W,YLR288C,1,1.6556888,0.17151334881782532,0.5700197219848633,0.27959144115448
YFR036W,YBR160W,1,1.6556882,0.17175912857055664,0.5710059404373169,0.27959144115448
YDR159W,YPR043W,0,1.6554055,0.17170818150043488,0.5710059404373169,0.27969157695770264
YAL016W,YAL041W,1,1.6552516,0.17195375263690948,0.5719920992851257,0.27969157695770264
YJL030W,YMR029C,1,1.6550732,0.17219917476177216,0.5729783177375793,0.27969157695770264
YHR029C,YGR113W,0,1.6549233,0.17214815318584442,0.5729783177375793,0.2797917127609253
YOL107W,YEL062W,0,1.6548042,0.17209716141223907,0.5729783177375793,0.27989184856414795
YPL196W,YNL027W,0,1.6547838,0.17204619944095612,0.5729783177375793,0.2799919843673706
YPR144C,YJR057W,0,1.6547157,0.17199526727199554,0.5729783177375793,0.28009212017059326
YNL314W,YIL135C,0,1.6547049,0.17194436490535736,0.5729783177375793,0.2801922559738159
YBR128C,YOR025W,0,1.6544441,0.17189349234104156,0.5729783177375793,0.28029242157936096
YPL147W,YER171W,0,1.653916,0.17184264957904816,0.5729783177375793,0.2803925573825836
YOR084W,YDR131C,0,1.6537693,0.17179183661937714,0.5729783177375793,0.2804926931858063
YDR168W,YDR499W,1,1.6536063,0.17203664779663086,0.5739644765853882,0.2804926931858063
YGL240W,YBL056W,1,1.6529708,0.17228132486343384,0.5749506950378418,0.2804926931858063
YER008C,YMR114C,0,1.6528682,0.17223042249679565,0.5749506950378418,0.28059282898902893
YCR030C,YLR452C,0,1.6527971,0.17217956483364105,0.5749506950378418,0.2806929647922516
YGR216C,YDR498C,0,1.6527416,0.17212872207164764,0.5749506950378418,0.28079310059547424
YDL227C,YER171W,0,1.6524247,0.17207792401313782,0.5749506950378418,0.2808932363986969
YLR305C,YCR052W,0,1.6522182,0.17202714085578918,0.5749506950378418,0.28099340200424194
YIL095W,YHR079C,0,1.6511625,0.17197640240192413,0.5749506950378418,0.2810935378074646
YJR127C,YGR032W,0,1.6507988,0.17192567884922028,0.5749506950378418,0.28119367361068726
YAL047C,YAL040C,1,1.65058,0.17216980457305908,0.5759368538856506,0.28119367361068726
YPL083C,YMR032W,0,1.650483,0.17211906611919403,0.5759368538856506,0.2812938094139099
YOR206W,YMR180C,0,1.6504524,0.17206835746765137,0.5759368538856506,0.28139394521713257
YOR057W,YLR310C,1,1.6503978,0.17231222987174988,0.5769230723381042,0.28139394521713257
YDL054C,YNR006W,0,1.6500021,0.17226149141788483,0.5769230723381042,0.2814940810203552
YOR148C,YFL054C,0,1.6497649,0.17221076786518097,0.5769230723381042,0.28159424662590027
YPL139C,YJL194W,1,1.649406,0.17245438694953918,0.5779092907905579,0.28159424662590027
YOR297C,YLL040C,0,1.649254,0.17240364849567413,0.5779092907905579,0.2816943824291229
YMR179W,YLR268W,0,1.6486795,0.17235293984413147,0.5779092907905579,0.2817945182323456
YML097C,YLR042C,0,1.6484979,0.1723022609949112,0.5779092907905579,0.28189465403556824
YMR093W,YAR031W,0,1.6484565,0.1722516119480133,0.5779092907905579,0.2819947898387909
YLR005W,YER090W,0,1.6481359,0.1722009927034378,0.5779092907905579,0.28209492564201355
YLR016C,YOR123C,0,1.6479074,0.1721504181623459,0.5779092907905579,0.2821950614452362
YMR052W,YHL007C,1,1.6466937,0.1723935455083847,0.5788954496383667,0.2821950614452362
YLR386W,YLL061W,0,1.6465055,0.1723429262638092,0.5788954496383667,0.28229522705078125
YDR457W,YPR125W,0,1.6464353,0.1722923368215561,0.5788954496383667,0.2823953628540039
YGR252W,YGL062W,0,1.6457175,0.17224177718162537,0.5788954496383667,0.28249549865722656
YPR011C,YFR033C,0,1.6455237,0.17219126224517822,0.5788954496383667,0.2825956344604492
YJL214W,YPL244C,0,1.6451979,0.17214076220989227,0.5788954496383667,0.2826957702636719
YGR180C,YGR112W,0,1.6447922,0.1720902919769287,0.5788954496383667,0.28279590606689453
YOR299W,YMR301C,0,1.6445119,0.17203986644744873,0.5788954496383667,0.2828960418701172
YNL117W,YKL186C,0,1.6443088,0.17198945581912994,0.5788954496383667,0.28299620747566223
YDL155W,YOR244W,1,1.6442593,0.172231987118721,0.5798816680908203,0.28299620747566223
YBR261C,YIL042C,0,1.6442086,0.17218154668807983,0.5798816680908203,0.2830963432788849
YJL225C,YMR319C,0,1.6436825,0.17213115096092224,0.5798816680908203,0.28319647908210754
YLR024C,YDR109C,0,1.6436248,0.17208077013492584,0.5798816680908203,0.2832966148853302
YER154W,YGL256W,0,1.6434438,0.17203043401241302,0.5798816680908203,0.28339675068855286
YDR371W,YBR187W,0,1.6434134,0.1719801127910614,0.5798816680908203,0.2834968864917755
YIL106W,YDR260C,1,1.6431714,0.17222222685813904,0.5808678269386292,0.2834968864917755
YLR404W,YBR187W,0,1.6430228,0.17217187583446503,0.5808678269386292,0.28359702229499817
YOR292C,YOL028C,0,1.6430205,0.1721215695142746,0.5808678269386292,0.2836971879005432
YOL070C,YPR119W,0,1.6429149,0.17207127809524536,0.5808678269386292,0.28379732370376587
YMR087W,YLR163C,0,1.6414812,0.1720210313796997,0.5808678269386292,0.2838974595069885
YLR080W,YDR205W,0,1.6410042,0.17197079956531525,0.5808678269386292,0.2839975953102112
YJL034W,YDR414C,0,1.6409448,0.17192061245441437,0.5808678269386292,0.28409773111343384
YOL124C,YER130C,0,1.640896,0.17187044024467468,0.5808678269386292,0.2841978669166565
YJR083C,YFR036W,0,1.6407567,0.17182029783725739,0.5808678269386292,0.28429800271987915
YKL203C,YPL256C,1,1.6401719,0.17206183075904846,0.5818540453910828,0.28429800271987915
YDR079W,YJL081C,0,1.6397567,0.17201165854930878,0.5818540453910828,0.2843981683254242
YBR125C,YMR115W,0,1.6396917,0.17196153104305267,0.5818540453910828,0.28449830412864685
YKL161C,YLR050C,0,1.6395197,0.17191141843795776,0.5818540453910828,0.2845984399318695
YLR215C,YNL068C,1,1.6392071,0.17215263843536377,0.5828402638435364,0.2845984399318695
YGR098C,YIL050W,1,1.6390804,0.17239370942115784,0.5838264226913452,0.2845984399318695
YHL007C,YIR025W,1,1.6384237,0.17263464629650116,0.5848126411437988,0.2845984399318695
YDR303C,YDR217C,1,1.638308,0.17287543416023254,0.5857987999916077,0.2845984399318695
YDL179W,YPL083C,0,1.6382744,0.1728251427412033,0.5857987999916077,0.28469857573509216
YER173W,YGL003C,1,1.6375847,0.17306573688983917,0.5867850184440613,0.28469857573509216
YLR047C,YPL274W,0,1.637393,0.17301541566848755,0.5867850184440613,0.2847987115383148
YBL051C,YHR014W,1,1.6371679,0.1732558161020279,0.5877711772918701,0.2847987115383148
YGL068W,YGR246C,0,1.6370634,0.17320546507835388,0.5877711772918701,0.2848988473415375
YDL024C,YDR449C,0,1.6370226,0.17315514385700226,0.5877711772918701,0.2849990129470825
YEL031W,YJL029C,0,1.6364235,0.17310485243797302,0.5877711772918701,0.2850991487503052
YOL066C,YLR301W,0,1.6363679,0.17305459082126617,0.5877711772918701,0.28519928455352783
YGL158W,YMR115W,0,1.6362787,0.1730043590068817,0.5877711772918701,0.2852994203567505
YOR378W,YPL007C,0,1.6361426,0.17295415699481964,0.5877711772918701,0.28539955615997314
YIR011C,YNR060W,0,1.6360853,0.17290396988391876,0.5877711772918701,0.2854996919631958
YOR176W,YDR369C,0,1.6353791,0.17285382747650146,0.5877711772918701,0.28559982776641846
YPR006C,YDR332W,0,1.6351665,0.17280371487140656,0.5877711772918701,0.2856999933719635
YPR189W,YER145C,0,1.634649,0.17275361716747284,0.5877711772918701,0.28580012917518616
YKL001C,YCR012W,0,1.6346349,0.1727035641670227,0.5877711772918701,0.2859002649784088
YIL159W,YJL176C,0,1.6341463,0.17265354096889496,0.5877711772918701,0.28600040078163147
YKL168C,YDR332W,0,1.6338645,0.1726035326719284,0.5877711772918701,0.2861005365848541
YNL080C,YKL015W,0,1.6336216,0.17255355417728424,0.5877711772918701,0.2862006723880768
YEL012W,YNL050C,0,1.6331664,0.17250362038612366,0.5877711772918701,0.28630080819129944
YMR179W,YLR033W,0,1.6331196,0.17245370149612427,0.5877711772918701,0.2864009737968445
YMR146C,YGL163C,0,1.6330343,0.17240381240844727,0.5877711772918701,0.28650110960006714
YJL013C,YBL084C,1,1.6319861,0.17264313995838165,0.5887573957443237,0.28650110960006714
YBR020W,YBR223C,0,1.6316046,0.17259323596954346,0.5887573957443237,0.2866012454032898
YFR021W,YML097C,0,1.6310573,0.17254334688186646,0.5887573957443237,0.28670138120651245
YKL064W,YHR109W,0,1.6307493,0.17249350249767303,0.5887573957443237,0.2868015170097351
YJL030W,YJR053W,1,1.6304783,0.17273251712322235,0.5897436141967773,0.2868015170097351
YDR451C,YLR389C,0,1.6304427,0.17268264293670654,0.5897436141967773,0.28690165281295776
YER101C,YHR051W,0,1.6300553,0.17263279855251312,0.5897436141967773,0.2870017886161804
YMR089C,YCR060W,0,1.6291877,0.1725829690694809,0.5897436141967773,0.28710195422172546
YDR414C,YNL282W,0,1.6287094,0.17253318428993225,0.5897436141967773,0.2872020900249481
YCR011C,YDR151C,0,1.6286794,0.1724834144115448,0.5897436141967773,0.2873022258281708
YDL107W,YNL016W,0,1.6284608,0.17243367433547974,0.5897436141967773,0.28740236163139343
YFL013C,YGL103W,0,1.6280109,0.17238397896289825,0.5897436141967773,0.2875024974346161
YDR137W,YDR444W,0,1.6277198,0.17233429849147797,0.5897436141967773,0.28760263323783875
YJR051W,YPR135W,0,1.6277074,0.17228464782238007,0.5897436141967773,0.2877027690410614
YMR272C,YMR300C,0,1.6275274,0.17223502695560455,0.5897436141967773,0.28780293464660645
YCL036W,YKL103C,0,1.6273592,0.17218543589115143,0.5897436141967773,0.2879030704498291
YDR064W,YDR159W,0,1.6264747,0.1721358597278595,0.5897436141967773,0.28800320625305176
YCL024W,YKL210W,0,1.626382,0.17208632826805115,0.5897436141967773,0.2881033420562744
YFL066C,YOR313C,0,1.6261233,0.17203682661056519,0.5897436141967773,0.28820347785949707
YPL127C,YGR199W,0,1.625712,0.17198733985424042,0.5897436141967773,0.2883036136627197
YPL112C,YCL052C,0,1.6256286,0.17193789780139923,0.5897436141967773,0.28840377926826477
YFR021W,YGL050W,0,1.6255645,0.17188847064971924,0.5897436141967773,0.2885039150714874
YOR378W,YLR153C,0,1.6238627,0.17183907330036163,0.5897436141967773,0.2886040508747101
YDL217C,YNR002C,0,1.6231498,0.1717897206544876,0.5897436141967773,0.28870418667793274
YBR247C,YGR225W,0,1.6230328,0.17174038290977478,0.5897436141967773,0.2888043224811554
YJR051W,YHR119W,0,1.622547,0.17169107496738434,0.5897436141967773,0.28890445828437805
YIL006W,YDL170W,0,1.622219,0.17164179682731628,0.5897436141967773,0.2890045940876007
YML027W,YMR135C,1,1.6222132,0.17187948524951935,0.5907297730445862,0.2890045940876007
YMR052W,YGR188C,1,1.6221647,0.17211703956127167,0.5917159914970398,0.2890045940876007
YER017C,YNL309W,0,1.6221304,0.17206768691539764,0.5917159914970398,0.28910475969314575
YLR129W,YKL130C,0,1.6218902,0.17201834917068481,0.5917159914970398,0.2892048954963684
YKL174C,YER019C-A,0,1.6218467,0.17196904122829437,0.5917159914970398,0.28930503129959106
YBL085W,YDR444W,0,1.621555,0.1719197779893875,0.5917159914970398,0.2894051671028137
YHR029C,YCR093W,0,1.6213893,0.17187052965164185,0.5917159914970398,0.2895053029060364
YEL053C,YMR176W,0,1.6211704,0.17182131111621857,0.5917159914970398,0.28960543870925903
YGL181W,YMR168C,1,1.6211634,0.17205840349197388,0.5927021503448486,0.28960543870925903
YLR244C,YJL085W,0,1.6208686,0.1720091551542282,0.5927021503448486,0.2897055745124817
YDR079W,YLR353W,0,1.6204394,0.17195993661880493,0.5927021503448486,0.28980574011802673
YNL016W,YMR296C,0,1.620277,0.17191074788570404,0.5927021503448486,0.2899058759212494
YHR119W,YER130C,0,1.6201316,0.17186158895492554,0.5927021503448486,0.29000601172447205
YPL252C,YBR128C,0,1.6200126,0.17181245982646942,0.5927021503448486,0.2901061475276947
YJL214W,YNL092W,0,1.6195253,0.1717633605003357,0.5927021503448486,0.29020628333091736
YBR260C,YOL066C,0,1.6192876,0.17171429097652435,0.5927021503448486,0.29030641913414
YOR287C,YKR020W,0,1.6192125,0.1716652363538742,0.5927021503448486,0.29040655493736267
YBR195C,YDR530C,0,1.6189955,0.17161622643470764,0.5927021503448486,0.2905067205429077
YJR057W,YMR114C,0,1.6189808,0.17156723141670227,0.5927021503448486,0.29060685634613037
YER046W,YDR497C,0,1.618914,0.1715182662010193,0.5927021503448486,0.290706992149353
YKL078W,YJR053W,0,1.6188518,0.1714693307876587,0.5927021503448486,0.2908071279525757
YDR383C,YDR076W,0,1.6186827,0.17142042517662048,0.5927021503448486,0.29090726375579834
YLL004W,YLR380W,0,1.6181527,0.17137154936790466,0.5927021503448486,0.291007399559021
YAL040C,YDR217C,1,1.6179444,0.17160774767398834,0.5936883687973022,0.291007399559021
YER013W,YJL225C,0,1.6176769,0.17155884206295013,0.5936883687973022,0.29110756516456604
YNL160W,YDR499W,0,1.6175696,0.17150996625423431,0.5936883687973022,0.2912077009677887
YBR202W,YPL129W,0,1.6171765,0.17146112024784088,0.5936883687973022,0.29130783677101135
YHL027W,YIL133C,0,1.6163064,0.17141230404376984,0.5936883687973022,0.291407972574234
YNR074C,YDL028C,0,1.6162075,0.17136350274085999,0.5936883687973022,0.29150810837745667
YLR383W,YJL200C,0,1.615954,0.17131474614143372,0.5936883687973022,0.2916082441806793
YJR130C,YOR338W,0,1.6157167,0.17126600444316864,0.5936883687973022,0.291708379983902
YOR249C,YGR211W,1,1.6155869,0.17150171101093292,0.5946745276451111,0.291708379983902
YPL064C,YKL124W,0,1.6155843,0.17145293951034546,0.5946745276451111,0.291808545589447
YER049W,YKR102W,0,1.6149892,0.17140421271324158,0.5946745276451111,0.2919086813926697
YDR082W,YFL023W,0,1.6149479,0.1713555008172989,0.5946745276451111,0.29200881719589233
YGR175C,YER137C,0,1.6146237,0.1713068187236786,0.5946745276451111,0.292108952999115
YOL104C,YJL013C,1,1.6140019,0.1715421825647354,0.5956607460975647,0.292108952999115
YJL114W,YEL056W,0,1.6138788,0.17149347066879272,0.5956607460975647,0.29220908880233765
YDR378C,YER098W,0,1.6137968,0.17144478857517242,0.5956607460975647,0.2923092246055603
YGR251W,YLR107W,0,1.613496,0.1713961362838745,0.5956607460975647,0.29240936040878296
YIL143C,YJR063W,0,1.6134802,0.171347513794899,0.5956607460975647,0.292509526014328
YGL068W,YKL182W,0,1.6132507,0.17129892110824585,0.5956607460975647,0.29260966181755066
YLR440C,YPL098C,0,1.6123831,0.1712503582239151,0.5956607460975647,0.2927097976207733
YER117W,YIL139C,0,1.6121652,0.17120181024074554,0.5956607460975647,0.29280993342399597
YDL140C,YHR059W,0,1.611929,0.17115330696105957,0.5956607460975647,0.29291006922721863
YNR021W,YDL047W,0,1.611562,0.1711048185825348,0.5956607460975647,0.2930102050304413
YOR168W,YBR281C,0,1.6114727,0.1710563600063324,0.5956607460975647,0.29311034083366394
YEL053C,YGR199W,0,1.6114572,0.1710079312324524,0.5956607460975647,0.293210506439209
YLR289W,YLR389C,0,1.611266,0.17095951735973358,0.5956607460975647,0.29331064224243164
YBL005W-B,YKL096W-A,0,1.611103,0.17091114819049835,0.5956607460975647,0.2934107780456543
YGR077C,YKL186C,0,1.6110662,0.17086279392242432,0.5956607460975647,0.29351091384887695
YBR202W,YKL172W,0,1.6106976,0.17081448435783386,0.5956607460975647,0.2936110496520996
YPR152C,YHR057C,0,1.6104242,0.1707661896944046,0.5956607460975647,0.29371118545532227
YBR118W,YJL140W,0,1.6099502,0.17071792483329773,0.5956607460975647,0.2938113212585449
YEL041W,YGL216W,0,1.6097416,0.17066967487335205,0.5956607460975647,0.29391148686408997
YBR247C,YJL112W,0,1.6096972,0.17062146961688995,0.5956607460975647,0.2940116226673126
YNL283C,YOR216C,0,1.6089989,0.17057327926158905,0.5956607460975647,0.2941117584705353
YGL209W,YOL142W,0,1.6088942,0.17052513360977173,0.5956607460975647,0.29421189427375793
YHR209W,YMR075W,0,1.6088406,0.1704770028591156,0.5956607460975647,0.2943120300769806
YNL010W,YOR216C,0,1.6081448,0.17042888700962067,0.5956607460975647,0.29441216588020325
YBR020W,YCL014W,0,1.608136,0.17038081586360931,0.5956607460975647,0.2945123314857483
YLR028C,YGL019W,0,1.6080271,0.17033277451992035,0.5956607460975647,0.29461246728897095
YPR198W,YJL085W,0,1.6079097,0.17028474807739258,0.5956607460975647,0.2947126030921936
YML051W,YHR082C,0,1.6078442,0.1702367514371872,0.5956607460975647,0.29481273889541626
YDL134C,YLR310C,1,1.6066378,0.17047055065631866,0.5966469645500183,0.29481273889541626
YBR275C,YMR273C,0,1.6065739,0.1704225391149521,0.5966469645500183,0.2949128746986389
YJR006W,YKL166C,0,1.6061922,0.1703745424747467,0.5966469645500183,0.2950130105018616
YHR060W,YLR050C,0,1.6059364,0.1703265756368637,0.5966469645500183,0.29511314630508423
YLR447C,YDR470C,0,1.6055644,0.1702786386013031,0.5966469645500183,0.2952133119106293
YGR144W,YDL198C,0,1.6054525,0.17023073136806488,0.5966469645500183,0.29531344771385193
YHR041C,YOR194C,0,1.6051499,0.17018283903598785,0.5966469645500183,0.2954135835170746
YJL141C,YOR232W,0,1.6042403,0.17013497650623322,0.5966469645500183,0.29551371932029724
YKL203C,YGL190C,1,1.6033732,0.1703682839870453,0.5976331233978271,0.29551371932029724
YDL022W,YCR052W,0,1.6033318,0.17032040655612946,0.5976331233978271,0.2956138551235199
YPL188W,YDR207C,0,1.6032114,0.17027254402637482,0.5976331233978271,0.29571399092674255
YGR105W,YOL028C,0,1.6031228,0.17022472620010376,0.5976331233978271,0.2958141267299652
YGR238C,YFR019W,0,1.6029493,0.1701769232749939,0.5976331233978271,0.29591429233551025
YGL186C,YER138C,0,1.6024741,0.17012913525104523,0.5976331233978271,0.2960144281387329
YNL231C,YNL282W,0,1.6018658,0.17008139193058014,0.5976331233978271,0.29611456394195557
YOR119C,YNL116W,1,1.6016109,0.1703142523765564,0.5986193418502808,0.29611456394195557
YJL011C,YHR057C,0,1.6012123,0.17026647925376892,0.5986193418502808,0.2962146997451782
YMR228W,YKL095W,0,1.6009966,0.17021873593330383,0.5986193418502808,0.2963148355484009
YJL112W,YDR373W,0,1.6008729,0.17017100751399994,0.5986193418502808,0.29641497135162354
YNL073W,YBL098W,0,1.6007948,0.17012332379817963,0.5986193418502808,0.2965151071548462
YDL179W,YPL209C,1,1.6007103,0.17035584151744843,0.5996055006980896,0.2965151071548462
YJL225C,YDL047W,0,1.6006316,0.17030812799930573,0.5996055006980896,0.29661527276039124
YPL131W,YMR075W,0,1.6003022,0.17026042938232422,0.5996055006980896,0.2967154085636139
YDR378C,YGR036C,0,1.6002504,0.1702127605676651,0.5996055006980896,0.29681554436683655
YHR058C,YGR089W,0,1.6001259,0.17016512155532837,0.5996055006980896,0.2969156801700592
YKL166C,YMR300C,0,1.5999895,0.17011751234531403,0.5996055006980896,0.29701581597328186
YDR351W,YGR171C,0,1.5999886,0.17006993293762207,0.5996055006980896,0.2971159517765045
YCR014C,YLR151C,0,1.5997796,0.1700223684310913,0.5996055006980896,0.29721611738204956
YDR240C,YDL128W,0,1.5997769,0.16997483372688293,0.5996055006980896,0.2973162531852722
YKL090W,YDR419W,0,1.5996372,0.16992732882499695,0.5996055006980896,0.2974163889884949
YLR395C,YJR092W,0,1.5989496,0.16987985372543335,0.5996055006980896,0.29751652479171753
YIL095W,YBR170C,0,1.5986173,0.16983240842819214,0.5996055006980896,0.2976166605949402
YDL059C,YNL262W,0,1.5979645,0.16978497803211212,0.5996055006980896,0.29771679639816284
YMR137C,YOL028C,0,1.5978845,0.1697375774383545,0.5996055006980896,0.2978169322013855
YBL005W-B,YNL175C,0,1.5970205,0.16969020664691925,0.5996055006980896,0.29791709780693054
YPL104W,YDL225W,0,1.5969359,0.1696428507566452,0.5996055006980896,0.2980172336101532
YDL134C,YLR288C,1,1.5967239,0.16987447440624237,0.6005917191505432,0.2980172336101532
YJR127C,YJR057W,0,1.5966669,0.16982710361480713,0.6005917191505432,0.29811736941337585
YOL038W,YPR152C,0,1.5961311,0.16977976262569427,0.6005917191505432,0.2982175052165985
YDR090C,YAR031W,0,1.5955166,0.16973243653774261,0.6005917191505432,0.29831764101982117
YLL041C,YJR032W,0,1.5955158,0.16968515515327454,0.6005917191505432,0.2984177768230438
YPR001W,YDR260C,0,1.5954908,0.16963788866996765,0.6005917191505432,0.2985179126262665
YNL050C,YBR230C,0,1.5953441,0.16959063708782196,0.6005917191505432,0.2986180782318115
YNL027W,YGL233W,0,1.595241,0.16954343020915985,0.6005917191505432,0.2987182140350342
YNL297C,YKL172W,0,1.5951108,0.16949623823165894,0.6005917191505432,0.29881834983825684
YKL165C,YGL241W,0,1.5947882,0.1694490760564804,0.6005917191505432,0.2989184856414795
YDL045W-A,YJL178C,0,1.5947868,0.16940194368362427,0.6005917191505432,0.29901862144470215
YBL079W,YGR222W,0,1.5945357,0.16935484111309052,0.6005917191505432,0.2991187572479248
YJL024C,YLL017W,0,1.5944855,0.16930775344371796,0.6005917191505432,0.29921889305114746
YOR054C,YJR028W,0,1.5940499,0.16926069557666779,0.6005917191505432,0.2993190586566925
YDL215C,YOR279C,0,1.593958,0.16921366751194,0.6005917191505432,0.29941919445991516
YDR079W,YCR057C,0,1.593944,0.1691666692495346,0.6005917191505432,0.2995193302631378
YPR196W,YLR206W,0,1.5937952,0.1691196858882904,0.6005917191505432,0.2996194660663605
YPR001W,YFL048C,0,1.5937417,0.1690727323293686,0.6005917191505432,0.29971960186958313
YKR054C,YPL119C,0,1.5935265,0.16902580857276917,0.6005917191505432,0.2998197376728058
YPR119W,YMR052W,1,1.5934137,0.16925638914108276,0.6015779376029968,0.2998197376728058
YDL074C,YLR160C,0,1.5932261,0.16920943558216095,0.6015779376029968,0.29991987347602844
YMR112C,YOR020C,0,1.5927778,0.16916251182556152,0.6015779376029968,0.3000200390815735
YOR274W,YLR028C,0,1.5926107,0.1691156029701233,0.6015779376029968,0.30012017488479614
YKR006C,YMR213W,0,1.5923654,0.16906873881816864,0.6015779376029968,0.3002203106880188
YGL083W,YJR010W,0,1.5921255,0.16902188956737518,0.6015779376029968,0.30032044649124146
YIL170W,YEL056W,0,1.5921118,0.1689750701189041,0.6015779376029968,0.3004205822944641
YLR244C,YER138C,0,1.5918525,0.16892828047275543,0.6015779376029968,0.30052071809768677
YER151C,YLR350W,0,1.5915378,0.16888150572776794,0.6015779376029968,0.3006208837032318
YOL107W,YGR027C,0,1.5913969,0.16883476078510284,0.6015779376029968,0.30072101950645447
YBR202W,YDR083W,0,1.5911798,0.16878804564476013,0.6015779376029968,0.3008211553096771
YDR392W,YKL015W,0,1.5908053,0.1687413603067398,0.6015779376029968,0.3009212911128998
YAL054C,YJR083C,0,1.5907921,0.16869468986988068,0.6015779376029968,0.30102142691612244
YEL053C,YLR224W,0,1.5906655,0.16864804923534393,0.6015779376029968,0.3011215627193451
YOR212W,YGL220W,0,1.5905765,0.16860143840312958,0.6015779376029968,0.30122169852256775
YLL033W,YCL032W,0,1.5897838,0.16855484247207642,0.6015779376029968,0.3013218641281128
YJL225C,YGR089W,0,1.5895511,0.16850829124450684,0.6015779376029968,0.30142199993133545
YBR276C,YLL040C,0,1.5895376,0.16846175491809845,0.6015779376029968,0.3015221357345581
YOR349W,YKR006C,0,1.5893745,0.16841523349285126,0.6015779376029968,0.30162227153778076
YFL013C,YGL163C,0,1.5890114,0.16836875677108765,0.6015779376029968,0.3017224073410034
YLR209C,YIL132C,0,1.58888,0.16832229495048523,0.6015779376029968,0.3018225431442261
YNL297C,YML080W,0,1.5883492,0.1682758629322052,0.6015779376029968,0.30192267894744873
YIL002C,YOL124C,0,1.5880364,0.16822946071624756,0.6015779376029968,0.3020228445529938
YHR211W,YGL190C,0,1.5878972,0.1681830734014511,0.6015779376029968,0.30212298035621643
YER050C,YHL027W,0,1.587878,0.16813671588897705,0.6015779376029968,0.3022231161594391
YJL090C,YCR093W,1,1.5876836,0.168365940451622,0.6025640964508057,0.3022231161594391
YLR182W,YIR039C,0,1.5875983,0.16831955313682556,0.6025640964508057,0.30232325196266174
YCR060W,YJL155C,0,1.5874456,0.1682731956243515,0.6025640964508057,0.3024233877658844
YGL134W,YMR029C,1,1.5864735,0.16850219666957855,0.6035503149032593,0.3024233877658844
YNL085W,YDL097C,0,1.5864323,0.1684558242559433,0.6035503149032593,0.30252352356910706
YBR247C,YJR133W,0,1.5864044,0.16840946674346924,0.6035503149032593,0.3026236593723297
YBL058W,YFL033C,0,1.5863308,0.16836313903331757,0.6035503149032593,0.30272382497787476
YBR182C,YLR187W,0,1.5862762,0.1683168262243271,0.6035503149032593,0.3028239607810974
YHL007C,YJL090C,1,1.5860212,0.16854549944400787,0.6045364737510681,0.3028239607810974
YKL038W,YIL035C,0,1.5856283,0.1684991717338562,0.6045364737510681,0.30292409658432007
YGL174W,YER019C-A,0,1.5855712,0.16845287382602692,0.6045364737510681,0.3030242323875427
YGR036C,YOL043C,0,1.5855583,0.16840659081935883,0.6045364737510681,0.3031243681907654
YIL079C,YLR026C,0,1.5854555,0.16836033761501312,0.6045364737510681,0.30322450399398804
YEL037C,YKL168C,0,1.5849167,0.1683141142129898,0.6045364737510681,0.3033246397972107
YMR315W,YBL034C,0,1.5845171,0.16826790571212769,0.6045364737510681,0.30342480540275574
YOR249C,YMR029C,1,1.5844,0.16849616169929504,0.6055226922035217,0.30342480540275574
YPL188W,YPR060C,0,1.5840878,0.16844993829727173,0.6055226922035217,0.3035249412059784
YOR145C,YNL107W,0,1.5840338,0.1684037297964096,0.6055226922035217,0.30362507700920105
YLR244C,YMR078C,0,1.5832882,0.16835755109786987,0.6055226922035217,0.3037252128124237
YPL151C,YPR159W,0,1.5831444,0.16831140220165253,0.6055226922035217,0.30382534861564636
YBR294W,YER046W,0,1.5828905,0.16826528310775757,0.6055226922035217,0.303925484418869
YHR179W,YGR112W,0,1.5827283,0.1682191789150238,0.6055226922035217,0.30402565002441406
YKR066C,YMR034C,0,1.5825977,0.16817310452461243,0.6055226922035217,0.3041257858276367
YPL209C,YOR351C,1,1.5824648,0.16840088367462158,0.6065088510513306,0.3041257858276367
YBR118W,YNR013C,0,1.58244,0.16835477948188782,0.6065088510513306,0.3042259216308594
YIL108W,YDR416W,0,1.5820659,0.16830870509147644,0.6065088510513306,0.30432605743408203
YLR141W,YLL017W,0,1.5817974,0.16826266050338745,0.6065088510513306,0.3044261932373047
YMR077C,YGR177C,0,1.581642,0.16821663081645966,0.6065088510513306,0.30452632904052734
YIL094C,YMR172W,0,1.5815927,0.16817063093185425,0.6065088510513306,0.30462646484375
YAL040C,YKR026C,0,1.5812372,0.16812466084957123,0.6065088510513306,0.30472663044929504
YAL022C,YOR327C,0,1.5806621,0.1680787056684494,0.6065088510513306,0.3048267662525177
YLR026C,YJL213W,0,1.580603,0.16803278028964996,0.6065088510513306,0.30492690205574036
YHR012W,YJL172W,0,1.5804038,0.1679868847131729,0.6065088510513306,0.305027037858963
YDL084W,YOL093W,0,1.5802068,0.16794101893901825,0.6065088510513306,0.30512717366218567
YDR118W,YOL104C,1,1.5793036,0.16816817224025726,0.6074950695037842,0.30512717366218567
YLR314C,YPR149W,0,1.5792711,0.1681222766637802,0.6074950695037842,0.3052273094654083
YBR186W,YLR310C,1,1.5790106,0.1683492511510849,0.6084812879562378,0.3052273094654083
YJR010W,YPL134C,0,1.5789782,0.16830332577228546,0.6084812879562378,0.305327445268631
YGR085C,YKL061W,0,1.57888,0.1682574301958084,0.6084812879562378,0.305427610874176
YDR473C,YBR120C,0,1.5787246,0.16821156442165375,0.6084812879562378,0.3055277466773987
YNL164C,YHL007C,1,1.5782992,0.16843827068805695,0.6094674468040466,0.3055277466773987
YJL076W,YLR102C,1,1.5776862,0.1686648428440094,0.6104536652565002,0.3055277466773987
YGL010W,YOR261C,0,1.5773484,0.16861890256404877,0.6104536652565002,0.30562788248062134
YHR209W,YNR015W,0,1.5768265,0.16857299208641052,0.6104536652565002,0.305728018283844
YDR137W,YPR200C,0,1.576778,0.16852709650993347,0.6104536652565002,0.30582815408706665
YGL236C,YPL113C,0,1.5767055,0.16848121583461761,0.6104536652565002,0.3059282898902893
YLR208W,YER137C,0,1.5760621,0.16843537986278534,0.6104536652565002,0.30602842569351196
YMR117C,YJL071W,0,1.5758884,0.16838955879211426,0.6104536652565002,0.306128591299057
YDR498C,YKR044W,0,1.5756712,0.16834375262260437,0.6104536652565002,0.30622872710227966
YDR527W,YML099C,0,1.575397,0.16829799115657806,0.6104536652565002,0.3063288629055023
YPR187W,YCL052C,0,1.5753552,0.16825224459171295,0.6104536652565002,0.306428998708725
YBL088C,YBL084C,1,1.5751895,0.16847826540470123,0.6114398241043091,0.306428998708725
YHR056C,YJL085W,0,1.5750052,0.16843248903751373,0.6114398241043091,0.30652913451194763
YBL085W,YBR257W,0,1.5748272,0.16838674247264862,0.6114398241043091,0.3066292703151703
YJL206C,YOR085W,0,1.5745317,0.1683410257101059,0.6114398241043091,0.30672943592071533
YPL083C,YDR211W,0,1.5742086,0.16829532384872437,0.6114398241043091,0.306829571723938
YGR032W,YKL166C,0,1.5741583,0.16824966669082642,0.6114398241043091,0.30692970752716064
YML032C,YGR229C,0,1.5741395,0.16820400953292847,0.6114398241043091,0.3070298433303833
YBR274W,YDL202W,0,1.574104,0.1681583970785141,0.6114398241043091,0.30712997913360596
YJL030W,YGL158W,1,1.5739821,0.16838394105434418,0.6124260425567627,0.30712997913360596
YOR378W,YKR026C,0,1.5737854,0.16833829879760742,0.6124260425567627,0.3072301149368286
YLR129W,YIL159W,0,1.5736555,0.16829268634319305,0.6124260425567627,0.30733025074005127
YDL029W,YOL112W,0,1.5733238,0.16824708878993988,0.6124260425567627,0.3074304163455963
YJR051W,YPL096W,0,1.5731814,0.1682015210390091,0.6124260425567627,0.30753055214881897
YJR083C,YIL132C,0,1.573112,0.1681559681892395,0.6124260425567627,0.3076306879520416
YJR151C,YNR018W,0,1.572421,0.1681104451417923,0.6124260425567627,0.3077308237552643
YKL119C,YMR093W,0,1.5719818,0.16806495189666748,0.6124260425567627,0.30783095955848694
YHR047C,YCL052C,0,1.5716825,0.16801947355270386,0.6124260425567627,0.3079310953617096
YGR169C,YOR194C,0,1.5711675,0.16797403991222382,0.6124260425567627,0.30803123116493225
YBR042C,YMR034C,0,1.5708228,0.16792860627174377,0.6124260425567627,0.3081313967704773
YDL246C,YOR323C,0,1.5707759,0.16788321733474731,0.6124260425567627,0.30823153257369995
YIL095W,YGL244W,0,1.5704697,0.16783784329891205,0.6124260425567627,0.3083316683769226
YJL112W,YOL108C,0,1.5703444,0.16779248416423798,0.6124260425567627,0.30843180418014526
YDL206W,YOL054W,0,1.5701967,0.16774716973304749,0.6124260425567627,0.3085319399833679
YNL026W,YPL078C,0,1.5698823,0.1677018702030182,0.6124260425567627,0.3086320757865906
YGR221C,YHR135C,0,1.5696574,0.16765658557415009,0.6124260425567627,0.30873221158981323
YKL090W,YKL067W,0,1.5695108,0.16761133074760437,0.6124260425567627,0.3088323771953583
YIL088C,YJL187C,0,1.5694631,0.16756610572338104,0.6124260425567627,0.30893251299858093
YPR194C,YOR353C,0,1.5694231,0.1675209105014801,0.6124260425567627,0.3090326488018036
YDR306C,YBR095C,0,1.5692929,0.16747573018074036,0.6124260425567627,0.30913278460502625
YGR288W,YGL209W,0,1.5690906,0.167430579662323,0.6124260425567627,0.3092329204082489
YGL190C,YOR229W,1,1.5690598,0.16765499114990234,0.6134122014045715,0.3092329204082489
YPL064C,YOL062C,0,1.5690587,0.1676098108291626,0.6134122014045715,0.30933305621147156
YDR405W,YLR130C,0,1.5690228,0.16756466031074524,0.6134122014045715,0.3094331920146942
YMR227C,YOR355W,0,1.5681908,0.16751952469348907,0.6134122014045715,0.30953335762023926
YPR144C,YDR205W,0,1.568113,0.1674744188785553,0.6134122014045715,0.3096334934234619
YMR168C,YPL259C,0,1.5677185,0.1674293428659439,0.6134122014045715,0.30973362922668457
YBR125C,YJL200C,0,1.5671169,0.1673842817544937,0.6134122014045715,0.3098337650299072
YLR129W,YDR373W,0,1.5665362,0.1673392504453659,0.6134122014045715,0.3099339008331299
YNL314W,YKR035W-A,0,1.5664147,0.16729424893856049,0.6134122014045715,0.31003403663635254
YCR060W,YJL081C,0,1.5663673,0.16724926233291626,0.6134122014045715,0.3101342022418976
YJR151C,YML030W,0,1.5659398,0.16720430552959442,0.6134122014045715,0.31023433804512024
YDR034C,YER171W,0,1.5657988,0.16715936362743378,0.6134122014045715,0.3103344738483429
YDR451C,YMR250W,0,1.5657355,0.16711445152759552,0.6134122014045715,0.31043460965156555
YNL073W,YOR324C,0,1.565619,0.16706956923007965,0.6134122014045715,0.3105347454547882
YKR002W,YPL098C,0,1.5655091,0.16702470183372498,0.6134122014045715,0.31063488125801086
YPR026W,YMR136W,0,1.5654048,0.1669798642396927,0.6134122014045715,0.3107350170612335
YJL034W,YOR168W,0,1.5652583,0.1669350564479828,0.6134122014045715,0.31083518266677856
YKR072C,YBL088C,1,1.5648535,0.1671585738658905,0.6143984198570251,0.31083518266677856
YBR081C,YKL171W,0,1.5646152,0.16711373627185822,0.6143984198570251,0.3109353184700012
YDR494W,YNL335W,0,1.564489,0.16706891357898712,0.6143984198570251,0.3110354542732239
YBR042C,YIR039C,0,1.5644304,0.1670241355895996,0.6143984198570251,0.31113559007644653
YML071C,YML036W,0,1.5638723,0.1669793576002121,0.6143984198570251,0.3112357258796692
YOL086C,YGL233W,0,1.5637671,0.16693462431430817,0.6143984198570251,0.31133586168289185
YGL240W,YOL001W,1,1.5633403,0.16715778410434723,0.6153846383094788,0.31133586168289185
YLR353W,YJL155C,0,1.5627054,0.1671130210161209,0.6153846383094788,0.3114359974861145
YHL007C,YAL041W,1,1.5614609,0.16733601689338684,0.6163707971572876,0.3114359974861145
YDR457W,YLR380W,0,1.5614568,0.16729122400283813,0.6163707971572876,0.31153616309165955
YNL127W,YGR282C,0,1.5608054,0.16724646091461182,0.6163707971572876,0.3116362988948822
YGR144W,YDR499W,0,1.5604527,0.1672017127275467,0.6163707971572876,0.31173643469810486
YKL180W,YNR044W,0,1.5603863,0.16715699434280396,0.6163707971572876,0.3118365705013275
YOR025W,YKL172W,0,1.5603822,0.1671123057603836,0.6163707971572876,0.31193670630455017
YER101C,YCL032W,0,1.5603455,0.16706763207912445,0.6163707971572876,0.3120368421077728
YOR287C,YGL122C,0,1.5603014,0.16702298820018768,0.6163707971572876,0.3121369779109955
YMR276W,YJR107W,0,1.5600595,0.1669783592224121,0.6163707971572876,0.3122371435165405
YCR030C,YPL259C,0,1.5595918,0.16693376004695892,0.6163707971572876,0.3123372793197632
YHR132C,YPR137W,0,1.5590512,0.16688919067382812,0.6163707971572876,0.31243741512298584
YCL036W,YBR026C,0,1.5585808,0.16684463620185852,0.6163707971572876,0.3125375509262085
YMR145C,YJL149W,0,1.5585662,0.1668001115322113,0.6163707971572876,0.31263768672943115
YGR281W,YDR245W,0,1.558413,0.16675560176372528,0.6163707971572876,0.3127378225326538
YGR177C,YLR380W,0,1.5584077,0.16671112179756165,0.6163707971572876,0.31283795833587646
YNL297C,YOR209C,0,1.5581981,0.1666666716337204,0.6163707971572876,0.3129381239414215
YDR026C,YNR010W,0,1.557899,0.16662223637104034,0.6163707971572876,0.31303825974464417
YPR075C,YLR127C,1,1.5575285,0.16684435307979584,0.6173570156097412,0.31303825974464417
YDL142C,YMR270C,0,1.5573604,0.1667998880147934,0.6173570156097412,0.3131383955478668
YMR321C,YPL163C,0,1.5573572,0.16675546765327454,0.6173570156097412,0.3132385313510895
YER125W,YMR061W,0,1.557325,0.16671104729175568,0.6173570156097412,0.31333866715431213
YGR052W,YHR058C,0,1.5571331,0.1666666716337204,0.6173570156097412,0.3134388029575348
YPL218W,YJR034W,0,1.5571247,0.1666223108768463,0.6173570156097412,0.31353896856307983
YGR282C,YDR151C,0,1.5571202,0.16657796502113342,0.6173570156097412,0.3136391043663025
YPR162C,YNL219C,0,1.556751,0.16653364896774292,0.6173570156097412,0.31373924016952515
YJR138W,YDR337W,0,1.5567068,0.1664893627166748,0.6173570156097412,0.3138393759727478
YOR301W,YPL002C,0,1.5566357,0.16644509136676788,0.6173570156097412,0.31393951177597046
YKR035W-A,YMR034C,0,1.5563633,0.16640084981918335,0.6173570156097412,0.3140396475791931
YMR135C,YMR168C,1,1.5562845,0.1666223704814911,0.61834317445755,0.3140396475791931
YOR274W,YOL111C,0,1.5553864,0.16657811403274536,0.61834317445755,0.31413978338241577
YHR030C,YDR081C,0,1.5553844,0.16653385758399963,0.61834317445755,0.3142399489879608
YLR321C,YLR348C,0,1.5552337,0.1664896458387375,0.61834317445755,0.31434008479118347
YJL191W,YPR030W,0,1.5547608,0.16644544899463654,0.61834317445755,0.31444022059440613
YNL153C,YKL064W,0,1.5547602,0.16640126705169678,0.61834317445755,0.3145403563976288
YGR072W,YDL225W,0,1.5547138,0.1663571298122406,0.61834317445755,0.31464049220085144
YMR089C,YDR109C,0,1.5545601,0.16631299257278442,0.61834317445755,0.3147406280040741
YCL036W,YGR070W,0,1.5543762,0.16626890003681183,0.61834317445755,0.31484076380729675
YLR191W,YKL022C,0,1.5540477,0.16622480750083923,0.61834317445755,0.3149409294128418
YPR001W,YOL026C,0,1.553548,0.16618075966835022,0.61834317445755,0.31504106521606445
YDL206W,YKR002W,0,1.5533832,0.1661367267370224,0.61834317445755,0.3151412010192871
YOL082W,YJL134W,0,1.553064,0.16609270870685577,0.61834317445755,0.31524133682250977
YBR187W,YOL054W,0,1.5525967,0.16604873538017273,0.61834317445755,0.3153414726257324
YDR383C,YHR082C,0,1.5524725,0.16600476205348969,0.61834317445755,0.3154416084289551
YGR034W,YDR508C,0,1.5522785,0.16596081852912903,0.61834317445755,0.31554174423217773
YKR002W,YFR019W,0,1.5518984,0.16591690480709076,0.61834317445755,0.3156419098377228
YNR074C,YEL022W,0,1.5518061,0.16587302088737488,0.61834317445755,0.31574204564094543
YHR115C,YMR029C,1,1.5515424,0.1660936325788498,0.6193293929100037,0.31574204564094543
YMR013C,YPL119C,0,1.55123,0.16604970395565033,0.6193293929100037,0.3158421814441681
YLR229C,YLR238W,1,1.5508786,0.1662701517343521,0.6203156113624573,0.3158421814441681
YJL112W,YKL201C,0,1.5508078,0.16622620820999146,0.6203156113624573,0.31594231724739075
YNL052W,YBR074W,0,1.5505357,0.16618229448795319,0.6203156113624573,0.3160424530506134
YLL055W,YNR010W,0,1.5503414,0.1661384105682373,0.6203156113624573,0.31614258885383606
YDR310C,YLR380W,0,1.5500726,0.16609452664852142,0.6203156113624573,0.3162427544593811
YER017C,YOL101C,0,1.5500556,0.16605068743228912,0.6203156113624573,0.31634289026260376
YJL191W,YPR152C,0,1.5500299,0.16600686311721802,0.6203156113624573,0.3164430260658264
YER103W,YDR159W,0,1.5499458,0.1659630537033081,0.6203156113624573,0.3165431618690491
YDL101C,YBL084C,1,1.5499402,0.16618306934833527,0.6213017702102661,0.3165431618690491
YDR196C,YBR173C,0,1.5498586,0.16613924503326416,0.6213017702102661,0.31664329767227173
YDL029W,YDL040C,0,1.5497135,0.16609543561935425,0.6213017702102661,0.3167434334754944
YHR074W,YIL047C,0,1.5494858,0.16605165600776672,0.6213017702102661,0.31684356927871704
YDR296W,YEL062W,0,1.5485626,0.1660079061985016,0.6213017702102661,0.3169437348842621
YML032C,YMR136W,0,1.5480103,0.16596417129039764,0.6213017702102661,0.31704387068748474
YEL052W,YGR258C,0,1.5478559,0.1659204661846161,0.6213017702102661,0.3171440064907074
YLR191W,YGL237C,0,1.5477718,0.16587677597999573,0.6213017702102661,0.31724414229393005
YDR067C,YKL205W,0,1.5475799,0.16583311557769775,0.6213017702102661,0.3173442780971527
YOR317W,YKL022C,0,1.5467869,0.16578947007656097,0.6213017702102661,0.31744441390037537
YML099C,YER171W,0,1.5466293,0.16574585437774658,0.6213017702102661,0.317544549703598
YLR197W,YBR172C,0,1.5465845,0.16570226848125458,0.6213017702102661,0.31764471530914307
YPL273W,YLR268W,0,1.5465403,0.16565869748592377,0.6213017702102661,0.3177448511123657
YDR454C,YKR020W,0,1.5463775,0.16561514139175415,0.6213017702102661,0.3178449869155884
YOR283W,YER175C,0,1.5463449,0.16557161509990692,0.6213017702102661,0.31794512271881104
YJL066C,YGL244W,0,1.5462886,0.16552811861038208,0.6213017702102661,0.3180452585220337
YCR026C,YEL056W,0,1.5462704,0.16548463702201843,0.6213017702102661,0.31814539432525635
YCR057C,YLR050C,0,1.5462198,0.16544117033481598,0.6213017702102661,0.318245530128479
YOR283W,YKL130C,0,1.5459727,0.1653977483510971,0.6213017702102661,0.31834569573402405
YIL128W,YOR085W,0,1.5459653,0.16535432636737823,0.6213017702102661,0.3184458315372467
YKL182W,YDR262W,0,1.5454396,0.16531094908714294,0.6213017702102661,0.31854596734046936
YAL063C,YOR025W,0,1.5452603,0.16526757180690765,0.6213017702102661,0.318646103143692
YLR080W,YNL084C,0,1.5450286,0.16522423923015594,0.6213017702102661,0.3187462389469147
YBL089W,YGR155W,0,1.5448619,0.16518090665340424,0.6213017702102661,0.31884637475013733
YBR195C,YGL112C,0,1.5447692,0.1651376187801361,0.6213017702102661,0.31894651055336
YPR011C,YDR081C,0,1.5445142,0.16509434580802917,0.6213017702102661,0.31904667615890503
YNR017W,YKL038W,0,1.5440739,0.16505108773708344,0.6213017702102661,0.3191468119621277
YMR315W,YDR492W,0,1.5438229,0.16500785946846008,0.6213017702102661,0.31924694776535034
YNL307C,YHR119W,0,1.5433546,0.16496464610099792,0.6213017702102661,0.319347083568573
YOL158C,YER171W,0,1.5431061,0.16492146253585815,0.6213017702102661,0.31944721937179565
YIR011C,YOR349W,0,1.5429726,0.16487830877304077,0.6213017702102661,0.3195473551750183
YDR030C,YPL078C,0,1.5421535,0.16483516991138458,0.6213017702102661,0.31964752078056335
YBR247C,YDR444W,0,1.5405827,0.1647920459508896,0.6213017702102661,0.319747656583786
YIL135C,YOL111C,0,1.5399283,0.16474895179271698,0.6213017702102661,0.31984779238700867
YOL155C,YJL176C,0,1.5395881,0.16470588743686676,0.6213017702102661,0.3199479281902313
YER167W,YOL139C,1,1.5392594,0.16492420434951782,0.6222879886627197,0.3199479281902313
YOR299W,YDR369C,0,1.5387703,0.16488111019134521,0.6222879886627197,0.320048063993454
YLR440C,YHR058C,0,1.5383793,0.1648380309343338,0.6222879886627197,0.32014819979667664
YKL117W,YLR321C,0,1.5382897,0.16479498147964478,0.6222879886627197,0.3202483355998993
YPR119W,YDL056W,1,1.5381197,0.16501305997371674,0.6232741475105286,0.3202483355998993
YLR353W,YAL029C,0,1.5381161,0.16496998071670532,0.6232741475105286,0.32034850120544434
YBL051C,YOL001W,1,1.5379966,0.16518789529800415,0.6242603659629822,0.32034850120544434
YGR221C,YOR226C,0,1.5376087,0.16514480113983154,0.6242603659629822,0.320448637008667
YPR075C,YLR288C,1,1.5369405,0.16536255180835724,0.625246524810791,0.320448637008667
YDR030C,YNL283C,0,1.5366987,0.16531942784786224,0.625246524810791,0.32054877281188965
YJL140W,YDR403W,0,1.5365309,0.16527633368968964,0.625246524810791,0.3206489086151123
YJR055W,YDR245W,0,1.5364288,0.16523325443267822,0.625246524810791,0.32074904441833496
YOL107W,YDR416W,0,1.536244,0.1651902049779892,0.625246524810791,0.3208491802215576
YGR199W,YHR082C,0,1.5361114,0.16514717042446136,0.625246524810791,0.3209493160247803
YJR051W,YCL057W,0,1.5360533,0.16510416567325592,0.625246524810791,0.3210494816303253
YNL236W,YDR172W,0,1.5359972,0.16506117582321167,0.625246524810791,0.321149617433548
YMR025W,YMR046C,0,1.5357549,0.1650182157754898,0.625246524810791,0.32124975323677063
YGL112C,YLL012W,0,1.5349525,0.16497528553009033,0.625246524810791,0.3213498890399933
YCR014C,YGR285C,0,1.5349339,0.16493235528469086,0.625246524810791,0.32145002484321594
YIL142W,YBR115C,0,1.5347728,0.16488946974277496,0.625246524810791,0.3215501606464386
YLR248W,YGL134W,1,1.5346478,0.1651066094636917,0.6262327432632446,0.3215501606464386
YOL102C,YIL159W,0,1.5342628,0.16506367921829224,0.6262327432632446,0.32165029644966125
YOL082W,YBR196C,0,1.5341349,0.16502079367637634,0.6262327432632446,0.3217504620552063
YNL026W,YLR163C,0,1.534034,0.16497792303562164,0.6262327432632446,0.32185059785842896
YKL090W,YBR195C,0,1.5339267,0.16493506729602814,0.6262327432632446,0.3219507336616516
YGL225W,YBR192W,0,1.5336314,0.16489224135875702,0.6262327432632446,0.32205086946487427
YHR077C,YOR349W,0,1.5335442,0.1648494303226471,0.6262327432632446,0.3221510052680969
YLR157C,YGR229C,0,1.5330713,0.16480664908885956,0.6262327432632446,0.3222511410713196
YLR300W,YLR130C,0,1.5326815,0.16476388275623322,0.6262327432632446,0.3223513066768646
YDR296W,YPR006C,0,1.5321065,0.16472114622592926,0.6262327432632446,0.3224514424800873
YLR165C,YCL034W,0,1.5320748,0.1646784245967865,0.6262327432632446,0.32255157828330994
YLR301W,YML109W,0,1.5319371,0.16463573276996613,0.6262327432632446,0.3226517140865326
YPR011C,YMR269W,0,1.5317801,0.16459305584430695,0.6262327432632446,0.32275184988975525
YMR087W,YLR429W,0,1.531651,0.16455040872097015,0.6262327432632446,0.3228519856929779
YMR032W,YEL040W,0,1.5316304,0.16450777649879456,0.6262327432632446,0.32295212149620056
YJL114W,YOR222W,0,1.5315118,0.16446515917778015,0.6262327432632446,0.3230522871017456
YGL134W,YGL086W,1,1.5310731,0.16468150913715363,0.6272189617156982,0.3230522871017456
YER162C,YKL082C,0,1.5302211,0.16463887691497803,0.6272189617156982,0.32315242290496826
YPR187W,YLR440C,0,1.5302029,0.16459627449512482,0.6272189617156982,0.3232525587081909
YJL225C,YNL110C,0,1.5297807,0.1645536869764328,0.6272189617156982,0.3233526945114136
YPR162C,YPL273W,0,1.5296856,0.16451112926006317,0.6272189617156982,0.32345283031463623
YAL047C,YOR073W,1,1.5295764,0.16472718119621277,0.6282051205635071,0.32345283031463623
YBL041W,YIL135C,0,1.52951,0.16468459367752075,0.6282051205635071,0.3235529661178589
YLR157C,YDR389W,0,1.5293989,0.16464202105998993,0.6282051205635071,0.32365310192108154
YGR245C,YJL090C,1,1.5289532,0.164857879281044,0.6291913390159607,0.32365310192108154
YMR186W,YCR052W,0,1.5286914,0.164815291762352,0.6291913390159607,0.3237532675266266
YFR001W,YLR213C,0,1.5278767,0.16477273404598236,0.6291913390159607,0.32385340332984924
YOR226C,YLR145W,0,1.5276518,0.16473017632961273,0.6291913390159607,0.3239535391330719
YDR451C,YJL194W,1,1.5274204,0.1649457961320877,0.6301774978637695,0.3239535391330719
YDL179W,YFL033C,1,1.5270672,0.16516129672527313,0.6311637163162231,0.3239535391330719
YMR055C,YMR052W,1,1.5270504,0.165376678109169,0.632149875164032,0.3239535391330719
YIL083C,YOL111C,0,1.5268003,0.16533401608467102,0.632149875164032,0.32405367493629456
YDL036C,YOL107W,0,1.5265905,0.16529138386249542,0.632149875164032,0.3241538107395172
YKR055W,YGL051W,0,1.5265206,0.1652487814426422,0.632149875164032,0.32425394654273987
YLR219W,YOR327C,0,1.5264246,0.165206179022789,0.632149875164032,0.3243540823459625
YER154W,YKR055W,0,1.5262765,0.16516362130641937,0.632149875164032,0.32445424795150757
YGL116W,YCR093W,1,1.5261666,0.16537867486476898,0.6331360936164856,0.32445424795150757
YOL111C,YNL290W,0,1.5260112,0.16533608734607697,0.6331360936164856,0.3245543837547302
YDR373W,YGR222W,0,1.5259913,0.16529351472854614,0.6331360936164856,0.3246545195579529
YGR112W,YGL148W,0,1.5258695,0.1652509719133377,0.6331360936164856,0.32475465536117554
YML112W,YKL186C,0,1.5258628,0.16520844399929047,0.6331360936164856,0.3248547911643982
YPL083C,YPL094C,0,1.5258172,0.16516593098640442,0.6331360936164856,0.32495492696762085
YDR076W,YJL206C,0,1.5257987,0.16512346267700195,0.6331360936164856,0.3250550627708435
YML006C,YML109W,0,1.5256525,0.1650809943675995,0.6331360936164856,0.32515522837638855
YIR011C,YLL017W,0,1.5255016,0.1650385558605194,0.6331360936164856,0.3252553641796112
YDR517W,YIL112W,1,1.5252603,0.165253147482872,0.6341223120689392,0.3252553641796112
YML032C,YHR175W,0,1.5246722,0.16521069407463074,0.6341223120689392,0.32535549998283386
YJR066W,YGL158W,1,1.5244681,0.1654251217842102,0.635108470916748,0.32535549998283386
YML032C,YER074W,0,1.5240997,0.16538263857364655,0.635108470916748,0.3254556357860565
YNL008C,YCR087C-A,0,1.5239218,0.16534018516540527,0.635108470916748,0.3255557715892792
YIL050W,YER016W,1,1.5237373,0.16555441915988922,0.6360946893692017,0.3255557715892792
YBR095C,YOR393W,0,1.5235894,0.16551193594932556,0.6360946893692017,0.32565590739250183
YBL041W,YKR026C,0,1.523173,0.1654694676399231,0.6360946893692017,0.3257560729980469
YJR107W,YJL004C,0,1.5230018,0.16542702913284302,0.6360946893692017,0.32585620880126953
YAR035W,YER019C-A,0,1.522708,0.16538462042808533,0.6360946893692017,0.3259563446044922
YOL010W,YDR159W,0,1.5223769,0.16534222662448883,0.6360946893692017,0.32605648040771484
YPL139C,YBR186W,1,1.521959,0.16555611789226532,0.6370808482170105,0.32605648040771484
YPL112C,YJL206C,0,1.5215552,0.16551370918750763,0.6370808482170105,0.3261566162109375
YLL040C,YGL163C,0,1.5215496,0.16547131538391113,0.6370808482170105,0.32625675201416016
YIR025W,YCR093W,1,1.521529,0.1656850129365921,0.6380670666694641,0.32625675201416016
YLL002W,YLR160C,0,1.5212046,0.1656426042318344,0.6380670666694641,0.3263568878173828
YIL139C,YHR168W,0,1.5211184,0.16560021042823792,0.6380670666694641,0.32645705342292786
YDR473C,YKL166C,0,1.521072,0.1655578315258026,0.6380670666694641,0.3265571892261505
YLR024C,YIL047C,0,1.5209757,0.1655154824256897,0.6380670666694641,0.32665732502937317
YPL104W,YBL085W,0,1.5209073,0.16547314822673798,0.6380670666694641,0.3267574608325958
YHR002W,YAL024C,0,1.5208957,0.16543082892894745,0.6380670666694641,0.3268575966358185
YDR415C,YLR224W,0,1.5206333,0.1653885543346405,0.6380670666694641,0.32695773243904114
YJR057W,YNL032W,0,1.5198597,0.16534627974033356,0.6380670666694641,0.3270578682422638
YGL186C,YJL192C,0,1.5196536,0.165304034948349,0.6380670666694641,0.32715803384780884
YLR314C,YPL002C,0,1.5196072,0.16526181995868683,0.6380670666694641,0.3272581696510315
YIL083C,YHR082C,0,1.5195501,0.16521960496902466,0.6380670666694641,0.32735830545425415
YEL053C,YHL034C,0,1.5195159,0.16517743468284607,0.6380670666694641,0.3274584412574768
YLR263W,YLR127C,1,1.5192908,0.1653905063867569,0.639053225517273,0.3274584412574768
YGR199W,YPL078C,0,1.5189978,0.16534830629825592,0.639053225517273,0.32755857706069946
YIL139C,YFL017W-A,0,1.5188924,0.16530612111091614,0.639053225517273,0.3276587128639221
YJL060W,YER165W,0,1.518766,0.16526396572589874,0.639053225517273,0.3277588486671448
YGR282C,YHR051W,0,1.5186766,0.16522182524204254,0.639053225517273,0.3278590142726898
YDR285W,YOR239W,0,1.5185393,0.16517971456050873,0.639053225517273,0.3279591500759125
YDR457W,YGL220W,0,1.5184369,0.1651376187801361,0.639053225517273,0.32805928587913513
YKR036C,YML006C,0,1.5183021,0.16509553790092468,0.639053225517273,0.3281594216823578
YBR177C,YMR087W,0,1.5182552,0.16505348682403564,0.639053225517273,0.32825955748558044
YNL050C,YNR002C,0,1.5181457,0.165011465549469,0.639053225517273,0.3283596932888031
YDR460W,YMR034C,0,1.517788,0.16496944427490234,0.639053225517273,0.32845982909202576
YBR247C,YGR077C,0,1.5175551,0.16492746770381927,0.639053225517273,0.3285599946975708
YHR059W,YNR010W,0,1.5170432,0.1648854911327362,0.639053225517273,0.32866013050079346
YNL208W,YOR351C,0,1.5168918,0.16484354436397552,0.639053225517273,0.3287602663040161
YLR080W,YDL097C,0,1.5162486,0.16480162739753723,0.639053225517273,0.32886040210723877
YEL037C,YBR282W,0,1.5157468,0.16475972533226013,0.639053225517273,0.3289605379104614
YGR077C,YJL214W,0,1.5151109,0.16471783816814423,0.639053225517273,0.3290606737136841
YPR196W,YPR171W,0,1.5138842,0.1646759808063507,0.639053225517273,0.3291608393192291
YIL088C,YER125W,0,1.5137619,0.16463415324687958,0.639053225517273,0.3292609751224518
YOL141W,YAL017W,0,1.5134726,0.16459232568740845,0.639053225517273,0.32936111092567444
YCR060W,YJR119C,0,1.5132835,0.1645505279302597,0.639053225517273,0.3294612467288971
YGR188C,YDL127W,1,1.5132196,0.16476263105869293,0.6400394439697266,0.3294612467288971
YMR146C,YDR444W,0,1.5131505,0.164720818400383,0.6400394439697266,0.32956138253211975
YDR254W,YNL282W,0,1.5128272,0.16467902064323425,0.6400394439697266,0.3296615183353424
YPL188W,YLR224W,0,1.5126091,0.1646372377872467,0.6400394439697266,0.32976165413856506
YJR107W,YKL168C,0,1.5125698,0.16459548473358154,0.6400394439697266,0.3298618197441101
YML027W,YKL101W,1,1.5122719,0.1648073047399521,0.6410256624221802,0.3298618197441101
YMR203W,YMR136W,0,1.5119892,0.16476552188396454,0.6410256624221802,0.32996195554733276
YDR378C,YGR179C,0,1.5118867,0.16472376883029938,0.6410256624221802,0.3300620913505554
YGR179C,YJL079C,0,1.5118489,0.1646820306777954,0.6410256624221802,0.3301622271537781
YAL060W,YJR082C,0,1.5117232,0.16464032232761383,0.6410256624221802,0.33026236295700073
YBR238C,YOR089C,0,1.5106963,0.16459862887859344,0.6410256624221802,0.3303624987602234
YMR013C,YDR062W,0,1.5101794,0.16455696523189545,0.6410256624221802,0.33046263456344604
YKL190W,YKR056W,0,1.5099212,0.16451531648635864,0.6410256624221802,0.3305628001689911
YJL053W,YPR152C,0,1.5098349,0.16447368264198303,0.6410256624221802,0.33066293597221375
YKL090W,YKL001C,0,1.5095197,0.1644320785999298,0.6410256624221802,0.3307630717754364
YJR010W,YEL053C,0,1.5093713,0.16439048945903778,0.6410256624221802,0.33086320757865906
YAR031W,YBR257W,0,1.5092379,0.16434893012046814,0.6410256624221802,0.3309633433818817
YPL042C,YER165W,0,1.5091712,0.1643073856830597,0.6410256624221802,0.33106347918510437
YCR052W,YDR081C,0,1.5090185,0.16426585614681244,0.6410256624221802,0.331163614988327
YLL019C,YER115C,0,1.5084558,0.16422435641288757,0.6410256624221802,0.33126378059387207
YMR097C,YDR496C,0,1.5083078,0.1641828715801239,0.6410256624221802,0.3313639163970947
YFL033C,YLR209C,0,1.5080298,0.16414141654968262,0.6410256624221802,0.3314640522003174
YLR452C,YNR013C,0,1.5079242,0.16409997642040253,0.6410256624221802,0.33156418800354004
YLL002W,YJL103C,0,1.5078288,0.16405855119228363,0.6410256624221802,0.3316643238067627
YOL066C,YOR215C,0,1.5076426,0.16401715576648712,0.6410256624221802,0.33176445960998535
YNL281W,YBR042C,0,1.5075938,0.1639757752418518,0.6410256624221802,0.3318646252155304
YKL013C,YNR006W,0,1.5069977,0.16393442451953888,0.6410256624221802,0.33196476101875305
YHR082C,YDR332W,0,1.5069569,0.16389308869838715,0.6410256624221802,0.3320648968219757
YGR169C,YDR260C,0,1.5069013,0.1638517826795578,0.6410256624221802,0.33216503262519836
YMR025W,YAL017W,0,1.5063533,0.16381047666072845,0.6410256624221802,0.332265168428421
YDL127W,YMR135C,1,1.5063475,0.16402116417884827,0.642011821269989,0.332265168428421
YER090W,YFR019W,0,1.5050056,0.16397984325885773,0.642011821269989,0.3323653042316437
YBR118W,YHR214C-B,0,1.5049125,0.16393855214118958,0.642011821269989,0.33246544003486633
YGR020C,YMR160W,0,1.5049069,0.16389727592468262,0.642011821269989,0.3325656056404114
YBR177C,YOR216C,0,1.5045555,0.16385602951049805,0.642011821269989,0.33266574144363403
YKL161C,YDL045C,0,1.5044248,0.16381479799747467,0.642011821269989,0.3327658772468567
YDR172W,YGR143W,0,1.504239,0.1637735813856125,0.642011821269989,0.33286601305007935
YJL225C,YMR240C,0,1.5040544,0.1637323945760727,0.642011821269989,0.332966148853302
YGL172W,YNL223W,0,1.5039335,0.1636912226676941,0.642011821269989,0.33306628465652466
YBR278W,YOR299W,0,1.5039287,0.16365008056163788,0.642011821269989,0.3331664204597473
YDL107W,YHR109W,0,1.5037695,0.16360895335674286,0.642011821269989,0.33326658606529236
YGL162W,YIL139C,0,1.5036548,0.16356784105300903,0.642011821269989,0.333366721868515
YEL037C,YDR072C,0,1.5027126,0.1635267585515976,0.642011821269989,0.33346685767173767
YKL189W,YOR338W,0,1.5025789,0.16348569095134735,0.642011821269989,0.3335669934749603
YDR310C,YBR026C,0,1.5023595,0.1634446382522583,0.642011821269989,0.333667129278183
YDL097C,YKR044W,0,1.5023539,0.16340361535549164,0.642011821269989,0.33376726508140564
YPR167C,YOR194C,0,1.5017537,0.16336260735988617,0.642011821269989,0.3338674008846283
YKL020C,YLR130C,0,1.5017473,0.1633216291666031,0.642011821269989,0.33396756649017334
YLR103C,YKR044W,0,1.5016904,0.1632806658744812,0.642011821269989,0.334067702293396
YDR369C,YPL188W,0,1.5006193,0.1632397174835205,0.642011821269989,0.33416783809661865
YAL021C,YDL165W,1,1.5005623,0.1634494811296463,0.6429980397224426,0.33416783809661865
YLR107W,YAL031C,0,1.4997708,0.16340851783752441,0.6429980397224426,0.3342679738998413
YGR089W,YAL031C,0,1.4996709,0.16336758434772491,0.6429980397224426,0.33436810970306396
YHR209W,YDR240C,0,1.4994897,0.16332665085792542,0.6429980397224426,0.3344682455062866
YJR107W,YBR192W,0,1.4985245,0.1632857471704483,0.6429980397224426,0.3345683813095093
YOL139C,YDR118W,1,1.4985074,0.1634952425956726,0.6439841985702515,0.3345683813095093
YBR081C,YLL012W,0,1.4984685,0.1634543240070343,0.6439841985702515,0.3346685469150543
YFR029W,YLR029C,0,1.4980458,0.1634134203195572,0.6439841985702515,0.334768682718277
YOR145C,YLR224W,0,1.4978263,0.16337253153324127,0.6439841985702515,0.33486881852149963
YNR028W,YPR152C,0,1.4977039,0.16333167254924774,0.6439841985702515,0.3349689543247223
YDR245W,YHR041C,0,1.4972233,0.1632908284664154,0.6439841985702515,0.33506909012794495
YFR021W,YGR105W,0,1.4968282,0.16324999928474426,0.6439841985702515,0.3351692259311676
YGR229C,YGL103W,0,1.4967072,0.1632091999053955,0.6439841985702515,0.33526939153671265
YMR315W,YNR028W,0,1.4964205,0.16316841542720795,0.6439841985702515,0.3353695273399353
YMR199W,YDL179W,1,1.4963437,0.16337746381759644,0.6449704170227051,0.3353695273399353
YGR072W,YBR192W,0,1.496226,0.16333666443824768,0.6449704170227051,0.33546966314315796
YBR125C,YOR025W,0,1.4961694,0.16329587996006012,0.6449704170227051,0.3355697989463806
YBR002C,YOL093W,0,1.4958584,0.16325511038303375,0.6449704170227051,0.33566993474960327
YGR169C,YOL107W,0,1.4954388,0.16321437060832977,0.6449704170227051,0.3357700705528259
YDL121C,YGL014W,0,1.4953359,0.163173645734787,0.6449704170227051,0.3358702063560486
YKL041W,YEL029C,0,1.4952177,0.1631329506635666,0.6449704170227051,0.33597037196159363
YDR310C,YPR091C,0,1.4949535,0.16309227049350739,0.6449704170227051,0.3360705077648163
YML032C,YDR262W,0,1.4948975,0.16305160522460938,0.6449704170227051,0.33617064356803894
YER013W,YJR021C,0,1.4946915,0.16301096975803375,0.6449704170227051,0.3362707793712616
YGL240W,YOR351C,1,1.4945734,0.16321954131126404,0.6459566354751587,0.3362707793712616
YJR083C,YDR260C,0,1.4944816,0.16317887604236603,0.6459566354751587,0.33637091517448425
YDL097C,YOR313C,0,1.4944369,0.1631382256746292,0.6459566354751587,0.3364710509777069
YLR404W,YJL134W,0,1.494111,0.16309760510921478,0.6459566354751587,0.33657118678092957
YPR196W,YGL186C,0,1.4936213,0.16305701434612274,0.6459566354751587,0.3366713523864746
YFR029W,YNL192W,0,1.4936134,0.1630164235830307,0.6459566354751587,0.33677148818969727
YAL060W,YDR499W,0,1.493275,0.16297586262226105,0.6459566354751587,0.3368716239929199
YLL033W,YBR243C,0,1.4928807,0.1629353165626526,0.6459566354751587,0.3369717597961426
YIL142W,YDR403W,0,1.492461,0.16289480030536652,0.6459566354751587,0.33707189559936523
YDL036C,YBL041W,0,1.4923667,0.16285429894924164,0.6459566354751587,0.3371720314025879
YMR049C,YLR005W,0,1.4923342,0.16281382739543915,0.6459566354751587,0.33727216720581055
YOR297C,YKL117W,0,1.492262,0.16277335584163666,0.6459566354751587,0.3373723328113556
YDR170C,YMR304W,0,1.4919568,0.16273291409015656,0.6459566354751587,0.33747246861457825
YDR026C,YFL021W,0,1.4918939,0.16269250214099884,0.6459566354751587,0.3375726044178009
YOR304C-A,YDL074C,0,1.4914896,0.16265210509300232,0.6459566354751587,0.33767274022102356
YIL061C,YNL232W,0,1.4914163,0.162611722946167,0.6459566354751587,0.3377728760242462
YHR002W,YML049C,0,1.4913163,0.16257135570049286,0.6459566354751587,0.33787301182746887
YIL031W,YGL181W,1,1.4908773,0.16277915239334106,0.6469427943229675,0.33787301182746887
YOL165C,YDR451C,0,1.4901348,0.16273877024650574,0.6469427943229675,0.33797314763069153
YMR049C,YKL041W,0,1.4900197,0.1626984179019928,0.6469427943229675,0.3380733132362366
YEL030W,YFL001W,0,1.4898666,0.16265806555747986,0.6469427943229675,0.33817344903945923
YER098W,YKL161C,0,1.489787,0.1626177430152893,0.6469427943229675,0.3382735848426819
YHR029C,YJR028W,0,1.4893833,0.16257745027542114,0.6469427943229675,0.33837372064590454
YOR212W,YPL096W,0,1.4892796,0.16253717243671417,0.6469427943229675,0.3384738564491272
YJR140C,YOR313C,0,1.4892558,0.1624969094991684,0.6469427943229675,0.33857399225234985
YBR006W,YOL101C,0,1.4892509,0.1624566614627838,0.6469427943229675,0.3386741578578949
YDL127W,YDL008W,1,1.4892057,0.1626640260219574,0.6479290127754211,0.3386741578578949
YOR304C-A,YLR020C,0,1.488943,0.16262376308441162,0.6479290127754211,0.33877429366111755
YHR132C,YOL028C,0,1.4887037,0.16258351504802704,0.6479290127754211,0.3388744294643402
YHR059W,YPR006C,0,1.4883395,0.16254329681396484,0.6479290127754211,0.33897456526756287
YPR072W,YJL187C,0,1.4882889,0.16250309348106384,0.6479290127754211,0.3390747010707855
YNL304W,YDL047W,0,1.487619,0.16246290504932404,0.6479290127754211,0.3391748368740082
YBR125C,YJL060W,0,1.4874078,0.16242274641990662,0.6479290127754211,0.33927497267723083
YDR310C,YDR392W,0,1.4872397,0.1623826026916504,0.6479290127754211,0.3393751382827759
YMR008C,YPL273W,0,1.4863942,0.16234247386455536,0.6479290127754211,0.33947527408599854
YKL166C,YNL122C,0,1.4863849,0.16230237483978271,0.6479290127754211,0.3395754098892212
YNR018W,YPL183W-A,0,1.4860967,0.16226229071617126,0.6479290127754211,0.33967554569244385
YGR036C,YML028W,0,1.485519,0.162222221493721,0.6479290127754211,0.3397756814956665
YDL028C,YJL076W,1,1.4855031,0.16242903470993042,0.64891517162323,0.3397756814956665
YLR047C,YPL113C,0,1.4852623,0.16238895058631897,0.64891517162323,0.33987581729888916
YDL047W,YPR138C,0,1.4851677,0.1623488813638687,0.64891517162323,0.3399759531021118
YOL112W,YLR005W,0,1.4850618,0.16230882704257965,0.64891517162323,0.34007611870765686
YIL134W,YPL139C,0,1.4846966,0.16226880252361298,0.64891517162323,0.3401762545108795
YJL060W,YNL163C,0,1.484267,0.1622287929058075,0.64891517162323,0.3402763903141022
YGR245C,YBR133C,1,1.4842057,0.16243529319763184,0.6499013900756836,0.3402763903141022
YGR113W,YBR222C,0,1.4841677,0.16239526867866516,0.6499013900756836,0.34037652611732483
YOR279C,YML030W,0,1.4840468,0.16235525906085968,0.6499013900756836,0.3404766619205475
YDL121C,YOR162C,0,1.4840069,0.1623152643442154,0.6499013900756836,0.34057679772377014
YPR113W,YDR222W,0,1.483913,0.1622752994298935,0.6499013900756836,0.3406769335269928
YBR115C,YEL056W,0,1.483611,0.1622353494167328,0.6499013900756836,0.34077709913253784
YKL117W,YGL203C,0,1.4832808,0.16219542920589447,0.6499013900756836,0.3408772349357605
YIL139C,YBR155W,0,1.4829624,0.16215550899505615,0.6499013900756836,0.34097737073898315
YNR044W,YDL083C,0,1.4828451,0.16211561858654022,0.6499013900756836,0.3410775065422058
YMR055C,YPR075C,1,1.4828211,0.16232168674468994,0.6508875489234924,0.3410775065422058
YER013W,YMR136W,0,1.4825648,0.16228178143501282,0.6508875489234924,0.34117764234542847
YHL007C,YGL194C,1,1.4823551,0.1624877154827118,0.651873767375946,0.34117764234542847
YBR247C,YPL007C,0,1.482118,0.16244778037071228,0.651873767375946,0.3412777781486511
YLR228C,YDR195W,0,1.4819354,0.16240786015987396,0.651873767375946,0.34137794375419617
YHR119W,YBR074W,0,1.4818438,0.16236796975135803,0.651873767375946,0.3414780795574188
YDR090C,YMR308C,0,1.4812876,0.1623280942440033,0.651873767375946,0.3415782153606415
YBR202W,YOL102C,0,1.4810314,0.16228823363780975,0.651873767375946,0.34167835116386414
YCR011C,YDR472W,0,1.4808172,0.1622484028339386,0.651873767375946,0.3417784869670868
YNL122C,YLR016C,0,1.4805354,0.16220858693122864,0.651873767375946,0.34187862277030945
YCL014W,YLR380W,0,1.4804071,0.16216878592967987,0.651873767375946,0.3419787585735321
YMR241W,YMR034C,0,1.4803745,0.1621290147304535,0.651873767375946,0.34207892417907715
YLR229C,YLR079W,1,1.4800609,0.16233447194099426,0.6528599858283997,0.34207892417907715
YBR095C,YMR296C,0,1.4800371,0.1622946858406067,0.6528599858283997,0.3421790599822998
YJL225C,YER175C,0,1.4799544,0.16225489974021912,0.6528599858283997,0.34227919578552246
YGL083W,YDR383C,0,1.4795829,0.16221514344215393,0.6528599858283997,0.3423793315887451
YBR002C,YKL130C,0,1.4795228,0.16217540204524994,0.6528599858283997,0.3424794673919678
YJR021C,YDL070W,0,1.4790484,0.16213569045066833,0.6528599858283997,0.34257960319519043
YCL025C,YER171W,0,1.4788927,0.16209597885608673,0.6528599858283997,0.3426797389984131
YDR378C,YGL010W,0,1.478624,0.16205629706382751,0.6528599858283997,0.34277990460395813
YPR189W,YER104W,0,1.4785943,0.16201664507389069,0.6528599858283997,0.3428800404071808
YMR013C,YPR162C,0,1.4783992,0.16197699308395386,0.6528599858283997,0.34298017621040344
YNL261W,YOR349W,0,1.4781424,0.16193737089633942,0.6528599858283997,0.3430803120136261
YIL088C,YJL213W,0,1.4780111,0.16189777851104736,0.6528599858283997,0.34318044781684875
YDR146C,YNR002C,0,1.4773897,0.1618581861257553,0.6528599858283997,0.3432805836200714
YBR118W,YOR251C,0,1.4773277,0.16181862354278564,0.6528599858283997,0.34338071942329407
YHR214C-B,YBR061C,0,1.4771094,0.16177907586097717,0.6528599858283997,0.3434808850288391
YER017C,YLR316C,0,1.4766299,0.1617395579814911,0.6528599858283997,0.34358102083206177
YLR228C,YMR272C,0,1.4760195,0.1617000550031662,0.6528599858283997,0.3436811566352844
YGL026C,YKL067W,0,1.4756082,0.1616605669260025,0.6528599858283997,0.3437812924385071
YPR026W,YNR018W,0,1.4755126,0.16162109375,0.6528599858283997,0.34388142824172974
YDR170C,YOL104C,0,1.4752616,0.16158165037631989,0.6528599858283997,0.3439815640449524
YLR425W,YPR198W,0,1.4752353,0.16154222190380096,0.6528599858283997,0.34408169984817505
YNL006W,YBR257W,0,1.4751769,0.16150280833244324,0.6528599858283997,0.3441818654537201
YLR321C,YJL081C,0,1.4751748,0.1614634096622467,0.6528599858283997,0.34428200125694275
YPL196W,YJR101W,0,1.475151,0.16142404079437256,0.6528599858283997,0.3443821370601654
YOL158C,YNL284C,0,1.4747509,0.1613846868276596,0.6528599858283997,0.34448227286338806
YOL136C,YOR194C,0,1.4747406,0.16134536266326904,0.6528599858283997,0.3445824086666107
YDR449C,YLL061W,0,1.4744097,0.16130603849887848,0.6528599858283997,0.3446825444698334
YDL028C,YOR216C,0,1.4744086,0.1612667441368103,0.6528599858283997,0.3447827100753784
YLL051C,YLR268W,0,1.4742955,0.16122746467590332,0.6528599858283997,0.3448828458786011
YCR030C,YOR274W,0,1.473063,0.16118821501731873,0.6528599858283997,0.34498298168182373
YHR156C,YLR151C,0,1.472695,0.16114898025989532,0.6528599858283997,0.3450831174850464
YMR055C,YFR008W,1,1.4724072,0.16135312616825104,0.6538461446762085,0.3450831174850464
YJL114W,YLR043C,0,1.4720589,0.16131386160850525,0.6538461446762085,0.34518325328826904
YHR211W,YCL057W,0,1.471938,0.16127462685108185,0.6538461446762085,0.3452833890914917
YER098W,YAL024C,0,1.4718089,0.16123540699481964,0.6538461446762085,0.34538352489471436
YMR200W,YOR085W,0,1.4716066,0.16119620203971863,0.6538461446762085,0.3454836905002594
YJL005W,YKR035W-A,0,1.4715353,0.16115702688694,0.6538461446762085,0.34558382630348206
YDL036C,YPR204W,0,1.4713336,0.16111786663532257,0.6538461446762085,0.3456839621067047
YHR179W,YER087W,0,1.4710802,0.16107872128486633,0.6538461446762085,0.34578409790992737
YHR060W,YJR028W,0,1.4708779,0.1610395908355713,0.6538461446762085,0.34588423371315
YDR260C,YNL161W,1,1.4707749,0.16124331951141357,0.6548323631286621,0.34588423371315
YCR014C,YLR042C,0,1.4704083,0.16120417416095734,0.6548323631286621,0.3459843695163727
YIR025W,YDR304C,0,1.470331,0.1611650437116623,0.6548323631286621,0.34608450531959534
YKR054C,YJR036C,0,1.4695562,0.16112594306468964,0.6548323631286621,0.3461846709251404
YDR371W,YOR317W,0,1.4692844,0.16108685731887817,0.6548323631286621,0.34628480672836304
YGR056W,YJR112W,0,1.4691226,0.1610477864742279,0.6548323631286621,0.3463849425315857
YGR084C,YMR270C,0,1.4690502,0.16100873053073883,0.6548323631286621,0.34648507833480835
YDR414C,YBR187W,0,1.4683938,0.16096970438957214,0.6548323631286621,0.346585214138031
YPR189W,YDR444W,0,1.4682149,0.16093067824840546,0.6548323631286621,0.34668534994125366
YGL209W,YJL178C,0,1.468159,0.16089168190956116,0.6548323631286621,0.3467854857444763
YNL314W,YLR359W,0,1.4678391,0.16085271537303925,0.6548323631286621,0.34688565135002136
YLR389C,YOR098C,0,1.4673535,0.16081376373767853,0.6548323631286621,0.346985787153244
YBR195C,YPL131W,0,1.4672726,0.1607748121023178,0.6548323631286621,0.3470859229564667
YMR013C,YMR228W,0,1.4666559,0.16073590517044067,0.6548323631286621,0.34718605875968933
YKL190W,YJR036C,0,1.4665344,0.16069699823856354,0.6548323631286621,0.347286194562912
YMR112C,YNL070W,0,1.4660622,0.1606581211090088,0.6548323631286621,0.34738633036613464
YER050C,YDR499W,0,1.465945,0.16061925888061523,0.6548323631286621,0.3474864959716797
YFR031C,YER150W,0,1.4659069,0.16058041155338287,0.6548323631286621,0.34758663177490234
YMR039C,YNR021W,0,1.4657073,0.1605415791273117,0.6548323631286621,0.347686767578125
YOL057W,YER137C,0,1.4653233,0.16050277650356293,0.6548323631286621,0.34778690338134766
YJL214W,YKR028W,0,1.4651437,0.16046398878097534,0.6548323631286621,0.3478870391845703
YPR024W,YNL078W,0,1.4644932,0.16042523086071014,0.6548323631286621,0.34798717498779297
YLR047C,YDL216C,0,1.4644094,0.16038647294044495,0.6548323631286621,0.3480873107910156
YOR209C,YIL132C,0,1.4641305,0.16034774482250214,0.6548323631286621,0.34818747639656067
YCL014W,YNR044W,0,1.4640652,0.16030903160572052,0.6548323631286621,0.3482876121997833
YJL114W,YHR012W,0,1.4638996,0.1602703332901001,0.6548323631286621,0.348387748003006
YGR105W,YBR276C,0,1.4637161,0.16023166477680206,0.6548323631286621,0.34848788380622864
YBR282W,YLL061W,0,1.4634199,0.16019299626350403,0.6548323631286621,0.3485880196094513
YPR011C,YHR077C,0,1.4632621,0.16015437245368958,0.6548323631286621,0.34868815541267395
YIL094C,YNL230C,0,1.463159,0.16011574864387512,0.6548323631286621,0.3487882912158966
YBR278W,YCL057W,0,1.4626031,0.16007713973522186,0.6548323631286621,0.34888845682144165
YDL015C,YMR301C,0,1.4622883,0.160038560628891,0.6548323631286621,0.3489885926246643
YDR196C,YDR415C,0,1.4621631,0.1599999964237213,0.6548323631286621,0.34908872842788696
YJL141C,YLR268W,0,1.4620034,0.15996146202087402,0.6548323631286621,0.3491888642311096
YBR195C,YOL102C,0,1.461996,0.15992292761802673,0.6548323631286621,0.3492890000343323
YGR282C,YOR301W,0,1.4616328,0.15988442301750183,0.6548323631286621,0.34938913583755493
YLR206W,YPR187W,0,1.4616196,0.15984593331813812,0.6548323631286621,0.3494892716407776
YOR206W,YDR508C,0,1.460548,0.1598074585199356,0.6548323631286621,0.34958943724632263
YNR006W,YEL056W,0,1.4603859,0.15976901352405548,0.6548323631286621,0.3496895730495453
YDR451C,YLR348C,0,1.4600072,0.15973056852817535,0.6548323631286621,0.34978970885276794
YEL069C,YGL170C,0,1.4599307,0.15969215333461761,0.6548323631286621,0.3498898446559906
YBR195C,YGR264C,0,1.4596411,0.15965376794338226,0.6548323631286621,0.34998998045921326
YDL246C,YFL033C,0,1.4594299,0.1596153825521469,0.6548323631286621,0.3500901162624359
YLR157C,YNR013C,0,1.4591988,0.15957702696323395,0.6548323631286621,0.35019025206565857
YLR310C,YDL179W,1,1.4590447,0.15977895259857178,0.655818521976471,0.35019025206565857
YLR026C,YLR350W,0,1.458956,0.15974056720733643,0.655818521976471,0.3502904176712036
YPL127C,YBR150C,0,1.4587754,0.15970221161842346,0.655818521976471,0.35039055347442627
YGR238C,YJR053W,1,1.4587413,0.15990395843982697,0.6568047404289246,0.35039055347442627
YNL281W,YCR052W,0,1.4587275,0.1598655730485916,0.6568047404289246,0.3504906892776489
YNL335W,YPL065W,0,1.4585088,0.15982721745967865,0.6568047404289246,0.3505908250808716
YNL309W,YOL028C,0,1.458321,0.15978886187076569,0.6568047404289246,0.35069096088409424
YNL073W,YLL004W,0,1.4579833,0.1597505360841751,0.6568047404289246,0.3507910966873169
YOR301W,YBR128C,0,1.4575592,0.15971222519874573,0.6568047404289246,0.35089126229286194
YDL036C,YGL026C,0,1.4575537,0.15967394411563873,0.6568047404289246,0.3509913980960846
YNR057C,YDR138W,0,1.4572394,0.15963566303253174,0.6568047404289246,0.35109153389930725
YNL297C,YER104W,0,1.4570153,0.15959741175174713,0.6568047404289246,0.3511916697025299
YDL015C,YER168C,0,1.4568831,0.15955917537212372,0.6568047404289246,0.35129180550575256
YDL217C,YEL070W,0,1.4562835,0.1595209538936615,0.6568047404289246,0.3513919413089752
YNR057C,YJL191W,0,1.4561471,0.15948276221752167,0.6568047404289246,0.3514920771121979
YGL181W,YLR321C,1,1.4560819,0.1596839874982834,0.6577908992767334,0.3514920771121979
YML064C,YPL194W,1,1.4555717,0.15988510847091675,0.658777117729187,0.3514920771121979
YER050C,YDR389W,0,1.4555552,0.15984685719013214,0.658777117729187,0.3515922427177429
YGR072W,YLR160C,0,1.4547697,0.15980860590934753,0.658777117729187,0.3516923785209656
YER101C,YOR180C,0,1.4544212,0.15977038443088531,0.658777117729187,0.35179251432418823
YGR113W,YDR195W,0,1.4541506,0.15973219275474548,0.658777117729187,0.3518926501274109
YCL057W,YAR031W,0,1.4541216,0.15969400107860565,0.658777117729187,0.35199278593063354
YBL051C,YOL104C,1,1.4540569,0.15989483892917633,0.6597633361816406,0.35199278593063354
YIL079C,YKL096W-A,0,1.4539398,0.1598566323518753,0.6597633361816406,0.3520929217338562
YPR113W,YNR018W,0,1.4535383,0.15981844067573547,0.6597633361816406,0.35219305753707886
YOR138C,YJL117W,0,1.4535252,0.15978027880191803,0.6597633361816406,0.3522932231426239
YDL140C,YDR229W,0,1.4535103,0.15974211692810059,0.6597633361816406,0.35239335894584656
YGL122C,YLR016C,0,1.4531864,0.15970398485660553,0.6597633361816406,0.3524934947490692
YDR283C,YPL200W,1,1.4530109,0.15990453958511353,0.6607494950294495,0.3524934947490692
YGR034W,YHR174W,0,1.4529153,0.15986637771129608,0.6607494950294495,0.35259363055229187
YNL208W,YEL056W,0,1.4526207,0.15982824563980103,0.6607494950294495,0.3526937663555145
YIL139C,YNL178W,0,1.4522618,0.15979012846946716,0.6607494950294495,0.3527939021587372
YFR018C,YDR392W,0,1.4516,0.1597520262002945,0.6607494950294495,0.35289403796195984
YKL171W,YHR061C,0,1.4514719,0.15971393883228302,0.6607494950294495,0.3529942035675049
YHR179W,YIL047C,0,1.4514085,0.15967588126659393,0.6607494950294495,0.35309433937072754
YBR133C,YNL161W,1,1.451183,0.15987610816955566,0.6617357134819031,0.35309433937072754
YJL141C,YJL128C,0,1.4510052,0.1598380208015442,0.6617357134819031,0.3531944751739502
YOR206W,YJL130C,0,1.4509763,0.1597999483346939,0.6617357134819031,0.35329461097717285
YHR132C,YMR143W,0,1.4504884,0.15976190567016602,0.6617357134819031,0.3533947467803955
YML071C,YDR109C,0,1.4504298,0.15972387790679932,0.6617357134819031,0.35349488258361816
YBR202W,YOR340C,0,1.4499192,0.1596858650445938,0.6617357134819031,0.3535950183868408
YJL030W,YAL040C,1,1.449509,0.15988579392433167,0.6627218723297119,0.3535950183868408
YBR115C,YER074W,0,1.4491037,0.15984776616096497,0.6627218723297119,0.35369518399238586
YOL026C,YKL206C,0,1.4487295,0.15980975329875946,0.6627218723297119,0.3537953197956085
YML052W,YJR063W,0,1.4479123,0.15977175533771515,0.6627218723297119,0.3538954555988312
YDL179W,YIL042C,0,1.4477161,0.15973377227783203,0.6627218723297119,0.35399559140205383
YPL119C,YBL052C,0,1.4475385,0.1596958190202713,0.6627218723297119,0.3540957272052765
YGL186C,YDL140C,0,1.4469374,0.15965788066387177,0.6627218723297119,0.35419586300849915
YPR198W,YGR070W,0,1.4467757,0.15961995720863342,0.6627218723297119,0.3542960286140442
YFR029W,YBR274W,0,1.4465634,0.15958204865455627,0.6627218723297119,0.35439616441726685
YOL124C,YOL111C,0,1.4464543,0.15954415500164032,0.6627218723297119,0.3544963002204895
YGR180C,YBR287W,0,1.4463003,0.15950629115104675,0.6627218723297119,0.35459643602371216
YLR353W,YKL003C,0,1.4462432,0.15946844220161438,0.6627218723297119,0.3546965718269348
YKL093W,YNR003C,0,1.4460999,0.1594306081533432,0.6627218723297119,0.35479670763015747
YBR081C,YPR083W,0,1.4458663,0.15939278900623322,0.6627218723297119,0.3548968434333801
YHR029C,YOR382W,0,1.4455351,0.15935498476028442,0.6627218723297119,0.35499700903892517
YLR197W,YGR229C,0,1.4452174,0.15931721031665802,0.6627218723297119,0.3550971448421478
YHR058C,YNR035C,0,1.4451698,0.1592794507741928,0.6627218723297119,0.3551972806453705
YGL083W,YOR099W,0,1.4449176,0.1592417061328888,0.6627218723297119,0.35529741644859314
YDR351W,YGR268C,0,1.4447075,0.15920397639274597,0.6627218723297119,0.3553975522518158
YNL314W,YOR304C-A,0,1.4443516,0.15916627645492554,0.6627218723297119,0.35549768805503845
YLR020C,YDL022W,0,1.444133,0.1591285765171051,0.6627218723297119,0.3555978238582611
YHR179W,YML097C,0,1.4440792,0.15909090638160706,0.6627218723297119,0.35569798946380615
YIR005W,YML109W,0,1.4439237,0.1590532511472702,0.6627218723297119,0.3557981252670288
YDR498C,YDL128W,0,1.4438072,0.15901561081409454,0.6627218723297119,0.35589826107025146
YNL163C,YOR261C,0,1.4437332,0.15897800028324127,0.6627218723297119,0.3559983968734741
YIL020C,YPL027W,0,1.4437324,0.1589404046535492,0.6627218723297119,0.3560985326766968
YBR059C,YMR025W,0,1.4437321,0.15890280902385712,0.6627218723297119,0.35619866847991943
YDR303C,YGL240W,1,1.4436749,0.15910165011882782,0.6637080907821655,0.35619866847991943
YOL129W,YNL267W,0,1.443474,0.15906405448913574,0.6637080907821655,0.3562988042831421
YGR077C,YBR095C,0,1.4434675,0.15902645885944366,0.6637080907821655,0.35639896988868713
YBR202W,YMR115W,0,1.4434375,0.15898889303207397,0.6637080907821655,0.3564991056919098
YOL141W,YKR069W,0,1.4434211,0.15895134210586548,0.6637080907821655,0.35659924149513245
YDL206W,YGR271W,0,1.4433515,0.15891380608081818,0.6637080907821655,0.3566993772983551
YLL029W,YPL196W,0,1.4431528,0.15887629985809326,0.6637080907821655,0.35679951310157776
YOL082W,YGR258C,0,1.442891,0.15883879363536835,0.6637080907821655,0.3568996489048004
YOR287C,YJL085W,0,1.4426394,0.15880131721496582,0.6637080907821655,0.35699981451034546
YJR021C,YDL059C,0,1.4425884,0.1587638556957245,0.6637080907821655,0.3570999503135681
YPR189W,YMR193W,0,1.4425579,0.15872640907764435,0.6637080907821655,0.35720008611679077
YIR025W,YPR171W,0,1.4424796,0.1586889922618866,0.6637080907821655,0.3573002219200134
YNL273W,YJL079C,0,1.4424506,0.15865157544612885,0.6637080907821655,0.3574003577232361
YNL131W,YNL032W,0,1.4422452,0.15861418843269348,0.6637080907821655,0.35750049352645874
YMR193W,YBR243C,0,1.4421626,0.1585768163204193,0.6637080907821655,0.3576006293296814
YKR028W,YMR034C,0,1.4421281,0.15853945910930634,0.6637080907821655,0.35770079493522644
YIR025W,YIL042C,0,1.4420799,0.15850211679935455,0.6637080907821655,0.3578009307384491
YJR032W,YOR349W,0,1.4397287,0.15846480429172516,0.6637080907821655,0.35790106654167175
YGR216C,YDR218C,0,1.439678,0.15842749178409576,0.6637080907821655,0.3580012023448944
YNL032W,YOR204W,0,1.43948,0.15839020907878876,0.6637080907821655,0.35810133814811707
YGL209W,YKR068C,0,1.4389566,0.15835294127464294,0.6637080907821655,0.3582014739513397
YEL031W,YLR330W,0,1.4386973,0.15831568837165833,0.6637080907821655,0.3583016097545624
YER173W,YML027W,1,1.4385839,0.1585136353969574,0.6646943092346191,0.3583016097545624
YML049C,YJL079C,0,1.4383996,0.15847636759281158,0.6646943092346191,0.3584017753601074
YLR395C,YDR229W,0,1.4380695,0.15843911468982697,0.6646943092346191,0.3585019111633301
YHR085W,YDR497C,0,1.4379904,0.15840187668800354,0.6646943092346191,0.35860204696655273
YOR388C,YKL096W-A,0,1.4379858,0.1583646684885025,0.6646943092346191,0.3587021827697754
YJR147W,YER019C-A,0,1.4377967,0.15832746028900146,0.6646943092346191,0.35880231857299805
YIL134W,YDR369C,0,1.4375784,0.15829028189182281,0.6646943092346191,0.3589024543762207
YDL024C,YDL227C,0,1.4374882,0.15825311839580536,0.6646943092346191,0.35900259017944336
YGR180C,YPR162C,0,1.4369279,0.1582159698009491,0.6646943092346191,0.3591027557849884
YKL041W,YKR006C,0,1.436198,0.15817883610725403,0.6646943092346191,0.35920289158821106
YNL231C,YOR098C,0,1.4360863,0.15814171731472015,0.6646943092346191,0.3593030273914337
YBR080C,YGR105W,0,1.4355766,0.15810462832450867,0.6646943092346191,0.35940316319465637
YDR451C,YDL008W,1,1.4355761,0.15830206871032715,0.665680468082428,0.35940316319465637
YER049W,YBR276C,0,1.4350282,0.15826494991779327,0.665680468082428,0.35950329899787903
YMR145C,YGL071W,0,1.434898,0.1582278460264206,0.665680468082428,0.3596034348011017
YDR353W,YJL082W,0,1.4348544,0.1581907719373703,0.665680468082428,0.35970357060432434
YDR090C,YDR240C,0,1.4347519,0.15815369784832,0.665680468082428,0.3598037362098694
YOL052C,YMR180C,0,1.4346951,0.1581166535615921,0.665680468082428,0.35990387201309204
YFR018C,YIL079C,0,1.434509,0.1580796241760254,0.665680468082428,0.3600040078163147
YAL016W,YJR090C,1,1.4342353,0.1582767516374588,0.6666666865348816,0.3600040078163147
YDR518W,YMR054W,0,1.4341286,0.1582397073507309,0.6666666865348816,0.36010414361953735
YLR203C,YBR128C,0,1.434031,0.158202663064003,0.6666666865348816,0.36020427942276
YMR019W,YLR348C,0,1.4335109,0.15816564857959747,0.6666666865348816,0.36030441522598267
YGL173C,YER133W,1,1.4323478,0.15836256742477417,0.6676528453826904,0.36030441522598267
YGL225W,YBL085W,0,1.4323087,0.15832553803920746,0.6676528453826904,0.3604045808315277
YBR150C,YEL053C,0,1.4321507,0.15828852355480194,0.6676528453826904,0.36050471663475037
YOR119C,YNL172W,1,1.43201,0.1584852784872055,0.668639063835144,0.36050471663475037
YBR081C,YLL055W,0,1.4319952,0.1584482342004776,0.668639063835144,0.360604852437973
YNL273W,YFL057C,0,1.4319929,0.15841121971607208,0.668639063835144,0.3607049882411957
YDR229W,YDL047W,0,1.4313656,0.15837420523166656,0.668639063835144,0.36080512404441833
YOR216C,YMR075W,0,1.4311746,0.15833722054958344,0.668639063835144,0.360905259847641
YDR083W,YNL258C,0,1.4311467,0.1583002507686615,0.668639063835144,0.36100539565086365
YJL194W,YNL236W,0,1.4310971,0.15826331079006195,0.668639063835144,0.3611055612564087
YGL162W,YDR369C,0,1.430936,0.1582263708114624,0.668639063835144,0.36120569705963135
YMR269W,YKR102W,0,1.4308426,0.15818946063518524,0.668639063835144,0.361305832862854
YOL038W,YLR028C,0,1.4307641,0.15815255045890808,0.668639063835144,0.36140596866607666
YKR102W,YER104W,0,1.4302732,0.1581156700849533,0.668639063835144,0.3615061044692993
YNL172W,YOR349W,0,1.4301821,0.15807880461215973,0.668639063835144,0.361606240272522
YMR020W,YPL083C,0,1.4301425,0.15804195404052734,0.668639063835144,0.36170637607574463
YPL083C,YJR130C,0,1.4300305,0.15800513327121735,0.668639063835144,0.3618065416812897
YNR017W,YOR085W,0,1.4295994,0.15796831250190735,0.668639063835144,0.36190667748451233
YOL145C,YDL074C,0,1.4293103,0.15793152153491974,0.668639063835144,0.362006813287735
YOR294W,YMR034C,0,1.4289864,0.15789473056793213,0.668639063835144,0.36210694909095764
YPL139C,YJR068W,1,1.4288915,0.15809080004692078,0.6696252226829529,0.36210694909095764
YDR473C,YKL085W,0,1.4285609,0.15805400907993317,0.6696252226829529,0.3622070848941803
YJR119C,YBR042C,0,1.4285443,0.15801721811294556,0.6696252226829529,0.36230722069740295
YOR159C,YFL057C,0,1.4279982,0.15798045694828033,0.6696252226829529,0.3624073565006256
YBR120C,YDL128W,0,1.4276377,0.1579437106847763,0.6696252226829529,0.36250752210617065
YFR021W,YLL004W,0,1.4275248,0.15790697932243347,0.6696252226829529,0.3626076579093933
YCL074W,YGR271W,0,1.4263873,0.15787026286125183,0.6696252226829529,0.36270779371261597
YCL024W,YLR026C,0,1.4263855,0.15783356130123138,0.6696252226829529,0.3628079295158386
YOR304C-A,YOR123C,0,1.4263102,0.15779688954353333,0.6696252226829529,0.3629080653190613
YPL127C,YEL070W,0,1.42598,0.15776021778583527,0.6696252226829529,0.36300820112228394
YLR353W,YCR026C,0,1.4255794,0.1577235758304596,0.6696252226829529,0.3631083369255066
YJL192C,YOR338W,0,1.4251248,0.15768694877624512,0.6696252226829529,0.36320850253105164
YFL033C,YOR194C,0,1.4251165,0.15765033662319183,0.6696252226829529,0.3633086383342743
YDL015C,YJR034W,0,1.425063,0.15761373937129974,0.6696252226829529,0.36340877413749695
YHR039C-A,YLL043W,0,1.424579,0.15757715702056885,0.6696252226829529,0.3635089099407196
YOL086C,YML049C,0,1.4243144,0.15754060447216034,0.6696252226829529,0.36360904574394226
YMR019W,YMR227C,0,1.4242893,0.15750406682491302,0.6696252226829529,0.3637091815471649
YGL169W,YDL097C,0,1.4241449,0.1574675291776657,0.6696252226829529,0.36380934715270996
YKL182W,YOR209C,0,1.4241159,0.15743102133274078,0.6696252226829529,0.3639094829559326
YNL127W,YNL164C,1,1.4240631,0.15762633085250854,0.6706114411354065,0.3639094829559326
YDL055C,YBR042C,0,1.4240508,0.15758980810642242,0.6706114411354065,0.3640096187591553
YLR383W,YAL016W,0,1.4235917,0.1575532853603363,0.6706114411354065,0.36410975456237793
YLR312W-A,YDR423C,0,1.4235812,0.15751679241657257,0.6706114411354065,0.3642098903656006
YPL240C,YJL134W,0,1.4234558,0.15748031437397003,0.6706114411354065,0.36431002616882324
YBR031W,YNL298W,0,1.4234151,0.1574438512325287,0.6706114411354065,0.3644101619720459
YIL002C,YKR057W,0,1.4225506,0.15740740299224854,0.6706114411354065,0.36451032757759094
YGL200C,YMR295C,0,1.4225299,0.15737098455429077,0.6706114411354065,0.3646104633808136
YLR130C,YCL032W,0,1.4222074,0.157334566116333,0.6706114411354065,0.36471059918403625
YPR083W,YOL104C,0,1.4217645,0.15729817748069763,0.6706114411354065,0.3648107349872589
YFL010W-A,YIR005W,0,1.4217012,0.15726178884506226,0.6706114411354065,0.36491087079048157
YER046W,YCL034W,0,1.421301,0.15722543001174927,0.6706114411354065,0.3650110065937042
YHR061C,YDL140C,0,1.4211334,0.15718908607959747,0.6706114411354065,0.3651111423969269
YKL007W,YER162C,0,1.4211212,0.15715275704860687,0.6706114411354065,0.3652113080024719
YDL246C,YBR042C,0,1.4210819,0.15711645781993866,0.6706114411354065,0.3653114438056946
YKL130C,YLL012W,0,1.4207072,0.15708015859127045,0.6706114411354065,0.36541157960891724
YGR072W,YNL284C,0,1.4202548,0.15704387426376343,0.6706114411354065,0.3655117154121399
YMR203W,YIL006W,0,1.4200402,0.1570076197385788,0.6706114411354065,0.36561185121536255
YGR085C,YFR036W,0,1.4198837,0.15697138011455536,0.6706114411354065,0.3657119870185852
YJL200C,YOL090W,0,1.4198834,0.15693515539169312,0.6706114411354065,0.36581212282180786
YPL151C,YBR243C,0,1.4196821,0.15689894556999207,0.6706114411354065,0.3659122884273529
YDL084W,YIR005W,0,1.419609,0.1568627506494522,0.6706114411354065,0.36601242423057556
YAL047C,YKR029C,1,1.4195101,0.15705719590187073,0.6715976595878601,0.36601242423057556
YLR452C,YLR141W,0,1.4194782,0.15702098608016968,0.6715976595878601,0.3661125600337982
YNL138W,YLL055W,0,1.4194725,0.15698479115962982,0.6715976595878601,0.3662126958370209
YLR314C,YPL188W,0,1.4194335,0.15694861114025116,0.6715976595878601,0.36631283164024353
YML039W,YBR074W,0,1.4193959,0.1569124460220337,0.6715976595878601,0.3664129674434662
YGL225W,YDL022W,0,1.4193603,0.15687629580497742,0.6715976595878601,0.36651313304901123
YLR005W,YER115C,0,1.4191252,0.15684016048908234,0.6715976595878601,0.3666132688522339
YHR074W,YIL139C,0,1.4190782,0.15680405497550964,0.6715976595878601,0.36671340465545654
YHR030C,YDL198C,0,1.4190573,0.15676794946193695,0.6715976595878601,0.3668135404586792
YHR056C,YGL019W,0,1.4190501,0.15673187375068665,0.6715976595878601,0.36691367626190186
YER017C,YER115C,0,1.4189109,0.15669581294059753,0.6715976595878601,0.3670138120651245
YGL172W,YBL041W,0,1.4189076,0.15665976703166962,0.6715976595878601,0.36711394786834717
YLR151C,YDR508C,0,1.4182893,0.1566237360239029,0.6715976595878601,0.3672141134738922
YGR118W,YLR330W,0,1.4182345,0.15658771991729736,0.6715976595878601,0.36731424927711487
YBR223C,YDR389W,0,1.4181645,0.15655171871185303,0.6715976595878601,0.3674143850803375
YKL022C,YCR093W,1,1.4178855,0.15674558281898499,0.672583818435669,0.3674143850803375
YJL225C,YBR141C,0,1.416902,0.15670955181121826,0.672583818435669,0.3675145208835602
YBL011W,YDR173C,0,1.4165839,0.15667356550693512,0.672583818435669,0.36761465668678284
YJL114W,YCR012W,0,1.416273,0.15663757920265198,0.672583818435669,0.3677147924900055
YBR177C,YOR338W,0,1.4160237,0.15660160779953003,0.672583818435669,0.36781492829322815
YDR476C,YCR002C,0,1.415958,0.15656565129756927,0.672583818435669,0.3679150938987732
YDL022W,YMR143W,0,1.4156458,0.1565297245979309,0.672583818435669,0.36801522970199585
YDR411C,YOR349W,0,1.4154477,0.15649379789829254,0.672583818435669,0.3681153655052185
YLL003W,YER125W,0,1.4152781,0.15645790100097656,0.672583818435669,0.36821550130844116
YDR263C,YDR453C,0,1.4152685,0.15642201900482178,0.672583818435669,0.3683156371116638
YOR038C,YOL151W,0,1.4150091,0.15638615190982819,0.672583818435669,0.3684157729148865
YJL124C,YOR123C,0,1.4149331,0.1563502997159958,0.672583818435669,0.36851590871810913
YOL010W,YDR218C,0,1.4147409,0.15631446242332458,0.672583818435669,0.3686160743236542
YMR008C,YGL226C-A,0,1.4145237,0.15627864003181458,0.672583818435669,0.36871621012687683
YGR056W,YGL180W,0,1.4143361,0.15624284744262695,0.672583818435669,0.3688163459300995
YNR004W,YPR119W,0,1.4141707,0.15620705485343933,0.672583818435669,0.36891648173332214
YBR059C,YOR089C,0,1.4138541,0.1561712920665741,0.672583818435669,0.3690166175365448
YHR164C,YER154W,0,1.4136611,0.15613552927970886,0.672583818435669,0.36911675333976746
YMR115W,YGL004C,0,1.413307,0.15609979629516602,0.672583818435669,0.3692168891429901
YPL002C,YBL091C-A,0,1.4132435,0.15606407821178436,0.672583818435669,0.36931705474853516
YKL078W,YGL050W,0,1.4130563,0.1560283750295639,0.672583818435669,0.3694171905517578
YAL022C,YGL256W,0,1.4128138,0.15599268674850464,0.672583818435669,0.36951732635498047
YBR066C,YHR082C,0,1.4126886,0.15595701336860657,0.672583818435669,0.3696174621582031
YDR026C,YHR059W,0,1.4125041,0.1559213548898697,0.672583818435669,0.3697175979614258
YGR113W,YJL149W,0,1.4124683,0.155885711312294,0.672583818435669,0.36981773376464844
YLR210W,YDL165W,1,1.4122111,0.15607860684394836,0.6735700368881226,0.36981773376464844
YKR071C,YOR085W,0,1.4121206,0.1560429483652115,0.6735700368881226,0.3699178993701935
YJL187C,YOR298W,0,1.4120624,0.1560073047876358,0.6735700368881226,0.37001803517341614
YBR125C,YPL180W,0,1.4118706,0.1559716761112213,0.6735700368881226,0.3701181709766388
YER013W,YBR128C,0,1.4115468,0.1559360772371292,0.6735700368881226,0.37021830677986145
YER151C,YOR098C,0,1.4109133,0.1559004783630371,0.6735700368881226,0.3703184425830841
YNL073W,YOR304C-A,0,1.4108406,0.1558649092912674,0.6735700368881226,0.37041857838630676
YDR518W,YDR373W,0,1.4106008,0.15582934021949768,0.6735700368881226,0.3705187141895294
YGL170C,YLR401C,0,1.4104913,0.15579380095005035,0.6735700368881226,0.37061887979507446
YGR056W,YBR243C,0,1.4103497,0.15575826168060303,0.6735700368881226,0.3707190155982971
YNL236W,YJR036C,0,1.4102782,0.1557227522134781,0.6735700368881226,0.3708191514015198
YKL126W,YDL035C,0,1.4100162,0.15568725764751434,0.6735700368881226,0.37091928720474243
YHR004C,YML036W,0,1.4098527,0.1556517779827118,0.6735700368881226,0.3710194230079651
YDR170C,YEL041W,0,1.4098214,0.15561631321907043,0.6735700368881226,0.37111955881118774
YPR167C,YLR394W,0,1.4098045,0.15558086335659027,0.6735700368881226,0.3712196946144104
YLR244C,YER019C-A,0,1.4087775,0.1555454283952713,0.6735700368881226,0.37131986021995544
YMR020W,YOR020C,0,1.408403,0.15551002323627472,0.6735700368881226,0.3714199960231781
YKL130C,YAL040C,0,1.4081103,0.15547461807727814,0.6735700368881226,0.37152013182640076
YNL192W,YOR226C,0,1.4080812,0.15543924272060394,0.6735700368881226,0.3716202676296234
YGR251W,YLR050C,0,1.4073881,0.15540386736392975,0.6735700368881226,0.37172040343284607
YDR512C,YGL200C,0,1.4066082,0.15536852180957794,0.6735700368881226,0.3718205392360687
YDR517W,YGR229C,1,1.4061357,0.15556061267852783,0.6745561957359314,0.3718205392360687
YOR243C,YJR083C,0,1.4044183,0.15552523732185364,0.6745561957359314,0.3719206750392914
YPL129W,YOL104C,0,1.404253,0.15548987686634064,0.6745561957359314,0.3720208406448364
YMR117C,YGR167W,0,1.4041896,0.15545454621315002,0.6745561957359314,0.3721209764480591
YJL124C,YDR404C,0,1.4040694,0.1554192155599594,0.6745561957359314,0.37222111225128174
YML032C,YER130C,0,1.404021,0.1553839147090912,0.6745561957359314,0.3723212480545044
YDL179W,YGL194C,1,1.4038588,0.1555757373571396,0.675542414188385,0.3723212480545044
YHR209W,YPR083W,0,1.4033202,0.15554042160511017,0.675542414188385,0.37242138385772705
YHR211W,YJR112W,0,1.4032247,0.15550510585308075,0.675542414188385,0.3725215196609497
YDR034C,YHR132C,0,1.4029598,0.15546981990337372,0.675542414188385,0.37262165546417236
YHL012W,YEL043W,0,1.4026636,0.1554345339536667,0.675542414188385,0.3727218210697174
YBR170C,YKL206C,0,1.4026161,0.15539927780628204,0.675542414188385,0.37282195687294006
YDL202W,YGL051W,0,1.4023939,0.1553640216588974,0.675542414188385,0.3729220926761627
YAR035W,YOR349W,0,1.4023191,0.15532879531383514,0.675542414188385,0.3730222284793854
YLR208W,YGR034W,0,1.4018998,0.15529358386993408,0.675542414188385,0.37312236428260803
YDR079W,YHR056C,0,1.4011147,0.1552583873271942,0.675542414188385,0.3732225000858307
YMR020W,YLL043W,0,1.4006861,0.15522320568561554,0.675542414188385,0.37332266569137573
YMR276W,YOL112W,0,1.4004643,0.15518803894519806,0.675542414188385,0.3734228014945984
YJL034W,YIL095W,0,1.4001898,0.15515288710594177,0.675542414188385,0.37352293729782104
YJR107W,YPL050C,0,1.4000653,0.15511775016784668,0.675542414188385,0.3736230731010437
YNL131W,YGL241W,0,1.4000002,0.15508262813091278,0.675542414188385,0.37372320890426636
YDR138W,YER104W,0,1.3998414,0.15504753589630127,0.675542414188385,0.373823344707489
YMR123W,YIL035C,0,1.3998088,0.15501244366168976,0.675542414188385,0.37392348051071167
YOR378W,YGR070W,0,1.399706,0.15497738122940063,0.675542414188385,0.3740236461162567
YGR070W,YGL051W,0,1.3996662,0.1549423187971115,0.675542414188385,0.37412378191947937
YNL290W,YLR213C,0,1.3995682,0.15490728616714478,0.675542414188385,0.374223917722702
YDR454C,YPR198W,0,1.399331,0.15487225353717804,0.675542414188385,0.3743240535259247
YPL083C,YLR073C,0,1.399182,0.1548372507095337,0.675542414188385,0.37442418932914734
YNL261W,YKR103W,0,1.3990555,0.15480226278305054,0.675542414188385,0.37452432513237
YMR013C,YNR060W,0,1.3988281,0.15476728975772858,0.675542414188385,0.37462446093559265
YHL007C,YDR309C,1,1.3987111,0.15495821833610535,0.6765285730361938,0.37462446093559265
YEL036C,YLR321C,0,1.3986579,0.154923215508461,0.6765285730361938,0.3747246265411377
YHR014W,YOR233W,1,1.398349,0.15511402487754822,0.6775147914886475,0.3747246265411377
YJL194W,YJL082W,0,1.3979075,0.15507900714874268,0.6775147914886475,0.37482476234436035
YNL052W,YDR222W,0,1.3979048,0.15504400432109833,0.6775147914886475,0.374924898147583
YDR217C,YMR199W,1,1.3970298,0.15523464977741241,0.6785010099411011,0.374924898147583
YOR119C,YLR310C,1,1.3964244,0.15542522072792053,0.6794871687889099,0.374924898147583
YHR074W,YHR168W,0,1.3960586,0.1553901731967926,0.6794871687889099,0.37502503395080566
YDL040C,YGL051W,0,1.3956546,0.15535512566566467,0.6794871687889099,0.3751251697540283
YJR090C,YML027W,1,1.3953115,0.15554553270339966,0.6804733872413635,0.3751251697540283
YBL112C,YDR081C,0,1.3951756,0.15551048517227173,0.6804733872413635,0.375225305557251
YLR025W,YGL169W,0,1.3950359,0.1554754376411438,0.6804733872413635,0.37532544136047363
YJL166W,YNL079C,0,1.3948466,0.15544041991233826,0.6804733872413635,0.3754256069660187
YIR011C,YDR195W,0,1.3947667,0.15540540218353271,0.6804733872413635,0.37552574276924133
YJR051W,YNL163C,0,1.3947586,0.15537041425704956,0.6804733872413635,0.375625878572464
YJL024C,YKL022C,0,1.3947026,0.1553354412317276,0.6804733872413635,0.37572601437568665
YEL062W,YPL188W,0,1.3945974,0.15530046820640564,0.6804733872413635,0.3758261501789093
YPL223C,YMR032W,0,1.3945717,0.15526552498340607,0.6804733872413635,0.37592628598213196
YOL165C,YMR112C,0,1.394532,0.1552305966615677,0.6804733872413635,0.376026451587677
YPL119C,YKL182W,0,1.3945104,0.1551956832408905,0.6804733872413635,0.37612658739089966
YGR268C,YHR119W,0,1.3943113,0.1551607847213745,0.6804733872413635,0.3762267231941223
YLR395C,YIR032C,0,1.3942809,0.15512590110301971,0.6804733872413635,0.37632685899734497
YOR349W,YGL060W,0,1.3938712,0.1550910323858261,0.6804733872413635,0.3764269948005676
YBL051C,YFR008W,1,1.3937243,0.15528090298175812,0.6814595460891724,0.3764269948005676
YDR383C,YIR018W,0,1.3937124,0.15524601936340332,0.6814595460891724,0.3765271306037903
YGR251W,YGR034W,0,1.3935008,0.15521113574504852,0.6814595460891724,0.37662726640701294
YCL043C,YIL159W,0,1.3932108,0.1551762819290161,0.6814595460891724,0.376727432012558
YOR168W,YJL176C,0,1.3931273,0.1551414430141449,0.6814595460891724,0.37682756781578064
YIL134W,YDL074C,0,1.3929704,0.15510661900043488,0.6814595460891724,0.3769277036190033
YOR317W,YBR095C,0,1.3929564,0.15507180988788605,0.6814595460891724,0.37702783942222595
YDR310C,YNL070W,0,1.3927411,0.1550370156764984,0.6814595460891724,0.3771279752254486
YMR168C,YIL002C,0,1.3926913,0.15500223636627197,0.6814595460891724,0.37722811102867126
YDR144C,YOL107W,0,1.3925236,0.15496748685836792,0.6814595460891724,0.3773282468318939
YDL074C,YPR152C,0,1.392469,0.15493273735046387,0.6814595460891724,0.37742841243743896
YBR195C,YDR064W,0,1.3921313,0.154898002743721,0.6814595460891724,0.3775285482406616
YHR030C,YOL028C,0,1.3921242,0.15486328303813934,0.6814595460891724,0.3776286840438843
YNL273W,YMR093W,0,1.3919529,0.15482859313488007,0.6814595460891724,0.37772881984710693
YMR169C,YMR273C,0,1.3912526,0.1547939032316208,0.6814595460891724,0.3778289556503296
YEL031W,YMR273C,0,1.390871,0.1547592431306839,0.6814595460891724,0.37792909145355225
YNR074C,YOL082W,0,1.3908519,0.154724583029747,0.6814595460891724,0.3780292272567749
YPL099C,YMR180C,0,1.3907739,0.1546899527311325,0.6814595460891724,0.37812939286231995
YMR087W,YLR359W,0,1.3903846,0.154655322432518,0.6814595460891724,0.3782295286655426
YOR215C,YOR008C,0,1.3901613,0.1546207219362259,0.6814595460891724,0.37832966446876526
YOR292C,YBR173C,0,1.3895303,0.15458613634109497,0.6814595460891724,0.3784298002719879
YBR260C,YDL225W,0,1.3893216,0.15455155074596405,0.6814595460891724,0.37852993607521057
YJL141C,YKL186C,0,1.389151,0.15451699495315552,0.6814595460891724,0.3786300718784332
YAL024C,YPL256C,1,1.3889023,0.15470601618289948,0.682445764541626,0.3786300718784332
YKL093W,YDL015C,0,1.3886379,0.15467143058776855,0.682445764541626,0.3787302076816559
YJL213W,YDL225W,0,1.3884209,0.15463687479496002,0.682445764541626,0.3788303732872009
YKL013C,YDL070W,0,1.3884081,0.1546023190021515,0.682445764541626,0.3789305090904236
YDL188C,YNL298W,1,1.3884076,0.15479116141796112,0.6834319233894348,0.3789305090904236
YOR349W,YIR032C,0,1.3879544,0.1547565907239914,0.6834319233894348,0.37903064489364624
YOR176W,YGR072W,0,1.3879179,0.15472203493118286,0.6834319233894348,0.3791307806968689
YDL111C,YLR278C,0,1.3876687,0.15468749403953552,0.6834319233894348,0.37923091650009155
YIL006W,YML039W,0,1.3876607,0.15465298295021057,0.6834319233894348,0.3793310523033142
YHL034C,YMR159C,0,1.3876249,0.15461847186088562,0.6834319233894348,0.37943121790885925
YLL034C,YNL052W,0,1.3872693,0.15458399057388306,0.6834319233894348,0.3795313537120819
YMR061W,YDL128W,0,1.3871893,0.1545495092868805,0.6834319233894348,0.37963148951530457
YOL129W,YDL148C,0,1.3869213,0.15451504290103912,0.6834319233894348,0.3797316253185272
YGL162W,YGL259W,0,1.3864508,0.15448060631752014,0.6834319233894348,0.3798317611217499
YBR260C,YNL284C,0,1.3861111,0.15444618463516235,0.6834319233894348,0.37993189692497253
YJR055W,YLR278C,0,1.3859231,0.15441176295280457,0.6834319233894348,0.3800320327281952
YOR299W,YJR133W,0,1.3856418,0.15437737107276917,0.6834319233894348,0.38013219833374023
YOL145C,YMR270C,0,1.3855512,0.15434297919273376,0.6834319233894348,0.3802323341369629
YLR206W,YLR321C,0,1.385338,0.15430861711502075,0.6834319233894348,0.38033246994018555
YOR119C,YER177W,1,1.385293,0.15449687838554382,0.6844181418418884,0.38033246994018555
YEL037C,YLR291C,0,1.3850121,0.15446250140666962,0.6844181418418884,0.3804326057434082
YNL032W,YFL048C,0,1.3849812,0.1544281244277954,0.6844181418418884,0.38053274154663086
YMR168C,YNL261W,0,1.3848331,0.1543937772512436,0.6844181418418884,0.3806328773498535
YBL005W-B,YKR068C,0,1.3847073,0.15435943007469177,0.6844181418418884,0.38073301315307617
YGL158W,YKL170W,0,1.384281,0.15432511270046234,0.6844181418418884,0.3808331787586212
YHR014W,YDR200C,1,1.3842527,0.15451312065124512,0.685404360294342,0.3808331787586212
YGL083W,YBR196C,0,1.3842283,0.1544787734746933,0.685404360294342,0.38093331456184387
YPL218W,YPR152C,0,1.3840001,0.15444444119930267,0.685404360294342,0.38103345036506653
YBR066C,YKL190W,0,1.3839918,0.15441012382507324,0.685404360294342,0.3811335861682892
YML112W,YKR044W,0,1.3837758,0.1543758362531662,0.685404360294342,0.38123372197151184
YPL200W,YDR415C,0,1.3836614,0.15434154868125916,0.685404360294342,0.3813338577747345
YLL061W,YER130C,0,1.3833765,0.1543072760105133,0.685404360294342,0.38143399357795715
YOL057W,YGR144W,0,1.3830703,0.15427303314208984,0.685404360294342,0.3815341591835022
YGR288W,YJL095W,0,1.3828672,0.15423879027366638,0.685404360294342,0.38163429498672485
YGL190C,YAL024C,1,1.382423,0.1544264405965805,0.6863905191421509,0.38163429498672485
YGR177C,YGR199W,0,1.3823398,0.15439219772815704,0.6863905191421509,0.3817344307899475
YBR223C,YPL200W,0,1.382258,0.15435795485973358,0.6863905191421509,0.38183456659317017
YLR208W,YDL070W,0,1.3822511,0.1543237268924713,0.6863905191421509,0.3819347023963928
YOR026W,YGL086W,1,1.3822004,0.1545111984014511,0.6873767375946045,0.3819347023963928
YPL113C,YER090W,0,1.3821539,0.15447695553302765,0.6873767375946045,0.3820348381996155
YFL048C,YPL011C,0,1.381875,0.15444272756576538,0.6873767375946045,0.3821350038051605
YLR228C,YLR206W,0,1.3817939,0.1544084995985031,0.6873767375946045,0.3822351396083832
YPR011C,YAR002C-A,0,1.381446,0.15437430143356323,0.6873767375946045,0.38233527541160583
YOR304W,YNL073W,0,1.3807782,0.15434011816978455,0.6873767375946045,0.3824354112148285
YLR005W,YDR222W,0,1.380651,0.15430594980716705,0.6873767375946045,0.38253554701805115
YNL008C,YMR240C,0,1.3804413,0.15427179634571075,0.6873767375946045,0.3826356828212738
YLR288C,YGL158W,1,1.3801876,0.15445895493030548,0.6883628964424133,0.3826356828212738
YMR089C,YDL028C,0,1.3799642,0.1544247716665268,0.6883628964424133,0.38273581862449646
YBR275C,YNL335W,0,1.3799262,0.1543906182050705,0.6883628964424133,0.3828359842300415
YER177W,YDL008W,1,1.3797069,0.15457762777805328,0.6893491148948669,0.3828359842300415
YLL002W,YOR145C,0,1.3792771,0.1545434445142746,0.6893491148948669,0.38293612003326416
YCR030C,YPL050C,0,1.3789726,0.1545092910528183,0.6893491148948669,0.3830362558364868
YPR072W,YDR530C,0,1.3784798,0.154475137591362,0.6893491148948669,0.3831363916397095
YAL016W,YNL027W,0,1.3781029,0.1544410139322281,0.6893491148948669,0.38323652744293213
YJL134W,YFL033C,0,1.3779585,0.15440689027309418,0.6893491148948669,0.3833366632461548
YOL158C,YLR321C,0,1.3779181,0.15437279641628265,0.6893491148948669,0.38343679904937744
YIL106W,YKR029C,1,1.3777837,0.15455950796604156,0.6903353333473206,0.38343679904937744
YMR112C,YMR213W,0,1.3772869,0.15452538430690765,0.6903353333473206,0.3835369646549225
YDR030C,YJR127C,0,1.3772606,0.15449127554893494,0.6903353333473206,0.38363710045814514
YIL106W,YDR168W,1,1.3761784,0.1546778529882431,0.6913214921951294,0.38363710045814514
YLR219W,YDR260C,0,1.375436,0.1546437293291092,0.6913214921951294,0.3837372362613678
YMR270C,YDR444W,0,1.3752352,0.15460962057113647,0.6913214921951294,0.38383737206459045
YOR074C,YIR038C,0,1.3752142,0.15457552671432495,0.6913214921951294,0.3839375078678131
YJR006W,YLR145W,0,1.3748833,0.15454144775867462,0.6913214921951294,0.38403764367103577
YPR011C,YGL190C,0,1.374626,0.15450738370418549,0.6913214921951294,0.3841377794742584
YJL030W,YPL200W,1,1.3745412,0.15469369292259216,0.692307710647583,0.3841377794742584
YLR163C,YLR268W,0,1.3743865,0.15465961396694183,0.692307710647583,0.38423794507980347
YGL162W,YNL006W,0,1.3743151,0.1546255499124527,0.692307710647583,0.3843380808830261
YOL165C,YLR163C,0,1.3738104,0.15459150075912476,0.692307710647583,0.3844382166862488
YPL180W,YIR018W,0,1.3731384,0.154557466506958,0.692307710647583,0.38453835248947144
YHR153C,YNL116W,1,1.3730291,0.15474356710910797,0.6932938694953918,0.38453835248947144
YDR454C,YDR415C,0,1.3728842,0.15470950305461884,0.6932938694953918,0.3846384882926941
YCR030C,YER022W,0,1.3727313,0.1546754688024521,0.6932938694953918,0.38473862409591675
YPL180W,YPL110C,0,1.3717917,0.15464144945144653,0.6932938694953918,0.3848387598991394
YFR029W,YKR056W,0,1.3714045,0.15460743010044098,0.6932938694953918,0.38493892550468445
YGL050W,YPR152C,0,1.3712077,0.1545734405517578,0.6932938694953918,0.3850390613079071
YDR285W,YKR056W,0,1.3710563,0.15453946590423584,0.6932938694953918,0.38513919711112976
YIL143C,YPL131W,0,1.3708359,0.15450549125671387,0.6932938694953918,0.3852393329143524
YMR241W,YJL005W,0,1.3707551,0.15447154641151428,0.6932938694953918,0.3853394687175751
YOR232W,YPL244C,0,1.3705994,0.1544376164674759,0.6932938694953918,0.38543960452079773
YHR214C-B,YOR279C,0,1.3705617,0.1544036865234375,0.6932938694953918,0.3855397701263428
YMR321C,YLR309C,0,1.3704792,0.1543697863817215,0.6932938694953918,0.38563990592956543
YDL055C,YJL171C,0,1.3704308,0.1543359011411667,0.6932938694953918,0.3857400417327881
YGL237C,YOL026C,0,1.3703544,0.15430201590061188,0.6932938694953918,0.38584017753601074
YDL021W,YJL081C,0,1.3695338,0.15426816046237946,0.6932938694953918,0.3859403133392334
YDR067C,YOR323C,0,1.3694392,0.15423431992530823,0.6932938694953918,0.38604044914245605
YJL192C,YMR136W,0,1.3694335,0.154200479388237,0.6932938694953918,0.3861405849456787
YOL102C,YNL178W,0,1.3693373,0.15416666865348816,0.6932938694953918,0.38624075055122375
YBR261C,YPR119W,0,1.3692864,0.1541328728199005,0.6932938694953918,0.3863408863544464
YJL130C,YOR251C,0,1.3691596,0.15409907698631287,0.6932938694953918,0.38644102215766907
YMR160W,YFR036W,0,1.369136,0.1540653109550476,0.6932938694953918,0.3865411579608917
YKL189W,YKL095W,0,1.3690358,0.15403154492378235,0.6932938694953918,0.3866412937641144
YER050C,YNL298W,0,1.3687012,0.15399780869483948,0.6932938694953918,0.38674142956733704
YNL026W,YPL104W,0,1.3681402,0.1539640873670578,0.6932938694953918,0.3868415653705597
YMR276W,YPL163C,0,1.3681203,0.15393036603927612,0.6932938694953918,0.38694173097610474
YDR072C,YOL111C,0,1.3680066,0.15389667451381683,0.6932938694953918,0.3870418667793274
YOL045W,YKL172W,0,1.3679495,0.15386298298835754,0.6932938694953918,0.38714200258255005
YPL129W,YBR061C,0,1.3678423,0.15382932126522064,0.6932938694953918,0.3872421383857727
YOL124C,YOR261C,0,1.3678384,0.15379567444324493,0.6932938694953918,0.38734227418899536
YLL002W,YDR304C,0,1.3678333,0.15376202762126923,0.6932938694953918,0.387442409992218
YLR289W,YEL031W,0,1.3673304,0.1537284106016159,0.6932938694953918,0.3875425457954407
YLR353W,YPL027W,0,1.3672885,0.15369479358196259,0.6932938694953918,0.3876427114009857
YGR144W,YOR204W,0,1.3666636,0.15366120636463165,0.6932938694953918,0.3877428472042084
YJR138W,YOR180C,0,1.3666569,0.15362761914730072,0.6932938694953918,0.38784298300743103
YDR457W,YGL148W,0,1.3666314,0.15359406173229218,0.6932938694953918,0.3879431188106537
YGL225W,YMR136W,0,1.3663542,0.15356050431728363,0.6932938694953918,0.38804325461387634
YBR115C,YJR040W,0,1.3661094,0.15352697670459747,0.6932938694953918,0.388143390417099
YOL045W,YMR304W,0,1.3652593,0.15349344909191132,0.6932938694953918,0.38824352622032166
YOR084W,YJL130C,0,1.3651724,0.15345993638038635,0.6932938694953918,0.3883436918258667
YPR011C,YGR020C,0,1.3650525,0.15342645347118378,0.6932938694953918,0.38844382762908936
YOR279C,YOL054W,0,1.3649181,0.1533929705619812,0.6932938694953918,0.388543963432312
YPR060C,YLR026C,0,1.3647821,0.153359517455101,0.6932938694953918,0.38864409923553467
YJL140W,YDR062W,0,1.3646888,0.15332606434822083,0.6932938694953918,0.3887442350387573
YLR395C,YBL034C,0,1.3640524,0.15329262614250183,0.6932938694953918,0.38884437084198
YDR062W,YGL051W,0,1.3637861,0.15325921773910522,0.6932938694953918,0.388944536447525
YIL134W,YMR304W,0,1.3637203,0.15322580933570862,0.6932938694953918,0.3890446722507477
YDL132W,YFR008W,1,1.3636829,0.15341033041477203,0.6942800879478455,0.3890446722507477
YHR153C,YER089C,1,1.3631898,0.15359477698802948,0.6952662467956543,0.3890446722507477
YLR203C,YOL043C,0,1.3631701,0.1535613089799881,0.6952662467956543,0.38914480805397034
YDL179W,YBL088C,1,1.3630602,0.1537456512451172,0.6962524652481079,0.38914480805397034
YBR125C,YNL163C,0,1.3621336,0.1537121683359146,0.6962524652481079,0.389244943857193
YOL112W,YOR243C,0,1.3620743,0.15367871522903442,0.6962524652481079,0.38934507966041565
YKL166C,YDR508C,0,1.3618292,0.15364526212215424,0.6962524652481079,0.3894452154636383
YNL231C,YIL021W,0,1.361647,0.15361183881759644,0.6962524652481079,0.38954535126686096
YOL070C,YBR223C,0,1.3614837,0.15357841551303864,0.6962524652481079,0.389645516872406
YER150W,YHR156C,0,1.3610052,0.15354502201080322,0.6962524652481079,0.38974565267562866
YBR182C,YJR083C,0,1.3608445,0.1535116285085678,0.6962524652481079,0.3898457884788513
YBR115C,YHR058C,0,1.3607211,0.15347826480865479,0.6962524652481079,0.389945924282074
YJR053W,YFR027W,1,1.3604833,0.15366224944591522,0.6972386837005615,0.389945924282074
YBL005W-B,YOL026C,0,1.3603233,0.1536288559436798,0.6972386837005615,0.39004606008529663
YFL033C,YGR185C,0,1.3602239,0.1535954773426056,0.6972386837005615,0.3901461958885193
YPL113C,YFR019W,0,1.360209,0.15356211364269257,0.6972386837005615,0.39024633169174194
YGR085C,YDL140C,0,1.3597037,0.15352877974510193,0.6972386837005615,0.390346497297287
YHR005C-A,YPR006C,0,1.3595876,0.1534954458475113,0.6972386837005615,0.39044663310050964
YDR144C,YOR126C,0,1.3594522,0.15346212685108185,0.6972386837005615,0.3905467689037323
YNL271C,YLR390W,0,1.3592875,0.1534288227558136,0.6972386837005615,0.39064690470695496
YLR329W,YOR251C,0,1.3592324,0.15339553356170654,0.6972386837005615,0.3907470405101776
YLR386W,YBR072W,0,1.3588158,0.15336225926876068,0.6972386837005615,0.39084717631340027
YBR118W,YMR115W,0,1.3585654,0.153328999876976,0.6972386837005615,0.3909473121166229
YGL086W,YOL113W,1,1.3585204,0.15351258218288422,0.6982248425483704,0.3909473121166229
YDR151C,YBL092W,0,1.3583888,0.15347929298877716,0.6982248425483704,0.39104747772216797
YMR123W,YOR230W,0,1.3583819,0.1534460335969925,0.6982248425483704,0.3911476135253906
YBR129C,YLR224W,0,1.3583145,0.15341278910636902,0.6982248425483704,0.3912477493286133
YJR036C,YGR271W,0,1.3581642,0.15337954461574554,0.6982248425483704,0.39134788513183594
YJL053W,YMR193W,0,1.3580438,0.15334632992744446,0.6982248425483704,0.3914480209350586
YHR109W,YLR164W,0,1.3577975,0.15331311523914337,0.6982248425483704,0.39154815673828125
YDR137W,YLR353W,0,1.3574258,0.15327993035316467,0.6982248425483704,0.3916483223438263
YML051W,YAL016W,0,1.357185,0.15324676036834717,0.6982248425483704,0.39174845814704895
YBL058W,YMR273C,0,1.3571177,0.15321359038352966,0.6982248425483704,0.3918485939502716
YLR329W,YJL191W,0,1.3570563,0.15318043529987335,0.6982248425483704,0.39194872975349426
YCR060W,YFR021W,0,1.3569301,0.15314731001853943,0.6982248425483704,0.3920488655567169
YKL203C,YHR158C,1,1.356735,0.15333044528961182,0.699211061000824,0.3920488655567169
YKL126W,YJL071W,0,1.3562561,0.1532972902059555,0.699211061000824,0.3921490013599396
YNR004W,YOR204W,0,1.3562044,0.15326416492462158,0.699211061000824,0.39224913716316223
YPR204W,YOR311C,0,1.3554374,0.15323103964328766,0.699211061000824,0.3923493027687073
YLR248W,YBL088C,1,1.3546671,0.15341399610042572,0.7001972198486328,0.3923493027687073
YPL150W,YDR240C,0,1.3545233,0.1533808559179306,0.7001972198486328,0.39244943857192993
YNL297C,YMR137C,0,1.353897,0.15334773063659668,0.7001972198486328,0.3925495743751526
YPR011C,YDR451C,0,1.3534766,0.15331462025642395,0.7001972198486328,0.39264971017837524
YCR020W-B,YMR029C,1,1.3532084,0.15349741280078888,0.7011834383010864,0.39264971017837524
YOR219C,YFR033C,0,1.3532001,0.15346427261829376,0.7011834383010864,0.3927498459815979
YEL053C,YLR429W,0,1.3529663,0.15343116223812103,0.7011834383010864,0.39284998178482056
YMR020W,YHR005C-A,0,1.3529255,0.1533980518579483,0.7011834383010864,0.3929501175880432
YOL004W,YKL003C,0,1.3526872,0.15336497128009796,0.7011834383010864,0.39305028319358826
YNL232W,YGR258C,0,1.3526868,0.15333189070224762,0.7011834383010864,0.3931504189968109
YDR472W,YDL170W,0,1.3521796,0.15329883992671967,0.7011834383010864,0.39325055480003357
YMR112C,YFL033C,0,1.3516802,0.1532657891511917,0.7011834383010864,0.3933506906032562
YGR271W,YOL040C,0,1.3515997,0.15323275327682495,0.7011834383010864,0.3934508264064789
YHR132C,YMR304W,0,1.3515657,0.15319974720478058,0.7011834383010864,0.39355096220970154
YCL025C,YLR042C,0,1.3505741,0.1531667411327362,0.7011834383010864,0.3936510980129242
YLR425W,YKL180W,0,1.3502545,0.15313374996185303,0.7011834383010864,0.39375126361846924
YJR006W,YLR130C,0,1.3492805,0.15310077369213104,0.7011834383010864,0.3938513994216919
YNL085W,YMR089C,0,1.3490137,0.15306781232357025,0.7011834383010864,0.39395153522491455
YDR411C,YNL281W,0,1.3489246,0.15303486585617065,0.7011834383010864,0.3940516710281372
YBR223C,YHR174W,0,1.3480934,0.15300193428993225,0.7011834383010864,0.39415180683135986
YPR196W,YHR058C,0,1.347737,0.15296901762485504,0.7011834383010864,0.3942519426345825
YNR010W,YNL239W,0,1.3475938,0.15293611586093903,0.7011834383010864,0.3943520784378052
YNL102W,YLR197W,0,1.3473405,0.1529032289981842,0.7011834383010864,0.3944522440433502
YDR371W,YAL016W,0,1.3470962,0.15287035703659058,0.7011834383010864,0.3945523798465729
YBR238C,YJL082W,0,1.3462579,0.15283748507499695,0.7011834383010864,0.39465251564979553
YKR103W,YGL148W,0,1.34584,0.1528046429157257,0.7011834383010864,0.3947526514530182
YEL052W,YLR160C,0,1.3457373,0.15277181565761566,0.7011834383010864,0.39485278725624084
YJR147W,YLL027W,0,1.3456404,0.15273898839950562,0.7011834383010864,0.3949529230594635
YDL022W,YLR005W,0,1.3453097,0.15270619094371796,0.7011834383010864,0.39505308866500854
YDL036C,YLR165C,0,1.3444477,0.1526733934879303,0.7011834383010864,0.3951532244682312
YOL093W,YFR052W,0,1.3444235,0.15264061093330383,0.7011834383010864,0.39525336027145386
YPL151C,YER137C,0,1.3442849,0.15260785818099976,0.7011834383010864,0.3953534960746765
YPL163C,YDR392W,0,1.3442842,0.15257510542869568,0.7011834383010864,0.39545363187789917
YOL070C,YJL166W,0,1.3441833,0.1525423675775528,0.7011834383010864,0.3955537676811218
YDL061C,YHR057C,0,1.3439623,0.1525096595287323,0.7011834383010864,0.3956539034843445
YLR452C,YML080W,0,1.3439394,0.1524769514799118,0.7011834383010864,0.3957540690898895
YFR031C,YDR226W,0,1.3438262,0.1524442583322525,0.7011834383010864,0.3958542048931122
YMR025W,YAR031W,0,1.3435888,0.1524115800857544,0.7011834383010864,0.39595434069633484
YNR067C,YLR042C,0,1.3435663,0.15237891674041748,0.7011834383010864,0.3960544764995575
YIL135C,YKR035W-A,0,1.3435426,0.15234626829624176,0.7011834383010864,0.39615461230278015
YDR172W,YOR382W,0,1.343526,0.15231361985206604,0.7011834383010864,0.3962547481060028
YNL304W,YPL273W,0,1.3431029,0.1522810012102127,0.7011834383010864,0.39635488390922546
YBR271W,YPL259C,0,1.3429095,0.15224839746952057,0.7011834383010864,0.3964550495147705
YML097C,YLR291C,0,1.3427411,0.15221579372882843,0.7011834383010864,0.39655518531799316
YIR018W,YIL132C,0,1.3426589,0.15218321979045868,0.7011834383010864,0.3966553211212158
YOR226C,YLR050C,0,1.3423759,0.15215064585208893,0.7011834383010864,0.3967554569244385
YEL041W,YBR173C,0,1.3420761,0.15211810171604156,0.7011834383010864,0.39685559272766113
YMR136W,YDR470C,0,1.3418645,0.1520855575799942,0.7011834383010864,0.3969557285308838
YML028W,YOL108C,0,1.3417294,0.15205304324626923,0.7011834383010864,0.39705586433410645
YHR211W,YHL034C,0,1.3415403,0.15202052891254425,0.7011834383010864,0.3971560299396515
YKL007W,YOL093W,0,1.3414397,0.15198802947998047,0.7011834383010864,0.39725616574287415
YEL052W,YJR005W,0,1.3410524,0.15195554494857788,0.7011834383010864,0.3973563015460968
YDL165W,YDR363W-A,1,1.3402356,0.15213675796985626,0.7021695971488953,0.3973563015460968
YKR035W-A,YMR099C,0,1.3401129,0.15210425853729248,0.7021695971488953,0.39745643734931946
YLR016C,YLR073C,0,1.3400589,0.1520717591047287,0.7021695971488953,0.3975565731525421
YMR020W,YPL104W,0,1.3396552,0.1520392894744873,0.7021695971488953,0.39765670895576477
YLR005W,YPL093W,0,1.3395654,0.1520068347454071,0.7021695971488953,0.3977568447589874
YPL127C,YPL104W,0,1.339486,0.1519743800163269,0.7021695971488953,0.39785701036453247
YBR177C,YMR099C,0,1.3393959,0.1519419550895691,0.7021695971488953,0.3979571461677551
YNL084C,YPL113C,0,1.3390617,0.15190953016281128,0.7021695971488953,0.3980572819709778
YMR276W,YMR115W,0,1.3389467,0.15187713503837585,0.7021695971488953,0.39815741777420044
YNL163C,YOR377W,0,1.338581,0.15184473991394043,0.7021695971488953,0.3982575535774231
YDL039C,YNR028W,0,1.3384293,0.1518123596906662,0.7021695971488953,0.39835768938064575
YOL155C,YDR195W,0,1.3382899,0.15178000926971436,0.7021695971488953,0.3984578549861908
YPR119W,YML027W,1,1.3381475,0.15196079015731812,0.7031558156013489,0.3984578549861908
YLR270W,YBL085W,0,1.3378658,0.15192840993404388,0.7031558156013489,0.39855799078941345
YDL198C,YBR093C,0,1.3377784,0.15189604461193085,0.7031558156013489,0.3986581265926361
YHR179W,YKL210W,0,1.3376513,0.1518636792898178,0.7031558156013489,0.39875826239585876
YBR182C,YNL107W,0,1.3375076,0.15183134377002716,0.7031558156013489,0.3988583981990814
YMR146C,YDR369C,0,1.3374,0.1517990231513977,0.7031558156013489,0.3989585340023041
YNL085W,YLR028C,0,1.3369998,0.15176670253276825,0.7031558156013489,0.39905866980552673
YJR138W,YDL170W,0,1.3369744,0.15173441171646118,0.7031558156013489,0.3991588354110718
YJL166W,YER171W,0,1.3367299,0.1517021209001541,0.7031558156013489,0.39925897121429443
YBR282W,YLL040C,0,1.3360099,0.15166985988616943,0.7031558156013489,0.3993591070175171
YKL020C,YGL071W,0,1.3357348,0.15163759887218475,0.7031558156013489,0.39945924282073975
YBR260C,YNR003C,0,1.3350737,0.15160535275936127,0.7031558156013489,0.3995593786239624
YLR209C,YJR031C,0,1.3349767,0.15157313644886017,0.7031558156013489,0.39965951442718506
YJR149W,YMR039C,0,1.334695,0.15154092013835907,0.7031558156013489,0.3997596502304077
YGR214W,YBR281C,0,1.3345939,0.15150871872901917,0.7031558156013489,0.39985981583595276
YIL134W,YNL267W,0,1.3345715,0.15147651731967926,0.7031558156013489,0.3999599516391754
YGL083W,YOR292C,0,1.3342944,0.15144434571266174,0.7031558156013489,0.40006008744239807
YKL064W,YDL045C,0,1.3342218,0.15141218900680542,0.7031558156013489,0.4001602232456207
YOR119C,YIL112W,1,1.3339695,0.15159235894680023,0.7041420340538025,0.4001602232456207
YGR012W,YER162C,0,1.333629,0.15156017243862152,0.7041420340538025,0.4002603590488434
YNL261W,YKL022C,0,1.3336262,0.1515280157327652,0.7041420340538025,0.40036049485206604
YMR176W,YBR026C,0,1.3335518,0.15149585902690887,0.7041420340538025,0.4004606306552887
YNL172W,YNL297C,0,1.3333234,0.15146373212337494,0.7041420340538025,0.40056079626083374
YMR168C,YJR092W,0,1.3332667,0.151431605219841,0.7041420340538025,0.4006609320640564
YLR033W,YLR209C,0,1.3332027,0.15139949321746826,0.7041420340538025,0.40076106786727905
YJL140W,YOR298W,0,1.3331234,0.1513673961162567,0.7041420340538025,0.4008612036705017
YOR026W,YGL194C,1,1.3328344,0.15154726803302765,0.7051281929016113,0.4008612036705017
YPR001W,YDR081C,0,1.3326871,0.1515151560306549,0.7051281929016113,0.40096133947372437
YPR119W,YBR103W,1,1.3325108,0.1516949087381363,0.7061144113540649,0.40096133947372437
YNR004W,YJR026W,0,1.3320559,0.15166278183460236,0.7061144113540649,0.401061475276947
YNL107W,YDR062W,0,1.3320197,0.15163066983222961,0.7061144113540649,0.40116164088249207
YOL045W,YML039W,0,1.330977,0.15159855782985687,0.7061144113540649,0.4012617766857147
YGR188C,YNL068C,1,1.3306774,0.15177816152572632,0.7071005702018738,0.4012617766857147
YLR029C,YHR214C-B,0,1.3303987,0.15174603462219238,0.7071005702018738,0.4013619124889374
YBR294W,YGR095C,0,1.3298647,0.15171392261981964,0.7071005702018738,0.40146204829216003
YIL079C,YCL052C,0,1.329655,0.1516818255186081,0.7071005702018738,0.4015621840953827
YDL215C,YBR172C,0,1.3296431,0.15164974331855774,0.7071005702018738,0.40166231989860535
YOL102C,YNL121C,0,1.3294603,0.15161767601966858,0.7071005702018738,0.401762455701828
YDL059C,YNL283C,0,1.3293908,0.1515856236219406,0.7071005702018738,0.40186262130737305
YJR010W,YAR031W,0,1.3286796,0.15155358612537384,0.7071005702018738,0.4019627571105957
YJR083C,YEL041W,0,1.3286208,0.15152154862880707,0.7071005702018738,0.40206289291381836
YMR055C,YML027W,1,1.328219,0.15170082449913025,0.7080867886543274,0.40206289291381836
YLR047C,YLR350W,0,1.3280038,0.15166877210140228,0.7080867886543274,0.402163028717041
YGR268C,YBL091C-A,0,1.3276767,0.1516367495059967,0.7080867886543274,0.40226316452026367
YPL183W-A,YIR005W,0,1.327628,0.15160472691059113,0.7080867886543274,0.40236330032348633
YDR476C,YDR444W,0,1.3276094,0.15157271921634674,0.7080867886543274,0.402463436126709
YGR084C,YDR404C,0,1.3273982,0.15154074132442474,0.7080867886543274,0.40256360173225403
YDR285W,YPL093W,0,1.3273648,0.15150876343250275,0.7080867886543274,0.4026637375354767
YJR026W,YIL042C,0,1.3272111,0.15147680044174194,0.7080867886543274,0.40276387333869934
YML073C,YOL054W,0,1.3270679,0.15144483745098114,0.7080867886543274,0.402864009141922
YLR289W,YJR006W,0,1.3268989,0.15141290426254272,0.7080867886543274,0.40296414494514465
YJL060W,YBR128C,0,1.3267746,0.1513809859752655,0.7080867886543274,0.4030642807483673
YKR101W,YHL027W,0,1.3266312,0.15134906768798828,0.7080867886543274,0.40316441655158997
YPR167C,YJL024C,0,1.3266102,0.15131717920303345,0.7080867886543274,0.403264582157135
YDR473C,YKL022C,0,1.3261594,0.1512852907180786,0.7080867886543274,0.40336471796035767
YLR029C,YLR047C,0,1.325765,0.15125341713428497,0.7080867886543274,0.4034648537635803
YNL281W,YNL080C,0,1.3254908,0.15122157335281372,0.7080867886543274,0.403564989566803
YHR132C,YNL032W,0,1.3254856,0.15118972957134247,0.7080867886543274,0.40366512537002563
YHR061C,YBR026C,0,1.3248607,0.1511579006910324,0.7080867886543274,0.4037652611732483
YLL017W,YDR062W,0,1.3247422,0.15112607181072235,0.7080867886543274,0.40386539697647095
YHR153C,YDR440W,1,1.3246225,0.1513047069311142,0.709073007106781,0.40386539697647095
YGR084C,YIR032C,0,1.3245584,0.15127287805080414,0.709073007106781,0.403965562582016
YMR200W,YKR069W,0,1.3244678,0.15124106407165527,0.709073007106781,0.40406569838523865
YLR047C,YIL047C,0,1.3241532,0.1512092500925064,0.709073007106781,0.4041658341884613
YKL090W,YDR173C,0,1.3241225,0.15117746591567993,0.709073007106781,0.40426596999168396
YGR221C,YGR251W,0,1.3240758,0.15114568173885345,0.709073007106781,0.4043661057949066
YGR085C,YBR059C,0,1.3235399,0.15111391246318817,0.709073007106781,0.4044662415981293
YOR038C,YML132W,0,1.3232652,0.15108215808868408,0.709073007106781,0.4045664072036743
YKR068C,YGL051W,0,1.3227721,0.1510504186153412,0.709073007106781,0.404666543006897
YDR260C,YDR099W,1,1.322566,0.15122874081134796,0.7100591659545898,0.404666543006897
YLR386W,YJR101W,0,1.3224123,0.15119697153568268,0.7100591659545898,0.40476667881011963
YER173W,YIL050W,1,1.322362,0.1513751894235611,0.7110453844070435,0.40476667881011963
YIR025W,YGL194C,1,1.3221098,0.15155331790447235,0.7120315432548523,0.40476667881011963
YGR144W,YMR227C,0,1.3218704,0.1515215039253235,0.7120315432548523,0.4048668146133423
YLL029W,YOL136C,0,1.3216872,0.151489719748497,0.7120315432548523,0.40496695041656494
YLR229C,YCL061C,1,1.3216118,0.15166771411895752,0.7130177617073059,0.40496695041656494
YCR020W-B,YAR019C,1,1.3211073,0.15184563398361206,0.7140039205551147,0.40496695041656494
YIR025W,YHR057C,0,1.3210701,0.1518137902021408,0.7140039205551147,0.4050670862197876
YOL043C,YLR389C,0,1.32065,0.15178197622299194,0.7140039205551147,0.40516722202301025
YLR208W,YER190W,0,1.3205172,0.15175016224384308,0.7140039205551147,0.4052673876285553
YNR060W,YHR079C,0,1.3197279,0.1517183631658554,0.7140039205551147,0.40536752343177795
YDR309C,YJL076W,1,1.3192513,0.15189608931541443,0.7149901390075684,0.40536752343177795
YJR055W,YMR239C,0,1.3191183,0.15186426043510437,0.7149901390075684,0.4054676592350006
YOR168W,YNL335W,0,1.319004,0.1518324613571167,0.7149901390075684,0.40556779503822327
YKL190W,YJR101W,0,1.3188502,0.15180067718029022,0.7149901390075684,0.4056679308414459
YGR214W,YJL095W,0,1.3186616,0.15176889300346375,0.7149901390075684,0.4057680666446686
YDR164C,YHR039C-A,0,1.3186268,0.15173712372779846,0.7149901390075684,0.40586820244789124
YDL142C,YNR006W,0,1.3184545,0.15170538425445557,0.7149901390075684,0.4059683680534363
YHR059W,YNR015W,0,1.3177173,0.15167364478111267,0.7149901390075684,0.40606850385665894
YDL056W,YLR310C,1,1.3176825,0.15185107290744781,0.715976357460022,0.40606850385665894
YPL104W,YLL017W,0,1.3174948,0.15181931853294373,0.715976357460022,0.4061686396598816
YHR061C,YMR025W,0,1.3167783,0.15178757905960083,0.715976357460022,0.40626877546310425
YOR382W,YDR260C,0,1.3163763,0.15175585448741913,0.715976357460022,0.4063689112663269
YKL170W,YJR006W,0,1.316184,0.15172414481639862,0.715976357460022,0.40646904706954956
YPL083C,YPL183W-A,0,1.3159236,0.1516924351453781,0.715976357460022,0.4065691828727722
YDR451C,YDL188C,1,1.3157974,0.15186963975429535,0.7169625163078308,0.4065691828727722
YOR251C,YBL068W,0,1.3157903,0.15183793008327484,0.7169625163078308,0.40666934847831726
YKL206C,YLR042C,0,1.3155612,0.15180622041225433,0.7169625163078308,0.4067694842815399
YPR182W,YHR085W,0,1.3154932,0.15177452564239502,0.7169625163078308,0.4068696200847626
YER133W,YGL003C,1,1.3149558,0.15195158123970032,0.7179487347602844,0.4068696200847626
YKL190W,YOL111C,0,1.3148683,0.1519198715686798,0.7179487347602844,0.40696975588798523
YOL026C,YNL307C,0,1.314791,0.1518881767988205,0.7179487347602844,0.4070698916912079
YDL059C,YNR015W,0,1.3147427,0.15185648202896118,0.7179487347602844,0.40717002749443054
YIR011C,YNR035C,0,1.314701,0.15182481706142426,0.7179487347602844,0.4072701930999756
YNL335W,YIL132C,0,1.3146821,0.15179316699504852,0.7179487347602844,0.40737032890319824
YBR247C,YJL053W,0,1.3139448,0.1517615169286728,0.7179487347602844,0.4074704647064209
YKL190W,YBR010W,0,1.3136085,0.15172988176345825,0.7179487347602844,0.40757060050964355
YLL051C,YKL175W,0,1.3127438,0.1516982764005661,0.7179487347602844,0.4076707363128662
YKL190W,YJL024C,0,1.3127428,0.15166667103767395,0.7179487347602844,0.40777087211608887
YPL259C,YOR353C,0,1.3127266,0.151635080575943,0.7179487347602844,0.4078710079193115
YFL048C,YOR261C,0,1.312342,0.15160350501537323,0.7179487347602844,0.40797117352485657
YNR018W,YNR015W,0,1.3122739,0.15157192945480347,0.7179487347602844,0.4080713093280792
YEL037C,YOR355W,0,1.311659,0.1515403836965561,0.7179487347602844,0.4081714451313019
YNL271C,YLR191W,0,1.3108969,0.15150883793830872,0.7179487347602844,0.40827158093452454
YIL128W,YKR019C,0,1.310549,0.15147732198238373,0.7179487347602844,0.4083717167377472
YBR172C,YPL082C,0,1.3104359,0.15144580602645874,0.7179487347602844,0.40847185254096985
YKR071C,YOR378W,0,1.3104204,0.15141430497169495,0.7179487347602844,0.4085719883441925
YKR035W-A,YDR151C,0,1.3103793,0.15138281881809235,0.7179487347602844,0.40867215394973755
YNL008C,YIL088C,0,1.3100001,0.15135134756565094,0.7179487347602844,0.4087722897529602
YMR315W,YCR093W,0,1.3099433,0.15131989121437073,0.7179487347602844,0.40887242555618286
YFR018C,YIL035C,0,1.3096857,0.1512884497642517,0.7179487347602844,0.4089725613594055
YEL053C,YGL169W,0,1.3094803,0.1512570083141327,0.7179487347602844,0.4090726971626282
YDR351W,YOL070C,0,1.3093004,0.15122559666633606,0.7179487347602844,0.40917283296585083
YPL274W,YBR037C,0,1.3091009,0.15119418501853943,0.7179487347602844,0.4092729687690735
YML032C,YLR160C,0,1.3088804,0.151162788271904,0.7179487347602844,0.40937313437461853
YHL012W,YNR072W,0,1.3088619,0.15113140642642975,0.7179487347602844,0.4094732701778412
YMR169C,YIL047C,0,1.30879,0.1511000394821167,0.7179487347602844,0.40957340598106384
YPL098C,YOR098C,0,1.3086711,0.15106868743896484,0.7179487347602844,0.4096735417842865
YOR106W,YDL128W,0,1.3085192,0.15103735029697418,0.7179487347602844,0.40977367758750916
YAL024C,YGR238C,1,1.3083781,0.15121343731880188,0.7189348936080933,0.40977367758750916
YJR147W,YGL190C,0,1.3082975,0.15118208527565002,0.7189348936080933,0.4098738133907318
YNL153C,YFR029W,0,1.3082337,0.15115073323249817,0.7189348936080933,0.40997394919395447
YOR145C,YJR040W,0,1.3080248,0.1511193960905075,0.7189348936080933,0.4100741147994995
YGR288W,YDR508C,0,1.3079513,0.15108808875083923,0.7189348936080933,0.41017425060272217
YIR011C,YKL085W,0,1.3065372,0.15105678141117096,0.7189348936080933,0.4102743864059448
YJR107W,YML030W,0,1.3063892,0.15102548897266388,0.7189348936080933,0.4103745222091675
YLR219W,YAL029C,0,1.3060876,0.1509941965341568,0.7189348936080933,0.41047465801239014
YMR276W,YPL151C,0,1.3059822,0.1509629338979721,0.7189348936080933,0.4105747938156128
YHR209W,YMR172W,0,1.3056992,0.15093167126178741,0.7189348936080933,0.41067495942115784
YDL015C,YOR251C,0,1.3053206,0.1509004384279251,0.7189348936080933,0.4107750952243805
YLR206W,YDL227C,0,1.3053187,0.1508692055940628,0.7189348936080933,0.41087523102760315
YOR084W,YER185W,0,1.3041639,0.1508379876613617,0.7189348936080933,0.4109753668308258
YER049W,YCL008C,0,1.3039349,0.15080678462982178,0.7189348936080933,0.41107550263404846
YHR029C,YBR042C,0,1.3037493,0.15077559649944305,0.7189348936080933,0.4111756384372711
YHR012W,YDL097C,0,1.3037399,0.15074442327022552,0.7189348936080933,0.4112757742404938
YJL225C,YOR089C,0,1.3036506,0.150713250041008,0.7189348936080933,0.4113759398460388
YER162C,YAL029C,0,1.3027933,0.15068210661411285,0.7189348936080933,0.4114760756492615
YPR011C,YOR089C,0,1.302083,0.1506509631872177,0.7189348936080933,0.41157621145248413
YKL103C,YOR148C,0,1.3018607,0.15061983466148376,0.7189348936080933,0.4116763472557068
YEL070W,YKL001C,0,1.3017735,0.150588721036911,0.7189348936080933,0.41177648305892944
YER103W,YDL215C,0,1.3011227,0.15055762231349945,0.7189348936080933,0.4118766188621521
YGL134W,YJL013C,1,1.3007334,0.15073302388191223,0.7199211120605469,0.4118766188621521
YKR102W,YEL041W,0,1.3005012,0.15070189535617828,0.7199211120605469,0.41197675466537476
YJR055W,YOR085W,0,1.3003126,0.15067079663276672,0.7199211120605469,0.4120769202709198
YGR216C,YER019C-A,0,1.3002319,0.15063969790935516,0.7199211120605469,0.41217705607414246
YAL016W,YDR363W-A,1,1.2999065,0.1508149355649948,0.7209072709083557,0.41217705607414246
YPR060C,YFR052W,0,1.2995646,0.15078382194042206,0.7209072709083557,0.4122771918773651
YNR031C,YLR024C,0,1.2994386,0.1507527381181717,0.7209072709083557,0.41237732768058777
YLR329W,YPR119W,0,1.2992876,0.15072165429592133,0.7209072709083557,0.4124774634838104
YFL014W,YML109W,0,1.2990948,0.15069058537483215,0.7209072709083557,0.4125775992870331
YGR229C,YJR130C,0,1.2983404,0.15065951645374298,0.7209072709083557,0.41267773509025574
YHR158C,YJL013C,1,1.2981541,0.15083453059196472,0.7218934893608093,0.41267773509025574
YDR034C,YMR193W,0,1.2974356,0.15080346167087555,0.7218934893608093,0.4127779006958008
YHR047C,YJL128C,0,1.2971731,0.15077239274978638,0.7218934893608093,0.41287803649902344
YLR305C,YBR257W,0,1.2970558,0.1507413536310196,0.7218934893608093,0.4129781723022461
YLR187W,YDL077C,0,1.2964319,0.1507103145122528,0.7218934893608093,0.41307830810546875
YGR056W,YDL107W,0,1.2963609,0.15067929029464722,0.7218934893608093,0.4131784439086914
YPL064C,YOR239W,0,1.2961212,0.15064828097820282,0.7218934893608093,0.41327857971191406
YFL014W,YMR078C,0,1.2959293,0.15061728656291962,0.7218934893608093,0.4133787155151367
YHR164C,YDL179W,0,1.295697,0.1505862921476364,0.7218934893608093,0.41347888112068176
YBR196C,YPR137W,0,1.2956523,0.1505553275346756,0.7218934893608093,0.4135790169239044
YHL012W,YHR057C,0,1.2952864,0.15052436292171478,0.7218934893608093,0.4136791527271271
YEL036C,YBR281C,0,1.2949538,0.15049342811107635,0.7218934893608093,0.41377928853034973
YOL004W,YPL098C,0,1.2946371,0.15046249330043793,0.7218934893608093,0.4138794243335724
YGR036C,YKL130C,0,1.2944211,0.1504315733909607,0.7218934893608093,0.41397956013679504
YBL085W,YOR355W,0,1.2941569,0.15040065348148346,0.7218934893608093,0.4140797257423401
YFR029W,YKR020W,0,1.2939724,0.1503697633743286,0.7218934893608093,0.41417986154556274
YIL088C,YOR382W,0,1.2937194,0.15033887326717377,0.7218934893608093,0.4142799973487854
YNL236W,YDR416W,0,1.2936589,0.1503080129623413,0.7218934893608093,0.41438013315200806
YOR074C,YEL036C,0,1.2934097,0.15027715265750885,0.7218934893608093,0.4144802689552307
YDR254W,YGR238C,0,1.2931671,0.15024630725383759,0.7218934893608093,0.41458040475845337
YDR144C,YGR251W,0,1.2931191,0.15021547675132751,0.7218934893608093,0.414680540561676
YDR328C,YLR079W,1,1.2929558,0.15038982033729553,0.7228797078132629,0.414680540561676
YDR389W,YNR072W,0,1.292579,0.15035897493362427,0.7228797078132629,0.41478070616722107
YNL283C,YJL029C,0,1.2924429,0.1503281444311142,0.7228797078132629,0.4148808419704437
YKL103C,YGR070W,0,1.2920967,0.15029731392860413,0.7228797078132629,0.4149809777736664
YHR056C,YML052W,0,1.2919457,0.15026649832725525,0.7228797078132629,0.41508111357688904
YNL107W,YDR240C,0,1.2917401,0.15023569762706757,0.7228797078132629,0.4151812493801117
YJR119C,YDR207C,0,1.291704,0.15020491182804108,0.7228797078132629,0.41528138518333435
YGR113W,YGR077C,0,1.2913824,0.15017414093017578,0.7228797078132629,0.415381520986557
YNL032W,YHR085W,0,1.2913278,0.15014338493347168,0.7228797078132629,0.41548168659210205
YDR285W,YPR137W,0,1.2912786,0.15011262893676758,0.7228797078132629,0.4155818223953247
YOR349W,YDR281C,0,1.2909862,0.15008190274238586,0.7228797078132629,0.41568195819854736
YNL314W,YDL070W,0,1.2907956,0.15005117654800415,0.7228797078132629,0.41578209400177
YGR199W,YDR496C,0,1.2906604,0.15002046525478363,0.7228797078132629,0.4158822298049927
YMR061W,YMR210W,0,1.2905687,0.1499897688627243,0.7228797078132629,0.41598236560821533
YBL005W-B,YDL179W,0,1.2902445,0.14995908737182617,0.7228797078132629,0.416082501411438
YNL131W,YDL215C,0,1.290234,0.14992840588092804,0.7228797078132629,0.41618266701698303
YDL179W,YKL101W,1,1.2902138,0.15010224282741547,0.7238658666610718,0.41618266701698303
YDR451C,YLR361C,1,1.2902088,0.15027602016925812,0.7248520851135254,0.41618266701698303
YNL131W,YOR283W,0,1.2900133,0.1502452939748764,0.7248520851135254,0.4162828028202057
YDR079W,YBL011W,0,1.289869,0.15021459758281708,0.7248520851135254,0.41638293862342834
YKR071C,YOR212W,0,1.2898532,0.15018390119075775,0.7248520851135254,0.416483074426651
YDR168W,YGL003C,1,1.2896866,0.15035751461982727,0.7258382439613342,0.416483074426651
YOR057W,YHR158C,1,1.2895899,0.15053103864192963,0.7268244624137878,0.416483074426651
YNL261W,YOR243C,0,1.2893608,0.1505003124475479,0.7268244624137878,0.41658321022987366
YDR383C,YNL281W,0,1.2893265,0.1504695862531662,0.7268244624137878,0.4166833460330963
YOL145C,YGL113W,0,1.2892505,0.15043886005878448,0.7268244624137878,0.41678351163864136
YKL161C,YNR067C,0,1.2885877,0.15040816366672516,0.7268244624137878,0.416883647441864
YNL314W,YJR103W,0,1.2884762,0.15037746727466583,0.7268244624137878,0.41698378324508667
YPR072W,YPL002C,0,1.2882441,0.1503468006849289,0.7268244624137878,0.4170839190483093
YMR078C,YPR030W,0,1.2880656,0.15031613409519196,0.7268244624137878,0.417184054851532
YGL244W,YDR211W,0,1.2880589,0.1502854824066162,0.7268244624137878,0.41728419065475464
YDR207C,YGR098C,1,1.2877997,0.1504587084054947,0.7278106212615967,0.41728419065475464
YKR071C,YLR028C,0,1.2877533,0.15042804181575775,0.7278106212615967,0.4173843264579773
YJR055W,YPL218W,0,1.287691,0.150397390127182,0.7278106212615967,0.41748449206352234
YOR142W,YGR077C,0,1.2874659,0.15036675333976746,0.7278106212615967,0.417584627866745
YHR175W,YOR294W,0,1.287409,0.1503361165523529,0.7278106212615967,0.41768476366996765
YPR182W,YGL190C,0,1.2869643,0.15030549466609955,0.7278106212615967,0.4177848994731903
YGL225W,YEL053C,0,1.2864636,0.15027488768100739,0.7278106212615967,0.41788503527641296
YHR119W,YBR037C,0,1.2863468,0.15024429559707642,0.7278106212615967,0.4179851710796356
YDR131C,YPL119C,0,1.2862283,0.15021371841430664,0.7278106212615967,0.4180853068828583
YLR183C,YLR033W,0,1.2861028,0.15018315613269806,0.7278106212615967,0.4181854724884033
YBR080C,YMR238W,0,1.2860792,0.15015259385108948,0.7278106212615967,0.418285608291626
YLR020C,YLR042C,0,1.285649,0.1501220464706421,0.7278106212615967,0.41838574409484863
YCR052W,YLR151C,0,1.2856435,0.1500915139913559,0.7278106212615967,0.4184858798980713
YHR211W,YHR085W,0,1.2856301,0.1500609964132309,0.7278106212615967,0.41858601570129395
YER022W,YHR175W,0,1.2855762,0.1500304937362671,0.7278106212615967,0.4186861515045166
YMR227C,YOR294W,0,1.2854166,0.15000000596046448,0.7278106212615967,0.41878628730773926
YDL206W,YLR020C,0,1.284407,0.14996951818466187,0.7278106212615967,0.4188864529132843
YOL129W,YMR213W,0,1.2840652,0.14993904531002045,0.7278106212615967,0.41898658871650696
YPR113W,YGR036C,0,1.2839879,0.14990858733654022,0.7278106212615967,0.4190867245197296
YDR285W,YIL177C,0,1.2839183,0.1498781442642212,0.7278106212615967,0.41918686032295227
YLR300W,YJL130C,0,1.2837931,0.14984771609306335,0.7278106212615967,0.4192869961261749
YLR263W,YLR238W,1,1.2837712,0.1500203013420105,0.7287968397140503,0.4192869961261749
YFR021W,YJR031C,0,1.2836326,0.14998985826969147,0.7287968397140503,0.4193871319293976
YLR197W,YLR042C,0,1.2821122,0.14995941519737244,0.7287968397140503,0.41948726773262024
YOL139C,YBR274W,1,1.2817968,0.15013186633586884,0.7297830581665039,0.41948726773262024
YGR229C,YLR278C,0,1.2817857,0.1501014232635498,0.7297830581665039,0.4195874333381653
YIL046W,YMR300C,0,1.2817379,0.15007098019123077,0.7297830581665039,0.41968756914138794
YOR178C,YHR152W,1,1.2814807,0.15024331212043762,0.7307692170143127,0.41968756914138794
YER151C,YER130C,0,1.2813832,0.1502128541469574,0.7307692170143127,0.4197877049446106
YJL194W,YJL024C,0,1.2813004,0.15018241107463837,0.7307692170143127,0.41988784074783325
YGR216C,YJL081C,0,1.2806684,0.15015198290348053,0.7307692170143127,0.4199879765510559
YLR263W,YBR103W,1,1.2806586,0.15032415091991425,0.7317554354667664,0.4199879765510559
YBL026W,YEL029C,0,1.2805012,0.15029370784759521,0.7317554354667664,0.42008811235427856
YMR087W,YLR330W,0,1.2804893,0.15026326477527618,0.7317554354667664,0.4201882779598236
YOR159C,YFL033C,0,1.2804683,0.15023283660411835,0.7317554354667664,0.42028841376304626
YCL074W,YKR056W,0,1.2801086,0.1502024233341217,0.7317554354667664,0.4203885495662689
YPL213W,YML071C,0,1.279716,0.15017202496528625,0.7317554354667664,0.4204886853694916
YER125W,YDL055C,0,1.2796453,0.150141641497612,0.7317554354667664,0.42058882117271423
YGR282C,YMR034C,0,1.2795084,0.15011127293109894,0.7317554354667664,0.4206889569759369
YJL011C,YLR206W,0,1.2790521,0.15008090436458588,0.7317554354667664,0.42078909277915955
YOR168W,YKR020W,0,1.279022,0.150050550699234,0.7317554354667664,0.4208892583847046
YPL276W,YMR272C,0,1.2789568,0.15002021193504333,0.7317554354667664,0.42098939418792725
YBR172C,YMR203W,0,1.278834,0.14998988807201385,0.7317554354667664,0.4210895299911499
YLR157C,YOR089C,0,1.278742,0.14995957911014557,0.7317554354667664,0.42118966579437256
YDL227C,YLL033W,0,1.2783657,0.14992928504943848,0.7317554354667664,0.4212898015975952
YEL053C,YDR222W,0,1.2783607,0.14989899098873138,0.7317554354667664,0.42138993740081787
YDR405W,YKL201C,0,1.2780226,0.14986871182918549,0.7317554354667664,0.4214900732040405
YGR221C,YLR024C,0,1.2779226,0.14983844757080078,0.7317554354667664,0.42159023880958557
YNL008C,YML039W,0,1.2775983,0.14980819821357727,0.7317554354667664,0.4216903746128082
YLR380W,YKL186C,0,1.2772346,0.14977796375751495,0.7317554354667664,0.4217905104160309
YNL102W,YGL259W,0,1.276848,0.14974772930145264,0.7317554354667664,0.42189064621925354
YJL030W,YOR294W,0,1.27651,0.1497175097465515,0.7317554354667664,0.4219907820224762
YLR248W,YOR057W,1,1.276078,0.1498890519142151,0.7327415943145752,0.4219907820224762
YNL178W,YNL208W,0,1.2757328,0.14985881745815277,0.7327415943145752,0.42209091782569885
YMR168C,YEL043W,0,1.2755448,0.14982859790325165,0.7327415943145752,0.4221910536289215
YDL029W,YCR026C,0,1.2753087,0.14979839324951172,0.7327415943145752,0.42229121923446655
YAL040C,YPL200W,1,1.2752005,0.14996977150440216,0.7337278127670288,0.42229121923446655
YJR083C,YLR359W,0,1.2745537,0.14993953704833984,0.7337278127670288,0.4223913550376892
YCL008C,YKR002W,0,1.274446,0.14990933239459991,0.7337278127670288,0.42249149084091187
YOR187W,YDR173C,0,1.2744316,0.14987912774085999,0.7337278127670288,0.4225916266441345
YLR157C,YKL182W,0,1.2739358,0.14984893798828125,0.7337278127670288,0.4226917624473572
YDR451C,YLR016C,0,1.2736717,0.1498187631368637,0.7337278127670288,0.42279189825057983
YNL085W,YLR224W,0,1.2736678,0.14978860318660736,0.7337278127670288,0.4228920340538025
YBR118W,YKL165C,0,1.2733067,0.1497584581375122,0.7337278127670288,0.42299219965934753
YNL006W,YER115C,0,1.2725691,0.14972831308841705,0.7337278127670288,0.4230923354625702
YLR025W,YJR103W,0,1.2715267,0.1496981829404831,0.7337278127670288,0.42319247126579285
YPL113C,YOR232W,0,1.2713358,0.14966806769371033,0.7337278127670288,0.4232926070690155
YLR016C,YEL041W,0,1.2711126,0.14963796734809875,0.7337278127670288,0.42339274287223816
YCL004W,YGL019W,0,1.2710098,0.14960788190364838,0.7337278127670288,0.4234928786754608
YKL090W,YPR138C,0,1.2709582,0.1495778113603592,0.7337278127670288,0.42359304428100586
YGR171C,YLR348C,0,1.2694064,0.14954774081707,0.7337278127670288,0.4236931800842285
YDL194W,YLR361C,1,1.2692803,0.14971864223480225,0.7347140312194824,0.4236931800842285
YDR146C,YGL037C,0,1.2692659,0.14968857169151306,0.7347140312194824,0.42379331588745117
YNL153C,YBR173C,0,1.2691962,0.14965850114822388,0.7347140312194824,0.42389345169067383
YGL172W,YER046W,0,1.2690576,0.1496284455060959,0.7347140312194824,0.4239935874938965
YBL005W-B,YIL140W,0,1.268973,0.1495983898639679,0.7347140312194824,0.42409372329711914
YMR315W,YNL271C,0,1.2688172,0.1495683640241623,0.7347140312194824,0.4241938591003418
YJL155C,YLR024C,0,1.2687954,0.1495383381843567,0.7347140312194824,0.42429402470588684
YHR002W,YOL038W,0,1.2685324,0.14950832724571228,0.7347140312194824,0.4243941605091095
YJL011C,YDR090C,0,1.2685194,0.14947833120822906,0.7347140312194824,0.42449429631233215
YPR171W,YMR180C,0,1.268443,0.14944835007190704,0.7347140312194824,0.4245944321155548
YPR194C,YER168C,0,1.2684292,0.14941836893558502,0.7347140312194824,0.42469456791877747
YPR083W,YFR033C,0,1.2678375,0.1493884027004242,0.7347140312194824,0.4247947037220001
YPL252C,YML109W,0,1.267526,0.14935846626758575,0.7347140312194824,0.4248948395252228
YPR035W,YBR026C,0,1.2673413,0.14932852983474731,0.7347140312194824,0.4249950051307678
YGL050W,YBR026C,0,1.2665977,0.14929859340190887,0.7347140312194824,0.4250951409339905
YOR057W,YFR028C,1,1.2665867,0.1494690477848053,0.7357001900672913,0.4250951409339905
YHR012W,YNL172W,0,1.2664759,0.14943909645080566,0.7357001900672913,0.42519527673721313
YDR030C,YJL130C,0,1.2663156,0.14940917491912842,0.7357001900672913,0.4252954125404358
YCL074W,YKL022C,0,1.2660416,0.14937925338745117,0.7357001900672913,0.42539554834365845
YMR123W,YDR492W,0,1.266017,0.14934934675693512,0.7357001900672913,0.4254956841468811
YOL112W,YBL092W,0,1.2659519,0.14931945502758026,0.7357001900672913,0.42559581995010376
YOR057W,YER133W,1,1.2657233,0.14948970079421997,0.7366864085197449,0.42559581995010376
YER013W,YLR224W,0,1.2655904,0.14945977926254272,0.7366864085197449,0.4256959855556488
YAL040C,YMR213W,0,1.26545,0.14942988753318787,0.7366864085197449,0.42579612135887146
YNL131W,YMR038C,0,1.2654296,0.149399995803833,0.7366864085197449,0.4258962571620941
YNL261W,YDR470C,0,1.2654203,0.14937011897563934,0.7366864085197449,0.4259963929653168
YML027W,YPL194W,1,1.2651192,0.14954018592834473,0.7376725673675537,0.4259963929653168
YIL131C,YOR229W,1,1.2648472,0.14971017837524414,0.7386587858200073,0.4259963929653168
YML099C,YKR006C,0,1.2647542,0.1496802568435669,0.7386587858200073,0.42609652876853943
YML032C,YGL237C,0,1.2643856,0.14965035021305084,0.7386587858200073,0.4261966645717621
YIL061C,YNL309W,0,1.2641455,0.14962045848369598,0.7386587858200073,0.42629683017730713
YMR301C,YDR226W,0,1.2641217,0.14959056675434113,0.7386587858200073,0.4263969659805298
YLR305C,YLR452C,0,1.2640368,0.14956070482730865,0.7386587858200073,0.42649710178375244
YER130C,YER190W,0,1.2639887,0.14953084290027618,0.7386587858200073,0.4265972375869751
YPR187W,YML039W,0,1.2638754,0.1495009958744049,0.7386587858200073,0.42669737339019775
YKL095W,YMR240C,0,1.2633647,0.14947116374969482,0.7386587858200073,0.4267975091934204
YOR176W,YJR083C,0,1.2633501,0.14944134652614594,0.7386587858200073,0.42689764499664307
YFR013W,YCL057W,0,1.2632527,0.14941152930259705,0.7386587858200073,0.4269978106021881
YOR382W,YLR350W,0,1.2628449,0.14938172698020935,0.7386587858200073,0.42709794640541077
YPR026W,YLR153C,0,1.262668,0.14935193955898285,0.7386587858200073,0.4271980822086334
YKR071C,YNL267W,0,1.2624735,0.14932216703891754,0.7386587858200073,0.4272982180118561
YBR010W,YMR240C,0,1.2623879,0.14929240942001343,0.7386587858200073,0.42739835381507874
YLR157C,YML080W,0,1.2618247,0.14926265180110931,0.7386587858200073,0.4274984896183014
YAL016W,YNL298W,1,1.2616769,0.14943215250968933,0.7396449446678162,0.4274984896183014
YPR198W,YOL028C,0,1.260892,0.14940239489078522,0.7396449446678162,0.42759862542152405
YGL094C,YOL107W,0,1.2608826,0.1493726372718811,0.7396449446678162,0.4276987910270691
YJL106W,YPL200W,1,1.2604166,0.14954201877117157,0.7406311631202698,0.4276987910270691
YOR230W,YOR057W,1,1.2604092,0.14971132576465607,0.7416173815727234,0.4276987910270691
YNL127W,YDL029W,0,1.2599,0.14968152344226837,0.7416173815727234,0.42779892683029175
YHR132C,YOR297C,0,1.2598749,0.14965173602104187,0.7416173815727234,0.4278990626335144
YDR205W,YMR097C,0,1.2596799,0.14962196350097656,0.7416173815727234,0.42799919843673706
YGL116W,YDL056W,1,1.2595266,0.14979112148284912,0.7426035404205322,0.42799919843673706
YDR371W,YNL192W,0,1.2595173,0.14976133406162262,0.7426035404205322,0.4280993342399597
YFR031C,YPR160W,0,1.2594558,0.1497315615415573,0.7426035404205322,0.4281994700431824
YEL053C,YKR102W,0,1.2594515,0.149701789021492,0.7426035404205322,0.42829960584640503
YHR074W,YLL040C,0,1.259417,0.1496720314025879,0.7426035404205322,0.4283997714519501
YDL179W,YPL188W,0,1.2593558,0.14964228868484497,0.7426035404205322,0.42849990725517273
YOR230W,YHR153C,1,1.2592345,0.149811252951622,0.7435897588729858,0.42849990725517273
YLR182W,YOR313C,0,1.2591628,0.1497814804315567,0.7435897588729858,0.4286000430583954
YDR167W,YML039W,0,1.2591171,0.14975173771381378,0.7435897588729858,0.42870017886161804
YBR278W,YPL276W,0,1.2589298,0.14972199499607086,0.7435897588729858,0.4288003146648407
YDL061C,YPL011C,0,1.2587034,0.14969228208065033,0.7435897588729858,0.42890045046806335
YMR039C,YJL140W,0,1.2585717,0.1496625691652298,0.7435897588729858,0.429000586271286
YPL083C,YDR218C,0,1.258548,0.14963285624980927,0.7435897588729858,0.42910075187683105
YNL178W,YDR508C,0,1.2583199,0.14960317313671112,0.7435897588729858,0.4292008876800537
YOL136C,YJR140C,0,1.258288,0.14957349002361298,0.7435897588729858,0.42930102348327637
YFR019W,YNL078W,0,1.258278,0.14954383671283722,0.7435897588729858,0.429401159286499
YGR171C,YNL052W,0,1.25819,0.14951418340206146,0.7435897588729858,0.4295012950897217
YLR395C,YDR498C,0,1.258031,0.1494845300912857,0.7435897588729858,0.42960143089294434
YGL212W,YGR222W,0,1.258015,0.14945490658283234,0.7435897588729858,0.4297015964984894
YJL134W,YER190W,0,1.2579273,0.14942528307437897,0.7435897588729858,0.42980173230171204
YER117W,YGL212W,0,1.2578418,0.1493956744670868,0.7435897588729858,0.4299018681049347
YGR180C,YAL017W,0,1.2575299,0.1493660807609558,0.7435897588729858,0.43000200390815735
YOR301W,YLR325C,0,1.2572732,0.14933650195598602,0.7435897588729858,0.43010213971138
YPL110C,YLR209C,0,1.2571744,0.14930693805217743,0.7435897588729858,0.43020227551460266
YKL182W,YDR472W,0,1.2571448,0.14927737414836884,0.7435897588729858,0.4303024113178253
YCL074W,YOR349W,0,1.2568314,0.14924782514572144,0.7435897588729858,0.43040257692337036
YBR059C,YMR054W,0,1.2566947,0.14921829104423523,0.7435897588729858,0.430502712726593
YDR131C,YMR025W,0,1.2566875,0.14918875694274902,0.7435897588729858,0.4306028485298157
YOR085W,YNL092W,0,1.2564844,0.1491592526435852,0.7435897588729858,0.43070298433303833
YPL209C,YPL200W,1,1.2561638,0.14932753145694733,0.7445759177207947,0.43070298433303833
YLL029W,YOR180C,0,1.2560178,0.14929799735546112,0.7445759177207947,0.430803120136261
YMR228W,YLR050C,0,1.2557429,0.1492684781551361,0.7445759177207947,0.43090325593948364
YOR287C,YPL099C,0,1.255626,0.1492389738559723,0.7445759177207947,0.4310033917427063
YPL274W,YNL258C,0,1.2552644,0.14920948445796967,0.7445759177207947,0.43110355734825134
YPL099C,YOL004W,0,1.2546957,0.14918000996112823,0.7445759177207947,0.431203693151474
YGR167W,YDR195W,0,1.2544847,0.1491505354642868,0.7445759177207947,0.43130382895469666
YNL153C,YKL168C,0,1.2541924,0.14912107586860657,0.7445759177207947,0.4314039647579193
YNL231C,YGR216C,0,1.2540623,0.14909163117408752,0.7445759177207947,0.43150410056114197
YKL205W,YNL259C,0,1.2539834,0.14906218647956848,0.7445759177207947,0.4316042363643646
YBR247C,YOL090W,0,1.2538997,0.14903277158737183,0.7445759177207947,0.4317043721675873
YBR081C,YPR137W,0,1.2538346,0.14900335669517517,0.7445759177207947,0.4318045377731323
YDR207C,YLL012W,0,1.2536421,0.1489739567041397,0.7445759177207947,0.431904673576355
YCL057W,YKR044W,0,1.2536012,0.14894457161426544,0.7445759177207947,0.43200480937957764
YGL122C,YHR039C-A,0,1.253225,0.14891518652439117,0.7445759177207947,0.4321049451828003
YBR223C,YDL216C,0,1.2528073,0.1488858163356781,0.7445759177207947,0.43220508098602295
YDR517W,YMR052W,1,1.2526442,0.1490536332130432,0.7455621361732483,0.43220508098602295
YER013W,YJL005W,0,1.2525152,0.14902424812316895,0.7455621361732483,0.4323052167892456
YOR219C,YAL039C,0,1.2523216,0.14899487793445587,0.7455621361732483,0.43240538239479065
YOL043C,YDR461W,0,1.2523046,0.148965522646904,0.7455621361732483,0.4325055181980133
YOL112W,YJR028W,0,1.2519076,0.1489361673593521,0.7455621361732483,0.43260565400123596
YGR108W,YJR066W,1,1.2516161,0.1491038054227829,0.7465482950210571,0.43260565400123596
YDR026C,YPL093W,0,1.2513022,0.14907443523406982,0.7465482950210571,0.4327057898044586
YDR170C,YKR026C,0,1.2509289,0.14904509484767914,0.7465482950210571,0.4328059256076813
YDR498C,YBR141C,0,1.2508452,0.14901575446128845,0.7465482950210571,0.43290606141090393
YPL139C,YOL139C,1,1.2507172,0.1491832286119461,0.7475345134735107,0.43290606141090393
YDR137W,YHR051W,0,1.2506459,0.14915387332439423,0.7475345134735107,0.4330061972141266
YEL043W,YPR133W-A,0,1.2501893,0.14912453293800354,0.7475345134735107,0.43310636281967163
YKR035W-A,YIL140W,0,1.2499381,0.14909520745277405,0.7475345134735107,0.4332064986228943
YNL163C,YFL023W,0,1.2495005,0.14906588196754456,0.7475345134735107,0.43330663442611694
YPL153C,YDR310C,1,1.24907,0.14923319220542908,0.7485207319259644,0.43330663442611694
YDL024C,YOR349W,0,1.248727,0.1492038518190384,0.7485207319259644,0.4334067702293396
YKL182W,YDR151C,0,1.2482799,0.1491745263338089,0.7485207319259644,0.43350690603256226
YBR275C,YMR160W,0,1.2474228,0.1491452157497406,0.7485207319259644,0.4336070418357849
YOR074C,YNL138W,0,1.2471737,0.1491159200668335,0.7485207319259644,0.43370717763900757
YDL134C,YOL139C,1,1.2469891,0.1492830514907837,0.7495068907737732,0.43370717763900757
YBR222C,YGL220W,0,1.246649,0.1492537260055542,0.7495068907737732,0.4338073432445526
YCR093W,YGR144W,0,1.2464648,0.1492244303226471,0.7495068907737732,0.43390747904777527
YPL151C,YKL078W,0,1.2464215,0.14919513463974,0.7495068907737732,0.4340076148509979
YOL040C,YHR079C,0,1.2463955,0.14916585385799408,0.7495068907737732,0.4341077506542206
YLR383W,YFL017W-A,0,1.245905,0.14913657307624817,0.7495068907737732,0.43420788645744324
YPL213W,YPL180W,0,1.2458973,0.14910732209682465,0.7495068907737732,0.4343080222606659
YDR146C,YPL196W,0,1.2456235,0.14907807111740112,0.7495068907737732,0.43440815806388855
YGR179C,YLR268W,0,1.2452451,0.1490488350391388,0.7495068907737732,0.4345083236694336
YMR203W,YMR046C,0,1.24505,0.14901961386203766,0.7495068907737732,0.43460845947265625
YLL041C,YGR199W,0,1.2450489,0.14899039268493652,0.7495068907737732,0.4347085952758789
YHR059W,YBR141C,0,1.2449911,0.14896118640899658,0.7495068907737732,0.43480873107910156
YIL088C,YLR028C,0,1.2443835,0.14893199503421783,0.7495068907737732,0.4349088668823242
YNR067C,YER017C,0,1.2442366,0.14890281856060028,0.7495068907737732,0.4350090026855469
YBR042C,YDL039C,0,1.2442125,0.14887365698814392,0.7495068907737732,0.43510913848876953
YOL111C,YGL103W,0,1.2441,0.14884449541568756,0.7495068907737732,0.4352093040943146
YJR004C,YDR137W,0,1.2439338,0.1488153487443924,0.7495068907737732,0.43530943989753723
YPL188W,YOR327C,0,1.2438836,0.14878621697425842,0.7495068907737732,0.4354095757007599
YDR470C,YGL216W,0,1.2430499,0.14875710010528564,0.7495068907737732,0.43550971150398254
YIL142W,YKL144C,0,1.2428854,0.14872798323631287,0.7495068907737732,0.4356098473072052
YHR066W,YJL144W,0,1.2422808,0.14869888126850128,0.7495068907737732,0.43570998311042786
YPL119C,YFR052W,0,1.2419511,0.1486697942018509,0.7495068907737732,0.4358101487159729
YBR275C,YLR020C,0,1.2413567,0.1486407220363617,0.7495068907737732,0.43591028451919556
YCR030C,YDR164C,0,1.2411158,0.1486116498708725,0.7495068907737732,0.4360104203224182
YDR303C,YOL113W,1,1.2410153,0.14877811074256897,0.7504931092262268,0.4360104203224182
YMR176W,YLR164W,0,1.2409254,0.14874902367591858,0.7504931092262268,0.43611055612564087
YOR219C,YGL148W,0,1.2407608,0.14871995151042938,0.7504931092262268,0.4362106919288635
YLR395C,YOR209C,0,1.2405648,0.14869089424610138,0.7504931092262268,0.4363108277320862
YNL302C,YOL108C,0,1.2405037,0.14866185188293457,0.7504931092262268,0.43641096353530884
YOR298W,YKL165C,0,1.2404203,0.14863280951976776,0.7504931092262268,0.4365111291408539
YJR006W,YKL001C,0,1.2403227,0.14860378205776215,0.7504931092262268,0.43661126494407654
YNL261W,YGR084C,0,1.2396475,0.14857476949691772,0.7504931092262268,0.4367114007472992
YHL012W,YOL136C,0,1.2391969,0.1485457718372345,0.7504931092262268,0.43681153655052185
YDL216C,YOL151W,0,1.2391137,0.14851678907871246,0.7504931092262268,0.4369116723537445
YNL261W,YNL208W,0,1.2391114,0.14848780632019043,0.7504931092262268,0.43701180815696716
YJL011C,YKL074C,0,1.238927,0.1484588384628296,0.7504931092262268,0.4371119439601898
YGL244W,YGL203C,0,1.2389134,0.14842988550662994,0.7504931092262268,0.43721210956573486
YBR223C,YMR269W,0,1.2387999,0.1484009325504303,0.7504931092262268,0.4373122453689575
YBL079W,YJR103W,0,1.2387223,0.14837200939655304,0.7504931092262268,0.4374123811721802
YGR281W,YDR392W,0,1.23857,0.14834308624267578,0.7504931092262268,0.43751251697540283
YCL074W,YGR169C,0,1.2385224,0.14831416308879852,0.7504931092262268,0.4376126527786255
YOR230W,YDL179W,1,1.2385142,0.1484801173210144,0.7514792680740356,0.4376126527786255
YAL033W,YPR111W,0,1.2381399,0.14845119416713715,0.7514792680740356,0.43771278858184814
YMR284W,YDR109C,0,1.2376705,0.14842228591442108,0.7514792680740356,0.4378129243850708
YEL036C,YCL004W,0,1.23725,0.14839337766170502,0.7514792680740356,0.43791308999061584
YJR070C,YKL186C,0,1.2371638,0.14836448431015015,0.7514792680740356,0.4380132257938385
YIL094C,YKR044W,0,1.2367917,0.14833560585975647,0.7514792680740356,0.43811336159706116
YLR047C,YNR072W,0,1.2367065,0.1483067274093628,0.7514792680740356,0.4382134974002838
YLR238W,YOR351C,1,1.2366874,0.14847245812416077,0.7524654865264893,0.4382134974002838
YBR223C,YDL245C,0,1.236408,0.1484435796737671,0.7524654865264893,0.43831363320350647
YPL151C,YIL076W,0,1.236389,0.1484147012233734,0.7524654865264893,0.4384137690067291
YML071C,YPL167C,0,1.2360485,0.14838583767414093,0.7524654865264893,0.4385139048099518
YJR107W,YOR176W,0,1.2357014,0.14835698902606964,0.7524654865264893,0.4386140704154968
YDR460W,YNL078W,0,1.2352699,0.14832815527915955,0.7524654865264893,0.4387142062187195
YNL107W,YFR018C,0,1.2352551,0.14829932153224945,0.7524654865264893,0.43881434202194214
YHR211W,YNL122C,0,1.235202,0.14827050268650055,0.7524654865264893,0.4389144778251648
YPR163C,YDR508C,0,1.2351882,0.14824169874191284,0.7524654865264893,0.43901461362838745
YKL203C,YMR114C,0,1.2346609,0.14821289479732513,0.7524654865264893,0.4391147494316101
YJL034W,YDR492W,0,1.2343194,0.14818412065505981,0.7524654865264893,0.43921491503715515
YBR260C,YML049C,0,1.2342633,0.1481553465127945,0.7524654865264893,0.4393150508403778
YKL170W,YNR013C,0,1.23415,0.14812657237052917,0.7524654865264893,0.43941518664360046
YOR274W,YPL273W,0,1.2340844,0.14809782803058624,0.7524654865264893,0.4395153224468231
YGR281W,YLR321C,0,1.2338688,0.1480690836906433,0.7524654865264893,0.4396154582500458
YHR214C-B,YML071C,0,1.2333659,0.14804035425186157,0.7524654865264893,0.43971559405326843
YOR206W,YNL147W,0,1.2331783,0.14801163971424103,0.7524654865264893,0.4398157298564911
YMR227C,YKL172W,0,1.233091,0.14798292517662048,0.7524654865264893,0.43991589546203613
YOL158C,YCR002C,0,1.2329406,0.14795424044132233,0.7524654865264893,0.4400160312652588
YLL029W,YHR085W,0,1.2328221,0.14792555570602417,0.7524654865264893,0.44011616706848145
YLR425W,YKR020W,0,1.2325332,0.1478968858718872,0.7524654865264893,0.4402163028717041
YLR270W,YER019C-A,0,1.2323877,0.14786821603775024,0.7524654865264893,0.44031643867492676
YPL274W,YBR192W,0,1.2323472,0.14783956110477448,0.7524654865264893,0.4404165744781494
YHR002W,YGR155W,0,1.2322817,0.1478109210729599,0.7524654865264893,0.44051671028137207
YDL170W,YMR213W,0,1.2321786,0.14778229594230652,0.7524654865264893,0.4406168758869171
YGL014W,YDL040C,0,1.2321064,0.14775368571281433,0.7524654865264893,0.44071701169013977
YPR080W,YLR005W,0,1.2319907,0.14772507548332214,0.7524654865264893,0.4408171474933624
YEL069C,YGL060W,0,1.2319676,0.14769648015499115,0.7524654865264893,0.4409172832965851
YPL252C,YNR003C,0,1.2319232,0.14766789972782135,0.7524654865264893,0.44101741909980774
YFL066C,YPR198W,0,1.2316438,0.14763931930065155,0.7524654865264893,0.4411175549030304
YKL041W,YKL020C,0,1.231635,0.14761075377464294,0.7524654865264893,0.44121769070625305
YLR020C,YBL079W,0,1.2315935,0.14758220314979553,0.7524654865264893,0.4413178563117981
YPL113C,YLR278C,0,1.2315029,0.14755366742610931,0.7524654865264893,0.44141799211502075
YHR211W,YJR031C,0,1.2314491,0.1475251317024231,0.7524654865264893,0.4415181279182434
YPL042C,YPL083C,0,1.2313237,0.14749661087989807,0.7524654865264893,0.44161826372146606
YLR447C,YMR193W,0,1.2312292,0.14746810495853424,0.7524654865264893,0.4417183995246887
YHR041C,YGR070W,0,1.2311335,0.1474396139383316,0.7524654865264893,0.4418185353279114
YIL035C,YBR281C,0,1.2308145,0.14741112291812897,0.7524654865264893,0.4419187009334564
YNR004W,YDR498C,0,1.2305928,0.14738264679908752,0.7524654865264893,0.4420188367366791
YDL059C,YGR239C,0,1.2305163,0.14735418558120728,0.7524654865264893,0.44211897253990173
YMR054W,YJL144W,0,1.230149,0.14732573926448822,0.7524654865264893,0.4422191083431244
YHR005C-A,YEL056W,0,1.2299258,0.14729729294776917,0.7524654865264893,0.44231924414634705
YNR031C,YDR392W,0,1.2295593,0.1472688615322113,0.7524654865264893,0.4424193799495697
YDR170C,YKL210W,0,1.2294906,0.14724044501781464,0.7524654865264893,0.44251951575279236
YJL200C,YDR159W,0,1.2293217,0.14721204340457916,0.7524654865264893,0.4426196813583374
YDR389W,YNR060W,0,1.22909,0.1471836417913437,0.7524654865264893,0.44271981716156006
YKL171W,YOR324C,0,1.2290496,0.1471552550792694,0.7524654865264893,0.4428199529647827
YER046W,YPL208W,0,1.2285309,0.14712688326835632,0.7524654865264893,0.44292008876800537
YDR304C,YJL029C,0,1.2279214,0.14709851145744324,0.7524654865264893,0.443020224571228
YNL298W,YDR470C,0,1.2278185,0.14707015454769135,0.7524654865264893,0.4431203603744507
YGR145W,YDR364C,0,1.2276269,0.14704181253910065,0.7524654865264893,0.44322049617767334
YER165W,YER130C,0,1.2274442,0.14701348543167114,0.7524654865264893,0.4433206617832184
YLR047C,YOR275C,0,1.2273365,0.14698517322540283,0.7524654865264893,0.44342079758644104
YDR283C,YDR099W,1,1.227182,0.147149458527565,0.7534517049789429,0.44342079758644104
YPL094C,YBR037C,0,1.2270801,0.1471211314201355,0.7534517049789429,0.4435209333896637
YLR103C,YNR035C,0,1.2267666,0.147092804312706,0.7534517049789429,0.44362106919288635
YGL122C,YDL078C,0,1.226487,0.14706449210643768,0.7534517049789429,0.443721204996109
YBL076C,YKL064W,0,1.2262105,0.14703617990016937,0.7534517049789429,0.44382134079933167
YER177W,YKR029C,1,1.2261393,0.1472003012895584,0.7544378638267517,0.44382134079933167
YEL037C,YDR131C,0,1.2260524,0.1471719890832901,0.7544378638267517,0.4439214766025543
YHR214C-B,YKL015W,0,1.2259264,0.1471436768770218,0.7544378638267517,0.44402164220809937
YDR415C,YKR102W,0,1.2259015,0.14711537957191467,0.7544378638267517,0.444121778011322
YPR083W,YDL077C,0,1.2254026,0.14708709716796875,0.7544378638267517,0.4442219138145447
YOR138C,YNR035C,0,1.2250981,0.14705882966518402,0.7544378638267517,0.44432204961776733
YGR281W,YBL052C,0,1.2249439,0.1470305621623993,0.7544378638267517,0.44442218542099
YEL012W,YNL309W,0,1.2245921,0.14700230956077576,0.7544378638267517,0.44452232122421265
YOR148C,YKR101W,0,1.2245134,0.14697405695915222,0.7544378638267517,0.4446224570274353
YGL233W,YDR260C,0,1.2243892,0.14694583415985107,0.7544378638267517,0.44472262263298035
YMR179W,YGR072W,0,1.2243013,0.14691761136054993,0.7544378638267517,0.444822758436203
YOL102C,YMR115W,0,1.2237831,0.14688940346240997,0.7544378638267517,0.44492289423942566
YDR460W,YAL031C,0,1.2236148,0.14686119556427002,0.7544378638267517,0.4450230300426483
YOR215C,YHR079C,0,1.2232076,0.14683301746845245,0.7544378638267517,0.44512316584587097
YLR395C,YPL083C,0,1.2223097,0.1468048393726349,0.7544378638267517,0.44522330164909363
YLR043C,YJL134W,0,1.2222806,0.14677667617797852,0.7544378638267517,0.44532346725463867
YLR264W,YDR195W,0,1.2221448,0.14674851298332214,0.7544378638267517,0.44542360305786133
YDR064W,YPL244C,0,1.2211256,0.14672036468982697,0.7544378638267517,0.445523738861084
YJL030W,YMR115W,0,1.2211082,0.14669223129749298,0.7544378638267517,0.44562387466430664
YLR264W,YPL096W,0,1.2210938,0.1466641128063202,0.7544378638267517,0.4457240104675293
YDR168W,YNL298W,1,1.220961,0.14682768285274506,0.7554240822792053,0.4457240104675293
YDR530C,YGR134W,0,1.2207824,0.14679953455924988,0.7554240822792053,0.44582414627075195
YCR093W,YPL127C,0,1.2205096,0.1467714160680771,0.7554240822792053,0.4459242820739746
YLL008W,YBL026W,0,1.2199779,0.1467432975769043,0.7554240822792053,0.44602444767951965
YPR171W,YFL033C,0,1.2199452,0.1467151939868927,0.7554240822792053,0.4461245834827423
YHR074W,YHR058C,0,1.2197474,0.1466870903968811,0.7554240822792053,0.44622471928596497
YNR021W,YOR279C,0,1.2196124,0.1466590017080307,0.7554240822792053,0.4463248550891876
YDR457W,YCL057W,0,1.219607,0.1466309279203415,0.7554240822792053,0.4464249908924103
YDL171C,YDR410C,0,1.2194568,0.14660286903381348,0.7554240822792053,0.44652512669563293
YLR005W,YBR031W,0,1.219396,0.14657482504844666,0.7554240822792053,0.4466252624988556
YDR403W,YDR151C,0,1.2189146,0.14654678106307983,0.7554240822792053,0.44672542810440063
YER138C,YLR390W,0,1.2186772,0.1465187519788742,0.7554240822792053,0.4468255639076233
YGL062W,YOR099W,0,1.2183796,0.14649072289466858,0.7554240822792053,0.44692569971084595
YBR202W,YER190W,0,1.218218,0.14646270871162415,0.7554240822792053,0.4470258355140686
YDL008W,YDR217C,1,1.2178345,0.14662589132785797,0.7564102411270142,0.4470258355140686
YOL129W,YCL036W,0,1.2172401,0.14659786224365234,0.7564102411270142,0.44712597131729126
YLR107W,YDL045W-A,0,1.2172227,0.1465698480606079,0.7564102411270142,0.4472261071205139
YCR020W-B,YNL164C,1,1.2169735,0.146732896566391,0.7573964595794678,0.4472261071205139
YLR228C,YDL097C,0,1.2167693,0.14670486748218536,0.7573964595794678,0.4473262429237366
YNL230C,YBL034C,0,1.2167227,0.14667685329914093,0.7573964595794678,0.4474264085292816
YBR238C,YCL034W,0,1.2164673,0.1466488391160965,0.7573964595794678,0.4475265443325043
YLL002W,YGR177C,0,1.2164389,0.14662085473537445,0.7573964595794678,0.44762668013572693
YEL030W,YER145C,0,1.2158171,0.1465928554534912,0.7573964595794678,0.4477268159389496
YBR202W,YLR160C,0,1.2152898,0.14656488597393036,0.7573964595794678,0.44782695174217224
YKL174C,YJR034W,0,1.214984,0.1465369164943695,0.7573964595794678,0.4479270875453949
YGR245C,YFR028C,1,1.2142648,0.1466997265815735,0.7583826184272766,0.4479270875453949
YDL202W,YBL085W,0,1.2138389,0.14667175710201263,0.7583826184272766,0.44802722334861755
YMR241W,YOR216C,0,1.2137108,0.14664378762245178,0.7583826184272766,0.4481273889541626
YKL170W,YGR252W,0,1.2135575,0.14661581814289093,0.7583826184272766,0.44822752475738525
YML099C,YPR138C,0,1.213149,0.14658787846565247,0.7583826184272766,0.4483276605606079
YOL142W,YDR476C,0,1.2131078,0.146559938788414,0.7583826184272766,0.44842779636383057
YNL127W,YDR090C,0,1.2130797,0.14653201401233673,0.7583826184272766,0.4485279321670532
YER177W,YFR027W,1,1.2129142,0.146694615483284,0.7593688368797302,0.4485279321670532
YJR010W,YIL132C,0,1.2127794,0.14666666090488434,0.7593688368797302,0.4486280679702759
YLR043C,YJL213W,0,1.2126945,0.14663873612880707,0.7593688368797302,0.4487282335758209
YER050C,YHR085W,0,1.2124935,0.1466108113527298,0.7593688368797302,0.4488283693790436
YFR031C,YLR278C,0,1.2124131,0.14658290147781372,0.7593688368797302,0.44892850518226624
YDL121C,YIL094C,0,1.2123398,0.14655500650405884,0.7593688368797302,0.4490286409854889
YBR260C,YCL052C,0,1.2119945,0.14652711153030396,0.7593688368797302,0.44912877678871155
YOL111C,YDR444W,0,1.2119833,0.14649924635887146,0.7593688368797302,0.4492289125919342
YPR024W,YLR153C,0,1.2108082,0.14647136628627777,0.7593688368797302,0.44932904839515686
YDL179W,YPL098C,0,1.2093428,0.14644351601600647,0.7593688368797302,0.4494292140007019
YDR263C,YNL281W,0,1.209185,0.14641566574573517,0.7593688368797302,0.44952934980392456
YDL246C,YBR141C,0,1.2091825,0.14638783037662506,0.7593688368797302,0.4496294856071472
YPR194C,YPR060C,0,1.2087544,0.14636000990867615,0.7593688368797302,0.4497296214103699
YDR076W,YGR113W,0,1.2081896,0.14633218944072723,0.7593688368797302,0.44982975721359253
YEL069C,YBL098W,0,1.2079054,0.14630438387393951,0.7593688368797302,0.4499298930168152
YDR283C,YLR361C,1,1.2076399,0.14646656811237335,0.7603550553321838,0.4499298930168152
YDR423C,YPR198W,0,1.2072684,0.14643874764442444,0.7603550553321838,0.45003002882003784
YOL001W,YBR160W,1,1.2070984,0.1466008424758911,0.7613412141799927,0.45003002882003784
YMR315W,YML112W,0,1.2070915,0.146573007106781,0.7613412141799927,0.4501301944255829
YKL161C,YJR112W,0,1.2070034,0.1465451717376709,0.7613412141799927,0.45023033022880554
YPR189W,YDL107W,0,1.2067556,0.14651736617088318,0.7613412141799927,0.4503304660320282
YMR032W,YPL129W,0,1.2067333,0.14648956060409546,0.7613412141799927,0.45043060183525085
YPL099C,YGL163C,0,1.2064191,0.14646176993846893,0.7613412141799927,0.4505307376384735
YOL090W,YKL172W,0,1.2059976,0.1464339941740036,0.7613412141799927,0.45063087344169617
YJL060W,YBL098W,0,1.2059783,0.14640621840953827,0.7613412141799927,0.4507310092449188
YER150W,YLR440C,0,1.2052091,0.14637845754623413,0.7613412141799927,0.45083117485046387
YBR066C,YGR085C,0,1.2049791,0.1463507115840912,0.7613412141799927,0.4509313106536865
YBR150C,YML128C,0,1.2049273,0.14632296562194824,0.7613412141799927,0.4510314464569092
YLR043C,YMR269W,0,1.2043915,0.14629524946212769,0.7613412141799927,0.45113158226013184
YPL223C,YDR416W,0,1.2038245,0.14626751840114594,0.7613412141799927,0.4512317180633545
YPL082C,YPL129W,0,1.2035073,0.14623981714248657,0.7613412141799927,0.45133185386657715
YJL030W,YIR032C,0,1.2032155,0.1462121158838272,0.7613412141799927,0.4514320194721222
YDL206W,YLR285W,0,1.2029164,0.14618442952632904,0.7613412141799927,0.45153215527534485
YKL217W,YFL013C,0,1.2028917,0.14615675806999207,0.7613412141799927,0.4516322910785675
YGR109C,YGR108W,1,1.2028158,0.14631837606430054,0.7623274326324463,0.4516322910785675
YAR031W,YLR050C,0,1.2025293,0.14629068970680237,0.7623274326324463,0.45173242688179016
YKL082C,YPR119W,0,1.2022486,0.1462630033493042,0.7623274326324463,0.4518325626850128
YGR285C,YML039W,0,1.2021934,0.14623533189296722,0.7623274326324463,0.4519326984882355
YLR024C,YDR497C,0,1.2020842,0.14620767533779144,0.7623274326324463,0.45203283429145813
YGL170C,YFL066C,0,1.2020044,0.14618003368377686,0.7623274326324463,0.4521329998970032
YMR054W,YPL011C,0,1.20194,0.14615239202976227,0.7623274326324463,0.45223313570022583
YDR392W,YKL172W,0,1.2019254,0.14612476527690887,0.7623274326324463,0.4523332715034485
YBL113C,YJR101W,0,1.2018566,0.14609715342521667,0.7623274326324463,0.45243340730667114
YEL053C,YBR037C,0,1.2017124,0.14606954157352448,0.7623274326324463,0.4525335431098938
YGR251W,YNR013C,0,1.2017112,0.14604194462299347,0.7623274326324463,0.45263367891311646
YPL139C,YNL138W,0,1.2014871,0.14601436257362366,0.7623274326324463,0.4527338147163391
YOR287C,YOR393W,0,1.2012537,0.14598678052425385,0.7623274326324463,0.45283398032188416
YBR260C,YOR148C,0,1.2011119,0.14595921337604523,0.7623274326324463,0.4529341161251068
YEL012W,YER171W,0,1.2009183,0.1459316611289978,0.7623274326324463,0.45303425192832947
YDR414C,YDL179W,0,1.2006552,0.14590410888195038,0.7623274326324463,0.4531343877315521
YJR078W,YGL148W,0,1.2005452,0.14587658643722534,0.7623274326324463,0.4532345235347748
YCL074W,YFL013C,0,1.199805,0.1458490639925003,0.7623274326324463,0.45333465933799744
YGR169C,YDR195W,0,1.1997876,0.14582154154777527,0.7623274326324463,0.4534347951412201
YOR180C,YPR159W,0,1.1996421,0.14579403400421143,0.7623274326324463,0.45353496074676514
YMR033W,YLR224W,0,1.1994404,0.14576654136180878,0.7623274326324463,0.4536350965499878
YKL090W,YMR143W,0,1.1993663,0.14573906362056732,0.7623274326324463,0.45373523235321045
YOR237W,YKL095W,0,1.1992306,0.14571158587932587,0.7623274326324463,0.4538353681564331
YDL021W,YNR013C,0,1.1990895,0.1456841379404068,0.7623274326324463,0.45393550395965576
YLR401C,YDR146C,0,1.1983104,0.14565667510032654,0.7623274326324463,0.4540356397628784
YHR014W,YJL013C,1,1.1982812,0.14581763744354248,0.7633135914802551,0.4540356397628784
YER125W,YDL015C,0,1.1982645,0.14579017460346222,0.7633135914802551,0.4541357755661011
YIL134W,YHR211W,0,1.1981229,0.14576271176338196,0.7633135914802551,0.4542359411716461
YKL007W,YGR084C,0,1.1980126,0.1457352638244629,0.7633135914802551,0.4543360769748688
YGL158W,YDR453C,0,1.1978623,0.14570783078670502,0.7633135914802551,0.45443621277809143
YDR067C,YLR359W,0,1.1974694,0.14568041265010834,0.7633135914802551,0.4545363485813141
YGR098C,YML074C,1,1.1973827,0.14584118127822876,0.7642998099327087,0.4545363485813141
YPL163C,YAR031W,0,1.1972786,0.1458137333393097,0.7642998099327087,0.45463648438453674
YDR414C,YLR452C,0,1.1972775,0.14578630030155182,0.7642998099327087,0.4547366201877594
YJR151C,YHR057C,0,1.197213,0.14575888216495514,0.7642998099327087,0.45483678579330444
YNR074C,YDL070W,0,1.1971244,0.14573147892951965,0.7642998099327087,0.4549369215965271
YBR172C,YER017C,0,1.1966505,0.14570407569408417,0.7642998099327087,0.45503705739974976
YNL314W,YJR107W,0,1.196642,0.14567668735980988,0.7642998099327087,0.4551371932029724
YMR218C,YBR243C,0,1.1964924,0.14564931392669678,0.7642998099327087,0.45523732900619507
YOR388C,YBR281C,0,1.1961682,0.14562194049358368,0.7642998099327087,0.4553374648094177
YOL026C,YOR261C,0,1.1961483,0.14559459686279297,0.7642998099327087,0.4554376006126404
YDL208W,YJL128C,0,1.1960689,0.14556723833084106,0.7642998099327087,0.4555377662181854
YNL131W,YDL225W,0,1.1957542,0.14553990960121155,0.7642998099327087,0.4556379020214081
YKL189W,YCL032W,0,1.195634,0.14551258087158203,0.7642998099327087,0.45573803782463074
YDR245W,YOR317W,0,1.1954287,0.1454852670431137,0.7642998099327087,0.4558381736278534
YLR314C,YBL113C,0,1.1953007,0.14545795321464539,0.7642998099327087,0.45593830943107605
YBR002C,YLR316C,0,1.1952229,0.14543066918849945,0.7642998099327087,0.4560384452342987
YKL001C,YFL054C,0,1.1948262,0.14540337026119232,0.7642998099327087,0.45613858103752136
YEL053C,YER168C,0,1.1946915,0.14537610113620758,0.7642998099327087,0.4562387466430664
YOR216C,YPR043W,0,1.194386,0.14534883201122284,0.7642998099327087,0.45633888244628906
YOR311C,YNL259C,0,1.1943053,0.1453215777873993,0.7642998099327087,0.4564390182495117
YFL054C,YFL013C,0,1.194275,0.14529433846473694,0.7642998099327087,0.4565391540527344
YGR251W,YNL016W,0,1.1938491,0.14526709914207458,0.7642998099327087,0.45663928985595703
YKL130C,YHR168W,0,1.1934959,0.14523987472057343,0.7642998099327087,0.4567394256591797
YLR353W,YDL128W,0,1.1929594,0.14521266520023346,0.7642998099327087,0.45683956146240234
YNL095C,YIL048W,0,1.1927987,0.1451854556798935,0.7642998099327087,0.4569397270679474
YBR066C,YIR038C,0,1.1925296,0.14515827596187592,0.7642998099327087,0.45703986287117004
YHR047C,YBR287W,0,1.1925291,0.14513108134269714,0.7642998099327087,0.4571399986743927
YJL034W,YPL119C,0,1.1923842,0.14510391652584076,0.7642998099327087,0.45724013447761536
YNL163C,YNL262W,0,1.1923174,0.14507675170898438,0.7642998099327087,0.457340270280838
YGR268C,YJL071W,0,1.1922029,0.14504960179328918,0.7642998099327087,0.45744040608406067
YBR223C,YNL147W,0,1.1920947,0.145022451877594,0.7642998099327087,0.4575405418872833
YGL180W,YCL004W,0,1.1918942,0.14499531686306,0.7642998099327087,0.45764070749282837
YAL024C,YNL282W,0,1.1916424,0.1449681967496872,0.7642998099327087,0.457740843296051
YNL085W,YJL191W,0,1.1913645,0.14494109153747559,0.7642998099327087,0.4578409790992737
YNL160W,YLR016C,0,1.1912535,0.14491398632526398,0.7642998099327087,0.45794111490249634
YOR323C,YOR147W,0,1.191039,0.14488689601421356,0.7642998099327087,0.458041250705719
YBL058W,YOL108C,0,1.1910375,0.14485980570316315,0.7642998099327087,0.45814138650894165
YGL183C,YNL238W,0,1.1906872,0.14483274519443512,0.7642998099327087,0.4582415521144867
YOL040C,YDR444W,0,1.1899457,0.1448056846857071,0.7642998099327087,0.45834168791770935
YHR030C,YOR025W,0,1.1898855,0.14477862417697906,0.7642998099327087,0.458441823720932
YFL010W-A,YBR061C,0,1.1893297,0.14475159347057343,0.7642998099327087,0.45854195952415466
YGL068W,YCL043C,0,1.189056,0.14472456276416779,0.7642998099327087,0.4586420953273773
YGR177C,YNL258C,0,1.1887683,0.14469753205776215,0.7642998099327087,0.4587422311306
YGL112C,YMR025W,0,1.1887008,0.1446705311536789,0.7642998099327087,0.45884236693382263
YKL061W,YLR344W,0,1.1885794,0.14464353024959564,0.7642998099327087,0.4589425325393677
YJL140W,YMR272C,0,1.188075,0.1446165293455124,0.7642998099327087,0.45904266834259033
YKR066C,YHR004C,0,1.1880497,0.14458955824375153,0.7642998099327087,0.459142804145813
YML073C,YAL031C,0,1.1880454,0.14456258714199066,0.7642998099327087,0.45924293994903564
YLR016C,YOR351C,0,1.1880026,0.1445356160402298,0.7642998099327087,0.4593430757522583
YIR025W,YKR072C,1,1.1876575,0.14469513297080994,0.7652859687805176,0.4593430757522583
YPL042C,YEL022W,0,1.1876324,0.14466816186904907,0.7652859687805176,0.45944321155548096
YOL001W,YPL200W,1,1.1875995,0.14482758939266205,0.7662721872329712,0.45944321155548096
YOR323C,YGL019W,0,1.1874502,0.14480060338974,0.7662721872329712,0.4595433473587036
YLR113W,YDL015C,0,1.1872965,0.14477361738681793,0.7662721872329712,0.45964351296424866
YLR264W,YOL101C,0,1.1867712,0.14474664628505707,0.7662721872329712,0.4597436487674713
YGR264C,YMR032W,0,1.1866325,0.1447196900844574,0.7662721872329712,0.45984378457069397
YHL012W,YER137C,0,1.1863432,0.14469273388385773,0.7662721872329712,0.4599439203739166
YOR388C,YDR415C,0,1.1858681,0.14466579258441925,0.7662721872329712,0.4600440561771393
YKR002W,YPR030W,0,1.1849425,0.14463886618614197,0.7662721872329712,0.46014419198036194
YPR011C,YCR060W,0,1.1848943,0.14461195468902588,0.7662721872329712,0.4602443277835846
YHR179W,YPR133W-A,0,1.184851,0.1445850431919098,0.7662721872329712,0.46034449338912964
YKL144C,YIL048W,0,1.1846381,0.1445581465959549,0.7662721872329712,0.4604446291923523
YPR083W,YFL021W,0,1.1845415,0.14453125,0.7662721872329712,0.46054476499557495
YOR147W,YMR061W,0,1.1845291,0.1445043683052063,0.7662721872329712,0.4606449007987976
YJR028W,YML056C,0,1.1839864,0.1444775015115738,0.7662721872329712,0.46074503660202026
YFR029W,YLR187W,0,1.1835085,0.14445063471794128,0.7662721872329712,0.4608451724052429
YIL079C,YMR246W,0,1.1834648,0.14442379772663116,0.7662721872329712,0.46094533801078796
YDL246C,YOR351C,0,1.1834073,0.14439694583415985,0.7662721872329712,0.4610454738140106
YMR112C,YEL029C,0,1.1830369,0.14437012374401093,0.7662721872329712,0.4611456096172333
YDL246C,YLR153C,0,1.1828676,0.144343301653862,0.7662721872329712,0.46124574542045593
YJL079C,YBR074W,0,1.1828394,0.14431649446487427,0.7662721872329712,0.4613458812236786
YPR189W,YEL052W,0,1.1826428,0.14428968727588654,0.7662721872329712,0.46144601702690125
YGR251W,YLR183C,0,1.18261,0.1442629098892212,0.7662721872329712,0.4615461528301239
YHR030C,YDR170C,0,1.1825037,0.14423611760139465,0.7662721872329712,0.46164631843566895
YOL124C,YDR304C,0,1.1821982,0.1442093551158905,0.7662721872329712,0.4617464542388916
YJR004C,YFR019W,0,1.1821624,0.14418259263038635,0.7662721872329712,0.46184659004211426
YLL019C,YBR031W,0,1.182016,0.1441558450460434,0.7662721872329712,0.4619467258453369
YGL083W,YIL133C,0,1.1817895,0.14412909746170044,0.7662721872329712,0.46204686164855957
YER154W,YJR032W,0,1.1804647,0.14410237967967987,0.7662721872329712,0.4621469974517822
YHR047C,YPR167C,0,1.1804444,0.1440756469964981,0.7662721872329712,0.4622471332550049
YGL026C,YGL183C,0,1.1802338,0.14404894411563873,0.7662721872329712,0.4623472988605499
YDR082W,YMR180C,0,1.1800573,0.14402224123477936,0.7662721872329712,0.4624474346637726
YPR162C,YDR416W,0,1.1798339,0.14399555325508118,0.7662721872329712,0.46254757046699524
YLL033W,YMR213W,0,1.1785523,0.143968865275383,0.7662721872329712,0.4626477062702179
YDR079W,YBR061C,0,1.178237,0.1439422070980072,0.7662721872329712,0.46274784207344055
YKR055W,YKL067W,0,1.178131,0.14391553401947021,0.7662721872329712,0.4628479778766632
YPL180W,YPL208W,0,1.1772343,0.14388889074325562,0.7662721872329712,0.46294811367988586
YLR160C,YJL176C,0,1.176377,0.14386224746704102,0.7662721872329712,0.4630482792854309
YLR383W,YDL024C,0,1.175647,0.1438356190919876,0.7662721872329712,0.46314841508865356
YDR383C,YBR150C,0,1.1755852,0.1438089907169342,0.7662721872329712,0.4632485508918762
YDR460W,YKL007W,0,1.175305,0.143782377243042,0.7662721872329712,0.4633486866950989
YPR075C,YJR066W,1,1.1752523,0.1439407914876938,0.7672584056854248,0.4633486866950989
YOR212W,YLR300W,0,1.1742553,0.14391416311264038,0.7672584056854248,0.46344882249832153
YNL078W,YBR274W,1,1.1737939,0.1440725028514862,0.7682445645332336,0.46344882249832153
YJL060W,YMR061W,0,1.1736941,0.1440458595752716,0.7682445645332336,0.4635489583015442
YMR005W,YIL083C,0,1.1736631,0.1440192312002182,0.7682445645332336,0.46364909410476685
YOL111C,YER137C,0,1.1736007,0.1439926028251648,0.7682445645332336,0.4637492597103119
YCL036W,YKL074C,0,1.1734421,0.14396598935127258,0.7682445645332336,0.46384939551353455
YJL066C,YGL026C,0,1.1734406,0.14393939077854156,0.7682445645332336,0.4639495313167572
YGR077C,YKR069W,0,1.1731688,0.14391280710697174,0.7682445645332336,0.46404966711997986
YKR020W,YFR052W,0,1.1727935,0.14388622343540192,0.7682445645332336,0.4641498029232025
YJL034W,YMR054W,0,1.1727628,0.1438596546649933,0.7682445645332336,0.46424993872642517
YBR081C,YNR067C,0,1.172398,0.14383308589458466,0.7682445645332336,0.4643501043319702
YOL070C,YAL063C,0,1.1721848,0.14380653202533722,0.7682445645332336,0.46445024013519287
YEL040W,YOL111C,0,1.1719401,0.14377999305725098,0.7682445645332336,0.4645503759384155
YDR196C,YOR212W,0,1.1717303,0.14375345408916473,0.7682445645332336,0.4646505117416382
YLL045C,YJL030W,0,1.1716818,0.14372693002223969,0.7682445645332336,0.46475064754486084
YGR221C,YGR222W,0,1.1705561,0.14370042085647583,0.7682445645332336,0.4648507833480835
YGR179C,YOR025W,0,1.1701835,0.14367392659187317,0.7682445645332336,0.46495091915130615
YPL131W,YDL208W,0,1.1697564,0.1436474323272705,0.7682445645332336,0.4650510847568512
YMR029C,YGL181W,1,1.1696054,0.14380531013011932,0.7692307829856873,0.4650510847568512
YLR107W,YKR044W,0,1.1694795,0.14377880096435547,0.7692307829856873,0.46515122056007385
YML112W,YJR140C,0,1.1691166,0.1437523066997528,0.7692307829856873,0.4652513563632965
YPL252C,YNL258C,0,1.1691128,0.14372581243515015,0.7692307829856873,0.46535149216651917
YBR020W,YJR053W,0,1.1689023,0.14369933307170868,0.7692307829856873,0.4654516279697418
YJL034W,YML080W,0,1.1686379,0.1436728686094284,0.7692307829856873,0.4655517637729645
YER019C-A,YDR404C,0,1.168588,0.14364640414714813,0.7692307829856873,0.46565189957618713
YJR103W,YNL259C,0,1.1685817,0.14361995458602905,0.7692307829856873,0.4657520651817322
YKL094W,YGR276C,0,1.1675115,0.14359351992607117,0.7692307829856873,0.46585220098495483
YJL187C,YPR149W,0,1.1674759,0.14356708526611328,0.7692307829856873,0.4659523367881775
YLR047C,YMR213W,0,1.1673803,0.1435406655073166,0.7692307829856873,0.46605247259140015
YBL058W,YOR222W,0,1.1672789,0.1435142606496811,0.7692307829856873,0.4661526083946228
YFL038C,YJL128C,0,1.1672057,0.1434878557920456,0.7692307829856873,0.46625274419784546
YDR072C,YKL203C,0,1.1671162,0.1434614658355713,0.7692307829856873,0.4663528800010681
YJL005W,YDL206W,0,1.1670424,0.14343509078025818,0.7692307829856873,0.46645304560661316
YLR165C,YER125W,0,1.1670114,0.14340871572494507,0.7692307829856873,0.4665531814098358
YDR419W,YPL027W,0,1.1667951,0.14338235557079315,0.7692307829856873,0.46665331721305847
YBR006W,YNL290W,0,1.166778,0.14335599541664124,0.7692307829856873,0.46675345301628113
YML039W,YGL190C,0,1.1667453,0.1433296650648117,0.7692307829856873,0.4668535888195038
YCR014C,YBR095C,0,1.1662356,0.14330331981182098,0.7692307829856873,0.46695372462272644
YKL022C,YPL256C,1,1.1658882,0.1434606909751892,0.7702169418334961,0.46695372462272644
YMR228W,YOR355W,0,1.1657706,0.1434343457221985,0.7702169418334961,0.4670538902282715
YDL029W,YOR180C,0,1.1653795,0.14340800046920776,0.7702169418334961,0.46715402603149414
YDR451C,YAL040C,1,1.1651888,0.14356526732444763,0.7712031602859497,0.46715402603149414
YOR226C,YFR019W,0,1.1651542,0.14353890717029572,0.7712031602859497,0.4672541618347168
YJL034W,YER138C,0,1.1648654,0.1435125768184662,0.7712031602859497,0.46735429763793945
YCL036W,YJL166W,0,1.1646901,0.14348623156547546,0.7712031602859497,0.4674544334411621
YLR163C,YER130C,0,1.164097,0.14345991611480713,0.7712031602859497,0.46755456924438477
YDR131C,YJL141C,0,1.163752,0.1434336006641388,0.7712031602859497,0.4676547050476074
YPL083C,YLR312W-A,0,1.1637113,0.14340730011463165,0.7712031602859497,0.46775487065315247
YPL274W,YEL056W,0,1.1632036,0.1433809995651245,0.7712031602859497,0.4678550064563751
YLR244C,YMR077C,0,1.1630678,0.14335471391677856,0.7712031602859497,0.4679551422595978
YPL213W,YNL138W,0,1.162517,0.1433284431695938,0.7712031602859497,0.46805527806282043
YDR451C,YGL086W,1,1.1623796,0.143485426902771,0.7721893787384033,0.46805527806282043
YPL131W,YGR177C,0,1.1619114,0.14345914125442505,0.7721893787384033,0.4681554138660431
YGL030W,YER137C,0,1.1617811,0.1434328705072403,0.7721893787384033,0.46825554966926575
YLR206W,YMR319C,0,1.1616706,0.14340659976005554,0.7721893787384033,0.4683556854724884
YNL202W,YLR278C,0,1.1614872,0.1433803290128708,0.7721893787384033,0.46845585107803345
YBL112C,YIL035C,0,1.1611966,0.14335408806800842,0.7721893787384033,0.4685559868812561
YJL112W,YDL022W,0,1.1606047,0.14332784712314606,0.7721893787384033,0.46865612268447876
YHR029C,YMR087W,0,1.1603758,0.1433016061782837,0.7721893787384033,0.4687562584877014
YDR451C,YLR288C,1,1.1603732,0.14345836639404297,0.7731755375862122,0.4687562584877014
YOR054C,YDR404C,0,1.1603558,0.1434321254491806,0.7731755375862122,0.4688563942909241
YDL198C,YOR162C,0,1.1599921,0.14340588450431824,0.7731755375862122,0.46895653009414673
YJL024C,YBR173C,0,1.1595539,0.14337965846061707,0.7731755375862122,0.4690566658973694
YHR059W,YLR321C,0,1.1594276,0.1433534473180771,0.7731755375862122,0.46915683150291443
YHL007C,YDR363W-A,1,1.1588287,0.14351005852222443,0.7741617560386658,0.46915683150291443
YNL298W,YGL158W,1,1.1588136,0.143666610121727,0.7751479148864746,0.46915683150291443
YCR093W,YLR301W,0,1.1587688,0.14364035427570343,0.7751479148864746,0.4692569673061371
YNL304W,YHR174W,0,1.1586598,0.14361409842967987,0.7751479148864746,0.46935710310935974
YPR024W,YKL166C,0,1.1583627,0.1435878723859787,0.7751479148864746,0.4694572389125824
YPL163C,YDR140W,0,1.1581649,0.14356164634227753,0.7751479148864746,0.46955737471580505
YBR081C,YLR160C,0,1.1578983,0.14353542029857635,0.7751479148864746,0.4696575105190277
YER098W,YLR047C,0,1.1577673,0.14350922405719757,0.7751479148864746,0.46975764632225037
YDR451C,YHR209W,0,1.1575837,0.1434830278158188,0.7751479148864746,0.4698578119277954
YCL036W,YOR349W,0,1.157352,0.14345683157444,0.7751479148864746,0.46995794773101807
YPL218W,YPL096W,0,1.1571507,0.1434306502342224,0.7751479148864746,0.4700580835342407
YPL131W,YOL104C,0,1.1570206,0.14340448379516602,0.7751479148864746,0.4701582193374634
YER171W,YLR389C,0,1.1568464,0.1433783322572708,0.7751479148864746,0.47025835514068604
YPR011C,YLR153C,0,1.1567128,0.1433521807193756,0.7751479148864746,0.4703584909439087
YER138C,YJL191W,0,1.1562802,0.1433260440826416,0.7751479148864746,0.47045865654945374
YPR191W,YIL140W,0,1.1558853,0.1432999074459076,0.7751479148864746,0.4705587923526764
YBR155W,YNL307C,0,1.1558815,0.14327378571033478,0.7751479148864746,0.47065892815589905
YGR020C,YDR415C,0,1.1557629,0.14324767887592316,0.7751479148864746,0.4707590639591217
YPL188W,YDR062W,0,1.1553675,0.14322157204151154,0.7751479148864746,0.47085919976234436
YHR004C,YBL092W,0,1.1552285,0.1431954801082611,0.7751479148864746,0.470959335565567
YML030W,YJL071W,0,1.1552026,0.14316940307617188,0.7751479148864746,0.4710594713687897
YFL013C,YOR353C,0,1.1550299,0.14314332604408264,0.7751479148864746,0.4711596369743347
YER175C,YLR394W,0,1.1546465,0.1431172639131546,0.7751479148864746,0.4712597727775574
YPL127C,YPL200W,0,1.1546226,0.14309120178222656,0.7751479148864746,0.47135990858078003
YKR071C,YHR051W,0,1.1545051,0.14306515455245972,0.7751479148864746,0.4714600443840027
YBR287W,YKR028W,0,1.1542312,0.14303912222385406,0.7751479148864746,0.47156018018722534
YGR036C,YGR118W,0,1.1542174,0.1430131047964096,0.7751479148864746,0.471660315990448
YOR298W,YNL175C,0,1.1539937,0.14298708736896515,0.7751479148864746,0.47176045179367065
YIL002C,YDL206W,0,1.1539127,0.1429610699415207,0.7751479148864746,0.4718606173992157
YNL304W,YAL031C,0,1.1536103,0.14293508231639862,0.7751479148864746,0.47196075320243835
YLR163C,YOR098C,0,1.1534363,0.14290909469127655,0.7751479148864746,0.472060889005661
YOL043C,YER104W,0,1.1530074,0.14288310706615448,0.7751479148864746,0.47216102480888367
YOR159C,YPR001W,0,1.1529249,0.1428571492433548,0.7751479148864746,0.4722611606121063
YDR304C,YLL017W,0,1.1529073,0.14283117651939392,0.7751479148864746,0.472361296415329
YLL003W,YLR129W,0,1.1526322,0.14280523359775543,0.7751479148864746,0.47246143221855164
YBR202W,YKL205W,0,1.1522651,0.14277929067611694,0.7751479148864746,0.4725615978240967
YLR033W,YDL083C,0,1.1518973,0.14275336265563965,0.7751479148864746,0.47266173362731934
YDR174W,YDR373W,0,1.1518536,0.14272743463516235,0.7751479148864746,0.472761869430542
YCR014C,YML028W,0,1.1518139,0.14270152151584625,0.7751479148864746,0.47286200523376465
YKL038W,YFR001W,0,1.1517652,0.14267562329769135,0.7751479148864746,0.4729621410369873
YKL201C,YER190W,0,1.1514891,0.14264972507953644,0.7751479148864746,0.47306227684020996
YJL079C,YDL077C,0,1.1512438,0.14262384176254272,0.7751479148864746,0.4731624126434326
YHR041C,YPL129W,0,1.1512426,0.1425979733467102,0.7751479148864746,0.47326257824897766
YEL053C,YKL022C,0,1.1511924,0.14257210493087769,0.7751479148864746,0.4733627140522003
YLL002W,YHR132C,0,1.150752,0.14254625141620636,0.7751479148864746,0.473462849855423
YPR137W,YLR145W,0,1.1506869,0.14252039790153503,0.7751479148864746,0.47356298565864563
YDL194W,YAR019C,1,1.1506783,0.14267584681510925,0.7761341333389282,0.47356298565864563
YHR209W,YNL027W,0,1.1501858,0.14264999330043793,0.7761341333389282,0.4736631214618683
YMR250W,YNL290W,0,1.1494884,0.1426241397857666,0.7761341333389282,0.47376325726509094
YJL034W,YOR226C,0,1.1493613,0.14259830117225647,0.7761341333389282,0.473863422870636
YIL128W,YAR002C-A,0,1.1487498,0.14257246255874634,0.7761341333389282,0.47396355867385864
YGL062W,YOR279C,0,1.1484224,0.1425466388463974,0.7761341333389282,0.4740636944770813
YGR221C,YNL032W,0,1.1473228,0.14252083003520966,0.7761341333389282,0.47416383028030396
YOL112W,YBR170C,0,1.147296,0.1424950212240219,0.7761341333389282,0.4742639660835266
YDR414C,YOR123C,0,1.1472181,0.14246922731399536,0.7761341333389282,0.47436410188674927
YMR078C,YCL043C,0,1.1470484,0.1424434334039688,0.7761341333389282,0.4744642376899719
YPR113W,YMR123W,0,1.1467253,0.14241766929626465,0.7761341333389282,0.47456440329551697
YPR035W,YOR038C,0,1.1467128,0.1423918902873993,0.7761341333389282,0.4746645390987396
YDR034C,YJL144W,0,1.146424,0.14236614108085632,0.7761341333389282,0.4747646749019623
YGR010W,YGR167W,0,1.1460997,0.14234039187431335,0.7761341333389282,0.47486481070518494
YEL041W,YFL021W,0,1.1457667,0.14231464266777039,0.7761341333389282,0.4749649465084076
YDR309C,YNL298W,1,1.1455777,0.14246971905231476,0.7771202921867371,0.4749649465084076
YFR031C,YER154W,0,1.145204,0.1424439698457718,0.7771202921867371,0.47506508231163025
YOR054C,YDL035C,0,1.1451544,0.14241822063922882,0.7771202921867371,0.4751652181148529
YDR137W,YGL148W,0,1.1451113,0.14239248633384705,0.7771202921867371,0.47526538372039795
YBR274W,YCL025C,0,1.1450356,0.14236675202846527,0.7771202921867371,0.4753655195236206
YBR066C,YOR098C,0,1.1450278,0.14234104752540588,0.7771202921867371,0.47546565532684326
YBR103W,YGL003C,1,1.1449975,0.14249593019485474,0.7781065106391907,0.47546565532684326
YGL122C,YKR026C,0,1.1448661,0.14247021079063416,0.7781065106391907,0.4755657911300659
YCL043C,YDR410C,0,1.1447684,0.14244449138641357,0.7781065106391907,0.4756659269332886
YJL004C,YBR238C,0,1.1445321,0.142418771982193,0.7781065106391907,0.47576606273651123
YJL225C,YBR145W,0,1.1445183,0.1423930674791336,0.7781065106391907,0.4758661985397339
YDR389W,YFL054C,0,1.1445116,0.1423673778772354,0.7781065106391907,0.47596636414527893
YFR036W,YBR274W,1,1.1444957,0.14252209663391113,0.7790927290916443,0.47596636414527893
YBR081C,YBR129C,0,1.1442703,0.14249639213085175,0.7790927290916443,0.4760664999485016
YOL111C,YPL188W,0,1.1441901,0.14247068762779236,0.7790927290916443,0.47616663575172424
YFL057C,YLL055W,0,1.144035,0.14244499802589417,0.7790927290916443,0.4762667715549469
YJR036C,YKR026C,0,1.1437835,0.14241932332515717,0.7790927290916443,0.47636690735816956
YER074W,YMR075W,0,1.1435084,0.14239364862442017,0.7790927290916443,0.4764670431613922
YIL135C,YKL168C,0,1.1430383,0.14236798882484436,0.7790927290916443,0.47656720876693726
YNL282W,YOL004W,0,1.1430033,0.14234234392642975,0.7790927290916443,0.4766673445701599
YER017C,YMR176W,0,1.1429058,0.14231669902801514,0.7790927290916443,0.47676748037338257
YHR059W,YNR013C,0,1.1423595,0.14229106903076172,0.7790927290916443,0.4768676161766052
YNL297C,YNL092W,0,1.1416535,0.1422654390335083,0.7790927290916443,0.4769677519798279
YNR004W,YKL203C,0,1.1412688,0.14223982393741608,0.7790927290916443,0.47706788778305054
YBR182C,YBR061C,0,1.1398522,0.14221422374248505,0.7790927290916443,0.4771680235862732
YDR518W,YOR219C,0,1.1397808,0.14218862354755402,0.7790927290916443,0.47726818919181824
YDR306C,YMR145C,0,1.1395415,0.14216303825378418,0.7790927290916443,0.4773683249950409
YHR047C,YMR304W,0,1.1393958,0.14213745296001434,0.7790927290916443,0.47746846079826355
YKL038W,YGL163C,0,1.1392515,0.1421118974685669,0.7790927290916443,0.4775685966014862
YKR056W,YLL040C,0,1.1391708,0.14208632707595825,0.7790927290916443,0.47766873240470886
YOL086C,YFL010W-A,0,1.1389278,0.142060786485672,0.7790927290916443,0.4777688682079315
YKL210W,YGL220W,0,1.1387793,0.14203524589538574,0.7790927290916443,0.4778690040111542
YGR264C,YPL110C,0,1.1387727,0.1420097053050995,0.7790927290916443,0.4779691696166992
YPL127C,YHR082C,0,1.1385566,0.14198417961597443,0.7790927290916443,0.4780693054199219
YGL134W,YJL194W,1,1.1383188,0.14213836193084717,0.7800788879394531,0.4780693054199219
YKL161C,YLR383W,0,1.1381677,0.1421128213405609,0.7800788879394531,0.47816944122314453
YBR037C,YLR389C,0,1.1380521,0.14208729565143585,0.7800788879394531,0.4782695770263672
YBR059C,YPL065W,0,1.1378924,0.14206178486347198,0.7800788879394531,0.47836971282958984
YMR200W,YMR075W,0,1.137668,0.14203627407550812,0.7800788879394531,0.4784698486328125
YLR447C,YDL045C,0,1.1375705,0.14201077818870544,0.7800788879394531,0.47856998443603516
YGR036C,YJL124C,0,1.137417,0.14198528230190277,0.7800788879394531,0.4786701500415802
YBR150C,YLR389C,0,1.1369398,0.1419598013162613,0.7800788879394531,0.47877028584480286
YBR081C,YMR145C,0,1.1366929,0.1419343203306198,0.7800788879394531,0.4788704216480255
YER171W,YOR085W,0,1.1366509,0.14190886914730072,0.7800788879394531,0.47897055745124817
YLR390W,YDR470C,0,1.136644,0.14188340306282043,0.7800788879394531,0.4790706932544708
YOL124C,YGR199W,0,1.1365271,0.14185796678066254,0.7800788879394531,0.4791708290576935
YDR498C,YPL183W-A,0,1.1361356,0.14183253049850464,0.7800788879394531,0.47927096486091614
YKL126W,YDR373W,0,1.1360034,0.14180709421634674,0.7800788879394531,0.4793711304664612
YDL039C,YKL172W,0,1.1356255,0.14178168773651123,0.7800788879394531,0.47947126626968384
YLR353W,YPR149W,0,1.1352795,0.14175626635551453,0.7800788879394531,0.4795714020729065
YNL219C,YPR138C,0,1.1348985,0.1417308747768402,0.7800788879394531,0.47967153787612915
YBR128C,YKL001C,0,1.1346277,0.1417054831981659,0.7800788879394531,0.4797716736793518
YMR136W,YHR079C,0,1.1344124,0.14168010652065277,0.7800788879394531,0.47987180948257446
YOR299W,YMR210W,0,1.1343757,0.14165472984313965,0.7800788879394531,0.4799719750881195
YOR054C,YDR229W,0,1.1341954,0.14162936806678772,0.7800788879394531,0.48007211089134216
YIL106W,YMR135C,1,1.1341189,0.14178302884101868,0.7810651063919067,0.48007211089134216
YDR067C,YNL078W,0,1.1338522,0.14175765216350555,0.7810651063919067,0.4801722466945648
YDL194W,YGR211W,1,1.1334817,0.14191123843193054,0.7820512652397156,0.4801722466945648
YPL213W,YNL219C,0,1.133217,0.14188584685325623,0.7820512652397156,0.4802723824977875
YBR118W,YNR003C,0,1.132668,0.1418604701757431,0.7820512652397156,0.48037251830101013
YPR035W,YBR052C,0,1.1320759,0.14183509349822998,0.7820512652397156,0.4804726541042328
YPL007C,YNL192W,0,1.1319057,0.14180973172187805,0.7820512652397156,0.48057278990745544
YMR199W,YOR351C,1,1.1315033,0.1419631689786911,0.7830374836921692,0.48057278990745544
YPR083W,YOR313C,0,1.1313022,0.14193779230117798,0.7830374836921692,0.4806729555130005
YHR135C,YPL218W,0,1.131109,0.14191241562366486,0.7830374836921692,0.48077309131622314
YJL130C,YGR143W,0,1.1309538,0.14188706874847412,0.7830374836921692,0.4808732271194458
YBL091C-A,YOR142W,0,1.1306444,0.1418617069721222,0.7830374836921692,0.48097336292266846
YKL020C,YDR229W,0,1.1305641,0.14183637499809265,0.7830374836921692,0.4810734987258911
YMR250W,YPL027W,0,1.1304973,0.1418110430240631,0.7830374836921692,0.48117363452911377
YGL019W,YLR050C,0,1.1304351,0.14178571105003357,0.7830374836921692,0.4812737703323364
YMR019W,YHL027W,0,1.130418,0.14176039397716522,0.7830374836921692,0.48137393593788147
YER133W,YLR310C,1,1.1303303,0.14191360771656036,0.784023642539978,0.48137393593788147
YOR299W,YDR337W,0,1.1298974,0.14188827574253082,0.784023642539978,0.4814740717411041
YPR083W,YKR069W,0,1.129654,0.14186295866966248,0.784023642539978,0.4815742075443268
YGL026C,YDR423C,0,1.1294544,0.14183764159679413,0.784023642539978,0.48167434334754944
YML006C,YPR138C,0,1.1294407,0.14181233942508698,0.784023642539978,0.4817744791507721
YNL172W,YPL094C,0,1.1294097,0.14178705215454102,0.784023642539978,0.48187461495399475
YGL173C,YNL273W,1,1.129173,0.14194008708000183,0.7850098609924316,0.48187461495399475
YMR112C,YAR002C-A,0,1.1290329,0.14191478490829468,0.7850098609924316,0.4819747507572174
YNL070W,YNL138W,0,1.1289797,0.14188948273658752,0.7850098609924316,0.48207491636276245
YCL004W,YER130C,0,1.1289015,0.14186419546604156,0.7850098609924316,0.4821750521659851
YMR180C,YGR072W,0,1.1286129,0.1418389230966568,0.7850098609924316,0.48227518796920776
YDR164C,YLR270W,0,1.1281496,0.14181365072727203,0.7850098609924316,0.4823753237724304
YBR195C,YIL076W,0,1.1281089,0.14178839325904846,0.7850098609924316,0.4824754595756531
YDL217C,YMR136W,0,1.1280005,0.1417631357908249,0.7850098609924316,0.48257559537887573
YOR142W,YPR152C,0,1.1279595,0.1417378932237625,0.7850098609924316,0.4826757311820984
YMR284W,YIL046W,0,1.1277057,0.14171265065670013,0.7850098609924316,0.48277589678764343
YDL040C,YDL045C,0,1.1276978,0.14168743789196014,0.7850098609924316,0.4828760325908661
YNR067C,YJR053W,0,1.1275656,0.14166221022605896,0.7850098609924316,0.48297616839408875
YJR140C,YLR164W,0,1.1273462,0.14163701236248016,0.7850098609924316,0.4830763041973114
YIL002C,YNR035C,0,1.1272057,0.14161181449890137,0.7850098609924316,0.48317644000053406
YJL124C,YJR032W,0,1.1271874,0.14158661663532257,0.7850098609924316,0.4832765758037567
YOR216C,YJL103C,0,1.1270846,0.14156144857406616,0.7850098609924316,0.48337674140930176
YCR057C,YBR052C,0,1.1270322,0.14153628051280975,0.7850098609924316,0.4834768772125244
YMR273C,YCR026C,0,1.1269717,0.14151111245155334,0.7850098609924316,0.48357701301574707
YOR176W,YHR109W,0,1.1268442,0.14148595929145813,0.7850098609924316,0.4836771488189697
YJR149W,YMR046C,0,1.1261326,0.1414608210325241,0.7850098609924316,0.4837772846221924
YPL150W,YGR185C,0,1.1259778,0.1414356827735901,0.7850098609924316,0.48387742042541504
YGR034W,YDR159W,0,1.1259522,0.14141055941581726,0.7850098609924316,0.4839775562286377
YML056C,YNL298W,0,1.1258553,0.14138543605804443,0.7850098609924316,0.48407772183418274
YHR211W,YOR216C,0,1.1254443,0.1413603276014328,0.7850098609924316,0.4841778576374054
YOL026C,YNL138W,0,1.1253637,0.14133523404598236,0.7850098609924316,0.48427799344062805
YPL244C,YNL175C,0,1.1249863,0.14131014049053192,0.7850098609924316,0.4843781292438507
YNL084C,YBR187W,0,1.1241452,0.14128506183624268,0.7850098609924316,0.48447826504707336
YDR200C,YJL106W,1,1.12353,0.14143744111061096,0.7859960794448853,0.48447826504707336
YNL070W,YKR068C,0,1.1234075,0.14141234755516052,0.7859960794448853,0.484578400850296
YIL088C,YDR240C,0,1.1233107,0.14138726890087128,0.7859960794448853,0.4846785366535187
YHR179W,YDR260C,0,1.1231622,0.14136219024658203,0.7859960794448853,0.4847787022590637
YMR284W,YGL148W,0,1.1228323,0.14133711159229279,0.7859960794448853,0.4848788380622864
YLL002W,YGL037C,0,1.1228,0.14131206274032593,0.7859960794448853,0.48497897386550903
YNL302C,YOR340C,0,1.1227583,0.14128699898719788,0.7859960794448853,0.4850791096687317
YCR033W,YPL209C,1,1.1225812,0.14143919944763184,0.7869822382926941,0.4850791096687317
YDR310C,YJL103C,0,1.1224765,0.14141413569450378,0.7869822382926941,0.48517924547195435
YJR006W,YDR281C,0,1.1221393,0.14138908684253693,0.7869822382926941,0.485279381275177
YIL020C,YAR031W,0,1.1221279,0.14136403799057007,0.7869822382926941,0.48537951707839966
YML006C,YKL003C,0,1.1220876,0.1413390040397644,0.7869822382926941,0.4854796826839447
YCR052W,YBL026W,0,1.1220613,0.14131397008895874,0.7869822382926941,0.48557981848716736
YCL004W,YDL040C,0,1.1219503,0.14128895103931427,0.7869822382926941,0.48567995429039
YGR268C,YMR210W,0,1.1215663,0.141263946890831,0.7869822382926941,0.48578009009361267
YPL119C,YLR187W,0,1.121403,0.14123894274234772,0.7869822382926941,0.4858802258968353
YBL058W,YDL142C,0,1.1213512,0.14121393859386444,0.7869822382926941,0.485980361700058
YOR038C,YJL176C,0,1.1211871,0.14118896424770355,0.7869822382926941,0.486080527305603
YDL216C,YML128C,0,1.1209625,0.14116398990154266,0.7869822382926941,0.4861806631088257
YHR056C,YHR005C-A,0,1.1204838,0.14113901555538177,0.7869822382926941,0.48628079891204834
YDR498C,YGL203C,0,1.120374,0.14111405611038208,0.7869822382926941,0.486380934715271
YKL206C,YPR043W,0,1.1200615,0.14108911156654358,0.7869822382926941,0.48648107051849365
YHR069C,YMR203W,0,1.1199547,0.14106416702270508,0.7869822382926941,0.4865812063217163
YDR518W,YGL060W,0,1.119253,0.14103923738002777,0.7869822382926941,0.48668134212493896
YBR202W,YGR105W,0,1.1190716,0.14101430773735046,0.7869822382926941,0.486781507730484
YJR004C,YDR076W,0,1.1188,0.14098939299583435,0.7869822382926941,0.48688164353370667
YGR216C,YNL274C,0,1.1187428,0.14096449315547943,0.7869822382926941,0.4869817793369293
YNL044W,YGL220W,0,1.118722,0.1409395933151245,0.7869822382926941,0.487081915140152
YFL033C,YDR403W,0,1.1187156,0.1409147083759308,0.7869822382926941,0.48718205094337463
YOR147W,YGL062W,0,1.1186996,0.14088982343673706,0.7869822382926941,0.4872821867465973
YDR059C,YKL095W,0,1.1185963,0.14086495339870453,0.7869822382926941,0.48738232254981995
YER151C,YOR025W,0,1.1179602,0.1408400982618332,0.7869822382926941,0.487482488155365
YLR105C,YLR268W,0,1.1177863,0.14081524312496185,0.7869822382926941,0.48758262395858765
YJL005W,YOR142W,0,1.1172656,0.1407904028892517,0.7869822382926941,0.4876827597618103
YOR283W,YNL307C,0,1.1166543,0.14076556265354156,0.7869822382926941,0.48778289556503296
YFL010W-A,YGL259W,0,1.1164659,0.14074073731899261,0.7869822382926941,0.4878830313682556
YHR132C,YOR126C,0,1.1162945,0.14071592688560486,0.7869822382926941,0.48798316717147827
YDR405W,YIL135C,0,1.1161914,0.1406911164522171,0.7869822382926941,0.4880833029747009
YKL130C,YDR240C,0,1.1161262,0.14066632091999054,0.7869822382926941,0.48818346858024597
YJL187C,YPR060C,0,1.116126,0.14064152538776398,0.7869822382926941,0.48828360438346863
YLL034C,YCL025C,0,1.1160917,0.1406167447566986,0.7869822382926941,0.4883837401866913
YER185W,YCR012W,0,1.1155871,0.14059196412563324,0.7869822382926941,0.48848387598991394
YHR179W,YMR039C,0,1.1154174,0.14056719839572906,0.7869822382926941,0.4885840117931366
YOR237W,YNL032W,0,1.1150845,0.14054244756698608,0.7869822382926941,0.48868414759635925
YDL111C,YHR008C,0,1.1150215,0.1405176967382431,0.7869822382926941,0.4887842833995819
YOR159C,YOR230W,0,1.1145705,0.14049296081066132,0.7869822382926941,0.48888444900512695
YMR168C,YER046W,0,1.1143392,0.14046822488307953,0.7869822382926941,0.4889845848083496
YOR232W,YDR195W,0,1.1142828,0.14044350385665894,0.7869822382926941,0.48908472061157227
YOR138C,YLR350W,0,1.1142347,0.14041879773139954,0.7869822382926941,0.4891848564147949
YMR123W,YER154W,0,1.1141057,0.14039409160614014,0.7869822382926941,0.4892849922180176
YNL127W,YKL124W,0,1.1139859,0.14036940038204193,0.7869822382926941,0.48938512802124023
YCR011C,YMR296C,0,1.1136234,0.14034470915794373,0.7869822382926941,0.4894852936267853
YDR207C,YJL213W,0,1.1132476,0.1403200328350067,0.7869822382926941,0.48958542943000793
YHR061C,YOR232W,0,1.1130748,0.1402953565120697,0.7869822382926941,0.4896855652332306
YJR147W,YNR006W,0,1.1122642,0.14027069509029388,0.7869822382926941,0.48978570103645325
YNL314W,YDR451C,0,1.1120313,0.14024604856967926,0.7869822382926941,0.4898858368396759
YMR182C,YOR313C,0,1.1118425,0.14022140204906464,0.7869822382926941,0.48998597264289856
YIL021W,YOR099W,0,1.1109158,0.1401967704296112,0.7869822382926941,0.4900861084461212
YPR035W,YLR268W,0,1.1108199,0.14017213881015778,0.7869822382926941,0.49018627405166626
YJL053W,YOR180C,0,1.1107264,0.14014752209186554,0.7869822382926941,0.4902864098548889
YOR209C,YJL144W,0,1.1107203,0.1401229202747345,0.7869822382926941,0.4903865456581116
YGR255C,YNL290W,0,1.1102318,0.14009831845760345,0.7869822382926941,0.49048668146133423
YDR067C,YGL200C,0,1.110021,0.1400737166404724,0.7869822382926941,0.4905868172645569
YOR198C,YBR135W,1,1.1099297,0.1402246356010437,0.7879684567451477,0.4905868172645569
YDR138W,YNR072W,0,1.10986,0.14020003378391266,0.7879684567451477,0.49068695306777954
YCR060W,YOR378W,0,1.1097451,0.14017543196678162,0.7879684567451477,0.4907870888710022
YDR207C,YMR136W,0,1.1092677,0.14015084505081177,0.7879684567451477,0.49088725447654724
YLR160C,YGL103W,0,1.1086454,0.1401262730360031,0.7879684567451477,0.4909873902797699
YIL080W,YOR215C,0,1.1086273,0.14010170102119446,0.7879684567451477,0.49108752608299255
YMR029C,YDL188C,1,1.1084634,0.14025245606899261,0.7889546155929565,0.49108752608299255
YGL186C,YHL027W,0,1.1084204,0.14022786915302277,0.7889546155929565,0.4911876618862152
YPR137W,YOL155C,0,1.1080443,0.1402032971382141,0.7889546155929565,0.49128779768943787
YOR054C,YDR281C,0,1.108018,0.14017872512340546,0.7889546155929565,0.4913879334926605
YPR167C,YJR040W,0,1.1078827,0.140154168009758,0.7889546155929565,0.4914880692958832
YBL056W,YBR103W,1,1.1076376,0.1403047889471054,0.7899408340454102,0.4914880692958832
YOR145C,YDL179W,0,1.1073943,0.14028021693229675,0.7899408340454102,0.4915882349014282
YDR454C,YLR291C,0,1.1073176,0.1402556449174881,0.7899408340454102,0.4916883707046509
YBR080C,YKR069W,0,1.1071696,0.14023108780384064,0.7899408340454102,0.49178850650787354
YGR010W,YFL038C,0,1.1062683,0.14020654559135437,0.7899408340454102,0.4918886423110962
YBR002C,YGR281W,0,1.1061637,0.1401820033788681,0.7899408340454102,0.49198877811431885
YOR349W,YNL078W,0,1.1060392,0.14015747606754303,0.7899408340454102,0.4920889139175415
YNL122C,YHR082C,0,1.1053083,0.14013296365737915,0.7899408340454102,0.49218907952308655
YMR179W,YKR026C,0,1.1052983,0.14010845124721527,0.7899408340454102,0.4922892153263092
YEL029C,YAL029C,0,1.1052604,0.1400839388370514,0.7899408340454102,0.49238935112953186
YDR233C,YCR052W,0,1.1047996,0.1400594562292099,0.7899408340454102,0.4924894869327545
YPR204W,YNL052W,0,1.1046495,0.14003495872020721,0.7899408340454102,0.4925896227359772
YPR191W,YPL064C,0,1.1043814,0.14001049101352692,0.7899408340454102,0.49268975853919983
YLR103C,YNL070W,0,1.1041512,0.13998602330684662,0.7899408340454102,0.4927898943424225
YEL012W,YPL139C,0,1.1037912,0.13996155560016632,0.7899408340454102,0.49289005994796753
YPR198W,YPR030W,0,1.1034211,0.13993710279464722,0.7899408340454102,0.4929901957511902
YBL005W-B,YPL098C,0,1.1033679,0.1399126648902893,0.7899408340454102,0.49309033155441284
YMR168C,YJR101W,0,1.103307,0.1398882269859314,0.7899408340454102,0.4931904673576355
YIL088C,YBR141C,0,1.1032844,0.13986380398273468,0.7899408340454102,0.49329060316085815
YKL172W,YJL176C,0,1.1031932,0.13983938097953796,0.7899408340454102,0.4933907389640808
YAR027W,YFL013C,0,1.102601,0.13981497287750244,0.7899408340454102,0.49349087476730347
YMR168C,YJL005W,0,1.1022888,0.1397905796766281,0.7899408340454102,0.4935910403728485
YFR018C,YHR168W,0,1.1020306,0.13976618647575378,0.7899408340454102,0.49369117617607117
YBR196C,YBL058W,0,1.1019915,0.13974179327487946,0.7899408340454102,0.4937913119792938
YNR074C,YAR027W,0,1.1017098,0.13971742987632751,0.7899408340454102,0.4938914477825165
YEL043W,YKL165C,0,1.1016327,0.13969305157661438,0.7899408340454102,0.49399158358573914
YLR080W,YPR190C,0,1.1014374,0.13966870307922363,0.7899408340454102,0.4940917193889618
YHR041C,YLR187W,0,1.1011468,0.13964435458183289,0.7899408340454102,0.49419185519218445
YBR247C,YHR156C,0,1.101113,0.13962000608444214,0.7899408340454102,0.4942920207977295
YGL062W,YNL192W,0,1.1009492,0.13959567248821259,0.7899408340454102,0.49439215660095215
YGR056W,YJL085W,0,1.1008819,0.13957135379314423,0.7899408340454102,0.4944922924041748
YIL108W,YPL259C,0,1.1007499,0.13954703509807587,0.7899408340454102,0.49459242820739746
YEL012W,YLL034C,0,1.1007478,0.1395227313041687,0.7899408340454102,0.4946925640106201
YBR066C,YHR005C-A,0,1.1006073,0.13949842751026154,0.7899408340454102,0.4947926998138428
YER165W,YDR498C,0,1.1004441,0.13947413861751556,0.7899408340454102,0.49489283561706543
YKR056W,YGR155W,0,1.1001995,0.1394498646259308,0.7899408340454102,0.4949930012226105
YGL244W,YKR026C,0,1.0999873,0.139425590634346,0.7899408340454102,0.49509313702583313
YGL170C,YER104W,0,1.0995845,0.13940131664276123,0.7899408340454102,0.4951932728290558
YBR150C,YKL117W,0,1.0994772,0.13937707245349884,0.7899408340454102,0.49529340863227844
YMR241W,YMR273C,0,1.0994297,0.13935281336307526,0.7899408340454102,0.4953935444355011
YPL139C,YPR075C,1,1.0992205,0.13950252532958984,0.790926992893219,0.4953935444355011
YLR386W,YPL087W,0,1.0982577,0.13947826623916626,0.790926992893219,0.49549368023872375
YAL038W,YOR099W,0,1.0977749,0.13945400714874268,0.790926992893219,0.4955938458442688
YGL162W,YKL064W,0,1.0968488,0.13942976295948029,0.790926992893219,0.49569398164749146
YPR035W,YNL304W,0,1.0965489,0.1394055336713791,0.790926992893219,0.4957941174507141
YPR167C,YNR010W,0,1.0958892,0.1393813043832779,0.790926992893219,0.49589425325393677
YGR112W,YNL219C,0,1.0955849,0.1393570750951767,0.790926992893219,0.4959943890571594
YBR260C,YGL226C-A,0,1.0955212,0.1393328756093979,0.790926992893219,0.4960945248603821
YHR211W,YMR020W,0,1.0951575,0.13930866122245789,0.790926992893219,0.49619466066360474
YDR076W,YPL240C,0,1.0949693,0.13928447663784027,0.790926992893219,0.4962948262691498
YJL053W,YDL039C,0,1.0949627,0.13926029205322266,0.790926992893219,0.49639496207237244
YER125W,YLR401C,0,1.0947644,0.13923610746860504,0.790926992893219,0.4964950978755951
YKL007W,YOR351C,0,1.094763,0.13921193778514862,0.790926992893219,0.49659523367881775
YBR177C,YMR061W,0,1.0945879,0.1391877830028534,0.790926992893219,0.4966953694820404
YPR137W,YCR002C,0,1.0945615,0.13916362822055817,0.790926992893219,0.49679550528526306
YOR057W,YDR309C,1,1.0942324,0.1393129825592041,0.7919132113456726,0.49679550528526306
YLR029C,YDR373W,0,1.0940875,0.13928881287574768,0.7919132113456726,0.4968956410884857
YOR219C,YLR309C,0,1.0940024,0.13926465809345245,0.7919132113456726,0.49699580669403076
YJL034W,YNL282W,0,1.093863,0.13924050331115723,0.7919132113456726,0.4970959424972534
YMR194W,YDR138W,0,1.0927162,0.1392163634300232,0.7919132113456726,0.4971960783004761
YGR034W,YBR115C,0,1.0926546,0.13919223845005035,0.7919132113456726,0.49729621410369873
YMR169C,YKR035W-A,0,1.0923759,0.13916811347007751,0.7919132113456726,0.4973963499069214
YDL078C,YHR156C,0,1.0921955,0.13914398849010468,0.7919132113456726,0.49749648571014404
YDL206W,YMR272C,0,1.0918052,0.13911989331245422,0.7919132113456726,0.4975966215133667
YNL261W,YLR268W,0,1.0916828,0.13909579813480377,0.7919132113456726,0.49769678711891174
YGR281W,YMR115W,0,1.0916156,0.13907170295715332,0.7919132113456726,0.4977969229221344
YBR120C,YOR327C,0,1.091498,0.13904762268066406,0.7919132113456726,0.49789705872535706
YJR107W,YER125W,0,1.0914296,0.1390235424041748,0.7919132113456726,0.4979971945285797
YLR425W,YLR251W,0,1.0907106,0.13899947702884674,0.7919132113456726,0.49809733033180237
YML099C,YGR143W,0,1.0900822,0.13897542655467987,0.7919132113456726,0.498197466135025
YBR183W,YJR010W,0,1.0899957,0.138951376080513,0.7919132113456726,0.4982976019382477
YAL054C,YLR390W,0,1.0899096,0.13892734050750732,0.7919132113456726,0.4983977675437927
YOR292C,YIR005W,0,1.0898776,0.13890330493450165,0.7919132113456726,0.4984979033470154
YJL166W,YIL132C,0,1.0890298,0.13887928426265717,0.7919132113456726,0.49859803915023804
YLR080W,YDR076W,0,1.0887016,0.13885526359081268,0.7919132113456726,0.4986981749534607
YLR429W,YJL192C,0,1.0885473,0.1388312578201294,0.7919132113456726,0.49879831075668335
YHR060W,YLR209C,0,1.0881838,0.1388072669506073,0.7919132113456726,0.498898446559906
YOR216C,YAR035W,0,1.088161,0.1387832760810852,0.7919132113456726,0.49899861216545105
YLR026C,YLR325C,0,1.087545,0.1387592852115631,0.7919132113456726,0.4990987479686737
YOL086C,YDR453C,0,1.0875057,0.1387353092432022,0.7919132113456726,0.49919888377189636
YMR020W,YKL186C,0,1.0873004,0.1387113481760025,0.7919132113456726,0.499299019575119
YKL190W,YPR204W,0,1.0868127,0.1386873871088028,0.7919132113456726,0.4993991553783417
YJL004C,YNL121C,0,1.086805,0.13866344094276428,0.7919132113456726,0.49949929118156433
YGL173C,YPL256C,1,1.0868018,0.13881215453147888,0.7928994297981262,0.49949929118156433
YOR292C,YLR187W,0,1.0867351,0.13878819346427917,0.7928994297981262,0.499599426984787
YNL153C,YDL197C,0,1.0866679,0.13876423239707947,0.7928994297981262,0.49969959259033203
YER087W,YLR268W,0,1.0866541,0.13874028623104095,0.7928994297981262,0.4997997283935547
YLR330W,YER019C-A,0,1.0865183,0.13871635496616364,0.7928994297981262,0.49989986419677734
YOR106W,YIL061C,0,1.0864483,0.13869242370128632,0.7928994297981262,0.5
YPL200W,YDR527W,0,1.08626,0.1386685073375702,0.7928994297981262,0.5001001358032227
YKR069W,YOR180C,0,1.0856472,0.13864459097385406,0.7928994297981262,0.5002002716064453
YGL134W,YLR127C,1,1.0855851,0.13879311084747314,0.7938855886459351,0.5002002716064453
YDR353W,YOL062C,0,1.0855764,0.13876917958259583,0.7938855886459351,0.500300407409668
YIL002C,YLR203C,0,1.085281,0.1387452632188797,0.7938855886459351,0.5004005432128906
YER098W,YER002W,0,1.0847706,0.13872134685516357,0.7938855886459351,0.5005006790161133
YMR176W,YPL078C,0,1.0847037,0.13869744539260864,0.7938855886459351,0.5006008148193359
YPR111W,YJR026W,0,1.0845286,0.1386735588312149,0.7938855886459351,0.5007010102272034
YBR172C,YER130C,0,1.0843774,0.13864967226982117,0.7938855886459351,0.500801146030426
YER117W,YPL218W,0,1.08413,0.13862580060958862,0.7938855886459351,0.5009012818336487
YNL160W,YOL111C,0,1.0841022,0.13860192894935608,0.7938855886459351,0.5010014176368713
YLR208W,YMR179W,0,1.0837555,0.13857807219028473,0.7938855886459351,0.501101553440094
YCL043C,YJR133W,0,1.0835265,0.13855421543121338,0.7938855886459351,0.5012016892433167
YGL162W,YLR020C,0,1.0833727,0.13853037357330322,0.7938855886459351,0.5013018250465393
YDR196C,YPR127W,0,1.0828012,0.13850653171539307,0.7938855886459351,0.501401960849762
YPL083C,YNL284C,0,1.0827488,0.1384827047586441,0.7938855886459351,0.5015020966529846
YGR169C,YPL274W,0,1.082275,0.13845889270305634,0.7938855886459351,0.5016022324562073
YMR136W,YPR160W,0,1.082144,0.13843508064746857,0.7938855886459351,0.5017023682594299
YKL020C,YAL038W,0,1.082008,0.138411283493042,0.7938855886459351,0.5018025040626526
YIL139C,YOL158C,0,1.081766,0.13838748633861542,0.7938855886459351,0.5019026398658752
YMR052W,YAL041W,1,1.0812598,0.13853557407855988,0.7948718070983887,0.5019026398658752
YGR238C,YML132W,0,1.0810779,0.1385117769241333,0.7948718070983887,0.5020027756690979
YMR033W,YOL151W,0,1.0810405,0.13848797976970673,0.7948718070983887,0.5021029710769653
YOR119C,YOL104C,1,1.0803732,0.13863597810268402,0.7958579659461975,0.5021029710769653
YOR230W,YER133W,1,1.0798123,0.13878391683101654,0.7968441843986511,0.5021029710769653
YDR229W,YHR082C,0,1.0796366,0.13876008987426758,0.7968441843986511,0.502203106880188
YDR254W,YLR278C,0,1.0796219,0.13873626291751862,0.7968441843986511,0.5023032426834106
YCR093W,YPL007C,0,1.0796205,0.13871245086193085,0.7968441843986511,0.5024033784866333
YHR211W,YHR039C-A,0,1.078916,0.13868863880634308,0.7968441843986511,0.502503514289856
YIL142W,YPR190C,0,1.0785321,0.1386648416519165,0.7968441843986511,0.5026036500930786
YDR196C,YER017C,0,1.0784239,0.13864104449748993,0.7968441843986511,0.5027037858963013
YLR300W,YAL029C,0,1.0781581,0.13861726224422455,0.7968441843986511,0.5028039216995239
YDL055C,YOL043C,0,1.0780649,0.13859347999095917,0.7968441843986511,0.5029040575027466
YMR013C,YOR251C,0,1.0778989,0.13856971263885498,0.7968441843986511,0.5030041933059692
YDR059C,YER017C,0,1.077361,0.138545960187912,0.7968441843986511,0.5031043291091919
YKL190W,YHR209W,0,1.0770425,0.138522207736969,0.7968441843986511,0.5032044649124146
YMR025W,YPL113C,0,1.0769231,0.138498455286026,0.7968441843986511,0.5033046007156372
YPR182W,YNL236W,0,1.0768971,0.1384747177362442,0.7968441843986511,0.5034047961235046
YBR261C,YMR038C,0,1.0768937,0.1384509950876236,0.7968441843986511,0.5035049319267273
YDR429C,YLR278C,0,1.0768226,0.138427272439003,0.7968441843986511,0.50360506772995
YOR233W,YNL068C,1,1.0762427,0.13857485353946686,0.7978304028511047,0.50360506772995
YMR046C,YDR410C,0,1.0761328,0.13855111598968506,0.7978304028511047,0.5037052035331726
YGL200C,YHR119W,0,1.0758849,0.13852739334106445,0.7978304028511047,0.5038053393363953
YNR004W,YPL240C,0,1.0757433,0.13850368559360504,0.7978304028511047,0.5039054751396179
YGL172W,YDR530C,0,1.0756305,0.13847997784614563,0.7978304028511047,0.5040056109428406
YHR074W,YDR508C,0,1.0756208,0.13845627009868622,0.7978304028511047,0.5041057467460632
YLR285W,YDL045C,0,1.0754699,0.138432577252388,0.7978304028511047,0.5042058825492859
YJL149W,YFL021W,0,1.0751305,0.13840889930725098,0.7978304028511047,0.5043060183525085
YDR461W,YNL262W,0,1.0749582,0.13838522136211395,0.7978304028511047,0.5044061541557312
YNL073W,YGR155W,0,1.0749149,0.13836155831813812,0.7978304028511047,0.5045062899589539
YDL171C,YGR271W,0,1.0747763,0.1383378952741623,0.7978304028511047,0.5046064257621765
YCR030C,YHR004C,0,1.0742801,0.13831424713134766,0.7978304028511047,0.5047065615653992
YDL078C,YLR380W,0,1.0741345,0.13829059898853302,0.7978304028511047,0.5048067569732666
YJL194W,YNR021W,0,1.0740931,0.13826696574687958,0.7978304028511047,0.5049068927764893
YGR199W,YHR008C,0,1.0740261,0.13824333250522614,0.7978304028511047,0.5050070285797119
YML032C,YPL098C,0,1.073468,0.1382197141647339,0.7978304028511047,0.5051071643829346
YLR206W,YBL041W,0,1.0733278,0.13819611072540283,0.7978304028511047,0.5052073001861572
YNL230C,YDR353W,0,1.0731694,0.13817250728607178,0.7978304028511047,0.5053074359893799
YJL034W,YJR140C,0,1.0726411,0.13814890384674072,0.7978304028511047,0.5054075717926025
YBR271W,YEL040W,0,1.0726411,0.13812531530857086,0.7978304028511047,0.5055077075958252
YBR128C,YML039W,0,1.0726308,0.1381017416715622,0.7978304028511047,0.5056078433990479
YDL059C,YJR053W,0,1.0725796,0.13807816803455353,0.7978304028511047,0.5057079792022705
YDR476C,YHR156C,0,1.0724751,0.13805460929870605,0.7978304028511047,0.5058081150054932
YGR144W,YLR224W,0,1.0720589,0.13803105056285858,0.7978304028511047,0.5059082508087158
YLR215C,YER133W,1,1.0715629,0.13817809522151947,0.7988165616989136,0.5059082508087158
YJL200C,YPL122C,0,1.0713972,0.1381545215845108,0.7988165616989136,0.5060083866119385
YDL215C,YNL027W,0,1.0710702,0.13813096284866333,0.7988165616989136,0.5061085224151611
YMR186W,YPL007C,0,1.0709964,0.13810741901397705,0.7988165616989136,0.5062087178230286
YPR113W,YDR207C,0,1.0703431,0.13808387517929077,0.7988165616989136,0.5063088536262512
YLR103C,YLR026C,0,1.0701907,0.1380603313446045,0.7988165616989136,0.5064089894294739
YOR279C,YLR301W,0,1.0700837,0.1380368024110794,0.7988165616989136,0.5065091252326965
YKL126W,YFL057C,0,1.070049,0.13801328837871552,0.7988165616989136,0.5066092610359192
YER171W,YNL259C,0,1.0700049,0.13798977434635162,0.7988165616989136,0.5067093968391418
YOL026C,YCL025C,0,1.0699741,0.13796627521514893,0.7988165616989136,0.5068095326423645
YLR244C,YLL043W,0,1.0693599,0.13794277608394623,0.7988165616989136,0.5069096684455872
YEL053C,YMR186W,0,1.0690042,0.13791929185390472,0.7988165616989136,0.5070098042488098
YPL163C,YOR261C,0,1.0689933,0.13789580762386322,0.7988165616989136,0.5071099400520325
YNL274C,YML036W,0,1.0688888,0.1378723382949829,0.7988165616989136,0.5072100758552551
YGL180W,YDR337W,0,1.0681233,0.1378488838672638,0.7988165616989136,0.5073102116584778
YHR004C,YLR389C,0,1.067641,0.13782541453838348,0.7988165616989136,0.5074103474617004
YOL070C,YDR492W,0,1.0670673,0.13780197501182556,0.7988165616989136,0.5075105428695679
YJL005W,YEL041W,0,1.0670172,0.13777853548526764,0.7988165616989136,0.5076106786727905
YKL078W,YGL241W,0,1.066725,0.13775509595870972,0.7988165616989136,0.5077108144760132
YJR130C,YPL027W,0,1.0665425,0.137731671333313,0.7988165616989136,0.5078109502792358
YPR011C,YJL034W,0,1.0664889,0.13770826160907745,0.7988165616989136,0.5079110860824585
YGL225W,YBR287W,0,1.0663356,0.13768485188484192,0.7988165616989136,0.5080112218856812
YNR031C,YMR099C,0,1.0660163,0.13766145706176758,0.7988165616989136,0.5081113576889038
YLR300W,YHR174W,0,1.0659894,0.13763806223869324,0.7988165616989136,0.5082114934921265
YGR221C,YGR214W,0,1.0656005,0.1376146823167801,0.7988165616989136,0.5083116292953491
YPL147W,YCL032W,0,1.065237,0.13759130239486694,0.7988165616989136,0.5084117650985718
YJL225C,YNL121C,0,1.0650547,0.137567937374115,0.7988165616989136,0.5085119009017944
YDR067C,YLR268W,0,1.0647094,0.13754457235336304,0.7988165616989136,0.5086120367050171
YNL044W,YPR006C,0,1.0647005,0.13752122223377228,0.7988165616989136,0.5087121725082397
YMR025W,YJL085W,0,1.0644248,0.13749787211418152,0.7988165616989136,0.5088123083114624
YKL170W,YJR130C,0,1.0640551,0.13747453689575195,0.7988165616989136,0.5089125037193298
YEL040W,YGL241W,0,1.0638984,0.13745121657848358,0.7988165616989136,0.5090126395225525
YNL032W,YPL082C,0,1.0638065,0.1374278962612152,0.7988165616989136,0.5091127753257751
YLR289W,YOL043C,0,1.0637777,0.13740457594394684,0.7988165616989136,0.5092129111289978
YDR415C,YGL051W,0,1.0637668,0.13738127052783966,0.7988165616989136,0.5093130469322205
YCR030C,YGL051W,0,1.0636184,0.13735798001289368,0.7988165616989136,0.5094131827354431
YNL297C,YLL055W,0,1.0635574,0.1373346894979477,0.7988165616989136,0.5095133185386658
YJL225C,YER104W,0,1.0632218,0.1373114138841629,0.7988165616989136,0.5096134543418884
YGR034W,YLR300W,0,1.0628895,0.1372881382703781,0.7988165616989136,0.5097135901451111
YOR274W,YML056C,0,1.0627238,0.13726487755775452,0.7988165616989136,0.5098137259483337
YGR238C,YPL256C,1,1.0620588,0.13741104304790497,0.7998027801513672,0.5098137259483337
YKL171W,YDR494W,0,1.0619148,0.13738776743412018,0.7998027801513672,0.5099138617515564
YOR378W,YPL196W,0,1.0618109,0.1373644918203354,0.7998027801513672,0.510013997554779
YOR251C,YNL230C,0,1.0615745,0.1373412311077118,0.7998027801513672,0.5101141333580017
YLR389C,YBR061C,0,1.0612099,0.1373179852962494,0.7998027801513672,0.5102143287658691
YAL016W,YPR149W,0,1.0612091,0.137294739484787,0.7998027801513672,0.5103144645690918
YHR012W,YFR033C,0,1.0605863,0.13727149367332458,0.7998027801513672,0.5104146003723145
YDR263C,YJR083C,0,1.0605353,0.13724826276302338,0.7998027801513672,0.5105147361755371
YOL158C,YAR035W,0,1.0604843,0.13722504675388336,0.7998027801513672,0.5106148719787598
YPR091C,YCR046C,0,1.0604416,0.13720183074474335,0.7998027801513672,0.5107150077819824
YGR271W,YLL043W,0,1.060253,0.13717861473560333,0.7998027801513672,0.5108151435852051
YER050C,YBR275C,0,1.0598955,0.1371554136276245,0.7998027801513672,0.5109152793884277
YCL008C,YDR410C,0,1.0592707,0.13713222742080688,0.7998027801513672,0.5110154151916504
YJL171C,YPL065W,0,1.0591418,0.13710904121398926,0.7998027801513672,0.511115550994873
YOL129W,YNR060W,0,1.0587462,0.13708586990833282,0.7998027801513672,0.5112156867980957
YNL079C,YJL171C,0,1.0586392,0.1370626986026764,0.7998027801513672,0.5113158226013184
YBR186W,YGR109C,1,1.0585626,0.13720852136611938,0.800788938999176,0.5113158226013184
YGL183C,YJL214W,0,1.0583531,0.13718533515930176,0.800788938999176,0.511415958404541
YNL273W,YDL179W,1,1.0582868,0.13733108341693878,0.8017751574516296,0.511415958404541
YGR252W,YMR272C,0,1.057929,0.13730788230895996,0.8017751574516296,0.5115160942077637
YOL026C,YOR025W,0,1.0578941,0.13728469610214233,0.8017751574516296,0.5116162896156311
YLR228C,YKR035W-A,0,1.0578787,0.1372615247964859,0.8017751574516296,0.5117164254188538
YFL066C,YGR072W,0,1.0576168,0.13723835349082947,0.8017751574516296,0.5118165612220764
YBR274W,YJL117W,0,1.0566009,0.13721519708633423,0.8017751574516296,0.5119166970252991
YLR020C,YMR136W,0,1.0565964,0.137192040681839,0.8017751574516296,0.5120168328285217
YDR369C,YPR127W,0,1.0560507,0.13716888427734375,0.8017751574516296,0.5121169686317444
YHR211W,YML030W,0,1.0560188,0.1371457427740097,0.8017751574516296,0.512217104434967
YKL165C,YJR130C,0,1.0559685,0.13712261617183685,0.8017751574516296,0.5123172402381897
YNL032W,YGR185C,0,1.0558254,0.137099489569664,0.8017751574516296,0.5124173760414124
YGL172W,YMR173W,0,1.0558172,0.13707637786865234,0.8017751574516296,0.512517511844635
YKL117W,YFL013C,0,1.055787,0.13705326616764069,0.8017751574516296,0.5126176476478577
YHR066W,YPR006C,0,1.0556583,0.13703016936779022,0.8017751574516296,0.5127177834510803
YCR057C,YFL045C,0,1.0548573,0.13700707256793976,0.8017751574516296,0.512817919254303
YBL058W,YLR157C,0,1.0547915,0.1369839906692505,0.8017751574516296,0.5129181146621704
YER150W,YLR353W,0,1.0546454,0.1369609236717224,0.8017751574516296,0.5130182504653931
YJL030W,YPL259C,0,1.0535164,0.13693784177303314,0.8017751574516296,0.5131183862686157
YNL070W,YCR052W,0,1.0534127,0.13691478967666626,0.8017751574516296,0.5132185220718384
YKL201C,YNL302C,0,1.0532489,0.13689173758029938,0.8017751574516296,0.513318657875061
YDR378C,YMR270C,0,1.0528482,0.1368686854839325,0.8017751574516296,0.5134187936782837
YBR080C,YJL134W,0,1.0527352,0.1368456482887268,0.8017751574516296,0.5135189294815063
YCL074W,YDR453C,0,1.0525807,0.1368226259946823,0.8017751574516296,0.513619065284729
YPR113W,YMR093W,0,1.051746,0.13679958879947662,0.8017751574516296,0.5137192010879517
YPR113W,YKR054C,0,1.0509626,0.13677658140659332,0.8017751574516296,0.5138193368911743
YKL203C,YLR213C,0,1.0508775,0.13675357401371002,0.8017751574516296,0.513919472694397
YOR054C,YER175C,0,1.0508654,0.13673058152198792,0.8017751574516296,0.5140196084976196
YCR093W,YAR002C-A,0,1.0507809,0.1367075890302658,0.8017751574516296,0.5141197443008423
YJL144W,YIL083C,0,1.0507714,0.1366845965385437,0.8017751574516296,0.5142198801040649
YLR033W,YLR187W,0,1.0506848,0.1366616189479828,0.8017751574516296,0.5143200755119324
YKL094W,YOR098C,0,1.0504495,0.13663865625858307,0.8017751574516296,0.514420211315155
YJL200C,YJL214W,0,1.0503556,0.13661569356918335,0.8017751574516296,0.5145203471183777
YOR126C,YKL180W,0,1.0500793,0.13659274578094482,0.8017751574516296,0.5146204829216003
YMR036C,YJL106W,1,1.0496525,0.13673777878284454,0.8027613162994385,0.5146204829216003
YGL122C,YOL136C,0,1.049544,0.13671481609344482,0.8027613162994385,0.514720618724823
YKL182W,YNL092W,0,1.0495023,0.1366918534040451,0.8027613162994385,0.5148207545280457
YOL057W,YFR018C,0,1.0494736,0.13666890561580658,0.8027613162994385,0.5149208903312683
YJL085W,YEL041W,0,1.0489825,0.13664595782756805,0.8027613162994385,0.515021026134491
YIL170W,YOR219C,0,1.0486759,0.13662302494049072,0.8027613162994385,0.5151211619377136
YNL085W,YOR216C,0,1.048251,0.13660010695457458,0.8027613162994385,0.5152212977409363
YBR223C,YMR272C,0,1.0481385,0.13657717406749725,0.8027613162994385,0.5153214335441589
YJR053W,YDR140W,0,1.048003,0.1365542709827423,0.8027613162994385,0.5154215693473816
YOR388C,YJL095W,0,1.047953,0.13653136789798737,0.8027613162994385,0.5155217051506042
YDR411C,YAR002C-A,0,1.0478654,0.13650846481323242,0.8027613162994385,0.5156218409538269
YPR189W,YJL214W,0,1.0470041,0.13648557662963867,0.8027613162994385,0.5157220363616943
YMR276W,YMR180C,0,1.0468388,0.13646270334720612,0.8027613162994385,0.515822172164917
YPR083W,YMR250W,0,1.0465106,0.13643983006477356,0.8027613162994385,0.5159223079681396
YLR183C,YLR020C,0,1.0464483,0.136416956782341,0.8027613162994385,0.5160224437713623
YHR074W,YEL070W,0,1.0464219,0.13639409840106964,0.8027613162994385,0.516122579574585
YLR024C,YGR255C,0,1.0463358,0.13637125492095947,0.8027613162994385,0.5162227153778076
YDR083W,YGR216C,0,1.046205,0.1363484114408493,0.8027613162994385,0.5163228511810303
YOL090W,YNL284C,0,1.0461932,0.13632556796073914,0.8027613162994385,0.5164229869842529
YGL170C,YEL056W,0,1.0461094,0.13630273938179016,0.8027613162994385,0.5165231227874756
YLR264W,YOL090W,0,1.0460608,0.13627992570400238,0.8027613162994385,0.5166232585906982
YOR071C,YBR238C,0,1.0459024,0.1362571120262146,0.8027613162994385,0.5167233943939209
YFR036W,YLR310C,1,1.0452387,0.13640166819095612,0.8037475347518921,0.5167233943939209
YBL005W-B,YDR262W,0,1.0452046,0.13637885451316833,0.8037475347518921,0.5168235301971436
YOR243C,YDR260C,0,1.0451404,0.13635602593421936,0.8037475347518921,0.5169236660003662
YCR060W,YOL136C,0,1.0451181,0.13633322715759277,0.8037475347518921,0.5170238614082336
YPL200W,YKL001C,0,1.0451002,0.136310413479805,0.8037475347518921,0.5171239972114563
YBR118W,YJL214W,0,1.0445751,0.1362876296043396,0.8037475347518921,0.517224133014679
YIR025W,YGL158W,1,1.0437644,0.13643203675746918,0.8047337532043457,0.517224133014679
YBL041W,YBL076C,0,1.0437069,0.1364092230796814,0.8047337532043457,0.5173242688179016
YHR030C,YML049C,0,1.0435834,0.1363864243030548,0.8047337532043457,0.5174244046211243
YNL219C,YML039W,0,1.0435206,0.13636364042758942,0.8047337532043457,0.5175245404243469
YPL167C,YDL045C,0,1.043348,0.13634085655212402,0.8047337532043457,0.5176246762275696
YHR214C-B,YLR270W,0,1.0432502,0.13631807267665863,0.8047337532043457,0.5177248120307922
YOL129W,YJL004C,0,1.0426323,0.13629530370235443,0.8047337532043457,0.5178249478340149
YLR314C,YOL104C,0,1.0423393,0.13627254962921143,0.8047337532043457,0.5179250836372375
YNL223W,YPR060C,0,1.0423253,0.13624979555606842,0.8047337532043457,0.5180252194404602
YGL225W,YKL061W,0,1.0422366,0.13622704148292542,0.8047337532043457,0.5181253552436829
YOR251C,YGR155W,0,1.0421165,0.1362043023109436,0.8047337532043457,0.5182254910469055
YKL095W,YPR159W,0,1.042095,0.13618157804012299,0.8047337532043457,0.5183256268501282
YNL131W,YBR243C,0,1.0419981,0.13615885376930237,0.8047337532043457,0.5184258222579956
YLR208W,YBR261C,0,1.0418091,0.13613612949848175,0.8047337532043457,0.5185259580612183
YML099C,YGL169W,0,1.0413911,0.13611343502998352,0.8047337532043457,0.5186260938644409
YGL209W,YMR301C,0,1.0412226,0.1360907256603241,0.8047337532043457,0.5187262296676636
YFL038C,YMR180C,0,1.0412179,0.13606803119182587,0.8047337532043457,0.5188263654708862
YOR168W,YLR024C,0,1.0409417,0.13604535162448883,0.8047337532043457,0.5189265012741089
YBL041W,YNL192W,0,1.0408467,0.1360226720571518,0.8047337532043457,0.5190266370773315
YOL038W,YJL081C,0,1.0408319,0.13600000739097595,0.8047337532043457,0.5191267728805542
YPL240C,YGR276C,0,1.0403924,0.1359773427248001,0.8047337532043457,0.5192269086837769
YOL066C,YPL252C,0,1.0401578,0.13595467805862427,0.8047337532043457,0.5193270444869995
YHR166C,YNL116W,1,1.0398666,0.13609862327575684,0.8057199120521545,0.5193270444869995
YER055C,YAR031W,0,1.0391212,0.1360759437084198,0.8057199120521545,0.5194271802902222
YBR260C,YOL142W,0,1.0388579,0.13605329394340515,0.8057199120521545,0.5195273160934448
YKR054C,YHR132C,0,1.0381731,0.1360306292772293,0.8057199120521545,0.5196274518966675
YJR151C,YDL045W-A,0,1.0381391,0.13600799441337585,0.8057199120521545,0.5197276473045349
YMR315W,YJL024C,0,1.0379609,0.1359853595495224,0.8057199120521545,0.5198277831077576
YOR216C,YPL110C,0,1.0378183,0.13596272468566895,0.8057199120521545,0.5199279189109802
YPR167C,YDR083W,0,1.0377905,0.13594010472297668,0.8057199120521545,0.5200280547142029
YGR056W,YFR031C,0,1.0377668,0.13591748476028442,0.8057199120521545,0.5201281905174255
YBR160W,YGL194C,1,1.0373974,0.13606120645999908,0.8067061305046082,0.5201281905174255
YNL314W,YDL198C,0,1.0372158,0.13603858649730682,0.8067061305046082,0.5202283263206482
YNL202W,YMR099C,0,1.0372081,0.13601596653461456,0.8067061305046082,0.5203284621238708
YPR011C,YJR031C,0,1.0371412,0.1359933465719223,0.8067061305046082,0.5204285979270935
YJL178C,YBR192W,0,1.0371321,0.13597074151039124,0.8067061305046082,0.5205287337303162
YNL232W,YPR159W,0,1.0370983,0.13594815135002136,0.8067061305046082,0.5206288695335388
YJL034W,YNL131W,0,1.0369531,0.1359255611896515,0.8067061305046082,0.5207290053367615
YDL194W,YDR200C,1,1.0365181,0.13606911897659302,0.807692289352417,0.5207290053367615
YJR070C,YER168C,0,1.0354716,0.13604651391506195,0.807692289352417,0.5208291411399841
YOL165C,YPL180W,0,1.0354179,0.13602390885353088,0.807692289352417,0.5209292769432068
YMR319C,YDL216C,0,1.0352563,0.1360013335943222,0.807692289352417,0.5210294127464294
YGR032W,YDR415C,0,1.0349965,0.13597874343395233,0.807692289352417,0.5211296081542969
YFL010W-A,YOL040C,0,1.034508,0.13595616817474365,0.807692289352417,0.5212297439575195
YPL096W,YML039W,0,1.0345,0.13593360781669617,0.807692289352417,0.5213298797607422
YGL200C,YBR271W,0,1.0343845,0.13591104745864868,0.807692289352417,0.5214300155639648
YMR005W,YNR028W,0,1.0341971,0.1358885020017624,0.807692289352417,0.5215301513671875
YLR203C,YDR081C,0,1.0340788,0.1358659565448761,0.807692289352417,0.5216302871704102
YPR144C,YNL258C,0,1.0339243,0.135843425989151,0.807692289352417,0.5217304229736328
YHR132C,YJR147W,0,1.0336426,0.1358208954334259,0.807692289352417,0.5218305587768555
YMR186W,YDL047W,0,1.0335833,0.135798379778862,0.807692289352417,0.5219306945800781
YMR168C,YGR143W,0,1.0333152,0.1357758641242981,0.807692289352417,0.5220308303833008
YOR212W,YDL054C,0,1.0332859,0.13575336337089539,0.807692289352417,0.5221309661865234
YJR005W,YER104W,0,1.0328404,0.13573086261749268,0.807692289352417,0.5222311019897461
YGR113W,YLR344W,0,1.0328132,0.13570836186408997,0.807692289352417,0.5223312377929688
YGL256W,YML056C,0,1.0327986,0.13568589091300964,0.807692289352417,0.5224314332008362
YGR169C,YLL008W,0,1.0324748,0.13566340506076813,0.807692289352417,0.5225315690040588
YHR179W,YDR499W,0,1.0324361,0.1356409341096878,0.807692289352417,0.5226317048072815
YDR328C,YPL256C,1,1.0323282,0.1357840746641159,0.8086785078048706,0.5226317048072815
YJL191W,YOR251C,0,1.0322229,0.1357615888118744,0.8086785078048706,0.5227318406105042
YGR281W,YNL283C,0,1.0322057,0.13573911786079407,0.8086785078048706,0.5228319764137268
YPR113W,YKL096W-A,0,1.0319471,0.13571664690971375,0.8086785078048706,0.5229321122169495
YAL063C,YGL113W,0,1.0317171,0.13569419085979462,0.8086785078048706,0.5230322480201721
YAL021C,YCR033W,1,1.031115,0.13583719730377197,0.8096646666526794,0.5230322480201721
YNL232W,YLR042C,0,1.0309433,0.13581472635269165,0.8096646666526794,0.5231323838233948
YLR380W,YHR135C,0,1.0301744,0.13579225540161133,0.8096646666526794,0.5232325196266174
YDR026C,YAR002C-A,0,1.0289134,0.1357697993516922,0.8096646666526794,0.5233326554298401
YFL048C,YAL039C,0,1.0287418,0.13574735820293427,0.8096646666526794,0.5234327912330627
YEL053C,YDR381C-A,0,1.028673,0.13572491705417633,0.8096646666526794,0.5235329270362854
YOR084W,YDL133C-A,0,1.028628,0.1357024759054184,0.8096646666526794,0.5236330628395081
YER117W,YHR069C,0,1.0285544,0.13568004965782166,0.8096646666526794,0.5237331986427307
YPL167C,YMR270C,0,1.028257,0.1356576383113861,0.8096646666526794,0.5238333940505981
YNR018W,YOR222W,0,1.0278589,0.13563522696495056,0.8096646666526794,0.5239335298538208
YKL096W-A,YDR138W,0,1.0277231,0.13561281561851501,0.8096646666526794,0.5240336656570435
YPL200W,YOR168W,0,1.0275729,0.13559041917324066,0.8096646666526794,0.5241338014602661
YBR275C,YHR168W,0,1.0274326,0.1355680376291275,0.8096646666526794,0.5242339372634888
YMR145C,YLR268W,0,1.0272274,0.13554565608501434,0.8096646666526794,0.5243340730667114
YMR117C,YDR454C,0,1.0272247,0.13552327454090118,0.8096646666526794,0.5244342088699341
YOR025W,YML056C,0,1.0268816,0.13550090789794922,0.8096646666526794,0.5245343446731567
YGR285C,YOR298W,0,1.0268768,0.13547854125499725,0.8096646666526794,0.5246344804763794
YOR230W,YOR355W,0,1.0267218,0.13545618951320648,0.8096646666526794,0.524734616279602
YLL027W,YMR213W,0,1.0265532,0.1354338526725769,0.8096646666526794,0.5248347520828247
YOR287C,YLR163C,0,1.0261256,0.13541151583194733,0.8096646666526794,0.5249348878860474
YAL016W,YPL200W,1,1.0259413,0.13555409014225006,0.8106508851051331,0.5249348878860474
YNL208W,YKR044W,0,1.0258734,0.1355317384004593,0.8106508851051331,0.52503502368927
YPR187W,YJL060W,0,1.0256501,0.1355094015598297,0.8106508851051331,0.5251351594924927
YFR021W,YGR258C,0,1.0255322,0.13548706471920013,0.8106508851051331,0.5252353549003601
YFR033C,YJR133W,0,1.0248151,0.13546472787857056,0.8106508851051331,0.5253354907035828
YEL012W,YGR036C,0,1.0244043,0.13544240593910217,0.8106508851051331,0.5254356265068054
YLR206W,YOL043C,0,1.0241306,0.13542009890079498,0.8106508851051331,0.5255357623100281
YOR209C,YFL010W-A,0,1.0236859,0.1353977918624878,0.8106508851051331,0.5256358981132507
YMR284W,YDR404C,0,1.0234525,0.1353754997253418,0.8106508851051331,0.5257360339164734
YNL160W,YCL032W,0,1.0232816,0.1353532075881958,0.8106508851051331,0.525836169719696
YGL062W,YJL214W,0,1.022992,0.1353309154510498,0.8106508851051331,0.5259363055229187
YOR353C,YNL175C,0,1.0227406,0.135308638215065,0.8106508851051331,0.5260364413261414
YLR043C,YPL027W,0,1.0225916,0.1352863758802414,0.8106508851051331,0.526136577129364
YNL026W,YOL111C,0,1.0225495,0.13526411354541779,0.8106508851051331,0.5262367129325867
YPR194C,YOR378W,0,1.0222121,0.13524185121059418,0.8106508851051331,0.5263368487358093
YGL194C,YOR351C,1,1.0220945,0.13538411259651184,0.8116371035575867,0.5263368487358093
YBR182C,YLR329W,0,1.0219545,0.13536183536052704,0.8116371035575867,0.526436984539032
YJL024C,YOR187W,0,1.0212858,0.13533958792686462,0.8116371035575867,0.5265371799468994
YBR182C,YDL227C,0,1.020915,0.13531732559204102,0.8116371035575867,0.5266373157501221
YGR169C,YLR050C,0,1.0203962,0.1352950781583786,0.8116371035575867,0.5267374515533447
YPR072W,YHR057C,0,1.0203923,0.13527284562587738,0.8116371035575867,0.5268375873565674
YBR067C,YJL206C,0,1.0203335,0.13525061309337616,0.8116371035575867,0.52693772315979
YOL057W,YMR093W,0,1.0200741,0.13522839546203613,0.8116371035575867,0.5270378589630127
YKL078W,YNL138W,0,1.0193729,0.1352061778306961,0.8116371035575867,0.5271379947662354
YGR229C,YBR238C,0,1.0189137,0.13518397510051727,0.8116371035575867,0.527238130569458
YBR006W,YDR332W,0,1.0188713,0.13516177237033844,0.8116371035575867,0.5273382663726807
YPL065W,YOR340C,0,1.0187695,0.1351395696401596,0.8116371035575867,0.5274384021759033
YNR067C,YMR099C,0,1.0180811,0.13511738181114197,0.8116371035575867,0.527538537979126
YFR021W,YGR034W,0,1.0180546,0.13509520888328552,0.8116371035575867,0.5276386737823486
YMR186W,YJL006C,0,1.0179611,0.13507303595542908,0.8116371035575867,0.5277388095855713
YGR177C,YPL244C,0,1.0178088,0.13505086302757263,0.8116371035575867,0.527838945388794
YOL155C,YKL095W,0,1.0177827,0.13502870500087738,0.8116371035575867,0.5279391407966614
YML052W,YOR162C,0,1.017626,0.13500656187534332,0.8116371035575867,0.528039276599884
YOL045W,YIL079C,0,1.0175008,0.13498441874980927,0.8116371035575867,0.5281394124031067
YPR194C,YOL165C,0,1.0172471,0.1349622756242752,0.8116371035575867,0.5282395482063293
YCR093W,YJL103C,0,1.0170082,0.13494014739990234,0.8116371035575867,0.528339684009552
YDR410C,YOR261C,0,1.0168166,0.13491803407669067,0.8116371035575867,0.5284398198127747
YIL108W,YDR076W,0,1.0165675,0.134895920753479,0.8116371035575867,0.5285399556159973
YFR036W,YCR033W,1,1.0165236,0.13503769040107727,0.8126232624053955,0.5285399556159973
YNL095C,YLR316C,0,1.0165191,0.1350155621767044,0.8126232624053955,0.52864009141922
YIR011C,YGR255C,0,1.0156415,0.13499344885349274,0.8126232624053955,0.5287402272224426
YNL006W,YML039W,0,1.0155954,0.13497133553028107,0.8126232624053955,0.5288403630256653
YIL021W,YER046W,0,1.0155568,0.1349492371082306,0.8126232624053955,0.5289404988288879
YBR195C,YMR143W,0,1.0154386,0.13492713868618011,0.8126232624053955,0.5290406346321106
YJL024C,YDR218C,0,1.0153326,0.13490504026412964,0.8126232624053955,0.5291407704353333
YNL110C,YML006C,0,1.0153325,0.13488295674324036,0.8126232624053955,0.5292409658432007
YMR077C,YNL078W,0,1.0147183,0.13486088812351227,0.8126232624053955,0.5293411016464233
YGR077C,YNL092W,0,1.0143988,0.13483881950378418,0.8126232624053955,0.529441237449646
YOL026C,YNR013C,0,1.0141001,0.1348167508840561,0.8126232624053955,0.5295413732528687
YDL070W,YBL085W,0,1.0136138,0.1347946971654892,0.8126232624053955,0.5296415090560913
YGL148W,YGR239C,0,1.0135479,0.1347726583480835,0.8126232624053955,0.529741644859314
YGL014W,YGL226C-A,0,1.0132015,0.1347506195306778,0.8126232624053955,0.5298417806625366
YCR060W,YMR229C,0,1.0131394,0.1347285807132721,0.8126232624053955,0.5299419164657593
YJL172W,YAL017W,0,1.012984,0.1347065567970276,0.8126232624053955,0.5300420522689819
YKL009W,YPL208W,0,1.0129035,0.13468453288078308,0.8126232624053955,0.5301421880722046
YMR193W,YBR074W,0,1.0128682,0.13466252386569977,0.8126232624053955,0.5302423238754272
YOL165C,YAL063C,0,1.0126364,0.13464052975177765,0.8126232624053955,0.5303424596786499
YPL252C,YCL032W,0,1.0124522,0.13461852073669434,0.8126232624053955,0.5304425954818726
YOR145C,YDL059C,0,1.0122743,0.1345965415239334,0.8126232624053955,0.5305427312850952
YPL200W,YHR085W,0,1.0116495,0.13457456231117249,0.8126232624053955,0.5306429266929626
YLL045C,YPL274W,0,1.0114554,0.13455258309841156,0.8126232624053955,0.5307430624961853
YKL093W,YER171W,0,1.0113093,0.13453061878681183,0.8126232624053955,0.530843198299408
YDR403W,YNL239W,0,1.0103198,0.1345086544752121,0.8126232624053955,0.5309433341026306
YDR353W,YGL148W,0,1.0101224,0.13448670506477356,0.8126232624053955,0.5310434699058533
YGR144W,YMR186W,0,1.009815,0.13446475565433502,0.8126232624053955,0.5311436057090759
YNR031C,YJL172W,0,1.0096391,0.13444280624389648,0.8126232624053955,0.5312437415122986
YER175C,YJR028W,0,1.0092734,0.13442088663578033,0.8126232624053955,0.5313438773155212
YPR200C,YBR037C,0,1.0091232,0.134398952126503,0.8126232624053955,0.5314440131187439
YGR085C,YML052W,0,1.0090028,0.13437703251838684,0.8126232624053955,0.5315441489219666
YNL027W,YBR187W,0,1.0085535,0.13435512781143188,0.8126232624053955,0.5316442847251892
YBR066C,YPR152C,0,1.008496,0.13433322310447693,0.8126232624053955,0.5317444205284119
YBR118W,YMR159C,0,1.0081127,0.13431133329868317,0.8126232624053955,0.5318445563316345
YBR186W,YCL061C,1,1.0081084,0.13445241749286652,0.8136094808578491,0.5318445563316345
YOR382W,YDL040C,0,1.0073465,0.13443049788475037,0.8136094808578491,0.531944751739502
YPR011C,YGL112C,0,1.00689,0.1344086080789566,0.8136094808578491,0.5320448875427246
YML112W,YKL172W,0,1.0061661,0.13438670337200165,0.8136094808578491,0.5321450233459473
YOR249C,YDR118W,1,1.0059524,0.13452768325805664,0.814595639705658,0.5321450233459473
YGL183C,YAL029C,0,1.0058489,0.13450577855110168,0.814595639705658,0.5322451591491699
YKL020C,YBL085W,0,1.0057032,0.13448388874530792,0.814595639705658,0.5323452949523926
YBR247C,YDR405W,0,1.0056691,0.13446198403835297,0.814595639705658,0.5324454307556152
YJL011C,YDL202W,0,1.0049509,0.1344401091337204,0.814595639705658,0.5325455665588379
YCL036W,YER185W,0,1.0049318,0.13441821932792664,0.814595639705658,0.5326457023620605
YPR204W,YAR002C-A,0,1.0049285,0.13439635932445526,0.814595639705658,0.5327458381652832
YPL082C,YDR262W,0,1.0044217,0.1343744844198227,0.814595639705658,0.5328459739685059
YPR011C,YNL283C,0,1.0042783,0.1343526393175125,0.814595639705658,0.5329461097717285
YNL010W,YFL066C,0,1.0042273,0.13433077931404114,0.814595639705658,0.5330462455749512
YGR032W,YGR216C,0,1.0040652,0.13430894911289215,0.814595639705658,0.5331463813781738
YMR272C,YLR213C,0,1.0040628,0.13428710401058197,0.814595639705658,0.5332465171813965
YJR055W,YMR008C,0,1.0039474,0.13426527380943298,0.814595639705658,0.5333467125892639
YJR119C,YPR080W,0,1.0038887,0.1342434585094452,0.814595639705658,0.5334468483924866
YLR440C,YFL021W,0,1.003859,0.1342216432094574,0.814595639705658,0.5335469841957092
YDR172W,YAR027W,0,1.0038152,0.1341998428106308,0.814595639705658,0.5336471199989319
YDL165W,YOR057W,1,1.0034785,0.13434047996997833,0.8155818581581116,0.5336471199989319
YPL104W,YOR338W,0,1.0033536,0.13431866466999054,0.8155818581581116,0.5337472558021545
YHR041C,YNL006W,0,1.0032389,0.13429684937000275,0.8155818581581116,0.5338473916053772
YLR191W,YBR096W,0,1.0030625,0.13427504897117615,0.8155818581581116,0.5339475274085999
YGR251W,YNL131W,0,1.0030465,0.13425324857234955,0.8155818581581116,0.5340476632118225
YJR138W,YDR059C,0,1.0027622,0.13423146307468414,0.8155818581581116,0.5341477990150452
YBR125C,YPL096W,0,1.0024354,0.13420967757701874,0.8155818581581116,0.5342479348182678
YJL005W,YPL050C,0,1.0024325,0.13418789207935333,0.8155818581581116,0.5343480706214905
YPR196W,YBR261C,0,1.0022733,0.13416612148284912,0.8155818581581116,0.5344482064247131
YPR144C,YIL135C,0,1.0021627,0.1341443657875061,0.8155818581581116,0.5345483422279358
YOR239W,YDL015C,0,1.0019864,0.13412261009216309,0.8155818581581116,0.5346485376358032
YFL001W,YGL113W,0,1.0019742,0.13410085439682007,0.8155818581581116,0.5347486734390259
YHR153C,YDL127W,1,1.0019381,0.1342412382364273,0.8165680766105652,0.5347486734390259
YOL028C,YNR028W,0,1.0018624,0.1342194825410843,0.8165680766105652,0.5348488092422485
YMR276W,YOR327C,0,1.0016494,0.13419772684574127,0.8165680766105652,0.5349489450454712
YDL074C,YBL026W,0,1.0014937,0.13417598605155945,0.8165680766105652,0.5350490808486938
YBR118W,YNR018W,0,1.0013176,0.13415424525737762,0.8165680766105652,0.5351492166519165
YAL033W,YMR308C,0,1.0012631,0.134132519364357,0.8165680766105652,0.5352493524551392
YMR173W,YIL133C,0,1.0011573,0.13411079347133636,0.8165680766105652,0.5353494882583618
YOL142W,YBL098W,0,1.000903,0.13408906757831573,0.8165680766105652,0.5354496240615845
YNR010W,YDR226W,0,1.0004146,0.1340673565864563,0.8165680766105652,0.5355497598648071
YPR001W,YOR251C,0,1.0003108,0.13404566049575806,0.8165680766105652,0.5356498956680298
YLR141W,YHR135C,0,0.99922633,0.13402394950389862,0.8165680766105652,0.5357500314712524
YHR060W,YKL082C,0,0.9984991,0.13400226831436157,0.8165680766105652,0.5358501672744751
YHR061C,YMR135C,1,0.9984631,0.13414239883422852,0.817554235458374,0.5358501672744751
YDR364C,YLR050C,0,0.9982281,0.13412068784236908,0.817554235458374,0.5359503030776978
YDR304C,YOR311C,0,0.9979618,0.13409899175167084,0.817554235458374,0.5360504984855652
YOL086C,YER013W,0,0.9978911,0.1340773105621338,0.817554235458374,0.5361506342887878
YNL236W,YMR136W,0,0.99785906,0.13405562937259674,0.817554235458374,0.5362507700920105
YOR126C,YMR159C,0,0.9976661,0.1340339481830597,0.817554235458374,0.5363509058952332
YJL141C,YDL047W,0,0.99744976,0.13401228189468384,0.817554235458374,0.5364510416984558
YNR057C,YLR164W,0,0.99611473,0.13399063050746918,0.817554235458374,0.5365511775016785
YHR047C,YNL070W,0,0.99601424,0.13396897912025452,0.817554235458374,0.5366513133049011
YLL034C,YER130C,0,0.99591416,0.13394732773303986,0.817554235458374,0.5367514491081238
YBR125C,YPL139C,0,0.9956713,0.1339256912469864,0.817554235458374,0.5368515849113464
YIL143C,YPL094C,0,0.9956655,0.13390405476093292,0.817554235458374,0.5369517207145691
YJR127C,YMR077C,0,0.9956003,0.13388243317604065,0.817554235458374,0.5370518565177917
YDR205W,YPR125W,0,0.99528056,0.13386081159114838,0.817554235458374,0.5371519923210144
YMR276W,YEL070W,0,0.99516654,0.1338392049074173,0.817554235458374,0.5372521281242371
YCL008C,YNL335W,0,0.99512225,0.13381759822368622,0.817554235458374,0.5373522639274597
YPL147W,YBR129C,0,0.9950698,0.13379599153995514,0.817554235458374,0.5374524593353271
YIL095W,YEL062W,0,0.99474967,0.13377439975738525,0.817554235458374,0.5375525951385498
YFR019W,YGL259W,0,0.9946591,0.13375282287597656,0.817554235458374,0.5376527309417725
YDR451C,YPL223C,0,0.9945653,0.13373124599456787,0.817554235458374,0.5377528667449951
YKR068C,YNL284C,0,0.9942978,0.13370968401432037,0.817554235458374,0.5378530025482178
YKL074C,YKR006C,0,0.9939972,0.13368812203407288,0.817554235458374,0.5379531383514404
YER103W,YIL159W,0,0.9938213,0.13366656005382538,0.817554235458374,0.5380532741546631
YBR129C,YOL101C,0,0.9934615,0.13364501297473907,0.817554235458374,0.5381534099578857
YOR377W,YDR392W,0,0.9932981,0.13362346589565277,0.817554235458374,0.5382535457611084
YNL261W,YJL206C,0,0.99312884,0.13360193371772766,0.817554235458374,0.538353681564331
YOR378W,YCR026C,0,0.99308133,0.13358040153980255,0.817554235458374,0.5384538173675537
YER117W,YKR044W,0,0.9923528,0.13355888426303864,0.817554235458374,0.5385539531707764
YDL111C,YMR272C,0,0.9922626,0.13353736698627472,0.817554235458374,0.538654088973999
YHR109W,YBL068W,0,0.9919505,0.133515864610672,0.817554235458374,0.5387542843818665
YDL061C,YHR168W,0,0.99179876,0.13349436223506927,0.817554235458374,0.5388544201850891
YOR243C,YER046W,0,0.99163276,0.13347287476062775,0.817554235458374,0.5389545559883118
YNL008C,YDL170W,0,0.991186,0.13345138728618622,0.817554235458374,0.5390546917915344
YLR390W,YFR019W,0,0.99085206,0.1334298998117447,0.817554235458374,0.5391548275947571
YDR082W,YMR319C,0,0.9903426,0.13340842723846436,0.817554235458374,0.5392549633979797
YDR082W,YDR260C,0,0.9902154,0.13338696956634521,0.817554235458374,0.5393550992012024
YMR005W,YDR076W,0,0.9898992,0.13336551189422607,0.817554235458374,0.539455235004425
YPL183W-A,YLR164W,0,0.98951817,0.13334405422210693,0.817554235458374,0.5395553708076477
YCR060W,YGR027C,0,0.98931,0.133322611451149,0.817554235458374,0.5396555066108704
YOR071C,YOR299W,0,0.98923206,0.13330116868019104,0.817554235458374,0.539755642414093
YNR067C,YJR031C,0,0.989221,0.1332797408103943,0.817554235458374,0.5398557782173157
YPL127C,YEL022W,0,0.98891014,0.13325831294059753,0.817554235458374,0.5399559140205383
YBR294W,YML099C,0,0.98837143,0.13323689997196198,0.817554235458374,0.540056049823761
YDL045W-A,YNR010W,0,0.98825085,0.13321548700332642,0.817554235458374,0.5401562452316284
YLL045C,YGL174W,0,0.98801315,0.13319408893585205,0.817554235458374,0.5402563810348511
YDL227C,YJR026W,0,0.98783195,0.13317269086837769,0.817554235458374,0.5403565168380737
YPR035W,YLR386W,0,0.9877757,0.13315130770206451,0.817554235458374,0.5404566526412964
YDL083C,YDR173C,0,0.98761684,0.13312992453575134,0.817554235458374,0.540556788444519
YDR309C,YLR079W,1,0.98757064,0.13326910138130188,0.8185404539108276,0.540556788444519
YMR241W,YOR311C,0,0.9875192,0.1332477182149887,0.8185404539108276,0.5406569242477417
YKR054C,YHR109W,0,0.98751247,0.13322632014751434,0.8185404539108276,0.5407570600509644
YOR283W,YCR087C-A,0,0.9874437,0.13320493698120117,0.8185404539108276,0.540857195854187
YNR010W,YER190W,0,0.9873685,0.1331835687160492,0.8185404539108276,0.5409573316574097
YCR087C-A,YKL189W,0,0.9869184,0.13316220045089722,0.8185404539108276,0.5410574674606323
YLR401C,YMR160W,0,0.9868577,0.13314084708690643,0.8185404539108276,0.541157603263855
YJR028W,YNL258C,0,0.98668194,0.13311949372291565,0.8185404539108276,0.5412577390670776
YKL007W,YGR112W,0,0.9861875,0.13309814035892487,0.8185404539108276,0.5413578748703003
YDR371W,YLL017W,0,0.9861183,0.13307680189609528,0.8185404539108276,0.5414580702781677
YDR451C,YKL101W,1,0.9861021,0.1332157701253891,0.8195266127586365,0.5414580702781677
YOR071C,YBR261C,0,0.98590004,0.13319441676139832,0.8195266127586365,0.5415582060813904
YOL086C,YJL066C,0,0.9858017,0.13317307829856873,0.8195266127586365,0.541658341884613
YOR219C,YNR010W,0,0.9857261,0.13315173983573914,0.8195266127586365,0.5417584776878357
YJL034W,YMR276W,0,0.9851185,0.13313040137290955,0.8195266127586365,0.5418586134910583
YBR020W,YMR032W,0,0.98496693,0.13310907781124115,0.8195266127586365,0.541958749294281
YOR198C,YLR229C,1,0.9846902,0.13324791193008423,0.8205128312110901,0.541958749294281
YFR045W,YGR143W,0,0.9844145,0.13322658836841583,0.8205128312110901,0.5420588850975037
YGR145W,YAR035W,0,0.9843123,0.13320524990558624,0.8205128312110901,0.5421590209007263
YCL018W,YJL141C,0,0.9834541,0.13318392634391785,0.8205128312110901,0.542259156703949
YOR054C,YBL112C,0,0.98317504,0.13316261768341064,0.8205128312110901,0.5423592925071716
YOR274W,YER098W,0,0.9830585,0.13314130902290344,0.8205128312110901,0.5424594283103943
YMR005W,YOR377W,0,0.9829352,0.13312000036239624,0.8205128312110901,0.5425595641136169
YLL002W,YMR159C,0,0.9827307,0.13309870660305023,0.8205128312110901,0.5426596999168396
YLR005W,YLL040C,0,0.98224777,0.13307741284370422,0.8205128312110901,0.5427598357200623
YOL026C,YLL027W,0,0.98215365,0.1330561339855194,0.8205128312110901,0.5428600311279297
YJR021C,YLR429W,0,0.9818374,0.1330348551273346,0.8205128312110901,0.5429601669311523
YGR288W,YGR199W,0,0.98149186,0.13301359117031097,0.8205128312110901,0.543060302734375
YFR021W,YAL024C,0,0.9813321,0.13299232721328735,0.8205128312110901,0.5431604385375977
YMR228W,YBR026C,0,0.98122275,0.13297107815742493,0.8205128312110901,0.5432605743408203
YPR043W,YLR213C,0,0.9812162,0.1329498291015625,0.8205128312110901,0.543360710144043
YDL245C,YJR112W,0,0.98112476,0.13292858004570007,0.8205128312110901,0.5434608459472656
YHR041C,YOL028C,0,0.98047304,0.13290734589099884,0.8205128312110901,0.5435609817504883
YDR174W,YGR118W,0,0.9798551,0.1328861266374588,0.8205128312110901,0.5436611175537109
YBR080C,YJR133W,0,0.9796264,0.13286489248275757,0.8205128312110901,0.5437612533569336
YDL022W,YIL133C,0,0.9794543,0.13284368813037872,0.8205128312110901,0.5438613891601562
YHR175W,YLR291C,0,0.97908396,0.13282248377799988,0.8205128312110901,0.5439615249633789
YNR003C,YGR185C,0,0.9787983,0.13280127942562103,0.8205128312110901,0.5440616607666016
YDR081C,YMR143W,0,0.9787203,0.13278008997440338,0.8205128312110901,0.544161856174469
YJL225C,YBR059C,0,0.97820413,0.13275890052318573,0.8205128312110901,0.5442619919776917
YER150W,YJR147W,0,0.97811866,0.13273771107196808,0.8205128312110901,0.5443621277809143
YBR155W,YMR137C,0,0.97805333,0.13271653652191162,0.8205128312110901,0.544462263584137
YHR059W,YNL230C,0,0.97793204,0.13269537687301636,0.8205128312110901,0.5445623993873596
YOR298W,YLR187W,0,0.9775288,0.1326742172241211,0.8205128312110901,0.5446625351905823
YLR080W,YOL165C,0,0.9775013,0.13265305757522583,0.8205128312110901,0.5447626709938049
YDR131C,YBR192W,0,0.97726816,0.13263191282749176,0.8205128312110901,0.5448628067970276
YMR061W,YDR461W,0,0.9772551,0.1326107680797577,0.8205128312110901,0.5449629426002502
YOL141W,YLR026C,0,0.97698545,0.13258963823318481,0.8205128312110901,0.5450630784034729
YGR180C,YDL045C,0,0.97685003,0.13256850838661194,0.8205128312110901,0.5451632142066956
YKL124W,YBR026C,0,0.9768499,0.13254739344120026,0.8205128312110901,0.5452633500099182
YER008C,YJR026W,0,0.9765998,0.13252627849578857,0.8205128312110901,0.5453634858131409
YMR061W,YMR136W,0,0.9765241,0.13250517845153809,0.8205128312110901,0.5454636216163635
YMR117C,YKL015W,0,0.9763534,0.1324840784072876,0.8205128312110901,0.545563817024231
YMR032W,YLL033W,0,0.97633255,0.1324629783630371,0.8205128312110901,0.5456639528274536
YNL172W,YJR147W,0,0.9762155,0.13244189321994781,0.8205128312110901,0.5457640886306763
YDR263C,YGR077C,0,0.9757308,0.13242082297801971,0.8205128312110901,0.5458642244338989
YER050C,YPL139C,0,0.97544515,0.1323997527360916,0.8205128312110901,0.5459643602371216
YCL032W,YOR351C,0,0.9750545,0.1323786824941635,0.8205128312110901,0.5460644960403442
YBR118W,YKR044W,0,0.9748876,0.1323576271533966,0.8205128312110901,0.5461646318435669
YOR378W,YNL307C,0,0.97414047,0.1323365718126297,0.8205128312110901,0.5462647676467896
YDL084W,YLR440C,0,0.9740625,0.1323155164718628,0.8205128312110901,0.5463649034500122
YFR031C,YOR294W,0,0.97343916,0.13229447603225708,0.8205128312110901,0.5464650392532349
YGL162W,YOL026C,0,0.97285736,0.13227345049381256,0.8205128312110901,0.5465651750564575
YLR157C,YLR130C,0,0.9727373,0.13225242495536804,0.8205128312110901,0.5466653108596802
YOL158C,YDL074C,0,0.9726392,0.13223139941692352,0.8205128312110901,0.5467654466629028
YDR310C,YNR002C,0,0.9724953,0.1322103887796402,0.8205128312110901,0.5468655824661255
YDL059C,YLR251W,0,0.9721495,0.13218939304351807,0.8205128312110901,0.5469657778739929
YLL040C,YPR159W,0,0.97186816,0.13216838240623474,0.8205128312110901,0.5470659136772156
YGL170C,YLR047C,0,0.97181773,0.1321474015712738,0.8205128312110901,0.5471660494804382
YMR179W,YDR496C,0,0.9716984,0.13212640583515167,0.8205128312110901,0.5472661852836609
YOR287C,YBR128C,0,0.9716081,0.13210542500019073,0.8205128312110901,0.5473663210868835
YDR371W,YBR006W,0,0.97138065,0.132084459066391,0.8205128312110901,0.5474664568901062
YIR038C,YLR209C,0,0.971315,0.13206349313259125,0.8205128312110901,0.5475665926933289
YKR066C,YNL262W,0,0.9712361,0.1320425271987915,0.8205128312110901,0.5476667284965515
YNL127W,YLR344W,0,0.9712347,0.13202157616615295,0.8205128312110901,0.5477668642997742
YKL090W,YDL148C,0,0.97054136,0.1320006400346756,0.8205128312110901,0.5478670001029968
YJR107W,YFL045C,0,0.97044945,0.13197968900203705,0.8205128312110901,0.5479671359062195
YDL227C,YDR403W,0,0.9702116,0.1319587677717209,0.8205128312110901,0.5480672717094421
YHR002W,YKL095W,0,0.97019833,0.13193783164024353,0.8205128312110901,0.5481674075126648
YGR258C,YOR355W,0,0.9699801,0.13191691040992737,0.8205128312110901,0.5482676029205322
YDR174W,YCL008C,0,0.9698796,0.1318960040807724,0.8205128312110901,0.5483677387237549
YML039W,YOR294W,0,0.968418,0.13187509775161743,0.8205128312110901,0.5484678745269775
YML099C,YOR187W,0,0.96812105,0.13185420632362366,0.8205128312110901,0.5485680103302002
YLR285W,YJL192C,0,0.96712196,0.1318332999944687,0.8205128312110901,0.5486681461334229
YPR002W,YCR052W,0,0.9668408,0.1318124234676361,0.8205128312110901,0.5487682819366455
YDR072C,YBL011W,0,0.9667614,0.13179154694080353,0.8205128312110901,0.5488684177398682
YDL197C,YLR344W,0,0.9664298,0.13177067041397095,0.8205128312110901,0.5489685535430908
YPR204W,YJL140W,0,0.9660642,0.13174980878829956,0.8205128312110901,0.5490686893463135
YHR066W,YPL183W-A,0,0.965973,0.13172894716262817,0.8205128312110901,0.5491688251495361
YGL158W,YDL121C,0,0.9656917,0.1317080855369568,0.8205128312110901,0.5492689609527588
YGR034W,YBL085W,0,0.96540827,0.1316872388124466,0.8205128312110901,0.5493690967559814
YHR041C,YBR222C,0,0.9653288,0.1316664069890976,0.8205128312110901,0.5494692325592041
YPR024W,YDR034C,0,0.96489704,0.1316455751657486,0.8205128312110901,0.5495693683624268
YJL178C,YPL274W,0,0.9643233,0.1316247433423996,0.8205128312110901,0.5496695637702942
YOR393W,YKR044W,0,0.96380407,0.1316039264202118,0.8205128312110901,0.5497696995735168
YNL008C,YLR278C,0,0.9635768,0.131583109498024,0.8205128312110901,0.5498698353767395
YJL087C,YGL183C,0,0.9635036,0.13156230747699738,0.8205128312110901,0.5499699711799622
YDL155W,YDL179W,1,0.9632416,0.1316996067762375,0.8214989900588989,0.5499699711799622
YLR024C,YML036W,0,0.96321315,0.13167878985404968,0.8214989900588989,0.5500701069831848
YIL131C,YOL104C,1,0.96264136,0.13181602954864502,0.8224852085113525,0.5500701069831848
YDL246C,YBR026C,0,0.9625745,0.13179519772529602,0.8224852085113525,0.5501702427864075
YPR026W,YIL020C,0,0.9625116,0.13177436590194702,0.8224852085113525,0.5502703785896301
YKL171W,YOR020C,0,0.9621996,0.13175354897975922,0.8224852085113525,0.5503705143928528
YGL256W,YDR444W,0,0.9616478,0.1317327469587326,0.8224852085113525,0.5504706501960754
YJL030W,YPL256C,1,0.961568,0.1318698674440384,0.8234714269638062,0.5504706501960754
YJL005W,YNL232W,0,0.9614718,0.13184905052185059,0.8234714269638062,0.5505707859992981
YER098W,YIL142W,0,0.96113664,0.13182823359966278,0.8234714269638062,0.5506709218025208
YFL001W,YDR173C,0,0.96065956,0.13180741667747498,0.8234714269638062,0.5507710576057434
YPR035W,YKL007W,0,0.96064514,0.13178661465644836,0.8234714269638062,0.5508711934089661
YPL127C,YBR172C,0,0.9603732,0.13176581263542175,0.8234714269638062,0.5509713888168335
YJR127C,YGR010W,0,0.96032935,0.13174502551555634,0.8234714269638062,0.5510715246200562
YOL141W,YOR222W,0,0.9600106,0.1317242532968521,0.8234714269638062,0.5511716604232788
YLR452C,YKL094W,0,0.95992744,0.1317034661769867,0.8234714269638062,0.5512717962265015
YMR186W,YBR257W,0,0.95918465,0.13168269395828247,0.8234714269638062,0.5513719320297241
YGL240W,YGL086W,1,0.9590936,0.13181962072849274,0.824457585811615,0.5513719320297241
YGL037C,YJL029C,0,0.9590739,0.13179883360862732,0.824457585811615,0.5514720678329468
YKL171W,YGR095C,0,0.95889866,0.1317780613899231,0.824457585811615,0.5515722036361694
YPL050C,YMR115W,0,0.9585024,0.13175728917121887,0.824457585811615,0.5516723394393921
YDR172W,YNL095C,0,0.95833814,0.13173653185367584,0.824457585811615,0.5517724752426147
YLR107W,YNR057C,0,0.95830995,0.1317157745361328,0.824457585811615,0.5518726110458374
YLR183C,YOL028C,0,0.95826775,0.13169501721858978,0.824457585811615,0.5519727468490601
YJL079C,YMR308C,0,0.9579483,0.13167427480220795,0.824457585811615,0.5520728826522827
YML051W,YDL028C,0,0.9579307,0.1316535472869873,0.824457585811615,0.5521730184555054
YDR233C,YNL079C,0,0.95778716,0.13163281977176666,0.824457585811615,0.552273154258728
YPL127C,YJR031C,0,0.95754576,0.13161209225654602,0.824457585811615,0.5523733496665955
YBR145W,YDR470C,0,0.95730996,0.13159137964248657,0.824457585811615,0.5524734854698181
YML080W,YOL136C,0,0.95730567,0.13157066702842712,0.824457585811615,0.5525736212730408
YBR052C,YPL167C,0,0.9571936,0.13154995441436768,0.824457585811615,0.5526737570762634
YDL035C,YMR099C,0,0.95636296,0.13152925670146942,0.824457585811615,0.5527738928794861
YDR530C,YKL078W,0,0.9563356,0.13150857388973236,0.824457585811615,0.5528740286827087
YGR264C,YBL029C-A,0,0.95607084,0.1314878910779953,0.824457585811615,0.5529741644859314
YCL057W,YNL092W,0,0.95594275,0.13146720826625824,0.824457585811615,0.553074300289154
YDR240C,YMR304W,0,0.955801,0.13144654035568237,0.824457585811615,0.5531744360923767
YHR069C,YBR271W,0,0.9554843,0.1314258724451065,0.824457585811615,0.5532745718955994
YOR176W,YDL128W,0,0.95514333,0.13140521943569183,0.824457585811615,0.553374707698822
YPL139C,YLR103C,0,0.95381683,0.13138456642627716,0.824457585811615,0.5534748435020447
YMR241W,YNR067C,0,0.953512,0.13136392831802368,0.824457585811615,0.5535749793052673
YER154W,YFL001W,0,0.9528707,0.1313432902097702,0.824457585811615,0.5536751747131348
YEL069C,YNL309W,0,0.9523112,0.13132265210151672,0.824457585811615,0.5537753105163574
YIL083C,YBL068W,0,0.9522047,0.13130202889442444,0.824457585811615,0.5538754463195801
YCL074W,YGL244W,0,0.9520698,0.13128140568733215,0.824457585811615,0.5539755821228027
YJR005W,YMR115W,0,0.95130295,0.13126079738140106,0.824457585811615,0.5540757179260254
YNL044W,YOL136C,0,0.9511771,0.13124018907546997,0.824457585811615,0.554175853729248
YJL134W,YBL092W,0,0.9505826,0.13121959567070007,0.824457585811615,0.5542759895324707
YGR199W,YGR034W,0,0.95039964,0.13119900226593018,0.824457585811615,0.5543761253356934
YOL112W,YHR109W,0,0.9503863,0.13117840886116028,0.824457585811615,0.554476261138916
YPL240C,YIL006W,0,0.9503703,0.13115783035755157,0.824457585811615,0.5545763969421387
YJL011C,YOL052C,0,0.9496306,0.13113725185394287,0.824457585811615,0.5546765327453613
YML064C,YDR118W,1,0.9488319,0.1312735229730606,0.8254438042640686,0.5546765327453613
YMR173W,YBR093C,0,0.9483273,0.1312529444694519,0.8254438042640686,0.554776668548584
YNL232W,YJR130C,0,0.947832,0.1312323659658432,0.8254438042640686,0.5548768043518066
YKL103C,YLR300W,0,0.94772846,0.1312117874622345,0.8254438042640686,0.5549769401550293
YOL045W,YLR164W,0,0.9474002,0.131191223859787,0.8254438042640686,0.5550771355628967
YNL117W,YHR079C,0,0.94732857,0.13117066025733948,0.8254438042640686,0.5551772713661194
YMR049C,YGR032W,0,0.94723934,0.13115011155605316,0.8254438042640686,0.555277407169342
YEL031W,YNL092W,0,0.9469444,0.13112956285476685,0.8254438042640686,0.5553775429725647
YJL079C,YJR101W,0,0.9464072,0.13110902905464172,0.8254438042640686,0.5554776787757874
YOL139C,YBR133C,1,0.94634354,0.13124510645866394,0.8264299631118774,0.5554776787757874
YGR268C,YOR338W,0,0.9463167,0.13122455775737762,0.8264299631118774,0.55557781457901
YLR113W,YER002W,0,0.9462902,0.1312040090560913,0.8264299631118774,0.5556779503822327
YOL004W,YNR002C,0,0.9457588,0.1311834752559662,0.8264299631118774,0.5557780861854553
YDR429C,YBR281C,0,0.94561857,0.13116294145584106,0.8264299631118774,0.555878221988678
YNL032W,YCL025C,0,0.9455482,0.13114240765571594,0.8264299631118774,0.5559783577919006
YNL307C,YNL274C,0,0.94529647,0.13112188875675201,0.8264299631118774,0.5560784935951233
YOL107W,YDL097C,0,0.9452125,0.13110136985778809,0.8264299631118774,0.556178629398346
YIR018W,YDR476C,0,0.94449145,0.13108086585998535,0.8264299631118774,0.5562787652015686
YLR203C,YLR073C,0,0.9440876,0.13106036186218262,0.8264299631118774,0.5563789010047913
YKL190W,YFR045W,0,0.9437338,0.13103987276554108,0.8264299631118774,0.5564790964126587
YIL139C,YNL284C,0,0.94341695,0.13101938366889954,0.8264299631118774,0.5565792322158813
YGL062W,YDL170W,0,0.94336677,0.1309989094734192,0.8264299631118774,0.556679368019104
YDL215C,YKL206C,0,0.94295937,0.13097843527793884,0.8264299631118774,0.5567795038223267
YOR215C,YDR416W,0,0.94268453,0.1309579610824585,0.8264299631118774,0.5568796396255493
YGL180W,YOR204W,0,0.94266105,0.13093750178813934,0.8264299631118774,0.556979775428772
YOR310C,YFR036W,0,0.94257176,0.1309170424938202,0.8264299631118774,0.5570799112319946
YGL186C,YBL005W-B,0,0.9424125,0.13089659810066223,0.8264299631118774,0.5571800470352173
YHR059W,YIR032C,0,0.9414432,0.13087615370750427,0.8264299631118774,0.5572801828384399
YGR216C,YNL202W,0,0.9414312,0.1308557093143463,0.8264299631118774,0.5573803186416626
YGL010W,YLR278C,0,0.9413422,0.13083527982234955,0.8264299631118774,0.5574804544448853
YPL098C,YDL077C,0,0.94088733,0.13081486523151398,0.8264299631118774,0.5575805902481079
YNL116W,YPL200W,1,0.9408154,0.13095052540302277,0.827416181564331,0.5575805902481079
YGL194C,YGL158W,1,0.94064224,0.13108614087104797,0.8284023404121399,0.5575805902481079
YDR146C,YGR214W,0,0.94061345,0.13106568157672882,0.8284023404121399,0.5576807260513306
YEL022W,YBL026W,0,0.94057286,0.13104523718357086,0.8284023404121399,0.557780921459198
YHR002W,YMR267W,0,0.9405494,0.1310248076915741,0.8284023404121399,0.5578810572624207
YIL159W,YML128C,0,0.9404956,0.13100436329841614,0.8284023404121399,0.5579811930656433
YDR518W,YGR225W,0,0.9404139,0.13098393380641937,0.8284023404121399,0.558081328868866
YMR046C,YMR115W,0,0.94036496,0.1309635192155838,0.8284023404121399,0.5581814646720886
YDL246C,YER137C,0,0.9401269,0.13094310462474823,0.8284023404121399,0.5582816004753113
YHR209W,YOL026C,0,0.93997884,0.13092269003391266,0.8284023404121399,0.5583817362785339
YIL094C,YLR073C,0,0.9398501,0.13090229034423828,0.8284023404121399,0.5584818720817566
YPL196W,YNL192W,0,0.93961143,0.1308818906545639,0.8284023404121399,0.5585820078849792
YFR029W,YNL016W,0,0.93878764,0.13086150586605072,0.8284023404121399,0.5586821436882019
YPR162C,YMR250W,0,0.9385725,0.13084112107753754,0.8284023404121399,0.5587822794914246
YCL074W,YJL194W,0,0.93849987,0.13082075119018555,0.8284023404121399,0.5588824152946472
YDR310C,YNL282W,0,0.9381616,0.13080036640167236,0.8284023404121399,0.5589825510978699
YBR287W,YDR109C,0,0.93806124,0.13078001141548157,0.8284023404121399,0.5590826869010925
YOR279C,YPL196W,0,0.9373183,0.13075965642929077,0.8284023404121399,0.55918288230896
YOR378W,YEL030W,0,0.9367135,0.13073930144309998,0.8284023404121399,0.5592830181121826
YMR276W,YMR049C,0,0.93657297,0.13071896135807037,0.8284023404121399,0.5593831539154053
YBR172C,YLR163C,0,0.93621135,0.13069862127304077,0.8284023404121399,0.5594832897186279
YOR209C,YBL052C,0,0.93620825,0.13067828118801117,0.8284023404121399,0.5595834255218506
YKL020C,YOL124C,0,0.93575376,0.13065795600414276,0.8284023404121399,0.5596835613250732
YER151C,YDR518W,0,0.9353968,0.13063763082027435,0.8284023404121399,0.5597836971282959
YIL128W,YLR321C,0,0.9353895,0.13061732053756714,0.8284023404121399,0.5598838329315186
YPR196W,YDR144C,0,0.93521774,0.13059701025485992,0.8284023404121399,0.5599839687347412
YLL002W,YCR012W,0,0.93496585,0.1305767148733139,0.8284023404121399,0.5600841045379639
YDR233C,YMR213W,0,0.9349104,0.13055641949176788,0.8284023404121399,0.5601842403411865
YER162C,YBR238C,0,0.93433243,0.13053612411022186,0.8284023404121399,0.5602843761444092
YHR029C,YJL178C,0,0.93403065,0.13051584362983704,0.8284023404121399,0.5603845119476318
YLR203C,YNR067C,0,0.9339592,0.1304955780506134,0.8284023404121399,0.5604847073554993
YDR099W,YIR025W,1,0.9336699,0.13063062727451324,0.8293885588645935,0.5604847073554993
YDR389W,YPR138C,0,0.9329447,0.13061034679412842,0.8293885588645935,0.5605848431587219
YPL002C,YLR024C,0,0.9325365,0.1305900663137436,0.8293885588645935,0.5606849789619446
YNL314W,YPR137W,0,0.9308393,0.13056978583335876,0.8293885588645935,0.5607851147651672
YPR024W,YJL030W,0,0.9308015,0.13054952025413513,0.8293885588645935,0.5608852505683899
YCR093W,YBR271W,0,0.9307455,0.1305292546749115,0.8293885588645935,0.5609853863716125
YER165W,YAR031W,0,0.93063056,0.13050900399684906,0.8293885588645935,0.5610855221748352
YDL215C,YBL029C-A,0,0.9301333,0.13048875331878662,0.8293885588645935,0.5611856579780579
YAL063C,YCR002C,0,0.9300776,0.13046850264072418,0.8293885588645935,0.5612857937812805
YJL034W,YBR093C,0,0.9299549,0.13044826686382294,0.8293885588645935,0.5613859295845032
YLR080W,YDR109C,0,0.9295913,0.13042804598808289,0.8293885588645935,0.5614860653877258
YHR175W,YDR109C,0,0.92905587,0.13040781021118164,0.8293885588645935,0.5615862011909485
YJL066C,YAL038W,0,0.92894256,0.13038760423660278,0.8293885588645935,0.5616863369941711
YNL016W,YEL029C,0,0.928617,0.13036738336086273,0.8293885588645935,0.5617864727973938
YDR285W,YLR047C,0,0.9282856,0.13034717738628387,0.8293885588645935,0.5618866682052612
YOR126C,YOR313C,0,0.9282537,0.1303269863128662,0.8293885588645935,0.5619868040084839
YPR030W,YPL050C,0,0.9278174,0.13030678033828735,0.8293885588645935,0.5620869398117065
YPR011C,YNR003C,0,0.9276387,0.13028660416603088,0.8293885588645935,0.5621870756149292
YAL017W,YOR025W,0,0.9276238,0.13026641309261322,0.8293885588645935,0.5622872114181519
YDL132W,YDR363W-A,1,0.9274658,0.1304011195898056,0.8303747773170471,0.5622872114181519
YJL034W,YPR149W,0,0.92678905,0.13038092851638794,0.8303747773170471,0.5623873472213745
YLL003W,YKL053C-A,0,0.9264872,0.13036073744297028,0.8303747773170471,0.5624874830245972
YNR010W,YAL029C,0,0.92640364,0.1303405612707138,0.8303747773170471,0.5625876188278198
YNL223W,YDL148C,0,0.9261178,0.13032038509845734,0.8303747773170471,0.5626877546310425
YLR043C,YGL163C,0,0.9260726,0.13030022382736206,0.8303747773170471,0.5627878904342651
YLR209C,YKR006C,0,0.9260003,0.13028006255626678,0.8303747773170471,0.5628880262374878
YDR167W,YDR518W,0,0.92545074,0.1302599012851715,0.8303747773170471,0.5629881620407104
YDR454C,YPR171W,0,0.9247528,0.13023975491523743,0.8303747773170471,0.5630882978439331
YNL314W,YOR226C,0,0.92452514,0.13021960854530334,0.8303747773170471,0.5631884932518005
YLR447C,YJR063W,0,0.92433274,0.13019947707653046,0.8303747773170471,0.5632886290550232
YGL026C,YPR198W,0,0.9242969,0.13017934560775757,0.8303747773170471,0.5633887648582458
YPR127W,YCR026C,0,0.92309856,0.13015921413898468,0.8303747773170471,0.5634889006614685
YDR457W,YBL092W,0,0.9229991,0.13013909757137299,0.8303747773170471,0.5635890364646912
YPL098C,YHR168W,0,0.9229125,0.13011899590492249,0.8303747773170471,0.5636891722679138
YLR264W,YNL238W,0,0.922616,0.13009889423847198,0.8303747773170471,0.5637893080711365
YNR067C,YCL043C,0,0.9222503,0.13007879257202148,0.8303747773170471,0.5638894438743591
YDR137W,YLR380W,0,0.9217275,0.13005869090557098,0.8303747773170471,0.5639895796775818
YIL050W,YIL112W,1,0.92172074,0.1301930546760559,0.831360936164856,0.5639895796775818
YPL273W,YNR072W,0,0.9216074,0.1301729530096054,0.831360936164856,0.5640897154808044
YEL043W,YOR313C,0,0.9215777,0.1301528513431549,0.831360936164856,0.5641898512840271
YDR476C,YDR109C,0,0.92104954,0.1301327496767044,0.831360936164856,0.5642899870872498
YDR064W,YKL186C,0,0.9210437,0.1301126778125763,0.831360936164856,0.5643901228904724
YPR171W,YGL200C,0,0.9202882,0.130092591047287,0.831360936164856,0.5644902586936951
YEL012W,YJL085W,0,0.9199308,0.13007251918315887,0.831360936164856,0.5645904541015625
YGL209W,YAR027W,0,0.91991884,0.13005244731903076,0.831360936164856,0.5646905899047852
YIL142W,YFL066C,0,0.9194174,0.13003239035606384,0.831360936164856,0.5647907257080078
YLR404W,YBR052C,0,0.91937596,0.13001233339309692,0.831360936164856,0.5648908615112305
YKL038W,YKR006C,0,0.91936344,0.1299922913312912,0.831360936164856,0.5649909973144531
YBR202W,YLR244C,0,0.9190863,0.12997224926948547,0.831360936164856,0.5650911331176758
YDL107W,YNL298W,0,0.91898346,0.12995220720767975,0.831360936164856,0.5651912689208984
YCR014C,YDL140C,0,0.91883326,0.12993218004703522,0.831360936164856,0.5652914047241211
YOR230W,YJR053W,1,0.91865003,0.13006626069545746,0.8323471546173096,0.5652914047241211
YNR035C,YHR039C-A,0,0.9185246,0.13004621863365173,0.8323471546173096,0.5653915405273438
YLR452C,YML109W,0,0.9184803,0.1300261914730072,0.8323471546173096,0.5654916763305664
YGR036C,YBR096W,0,0.9181485,0.13000616431236267,0.8323471546173096,0.5655918121337891
YLR263W,YML074C,1,0.91812205,0.13014015555381775,0.8333333134651184,0.5655918121337891
YDR229W,YDR081C,0,0.91795504,0.13012011349201202,0.8333333134651184,0.5656919479370117
YBR156C,YDR363W-A,1,0.91784954,0.13025404512882233,0.834319531917572,0.5656919479370117
YHR012W,YNL117W,0,0.9176866,0.1302339881658554,0.834319531917572,0.5657920837402344
YBR120C,YDL140C,0,0.91750956,0.13021394610404968,0.834319531917572,0.565892219543457
YKR071C,YNL202W,0,0.9174575,0.13019390404224396,0.834319531917572,0.5659924149513245
YLR043C,YGR036C,0,0.9173007,0.13017387688159943,0.834319531917572,0.5660925507545471
YGL158W,YGL183C,0,0.91712207,0.1301538497209549,0.834319531917572,0.5661926865577698
YKL190W,YER019C-A,0,0.9170798,0.13013382256031036,0.834319531917572,0.5662928223609924
YKL126W,YPR060C,0,0.9166461,0.13011381030082703,0.834319531917572,0.5663929581642151
YLR329W,YEL029C,0,0.91636616,0.1300937980413437,0.834319531917572,0.5664930939674377
YNL192W,YLL027W,0,0.9162313,0.13007380068302155,0.834319531917572,0.5665932297706604
YBR002C,YAR002C-A,0,0.9161401,0.1300538033246994,0.834319531917572,0.5666933655738831
YGR175C,YJL085W,0,0.91596377,0.13003382086753845,0.834319531917572,0.5667935013771057
YCR060W,YDR494W,0,0.9159197,0.1300138384103775,0.834319531917572,0.5668936371803284
YDL215C,YBR080C,0,0.9155779,0.12999385595321655,0.834319531917572,0.566993772983551
YHL012W,YNL117W,0,0.9155148,0.1299738883972168,0.834319531917572,0.5670939087867737
YMR186W,YPL011C,0,0.91538,0.12995392084121704,0.834319531917572,0.5671940445899963
YPL110C,YMR160W,0,0.91531235,0.12993395328521729,0.834319531917572,0.5672942399978638
YJR078W,YOR251C,0,0.91506934,0.12991400063037872,0.834319531917572,0.5673943758010864
YIL143C,YPR149W,0,0.9149403,0.12989406287670135,0.834319531917572,0.5674945116043091
YJR051W,YLR350W,0,0.91493875,0.1298741102218628,0.834319531917572,0.5675946474075317
YDR476C,YNL290W,0,0.9149102,0.12985418736934662,0.834319531917572,0.5676947832107544
YJL225C,YDR423C,0,0.91440713,0.12983424961566925,0.834319531917572,0.567794919013977
YDL059C,YCL052C,0,0.9143357,0.12981432676315308,0.834319531917572,0.5678950548171997
YMR112C,YER138C,0,0.91432893,0.1297944188117981,0.834319531917572,0.5679951906204224
YEL069C,YLR213C,0,0.9140985,0.12977451086044312,0.834319531917572,0.568095326423645
YJL011C,YOL040C,0,0.9140947,0.12975460290908813,0.834319531917572,0.5681954622268677
YLR020C,YBR230C,0,0.9139559,0.12973470985889435,0.834319531917572,0.5682955980300903
YCR030C,YMR054W,0,0.91358817,0.12971481680870056,0.834319531917572,0.568395733833313
YNL016W,YGR118W,0,0.9135828,0.12969492375850677,0.834319531917572,0.5684958696365356
YOL136C,YKL064W,0,0.9135562,0.12967504560947418,0.834319531917572,0.5685960054397583
YGR221C,YDR260C,0,0.913481,0.1296551674604416,0.834319531917572,0.5686962008476257
YER008C,YBL091C-A,0,0.9133738,0.1296353042125702,0.834319531917572,0.5687963366508484
YGL183C,YMR308C,0,0.9132491,0.1296154409646988,0.834319531917572,0.568896472454071
YNR074C,YNL304W,0,0.91271794,0.1295955926179886,0.834319531917572,0.5689966082572937
YOR304C-A,YPL110C,0,0.91264784,0.12957574427127838,0.834319531917572,0.5690967440605164
YHR214C-B,YLR208W,0,0.91228604,0.12955589592456818,0.834319531917572,0.569196879863739
YOR084W,YOL151W,0,0.91223216,0.12953606247901917,0.834319531917572,0.5692970156669617
YGL220W,YGR134W,0,0.9119642,0.12951622903347015,0.834319531917572,0.5693971514701843
YHR014W,YMR029C,1,0.9116663,0.12964947521686554,0.8353056907653809,0.5693971514701843
YDR309C,YBR158W,1,0.91079986,0.12978267669677734,0.8362919092178345,0.5693971514701843
YOL066C,YGL200C,0,0.91029173,0.12976281344890594,0.8362919092178345,0.569497287273407
YLR395C,YMR203W,0,0.9101556,0.12974296510219574,0.8362919092178345,0.5695974230766296
YAL039C,YAL029C,0,0.90988714,0.12972311675548553,0.8362919092178345,0.5696975588798523
YOR287C,YNL284C,0,0.9098248,0.12970326840877533,0.8362919092178345,0.569797694683075
YBR059C,YLR050C,0,0.9098246,0.12968343496322632,0.8362919092178345,0.5698978304862976
YMR061W,YDR496C,0,0.90952337,0.1296636015176773,0.8362919092178345,0.569998025894165
YFR029W,YJL079C,0,0.90950847,0.1296437829732895,0.8362919092178345,0.5700981616973877
YDR451C,YGR108W,1,0.9093262,0.12977682054042816,0.8372781276702881,0.5700981616973877
YML051W,YER101C,0,0.90903616,0.12975698709487915,0.8372781276702881,0.5701982975006104
YGL122C,YPR119W,0,0.90884984,0.12973716855049133,0.8372781276702881,0.570298433303833
YEL031W,YDL040C,0,0.90874237,0.12971733510494232,0.8372781276702881,0.5703985691070557
YDR405W,YNL006W,0,0.9085593,0.1296975314617157,0.8372781276702881,0.5704987049102783
YMR272C,YPR119W,0,0.90818185,0.12967771291732788,0.8372781276702881,0.570598840713501
YEL040W,YOR099W,0,0.90801793,0.12965790927410126,0.8372781276702881,0.5706989765167236
YGR081C,YHR056C,0,0.9078046,0.12963810563087463,0.8372781276702881,0.5707991123199463
YNL281W,YFL013C,0,0.9076463,0.1296183168888092,0.8372781276702881,0.570899248123169
YOR292C,YDL035C,0,0.90699875,0.12959852814674377,0.8372781276702881,0.5709993839263916
YKR071C,YLR383W,0,0.90692806,0.12957875430583954,0.8372781276702881,0.5710995197296143
YOR274W,YLR359W,0,0.90637803,0.1295589804649353,0.8372781276702881,0.5711996555328369
YIL006W,YLR028C,0,0.9063681,0.12953920662403107,0.8372781276702881,0.5712997913360596
YGR229C,YDR472W,0,0.9063451,0.12951944768428802,0.8372781276702881,0.571399986743927
YPL087W,YMR143W,0,0.9061501,0.12949968874454498,0.8372781276702881,0.5715001225471497
YMR089C,YGR036C,0,0.9058756,0.12947994470596313,0.8372781276702881,0.5716002583503723
YJR051W,YLL055W,0,0.905656,0.1294602006673813,0.8372781276702881,0.571700394153595
YDR196C,YGR095C,0,0.90560275,0.12944045662879944,0.8372781276702881,0.5718005299568176
YLR452C,YPL064C,0,0.90553206,0.12942072749137878,0.8372781276702881,0.5719006657600403
YJL141C,YLR278C,0,0.90543985,0.12940101325511932,0.8372781276702881,0.5720008015632629
YFL045C,YMR034C,0,0.9049258,0.12938128411769867,0.8372781276702881,0.5721009373664856
YPL094C,YFR036W,0,0.9047363,0.1293615698814392,0.8372781276702881,0.5722010731697083
YDR082W,YDL078C,0,0.904534,0.12934187054634094,0.8372781276702881,0.5723012089729309
YML039W,YBR072W,0,0.904235,0.12932215631008148,0.8372781276702881,0.5724013447761536
YOR292C,YDL202W,0,0.9041787,0.1293024718761444,0.8372781276702881,0.5725014805793762
YJL225C,YPL240C,0,0.9037318,0.12928277254104614,0.8372781276702881,0.5726016163825989
YJR057W,YJL079C,0,0.9033814,0.12926308810710907,0.8372781276702881,0.5727018117904663
YKL038W,YPL027W,0,0.90337276,0.1292434185743332,0.8372781276702881,0.572801947593689
YBR282W,YOL151W,0,0.9028244,0.1292237490415573,0.8372781276702881,0.5729020833969116
YPL200W,YNL208W,0,0.90277416,0.12920407950878143,0.8372781276702881,0.5730022192001343
YNL032W,YER019C-A,0,0.9017953,0.12918442487716675,0.8372781276702881,0.5731023550033569
YHR059W,YMR115W,0,0.9017251,0.12916477024555206,0.8372781276702881,0.5732024908065796
YIL080W,YDR332W,0,0.9014822,0.12914511561393738,0.8372781276702881,0.5733026266098022
YOR323C,YML080W,0,0.9014527,0.1291254758834839,0.8372781276702881,0.5734027624130249
YJR083C,YDR062W,0,0.9013824,0.1291058361530304,0.8372781276702881,0.5735028982162476
YBR096W,YKL053C-A,0,0.90131974,0.1290862113237381,0.8372781276702881,0.5736030340194702
YAR002C-A,YKL053C-A,0,0.90090966,0.1290665864944458,0.8372781276702881,0.5737031698226929
YDR460W,YDR173C,0,0.9009018,0.1290469616651535,0.8372781276702881,0.5738033056259155
YKL074C,YKL144C,0,0.9004988,0.1290273517370224,0.8372781276702881,0.5739034414291382
YDL029W,YDR472W,0,0.9004678,0.1290077567100525,0.8372781276702881,0.5740035772323608
YDR137W,YOR230W,0,0.89939463,0.1289881467819214,0.8372781276702881,0.5741037726402283
YKL067W,YIL076W,0,0.89897877,0.12896855175495148,0.8372781276702881,0.5742039084434509
YJR151C,YDL035C,0,0.8973768,0.12894897162914276,0.8372781276702881,0.5743040442466736
YDR405W,YDL216C,0,0.8972844,0.12892939150333405,0.8372781276702881,0.5744041800498962
YJL117W,YPL096W,0,0.8971076,0.12890981137752533,0.8372781276702881,0.5745043158531189
YOR226C,YPR159W,0,0.89689875,0.1288902312517166,0.8372781276702881,0.5746044516563416
YBL041W,YGL233W,0,0.8968671,0.12887068092823029,0.8372781276702881,0.5747045874595642
YMR241W,YKR036C,0,0.8964896,0.12885111570358276,0.8372781276702881,0.5748047232627869
YLR289W,YPL134C,0,0.896143,0.12883156538009644,0.8372781276702881,0.5749048590660095
YNL010W,YHR004C,0,0.89614123,0.1288120150566101,0.8372781276702881,0.5750049948692322
YLR187W,YOR226C,0,0.8961401,0.12879247963428497,0.8372781276702881,0.5751051306724548
YDR083W,YKR068C,0,0.8959238,0.12877294421195984,0.8372781276702881,0.5752052664756775
YMR039C,YBL092W,0,0.89568055,0.1287534087896347,0.8372781276702881,0.5753054022789001
YEL053C,YAR031W,0,0.8955863,0.12873388826847076,0.8372781276702881,0.5754055380821228
YHR047C,YLR206W,0,0.89520675,0.12871436774730682,0.8372781276702881,0.5755057334899902
YJR147W,YGL019W,0,0.89517045,0.12869486212730408,0.8372781276702881,0.5756058692932129
YOR297C,YGR214W,0,0.8949521,0.12867535650730133,0.8372781276702881,0.5757060050964355
YGL169W,YDL170W,0,0.8944421,0.12865585088729858,0.8372781276702881,0.5758061408996582
YDR233C,YOL102C,0,0.8940479,0.12863636016845703,0.8372781276702881,0.5759062767028809
YCL043C,YPL093W,0,0.8939868,0.12861686944961548,0.8372781276702881,0.5760064125061035
YER022W,YML073C,0,0.8938941,0.12859739363193512,0.8372781276702881,0.5761065483093262
YKR054C,YKR002W,0,0.8935391,0.12857791781425476,0.8372781276702881,0.5762066841125488
YHL034C,YDL208W,0,0.8933848,0.1285584419965744,0.8372781276702881,0.5763068199157715
YLR353W,YMR250W,0,0.8928475,0.12853898108005524,0.8372781276702881,0.5764069557189941
YMR054W,YKL124W,0,0.89245504,0.12851953506469727,0.8372781276702881,0.5765070915222168
YNR004W,YNR013C,0,0.89235616,0.1285000741481781,0.8372781276702881,0.5766072273254395
YDR451C,YIL050W,1,0.8922616,0.12863196432590485,0.8382642865180969,0.5766072273254395
YCL074W,YMR168C,0,0.8921664,0.12861250340938568,0.8382642865180969,0.5767073631286621
YBR274W,YKL094W,0,0.8919585,0.12859304249286652,0.8382642865180969,0.5768075585365295
YDR172W,YLR251W,0,0.8918406,0.12857359647750854,0.8382642865180969,0.5769076943397522
YDL245C,YCR011C,0,0.89144194,0.12855415046215057,0.8382642865180969,0.5770078301429749
YIL006W,YBR192W,0,0.89101636,0.1285347044467926,0.8382642865180969,0.5771079659461975
YLR452C,YGL174W,0,0.89057875,0.12851527333259583,0.8382642865180969,0.5772081017494202
YKL203C,YDR262W,0,0.89017606,0.12849584221839905,0.8382642865180969,0.5773082375526428
YHR061C,YDR461W,0,0.8898559,0.12847642600536346,0.8382642865180969,0.5774083733558655
YBR081C,YMR159C,0,0.88966644,0.12845700979232788,0.8382642865180969,0.5775085091590881
YPR149W,YMR213W,0,0.8892622,0.1284375935792923,0.8382642865180969,0.5776086449623108
YNL052W,YOR349W,0,0.88899875,0.1284181922674179,0.8382642865180969,0.5777087807655334
YPR111W,YDL035C,0,0.888885,0.12839879095554352,0.8382642865180969,0.5778089165687561
YJR010W,YKL007W,0,0.88882405,0.12837940454483032,0.8382642865180969,0.5779090523719788
YML073C,YFR036W,0,0.8883895,0.12836001813411713,0.8382642865180969,0.5780091881752014
YKL165C,YDL040C,0,0.88832736,0.12834063172340393,0.8382642865180969,0.5781093239784241
YOL142W,YKL119C,0,0.88820225,0.12832126021385193,0.8382642865180969,0.5782095193862915
YBR020W,YGR179C,0,0.8881916,0.12830188870429993,0.8382642865180969,0.5783096551895142
YDL142C,YMR054W,0,0.8878186,0.12828251719474792,0.8382642865180969,0.5784097909927368
YNR004W,YOL004W,0,0.88774765,0.12826316058635712,0.8382642865180969,0.5785099267959595
YDR283C,YLR079W,1,0.88760406,0.1283946931362152,0.8392505049705505,0.5785099267959595
YHR047C,YJL187C,0,0.88716066,0.1283753216266632,0.8392505049705505,0.5786100625991821
YMR077C,YBR222C,0,0.8871538,0.1283559650182724,0.8392505049705505,0.5787101984024048
YCL018W,YOL090W,0,0.88712966,0.1283365935087204,0.8392505049705505,0.5788103342056274
YBR195C,YPL244C,0,0.8870596,0.12831725180149078,0.8392505049705505,0.5789104700088501
YLR229C,YOR230W,1,0.8869484,0.12844866514205933,0.8402366638183594,0.5789104700088501
YNR006W,YJR083C,0,0.88686717,0.12842930853366852,0.8402366638183594,0.5790106058120728
YBR243C,YLR073C,0,0.88625824,0.1284099519252777,0.8402366638183594,0.5791107416152954
YOL142W,YBR276C,0,0.88621676,0.1283905953168869,0.8402366638183594,0.5792108774185181
YNL121C,YIL035C,0,0.88620293,0.1283712536096573,0.8402366638183594,0.5793110132217407
YDR137W,YDR470C,0,0.88619125,0.12835191190242767,0.8402366638183594,0.5794111490249634
YNL223W,YOL107W,0,0.8858621,0.12833258509635925,0.8402366638183594,0.5795113444328308
YDR229W,YKL085W,0,0.88548255,0.12831325829029083,0.8402366638183594,0.5796114802360535
YPR182W,YNL309W,0,0.8853949,0.1282939314842224,0.8402366638183594,0.5797116160392761
YBL041W,YCL026C-B,0,0.8844762,0.12827461957931519,0.8402366638183594,0.5798117518424988
YOR219C,YAR035W,0,0.88378286,0.12825530767440796,0.8402366638183594,0.5799118876457214
YPR111W,YNL232W,0,0.8835856,0.12823599576950073,0.8402366638183594,0.5800120234489441
YBR282W,YER137C,0,0.8828382,0.1282166987657547,0.8402366638183594,0.5801121592521667
YEL069C,YLR050C,0,0.88273305,0.12819741666316986,0.8402366638183594,0.5802122950553894
YPR083W,YOR327C,0,0.8826965,0.12817811965942383,0.8402366638183594,0.5803124308586121
YPL183W-A,YOR251C,0,0.88137937,0.128158837556839,0.8402366638183594,0.5804125666618347
YBR223C,YER087W,0,0.88137126,0.12813957035541534,0.8402366638183594,0.5805127024650574
YDL133C-A,YDL197C,0,0.8811426,0.1281203031539917,0.8402366638183594,0.58061283826828
YNL314W,YEL012W,0,0.88084185,0.12810103595256805,0.8402366638183594,0.5807129740715027
YOR054C,YMR089C,0,0.88061476,0.1280817836523056,0.8402366638183594,0.5808131098747253
YIL128W,YEL040W,0,0.88053685,0.12806253135204315,0.8402366638183594,0.5809133052825928
YDL078C,YMR238W,0,0.8804363,0.1280432790517807,0.8402366638183594,0.5810134410858154
YJL066C,YJL030W,0,0.8795825,0.12802404165267944,0.8402366638183594,0.5811135768890381
YJL011C,YAR035W,0,0.87916553,0.12800480425357819,0.8402366638183594,0.5812137126922607
YDL171C,YPR198W,0,0.87904656,0.12798558175563812,0.8402366638183594,0.5813138484954834
YOL010W,YDR454C,0,0.8790087,0.12796635925769806,0.8402366638183594,0.581413984298706
YBR135W,YCL061C,1,0.8789181,0.1280973106622696,0.841222882270813,0.581413984298706
YGL014W,YDR081C,0,0.87886024,0.12807807326316833,0.841222882270813,0.5815141201019287
YDR310C,YOR351C,1,0.87875307,0.1282089799642563,0.8422091007232666,0.5815141201019287
YPL147W,YOR162C,0,0.8785713,0.12818972766399384,0.8422091007232666,0.5816142559051514
YMR227C,YCL043C,0,0.8776957,0.12817049026489258,0.8422091007232666,0.581714391708374
YLR404W,YBL029C-A,0,0.8775002,0.12815126776695251,0.8422091007232666,0.5818145275115967
YLR105C,YKR066C,0,0.8773358,0.12813203036785126,0.8422091007232666,0.5819146633148193
YER185W,YLR251W,0,0.8772238,0.1281128078699112,0.8422091007232666,0.582014799118042
YGR052W,YPL252C,0,0.87714326,0.12809360027313232,0.8422091007232666,0.5821149349212646
YOR020C,YMR240C,0,0.8764372,0.12807437777519226,0.8422091007232666,0.5822151303291321
YBR202W,YLR197W,0,0.8762648,0.12805518507957458,0.8422091007232666,0.5823152661323547
YBR187W,YBL029C-A,0,0.8759624,0.12803597748279572,0.8422091007232666,0.5824154019355774
YPL259C,YMR301C,0,0.8758535,0.12801678478717804,0.8422091007232666,0.5825155377388
YGR238C,YBL091C-A,0,0.8757216,0.12799760699272156,0.8422091007232666,0.5826156735420227
YPL256C,YMR029C,1,0.8756868,0.1281282752752304,0.8431952595710754,0.5826156735420227
YOR291W,YLR050C,0,0.87553406,0.12810908257961273,0.8431952595710754,0.5827158093452454
YBR120C,YOR351C,0,0.8754686,0.12808988988399506,0.8431952595710754,0.582815945148468
YBR059C,YEL053C,0,0.8753951,0.12807069718837738,0.8431952595710754,0.5829160809516907
YCL008C,YJL149W,0,0.8751373,0.1280515193939209,0.8431952595710754,0.5830162167549133
YFL045C,YBR192W,0,0.8749293,0.12803234159946442,0.8431952595710754,0.583116352558136
YDL227C,YBR074W,0,0.87479466,0.12801317870616913,0.8431952595710754,0.5832164883613586
YHR004C,YGR145W,0,0.8747554,0.12799401581287384,0.8431952595710754,0.5833166241645813
YFR013W,YOR206W,0,0.87438476,0.12797485291957855,0.8431952595710754,0.583416759967804
YKR071C,YGL113W,0,0.874097,0.12795570492744446,0.8431952595710754,0.5835168957710266
YDL171C,YPL196W,0,0.8739484,0.12793655693531036,0.8431952595710754,0.583617091178894
YGL236C,YKL003C,0,0.8733041,0.12791740894317627,0.8431952595710754,0.5837172269821167
YNR057C,YOR353C,0,0.87316346,0.12789827585220337,0.8431952595710754,0.5838173627853394
YOR324C,YGL103W,0,0.8731024,0.12787915766239166,0.8431952595710754,0.583917498588562
YHR002W,YDL040C,0,0.87268484,0.12786002457141876,0.8431952595710754,0.5840176343917847
YMR218C,YNL026W,0,0.8726828,0.12784090638160706,0.8431952595710754,0.5841177701950073
YDL142C,YBR177C,0,0.87254417,0.12782180309295654,0.8431952595710754,0.58421790599823
YGL241W,YPR006C,0,0.8724408,0.12780268490314484,0.8431952595710754,0.5843180418014526
YBR222C,YKR068C,0,0.87197685,0.12778359651565552,0.8431952595710754,0.5844181776046753
YOL070C,YJR149W,0,0.8719413,0.127764493227005,0.8431952595710754,0.584518313407898
YOR168W,YLR316C,0,0.87187046,0.12774540483951569,0.8431952595710754,0.5846184492111206
YDR332W,YDR218C,0,0.87162083,0.12772631645202637,0.8431952595710754,0.5847185850143433
YKL161C,YPL131W,0,0.8715821,0.12770724296569824,0.8431952595710754,0.5848187208175659
YOR232W,YDR207C,0,0.87129104,0.12768816947937012,0.8431952595710754,0.5849189162254333
YDR168W,YMR135C,1,0.8712263,0.12781842052936554,0.844181478023529,0.5849189162254333
YBR222C,YHR168W,0,0.8708666,0.12779934704303741,0.844181478023529,0.585019052028656
YOL142W,YKL074C,0,0.87069345,0.1277802586555481,0.844181478023529,0.5851191878318787
YEL041W,YNL219C,0,0.87060654,0.12776120007038116,0.844181478023529,0.5852193236351013
YPL273W,YBL098W,0,0.87057674,0.12774212658405304,0.844181478023529,0.585319459438324
YJL053W,YJR130C,0,0.8704988,0.1277230679988861,0.844181478023529,0.5854195952415466
YKL117W,YMR300C,0,0.87026393,0.12770400941371918,0.844181478023529,0.5855197310447693
YGL241W,YDL128W,0,0.8701908,0.12768496572971344,0.844181478023529,0.5856198668479919
YMR020W,YMR046C,0,0.8699521,0.1276659220457077,0.844181478023529,0.5857200026512146
YOR025W,YNL274C,0,0.8697954,0.12764687836170197,0.844181478023529,0.5858201384544373
YIL002C,YBR230C,0,0.86958015,0.12762784957885742,0.844181478023529,0.5859202742576599
YHR005C-A,YPL027W,0,0.86955196,0.12760882079601288,0.844181478023529,0.5860204100608826
YPL064C,YPL218W,0,0.8693979,0.12758980691432953,0.844181478023529,0.5861205458641052
YJL200C,YOR313C,0,0.86936855,0.12757079303264618,0.844181478023529,0.5862206816673279
YPR190C,YKR044W,0,0.86904025,0.12755177915096283,0.844181478023529,0.5863208770751953
YHR030C,YFL057C,0,0.86881644,0.12753278017044067,0.844181478023529,0.586421012878418
YEL053C,YKR028W,0,0.86838174,0.12751378118991852,0.844181478023529,0.5865211486816406
YKL170W,YOL054W,0,0.86820894,0.12749478220939636,0.844181478023529,0.5866212844848633
YML028W,YMR075W,0,0.8680151,0.1274757981300354,0.844181478023529,0.5867214202880859
YJL030W,YMR269W,0,0.8680112,0.12745681405067444,0.844181478023529,0.5868215560913086
YGR089W,YGR027C,0,0.86775094,0.12743784487247467,0.844181478023529,0.5869216918945312
YLR289W,YKL206C,0,0.8671831,0.1274188756942749,0.844181478023529,0.5870218276977539
YKL082C,YPL027W,0,0.8668345,0.12739990651607513,0.844181478023529,0.5871219635009766
YLL033W,YPL093W,0,0.86671144,0.12738095223903656,0.844181478023529,0.5872220993041992
YMR117C,YGR118W,0,0.86667633,0.12736199796199799,0.844181478023529,0.5873222351074219
YJR005W,YKL038W,0,0.866192,0.1273430585861206,0.844181478023529,0.5874223709106445
YHR047C,YNL223W,0,0.86596596,0.12732410430908203,0.844181478023529,0.5875225067138672
YDR285W,YFL045C,0,0.86595815,0.12730517983436584,0.844181478023529,0.5876226425170898
YPR083W,YDR472W,0,0.86594784,0.12728624045848846,0.844181478023529,0.5877228379249573
YDR168W,YNL116W,1,0.86550975,0.1274159997701645,0.8451676368713379,0.5877228379249573
YJL034W,YPR133W-A,0,0.8652525,0.1273970603942871,0.8451676368713379,0.5878229737281799
YNL289W,YAL024C,1,0.8647452,0.12752676010131836,0.8461538553237915,0.5878229737281799
YMR315W,YBL079W,0,0.86452025,0.12750780582427979,0.8461538553237915,0.5879231095314026
YDR254W,YLR401C,0,0.8644502,0.1274888515472412,0.8461538553237915,0.5880232453346252
YBR177C,YGR070W,0,0.8633601,0.12746991217136383,0.8461538553237915,0.5881233811378479
YDL198C,YPR152C,0,0.86309814,0.12745098769664764,0.8461538553237915,0.5882235169410706
YMR180C,YPL167C,0,0.86297876,0.12743204832077026,0.8461538553237915,0.5883236527442932
YHR002W,YNL122C,0,0.86209124,0.12741312384605408,0.8461538553237915,0.5884237885475159
YPL078C,YOR098C,0,0.86204726,0.12739421427249908,0.8461538553237915,0.5885239243507385
YJR138W,YCR087C-A,0,0.86163867,0.1273752897977829,0.8461538553237915,0.5886240601539612
YDR460W,YKL053C-A,0,0.8613962,0.1273563951253891,0.8461538553237915,0.5887241959571838
YDR285W,YGR118W,0,0.8613068,0.1273374855518341,0.8461538553237915,0.5888243317604065
YFL066C,YIL047C,0,0.86117506,0.1273185908794403,0.8461538553237915,0.5889244675636292
YDL227C,YPL082C,0,0.8610717,0.1272996962070465,0.8461538553237915,0.5890246629714966
YNL110C,YCL026C-B,0,0.8609512,0.1272808164358139,0.8461538553237915,0.5891247987747192
YNL153C,YGR175C,0,0.86063695,0.1272619366645813,0.8461538553237915,0.5892249345779419
YNR072W,YBR010W,0,0.8604408,0.1272430717945099,0.8461538553237915,0.5893250703811646
YIR011C,YBR294W,0,0.8603012,0.12722419202327728,0.8461538553237915,0.5894252061843872
YDL015C,YIR032C,0,0.8599664,0.12720534205436707,0.8461538553237915,0.5895253419876099
YJR119C,YPR138C,0,0.8598553,0.12718647718429565,0.8461538553237915,0.5896254777908325
YLR295C,YGL051W,0,0.8596661,0.12716762721538544,0.8461538553237915,0.5897256135940552
YPL119C,YBR067C,0,0.8593198,0.1271487921476364,0.8461538553237915,0.5898257493972778
YJL079C,YBL098W,0,0.8592465,0.1271299421787262,0.8461538553237915,0.5899258852005005
YNL079C,YDR470C,0,0.8591176,0.12711110711097717,0.8461538553237915,0.5900260210037231
YIL135C,YMR186W,0,0.85908234,0.12709228694438934,0.8461538553237915,0.5901261568069458
YOR148C,YBR257W,0,0.85898584,0.1270734667778015,0.8461538553237915,0.5902262926101685
YCL074W,YEL030W,0,0.8588554,0.12705464661121368,0.8461538553237915,0.5903264284133911
YKR054C,YCL057W,0,0.8587144,0.12703582644462585,0.8461538553237915,0.5904266238212585
YGR216C,YJR133W,0,0.85809267,0.12701702117919922,0.8461538553237915,0.5905267596244812
YMR090W,YJL213W,0,0.8574407,0.12699823081493378,0.8461538553237915,0.5906268954277039
YGL169W,YKR006C,0,0.85686827,0.12697942554950714,0.8461538553237915,0.5907270312309265
YJR055W,YGR177C,0,0.85676503,0.1269606351852417,0.8461538553237915,0.5908271670341492
YPL180W,YOR285W,0,0.85587895,0.12694185972213745,0.8461538553237915,0.5909273028373718
YFL045C,YBL068W,0,0.85580784,0.1269230842590332,0.8461538553237915,0.5910274386405945
YHR029C,YKL210W,0,0.8556722,0.12690430879592896,0.8461538553237915,0.5911275744438171
YDL029W,YAL038W,0,0.85529363,0.1268855333328247,0.8461538553237915,0.5912277102470398
YAL054C,YHR135C,0,0.8547658,0.12686677277088165,0.8461538553237915,0.5913278460502625
YJR026W,YHR082C,0,0.85468924,0.1268480122089386,0.8461538553237915,0.5914279818534851
YOL155C,YFR001W,0,0.8543312,0.12682926654815674,0.8461538553237915,0.5915281176567078
YLL045C,YBL029C-A,0,0.8541348,0.12681052088737488,0.8461538553237915,0.5916282534599304
YDR473C,YGR177C,0,0.85337913,0.1267917901277542,0.8461538553237915,0.5917284488677979
YDR168W,YDR328C,1,0.8533703,0.12692080438137054,0.8471400141716003,0.5917284488677979
YOR274W,YPL064C,0,0.85309464,0.12690205872058868,0.8471400141716003,0.5918285846710205
YJR101W,YDR496C,0,0.8521848,0.12688331305980682,0.8471400141716003,0.5919287204742432
YDR306C,YBR173C,0,0.85196096,0.12686456739902496,0.8471400141716003,0.5920288562774658
YDR205W,YGR155W,0,0.8517316,0.1268458366394043,0.8471400141716003,0.5921289920806885
YOR243C,YEL029C,0,0.85115916,0.12682710587978363,0.8471400141716003,0.5922291278839111
YNR044W,YDR332W,0,0.8510294,0.12680839002132416,0.8471400141716003,0.5923292636871338
YJL191W,YGL183C,0,0.85101175,0.12678967416286469,0.8471400141716003,0.5924293994903564
YAR035W,YMR210W,0,0.8505068,0.1267709583044052,0.8471400141716003,0.5925295352935791
YLR353W,YKR028W,0,0.8504337,0.12675225734710693,0.8471400141716003,0.5926296710968018
YER103W,YLR047C,0,0.85001504,0.12673355638980865,0.8471400141716003,0.5927298069000244
YLR203C,YNL290W,0,0.84969026,0.12671485543251038,0.8471400141716003,0.5928299427032471
YNL231C,YPR035W,0,0.849514,0.1266961693763733,0.8471400141716003,0.5929300785064697
YCL036W,YDR306C,0,0.8494209,0.1266774833202362,0.8471400141716003,0.5930302143096924
YMR117C,YAL038W,0,0.8492119,0.12665879726409912,0.8471400141716003,0.5931304097175598
YOR324C,YLL017W,0,0.84914446,0.12664012610912323,0.8471400141716003,0.5932305455207825
YHR074W,YPL244C,0,0.8490411,0.12662145495414734,0.8471400141716003,0.5933306813240051
YKR103W,YJL144W,0,0.84864485,0.12660279870033264,0.8471400141716003,0.5934308171272278
YKL103C,YIL135C,0,0.84853655,0.12658414244651794,0.8471400141716003,0.5935309529304504
YLR452C,YHR135C,0,0.8481957,0.12656548619270325,0.8471400141716003,0.5936310887336731
YGL200C,YMR193W,0,0.8481364,0.12654684484004974,0.8471400141716003,0.5937312245368958
YLR429W,YNL092W,0,0.84803975,0.12652820348739624,0.8471400141716003,0.5938313603401184
YGR113W,YPR163C,0,0.84802115,0.12650957703590393,0.8471400141716003,0.5939314961433411
YNL164C,YOR244W,1,0.8472271,0.12663820385932922,0.848126232624054,0.5939314961433411
YBR002C,YDL107W,0,0.84717476,0.12661954760551453,0.848126232624054,0.5940316319465637
YOR249C,YLR361C,1,0.84716,0.12674812972545624,0.8491124510765076,0.5940316319465637
YLR321C,YDR337W,0,0.84650534,0.12672947347164154,0.8491124510765076,0.5941317677497864
YML028W,YBR187W,0,0.84564734,0.12671081721782684,0.8491124510765076,0.594231903553009
YDR527W,YFR019W,0,0.8455786,0.12669217586517334,0.8491124510765076,0.5943320393562317
YAL016W,YCR033W,1,0.84517384,0.1268206536769867,0.8500986099243164,0.5943320393562317
YBR183W,YPL163C,0,0.8451333,0.126801997423172,0.8500986099243164,0.5944322347640991
YDR245W,YPL078C,0,0.8450884,0.1267833560705185,0.8500986099243164,0.5945323705673218
YDR072C,YCL026C-B,0,0.8446479,0.1267646998167038,0.8500986099243164,0.5946325063705444
YMR241W,YMR301C,0,0.8439785,0.1267460733652115,0.8500986099243164,0.5947326421737671
YKL203C,YMR090W,0,0.843774,0.12672743201255798,0.8500986099243164,0.5948327779769897
YOR239W,YKL074C,0,0.8436225,0.12670880556106567,0.8500986099243164,0.5949329137802124
YJR032W,YKL003C,0,0.8434907,0.12669017910957336,0.8500986099243164,0.5950330495834351
YOR377W,YCR011C,0,0.84324425,0.12667156755924225,0.8500986099243164,0.5951331853866577
YDR285W,YOR292C,0,0.8429868,0.12665295600891113,0.8500986099243164,0.5952333211898804
YDR518W,YDR337W,0,0.8425859,0.12663434445858002,0.8500986099243164,0.595333456993103
YDR383C,YDR285W,0,0.8421755,0.1266157478094101,0.8500986099243164,0.5954335927963257
YMR182C,YDL045C,0,0.84194607,0.12659715116024017,0.8500986099243164,0.5955337285995483
YHR174W,YOL062C,0,0.8414486,0.12657855451107025,0.8500986099243164,0.595633864402771
YGR175C,YKL186C,0,0.8414242,0.12655997276306152,0.8500986099243164,0.5957340002059937
YAR002C-A,YOL111C,0,0.8411133,0.1265413910150528,0.8500986099243164,0.5958341956138611
YGL062W,YOR304C-A,0,0.84111255,0.12652282416820526,0.8500986099243164,0.5959343314170837
YNR074C,YLR440C,0,0.84105814,0.12650425732135773,0.8500986099243164,0.5960344672203064
YNR004W,YLR350W,0,0.84084445,0.1264856904745102,0.8500986099243164,0.596134603023529
YFR029W,YHR074W,0,0.84028244,0.12646713852882385,0.8500986099243164,0.5962347388267517
YOR209C,YJL071W,0,0.84001875,0.1264485865831375,0.8500986099243164,0.5963348746299744
YJR138W,YMR276W,0,0.8391684,0.12643003463745117,0.8500986099243164,0.596435010433197
YOL057W,YNL080C,0,0.8388524,0.12641149759292603,0.8500986099243164,0.5965351462364197
YLR353W,YLL061W,0,0.8381486,0.12639296054840088,0.8500986099243164,0.5966352820396423
YDR254W,YNL223W,0,0.83789194,0.12637443840503693,0.8500986099243164,0.596735417842865
YMR145C,YNR072W,0,0.837762,0.12635590136051178,0.8500986099243164,0.5968355536460876
YNR031C,YLR113W,0,0.8377471,0.12633739411830902,0.8500986099243164,0.5969356894493103
YNL116W,YHR152W,1,0.83748627,0.12646540999412537,0.85108482837677,0.5969356894493103
YDL084W,YLR291C,0,0.8371291,0.1264468878507614,0.85108482837677,0.597035825252533
YOR071C,YLR270W,0,0.83704543,0.12642836570739746,0.85108482837677,0.5971359610557556
YPL150W,YLR129W,0,0.83655375,0.1264098435640335,0.85108482837677,0.597236156463623
YOL104C,YDL148C,0,0.8364612,0.12639133632183075,0.85108482837677,0.5973362922668457
YKL013C,YIL108W,0,0.8362802,0.126372829079628,0.85108482837677,0.5974364280700684
YNR017W,YOR008C,0,0.8353397,0.12635432183742523,0.85108482837677,0.597536563873291
YOR226C,YKL022C,0,0.8350078,0.12633581459522247,0.85108482837677,0.5976366996765137
YDR389W,YNR044W,0,0.834975,0.1263173371553421,0.85108482837677,0.5977368354797363
YBR177C,YLR330W,0,0.83488196,0.12629884481430054,0.85108482837677,0.597836971282959
YML030W,YHR168W,0,0.8348497,0.12628036737442017,0.85108482837677,0.5979371070861816
YDR419W,YNL232W,0,0.83471674,0.1262618899345398,0.85108482837677,0.5980372428894043
YER151C,YGR214W,0,0.8345148,0.12624341249465942,0.85108482837677,0.598137378692627
YNL079C,YBL091C-A,0,0.8342652,0.12622494995594025,0.85108482837677,0.5982375144958496
YAL054C,YGR095C,0,0.83421284,0.12620648741722107,0.85108482837677,0.5983376502990723
YNL304W,YOR194C,0,0.8340989,0.12618803977966309,0.85108482837677,0.5984377861022949
YLR151C,YPR138C,0,0.8340944,0.1261695921421051,0.85108482837677,0.5985379815101624
YPL252C,YJL085W,0,0.8338084,0.12615114450454712,0.85108482837677,0.598638117313385
YGR264C,YGR143W,0,0.8330711,0.12613271176815033,0.85108482837677,0.5987382531166077
YHR082C,YGL051W,0,0.832463,0.12611427903175354,0.85108482837677,0.5988383889198303
YOR274W,YMR180C,0,0.83226776,0.12609584629535675,0.85108482837677,0.598938524723053
YLR130C,YJL176C,0,0.8319787,0.12607742846012115,0.85108482837677,0.5990386605262756
YJR082C,YMR020W,0,0.8316525,0.12605901062488556,0.85108482837677,0.5991387963294983
YDR473C,YCL026C-B,0,0.8312301,0.12604060769081116,0.85108482837677,0.599238932132721
YOR020C,YAL031C,0,0.83102214,0.12602218985557556,0.85108482837677,0.5993390679359436
YNL314W,YBR037C,0,0.8309779,0.12600380182266235,0.85108482837677,0.5994392037391663
YOR099W,YPL093W,0,0.8309509,0.12598539888858795,0.85108482837677,0.5995393395423889
YJL130C,YMR034C,0,0.8305803,0.12596701085567474,0.85108482837677,0.5996394753456116
YLR425W,YHR085W,0,0.8303319,0.12594862282276154,0.85108482837677,0.5997396111488342
YNL297C,YDR174W,0,0.830319,0.12593024969100952,0.85108482837677,0.5998397469520569
YNR018W,YPL065W,0,0.82991016,0.1259118765592575,0.85108482837677,0.5999399423599243
YCL008C,YPL087W,0,0.82972825,0.1258935034275055,0.85108482837677,0.600040078163147
YEL030W,YKL096W-A,0,0.8293033,0.12587514519691467,0.85108482837677,0.6001402139663696
YEL052W,YGL113W,0,0.82925236,0.12585678696632385,0.85108482837677,0.6002403497695923
YHR214C-B,YMR250W,0,0.82896256,0.12583844363689423,0.85108482837677,0.6003404855728149
YCR093W,YIL112W,1,0.8288387,0.125965878367424,0.8520709872245789,0.6003404855728149
YMR137C,YBL092W,0,0.82845145,0.1259475201368332,0.8520709872245789,0.6004406213760376
YBR186W,YOR178C,1,0.82827806,0.1260749101638794,0.8530572056770325,0.6004406213760376
YMR146C,YOL054W,0,0.8279586,0.12605653703212738,0.8530572056770325,0.6005407571792603
YDR164C,YDR496C,0,0.827574,0.12603817880153656,0.8530572056770325,0.6006408929824829
YGL062W,YDR164C,0,0.82725996,0.12601982057094574,0.8530572056770325,0.6007410287857056
YKL126W,YNR010W,0,0.8268449,0.12600146234035492,0.8530572056770325,0.6008411645889282
YKL041W,YNR006W,0,0.8267783,0.1259831041097641,0.8530572056770325,0.6009413003921509
YKR036C,YPL163C,0,0.82664615,0.12596476078033447,0.8530572056770325,0.6010414361953735
YPR113W,YDR472W,0,0.8266238,0.12594641745090485,0.8530572056770325,0.6011415719985962
YKL061W,YEL070W,0,0.8263105,0.1259280890226364,0.8530572056770325,0.6012417674064636
YBL056W,YOR229W,1,0.825814,0.12605531513690948,0.8540433645248413,0.6012417674064636
YMR315W,YDR403W,0,0.8256831,0.12603697180747986,0.8540433645248413,0.6013419032096863
YBL113C,YCL032W,0,0.8255286,0.12601862847805023,0.8540433645248413,0.6014420390129089
YGR105W,YIR039C,0,0.82536393,0.1260002851486206,0.8540433645248413,0.6015421748161316
YNL147W,YOR298W,0,0.825353,0.12598195672035217,0.8540433645248413,0.6016423106193542
YCL024W,YGL030W,0,0.8251965,0.12596364319324493,0.8540433645248413,0.6017424464225769
YML039W,YDR470C,0,0.8249649,0.1259453147649765,0.8540433645248413,0.6018425822257996
YLL029W,YLR047C,0,0.82420313,0.12592700123786926,0.8540433645248413,0.6019427180290222
YDR260C,YML128C,0,0.8237686,0.12590868771076202,0.8540433645248413,0.6020428538322449
YHR039C-A,YLR050C,0,0.8236687,0.12589038908481598,0.8540433645248413,0.6021429896354675
YGR282C,YER090W,0,0.8236594,0.12587209045886993,0.8540433645248413,0.6022431254386902
YBR294W,YLR440C,0,0.8232302,0.12585380673408508,0.8540433645248413,0.6023432612419128
YER103W,YLL017W,0,0.8231594,0.12583550810813904,0.8540433645248413,0.6024433970451355
YMR039C,YPR001W,0,0.8222257,0.1258172243833542,0.8540433645248413,0.6025435328483582
YBR096W,YDL045C,0,0.82194036,0.12579895555973053,0.8540433645248413,0.6026437282562256
YEL037C,YIR039C,0,0.82186955,0.12578068673610687,0.8540433645248413,0.6027438640594482
YJL172W,YGR070W,0,0.821829,0.12576241791248322,0.8540433645248413,0.6028439998626709
YPR167C,YOL107W,0,0.82176673,0.12574414908885956,0.8540433645248413,0.6029441356658936
YGR077C,YLR033W,0,0.8217317,0.1257258951663971,0.8540433645248413,0.6030442714691162
YDR218C,YFL017W-A,0,0.8216014,0.12570765614509583,0.8540433645248413,0.6031444072723389
YLL002W,YPL098C,0,0.8215714,0.12568940222263336,0.8540433645248413,0.6032445430755615
YAL038W,YGR222W,0,0.8214172,0.1256711632013321,0.8540433645248413,0.6033446788787842
YBL058W,YLR213C,0,0.8208451,0.12565292418003082,0.8540433645248413,0.6034448146820068
YDR144C,YHR074W,0,0.8202681,0.12563470005989075,0.8540433645248413,0.6035449504852295
YOR212W,YDL227C,0,0.82019454,0.12561647593975067,0.8540433645248413,0.6036450862884521
YOL070C,YJL079C,0,0.8197863,0.1255982667207718,0.8540433645248413,0.6037452220916748
YBR177C,YEL043W,0,0.8197832,0.1255800426006317,0.8540433645248413,0.6038453578948975
YOL093W,YMR090W,0,0.8194828,0.12556183338165283,0.8540433645248413,0.6039455533027649
YIL159W,YDR381C-A,0,0.81933665,0.12554363906383514,0.8540433645248413,0.6040456891059875
YKL038W,YJL082W,0,0.818936,0.12552544474601746,0.8540433645248413,0.6041458249092102
YLR289W,YDL045C,0,0.8189012,0.12550725042819977,0.8540433645248413,0.6042459607124329
YPR182W,YOR142W,0,0.8186755,0.12548905611038208,0.8540433645248413,0.6043460965156555
YDL171C,YPL011C,0,0.8186283,0.12547087669372559,0.8540433645248413,0.6044462323188782
YJL076W,YGR211W,1,0.8184572,0.12559756636619568,0.8550295829772949,0.6044462323188782
YHR209W,YMR213W,0,0.817905,0.125579372048378,0.8550295829772949,0.6045463681221008
YDR383C,YJL155C,0,0.8166653,0.1255611926317215,0.8550295829772949,0.6046465039253235
YGR255C,YPR163C,0,0.81663334,0.125543013215065,0.8550295829772949,0.6047466397285461
YBR066C,YEL041W,0,0.8162155,0.1255248337984085,0.8550295829772949,0.6048467755317688
YCR093W,YDR260C,1,0.81586,0.12565141916275024,0.8560158014297485,0.6048467755317688
YOR084W,YJL085W,0,0.8151141,0.12563322484493256,0.8560158014297485,0.6049469113349915
YLR080W,YJR040W,0,0.81476825,0.12561504542827606,0.8560158014297485,0.6050470471382141
YLR073C,YKR028W,0,0.8142651,0.12559688091278076,0.8560158014297485,0.6051471829414368
YGL203C,YJR026W,0,0.81408626,0.12557870149612427,0.8560158014297485,0.6052473187446594
YGR144W,YLL008W,0,0.8137344,0.12556053698062897,0.8560158014297485,0.6053475141525269
YOR243C,YAL016W,0,0.8134573,0.12554237246513367,0.8560158014297485,0.6054476499557495
YDR512C,YNL078W,0,0.81323934,0.12552422285079956,0.8560158014297485,0.6055477857589722
YOR206W,YDR381C-A,0,0.8130162,0.12550607323646545,0.8560158014297485,0.6056479215621948
YAL063C,YPR083W,0,0.81288695,0.12548792362213135,0.8560158014297485,0.6057480573654175
YIL079C,YLL040C,0,0.8121687,0.12546978890895844,0.8560158014297485,0.6058481931686401
YMR052W,YIL050W,1,0.8118112,0.12559618055820465,0.8570019602775574,0.6058481931686401
YJR036C,YDL198C,0,0.81172335,0.12557803094387054,0.8570019602775574,0.6059483289718628
YDL045W-A,YDR170C,0,0.8112912,0.12555989623069763,0.8570019602775574,0.6060484647750854
YOR323C,YMR284W,0,0.81029916,0.12554174661636353,0.8570019602775574,0.6061486005783081
YKR057W,YLR033W,0,0.80970347,0.1255236119031906,0.8570019602775574,0.6062487363815308
YLR141W,YDR304C,0,0.8095232,0.1255054920911789,0.8570019602775574,0.6063488721847534
YGL200C,YPR137W,0,0.80864525,0.12548735737800598,0.8570019602775574,0.6064490079879761
YOR084W,YOL026C,0,0.8085428,0.12546925246715546,0.8570019602775574,0.6065491437911987
YAR002C-A,YOR275C,0,0.80848575,0.12545113265514374,0.8570019602775574,0.6066492795944214
YBR118W,YMR046C,0,0.8080235,0.1254330277442932,0.8570019602775574,0.6067494750022888
YDR429C,YJL103C,0,0.8075155,0.1254149228334427,0.8570019602775574,0.6068496108055115
YNL153C,YLR301W,0,0.8074804,0.12539683282375336,0.8570019602775574,0.6069497466087341
YDL179W,YOR279C,0,0.8074294,0.12537872791290283,0.8570019602775574,0.6070498824119568
YGR145W,YLR251W,0,0.80731106,0.1253606528043747,0.8570019602775574,0.6071500182151794
YNL008C,YKL085W,0,0.80729294,0.12534256279468536,0.8570019602775574,0.6072501540184021
YKL217W,YER104W,0,0.80710113,0.12532448768615723,0.8570019602775574,0.6073502898216248
YOL155C,YJL141C,0,0.8051641,0.1253064125776291,0.8570019602775574,0.6074504256248474
YOR176W,YDR423C,0,0.8051512,0.12528835237026215,0.8570019602775574,0.6075505614280701
YMR272C,YFL017W-A,0,0.80428886,0.1252702921628952,0.8570019602775574,0.6076506972312927
YDL078C,YFL048C,0,0.80422676,0.12525223195552826,0.8570019602775574,0.6077508330345154
YGL026C,YJL079C,0,0.8038831,0.1252341866493225,0.8570019602775574,0.607850968837738
YLR395C,YGR216C,0,0.80358404,0.12521614134311676,0.8570019602775574,0.6079511046409607
YKL009W,YGL200C,0,0.8035733,0.125198096036911,0.8570019602775574,0.6080513000488281
YJR010W,YBR294W,0,0.80322284,0.12518006563186646,0.8570019602775574,0.6081514358520508
YML030W,YIL035C,0,0.8031938,0.1251620352268219,0.8570019602775574,0.6082515716552734
YNR067C,YJL141C,0,0.80311275,0.12514400482177734,0.8570019602775574,0.6083517074584961
YLL051C,YOR378W,0,0.803012,0.12512598931789398,0.8570019602775574,0.6084518432617188
YHR066W,YML049C,0,0.8027438,0.12510797381401062,0.8570019602775574,0.6085519790649414
YMR117C,YML097C,0,0.80248725,0.12508997321128845,0.8570019602775574,0.6086521148681641
YML028W,YLR325C,0,0.8022696,0.1250719577074051,0.8570019602775574,0.6087522506713867
YOR351C,YHR051W,0,0.8017645,0.12505397200584412,0.8570019602775574,0.6088523864746094
YNR057C,YGR134W,0,0.8015145,0.12503597140312195,0.8570019602775574,0.608952522277832
YNL307C,YLL027W,0,0.8012457,0.12501798570156097,0.8570019602775574,0.6090526580810547
YPR167C,YKL078W,0,0.80112916,0.125,0.8570019602775574,0.6091527938842773
YPL150W,YHR209W,0,0.80081016,0.12498202174901962,0.8570019602775574,0.6092529296875
YMR182C,YNL262W,0,0.8004962,0.12496405094861984,0.8570019602775574,0.6093530654907227
YKL103C,YFL017W-A,0,0.80047834,0.12494608014822006,0.8570019602775574,0.6094532608985901
YOR054C,YLL012W,0,0.80011797,0.12492811679840088,0.8570019602775574,0.6095533967018127
YNL302C,YEL056W,0,0.8000827,0.12491016089916229,0.8570019602775574,0.6096535325050354
YDL133C-A,YGL241W,0,0.7999724,0.1248922124505043,0.8570019602775574,0.6097536683082581
YGR252W,YFL010W-A,0,0.7997164,0.12487426400184631,0.8570019602775574,0.6098538041114807
YLR215C,YDL179W,1,0.7996399,0.125,0.857988178730011,0.6098538041114807
YER151C,YNL079C,0,0.79892063,0.12498204410076141,0.857988178730011,0.6099539399147034
YDL111C,YMR114C,0,0.7987472,0.12496408820152283,0.857988178730011,0.610054075717926
YMR008C,YBR261C,0,0.79851246,0.12494614720344543,0.857988178730011,0.6101542115211487
YDR518W,YNR028W,0,0.7979479,0.12492819875478745,0.857988178730011,0.6102543473243713
YGR171C,YPL244C,0,0.7979202,0.12491026520729065,0.857988178730011,0.610354483127594
YHR041C,YIR005W,0,0.7976116,0.12489233165979385,0.857988178730011,0.6104546189308167
YDR067C,YOR285W,0,0.7974859,0.12487440556287766,0.857988178730011,0.6105547547340393
YJL141C,YML036W,0,0.79742575,0.12485648691654205,0.857988178730011,0.610654890537262
YLR383W,YOL124C,0,0.79735047,0.12483856827020645,0.857988178730011,0.6107550859451294
YLR278C,YNR060W,0,0.7965946,0.12482065707445145,0.857988178730011,0.610855221748352
YMR145C,YJL082W,0,0.79646987,0.12480275332927704,0.857988178730011,0.6109553575515747
YOL086C,YBR006W,0,0.7960972,0.12478485703468323,0.857988178730011,0.6110554933547974
YPR149W,YGR134W,0,0.79492563,0.12476696074008942,0.857988178730011,0.61115562915802
YGR020C,YNR018W,0,0.7949152,0.1247490644454956,0.857988178730011,0.6112557649612427
YGR167W,YDL198C,0,0.7948059,0.12473118305206299,0.857988178730011,0.6113559007644653
YIL134W,YLR270W,0,0.79459643,0.12471330165863037,0.857988178730011,0.611456036567688
YNL271C,YKR066C,0,0.7944958,0.12469542771577835,0.857988178730011,0.6115561723709106
YJR010W,YNL238W,0,0.79447436,0.12467756122350693,0.857988178730011,0.6116563081741333
YPR198W,YMR308C,0,0.79422605,0.1246596947312355,0.857988178730011,0.611756443977356
YER150W,YMR065W,0,0.79400796,0.12464183568954468,0.857988178730011,0.6118565797805786
YDR492W,YOR138C,0,0.79383975,0.12462397664785385,0.857988178730011,0.6119567155838013
YKL182W,YBL089W,0,0.7938099,0.12460613250732422,0.857988178730011,0.6120568513870239
YJL053W,YOR089C,0,0.79306436,0.12458828836679459,0.857988178730011,0.6121570467948914
YPL147W,YML039W,0,0.7922422,0.12457044422626495,0.857988178730011,0.612257182598114
YIL076W,YMR308C,0,0.79190683,0.12455261498689651,0.857988178730011,0.6123573184013367
YNL095C,YDL140C,0,0.79163635,0.12453478574752808,0.857988178730011,0.6124574542045593
YNL084C,YCR046C,0,0.79129505,0.12451695650815964,0.857988178730011,0.612557590007782
YDL084W,YDL022W,0,0.79111737,0.12449914216995239,0.857988178730011,0.6126577258110046
YDL170W,YNR060W,0,0.79109985,0.12448132783174515,0.857988178730011,0.6127578616142273
YKL103C,YIL094C,0,0.7906841,0.1244635209441185,0.857988178730011,0.61285799741745
YJL194W,YJR149W,0,0.79066414,0.12444571405649185,0.857988178730011,0.6129581332206726
YOR212W,YIL094C,0,0.79021007,0.1244279146194458,0.857988178730011,0.6130582690238953
YGL180W,YLR429W,0,0.7901781,0.12441012263298035,0.857988178730011,0.6131584048271179
YOL054W,YPL027W,0,0.7899041,0.12439233809709549,0.857988178730011,0.6132585406303406
YGL010W,YLR394W,0,0.7898253,0.12437455356121063,0.857988178730011,0.6133586764335632
YNR057C,YBL085W,0,0.78972375,0.12435677647590637,0.857988178730011,0.6134588718414307
YGR177C,YKL205W,0,0.7892665,0.12433899939060211,0.857988178730011,0.6135590076446533
YGL170C,YML071C,0,0.78901684,0.12432123720645905,0.857988178730011,0.613659143447876
YIL106W,YDR363W-A,1,0.78880656,0.12444634735584259,0.8589743375778198,0.613659143447876
YOR310C,YHR085W,0,0.7887994,0.12442857027053833,0.8589743375778198,0.6137592792510986
YJL030W,YKL038W,0,0.78878206,0.12441080063581467,0.8589743375778198,0.6138594150543213
YGR010W,YMR200W,0,0.78862375,0.124393031001091,0.8589743375778198,0.613959550857544
YDR082W,YMR038C,0,0.7884625,0.12437526881694794,0.8589743375778198,0.6140596866607666
YJL178C,YNL138W,0,0.78827727,0.12435750663280487,0.8589743375778198,0.6141598224639893
YKL186C,YBR222C,0,0.7880296,0.124339759349823,0.8589743375778198,0.6142599582672119
YLL051C,YGR118W,0,0.787984,0.12432201206684113,0.8589743375778198,0.6143600940704346
YKL180W,YNL080C,0,0.7874977,0.12430426478385925,0.8589743375778198,0.6144602298736572
YMR180C,YMR114C,0,0.787402,0.12428653240203857,0.8589743375778198,0.6145603656768799
YOR388C,YPL183W-A,0,0.78696847,0.1242688000202179,0.8589743375778198,0.6146605014801025
YJR078W,YNL078W,0,0.78660035,0.12425106763839722,0.8589743375778198,0.6147606372833252
YEL022W,YFR018C,0,0.7865782,0.12423335015773773,0.8589743375778198,0.6148608326911926
YDR083W,YNL121C,0,0.78639925,0.12421563267707825,0.8589743375778198,0.6149609684944153
YDR164C,YJL140W,0,0.7859155,0.12419791519641876,0.8589743375778198,0.6150611042976379
YKL217W,YDR353W,0,0.78493583,0.12418021261692047,0.8589743375778198,0.6151612401008606
YER103W,YDL078C,0,0.78490734,0.12416251003742218,0.8589743375778198,0.6152613759040833
YOR355W,YLR301W,0,0.78476584,0.12414481490850449,0.8589743375778198,0.6153615117073059
YEL036C,YCL057W,0,0.78462374,0.12412711977958679,0.8589743375778198,0.6154616475105286
YKL182W,YKL189W,0,0.78447354,0.1241094321012497,0.8589743375778198,0.6155617833137512
YPR024W,YER138C,0,0.78434885,0.1240917518734932,0.8589743375778198,0.6156619191169739
YNL232W,YML056C,0,0.7842606,0.1240740716457367,0.8589743375778198,0.6157620549201965
YDR064W,YPL011C,0,0.7841803,0.12405639886856079,0.8589743375778198,0.6158621907234192
YFR013W,YNL010W,0,0.7840851,0.12403873354196548,0.8589743375778198,0.6159623265266418
YDR429C,YPL007C,0,0.7840022,0.12402107566595078,0.8589743375778198,0.6160624623298645
YDR076W,YML030W,0,0.7838466,0.12400341778993607,0.8589743375778198,0.6161625981330872
YCR093W,YKL190W,0,0.78356427,0.12398576736450195,0.8589743375778198,0.6162627935409546
YPL078C,YHR082C,0,0.78355116,0.12396811693906784,0.8589743375778198,0.6163629293441772
YDR067C,YMR032W,0,0.78347784,0.12395047396421432,0.8589743375778198,0.6164630651473999
YER013W,YDR281C,0,0.78343457,0.1239328384399414,0.8589743375778198,0.6165632009506226
YER117W,YLR316C,0,0.78338826,0.12391521036624908,0.8589743375778198,0.6166633367538452
YOL141W,YOR084W,0,0.7827415,0.12389758229255676,0.8589743375778198,0.6167634725570679
YMR200W,YGL148W,0,0.7826412,0.12387996166944504,0.8589743375778198,0.6168636083602905
YCL074W,YDR404C,0,0.7825754,0.12386234104633331,0.8589743375778198,0.6169637441635132
YLL055W,YMR250W,0,0.7815918,0.12384473532438278,0.8589743375778198,0.6170638799667358
YJL114W,YNL219C,0,0.7815813,0.12382712215185165,0.8589743375778198,0.6171640157699585
YDR460W,YBR182C,0,0.78134966,0.12380952388048172,0.8589743375778198,0.6172641515731812
YDR082W,YOR311C,0,0.7811274,0.12379192560911179,0.8589743375778198,0.6173642873764038
YBL113C,YNL182C,0,0.78091913,0.12377433478832245,0.8589743375778198,0.6174644231796265
YGL030W,YER115C,0,0.7809103,0.12375675141811371,0.8589743375778198,0.6175646185874939
YDL194W,YBL056W,1,0.78058404,0.12388123571872711,0.8599605560302734,0.6175646185874939
YKL168C,YBR074W,0,0.7802143,0.12386363744735718,0.8599605560302734,0.6176647543907166
YBR002C,YMR180C,0,0.7801993,0.12384604662656784,0.8599605560302734,0.6177648901939392
YCL018W,YJL134W,0,0.7801686,0.1238284558057785,0.8599605560302734,0.6178650259971619
YJR119C,YKL082C,0,0.77990687,0.12381087243556976,0.8599605560302734,0.6179651618003845
YBR031W,YDR404C,0,0.7798436,0.12379329651594162,0.8599605560302734,0.6180652976036072
YDR389W,YJL144W,0,0.7797461,0.12377572804689407,0.8599605560302734,0.6181654334068298
YHR211W,YDR444W,0,0.7784897,0.12375815957784653,0.8599605560302734,0.6182655692100525
YJL081C,YDR337W,0,0.7783234,0.12374059855937958,0.8599605560302734,0.6183657050132751
YOR071C,YGR282C,0,0.7782651,0.12372304499149323,0.8599605560302734,0.6184658408164978
YLR386W,YKL001C,0,0.7782305,0.12370549142360687,0.8599605560302734,0.6185659766197205
YMR019W,YNL284C,0,0.77818894,0.12368794530630112,0.8599605560302734,0.6186661124229431
YPL223C,YGL216W,0,0.77716327,0.12367039918899536,0.8599605560302734,0.6187662482261658
YHR005C-A,YPL110C,0,0.77681893,0.1236528679728508,0.8599605560302734,0.6188663840293884
YGR246C,YLR359W,0,0.77679986,0.12363532930612564,0.8599605560302734,0.6189665794372559
YDR332W,YHR008C,0,0.77646583,0.12361780554056168,0.8599605560302734,0.6190667152404785
YLR229C,YOL104C,1,0.77604496,0.12374202907085419,0.860946774482727,0.6190667152404785
YFL010W-A,YJL128C,0,0.77579594,0.12372449040412903,0.860946774482727,0.6191668510437012
YDR405W,YOR393W,0,0.7753613,0.12370695918798447,0.860946774482727,0.6192669868469238
YMR025W,YGL103W,0,0.7749262,0.1236894279718399,0.860946774482727,0.6193671226501465
YOR388C,YEL062W,0,0.774868,0.12367191165685654,0.860946774482727,0.6194672584533691
YEL052W,YBL112C,0,0.77443755,0.12365438789129257,0.860946774482727,0.6195673942565918
YOL066C,YER175C,0,0.7744261,0.1236368790268898,0.860946774482727,0.6196675300598145
YDL036C,YOR349W,0,0.7739519,0.12361937016248703,0.860946774482727,0.6197676658630371
YIL143C,YOL155C,0,0.77316165,0.12360186874866486,0.860946774482727,0.6198678016662598
YDR429C,YLR429W,0,0.77311885,0.12358437478542328,0.860946774482727,0.6199679374694824
YDR405W,YER090W,0,0.7730035,0.1235668808221817,0.860946774482727,0.6200680732727051
YLL008W,YNL032W,0,0.7726203,0.12354939430952072,0.860946774482727,0.6201682090759277
YBR186W,YJR068W,1,0.77237296,0.12367340922355652,0.8619329333305359,0.6201682090759277
YEL052W,YLL051C,0,0.77174526,0.12365591526031494,0.8619329333305359,0.6202684044837952
YER101C,YOR020C,0,0.7716265,0.12363842129707336,0.8619329333305359,0.6203685402870178
YKL217W,YGL203C,0,0.7714505,0.12362093478441238,0.8619329333305359,0.6204686760902405
YDL024C,YOR251C,0,0.77131057,0.1236034482717514,0.8619329333305359,0.6205688118934631
YJR004C,YDR304C,0,0.7712646,0.12358596920967102,0.8619329333305359,0.6206689476966858
YKR026C,YDR226W,0,0.7712563,0.12356849759817123,0.8619329333305359,0.6207690834999084
YJL079C,YCL004W,0,0.77120674,0.12355103343725204,0.8619329333305359,0.6208692193031311
YGL190C,YJL106W,1,0.77001446,0.1236749142408371,0.8629191517829895,0.6208692193031311
YLR383W,YDR381C-A,0,0.76978433,0.12365743517875671,0.8629191517829895,0.6209693551063538
YLR440C,YPR190C,0,0.76969635,0.12363996356725693,0.8629191517829895,0.6210694909095764
YDR064W,YLR300W,0,0.7693034,0.12362249195575714,0.8629191517829895,0.6211696267127991
YER055C,YLR160C,0,0.76928747,0.12360502779483795,0.8629191517829895,0.6212697625160217
YBL029C-A,YNL016W,0,0.7691902,0.12358757108449936,0.8629191517829895,0.6213698983192444
YKL078W,YEL070W,0,0.76888466,0.12357011437416077,0.8629191517829895,0.621470034122467
YJR005W,YJL155C,0,0.76866686,0.12355266511440277,0.8629191517829895,0.6215701699256897
YIL050W,YOR351C,1,0.7683307,0.12367641180753708,0.8639053106307983,0.6215701699256897
YBR278W,YKL096W-A,0,0.7682978,0.12365894764661789,0.8639053106307983,0.6216703653335571
YNL223W,YHR004C,0,0.76826423,0.1236414983868599,0.8639053106307983,0.6217705011367798
YMR123W,YLL041C,0,0.7679693,0.1236240491271019,0.8639053106307983,0.6218706369400024
YDL133C-A,YPR006C,0,0.7677821,0.1236066073179245,0.8639053106307983,0.6219707727432251
YNR004W,YNL258C,0,0.7677213,0.1235891655087471,0.8639053106307983,0.6220709085464478
YOL141W,YHR056C,0,0.767553,0.1235717311501503,0.8639053106307983,0.6221710443496704
YIL042C,YMR143W,0,0.767432,0.1235543042421341,0.8639053106307983,0.6222711801528931
YIL143C,YHR051W,0,0.76710373,0.12353687733411789,0.8639053106307983,0.6223713159561157
YPL259C,YGL148W,0,0.7669044,0.12351945787668228,0.8639053106307983,0.6224714517593384
YDR218C,YDR262W,0,0.7667351,0.12350204586982727,0.8639053106307983,0.622571587562561
YAL033W,YNL117W,0,0.7665901,0.12348463386297226,0.8639053106307983,0.6226717233657837
YNR067C,YPL188W,0,0.7662033,0.12346722930669785,0.8639053106307983,0.6227718591690063
YJR149W,YOL104C,0,0.7656634,0.12344983220100403,0.8639053106307983,0.622871994972229
YDR453C,YNL238W,0,0.7656192,0.12343243509531021,0.8639053106307983,0.6229721903800964
YGR144W,YOL028C,0,0.76541424,0.12341504544019699,0.8639053106307983,0.6230723261833191
YMR168C,YKL103C,0,0.7649046,0.12339766323566437,0.8639053106307983,0.6231724619865417
YOR147W,YDL140C,0,0.76452583,0.12338028103113174,0.8639053106307983,0.6232725977897644
YMR038C,YOL108C,0,0.76447904,0.12336290627717972,0.8639053106307983,0.6233727335929871
YNL032W,YGR155W,0,0.7643708,0.12334553897380829,0.8639053106307983,0.6234728693962097
YPL259C,YLR224W,0,0.76400733,0.12332817167043686,0.8639053106307983,0.6235730051994324
YOR206W,YEL022W,0,0.7638301,0.12331081181764603,0.8639053106307983,0.623673141002655
YGL173C,YNL078W,1,0.7632256,0.12343420088291168,0.864891529083252,0.623673141002655
YMR284W,YDL206W,0,0.7629206,0.12341683357954025,0.864891529083252,0.6237732768058777
YMR203W,YGL183C,0,0.7629123,0.12339946627616882,0.864891529083252,0.6238734126091003
YJL034W,YPL167C,0,0.7628288,0.12338210642337799,0.864891529083252,0.623973548412323
YHR179W,YMR078C,0,0.76259387,0.12336474657058716,0.864891529083252,0.6240736842155457
YAL024C,YDR226W,0,0.76226324,0.12334740161895752,0.864891529083252,0.6241738200187683
YKR036C,YFL013C,0,0.7618975,0.12333004921674728,0.864891529083252,0.624273955821991
YOR206W,YGR239C,0,0.76154363,0.12331271171569824,0.864891529083252,0.6243741512298584
YLR129W,YJR133W,0,0.7614414,0.1232953742146492,0.864891529083252,0.624474287033081
YMR179W,YFL017W-A,0,0.760827,0.12327804416418076,0.864891529083252,0.6245744228363037
YLL034C,YKL210W,0,0.7608206,0.12326071411371231,0.864891529083252,0.6246745586395264
YDR461W,YBR281C,0,0.7605787,0.12324339151382446,0.864891529083252,0.624774694442749
YJR051W,YDR138W,0,0.76048326,0.12322607636451721,0.864891529083252,0.6248748302459717
YIL108W,YNL010W,0,0.7604019,0.12320876866579056,0.864891529083252,0.6249749660491943
YGL183C,YDL047W,0,0.7603555,0.1231914609670639,0.864891529083252,0.625075101852417
YHR175W,YCR026C,0,0.7597158,0.12317416071891785,0.864891529083252,0.6251752376556396
YJL178C,YER190W,0,0.7596699,0.12315686047077179,0.864891529083252,0.6252753734588623
YOR292C,YMR193W,0,0.75949085,0.12313956767320633,0.864891529083252,0.625375509262085
YER154W,YDR332W,0,0.7590285,0.12312228232622147,0.864891529083252,0.6254756450653076
YJL134W,YKL067W,0,0.7586516,0.1231049969792366,0.864891529083252,0.6255757808685303
YMR038C,YKR102W,0,0.75859416,0.12308771908283234,0.864891529083252,0.6256759166717529
YOR145C,YPL007C,0,0.7584344,0.12307044863700867,0.864891529083252,0.6257761120796204
YDR067C,YNL175C,0,0.758089,0.123053178191185,0.864891529083252,0.625876247882843
YGR288W,YLR264W,0,0.7577636,0.12303591519594193,0.864891529083252,0.6259763836860657
YOL155C,YOR349W,0,0.7575852,0.12301865965127945,0.864891529083252,0.6260765194892883
YLR157C,YDR260C,0,0.7574445,0.12300140410661697,0.864891529083252,0.626176655292511
YOR243C,YPR083W,0,0.7573509,0.1229841560125351,0.864891529083252,0.6262767910957336
YNL304W,YOR180C,0,0.75726473,0.12296690791845322,0.864891529083252,0.6263769268989563
YOL038W,YBL029C-A,0,0.7571118,0.12294966727495193,0.864891529083252,0.626477062702179
YOL155C,YMR093W,0,0.7570431,0.12293243408203125,0.864891529083252,0.6265771985054016
YHL027W,YOR338W,0,0.75691223,0.12291520833969116,0.864891529083252,0.6266773343086243
YOR283W,YOL136C,0,0.75674576,0.12289798259735107,0.864891529083252,0.6267774701118469
YGR255C,YMR295C,0,0.7565501,0.12288076430559158,0.864891529083252,0.6268776059150696
YGL037C,YOL043C,0,0.7562264,0.12286354601383209,0.864891529083252,0.6269777417182922
YJL166W,YCR026C,0,0.7561315,0.1228463351726532,0.864891529083252,0.6270779371261597
YIL088C,YDR476C,0,0.75610995,0.1228291317820549,0.864891529083252,0.6271780729293823
YJL030W,YPR190C,0,0.7558103,0.1228119283914566,0.864891529083252,0.627278208732605
YDR211W,YMR210W,0,0.755481,0.1227947324514389,0.864891529083252,0.6273783445358276
YML032C,YPL078C,0,0.7549615,0.1227775439620018,0.864891529083252,0.6274784803390503
YJR130C,YPL098C,0,0.7546287,0.1227603554725647,0.864891529083252,0.627578616142273
YGR255C,YOL108C,0,0.7544223,0.12274317443370819,0.864891529083252,0.6276787519454956
YER087W,YMR193W,0,0.754126,0.12272600084543228,0.864891529083252,0.6277788877487183
YOR310C,YEL056W,0,0.7539936,0.12270882725715637,0.864891529083252,0.6278790235519409
YPR194C,YML039W,0,0.7538271,0.12269166111946106,0.864891529083252,0.6279791593551636
YOL104C,YKR072C,1,0.7535311,0.12281437963247299,0.8658776879310608,0.6279791593551636
YBR002C,YLR353W,0,0.7533398,0.12279720604419708,0.8658776879310608,0.6280792951583862
YOR239W,YDR337W,0,0.75332063,0.12278003245592117,0.8658776879310608,0.6281794309616089
YCL043C,YCR026C,0,0.7529846,0.12276286631822586,0.8658776879310608,0.6282795667648315
YJL066C,YGL190C,0,0.7524911,0.12274570018053055,0.8658776879310608,0.6283797025680542
YDL022W,YJR053W,0,0.75225437,0.12272854149341583,0.8658776879310608,0.6284798979759216
YGL083W,YMR143W,0,0.7514897,0.12271139025688171,0.8658776879310608,0.6285800337791443
YMR182C,YIL170W,0,0.75144905,0.1226942390203476,0.8658776879310608,0.6286801695823669
YLR312W-A,YLR113W,0,0.75128686,0.12267710268497467,0.8658776879310608,0.6287803053855896
YPL119C,YMR145C,0,0.75121176,0.12265995889902115,0.8658776879310608,0.6288804411888123
YDR144C,YDR410C,0,0.7511001,0.12264283001422882,0.8658776879310608,0.6289805769920349
YPL150W,YOR098C,0,0.7509606,0.12262570112943649,0.8658776879310608,0.6290807127952576
YLR401C,YHR209W,0,0.75078285,0.12260857224464417,0.8658776879310608,0.6291808485984802
YMR093W,YMR025W,0,0.75059325,0.12259145826101303,0.8658776879310608,0.6292809844017029
YLR024C,YLR209C,0,0.75022554,0.1225743368268013,0.8658776879310608,0.6293811202049255
YOR168W,YFR045W,0,0.7499249,0.12255723029375076,0.8658776879310608,0.6294812560081482
YLR229C,YMR168C,1,0.7495749,0.1226796954870224,0.8668639063835144,0.6294812560081482
YDL246C,YOR147W,0,0.74947286,0.12266257405281067,0.8668639063835144,0.6295813918113708
YBR155W,YNR072W,0,0.7494442,0.12264546006917953,0.8668639063835144,0.6296815276145935
YKL190W,YHR179W,0,0.7487831,0.1226283460855484,0.8668639063835144,0.6297817230224609
YER014C-A,YGR214W,0,0.7485043,0.12261123955249786,0.8668639063835144,0.6298818588256836
YER165W,YBR042C,0,0.7484983,0.12259414047002792,0.8668639063835144,0.6299819946289062
YFL033C,YER145C,0,0.7483784,0.12257704883813858,0.8668639063835144,0.6300821304321289
YIL072W,YDR310C,1,0.7480316,0.12269938737154007,0.867850124835968,0.6300821304321289
YGR225W,YNR028W,0,0.7479351,0.12268228083848953,0.867850124835968,0.6301822662353516
YGL026C,YGR229C,0,0.747769,0.12266518175601959,0.867850124835968,0.6302824020385742
YOR071C,YMR203W,0,0.7474003,0.12264808267354965,0.867850124835968,0.6303825378417969
YBL029C-A,YER046W,0,0.7472054,0.12263099104166031,0.867850124835968,0.6304826736450195
YPL113C,YHR079C,0,0.74693954,0.12261390686035156,0.867850124835968,0.6305828094482422
YLL034C,YMR173W,0,0.7461861,0.12259682267904282,0.867850124835968,0.6306829452514648
YMR269W,YNL219C,0,0.7456045,0.12257974594831467,0.867850124835968,0.6307830810546875
YHR175W,YER145C,0,0.74548936,0.12256267666816711,0.867850124835968,0.6308832168579102
YIR011C,YJR026W,0,0.7454756,0.12254560738801956,0.867850124835968,0.6309833526611328
YOR084W,YNL092W,0,0.745473,0.1225285455584526,0.867850124835968,0.6310834884643555
YOL141W,YDL054C,0,0.7451657,0.12251148372888565,0.867850124835968,0.6311836838722229
YLR395C,YMR019W,0,0.74498725,0.12249442934989929,0.867850124835968,0.6312838196754456
YNL127W,YKR103W,0,0.7446213,0.12247738242149353,0.867850124835968,0.6313839554786682
YMR210W,YJR140C,0,0.7444719,0.12246034294366837,0.867850124835968,0.6314840912818909
YGL062W,YCL026C-B,0,0.7438805,0.1224433034658432,0.867850124835968,0.6315842270851135
YJL187C,YMR194W,0,0.7435316,0.12242626398801804,0.867850124835968,0.6316843628883362
YKL201C,YJR103W,0,0.7432837,0.12240923941135406,0.867850124835968,0.6317844986915588
YPR011C,YNL006W,0,0.7431103,0.1223922148346901,0.867850124835968,0.6318846344947815
YKL203C,YPL200W,1,0.7427205,0.1225142553448677,0.8688362836837769,0.6318846344947815
YDL036C,YKL117W,0,0.7423142,0.12249721586704254,0.8688362836837769,0.6319847702980042
YNL121C,YDR497C,0,0.7422905,0.12248019129037857,0.8688362836837769,0.6320849061012268
YJR092W,YOR230W,0,0.7419275,0.1224631667137146,0.8688362836837769,0.6321850419044495
YDR229W,YLR164W,0,0.7411614,0.12244614213705063,0.8688362836837769,0.6322851777076721
YBR155W,YML128C,0,0.740805,0.12242912501096725,0.8688362836837769,0.6323853135108948
YOR338W,YIL048W,0,0.7407114,0.12241211533546448,0.8688362836837769,0.6324855089187622
YOR249C,YDR328C,1,0.7403879,0.12253403663635254,0.8698225021362305,0.6324855089187622
YKL020C,YDR381C-A,0,0.74006176,0.12251701951026917,0.8698225021362305,0.6325856447219849
YEL031W,YLR160C,0,0.7396771,0.12250000238418579,0.8698225021362305,0.6326857805252075
YAL021C,YOL104C,1,0.73934126,0.12262185662984848,0.8708086609840393,0.6326857805252075
YKR068C,YKL094W,0,0.7392918,0.12260483205318451,0.8708086609840393,0.6327859163284302
YDL246C,YLR251W,0,0.7390809,0.12258780747652054,0.8708086609840393,0.6328860521316528
YJL053W,YHR057C,0,0.7388367,0.12257079035043716,0.8708086609840393,0.6329861879348755
YPL183W-A,YMR075W,0,0.7387071,0.12255378067493439,0.8708086609840393,0.6330863237380981
YMR269W,YBL026W,0,0.7383009,0.12253677845001221,0.8708086609840393,0.6331864595413208
YNL010W,YGR268C,0,0.7382215,0.12251976877450943,0.8708086609840393,0.6332865953445435
YMR182C,YMR159C,0,0.73807925,0.12250277400016785,0.8708086609840393,0.6333867311477661
YDL021W,YCL057W,0,0.73773694,0.12248577922582626,0.8708086609840393,0.6334868669509888
YBR118W,YIL021W,0,0.7375902,0.12246879190206528,0.8708086609840393,0.6335870027542114
YNR057C,YPL050C,0,0.73742783,0.12245181202888489,0.8708086609840393,0.6336871385574341
YDL245C,YPR160W,0,0.73718905,0.1224348321557045,0.8708086609840393,0.6337872743606567
YLR447C,YNL163C,0,0.7365984,0.1224178597331047,0.8708086609840393,0.6338874697685242
YIL088C,YGR167W,0,0.7365966,0.12240088731050491,0.8708086609840393,0.6339876055717468
YFL010W-A,YML056C,0,0.73653966,0.12238392233848572,0.8708086609840393,0.6340877413749695
YPL276W,YGL071W,0,0.73604786,0.12236696481704712,0.8708086609840393,0.6341878771781921
YDL029W,YFL054C,0,0.7355547,0.12235000729560852,0.8708086609840393,0.6342880129814148
YJL200C,YNL016W,0,0.7350293,0.12233305722475052,0.8708086609840393,0.6343881487846375
YJR151C,YJL004C,0,0.73498046,0.12231610715389252,0.8708086609840393,0.6344882845878601
YOL141W,YPL196W,0,0.73491377,0.12229917198419571,0.8708086609840393,0.6345884203910828
YOR226C,YCR046C,0,0.7348645,0.1222822293639183,0.8708086609840393,0.6346885561943054
YDL202W,YBR115C,0,0.73436224,0.1222653016448021,0.8708086609840393,0.6347886919975281
YPR080W,YOL062C,0,0.7341515,0.12224837392568588,0.8708086609840393,0.6348888278007507
YOL145C,YOR209C,0,0.7340245,0.12223145365715027,0.8708086609840393,0.6349889636039734
YKL175W,YDR226W,0,0.73386985,0.12221453338861465,0.8708086609840393,0.635089099407196
YLR113W,YOR355W,0,0.7330297,0.12219762057065964,0.8708086609840393,0.6351892352104187
YNL274C,YBL098W,0,0.7328409,0.12218070775270462,0.8708086609840393,0.6352894306182861
YML030W,YOR351C,0,0.73246646,0.1221638098359108,0.8708086609840393,0.6353895664215088
YOL104C,YJR066W,1,0.73235655,0.12228523939847946,0.8717948794364929,0.6353895664215088
YMR315W,YKR103W,0,0.73223007,0.12226832658052444,0.8717948794364929,0.6354897022247314
YJL005W,YPL098C,0,0.7316881,0.12225142121315002,0.8717948794364929,0.6355898380279541
YLR289W,YKL078W,0,0.73162746,0.1222345158457756,0.8717948794364929,0.6356899738311768
YGL060W,YPL093W,0,0.73113525,0.12221761047840118,0.8717948794364929,0.6357901096343994
YDL040C,YIL047C,0,0.73102415,0.12220072001218796,0.8717948794364929,0.6358902454376221
YDL227C,YMR180C,0,0.7309655,0.12218382954597473,0.8717948794364929,0.6359903812408447
YLR129W,YNR010W,0,0.73079467,0.1221669465303421,0.8717948794364929,0.6360905170440674
YOL038W,YBR172C,0,0.73004156,0.12215006351470947,0.8717948794364929,0.63619065284729
YPL276W,YBR192W,0,0.7288852,0.12213318794965744,0.8717948794364929,0.6362907886505127
YKL210W,YCR012W,0,0.72883844,0.12211631238460541,0.8717948794364929,0.6363909244537354
YKL093W,YER090W,0,0.72834855,0.12209944427013397,0.8717948794364929,0.636491060256958
YLL041C,YDL121C,0,0.72814673,0.12208258360624313,0.8717948794364929,0.6365912556648254
YJL011C,YDR196C,0,0.7268142,0.12206573039293289,0.8717948794364929,0.6366913914680481
YBR271W,YDR369C,0,0.7263956,0.12204887717962265,0.8717948794364929,0.6367915272712708
YDL070W,YOL108C,0,0.72627217,0.12203202396631241,0.8717948794364929,0.6368916630744934
YMR005W,YGR085C,0,0.7259791,0.12201518565416336,0.8717948794364929,0.6369917988777161
YHR060W,YPL087W,0,0.72458386,0.12199834734201431,0.8717948794364929,0.6370919346809387
YGL068W,YBR261C,0,0.72443694,0.12198150902986526,0.8717948794364929,0.6371920704841614
YIL061C,YOR148C,0,0.7242286,0.12196467816829681,0.8717948794364929,0.637292206287384
YHR004C,YDL040C,0,0.7237276,0.12194785475730896,0.8717948794364929,0.6373923420906067
YOL145C,YEL041W,0,0.72274244,0.1219310313463211,0.8717948794364929,0.6374924778938293
YHR085W,YBL098W,0,0.7226169,0.12191421538591385,0.8717948794364929,0.637592613697052
YML099C,YER165W,0,0.7221433,0.12189740687608719,0.8717948794364929,0.6376927495002747
YER014C-A,YKR019C,0,0.7221268,0.12188059836626053,0.8717948794364929,0.6377928853034973
YKL067W,YPL183W-A,0,0.7216227,0.12186379730701447,0.8717948794364929,0.63789302110672
YGR285C,YNL070W,0,0.72053593,0.121847003698349,0.8717948794364929,0.6379932165145874
YLR130C,YGR222W,0,0.7205146,0.12183021008968353,0.8717948794364929,0.6380933523178101
YDL128W,YHR168W,0,0.72037995,0.12181342393159866,0.8717948794364929,0.6381934881210327
YOR206W,YLR028C,0,0.7203566,0.1217966377735138,0.8717948794364929,0.6382936239242554
YFL054C,YLR213C,0,0.72035503,0.12177985906600952,0.8717948794364929,0.638393759727478
YGR085C,YIL095W,0,0.71966994,0.12176308780908585,0.8717948794364929,0.6384938955307007
YNL010W,YIL035C,0,0.71959573,0.12174631655216217,0.8717948794364929,0.6385940313339233
YPL188W,YFL017W-A,0,0.71932656,0.12172955274581909,0.8717948794364929,0.638694167137146
YML056C,YJL082W,0,0.71919584,0.12171278893947601,0.8717948794364929,0.6387943029403687
YBR238C,YBR222C,0,0.71861184,0.12169603258371353,0.8717948794364929,0.6388944387435913
YLR329W,YNL335W,0,0.718495,0.12167928367853165,0.8717948794364929,0.638994574546814
YOR106W,YOL124C,0,0.71828985,0.12166253477334976,0.8717948794364929,0.6390947103500366
YBR067C,YOL054W,0,0.7180404,0.12164579331874847,0.8717948794364929,0.6391948461532593
YPL096W,YLR042C,0,0.7177356,0.12162905931472778,0.8717948794364929,0.6392950415611267
YKR072C,YPL200W,1,0.717512,0.12174990028142929,0.8727810382843018,0.6392950415611267
YAL016W,YMR229C,0,0.7173022,0.1217331513762474,0.8727810382843018,0.6393951773643494
YDR363W-A,YNL161W,1,0.7166914,0.12185394018888474,0.8737672567367554,0.6393951773643494
YNL008C,YHR174W,0,0.71614915,0.12183718383312225,0.8737672567367554,0.639495313167572
YJL166W,YDR211W,0,0.7161181,0.12182043492794037,0.8737672567367554,0.6395954489707947
YDL246C,YOR148C,0,0.71595883,0.12180368602275848,0.8737672567367554,0.6396955847740173
YHR179W,YNL117W,0,0.7158022,0.1217869445681572,0.8737672567367554,0.63979572057724
YGL174W,YOL151W,0,0.715399,0.12177020311355591,0.8737672567367554,0.6398958563804626
YLR291C,YOR085W,0,0.7152747,0.12175346910953522,0.8737672567367554,0.6399959921836853
YER168C,YBR031W,0,0.7148624,0.12173674255609512,0.8737672567367554,0.640096127986908
YDR262W,YPR163C,0,0.7143483,0.12172001600265503,0.8737672567367554,0.6401962637901306
YDL206W,YMR176W,0,0.7140099,0.12170329689979553,0.8737672567367554,0.6402963995933533
YJR149W,YLL027W,0,0.71360433,0.12168657779693604,0.8737672567367554,0.6403965353965759
YDR492W,YBR187W,0,0.7132654,0.12166987359523773,0.8737672567367554,0.6404966711997986
YDR405W,YLL012W,0,0.7132517,0.12165316194295883,0.8737672567367554,0.6405968070030212
YFL066C,YLR224W,0,0.7130705,0.12163646519184113,0.8737672567367554,0.6406970024108887
YBR195C,YMR296C,0,0.7123748,0.12161976844072342,0.8737672567367554,0.6407971382141113
YJR068W,YPL200W,1,0.7121312,0.12174032628536224,0.874753475189209,0.6407971382141113
YAL016W,YKL061W,0,0.7119535,0.12172361463308334,0.874753475189209,0.640897274017334
YDR205W,YOR313C,0,0.7108091,0.12170691788196564,0.874753475189209,0.6409974098205566
YNL092W,YNL259C,0,0.710503,0.12169022113084793,0.874753475189209,0.6410975456237793
YNL223W,YIL048W,0,0.7099061,0.12167352437973022,0.874753475189209,0.641197681427002
YPL127C,YGR010W,0,0.7097568,0.12165683507919312,0.874753475189209,0.6412978172302246
YLR394W,YDL148C,0,0.70973384,0.1216401532292366,0.874753475189209,0.6413979530334473
YGR251W,YPR200C,0,0.7096049,0.12162347137928009,0.874753475189209,0.6414980888366699
YMR123W,YCR046C,0,0.7092074,0.12160679697990417,0.874753475189209,0.6415982246398926
YKL171W,YKL206C,0,0.7084525,0.12159013003110886,0.874753475189209,0.6416983604431152
YOR261C,YKL172W,0,0.70838577,0.12157346308231354,0.874753475189209,0.6417984962463379
YDL022W,YOR355W,0,0.7077795,0.12155680358409882,0.874753475189209,0.6418986320495605
YOL026C,YOL040C,0,0.70746744,0.12154015153646469,0.874753475189209,0.641998827457428
YPL002C,YPL188W,0,0.7071722,0.12152349948883057,0.874753475189209,0.6420989632606506
YOL104C,YGL194C,1,0.7071646,0.12164383381605148,0.8757396340370178,0.6420989632606506
YMR005W,YDR381C-A,0,0.70694137,0.12162717431783676,0.8757396340370178,0.6421990990638733
YLR383W,YPR137W,0,0.70658386,0.12161051481962204,0.8757396340370178,0.642299234867096
YFL034C-B,YGL181W,1,0.70597136,0.12173079699277878,0.8767258524894714,0.642299234867096
YBL089W,YNR002C,0,0.70591223,0.12171413004398346,0.8767258524894714,0.6423993706703186
YJL011C,YOL045W,0,0.7048113,0.12169747054576874,0.8767258524894714,0.6424995064735413
YDR064W,YDR304C,0,0.70431316,0.12168081104755402,0.8767258524894714,0.6425996422767639
YJL004C,YBR037C,0,0.7042578,0.12166415899991989,0.8767258524894714,0.6426997780799866
YIL046W,YOR313C,0,0.7039856,0.12164750695228577,0.8767258524894714,0.6427999138832092
YBL026W,YDL148C,0,0.7039604,0.12163086235523224,0.8767258524894714,0.6429000496864319
YIL132C,YIL042C,0,0.70306396,0.12161422520875931,0.8767258524894714,0.6430001854896545
YCL004W,YMR210W,0,0.7029933,0.12159759551286697,0.8767258524894714,0.6431003212928772
YEL070W,YDR470C,0,0.7029872,0.12158096581697464,0.8767258524894714,0.6432004570960999
YPL110C,YDR381C-A,0,0.7027603,0.1215643361210823,0.8767258524894714,0.6433005928993225
YNL032W,YNL302C,0,0.70238864,0.12154771387577057,0.8767258524894714,0.6434007883071899
YMR284W,YHR057C,0,0.7022456,0.12153109908103943,0.8767258524894714,0.6435009241104126
YER050C,YDR453C,0,0.7020185,0.12151449173688889,0.8767258524894714,0.6436010599136353
YLR244C,YKL001C,0,0.7015867,0.12149788439273834,0.8767258524894714,0.6437011957168579
YLR314C,YCR046C,0,0.7010383,0.1214812770485878,0.8767258524894714,0.6438013315200806
YPR182W,YPL099C,0,0.7009823,0.12146468460559845,0.8767258524894714,0.6439014673233032
YLR295C,YGL212W,0,0.7009458,0.1214480847120285,0.8767258524894714,0.6440016031265259
YBL028C,YCL026C-B,0,0.7004955,0.12143149971961975,0.8767258524894714,0.6441017389297485
YGL209W,YMR203W,0,0.70016015,0.121414914727211,0.8767258524894714,0.6442018747329712
YJL053W,YML052W,0,0.6998627,0.12139833718538284,0.8767258524894714,0.6443020105361938
YBR260C,YOR243C,0,0.69978404,0.12138175964355469,0.8767258524894714,0.6444021463394165
YPL122C,YDR381C-A,0,0.6991942,0.12136518955230713,0.8767258524894714,0.6445022821426392
YGR052W,YIL139C,0,0.6990949,0.12134861946105957,0.8767258524894714,0.6446024179458618
YKL174C,YDR218C,0,0.69892025,0.12133205682039261,0.8767258524894714,0.6447026133537292
YCL043C,YDL021W,0,0.69880736,0.12131550163030624,0.8767258524894714,0.6448027491569519
YNR074C,YDR067C,0,0.69826066,0.12129894644021988,0.8767258524894714,0.6449028849601746
YKL210W,YOL028C,0,0.6979842,0.12128239870071411,0.8767258524894714,0.6450030207633972
YMR137C,YAL029C,0,0.6978632,0.12126585841178894,0.8767258524894714,0.6451031565666199
YOR301W,YKL170W,0,0.69784576,0.12124931812286377,0.8767258524894714,0.6452032923698425
YJR021C,YKR006C,0,0.69723487,0.1212327852845192,0.8767258524894714,0.6453034281730652
YGR229C,YDR281C,0,0.697234,0.12121625244617462,0.8767258524894714,0.6454035639762878
YLR263W,YDL179W,1,0.6971358,0.12133605778217316,0.8777120113372803,0.6454035639762878
YNL131W,YBR192W,0,0.69698274,0.12131951749324799,0.8777120113372803,0.6455036997795105
YER014C-A,YDR207C,0,0.6963934,0.12130298465490341,0.8777120113372803,0.6456038355827332
YNL314W,YOR351C,0,0.6962873,0.12128645181655884,0.8777120113372803,0.6457039713859558
YPR191W,YDR405W,0,0.69595015,0.12126992642879486,0.8777120113372803,0.6458041071891785
YOR159C,YKR028W,0,0.69575715,0.12125340849161148,0.8777120113372803,0.6459042429924011
YBR247C,YLR301W,0,0.69562745,0.1212368905544281,0.8777120113372803,0.6460043787956238
YOL086C,YOR148C,0,0.6954503,0.12122037261724472,0.8777120113372803,0.6461045742034912
YLR206W,YKR068C,0,0.6952294,0.12120386958122253,0.8777120113372803,0.6462047100067139
YOR147W,YPL113C,0,0.69467735,0.12118736654520035,0.8777120113372803,0.6463048458099365
YDL246C,YOR304W,0,0.694354,0.12117086350917816,0.8777120113372803,0.6464049816131592
YGL256W,YCR046C,0,0.69432175,0.12115436792373657,0.8777120113372803,0.6465051174163818
YPL064C,YBR172C,0,0.6941672,0.12113787978887558,0.8777120113372803,0.6466052532196045
YDL078C,YDR381C-A,0,0.6940975,0.12112139165401459,0.8777120113372803,0.6467053890228271
YLL002W,YBL028C,0,0.69350266,0.12110491096973419,0.8777120113372803,0.6468055248260498
YPR111W,YLL055W,0,0.6933739,0.1210884377360344,0.8777120113372803,0.6469056606292725
YNL290W,YML132W,0,0.6931889,0.1210719645023346,0.8777120113372803,0.6470057964324951
YNR017W,YNL290W,0,0.6925875,0.1210554987192154,0.8777120113372803,0.6471059322357178
YDR451C,YER165W,0,0.6925439,0.12103903293609619,0.8777120113372803,0.6472060680389404
YPL151C,YGR134W,0,0.6922622,0.12102257460355759,0.8777120113372803,0.6473062038421631
YOL082W,YOL102C,0,0.69220054,0.12100611627101898,0.8777120113372803,0.6474063396453857
YJL060W,YOR180C,0,0.6919236,0.12098966538906097,0.8777120113372803,0.6475065350532532
YKL171W,YPR133W-A,0,0.6918192,0.12097322195768356,0.8777120113372803,0.6476066708564758
YIL031W,YOL104C,1,0.69170856,0.12109268456697464,0.8786982297897339,0.6476066708564758
YNR017W,YPL183W-A,0,0.69158936,0.12107623368501663,0.8786982297897339,0.6477068066596985
YOR388C,YOR180C,0,0.6908871,0.12105978280305862,0.8786982297897339,0.6478069424629211
YCL008C,YKL064W,0,0.6906084,0.12104333937168121,0.8786982297897339,0.6479070782661438
YPR011C,YPR002W,0,0.69054514,0.1210268959403038,0.8786982297897339,0.6480072140693665
YBR150C,YAL016W,0,0.69047654,0.12101045995950699,0.8786982297897339,0.6481073498725891
YER125W,YLR348C,0,0.6903901,0.12099402397871017,0.8786982297897339,0.6482074856758118
YJL117W,YKR069W,0,0.68982196,0.12097759544849396,0.8786982297897339,0.6483076214790344
YDR451C,YPR001W,0,0.68932045,0.12096117436885834,0.8786982297897339,0.6484077572822571
YJR051W,YHR058C,0,0.6891807,0.12094475328922272,0.8786982297897339,0.6485078930854797
YPL200W,YDR174W,0,0.6887325,0.1209283396601677,0.8786982297897339,0.6486080288887024
YDR030C,YLR153C,0,0.68838835,0.12091192603111267,0.8786982297897339,0.648708164691925
YBR186W,YOL001W,1,0.688007,0.12103120982646942,0.8796843886375427,0.648708164691925
YPR196W,YDR457W,0,0.6876718,0.1210147887468338,0.8796843886375427,0.6488083600997925
YOL104C,YMR029C,1,0.6874521,0.12113402038812637,0.8806706070899963,0.6488083600997925
YBL029C-A,YNL274C,0,0.68662065,0.12111759185791016,0.8806706070899963,0.6489084959030151
YJL034W,YBR170C,0,0.68638,0.12110116332769394,0.8806706070899963,0.6490086317062378
YER002W,YBR192W,0,0.6859587,0.12108474224805832,0.8806706070899963,0.6491087675094604
YJR127C,YGL244W,0,0.68590593,0.1210683286190033,0.8806706070899963,0.6492089033126831
YBR103W,YOR351C,1,0.68576604,0.1211874783039093,0.88165682554245,0.6492089033126831
YNL073W,YJL024C,0,0.68571883,0.12117104977369308,0.88165682554245,0.6493090391159058
YGL240W,YNL078W,1,0.6855221,0.12129014730453491,0.8826429843902588,0.6493090391159058
YDL194W,YDR118W,1,0.6845391,0.12140921503305435,0.8836292028427124,0.6493090391159058
YGR143W,YGR070W,0,0.6839772,0.12139276415109634,0.8836292028427124,0.6494091749191284
YOR054C,YOR243C,0,0.68294924,0.12137632071971893,0.8836292028427124,0.6495093107223511
YER014C-A,YAR002C-A,0,0.6828632,0.12135987728834152,0.8836292028427124,0.6496094465255737
YDR254W,YNL073W,0,0.68249017,0.1213434487581253,0.8836292028427124,0.6497095823287964
YBR150C,YLR219W,0,0.6821509,0.12132701277732849,0.8836292028427124,0.649809718132019
YJL030W,YNL223W,0,0.68207127,0.12131058424711227,0.8836292028427124,0.6499098539352417
YMR269W,YPL104W,0,0.6813746,0.12129416316747665,0.8836292028427124,0.6500099897384644
YCR093W,YDR444W,0,0.6811286,0.12127774953842163,0.8836292028427124,0.650110125541687
YPR144C,YML109W,0,0.68094,0.12126133590936661,0.8836292028427124,0.6502103209495544
YMR182C,YOL052C,0,0.6801445,0.12124492228031158,0.8836292028427124,0.6503104567527771
YGR180C,YMR114C,0,0.6799354,0.12122852355241776,0.8836292028427124,0.6504105925559998
YNL178W,YMR032W,0,0.6798644,0.12121212482452393,0.8836292028427124,0.6505107283592224
YOL155C,YDR373W,0,0.6792347,0.1211957260966301,0.8836292028427124,0.6506108641624451
YJL066C,YDR140W,0,0.6787148,0.12117933481931686,0.8836292028427124,0.6507109999656677
YJL114W,YJL011C,0,0.67839277,0.12116295099258423,0.8836292028427124,0.6508111357688904
YOR301W,YLL061W,0,0.67804366,0.12114656716585159,0.8836292028427124,0.650911271572113
YLL045C,YBL034C,0,0.6777409,0.12113019078969955,0.8836292028427124,0.6510114073753357
YHL012W,YJL005W,0,0.67764616,0.12111381441354752,0.8836292028427124,0.6511115431785583
YHL012W,YDR260C,0,0.6774263,0.12109744548797607,0.8836292028427124,0.651211678981781
YHL012W,YMR075W,0,0.67731637,0.12108108401298523,0.8836292028427124,0.6513118147850037
YER151C,YOR285W,0,0.6770514,0.12106472253799438,0.8836292028427124,0.6514119505882263
YDR451C,YDR226W,0,0.67700994,0.12104836851358414,0.8836292028427124,0.6515121459960938
YCR060W,YMR269W,0,0.67685366,0.12103201448917389,0.8836292028427124,0.6516122817993164
YML032C,YLL041C,0,0.676514,0.12101566791534424,0.8836292028427124,0.6517124176025391
YOL082W,YOL136C,0,0.6759992,0.12099932134151459,0.8836292028427124,0.6518125534057617
YAL022C,YBL005W-B,0,0.67564344,0.12098298966884613,0.8836292028427124,0.6519126892089844
YNL236W,YFL010W-A,0,0.6755439,0.12096665054559708,0.8836292028427124,0.652012825012207
YER154W,YKL053C-A,0,0.6754108,0.12095032632350922,0.8836292028427124,0.6521129608154297
YDR530C,YPL139C,0,0.67537224,0.12093400210142136,0.8836292028427124,0.6522130966186523
YDL084W,YJR119C,0,0.6746917,0.1209176778793335,0.8836292028427124,0.652313232421875
YNL236W,YMR033W,0,0.6745508,0.12090136110782623,0.8836292028427124,0.6524133682250977
YDR492W,YDR207C,0,0.67440474,0.12088505178689957,0.8836292028427124,0.6525135040283203
YOL165C,YJL060W,0,0.6742491,0.1208687424659729,0.8836292028427124,0.652613639831543
YNL052W,YKR006C,0,0.6741533,0.12085244059562683,0.8836292028427124,0.6527137756347656
YIL006W,YDR410C,0,0.6737449,0.12083614617586136,0.8836292028427124,0.6528139114379883
YML112W,YDR146C,0,0.67365384,0.12081985175609589,0.8836292028427124,0.6529141068458557
YDL078C,YML080W,0,0.67355114,0.12080355733633041,0.8836292028427124,0.6530142426490784
YLR191W,YBL029C-A,0,0.67347765,0.12078727781772614,0.8836292028427124,0.653114378452301
YCL004W,YJL171C,0,0.6732017,0.12077099084854126,0.8836292028427124,0.6532145142555237
YKR057W,YML045W-A,0,0.67267686,0.12075471878051758,0.8836292028427124,0.6533146500587463
YHR175W,YNR060W,0,0.67205924,0.1207384467124939,0.8836292028427124,0.653414785861969
YKL217W,YLR244C,0,0.67178595,0.12072217464447021,0.8836292028427124,0.6535149216651917
YLR203C,YGL241W,0,0.670968,0.12070591747760773,0.8836292028427124,0.6536150574684143
YLR390W,YFL021W,0,0.6709672,0.12068965286016464,0.8836292028427124,0.653715193271637
YNL232W,YHR061C,0,0.67095625,0.12067340314388275,0.8836292028427124,0.6538153290748596
YHR002W,YPR091C,0,0.67054176,0.12065715342760086,0.8836292028427124,0.6539154648780823
YKL078W,YOR215C,0,0.670398,0.12064090371131897,0.8836292028427124,0.6540156006813049
YAR027W,YGR134W,0,0.67031276,0.12062466144561768,0.8836292028427124,0.6541157364845276
YOL082W,YDR083W,0,0.6693976,0.12060842663049698,0.8836292028427124,0.654215931892395
YJR130C,YDR381C-A,0,0.6691078,0.12059219181537628,0.8836292028427124,0.6543160676956177
YBR274W,YKL067W,0,0.6690276,0.12057596445083618,0.8836292028427124,0.6544162034988403
YLR251W,YDR508C,0,0.66844606,0.12055974453687668,0.8836292028427124,0.654516339302063
YOL107W,YFL054C,0,0.6678965,0.12054352462291718,0.8836292028427124,0.6546164751052856
YPR162C,YCR002C,0,0.6678695,0.12052730470895767,0.8836292028427124,0.6547166109085083
YDR419W,YGR177C,0,0.66756654,0.12051109969615936,0.8836292028427124,0.654816746711731
YGL116W,YDR328C,1,0.6673548,0.12062937021255493,0.8846153616905212,0.654816746711731
YBR202W,YNL259C,0,0.66707516,0.12061315029859543,0.8846153616905212,0.6549168825149536
YPR191W,YOR311C,0,0.6665484,0.12059693783521652,0.8846153616905212,0.6550170183181763
YOR283W,YBR230C,0,0.66644704,0.12058072537183762,0.8846153616905212,0.6551171541213989
YHR085W,YDR261W-A,0,0.6664028,0.12056451290845871,0.8846153616905212,0.6552172899246216
YDL206W,YBL041W,0,0.66632855,0.120548315346241,0.8846153616905212,0.6553174257278442
YEL070W,YER190W,0,0.6659759,0.12053211778402328,0.8846153616905212,0.6554175615310669
YPR182W,YER125W,0,0.6655793,0.12051592022180557,0.8846153616905212,0.6555176973342896
YNR006W,YJL024C,0,0.66544837,0.12049973011016846,0.8846153616905212,0.655617892742157
YMR077C,YJL171C,0,0.6654358,0.12048354744911194,0.8846153616905212,0.6557180285453796
YIL088C,YMR238W,0,0.66537297,0.12046736478805542,0.8846153616905212,0.6558181643486023
YIL139C,YJL214W,0,0.66481197,0.1204511895775795,0.8846153616905212,0.655918300151825
YGR180C,YMR321C,0,0.6647153,0.12043501436710358,0.8846153616905212,0.6560184359550476
YBR020W,YMR145C,0,0.66366976,0.12041884660720825,0.8846153616905212,0.6561185717582703
YHR061C,YBR067C,0,0.6635414,0.12040268629789352,0.8846153616905212,0.6562187075614929
YML036W,YHR051W,0,0.6630496,0.1203865259885788,0.8846153616905212,0.6563188433647156
YOL101C,YLR151C,0,0.6627451,0.12037037312984467,0.8846153616905212,0.6564189791679382
YCL074W,YNL027W,0,0.66213775,0.12035422027111053,0.8846153616905212,0.6565191149711609
YHR119W,YLR391W,0,0.66171837,0.120338074862957,0.8846153616905212,0.6566192507743835
YER052C,YGR027C,0,0.661089,0.12032192945480347,0.8846153616905212,0.6567193865776062
YEL030W,YER087W,0,0.6609604,0.12030579149723053,0.8846153616905212,0.6568195223808289
YPR187W,YER019C-A,0,0.6605669,0.12028966099023819,0.8846153616905212,0.6569196581840515
YGL010W,YFR033C,0,0.6599272,0.12027353048324585,0.8846153616905212,0.657019853591919
YKL007W,YDL140C,0,0.65984327,0.1202574074268341,0.8846153616905212,0.6571199893951416
YDR285W,YLR325C,0,0.65973186,0.12024128437042236,0.8846153616905212,0.6572201251983643
YOR138C,YPL099C,0,0.6590029,0.12022516876459122,0.8846153616905212,0.6573202610015869
YOL111C,YCR026C,0,0.6584604,0.12020906060934067,0.8846153616905212,0.6574203968048096
YER150W,YGL113W,0,0.65815735,0.12019295245409012,0.8846153616905212,0.6575205326080322
YDR131C,YNL052W,0,0.65807426,0.12017685174942017,0.8846153616905212,0.6576206684112549
YER145C,YKR044W,0,0.6580009,0.12016075104475021,0.8846153616905212,0.6577208042144775
YMR276W,YKL203C,0,0.65751845,0.12014465779066086,0.8846153616905212,0.6578209400177002
YMR117C,YIL159W,0,0.6573184,0.1201285645365715,0.8846153616905212,0.6579210758209229
YOR071C,YGR084C,0,0.6567478,0.12011247873306274,0.8846153616905212,0.6580212116241455
YJL066C,YPR162C,0,0.65667623,0.12009640038013458,0.8846153616905212,0.6581213474273682
YAL033W,YGL051W,0,0.6564687,0.12008032202720642,0.8846153616905212,0.6582214832305908
YPR043W,YMR159C,0,0.65630877,0.12006425112485886,0.8846153616905212,0.6583216786384583
YDR072C,YCL052C,0,0.65614665,0.12004818022251129,0.8846153616905212,0.6584218144416809
YOR378W,YNL219C,0,0.65582776,0.12003211677074432,0.8846153616905212,0.6585219502449036
YOR138C,YLL055W,0,0.6555424,0.12001605331897736,0.8846153616905212,0.6586220860481262
YHR029C,YDR140W,0,0.65533525,0.11999999731779099,0.8846153616905212,0.6587222218513489
YOL129W,YJR051W,0,0.6551955,0.11998394876718521,0.8846153616905212,0.6588223576545715
YJR070C,YHR132C,0,0.6547358,0.11996790021657944,0.8846153616905212,0.6589224934577942
YBL112C,YMR193W,0,0.6542241,0.11995185911655426,0.8846153616905212,0.6590226292610168
YDR423C,YOL104C,0,0.65377724,0.11993581801652908,0.8846153616905212,0.6591227650642395
YDR419W,YDR064W,0,0.65375924,0.1199197843670845,0.8846153616905212,0.6592229008674622
YPR194C,YGL062W,0,0.6537503,0.11990375816822052,0.8846153616905212,0.6593230366706848
YMR145C,YBR042C,0,0.65341604,0.11988773196935654,0.8846153616905212,0.6594231724739075
YDL028C,YBL011W,0,0.6533743,0.11987170577049255,0.8846153616905212,0.6595233082771301
YCR030C,YGL030W,0,0.6531934,0.11985569447278976,0.8846153616905212,0.6596234440803528
YOL054W,YHR008C,0,0.65276116,0.11983967572450638,0.8846153616905212,0.6597236394882202
YJR138W,YMR145C,0,0.6527045,0.11982367187738419,0.8846153616905212,0.6598237752914429
YNL298W,YOR178C,1,0.6526664,0.11994123458862305,0.8856015801429749,0.6598237752914429
YJL192C,YKR069W,0,0.65250933,0.11992521584033966,0.8856015801429749,0.6599239110946655
YLR219W,YCL034W,0,0.65225166,0.11990919709205627,0.8856015801429749,0.6600240468978882
YFL038C,YDR497C,0,0.65221393,0.11989319324493408,0.8856015801429749,0.6601241827011108
YDR337W,YNR002C,0,0.65203667,0.11987718939781189,0.8856015801429749,0.6602243185043335
YGR238C,YER002W,0,0.6515705,0.1198611855506897,0.8856015801429749,0.6603244543075562
YPR200C,YMR250W,0,0.65136874,0.1198451891541481,0.8856015801429749,0.6604245901107788
YJR055W,YOR243C,0,0.6508621,0.1198292002081871,0.8856015801429749,0.6605247259140015
YIL079C,YMR301C,0,0.6503964,0.1198132112622261,0.8856015801429749,0.6606248617172241
YJL034W,YOR222W,0,0.65000015,0.1197972223162651,0.8856015801429749,0.6607249975204468
YNR074C,YBR042C,0,0.64976275,0.1197812482714653,0.8856015801429749,0.6608251333236694
YLR197W,YMR180C,0,0.6492885,0.1197652742266655,0.8856015801429749,0.6609252691268921
YMR319C,YNL080C,0,0.64925855,0.11974930018186569,0.8856015801429749,0.6610254645347595
YPL119C,YMR180C,0,0.6479275,0.11973333358764648,0.8856015801429749,0.6611256003379822
YFR001W,YKL186C,0,0.6474818,0.11971737444400787,0.8856015801429749,0.6612257361412048
YLL041C,YEL036C,0,0.64726496,0.11970141530036926,0.8856015801429749,0.6613258719444275
YHR179W,YGL169W,0,0.6472184,0.11968545615673065,0.8856015801429749,0.6614260077476501
YLR113W,YPR080W,0,0.64706105,0.11966951191425323,0.8856015801429749,0.6615261435508728
YGL220W,YOR313C,0,0.646422,0.11965356767177582,0.8856015801429749,0.6616262793540955
YAR027W,YLR301W,0,0.6464064,0.1196376234292984,0.8856015801429749,0.6617264151573181
YPR194C,YEL029C,0,0.6463734,0.11962168663740158,0.8856015801429749,0.6618265509605408
YDR137W,YPL223C,0,0.6460237,0.11960575729608536,0.8856015801429749,0.6619266867637634
YPR191W,YLR228C,0,0.64597327,0.11958982795476913,0.8856015801429749,0.6620268225669861
YNL262W,YPL098C,0,0.6458537,0.11957389861345291,0.8856015801429749,0.6621269583702087
YOL086C,YLR206W,0,0.6457535,0.11955798417329788,0.8856015801429749,0.6622270941734314
YLR005W,YCL004W,0,0.6457182,0.11954206973314285,0.8856015801429749,0.662327229976654
YGL068W,YLR005W,0,0.64535224,0.11952615529298782,0.8856015801429749,0.6624274253845215
YNL131W,YJL191W,0,0.64526445,0.11951024830341339,0.8856015801429749,0.6625275611877441
YLL019C,YPL050C,0,0.64500934,0.11949434131383896,0.8856015801429749,0.6626276969909668
YGL162W,YDL070W,0,0.6448931,0.11947844922542572,0.8856015801429749,0.6627278327941895
YOR026W,YAL040C,1,0.6447631,0.11959557980298996,0.8865877985954285,0.6627278327941895
YDR195W,YFL017W-A,0,0.6447537,0.11957967281341553,0.8865877985954285,0.6628279685974121
YOR054C,YKL007W,0,0.6447475,0.11956377327442169,0.8865877985954285,0.6629281044006348
YKL074C,YOR351C,0,0.64457226,0.11954787373542786,0.8865877985954285,0.6630282402038574
YDR099W,YJL013C,1,0.64449596,0.11966493725776672,0.8875739574432373,0.6630282402038574
YIR011C,YPR200C,0,0.6440578,0.11964903026819229,0.8875739574432373,0.6631283760070801
YDL061C,YNL284C-A,0,0.6438394,0.11963312327861786,0.8875739574432373,0.6632285118103027
YDR363W-A,YHR158C,1,0.6436077,0.11975013464689255,0.8885601758956909,0.6632285118103027
YKL171W,YMR300C,0,0.64341223,0.11973422020673752,0.8885601758956909,0.6633286476135254
YKR019C,YKR056W,0,0.64338183,0.11971831321716309,0.8885601758956909,0.663428783416748
YGL183C,YOR226C,0,0.64317167,0.11970240622758865,0.8885601758956909,0.6635289192199707
YMR182C,YFL045C,0,0.6414938,0.11968650668859482,0.8885601758956909,0.6636290550231934
YPL150W,YGR085C,0,0.6411777,0.11967060714960098,0.8885601758956909,0.6637292504310608
YPR144C,YPR133W-A,0,0.6389567,0.11965471506118774,0.8885601758956909,0.6638293862342834
YDR461W,YPR138C,0,0.6388786,0.1196388229727745,0.8885601758956909,0.6639295220375061
YER117W,YMR180C,0,0.63873076,0.11962294578552246,0.8885601758956909,0.6640296578407288
YER165W,YJL006C,0,0.6380467,0.11960706114768982,0.8885601758956909,0.6641297936439514
YMR145C,YJR031C,0,0.63738704,0.11959118396043777,0.8885601758956909,0.6642299294471741
YLR163C,YEL041W,0,0.63737166,0.11957531422376633,0.8885601758956909,0.6643300652503967
YKR008W,YJL117W,0,0.6370916,0.11955944448709488,0.8885601758956909,0.6644302010536194
YJR147W,YJL128C,0,0.6369605,0.11954358220100403,0.8885601758956909,0.664530336856842
YLL029W,YDR076W,0,0.6359348,0.11952772736549377,0.8885601758956909,0.6646304726600647
YJL087C,YPL113C,0,0.6356204,0.11951187252998352,0.8885601758956909,0.6647306084632874
YJL166W,YDR508C,0,0.6355444,0.11949601769447327,0.8885601758956909,0.66483074426651
YLR447C,YHR135C,0,0.634802,0.1194801777601242,0.8885601758956909,0.6649308800697327
YPR194C,YMR194W,0,0.63476056,0.11946433037519455,0.8885601758956909,0.6650310158729553
YOR353C,YLR042C,0,0.63443124,0.11944849789142609,0.8885601758956909,0.6651312112808228
YBR150C,YNR067C,0,0.63398844,0.11943266540765762,0.8885601758956909,0.6652313470840454
YCR052W,YPR043W,0,0.6337404,0.11941683292388916,0.8885601758956909,0.6653314828872681
YPR011C,YOR147W,0,0.63337094,0.1194010078907013,0.8885601758956909,0.6654316186904907
YER151C,YMR020W,0,0.63333094,0.11938518285751343,0.8885601758956909,0.6655317544937134
YEL052W,YDR337W,0,0.6329401,0.11936937272548676,0.8885601758956909,0.665631890296936
YNL281W,YBR080C,0,0.63265157,0.11935355514287949,0.8885601758956909,0.6657320261001587
YER098W,YEL070W,0,0.63262814,0.11933774501085281,0.8885601758956909,0.6658321619033813
YDR245W,YAL039C,0,0.6325336,0.11932194232940674,0.8885601758956909,0.665932297706604
YAL063C,YDL047W,0,0.63249636,0.11930614709854126,0.8885601758956909,0.6660324335098267
YOR159C,YER117W,0,0.6324072,0.11929035186767578,0.8885601758956909,0.6661325693130493
YIL142W,YGR145W,0,0.6317285,0.1192745566368103,0.8885601758956909,0.666232705116272
YHL012W,YBL079W,0,0.6316716,0.11925876885652542,0.8885601758956909,0.6663328409194946
YOR232W,YNL121C,0,0.6313802,0.11924298852682114,0.8885601758956909,0.6664329767227173
YER050C,YFL002W-B,0,0.63087326,0.11922720819711685,0.8885601758956909,0.6665331721305847
YDR034C,YLR390W,0,0.6308012,0.11921143531799316,0.8885601758956909,0.6666333079338074
YDR429C,YCL026C-B,0,0.63035154,0.11919566243886948,0.8885601758956909,0.66673344373703
YPR119W,YMR308C,0,0.630208,0.11917989701032639,0.8885601758956909,0.6668335795402527
YDL202W,YDR470C,0,0.6299231,0.1191641315817833,0.8885601758956909,0.6669337153434753
YMR168C,YNL208W,0,0.62927544,0.1191483736038208,0.8885601758956909,0.667033851146698
YBR183W,YDR423C,0,0.62923443,0.1191326156258583,0.8885601758956909,0.6671339869499207
YER154W,YPR080W,0,0.6292248,0.119116872549057,0.8885601758956909,0.6672341227531433
YOR317W,YGL163C,0,0.6283986,0.11910112202167511,0.8885601758956909,0.667334258556366
YGL237C,YLR401C,0,0.6278794,0.11908537894487381,0.8885601758956909,0.6674343943595886
YNL131W,YOR287C,0,0.6275525,0.1190696433186531,0.8885601758956909,0.6675345301628113
YCL003W,YLL012W,0,0.6275176,0.1190539076924324,0.8885601758956909,0.6676346659660339
YOL066C,YPL196W,0,0.62744963,0.1190381795167923,0.8885601758956909,0.6677348017692566
YGR105W,YEL056W,0,0.6270014,0.11902245879173279,0.8885601758956909,0.667834997177124
YER055C,YKL130C,0,0.62678593,0.11900673806667328,0.8885601758956909,0.6679351329803467
YJR010W,YMR239C,0,0.6267129,0.11899101734161377,0.8885601758956909,0.6680352687835693
YMR089C,YER185W,0,0.6258738,0.11897530406713486,0.8885601758956909,0.668135404586792
YER133W,YDR309C,1,0.6256243,0.11909162998199463,0.8895463347434998,0.668135404586792
YDR072C,YPR127W,0,0.62561464,0.11907590925693512,0.8895463347434998,0.6682355403900146
YML074C,YLR321C,1,0.62557834,0.11919218301773071,0.8905325531959534,0.6682355403900146
YML028W,YMR210W,0,0.6249083,0.1191764548420906,0.8905325531959534,0.6683356761932373
YJL004C,YDR262W,0,0.6247745,0.1191607266664505,0.8905325531959534,0.66843581199646
YKR019C,YPR125W,0,0.62406945,0.11914500594139099,0.8905325531959534,0.6685359477996826
YAL060W,YLR016C,0,0.62383735,0.11912928521633148,0.8905325531959534,0.6686360836029053
YGL256W,YOL104C,0,0.62337375,0.11911357194185257,0.8905325531959534,0.6687362194061279
YOL129W,YLR113W,0,0.6230105,0.11909786611795425,0.8905325531959534,0.6688363552093506
YHR047C,YDL121C,0,0.6229658,0.11908216029405594,0.8905325531959534,0.6689364910125732
YDL029W,YHR168W,0,0.6227109,0.11906645447015762,0.8905325531959534,0.6690366268157959
YJL005W,YGR085C,0,0.6218276,0.1190507560968399,0.8905325531959534,0.6691367626190186
YCR057C,YDL021W,0,0.62166965,0.11903506517410278,0.8905325531959534,0.669236958026886
YDL245C,YHR168W,0,0.6207569,0.11901937425136566,0.8905325531959534,0.6693370938301086
YPL042C,YOR099W,0,0.6204143,0.11900369077920914,0.8905325531959534,0.6694372296333313
YBR135W,YDR309C,1,0.6191652,0.11911977827548981,0.8915187120437622,0.6694372296333313
YDR067C,YKR103W,0,0.6190591,0.11910408735275269,0.8915187120437622,0.669537365436554
YMR315W,YLR244C,0,0.6188334,0.11908839643001556,0.8915187120437622,0.6696375012397766
YLR080W,YDL245C,0,0.61850244,0.11907270550727844,0.8915187120437622,0.6697376370429993
YLR029C,YOR237W,0,0.61827177,0.11905702948570251,0.8915187120437622,0.6698377728462219
YPR026W,YJL060W,0,0.6179383,0.11904134601354599,0.8915187120437622,0.6699379086494446
YNL309W,YDR381C-A,0,0.6176445,0.11902567744255066,0.8915187120437622,0.6700380444526672
YFR031C,YBL028C,0,0.61757475,0.11901000887155533,0.8915187120437622,0.6701381802558899
YLR447C,YOL124C,0,0.61751664,0.11899434030056,0.8915187120437622,0.6702383160591125
YER150W,YKL182W,0,0.6175097,0.11897867918014526,0.8915187120437622,0.6703384518623352
YDR131C,YIR032C,0,0.61694026,0.11896301805973053,0.8915187120437622,0.6704385876655579
YOR301W,YER190W,0,0.6154953,0.11894737184047699,0.8915187120437622,0.6705387830734253
YPR196W,YOR222W,0,0.61517906,0.11893171817064285,0.8915187120437622,0.670638918876648
YPR080W,YOR340C,0,0.61490804,0.11891607195138931,0.8915187120437622,0.6707390546798706
YPR024W,YLR300W,0,0.61469084,0.11890043318271637,0.8915187120437622,0.6708391904830933
YNL079C,YPL167C,0,0.6144948,0.11888479441404343,0.8915187120437622,0.6709393262863159
YPR026W,YPL110C,0,0.614253,0.11886916309595108,0.8915187120437622,0.6710394620895386
YLR390W,YKL061W,0,0.614197,0.11885353922843933,0.8915187120437622,0.6711395978927612
YLR295C,YNL304W,0,0.61399543,0.11883791536092758,0.8915187120437622,0.6712397336959839
YDL078C,YDR444W,0,0.61372834,0.11882229149341583,0.8915187120437622,0.6713398694992065
YDL140C,YKL074C,0,0.6135379,0.11880667507648468,0.8915187120437622,0.6714400053024292
YGR020C,YBR282W,0,0.61348104,0.11879106611013412,0.8915187120437622,0.6715401411056519
YLR447C,YOR287C,0,0.61301625,0.11877545714378357,0.8915187120437622,0.6716402769088745
YPR026W,YBL041W,0,0.61295056,0.11875985562801361,0.8915187120437622,0.6717404127120972
YDR174W,YBL112C,0,0.61249,0.11874425411224365,0.8915187120437622,0.6718405485153198
YDL206W,YCL025C,0,0.61234283,0.11872866004705429,0.8915187120437622,0.6719407439231873
YLL040C,YBL092W,0,0.61233324,0.11871306598186493,0.8915187120437622,0.6720408797264099
YOR323C,YMR087W,0,0.61228603,0.11869747936725616,0.8915187120437622,0.6721410155296326
YBR183W,YNR006W,0,0.61136746,0.1186818927526474,0.8915187120437622,0.6722411513328552
YIR025W,YDL061C,0,0.6109639,0.11866631358861923,0.8915187120437622,0.6723412871360779
YDR473C,YCR012W,0,0.61093044,0.11865074187517166,0.8915187120437622,0.6724414229393005
YGL225W,YGL220W,0,0.61042154,0.11863517016172409,0.8915187120437622,0.6725415587425232
YHR041C,YOR317W,0,0.6103029,0.11861960589885712,0.8915187120437622,0.6726416945457458
YDR260C,YNL239W,0,0.60996366,0.11860404163599014,0.8915187120437622,0.6727418303489685
YPL213W,YOR147W,0,0.6097832,0.11858848482370377,0.8915187120437622,0.6728419661521912
YMR046C,YNL262W,0,0.60950667,0.11857292801141739,0.8915187120437622,0.6729421019554138
YKL172W,YDL225W,0,0.6094463,0.11855737864971161,0.8915187120437622,0.6730422377586365
YER055C,YOR351C,0,0.60934085,0.11854182928800583,0.8915187120437622,0.6731423735618591
YJL005W,YER145C,0,0.6093187,0.11852628737688065,0.8915187120437622,0.6732425689697266
YDR067C,YDR174W,0,0.60877323,0.11851075291633606,0.8915187120437622,0.6733427047729492
YJR004C,YER130C,0,0.6081576,0.11849521845579147,0.8915187120437622,0.6734428405761719
YFL038C,YNL138W,0,0.6078128,0.11847968399524689,0.8915187120437622,0.6735429763793945
YDL111C,YFL023W,0,0.60753304,0.1184641569852829,0.8915187120437622,0.6736431121826172
YHR014W,YOR178C,1,0.60721827,0.11857966333627701,0.8925049304962158,0.6736431121826172
YKL119C,YJL166W,0,0.6070467,0.11856412887573242,0.8925049304962158,0.6737432479858398
YMR123W,YAR027W,0,0.60659856,0.11854860186576843,0.8925049304962158,0.6738433837890625
YMR239C,YER019C-A,0,0.6062716,0.11853307485580444,0.8925049304962158,0.6739435195922852
YKL170W,YBR129C,0,0.6061653,0.11851754784584045,0.8925049304962158,0.6740436553955078
YBL041W,YKL171W,0,0.60523885,0.11850202828645706,0.8925049304962158,0.6741437911987305
YOR106W,YMR173W,0,0.6049683,0.11848651617765427,0.8925049304962158,0.6742439270019531
YLR197W,YDR423C,0,0.6034126,0.11847100406885147,0.8925049304962158,0.6743440628051758
YHL012W,YLL008W,0,0.6033104,0.11845549941062927,0.8925049304962158,0.6744441986083984
YJL172W,YGL200C,0,0.602936,0.11843999475240707,0.8925049304962158,0.6745443344116211
YKR054C,YOL136C,0,0.6021637,0.11842449754476547,0.8925049304962158,0.6746445298194885
YNL131W,YJL081C,0,0.6018096,0.11840900033712387,0.8925049304962158,0.6747446656227112
YKR057W,YCR002C,0,0.6017898,0.11839351058006287,0.8925049304962158,0.6748448014259338
YLR183C,YEL030W,0,0.60151637,0.11837802827358246,0.8925049304962158,0.6749449372291565
YNR031C,YLR043C,0,0.6015015,0.11836254596710205,0.8925049304962158,0.6750450730323792
YBL091C-A,YJL214W,0,0.6012102,0.11834706366062164,0.8925049304962158,0.6751452088356018
YDR030C,YML128C,0,0.6011733,0.11833158880472183,0.8925049304962158,0.6752453446388245
YCL018W,YMR087W,0,0.60031855,0.11831612139940262,0.8925049304962158,0.6753454804420471
YPL252C,YFL001W,0,0.5997777,0.1183006539940834,0.8925049304962158,0.6754456162452698
YOR304C-A,YJR103W,0,0.5990064,0.11828519403934479,0.8925049304962158,0.6755457520484924
YNL231C,YPR125W,0,0.5988745,0.11826973408460617,0.8925049304962158,0.6756458878517151
YJR107W,YKL094W,0,0.5986994,0.11825428158044815,0.8925049304962158,0.6757460236549377
YOL086C,YOR304C-A,0,0.59846187,0.11823882907629013,0.8925049304962158,0.6758461594581604
YDL061C,YJL060W,0,0.5983445,0.11822338402271271,0.8925049304962158,0.6759462952613831
YPL078C,YLL055W,0,0.59825593,0.11820793896913528,0.8925049304962158,0.6760464906692505
YNL231C,YIL076W,0,0.5978738,0.11819250136613846,0.8925049304962158,0.6761466264724731
YIL135C,YDL045C,0,0.59771127,0.11817707121372223,0.8925049304962158,0.6762467622756958
YLR268W,YBL089W,0,0.5976503,0.118161641061306,0.8925049304962158,0.6763468980789185
YNL073W,YKR055W,0,0.5969888,0.11814621090888977,0.8925049304962158,0.6764470338821411
YDR081C,YKR044W,0,0.59692633,0.11813079565763474,0.8925049304962158,0.6765471696853638
YPR011C,YDR337W,0,0.5963111,0.1181153729557991,0.8925049304962158,0.6766473054885864
YLR025W,YKL061W,0,0.5956062,0.11809995770454407,0.8925049304962158,0.6767474412918091
YJR119C,YPL082C,0,0.59555686,0.11808454990386963,0.8925049304962158,0.6768475770950317
YOR099W,YCL057W,0,0.59538573,0.11806914210319519,0.8925049304962158,0.6769477128982544
YHR030C,YDR059C,0,0.5953765,0.11805374175310135,0.8925049304962158,0.677047848701477
YJL087C,YGL256W,0,0.5943122,0.1180383488535881,0.8925049304962158,0.6771479845046997
YPR127W,YPL098C,0,0.59395576,0.11802295595407486,0.8925049304962158,0.6772481203079224
YJL011C,YLR395C,0,0.59315765,0.11800756305456161,0.8925049304962158,0.6773483157157898
YFR045W,YDR281C,0,0.59298176,0.11799217760562897,0.8925049304962158,0.6774484515190125
YMR272C,YNL239W,0,0.5926155,0.11797679215669632,0.8925049304962158,0.6775485873222351
YJR138W,YDL227C,0,0.5924418,0.11796142160892487,0.8925049304962158,0.6776487231254578
YDR423C,YLR394W,0,0.5920986,0.11794604361057281,0.8925049304962158,0.6777488589286804
YBR195C,YLR359W,0,0.5920346,0.11793067306280136,0.8925049304962158,0.6778489947319031
YOR142W-A,YFR001W,0,0.5919763,0.1179153099656105,0.8925049304962158,0.6779491305351257
YMR301C,YKL003C,0,0.5918541,0.11789994686841965,0.8925049304962158,0.6780492663383484
YDR453C,YOR279C,0,0.59120935,0.11788459122180939,0.8925049304962158,0.678149402141571
YNL289W,YCR093W,1,0.5911976,0.11799947917461395,0.8934911489486694,0.678149402141571
YMR179W,YNL070W,0,0.59085906,0.1179841160774231,0.8934911489486694,0.6782495379447937
YDR254W,YGR214W,0,0.5904523,0.11796875298023224,0.8934911489486694,0.6783496737480164
YDR026C,YGR185C,0,0.5904382,0.11795338988304138,0.8934911489486694,0.678449809551239
YHR039C-A,YGL004C,0,0.59040964,0.11793803423643112,0.8934911489486694,0.6785499453544617
YBR238C,YCL026C-B,0,0.59005487,0.11792268604040146,0.8934911489486694,0.6786500811576843
YPR119W,YDR309C,1,0.589427,0.11803747713565826,0.8944773077964783,0.6786500811576843
YMR173W,YDR449C,0,0.5893837,0.118022121489048,0.8944773077964783,0.6787502765655518
YGR134W,YGR222W,0,0.5893788,0.11800676584243774,0.8944773077964783,0.6788504123687744
YGR288W,YNL314W,0,0.589258,0.11799141764640808,0.8944773077964783,0.6789505481719971
YHR115C,YJL106W,1,0.5878757,0.11810614168643951,0.8954635262489319,0.6789505481719971
YBR081C,YDR492W,0,0.58730876,0.11809077858924866,0.8954635262489319,0.6790506839752197
YPR035W,YFR052W,0,0.58697826,0.1180754229426384,0.8954635262489319,0.6791508197784424
YDR296W,YHR051W,0,0.5859804,0.11806006729602814,0.8954635262489319,0.679250955581665
YBR282W,YOL101C,0,0.58589613,0.11804471909999847,0.8954635262489319,0.6793510913848877
YOL107W,YIL046W,0,0.58487743,0.11802937835454941,0.8954635262489319,0.6794512271881104
YCR030C,YPL093W,0,0.5842557,0.11801403760910034,0.8954635262489319,0.679551362991333
YDR067C,YDL179W,0,0.5830473,0.11799869686365128,0.8954635262489319,0.6796514987945557
YMR194W,YOL090W,0,0.5827557,0.1179833710193634,0.8954635262489319,0.6797516345977783
YOL026C,YKL064W,0,0.5825176,0.11796803772449493,0.8954635262489319,0.679851770401001
YMR038C,YBR187W,0,0.58221227,0.11795271188020706,0.8954635262489319,0.6799519062042236
YMR272C,YBL089W,0,0.58192176,0.11793739348649979,0.8954635262489319,0.6800521016120911
YCR011C,YDR410C,0,0.5815945,0.11792207509279251,0.8954635262489319,0.6801522374153137
YER177W,YBR274W,1,0.58157367,0.11803662031888962,0.8964496850967407,0.6801522374153137
YLR425W,YNL202W,0,0.5811136,0.11802129447460175,0.8964496850967407,0.6802523732185364
YKL190W,YNL238W,0,0.5801474,0.11800596863031387,0.8964496850967407,0.680352509021759
YER117W,YOR327C,0,0.5791542,0.1179906576871872,0.8964496850967407,0.6804526448249817
YJR028W,YMR180C,0,0.578854,0.11797533929347992,0.8964496850967407,0.6805527806282043
YLR447C,YMR114C,0,0.5784829,0.11796002835035324,0.8964496850967407,0.680652916431427
YEL053C,YER087W,0,0.57739735,0.11794472485780716,0.8964496850967407,0.6807530522346497
YPR167C,YCR055C,0,0.57720613,0.11792942136526108,0.8964496850967407,0.6808531880378723
YBL113C,YNR072W,0,0.57670027,0.1179141253232956,0.8964496850967407,0.680953323841095
YLR447C,YCR057C,0,0.5764457,0.11789882928133011,0.8964496850967407,0.6810534596443176
YLR129W,YDR497C,0,0.5757783,0.11788354068994522,0.8964496850967407,0.6811535954475403
YBR195C,YKL078W,0,0.57509875,0.11786825954914093,0.8964496850967407,0.6812537312507629
YNL282W,YBL011W,0,0.5747334,0.11785297840833664,0.8964496850967407,0.6813538670539856
YBR120C,YOR275C,0,0.5745552,0.11783769726753235,0.8964496850967407,0.681454062461853
YMR228W,YDR218C,0,0.57419854,0.11782242357730865,0.8964496850967407,0.6815541982650757
YCL074W,YGL186C,0,0.5740397,0.11780715733766556,0.8964496850967407,0.6816543340682983
YKR020W,YPL259C,0,0.57393765,0.11779189109802246,0.8964496850967407,0.681754469871521
YBR006W,YLL034C,0,0.5737877,0.11777662485837936,0.8964496850967407,0.6818546056747437
YLR187W,YBL085W,0,0.5735886,0.11776136606931686,0.8964496850967407,0.6819547414779663
YGR264C,YBR115C,0,0.57357335,0.11774611473083496,0.8964496850967407,0.682054877281189
YBR275C,YMR321C,0,0.5731172,0.11773086339235306,0.8964496850967407,0.6821550130844116
YOL010W,YKR036C,0,0.5730581,0.11771561950445175,0.8964496850967407,0.6822551488876343
YDR226W,YMR304W,0,0.5725954,0.11770037561655045,0.8964496850967407,0.6823552846908569
YJR092W,YOL052C,0,0.57198036,0.11768513917922974,0.8964496850967407,0.6824554204940796
YNL223W,YPR043W,0,0.57187915,0.11766990274190903,0.8964496850967407,0.6825555562973022
YMR089C,YNR067C,0,0.57146907,0.11765467375516891,0.8964496850967407,0.6826556921005249
YNR074C,YMR169C,0,0.57106745,0.1176394447684288,0.8964496850967407,0.6827558875083923
YLR244C,YJL117W,0,0.5709897,0.11762422323226929,0.8964496850967407,0.682856023311615
YLL004W,YCL003W,0,0.57088476,0.11760900169610977,0.8964496850967407,0.6829561591148376
YEL069C,YJL095W,0,0.5705191,0.11759378761053085,0.8964496850967407,0.6830562949180603
YGR095C,YFL010W-A,0,0.56999624,0.11757858097553253,0.8964496850967407,0.683156430721283
YLL003W,YPL183W-A,0,0.5699313,0.11756337434053421,0.8964496850967407,0.6832565665245056
YDR195W,YOR338W,0,0.56897855,0.11754816770553589,0.8964496850967407,0.6833567023277283
YFR029W,YEL062W,0,0.56758857,0.11753296852111816,0.8964496850967407,0.6834568381309509
YDL133C-A,YOR299W,0,0.56695765,0.11751777678728104,0.8964496850967407,0.6835569739341736
YLR295C,YDR527W,0,0.56679475,0.11750258505344391,0.8964496850967407,0.6836571097373962
YLR314C,YCR012W,0,0.5667095,0.11748740077018738,0.8964496850967407,0.6837572455406189
YLR329W,YBL098W,0,0.5660449,0.11747221648693085,0.8964496850967407,0.6838573813438416
YGL068W,YBL034C,0,0.5653757,0.11745703220367432,0.8964496850967407,0.6839575171470642
YPL223C,YPL050C,0,0.5651545,0.11744186282157898,0.8964496850967407,0.6840576529502869
YPL213W,YNL202W,0,0.5650581,0.11742668598890305,0.8964496850967407,0.6841578483581543
YPL240C,YAL040C,0,0.5650239,0.1174115240573883,0.8964496850967407,0.684257984161377
YKR101W,YKL053C-A,0,0.5646373,0.11739635467529297,0.8964496850967407,0.6843581199645996
YDR304C,YDR381C-A,0,0.56435513,0.11738120019435883,0.8964496850967407,0.6844582557678223
YBL011W,YLR251W,0,0.56410474,0.11736604571342468,0.8964496850967407,0.6845583915710449
YLR105C,YER165W,0,0.56321174,0.11735089123249054,0.8964496850967407,0.6846585273742676
YOL104C,YLR288C,1,0.563113,0.1174648255109787,0.8974359035491943,0.6846585273742676
YBR261C,YDL202W,0,0.5628536,0.11744966357946396,0.8974359035491943,0.6847586631774902
YML006C,YOR285W,0,0.56233,0.11743450909852982,0.8974359035491943,0.6848587989807129
YBR195C,YGL037C,0,0.5617301,0.11741935461759567,0.8974359035491943,0.6849589347839355
YJR147W,YPR190C,0,0.5617243,0.11740420758724213,0.8974359035491943,0.6850590705871582
YMR284W,YMR145C,0,0.56128794,0.11738906055688858,0.8974359035491943,0.6851592063903809
YNL073W,YLR025W,0,0.5611802,0.11737392097711563,0.8974359035491943,0.6852593421936035
YML028W,YFL023W,0,0.56097364,0.11735878139734268,0.8974359035491943,0.6853594779968262
YFL013C,YPR133W-A,0,0.560857,0.11734364926815033,0.8974359035491943,0.6854596138000488
YMR008C,YFL013C,0,0.5594059,0.11732851713895798,0.8974359035491943,0.6855598092079163
YKL200C,YHR058C,0,0.55910885,0.11731339246034622,0.8974359035491943,0.6856599450111389
YNL016W,YPR133W-A,0,0.5583819,0.11729827523231506,0.8974359035491943,0.6857600808143616
YKR036C,YGR264C,0,0.55824065,0.1172831580042839,0.8974359035491943,0.6858602166175842
YGR034W,YNR035C,0,0.5580104,0.11726804077625275,0.8974359035491943,0.6859603524208069
YPL002C,YKL061W,0,0.55742055,0.11725293099880219,0.8974359035491943,0.6860604882240295
YDR083W,YNL202W,0,0.5565425,0.11723782867193222,0.8974359035491943,0.6861606240272522
YLR005W,YNL274C,0,0.5564828,0.11722272634506226,0.8974359035491943,0.6862607598304749
YDL206W,YFR052W,0,0.5564745,0.11720762401819229,0.8974359035491943,0.6863608956336975
YER013W,YCR060W,0,0.55645806,0.11719252914190292,0.8974359035491943,0.6864610314369202
YGL212W,YER019C-A,0,0.55600184,0.11717744171619415,0.8974359035491943,0.6865611672401428
YPR026W,YLR394W,0,0.5554395,0.11716235429048538,0.8974359035491943,0.6866613030433655
YPR002W,YDR497C,0,0.55526394,0.11714727431535721,0.8974359035491943,0.6867614388465881
YBL028C,YLR050C,0,0.5550408,0.11713219434022903,0.8974359035491943,0.6868616342544556
YOR317W,YLR160C,0,0.5544462,0.11711711436510086,0.8974359035491943,0.6869617700576782
YGR281W,YHR174W,0,0.55398226,0.11710204929113388,0.8974359035491943,0.6870619058609009
YJL114W,YLR452C,0,0.55377907,0.1170869767665863,0.8974359035491943,0.6871620416641235
YDL121C,YJR103W,0,0.55303895,0.11707191914319992,0.8974359035491943,0.6872621774673462
YDR527W,YGL256W,0,0.55293286,0.11705685406923294,0.8974359035491943,0.6873623132705688
YFR013W,YLR350W,0,0.55233127,0.11704180389642715,0.8974359035491943,0.6874624490737915
YOL129W,YBL029C-A,0,0.5518255,0.11702674627304077,0.8974359035491943,0.6875625848770142
YIL076W,YHR008C,0,0.5516851,0.11701170355081558,0.8974359035491943,0.6876627206802368
YGR175C,YLR394W,0,0.55096465,0.1169966608285904,0.8974359035491943,0.6877628564834595
YOR279C,YKL085W,0,0.55093396,0.1169816181063652,0.8974359035491943,0.6878629922866821
YPR171W,YNR067C,0,0.5506648,0.11696658283472061,0.8974359035491943,0.6879631280899048
YER154W,YPL011C,0,0.54988724,0.11695154756307602,0.8974359035491943,0.6880632638931274
YOL103W-B,YMR025W,0,0.54985803,0.11693651974201202,0.8974359035491943,0.6881633996963501
YLR447C,YER049W,0,0.54969776,0.11692149192094803,0.8974359035491943,0.6882635951042175
YNL284C-A,YMR210W,0,0.5490105,0.11690647155046463,0.8974359035491943,0.6883637309074402
YCL018W,YJL178C,0,0.54879785,0.11689145863056183,0.8974359035491943,0.6884638667106628
YKR036C,YNL282W,0,0.54865175,0.11687644571065903,0.8974359035491943,0.6885640025138855
YDL134C,YBR160W,1,0.5486098,0.1169898584485054,0.8984220623970032,0.6885640025138855
YMR228W,YGL259W,0,0.54806536,0.1169748306274414,0.8984220623970032,0.6886641383171082
YKL182W,YMR025W,0,0.54804254,0.1169598177075386,0.8984220623970032,0.6887642741203308
YLR305C,YER087W,0,0.5479052,0.1169447973370552,0.8984220623970032,0.6888644099235535
YDL179W,YBR276C,0,0.5476511,0.116929791867733,0.8984220623970032,0.6889645457267761
YKL038W,YKL015W,0,0.547111,0.1169147863984108,0.8984220623970032,0.6890646815299988
YOR393W,YER190W,0,0.54706186,0.11689978092908859,0.8984220623970032,0.6891648173332214
YML032C,YNL274C,0,0.54693186,0.11688478291034698,0.8984220623970032,0.6892649531364441
YML058W-A,YLR187W,0,0.54636085,0.11686978489160538,0.8984220623970032,0.6893650889396667
YBR230C,YNL078W,0,0.5459256,0.11685479432344437,0.8984220623970032,0.6894652247428894
YDL121C,YLR157C,0,0.5457266,0.11683981120586395,0.8984220623970032,0.6895654201507568
YOR291W,YBR145W,0,0.54542875,0.11682482808828354,0.8984220623970032,0.6896655559539795
YIL128W,YOR285W,0,0.5454191,0.11680984497070312,0.8984220623970032,0.6897656917572021
YJL006C,YCL026C-B,0,0.54538226,0.11679486930370331,0.8984220623970032,0.6898658275604248
YJR070C,YOR216C,0,0.54504144,0.11677990108728409,0.8984220623970032,0.6899659633636475
YLR264W,YNL259C,0,0.5448602,0.11676493287086487,0.8984220623970032,0.6900660991668701
YJL087C,YFL066C,0,0.5440609,0.11674996465444565,0.8984220623970032,0.6901662349700928
YJR051W,YHR082C,0,0.54405826,0.11673501133918762,0.8984220623970032,0.6902663707733154
YOR099W,YKL186C,0,0.54366606,0.116720050573349,0.8984220623970032,0.6903665065765381
YDR059C,YNL284C-A,0,0.5435208,0.11670509725809097,0.8984220623970032,0.6904666423797607
YER055C,YCL026C-B,0,0.542302,0.11669015139341354,0.8984220623970032,0.6905667781829834
YBR158W,YMR029C,1,0.54179686,0.11680328100919724,0.8994082808494568,0.6905667781829834
YAL038W,YFL021W,0,0.54170775,0.11678832024335861,0.8994082808494568,0.690666913986206
YHL012W,YOL038W,0,0.5416638,0.11677336692810059,0.8994082808494568,0.6907670497894287
YKL001C,YDR062W,0,0.53963464,0.11675842106342316,0.8994082808494568,0.6908671855926514
YDL121C,YDL028C,0,0.5394272,0.11674347519874573,0.8994082808494568,0.6909673810005188
YER014C-A,YOR025W,0,0.53892064,0.1167285293340683,0.8994082808494568,0.6910675168037415
YDL061C,YDR381C-A,0,0.53879005,0.11671359091997147,0.8994082808494568,0.6911676526069641
YKR036C,YGL259W,0,0.5386686,0.11669865995645523,0.8994082808494568,0.6912677884101868
YDR059C,YDR423C,0,0.53861207,0.116683728992939,0.8994082808494568,0.6913679242134094
YPL087W,YOR085W,0,0.53853214,0.11666879802942276,0.8994082808494568,0.6914680600166321
YER190W,YMR099C,0,0.53849864,0.11665387451648712,0.8994082808494568,0.6915681958198547
YDR309C,YAL040C,1,0.53830194,0.11676684767007828,0.9003944993019104,0.6915681958198547
YDR245W,YBR052C,0,0.53827256,0.11675191670656204,0.9003944993019104,0.6916683316230774
YGR052W,YJR021C,0,0.53723156,0.1167369931936264,0.9003944993019104,0.6917684674263
YPR080W,YHL034C,0,0.5370558,0.11672206968069077,0.9003944993019104,0.6918686032295227
YHR179W,YNL284C,0,0.5370026,0.11670714616775513,0.9003944993019104,0.6919687390327454
YMR270C,YLR301W,0,0.53694284,0.11669223010540009,0.9003944993019104,0.692068874835968
YDR498C,YPL096W,0,0.5369077,0.11667731404304504,0.9003944993019104,0.6921690106391907
YJL114W,YLR160C,0,0.5363444,0.1166624054312706,0.9003944993019104,0.6922692060470581
YLR344W,YGR070W,0,0.53612345,0.11664750427007675,0.9003944993019104,0.6923693418502808
YPR030W,YBL079W,0,0.53592354,0.1166326031088829,0.9003944993019104,0.6924694776535034
YAR002C-A,YCR087C-A,0,0.5358943,0.11661770194768906,0.9003944993019104,0.6925696134567261
YJL130C,YGL233W,0,0.5353836,0.1166028082370758,0.9003944993019104,0.6926697492599487
YOR317W,YER046W,0,0.53516257,0.11658792197704315,0.9003944993019104,0.6927698850631714
YJL194W,YOL113W,1,0.53328216,0.11670071631669998,0.9013806581497192,0.6927698850631714
YMR321C,YML036W,0,0.5315994,0.11668581515550613,0.9013806581497192,0.692870020866394
YER049W,YPR198W,0,0.5313815,0.11667092144489288,0.9013806581497192,0.6929701566696167
YHR029C,YGR167W,0,0.53132707,0.11665602773427963,0.9013806581497192,0.6930702924728394
YLR157C,YPL027W,0,0.5311971,0.11664114147424698,0.9013806581497192,0.693170428276062
YLR401C,YJR103W,0,0.5311149,0.11662626266479492,0.9013806581497192,0.6932705640792847
YHR156C,YER087C-B,0,0.53063303,0.11661138385534286,0.9013806581497192,0.6933706998825073
YNL050C,YCL026C-B,0,0.53013307,0.11659650504589081,0.9013806581497192,0.69347083568573
YOL145C,YDR245W,0,0.5297496,0.11658163368701935,0.9013806581497192,0.6935709714889526
YPR119W,YFR028C,1,0.52923596,0.11669430136680603,0.9023668766021729,0.6935709714889526
YMR077C,YJL117W,0,0.5281902,0.11667941510677338,0.9023668766021729,0.6936711668968201
YKL201C,YDR410C,0,0.52748525,0.11666454374790192,0.9023668766021729,0.6937713027000427
YJR051W,YLR344W,0,0.5270893,0.11664966493844986,0.9023668766021729,0.6938714385032654
YBR026C,YKR026C,0,0.52702004,0.116634801030159,0.9023668766021729,0.693971574306488
YPL218W,YOL040C,0,0.52674305,0.11661993712186813,0.9023668766021729,0.6940717101097107
YOL155C,YOR142W,0,0.5267163,0.11660507321357727,0.9023668766021729,0.6941718459129333
YPR011C,YNL307C,0,0.5263293,0.116590216755867,0.9023668766021729,0.694271981716156
YLR248W,YMR029C,1,0.5262688,0.11670276522636414,0.9033530354499817,0.694271981716156
YER175C,YPL050C,0,0.52611494,0.11668790131807327,0.9033530354499817,0.6943721175193787
YIR018W,YNL092W,0,0.52587485,0.11667303740978241,0.9033530354499817,0.6944722533226013
YML058W-A,YKL161C,0,0.5257183,0.11665817350149155,0.9033530354499817,0.694572389125824
YGR180C,YFR045W,0,0.525259,0.11664332449436188,0.9033530354499817,0.6946725249290466
YDR210C-C,YBR155W,0,0.52506995,0.11662846803665161,0.9033530354499817,0.6947726607322693
YOL158C,YER090W,0,0.52479964,0.11661361902952194,0.9033530354499817,0.6948727965354919
YPR144C,YPL094C,0,0.52474797,0.11659877747297287,0.9033530354499817,0.6949729919433594
YNL309W,YER190W,0,0.5237256,0.1165839359164238,0.9033530354499817,0.695073127746582
YOR239W,YLR151C,0,0.52336586,0.11656910181045532,0.9033530354499817,0.6951732635498047
YMR123W,YLR410W-B,0,0.5228881,0.11655426770448685,0.9033530354499817,0.6952733993530273
YDR306C,YCL003W,0,0.5225692,0.11653944104909897,0.9033530354499817,0.69537353515625
YKL013C,YLR312W-A,0,0.52253807,0.11652461439371109,0.9033530354499817,0.6954736709594727
YNL131W,YPR043W,0,0.52251285,0.11650979518890381,0.9033530354499817,0.6955738067626953
YER138C,YOL004W,0,0.52239436,0.11649497598409653,0.9033530354499817,0.695673942565918
YBR135W,YBL056W,1,0.5223888,0.11660732328891754,0.9043392539024353,0.695673942565918
YER154W,YMR077C,0,0.5221391,0.11659249663352966,0.9043392539024353,0.6957740783691406
YKL103C,YDR310C,0,0.5214171,0.11657767742872238,0.9043392539024353,0.6958742141723633
YDL179W,YBL052C,0,0.5205161,0.1165628582239151,0.9043392539024353,0.6959743499755859
YPR167C,YJR021C,0,0.5204593,0.11654803901910782,0.9043392539024353,0.6960744857788086
YPL094C,YKL189W,0,0.5196563,0.11653323471546173,0.9043392539024353,0.6961746215820312
YAR027W,YOL107W,0,0.5191758,0.11651842296123505,0.9043392539024353,0.6962747573852539
YJR147W,YDR146C,0,0.5189268,0.11650361865758896,0.9043392539024353,0.6963749527931213
YER177W,YPL200W,1,0.518777,0.11661585420370102,0.9053254723548889,0.6963749527931213
YPR119W,YCR055C,0,0.5186968,0.11660104244947433,0.9053254723548889,0.696475088596344
YBL112C,YGL183C,0,0.5184111,0.11658623069524765,0.9053254723548889,0.6965752243995667
YDR059C,YER090W,0,0.5178135,0.11657142639160156,0.9053254723548889,0.6966753602027893
YPR072W,YJL103C,0,0.51779604,0.11655662953853607,0.9053254723548889,0.696775496006012
YGR144W,YPL163C,0,0.5177388,0.11654183268547058,0.9053254723548889,0.6968756318092346
YNR017W,YOL151W,0,0.5176935,0.11652703583240509,0.9053254723548889,0.6969757676124573
YPR002W,YOL062C,0,0.51752514,0.1165122464299202,0.9053254723548889,0.6970759034156799
YGR175C,YJL176C,0,0.5173702,0.1164974644780159,0.9053254723548889,0.6971760392189026
YDR210C-C,YHR041C,0,0.51698726,0.1164826825261116,0.9053254723548889,0.6972761750221252
YER087C-B,YER104W,0,0.51656187,0.1164679005742073,0.9053254723548889,0.6973763108253479
YPL274W,YNL259C,0,0.5161578,0.1164531260728836,0.9053254723548889,0.6974764466285706
YMR276W,YKL206C,0,0.5156185,0.1164383590221405,0.9053254723548889,0.6975765824317932
YDR353W,YBR037C,0,0.5151447,0.1164235919713974,0.9053254723548889,0.6976767182350159
YDR064W,YDL040C,0,0.51505864,0.1164088249206543,0.9053254723548889,0.6977769136428833
YPL078C,YIL042C,0,0.5149892,0.11639406532049179,0.9053254723548889,0.697877049446106
YHR214C-B,YER175C,0,0.51447743,0.11637931317090988,0.9053254723548889,0.6979771852493286
YGR010W,YJL060W,0,0.514133,0.11636456102132797,0.9053254723548889,0.6980773210525513
YIL017W,YMR239C,0,0.5135787,0.11634980887174606,0.9053254723548889,0.6981774568557739
YDL142C,YGR185C,0,0.51290184,0.11633506417274475,0.9053254723548889,0.6982775926589966
YEL070W,YLR160C,0,0.512451,0.11632032692432404,0.9053254723548889,0.6983777284622192
YLR105C,YKL001C,0,0.51237196,0.11630558967590332,0.9053254723548889,0.6984778642654419
YER090W,YHR008C,0,0.5114092,0.1162908524274826,0.9053254723548889,0.6985780000686646
YKL078W,YBR061C,0,0.510976,0.11627612262964249,0.9053254723548889,0.6986781358718872
YBL101W-B,YOR025W,0,0.5109468,0.11626140028238297,0.9053254723548889,0.6987782716751099
YDL055C,YBR093C,0,0.51078784,0.11624667793512344,0.9053254723548889,0.6988784074783325
YOR243C,YNL079C,0,0.51018786,0.11623195558786392,0.9053254723548889,0.6989785432815552
YPR194C,YLR264W,0,0.5099764,0.116217240691185,0.9053254723548889,0.6990787386894226
YER150W,YOL090W,0,0.50892836,0.11620253324508667,0.9053254723548889,0.6991788744926453
YBR067C,YDL198C,0,0.50872654,0.11618782579898834,0.9053254723548889,0.6992790102958679
YLR163C,YLR160C,0,0.50859934,0.11617311835289001,0.9053254723548889,0.6993791460990906
YGR282C,YJL141C,0,0.5082673,0.11615841835737228,0.9053254723548889,0.6994792819023132
YKL217W,YBR243C,0,0.50797826,0.11614372581243515,0.9053254723548889,0.6995794177055359
YBR118W,YDL215C,0,0.50756747,0.11612903326749802,0.9053254723548889,0.6996795535087585
YOL103W-B,YJL066C,0,0.50733423,0.11611434072256088,0.9053254723548889,0.6997796893119812
YBR274W,YOR178C,1,0.506867,0.11622612923383713,0.9063116312026978,0.6997796893119812
YDL097C,YOL062C,0,0.5068446,0.1162114292383194,0.9063116312026978,0.6998798251152039
YHR030C,YBL028C,0,0.50646555,0.11619673669338226,0.9063116312026978,0.6999799609184265
YMR276W,YOR142W-B,0,0.5048182,0.11618205159902573,0.9063116312026978,0.7000800967216492
YDR109C,YAL029C,0,0.5044767,0.11616735905408859,0.9063116312026978,0.7001802325248718
YLR029C,YFL048C,0,0.5043197,0.11615268141031265,0.9063116312026978,0.7002803683280945
YCL074W,YMR272C,0,0.50406015,0.11613800376653671,0.9063116312026978,0.7003805041313171
YLL034C,YGR238C,0,0.5039693,0.11612332612276077,0.9063116312026978,0.7004806995391846
YPL042C,YML039W,0,0.50374347,0.11610865592956543,0.9063116312026978,0.7005808353424072
YOR388C,YFL038C,0,0.50293994,0.11609398573637009,0.9063116312026978,0.7006809711456299
YNL307C,YNR002C,0,0.5016503,0.11607932299375534,0.9063116312026978,0.7007811069488525
YNL095C,YLL019C,0,0.5009857,0.1160646602511406,0.9063116312026978,0.7008812427520752
YOR178C,YDR310C,1,0.5009773,0.11617628484964371,0.9072978496551514,0.7008812427520752
YNL117W,YGR105W,0,0.49922472,0.11616161465644836,0.9072978496551514,0.7009813785552979
YLR383W,YLR005W,0,0.49911225,0.11614695191383362,0.9072978496551514,0.7010815143585205
YDL245C,YKL205W,0,0.49898222,0.11613228917121887,0.9072978496551514,0.7011816501617432
YGL050W,YLR264W,0,0.49880254,0.11611763387918472,0.9072978496551514,0.7012817859649658
YFL038C,YNR002C,0,0.498734,0.11610297858715057,0.9072978496551514,0.7013819217681885
YKL007W,YKL038W,0,0.49868077,0.11608833074569702,0.9072978496551514,0.7014820575714111
YCR011C,YGR171C,0,0.49856472,0.11607368290424347,0.9072978496551514,0.7015821933746338
YDR419W,YGL259W,0,0.49819952,0.11605903506278992,0.9072978496551514,0.7016823291778564
YOR147W,YHR179W,0,0.49817294,0.11604440212249756,0.9072978496551514,0.7017825245857239
YPR196W,YDR263C,0,0.4977635,0.1160297617316246,0.9072978496551514,0.7018826603889465
YPL112C,YJL130C,0,0.4976229,0.11601512879133224,0.9072978496551514,0.7019827961921692
YOR206W,YOL104C,0,0.4967954,0.11600050330162048,0.9072978496551514,0.7020829319953918
YLR359W,YFL054C,0,0.49594635,0.11598587781190872,0.9072978496551514,0.7021830677986145
YPR204W,YNL084C,0,0.49587634,0.11597125977277756,0.9072978496551514,0.7022832036018372
YOL136C,YNL298W,0,0.49573937,0.11595664173364639,0.9072978496551514,0.7023833394050598
YOR382W,YGR214W,0,0.4956874,0.11594203114509583,0.9072978496551514,0.7024834752082825
YDR144C,YDL206W,0,0.4956687,0.11592742055654526,0.9072978496551514,0.7025836110115051
YBR075W,YMR115W,0,0.49548233,0.11591280996799469,0.9072978496551514,0.7026837468147278
YHR056C,YLR073C,0,0.49479628,0.11589821428060532,0.9072978496551514,0.7027838826179504
YPL099C,YBR075W,0,0.49476138,0.11588361114263535,0.9072978496551514,0.7028840184211731
YDR072C,YMR210W,0,0.49461117,0.11586901545524597,0.9072978496551514,0.7029841542243958
YDR451C,YML056C,0,0.49447894,0.1158544272184372,0.9072978496551514,0.7030842900276184
YDR517W,YLR248W,1,0.49436224,0.11596575379371643,0.9082840085029602,0.7030842900276184
YHR074W,YLR256W-A,0,0.49424967,0.11595115065574646,0.9082840085029602,0.7031844854354858
YLR206W,YLL019C,0,0.4941814,0.11593655496835709,0.9082840085029602,0.7032846212387085
YKL082C,YIL017W,0,0.49414158,0.11592196673154831,0.9082840085029602,0.7033847570419312
YDL217C,YLR153C,0,0.49410293,0.11590737849473953,0.9082840085029602,0.7034848928451538
YGL183C,YLR088W,0,0.49397683,0.11589279025793076,0.9082840085029602,0.7035850286483765
YKL200C,YGL046W,0,0.4934002,0.11587820947170258,0.9082840085029602,0.7036851644515991
YMR020W,YDL171C,0,0.49339,0.1158636286854744,0.9082840085029602,0.7037853002548218
YCL003W,YDR222W,0,0.4929846,0.11584905534982681,0.9082840085029602,0.7038854360580444
YMR284W,YKL061W,0,0.49261588,0.11583448946475983,0.9082840085029602,0.7039855718612671
YJL087C,YMR269W,0,0.49148256,0.11581991612911224,0.9082840085029602,0.7040857076644897
YGR144W,YMR319C,0,0.4914486,0.11580535769462585,0.9082840085029602,0.7041858434677124
YOR324C,YPL218W,0,0.49137104,0.11579079926013947,0.9082840085029602,0.7042859792709351
YPL147W,YMR200W,0,0.491246,0.11577624082565308,0.9082840085029602,0.7043861150741577
YHR004C,YDR109C,0,0.4909509,0.11576168984174728,0.9082840085029602,0.7044863104820251
YBR066C,YGR161W-B,0,0.4907475,0.11574713885784149,0.9082840085029602,0.7045864462852478
YBL101W-B,YDR195W,0,0.49063253,0.1157325953245163,0.9082840085029602,0.7046865820884705
YIL134W,YGL174W,0,0.49044347,0.1157180517911911,0.9082840085029602,0.7047867178916931
YGR229C,YDR363W-A,1,0.4903512,0.11582914739847183,0.9092702269554138,0.7047867178916931
YCR057C,YOR142W-A,0,0.48969755,0.11581459641456604,0.9092702269554138,0.7048868536949158
YNL262W,YNR002C,0,0.48961487,0.11580005288124084,0.9092702269554138,0.7049869894981384
YJR006W,YPR160W,0,0.48905957,0.11578550934791565,0.9092702269554138,0.7050871253013611
YNR031C,YJL053W,0,0.489029,0.11577096581459045,0.9092702269554138,0.7051872611045837
YOR243C,YGR032W,0,0.48897505,0.11575643718242645,0.9092702269554138,0.7052873969078064
YGR169C,YAR035W,0,0.4889294,0.11574190109968185,0.9092702269554138,0.705387532711029
YPL122C,YER052C,0,0.488698,0.11572737246751785,0.9092702269554138,0.7054876685142517
YER175C,YOR219C,0,0.48846203,0.11571285128593445,0.9092702269554138,0.7055878043174744
YCL032W,YER087C-B,0,0.48842505,0.11569833010435104,0.9092702269554138,0.705687940120697
YDL133C-A,YNL236W,0,0.48820442,0.11568381637334824,0.9092702269554138,0.7057880759239197
YDL208W,YMR273C,0,0.48788092,0.11566930264234543,0.9092702269554138,0.7058882713317871
YGL103W,YIL048W,0,0.4876983,0.11565478891134262,0.9092702269554138,0.7059884071350098
YBR002C,YER145C,0,0.48759156,0.11564028263092041,0.9092702269554138,0.7060885429382324
YDR144C,YHR132C,0,0.4873821,0.1156257838010788,0.9092702269554138,0.7061886787414551
YGR112W,YJR083C,0,0.4871426,0.11561128497123718,0.9092702269554138,0.7062888145446777
YBR187W,YPR091C,0,0.48712638,0.11559679359197617,0.9092702269554138,0.7063889503479004
YCL004W,YOR285W,0,0.48701066,0.11558230221271515,0.9092702269554138,0.706489086151123
YPR204W,YGL037C,0,0.48690322,0.11556781083345413,0.9092702269554138,0.7065892219543457
YMR046C,YFL001W,0,0.48649752,0.11555332690477371,0.9092702269554138,0.7066893577575684
YLR314C,YJR026W,0,0.48648897,0.11553885042667389,0.9092702269554138,0.706789493560791
YER125W,YMR194W,0,0.4864255,0.11552437394857407,0.9092702269554138,0.7068896293640137
YFL057C,YAR031W,0,0.48589942,0.11550989747047424,0.9092702269554138,0.7069897651672363
YMR269W,YKL189W,0,0.48556924,0.11549542844295502,0.9092702269554138,0.707089900970459
YDL121C,YAR035W,0,0.48541877,0.11548095941543579,0.9092702269554138,0.7071900367736816
YLR353W,YMR173W,0,0.4847198,0.11546649783849716,0.9092702269554138,0.7072902321815491
YCL014W,YJL134W,0,0.4840195,0.11545204371213913,0.9092702269554138,0.7073903679847717
YER087W,YMR115W,0,0.48401254,0.1154375895857811,0.9092702269554138,0.7074905037879944
YIL076W,YOR222W,0,0.4839198,0.11542313545942307,0.9092702269554138,0.707590639591217
YMR182C,YMR180C,0,0.48359838,0.11540868878364563,0.9092702269554138,0.7076907753944397
YPR026W,YJL192C,0,0.48332202,0.1153942421078682,0.9092702269554138,0.7077909111976624
YDL148C,YOR285W,0,0.48260736,0.11537980288267136,0.9092702269554138,0.707891047000885
YOR071C,YEL036C,0,0.4825869,0.11536536365747452,0.9092702269554138,0.7079911828041077
YDR457W,YJL144W,0,0.48256198,0.11535093188285828,0.9092702269554138,0.7080913186073303
YOR251C,YCL003W,0,0.48254314,0.11533650010824203,0.9092702269554138,0.708191454410553
YDR196C,YBL101W-B,0,0.482387,0.11532207578420639,0.9092702269554138,0.7082915902137756
YPL127C,YGR032W,0,0.48220682,0.11530765146017075,0.9092702269554138,0.7083917260169983
YGR282C,YIR005W,0,0.4821908,0.1152932345867157,0.9092702269554138,0.708491861820221
YOL086C,YML080W,0,0.482005,0.11527881771326065,0.9092702269554138,0.7085920572280884
YJL066C,YDR245W,0,0.4819895,0.1152644082903862,0.9092702269554138,0.708692193031311
YMR203W,YFL057C,0,0.4819103,0.11524999886751175,0.9092702269554138,0.7087923288345337
YGR238C,YJL194W,1,0.4818855,0.11536058038473129,0.9102563858032227,0.7087923288345337
YGR010W,YNL121C,0,0.48161379,0.11534616351127625,0.9102563858032227,0.7088924646377563
YJR147W,YLR028C,0,0.48124224,0.1153317540884018,0.9102563858032227,0.708992600440979
YNL032W,YCL060C,0,0.48043498,0.11531734466552734,0.9102563858032227,0.7090927362442017
YNR057C,YKL182W,0,0.48024368,0.1153029352426529,0.9102563858032227,0.7091928720474243
YNL307C,YDR496C,0,0.4801396,0.11528853327035904,0.9102563858032227,0.709293007850647
YDR254W,YIL135C,0,0.479895,0.11527413874864578,0.9102563858032227,0.7093931436538696
YDR451C,YGR098C,1,0.47982886,0.11538461595773697,0.9112426042556763,0.7093931436538696
YNL163C,YNL307C,0,0.4797929,0.11537020653486252,0.9112426042556763,0.7094932794570923
YDR414C,YDR449C,0,0.47966468,0.11535580456256866,0.9112426042556763,0.7095934152603149
YNL085W,YML128C,0,0.4795739,0.11534140259027481,0.9112426042556763,0.7096935510635376
YMR087W,YPR127W,0,0.4794345,0.11532700806856155,0.9112426042556763,0.7097936868667603
YLR165C,YMR145C,0,0.47919995,0.1153126135468483,0.9112426042556763,0.7098938226699829
YBR247C,YBR294W,0,0.47834802,0.11529822647571564,0.9112426042556763,0.7099940180778503
YLR452C,YLR009W,0,0.47834045,0.11528383940458298,0.9112426042556763,0.710094153881073
YOR388C,YNL027W,0,0.47772515,0.11526945978403091,0.9112426042556763,0.7101942896842957
YJL214W,YPL183W-A,0,0.47756386,0.11525508016347885,0.9112426042556763,0.7102944254875183
YGL180W,YAL017W,0,0.4774018,0.11524070799350739,0.9112426042556763,0.710394561290741
YMR032W,YBR067C,0,0.47730398,0.11522633582353592,0.9112426042556763,0.7104946970939636
YDR449C,YNR013C,0,0.47720307,0.11521197110414505,0.9112426042556763,0.7105948328971863
YNL095C,YBR282W,0,0.4771232,0.11519760638475418,0.9112426042556763,0.7106949687004089
YNR006W,YFR033C,0,0.47691858,0.11518324911594391,0.9112426042556763,0.7107951045036316
YER185W,YNL335W,0,0.47651345,0.11516889184713364,0.9112426042556763,0.7108952403068542
YNL117W,YKL201C,0,0.47584176,0.11515453457832336,0.9112426042556763,0.7109953761100769
YLL061W,YGL259W,0,0.4756287,0.11514018476009369,0.9112426042556763,0.7110955119132996
YMR117C,YOL136C,0,0.4754144,0.11512584239244461,0.9112426042556763,0.7111956477165222
YEL069C,YBR260C,0,0.4752558,0.11511150002479553,0.9112426042556763,0.7112958431243896
YBR042C,YJL117W,0,0.4751572,0.11509715765714645,0.9112426042556763,0.7113959789276123
YAL040C,YLR238W,1,0.4748606,0.11520737409591675,0.9122288227081299,0.7113959789276123
YML032C,YOL129W,0,0.4743497,0.11519302427768707,0.9122288227081299,0.711496114730835
YPL183W-A,YDR195W,0,0.4740431,0.115178681910038,0.9122288227081299,0.7115962505340576
YBR260C,YPR113W,0,0.47390175,0.11516433954238892,0.9122288227081299,0.7116963863372803
YBR095C,YLR042C,0,0.47381675,0.11515000462532043,0.9122288227081299,0.7117965221405029
YLL002W,YLL045C,0,0.47367254,0.11513566970825195,0.9122288227081299,0.7118966579437256
YGR143W,YER190W,0,0.4736405,0.11512134224176407,0.9122288227081299,0.7119967937469482
YJR107W,YBR006W,0,0.4735706,0.11510701477527618,0.9122288227081299,0.7120969295501709
YBR294W,YOL028C,0,0.4734642,0.1150926947593689,0.9122288227081299,0.7121970653533936
YOL112W,YPR137W,0,0.47277015,0.11507837474346161,0.9122288227081299,0.7122972011566162
YER145C,YIL048W,0,0.47250533,0.11506406217813492,0.9122288227081299,0.7123973369598389
YCL025C,YGL259W,0,0.47173643,0.11504974961280823,0.9122288227081299,0.7124974727630615
YAL038W,YHR057C,0,0.47155404,0.11503544449806213,0.9122288227081299,0.7125976085662842
YDR411C,YAL038W,0,0.47135472,0.11502113938331604,0.9122288227081299,0.7126978039741516
YMR005W,YNL175C,0,0.47101757,0.11500684171915054,0.9122288227081299,0.7127979397773743
YLR305C,YPL183W-A,0,0.47100395,0.11499254405498505,0.9122288227081299,0.7128980755805969
YEL070W,YMR270C,0,0.47082967,0.11497824639081955,0.9122288227081299,0.7129982113838196
YJR004C,YPR111W,0,0.47008502,0.11496395617723465,0.9122288227081299,0.7130983471870422
YER014C-A,YLL017W,0,0.4700794,0.11494967341423035,0.9122288227081299,0.7131984829902649
YCL003W,YDR508C,0,0.4699368,0.11493539065122604,0.9122288227081299,0.7132986187934875
YPR026W,YCL034W,0,0.4696589,0.11492110788822174,0.9122288227081299,0.7133987545967102
YJR051W,YNL307C,0,0.46955872,0.11490683257579803,0.9122288227081299,0.7134988903999329
YJL117W,YBL098W,0,0.46945208,0.11489255726337433,0.9122288227081299,0.7135990262031555
YDR405W,YDL171C,0,0.46899438,0.11487828940153122,0.9122288227081299,0.7136991620063782
YAL038W,YLR164W,0,0.4687186,0.11486402899026871,0.9122288227081299,0.7137992978096008
YJR127C,YPL200W,0,0.46863735,0.1148497611284256,0.9122288227081299,0.7138994336128235
YPR001W,YHR156C,0,0.4685946,0.11483550816774368,0.9122288227081299,0.7139996290206909
YDR517W,YDL056W,1,0.46811846,0.11494538187980652,0.9132149815559387,0.7139996290206909
YGL183C,YBR173C,0,0.46785885,0.11493111401796341,0.9132149815559387,0.7140997648239136
YOR071C,YNR044W,0,0.46784154,0.1149168536067009,0.9132149815559387,0.7141999006271362
YIL134W,YGR255C,0,0.466608,0.11490259319543839,0.9132149815559387,0.7143000364303589
YHR002W,YKL200C,0,0.46654418,0.11488834023475647,0.9132149815559387,0.7144001722335815
YJL171C,YKR069W,0,0.46648872,0.11487408727407455,0.9132149815559387,0.7145003080368042
YJR151C,YPR149W,0,0.466471,0.11485983431339264,0.9132149815559387,0.7146004438400269
YBL076C,YGR239C,0,0.46637514,0.11484558880329132,0.9132149815559387,0.7147005796432495
YML058W-A,YNL302C,0,0.46635073,0.1148313507437706,0.9132149815559387,0.7148007154464722
YGR167W,YLR348C,0,0.46596268,0.11481711268424988,0.9132149815559387,0.7149008512496948
YPR113W,YPL094C,0,0.46509302,0.11480287462472916,0.9132149815559387,0.7150009870529175
YDR261W-A,YJL206C,0,0.46413693,0.11478864401578903,0.9132149815559387,0.7151011228561401
YGL112C,YDL078C,0,0.46382365,0.1147744208574295,0.9132149815559387,0.7152012586593628
YOR219C,YCL025C,0,0.46309644,0.11476019024848938,0.9132149815559387,0.7153013944625854
YCL003W,YMR159C,0,0.46276933,0.11474597454071045,0.9132149815559387,0.7154015898704529
YGR258C,YGL103W,0,0.4626402,0.11473175883293152,0.9132149815559387,0.7155017256736755
YOL086C,YJR032W,0,0.46255985,0.11471754312515259,0.9132149815559387,0.7156018614768982
YOL124C,YPR001W,0,0.46248713,0.11470333486795425,0.9132149815559387,0.7157019972801208
YLR395C,YJL004C,0,0.4616472,0.11468912661075592,0.9132149815559387,0.7158021330833435
YMR005W,YEL036C,0,0.46153018,0.11467492580413818,0.9132149815559387,0.7159022688865662
YMR276W,YDR226W,0,0.46151417,0.11466072499752045,0.9132149815559387,0.7160024046897888
YAL040C,YDR470C,0,0.46114653,0.11464652419090271,0.9132149815559387,0.7161025404930115
YDR261C-D,YGR027C,0,0.46096778,0.11463233828544617,0.9132149815559387,0.7162026762962341
YAL033W,YBR052C,0,0.46084332,0.11461814492940903,0.9132149815559387,0.7163028120994568
YOR237W,YEL029C,0,0.4603557,0.11460395902395248,0.9132149815559387,0.7164029479026794
YGL062W,YDR281C,0,0.45989445,0.11458978056907654,0.9132149815559387,0.7165030837059021
YDL061C,YMR099C,0,0.4594172,0.11457560211420059,0.9132149815559387,0.7166032195091248
YMR272C,YER074W,0,0.45928392,0.11456142365932465,0.9132149815559387,0.7167033553123474
YOR283W,YGR285C,0,0.45928243,0.1145472526550293,0.9132149815559387,0.7168035507202148
YJL191W,YGL113W,0,0.4590432,0.11453308910131454,0.9132149815559387,0.7169036865234375
YBR261C,YOR340C,0,0.4587956,0.1145189180970192,0.9132149815559387,0.7170038223266602
YNR006W,YGR070W,0,0.45873156,0.11450476199388504,0.9132149815559387,0.7171039581298828
YKL103C,YAL031C,0,0.4586646,0.11449060589075089,0.9132149815559387,0.7172040939331055
YOR204W,YMR229C,0,0.45859385,0.11447644978761673,0.9132149815559387,0.7173042297363281
YJL124C,YPL183W-A,0,0.45847493,0.11446230113506317,0.9132149815559387,0.7174043655395508
YPR080W,YKL074C,0,0.45816407,0.11444815248250961,0.9132149815559387,0.7175045013427734
YDR030C,YGR175C,0,0.4580926,0.11443401128053665,0.9132149815559387,0.7176046371459961
YFL014W,YLR227W-B,0,0.45791414,0.11441987007856369,0.9132149815559387,0.7177047729492188
YAR035W,YBR031W,0,0.4575023,0.11440573632717133,0.9132149815559387,0.7178049087524414
YNR074C,YDL078C,0,0.45743775,0.11439160257577896,0.9132149815559387,0.7179050445556641
YGL112C,YJL144W,0,0.456982,0.1143774688243866,0.9132149815559387,0.7180051803588867
YFL035C,YOR230W,1,0.45612013,0.11448684334754944,0.9142012000083923,0.7180051803588867
YDR411C,YCL025C,0,0.45605835,0.11447270959615707,0.9142012000083923,0.7181053757667542
YPL110C,YKR068C,0,0.45601517,0.11445857584476471,0.9142012000083923,0.7182055115699768
YGR214W,YPR152C,0,0.4559968,0.11444444209337234,0.9142012000083923,0.7183056473731995
YAR002C-A,YOR355W,0,0.4559285,0.11443031579256058,0.9142012000083923,0.7184057831764221
YLR380W,YBR042C,0,0.4554101,0.1144161969423294,0.9142012000083923,0.7185059189796448
YPL151C,YDL215C,0,0.45402163,0.11440207064151764,0.9142012000083923,0.7186060547828674
YBR156C,YFL035C,1,0.45386064,0.11451135575771332,0.9151873588562012,0.7186060547828674
YPR072W,YPL134C,0,0.4531114,0.11449722200632095,0.9151873588562012,0.7187061905860901
YIL108W,YCR080W,0,0.45300603,0.11448309570550919,0.9151873588562012,0.7188063263893127
YBL029C-A,YPL098C,0,0.45276868,0.11446897685527802,0.9151873588562012,0.7189064621925354
YHR174W,YGL046W,0,0.45273408,0.11445485800504684,0.9151873588562012,0.7190065979957581
YEL069C,YER087C-B,0,0.4525357,0.11444074660539627,0.9151873588562012,0.7191067337989807
YHR005C-A,YGL212W,0,0.45231032,0.1144266352057457,0.9151873588562012,0.7192068696022034
YGL158W,YPL196W,0,0.45186856,0.11441252380609512,0.9151873588562012,0.719307005405426
YJL192C,YHR109W,0,0.45173,0.11439841985702515,0.9151873588562012,0.7194071412086487
YOR054C,YDR405W,0,0.4512602,0.11438432335853577,0.9151873588562012,0.7195073366165161
YJL200C,YKL210W,0,0.45101446,0.11437022686004639,0.9151873588562012,0.7196074724197388
YNL236W,YLR380W,0,0.45048153,0.114356130361557,0.9151873588562012,0.7197076082229614
YIL095W,YBR067C,0,0.4504289,0.11434204131364822,0.9151873588562012,0.7198077440261841
YGR145W,YOL062C,0,0.45039606,0.11432795226573944,0.9151873588562012,0.7199078798294067
YDR337W,YDR262W,0,0.4503058,0.11431387066841125,0.9151873588562012,0.7200080156326294
YDR527W,YER130C,0,0.45025492,0.11429978907108307,0.9151873588562012,0.720108151435852
YLR314C,YPR119W,0,0.4500246,0.11428571492433548,0.9151873588562012,0.7202082872390747
YMR093W,YOR313C,0,0.44992352,0.11427164077758789,0.9151873588562012,0.7203084230422974
YMR194W,YDL170W,0,0.44966888,0.1142575740814209,0.9151873588562012,0.72040855884552
YGR077C,YOR294W,0,0.44963926,0.1142435073852539,0.9151873588562012,0.7205086946487427
YGL186C,YCR097WB,0,0.44933867,0.11422944068908691,0.9151873588562012,0.7206088304519653
YNR004W,YGL226C-A,0,0.44771612,0.11421538144350052,0.9151873588562012,0.720708966255188
YCL003W,YNL219C,0,0.44752726,0.11420132964849472,0.9151873588562012,0.7208091616630554
YOL158C,YJR112W,0,0.44716904,0.11418727785348892,0.9151873588562012,0.7209092974662781
YKL200C,YNL079C,0,0.4469923,0.11417322605848312,0.9151873588562012,0.7210094332695007
YGL050W,YDR261W-A,0,0.44689065,0.11415918171405792,0.9151873588562012,0.7211095690727234
YFR033C,YLR391W,0,0.44683743,0.11414514482021332,0.9151873588562012,0.721209704875946
YGL212W,YLR410W-B,0,0.44667545,0.11413110047578812,0.9151873588562012,0.7213098406791687
YPL113C,YDR416W,0,0.44666302,0.11411707103252411,0.9151873588562012,0.7214099764823914
YKL200C,YDR170C,0,0.4465952,0.1141030341386795,0.9151873588562012,0.721510112285614
YPR137C-A,YBR173C,0,0.44577017,0.1140890121459961,0.9151873588562012,0.7216102480888367
YOR243C,YLR050C,0,0.4456502,0.11407498270273209,0.9151873588562012,0.7217103838920593
YDL121C,YDR164C,0,0.4452416,0.11406096071004868,0.9151873588562012,0.721810519695282
YOL142W,YIL088C,0,0.4449303,0.11404694616794586,0.9151873588562012,0.7219106554985046
YDR419W,YOL040C,0,0.44458294,0.11403293162584305,0.9151873588562012,0.7220107913017273
YLL051C,YDL036C,0,0.4443785,0.11401892453432083,0.9151873588562012,0.72211092710495
YBR075W,YGL174W,0,0.4443747,0.11400491744279861,0.9151873588562012,0.7222111225128174
YNL297C,YJL130C,0,0.44431457,0.1139909103512764,0.9151873588562012,0.72231125831604
YMR176W,YOL104C,0,0.4442619,0.11397691071033478,0.9151873588562012,0.7224113941192627
YOR304C-A,YJR034W,0,0.44403917,0.11396291106939316,0.9151873588562012,0.7225115299224854
YIL140W,YDR381C-A,0,0.4438715,0.11394891887903214,0.9151873588562012,0.722611665725708
YOR317W,YKL094W,0,0.44345665,0.11393492668867111,0.9151873588562012,0.7227118015289307
YDR405W,YPL002C,0,0.44341832,0.11392094194889069,0.9151873588562012,0.7228119373321533
YLR029C,YPL147W,0,0.4434024,0.11390695720911026,0.9151873588562012,0.722912073135376
YLL051C,YNL230C,0,0.44328037,0.11389297991991043,0.9151873588562012,0.7230122089385986
YGL019W,YDL040C,0,0.44322884,0.1138790026307106,0.9151873588562012,0.7231123447418213
YJL178C,YNL239W,0,0.4429835,0.11386503279209137,0.9151873588562012,0.723212480545044
YPR158C-C,YJL134W,0,0.4429456,0.11385106295347214,0.9151873588562012,0.7233126163482666
YOL136C,YLR153C,0,0.44265503,0.1138370931148529,0.9151873588562012,0.7234127521514893
YOL001W,YJL106W,1,0.44216,0.11394578963518143,0.9161735773086548,0.7234127521514893
YMR173W,YPL208W,0,0.4419762,0.1139318123459816,0.9161735773086548,0.7235129475593567
YDL217C,YKR006C,0,0.44196904,0.11391784250736237,0.9161735773086548,0.7236130833625793
YDL022W,YKL205W,0,0.44192252,0.11390387266874313,0.9161735773086548,0.723713219165802
YJR032W,YNR072W,0,0.44074702,0.1138899102807045,0.9161735773086548,0.7238133549690247
YDR512C,YAL024C,0,0.4405961,0.11387594789266586,0.9161735773086548,0.7239134907722473
YER150W,YMR186W,0,0.4400528,0.11386199295520782,0.9161735773086548,0.72401362657547
YER190W,YIL047C,0,0.4398431,0.11384803801774979,0.9161735773086548,0.7241137623786926
YLR203C,YPL259C,0,0.43981773,0.11383409053087234,0.9161735773086548,0.7242138981819153
YOR251C,YDR497C,0,0.43965566,0.1138201430439949,0.9161735773086548,0.7243140339851379
YPR200C,YGR155W,0,0.43953407,0.11380619555711746,0.9161735773086548,0.7244141697883606
YOR176W,YPR163C,0,0.43948418,0.11379225552082062,0.9161735773086548,0.7245143055915833
YMR186W,YEL062W,0,0.4394549,0.11377832293510437,0.9161735773086548,0.7246144413948059
YPR113W,YDR218C,0,0.43918395,0.11376439034938812,0.9161735773086548,0.7247145771980286
YIL017W,YNL092W,0,0.4390813,0.11375045776367188,0.9161735773086548,0.7248147130012512
YMR276W,YPL257W-B,0,0.43883175,0.11373653262853622,0.9161735773086548,0.7249149084091187
YGR143W,YGL046W,0,0.43880844,0.11372260749340057,0.9161735773086548,0.7250150442123413
YDL245C,YLR160C,0,0.43869618,0.11370868980884552,0.9161735773086548,0.725115180015564
YBL101W-B,YFL023W,0,0.4383133,0.11369477212429047,0.9161735773086548,0.7252153158187866
YMR136W,YML132W,0,0.4383027,0.11368086189031601,0.9161735773086548,0.7253154516220093
YOL026C,YBR026C,0,0.43818805,0.11366695165634155,0.9161735773086548,0.7254155874252319
YDL142C,YJL082W,0,0.43797547,0.11365304887294769,0.9161735773086548,0.7255157232284546
YML058W-A,YNL273W,1,0.4379351,0.11376146972179413,0.9171597361564636,0.7255157232284546
YOL111C,YDR226W,0,0.43778914,0.11374755203723907,0.9171597361564636,0.7256158590316772
YJR147W,YMR319C,0,0.43734878,0.11373364180326462,0.9171597361564636,0.7257159948348999
YDR461W,YGL113W,0,0.4373025,0.11371973901987076,0.9171597361564636,0.7258161306381226
YMR168C,YOL158C,0,0.43710935,0.1137058287858963,0.9171597361564636,0.7259162664413452
YDR167W,YGR177C,0,0.43681794,0.11369193345308304,0.9171597361564636,0.7260164022445679
YOL142W,YBR118W,0,0.43676242,0.11367803812026978,0.9171597361564636,0.7261165380477905
YMR241W,YMR186W,0,0.43567884,0.11366414278745651,0.9171597361564636,0.7262166738510132
YDR079W,YBL113C,0,0.43539807,0.11365024745464325,0.9171597361564636,0.7263168692588806
YOR216C,YNL284C,0,0.4353337,0.11363636702299118,0.9171597361564636,0.7264170050621033
YPL150W,YBL076C,0,0.435246,0.11362247914075851,0.9171597361564636,0.7265171408653259
YEL031W,YNL006W,0,0.43511078,0.11360859870910645,0.9171597361564636,0.7266172766685486
YGL209W,YOR351C,0,0.43496162,0.11359472572803497,0.9171597361564636,0.7267174124717712
YNL122C,YHR008C,0,0.43484622,0.1135808527469635,0.9171597361564636,0.7268175482749939
YLR244C,YLR187W,0,0.43450028,0.11356697976589203,0.9171597361564636,0.7269176840782166
YPR182W,YDR453C,0,0.43431395,0.11355311423540115,0.9171597361564636,0.7270178198814392
YPR144C,YER052C,0,0.4342233,0.11353924870491028,0.9171597361564636,0.7271179556846619
YDL133C-A,YKR020W,0,0.43392646,0.113525390625,0.9171597361564636,0.7272180914878845
YDR518W,YIL017W,0,0.4338292,0.11351153254508972,0.9171597361564636,0.7273182272911072
YMR182C,YDR296W,0,0.43376765,0.11349768191576004,0.9171597361564636,0.7274183630943298
YAL033W,YHR214C-B,0,0.4334817,0.11348383128643036,0.9171597361564636,0.7275184988975525
YDR351W,YDL084W,0,0.4332568,0.11346998810768127,0.9171597361564636,0.7276186943054199
YGL180W,YOL038W,0,0.43304625,0.11345614492893219,0.9171597361564636,0.7277188301086426
YPR011C,YJR151C,0,0.43303716,0.1134423017501831,0.9171597361564636,0.7278189659118652
YAL054C,YER171W,0,0.43300748,0.11342846602201462,0.9171597361564636,0.7279191017150879
YBL076C,YNL006W,0,0.43278372,0.11341463774442673,0.9171597361564636,0.7280192375183105
YOR138C,YBL091C-A,0,0.4319009,0.11340080201625824,0.9171597361564636,0.7281193733215332
YDR261W-A,YBR074W,0,0.43183792,0.11338698118925095,0.9171597361564636,0.7282195091247559
YCR093W,YLR047C,0,0.431651,0.11337315291166306,0.9171597361564636,0.7283196449279785
YKL085W,YLR391W,0,0.43094683,0.11335933953523636,0.9171597361564636,0.7284197807312012
YBR059C,YGR084C,0,0.4309195,0.11334551870822906,0.9171597361564636,0.7285199165344238
YCL060C,YDR404C,0,0.43086913,0.11333170533180237,0.9171597361564636,0.7286200523376465
YDL121C,YNL027W,0,0.43056166,0.11331789940595627,0.9171597361564636,0.7287201881408691
YAL033W,YDR472W,0,0.43004018,0.11330409348011017,0.9171597361564636,0.7288203239440918
YOL103W-B,YAL054C,0,0.42913747,0.11329028755426407,0.9171597361564636,0.7289204597473145
YLR043C,YNL284C-A,0,0.42907357,0.11327648907899857,0.9171597361564636,0.7290206551551819
YMR093W,YBR141C,0,0.42903465,0.11326269805431366,0.9171597361564636,0.7291207909584045
YMR169C,YNL232W,0,0.42879066,0.11324890702962875,0.9171597361564636,0.7292209267616272
YNL230C,YNR044W,0,0.42814887,0.11323511600494385,0.9171597361564636,0.7293210625648499
YBL051C,YCL060C,1,0.42804563,0.11334307491779327,0.9181459546089172,0.7293210625648499
YLR300W,YKL210W,0,0.42735893,0.11332927644252777,0.9181459546089172,0.7294211983680725
YKL180W,YOL158C,0,0.42636484,0.11331548541784286,0.9181459546089172,0.7295213341712952
YLR391W,YLR151C,0,0.4263227,0.11330169439315796,0.9181459546089172,0.7296214699745178
YGR169C,YBR182C,0,0.42629677,0.11328790336847305,0.9181459546089172,0.7297216057777405
YER055C,YPR133W-A,0,0.4255009,0.11327411979436874,0.9181459546089172,0.7298217415809631
YDL059C,YOR292C,0,0.4253319,0.11326034367084503,0.9181459546089172,0.7299218773841858
YJL213W,YMR034C,0,0.42525625,0.11324656009674072,0.9181459546089172,0.7300220131874084
YBR271W,YOR251C,0,0.42516816,0.11323279142379761,0.9181459546089172,0.7301221489906311
YPL078C,YOL104C,0,0.42490494,0.11321902275085449,0.9181459546089172,0.7302222847938538
YHL012W,YOR261C,0,0.424817,0.11320525407791138,0.9181459546089172,0.7303224802017212
YOR388C,YDR496C,0,0.4246744,0.11319149285554886,0.9181459546089172,0.7304226160049438
YDR351W,YLR197W,0,0.4224709,0.11317773163318634,0.9181459546089172,0.7305227518081665
YKL182W,YOR382W,0,0.42119506,0.11316397041082382,0.9181459546089172,0.7306228876113892
YLR043C,YGL051W,0,0.42100462,0.1131502166390419,0.9181459546089172,0.7307230234146118
YOR187W,YDR138W,0,0.42075858,0.11313647031784058,0.9181459546089172,0.7308231592178345
YMR020W,YNR072W,0,0.4205998,0.11312272399663925,0.9181459546089172,0.7309232950210571
YDL198C,YBR238C,0,0.4205799,0.11310897767543793,0.9181459546089172,0.7310234308242798
YBL091C-A,YMR034C,0,0.42049068,0.1130952388048172,0.9181459546089172,0.7311235666275024
YFR029W,YBR006W,0,0.4199752,0.11308149993419647,0.9181459546089172,0.7312237024307251
YPR182W,YDL036C,0,0.41957867,0.11306776851415634,0.9181459546089172,0.7313238382339478
YFR018C,YCR055C,0,0.41833174,0.11305403709411621,0.9181459546089172,0.7314239740371704
YGR229C,YHR109W,0,0.4176527,0.11304031312465668,0.9181459546089172,0.7315241098403931
YHR074W,YCR011C,0,0.4174897,0.11302658915519714,0.9181459546089172,0.7316242456436157
YKL171W,YPL099C,0,0.41741508,0.11301286518573761,0.9181459546089172,0.7317244410514832
YLL051C,YPR187W,0,0.4173315,0.11299914866685867,0.9181459546089172,0.7318245768547058
YHR056C,YGL046W,0,0.4169653,0.11298543959856033,0.9181459546089172,0.7319247126579285
YDR381C-A,YCR012W,0,0.41644305,0.1129717230796814,0.9181459546089172,0.7320248484611511
YHR014W,YLR079W,1,0.41634905,0.11307934671640396,0.9191321730613708,0.7320248484611511
YBR031W,YOR261C,0,0.41628087,0.11306563019752502,0.9191321730613708,0.7321249842643738
YDR026C,YAL063C,0,0.41598433,0.11305191367864609,0.9191321730613708,0.7322251200675964
YLR329W,YGL216W,0,0.41585755,0.11303820461034775,0.9191321730613708,0.7323252558708191
YKL200C,YIL108W,0,0.41507402,0.11302449554204941,0.9191321730613708,0.7324253916740417
YLR256W-A,YOR294W,0,0.4146211,0.11301079392433167,0.9191321730613708,0.7325255274772644
YKL170W,YLR042C,0,0.41432625,0.11299709230661392,0.9191321730613708,0.7326256632804871
YNL032W,YPL129W,0,0.4137443,0.11298339068889618,0.9191321730613708,0.7327257990837097
YOR239W,YPL218W,0,0.41362113,0.11296969652175903,0.9191321730613708,0.7328259348869324
YPR198W,YPR006C,0,0.41332635,0.11295600235462189,0.9191321730613708,0.732926070690155
YDR210C-C,YML028W,0,0.4133128,0.11294231563806534,0.9191321730613708,0.7330262660980225
YNR067C,YMR160W,0,0.41320962,0.11292862892150879,0.9191321730613708,0.7331264019012451
YLR305C,YGL046W,0,0.41292018,0.11291494965553284,0.9191321730613708,0.7332265377044678
YGL068W,YLL043W,0,0.41173688,0.11290127038955688,0.9191321730613708,0.7333266735076904
YOR054C,YNR035C,0,0.41148317,0.11288759857416153,0.9191321730613708,0.7334268093109131
YDL206W,YOR313C,0,0.41140467,0.11287392675876617,0.9191321730613708,0.7335269451141357
YDR167W,YBR118W,0,0.41089448,0.11286025494337082,0.9191321730613708,0.7336270809173584
YBL101W-B,YDR444W,0,0.4106755,0.11284659057855606,0.9191321730613708,0.733727216720581
YNL102W,YCL003W,0,0.41050807,0.1128329262137413,0.9191321730613708,0.7338273525238037
YDR492W,YPL104W,0,0.41045162,0.11281926929950714,0.9191321730613708,0.7339274883270264
YPR035W,YAL017W,0,0.41009775,0.11280561238527298,0.9191321730613708,0.734027624130249
YDR083W,YIR005W,0,0.41005027,0.11279196292161942,0.9191321730613708,0.7341277599334717
YOR204W,YKL095W,0,0.40940887,0.11277831345796585,0.9191321730613708,0.7342278957366943
YBL101W-B,YLR163C,0,0.4090209,0.11276467144489288,0.9191321730613708,0.734328031539917
YIL106W,YGL194C,1,0.40791202,0.11287200450897217,0.9201183319091797,0.734328031539917
YHR209W,YEL062W,0,0.40784454,0.1128583550453186,0.9201183319091797,0.7344282269477844
YDR059C,YMR238W,0,0.40778887,0.11284470558166504,0.9201183319091797,0.7345283627510071
YCR030C,YKR006C,0,0.40697283,0.11283105611801147,0.9201183319091797,0.7346284985542297
YOL136C,YJL214W,0,0.4063344,0.11281741410493851,0.9201183319091797,0.7347286343574524
YBR187W,YIL017W,0,0.4062822,0.11280377209186554,0.9201183319091797,0.734828770160675
YPL122C,YPR002W,0,0.4062554,0.11279013752937317,0.9201183319091797,0.7349289059638977
YNL208W,YLR391W,0,0.4062487,0.1127765029668808,0.9201183319091797,0.7350290417671204
YPL050C,YPR127W,0,0.40607715,0.11276286840438843,0.9201183319091797,0.735129177570343
YDR518W,YLR165C,0,0.40596676,0.11274924129247665,0.9201183319091797,0.7352293133735657
YMR182C,YMR061W,0,0.40594983,0.11273562163114548,0.9201183319091797,0.7353294491767883
YDR337W,YCR055C,0,0.4055328,0.1127220019698143,0.9201183319091797,0.735429584980011
YIL088C,YCR055C,0,0.40501225,0.11270838230848312,0.9201183319091797,0.7355297207832336
YDR026C,YNL070W,0,0.40494117,0.11269477009773254,0.9201183319091797,0.7356298565864563
YKR101W,YNL208W,0,0.40485194,0.11268115788698196,0.9201183319091797,0.735729992389679
YFR021W,YAL038W,0,0.40450758,0.11266755312681198,0.9201183319091797,0.7358301877975464
YCL060C,YCR002C,0,0.40407103,0.112653948366642,0.9201183319091797,0.735930323600769
YGL046W,YNL219C,0,0.40394598,0.11264035105705261,0.9201183319091797,0.7360304594039917
YOL103W-B,YKR028W,0,0.40354627,0.11262675374746323,0.9201183319091797,0.7361305952072144
YDL101C,YFL035C,1,0.40278968,0.112733855843544,0.9211045503616333,0.7361305952072144
YBR006W,YBR257W,0,0.40268767,0.11272025108337402,0.9211045503616333,0.736230731010437
YLR153C,YFL054C,0,0.4025254,0.11270664632320404,0.9211045503616333,0.7363308668136597
YNL160W,YMR020W,0,0.40214247,0.11269304901361465,0.9211045503616333,0.7364310026168823
YDR034C,YGL162W,0,0.40173894,0.11267945170402527,0.9211045503616333,0.736531138420105
YKL200C,YPR030W,0,0.40145022,0.11266586184501648,0.9211045503616333,0.7366312742233276
YPL183W-A,YPR125W,0,0.40092677,0.11265227198600769,0.9211045503616333,0.7367314100265503
YMR238W,YNL335W,0,0.40089214,0.1126386895775795,0.9211045503616333,0.736831545829773
YDR492W,YER017C,0,0.40079358,0.1126251071691513,0.9211045503616333,0.7369316816329956
YLR141W,YPR159W,0,0.40061915,0.11261152476072311,0.9211045503616333,0.7370318174362183
YGL186C,YIL021W,0,0.40056705,0.11259794980287552,0.9211045503616333,0.7371320128440857
YNL314W,YBR223C,0,0.39878857,0.11258437484502792,0.9211045503616333,0.7372321486473083
YLL004W,YOL026C,0,0.3983112,0.11257080733776093,0.9211045503616333,0.737332284450531
YFL035C,YJL053W,0,0.39791602,0.11255723983049393,0.9211045503616333,0.7374324202537537
YMR315W,YKL053C-A,0,0.39787835,0.11254367977380753,0.9211045503616333,0.7375325560569763
YNL008C,YGR264C,0,0.397252,0.11253011971712112,0.9211045503616333,0.737632691860199
YMR238W,YNL298W,0,0.39645025,0.11251656711101532,0.9211045503616333,0.7377328276634216
YHR014W,YDR328C,1,0.39639077,0.11262346059083939,0.9220907092094421,0.7377328276634216
YGR177C,YEL070W,0,0.39631543,0.11260990053415298,0.9220907092094421,0.7378329634666443
YER175C,YDR403W,0,0.39582124,0.11259634047746658,0.9220907092094421,0.7379330992698669
YBR275C,YMR267W,0,0.39566702,0.11258278042078018,0.9220907092094421,0.7380332350730896
YGR239C,YER137C,0,0.39495027,0.11256922781467438,0.9220907092094421,0.7381333708763123
YOL155C,YPR043W,0,0.39481187,0.11255567520856857,0.9220907092094421,0.7382335066795349
YBR275C,YLR151C,0,0.39409286,0.11254213005304337,0.9220907092094421,0.7383336424827576
YKL171W,YNL095C,0,0.39379722,0.11252858489751816,0.9220907092094421,0.7384337782859802
YOR176W,YFR033C,0,0.39323017,0.11251503974199295,0.9220907092094421,0.7385339736938477
YOR237W,YIL083C,0,0.39315394,0.11250150203704834,0.9220907092094421,0.7386341094970703
YNL284C-A,YDL074C,0,0.39315027,0.11248797178268433,0.9220907092094421,0.738734245300293
YER008C,YOR237W,0,0.39306456,0.11247443407773972,0.9220907092094421,0.7388343811035156
YKL038W,YPL196W,0,0.39297897,0.1124609112739563,0.9220907092094421,0.7389345169067383
YOR304C-A,YLR278C,0,0.39294478,0.11244738101959229,0.9220907092094421,0.7390346527099609
YGR161W-B,YBR155W,0,0.3922411,0.11243386566638947,0.9220907092094421,0.7391347885131836
YGL180W,YER074W,0,0.3922032,0.11242034286260605,0.9220907092094421,0.7392349243164062
YMR146C,YDL054C,0,0.39207685,0.11240682750940323,0.9220907092094421,0.7393350601196289
YPL223C,YPR133W-A,0,0.39199778,0.112393319606781,0.9220907092094421,0.7394351959228516
YML058W-A,YJL194W,1,0.39189517,0.11249999701976776,0.9230769276618958,0.7394351959228516
YOR209C,YKL144C,0,0.39140368,0.11248648166656494,0.9230769276618958,0.7395353317260742
YDL206W,YFR021W,0,0.3908548,0.11247296631336212,0.9230769276618958,0.7396354675292969
YLL003W,YCL060C,0,0.39024335,0.1124594509601593,0.9230769276618958,0.7397356033325195
YLR256W-A,YDR229W,0,0.38992363,0.11244594305753708,0.9230769276618958,0.739835798740387
YML058W-A,YBR275C,0,0.38986737,0.11243243515491486,0.9230769276618958,0.7399359345436096
YLR009W,YDR472W,0,0.38919,0.11241892725229263,0.9230769276618958,0.7400360703468323
YDR383C,YLR264W,0,0.38837552,0.11240542680025101,0.9230769276618958,0.7401362061500549
YLR209C,YPR133W-A,0,0.387946,0.11239193379878998,0.9230769276618958,0.7402363419532776
YKR103W,YGL122C,0,0.38755542,0.11237843334674835,0.9230769276618958,0.7403364777565002
YCL043C,YCL003W,0,0.3874002,0.11236494779586792,0.9230769276618958,0.7404366135597229
YKL200C,YLR130C,0,0.38672554,0.11235145479440689,0.9230769276618958,0.7405367493629456
YNL232W,YNL050C,0,0.3866529,0.11233797669410706,0.9230769276618958,0.7406368851661682
YHR069C,YCL003W,0,0.3864751,0.11232449114322662,0.9230769276618958,0.7407370209693909
YML045W-A,YGL148W,0,0.38641274,0.11231101304292679,0.9230769276618958,0.7408371567726135
YNL267W,YPR163C,0,0.3856271,0.11229754239320755,0.9230769276618958,0.7409372925758362
YJL134W,YML039W,0,0.38536236,0.11228407174348831,0.9230769276618958,0.7410374283790588
YOL129W,YDR530C,0,0.38504612,0.11227060109376907,0.9230769276618958,0.7411375641822815
YOR212W,YHR066W,0,0.38488358,0.11225713789463043,0.9230769276618958,0.7412377595901489
YOR099W,YNL026W,0,0.3846636,0.11224367469549179,0.9230769276618958,0.7413378953933716
YIR011C,YOL101C,0,0.38454294,0.11223021894693375,0.9230769276618958,0.7414380311965942
YHR012W,YGL046W,0,0.3842361,0.1122167631983757,0.9230769276618958,0.7415381669998169
YLL051C,YBR026C,0,0.38408256,0.11220330744981766,0.9230769276618958,0.7416383028030396
YDR304C,YOR294W,0,0.38378057,0.11218985915184021,0.9230769276618958,0.7417384386062622
YPR167C,YFL035C,0,0.38361776,0.11217641085386276,0.9230769276618958,0.7418385744094849
YKR026C,YER019C-A,0,0.38346303,0.11216297000646591,0.9230769276618958,0.7419387102127075
YIL170W,YKL095W,0,0.38330343,0.11214952915906906,0.9230769276618958,0.7420388460159302
YDR064W,YIR011C,0,0.38326496,0.11213609576225281,0.9230769276618958,0.7421389818191528
YBR260C,YDL142C,0,0.3828946,0.11212266236543655,0.9230769276618958,0.7422391176223755
YDR512C,YNL016W,0,0.38278654,0.1121092364192009,0.9230769276618958,0.7423392534255981
YCR080W,YPR127W,0,0.38210988,0.11209581047296524,0.9230769276618958,0.7424393892288208
YCL060C,YDR499W,1,0.38191468,0.11220213025808334,0.9240631461143494,0.7424393892288208
YJL191W,YIL170W,0,0.38186657,0.11218869686126709,0.9240631461143494,0.7425395846366882
YMR315W,YNL223W,0,0.38181418,0.11217526346445084,0.9240631461143494,0.7426397204399109
YER050C,YNL073W,0,0.38135535,0.11216183751821518,0.9240631461143494,0.7427398562431335
YDR414C,YCR080W,0,0.38127005,0.11214841157197952,0.9240631461143494,0.7428399920463562
YHR179W,YLR391W,0,0.38003927,0.11213499307632446,0.9240631461143494,0.7429401278495789
YKR071C,YFL023W,0,0.3796665,0.1121215745806694,0.9240631461143494,0.7430402636528015
YPR167C,YKL015W,0,0.3792704,0.11210816353559494,0.9240631461143494,0.7431403994560242
YLR256W-A,YPR127W,0,0.37740076,0.11209474503993988,0.9240631461143494,0.7432405352592468
YLR394W,YNL284C,0,0.37736124,0.11208134144544601,0.9240631461143494,0.7433406710624695
YJR127C,YPL223C,0,0.37731624,0.11206793785095215,0.9240631461143494,0.7434408068656921
YDL074C,YLR227W-B,0,0.37721,0.11205453425645828,0.9240631461143494,0.7435409426689148
YJL066C,YCL004W,0,0.3771025,0.11204113066196442,0.9240631461143494,0.7436410784721375
YOR388C,YJL192C,0,0.37706393,0.11202773451805115,0.9240631461143494,0.7437412142753601
YER145C,YBR037C,0,0.37702808,0.11201434582471848,0.9240631461143494,0.7438413500785828
YDL022W,YMR267W,0,0.37693438,0.1120009571313858,0.9240631461143494,0.7439415454864502
YPR204W,YDL022W,0,0.37636322,0.11198756843805313,0.9240631461143494,0.7440416812896729
YLR395C,YPR159W,0,0.37604535,0.11197418719530106,0.9240631461143494,0.7441418170928955
YBR075W,YMR179W,0,0.37563276,0.11196080595254898,0.9240631461143494,0.7442419528961182
YLR383W,YBR075W,0,0.37558645,0.1119474321603775,0.9240631461143494,0.7443420886993408
YMR269W,YBL113C,0,0.3754975,0.11193405836820602,0.9240631461143494,0.7444422245025635
YGR175C,YGR105W,0,0.37543815,0.11192068457603455,0.9240631461143494,0.7445423603057861
YLR009W,YFL002W-B,0,0.37444025,0.11190731823444366,0.9240631461143494,0.7446424961090088
YDR064W,YGL170C,0,0.37401938,0.11189395934343338,0.9240631461143494,0.7447426319122314
YDR419W,YLR410W-B,0,0.37356675,0.1118806004524231,0.9240631461143494,0.7448427677154541
YBR276C,YER002W,0,0.37334612,0.11186724156141281,0.9240631461143494,0.7449429035186768
YOR237W,YDR476C,0,0.37331688,0.11185388267040253,0.9240631461143494,0.7450430393218994
YFL035C,YIL132C,0,0.37327844,0.11184053122997284,0.9240631461143494,0.7451431751251221
YBR278W,YDR210C-C,0,0.37305194,0.11182718724012375,0.9240631461143494,0.7452433109283447
YDL036C,YDL197C,0,0.37124488,0.11181384325027466,0.9240631461143494,0.7453435063362122
YNL223W,YBR075W,0,0.37095535,0.11180049926042557,0.9240631461143494,0.7454436421394348
YBL028C,YBR042C,0,0.37093803,0.11178716272115707,0.9240631461143494,0.7455437779426575
YDL024C,YBL091C-A,0,0.37088376,0.11177382618188858,0.9240631461143494,0.7456439137458801
YPL119C,YDL024C,0,0.37049004,0.11176049709320068,0.9240631461143494,0.7457440495491028
YGL068W,YKR101W,0,0.37030345,0.11174716800451279,0.9240631461143494,0.7458441853523254
YMR077C,YFL014W,0,0.36922294,0.11173383891582489,0.9240631461143494,0.7459443211555481
YLR404W,YBL101W-B,0,0.3690914,0.11172051727771759,0.9240631461143494,0.7460444569587708
YFR001W,YKR069W,0,0.36881036,0.11170720309019089,0.9240631461143494,0.7461445927619934
YOR159C,YOL104C,0,0.36876997,0.11169388145208359,0.9240631461143494,0.7462447285652161
YOL129W,YLR050C,0,0.36861598,0.11168057471513748,0.9240631461143494,0.7463448643684387
YOL082W,YLR452C,0,0.3685831,0.11166726052761078,0.9240631461143494,0.7464450001716614
YJR078W,YBR223C,0,0.3685769,0.11165395379066467,0.9240631461143494,0.746545135974884
YPR137C-A,YFR045W,0,0.3683021,0.11164065450429916,0.9240631461143494,0.7466453313827515
YGL212W,YKL085W,0,0.36803174,0.11162735521793365,0.9240631461143494,0.7467454671859741
YDL134C,YFL035C,1,0.36781752,0.11173317581415176,0.9250493049621582,0.7467454671859741
YBR075W,YGR072W,0,0.36781132,0.11171986907720566,0.9250493049621582,0.7468456029891968
YBR066C,YPL257W-B,0,0.36773348,0.11170656234025955,0.9250493049621582,0.7469457387924194
YKL200C,YPL180W,0,0.36742175,0.11169326305389404,0.9250493049621582,0.7470458745956421
YPL099C,YCR080W,0,0.36718076,0.11167996376752853,0.9250493049621582,0.7471460103988647
YNL052W,YBL079W,0,0.36705595,0.11166666448116302,0.9250493049621582,0.7472461462020874
YDR296W,YOR287C,0,0.36700284,0.11165337264537811,0.9250493049621582,0.7473462820053101
YGR288W,YDL084W,0,0.36682934,0.1116400882601738,0.9250493049621582,0.7474464178085327
YPL083C,YGL030W,0,0.3667431,0.11162679642438889,0.9250493049621582,0.7475465536117554
YOR287C,YGR155W,0,0.36667913,0.11161351948976517,0.9250493049621582,0.747646689414978
YDR454C,YGL046W,0,0.3664645,0.11160023510456085,0.9250493049621582,0.7477468252182007
YML051W,YHR008C,0,0.36640444,0.11158695816993713,0.9250493049621582,0.7478469610214233
YDR233C,YJL071W,0,0.36608922,0.11157368868589401,0.9250493049621582,0.747947096824646
YOL103W-B,YNL052W,0,0.36560687,0.11156041920185089,0.9250493049621582,0.7480472922325134
YCL060C,YBR133C,1,0.36535603,0.11166606843471527,0.9260355234146118,0.7480472922325134
YJR078W,YMR218C,0,0.36515766,0.11165279150009155,0.9260355234146118,0.7481474280357361
YNL052W,YLR348C,0,0.36401093,0.11163952201604843,0.9260355234146118,0.7482475638389587
YOR292C,YAL029C,0,0.36358997,0.11162624508142471,0.9260355234146118,0.7483476996421814
YPR137C-A,YJL071W,0,0.36350277,0.11161298304796219,0.9260355234146118,0.748447835445404
YNL163C,YGR084C,0,0.3635004,0.11159971356391907,0.9260355234146118,0.7485479712486267
YGR221C,YBR075W,0,0.36319196,0.11158645153045654,0.9260355234146118,0.7486481070518494
YLR033W,YBL052C,0,0.36309242,0.11157319694757462,0.9260355234146118,0.748748242855072
YER154W,YGR171C,0,0.36301574,0.11155993491411209,0.9260355234146118,0.7488483786582947
YBL101W-B,YLR151C,0,0.36298993,0.11154668778181076,0.9260355234146118,0.7489485144615173
YLR447C,YPL188W,0,0.36276856,0.11153343319892883,0.9260355234146118,0.74904865026474
YHR012W,YGR052W,0,0.36273628,0.1115201935172081,0.9260355234146118,0.7491487860679626
YKL168C,YKL003C,0,0.3627178,0.11150694638490677,0.9260355234146118,0.7492489218711853
YGR167W,YCR080W,0,0.36268175,0.11149370670318604,0.9260355234146118,0.7493491172790527
YOR292C,YPL104W,0,0.36260185,0.1114804670214653,0.9260355234146118,0.7494492530822754
YPR162C,YKL085W,0,0.36253497,0.11146723479032516,0.9260355234146118,0.749549388885498
YNR060W,YIL048W,0,0.36224383,0.11145400255918503,0.9260355234146118,0.7496495246887207
YLR404W,YKL201C,0,0.3617291,0.11144077777862549,0.9260355234146118,0.7497496604919434
YOR142W-A,YDR229W,0,0.360716,0.11142755299806595,0.9260355234146118,0.749849796295166
YML030W,YHL034C,0,0.36035365,0.111414335668087,0.9260355234146118,0.7499499320983887
YLR256W-A,YBL091C-A,0,0.36033833,0.11140111833810806,0.9260355234146118,0.7500500679016113
YIL170W,YCR055C,0,0.36016065,0.11138790100812912,0.9260355234146118,0.750150203704834
YDL198C,YCL060C,0,0.3600215,0.11137469112873077,0.9260355234146118,0.7502503395080566
YPR204W,YIR032C,0,0.35986477,0.11136148124933243,0.9260355234146118,0.7503504753112793
YLR359W,YJL006C,0,0.35979837,0.11134827136993408,0.9260355234146118,0.750450611114502
YDR261C-D,YOL028C,0,0.35976058,0.11133506894111633,0.9260355234146118,0.7505507469177246
YMR182C,YPL151C,0,0.3596205,0.11132187396287918,0.9260355234146118,0.7506508827209473
YDR416W,YOR020C,0,0.3587801,0.11130867898464203,0.9260355234146118,0.7507510781288147
YHR039C-A,YLR330W,0,0.35861832,0.11129548400640488,0.9260355234146118,0.7508512139320374
YBR238C,YLR391W,0,0.3579468,0.11128229647874832,0.9260355234146118,0.75095134973526
YLR028C,YCR097WB,0,0.35722739,0.11126910895109177,0.9260355234146118,0.7510514855384827
YDL202W,YCR055C,0,0.3565923,0.11125592142343521,0.9260355234146118,0.7511516213417053
YJL124C,YFL035C,0,0.35644585,0.11124274134635925,0.9260355234146118,0.751251757144928
YML039W,YPR138C,0,0.35590386,0.11122956871986389,0.9260355234146118,0.7513518929481506
YKL200C,YOL028C,0,0.35587692,0.11121638864278793,0.9260355234146118,0.7514520287513733
YCR080W,YJL053W,0,0.35543364,0.11120322346687317,0.9260355234146118,0.751552164554596
YCL060C,YPL194W,1,0.3547957,0.11130846291780472,0.9270216822624207,0.751552164554596
YGR052W,YOR098C,0,0.35469314,0.11129529029130936,0.9270216822624207,0.7516523003578186
YOL124C,YMR186W,0,0.35426217,0.1112821102142334,0.9270216822624207,0.7517524361610413
YDR518W,YDR353W,0,0.35408056,0.11126893758773804,0.9270216822624207,0.7518525719642639
YJL187C,YBL101W-B,0,0.35334593,0.11125577241182327,0.9270216822624207,0.7519527077674866
YOR142W-A,YNR010W,0,0.35314417,0.11124260723590851,0.9270216822624207,0.752052903175354
YDR261C-D,YDL015C,0,0.35247505,0.11122944205999374,0.9270216822624207,0.7521530389785767
YOR297C,YGL200C,0,0.3518886,0.11121627688407898,0.9270216822624207,0.7522531747817993
YML056C,YPL065W,0,0.351872,0.11120312660932541,0.9270216822624207,0.752353310585022
YOL103W-B,YBR010W,0,0.35184002,0.11118996888399124,0.9270216822624207,0.7524534463882446
YJR082C,YLR410W-A,0,0.35052916,0.11117681860923767,0.9270216822624207,0.7525535821914673
YOR187W,YLR268W,0,0.35050404,0.1111636683344841,0.9270216822624207,0.7526537179946899
YJL103C,YDR373W,0,0.35042167,0.11115052551031113,0.9270216822624207,0.7527538537979126
YGR167W,YCR055C,0,0.34962827,0.11113738268613815,0.9270216822624207,0.7528539896011353
YNL267W,YFL035C,0,0.34954643,0.11112424731254578,0.9270216822624207,0.7529541254043579
YLR157C,YCL003W,0,0.34950826,0.1111111119389534,0.9270216822624207,0.7530542612075806
YFR033C,YKL124W,0,0.34923208,0.11109797656536102,0.9270216822624207,0.7531543970108032
YHR002W,YLR300W,0,0.34884852,0.11108484864234924,0.9270216822624207,0.7532545328140259
YGL173C,YIL112W,1,0.34865844,0.11118988692760468,0.9280079007148743,0.7532545328140259
YDR210C-C,YDR449C,0,0.34842023,0.1111767515540123,0.9280079007148743,0.7533546686172485
YOR292C,YGL183C,0,0.34825167,0.11116361618041992,0.9280079007148743,0.753454864025116
YDR419W,YOR351C,0,0.34822953,0.11115048080682755,0.9280079007148743,0.7535549998283386
YNL261W,YBR075W,0,0.34789833,0.11113736033439636,0.9280079007148743,0.7536551356315613
YDR353W,YFL001W,0,0.3475506,0.11112423241138458,0.9280079007148743,0.7537552714347839
YMR182C,YLR164W,0,0.3475482,0.1111111119389534,0.9280079007148743,0.7538554072380066
YNL284C-A,YOR351C,0,0.34753305,0.11109799146652222,0.9280079007148743,0.7539555430412292
YDR261C-D,YMR273C,0,0.34748778,0.11108487844467163,0.9280079007148743,0.7540556788444519
YOL103W-B,YPL188W,0,0.346942,0.11107176542282104,0.9280079007148743,0.7541558146476746
YDR172W,YCL060C,0,0.34677845,0.11105865985155106,0.9280079007148743,0.7542559504508972
YKL053C-A,YFR052W,0,0.34673026,0.11104555428028107,0.9280079007148743,0.7543560862541199
YOR310C,YOL026C,0,0.34671837,0.11103244870901108,0.9280079007148743,0.7544562220573425
YNL283C,YOR085W,0,0.34670034,0.11101935058832169,0.9280079007148743,0.7545563578605652
YJL004C,YIL133C,0,0.34642923,0.1110062524676323,0.9280079007148743,0.7546564936637878
YDR309C,YML074C,1,0.34637251,0.1111111119389534,0.9289940595626831,0.7546564936637878
YDR207C,YOR178C,1,0.34633276,0.11121594160795212,0.9299802780151367,0.7546564936637878
YIR038C,YDR353W,0,0.34625837,0.11120282858610153,0.9299802780151367,0.7547566890716553
YOR168W,YMR008C,0,0.3462005,0.11118971556425095,0.9299802780151367,0.7548568248748779
YDR353W,YER137C,0,0.34571812,0.11117660999298096,0.9299802780151367,0.7549569606781006
YDR059C,YOR222W,0,0.34553188,0.11116350442171097,0.9299802780151367,0.7550570964813232
YIL134W,YKL097W-A,0,0.3452077,0.11115039885044098,0.9299802780151367,0.7551572322845459
YMR049C,YJL144W,0,0.34519547,0.11113730072975159,0.9299802780151367,0.7552573680877686
YBR274W,YKL097W-A,0,0.3451212,0.1111242026090622,0.9299802780151367,0.7553575038909912
YGL158W,YEL069C,0,0.3450322,0.1111111119389534,0.9299802780151367,0.7554576396942139
YDR261C-D,YNR003C,0,0.3448148,0.1110980212688446,0.9299802780151367,0.7555577754974365
YBR075W,YPL050C,0,0.34467757,0.11108493059873581,0.9299802780151367,0.7556579113006592
YIL170W,YML132W,0,0.34463334,0.11107184737920761,0.9299802780151367,0.7557580471038818
YHR061C,YDL202W,0,0.34434593,0.11105877161026001,0.9299802780151367,0.7558581829071045
YPR137C-A,YDR378C,0,0.3442253,0.11104568839073181,0.9299802780151367,0.7559583187103271
YGR085C,YPL110C,0,0.3440839,0.11103261262178421,0.9299802780151367,0.7560584545135498
YDL029W,YLR256W-A,0,0.34403872,0.1110195443034172,0.9299802780151367,0.7561586499214172
YMR136W,YDL170W,0,0.3438766,0.1110064759850502,0.9299802780151367,0.7562587857246399
YKL101W,YFL035C,1,0.3436045,0.1111111119389534,0.9309664964675903,0.7562587857246399
YBR080C,YCR087C-A,0,0.34344512,0.1110980361700058,0.9309664964675903,0.7563589215278625
YDR449C,YPR030W,0,0.3434196,0.1110849604010582,0.9309664964675903,0.7564590573310852
YML112W,YJR026W,0,0.34331542,0.11107189208269119,0.9309664964675903,0.7565591931343079
YML080W,YER145C,0,0.34313214,0.11105882376432419,0.9309664964675903,0.7566593289375305
YAR027W,YMR193W,0,0.34309572,0.11104576289653778,0.9309664964675903,0.7567594647407532
YDL171C,YPL188W,0,0.34286013,0.11103269457817078,0.9309664964675903,0.7568596005439758
YDR174W,YBL091C-A,0,0.34181976,0.11101964116096497,0.9309664964675903,0.7569597363471985
YPR187W,YJR036C,0,0.34147888,0.11100658774375916,0.9309664964675903,0.7570598721504211
YDR353W,YDR364C,0,0.34125316,0.11099353432655334,0.9309664964675903,0.7571600079536438
YMR203W,YLR344W,0,0.34107885,0.11098048090934753,0.9309664964675903,0.7572601437568665
YNL153C,YMR146C,0,0.340842,0.11096743494272232,0.9309664964675903,0.7573602795600891
YPL050C,YML128C,0,0.3406849,0.1109543964266777,0.9309664964675903,0.7574604153633118
YML073C,YAL040C,0,0.34046888,0.11094135791063309,0.9309664964675903,0.7575606107711792
YNL223W,YGR118W,0,0.34045756,0.11092831939458847,0.9309664964675903,0.7576607465744019
YKR057W,YJL081C,0,0.34010705,0.11091528832912445,0.9309664964675903,0.7577608823776245
YLR270W,YCL003W,0,0.33996058,0.11090225726366043,0.9309664964675903,0.7578610181808472
YMR315W,YIL177C,0,0.3397451,0.11088922619819641,0.9309664964675903,0.7579611539840698
YKL097W-A,YPR127W,0,0.33958167,0.11087620258331299,0.9309664964675903,0.7580612897872925
YPR196W,YHR061C,0,0.33936918,0.11086317896842957,0.9309664964675903,0.7581614255905151
YDR306C,YPL110C,0,0.33925208,0.11085016280412674,0.9309664964675903,0.7582615613937378
YLR187W,YER002W,0,0.3386748,0.11083714663982391,0.9309664964675903,0.7583616971969604
YPL083C,YIL017W,0,0.33858585,0.11082413792610168,0.9309664964675903,0.7584618330001831
YBR202W,YFL002W-B,0,0.33853275,0.11081112921237946,0.9309664964675903,0.7585619688034058
YNL052W,YGL046W,0,0.33834127,0.11079812049865723,0.9309664964675903,0.7586621046066284
YJL034W,YLR224W,0,0.3381303,0.1107851192355156,0.9309664964675903,0.7587622404098511
YDL121C,YLR390W,0,0.33796346,0.11077211797237396,0.9309664964675903,0.7588624358177185
YBR150C,YJR133W,0,0.33750844,0.11075912415981293,0.9309664964675903,0.7589625716209412
YJL166W,YDR210C-C,0,0.33690733,0.11074613034725189,0.9309664964675903,0.7590627074241638
YBL101W-B,YDR369C,0,0.3368457,0.11073313653469086,0.9309664964675903,0.7591628432273865
YNL223W,YDL055C,0,0.33660328,0.11072015017271042,0.9309664964675903,0.7592629790306091
YER014C-A,YGR175C,0,0.33650774,0.11070716381072998,0.9309664964675903,0.7593631148338318
YDR174W,YMR321C,0,0.33646938,0.11069418489933014,0.9309664964675903,0.7594632506370544
YCR055C,YLR088W,0,0.33614075,0.1106812059879303,0.9309664964675903,0.7595633864402771
YJR147W,YCR080W,0,0.33599168,0.11066822707653046,0.9309664964675903,0.7596635222434998
YIL131C,YCL060C,1,0.33596063,0.11077247560024261,0.9319526553153992,0.7596635222434998
YPR158C-C,YOR351C,0,0.33549726,0.11075949668884277,0.9319526553153992,0.7597636580467224
YIL076W,YMR115W,0,0.33534402,0.11074651032686234,0.9319526553153992,0.7598637938499451
YPR137C-A,YMR061W,0,0.33515644,0.11073353886604309,0.9319526553153992,0.7599639296531677
YER050C,YJR149W,0,0.3351032,0.11072055995464325,0.9319526553153992,0.7600640654563904
YIR025W,YER190W,0,0.33496732,0.110707588493824,0.9319526553153992,0.760164201259613
YLR395C,YPR198W,0,0.3346892,0.11069462448358536,0.9319526553153992,0.7602643966674805
YKL200C,YGR012W,0,0.3343766,0.11068166047334671,0.9319526553153992,0.7603645324707031
YER154W,YFL035C,0,0.33425862,0.11066869646310806,0.9319526553153992,0.7604646682739258
YHR029C,YKL097W-A,0,0.33406365,0.11065573990345001,0.9319526553153992,0.7605648040771484
YJL155C,YHR005C-A,0,0.3340338,0.11064278334379196,0.9319526553153992,0.7606649398803711
YGL183C,YOR008C,0,0.33381596,0.11062982678413391,0.9319526553153992,0.7607650756835938
YJR068W,YFL035C,1,0.33370158,0.11073393374681473,0.9329388737678528,0.7607650756835938
YBR202W,YDL040C,0,0.3335377,0.11072097718715668,0.9329388737678528,0.7608652114868164
YEL029C,YLR164W,0,0.33338296,0.11070801317691803,0.9329388737678528,0.7609653472900391
YHL012W,YOR212W,0,0.33289546,0.11069506406784058,0.9329388737678528,0.7610654830932617
YDR281C,YBR010W,0,0.33286902,0.11068210750818253,0.9329388737678528,0.7611656188964844
YDL024C,YDR062W,0,0.3326745,0.11066916584968567,0.9329388737678528,0.761265754699707
YHR047C,YBR075W,0,0.33224806,0.11065621674060822,0.9329388737678528,0.7613658905029297
YMR093W,YKR035W-A,0,0.33137468,0.11064327508211136,0.9329388737678528,0.7614660263061523
YJL117W,YGL163C,0,0.3313265,0.1106303334236145,0.9329388737678528,0.7615662217140198
YFL035C,YNR044W,0,0.33116233,0.11061739921569824,0.9329388737678528,0.7616663575172424
YPL240C,YBR096W,0,0.3310563,0.11060446500778198,0.9329388737678528,0.7617664933204651
YLR295C,YCR097WB,0,0.33078927,0.11059153825044632,0.9329388737678528,0.7618666291236877
YDR328C,YLR102C,1,0.33057988,0.1106954962015152,0.9339250326156616,0.7618666291236877
YPR191W,YOR299W,0,0.3303238,0.11068256199359894,0.9339250326156616,0.7619667649269104
YDL039C,YMR075W,0,0.32992083,0.11066962778568268,0.9339250326156616,0.7620669007301331
YDR146C,YAL031C,0,0.32947773,0.11065669357776642,0.9339250326156616,0.7621670365333557
YMR123W,YBR261C,0,0.32915545,0.11064376682043076,0.9339250326156616,0.7622671723365784
YOR142W,YPR149W,0,0.32911178,0.11063084006309509,0.9339250326156616,0.762367308139801
YNL230C,YDR381C-A,0,0.32910708,0.11061792075634003,0.9339250326156616,0.7624674439430237
YNL006W,YGL046W,0,0.3286636,0.11060500144958496,0.9339250326156616,0.7625675797462463
YGL180W,YDL170W,0,0.32857427,0.1105920821428299,0.9339250326156616,0.762667715549469
YGR246C,YMR143W,0,0.32855785,0.11057917028665543,0.9339250326156616,0.7627678513526917
YOR159C,YGL046W,0,0.3282705,0.11056625843048096,0.9339250326156616,0.7628679871559143
YGL244W,YNL175C,0,0.3282281,0.11055335402488708,0.9339250326156616,0.7629681825637817
YKL097W-A,YNR060W,0,0.32688242,0.11054044961929321,0.9339250326156616,0.7630683183670044
YCL025C,YKR069W,0,0.32677037,0.11052754521369934,0.9339250326156616,0.763168454170227
YDL245C,YFR001W,0,0.32663915,0.11051464825868607,0.9339250326156616,0.7632685899734497
YML045W-A,YNL182C,0,0.32650223,0.11050175130367279,0.9339250326156616,0.7633687257766724
YCR097WB,YLR301W,0,0.32634535,0.11048885434865952,0.9339250326156616,0.763468861579895
YDR090C,YPR006C,0,0.3259842,0.11047596484422684,0.9339250326156616,0.7635689973831177
YGL037C,YDR449C,0,0.32576936,0.11046308279037476,0.9339250326156616,0.7636691331863403
YLR447C,YIR005W,0,0.32529035,0.11045020073652267,0.9339250326156616,0.763769268989563
YER162C,YFL035C,0,0.32526827,0.1104373186826706,0.9339250326156616,0.7638694047927856
YBL091C-A,YLL040C,0,0.32458055,0.11042443662881851,0.9339250326156616,0.7639695405960083
YNL095C,YBL028C,0,0.32446864,0.11041156947612762,0.9339250326156616,0.764069676399231
YJR151C,YJL130C,0,0.32440463,0.11039869487285614,0.9339250326156616,0.7641698122024536
YDL246C,YKR026C,0,0.32434437,0.11038582772016525,0.9339250326156616,0.764270007610321
YPR137C-A,YJL005W,0,0.32421085,0.11037296056747437,0.9339250326156616,0.7643701434135437
YHR029C,YLR227W-B,0,0.32383,0.11036010086536407,0.9339250326156616,0.7644702792167664
YGL046W,YJR103W,0,0.32326883,0.11034724116325378,0.9339250326156616,0.764570415019989
YDR210C-C,YJR133W,0,0.322953,0.1103343814611435,0.9339250326156616,0.7646705508232117
YJR026W,YKR035W-A,0,0.3227176,0.1103215292096138,0.9339250326156616,0.7647706866264343
YOL136C,YNL122C,0,0.322712,0.1103086769580841,0.9339250326156616,0.764870822429657
YOL103W-B,YJL081C,0,0.32188976,0.11029583215713501,0.9339250326156616,0.7649709582328796
YBL101W-B,YOR285W,0,0.32172248,0.11028298735618591,0.9339250326156616,0.7650710940361023
YCR080W,YHR135C,0,0.32151085,0.11027014255523682,0.9339250326156616,0.765171229839325
YBR075W,YHR051W,0,0.32144123,0.11025730520486832,0.9339250326156616,0.7652713656425476
YJL030W,YFL035C,1,0.32063854,0.11036088317632675,0.9349112510681152,0.7652713656425476
YKR103W,YPR127W,0,0.32047343,0.11034803837537766,0.9349112510681152,0.7653715014457703
YMR284W,YPR080W,0,0.3200603,0.11033519357442856,0.9349112510681152,0.7654716372489929
YMR296C,YCR055C,0,0.32000554,0.11032235622406006,0.9349112510681152,0.7655717730522156
YML028W,YJR063W,0,0.31980026,0.11030951887369156,0.9349112510681152,0.765671968460083
YDL111C,YLR227W-B,0,0.31929648,0.11029668152332306,0.9349112510681152,0.7657721042633057
YLR380W,YLR160C,0,0.31903425,0.11028385162353516,0.9349112510681152,0.7658722400665283
YLR248W,YAL016W,1,0.31872606,0.11038734763860703,0.9358974099159241,0.7658722400665283
YLR151C,YPR152C,0,0.31863832,0.11037450283765793,0.9358974099159241,0.765972375869751
YGL014W,YIR018W,0,0.31858614,0.11036167293787003,0.9358974099159241,0.7660725116729736
YNR018W,YLR391W,0,0.31856877,0.11034883558750153,0.9358974099159241,0.7661726474761963
YJR119C,YPR137W,0,0.31835493,0.11033600568771362,0.9358974099159241,0.766272783279419
YGL183C,YBR072W,0,0.31805062,0.11032318323850632,0.9358974099159241,0.7663729190826416
YLR025W,YOR353C,0,0.31770033,0.11031035333871841,0.9358974099159241,0.7664730548858643
YNL281W,YPR125W,0,0.31694362,0.1102975383400917,0.9358974099159241,0.7665731906890869
YMR032W,YDR261W-A,0,0.31685632,0.1102847158908844,0.9358974099159241,0.7666733264923096
YKL097W-A,YDR497C,0,0.3165894,0.11027190089225769,0.9358974099159241,0.7667734622955322
YKL201C,YPL087W,0,0.31623846,0.11025909334421158,0.9358974099159241,0.7668735980987549
YMR054W,YLR391W-A,0,0.3162291,0.11024628579616547,0.9358974099159241,0.7669737339019775
YJL171C,YIL017W,0,0.3162291,0.11023347824811935,0.9358974099159241,0.767073929309845
YMR269W,YMR268W-A,0,0.3162291,0.11022067070007324,0.9358974099159241,0.7671740651130676
YGR031C-A,YDR109C,0,0.3162291,0.11020787060260773,0.9358974099159241,0.7672742009162903
YDR014W-A,YCR057C,0,0.3162291,0.11019507795572281,0.9358974099159241,0.7673743367195129
YLR391W-A,YPL050C,0,0.3162291,0.11018228530883789,0.9358974099159241,0.7674744725227356
YGR031C-A,YJR053W,0,0.3162291,0.11016949266195297,0.9358974099159241,0.7675746083259583
YOL053C-A,YIR039C,0,0.3162291,0.11015670001506805,0.9358974099159241,0.7676747441291809
YBR294W,YOL053C-A,0,0.3162291,0.11014391481876373,0.9358974099159241,0.7677748799324036
YOR274W,YDR014W-A,0,0.3162291,0.11013113707304001,0.9358974099159241,0.7678750157356262
YFL035C,YIL177C,0,0.3162291,0.11011835932731628,0.9358974099159241,0.7679751515388489
YBL101W-B,YML036W,0,0.3162291,0.11010558158159256,0.9358974099159241,0.7680752873420715
YHR211W,YFL011W-A,0,0.3162291,0.11009280383586884,0.9358974099159241,0.7681754231452942
YJL012C-A,YGR077C,0,0.3162291,0.11008003354072571,0.9358974099159241,0.7682755589485168
YOL053C-A,YMR136W,0,0.3162291,0.11006727069616318,0.9358974099159241,0.7683757543563843
YFR029W,YLR154W-A,0,0.3162291,0.11005450785160065,0.9358974099159241,0.7684758901596069
YNL138W-A,YJL214W,0,0.3162291,0.11004174500703812,0.9358974099159241,0.7685760259628296
YDL217C,YDR014W-A,0,0.3162291,0.11002898216247559,0.9358974099159241,0.7686761617660522
YLL045C,YNL138W-A,0,0.3162291,0.11001622676849365,0.9358974099159241,0.7687762975692749
YNL016W,YCR055C,0,0.3162291,0.11000347882509232,0.9358974099159241,0.7688764333724976
YDR014W-A,YLR042C,0,0.3162291,0.10999073088169098,0.9358974099159241,0.7689765691757202
YGR031C-A,YDR472W,0,0.3162291,0.10997798293828964,0.9358974099159241,0.7690767049789429
YBR111W-A,YIR039C,0,0.3162291,0.1099652349948883,0.9358974099159241,0.7691768407821655
YGR031C-A,YDR332W,0,0.3162291,0.10995249450206757,0.9358974099159241,0.7692769765853882
YOR159C,YLR154W-A,0,0.3162291,0.10993976145982742,0.9358974099159241,0.7693771123886108
YER117W,YFL011W-A,0,0.3162291,0.10992702096700668,0.9358974099159241,0.7694772481918335
YJL012C-A,YOR180C,0,0.3162291,0.10991429537534714,0.9358974099159241,0.7695773839950562
YER103W,YBR111W-A,0,0.3162291,0.109901562333107,0.9358974099159241,0.7696775197982788
YKL165C,YOL053C-A,0,0.3162291,0.10988883674144745,0.9358974099159241,0.7697777152061462
YPR144C,YMR268W-A,0,0.3162291,0.1098761111497879,0.9358974099159241,0.7698778510093689
YBR111W-A,YKL182W,0,0.3162291,0.10986339300870895,0.9358974099159241,0.7699779868125916
YFL011W-A,YBR095C,0,0.3162291,0.10985067486763,0.9358974099159241,0.7700781226158142
YPR204W,YDR381C-A,0,0.3162291,0.10983796417713165,0.9358974099159241,0.7701782584190369
YOR126C,YOL053C-A,0,0.3162291,0.1098252534866333,0.9358974099159241,0.7702783942222595
YFL035C-A,YGL181W,1,0.3162291,0.10992825776338577,0.9368836283683777,0.7702783942222595
YFL011W-A,YNR002C,0,0.3162291,0.10991553962230682,0.9368836283683777,0.7703785300254822
YKR029C,YFL035C-A,1,0.3162291,0.11001850664615631,0.9378698468208313,0.7703785300254822
YBL112C,YCL026C-B,0,0.3162291,0.11000578105449677,0.9378698468208313,0.7704786658287048
YOL053C-A,YOR180C,0,0.3162291,0.10999306291341782,0.9378698468208313,0.7705788016319275
YFL035C-A,YDL179W,1,0.3162291,0.11009598523378372,0.9388560056686401,0.7705788016319275
YLR404W,YOL053C-A,0,0.3162291,0.11008325964212418,0.9388560056686401,0.7706789374351501
YBR247C,YDR014W-A,0,0.3162291,0.11007052659988403,0.9388560056686401,0.7707790732383728
YLR391W-A,YIL133C,0,0.3162291,0.11005780100822449,0.9388560056686401,0.7708792090415955
YGR031C-A,YBR276C,0,0.3162291,0.11004508286714554,0.9388560056686401,0.7709793448448181
YNL138W-A,YBL098W,0,0.3162291,0.11003236472606659,0.9388560056686401,0.7710795402526855
YFL035C-A,YGL158W,1,0.3162291,0.11013521254062653,0.9398422241210938,0.7710795402526855
YCR093W,YMR268W-A,0,0.3162291,0.11012248694896698,0.9398422241210938,0.7711796760559082
YDR453C,YJL012C-A,0,0.3162291,0.11010976135730743,0.9398422241210938,0.7712798118591309
YGR031C-A,YLR129W,0,0.3162291,0.11009704321622849,0.9398422241210938,0.7713799476623535
YFL011W-A,YDR415C,0,0.3162291,0.11008432507514954,0.9398422241210938,0.7714800834655762
YNL138W-A,YAR027W,0,0.3162291,0.11007160693407059,0.9398422241210938,0.7715802192687988
YOR301W,YMR268W-A,0,0.3162291,0.11005889624357224,0.9398422241210938,0.7716803550720215
YKL200C,YDR261W-A,0,0.3162291,0.11004619300365448,0.9398422241210938,0.7717804908752441
YFL035C-A,YNL068C,1,0.3162291,0.11014894396066666,0.9408283829689026,0.7717804908752441
YGL116W,YFL035C-A,1,0.3162291,0.11025167256593704,0.9418146014213562,0.7717804908752441
YBR111W-A,YGL225W,0,0.3162291,0.1102389469742775,0.9418146014213562,0.7718806266784668
YLR395C,YLR154W-A,0,0.3162291,0.11022622138261795,0.9418146014213562,0.7719807624816895
YBR195C,YMR268W-A,0,0.3162291,0.110213503241539,0.9418146014213562,0.7720808982849121
YFL011W-A,YOR194C,0,0.3162291,0.11020078510046005,0.9418146014213562,0.7721810340881348
YMR117C,YCR055C,0,0.3162291,0.1101880669593811,0.9418146014213562,0.7722811698913574
YNL138W-A,YGL259W,0,0.3162291,0.11017535626888275,0.9418146014213562,0.7723813056945801
YGR031C-A,YAL024C,0,0.3162291,0.1101626455783844,0.9418146014213562,0.7724815011024475
YIL046W,YLR154W-A,0,0.3162291,0.11014994233846664,0.9418146014213562,0.7725816369056702
YGR238C,YFL035C-A,1,0.3162291,0.11025256663560867,0.942800760269165,0.7725816369056702
YCR093W,YFL035C,1,0.3162291,0.11035516858100891,0.9437869787216187,0.7725816369056702
YDR245W,YCR055C,0,0.3162291,0.11034244298934937,0.9437869787216187,0.7726817727088928
YKL200C,YPL183W-A,0,0.3162291,0.11032971739768982,0.9437869787216187,0.7727819085121155
YFL011W-A,YOL040C,0,0.3162291,0.11031699925661087,0.9437869787216187,0.7728820443153381
YPL139C,YLR391W-A,0,0.3162291,0.11030428856611252,0.9437869787216187,0.7729821801185608
YGR144W,YFL011W-A,0,0.3162291,0.11029157787561417,0.9437869787216187,0.7730823159217834
YOL053C-A,YPL129W,0,0.3162291,0.11027886718511581,0.9437869787216187,0.7731824517250061
YPR083W,YCR097WB,0,0.3162291,0.11026615649461746,0.9437869787216187,0.7732825875282288
YKR071C,YNL138W-A,0,0.3162291,0.11025345325469971,0.9437869787216187,0.7733827233314514
YEL043W,YLR154W-A,0,0.3162291,0.11024075746536255,0.9437869787216187,0.7734828591346741
YOL129W,YOL053C-A,0,0.3162291,0.11022806167602539,0.9437869787216187,0.7735829949378967
YJL012C-A,YNR035C,0,0.3162291,0.11021536588668823,0.9437869787216187,0.7736831307411194
YBL029C-A,YFL017W-A,0,0.3162291,0.11020267009735107,0.9437869787216187,0.7737833261489868
YPR072W,YFL011W-A,0,0.3162291,0.11018998175859451,0.9437869787216187,0.7738834619522095
YCR020W-B,YFL035C,1,0.3162291,0.11029242724180222,0.9447731971740723,0.7738834619522095
YLR391W-A,YBR026C,0,0.3162291,0.11027973145246506,0.9447731971740723,0.7739835977554321
YMR315W,YFL011W-A,0,0.3162291,0.1102670356631279,0.9447731971740723,0.7740837335586548
YBL029C-A,YBL089W,0,0.3162291,0.11025434732437134,0.9447731971740723,0.7741838693618774
YBR111W-A,YNR035C,0,0.3162291,0.11024165898561478,0.9447731971740723,0.7742840051651001
YOR343W-B,YCL026C-B,0,0.3162291,0.11022897064685822,0.9447731971740723,0.7743841409683228
YDR014W-A,YMR308C,0,0.3162291,0.11021628975868225,0.9447731971740723,0.7744842767715454
YPR035W,YOL053C-A,0,0.3162291,0.11020360887050629,0.9447731971740723,0.7745844125747681
YDR014W-A,YJR133W,0,0.3162291,0.11019093543291092,0.9447731971740723,0.7746845483779907
YNL271C,YOL053C-A,0,0.3162291,0.11017826199531555,0.9447731971740723,0.7747846841812134
YGR031C-A,YOR226C,0,0.3162291,0.11016559600830078,0.9447731971740723,0.774884819984436
YOR119C,YFL035C-A,1,0.3162291,0.11026790738105774,0.9457593560218811,0.774884819984436
YMR123W,YGR031C-A,0,0.3162291,0.11025523394346237,0.9457593560218811,0.7749849557876587
YGR258C,YMR268W-A,0,0.3162291,0.11024255305528641,0.9457593560218811,0.7750850915908813
YBR111W-A,YIL047C,0,0.3162291,0.11022988706827164,0.9457593560218811,0.7751852869987488
YFL035C-A,YBL088C,1,0.3162291,0.11033214628696442,0.9467455744743347,0.7751852869987488
YGR070W,YLR154W-A,0,0.3162291,0.11031946539878845,0.9467455744743347,0.7752854228019714
YNL172W,YCR080W,0,0.3162291,0.11030679196119308,0.9467455744743347,0.7753855586051941
YLR391W-A,YEL041W,0,0.3162291,0.11029411852359772,0.9467455744743347,0.7754856944084167
YJL012C-A,YGL010W,0,0.3162291,0.11028144508600235,0.9467455744743347,0.7755858302116394
YER050C,YMR268W-A,0,0.3162291,0.11026877909898758,0.9467455744743347,0.7756859660148621
YDR014W-A,YLR129W,0,0.3162291,0.11025611311197281,0.9467455744743347,0.7757861018180847
YDR405W,YLR154W-A,0,0.3162291,0.11024345457553864,0.9467455744743347,0.7758862376213074
YNL138W-A,YER162C,0,0.3162291,0.11023079603910446,0.9467455744743347,0.77598637342453
YMR039C,YDR014W-A,0,0.3162291,0.11021813750267029,0.9467455744743347,0.7760865092277527
YKL200C,YMR143W,0,0.3162291,0.11020548641681671,0.9467455744743347,0.7761866450309753
YGL112C,YMR268W-A,0,0.3162291,0.11019283533096313,0.9467455744743347,0.776286780834198
YNL138W-A,YJL172W,0,0.3162291,0.11018019169569016,0.9467455744743347,0.7763869166374207
YGR031C-A,YGR222W,0,0.3162291,0.11016754806041718,0.9467455744743347,0.7764870524406433
YDR014W-A,YOR085W,0,0.3162291,0.1101549044251442,0.9467455744743347,0.7765872478485107
YGR031C-A,YBL092W,0,0.3162291,0.11014226824045181,0.9467455744743347,0.7766873836517334
YFL035C-A,YLR127C,1,0.3162291,0.11024434864521027,0.9477317333221436,0.7766873836517334
YFL011W-A,YCL003W,0,0.3162291,0.11023170500993729,0.9477317333221436,0.776787519454956
YDR451C,YMR268W-A,0,0.3162291,0.1102190613746643,0.9477317333221436,0.7768876552581787
YJR031C,YGL046W,0,0.3162291,0.11020642518997192,0.9477317333221436,0.7769877910614014
YDR014W-A,YDL040C,0,0.3162291,0.11019378155469894,0.9477317333221436,0.777087926864624
YCL036W,YFL011W-A,0,0.3162291,0.11018115282058716,0.9477317333221436,0.7771880626678467
YGR161W-B,YCR055C,0,0.3162291,0.11016851663589478,0.9477317333221436,0.7772881984710693
YDR014W-A,YLL012W,0,0.3162291,0.11015589535236359,0.9477317333221436,0.777388334274292
YLR391W-A,YOR020C,0,0.3162291,0.1101432666182518,0.9477317333221436,0.7774884700775146
YDR210C-C,YCR080W,0,0.3162291,0.11013064533472061,0.9477317333221436,0.7775886058807373
YDR014W-A,YGR268C,0,0.3162291,0.11011802405118942,0.9477317333221436,0.77768874168396
YGR031C-A,YHR209W,0,0.3162291,0.11010541021823883,0.9477317333221436,0.7777888774871826
YBR111W-A,YLR219W,0,0.3162291,0.11009279638528824,0.9477317333221436,0.77788907289505
YHR077C,YLR154W-A,0,0.3162291,0.11008018255233765,0.9477317333221436,0.7779892086982727
YOR324C,YMR268W-A,0,0.3162291,0.11006757616996765,0.9477317333221436,0.7780893445014954
YDR014W-A,YCL014W,0,0.3162291,0.11005496978759766,0.9477317333221436,0.778189480304718
YDR014W-A,YOR232W,0,0.3162291,0.11004237085580826,0.9477317333221436,0.7782896161079407
YFL011W-A,YHR085W,0,0.3162291,0.11002977192401886,0.9477317333221436,0.7783897519111633
YFL011W-A,YLR380W,0,0.3162291,0.11001717299222946,0.9477317333221436,0.778489887714386
YJL012C-A,YLR020C,0,0.3162291,0.11000458151102066,0.9477317333221436,0.7785900235176086
YJL012C-A,YJL128C,0,0.3162291,0.10999199002981186,0.9477317333221436,0.7786901593208313
YBR278W,YFL011W-A,0,0.3162291,0.10997939854860306,0.9477317333221436,0.778790295124054
YNL117W,YLR154W-A,0,0.3162291,0.10996681451797485,0.9477317333221436,0.7788904309272766
YKL061W,YOL053C-A,0,0.3162291,0.10995423048734665,0.9477317333221436,0.7789905667304993
YGR251W,YNL138W-A,0,0.3162291,0.10994165390729904,0.9477317333221436,0.7790907025337219
YDR099W,YFL035C-A,1,0.3162291,0.110043466091156,0.9487179517745972,0.7790907025337219
YDL206W,YMR268W-A,0,0.3162291,0.1100308820605278,0.9487179517745972,0.7791908383369446
YER138C,YBR075W,0,0.3162291,0.1100182980298996,0.9487179517745972,0.779291033744812
YBR111W-A,YDR457W,0,0.3162291,0.11000571399927139,0.9487179517745972,0.7793911695480347
YKR071C,YFL011W-A,0,0.3162291,0.10999313741922379,0.9487179517745972,0.7794913053512573
YIL134W,YOL053C-A,0,0.3162291,0.10998056828975677,0.9487179517745972,0.77959144115448
YBL091C-A,YMR268W-A,0,0.3162291,0.10996799170970917,0.9487179517745972,0.7796915769577026
YGR031C-A,YGR246C,0,0.3162291,0.10995542258024216,0.9487179517745972,0.7797917127609253
YAL063C,YMR268W-A,0,0.3162291,0.10994285345077515,0.9487179517745972,0.779891848564148
YJL012C-A,YER168C,0,0.3162291,0.10993029177188873,0.9487179517745972,0.7799919843673706
YKL200C,YDR210C-C,0,0.3162291,0.10991773009300232,0.9487179517745972,0.7800921201705933
YLR391W-A,YLR209C,0,0.3162291,0.1099051758646965,0.9487179517745972,0.7801922559738159
YMR182C,YJL012C-A,0,0.3162291,0.10989262163639069,0.9487179517745972,0.7802923917770386
YBL091C-A,YLR391W-A,0,0.3162291,0.10988006740808487,0.9487179517745972,0.7803925275802612
YDR014W-A,YDL097C,0,0.3162291,0.10986752063035965,0.9487179517745972,0.7804926633834839
YLR391W-A,YEL070W,0,0.3162291,0.10985497385263443,0.9487179517745972,0.7805928587913513
YLR391W-A,YLR325C,0,0.3162291,0.10984242707490921,0.9487179517745972,0.780692994594574
YBL101W-B,YNL262W,0,0.3162291,0.10982988774776459,0.9487179517745972,0.7807931303977966
YIR025W,YLR391W-A,0,0.3162291,0.10981734842061996,0.9487179517745972,0.7808932662010193
YKL064W,YMR268W-A,0,0.3162291,0.10980481654405594,0.9487179517745972,0.7809934020042419
YBL101W-B,YJR101W,0,0.3162291,0.10979228466749191,0.9487179517745972,0.7810935378074646
YER014C-A,YLR227W-B,0,0.3162291,0.10977975279092789,0.9487179517745972,0.7811936736106873
YJL012C-A,YFR018C,0,0.3162291,0.10976722836494446,0.9487179517745972,0.7812938094139099
YJL012C-A,YOL104C,0,0.3162291,0.10975470393896103,0.9487179517745972,0.7813939452171326
YFL035C-A,YLR238W,1,0.3162291,0.1098562628030777,0.9497041702270508,0.7813939452171326
YDR411C,YLR154W-A,0,0.3162291,0.10984373092651367,0.9497041702270508,0.7814940810203552
YGR010W,YOL053C-A,0,0.3162291,0.10983120650053024,0.9497041702270508,0.7815942168235779
YNL138W-A,YGL148W,0,0.3162291,0.10981868207454681,0.9497041702270508,0.7816943526268005
YMR227C,YOL053C-A,0,0.3162291,0.10980615764856339,0.9497041702270508,0.7817944884300232
YFL011W-A,YPL163C,0,0.3162291,0.10979364067316055,0.9497041702270508,0.7818946242332458
YOL004W,YMR268W-A,0,0.3162291,0.10978112369775772,0.9497041702270508,0.7819948196411133
YJL134W,YLR391W-A,0,0.3162291,0.10976860672235489,0.9497041702270508,0.7820949554443359
YML058W-A,YMR268W-A,0,0.3162291,0.10975609719753265,0.9497041702270508,0.7821950912475586
YNL138W-A,YBR243C,0,0.3162291,0.10974358767271042,0.9497041702270508,0.7822952270507812
YFL011W-A,YPL065W,0,0.3162291,0.10973108559846878,0.9497041702270508,0.7823953628540039
YJL012C-A,YDL225W,0,0.3162291,0.10971858352422714,0.9497041702270508,0.7824954986572266
YJL012C-A,YCL025C,0,0.3162291,0.1097060814499855,0.9497041702270508,0.7825956344604492
YEL062W,YOL053C-A,0,0.3162291,0.10969358682632446,0.9497041702270508,0.7826957702636719
YDR254W,YDR014W-A,0,0.3162291,0.10968109220266342,0.9497041702270508,0.7827959060668945
YJL071W,YLR154W-A,0,0.3162291,0.10966860502958298,0.9497041702270508,0.7828960418701172
YLR391W-A,YBR115C,0,0.3162291,0.10965611785650253,0.9497041702270508,0.7829961776733398
YDR072C,YBR111W-A,0,0.3162291,0.10964363068342209,0.9497041702270508,0.7830963134765625
YFL011W-A,YPL007C,0,0.3162291,0.10963115096092224,0.9497041702270508,0.7831964492797852
YNL138W-A,YKR101W,0,0.3162291,0.1096186712384224,0.9497041702270508,0.7832966446876526
YBR111W-A,YNL078W,0,0.3162291,0.10960619151592255,0.9497041702270508,0.7833967804908752
YDR310C,YMR268W-A,0,0.3162291,0.1095937192440033,0.9497041702270508,0.7834969162940979
YFL011W-A,YPL087W,0,0.3162291,0.10958124697208405,0.9497041702270508,0.7835970520973206
YGR031C-A,YNL309W,0,0.3162291,0.10956878215074539,0.9497041702270508,0.7836971879005432
YGR031C-A,YGL122C,0,0.3162291,0.10955631732940674,0.9497041702270508,0.7837973237037659
YLR154W-A,YDR508C,0,0.3162291,0.10954385250806808,0.9497041702270508,0.7838974595069885
YGR031C-A,YLR024C,0,0.3162291,0.10953139513731003,0.9497041702270508,0.7839975953102112
YJL012C-A,YIL080W,0,0.3162291,0.10951893776655197,0.9497041702270508,0.7840977311134338
YBR067C,YLR391W-A,0,0.3162291,0.10950648039579391,0.9497041702270508,0.7841978669166565
YGR031C-A,YJL085W,0,0.3162291,0.10949403047561646,0.9497041702270508,0.7842980027198792
YGR031C-A,YGR012W,0,0.3162291,0.109481580555439,0.9497041702270508,0.7843981385231018
YBR111W-A,YLR390W,0,0.3162291,0.10946913808584213,0.9497041702270508,0.7844982743263245
YOR287C,YOL053C-A,0,0.3162291,0.10945669561624527,0.9497041702270508,0.7845984101295471
YGR031C-A,YDR416W,0,0.3162291,0.10944425314664841,0.9497041702270508,0.7846986055374146
YFL035C,YGR271W,0,0.3162291,0.10943181812763214,0.9497041702270508,0.7847987413406372
YJR151C,YNL138W-A,0,0.3162291,0.10941938310861588,0.9497041702270508,0.7848988771438599
YFL011W-A,YIL047C,0,0.3162291,0.1094069555401802,0.9497041702270508,0.7849990129470825
YMR182C,YNL138W-A,0,0.3162291,0.10939452797174454,0.9497041702270508,0.7850991487503052
YPL002C,YNL138W-A,0,0.3162291,0.10938210040330887,0.9497041702270508,0.7851992845535278
YBR111W-A,YOR215C,0,0.3162291,0.1093696728348732,0.9497041702270508,0.7852994203567505
YDR030C,YJL012C-A,0,0.3162291,0.10935725271701813,0.9497041702270508,0.7853995561599731
YDR138W,YMR268W-A,0,0.3162291,0.10934484004974365,0.9497041702270508,0.7854996919631958
YIL017W,YDR496C,0,0.3162291,0.10933242738246918,0.9497041702270508,0.7855998277664185
YJL012C-A,YMR200W,0,0.3162291,0.1093200147151947,0.9497041702270508,0.7856999635696411
YGR031C-A,YMR160W,0,0.3162291,0.10930760204792023,0.9497041702270508,0.7858000993728638
YMR321C,YJL012C-A,0,0.3162291,0.10929519683122635,0.9497041702270508,0.7859002351760864
YGL212W,YMR268W-A,0,0.3162291,0.10928279906511307,0.9497041702270508,0.7860003709793091
YBR111W-A,YML128C,0,0.3162291,0.10927039384841919,0.9497041702270508,0.7861005663871765
YDL029W,YMR268W-A,0,0.3162291,0.10925799608230591,0.9497041702270508,0.7862007021903992
YDL056W,YFL035C-A,1,0.3162291,0.10935904830694199,0.9506903290748596,0.7862007021903992
YFL011W-A,YMR227C,0,0.3162291,0.10934664309024811,0.9506903290748596,0.7863008379936218
YBR075W,YDR261W-A,0,0.3162291,0.10933423787355423,0.9506903290748596,0.7864009737968445
YDR014W-A,YNL050C,0,0.3162291,0.10932184010744095,0.9506903290748596,0.7865011096000671
YDR261C-D,YMR268W-A,0,0.3162291,0.10930944234132767,0.9506903290748596,0.7866012454032898
YLR312W-A,YCL026C-B,0,0.3162291,0.10929705202579498,0.9506903290748596,0.7867013812065125
YLL029W,YJL012C-A,0,0.3162291,0.1092846617102623,0.9506903290748596,0.7868015170097351
YLR391W-A,YOR313C,0,0.3162291,0.10927227139472961,0.9506903290748596,0.7869016528129578
YOL053C-A,YGR027C,0,0.3162291,0.10925988852977753,0.9506903290748596,0.7870017886161804
YDR014W-A,YMR180C,0,0.3162291,0.10924750566482544,0.9506903290748596,0.7871019244194031
YLR391W-A,YJR140C,0,0.3162291,0.10923513025045395,0.9506903290748596,0.7872020602226257
YPL273W,YLR154W-A,0,0.3162291,0.10922274738550186,0.9506903290748596,0.7873021960258484
YNL138W-A,YOR299W,0,0.3162291,0.10921037942171097,0.9506903290748596,0.7874023914337158
YER014C-A,YDR014W-A,0,0.3162291,0.10919800400733948,0.9506903290748596,0.7875025272369385
YOL053C-A,YBL026W,0,0.3162291,0.10918563604354858,0.9506903290748596,0.7876026630401611
YLL043W,YMR268W-A,0,0.3162291,0.10917327553033829,0.9506903290748596,0.7877027988433838
YPL094C,YNL138W-A,0,0.3162291,0.1091609075665474,0.9506903290748596,0.7878029346466064
YKR054C,YCR097WB,0,0.3162291,0.1091485470533371,0.9506903290748596,0.7879030704498291
YOR297C,YDR014W-A,0,0.3162291,0.1091361939907074,0.9506903290748596,0.7880032062530518
YFL011W-A,YNL309W,0,0.3162291,0.1091238409280777,0.9506903290748596,0.7881033420562744
YBR111W-A,YGL236C,0,0.3162291,0.109111487865448,0.9506903290748596,0.7882034778594971
YJL225C,YDR014W-A,0,0.3162291,0.1090991422533989,0.9506903290748596,0.7883036136627197
YMR268W-A,YMR034C,0,0.3162291,0.10908679664134979,0.9506903290748596,0.7884037494659424
YDL245C,YDR014W-A,0,0.3162291,0.10907445102930069,0.9506903290748596,0.788503885269165
YPR137C-A,YGR031C-A,0,0.3162291,0.10906211286783218,0.9506903290748596,0.7886040210723877
YGR161W-B,YKR066C,0,0.3162214,0.10904977470636368,0.9506903290748596,0.7887041568756104
YDR210C-C,YJL117W,0,0.31620997,0.10903743654489517,0.9506903290748596,0.7888043522834778
YGR177C,YCR097WB,0,0.31617016,0.10902510583400726,0.9506903290748596,0.7889044880867004
YLR197W,YLR391W,0,0.31594232,0.10901277512311935,0.9506903290748596,0.7890046238899231
YJL141C,YER115C,0,0.31562057,0.10900045186281204,0.9506903290748596,0.7891047596931458
YLR383W,YCL043C,0,0.31554526,0.10898812860250473,0.9506903290748596,0.7892048954963684
YJR004C,YGL046W,0,0.31535125,0.10897580534219742,0.9506903290748596,0.7893050312995911
YBR278W,YPR137W,0,0.31533015,0.1089634895324707,0.9506903290748596,0.7894051671028137
YBR081C,YNR072W,0,0.31522018,0.10895117372274399,0.9506903290748596,0.7895053029060364
YKL200C,YJL155C,0,0.31471926,0.10893886536359787,0.9506903290748596,0.789605438709259
YFL035C,YLR268W,0,0.3145222,0.10892655700445175,0.9506903290748596,0.7897055745124817
YJL079C,YOR355W,0,0.314228,0.10891424864530563,0.9506903290748596,0.7898057103157043
YPL127C,YPR125W,0,0.31420285,0.10890194028615952,0.9506903290748596,0.789905846118927
YDR170C,YLR391W,0,0.31401664,0.108889639377594,0.9506903290748596,0.7900059819221497
YAL038W,YOR261C,0,0.313757,0.10887734591960907,0.9506903290748596,0.7901061773300171
YNL010W,YLR264W,0,0.31374124,0.10886504501104355,0.9506903290748596,0.7902063131332397
YPL050C,YLR391W,0,0.31373382,0.10885275155305862,0.9506903290748596,0.7903064489364624
YOR237W,YFL035C,0,0.31293118,0.1088404655456543,0.9506903290748596,0.7904065847396851
YDR498C,YCR055C,0,0.31210536,0.10882817953824997,0.9506903290748596,0.7905067205429077
YOR377W,YKL097W-A,0,0.31206015,0.10881589353084564,0.9506903290748596,0.7906068563461304
YGR010W,YAL016W,0,0.31182772,0.10880361497402191,0.9506903290748596,0.790706992149353
YCL003W,YGR214W,0,0.31175613,0.10879133641719818,0.9506903290748596,0.7908071279525757
YGR112W,YNL335W,0,0.31163585,0.10877905786037445,0.9506903290748596,0.7909072637557983
YIL080W,YCR055C,0,0.31125262,0.10876678675413132,0.9506903290748596,0.791007399559021
YOR126C,YHR174W,0,0.31122258,0.10875451564788818,0.9506903290748596,0.7911075353622437
YKL117W,YBR075W,0,0.31096542,0.10874224454164505,0.9506903290748596,0.7912076711654663
YKL061W,YNR035C,0,0.31084865,0.10872998088598251,0.9506903290748596,0.791307806968689
YFL035C,YJL214W,0,0.3108185,0.10871771723031998,0.9506903290748596,0.7914079427719116
YJR005W,YGL051W,0,0.3101817,0.10870546102523804,0.9506903290748596,0.791508138179779
YPR190C,YGL046W,0,0.31013232,0.1086931973695755,0.9506903290748596,0.7916082739830017
YOR142W,YNL016W,0,0.30957168,0.10868094861507416,0.9506903290748596,0.7917084097862244
YMR038C,YDL035C,0,0.30933353,0.10866869240999222,0.9506903290748596,0.791808545589447
YKL161C,YBL101W-B,0,0.3092523,0.10865644365549088,0.9506903290748596,0.7919086813926697
YOR377W,YLR410W-A,0,0.3089196,0.10864420235157013,0.9506903290748596,0.7920088171958923
YML045W-A,YGR271W,0,0.3087747,0.10863196104764938,0.9506903290748596,0.792108952999115
YDR460W,YCR097WB,0,0.30857617,0.10861971974372864,0.9506903290748596,0.7922090888023376
YNR003C,YCL003W,0,0.30806908,0.10860747843980789,0.9506903290748596,0.7923092246055603
YDL197C,YLR256W-A,0,0.30806893,0.10859524458646774,0.9506903290748596,0.792409360408783
YFL002W-B,YML030W,0,0.30794683,0.1085830107331276,0.9506903290748596,0.7925094962120056
YIL134W,YDL171C,0,0.30794072,0.10857078433036804,0.9506903290748596,0.7926096320152283
YFR045W,YPR002W,0,0.30793023,0.10855855792760849,0.9506903290748596,0.7927097678184509
YJL034W,YMR145C,0,0.30757347,0.10854633152484894,0.9506903290748596,0.7928099632263184
YGR056W,YIL017W,0,0.307437,0.10853411257266998,0.9506903290748596,0.792910099029541
YOR147W,YOL040C,0,0.30732375,0.10852189362049103,0.9506903290748596,0.7930102348327637
YKL170W,YBR075W,0,0.30729666,0.10850968211889267,0.9506903290748596,0.7931103706359863
YKL117W,YOR285W,0,0.30710763,0.10849747061729431,0.9506903290748596,0.793210506439209
YBL101W-B,YLR164W,0,0.30701417,0.10848525911569595,0.9506903290748596,0.7933106422424316
YIL006W,YPR198W,0,0.30687726,0.1084730476140976,0.9506903290748596,0.7934107780456543
YPR026W,YEL070W,0,0.30663848,0.10846084356307983,0.9506903290748596,0.793510913848877
YEL069C,YIR038C,0,0.30629262,0.10844864696264267,0.9506903290748596,0.7936110496520996
YDR389W,YCL026C-B,0,0.3062454,0.10843644291162491,0.9506903290748596,0.7937111854553223
YMR008C,YLR390W,0,0.3058993,0.10842424631118774,0.9506903290748596,0.7938113212585449
YOL103W-B,YDR476C,0,0.30588228,0.10841205716133118,0.9506903290748596,0.7939114570617676
YMR046C,YML128C,0,0.30573532,0.10839986801147461,0.9506903290748596,0.7940115928649902
YDR059C,YAL017W,0,0.3057109,0.10838767886161804,0.9506903290748596,0.7941117286682129
YLR080W,YAL063C,0,0.3056656,0.10837548971176147,0.9506903290748596,0.7942119240760803
YBR118W,YCL060C,0,0.30535755,0.1083633080124855,0.9506903290748596,0.794312059879303
YNL175C,YFL017W-A,0,0.30527592,0.10835112631320953,0.9506903290748596,0.7944121956825256
YKL082C,YCL060C,0,0.30496103,0.10833895206451416,0.9506903290748596,0.7945123314857483
YNL131W,YBR075W,0,0.30489707,0.10832677781581879,0.9506903290748596,0.794612467288971
YPR011C,YMR300C,0,0.30485702,0.10831460356712341,0.9506903290748596,0.7947126030921936
YJR151C,YPL050C,0,0.3043967,0.10830243676900864,0.9506903290748596,0.7948127388954163
YOL141W,YLR410W-A,0,0.30434194,0.10829026997089386,0.9506903290748596,0.7949128746986389
YCR080W,YLR278C,0,0.30388117,0.10827811062335968,0.9506903290748596,0.7950130105018616
YOR292C,YDR381C-A,0,0.30380142,0.1082659512758255,0.9506903290748596,0.7951131463050842
YPR187W,YNL138W,0,0.30369568,0.10825379192829132,0.9506903290748596,0.7952132821083069
YMR284W,YDR261C-D,0,0.30360854,0.10824163258075714,0.9506903290748596,0.7953134179115295
YAR035W,YNL182C,0,0.3033753,0.10822948068380356,0.9506903290748596,0.7954135537147522
YDR518W,YKL097W-A,0,0.30331737,0.10821733623743057,0.9506903290748596,0.7955136895179749
YDL133C-A,YOR148C,0,0.30323258,0.10820518434047699,0.9506903290748596,0.7956138849258423
YOR138C,YIL017W,0,0.30268425,0.108193039894104,0.9506903290748596,0.7957140207290649
YOL086C,YBR294W,0,0.30262396,0.10818090289831161,0.9506903290748596,0.7958141565322876
YGR225W,YDL128W,0,0.3022588,0.10816875845193863,0.9506903290748596,0.7959142923355103
YPR043W,YLR391W,0,0.3018995,0.10815662145614624,0.9506903290748596,0.7960144281387329
YOR279C,YFL010W-A,0,0.30186287,0.10814449191093445,0.9506903290748596,0.7961145639419556
YKL200C,YPR002W,0,0.3018459,0.10813236236572266,0.9506903290748596,0.7962146997451782
YKL097W-A,YLR301W,0,0.30159637,0.10812023282051086,0.9506903290748596,0.7963148355484009
YPR158C-C,YOR275C,0,0.30158737,0.10810811072587967,0.9506903290748596,0.7964149713516235
YLR020C,YER087C-B,0,0.30157882,0.10809598863124847,0.9506903290748596,0.7965151071548462
YPL064C,YCL060C,0,0.30134487,0.10808386653661728,0.9506903290748596,0.7966152429580688
YBR067C,YOL124C,0,0.30120134,0.10807175189256668,0.9506903290748596,0.7967153787612915
YNL178W,YCL060C,0,0.3011394,0.10805963724851608,0.9506903290748596,0.7968155145645142
YKL200C,YPL273W,0,0.30107665,0.10804752260446548,0.9506903290748596,0.7969157099723816
YFL002W-B,YOR222W,0,0.30071038,0.10803541541099548,0.9506903290748596,0.7970158457756042
YOR054C,YER098W,0,0.30043638,0.10802330821752548,0.9506903290748596,0.7971159815788269
YKR054C,YLL045C,0,0.30029628,0.10801120102405548,0.9506903290748596,0.7972161173820496
YOR147W,YBR026C,0,0.30028376,0.10799910128116608,0.9506903290748596,0.7973162531852722
YCL060C,YDL127W,1,0.29996154,0.10809902846813202,0.9516765475273132,0.7973162531852722
YDL140C,YCL003W,0,0.29925463,0.10808692127466202,0.9516765475273132,0.7974163889884949
YGR109W-B,YGR239C,0,0.2992025,0.10807481408119202,0.9516765475273132,0.7975165247917175
YKL200C,YFL023W,0,0.29912364,0.10806270688772202,0.9516765475273132,0.7976166605949402
YPR011C,YOR204W,0,0.29846203,0.10805060714483261,0.9516765475273132,0.7977167963981628
YGL086W,YFL035C,1,0.29830992,0.10815046727657318,0.9526627063751221,0.7977167963981628
YIL017W,YBL098W,0,0.298209,0.10813836008310318,0.9526627063751221,0.7978169322013855
YMR046C,YNL274C,0,0.29815903,0.10812626034021378,0.9526627063751221,0.7979170680046082
YER103W,YIL083C,0,0.2980417,0.10811416059732437,0.9526627063751221,0.7980172038078308
YAL054C,YOR338W,0,0.29784566,0.10810206085443497,0.9526627063751221,0.7981173396110535
YIL170W,YJL130C,0,0.2971629,0.10808996111154556,0.9526627063751221,0.7982174754142761
YBL101W-B,YKL186C,0,0.29669678,0.10807786881923676,0.9526627063751221,0.7983176708221436
YHL012W,YMR136W,0,0.29668456,0.10806577652692795,0.9526627063751221,0.7984178066253662
YPR133W-A,YHR057C,0,0.2964865,0.10805369168519974,0.9526627063751221,0.7985179424285889
YNL172W,YHR214C-B,0,0.29642266,0.10804160684347153,0.9526627063751221,0.7986180782318115
YKL097W-A,YDR081C,0,0.2962492,0.10802952200174332,0.9526627063751221,0.7987182140350342
YCL060C,YBR103W,1,0.29620683,0.10812926292419434,0.9536489248275757,0.7987182140350342
YKL200C,YNL223W,0,0.2961228,0.10811717063188553,0.9536489248275757,0.7988183498382568
YDR211W,YOR230W,0,0.2956593,0.10810508579015732,0.9536489248275757,0.7989184856414795
YML032C,YCR097WB,0,0.29541743,0.10809300094842911,0.9536489248275757,0.7990186214447021
YLR386W,YLR391W,0,0.29508674,0.1080809235572815,0.9536489248275757,0.7991187572479248
YOR159C,YLR256W-A,0,0.29504478,0.10806883871555328,0.9536489248275757,0.7992188930511475
YDR405W,YBR096W,0,0.29499382,0.10805676877498627,0.9536489248275757,0.7993190288543701
YOL045W,YLR395C,0,0.29477397,0.10804469138383865,0.9536489248275757,0.7994191646575928
YJL087C,YMR186W,0,0.29473943,0.10803262144327164,0.9536489248275757,0.7995193004608154
YHR179W,YCR055C,0,0.29455554,0.10802055150270462,0.9536489248275757,0.7996194958686829
YCR097WB,YDR109C,0,0.29428703,0.1080084890127182,0.9536489248275757,0.7997196316719055
YIL017W,YMR159C,0,0.29425204,0.10799642652273178,0.9536489248275757,0.7998197674751282
YLR050C,YJR103W,0,0.29418436,0.10798436403274536,0.9536489248275757,0.7999199032783508
YMR269W,YOR215C,0,0.29406846,0.10797230899333954,0.9536489248275757,0.8000200390815735
YER087C-B,YLR151C,0,0.2939964,0.10796025395393372,0.9536489248275757,0.8001201748847961
YNL297C,YFL035C,0,0.29393622,0.10794820636510849,0.9536489248275757,0.8002203106880188
YOL111C,YDR470C,0,0.2936561,0.10793615132570267,0.9536489248275757,0.8003204464912415
YDR131C,YDL022W,0,0.29350942,0.10792410373687744,0.9536489248275757,0.8004205822944641
YGR095C,YBR230C,0,0.2934869,0.10791206359863281,0.9536489248275757,0.8005207180976868
YFL035C,YNL092W,0,0.29348335,0.10790002346038818,0.9536489248275757,0.8006208539009094
YIL112W,YDR310C,1,0.2933953,0.10799955576658249,0.9546350836753845,0.8006208539009094
YPR158C-C,YMR227C,0,0.29318827,0.10798750817775726,0.9546350836753845,0.8007209897041321
YFR045W,YOR142W-A,0,0.29307976,0.10797546058893204,0.9546350836753845,0.8008211255073547
YKL085W,YCL060C,0,0.29279593,0.10796342045068741,0.9546350836753845,0.8009212613105774
YPR160W,YPR159W,0,0.29275155,0.10795138031244278,0.9546350836753845,0.8010214567184448
YKR066C,YLR256W-A,0,0.2925741,0.10793934017419815,0.9546350836753845,0.8011215925216675
YOR343W-B,YLR404W,0,0.29249352,0.10792730748653412,0.9546350836753845,0.8012217283248901
YLL004W,YMR159C,0,0.2922923,0.10791527479887009,0.9546350836753845,0.8013218641281128
YLR183C,YHR008C,0,0.29193175,0.10790324211120605,0.9546350836753845,0.8014219999313354
YBR075W,YDR332W,0,0.2918181,0.10789121687412262,0.9546350836753845,0.8015221357345581
YDL021W,YKL096W-A,0,0.2915643,0.10787919163703918,0.9546350836753845,0.8016222715377808
YDL215C,YDR261C-D,0,0.29138437,0.10786717385053635,0.9546350836753845,0.8017224073410034
YOL103W-B,YFR033C,0,0.29130527,0.10785515606403351,0.9546350836753845,0.8018225431442261
YLR016C,YGL060W,0,0.2905494,0.10784313827753067,0.9546350836753845,0.8019226789474487
YDR492W,YER104W,0,0.2904877,0.10783112049102783,0.9546350836753845,0.8020228147506714
YCL060C,YPL256C,1,0.29043815,0.1079304963350296,0.9556213021278381,0.8020228147506714
YOR038C,YOL136C,0,0.29011,0.10791847854852676,0.9556213021278381,0.802122950553894
YAL033W,YOL102C,0,0.28998074,0.10790646076202393,0.9556213021278381,0.8022230863571167
YBR118W,YOR298W,0,0.28986567,0.10789444297552109,0.9556213021278381,0.8023232817649841
YCL036W,YNR003C,0,0.28973553,0.10788243263959885,0.9556213021278381,0.8024234175682068
YJL114W,YBL076C,0,0.28903466,0.1078704223036766,0.9556213021278381,0.8025235533714294
YPL200W,YNR015W,0,0.2890097,0.10785841196775436,0.9556213021278381,0.8026236891746521
YDR415C,YJL117W,0,0.28875986,0.10784640908241272,0.9556213021278381,0.8027238249778748
YNR035C,YCL060C,0,0.28871608,0.10783440619707108,0.9556213021278381,0.8028239607810974
YOR310C,YFL035C,0,0.28866002,0.10782241076231003,0.9556213021278381,0.8029240965843201
YER154W,YCL003W,0,0.2886454,0.10781041532754898,0.9556213021278381,0.8030242323875427
YGL046W,YMR304W,0,0.28842962,0.10779841989278793,0.9556213021278381,0.8031243681907654
YPR001W,YKL053C-A,0,0.2882499,0.10778643190860748,0.9556213021278381,0.803224503993988
YJL034W,YAR035W,0,0.2881497,0.10777444392442703,0.9556213021278381,0.8033246397972107
YBR075W,YBR276C,0,0.28805852,0.10776245594024658,0.9556213021278381,0.8034247756004333
YKL022C,YFL035C,1,0.28741604,0.10786166787147522,0.9566075205802917,0.8034247756004333
YFL035C,YKL022C,1,0.28741604,0.10796086490154266,0.9575936794281006,0.8034247756004333
YBL101W-B,YIR005W,0,0.28683636,0.10794886201620102,0.9575936794281006,0.803524911403656
YLR028C,YMR114C,0,0.28657967,0.10793685913085938,0.9575936794281006,0.8036250472068787
YMR173W,YML056C,0,0.28637126,0.10792486369609833,0.9575936794281006,0.8037252426147461
YCL060C,YLR079W,1,0.28620458,0.10802400857210159,0.9585798978805542,0.8037252426147461
YOR317W,YJL144W,0,0.28619036,0.10801199823617935,0.9585798978805542,0.8038253784179688
YBR075W,YJL144W,0,0.28602073,0.1080000028014183,0.9585798978805542,0.8039255142211914
YBR075W,YOR393W,0,0.28576496,0.10798799991607666,0.9585798978805542,0.8040256500244141
YBL101W-B,YDL097C,0,0.28536263,0.10797600448131561,0.9585798978805542,0.8041257858276367
YKL201C,YCL026C-B,0,0.28533655,0.10796400904655457,0.9585798978805542,0.8042259216308594
YNL079C,YGL046W,0,0.28463534,0.10795202106237411,0.9585798978805542,0.804326057434082
YAL038W,YCL060C,0,0.28405687,0.10794003307819366,0.9585798978805542,0.8044261932373047
YJR055W,YFL002W-B,0,0.28338087,0.10792804509401321,0.9585798978805542,0.8045263290405273
YPR198W,YCL003W,0,0.28325894,0.10791606456041336,0.9585798978805542,0.80462646484375
YAL022C,YDL061C,0,0.2830494,0.10790408402681351,0.9585798978805542,0.8047266006469727
YOL129W,YLR452C,0,0.2830357,0.10789211094379425,0.9585798978805542,0.8048267364501953
YBL101W-B,YOR324C,0,0.28303316,0.1078801304101944,0.9585798978805542,0.804926872253418
YDL246C,YCR080W,0,0.28288686,0.10786816477775574,0.9585798978805542,0.8050270080566406
YGL010W,YOR098C,0,0.28278852,0.10785619169473648,0.9585798978805542,0.8051272034645081
YKL200C,YJL053W,0,0.28271258,0.10784422606229782,0.9585798978805542,0.8052273392677307
YOR310C,YAR035W,0,0.28255725,0.10783226042985916,0.9585798978805542,0.8053274750709534
YGL046W,YAL031C,0,0.28197384,0.1078203022480011,0.9585798978805542,0.805427610874176
YBR020W,YFL035C,0,0.28170723,0.10780834406614304,0.9585798978805542,0.8055277466773987
YOR317W,YNL307C,0,0.28164285,0.10779638588428497,0.9585798978805542,0.8056278824806213
YHR132C,YBR067C,0,0.28161347,0.10778442770242691,0.9585798978805542,0.805728018283844
YMR250W,YCL003W,0,0.28145105,0.10777247697114944,0.9585798978805542,0.8058281540870667
YBR196C,YBL076C,0,0.28143138,0.10776053369045258,0.9585798978805542,0.8059282898902893
YGR032W,YNR060W,0,0.28132433,0.10774858295917511,0.9585798978805542,0.806028425693512
YCL060C,YDR109C,0,0.2813049,0.10773664712905884,0.9585798978805542,0.8061285614967346
YPL200W,YNL239W,0,0.28112563,0.10772470384836197,0.9585798978805542,0.8062286972999573
YPR204W,YJL172W,0,0.2805931,0.1077127680182457,0.9585798978805542,0.8063288331031799
YLR410W-A,YLR348C,0,0.28035557,0.10770083218812943,0.9585798978805542,0.8064290285110474
YFR001W,YBR115C,0,0.2802696,0.10768889635801315,0.9585798978805542,0.80652916431427
YGR175C,YPR163C,0,0.28005764,0.10767696797847748,0.9585798978805542,0.8066293001174927
YKL097W-A,YLL017W,0,0.2791851,0.1076650395989418,0.9585798978805542,0.8067294359207153
YBR075W,YGR118W,0,0.27876323,0.10765311866998672,0.9585798978805542,0.806829571723938
YKL013C,YDR261W-A,0,0.2786749,0.10764119774103165,0.9585798978805542,0.8069297075271606
YNL160W,YDR461W,0,0.27866587,0.10762927681207657,0.9585798978805542,0.8070298433303833
YOL103W-B,YIL046W,0,0.27805775,0.10761736333370209,0.9585798978805542,0.807129979133606
YJR021C,YJR101W,0,0.27778572,0.1076054498553276,0.9585798978805542,0.8072301149368286
YFL035C,YMR099C,0,0.2777324,0.10759353637695312,0.9585798978805542,0.8073302507400513
YOR168W,YBR075W,0,0.27694285,0.10758163034915924,0.9585798978805542,0.8074303865432739
YLR183C,YDR211W,0,0.27653763,0.10756972432136536,0.9585798978805542,0.8075305223464966
YJR057W,YBL101W-B,0,0.27633947,0.10755781829357147,0.9585798978805542,0.8076306581497192
YGR258C,YGR285C,0,0.2763045,0.10754591971635818,0.9585798978805542,0.8077307939529419
YGL181W,YFL035C,1,0.2762877,0.10764464735984802,0.959566056728363,0.8077307939529419
YBR066C,YCR055C,0,0.2760583,0.10763274133205414,0.959566056728363,0.8078309893608093
YBL101W-B,YKL165C,0,0.27565655,0.10762083530426025,0.959566056728363,0.807931125164032
YJL114W,YJL060W,0,0.27537864,0.10760893672704697,0.959566056728363,0.8080312609672546
YGR175C,YLR321C,0,0.27525425,0.10759703814983368,0.959566056728363,0.8081313967704773
YMR203W,YNL239W,0,0.2752206,0.10758513957262039,0.959566056728363,0.8082315325737
YGL226C-A,YJL130C,0,0.27505082,0.1075732484459877,0.959566056728363,0.8083316683769226
YAR002C-A,YJR040W,0,0.2749891,0.10756134986877441,0.959566056728363,0.8084318041801453
YKL082C,YFL035C,0,0.27487716,0.10754946619272232,0.959566056728363,0.8085319399833679
YMR300C,YNL219C,0,0.27472994,0.10753757506608963,0.959566056728363,0.8086320757865906
YCL060C,YDL101C,1,0.27471104,0.10763620585203171,0.9605522751808167,0.8086320757865906
YOL082W,YCL060C,0,0.2746728,0.10762430727481842,0.9605522751808167,0.8087322115898132
YLR256W-A,YPL218W,0,0.27463242,0.10761241614818573,0.9605522751808167,0.8088323473930359
YOR126C,YKL097W-A,0,0.27454317,0.10760053247213364,0.9605522751808167,0.8089324831962585
YPL094C,YGL046W,0,0.27454144,0.10758864134550095,0.9605522751808167,0.8090326189994812
YOR147W,YFL035C,0,0.27448803,0.10757676512002945,0.9605522751808167,0.8091328144073486
YLR312W-A,YOR313C,0,0.27417168,0.10756488144397736,0.9605522751808167,0.8092329502105713
YJR026W,YCL060C,0,0.27375653,0.10755300521850586,0.9605522751808167,0.809333086013794
YKR006C,YLR391W,0,0.27375314,0.10754112899303436,0.9605522751808167,0.8094332218170166
YOL026C,YDR062W,0,0.2737134,0.10752925276756287,0.9605522751808167,0.8095333576202393
YPL134C,YMR097C,0,0.27349484,0.10751738399267197,0.9605522751808167,0.8096334934234619
YLL008W,YGR175C,0,0.27307582,0.10750551521778107,0.9605522751808167,0.8097336292266846
YLR080W,YBR075W,0,0.27282244,0.10749365389347076,0.9605522751808167,0.8098337650299072
YBL098W,YLR391W,0,0.27278078,0.10748179256916046,0.9605522751808167,0.8099339008331299
YPR137W,YFL035C,0,0.2725463,0.10746993124485016,0.9605522751808167,0.8100340366363525
YLR043C,YNR013C,0,0.27241716,0.10745807737112045,0.9605522751808167,0.8101341724395752
YJR026W,YIL017W,0,0.2723276,0.10744622349739075,0.9605522751808167,0.8102343082427979
YBL101W-B,YMR032W,0,0.272285,0.10743436962366104,0.9605522751808167,0.8103344440460205
YBR075W,YOR382W,0,0.27210215,0.10742252320051193,0.9605522751808167,0.8104345798492432
YEL040W,YLR227W-B,0,0.2719271,0.10741067677736282,0.9605522751808167,0.8105347752571106
YDR164C,YLR391W,0,0.27180803,0.10739883035421371,0.9605522751808167,0.8106349110603333
YKL117W,YEL029C,0,0.27167833,0.1073869913816452,0.9605522751808167,0.8107350468635559
YMR238W,YCL060C,0,0.2715463,0.10737515240907669,0.9605522751808167,0.8108351826667786
YBL101W-B,YOR222W,0,0.27152324,0.10736331343650818,0.9605522751808167,0.8109353184700012
YIL006W,YCL060C,0,0.27135235,0.10735148191452026,0.9605522751808167,0.8110354542732239
YBR247C,YML028W,0,0.27131963,0.10733965039253235,0.9605522751808167,0.8111355900764465
YLR129W,YCR097WB,0,0.27123997,0.10732782632112503,0.9605522751808167,0.8112357258796692
YGL083W,YFL035C,0,0.27109736,0.10731599479913712,0.9605522751808167,0.8113358616828918
YGR282C,YHL027W,0,0.27105913,0.1073041781783104,0.9605522751808167,0.8114359974861145
YGR052W,YNL010W,0,0.27101713,0.10729235410690308,0.9605522751808167,0.8115361332893372
YDL245C,YGR027C,0,0.27098668,0.10728053748607635,0.9605522751808167,0.8116362690925598
YBL051C,YDL165W,1,0.27094215,0.10737885534763336,0.9615384340286255,0.8116362690925598
YDR414C,YPL093W,0,0.2705965,0.10736703127622604,0.9615384340286255,0.8117364048957825
YML045W-A,YLL012W,0,0.26974484,0.10735520720481873,0.9615384340286255,0.8118366003036499
YLR033W,YMR143W,0,0.26965708,0.107343390583992,0.9615384340286255,0.8119367361068726
YLL019C,YLR227W-B,0,0.26925373,0.10733157396316528,0.9615384340286255,0.8120368719100952
YGR161W-B,YJL112W,0,0.26899943,0.10731975734233856,0.9615384340286255,0.8121370077133179
YIR039C,YGR239C,0,0.2688456,0.10730794817209244,0.9615384340286255,0.8122371435165405
YKR054C,YOR142W-A,0,0.26874292,0.10729613900184631,0.9615384340286255,0.8123372793197632
YBR230C,YLL027W,0,0.26860124,0.10728432983160019,0.9615384340286255,0.8124374151229858
YNL298W,YHR057C,0,0.26775065,0.10727252811193466,0.9615384340286255,0.8125375509262085
YOL103W-B,YLR329W,0,0.26655188,0.10726072639226913,0.9615384340286255,0.8126376867294312
YIL134W,YCR060W,0,0.2661567,0.10724892467260361,0.9615384340286255,0.8127378225326538
YDR405W,YLR330W,0,0.26568764,0.10723713040351868,0.9615384340286255,0.8128379583358765
YMR169C,YBR010W,0,0.2646471,0.10722533613443375,0.9615384340286255,0.8129380941390991
YBR155W,YDL171C,0,0.2644744,0.10721354931592941,0.9615384340286255,0.8130382299423218
YBR196C,YAR002C-A,0,0.26442546,0.10720176249742508,0.9615384340286255,0.8131383657455444
YMR296C,YDR261W-A,0,0.2643506,0.10718997567892075,0.9615384340286255,0.8132385611534119
YPR137C-A,YDR159W,0,0.26399207,0.10717818886041641,0.9615384340286255,0.8133386969566345
YDL198C,YBR115C,0,0.2638506,0.10716640949249268,0.9615384340286255,0.8134388327598572
YNL073W,YLR153C,0,0.2635959,0.10715463012456894,0.9615384340286255,0.8135389685630798
YNL160W,YNL236W,0,0.2632388,0.1071428582072258,0.9615384340286255,0.8136391043663025
YDL133C-A,YOR343W-B,0,0.26321715,0.10713108628988266,0.9615384340286255,0.8137392401695251
YDL142C,YLR348C,0,0.26318568,0.10711931437253952,0.9615384340286255,0.8138393759727478
YKR036C,YER087C-B,0,0.26288936,0.10710754990577698,0.9615384340286255,0.8139395117759705
YLR080W,YMR145C,0,0.26256424,0.10709578543901443,0.9615384340286255,0.8140396475791931
YJR149W,YDL140C,0,0.2625138,0.10708402097225189,0.9615384340286255,0.8141397833824158
YDR378C,YPL134C,0,0.26155087,0.10707225650548935,0.9615384340286255,0.8142399191856384
YKR054C,YPL257W-B,0,0.26147905,0.1070604994893074,0.9615384340286255,0.8143400549888611
YDR210C-C,YLL055W,0,0.26140636,0.10704874992370605,0.9615384340286255,0.8144401907920837
YDR210C-C,YIL170W,0,0.26132792,0.10703699290752411,0.9615384340286255,0.8145403861999512
YCL043C,YFR033C,0,0.26130536,0.10702524334192276,0.9615384340286255,0.8146405220031738
YPR158C-C,YGR077C,0,0.26116404,0.10701350122690201,0.9615384340286255,0.8147406578063965
YMR146C,YMR117C,0,0.2603839,0.10700175911188126,0.9615384340286255,0.8148407936096191
YDR512C,YMR193W,0,0.26017597,0.1069900169968605,0.9615384340286255,0.8149409294128418
YDL245C,YJL134W,0,0.25946993,0.10697827488183975,0.9615384340286255,0.8150410652160645
YGL170C,YKL168C,0,0.25901127,0.1069665402173996,0.9615384340286255,0.8151412010192871
YLR440C,YFR018C,0,0.25895748,0.10695480555295944,0.9615384340286255,0.8152413368225098
YGR095C,YBR031W,0,0.25895238,0.10694307088851929,0.9615384340286255,0.8153414726257324
YDR261C-D,YLR380W,0,0.25861531,0.10693134367465973,0.9615384340286255,0.8154416084289551
YGR109W-B,YAL054C,0,0.2556648,0.10691961646080017,0.9615384340286255,0.8155417442321777
YGR252W,YLR227W-B,0,0.2555017,0.10690789669752121,0.9615384340286255,0.8156418800354004
YPR137C-A,YLR224W,0,0.2554788,0.10689617693424225,0.9615384340286255,0.815742015838623
YPR149W,YKR068C,0,0.2551731,0.10688445717096329,0.9615384340286255,0.8158421516418457
YHR209W,YOR099W,0,0.2545095,0.10687273740768433,0.9615384340286255,0.8159423470497131
YGR144W,YPL196W,0,0.25351194,0.10686102509498596,0.9615384340286255,0.8160424828529358
YDL179W,YLR401C,0,0.25349885,0.1068493127822876,0.9615384340286255,0.8161426186561584
YKL067W,YOR232W,0,0.25342363,0.10683760792016983,0.9615384340286255,0.8162427544593811
YNR067C,YBR052C,0,0.25311926,0.10682590305805206,0.9615384340286255,0.8163428902626038
YMR038C,YDR261C-D,0,0.2529673,0.1068141981959343,0.9615384340286255,0.8164430260658264
YKL093W,YOL062C,0,0.25240436,0.10680250078439713,0.9615384340286255,0.8165431618690491
YGR052W,YJL225C,0,0.2519752,0.10679079592227936,0.9615384340286255,0.8166432976722717
YJL011C,YOR274W,0,0.2514794,0.10677910596132278,0.9615384340286255,0.8167434334754944
YBL085W,YIR032C,0,0.25146207,0.10676740854978561,0.9615384340286255,0.816843569278717
YDR210C-C,YLR325C,0,0.25136468,0.10675571858882904,0.9615384340286255,0.8169437050819397
YGR077C,YMR272C,0,0.25118655,0.10674403607845306,0.9615384340286255,0.8170438408851624
YLR410W-A,YOL040C,0,0.2509315,0.10673234611749649,0.9615384340286255,0.817143976688385
YJL079C,YER145C,0,0.2506491,0.10672066360712051,0.9615384340286255,0.8172441124916077
YDR079W,YML132W,0,0.25054762,0.10670898854732513,0.9615384340286255,0.8173443078994751
YGL004C,YFR052W,0,0.25026873,0.10669730603694916,0.9615384340286255,0.8174444437026978
YNL131W,YJL079C,0,0.25005433,0.10668563097715378,0.9615384340286255,0.8175445795059204
YMR123W,YDR164C,0,0.24989757,0.106673963367939,0.9615384340286255,0.8176447153091431
YFR029W,YOR222W,0,0.2497707,0.10666228830814362,0.9615384340286255,0.8177448511123657
YBR031W,YIL079C,0,0.24929464,0.10665062069892883,0.9615384340286255,0.8178449869155884
YDR090C,YMR186W,0,0.24927962,0.10663896054029465,0.9615384340286255,0.817945122718811
YMR038C,YDR261W-A,0,0.24857947,0.10662729293107986,0.9615384340286255,0.8180452585220337
YDR492W,YPR083W,0,0.24813366,0.10661564022302628,0.9615384340286255,0.8181453943252563
YLR208W,YLR390W,0,0.24808958,0.10660398006439209,0.9615384340286255,0.818245530128479
YKL093W,YDL029W,0,0.247834,0.1065923273563385,0.9615384340286255,0.8183456659317017
YEL037C,YDR261W-A,0,0.246903,0.10658067464828491,0.9615384340286255,0.8184458017349243
YDL227C,YMR295C,0,0.2461865,0.10656902194023132,0.9615384340286255,0.818545937538147
YKL117W,YDR172W,0,0.24604303,0.10655737668275833,0.9615384340286255,0.8186461329460144
YDR210C-C,YOL107W,0,0.24542165,0.10654573142528534,0.9615384340286255,0.8187462687492371
YLR080W,YMR186W,0,0.24537927,0.10653409361839294,0.9615384340286255,0.8188464045524597
YBR196C,YIR005W,0,0.24515513,0.10652244836091995,0.9615384340286255,0.8189465403556824
YPR200C,YDR261W-A,0,0.24489224,0.10651081800460815,0.9615384340286255,0.819046676158905
YER125W,YNL208W,0,0.24406081,0.10649918019771576,0.9615384340286255,0.8191468119621277
YLL008W,YDR261W-A,0,0.24377656,0.10648754984140396,0.9615384340286255,0.8192469477653503
YOR142W-B,YDR470C,0,0.24321395,0.10647591948509216,0.9615384340286255,0.819347083568573
YMR013C,YAR002C-A,0,0.24221057,0.10646429657936096,0.9615384340286255,0.8194472193717957
YJL140W,YDL039C,0,0.24208087,0.10645266622304916,0.9615384340286255,0.8195473551750183
YLR256W-A,YMR301C,0,0.24134353,0.10644105076789856,0.9615384340286255,0.819647490978241
YLL004W,YML045W-A,0,0.2408222,0.10642942786216736,0.9615384340286255,0.8197476267814636
YOR206W,YPL094C,0,0.24070418,0.10641781240701675,0.9615384340286255,0.8198477625846863
YPL223C,YLR103C,0,0.24039802,0.10640619695186615,0.9615384340286255,0.8199478983879089
YKR057W,YLR028C,0,0.24035203,0.10639458894729614,0.9615384340286255,0.8200480937957764
YOR073W,YGR098C,1,0.239568,0.10649208724498749,0.9625246524810791,0.8200480937957764
YKL009W,YKR035W-A,0,0.23948297,0.10648047178983688,0.9625246524810791,0.820148229598999
YFR045W,YER190W,0,0.23846841,0.10646885633468628,0.9625246524810791,0.8202483654022217
YER138C,YDL040C,0,0.2380881,0.10645724087953568,0.9625246524810791,0.8203485012054443
YOR237W,YGR177C,0,0.23768085,0.10644563287496567,0.9625246524810791,0.820448637008667
YLR401C,YPL240C,0,0.23760495,0.10643402487039566,0.9625246524810791,0.8205487728118896
YPR075C,YGL181W,1,0.23754203,0.10653145611286163,0.9635108709335327,0.8205487728118896
YEL070W,YKL015W,0,0.23748374,0.10651984065771103,0.9635108709335327,0.8206489086151123
YCL061C,YDR363W-A,1,0.23739222,0.10661724954843521,0.9644970297813416,0.8206489086151123
YFL054C,YOR355W,0,0.23692095,0.10660562664270401,0.9644970297813416,0.820749044418335
YMR114C,YLL033W,0,0.23661163,0.10659400373697281,0.9644970297813416,0.8208491802215576
YLR440C,YLR160C,0,0.2349073,0.1065823882818222,0.9644970297813416,0.8209493160247803
YLR447C,YML028W,0,0.2345846,0.1065707728266716,0.9644970297813416,0.8210494518280029
YHR077C,YNL122C,0,0.23448467,0.10655916482210159,0.9644970297813416,0.8211495876312256
YBR177C,YPL163C,0,0.23412904,0.10654755681753159,0.9644970297813416,0.8212497234344482
YNL073W,YOR020C,0,0.23386252,0.10653594881296158,0.9644970297813416,0.8213499188423157
YLR268W,YOL101C,0,0.23286155,0.10652434080839157,0.9644970297813416,0.8214500546455383
YOR074C,YHR005C-A,0,0.2323868,0.10651274025440216,0.9644970297813416,0.821550190448761
YGR036C,YDL171C,0,0.23220754,0.10650113970041275,0.9644970297813416,0.8216503262519836
YLR410W-A,YGR027C,0,0.23205888,0.10648954659700394,0.9644970297813416,0.8217504620552063
YMR090W,YFL023W,0,0.23131716,0.10647795349359512,0.9644970297813416,0.821850597858429
YMR269W,YGR072W,0,0.23109382,0.10646636039018631,0.9644970297813416,0.8219507336616516
YDR328C,YGR211W,1,0.23089197,0.10656362026929855,0.9654832482337952,0.8219507336616516
YCR060W,YNR067C,0,0.23089069,0.10655202716588974,0.9654832482337952,0.8220508694648743
YGL170C,YHR041C,0,0.23081785,0.10654042661190033,0.9654832482337952,0.8221510052680969
YPR190C,YPL050C,0,0.23034921,0.10652883350849152,0.9654832482337952,0.8222511410713196
YMR061W,YJL144W,0,0.2300306,0.1065172478556633,0.9654832482337952,0.8223512768745422
YNL163C,YMR296C,0,0.22995788,0.10650565475225449,0.9654832482337952,0.8224514126777649
YLR165C,YGL148W,0,0.22983038,0.10649406909942627,0.9654832482337952,0.8225515484809875
YML109W,YDL148C,0,0.2293083,0.10648249089717865,0.9654832482337952,0.8226516842842102
YOL103W-B,YOR287C,0,0.22857353,0.10647090524435043,0.9654832482337952,0.8227518796920776
YGR144W,YER014C-A,0,0.22795874,0.10645932704210281,0.9654832482337952,0.8228520154953003
YNL284C-A,YJR053W,0,0.22766122,0.10644775629043579,0.9654832482337952,0.822952151298523
YPR137C-A,YMR269W,0,0.2269873,0.10643617808818817,0.9654832482337952,0.8230522871017456
YDR472W,YKR044W,0,0.22679344,0.10642461478710175,0.9654832482337952,0.8231524229049683
YPR119W,YML074C,1,0.22637656,0.10652174055576324,0.966469407081604,0.8231524229049683
YPL119C,YOR382W,0,0.22505623,0.10651016235351562,0.966469407081604,0.8232525587081909
YDR451C,YDR261C-D,0,0.22504827,0.106498584151268,0.966469407081604,0.8233526945114136
YJL144W,YNL052W,0,0.22502002,0.10648701339960098,0.966469407081604,0.8234528303146362
YCR087C-A,YPL065W,0,0.22501084,0.10647544264793396,0.966469407081604,0.8235529661178589
YFL038C,YOR298W,0,0.22458336,0.10646387934684753,0.966469407081604,0.8236531019210815
YJL087C,YLR256W-A,0,0.22436374,0.10645231604576111,0.966469407081604,0.8237532377243042
YMR269W,YAL038W,0,0.2240119,0.10644075274467468,0.966469407081604,0.8238533735275269
YOL103W-B,YPL113C,0,0.22359914,0.10642918944358826,0.966469407081604,0.8239535093307495
YMR049C,YGR276C,0,0.22350281,0.10641763359308243,0.966469407081604,0.8240537047386169
YIL094C,YFL023W,0,0.22296888,0.1064060777425766,0.966469407081604,0.8241538405418396
YPR158C-C,YDR454C,0,0.22234952,0.10639452934265137,0.966469407081604,0.8242539763450623
YLR228C,YJL140W,0,0.2222991,0.10638298094272614,0.966469407081604,0.8243541121482849
YDR261C-D,YBR257W,0,0.22224101,0.1063714325428009,0.966469407081604,0.8244542479515076
YER008C,YDR492W,0,0.22223353,0.10635988414287567,0.966469407081604,0.8245543837547302
YBR183W,YLR105C,0,0.22216326,0.10634834319353104,0.966469407081604,0.8246545195579529
YNL281W,YCL014W,0,0.22185367,0.1063368022441864,0.966469407081604,0.8247546553611755
YML045W-A,YDR508C,0,0.2203942,0.10632526874542236,0.966469407081604,0.8248547911643982
YLR163C,YJL095W,0,0.22024915,0.10631373524665833,0.966469407081604,0.8249549269676208
YJL194W,YLR020C,0,0.21892136,0.10630220174789429,0.966469407081604,0.8250550627708435
YGL180W,YBL112C,0,0.21864873,0.10629067569971085,0.966469407081604,0.8251551985740662
YLR410W-B,YMR180C,0,0.21771201,0.10627914220094681,0.966469407081604,0.8252553343772888
YCR014C,YBL091C-A,0,0.21767506,0.10626762360334396,0.966469407081604,0.8253554701805115
YGR288W,YFL057C,0,0.21677917,0.10625609755516052,0.966469407081604,0.8254556655883789
YLR157C,YFL066C,0,0.21658903,0.10624457895755768,0.966469407081604,0.8255558013916016
YMR272C,YKL124W,0,0.21644801,0.10623306035995483,0.966469407081604,0.8256559371948242
YOR237W,YNL192W,0,0.215752,0.10622154921293259,0.966469407081604,0.8257560729980469
YCL018W,YKL144C,0,0.215388,0.10621003806591034,0.966469407081604,0.8258562088012695
YKL144C,YBR037C,0,0.21474648,0.10619852691888809,0.966469407081604,0.8259563446044922
YJL004C,YPL257W-B,0,0.21408239,0.10618701577186584,0.966469407081604,0.8260564804077148
YJL079C,YNL290W,0,0.21316445,0.1061755120754242,0.966469407081604,0.8261566162109375
YBR002C,YPL099C,0,0.21283263,0.10616401582956314,0.966469407081604,0.8262567520141602
YBR002C,YBR182C,0,0.21196893,0.10615251213312149,0.966469407081604,0.8263568878173828
YJR101W,YOR311C,0,0.21187541,0.10614101588726044,0.966469407081604,0.8264570236206055
YMR019W,YGR155W,0,0.21174589,0.10612951964139938,0.966469407081604,0.8265571594238281
YJR151C,YBR238C,0,0.21078414,0.10611803084611893,0.966469407081604,0.8266572952270508
YEL012W,YNL236W,0,0.2105267,0.10610654205083847,0.966469407081604,0.8267574310302734
YBR128C,YPR030W,0,0.21048069,0.10609505325555801,0.966469407081604,0.8268576264381409
YOL103W-B,YMR315W,0,0.21046317,0.10608356446027756,0.966469407081604,0.8269577622413635
YBR182C,YKL171W,0,0.2103881,0.1060720831155777,0.966469407081604,0.8270578980445862
YDL029W,YFL038C,0,0.21038508,0.10606060922145844,0.966469407081604,0.8271580338478088
YLL027W,YNL335W,0,0.20964956,0.10604912787675858,0.966469407081604,0.8272581696510315
YKR066C,YDL035C,0,0.20916009,0.10603765398263931,0.966469407081604,0.8273583054542542
YDL133C-A,YOL108C,0,0.20855549,0.10602618008852005,0.966469407081604,0.8274584412574768
YDL208W,YIR039C,0,0.20851398,0.10601471364498138,0.966469407081604,0.8275585770606995
YOR243C,YLL040C,0,0.20820868,0.10600324720144272,0.966469407081604,0.8276587128639221
YNL284C-A,YGL233W,0,0.2079677,0.10599178075790405,0.966469407081604,0.8277588486671448
YFL002W-B,YOL093W,0,0.20765528,0.10598031431436539,0.966469407081604,0.8278589844703674
YPR119W,YPR163C,0,0.20752746,0.10596885532140732,0.966469407081604,0.8279591202735901
YHR214C-B,YNL262W,0,0.20746663,0.10595740377902985,0.966469407081604,0.8280592560768127
YNL284C-A,YLR386W,0,0.20710835,0.10594594478607178,0.966469407081604,0.8281594514846802
YJR147W,YDR261C-D,0,0.20694676,0.1059344932436943,0.966469407081604,0.8282595872879028
YDL061C,YBR010W,0,0.2066867,0.10592304170131683,0.966469407081604,0.8283597230911255
YKL103C,YHR004C,0,0.2064684,0.10591159760951996,0.966469407081604,0.8284598588943481
YPL082C,YDR508C,0,0.20639515,0.10590015351772308,0.966469407081604,0.8285599946975708
YEL053C,YER130C,0,0.2058559,0.10588870942592621,0.966469407081604,0.8286601305007935
YJR078W,YGR118W,0,0.20564723,0.10587726533412933,0.966469407081604,0.8287602663040161
YGL169W,YOR311C,0,0.20550025,0.10586582869291306,0.966469407081604,0.8288604021072388
YPL147W,YMR308C,0,0.20542291,0.10585439950227737,0.966469407081604,0.8289605379104614
YPL273W,YKL003C,0,0.20526162,0.1058429628610611,0.966469407081604,0.8290606737136841
YLR129W,YDL045C,0,0.20523939,0.10583153367042542,0.966469407081604,0.8291608095169067
YOR343W-B,YDL035C,0,0.20502561,0.10582010447978973,0.966469407081604,0.8292609453201294
YDR233C,YLR309C,0,0.20448738,0.10580868273973465,0.966469407081604,0.829361081123352
YDR453C,YMR269W,0,0.20379299,0.10579726099967957,0.966469407081604,0.8294612169265747
YER162C,YDR429C,0,0.2036503,0.10578583925962448,0.966469407081604,0.8295614123344421
YNL016W,YER046W,0,0.20329803,0.1057744175195694,0.966469407081604,0.8296615481376648
YBL076C,YLR410W-A,0,0.20310757,0.10576300323009491,0.966469407081604,0.8297616839408875
YLR295C,YNL258C,0,0.20287332,0.10575158894062042,0.966469407081604,0.8298618197441101
YMR146C,YOR145C,0,0.20248786,0.10574018210172653,0.966469407081604,0.8299619555473328
YKL078W,YMR025W,0,0.20242175,0.10572877526283264,0.966469407081604,0.8300620913505554
YDR030C,YLL051C,0,0.20211437,0.10571736842393875,0.966469407081604,0.8301622271537781
YJR055W,YMR269W,0,0.2014879,0.10570596158504486,0.966469407081604,0.8302623629570007
YCL074W,YOL103W-B,0,0.20052907,0.10569456219673157,0.966469407081604,0.8303624987602234
YDR082W,YBR031W,0,0.20043302,0.10568316280841827,0.966469407081604,0.830462634563446
YMR319C,YNR060W,0,0.200138,0.10567177087068558,0.966469407081604,0.8305627703666687
YBR186W,YGR245C,1,0.19929504,0.10576819628477097,0.9674556255340576,0.8305627703666687
YPR194C,YGR109W-B,0,0.19880986,0.10575678944587708,0.9674556255340576,0.8306629061698914
YOR275C,YPR160W,0,0.19840884,0.10574539005756378,0.9674556255340576,0.830763041973114
YOL082W,YNL223W,0,0.19822568,0.10573399811983109,0.9674556255340576,0.8308632373809814
YER087W,YJR101W,0,0.19807658,0.10572259873151779,0.9674556255340576,0.8309633731842041
YNL079C,YDR461W,0,0.19704458,0.1057112067937851,0.9674556255340576,0.8310635089874268
YML030W,YAL029C,0,0.19694147,0.1056998148560524,0.9674556255340576,0.8311636447906494
YOL103W-B,YNL084C,0,0.19643998,0.1056884303689003,0.9674556255340576,0.8312637805938721
YER117W,YJR034W,0,0.19642478,0.1056770458817482,0.9674556255340576,0.8313639163970947
YKL126W,YPL257W-B,0,0.19616029,0.1056656613945961,0.9674556255340576,0.8314640522003174
YBR195C,YGR109W-B,0,0.19521987,0.1056542843580246,0.9674556255340576,0.83156418800354
YNL131W,YJL192C,0,0.1923225,0.1056428998708725,0.9674556255340576,0.8316643238067627
YDL083C,YBL079W,0,0.19228303,0.10563153028488159,0.9674556255340576,0.8317644596099854
YDR389W,YER087C-B,0,0.19165379,0.10562015324831009,0.9674556255340576,0.831864595413208
YCL057W,YNL302C,0,0.19152239,0.10560878366231918,0.9674556255340576,0.8319647312164307
YAL033W,YGR229C,0,0.19136876,0.10559741407632828,0.9674556255340576,0.8320648670196533
YDR210C-C,YDL022W,0,0.19123223,0.10558605194091797,0.9674556255340576,0.832165002822876
YKL067W,YNR072W,0,0.19081584,0.10557468980550766,0.9674556255340576,0.8322651982307434
YML045W-A,YGR229C,0,0.1906018,0.10556332767009735,0.9674556255340576,0.8323653340339661
YLR395C,YGL170C,0,0.19011989,0.10555196553468704,0.9674556255340576,0.8324654698371887
YPR024W,YDL097C,0,0.19003242,0.10554061084985733,0.9674556255340576,0.8325656056404114
YKL174C,YBL092W,0,0.18990517,0.10552926361560822,0.9674556255340576,0.832665741443634
YGR175C,YBL079W,0,0.1894485,0.1055179089307785,0.9674556255340576,0.8327658772468567
YFR001W,YNL070W,0,0.18916467,0.10550656169652939,0.9674556255340576,0.8328660130500793
YMR093W,YOR317W,0,0.18912253,0.10549521446228027,0.9674556255340576,0.832966148853302
YOL038W,YDR059C,0,0.18851751,0.10548387467861176,0.9674556255340576,0.8330662846565247
YOL070C,YLR410W-A,0,0.18809903,0.10547252744436264,0.9674556255340576,0.8331664204597473
YPR158C-C,YOR098C,0,0.18771684,0.10546118766069412,0.9674556255340576,0.83326655626297
YDR512C,YFL066C,0,0.18762922,0.1054498553276062,0.9674556255340576,0.8333666920661926
YOR274W,YFL038C,0,0.18702373,0.10543852299451828,0.9674556255340576,0.8334668278694153
YBR196C,YOR294W,0,0.18634638,0.10542719066143036,0.9674556255340576,0.8335670232772827
YER154W,YGL225W,0,0.18565735,0.10541585832834244,0.9674556255340576,0.8336671590805054
YBR042C,YOR187W,0,0.18514344,0.10540453344583511,0.9674556255340576,0.833767294883728
YDR261C-D,YKL144C,0,0.18433908,0.10539320856332779,0.9674556255340576,0.8338674306869507
YPL200W,YMR267W,0,0.18419144,0.10538189113140106,0.9674556255340576,0.8339675664901733
YNL284C-A,YDR207C,0,0.18277106,0.10537056624889374,0.9674556255340576,0.834067702293396
YNL232W,YLR026C,0,0.18213126,0.10535924881696701,0.9674556255340576,0.8341678380966187
YOR343W-B,YFL021W,0,0.18210694,0.10534793883562088,0.9674556255340576,0.8342679738998413
YOL103W-B,YDR167W,0,0.1815168,0.10533662885427475,0.9674556255340576,0.834368109703064
YGR052W,YBR150C,0,0.1808056,0.10532531887292862,0.9674556255340576,0.8344682455062866
YBR271W,YNR060W,0,0.1807144,0.10531400889158249,0.9674556255340576,0.8345683813095093
YGR161W-B,YKL022C,0,0.1805745,0.10530270636081696,0.9674556255340576,0.8346685171127319
YDR492W,YLR390W,0,0.1802082,0.10529140383005142,0.9674556255340576,0.8347686529159546
YLR107W,YLL027W,0,0.18008178,0.10528010129928589,0.9674556255340576,0.8348687887191772
YDL215C,YDL111C,0,0.18003985,0.10526880621910095,0.9674556255340576,0.8349689841270447
YIL108W,YPR138C,0,0.17975098,0.10525751113891602,0.9674556255340576,0.8350691199302673
YPL098C,YGR027C,0,0.17907095,0.10524621605873108,0.9674556255340576,0.83516925573349
YPR137C-A,YJR031C,0,0.17894816,0.10523492842912674,0.9674556255340576,0.8352693915367126
YBR150C,YGR034W,0,0.17839572,0.1052236407995224,0.9674556255340576,0.8353695273399353
YMR319C,YBR243C,0,0.17774668,0.10521235316991806,0.9674556255340576,0.835469663143158
YBR155W,YMR193W,0,0.17737496,0.10520107299089432,0.9674556255340576,0.8355697989463806
YGL259W,YGL216W,0,0.17699885,0.10518979281187057,0.9674556255340576,0.8356699347496033
YAL060W,YDL133C-A,0,0.17639434,0.10517851263284683,0.9674556255340576,0.8357700705528259
YEL036C,YPL257W-B,0,0.17573848,0.10516723990440369,0.9674556255340576,0.8358702063560486
YER138C,YPR159W,0,0.17562503,0.10515596717596054,0.9674556255340576,0.8359703421592712
YMR180C,YML128C,0,0.17562112,0.1051446944475174,0.9674556255340576,0.8360704779624939
YOR142W-B,YNL016W,0,0.17521188,0.10513342916965485,0.9674556255340576,0.8361706137657166
YLR157C,YIL135C,0,0.17502442,0.1051221638917923,0.9674556255340576,0.8362707495689392
YDR414C,YOR310C,0,0.17500645,0.10511089861392975,0.9674556255340576,0.8363709449768066
YPR158C-C,YCR060W,0,0.1747264,0.1050996333360672,0.9674556255340576,0.8364710807800293
YDL036C,YMR186W,0,0.17429116,0.10508837550878525,0.9674556255340576,0.836571216583252
YOL040C,YMR308C,0,0.17424935,0.1050771176815033,0.9674556255340576,0.8366713523864746
YDR090C,YOR343W-B,0,0.17416614,0.10506586730480194,0.9674556255340576,0.8367714881896973
YJR107W,YER117W,0,0.17368007,0.10505461692810059,0.9674556255340576,0.8368716239929199
YLR289W,YGL004C,0,0.17263922,0.10504336655139923,0.9674556255340576,0.8369717597961426
YOR148C,YDR461W,0,0.17240274,0.10503212362527847,0.9674556255340576,0.8370718955993652
YPR026W,YHR074W,0,0.17192936,0.10502087324857712,0.9674556255340576,0.8371720314025879
YLR410W-B,YLR073C,0,0.1717042,0.10500963032245636,0.9674556255340576,0.8372721672058105
YPR030W,YER190W,0,0.17150241,0.1049983948469162,0.9674556255340576,0.8373723030090332
YDR263C,YHR135C,0,0.17123356,0.10498715937137604,0.9674556255340576,0.8374724388122559
YER137C-A,YNR060W,0,0.17084089,0.10497592389583588,0.9674556255340576,0.8375725746154785
YHR175W,YKL161C,0,0.17008054,0.10496468842029572,0.9674556255340576,0.837672770023346
YGR095C,YPR133W-A,0,0.17007965,0.10495346039533615,0.9674556255340576,0.8377729058265686
YLL051C,YMR213W,0,0.16998848,0.10494223237037659,0.9674556255340576,0.8378730416297913
YOR292C,YLR219W,0,0.16922268,0.10493101179599762,0.9674556255340576,0.8379731774330139
YBL011W,YKL061W,0,0.16876444,0.10491978377103806,0.9674556255340576,0.8380733132362366
YJL103C,YJL192C,0,0.16828713,0.10490856319665909,0.9674556255340576,0.8381734490394592
YMR033W,YKL067W,0,0.16799575,0.10489735007286072,0.9674556255340576,0.8382735848426819
YLR395C,YLR380W,0,0.16772473,0.10488612949848175,0.9674556255340576,0.8383737206459045
YBL058W,YKR006C,0,0.16756505,0.10487491637468338,0.9674556255340576,0.8384738564491272
YGL183C,YMR267W,0,0.16667655,0.1048637107014656,0.9674556255340576,0.8385739922523499
YDR079W,YLR410W-B,0,0.16629016,0.10485249757766724,0.9674556255340576,0.8386741280555725
YDL029W,YGR032W,0,0.16616535,0.10484129190444946,0.9674556255340576,0.8387742638587952
YOR343W-B,YEL040W,0,0.16575807,0.10483009368181229,0.9674556255340576,0.8388743996620178
YLR291C,YLR410W-B,0,0.1657032,0.10481888800859451,0.9674556255340576,0.8389745354652405
YDR310C,YML045W-A,0,0.16544539,0.10480768978595734,0.9674556255340576,0.8390747308731079
YPR144C,YER145C,0,0.1650563,0.10479649901390076,0.9674556255340576,0.8391748666763306
YDR210C-C,YBR276C,0,0.16498274,0.10478530079126358,0.9674556255340576,0.8392750024795532
YDR363W-A,YJR053W,1,0.16480744,0.1048809140920639,0.9684418439865112,0.8392750024795532
YKL180W,YLR350W,0,0.16446689,0.10486971586942673,0.9684418439865112,0.8393751382827759
YGL026C,YDL198C,0,0.16395089,0.10485851764678955,0.9684418439865112,0.8394752740859985
YGR252W,YOR142W-A,0,0.16389683,0.10484731942415237,0.9684418439865112,0.8395754098892212
YGR109W-B,YJR057W,0,0.16331631,0.1048361286520958,0.9684418439865112,0.8396755456924438
YLR289W,YMR143W,0,0.16271266,0.10482493788003922,0.9684418439865112,0.8397756814956665
YLR394W,YMR304W,0,0.16185105,0.10481374710798264,0.9684418439865112,0.8398758172988892
YHR061C,YLR410W-A,0,0.16166565,0.10480256378650665,0.9684418439865112,0.8399759531021118
YER154W,YOL028C,0,0.1616574,0.10479138046503067,0.9684418439865112,0.8400760889053345
YNL202W,YDR381C-A,0,0.16162783,0.10478019714355469,0.9684418439865112,0.8401762247085571
YOR159C,YPL200W,0,0.16139928,0.1047690138220787,0.9684418439865112,0.8402763605117798
YOR343W-B,YBR271W,0,0.16080317,0.10475783795118332,0.9684418439865112,0.8403765559196472
YGR118W,YFL023W,0,0.16070628,0.10474666953086853,0.9684418439865112,0.8404766917228699
YMR055C,YOR230W,1,0.16003335,0.10484214872121811,0.9694280028343201,0.8404766917228699
YPR162C,YML045W-A,0,0.15927719,0.10483097285032272,0.9694280028343201,0.8405768275260925
YOL040C,YPL065W,0,0.15909287,0.10481978952884674,0.9694280028343201,0.8406769633293152
YDL054C,YNL006W,0,0.15905598,0.10480861365795135,0.9694280028343201,0.8407770991325378
YGL026C,YMR228W,0,0.15811825,0.10479743778705597,0.9694280028343201,0.8408772349357605
YOR274W,YML052W,0,0.15806302,0.10478626936674118,0.9694280028343201,0.8409773707389832
YJL034W,YLL027W,0,0.15761897,0.10477510094642639,0.9694280028343201,0.8410775065422058
YMR090W,YDR403W,0,0.1576015,0.1047639325261116,0.9694280028343201,0.8411776423454285
YGR282C,YOL151W,0,0.15561837,0.10475277155637741,0.9694280028343201,0.8412777781486511
YEL052W,YLL008W,0,0.15526178,0.10474161058664322,0.9694280028343201,0.8413779139518738
YDR210C-C,YJL214W,0,0.15509623,0.10473044961690903,0.9694280028343201,0.8414780497550964
YKL182W,YDR470C,0,0.15508607,0.10471929609775543,0.9694280028343201,0.8415781855583191
YOR283W,YLL004W,0,0.1546725,0.10470813512802124,0.9694280028343201,0.8416783213615417
YIL046W,YMR200W,0,0.15414748,0.10469698905944824,0.9694280028343201,0.8417785167694092
YPR191W,YMR203W,0,0.15352619,0.10468583554029465,0.9694280028343201,0.8418786525726318
YOR142W-A,YAR031W,0,0.15342344,0.10467468947172165,0.9694280028343201,0.8419787883758545
YDL215C,YPR080W,0,0.15275285,0.10466354340314865,0.9694280028343201,0.8420789241790771
YEL031W,YDL022W,0,0.15217587,0.10465239733457565,0.9694280028343201,0.8421790599822998
YOL010W,YMR115W,0,0.15190509,0.10464125871658325,0.9694280028343201,0.8422791957855225
YGR161W-B,YJL060W,0,0.15109156,0.10463012009859085,0.9694280028343201,0.8423793315887451
YER014C-A,YKL182W,0,0.15083475,0.10461898893117905,0.9694280028343201,0.8424794673919678
YCR087C-A,YLL040C,0,0.15058583,0.10460785031318665,0.9694280028343201,0.8425796031951904
YGR020C,YGR155W,0,0.14995542,0.10459671914577484,0.9694280028343201,0.8426797389984131
YGL180W,YMR267W,0,0.14983678,0.10458559542894363,0.9694280028343201,0.8427798748016357
YEL069C,YER137C-A,0,0.14956298,0.10457447171211243,0.9694280028343201,0.8428800106048584
YPR083W,YBR072W,0,0.1483357,0.10456334799528122,0.9694280028343201,0.842980146408081
YOR237W,YAR031W,0,0.14822271,0.10455222427845001,0.9694280028343201,0.8430803418159485
YKR057W,YOR148C,0,0.14789271,0.1045411005616188,0.9694280028343201,0.8431804776191711
YPR158C-C,YDR476C,0,0.14773768,0.1045299842953682,0.9694280028343201,0.8432806134223938
YPL223C,YNL163C,0,0.1476562,0.10451887547969818,0.9694280028343201,0.8433807492256165
YJL166W,YIL046W,0,0.14715901,0.10450775921344757,0.9694280028343201,0.8434808850288391
YIL094C,YHR156C,0,0.14698933,0.10449665039777756,0.9694280028343201,0.8435810208320618
YLR029C,YJR040W,0,0.14698103,0.10448554158210754,0.9694280028343201,0.8436811566352844
YPR158C-C,YPL223C,0,0.14663678,0.10447444021701813,0.9694280028343201,0.8437812924385071
YLR208W,YOL136C,0,0.14643106,0.10446333885192871,0.9694280028343201,0.8438814282417297
YOL103W-B,YMR145C,0,0.14607176,0.1044522374868393,0.9694280028343201,0.8439815640449524
YMR013C,YNL284C,0,0.1453703,0.10444113612174988,0.9694280028343201,0.844081699848175
YOR187W,YKL175W,0,0.14534935,0.10443004220724106,0.9694280028343201,0.8441818356513977
YPL119C,YDR494W,0,0.1452356,0.10441894829273224,0.9694280028343201,0.8442819714546204
YBL041W,YKL180W,0,0.14438075,0.10440786182880402,0.9694280028343201,0.844382107257843
YDL171C,YOR338W,0,0.14407429,0.1043967679142952,0.9694280028343201,0.8444823026657104
YCL018W,YDL040C,0,0.14389715,0.10438568890094757,0.9694280028343201,0.8445824384689331
YLR291C,YGR171C,0,0.14337692,0.10437460243701935,0.9694280028343201,0.8446825742721558
YHR209W,YDR423C,0,0.14328283,0.10436352342367172,0.9694280028343201,0.8447827100753784
YIL076W,YPR043W,0,0.14301434,0.1043524444103241,0.9694280028343201,0.8448828458786011
YKL165C,YOR215C,0,0.14291283,0.10434136539697647,0.9694280028343201,0.8449829816818237
YDL036C,YOR343W-B,0,0.14244479,0.10433029383420944,0.9694280028343201,0.8450831174850464
YPR158C-C,YJR006W,0,0.14216304,0.10431922227144241,0.9694280028343201,0.845183253288269
YMR284W,YGL237C,0,0.14214833,0.10430815070867538,0.9694280028343201,0.8452833890914917
YFL010W-A,YDR159W,0,0.14200386,0.10429707914590836,0.9694280028343201,0.8453835248947144
YGR109W-B,YPL276W,0,0.14142323,0.10428601503372192,0.9694280028343201,0.845483660697937
YBR125C,YOR020C,0,0.1407282,0.10427495837211609,0.9694280028343201,0.8455837965011597
YMR182C,YNL284C-A,0,0.139918,0.10426389425992966,0.9694280028343201,0.8456839323043823
YAL016W,YBR093C,0,0.13869679,0.10425283759832382,0.9694280028343201,0.845784068107605
YNL284C-A,YOR279C,0,0.1384219,0.10424178093671799,0.9694280028343201,0.8458842635154724
YNL153C,YDR261C-D,0,0.13768452,0.10423073172569275,0.9694280028343201,0.8459843993186951
YOL104C,YBR133C,1,0.13646889,0.10432569682598114,0.9704142212867737,0.8459843993186951
YOL141W,YNL274C,0,0.1363172,0.1043146401643753,0.9704142212867737,0.8460845351219177
YNL284C-A,YGL163C,0,0.13600314,0.10430358350276947,0.9704142212867737,0.8461846709251404
YDL171C,YGL103W,0,0.13584504,0.10429252684116364,0.9704142212867737,0.846284806728363
YNL202W,YER002W,0,0.13576815,0.1042814776301384,0.9704142212867737,0.8463849425315857
YOR099W,YMR145C,0,0.13568708,0.10427042841911316,0.9704142212867737,0.8464850783348083
YJL171C,YLR227W-B,0,0.13532889,0.10425937920808792,0.9704142212867737,0.846585214138031
YNL073W,YJR051W,0,0.13498676,0.10424832999706268,0.9704142212867737,0.8466853499412537
YBL076C,YMR180C,0,0.13463101,0.10423728823661804,0.9704142212867737,0.8467854857444763
YBR230C,YDR109C,0,0.13416749,0.1042262464761734,0.9704142212867737,0.846885621547699
YDR281C,YML039W,0,0.1341061,0.10421521216630936,0.9704142212867737,0.8469857573509216
YOR310C,YNR003C,0,0.13399982,0.10420417040586472,0.9704142212867737,0.8470858931541443
YNL231C,YNL182C,0,0.13388827,0.10419313609600067,0.9704142212867737,0.8471860885620117
YJR070C,YLR410W-B,0,0.13364929,0.10418210923671722,0.9704142212867737,0.8472862243652344
YDR449C,YOL136C,0,0.13359496,0.10417107492685318,0.9704142212867737,0.847386360168457
YMR173W,YLR227W-B,0,0.13337871,0.10416004806756973,0.9704142212867737,0.8474864959716797
YFL002W-B,YIL047C,0,0.13332877,0.10414902865886688,0.9704142212867737,0.8475866317749023
YHR004C,YKL201C,0,0.13207865,0.10413800179958344,0.9704142212867737,0.847686767578125
YGR109W-B,YMR019W,0,0.13201663,0.10412698239088058,0.9704142212867737,0.8477869033813477
YKR036C,YLR410W-B,0,0.13192758,0.10411596298217773,0.9704142212867737,0.8478870391845703
YPL150W,YLR410W-B,0,0.12996906,0.10410495102405548,0.9704142212867737,0.847987174987793
YOL124C,YAR035W,0,0.12908617,0.10409393906593323,0.9704142212867737,0.8480873107910156
YOL103W-B,YKL103C,0,0.12881228,0.10408292710781097,0.9704142212867737,0.8481874465942383
YCR093W,YOR393W,0,0.12858716,0.10407192260026932,0.9704142212867737,0.8482875823974609
YDL171C,YGR105W,0,0.12836185,0.10406091064214706,0.9704142212867737,0.8483877182006836
YGL209W,YNL084C,0,0.12821987,0.104049913585186,0.9704142212867737,0.8484878540039062
YPL188W,YOL040C,0,0.12813306,0.10403890907764435,0.9704142212867737,0.8485880494117737
YLR197W,YLR227W-B,0,0.12810096,0.10402791202068329,0.9704142212867737,0.8486881852149963
YDL054C,YGR027C,0,0.12801027,0.10401691496372223,0.9704142212867737,0.848788321018219
YPR144C,YER125W,0,0.12786973,0.10400591790676117,0.9704142212867737,0.8488884568214417
YMR032W,YBL098W,0,0.12774807,0.1039949283003807,0.9704142212867737,0.8489885926246643
YDR492W,YNR060W,0,0.12666498,0.10398393869400024,0.9704142212867737,0.849088728427887
YNR006W,YDR222W,0,0.1265643,0.10397294908761978,0.9704142212867737,0.8491888642311096
YJL005W,YLL019C,0,0.12599444,0.10396196693181992,0.9704142212867737,0.8492890000343323
YPR158C-C,YMR321C,0,0.124464475,0.10395098477602005,0.9704142212867737,0.8493891358375549
YNL153C,YPL257W-B,0,0.124397,0.10394000262022018,0.9704142212867737,0.8494892716407776
YKL067W,YPL096W,0,0.12435766,0.10392902046442032,0.9704142212867737,0.8495894074440002
YLR256W-A,YML109W,0,0.12419518,0.10391804575920105,0.9704142212867737,0.8496895432472229
YGL183C,YER087W,0,0.123500355,0.10390707850456238,0.9704142212867737,0.8497896790504456
YPR035W,YGL103W,0,0.1231591,0.10389610379934311,0.9704142212867737,0.849889874458313
YLR203C,YMR115W,0,0.122826464,0.10388513654470444,0.9704142212867737,0.8499900102615356
YLR410W-A,YIR032C,0,0.12267655,0.10387416929006577,0.9704142212867737,0.8500901460647583
YFL002W-B,YER017C,0,0.12263956,0.1038632020354271,0.9704142212867737,0.850190281867981
YDR072C,YGR089W,0,0.122588284,0.10385224223136902,0.9704142212867737,0.8502904176712036
YER013W,YPR133W-A,0,0.122508414,0.10384128242731094,0.9704142212867737,0.8503905534744263
YEL053C,YLR410W-B,0,0.12230476,0.10383032262325287,0.9704142212867737,0.8504906892776489
YOL155C,YDR497C,0,0.121966444,0.10381937026977539,0.9704142212867737,0.8505908250808716
YOR176W,YER130C,0,0.12186433,0.10380841791629791,0.9704142212867737,0.8506909608840942
YDR473C,YBL091C-A,0,0.120668314,0.10379746556282043,0.9704142212867737,0.8507910966873169
YGL158W,YGR052W,0,0.12037607,0.10378652065992355,0.9704142212867737,0.8508912324905396
YHR179W,YDL039C,0,0.12021849,0.10377557575702667,0.9704142212867737,0.8509913682937622
YCR030C,YPR035W,0,0.12005531,0.10376463085412979,0.9704142212867737,0.8510915040969849
YOR343W-B,YMR295C,0,0.11864628,0.10375369340181351,0.9704142212867737,0.8511916399002075
YDR453C,YBR074W,0,0.116100945,0.10374274849891663,0.9704142212867737,0.851291835308075
YOL165C,YER087C-B,0,0.114925034,0.10373181849718094,0.9704142212867737,0.8513919711112976
YGR264C,YGR238C,0,0.11478887,0.10372088104486465,0.9704142212867737,0.8514921069145203
YDR306C,YCL043C,0,0.114740945,0.10370995104312897,0.9704142212867737,0.8515922427177429
YJL172W,YLR113W,0,0.11473526,0.10369902104139328,0.9704142212867737,0.8516923785209656
YDL107W,YDR405W,0,0.11434751,0.10368809103965759,0.9704142212867737,0.8517925143241882
YLR165C,YGR118W,0,0.114204295,0.1036771684885025,0.9704142212867737,0.8518926501274109
YOL103W-B,YIL143C,0,0.113984324,0.10366624593734741,0.9704142212867737,0.8519927859306335
YCL018W,YDL148C,0,0.11370661,0.10365532338619232,0.9704142212867737,0.8520929217338562
YOR142W-B,YLR386W,0,0.11349154,0.10364440828561783,0.9704142212867737,0.8521930575370789
YJR070C,YJL176C,0,0.11305752,0.10363349318504333,0.9704142212867737,0.8522931933403015
YDL036C,YDL133C-A,0,0.11296023,0.10362257808446884,0.9704142212867737,0.8523933291435242
YPL042C,YBR067C,0,0.112062894,0.10361167043447495,0.9704142212867737,0.8524934649467468
YLR390W,YJL082W,0,0.1114204,0.10360075533390045,0.9704142212867737,0.8525936603546143
YJL194W,YGL225W,0,0.110286236,0.10358985513448715,0.9704142212867737,0.8526937961578369
YOR212W,YBL079W,0,0.11025913,0.10357894748449326,0.9704142212867737,0.8527939319610596
YNL122C,YNL262W,0,0.10985623,0.10356804728507996,0.9704142212867737,0.8528940677642822
YJR078W,YDR261W-A,0,0.10978532,0.10355714708566666,0.9704142212867737,0.8529942035675049
YDR261C-D,YOR285W,0,0.10960386,0.10354624688625336,0.9704142212867737,0.8530943393707275
YLR203C,YBR170C,0,0.10914449,0.10353535413742065,0.9704142212867737,0.8531944751739502
YBR042C,YPR083W,0,0.109048344,0.10352446138858795,0.9704142212867737,0.8532946109771729
YHR082C,YKL053C-A,0,0.10900519,0.10351356863975525,0.9704142212867737,0.8533947467803955
YLR203C,YBR145W,0,0.10770567,0.10350268334150314,0.9704142212867737,0.8534948825836182
YLR410W-A,YIL076W,0,0.10760296,0.10349179804325104,0.9704142212867737,0.8535950183868408
YBR271W,YBR230C,0,0.10683436,0.10348091274499893,0.9704142212867737,0.8536951541900635
YDR254W,YJL149W,0,0.10680769,0.10347003489732742,0.9704142212867737,0.8537952899932861
YMR097C,YLR227W-B,0,0.105743244,0.10345914959907532,0.9704142212867737,0.8538954257965088
YNL131W,YLL045C,0,0.10545296,0.1034482792019844,0.9704142212867737,0.8539956212043762
YNL160W,YKL189W,0,0.105123706,0.1034374013543129,0.9704142212867737,0.8540957570075989
YOR212W,YDR261W-A,0,0.104733214,0.10342653095722198,0.9704142212867737,0.8541958928108215
YOR176W,YFL045C,0,0.10437282,0.10341566056013107,0.9704142212867737,0.8542960286140442
YBR155W,YLR264W,0,0.10388554,0.10340479016304016,0.9704142212867737,0.8543961644172668
YJL066C,YLR005W,0,0.10367079,0.10339392721652985,0.9704142212867737,0.8544963002204895
YOR353C,YML039W,0,0.10284275,0.10338306427001953,0.9704142212867737,0.8545964360237122
YBL005W-B,YOR008C,0,0.10218957,0.10337220132350922,0.9704142212867737,0.8546965718269348
YIL080W,YBL091C-A,0,0.10145044,0.1033613458275795,0.9704142212867737,0.8547967076301575
YPL167C,YOR020C,0,0.10123182,0.10335049033164978,0.9704142212867737,0.8548968434333801
YAL060W,YPL104W,0,0.101123326,0.10333963483572006,0.9704142212867737,0.8549969792366028
YGR109W-B,YBR294W,0,0.10046368,0.10332877933979034,0.9704142212867737,0.8550971150398254
YGR180C,YPR163C,0,0.1003977,0.10331793129444122,0.9704142212867737,0.8551972508430481
YHL034C,YGL220W,0,0.10012818,0.1033070832490921,0.9704142212867737,0.8552973866462708
YOR206W,YFL023W,0,0.09972835,0.10329624265432358,0.9704142212867737,0.8553975820541382
YJL194W,YIL076W,0,0.099571824,0.10328540205955505,0.9704142212867737,0.8554977178573608
YHR041C,YPL183W-A,0,0.09943704,0.10327456146478653,0.9704142212867737,0.8555978536605835
YER125W,YNL110C,0,0.09863228,0.103263720870018,0.9704142212867737,0.8556979894638062
YML058W-A,YCR093W,1,0.09843885,0.10335781425237656,0.9714003801345825,0.8556979894638062
YLL008W,YIL083C,0,0.098363586,0.10334697365760803,0.9714003801345825,0.8557981252670288
YJR078W,YLL012W,0,0.09797625,0.10333613306283951,0.9714003801345825,0.8558982610702515
YFL066C,YKL210W,0,0.0979106,0.10332529246807098,0.9714003801345825,0.8559983968734741
YBR294W,YDR131C,0,0.097260475,0.10331445187330246,0.9714003801345825,0.8560985326766968
YPL276W,YDR138W,0,0.09685793,0.10330361872911453,0.9714003801345825,0.8561986684799194
YGR161W-B,YJR051W,0,0.09658661,0.1032927855849266,0.9714003801345825,0.8562988042831421
YPL200W,YMR093W,0,0.09578914,0.10328195244073868,0.9714003801345825,0.8563989400863647
YKL189W,YNR010W,0,0.09459216,0.10327112674713135,0.9714003801345825,0.8564990758895874
YDR030C,YJL079C,0,0.09421808,0.10326030105352402,0.9714003801345825,0.8565992116928101
YKL082C,YNL121C,0,0.09307916,0.10324947535991669,0.9714003801345825,0.8566994071006775
YMR146C,YNR044W,0,0.092637934,0.10323865711688995,0.9714003801345825,0.8567995429039001
YDR261C-D,YML006C,0,0.09231166,0.10322783142328262,0.9714003801345825,0.8568996787071228
YMR284W,YIL094C,0,0.09086942,0.10321702063083649,0.9714003801345825,0.8569998145103455
YPL134C,YIL021W,0,0.09023818,0.10320620238780975,0.9714003801345825,0.8570999503135681
YDR218C,YER052C,0,0.089967154,0.10319539159536362,0.9714003801345825,0.8572000861167908
YPR196W,YER137C-A,0,0.089888945,0.10318458080291748,0.9714003801345825,0.8573002219200134
YJR070C,YBR042C,0,0.08938039,0.10317377001047134,0.9714003801345825,0.8574003577232361
YJL034W,YLR410W-A,0,0.0893442,0.1031629666686058,0.9714003801345825,0.8575004935264587
YOL103W-B,YHR079C,0,0.08897753,0.10315216332674026,0.9714003801345825,0.8576006293296814
YLR291C,YDL148C,0,0.08795432,0.10314135998487473,0.9714003801345825,0.857700765132904
YOR212W,YHR209W,0,0.087790646,0.10313056409358978,0.9714003801345825,0.8578009009361267
YDR454C,YEL040W,0,0.08644799,0.10311976820230484,0.9714003801345825,0.8579010367393494
YDL179W,YGR155W,0,0.08599604,0.1031089723110199,0.9714003801345825,0.858001172542572
YKR006C,YOL151W,0,0.085895956,0.10309817641973495,0.9714003801345825,0.8581013679504395
YOL103W-B,YLR206W,0,0.085601434,0.10308738797903061,0.9714003801345825,0.8582015037536621
YEL052W,YLR042C,0,0.08552685,0.10307659953832626,0.9714003801345825,0.8583016395568848
YGR085C,YPR080W,0,0.08514906,0.10306581854820251,0.9714003801345825,0.8584017753601074
YOL142W,YPR060C,0,0.08455888,0.10305503010749817,0.9714003801345825,0.8585019111633301
YOL103W-B,YDR079W,0,0.084437095,0.10304424911737442,0.9714003801345825,0.8586020469665527
YMR176W,YLR227W-B,0,0.08396577,0.10303347557783127,0.9714003801345825,0.8587021827697754
YGR238C,YIL094C,0,0.08353006,0.10302269458770752,0.9714003801345825,0.858802318572998
YDL128W,YLR209C,0,0.08339953,0.10301192104816437,0.9714003801345825,0.8589024543762207
YDL111C,YMR038C,0,0.08270352,0.10300114750862122,0.9714003801345825,0.8590025901794434
YGR112W,YIL170W,0,0.0824988,0.10299038141965866,0.9714003801345825,0.859102725982666
YGR109W-B,YKR026C,0,0.08249393,0.1029796153306961,0.9714003801345825,0.8592028617858887
YLR270W,YMR295C,0,0.08143655,0.10296884924173355,0.9714003801345825,0.8593029975891113
YOL107W,YBR037C,0,0.08095575,0.102958083152771,0.9714003801345825,0.8594031929969788
YBR223C,YIR032C,0,0.08083225,0.10294732451438904,0.9714003801345825,0.8595033288002014
YJL005W,YDR261W-A,0,0.08058458,0.10293656587600708,0.9714003801345825,0.8596034646034241
YPR011C,YOR187W,0,0.08036137,0.10292580723762512,0.9714003801345825,0.8597036004066467
YOR237W,YBL026W,0,0.08003763,0.10291505604982376,0.9714003801345825,0.8598037362098694
YPL213W,YPR001W,0,0.07953178,0.1029043048620224,0.9714003801345825,0.859903872013092
YPR043W,YKL015W,0,0.07953078,0.10289355367422104,0.9714003801345825,0.8600040078163147
YOL010W,YBR093C,0,0.0795208,0.10288280993700027,0.9714003801345825,0.8601041436195374
YNL153C,YJR070C,0,0.07935367,0.10287206619977951,0.9714003801345825,0.86020427942276
YBR118W,YLR410W-A,0,0.07931623,0.10286132246255875,0.9714003801345825,0.8603044152259827
YKL013C,YHR005C-A,0,0.07839788,0.10285057872533798,0.9714003801345825,0.8604045510292053
YOR187W,YKR035W-A,0,0.07830767,0.10283984243869781,0.9714003801345825,0.860504686832428
YPR167C,YEL041W,0,0.07792737,0.10282910615205765,0.9714003801345825,0.8606048226356506
YOR343W-B,YMR077C,0,0.07774043,0.10281836986541748,0.9714003801345825,0.8607049584388733
YDL083C,YGR185C,0,0.07718701,0.10280764102935791,0.9714003801345825,0.8608051538467407
YDR530C,YMR210W,0,0.076770514,0.10279691219329834,0.9714003801345825,0.8609052896499634
YPR191W,YNR015W,0,0.07648569,0.10278618335723877,0.9714003801345825,0.861005425453186
YGR010W,YOR219C,0,0.07636828,0.1027754619717598,0.9714003801345825,0.8611055612564087
YGR161W-B,YNL092W,0,0.07605431,0.10276473313570023,0.9714003801345825,0.8612056970596313
YER117W,YEL022W,0,0.075251214,0.10275401920080185,0.9714003801345825,0.861305832862854
YDR144C,YCR093W,0,0.07524393,0.10274329781532288,0.9714003801345825,0.8614059686660767
YEL031W,YLR227W-B,0,0.07493828,0.1027325838804245,0.9714003801345825,0.8615061044692993
YPR149W,YDR410C,0,0.073747255,0.10272186994552612,0.9714003801345825,0.861606240272522
YLR219W,YPL078C,0,0.073535435,0.10271115601062775,0.9714003801345825,0.8617063760757446
YBL058W,YHR004C,0,0.07193275,0.10270044952630997,0.9714003801345825,0.8618065118789673
YBR059C,YFL002W-B,0,0.07186765,0.10268974304199219,0.9714003801345825,0.8619066476821899
YOL112W,YPL050C,0,0.07098777,0.10267903655767441,0.9714003801345825,0.8620067834854126
YML045W-A,YJR040W,0,0.07097608,0.10266833752393723,0.9714003801345825,0.86210697889328
YDL133C-A,YDL216C,0,0.0706632,0.10265763103961945,0.9714003801345825,0.8622071146965027
YKL168C,YNL175C,0,0.06897492,0.10264693945646286,0.9714003801345825,0.8623072504997253
YJR151C,YJL191W,0,0.06865851,0.10263624042272568,0.9714003801345825,0.862407386302948
YDR261C-D,YBR238C,0,0.0686326,0.10262554883956909,0.9714003801345825,0.8625075221061707
YOL145C,YER052C,0,0.06848778,0.1026148572564125,0.9714003801345825,0.8626076579093933
YNL232W,YPL257W-B,0,0.068262324,0.10260416567325592,0.9714003801345825,0.862707793712616
YLR410W-A,YGR271W,0,0.067770965,0.10259348154067993,0.9714003801345825,0.8628079295158386
YIL134W,YLR410W-B,0,0.06770323,0.10258279740810394,0.9714003801345825,0.8629080653190613
YJR078W,YHR066W,0,0.06755378,0.10257211327552795,0.9714003801345825,0.8630082011222839
YJL103C,YLL061W,0,0.06570364,0.10256142914295197,0.9714003801345825,0.8631083369255066
YIL080W,YPR127W,0,0.065621026,0.10255075246095657,0.9714003801345825,0.8632084727287292
YJR057W,YLR325C,0,0.06542852,0.10254007577896118,0.9714003801345825,0.8633086085319519
YOR237W,YGL060W,0,0.0652058,0.10252940654754639,0.9714003801345825,0.8634087443351746
YIL048W,YDL045C,0,0.06465829,0.10251873731613159,0.9714003801345825,0.863508939743042
YGR085C,YDR261C-D,0,0.06463126,0.1025080680847168,0.9714003801345825,0.8636090755462646
YBR183W,YOR209C,0,0.063900836,0.102497398853302,0.9714003801345825,0.8637092113494873
YDR083W,YHR004C,0,0.06385491,0.1024867370724678,0.9714003801345825,0.86380934715271
YER177W,YMR168C,1,0.0632902,0.10258010774850845,0.9723865985870361,0.86380934715271
YIL143C,YFR021W,0,0.06314967,0.10256943851709366,0.9723865985870361,0.8639094829559326
YEL022W,YDR304C,0,0.061507426,0.10255876928567886,0.9723865985870361,0.8640096187591553
YOL082W,YDR496C,0,0.061345734,0.10254810005426407,0.9723865985870361,0.8641097545623779
YJR070C,YNL232W,0,0.061133392,0.10253743827342987,0.9723865985870361,0.8642098903656006
YPL127C,YLR300W,0,0.061063625,0.10252677649259567,0.9723865985870361,0.8643100261688232
YER014C-A,YEL043W,0,0.060296584,0.10251611471176147,0.9723865985870361,0.8644101619720459
YHR002W,YIL048W,0,0.06006915,0.10250546038150787,0.9723865985870361,0.8645102977752686
YOR317W,YBL098W,0,0.05805219,0.10249480605125427,0.9723865985870361,0.8646104335784912
YJR040W,YDL040C,0,0.057964563,0.10248415172100067,0.9723865985870361,0.8647105693817139
YOR142W-B,YJL140W,0,0.057941884,0.10247349739074707,0.9723865985870361,0.8648107647895813
YFL002W-B,YLR440C,0,0.057865046,0.10246285051107407,0.9723865985870361,0.864910900592804
YDL121C,YMR246W,0,0.057618238,0.10245220363140106,0.9723865985870361,0.8650110363960266
YGL068W,YNL138W,0,0.05671797,0.10244155675172806,0.9723865985870361,0.8651111721992493
YGR034W,YIL046W,0,0.056661673,0.10243091732263565,0.9723865985870361,0.8652113080024719
YPR158C-C,YER171W,0,0.05659718,0.10242027789354324,0.9723865985870361,0.8653114438056946
YHL012W,YDR332W,0,0.055435997,0.10240963846445084,0.9723865985870361,0.8654115796089172
YBR115C,YML045W-A,0,0.05542799,0.10239900648593903,0.9723865985870361,0.8655117154121399
YMR169C,YOR099W,0,0.054676898,0.10238836705684662,0.9723865985870361,0.8656118512153625
YDR457W,YPR001W,0,0.054331742,0.10237773507833481,0.9723865985870361,0.8657119870185852
YGR056W,YOR142W-B,0,0.053659365,0.1023671105504036,0.9723865985870361,0.8658121228218079
YFL057C,YLR344W,0,0.053386994,0.10235648602247238,0.9723865985870361,0.8659122586250305
YOR297C,YNL182C,0,0.053117223,0.10234586149454117,0.9723865985870361,0.8660123944282532
YBL091C-A,YMR240C,0,0.052618608,0.10233523696660995,0.9723865985870361,0.8661125302314758
YJR078W,YFL002W-B,0,0.05182381,0.10232461243867874,0.9723865985870361,0.8662127256393433
YOR226C,YLR224W,0,0.051282533,0.10231399536132812,0.9723865985870361,0.8663128614425659
YOR206W,YLR452C,0,0.05126813,0.1023033857345581,0.9723865985870361,0.8664129972457886
YLR157C,YBR294W,0,0.050779797,0.10229276865720749,0.9723865985870361,0.8665131330490112
YOR323C,YDR518W,0,0.04990051,0.10228215903043747,0.9723865985870361,0.8666132688522339
YBR223C,YKL007W,0,0.049396016,0.10227154940366745,0.9723865985870361,0.8667134046554565
YPL257W-B,YNL192W,0,0.048455723,0.10226093977689743,0.9723865985870361,0.8668135404586792
YBR052C,YOR099W,0,0.04840801,0.10225033760070801,0.9723865985870361,0.8669136762619019
YNL110C,YOR355W,0,0.04817713,0.10223973542451859,0.9723865985870361,0.8670138120651245
YNL110C,YBR074W,0,0.048112698,0.10222913324832916,0.9723865985870361,0.8671139478683472
YKL078W,YNL121C,0,0.04810659,0.10221853852272034,0.9723865985870361,0.8672140836715698
YGL158W,YNL044W,0,0.047888175,0.10220794379711151,0.9723865985870361,0.8673142194747925
YMR193W,YLL027W,0,0.04745265,0.10219734907150269,0.9723865985870361,0.8674143552780151
YER137C-A,YPR160W,0,0.046907604,0.10218675434589386,0.9723865985870361,0.8675144910812378
YJR021C,YPR160W,0,0.046140756,0.10217616707086563,0.9723865985870361,0.8676146864891052
YMR315W,YOL136C,0,0.046026893,0.1021655797958374,0.9723865985870361,0.8677148222923279
YER137C-A,YPR091C,0,0.045713544,0.10215499252080917,0.9723865985870361,0.8678149580955505
YJR070C,YLR390W,0,0.045555927,0.10214441269636154,0.9723865985870361,0.8679150938987732
YOR317W,YGL103W,0,0.04531879,0.10213383287191391,0.9723865985870361,0.8680152297019958
YHR069C,YHR059W,0,0.044951566,0.10212325304746628,0.9723865985870361,0.8681153655052185
YMR186W,YBR222C,0,0.04472137,0.10211267322301865,0.9723865985870361,0.8682155013084412
YPL127C,YOL158C,0,0.043968383,0.10210210084915161,0.9723865985870361,0.8683156371116638
YPL257W-B,YDR062W,0,0.04333877,0.10209152847528458,0.9723865985870361,0.8684157729148865
YJL155C,YNR060W,0,0.04235848,0.10208096355199814,0.9723865985870361,0.8685159087181091
YOR204W,YNL259C,0,0.041820087,0.1020703911781311,0.9723865985870361,0.8686160445213318
YJL114W,YDL245C,0,0.04154667,0.10205982625484467,0.9723865985870361,0.8687161803245544
YNL117W,YML132W,0,0.0405642,0.10204926878213882,0.9723865985870361,0.8688163161277771
YJR078W,YIL108W,0,0.040480293,0.10203870385885239,0.9723865985870361,0.8689165115356445
YOR343W-B,YML128C,0,0.040082045,0.10202814638614655,0.9723865985870361,0.8690166473388672
YMR046C,YHR008C,0,0.03862659,0.1020175889134407,0.9723865985870361,0.8691167831420898
YPR133W-A,YIR032C,0,0.038567476,0.10200703144073486,0.9723865985870361,0.8692169189453125
YBR059C,YMR319C,0,0.037626214,0.10199648141860962,0.9723865985870361,0.8693170547485352
YGL209W,YMR090W,0,0.03745181,0.10198593139648438,0.9723865985870361,0.8694171905517578
YOL158C,YDL208W,0,0.036904,0.10197538882493973,0.9723865985870361,0.8695173263549805
YNL202W,YLR164W,0,0.036473304,0.10196483880281448,0.9723865985870361,0.8696174621582031
YOR142W-B,YLR088W,0,0.036090396,0.10195429623126984,0.9723865985870361,0.8697175979614258
YBR196C,YGR089W,0,0.03601993,0.10194375365972519,0.9723865985870361,0.8698177337646484
YJL166W,YBR095C,0,0.03565257,0.10193321853876114,0.9723865985870361,0.8699178695678711
YDR353W,YMR239C,0,0.03565117,0.10192267596721649,0.9723865985870361,0.8700180053710938
YDR405W,YOR343W-B,0,0.035296023,0.10191214829683304,0.9723865985870361,0.8701181411743164
YOR230W,YDR118W,1,0.035078987,0.10200496017932892,0.973372757434845,0.8701181411743164
YER165W,YOR393W,0,0.034989126,0.10199441760778427,0.973372757434845,0.8702182769775391
YMR049C,YOR285W,0,0.034117557,0.10198388248682022,0.973372757434845,0.8703184723854065
YLR395C,YKL119C,0,0.032982193,0.10197334736585617,0.973372757434845,0.8704186081886292
YDL083C,YPR133W-A,0,0.032598116,0.10196281224489212,0.973372757434845,0.8705187439918518
YDR453C,YOR317W,0,0.03200434,0.10195227712392807,0.973372757434845,0.8706188797950745
YOL103W-B,YOL010W,0,0.031230636,0.10194174945354462,0.973372757434845,0.8707190155982971
YDR512C,YOR142W-B,0,0.031112261,0.10193122178316116,0.973372757434845,0.8708191514015198
YML058W-A,YFL033C,1,0.030767858,0.10202395915985107,0.9743589758872986,0.8708191514015198
YOR343W-B,YDR172W,0,0.030605435,0.10201342403888702,0.9743589758872986,0.8709192872047424
YNL282W,YDL225W,0,0.030373044,0.10200288891792297,0.9743589758872986,0.8710194230079651
YLR410W-A,YNR013C,0,0.030024536,0.10199236124753952,0.9743589758872986,0.8711195588111877
YDL055C,YNL202W,0,0.02943895,0.10198183357715607,0.9743589758872986,0.8712196946144104
YBR066C,YHR135C,0,0.029403858,0.10197130590677261,0.9743589758872986,0.8713198304176331
YGR288W,YEL036C,0,0.027942397,0.10196078568696976,0.9743589758872986,0.8714199662208557
YPL082C,YDR304C,0,0.026645876,0.1019502654671669,0.9743589758872986,0.8715201020240784
YNL261W,YGR177C,0,0.026019134,0.10193974524736404,0.9743589758872986,0.8716202974319458
YML128C,YFL021W,0,0.025871627,0.10192922502756119,0.9743589758872986,0.8717204332351685
YOR229W,YDR363W-A,1,0.025375254,0.10202186554670334,0.9753451943397522,0.8717204332351685
YCL018W,YCR011C,0,0.025298841,0.10201134532690048,0.9753451943397522,0.8718205690383911
YPR043W,YCL032W,0,0.025195695,0.10200082510709763,0.9753451943397522,0.8719207048416138
YGR222W,YFL021W,0,0.024855651,0.10199030488729477,0.9753451943397522,0.8720208406448364
YDL227C,YLL040C,0,0.024366826,0.10197979211807251,0.9753451943397522,0.8721209764480591
YHL012W,YJL155C,0,0.024112113,0.10196927189826965,0.9753451943397522,0.8722211122512817
YLR329W,YDL198C,0,0.023850568,0.10195876657962799,0.9753451943397522,0.8723212480545044
YLL003W,YER074W,0,0.023486622,0.10194825381040573,0.9753451943397522,0.872421383857727
YOL165C,YFL002W-B,0,0.023288768,0.10193774849176407,0.9753451943397522,0.8725215196609497
YOL103W-B,YMR213W,0,0.023274824,0.10192723572254181,0.9753451943397522,0.8726216554641724
YOR204W,YPR133W-A,0,0.021489881,0.10191673785448074,0.9753451943397522,0.872721791267395
YMR097C,YEL041W,0,0.021177642,0.10190623253583908,0.9753451943397522,0.8728219270706177
YPR149W,YPL104W,0,0.020658009,0.10189573466777802,0.9753451943397522,0.8729220628738403
YLR264W,YLL027W,0,0.020213373,0.10188523679971695,0.9753451943397522,0.8730222582817078
YLL019C,YGR143W,0,0.020191677,0.10187473893165588,0.9753451943397522,0.8731223940849304
YKL085W,YPL208W,0,0.020012595,0.10186424851417542,0.9753451943397522,0.8732225298881531
YDR211W,YKL205W,0,0.019452281,0.10185375809669495,0.9753451943397522,0.8733226656913757
YDR064W,YER090W,0,0.019028135,0.10184326767921448,0.9753451943397522,0.8734228014945984
YJL029C,YLR227W-B,0,0.017865982,0.1018327847123146,0.9753451943397522,0.873522937297821
YMR038C,YFL023W,0,0.017627843,0.10182230174541473,0.9753451943397522,0.8736230731010437
YOR323C,YJL066C,0,0.017338596,0.10181181877851486,0.9753451943397522,0.8737232089042664
YOR297C,YER137C-A,0,0.017249264,0.10180133581161499,0.9753451943397522,0.873823344707489
YGR081C,YLR129W,0,0.014109261,0.10179086029529572,0.9753451943397522,0.8739234805107117
YNR067C,YOL155C,0,0.0138883665,0.10178038477897644,0.9753451943397522,0.8740236163139343
YGL169W,YKR044W,0,0.013650291,0.10176990926265717,0.9753451943397522,0.874123752117157
YPL094C,YNL079C,0,0.0133377835,0.10175944119691849,0.9753451943397522,0.8742238879203796
YOR317W,YGL212W,0,0.013324648,0.10174897313117981,0.9753451943397522,0.8743240833282471
YOR237W,YDR174W,0,0.0128263645,0.10173850506544113,0.9753451943397522,0.8744242191314697
YDR137W,YGL030W,0,0.012811758,0.10172803699970245,0.9753451943397522,0.8745243549346924
YOR323C,YNL239W,0,0.012785174,0.10171757638454437,0.9753451943397522,0.874624490737915
YDR034C,YGL026C,0,0.012477376,0.10170711576938629,0.9753451943397522,0.8747246265411377
YER137C-A,YNL027W,0,0.011702783,0.10169665515422821,0.9753451943397522,0.8748247623443604
YMR039C,YLR380W,0,0.011251263,0.10168620198965073,0.9753451943397522,0.874924898147583
YGR161W-B,YMR229C,0,0.011030622,0.10167574882507324,0.9753451943397522,0.8750250339508057
YDR245W,YOR222W,0,0.010977961,0.10166529566049576,0.9753451943397522,0.8751251697540283
YOR106W,YDR064W,0,0.010337718,0.10165484994649887,0.9753451943397522,0.875225305557251
YLR203C,YLR350W,0,0.009899788,0.10164439678192139,0.9753451943397522,0.8753254413604736
YLR329W,YNR018W,0,0.00944389,0.1016339510679245,0.9753451943397522,0.8754255771636963
YAL038W,YLR264W,0,0.008767866,0.10162351280450821,0.9753451943397522,0.875525712966919
YJR010W,YOR310C,0,0.0074167326,0.10161306709051132,0.9753451943397522,0.8756258487701416
YPR144C,YCR087C-A,0,0.007006474,0.10160262882709503,0.9753451943397522,0.875726044178009
YOR275C,YPL098C,0,0.006462075,0.10159219056367874,0.9753451943397522,0.8758261799812317
YBR150C,YPL110C,0,0.006435916,0.10158175975084305,0.9753451943397522,0.8759263157844543
YDR222W,YOR351C,0,0.006119132,0.10157132893800735,0.9753451943397522,0.876026451587677
YOR099W,YKL206C,0,0.0060750917,0.10156089812517166,0.9753451943397522,0.8761265873908997
YDR518W,YER130C,0,0.005731337,0.10155046731233597,0.9753451943397522,0.8762267231941223
YBR177C,YLR050C,0,0.0056957975,0.10154004395008087,0.9753451943397522,0.876326858997345
YDL021W,YAL031C,0,0.0055594295,0.10152962058782578,0.9753451943397522,0.8764269948005676
YMR033W,YMR246W,0,0.004218586,0.10151919722557068,0.9753451943397522,0.8765271306037903
YNR017W,YPR200C,0,0.0032734647,0.10150877386331558,0.9753451943397522,0.8766272664070129
YDR449C,YGR185C,0,0.0018445328,0.10149835795164108,0.9753451943397522,0.8767274022102356
YEL053C,YMR246W,0,0.0011918768,0.10148794203996658,0.9753451943397522,0.8768275380134583
YHR209W,YGL051W,0,-0.00014396757,0.10147752612829208,0.9753451943397522,0.8769276738166809
YDL036C,YIL088C,0,-0.00023273379,0.10146711766719818,0.9753451943397522,0.8770278096199036
YNL102W,YPR133W-A,0,-0.0010479838,0.10145670920610428,0.9753451943397522,0.877128005027771
YPL257W-B,YNR028W,0,-0.0015339777,0.10144630074501038,0.9753451943397522,0.8772281408309937
YJR078W,YNL223W,0,-0.0015935823,0.10143589973449707,0.9753451943397522,0.8773282766342163
YMR319C,YMR173W,0,-0.0018773302,0.10142549127340317,0.9753451943397522,0.877428412437439
YLR107W,YBL092W,0,-0.0018918142,0.10141509771347046,0.9753451943397522,0.8775285482406616
YNL073W,YBR037C,0,-0.0019407012,0.10140469670295715,0.9753451943397522,0.8776286840438843
YBR294W,YOR232W,0,-0.0021419153,0.10139430314302444,0.9753451943397522,0.8777288198471069
YDR285W,YHR051W,0,-0.0024148747,0.10138390213251114,0.9753451943397522,0.8778289556503296
YLR244C,YNR044W,0,-0.0027960017,0.10137351602315903,0.9753451943397522,0.8779290914535522
YJR036C,YEL040W,0,-0.00317128,0.10136312246322632,0.9753451943397522,0.8780292272567749
YJL166W,YOL043C,0,-0.004114136,0.1013527363538742,0.9753451943397522,0.8781293630599976
YER171W,YLR073C,0,-0.004939966,0.1013423502445221,0.9753451943397522,0.8782294988632202
YBR095C,YDR353W,0,-0.0056431517,0.10133196413516998,0.9753451943397522,0.8783296346664429
YLR312W-A,YNL274C,0,-0.005680032,0.10132158547639847,0.9753451943397522,0.8784298300743103
YJL071W,YJL130C,0,-0.0060094036,0.10131120681762695,0.9753451943397522,0.878529965877533
YJL194W,YOR230W,1,-0.0060905293,0.10140325874090195,0.976331353187561,0.878529965877533
YBL089W,YBR026C,0,-0.0069464073,0.10139287263154984,0.976331353187561,0.8786301016807556
YMR146C,YCL018W,0,-0.0073772967,0.10138248652219772,0.976331353187561,0.8787302374839783
YMR033W,YLR153C,0,-0.00796438,0.10137210786342621,0.976331353187561,0.8788303732872009
YMR054W,YNR035C,0,-0.007980313,0.1013617292046547,0.976331353187561,0.8789305090904236
YGL037C,YEL029C,0,-0.007989161,0.10135135054588318,0.976331353187561,0.8790306448936462
YPR158C-C,YMR200W,0,-0.008860163,0.10134097933769226,0.976331353187561,0.8791307806968689
YBR282W,YML128C,0,-0.009590559,0.10133060067892075,0.976331353187561,0.8792309165000916
YLR020C,YFL054C,0,-0.010431804,0.10132023692131042,0.976331353187561,0.8793310523033142
YDR518W,YGR077C,0,-0.010472596,0.1013098657131195,0.976331353187561,0.8794311881065369
YGR020C,YNL052W,0,-0.010987334,0.10129950195550919,0.976331353187561,0.8795313239097595
YFR019W,YBR072W,0,-0.011525869,0.10128913074731827,0.976331353187561,0.8796314597129822
YDR233C,YMR173W,0,-0.0116356835,0.10127877444028854,0.976331353187561,0.8797315955162048
YGR225W,YJR006W,0,-0.01230038,0.10126841068267822,0.976331353187561,0.8798317909240723
YKL119C,YIL094C,0,-0.012529202,0.1012580543756485,0.976331353187561,0.8799319267272949
YLR244C,YOR287C,0,-0.012612872,0.10124769806861877,0.976331353187561,0.8800320625305176
YGL037C,YHR058C,0,-0.012758188,0.10123734176158905,0.976331353187561,0.8801321983337402
YNL192W,YDR261W-A,0,-0.013209812,0.10122699290513992,0.976331353187561,0.8802323341369629
YIL083C,YDR222W,0,-0.013776831,0.1012166440486908,0.976331353187561,0.8803324699401855
YDL179W,YPR190C,0,-0.0141206905,0.10120629519224167,0.976331353187561,0.8804326057434082
YBR196C,YMR090W,0,-0.014193095,0.10119595378637314,0.976331353187561,0.8805327415466309
YOL165C,YOL040C,0,-0.0153783485,0.10118561238050461,0.976331353187561,0.8806328773498535
YLR219W,YBR026C,0,-0.016897194,0.10117527097463608,0.976331353187561,0.8807330131530762
YJR057W,YML045W-A,0,-0.017059058,0.10116492956876755,0.976331353187561,0.8808331489562988
YKL171W,YFR018C,0,-0.01722055,0.10115459561347961,0.976331353187561,0.8809332847595215
YFL002W-B,YFL013C,0,-0.018051915,0.10114426165819168,0.976331353187561,0.8810334205627441
YBR145W,YBR129C,0,-0.018105663,0.10113392770290375,0.976331353187561,0.8811336159706116
YPL218W,YNL175C,0,-0.018400006,0.10112359374761581,0.976331353187561,0.8812337517738342
YPR187W,YEL041W,0,-0.01887665,0.10111326724290848,0.976331353187561,0.8813338875770569
YER175C,YGR171C,0,-0.019383915,0.10110294073820114,0.976331353187561,0.8814340233802795
YDR328C,YJL194W,1,-0.019393608,0.10119473189115524,0.9773175716400146,0.8814340233802795
YAL054C,YML030W,0,-0.019574061,0.10118439793586731,0.9773175716400146,0.8815341591835022
YPR149W,YJL192C,0,-0.019859523,0.10117407143115997,0.9773175716400146,0.8816342949867249
YJL087C,YKR056W,0,-0.021109127,0.10116373747587204,0.9773175716400146,0.8817344307899475
YAL038W,YAR027W,0,-0.021135129,0.1011534109711647,0.9773175716400146,0.8818345665931702
YMR173W,YKL206C,0,-0.021728031,0.10114309191703796,0.9773175716400146,0.8819347023963928
YOR212W,YFL002W-B,0,-0.022744678,0.10113276541233063,0.9773175716400146,0.8820348381996155
YOL010W,YNR003C,0,-0.02275347,0.10112244635820389,0.9773175716400146,0.8821349740028381
YMR168C,YGR214W,0,-0.023154221,0.10111213475465775,0.9773175716400146,0.8822351098060608
YGL209W,YCR012W,0,-0.023302317,0.101101815700531,0.9773175716400146,0.8823352456092834
YBR247C,YNL073W,0,-0.023520596,0.10109150409698486,0.9773175716400146,0.8824353814125061
YER154W,YGL030W,0,-0.023643844,0.10108119249343872,0.9773175716400146,0.8825355768203735
YJL030W,YMR272C,0,-0.023824833,0.10107088088989258,0.9773175716400146,0.8826357126235962
YGR281W,YLR329W,0,-0.02495604,0.10106057673692703,0.9773175716400146,0.8827358484268188
YOR099W,YDR262W,0,-0.025677197,0.10105027258396149,0.9773175716400146,0.8828359842300415
YJR107W,YDR476C,0,-0.025954477,0.10103996843099594,0.9773175716400146,0.8829361200332642
YKL190W,YOR142W-B,0,-0.026836686,0.1010296642780304,0.9773175716400146,0.8830362558364868
YBL058W,YGL062W,0,-0.027359948,0.10101936757564545,0.9773175716400146,0.8831363916397095
YLR203C,YMR194W,0,-0.027930073,0.1010090708732605,0.9773175716400146,0.8832365274429321
YMR272C,YNR002C,0,-0.029141165,0.10099877417087555,0.9773175716400146,0.8833366632461548
YDR144C,YMR241W,0,-0.02967178,0.1009884849190712,0.9773175716400146,0.8834367990493774
YOR355W,YLR325C,0,-0.02994325,0.10097819566726685,0.9773175716400146,0.8835369348526001
YLL041C,YBR275C,0,-0.03077162,0.1009679064154625,0.9773175716400146,0.8836370706558228
YFL057C,YPR127W,0,-0.031480722,0.10095761716365814,0.9773175716400146,0.8837372064590454
YGL237C,YLR219W,0,-0.031762116,0.10094733536243439,0.9773175716400146,0.8838374018669128
YPR200C,YOR098C,0,-0.032633416,0.10093705356121063,0.9773175716400146,0.8839375376701355
YLL029W,YGR225W,0,-0.032702528,0.10092677175998688,0.9773175716400146,0.8840376734733582
YJR051W,YML073C,0,-0.0328271,0.10091649740934372,0.9773175716400146,0.8841378092765808
YNL202W,YMR176W,0,-0.03361763,0.10090622305870056,0.9773175716400146,0.8842379450798035
YHL012W,YKL067W,0,-0.033829875,0.1008959487080574,0.9773175716400146,0.8843380808830261
YKL078W,YKL117W,0,-0.036240287,0.10088567435741425,0.9773175716400146,0.8844382166862488
YGR225W,YPL273W,0,-0.036392123,0.10087540745735168,0.9773175716400146,0.8845383524894714
YML058W-A,YER130C,0,-0.03687892,0.10086514055728912,0.9773175716400146,0.8846384882926941
YPL196W,YIR032C,0,-0.03715586,0.10085487365722656,0.9773175716400146,0.8847386240959167
YML045W-A,YNL298W,0,-0.037315585,0.1008446142077446,0.9773175716400146,0.8848387598991394
YBR294W,YPL007C,0,-0.037503414,0.10083434730768204,0.9773175716400146,0.8849388957023621
YDL215C,YPL218W,0,-0.037867628,0.10082409530878067,0.9773175716400146,0.8850390315055847
YJR010W,YMR032W,0,-0.038502753,0.1008138358592987,0.9773175716400146,0.8851391673088074
YOR106W,YMR117C,0,-0.039508753,0.10080358386039734,0.9773175716400146,0.8852393627166748
YFL002W-B,YCR087C-A,0,-0.039688937,0.10079332441091537,0.9773175716400146,0.8853394985198975
YKL217W,YER087C-B,0,-0.03999631,0.1007830798625946,0.9773175716400146,0.8854396343231201
YNR035C,YGL030W,0,-0.040660545,0.10077282786369324,0.9773175716400146,0.8855397701263428
YGR264C,YKR069W,0,-0.040917687,0.10076258331537247,0.9773175716400146,0.8856399059295654
YLR209C,YKR044W,0,-0.042234294,0.1007523387670517,0.9773175716400146,0.8857400417327881
YDR492W,YGL026C,0,-0.04287126,0.10074209421873093,0.9773175716400146,0.8858401775360107
YLR270W,YOR294W,0,-0.043752633,0.10073185712099075,0.9773175716400146,0.8859403133392334
YBL056W,YOL139C,1,-0.043808572,0.10082325339317322,0.9783037304878235,0.8859403133392334
YGR161W-B,YDL202W,0,-0.044357322,0.10081300884485245,0.9783037304878235,0.886040449142456
YLR295C,YNL079C,0,-0.045010574,0.10080276429653168,0.9783037304878235,0.8861405849456787
YBR128C,YBR093C,0,-0.045013957,0.10079251974821091,0.9783037304878235,0.8862407207489014
YBR287W,YMR099C,0,-0.046334244,0.10078228265047073,0.9783037304878235,0.886340856552124
YML073C,YLR020C,0,-0.046666972,0.10077204555273056,0.9783037304878235,0.8864409923553467
YER151C,YMR145C,0,-0.046760783,0.10076180845499039,0.9783037304878235,0.8865411281585693
YNR031C,YPL223C,0,-0.04688841,0.10075157135725021,0.9783037304878235,0.8866413235664368
YER137C-A,YOR232W,0,-0.04771789,0.10074134171009064,0.9783037304878235,0.8867414593696594
YJL214W,YAL029C,0,-0.047916673,0.10073111206293106,0.9783037304878235,0.8868415951728821
YKL201C,YLR325C,0,-0.048140712,0.10072088241577148,0.9783037304878235,0.8869417309761047
YHL012W,YAL022C,0,-0.048619233,0.1007106602191925,0.9783037304878235,0.8870418667793274
YOR142W-B,YOR209C,0,-0.048825458,0.10070043802261353,0.9783037304878235,0.88714200258255
YNL232W,YHR059W,0,-0.04958176,0.10069021582603455,0.9783037304878235,0.8872421383857727
YDL171C,YCR087C-A,0,-0.05004096,0.10067999362945557,0.9783037304878235,0.8873422741889954
YNR060W,YER115C,0,-0.0501787,0.10066977888345718,0.9783037304878235,0.887442409992218
YJL171C,YNR035C,0,-0.050377645,0.1006595641374588,0.9783037304878235,0.8875425457954407
YLR295C,YML036W,0,-0.05055455,0.10064934939146042,0.9783037304878235,0.8876426815986633
YOL086C,YOL107W,0,-0.050593637,0.10063914209604263,0.9783037304878235,0.887742817401886
YML073C,YOL062C,0,-0.05156582,0.10062892735004425,0.9783037304878235,0.8878429532051086
YMR049C,YER090W,0,-0.051675282,0.10061872750520706,0.9783037304878235,0.8879431486129761
YDR518W,YIL042C,0,-0.05214127,0.10060852020978928,0.9783037304878235,0.8880432844161987
YLR395C,YGL180W,0,-0.05222962,0.10059831291437149,0.9783037304878235,0.8881434202194214
YML058W-A,YGR211W,1,-0.052848943,0.10068951547145844,0.9792899489402771,0.8881434202194214
YGL062W,YER162C,0,-0.05346302,0.10067930817604065,0.9792899489402771,0.888243556022644
YKL174C,YOR187W,0,-0.053622633,0.10066910088062286,0.9792899489402771,0.8883436918258667
YGR225W,YOR148C,0,-0.054154523,0.10065889358520508,0.9792899489402771,0.8884438276290894
YKL168C,YOR020C,0,-0.055829324,0.10064869374036789,0.9792899489402771,0.888543963432312
YOL057W,YLL045C,0,-0.056486942,0.1006384938955307,0.9792899489402771,0.8886440992355347
YNL232W,YIL020C,0,-0.057287656,0.10062829405069351,0.9792899489402771,0.8887442350387573
YGR169C,YOR230W,0,-0.05775746,0.10061809420585632,0.9792899489402771,0.88884437084198
YKL217W,YLR316C,0,-0.05782029,0.10060790181159973,0.9792899489402771,0.8889445066452026
YGR288W,YPR011C,0,-0.058219217,0.10059770941734314,0.9792899489402771,0.8890446424484253
YDL227C,YDR508C,0,-0.058234267,0.10058751702308655,0.9792899489402771,0.889144778251648
YAL060W,YJR151C,0,-0.058329202,0.10057733207941055,0.9792899489402771,0.8892449140548706
YBR294W,YMR203W,0,-0.05881358,0.10056714713573456,0.9792899489402771,0.889345109462738
YJR004C,YPL099C,0,-0.05904659,0.10055696219205856,0.9792899489402771,0.8894452452659607
YBL091C-A,YGL226C-A,0,-0.05922644,0.10054677724838257,0.9792899489402771,0.8895453810691833
YOL010W,YMR203W,0,-0.059437744,0.10053659975528717,0.9792899489402771,0.889645516872406
YDL024C,YOR142W-A,0,-0.05951629,0.10052642226219177,0.9792899489402771,0.8897456526756287
YLR165C,YER150W,0,-0.059529312,0.10051624476909637,0.9792899489402771,0.8898457884788513
YNL070W,YKR026C,0,-0.059798084,0.10050607472658157,0.9792899489402771,0.889945924282074
YLR425W,YLR227W-B,0,-0.059988655,0.10049590468406677,0.9792899489402771,0.8900460600852966
YNR002C,YOL040C,0,-0.060072623,0.10048573464155197,0.9792899489402771,0.8901461958885193
YNR067C,YDR494W,0,-0.061419122,0.10047556459903717,0.9792899489402771,0.8902463316917419
YER150W,YDR353W,0,-0.061982684,0.10046540200710297,0.9792899489402771,0.8903464674949646
YKL217W,YMR213W,0,-0.06288975,0.10045523196458817,0.9792899489402771,0.8904466032981873
YPR144C,YOR098C,0,-0.063025646,0.10044507682323456,0.9792899489402771,0.8905467391014099
YBR183W,YDR211W,0,-0.06350083,0.10043491423130035,0.9792899489402771,0.8906469345092773
YLR452C,YPL119C,0,-0.06354418,0.10042475908994675,0.9792899489402771,0.8907470703125
YLR380W,YPL218W,0,-0.063928,0.10041460394859314,0.9792899489402771,0.8908472061157227
YOR142W-B,YBL034C,0,-0.06432735,0.10040444880723953,0.9792899489402771,0.8909473419189453
YLR080W,YNL223W,0,-0.06460016,0.10039430111646652,0.9792899489402771,0.891047477722168
YIL076W,YBR072W,0,-0.0648528,0.10038414597511292,0.9792899489402771,0.8911476135253906
YDL029W,YGL062W,0,-0.06574445,0.1003739982843399,0.9792899489402771,0.8912477493286133
YGR052W,YDR518W,0,-0.06663173,0.10036385804414749,0.9792899489402771,0.8913478851318359
YER087C-B,YAL029C,0,-0.06666276,0.10035371035337448,0.9792899489402771,0.8914480209350586
YDR414C,YPL099C,0,-0.06717629,0.10034357011318207,0.9792899489402771,0.8915481567382812
YGL183C,YJL124C,0,-0.06775885,0.10033343732357025,0.9792899489402771,0.8916482925415039
YPR137W,YHR209W,0,-0.06800566,0.10032329708337784,0.9792899489402771,0.8917484283447266
YPR127W,YJR063W,0,-0.06896245,0.10031316429376602,0.9792899489402771,0.8918485641479492
YPR080W,YJL081C,0,-0.06936442,0.1003030315041542,0.9792899489402771,0.8919486999511719
YEL069C,YLR344W,0,-0.06959904,0.10029289871454239,0.9792899489402771,0.8920488953590393
YPR119W,YFL017W-A,0,-0.07003803,0.10028277337551117,0.9792899489402771,0.892149031162262
YAL054C,YKL171W,0,-0.07114198,0.10027264803647995,0.9792899489402771,0.8922491669654846
YER137C-A,YDR062W,0,-0.07184882,0.10026252269744873,0.9792899489402771,0.8923493027687073
YLL029W,YLR410W-B,0,-0.07365281,0.10025239735841751,0.9792899489402771,0.8924494385719299
YBR183W,YML052W,0,-0.0742641,0.10024227946996689,0.9792899489402771,0.8925495743751526
YKR054C,YBL091C-A,0,-0.07443253,0.10023216158151627,0.9792899489402771,0.8926497101783752
YBL041W,YKL172W,0,-0.07448612,0.10022204369306564,0.9792899489402771,0.8927498459815979
YDR453C,YKR035W-A,0,-0.0750336,0.10021192580461502,0.9792899489402771,0.8928499817848206
YDR172W,YCL025C,0,-0.07543846,0.100201815366745,0.9792899489402771,0.8929501175880432
YMR033W,YLR129W,0,-0.076022826,0.10019170492887497,0.9792899489402771,0.8930502533912659
YMR117C,YPR204W,0,-0.07660333,0.10018159449100494,0.9792899489402771,0.8931503891944885
YOR301W,YMR173W,0,-0.0772024,0.10017149150371552,0.9792899489402771,0.8932505249977112
YGL225W,YNL302C,0,-0.07770606,0.10016138851642609,0.9792899489402771,0.8933507204055786
YGL068W,YOL043C,0,-0.078462236,0.10015128552913666,0.9792899489402771,0.8934508562088013
YPL163C,YOR251C,0,-0.07871138,0.10014118254184723,0.9792899489402771,0.8935509920120239
YDL036C,YER087W,0,-0.078930385,0.1001310870051384,0.9792899489402771,0.8936511278152466
YER014C-A,YFL001W,0,-0.07934804,0.10012099146842957,0.9792899489402771,0.8937512636184692
YOL103W-B,YDR151C,0,-0.08045032,0.10011089593172073,0.9792899489402771,0.8938513994216919
YPL208W,YHR051W,0,-0.08146588,0.1001008078455925,0.9792899489402771,0.8939515352249146
YDR174W,YER104W,0,-0.08159099,0.10009071975946426,0.9792899489402771,0.8940516710281372
YJR051W,YJL141C,0,-0.082101144,0.10008063167333603,0.9792899489402771,0.8941518068313599
YNL283C,YHR209W,0,-0.082612015,0.1000705435872078,0.9792899489402771,0.8942519426345825
YDR083W,YGR084C,0,-0.084136926,0.10006046295166016,0.9792899489402771,0.8943520784378052
YMR089C,YKL078W,0,-0.08423788,0.10005037486553192,0.9792899489402771,0.8944522142410278
YKL174C,YER150W,0,-0.085267596,0.10004030168056488,0.9792899489402771,0.8945523500442505
YOL026C,YBR238C,0,-0.085854106,0.10003022104501724,0.9792899489402771,0.8946524858474731
YOR074C,YIL133C,0,-0.0872904,0.1000201478600502,0.9792899489402771,0.8947526812553406
YJR070C,YPL200W,0,-0.0882661,0.10001007467508316,0.9792899489402771,0.8948528170585632
YGR161W-B,YNL304W,0,-0.08841821,0.10000000149011612,0.9792899489402771,0.8949529528617859
YBR150C,YGR177C,0,-0.08893978,0.09998992830514908,0.9792899489402771,0.8950530886650085
YNL178W,YJL006C,0,-0.08928176,0.09997986257076263,0.9792899489402771,0.8951532244682312
YBR183W,YDR410C,0,-0.08946576,0.09996979683637619,0.9792899489402771,0.8952533602714539
YDR172W,YGL030W,0,-0.091179065,0.09995973110198975,0.9792899489402771,0.8953534960746765
YOR343W-B,YJL130C,0,-0.09122636,0.0999496728181839,0.9792899489402771,0.8954536318778992
YGR098C,YHR152W,1,-0.0918758,0.1000402569770813,0.9802761077880859,0.8954536318778992
YHR029C,YDR146C,0,-0.09196062,0.10003019124269485,0.9802761077880859,0.8955537676811218
YLR244C,YFL054C,0,-0.092020564,0.10002012550830841,0.9802761077880859,0.8956539034843445
YEL069C,YFR021W,0,-0.092103414,0.10001005977392197,0.9802761077880859,0.8957540392875671
YLL051C,YER137C-A,0,-0.09254316,0.10000000149011612,0.9802761077880859,0.8958541750907898
YHL012W,YJL166W,0,-0.092721246,0.09998994320631027,0.9802761077880859,0.8959543108940125
YPR167C,YER117W,0,-0.0936036,0.09997988492250443,0.9802761077880859,0.8960544466972351
YNL110C,YOR215C,0,-0.09379809,0.09996982663869858,0.9802761077880859,0.8961546421051025
YNL131W,YDL083C,0,-0.09421653,0.09995977580547333,0.9802761077880859,0.8962547779083252
YMR049C,YNR003C,0,-0.09488391,0.09994972497224808,0.9802761077880859,0.8963549137115479
YAL033W,YAL038W,0,-0.09496891,0.09993967413902283,0.9802761077880859,0.8964550495147705
YMR315W,YDR496C,0,-0.095415734,0.09992962330579758,0.9802761077880859,0.8965551853179932
YGR281W,YMR194W,0,-0.0957736,0.09991957992315292,0.9802761077880859,0.8966553211212158
YNL267W,YPL098C,0,-0.09622545,0.09990953654050827,0.9802761077880859,0.8967554569244385
YDR172W,YOL151W,0,-0.0973764,0.09989950060844421,0.9802761077880859,0.8968555927276611
YCL018W,YJL130C,0,-0.09745202,0.09988945722579956,0.9802761077880859,0.8969557285308838
YDR261C-D,YJR026W,0,-0.09806181,0.0998794212937355,0.9802761077880859,0.8970558643341064
YFL014W,YCL052C,0,-0.09908528,0.09986938536167145,0.9802761077880859,0.8971560001373291
YMR054W,YLR410W-A,0,-0.0997986,0.09985934942960739,0.9802761077880859,0.8972561359405518
YGR109W-B,YJL005W,0,-0.10065041,0.09984932094812393,0.9802761077880859,0.8973562717437744
YGR251W,YDR492W,0,-0.1008436,0.09983929246664047,0.9802761077880859,0.8974564671516418
YBR145W,YHL027W,0,-0.1036266,0.09982926398515701,0.9802761077880859,0.8975566029548645
YNL160W,YAL033W,0,-0.10456344,0.09981924295425415,0.9802761077880859,0.8976567387580872
YJR006W,YLR410W-A,0,-0.10486003,0.09980921447277069,0.9802761077880859,0.8977568745613098
YER175C,YKL172W,0,-0.10537871,0.09979919344186783,0.9802761077880859,0.8978570103645325
YPR196W,YDL047W,0,-0.1067285,0.09978917986154556,0.9802761077880859,0.8979571461677551
YEL069C,YGR118W,0,-0.10836988,0.0997791588306427,0.9802761077880859,0.8980572819709778
YMR319C,YNL175C,0,-0.10863166,0.09976914525032043,0.9802761077880859,0.8981574177742004
YBR247C,YIL134W,0,-0.10915624,0.09975913166999817,0.9802761077880859,0.8982575535774231
YFL066C,YBR072W,0,-0.1098992,0.0997491255402565,0.9802761077880859,0.8983576893806458
YBR230C,YDR337W,0,-0.11022746,0.09973911195993423,0.9802761077880859,0.8984578251838684
YHR039C-A,YGL103W,0,-0.111421175,0.09972910583019257,0.9802761077880859,0.8985579609870911
YER074W,YIL042C,0,-0.111528896,0.0997190997004509,0.9802761077880859,0.8986580967903137
YMR093W,YLR410W-B,0,-0.11540233,0.09970910102128983,0.9802761077880859,0.8987582325935364
YDR454C,YPR187W,0,-0.11591189,0.09969909489154816,0.9802761077880859,0.8988584280014038
YBR294W,YER168C,0,-0.11688384,0.09968909621238708,0.9802761077880859,0.8989585638046265
YIL134W,YLR043C,0,-0.11728432,0.09967910498380661,0.9802761077880859,0.8990586996078491
YOR388C,YDR518W,0,-0.11857282,0.09966910630464554,0.9802761077880859,0.8991588354110718
YKL038W,YDR261W-A,0,-0.119966514,0.09965911507606506,0.9802761077880859,0.8992589712142944
YLR353W,YDR261C-D,0,-0.12021651,0.09964912384748459,0.9802761077880859,0.8993591070175171
YIL108W,YER185W,0,-0.12092496,0.09963913261890411,0.9802761077880859,0.8994592428207397
YFR031C,YER052C,0,-0.12140141,0.09962914884090424,0.9802761077880859,0.8995593786239624
YNL044W,YNL202W,0,-0.12164643,0.09961916506290436,0.9802761077880859,0.8996595144271851
YGL237C,YER162C,0,-0.122172005,0.09960918128490448,0.9802761077880859,0.8997596502304077
YOR343W-B,YBR042C,0,-0.123757504,0.0995991975069046,0.9802761077880859,0.8998597860336304
YPR011C,YOL040C,0,-0.12428727,0.09958922117948532,0.9802761077880859,0.899959921836853
YER101C,YCL025C,0,-0.124654405,0.09957924485206604,0.9802761077880859,0.9000600576400757
YMR169C,YOR292C,0,-0.12511685,0.09956926852464676,0.9802761077880859,0.9001602530479431
YBR120C,YHR041C,0,-0.12515017,0.09955929219722748,0.9802761077880859,0.9002603888511658
YGR167W,YOR294W,0,-0.12537023,0.0995493233203888,0.9802761077880859,0.9003605246543884
YPL183W-A,YKR044W,0,-0.12649989,0.09953935444355011,0.9802761077880859,0.9004606604576111
YLR228C,YOR285W,0,-0.12794852,0.09952938556671143,0.9802761077880859,0.9005607962608337
YKL074C,YNR072W,0,-0.12854335,0.09951942414045334,0.9802761077880859,0.9006609320640564
YDR410C,YPL093W,0,-0.1286962,0.09950946271419525,0.9802761077880859,0.900761067867279
YOR142W-B,YMR093W,0,-0.12901726,0.09949950128793716,0.9802761077880859,0.9008612036705017
YGR109W-B,YNR067C,0,-0.13044539,0.09948953986167908,0.9802761077880859,0.9009613394737244
YER137C-A,YPR163C,0,-0.13316253,0.09947958588600159,0.9802761077880859,0.901061475276947
YOR145C,YBR276C,0,-0.13323191,0.0994696319103241,0.9802761077880859,0.9011616110801697
YMR089C,YGL148W,0,-0.13394943,0.0994596779346466,0.9802761077880859,0.9012617468833923
YEL069C,YDR174W,0,-0.1343256,0.09944972395896912,0.9802761077880859,0.901361882686615
YHR030C,YKR057W,0,-0.13466114,0.09943977743387222,0.9802761077880859,0.9014620184898376
YMR146C,YBL076C,0,-0.13491786,0.09942983090877533,0.9802761077880859,0.9015622138977051
YOR382W,YOR294W,0,-0.13528818,0.09941988438367844,0.9802761077880859,0.9016623497009277
YER087W,YOR219C,0,-0.13571838,0.09940993785858154,0.9802761077880859,0.9017624855041504
YJL060W,YGL225W,0,-0.1359595,0.09939999878406525,0.9802761077880859,0.901862621307373
YDR059C,YLR113W,0,-0.13638917,0.09939005970954895,0.9802761077880859,0.9019627571105957
YOR304C-A,YOR226C,0,-0.13661891,0.09938012063503265,0.9802761077880859,0.9020628929138184
YGR109W-B,YPL139C,0,-0.13672516,0.09937018901109695,0.9802761077880859,0.902163028717041
YDR383C,YGR118W,0,-0.13768512,0.09936025738716125,0.9802761077880859,0.9022631645202637
YDL022W,YMR301C,0,-0.13772103,0.09935032576322556,0.9802761077880859,0.9023633003234863
YNL153C,YHR059W,0,-0.13816667,0.09934039413928986,0.9802761077880859,0.902463436126709
YLR410W-A,YLR227W-B,0,-0.1388393,0.09933046996593475,0.9802761077880859,0.9025635719299316
YOR343W-B,YOL038W,0,-0.13913593,0.09932054579257965,0.9802761077880859,0.9026637077331543
YOR142W-B,YBL112C,0,-0.14000902,0.09931062161922455,0.9802761077880859,0.902763843536377
YDL074C,YBL068W,0,-0.14163846,0.09930069744586945,0.9802761077880859,0.9028640389442444
YMR054W,YKL053C-A,0,-0.14202315,0.09929078072309494,0.9802761077880859,0.902964174747467
YER133W,YKR072C,1,-0.14210758,0.0993807464838028,0.9812623262405396,0.902964174747467
YNL160W,YGL169W,0,-0.14228195,0.0993708148598671,0.9812623262405396,0.9030643105506897
YLR452C,YNL182C,0,-0.14260113,0.09936089813709259,0.9812623262405396,0.9031644463539124
YGL256W,YML030W,0,-0.14266184,0.09935097396373749,0.9812623262405396,0.903264582157135
YGR268C,YLR350W,0,-0.14299893,0.09934105724096298,0.9812623262405396,0.9033647179603577
YOL045W,YPL098C,0,-0.14314601,0.09933114051818848,0.9812623262405396,0.9034648537635803
YGR268C,YCR011C,0,-0.1435683,0.09932122379541397,0.9812623262405396,0.903564989566803
YDR229W,YIL133C,0,-0.14378297,0.09931130707263947,0.9812623262405396,0.9036651253700256
YMR180C,YER052C,0,-0.14409924,0.09930139780044556,0.9812623262405396,0.9037652611732483
YPR024W,YGR143W,0,-0.14522913,0.09929148852825165,0.9812623262405396,0.903865396976471
YKL103C,YOR138C,0,-0.1455423,0.09928157925605774,0.9812623262405396,0.9039655327796936
YMR159C,YJL149W,0,-0.1459203,0.09927167743444443,0.9812623262405396,0.9040656685829163
YHR002W,YOR393W,0,-0.14637956,0.09926176816225052,0.9812623262405396,0.9041658043861389
YBR238C,YIL133C,0,-0.14779401,0.0992518737912178,0.9812623262405396,0.9042659997940063
YER137C-A,YOR353C,0,-0.14859584,0.09924197196960449,0.9812623262405396,0.904366135597229
YGR161W-B,YNR035C,0,-0.14862525,0.09923207014799118,0.9812623262405396,0.9044662714004517
YOR159C,YLR312W-A,0,-0.14923263,0.09922217577695847,0.9812623262405396,0.9045664072036743
YNR072W,YLR151C,0,-0.14929876,0.09921228140592575,0.9812623262405396,0.904666543006897
YPL078C,YOR020C,0,-0.14945588,0.09920239448547363,0.9812623262405396,0.9047666788101196
YKR056W,YAL017W,0,-0.14980552,0.09919250011444092,0.9812623262405396,0.9048668146133423
YKL096W-A,YLR301W,0,-0.14989811,0.0991826131939888,0.9812623262405396,0.9049669504165649
YPR198W,YNR044W,0,-0.15065864,0.09917272627353668,0.9812623262405396,0.9050670862197876
YML058W-A,YLR033W,0,-0.15113136,0.09916284680366516,0.9812623262405396,0.9051672220230103
YGR288W,YDL215C,0,-0.15145731,0.09915296733379364,0.9812623262405396,0.9052673578262329
YGR085C,YGL010W,0,-0.15194085,0.09914308786392212,0.9812623262405396,0.9053674936294556
YBR183W,YPL244C,0,-0.15265131,0.0991332083940506,0.9812623262405396,0.9054676294326782
YJL103C,YDR496C,0,-0.15265825,0.09912332892417908,0.9812623262405396,0.9055677652359009
YER145C,YDR218C,0,-0.15293169,0.09911345690488815,0.9812623262405396,0.9056679606437683
YPL119C,YNL302C,0,-0.15427554,0.09910358488559723,0.9812623262405396,0.905768096446991
YLL029W,YER137C-A,0,-0.15432277,0.0990937128663063,0.9812623262405396,0.9058682322502136
YGR010W,YGR112W,0,-0.15469301,0.09908384829759598,0.9812623262405396,0.9059683680534363
YOL101C,YDR222W,0,-0.15470922,0.09907398372888565,0.9812623262405396,0.9060685038566589
YDL215C,YAL029C,0,-0.1554085,0.09906411916017532,0.9812623262405396,0.9061686396598816
YGL062W,YBR281C,0,-0.15703511,0.099054254591465,0.9812623262405396,0.9062687754631042
YER103W,YNR018W,0,-0.15722272,0.09904439747333527,0.9812623262405396,0.9063689112663269
YNR067C,YDR226W,0,-0.15775403,0.09903454035520554,0.9812623262405396,0.9064690470695496
YAL054C,YNL302C,0,-0.15827173,0.0990246832370758,0.9812623262405396,0.9065691828727722
YDL054C,YBR120C,0,-0.15935504,0.09901482611894608,0.9812623262405396,0.9066693186759949
YDR419W,YML058W-A,0,-0.1611551,0.09900497645139694,0.9812623262405396,0.9067694544792175
YDR167W,YOR377W,0,-0.16158909,0.09899512678384781,0.9812623262405396,0.9068695902824402
YPL196W,YKL003C,0,-0.16164804,0.09898527711629868,0.9812623262405396,0.9069697856903076
YGL112C,YFL045C,0,-0.16206014,0.09897542744874954,0.9812623262405396,0.9070699214935303
YNL283C,YLR350W,0,-0.16242406,0.098965585231781,0.9812623262405396,0.9071700572967529
YKR036C,YHR051W,0,-0.16403547,0.09895574301481247,0.9812623262405396,0.9072701930999756
YDL078C,YLR160C,0,-0.16432992,0.09894590079784393,0.9812623262405396,0.9073703289031982
YML058W-A,YIR025W,1,-0.1647821,0.09903549402952194,0.9822485446929932,0.9073703289031982
YIR018W,YDL208W,0,-0.16529727,0.0990256518125534,0.9822485446929932,0.9074704647064209
YNL032W,YLR325C,0,-0.16532612,0.09901580959558487,0.9822485446929932,0.9075706005096436
YKL085W,YLR213C,0,-0.16590494,0.09900596737861633,0.9822485446929932,0.9076707363128662
YOL136C,YNL208W,0,-0.1664105,0.0989961251616478,0.9822485446929932,0.9077708721160889
YDR079W,YMR319C,0,-0.1664904,0.09898628294467926,0.9822485446929932,0.9078710079193115
YGR109W-B,YAL029C,0,-0.1667259,0.09897644817829132,0.9822485446929932,0.9079711437225342
YOR138C,YCL025C,0,-0.16746157,0.09896661341190338,0.9822485446929932,0.9080712795257568
YMR078C,YOR142W-A,0,-0.16789982,0.09895677864551544,0.9822485446929932,0.9081714153289795
YMR182C,YDL107W,0,-0.168161,0.0989469513297081,0.9822485446929932,0.9082715511322021
YBR177C,YAL039C,0,-0.16821846,0.09893712401390076,0.9822485446929932,0.9083717465400696
YMR168C,YPR191W,0,-0.16919056,0.09892729669809341,0.9822485446929932,0.9084718823432922
YDL133C-A,YDR497C,0,-0.16941676,0.09891746938228607,0.9822485446929932,0.9085720181465149
YGL244W,YOR355W,0,-0.1695534,0.09890764951705933,0.9822485446929932,0.9086721539497375
YIL143C,YBR182C,0,-0.17038897,0.09889782220125198,0.9822485446929932,0.9087722897529602
YOR212W,YJL155C,0,-0.17134354,0.09888800978660583,0.9822485446929932,0.9088724255561829
YCL018W,YDR337W,0,-0.17181396,0.09887818992137909,0.9822485446929932,0.9089725613594055
YOR187W,YBL068W,0,-0.1718809,0.09886837750673294,0.9822485446929932,0.9090726971626282
YBR002C,YFL002W-B,0,-0.1731669,0.0988585576415062,0.9822485446929932,0.9091728329658508
YKR006C,YDL170W,0,-0.17365032,0.09884875267744064,0.9822485446929932,0.9092729687690735
YOR084W,YPR083W,0,-0.17391917,0.0988389402627945,0.9822485446929932,0.9093731045722961
YNL073W,YER175C,0,-0.17460102,0.09882913529872894,0.9822485446929932,0.9094732403755188
YDL045W-A,YDR337W,0,-0.17525905,0.09881933033466339,0.9822485446929932,0.9095733761787415
YLR183C,YPR125W,0,-0.17543253,0.09880952537059784,0.9822485446929932,0.9096735715866089
YHR047C,YOR243C,0,-0.17770934,0.09879972040653229,0.9822485446929932,0.9097737073898315
YNR021W,YNL122C,0,-0.17800584,0.09878992289304733,0.9822485446929932,0.9098738431930542
YJR107W,YJL103C,0,-0.1786947,0.09878012537956238,0.9822485446929932,0.9099739789962769
YDR472W,YJR063W,0,-0.17876509,0.09877032786607742,0.9822485446929932,0.9100741147994995
YLR395C,YNL010W,0,-0.17915791,0.09876053780317307,0.9822485446929932,0.9101742506027222
YPR080W,YMR228W,0,-0.17996979,0.09875074028968811,0.9822485446929932,0.9102743864059448
YJL087C,YOR232W,0,-0.179986,0.09874095022678375,0.9822485446929932,0.9103745222091675
YJR004C,YOR020C,0,-0.18001235,0.09873116761445999,0.9822485446929932,0.9104746580123901
YDR261W-A,YIL048W,0,-0.18019569,0.09872137755155563,0.9822485446929932,0.9105747938156128
YJL071W,YDL083C,0,-0.18042186,0.09871159493923187,0.9822485446929932,0.9106749296188354
YDR494W,YNL052W,0,-0.18089697,0.09870181232690811,0.9822485446929932,0.9107750654220581
YOL082W,YPL078C,0,-0.18122393,0.09869202971458435,0.9822485446929932,0.9108752012252808
YPL134C,YMR054W,0,-0.18344608,0.09868225455284119,0.9822485446929932,0.9109753370285034
YJR057W,YAL038W,0,-0.18395731,0.09867247939109802,0.9822485446929932,0.9110755324363708
YLR295C,YPR002W,0,-0.18407151,0.09866270422935486,0.9822485446929932,0.9111756682395935
YAL054C,YOL004W,0,-0.18523252,0.0986529290676117,0.9822485446929932,0.9112758040428162
YBR125C,YPL082C,0,-0.18631971,0.09864316135644913,0.9822485446929932,0.9113759398460388
YDR304C,YBR093C,0,-0.18676695,0.09863339364528656,0.9822485446929932,0.9114760756492615
YHR214C-B,YPL183W-A,0,-0.18696046,0.09862362593412399,0.9822485446929932,0.9115762114524841
YAL038W,YBL092W,0,-0.18699157,0.09861385822296143,0.9822485446929932,0.9116763472557068
YOL086C,YOR327C,0,-0.18723428,0.09860409796237946,0.9822485446929932,0.9117764830589294
YAL017W,YHR174W,0,-0.18741855,0.09859433770179749,0.9822485446929932,0.9118766188621521
YDL107W,YLR151C,0,-0.18744287,0.09858457744121552,0.9822485446929932,0.9119767546653748
YGR161W-B,YPR138C,0,-0.18799323,0.09857482463121414,0.9822485446929932,0.9120768904685974
YJR078W,YER137C,0,-0.18886742,0.09856506437063217,0.9822485446929932,0.9121770262718201
YAL054C,YHR082C,0,-0.18980119,0.0985553115606308,0.9822485446929932,0.9122771620750427
YCR093W,YOR178C,1,-0.1899237,0.09864450246095657,0.983234703540802,0.9122771620750427
YKL082C,YIL079C,0,-0.19154286,0.0986347422003746,0.983234703540802,0.9123773574829102
YJL200C,YNR018W,0,-0.19220525,0.09862498939037323,0.983234703540802,0.9124774932861328
YDR144C,YMR284W,0,-0.19271371,0.09861522912979126,0.983234703540802,0.9125776290893555
YOR142W,YFR052W,0,-0.19323814,0.09860547631978989,0.983234703540802,0.9126777648925781
YNL122C,YBR026C,0,-0.19381028,0.09859573096036911,0.983234703540802,0.9127779006958008
YJL114W,YDR429C,0,-0.1942235,0.09858597815036774,0.983234703540802,0.9128780364990234
YEL052W,YJR004C,0,-0.19525033,0.09857623279094696,0.983234703540802,0.9129781723022461
YPL188W,YER087C-B,0,-0.19530383,0.09856648743152618,0.983234703540802,0.9130783081054688
YJR138W,YKL009W,0,-0.19551438,0.09855674207210541,0.983234703540802,0.9131784439086914
YJL141C,YOR382W,0,-0.19593823,0.09854699671268463,0.983234703540802,0.9132785797119141
YFL014W,YDL148C,0,-0.19652274,0.09853725880384445,0.983234703540802,0.9133787155151367
YDL015C,YNL238W,0,-0.1988487,0.09852752089500427,0.983234703540802,0.9134788513183594
YAL016W,YOL136C,0,-0.19906518,0.09851778298616409,0.983234703540802,0.913578987121582
YHR135C,YCR002C,0,-0.19978946,0.09850805252790451,0.983234703540802,0.9136791229248047
YGL186C,YGR027C,0,-0.20015472,0.09849832206964493,0.983234703540802,0.9137793183326721
YML028W,YNL238W,0,-0.20078179,0.09848859161138535,0.983234703540802,0.9138794541358948
YCL025C,YNL307C,0,-0.20088568,0.09847886115312576,0.983234703540802,0.9139795899391174
YJL166W,YJL053W,0,-0.20146027,0.09846913814544678,0.983234703540802,0.9140797257423401
YPR026W,YJR107W,0,-0.202546,0.09845941513776779,0.983234703540802,0.9141798615455627
YGR032W,YPL119C,0,-0.20257008,0.0984496921300888,0.983234703540802,0.9142799973487854
YBR129C,YGR214W,0,-0.20298901,0.09843996912240982,0.983234703540802,0.9143801331520081
YJR034W,YML132W,0,-0.20376399,0.09843024611473083,0.983234703540802,0.9144802689552307
YEL052W,YIR038C,0,-0.20421925,0.09842053055763245,0.983234703540802,0.9145804047584534
YCR087C-A,YHR168W,0,-0.20451158,0.09841081500053406,0.983234703540802,0.914680540561676
YAR002C-A,YAL031C,0,-0.20555896,0.09840110689401627,0.983234703540802,0.9147806763648987
YNL110C,YMR193W,0,-0.20750338,0.09839139133691788,0.983234703540802,0.9148808121681213
YPL134C,YER162C,0,-0.20926246,0.09838168323040009,0.983234703540802,0.914980947971344
YBR260C,YHR209W,0,-0.21067864,0.0983719751238823,0.983234703540802,0.9150810837745667
YPL147W,YHL027W,0,-0.2107969,0.0983622744679451,0.983234703540802,0.9151812791824341
YBR195C,YJL166W,0,-0.21116158,0.09835256636142731,0.983234703540802,0.9152814149856567
YOR301W,YNR002C,0,-0.21337664,0.09834286570549011,0.983234703540802,0.9153815507888794
YLR380W,YLR163C,0,-0.21367195,0.09833317250013351,0.983234703540802,0.915481686592102
YMR315W,YPR198W,0,-0.21405363,0.09832347184419632,0.983234703540802,0.9155818223953247
YDR449C,YBR026C,0,-0.21450678,0.09831377863883972,0.983234703540802,0.9156819581985474
YPL276W,YML128C,0,-0.21472645,0.09830408543348312,0.983234703540802,0.91578209400177
YGR144W,YMR097C,0,-0.21475053,0.09829439222812653,0.983234703540802,0.9158822298049927
YKR056W,YOR215C,0,-0.21487308,0.09828469902276993,0.983234703540802,0.9159823656082153
YOL141W,YFL014W,0,-0.21658123,0.09827501326799393,0.983234703540802,0.916082501411438
YCL074W,YOR323C,0,-0.21682906,0.09826532751321793,0.983234703540802,0.9161826372146606
YPR196W,YKL180W,0,-0.21726811,0.09825564175844193,0.983234703540802,0.9162827730178833
YPL113C,YGR255C,0,-0.21808064,0.09824596345424652,0.983234703540802,0.916382908821106
YPR196W,YMR093W,0,-0.21863884,0.09823627769947052,0.983234703540802,0.9164831042289734
YDL171C,YAL017W,0,-0.2191053,0.09822659939527512,0.983234703540802,0.916583240032196
YML058W-A,YNL298W,1,-0.22031629,0.09831544011831284,0.9842209219932556,0.916583240032196
YLR029C,YCR014C,0,-0.22043702,0.09830575436353683,0.9842209219932556,0.9166833758354187
YBR129C,YPL183W-A,0,-0.22064209,0.09829606860876083,0.9842209219932556,0.9167835116386414
YDR067C,YPL131W,0,-0.22309041,0.09828639030456543,0.9842209219932556,0.916883647441864
YIL134W,YDL040C,0,-0.22598577,0.09827671200037003,0.9842209219932556,0.9169837832450867
YKL009W,YIL135C,0,-0.22649807,0.09826703369617462,0.9842209219932556,0.9170839190483093
YKL009W,YDL208W,0,-0.22689265,0.09825736284255981,0.9842209219932556,0.917184054851532
YDL074C,YPL093W,0,-0.22735843,0.09824768453836441,0.9842209219932556,0.9172841906547546
YBR183W,YBR031W,0,-0.22864202,0.0982380136847496,0.9842209219932556,0.9173843264579773
YPR024W,YKL013C,0,-0.23096782,0.0982283428311348,0.9842209219932556,0.9174844622612
YFL002W-B,YDR062W,0,-0.23209411,0.09821867942810059,0.9842209219932556,0.9175845980644226
YDR517W,YGR098C,1,-0.23232046,0.09830742329359055,0.9852070808410645,0.9175845980644226
YNL110C,YLL055W,0,-0.23313475,0.09829774498939514,0.9852070808410645,0.9176847338676453
YFR021W,YLR410W-A,0,-0.23434523,0.09828807413578033,0.9852070808410645,0.9177848696708679
YPL093W,YIL133C,0,-0.2362287,0.09827840328216553,0.9852070808410645,0.9178850650787354
YPR200C,YOR393W,0,-0.236956,0.09826873987913132,0.9852070808410645,0.917985200881958
YOL141W,YAL016W,0,-0.23722619,0.0982590764760971,0.9852070808410645,0.9180853366851807
YKL180W,YDR389W,0,-0.23755598,0.0982494130730629,0.9852070808410645,0.9181854724884033
YPL147W,YER002W,0,-0.23797232,0.09823974967002869,0.9852070808410645,0.918285608291626
YHR135C,YML039W,0,-0.23880902,0.09823008626699448,0.9852070808410645,0.9183857440948486
YHR029C,YGR251W,0,-0.23886481,0.09822043031454086,0.9852070808410645,0.9184858798980713
YBR002C,YPL183W-A,0,-0.24073547,0.09821077436208725,0.9852070808410645,0.918586015701294
YHR004C,YNL006W,0,-0.24075341,0.09820111840963364,0.9852070808410645,0.9186861515045166
YPL196W,YGR255C,0,-0.24100822,0.09819146990776062,0.9852070808410645,0.9187862873077393
YOL082W,YPL131W,0,-0.24114725,0.0981818214058876,0.9852070808410645,0.9188864231109619
YML058W-A,YDR240C,0,-0.24185535,0.09817217290401459,0.9852070808410645,0.9189865589141846
YDR492W,YHR082C,0,-0.24265987,0.09816252440214157,0.9852070808410645,0.9190866947174072
YPR204W,YCR087C-A,0,-0.24284336,0.09815287590026855,0.9852070808410645,0.9191868901252747
YLR295C,YEL031W,0,-0.24296963,0.09814323484897614,0.9852070808410645,0.9192870259284973
YNL010W,YMR267W,0,-0.24298424,0.09813359379768372,0.9852070808410645,0.91938716173172
YMR241W,YBR037C,0,-0.24452442,0.0981239527463913,0.9852070808410645,0.9194872975349426
YJR055W,YKR066C,0,-0.24586666,0.09811431914567947,0.9852070808410645,0.9195874333381653
YDL245C,YJL004C,0,-0.24811238,0.09810468554496765,0.9852070808410645,0.9196875691413879
YOR310C,YDR461W,0,-0.24818546,0.09809505194425583,0.9852070808410645,0.9197877049446106
YMR046C,YAL031C,0,-0.24984735,0.098085418343544,0.9852070808410645,0.9198878407478333
YNL026W,YIR039C,0,-0.24996313,0.09807579219341278,0.9852070808410645,0.9199879765510559
YJL034W,YEL031W,0,-0.25378945,0.09806616604328156,0.9852070808410645,0.9200881123542786
YLR285W,YPR149W,0,-0.25384662,0.09805653989315033,0.9852070808410645,0.9201882481575012
YPR035W,YJR130C,0,-0.25448963,0.0980469137430191,0.9852070808410645,0.9202883839607239
YJL191W,YCL052C,0,-0.25477457,0.09803729504346848,0.9852070808410645,0.9203885197639465
YLL040C,YIL133C,0,-0.25533926,0.09802766889333725,0.9852070808410645,0.9204886555671692
YJR032W,YDL039C,0,-0.25602975,0.09801805019378662,0.9852070808410645,0.9205888509750366
YML045W-A,YLR227W-B,0,-0.25682902,0.09800843894481659,0.9852070808410645,0.9206889867782593
YBR155W,YML056C,0,-0.25742114,0.09799882024526596,0.9852070808410645,0.9207891225814819
YOL103W-B,YDR210C-C,0,-0.25807285,0.09798920899629593,0.9852070808410645,0.9208892583847046
YER175C,YGR034W,0,-0.25814492,0.0979795977473259,0.9852070808410645,0.9209893941879272
YML058W-A,YNL116W,1,-0.25818285,0.09806805849075317,0.9861932992935181,0.9209893941879272
YNL223W,YBR093C,0,-0.25829428,0.09805843979120255,0.9861932992935181,0.9210895299911499
YPR191W,YGR112W,0,-0.25861922,0.09804882854223251,0.9861932992935181,0.9211896657943726
YMR008C,YOR230W,0,-0.25895137,0.09803921729326248,0.9861932992935181,0.9212898015975952
YOL082W,YMR319C,0,-0.25925905,0.09802960604429245,0.9861932992935181,0.9213899374008179
YOR071C,YMR136W,0,-0.25937846,0.09801999479532242,0.9861932992935181,0.9214900732040405
YNL095C,YLR312W-A,0,-0.25961205,0.09801039099693298,0.9861932992935181,0.9215902090072632
YJL034W,YLR073C,0,-0.25966948,0.09800078719854355,0.9861932992935181,0.9216903448104858
YPR162C,YMR159C,0,-0.2612752,0.09799118340015411,0.9861932992935181,0.9217904806137085
YDL133C-A,YJL006C,0,-0.26183206,0.09798157960176468,0.9861932992935181,0.9218906760215759
YDR281C,YGL030W,0,-0.2629152,0.09797198325395584,0.9861932992935181,0.9219908118247986
YEL062W,YOR230W,0,-0.26491046,0.0979623794555664,0.9861932992935181,0.9220909476280212
YDR383C,YPL131W,0,-0.26542065,0.09795278310775757,0.9861932992935181,0.9221910834312439
YLL045C,YMR176W,0,-0.26550508,0.09794319421052933,0.9861932992935181,0.9222912192344666
YJL005W,YMR267W,0,-0.2667901,0.09793359786272049,0.9861932992935181,0.9223913550376892
YDR453C,YNL232W,0,-0.26759246,0.09792400896549225,0.9861932992935181,0.9224914908409119
YBR155W,YHR051W,0,-0.2683571,0.09791442006826401,0.9861932992935181,0.9225916266441345
YHR175W,YGL259W,0,-0.27038842,0.09790483862161636,0.9861932992935181,0.9226917624473572
YDL078C,YGL010W,0,-0.2709607,0.09789524972438812,0.9861932992935181,0.9227918982505798
YKL009W,YIL094C,0,-0.27106032,0.09788566827774048,0.9861932992935181,0.9228920340538025
YDR449C,YLL055W,0,-0.27132422,0.09787608683109283,0.9861932992935181,0.9229921698570251
YIL170W,YGR214W,0,-0.27237797,0.09786651283502579,0.9861932992935181,0.9230923056602478
YOR377W,YKL096W-A,0,-0.27291048,0.09785693138837814,0.9861932992935181,0.9231924414634705
YDL140C,YAL039C,0,-0.2742732,0.0978473573923111,0.9861932992935181,0.9232926368713379
YGL237C,YBR093C,0,-0.27445766,0.09783778339624405,0.9861932992935181,0.9233927726745605
YDR492W,YDR449C,0,-0.275424,0.0978282168507576,0.9861932992935181,0.9234929084777832
YPL082C,YPL098C,0,-0.2756005,0.09781864285469055,0.9861932992935181,0.9235930442810059
YLL051C,YMR173W,0,-0.27670455,0.0978090763092041,0.9861932992935181,0.9236931800842285
YMR267W,YDR281C,0,-0.27766556,0.09779950976371765,0.9861932992935181,0.9237933158874512
YPL257W-B,YNL262W,0,-0.27779657,0.0977899506688118,0.9861932992935181,0.9238934516906738
YEL052W,YBR230C,0,-0.27917254,0.09778038412332535,0.9861932992935181,0.9239935874938965
YOR206W,YDR454C,0,-0.2797088,0.0977708250284195,0.9861932992935181,0.9240937232971191
YDR296W,YDL024C,0,-0.2804012,0.09776126593351364,0.9861932992935181,0.9241938591003418
YKL144C,YKL003C,0,-0.28092757,0.09775171428918839,0.9861932992935181,0.9242939949035645
YDL059C,YML128C,0,-0.2813419,0.09774215519428253,0.9861932992935181,0.9243941307067871
YBR120C,YMR239C,0,-0.2813909,0.09773260354995728,0.9861932992935181,0.9244942665100098
YHR060W,YEL040W,0,-0.28273782,0.09772305190563202,0.9861932992935181,0.9245944619178772
YER125W,YEL041W,0,-0.28306592,0.09771350771188736,0.9861932992935181,0.9246945977210999
YDR530C,YGL004C,0,-0.28319037,0.0977039560675621,0.9861932992935181,0.9247947335243225
YMR046C,YLR227W-B,0,-0.28452685,0.09769441187381744,0.9861932992935181,0.9248948693275452
YCR011C,YPL093W,0,-0.28487092,0.09768486768007278,0.9861932992935181,0.9249950051307678
YEL040W,YJR040W,0,-0.2873162,0.09767533093690872,0.9861932992935181,0.9250951409339905
YIL088C,YER137C-A,0,-0.29068077,0.09766578674316406,0.9861932992935181,0.9251952767372131
YOR230W,YMR160W,0,-0.29326904,0.09765625,0.9861932992935181,0.9252954125404358
YLR029C,YGL259W,0,-0.2944914,0.09764671325683594,0.9861932992935181,0.9253955483436584
YPR002W,YPL244C,0,-0.29529992,0.09763717651367188,0.9861932992935181,0.9254956841468811
YAL038W,YOR020C,0,-0.29541722,0.09762764722108841,0.9861932992935181,0.9255958199501038
YKL015W,YHR008C,0,-0.29624885,0.09761811792850494,0.9861932992935181,0.9256959557533264
YDR527W,YPL093W,0,-0.2964917,0.09760858863592148,0.9861932992935181,0.9257960915565491
YML058W-A,YLR165C,0,-0.29769647,0.09759905934333801,0.9861932992935181,0.9258962273597717
YPR167C,YPL147W,0,-0.2999956,0.09758953750133514,0.9861932992935181,0.9259964227676392
YEL052W,YBR187W,0,-0.300498,0.09758001565933228,0.9861932992935181,0.9260965585708618
YJR051W,YNL175C,0,-0.30095717,0.0975704938173294,0.9861932992935181,0.9261966943740845
YLL045C,YGL259W,0,-0.3014655,0.09756097197532654,0.9861932992935181,0.9262968301773071
YDR337W,YBR037C,0,-0.30158845,0.09755145758390427,0.9861932992935181,0.9263969659805298
YOR145C,YBR052C,0,-0.30220145,0.097541943192482,0.9861932992935181,0.9264971017837524
YGL030W,YIL042C,0,-0.3023517,0.09753242880105972,0.9861932992935181,0.9265972375869751
YML028W,YDL171C,0,-0.30264178,0.09752291440963745,0.9861932992935181,0.9266973733901978
YLL055W,YDL039C,0,-0.30283135,0.09751340746879578,0.9861932992935181,0.9267975091934204
YER117W,YJR133W,0,-0.303728,0.0975039005279541,0.9861932992935181,0.9268976449966431
YMR090W,YGR027C,0,-0.30467933,0.09749439358711243,0.9861932992935181,0.9269977807998657
YNL138W,YCL025C,0,-0.30512756,0.09748488664627075,0.9861932992935181,0.9270979166030884
YER175C,YDR059C,0,-0.3057636,0.09747538715600967,0.9861932992935181,0.927198052406311
YIL076W,YJR034W,0,-0.30627948,0.0974658876657486,0.9861932992935181,0.9272981882095337
YBR243C,YER087C-B,0,-0.30662435,0.09745638817548752,0.9861932992935181,0.9273983836174011
YNL160W,YKL041W,0,-0.30724463,0.09744688868522644,0.9861932992935181,0.9274985194206238
YMR250W,YLL027W,0,-0.30746692,0.09743739664554596,0.9861932992935181,0.9275986552238464
YLR295C,YDR170C,0,-0.30754742,0.09742790460586548,0.9861932992935181,0.9276987910270691
YGR070W,YDR496C,0,-0.3083086,0.097418412566185,0.9861932992935181,0.9277989268302917
YBR031W,YBL052C,0,-0.30889022,0.09740892052650452,0.9861932992935181,0.9278990626335144
YPR091C,YIL133C,0,-0.3098889,0.09739943593740463,0.9861932992935181,0.9279991984367371
YGR052W,YDR226W,0,-0.31209606,0.09738995134830475,0.9861932992935181,0.9280993342399597
YDL142C,YOL111C,0,-0.3158774,0.09738046675920486,0.9861932992935181,0.9281994700431824
YBL028C,YBR230C,0,-0.31600595,0.09737098217010498,0.9861932992935181,0.928299605846405
YMR087W,YMR090W,0,-0.31626308,0.0973615050315857,0.9861932992935181,0.9283997416496277
YPR196W,YOR382W,0,-0.31635314,0.0973520278930664,0.9861932992935181,0.9284998774528503
YCR087C-A,YGR185C,0,-0.316427,0.09734255075454712,0.9861932992935181,0.928600013256073
YNR067C,YMR193W,0,-0.3185112,0.09733307361602783,0.9861932992935181,0.9287002086639404
YOL142W,YOL028C,0,-0.31889284,0.09732360392808914,0.9861932992935181,0.9288003444671631
YOR025W,YOL101C,0,-0.31973392,0.09731412678956985,0.9861932992935181,0.9289004802703857
YBR172C,YOR261C,0,-0.32115448,0.09730466455221176,0.9861932992935181,0.9290006160736084
YBR223C,YPL002C,0,-0.32212973,0.09729519486427307,0.9861932992935181,0.929100751876831
YAL024C,YFR033C,0,-0.32302976,0.09728572517633438,0.9861932992935181,0.9292008876800537
YDR453C,YNL281W,0,-0.32334578,0.09727626293897629,0.9861932992935181,0.9293010234832764
YJL140W,YBL011W,0,-0.32355964,0.0972668007016182,0.9861932992935181,0.929401159286499
YJR127C,YNR004W,0,-0.32365662,0.0972573459148407,0.9861932992935181,0.9295012950897217
YMR241W,YDL084W,0,-0.32386744,0.0972478836774826,0.9861932992935181,0.9296014308929443
YPR011C,YCR087C-A,0,-0.32397175,0.09723842889070511,0.9861932992935181,0.929701566696167
YLR157C,YBR223C,0,-0.32623583,0.09722897410392761,0.9861932992935181,0.9298017024993896
YKL161C,YPR043W,0,-0.32667142,0.09721951931715012,0.9861932992935181,0.9299018383026123
YLR321C,YBR093C,0,-0.3270576,0.09721007198095322,0.9861932992935181,0.930001974105835
YOL101C,YDL040C,0,-0.33000836,0.09720062464475632,0.9861932992935181,0.9301021695137024
YPL223C,YOR353C,0,-0.33148628,0.09719117730855942,0.9861932992935181,0.930202305316925
YOR317W,YDL216C,0,-0.3316249,0.09718172997236252,0.9861932992935181,0.9303024411201477
YNL284C-A,YML039W,0,-0.33219042,0.09717229008674622,0.9861932992935181,0.9304025769233704
YGR161W-B,YNL262W,0,-0.33387178,0.09716284275054932,0.9861932992935181,0.930502712726593
YLR203C,YPL163C,0,-0.33527893,0.09715340286493301,0.9861932992935181,0.9306028485298157
YNL006W,YNL052W,0,-0.33626264,0.09714397042989731,0.9861932992935181,0.9307029843330383
YDR378C,YDL078C,0,-0.33649698,0.097134530544281,0.9861932992935181,0.930803120136261
YHR209W,YGR214W,0,-0.33888823,0.0971250981092453,0.9861932992935181,0.9309032559394836
YNL192W,YDR226W,0,-0.33953792,0.0971156656742096,0.9861932992935181,0.9310033917427063
YLL041C,YBL005W-B,0,-0.34036145,0.09710623323917389,0.9861932992935181,0.931103527545929
YER014C-A,YMR143W,0,-0.34192568,0.09709680825471878,0.9861932992935181,0.9312036633491516
YDR512C,YMR267W,0,-0.34306732,0.09708737581968307,0.9861932992935181,0.9313037991523743
YOR304W,YBR093C,0,-0.3434121,0.09707795083522797,0.9861932992935181,0.9314039945602417
YDR083W,YFL017W-A,0,-0.34385717,0.09706853330135345,0.9861932992935181,0.9315041303634644
YOR297C,YNL163C,0,-0.34533232,0.09705910831689835,0.9861932992935181,0.931604266166687
YKR020W,YOL101C,0,-0.35185048,0.09704969078302383,0.9861932992935181,0.9317044019699097
YHR029C,YLR395C,0,-0.35491112,0.09704027324914932,0.9861932992935181,0.9318045377731323
YJR103W,YLR164W,0,-0.35581896,0.09703085571527481,0.9861932992935181,0.931904673576355
YJL066C,YMR034C,0,-0.35983992,0.0970214381814003,0.9861932992935181,0.9320048093795776
YPR187W,YNL121C,0,-0.36091998,0.09701202809810638,0.9861932992935181,0.9321049451828003
YML058W-A,YNL172W,1,-0.36141095,0.09709962457418442,0.9871794581413269,0.9321049451828003
YOR212W,YLR197W,0,-0.36145267,0.0970902070403099,0.9871794581413269,0.932205080986023
YDR172W,YIL020C,0,-0.36170477,0.0970807895064354,0.9871794581413269,0.9323052167892456
YDL078C,YOR298W,0,-0.3620011,0.09707137197256088,0.9871794581413269,0.9324053525924683
YLR203C,YIL048W,0,-0.36265934,0.09706196188926697,0.9871794581413269,0.9325054883956909
YDR030C,YBR067C,0,-0.36309633,0.09705255180597305,0.9871794581413269,0.9326056241989136
YML073C,YOR338W,0,-0.36462831,0.09704314172267914,0.9871794581413269,0.9327057600021362
YBR183W,YDR226W,0,-0.3655669,0.09703373163938522,0.9871794581413269,0.9328059554100037
YLR264W,YCL034W,0,-0.36637497,0.0970243290066719,0.9871794581413269,0.9329060912132263
YHR002W,YPL134C,0,-0.3664952,0.09701492637395859,0.9871794581413269,0.933006227016449
YKR071C,YPR196W,0,-0.36674404,0.09700552374124527,0.9871794581413269,0.9331063628196716
YOR206W,YAL038W,0,-0.3675244,0.09699612110853195,0.9871794581413269,0.9332064986228943
YGR238C,YBR238C,0,-0.3681263,0.09698672592639923,0.9871794581413269,0.9333066344261169
YPL042C,YMR046C,0,-0.3682629,0.09697733074426651,0.9871794581413269,0.9334067702293396
YAL033W,YNR072W,0,-0.37119693,0.09696793556213379,0.9871794581413269,0.9335069060325623
YHR029C,YBR031W,0,-0.3744577,0.09695854038000107,0.9871794581413269,0.9336070418357849
YOL141W,YOR187W,0,-0.3745717,0.09694915264844894,0.9871794581413269,0.9337071776390076
YOR279C,YDR226W,0,-0.37730134,0.09693976491689682,0.9871794581413269,0.9338073134422302
YLR244C,YDR453C,0,-0.3780907,0.0969303771853447,0.9871794581413269,0.9339074492454529
YOR323C,YPL273W,0,-0.37875652,0.09692098945379257,0.9871794581413269,0.9340075850486755
YOR147W,YHR174W,0,-0.379692,0.09691160917282104,0.9871794581413269,0.934107780456543
YNL085W,YAR002C-A,0,-0.3812428,0.09690222889184952,0.9871794581413269,0.9342079162597656
YHR029C,YPR187W,0,-0.38138744,0.09689284861087799,0.9871794581413269,0.9343080520629883
YMR089C,YLL041C,0,-0.38338536,0.09688346832990646,0.9871794581413269,0.9344081878662109
YBR067C,YJR101W,0,-0.3857658,0.09687409549951553,0.9871794581413269,0.9345083236694336
YPR196W,YDL070W,0,-0.38625565,0.096864715218544,0.9871794581413269,0.9346084594726562
YGL010W,YER052C,0,-0.38709664,0.09685534238815308,0.9871794581413269,0.9347085952758789
YHR002W,YER190W,0,-0.38726652,0.09684597700834274,0.9871794581413269,0.9348087310791016
YOR187W,YOR230W,0,-0.387796,0.09683660417795181,0.9871794581413269,0.9349088668823242
YOL165C,YPL042C,0,-0.3903579,0.09682723879814148,0.9871794581413269,0.9350090026855469
YLL029W,YIR038C,0,-0.39040455,0.09681787341833115,0.9871794581413269,0.9351091384887695
YML058W-A,YDL165W,1,-0.39043984,0.09690522402524948,0.9881656765937805,0.9351091384887695
YBR120C,YFR018C,0,-0.39079896,0.09689585119485855,0.9881656765937805,0.9352092742919922
YMR090W,YBR010W,0,-0.39169756,0.09688648581504822,0.9881656765937805,0.9353094100952148
YBR278W,YDR064W,0,-0.39211076,0.09687711298465729,0.9881656765937805,0.9354095458984375
YLL029W,YIR039C,0,-0.3957101,0.09686774760484695,0.9881656765937805,0.9355097413063049
YJR127C,YPL131W,0,-0.3960936,0.09685838222503662,0.9881656765937805,0.9356098771095276
YDL045W-A,YFR018C,0,-0.39612728,0.09684902429580688,0.9881656765937805,0.9357100129127502
YKL189W,YBL092W,0,-0.39844286,0.09683966636657715,0.9881656765937805,0.9358101487159729
YPL104W,YMR304W,0,-0.39928547,0.09683030843734741,0.9881656765937805,0.9359102845191956
YPR083W,YPR043W,0,-0.40004253,0.09682095050811768,0.9881656765937805,0.9360104203224182
YDR172W,YMR173W,0,-0.40034238,0.09681159257888794,0.9881656765937805,0.9361105561256409
YLR344W,YBR061C,0,-0.4039957,0.0968022421002388,0.9881656765937805,0.9362106919288635
YBR183W,YHR008C,0,-0.40462402,0.09679289162158966,0.9881656765937805,0.9363108277320862
YEL069C,YNL274C,0,-0.40660587,0.09678354114294052,0.9881656765937805,0.9364109635353088
YHL012W,YER002W,0,-0.40690643,0.09677419066429138,0.9881656765937805,0.9365110993385315
YLR401C,YHL034C,0,-0.4076922,0.09676484763622284,0.9881656765937805,0.9366112351417542
YKL201C,YMR114C,0,-0.40902686,0.0967555046081543,0.9881656765937805,0.9367113709449768
YNL070W,YDR461W,0,-0.41028982,0.09674616158008575,0.9881656765937805,0.9368115067481995
YGL237C,YGR085C,0,-0.41149122,0.09673681855201721,0.9881656765937805,0.9369117021560669
YPL276W,YDL140C,0,-0.41151065,0.09672748297452927,0.9881656765937805,0.9370118379592896
YHL012W,YGR177C,0,-0.41214615,0.09671814739704132,0.9881656765937805,0.9371119737625122
YHR066W,YBL092W,0,-0.41237652,0.09670881181955338,0.9881656765937805,0.9372121095657349
YGR112W,YBR093C,0,-0.4135059,0.09669947624206543,0.9881656765937805,0.9373122453689575
YGL183C,YBR093C,0,-0.4141241,0.09669014811515808,0.9881656765937805,0.9374123811721802
YAR027W,YPL273W,0,-0.41420856,0.09668081998825073,0.9881656765937805,0.9375125169754028
YML058W-A,YNL121C,0,-0.41575718,0.09667149186134338,0.9881656765937805,0.9376126527786255
YJR070C,YLR344W,0,-0.41940928,0.09666216373443604,0.9881656765937805,0.9377127885818481
YIL134W,YAL038W,0,-0.4197147,0.09665284305810928,0.9881656765937805,0.9378129243850708
YHR004C,YLR164W,0,-0.42017576,0.09664351493120193,0.9881656765937805,0.9379130601882935
YNL267W,YOR187W,0,-0.42133078,0.09663420170545578,0.9881656765937805,0.9380131959915161
YGR180C,YCL025C,0,-0.42277735,0.09662488102912903,0.9881656765937805,0.9381133317947388
YPR035W,YLR325C,0,-0.42305112,0.09661556035280228,0.9881656765937805,0.9382135272026062
YPL131W,YHL034C,0,-0.42341253,0.09660624712705612,0.9881656765937805,0.9383136630058289
YOL104C,YGL181W,1,-0.4235886,0.09669333696365356,0.9891518950462341,0.9383136630058289
YLR203C,YGR285C,0,-0.42666724,0.09668401628732681,0.9891518950462341,0.9384137988090515
YDL078C,YNR044W,0,-0.42807892,0.09667469561100006,0.9891518950462341,0.9385139346122742
YMR049C,YBR006W,0,-0.4322812,0.0966653823852539,0.9891518950462341,0.9386140704154968
YKL170W,YMR321C,0,-0.43230146,0.09665606915950775,0.9891518950462341,0.9387142062187195
YDL083C,YEL056W,0,-0.43276575,0.0966467559337616,0.9891518950462341,0.9388143420219421
YER185W,YFL014W,0,-0.43593085,0.09663744270801544,0.9891518950462341,0.9389144778251648
YJL060W,YPL273W,0,-0.43670565,0.09662812948226929,0.9891518950462341,0.9390146136283875
YPR196W,YNL271C,0,-0.43714994,0.09661882370710373,0.9891518950462341,0.9391147494316101
YKL078W,YPR060C,0,-0.43889564,0.09660951793193817,0.9891518950462341,0.9392148852348328
YKL168C,YML128C,0,-0.44078344,0.09660021215677261,0.9891518950462341,0.9393150210380554
YBR118W,YMR033W,0,-0.44095704,0.09659090638160706,0.9891518950462341,0.9394151568412781
YER098W,YMR090W,0,-0.44270146,0.0965816080570221,0.9891518950462341,0.9395152926445007
YGR155W,YIL133C,0,-0.44327396,0.09657230973243713,0.9891518950462341,0.9396154880523682
YHR030C,YIL108W,0,-0.44393745,0.09656301140785217,0.9891518950462341,0.9397156238555908
YFR045W,YOR230W,0,-0.44812924,0.09655371308326721,0.9891518950462341,0.9398157596588135
YOR317W,YBL091C-A,0,-0.44915977,0.09654442220926285,0.9891518950462341,0.9399158954620361
YAL060W,YGL068W,0,-0.45114994,0.09653513133525848,0.9891518950462341,0.9400160312652588
YBL005W-B,YDR410C,0,-0.45723677,0.09652584046125412,0.9891518950462341,0.9401161670684814
YMR272C,YNL052W,0,-0.45822585,0.09651654958724976,0.9891518950462341,0.9402163028717041
YGR225W,YLR160C,0,-0.458636,0.09650726616382599,0.9891518950462341,0.9403164386749268
YDR454C,YLR197W,0,-0.45919156,0.09649798274040222,0.9891518950462341,0.9404165744781494
YML058W-A,YCR026C,0,-0.4597206,0.09648869931697845,0.9891518950462341,0.9405167102813721
YJL166W,YOR162C,0,-0.46079552,0.09647941589355469,0.9891518950462341,0.9406168460845947
YER074W,YFL001W,0,-0.4609412,0.09647013247013092,0.9891518950462341,0.9407169818878174
YKL171W,YPL163C,0,-0.46204686,0.09646085649728775,0.9891518950462341,0.94081711769104
YPL131W,YKR035W-A,0,-0.46336842,0.09645158052444458,0.9891518950462341,0.9409173130989075
YNL232W,YML099C,0,-0.4652456,0.09644230455160141,0.9891518950462341,0.9410174489021301
YJR149W,YNL178W,0,-0.4672966,0.09643303602933884,0.9891518950462341,0.9411175847053528
YPL050C,YER087C-B,0,-0.46771145,0.09642376750707626,0.9891518950462341,0.9412177205085754
YAL063C,YNL010W,0,-0.4679669,0.09641449898481369,0.9891518950462341,0.9413178563117981
YMR123W,YMR143W,0,-0.47003555,0.09640523046255112,0.9891518950462341,0.9414179921150208
YBR002C,YKR006C,0,-0.47184074,0.09639596194028854,0.9891518950462341,0.9415181279182434
YPR026W,YDR423C,0,-0.47212678,0.09638670086860657,0.9891518950462341,0.9416182637214661
YNL160W,YLL012W,0,-0.47356236,0.09637743979692459,0.9891518950462341,0.9417183995246887
YNL084C,YML132W,0,-0.4736092,0.09636817872524261,0.9891518950462341,0.9418185353279114
YGR175C,YEL041W,0,-0.47372288,0.09635891765356064,0.9891518950462341,0.941918671131134
YAL060W,YOR089C,0,-0.47372437,0.09634966403245926,0.9891518950462341,0.9420188069343567
YMR173W,YPL252C,0,-0.4739259,0.09634041041135788,0.9891518950462341,0.9421189427375793
YMR321C,YIL021W,0,-0.47604918,0.0963311567902565,0.9891518950462341,0.942219078540802
YMR033W,YGR229C,0,-0.47689438,0.09632190316915512,0.9891518950462341,0.9423192739486694
YER014C-A,YGL170C,0,-0.47729903,0.09631265699863434,0.9891518950462341,0.9424194097518921
YPL119C,YNR044W,0,-0.47826862,0.09630341082811356,0.9891518950462341,0.9425195455551147
YDR210C-C,YLR256W-A,0,-0.47908258,0.09629416465759277,0.9891518950462341,0.9426196813583374
YKL067W,YJL053W,0,-0.47956824,0.09628491848707199,0.9891518950462341,0.9427198171615601
YDL142C,YCR046C,0,-0.4799279,0.0962756797671318,0.9891518950462341,0.9428199529647827
YCR057C,YOR187W,0,-0.4799651,0.09626643359661102,0.9891518950462341,0.9429200887680054
YJL200C,YFL054C,0,-0.48210913,0.09625719487667084,0.9891518950462341,0.943020224571228
YNL073W,YMR238W,0,-0.48293865,0.09624796360731125,0.9891518950462341,0.9431203603744507
YOL082W,YBR294W,0,-0.4839157,0.09623872488737106,0.9891518950462341,0.9432204961776733
YKL217W,YLR206W,0,-0.48673844,0.09622949361801147,0.9891518950462341,0.943320631980896
YDL061C,YKL064W,0,-0.48677522,0.09622026234865189,0.9891518950462341,0.9434207677841187
YBL076C,YOR180C,0,-0.48705345,0.0962110310792923,0.9891518950462341,0.9435209035873413
YEL040W,YDL083C,0,-0.48718834,0.09620179980993271,0.9891518950462341,0.9436210989952087
YBL089W,YOL101C,0,-0.489312,0.09619257599115372,0.9891518950462341,0.9437212347984314
YGR052W,YPL274W,0,-0.4917462,0.09618335217237473,0.9891518950462341,0.943821370601654
YLL051C,YBL092W,0,-0.49397874,0.09617412835359573,0.9891518950462341,0.9439215064048767
YDR144C,YJL200C,0,-0.4939891,0.09616491198539734,0.9891518950462341,0.9440216422080994
YGR032W,YGL236C,0,-0.4975016,0.09615568816661835,0.9891518950462341,0.944121778011322
YBL051C,YIL050W,1,-0.4988876,0.09624233096837997,0.990138053894043,0.944121778011322
YKL020C,YDR281C,0,-0.49948025,0.09623310714960098,0.990138053894043,0.9442219138145447
YJL066C,YKL171W,0,-0.49966645,0.09622388333082199,0.990138053894043,0.9443220496177673
YBL041W,YPR160W,0,-0.5002868,0.096214659512043,0.990138053894043,0.94442218542099
YBR145W,YER002W,0,-0.5007415,0.0962054431438446,0.990138053894043,0.9445223212242126
YPR026W,YPL104W,0,-0.5019189,0.09619622677564621,0.990138053894043,0.9446224570274353
YBR145W,YLR026C,0,-0.5025754,0.09618701040744781,0.990138053894043,0.944722592830658
YGR085C,YPL252C,0,-0.5044705,0.09617779403924942,0.990138053894043,0.9448227286338806
YEL012W,YPL259C,0,-0.5100887,0.09616858512163162,0.990138053894043,0.9449228644371033
YHR002W,YGR052W,0,-0.5110061,0.09615936875343323,0.990138053894043,0.9450230598449707
YKL093W,YHR004C,0,-0.5110866,0.09615015983581543,0.990138053894043,0.9451231956481934
YPL276W,YGL062W,0,-0.51180655,0.09614095836877823,0.990138053894043,0.945223331451416
YJR032W,YJR063W,0,-0.5125949,0.09613174945116043,0.990138053894043,0.9453234672546387
YDR512C,YDR059C,0,-0.51364625,0.09612254798412323,0.990138053894043,0.9454236030578613
YLL012W,YNR002C,0,-0.51565874,0.09611334651708603,0.990138053894043,0.945523738861084
YDR076W,YJL171C,0,-0.516867,0.09610414505004883,0.990138053894043,0.9456238746643066
YPR191W,YOR142W,0,-0.5173141,0.09609494358301163,0.990138053894043,0.9457240104675293
YKR066C,YKL003C,0,-0.5220039,0.09608574956655502,0.990138053894043,0.945824146270752
YMR267W,YFL023W,0,-0.52300996,0.09607655555009842,0.990138053894043,0.9459242820739746
YKR056W,YDL040C,0,-0.5232159,0.09606736153364182,0.990138053894043,0.9460244178771973
YDL078C,YKL082C,0,-0.5284633,0.09605816751718521,0.990138053894043,0.9461245536804199
YMR089C,YPR043W,0,-0.5301004,0.0960489809513092,0.990138053894043,0.9462246894836426
YJR010W,YER074W,0,-0.53206134,0.0960397943854332,0.990138053894043,0.9463248252868652
YBR093C,YNR015W,0,-0.5321203,0.09603060781955719,0.990138053894043,0.9464250206947327
YPR137W,YPR002W,0,-0.53367287,0.09602142125368118,0.990138053894043,0.9465251564979553
YHR004C,YOR285W,0,-0.53613615,0.09601224213838577,0.990138053894043,0.946625292301178
YGR285C,YDR337W,0,-0.54223955,0.09600306302309036,0.990138053894043,0.9467254281044006
YOR229W,YAL040C,1,-0.5422424,0.09608948975801468,0.9911242723464966,0.9467254281044006
YGL162W,YLR224W,0,-0.54263157,0.09608030319213867,0.9911242723464966,0.9468255639076233
YER055C,YPL218W,0,-0.54278386,0.09607112407684326,0.9911242723464966,0.946925699710846
YLL034C,YDR353W,0,-0.5441457,0.09606193751096725,0.9911242723464966,0.9470258355140686
YOL066C,YML058W-A,0,-0.54598314,0.09605275839567184,0.9911242723464966,0.9471259713172913
YBR282W,YER087C-B,0,-0.5493442,0.09604357928037643,0.9911242723464966,0.9472261071205139
YOL129W,YDR072C,0,-0.5511345,0.09603440016508102,0.9911242723464966,0.9473262429237366
YBR183W,YGR144W,0,-0.55459934,0.09602522104978561,0.9911242723464966,0.9474263787269592
YOR168W,YGL030W,0,-0.5552655,0.0960160493850708,0.9911242723464966,0.9475265145301819
YGL180W,YMR200W,0,-0.55590516,0.09600687772035599,0.9911242723464966,0.9476266503334045
YLL027W,YGR214W,0,-0.55883074,0.09599770605564117,0.9911242723464966,0.947726845741272
YDR512C,YOR299W,0,-0.56019616,0.09598854184150696,0.9911242723464966,0.9478269815444946
YFL038C,YOR215C,0,-0.5603453,0.09597937017679214,0.9911242723464966,0.9479271173477173
YJR021C,YLR348C,0,-0.56232834,0.09597020596265793,0.9911242723464966,0.9480272531509399
YLR203C,YDL045W-A,0,-0.56248474,0.09596104174852371,0.9911242723464966,0.9481273889541626
YCL057W,YAL031C,0,-0.5626869,0.0959518775343895,0.9911242723464966,0.9482275247573853
YLR203C,YBR096W,0,-0.56321245,0.09594272077083588,0.9911242723464966,0.9483276605606079
YMR319C,YGR095C,0,-0.56451595,0.09593356400728226,0.9911242723464966,0.9484277963638306
YOL124C,YKR006C,0,-0.56460416,0.09592440724372864,0.9911242723464966,0.9485279321670532
YGR155W,YGL148W,0,-0.565251,0.09591525048017502,0.9911242723464966,0.9486280679702759
YML058W-A,YNL274C,0,-0.5658972,0.095906101167202,0.9911242723464966,0.9487282037734985
YML036W,YOL101C,0,-0.5659152,0.09589694440364838,0.9911242723464966,0.9488283395767212
YBR067C,YGR222W,0,-0.56622815,0.09588779509067535,0.9911242723464966,0.9489284753799438
YPL119C,YEL053C,0,-0.5680553,0.09587864577770233,0.9911242723464966,0.9490286111831665
YMR033W,YGR214W,0,-0.5683281,0.0958695039153099,0.9911242723464966,0.9491288065910339
YBR274W,YOR187W,0,-0.5711082,0.09586036205291748,0.9911242723464966,0.9492289423942566
YPR187W,YGL225W,0,-0.5724775,0.09585121273994446,0.9911242723464966,0.9493290781974792
YNL283C,YPR159W,0,-0.5739846,0.09584207832813263,0.9911242723464966,0.9494292140007019
YDR530C,YDL039C,0,-0.5764456,0.0958329364657402,0.9911242723464966,0.9495293498039246
YCL043C,YPR119W,0,-0.57652915,0.09582380205392838,0.9911242723464966,0.9496294856071472
YDR072C,YCR012W,0,-0.5774983,0.09581466019153595,0.9911242723464966,0.9497296214103699
YGR020C,YER074W,0,-0.5780726,0.09580552577972412,0.9911242723464966,0.9498297572135925
YOR243C,YPL113C,0,-0.5796635,0.09579639881849289,0.9911242723464966,0.9499298930168152
YNL172W,YOR230W,1,-0.58055913,0.09588257968425751,0.9921104311943054,0.9499298930168152
YJL103C,YKL189W,0,-0.58075976,0.09587343782186508,0.9921104311943054,0.9500300288200378
YBR282W,YOR020C,0,-0.58094126,0.09586430341005325,0.9921104311943054,0.9501301646232605
YMR180C,YBL092W,0,-0.58096194,0.09585516899824142,0.9921104311943054,0.9502303004264832
YOR243C,YMR033W,0,-0.5811919,0.0958460345864296,0.9921104311943054,0.9503304362297058
YCR087C-A,YNL182C,0,-0.5816009,0.09583690762519836,0.9921104311943054,0.9504306316375732
YGR255C,YAL039C,0,-0.58224463,0.09582777321338654,0.9921104311943054,0.9505307674407959
YFR033C,YNL092W,0,-0.58446056,0.0958186462521553,0.9921104311943054,0.9506309032440186
YGL068W,YPR160W,0,-0.58579826,0.09580952674150467,0.9921104311943054,0.9507310390472412
YNL073W,YER162C,0,-0.58654916,0.09580039978027344,0.9921104311943054,0.9508311748504639
YDL078C,YKL175W,0,-0.5891242,0.0957912802696228,0.9921104311943054,0.9509313106536865
YAL063C,YGR229C,0,-0.5899648,0.09578216075897217,0.9921104311943054,0.9510314464569092
YPR080W,YOL136C,0,-0.5899886,0.09577304124832153,0.9921104311943054,0.9511315822601318
YPR011C,YGR052W,0,-0.59484273,0.0957639217376709,0.9921104311943054,0.9512317180633545
YGR281W,YDR059C,0,-0.5971633,0.09575480967760086,0.9921104311943054,0.9513318538665771
YDR076W,YBR037C,0,-0.5980014,0.09574569016695023,0.9921104311943054,0.9514319896697998
YBR183W,YHR174W,0,-0.59807,0.09573657810688019,0.9921104311943054,0.9515321254730225
YKL217W,YDR151C,0,-0.6004008,0.09572747349739075,0.9921104311943054,0.9516322612762451
YJL066C,YNL208W,0,-0.60266185,0.09571836143732071,0.9921104311943054,0.9517323970794678
YPR024W,YDL061C,0,-0.6028746,0.09570925682783127,0.9921104311943054,0.9518325924873352
YMR272C,YDR449C,0,-0.6030015,0.09570015221834183,0.9921104311943054,0.9519327282905579
YKR071C,YDL148C,0,-0.6031344,0.09569104760885239,0.9921104311943054,0.9520328640937805
YDR172W,YPR006C,0,-0.6045034,0.09568195044994354,0.9921104311943054,0.9521329998970032
YDL202W,YBR192W,0,-0.60474133,0.0956728458404541,0.9921104311943054,0.9522331357002258
YKR057W,YBR129C,0,-0.6047704,0.09566374868154526,0.9921104311943054,0.9523332715034485
YJR040W,YOR215C,0,-0.60627425,0.09565465152263641,0.9921104311943054,0.9524334073066711
YNL261W,YER074W,0,-0.60774344,0.09564556181430817,0.9921104311943054,0.9525335431098938
YBR294W,YBL068W,0,-0.6078728,0.09563646465539932,0.9921104311943054,0.9526336789131165
YLR029C,YGR112W,0,-0.6127447,0.09562737494707108,0.9921104311943054,0.9527338147163391
YDR144C,YMR308C,0,-0.6148747,0.09561828523874283,0.9921104311943054,0.9528339505195618
YKL217W,YBR096W,0,-0.61659694,0.09560920298099518,0.9921104311943054,0.9529340863227844
YMR238W,YMR090W,0,-0.6193506,0.09560011327266693,0.9921104311943054,0.9530342221260071
YOL086C,YER117W,0,-0.6194527,0.09559103101491928,0.9921104311943054,0.9531344175338745
YKR069W,YPR163C,0,-0.619699,0.09558194875717163,0.9921104311943054,0.9532345533370972
YDR492W,YNL239W,0,-0.6203693,0.09557286649942398,0.9921104311943054,0.9533346891403198
YMR319C,YMR176W,0,-0.6214316,0.09556379169225693,0.9921104311943054,0.9534348249435425
YMR182C,YDL225W,0,-0.62156546,0.09555470943450928,0.9921104311943054,0.9535349607467651
YPR196W,YLR344W,0,-0.6242754,0.09554563462734222,0.9921104311943054,0.9536350965499878
YPR001W,YDR353W,0,-0.6243369,0.09553655982017517,0.9921104311943054,0.9537352323532104
YLR043C,YDL097C,0,-0.6251483,0.09552749246358871,0.9921104311943054,0.9538353681564331
YPR196W,YKR035W-A,0,-0.6258635,0.09551841765642166,0.9921104311943054,0.9539355039596558
YFL014W,YPL110C,0,-0.6266572,0.0955093502998352,0.9921104311943054,0.9540356397628784
YML058W-A,YHR132C,0,-0.62702256,0.09550028294324875,0.9921104311943054,0.9541357755661011
YLL041C,YMR186W,0,-0.6287885,0.09549122303724289,0.9921104311943054,0.9542359113693237
YLR197W,YNL121C,0,-0.62930226,0.09548215568065643,0.9921104311943054,0.9543360471725464
YER117W,YKR056W,0,-0.6328122,0.09547309577465057,0.9921104311943054,0.954436182975769
YAR002C-A,YNL052W,0,-0.63286805,0.09546403586864471,0.9921104311943054,0.9545363783836365
YNL160W,YLR088W,0,-0.6349462,0.09545497596263885,0.9921104311943054,0.9546365141868591
YPL134C,YAL039C,0,-0.635127,0.09544592350721359,0.9921104311943054,0.9547366499900818
YJL066C,YOR355W,0,-0.63604885,0.09543686360120773,0.9921104311943054,0.9548367857933044
YML052W,YAL040C,0,-0.63618815,0.09542781114578247,0.9921104311943054,0.9549369215965271
YKL168C,YLR251W,0,-0.636462,0.09541875869035721,0.9921104311943054,0.9550370573997498
YNL131W,YJR133W,0,-0.6386024,0.09540971368551254,0.9921104311943054,0.9551371932029724
YDL227C,YIL133C,0,-0.64955074,0.09540066123008728,0.9921104311943054,0.9552373290061951
YHL034C,YML056C,0,-0.649891,0.09539161622524261,0.9921104311943054,0.9553374648094177
YHR029C,YLR043C,0,-0.6506827,0.09538257122039795,0.9921104311943054,0.9554376006126404
YJL172W,YDR076W,0,-0.6517416,0.09537353366613388,0.9921104311943054,0.955537736415863
YNL121C,YMR267W,0,-0.6527691,0.09536448866128922,0.9921104311943054,0.9556378722190857
YDR492W,YLR425W,0,-0.6542264,0.09535545110702515,0.9921104311943054,0.9557380080223083
YAL060W,YGR251W,0,-0.65459514,0.09534641355276108,0.9921104311943054,0.955838143825531
YDL215C,YNL175C,0,-0.6547806,0.09533737599849701,0.9921104311943054,0.9559383392333984
YOR237W,YKR006C,0,-0.65874267,0.09532834589481354,0.9921104311943054,0.9560384750366211
YDR429C,YBR230C,0,-0.65918547,0.09531930834054947,0.9921104311943054,0.9561386108398438
YMR123W,YIL020C,0,-0.66067374,0.095310278236866,0.9921104311943054,0.9562387466430664
YBR261C,YGL148W,0,-0.6622368,0.09530124813318253,0.9921104311943054,0.9563388824462891
YKL009W,YGR118W,0,-0.66530347,0.09529222548007965,0.9921104311943054,0.9564390182495117
YKL170W,YKR056W,0,-0.66626215,0.09528319537639618,0.9921104311943054,0.9565391540527344
YNL178W,YPR001W,0,-0.6672778,0.0952741727232933,0.9921104311943054,0.956639289855957
YIR038C,YGL051W,0,-0.66756296,0.09526515007019043,0.9921104311943054,0.9567394256591797
YKL082C,YMR239C,0,-0.66841495,0.09525612741708755,0.9921104311943054,0.9568395614624023
YER098W,YHL027W,0,-0.6707008,0.09524711221456528,0.9921104311943054,0.956939697265625
YGL037C,YCL025C,0,-0.67088926,0.095238097012043,0.9921104311943054,0.9570398330688477
YHR082C,YKL085W,0,-0.67184526,0.09522908180952072,0.9921104311943054,0.9571399688720703
YLR404W,YBR145W,0,-0.67463493,0.09522006660699844,0.9921104311943054,0.9572401642799377
YOL057W,YCL043C,0,-0.6762237,0.09521105140447617,0.9921104311943054,0.9573403000831604
YPL104W,YPL183W-A,0,-0.6764542,0.09520204365253448,0.9921104311943054,0.9574404358863831
YDR512C,YNL095C,0,-0.67824084,0.0951930359005928,0.9921104311943054,0.9575405716896057
YER087C-B,YJR133W,0,-0.6789726,0.09518402814865112,0.9921104311943054,0.9576407074928284
YDR296W,YMR246W,0,-0.6840377,0.09517502039670944,0.9921104311943054,0.957740843296051
YJL191W,YJR130C,0,-0.6856713,0.09516602009534836,0.9921104311943054,0.9578409790992737
YDL054C,YLR197W,0,-0.68859565,0.09515701979398727,0.9921104311943054,0.9579411149024963
YMR319C,YBR067C,0,-0.6911621,0.09514801949262619,0.9921104311943054,0.958041250705719
YLL055W,YNL016W,0,-0.6931077,0.0951390191912651,0.9921104311943054,0.9581413865089417
YLR289W,YJR034W,0,-0.69501233,0.09513002634048462,0.9921104311943054,0.9582415223121643
YGR225W,YHR008C,0,-0.6977296,0.09512102603912354,0.9921104311943054,0.958341658115387
YBR125C,YLL041C,0,-0.7011368,0.09511203318834305,0.9921104311943054,0.9584417939186096
YER103W,YOL124C,0,-0.70198005,0.09510304033756256,0.9921104311943054,0.9585419297218323
YOL010W,YGR171C,0,-0.70212805,0.09509405493736267,0.9921104311943054,0.9586421251296997
YAR027W,YER052C,0,-0.70582926,0.09508506953716278,0.9921104311943054,0.9587422609329224
YNL289W,YML058W-A,1,-0.7079467,0.09517058730125427,0.993096649646759,0.9587422609329224
YOL141W,YFL054C,0,-0.71065813,0.09516159445047379,0.993096649646759,0.958842396736145
YOR230W,YOL113W,1,-0.7126417,0.09524709731340408,0.9940828680992126,0.958842396736145
YNL095C,YDL216C,0,-0.7133627,0.095238097012043,0.9940828680992126,0.9589425325393677
YPR024W,YGL225W,0,-0.71363664,0.09522909671068192,0.9940828680992126,0.9590426683425903
YMR173W,YMR034C,0,-0.71827036,0.09522010385990143,0.9940828680992126,0.959142804145813
YDR453C,YIL006W,0,-0.7231418,0.09521111100912094,0.9940828680992126,0.9592429399490356
YDL121C,YER087W,0,-0.72379696,0.09520211815834045,0.9940828680992126,0.9593430757522583
YGR085C,YHR109W,0,-0.7264153,0.09519312530755997,0.9940828680992126,0.959443211555481
YOR126C,YMR319C,0,-0.7269437,0.09518413245677948,0.9940828680992126,0.9595433473587036
YDL245C,YMR099C,0,-0.72873664,0.09517514705657959,0.9940828680992126,0.9596434831619263
YER050C,YGR214W,0,-0.73415095,0.0951661616563797,0.9940828680992126,0.9597436189651489
YOR237W,YLR389C,0,-0.73530924,0.09515717625617981,0.9940828680992126,0.9598437547683716
YPL087W,YDR062W,0,-0.7353888,0.09514819830656052,0.9940828680992126,0.959943950176239
YHR030C,YPL274W,0,-0.7357216,0.09513921290636063,0.9940828680992126,0.9600440859794617
YOR292C,YML128C,0,-0.73819697,0.09513023495674133,0.9940828680992126,0.9601442217826843
YNR002C,YNR010W,0,-0.7419004,0.09512126445770264,0.9940828680992126,0.960244357585907
YOL052C,YDR281C,0,-0.74507,0.09511228650808334,0.9940828680992126,0.9603444933891296
YKR057W,YOR162C,0,-0.74564683,0.09510330855846405,0.9940828680992126,0.9604446291923523
YOR206W,YJL066C,0,-0.745715,0.09509433805942535,0.9940828680992126,0.960544764995575
YLR228C,YMR090W,0,-0.7493067,0.09508536756038666,0.9940828680992126,0.9606449007987976
YMR049C,YGR118W,0,-0.75036657,0.09507639706134796,0.9940828680992126,0.9607450366020203
YKL038W,YBR238C,0,-0.7517117,0.09506743401288986,0.9940828680992126,0.9608451724052429
YER150W,YKR006C,0,-0.75255847,0.09505847096443176,0.9940828680992126,0.9609453082084656
YOL082W,YLR390W,0,-0.7553793,0.09504950791597366,0.9940828680992126,0.9610454440116882
YDL078C,YGL259W,0,-0.755744,0.09504054486751556,0.9940828680992126,0.9611455798149109
YGL225W,YDR226W,0,-0.75827473,0.09503158181905746,0.9940828680992126,0.9612457156181335
YML028W,YPL188W,0,-0.75854164,0.09502262622117996,0.9940828680992126,0.961345911026001
YLR009W,YNL282W,0,-0.76146173,0.09501367062330246,0.9940828680992126,0.9614460468292236
YPL131W,YPL147W,0,-0.76299584,0.09500471502542496,0.9940828680992126,0.9615461826324463
YBR294W,YKL180W,0,-0.76316774,0.09499575942754745,0.9940828680992126,0.961646318435669
YNL006W,YLR270W,0,-0.76796675,0.09498680382966995,0.9940828680992126,0.9617464542388916
YDL217C,YML056C,0,-0.76897216,0.09497785568237305,0.9940828680992126,0.9618465900421143
YLR295C,YBR192W,0,-0.76976407,0.09496890753507614,0.9940828680992126,0.9619467258453369
YLR244C,YNL284C,0,-0.7710647,0.09495995938777924,0.9940828680992126,0.9620468616485596
YPR026W,YOR187W,0,-0.77603817,0.09495101869106293,0.9940828680992126,0.9621469974517822
YHR174W,YDR472W,0,-0.77882075,0.09494207054376602,0.9940828680992126,0.9622471332550049
YOR212W,YPR001W,0,-0.77925104,0.09493312984704971,0.9940828680992126,0.9623472690582275
YPL139C,YBR093C,0,-0.77954036,0.0949241891503334,0.9940828680992126,0.9624474048614502
YER103W,YNR044W,0,-0.77972317,0.09491525590419769,0.9940828680992126,0.9625475406646729
YNL178W,YNL006W,0,-0.7807345,0.09490631520748138,0.9940828680992126,0.9626477360725403
YBR006W,YMR238W,0,-0.7824098,0.09489738196134567,0.9940828680992126,0.9627478718757629
YER074W,YHL027W,0,-0.78298914,0.09488844871520996,0.9940828680992126,0.9628480076789856
YLR157C,YCL034W,0,-0.7838364,0.09487951546907425,0.9940828680992126,0.9629481434822083
YOR317W,YGR255C,0,-0.78674877,0.09487058967351913,0.9940828680992126,0.9630482792854309
YBR037C,YMR308C,0,-0.78727657,0.09486165642738342,0.9940828680992126,0.9631484150886536
YBR247C,YIR038C,0,-0.78734905,0.09485273063182831,0.9940828680992126,0.9632485508918762
YGL014W,YOR187W,0,-0.7879202,0.09484381228685379,0.9940828680992126,0.9633486866950989
YGL037C,YGL071W,0,-0.79174185,0.09483488649129868,0.9940828680992126,0.9634488224983215
YGR027C,YDL148C,0,-0.7954818,0.09482596069574356,0.9940828680992126,0.9635489583015442
YDL133C-A,YDL111C,0,-0.7987807,0.09481704235076904,0.9940828680992126,0.9636490941047668
YDL215C,YPR127W,0,-0.7987946,0.09480812400579453,0.9940828680992126,0.9637492299079895
YIR038C,YMR193W,0,-0.79991454,0.0947992131114006,0.9940828680992126,0.9638493657112122
YJL172W,YBR145W,0,-0.8013686,0.09479029476642609,0.9940828680992126,0.9639495015144348
YNL010W,YJL060W,0,-0.8016292,0.09478138387203217,0.9940828680992126,0.9640496969223022
YPL139C,YML058W-A,1,-0.8027956,0.09486649185419083,0.9950690269470215,0.9640496969223022
YHR029C,YKL117W,0,-0.8063133,0.09485757350921631,0.9950690269470215,0.9641498327255249
YMR038C,YPR119W,0,-0.80772066,0.09484865516424179,0.9950690269470215,0.9642499685287476
YFL014W,YJR034W,0,-0.8090439,0.09483974426984787,0.9950690269470215,0.9643501043319702
YDL084W,YGL236C,0,-0.8097375,0.09483082592487335,0.9950690269470215,0.9644502401351929
YBL112C,YHR008C,0,-0.8147253,0.09482191503047943,0.9950690269470215,0.9645503759384155
YER103W,YPR163C,0,-0.8166913,0.09481300413608551,0.9950690269470215,0.9646505117416382
YHR175W,YHR174W,0,-0.8185498,0.09480409324169159,0.9950690269470215,0.9647506475448608
YHR179W,YGR143W,0,-0.8208033,0.09479518979787827,0.9950690269470215,0.9648507833480835
YIL046W,YBR145W,0,-0.82268953,0.09478628635406494,0.9950690269470215,0.9649509191513062
YOL086C,YGL004C,0,-0.82280475,0.09477738291025162,0.9950690269470215,0.9650510549545288
YMR241W,YLR285W,0,-0.82481354,0.0947684794664383,0.9950690269470215,0.9651511907577515
YML058W-A,YIL046W,0,-0.82483834,0.09475957602262497,0.9950690269470215,0.9652513265609741
YOR206W,YBR271W,0,-0.8259967,0.09475068002939224,0.9950690269470215,0.9653514623641968
YJR010W,YKL001C,0,-0.827978,0.09474178403615952,0.9950690269470215,0.9654516577720642
YLL008W,YGL169W,0,-0.8316425,0.09473288804292679,0.9950690269470215,0.9655517935752869
YLR129W,YDR337W,0,-0.83243704,0.09472399204969406,0.9950690269470215,0.9656519293785095
YGL010W,YML132W,0,-0.83398306,0.09471510350704193,0.9950690269470215,0.9657520651817322
YGR112W,YAL040C,0,-0.83689785,0.0947062149643898,0.9950690269470215,0.9658522009849548
YGR112W,YLR325C,0,-0.839515,0.09469732642173767,0.9950690269470215,0.9659523367881775
YGR145W,YPL078C,0,-0.8410043,0.09468843787908554,0.9950690269470215,0.9660524725914001
YPR190C,YOR340C,0,-0.842597,0.09467955678701401,0.9950690269470215,0.9661526083946228
YDL134C,YHR014W,1,-0.8434124,0.09476449340581894,0.9960552453994751,0.9661526083946228
YLR344W,YKR006C,0,-0.84664536,0.09475560486316681,0.9960552453994751,0.9662527441978455
YDR211W,YKL085W,0,-0.8469246,0.09474671632051468,0.9960552453994751,0.9663528800010681
YPR002W,YPR001W,0,-0.847662,0.09473782777786255,0.9960552453994751,0.9664530158042908
YDL198C,YGR214W,0,-0.85096246,0.09472894668579102,0.9960552453994751,0.9665531516075134
YLL051C,YNL202W,0,-0.85111856,0.09472005814313889,0.9960552453994751,0.9666532874107361
YPR006C,YDR062W,0,-0.8526287,0.09471117705106735,0.9960552453994751,0.9667534828186035
YER117W,YNL202W,0,-0.85435754,0.09470229595899582,0.9960552453994751,0.9668536186218262
YNL223W,YNR002C,0,-0.85500574,0.09469341486692429,0.9960552453994751,0.9669537544250488
YER050C,YOL040C,0,-0.8614272,0.09468454122543335,0.9960552453994751,0.9670538902282715
YDR429C,YMR229C,0,-0.86232114,0.09467566758394241,0.9960552453994751,0.9671540260314941
YPL276W,YNL016W,0,-0.8645991,0.09466679394245148,0.9960552453994751,0.9672541618347168
YOR283W,YNL178W,0,-0.86523825,0.09465792030096054,0.9960552453994751,0.9673542976379395
YDL084W,YLL055W,0,-0.86528194,0.0946490466594696,0.9960552453994751,0.9674544334411621
YBR118W,YNL178W,0,-0.8691602,0.09464018046855927,0.9960552453994751,0.9675545692443848
YGL236C,YLR264W,0,-0.8722464,0.09463131427764893,0.9960552453994751,0.9676547050476074
YDL084W,YOR099W,0,-0.8737787,0.09462244808673859,0.9960552453994751,0.9677548408508301
YGR032W,YIL046W,0,-0.8747494,0.09461358189582825,0.9960552453994751,0.9678549766540527
YDR137W,YDL171C,0,-0.8766615,0.0946047231554985,0.9960552453994751,0.9679551124572754
YBR294W,YBR230C,0,-0.8792733,0.09459585696458817,0.9960552453994751,0.968055248260498
YPR001W,YGR118W,0,-0.8793882,0.09458699822425842,0.9960552453994751,0.9681554436683655
YML058W-A,YDR363W-A,1,-0.88030684,0.09467178583145142,0.9970414042472839,0.9681554436683655
YFL014W,YBR145W,0,-0.88072133,0.09466291964054108,0.9970414042472839,0.9682555794715881
YLR029C,YMR300C,0,-0.88075316,0.09465406090021133,0.9970414042472839,0.9683557152748108
YGR180C,YDL111C,0,-0.8847233,0.094645194709301,0.9970414042472839,0.9684558510780334
YPR002W,YGR118W,0,-0.8860999,0.09463633596897125,0.9970414042472839,0.9685559868812561
YNL095C,YKL053C-A,0,-0.88736284,0.09462747722864151,0.9970414042472839,0.9686561226844788
YJL166W,YPL110C,0,-0.8882181,0.09461862593889236,0.9970414042472839,0.9687562584877014
YGR077C,YIL133C,0,-0.888268,0.09460976719856262,0.9970414042472839,0.9688563942909241
YOL139C,YDL179W,1,-0.8893539,0.09469448775053024,0.9980276226997375,0.9688563942909241
YMR033W,YAL038W,0,-0.8906054,0.0946856290102005,0.9980276226997375,0.9689565300941467
YCL036W,YLR206W,0,-0.89090455,0.09467677026987076,0.9980276226997375,0.9690566658973694
YDL021W,YIL046W,0,-0.8921118,0.09466791152954102,0.9980276226997375,0.969156801700592
YAL017W,YBR230C,0,-0.8922846,0.09465906023979187,0.9980276226997375,0.9692569375038147
YKR057W,YCL057W,0,-0.893564,0.09465020895004272,0.9980276226997375,0.9693570733070374
YOR237W,YOL151W,0,-0.89367485,0.09464135766029358,0.9980276226997375,0.9694572687149048
YJL144W,YHR085W,0,-0.8940697,0.09463250637054443,0.9980276226997375,0.9695574045181274
YML030W,YGL103W,0,-0.89455634,0.09462365508079529,0.9980276226997375,0.9696575403213501
YER049W,YNL182C,0,-0.89591634,0.09461481124162674,0.9980276226997375,0.9697576761245728
YER165W,YGL259W,0,-0.8978221,0.09460596740245819,0.9980276226997375,0.9698578119277954
YEL040W,YDR496C,0,-0.897846,0.09459712356328964,0.9980276226997375,0.9699579477310181
YJL166W,YFR045W,0,-0.90018016,0.0945882797241211,0.9980276226997375,0.9700580835342407
YBL028C,YKL144C,0,-0.90191376,0.09457943588495255,0.9980276226997375,0.9701582193374634
YOR142W,YPL098C,0,-0.9028923,0.0945705994963646,0.9980276226997375,0.970258355140686
YGL200C,YBR145W,0,-0.90452874,0.09456176310777664,0.9980276226997375,0.9703584909439087
YBR177C,YJL095W,0,-0.90500903,0.09455292671918869,0.9980276226997375,0.9704586267471313
YLL034C,YDL148C,0,-0.907289,0.09454409778118134,0.9980276226997375,0.970558762550354
YOL082W,YKL168C,0,-0.9090514,0.09453526139259338,0.9980276226997375,0.9706588983535767
YOL102C,YNL284C,0,-0.90961874,0.09452643245458603,0.9980276226997375,0.9707590341567993
YNL073W,YLR164W,0,-0.9128241,0.09451760351657867,0.9980276226997375,0.9708592295646667
YPR113W,YPL087W,0,-0.9157163,0.09450878202915192,0.9980276226997375,0.9709593653678894
YDL015C,YOL040C,0,-0.9197388,0.09449995309114456,0.9980276226997375,0.9710595011711121
YGR268C,YIR039C,0,-0.9213874,0.0944911316037178,0.9980276226997375,0.9711596369743347
YBR145W,YLR309C,0,-0.92390573,0.09448231011629105,0.9980276226997375,0.9712597727775574
YMR114C,YGR118W,0,-0.92536736,0.09447348862886429,0.9980276226997375,0.97135990858078
YKL013C,YJL171C,0,-0.92694616,0.09446466714143753,0.9980276226997375,0.9714600443840027
YLR197W,YNL284C,0,-0.9277207,0.09445585310459137,0.9980276226997375,0.9715601801872253
YLR359W,YKR026C,0,-0.92926645,0.09444703906774521,0.9980276226997375,0.971660315990448
YKL038W,YCR012W,0,-0.93232524,0.09443822503089905,0.9980276226997375,0.9717604517936707
YDL215C,YBR187W,0,-0.9340481,0.09442941099405289,0.9980276226997375,0.9718605875968933
YIL088C,YKL082C,0,-0.9348832,0.09442060440778732,0.9980276226997375,0.971960723400116
YMR169C,YHR209W,0,-0.9414909,0.09441179037094116,0.9980276226997375,0.9720608592033386
YJL066C,YLR157C,0,-0.94228065,0.0944029837846756,0.9980276226997375,0.972161054611206
YFR001W,YDL148C,0,-0.9454364,0.09439417719841003,0.9980276226997375,0.9722611904144287
YLR394W,YBR072W,0,-0.94738376,0.09438537806272507,0.9980276226997375,0.9723613262176514
YBR247C,YBR187W,0,-0.953487,0.0943765714764595,0.9980276226997375,0.972461462020874
YGL186C,YIL133C,0,-0.953967,0.09436777234077454,0.9980276226997375,0.9725615978240967
YGR281W,YBR230C,0,-0.9590188,0.09435897320508957,0.9980276226997375,0.9726617336273193
YCL074W,YLL041C,0,-0.9668348,0.0943501740694046,0.9980276226997375,0.972761869430542
YNL302C,YGL148W,0,-0.9723011,0.09434138238430023,0.9980276226997375,0.9728620052337646
YJR032W,YLR325C,0,-0.97870076,0.09433259069919586,0.9980276226997375,0.9729621410369873
YML058W-A,YNL161W,1,-0.97906625,0.09441699832677841,0.9990137815475464,0.9729621410369873
YKL093W,YKL168C,0,-0.9814955,0.09440819919109344,0.9990137815475464,0.97306227684021
YPR191W,YDR454C,0,-0.9820224,0.09439940005540848,0.9990137815475464,0.9731624126434326
YBR202W,YKL053C-A,0,-0.9860085,0.09439060837030411,0.9990137815475464,0.9732625484466553
YOL026C,YBR093C,0,-0.98607373,0.09438181668519974,0.9990137815475464,0.9733626842498779
YMR269W,YBL068W,0,-0.9877578,0.09437301754951477,0.9990137815475464,0.9734628200531006
YDR527W,YKL085W,0,-0.98870635,0.0943642258644104,0.9990137815475464,0.973563015460968
YAL060W,YNR003C,0,-0.9896139,0.09435544162988663,0.9990137815475464,0.9736631512641907
YJR070C,YFR021W,0,-0.9899585,0.09434664994478226,0.9990137815475464,0.9737632870674133
YBR222C,YOR285W,0,-0.99664605,0.09433786571025848,0.9990137815475464,0.973863422870636
YER055C,YCR057C,0,-0.99883354,0.09432908147573471,0.9990137815475464,0.9739635586738586
YKR057W,YDL225W,0,-1.0019289,0.09432029724121094,0.9990137815475464,0.9740636944770813
YDR059C,YNR002C,0,-1.0101038,0.09431151300668716,0.9990137815475464,0.974163830280304
YBR080C,YKL180W,0,-1.0107337,0.09430273622274399,0.9990137815475464,0.9742639660835266
YMR169C,YFL033C,0,-1.0108325,0.09429395943880081,0.9990137815475464,0.9743641018867493
YLR359W,YGL030W,0,-1.0118258,0.09428518265485764,0.9990137815475464,0.9744642376899719
YLL019C,YJL103C,0,-1.0128071,0.09427640587091446,0.9990137815475464,0.9745643734931946
YOR243C,YPR080W,0,-1.0134407,0.09426763653755188,0.9990137815475464,0.9746645092964172
YBR052C,YNL239W,0,-1.0141857,0.0942588597536087,0.9990137815475464,0.9747646450996399
YDR205W,YBR093C,0,-1.0199984,0.09425009042024612,0.9990137815475464,0.9748648405075073
YMR173W,YNR057C,0,-1.0224007,0.09424132108688354,0.9990137815475464,0.97496497631073
YDL171C,YBR052C,0,-1.0239294,0.09423255920410156,0.9990137815475464,0.9750651121139526
YNL178W,YGL037C,0,-1.0259286,0.09422378987073898,0.9990137815475464,0.9751652479171753
YAL054C,YPL078C,0,-1.027795,0.094215027987957,0.9990137815475464,0.975265383720398
YIL134W,YPR043W,0,-1.0278908,0.09420626610517502,0.9990137815475464,0.9753655195236206
YLR203C,YOL151W,0,-1.0325274,0.09419750422239304,0.9990137815475464,0.9754656553268433
YPL276W,YKL165C,0,-1.0404779,0.09418874979019165,0.9990137815475464,0.9755657911300659
YBR294W,YML128C,0,-1.0429018,0.09417999535799026,0.9990137815475464,0.9756659269332886
YLR129W,YJL117W,0,-1.0475197,0.09417124092578888,0.9990137815475464,0.9757660627365112
YBL092W,YDL148C,0,-1.0483047,0.0941624864935875,0.9990137815475464,0.9758661985397339
YJR070C,YKL189W,0,-1.0543338,0.09415373206138611,0.9990137815475464,0.9759663343429565
YGL259W,YIL133C,0,-1.0565935,0.09414498507976532,0.9990137815475464,0.9760664701461792
YPR002W,YKL189W,0,-1.0566001,0.09413623064756393,0.9990137815475464,0.9761666059494019
YOR310C,YOR243C,0,-1.0591791,0.09412748366594315,0.9990137815475464,0.9762668013572693
YDR285W,YBR093C,0,-1.0612019,0.09411873668432236,0.9990137815475464,0.9763669371604919
YGR268C,YPL078C,0,-1.066287,0.09410999715328217,0.9990137815475464,0.9764670729637146
YOR145C,YDR211W,0,-1.068369,0.09410125762224197,0.9990137815475464,0.9765672087669373
YMR146C,YMR304W,0,-1.0691645,0.09409251064062119,0.9990137815475464,0.9766673445701599
YPR035W,YLR285W,0,-1.0708386,0.094083771109581,0.9990137815475464,0.9767674803733826
YIL020C,YBR093C,0,-1.0761569,0.0940750390291214,0.9990137815475464,0.9768676161766052
YNL202W,YDR222W,0,-1.0768155,0.09406629949808121,0.9990137815475464,0.9769677519798279
YKR066C,YIR039C,0,-1.0789332,0.09405756741762161,0.9990137815475464,0.9770678877830505
YKL061W,YML132W,0,-1.0794938,0.09404883533716202,0.9990137815475464,0.9771680235862732
YDL024C,YBR026C,0,-1.0812284,0.09404010325670242,0.9990137815475464,0.9772681593894958
YPR191W,YDR083W,0,-1.0850987,0.09403137117624283,0.9990137815475464,0.9773682951927185
YLR080W,YPL134C,0,-1.0876364,0.09402264654636383,0.9990137815475464,0.9774684309959412
YOR212W,YIL133C,0,-1.0926192,0.09401392191648483,0.9990137815475464,0.9775685667991638
YLR129W,YJR101W,0,-1.0927616,0.09400519728660583,0.9990137815475464,0.9776687622070312
YPL131W,YIL035C,0,-1.0945153,0.09399647265672684,0.9990137815475464,0.9777688980102539
YPR001W,YML128C,0,-1.0951217,0.09398775547742844,0.9990137815475464,0.9778690338134766
YMR169C,YBR096W,0,-1.0977032,0.09397903084754944,0.9990137815475464,0.9779691696166992
YGR144W,YIR038C,0,-1.0994116,0.09397031366825104,0.9990137815475464,0.9780693054199219
YMR089C,YKL067W,0,-1.1015798,0.09396159648895264,0.9990137815475464,0.9781694412231445
YBR287W,YIR039C,0,-1.1032075,0.09395288676023483,0.9990137815475464,0.9782695770263672
YDR064W,YKL172W,0,-1.1061406,0.09394416958093643,0.9990137815475464,0.9783697128295898
YOR230W,YDR496C,0,-1.1082994,0.09393545985221863,0.9990137815475464,0.9784698486328125
YNL153C,YBR282W,0,-1.1084466,0.09392675012350082,0.9990137815475464,0.9785699844360352
YAL060W,YDL245C,0,-1.1091437,0.09391804039478302,0.9990137815475464,0.9786701202392578
YAL054C,YPR001W,0,-1.1093131,0.09390933811664581,0.9990137815475464,0.9787702560424805
YDR233C,YER052C,0,-1.1096894,0.09390062838792801,0.9990137815475464,0.9788703918457031
YJL155C,YGR255C,0,-1.1097007,0.0938919261097908,0.9990137815475464,0.9789705872535706
YKL007W,YBR010W,0,-1.1110704,0.0938832238316536,0.9990137815475464,0.9790707230567932
YCL025C,YJL144W,0,-1.114339,0.09387452155351639,0.9990137815475464,0.9791708588600159
YGL068W,YDR174W,0,-1.118694,0.09386582672595978,0.9990137815475464,0.9792709946632385
YNL163C,YDL148C,0,-1.1205384,0.09385713189840317,0.9990137815475464,0.9793711304664612
YKR057W,YPR043W,0,-1.1227535,0.09384843707084656,0.9990137815475464,0.9794712662696838
YDR453C,YNL208W,0,-1.1245724,0.09383974224328995,0.9990137815475464,0.9795714020729065
YOL010W,YOR187W,0,-1.1249546,0.09383104741573334,0.9990137815475464,0.9796715378761292
YPL087W,YKL003C,0,-1.1285666,0.09382236003875732,0.9990137815475464,0.9797716736793518
YNL117W,YDL083C,0,-1.1311032,0.09381367266178131,0.9990137815475464,0.9798718094825745
YMR087W,YML132W,0,-1.1348068,0.0938049852848053,0.9990137815475464,0.9799719452857971
YIL088C,YMR090W,0,-1.13548,0.09379629790782928,0.9990137815475464,0.9800720810890198
YJR036C,YFR033C,0,-1.1370784,0.09378761053085327,0.9990137815475464,0.9801722168922424
YMR194W,YPR163C,0,-1.1379678,0.09377893060445786,0.9990137815475464,0.9802723526954651
YER165W,YDR211W,0,-1.1392595,0.09377025067806244,0.9990137815475464,0.9803725481033325
YLL041C,YMR054W,0,-1.1440982,0.09376157075166702,0.9990137815475464,0.9804726839065552
YDL215C,YHR174W,0,-1.1460556,0.0937528908252716,0.9990137815475464,0.9805728197097778
YER103W,YLL041C,0,-1.1614789,0.09374421834945679,0.9990137815475464,0.9806729555130005
YLR203C,YNL175C,0,-1.1704465,0.09373553842306137,0.9990137815475464,0.9807730913162231
YIL088C,YER150W,0,-1.1709253,0.09372686594724655,0.9990137815475464,0.9808732271194458
YKR056W,YML080W,0,-1.1763417,0.09371820092201233,0.9990137815475464,0.9809733629226685
YGR085C,YNL239W,0,-1.1771213,0.09370952844619751,0.9990137815475464,0.9810734987258911
YKL082C,YFR033C,0,-1.1774138,0.09370086342096329,0.9990137815475464,0.9811736345291138
YDR512C,YKR006C,0,-1.184441,0.09369219094514847,0.9990137815475464,0.9812737703323364
YKL067W,YML056C,0,-1.1852626,0.09368352591991425,0.9990137815475464,0.9813739061355591
YKR057W,YOR382W,0,-1.1966536,0.09367486834526062,0.9990137815475464,0.9814740419387817
YDL198C,YFL045C,0,-1.1993406,0.0936662033200264,0.9990137815475464,0.9815741777420044
YJR070C,YMR321C,0,-1.2004615,0.09365754574537277,0.9990137815475464,0.9816743731498718
YNL202W,YOR230W,0,-1.2036432,0.09364888817071915,0.9990137815475464,0.9817745089530945
YML028W,YJR130C,0,-1.2135624,0.09364023059606552,0.9990137815475464,0.9818746447563171
YKR057W,YLR129W,0,-1.2150135,0.0936315730214119,0.9990137815475464,0.9819747805595398
YPR196W,YOR310C,0,-1.2218963,0.09362292289733887,0.9990137815475464,0.9820749163627625
YHR059W,YNL284C,0,-1.2267421,0.09361426532268524,0.9990137815475464,0.9821750521659851
YPL134C,YER074W,0,-1.2328643,0.09360561519861221,0.9990137815475464,0.9822751879692078
YOR230W,YOL151W,0,-1.2494034,0.09359697252511978,0.9990137815475464,0.9823753237724304
YGR145W,YKL053C-A,0,-1.2504319,0.09358832240104675,0.9990137815475464,0.9824754595756531
YOR298W,YDR222W,0,-1.2504467,0.09357967972755432,0.9990137815475464,0.9825755953788757
YLL045C,YPR190C,0,-1.2518985,0.09357102960348129,0.9990137815475464,0.9826757311820984
YER175C,YBR187W,0,-1.2539358,0.09356238692998886,0.9990137815475464,0.982775866985321
YFL014W,YLR088W,0,-1.2548888,0.09355375170707703,0.9990137815475464,0.9828760027885437
YJL166W,YDL215C,0,-1.2590913,0.0935451090335846,0.9990137815475464,0.9829761385917664
YBR006W,YPR002W,0,-1.2642587,0.09353647381067276,0.9990137815475464,0.9830763339996338
YPR191W,YDL021W,0,-1.2712332,0.09352783858776093,0.9990137815475464,0.9831764698028564
YPR024W,YLR264W,0,-1.272198,0.09351920336484909,0.9990137815475464,0.9832766056060791
YHR069C,YGL037C,0,-1.2774433,0.09351056814193726,0.9990137815475464,0.9833767414093018
YNL202W,YOL136C,0,-1.2925066,0.09350194036960602,0.9990137815475464,0.9834768772125244
YOR317W,YBR287W,0,-1.2958635,0.09349330514669418,0.9990137815475464,0.9835770130157471
YMR049C,YDL208W,0,-1.2973416,0.09348467737436295,0.9990137815475464,0.9836771488189697
YBR282W,YMR250W,0,-1.3015155,0.0934760570526123,0.9990137815475464,0.9837772846221924
YKL013C,YFL014W,0,-1.3021536,0.09346742928028107,0.9990137815475464,0.983877420425415
YBR031W,YKL003C,0,-1.3074628,0.09345880895853043,0.9990137815475464,0.9839775562286377
YOR206W,YLR401C,0,-1.3187348,0.09345018118619919,0.9990137815475464,0.9840776920318604
YPL099C,YLR264W,0,-1.3200736,0.09344156086444855,0.9990137815475464,0.984177827835083
YPL183W-A,YGL103W,0,-1.3230356,0.0934329479932785,0.9990137815475464,0.9842779636383057
YGL236C,YER074W,0,-1.3235531,0.09342432767152786,0.9990137815475464,0.9843781590461731
YLL027W,YGR027C,0,-1.3236539,0.09341571480035782,0.9990137815475464,0.9844782948493958
YMR238W,YGL103W,0,-1.3244584,0.09340710192918777,0.9990137815475464,0.9845784306526184
YMR186W,YDL039C,0,-1.3308283,0.09339848905801773,0.9990137815475464,0.9846785664558411
YMR115W,YMR143W,0,-1.3349547,0.09338987618684769,0.9990137815475464,0.9847787022590637
YNL202W,YCR087C-A,0,-1.3358313,0.09338127076625824,0.9990137815475464,0.9848788380622864
YMR319C,YOR327C,0,-1.336188,0.0933726578950882,0.9990137815475464,0.984978973865509
YDL078C,YOR311C,0,-1.3418134,0.09336405247449875,0.9990137815475464,0.9850791096687317
YGR171C,YPL087W,0,-1.3426892,0.0933554545044899,0.9990137815475464,0.9851792454719543
YPR160W,YLR251W,0,-1.3510767,0.09334684908390045,0.9990137815475464,0.985279381275177
YPR113W,YJL066C,0,-1.3528265,0.0933382511138916,0.9990137815475464,0.9853795170783997
YDR296W,YDL202W,0,-1.353194,0.09332964569330215,0.9990137815475464,0.9854796528816223
YGL037C,YPL093W,0,-1.3551458,0.0933210477232933,0.9990137815475464,0.985579788684845
YIL088C,YML056C,0,-1.3564404,0.09331245720386505,0.9990137815475464,0.9856799244880676
YKL038W,YML056C,0,-1.3567296,0.0933038592338562,0.9990137815475464,0.9857801198959351
YBR006W,YAR035W,0,-1.3673608,0.09329526871442795,0.9990137815475464,0.9858802556991577
YDL084W,YDL083C,0,-1.3712555,0.0932866781949997,0.9990137815475464,0.9859803915023804
YFR001W,YPL087W,0,-1.3748915,0.09327808767557144,0.9990137815475464,0.986080527305603
YOR206W,YCR057C,0,-1.3793874,0.09326949715614319,0.9990137815475464,0.9861806631088257
YBR238C,YIR032C,0,-1.3796561,0.09326090663671494,0.9990137815475464,0.9862807989120483
YEL012W,YLR264W,0,-1.3877785,0.09325232356786728,0.9990137815475464,0.986380934715271
YLL008W,YJR034W,0,-1.3932201,0.09324374049901962,0.9990137815475464,0.9864810705184937
YDR064W,YPL134C,0,-1.3972534,0.09323515743017197,0.9990137815475464,0.9865812063217163
YLL045C,YCL025C,0,-1.4055792,0.09322658181190491,0.9990137815475464,0.986681342124939
YLR270W,YDL208W,0,-1.4098471,0.09321799874305725,0.9990137815475464,0.9867814779281616
YNL138W,YOR230W,0,-1.414394,0.09320942312479019,0.9990137815475464,0.9868816137313843
YGR264C,YBR052C,0,-1.4160159,0.09320084750652313,0.9990137815475464,0.9869817495346069
YDL024C,YOR142W,0,-1.4160621,0.09319227188825607,0.9990137815475464,0.9870818853378296
YML056C,YGR239C,0,-1.4167494,0.09318369626998901,0.9990137815475464,0.987182080745697
YLR394W,YBR093C,0,-1.4209853,0.09317512810230255,0.9990137815475464,0.9872822165489197
YMR315W,YJL066C,0,-1.423436,0.09316655993461609,0.9990137815475464,0.9873823523521423
YMR200W,YCR012W,0,-1.4281584,0.09315799176692963,0.9990137815475464,0.987482488155365
YAL017W,YML056C,0,-1.435763,0.09314942359924316,0.9990137815475464,0.9875826239585876
YAL060W,YJL155C,0,-1.4393742,0.0931408628821373,0.9990137815475464,0.9876827597618103
YLR395C,YLR129W,0,-1.4442629,0.09313229471445084,0.9990137815475464,0.987782895565033
YMR321C,YMR143W,0,-1.4472471,0.09312373399734497,0.9990137815475464,0.9878830313682556
YNL050C,YBR145W,0,-1.4519211,0.0931151732802391,0.9990137815475464,0.9879831671714783
YNL178W,YJR063W,0,-1.4623593,0.09310662001371384,0.9990137815475464,0.9880833029747009
YLR295C,YLR043C,0,-1.4626836,0.09309805929660797,0.9990137815475464,0.9881834387779236
YAL060W,YNL073W,0,-1.4686807,0.0930895060300827,0.9990137815475464,0.9882835745811462
YJL172W,YIR039C,0,-1.47038,0.09308095276355743,0.9990137815475464,0.9883837103843689
YOR317W,YLR270W,0,-1.4717721,0.09307239949703217,0.9990137815475464,0.9884839057922363
YDR449C,YGL259W,0,-1.4742187,0.0930638462305069,0.9990137815475464,0.988584041595459
YKR057W,YPL078C,0,-1.4768515,0.09305530041456223,0.9990137815475464,0.9886841773986816
YKL093W,YOR317W,0,-1.4850374,0.09304675459861755,0.9990137815475464,0.9887843132019043
YIL108W,YFL014W,0,-1.4935535,0.09303820878267288,0.9990137815475464,0.988884449005127
YER150W,YNL335W,0,-1.4969724,0.09302966296672821,0.9990137815475464,0.9889845848083496
YER150W,YFR018C,0,-1.4995898,0.09302111715078354,0.9990137815475464,0.9890847206115723
YDL133C-A,YJL191W,0,-1.500003,0.09301257878541946,0.9990137815475464,0.9891848564147949
YHR004C,YFL014W,0,-1.5063516,0.09300404042005539,0.9990137815475464,0.9892849922180176
YJL166W,YOL040C,0,-1.50658,0.09299550205469131,0.9990137815475464,0.9893851280212402
YDR405W,YOL040C,0,-1.5131441,0.09298696368932724,0.9990137815475464,0.9894852638244629
YER165W,YKL053C-A,0,-1.5344907,0.09297843277454376,0.9990137815475464,0.9895853996276855
YDR405W,YBR031W,0,-1.5595217,0.09296989440917969,0.9990137815475464,0.9896855354309082
YGR264C,YLR401C,0,-1.5624208,0.09296136349439621,0.9990137815475464,0.9897856712341309
YDR099W,YIL050W,1,-1.5648385,0.09304459393024445,1.0,0.9897856712341309
YPR187W,YIL133C,0,-1.5736922,0.09303605556488037,1.0,0.9898858666419983
YHR066W,YNL282W,0,-1.5877147,0.0930275246500969,1.0,0.989986002445221
YBR294W,YJL141C,0,-1.5893306,0.09301898628473282,1.0,0.9900861382484436
YKL170W,YKL103C,0,-1.5914171,0.09301045536994934,1.0,0.9901862740516663
YGL148W,YIL133C,0,-1.5936635,0.09300192445516586,1.0,0.9902864098548889
YPL087W,YGL259W,0,-1.5963458,0.09299339354038239,1.0,0.9903865456581116
YMR179W,YLR073C,0,-1.6009623,0.0929848700761795,1.0,0.9904866814613342
YKL093W,YNL160W,0,-1.6035103,0.09297634661197662,1.0,0.9905868172645569
YPR187W,YDL022W,0,-1.6151845,0.09296781569719315,1.0,0.9906869530677795
YJR070C,YBR177C,0,-1.6204305,0.09295929223299026,1.0,0.9907870888710022
YDL022W,YPL078C,0,-1.6291829,0.09295077621936798,1.0,0.9908872246742249
YOR292C,YFL014W,0,-1.6334071,0.0929422527551651,1.0,0.9909873604774475
YLR359W,YDR449C,0,-1.6354455,0.09293373674154282,1.0,0.9910874962806702
YLR264W,YPR006C,0,-1.6373893,0.09292522072792053,1.0,0.9911876916885376
YGL062W,YPL273W,0,-1.6403605,0.09291670471429825,1.0,0.9912878274917603
YPR204W,YFL066C,0,-1.6429688,0.09290818870067596,1.0,0.9913879632949829
YAL033W,YHL034C,0,-1.644728,0.09289968013763428,1.0,0.9914880990982056
YLL045C,YGR214W,0,-1.659673,0.09289117157459259,1.0,0.9915882349014282
YGL068W,YLR009W,0,-1.6604193,0.0928826630115509,1.0,0.9916883707046509
YAR027W,YIR038C,0,-1.6639408,0.09287415444850922,1.0,0.9917885065078735
YDL024C,YIR039C,0,-1.6698117,0.09286564588546753,1.0,0.9918886423110962
YLR073C,YNL182C,0,-1.6715851,0.09285714477300644,1.0,0.9919887781143188
YLR395C,YGL037C,0,-1.6783074,0.09284864366054535,1.0,0.9920889139175415
YDR453C,YEL040W,0,-1.6784135,0.09284014254808426,1.0,0.9921890497207642
YJL066C,YBR072W,0,-1.6791574,0.09283164143562317,1.0,0.9922891855239868
YPR191W,YDR496C,0,-1.6837426,0.09282314032316208,1.0,0.9923893213272095
YOR243C,YDL148C,0,-1.689029,0.09281464666128159,1.0,0.9924894571304321
YJL066C,YKL067W,0,-1.7008003,0.09280615299940109,1.0,0.9925896525382996
YJL066C,YKL217W,0,-1.7014078,0.0927976593375206,1.0,0.9926897883415222
YKL064W,YOR285W,0,-1.7014331,0.0927891656756401,1.0,0.9927899241447449
YER103W,YOR145C,0,-1.7064346,0.09278067201375961,1.0,0.9928900599479675
YKL170W,YPL087W,0,-1.7118186,0.09277218580245972,1.0,0.9929901957511902
YNL302C,YPR006C,0,-1.7125047,0.09276369959115982,1.0,0.9930903315544128
YOL082W,YLR325C,0,-1.7161661,0.09275521337985992,1.0,0.9931904673576355
YJR149W,YLR325C,0,-1.7180821,0.09274672716856003,1.0,0.9932906031608582
YJL005W,YDL208W,0,-1.7196403,0.09273824840784073,1.0,0.9933907389640808
YOR230W,YML128C,0,-1.7225782,0.09272976964712143,1.0,0.9934908747673035
YFL057C,YDR461W,0,-1.7361836,0.09272129088640213,1.0,0.9935910105705261
YPR191W,YKL165C,0,-1.7430848,0.09271281212568283,1.0,0.9936911463737488
YOL136C,YNR002C,0,-1.7464073,0.09270433336496353,1.0,0.9937912821769714
YLL008W,YDR211W,0,-1.7546841,0.09269586205482483,1.0,0.9938914775848389
YLL019C,YPR006C,0,-1.7564281,0.09268738329410553,1.0,0.9939916133880615
YMR008C,YNR002C,0,-1.7773916,0.09267891198396683,1.0,0.9940917491912842
YBR006W,YPL104W,0,-1.781172,0.09267044067382812,1.0,0.9941918849945068
YOR310C,YPL099C,0,-1.7983221,0.09266197681427002,1.0,0.9942920207977295
YKL082C,YOR187W,0,-1.8069962,0.09265350550413132,1.0,0.9943921566009521
YPR026W,YPL087W,0,-1.8449761,0.09264504164457321,1.0,0.9944922924041748
YFL014W,YBR026C,0,-1.8453037,0.0926365777850151,1.0,0.9945924282073975
YDL022W,YPL093W,0,-1.8489645,0.092628113925457,1.0,0.9946925640106201
YMR049C,YMR250W,0,-1.8507332,0.09261965751647949,1.0,0.9947926998138428
YOR230W,YBR093C,0,-1.8858902,0.09261119365692139,1.0,0.9948928356170654
YLR312W-A,YBR271W,0,-1.886061,0.09260273724794388,1.0,0.9949929714202881
YIR038C,YLR160C,0,-1.889124,0.09259428083896637,1.0,0.9950931072235107
YKL085W,YDR496C,0,-1.9048518,0.09258583188056946,1.0,0.9951932430267334
YBR238C,YMR229C,0,-1.9056014,0.09257737547159195,1.0,0.9952934384346008
YPR002W,YJL192C,0,-1.9083697,0.09256892651319504,1.0,0.9953935742378235
YGR052W,YLR264W,0,-1.9086556,0.09256047755479813,1.0,0.9954937100410461
YPL223C,YNL202W,0,-1.9223114,0.09255202859640121,1.0,0.9955938458442688
YFR033C,YJR063W,0,-1.9321502,0.0925435796380043,1.0,0.9956939816474915
YMR239C,YJR034W,0,-1.9646338,0.09253513067960739,1.0,0.9957941174507141
YKL067W,YLR224W,0,-1.9654378,0.09252668917179108,1.0,0.9958942532539368
YLR264W,YGL030W,0,-1.9687425,0.09251824766397476,1.0,0.9959943890571594
YBR120C,YPR043W,0,-1.9738644,0.09250980615615845,1.0,0.9960945248603821
YGL068W,YJL200C,0,-1.9829668,0.09250136464834213,1.0,0.9961946606636047
YKL217W,YOR382W,0,-2.004658,0.09249293059110641,1.0,0.9962947964668274
YMR321C,YIL133C,0,-2.0180657,0.0924844965338707,1.0,0.99639493227005
YLR005W,YBR093C,0,-2.0282943,0.09247606247663498,1.0,0.9964950680732727
YOL136C,YPR060C,0,-2.0296166,0.09246762841939926,1.0,0.9965952038764954
YJR070C,YMR193W,0,-2.0508177,0.09245919436216354,1.0,0.9966953992843628
YER055C,YIR038C,0,-2.0542157,0.09245076775550842,1.0,0.9967955350875854
YOR310C,YKL007W,0,-2.0688727,0.0924423411488533,1.0,0.9968956708908081
YNR044W,YDR226W,0,-2.0911489,0.09243390709161758,1.0,0.9969958066940308
YPR163C,YMR229C,0,-2.100863,0.09242548793554306,1.0,0.9970959424972534
YBR118W,YER165W,0,-2.1024616,0.09241706132888794,1.0,0.9971960783004761
YBR183W,YNL274C,0,-2.131996,0.09240864217281342,1.0,0.9972962141036987
YPL087W,YLR251W,0,-2.1350343,0.0924002155661583,1.0,0.9973963499069214
YOR243C,YLR009W,0,-2.1475673,0.09239179641008377,1.0,0.997496485710144
YHR029C,YGR034W,0,-2.1488645,0.09238338470458984,1.0,0.9975966215133667
YKR057W,YPR060C,0,-2.1491597,0.09237496554851532,1.0,0.9976967573165894
YOR145C,YPR137W,0,-2.1525605,0.09236655384302139,1.0,0.997796893119812
YLR129W,YOR187W,0,-2.1859772,0.09235813468694687,1.0,0.9978970289230347
YKL085W,YML056C,0,-2.2083368,0.09234973043203354,1.0,0.9979972243309021
YBR093C,YER046W,0,-2.2604058,0.09234131872653961,1.0,0.9980973601341248
YLR203C,YPR163C,0,-2.262469,0.09233290702104568,1.0,0.9981974959373474
YDL024C,YMR114C,0,-2.2712116,0.09232450276613235,1.0,0.9982976317405701
YJL166W,YGL037C,0,-2.2713811,0.09231609851121902,1.0,0.9983977675437927
YNL160W,YDR494W,0,-2.3241088,0.0923076942563057,1.0,0.9984979033470154
YPR160W,YMR229C,0,-2.3394203,0.09229929000139236,1.0,0.998598039150238
YMR146C,YDL024C,0,-2.3548462,0.09229088574647903,1.0,0.9986981749534607
YPR030W,YLR270W,0,-2.3842957,0.0922824889421463,1.0,0.9987983107566833
YIR038C,YML132W,0,-2.4303901,0.09227409213781357,1.0,0.998898446559906
YPL150W,YER002W,0,-2.4626505,0.09226569533348083,1.0,0.9989985823631287
YNL281W,YBR072W,0,-2.4849508,0.0922572985291481,1.0,0.9990987181663513
YER049W,YPR160W,0,-2.5040898,0.09224890917539597,1.0,0.999198853969574
YBR183W,YJL066C,0,-2.5190961,0.09224051982164383,1.0,0.9992989897727966
YIR039C,YBR026C,0,-2.6323617,0.0922321230173111,1.0,0.9993991851806641
YLR312W-A,YLR344W,0,-2.690666,0.09222374111413956,1.0,0.9994993209838867
YAR027W,YBR093C,0,-2.7095978,0.09221535176038742,1.0,0.9995994567871094
YPL131W,YJR130C,0,-2.7410352,0.09220696240663528,1.0,0.999699592590332
YML073C,YOL040C,0,-2.8406975,0.09219858050346375,1.0,0.9997997283935547
YLR452C,YPL134C,0,-3.2123733,0.0921901986002922,1.0,0.9998998641967773
YKL009W,YFR033C,0,-3.3328707,0.09218181669712067,1.0,1.0
