Gene A,Gene B,Label,Score,Precision,Recall,False Positive Rate
YAL001C,YPL079W,0,7.461989,0.0,0.0,0.0001011224594549276
YIL117C,YOR095C,0,6.6525474,0.0,0.0,0.0002022449189098552
YPL086C,YDR001C,0,6.4210057,0.0,0.0,0.0003033673856407404
YCR034W,YDR001C,0,6.330809,0.0,0.0,0.0004044898378197104
YHR104W,YLR003C,0,6.134578,0.0,0.0,0.0005056122899986804
YFL034C-A,YCR097W,0,6.0667806,0.0,0.0,0.0006067347712814808
YPL217C,YPR151C,0,5.9991937,0.0,0.0,0.0007078571943566203
YHR016C,YPL086C,0,5.990932,0.0,0.0,0.0008089796756394207
YPL211W,YDR001C,0,5.987103,0.0,0.0,0.0009101021569222212
YPL237W,YOL060C,0,5.9823337,0.0,0.0,0.0010112245799973607
YIL127C,YEL060C,0,5.950452,0.0,0.0,0.0011123470030725002
YNR075W,YKR025W,0,5.8696847,0.0,0.0,0.0012134695425629616
YKR024C,YIL017C,0,5.8386397,0.0,0.0,0.001314591965638101
YKL086W,YJR002W,0,5.771524,0.0,0.0,0.0014157143887132406
YBL004W,YIL017C,0,5.760934,0.0,0.0,0.001516836928203702
YKL091C,YDL201W,0,5.7298703,0.0,0.0,0.0016179593512788415
YGL208W,YGR128C,0,5.6950006,0.0,0.0,0.001719081774353981
YBR126C,YDR324C,0,5.688037,0.0,0.0,0.0018202043138444424
YJL122W,YJL020C,0,5.6631017,0.0,0.0,0.0019213267369195819
YEL011W,YLR449W,0,5.628943,0.0,0.0,0.0020224491599947214
YBR126C,YBR154C,0,5.6202784,0.0,0.0,0.0021235716994851828
YAR066W,YGL187C,0,5.583779,0.0,0.0,0.0022246940061450005
YPR164W,YGL166W,0,5.5372014,0.0,0.0,0.002325816545635462
YPR151C,YHR062C,0,5.5354276,0.0,0.0,0.002426939085125923
YNR073C,YBR154C,0,5.527875,0.0,0.0,0.002528061391785741
YBR239C,YDL044C,0,5.4669995,0.0,0.0,0.002629183931276202
YIR003W,YLR022C,0,5.4450216,0.0,0.0,0.0027303064707666636
YCR067C,YPL249C,0,5.430416,0.0,0.0,0.0028314287774264812
YDR184C,YDR001C,0,5.406091,0.0,0.0,0.0029325513169169426
YPL211W,YGL184C,0,5.403379,0.0,0.0,0.003033673856407404
YJL051W,YDR153C,0,5.3985524,0.0,0.0,0.0031347961630672216
YPR151C,YDL042C,0,5.397385,0.0,0.0,0.003235918702557683
YGR278W,YLR210W,0,5.3901906,0.0,0.0,0.0033370412420481443
YDR171W,YOR312C,0,5.3872876,0.0,0.0,0.003438163548707962
YGL099W,YOL034W,0,5.3869867,0.0,0.0,0.0035392860881984234
YDL213C,YNR075W,0,5.385548,0.0,0.0,0.0036404086276888847
YNR012W,YMR170C,0,5.3748984,0.0,0.0,0.0037415309343487024
YMR197C,YEL003W,0,5.358924,0.0,0.0,0.0038426534738391638
YDR043C,YIL131C,1,5.3513093,0.025641025975346565,0.0009000900317914784,0.0038426534738391638
YBR126C,YIL158W,0,5.344996,0.02500000037252903,0.0009000900317914784,0.0039437757804989815
YPR151C,YIL110W,0,5.341512,0.024390242993831635,0.0009000900317914784,0.004044898319989443
YDL002C,YDR141C,0,5.337469,0.02380952425301075,0.0009000900317914784,0.004146020859479904
YLR288C,YGR071C,1,5.3354497,0.04651162773370743,0.0018001800635829568,0.004146020859479904
YGL121C,YBR079C,0,5.333049,0.04545454680919647,0.0018001800635829568,0.0042471433989703655
YNL186W,YNL305C,0,5.3329053,0.04444444552063942,0.0018001800635829568,0.004348265938460827
YML093W,YNL305C,0,5.332867,0.043478261679410934,0.0018001800635829568,0.004449388012290001
YNL088W,YDR043C,1,5.3314185,0.06382978707551956,0.0027002699207514524,0.004449388012290001
YIL099W,YBR106W,0,5.322531,0.0625,0.0027002699207514524,0.004550510551780462
YMR236W,YIR010W,0,5.321691,0.06122449040412903,0.0027002699207514524,0.004651633091270924
YDR171W,YER124C,0,5.315414,0.05999999865889549,0.0027002699207514524,0.004752755630761385
YBR245C,YMR094W,1,5.287287,0.0784313753247261,0.0036003601271659136,0.004752755630761385
YFL053W,YJR007W,0,5.2837844,0.07692307978868484,0.0036003601271659136,0.004853878170251846
YNL256W,YJR019C,0,5.2643495,0.07547169923782349,0.0036003601271659136,0.004955000709742308
YKL017C,YML098W,1,5.2640433,0.09259258955717087,0.004500450100749731,0.004955000709742308
YBR126C,YLR336C,0,5.2638288,0.09090909361839294,0.004500450100749731,0.005056122783571482
YPL211W,YDR043C,0,5.2600603,0.0892857164144516,0.004500450100749731,0.005157245323061943
YIL065C,YOR083W,0,5.2481375,0.08771929889917374,0.004500450100749731,0.005258367862552404
YOR234C,YEL060C,0,5.2307453,0.08620689809322357,0.004500450100749731,0.005359490402042866
YGR195W,YER169W,0,5.2065473,0.08474576473236084,0.004500450100749731,0.005460612941533327
YPL152W,YML093W,0,5.1995974,0.0833333358168602,0.004500450100749731,0.0055617354810237885
YJR095W,YLR003C,0,5.1971893,0.08196721225976944,0.004500450100749731,0.0056628575548529625
YDL010W,YPL029W,0,5.1961446,0.08064515888690948,0.004500450100749731,0.005763980094343424
YJR152W,YHR062C,0,5.1939597,0.0793650820851326,0.004500450100749731,0.005865102633833885
YHR016C,YKR024C,0,5.190754,0.078125,0.004500450100749731,0.0059662251733243465
YGL249W,YLR182W,1,5.190178,0.0923076942563057,0.005400539841502905,0.0059662251733243465
YAR066W,YDL161W,0,5.188781,0.09090909361839294,0.005400539841502905,0.006067347712814808
YDL150W,YAL055W,0,5.182593,0.08955223858356476,0.005400539841502905,0.006168469786643982
YNR063W,YKR101W,1,5.1799073,0.10294117778539658,0.006300630047917366,0.006168469786643982
YPR061C,YJR002W,0,5.1719522,0.10144927352666855,0.006300630047917366,0.006269592326134443
YCR068W,YDR225W,0,5.170254,0.10000000149011612,0.006300630047917366,0.006370714865624905
YER148W,YIL101C,1,5.168689,0.11267605423927307,0.007200720254331827,0.006370714865624905
YJR035W,YDR499W,1,5.1664796,0.125,0.008100810460746288,0.006370714865624905
YOL012C,YJR035W,1,5.164874,0.13698630034923553,0.009000900201499462,0.006370714865624905
YBR019C,YBL018C,0,5.158958,0.13513512909412384,0.009000900201499462,0.006471837405115366
YEL060C,YGL029W,0,5.151831,0.13333334028720856,0.009000900201499462,0.006572959944605827
YDR113C,YLR119W,0,5.1501136,0.1315789520740509,0.009000900201499462,0.006674082484096289
YOR095C,YBR008C,0,5.1496964,0.12987013161182404,0.009000900201499462,0.006775204557925463
YLR307W,YDL014W,0,5.14852,0.12820513546466827,0.009000900201499462,0.006876327097415924
YBR026C,YPL128C,1,5.1444135,0.13924050331115723,0.009900989942252636,0.006876327097415924
YPL152W,YML062C,0,5.1389356,0.13750000298023224,0.009900989942252636,0.006977449636906385
YNL186W,YJL047C,0,5.1336856,0.1358024626970291,0.009900989942252636,0.007078572176396847
YPR151C,YHR196W,0,5.122691,0.13414634764194489,0.009900989942252636,0.007179694715887308
YIR021W,YCL030C,0,5.1205,0.1325301229953766,0.009900989942252636,0.0072808172553777695
YKL071W,YDL156W,0,5.120459,0.130952388048172,0.009900989942252636,0.0073819393292069435
YMR260C,YKR046C,0,5.1183467,0.12941177189350128,0.009900989942252636,0.007483061868697405
YGL124C,YML062C,0,5.1180606,0.12790697813034058,0.009900989942252636,0.007584184408187866
YHL033C,YMR170C,0,5.105552,0.12643678486347198,0.009900989942252636,0.0076853069476783276
YNL256W,YDL222C,0,5.103592,0.125,0.009900989942252636,0.007786429487168789
YKL163W,YEL055C,0,5.0936217,0.12359550595283508,0.009900989942252636,0.007887551560997963
YJL047C,YGL029W,0,5.0805345,0.12222222238779068,0.009900989942252636,0.007988674566149712
YPR079W,YGR128C,0,5.077746,0.12087912112474442,0.009900989942252636,0.008089796639978886
YJL145W,YAR003W,0,5.0727496,0.1195652186870575,0.009900989942252636,0.008190919645130634
YBR132C,YGL099W,0,5.065741,0.11827956885099411,0.009900989942252636,0.008292041718959808
YIR034C,YDL049C,0,5.0553403,0.11702127754688263,0.009900989942252636,0.008393163792788982
YNL088W,YKL220C,0,5.054583,0.11578947305679321,0.009900989942252636,0.008494286797940731
YPL032C,YLR178C,0,5.043699,0.1145833358168602,0.009900989942252636,0.008595408871769905
YFL055W,YBR171W,0,5.0433073,0.11340206116437912,0.009900989942252636,0.008696531876921654
YDR004W,YJR140C,1,5.0329165,0.12244898080825806,0.01080107968300581,0.008696531876921654
YHR102W,YKR025W,0,5.032808,0.12121212482452393,0.01080107968300581,0.008797653950750828
YLR013W,YBR057C,0,5.022573,0.11999999731779099,0.01080107968300581,0.008898776024580002
YIR013C,YDL049C,0,5.021545,0.11881188303232193,0.01080107968300581,0.00899989902973175
YBR161W,YIL122W,0,5.004623,0.11764705926179886,0.01080107968300581,0.009101021103560925
YPR151C,YJL104W,0,5.0002356,0.11650485545396805,0.01080107968300581,0.009202144108712673
YOR128C,YLR307W,0,4.9998837,0.11538461595773697,0.01080107968300581,0.009303266182541847
YNL134C,YGL097W,0,4.999739,0.11428571492433548,0.01080107968300581,0.009404388256371021
YCR027C,YKR025W,0,4.9953814,0.11320754885673523,0.01080107968300581,0.00950551126152277
YIL085C,YCR083W,0,4.9952197,0.11214952915906906,0.01080107968300581,0.009606633335351944
YLR034C,YHR196W,0,4.982878,0.1111111119389534,0.01080107968300581,0.009707756340503693
YEL060C,YLR222C,0,4.982849,0.11009174585342407,0.01080107968300581,0.009808878414332867
YGL163C,YLL004W,1,4.975243,0.11818181723356247,0.011701170355081558,0.009808878414332867
YKR024C,YDL222C,0,4.9736934,0.11711711436510086,0.011701170355081558,0.009910001419484615
YKR081C,YLR423C,0,4.9719024,0.1160714253783226,0.011701170355081558,0.01001112349331379
YAL061W,YJR002W,0,4.9661384,0.1150442510843277,0.011701170355081558,0.010112245567142963
YJL123C,YCR089W,0,4.9629607,0.11403508484363556,0.011701170355081558,0.010213368572294712
YKL120W,YGR289C,0,4.960489,0.11304347962141037,0.011701170355081558,0.010314490646123886
YDL042C,YDL222C,0,4.9546437,0.11206896603107452,0.011701170355081558,0.010415613651275635
YDR446W,YMR067C,0,4.9526777,0.1111111119389534,0.011701170355081558,0.010516735725104809
YGL131C,YEL003W,0,4.9484925,0.11016949266195297,0.011701170355081558,0.010617857798933983
YBR083W,YLR341W,0,4.9476647,0.10924369841814041,0.011701170355081558,0.010718980804085732
YLR205C,YGR074W,0,4.9464335,0.10833333432674408,0.011701170355081558,0.010820102877914906
YIL085C,YLR119W,0,4.9448905,0.10743801295757294,0.011701170355081558,0.010921225883066654
YDR303C,YKR101W,1,4.944831,0.1147540956735611,0.012601260095834732,0.010921225883066654
YGL124C,YLR423C,0,4.9447713,0.11382114142179489,0.012601260095834732,0.011022347956895828
YJR095W,YHR183W,0,4.9445615,0.11290322244167328,0.012601260095834732,0.011123470962047577
YBL003C,YPR140W,0,4.9437547,0.1120000034570694,0.012601260095834732,0.011224593035876751
YNR056C,YNL082W,0,4.9412208,0.1111111119389534,0.012601260095834732,0.011325715109705925
YDR043C,YGL145W,0,4.9365387,0.11023622006177902,0.012601260095834732,0.011426838114857674
YHR065C,YLR119W,0,4.93522,0.109375,0.012601260095834732,0.011527960188686848
YJR144W,YPL270W,0,4.9334807,0.10852713137865067,0.012601260095834732,0.011629083193838596
YKL086W,YFL034C-A,0,4.9334097,0.10769230872392654,0.012601260095834732,0.01173020526766777
YGL017W,YFL053W,0,4.9321885,0.10687022656202316,0.012601260095834732,0.011831327341496944
YEL003W,YNL093W,0,4.928392,0.10606060922145844,0.012601260095834732,0.011932450346648693
YFL062W,YLR372W,0,4.92827,0.10526315867900848,0.012601260095834732,0.012033572420477867
YBR079C,YDL222C,0,4.926084,0.10447761416435242,0.012601260095834732,0.012134695425629616
YLR431C,YBL003C,0,4.9239845,0.10370370000600815,0.012601260095834732,0.01223581749945879
YDR171W,YFL034C-A,0,4.91955,0.10294117778539658,0.012601260095834732,0.012336939573287964
YML131W,YBR186W,0,4.916844,0.10218977928161621,0.012601260095834732,0.012438062578439713
YOR035C,YLL042C,0,4.9166136,0.10144927352666855,0.012601260095834732,0.012539184652268887
YJR063W,YGR249W,1,4.9145517,0.10791366547346115,0.013501349836587906,0.012539184652268887
YOR188W,YLR178C,0,4.9131517,0.1071428582072258,0.013501349836587906,0.012640307657420635
YML099C,YOL116W,1,4.913134,0.11347517371177673,0.014401440508663654,0.012640307657420635
YBL036C,YFL003C,0,4.9125967,0.11267605423927307,0.014401440508663654,0.01274142973124981
YBR126C,YPL227C,0,4.90917,0.1118881106376648,0.014401440508663654,0.012842552736401558
YBR132C,YBR154C,0,4.90912,0.1111111119389534,0.014401440508663654,0.012943674810230732
YLR307W,YPR009W,0,4.9048705,0.11034482717514038,0.014401440508663654,0.013044796884059906
YLR310C,YHL018W,0,4.8994384,0.10958904027938843,0.014401440508663654,0.013145919889211655
YNR012W,YML130C,0,4.889929,0.10884353518486023,0.014401440508663654,0.013247041963040829
YHR065C,YLR081W,0,4.8836513,0.10810811072587967,0.014401440508663654,0.013348164968192577
YBR228W,YLR319C,0,4.8834343,0.10738255083560944,0.014401440508663654,0.013449287042021751
YOR328W,YKR092C,0,4.8795524,0.1066666692495346,0.014401440508663654,0.013550409115850925
YOR293W,YNL241C,0,4.8744087,0.10596026480197906,0.014401440508663654,0.013651532121002674
YOR022C,YJR144W,0,4.872126,0.10526315867900848,0.014401440508663654,0.013752654194831848
YGL055W,YLR117C,0,4.8681846,0.10457516461610794,0.014401440508663654,0.013853777199983597
YIR013C,YDR208W,0,4.8633018,0.10389610379934311,0.014401440508663654,0.01395489927381277
YGL033W,YOR030W,0,4.861217,0.10322580486536026,0.014401440508663654,0.01405602227896452
YIL105C,YKR025W,0,4.860366,0.10256410390138626,0.014401440508663654,0.014157144352793694
YIL099W,YDR017C,0,4.8594465,0.10191082954406738,0.014401440508663654,0.014258266426622868
YEL011W,YNL021W,0,4.858807,0.10126582533121109,0.014401440508663654,0.014359389431774616
YLR095C,YGR280C,0,4.8562098,0.10062892735004425,0.014401440508663654,0.01446051150560379
YBR136W,YNL245C,0,4.853786,0.10000000149011612,0.014401440508663654,0.014561634510755539
YEL063C,YPL255W,0,4.8509674,0.09937888383865356,0.014401440508663654,0.014662756584584713
YIL085C,YMR154C,0,4.8494577,0.09876543283462524,0.014401440508663654,0.014763878658413887
YNL186W,YNL009W,0,4.848677,0.09815950691699982,0.014401440508663654,0.014865001663565636
YKL188C,YBL004W,0,4.847924,0.09756097197532654,0.014401440508663654,0.01496612373739481
YOR033C,YIR013C,1,4.8460927,0.10303030163049698,0.015301530249416828,0.01496612373739481
YLR128W,YOL148C,0,4.8458834,0.10240963846445084,0.015301530249416828,0.015067246742546558
YCL045C,YER065C,0,4.843587,0.10179640352725983,0.015301530249416828,0.015168368816375732
YDL222C,YPL079W,0,4.8433957,0.1011904776096344,0.015301530249416828,0.015269490890204906
YGL131C,YPL124W,0,4.84268,0.10059171915054321,0.015301530249416828,0.015370613895356655
YPL055C,YML093W,0,4.8425035,0.10000000149011612,0.015301530249416828,0.01547173596918583
YOR371C,YDL010W,0,4.8416915,0.09941520541906357,0.015301530249416828,0.015572858974337578
YFL003C,YDR213W,1,4.838625,0.10465116053819656,0.016201620921492577,0.015572858974337578
YGL073W,YCR092C,1,4.837819,0.10982658714056015,0.01710171066224575,0.015572858974337578
YDR346C,YIL017C,0,4.834497,0.10919540375471115,0.01710171066224575,0.015673981979489326
YKL055C,YBL003C,0,4.8321,0.10857142508029938,0.01710171066224575,0.015775103121995926
YIL158W,YPL084W,0,4.831959,0.10795454680919647,0.01710171066224575,0.015876226127147675
YER111C,YJL065C,1,4.830536,0.11299435049295425,0.018001800402998924,0.015876226127147675
YNL021W,YBR221C,0,4.827224,0.11235955357551575,0.018001800402998924,0.015977349132299423
YDL010W,YLL005C,0,4.822723,0.11173184216022491,0.018001800402998924,0.016078470274806023
YBR021W,YMR029C,0,4.8207307,0.1111111119389534,0.018001800402998924,0.01617959327995777
YCR089W,YJR014W,0,4.8168845,0.11049723625183105,0.018001800402998924,0.01628071628510952
YML078W,YNR075W,0,4.8167896,0.10989011079072952,0.018001800402998924,0.01638183929026127
YIR013C,YKL184W,0,4.8166504,0.10928961634635925,0.018001800402998924,0.016482960432767868
YBL018C,YLR319C,0,4.809297,0.10869564861059189,0.018001800402998924,0.016584083437919617
YHR079C-A,YER119C,0,4.8088956,0.10810811072587967,0.018001800402998924,0.016685206443071365
YHR134W,YNR051C,0,4.8073983,0.10752688348293304,0.018001800402998924,0.016786327585577965
YNL224C,YLR341W,0,4.806481,0.10695187002420425,0.018001800402998924,0.016887450590729713
YNL254C,YMR067C,0,4.8024473,0.10638298094272614,0.018001800402998924,0.016988573595881462
YPR022C,YJL160C,0,4.7999043,0.10582010447978973,0.018001800402998924,0.01708969473838806
YKR010C,YGL156W,0,4.797228,0.10526315867900848,0.018001800402998924,0.01719081774353981
YKR080W,YNR075W,0,4.7966332,0.10471203923225403,0.018001800402998924,0.01729194074869156
YBL040C,YDR324C,0,4.7929697,0.1041666641831398,0.018001800402998924,0.017393063753843307
YPL055C,YOL039W,0,4.791628,0.10362694412469864,0.018001800402998924,0.017494184896349907
YOR003W,YJL104W,0,4.7891498,0.10309278219938278,0.018001800402998924,0.017595307901501656
YIL158W,YAR066W,0,4.781199,0.10256410390138626,0.018001800402998924,0.017696430906653404
YBR227C,YGR092W,0,4.7809663,0.10204081982374191,0.018001800402998924,0.017797552049160004
YFL003C,YJL127C,1,4.7795405,0.10659898817539215,0.018901890143752098,0.017797552049160004
YAR066W,YMR083W,0,4.779328,0.10606060922145844,0.018901890143752098,0.017898675054311752
YNR063W,YPR199C,1,4.7791452,0.11055276542901993,0.019801979884505272,0.017898675054311752
YJR035W,YMR016C,1,4.774682,0.11500000208616257,0.020702069625258446,0.017898675054311752
YMR280C,YGL070C,1,4.774531,0.11940298229455948,0.02160215936601162,0.017898675054311752
YKR045C,YLR399C,0,4.774042,0.11881188303232193,0.02160215936601162,0.0179997980594635
YDR227W,YKL086W,1,4.768977,0.1231527104973793,0.022502250969409943,0.0179997980594635
YER118C,YKL163W,0,4.7667403,0.12254901975393295,0.022502250969409943,0.01810092106461525
YDL194W,YLR308W,0,4.7654066,0.12195122241973877,0.022502250969409943,0.01820204220712185
YER118C,YDR001C,0,4.7628956,0.12135922163724899,0.022502250969409943,0.018303165212273598
YPR187W,YDR259C,1,4.7619715,0.12560386955738068,0.023402340710163116,0.018303165212273598
YIL040W,YDL049C,0,4.758728,0.125,0.023402340710163116,0.018404288217425346
YGL184C,YCL010C,0,4.7558346,0.12440191209316254,0.023402340710163116,0.018505409359931946
YPL055C,YEL026W,0,4.7535377,0.12380952388048172,0.023402340710163116,0.018606532365083694
YKL091C,YDR119W,0,4.7525015,0.12322274595499039,0.023402340710163116,0.018707655370235443
YPL283C,YGL077C,0,4.7504106,0.12264151126146317,0.023402340710163116,0.018808776512742043
YNL088W,YBR136W,0,4.7482486,0.12206573039293289,0.023402340710163116,0.01890989951789379
YKR081C,YFL062W,0,4.7479987,0.1214953288435936,0.023402340710163116,0.01901102252304554
YPL038W,YKL017C,1,4.743975,0.12558139860630035,0.02430243045091629,0.01901102252304554
YML114C,YFL053W,0,4.740835,0.125,0.02430243045091629,0.01911214552819729
YMR116C,YDL222C,0,4.739509,0.12442396581172943,0.02430243045091629,0.019213266670703888
YIL105C,YDL092W,0,4.7394176,0.12385321408510208,0.02430243045091629,0.019314389675855637
YKR010C,YOR077W,0,4.7385683,0.12328767031431198,0.02430243045091629,0.019415512681007385
YGR285C,YJR035W,1,4.737428,0.12727272510528564,0.025202520191669464,0.019415512681007385
YGR152C,YNR056C,0,4.7363753,0.12669683992862701,0.025202520191669464,0.019516633823513985
YBR228W,YPR022C,0,4.7334914,0.12612612545490265,0.025202520191669464,0.019617756828665733
YDR142C,YKR086W,0,4.7325864,0.12556053698062897,0.025202520191669464,0.019718879833817482
YKL027W,YKL222C,0,4.731526,0.125,0.025202520191669464,0.01982000283896923
YNL124W,YPR164W,0,4.7290373,0.12444444745779037,0.025202520191669464,0.01992112398147583
YOR083W,YIR008C,0,4.7278185,0.12389380484819412,0.025202520191669464,0.02002224698662758
YDR171W,YHR178W,0,4.7209945,0.12334802001714706,0.025202520191669464,0.020123369991779327
YLR014C,YCL067C,1,4.7200193,0.12719298899173737,0.026102609932422638,0.020123369991779327
YKL071W,YLR405W,0,4.7182384,0.1266375482082367,0.026102609932422638,0.020224491134285927
YDR480W,YOR295W,0,4.7152495,0.12608695030212402,0.026102609932422638,0.020325614139437675
YNR054C,YJL047C,0,4.710844,0.12554112076759338,0.026102609932422638,0.020426737144589424
YPR187W,YER162C,1,4.709759,0.12931033968925476,0.027002699673175812,0.020426737144589424
YGR133W,YPR112C,0,4.704797,0.1287553608417511,0.027002699673175812,0.020527860149741173
YMR135C,YLR002C,0,4.704161,0.12820513546466827,0.027002699673175812,0.020628981292247772
YOL088C,YIR010W,0,4.702598,0.12765957415103912,0.027002699673175812,0.02073010429739952
YBR073W,YIR003W,0,4.7016144,0.12711864709854126,0.027002699673175812,0.02083122730255127
YGL033W,YJR007W,0,4.6985955,0.1265822798013687,0.027002699673175812,0.02093234844505787
YCL026C-A,YPR112C,0,4.6973457,0.1260504275560379,0.027002699673175812,0.021033471450209618
YNL102W,YMR021C,1,4.6971574,0.12970711290836334,0.027902789413928986,0.021033471450209618
YKR067W,YJL145W,0,4.6915298,0.12916666269302368,0.027902789413928986,0.021134594455361366
YPR104C,YBL019W,1,4.6872053,0.13278008997440338,0.02880288101732731,0.021134594455361366
YNL323W,YHR003C,0,4.684986,0.13223139941692352,0.02880288101732731,0.021235715597867966
YGL055W,YNL229C,0,4.6785955,0.1316872388124466,0.02880288101732731,0.021336838603019714
YLR431C,YLR372W,0,4.674343,0.13114753365516663,0.02880288101732731,0.021437961608171463
YBL005W-A,YDR316W,0,4.6723285,0.13061223924160004,0.02880288101732731,0.02153908461332321
YJR002W,YJL020C,0,4.6694126,0.13008129596710205,0.02880288101732731,0.02164020575582981
YJL122W,YGR092W,0,4.668079,0.1295546591281891,0.02880288101732731,0.02174132876098156
YPR201W,YMR092C,0,4.6677065,0.12903225421905518,0.02880288101732731,0.02184245176613331
YER144C,YBR253W,0,4.6674895,0.12851405143737793,0.02880288101732731,0.021943572908639908
YIL066C,YPL081W,0,4.6674867,0.12800000607967377,0.02880288101732731,0.022044695913791656
YPL152W,YNL088W,0,4.664795,0.12749004364013672,0.02880288101732731,0.022145818918943405
YFR042W,YPR201W,0,4.6631346,0.1269841343164444,0.02880288101732731,0.022246941924095154
YJR091C,YLR372W,0,4.6624594,0.12648221850395203,0.02880288101732731,0.022348063066601753
YBR126C,YLL042C,0,4.662212,0.12598425149917603,0.02880288101732731,0.022449186071753502
YBL042C,YLR275W,0,4.661075,0.125490203499794,0.02880288101732731,0.02255030907690525
YKR010C,YGR133W,0,4.6609683,0.125,0.02880288101732731,0.02265143021941185
YAL005C,YHR045W,0,4.660684,0.12451361864805222,0.02880288101732731,0.0227525532245636
YGL184C,YOL113W,0,4.6593547,0.12403100728988647,0.02880288101732731,0.022853676229715347
YBR018C,YCR043C,0,4.656315,0.1235521212220192,0.02880288101732731,0.022954797372221947
YDR174W,YGL249W,1,4.654542,0.1269230842590332,0.029702970758080482,0.022954797372221947
YDR258C,YDR450W,0,4.653831,0.12643678486347198,0.029702970758080482,0.023055920377373695
YNR073C,YDL052C,0,4.652138,0.12595419585704803,0.029702970758080482,0.023157043382525444
YDR386W,YMR168C,1,4.651854,0.1292775720357895,0.030603060498833656,0.023157043382525444
YLR274W,YLR341W,0,4.6509748,0.12878787517547607,0.030603060498833656,0.023258166387677193
YDR076W,YNL218W,1,4.6480703,0.1320754736661911,0.03150315210223198,0.023258166387677193
YGR098C,YNR075W,0,4.6472006,0.1315789520740509,0.03150315210223198,0.023359287530183792
YOR162C,YDR045C,1,4.641492,0.13483145833015442,0.03240324184298515,0.023359287530183792
YPL237W,YHR016C,0,4.64146,0.13432836532592773,0.03240324184298515,0.02346041053533554
YIR007W,YGR280C,0,4.638948,0.1338289976119995,0.03240324184298515,0.02356153354048729
YGL184C,YLR084C,0,4.638853,0.13333334028720856,0.03240324184298515,0.02366265468299389
YLR051C,YMR164C,0,4.6381307,0.1328413337469101,0.03240324184298515,0.023763777688145638
YBR019C,YGR128C,0,4.6380777,0.13235294818878174,0.03240324184298515,0.023864900693297386
YHR079C-A,YOR196C,0,4.637791,0.1318681389093399,0.03240324184298515,0.023966023698449135
YNL068C,YLR318W,1,4.6374917,0.13503649830818176,0.03330333158373833,0.023966023698449135
YKL035W,YGR280C,0,4.6371512,0.1345454603433609,0.03330333158373833,0.024067144840955734
YOL017W,YDR291W,0,4.634144,0.13405796885490417,0.03330333158373833,0.024168267846107483
YNL002C,YLR362W,0,4.631851,0.1335740089416504,0.03330333158373833,0.02426939085125923
YDR016C,YDR293C,0,4.631716,0.13309352099895477,0.03330333158373833,0.02437051199376583
YLL015W,YOR083W,0,4.6304317,0.13261649012565613,0.03330333158373833,0.02447163499891758
YIL049W,YGL184C,0,4.6304,0.13214285671710968,0.03330333158373833,0.02457275800406933
YHR178W,YOL090W,1,4.6292715,0.13523131608963013,0.0342034213244915,0.02457275800406933
YAR003W,YNL058C,0,4.627047,0.13475176692008972,0.0342034213244915,0.024673879146575928
YPL275W,YKL092C,0,4.625758,0.1342756152153015,0.0342034213244915,0.024775002151727676
YJR056C,YLR178C,0,4.6236477,0.13380281627178192,0.0342034213244915,0.024876125156879425
YBR154C,YGL175C,1,4.6207647,0.13684210181236267,0.035103511065244675,0.024876125156879425
YHR065C,YGL160W,0,4.6206164,0.13636364042758942,0.035103511065244675,0.024977248162031174
YER118C,YAR066W,0,4.6195354,0.1358885020017624,0.035103511065244675,0.025078369304537773
YGL086W,YBL019W,0,4.6192784,0.1354166716337204,0.035103511065244675,0.025179492309689522
YBL019W,YDR099W,1,4.619212,0.13840830326080322,0.03600360080599785,0.025179492309689522
YGL237C,YGL249W,1,4.611672,0.14137931168079376,0.03690369054675102,0.025179492309689522
YGR271C-A,YMR280C,0,4.6080046,0.14089347422122955,0.03690369054675102,0.02528061531484127
YDR026C,YKR064W,1,4.6056895,0.1438356190919876,0.037803780287504196,0.02528061531484127
YLR406C,YKL035W,0,4.603721,0.1433447152376175,0.037803780287504196,0.02538173645734787
YIL040W,YDR123C,0,4.601825,0.1428571492433548,0.037803780287504196,0.02548285946249962
YPR022C,YGL175C,0,4.601492,0.14237287640571594,0.037803780287504196,0.025583982467651367
YJL138C,YPL230W,0,4.600677,0.14189189672470093,0.037803780287504196,0.025685105472803116
YBL067C,YAL061W,0,4.6005845,0.14141413569450378,0.037803780287504196,0.025786226615309715
YOR144C,YFL003C,0,4.600358,0.1409395933151245,0.037803780287504196,0.025887349620461464
YMR266W,YDL239C,0,4.5995736,0.14046822488307953,0.037803780287504196,0.025988472625613213
YEL071W,YOR073W,0,4.5973697,0.14000000059604645,0.037803780287504196,0.026089593768119812
YCR034W,YOR005C,0,4.5962014,0.13953489065170288,0.037803780287504196,0.02619071677327156
YBR302C,YKL127W,0,4.595691,0.13907285034656525,0.037803780287504196,0.02629183977842331
YDR408C,YLR178C,0,4.595305,0.13861386477947235,0.037803780287504196,0.026392962783575058
YBR073W,YKR046C,0,4.5938706,0.1381578892469406,0.037803780287504196,0.026494083926081657
YKR067W,YNL186W,0,4.5935144,0.13770492374897003,0.037803780287504196,0.026595206931233406
YER119C,YPL242C,0,4.5926533,0.13725490868091583,0.037803780287504196,0.026696329936385155
YIL091C,YNL134C,0,4.592151,0.13680781424045563,0.037803780287504196,0.026797451078891754
YBR253W,YKR086W,0,4.5908985,0.13636364042758942,0.037803780287504196,0.026898574084043503
YKL015W,YCR018C,1,4.590052,0.13915857672691345,0.03870387002825737,0.026898574084043503
YPR010C,YOR298C-A,1,4.5888143,0.14193548262119293,0.039603959769010544,0.026898574084043503
YGR275W,YOR336W,0,4.582256,0.14147910475730896,0.039603959769010544,0.02699969708919525
YPR164W,YGR172C,0,4.5816,0.14102564752101898,0.039603959769010544,0.02710081823170185
YGR125W,YLL042C,0,4.581019,0.1405750811100006,0.039603959769010544,0.0272019412368536
YLR183C,YER028C,1,4.5810137,0.14331209659576416,0.04050404950976372,0.0272019412368536
YPL255W,YNL254C,0,4.580663,0.1428571492433548,0.04050404950976372,0.027303064242005348
YPR061C,YDL226C,0,4.5804915,0.14240506291389465,0.04050404950976372,0.027404187247157097
YPL255W,YDL239C,0,4.5797734,0.14195583760738373,0.04050404950976372,0.027505308389663696
YLL039C,YIL110W,0,4.578302,0.14150942862033844,0.04050404950976372,0.027606431394815445
YNL067W,YMR052W,0,4.576469,0.1410658359527588,0.04050404950976372,0.027707554399967194
YHR079C-A,YDL147W,0,4.576245,0.140625,0.04050404950976372,0.027808675542473793
YPL128C,YHR018C,0,4.575317,0.14018692076206207,0.04050404950976372,0.02790979854762554
YHR079C-A,YBR227C,0,4.5740504,0.13975155353546143,0.04050404950976372,0.02801092155277729
YDR052C,YDL200C,1,4.573243,0.1424148678779602,0.04140413925051689,0.02801092155277729
YLR373C,YCR097W,1,4.5725965,0.14506173133850098,0.042304228991270065,0.02801092155277729
YKL114C,YMR201C,1,4.5718226,0.14769230782985687,0.04320431873202324,0.02801092155277729
YNR063W,YJR064W,0,4.5704966,0.14723926782608032,0.04320431873202324,0.02811204455792904
YIL063C,YPL192C,0,4.5704618,0.14678898453712463,0.04320431873202324,0.02821316570043564
YPL108W,YIL017C,0,4.5698934,0.1463414579629898,0.04320431873202324,0.028314288705587387
YNL047C,YCR033W,0,4.568859,0.14589665830135345,0.04320431873202324,0.028415411710739136
YLR144C,YPL029W,0,4.567017,0.145454540848732,0.04320431873202324,0.028516532853245735
YPL082C,YML076C,1,4.563523,0.14803625643253326,0.04410441219806671,0.028516532853245735
YPL037C,YDR001C,0,4.5634465,0.14759035408496857,0.04410441219806671,0.028617655858397484
YDR452W,YPL012W,0,4.5632854,0.14714714884757996,0.04410441219806671,0.028718778863549232
YOL017W,YHR084W,0,4.5629373,0.14670658111572266,0.04410441219806671,0.028819900006055832
YHR072W,YMR190C,0,4.5618486,0.14626865088939667,0.04410441219806671,0.02892102301120758
YDL168W,YDL104C,0,4.5614696,0.1458333283662796,0.04410441219806671,0.02902214601635933
YBR215W,YPL228W,0,4.56122,0.14540059864521027,0.04410441219806671,0.029123269021511078
YBR298C,YDL042C,0,4.5609956,0.14497041702270508,0.04410441219806671,0.029224390164017677
YBR018C,YNL197C,0,4.5600815,0.14454276859760284,0.04410441219806671,0.029325513169169426
YNL075W,YCR083W,0,4.5533,0.14411765336990356,0.04410441219806671,0.029426636174321175
YKR092C,YAL047C,0,4.5508404,0.14369501173496246,0.04410441219806671,0.029527757316827774
YOR328W,YBL046W,0,4.550583,0.14327485859394073,0.04410441219806671,0.029628880321979523
YER124C,YPL124W,0,4.5503125,0.1428571492433548,0.04410441219806671,0.02973000332713127
YPL128C,YCR083W,0,4.546035,0.14244185388088226,0.04410441219806671,0.02983112633228302
YPL152W,YPL255W,0,4.54569,0.14202898740768433,0.04410441219806671,0.02993224747478962
YHR216W,YMR291W,0,4.545452,0.1416184902191162,0.04410441219806671,0.030033370479941368
YNR063W,YDL058W,0,4.541223,0.1412103772163391,0.04410441219806671,0.030134493485093117
YMR067C,YBR135W,0,4.539293,0.14080460369586945,0.04410441219806671,0.030235614627599716
YML093W,YGL065C,0,4.5388446,0.14040113985538483,0.04410441219806671,0.030336737632751465
YLR013W,YBL019W,1,4.5381413,0.1428571492433548,0.045004501938819885,0.030336737632751465
YBR126C,YLR340W,0,4.5362887,0.14245013892650604,0.045004501938819885,0.030437860637903214
YNL009W,YKL216W,0,4.534296,0.14204545319080353,0.045004501938819885,0.030538981780409813
YBR182C,YKL112W,1,4.533658,0.14447592198848724,0.04590459167957306,0.030538981780409813
YNL082W,YMR168C,1,4.533066,0.14689265191555023,0.04680468142032623,0.030538981780409813
YFR009W,YAL055W,0,4.5321584,0.14647887647151947,0.04680468142032623,0.03064010478556156
YER171W,YOR386W,1,4.531918,0.1488763988018036,0.04770477116107941,0.03064010478556156
YJL051W,YNR026C,0,4.53098,0.14845938980579376,0.04770477116107941,0.03074122779071331
YFL053W,YOR303W,0,4.530934,0.14804469048976898,0.04770477116107941,0.03084235079586506
YDR314C,YBR171W,0,4.5271688,0.14763231575489044,0.04770477116107941,0.03094347193837166
YHR094C,YBL009W,0,4.5254416,0.14722222089767456,0.04770477116107941,0.031044594943523407
YBR210W,YGL175C,0,4.524314,0.14681440591812134,0.04770477116107941,0.031145717948675156
YMR214W,YJR067C,0,4.524115,0.1464088410139084,0.04770477116107941,0.031246839091181755
YDL010W,YML062C,0,4.5222034,0.1460055112838745,0.04770477116107941,0.03134796395897865
YBR083W,YKL073W,0,4.5219526,0.14560440182685852,0.04770477116107941,0.0314490832388401
YNL154C,YMR323W,0,4.520119,0.14520548284053802,0.04770477116107941,0.03155020624399185
YFL050C,YKL092C,0,4.518101,0.14480873942375183,0.04770477116107941,0.0316513292491436
YHR063C,YPR151C,0,4.5174427,0.14441417157649994,0.04770477116107941,0.03175245225429535
YGL125W,YGR284C,0,4.5167947,0.14402173459529877,0.04770477116107941,0.0318535752594471
YLR431C,YHR084W,0,4.516381,0.1436314433813095,0.04770477116107941,0.031954698264598846
YIR003W,YJR007W,0,4.514373,0.1432432383298874,0.04770477116107941,0.032055821269750595
YOR178C,YNL113W,0,4.513644,0.1428571492433548,0.04770477116107941,0.032156940549612045
YFL053W,YLL010C,0,4.513631,0.14247311651706696,0.04770477116107941,0.032258063554763794
YNR063W,YLR234W,1,4.5124407,0.14477211236953735,0.04860486090183258,0.032258063554763794
YDL049C,YER073W,0,4.5109916,0.14438502490520477,0.04860486090183258,0.03235918655991554
YPR164W,YBR204C,0,4.510831,0.14399999380111694,0.04860486090183258,0.03246030956506729
YNL069C,YML123C,0,4.510001,0.14361701905727386,0.04860486090183258,0.03256143257021904
YKL163W,YKR086W,0,4.5095634,0.14323607087135315,0.04860486090183258,0.03266255557537079
YLR032W,YMR045C,1,4.5074644,0.14550264179706573,0.049504950642585754,0.03266255557537079
YER040W,YNL039W,1,4.505599,0.14775726199150085,0.05040504038333893,0.03266255557537079
YDL155W,YOR256C,0,4.5054297,0.1473684161901474,0.05040504038333893,0.03276367858052254
YIL150C,YIL101C,1,4.504512,0.14960630238056183,0.0513051301240921,0.03276367858052254
YDR225W,YLR453C,1,4.504058,0.1518324613571167,0.052205219864845276,0.03276367858052254
YMR213W,YGL096W,1,4.503008,0.15404699742794037,0.05310530960559845,0.03276367858052254
YHR121W,YPR164W,0,4.501921,0.1536458283662796,0.05310530960559845,0.03286479786038399
YNL088W,YGR249W,1,4.5016646,0.15584415197372437,0.054005399346351624,0.03286479786038399
YOR214C,YLR003C,0,4.5016327,0.15544041991233826,0.054005399346351624,0.032965920865535736
YAR050W,YLR308W,0,4.499906,0.1550387591123581,0.054005399346351624,0.033067043870687485
YGR287C,YGR249W,0,4.499756,0.15463916957378387,0.054005399346351624,0.03316816687583923
YDR225W,YOR100C,0,4.498604,0.1542416512966156,0.054005399346351624,0.03326928988099098
YJR002W,YNL093W,0,4.4982386,0.1538461595773697,0.054005399346351624,0.03337041288614273
YJL074C,YJL020C,0,4.496563,0.15345267951488495,0.054005399346351624,0.03347153216600418
YNL053W,YEL003W,0,4.494991,0.15306122601032257,0.054005399346351624,0.03357265517115593
YLL032C,YHR166C,0,4.492919,0.15267175436019897,0.054005399346351624,0.03367377817630768
YHR191C,YNL116W,0,4.4927936,0.15228426456451416,0.054005399346351624,0.03377490118145943
YDR314C,YER011W,0,4.4924903,0.15189872682094574,0.054005399346351624,0.033876024186611176
YBL042C,YDR142C,0,4.4912424,0.1515151560306549,0.054005399346351624,0.033977147191762924
YGL145W,YOR077W,0,4.4903936,0.15113350749015808,0.054005399346351624,0.03407827019691467
YDR043C,YNL225C,0,4.490321,0.15075376629829407,0.054005399346351624,0.03417938947677612
YLR081W,YPL108W,0,4.488386,0.15037593245506287,0.054005399346351624,0.03428051248192787
YLR084C,YLR319C,0,4.4867945,0.15000000596046448,0.054005399346351624,0.03438163548707962
YCL045C,YDR450W,0,4.485059,0.14962594211101532,0.054005399346351624,0.03448275849223137
YLR002C,YPL124W,0,4.4818625,0.1492537260055542,0.054005399346351624,0.03458388149738312
YAR066W,YOR153W,0,4.4816084,0.1488833725452423,0.054005399346351624,0.034685004502534866
YJL204C,YHR032W,0,4.481057,0.14851485192775726,0.054005399346351624,0.034786127507686615
YNL075W,YFL053W,0,4.480451,0.14814814925193787,0.054005399346351624,0.034887246787548065
YNR073C,YNL064C,0,4.4798546,0.14778324961662292,0.054005399346351624,0.034988369792699814
YKL091C,YMR260C,0,4.479189,0.14742015302181244,0.054005399346351624,0.03508949279785156
YNL264C,YBR098W,0,4.4758754,0.14705882966518402,0.054005399346351624,0.03519061580300331
YMR014W,YJL020C,0,4.4748693,0.14669926464557648,0.054005399346351624,0.03529173880815506
YKL114C,YJR052W,1,4.474802,0.14878049492835999,0.0549054890871048,0.03529173880815506
YBR083W,YER170W,0,4.4698057,0.14841848611831665,0.0549054890871048,0.03539286181330681
YPR101W,YPL283C,0,4.4688106,0.14805825054645538,0.0549054890871048,0.03549398481845856
YIL091C,YOR171C,0,4.4686823,0.1476997584104538,0.0549054890871048,0.03559510409832001
YMR280C,YDR352W,0,4.4682994,0.1473429948091507,0.0549054890871048,0.035696227103471756
YGR028W,YPL012W,0,4.468125,0.1469879448413849,0.0549054890871048,0.035797350108623505
YNL225C,YBL019W,0,4.4675922,0.14663460850715637,0.0549054890871048,0.03589847311377525
YBL102W,YPL266W,0,4.4674277,0.14628297090530396,0.0549054890871048,0.035999596118927
YIL127C,YGR048W,0,4.467334,0.14593301713466644,0.0549054890871048,0.03610071912407875
YDL191W,YPL270W,0,4.4662695,0.14558473229408264,0.0549054890871048,0.0362018421292305
YOR130C,YJL122W,0,4.4616704,0.14523810148239136,0.0549054890871048,0.03630296140909195
YIL091C,YNL014W,0,4.4613724,0.1448931097984314,0.0549054890871048,0.0364040844142437
YML029W,YDR382W,0,4.461049,0.14454975724220276,0.0549054890871048,0.03650520741939545
YGR148C,YBR139W,0,4.460967,0.14420804381370544,0.0549054890871048,0.036606330424547195
YGR023W,YNL225C,0,4.4604373,0.14386792480945587,0.0549054890871048,0.036707453429698944
YOR100C,YPR022C,0,4.4600616,0.14352941513061523,0.0549054890871048,0.03680857643485069
YOR115C,YJR091C,0,4.4575505,0.14319248497486115,0.0549054890871048,0.03690969944000244
YFR009W,YLR341W,0,4.457278,0.1428571492433548,0.0549054890871048,0.03701081871986389
YHR084W,YPR065W,1,4.4549136,0.14485980570316315,0.05580557882785797,0.03701081871986389
YJL074C,YDR258C,0,4.4545355,0.14452214539051056,0.05580557882785797,0.03711194172501564
YPR018W,YLR119W,0,4.4515777,0.14418604969978333,0.05580557882785797,0.03721306473016739
YMR067C,YNL087W,0,4.451433,0.14385150372982025,0.05580557882785797,0.03731418773531914
YDR146C,YIL009C-A,1,4.451032,0.1458333283662796,0.056705672293901443,0.03731418773531914
YBR293W,YBL002W,0,4.450712,0.14549653232097626,0.056705672293901443,0.037415310740470886
YPR162C,YGR067C,1,4.4503937,0.14746543765068054,0.05760576203465462,0.037415310740470886
YBL023C,YIL082W-A,1,4.44866,0.14942528307437897,0.05850585177540779,0.037415310740470886
YML130C,YDL150W,0,4.448588,0.14908257126808167,0.05850585177540779,0.037516433745622635
YBL005W-A,YER172C,0,4.448509,0.14874142408370972,0.05850585177540779,0.037617553025484085
YDR027C,YLR084C,0,4.4466057,0.14840182662010193,0.05850585177540779,0.037718676030635834
YNR056C,YBL027W,0,4.44646,0.1480637788772583,0.05850585177540779,0.03781979903578758
YDL226C,YGR087C,0,4.44616,0.14772726595401764,0.05850585177540779,0.03792092204093933
YLR341W,YJL036W,0,4.44607,0.14739228785037994,0.05850585177540779,0.03802204504609108
YNL064C,YIL082W-A,0,4.444545,0.14705882966518402,0.05850585177540779,0.03812316805124283
YLR307W,YDR037W,0,4.4430256,0.14672686159610748,0.05850585177540779,0.03822429105639458
YCR034W,YLL023C,0,4.4424486,0.14639639854431152,0.05850585177540779,0.03832541033625603
YNL035C,YOR130C,0,4.4414387,0.14606741070747375,0.05850585177540779,0.038426533341407776
YNL002C,YDR538W,0,4.440923,0.14573991298675537,0.05850585177540779,0.038527656346559525
YBR126C,YLR084C,0,4.439844,0.14541387557983398,0.05850585177540779,0.03862877935171127
YPL211W,YJL210W,0,4.439773,0.1450892835855484,0.05850585177540779,0.03872990235686302
YLR210W,YMR271C,0,4.438172,0.14476615190505981,0.05850585177540779,0.03883102536201477
YDR198C,YGL175C,0,4.437677,0.14444445073604584,0.05850585177540779,0.03893214836716652
YOL146W,YMR154C,0,4.43697,0.14412416517734528,0.05850585177540779,0.03903326764702797
YNL250W,YLR175W,1,4.436335,0.14601770043373108,0.059405941516160965,0.03903326764702797
YPR183W,YOR010C,0,4.43394,0.14569535851478577,0.059405941516160965,0.03913439065217972
YLR410W,YGL086W,0,4.4288144,0.14537444710731506,0.059405941516160965,0.03923551365733147
YDR488C,YLR341W,0,4.4278455,0.14505495131015778,0.059405941516160965,0.039336636662483215
YJL194W,YGL183C,1,4.4267077,0.14692983031272888,0.06030603125691414,0.039336636662483215
YNL002C,YPL055C,0,4.4264083,0.14660830795764923,0.06030603125691414,0.039437759667634964
YNL102W,YML045W,1,4.425855,0.14847160875797272,0.06120612099766731,0.039437759667634964
YOR191W,YDR501W,1,4.425581,0.15032680332660675,0.062106210738420486,0.039437759667634964
YDL042C,YNL009W,0,4.425454,0.15000000596046448,0.062106210738420486,0.03953888267278671
YLR166C,YJL051W,0,4.424978,0.14967462420463562,0.062106210738420486,0.03964000567793846
YGR059W,YBR135W,0,4.4239025,0.14935064315795898,0.062106210738420486,0.03974112495779991
YIL066C,YPL170W,0,4.4232435,0.14902807772159576,0.062106210738420486,0.03984224796295166
YBL005W-A,YPL008W,0,4.4221573,0.14870689809322357,0.062106210738420486,0.03994337096810341
YLR071C,YLL005C,0,4.421906,0.1483870893716812,0.062106210738420486,0.04004449397325516
YJR161C,YIL122W,0,4.4212084,0.14806866645812988,0.062106210738420486,0.040145616978406906
YDR480W,YGR092W,0,4.4205375,0.1477515995502472,0.062106210738420486,0.040246739983558655
YLR362W,YGL175C,0,4.4095044,0.14743590354919434,0.062106210738420486,0.0403478629887104
YCR043C,YNR075W,0,4.4089274,0.14712153375148773,0.062106210738420486,0.040448982268571854
YOL044W,YNL113W,0,4.408921,0.14680850505828857,0.062106210738420486,0.0405501052737236
YBL042C,YPR185W,0,4.408741,0.14649681746959686,0.062106210738420486,0.04065122827887535
YLR051C,YNL329C,0,4.4075594,0.1461864411830902,0.062106210738420486,0.0407523512840271
YIR003W,YDL049C,0,4.4075294,0.14587737619876862,0.062106210738420486,0.04085347428917885
YDR338C,YDR489W,0,4.4072547,0.14556962251663208,0.062106210738420486,0.0409545972943306
YLR272C,YOL089C,0,4.4058604,0.1452631652355194,0.062106210738420486,0.041055720299482346
YNL154C,YCR089W,0,4.4052806,0.1449579894542694,0.062106210738420486,0.041156839579343796
YPL128C,YEL071W,0,4.4042125,0.14465409517288208,0.062106210738420486,0.041257962584495544
YBR293W,YOR255W,0,4.40351,0.14435146749019623,0.062106210738420486,0.04135908558964729
YIL091C,YFL016C,0,4.4011855,0.14405010640621185,0.062106210738420486,0.04146020859479904
YLR081W,YDL156W,0,4.400201,0.14374999701976776,0.062106210738420486,0.04156133159995079
YNL088W,YPL181W,0,4.399716,0.14345113933086395,0.062106210738420486,0.04166245460510254
YLR274W,YBR021W,0,4.399664,0.14315353333950043,0.062106210738420486,0.04176357388496399
YPR151C,YER011W,0,4.399598,0.1428571492433548,0.062106210738420486,0.04186469689011574
YMR283C,YHR102W,0,4.396522,0.14256198704242706,0.062106210738420486,0.04196581989526749
YMR068W,YPL012W,0,4.395152,0.14226804673671722,0.062106210738420486,0.042066942900419235
YLR423C,YDR206W,0,4.3947773,0.1419753134250641,0.062106210738420486,0.042168065905570984
YML064C,YLR453C,0,4.390051,0.14168377220630646,0.062106210738420486,0.04226918891072273
YLR451W,YER169W,1,4.3900504,0.14344261586666107,0.06300630420446396,0.04226918891072273
YML130C,YMR305C,0,4.3871126,0.14314928650856018,0.06300630420446396,0.04237031191587448
YDL042C,YGR013W,0,4.386982,0.1428571492433548,0.06300630420446396,0.04247143119573593
YOR208W,YBR084C-A,0,4.385618,0.14256618916988373,0.06300630420446396,0.04257255420088768
YLR297W,YML046W,0,4.385082,0.14227642118930817,0.06300630420446396,0.04267367720603943
YPR033C,YGL175C,0,4.384736,0.14198783040046692,0.06300630420446396,0.04277480021119118
YBR088C,YLR089C,0,4.3845167,0.1417004019021988,0.06300630420446396,0.042875923216342926
YMR278W,YPL108W,0,4.38425,0.14141413569450378,0.06300630420446396,0.042977046221494675
YGR109C,YMR271C,0,4.3822246,0.1411290317773819,0.06300630420446396,0.04307816922664642
YCL033C,YGL145W,0,4.38154,0.14084507524967194,0.06300630420446396,0.043179288506507874
YFL052W,YGL047W,0,4.3810134,0.1405622512102127,0.06300630420446396,0.04328041151165962
YNL088W,YDR501W,1,4.380325,0.1422845721244812,0.06390639394521713,0.04328041151165962
YML099C,YGL043W,1,4.379988,0.14399999380111694,0.0648064836859703,0.04328041151165962
YOR214C,YPR022C,0,4.379947,0.14371258020401,0.0648064836859703,0.04338153451681137
YLR423C,YNL035C,0,4.3791595,0.1434262990951538,0.0648064836859703,0.04348265752196312
YIL158W,YGR278W,0,4.378849,0.14314115047454834,0.0648064836859703,0.04358378052711487
YDR519W,YGR198W,0,4.3774095,0.1428571492433548,0.0648064836859703,0.04368490353226662
YMR072W,YPL049C,1,4.3773484,0.14455445110797882,0.06570657342672348,0.04368490353226662
YNL222W,YDR141C,0,4.376641,0.14426878094673157,0.06570657342672348,0.043786026537418365
YLR320W,YJL092W,0,4.375638,0.14398421347141266,0.06570657342672348,0.043887145817279816
YMR024W,YCR083W,0,4.3756075,0.14370079338550568,0.06570657342672348,0.043988268822431564
YNR063W,YJR127C,1,4.374695,0.1453831046819687,0.06660666316747665,0.043988268822431564
YLR240W,YHR121W,0,4.3746324,0.14509804546833038,0.06660666316747665,0.04408939182758331
YPR164W,YPR056W,0,4.373376,0.14481408894062042,0.06660666316747665,0.04419051483273506
YJR095W,YDL052C,0,4.3727612,0.14453125,0.06660666316747665,0.04429163783788681
YJR137C,YOR214C,0,4.3718243,0.14424951374530792,0.06660666316747665,0.04439276084303856
YPR151C,YPL069C,0,4.371661,0.143968865275383,0.06660666316747665,0.04449388384819031
YGR049W,YBR088C,0,4.368812,0.1436893194913864,0.06660666316747665,0.04459500312805176
YLL039C,YBR021W,0,4.367627,0.1434108465909958,0.06660666316747665,0.044696126133203506
YBL005W,YLR182W,1,4.365039,0.14506769180297852,0.06750675290822983,0.044696126133203506
YKL163W,YDR324C,0,4.364996,0.14478763937950134,0.06750675290822983,0.044797249138355255
YMR283C,YDL044C,0,4.3634205,0.14450867474079132,0.06750675290822983,0.044898372143507004
YER141W,YBR239C,0,4.3632827,0.14423076808452606,0.06750675290822983,0.04499949514865875
YOL017W,YGR280C,0,4.3623266,0.14395393431186676,0.06750675290822983,0.0451006181538105
YNL014W,YMR058W,0,4.3620405,0.14367815852165222,0.06750675290822983,0.04520174115896225
YPL032C,YNL279W,0,4.3609757,0.14340344071388245,0.06750675290822983,0.0453028604388237
YCL019W,YPL162C,0,4.360742,0.14312976598739624,0.06750675290822983,0.04540398344397545
YBR298C,YGL086W,0,4.3603244,0.1428571492433548,0.06750675290822983,0.0455051064491272
YDR171W,YNL030W,0,4.358387,0.14258554577827454,0.06750675290822983,0.045606229454278946
YOR115C,YOR371C,0,4.3572793,0.14231498539447784,0.06750675290822983,0.045707352459430695
YOR284W,YGL166W,0,4.356876,0.14204545319080353,0.06750675290822983,0.04580847546458244
YFR046C,YBR135W,0,4.3564296,0.1417769342660904,0.06750675290822983,0.04590959474444389
YER118C,YLR210W,0,4.35536,0.14150942862033844,0.06750675290822983,0.04601071774959564
YJR129C,YNL229C,0,4.3539476,0.14124293625354767,0.06750675290822983,0.04611184075474739
YGL125W,YNL035C,0,4.3537617,0.14097744226455688,0.06750675290822983,0.04621296375989914
YJL209W,YDR480W,0,4.3533735,0.1407129466533661,0.06750675290822983,0.04631408676505089
YGR195W,YDR255C,0,4.3524,0.1404494345188141,0.06750675290822983,0.04641520977020264
YHR216W,YMR190C,0,4.350906,0.14018692076206207,0.06750675290822983,0.046516332775354385
YGL023C,YBL018C,0,4.349614,0.13992537558078766,0.06750675290822983,0.046617452055215836
YLR272C,YGL254W,0,4.3495235,0.13966479897499084,0.06750675290822983,0.046718575060367584
YMR167W,YKR025W,0,4.3491764,0.13940520584583282,0.06750675290822983,0.04681969806551933
YDL156W,YFL003C,0,4.3488183,0.1391465663909912,0.06750675290822983,0.04692082107067108
YGL208W,YBR079C,0,4.3480124,0.1388888955116272,0.06750675290822983,0.04702194407582283
YLR336C,YNL093W,0,4.3478146,0.1386321634054184,0.06750675290822983,0.04712306708097458
YMR197C,YAR066W,0,4.347343,0.138376384973526,0.06750675290822983,0.04722419008612633
YGR231C,YJR144W,0,4.3467135,0.13812154531478882,0.06750675290822983,0.04732530936598778
YHL022C,YGL008C,0,4.346336,0.13786764442920685,0.06750675290822983,0.047426432371139526
YML022W,YKL065C,0,4.346113,0.1376146823167801,0.06750675290822983,0.047527555376291275
YPL211W,YCR083W,0,4.3458247,0.13736264407634735,0.06750675290822983,0.047628678381443024
YDR141C,YJR144W,0,4.344687,0.13711151480674744,0.06750675290822983,0.04772980138659477
YKL071W,YHR200W,0,4.3445263,0.13686130940914154,0.06750675290822983,0.04783092439174652
YHR141C,YCL040W,0,4.3439817,0.13661202788352966,0.06750675290822983,0.04793204739689827
YOL006C,YHR084W,1,4.3438067,0.13818182051181793,0.068406842648983,0.04793204739689827
YNL002C,YBR229C,0,4.343011,0.13793103396892548,0.068406842648983,0.04803316667675972
YML093W,YPR121W,0,4.3423257,0.13768115639686584,0.068406842648983,0.04813428968191147
YPL124W,YLR319C,0,4.3413615,0.13743218779563904,0.068406842648983,0.04823541268706322
YIR033W,YLR226W,0,4.3410745,0.13718411326408386,0.068406842648983,0.048336535692214966
YKL091C,YHR045W,0,4.3406014,0.13693693280220032,0.068406842648983,0.048437658697366714
YPR107C,YNL254C,0,4.340437,0.1366906464099884,0.068406842648983,0.04853878170251846
YDR294C,YNL047C,0,4.3398595,0.13644523918628693,0.068406842648983,0.04863990470767021
YLR410W,YAL055W,0,4.3387175,0.1362007111310959,0.068406842648983,0.04874102398753166
YOL017W,YER124C,0,4.3384867,0.13595706224441528,0.068406842648983,0.04884214699268341
YOR115C,YOR328W,0,4.33831,0.13571429252624512,0.068406842648983,0.04894326999783516
YER016W,YDR163W,0,4.3371463,0.135472372174263,0.068406842648983,0.04904439300298691
YPL075W,YPL082C,1,4.3355217,0.13701067864894867,0.06930693238973618,0.04904439300298691
YPL236C,YBR265W,0,4.335455,0.13676731288433075,0.06930693238973618,0.04914551600813866
YIL158W,YPL088W,0,4.335326,0.13652482628822327,0.06930693238973618,0.049246639013290405
YBL103C,YDR485C,1,4.3351164,0.13805310428142548,0.07020702213048935,0.049246639013290405
YJR043C,YBR229C,0,4.33508,0.13780918717384338,0.07020702213048935,0.049347758293151855
YDR311W,YPL283C,0,4.333625,0.13756613433361053,0.07020702213048935,0.049448881298303604
YDR485C,YOL034W,0,4.3329573,0.13732394576072693,0.07020702213048935,0.04955000430345535
YNL071W,YML022W,0,4.3317204,0.13708260655403137,0.07020702213048935,0.0496511273086071
YGR090W,YIL122W,0,4.331544,0.13684210181236267,0.07020702213048935,0.04975225031375885
YBR228W,YNL312W,0,4.330002,0.13660244643688202,0.07020702213048935,0.0498533733189106
YOR284W,YML093W,0,4.329772,0.13636364042758942,0.07020702213048935,0.04995449632406235
YCR014C,YCR033W,1,4.32765,0.13787084817886353,0.07110711187124252,0.04995449632406235
YML126C,YPR164W,0,4.327571,0.1376306563615799,0.07110711187124252,0.0500556156039238
YKL221W,YFL002C,0,4.3272805,0.13739129900932312,0.07110711187124252,0.050156738609075546
YGL134W,YPL128C,0,4.326659,0.1371527761220932,0.07110711187124252,0.050257861614227295
YKL086W,YOL089C,1,4.3265395,0.13864818215370178,0.0720072016119957,0.050257861614227295
YBR098W,YCR089W,0,4.3248997,0.13840830326080322,0.0720072016119957,0.050358984619379044
YJL099W,YNL225C,0,4.32477,0.13816925883293152,0.0720072016119957,0.05046010762453079
YIL103W,YAL061W,0,4.3246984,0.13793103396892548,0.0720072016119957,0.05056123062968254
YDR182W,YDL174C,0,4.323829,0.1376936286687851,0.0720072016119957,0.05066235363483429
YOL017W,YCR033W,0,4.323672,0.13745704293251038,0.0720072016119957,0.05076347291469574
YDR225W,YIR013C,1,4.3236346,0.13893653452396393,0.07290729135274887,0.05076347291469574
YOR073W,YGR065C,0,4.323557,0.13869863748550415,0.07290729135274887,0.05086459591984749
YDR163W,YGL077C,0,4.3233304,0.13846154510974884,0.07290729135274887,0.05096571892499924
YPR018W,YGL133W,0,4.3231544,0.138225257396698,0.07290729135274887,0.051066841930150986
YPL217C,YBL019W,0,4.3213634,0.13798977434635162,0.07290729135274887,0.051167964935302734
YLR166C,YBR021W,0,4.320809,0.13775509595870972,0.07290729135274887,0.05126908794045448
YBR056W,YDL156W,0,4.3206816,0.13752122223377228,0.07290729135274887,0.05137021094560623
YBR088C,YMR134W,0,4.31995,0.1372881382703781,0.07290729135274887,0.05147133022546768
YER119C,YPL029W,0,4.3186307,0.13705584406852722,0.07290729135274887,0.05157245323061943
YDR314C,YPL249C-A,0,4.3170376,0.1368243247270584,0.07290729135274887,0.05167357623577118
YCR034W,YLR119W,0,4.315762,0.13659359514713287,0.07290729135274887,0.05177469924092293
YIR003W,YLR405W,0,4.3141565,0.13636364042758942,0.07290729135274887,0.051875822246074677
YHR112C,YML022W,0,4.3136983,0.13613446056842804,0.07290729135274887,0.051976945251226425
YBR103W,YJL100W,0,4.313295,0.13590604066848755,0.07290729135274887,0.052078068256378174
YML126C,YIR013C,0,4.312579,0.13567839562892914,0.07290729135274887,0.052179187536239624
YFR028C,YCR083W,0,4.3122826,0.1354515105485916,0.07290729135274887,0.05228031054139137
YPL212C,YDL049C,0,4.3121324,0.13522537052631378,0.07290729135274887,0.05238143354654312
YOL103W-B,YMR045C,1,4.311227,0.1366666704416275,0.07380738109350204,0.05238143354654312
YNR056C,YLR275W,0,4.31122,0.1364392638206482,0.07380738109350204,0.05248255655169487
YLR272C,YGL207W,0,4.3099413,0.13621261715888977,0.07380738109350204,0.05258367955684662
YMR190C,YLR341W,0,4.309479,0.13598673045635223,0.07380738109350204,0.05268480256199837
YMR189W,YBL009W,0,4.309287,0.1357615888118744,0.07380738109350204,0.052785925567150116
YLR222C,YBR204C,0,4.3076696,0.13553719222545624,0.07380738109350204,0.052887044847011566
YNL082W,YPR107C,0,4.3069077,0.13531352579593658,0.07380738109350204,0.052988167852163315
YDR097C,YFL031W,1,4.3064265,0.13673806190490723,0.07470747083425522,0.052988167852163315
YBR290W,YLR453C,0,4.3062057,0.13651315867900848,0.07470747083425522,0.053089290857315063
YPL038W,YMR100W,1,4.3058295,0.13793103396892548,0.07560756057500839,0.053089290857315063
YFL034C-B,YHR032W,0,4.305778,0.13770492374897003,0.07560756057500839,0.05319041386246681
YPL256C,YCL019W,0,4.305667,0.13747954368591309,0.07560756057500839,0.05329153686761856
YDL232W,YOL091W,0,4.305558,0.13725490868091583,0.07560756057500839,0.05339265987277031
YKR092C,YPR185W,0,4.3054895,0.13703098893165588,0.07560756057500839,0.05349377915263176
YFL008W,YDL154W,1,4.3054347,0.1384364813566208,0.07650765031576157,0.05349377915263176
YCR073C,YOR033C,0,4.3051233,0.13821138441562653,0.07650765031576157,0.05359490215778351
YMR176W,YAR009C,1,4.304756,0.1396103948354721,0.07740774005651474,0.05359490215778351
YMR288W,YOL091W,0,4.304491,0.13938412070274353,0.07740774005651474,0.05369602516293526
YDR043C,YGL079W,0,4.303597,0.13915857672691345,0.07740774005651474,0.053797148168087006
YCR069W,YHR152W,0,4.3022723,0.13893376290798187,0.07740774005651474,0.053898271173238754
YBL084C,YPL055C,0,4.3013477,0.1387096792459488,0.07740774005651474,0.0539993941783905
YER045C,YLR103C,1,4.3006783,0.14009661972522736,0.07830782979726791,0.0539993941783905
YKL091C,YDR354W,0,4.299641,0.13987138867378235,0.07830782979726791,0.05410051718354225
YKL176C,YPR056W,0,4.298775,0.13964687287807465,0.07830782979726791,0.0542016364634037
YDR227W,YDL020C,1,4.2985206,0.14102564752101898,0.07920791953802109,0.0542016364634037
YAR050W,YNR051C,0,4.296486,0.14079999923706055,0.07920791953802109,0.05430275946855545
YOR210W,YGR067C,1,4.2961364,0.14217253029346466,0.08010800927877426,0.05430275946855545
YBR265W,YOR141C,0,4.294084,0.14194577932357788,0.08010800927877426,0.0544038824737072
YGR249W,YNL148C,0,4.2918725,0.1417197436094284,0.08010800927877426,0.05450500547885895
YJR095W,YFR028C,0,4.2899895,0.14149443805217743,0.08010800927877426,0.054606128484010696
YPR140W,YLR022C,0,4.289668,0.14126984775066376,0.08010800927877426,0.054707251489162445
YOR368W,YMR094W,1,4.2892747,0.14263074100017548,0.08100809901952744,0.054707251489162445
YDR221W,YLL036C,0,4.2887864,0.14240506291389465,0.08100809901952744,0.054808374494314194
YCR073C,YIL168W,0,4.288526,0.14218010008335114,0.08100809901952744,0.054909493774175644
YNL299W,YGR163W,0,4.2883162,0.14195583760738373,0.08100809901952744,0.05501061677932739
YDL155W,YNR075W,0,4.28818,0.14173229038715363,0.08100809901952744,0.05511173978447914
YGL055W,YLR341W,0,4.2878695,0.14150942862033844,0.08100809901952744,0.05521286278963089
YHR062C,YEL004W,0,4.287819,0.14128728210926056,0.08100809901952744,0.05531398579478264
YCR066W,YBL009W,0,4.287248,0.1410658359527588,0.08100809901952744,0.05541510879993439
YOR341W,YMR270C,1,4.286361,0.142410010099411,0.08190818876028061,0.05541510879993439
YDR143C,YBL019W,0,4.285565,0.14218750596046448,0.08190818876028061,0.055516231805086136
YLR272C,YGL065C,0,4.284992,0.14196567237377167,0.08190818876028061,0.055617351084947586
YLR431C,YMR260C,0,4.283699,0.14174455404281616,0.08190818876028061,0.055718474090099335
YOR284W,YLR210W,0,4.283076,0.14152410626411438,0.08190818876028061,0.05581959709525108
YMR106C,YGL175C,1,4.2826357,0.1428571492433548,0.08280827850103378,0.05581959709525108
YHL009C,YLR003C,0,4.2819552,0.14263565838336945,0.08280827850103378,0.05592072010040283
YML118W,YGR140W,0,4.280848,0.1424148678779602,0.08280827850103378,0.05602184310555458
YDR446W,YBR236C,0,4.2804494,0.1421947479248047,0.08280827850103378,0.05612296611070633
YKL032C,YNR003C,1,4.279423,0.14351852238178253,0.08370836824178696,0.05612296611070633
YLR318W,YMR241W,1,4.2793636,0.14483821392059326,0.08460845798254013,0.05612296611070633
YDR346C,YGR087C,0,4.279316,0.14461538195610046,0.08460845798254013,0.05622408911585808
YGL131C,YDR307W,0,4.278799,0.14439323544502258,0.08460845798254013,0.05632520839571953
YGL166W,YDR288W,1,4.2780933,0.14570552110671997,0.0855085477232933,0.05632520839571953
YPR101W,YER169W,0,4.2756686,0.1454823911190033,0.0855085477232933,0.05642633140087128
YER069W,YPL249C-A,0,4.274734,0.14525993168354034,0.0855085477232933,0.056527454406023026
YMR266W,YGR109C,0,4.274036,0.1450381726026535,0.0855085477232933,0.056628577411174774
YNL151C,YDR253C,1,4.27402,0.1463414579629898,0.08640863746404648,0.056628577411174774
YHR032W,YMR251W-A,0,4.2705593,0.14611871540546417,0.08640863746404648,0.05672970041632652
YLR051C,YFL003C,0,4.269761,0.14589665830135345,0.08640863746404648,0.05683082342147827
YMR068W,YOR153W,0,4.2692413,0.14567527174949646,0.08640863746404648,0.05693194642663002
YCR069W,YIR010W,0,4.269055,0.145454540848732,0.08640863746404648,0.05703306570649147
YIL158W,YKL157W,0,4.268554,0.14523449540138245,0.08640863746404648,0.05713418871164322
YLR240W,YDR331W,0,4.268396,0.14501510560512543,0.08640863746404648,0.05723531171679497
YCR023C,YLR308W,0,4.2682476,0.14479638636112213,0.08640863746404648,0.057336434721946716
YIR013C,YIL150C,1,4.2678857,0.14608433842658997,0.08730872720479965,0.057336434721946716
YLR205C,YDR186C,0,4.2671514,0.14586466550827026,0.08730872720479965,0.057437557727098465
YGR275W,YLR205C,0,4.265784,0.1456456482410431,0.08730872720479965,0.057538680732250214
YNR054C,YLR225C,0,4.2655993,0.14542728662490845,0.08730872720479965,0.057639800012111664
YOR033C,YLR084C,0,4.2651505,0.14520958065986633,0.08730872720479965,0.05774092301726341
YDR097C,YGL145W,0,4.264861,0.14499253034591675,0.08730872720479965,0.05784204602241516
YPL242C,YGR067C,0,4.264774,0.1447761207818985,0.08730872720479965,0.05794316902756691
YNL083W,YHR143W-A,0,4.2646194,0.14456035196781158,0.08730872720479965,0.05804429203271866
YNL009W,YHR084W,0,4.264084,0.1443452388048172,0.08730872720479965,0.05814541503787041
YKL176C,YGR087C,0,4.2626305,0.14413075149059296,0.08730872720479965,0.058246538043022156
YBR293W,YML025C,0,4.2625175,0.14391691982746124,0.08730872720479965,0.058347657322883606
YDR485C,YPL086C,0,4.2621665,0.14370369911193848,0.08730872720479965,0.058448780328035355
YKL127W,YBR227C,0,4.2619796,0.14349111914634705,0.08730872720479965,0.0585499033331871
YNL321W,YPL086C,0,4.2616563,0.14327917993068695,0.08730872720479965,0.05865102633833885
YHR112C,YHL033C,0,4.261377,0.1430678516626358,0.08730872720479965,0.0587521493434906
YJL051W,YFL053W,0,4.2610826,0.1428571492433548,0.08730872720479965,0.05885327234864235
YMR011W,YOR030W,0,4.260862,0.14264705777168274,0.08730872720479965,0.0589543953537941
YIR035C,YER172C,0,4.2606215,0.14243759214878082,0.08730872720479965,0.05905551463365555
YAR066W,YBL027W,0,4.2604613,0.14222873747348785,0.08730872720479965,0.0591566376388073
YLR336C,YMR197C,0,4.259524,0.14202049374580383,0.08730872720479965,0.059257760643959045
YFL053W,YNL252C,0,4.2579527,0.14181286096572876,0.08730872720479965,0.059358883649110794
YPL242C,YGR041W,0,4.2563276,0.14160583913326263,0.08730872720479965,0.05946000665426254
YKR098C,YHL033C,0,4.2550616,0.14139941334724426,0.08730872720479965,0.05956112965941429
YIL063C,YMR216C,0,4.254072,0.14119359850883484,0.08730872720479965,0.05966225266456604
YBR171W,YJR002W,0,4.2539525,0.14098836481571198,0.08730872720479965,0.05976337194442749
YPR023C,YGR195W,0,4.2534966,0.14078374207019806,0.08730872720479965,0.05986449494957924
YLR077W,YLR424W,0,4.2531033,0.1405797153711319,0.08730872720479965,0.05996561795473099
YER144C,YPL016W,0,4.25301,0.1403762698173523,0.08730872720479965,0.060066740959882736
YHR134W,YBR154C,0,4.251859,0.14017340540885925,0.08730872720479965,0.060167863965034485
YPL153C,YGL131C,1,4.2515917,0.14141413569450378,0.08820882439613342,0.060167863965034485
YBR021W,YLR368W,0,4.2504263,0.1412103772163391,0.08820882439613342,0.060268986970186234
YKL049C,YFL055W,0,4.2502584,0.141007199883461,0.08820882439613342,0.06037010997533798
YLR272C,YDR099W,0,4.2493,0.14080460369586945,0.08820882439613342,0.06047122925519943
YDR016C,YGL166W,0,4.248737,0.14060258865356445,0.08820882439613342,0.06057235226035118
YMR167W,YDL056W,1,4.247905,0.1418338119983673,0.0891089141368866,0.06057235226035118
YNL002C,YDR480W,0,4.2475533,0.14163090288639069,0.0891089141368866,0.06067347526550293
YKL113C,YOR010C,0,4.2471957,0.14142857491970062,0.0891089141368866,0.06077459827065468
YPL088W,YOR312C,0,4.2460446,0.14122681319713593,0.0891089141368866,0.06087572127580643
YMR019W,YGL131C,1,4.2454076,0.14245013892650604,0.09000900387763977,0.06087572127580643
YNL148C,YDR208W,0,4.244324,0.1422475129365921,0.09000900387763977,0.060976844280958176
YGR275W,YMR277W,0,4.2408395,0.14204545319080353,0.09000900387763977,0.061077963560819626
YOL034W,YBR110W,0,4.240424,0.1418439745903015,0.09000900387763977,0.061179086565971375
YBR126C,YPL242C,0,4.2403946,0.14164306223392487,0.09000900387763977,0.06128020957112312
YIR022W,YPL266W,0,4.2394195,0.14144271612167358,0.09000900387763977,0.06138133257627487
YNL209W,YJL036W,0,4.2391915,0.14124293625354767,0.09000900387763977,0.06148245558142662
YGL020C,YER035W,0,4.238607,0.14104372262954712,0.09000900387763977,0.06158357858657837
YPL162C,YGL156W,0,4.237706,0.14084507524967194,0.09000900387763977,0.06168470159173012
YPL047W,YOR144C,0,4.2347755,0.14064697921276093,0.09000900387763977,0.06178582087159157
YDR314C,YDR394W,0,4.2345614,0.1404494345188141,0.09000900387763977,0.06188694387674332
YML114C,YBL019W,0,4.232556,0.14025245606899261,0.09000900387763977,0.061988066881895065
YLR144C,YGR096W,0,4.2323527,0.14005602896213531,0.09000900387763977,0.062089189887046814
YKR010C,YMR280C,0,4.2323275,0.139860138297081,0.09000900387763977,0.06219031289219856
YLR013W,YLR081W,0,4.23209,0.13966479897499084,0.09000900387763977,0.06229143589735031
YPR164W,YNL270C,0,4.231747,0.13947001099586487,0.09000900387763977,0.06239255890250206
YOR328W,YPL008W,0,4.2316613,0.13927575945854187,0.09000900387763977,0.06249367818236351
YBR228W,YNL083W,0,4.231207,0.13908205926418304,0.09000900387763977,0.06259480118751526
YOR094W,YOR100C,0,4.2309475,0.1388888955116272,0.09000900387763977,0.0626959279179573
YGL099W,YHL018W,0,4.2302513,0.13869625329971313,0.09000900387763977,0.06279704719781876
YLR128W,YGL201C,0,4.2297325,0.13850416243076324,0.09000900387763977,0.0628981664776802
YMR106C,YCR065W,1,4.2296677,0.13969571888446808,0.09090909361839294,0.0628981664776802
YER183C,YAL061W,0,4.226805,0.13950276374816895,0.09090909361839294,0.06299929320812225
YOR095C,YGR065C,0,4.2266755,0.1393103450536728,0.09090909361839294,0.0631004124879837
YPR164W,YKL167C,0,4.22664,0.13911846280097961,0.09090909361839294,0.06320153921842575
YLL036C,YKR001C,0,4.2264214,0.13892710208892822,0.09090909361839294,0.0633026584982872
YNL009W,YOR064C,0,4.226244,0.13873626291751862,0.09090909361839294,0.06340378522872925
YER039C,YPR065W,0,4.22465,0.138545960187912,0.09090909361839294,0.0635049045085907
YJL050W,YOL060C,0,4.223287,0.13835616409778595,0.09090909361839294,0.06360602378845215
YML126C,YGR065C,0,4.223233,0.1381668895483017,0.09090909361839294,0.0637071505188942
YDR020C,YHR188C,0,4.222812,0.13797813653945923,0.09090909361839294,0.06380826979875565
YGR148C,YHR112C,0,4.2215734,0.13778990507125854,0.09090909361839294,0.06390939652919769
YBL067C,YGL047W,0,4.2201195,0.13760218024253845,0.09090909361839294,0.06401051580905914
YHL007C,YCL020W,0,4.2187448,0.13741496205329895,0.09090909361839294,0.06411164253950119
YFL050C,YCL011C,0,4.2183805,0.13722826540470123,0.09090909361839294,0.06421276181936264
YDR001C,YIR010W,0,4.217889,0.1370420604944229,0.09090909361839294,0.06431388109922409
YBR290W,YBR083W,0,4.217566,0.13685636222362518,0.09090909361839294,0.06441500782966614
YHR007C,YNL139C,0,4.2175527,0.13667117059230804,0.09090909361839294,0.06451612710952759
YPL227C,YOR173W,0,4.2173166,0.1364864856004715,0.09090909361839294,0.06461725383996964
YLR210W,YIL010W,0,4.216996,0.13630229234695435,0.09090909361839294,0.06471837311983109
YER039C,YHR143W-A,0,4.2169485,0.13611860573291779,0.09090909361839294,0.06481949985027313
YLR081W,YGR261C,0,4.2165937,0.13593539595603943,0.09090909361839294,0.06492061913013458
YKR022C,YML072C,0,4.2163086,0.13575269281864166,0.09090909361839294,0.06502173840999603
YKL163W,YDR180W,0,4.216276,0.1355704665184021,0.09090909361839294,0.06512286514043808
YML113W,YOL012C,1,4.2156734,0.13672922551631927,0.09180918335914612,0.06512286514043808
YDL168W,YPR112C,0,4.2150664,0.13654617965221405,0.09180918335914612,0.06522398442029953
YPL211W,YGR166W,0,4.2143655,0.13636364042758942,0.09180918335914612,0.06532511115074158
YCR027C,YER016W,0,4.213729,0.13618157804012299,0.09180918335914612,0.06542623043060303
YDR104C,YNL154C,0,4.2119427,0.13600000739097595,0.09180918335914612,0.06552735716104507
YOL039W,YDL214C,0,4.2117734,0.13581891357898712,0.09180918335914612,0.06562847644090652
YFR028C,YKL222C,0,4.211547,0.1356382966041565,0.09180918335914612,0.06572959572076797
YDR316W-B,YFL002W-A,1,4.2112756,0.13678619265556335,0.09270927309989929,0.06572959572076797
YPR183W,YDR338C,0,4.210555,0.13660477101802826,0.09270927309989929,0.06583072245121002
YPL049C,YAR009C,1,4.2095056,0.1377483457326889,0.09360936284065247,0.06583072245121002
YLR242C,YEL055C,0,4.208738,0.13756613433361053,0.09360936284065247,0.06593184173107147
YER069W,YIL031W,0,4.208081,0.13738441467285156,0.09360936284065247,0.06603296846151352
YDR448W,YOR386W,1,4.2079077,0.1385224312543869,0.09450945258140564,0.06603296846151352
YGL044C,YML058W,0,4.2076354,0.13833992183208466,0.09450945258140564,0.06613408774137497
YDL212W,YER119C,0,4.2062907,0.1381578892469406,0.09450945258140564,0.06623521447181702
YMR011W,YNR056C,0,4.2060156,0.13797634840011597,0.09450945258140564,0.06633633375167847
YAR066W,YIL122W,0,4.205512,0.13779526948928833,0.09450945258140564,0.06643745303153992
YKL096W,YOR360C,0,4.2054653,0.1376146823167801,0.09450945258140564,0.06653857976198196
YLR410W,YER001W,0,4.2049837,0.13743455708026886,0.09450945258140564,0.06663969904184341
YOR017W,YER004W,0,4.2045507,0.13725490868091583,0.09450945258140564,0.06674082577228546
YPR082C,YJL100W,0,4.2031612,0.13707572221755981,0.09450945258140564,0.06684194505214691
YDR522C,YGL234W,0,4.2025933,0.1368969976902008,0.09450945258140564,0.06694306433200836
YGL224C,YOR083W,0,4.2025046,0.13671875,0.09450945258140564,0.06704419106245041
YPR162C,YDR440W,1,4.201585,0.1378413587808609,0.09540954232215881,0.06704419106245041
YFR046C,YLR340W,0,4.201449,0.13766233623027802,0.09540954232215881,0.06714531034231186
YLL005C,YOR198C,0,4.201329,0.13748379051685333,0.09540954232215881,0.0672464370727539
YCL040W,YGR140W,0,4.201011,0.13730570673942566,0.09540954232215881,0.06734755635261536
YPR183W,YOR295W,0,4.200756,0.1371280699968338,0.09540954232215881,0.0674486830830574
YLR051C,YLR133W,0,4.200552,0.13695091009140015,0.09540954232215881,0.06754980236291885
YNL003C,YOR073W,0,4.1991563,0.1367741972208023,0.09540954232215881,0.0676509216427803
YBR235W,YML075C,0,4.197923,0.13659793138504028,0.09540954232215881,0.06775204837322235
YBR132C,YDR382W,0,4.1978574,0.13642214238643646,0.09540954232215881,0.0678531676530838
YOR188W,YJL020C,0,4.197783,0.13624678552150726,0.09540954232215881,0.06795429438352585
YCL030C,YLR210W,0,4.1942754,0.13607189059257507,0.09540954232215881,0.0680554136633873
YPL167C,YDR225W,1,4.194146,0.13717949390411377,0.09630963206291199,0.0680554136633873
YDR097C,YPL005W,0,4.1937,0.1370038390159607,0.09630963206291199,0.06815654039382935
YKL220C,YKR001C,0,4.1931067,0.13682864606380463,0.09630963206291199,0.0682576596736908
YDR016C,YER054C,0,4.1930566,0.13665390014648438,0.09630963206291199,0.06835877895355225
YNL071W,YNL327W,0,4.192943,0.13647958636283875,0.09630963206291199,0.0684599056839943
YCR068W,YML001W,0,4.1926155,0.13630573451519012,0.09630963206291199,0.06856102496385574
YBL042C,YNL071W,0,4.192407,0.13613231480121613,0.09630963206291199,0.06866215169429779
YGL208W,YJL104W,0,4.192322,0.13595934212207794,0.09630963206291199,0.06876327097415924
YBR088C,YGL145W,0,4.1920934,0.13578680157661438,0.09630963206291199,0.06886439770460129
YAL005C,YDR020C,0,4.1907535,0.13561470806598663,0.09630963206291199,0.06896551698446274
YIL091C,YLR174W,0,4.1905456,0.13544303178787231,0.09630963206291199,0.06906663626432419
YDR180W,YKL157W,0,4.189955,0.1352718025445938,0.09630963206291199,0.06916776299476624
YPL256C,YFL062W,0,4.189918,0.13510100543498993,0.09630963206291199,0.06926888227462769
YML015C,YMR168C,1,4.1895556,0.13619168102741241,0.09720972180366516,0.06926888227462769
YNL125C,YBR244W,0,4.187514,0.13602015376091003,0.09720972180366516,0.06937000900506973
YDR119W,YHR166C,0,4.1865406,0.13584905862808228,0.09720972180366516,0.06947112828493118
YPL088W,YPL029W,0,4.1864333,0.13567839562892914,0.09720972180366516,0.06957225501537323
YPL256C,YPL057C,0,4.183786,0.13550814986228943,0.09720972180366516,0.06967337429523468
YLR393W,YDR155C,0,4.1820025,0.13533835113048553,0.09720972180366516,0.06977449357509613
YPR151C,YGL011C,0,4.1815143,0.13516895473003387,0.09720972180366516,0.06987562030553818
YBR210W,YML123C,0,4.1814938,0.13500000536441803,0.09720972180366516,0.06997673958539963
YLR174W,YIR013C,0,4.179633,0.13483145833015442,0.09720972180366516,0.07007786631584167
YER159C,YDR392W,1,4.178974,0.13591022789478302,0.09810981154441833,0.07007786631584167
YNL222W,YIL010W,0,4.1783237,0.1357409656047821,0.09810981154441833,0.07017898559570312
YCR068W,YGR098C,0,4.177305,0.1355721354484558,0.09810981154441833,0.07028011232614517
YIR003W,YHR050W,0,4.1760187,0.13540372252464294,0.09810981154441833,0.07038123160600662
YOR128C,YHR134W,0,4.174727,0.1352357268333435,0.09810981154441833,0.07048235088586807
YKL220C,YEL003W,0,4.174233,0.1350681483745575,0.09810981154441833,0.07058347761631012
YKL055C,YMR134W,0,4.1740265,0.1349009871482849,0.09810981154441833,0.07068459689617157
YBL018C,YMR280C,0,4.1736736,0.13473424315452576,0.09810981154441833,0.07078572362661362
YOL006C,YKL222C,1,4.1734934,0.1358024626970291,0.09900990128517151,0.07078572362661362
YGR023W,YPL283C,0,4.1727934,0.13563501834869385,0.09900990128517151,0.07088684290647507
YGL201C,YBR201W,0,4.172712,0.13546797633171082,0.09900990128517151,0.07098796963691711
YAL019W,YCR092C,1,4.171644,0.13653136789798737,0.09990999102592468,0.07098796963691711
YPR201W,YMR190C,0,4.1712427,0.13636364042758942,0.09990999102592468,0.07108908891677856
YKL146W,YBR265W,0,4.170903,0.1361963152885437,0.09990999102592468,0.07119020819664001
YDR214W,YBL009W,0,4.1704745,0.1360294073820114,0.09990999102592468,0.07129133492708206
YJL051W,YDR113C,0,4.169915,0.13586291670799255,0.09990999102592468,0.07139245420694351
YML022W,YKL193C,0,4.1697617,0.13569682836532593,0.09990999102592468,0.07149358093738556
YLR406C,YDL214C,0,4.1686296,0.13553114235401154,0.09990999102592468,0.07159470021724701
YNL197C,YJL036W,0,4.166592,0.13536585867404938,0.09990999102592468,0.07169582694768906
YBR098W,YER122C,0,4.1664767,0.13520097732543945,0.09990999102592468,0.0717969462275505
YBL084C,YPL046C,0,4.1661534,0.13503649830818176,0.09990999102592468,0.07189806550741196
YNL035C,YER122C,0,4.1654534,0.1348724216222763,0.09990999102592468,0.071999192237854
YGL250W,YNR075W,0,4.1647964,0.1347087323665619,0.09990999102592468,0.07210031151771545
YMR278W,YBR244W,0,4.1642356,0.1345454603433609,0.09990999102592468,0.0722014382481575
YFL031W,YOR255W,0,4.1631546,0.13438256084918976,0.09990999102592468,0.07230255752801895
YNR063W,YML014W,0,4.162963,0.13422007858753204,0.09990999102592468,0.072403684258461
YGR172C,YOR360C,0,4.1629167,0.13405796885490417,0.09990999102592468,0.07250480353832245
YIR034C,YLR002C,0,4.162209,0.13389626145362854,0.09990999102592468,0.0726059228181839
YBR234C,YFR028C,0,4.162083,0.13373494148254395,0.09990999102592468,0.07270704954862595
YGL035C,YKR101W,1,4.16152,0.13477738201618195,0.10081008076667786,0.07270704954862595
YDR294C,YLR051C,0,4.161388,0.13461539149284363,0.10081008076667786,0.0728081688284874
YJL076W,YDL044C,0,4.1608977,0.13445378839969635,0.10081008076667786,0.07290929555892944
YML014W,YLR119W,0,4.160361,0.1342925727367401,0.10081008076667786,0.0730104148387909
YIR013C,YOR028C,1,4.1600394,0.13532933592796326,0.10171017050743103,0.0730104148387909
YJR043C,YMR197C,0,4.1595373,0.1351674646139145,0.10171017050743103,0.07311154156923294
YPL217C,YNR026C,0,4.1586485,0.13500598073005676,0.10171017050743103,0.07321266084909439
YPL232W,YPL069C,0,4.1584487,0.13484486937522888,0.10171017050743103,0.07331378012895584
YJR014W,YGR207C,0,4.1582613,0.13468414545059204,0.10171017050743103,0.07341490685939789
YJL204C,YGR087C,0,4.158151,0.13452380895614624,0.10171017050743103,0.07351602613925934
YOR208W,YHR196W,0,4.1574426,0.13436385989189148,0.10171017050743103,0.07361715286970139
YLR442C,YOL089C,1,4.155961,0.13539192080497742,0.1026102602481842,0.07361715286970139
YHL027W,YNL216W,1,4.155842,0.13641755282878876,0.10351034998893738,0.07361715286970139
YMR263W,YBL097W,0,4.1555924,0.1362559199333191,0.10351034998893738,0.07371827214956284
YML001W,YNR075W,0,4.1543202,0.13609467446804047,0.10351034998893738,0.07381939888000488
YBL067C,YNL099C,0,4.15407,0.1359338015317917,0.10351034998893738,0.07392051815986633
YPR018W,YLR424W,0,4.153586,0.13577331602573395,0.10351034998893738,0.07402163743972778
YOR336W,YLR003C,0,4.1533833,0.13561320304870605,0.10351034998893738,0.07412276417016983
YGL250W,YCL019W,0,4.1533494,0.1354534775018692,0.10351034998893738,0.07422388345003128
YHR045W,YMR067C,0,4.152834,0.1352941244840622,0.10351034998893738,0.07432501018047333
YMR288W,YKL071W,0,4.152734,0.13513512909412384,0.10351034998893738,0.07442612946033478
YOR144C,YBR004C,0,4.152045,0.13497652113437653,0.10351034998893738,0.07452725619077682
YGL131C,YGR092W,0,4.151545,0.13481828570365906,0.10351034998893738,0.07462837547063828
YPL283C,YOR214C,0,4.1514506,0.13466042280197144,0.10351034998893738,0.07472949475049973
YOR371C,YOR336W,0,4.151433,0.13450291752815247,0.10351034998893738,0.07483062148094177
YLR064W,YGL166W,0,4.150559,0.13434579968452454,0.10351034998893738,0.07493174076080322
YCL026C-A,YML072C,0,4.150371,0.13418902456760406,0.10351034998893738,0.07503286749124527
YDR180W,YOR339C,0,4.15008,0.13403263688087463,0.10351034998893738,0.07513398677110672
YNL125C,YIR008C,0,4.1499553,0.13387660682201385,0.10351034998893738,0.07523510605096817
YER003C,YFL053W,0,4.149766,0.13372093439102173,0.10351034998893738,0.07533623278141022
YHR178W,YML076C,1,4.1494956,0.13472706079483032,0.10441043972969055,0.07533623278141022
YPL086C,YPL270W,0,4.1494584,0.13457076251506805,0.10441043972969055,0.07543735206127167
YNL069C,YMR106C,0,4.149427,0.13441483676433563,0.10441043972969055,0.07553847879171371
YKL176C,YHR166C,0,4.1493073,0.13425925374031067,0.10441043972969055,0.07563959807157516
YIR013C,YBR221C,0,4.148718,0.13410404324531555,0.10441043972969055,0.07574072480201721
YGR038W,YPR121W,0,4.148594,0.1339491903781891,0.10441043972969055,0.07584184408187866
YHR191C,YPL057C,0,4.148368,0.13379469513893127,0.10441043972969055,0.07594296336174011
YPL211W,YPR066W,0,4.147812,0.13364055752754211,0.10441043972969055,0.07604409009218216
YPR164W,YLR222C,0,4.147804,0.1334867626428604,0.10441043972969055,0.07614520937204361
YNL323W,YNL021W,0,4.1460195,0.13333334028720856,0.10441043972969055,0.07624633610248566
YOR210W,YIL010W,0,4.1455045,0.13318024575710297,0.10441043972969055,0.0763474553823471
YMR280C,YLR222C,0,4.1425114,0.13302752375602722,0.10441043972969055,0.07644858211278915
YOR312C,YEL071W,0,4.142446,0.13287514448165894,0.10441043972969055,0.0765497013926506
YBR228W,YGR074W,0,4.142324,0.1327231079339981,0.10441043972969055,0.07665082067251205
YMR283C,YHR016C,0,4.1421876,0.13257142901420593,0.10441043972969055,0.0767519474029541
YPR061C,YJR064W,0,4.142096,0.13242009282112122,0.10441043972969055,0.07685306668281555
YKL020C,YDL102W,1,4.141254,0.13340935111045837,0.10531052947044373,0.07685306668281555
YHR187W,YIL105C,0,4.1411104,0.1332574039697647,0.10531052947044373,0.0769541934132576
YLR225C,YLR210W,0,4.140848,0.1331057995557785,0.10531052947044373,0.07705531269311905
YDL079C,YML026C,0,4.1407485,0.13295455276966095,0.10531052947044373,0.0771564394235611
YMR021C,YCR071C,0,4.1405797,0.13280363380908966,0.10531052947044373,0.07725755870342255
YOR173W,YKL112W,0,4.14032,0.13265305757522583,0.10531052947044373,0.077358677983284
YNR054C,YMR106C,0,4.1402307,0.13250282406806946,0.10531052947044373,0.07745980471372604
YCR027C,YJL074C,0,4.1374764,0.13235294818878174,0.10531052947044373,0.0775609239935875
YDR489W,YPL270W,0,4.1370907,0.1322033852338791,0.10531052947044373,0.07766205072402954
YIR017C,YBL002W,1,4.1370273,0.1331828385591507,0.1062106192111969,0.07766205072402954
YMR067C,YDR480W,0,4.1366897,0.1330326944589615,0.1062106192111969,0.07776317000389099
YNR069C,YEL003W,0,4.136172,0.13288287818431854,0.1062106192111969,0.07786429673433304
YDR213W,YFR037C,1,4.1355486,0.13385826349258423,0.10711070895195007,0.07786429673433304
YNL139C,YML024W,0,4.1352673,0.13370786607265472,0.10711070895195007,0.07796541601419449
YGR247W,YGR013W,0,4.134909,0.13355779647827148,0.10711070895195007,0.07806653529405594
YHL007C,YLR307W,0,4.1344595,0.1334080696105957,0.10711070895195007,0.07816766202449799
YDR214W,YKL112W,0,4.1341023,0.13325868546962738,0.10711070895195007,0.07826878130435944
YLR233C,YGR087C,0,4.1328993,0.13310961425304413,0.10711070895195007,0.07836990803480148
YOR341W,YCR092C,1,4.13057,0.1340782195329666,0.10801079869270325,0.07836990803480148
YHR191C,YGR091W,0,4.130332,0.1339285671710968,0.10801079869270325,0.07847102731466293
YGR071C,YKL062W,1,4.1298943,0.13489408791065216,0.10891088843345642,0.07847102731466293
YJL123C,YFL053W,0,4.1295385,0.13474386930465698,0.10891088843345642,0.07857215404510498
YBR102C,YHR084W,0,4.1287255,0.13459399342536926,0.10891088843345642,0.07867327332496643
YDL212W,YLR133W,0,4.1279697,0.1344444453716278,0.10891088843345642,0.07877439260482788
YLR051C,YGR121C,0,4.1273365,0.13429522514343262,0.10891088843345642,0.07887551933526993
YJR014W,YLR424W,0,4.126927,0.13414634764194489,0.10891088843345642,0.07897663861513138
YNR063W,YNL256W,0,4.1267176,0.13399778306484222,0.10891088843345642,0.07907776534557343
YIL117C,YKL137W,0,4.126499,0.13384956121444702,0.10891088843345642,0.07917888462543488
YGL134W,YIL073C,0,4.1264057,0.1337016522884369,0.10891088843345642,0.07928001135587692
YDR488C,YNL279W,0,4.1263003,0.13355408608913422,0.10891088843345642,0.07938113063573837
YER159C,YBR026C,1,4.125144,0.1345093697309494,0.1098109781742096,0.07938113063573837
YFL062W,YDL014W,0,4.1248336,0.13436123728752136,0.1098109781742096,0.07948224991559982
YEL020C,YKR025W,0,4.1247907,0.1342134177684784,0.1098109781742096,0.07958337664604187
YDR142C,YDR266C,0,4.124484,0.13406594097614288,0.1098109781742096,0.07968449592590332
YML099C,YDR207C,1,4.124081,0.13501647114753723,0.11071106791496277,0.07968449592590332
YNL058C,YDR484W,0,4.121988,0.13486842811107635,0.11071106791496277,0.07978562265634537
YDR324C,YNL003C,0,4.121832,0.13472069799900055,0.11071106791496277,0.07988674193620682
YGR071C,YMR201C,1,4.1216645,0.13566739857196808,0.11161115765571594,0.07988674193620682
YNR032W,YLR341W,0,4.1189327,0.1355191320180893,0.11161115765571594,0.07998786866664886
YPL084W,YDL201W,0,4.118354,0.13537117838859558,0.11161115765571594,0.08008898794651031
YER111C,YDR259C,1,4.1176333,0.13631406426429749,0.11251125484704971,0.08008898794651031
YCR068W,YBR154C,0,4.117625,0.1361655741930008,0.11251125484704971,0.08019010722637177
YNL218W,YML098W,1,4.1171026,0.1371055543422699,0.11341134458780289,0.08019010722637177
YFR046C,YBR239C,0,4.1154785,0.13695652782917023,0.11341134458780289,0.08029123395681381
YMR167W,YOR217W,1,4.1150236,0.13789358735084534,0.11431143432855606,0.08029123395681381
YHL018W,YKL092C,0,4.114959,0.13774403929710388,0.11431143432855606,0.08039235323667526
YER146W,YGL166W,0,4.1148477,0.1375948041677475,0.11431143432855606,0.08049347996711731
YOR032C,YKL086W,1,4.1146154,0.13852813839912415,0.11521152406930923,0.08049347996711731
YAR008W,YPR066W,0,4.1140156,0.13837838172912598,0.11521152406930923,0.08059459924697876
YDL232W,YML007W,0,4.1138,0.13822893798351288,0.11521152406930923,0.0806957259774208
YOR028C,YLL042C,0,4.1134996,0.13807982206344604,0.11521152406930923,0.08079684525728226
YOR038C,YPR135W,1,4.1129584,0.13900862634181976,0.11611161381006241,0.08079684525728226
YPR164W,YKL012W,0,4.112598,0.13885898888111115,0.11611161381006241,0.08089796453714371
YOR371C,YGL125W,0,4.1125755,0.1387096792459488,0.11611161381006241,0.08099909126758575
YLR378C,YOR360C,0,4.1115994,0.1385606825351715,0.11611161381006241,0.0811002105474472
YOR022C,YER094C,0,4.109666,0.1384120136499405,0.11611161381006241,0.08120133727788925
YPR164W,YDL044C,0,4.1081614,0.13826367259025574,0.11611161381006241,0.0813024565577507
YCR097W,YNL087W,0,4.107819,0.13811562955379486,0.11611161381006241,0.08140358328819275
YNR069C,YBL003C,0,4.107236,0.13796791434288025,0.11611161381006241,0.0815047025680542
YER039C,YEL042W,0,4.1071577,0.1378205120563507,0.11611161381006241,0.08160582184791565
YDR314C,YGL245W,0,4.107102,0.13767342269420624,0.11611161381006241,0.0817069485783577
YMR176W,YDL150W,1,4.1044197,0.13859274983406067,0.11701170355081558,0.0817069485783577
YOR113W,YEL032W,1,4.1041794,0.1395101100206375,0.11791179329156876,0.0817069485783577
YJR125C,YNL270C,0,4.1031766,0.13936170935630798,0.11791179329156876,0.08180806785821915
YLR222C,YNL336W,0,4.1029787,0.13921360671520233,0.11791179329156876,0.0819091945886612
YJR129C,YDL214C,0,4.1026998,0.13906581699848175,0.11791179329156876,0.08201031386852264
YNL021W,YKR046C,0,4.1023955,0.13891834020614624,0.11791179329156876,0.08211144059896469
YHR187W,YLR013W,0,4.1008215,0.138771191239357,0.11791179329156876,0.08221255987882614
YMR014W,YJL093C,0,4.100608,0.13862434029579163,0.11791179329156876,0.08231367915868759
YHL002W,YBL067C,0,4.100587,0.13847780227661133,0.11791179329156876,0.08241480588912964
YPL164C,YLR003C,0,4.1004963,0.1383315771818161,0.11791179329156876,0.08251592516899109
YBL103C,YAR007C,1,4.0996914,0.13924050331115723,0.11881188303232193,0.08251592516899109
YBR258C,YLR362W,0,4.09868,0.1390937864780426,0.11881188303232193,0.08261705189943314
YGR091W,YPL046C,0,4.0982094,0.13894736766815186,0.11881188303232193,0.08271817117929459
YPR104C,YMR106C,1,4.0980973,0.13985279202461243,0.1197119727730751,0.08271817117929459
YLR174W,YDR051C,0,4.0979643,0.13970588147640228,0.1197119727730751,0.08281929045915604
YPR181C,YLL005C,0,4.097328,0.1395592838525772,0.1197119727730751,0.08292041718959808
YMR189W,YPL046C,0,4.0971036,0.1394129991531372,0.1197119727730751,0.08302153646945953
YAL005C,YPR112C,0,4.096112,0.13926701247692108,0.1197119727730751,0.08312266319990158
YEL037C,YMR019W,1,4.095443,0.14016737043857574,0.12061206251382828,0.08312266319990158
YJR095W,YKL184W,0,4.094694,0.14002089202404022,0.12061206251382828,0.08322378247976303
YER016W,YMR216C,0,4.094094,0.13987474143505096,0.12061206251382828,0.08332490921020508
YPR029C,YKR046C,0,4.093567,0.13972888886928558,0.12061206251382828,0.08342602849006653
YHR104W,YML065W,0,4.093436,0.13958333432674408,0.12061206251382828,0.08352714776992798
YDR237W,YKL222C,0,4.0927844,0.13943809270858765,0.12061206251382828,0.08362827450037003
YKR038C,YLR176C,1,4.092776,0.1403326392173767,0.12151215225458145,0.08362827450037003
YBL016W,YBL003C,0,4.092049,0.14018692076206207,0.12151215225458145,0.08372939378023148
YNL053W,YIL114C,0,4.0912266,0.1400415003299713,0.12151215225458145,0.08383052051067352
YHL013C,YGR284C,0,4.089972,0.13989637792110443,0.12151215225458145,0.08393163979053497
YIL050W,YHR128W,0,4.0898695,0.13975155353546143,0.12151215225458145,0.08403276652097702
YOR371C,YNL009W,0,4.0896115,0.1396070271730423,0.12151215225458145,0.08413388580083847
YNR063W,YER159C,1,4.0895348,0.14049586653709412,0.12241224199533463,0.08413388580083847
YER048C,YHR176W,0,4.0891123,0.14035087823867798,0.12241224199533463,0.08423500508069992
YIR034C,YDL194W,0,4.0886273,0.14020618796348572,0.12241224199533463,0.08433613181114197
YNL323W,YCR083W,0,4.08862,0.14006179571151733,0.12241224199533463,0.08443725109100342
YBR210W,YGR065C,0,4.088273,0.13991770148277283,0.12241224199533463,0.08453837782144547
YBR084C-A,YOL119C,0,4.087928,0.139773890376091,0.12241224199533463,0.08463949710130692
YML015C,YNL262W,1,4.087582,0.14065708220005035,0.1233123317360878,0.08463949710130692
YGL175C,YHR056C,1,4.0873775,0.14153845608234406,0.12421242147684097,0.08463949710130692
YBL006C,YLR408C,0,4.0868335,0.14139343798160553,0.12421242147684097,0.08474062383174896
YLR174W,YPL079W,0,4.0864925,0.14124871790409088,0.12421242147684097,0.08484174311161041
YDL150W,YPL230W,0,4.0863853,0.1411042958498001,0.12421242147684097,0.08494286239147186
YJL209W,YCR027C,0,4.0861583,0.14096015691757202,0.12421242147684097,0.08504398912191391
YNL103W,YIR023W,1,4.085045,0.1418367326259613,0.12511251866817474,0.08504398912191391
YBL004W,YCR079W,0,4.084435,0.1416921466588974,0.12511251866817474,0.08514510840177536
YGR033C,YGL156W,0,4.0837836,0.14154785871505737,0.12511251866817474,0.08524623513221741
YIL127C,YJR044C,0,4.0829954,0.14140386879444122,0.12511251866817474,0.08534735441207886
YLR323C,YKL062W,1,4.0818596,0.14227642118930817,0.12601260840892792,0.08534735441207886
YKR086W,YMR291W,0,4.0817237,0.1421319842338562,0.12601260840892792,0.0854484811425209
YOL091W,YML024W,0,4.08163,0.14198783040046692,0.12601260840892792,0.08554960042238235
YJR129C,YIL097W,0,4.0810957,0.1418439745903015,0.12601260840892792,0.0856507197022438
YGL124C,YLR298C,0,4.080342,0.1417004019021988,0.12601260840892792,0.08575184643268585
YDR163W,YGR091W,0,4.080036,0.14155712723731995,0.12601260840892792,0.0858529657125473
YER148W,YJL127C,1,4.079119,0.14242424070835114,0.1269126981496811,0.0858529657125473
YBR253W,YDR017C,0,4.07799,0.14228051900863647,0.1269126981496811,0.08595409244298935
YGR056W,YHR056C,1,4.0778327,0.14314515888690948,0.12781278789043427,0.08595409244298935
YPL045W,YER004W,0,4.0776153,0.1430010050535202,0.12781278789043427,0.0860552117228508
YDR440W,YOL089C,1,4.077561,0.14386318624019623,0.12871287763118744,0.0860552117228508
YGL131C,YER021W,0,4.077504,0.14371860027313232,0.12871287763118744,0.08615633845329285
YDR314C,YDR316W,0,4.0773897,0.1435742974281311,0.12871287763118744,0.0862574577331543
YKL146W,YGR041W,0,4.077227,0.14343029260635376,0.12871287763118744,0.08635857701301575
YLR210W,YNL279W,0,4.0770845,0.1432865709066391,0.12871287763118744,0.0864597037434578
YML110C,YKR024C,0,4.0768824,0.14314314723014832,0.12871287763118744,0.08656082302331924
YLR408C,YNL047C,0,4.076616,0.14300000667572021,0.12871287763118744,0.08666194975376129
YLR336C,YNL037C,0,4.076154,0.1428571492433548,0.12871287763118744,0.08676306903362274
YBL018C,YBL005W-A,0,4.0761213,0.14271457493305206,0.12871287763118744,0.08686419576406479
YIL162W,YOR339C,0,4.0760517,0.142572283744812,0.12871287763118744,0.08696531504392624
YHR063C,YNL270C,0,4.0744343,0.14243027567863464,0.12871287763118744,0.08706643432378769
YAR008W,YEL011W,0,4.073132,0.14228855073451996,0.12871287763118744,0.08716756105422974
YHR188C,YDR324C,0,4.0722027,0.14214712381362915,0.12871287763118744,0.08726868033409119
YKL096W,YPL108W,0,4.071973,0.14200596511363983,0.12871287763118744,0.08736980706453323
YKL146W,YML093W,0,4.071797,0.141865074634552,0.12871287763118744,0.08747092634439468
YIL158W,YBR070C,0,4.071126,0.14172448217868805,0.12871287763118744,0.08757205307483673
YCR088W,YKL120W,0,4.070917,0.14158415794372559,0.12871287763118744,0.08767317235469818
YMR202W,YIL017C,0,4.0708737,0.1414441168308258,0.12871287763118744,0.08777429163455963
YEL011W,YPL108W,0,4.0696974,0.14130434393882751,0.12871287763118744,0.08787541836500168
YBR290W,YLR336C,0,4.0692806,0.1411648541688919,0.12871287763118744,0.08797653764486313
YCL011C,YLL023C,0,4.068298,0.14102564752101898,0.12871287763118744,0.08807766437530518
YOR363C,YJL173C,1,4.0680437,0.14187191426753998,0.1296129673719406,0.08807766437530518
YDR349C,YOR028C,0,4.0675845,0.14173229038715363,0.1296129673719406,0.08817878365516663
YHL033C,YLL023C,0,4.067089,0.14159291982650757,0.1296129673719406,0.08827991038560867
YOL091W,YML069W,0,4.066943,0.1414538323879242,0.1296129673719406,0.08838102966547012
YJL123C,YGR091W,0,4.066914,0.1413150131702423,0.1296129673719406,0.08848214894533157
YKL146W,YGR206W,0,4.066155,0.1411764770746231,0.1296129673719406,0.08858327567577362
YMR168C,YGR186W,1,4.0655413,0.14201763272285461,0.1305130571126938,0.08858327567577362
YKL049C,YLR410W,0,4.065453,0.1418786644935608,0.1305130571126938,0.08868439495563507
YDR519W,YIL122W,0,4.0648665,0.14173997938632965,0.1305130571126938,0.08878552168607712
YBR235W,YHL018W,0,4.0647316,0.1416015625,0.1305130571126938,0.08888664096593857
YDR097C,YJR029W,1,4.06459,0.14243902266025543,0.13141314685344696,0.08888664096593857
YEL055C,YCL030C,0,4.063913,0.14230018854141235,0.13141314685344696,0.08898776769638062
YJL204C,YBR135W,0,4.0632005,0.14216163754463196,0.13141314685344696,0.08908888697624207
YOL116W,YMR094W,1,4.062808,0.14299610257148743,0.13231323659420013,0.08908888697624207
YDR440W,YDL056W,1,4.0628047,0.14382895827293396,0.1332133263349533,0.08908888697624207
YMR266W,YBR215W,0,4.062734,0.1436893194913864,0.1332133263349533,0.08919000625610352
YAR050W,YNR012W,0,4.062695,0.14354994893074036,0.1332133263349533,0.08929113298654556
YER039C,YCR067C,0,4.0623417,0.1434108465909958,0.1332133263349533,0.08939225226640701
YIR021W,YDR489W,0,4.0619993,0.1432720273733139,0.1332133263349533,0.08949337899684906
YNL072W,YHR034C,0,4.0619535,0.14313346147537231,0.1332133263349533,0.08959449827671051
YGR096W,YGL181W,0,4.061921,0.14299516379833221,0.1332133263349533,0.08969562500715256
YKL049C,YLR051C,0,4.061754,0.1428571492433548,0.1332133263349533,0.08979674428701401
YNL264C,YDR506C,0,4.06154,0.14271938800811768,0.1332133263349533,0.08989786356687546
YNL315C,YGR092W,0,4.061303,0.14258189499378204,0.1332133263349533,0.0899989902973175
YIR035C,YDR266C,0,4.06019,0.1424446552991867,0.1332133263349533,0.09010010957717896
YMR170C,YJL138C,0,4.059515,0.14230769872665405,0.1332133263349533,0.090201236307621
YPL217C,YGL160W,0,4.059175,0.1421709954738617,0.1332133263349533,0.09030235558748245
YDR104C,YLR084C,0,4.058786,0.14203454554080963,0.1332133263349533,0.0904034823179245
YFL055W,YDL191W,0,4.058405,0.14189836382865906,0.1332133263349533,0.09050460159778595
YNR054C,YPR075C,0,4.0581207,0.14176245033740997,0.1332133263349533,0.0906057208776474
YER039C,YCR028C-A,0,4.0577035,0.14162679016590118,0.1332133263349533,0.09070684760808945
YKL071W,YJR043C,0,4.057003,0.14149139821529388,0.1332133263349533,0.0908079668879509
YLR342W,YCL020W,0,4.056947,0.14135625958442688,0.1332133263349533,0.09090909361839294
YBR009C,YER176W,1,4.055971,0.1421755701303482,0.13411341607570648,0.09090909361839294
YDR324C,YOR035C,0,4.0556903,0.14204004406929016,0.13411341607570648,0.0910102128982544
YDR184C,YDL222C,0,4.0553837,0.14190475642681122,0.13411341607570648,0.09111133217811584
YCL019W,YDR217C,1,4.054957,0.14272122085094452,0.13501350581645966,0.09111133217811584
YIR033W,YNL270C,0,4.054934,0.14258554577827454,0.13501350581645966,0.09121245890855789
YLR274W,YNL021W,0,4.054455,0.14245013892650604,0.13501350581645966,0.09131357818841934
YOR118W,YIR021W,0,4.054331,0.14231498539447784,0.13501350581645966,0.09141470491886139
YNL002C,YDR338C,0,4.0536427,0.14218010008335114,0.13501350581645966,0.09151582419872284
YOR328W,YBL004W,0,4.0535564,0.14204545319080353,0.13501350581645966,0.09161695092916489
YLR272C,YML093W,0,4.053201,0.1419110745191574,0.13501350581645966,0.09171807020902634
YIL158W,YLR226W,0,4.052504,0.1417769342660904,0.13501350581645966,0.09181918948888779
YMR278W,YKL222C,0,4.0524397,0.14164306223392487,0.13501350581645966,0.09192031621932983
YBR102C,YCR034W,0,4.052357,0.14150942862033844,0.13501350581645966,0.09202143549919128
YMR161W,YOR190W,0,4.052281,0.1413760632276535,0.13501350581645966,0.09212256222963333
YMR213W,YJR027W,1,4.051995,0.1421845555305481,0.13591359555721283,0.09212256222963333
YGL124C,YKR025W,0,4.051772,0.14205080270767212,0.13591359555721283,0.09222368150949478
YBR019C,YBR079C,0,4.0511346,0.14191728830337524,0.13591359555721283,0.09232480823993683
YGL033W,YBR244W,0,4.049379,0.14178404211997986,0.13591359555721283,0.09242592751979828
YOR367W,YNL093W,0,4.0488973,0.14165103435516357,0.13591359555721283,0.09252704679965973
YPL152W,YOR077W,0,4.0487623,0.14151827991008759,0.13591359555721283,0.09262817353010178
YBR018C,YNL305C,0,4.0487404,0.1413857638835907,0.13591359555721283,0.09272929280996323
YHR094C,YKR024C,0,4.048734,0.1412535011768341,0.13591359555721283,0.09283041954040527
YPL170W,YJR002W,0,4.048075,0.1411214917898178,0.13591359555721283,0.09293153882026672
YMR162C,YOR083W,0,4.047001,0.1409897357225418,0.13591359555721283,0.09303266555070877
YAL047C,YJR019C,0,4.046671,0.14085820317268372,0.13591359555721283,0.09313378483057022
YBR057C,YNL270C,0,4.045216,0.1407269388437271,0.13591359555721283,0.09323490411043167
YLR233C,YPL181W,0,4.045177,0.14059589803218842,0.13591359555721283,0.09333603084087372
YER048C,YHR124W,0,4.045151,0.14046511054039001,0.13591359555721283,0.09343715012073517
YDL049C,YNR032W,0,4.0446095,0.1403345763683319,0.13591359555721283,0.09353827685117722
YOR172W,YNL113W,1,4.0443416,0.14113277196884155,0.136813685297966,0.09353827685117722
YHR188C,YPL081W,0,4.0427876,0.1410018503665924,0.136813685297966,0.09363939613103867
YBR217W,YKR092C,0,4.0427623,0.14087118208408356,0.136813685297966,0.09374052286148071
YBR234C,YNL083W,0,4.0426927,0.14074073731899261,0.136813685297966,0.09384164214134216
YOR202W,YML093W,0,4.042072,0.14061054587364197,0.136813685297966,0.09394276142120361
YPL069C,YDL092W,0,4.042058,0.14048059284687042,0.136813685297966,0.09404388815164566
YIL131C,YMR170C,0,4.0413823,0.14035087823867798,0.136813685297966,0.09414500743150711
YLR205C,YDR020C,0,4.041092,0.14022140204906464,0.136813685297966,0.09424613416194916
YIL162W,YDR339C,0,4.0406337,0.1400921642780304,0.136813685297966,0.09434725344181061
YOR017W,YKL065C,0,4.039992,0.13996316492557526,0.136813685297966,0.09444838017225266
YBR152W,YOR188W,0,4.039239,0.13983440399169922,0.136813685297966,0.0945494994521141
YPR101W,YJR125C,0,4.039074,0.13970588147640228,0.136813685297966,0.09465061873197556
YOL013C,YDR450W,0,4.0383873,0.13957759737968445,0.136813685297966,0.0947517454624176
YJR090C,YFL024C,0,4.0375323,0.13944953680038452,0.136813685297966,0.09485286474227905
YBL046W,YOR256C,0,4.037515,0.1393217295408249,0.136813685297966,0.0949539914727211
YPL242C,YJR152W,0,4.037455,0.13919414579868317,0.136813685297966,0.09505511075258255
YCR066W,YMR014W,0,4.0372896,0.13906678557395935,0.136813685297966,0.0951562374830246
YGL043W,YHR084W,1,4.0370693,0.13985374569892883,0.13771377503871918,0.0951562374830246
YHL002W,YJL145W,0,4.0352936,0.13972602784633636,0.13771377503871918,0.09525735676288605
YHR152W,YBR008C,0,4.035249,0.1395985335111618,0.13771377503871918,0.0953584760427475
YCR068W,YIR010W,0,4.033426,0.13947129249572754,0.13771377503871918,0.09545960277318954
YGR195W,YMR216C,0,4.0332227,0.13934426009655,0.13771377503871918,0.095560722053051
YOR073W,YDL147W,0,4.032664,0.13921746611595154,0.13771377503871918,0.09566184878349304
YBL006C,YDL168W,0,4.032336,0.1390909105539322,0.13771377503871918,0.09576296806335449
YIL049W,YOR056C,0,4.0322113,0.13896457850933075,0.13771377503871918,0.09586409479379654
YHR079C-A,YLR275W,0,4.031537,0.13883846998214722,0.13771377503871918,0.09596521407365799
YLL052C,YLR355C,0,4.031444,0.13871259987354279,0.13771377503871918,0.09606633335351944
YKL089W,YLR403W,1,4.029945,0.13949275016784668,0.13861386477947235,0.09606633335351944
YIL127C,YLR117C,0,4.0296726,0.1393665224313736,0.13861386477947235,0.09616746008396149
YLR157C-A,YGR161C-C,0,4.029497,0.13924050331115723,0.13861386477947235,0.09626857936382294
YCR073C,YFL050C,0,4.028442,0.13911472260951996,0.13861386477947235,0.09636970609426498
YOL088C,YFL009W,0,4.0283794,0.1389891654253006,0.13861386477947235,0.09647082537412643
YGR278W,YER169W,0,4.028009,0.13886384665966034,0.13861386477947235,0.09657195210456848
YOL108C,YDR314C,1,4.0278687,0.13963964581489563,0.13951395452022552,0.09657195210456848
YBL027W,YBL100W-A,0,4.0269933,0.13951395452022552,0.13951395452022552,0.09667307138442993
YLR013W,YBL097W,0,4.0267806,0.13938848674297333,0.13951395452022552,0.09677419066429138
YBR217W,YHR123W,0,4.0265813,0.13926325738430023,0.13951395452022552,0.09687531739473343
YLR070C,YNL329C,0,4.0261,0.13913823664188385,0.13951395452022552,0.09697643667459488
YGR209C,YDR324C,0,4.025494,0.13901345431804657,0.13951395452022552,0.09707756340503693
YDR016C,YCR068W,0,4.0242257,0.1388888955116272,0.13951395452022552,0.09717868268489838
YBR210W,YOR141C,0,4.0238466,0.13876454532146454,0.13951395452022552,0.09727980941534042
YML062C,YDR099W,0,4.023751,0.13864043354988098,0.13951395452022552,0.09738092869520187
YAL047C,YJR144W,0,4.0237103,0.13851653039455414,0.13951395452022552,0.09748204797506332
YJR161C,YLR003C,0,4.0236707,0.1383928507566452,0.13951395452022552,0.09758317470550537
YIL127C,YPL053C,0,4.0233326,0.13826940953731537,0.13951395452022552,0.09768429398536682
YDR311W,YDR147W,0,4.022683,0.13814616203308105,0.13951395452022552,0.09778542071580887
YHR039C,YKR086W,0,4.0222945,0.13802315294742584,0.13951395452022552,0.09788653999567032
YNL124W,YDL010W,0,4.0220447,0.13790035247802734,0.13951395452022552,0.09798766672611237
YNR063W,YBR060C,1,4.02186,0.13866665959358215,0.1404140442609787,0.09798766672611237
YGL124C,YDR394W,0,4.0217013,0.1385435163974762,0.1404140442609787,0.09808878600597382
YDL002C,YLR424W,0,4.0208626,0.13842058181762695,0.1404140442609787,0.09818990528583527
YCR088W,YMR121C,0,4.0194473,0.13829787075519562,0.1404140442609787,0.09829103201627731
YBR152W,YOR375C,0,4.01891,0.1381753832101822,0.1404140442609787,0.09839215129613876
YBR079C,YKL065C,0,4.0187235,0.13805310428142548,0.1404140442609787,0.09849327802658081
YDL193W,YIL040W,0,4.0176673,0.13793103396892548,0.1404140442609787,0.09859439730644226
YOR094W,YHR094C,0,4.0176086,0.13780918717384338,0.1404140442609787,0.09869551658630371
YLR013W,YDR302W,0,4.0172873,0.137687548995018,0.1404140442609787,0.09879664331674576
YLR071C,YIL017C,0,4.017264,0.13756613433361053,0.1404140442609787,0.09889776259660721
YGR047C,YPL153C,1,4.0169644,0.1383259892463684,0.14131413400173187,0.09889776259660721
YHR063C,YLR408C,0,4.016739,0.13820423185825348,0.14131413400173187,0.09899888932704926
YLR226W,YJL115W,0,4.01498,0.13808266818523407,0.14131413400173187,0.0991000086069107
YCR067C,YHL022C,0,4.0146337,0.13796134293079376,0.14131413400173187,0.09920113533735275
YDR485C,YAL047C,0,4.0145593,0.13784021139144897,0.14131413400173187,0.0993022546172142
YEL060C,YPR033C,0,4.0143213,0.1377193033695221,0.14131413400173187,0.09940337389707565
YIR013C,YNL097C,0,4.0140796,0.13759860396385193,0.14131413400173187,0.0995045006275177
YGL079W,YOR130C,0,4.0137486,0.13747811317443848,0.14131413400173187,0.09960561990737915
YLR408C,YJL104W,0,4.0136747,0.13735783100128174,0.14131413400173187,0.0997067466378212
YFL016C,YGL131C,0,4.013043,0.1372377574443817,0.14131413400173187,0.09980786591768265
YHR124W,YNL224C,0,4.0128927,0.1371179074048996,0.14131413400173187,0.0999089926481247
YER095W,YKL222C,1,4.012817,0.13787084817886353,0.14221422374248505,0.0999089926481247
YDR293C,YML065W,0,4.011655,0.13775065541267395,0.14221422374248505,0.10001011192798615
YHR141C,YMR251W-A,0,4.0114603,0.1376306563615799,0.14221422374248505,0.1001112312078476
YPR058W,YOR214C,0,4.010864,0.13751088082790375,0.14221422374248505,0.10021235793828964
YHL020C,YAL015C,1,4.009748,0.1382608711719513,0.14311431348323822,0.10021235793828964
YEL060C,YPR009W,0,4.008061,0.1381407529115677,0.14311431348323822,0.10031347721815109
YJR137C,YNL336W,0,4.0078306,0.1380208283662796,0.14311431348323822,0.10041460394859314
YJR056C,YFL034C-A,0,4.007601,0.13790112733840942,0.14311431348323822,0.10051572322845459
YHR112C,YHR152W,0,4.0074544,0.13778163492679596,0.14311431348323822,0.10061684995889664
YOL006C,YDL201W,0,4.0073524,0.13766233623027802,0.14311431348323822,0.10071796923875809
YPL230W,YOR153W,0,4.006737,0.13754324615001678,0.14311431348323822,0.10081908851861954
YNL152W,YFL003C,0,4.006536,0.13742437958717346,0.14311431348323822,0.10092021524906158
YDR540C,YIL114C,0,4.0062118,0.13730570673942566,0.14311431348323822,0.10102133452892303
YBR215W,YDR480W,0,4.006177,0.13718722760677338,0.14311431348323822,0.10112246125936508
YPR101W,YCR068W,0,4.0059767,0.137068971991539,0.14311431348323822,0.10122358053922653
YER130C,YOR116C,1,4.0059457,0.13781222701072693,0.1440144032239914,0.10122358053922653
YNL067W,YPL084W,0,4.0057673,0.1376936286687851,0.1440144032239914,0.10132470726966858
YKL091C,YGL234W,0,4.004952,0.13757523894309998,0.1440144032239914,0.10142582654953003
YGR071C,YPL007C,1,4.004653,0.13831615447998047,0.14491449296474457,0.10142582654953003
YCR027C,YHR062C,0,4.0046415,0.1381974220275879,0.14491449296474457,0.10152694582939148
YCL066W,YBR066C,1,4.0045443,0.13893653452396393,0.14581458270549774,0.10152694582939148
YOR368W,YER169W,1,4.0043287,0.1396743804216385,0.14671467244625092,0.10152694582939148
YGR152C,YML007W,0,4.0042796,0.13955479860305786,0.14671467244625092,0.10162807255983353
YHL002W,YKR024C,0,4.004149,0.13943541049957275,0.14671467244625092,0.10172919183969498
YHR063C,YNL106C,0,4.0041194,0.13931624591350555,0.14671467244625092,0.10183031857013702
YBR021W,YDL122W,0,4.0028567,0.13919726014137268,0.14671467244625092,0.10193143784999847
YMR202W,YBR298C,0,4.0020385,0.13907849788665771,0.14671467244625092,0.10203256458044052
YHR176W,YBR154C,0,4.0018005,0.13895992934703827,0.14671467244625092,0.10213368386030197
YML064C,YLR405W,0,4.0016327,0.13884156942367554,0.14671467244625092,0.10223480314016342
YHR188C,YLR341W,0,4.00104,0.13872340321540833,0.14671467244625092,0.10233592987060547
YJL099W,YIR010W,0,4.000523,0.13860544562339783,0.14671467244625092,0.10243704915046692
YHL007C,YNR063W,0,4.000214,0.13848768174648285,0.14671467244625092,0.10253817588090897
YHR187W,YIL158W,0,4.000139,0.1383701115846634,0.14671467244625092,0.10263929516077042
YBR193C,YLR234W,1,3.9999595,0.13910093903541565,0.1476147621870041,0.10263929516077042
YOL128C,YOR188W,0,3.9994173,0.13898305594921112,0.1476147621870041,0.10274042189121246
YBR068C,YBL100W-A,0,3.99927,0.1388653665781021,0.1476147621870041,0.10284154117107391
YDL014W,YGR092W,0,3.9988832,0.13874788582324982,0.1476147621870041,0.10294266045093536
YBR302C,YOR312C,0,3.9985914,0.13863059878349304,0.1476147621870041,0.10304378718137741
YLR148W,YDL104C,0,3.9985347,0.13851352035999298,0.1476147621870041,0.10314490646123886
YBR302C,YDR331W,0,3.998345,0.13839662075042725,0.1476147621870041,0.10324603319168091
YGR166W,YLR372W,0,3.9982176,0.13827992975711823,0.1476147621870041,0.10334715247154236
YJR091C,YHR203C,0,3.9979591,0.13816343247890472,0.1476147621870041,0.1034482792019844
YLR405W,YPR079W,0,3.9973931,0.13804714381694794,0.1476147621870041,0.10354939848184586
YML121W,YDL201W,0,3.9962368,0.13793103396892548,0.1476147621870041,0.1036505177617073
YOL006C,YFL052W,1,3.996132,0.13865546882152557,0.14851485192775726,0.1036505177617073
YDL020C,YMR078C,1,3.9960446,0.13937866687774658,0.14941494166851044,0.1036505177617073
YBR215W,YBR245C,1,3.995973,0.14010067284107208,0.1503150314092636,0.1036505177617073
YDR314C,YDR237W,0,3.9959054,0.13998323678970337,0.1503150314092636,0.10375164449214935
YGR157W,YBR018C,0,3.9958553,0.13986599445343018,0.1503150314092636,0.1038527637720108
YGR096W,YOR214C,0,3.994842,0.1397489607334137,0.1503150314092636,0.10395389050245285
YJL010C,YNL071W,0,3.994144,0.13963210582733154,0.1503150314092636,0.1040550097823143
YBR258C,YPL283C,0,3.9927793,0.1395154595375061,0.1503150314092636,0.10415613651275635
YIR013C,YJL118W,0,3.9926596,0.139398992061615,0.1503150314092636,0.1042572557926178
YPL194W,YMR016C,1,3.9920182,0.14011676609516144,0.15121512115001678,0.1042572557926178
YHL022C,YPR181C,0,3.9915257,0.14000000059604645,0.15121512115001678,0.10435837507247925
YHR216W,YCL019W,0,3.9910026,0.13988342881202698,0.15121512115001678,0.1044595018029213
YDL168W,YNL058C,0,3.9909558,0.13976705074310303,0.15121512115001678,0.10456062108278275
YIL049W,YBL004W,0,3.9904308,0.1396508663892746,0.15121512115001678,0.10466174781322479
YDR303C,YNR003C,1,3.9903278,0.14036545157432556,0.15211521089076996,0.10466174781322479
YIL031W,YDR186C,0,3.9897132,0.14024896919727325,0.15211521089076996,0.10476286709308624
YJL204C,YMR280C,0,3.9895606,0.14013266563415527,0.15211521089076996,0.10486399382352829
YML014W,YBL101C,0,3.9893994,0.140016570687294,0.15211521089076996,0.10496511310338974
YGR275W,YBR280C,0,3.9887953,0.13990066945552826,0.15211521089076996,0.10506623238325119
YEL020C,YNL327W,0,3.9875565,0.13978494703769684,0.15211521089076996,0.10516735911369324
YER141W,YAR066W,0,3.9873385,0.13966941833496094,0.15211521089076996,0.10526847839355469
YOL130W,YDL092W,0,3.9871426,0.13955408334732056,0.15211521089076996,0.10536960512399673
YNR056C,YKL152C,0,3.9869242,0.1394389420747757,0.15211521089076996,0.10547072440385818
YOL110W,YNL186W,0,3.9867249,0.13932399451732635,0.15211521089076996,0.10557185113430023
YLR174W,YNL082W,0,3.9864168,0.13920922577381134,0.15211521089076996,0.10567297041416168
YHR191C,YFR034C,1,3.98622,0.13991770148277283,0.15301530063152313,0.10567297041416168
YJR090C,YJR159W,0,3.9857144,0.13980263471603394,0.15301530063152313,0.10577408969402313
YIL082W-A,YHR045W,0,3.9855323,0.13968776166439056,0.15301530063152313,0.10587521642446518
YFL055W,YNR036C,0,3.9854932,0.13957306742668152,0.15301530063152313,0.10597633570432663
YOL097C,YNL058C,0,3.984943,0.139458566904068,0.15301530063152313,0.10607746243476868
YGR023W,YDL155W,0,3.9843059,0.13934426009655,0.15301530063152313,0.10617858171463013
YPR196W,YBR297W,1,3.9842997,0.14004914462566376,0.1539153903722763,0.10617858171463013
YOL017W,YPL046C,0,3.9842029,0.13993453979492188,0.1539153903722763,0.10627970844507217
YBL105C,YHR045W,0,3.9841332,0.13982011377811432,0.1539153903722763,0.10638082772493362
YGR240C,YLR081W,0,3.9839964,0.13970588147640228,0.1539153903722763,0.10648194700479507
YHR079C-A,YGL134W,0,3.9830308,0.13959184288978577,0.1539153903722763,0.10658307373523712
YNL053W,YAL009W,0,3.9818664,0.13947798311710358,0.1539153903722763,0.10668419301509857
YFL053W,YJL076W,0,3.9817743,0.1393643021583557,0.1539153903722763,0.10678531974554062
YOL060C,YNL327W,0,3.9817395,0.13925081491470337,0.1539153903722763,0.10688643902540207
YKL112W,YER172C,0,3.981337,0.13913750648498535,0.1539153903722763,0.10698755830526352
YER045C,YFR037C,1,3.9812322,0.13983739912509918,0.15481548011302948,0.10698755830526352
YDR311W,YGR013W,0,3.9810462,0.13972380757331848,0.15481548011302948,0.10708868503570557
YPL038W,YDR216W,1,3.980836,0.14042207598686218,0.15571556985378265,0.10708868503570557
YML123C,YLR216C,0,3.9806967,0.1403081864118576,0.15571556985378265,0.10718980431556702
YMR266W,YDR141C,0,3.980557,0.14019449055194855,0.15571556985378265,0.10729093104600906
YKR099W,YOR298C-A,1,3.9804635,0.1408906877040863,0.15661565959453583,0.10729093104600906
YML015C,YDR227W,1,3.980444,0.14158576726913452,0.157515749335289,0.10729093104600906
YBR216C,YGL208W,0,3.9796739,0.14147129654884338,0.157515749335289,0.10739205032587051
YNR056C,YML069W,0,3.9789038,0.14135703444480896,0.157515749335289,0.10749317705631256
YHL013C,YGL153W,0,3.9786477,0.14124293625354767,0.157515749335289,0.10759429633617401
YHR104W,YNR063W,0,3.9778075,0.1411290317773819,0.157515749335289,0.10769541561603546
YGL125W,YMR106C,0,3.9775538,0.14101530611515045,0.157515749335289,0.10779654234647751
YJL051W,YGR195W,0,3.977498,0.14090177416801453,0.157515749335289,0.10789766162633896
YPR201W,YGL012W,0,3.9774346,0.14078842103481293,0.157515749335289,0.107998788356781
YHR079C-A,YPR056W,0,3.9769692,0.14067524671554565,0.157515749335289,0.10809990763664246
YKL032C,YJL194W,1,3.9767833,0.14136546850204468,0.15841583907604218,0.10809990763664246
YPR164W,YDR394W,0,3.976313,0.14125201106071472,0.15841583907604218,0.1082010343670845
YGR192C,YKL071W,0,3.976173,0.1411387324333191,0.15841583907604218,0.10830215364694595
YGL099W,YFL018C,0,3.9760933,0.14102564752101898,0.15841583907604218,0.1084032729268074
YER006W,YOL034W,0,3.975617,0.140912726521492,0.15841583907604218,0.10850439965724945
YNL037C,YHR065C,0,3.9749813,0.14079999923706055,0.15841583907604218,0.1086055189371109
YPR094W,YJL093C,0,3.9746537,0.14068745076656342,0.15841583907604218,0.10870664566755295
YKL101W,YOR336W,0,3.9746113,0.1405750811100006,0.15841583907604218,0.1088077649474144
YBR234C,YOL041C,0,3.9742823,0.14046289026737213,0.15841583907604218,0.10890889167785645
YOR328W,YKL137W,0,3.9738488,0.14035087823867798,0.15841583907604218,0.1090100109577179
YCR068W,YOR375C,0,3.9733481,0.14023904502391815,0.15841583907604218,0.10911113023757935
YDR538W,YKR025W,0,3.972652,0.14012739062309265,0.15841583907604218,0.10921225696802139
YPR196W,YML081W,1,3.9710884,0.14081145823001862,0.15931592881679535,0.10921225696802139
YDR339C,YDR171W,0,3.9708614,0.14069952070713043,0.15931592881679535,0.10931337624788284
YDR541C,YER011W,0,3.9704218,0.14058776199817657,0.15931592881679535,0.10941450297832489
YPL057C,YMR231W,0,3.9704041,0.14047619700431824,0.15931592881679535,0.10951562225818634
YMR104C,YJL111W,0,3.9701042,0.14036479592323303,0.15931592881679535,0.10961674898862839
YLR240W,YHL001W,0,3.969623,0.14025355875492096,0.15931592881679535,0.10971786826848984
YJR152W,YDR409W,0,3.9694743,0.1401425153017044,0.15931592881679535,0.10981898754835129
YLR403W,YMR228W,1,3.9692168,0.14082278311252594,0.16021601855754852,0.10981898754835129
YHR063C,YNR063W,0,3.9689736,0.1407114565372467,0.16021601855754852,0.10992011427879333
YGL043W,YCR034W,0,3.9684992,0.1406003087759018,0.16021601855754852,0.11002123355865479
YNL218W,YLR266C,1,3.9682918,0.14127860963344574,0.1611161082983017,0.11002123355865479
YPR164W,YOR298C-A,0,3.9680915,0.14116719365119934,0.1611161082983017,0.11012236028909683
YKL220C,YFL008W,0,3.9678178,0.14105595648288727,0.1611161082983017,0.11022347956895828
YOL044W,YKR024C,0,3.966496,0.14094488322734833,0.1611161082983017,0.11032460629940033
YGR229C,YFL002W-A,1,3.965423,0.14162077009677887,0.16201619803905487,0.11032460629940033
YMR079W,YOR360C,0,3.965108,0.14150942862033844,0.16201619803905487,0.11042572557926178
YGL055W,YDR186C,0,3.9647503,0.14139826595783234,0.16201619803905487,0.11052684485912323
YKL125W,YLR034C,0,3.964271,0.14128728210926056,0.16201619803905487,0.11062797158956528
YMR135C,YBR186W,0,3.9642406,0.1411764770746231,0.16201619803905487,0.11072909086942673
YKL071W,YMR280C,0,3.9639063,0.1410658359527588,0.16201619803905487,0.11083021759986877
YPL211W,YKR086W,0,3.9637246,0.1409553587436676,0.16201619803905487,0.11093133687973022
YBR110W,YPR112C,0,3.9636722,0.14084507524967194,0.16201619803905487,0.11103246361017227
YBR010W,YER138C,1,3.962832,0.1415168046951294,0.16291628777980804,0.11103246361017227
YGR278W,YMR024W,0,3.9625988,0.14140625298023224,0.16291628777980804,0.11113358289003372
YOR113W,YMR043W,1,3.9623814,0.1420765072107315,0.16381637752056122,0.11113358289003372
YHL009C,YDR303C,1,3.9608011,0.142745703458786,0.1647164672613144,0.11113358289003372
YLR310C,YPL084W,0,3.960073,0.14263445138931274,0.1647164672613144,0.11123470216989517
YKL146W,YIL131C,0,3.9596639,0.1425233632326126,0.1647164672613144,0.11133582890033722
YLR369W,YER058W,0,3.9593515,0.1424124538898468,0.1647164672613144,0.11143694818019867
YHR143W-A,YBR204C,0,3.957921,0.14230170845985413,0.1647164672613144,0.11153807491064072
YCR014C,YBR182C,1,3.957038,0.14296814799308777,0.16561655700206757,0.11153807491064072
YJL042W,YPL283C,0,3.956728,0.1428571492433548,0.16561655700206757,0.11163919419050217
YOL017W,YLL032C,0,3.9565272,0.14274631440639496,0.16561655700206757,0.11174032092094421
YDR294C,YDR339C,0,3.9559965,0.14263565838336945,0.16561655700206757,0.11184144020080566
YLR157C-B,YFL034C-B,0,3.9558558,0.14252518117427826,0.16561655700206757,0.11194255948066711
YBR019C,YBR104W,0,3.9557428,0.1424148678779602,0.16561655700206757,0.11204368621110916
YPL047W,YGR249W,0,3.9556217,0.14230471849441528,0.16561655700206757,0.11214480549097061
YGL124C,YOR214C,0,3.9555616,0.1421947479248047,0.16561655700206757,0.11224593222141266
YNL069C,YER054C,0,3.9552226,0.14208494126796722,0.16561655700206757,0.11234705150127411
YNL299W,YDR331W,0,3.9549255,0.1419753134250641,0.16561655700206757,0.11244817823171616
YLR408C,YNL099C,0,3.9548392,0.14186584949493408,0.16561655700206757,0.1125492975115776
YCR068W,YLR308W,0,3.9547443,0.1417565494775772,0.16561655700206757,0.11265041679143906
YDR382W,YOR214C,0,3.9544744,0.14164742827415466,0.16561655700206757,0.1127515435218811
YLR233C,YOL068C,1,3.9544702,0.14230769872665405,0.16651664674282074,0.1127515435218811
YHR019C,YPR165W,0,3.9543757,0.14219830930233002,0.16651664674282074,0.11285266280174255
YIL091C,YML130C,0,3.9543605,0.1420890986919403,0.16651664674282074,0.1129537895321846
YJL210W,YNL009W,0,3.9542885,0.14198005199432373,0.16651664674282074,0.11305490881204605
YDR314C,YGL130W,0,3.9533634,0.14187116920948029,0.16651664674282074,0.1131560355424881
YPL192C,YLR399C,0,3.952598,0.14176245033740997,0.16651664674282074,0.11325715482234955
YNL014W,YCR089W,0,3.9525332,0.141653910279274,0.16651664674282074,0.113358274102211
YLR205C,YLR405W,0,3.9522176,0.14154551923274994,0.16651664674282074,0.11345940083265305
YBR217W,YGL097W,0,3.9513464,0.14143730700016022,0.16651664674282074,0.1135605201125145
YKL208W,YOL113W,0,3.951148,0.14132925868034363,0.16651664674282074,0.11366164684295654
YLR157C-B,YGL207W,0,3.9496202,0.14122137427330017,0.16651664674282074,0.113762766122818
YJL139C,YOL006C,0,3.9491267,0.14111365377902985,0.16651664674282074,0.11386389285326004
YDR314C,YDL201W,0,3.9490666,0.14100609719753265,0.16651664674282074,0.11396501213312149
YHR203C,YKL148C,0,3.9487324,0.1408987045288086,0.16651664674282074,0.11406613141298294
YPR082C,YIL031W,0,3.9472833,0.14079147577285767,0.16651664674282074,0.11416725814342499
YKL137W,YNL035C,0,3.9466405,0.14068441092967987,0.16651664674282074,0.11426837742328644
YGR041W,YGR091W,0,3.9464293,0.1405775099992752,0.16651664674282074,0.11436950415372849
YGR192C,YFR028C,0,3.9461594,0.14047077298164368,0.16651664674282074,0.11447062343358994
YER144C,YBR104W,0,3.9461226,0.14036418497562408,0.16651664674282074,0.11457174271345139
YDR104C,YPR009W,0,3.9458494,0.14025777578353882,0.16651664674282074,0.11467286944389343
YOR231W,YJR067C,0,3.9453735,0.1401515156030655,0.16651664674282074,0.11477398872375488
YMR092C,YPL283C,0,3.9452486,0.1400454193353653,0.16651664674282074,0.11487511545419693
YOR337W,YHR056C,1,3.9452195,0.14069591462612152,0.1674167364835739,0.11487511545419693
YMR189W,YNL009W,0,3.9449854,0.14058956503868103,0.1674167364835739,0.11497623473405838
YDR446W,YLR405W,0,3.944944,0.14048337936401367,0.1674167364835739,0.11507736146450043
YCR028C-A,YIL082W-A,1,3.944509,0.14113207161426544,0.1683168262243271,0.11507736146450043
YCL019W,YGR195W,0,3.9435816,0.14102564752101898,0.1683168262243271,0.11517848074436188
YJL138C,YNL270C,0,3.9434247,0.14091937243938446,0.1683168262243271,0.11527960002422333
YJL194W,YNL239W,1,3.9432101,0.14156626164913177,0.16921691596508026,0.11527960002422333
YCR073C,YGL179C,0,3.9431067,0.14145974814891815,0.16921691596508026,0.11538072675466537
YMR277W,YPL230W,0,3.9429994,0.14135338366031647,0.16921691596508026,0.11548184603452682
YBR077C,YLR084C,0,3.942986,0.14124718308448792,0.16921691596508026,0.11558297276496887
YML065W,YMR228W,1,3.9426017,0.14189189672470093,0.17011700570583344,0.11558297276496887
YJL092W,YNL275W,0,3.9425645,0.14178544282913208,0.17011700570583344,0.11568409204483032
YMR106C,YOR171C,0,3.9418893,0.14167916774749756,0.17011700570583344,0.11578521877527237
YPL255W,YDR258C,0,3.941072,0.14157302677631378,0.17011700570583344,0.11588633805513382
YJL138C,YFL003C,0,3.9410286,0.14146706461906433,0.17011700570583344,0.11598745733499527
YER004W,YKR024C,0,3.9408498,0.14136125147342682,0.17011700570583344,0.11608858406543732
YPL217C,YKR018C,0,3.9408336,0.14125560224056244,0.17011700570583344,0.11618970334529877
YGL044C,YLR022C,0,3.9407525,0.1411501169204712,0.17011700570583344,0.11629083007574081
YGL055W,YKL148C,0,3.9404893,0.14104478061199188,0.17011700570583344,0.11639194935560226
YPL029W,YNL003C,0,3.9394765,0.1409395933151245,0.17011700570583344,0.11649307608604431
YER016W,YGL181W,0,3.939283,0.14083456993103027,0.17011700570583344,0.11659419536590576
YLR132C,YOR208W,0,3.9390593,0.14072971045970917,0.17011700570583344,0.11669531464576721
YGR227W,YPL236C,0,3.938871,0.140625,0.17011700570583344,0.11679644137620926
YLR144C,YGR092W,0,3.9386234,0.14052045345306396,0.17011700570583344,0.11689756065607071
YLR057W,YOR339C,0,3.9379096,0.14041604101657867,0.17011700570583344,0.11699868738651276
YDR293C,YGL054C,0,3.9373236,0.1403118073940277,0.17011700570583344,0.1170998066663742
YHL033C,YMR280C,0,3.9367156,0.1402077078819275,0.17011700570583344,0.11720093339681625
YMR190C,YNL116W,0,3.9366436,0.1401037871837616,0.17011700570583344,0.1173020526766777
YDR464W,YER095W,1,3.936627,0.14074073731899261,0.1710170954465866,0.1173020526766777
YLR148W,YNL279W,0,3.9359145,0.14063656330108643,0.1710170954465866,0.11740317195653915
YPL053C,YGL131C,0,3.9357529,0.14053253829479218,0.1710170954465866,0.1175042986869812
YHR216W,YLL005C,0,3.9354157,0.14042867720127106,0.1710170954465866,0.11760541796684265
YLR423C,YJL104W,0,3.9352293,0.14032496511936188,0.1710170954465866,0.1177065446972847
YLR013W,YPL249C-A,0,3.935144,0.14022140204906464,0.1710170954465866,0.11780766397714615
YBR290W,YGL257C,0,3.9344492,0.14011798799037933,0.1710170954465866,0.1179087907075882
YGL184C,YHR084W,0,3.9334602,0.14001473784446716,0.1710170954465866,0.11800990998744965
YHR065C,YGR013W,0,3.9333,0.13991163671016693,0.1710170954465866,0.1181110292673111
YFL003C,YHR081W,1,3.9332132,0.14054451882839203,0.17191718518733978,0.1181110292673111
YOL094C,YKL220C,0,3.9330292,0.1404411792755127,0.17191718518733978,0.11821215599775314
YCR033W,YHR176W,0,3.9330063,0.1403379887342453,0.17191718518733978,0.1183132752776146
YEL063C,YER118C,0,3.9324112,0.14023494720458984,0.17191718518733978,0.11841440200805664
YGL201C,YER042W,0,3.9321384,0.14013205468654633,0.17191718518733978,0.11851552128791809
YEL020C,YNR075W,0,3.931933,0.14002932608127594,0.17191718518733978,0.11861664801836014
YNL082W,YCR097W,1,3.9318213,0.14065934717655182,0.17281727492809296,0.11861664801836014
YJL074C,YDL066W,0,3.9317894,0.14055636525154114,0.17281727492809296,0.11871776729822159
YHR143W-A,YOR303W,0,3.9316602,0.1404535472393036,0.17281727492809296,0.11881888657808304
YIL117C,YDR522C,0,3.931509,0.14035087823867798,0.17281727492809296,0.11892001330852509
YKL222C,YDR141C,0,3.9305224,0.1402483582496643,0.17281727492809296,0.11902113258838654
YCL011C,YBL103C,1,3.9304476,0.140875905752182,0.17371736466884613,0.11902113258838654
YLR369W,YGL054C,0,3.9299617,0.14077316224575043,0.17371736466884613,0.11912225931882858
YGL160W,YPR056W,0,3.9290829,0.1406705528497696,0.17371736466884613,0.11922337859869003
YER011W,YOR005C,0,3.9279857,0.1405680924654007,0.17371736466884613,0.11932450532913208
YPL020C,YJL122W,0,3.9274778,0.14046579599380493,0.17371736466884613,0.11942562460899353
YJR129C,YJL159W,0,3.9273424,0.1403636336326599,0.17371736466884613,0.11952674388885498
YHR115C,YBL004W,0,3.9273329,0.14026163518428802,0.17371736466884613,0.11962787061929703
YDL103C,YLR408C,0,3.9273329,0.14015977084636688,0.17371736466884613,0.11972898989915848
YDR294C,YHR003C,0,3.9267635,0.14005805552005768,0.17371736466884613,0.11983011662960052
YML131W,YBR084C-A,0,3.9258814,0.1399564892053604,0.17371736466884613,0.11993123590946198
YPL266W,YLR117C,0,3.9257689,0.13985507190227509,0.17371736466884613,0.12003236263990402
YPR008W,YKL017C,1,3.9255881,0.14047791063785553,0.1746174544095993,0.12003236263990402
YNL021W,YLR155C,0,3.9249377,0.1403762698173523,0.1746174544095993,0.12013348191976547
YPL249C-A,YLR027C,0,3.9246106,0.1402747631072998,0.1746174544095993,0.12023460119962692
YPL217C,YPL228W,0,3.9237328,0.14017340540885925,0.1746174544095993,0.12033572793006897
YDL226C,YKL148C,0,3.9235625,0.14007219672203064,0.1746174544095993,0.12043684720993042
YMR161W,YGL254W,0,3.9234576,0.13997113704681396,0.1746174544095993,0.12053797394037247
YER065C,YJR002W,0,3.9229727,0.13987022638320923,0.1746174544095993,0.12063909322023392
YGR121C,YMR268C,0,3.9228902,0.13976944983005524,0.1746174544095993,0.12074021995067596
YNL186W,YOR298C-A,0,3.9228559,0.13966882228851318,0.1746174544095993,0.12084133923053741
YNL225C,YJL020C,0,3.922748,0.13956834375858307,0.1746174544095993,0.12094245851039886
YGL070C,YKL038W,1,3.9225745,0.14018692076206207,0.17551755905151367,0.12094245851039886
YLR013W,YBL018C,0,3.922511,0.14008620381355286,0.17551755905151367,0.12104358524084091
YBL042C,YPL170W,0,3.9219599,0.13998563587665558,0.17551755905151367,0.12114470452070236
YDL025C,YNR051C,0,3.9214845,0.13988521695137024,0.17551755905151367,0.12124583125114441
YDL168W,YPL266W,0,3.9213228,0.13978494703769684,0.17551755905151367,0.12134695053100586
YDR104C,YNL148C,0,3.9209046,0.13968481123447418,0.17551755905151367,0.1214480772614479
YOR329C,YPR101W,0,3.9200869,0.13958482444286346,0.17551755905151367,0.12154919654130936
YJL203W,YNL097C,0,3.9192524,0.1394849717617035,0.17551755905151367,0.1216503158211708
YLR051C,YJR161C,0,3.919178,0.13938526809215546,0.17551755905151367,0.12175144255161285
YMR202W,YBR280C,0,3.9189262,0.13928571343421936,0.17551755905151367,0.1218525618314743
YOL095C,YLR274W,1,3.918891,0.1399000734090805,0.17641764879226685,0.1218525618314743
YBR203W,YPL266W,0,3.9182062,0.1398002803325653,0.17641764879226685,0.12195368856191635
YPL236C,YBR154C,0,3.9180636,0.13970063626766205,0.17641764879226685,0.1220548078417778
YHR134W,YDL132W,0,3.9178996,0.13960114121437073,0.17641764879226685,0.12215592712163925
YJR029W,YER028C,1,3.917849,0.1402135193347931,0.17731773853302002,0.12215592712163925
YOR173W,YDR113C,0,3.917736,0.14011380076408386,0.17731773853302002,0.1222570538520813
YAR050W,YML065W,0,3.9173923,0.14001421630382538,0.17731773853302002,0.12235817313194275
YIL162W,YFL053W,0,3.9169526,0.13991476595401764,0.17731773853302002,0.1224592998623848
YOL034W,YJL020C,0,3.916905,0.13981546461582184,0.17731773853302002,0.12256041914224625
YBR083W,YGL043W,1,3.916792,0.14042553305625916,0.1782178282737732,0.12256041914224625
YFL003C,YEL037C,1,3.9166493,0.14103472232818604,0.17911791801452637,0.12256041914224625
YCR073C,YER054C,0,3.9164362,0.14093483984470367,0.17911791801452637,0.1226615458726883
YPR065W,YGR206W,0,3.9157052,0.14083510637283325,0.17911791801452637,0.12276266515254974
YKR060W,YKL208W,0,3.9155064,0.14073550701141357,0.17911791801452637,0.1228637844324112
YCL019W,YKL112W,1,3.915258,0.14134275913238525,0.18001800775527954,0.1228637844324112
YKL125W,YML121W,0,3.9150386,0.14124293625354767,0.18001800775527954,0.12296491116285324
YGR068C,YMR029C,0,3.914925,0.14114326238632202,0.18001800775527954,0.12306603044271469
YHR203C,YJL020C,0,3.9144068,0.14104372262954712,0.18001800775527954,0.12316715717315674
YGL184C,YGR231C,0,3.9143429,0.14094433188438416,0.18001800775527954,0.12326827645301819
YPL283C,YKL073W,0,3.9142761,0.14084507524967194,0.18001800775527954,0.12336940318346024
YNR075W,YGR206W,0,3.9140964,0.14074595272541046,0.18001800775527954,0.12347052246332169
YDR324C,YKL193C,0,3.9138756,0.14064697921276093,0.18001800775527954,0.12357164174318314
YOR341W,YCR065W,1,3.913618,0.141250878572464,0.18091809749603271,0.12357164174318314
YMR189W,YLR210W,0,3.9122367,0.14115168154239655,0.18091809749603271,0.12367276847362518
YNL064C,YHR124W,0,3.9121962,0.14105263352394104,0.18091809749603271,0.12377388775348663
YNL125C,YNR046W,0,3.9120994,0.14095371961593628,0.18091809749603271,0.12387501448392868
YPL045W,YBR088C,0,3.912036,0.14085493981838226,0.18091809749603271,0.12397613376379013
YMR293C,YLR272C,0,3.9115705,0.14075630903244019,0.18091809749603271,0.12407726049423218
YBR298C,YDR488C,0,3.9114566,0.14065779745578766,0.18091809749603271,0.12417837977409363
YNR054C,YGR207C,0,3.911108,0.14055943489074707,0.18091809749603271,0.12427949905395508
YGR249W,YNL106C,0,3.910736,0.14046122133731842,0.18091809749603271,0.12438062578439713
YGR278W,YKL209C,0,3.9105706,0.14036312699317932,0.18091809749603271,0.12448174506425858
YEL060C,YPR022C,0,3.910316,0.14026518166065216,0.18091809749603271,0.12458287179470062
YER130C,YDR448W,1,3.910069,0.14086471498012543,0.1818181872367859,0.12458287179470062
YOL016C,YHR203C,0,3.909967,0.14076654613018036,0.1818181872367859,0.12468399107456207
YHR188C,YPL128C,0,3.9095864,0.14066852629184723,0.1818181872367859,0.12478511780500412
YJR090C,YPL249C-A,0,3.909062,0.14057064056396484,0.1818181872367859,0.12488623708486557
YGR195W,YPL187W,0,3.908536,0.140472874045372,0.1818181872367859,0.12498735636472702
YCL040W,YDR302W,0,3.907919,0.1403752565383911,0.1818181872367859,0.12508848309516907
YEL034W,YLR178C,0,3.907918,0.14027777314186096,0.1818181872367859,0.12518960237503052
YIL158W,YGR277C,0,3.9077344,0.14018042385578156,0.1818181872367859,0.12529072165489197
YBL040C,YMR154C,0,3.9074798,0.1400832235813141,0.1818181872367859,0.1253918558359146
YIL049W,YPL181W,0,3.90727,0.13998614251613617,0.1818181872367859,0.12549297511577606
YER001W,YNL279W,0,3.9067168,0.139889195561409,0.1818181872367859,0.1255940943956375
YLR013W,YOR210W,1,3.906588,0.14048442244529724,0.18271827697753906,0.1255940943956375
YNR063W,YGL166W,1,3.9065685,0.14107884466648102,0.18361836671829224,0.1255940943956375
YJL151C,YJL002C,0,3.9064236,0.14098134636878967,0.18361836671829224,0.12569521367549896
YJL204C,YPL255W,0,3.9057326,0.14088398218154907,0.18361836671829224,0.1257963329553604
YGR186W,YLR405W,0,3.905486,0.14078675210475922,0.18361836671829224,0.12589746713638306
YGL131C,YML065W,1,3.9054399,0.14137931168079376,0.1845184564590454,0.12589746713638306
YGL208W,YML019W,0,3.9052954,0.1412818729877472,0.1845184564590454,0.1259985864162445
YPR103W,YLR453C,0,3.9042268,0.14118456840515137,0.1845184564590454,0.12609970569610596
YDR085C,YGL054C,0,3.9037385,0.1410873979330063,0.1845184564590454,0.1262008249759674
YHR188C,YBR104W,0,3.903357,0.14099037647247314,0.1845184564590454,0.12630194425582886
YER144C,YGR128C,0,3.9029207,0.14089347422122955,0.1845184564590454,0.1264030784368515
YNR023W,YBR021W,0,3.9010634,0.1407967060804367,0.1845184564590454,0.12650419771671295
YDR324C,YAR066W,0,3.9003935,0.1407000720500946,0.1845184564590454,0.1266053169965744
YML078W,YCR068W,0,3.8999953,0.14060357213020325,0.1845184564590454,0.12670643627643585
YPL249C-A,YJR161C,0,3.8989239,0.14050719141960144,0.1845184564590454,0.1268075704574585
YLR057W,YJL099W,0,3.898841,0.14041095972061157,0.1845184564590454,0.12690868973731995
YDR258C,YER122C,0,3.898621,0.14031484723091125,0.1845184564590454,0.1270098090171814
YDR452W,YDR119W,0,3.898395,0.14021888375282288,0.1845184564590454,0.12711092829704285
YJR056C,YNR049C,0,3.8979387,0.14012303948402405,0.1845184564590454,0.1272120475769043
YGR148C,YOR022C,0,3.8979268,0.14002732932567596,0.1845184564590454,0.12731318175792694
YPL152W,YER146W,0,3.897489,0.13993173837661743,0.1845184564590454,0.1274143010377884
YGL112C,YDR121W,1,3.8972068,0.1405184119939804,0.18541854619979858,0.1274143010377884
YAL005C,YBL046W,0,3.8971,0.14042262732982635,0.18541854619979858,0.12751542031764984
YFL050C,YER183C,0,3.8965464,0.14032697677612305,0.18541854619979858,0.1276165395975113
YDR142C,YGL133W,0,3.8964953,0.1402314454317093,0.18541854619979858,0.12771765887737274
YPL256C,YBR098W,0,3.8952732,0.14013604819774628,0.18541854619979858,0.12781879305839539
YPR145W,YOR083W,0,3.8945985,0.140040785074234,0.18541854619979858,0.12791991233825684
YCR083W,YDL191W,0,3.8944368,0.13994565606117249,0.18541854619979858,0.1280210316181183
YNL300W,YPL088W,0,3.8943224,0.1398506462574005,0.18541854619979858,0.12812215089797974
YGR287C,YOR255W,0,3.8942847,0.13975577056407928,0.18541854619979858,0.12822328507900238
YGR049W,YML025C,0,3.8939528,0.1396610140800476,0.18541854619979858,0.12832440435886383
YLR081W,YER094C,0,3.8937216,0.13956639170646667,0.18541854619979858,0.12842552363872528
YPR104C,YHL027W,1,3.893592,0.14014895260334015,0.18631863594055176,0.12842552363872528
YER040W,YDR501W,1,3.8935437,0.14073072373867035,0.18721872568130493,0.12842552363872528
YNL290W,YNL027W,1,3.8931904,0.14131169021129608,0.1881188154220581,0.12842552363872528
YDR206W,YOR153W,0,3.892621,0.1412162184715271,0.1881188154220581,0.12852664291858673
YOR035C,YBR244W,0,3.8917894,0.14112086594104767,0.1881188154220581,0.12862776219844818
YLR077W,YFL003C,0,3.891727,0.14102564752101898,0.1881188154220581,0.12872889637947083
YDL004W,YOR178C,0,3.8910837,0.14093054831027985,0.1881188154220581,0.12883001565933228
YDR452W,YLR226W,0,3.8908138,0.14083558320999146,0.1881188154220581,0.12893113493919373
YDR186C,YBR244W,0,3.890802,0.14074073731899261,0.1881188154220581,0.12903225421905518
YGR215W,YKL148C,0,3.890757,0.14064602553844452,0.1881188154220581,0.12913337349891663
YKL112W,YGL179C,0,3.8897572,0.14055144786834717,0.1881188154220581,0.12923450767993927
YNR069C,YBL019W,0,3.8887744,0.14045698940753937,0.1881188154220581,0.12933562695980072
YKR081C,YDR480W,0,3.8885999,0.1403626650571823,0.1881188154220581,0.12943674623966217
YNL256W,YBR044C,0,3.8877559,0.1402684599161148,0.1881188154220581,0.12953786551952362
YDL005C,YGL257C,0,3.8875713,0.14017437398433685,0.1881188154220581,0.12963899970054626
YPL053C,YGR280C,0,3.8868546,0.14008042216300964,0.1881188154220581,0.12974011898040771
YLR320W,YFL008W,0,3.8866925,0.13998660445213318,0.1881188154220581,0.12984123826026917
YFL053W,YDL058W,0,3.8864803,0.13989290595054626,0.1881188154220581,0.12994235754013062
YKL017C,YGL073W,1,3.8863654,0.14046822488307953,0.18901890516281128,0.12994235754013062
YNL323W,YOL091W,0,3.8862891,0.1403743326663971,0.18901890516281128,0.13004347681999207
YCR066W,YGR074W,0,3.8862839,0.1402805596590042,0.18901890516281128,0.1301446110010147
YFL034C-A,YDL222C,0,3.8859367,0.14018692076206207,0.18901890516281128,0.13024573028087616
YMR161W,YKR046C,0,3.8858995,0.14009340107440948,0.18901890516281128,0.1303468495607376
YER159C,YOR028C,1,3.885384,0.140666663646698,0.18991899490356445,0.1303468495607376
YKR046C,YLR022C,0,3.884264,0.1405729502439499,0.18991899490356445,0.13044796884059906
YNL299W,YLR210W,0,3.8841834,0.14047935605049133,0.18991899490356445,0.1305490881204605
YBR302C,YKL008C,0,3.8840275,0.14038589596748352,0.18991899490356445,0.13065022230148315
YML033W,YMR216C,0,3.8840194,0.14029255509376526,0.18991899490356445,0.1307513415813446
YKL089W,YKL045W,1,3.8833895,0.1408637911081314,0.19081908464431763,0.1307513415813446
YLR393W,YIR013C,0,3.883164,0.14077025651931763,0.19081908464431763,0.13085246086120605
YKR022C,YJL076W,0,3.8825736,0.1406768411397934,0.19081908464431763,0.1309535801410675
YNL224C,YEL042W,0,3.8824577,0.1405835598707199,0.19081908464431763,0.13105471432209015
YGL023C,YEL055C,0,3.882454,0.14049039781093597,0.19081908464431763,0.1311558336019516
YJL145W,YMR167W,0,3.8823247,0.1403973549604416,0.19081908464431763,0.13125695288181305
YPL060C-A,YJL093C,0,3.881878,0.14030443131923676,0.19081908464431763,0.1313580721616745
YMR176W,YBR150C,1,3.881281,0.1408730149269104,0.1917191743850708,0.1313580721616745
YLR393W,YIL105C,0,3.8803663,0.14077991247177124,0.1917191743850708,0.13145919144153595
YER018C,YLR399C,0,3.8800097,0.14068692922592163,0.1917191743850708,0.1315603256225586
YDL049C,YAR014C,0,3.8796434,0.14059406518936157,0.1917191743850708,0.13166144490242004
YKL027W,YMR268C,0,3.8784924,0.14050132036209106,0.1917191743850708,0.1317625641822815
YJL010C,YFL016C,0,3.877964,0.1404086947441101,0.1917191743850708,0.13186368346214294
YOL041C,YOR003W,0,3.8771114,0.1403162032365799,0.1917191743850708,0.1319648027420044
YGL145W,YPL066W,0,3.876821,0.14022383093833923,0.1917191743850708,0.13206593692302704
YMR135C,YKL216W,0,3.876587,0.14013157784938812,0.1917191743850708,0.1321670562028885
YBL006C,YDL222C,0,3.8765683,0.14003944396972656,0.1917191743850708,0.13226817548274994
YPL053C,YJL020C,0,3.8764954,0.13994744420051575,0.1917191743850708,0.1323692947626114
YKL176C,YDL044C,0,3.876421,0.1398555487394333,0.1917191743850708,0.13247042894363403
YGR227W,YPL046C,0,3.8758965,0.13976377248764038,0.1917191743850708,0.13257154822349548
YNL088W,YDL132W,1,3.875835,0.14032787084579468,0.19261926412582397,0.13257154822349548
YGR091W,YBR167C,0,3.8751965,0.14023591578006744,0.19261926412582397,0.13267266750335693
YMR260C,YNL241C,0,3.8747969,0.14014407992362976,0.19261926412582397,0.13277378678321838
YDR261C-C,YNL148C,0,3.8745008,0.14005236327648163,0.19261926412582397,0.13287490606307983
YNL072W,YNL305C,0,3.8742042,0.13996076583862305,0.19261926412582397,0.13297604024410248
YMR104C,YKL092C,0,3.8736963,0.13986928761005402,0.19261926412582397,0.13307715952396393
YPL227C,YCL030C,0,3.873591,0.13977792859077454,0.19261926412582397,0.13317827880382538
YLR297W,YGL023C,0,3.8734837,0.1396866887807846,0.19261926412582397,0.13327939808368683
YPL190C,YMR271C,0,3.873353,0.13959556818008423,0.19261926412582397,0.13338051736354828
YLR116W,YNL088W,0,3.8728738,0.1395045667886734,0.19261926412582397,0.13348165154457092
YKL049C,YGL008C,0,3.8721166,0.13941368460655212,0.19261926412582397,0.13358277082443237
YOR217W,YGL112C,1,3.8714395,0.1399739533662796,0.19351935386657715,0.13358277082443237
YGR227W,YDL159W,0,3.8713388,0.139882892370224,0.19351935386657715,0.13368389010429382
YNL316C,YOR073W,0,3.8712254,0.13979193568229675,0.19351935386657715,0.13378500938415527
YHR056C,YOR142W-B,1,3.8712058,0.14035087823867798,0.19441944360733032,0.13378500938415527
YOL119C,YHR203C,0,3.8710756,0.1402597427368164,0.19441944360733032,0.13388612866401672
YMR104C,YMR283C,0,3.8707929,0.14016872644424438,0.19441944360733032,0.13398726284503937
YDR216W,YOR153W,0,3.870439,0.14007781445980072,0.19441944360733032,0.13408838212490082
YPR018W,YMR189W,0,3.8701015,0.1399870365858078,0.19441944360733032,0.13418950140476227
YGR209C,YKL148C,0,3.870018,0.13989637792110443,0.19441944360733032,0.13429062068462372
YHL009C,YGR074W,0,3.8697972,0.13980582356452942,0.19441944360733032,0.13439175486564636
YGR059W,YOR171C,0,3.8696852,0.13971538841724396,0.19441944360733032,0.1344928741455078
YOL095C,YKL114C,1,3.869228,0.14027149975299835,0.1953195333480835,0.1344928741455078
YBR215W,YER170W,0,3.8690686,0.14018088579177856,0.1953195333480835,0.13459399342536926
YJR090C,YPL029W,0,3.868526,0.14009037613868713,0.1953195333480835,0.1346951127052307
YHR104W,YMR268C,0,3.8683276,0.14000000059604645,0.1953195333480835,0.13479623198509216
YOR343W-B,YLR228C,1,3.868176,0.1405544877052307,0.19621962308883667,0.13479623198509216
YPR018W,YLR148W,0,3.8679657,0.1404639184474945,0.19621962308883667,0.1348973661661148
YBR057C,YLR003C,0,3.867847,0.14037346839904785,0.19621962308883667,0.13499848544597626
YMR213W,YBR010W,1,3.8675356,0.14092664420604706,0.19711971282958984,0.13499848544597626
YDR184C,YOR003W,0,3.8670988,0.14083601534366608,0.19711971282958984,0.1350996047258377
YFL050C,YBR083W,0,3.8669138,0.14074550569057465,0.19711971282958984,0.13520072400569916
YLR308W,YNL279W,0,3.8666,0.14065510034561157,0.19711971282958984,0.1353018432855606
YLR205C,YJL002C,0,3.8649297,0.14056482911109924,0.19711971282958984,0.13540297746658325
YBR068C,YPL158C,0,3.8648672,0.14047466218471527,0.19711971282958984,0.1355040967464447
YML131W,YPR033C,0,3.864616,0.14038461446762085,0.19711971282958984,0.13560521602630615
YMR280C,YOR077W,1,3.8645968,0.14093530178070068,0.19801980257034302,0.13560521602630615
YLR376C,YGL124C,0,3.864388,0.14084507524967194,0.19801980257034302,0.1357063353061676
YPL242C,YNL265C,0,3.8642764,0.14075495302677155,0.19801980257034302,0.13580746948719025
YGR166W,YMR044W,0,3.8631754,0.1406649649143219,0.19801980257034302,0.1359085887670517
YNL072W,YML007W,0,3.862897,0.1405750811100006,0.19801980257034302,0.13600970804691315
YDR522C,YPL008W,0,3.8615932,0.14048531651496887,0.19801980257034302,0.1361108273267746
YML015C,YBR089C-A,1,3.861422,0.1410338282585144,0.1989198923110962,0.1361108273267746
YLR210W,YOR303W,0,3.8613443,0.14094388484954834,0.1989198923110962,0.13621194660663605
YPR022C,YKR025W,0,3.8607574,0.14085404574871063,0.1989198923110962,0.1363130807876587
YKR067W,YIR035C,0,3.8607235,0.14076432585716248,0.1989198923110962,0.13641420006752014
YBR216C,YIR028W,0,3.86066,0.14067472517490387,0.1989198923110962,0.1365153193473816
YOR017W,YML025C,0,3.86057,0.14058524370193481,0.1989198923110962,0.13661643862724304
YER065C,YJL104W,0,3.8600655,0.14049586653709412,0.1989198923110962,0.1367175579071045
YHR056C,YER040W,1,3.860044,0.14104193449020386,0.19981998205184937,0.1367175579071045
YDR432W,YHR124W,0,3.8595796,0.14095237851142883,0.19981998205184937,0.13681869208812714
YOR190W,YJR014W,0,3.8593783,0.14086294174194336,0.19981998205184937,0.1369198113679886
YLR070C,YJR067C,0,3.8592124,0.14077362418174744,0.19981998205184937,0.13702093064785004
YLR242C,YOR056C,0,3.858457,0.14068441092967987,0.19981998205184937,0.1371220499277115
YPR104C,YDR210W,0,3.857153,0.14059531688690186,0.19981998205184937,0.13722318410873413
YMR104C,YPL079W,0,3.857102,0.1405063271522522,0.19981998205184937,0.13732430338859558
YGL033W,YLL015W,0,3.856635,0.1404174566268921,0.19981998205184937,0.13742542266845703
YJL123C,YIL168W,0,3.8556767,0.14032869040966034,0.19981998205184937,0.13752654194831848
YNL323W,YDR191W,0,3.855297,0.14024004340171814,0.19981998205184937,0.13762766122817993
YBL084C,YGL208W,0,3.8548093,0.1401515156030655,0.19981998205184937,0.13772879540920258
YLL032C,YOR205C,0,3.8545117,0.1400630921125412,0.19981998205184937,0.13782991468906403
YNL148C,YKR029C,0,3.854321,0.13997477293014526,0.19981998205184937,0.13793103396892548
YCL020W,YML001W,0,3.8542619,0.13988657295703888,0.19981998205184937,0.13803215324878693
YML029W,YOR153W,0,3.8539863,0.13979849219322205,0.19981998205184937,0.13813327252864838
YKL091C,YKL125W,0,3.8534236,0.13971051573753357,0.19981998205184937,0.13823440670967102
YAL005C,YHR062C,0,3.8531055,0.13962264358997345,0.19981998205184937,0.13833552598953247
YOR298C-A,YMR094W,1,3.8530726,0.14016342163085938,0.20072007179260254,0.13833552598953247
YJR029W,YFL052W,1,3.8530116,0.14070351421833038,0.2016201615333557,0.13833552598953247
YHR098C,YLR274W,0,3.8521914,0.14061519503593445,0.2016201615333557,0.13843664526939392
YDL064W,YBR139W,0,3.852086,0.14052698016166687,0.2016201615333557,0.13853776454925537
YJR095W,YGL013C,0,3.8520074,0.14043886959552765,0.2016201615333557,0.13863889873027802
YKR010C,YLR256W,0,3.8507814,0.14035087823867798,0.2016201615333557,0.13874001801013947
YNL047C,YDR208W,0,3.8505836,0.14026299118995667,0.2016201615333557,0.13884113729000092
YMR014W,YOR298C-A,0,3.8504777,0.1401752233505249,0.2016201615333557,0.13894225656986237
YGR096W,YPL192C,0,3.8504572,0.1400875598192215,0.2016201615333557,0.13904337584972382
YCL019W,YDR261C-C,0,3.8500218,0.14000000059604645,0.2016201615333557,0.13914451003074646
YNL222W,YHR034C,0,3.849516,0.13991256058216095,0.2016201615333557,0.1392456293106079
YNR054C,YLR307W,0,3.849495,0.1398252248764038,0.2016201615333557,0.13934674859046936
YGR068C,YKL092C,0,3.8494015,0.13973799347877502,0.2016201615333557,0.1394478678703308
YGL184C,YKL112W,0,3.8489094,0.1396508663892746,0.2016201615333557,0.13954898715019226
YBR200W,YFL034C-A,0,3.8487458,0.13956385850906372,0.2016201615333557,0.1396501213312149
YLL032C,YLR222C,0,3.848184,0.1394769549369812,0.2016201615333557,0.13975124061107635
YBL004W,YHR018C,0,3.8477364,0.13939017057418823,0.2016201615333557,0.1398523598909378
YML007W,YKL092C,0,3.8474665,0.13930347561836243,0.2016201615333557,0.13995347917079926
YJR095W,YJL074C,0,3.8473802,0.13921689987182617,0.2016201615333557,0.1400546133518219
YNL054W-B,YOR217W,1,3.8470259,0.13975155353546143,0.2025202512741089,0.1400546133518219
YJL051W,YLR405W,0,3.8469744,0.13966479897499084,0.2025202512741089,0.14015573263168335
YDL042C,YKL184W,0,3.8467164,0.13957816362380981,0.2025202512741089,0.1402568519115448
YJL063C,YPL181W,0,3.846642,0.13949163258075714,0.2025202512741089,0.14035797119140625
YJL047C,YNL148C,0,3.8462791,0.13940520584583282,0.2025202512741089,0.1404590904712677
YJL047C,YLR210W,0,3.8454366,0.13931888341903687,0.2025202512741089,0.14056022465229034
YKL222C,YMR060C,0,3.8450332,0.13923268020153046,0.2025202512741089,0.1406613439321518
YJR047C,YLR453C,0,3.8441906,0.1391465663909912,0.2025202512741089,0.14076246321201324
YPL047W,YDR352W,0,3.844091,0.13906057178974152,0.2025202512741089,0.1408635824918747
YNR032W,YDR538W,0,3.8440528,0.13897468149662018,0.2025202512741089,0.14096470177173615
YIL099W,YOR198C,0,3.8434048,0.1388888955116272,0.2025202512741089,0.1410658359527588
YBR302C,YJR105W,0,3.8431768,0.13880321383476257,0.2025202512741089,0.14116695523262024
YDR017C,YPL057C,0,3.8430295,0.1387176364660263,0.2025202512741089,0.1412680745124817
YDR016C,YJR161C,0,3.8428884,0.1386321634054184,0.2025202512741089,0.14136919379234314
YCR024C-A,YNL254C,0,3.8426418,0.13854679465293884,0.2025202512741089,0.14147032797336578
YMR011W,YMR214W,0,3.8426142,0.13846154510974884,0.2025202512741089,0.14157144725322723
YKL017C,YGL254W,1,3.8425918,0.13899138569831848,0.20342034101486206,0.14157144725322723
YBL016W,YOR214C,0,3.8419304,0.13890595734119415,0.20342034101486206,0.14167256653308868
YLR256W,YNL082W,1,3.8415093,0.13943488895893097,0.20432043075561523,0.14167256653308868
YEL003W,YGL008C,0,3.8412032,0.1393492966890335,0.20432043075561523,0.14177368581295013
YLR157C-A,YOR256C,0,3.841195,0.1392638087272644,0.20432043075561523,0.14187480509281158
YOR304W,YPL022W,1,3.841031,0.13979153335094452,0.2052205204963684,0.14187480509281158
YIL143C,YLR175W,1,3.840981,0.1403186321258545,0.20612061023712158,0.14187480509281158
YKL020C,YPR019W,1,3.840806,0.14084507524967194,0.20702069997787476,0.14187480509281158
YLR205C,YNL093W,0,3.8402739,0.14075887203216553,0.20702069997787476,0.14197593927383423
YBR210W,YMR014W,0,3.8396673,0.14067278802394867,0.20702069997787476,0.14207705855369568
YLR410W,YOR255W,0,3.8395119,0.14058679342269897,0.20702069997787476,0.14217817783355713
YOL146W,YLL032C,0,3.8392344,0.14050091803073883,0.20702069997787476,0.14227929711341858
YPL055C,YER124C,0,3.8392296,0.14041514694690704,0.20702069997787476,0.14238041639328003
YOR144C,YHL020C,0,3.8385773,0.14032946527004242,0.20702069997787476,0.14248155057430267
YKL091C,YLR342W,0,3.83772,0.14024390280246735,0.20702069997787476,0.14258266985416412
YDL004W,YBR244W,0,3.8371272,0.14015844464302063,0.20702069997787476,0.14268378913402557
YOL088C,YBR227C,0,3.836639,0.14007307589054108,0.20702069997787476,0.14278490841388702
YDR237W,YOR339C,0,3.8364115,0.13998782634735107,0.20702069997787476,0.14288602769374847
YOL097C,YAR066W,0,3.8360386,0.13990268111228943,0.20702069997787476,0.14298716187477112
YBR293W,YJL118W,0,3.8359804,0.13981762528419495,0.20702069997787476,0.14308828115463257
YKL221W,YHR018C,0,3.8358727,0.13973268866539001,0.20702069997787476,0.14318940043449402
YLR128W,YBR039W,0,3.8352737,0.13964784145355225,0.20702069997787476,0.14329051971435547
YFL031W,YNL252C,0,3.8351817,0.13956311345100403,0.20702069997787476,0.1433916538953781
YJL092W,YER172C,0,3.8351383,0.13947847485542297,0.20702069997787476,0.14349277317523956
YOR115C,YHR188C,0,3.8350358,0.13939394056797028,0.20702069997787476,0.143593892455101
YJL204C,YNL279W,0,3.8347273,0.13930951058864594,0.20702069997787476,0.14369501173496246
YJR063W,YKL032C,1,3.8334103,0.13983051478862762,0.20792078971862793,0.14369501173496246
YKL086W,YGL249W,1,3.8332853,0.14035087823867798,0.2088208794593811,0.14369501173496246
YPR201W,YHL018W,0,3.8326373,0.14026601612567902,0.2088208794593811,0.1437961310148239
YJL051W,YGR140W,0,3.8324823,0.1401812732219696,0.2088208794593811,0.14389726519584656
YNL053W,YOR188W,0,3.832016,0.14009661972522736,0.2088208794593811,0.143998384475708
YOR354C,YLR320W,0,3.8316908,0.14001207053661346,0.2088208794593811,0.14409950375556946
YEL060C,YDR198C,0,3.8315825,0.13992762565612793,0.2088208794593811,0.1442006230354309
YKL071W,YLR022C,0,3.8310347,0.13984328508377075,0.2088208794593811,0.14430174231529236
YJL042W,YGR068C,0,3.8299427,0.13975903391838074,0.2088208794593811,0.144402876496315
YDR485C,YKL092C,0,3.829711,0.13967490196228027,0.2088208794593811,0.14450399577617645
YDR314C,YKL137W,0,3.8294115,0.13959085941314697,0.2088208794593811,0.1446051150560379
YPL242C,YPR022C,0,3.8291616,0.13950692117214203,0.2088208794593811,0.14470623433589935
YBR235W,YJR014W,0,3.8285565,0.13942307233810425,0.2088208794593811,0.144807368516922
YML065W,YLR453C,1,3.8274417,0.13993993401527405,0.20972096920013428,0.144807368516922
YGR038W,YJR002W,0,3.8273087,0.13985593616962433,0.20972096920013428,0.14490848779678345
YLR388W,YCL030C,0,3.8268528,0.13977204263210297,0.20972096920013428,0.1450096070766449
YGL130W,YER054C,0,3.8267803,0.13968825340270996,0.20972096920013428,0.14511072635650635
YAR009C,YOL089C,1,3.826548,0.14020371437072754,0.21062105894088745,0.14511072635650635
YNR073C,YOL039W,0,3.826527,0.1401197612285614,0.21062105894088745,0.1452118456363678
YNR063W,YLR421C,0,3.8261943,0.14003591239452362,0.21062105894088745,0.14531297981739044
YBR298C,YBL027W,0,3.825613,0.139952152967453,0.21062105894088745,0.1454140990972519
YLR150W,YLR256W,1,3.8252754,0.14046622812747955,0.21152114868164062,0.1454140990972519
YBL004W,YHL009W-A,0,3.8250785,0.140382319688797,0.21152114868164062,0.14551521837711334
YPL003W,YPL181W,0,3.825047,0.1402985006570816,0.21152114868164062,0.1456163376569748
YIL099W,YDR302W,0,3.8249469,0.14021480083465576,0.21152114868164062,0.14571745693683624
YKR098C,YDL014W,0,3.8248086,0.14013119041919708,0.21152114868164062,0.1458185911178589
YPR175W,YLR453C,1,3.8242903,0.1406436264514923,0.2124212384223938,0.1458185911178589
YPR079W,YNL220W,0,3.8236914,0.1405598521232605,0.2124212384223938,0.14591971039772034
YJR099W,YGR271C-A,0,3.8230677,0.14047619700431824,0.2124212384223938,0.1460208296775818
YDR540C,YBR079C,0,3.8224473,0.14039261639118195,0.2124212384223938,0.14612194895744324
YMR029C,YBL019W,0,3.8222694,0.1403091549873352,0.2124212384223938,0.14622308313846588
YBR056W,YOR255W,0,3.8221984,0.14022578299045563,0.2124212384223938,0.14632420241832733
YNL035C,YGL187C,0,3.822112,0.1401425153017044,0.2124212384223938,0.14642532169818878
YLR310C,YGL145W,0,3.8217587,0.14005935192108154,0.2124212384223938,0.14652644097805023
YMR167W,YDR331W,0,3.821505,0.13997627794742584,0.2124212384223938,0.14662756025791168
YBR228W,YHR072W-A,0,3.8214102,0.1398933082818985,0.2124212384223938,0.14672869443893433
YNL002C,YIL073C,0,3.821227,0.13981042802333832,0.2124212384223938,0.14682981371879578
YCR040W,YGL175C,1,3.8212185,0.14031971991062164,0.21332132816314697,0.14682981371879578
YGR152C,YOL060C,0,3.821159,0.14023669064044952,0.21332132816314697,0.14693093299865723
YBR202W,YPR175W,1,3.820808,0.1407451182603836,0.21422141790390015,0.14693093299865723
YKR081C,YDL239C,0,3.8205838,0.14066193997859955,0.21422141790390015,0.14703205227851868
YPL060C-A,YIL105C,0,3.8204575,0.14057885110378265,0.21422141790390015,0.14713317155838013
YOL091W,YDL104C,0,3.8199182,0.14049586653709412,0.21422141790390015,0.14723430573940277
YGL130W,YPL069C,0,3.8198757,0.14041298627853394,0.21422141790390015,0.14733542501926422
YGL099W,YBR102C,0,3.819862,0.14033019542694092,0.21422141790390015,0.14743654429912567
YDR153C,YIR028W,0,3.8194432,0.14024749398231506,0.21422141790390015,0.14753766357898712
YIL063C,YML072C,0,3.8191075,0.14016489684581757,0.21422141790390015,0.14763879776000977
YHR124W,YBL009W,0,3.8190346,0.14008240401744843,0.21422141790390015,0.14773991703987122
YBR186W,YDL161W,0,3.8183007,0.14000000059604645,0.21422141790390015,0.14784103631973267
YKL020C,YDL164C,1,3.8181367,0.1405055820941925,0.21512150764465332,0.14784103631973267
YDR081C,YPL153C,1,3.818008,0.141010582447052,0.2160215973854065,0.14784103631973267
YJR113C,YNL014W,0,3.8178716,0.1409277766942978,0.2160215973854065,0.14794215559959412
YCL019W,YIL050W,0,3.8178387,0.14084507524967194,0.2160215973854065,0.14804327487945557
YER162C,YML098W,1,3.8177981,0.1413489729166031,0.21692168712615967,0.14804327487945557
YIL127C,YKL176C,0,3.8172603,0.1412661224603653,0.21692168712615967,0.1481444090604782
YHR206W,YOL012C,1,3.816905,0.1417691856622696,0.21782177686691284,0.1481444090604782
YGL250W,YNL299W,0,3.816688,0.14168618619441986,0.21782177686691284,0.14824552834033966
YPL211W,YPL181W,0,3.8163004,0.1416032761335373,0.21782177686691284,0.1483466476202011
YGL023C,YDL153C,0,3.8161407,0.14152047038078308,0.21782177686691284,0.14844776690006256
YPR183W,YGR125W,0,3.8157463,0.14143775403499603,0.21782177686691284,0.148548886179924
YFL053W,YKL139W,0,3.8150458,0.14135514199733734,0.21782177686691284,0.14865002036094666
YMR135C,YGL099W,0,3.8146906,0.1412726193666458,0.21782177686691284,0.1487511396408081
YAR050W,YLR216C,0,3.8139296,0.14119020104408264,0.21782177686691284,0.14885225892066956
YMR119W,YLR368W,0,3.8138509,0.14110787212848663,0.21782177686691284,0.148953378200531
YPL211W,YNR049C,0,3.8134432,0.14102564752101898,0.21782177686691284,0.14905451238155365
YNL075W,YPR107C,0,3.8133607,0.1409435123205185,0.21782177686691284,0.1491556316614151
YLR369W,YJR014W,0,3.813168,0.14086146652698517,0.21782177686691284,0.14925675094127655
YKL101W,YCR083W,0,3.8129754,0.1407795250415802,0.21782177686691284,0.149357870221138
YOR284W,YER122C,0,3.812955,0.1406976729631424,0.21782177686691284,0.14945898950099945
YMR104C,YDL103C,0,3.8127537,0.14061592519283295,0.21782177686691284,0.1495601236820221
YBL046W,YEL060C,0,3.8126955,0.14053426682949066,0.21782177686691284,0.14966124296188354
YJR090C,YOL091W,0,3.8125134,0.14045269787311554,0.21782177686691284,0.149762362241745
YEL055C,YJL118W,0,3.8121262,0.14037123322486877,0.21782177686691284,0.14986348152160645
YIR017C,YOR077W,1,3.81176,0.14086955785751343,0.21872186660766602,0.14986348152160645
YLR066W,YDR264C,0,3.8115368,0.14078794419765472,0.21872186660766602,0.1499646008014679
YJR095W,YPR201W,0,3.8115153,0.14070641994476318,0.21872186660766602,0.15006573498249054
YNL002C,YLR320W,0,3.8114133,0.140625,0.21872186660766602,0.150166854262352
YKR013W,YIR034C,0,3.8106885,0.14054366946220398,0.21872186660766602,0.15026797354221344
YDL220C,YIR013C,1,3.8103456,0.14104045927524567,0.2196219563484192,0.15026797354221344
YER144C,YNL257C,0,3.8101764,0.1409589797258377,0.2196219563484192,0.1503690928220749
YMR278W,YHR026W,0,3.8099074,0.1408776044845581,0.2196219563484192,0.15047021210193634
YDL226C,YLL023C,0,3.8097425,0.14079630374908447,0.2196219563484192,0.15057134628295898
YGL054C,YJR077C,0,3.808969,0.1407151073217392,0.2196219563484192,0.15067246556282043
YFL055W,YLR421C,0,3.807436,0.14063400030136108,0.2196219563484192,0.15077358484268188
YPR075C,YKL112W,0,3.80719,0.14055299758911133,0.2196219563484192,0.15087470412254333
YDR123C,YGR071C,1,3.8067226,0.14104779064655304,0.22052204608917236,0.15087470412254333
YOL094C,YAL032C,0,3.8063889,0.14096662402153015,0.22052204608917236,0.15097583830356598
YOR329C,YLL036C,0,3.8048592,0.14088556170463562,0.22052204608917236,0.15107695758342743
YFL034C-B,YGL055W,0,3.8047404,0.14080460369586945,0.22052204608917236,0.15117807686328888
YOR293W,YDR489W,0,3.8042297,0.14072372019290924,0.22052204608917236,0.15127919614315033
YLR336C,YBR201W,0,3.8035846,0.1406429409980774,0.22052204608917236,0.15138031542301178
YLR320W,YPL012W,0,3.8035712,0.1405622512102127,0.22052204608917236,0.15148144960403442
YDR432W,YLR453C,0,3.8033853,0.14048165082931519,0.22052204608917236,0.15158256888389587
YLR376C,YPL060C-A,0,3.8032212,0.14040113985538483,0.22052204608917236,0.15168368816375732
YPL211W,YOR214C,0,3.8029842,0.14032073318958282,0.22052204608917236,0.15178480744361877
YNL009W,YCR043C,0,3.8026047,0.14024041593074799,0.22052204608917236,0.15188592672348022
YIL063C,YJL160C,0,3.801331,0.1401601880788803,0.22052204608917236,0.15198706090450287
YGL048C,YOR064C,0,3.8010478,0.1400800496339798,0.22052204608917236,0.15208818018436432
YBR229C,YPR079W,0,3.7998905,0.14000000059604645,0.22052204608917236,0.15218929946422577
YGL013C,YLR222C,0,3.7994156,0.13992004096508026,0.22052204608917236,0.15229041874408722
YDR338C,YLR057W,0,3.79918,0.13984018564224243,0.22052204608917236,0.15239155292510986
YKR081C,YPR065W,0,3.7990808,0.13976040482521057,0.22052204608917236,0.1524926722049713
YML019W,YHR178W,0,3.7986689,0.13968072831630707,0.22052204608917236,0.15259379148483276
YBL004W,YHR178W,0,3.79854,0.13960114121437073,0.22052204608917236,0.1526949107646942
YHR141C,YDR186C,0,3.7985058,0.13952164351940155,0.22052204608917236,0.15279603004455566
YBL084C,YBR018C,0,3.7982564,0.13944223523139954,0.22052204608917236,0.1528971642255783
YKL049C,YNR046W,0,3.7979693,0.13936291635036469,0.22052204608917236,0.15299828350543976
YDR464W,YOR191W,1,3.797933,0.13985219597816467,0.22142213582992554,0.15299828350543976
YHR196W,YEL009C,0,3.797701,0.13977272808551788,0.22142213582992554,0.1530994027853012
YHR091C,YKL092C,0,3.7975478,0.13969334959983826,0.22142213582992554,0.15320052206516266
YLR157C-B,YAL009W,0,3.7974944,0.139614075422287,0.22142213582992554,0.1533016413450241
YIR013C,YMR052W,0,3.7970471,0.13953489065170288,0.22142213582992554,0.15340277552604675
YKR046C,YNL279W,0,3.7963948,0.13945578038692474,0.22142213582992554,0.1535038948059082
YBR098W,YOR245C,0,3.7959862,0.13937677443027496,0.22142213582992554,0.15360501408576965
YML014W,YOR153W,0,3.7959628,0.13929784297943115,0.22142213582992554,0.1537061333656311
YDR110W,YDR169C,1,3.7959003,0.13978494703769684,0.2223222255706787,0.1537061333656311
YGL234W,YPL005W,0,3.795803,0.13970588147640228,0.2223222255706787,0.15380726754665375
YGR277C,YIL082W-A,0,3.7950234,0.1396269053220749,0.2223222255706787,0.1539083868265152
YNL323W,YHR104W,0,3.7942448,0.13954801857471466,0.2223222255706787,0.15400950610637665
YPL047W,YLR368W,0,3.7941713,0.1394692212343216,0.2223222255706787,0.1541106253862381
YJR091C,YMR305C,0,3.7929196,0.1393905133008957,0.2223222255706787,0.15421174466609955
YDR076W,YIL021W,1,3.7920227,0.13987591862678528,0.22322231531143188,0.15421174466609955
YPR029C,YGR163W,0,3.7919345,0.13979706168174744,0.22322231531143188,0.1543128788471222
YDR432W,YNL021W,0,3.7917657,0.13971830904483795,0.22322231531143188,0.15441399812698364
YBR088C,YOR245C,0,3.7916312,0.13963964581489563,0.22322231531143188,0.1545151174068451
YLR148W,YGL234W,0,3.791562,0.13956105709075928,0.22322231531143188,0.15461623668670654
YJL116C,YGR128C,0,3.7909422,0.1394825577735901,0.22322231531143188,0.154717355966568
YIR007W,YML001W,0,3.7908583,0.13940416276454926,0.22322231531143188,0.15481849014759064
YKR086W,YJR088C,0,3.7901392,0.1393258422613144,0.22322231531143188,0.1549196094274521
YBL023C,YKR101W,1,3.790111,0.13980910181999207,0.22412240505218506,0.1549196094274521
YPL256C,YER069W,0,3.7900739,0.13973063230514526,0.22412240505218506,0.15502072870731354
YDR322C-A,YLL010C,0,3.7899036,0.13965226709842682,0.22412240505218506,0.155121847987175
YBR126C,YDR034C-D,0,3.7897854,0.13957399129867554,0.22412240505218506,0.15522298216819763
YFL024C,YGR096W,0,3.7896852,0.13949580490589142,0.22412240505218506,0.15532410144805908
YOL091W,YML046W,0,3.7892632,0.13941769301891327,0.22412240505218506,0.15542522072792053
YGL130W,YER018C,0,3.7888527,0.13933967053890228,0.22412240505218506,0.15552634000778198
YML066C,YFR009W,0,3.7887082,0.13926175236701965,0.22412240505218506,0.15562745928764343
YLR157C-B,YOR007C,0,3.7886086,0.139183908700943,0.22412240505218506,0.15572859346866608
YCR079W,YOR214C,0,3.7881365,0.1391061395406723,0.22412240505218506,0.15582971274852753
YJL099W,YMR029C,0,3.7879906,0.13902847468852997,0.22412240505218506,0.15593083202838898
YCR023C,YNL270C,0,3.7875981,0.1389508992433548,0.22412240505218506,0.15603195130825043
YLR431C,YPL012W,0,3.7873325,0.1388733983039856,0.22412240505218506,0.15613307058811188
YJL074C,YGL160W,0,3.7869549,0.13879598677158356,0.22412240505218506,0.15623420476913452
YDR171W,YNL058C,0,3.7865772,0.13871866464614868,0.22412240505218506,0.15633532404899597
YDR302W,YJL154C,0,3.786325,0.13864143192768097,0.22412240505218506,0.15643644332885742
YLR442C,YBL021C,1,3.7862916,0.13912075757980347,0.22502250969409943,0.15643644332885742
YDL168W,YHR178W,0,3.7861166,0.13904337584972382,0.22502250969409943,0.15653756260871887
YDR291W,YLR119W,0,3.7860646,0.13896609842777252,0.22502250969409943,0.15663869678974152
YMR190C,YOL027C,0,3.7860289,0.1388888955116272,0.22502250969409943,0.15673981606960297
YLR297W,YHL022C,0,3.7860065,0.13881176710128784,0.22502250969409943,0.15684093534946442
YBR215W,YGL201C,1,3.7858639,0.13928967714309692,0.2259225994348526,0.15684093534946442
YMR190C,YMR024W,0,3.7854824,0.13921242952346802,0.2259225994348526,0.15694205462932587
YGL133W,YGR280C,0,3.7853398,0.13913525640964508,0.2259225994348526,0.15704317390918732
YKL091C,YPL024W,0,3.7850184,0.1390581727027893,0.2259225994348526,0.15714430809020996
YBR200W,YJL010C,0,3.784864,0.1389811784029007,0.2259225994348526,0.1572454273700714
YOR191W,YDL150W,1,3.7846022,0.13945765793323517,0.22682268917560577,0.1572454273700714
YDR141C,YNR075W,0,3.7845192,0.1393805295228958,0.22682268917560577,0.15734654664993286
YJL145W,YCL062W,0,3.784399,0.13930347561836243,0.22682268917560577,0.1574476659297943
YBL036C,YNL327W,0,3.783484,0.1392265260219574,0.22682268917560577,0.15754878520965576
YLR431C,YNL336W,0,3.7831783,0.13914963603019714,0.22682268917560577,0.1576499193906784
YLR376C,YDL044C,0,3.7829804,0.13907285034656525,0.22682268917560577,0.15775103867053986
YML029W,YJL154C,0,3.781764,0.13899613916873932,0.22682268917560577,0.1578521579504013
YNL275W,YJL160C,0,3.7814493,0.13891951739788055,0.22682268917560577,0.15795327723026276
YBL018C,YOR336W,0,3.7813349,0.13884297013282776,0.22682268917560577,0.1580543965101242
YPL227C,YBR253W,0,3.7811108,0.13876652717590332,0.22682268917560577,0.15815553069114685
YOR100C,YMR067C,0,3.7809925,0.13869014382362366,0.22682268917560577,0.1582566499710083
YNL054W-B,YPL164C,1,3.780427,0.13916391134262085,0.22772277891635895,0.1582566499710083
YDR097C,YLR095C,0,3.7803502,0.13908740878105164,0.22772277891635895,0.15835776925086975
YNL169C,YGR065C,0,3.7802906,0.13901099562644958,0.22772277891635895,0.1584588885307312
YJL113W,YIR008C,0,3.7795234,0.1389346569776535,0.22772277891635895,0.15856002271175385
YBR132C,YOR375C,0,3.7793646,0.1388583928346634,0.22772277891635895,0.1586611419916153
YOR328W,YOR214C,0,3.7784715,0.13878223299980164,0.22772277891635895,0.15876226127147675
YDR123C,YBR114W,1,3.7783847,0.1392543911933899,0.22862286865711212,0.15876226127147675
YDR123C,YOL068C,1,3.7780704,0.13972602784633636,0.2295229583978653,0.15876226127147675
YCR027C,YDR051C,0,3.777285,0.13964951038360596,0.2295229583978653,0.1588633805513382
YHR187W,YPR075C,0,3.7772336,0.13957306742668152,0.2295229583978653,0.15896449983119965
YIR023W,YER142C,1,3.777165,0.14004376530647278,0.23042304813861847,0.15896449983119965
YMR244C-A,YBL019W,0,3.7771115,0.1399671882390976,0.23042304813861847,0.1590656340122223
YPL192C,YGL008C,0,3.7769222,0.13989071547985077,0.23042304813861847,0.15916675329208374
YLR297W,YER075C,0,3.7768292,0.13981430232524872,0.23042304813861847,0.1592678725719452
YNL222W,YGR098C,0,3.7768145,0.13973799347877502,0.23042304813861847,0.15936899185180664
YOR192C-B,YDL102W,1,3.7764297,0.14020730555057526,0.23132313787937164,0.15936899185180664
YIL073C,YOR083W,0,3.7759423,0.14013086259365082,0.23132313787937164,0.1594701111316681
YGR227W,YPR201W,0,3.7756424,0.14005449414253235,0.23132313787937164,0.15957124531269073
YBR258C,YIL131C,0,3.7756042,0.13997821509838104,0.23132313787937164,0.15967236459255219
YDL044C,YGL077C,0,3.7755518,0.1399020105600357,0.23132313787937164,0.15977348387241364
YKL086W,YMR154C,0,3.7749796,0.13982589542865753,0.23132313787937164,0.15987460315227509
YCR027C,YDL103C,0,3.7749138,0.13974986970424652,0.23132313787937164,0.15997573733329773
YDR214W,YLR216C,0,3.7742667,0.13967391848564148,0.23132313787937164,0.16007685661315918
YPL046C,YLL054C,0,3.7742615,0.1395980417728424,0.23132313787937164,0.16017797589302063
YNL002C,YHR124W,0,3.7742615,0.1395222544670105,0.23132313787937164,0.16027909517288208
YDR485C,YDR522C,0,3.7742028,0.13944655656814575,0.23132313787937164,0.16038021445274353
YLR272C,YDR484W,0,3.7734208,0.13937093317508698,0.23132313787937164,0.16048134863376617
YHL009C,YGR133W,0,3.7733488,0.13929539918899536,0.23132313787937164,0.16058246791362762
YBR126C,YKL209C,0,3.7730398,0.13921993970870972,0.23132313787937164,0.16068358719348907
YER058W,YBL019W,0,3.7730346,0.13914455473423004,0.23132313787937164,0.16078470647335052
YNL323W,YOR188W,0,3.7728615,0.13906925916671753,0.23132313787937164,0.16088582575321198
YOL068C,YBL019W,1,3.7726736,0.13953489065170288,0.23222322762012482,0.16088582575321198
YDR017C,YLR398C,0,3.7726011,0.13945946097373962,0.23222322762012482,0.16098695993423462
YGR229C,YDR217C,1,3.7725353,0.13992436230182648,0.233123317360878,0.16098695993423462
YDL153C,YDR099W,0,3.7723742,0.13984881341457367,0.233123317360878,0.16108807921409607
YDL103C,YNL087W,0,3.7720795,0.13977333903312683,0.233123317360878,0.16118919849395752
YHR143W-A,YJL100W,0,3.771635,0.13969795405864716,0.233123317360878,0.16129031777381897
YER006W,YFL003C,0,3.77148,0.13962264358997345,0.233123317360878,0.1613914519548416
YPL211W,YER141W,0,3.7707415,0.1395474076271057,0.233123317360878,0.16149257123470306
YGR161C-C,YMR060C,0,3.7702765,0.13947226107120514,0.233123317360878,0.16159369051456451
YLR240W,YGL002W,0,3.7700152,0.13939720392227173,0.233123317360878,0.16169480979442596
YNL254C,YPR056W,0,3.7689276,0.1393222212791443,0.233123317360878,0.16179592907428741
YDR314C,YML019W,0,3.7688618,0.13924731314182281,0.233123317360878,0.16189706325531006
YFL050C,YDR255C,0,3.7687712,0.1391724944114685,0.233123317360878,0.1619981825351715
YJL122W,YGR091W,0,3.768734,0.13909775018692017,0.233123317360878,0.16209930181503296
YGR166W,YNL087W,0,3.7677622,0.1390230804681778,0.233123317360878,0.1622004210948944
YGR041W,YIL044C,0,3.7673707,0.1389485001564026,0.233123317360878,0.16230154037475586
YCL030C,YOR339C,0,3.7645116,0.13887399435043335,0.233123317360878,0.1624026745557785
YPL009C,YOL091W,0,3.7643094,0.13879957795143127,0.233123317360878,0.16250379383563995
YML025C,YLR368W,0,3.764089,0.13872522115707397,0.233123317360878,0.1626049131155014
YOR362C,YDR266C,0,3.7637095,0.13865096867084503,0.233123317360878,0.16270603239536285
YGR005C,YEL032W,1,3.7635746,0.13911183178424835,0.23402340710163116,0.16270603239536285
YIL082W-A,YGR249W,1,3.763256,0.13957218825817108,0.23492349684238434,0.16270603239536285
YPR107C,YOR003W,0,3.762854,0.13949759304523468,0.23492349684238434,0.1628071665763855
YEL034W,YKL084W,0,3.7625494,0.13942307233810425,0.23492349684238434,0.16290828585624695
YHL009C,YGR067C,1,3.7614055,0.13988253474235535,0.2358235865831375,0.16290828585624695
YCR027C,YBR239C,0,3.7613788,0.13980789482593536,0.2358235865831375,0.1630094051361084
YER035W,YKR025W,0,3.7611623,0.13973332941532135,0.2358235865831375,0.16311052441596985
YGR038C-A,YNL148C,0,3.761075,0.1396588534116745,0.2358235865831375,0.1632116436958313
YLR222C,YDL239C,0,3.7607284,0.13958443701267242,0.2358235865831375,0.16331277787685394
YLL039C,YKR025W,0,3.7606883,0.1395101100206375,0.2358235865831375,0.1634138971567154
YMR280C,YBR008C,0,3.76046,0.13943587243556976,0.2358235865831375,0.16351501643657684
YGL011C,YHR143W-A,0,3.760374,0.13936170935630798,0.2358235865831375,0.1636161357164383
YOR210W,YHR178W,1,3.7602806,0.13981924951076508,0.23672367632389069,0.1636161357164383
YJR056C,YDR147W,0,3.7600536,0.13974495232105255,0.23672367632389069,0.16371725499629974
YGL130W,YLR066W,0,3.7593322,0.1396707445383072,0.23672367632389069,0.1638183891773224
YOR095C,YDR202C,0,3.7593307,0.1395965963602066,0.23672367632389069,0.16391950845718384
YIL085C,YBR004C,0,3.7588396,0.13952255249023438,0.23672367632389069,0.1640206277370453
YGR195W,YLR003C,0,3.7588034,0.13944856822490692,0.23672367632389069,0.16412174701690674
YFR046C,YMR293C,0,3.758603,0.13937467336654663,0.23672367632389069,0.16422288119792938
YDR034C-D,YHR191C,1,3.7581468,0.13983051478862762,0.23762376606464386,0.16422288119792938
YGR247W,YJL099W,0,3.7575917,0.1397564858198166,0.23762376606464386,0.16432400047779083
YGR161C-D,YLR183C,1,3.7575688,0.14021164178848267,0.23852385580539703,0.16432400047779083
YNL102W,YKL062W,1,3.757534,0.14066632091999054,0.2394239455461502,0.16432400047779083
YEL055C,YBL005W-A,0,3.757197,0.14059196412563324,0.2394239455461502,0.16442511975765228
YDR147W,YOR210W,0,3.7567868,0.1405176967382431,0.2394239455461502,0.16452623903751373
YEL055C,YGR065C,0,3.7563329,0.14044350385665894,0.2394239455461502,0.16462735831737518
YNL116W,YMR060C,0,3.7560763,0.14036940038204193,0.2394239455461502,0.16472849249839783
YMR190C,YJL113W,0,3.7560053,0.1402953565120697,0.2394239455461502,0.16482961177825928
YKL222C,YNL106C,0,3.7558126,0.14022140204906464,0.2394239455461502,0.16493073105812073
YGL145W,YDR186C,0,3.7556996,0.14014752209186554,0.2394239455461502,0.16503185033798218
YBL101C,YDL191W,0,3.7555819,0.1400737166404724,0.2394239455461502,0.16513296961784363
YNL021W,YHR043C,0,3.7555084,0.14000000059604645,0.2394239455461502,0.16523410379886627
YAR003W,YLR210W,0,3.7554178,0.13992635905742645,0.2394239455461502,0.16533522307872772
YPL152W,YDR352W,0,3.7550569,0.13985279202461243,0.2394239455461502,0.16543634235858917
YMR104C,YGL257C,0,3.7548041,0.13977929949760437,0.2394239455461502,0.16553746163845062
YDR191W,YPL022W,1,3.754743,0.14023108780384064,0.24032403528690338,0.16553746163845062
YNL225C,YDR198C,0,3.7542787,0.14015747606754303,0.24032403528690338,0.16563858091831207
YKL049C,YOR336W,0,3.7538962,0.1400839388370514,0.24032403528690338,0.16573971509933472
YLR210W,YGR206W,0,3.7537165,0.14001049101352692,0.24032403528690338,0.16584083437919617
YLR205C,YER122C,0,3.7536511,0.13993710279464722,0.24032403528690338,0.16594195365905762
YBR088C,YNL106C,0,3.7531333,0.13986380398273468,0.24032403528690338,0.16604307293891907
YDR210W-A,YPL108W,0,3.753006,0.1397905796766281,0.24032403528690338,0.1661442071199417
YHR183W,YOR083W,0,3.7527971,0.13971742987632751,0.24032403528690338,0.16624532639980316
YKR086W,YPR056W,0,3.7527933,0.13964435458183289,0.24032403528690338,0.1663464456796646
YPR158W-B,YDL102W,1,3.7526493,0.1400940865278244,0.24122412502765656,0.1663464456796646
YPR158W-B,YER179W,1,3.752398,0.1405433714389801,0.24212421476840973,0.1663464456796646
YBL016W,YBR161W,0,3.7523437,0.1404699683189392,0.24212421476840973,0.16644756495952606
YIL066C,YML093W,0,3.7518058,0.14039665460586548,0.24212421476840973,0.1665486842393875
YLR144C,YNL075W,0,3.7509003,0.14032341539859772,0.24212421476840973,0.16664981842041016
YCR066W,YLR136C,1,3.7504134,0.14077164232730865,0.2430243045091629,0.16664981842041016
YLR340W,YBR161W,0,3.7503862,0.14069828391075134,0.2430243045091629,0.1667509377002716
YJL010C,YDR314C,0,3.7503219,0.140625,0.2430243045091629,0.16685205698013306
YMR021C,YHR196W,0,3.750166,0.14055179059505463,0.2430243045091629,0.1669531762599945
YNL256W,YDR255C,0,3.749926,0.14047867059707642,0.2430243045091629,0.16705429553985596
YLR320W,YLR424W,0,3.7497678,0.14040561020374298,0.2430243045091629,0.1671554297208786
YDR266C,YHR166C,0,3.7491498,0.1403326392173767,0.2430243045091629,0.16725654900074005
YDL226C,YDR540C,0,3.7488904,0.1402597427368164,0.2430243045091629,0.1673576682806015
YDR191W,YPL060C-A,0,3.7484474,0.14018692076206207,0.2430243045091629,0.16745878756046295
YBR136W,YDR141C,0,3.7483206,0.1401141732931137,0.2430243045091629,0.1675599217414856
YMR045C,YKL222C,1,3.7480593,0.14056016504764557,0.24392439424991608,0.1675599217414856
YER011W,YMR067C,0,3.7480278,0.14048729836940765,0.24392439424991608,0.16766104102134705
YGL250W,YDR043C,0,3.7477736,0.1404145061969757,0.24392439424991608,0.1677621603012085
YJR147W,YBR026C,1,3.7476673,0.1408596634864807,0.24482448399066925,0.1677621603012085
YER172C,YJR077C,0,3.7474437,0.14078675210475922,0.24482448399066925,0.16786327958106995
YLR098C,YNL151C,1,3.7465339,0.1412312537431717,0.24572457373142242,0.16786327958106995
YKR045C,YMR251W-A,0,3.7455559,0.14115822315216064,0.24572457373142242,0.1679643988609314
YFR028C,YJR044C,0,3.7454967,0.14108526706695557,0.24572457373142242,0.16806553304195404
YGR166W,YOR312C,0,3.7449942,0.14101240038871765,0.24572457373142242,0.1681666523218155
YMR106C,YPL187W,0,3.744791,0.1409395933151245,0.24572457373142242,0.16826777160167694
YOL108C,YIL056W,1,3.7447333,0.1413828730583191,0.2466246634721756,0.16826777160167694
YFL055W,YLR274W,0,3.7435455,0.1413099467754364,0.2466246634721756,0.1683688908815384
YPR183W,YOL130W,0,3.7431393,0.14123710989952087,0.2466246634721756,0.16847001016139984
YPL236C,YLR205C,0,3.7427058,0.14116434752941132,0.2466246634721756,0.16857114434242249
YDR034C-D,YFL024C,0,3.7417989,0.14109165966510773,0.2466246634721756,0.16867226362228394
YMR092C,YML019W,0,3.741765,0.1410190463066101,0.2466246634721756,0.16877338290214539
YCR066W,YDR440W,1,3.7414818,0.14146091043949127,0.24752475321292877,0.16877338290214539
YCL045C,YLR226W,0,3.741249,0.1413881778717041,0.24752475321292877,0.16887450218200684
YDR338C,YPR164W,0,3.740862,0.1413155198097229,0.24752475321292877,0.16897563636302948
YNL090W,YHR176W,0,3.7406597,0.14124293625354767,0.24752475321292877,0.16907675564289093
YDR153C,YLL052C,0,3.7406597,0.1411704272031784,0.24752475321292877,0.16917787492275238
YDR314C,YBL005W-A,0,3.7403297,0.1410979926586151,0.24752475321292877,0.16927899420261383
YLR307W,YML069W,0,3.7400632,0.14102564752101898,0.24752475321292877,0.16938011348247528
YJR095W,YER075C,0,3.7400284,0.14095336198806763,0.24752475321292877,0.16948124766349792
YLR136C,YKL185W,1,3.7399988,0.14139343798160553,0.24842484295368195,0.16948124766349792
YDR338C,YGR195W,0,3.739756,0.14132104814052582,0.24842484295368195,0.16958236694335938
YNL139C,YJL138C,0,3.7396584,0.14124871790409088,0.24842484295368195,0.16968348622322083
YGL134W,YAL061W,0,3.7396145,0.1411764770746231,0.24842484295368195,0.16978460550308228
YBL102W,YLR233C,0,3.7395253,0.1411042958498001,0.24842484295368195,0.16988572478294373
YKR081C,YCR068W,0,3.7391982,0.14103218913078308,0.24842484295368195,0.16998685896396637
YDR225W,YOL067C,1,3.738905,0.14147089421749115,0.24932493269443512,0.16998685896396637
YGL038C,YNL058C,0,3.7385397,0.14139866828918457,0.24932493269443512,0.17008797824382782
YPL283C,YBR044C,0,3.73774,0.14132653176784515,0.24932493269443512,0.17018909752368927
YJL203W,YGL257C,0,3.7377295,0.1412544548511505,0.24932493269443512,0.17029021680355072
YBR203W,YOR284W,0,3.7373285,0.14118246734142303,0.24932493269443512,0.17039135098457336
YBR077C,YDR352W,0,3.7372322,0.14111053943634033,0.24932493269443512,0.17049247026443481
YHR216W,YKL071W,0,3.7370682,0.1410387009382248,0.24932493269443512,0.17059358954429626
YLR410W,YGR203W,0,3.7364888,0.14096692204475403,0.24932493269443512,0.17069470882415771
YGL183C,YPL128C,1,3.7363539,0.14140386879444122,0.2502250373363495,0.17069470882415771
YMR244C-A,YOR073W,0,3.7362375,0.1413319706916809,0.2502250373363495,0.17079582810401917
YIR034C,YBR079C,0,3.7359095,0.14126016199588776,0.2502250373363495,0.1708969622850418
YPR107C,YJL203W,0,3.7356968,0.14118842780590057,0.2502250373363495,0.17099808156490326
YEL026W,YJR093C,0,3.7353911,0.14111675322055817,0.2502250373363495,0.1710992008447647
YMR106C,YDR037W,0,3.7352939,0.14104515314102173,0.2502250373363495,0.17120032012462616
YOR210W,YGR038C-B,1,3.7351556,0.1414807289838791,0.25112512707710266,0.17120032012462616
YDR180W,YHL018W,0,3.7348638,0.1414090245962143,0.25112512707710266,0.1713014394044876
YPL212C,YLL032C,0,3.734448,0.14133737981319427,0.25112512707710266,0.17140257358551025
YBL040C,YBL066C,0,3.733593,0.14126582443714142,0.25112512707710266,0.1715036928653717
YJL018W,YLR342W,0,3.7334027,0.14119432866573334,0.25112512707710266,0.17160481214523315
YJL018W,YDR267C,0,3.7333622,0.14112290740013123,0.25112512707710266,0.1717059314250946
YKL137W,YKR018C,0,3.7333522,0.14105156064033508,0.25112512707710266,0.17180706560611725
YCR089W,YBR008C,0,3.7332592,0.1409802883863449,0.25112512707710266,0.1719081848859787
YDR027C,YGL099W,0,3.7328982,0.1409090906381607,0.25112512707710266,0.17200930416584015
YGR240C,YML033W,0,3.7326493,0.14083796739578247,0.25112512707710266,0.1721104234457016
YGR108W,YDR171W,0,3.7325153,0.140766903758049,0.25112512707710266,0.17221154272556305
YMR164C,YPL086C,0,3.7324872,0.14069591462612152,0.25112512707710266,0.1723126769065857
YGL130W,YMR060C,0,3.7324486,0.140625,0.25112512707710266,0.17241379618644714
YOL091W,YBR079C,0,3.7319288,0.14055415987968445,0.25112512707710266,0.1725149154663086
YJL010C,YBR110W,0,3.7319007,0.14048337936401367,0.25112512707710266,0.17261603474617004
YBR103W,YNL327W,0,3.7318716,0.14041268825531006,0.25112512707710266,0.1727171540260315
YGR287C,YOL017W,0,3.7309985,0.14034205675125122,0.25112512707710266,0.17281828820705414
YLR150W,YNL054W-B,1,3.7308493,0.14077426493167877,0.25202521681785583,0.17281828820705414
YBR290W,YCL010C,0,3.7304897,0.14070351421833038,0.25202521681785583,0.1729194074869156
YML093W,YGR098C,0,3.7304378,0.14063285291194916,0.25202521681785583,0.17302052676677704
YPL266W,YLR133W,0,3.7304158,0.1405622512102127,0.25202521681785583,0.1731216460466385
YPR162C,YBL003C,1,3.7304087,0.14099347591400146,0.252925306558609,0.1731216460466385
YFL003C,YPL082C,1,3.7301493,0.1414242684841156,0.2538253962993622,0.1731216460466385
YNL064C,YBR200W,0,3.729898,0.14135338366031647,0.2538253962993622,0.17322278022766113
YLR406C,YLR376C,0,3.7296805,0.1412825584411621,0.2538253962993622,0.17332389950752258
YNR054C,YDR294C,0,3.7295375,0.14121182262897491,0.2538253962993622,0.17342501878738403
YPR164W,YML121W,0,3.7292948,0.1411411464214325,0.2538253962993622,0.17352613806724548
YKR081C,YDL010W,0,3.7291713,0.14107052981853485,0.2538253962993622,0.17362725734710693
YJL076W,YLR210W,0,3.7287588,0.14100000262260437,0.2538253962993622,0.17372839152812958
YMR278W,YDL214C,0,3.727994,0.14092953503131866,0.2538253962993622,0.17382951080799103
YDR081C,YJL194W,1,3.7279139,0.1413586437702179,0.25472548604011536,0.17382951080799103
YLR240W,YFL009W,0,3.727757,0.14128807187080383,0.25472548604011536,0.17393063008785248
YLR226W,YMR199W,0,3.7276554,0.14121755957603455,0.25472548604011536,0.17403174936771393
YOR128C,YOR307C,0,3.7276254,0.14114713668823242,0.25472548604011536,0.17413286864757538
YFL053W,YDL066W,0,3.7274394,0.14107677340507507,0.25472548604011536,0.17423400282859802
YGR277C,YOR214C,0,3.7267418,0.1410064846277237,0.25472548604011536,0.17433512210845947
YER118C,YGR278W,0,3.72651,0.1409362554550171,0.25472548604011536,0.17443624138832092
YMR260C,YMR154C,0,3.7256837,0.14086610078811646,0.25472548604011536,0.17453736066818237
YLR362W,YDR198C,0,3.7252474,0.1407960206270218,0.25472548604011536,0.17463847994804382
YJL177W,YMR134W,0,3.7250142,0.1407260000705719,0.25472548604011536,0.17473961412906647
YDR392W,YLR157C-B,1,3.7248287,0.14115308225154877,0.25562557578086853,0.17473961412906647
YFR028C,YOR178C,0,3.7245955,0.14108295738697052,0.25562557578086853,0.17484073340892792
YFL055W,YIL073C,0,3.7241936,0.14101290702819824,0.25562557578086853,0.17494185268878937
YDR253C,YPR135W,1,3.72366,0.14143919944763184,0.2565256655216217,0.17494185268878937
YMR280C,YBL103C,1,3.7234778,0.141865074634552,0.2574257552623749,0.17494185268878937
YPR158C-D,YBR088C,1,3.723237,0.14229053258895874,0.25832584500312805,0.17494185268878937
YIL016W,YKR003W,0,3.7231898,0.14222002029418945,0.25832584500312805,0.17504297196865082
YPL241C,YJL113W,0,3.7231026,0.14214958250522614,0.25832584500312805,0.17514410614967346
YPR164W,YGR065C,0,3.7230554,0.1420792043209076,0.25832584500312805,0.1752452254295349
YOR371C,YBR179C,0,3.7227354,0.14200890064239502,0.25832584500312805,0.17534634470939636
YBR203W,YPR103W,0,3.722458,0.14193867146968842,0.25832584500312805,0.1754474639892578
YMR134W,YHR032W,0,3.7220254,0.14186851680278778,0.25832584500312805,0.17554858326911926
YNL064C,YIR003W,0,3.7219353,0.14179842174053192,0.25832584500312805,0.1756497174501419
YFL024C,YOL017W,0,3.7218428,0.14172840118408203,0.25832584500312805,0.17575083673000336
YOL094C,YNL329C,0,3.7217426,0.14165844023227692,0.25832584500312805,0.1758519560098648
YJR090C,YBL084C,0,3.7216592,0.14158855378627777,0.25832584500312805,0.17595307528972626
YDR043C,YPL069C,0,3.7216015,0.1415187418460846,0.25832584500312805,0.1760541945695877
YDR311W,YPL249C-A,0,3.7215443,0.1414489895105362,0.25832584500312805,0.17615532875061035
YBR258C,YCL020W,0,3.7215114,0.14137931168079376,0.25832584500312805,0.1762564480304718
YKL112W,YGR067C,1,3.7212663,0.14180207252502441,0.2592259347438812,0.1762564480304718
YDR194C,YLL023C,0,3.7212572,0.14173229038715363,0.2592259347438812,0.17635756731033325
YMR011W,YDL042C,0,3.7212443,0.1416625678539276,0.2592259347438812,0.1764586865901947
YBL018C,YJL100W,0,3.7210793,0.14159291982650757,0.2592259347438812,0.17655982077121735
YGL254W,YPL275W,0,3.7209911,0.1415233463048935,0.2592259347438812,0.1766609400510788
YBL006C,YDR255C,0,3.7208238,0.1414538323879242,0.2592259347438812,0.17676205933094025
YOR258W,YPL128C,1,3.7206812,0.14187531173229218,0.2601260244846344,0.17676205933094025
YBR126C,YBL003C,0,3.720583,0.14180569350719452,0.2601260244846344,0.1768631786108017
YER148W,YGR038C-B,1,3.720408,0.14222657680511475,0.2610261142253876,0.1768631786108017
YER111C,YOR358W,1,3.7198257,0.14264705777168274,0.26192620396614075,0.1768631786108017
YNL257C,YDR480W,0,3.7197108,0.1425771713256836,0.26192620396614075,0.17696429789066315
YPR175W,YDR099W,1,3.719676,0.14299705624580383,0.2628262937068939,0.17696429789066315
YMR263W,YBL005W-A,0,3.7195797,0.14292706549167633,0.2628262937068939,0.1770654320716858
YDL064W,YNL116W,0,3.7191505,0.1428571492433548,0.2628262937068939,0.17716655135154724
YOR178C,YFL008W,0,3.7187963,0.14278729259967804,0.2628262937068939,0.1772676706314087
YKL188C,YGR140W,0,3.718608,0.14271749556064606,0.2628262937068939,0.17736878991127014
YPL003W,YOR077W,0,3.718503,0.14264777302742004,0.2628262937068939,0.1774699091911316
YPR183W,YLR308W,0,3.718305,0.142578125,0.2628262937068939,0.17757104337215424
YNR023W,YMR323W,0,3.7174888,0.14250853657722473,0.2628262937068939,0.17767216265201569
YFL034C-A,YBR204C,0,3.717338,0.14243902266025543,0.2628262937068939,0.17777328193187714
YOR128C,YDR302W,0,3.7170105,0.1423695832490921,0.2628262937068939,0.1778744012117386
YDR020C,YGL175C,0,3.7169614,0.14230018854141235,0.2628262937068939,0.17797553539276123
YGR249W,YMR067C,0,3.716928,0.14223088324069977,0.2628262937068939,0.17807665467262268
YBL040C,YLR332W,0,3.7168741,0.14216163754463196,0.2628262937068939,0.17817777395248413
YBL050W,YML093W,0,3.7166743,0.14209245145320892,0.2628262937068939,0.17827889323234558
YKL084W,YNL113W,0,3.7162642,0.14202333986759186,0.2628262937068939,0.17838001251220703
YGR231C,YPL192C,0,3.716022,0.14195430278778076,0.2628262937068939,0.17848114669322968
YER130C,YDL101C,1,3.7158213,0.14237123727798462,0.2637263834476471,0.17848114669322968
YER042W,YKL208W,0,3.7157388,0.14230208098888397,0.2637263834476471,0.17858226597309113
YGR214W,YOL104C,1,3.7155147,0.14271844923496246,0.26462647318840027,0.17858226597309113
YLR297W,YPL237W,0,3.71531,0.14264920353889465,0.26462647318840027,0.17868338525295258
YDR151C,YJR140C,1,3.7150335,0.14306499063968658,0.26552656292915344,0.17868338525295258
YMR021C,YLR071C,0,3.7148013,0.14299564063549042,0.26552656292915344,0.17878450453281403
YJL204C,YER011W,0,3.7142587,0.14292635023593903,0.26552656292915344,0.17888562381267548
YDR006C,YFL022C,0,3.7139964,0.1428571492433548,0.26552656292915344,0.17898675799369812
YJR090C,YPL230W,0,3.713809,0.14278799295425415,0.26552656292915344,0.17908787727355957
YER065C,YNL225C,0,3.7137003,0.14271891117095947,0.26552656292915344,0.17918899655342102
YDL005C,YLR368W,0,3.7136426,0.14264990389347076,0.26552656292915344,0.17929011583328247
YMR268C,YLR210W,0,3.7135959,0.14258095622062683,0.26552656292915344,0.17939125001430511
YJR090C,YKR029C,0,3.7132936,0.14251208305358887,0.26552656292915344,0.17949236929416656
YIR013C,YKL157W,0,3.7130446,0.14244326949119568,0.26552656292915344,0.17959348857402802
YGL121C,YKL148C,0,3.7129874,0.14237451553344727,0.26552656292915344,0.17969460785388947
YKR098C,YGL055W,0,3.7123551,0.14230583608150482,0.26552656292915344,0.17979572713375092
YPR075C,YJL203W,0,3.7121053,0.14223721623420715,0.26552656292915344,0.17989686131477356
YBL040C,YGL201C,0,3.7120438,0.14216867089271545,0.26552656292915344,0.179997980594635
YJL047C,YGL054C,0,3.7119207,0.14210020005702972,0.26552656292915344,0.18009909987449646
YER069W,YGL175C,0,3.7119002,0.14203177392482758,0.26552656292915344,0.1802002191543579
YGR209C,YLR308W,0,3.7114053,0.1419634222984314,0.26552656292915344,0.18030133843421936
YMR011W,YML118W,0,3.711235,0.1418951451778412,0.26552656292915344,0.180402472615242
YIL041W,YNL270C,0,3.7102947,0.14182692766189575,0.26552656292915344,0.18050359189510345
YNR063W,YIR010W,0,3.7102647,0.1417587697505951,0.26552656292915344,0.1806047111749649
YLR406C,YDR446W,0,3.7099113,0.1416906863451004,0.26552656292915344,0.18070583045482635
YGR289C,YOR077W,0,3.7093577,0.1416226625442505,0.26552656292915344,0.180806964635849
YPR009W,YLR421C,0,3.7091303,0.14155469834804535,0.26552656292915344,0.18090808391571045
YBR083W,YER095W,1,3.7089014,0.14196643233299255,0.2664266526699066,0.18090808391571045
YLR135W,YNL299W,0,3.7086935,0.14189836382865906,0.2664266526699066,0.1810092031955719
YER039C,YDR394W,0,3.7086077,0.14183038473129272,0.2664266526699066,0.18111032247543335
YML033W,YKL012W,0,3.7085652,0.14176245033740997,0.2664266526699066,0.1812114417552948
YPR183W,YBR154C,0,3.7084985,0.1416945904493332,0.2664266526699066,0.18131257593631744
YIR028W,YOR198C,0,3.7081704,0.14162679016590118,0.2664266526699066,0.1814136952161789
YLR226W,YPL283C,0,3.707621,0.14155906438827515,0.2664266526699066,0.18151481449604034
YBR103W,YIL049W,0,3.7072144,0.14149139821529388,0.2664266526699066,0.1816159337759018
YBR010W,YMR167W,1,3.7071867,0.14190158247947693,0.2673267424106598,0.1816159337759018
YBR228W,YPR023C,0,3.7067485,0.1418338119983673,0.2673267424106598,0.18171705305576324
YDR191W,YJL014W,0,3.7063775,0.14176611602306366,0.2673267424106598,0.1818181872367859
YNL082W,YKL184W,0,3.7055645,0.14169847965240479,0.2673267424106598,0.18191930651664734
YOR329C,YBR084C-A,0,3.7055202,0.14163090288639069,0.2673267424106598,0.1820204257965088
YOR231W,YBL100W-A,0,3.705296,0.14156340062618256,0.2673267424106598,0.18212154507637024
YER042W,YOR214C,0,3.705163,0.141495943069458,0.2673267424106598,0.1822226643562317
YDR171W,YBR018C,0,3.7051096,0.14142857491970062,0.2673267424106598,0.18232379853725433
YER045C,YJR035W,1,3.7049975,0.1418372243642807,0.26822683215141296,0.18232379853725433
YNL169C,YDR208W,0,3.704924,0.14176973700523376,0.26822683215141296,0.18242491781711578
YDR006C,YOR095C,0,3.704804,0.1417023241519928,0.26822683215141296,0.18252603709697723
YBL050W,YGL008C,0,3.704783,0.1416349858045578,0.26822683215141296,0.18262715637683868
YHR176W,YPL066W,0,3.7047544,0.14156769216060638,0.26822683215141296,0.18272829055786133
YDR147W,YOL077W-A,0,3.704557,0.14150047302246094,0.26822683215141296,0.18282940983772278
YCR069W,YPL108W,0,3.704464,0.14143331348896027,0.26822683215141296,0.18293052911758423
YNL116W,YGL245W,0,3.704124,0.14136622846126556,0.26822683215141296,0.18303164839744568
YKR022C,YBR154C,0,3.704008,0.14129918813705444,0.26822683215141296,0.18313276767730713
YDL153C,YJL159W,0,3.703383,0.1412322223186493,0.26822683215141296,0.18323390185832977
YOR344C,YGR027W-A,0,3.703281,0.1411653310060501,0.26822683215141296,0.18333502113819122
YBL006C,YBR203W,0,3.7032428,0.1410984843969345,0.26822683215141296,0.18343614041805267
YDR432W,YGR125W,0,3.7032065,0.14103171229362488,0.26822683215141296,0.18353725969791412
YBR088C,YPL082C,1,3.7030354,0.14143803715705872,0.26912692189216614,0.18353725969791412
YLR368W,YGR091W,0,3.7029572,0.14137116074562073,0.26912692189216614,0.18363837897777557
YNL067W,YPL060C-A,0,3.702776,0.14130434393882751,0.26912692189216614,0.18373951315879822
YCR042C,YHR034C,0,3.7024174,0.14123760163784027,0.26912692189216614,0.18384063243865967
YDL104C,YOR367W,0,3.7018209,0.1411709189414978,0.26912692189216614,0.18394175171852112
YBR210W,YDR489W,0,3.7014327,0.1411042958498001,0.26912692189216614,0.18404287099838257
YGR108W,YMR058W,0,3.7014065,0.1410377323627472,0.26912692189216614,0.1841440051794052
YAR050W,YMR164C,0,3.7012634,0.14097124338150024,0.26912692189216614,0.18424512445926666
YGR198W,YKL107W,0,3.7010775,0.14090481400489807,0.26912692189216614,0.1843462437391281
YNL197C,YDL236W,0,3.7008367,0.14083842933177948,0.26912692189216614,0.18444736301898956
YIR021W,YLR274W,0,3.7004867,0.14077213406562805,0.26912692189216614,0.184548482298851
YJR144W,YDL020C,1,3.6998754,0.1411764770746231,0.2700270116329193,0.184548482298851
YBL084C,YPL005W,0,3.6997385,0.14111006259918213,0.2700270116329193,0.18464961647987366
YIR034C,YJL076W,0,3.6996694,0.14104372262954712,0.2700270116329193,0.1847507357597351
YLR298C,YOR153W,0,3.699338,0.14097744226455688,0.2700270116329193,0.18485185503959656
YML038C,YPL192C,0,3.6992712,0.14091122150421143,0.2700270116329193,0.184952974319458
YMR135C,YKR045C,0,3.6990747,0.14084507524967194,0.2700270116329193,0.18505409359931946
YJL111W,YLL005C,0,3.698515,0.14077897369861603,0.2700270116329193,0.1851552277803421
YNL256W,YOR083W,0,3.6983304,0.1407129466533661,0.2700270116329193,0.18525634706020355
YJR137C,YGL029W,0,3.6982603,0.14064697921276093,0.2700270116329193,0.185357466340065
YKL027W,YKL160W,0,3.698032,0.14058107137680054,0.2700270116329193,0.18545858561992645
YPL012W,YNL272C,0,3.6977015,0.14051522314548492,0.2700270116329193,0.1855597198009491
YHL009W-A,YNL272C,0,3.6973257,0.1404494345188141,0.2700270116329193,0.18566083908081055
YLR369W,YER075C,0,3.6973066,0.14038372039794922,0.2700270116329193,0.185761958360672
YHL033C,YBR098W,0,3.6968622,0.14031805098056793,0.2700270116329193,0.18586307764053345
YLR014C,YEL009C,1,3.696755,0.1407199651002884,0.2709271013736725,0.18586307764053345
YGL160W,YNL099C,0,3.6963444,0.14065420627593994,0.2709271013736725,0.1859641969203949
YGR023W,YGL077C,0,3.696241,0.14058850705623627,0.2709271013736725,0.18606533110141754
YGR249W,YBR199W,0,3.696066,0.14052288234233856,0.2709271013736725,0.186166450381279
YHL007C,YLL039C,0,3.6959443,0.14045730233192444,0.2709271013736725,0.18626756966114044
YOL008W,YOR178C,0,3.6956973,0.14039179682731628,0.2709271013736725,0.1863686889410019
YOL016C,YBR186W,0,3.6955004,0.1403263360261917,0.2709271013736725,0.18646980822086334
YHR003C,YDR163W,0,3.69515,0.1402609497308731,0.2709271013736725,0.186570942401886
YGL131C,YOL041C,0,3.6951175,0.14019562304019928,0.2709271013736725,0.18667206168174744
YDL168W,YPR104C,0,3.6950436,0.14013035595417023,0.2709271013736725,0.1867731809616089
YNL125C,YMR121C,0,3.6946163,0.14006514847278595,0.2709271013736725,0.18687430024147034
YKL091C,YPL241C,0,3.6946154,0.14000000059604645,0.2709271013736725,0.18697543442249298
YFL036W,YKL086W,1,3.6943226,0.14039981365203857,0.27182719111442566,0.18697543442249298
YJL028W,YNR051C,0,3.6941133,0.1403345763683319,0.27182719111442566,0.18707655370235443
YML131W,YML111W,0,3.6938062,0.14026939868927002,0.27182719111442566,0.18717767298221588
YOR208W,YER065C,0,3.6935759,0.1402042657136917,0.27182719111442566,0.18727879226207733
YNL067W,YOR125C,0,3.6926851,0.14013920724391937,0.27182719111442566,0.18737991154193878
YGR049W,YER119C,0,3.6924558,0.1400742083787918,0.27182719111442566,0.18748104572296143
YDR034C-D,YER164W,1,3.6923819,0.140472874045372,0.27272728085517883,0.18748104572296143
YHL002W,YKL113C,0,3.6914139,0.14040778577327728,0.27272728085517883,0.18758216500282288
YBR200W,YGL099W,0,3.6912885,0.14034275710582733,0.27272728085517883,0.18768328428268433
YJL074C,YIL031W,0,3.6909037,0.14027777314186096,0.27272728085517883,0.18778440356254578
YNL090W,YOL013C,0,3.690858,0.14021286368370056,0.27272728085517883,0.18788552284240723
YDR202C,YDR037W,0,3.690834,0.14014801383018494,0.27272728085517883,0.18798665702342987
YKL096W,YDR123C,0,3.6906476,0.1400832235813141,0.27272728085517883,0.18808777630329132
YFL034C-A,YBL101C,0,3.6904745,0.14001847803592682,0.27272728085517883,0.18818889558315277
YPL132W,YIL073C,0,3.6902623,0.13995380699634552,0.27272728085517883,0.18829001486301422
YNL299W,YNL169C,0,3.6899467,0.139889195561409,0.27272728085517883,0.18839114904403687
YGR038C-B,YHR084W,1,3.689742,0.14028610289096832,0.273627370595932,0.18839114904403687
YNR073C,YGL099W,0,3.6896672,0.14022140204906464,0.273627370595932,0.18849226832389832
YPL030W,YPL057C,0,3.6894236,0.14015676081180573,0.273627370595932,0.18859338760375977
YKL025C,YGR087C,0,3.6881776,0.1400921642780304,0.273627370595932,0.18869450688362122
YDL181W,YOR095C,0,3.688057,0.14002764225006104,0.273627370595932,0.18879562616348267
YBL088C,YDR098C-B,1,3.687973,0.14042356610298157,0.2745274603366852,0.18879562616348267
YNL099C,YLL042C,0,3.6878972,0.14035895466804504,0.2745274603366852,0.1888967603445053
YPR079W,YIL168W,0,3.6876006,0.1402943879365921,0.2745274603366852,0.18899787962436676
YJL092W,YDR397C,1,3.6875787,0.1406896561384201,0.27542755007743835,0.18899787962436676
YIL150C,YIR018W,1,3.6870284,0.14108455181121826,0.27632763981819153,0.18899787962436676
YJL116C,YJL050W,0,3.6869211,0.14101974666118622,0.27632763981819153,0.1890989989042282
YBR235W,YDL174C,0,3.6865573,0.14095500111579895,0.27632763981819153,0.18920011818408966
YIR013C,YNL275W,0,3.6864634,0.14089031517505646,0.27632763981819153,0.1893012374639511
YMR021C,YLR057W,0,3.6864195,0.14082568883895874,0.27632763981819153,0.18940237164497375
YBR228W,YGL033W,0,3.6864123,0.1407611221075058,0.27632763981819153,0.1895034909248352
YMR288W,YDR261C-C,0,3.6862044,0.14069661498069763,0.27632763981819153,0.18960461020469666
YPL088W,YPR164W,0,3.6861677,0.14063215255737305,0.27632763981819153,0.1897057294845581
YPL227C,YLL042C,0,3.6858845,0.14056776463985443,0.27632763981819153,0.18980684876441956
YIL082W-A,YOR028C,1,3.6856194,0.14096109569072723,0.2772277295589447,0.18980684876441956
YLR166C,YKL113C,0,3.6854477,0.14089661836624146,0.2772277295589447,0.1899079829454422
YBR021W,YOR088W,0,3.6850877,0.14083218574523926,0.2772277295589447,0.19000910222530365
YPL005W,YIL110W,0,3.6850605,0.14076782763004303,0.2772277295589447,0.1901102215051651
YJL099W,YNL327W,0,3.685039,0.14070351421833038,0.2772277295589447,0.19021134078502655
YGL150C,YBR049C,1,3.6850162,0.14109589159488678,0.2781278192996979,0.19021134078502655
YFL050C,YEL003W,0,3.6849651,0.14103148877620697,0.2781278192996979,0.1903124749660492
YML118W,YCR089W,0,3.684599,0.14096716046333313,0.2781278192996979,0.19041359424591064
YMR283C,YPL212C,0,3.684586,0.14090287685394287,0.2781278192996979,0.1905147135257721
YDL104C,YML058W,0,3.6845732,0.1408386528491974,0.2781278192996979,0.19061583280563354
YJR063W,YOR298C-A,1,3.684567,0.14123006165027618,0.27902790904045105,0.19061583280563354
YOR094W,YCR066W,0,3.6844864,0.14116576313972473,0.27902790904045105,0.190716952085495
YNL323W,YJR014W,0,3.6842942,0.14110150933265686,0.27902790904045105,0.19081808626651764
YPR025C,YMR309C,0,3.684257,0.14103730022907257,0.27902790904045105,0.1909192055463791
YJR129C,YOR028C,0,3.6842403,0.14097316563129425,0.27902790904045105,0.19102032482624054
YKL146W,YNL035C,0,3.683978,0.1409090906381607,0.27902790904045105,0.191121444106102
YNR073C,YDL005C,0,3.683936,0.14084507524967194,0.27902790904045105,0.19122256338596344
YGL013C,YPL177C,1,3.6837358,0.14123524725437164,0.2799279987812042,0.19122256338596344
YNL054W-B,YKL086W,1,3.6837268,0.1416250616312027,0.2808280885219574,0.19122256338596344
YBR073W,YER157W,0,3.6825318,0.14156079292297363,0.2808280885219574,0.19132369756698608
YJR056C,YPL088W,0,3.6819034,0.14149659872055054,0.2808280885219574,0.19142481684684753
YJL076W,YBR201W,0,3.6813197,0.14143246412277222,0.2808280885219574,0.19152593612670898
YDR017C,YDR001C,0,3.6812143,0.14136837422847748,0.2808280885219574,0.19162705540657043
YJR002W,YOR303W,0,3.6811519,0.14130434393882751,0.2808280885219574,0.19172818958759308
YDR448W,YER162C,1,3.6805887,0.14169307053089142,0.28172817826271057,0.19172818958759308
YKL065C,YEL003W,0,3.6796784,0.14162896573543549,0.28172817826271057,0.19182930886745453
YGL112C,YLR410W-B,1,3.6795702,0.1420171856880188,0.28262826800346375,0.19182930886745453
YLR431C,YPR066W,0,3.6794477,0.1419529765844345,0.28262826800346375,0.19193042814731598
YHR083W,YLL042C,0,3.6790113,0.1418888419866562,0.28262826800346375,0.19203154742717743
YMR236W,YKL127W,0,3.6788511,0.14182475209236145,0.28262826800346375,0.19213266670703888
YJR095W,YNL265C,0,3.6787968,0.1417607218027115,0.28262826800346375,0.19223380088806152
YGL255W,YBR265W,0,3.6785588,0.1416967511177063,0.28262826800346375,0.19233492016792297
YPL283C,YOR339C,0,3.6778831,0.1416328400373459,0.28262826800346375,0.19243603944778442
YAR008W,YOR256C,0,3.6774364,0.14156897366046906,0.28262826800346375,0.19253715872764587
YHR079C-A,YHR107C,0,3.6769013,0.1415051817893982,0.28262826800346375,0.19263827800750732
YDL005C,YIR022W,0,3.676734,0.1414414346218109,0.28262826800346375,0.19273941218852997
YER039C,YLR378C,0,3.6764007,0.1413777619600296,0.28262826800346375,0.19284053146839142
YHR072W,YGR206W,0,3.676371,0.14131413400173187,0.28262826800346375,0.19294165074825287
YDL159W,YFR028C,0,3.6760879,0.14125056564807892,0.28262826800346375,0.19304277002811432
YER146W,YOL091W,0,3.675877,0.14118705689907074,0.28262826800346375,0.19314390420913696
YKL188C,YGR027W-A,0,3.6753812,0.14112359285354614,0.28262826800346375,0.1932450234889984
YPL236C,YDR180W,0,3.6751695,0.14106020331382751,0.28262826800346375,0.19334614276885986
YLR423C,YBR293W,0,3.6750746,0.14099685847759247,0.28262826800346375,0.1934472620487213
YOR362C,YGR091W,0,3.6749835,0.1409335732460022,0.28262826800346375,0.19354838132858276
YLR405W,YJL100W,0,3.6747427,0.1408703476190567,0.28262826800346375,0.1936495155096054
YDR506C,YOR077W,0,3.674273,0.14080718159675598,0.28262826800346375,0.19375063478946686
YJL051W,YOL049W,0,3.6741543,0.14074406027793884,0.28262826800346375,0.1938517540693283
YPR010C,YBR239C,1,3.6741138,0.1411290317773819,0.2835283577442169,0.1938517540693283
YLR069C,YFR044C,0,3.6740818,0.1410658359527588,0.2835283577442169,0.19395287334918976
YGR038W,YPR164W,0,3.6739182,0.14100268483161926,0.2835283577442169,0.1940539926290512
YGL065C,YDL044C,0,3.6739082,0.1409395933151245,0.2835283577442169,0.19415512681007385
YJL115W,YGL156W,0,3.6738458,0.14087656140327454,0.2835283577442169,0.1942562460899353
YPR082C,YPR022C,0,3.673614,0.14081358909606934,0.2835283577442169,0.19435736536979675
YNL082W,YML061C,1,3.6735544,0.14119750261306763,0.2844284474849701,0.19435736536979675
YKL071W,YDR216W,0,3.673357,0.14113444089889526,0.2844284474849701,0.1944584846496582
YCR088W,YLR110C,0,3.6733432,0.14107142388820648,0.2844284474849701,0.19455961883068085
YGR091W,YGL029W,0,3.672751,0.14100848138332367,0.2844284474849701,0.1946607381105423
YGR091W,YNL272C,0,3.6725507,0.14094558358192444,0.2844284474849701,0.19476185739040375
YGR038C-B,YGL012W,0,3.6725154,0.14088274538516998,0.2844284474849701,0.1948629766702652
YLR135W,YIL097W,0,3.6723804,0.1408199667930603,0.2844284474849701,0.19496409595012665
YHR063C,YLR319C,0,3.6720333,0.1407572329044342,0.2844284474849701,0.1950652301311493
YNL299W,YAR071W,0,3.6719675,0.14069457352161407,0.2844284474849701,0.19516634941101074
YDR163W,YER058W,0,3.6717544,0.14063195884227753,0.2844284474849701,0.1952674686908722
YDR058C,YJL093C,0,3.6708298,0.14056938886642456,0.2844284474849701,0.19536858797073364
YAL005C,YAR008W,0,3.6704736,0.14050689339637756,0.2844284474849701,0.1954697072505951
YLR225C,YOR293W,0,3.670309,0.14044444262981415,0.2844284474849701,0.19557084143161774
YFL062W,YFL034C-B,0,3.6703067,0.1403820514678955,0.2844284474849701,0.1956719607114792
YBR133C,YOR017W,0,3.6701927,0.14031971991062164,0.2844284474849701,0.19577307999134064
YOL090W,YDL150W,1,3.6700358,0.1407012939453125,0.28532853722572327,0.19577307999134064
YOR368W,YCR083W,0,3.6699777,0.14063885807991028,0.28532853722572327,0.1958741992712021
YJR047C,YJL091C,0,3.669682,0.14057649672031403,0.28532853722572327,0.19597533345222473
YPL241C,YBR102C,0,3.6696272,0.14051418006420135,0.28532853722572327,0.19607645273208618
YPL009C,YLR117C,0,3.6696029,0.14045192301273346,0.28532853722572327,0.19617757201194763
YGR207C,YBR167C,0,3.6695337,0.14038972556591034,0.28532853722572327,0.19627869129180908
YMR266W,YCR024C-A,0,3.669466,0.1403275728225708,0.28532853722572327,0.19637981057167053
YGL201C,YOR256C,0,3.668861,0.14026547968387604,0.28532853722572327,0.19648094475269318
YGR161C-D,YDR195W,1,3.6687393,0.14064572751522064,0.28622862696647644,0.19648094475269318
YPR158W-B,YKL086W,1,3.6685681,0.14102564752101898,0.2871287167072296,0.19648094475269318
YER141W,YBR021W,0,3.6683774,0.14096331596374512,0.2871287167072296,0.19658206403255463
YGR071C,YOR033C,1,3.6681743,0.14134275913238525,0.2880288064479828,0.19658206403255463
YMR019W,YOR358W,1,3.667388,0.14172185957431793,0.28892889618873596,0.19658206403255463
YPR201W,YEL009C,0,3.6673365,0.14165930449962616,0.28892889618873596,0.19668318331241608
YDR098C-B,YKR064W,1,3.6667337,0.14203794300556183,0.28982898592948914,0.19668318331241608
YDL005C,YGR284C,0,3.666453,0.1419753134250641,0.28982898592948914,0.19678430259227753
YBL042C,YPR061C,0,3.6664453,0.14191274344921112,0.28982898592948914,0.19688542187213898
YML033W,YOR245C,0,3.6657767,0.14185021817684174,0.28982898592948914,0.19698655605316162
YBR073W,YGR207C,0,3.6643782,0.14178775250911713,0.28982898592948914,0.19708767533302307
YPR025C,YOL021C,0,3.6641474,0.1417253464460373,0.28982898592948914,0.19718879461288452
YOR144C,YGR038C-B,0,3.6634736,0.14166299998760223,0.28982898592948914,0.19728991389274597
YGR278W,YER004W,0,3.6634655,0.14160069823265076,0.28982898592948914,0.19739103317260742
YLR226W,YOR171C,0,3.6629953,0.14153845608234406,0.28982898592948914,0.19749216735363007
YIR007W,YHR128W,0,3.662776,0.14147627353668213,0.28982898592948914,0.19759328663349152
YML019W,YNL336W,0,3.662601,0.14141413569450378,0.28982898592948914,0.19769440591335297
YOR056C,YPL060C-A,0,3.6624546,0.14135205745697021,0.28982898592948914,0.19779552519321442
YFL036W,YAL001C,1,3.6623363,0.14172883331775665,0.2907290756702423,0.19779552519321442
YDR322C-A,YER172C,0,3.662211,0.14166666567325592,0.2907290756702423,0.19789665937423706
YDR267C,YBR014C,0,3.6621766,0.14160455763339996,0.2907290756702423,0.1979977786540985
YNL124W,YMR323W,0,3.6620169,0.14154250919818878,0.2907290756702423,0.19809889793395996
YLR013W,YKL216W,0,3.6618433,0.14148050546646118,0.2907290756702423,0.1982000172138214
YGR048W,YAR066W,0,3.6617455,0.14141856133937836,0.2907290756702423,0.19830113649368286
YPR094W,YNL270C,0,3.6615644,0.1413566768169403,0.2907290756702423,0.1984022706747055
YML114C,YDR210W-A,0,3.6610985,0.14129483699798584,0.2907290756702423,0.19850338995456696
YBR102C,YBL067C,0,3.6610422,0.14123305678367615,0.2907290756702423,0.1986045092344284
YNL225C,YLR319C,0,3.660739,0.14117132127285004,0.2907290756702423,0.19870562851428986
YBR084C-A,YLR308W,0,3.6604514,0.1411096602678299,0.2907290756702423,0.1988067477941513
YLR388W,YPL249C,0,3.66016,0.14104802906513214,0.2907290756702423,0.19890788197517395
YMR154C,YDR291W,0,3.6599936,0.14098647236824036,0.2907290756702423,0.1990090012550354
YER003C,YPL283C,0,3.6598806,0.14092496037483215,0.2907290756702423,0.19911012053489685
YPL016W,YLR320W,0,3.6598516,0.14086349308490753,0.2907290756702423,0.1992112398147583
YMR021C,YGL065C,0,3.6598005,0.14080208539962769,0.2907290756702423,0.19931237399578094
YGL130W,YDR255C,0,3.6595469,0.14074073731899261,0.2907290756702423,0.1994134932756424
YOR033C,YBR229C,0,3.6591187,0.14067944884300232,0.2907290756702423,0.19951461255550385
YGR047C,YOL094C,1,3.6590533,0.14105354249477386,0.2916291654109955,0.19951461255550385
YNL329C,YML058W,0,3.6589003,0.1409921646118164,0.2916291654109955,0.1996157318353653
YML033W,YBR135W,0,3.6588445,0.14093084633350372,0.2916291654109955,0.19971685111522675
YDL153C,YHR001W,0,3.6587167,0.14086955785751343,0.2916291654109955,0.1998179852962494
YML062C,YKL184W,0,3.6585307,0.1408083438873291,0.2916291654109955,0.19991910457611084
YDR162C,YMR047C,0,3.6578832,0.14074717462062836,0.2916291654109955,0.2000202238559723
YNL082W,YPL029W,0,3.657848,0.1406860649585724,0.2916291654109955,0.20012134313583374
YPL060C-A,YLR421C,0,3.657546,0.140625,0.2916291654109955,0.2002224624156952
YDR519W,YBR083W,0,3.6574087,0.1405639946460724,0.2916291654109955,0.20032359659671783
YGR041W,YMR231W,0,3.6573615,0.14050303399562836,0.2916291654109955,0.20042471587657928
YGR247W,YGR067C,0,3.6565995,0.1404421329498291,0.2916291654109955,0.20052583515644073
YML076C,YGL201C,1,3.6565752,0.14081455767154694,0.29252925515174866,0.20052583515644073
YDR085C,YKL120W,0,3.6565208,0.14075356721878052,0.29252925515174866,0.20062695443630219
YHR112C,YOR010C,0,3.6564317,0.14069263637065887,0.29252925515174866,0.20072808861732483
YER122C,YGR206W,0,3.6564174,0.140631765127182,0.29252925515174866,0.20082920789718628
YDR446W,YPR004C,0,3.6563525,0.14057093858718872,0.29252925515174866,0.20093032717704773
YJR152W,YMR067C,0,3.6563182,0.14051015675067902,0.29252925515174866,0.20103144645690918
YBR132C,YGL133W,0,3.655889,0.1404494345188141,0.29252925515174866,0.20113256573677063
YGR109C,YOR077W,0,3.6558523,0.14038877189159393,0.29252925515174866,0.20123369991779327
YGR161C-C,YPL012W,0,3.6555896,0.14032815396785736,0.29252925515174866,0.20133481919765472
YOR100C,YBR288C,0,3.6549716,0.14026758074760437,0.29252925515174866,0.20143593847751617
YHR187W,YFL031W,0,3.6547542,0.14020708203315735,0.29252925515174866,0.20153705775737762
YKL008C,YGL033W,0,3.6547427,0.14014661312103271,0.29252925515174866,0.20163817703723907
YHL009W-A,YER058W,0,3.6543732,0.14008620381355286,0.29252925515174866,0.20173931121826172
YPL055C,YMR266W,0,3.6543584,0.14002585411071777,0.29252925515174866,0.20184043049812317
YHR115C,YNL316C,0,3.6543264,0.13996554911136627,0.29252925515174866,0.20194154977798462
YIR013C,YIL044C,0,3.6541266,0.13990528881549835,0.29252925515174866,0.20204266905784607
YDR462W,YOR100C,0,3.6540828,0.1398450881242752,0.29252925515174866,0.2021438032388687
YLR157C-A,YAR066W,0,3.6539993,0.13978494703769684,0.29252925515174866,0.20224492251873016
YIL031W,YER001W,0,3.653987,0.13972485065460205,0.29252925515174866,0.2023460417985916
YBR217W,YCR043C,0,3.6538177,0.13966479897499084,0.29252925515174866,0.20244716107845306
YPL127C,YLR323C,1,3.6533728,0.14003436267375946,0.29342934489250183,0.20244716107845306
YLR336C,YIR028W,0,3.6533413,0.13997423648834229,0.29342934489250183,0.20254828035831451
YLR408C,YDR153C,0,3.653235,0.13991416990756989,0.29342934489250183,0.20264941453933716
YCR027C,YNL316C,0,3.65271,0.13985413312911987,0.29342934489250183,0.2027505338191986
YNL054W-B,YLR182W,1,3.6526637,0.14022298157215118,0.294329434633255,0.2027505338191986
YOR362C,YBR239C,0,3.652616,0.1401628851890564,0.294329434633255,0.20285165309906006
YGR002C,YBR245C,1,3.6525903,0.1405312716960907,0.2952295243740082,0.20285165309906006
YLR157C-B,YJL074C,1,3.6524215,0.14089936017990112,0.29612961411476135,0.20285165309906006
YJL116C,YHL020C,0,3.6522274,0.14083904027938843,0.29612961411476135,0.2029527723789215
YNL264C,YLR210W,0,3.6521597,0.1407787799835205,0.29612961411476135,0.20305389165878296
YNL225C,YCR070W,0,3.6517715,0.14071856439113617,0.29612961411476135,0.2031550258398056
YCR071C,YDL165W,0,3.6516905,0.1406584084033966,0.29612961411476135,0.20325614511966705
YLR010C,YBL100W-B,1,3.6516323,0.14102564752101898,0.2970297038555145,0.20325614511966705
YLR310C,YER035W,0,3.6515331,0.14096540212631226,0.2970297038555145,0.2033572643995285
YPL190C,YBL019W,0,3.6507626,0.1409052163362503,0.2970297038555145,0.20345838367938995
YKR025W,YER160C,0,3.650432,0.14084507524967194,0.2970297038555145,0.2035595178604126
YGR161C-D,YAL001C,1,3.6495757,0.141211599111557,0.2979297935962677,0.2035595178604126
YNL126W,YKR098C,0,3.6495275,0.14115138351917267,0.2979297935962677,0.20366063714027405
YCL062W,YGL131C,0,3.6494408,0.1410912126302719,0.2979297935962677,0.2037617564201355
YMR182C,YMR078C,1,3.6494389,0.1414571851491928,0.2988298833370209,0.2037617564201355
YGL250W,YPL016W,0,3.6489959,0.14139693975448608,0.2988298833370209,0.20386287569999695
YDR365W-B,YPL030W,0,3.6489773,0.14133673906326294,0.2988298833370209,0.2039639949798584
YNL071W,YIR013C,0,3.6488662,0.14127659797668457,0.2988298833370209,0.20406512916088104
YGR161C-C,YOR033C,0,3.6488657,0.14121650159358978,0.2988298833370209,0.2041662484407425
YDR027C,YIL091C,0,3.6487217,0.14115646481513977,0.2988298833370209,0.20426736772060394
YEL034W,YOR196C,0,3.6483135,0.14109647274017334,0.2988298833370209,0.2043684870004654
YMR268C,YDL165W,0,3.6481433,0.14103654026985168,0.2988298833370209,0.20446960628032684
YCR097W,YDR198C,0,3.6476493,0.1409766525030136,0.2988298833370209,0.2045707404613495
YPR158W-B,YDR386W,1,3.6474729,0.14134125411510468,0.29972997307777405,0.2045707404613495
YER018C,YML075C,0,3.6472707,0.14128129184246063,0.29972997307777405,0.20467185974121094
YOL090W,YJL076W,1,3.6472054,0.14164546132087708,0.3006300628185272,0.20467185974121094
YNR056C,YPR065W,0,3.6469898,0.14158542454242706,0.3006300628185272,0.2047729790210724
YOL119C,YIL044C,0,3.6468744,0.14152541756629944,0.3006300628185272,0.20487409830093384
YDR261C-C,YDL188C,0,3.6465979,0.14146548509597778,0.3006300628185272,0.2049752175807953
YKL008C,YKL220C,0,3.6465783,0.14140558242797852,0.3006300628185272,0.20507635176181793
YGL131C,YOL077W-A,0,3.646078,0.14134575426578522,0.3006300628185272,0.20517747104167938
YNL126W,YDL214C,0,3.6459413,0.1412859559059143,0.3006300628185272,0.20527859032154083
YDL193W,YIL158W,0,3.6458764,0.14122621715068817,0.3006300628185272,0.20537970960140228
YBR212W,YLR373C,1,3.64503,0.1415891796350479,0.3015301525592804,0.20537970960140228
YNL053W,YBR179C,0,3.6449914,0.1415293663740158,0.3015301525592804,0.20548084378242493
YBR186W,YDL042C,0,3.6448894,0.14146959781646729,0.3015301525592804,0.20558196306228638
YBR258C,YOR056C,0,3.6448545,0.14140987396240234,0.3015301525592804,0.20568308234214783
YPR158W-B,YGL244W,1,3.6442938,0.14177215099334717,0.30243024230003357,0.20568308234214783
YBR068C,YDL014W,0,3.6441107,0.14171235263347626,0.30243024230003357,0.20578420162200928
YNL315C,YOR231W,0,3.6438632,0.14165261387825012,0.30243024230003357,0.20588532090187073
YDR142C,YIL103W,0,3.6438456,0.14159291982650757,0.30243024230003357,0.20598645508289337
YNL299W,YER073W,0,3.6437874,0.1415332704782486,0.30243024230003357,0.20608757436275482
YGL043W,YJL184W,1,3.6431742,0.14189474284648895,0.30333033204078674,0.20608757436275482
YNR054C,YOR130C,0,3.6431546,0.141835018992424,0.30333033204078674,0.20618869364261627
YJR067C,YDR198C,0,3.6430454,0.14177533984184265,0.30333033204078674,0.20628981292247772
YBL084C,YGR074W,0,3.6426926,0.14171572029590607,0.30333033204078674,0.20639093220233917
YNL312W,YDL104C,0,3.6425915,0.14165616035461426,0.30333033204078674,0.20649206638336182
YLR157C-A,YLR272C,0,3.642457,0.14159664511680603,0.30333033204078674,0.20659318566322327
YGR161C-C,YBL066C,0,3.6418996,0.14153717458248138,0.30333033204078674,0.20669430494308472
YDL132W,YIL082W-A,1,3.6416345,0.1418975591659546,0.3042304217815399,0.20669430494308472
YCR067C,YLR307W,0,3.6413174,0.14183801412582397,0.3042304217815399,0.20679542422294617
YGR161C-C,YNL014W,0,3.6412196,0.14177852869033813,0.3042304217815399,0.2068965584039688
YIL099W,YLR081W,0,3.6411552,0.14171907305717468,0.3042304217815399,0.20699767768383026
YBL006C,YGR249W,0,3.6408815,0.141659677028656,0.3042304217815399,0.2070987969636917
YIL082W-A,YJL122W,0,3.640687,0.1416003406047821,0.3042304217815399,0.20719991624355316
YKL137W,YOR088W,0,3.6405835,0.1415410339832306,0.3042304217815399,0.2073010355234146
YHL007C,YJL074C,0,3.6392603,0.14148178696632385,0.3042304217815399,0.20740216970443726
YDL025C,YER042W,0,3.6391082,0.1414225995540619,0.3042304217815399,0.2075032889842987
YPL124W,YPL228W,0,3.6388984,0.14136344194412231,0.3042304217815399,0.20760440826416016
YLL004W,YOR142W-B,1,3.6388297,0.1417224109172821,0.3051305115222931,0.20760440826416016
YNL321W,YHR072W-A,0,3.6381946,0.14166317880153656,0.3051305115222931,0.2077055275440216
YBR216C,YKL209C,0,3.6380715,0.1416040062904358,0.3051305115222931,0.20780664682388306
YOL008W,YDR163W,0,3.6376748,0.1415448784828186,0.3051305115222931,0.2079077810049057
YMR044W,YNL093W,0,3.637629,0.1414858102798462,0.3051305115222931,0.20800890028476715
YHR084W,YGR163W,0,3.6372309,0.14142678678035736,0.3051305115222931,0.2081100195646286
YCR070W,YJL160C,0,3.6371217,0.1413678079843521,0.3051305115222931,0.20821113884449005
YLR077W,YIL023C,0,3.6370163,0.14130887389183044,0.3051305115222931,0.2083122730255127
YPL248C,YBR278W,1,3.636798,0.14166666567325592,0.30603060126304626,0.2083122730255127
YDR123C,YGL175C,1,3.6365705,0.14202415943145752,0.30693069100379944,0.2083122730255127
YMR119W,YGR161C-C,0,3.6365137,0.14196503162384033,0.30693069100379944,0.20841339230537415
YGR038C-B,YLR003C,0,3.6363196,0.14190594851970673,0.30693069100379944,0.2085145115852356
YGL002W,YOL113W,0,3.6358972,0.1418469250202179,0.30693069100379944,0.20861563086509705
YCL019W,YDL155W,0,3.635707,0.14178794622421265,0.30693069100379944,0.2087167501449585
YDR034C-D,YOR030W,0,3.6354585,0.14172901213169098,0.30693069100379944,0.20881788432598114
YIL130W,YIL101C,1,3.6351666,0.14208558201789856,0.3078307807445526,0.20881788432598114
YLR157C-A,YLR355C,0,3.6347914,0.14202657341957092,0.3078307807445526,0.2089190036058426
YAR007C,YLR410W-B,1,3.6347303,0.14238272607326508,0.3087308704853058,0.2089190036058426
YNL290W,YBL008W,1,3.6346927,0.14273859560489655,0.30963096022605896,0.2089190036058426
YLR166C,YER122C,0,3.6341515,0.1426793932914734,0.30963096022605896,0.20902012288570404
YDR156W,YML121W,0,3.6339574,0.1426202356815338,0.30963096022605896,0.2091212421655655
YNL254C,YGR206W,0,3.6338463,0.14256112277507782,0.30963096022605896,0.20922236144542694
YOR130C,YGR132C,0,3.6328697,0.1425020694732666,0.30963096022605896,0.20932349562644958
YOL008W,YLR308W,0,3.6326952,0.14244306087493896,0.30963096022605896,0.20942461490631104
YDL004W,YOL060C,0,3.6326118,0.1423841118812561,0.30963096022605896,0.20952573418617249
YLR262C,YDR365W-B,0,3.632194,0.14232519268989563,0.30963096022605896,0.20962685346603394
YGL131C,YGL160W,0,3.631785,0.14226633310317993,0.30963096022605896,0.20972798764705658
YIL091C,YNL272C,0,3.631743,0.14220751821994781,0.30963096022605896,0.20982910692691803
YIL023C,YNR051C,0,3.631742,0.14214876294136047,0.30963096022605896,0.20993022620677948
YOR343W-B,YPL022W,1,3.6312346,0.14250309765338898,0.31053104996681213,0.20993022620677948
YPL128C,YBR014C,0,3.630908,0.14244426786899567,0.31053104996681213,0.21003134548664093
YOR346W,YGL070C,1,3.6307464,0.14279818534851074,0.3114311397075653,0.21003134548664093
YBL005W-A,YOR375C,0,3.6306014,0.14273928105831146,0.3114311397075653,0.21013246476650238
YGR249W,YFL002W-A,1,3.6305914,0.1430927813053131,0.3123312294483185,0.21013246476650238
YMR021C,YDL213C,0,3.630158,0.14303380250930786,0.3123312294483185,0.21023359894752502
YKL035W,YCL030C,0,3.630117,0.1429748684167862,0.3123312294483185,0.21033471822738647
YPL217C,YJR093C,0,3.6300077,0.1429159790277481,0.3123312294483185,0.21043583750724792
YAR066W,YNL327W,0,3.6299982,0.1428571492433548,0.3123312294483185,0.21053695678710938
YHR191C,YLR263W,1,3.6296825,0.14320987462997437,0.31323131918907166,0.21053695678710938
YDR452W,YDR267C,0,3.629641,0.14315097033977509,0.31323131918907166,0.21063807606697083
YLR157C-A,YLR155C,0,3.6293387,0.1430921107530594,0.31323131918907166,0.21073921024799347
YGL033W,YER058W,0,3.6285577,0.14303329586982727,0.31323131918907166,0.21084032952785492
YOR115C,YBR132C,0,3.6281495,0.14297452569007874,0.31323131918907166,0.21094144880771637
YFL031W,YBR265W,0,3.6281295,0.14291581511497498,0.31323131918907166,0.21104256808757782
YOR214C,YKR029C,0,3.627626,0.1428571492433548,0.31323131918907166,0.21114370226860046
YPL003W,YHL009W-A,0,3.627431,0.1427985280752182,0.31323131918907166,0.21124482154846191
YOR329C,YNL082W,0,3.6270943,0.14273995161056519,0.31323131918907166,0.21134594082832336
YDR462W,YGL131C,0,3.6270394,0.14268141984939575,0.31323131918907166,0.21144706010818481
YAR007C,YER138C,1,3.6267848,0.14303278923034668,0.31413140892982483,0.21144706010818481
YBR004C,YDR484W,0,3.6261382,0.14297419786453247,0.31413140892982483,0.21154817938804626
YBL045C,YBR154C,0,3.62578,0.14291563630104065,0.31413140892982483,0.2116493135690689
YLR157C-A,YDR206W,0,3.6255445,0.1428571492433548,0.31413140892982483,0.21175043284893036
YPR158W-A,YNL035C,0,3.625185,0.14279869198799133,0.31413140892982483,0.2118515521287918
YOL033W,YOL017W,0,3.6251512,0.14274027943611145,0.31413140892982483,0.21195267140865326
YPL008W,YML098W,1,3.6249084,0.14309075474739075,0.315031498670578,0.21195267140865326
YLR174W,YCR033W,0,3.6248784,0.1430322825908661,0.315031498670578,0.2120537906885147
YHR112C,YLR449W,0,3.6248765,0.142973855137825,0.315031498670578,0.21215492486953735
YDR365W-B,YGR013W,0,3.6244779,0.14291547238826752,0.315031498670578,0.2122560441493988
YLR157C-A,YKR045C,0,3.6243615,0.1428571492433548,0.315031498670578,0.21235716342926025
YOR361C,YDR186C,0,3.6241899,0.14279885590076447,0.315031498670578,0.2124582827091217
YCR066W,YDL227C,1,3.6240492,0.14314845204353333,0.3159315884113312,0.2124582827091217
YGL208W,YJL014W,0,3.6238852,0.14309009909629822,0.3159315884113312,0.21255941689014435
YGR287C,YFR028C,0,3.6236172,0.1430317908525467,0.3159315884113312,0.2126605361700058
YBR139W,YDL156W,0,3.6235151,0.14297352731227875,0.3159315884113312,0.21276165544986725
YGR087C,YDL020C,0,3.6231456,0.14291530847549438,0.3159315884113312,0.2128627747297287
YDR020C,YJL115W,0,3.623105,0.1428571492433548,0.3159315884113312,0.21296389400959015
YDR225W,YJL154C,0,3.6230493,0.1427990198135376,0.3159315884113312,0.2130650281906128
YDL010W,YLR319C,0,3.6225133,0.14274094998836517,0.3159315884113312,0.21316614747047424
YDR432W,YPR009W,0,3.6224427,0.14268292486667633,0.3159315884113312,0.2132672667503357
YDR184C,YNR039C,0,3.6223474,0.14262494444847107,0.3159315884113312,0.21336838603019714
YBR126C,YLR157C-A,0,3.6221094,0.14256702363491058,0.3159315884113312,0.2134695053100586
YNL126W,YMR164C,0,3.6217332,0.14250913262367249,0.3159315884113312,0.21357063949108124
YHL022C,YMR277W,0,3.621729,0.14245130121707916,0.3159315884113312,0.2136717587709427
YML131W,YKL096W,0,3.6216235,0.14239351451396942,0.3159315884113312,0.21377287805080414
YGR133W,YLR423C,0,3.6210237,0.14233577251434326,0.3159315884113312,0.2138739973306656
YML066C,YLL032C,0,3.6208553,0.14227807521820068,0.3159315884113312,0.21397511661052704
YJR090C,YDL002C,0,3.6206384,0.1422204226255417,0.3159315884113312,0.21407625079154968
YBR235W,YBR135W,0,3.6205916,0.14216281473636627,0.3159315884113312,0.21417737007141113
YFL003C,YDR310C,1,3.6201549,0.14251011610031128,0.31683167815208435,0.21417737007141113
YBR235W,YIL105C,0,3.6201215,0.1424524486064911,0.31683167815208435,0.21427848935127258
YDR006C,YML001W,0,3.6201038,0.14239482581615448,0.31683167815208435,0.21437960863113403
YCR070W,YJL104W,0,3.6200113,0.14233724772930145,0.31683167815208435,0.21448074281215668
YKL091C,YHR042W,0,3.6199107,0.142279714345932,0.31683167815208435,0.21458186209201813
YGR091W,YNL220W,0,3.6197543,0.14222222566604614,0.31683167815208435,0.21468298137187958
YDR316W-B,YML015C,1,3.6196136,0.1425686627626419,0.3177317678928375,0.21468298137187958
YHR032W,YNR051C,0,3.6193085,0.14251109957695007,0.3177317678928375,0.21478410065174103
YKL027W,YML130C,0,3.6191874,0.14245359599590302,0.3177317678928375,0.21488521993160248
YER054C,YIL082W-A,0,3.6191587,0.14239612221717834,0.3177317678928375,0.21498635411262512
YBL004W,YLR035C,0,3.6191463,0.14233870804309845,0.3177317678928375,0.21508747339248657
YHR034C,YHR178W,0,3.6190324,0.14228133857250214,0.3177317678928375,0.21518859267234802
YOL110W,YDL214C,0,3.6189523,0.1422240138053894,0.3177317678928375,0.21528971195220947
YCR102C,YER006W,0,3.6188917,0.14216673374176025,0.3177317678928375,0.21539083123207092
YDR155C,YHR123W,0,3.6188097,0.14210949838161469,0.3177317678928375,0.21549196541309357
YDR034C-D,YBR056W,0,3.6188068,0.1420523077249527,0.3177317678928375,0.21559308469295502
YJL116C,YMR024W,0,3.618772,0.14199517667293549,0.3177317678928375,0.21569420397281647
YNL299W,YDR210W-A,0,3.618576,0.14193807542324066,0.3177317678928375,0.21579532325267792
YDL156W,YJL203W,0,3.6181936,0.1418810337781906,0.3177317678928375,0.21589645743370056
YBR215W,YDL014W,0,3.6181216,0.14182402193546295,0.3177317678928375,0.215997576713562
YMR092C,YPR052C,0,3.6180902,0.14176706969738007,0.3177317678928375,0.21609869599342346
YER003C,YKL222C,0,3.617834,0.14171016216278076,0.3177317678928375,0.2161998152732849
YOR229W,YDR141C,0,3.6177535,0.14165328443050385,0.3177317678928375,0.21630093455314636
YOL008W,YGR038W,0,3.6176152,0.1415964663028717,0.3177317678928375,0.216402068734169
YOR192C-B,YLR318W,1,3.6173143,0.1419406533241272,0.3186318576335907,0.216402068734169
YLR084C,YHL009W-A,0,3.6172433,0.1418837606906891,0.3186318576335907,0.21650318801403046
YKL049C,YER058W,0,3.6169667,0.14182692766189575,0.3186318576335907,0.2166043072938919
YOL095C,YHR206W,1,3.616734,0.14217060804367065,0.31953194737434387,0.2166043072938919
YGR195W,YMR190C,0,3.61661,0.14211368560791016,0.31953194737434387,0.21670542657375336
YDR221W,YPL124W,0,3.6165104,0.14205682277679443,0.31953194737434387,0.2168065458536148
YKL127W,YCR008W,0,3.616097,0.1420000046491623,0.31953194737434387,0.21690768003463745
YJR067C,YNL336W,0,3.615603,0.14194321632385254,0.31953194737434387,0.2170087993144989
YLR157C-A,YCL045C,0,3.615552,0.14188648760318756,0.31953194737434387,0.21710991859436035
YPL236C,YKL209C,0,3.6154575,0.14182980358600616,0.31953194737434387,0.2172110378742218
YLR157C-A,YOR030W,0,3.615367,0.14177316427230835,0.31953194737434387,0.21731217205524445
YLR116W,YGL047W,0,3.615158,0.14171656966209412,0.31953194737434387,0.2174132913351059
YDR027C,YKL222C,0,3.6148143,0.14166001975536346,0.31953194737434387,0.21751441061496735
YCR073C,YHR034C,0,3.6140513,0.1416035145521164,0.31953194737434387,0.2176155298948288
YER011W,YOR028C,0,3.6139903,0.1415470540523529,0.31953194737434387,0.21771664917469025
YGR161C-C,YMR291W,0,3.6139302,0.141490638256073,0.31953194737434387,0.2178177833557129
YDR365W-B,YLR242C,0,3.6139174,0.14143426716327667,0.31953194737434387,0.21791890263557434
YHL022C,YMR058W,0,3.6135163,0.14137794077396393,0.31953194737434387,0.2180200219154358
YDR084C,YML046W,0,3.613503,0.14132165908813477,0.31953194737434387,0.21812114119529724
YNL054W-B,YDR289C,1,3.613503,0.1416633576154709,0.32043203711509705,0.21812114119529724
YBL042C,YJR007W,0,3.6134596,0.14160700142383575,0.32043203711509705,0.2182222604751587
YER119C,YLR081W,0,3.6132097,0.1415506899356842,0.32043203711509705,0.21832339465618134
YDR506C,YDL201W,0,3.6130366,0.14149443805217743,0.32043203711509705,0.21842451393604279
YGL023C,YOR100C,0,3.6127863,0.14143821597099304,0.32043203711509705,0.21852563321590424
YHR065C,YER058W,0,3.6126633,0.14138205349445343,0.32043203711509705,0.21862675249576569
YJL018W,YLR155C,0,3.6119785,0.1413259208202362,0.32043203711509705,0.21872788667678833
YOR094W,YCR008W,0,3.611827,0.14126984775066376,0.32043203711509705,0.21882900595664978
YBR239C,YFL022C,0,3.611404,0.1412138044834137,0.32043203711509705,0.21893012523651123
YJR014W,YOR003W,0,3.6114016,0.14115780591964722,0.32043203711509705,0.21903124451637268
YGR108W,YJR095W,0,3.610917,0.1411018669605255,0.32043203711509705,0.21913236379623413
YIL091C,YML093W,0,3.6108794,0.1410459578037262,0.32043203711509705,0.21923349797725677
YGR027W-B,YKL038W,1,3.610777,0.14138613641262054,0.3213321268558502,0.21923349797725677
YER130C,YJR060W,1,3.610262,0.1417260468006134,0.3222322165966034,0.21923349797725677
YMR293C,YDL239C,0,3.6100469,0.14166995882987976,0.3222322165966034,0.21933461725711823
YER144C,YAR066W,0,3.6099758,0.1416139304637909,0.3222322165966034,0.21943573653697968
YCR066W,YBR104W,0,3.6098156,0.14155793190002441,0.3222322165966034,0.21953685581684113
YDR316W-B,YOL006C,1,3.6097832,0.14189723134040833,0.32313230633735657,0.21953685581684113
YCR071C,YDR225W,0,3.6097717,0.14184117317199707,0.32313230633735657,0.21963797509670258
YJL018W,YDL150W,0,3.6097322,0.1417851448059082,0.32313230633735657,0.21973910927772522
YNL225C,YKR025W,0,3.6095762,0.1417291760444641,0.32313230633735657,0.21984022855758667
YKL146W,YOR307C,0,3.6094112,0.1416732370853424,0.32313230633735657,0.21994134783744812
YDL150W,YOL044W,0,3.609394,0.14161735773086548,0.32313230633735657,0.22004246711730957
YDR365W-B,YGL201C,1,3.6093264,0.14195583760738373,0.32403239607810974,0.22004246711730957
YDR051C,YLL010C,0,3.608859,0.14189988374710083,0.32403239607810974,0.22014360129833221
YOL013C,YPL060C-A,0,3.6088538,0.1418439745903015,0.32403239607810974,0.22024472057819366
YJR067C,YKR046C,0,3.6080933,0.14178811013698578,0.32403239607810974,0.22034583985805511
YPL069C,YMR024W,0,3.608038,0.14173229038715363,0.32403239607810974,0.22044695913791656
YGL160W,YEL042W,0,3.607997,0.14167650043964386,0.32403239607810974,0.22054807841777802
YBR133C,YIL122W,0,3.6078691,0.14162077009677887,0.32403239607810974,0.22064921259880066
YOR130C,YOR312C,0,3.6071897,0.14156508445739746,0.32403239607810974,0.2207503318786621
YJL018W,YKL167C,0,3.6071496,0.14150942862033844,0.32403239607810974,0.22085145115852356
YBR019C,YPR103W,0,3.6070495,0.1414538323879242,0.32403239607810974,0.220952570438385
YPL257W-B,YJR060W,1,3.6065855,0.14179104566574097,0.3249324858188629,0.220952570438385
YKL188C,YDR210W-A,0,3.6065078,0.14173537492752075,0.3249324858188629,0.22105368971824646
YMR277W,YIL065C,0,3.606503,0.14167974889278412,0.3249324858188629,0.2211548238992691
YHR112C,YDR191W,0,3.6059256,0.14162416756153107,0.3249324858188629,0.22125594317913055
YBL066C,YJR052W,1,3.6054068,0.14196078479290009,0.3258325755596161,0.22125594317913055
YDR261C-C,YPL232W,0,3.6052756,0.14190512895584106,0.3258325755596161,0.221357062458992
YBR179C,YGR140W,0,3.60503,0.14184953272342682,0.3258325755596161,0.22145818173885345
YJR043C,YOR141C,0,3.60466,0.14179396629333496,0.3258325755596161,0.2215593010187149
YNL097C,YDR208W,0,3.6041455,0.14173844456672668,0.3258325755596161,0.22166043519973755
YGR195W,YHR123W,0,3.6036863,0.141682967543602,0.3258325755596161,0.221761554479599
YLR240W,YLR119W,0,3.6033816,0.14162755012512207,0.3258325755596161,0.22186267375946045
YPL268W,YDL066W,0,3.6032887,0.14157214760780334,0.3258325755596161,0.2219637930393219
YLR323C,YPR135W,1,3.6028214,0.14190773665905,0.32673266530036926,0.2219637930393219
YBR021W,YFR009W,0,3.602326,0.14185228943824768,0.32673266530036926,0.22206492722034454
YLR336C,YAL032C,0,3.6021261,0.14179687201976776,0.32673266530036926,0.222166046500206
YHR063C,YIL097W,0,3.6020637,0.14174151420593262,0.32673266530036926,0.22226716578006744
YML130C,YGR038C-A,0,3.6018467,0.14168618619441986,0.32673266530036926,0.2223682850599289
YCR067C,YGL054C,0,3.6017013,0.14163090288639069,0.32673266530036926,0.22246940433979034
YNL064C,YLR205C,0,3.6015882,0.1415756642818451,0.32673266530036926,0.222570538520813
YLR098C,YOR343W-B,1,3.6015859,0.14191032946109772,0.32763275504112244,0.222570538520813
YLR128W,YGL011C,0,3.6014915,0.14185503125190735,0.32763275504112244,0.22267165780067444
YMR070W,YNL248C,1,3.6011724,0.14218932390213013,0.3285328447818756,0.22267165780067444
YGR038C-A,YKR001C,0,3.6010785,0.1421339511871338,0.3285328447818756,0.2227727770805359
YDR488C,YNL058C,0,3.600799,0.14207862317562103,0.3285328447818756,0.22287389636039734
YIL073C,YDR208W,0,3.6005678,0.14202333986759186,0.3285328447818756,0.2229750156402588
YFL055W,YMR044W,0,3.6005416,0.14196810126304626,0.3285328447818756,0.22307614982128143
YDL126C,YFL052W,0,3.6000834,0.14191290736198425,0.3285328447818756,0.22317726910114288
YJR095W,YJL115W,0,3.6000051,0.14185775816440582,0.3285328447818756,0.22327838838100433
YHR115C,YER065C,0,3.5998425,0.14180263876914978,0.3285328447818756,0.22337950766086578
YER172C,YNL265C,0,3.5997987,0.1417475789785385,0.3285328447818756,0.22348064184188843
YBR004C,YPR112C,0,3.599328,0.14169254899024963,0.3285328447818756,0.22358176112174988
YBR019C,YJL122W,0,3.5992951,0.14163756370544434,0.3285328447818756,0.22368288040161133
YIL065C,YGR027W-A,0,3.5992713,0.14158262312412262,0.3285328447818756,0.22378399968147278
YHR081W,YOR298C-A,1,3.5988564,0.1419154703617096,0.3294329345226288,0.22378399968147278
YDR016C,YHL009W-A,0,3.5987701,0.1418604701757431,0.3294329345226288,0.22388511896133423
YKL220C,YOR367W,0,3.5986357,0.141805499792099,0.3294329345226288,0.22398625314235687
YML095C,YMR094W,1,3.5982585,0.14213787019252777,0.33033302426338196,0.22398625314235687
YBL016W,YDL153C,0,3.5982409,0.14208285510540009,0.33033302426338196,0.22408737242221832
YLR259C,YDR365W-B,1,3.5981765,0.1424148678779602,0.33123311400413513,0.22408737242221832
YDR538W,YMR044W,0,3.5980988,0.14235976338386536,0.33123311400413513,0.22418849170207977
YML007W,YMR305C,0,3.5978556,0.14230471849441528,0.33123311400413513,0.22428961098194122
YDR446W,YDR141C,0,3.597334,0.1422497034072876,0.33123311400413513,0.22439073026180267
YJL051W,YML019W,0,3.5969281,0.1421947479248047,0.33123311400413513,0.22449186444282532
YLR272C,YOL077W-A,0,3.5966554,0.14213982224464417,0.33123311400413513,0.22459298372268677
YOR171C,YNL093W,0,3.5964236,0.14208494126796722,0.33123311400413513,0.22469410300254822
YER146W,YOL017W,0,3.5963798,0.14203010499477386,0.33123311400413513,0.22479522228240967
YML008C,YGL156W,0,3.5961785,0.1419753134250641,0.33123311400413513,0.2248963564634323
YLR342W,YPL192C,0,3.5961366,0.1419205516576767,0.33123311400413513,0.22499747574329376
YLR336C,YDR020C,0,3.595971,0.14186584949493408,0.33123311400413513,0.2250985950231552
YGR038C-B,YPR019W,1,3.5959134,0.14219653606414795,0.3321332037448883,0.2250985950231552
YGR140W,YJR052W,1,3.5958705,0.14252696931362152,0.3330332934856415,0.2250985950231552
YOR118W,YDR261C-C,0,3.595552,0.14247208833694458,0.3330332934856415,0.22519971430301666
YML131W,YFR009W,0,3.5953093,0.14241723716259003,0.3330332934856415,0.2253008335828781
YKL035W,YPR201W,0,3.595035,0.14236244559288025,0.3330332934856415,0.22540196776390076
YPR075C,YER065C,0,3.594923,0.14230769872665405,0.3330332934856415,0.2255030870437622
YPL060C-A,YML065W,0,3.5946326,0.14225298166275024,0.3330332934856415,0.22560420632362366
YJL116C,YNL075W,0,3.5944295,0.14219830930233002,0.3330332934856415,0.2257053256034851
YKL113C,YDR210W-A,0,3.594293,0.14214368164539337,0.3330332934856415,0.22580644488334656
YJR152W,YPL012W,0,3.5939655,0.1420890986919403,0.3330332934856415,0.2259075790643692
YGR121C,YBR201W,0,3.5931573,0.14203454554080963,0.3330332934856415,0.22600869834423065
YJR152W,YDL239C,0,3.591887,0.14198005199432373,0.3330332934856415,0.2261098176240921
YIL082W-A,YDL150W,1,3.5918374,0.14230917394161224,0.33393338322639465,0.2261098176240921
YGR033C,YGR087C,0,3.5918326,0.14225460588932037,0.33393338322639465,0.22621093690395355
YNL312W,YGR027W-A,0,3.5917692,0.14220008254051208,0.33393338322639465,0.2263120710849762
YOR214C,YLR155C,0,3.5917683,0.14214558899402618,0.33393338322639465,0.22641319036483765
YLR155C,YKL221W,0,3.5914779,0.14209115505218506,0.33393338322639465,0.2265143096446991
YAR014C,YML065W,0,3.5913348,0.14203675091266632,0.33393338322639465,0.22661542892456055
YKL032C,YCR092C,1,3.5912347,0.14236509799957275,0.3348334729671478,0.22661542892456055
YJL047C,YML123C,0,3.5910692,0.14231063425540924,0.3348334729671478,0.226716548204422
YMR164C,YPL275W,0,3.591044,0.1422562152147293,0.3348334729671478,0.22681768238544464
YOL097C,YML029W,0,3.5909867,0.14220184087753296,0.3348334729671478,0.2269188016653061
YIR003W,YML033W,0,3.5905375,0.142147496342659,0.3348334729671478,0.22701992094516754
YBR253W,YOL148C,0,3.5903945,0.14209319651126862,0.3348334729671478,0.227121040225029
YCL062W,YMR058W,0,3.5902462,0.14203894138336182,0.3348334729671478,0.22722215950489044
YBL066C,YDL236W,0,3.5899577,0.1419847309589386,0.3348334729671478,0.22732329368591309
YDR058C,YLR157C-A,0,3.5898848,0.14193056523799896,0.3348334729671478,0.22742441296577454
YOR307C,YGR041W,0,3.5897255,0.1418764293193817,0.3348334729671478,0.227525532245636
YNL300W,YIL082W-A,0,3.5895286,0.14182233810424805,0.3348334729671478,0.22762665152549744
YDR261C-C,YOR083W,0,3.589182,0.14176829159259796,0.3348334729671478,0.22772778570652008
YDR365W-B,YER065C,0,3.5888367,0.14171428978443146,0.3348334729671478,0.22782890498638153
YPL217C,YDR156W,0,3.5885782,0.14166031777858734,0.3348334729671478,0.22793002426624298
YGR161C-C,YNR039C,0,3.5885463,0.1416063904762268,0.3348334729671478,0.22803114354610443
YCL026C-A,YBR106W,0,3.5885167,0.14155250787734985,0.3348334729671478,0.22813226282596588
YDR227W,YNL312W,1,3.5884237,0.14187903702259064,0.335733562707901,0.22813226282596588
YNR026C,YHL033C,0,3.5884175,0.1418250948190689,0.335733562707901,0.22823339700698853
YLR157C-A,YML007W,0,3.5879712,0.14177118241786957,0.335733562707901,0.22833451628684998
YBL018C,YKR024C,0,3.587891,0.141717329621315,0.335733562707901,0.22843563556671143
YDL005C,YBR073W,0,3.5874453,0.14166350662708282,0.335733562707901,0.22853675484657288
YHL009W-A,YML001W,0,3.5873866,0.14160971343517303,0.335733562707901,0.22863787412643433
YLR298C,YPL024W,0,3.5873742,0.14155597984790802,0.335733562707901,0.22873900830745697
YOR116C,YKR101W,1,3.5870256,0.14188164472579956,0.3366336524486542,0.22873900830745697
YGL237C,YEL032W,1,3.586615,0.1422070562839508,0.33753374218940735,0.22873900830745697
YGR277C,YDL201W,0,3.586492,0.14215314388275146,0.33753374218940735,0.22884012758731842
YPL241C,YPL060C-A,0,3.586339,0.1420992761850357,0.33753374218940735,0.22894124686717987
YLR310C,YGR038C-A,0,3.5859532,0.14204545319080353,0.33753374218940735,0.22904236614704132
YOR256C,YOL041C,0,3.5857043,0.14199167490005493,0.33753374218940735,0.22914348542690277
YBR004C,YHR196W,0,3.5856376,0.14193792641162872,0.33753374218940735,0.22924461960792542
YGL173C,YBL088C,1,3.5855217,0.14226257801055908,0.3384338319301605,0.22924461960792542
YOL119C,YKL092C,0,3.5852284,0.1422087699174881,0.3384338319301605,0.22934573888778687
YGR161W-B,YLR453C,1,3.5851479,0.142533078789711,0.3393339216709137,0.22934573888778687
YDR261C-C,YML093W,0,3.5850387,0.14247921109199524,0.3393339216709137,0.22944685816764832
YDR322C-A,YBR293W,0,3.5850015,0.14242538809776306,0.3393339216709137,0.22954797744750977
YIR018W,YNL113W,1,3.5849605,0.14274924993515015,0.34023401141166687,0.22954797744750977
YLR368W,YDL058W,0,3.584908,0.142695352435112,0.34023401141166687,0.2296491116285324
YLR336C,YDR210W-A,0,3.5848536,0.14264151453971863,0.34023401141166687,0.22975023090839386
YPL268W,YNL134C,0,3.584827,0.14258770644664764,0.34023401141166687,0.2298513501882553
YNL009W,YKL167C,0,3.5848126,0.14253394305706024,0.34023401141166687,0.22995246946811676
YDR034C-D,YBR106W,0,3.5830584,0.14248020946979523,0.34023401141166687,0.2300535887479782
YLR150W,YDR421W,1,3.582677,0.14280331134796143,0.34113410115242004,0.2300535887479782
YLR119W,YJR077C,0,3.582397,0.14274953305721283,0.34113410115242004,0.23015472292900085
YFL024C,YNL125C,0,3.5822864,0.14269578456878662,0.34113410115242004,0.2302558422088623
YLL032C,YPR140W,0,3.5818458,0.142642080783844,0.34113410115242004,0.23035696148872375
YBL103C,YKL062W,1,3.5817513,0.14296463131904602,0.3420341908931732,0.23035696148872375
YER119C,YGR038C-A,0,3.581586,0.14291086792945862,0.3420341908931732,0.2304580807685852
YCR028C-A,YOR256C,0,3.581406,0.1428571492433548,0.3420341908931732,0.23055920004844666
YGR027W-B,YLR278C,1,3.581386,0.143179252743721,0.3429342806339264,0.23055920004844666
YGR198W,YLR272C,0,3.5808697,0.1431254744529724,0.3429342806339264,0.2306603342294693
YOR210W,YIL122W,0,3.5805755,0.1430717259645462,0.3429342806339264,0.23076145350933075
YBR298C,YLR057W,0,3.58014,0.14301802217960358,0.3429342806339264,0.2308625727891922
YGL121C,YPL118W,0,3.5799632,0.14296434819698334,0.3429342806339264,0.23096369206905365
YDR210C-D,YOR116C,1,3.5796537,0.1432858258485794,0.34383437037467957,0.23096369206905365
YIL162W,YOR295W,0,3.5796523,0.1432320922613144,0.34383437037467957,0.2310648262500763
YIR033W,YBR280C,0,3.5794344,0.14317840337753296,0.34383437037467957,0.23116594552993774
YLR116W,YPL266W,0,3.5793824,0.1431247591972351,0.34383437037467957,0.2312670648097992
YLR242C,YHR016C,0,3.5793056,0.14307115972042084,0.34383437037467957,0.23136818408966064
YJL042W,YDL122W,0,3.5791206,0.14301759004592896,0.34383437037467957,0.2314693033695221
YIL114C,YMR271C,0,3.5791078,0.14296406507492065,0.34383437037467957,0.23157043755054474
YCL062W,YML121W,0,3.5789847,0.14291058480739594,0.34383437037467957,0.2316715568304062
YPR158C-D,YHR143W-A,1,3.578888,0.1432311087846756,0.34473446011543274,0.2316715568304062
YBR253W,YDR409W,0,3.5786867,0.1431775689125061,0.34473446011543274,0.23177267611026764
YIL117C,YHR152W,0,3.578589,0.143124058842659,0.34473446011543274,0.2318737953901291
YBR280C,YJL177W,0,3.5781589,0.14307060837745667,0.34473446011543274,0.23197491466999054
YLR421C,YIL067C,0,3.5781527,0.14301717281341553,0.34473446011543274,0.23207604885101318
YML130C,YNR063W,0,3.5777273,0.14296379685401917,0.34473446011543274,0.23217716813087463
YGL022W,YIR013C,0,3.577632,0.1429104506969452,0.34473446011543274,0.23227828741073608
YOR298C-A,YPL008W,1,3.577104,0.143230140209198,0.3456345498561859,0.23227828741073608
YCR089W,YKL211C,0,3.576726,0.14317673444747925,0.3456345498561859,0.23237940669059753
YDR163W,YOR133W,0,3.5767212,0.14312337338924408,0.3456345498561859,0.23248054087162018
YGR090W,YMR251W-A,0,3.5764909,0.1430700421333313,0.3456345498561859,0.23258166015148163
YPR094W,YHR062C,0,3.5764241,0.1430167555809021,0.3456345498561859,0.23268277943134308
YLR069C,YOR088W,0,3.576373,0.14296351373195648,0.3456345498561859,0.23278389871120453
YLR157C-A,YEL042W,0,3.5763583,0.14291030168533325,0.3456345498561859,0.23288501799106598
YER003C,YDR085C,0,3.5761557,0.1428571492433548,0.3456345498561859,0.23298615217208862
YDR184C,YPR082C,0,3.5754552,0.14280401170253754,0.3456345498561859,0.23308727145195007
YLR272C,YLR133W,0,3.5752554,0.14275093376636505,0.3456345498561859,0.23318839073181152
YDR043C,YKL073W,0,3.5751572,0.14269788563251495,0.3456345498561859,0.23328951001167297
YBR215W,YMR167W,1,3.575066,0.14301633834838867,0.3465346395969391,0.23328951001167297
YPR151C,YMR029C,0,3.5749292,0.1429632306098938,0.3465346395969391,0.23339062929153442
YMR170C,YFL022C,0,3.5749197,0.1429101675748825,0.3465346395969391,0.23349176347255707
YER065C,YML111W,0,3.5748858,0.1428571492433548,0.3465346395969391,0.23359288275241852
YPL212C,YNL009W,0,3.5747075,0.14280416071414948,0.3465346395969391,0.23369400203227997
YJR052W,YDR224C,1,3.5745254,0.14312198758125305,0.34743472933769226,0.23369400203227997
YPL217C,YOL089C,0,3.5743518,0.14306893944740295,0.34743472933769226,0.23379512131214142
YNR026C,YBR018C,0,3.574319,0.14301593601703644,0.34743472933769226,0.23389625549316406
YHL009W-A,YPL187W,0,3.5740876,0.1429629623889923,0.34743472933769226,0.2339973747730255
YOR190W,YGL044C,0,3.5736032,0.14291003346443176,0.34743472933769226,0.23409849405288696
YHL013C,YER058W,0,3.5735035,0.1428571492433548,0.34743472933769226,0.2341996133327484
YDR098C-B,YCR097W,1,3.5733767,0.14317424595355988,0.34833481907844543,0.2341996133327484
YBL088C,YHL009W-B,1,3.5729032,0.14349111914634705,0.3492349088191986,0.2341996133327484
YLR157C-B,YDL064W,0,3.5728106,0.14343807101249695,0.3492349088191986,0.23430073261260986
YIL131C,YDL106C,1,3.5725303,0.14375461637973785,0.35013502836227417,0.23430073261260986
YBL036C,YKL220C,0,3.5725055,0.14370150864124298,0.35013502836227417,0.2344018667936325
YLR262C,YHR034C,0,3.5715857,0.1436484456062317,0.35013502836227417,0.23450298607349396
YLR405W,YLL028W,0,3.5713553,0.14359542727470398,0.35013502836227417,0.2346041053533554
YPR029C,YDL214C,0,3.5711446,0.14354243874549866,0.35013502836227417,0.23470522463321686
YGR198W,YBL019W,0,3.5709167,0.14348948001861572,0.35013502836227417,0.2348063439130783
YMR106C,YML039W,1,3.5706758,0.14380531013011932,0.35103511810302734,0.2348063439130783
YDR365W-B,YNR036C,0,3.570612,0.1437523066997528,0.35103511810302734,0.23490747809410095
YLR342W,YGR133W,0,3.570549,0.14369933307170868,0.35103511810302734,0.2350085973739624
YPR082C,YGR207C,0,3.5704217,0.14364640414714813,0.35103511810302734,0.23510971665382385
YLR369W,YDR339C,0,3.570384,0.14359351992607117,0.35103511810302734,0.2352108359336853
YGR028W,YDR123C,0,3.5701313,0.1435406655073166,0.35103511810302734,0.23531197011470795
YJL018W,YKL221W,0,3.5699453,0.1434878557920456,0.35103511810302734,0.2354130893945694
YER179W,YNL039W,1,3.569942,0.14380286633968353,0.3519352078437805,0.2354130893945694
YEL009C,YLR341W,0,3.5698295,0.14374999701976776,0.3519352078437805,0.23551420867443085
YLL032C,YAL061W,0,3.5697365,0.14369717240333557,0.3519352078437805,0.2356153279542923
YDR020C,YBR288C,0,3.5695686,0.14364437758922577,0.3519352078437805,0.23571644723415375
YNL054W-B,YPR175W,1,3.5694113,0.14395886659622192,0.3528352975845337,0.23571644723415375
YML114C,YLR081W,0,3.569191,0.14390602707862854,0.3528352975845337,0.2358175814151764
YFL034C-B,YML046W,0,3.5691042,0.14385321736335754,0.3528352975845337,0.23591870069503784
YKR080W,YER169W,0,3.569049,0.14380043745040894,0.3528352975845337,0.2360198199748993
YBR298C,YJL074C,0,3.5688643,0.1437477022409439,0.3528352975845337,0.23612093925476074
YBL084C,YDL004W,0,3.5685663,0.14369501173496246,0.3528352975845337,0.2362220585346222
YNL327W,YIL129C,0,3.5684028,0.1436423659324646,0.3528352975845337,0.23632319271564484
YDR365W-B,YPL012W,0,3.5683966,0.14358974993228912,0.3528352975845337,0.2364243119955063
YJR091C,YLL054C,0,3.5682626,0.14353716373443604,0.3528352975845337,0.23652543127536774
YMR104C,YPR158W-A,0,3.568071,0.14348462224006653,0.3528352975845337,0.2366265505552292
YDR016C,YHR176W,0,3.5679135,0.1434321254491806,0.3528352975845337,0.23672766983509064
YNR073C,YOR149C,0,3.5677252,0.14337965846061707,0.3528352975845337,0.23682880401611328
YER006W,YGR277C,0,3.5676465,0.1433272361755371,0.3528352975845337,0.23692992329597473
YHR196W,YOR010C,0,3.567432,0.14327485859394073,0.3528352975845337,0.23703104257583618
YJL092W,YNL093W,0,3.5674305,0.14322251081466675,0.3528352975845337,0.23713216185569763
YKL112W,YOR142W-B,1,3.5674176,0.14353542029857635,0.35373538732528687,0.23713216185569763
YDR174W,YNL054W-B,1,3.567286,0.14384812116622925,0.35463547706604004,0.23713216185569763
YLR298C,YOL034W,0,3.5671687,0.14379562437534332,0.35463547706604004,0.23723329603672028
YJR099W,YHR072W,0,3.5669894,0.14374315738677979,0.35463547706604004,0.23733441531658173
YOR307C,YCL020W,0,3.5668173,0.14369073510169983,0.35463547706604004,0.23743553459644318
YML027W,YLR032W,1,3.5665436,0.14400291442871094,0.3555355668067932,0.23743553459644318
YBL003C,YNL005C,0,3.5661044,0.1439504325389862,0.3555355668067932,0.23753665387630463
YML062C,YBR236C,0,3.5658746,0.14389799535274506,0.3555355668067932,0.23763777315616608
YDR034C-D,YOR056C,0,3.5657196,0.1438455879688263,0.3555355668067932,0.23773890733718872
YCL062W,YDR452W,0,3.5653834,0.1437932252883911,0.3555355668067932,0.23784002661705017
YDR261C-C,YLR408C,0,3.565359,0.14374090731143951,0.3555355668067932,0.23794114589691162
YBR009C,YML051W,1,3.565086,0.1440523862838745,0.3564356565475464,0.23794114589691162
YPR158W-A,YDR522C,0,3.5647378,0.14399999380111694,0.3564356565475464,0.23804226517677307
YML027W,YPR175W,1,3.5645728,0.14431115984916687,0.35733574628829956,0.23804226517677307
YDL155W,YKL035W,0,3.564392,0.14425872266292572,0.35733574628829956,0.23814338445663452
YAL047C,YHR102W,0,3.5643067,0.14420631527900696,0.35733574628829956,0.23824451863765717
YBR280C,YCL062W,0,3.5639706,0.14415395259857178,0.35733574628829956,0.23834563791751862
YCR088W,YOL021C,0,3.563861,0.14410163462162018,0.35733574628829956,0.23844675719738007
YOL088C,YGR033C,0,3.5634665,0.14404934644699097,0.35733574628829956,0.23854787647724152
YDR369C,YBL021C,1,3.5632048,0.14435981214046478,0.35823583602905273,0.23854787647724152
YHL022C,YML072C,0,3.5631337,0.1443074643611908,0.35823583602905273,0.23864901065826416
YJR090C,YML022W,0,3.5630894,0.1442551612854004,0.35823583602905273,0.2387501299381256
YOR344C,YGR065C,0,3.562934,0.14420290291309357,0.35823583602905273,0.23885124921798706
YFL055W,YJR161C,0,3.5626307,0.14415067434310913,0.35823583602905273,0.2389523684978485
YBR090C-A,YER169W,1,3.562488,0.144460529088974,0.3591359257698059,0.2389523684978485
YEL077C,YIL015W,0,3.5624342,0.14440825581550598,0.3591359257698059,0.23905348777770996
YNR073C,YDR331W,0,3.5624008,0.14435601234436035,0.3591359257698059,0.2391546219587326
YCL019W,YIL067C,0,3.5624003,0.1443037986755371,0.3591359257698059,0.23925574123859406
YML093W,YFL008W,0,3.5623279,0.14425162971019745,0.3591359257698059,0.2393568605184555
YGL023C,YPL060C-A,0,3.5620642,0.14419949054718018,0.3591359257698059,0.23945797979831696
YCL062W,YAR014C,0,3.5619602,0.14414739608764648,0.3591359257698059,0.2395590990781784
YMR121C,YDR210W-A,0,3.5616198,0.14409534633159637,0.3591359257698059,0.23966023325920105
YMR190C,YPR052C,0,3.5611339,0.14404332637786865,0.3591359257698059,0.2397613525390625
YER119C,YJR105W,0,3.5610037,0.14399133622646332,0.3591359257698059,0.23986247181892395
YNL254C,YBR204C,0,3.5608,0.14393939077854156,0.3591359257698059,0.2399635910987854
YMR021C,YHL022C,1,3.5607204,0.1442481130361557,0.3600360155105591,0.2399635910987854
YCR040W,YBL025W,1,3.5605035,0.14455659687519073,0.36093610525131226,0.2399635910987854
YGR227W,YKR045C,0,3.5604882,0.14450450241565704,0.36093610525131226,0.24006472527980804
YDL212W,YNL321W,0,3.560392,0.14445245265960693,0.36093610525131226,0.2401658445596695
YLR071C,YPR158W-A,0,3.56009,0.1444004327058792,0.36093610525131226,0.24026696383953094
YLR084C,YOL119C,0,3.5598993,0.14434845745563507,0.36093610525131226,0.2403680831193924
YGR277C,YIR013C,0,3.5594797,0.14429651200771332,0.36093610525131226,0.24046920239925385
YOR140W,YCR043C,0,3.559422,0.14424461126327515,0.36093610525131226,0.2405703365802765
YJL065C,YDR261C-D,1,3.5584483,0.1445523202419281,0.36183619499206543,0.2405703365802765
YPL008W,YMR029C,0,3.5583968,0.14450035989284515,0.36183619499206543,0.24067145586013794
YMR039C,YBL002W,1,3.5583906,0.14480775594711304,0.3627362847328186,0.24067145586013794
YDL178W,YDR206W,0,3.5583782,0.1447557508945465,0.3627362847328186,0.2407725751399994
YMR293C,YIL097W,0,3.5583239,0.14470377564430237,0.3627362847328186,0.24087369441986084
YER078C,YGR038C-A,0,3.558176,0.14465183019638062,0.3627362847328186,0.2409748136997223
YDR034C-D,YPR058W,0,3.5578218,0.14459992945194244,0.3627362847328186,0.24107594788074493
YOR343W-B,YOR210W,1,3.557787,0.14490674436092377,0.3636363744735718,0.24107594788074493
YPR061C,YLR205C,0,3.5573506,0.14485478401184082,0.3636363744735718,0.24117706716060638
YKR092C,YDR210W-A,0,3.557342,0.14480286836624146,0.3636363744735718,0.24127818644046783
YCR033W,YFL008W,1,3.5573206,0.14510928094387054,0.36453646421432495,0.24127818644046783
YNL218W,YKR101W,1,3.557169,0.14541547000408173,0.3654365539550781,0.24127818644046783
YDR261W-B,YPL082C,1,3.5571685,0.1457214504480362,0.3663366436958313,0.24127818644046783
YOR229W,YKL127W,0,3.5564628,0.14566929638385773,0.3663366436958313,0.24137930572032928
YCL019W,YGR038W,0,3.5560274,0.14561717212200165,0.3663366436958313,0.24148043990135193
YOL067C,YDL056W,1,3.5556188,0.14592275023460388,0.3672367334365845,0.24148043990135193
YNR056C,YJL042W,0,3.5555534,0.14587058126926422,0.3672367334365845,0.24158155918121338
YCL026C-A,YAL055W,0,3.5554056,0.14581844210624695,0.3672367334365845,0.24168267846107483
YKL163W,YFL008W,0,3.5547342,0.14576634764671326,0.3672367334365845,0.24178379774093628
YLR057W,YFL053W,0,3.5546727,0.14571428298950195,0.3672367334365845,0.24188491702079773
YML025C,YDR324C,0,3.554668,0.14566226303577423,0.3672367334365845,0.24198605120182037
YDR073W,YEL060C,0,3.5546222,0.1456102728843689,0.3672367334365845,0.24208717048168182
YKL071W,YBR253W,0,3.5542192,0.14555832743644714,0.3672367334365845,0.24218828976154327
YGR087C,YGL234W,0,3.554088,0.14550642669200897,0.3672367334365845,0.24228940904140472
YFR009W,YIL073C,0,3.553813,0.145454540848732,0.3672367334365845,0.24239052832126617
YHR098C,YDR450W,0,3.5537167,0.1454027146100998,0.3672367334365845,0.24249166250228882
YBR258C,YMR030W,0,3.5534554,0.14535090327262878,0.3672367334365845,0.24259278178215027
YCL045C,YDR155C,0,3.553412,0.14529915153980255,0.3672367334365845,0.24269390106201172
YBL105C,YPR004C,0,3.5532718,0.1452474147081375,0.3672367334365845,0.24279502034187317
YCR073C,YOR231W,0,3.553227,0.14519572257995605,0.3672367334365845,0.2428961545228958
YLL023C,YBR167C,0,3.5532231,0.14514407515525818,0.3672367334365845,0.24299727380275726
YFR046C,YFL053W,0,3.5530958,0.1450924575328827,0.3672367334365845,0.2430983930826187
YDR294C,YHL018W,0,3.5530176,0.14504088461399078,0.3672367334365845,0.24319951236248016
YLR157C-A,YLR119W,0,3.5530114,0.14498934149742126,0.3672367334365845,0.2433006316423416
YDR339C,YJL160C,0,3.552978,0.14493782818317413,0.3672367334365845,0.24340176582336426
YAL001C,YML039W,1,3.552814,0.14524148404598236,0.36813682317733765,0.24340176582336426
YGR287C,YDR034C-D,0,3.552434,0.14518991112709045,0.36813682317733765,0.2435028851032257
YMR021C,YOL001W,0,3.5522752,0.14513839781284332,0.36813682317733765,0.24360400438308716
YBR004C,YIL050W,0,3.5522075,0.14508691430091858,0.36813682317733765,0.2437051236629486
YLR157C-A,YML065W,0,3.5521216,0.14503546059131622,0.36813682317733765,0.24380624294281006
YGR038C-A,YDL092W,0,3.5520387,0.14498405158519745,0.36813682317733765,0.2439073771238327
YOR033C,YJL036W,0,3.5515532,0.14493267238140106,0.36813682317733765,0.24400849640369415
YLR410W-B,YOL028C,1,3.5515032,0.1452355682849884,0.3690369129180908,0.24400849640369415
YGL184C,YPL228W,0,3.5514488,0.14518412947654724,0.3690369129180908,0.2441096156835556
YLR240W,YLR157C-B,0,3.55131,0.14513275027275085,0.3690369129180908,0.24421073496341705
YLR320W,YHL009W-A,0,3.5512662,0.14508138597011566,0.3690369129180908,0.2443118542432785
YPL249C-A,YIL121W,0,3.5511513,0.14503006637096405,0.3690369129180908,0.24441298842430115
YPR103W,YGR166W,0,3.5508757,0.14497877657413483,0.3690369129180908,0.2445141077041626
YIR033W,YJR088C,0,3.550788,0.14492753148078918,0.3690369129180908,0.24461522698402405
YLR320W,YPL124W,0,3.5507026,0.14487633109092712,0.3690369129180908,0.2447163462638855
YDL004W,YMR190C,0,3.5505447,0.14482514560222626,0.3690369129180908,0.24481748044490814
YML062C,YBR044C,0,3.5505018,0.14477400481700897,0.3690369129180908,0.2449185997247696
YLR378C,YKL139W,0,3.5500484,0.14472290873527527,0.3690369129180908,0.24501971900463104
YDR034C-D,YPL057C,0,3.5500312,0.14467184245586395,0.3690369129180908,0.2451208382844925
YGR098C,YDL174C,0,3.5500107,0.14462080597877502,0.3690369129180908,0.24522195756435394
YDR034C-D,YMR202W,0,3.549985,0.14456981420516968,0.3690369129180908,0.2453230917453766
YNR073C,YNL075W,0,3.549934,0.14451885223388672,0.3690369129180908,0.24542421102523804
YLR157C-B,YCL026C-A,0,3.5497446,0.14446793496608734,0.3690369129180908,0.2455253303050995
YJL018W,YPL069C,0,3.5496907,0.14441704750061035,0.3690369129180908,0.24562644958496094
YGL208W,YAR066W,0,3.5496783,0.14436618983745575,0.3690369129180908,0.2457275688648224
YER018C,YNR069C,0,3.5495944,0.14431537687778473,0.3690369129180908,0.24582870304584503
YPL242C,YDR141C,0,3.5495167,0.1442646086215973,0.3690369129180908,0.24592982232570648
YJL092W,YAL047C,0,3.5494785,0.14421385526657104,0.3690369129180908,0.24603094160556793
YGR161C-C,YPR103W,0,3.549461,0.14416314661502838,0.3690369129180908,0.24613206088542938
YBL004W,YBL105C,0,3.5493407,0.1441124826669693,0.3690369129180908,0.24623319506645203
YLR228C,YHR214C-B,1,3.5492768,0.14441321790218353,0.369937002658844,0.24623319506645203
YJR137C,YPL046C,0,3.5492654,0.14436247944831848,0.369937002658844,0.24633431434631348
YKL107W,YDR085C,0,3.5490346,0.1443118005990982,0.369937002658844,0.24643543362617493
YKL073W,YDR264C,0,3.5489483,0.14426115155220032,0.369937002658844,0.24653655290603638
YCL020W,YIL017C,0,3.5489078,0.14421053230762482,0.369937002658844,0.24663767218589783
YDR506C,YOR210W,0,3.5488672,0.1441599428653717,0.369937002658844,0.24673880636692047
YOR214C,YGL156W,0,3.5485873,0.14410939812660217,0.369937002658844,0.24683992564678192
YJR095W,YML121W,0,3.5485606,0.14405888319015503,0.369937002658844,0.24694104492664337
YMR164C,YIR010W,0,3.54842,0.14400841295719147,0.369937002658844,0.24704216420650482
YER035W,YER172C,0,3.548108,0.1439579725265503,0.369937002658844,0.24714328348636627
YIL041W,YLR128W,0,3.547976,0.1439075618982315,0.369937002658844,0.24724441766738892
YNL257C,YLR272C,0,3.547968,0.1438571959733963,0.369937002658844,0.24734553694725037
YBR239C,YDR501W,1,3.5475473,0.14415675401687622,0.37083709239959717,0.24734553694725037
YLR423C,YDR477W,0,3.547073,0.14410632848739624,0.37083709239959717,0.24744665622711182
YOR190W,YOR298C-A,0,3.547062,0.14405594766139984,0.37083709239959717,0.24754777550697327
YGR027W-B,YER184C,1,3.5469837,0.14435511827468872,0.37173718214035034,0.24754777550697327
YPL217C,YNL264C,0,3.5469303,0.14430467784404755,0.37173718214035034,0.2476489096879959
YOL097C,YDR261C-C,0,3.5458207,0.14425428211688995,0.37173718214035034,0.24775002896785736
YDR261C-C,YGL133W,0,3.5455885,0.14420391619205475,0.37173718214035034,0.2478511482477188
YPL242C,YOR368W,0,3.545443,0.14415358006954193,0.37173718214035034,0.24795226752758026
YLR035C,YBL027W,0,3.5449715,0.1441032737493515,0.37173718214035034,0.2480533868074417
YPR201W,YBR056W,0,3.54486,0.14405301213264465,0.37173718214035034,0.24815452098846436
YOR354C,YGR038C-A,0,3.544549,0.1440027952194214,0.37173718214035034,0.2482556402683258
YAR003W,YMR280C,0,3.5443268,0.14395259320735931,0.37173718214035034,0.24835675954818726
YCL062W,YDR051C,0,3.5439901,0.14390243589878082,0.37173718214035034,0.2484578788280487
YBL050W,YIL091C,0,3.5439663,0.1438523232936859,0.37173718214035034,0.24855899810791016
YLR081W,YHR045W,0,3.5438995,0.1438022255897522,0.37173718214035034,0.2486601322889328
YJR090C,YPL283C,0,3.5435553,0.14375217258930206,0.37173718214035034,0.24876125156879425
YKL188C,YLL042C,0,3.5434642,0.1437021642923355,0.37173718214035034,0.2488623708486557
YLR421C,YGR092W,0,3.5434484,0.14365217089653015,0.37173718214035034,0.24896349012851715
YBR229C,YMR060C,0,3.5434346,0.14360222220420837,0.37173718214035034,0.2490646243095398
YJL123C,YLR081W,0,3.543396,0.14355231821537018,0.37173718214035034,0.24916574358940125
YOR128C,YLR336C,0,3.5433083,0.14350242912769318,0.37173718214035034,0.2492668628692627
YBR083W,YHL027W,1,3.5429826,0.14379993081092834,0.3726372718811035,0.2492668628692627
YKR013W,YDL214C,0,3.5429387,0.14374999701976776,0.3726372718811035,0.24936798214912415
YOL097C,YGR013W,0,3.5428762,0.14370010793209076,0.3726372718811035,0.2494691014289856
YGR161C-C,YER166W,0,3.5428247,0.14365024864673615,0.3726372718811035,0.24957023561000824
YDR522C,YCL026C-A,0,3.542749,0.14360041916370392,0.3726372718811035,0.2496713548898697
YGR161C-C,YBR136W,0,3.5425773,0.14355061948299408,0.3726372718811035,0.24977247416973114
YMR030W,YLR355C,0,3.5418644,0.14350086450576782,0.3726372718811035,0.2498735934495926
YPR183W,YGR206W,0,3.5415106,0.14345113933086395,0.3726372718811035,0.24997471272945404
YPL045W,YOL021C,0,3.5413303,0.14340145885944366,0.3726372718811035,0.2500758469104767
YDR156W,YGR027W-A,0,3.5411263,0.14335179328918457,0.3726372718811035,0.25017696619033813
YAR003W,YOR083W,0,3.5409293,0.14330218732357025,0.3726372718811035,0.2502780854701996
YDR346C,YDL058W,0,3.5408044,0.14325259625911713,0.3726372718811035,0.25037920475006104
YIL082W-A,YBR227C,0,3.5405793,0.14320304989814758,0.3726372718811035,0.2504803240299225
YBL066C,YOR255W,0,3.540574,0.14315353333950043,0.3726372718811035,0.25058144330978394
YDR119W,YDL213C,0,3.5404563,0.14310404658317566,0.3726372718811035,0.2506825625896454
YDR451C,YOR341W,1,3.5404048,0.1434001326560974,0.3735373616218567,0.2506825625896454
YGL124C,YML026C,0,3.5403647,0.14335060119628906,0.3735373616218567,0.2507837116718292
YPR158W-A,YBR057C,0,3.5403237,0.1433010995388031,0.3735373616218567,0.2508848309516907
YDL058W,YFL002C,0,3.5402036,0.14325164258480072,0.3735373616218567,0.2509859502315521
YLR406C,YOL013C,0,3.5400171,0.14320221543312073,0.3735373616218567,0.2510870695114136
YGL201C,YCR089W,0,3.5398536,0.14315281808376312,0.3735373616218567,0.251188188791275
YMR092C,YLR272C,0,3.5397873,0.1431034505367279,0.3735373616218567,0.2512893080711365
YHR216W,YBL005W-A,0,3.539733,0.14305411279201508,0.3735373616218567,0.2513904273509979
YGR152C,YMR293C,0,3.5396986,0.14300481975078583,0.3735373616218567,0.2514915466308594
YMR214W,YKL012W,0,3.5391479,0.14295555651187897,0.3735373616218567,0.2515926659107208
YOR022C,YDR291W,0,3.5391245,0.1429063379764557,0.3735373616218567,0.25169381499290466
YJL018W,YJL160C,0,3.5389237,0.1428571492433548,0.3735373616218567,0.2517949342727661
YOL103W-B,YPR065W,1,3.5387554,0.14315210282802582,0.37443745136260986,0.2517949342727661
YEL020C,YDL044C,0,3.5386763,0.14310285449028015,0.37443745136260986,0.25189605355262756
YLR233C,YFL008W,1,3.5386043,0.1433975249528885,0.37533754110336304,0.25189605355262756
YJR091C,YPL108W,0,3.5385284,0.14334823191165924,0.37533754110336304,0.251997172832489
YKL025C,YDL207W,0,3.538437,0.14329896867275238,0.37533754110336304,0.25209829211235046
YKL146W,YPR164W,0,3.5383635,0.1432497352361679,0.37533754110336304,0.2521994113922119
YML111W,YGL077C,0,3.538319,0.14320054650306702,0.37533754110336304,0.25230053067207336
YNL054W-B,YOR038C,1,3.53797,0.14349468052387238,0.3762376308441162,0.25230053067207336
YNR056C,YOR368W,0,3.5378165,0.1434454321861267,0.3762376308441162,0.2524016499519348
YJR046W,YBL021C,1,3.5377612,0.14373928308486938,0.3771377205848694,0.2524016499519348
YGR275W,YAR003W,0,3.5374951,0.14368999004364014,0.3771377205848694,0.25250276923179626
YGL125W,YBL019W,0,3.5374322,0.14364072680473328,0.3771377205848694,0.2526038885116577
YGL254W,YNR051C,0,3.5373602,0.14359150826931,0.3771377205848694,0.25270503759384155
YNL167C,YIL131C,1,3.5371776,0.14388489723205566,0.37803781032562256,0.25270503759384155
YOR343W-B,YOR229W,1,3.536851,0.14417807757854462,0.37893790006637573,0.25270503759384155
YDR020C,YNL058C,0,3.5368342,0.1441287249326706,0.37893790006637573,0.252806156873703
YIR022W,YCR070W,0,3.536655,0.14407940208911896,0.37893790006637573,0.25290727615356445
YLR336C,YOR190W,0,3.5366516,0.1440301090478897,0.37893790006637573,0.2530083954334259
YGR186W,YER142C,1,3.5365314,0.14432284235954285,0.3798379898071289,0.2530083954334259
YMR190C,YHR152W,0,3.5364738,0.14427350461483002,0.3798379898071289,0.25310951471328735
YDR034C-D,YAR008W,0,3.536459,0.14422419667243958,0.3798379898071289,0.2532106339931488
YKL071W,YDR322C-A,0,3.5361047,0.14417491853237152,0.3798379898071289,0.25331175327301025
YDR162C,YER157W,0,3.5360703,0.14412568509578705,0.3798379898071289,0.2534128725528717
YDR421W,YGR161W-B,1,3.535543,0.1444178968667984,0.3807380795478821,0.2534128725528717
YGL017W,YIL127C,0,3.5353923,0.14436860382556915,0.3807380795478821,0.25351399183273315
YNL254C,YER058W,0,3.5352817,0.1443193405866623,0.3807380795478821,0.253615140914917
YKL137W,YML033W,0,3.5351882,0.144270122051239,0.3807380795478821,0.25371626019477844
YDL042C,YOL060C,0,3.5349708,0.14422093331813812,0.3807380795478821,0.2538173794746399
YGR277C,YML121W,0,3.5346003,0.14417177438735962,0.3807380795478821,0.25391849875450134
YLR307W,YDL214C,0,3.5344725,0.1441226601600647,0.3807380795478821,0.2540196180343628
YML078W,YGL086W,0,3.5341926,0.14407357573509216,0.3807380795478821,0.25412073731422424
YLR226W,YDR099W,0,3.534018,0.14402452111244202,0.3807380795478821,0.2542218565940857
YMR170C,YDL092W,0,3.5336533,0.14397549629211426,0.3807380795478821,0.25432297587394714
YNL312W,YKL065C,0,3.5329323,0.1439265012741089,0.3807380795478821,0.2544240951538086
YDL102W,YNL239W,1,3.5328956,0.14421768486499786,0.38163816928863525,0.2544240951538086
YML131W,YGL012W,0,3.5324836,0.1441686451435089,0.38163816928863525,0.25452524423599243
YJR137C,YKL222C,0,3.5319953,0.14411965012550354,0.38163816928863525,0.2546263635158539
YGR227W,YLR431C,0,3.5317335,0.14407067000865936,0.38163816928863525,0.25472748279571533
YDR016C,YIL158W,0,3.5316138,0.14402173459529877,0.38163816928863525,0.2548286020755768
YMR293C,YCR068W,0,3.5313163,0.14397282898426056,0.38163816928863525,0.25492972135543823
YDL132W,YNL270C,0,3.5311775,0.14392396807670593,0.38163816928863525,0.2550308406352997
YKR018C,YBL009W,0,3.531168,0.1438751220703125,0.38163816928863525,0.25513195991516113
YOR284W,YJL093C,0,3.5309963,0.14382632076740265,0.38163816928863525,0.2552330791950226
YLR013W,YPR004C,0,3.5308404,0.14377754926681519,0.38163816928863525,0.25533419847488403
YPR082C,YGL029W,0,3.530579,0.1437288075685501,0.38163816928863525,0.2554353177547455
YBR039W,YER172C,0,3.5305133,0.14368011057376862,0.38163816928863525,0.2555364668369293
YML001W,YLR399C,0,3.5300946,0.1436314433813095,0.38163816928863525,0.25563758611679077
YML064C,YOL034W,0,3.5299988,0.1435827910900116,0.38163816928863525,0.2557387053966522
YBL045C,YCR089W,0,3.5297856,0.14353418350219727,0.38163816928863525,0.25583982467651367
YPR158W-B,YKL043W,1,3.5296235,0.1438240259885788,0.3825382590293884,0.25583982467651367
YKL055C,YKR018C,0,3.529614,0.14377537369728088,0.3825382590293884,0.2559409439563751
YLR336C,YML069W,0,3.5294924,0.14372675120830536,0.3825382590293884,0.2560420632362366
YPL217C,YLL042C,0,3.5292974,0.14367815852165222,0.3825382590293884,0.256143182516098
YGL017W,YDR191W,0,3.5291438,0.14362961053848267,0.3825382590293884,0.2562443017959595
YCR048W,YGR027W-A,0,3.528932,0.1435810774564743,0.3825382590293884,0.2563454210758209
YBR217W,YMR288W,0,3.5287704,0.14353258907794952,0.3825382590293884,0.25644657015800476
YOR128C,YBR217W,0,3.5284815,0.14348413050174713,0.3825382590293884,0.2565476894378662
YKR060W,YNL222W,0,3.5282373,0.14343570172786713,0.3825382590293884,0.25664880871772766
YEL077C,YBR288C,0,3.5280375,0.1433873176574707,0.3825382590293884,0.2567499279975891
YER021W,YLL036C,0,3.5275388,0.14333894848823547,0.3825382590293884,0.25685104727745056
YNL102W,YDR210C-D,1,3.5272121,0.14362777769565582,0.3834383487701416,0.25685104727745056
YMR019W,YER171W,1,3.5272026,0.14391641318798065,0.3843384385108948,0.25685104727745056
YDL207W,YKL139W,0,3.5264006,0.14386792480945587,0.3843384385108948,0.256952166557312
YIL143C,YHR084W,1,3.5262666,0.14415627717971802,0.38523852825164795,0.256952166557312
YIR013C,YPR066W,0,3.5261855,0.14410774409770966,0.38523852825164795,0.25705328583717346
YPL275W,YLR355C,0,3.5259633,0.14405924081802368,0.38523852825164795,0.2571544051170349
YGR068C,YGL160W,0,3.5258594,0.1440107673406601,0.38523852825164795,0.25725552439689636
YDR225W,YML039W,1,3.525813,0.14429868757724762,0.3861386179924011,0.25725552439689636
YBR212W,YDR261C-D,1,3.5257607,0.14458641409873962,0.3870387077331543,0.25725552439689636
YOR361C,YHL018W,0,3.5257425,0.1445378214120865,0.3870387077331543,0.2573566734790802
YJL091C,YJL113W,0,3.5256886,0.14448924362659454,0.3870387077331543,0.25745779275894165
YMR092C,YDR354W,0,3.5256248,0.14444071054458618,0.3870387077331543,0.2575589120388031
YHR178W,YOR343W-B,1,3.5254493,0.14472800493240356,0.38793879747390747,0.2575589120388031
YBL036C,YFL031W,0,3.5252814,0.14467942714691162,0.38793879747390747,0.25766003131866455
YKL216W,YOR073W,0,3.524932,0.14463087916374207,0.38793879747390747,0.257761150598526
YDR541C,YML026C,0,3.5248275,0.1445823609828949,0.38793879747390747,0.25786226987838745
YOL088C,YMR260C,0,3.524691,0.14453387260437012,0.38793879747390747,0.2579633891582489
YOL008W,YBR244W,0,3.5240436,0.14448541402816772,0.38793879747390747,0.25806450843811035
YDR506C,YER094C,0,3.5235085,0.1444370001554489,0.38793879747390747,0.2581656277179718
YEL020C,YPL079W,0,3.5231428,0.1443886160850525,0.38793879747390747,0.25826674699783325
YPL024W,YPR137C-B,1,3.5230112,0.144675150513649,0.38883888721466064,0.25826674699783325
YKL163W,YMR044W,0,3.5227404,0.14462672173976898,0.38883888721466064,0.2583678960800171
YDR261W-B,YNL082W,1,3.5224729,0.144912987947464,0.3897389769554138,0.2583678960800171
YJR152W,YDL161W,0,3.5224004,0.1448644995689392,0.3897389769554138,0.25846901535987854
YFL016C,YNL113W,0,3.5220304,0.144816055893898,0.3897389769554138,0.25857013463974
YGL255W,YJL210W,0,3.5218253,0.1447676420211792,0.3897389769554138,0.25867125391960144
YNR012W,YML046W,0,3.5216475,0.14471925795078278,0.3897389769554138,0.2587723731994629
YDL104C,YOR198C,0,3.5211983,0.14467090368270874,0.3897389769554138,0.25887349247932434
YOL034W,YJL154C,0,3.5211616,0.1446225792169571,0.3897389769554138,0.2589746117591858
YMR030W,YER073W,0,3.5210948,0.14457428455352783,0.3897389769554138,0.25907573103904724
YBR186W,YPL020C,0,3.5210261,0.14452603459358215,0.3897389769554138,0.2591768503189087
YPL152W,YOR354C,0,3.5209937,0.14447781443595886,0.3897389769554138,0.25927799940109253
YLR403W,YPL153C,1,3.5209923,0.14476317167282104,0.390639066696167,0.25927799940109253
YOL115W,YMR029C,0,3.5209618,0.14471490681171417,0.390639066696167,0.259379118680954
YDR506C,YBR008C,0,3.5208993,0.1446666717529297,0.390639066696167,0.25948023796081543
YKL109W,YJR147W,1,3.5208893,0.1449516862630844,0.39153915643692017,0.25948023796081543
YOL110W,YFL002C,0,3.5208378,0.14490339159965515,0.39153915643692017,0.2595813572406769
YBL040C,YHR039C,0,3.5207872,0.14485514163970947,0.39153915643692017,0.25968247652053833
YGL055W,YJL100W,0,3.520761,0.14480692148208618,0.39153915643692017,0.2597835958003998
YKL146W,YGR038C-A,0,3.5206227,0.14475873112678528,0.39153915643692017,0.25988471508026123
YLR013W,YGL245W,0,3.5206203,0.14471058547496796,0.39153915643692017,0.2599858343601227
YDL014W,YOR088W,0,3.5205727,0.14466245472431183,0.39153915643692017,0.26008695363998413
YBR073W,YPR135W,1,3.5205612,0.14494681358337402,0.39243924617767334,0.26008695363998413
YLR227W-B,YGR099W,1,3.520403,0.1452309787273407,0.3933393359184265,0.26008695363998413
YDL214C,YBR221C,0,3.5203748,0.14518272876739502,0.3933393359184265,0.2601880729198456
YEL026W,YLR119W,0,3.520319,0.14513450860977173,0.3933393359184265,0.2602892220020294
YIL117C,YDR180W,0,3.5202227,0.14508631825447083,0.3933393359184265,0.26039034128189087
YJL204C,YDR043C,0,3.5198302,0.1450381726026535,0.3933393359184265,0.2604914605617523
YCL045C,YBL002W,0,3.5196424,0.14499004185199738,0.3933393359184265,0.26059257984161377
YJL177W,YJL093C,0,3.519165,0.14494195580482483,0.3933393359184265,0.2606936991214752
YJL018W,YLL036C,0,3.5190248,0.14489389955997467,0.3933393359184265,0.26079481840133667
YEL077C,YHL009W-A,0,3.5188518,0.1448458731174469,0.3933393359184265,0.2608959376811981
YGR152C,YGR027W-A,0,3.5188327,0.14479787647724152,0.3933393359184265,0.26099705696105957
YCL019W,YHR034C,0,3.5185304,0.14474992454051971,0.3933393359184265,0.261098176240921
YJR091C,YPL024W,0,3.5185266,0.1447019875049591,0.3933393359184265,0.26119932532310486
YBR077C,YML014W,0,3.5184407,0.14465409517288208,0.3933393359184265,0.2613004446029663
YDL042C,YIL073C,0,3.5184135,0.14460621774196625,0.3933393359184265,0.26140156388282776
YFL036W,YLR103C,1,3.5182853,0.14488917589187622,0.3942394256591797,0.26140156388282776
YLR298C,YLR133W,0,3.5181208,0.144841268658638,0.3942394256591797,0.2615026831626892
YHR079C-A,YDR339C,0,3.517538,0.14479339122772217,0.3942394256591797,0.26160380244255066
YKL221W,YGR065C,0,3.517208,0.14474554359912872,0.3942394256591797,0.2617049217224121
YDR363W,YDR001C,0,3.5168958,0.14469772577285767,0.3942394256591797,0.26180604100227356
YDR365W-B,YPL005W,0,3.516889,0.144649937748909,0.3942394256591797,0.261907160282135
YDR316W-B,YDR082W,1,3.5163488,0.1449323147535324,0.39513951539993286,0.261907160282135
YOR368W,YCL020W,0,3.5163293,0.14488448202610016,0.39513951539993286,0.26200827956199646
YNL082W,YFL062W,0,3.516183,0.1448366940021515,0.39513951539993286,0.2621094286441803
YDR261W-B,YOR295W,1,3.516056,0.14511872828006744,0.39603960514068604,0.2621094286441803
YDR484W,YDL222C,0,3.5160527,0.145070880651474,0.39603960514068604,0.26221054792404175
YOR118W,YPL057C,0,3.5158653,0.14502307772636414,0.39603960514068604,0.2623116672039032
YGL255W,YGL179C,0,3.5154595,0.14497528970241547,0.39603960514068604,0.26241278648376465
YJL018W,YAL055W,0,3.5154185,0.14492753148078918,0.39603960514068604,0.2625139057636261
YGR161C-C,YBR044C,0,3.5153465,0.14487981796264648,0.39603960514068604,0.26261502504348755
YGL125W,YPL162C,0,3.5149465,0.14483211934566498,0.39603960514068604,0.262716144323349
YPL060C-A,YDR293C,0,3.5149093,0.14478446543216705,0.39603960514068604,0.26281726360321045
YOR354C,YDR142C,0,3.514783,0.14473684132099152,0.39603960514068604,0.2629183828830719
YGL130W,YNL197C,0,3.514635,0.14468924701213837,0.39603960514068604,0.26301950216293335
YGL224C,YGR278W,0,3.5144916,0.1446416825056076,0.39603960514068604,0.2631206512451172
YBR019C,YLR003C,0,3.5144773,0.14459414780139923,0.39603960514068604,0.26322177052497864
YJR095W,YHL009W-A,0,3.5139685,0.14454664289951324,0.39603960514068604,0.2633228898048401
YDR446W,YPL060C-A,0,3.5138726,0.14449918270111084,0.39603960514068604,0.26342400908470154
YKR029C,YOR088W,0,3.5138087,0.14445173740386963,0.39603960514068604,0.263525128364563
YDL220C,YOR290C,1,3.513523,0.1447325199842453,0.3969396948814392,0.263525128364563
YPL124W,YKR024C,0,3.5131707,0.1446850448846817,0.3969396948814392,0.26362624764442444
YDR210W-A,YPR066W,0,3.512681,0.1446375846862793,0.3969396948814392,0.2637273669242859
YMR323W,YBL019W,0,3.5126119,0.14459016919136047,0.3969396948814392,0.26382848620414734
YDL232W,YOL119C,0,3.5125198,0.14454276859760284,0.3969396948814392,0.2639296054840088
YLR132C,YER075C,0,3.5124335,0.1444954127073288,0.3969396948814392,0.2640307545661926
YLR336C,YHR124W,0,3.5123692,0.14444808661937714,0.3969396948814392,0.2641318738460541
YDR184C,YMR021C,0,3.5122027,0.14440079033374786,0.3969396948814392,0.2642329931259155
YDR034C-D,YLR110C,0,3.5118742,0.14435352385044098,0.3969396948814392,0.264334112405777
YLR174W,YOR360C,0,3.5118475,0.14430628716945648,0.3969396948814392,0.2644352316856384
YFR042W,YDR208W,0,3.5117202,0.14425908029079437,0.3969396948814392,0.2645363509654999
YBR298C,YGL077C,0,3.5115662,0.14421190321445465,0.3969396948814392,0.26463747024536133
YGR038C-A,YLR393W,0,3.5114794,0.14416475594043732,0.3969396948814392,0.2647385895252228
YPR075C,YDR484W,0,3.5113454,0.14411765336990356,0.3969396948814392,0.26483970880508423
YPR158W-A,YNL279W,0,3.5112147,0.144070565700531,0.3969396948814392,0.26494085788726807
YGR087C,YPL057C,0,3.5110383,0.14402350783348083,0.3969396948814392,0.2650419771671295
YIL010W,YCR070W,0,3.5110207,0.14397649466991425,0.3969396948814392,0.26514309644699097
YPR101W,YNL058C,0,3.5108929,0.14392951130867004,0.3969396948814392,0.2652442157268524
YPR183W,YOR005C,0,3.5108309,0.14388254284858704,0.3969396948814392,0.26534533500671387
YKL086W,YPR020W,0,3.510785,0.1438356190919876,0.3969396948814392,0.2654464542865753
YLR405W,YNR069C,0,3.5102592,0.14378872513771057,0.3969396948814392,0.26554757356643677
YDR448W,YMR213W,1,3.51018,0.14406779408454895,0.3978397846221924,0.26554757356643677
YGR161C-C,YNL272C,0,3.5101361,0.14402085542678833,0.3978397846221924,0.2656486928462982
YOR196C,YPL230W,0,3.5100312,0.1439739465713501,0.3978397846221924,0.26574981212615967
YJL042W,YLR453C,0,3.5098395,0.14392705261707306,0.3978397846221924,0.2658509314060211
YOR149C,YEL060C,0,3.5097914,0.1438802033662796,0.3978397846221924,0.26595208048820496
YGR038C-B,YHR166C,0,3.509262,0.14383338391780853,0.3978397846221924,0.2660531997680664
YMR113W,YNL327W,0,3.5086818,0.14378659427165985,0.3978397846221924,0.26615431904792786
YGL130W,YJL076W,0,3.5085545,0.14373983442783356,0.3978397846221924,0.2662554383277893
YOL068C,YLR227W-B,1,3.5085068,0.14401820302009583,0.39873987436294556,0.2662554383277893
YBR216C,YPL060C-A,0,3.5084643,0.14397139847278595,0.39873987436294556,0.26635655760765076
YMR100W,YLR453C,1,3.508265,0.14424951374530792,0.39963996410369873,0.26635655760765076
YPL211W,YGL017W,0,3.5082583,0.14420266449451447,0.39963996410369873,0.2664576768875122
YDR506C,YHR062C,0,3.5081534,0.1441558450460434,0.39963996410369873,0.26655879616737366
YIL103W,YOR303W,0,3.5081463,0.14410905539989471,0.39963996410369873,0.2666599154472351
YLR157C-B,YFL022C,0,3.5081077,0.14406229555606842,0.39963996410369873,0.26676103472709656
YDR365W-B,YBR236C,0,3.5080333,0.14401556551456451,0.39963996410369873,0.2668621838092804
YLR272C,YDR480W,0,3.5080295,0.143968865275383,0.39963996410369873,0.26696330308914185
YCL062W,YGL044C,0,3.5076714,0.14392220973968506,0.39963996410369873,0.2670644223690033
YNR012W,YMR214W,0,3.5076013,0.14387556910514832,0.39963996410369873,0.26716554164886475
YMR079W,YLR157C-A,0,3.5075579,0.14382895827293396,0.39963996410369873,0.2672666609287262
YJL018W,YBL006C,0,3.5072837,0.143782377243042,0.39963996410369873,0.26736778020858765
YFL024C,YMR068W,0,3.5072117,0.1437358409166336,0.39963996410369873,0.2674688994884491
YKL025C,YDR365W-B,0,3.5070086,0.1436893194913864,0.39963996410369873,0.26757001876831055
YDR034C-D,YPL236C,0,3.5068412,0.1436428278684616,0.39963996410369873,0.267671138048172
YOR295W,YBR089C-A,1,3.5064125,0.14391979575157166,0.4005400538444519,0.267671138048172
YHR019C,YAL061W,0,3.506259,0.14387325942516327,0.4005400538444519,0.26777225732803345
YIL091C,YIL129C,0,3.5061107,0.14382676780223846,0.4005400538444519,0.2678734064102173
YDR034C-D,YOR058C,0,3.5056891,0.14378029108047485,0.4005400538444519,0.26797452569007874
YBR258C,YMR119W,0,3.5056405,0.14373384416103363,0.4005400538444519,0.2680756449699402
YFL024C,YGR277C,0,3.5053754,0.143687441945076,0.4005400538444519,0.26817676424980164
YGL250W,YCR028C-A,0,3.5051389,0.14364105463027954,0.4005400538444519,0.2682778835296631
YMR263W,YHR104W,0,3.5048165,0.14359471201896667,0.4005400538444519,0.26837900280952454
YER016W,YBR004C,0,3.5046039,0.143548384308815,0.4005400538444519,0.268480122089386
YOL091W,YER048C,0,3.5043397,0.1435021013021469,0.4005400538444519,0.26858124136924744
YDR261C-C,YMR024W,0,3.5042338,0.14345583319664001,0.4005400538444519,0.2686823606491089
YCL062W,YDR394W,0,3.5041008,0.1434096097946167,0.4005400538444519,0.2687835097312927
YMR021C,YJL209W,0,3.5040264,0.14336340129375458,0.4005400538444519,0.2688846290111542
YJL018W,YDR446W,0,3.5037422,0.14331723749637604,0.4005400538444519,0.2689857482910156
YDR123C,YNL151C,1,3.5036602,0.14359304308891296,0.4014401435852051,0.2689857482910156
YBR171W,YER124C,0,3.5035195,0.14354683458805084,0.4014401435852051,0.2690868675708771
YNL054W-B,YKR034W,1,3.5033793,0.14382238686084747,0.40234023332595825,0.2690868675708771
YMR021C,YNL275W,0,3.5032158,0.14377613365650177,0.40234023332595825,0.2691879868507385
YDR311W,YHL009W-A,0,3.5031805,0.14372991025447845,0.40234023332595825,0.2692891061306
YGL086W,YOL089C,0,3.5031614,0.14368370175361633,0.40234023332595825,0.2693902254104614
YOR028C,YML051W,1,3.5026479,0.14395886659622192,0.4032403230667114,0.2693902254104614
YMR068W,YGL055W,0,3.50215,0.14391262829303741,0.4032403230667114,0.2694913446903229
YBL042C,YGR027W-A,0,3.5016408,0.1438664048910141,0.4032403230667114,0.2695924639701843
YJL076W,YLR066W,0,3.5012908,0.14382022619247437,0.4032403230667114,0.26969361305236816
YCR027C,YGL065C,0,3.5007434,0.14377406239509583,0.4032403230667114,0.2697947323322296
YDR261C-C,YJR113C,0,3.500671,0.14372794330120087,0.4032403230667114,0.26989585161209106
YIL157C,YLR210W,0,3.5006013,0.1436818540096283,0.4032403230667114,0.2699969708919525
YGR048W,YHR166C,0,3.5005326,0.14363577961921692,0.4032403230667114,0.27009809017181396
YHR134W,YLR135W,0,3.500154,0.14358974993228912,0.4032403230667114,0.2701992094516754
YDR362C,YLR233C,1,3.5001416,0.14386413991451263,0.4041404128074646,0.2701992094516754
YKR001C,YEL003W,0,3.4996247,0.14381806552410126,0.4041404128074646,0.27030032873153687
YPR066W,YDR352W,0,3.4994493,0.14377202093601227,0.4041404128074646,0.2704014480113983
YCR027C,YPL249C,0,3.4993143,0.14372599124908447,0.4041404128074646,0.27050256729125977
YPL069C,YEL042W,0,3.499127,0.14368000626564026,0.4041404128074646,0.2706036865711212
YGL244W,YDR499W,1,3.498993,0.14395393431186676,0.4050405025482178,0.2706036865711212
YBR110W,YOR088W,0,3.4989634,0.14390790462493896,0.4050405025482178,0.27070483565330505
YPL170W,YDR450W,0,3.4988537,0.14386188983917236,0.4050405025482178,0.2708059549331665
YML078W,YKL107W,0,3.498766,0.14381591975688934,0.4050405025482178,0.27090707421302795
YDR314C,YOR202W,0,3.4980402,0.14376996457576752,0.4050405025482178,0.2710081934928894
YOL013C,YPL241C,0,3.4979653,0.14372405409812927,0.4050405025482178,0.27110931277275085
YGR038C-B,YER073W,0,3.497962,0.14367815852165222,0.4050405025482178,0.2712104320526123
YDR316W-B,YDR419W,1,3.4977746,0.14395149052143097,0.40594059228897095,0.2712104320526123
YBL102W,YDR216W,0,3.4976172,0.14390555024147034,0.40594059228897095,0.27131155133247375
YGL224C,YLR453C,0,3.4973974,0.1438596546649933,0.40594059228897095,0.2714126706123352
YDR142C,YDR084C,0,3.4971142,0.14381377398967743,0.40594059228897095,0.27151378989219666
YBL042C,YDR034C-D,0,3.496698,0.14376793801784515,0.40594059228897095,0.2716149389743805
YOL006C,YGR161C-C,0,3.496511,0.14372211694717407,0.40594059228897095,0.27171605825424194
YCR027C,YDR206W,0,3.4964066,0.14367632567882538,0.40594059228897095,0.2718171775341034
YPL088W,YOR210W,0,3.4963307,0.14363057911396027,0.40594059228897095,0.27191829681396484
YLR274W,YFR009W,0,3.4961166,0.14358484745025635,0.40594059228897095,0.2720194160938263
YGR038C-B,YJL138C,0,3.4960923,0.14353914558887482,0.40594059228897095,0.27212053537368774
YOR321W,YDL213C,0,3.495998,0.14349347352981567,0.40594059228897095,0.2722216546535492
YMR106C,YML010W,0,3.4955444,0.14344783127307892,0.40594059228897095,0.27232277393341064
YER122C,YPL057C,0,3.4953818,0.14340221881866455,0.40594059228897095,0.2724238932132721
YJR086W,YBR239C,0,3.49516,0.14335663616657257,0.40594059228897095,0.27252504229545593
YGR249W,YMR271C,0,3.4950876,0.14331108331680298,0.40594059228897095,0.2726261615753174
YGR227W,YOR214C,0,3.494835,0.14326556026935577,0.40594059228897095,0.27272728085517883
YGR161C-C,YBR139W,0,3.4947677,0.14322006702423096,0.40594059228897095,0.2728284001350403
YML131W,YNL326C,0,3.4947076,0.14317460358142853,0.40594059228897095,0.27292951941490173
YLR233C,YPR158W-A,0,3.494635,0.1431291699409485,0.40594059228897095,0.2730306386947632
YCR067C,YOR256C,0,3.4945788,0.14308375120162964,0.40594059228897095,0.27313175797462463
YGR166W,YPR009W,0,3.4943852,0.14303837716579437,0.40594059228897095,0.2732328772544861
YLR406C,YNL058C,0,3.494351,0.1429930180311203,0.40594059228897095,0.27333399653434753
YLR398C,YBR204C,0,3.494298,0.1429477035999298,0.40594059228897095,0.273435115814209
YLR341W,YLR308W,0,3.4940815,0.1429024040699005,0.40594059228897095,0.2735362648963928
YLR064W,YMR116C,0,3.4940357,0.1428571492433548,0.40594059228897095,0.2736373841762543
YKL113C,YJL103C,1,3.4939556,0.14312855899333954,0.4068406820297241,0.2736373841762543
YPL237W,YJL154C,0,3.49375,0.14308325946331024,0.4068406820297241,0.2737385034561157
YOL012C,YDR261C-D,1,3.4933324,0.14335443079471588,0.4077407717704773,0.2737385034561157
YGR277C,YNL047C,0,3.4931698,0.143309086561203,0.4077407717704773,0.2738396227359772
YCR096C,YIL021W,1,3.4928107,0.14358001947402954,0.40864086151123047,0.2738396227359772
YDR147W,YGR067C,0,3.4927573,0.1435346156358719,0.40864086151123047,0.2739407420158386
YGR038C-A,YJR159W,0,3.4927154,0.14348925650119781,0.40864086151123047,0.2740418612957001
YML033W,YNL047C,0,3.4924784,0.14344391226768494,0.40864086151123047,0.2741429805755615
YNR032W,YLR066W,0,3.492433,0.14339861273765564,0.40864086151123047,0.274244099855423
YPL217C,YDR162C,0,3.4924264,0.14335332810878754,0.40864086151123047,0.2743452191352844
YNL186W,YER169W,0,3.4923787,0.14330808818340302,0.40864086151123047,0.27444636821746826
YOR343W-B,YJR068W,1,3.4921227,0.1435784101486206,0.40954095125198364,0.27444636821746826
YHL009W-A,YKR039W,0,3.4918175,0.1435331255197525,0.40954095125198364,0.2745474874973297
YDL020C,YGL020C,0,3.4916878,0.1434878557920456,0.40954095125198364,0.27464860677719116
YBL018C,YGR207C,0,3.4915934,0.14344261586666107,0.40954095125198364,0.2747497260570526
YFR028C,YLR272C,0,3.4913273,0.14339742064476013,0.40954095125198364,0.27485084533691406
YJR091C,YDR538W,0,3.4910846,0.14335224032402039,0.40954095125198364,0.2749519646167755
YPR190C,YBL003C,1,3.4904804,0.1436220407485962,0.4104410409927368,0.2749519646167755
YIL127C,YNL047C,0,3.489962,0.14357683062553406,0.4104410409927368,0.27505308389663696
YMR266W,YGL207W,0,3.4896255,0.14353163540363312,0.4104410409927368,0.2751542031764984
YDR261C-C,YDR208W,0,3.4893641,0.14348646998405457,0.4104410409927368,0.27525532245635986
YGR152C,YDR302W,0,3.4891706,0.1434413343667984,0.4104410409927368,0.2753564715385437
YFL016C,YCR070W,0,3.4890246,0.14339622855186462,0.4104410409927368,0.27545759081840515
YDR162C,YDR538W,0,3.4889169,0.14335115253925323,0.4104410409927368,0.2755587100982666
YER159C,YGL105W,1,3.488637,0.14362037181854248,0.41134113073349,0.2755587100982666
YLR144C,YPR158W-A,0,3.4885101,0.14357523620128632,0.41134113073349,0.27565982937812805
YBR088C,YBL067C,0,3.4884515,0.14353014528751373,0.41134113073349,0.2757609486579895
YDL150W,YIL073C,0,3.488418,0.14348508417606354,0.41134113073349,0.27586206793785095
YPR158W-A,YJR067C,0,3.4882226,0.14344005286693573,0.41134113073349,0.2759631872177124
YIR022W,YMR167W,0,3.4879723,0.14339503645896912,0.41134113073349,0.27606430649757385
YLR226W,YPR033C,0,3.4878983,0.14335006475448608,0.41134113073349,0.2761654257774353
YDR261W-B,YDL002C,1,3.487792,0.14361868798732758,0.41224122047424316,0.2761654257774353
YPR107C,YER006W,0,3.487687,0.14357367157936096,0.41224122047424316,0.27626654505729675
YNL323W,YNL134C,0,3.48763,0.14352867007255554,0.41224122047424316,0.2763676941394806
YPL060C-A,YGR163W,0,3.4874597,0.1434837132692337,0.41224122047424316,0.27646881341934204
YMR190C,YML111W,0,3.4873614,0.14343877136707306,0.41224122047424316,0.2765699326992035
YJL210W,YMR323W,0,3.4873452,0.1433938592672348,0.41224122047424316,0.27667105197906494
YBR057C,YDL165W,0,3.4873338,0.14334897696971893,0.41224122047424316,0.2767721712589264
YCL033C,YGR161C-C,0,3.4873261,0.14330412447452545,0.41224122047424316,0.27687329053878784
YDR452W,YNL030W,0,3.487156,0.14325930178165436,0.41224122047424316,0.2769744098186493
YML033W,YHR196W,0,3.486908,0.14321450889110565,0.41224122047424316,0.27707552909851074
YPL249C-A,YPL023C,0,3.486627,0.14316974580287933,0.41224122047424316,0.2771766483783722
YBL040C,YGR038C-A,0,3.4866123,0.1431249976158142,0.41224122047424316,0.27727779746055603
YBR235W,YGR098C,0,3.4864464,0.14308029413223267,0.41224122047424316,0.2773789167404175
YOL119C,YDR291W,0,3.4863067,0.14303560554981232,0.41224122047424316,0.27748003602027893
YIR034C,YMR167W,0,3.4859967,0.14299094676971436,0.41224122047424316,0.2775811553001404
YGR038C-B,YML072C,0,3.4855828,0.14294631779193878,0.41224122047424316,0.27768227458000183
YCL062W,YJR044C,0,3.4855313,0.1429017186164856,0.41224122047424316,0.2777833938598633
YPR075C,YKR029C,0,3.4854412,0.1428571492433548,0.41224122047424316,0.27788451313972473
YBL023C,YML007W,1,3.485416,0.14312441647052765,0.41314131021499634,0.27788451313972473
YLR310C,YER075C,0,3.4853277,0.14307980239391327,0.41314131021499634,0.2779856324195862
YHL002W,YHR003C,0,3.4852495,0.14303521811962128,0.41314131021499634,0.27808675169944763
YJR014W,YPL249C,0,3.4848814,0.14299064874649048,0.41314131021499634,0.2781878709793091
YDL103C,YLR035C,0,3.4847999,0.14294612407684326,0.41314131021499634,0.2782890200614929
YDR123C,YDR489W,0,3.4846764,0.14290161430835724,0.41314131021499634,0.27839013934135437
YGR183C,YLR133W,0,3.4845762,0.1428571492433548,0.41314131021499634,0.2784912586212158
YLR369W,YDR119W,0,3.4844298,0.14281269907951355,0.41314131021499634,0.27859237790107727
YER146W,YBR227C,0,3.4837918,0.1427682787179947,0.41314131021499634,0.2786934971809387
YLR225C,YLR449W,0,3.4836597,0.14272387325763702,0.41314131021499634,0.27879461646080017
YCL062W,YGR067C,0,3.4834647,0.14267951250076294,0.41314131021499634,0.2788957357406616
YMR288W,YBR102C,0,3.4834228,0.14263518154621124,0.41314131021499634,0.27899685502052307
YDL153C,YMR161W,0,3.4833078,0.14259086549282074,0.41314131021499634,0.2790979743003845
YCL040W,YHL009W-A,0,3.483148,0.14254657924175262,0.41314131021499634,0.27919912338256836
YBR077C,YPR112C,0,3.4831052,0.1425023227930069,0.41314131021499634,0.2793002426624298
YOR328W,YIL040W,0,3.482945,0.14245809614658356,0.41314131021499634,0.27940136194229126
YKL049C,YLR368W,0,3.4827437,0.1424138993024826,0.41314131021499634,0.2795024812221527
YGR148C,YLR136C,0,3.482695,0.14236973226070404,0.41314131021499634,0.27960360050201416
YOR256C,YCR097W,0,3.482428,0.14232558012008667,0.41314131021499634,0.2797047197818756
YFL053W,YNL245C,0,3.4823403,0.1422814577817917,0.41314131021499634,0.27980583906173706
YAL005C,YIL097W,0,3.4823027,0.1422373652458191,0.41314131021499634,0.2799069583415985
YLR157C-B,YPL108W,0,3.4820533,0.14219330251216888,0.41314131021499634,0.28000807762145996
YKL091C,YIL122W,0,3.4820404,0.14214926958084106,0.41314131021499634,0.2801092267036438
YJR043C,YMR323W,0,3.4819975,0.14210526645183563,0.41314131021499634,0.28021034598350525
YGL184C,YML046W,0,3.481958,0.1420612782239914,0.41314131021499634,0.2803114652633667
YGR049W,YNR073C,0,3.4818783,0.14201731979846954,0.41314131021499634,0.28041258454322815
YGL245W,YOR030W,0,3.4818015,0.14197340607643127,0.41314131021499634,0.2805137038230896
YKL055C,YDR316W,0,3.481237,0.141929492354393,0.41314131021499634,0.28061482310295105
YPL072W,YOR303W,0,3.4811893,0.14188562333583832,0.41314131021499634,0.2807159423828125
YLR262C,YPR061C,0,3.48096,0.14184178411960602,0.41314131021499634,0.28081706166267395
YDR253C,YOR142W-B,1,3.4808936,0.14210689067840576,0.4140413999557495,0.28081706166267395
YGR033C,YCR028C-A,0,3.4807277,0.14206300675868988,0.4140413999557495,0.2809181809425354
YDR339C,YDR264C,0,3.4804115,0.1420191377401352,0.4140413999557495,0.28101930022239685
YML069W,YMR067C,0,3.4802165,0.1419753134250641,0.4140413999557495,0.2811204493045807
YCR048W,YEL071W,0,3.4799757,0.14193150401115417,0.4140413999557495,0.28122156858444214
YBR258C,YMR079W,0,3.4797964,0.14188772439956665,0.4140413999557495,0.2813226878643036
YGR096W,YPL249C-A,0,3.479331,0.1418439745903015,0.4140413999557495,0.28142380714416504
YHR124W,YDR210C-D,1,3.478859,0.1421085149049759,0.4149414896965027,0.28142380714416504
YBR253W,YKR025W,0,3.4788432,0.14206472039222717,0.4149414896965027,0.2815249264240265
YGR038C-A,YGL033W,0,3.4785995,0.14202095568180084,0.4149414896965027,0.28162604570388794
YMR079W,YJR161C,0,3.4785795,0.1419772058725357,0.4149414896965027,0.2817271649837494
YBL084C,YDR322C-A,0,3.4783688,0.14193350076675415,0.4149414896965027,0.28182828426361084
YGL011C,YLR453C,0,3.4782944,0.1418898105621338,0.4149414896965027,0.2819294035434723
YBL036C,YIL168W,0,3.478159,0.14184615015983582,0.4149414896965027,0.28203055262565613
YGR161C-C,YFL034C-A,0,3.4779172,0.14180251955986023,0.4149414896965027,0.2821316719055176
YPL016W,YBL005W-A,0,3.4778504,0.14175891876220703,0.4149414896965027,0.28223279118537903
YLR225C,YLR341W,0,3.4778328,0.14171533286571503,0.4149414896965027,0.2823339104652405
YOL013C,YPL124W,0,3.4778323,0.1416717916727066,0.4149414896965027,0.28243502974510193
YNL177C,YCL027C-A,0,3.4776282,0.14162826538085938,0.4149414896965027,0.2825361490249634
YGL210W-A,YLR405W,0,3.4776282,0.14158476889133453,0.4149414896965027,0.28263726830482483
YGL210W-A,YBR079C,0,3.4776282,0.14154130220413208,0.4149414896965027,0.2827383875846863
YBL008W-A,YOL049W,0,3.4776282,0.14149785041809082,0.4149414896965027,0.28283950686454773
YDR210W-D,YOL089C,1,3.4776282,0.14176127314567566,0.41584157943725586,0.28283950686454773
YJL051W,YDR524C-B,0,3.4776282,0.141717791557312,0.41584157943725586,0.28294065594673157
YGL210W-A,YPL255W,0,3.4776282,0.14167433977127075,0.41584157943725586,0.283041775226593
YDR207C,YKR095W-A,1,3.4776282,0.1419374644756317,0.41674166917800903,0.283041775226593
YGR192C,YKR099C-A,0,3.4776282,0.14189396798610687,0.41674166917800903,0.28314289450645447
YGL210W-A,YBR227C,0,3.4776282,0.14185048639774323,0.41674166917800903,0.2832440137863159
YLR272C,YDR079C-A,0,3.4776282,0.14180704951286316,0.41674166917800903,0.28334513306617737
YDR119W,YCL027C-A,0,3.4776282,0.1417636275291443,0.41674166917800903,0.2834462523460388
YOR343C-B,YBR044C,0,3.4776282,0.1417202353477478,0.41674166917800903,0.28354737162590027
YDR524C-B,YJL122W,0,3.4776282,0.1416768729686737,0.41674166917800903,0.2836484909057617
YDR524C-B,YNL099C,0,3.4776282,0.1416335254907608,0.41674166917800903,0.28374961018562317
YML064C,YGL210W-A,0,3.4776282,0.1415902078151703,0.41674166917800903,0.2838507294654846
YDR477W,YOR343C-B,0,3.4776282,0.14154693484306335,0.41674166917800903,0.28395187854766846
YBL008W-A,YPL029W,0,3.4776282,0.14150366187095642,0.41674166917800903,0.2840529978275299
YDR485C,YDR524C-B,0,3.4776282,0.14146043360233307,0.41674166917800903,0.28415411710739136
YNL024C-A,YNR036C,0,3.4776282,0.1414172202348709,0.41674166917800903,0.2842552363872528
YKR098C,YDR524C-B,0,3.4776282,0.14137405157089233,0.41674166917800903,0.28435635566711426
YOL086W-A,YGL201C,1,3.4776282,0.14163614809513092,0.4176417589187622,0.28435635566711426
YOR208W,YGL210W-A,0,3.4776282,0.14159291982650757,0.4176417589187622,0.2844574749469757
YBL008W-A,YOR295W,0,3.4776282,0.1415497213602066,0.4176417589187622,0.28455859422683716
YBL008W-A,YDR210W,0,3.4776282,0.14150655269622803,0.4176417589187622,0.2846597135066986
YPL212C,YOR088W,0,3.4776282,0.14146341383457184,0.4176417589187622,0.28476083278656006
YNL024C-A,YJL209W,0,3.4776282,0.14142030477523804,0.4176417589187622,0.2848619818687439
YKR095W-A,YOR344C,1,3.4776282,0.14168189465999603,0.4185418486595154,0.2848619818687439
YCR066W,YKR095W-A,1,3.4776282,0.14194335043430328,0.41944193840026855,0.2848619818687439
YGL029W,YCL027C-A,0,3.4776282,0.14190012216567993,0.41944193840026855,0.28496310114860535
YGL210W-A,YIL105C,0,3.4776282,0.14185692369937897,0.41944193840026855,0.2850642204284668
YAR050W,YGL210W-A,0,3.4776282,0.1418137550354004,0.41944193840026855,0.28516533970832825
YLR081W,YCL027C-A,0,3.4776282,0.1417706161737442,0.41944193840026855,0.2852664589881897
YNL024C-A,YOL058W,0,3.4776282,0.1417274922132492,0.41944193840026855,0.28536757826805115
YLR362W,YCL027C-A,0,3.4776282,0.1416843980550766,0.41944193840026855,0.2854686975479126
YOR190W,YKR099C-A,0,3.4776282,0.14164133369922638,0.41944193840026855,0.28556981682777405
YBL008W-A,YAR003W,0,3.4776282,0.14159829914569855,0.41944193840026855,0.2856709361076355
YCL026C-A,YCR070W,0,3.4776282,0.1415552794933319,0.41944193840026855,0.28577205538749695
YNL024C-A,YIL114C,0,3.4776282,0.14151230454444885,0.41944193840026855,0.2858732044696808
YBL008W-A,YGR091W,0,3.4776282,0.141469344496727,0.41944193840026855,0.28597432374954224
YBL019W,YKR095W-A,1,3.4776282,0.14172989130020142,0.42034202814102173,0.28597432374954224
YNL126W,YNL024C-A,0,3.4776282,0.14168688654899597,0.42034202814102173,0.2860754430294037
YGR249W,YOR343C-B,1,3.4776282,0.14194722473621368,0.4212421178817749,0.2860754430294037
YBL008W-A,YNL169C,0,3.4776282,0.14190419018268585,0.4212421178817749,0.28617656230926514
YDR210W-D,YOR386W,1,3.4776282,0.14216428995132446,0.4221422076225281,0.28617656230926514
YPL118W,YOR343C-B,0,3.4776282,0.14212121069431305,0.4221422076225281,0.2862776815891266
YBL008W-A,YCR068W,0,3.4776282,0.14207816123962402,0.4221422076225281,0.28637880086898804
YBL008W-A,YMR197C,0,3.4776282,0.1420351266860962,0.4221422076225281,0.2864799201488495
YBL008W-A,YDR324C,0,3.4776282,0.14199212193489075,0.4221422076225281,0.28658103942871094
YDR524C-B,YKR029C,0,3.4776282,0.1419491469860077,0.4221422076225281,0.2866821587085724
YMR224C,YOL086W-A,1,3.4776282,0.1422087699174881,0.42304229736328125,0.2866821587085724
YJL047C,YGL210W-A,0,3.4776282,0.14216576516628265,0.42304229736328125,0.2867833077907562
YMR197C,YDR524C-B,0,3.4776282,0.1421227753162384,0.42304229736328125,0.2868844270706177
YDL002C,YNL024C-A,0,3.4776282,0.14207980036735535,0.42304229736328125,0.2869855463504791
YCL062W,YJL118W,0,3.4776282,0.14203687012195587,0.42304229736328125,0.2870866656303406
YAR050W,YNL024C-A,0,3.4776282,0.1419939547777176,0.42304229736328125,0.287187784910202
YCL062W,YER074W-A,0,3.4776282,0.1419510692358017,0.42304229736328125,0.2872889041900635
YDR210W-D,YOR128C,0,3.4776282,0.1419082134962082,0.42304229736328125,0.2873900234699249
YNL053W,YKR099C-A,0,3.4776282,0.14186537265777588,0.42304229736328125,0.2874911427497864
YDR524C-B,YMR216C,0,3.4776282,0.14182257652282715,0.42304229736328125,0.2875922620296478
YDR210W-D,YCR034W,0,3.4776282,0.1417797952890396,0.42304229736328125,0.28769341111183167
YBL008W-A,YPR056W,0,3.4776282,0.14173702895641327,0.42304229736328125,0.2877945303916931
YPR018W,YBL008W-A,0,3.4776282,0.1416943073272705,0.42304229736328125,0.28789564967155457
YNL082W,YOR343C-B,1,3.4776282,0.1419529765844345,0.4239423871040344,0.28789564967155457
YDL025C,YCL027C-A,0,3.4776282,0.14191021025180817,0.4239423871040344,0.287996768951416
YHL033C,YGL210W-A,0,3.4776282,0.1418674737215042,0.4239423871040344,0.28809788823127747
YFL003C,YKR099C-A,0,3.4776282,0.14182475209236145,0.4239423871040344,0.2881990075111389
YDR210W-D,YBR280C,0,3.4776282,0.14178206026554108,0.4239423871040344,0.28830012679100037
YLR274W,YGL210W-A,0,3.4776282,0.1417393982410431,0.4239423871040344,0.2884012460708618
YER078C,YNL024C-A,0,3.4776282,0.1416967511177063,0.4239423871040344,0.28850236535072327
YGR090W,YDR524C-B,0,3.4776282,0.1416541337966919,0.4239423871040344,0.2886034846305847
YBL004W,YDR524C-B,0,3.4776282,0.14161154627799988,0.4239423871040344,0.28870463371276855
YKR095W-A,YNL262W,1,3.4776282,0.14186954498291016,0.4248424768447876,0.28870463371276855
YNL024C-A,YGR206W,0,3.4776282,0.14182692766189575,0.4248424768447876,0.28880575299263
YKL222C,YOR343C-B,1,3.4776282,0.14208470284938812,0.42574256658554077,0.28880575299263
YNL024C-A,YHL018W,0,3.4776282,0.14204204082489014,0.42574256658554077,0.28890687227249146
YDR210W-D,YBR139W,0,3.4776282,0.14199939370155334,0.42574256658554077,0.2890079915523529
YNL024C-A,YGL047W,0,3.4776282,0.14195677638053894,0.42574256658554077,0.28910911083221436
YER144C,YBL008W-A,0,3.4776282,0.14191418886184692,0.42574256658554077,0.2892102301120758
YGR157W,YDR210W-D,0,3.4776282,0.1418716311454773,0.42574256658554077,0.28931134939193726
YIL117C,YNL024C-A,0,3.4776282,0.14182908833026886,0.42574256658554077,0.2894124686717987
YGL070C,YOL086W-A,1,3.4776282,0.14208632707595825,0.42664265632629395,0.2894124686717987
YIR013C,YKR095W-A,1,3.4776282,0.1423434168100357,0.4275427460670471,0.2894124686717987
YLR340W,YKR099C-A,0,3.4776282,0.1423007845878601,0.4275427460670471,0.28951358795166016
YML033W,YML025C,0,3.4776282,0.1422581672668457,0.4275427460670471,0.289614737033844
YAL061W,YKR099C-A,0,3.4776282,0.1422155648469925,0.4275427460670471,0.28971585631370544
YGL254W,YDR524C-B,0,3.4776282,0.14217300713062286,0.4275427460670471,0.2898169755935669
YMR044W,YKR099C-A,0,3.4776282,0.14213046431541443,0.4275427460670471,0.28991809487342834
YBL008W-A,YER141W,0,3.4776282,0.14208795130252838,0.4275427460670471,0.2900192141532898
YDR261C-C,YCL062W,0,3.4776282,0.14204545319080353,0.4275427460670471,0.29012033343315125
YBL008W-A,YGL208W,0,3.4776282,0.14200298488140106,0.4275427460670471,0.2902214527130127
YDR210W-D,YBR200W,0,3.4776282,0.14196054637432098,0.4275427460670471,0.29032257199287415
YKR099C-A,YML026C,0,3.4776282,0.1419181376695633,0.4275427460670471,0.2904236912727356
YOL110W,YOR343C-B,0,3.4776282,0.1418757438659668,0.4275427460670471,0.29052484035491943
YGL210W-A,YLR372W,0,3.4776282,0.1418333798646927,0.4275427460670471,0.2906259596347809
YGL210W-A,YOL113W,0,3.4776282,0.14179104566574097,0.4275427460670471,0.29072707891464233
YKR099C-A,YDL201W,0,3.4776282,0.14174872636795044,0.4275427460670471,0.2908281981945038
YDL049C,YDR524C-B,0,3.4776282,0.1417064368724823,0.4275427460670471,0.29092931747436523
YNL069C,YNL024C-A,0,3.4776282,0.14166417717933655,0.4275427460670471,0.2910304367542267
YDR153C,YGL210W-A,0,3.4776282,0.14162194728851318,0.4275427460670471,0.29113155603408813
YJL123C,YNL024C-A,0,3.4776282,0.141579732298851,0.4275427460670471,0.2912326753139496
YKR095W-A,YCL066W,1,3.4776282,0.1418355256319046,0.4284428358078003,0.2912326753139496
YDR210W-D,YKL193C,0,3.4776282,0.14179326593875885,0.4284428358078003,0.29133379459381104
YGL160W,YOR343C-B,0,3.4776282,0.14175103604793549,0.4284428358078003,0.2914349138736725
YKL084W,YCL027C-A,0,3.4776282,0.1417088359594345,0.4284428358078003,0.2915360629558563
YNL024C-A,YBR004C,0,3.4776282,0.14166666567325592,0.4284428358078003,0.2916371822357178
YOR343C-B,YGR206W,0,3.4776282,0.14162451028823853,0.4284428358078003,0.2917383015155792
YBR186W,YOR343C-B,0,3.4776282,0.14158238470554352,0.4284428358078003,0.2918394207954407
YOR343C-B,YOR303W,0,3.4776282,0.1415402889251709,0.4284428358078003,0.2919405400753021
YDR524C-B,YJR014W,0,3.4776282,0.14149822294712067,0.4284428358078003,0.2920416593551636
YOR255W,YOR343C-B,0,3.4776282,0.14145617187023163,0.4284428358078003,0.292142778635025
YJR125C,YCL027C-A,0,3.4776282,0.14141413569450378,0.4284428358078003,0.2922438979148865
YNL327W,YKR099C-A,0,3.4776282,0.14137214422225952,0.4284428358078003,0.2923450171947479
YBL008W-A,YKL018W,0,3.4776282,0.14133016765117645,0.4284428358078003,0.29244616627693176
YGL210W-A,YPL275W,0,3.4776282,0.14128822088241577,0.4284428358078003,0.2925472855567932
YDR524C-B,YOR360C,0,3.4776282,0.14124628901481628,0.4284428358078003,0.29264840483665466
YAL014C,YDR524C-B,0,3.4776282,0.14120438694953918,0.4284428358078003,0.2927495241165161
YIR035C,YKR099C-A,0,3.4776282,0.14116251468658447,0.4284428358078003,0.29285064339637756
YBL008W-A,YGR209C,0,3.4776282,0.14112065732479095,0.4284428358078003,0.292951762676239
YPR008W,YOR343C-B,1,3.4776282,0.14137522876262665,0.42934292554855347,0.292951762676239
YGL210W-A,YBR239C,0,3.4776282,0.14133332669734955,0.42934292554855347,0.29305288195610046
YOL086W-A,YML098W,1,3.4776282,0.14158767461776733,0.43024301528930664,0.29305288195610046
YDR210W-D,YGR121C,0,3.4776282,0.14154575765132904,0.43024301528930664,0.2931540012359619
YBL008W-A,YKL112W,0,3.4776282,0.14150385558605194,0.43024301528930664,0.29325512051582336
YPL266W,YCL027C-A,0,3.4776282,0.14146196842193604,0.43024301528930664,0.2933562397956848
YDR210W-D,YCR024C-A,0,3.4776282,0.14142011106014252,0.43024301528930664,0.29345738887786865
YDR450W,YCL027C-A,0,3.4776282,0.1413782835006714,0.43024301528930664,0.2935585081577301
YLR233C,YDR524C-B,0,3.4776282,0.14133648574352264,0.43024301528930664,0.29365962743759155
YDR210W-D,YHR112C,0,3.4776282,0.1412947028875351,0.43024301528930664,0.293760746717453
YOL086W-A,YPL177C,1,3.4776282,0.14154846966266632,0.4311431050300598,0.293760746717453
YJR099W,YOR343C-B,0,3.4776282,0.1415066421031952,0.4311431050300598,0.29386186599731445
YKR060W,YCL027C-A,0,3.4776282,0.14146485924720764,0.4311431050300598,0.2939629852771759
YDR210W-D,YIL056W,1,3.4776282,0.141718327999115,0.432043194770813,0.2939629852771759
YIL041W,YOR343C-B,0,3.4776282,0.14167650043964386,0.432043194770813,0.29406410455703735
YDR210W-D,YDR348C,0,3.4776282,0.14163470268249512,0.432043194770813,0.2941652238368988
YGR096W,YDR524C-B,0,3.4776282,0.14159291982650757,0.432043194770813,0.29426634311676025
YOR141C,YCL027C-A,0,3.4776282,0.1415511667728424,0.432043194770813,0.2943674921989441
YCL033C,YBL004W,0,3.4772844,0.14150942862033844,0.432043194770813,0.29446861147880554
YIL158W,YBR057C,0,3.4772525,0.14146772027015686,0.432043194770813,0.294569730758667
YOR196C,YLR178C,0,3.4771667,0.14142604172229767,0.432043194770813,0.29467085003852844
YBR215W,YGL055W,0,3.4768548,0.14138439297676086,0.432043194770813,0.2947719693183899
YGR038C-B,YDR464W,1,3.476822,0.14163722097873688,0.43294328451156616,0.2947719693183899
YNL151C,YER160C,1,3.4762897,0.14188989996910095,0.43384337425231934,0.2947719693183899
YDR365W-B,YGR172C,0,3.4757113,0.1418481469154358,0.43384337425231934,0.29487308859825134
YNL300W,YBR126C,0,3.4756513,0.14180640876293182,0.43384337425231934,0.2949742078781128
YLR342W,YDR488C,0,3.4755778,0.14176470041275024,0.43384337425231934,0.29507532715797424
YFR038W,YCL019W,1,3.4755673,0.14201705157756805,0.4347434639930725,0.29507532715797424
YGL201C,YLR155C,0,3.475533,0.1419753134250641,0.4347434639930725,0.2951764464378357
YPL266W,YEL047C,0,3.4750924,0.1419335901737213,0.4347434639930725,0.29527759552001953
YBR239C,YCR003W,0,3.4747772,0.14189189672470093,0.4347434639930725,0.295378714799881
YLR275W,YOR083W,0,3.4745965,0.14185021817684174,0.4347434639930725,0.29547983407974243
YML066C,YDL155W,0,3.4740367,0.14180856943130493,0.4347434639930725,0.2955809533596039
YFL050C,YDL156W,0,3.4737082,0.14176695048809052,0.4347434639930725,0.29568207263946533
YBR229C,YJL203W,0,3.4734197,0.1417253464460373,0.4347434639930725,0.2957831919193268
YML064C,YJL042W,0,3.4731407,0.14168377220630646,0.4347434639930725,0.29588431119918823
YBR171W,YGR038C-B,0,3.4731202,0.141642227768898,0.4347434639930725,0.2959854304790497
YIL009C-A,YBR123C,1,3.4728594,0.1418938785791397,0.4356435537338257,0.2959854304790497
YBR152W,YGL257C,0,3.4728212,0.14185228943824768,0.4356435537338257,0.29608654975891113
YDL002C,YGR038C-A,0,3.472797,0.14181073009967804,0.4356435537338257,0.2961876690387726
YJL207C,YDR522C,0,3.4725337,0.1417691856622696,0.4356435537338257,0.2962888181209564
YMR021C,YPR009W,0,3.4721217,0.14172767102718353,0.4356435537338257,0.29638993740081787
YCL062W,YBR167C,0,3.471868,0.14168618619441986,0.4356435537338257,0.2964910566806793
YCR070W,YDR352W,0,3.471538,0.14164471626281738,0.4356435537338257,0.29659217596054077
YLR116W,YDL156W,0,3.4713025,0.1416032761335373,0.4356435537338257,0.2966932952404022
YOR368W,YML065W,1,3.4711242,0.14185434579849243,0.43654364347457886,0.2966932952404022
YCR071C,YCR070W,0,3.4708514,0.14181286096572876,0.43654364347457886,0.29679441452026367
YIL158W,YPL170W,0,3.4704633,0.14177140593528748,0.43654364347457886,0.2968955338001251
YPR121W,YOL075C,0,3.470426,0.14172998070716858,0.43654364347457886,0.2969966530799866
YNL209W,YHL009W-A,0,3.4703507,0.14168857038021088,0.43654364347457886,0.297097772359848
YHL007C,YGR038C-B,0,3.4702816,0.14164718985557556,0.43654364347457886,0.29719892144203186
YKL193C,YOR088W,0,3.4702635,0.14160583913326263,0.43654364347457886,0.2973000407218933
YGR038C-B,YOR058C,0,3.470142,0.1415645033121109,0.43654364347457886,0.29740116000175476
YMR021C,YLR336C,0,3.4699545,0.14152319729328156,0.43654364347457886,0.2975022792816162
YDR365W-B,YPL081W,0,3.469809,0.1414819210767746,0.43654364347457886,0.29760339856147766
YER130C,YLR233C,1,3.469685,0.14173229038715363,0.43744373321533203,0.29760339856147766
YAR050W,YGL184C,0,3.4693465,0.14169096946716309,0.43744373321533203,0.2977045178413391
YJL184W,YPL249C,0,3.4692383,0.14164966344833374,0.43744373321533203,0.29780563712120056
YBR302C,YNL014W,0,3.4692097,0.14160838723182678,0.43744373321533203,0.297906756401062
YLR272C,YLR308W,0,3.4689527,0.1415671408176422,0.43744373321533203,0.29800787568092346
YJL207C,YDR538W,0,3.4689026,0.14152592420578003,0.43744373321533203,0.2981090247631073
YBR234C,YGL160W,0,3.4687529,0.14148472249507904,0.43744373321533203,0.29821014404296875
YOR191W,YJR140C,1,3.4686642,0.14173457026481628,0.4383438229560852,0.29821014404296875
YHL009W-B,YGR056W,1,3.4684858,0.14198428392410278,0.4392439126968384,0.29821014404296875
YDL181W,YOR190W,0,3.468286,0.14194299280643463,0.4392439126968384,0.2983112633228302
YGR049W,YDR365W-B,0,3.4681964,0.14190171658992767,0.4392439126968384,0.29841238260269165
YJR159W,YPL081W,0,3.468029,0.1418604701757431,0.4392439126968384,0.2985135018825531
YCR028C-A,YKL157W,0,3.468011,0.14181923866271973,0.4392439126968384,0.29861462116241455
YAL005C,YCR020W-B,0,3.4679785,0.14177803695201874,0.4392439126968384,0.298715740442276
YDR522C,YLL052C,0,3.467906,0.14173685014247894,0.4392439126968384,0.29881685972213745
YGL166W,YDL214C,0,3.4677186,0.14169570803642273,0.4392439126968384,0.2989179790019989
YPR018W,YNL075W,0,3.4675722,0.14165456593036652,0.4392439126968384,0.29901909828186035
YJR095W,YOR003W,0,3.467554,0.14161346852779388,0.4392439126968384,0.2991202473640442
YML014W,YMR271C,0,3.4674602,0.14157238602638245,0.4392439126968384,0.29922136664390564
YLR369W,YFR028C,0,3.4674234,0.1415313184261322,0.4392439126968384,0.2993224859237671
YKR060W,YBR068C,0,3.467258,0.14149028062820435,0.4392439126968384,0.29942360520362854
YGR133W,YJL115W,0,3.4671082,0.14144927263259888,0.4392439126968384,0.29952472448349
YGL184C,YJL159W,0,3.4669557,0.1414082944393158,0.4392439126968384,0.29962584376335144
YLR222C,YGL044C,0,3.466817,0.14136731624603271,0.4392439126968384,0.2997269630432129
YKL112W,YNL279W,0,3.4667816,0.14132638275623322,0.4392439126968384,0.29982808232307434
YJL110C,YPL153C,1,3.4664135,0.14157497882843018,0.44014400243759155,0.29982808232307434
YHR032W,YIL050W,0,3.4662704,0.1415340155363083,0.44014400243759155,0.2999292016029358
YHR043C,YNL087W,0,3.466074,0.1414930522441864,0.44014400243759155,0.30003035068511963
YJR056C,YOR307C,0,3.466,0.1414521187543869,0.44014400243759155,0.3001314699649811
YBR073W,YGL187C,0,3.465476,0.1414112150669098,0.44014400243759155,0.30023258924484253
YHR214C-B,YPR065W,1,3.4653149,0.1416594386100769,0.4410440921783447,0.30023258924484253
YIL065C,YJR144W,0,3.465231,0.1416184902191162,0.4410440921783447,0.300333708524704
YGR195W,YGL044C,0,3.4651523,0.1415775716304779,0.4410440921783447,0.30043482780456543
YHR034C,YCR033W,0,3.4650044,0.141536682844162,0.4410440921783447,0.3005359470844269
YNL154C,YER035W,0,3.4648538,0.14149580895900726,0.4410440921783447,0.30063706636428833
YDL025C,YDL159W,0,3.4647698,0.14145496487617493,0.4410440921783447,0.3007381856441498
YOR362C,YPL158C,0,3.4645805,0.14141413569450378,0.4410440921783447,0.30083930492401123
YMR323W,YGL175C,0,3.4644523,0.14137333631515503,0.4410440921783447,0.3009404242038727
YHR072W,YDR186C,0,3.4643784,0.14133256673812866,0.4410440921783447,0.3010415732860565
YPL132W,YBR004C,0,3.4639125,0.1412918120622635,0.4410440921783447,0.30114269256591797
YEL011W,YIR035C,0,3.4638863,0.1412510871887207,0.4410440921783447,0.3012438118457794
YGL166W,YML098W,1,3.4636297,0.14149856567382812,0.4419441819190979,0.3012438118457794
YNR056C,YOL021C,0,3.463592,0.14145779609680176,0.4419441819190979,0.30134493112564087
YBR019C,YNL225C,0,3.4635468,0.14141705632209778,0.4419441819190979,0.3014460504055023
YMR135C,YKL071W,0,3.4634953,0.141376331448555,0.4419441819190979,0.30154716968536377
YGL020C,YBR293W,0,3.4633608,0.1413356363773346,0.4419441819190979,0.3016482889652252
YPL212C,YER183C,0,3.463169,0.14129497110843658,0.4419441819190979,0.30174940824508667
YPR199C,YCR039C,1,3.463016,0.1415420025587082,0.4428442716598511,0.30174940824508667
YDL212W,YJL154C,0,3.4628778,0.1415012925863266,0.4428442716598511,0.3018505275249481
YDR339C,YLR157C-B,0,3.4628258,0.1414606124162674,0.4428442716598511,0.30195167660713196
YGR133W,YGL100W,0,3.462418,0.14141994714736938,0.4428442716598511,0.3020527958869934
YCR034W,YML111W,0,3.4623442,0.14137931168079376,0.4428442716598511,0.30215391516685486
YBL018C,YKL209C,0,3.462315,0.14133869111537933,0.4428442716598511,0.3022550344467163
YMR092C,YHR019C,0,3.4622579,0.1412981003522873,0.4428442716598511,0.30235615372657776
YGL044C,YLL010C,0,3.462213,0.14125753939151764,0.4428442716598511,0.3024572730064392
YOL006C,YDL010W,0,3.4620976,0.14121699333190918,0.4428442716598511,0.30255839228630066
YBL040C,YEL003W,0,3.4618769,0.1411764770746231,0.4428442716598511,0.3026595115661621
YMR170C,YLR066W,0,3.4618583,0.14113597571849823,0.4428442716598511,0.30276063084602356
YHL022C,YNL262W,1,3.4617958,0.14138227701187134,0.44374436140060425,0.30276063084602356
YNR023W,YPL047W,0,3.4614873,0.14134174585342407,0.44374436140060425,0.3028617799282074
YBL005W-A,YEL042W,0,3.4613147,0.141301229596138,0.44374436140060425,0.30296289920806885
YHL013C,YOR058C,0,3.4612746,0.14126074314117432,0.44374436140060425,0.3030640184879303
YPR181C,YML062C,0,3.461132,0.14122028648853302,0.44374436140060425,0.30316513776779175
YGL086W,YAL055W,0,3.4610791,0.14117984473705292,0.44374436140060425,0.3032662570476532
YOR361C,YMR104C,0,3.4609466,0.141139417886734,0.44374436140060425,0.30336737632751465
YFR055W,YPR004C,0,3.4609013,0.1410990208387375,0.44374436140060425,0.3034684956073761
YDR143C,YAR066W,0,3.4606724,0.14105865359306335,0.44374436140060425,0.30356961488723755
YFR046C,YGR161C-C,0,3.4605432,0.14101830124855042,0.44374436140060425,0.303670734167099
YDR485C,YPL024W,1,3.460472,0.141263946890831,0.4446444511413574,0.303670734167099
YGR148C,YDL207W,0,3.4603558,0.14122354984283447,0.4446444511413574,0.30377185344696045
YGR038C-A,YGL131C,0,3.4601793,0.14118319749832153,0.4446444511413574,0.3038730025291443
YLR144C,YDL010W,0,3.4599986,0.1411428600549698,0.4446444511413574,0.30397412180900574
YML064C,YBR201W,0,3.4599643,0.14110253751277924,0.4446444511413574,0.3040752410888672
YDR294C,YCL010C,0,3.4593272,0.14106224477291107,0.4446444511413574,0.30417636036872864
YEL034W,YPL128C,0,3.4587698,0.1410219818353653,0.4446444511413574,0.3042774796485901
YOL116W,YMR241W,1,3.45856,0.14126712083816528,0.4455445408821106,0.3042774796485901
YBR200W,YDL168W,0,3.458372,0.14122681319713593,0.4455445408821106,0.30437859892845154
YDR027C,YGL245W,0,3.4582233,0.14118653535842896,0.4455445408821106,0.304479718208313
YGR192C,YPL242C,0,3.4581227,0.14114627242088318,0.4455445408821106,0.30458083748817444
YCR027C,YMR189W,0,3.4580722,0.1411060392856598,0.4455445408821106,0.3046819567680359
YPL132W,YLR027C,0,3.4580007,0.1410658359527588,0.4455445408821106,0.3047831058502197
YDR034C-D,YDR450W,0,3.4579272,0.14102564752101898,0.4455445408821106,0.3048842251300812
YCL019W,YKL220C,0,3.4578557,0.14098547399044037,0.4455445408821106,0.3049853444099426
YNL058C,YMR271C,0,3.457683,0.14094533026218414,0.4455445408821106,0.3050864636898041
YFL022C,YDR484W,0,3.4576502,0.1409052163362503,0.4455445408821106,0.3051875829696655
YGR157W,YPL055C,0,3.4569044,0.14086511731147766,0.4455445408821106,0.305288702249527
YGR287C,YGR027W-A,0,3.4568005,0.1408250331878662,0.4455445408821106,0.3053898215293884
YGR203W,YHR121W,0,3.4567647,0.14078497886657715,0.4455445408821106,0.3054909408092499
YDR034C-D,YBR068C,0,3.456748,0.14074495434761047,0.4455445408821106,0.30559206008911133
YLR132C,YGR161C-C,0,3.4566245,0.140704944729805,0.4455445408821106,0.30569320917129517
YER144C,YLR013W,0,3.4555154,0.1406649649143219,0.4455445408821106,0.3057943284511566
YNL222W,YML019W,0,3.4553776,0.140625,0.4455445408821106,0.30589544773101807
YIL099W,YPR094W,0,3.4553156,0.1405850648880005,0.4455445408821106,0.3059965670108795
YBR265W,YLR095C,0,3.4552736,0.14054514467716217,0.4455445408821106,0.30609768629074097
YOR368W,YML046W,0,3.4552646,0.14050525426864624,0.4455445408821106,0.3061988055706024
YMR119W,YLR084C,0,3.4550853,0.1404653787612915,0.4455445408821106,0.30629992485046387
YNL225C,YGR261C,0,3.4550042,0.14042553305625916,0.4455445408821106,0.3064010441303253
YNL047C,YGL044C,0,3.4549656,0.140385702252388,0.4455445408821106,0.30650216341018677
YKL127W,YHR032W,0,3.4548569,0.14034590125083923,0.4455445408821106,0.3066032826900482
YLR225C,YKL113C,0,3.4547324,0.14030611515045166,0.4455445408821106,0.30670443177223206
YML078W,YBR018C,0,3.4541874,0.14026635885238647,0.4455445408821106,0.3068055510520935
YOL094C,YDR540C,0,3.4540358,0.14022663235664368,0.4455445408821106,0.30690667033195496
YBR132C,YBL005W-A,0,3.4539938,0.14018692076206207,0.4455445408821106,0.3070077896118164
YGL086W,YOR307C,0,3.453786,0.14014722406864166,0.4455445408821106,0.30710890889167786
YPL053C,YOL148C,0,3.4534945,0.14010755717754364,0.4455445408821106,0.3072100281715393
YBR033W,YOR025W,1,3.4533367,0.14035087823867798,0.44644463062286377,0.3072100281715393
YOR188W,YKL012W,0,3.4531703,0.14031116664409637,0.44644463062286377,0.30731114745140076
YPR158W-A,YNL265C,0,3.452796,0.14027149975299835,0.44644463062286377,0.3074122667312622
YHR124W,YER058W,0,3.452774,0.14023183286190033,0.44644463062286377,0.30751338601112366
YFL052W,YPR158W-A,0,3.452765,0.1401921957731247,0.44644463062286377,0.3076145350933075
YLR098C,YGL070C,1,3.4521732,0.1404351443052292,0.44734472036361694,0.3076145350933075
YDR174W,YLR453C,1,3.452136,0.14067795872688293,0.4482448101043701,0.3076145350933075
YCR028C-A,YNL275W,0,3.4521017,0.14063823223114014,0.4482448101043701,0.30771565437316895
YLR119W,YLR355C,0,3.4517107,0.14059853553771973,0.4482448101043701,0.3078167736530304
YLR157C-A,YDR043C,0,3.4517035,0.1405588537454605,0.4482448101043701,0.30791789293289185
YJL010C,YDR210W-A,0,3.451623,0.1405191868543625,0.4482448101043701,0.3080190122127533
YJL204C,YNL256W,0,3.4514632,0.14047954976558685,0.4482448101043701,0.30812013149261475
YLR141W,YBL003C,1,3.451346,0.14072194695472717,0.4491448998451233,0.30812013149261475
YFL031W,YPL249C,0,3.4513197,0.14068226516246796,0.4491448998451233,0.3082212507724762
YBL036C,YIL129C,0,3.4510455,0.14064261317253113,0.4491448998451233,0.30832237005233765
YAL005C,YIL049W,0,3.4509835,0.1406029909849167,0.4491448998451233,0.3084234893321991
YLR157C-B,YJL159W,0,3.4508362,0.14056338369846344,0.4491448998451233,0.30852460861206055
YMR278W,YGL254W,0,3.4508348,0.1405237913131714,0.4491448998451233,0.3086257576942444
YBR239C,YER004W,0,3.4507546,0.14048422873020172,0.4491448998451233,0.30872687697410583
YGR161C-D,YER169W,1,3.4501877,0.14072614908218384,0.45004501938819885,0.30872687697410583
YLR144C,YDR143C,0,3.4499125,0.14068655669689178,0.45004501938819885,0.3088279962539673
YLR272C,YLL015W,0,3.4498029,0.14064697921276093,0.45004501938819885,0.30892911553382874
YDL178W,YLR070C,0,3.4495225,0.14060741662979126,0.45004501938819885,0.3090302348136902
YJR043C,YGR098C,0,3.4494972,0.14056789875030518,0.45004501938819885,0.30913135409355164
YGR027W-B,YMR094W,1,3.4490128,0.14080944657325745,0.450945109128952,0.30913135409355164
YNR026C,YBR244W,0,3.4489856,0.14076988399028778,0.450945109128952,0.3092324733734131
YCL026C-A,YGR261C,0,3.4485145,0.1407303363084793,0.450945109128952,0.30933359265327454
YMR164C,YBR293W,0,3.4484496,0.14069081842899323,0.450945109128952,0.309434711933136
YER001W,YBR167C,0,3.4483829,0.14065131545066833,0.450945109128952,0.3095358610153198
YPR075C,YBR104W,0,3.4482293,0.14061184227466583,0.450945109128952,0.3096369802951813
YGR038C-A,YLL005C,0,3.4480114,0.14057238399982452,0.450945109128952,0.3097380995750427
YGL054C,YML072C,0,3.4478989,0.1405329555273056,0.450945109128952,0.3098392188549042
YPR158W-A,YNL327W,0,3.4477978,0.14049355685710907,0.450945109128952,0.3099403381347656
YGR192C,YBR186W,0,3.4474397,0.14045415818691254,0.450945109128952,0.3100414574146271
YPR151C,YKR039W,0,3.4473515,0.14041480422019958,0.450945109128952,0.3101425766944885
YDR143C,YBR110W,0,3.447196,0.14037545025348663,0.450945109128952,0.31024369597435
YMR068W,YGL097W,0,3.4465127,0.14033614099025726,0.450945109128952,0.3103448152542114
YKL091C,YML001W,0,3.4463286,0.1402968317270279,0.450945109128952,0.31044596433639526
YFL009W,YLR174W,0,3.4461274,0.1402575522661209,0.450945109128952,0.3105470836162567
YBR004C,YOL113W,0,3.4458985,0.14021830260753632,0.450945109128952,0.31064820289611816
YER042W,YJL093C,0,3.4457998,0.14017906785011292,0.450945109128952,0.3107493221759796
YDL010W,YCR097W,0,3.4456615,0.1401398628950119,0.450945109128952,0.31085044145584106
YJR044C,YDL014W,0,3.4455776,0.14010067284107208,0.450945109128952,0.3109515607357025
YDL155W,YMR154C,0,3.445313,0.14006149768829346,0.450945109128952,0.31105268001556396
YGR038C-B,YCR065W,1,3.445218,0.14030183851718903,0.4518451988697052,0.31105268001556396
YCR068W,YHL009W-A,0,3.4449053,0.1402626484632492,0.4518451988697052,0.3111537992954254
YOL068C,YIL097W,0,3.4448943,0.1402234584093094,0.4518451988697052,0.31125491857528687
YKR086W,YCR083W,0,3.4447813,0.14018431305885315,0.4518451988697052,0.3113560378551483
YCR096C,YGL013C,1,3.4447465,0.14042434096336365,0.4527452886104584,0.3113560378551483
YBR182C,YER176W,1,3.4446268,0.1406642496585846,0.45364537835121155,0.3113560378551483
YML111W,YLR453C,0,3.4444227,0.140625,0.45364537835121155,0.31145718693733215
YJR052W,YLR318W,1,3.4443402,0.14086471498012543,0.4545454680919647,0.31145718693733215
YDR097C,YDR210W-B,1,3.4442935,0.1411042958498001,0.4554455578327179,0.31145718693733215
YMR202W,YOR077W,0,3.4441605,0.14106495678424835,0.4554455578327179,0.3115583062171936
YMR236W,YIL017C,0,3.4437695,0.14102564752101898,0.4554455578327179,0.31165942549705505
YIR007W,YIL091C,0,3.4436083,0.1409863531589508,0.4554455578327179,0.3117605447769165
YBR090C-A,YBR278W,1,3.4433098,0.14122562110424042,0.45634564757347107,0.3117605447769165
YGL100W,YKL193C,0,3.4430418,0.14118629693984985,0.45634564757347107,0.31186166405677795
YMR135C,YGR125W,0,3.4430404,0.14114698767662048,0.45634564757347107,0.3119627833366394
YPL232W,YPL066W,0,3.4429126,0.1411077082157135,0.45634564757347107,0.31206390261650085
YNL327W,YHR072W-A,0,3.4428344,0.1410684436559677,0.45634564757347107,0.3121650218963623
YGR027W-A,YML010W,0,3.442748,0.1410292088985443,0.45634564757347107,0.31226614117622375
YMR236W,YDL049C,0,3.4427423,0.1409899890422821,0.45634564757347107,0.3123672902584076
YBR200W,YIL162W,0,3.4426594,0.14095079898834229,0.45634564757347107,0.31246840953826904
YKL035W,YMR268C,0,3.442275,0.14091162383556366,0.45634564757347107,0.3125695288181305
YER146W,YDR221W,0,3.4422631,0.14087246358394623,0.45634564757347107,0.31267064809799194
YEL046C,YKL193C,0,3.4417477,0.14083333313465118,0.45634564757347107,0.3127717673778534
YLR157C-A,YGL055W,0,3.4414454,0.14079421758651733,0.45634564757347107,0.31287288665771484
YOR298C-A,YHR042W,0,3.4413948,0.14075513184070587,0.45634564757347107,0.3129740059375763
YGR038C-A,YHR176W,0,3.4413152,0.1407160758972168,0.45634564757347107,0.31307512521743774
YDR225W,YLR133W,0,3.441154,0.14067701995372772,0.45634564757347107,0.3131762444972992
YNL067W,YBR004C,0,3.4409862,0.14063800871372223,0.45634564757347107,0.31327739357948303
YNL064C,YDR293C,0,3.4409676,0.14059899747371674,0.45634564757347107,0.3133785128593445
YPL124W,YOR303W,0,3.4409485,0.14056001603603363,0.45634564757347107,0.31347963213920593
YCR028C-A,YGR125W,0,3.440782,0.1405210644006729,0.45634564757347107,0.3135807514190674
YOL128C,YIL017C,0,3.4407182,0.1404821276664734,0.45634564757347107,0.31368187069892883
YGL255W,YHR084W,0,3.4401274,0.14044322073459625,0.45634564757347107,0.3137829899787903
YPL227C,YCR102C,0,3.4401116,0.14040431380271912,0.45634564757347107,0.31388410925865173
YGL017W,YLR308W,0,3.4399467,0.14036545157432556,0.45634564757347107,0.3139852285385132
YLR183C,YPL022W,1,3.4395556,0.14060337841510773,0.45724573731422424,0.3139852285385132
YBR090C-A,YOR162C,1,3.4391775,0.14084117114543915,0.4581458270549774,0.3139852285385132
YHR104W,YDR489W,0,3.438878,0.14080221951007843,0.4581458270549774,0.31408634781837463
YIL015W,YGR289C,0,3.4388566,0.1407632678747177,0.4581458270549774,0.3141874670982361
YNR073C,YOR153W,0,3.4386454,0.14072436094284058,0.4581458270549774,0.3142886161804199
YDR142C,YGR256W,0,3.438645,0.14068546891212463,0.4581458270549774,0.31438973546028137
YNL075W,YPR137C-B,1,3.4385476,0.1409229040145874,0.4590459167957306,0.31438973546028137
YDR034C-D,YJL099W,0,3.438509,0.14088398218154907,0.4590459167957306,0.3144908547401428
YKL018W,YLL023C,0,3.4382434,0.14084507524967194,0.4590459167957306,0.3145919740200043
YOL016C,YDL042C,0,3.4381032,0.140806183218956,0.4590459167957306,0.3146930932998657
YPR175W,YMR100W,1,3.4380717,0.14104333519935608,0.45994600653648376,0.3146930932998657
YKL027W,YJL137C,0,3.438005,0.14100441336631775,0.45994600653648376,0.3147942125797272
YGR195W,YLR368W,0,3.4379172,0.1409655213356018,0.45994600653648376,0.3148953318595886
YCR066W,YLR372W,0,3.4378695,0.14092664420604706,0.45994600653648376,0.3149964511394501
YKL091C,YIL015W,0,3.4378319,0.1408877819776535,0.45994600653648376,0.3150975704193115
YGL173C,YBR215W,1,3.4377685,0.14112459123134613,0.46084609627723694,0.3150975704193115
YBR009C,YDR098C-B,1,3.4374027,0.14136125147342682,0.4617461860179901,0.3150975704193115
YJR086W,YLR081W,0,3.4373913,0.1413223147392273,0.4617461860179901,0.31519871950149536
YDR182W,YBR019C,0,3.4370065,0.14128339290618896,0.4617461860179901,0.3152998387813568
YBR290W,YML019W,0,3.4368553,0.14124448597431183,0.4617461860179901,0.31540095806121826
YOL017W,YBR288C,0,3.43684,0.14120560884475708,0.4617461860179901,0.3155020773410797
YGL166W,YOL094C,1,3.4367318,0.1414419412612915,0.4626462757587433,0.3155020773410797
YAR014C,YGR206W,0,3.4366746,0.14140301942825317,0.4626462757587433,0.31560319662094116
YGR033C,YNL177C,0,3.436359,0.14136414229869843,0.4626462757587433,0.3157043159008026
YCR070W,YBR154C,0,3.4363236,0.14132526516914368,0.4626462757587433,0.31580543518066406
YPL086C,YCL026C-A,0,3.4363112,0.14128641784191132,0.4626462757587433,0.3159065544605255
YFR042W,YGR087C,0,3.4360623,0.14124760031700134,0.4626462757587433,0.31600767374038696
YLR376C,YHR062C,0,3.4358873,0.14120879769325256,0.4626462757587433,0.3161087930202484
YDR184C,YKR039W,0,3.4358215,0.14117000997066498,0.4626462757587433,0.31620994210243225
YLR070C,YPL158C,0,3.4349442,0.14113125205039978,0.4626462757587433,0.3163110613822937
YDR348C,YGL029W,0,3.4348693,0.14109250903129578,0.4626462757587433,0.31641218066215515
YDR016C,YPR112C,0,3.4348335,0.14105378091335297,0.4626462757587433,0.3165132999420166
YER169W,YNL279W,0,3.434774,0.14101508259773254,0.4626462757587433,0.31661441922187805
YBL042C,YCR048W,0,3.4342656,0.1409764140844345,0.4626462757587433,0.3167155385017395
YMR060C,YMR029C,0,3.43405,0.14093776047229767,0.4626462757587433,0.31681665778160095
YOR162C,YDL200C,1,3.433868,0.14117324352264404,0.46354636549949646,0.31681665778160095
YIL049W,YJR093C,0,3.4337344,0.14113456010818481,0.46354636549949646,0.3169177770614624
YPR008W,YIL021W,1,3.4336214,0.14136986434459686,0.46444645524024963,0.3169177770614624
YDL005C,YBR221C,0,3.4331822,0.14133113622665405,0.46444645524024963,0.31701889634132385
YJL203W,YOR028C,0,3.4327092,0.14129243791103363,0.46444645524024963,0.3171200454235077
YLR262C,YKR098C,0,3.4325967,0.1412537693977356,0.46444645524024963,0.31722116470336914
YGR161C-C,YER026C,0,3.4323754,0.14121510088443756,0.46444645524024963,0.3173222839832306
YGR068C,YGL125W,0,3.4321465,0.1411764770746231,0.46444645524024963,0.31742340326309204
YOL067C,YAL051W,1,3.4319491,0.14141137897968292,0.4653465449810028,0.31742340326309204
YGL131C,YMR068W,0,3.4318576,0.1413727104663849,0.4653465449810028,0.3175245225429535
YPR101W,YNL336W,0,3.4316525,0.14133405685424805,0.4653465449810028,0.31762564182281494
YJL123C,YKR029C,0,3.431542,0.1412954330444336,0.4653465449810028,0.3177267611026764
YER177W,YJL110C,1,3.4314404,0.14153005182743073,0.466246634721756,0.3177267611026764
YBR102C,YIR010W,0,3.4313188,0.14149139821529388,0.466246634721756,0.31782788038253784
YHR032W,YGR027W-A,0,3.4311762,0.14145275950431824,0.466246634721756,0.3179289996623993
YCR071C,YDR522C,0,3.4311695,0.14141413569450378,0.466246634721756,0.31803014874458313
YNL299W,YGL166W,0,3.4311657,0.14137554168701172,0.466246634721756,0.3181312680244446
YKL213C,YJL122W,0,3.4310088,0.14133697748184204,0.466246634721756,0.31823238730430603
YFL055W,YIL031W,0,3.4308243,0.14129841327667236,0.466246634721756,0.3183335065841675
YOL110W,YBR083W,0,3.4304209,0.14125987887382507,0.466246634721756,0.31843462586402893
YLR233C,YGR013W,0,3.4302359,0.14122137427330017,0.466246634721756,0.3185357451438904
YOL021C,YLR133W,0,3.4300017,0.14118288457393646,0.466246634721756,0.31863686442375183
YBR132C,YLR089C,0,3.4299207,0.14114440977573395,0.466246634721756,0.3187379837036133
YDR162C,YPL255W,0,3.4299073,0.14110596477985382,0.466246634721756,0.31883910298347473
YER169W,YIL017C,0,3.42969,0.1410675346851349,0.466246634721756,0.3189402222633362
YJL074C,YPR079W,0,3.4295688,0.14102913439273834,0.466246634721756,0.31904137134552
YMR214W,YIL127C,0,3.4294205,0.140990749001503,0.466246634721756,0.31914249062538147
YFL024C,YKL157W,0,3.429366,0.14095237851142883,0.466246634721756,0.3192436099052429
YJL018W,YNL005C,0,3.4292607,0.14091403782367706,0.466246634721756,0.31934472918510437
YML038C,YLR178C,0,3.4291034,0.1408757120370865,0.466246634721756,0.3194458484649658
YNL071W,YKR025W,0,3.428987,0.1408374160528183,0.466246634721756,0.31954696774482727
YFL050C,YCR023C,0,3.4288788,0.1407991349697113,0.466246634721756,0.3196480870246887
YCL011C,YCL026C-A,0,3.4288464,0.1407608687877655,0.466246634721756,0.31974920630455017
YLR298C,YOR088W,0,3.4287353,0.1407226324081421,0.466246634721756,0.3198503255844116
YIL066C,YML126C,0,3.428537,0.14068441092967987,0.466246634721756,0.31995147466659546
YPL242C,YHR042W,0,3.4279575,0.14064621925354004,0.466246634721756,0.3200525939464569
YBR215W,YGR231C,0,3.4279466,0.1406080275774002,0.466246634721756,0.32015371322631836
YGR161C-D,YBR114W,1,3.4277802,0.14084124565124512,0.46714672446250916,0.32015371322631836
YGR059W,YJL209W,0,3.42774,0.1408030390739441,0.46714672446250916,0.3202548325061798
YJL063C,YDR141C,0,3.4276829,0.14076484739780426,0.46714672446250916,0.32035595178604126
YLR070C,YDR017C,0,3.4272614,0.14072668552398682,0.46714672446250916,0.3204570710659027
YGL100W,YAL061W,0,3.4272604,0.14068853855133057,0.46714672446250916,0.32055819034576416
YOR162C,YOL006C,1,3.4272404,0.14092141389846802,0.46804681420326233,0.32055819034576416
YDR084C,YNL093W,0,3.4260998,0.14088322222232819,0.46804681420326233,0.3206593096256256
YOR362C,YAL001C,0,3.4260855,0.14084507524967194,0.46804681420326233,0.32076042890548706
YPL075W,YDR421W,1,3.4258337,0.14107771217823029,0.4689469039440155,0.32076042890548706
YDR408C,YBL006C,0,3.4258184,0.14103952050209045,0.4689469039440155,0.3208615779876709
YPL275W,YKL120W,0,3.4257379,0.141001358628273,0.4689469039440155,0.32096269726753235
YLR144C,YDR261C-C,0,3.4257321,0.14096319675445557,0.4689469039440155,0.3210638165473938
YBL097W,YBL009W,0,3.4256277,0.1409250795841217,0.4689469039440155,0.32116493582725525
YPR082C,YKR024C,0,3.4248848,0.14088696241378784,0.4689469039440155,0.3212660551071167
YGR090W,YGR161C-C,0,3.4248295,0.14084887504577637,0.4689469039440155,0.32136717438697815
YLR205C,YGL065C,0,3.424809,0.14081081748008728,0.4689469039440155,0.3214682936668396
YGR161C-C,YPL181W,0,3.4245229,0.1407727599143982,0.4689469039440155,0.32156941294670105
YOL094C,YOR151C,1,3.4240484,0.14100486040115356,0.4698469936847687,0.32156941294670105
YLR233C,YPR094W,0,3.4240236,0.14096678793430328,0.4698469936847687,0.3216705322265625
YLR205C,YIL131C,0,3.4235344,0.1409287303686142,0.4698469936847687,0.32177165150642395
YGR183C,YOR010C,0,3.4235263,0.1408906877040863,0.4698469936847687,0.3218728005886078
YKL152C,YHR128W,0,3.423513,0.1408526748418808,0.4698469936847687,0.32197391986846924
YDR311W,YHR007C,0,3.423306,0.1408146768808365,0.4698469936847687,0.3220750391483307
YLR288C,YNL068C,1,3.4232378,0.14104638993740082,0.47074708342552185,0.3220750391483307
YFR055W,YFL002C,0,3.4229531,0.14100836217403412,0.47074708342552185,0.32217615842819214
YGL013C,YEL032W,1,3.4229312,0.14123989641666412,0.471647173166275,0.32217615842819214
YJL018W,YDL212W,0,3.4228892,0.14120183885097504,0.471647173166275,0.3222772777080536
YOR140W,YDR098C-B,1,3.4228354,0.14143319427967072,0.4725472629070282,0.3222772777080536
YIL158W,YJR067C,0,3.4228215,0.14139509201049805,0.4725472629070282,0.32237839698791504
YDR489W,YDR208W,0,3.4227815,0.14135703444480896,0.4725472629070282,0.3224795162677765
YCR071C,YGL254W,0,3.4227438,0.14131897687911987,0.4725472629070282,0.32258063554763794
YJL123C,YOR022C,0,3.4226413,0.14128094911575317,0.4725472629070282,0.3226817548274994
YIL130W,YNL284C-B,1,3.4222646,0.1415119767189026,0.47344735264778137,0.3226817548274994
YMR197C,YGR140W,0,3.4221258,0.1414739042520523,0.47344735264778137,0.3227829039096832
YDR210W-B,YMR100W,1,3.4221182,0.1417047530412674,0.47434744238853455,0.3227829039096832
YBL084C,YKL049C,0,3.4220166,0.14166666567325592,0.47434744238853455,0.3228840231895447
YGR038C-A,YBL045C,0,3.4217181,0.14162859320640564,0.47434744238853455,0.32298514246940613
YMR135C,YKL120W,0,3.4214869,0.14159053564071655,0.47434744238853455,0.3230862617492676
YOR229W,YKR029C,0,3.4213328,0.14155250787734985,0.47434744238853455,0.32318738102912903
YDL140C,YNL139C,1,3.4210558,0.14178302884101868,0.4752475321292877,0.32318738102912903
YGR038C-A,YNL197C,0,3.420989,0.1417449712753296,0.4752475321292877,0.3232885003089905
YJL050W,YHR083W,0,3.420875,0.1417069286108017,0.4752475321292877,0.32338961958885193
YPL045W,YBL005W-A,0,3.4204102,0.141668900847435,0.4752475321292877,0.3234907388687134
YGR227W,YPR183W,0,3.420178,0.14163090288639069,0.4752475321292877,0.32359185814857483
YDR016C,YGR249W,0,3.4199214,0.14159291982650757,0.4752475321292877,0.3236929774284363
YOR095C,YIL073C,0,3.4198542,0.14155496656894684,0.4752475321292877,0.3237941265106201
YDL232W,YJL010C,0,3.4194126,0.1415170133113861,0.4752475321292877,0.32389524579048157
YJR095W,YKR046C,0,3.4190216,0.14147910475730896,0.4752475321292877,0.323996365070343
YLR408C,YLR256W,0,3.4186354,0.1414411962032318,0.4752475321292877,0.32409748435020447
YML029W,YGR140W,0,3.4185643,0.14140331745147705,0.4752475321292877,0.3241986036300659
YBR280C,YNL148C,0,3.4182792,0.14136546850204468,0.4752475321292877,0.32429972290992737
YLR423C,YER026C,0,3.4182081,0.1413276195526123,0.4752475321292877,0.3244008421897888
YGL079W,YPR121W,0,3.4180002,0.14128980040550232,0.4752475321292877,0.32450196146965027
YDR153C,YOR293W,0,3.4179564,0.14125201106071472,0.4752475321292877,0.3246030807495117
YLR013W,YER035W,0,3.4178352,0.14121422171592712,0.4752475321292877,0.32470422983169556
YHR032W,YPL192C,0,3.4175367,0.1411764770746231,0.4752475321292877,0.324805349111557
YGR161C-D,YER095W,1,3.4173055,0.14140604436397552,0.4761476218700409,0.324805349111557
YAL005C,YJR043C,0,3.417297,0.14136825501918793,0.4761476218700409,0.32490646839141846
YDR506C,YGR038C-B,0,3.4169998,0.14133048057556152,0.4761476218700409,0.3250075876712799
YBR150C,YNL113W,1,3.416996,0.14155982434749603,0.47704771161079407,0.3250075876712799
YPL217C,YAR014C,0,3.4169202,0.14152203500270844,0.47704771161079407,0.32510870695114136
YBR217W,YGR048W,0,3.4168258,0.14148424565792084,0.47704771161079407,0.3252098262310028
YDR462W,YIL103W,0,3.4167,0.14144648611545563,0.47704771161079407,0.32531094551086426
YOR284W,YFL034C-A,0,3.415886,0.1414087563753128,0.47704771161079407,0.3254120647907257
YGL201C,YMR251W-A,0,3.4157424,0.14137102663516998,0.47704771161079407,0.32551318407058716
YGR247W,YMR044W,0,3.4153576,0.14133332669734955,0.47704771161079407,0.325614333152771
YIR013C,YHR094C,0,3.4151015,0.1412956565618515,0.47704771161079407,0.32571545243263245
YFL009W,YNL090W,0,3.4150453,0.14125800132751465,0.47704771161079407,0.3258165717124939
YKR067W,YHR152W,0,3.4149108,0.141220360994339,0.47704771161079407,0.32591769099235535
YCR008W,YOR360C,0,3.41471,0.14118273556232452,0.47704771161079407,0.3260188102722168
YGR227W,YOR171C,0,3.414527,0.14114513993263245,0.47704771161079407,0.32611992955207825
YGR087C,YGR132C,0,3.4145126,0.14110755920410156,0.47704771161079407,0.3262210488319397
YBR152W,YML093W,0,3.414473,0.14107000827789307,0.47704771161079407,0.32632216811180115
YFR009W,YKR029C,0,3.4142094,0.14103245735168457,0.47704771161079407,0.3264232873916626
YGR271C-A,YER018C,0,3.414168,0.14099495112895966,0.47704771161079407,0.32652440667152405
YGL134W,YNL014W,0,3.4140863,0.14095744490623474,0.47704771161079407,0.3266255557537079
YHR134W,YOR205C,0,3.4140816,0.14091996848583221,0.47704771161079407,0.32672667503356934
YDL092W,YGL044C,0,3.4139938,0.14088250696659088,0.47704771161079407,0.3268277943134308
YOR113W,YGR249W,1,3.413927,0.14111082255840302,0.47794780135154724,0.3268277943134308
YJL014W,YGR027W-A,0,3.4139142,0.1410733312368393,0.47794780135154724,0.32692891359329224
YGR284C,YDR206W,0,3.413845,0.14103585481643677,0.47794780135154724,0.3270300328731537
YNL139C,YBR154C,1,3.4137383,0.141263946890831,0.4788478910923004,0.3270300328731537
YGL224C,YPR121W,0,3.4135685,0.14122644066810608,0.4788478910923004,0.32713115215301514
YOL115W,YIL162W,0,3.4135447,0.14118896424770355,0.4788478910923004,0.3272322714328766
YBR004C,YDR480W,0,3.4132571,0.14115150272846222,0.4788478910923004,0.32733339071273804
YGR121C,YHR045W,0,3.412724,0.14111405611038208,0.4788478910923004,0.3274345099925995
YNL257C,YLR310C,0,3.4126935,0.14107663929462433,0.4788478910923004,0.3275356590747833
YDL194W,YNL197C,0,3.4124942,0.14103923738002777,0.4788478910923004,0.3276367783546448
YPL227C,YOR202W,0,3.4124064,0.1410018503665924,0.4788478910923004,0.3277378976345062
YGL255W,YGR038C-A,0,3.412168,0.14096449315547943,0.4788478910923004,0.3278390169143677
YPL237W,YLR431C,0,3.4121346,0.14092715084552765,0.4788478910923004,0.3279401361942291
YLR369W,YGL002W,0,3.4118414,0.14088982343673706,0.4788478910923004,0.3280412554740906
YML078W,YGL201C,0,3.4117498,0.14085252583026886,0.4788478910923004,0.328142374753952
YGR027W-A,YJL036W,0,3.4111924,0.14081524312496185,0.4788478910923004,0.3282434940338135
YDL005C,YNL197C,0,3.4111762,0.14077799022197723,0.4788478910923004,0.3283446133136749
YJR091C,YJL092W,0,3.4111485,0.14074073731899261,0.4788478910923004,0.32844576239585876
YKL213C,YGR249W,0,3.41112,0.14070351421833038,0.4788478910923004,0.3285468816757202
YLR226W,YNL254C,0,3.410966,0.14066632091999054,0.4788478910923004,0.32864800095558167
YLR166C,YDR354W,0,3.4109378,0.1406291276216507,0.4788478910923004,0.3287491202354431
YBL005W-A,YKL084W,0,3.4107761,0.14059196412563324,0.4788478910923004,0.32885023951530457
YOR118W,YGL181W,0,3.410644,0.14055481553077698,0.4788478910923004,0.328951358795166
YML110C,YNL058C,0,3.4100418,0.1405176967382431,0.4788478910923004,0.32905247807502747
YPR018W,YCR023C,0,3.4097981,0.14048059284687042,0.4788478910923004,0.3291535973548889
YGR038C-A,YKL092C,0,3.4095616,0.14044350385665894,0.4788478910923004,0.32925471663475037
YOR255W,YIL157C,0,3.409523,0.14040644466876984,0.4788478910923004,0.3293558359146118
YOL095C,YNL248C,1,3.4093347,0.1406332403421402,0.4797479808330536,0.3293558359146118
YLL039C,YLR066W,0,3.4093347,0.1405961513519287,0.4797479808330536,0.32945698499679565
YDR408C,YML093W,0,3.4091902,0.14055907726287842,0.4797479808330536,0.3295581042766571
YNL058C,YOR030W,0,3.4090533,0.14052201807498932,0.4797479808330536,0.32965922355651855
YFL052W,YER124C,0,3.4089594,0.1404849737882614,0.4797479808330536,0.32976034283638
YGR186W,YGL055W,0,3.4088364,0.1404479593038559,0.4797479808330536,0.32986146211624146
YBR275C,YGL105W,1,3.4080267,0.1406743973493576,0.48064807057380676,0.32986146211624146
YGR161C-C,YJR067C,0,3.4080005,0.1406373381614685,0.48064807057380676,0.3299625813961029
YKL025C,YHR203C,0,3.4078383,0.1406003087759018,0.48064807057380676,0.33006370067596436
YOR190W,YGR195W,0,3.4077826,0.14056330919265747,0.48064807057380676,0.3301648199558258
YDR311W,YML121W,0,3.4073915,0.14052630960941315,0.48064807057380676,0.33026593923568726
YDR147W,YPL181W,0,3.4073763,0.1404893398284912,0.48064807057380676,0.3303670883178711
YKL146W,YDR432W,0,3.4072452,0.14045239984989166,0.48064807057380676,0.33046820759773254
YDR034C-D,YCL066W,1,3.4071002,0.14067840576171875,0.48154816031455994,0.33046820759773254
YBR104W,YKR046C,0,3.407086,0.14064143598079681,0.48154816031455994,0.330569326877594
YLR388W,YCL038C,0,3.4066324,0.14060446619987488,0.48154816031455994,0.33067044615745544
YDR142C,YBR236C,0,3.4065638,0.14056752622127533,0.48154816031455994,0.3307715654373169
YER088C,YNL216W,1,3.4063334,0.14079327881336212,0.4824482500553131,0.3307715654373169
YDR440W,YOR142W-B,1,3.4062786,0.14101891219615936,0.4833483397960663,0.3307715654373169
YPL268W,YLR174W,0,3.4061174,0.14098188281059265,0.4833483397960663,0.33087268471717834
YGR125W,YLR117C,0,3.405992,0.14094488322734833,0.4833483397960663,0.3309738039970398
YDL025C,YOR033C,0,3.4055347,0.1409078985452652,0.4833483397960663,0.33107492327690125
YBR010W,YOR032C,1,3.4052715,0.14113326370716095,0.48424842953681946,0.33107492327690125
YDL181W,YMR092C,0,3.4052057,0.14109624922275543,0.48424842953681946,0.3311760425567627
YGR247W,YOL034W,0,3.4052029,0.1410592496395111,0.48424842953681946,0.33127716183662415
YDR369C,YBR012W-B,1,3.4049091,0.14128440618515015,0.48514851927757263,0.33127716183662415
YOL115W,YGR027W-A,0,3.4048615,0.14124737679958344,0.48514851927757263,0.331378310918808
YDR261C-C,YGL184C,0,3.4045067,0.1412103772163391,0.48514851927757263,0.33147943019866943
YHR003C,YNL229C,0,3.404418,0.14117339253425598,0.48514851927757263,0.3315805494785309
YML123C,YMR323W,0,3.4042468,0.14113642275333405,0.48514851927757263,0.33168166875839233
YGR209C,YLL042C,0,3.40419,0.1410994827747345,0.48514851927757263,0.3317827880382538
YGL234W,YKL220C,0,3.4041123,0.14106254279613495,0.48514851927757263,0.33188390731811523
YCL062W,YML111W,0,3.4041114,0.14102564752101898,0.48514851927757263,0.3319850265979767
YJR090C,YLR095C,0,3.4033003,0.14098875224590302,0.48514851927757263,0.33208614587783813
YDL014W,YNR051C,0,3.403213,0.14095188677310944,0.48514851927757263,0.3321872651576996
YGL131C,YDR123C,1,3.4029799,0.1411764770746231,0.4860486090183258,0.3321872651576996
YHL002W,YJR007W,0,3.4025826,0.14113956689834595,0.4860486090183258,0.3322884142398834
YLR128W,YOR128C,0,3.402554,0.14110268652439117,0.4860486090183258,0.3323895335197449
YDL153C,YJL160C,0,3.4024496,0.1410658359527588,0.4860486090183258,0.3324906527996063
YBR258C,YGR284C,0,3.4024491,0.1410289853811264,0.4860486090183258,0.3325917720794678
YNL035C,YER172C,0,3.4022393,0.1409921646118164,0.4860486090183258,0.3326928913593292
YBR090C-A,YIL072W,1,3.4019604,0.14121639728546143,0.486948698759079,0.3326928913593292
YDR485C,YER122C,0,3.4017282,0.14117954671382904,0.486948698759079,0.3327940106391907
YKL184W,YFL002C,0,3.401287,0.14114271104335785,0.486948698759079,0.3328951299190521
YOR337W,YFL008W,1,3.401147,0.14136672019958496,0.48784878849983215,0.3328951299190521
YGL131C,YOR017W,0,3.4011421,0.14132985472679138,0.48784878849983215,0.3329962491989136
YGR192C,YGR027W-A,0,3.40105,0.1412930190563202,0.48784878849983215,0.333097368478775
YOR346W,YML039W,1,3.400867,0.1415168046951294,0.4887488782405853,0.333097368478775
YPL232W,YPL012W,0,3.4007597,0.14147993922233582,0.4887488782405853,0.33319851756095886
YOR094W,YLL005C,0,3.4004674,0.14144308865070343,0.4887488782405853,0.3332996368408203
YGR059W,YLR405W,0,3.4002934,0.14140625298023224,0.4887488782405853,0.33340075612068176
YIL072W,YCR097W,1,3.400248,0.14162978529930115,0.4896489679813385,0.33340075612068176
YOR208W,YHR143W-A,0,3.399828,0.14159291982650757,0.4896489679813385,0.3335018754005432
YGL175C,YFR031C,1,3.3997679,0.14181628823280334,0.4905490577220917,0.3335018754005432
YKR018C,YPR112C,0,3.3997512,0.14177939295768738,0.4905490577220917,0.33360299468040466
YER118C,YPL057C,0,3.3997269,0.1417425274848938,0.4905490577220917,0.3337041139602661
YOL110W,YDR097C,0,3.3995867,0.14170566201210022,0.4905490577220917,0.33380523324012756
YBR133C,YKR029C,0,3.399516,0.14166882634162903,0.4905490577220917,0.333906352519989
YMR135C,YMR214W,0,3.3993797,0.14163202047348022,0.4905490577220917,0.33400747179985046
YBR083W,YDR143C,0,3.399321,0.14159521460533142,0.4905490577220917,0.3341085910797119
YKL113C,YDL174C,0,3.3992572,0.141558438539505,0.4905490577220917,0.33420974016189575
YHR084W,YKL216W,0,3.398816,0.14152167737483978,0.4905490577220917,0.3343108594417572
YMR323W,YFL031W,0,3.3987188,0.14148494601249695,0.4905490577220917,0.33441197872161865
YBR253W,YKL193C,0,3.3979373,0.1414482295513153,0.4905490577220917,0.3345130980014801
YCL019W,YMR283C,0,3.3978276,0.14141151309013367,0.4905490577220917,0.33461421728134155
YHR072W-A,YGR256W,0,3.3977542,0.1413748413324356,0.4905490577220917,0.334715336561203
YER021W,YEL003W,0,3.397561,0.14133816957473755,0.4905490577220917,0.33481645584106445
YBL002W,YGR038C-B,1,3.397542,0.14156079292297363,0.49144914746284485,0.33481645584106445
YDL170W,YBR026C,1,3.397541,0.14178331196308136,0.492349237203598,0.33481645584106445
YPL236C,YFR009W,0,3.3971195,0.14174656569957733,0.492349237203598,0.3349175751209259
YOL013C,YDR037W,0,3.3967404,0.1417098492383957,0.492349237203598,0.33501869440078735
YKL071W,YBR171W,0,3.396675,0.14167314767837524,0.492349237203598,0.3351198434829712
YLR226W,YNL272C,0,3.396656,0.141636461019516,0.492349237203598,0.33522096276283264
YKL112W,YJR161C,0,3.39642,0.14159978926181793,0.492349237203598,0.3353220820426941
YMR043W,YKL045W,1,3.3961315,0.141821950674057,0.4932493269443512,0.3353220820426941
YGR023W,YPL008W,0,3.396112,0.14178524911403656,0.4932493269443512,0.33542320132255554
YKL220C,YGL077C,0,3.3961043,0.1417485773563385,0.4932493269443512,0.335524320602417
YAL005C,YEL046C,0,3.3959699,0.14171192049980164,0.4932493269443512,0.33562543988227844
YBR228W,YIR028W,0,3.3959675,0.14167527854442596,0.4932493269443512,0.3357265591621399
YLR320W,YBR068C,0,3.3951564,0.14163866639137268,0.4932493269443512,0.33582767844200134
YGR198W,YOR064C,0,3.3950028,0.1416020691394806,0.4932493269443512,0.3359287977218628
YML123C,YGR215W,0,3.3949947,0.1415654867887497,0.4932493269443512,0.33602994680404663
YAL032C,YBR167C,0,3.3949084,0.14152891933918,0.4932493269443512,0.3361310660839081
YGR038C-B,YHR102W,0,3.3948827,0.14149238169193268,0.4932493269443512,0.33623218536376953
YHR188C,YLR368W,0,3.394576,0.14145585894584656,0.4932493269443512,0.336333304643631
YPL190C,YMR154C,0,3.3944783,0.14141935110092163,0.4932493269443512,0.33643442392349243
YPL275W,YNL099C,0,3.3941197,0.1413828730583191,0.4932493269443512,0.3365355432033539
YMR011W,YGR023W,0,3.3940926,0.14134639501571655,0.4932493269443512,0.33663666248321533
YOR064C,YLL042C,0,3.393703,0.1413099467754364,0.4932493269443512,0.3367377817630768
YHR143W-A,YOR030W,0,3.393261,0.14127352833747864,0.4932493269443512,0.33683890104293823
YGR203W,YDL161W,0,3.3932157,0.14123710989952087,0.4932493269443512,0.3369400203227997
YDR073W,YOR293W,0,3.3928938,0.1412007212638855,0.4932493269443512,0.3370411694049835
YBR132C,YER016W,0,3.3928185,0.14116434752941132,0.4932493269443512,0.33714228868484497
YNL053W,YLL010C,0,3.392352,0.14112798869609833,0.4932493269443512,0.3372434079647064
YDR267C,YIL168W,0,3.3922462,0.14109165966510773,0.4932493269443512,0.33734452724456787
YDR506C,YLR119W,0,3.3917742,0.14105534553527832,0.4932493269443512,0.3374456465244293
YPR101W,YML010W,0,3.3916898,0.1410190463066101,0.4932493269443512,0.33754676580429077
YGR148C,YKR087C,0,3.3914762,0.1409827619791031,0.4932493269443512,0.3376478850841522
YNL002C,YNL197C,0,3.3912473,0.14094650745391846,0.4932493269443512,0.33774900436401367
YJL091C,YIL017C,0,3.391129,0.14091025292873383,0.4932493269443512,0.3378501236438751
YOL128C,YDL014W,0,3.390596,0.14087404310703278,0.4932493269443512,0.33795127272605896
YEL055C,YHR083W,0,3.3905807,0.14083783328533173,0.4932493269443512,0.3380523920059204
YDL194W,YOR210W,0,3.3903098,0.14080163836479187,0.4932493269443512,0.33815351128578186
YER169W,YDL020C,1,3.39008,0.14102235436439514,0.49414941668510437,0.33815351128578186
YJR137C,YJR144W,0,3.3897252,0.1409861296415329,0.49414941668510437,0.3382546305656433
YPR158W-A,YMR167W,0,3.3895774,0.14094993472099304,0.49414941668510437,0.33835574984550476
YFL062W,YER160C,0,3.3894587,0.14091375470161438,0.49414941668510437,0.3384568691253662
YLR135W,YLR274W,0,3.3893952,0.1408776044845581,0.49414941668510437,0.33855798840522766
YCR073C,YER118C,0,3.3893785,0.14084145426750183,0.49414941668510437,0.3386591076850891
YML022W,YGR013W,0,3.3892665,0.14080533385276794,0.49414941668510437,0.33876022696495056
YIR003W,YGR249W,0,3.3889432,0.14076922833919525,0.49414941668510437,0.338861346244812
YPL084W,YDR302W,0,3.388783,0.14073315262794495,0.49414941668510437,0.33896249532699585
YCR040W,YML113W,1,3.388764,0.14095336198806763,0.49504950642585754,0.33896249532699585
YMR251W-A,YDR037W,0,3.388348,0.14091724157333374,0.49504950642585754,0.3390636146068573
YMR268C,YNL220W,0,3.3883443,0.14088115096092224,0.49504950642585754,0.33916473388671875
YJL099W,YJL122W,0,3.3882904,0.14084507524967194,0.49504950642585754,0.3392658531665802
YLR226W,YHR050W,0,3.388235,0.14080901443958282,0.49504950642585754,0.33936697244644165
YGR087C,YGL044C,0,3.3881783,0.1407729685306549,0.49504950642585754,0.3394680917263031
YPR121W,YOR083W,0,3.3880987,0.14073695242404938,0.49504950642585754,0.33956921100616455
YCL026C-A,YJR064W,0,3.3880448,0.14070095121860504,0.49504950642585754,0.339670330286026
YEL011W,YLR274W,0,3.387879,0.1406649649143219,0.49504950642585754,0.33977144956588745
YDR184C,YOR231W,0,3.3878431,0.14062899351119995,0.49504950642585754,0.3398725986480713
YIL158W,YER074W-A,0,3.3876638,0.1405930519104004,0.49504950642585754,0.33997371792793274
YML131W,YFL009W,0,3.3874006,0.14055711030960083,0.49504950642585754,0.3400748372077942
YDR522C,YKL055C,0,3.3871365,0.14052119851112366,0.49504950642585754,0.34017595648765564
YPL009C,YDR153C,0,3.386898,0.14048531651496887,0.49504950642585754,0.3402770757675171
YGL086W,YML033W,0,3.3868837,0.1404494345188141,0.49504950642585754,0.34037819504737854
YCR027C,YDR450W,0,3.3867788,0.1404135823249817,0.49504950642585754,0.34047931432724
YDL232W,YDR058C,0,3.386621,0.14037774503231049,0.49504950642585754,0.34058043360710144
YOL017W,YHR107C,0,3.386303,0.14034192264080048,0.49504950642585754,0.3406815528869629
YPL268W,YEL009C,0,3.386242,0.14030611515045166,0.49504950642585754,0.34078270196914673
YMR014W,YJL076W,0,3.3860936,0.14027033746242523,0.49504950642585754,0.3408838212490082
YMR283C,YHR018C,0,3.38594,0.14023457467556,0.49504950642585754,0.34098494052886963
YIL103W,YGR013W,0,3.385817,0.14019882678985596,0.49504950642585754,0.3410860598087311
YPR094W,YAR071W,0,3.3856435,0.1401630938053131,0.49504950642585754,0.34118717908859253
YGR067C,YJR140C,1,3.385623,0.14038217067718506,0.4959495961666107,0.34118717908859253
YKL018W,YGR231C,0,3.3855028,0.14034640789031982,0.4959495961666107,0.341288298368454
YOR362C,YHR176W,0,3.3852158,0.14031067490577698,0.4959495961666107,0.34138941764831543
YBR132C,YGR027W-A,0,3.3851848,0.14027494192123413,0.4959495961666107,0.3414905369281769
YML069W,YOR339C,0,3.3851295,0.14023925364017487,0.4959495961666107,0.34159165620803833
YNL072W,YLR225C,0,3.3847384,0.1402035653591156,0.4959495961666107,0.3416927754878998
YOR064C,YNR039C,0,3.3844452,0.14016789197921753,0.4959495961666107,0.3417939245700836
YDL194W,YNL326C,0,3.3843756,0.14013224840164185,0.4959495961666107,0.34189504384994507
YHR112C,YNR063W,0,3.3840728,0.14009661972522736,0.4959495961666107,0.3419961631298065
YGR140W,YOR290C,1,3.3839784,0.1403152048587799,0.4968496859073639,0.3419961631298065
YLR057W,YJL047C,0,3.383895,0.14027954638004303,0.4968496859073639,0.34209728240966797
YGR087C,YKR042W,0,3.383769,0.14024390280246735,0.4968496859073639,0.3421984016895294
YGL125W,YPL181W,0,3.3837457,0.14020827412605286,0.4968496859073639,0.34229952096939087
YER054C,YKL012W,0,3.3832583,0.14017267525196075,0.4968496859073639,0.3424006402492523
YDR540C,YNR039C,0,3.3828707,0.14013709127902985,0.4968496859073639,0.34250175952911377
YDR488C,YGL077C,0,3.3827076,0.14010152220726013,0.4968496859073639,0.3426028788089752
YCL062W,YDL010W,0,3.3826265,0.1400659680366516,0.4968496859073639,0.34270402789115906
YIL117C,YNL272C,0,3.3824716,0.14003044366836548,0.4968496859073639,0.3428051471710205
YDR184C,YMR271C,0,3.3823934,0.13999493420124054,0.4968496859073639,0.34290626645088196
YML093W,YOR005C,0,3.3822713,0.1399594247341156,0.4968496859073639,0.3430073857307434
YCL019W,YOR284W,0,3.382134,0.13992395997047424,0.4968496859073639,0.34310850501060486
YDR432W,YIL031W,0,3.382062,0.13988849520683289,0.4968496859073639,0.3432096242904663
YDR314C,YDL194W,0,3.381569,0.13985306024551392,0.4968496859073639,0.34331074357032776
YOR140W,YDR034C-D,1,3.3814435,0.14007091522216797,0.49774977564811707,0.34331074357032776
YML033W,YNR051C,0,3.3813734,0.1400354504585266,0.49774977564811707,0.3434118628501892
YER018C,YOR028C,0,3.3812838,0.14000000059604645,0.49774977564811707,0.34351298213005066
YPL236C,YNL152W,0,3.3807945,0.13996456563472748,0.49774977564811707,0.3436141312122345
YBL102W,YFL055W,0,3.3807406,0.1399291455745697,0.49774977564811707,0.34371525049209595
YPR025C,YPR056W,0,3.3805923,0.13989375531673431,0.49774977564811707,0.3438163697719574
YLR405W,YJR088C,0,3.3805127,0.13985836505889893,0.49774977564811707,0.34391748905181885
YML046W,YDL104C,0,3.3803782,0.13982300460338593,0.49774977564811707,0.3440186083316803
YER094C,YNL087W,0,3.3803582,0.13978765904903412,0.49774977564811707,0.34411972761154175
YDR073W,YGR059W,0,3.3803453,0.1397523432970047,0.49774977564811707,0.3442208468914032
YAL015C,YER088C,1,3.3803015,0.13996967673301697,0.49864986538887024,0.3442208468914032
YFL009W,YOR003W,0,3.380249,0.13993433117866516,0.49864986538887024,0.34432196617126465
YDR221W,YDL092W,0,3.3801389,0.13989898562431335,0.49864986538887024,0.3444230854511261
YNR051C,YDL213C,0,3.3799343,0.13986366987228394,0.49864986538887024,0.34452420473098755
YBR258C,YGR091W,0,3.3798857,0.1398283690214157,0.49864986538887024,0.3446253538131714
YDR432W,YBR229C,0,3.3798547,0.13979308307170868,0.49864986538887024,0.34472647309303284
YNL113W,YDR409W,0,3.3798146,0.13975782692432404,0.49864986538887024,0.3448275923728943
YLR157C-A,YOR362C,0,3.3794985,0.1397225707769394,0.49864986538887024,0.34492871165275574
YBL042C,YML038C,0,3.3794322,0.13968734443187714,0.49864986538887024,0.3450298309326172
YHR152W,YGR091W,0,3.379321,0.13965213298797607,0.49864986538887024,0.34513095021247864
YOR173W,YNL154C,0,3.3788867,0.1396169364452362,0.49864986538887024,0.3452320694923401
YMR283C,YPL170W,0,3.3785467,0.13958175480365753,0.49864986538887024,0.34533318877220154
YDR051C,YDR143C,0,3.3785467,0.13954660296440125,0.49864986538887024,0.345434308052063
YOR028C,YLR399C,0,3.3785386,0.13951145112514496,0.49864986538887024,0.3455354571342468
YDR006C,YNL083W,0,3.378283,0.13947632908821106,0.49864986538887024,0.3456365764141083
YFL050C,YLR110C,0,3.3777814,0.13944122195243835,0.49864986538887024,0.3457376956939697
YNL323W,YLR319C,0,3.3772101,0.13940614461898804,0.49864986538887024,0.3458388149738312
YJL028W,YDR541C,0,3.3771148,0.13937106728553772,0.49864986538887024,0.3459399342536926
YLR368W,YMR231W,0,3.3769665,0.1393360197544098,0.49864986538887024,0.3460410535335541
YHR216W,YDR446W,0,3.3769445,0.13930098712444305,0.49864986538887024,0.3461421728134155
YGR140W,YDR141C,0,3.3767881,0.1392659693956375,0.49864986538887024,0.346243292093277
YHR176W,YHR102W,0,3.3767776,0.13923096656799316,0.49864986538887024,0.3463444113731384
YCR070W,YOR198C,0,3.3762121,0.13919597864151,0.49864986538887024,0.34644556045532227
YHL007C,YPL057C,0,3.376093,0.13916102051734924,0.49864986538887024,0.3465466797351837
YBR288C,YOR303W,0,3.3760204,0.13912606239318848,0.49864986538887024,0.34664779901504517
YHR107C,YOR088W,0,3.3759851,0.1390911340713501,0.49864986538887024,0.3467489182949066
YML066C,YMR162C,0,3.375762,0.1390562206506729,0.49864986538887024,0.34685003757476807
YPR104C,YPL029W,0,3.375616,0.13902133703231812,0.49864986538887024,0.3469511568546295
YPR183W,YGR068C,0,3.3749633,0.13898645341396332,0.49864986538887024,0.34705227613449097
YNL169C,YOR017W,0,3.3748932,0.1389515995979309,0.49864986538887024,0.3471533954143524
YMR072W,YFL052W,1,3.3748398,0.13916750252246857,0.4995499551296234,0.3471533954143524
YMR190C,YLL023C,0,3.3747935,0.13913261890411377,0.4995499551296234,0.34725451469421387
YIL015W,YNL152W,0,3.3747716,0.13909775018692017,0.4995499551296234,0.3473556339740753
YBL036C,YGR161C-C,0,3.3747349,0.13906289637088776,0.4995499551296234,0.34745678305625916
YNR012W,YOR368W,0,3.3744454,0.13902805745601654,0.4995499551296234,0.3475579023361206
YER054C,YPL072W,0,3.3743653,0.13899323344230652,0.4995499551296234,0.34765902161598206
YDR073W,YGR121C,0,3.3742585,0.13895843923091888,0.4995499551296234,0.3477601408958435
YPR164W,YDL066W,0,3.3742452,0.13892365992069244,0.4995499551296234,0.34786126017570496
YBL050W,YHR091C,0,3.3740997,0.1388888955116272,0.4995499551296234,0.3479623794555664
YLR064W,YJL050W,0,3.3740602,0.13885414600372314,0.4995499551296234,0.34806349873542786
YLR174W,YNL152W,0,3.373983,0.13881941139698029,0.4995499551296234,0.3481646180152893
YIL126W,YIL009C-A,1,3.3734155,0.13903476297855377,0.500450074672699,0.3481646180152893
YNR056C,YNL093W,0,3.373269,0.13899999856948853,0.500450074672699,0.34826573729515076
YJR090C,YBR171W,0,3.3732433,0.13896526396274567,0.500450074672699,0.3483668863773346
YDR020C,YNL093W,0,3.3731103,0.1389305293560028,0.500450074672699,0.34846800565719604
YKR060W,YGR287C,0,3.3729348,0.13889582455158234,0.500450074672699,0.3485691249370575
YJR099W,YDL058W,0,3.372829,0.13886113464832306,0.500450074672699,0.34867024421691895
YOR128C,YDR210W-A,0,3.3728113,0.13882645964622498,0.500450074672699,0.3487713634967804
YOL058W,YGR280C,0,3.3728037,0.13879181444644928,0.500450074672699,0.34887248277664185
YJL042W,YMR024W,0,3.3726015,0.13875716924667358,0.500450074672699,0.3489736020565033
YJR093C,YIL031W,0,3.3720202,0.13872255384922028,0.500450074672699,0.34907472133636475
YGL079W,YML033W,0,3.3719363,0.13868795335292816,0.500450074672699,0.3491758406162262
YBR126C,YJL002C,0,3.3718286,0.13865336775779724,0.500450074672699,0.34927695989608765
YIL085C,YGL254W,0,3.3712974,0.13861879706382751,0.500450074672699,0.3493781089782715
YOR207C,YIR023W,1,3.371283,0.13883349299430847,0.5013501644134521,0.3493781089782715
YGR159C,YBL010C,1,3.3708515,0.13904809951782227,0.5022502541542053,0.3493781089782715
YHL009W-B,YDR362C,1,3.370768,0.1392625868320465,0.5031503438949585,0.3493781089782715
YCR096C,YLR263W,1,3.3705716,0.1394769549369812,0.5040504336357117,0.3493781089782715
YMR190C,YOR198C,0,3.370133,0.13944223523139954,0.5040504336357117,0.34947922825813293
YOL095C,YDL227C,1,3.3698196,0.1396564543247223,0.5049505233764648,0.34947922825813293
YJR152W,YIL073C,0,3.3696847,0.13962170481681824,0.5049505233764648,0.3495803475379944
YBR087W,YBL005W-B,1,3.3696098,0.13983577489852905,0.505850613117218,0.3495803475379944
YLR421C,YGR280C,0,3.3695798,0.1398009955883026,0.505850613117218,0.34968146681785583
YML064C,YNL005C,0,3.3692899,0.13976623117923737,0.505850613117218,0.3497825860977173
YDR421W,YGL131C,1,3.3692746,0.13998010754585266,0.5067507028579712,0.3497825860977173
YDR191W,YOR033C,1,3.3687043,0.1401938796043396,0.5076507925987244,0.3497825860977173
YFR038W,YPR162C,1,3.3686714,0.14040754735469818,0.5085508823394775,0.3497825860977173
YLR226W,YML026C,0,3.3685732,0.14037266373634338,0.5085508823394775,0.34988370537757874
YDR073W,YER058W,0,3.3685684,0.14033780992031097,0.5085508823394775,0.3499848246574402
YKL055C,YGR013W,0,3.3684883,0.14030295610427856,0.5085508823394775,0.35008594393730164
YLR077W,YDR206W,0,3.3683634,0.14026811718940735,0.5085508823394775,0.3501870632171631
YOR368W,YER075C,0,3.3683515,0.14023330807685852,0.5085508823394775,0.3502882122993469
YNL014W,YGR065C,0,3.368187,0.1401985138654709,0.5085508823394775,0.3503893315792084
YHR187W,YMR283C,0,3.367879,0.14016373455524445,0.5085508823394775,0.3504904508590698
YNL037C,YDR480W,0,3.367835,0.1401289701461792,0.5085508823394775,0.3505915701389313
YLR242C,YCR023C,0,3.3677216,0.14009422063827515,0.5085508823394775,0.3506926894187927
YNL126W,YHR102W,0,3.3667994,0.14005950093269348,0.5085508823394775,0.3507938086986542
YNL005C,YIR010W,0,3.36654,0.14002478122711182,0.5085508823394775,0.3508949279785156
YLR095C,YOR088W,0,3.3665314,0.13999009132385254,0.5085508823394775,0.3509960472583771
YKL055C,YDR266C,0,3.366479,0.13995541632175446,0.5085508823394775,0.3510971665382385
YNL169C,YPL187W,0,3.3664188,0.13992075622081757,0.5085508823394775,0.35119831562042236
YLR410W,YBL004W,0,3.3664112,0.13988611102104187,0.5085508823394775,0.3512994349002838
YKR080W,YCR070W,0,3.3662138,0.13985148072242737,0.5085508823394775,0.35140055418014526
YHR032W,YDR291W,0,3.365965,0.13981688022613525,0.5085508823394775,0.3515016734600067
YBR217W,YLR275W,0,3.3655548,0.13978227972984314,0.5085508823394775,0.35160279273986816
YDR206W,YLR095C,0,3.3655381,0.1397477090358734,0.5085508823394775,0.3517039120197296
YAL032C,YOL089C,0,3.36546,0.13971315324306488,0.5085508823394775,0.35180503129959106
YJL118W,YNR049C,0,3.365284,0.13967861235141754,0.5085508823394775,0.3519061505794525
YJL177W,YBL105C,0,3.3649902,0.1396440863609314,0.5085508823394775,0.35200726985931396
YFR028C,YBR057C,0,3.3646045,0.13960959017276764,0.5085508823394775,0.3521083891391754
YLR051C,YMR161W,0,3.3643794,0.13957509398460388,0.5085508823394775,0.35220953822135925
YIR021W,YBR102C,0,3.3642044,0.1395406275987625,0.5085508823394775,0.3523106575012207
YBL005W,YOL145C,1,3.3641024,0.1397530883550644,0.5094509720802307,0.3523106575012207
YOL115W,YNL088W,0,3.3640356,0.13971859216690063,0.5094509720802307,0.35241177678108215
YER119C,YOL088C,0,3.3639698,0.13968411087989807,0.5094509720802307,0.3525128960609436
YGR240C,YDL222C,0,3.3639169,0.1396496444940567,0.5094509720802307,0.35261401534080505
YJL123C,YGR096W,0,3.3637447,0.13961519300937653,0.5094509720802307,0.3527151346206665
YLR369W,YLR431C,0,3.3632002,0.13958077132701874,0.5094509720802307,0.35281625390052795
YLL054C,YIL130W,1,3.363164,0.13979290425777435,0.5103510618209839,0.35281625390052795
YDR180W,YBR102C,0,3.3628273,0.13975843787193298,0.5103510618209839,0.3529173731803894
YJL018W,YPL190C,0,3.3627534,0.139724001288414,0.5103510618209839,0.35301849246025085
YIR028W,YLL028W,0,3.3624244,0.1396895796060562,0.5103510618209839,0.3531196415424347
YDR365W-B,YGR166W,0,3.3622503,0.13965517282485962,0.5103510618209839,0.35322076082229614
YJL065C,YGR056W,1,3.361836,0.13986702263355255,0.5112511515617371,0.35322076082229614
YPR201W,YGR065C,0,3.360715,0.13983260095119476,0.5112511515617371,0.3533218801021576
YNR003C,YER184C,1,3.3606362,0.14004430174827576,0.5121512413024902,0.3533218801021576
YIL157C,YMR068W,0,3.3606358,0.1400098353624344,0.5121512413024902,0.35342299938201904
YOR295W,YOR303W,0,3.3599405,0.1399753987789154,0.5121512413024902,0.3535241186618805
YJL028W,YPR023C,0,3.3598065,0.13994097709655762,0.5121512413024902,0.35362523794174194
YJL074C,YNL058C,0,3.35958,0.13990657031536102,0.5121512413024902,0.3537263572216034
YPL236C,YCR083W,0,3.359478,0.13987217843532562,0.5121512413024902,0.35382747650146484
YLR226W,YGR163W,0,3.3594337,0.13983780145645142,0.5121512413024902,0.3539285957813263
YHR152W,YMR231W,0,3.359252,0.1398034393787384,0.5121512413024902,0.35402974486351013
YHR091C,YNL265C,0,3.3591824,0.13976909220218658,0.5121512413024902,0.3541308641433716
YDR006C,YJR047C,0,3.3591523,0.13973477482795715,0.5121512413024902,0.35423198342323303
YNL323W,YLR003C,0,3.3590355,0.13970047235488892,0.5121512413024902,0.3543331027030945
YBR253W,YLR272C,0,3.358841,0.13966616988182068,0.5121512413024902,0.35443422198295593
YIL091C,YJL074C,0,3.3585343,0.13963189721107483,0.5121512413024902,0.3545353412628174
YGL033W,YHR183W,0,3.3585172,0.13959763944149017,0.5121512413024902,0.35463646054267883
YBR216C,YIL091C,0,3.3584776,0.1395634114742279,0.5121512413024902,0.3547375798225403
YDL066W,YLR229C,0,3.357841,0.13952918350696564,0.5121512413024902,0.35483869910240173
YDR058C,YLR376C,0,3.3576884,0.13949497044086456,0.5121512413024902,0.3549398183822632
YPL047W,YBR056W,0,3.3576694,0.13946078717708588,0.5121512413024902,0.355040967464447
YCL020W,YNL087W,0,3.357667,0.1394266039133072,0.5121512413024902,0.35514208674430847
YGL079W,YHR018C,0,3.3572226,0.1393924504518509,0.5121512413024902,0.3552432060241699
YLR081W,YJL076W,0,3.3571553,0.1393583118915558,0.5121512413024902,0.35534432530403137
YPR104C,YGL181W,0,3.3566713,0.13932418823242188,0.5121512413024902,0.3554454445838928
YDL159W,YNR032W,0,3.3566656,0.13929007947444916,0.5121512413024902,0.3555465638637543
YHR191C,YML062C,0,3.3566656,0.13925600051879883,0.5121512413024902,0.3556476831436157
YOL094C,YPL029W,0,3.3566284,0.1392219215631485,0.5121512413024902,0.3557488024234772
YLR131C,YKL112W,1,3.356296,0.13943248987197876,0.5130513310432434,0.3557488024234772
YGR091W,YNL099C,0,3.3559642,0.13939838111400604,0.5130513310432434,0.3558499217033386
YDR020C,YER042W,0,3.3557582,0.1393643021583557,0.5130513310432434,0.35595107078552246
YMR113W,YIL168W,0,3.355238,0.13933023810386658,0.5130513310432434,0.3560521900653839
YDR225W,YGL011C,0,3.3552256,0.13929618895053864,0.5130513310432434,0.35615330934524536
YKL213C,YDL064W,0,3.3551912,0.1392621546983719,0.5130513310432434,0.3562544286251068
YIL040W,YCR070W,0,3.3546906,0.13922813534736633,0.5130513310432434,0.35635554790496826
YIL099W,YFL002C,0,3.354653,0.13919414579868317,0.5130513310432434,0.3564566671848297
YGL099W,YGL131C,0,3.3545089,0.13916015625,0.5130513310432434,0.35655778646469116
YCR067C,YKL184W,0,3.3543797,0.13912619650363922,0.5130513310432434,0.3566589057445526
YPL242C,YDR255C,0,3.3543406,0.13909223675727844,0.5130513310432434,0.35676002502441406
YLR132C,YOL016C,0,3.3542886,0.13905830681324005,0.5130513310432434,0.3568611443042755
YLR064W,YPR121W,0,3.353672,0.13902439177036285,0.5130513310432434,0.35696229338645935
YMR277W,YKR029C,0,3.353664,0.13899049162864685,0.5130513310432434,0.3570634126663208
YPL237W,YJL137C,0,3.35362,0.13895660638809204,0.5130513310432434,0.35716453194618225
YGR023W,YOR140W,0,3.353528,0.13892273604869843,0.5130513310432434,0.3572656512260437
YMR323W,YPR033C,0,3.3530364,0.1388888955116272,0.5130513310432434,0.35736677050590515
YDR163W,YOR035C,0,3.3529143,0.13885505497455597,0.5130513310432434,0.3574678897857666
YCR027C,YER011W,0,3.3528676,0.13882124423980713,0.5130513310432434,0.35756900906562805
YML114C,YDL025C,0,3.3528461,0.1387874335050583,0.5130513310432434,0.3576701283454895
YML130C,YDR354W,0,3.3524818,0.13875365257263184,0.5130513310432434,0.35777124762535095
YLR077W,YNL305C,0,3.352427,0.13871988654136658,0.5130513310432434,0.3578723967075348
YML008C,YMR052W,0,3.3524094,0.1386861354112625,0.5130513310432434,0.35797351598739624
YBR019C,YJR019C,0,3.3521795,0.13865239918231964,0.5130513310432434,0.3580746352672577
YPL227C,YBL105C,0,3.3521333,0.13861867785453796,0.5130513310432434,0.35817575454711914
YLR272C,YJR017C,0,3.351901,0.13858497142791748,0.5130513310432434,0.3582768738269806
YGR163W,YDR352W,0,3.3515182,0.13855129480361938,0.5130513310432434,0.35837799310684204
YGL065C,YPL108W,0,3.351447,0.1385176181793213,0.5130513310432434,0.3584791123867035
YNL088W,YDL056W,1,3.351398,0.13872691988945007,0.5139514207839966,0.3584791123867035
YJL018W,YML123C,0,3.3513827,0.13869322836399078,0.5139514207839966,0.35858023166656494
YKL065C,YDR037W,0,3.351231,0.1386595368385315,0.5139514207839966,0.3586813509464264
YGR071C,YMR039C,1,3.350955,0.13886865973472595,0.5148515105247498,0.3586813509464264
YDR385W,YDR261C-C,0,3.3509316,0.13883495330810547,0.5148515105247498,0.35878250002861023
YFL053W,YPL275W,0,3.3508158,0.13880126178264618,0.5148515105247498,0.3588836193084717
YJL020C,YNL270C,0,3.3507252,0.13876758515834808,0.5148515105247498,0.35898473858833313
YER021W,YJR002W,0,3.350399,0.13873393833637238,0.5148515105247498,0.3590858578681946
YHL022C,YPL190C,0,3.3499146,0.13870029151439667,0.5148515105247498,0.35918697714805603
YJL010C,YKL176C,0,3.3499079,0.13866665959358215,0.5148515105247498,0.3592880964279175
YIR007W,YGL100W,0,3.3494825,0.13863305747509003,0.5148515105247498,0.35938921570777893
YHR187W,YPR004C,0,3.3488374,0.1385994702577591,0.5148515105247498,0.3594903349876404
YBL006C,YMR266W,0,3.348185,0.13856589794158936,0.5148515105247498,0.35959145426750183
YKL017C,YCR039C,1,3.3481002,0.13877452909946442,0.5157516002655029,0.35959145426750183
YDR043C,YGL166W,1,3.3478484,0.13898305594921112,0.5166516900062561,0.35959145426750183
YNL071W,YJR014W,0,3.347816,0.1389494091272354,0.5166516900062561,0.3596925735473633
YOL103W-B,YIL131C,1,3.347794,0.13915778696537018,0.5175517797470093,0.3596925735473633
YCR027C,YDR180W,0,3.3473864,0.13912412524223328,0.5175517797470093,0.3597937226295471
YBR073W,YKL055C,0,3.3469667,0.13909046351909637,0.5175517797470093,0.35989484190940857
YGR287C,YHR042W,0,3.3462925,0.13905683159828186,0.5175517797470093,0.35999596118927
YML110C,YDR208W,0,3.3462644,0.13902321457862854,0.5175517797470093,0.36009708046913147
YCL019W,YHR123W,0,3.3456926,0.1389896124601364,0.5175517797470093,0.3601981997489929
YNL035C,YJL020C,0,3.345633,0.1389560103416443,0.5175517797470093,0.36029931902885437
YIL066C,YDL044C,0,3.345541,0.13892243802547455,0.5175517797470093,0.3604004383087158
YGL130W,YLR308W,0,3.3455234,0.1388888955116272,0.5175517797470093,0.36050155758857727
YLR225C,YPL081W,0,3.345471,0.13885535299777985,0.5175517797470093,0.3606026768684387
YJL113W,YDL213C,0,3.3453293,0.1388218253850937,0.5175517797470093,0.36070382595062256
YBR298C,YGR091W,0,3.344904,0.13878831267356873,0.5175517797470093,0.360804945230484
YJR006W,YDL002C,1,3.3447366,0.13899613916873932,0.5184518694877625,0.360804945230484
YOL094C,YJL203W,0,3.3446937,0.13896261155605316,0.5184518694877625,0.36090606451034546
YDR085C,YNL279W,0,3.3445516,0.138929083943367,0.5184518694877625,0.3610071837902069
YCL062W,YBR104W,0,3.3443933,0.13889558613300323,0.5184518694877625,0.36110830307006836
YOL006C,YOR100C,0,3.3442445,0.13886210322380066,0.5184518694877625,0.3612094223499298
YML024W,YDR210W-A,0,3.3442116,0.13882863521575928,0.5184518694877625,0.36131054162979126
YNL252C,YDL174C,0,3.3441348,0.1387951821088791,0.5184518694877625,0.3614116609096527
YGR108W,YPL232W,0,3.343793,0.1387617439031601,0.5184518694877625,0.36151278018951416
YLR205C,YOR122C,0,3.3436122,0.1387283205986023,0.5184518694877625,0.361613929271698
YKR092C,YOR368W,0,3.343554,0.1386949121952057,0.5184518694877625,0.36171504855155945
YER065C,YKL065C,0,3.343223,0.13866153359413147,0.5184518694877625,0.3618161678314209
YIL040W,YBL071W-A,0,3.3430328,0.13862815499305725,0.5184518694877625,0.36191728711128235
YKL163W,YPL265W,0,3.3430252,0.13859480619430542,0.5184518694877625,0.3620184063911438
YBR004C,YLR133W,0,3.3429875,0.1385614573955536,0.5184518694877625,0.36211952567100525
YFL053W,YLR431C,0,3.3426008,0.13852813839912415,0.5184518694877625,0.3622206449508667
YKR001C,YNL005C,0,3.3423362,0.1384948343038559,0.5184518694877625,0.36232176423072815
YDR123C,YCR097W,1,3.342299,0.1387019157409668,0.5193519592285156,0.36232176423072815
YPL118W,YBR167C,0,3.3421597,0.13866858184337616,0.5193519592285156,0.3624228835105896
YML062C,YIL129C,0,3.3418803,0.1386352777481079,0.5193519592285156,0.36252400279045105
YHR016C,YNL272C,0,3.3417177,0.13860197365283966,0.5193519592285156,0.3626251518726349
YHR183W,YGR027W-A,0,3.3414087,0.1385686844587326,0.5193519592285156,0.36272627115249634
YCL033C,YBR179C,0,3.34136,0.13853541016578674,0.5193519592285156,0.3628273904323578
YMR288W,YNL003C,0,3.3410053,0.13850216567516327,0.5193519592285156,0.36292850971221924
YDR058C,YLR119W,0,3.340694,0.1384689211845398,0.5193519592285156,0.3630296289920807
YJR159W,YDL161W,0,3.3403697,0.1384357064962387,0.5193519592285156,0.36313074827194214
YPR165W,YOR073W,0,3.3397598,0.13840249180793762,0.5193519592285156,0.3632318675518036
YMR190C,YKL137W,0,3.3396497,0.13836930692195892,0.5193519592285156,0.36333298683166504
YER021W,YDR324C,0,3.33962,0.13833613693714142,0.5193519592285156,0.3634341061115265
YER146W,YJL042W,0,3.3395162,0.1383029669523239,0.5193519592285156,0.3635352551937103
YDR346C,YKL193C,0,3.339507,0.1382698267698288,0.5193519592285156,0.3636363744735718
YPL227C,YJL093C,0,3.3393717,0.13823670148849487,0.5193519592285156,0.3637374937534332
YMR058W,YDR324C,0,3.3391175,0.13820359110832214,0.5193519592285156,0.3638386130332947
YGR133W,YOL137W,0,3.3390374,0.1381704956293106,0.5193519592285156,0.36393973231315613
YMR266W,YAR003W,0,3.3383808,0.13813741505146027,0.5193519592285156,0.3640408515930176
YKL020C,YGL013C,1,3.3380995,0.1383437067270279,0.5202520489692688,0.3640408515930176
YPL255W,YNL097C,0,3.338035,0.13831059634685516,0.5202520489692688,0.36414197087287903
YHR115C,YPL255W,0,3.337636,0.13827751576900482,0.5202520489692688,0.3642430901527405
YKL035W,YLR084C,0,3.337585,0.13824443519115448,0.5202520489692688,0.36434420943260193
YKL125W,YDR016C,0,3.3374052,0.13821138441562653,0.5202520489692688,0.3644453287124634
YHR112C,YJL002C,0,3.337387,0.13817833364009857,0.5202520489692688,0.3645464777946472
YGL033W,YMR052W,0,3.33736,0.138145312666893,0.5202520489692688,0.36464759707450867
YJL204C,YPL236C,0,3.337223,0.13811230659484863,0.5202520489692688,0.3647487163543701
YBR203W,YGL166W,0,3.336916,0.13807931542396545,0.5202520489692688,0.36484983563423157
YML029W,YBL009W,0,3.3367395,0.13804633915424347,0.5202520489692688,0.364950954914093
YGR278W,YDL222C,0,3.3366451,0.13801337778568268,0.5202520489692688,0.36505207419395447
YDR216W,YGR121C,0,3.3365722,0.13798043131828308,0.5202520489692688,0.3651531934738159
YML033W,YEL004W,0,3.3362012,0.13794749975204468,0.5202520489692688,0.36525431275367737
YDR263C,YLR357W,1,3.3360314,0.13815318048000336,0.521152138710022,0.36525431275367737
YNL245C,YJR019C,0,3.33599,0.13812023401260376,0.521152138710022,0.3653554320335388
YGR038C-A,YPL079W,0,3.3357677,0.13808728754520416,0.521152138710022,0.36545658111572266
YPL268W,YHR121W,0,3.335668,0.13805435597896576,0.521152138710022,0.3655577003955841
YBR083W,YDL156W,0,3.3351493,0.13802145421504974,0.521152138710022,0.36565881967544556
YEL077C,YNL305C,0,3.3349576,0.13798856735229492,0.521152138710022,0.365759938955307
YBR073W,YDR363W,0,3.3347168,0.1379556804895401,0.521152138710022,0.36586105823516846
YBL045C,YPL086C,0,3.3346581,0.13792282342910767,0.521152138710022,0.3659621775150299
YJR105W,YLR362W,0,3.3345718,0.13788996636867523,0.521152138710022,0.36606329679489136
YJR091C,YJR152W,0,3.33455,0.13785713911056519,0.521152138710022,0.3661644160747528
YPR029C,YER048C,0,3.3344688,0.13782432675361633,0.521152138710022,0.36626553535461426
YEL004W,YNL152W,0,3.3344646,0.13779152929782867,0.521152138710022,0.3663666844367981
YER176W,YCR097W,1,3.334445,0.13799667358398438,0.5220522284507751,0.3663666844367981
YNL053W,YBR079C,0,3.3342752,0.13796384632587433,0.5220522284507751,0.36646780371665955
YJR090C,YPL187W,0,3.3341002,0.13793103396892548,0.5220522284507751,0.366568922996521
YPR181C,YDR037W,0,3.3340673,0.13789823651313782,0.5220522284507751,0.36667004227638245
YBL067C,YPR066W,0,3.3337135,0.13786546885967255,0.5220522284507751,0.3667711615562439
YDR261C-C,YKL137W,0,3.3336115,0.13783270120620728,0.5220522284507751,0.36687228083610535
YFR009W,YCR070W,0,3.3335876,0.1377999484539032,0.5220522284507751,0.3669734001159668
YPL268W,YDL126C,0,3.3335624,0.1377672255039215,0.5220522284507751,0.36707451939582825
YER183C,YCR033W,0,3.3331656,0.13773450255393982,0.5220522284507751,0.3671756386756897
YMR293C,YDR541C,0,3.3331318,0.13770180940628052,0.5220522284507751,0.36727675795555115
YOR229W,YGR209C,0,3.3329134,0.13766911625862122,0.5220522284507751,0.367377907037735
YJR091C,YKL084W,0,3.3326077,0.1376364529132843,0.5220522284507751,0.36747902631759644
YOL091W,YFR044C,0,3.3325672,0.1376037895679474,0.5220522284507751,0.3675801455974579
YDR316W,YGR065C,0,3.3324018,0.13757115602493286,0.5220522284507751,0.36768126487731934
YIR003W,YLR431C,0,3.3323011,0.13753853738307953,0.5220522284507751,0.3677823841571808
YNL088W,YJL203W,0,3.3321915,0.1375059336423874,0.5220522284507751,0.36788350343704224
YOR173W,YLR071C,0,3.3321013,0.13747332990169525,0.5220522284507751,0.3679846227169037
YDR020C,YOL119C,0,3.3320975,0.1374407559633255,0.5220522284507751,0.36808574199676514
YGR121C,YEL047C,0,3.3316236,0.13740819692611694,0.5220522284507751,0.3681868612766266
YJL028W,YKL092C,0,3.3314128,0.13737565279006958,0.5220522284507751,0.3682880103588104
YIL143C,YDR191W,1,3.3310685,0.13757991790771484,0.5229523181915283,0.3682880103588104
YLR138W,YPR121W,0,3.3309798,0.1375473439693451,0.5229523181915283,0.3683891296386719
YJL042W,YDR331W,0,3.3309612,0.13751479983329773,0.5229523181915283,0.3684902489185333
YPR145W,YGR096W,0,3.330824,0.13748225569725037,0.5229523181915283,0.3685913681983948
YOL097C,YBR179C,0,3.330813,0.1374497264623642,0.5229523181915283,0.3686924874782562
YIL091C,YML072C,0,3.3307528,0.13741721212863922,0.5229523181915283,0.3687936067581177
YGL043W,YPL066W,0,3.3306732,0.13738472759723663,0.5229523181915283,0.3688947260379791
YNL021W,YGL008C,0,3.330668,0.13735224306583405,0.5229523181915283,0.3689958453178406
YHR187W,YIL073C,0,3.3306146,0.13731978833675385,0.5229523181915283,0.369096964597702
YDL191W,YLR319C,0,3.3303003,0.13728733360767365,0.5229523181915283,0.36919811367988586
YBR132C,YMR190C,0,3.3299823,0.13725490868091583,0.5229523181915283,0.3692992329597473
YMR323W,YLR027C,0,3.329894,0.13722248375415802,0.5229523181915283,0.36940035223960876
YNR023W,YNL327W,0,3.3298354,0.1371900886297226,0.5229523181915283,0.3695014715194702
YJR052W,YCR033W,1,3.3294873,0.1373937726020813,0.5238524079322815,0.3695014715194702
YBR202W,YAL015C,1,3.3294544,0.13759735226631165,0.5247524976730347,0.3695014715194702
YOR329C,YLR013W,0,3.329341,0.13756488263607025,0.5247524976730347,0.36960259079933167
YOR113W,YJL127C,1,3.329032,0.13776834309101105,0.5256525874137878,0.36960259079933167
YGL255W,YPL008W,0,3.3288946,0.13773584365844727,0.5256525874137878,0.3697037100791931
YJR090C,YLL005C,0,3.3287978,0.13770337402820587,0.5256525874137878,0.36980482935905457
YMR052W,YGR098C,0,3.3286467,0.13767090439796448,0.5256525874137878,0.369905948638916
YDR043C,YGR231C,0,3.3284578,0.13763846457004547,0.5256525874137878,0.37000706791877747
YDR311W,YIL127C,0,3.328452,0.13760602474212646,0.5256525874137878,0.3701081871986389
YLR135W,YLR308W,0,3.3284144,0.13757361471652985,0.5256525874137878,0.37020933628082275
YGL073W,YJR035W,1,3.32823,0.13777673244476318,0.526552677154541,0.37020933628082275
YGL047W,YGR289C,0,3.327568,0.13774429261684418,0.526552677154541,0.3703104555606842
YJL047C,YER035W,0,3.3269868,0.13771186769008636,0.526552677154541,0.37041157484054565
YOR058C,YJR125C,0,3.3269167,0.13767945766448975,0.526552677154541,0.3705126941204071
YCR028C-A,YIR035C,0,3.326665,0.13764706254005432,0.526552677154541,0.37061381340026855
YJL051W,YHR072W-A,0,3.3266373,0.1376146823167801,0.526552677154541,0.37071493268013
YPR009W,YNR051C,0,3.3265643,0.13758231699466705,0.526552677154541,0.37081605195999146
YJR086W,YCL030C,0,3.3265052,0.1375499665737152,0.526552677154541,0.3709171712398529
YHR065C,YEL071W,0,3.3263698,0.13751763105392456,0.526552677154541,0.37101829051971436
YOR256C,YGR163W,0,3.3258243,0.1374853104352951,0.526552677154541,0.3711194396018982
YJL042W,YCR097W,0,3.3257813,0.13745300471782684,0.526552677154541,0.37122055888175964
YOR210W,YKL220C,0,3.3253298,0.13742071390151978,0.526552677154541,0.3713216781616211
YGR091W,YMR060C,0,3.3251781,0.1373884379863739,0.526552677154541,0.37142279744148254
YHR081W,YMR016C,1,3.3251486,0.13759098947048187,0.5274527668952942,0.37142279744148254
YMR231W,YLR119W,0,3.3249474,0.1375586837530136,0.5274527668952942,0.371523916721344
YDL207W,YDL213C,0,3.324839,0.13752640783786774,0.5274527668952942,0.37162503600120544
YJR014W,YNL229C,0,3.324726,0.13749413192272186,0.5274527668952942,0.3717261552810669
YFL024C,YDR156W,0,3.3245873,0.13746188580989838,0.5274527668952942,0.37182727456092834
YLR132C,YKL112W,0,3.3242555,0.1374296396970749,0.5274527668952942,0.3719283938407898
YDR214W,YCR027C,0,3.3236265,0.1373974233865738,0.5274527668952942,0.37202951312065125
YJL123C,YIR007W,0,3.3235884,0.1373652070760727,0.5274527668952942,0.3721306622028351
YIL099W,YDR163W,0,3.3234792,0.13733302056789398,0.5274527668952942,0.37223178148269653
YGR195W,YHL009W-A,0,3.3232365,0.13730084896087646,0.5274527668952942,0.372332900762558
YAR071W,YFL003C,0,3.3232245,0.13726867735385895,0.5274527668952942,0.37243402004241943
YHL009W-A,YKL012W,0,3.3230119,0.13723653554916382,0.5274527668952942,0.3725351393222809
YKL113C,YHR102W,0,3.322813,0.13720440864562988,0.5274527668952942,0.37263625860214233
YGR275W,YLR423C,0,3.3219075,0.13717228174209595,0.5274527668952942,0.3727373778820038
YMR104C,YPL030W,0,3.3218236,0.1371401846408844,0.5274527668952942,0.37283849716186523
YLR150W,YOR344C,1,3.3213549,0.13734206557273865,0.5283528566360474,0.37283849716186523
YOL058W,YNL270C,0,3.3213286,0.1373099386692047,0.5283528566360474,0.3729396164417267
YFL052W,YIR028W,0,3.3212948,0.13727782666683197,0.5283528566360474,0.3730407655239105
YLR423C,YGL207W,0,3.3210392,0.13724572956562042,0.5283528566360474,0.373141884803772
YEL003W,YIL122W,0,3.3209643,0.13721364736557007,0.5283528566360474,0.3732430040836334
YLR013W,YHR107C,0,3.3202152,0.1371815800666809,0.5283528566360474,0.3733441233634949
YBR088C,YLR117C,0,3.3198905,0.13714952766895294,0.5283528566360474,0.3734452426433563
YDL220C,YGR288W,1,3.3198714,0.13735108077526093,0.5292529463768005,0.3734452426433563
YLR166C,YHR152W,0,3.3195543,0.13731901347637177,0.5292529463768005,0.3735463619232178
YDR464W,YJR144W,1,3.3193831,0.137520432472229,0.5301530361175537,0.3735463619232178
YNL186W,YIR010W,0,3.3192658,0.13748833537101746,0.5301530361175537,0.3736474812030792
YLR013W,YPL066W,0,3.319211,0.1374562382698059,0.5301530361175537,0.3737486004829407
YOR035C,YDL165W,0,3.318862,0.13742417097091675,0.5301530361175537,0.3738497197628021
YJL042W,YER160C,0,3.318654,0.13739211857318878,0.5301530361175537,0.37395086884498596
YDL227C,YLR234W,1,3.318501,0.13759328424930573,0.5310531258583069,0.37395086884498596
YDR506C,YNL336W,0,3.3184876,0.13756120204925537,0.5310531258583069,0.3740519881248474
YDR110W,YKL144C,1,3.3184419,0.13776223361492157,0.5319532155990601,0.3740519881248474
YJL160C,YNL087W,0,3.3183331,0.13773013651371002,0.5319532155990601,0.37415310740470886
YKL112W,YPL241C,0,3.318285,0.13769803941249847,0.5319532155990601,0.3742542266845703
YPR158W-A,YOR073W,0,3.3181496,0.13766597211360931,0.5319532155990601,0.37435534596443176
YDR446W,YIL105C,0,3.3181415,0.13763390481472015,0.5319532155990601,0.3744564652442932
YOR190W,YHR128W,0,3.3179498,0.13760186731815338,0.5319532155990601,0.37455758452415466
YJR056C,YCL020W,0,3.3173661,0.1375698298215866,0.5319532155990601,0.3746587038040161
YGR275W,YOL148C,0,3.3171506,0.13753782212734222,0.5319532155990601,0.37475982308387756
YBR039W,YGL179C,0,3.3168964,0.13750581443309784,0.5319532155990601,0.374860942363739
YJR063W,YER176W,1,3.3165889,0.1377064436674118,0.5328533053398132,0.374860942363739
YDL156W,YLR003C,0,3.3165102,0.13767442107200623,0.5328533053398132,0.37496209144592285
YBR298C,YIL121W,0,3.3162818,0.13764241337776184,0.5328533053398132,0.3750632107257843
YFR051C,YHL033C,0,3.3162322,0.13761042058467865,0.5328533053398132,0.37516433000564575
YDL052C,YDL079C,0,3.316094,0.13757842779159546,0.5328533053398132,0.3752654492855072
YFL052W,YBR083W,1,3.3160167,0.13777880370616913,0.5337533950805664,0.3752654492855072
YNL088W,YGL044C,0,3.3155723,0.13774681091308594,0.5337533950805664,0.37536656856536865
YKL221W,YDR001C,0,3.3154535,0.13771481812000275,0.5337533950805664,0.3754676878452301
YMR068W,YNR049C,0,3.315433,0.13768284022808075,0.5337533950805664,0.37556880712509155
YNL321W,YER157W,0,3.3148932,0.13765087723731995,0.5337533950805664,0.375669926404953
YPL082C,YNL139C,1,3.3148694,0.13785101473331451,0.5346534848213196,0.375669926404953
YMR079W,YBR167C,0,3.314827,0.13781902194023132,0.5346534848213196,0.37577104568481445
YKL209C,YNL087W,0,3.314715,0.13778705894947052,0.5346534848213196,0.3758721947669983
YLR388W,YLL015W,0,3.3145528,0.13775509595870972,0.5346534848213196,0.37597331404685974
YNL152W,YGL055W,0,3.3143601,0.1377231627702713,0.5346534848213196,0.3760744333267212
YFL053W,YGR091W,0,3.314208,0.13769124448299408,0.5346534848213196,0.37617555260658264
YFL055W,YOR141C,0,3.3140516,0.13765932619571686,0.5346534848213196,0.3762766718864441
YJR035W,YNL139C,1,3.3140173,0.13785913586616516,0.5355535745620728,0.3762766718864441
YKR080W,YPR025C,0,3.313888,0.13782718777656555,0.5355535745620728,0.37637779116630554
YDL126C,YPL108W,0,3.3138456,0.13779526948928833,0.5355535745620728,0.376478910446167
YKL146W,YML033W,0,3.313685,0.1377633661031723,0.5355535745620728,0.37658002972602844
YGL054C,YOR245C,0,3.3136039,0.13773147761821747,0.5355535745620728,0.3766811490058899
YDR263C,YDL056W,1,3.3134193,0.13793103396892548,0.5364536643028259,0.3766811490058899
YDL092W,YPL249C,0,3.3132925,0.13789911568164825,0.5364536643028259,0.37678229808807373
YLR002C,YMR060C,0,3.3131604,0.13786722719669342,0.5364536643028259,0.3768834173679352
YPL164C,YGR109C,0,3.3131056,0.1378353387117386,0.5364536643028259,0.37698453664779663
YHR191C,YLR323C,1,3.3130007,0.13803468644618988,0.5373537540435791,0.37698453664779663
YHR187W,YGR256W,0,3.3128881,0.13800276815891266,0.5373537540435791,0.3770856559276581
YOR290C,YDR303C,1,3.3127909,0.1382019817829132,0.5382538437843323,0.3770856559276581
YMR293C,YDR123C,0,3.312532,0.1381700485944748,0.5382538437843323,0.37718677520751953
YDL156W,YGL077C,0,3.3124323,0.13813814520835876,0.5382538437843323,0.377287894487381
YDL168W,YBR265W,0,3.3121505,0.13810624182224274,0.5382538437843323,0.37738901376724243
YPR004C,YGL179C,0,3.312027,0.1380743533372879,0.5382538437843323,0.3774901330471039
YJL139C,YLR372W,0,3.3120165,0.13804247975349426,0.5382538437843323,0.37759125232696533
YDL188C,YOR178C,0,3.3115654,0.13801062107086182,0.5382538437843323,0.3776923716068268
YJR019C,YPL108W,0,3.3114524,0.13797877728939056,0.5382538437843323,0.3777935206890106
YOR321W,YLR003C,0,3.3114457,0.1379469484090805,0.5382538437843323,0.37789463996887207
YKL020C,YLR013W,1,3.3113527,0.13814575970172882,0.5391539335250854,0.37789463996887207
YDR184C,YGR041W,0,3.3112316,0.13811390101909637,0.5391539335250854,0.3779957592487335
YLR342W,YLR431C,0,3.3111377,0.13808207213878632,0.5391539335250854,0.37809687852859497
YJR056C,YNL097C,0,3.3111005,0.13805024325847626,0.5391539335250854,0.3781979978084564
YIL066C,YJR093C,0,3.3107495,0.1380184292793274,0.5391539335250854,0.37829911708831787
YLR132C,YNL241C,0,3.3107462,0.13798664510250092,0.5391539335250854,0.3784002363681793
YCR043C,YBR244W,0,3.3106503,0.13795486092567444,0.5391539335250854,0.37850135564804077
YCL066W,YMR045C,1,3.3103738,0.1381533443927765,0.5400540232658386,0.37850135564804077
YCR089W,YGL179C,0,3.3102612,0.13812154531478882,0.5400540232658386,0.3786024749279022
YKL120W,YKL157W,0,3.3098931,0.13808976113796234,0.5400540232658386,0.37870362401008606
YFL062W,YJR077C,0,3.3097773,0.13805797696113586,0.5400540232658386,0.3788047432899475
YGL145W,YHR178W,0,3.3095856,0.13802622258663177,0.5400540232658386,0.37890586256980896
YLR304C,YDR026C,1,3.3094273,0.13822446763515472,0.5409541130065918,0.37890586256980896
YOR140W,YHR176W,0,3.3093295,0.13819268345832825,0.5409541130065918,0.3790069818496704
YMR266W,YPR112C,0,3.3092709,0.13816091418266296,0.5409541130065918,0.37910810112953186
YGL208W,YFL034C-A,0,3.3091688,0.13812915980815887,0.5409541130065918,0.3792092204093933
YJL010C,YGL013C,0,3.308381,0.13809742033481598,0.5409541130065918,0.37931033968925476
YPL246C,YDR450W,0,3.308323,0.13806569576263428,0.5409541130065918,0.3794114589691162
YMR168C,YBL101W-B,1,3.3082972,0.13826367259025574,0.541854202747345,0.3794114589691162
YJL176C,YMR037C,1,3.3079653,0.13846154510974884,0.5427542924880981,0.3794114589691162
YML078W,YEL071W,0,3.3078532,0.13842974603176117,0.5427542924880981,0.37951257824897766
YKL071W,YNR075W,0,3.3077312,0.1383979767560959,0.5427542924880981,0.3796136975288391
YDR314C,YLR131C,1,3.3077226,0.13859568536281586,0.5436543822288513,0.3796136975288391
YLR135W,YAL009W,0,3.307592,0.13856388628482819,0.5436543822288513,0.37971484661102295
YLR406C,YER021W,0,3.3062234,0.1385321170091629,0.5436543822288513,0.3798159658908844
YPL249C-A,YER073W,0,3.3060899,0.13850034773349762,0.5436543822288513,0.37991708517074585
YLR066W,YBL101C,0,3.305636,0.13846859335899353,0.5436543822288513,0.3800182044506073
YHR042W,YEL003W,0,3.305542,0.13843685388565063,0.5436543822288513,0.38011932373046875
YIL049W,YEL042W,0,3.3054566,0.13840512931346893,0.5436543822288513,0.3802204430103302
YNR069C,YPL192C,0,3.305419,0.13837341964244843,0.5436543822288513,0.38032156229019165
YGL032C,YOR198C,0,3.3054056,0.1383417248725891,0.5436543822288513,0.3804226815700531
YKL049C,YOR140W,1,3.3053923,0.13853904604911804,0.5445544719696045,0.3804226815700531
YDR314C,YHR083W,0,3.3052497,0.13850732147693634,0.5445544719696045,0.38052380084991455
YGR033C,YNL148C,0,3.3050942,0.13847562670707703,0.5445544719696045,0.3806249499320984
YNL169C,YLL015W,0,3.3050628,0.1384439319372177,0.5445544719696045,0.38072606921195984
YKL152C,YDR180W,0,3.3050342,0.1384122669696808,0.5445544719696045,0.3808271884918213
YLR141W,YKL185W,1,3.3049145,0.13860933482646942,0.5454545617103577,0.3808271884918213
YGR209C,YKL220C,0,3.304891,0.1385776400566101,0.5454545617103577,0.38092830777168274
YKL137W,YHR050W,0,3.3046284,0.138545960187912,0.5454545617103577,0.3810294270515442
YGR132C,YIL017C,0,3.3045712,0.13851428031921387,0.5454545617103577,0.38113054633140564
YLL005C,YGL097W,0,3.3044062,0.13848263025283813,0.5454545617103577,0.3812316656112671
YGL124C,YOR188W,0,3.3041883,0.1384509950876236,0.5454545617103577,0.38133278489112854
YFL009W,YNL152W,0,3.3040853,0.13841937482357025,0.5454545617103577,0.38143390417099
YPR151C,YEL047C,0,3.3036509,0.1383877545595169,0.5454545617103577,0.38153505325317383
YDR346C,YER141W,0,3.3035612,0.13835616409778595,0.5454545617103577,0.3816361725330353
YDL207W,YMR060C,0,3.303474,0.1383245885372162,0.5454545617103577,0.38173729181289673
YDR104C,YOR141C,0,3.302894,0.13829301297664642,0.5454545617103577,0.3818384110927582
YMR268C,YDR489W,0,3.3022318,0.13826146721839905,0.5454545617103577,0.38193953037261963
YDR143C,YPR056W,0,3.3019233,0.13822992146015167,0.5454545617103577,0.3820406496524811
YMR154C,YPL046C,0,3.3016753,0.13819840550422668,0.5454545617103577,0.38214176893234253
YMR021C,YHR043C,0,3.3015132,0.1381668895483017,0.5454545617103577,0.382242888212204
YNL126W,YDR163W,0,3.3014092,0.1381354033946991,0.5454545617103577,0.38234400749206543
YOR094W,YLR003C,0,3.3010674,0.1381039172410965,0.5454545617103577,0.3824451267719269
YJL028W,YEL060C,0,3.3010278,0.13807246088981628,0.5454545617103577,0.3825462758541107
YKL018W,YHR018C,0,3.3008842,0.13804100453853607,0.5454545617103577,0.38264739513397217
YJR093C,YDR210W-A,0,3.3008642,0.13800956308841705,0.5454545617103577,0.3827485144138336
YDR488C,YPL228W,0,3.3006525,0.13797813653945923,0.5454545617103577,0.38284963369369507
YOL039W,YHR072W-A,0,3.3003583,0.1379467397928238,0.5454545617103577,0.3829507529735565
YGR038W,YOL021C,0,3.3000698,0.13791534304618835,0.5454545617103577,0.38305187225341797
YBR103W,YBR186W,0,3.299971,0.1378839612007141,0.5454545617103577,0.3831529915332794
YMR104C,YDR163W,0,3.2998533,0.13785259425640106,0.5454545617103577,0.38325411081314087
YCL010C,YML111W,0,3.2996626,0.1378212422132492,0.5454545617103577,0.3833552300930023
YOR295W,YOR122C,0,3.2994227,0.13778990507125854,0.5454545617103577,0.38345637917518616
YAL055W,YPL162C,0,3.2992182,0.13775858283042908,0.5454545617103577,0.3835574984550476
YKL107W,YPL023C,0,3.2991376,0.1377272754907608,0.5454545617103577,0.38365861773490906
YBL066C,YOR214C,0,3.2987213,0.13769598305225372,0.5454545617103577,0.3837597370147705
YLR233C,YDR162C,0,3.2983646,0.13766469061374664,0.5454545617103577,0.38386085629463196
YLR272C,YKL208W,0,3.2980452,0.13763342797756195,0.5454545617103577,0.3839619755744934
YBL099W,YLL054C,0,3.2979894,0.13760218024253845,0.5454545617103577,0.38406309485435486
YJL177W,YOR030W,0,3.2978358,0.13757094740867615,0.5454545617103577,0.3841642141342163
YDR153C,YPL037C,0,3.2977018,0.13753971457481384,0.5454545617103577,0.38426533341407776
YNL209W,YGR013W,0,3.297647,0.13750851154327393,0.5454545617103577,0.3843664824962616
YDR076W,YOR077W,1,3.2971377,0.13770417869091034,0.5463546514511108,0.3843664824962616
YCR028C-A,YMR162C,0,3.2971067,0.13767294585704803,0.5463546514511108,0.38446760177612305
YHR178W,YDL042C,1,3.2969928,0.1378684788942337,0.547254741191864,0.38446760177612305
YPL016W,YPL232W,0,3.2961445,0.1378372311592102,0.547254741191864,0.3845687210559845
YBL006C,YPL012W,0,3.2956352,0.1378059834241867,0.547254741191864,0.38466984033584595
YER183C,YLR341W,0,3.2955914,0.1377747505903244,0.547254741191864,0.3847709596157074
YHR124W,YNR046W,0,3.2954164,0.13774354755878448,0.547254741191864,0.38487207889556885
YIR034C,YFR028C,0,3.29494,0.13771234452724457,0.547254741191864,0.3849731981754303
YOR307C,YDR394W,0,3.2947645,0.13768115639686584,0.547254741191864,0.38507431745529175
YNR056C,YDR540C,0,3.2946272,0.13764998316764832,0.547254741191864,0.3851754367351532
YIL016W,YJR077C,0,3.2945075,0.13761882483959198,0.547254741191864,0.38527655601501465
YDR314C,YNR039C,0,3.294189,0.13758769631385803,0.547254741191864,0.3853777050971985
YBL040C,YOR100C,0,3.2937083,0.13755656778812408,0.547254741191864,0.38547882437705994
YOL039W,YCR089W,0,3.2936773,0.13752545416355133,0.547254741191864,0.3855799436569214
YDR202C,YER118C,0,3.2935972,0.13749434053897858,0.547254741191864,0.38568106293678284
YOR304W,YHR084W,1,3.2929325,0.13768935203552246,0.5481548309326172,0.38568106293678284
YKL220C,YCR003W,0,3.292696,0.1376582235097885,0.5481548309326172,0.3857821822166443
YLL004W,YOL089C,1,3.2924604,0.13785310089588165,0.5490549206733704,0.3857821822166443
YML046W,YNL197C,0,3.2922196,0.1378219574689865,0.5490549206733704,0.38588330149650574
YLR138W,YDR119W,0,3.2920074,0.13779082894325256,0.5490549206733704,0.3859844207763672
YKL049C,YJL056C,1,3.2919388,0.13798554241657257,0.5499550104141235,0.3859844207763672
YBL050W,YOL113W,0,3.2918053,0.13795438408851624,0.5499550104141235,0.38608554005622864
YBR302C,YDR143C,0,3.2916937,0.1379232555627823,0.5499550104141235,0.3861866593360901
YIL105C,YJR077C,0,3.2915196,0.13789212703704834,0.5499550104141235,0.3862878084182739
YPL268W,YHR007C,0,3.2913074,0.13786101341247559,0.5499550104141235,0.3863889276981354
YML114C,YDR489W,0,3.2903247,0.13782991468906403,0.5499550104141235,0.3864900469779968
YPL170W,YNL014W,0,3.290142,0.13779883086681366,0.5499550104141235,0.3865911662578583
YIR033W,YKL055C,0,3.2898045,0.1377677619457245,0.5499550104141235,0.3866922855377197
YOL067C,YMR016C,1,3.289505,0.13796213269233704,0.5508551001548767,0.3866922855377197
YDL020C,YDR354W,0,3.2892718,0.13793103396892548,0.5508551001548767,0.3867934048175812
YOR035C,YER001W,0,3.2887802,0.1378999501466751,0.5508551001548767,0.3868945240974426
YKL092C,YNL241C,0,3.288693,0.13786889612674713,0.5508551001548767,0.3869956433773041
YPL066W,YLR449W,0,3.2886791,0.13783784210681915,0.5508551001548767,0.3870967626571655
YER069W,YNL305C,0,3.2885828,0.13780680298805237,0.5508551001548767,0.387197881937027
YNL067W,YGL254W,0,3.2885146,0.13777577877044678,0.5508551001548767,0.3872990310192108
YBR089C-A,YDR253C,1,3.288486,0.13796983659267426,0.5517551898956299,0.3872990310192108
YER069W,YMR283C,0,3.288455,0.13793879747390747,0.5517551898956299,0.38740015029907227
YKL071W,YJR077C,0,3.288321,0.13790775835514069,0.5517551898956299,0.3875012695789337
YLR262C,YPL003W,0,3.2883034,0.1378767490386963,0.5517551898956299,0.38760238885879517
YAR071W,YLR431C,0,3.2880392,0.1378457397222519,0.5517551898956299,0.3877035081386566
YOR003W,YOR088W,0,3.2879786,0.1378147453069687,0.5517551898956299,0.38780462741851807
YHL033C,YMR154C,0,3.2876706,0.13778376579284668,0.5517551898956299,0.3879057466983795
YDL226C,YKL193C,0,3.2874813,0.13775281608104706,0.5517551898956299,0.38800686597824097
YJL122W,YER075C,0,3.2872562,0.13772186636924744,0.5517551898956299,0.3881079852581024
YOL041C,YBR044C,0,3.2869992,0.137690931558609,0.5517551898956299,0.38820913434028625
YDR097C,YGR183C,0,3.2868867,0.13766001164913177,0.5517551898956299,0.3883102536201477
YOR190W,YDR237W,0,3.286759,0.13762909173965454,0.5517551898956299,0.38841137290000916
YER058W,YOR083W,0,3.2862177,0.1375982016324997,0.5517551898956299,0.3885124921798706
YKR086W,YGR284C,0,3.2859082,0.13756732642650604,0.5517551898956299,0.38861361145973206
YMR092C,YIL122W,0,3.2857728,0.13753646612167358,0.5517551898956299,0.3887147307395935
YML130C,YNL222W,0,3.285603,0.13750560581684113,0.5517551898956299,0.38881585001945496
YFR046C,YGL029W,0,3.2855597,0.13747477531433105,0.5517551898956299,0.3889169692993164
YDL181W,YDL126C,0,3.2854967,0.13744394481182098,0.5517551898956299,0.38901808857917786
YPL016W,YAL014C,0,3.285478,0.1374131292104721,0.5517551898956299,0.3891192376613617
YLR116W,YLR002C,0,3.2853847,0.13738234341144562,0.5517551898956299,0.38922035694122314
YEL055C,YGR140W,1,3.2852259,0.13757562637329102,0.5526552796363831,0.38922035694122314
YPL212C,YNL305C,0,3.285182,0.13754479587078094,0.5526552796363831,0.3893214762210846
YBR265W,YLL042C,0,3.2851539,0.13751399517059326,0.5526552796363831,0.38942259550094604
YDR485C,YOL049W,0,3.2849922,0.13748320937156677,0.5526552796363831,0.3895237147808075
YLR310C,YNL035C,0,3.2848368,0.13745242357254028,0.5526552796363831,0.38962483406066895
YJR064W,YDL104C,0,3.2845883,0.13742166757583618,0.5526552796363831,0.3897259533405304
YNL088W,YPR019W,1,3.2843323,0.1376146823167801,0.5535553693771362,0.3897259533405304
YDR462W,YHR102W,0,3.2842865,0.1375838965177536,0.5535553693771362,0.38982707262039185
YNR073C,YLL052C,0,3.2841616,0.1375531256198883,0.5535553693771362,0.3899281919002533
YMR263W,YPR066W,0,3.2840915,0.137522354722023,0.5535553693771362,0.39002931118011475
YJL111W,YNR049C,0,3.2840629,0.1374916136264801,0.5535553693771362,0.3901304602622986
YPL132W,YFL052W,0,3.2832875,0.1374608874320984,0.5535553693771362,0.39023157954216003
YLL032C,YLR066W,0,3.2830415,0.13743016123771667,0.5535553693771362,0.3903326988220215
YDR452W,YFR055W,0,3.283008,0.13739946484565735,0.5535553693771362,0.39043381810188293
YGL160W,YHR019C,0,3.2828794,0.13736876845359802,0.5535553693771362,0.3905349373817444
YOR312C,YOR005C,0,3.2822766,0.13733810186386108,0.5535553693771362,0.39063605666160583
YGL208W,YDR208W,0,3.2820935,0.13730743527412415,0.5535553693771362,0.3907371759414673
YDR519W,YDR119W,0,3.2818804,0.1372767835855484,0.5535553693771362,0.39083829522132874
YDR334W,YER040W,1,3.2818642,0.1374693214893341,0.5544554591178894,0.39083829522132874
YNR069C,YMR244C-A,0,3.2818136,0.13743863999843597,0.5544554591178894,0.3909394145011902
YLR157C-A,YLR369W,0,3.281806,0.13740798830986023,0.5544554591178894,0.391040563583374
YIL127C,YMR244C-A,0,3.2815804,0.13737733662128448,0.5544554591178894,0.3911416828632355
YJL204C,YOR125C,0,3.2815742,0.13734671473503113,0.5544554591178894,0.3912428021430969
YJL099W,YMR309C,0,3.2815304,0.13731609284877777,0.5544554591178894,0.3913439214229584
YGL254W,YBR087W,1,3.2812982,0.137508362531662,0.5553555488586426,0.3913439214229584
YIL121W,YPR103W,0,3.281251,0.13747772574424744,0.5553555488586426,0.3914450407028198
YOR173W,YDR382W,0,3.2810163,0.13744708895683289,0.5553555488586426,0.3915461599826813
YCL033C,YLR449W,0,3.2803888,0.13741648197174072,0.5553555488586426,0.3916472792625427
YPL047W,YOL148C,0,3.2803807,0.13738588988780975,0.5553555488586426,0.3917483985424042
YLR242C,YLR319C,0,3.2803679,0.13735529780387878,0.5553555488586426,0.3918495178222656
YGL163C,YMR078C,1,3.2801895,0.1375472992658615,0.5562556385993958,0.3918495178222656
YDL064W,YMR134W,0,3.280177,0.13751669228076935,0.5562556385993958,0.39195066690444946
YOR234C,YOR245C,0,3.2800364,0.13748610019683838,0.5562556385993958,0.3920517861843109
YBR280C,YIL122W,0,3.2798734,0.1374555230140686,0.5562556385993958,0.39215290546417236
YHR216W,YIL162W,0,3.2795753,0.13742494583129883,0.5562556385993958,0.3922540247440338
YPL236C,YDR382W,0,3.2795396,0.13739439845085144,0.5562556385993958,0.39235514402389526
YMR072W,YGR271W,1,3.2795258,0.13758613169193268,0.5571557283401489,0.39235514402389526
YCR070W,YOR245C,0,3.2794976,0.1375555545091629,0.5571557283401489,0.3924562633037567
YML126C,YHR034C,0,3.279409,0.13752499222755432,0.5571557283401489,0.39255738258361816
YGL208W,YDR480W,0,3.2793722,0.13749444484710693,0.5571557283401489,0.3926585018634796
YNL197C,YHR176W,0,3.2792401,0.13746391236782074,0.5571557283401489,0.39275962114334106
YNL003C,YDR484W,0,3.279181,0.13743339478969574,0.5571557283401489,0.3928607404232025
YIL049W,YER075C,0,3.2790713,0.13740289211273193,0.5571557283401489,0.39296188950538635
YGR195W,YPR158W-A,0,3.278926,0.13737238943576813,0.5571557283401489,0.3930630087852478
YHL001W,YMR058W,0,3.2786956,0.1373419165611267,0.5571557283401489,0.39316412806510925
YER138C,YGL131C,1,3.2786202,0.1375332772731781,0.5580558180809021,0.39316412806510925
YJR056C,YBR280C,0,3.2784061,0.1375027745962143,0.5580558180809021,0.3932652473449707
YPL152W,YML033W,0,3.2783728,0.13747228682041168,0.5580558180809021,0.39336636662483215
YJL116C,YLR233C,0,3.2783542,0.13744181394577026,0.5580558180809021,0.3934674859046936
YHR123W,YBR161W,0,3.2783294,0.13741134107112885,0.5580558180809021,0.39356860518455505
YAR050W,YJR017C,0,3.2781696,0.13738089799880981,0.5580558180809021,0.3936697244644165
YDR311W,YDR316W,0,3.2780695,0.13735046982765198,0.5580558180809021,0.39377084374427795
YDL155W,YDR488C,0,3.2776322,0.13732004165649414,0.5580558180809021,0.3938719928264618
YGR090W,YGL255W,0,3.2775946,0.1372896432876587,0.5580558180809021,0.39397311210632324
YOL006C,YBR154C,1,3.277491,0.13748063147068024,0.5589559078216553,0.39397311210632324
YKL220C,YBR139W,0,3.277286,0.1374502032995224,0.5589559078216553,0.3940742313861847
YMR214W,YOR360C,0,3.2770705,0.13741979002952576,0.5589559078216553,0.39417535066604614
YPL029W,YNL275W,0,3.2764664,0.1373893767595291,0.5589559078216553,0.3942764699459076
YPL032C,YBL005W-A,0,3.2763515,0.13735899329185486,0.5589559078216553,0.39437758922576904
YHR164C,YER028C,1,3.2763448,0.1375497579574585,0.5598559975624084,0.39437758922576904
YLR393W,YBR136W,0,3.2763424,0.13751934468746185,0.5598559975624084,0.3944787085056305
YNL082W,YPR181C,0,3.276113,0.1374889463186264,0.5598559975624084,0.39457982778549194
YIL131C,YBR104W,0,3.2757788,0.13745856285095215,0.5598559975624084,0.3946809470653534
YKL008C,YOR083W,0,3.2753181,0.1374281942844391,0.5598559975624084,0.39478206634521484
YFL052W,YGR215W,0,3.2752166,0.13739784061908722,0.5598559975624084,0.3948832154273987
YBR216C,YCL026C-A,0,3.2750316,0.13736748695373535,0.5598559975624084,0.39498433470726013
YOL115W,YOR022C,0,3.2750292,0.13733716309070587,0.5598559975624084,0.3950854539871216
YCR102C,YBL046W,0,3.2737923,0.1373068392276764,0.5598559975624084,0.39518657326698303
YIL082W-A,YHR050W,0,3.2733097,0.1372765451669693,0.5598559975624084,0.3952876925468445
YIL049W,YBR167C,0,3.27318,0.1372462511062622,0.5598559975624084,0.39538881182670593
YBL102W,YDR034C-D,0,3.2731462,0.1372159719467163,0.5598559975624084,0.3954899311065674
YOR095C,YBR039W,0,3.2731395,0.1371857076883316,0.5598559975624084,0.39559105038642883
YDR314C,YNR063W,1,3.2729301,0.13737596571445465,0.5607560873031616,0.39559105038642883
YLR336C,YCL026C-A,0,3.2725396,0.13734567165374756,0.5607560873031616,0.3956921696662903
YKR013W,YBL003C,0,3.2725105,0.13731540739536285,0.5607560873031616,0.3957933187484741
YJR043C,YKL157W,0,3.2723665,0.13728514313697815,0.5607560873031616,0.39589443802833557
YPL047W,YDR294C,0,3.2720237,0.13725490868091583,0.5607560873031616,0.395995557308197
YDL214C,YML072C,0,3.2719464,0.13722467422485352,0.5607560873031616,0.39609667658805847
YPL009C,YNL245C,0,3.2715669,0.1371944546699524,0.5607560873031616,0.3961977958679199
YMR202W,YHR107C,0,3.2715216,0.13716425001621246,0.5607560873031616,0.39629891514778137
YML058W,YOR088W,0,3.2714386,0.13713404536247253,0.5607560873031616,0.3964000344276428
YGR005C,YDR169C,1,3.271411,0.13732394576072693,0.5616561770439148,0.3964000344276428
YDL103C,YNL326C,0,3.2711987,0.1372937262058258,0.5616561770439148,0.3965011537075043
YDR394W,YGR249W,0,3.2708864,0.13726352155208588,0.5616561770439148,0.3966022729873657
YPL227C,YML121W,0,3.2707248,0.13723334670066833,0.5616561770439148,0.39670342206954956
YBR302C,YAL047C,0,3.270701,0.1372031718492508,0.5616561770439148,0.396804541349411
YBR070C,YOR367W,0,3.2706618,0.13717301189899445,0.5616561770439148,0.39690566062927246
YPL072W,YMR260C,0,3.2702045,0.1371428519487381,0.5616561770439148,0.3970067799091339
YGR271C-A,YLL015W,0,3.270012,0.13711272180080414,0.5616561770439148,0.39710789918899536
YKL092C,YBR221C,0,3.2698612,0.13708260655403137,0.5616561770439148,0.3972090184688568
YNL222W,YGR280C,0,3.2696872,0.1370524913072586,0.5616561770439148,0.39731013774871826
YOR095C,YML114C,0,3.2694707,0.13702239096164703,0.5616561770439148,0.3974112570285797
YEL063C,YIL103W,0,3.269455,0.13699232041835785,0.5616561770439148,0.39751237630844116
YHL022C,YGL099W,0,3.269412,0.13696224987506866,0.5616561770439148,0.3976134955883026
YBR186W,YCL038C,0,3.2691064,0.13693219423294067,0.5616561770439148,0.39771464467048645
YLR034C,YOR144C,0,3.2689953,0.13690215349197388,0.5616561770439148,0.3978157639503479
YBR217W,YPL008W,0,3.2689118,0.13687212765216827,0.5616561770439148,0.39791688323020935
YJL194W,YBR026C,1,3.2686324,0.13706140220165253,0.562556266784668,0.39791688323020935
YKL055C,YNL224C,0,3.2684827,0.13703134655952454,0.562556266784668,0.3980180025100708
YDL150W,YKR029C,0,3.2681155,0.13700132071971893,0.562556266784668,0.39811912178993225
YDR216W,YOL113W,0,3.2681098,0.13697129487991333,0.562556266784668,0.3982202410697937
YKR013W,YPL069C,0,3.2679653,0.13694128394126892,0.562556266784668,0.39832136034965515
YER078C,YNL225C,0,3.2676454,0.1369112879037857,0.562556266784668,0.3984224796295166
YGR161C-C,YER124C,0,3.267592,0.1368812918663025,0.562556266784668,0.39852359890937805
YGR278W,YIL157C,0,3.266954,0.13685132563114166,0.562556266784668,0.3986247479915619
YER157W,YJR088C,0,3.2667198,0.13682135939598083,0.562556266784668,0.39872586727142334
YKL096W,YJR093C,0,3.2666512,0.1367914229631424,0.562556266784668,0.3988269865512848
YPR107C,YHR072W,0,3.2661524,0.13676148653030396,0.562556266784668,0.39892810583114624
YLR340W,YLR110C,0,3.265922,0.1367315649986267,0.562556266784668,0.3990292251110077
YBR132C,YLR071C,0,3.2650805,0.13670165836811066,0.562556266784668,0.39913034439086914
YKL101W,YBR139W,0,3.2647128,0.1366717666387558,0.562556266784668,0.3992314636707306
YDL226C,YLR274W,0,3.2646246,0.13664188981056213,0.562556266784668,0.39933258295059204
YIR013C,YPL158C,0,3.2643213,0.13661202788352966,0.562556266784668,0.3994337022304535
YLL015W,YBR008C,0,3.2642884,0.1365821659564972,0.562556266784668,0.39953485131263733
YLR064W,YHR083W,0,3.2641158,0.1365523338317871,0.562556266784668,0.3996359705924988
YFR042W,YNL090W,0,3.263579,0.13652250170707703,0.562556266784668,0.39973708987236023
YKL112W,YKL139W,0,3.2634063,0.13649268448352814,0.562556266784668,0.3998382091522217
YLR013W,YGL181W,0,3.2633553,0.13646288216114044,0.562556266784668,0.39993932843208313
YMR047C,YBL100W-A,0,3.2630715,0.13643309473991394,0.562556266784668,0.4000404477119446
YOL034W,YFL022C,0,3.2628279,0.13640332221984863,0.562556266784668,0.40014156699180603
YOR094W,YMR067C,0,3.2623878,0.13637354969978333,0.562556266784668,0.4002426862716675
YKL086W,YNL252C,0,3.26232,0.1363438069820404,0.562556266784668,0.40034380555152893
YMR236W,YGR166W,0,3.2622313,0.13631406426429749,0.562556266784668,0.4004449248313904
YDL132W,YHR062C,0,3.2621503,0.13628433644771576,0.562556266784668,0.4005460739135742
YPR020W,YGR249W,0,3.2620935,0.13625463843345642,0.562556266784668,0.40064719319343567
YOR128C,YOR073W,0,3.261426,0.13622494041919708,0.562556266784668,0.4007483124732971
YIL127C,YOR007C,0,3.2613425,0.13619524240493774,0.562556266784668,0.40084943175315857
YOR100C,YOL075C,0,3.2613292,0.1361655741930008,0.562556266784668,0.40095055103302
YER074W-A,YNL093W,0,3.2611318,0.13613592088222504,0.562556266784668,0.40105167031288147
YER111C,YOR217W,1,3.2611203,0.13632404804229736,0.5634563565254211,0.40105167031288147
YLR166C,YDR198C,0,3.2610598,0.13629436492919922,0.5634563565254211,0.4011527895927429
YGR125W,YNL279W,0,3.2610207,0.13626469671726227,0.5634563565254211,0.40125390887260437
YGR056W,YGR067C,1,3.2608309,0.13645265996456146,0.5643564462661743,0.40125390887260437
YAL005C,YMR323W,0,3.2607589,0.13642297685146332,0.5643564462661743,0.4013550281524658
YJR105W,YDL058W,0,3.2605853,0.13639329373836517,0.5643564462661743,0.40145617723464966
YCR079W,YOR295W,0,3.26011,0.13636364042758942,0.5643564462661743,0.4015572965145111
YOR284W,YGL175C,0,3.2598877,0.13633398711681366,0.5643564462661743,0.40165841579437256
YER141W,YOR295W,0,3.2598186,0.1363043487071991,0.5643564462661743,0.401759535074234
YPL248C,YLR013W,1,3.259626,0.1364920735359192,0.5652565360069275,0.401759535074234
YBR258C,YCR048W,0,3.2590604,0.13646240532398224,0.5652565360069275,0.40186065435409546
YMR236W,YLR398C,1,3.2586403,0.13665001094341278,0.5661566257476807,0.40186065435409546
YKR098C,YPR056W,0,3.258442,0.13662032783031464,0.5661566257476807,0.4019617736339569
YNL275W,YJR067C,0,3.2584233,0.13659065961837769,0.5661566257476807,0.40206289291381836
YGR247W,YBR021W,0,3.258286,0.13656100630760193,0.5661566257476807,0.4021640121936798
YNL186W,YPL232W,0,3.2581553,0.13653136789798737,0.5661566257476807,0.40226513147354126
YEL046C,YOR295W,0,3.2577338,0.1365017294883728,0.5661566257476807,0.4023662507534027
YDL178W,YIL082W-A,0,3.2576118,0.13647212088108063,0.5661566257476807,0.40246739983558655
YIL127C,YGL145W,0,3.257153,0.13644251227378845,0.5661566257476807,0.402568519115448
YLR144C,YJL099W,0,3.25674,0.13641291856765747,0.5661566257476807,0.40266963839530945
YKL049C,YLR319C,0,3.2567015,0.13638335466384888,0.5661566257476807,0.4027707576751709
YGL124C,YJR113C,0,3.2564416,0.1363537758588791,0.5661566257476807,0.40287187695503235
YMR288W,YDL174C,0,3.2561898,0.1363242268562317,0.5661566257476807,0.4029729962348938
YML110C,YCR008W,0,3.2561073,0.13629469275474548,0.5661566257476807,0.40307411551475525
YBR103W,YPR185W,0,3.2561064,0.13626515865325928,0.5661566257476807,0.4031752347946167
YHL022C,YBL018C,0,3.2560134,0.13623565435409546,0.5661566257476807,0.40327635407447815
YNR063W,YDR264C,0,3.2557402,0.13620615005493164,0.5661566257476807,0.403377503156662
YNL272C,YGL175C,0,3.255681,0.13617666065692902,0.5661566257476807,0.40347862243652344
YBR200W,YDR291W,0,3.2554564,0.13614718616008759,0.5661566257476807,0.4035797417163849
YJL113W,YKL185W,1,3.2552295,0.1363341212272644,0.5670567154884338,0.4035797417163849
YBR009C,YDR520C,1,3.2551699,0.13652098178863525,0.567956805229187,0.4035797417163849
YGL124C,YML024W,0,3.2548451,0.13649146258831024,0.567956805229187,0.40368086099624634
YCR040W,YCR018C,1,3.2548213,0.13667820394039154,0.5688568949699402,0.40368086099624634
YML076C,YOL089C,1,3.2544765,0.13686487078666687,0.5697569847106934,0.40368086099624634
YNL047C,YLR117C,0,3.254169,0.1368352770805359,0.5697569847106934,0.4037819802761078
YDR266C,YLR117C,0,3.2537756,0.1368056982755661,0.5697569847106934,0.40388309955596924
YLR424W,YOR073W,0,3.2537313,0.1367761492729187,0.5697569847106934,0.4039842188358307
YPL009C,YPL266W,0,3.253593,0.1367466002702713,0.5697569847106934,0.40408533811569214
YHR188C,YBR229C,0,3.2532053,0.1367170661687851,0.5697569847106934,0.4041864573955536
YNR054C,YLL042C,0,3.2531948,0.13668754696846008,0.5697569847106934,0.4042876064777374
YMR293C,YNL272C,0,3.2531128,0.13665802776813507,0.5697569847106934,0.4043887257575989
YNL064C,YKL163W,0,3.2527146,0.13662853837013245,0.5697569847106934,0.4044898450374603
YLR332W,YJR056C,0,3.2527094,0.13659904897212982,0.5697569847106934,0.4045909643173218
YKL211C,YNL058C,0,3.2526894,0.1365695744752884,0.5697569847106934,0.4046920835971832
YPR158W-A,YHR026W,0,3.2522068,0.13654011487960815,0.5697569847106934,0.4047932028770447
YAR050W,YCR089W,0,3.2517462,0.1365106701850891,0.5697569847106934,0.40489432215690613
YER054C,YOR368W,0,3.2516775,0.13648124039173126,0.5697569847106934,0.4049954414367676
YML069W,YGR231C,0,3.2516365,0.1364518254995346,0.5697569847106934,0.40509656071662903
YPL032C,YOR255W,0,3.2514052,0.13642241060733795,0.5697569847106934,0.4051976799964905
YLR128W,YMR121C,0,3.2511826,0.13639302551746368,0.5697569847106934,0.4052988290786743
YGR163W,YPL192C,0,3.2510061,0.13636364042758942,0.5697569847106934,0.40539994835853577
YDL002C,YPL249C-A,0,3.2508202,0.13633427023887634,0.5697569847106934,0.4055010676383972
YKR045C,YGR067C,0,3.2506604,0.13630491495132446,0.5697569847106934,0.40560218691825867
YOR149C,YOR064C,0,3.2505617,0.13627555966377258,0.5697569847106934,0.4057033061981201
YGR198W,YLL005C,0,3.2503686,0.1362462341785431,0.5697569847106934,0.40580442547798157
YDR322C-A,YDR208W,0,3.250309,0.1362169086933136,0.5697569847106934,0.405905544757843
YDR452W,YLR148W,0,3.2502027,0.1361876130104065,0.5697569847106934,0.40600666403770447
YLR210W,YKL216W,0,3.2498627,0.1361583173274994,0.5697569847106934,0.4061077833175659
YER118C,YGR041W,0,3.2494888,0.13612903654575348,0.5697569847106934,0.40620893239974976
YLR051C,YNL047C,0,3.2492228,0.13609977066516876,0.5697569847106934,0.4063100516796112
YDL168W,YPR201W,0,3.2490602,0.13607050478458405,0.5697569847106934,0.40641117095947266
YGR209C,YMR154C,0,3.2485275,0.13604126870632172,0.5697569847106934,0.4065122902393341
YAR008W,YNL305C,0,3.248455,0.1360120326280594,0.5697569847106934,0.40661340951919556
YOR118W,YDR099W,0,3.2481546,0.13598281145095825,0.5697569847106934,0.406714528799057
YDR522C,YOR073W,0,3.247943,0.1359536051750183,0.5697569847106934,0.40681564807891846
YGL244W,YJR027W,1,3.2477427,0.1361391395330429,0.5706570744514465,0.40681564807891846
YKL049C,YPL128C,1,3.2477283,0.13632459938526154,0.5715571641921997,0.40681564807891846
YER065C,YNL116W,0,3.2476392,0.136295348405838,0.5715571641921997,0.4069167673587799
YMR161W,YCR024C-A,0,3.247439,0.1362660974264145,0.5715571641921997,0.40701788663864136
YHR123W,YOR214C,0,3.2473001,0.13623686134815216,0.5715571641921997,0.4071190357208252
YOR229W,YBL019W,1,3.2472134,0.13642214238643646,0.5724572539329529,0.4071190357208252
YNL064C,YIL066C,0,3.247026,0.13639287650585175,0.5724572539329529,0.40722015500068665
YDR291W,YER074W-A,0,3.2469807,0.13636364042758942,0.5724572539329529,0.4073212742805481
YDR261C-C,YKL216W,0,3.2469654,0.1363344043493271,0.5724572539329529,0.40742239356040955
YPL236C,YDR266C,0,3.246889,0.13630518317222595,0.5724572539329529,0.407523512840271
YHR216W,YPL246C,0,3.2468305,0.136275976896286,0.5724572539329529,0.40762463212013245
YPL230W,YOR133W,0,3.246644,0.13624678552150726,0.5724572539329529,0.4077257513999939
YER063W,YJR035W,1,3.2463388,0.13643178343772888,0.573357343673706,0.4077257513999939
YIL127C,YNL264C,0,3.2462635,0.13640256226062775,0.573357343673706,0.40782687067985535
YFL016C,YHR166C,0,3.2462573,0.136373370885849,0.573357343673706,0.4079279899597168
YGL124C,YER054C,0,3.2461061,0.13634417951107025,0.573357343673706,0.40802910923957825
YBR258C,YDR432W,0,3.2459645,0.1363150030374527,0.573357343673706,0.4081302583217621
YER039C,YCR073C,0,3.2459154,0.13628584146499634,0.573357343673706,0.40823137760162354
YDR408C,YDR522C,0,3.2457886,0.13625667989253998,0.573357343673706,0.408332496881485
YJL042W,YOR361C,0,3.2454925,0.136227548122406,0.573357343673706,0.40843361616134644
YKL220C,YHR072W-A,0,3.2454505,0.13619841635227203,0.573357343673706,0.4085347354412079
YKL209C,YDR307W,0,3.2450204,0.13616929948329926,0.573357343673706,0.40863585472106934
YMR214W,YGL254W,0,3.2448568,0.13614019751548767,0.573357343673706,0.4087369740009308
YBR152W,YGR140W,0,3.2447314,0.13611111044883728,0.573357343673706,0.40883809328079224
YOL006C,YOR255W,0,3.2446365,0.13608203828334808,0.573357343673706,0.4089392125606537
YGL023C,YCR073C,0,3.2445683,0.1360529661178589,0.573357343673706,0.4090403616428375
YJL151C,YFL034C-A,0,3.2444549,0.13602390885353088,0.573357343673706,0.409141480922699
YGR013W,YPR056W,0,3.2442665,0.13599488139152527,0.573357343673706,0.4092426002025604
YFL052W,YJL074C,1,3.2441044,0.13617929816246033,0.5742574334144592,0.4092426002025604
YIL091C,YHR065C,0,3.2440133,0.13615024089813232,0.5742574334144592,0.4093437194824219
YIL072W,YIL131C,1,3.2439728,0.13633453845977783,0.5751575231552124,0.4093437194824219
YLR405W,YGL038C,0,3.2436848,0.13630546629428864,0.5751575231552124,0.4094448387622833
YMR288W,YFL008W,0,3.243559,0.13627639412879944,0.5751575231552124,0.4095459580421448
YGL035C,YDL102W,1,3.2435398,0.1364605575799942,0.5760576128959656,0.4095459580421448
YLR388W,YNL083W,0,3.2435164,0.1364314705133438,0.5760576128959656,0.4096470773220062
YGR183C,YDR480W,0,3.2435012,0.13640238344669342,0.5760576128959656,0.4097481966018677
YAR050W,YLL036C,0,3.2432327,0.13637332618236542,0.5760576128959656,0.4098493158817291
YCR102C,YBR083W,0,3.243156,0.13634426891803741,0.5760576128959656,0.4099504351615906
YGL099W,YNL224C,0,3.2430954,0.1363152265548706,0.5760576128959656,0.4100515842437744
YEL046C,YDL222C,0,3.2423306,0.136286199092865,0.5760576128959656,0.41015270352363586
YGR048W,YOR003W,0,3.242107,0.13625718653202057,0.5760576128959656,0.4102538228034973
YML111W,YIR010W,0,3.2416315,0.13622818887233734,0.5760576128959656,0.41035494208335876
YMR067C,YDL191W,0,3.2416105,0.1361991912126541,0.5760576128959656,0.4104560613632202
YGR125W,YAL047C,0,3.240819,0.13617020845413208,0.5760576128959656,0.41055718064308167
YPR164W,YER166W,0,3.240429,0.13614124059677124,0.5760576128959656,0.4106582999229431
YOR234C,YMR052W,0,3.2401323,0.1361122876405716,0.5760576128959656,0.41075941920280457
YLR424W,YML010W,0,3.2399073,0.13608334958553314,0.5760576128959656,0.410860538482666
YLR373C,YKL045W,1,3.239893,0.13626700639724731,0.5769577026367188,0.410860538482666
YDL170W,YOR380W,1,3.2398543,0.13645058870315552,0.5778577923774719,0.410860538482666
YPL190C,YOR003W,0,3.2398477,0.1364215910434723,0.5778577923774719,0.41096168756484985
YHL009C,YCR070W,0,3.2398152,0.13639260828495026,0.5778577923774719,0.4110628068447113
YHR072W-A,YNL265C,0,3.239499,0.13636364042758942,0.5778577923774719,0.41116392612457275
YMR068W,YER058W,0,3.2394881,0.13633467257022858,0.5778577923774719,0.4112650454044342
YGR249W,YOR303W,0,3.2394533,0.13630573451519012,0.5778577923774719,0.41136616468429565
YPR101W,YBR057C,0,3.2391696,0.13627679646015167,0.5778577923774719,0.4114672839641571
YBR203W,YBR106W,0,3.2390375,0.13624787330627441,0.5778577923774719,0.41156840324401855
YNL126W,YER004W,0,3.2389321,0.13621896505355835,0.5778577923774719,0.41166952252388
YGR059W,YHR143W-A,0,3.2382274,0.13619007170200348,0.5778577923774719,0.41177064180374146
YKL049C,YJL010C,0,3.2378588,0.1361611932516098,0.5778577923774719,0.4118717908859253
YDR182W,YGL208W,0,3.2376647,0.13613231480121613,0.5778577923774719,0.41197291016578674
YOR304W,YER160C,1,3.237473,0.1363154500722885,0.5787578821182251,0.41197291016578674
YGL125W,YJR161C,0,3.2374644,0.13628655672073364,0.5787578821182251,0.4120740294456482
YPL152W,YMR161W,0,3.2368617,0.13625767827033997,0.5787578821182251,0.41217514872550964
YBR018C,YDR163W,0,3.2365608,0.13622881472110748,0.5787578821182251,0.4122762680053711
YGR090W,YJR044C,0,3.2364836,0.136199951171875,0.5787578821182251,0.41237738728523254
YPL170W,YPL162C,0,3.2360454,0.1361711174249649,0.5787578821182251,0.412478506565094
YCL045C,YCR088W,0,3.2359157,0.1361422836780548,0.5787578821182251,0.41257962584495544
YBR235W,YML121W,0,3.235886,0.1361134648323059,0.5787578821182251,0.4126807451248169
YDR506C,YER026C,0,3.2358704,0.1360846608877182,0.5787578821182251,0.41278186440467834
YJR088C,YDR208W,0,3.235858,0.1360558569431305,0.5787578821182251,0.4128830134868622
YLL036C,YJR129C,0,3.2358346,0.13602708280086517,0.5787578821182251,0.41298413276672363
YDR191W,YMR231W,0,3.235649,0.13599830865859985,0.5787578821182251,0.4130852520465851
YOL017W,YJR077C,0,3.2356071,0.13596954941749573,0.5787578821182251,0.41318637132644653
YDR073W,YOL146W,0,3.235301,0.1359408050775528,0.5787578821182251,0.413287490606308
YPL008W,YOR368W,1,3.2350702,0.1361234337091446,0.5796579718589783,0.413287490606308
YIL117C,YMR202W,0,3.235013,0.13609467446804047,0.5796579718589783,0.41338860988616943
YOL034W,YOR171C,0,3.2347755,0.13606591522693634,0.5796579718589783,0.4134897291660309
YKR067W,YGR048W,0,3.2347155,0.1360371708869934,0.5796579718589783,0.41359084844589233
YMR199W,YGR206W,0,3.2345839,0.13600844144821167,0.5796579718589783,0.4136919677257538
YGR087C,YOL130W,0,3.2345753,0.13597972691059113,0.5796579718589783,0.4137931168079376
YIL073C,YDR291W,0,3.2342744,0.13595102727413177,0.5796579718589783,0.4138942360877991
YML078W,YNR039C,0,3.234242,0.13592232763767242,0.5796579718589783,0.4139953553676605
YNL090W,YGL245W,0,3.2342386,0.13589364290237427,0.5796579718589783,0.414096474647522
YGR121C,YGL054C,0,3.234016,0.1358649730682373,0.5796579718589783,0.4141975939273834
YJL116C,YDR119W,0,3.2339187,0.13583631813526154,0.5796579718589783,0.4142987132072449
YPL246C,YFR046C,0,3.2335916,0.13580767810344696,0.5796579718589783,0.4143998324871063
YLR116W,YDR480W,0,3.2334318,0.13577903807163239,0.5796579718589783,0.4145009517669678
YLR406C,YHR124W,0,3.2332935,0.1357504278421402,0.5796579718589783,0.4146020710468292
YIL041W,YDR540C,0,3.2332058,0.135721817612648,0.5796579718589783,0.41470322012901306
YKL113C,YNL083W,0,3.2331648,0.13569322228431702,0.5796579718589783,0.4148043394088745
YLR086W,YOR077W,1,3.2327194,0.13587528467178345,0.5805580615997314,0.4148043394088745
YPR094W,YML033W,0,3.2326741,0.13584667444229126,0.5805580615997314,0.41490545868873596
YFL024C,YPL023C,0,3.2322664,0.13581806421279907,0.5805580615997314,0.4150065779685974
YNL082W,YDL042C,1,3.231627,0.13600000739097595,0.5814581513404846,0.4150065779685974
YDR485C,YBL005W-A,0,3.2315612,0.13597136735916138,0.5814581513404846,0.41510769724845886
YML114C,YPR075C,0,3.231328,0.1359427571296692,0.5814581513404846,0.4152088165283203
YDL126C,YIR021W,0,3.2311397,0.1359141618013382,0.5814581513404846,0.41530993580818176
YKR022C,YJL091C,0,3.2310753,0.1358855664730072,0.5814581513404846,0.4154110550880432
YKR013W,YBL046W,0,3.2310357,0.1358569860458374,0.5814581513404846,0.41551217436790466
YHR094C,YKL055C,0,3.2310019,0.1358284205198288,0.5814581513404846,0.4156132936477661
YGR231C,YGL077C,0,3.2308078,0.13579986989498138,0.5814581513404846,0.41571444272994995
YDR451C,YHR214C-B,1,3.230535,0.1359815001487732,0.5823582410812378,0.41571444272994995
YJL010C,YOR141C,0,3.2298155,0.1359529346227646,0.5823582410812378,0.4158155620098114
YJL139C,YBR039W,0,3.22972,0.13592436909675598,0.5823582410812378,0.41591668128967285
YGL184C,YBR201W,0,3.2290177,0.13589581847190857,0.5823582410812378,0.4160178005695343
YHL002W,YJL118W,0,3.2289352,0.13586728274822235,0.5823582410812378,0.41611891984939575
YER039C,YNL270C,0,3.2286792,0.13583876192569733,0.5823582410812378,0.4162200391292572
YKL107W,YDR153C,0,3.2285733,0.1358102411031723,0.5823582410812378,0.41632115840911865
YPL211W,YHR134W,0,3.2285519,0.13578173518180847,0.5823582410812378,0.4164222776889801
YIL131C,YLR089C,0,3.2276058,0.13575325906276703,0.5823582410812378,0.41652339696884155
YOL033W,YER073W,0,3.2276006,0.1357247680425644,0.5823582410812378,0.4166245460510254
YGL097W,YML121W,0,3.2275696,0.13569630682468414,0.5823582410812378,0.41672566533088684
YOR173W,YOR371C,0,3.2273316,0.1356678605079651,0.5823582410812378,0.4168267846107483
YDR462W,YIL162W,0,3.2272067,0.13563941419124603,0.5823582410812378,0.41692790389060974
YDR519W,YOL001W,0,3.2272058,0.13561098277568817,0.5823582410812378,0.4170290231704712
YGR277C,YDR538W,0,3.2269258,0.1355825662612915,0.5823582410812378,0.41713014245033264
YKL176C,YJR125C,0,3.2262602,0.13555416464805603,0.5823582410812378,0.4172312617301941
YHR124W,YCR008W,0,3.2262583,0.13552576303482056,0.5823582410812378,0.41733238101005554
YLL032C,YDL161W,0,3.2262564,0.13549737632274628,0.5823582410812378,0.417433500289917
YDR151C,YBR193C,1,3.2262301,0.13567839562892914,0.583258330821991,0.417433500289917
YJL137C,YBR083W,0,3.2255774,0.13564999401569366,0.583258330821991,0.41753461956977844
YDR206W,YJL020C,0,3.225572,0.1356215924024582,0.583258330821991,0.4176357686519623
YNL007C,YGR044C,1,3.2255645,0.1358024626970291,0.5841584205627441,0.4176357686519623
YDL079C,YOR256C,0,3.2254472,0.13577406108379364,0.5841584205627441,0.41773688793182373
YDR432W,YLL028W,0,3.2254152,0.13574565947055817,0.5841584205627441,0.4178380072116852
YER019W,YHL033C,0,3.2252703,0.1357172727584839,0.5841584205627441,0.41793912649154663
YER078C,YLR119W,0,3.2250195,0.1356889009475708,0.5841584205627441,0.4180402457714081
YML069W,YIL031W,0,3.2249432,0.13566052913665771,0.5841584205627441,0.41814136505126953
YHR112C,YIR008C,0,3.2245936,0.13563218712806702,0.5841584205627441,0.418242484331131
YPL164C,YGL125W,0,3.2244687,0.13560384511947632,0.5841584205627441,0.41834360361099243
YPR094W,YOL089C,0,3.2244458,0.13557551801204681,0.5841584205627441,0.4184447228908539
YCR106W,YJL173C,1,3.2244406,0.13575606048107147,0.5850585103034973,0.4184447228908539
YBR210W,YAR071W,0,3.2235227,0.13572770357131958,0.5850585103034973,0.4185458719730377
YOR125C,YML014W,0,3.2232852,0.13569937646389008,0.5850585103034973,0.41864699125289917
YPR020W,YLR226W,0,3.2230234,0.13567104935646057,0.5850585103034973,0.4187481105327606
YJL210W,YGR240C,0,3.2229853,0.13564273715019226,0.5850585103034973,0.41884922981262207
YBR216C,YNL053W,0,3.2229834,0.13561443984508514,0.5850585103034973,0.4189503490924835
YNL245C,YDL014W,0,3.2229204,0.13558614253997803,0.5850585103034973,0.41905146837234497
YOL049W,YLR341W,0,3.222693,0.1355578750371933,0.5850585103034973,0.4191525876522064
YLR226W,YMR231W,0,3.2225776,0.13552960753440857,0.5850585103034973,0.41925370693206787
YHR141C,YOR077W,0,3.2222629,0.13550135493278503,0.5850585103034973,0.4193548262119293
YGR133W,YPL266W,0,3.2220402,0.1354731172323227,0.5850585103034973,0.41945597529411316
YGL002W,YOR368W,0,3.221891,0.13544487953186035,0.5850585103034973,0.4195570945739746
YCL045C,YBR039W,0,3.2218046,0.1354166716337204,0.5850585103034973,0.41965821385383606
YHR001W,YLR117C,0,3.2217174,0.13538846373558044,0.5850585103034973,0.4197593331336975
YLR262C,YGR140W,0,3.221664,0.13536027073860168,0.5850585103034973,0.41986045241355896
YBR127C,YGR249W,0,3.2216406,0.13533207774162292,0.5850585103034973,0.4199615716934204
YIL091C,YNL087W,0,3.2212267,0.13530391454696655,0.5850585103034973,0.42006269097328186
YKL073W,YLL028W,0,3.221201,0.13527575135231018,0.5850585103034973,0.4201638102531433
YER021W,YPR112C,0,3.2211542,0.135247603058815,0.5850585103034973,0.42026492953300476
YGR132C,YJR019C,0,3.220839,0.13521946966648102,0.5850585103034973,0.4203660488128662
YPR010C,YGL254W,1,3.2205577,0.13539934158325195,0.5859586000442505,0.4203660488128662
YNL009W,YIL050W,0,3.2203584,0.13537117838859558,0.5859586000442505,0.42046719789505005
YLR205C,YMR280C,0,3.2201715,0.1353430300951004,0.5859586000442505,0.4205683171749115
YHR124W,YGL245W,0,3.22015,0.13531489670276642,0.5859586000442505,0.42066943645477295
YDR020C,YOR202W,0,3.2200456,0.13528677821159363,0.5859586000442505,0.4207705557346344
YLR057W,YEL077C,0,3.2196937,0.13525867462158203,0.5859586000442505,0.42087167501449585
YMR161W,YDR409W,0,3.2195458,0.13523057103157043,0.5859586000442505,0.4209727942943573
YHR007C,YKL220C,0,3.219493,0.13520249724388123,0.5859586000442505,0.42107391357421875
YGL145W,YFL008W,0,3.2192698,0.13517442345619202,0.5859586000442505,0.4211750328540802
YBL099W,YOR058C,0,3.219171,0.1351463496685028,0.5859586000442505,0.42127615213394165
YDL226C,YGL013C,0,3.2191682,0.135118305683136,0.5859586000442505,0.4213773012161255
YMR072W,YGL249W,1,3.2189374,0.1352977752685547,0.5868586897850037,0.4213773012161255
YLR342W,YNL058C,0,3.2188454,0.13526971638202667,0.5868586897850037,0.42147842049598694
YLR225C,YAL047C,0,3.2187066,0.13524165749549866,0.5868586897850037,0.4215795397758484
YBR236C,YGR284C,0,3.2185707,0.13521359860897064,0.5868586897850037,0.42168065905570984
YDR338C,YJL138C,0,3.2185645,0.13518556952476501,0.5868586897850037,0.4217817783355713
YGL184C,YDR206W,0,3.2183986,0.1351575404405594,0.5868586897850037,0.42188289761543274
YDR210W,YLR453C,0,3.2180028,0.13512952625751495,0.5868586897850037,0.4219840168952942
YHR123W,YNL327W,0,3.2177014,0.1351015269756317,0.5868586897850037,0.42208513617515564
YCL019W,YKR092C,0,3.217651,0.13507354259490967,0.5868586897850037,0.4221862554550171
YGR023W,YJL204C,0,3.2176127,0.13504557311534882,0.5868586897850037,0.4222874045372009
YGR215W,YMR280C,0,3.2167025,0.13501760363578796,0.5868586897850037,0.4223885238170624
YIR028W,YLR449W,0,3.2165613,0.1349896490573883,0.5868586897850037,0.42248964309692383
YOR321W,YMR154C,0,3.2163892,0.13496170938014984,0.5868586897850037,0.4225907623767853
YMR202W,YPR079W,0,3.216385,0.13493376970291138,0.5868586897850037,0.42269188165664673
YDR522C,YMR244C-A,0,3.2161775,0.1349058598279953,0.5868586897850037,0.4227930009365082
YPL016W,YLR210W,0,3.2161646,0.13487794995307922,0.5868586897850037,0.42289412021636963
YDR506C,YIL015W,0,3.2153034,0.13485005497932434,0.5868586897850037,0.4229952394962311
YHL009C,YJL204C,0,3.2152019,0.13482216000556946,0.5868586897850037,0.42309635877609253
YOR229W,YMR135C,0,3.2151694,0.13479429483413696,0.5868586897850037,0.423197478055954
YGR028W,YNL082W,0,3.2151637,0.13476642966270447,0.5868586897850037,0.4232986271381378
YHR072W-A,YLR449W,0,3.2145872,0.13473857939243317,0.5868586897850037,0.42339974641799927
YFL034C-A,YGR163W,0,3.21426,0.13471074402332306,0.5868586897850037,0.4235008656978607
YBR298C,YGL065C,0,3.2141743,0.13468292355537415,0.5868586897850037,0.42360198497772217
YDR142C,YJL115W,0,3.2141414,0.13465510308742523,0.5868586897850037,0.4237031042575836
YDR017C,YGR166W,0,3.2140865,0.1346272975206375,0.5868586897850037,0.42380422353744507
YML025C,YDR488C,0,3.2138786,0.134599506855011,0.5868586897850037,0.4239053428173065
YDR314C,YMR092C,0,3.2137685,0.13457171618938446,0.5868586897850037,0.42400646209716797
YFR046C,YNL053W,0,3.2134523,0.13454395532608032,0.5868586897850037,0.4241075813770294
YGL237C,YLR183C,1,3.2133803,0.1347225159406662,0.5877587795257568,0.4241075813770294
YOR354C,YLR013W,0,3.2131214,0.13469472527503967,0.5877587795257568,0.42420873045921326
YPL275W,YFL022C,0,3.2129216,0.13466693460941315,0.5877587795257568,0.4243098497390747
YJR099W,YCR033W,0,3.2128778,0.134639173746109,0.5877587795257568,0.42441096901893616
YJL204C,YMR058W,0,3.2128215,0.13461141288280487,0.5877587795257568,0.4245120882987976
YNL275W,YMR268C,0,3.2127795,0.13458368182182312,0.5877587795257568,0.42461320757865906
YKR010C,YGR198W,0,3.2126222,0.13455595076084137,0.5877587795257568,0.4247143268585205
YNL139C,YJR007W,0,3.212512,0.13452821969985962,0.5877587795257568,0.42481544613838196
YNL254C,YOL041C,0,3.2124825,0.13450051844120026,0.5877587795257568,0.4249165654182434
YHL002W,YGR227W,0,3.212409,0.1344728171825409,0.5877587795257568,0.42501768469810486
YOR115C,YDR123C,0,3.2123518,0.13444513082504272,0.5877587795257568,0.4251188337802887
YJL050W,YBR288C,0,3.2119637,0.13441745936870575,0.5877587795257568,0.42521995306015015
YML113W,YJL173C,1,3.2118683,0.1345956027507782,0.58865886926651,0.42521995306015015
YML130C,YMR277W,0,3.2117205,0.13456790149211884,0.58865886926651,0.4253210723400116
YBR102C,YGL160W,0,3.211639,0.13454021513462067,0.58865886926651,0.42542219161987305
YHL022C,YFL003C,1,3.211163,0.13471822440624237,0.5895589590072632,0.42542219161987305
YKL211C,YPL192C,0,3.2109308,0.134690523147583,0.5895589590072632,0.4255233108997345
YPR158W-A,YDL165W,0,3.2107992,0.13466282188892365,0.5895589590072632,0.42562443017959595
YFL018C,YMR268C,0,3.2107205,0.13463515043258667,0.5895589590072632,0.4257255494594574
YBR235W,YGL181W,0,3.2104526,0.1346074789762497,0.5895589590072632,0.42582666873931885
YBL066C,YOL113W,0,3.2104163,0.1345798224210739,0.5895589590072632,0.4259277880191803
YLR136C,YKL216W,0,3.2101593,0.13455218076705933,0.5895589590072632,0.42602890729904175
YML078W,YMR216C,0,3.2101521,0.13452453911304474,0.5895589590072632,0.4261300563812256
YLR304C,YER088C,1,3.2099962,0.13470226526260376,0.5904590487480164,0.4261300563812256
YMR280C,YPL008W,1,3.2098112,0.13487990200519562,0.5913591384887695,0.4261300563812256
YIL072W,YOR110W,1,3.2096262,0.1350574642419815,0.5922592282295227,0.4261300563812256
YGR278W,YIL044C,0,3.2096047,0.13502976298332214,0.5922592282295227,0.42623117566108704
YOR229W,YIL050W,0,3.2095141,0.1350020468235016,0.5922592282295227,0.4263322949409485
YMR011W,YBR236C,0,3.209199,0.13497436046600342,0.5922592282295227,0.42643341422080994
YCL030C,YPR165W,0,3.2089524,0.13494667410850525,0.5922592282295227,0.4265345335006714
YKL112W,YDL165W,0,3.2089381,0.13491900265216827,0.5922592282295227,0.42663565278053284
YOL006C,YEL003W,0,3.208601,0.1348913460969925,0.5922592282295227,0.4267367720603943
YGL121C,YLR398C,0,3.2085285,0.1348637044429779,0.5922592282295227,0.42683789134025574
YBL040C,YNL229C,0,3.2079368,0.13483606278896332,0.5922592282295227,0.4269390106201172
YER078C,YGR033C,0,3.2077718,0.13480843603610992,0.5922592282295227,0.427040159702301
YJL028W,YPL249C-A,0,3.207767,0.13478082418441772,0.5922592282295227,0.4271412789821625
YKR081C,YLR310C,0,3.2073631,0.13475322723388672,0.5922592282295227,0.4272423982620239
YPR101W,YAL047C,0,3.207121,0.1347256302833557,0.5922592282295227,0.4273435175418854
YDR394W,YLR308W,0,3.2069106,0.1346980482339859,0.5922592282295227,0.4274446368217468
YKR067W,YNL177C,0,3.2068267,0.13467048108577728,0.5922592282295227,0.4275457561016083
YNR036C,YNL093W,0,3.206458,0.13464292883872986,0.5922592282295227,0.4276468753814697
YGR195W,YDL214C,0,3.2063594,0.13461539149284363,0.5922592282295227,0.4277479946613312
YDR385W,YPL084W,0,3.2063136,0.1345878541469574,0.5922592282295227,0.4278491139411926
YGL134W,YBR204C,0,3.2061338,0.13456033170223236,0.5922592282295227,0.4279502332210541
YNL082W,YER048C,0,3.2061234,0.13453280925750732,0.5922592282295227,0.4280513823032379
YNL125C,YJL115W,0,3.205841,0.13450531661510468,0.5922592282295227,0.42815250158309937
YLR116W,YLL052C,0,3.2057843,0.13447782397270203,0.5922592282295227,0.4282536208629608
YJR152W,YHR183W,0,3.2056437,0.13445034623146057,0.5922592282295227,0.42835474014282227
YML046W,YDR264C,0,3.2054443,0.1344228833913803,0.5922592282295227,0.4284558594226837
YNL241C,YPR052C,0,3.2054234,0.13439542055130005,0.5922592282295227,0.42855697870254517
YLR071C,YER018C,0,3.2053967,0.13436798751354218,0.5922592282295227,0.4286580979824066
YGR023W,YDR043C,0,3.2052588,0.1343405544757843,0.5922592282295227,0.42875921726226807
YIL121W,YPL162C,0,3.2052178,0.13431312143802643,0.5922592282295227,0.4288603365421295
YER018C,YHR166C,0,3.2051864,0.13428571820259094,0.5922592282295227,0.42896148562431335
YOL075C,YLR003C,0,3.205011,0.13425831496715546,0.5922592282295227,0.4290626049041748
YGL134W,YDL020C,0,3.2050052,0.13423092663288116,0.5922592282295227,0.42916372418403625
YLR297W,YOL091W,0,3.204638,0.13420355319976807,0.5922592282295227,0.4292648434638977
YBL016W,YMR052W,0,3.2044888,0.13417617976665497,0.5922592282295227,0.42936596274375916
YLR272C,YDR477W,0,3.2043371,0.13414882123470306,0.5922592282295227,0.4294670820236206
YPL047W,YJR091C,0,3.2035685,0.13412147760391235,0.5922592282295227,0.42956820130348206
YDR339C,YDL010W,0,3.2033052,0.13409414887428284,0.5922592282295227,0.4296693205833435
YNR023W,YLL042C,0,3.20327,0.13406683504581451,0.5922592282295227,0.42977043986320496
YDL212W,YKL213C,0,3.2027783,0.1340395212173462,0.5922592282295227,0.4298715889453888
YPR121W,YKL221W,0,3.2027636,0.13401222229003906,0.5922592282295227,0.42997270822525024
YHR104W,YLL032C,0,3.2023911,0.13398493826389313,0.5922592282295227,0.4300738275051117
YLR278C,YPL075W,1,3.2023797,0.13416123390197754,0.5931593179702759,0.4300738275051117
YDR485C,YGR068C,0,3.2023559,0.1341339349746704,0.5931593179702759,0.43017494678497314
YLR210W,YMR305C,0,3.2022262,0.13410663604736328,0.5931593179702759,0.4302760660648346
YNL220W,YCR106W,1,3.2021441,0.13428281247615814,0.594059407711029,0.4302760660648346
YGL208W,YLR155C,0,3.201499,0.13425549864768982,0.594059407711029,0.43037718534469604
YNR012W,YOR125C,0,3.2014852,0.1342281848192215,0.594059407711029,0.4304783046245575
YBR139W,YML010W,0,3.2012753,0.13420090079307556,0.594059407711029,0.43057942390441895
YDL168W,YGR195W,0,3.200984,0.13417361676692963,0.594059407711029,0.4306805431842804
YGR271C-A,YHR003C,0,3.2009635,0.13414634764194489,0.594059407711029,0.43078166246414185
YDR294C,YOR196C,0,3.2008982,0.13411907851696014,0.594059407711029,0.4308828115463257
YLR272C,YGL160W,0,3.2008052,0.1340918391942978,0.594059407711029,0.43098393082618713
YGR033C,YIL031W,0,3.2007666,0.13406459987163544,0.594059407711029,0.4310850501060486
YGR148C,YBR298C,0,3.2005405,0.13403736054897308,0.594059407711029,0.43118616938591003
YMR283C,YHR124W,0,3.2004633,0.13401015102863312,0.594059407711029,0.4312872886657715
YIR007W,YHR007C,0,3.2004037,0.13398294150829315,0.594059407711029,0.43138840794563293
YBR044C,YFL002C,0,3.2000527,0.13395574688911438,0.594059407711029,0.4314895272254944
YLR298C,YDL153C,0,3.1995964,0.1339285671710968,0.594059407711029,0.43159064650535583
YHR034C,YCR097W,0,3.1993752,0.13390140235424042,0.594059407711029,0.4316917657852173
YOR354C,YHR102W,0,3.1993442,0.13387423753738403,0.594059407711029,0.4317929148674011
YIL103W,YJR067C,0,3.1993241,0.13384708762168884,0.594059407711029,0.4318940341472626
YLR342W,YEL060C,0,3.1991792,0.13381995260715485,0.594059407711029,0.431995153427124
YKL096W,YLR013W,0,3.199049,0.13379281759262085,0.594059407711029,0.4320962727069855
YDR322C-A,YPL030W,0,3.1985831,0.13376571238040924,0.594059407711029,0.4321973919868469
YDR155C,YNL035C,0,3.1980705,0.13373860716819763,0.594059407711029,0.4322985112667084
YNR073C,YGL043W,0,3.1978407,0.13371150195598602,0.594059407711029,0.4323996305465698
YIL049W,YNL169C,0,3.1975899,0.1336844265460968,0.594059407711029,0.4325007498264313
YHR007C,YLR368W,0,3.1975694,0.13365735113620758,0.594059407711029,0.4326018691062927
YDR294C,YIL168W,0,3.1972814,0.13363029062747955,0.594059407711029,0.43270301818847656
YHR063C,YNL058C,0,3.1971974,0.13360324501991272,0.594059407711029,0.432804137468338
YBR200W,YPR079W,0,3.1968021,0.1335761994123459,0.594059407711029,0.43290525674819946
YML111W,YLR256W,0,3.1966949,0.13354916870594025,0.594059407711029,0.4330063760280609
YIL063C,YLR089C,0,3.196621,0.1335221529006958,0.594059407711029,0.43310749530792236
YPR181C,YOR188W,0,3.1966186,0.13349515199661255,0.594059407711029,0.4332086145877838
YAR008W,YJR017C,0,3.196588,0.1334681510925293,0.594059407711029,0.43330973386764526
YBR186W,YPL066W,0,3.1961808,0.13344116508960724,0.594059407711029,0.4334108531475067
YPL008W,YJL100W,0,3.196165,0.13341419398784637,0.594059407711029,0.43351197242736816
YCL033C,YML029W,0,3.1960187,0.1333872228860855,0.594059407711029,0.4336130917072296
YGL255W,YLR069C,0,3.196012,0.13336028158664703,0.594059407711029,0.43371424078941345
YMR291W,YLR095C,0,3.1959214,0.13333334028720856,0.594059407711029,0.4338153600692749
YKR067W,YOL006C,0,3.1958928,0.13330639898777008,0.594059407711029,0.43391647934913635
YGL145W,YNR049C,0,3.1957989,0.133279487490654,0.594059407711029,0.4340175986289978
YHR183W,YPR185W,0,3.195747,0.1332525759935379,0.594059407711029,0.43411871790885925
YKL092C,YOR003W,0,3.1956787,0.133225679397583,0.594059407711029,0.4342198371887207
YCR048W,YGL153W,0,3.1956763,0.1331987828016281,0.594059407711029,0.43432095646858215
YML038C,YPL242C,0,3.1955657,0.1331719160079956,0.594059407711029,0.4344220757484436
YPR135W,YER176W,1,3.1954613,0.1333467811346054,0.5949594974517822,0.4344220757484436
YJL074C,YHR072W-A,0,3.1954074,0.1333198845386505,0.5949594974517822,0.43452319502830505
YGR278W,YIR008C,0,3.195084,0.1332930028438568,0.5949594974517822,0.4346243441104889
YDL079C,YKL160W,0,3.1948638,0.1332661360502243,0.5949594974517822,0.43472546339035034
YNL067W,YMR068W,0,3.1945338,0.1332392692565918,0.5949594974517822,0.4348265826702118
YLR310C,YOR190W,0,3.1944942,0.13321241736412048,0.5949594974517822,0.43492770195007324
YDR147W,YGR109C,0,3.1944814,0.13318558037281036,0.5949594974517822,0.4350288212299347
YIL110W,YLR421C,0,3.194334,0.13315874338150024,0.5949594974517822,0.43512994050979614
YJL028W,YDR363W,0,3.1941752,0.13313192129135132,0.5949594974517822,0.4352310597896576
YIR035C,YDR484W,0,3.1940103,0.1331051141023636,0.5949594974517822,0.43533217906951904
YOR256C,YDR255C,0,3.1939406,0.13307832181453705,0.5949594974517822,0.4354332983493805
YDL232W,YLR431C,0,3.1937056,0.1330515295267105,0.5949594974517822,0.43553441762924194
YAR050W,YPL181W,0,3.1936784,0.13302475214004517,0.5949594974517822,0.4356355667114258
YLR274W,YLR070C,0,3.1933393,0.13299798965454102,0.5949594974517822,0.43573668599128723
YLR378C,YPL181W,0,3.1933303,0.13297122716903687,0.5949594974517822,0.4358378052711487
YKR038C,YER171W,1,3.1933255,0.13314561545848846,0.5958595871925354,0.4358378052711487
YJR043C,YFL034C-A,0,3.1932168,0.13311883807182312,0.5958595871925354,0.43593892455101013
YCL066W,YKR101W,1,3.1930757,0.13329312205314636,0.5967596769332886,0.43593892455101013
YJR056C,YNL009W,0,3.1928926,0.13326632976531982,0.5967596769332886,0.4360400438308716
YBR253W,YPR066W,0,3.1928158,0.13323955237865448,0.5967596769332886,0.43614116311073303
YIL016W,YIR013C,0,3.1923175,0.13321277499198914,0.5967596769332886,0.4362422823905945
YGL131C,YLR133W,0,3.1920748,0.13318601250648499,0.5967596769332886,0.43634340167045593
YJL111W,YGR041W,0,3.1918526,0.13315926492214203,0.5967596769332886,0.4364445209503174
YNL139C,YML058W,0,3.1917005,0.13313253223896027,0.5967596769332886,0.4365456700325012
YOR371C,YOL075C,0,3.1914363,0.1331057995557785,0.5967596769332886,0.43664678931236267
YFR042W,YBL097W,0,3.1913238,0.13307908177375793,0.5967596769332886,0.4367479085922241
YPL128C,YBR106W,0,3.1912427,0.13305237889289856,0.5967596769332886,0.43684902787208557
YBR033W,YMR176W,1,3.1911364,0.13322632014751434,0.5976597666740417,0.43684902787208557
YGL086W,YBR179C,0,3.190949,0.13319960236549377,0.5976597666740417,0.436950147151947
YBR258C,YDL052C,0,3.1905737,0.1331728845834732,0.5976597666740417,0.43705126643180847
YOR258W,YPL089C,1,3.190517,0.13334670662879944,0.5985598564147949,0.43705126643180847
YOR140W,YLR178C,0,3.1903915,0.13331997394561768,0.5985598564147949,0.4371523857116699
YIL110W,YMR244C-A,0,3.1896672,0.1332932412624359,0.5985598564147949,0.43725350499153137
YIR034C,YHR188C,0,3.1896071,0.13326653838157654,0.5985598564147949,0.4373546242713928
YOL016C,YBL067C,0,3.1891518,0.13323983550071716,0.5985598564147949,0.43745577335357666
YOL091W,YKL220C,0,3.189086,0.13321314752101898,0.5985598564147949,0.4375568926334381
YOR022C,YOR295W,0,3.1888642,0.1331864595413208,0.5985598564147949,0.43765801191329956
YGR249W,YNL239W,1,3.1887903,0.13336002826690674,0.5994599461555481,0.43765801191329956
YML131W,YDR322C-A,0,3.1885142,0.13333334028720856,0.5994599461555481,0.437759131193161
YBL019W,YOR368W,1,3.1885095,0.13350680470466614,0.6003600358963013,0.437759131193161
YDL150W,YDR409W,0,3.1884918,0.13348008692264557,0.6003600358963013,0.43786025047302246
YER172C,YMR271C,0,3.187983,0.1334533840417862,0.6003600358963013,0.4379613697528839
YDR020C,YGR280C,0,3.1878738,0.13342668116092682,0.6003600358963013,0.43806248903274536
YKL113C,YER074W-A,0,3.1874557,0.13339999318122864,0.6003600358963013,0.4381636083126068
YDR143C,YPL162C,0,3.1873364,0.13337332010269165,0.6003600358963013,0.43826472759246826
YGR195W,YLR022C,0,3.1871428,0.13334666192531586,0.6003600358963013,0.4383658468723297
YMR167W,YMR067C,0,3.1867065,0.13332000374794006,0.6003600358963013,0.43846699595451355
YBR019C,YOR245C,0,3.1865053,0.13329336047172546,0.6003600358963013,0.438568115234375
YJR007W,YGL179C,0,3.185988,0.13326673209667206,0.6003600358963013,0.43866923451423645
YOR234C,YGR096W,0,3.1856756,0.13324011862277985,0.6003600358963013,0.4387703537940979
YKL152C,YBL097W,0,3.1856103,0.13321350514888763,0.6003600358963013,0.43887147307395935
YCR089W,YJL100W,0,3.1849365,0.13318690657615662,0.6003600358963013,0.4389725923538208
YIL143C,YCR097W,1,3.184883,0.13335995376110077,0.6012601256370544,0.4389725923538208
YEL042W,YFR044C,0,3.1848607,0.13333334028720856,0.6012601256370544,0.43907371163368225
YBR077C,YBL097W,0,3.1846018,0.13330672681331635,0.6012601256370544,0.4391748309135437
YNL300W,YOR178C,0,3.1845145,0.13328012824058533,0.6012601256370544,0.43927595019340515
YER011W,YML093W,0,3.184369,0.1332535445690155,0.6012601256370544,0.439377099275589
YER045C,YIR018W,1,3.184297,0.13342641294002533,0.6021602153778076,0.439377099275589
YML078W,YIL131C,0,3.1842709,0.13339979946613312,0.6021602153778076,0.43947821855545044
YML110C,YKR080W,0,3.1842422,0.1333732008934021,0.6021602153778076,0.4395793378353119
YLR110C,YGL150C,0,3.1838331,0.13334661722183228,0.6021602153778076,0.43968045711517334
YJR113C,YIR028W,0,3.1834955,0.13332004845142365,0.6021602153778076,0.4397815763950348
YOR149C,YPR082C,0,3.1834626,0.13329347968101501,0.6021602153778076,0.43988269567489624
YDR191W,YKR029C,0,3.183251,0.13326692581176758,0.6021602153778076,0.4399838149547577
YMR011W,YLR431C,0,3.1831584,0.13324038684368134,0.6021602153778076,0.44008493423461914
YDR322C-A,YPR201W,0,3.1830087,0.1332138627767563,0.6021602153778076,0.4401860535144806
YBL054W,YGR056W,1,3.18256,0.13338641822338104,0.6030603051185608,0.4401860535144806
YMR280C,YLR256W,1,3.1821914,0.13355891406536102,0.603960394859314,0.4401860535144806
YPL241C,YIL103W,0,3.1821628,0.1335323452949524,0.603960394859314,0.44028720259666443
YBR186W,YDR348C,0,3.1816015,0.13350577652454376,0.603960394859314,0.4403883218765259
YMR011W,YGR284C,0,3.1812606,0.13347920775413513,0.603960394859314,0.44048944115638733
YIL091C,YLR275W,0,3.1812196,0.1334526687860489,0.603960394859314,0.4405905604362488
YGL133W,YIL168W,0,3.1805716,0.13342612981796265,0.603960394859314,0.44069167971611023
YMR014W,YPL020C,0,3.1801457,0.1333996057510376,0.603960394859314,0.4407927989959717
YLR002C,YOR303W,0,3.180028,0.13337308168411255,0.603960394859314,0.44089391827583313
YER069W,YJR014W,0,3.1799755,0.1333465874195099,0.603960394859314,0.4409950375556946
YPL268W,YHR141C,0,3.1797495,0.13332009315490723,0.603960394859314,0.44109615683555603
YNR032W,YKL184W,0,3.179482,0.13329359889030457,0.603960394859314,0.4411972761154175
YDR123C,YMR068W,0,3.1790648,0.1332671344280243,0.603960394859314,0.4412984251976013
YIL117C,YML110C,0,3.179018,0.13324066996574402,0.603960394859314,0.44139954447746277
YKL062W,YER171W,1,3.1789622,0.13341274857521057,0.6048604846000671,0.44139954447746277
YLR132C,YLR155C,0,3.1788287,0.1333862692117691,0.6048604846000671,0.4415006637573242
YMR068W,YDR198C,0,3.1788254,0.13335978984832764,0.6048604846000671,0.44160178303718567
YPL005W,YGL032C,0,3.1783223,0.13333334028720856,0.6048604846000671,0.4417029023170471
YNL312W,YIL067C,0,3.178039,0.13330689072608948,0.6048604846000671,0.44180402159690857
YOL067C,YKL086W,1,3.1780252,0.1334787756204605,0.6057605743408203,0.44180402159690857
YNL014W,YOR125C,0,3.178012,0.13345231115818024,0.6057605743408203,0.44190514087677
YPL024W,YPR124W,0,3.1775231,0.13342584669589996,0.6057605743408203,0.44200626015663147
YBR049C,YNL082W,1,3.1772923,0.13359762728214264,0.6066606640815735,0.44200626015663147
YER069W,YBL019W,0,3.1770601,0.13357114791870117,0.6066606640815735,0.4421073794364929
YOR336W,YHR026W,0,3.1770592,0.1335446834564209,0.6066606640815735,0.44220852851867676
YBR203W,YLR081W,0,3.1770353,0.13351821899414062,0.6066606640815735,0.4423096477985382
YNL222W,YPR009W,0,3.1768823,0.13349178433418274,0.6066606640815735,0.44241076707839966
YCR102C,YBR152W,0,3.1768613,0.13346534967422485,0.6066606640815735,0.4425118863582611
YDL079C,YGR278W,0,3.1768203,0.13343892991542816,0.6066606640815735,0.44261300563812256
YBR132C,YBR215W,0,3.1767302,0.13341251015663147,0.6066606640815735,0.442714124917984
YLR071C,YIL023C,0,3.176632,0.13338610529899597,0.6066606640815735,0.44281524419784546
YLR155C,YMR309C,0,3.1764398,0.13335971534252167,0.6066606640815735,0.4429163634777069
YJL063C,YGL254W,0,3.1761265,0.13333334028720856,0.6066606640815735,0.44301748275756836
YBR253W,YER001W,0,3.1760101,0.13330696523189545,0.6066606640815735,0.4431186020374298
YDR194C,YGL038C,0,3.1758952,0.13328060507774353,0.6066606640815735,0.44321975111961365
YFR051C,YNL113W,0,3.1757421,0.1332542449235916,0.6066606640815735,0.4433208703994751
YIL015W,YKL216W,0,3.1756277,0.13322791457176208,0.6066606640815735,0.44342198967933655
YOR295W,YLR032W,1,3.175579,0.13339920341968536,0.6075607538223267,0.44342198967933655
YIL066C,YDL201W,0,3.1754923,0.13337285816669464,0.6075607538223267,0.443523108959198
YBL102W,YNL082W,0,3.175366,0.13334649801254272,0.6075607538223267,0.44362422823905945
YMR277W,YCL020W,0,3.17527,0.1333201676607132,0.6075607538223267,0.4437253475189209
YKL184W,YPL118W,0,3.1752224,0.13329383730888367,0.6075607538223267,0.44382646679878235
YOR360C,YNL087W,0,3.1751685,0.13326752185821533,0.6075607538223267,0.4439275860786438
YNL087W,YMR029C,0,3.1748362,0.1332412213087082,0.6075607538223267,0.44402870535850525
YBL097W,YOR303W,0,3.174735,0.13321492075920105,0.6075607538223267,0.4441298544406891
YGL237C,YNL312W,1,3.174542,0.13338595628738403,0.6084608435630798,0.4441298544406891
YDR259C,YFR031C,1,3.1745033,0.13355691730976105,0.609360933303833,0.4441298544406891
YNL222W,YGL187C,0,3.17449,0.13353057205677032,0.609360933303833,0.44423097372055054
YGR287C,YHR124W,0,3.1738505,0.1335042417049408,0.609360933303833,0.444332093000412
YGR121C,YER035W,0,3.1736002,0.13347791135311127,0.609360933303833,0.44443321228027344
YHR032W,YPR112C,0,3.1734285,0.13345161080360413,0.609360933303833,0.4445343315601349
YNL047C,YER074W-A,0,3.1733341,0.13342531025409698,0.609360933303833,0.44463545083999634
YJL151C,YDL122W,0,3.172371,0.13339900970458984,0.609360933303833,0.4447365701198578
YBR258C,YBR133C,0,3.1722646,0.1333727389574051,0.609360933303833,0.44483768939971924
YJL010C,YOR371C,0,3.1721368,0.13334646821022034,0.609360933303833,0.4449388086795807
YGR038W,YPL265W,0,3.1719928,0.13332019746303558,0.609360933303833,0.4450399577617645
YHR007C,YMR104C,0,3.1719666,0.13329395651817322,0.609360933303833,0.445141077041626
YBR077C,YGL013C,0,3.1718493,0.13326771557331085,0.609360933303833,0.4452421963214874
YIR021W,YMR052W,0,3.171763,0.13324148952960968,0.609360933303833,0.4453433156013489
YNL186W,YIL122W,0,3.1716352,0.1332152634859085,0.609360933303833,0.4454444348812103
YKL008C,YDL194W,0,3.1715832,0.13318906724452972,0.609360933303833,0.4455455541610718
YGL023C,YIR021W,0,3.171565,0.13316287100315094,0.609360933303833,0.4456466734409332
YHL018W,YKL065C,0,3.171381,0.13313667476177216,0.609360933303833,0.4457477927207947
YDR210W,YLL023C,0,3.1710205,0.13311049342155457,0.609360933303833,0.44584891200065613
YKR060W,YGL032C,0,3.1707478,0.13308432698249817,0.609360933303833,0.4459500312805176
YJL113W,YML061C,1,3.1703444,0.13325472176074982,0.6102610230445862,0.4459500312805176
YLR320W,YGR125W,0,3.1697464,0.13322852551937103,0.6102610230445862,0.4460511803627014
YNL222W,YJL184W,0,3.169569,0.13320235908031464,0.6102610230445862,0.44615229964256287
YKR034W,YHR214C-B,1,3.1693268,0.13337261974811554,0.6111611127853394,0.44615229964256287
YLR332W,YHR026W,0,3.1691504,0.13334642350673676,0.6111611127853394,0.4462534189224243
YKL055C,YHR043C,0,3.1691318,0.13332024216651917,0.6111611127853394,0.44635453820228577
YPL249C-A,YNL047C,0,3.1686525,0.13329407572746277,0.6111611127853394,0.4464556574821472
YNR056C,YDL222C,0,3.1684976,0.13326790928840637,0.6111611127853394,0.44655677676200867
YMR161W,YHR001W,0,3.1681328,0.13324175775051117,0.6111611127853394,0.4466578960418701
YGR140W,YDR081C,1,3.1680613,0.13341180980205536,0.6120612025260925,0.4466578960418701
YER018C,YPL190C,0,3.1680164,0.13338564336299896,0.6120612025260925,0.44675901532173157
YGL145W,YJL160C,0,3.1677623,0.13335947692394257,0.6120612025260925,0.446860134601593
YFL016C,YOR367W,0,3.1676335,0.13333334028720856,0.6120612025260925,0.44696128368377686
YDL181W,YHR102W,0,3.167479,0.13330718874931335,0.6120612025260925,0.4470624029636383
YDL232W,YGL208W,0,3.1674066,0.13328106701374054,0.6120612025260925,0.44716352224349976
YOR368W,YKL216W,0,3.167347,0.13325494527816772,0.6120612025260925,0.4472646415233612
YLL039C,YPL255W,0,3.1668868,0.1332288384437561,0.6120612025260925,0.44736576080322266
YOL017W,YDR477W,0,3.1667442,0.13320274651050568,0.6120612025260925,0.4474668800830841
YKL213C,YGR033C,0,3.1660342,0.13317665457725525,0.6120612025260925,0.44756799936294556
YGR090W,YLR136C,0,3.1658235,0.13315057754516602,0.6120612025260925,0.447669118642807
YLR336C,YDR266C,0,3.165688,0.13312451541423798,0.6120612025260925,0.44777023792266846
YDL132W,YGL013C,1,3.1654882,0.13329418003559113,0.6129612922668457,0.44777023792266846
YDR027C,YER074W-A,0,3.1652951,0.1332681030035019,0.6129612922668457,0.4478713870048523
YBL102W,YJL100W,0,3.1651416,0.13324202597141266,0.6129612922668457,0.44797250628471375
YIL031W,YJL203W,0,3.1651297,0.13321596384048462,0.6129612922668457,0.4480736255645752
YHR072W-A,YEL042W,0,3.1646929,0.13318990170955658,0.6129612922668457,0.44817474484443665
YGR249W,YOR205C,0,3.1646128,0.13316386938095093,0.6129612922668457,0.4482758641242981
YOR118W,YER169W,0,3.1643028,0.13313783705234528,0.6129612922668457,0.44837698340415955
YLR262C,YDR446W,0,3.1641912,0.13311180472373962,0.6129612922668457,0.448478102684021
YJR099W,YGR163W,0,3.16401,0.13308578729629517,0.6129612922668457,0.44857922196388245
YCR073C,YNL093W,0,3.1639237,0.1330597847700119,0.6129612922668457,0.4486803412437439
YER124C,YBR068C,0,3.1638885,0.13303379714488983,0.6129612922668457,0.44878146052360535
YLR275W,YNL279W,0,3.1638741,0.13300780951976776,0.6129612922668457,0.4488826096057892
YHR098C,YFL002C,0,3.1638193,0.13298183679580688,0.6129612922668457,0.44898372888565063
YOR178C,YOR077W,0,3.1631699,0.1329558789730072,0.6129612922668457,0.4490848481655121
YNR046W,YNL265C,0,3.1631398,0.13292992115020752,0.6129612922668457,0.44918596744537354
YBR103W,YNL222W,0,3.162778,0.13290397822856903,0.6129612922668457,0.449287086725235
YKR022C,YPL192C,0,3.1625023,0.13287805020809174,0.6129612922668457,0.44938820600509644
YBR228W,YGR284C,0,3.1624703,0.13285212218761444,0.6129612922668457,0.4494893252849579
YOL146W,YKR086W,0,3.162468,0.13282620906829834,0.6129612922668457,0.44959044456481934
YCR067C,YGR065C,0,3.1624174,0.13280031085014343,0.6129612922668457,0.4496915638446808
YPL045W,YMR277W,0,3.1623797,0.13277441263198853,0.6129612922668457,0.4497927129268646
YBR019C,YBR221C,0,3.1616611,0.132748544216156,0.6129612922668457,0.4498938322067261
YKL091C,YMR231W,0,3.1612601,0.1327226608991623,0.6129612922668457,0.4499949514865875
YDL159W,YHL013C,0,3.1612487,0.13269680738449097,0.6129612922668457,0.450096070766449
YDR058C,YLR138W,0,3.1611,0.13267095386981964,0.6129612922668457,0.4501971900463104
YGL001C,YLR148W,0,3.1610303,0.1326451152563095,0.6129612922668457,0.4502983093261719
YDR214W,YHL020C,0,3.1606555,0.13261927664279938,0.6129612922668457,0.4503994286060333
YHL020C,YOL095C,1,3.1606374,0.13278816640377045,0.6138613820075989,0.4503994286060333
YPR018W,YDL122W,0,3.1604257,0.13276231288909912,0.6138613820075989,0.4505005478858948
YBR280C,YDR480W,0,3.1603065,0.132736474275589,0.6138613820075989,0.4506016671657562
YMR288W,YNL097C,0,3.160264,0.13271065056324005,0.6138613820075989,0.4507027864456177
YGR157W,YDR171W,0,3.1600451,0.1326848268508911,0.6138613820075989,0.4508039355278015
YGR087C,YDR001C,0,3.1598787,0.13265901803970337,0.6138613820075989,0.45090505480766296
YGL131C,YER035W,0,3.1597304,0.13263320922851562,0.6138613820075989,0.4510061740875244
YNL090W,YMR280C,0,3.1597257,0.13260743021965027,0.6138613820075989,0.45110729336738586
YDL213C,YGR092W,0,3.1591768,0.1325816512107849,0.6138613820075989,0.4512084126472473
YJL204C,YIL031W,0,3.159007,0.13255587220191956,0.6138613820075989,0.45130953192710876
YCL030C,YKL055C,0,3.1588316,0.1325301229953766,0.6138613820075989,0.4514106512069702
YBR133C,YPL266W,0,3.158576,0.13250437378883362,0.6138613820075989,0.45151177048683167
YFL034C-B,YMR134W,0,3.1583018,0.13247863948345184,0.6138613820075989,0.4516128897666931
YGL156W,YAL047C,0,3.1582623,0.13245290517807007,0.6138613820075989,0.45171403884887695
YIL162W,YML014W,0,3.1582608,0.1324271857738495,0.6138613820075989,0.4518151581287384
YLR262C,YCR048W,0,3.1581845,0.1324014812707901,0.6138613820075989,0.45191627740859985
YGR023W,YIL099W,0,3.158174,0.1323757767677307,0.6138613820075989,0.4520173966884613
YMR189W,YLR398C,0,3.1581435,0.13235008716583252,0.6138613820075989,0.45211851596832275
YBR010W,YJL113W,1,3.1577387,0.13251842558383942,0.614761471748352,0.45211851596832275
YOL005C,YLR373C,1,3.157701,0.13268671929836273,0.6156615614891052,0.45211851596832275
YDR027C,YNL279W,0,3.1576176,0.13266097009181976,0.6156615614891052,0.4522196352481842
YNL245C,YLL028W,0,3.157166,0.13263525068759918,0.6156615614891052,0.45232075452804565
YJR137C,YNL254C,0,3.1571507,0.1326095312833786,0.6156615614891052,0.4524218738079071
YNL177C,YPR065W,0,3.157,0.1325838267803192,0.6156615614891052,0.45252299308776855
YKL008C,YDR258C,0,3.1569633,0.13255813717842102,0.6156615614891052,0.4526241421699524
YDR020C,YMR216C,0,3.156713,0.13253244757652283,0.6156615614891052,0.45272526144981384
YHR178W,YGR128C,0,3.1566596,0.13250677287578583,0.6156615614891052,0.4528263807296753
YJR056C,YLL039C,0,3.1562748,0.13248111307621002,0.6156615614891052,0.45292750000953674
YOR368W,YER074W-A,0,3.1562152,0.1324554681777954,0.6156615614891052,0.4530286192893982
YNL152W,YIL010W,0,3.1561804,0.1324298232793808,0.6156615614891052,0.45312973856925964
YIL041W,YJR019C,0,3.15586,0.1324041783809662,0.6156615614891052,0.4532308578491211
YIR034C,YNL252C,0,3.1554332,0.13237856328487396,0.6156615614891052,0.45333197712898254
YBR234C,YLR233C,0,3.1552224,0.13235294818878174,0.6156615614891052,0.453433096408844
YIL099W,YIL065C,0,3.1551008,0.13232733309268951,0.6156615614891052,0.45353421568870544
YGR148C,YLR369W,0,3.1549778,0.13230174779891968,0.6156615614891052,0.4536353647708893
YNR051C,YBL009W,0,3.1546803,0.13227616250514984,0.6156615614891052,0.45373648405075073
YJL209W,YBR004C,0,3.1545162,0.13225057721138,0.6156615614891052,0.4538376033306122
YDR310C,YIL056W,1,3.1542382,0.13241831958293915,0.6165616512298584,0.4538376033306122
YGR152C,YHR032W,0,3.1541839,0.1323927342891693,0.6165616512298584,0.45393872261047363
YBL025W,YLR357W,1,3.1541576,0.1325603872537613,0.6174617409706116,0.45393872261047363
YNL125C,YGR098C,0,3.154058,0.13253477215766907,0.6174617409706116,0.4540398418903351
YCR066W,YOR005C,0,3.1537495,0.13250917196273804,0.6174617409706116,0.45414096117019653
YCR068W,YPR004C,0,3.1533384,0.1324835866689682,0.6174617409706116,0.454242080450058
YGL131C,YMR167W,1,3.1529808,0.13265109062194824,0.6183618307113647,0.454242080450058
YOR125C,YER169W,0,3.1528802,0.13262547552585602,0.6183618307113647,0.45434319972991943
YGR247W,YJL100W,0,3.152823,0.13259989023208618,0.6183618307113647,0.4544443190097809
YER141W,YJL138C,0,3.1524248,0.13257429003715515,0.6183618307113647,0.4545454680919647
YKR098C,YHL018W,0,3.1523552,0.1325487196445465,0.6183618307113647,0.45464658737182617
YLR336C,YDL194W,0,3.152337,0.13252314925193787,0.6183618307113647,0.4547477066516876
YDR119W,YCR097W,0,3.1522064,0.13249759376049042,0.6183618307113647,0.4548488259315491
YLR442C,YMR043W,1,3.151814,0.13266487419605255,0.6192619204521179,0.4548488259315491
YPL008W,YDR146C,1,3.151781,0.13283208012580872,0.6201620101928711,0.4548488259315491
YIR002C,YER161C,1,3.1514564,0.1329992264509201,0.6210620999336243,0.4548488259315491
YML131W,YNL154C,0,3.1508355,0.1329735964536667,0.6210620999336243,0.4549499452114105
YDL064W,YLR081W,0,3.1507378,0.13294798135757446,0.6210620999336243,0.455051064491272
YBL050W,YDR480W,0,3.150381,0.13292236626148224,0.6210620999336243,0.4551521837711334
YNL154C,YJL115W,0,3.1500287,0.1328967660665512,0.6210620999336243,0.4552533030509949
YDR307W,YBL027W,0,3.1500206,0.13287116587162018,0.6210620999336243,0.4553544223308563
YDR216W,YDL066W,0,3.149588,0.13284559547901154,0.6210620999336243,0.45545557141304016
YLR340W,YOR140W,0,3.1493845,0.1328200250864029,0.6210620999336243,0.4555566906929016
YCL033C,YER058W,0,3.1491413,0.13279445469379425,0.6210620999336243,0.45565780997276306
YFR004W,YHR128W,0,3.1489706,0.1327688992023468,0.6210620999336243,0.4557589292526245
YER157W,YFL008W,0,3.1488738,0.13274335861206055,0.6210620999336243,0.45586004853248596
YPL079W,YBR008C,0,3.1488123,0.13271783292293549,0.6210620999336243,0.4559611678123474
YEL020C,YER157W,0,3.1487732,0.13269230723381042,0.6210620999336243,0.45606228709220886
YPR183W,YER074W-A,0,3.148645,0.13266679644584656,0.6210620999336243,0.4561634063720703
YMR309C,YMR231W,0,3.1484284,0.1326412856578827,0.6210620999336243,0.45626452565193176
YLR166C,YER144C,0,3.148275,0.1326158046722412,0.6210620999336243,0.4563656449317932
YJL028W,YNL321W,0,3.1478953,0.13259030878543854,0.6210620999336243,0.45646679401397705
YCR028C-A,YBL003C,1,3.1478753,0.13275696337223053,0.6219621896743774,0.45646679401397705
YOR017W,YDL174C,0,3.1478162,0.13273146748542786,0.6219621896743774,0.4565679132938385
YER124C,YBL101C,0,3.1476274,0.13270597159862518,0.6219621896743774,0.45666903257369995
YDR186C,YOR295W,0,3.1476007,0.1326804906129837,0.6219621896743774,0.4567701518535614
YNL064C,YNL035C,0,3.1474733,0.13265502452850342,0.6219621896743774,0.45687127113342285
YPL217C,YOR307C,0,3.1473737,0.13262955844402313,0.6219621896743774,0.4569723904132843
YDL178W,YIL063C,0,3.1472707,0.13260410726070404,0.6219621896743774,0.45707350969314575
YIR033W,YJL111W,0,3.147111,0.13257867097854614,0.6219621896743774,0.4571746289730072
YKR081C,YPL124W,0,3.146572,0.13255323469638824,0.6219621896743774,0.45727574825286865
YKL146W,YBR152W,0,3.1465673,0.13252781331539154,0.6219621896743774,0.4573768973350525
YBR104W,YCR003W,0,3.146389,0.13250239193439484,0.6219621896743774,0.45747801661491394
YOR173W,YHL022C,0,3.1460986,0.13247700035572052,0.6219621896743774,0.4575791358947754
YKL107W,YDR293C,0,3.1460857,0.132451593875885,0.6219621896743774,0.45768025517463684
YCR008W,YBR139W,0,3.146047,0.1324262171983719,0.6219621896743774,0.4577813744544983
YNL126W,YGL184C,0,3.145877,0.13240084052085876,0.6219621896743774,0.45788249373435974
YPL237W,YMR113W,0,3.1458464,0.13237547874450684,0.6219621896743774,0.4579836130142212
YLR376C,YBR014C,0,3.145617,0.1323501318693161,0.6219621896743774,0.45808473229408264
YIR021W,YJL113W,0,3.1455402,0.13232478499412537,0.6219621896743774,0.4581858515739441
YBR203W,YNL209W,0,3.145358,0.13229943811893463,0.6219621896743774,0.45828697085380554
YJL092W,YML025C,0,3.1453052,0.13227412104606628,0.6219621896743774,0.4583881199359894
YPR196W,YDL140C,1,3.1452584,0.13244019448757172,0.6228622794151306,0.4583881199359894
YPR009W,YMR024W,0,3.1450653,0.13241484761238098,0.6228622794151306,0.45848923921585083
YDR162C,YGR289C,0,3.1447258,0.13238951563835144,0.6228622794151306,0.4585903584957123
YDL049C,YDR237W,0,3.144537,0.1323641985654831,0.6228622794151306,0.45869147777557373
YGR240C,YKL220C,0,3.1444783,0.13233888149261475,0.6228622794151306,0.4587925970554352
YNL082W,YBL097W,0,3.1443877,0.1323135793209076,0.6228622794151306,0.45889371633529663
YLR336C,YDL079C,0,3.1443238,0.13228827714920044,0.6228622794151306,0.4589948356151581
YNL037C,YHR062C,0,3.1436553,0.13226298987865448,0.6228622794151306,0.45909595489501953
YLR110C,YLL010C,0,3.1436272,0.13223771750926971,0.6228622794151306,0.459197074174881
YPL045W,YML062C,0,3.1434326,0.13221246004104614,0.6228622794151306,0.4592982232570648
YPL268W,YGR256W,0,3.1433916,0.13218720257282257,0.6228622794151306,0.45939934253692627
YGL002W,YLR308W,0,3.1432028,0.1321619600057602,0.6228622794151306,0.4595004618167877
YMR202W,YBL005W-A,0,3.1418185,0.13213671743869781,0.6228622794151306,0.45960158109664917
YPL162C,YOR010C,0,3.1416717,0.13211148977279663,0.6228622794151306,0.4597027003765106
YPL055C,YJL042W,0,3.1416225,0.13208627700805664,0.6228622794151306,0.45980381965637207
YPR023C,YMR231W,0,3.14156,0.13206106424331665,0.6228622794151306,0.4599049389362335
YOR234C,YHR188C,0,3.1415272,0.13203586637973785,0.6228622794151306,0.46000605821609497
YGR277C,YBR171W,0,3.141491,0.13201068341732025,0.6228622794151306,0.4601071774959564
YLR410W,YKL107W,0,3.1414022,0.13198550045490265,0.6228622794151306,0.46020832657814026
YLR340W,YHR032W,0,3.1413865,0.13196033239364624,0.6228622794151306,0.4603094458580017
YDL178W,YER170W,0,3.1412563,0.13193517923355103,0.6228622794151306,0.46041056513786316
YJR093C,YJR064W,0,3.1412172,0.1319100260734558,0.6228622794151306,0.4605116844177246
YLR393W,YHR084W,0,3.1411457,0.1318848878145218,0.6228622794151306,0.46061280369758606
YPL217C,YIL031W,0,3.1409855,0.13185974955558777,0.6228622794151306,0.4607139229774475
YPL164C,YNL315C,0,3.1398716,0.13183464109897614,0.6228622794151306,0.46081504225730896
YNL090W,YNL224C,0,3.139708,0.1318095177412033,0.6228622794151306,0.4609161615371704
YGL250W,YHR042W,0,3.1395721,0.13178442418575287,0.6228622794151306,0.46101728081703186
YGR172C,YMR251W-A,0,3.1388965,0.13175933063030243,0.6228622794151306,0.4611184000968933
YLR064W,YPL029W,0,3.1387043,0.13173425197601318,0.6228622794151306,0.46121954917907715
YMR190C,YER122C,0,3.1386786,0.13170917332172394,0.6228622794151306,0.4613206684589386
YGR192C,YPR025C,0,3.1386123,0.1316841095685959,0.6228622794151306,0.46142178773880005
YKL213C,YOR295W,0,3.1381764,0.13165906071662903,0.6228622794151306,0.4615229070186615
YKL086W,YNR032W,0,3.1381345,0.13163401186466217,0.6228622794151306,0.46162402629852295
YNR073C,YKL084W,0,3.1378942,0.1316089779138565,0.6228622794151306,0.4617251455783844
YLR128W,YNL265C,0,3.1372452,0.13158394396305084,0.6228622794151306,0.46182626485824585
YGR152C,YLR095C,0,3.1369686,0.13155893981456757,0.6228622794151306,0.4619273841381073
YGR249W,YJR125C,0,3.136836,0.1315339356660843,0.6228622794151306,0.46202850341796875
YLR310C,YGL044C,0,3.1366796,0.131508931517601,0.6228622794151306,0.4621296525001526
YLR342W,YKL125W,0,3.1366768,0.13148394227027893,0.6228622794151306,0.46223077178001404
YCL038C,YLR110C,0,3.1366043,0.13145896792411804,0.6228622794151306,0.4623318910598755
YNL222W,YLR216C,0,3.1364994,0.13143399357795715,0.6228622794151306,0.46243301033973694
YAR050W,YMR293C,0,3.136282,0.13140903413295746,0.6228622794151306,0.4625341296195984
YCR089W,YPR124W,0,3.1361976,0.13138408958911896,0.6228622794151306,0.46263524889945984
YMR202W,YIL031W,0,3.1360788,0.13135914504528046,0.6228622794151306,0.4627363681793213
YCR073C,YNL197C,0,3.1357012,0.13133421540260315,0.6228622794151306,0.46283748745918274
YKL008C,YMR236W,0,3.135614,0.13130930066108704,0.6228622794151306,0.4629386067390442
YBR039W,YHR128W,0,3.1355267,0.13128438591957092,0.6228622794151306,0.463039755821228
YDR348C,YDL042C,0,3.1355143,0.131259486079216,0.6228622794151306,0.4631408751010895
YOR371C,YJL118W,0,3.1353812,0.13123458623886108,0.6228622794151306,0.4632419943809509
YHR094C,YOR003W,0,3.1352253,0.13120970129966736,0.6228622794151306,0.4633431136608124
YLL039C,YGR092W,0,3.1351194,0.13118483126163483,0.6228622794151306,0.46344423294067383
YLR378C,YIL050W,0,3.1348405,0.1311599761247635,0.6228622794151306,0.4635453522205353
YLR336C,YNL312W,0,3.1348152,0.13113512098789215,0.6228622794151306,0.46364647150039673
YER073W,YOR197W,0,3.1345615,0.1311102658510208,0.6228622794151306,0.4637475907802582
YBR235W,YBL067C,0,3.134534,0.13108542561531067,0.6228622794151306,0.46384871006011963
YAR007C,YBL035C,1,3.1345253,0.13124999403953552,0.6237623691558838,0.46384871006011963
YMR263W,YOL113W,0,3.1345234,0.13122515380382538,0.6237623691558838,0.4639498293399811
YPR018W,YEL046C,0,3.1342754,0.13120029866695404,0.6237623691558838,0.4640509784221649
YKR013W,YML024W,0,3.1342702,0.1311754733324051,0.6237623691558838,0.46415209770202637
YDL232W,YER042W,0,3.1341143,0.13115064799785614,0.6237623691558838,0.4642532169818878
YKL193C,YLR319C,0,3.133933,0.1311258226633072,0.6237623691558838,0.46435433626174927
YLR132C,YJR129C,0,3.133748,0.13110102713108063,0.6237623691558838,0.4644554555416107
YER094C,YIL017C,0,3.1335573,0.13107623159885406,0.6237623691558838,0.46455657482147217
YBL102W,YFL034C-A,0,3.1331186,0.1310514360666275,0.6237623691558838,0.4646576941013336
YOR208W,YGR256W,0,3.1326962,0.13102665543556213,0.6237623691558838,0.46475881338119507
YBR104W,YBR204C,0,3.1324682,0.13100188970565796,0.6237623691558838,0.4648599326610565
YOR094W,YGL207W,0,3.1322732,0.13097712397575378,0.6237623691558838,0.46496108174324036
YHR056C,YMR228W,1,3.1321344,0.13114134967327118,0.624662458896637,0.46496108174324036
YML113W,YMR168C,1,3.13203,0.1313055008649826,0.6255625486373901,0.46496108174324036
YKL086W,YDR016C,0,3.1317039,0.13128069043159485,0.6255625486373901,0.4650622010231018
YOR151C,YBR066C,1,3.1316833,0.1314447522163391,0.6264626383781433,0.4650622010231018
YCL026C-A,YMR309C,0,3.1312842,0.13141994178295135,0.6264626383781433,0.46516332030296326
YOL075C,YDR363W,0,3.1308217,0.1313951313495636,0.6264626383781433,0.4652644395828247
YDR221W,YIL131C,0,3.1307182,0.13137033581733704,0.6264626383781433,0.46536555886268616
YLR272C,YDR316W,0,3.1307154,0.13134554028511047,0.6264626383781433,0.4654666781425476
YIL131C,YGL201C,1,3.1306581,0.1315094381570816,0.6273627281188965,0.4654666781425476
YKL176C,YIL031W,0,3.1304345,0.13148462772369385,0.6273627281188965,0.46556779742240906
YML019W,YGL065C,0,3.1304064,0.13145983219146729,0.6273627281188965,0.4656689167022705
YDR266C,YML111W,0,3.1302085,0.13143503665924072,0.6273627281188965,0.46577003598213196
YER166W,YGR280C,0,3.1301327,0.13141025602817535,0.6273627281188965,0.4658711552619934
YKL025C,YLR240W,0,3.130086,0.13138549029827118,0.6273627281188965,0.46597230434417725
YGL145W,YOL044W,0,3.1300297,0.131360724568367,0.6273627281188965,0.4660734236240387
YDR182W,YPL069C,0,3.1299214,0.13133597373962402,0.6273627281188965,0.46617454290390015
YAR050W,YML110C,0,3.1297975,0.13131122291088104,0.6273627281188965,0.4662756621837616
YLR138W,YML046W,0,3.1295462,0.13128650188446045,0.6273627281188965,0.46637678146362305
YLR398C,YLL054C,1,3.1294684,0.1314500868320465,0.6282628178596497,0.46637678146362305
YLL032C,YML010W,0,3.1294627,0.13142535090446472,0.6282628178596497,0.4664779007434845
YDL103C,YLR319C,0,3.1294384,0.13140060007572174,0.6282628178596497,0.46657902002334595
YML022W,YBR068C,0,3.1293287,0.13137586414813995,0.6282628178596497,0.4666801393032074
YNL169C,YDR291W,0,3.1292424,0.13135114312171936,0.6282628178596497,0.46678125858306885
YBR290W,YKL208W,0,3.129119,0.13132643699645996,0.6282628178596497,0.4668824076652527
YLR070C,YJL100W,0,3.128551,0.13130173087120056,0.6282628178596497,0.46698352694511414
YPL032C,YGR140W,0,3.1284494,0.13127703964710236,0.6282628178596497,0.4670846462249756
YMR092C,YAL042W,0,3.128375,0.13125234842300415,0.6282628178596497,0.46718576550483704
YGL022W,YLR216C,0,3.128273,0.13122767210006714,0.6282628178596497,0.4672868847846985
YDL140C,YLR274W,1,3.1281223,0.13139097392559052,0.6291629076004028,0.4672868847846985
YGR278W,YNL241C,0,3.1280766,0.1313662827014923,0.6291629076004028,0.46738800406455994
YLR066W,YDR208W,0,3.127921,0.1313416063785553,0.6291629076004028,0.4674891233444214
YDR394W,YBR004C,0,3.1277237,0.1313169300556183,0.6291629076004028,0.46759024262428284
YBR019C,YNL047C,0,3.1270046,0.13129226863384247,0.6291629076004028,0.4676913619041443
YNL169C,YPL012W,0,3.126943,0.13126760721206665,0.6291629076004028,0.4677925109863281
YLR166C,YOL060C,0,3.12675,0.13124296069145203,0.6291629076004028,0.4678936302661896
YFR051C,YOR368W,0,3.126655,0.1312183290719986,0.6291629076004028,0.467994749546051
YGR257C,YGL254W,0,3.1266155,0.13119369745254517,0.6291629076004028,0.4680958688259125
YMR280C,YJR044C,0,3.1265025,0.13116908073425293,0.6291629076004028,0.4681969881057739
YDL126C,YJL104W,0,3.1264658,0.1311444640159607,0.6291629076004028,0.4682981073856354
YLR051C,YGL043W,0,3.126357,0.13111986219882965,0.6291629076004028,0.4683992266654968
YCR073C,YNL035C,0,3.1259189,0.1310952752828598,0.6291629076004028,0.4685003459453583
YPL217C,YML025C,0,3.1259155,0.13107068836688995,0.6291629076004028,0.4686014652252197
YJL028W,YBR077C,0,3.1257243,0.1310461163520813,0.6291629076004028,0.4687025845050812
YDL004W,YDR221W,0,3.125496,0.13102155923843384,0.6291629076004028,0.468803733587265
YPL053C,YGL166W,0,3.1249504,0.13099700212478638,0.6291629076004028,0.46890485286712646
YML007W,YCR097W,1,3.1247063,0.13115982711315155,0.630062997341156,0.46890485286712646
YDR519W,YNL113W,0,3.1243095,0.1311352550983429,0.630062997341156,0.4690059721469879
YPR066W,YNL270C,0,3.1241798,0.13111069798469543,0.630062997341156,0.46910709142684937
YDR006C,YPR065W,0,3.1241446,0.13108614087104797,0.630062997341156,0.4692082107067108
YOL146W,YJR002W,0,3.1232133,0.1310615986585617,0.630062997341156,0.46930932998657227
YHR039C,YNL035C,0,3.1232085,0.13103707134723663,0.630062997341156,0.4694104492664337
YLR084C,YEL046C,0,3.1231818,0.13101254403591156,0.630062997341156,0.46951156854629517
YJR147W,YJR068W,1,3.1231618,0.13117514550685883,0.6309630870819092,0.46951156854629517
YJL184W,YPL228W,0,3.1231518,0.13115060329437256,0.6309630870819092,0.4696126878261566
YJR086W,YNL220W,0,3.1228046,0.13112607598304749,0.6309630870819092,0.46971383690834045
YPL242C,YDL052C,0,3.1224298,0.1311015486717224,0.6309630870819092,0.4698149561882019
YPL237W,YNL279W,0,3.1217098,0.13107703626155853,0.6309630870819092,0.46991607546806335
YPR075C,YMR202W,0,3.121698,0.13105253875255585,0.6309630870819092,0.4700171947479248
YJR137C,YGL150C,0,3.1216264,0.13102804124355316,0.6309630870819092,0.47011831402778625
YGR166W,YMR024W,0,3.12149,0.13100354373455048,0.6309630870819092,0.4702194333076477
YMR293C,YFL052W,0,3.1214375,0.13097907602787018,0.6309630870819092,0.47032055258750916
YOR010C,YNR049C,0,3.1212702,0.13095460832118988,0.6309630870819092,0.4704216718673706
YGR186W,YLR393W,0,3.1208463,0.13093014061450958,0.6309630870819092,0.47052279114723206
YDR006C,YGR195W,0,3.1206484,0.13090570271015167,0.6309630870819092,0.4706239402294159
YAL001C,YMR154C,0,3.120368,0.13088124990463257,0.6309630870819092,0.47072505950927734
YLR128W,YDR540C,0,3.1202898,0.13085682690143585,0.6309630870819092,0.4708261787891388
YHL009C,YGR056W,1,3.1201801,0.13101904094219208,0.6318631768226624,0.4708261787891388
YNL186W,YCR020W-B,0,3.120142,0.13099458813667297,0.6318631768226624,0.47092729806900024
YDL159W,YGL020C,0,3.1196527,0.13097015023231506,0.6318631768226624,0.4710284173488617
YBR217W,YKL163W,0,3.1196027,0.13094571232795715,0.6318631768226624,0.47112953662872314
YPR058W,YGR140W,0,3.119515,0.13092130422592163,0.6318631768226624,0.4712306559085846
YOR284W,YAR071W,0,3.1194873,0.13089688122272491,0.6318631768226624,0.47133177518844604
YLR174W,YPL212C,0,3.1191506,0.13087248802185059,0.6318631768226624,0.4714328944683075
YIR035C,YPL192C,0,3.1190948,0.13084809482097626,0.6318631768226624,0.47153401374816895
YPL132W,YOR214C,0,3.1190915,0.13082370162010193,0.6318631768226624,0.4716351628303528
YBL004W,YBR179C,0,3.1188889,0.1307993233203888,0.6318631768226624,0.47173628211021423
YCR042C,YPR185W,0,3.118761,0.13077495992183685,0.6318631768226624,0.4718374013900757
YMR164C,YML118W,0,3.118363,0.1307506114244461,0.6318631768226624,0.47193852066993713
YCL038C,YGR087C,0,3.1181536,0.13072626292705536,0.6318631768226624,0.4720396399497986
YGL257C,YIL122W,0,3.1181479,0.1307019144296646,0.6318631768226624,0.47214075922966003
YKL163W,YGL175C,0,3.1178145,0.13067758083343506,0.6318631768226624,0.4722418785095215
YKL184W,YJR002W,0,3.117704,0.1306532621383667,0.6318631768226624,0.47234299778938293
YKR010C,YNL148C,0,3.1174603,0.13062895834445953,0.6318631768226624,0.4724441170692444
YGL124C,YKL222C,0,3.1173668,0.13060465455055237,0.6318631768226624,0.4725452661514282
YLR166C,YLR174W,0,3.1173544,0.1305803507566452,0.6318631768226624,0.4726463854312897
YLR035C,YMR154C,0,3.1172686,0.13055607676506042,0.6318631768226624,0.4727475047111511
YBR021W,YDL049C,0,3.1171603,0.13053180277347565,0.6318631768226624,0.4728486239910126
YGL033W,YMR060C,0,3.117147,0.13050752878189087,0.6318631768226624,0.472949743270874
YKL071W,YPL066W,0,3.1170368,0.13048326969146729,0.6318631768226624,0.4730508625507355
YDR155C,YHR072W-A,0,3.1169977,0.1304590255022049,0.6318631768226624,0.4731519818305969
YDR027C,YBL004W,0,3.1167808,0.1304347813129425,0.6318631768226624,0.4732531011104584
YDL181W,YPL227C,0,3.116747,0.1304105520248413,0.6318631768226624,0.4733542203903198
YGR071C,YIL119C,1,3.1166081,0.13057206571102142,0.6327632665634155,0.4733542203903198
YMR079W,YER035W,0,3.1163573,0.13054782152175903,0.6327632665634155,0.4734553396701813
YHL018W,YCR023C,0,3.1161923,0.13052357733249664,0.6327632665634155,0.4735564887523651
YDR346C,YPL024W,0,3.1160393,0.13049934804439545,0.6327632665634155,0.47365760803222656
YOR130C,YDR266C,0,3.115511,0.13047513365745544,0.6327632665634155,0.473758727312088
YJR095W,YMR030W,0,3.1152244,0.13045091927051544,0.6327632665634155,0.47385984659194946
YDR216W,YJR056C,0,3.1150932,0.13042671978473663,0.6327632665634155,0.4739609658718109
YHR065C,YNL148C,0,3.1150184,0.13040252029895782,0.6327632665634155,0.47406208515167236
YOL039W,YBR239C,0,3.1149588,0.1303783357143402,0.6327632665634155,0.4741632044315338
YDR541C,YLR355C,0,3.1148481,0.1303541660308838,0.6327632665634155,0.47426432371139526
YGR271W,YGR159C,1,3.1148043,0.13051538169384003,0.6336633563041687,0.47426432371139526
YPR103W,YOR255W,0,3.114554,0.1304911971092224,0.6336633563041687,0.4743654429912567
YMR323W,YNL009W,0,3.1143298,0.1304670125246048,0.6336633563041687,0.47446659207344055
YDR311W,YBR280C,0,3.1139445,0.13044284284114838,0.6336633563041687,0.474567711353302
YMR266W,YAL055W,0,3.1137333,0.13041867315769196,0.6336633563041687,0.47466883063316345
YBR278W,YGL201C,1,3.1133308,0.13057973980903625,0.6345634460449219,0.47466883063316345
YPR183W,YLR216C,0,3.1132932,0.13055555522441864,0.6345634460449219,0.4747699499130249
YMR288W,YOL128C,0,3.1130576,0.13053138554096222,0.6345634460449219,0.47487106919288635
YOR321W,YNL083W,0,3.112784,0.1305072158575058,0.6345634460449219,0.4749721884727478
YER144C,YML058W,0,3.1126542,0.13048306107521057,0.6345634460449219,0.47507330775260925
YER004W,YOR028C,0,3.112637,0.13045892119407654,0.6345634460449219,0.4751744270324707
YNL126W,YOR354C,0,3.1125722,0.1304347813129425,0.6345634460449219,0.47527554631233215
YGR152C,YGL013C,0,3.112338,0.13041065633296967,0.6345634460449219,0.475376695394516
YHR216W,YPL066W,0,3.1123352,0.13038653135299683,0.6345634460449219,0.47547781467437744
YLR071C,YHR152W,0,3.112064,0.13036242127418518,0.6345634460449219,0.4755789339542389
YEL055C,YDL201W,0,3.1119614,0.13033832609653473,0.6345634460449219,0.47568005323410034
YDR359C,YMR016C,1,3.1119576,0.13049907982349396,0.635463535785675,0.47568005323410034
YBR216C,YDR058C,0,3.1118898,0.13047495484352112,0.635463535785675,0.4757811725139618
YOR234C,YBR004C,0,3.1118698,0.13045084476470947,0.635463535785675,0.47588229179382324
YDR214W,YPR052C,0,3.111589,0.13042674958705902,0.635463535785675,0.4759834110736847
YGL244W,YDL154W,1,3.1115623,0.1305873692035675,0.6363636255264282,0.4759834110736847
YBR021W,YKL127W,0,3.111402,0.13056324422359467,0.6363636255264282,0.47608453035354614
YOR361C,YGR247W,0,3.1113305,0.1305391490459442,0.6363636255264282,0.4761856496334076
YCR096C,YKL112W,1,3.111189,0.13069964945316315,0.6372637152671814,0.4761856496334076
YKR013W,YER035W,0,3.111156,0.1306755244731903,0.6372637152671814,0.47628676891326904
YNL245C,YAL055W,0,3.110928,0.13065141439437866,0.6372637152671814,0.4763879179954529
YHR098C,YLR319C,0,3.1107645,0.13062730431556702,0.6372637152671814,0.47648903727531433
YAR008W,YAL047C,0,3.1107316,0.13060320913791656,0.6372637152671814,0.4765901565551758
YML058W,YML010W,0,3.110478,0.1305791288614273,0.6372637152671814,0.47669127583503723
YGL124C,YHL022C,0,3.110454,0.13055504858493805,0.6372637152671814,0.4767923951148987
YBR179C,YGR013W,0,3.1104207,0.1305309683084488,0.6372637152671814,0.47689351439476013
YNL126W,YIR007W,0,3.1103973,0.13050691783428192,0.6372637152671814,0.4769946336746216
YDR506C,YMR030W,0,3.1103158,0.13048286736011505,0.6372637152671814,0.47709575295448303
YDL226C,YCL038C,0,3.1098404,0.13045881688594818,0.6372637152671814,0.4771968722343445
YLR166C,YBR088C,0,3.1095047,0.1304347813129425,0.6372637152671814,0.4772980213165283
YPR079W,YFL022C,0,3.1092682,0.13041076064109802,0.6372637152671814,0.47739914059638977
YJR099W,YFL034C-A,0,3.109229,0.13038673996925354,0.6372637152671814,0.4775002598762512
YGL173C,YPL024W,1,3.1089826,0.13054686784744263,0.6381638050079346,0.4775002598762512
YPL088W,YDR186C,0,3.1087565,0.13052283227443695,0.6381638050079346,0.47760137915611267
YKL055C,YKL065C,0,3.1086159,0.13049879670143127,0.6381638050079346,0.4777024984359741
YPL212C,YKL092C,0,3.108375,0.13047479093074799,0.6381638050079346,0.47780361771583557
YKR098C,YFR009W,0,3.1081114,0.1304507851600647,0.6381638050079346,0.477904736995697
YJL209W,YLR095C,0,3.1080594,0.1304267793893814,0.6381638050079346,0.47800585627555847
YKR022C,YPL255W,0,3.107874,0.13040278851985931,0.6381638050079346,0.4781069755554199
YCL011C,YCR020W-B,0,3.1075568,0.1303788125514984,0.6381638050079346,0.47820812463760376
YGL065C,YGR249W,0,3.1075091,0.1303548514842987,0.6381638050079346,0.4783092439174652
YLR307W,YBR136W,0,3.1074023,0.1303308755159378,0.6381638050079346,0.47841036319732666
YOR173W,YML058W,0,3.107275,0.1303069293498993,0.6381638050079346,0.4785114824771881
YER039C,YHR112C,0,3.107273,0.13028298318386078,0.6381638050079346,0.47861260175704956
YGR183C,YDR307W,0,3.107254,0.13025905191898346,0.6381638050079346,0.478713721036911
YGL255W,YPR022C,0,3.107069,0.13023512065410614,0.6381638050079346,0.47881484031677246
YNR023W,YOL115W,0,3.1068892,0.13021120429039001,0.6381638050079346,0.4789159595966339
YNL299W,YPL072W,0,3.1068482,0.1301872879266739,0.6381638050079346,0.47901707887649536
YMR021C,YLL010C,0,3.1068015,0.13016338646411896,0.6381638050079346,0.4791181981563568
YIR021W,YNL113W,0,3.1067748,0.13013949990272522,0.6381638050079346,0.47921934723854065
YIL117C,YBR201W,0,3.1067553,0.13011561334133148,0.6381638050079346,0.4793204665184021
YGL073W,YNL139C,1,3.106752,0.13027523458003998,0.6390638947486877,0.4793204665184021
YNR073C,YNL088W,0,3.106656,0.13025133311748505,0.6390638947486877,0.47942158579826355
YHR191C,YNR069C,0,3.106502,0.1302274465560913,0.6390638947486877,0.479522705078125
YDR293C,YER018C,0,3.1064715,0.13020355999469757,0.6390638947486877,0.47962382435798645
YPR018W,YER160C,0,3.1064658,0.13017968833446503,0.6390638947486877,0.4797249436378479
YHR063C,YGR125W,0,3.1062994,0.13015581667423248,0.6390638947486877,0.47982606291770935
YOL094C,YOR196C,0,3.1062946,0.13013195991516113,0.6390638947486877,0.4799271821975708
YNL197C,YOR077W,0,3.106091,0.13010811805725098,0.6390638947486877,0.48002830147743225
YKL035W,YOR190W,0,3.1059885,0.13008427619934082,0.6390638947486877,0.4801294505596161
YBR039W,YGR098C,0,3.105853,0.13006044924259186,0.6390638947486877,0.48023056983947754
YMR214W,YMR121C,0,3.1056037,0.1300366371870041,0.6390638947486877,0.480331689119339
YLR116W,YCL033C,0,3.1055236,0.13001282513141632,0.6390638947486877,0.48043280839920044
YBR216C,YDR540C,0,3.1054535,0.12998901307582855,0.6390638947486877,0.4805339276790619
YMR189W,YDL178W,0,3.1053228,0.12996521592140198,0.6390638947486877,0.48063504695892334
YBR258C,YNL088W,0,3.105173,0.1299414336681366,0.6390638947486877,0.4807361662387848
YBR202W,YDL101C,1,3.104714,0.13010063767433167,0.6399639844894409,0.4807361662387848
YJR007W,YDL174C,0,3.1046357,0.1300768405199051,0.6399639844894409,0.48083728551864624
YOL049W,YGL179C,0,3.104519,0.13005304336547852,0.6399639844894409,0.4809384047985077
YDR027C,YGR108W,0,3.104371,0.13002926111221313,0.6399639844894409,0.48103952407836914
YOL097C,YMR162C,0,3.1041722,0.13000547885894775,0.6399639844894409,0.481140673160553
YDR338C,YNL075W,0,3.104043,0.12998171150684357,0.6399639844894409,0.48124179244041443
YGR140W,YDL170W,1,3.1039777,0.1301407366991043,0.6408640742301941,0.48124179244041443
YPL029W,YNL312W,0,3.1038074,0.13011695444583893,0.6408640742301941,0.4813429117202759
YBL005W-A,YOL130W,0,3.1037192,0.13009318709373474,0.6408640742301941,0.48144403100013733
YIR028W,YDR489W,0,3.103549,0.13006941974163055,0.6408640742301941,0.4815451502799988
YGR121C,YNR049C,0,3.1034355,0.13004566729068756,0.6408640742301941,0.48164626955986023
YOR190W,YGL065C,0,3.1033444,0.13002191483974457,0.6408640742301941,0.4817473888397217
YBR290W,YNL030W,0,3.103262,0.12999817728996277,0.6408640742301941,0.48184850811958313
YPL211W,YKL208W,0,3.1029735,0.12997443974018097,0.6408640742301941,0.4819496273994446
YKL188C,YFL055W,0,3.1020446,0.12995071709156036,0.6408640742301941,0.4820507764816284
YDR506C,YLR027C,0,3.1019578,0.12992700934410095,0.6408640742301941,0.48215189576148987
YOR344C,YGL245W,0,3.1019163,0.12990330159664154,0.6408640742301941,0.4822530150413513
YHR063C,YFL034C-A,0,3.1018972,0.12987960875034332,0.6408640742301941,0.48235413432121277
YBR010W,YBR215W,1,3.101807,0.1300383061170578,0.6417641639709473,0.48235413432121277
YKL055C,YIL129C,0,3.1016455,0.1300145834684372,0.6417641639709473,0.4824552536010742
YCR106W,YBL002W,1,3.1014519,0.1301732063293457,0.6426642537117004,0.4824552536010742
YOL008W,YDR162C,0,3.1012616,0.1301494687795639,0.6426642537117004,0.48255637288093567
YPL055C,YDR363W,0,3.1010804,0.1301257461309433,0.6426642537117004,0.4826574921607971
YGR183C,YBR127C,0,3.1005316,0.1301020383834839,0.6426642537117004,0.48275861144065857
YPL236C,YMR260C,0,3.100502,0.13007834553718567,0.6426642537117004,0.48285973072052
YDR450W,YDR484W,0,3.10011,0.13005463778972626,0.6426642537117004,0.48296087980270386
YDL159W,YOR058C,0,3.099864,0.13003095984458923,0.6426642537117004,0.4830619990825653
YHR176W,YER075C,0,3.099512,0.1300072818994522,0.6426642537117004,0.48316311836242676
YHR034C,YCR048W,0,3.098907,0.12998361885547638,0.6426642537117004,0.4832642376422882
YPL127C,YER159C,1,3.0984125,0.1301419734954834,0.6435643434524536,0.4832642376422882
YPR104C,YFL021W,1,3.0983472,0.13030026853084564,0.6444644331932068,0.4832642376422882
YBR280C,YFL034C-B,0,3.0983458,0.13027656078338623,0.6444644331932068,0.48336535692214966
YDR184C,YJR159W,0,3.0982337,0.130252867937088,0.6444644331932068,0.4834664762020111
YDR210W,YKL120W,0,3.0979304,0.1302291750907898,0.6444644331932068,0.48356759548187256
YPL217C,YPL162C,0,3.0979009,0.13020549714565277,0.6444644331932068,0.483668714761734
YMR021C,YDL058W,0,3.0978212,0.13018181920051575,0.6444644331932068,0.48376983404159546
YML114C,YPL023C,0,3.0976076,0.13015815615653992,0.6444644331932068,0.4838709533214569
YDR214W,YPL079W,0,3.0974555,0.1301344931125641,0.6444644331932068,0.48397210240364075
YFR051C,YAR008W,0,3.0972962,0.13011084496974945,0.6444644331932068,0.4840732216835022
YGR271C-A,YPL024W,0,3.0971394,0.130087211728096,0.6444644331932068,0.48417434096336365
YOR363C,YCR065W,1,3.097107,0.13024523854255676,0.64536452293396,0.48417434096336365
YKR038C,YFR034C,1,3.0967622,0.13040319085121155,0.6462646126747131,0.48417434096336365
YPL152W,YNR056C,0,3.0966563,0.13037951290607452,0.6462646126747131,0.4842754602432251
YGL121C,YMR280C,0,3.0966177,0.1303558498620987,0.6462646126747131,0.48437657952308655
YNL257C,YKR001C,0,3.0965018,0.13033218681812286,0.6462646126747131,0.484477698802948
YGL175C,YGL166W,1,3.0963159,0.1304900199174881,0.6471647024154663,0.484477698802948
YPL170W,YGR092W,0,3.0962067,0.13046634197235107,0.6471647024154663,0.48457881808280945
YLR034C,YDR153C,0,3.0961275,0.13044266402721405,0.6471647024154663,0.4846799373626709
YIL072W,YCL066W,1,3.096126,0.13060039281845093,0.6480647921562195,0.4846799373626709
YOR144C,YOL091W,0,3.0960693,0.1305767148733139,0.6480647921562195,0.48478105664253235
YDR210W,YOR210W,0,3.095765,0.13055303692817688,0.6480647921562195,0.4848822057247162
YML058W,YLL042C,0,3.095119,0.13052937388420105,0.6480647921562195,0.48498332500457764
YLL054C,YLR103C,1,3.0949597,0.13068696856498718,0.6489648818969727,0.48498332500457764
YGR275W,YLR355C,0,3.0945916,0.13066329061985016,0.6489648818969727,0.4850844442844391
YPL162C,YOR339C,0,3.094304,0.13063961267471313,0.6489648818969727,0.48518556356430054
YPL241C,YBR265W,0,3.0942454,0.1306159347295761,0.6489648818969727,0.485286682844162
YOR140W,YPL158C,0,3.0941439,0.13059228658676147,0.6489648818969727,0.48538780212402344
YMR134W,YDR331W,0,3.093999,0.13056863844394684,0.6489648818969727,0.4854889214038849
YJR043C,YPL192C,0,3.0934248,0.1305449903011322,0.6489648818969727,0.48559004068374634
YCL033C,YMR106C,0,3.092986,0.13052135705947876,0.6489648818969727,0.4856911599636078
YDR519W,YIR035C,0,3.0928655,0.1304977387189865,0.6489648818969727,0.4857923090457916
YGR121C,YNL047C,0,3.0927067,0.13047412037849426,0.6489648818969727,0.4858934283256531
YPR022C,YNL087W,0,3.0926676,0.1304505169391632,0.6489648818969727,0.4859945476055145
YDR184C,YHR183W,0,3.0924735,0.13042691349983215,0.6489648818969727,0.486095666885376
YGL002W,YGR092W,0,3.0924416,0.1304033249616623,0.6489648818969727,0.4861967861652374
YMR214W,YER094C,0,3.0920348,0.13037975132465363,0.6489648818969727,0.4862979054450989
YKL188C,YNL245C,0,3.0918565,0.13035617768764496,0.6489648818969727,0.4863990247249603
YNR023W,YDR143C,0,3.0918536,0.1303326040506363,0.6489648818969727,0.4865001440048218
YLR035C,YPR033C,0,3.091774,0.13030906021595,0.6489648818969727,0.4866012632846832
YAL055W,YMR154C,0,3.0913672,0.13028550148010254,0.6489648818969727,0.4867023825645447
YOR007C,YDL222C,0,3.091351,0.13026197254657745,0.6489648818969727,0.4868035316467285
YIL066C,YLR035C,0,3.090879,0.13023844361305237,0.6489648818969727,0.48690465092658997
YLR393W,YOR017W,0,3.090866,0.13021491467952728,0.6489648818969727,0.4870057702064514
YKL188C,YBR280C,0,3.0908647,0.1301914006471634,0.6489648818969727,0.48710688948631287
YOR284W,YDR522C,0,3.0907593,0.1301679015159607,0.6489648818969727,0.4872080087661743
YDL079C,YIL015W,0,3.0905313,0.130144402384758,0.6489648818969727,0.48730912804603577
YPR183W,YKL167C,0,3.0903502,0.1301209181547165,0.6489648818969727,0.4874102473258972
YNL082W,YGL100W,0,3.0899253,0.130097433924675,0.6489648818969727,0.48751136660575867
YCL066W,YOR258W,1,3.0897098,0.1302543729543686,0.6498649716377258,0.48751136660575867
YNL088W,YPR094W,0,3.0896325,0.1302308738231659,0.6498649716377258,0.4876124858856201
YPL053C,YHR196W,0,3.0893736,0.1302073895931244,0.6498649716377258,0.48771363496780396
YMR288W,YBR229C,0,3.0892258,0.13018392026424408,0.6498649716377258,0.4878147542476654
YPL242C,YDR291W,0,3.0889678,0.13016045093536377,0.6498649716377258,0.48791587352752686
YKR045C,YNL241C,0,3.088922,0.13013698160648346,0.6498649716377258,0.4880169928073883
YDR051C,YFR009W,0,3.0888014,0.13011352717876434,0.6498649716377258,0.48811811208724976
YBR236C,YJR044C,0,3.088653,0.13009008765220642,0.6498649716377258,0.4882192313671112
YIL121W,YBR167C,0,3.088573,0.1300666481256485,0.6498649716377258,0.48832035064697266
YLR013W,YIL073C,0,3.0885267,0.13004322350025177,0.6498649716377258,0.4884214699268341
YJL116C,YGR256W,0,3.0885043,0.13001981377601624,0.6498649716377258,0.48852258920669556
YDR142C,YOL017W,0,3.088274,0.1299964040517807,0.6498649716377258,0.488623708486557
YMR224C,YNL239W,1,3.088142,0.13015301525592804,0.650765061378479,0.488623708486557
YIL103W,YOR360C,0,3.0879626,0.1301295906305313,0.650765061378479,0.48872485756874084
YDL207W,YGR249W,0,3.0878816,0.13010616600513458,0.650765061378479,0.4888259768486023
YMR137C,YOR207C,1,3.087659,0.13026268780231476,0.6516651511192322,0.4888259768486023
YDL049C,YFR004W,0,3.0869703,0.13023924827575684,0.6516651511192322,0.48892709612846375
YOR149C,YPL015C,0,3.086955,0.1302158236503601,0.6516651511192322,0.4890282154083252
YDR446W,YPL069C,0,3.0868673,0.13019241392612457,0.6516651511192322,0.48912933468818665
YKR045C,YNL083W,0,3.0863624,0.13016900420188904,0.6516651511192322,0.4892304539680481
YOL077W-A,YLR178C,0,3.0863523,0.1301456093788147,0.6516651511192322,0.48933157324790955
YIL040W,YEL042W,0,3.0863361,0.13012221455574036,0.6516651511192322,0.489432692527771
YDR258C,YNL093W,0,3.0862489,0.1300988346338272,0.6516651511192322,0.48953381180763245
YDL159W,YDR037W,0,3.085959,0.13007545471191406,0.6516651511192322,0.4896349608898163
YDR484W,YKL157W,0,3.0859432,0.1300520896911621,0.6516651511192322,0.48973608016967773
YJL207C,YER094C,0,3.0858865,0.13002873957157135,0.6516651511192322,0.4898371994495392
YNL315C,YPR022C,0,3.0858688,0.1300053894519806,0.6516651511192322,0.48993831872940063
YNL257C,YLL010C,0,3.0856633,0.12998203933238983,0.6516651511192322,0.4900394380092621
YKL018W,YDR291W,0,3.0856237,0.12995871901512146,0.6516651511192322,0.49014055728912354
YGL250W,YLL052C,0,3.0854206,0.1299353837966919,0.6516651511192322,0.490241676568985
YLR233C,YFR004W,0,3.0851774,0.12991207838058472,0.6516651511192322,0.49034279584884644
YMR278W,YGR277C,0,3.0849423,0.12988877296447754,0.6516651511192322,0.4904439151287079
YHR187W,YNL229C,0,3.0846133,0.12986546754837036,0.6516651511192322,0.4905450642108917
YJR091C,YIL063C,0,3.0843706,0.12984217703342438,0.6516651511192322,0.4906461834907532
YLR095C,YBR110W,0,3.0841928,0.1298189014196396,0.6516651511192322,0.4907473027706146
YIL010W,YGL245W,0,3.0841074,0.1297956258058548,0.6516651511192322,0.4908484220504761
YFL031W,YGL038C,0,3.0841045,0.1297723650932312,0.6516651511192322,0.4909495413303375
YGL002W,YGR231C,0,3.0840673,0.1297491043806076,0.6516651511192322,0.491050660610199
YOR100C,YNL035C,0,3.0838723,0.1297258585691452,0.6516651511192322,0.4911517798900604
YJL092W,YPL015C,1,3.0838418,0.12988176941871643,0.6525652408599854,0.4911517798900604
YML029W,YBR102C,0,3.0836525,0.12985849380493164,0.6525652408599854,0.4912528991699219
YGR192C,YMR044W,0,3.0835338,0.12983524799346924,0.6525652408599854,0.4913540184497833
YGR249W,YLR308W,0,3.083384,0.12981200218200684,0.6525652408599854,0.4914551377296448
YNL256W,YNL270C,0,3.0832653,0.12978875637054443,0.6525652408599854,0.4915562868118286
YBR004C,YAL042W,0,3.0829334,0.12976552546024323,0.6525652408599854,0.49165740609169006
YJR044C,YBL019W,0,3.0822759,0.1297423094511032,0.6525652408599854,0.4917585253715515
YER003C,YAR066W,0,3.0820394,0.1297190934419632,0.6525652408599854,0.49185964465141296
YGR209C,YHR084W,0,3.0818124,0.12969589233398438,0.6525652408599854,0.4919607639312744
YKR067W,YMR199W,0,3.081438,0.12967269122600555,0.6525652408599854,0.49206188321113586
YOL115W,YNL323W,0,3.0811944,0.12964950501918793,0.6525652408599854,0.4921630024909973
YNL103W,YGL249W,1,3.081129,0.12980511784553528,0.6534653306007385,0.4921630024909973
YDR328C,YKL032C,1,3.0809536,0.12996067106723785,0.6543654203414917,0.4921630024909973
YOR115C,YLL015W,0,3.0809426,0.12993744015693665,0.6543654203414917,0.49226412177085876
YKL107W,YOL041C,0,3.0808825,0.12991422414779663,0.6543654203414917,0.4923652410507202
YDL212W,YDR485C,0,3.0804467,0.12989100813865662,0.6543654203414917,0.49246639013290405
YBR083W,YOR038C,1,3.0803194,0.13004644215106964,0.6552655100822449,0.49246639013290405
YLR320W,YGL008C,0,3.0802479,0.13002321124076843,0.6552655100822449,0.4925675094127655
YJR144W,YLR256W,1,3.080224,0.1301785707473755,0.656165599822998,0.4925675094127655
YGR207C,YOL068C,0,3.080171,0.13015532493591309,0.656165599822998,0.49266862869262695
YPL265W,YFR055W,0,3.0801215,0.13013209402561188,0.656165599822998,0.4927697479724884
YLR310C,YOR073W,0,3.0800862,0.13010886311531067,0.656165599822998,0.49287086725234985
YNL090W,YLR117C,0,3.07973,0.13008564710617065,0.656165599822998,0.4929719865322113
YER164W,YNL262W,1,3.0795813,0.13024085760116577,0.6570656895637512,0.4929719865322113
YBR258C,YLR110C,0,3.0793543,0.13021762669086456,0.6570656895637512,0.49307310581207275
YHR039C,YML038C,0,3.0792918,0.13019439578056335,0.6570656895637512,0.4931742250919342
YBR298C,YDR291W,0,3.0791636,0.13017117977142334,0.6570656895637512,0.49327534437179565
YJL091C,YOL130W,0,3.078928,0.13014797866344452,0.6570656895637512,0.4933764934539795
YCR067C,YLR405W,0,3.0784068,0.1301247775554657,0.6570656895637512,0.49347761273384094
YOR094W,YGR240C,0,3.0783448,0.13010159134864807,0.6570656895637512,0.4935787320137024
YCR102C,YLR022C,0,3.0782552,0.13007840514183044,0.6570656895637512,0.49367985129356384
YNR063W,YGR067C,1,3.078074,0.13023339211940765,0.6579657793045044,0.49367985129356384
YOL006C,YFR044C,0,3.078072,0.13021019101142883,0.6579657793045044,0.4937809705734253
YAL005C,YLR408C,0,3.0776734,0.1301870048046112,0.6579657793045044,0.49388208985328674
YCL026C-A,YJL074C,0,3.0774999,0.13016381859779358,0.6579657793045044,0.4939832091331482
YGL029W,YIL067C,0,3.0772629,0.13014064729213715,0.6579657793045044,0.49408432841300964
YCR023C,YNL087W,0,3.0772114,0.1301174759864807,0.6579657793045044,0.4941854476928711
YMR060C,YHR166C,0,3.0771427,0.13009431958198547,0.6579657793045044,0.49428656697273254
YDR237W,YJL154C,0,3.0771117,0.13007117807865143,0.6579657793045044,0.4943877160549164
YDR519W,YGL020C,0,3.0770988,0.13004803657531738,0.6579657793045044,0.49448883533477783
YBL004W,YPL232W,0,3.077014,0.13002489507198334,0.6579657793045044,0.4945899546146393
YPL152W,YNL047C,0,3.0766582,0.13000178337097168,0.6579657793045044,0.49469107389450073
YDR180W,YCR034W,0,3.0764103,0.12997865676879883,0.6579657793045044,0.4947921931743622
YGR041W,YGL257C,0,3.0763683,0.12995555996894836,0.6579657793045044,0.49489331245422363
YDR506C,YLL028W,0,3.0760455,0.1299324631690979,0.6579657793045044,0.4949944317340851
YPR075C,YAR071W,0,3.0758739,0.12990936636924744,0.6579657793045044,0.49509555101394653
YPL246C,YJL207C,0,3.0757952,0.12988628447055817,0.6579657793045044,0.495196670293808
YJL042W,YCR089W,0,3.0755835,0.1298632025718689,0.6579657793045044,0.4952978193759918
YPL164C,YHR200W,0,3.0755563,0.12984013557434082,0.6579657793045044,0.49539893865585327
YBL005W,YPR186C,1,3.0755525,0.12999467551708221,0.6588658690452576,0.49539893865585327
YBR132C,YKR086W,0,3.07521,0.12997159361839294,0.6588658690452576,0.4955000579357147
YHL009C,YBR077C,0,3.0749726,0.12994851171970367,0.6588658690452576,0.49560117721557617
YGL207W,YDL201W,0,3.0748973,0.1299254596233368,0.6588658690452576,0.4957022964954376
YBR245C,YJR006W,1,3.0747771,0.13007986545562744,0.6597659587860107,0.4957022964954376
YIL085C,YDR266C,0,3.0741854,0.13005678355693817,0.6597659587860107,0.4958034157752991
YFL016C,YIR035C,0,3.0740085,0.1300337016582489,0.6597659587860107,0.4959045350551605
YER039C,YDR182W,0,3.0732813,0.13001063466072083,0.6597659587860107,0.496005654335022
YNL209W,YHR124W,0,3.073079,0.12998758256435394,0.6597659587860107,0.4961067736148834
YHL007C,YLR066W,0,3.0726452,0.12996454536914825,0.6597659587860107,0.4962078928947449
YAL032C,YNL035C,0,3.0725946,0.12994149327278137,0.6597659587860107,0.4963090419769287
YKL112W,YDL239C,0,3.072239,0.12991847097873688,0.6597659587860107,0.49641016125679016
YCR042C,YJR019C,0,3.0721936,0.12989544868469238,0.6597659587860107,0.4965112805366516
YKL091C,YPR025C,0,3.072094,0.1298724263906479,0.6597659587860107,0.49661239981651306
YGR059W,YGL055W,0,3.0720654,0.1298494189977646,0.6597659587860107,0.4967135190963745
YGR074W,YJL113W,0,3.0720158,0.12982642650604248,0.6597659587860107,0.49681463837623596
YJR044C,YDL191W,0,3.0720115,0.12980343401432037,0.6597659587860107,0.4969157576560974
YBL005W,YER138C,1,3.0717673,0.12995751202106476,0.6606660485267639,0.4969157576560974
YFL050C,YER021W,0,3.07168,0.12993450462818146,0.6606660485267639,0.49701687693595886
YJR007W,YIR028W,0,3.07136,0.12991149723529816,0.6606660485267639,0.4971179962158203
YPL242C,YPR112C,0,3.0712557,0.12988851964473724,0.6606660485267639,0.49721914529800415
YHR001W,YLL036C,0,3.0709853,0.12986552715301514,0.6606660485267639,0.4973202645778656
YNL154C,YLR002C,0,3.0708766,0.12984256446361542,0.6606660485267639,0.49742138385772705
YDR073W,YJR105W,0,3.070661,0.1298196017742157,0.6606660485267639,0.4975225031375885
YHR007C,YKL107W,0,3.0706334,0.12979663908481598,0.6606660485267639,0.49762362241744995
YJL209W,YOR198C,0,3.0706115,0.12977369129657745,0.6606660485267639,0.4977247416973114
YHL002W,YBR068C,0,3.070581,0.12975075840950012,0.6606660485267639,0.49782586097717285
YBL084C,YLR399C,0,3.070314,0.1297278255224228,0.6606660485267639,0.4979269802570343
YJR113C,YNL197C,0,3.0701632,0.12970489263534546,0.6606660485267639,0.49802809953689575
YML131W,YKR045C,0,3.0699258,0.12968197464942932,0.6606660485267639,0.4981292486190796
YMR214W,YLR117C,0,3.0698743,0.12965907156467438,0.6606660485267639,0.49823036789894104
YPL069C,YKR039W,0,3.069519,0.12963616847991943,0.6606660485267639,0.4983314871788025
YBR186W,YPL124W,0,3.0694838,0.12961328029632568,0.6606660485267639,0.49843260645866394
YPL255W,YGL179C,0,3.0693383,0.12959039211273193,0.6606660485267639,0.4985337257385254
YNL102W,YER095W,1,3.0692124,0.1297440379858017,0.6615661382675171,0.4985337257385254
YOL001W,YDR079C-A,0,3.0690804,0.12972114980220795,0.6615661382675171,0.49863484501838684
YAL051W,YDR043C,1,3.0684147,0.12987470626831055,0.6624662280082703,0.49863484501838684
YDR191W,YLR274W,1,3.0682702,0.13002823293209076,0.6633663177490234,0.49863484501838684
YGR013W,YNL030W,0,3.0677261,0.13000528514385223,0.6633663177490234,0.4987359642982483
YDR255C,YMR083W,0,3.0672731,0.1299823671579361,0.6633663177490234,0.49883708357810974
YFL052W,YGL054C,0,3.0672107,0.12995944917201996,0.6633663177490234,0.4989382028579712
YNL071W,YPL265W,0,3.067102,0.12993653118610382,0.6633663177490234,0.49903932213783264
YPR104C,YOR058C,0,3.0666342,0.12991362810134888,0.6633663177490234,0.4991404712200165
YML066C,YOL119C,0,3.0664992,0.12989072501659393,0.6633663177490234,0.49924159049987793
YNR012W,YGL048C,0,3.0664315,0.12986783683300018,0.6633663177490234,0.4993427097797394
YGR038W,YKL035W,0,3.0663567,0.12984496355056763,0.6633663177490234,0.49944382905960083
YKL222C,YLR355C,0,3.0658808,0.12982209026813507,0.6633663177490234,0.4995449483394623
YDR180W,YJR077C,0,3.0658174,0.1297992318868637,0.6633663177490234,0.49964606761932373
YJL002C,YDR409W,0,3.0656552,0.12977637350559235,0.6633663177490234,0.4997471868991852
YEL009C,YNL113W,1,3.0655017,0.1299295723438263,0.6642664074897766,0.4997471868991852
YOL137W,YIL168W,0,3.0652766,0.12990671396255493,0.6642664074897766,0.49984830617904663
YML114C,YNL058C,0,3.0647106,0.12988384068012238,0.6642664074897766,0.4999494254589081
YLR274W,YER166W,0,3.0646734,0.129860982298851,0.6642664074897766,0.5000505447387695
YHR094C,YMR067C,0,3.0646687,0.12983813881874084,0.6642664074897766,0.5001516938209534
YBR171W,YBL105C,0,3.0646553,0.12981531023979187,0.6642664074897766,0.5002527832984924
YDR303C,YDR213W,1,3.0643153,0.12996834516525269,0.6651664972305298,0.5002527832984924
YOL001W,YDL104C,0,3.0639105,0.12994548678398132,0.6651664972305298,0.5003539323806763
YFR046C,YOR017W,0,3.0637403,0.12992264330387115,0.6651664972305298,0.5004550218582153
YKR080W,YPL275W,0,3.0636487,0.129899799823761,0.6651664972305298,0.5005561709403992
YPL152W,YGR092W,0,3.0634618,0.129876971244812,0.6651664972305298,0.500657320022583
YPL053C,YKL084W,0,3.063404,0.12985415756702423,0.6651664972305298,0.5007584095001221
YGL047W,YHR072W-A,0,3.0631604,0.12983134388923645,0.6651664972305298,0.5008595585823059
YKR081C,YML046W,0,3.0630994,0.12980853021144867,0.6651664972305298,0.500960648059845
YPL045W,YBR021W,0,3.0628738,0.12978574633598328,0.6651664972305298,0.5010617971420288
YGL175C,YOL067C,1,3.0628152,0.129938542842865,0.666066586971283,0.5010617971420288
YIR028W,YMR277W,0,3.0628037,0.1299157291650772,0.666066586971283,0.5011628866195679
YDR113C,YGL133W,0,3.0624814,0.12989293038845062,0.666066586971283,0.5012640357017517
YNR054C,YKL176C,0,3.0624723,0.12987013161182404,0.666066586971283,0.5013651251792908
YBR132C,YLR378C,0,3.0624328,0.12984734773635864,0.666066586971283,0.5014662742614746
YOR229W,YHR039C,0,3.0617356,0.12982456386089325,0.666066586971283,0.5015674233436584
YJR113C,YHL018W,0,3.0617013,0.12980179488658905,0.666066586971283,0.5016685128211975
YLR205C,YER065C,0,3.0616822,0.12977902591228485,0.666066586971283,0.5017696619033813
YBL023C,YER161C,1,3.061636,0.12993161380290985,0.6669666767120361,0.5017696619033813
YGL254W,YBL010C,1,3.0615125,0.13008415699005127,0.6678667664527893,0.5017696619033813
YDR394W,YPL270W,0,3.0614758,0.1300613433122635,0.6678667664527893,0.5018707513809204
YLR393W,YJR044C,0,3.0612187,0.1300385594367981,0.6678667664527893,0.5019719004631042
YPL032C,YOR010C,0,3.0610108,0.1300157755613327,0.6678667664527893,0.5020729899406433
YJR090C,YBL004W,0,3.0607367,0.1299929916858673,0.6678667664527893,0.5021741390228271
YIL121W,YBR106W,0,3.060472,0.1299702227115631,0.6678667664527893,0.5022752285003662
YML062C,YOL089C,0,3.0604558,0.1299474537372589,0.6678667664527893,0.50237637758255
YKL086W,YNL336W,0,3.0601263,0.1299246996641159,0.6678667664527893,0.5024775266647339
YKR024C,YPL192C,0,3.059935,0.1299019604921341,0.6678667664527893,0.502578616142273
YLR406C,YAL042W,0,3.0599113,0.12987922132015228,0.6678667664527893,0.5026797652244568
YGR287C,YCR008W,0,3.0598383,0.12985649704933167,0.6678667664527893,0.5027808547019958
YJL204C,YPL232W,0,3.0592632,0.12983377277851105,0.6678667664527893,0.5028820037841797
YPL069C,YOL113W,0,3.0592327,0.12981106340885162,0.6678667664527893,0.5029830932617188
YDL185W,YLR131C,1,3.0592036,0.12996326386928558,0.6687668561935425,0.5029830932617188
YML046W,YDR079C-A,0,3.058979,0.12994053959846497,0.6687668561935425,0.5030842423439026
YGR068C,YLR424W,0,3.0589771,0.12991781532764435,0.6687668561935425,0.5031853318214417
YNL245C,YHR178W,0,3.0589638,0.12989510595798492,0.6687668561935425,0.5032864809036255
YPR183W,YJR043C,0,3.0589375,0.1298723965883255,0.6687668561935425,0.5033876299858093
YOR368W,YDR488C,0,3.0586014,0.12984970211982727,0.6687668561935425,0.5034887194633484
YGL043W,YJR144W,1,3.0584292,0.1300017535686493,0.6696669459342957,0.5034887194633484
YOL008W,YDL103C,0,3.0583763,0.12997902929782867,0.6696669459342957,0.5035898685455322
YFL052W,YBL018C,0,3.0583649,0.12995633482933044,0.6696669459342957,0.5036909580230713
YFR046C,YJR007W,0,3.0582528,0.12993364036083221,0.6696669459342957,0.5037921071052551
YBL099W,YIL015W,0,3.0582433,0.12991094589233398,0.6696669459342957,0.5038931965827942
YML064C,YFR051C,0,3.0581112,0.12988826632499695,0.6696669459342957,0.503994345664978
YNR023W,YPR018W,0,3.0580778,0.1298656016588211,0.6696669459342957,0.5040954351425171
YOL068C,YEL003W,0,3.0580392,0.12984293699264526,0.6696669459342957,0.5041965842247009
YLR070C,YNR075W,0,3.0578823,0.12982027232646942,0.6696669459342957,0.5042977333068848
YDR322C-A,YHR178W,0,3.0578218,0.12979762256145477,0.6696669459342957,0.5043988227844238
YIL143C,YOR172W,1,3.0569606,0.1299494206905365,0.6705670356750488,0.5043988227844238
YER157W,YDL165W,0,3.055626,0.12992675602436066,0.6705670356750488,0.5044999718666077
YOR354C,YPL024W,0,3.0555282,0.12990409135818481,0.6705670356750488,0.5046010613441467
YLR138W,YGL038C,0,3.0552511,0.12988145649433136,0.6705670356750488,0.5047022104263306
YCR042C,YDR237W,0,3.0551753,0.1298588067293167,0.6705670356750488,0.5048032999038696
YOR363C,YFL021W,1,3.0550842,0.1300104558467865,0.671467125415802,0.5048032999038696
YJL028W,YFR004W,0,3.0549884,0.12998780608177185,0.671467125415802,0.5049044489860535
YER018C,YAL042W,0,3.0544615,0.1299651563167572,0.671467125415802,0.5050055384635925
YDR113C,YIR028W,0,3.054408,0.12994252145290375,0.671467125415802,0.5051066875457764
YFR028C,YOR064C,0,3.054369,0.1299198865890503,0.671467125415802,0.5052077770233154
YGR287C,YOR190W,0,3.0543137,0.12989726662635803,0.671467125415802,0.5053089261054993
YGL043W,YNL093W,0,3.0542707,0.12987464666366577,0.671467125415802,0.5054100751876831
YBL046W,YFR044C,0,3.0540667,0.1298520416021347,0.671467125415802,0.5055111646652222
YOR144C,YKL148C,0,3.0540566,0.12982945144176483,0.671467125415802,0.505612313747406
YOR128C,YBL018C,0,3.0538788,0.12980686128139496,0.671467125415802,0.5057134032249451
YFL016C,YBR079C,0,3.0537534,0.12978427112102509,0.671467125415802,0.5058145523071289
YFR051C,YHR094C,0,3.0532446,0.1297616958618164,0.671467125415802,0.505915641784668
YMR164C,YDR143C,0,3.0532384,0.12973913550376892,0.671467125415802,0.5060167908668518
YKL025C,YJR056C,0,3.0531654,0.12971657514572144,0.671467125415802,0.5061178803443909
YPL023C,YPL046C,0,3.05299,0.12969401478767395,0.671467125415802,0.5062190294265747
YCR020W-B,YOR010C,0,3.0523653,0.12967146933078766,0.671467125415802,0.5063201785087585
YPL024W,YER042W,0,3.0523596,0.12964893877506256,0.671467125415802,0.5064212679862976
YDR123C,YGL054C,0,3.0522394,0.12962640821933746,0.671467125415802,0.5065224170684814
YNL090W,YLR319C,0,3.051612,0.12960389256477356,0.671467125415802,0.5066235065460205
YBL046W,YAL009W,0,3.0515008,0.12958137691020966,0.671467125415802,0.5067246556282043
YGR275W,YGL150C,0,3.0508857,0.12955887615680695,0.671467125415802,0.5068257451057434
YER035W,YNL224C,0,3.0507474,0.12953637540340424,0.671467125415802,0.5069268941879272
YDR307W,YBR244W,0,3.0505066,0.12951388955116272,0.671467125415802,0.5070279836654663
YDR293C,YGL044C,0,3.050415,0.1294914036989212,0.671467125415802,0.5071291327476501
YMR135C,YHR007C,0,3.0503783,0.12946893274784088,0.671467125415802,0.507230281829834
YMR214W,YOL075C,0,3.0503602,0.12944646179676056,0.671467125415802,0.507331371307373
YHR183W,YPR079W,0,3.0501418,0.12942400574684143,0.671467125415802,0.5074325203895569
YMR019W,YCL019W,1,3.0501294,0.12957502901554108,0.6723672151565552,0.5074325203895569
YER035W,YMR231W,0,3.049995,0.12955254316329956,0.6723672151565552,0.507533609867096
YBL002W,YLR035C,1,3.049974,0.12970349192619324,0.6732673048973083,0.507533609867096
YKR086W,YCR034W,0,3.0498705,0.12968099117279053,0.6732673048973083,0.5076347589492798
YOR056C,YPR181C,0,3.0497365,0.1296585202217102,0.6732673048973083,0.5077358484268188
YLR233C,YGL020C,0,3.0494509,0.12963604927062988,0.6732673048973083,0.5078369975090027
YKL101W,YAL047C,0,3.0494332,0.12961357831954956,0.6732673048973083,0.5079380869865417
YDR123C,YHR084W,1,3.04943,0.1297643780708313,0.6741673946380615,0.5079380869865417
YPR107C,YDR480W,0,3.049088,0.12974190711975098,0.6741673946380615,0.5080392360687256
YJL042W,YCL030C,0,3.0490336,0.12971943616867065,0.6741673946380615,0.5081403851509094
YHR187W,YBL003C,0,3.048809,0.12969696521759033,0.6741673946380615,0.5082414746284485
YPL024W,YKR024C,0,3.0487242,0.1296745091676712,0.6741673946380615,0.5083426237106323
YOR033C,YJL091C,0,3.0486054,0.12965206801891327,0.6741673946380615,0.5084437131881714
YNL299W,YPL037C,0,3.0483603,0.12962962687015533,0.6741673946380615,0.5085448622703552
YCL038C,YER183C,0,3.0481215,0.1296072006225586,0.6741673946380615,0.5086459517478943
YLR451W,YDR121W,1,3.0480504,0.12975779175758362,0.6750674843788147,0.5086459517478943
YOR058C,YIL044C,0,3.0480046,0.1297353357076645,0.6750674843788147,0.5087471008300781
YCL067C,YER160C,1,3.0478725,0.12988585233688354,0.6759675741195679,0.5087471008300781
YMR104C,YIL063C,0,3.047759,0.12986339628696442,0.6759675741195679,0.5088481903076172
YBL050W,YBR227C,0,3.0475607,0.1298409402370453,0.6759675741195679,0.508949339389801
YEL063C,YDR142C,0,3.0471735,0.12981849908828735,0.6759675741195679,0.5090504884719849
YPL009C,YGL179C,0,3.0469365,0.12979605793952942,0.6759675741195679,0.5091515779495239
YPL029W,YBR161W,0,3.0468993,0.12977363169193268,0.6759675741195679,0.5092527270317078
YPL118W,YMR044W,0,3.0465803,0.12975120544433594,0.6759675741195679,0.5093538165092468
YCL033C,YMR047C,0,3.04638,0.1297287940979004,0.6759675741195679,0.5094549655914307
YOR229W,YFR051C,0,3.0457368,0.12970639765262604,0.6759675741195679,0.5095560550689697
YDR489W,YPL079W,0,3.045735,0.1296839863061905,0.6759675741195679,0.5096572041511536
YIR033W,YOR064C,0,3.0453568,0.12966160476207733,0.6759675741195679,0.5097582936286926
YCR027C,YMR260C,0,3.0452957,0.12963922321796417,0.6759675741195679,0.5098594427108765
YHR003C,YJR129C,0,3.0450182,0.129616841673851,0.6759675741195679,0.5099605917930603
YOL091W,YCR034W,0,3.0447702,0.12959447503089905,0.6759675741195679,0.5100616812705994
YER011W,YOR307C,0,3.0443301,0.12957212328910828,0.6759675741195679,0.5101628303527832
YDR216W,YLR319C,0,3.0442667,0.1295497715473175,0.6759675741195679,0.5102639198303223
YNL299W,YDR450W,0,3.0438619,0.12952741980552673,0.6759675741195679,0.5103650689125061
YGR152C,YMR164C,0,3.043788,0.12950508296489716,0.6759675741195679,0.5104661583900452
YOR255W,YOL113W,0,3.043499,0.12948276102542877,0.6759675741195679,0.510567307472229
YBL046W,YMR030W,0,3.0433707,0.1294604390859604,0.6759675741195679,0.5106683969497681
YFL024C,YBR019C,0,3.043005,0.1294381320476532,0.6759675741195679,0.5107695460319519
YOR368W,YOL094C,1,3.0429459,0.12958814203739166,0.676867663860321,0.5107695460319519
YLR340W,YPL187W,0,3.042862,0.12956582009792328,0.676867663860321,0.510870635509491
YDL153C,YHR072W-A,0,3.0426302,0.1295434981584549,0.676867663860321,0.5109717845916748
YMR164C,YLL054C,0,3.042604,0.1295211911201477,0.676867663860321,0.5110729336738586
YNL083W,YOL049W,0,3.0425782,0.12949888408184052,0.676867663860321,0.5111740231513977
YEL026W,YEL004W,0,3.0425053,0.12947657704353333,0.676867663860321,0.5112751722335815
YOL034W,YDL066W,0,3.0423589,0.12945429980754852,0.676867663860321,0.5113762617111206
YBR073W,YLR077W,0,3.0423546,0.12943200767040253,0.676867663860321,0.5114774107933044
YNR051C,YLR119W,0,3.042016,0.12940974533557892,0.676867663860321,0.5115785002708435
YMR011W,YKR065C,0,3.0418363,0.12938746809959412,0.676867663860321,0.5116796493530273
YLR449W,YIL168W,0,3.0414472,0.1293652206659317,0.676867663860321,0.5117807388305664
YKR067W,YBR068C,0,3.0413084,0.1293429583311081,0.676867663860321,0.5118818879127502
YBR021W,YDR264C,0,3.041256,0.12932072579860687,0.676867663860321,0.5119830369949341
YOL097C,YFL016C,0,3.040975,0.12929849326610565,0.676867663860321,0.5120841264724731
YGL002W,YGL065C,0,3.0406485,0.12927626073360443,0.676867663860321,0.512185275554657
YCL038C,YIL103W,0,3.040577,0.1292540431022644,0.676867663860321,0.512286365032196
YHR104W,YIL121W,0,3.0405178,0.12923182547092438,0.676867663860321,0.5123875141143799
YPL242C,YNL225C,0,3.0404615,0.12920962274074554,0.676867663860321,0.512488603591919
YIR028W,YNR069C,0,3.0404253,0.1291874200105667,0.676867663860321,0.5125897526741028
YBR229C,YJR161C,0,3.040214,0.12916523218154907,0.676867663860321,0.5126908421516418
YML072C,YKL157W,0,3.0401993,0.12914305925369263,0.676867663860321,0.5127919912338257
YOR207C,YHR214C-B,1,3.040135,0.1292925775051117,0.6777677536010742,0.5127919912338257
YGR132C,YPL057C,0,3.0400424,0.12927038967609406,0.6777677536010742,0.5128931403160095
YPL164C,YBR302C,0,3.0397491,0.12924820184707642,0.6777677536010742,0.5129942297935486
YER011W,YER172C,0,3.0397377,0.12922601401805878,0.6777677536010742,0.5130953788757324
YFL034C-A,YFR044C,0,3.039689,0.12920384109020233,0.6777677536010742,0.5131964683532715
YMR266W,YPR121W,0,3.0391836,0.12918168306350708,0.6777677536010742,0.5132976174354553
YPL016W,YPL241C,0,3.0386238,0.12915952503681183,0.6777677536010742,0.5133987069129944
YHR134W,YLL023C,0,3.0383391,0.12913736701011658,0.6777677536010742,0.5134998559951782
YNL315C,YGL153W,0,3.0382013,0.12911522388458252,0.6777677536010742,0.5136009454727173
YNL316C,YMR197C,0,3.038052,0.12909309566020966,0.6777677536010742,0.5137020945549011
YIR007W,YMR134W,0,3.0377064,0.1290709674358368,0.6777677536010742,0.513803243637085
YGL043W,YGL047W,0,3.037332,0.12904883921146393,0.6777677536010742,0.513904333114624
YLR132C,YGR198W,0,3.0373163,0.12902672588825226,0.6777677536010742,0.5140054821968079
YGR023W,YGL131C,0,3.037311,0.12900462746620178,0.6777677536010742,0.5141065716743469
YDL004W,YJR159W,0,3.037291,0.1289825290441513,0.6777677536010742,0.5142077207565308
YOL089C,YGR256W,0,3.0372314,0.12896044552326202,0.6777677536010742,0.5143088102340698
YNL103W,YCR097W,1,3.037178,0.12910959124565125,0.6786678433418274,0.5143088102340698
YOR128C,YDL092W,0,3.0369492,0.12908747792243958,0.6786678433418274,0.5144099593162537
YOL115W,YJL115W,0,3.0366635,0.1290653944015503,0.6786678433418274,0.5145110487937927
YOL034W,YNL224C,0,3.03648,0.12904329597949982,0.6786678433418274,0.5146121978759766
YKR098C,YOL091W,0,3.036192,0.12902121245861053,0.6786678433418274,0.5147133469581604
YML078W,YNL106C,0,3.0360746,0.12899914383888245,0.6786678433418274,0.5148144364356995
YJL010C,YGR280C,0,3.035859,0.12897707521915436,0.6786678433418274,0.5149155855178833
YBR019C,YLR431C,0,3.0358129,0.12895502150058746,0.6786678433418274,0.5150166749954224
YAL032C,YPL212C,0,3.035705,0.12893296778202057,0.6786678433418274,0.5151178240776062
YBL040C,YML029W,0,3.035636,0.12891092896461487,0.6786678433418274,0.5152189135551453
YIL031W,YPR124W,0,3.0355287,0.12888889014720917,0.6786678433418274,0.5153200626373291
YDR079C-A,YNL272C,0,3.035235,0.12886686623096466,0.6786678433418274,0.5154211521148682
YGR227W,YIL131C,0,3.034987,0.12884484231472015,0.6786678433418274,0.515522301197052
YLR166C,YIL044C,0,3.034792,0.12882283329963684,0.6786678433418274,0.5156233906745911
YER003C,YJR161C,0,3.0345836,0.12880082428455353,0.6786678433418274,0.5157245397567749
YDR210W,YPL030W,0,3.0344682,0.12877881526947021,0.6786678433418274,0.5158256888389587
YJL047C,YOL130W,0,3.0340567,0.1287568360567093,0.6786678433418274,0.5159267783164978
YBR098W,YEL071W,0,3.0338283,0.12873484194278717,0.6786678433418274,0.5160279273986816
YPL127C,YDL101C,1,3.0329556,0.12888358533382416,0.6795679330825806,0.5160279273986816
YJL051W,YDL201W,0,3.0325131,0.12886157631874084,0.6795679330825806,0.5161290168762207
YNR036C,YDR043C,0,3.032497,0.12883959710597992,0.6795679330825806,0.5162301659584045
YKL209C,YIL073C,0,3.0324101,0.1288176029920578,0.6795679330825806,0.5163312554359436
YDR153C,YMR029C,0,3.0322318,0.12879563868045807,0.6795679330825806,0.5164324045181274
YKL107W,YKR087C,0,3.0319047,0.12877365946769714,0.6795679330825806,0.5165334939956665
YLR205C,YBR199W,0,3.0318456,0.1287517100572586,0.6795679330825806,0.5166346430778503
YNR026C,YMR305C,0,3.0317907,0.12872974574565887,0.6795679330825806,0.5167357921600342
YBR210W,YJL036W,0,3.0317879,0.12870781123638153,0.6795679330825806,0.5168368816375732
YDR349C,YMR170C,0,3.0313306,0.1286858767271042,0.6795679330825806,0.5169380307197571
YJR099W,YMR060C,0,3.0312629,0.12866394221782684,0.6795679330825806,0.5170391201972961
YOR172W,YFL052W,1,3.0312166,0.12881240248680115,0.6804680228233337,0.5170391201972961
YER039C,YHR032W,0,3.0312037,0.1287904530763626,0.6804680228233337,0.51714026927948
YMR024W,YGR207C,0,3.0311155,0.12876851856708527,0.6804680228233337,0.517241358757019
YLR410W,YDR153C,0,3.0309525,0.12874659895896912,0.6804680228233337,0.5173425078392029
YGR125W,YPL249C-A,0,3.0306983,0.12872467935085297,0.6804680228233337,0.5174435973167419
YBR179C,YDR123C,0,3.0306644,0.12870275974273682,0.6804680228233337,0.5175447463989258
YNL072W,YJR093C,0,3.0299668,0.12868085503578186,0.6804680228233337,0.5176458954811096
YDR294C,YDR141C,0,3.0298429,0.1286589503288269,0.6804680228233337,0.5177469849586487
YBR201W,YBR008C,0,3.0298142,0.12863706052303314,0.6804680228233337,0.5178481340408325
YNL083W,YOR295W,0,3.029642,0.12861517071723938,0.6804680228233337,0.5179492235183716
YPL283C,YHR143W-A,0,3.029615,0.1285932958126068,0.6804680228233337,0.5180503726005554
YIL041W,YPR022C,0,3.0295281,0.12857143580913544,0.6804680228233337,0.5181514620780945
YDR221W,YJR064W,0,3.029241,0.12854956090450287,0.6804680228233337,0.5182526111602783
YDL159W,YHR123W,0,3.0289798,0.1285277158021927,0.6804680228233337,0.5183537006378174
YPL164C,YDR267C,0,3.0288882,0.1285058706998825,0.6804680228233337,0.5184548497200012
YLR297W,YCR066W,0,3.028708,0.12848402559757233,0.6804680228233337,0.5185559988021851
YLR423C,YBR171W,0,3.0286107,0.12846219539642334,0.6804680228233337,0.5186570882797241
YLR298C,YGR172C,0,3.0283666,0.12844036519527435,0.6804680228233337,0.518758237361908
YIL103W,YNL225C,0,3.0282226,0.12841854989528656,0.6804680228233337,0.518859326839447
YOL005C,YDL056W,1,3.028174,0.12856657803058624,0.6813681125640869,0.518859326839447
YDR097C,YAL009W,0,3.0278473,0.12854474782943726,0.6813681125640869,0.5189604759216309
YLR393W,YMR309C,0,3.0277934,0.12852291762828827,0.6813681125640869,0.5190615653991699
YLR098C,YGR214W,1,3.0276504,0.1286708563566208,0.6822682023048401,0.5190615653991699
YIR013C,YDR191W,1,3.0276031,0.12881873548030853,0.6831682920455933,0.5190615653991699
YDL178W,YKL092C,0,3.027534,0.12879687547683716,0.6831682920455933,0.5191627144813538
YGR023W,YLR057W,0,3.0267763,0.12877503037452698,0.6831682920455933,0.5192638039588928
YCR028C-A,YJR093C,0,3.026558,0.1287531852722168,0.6831682920455933,0.5193649530410767
YKR060W,YHR183W,0,3.026476,0.12873134016990662,0.6831682920455933,0.5194661021232605
YNL275W,YFL003C,0,3.026444,0.12870950996875763,0.6831682920455933,0.5195671916007996
YGL054C,YPL015C,0,3.0261512,0.12868769466876984,0.6831682920455933,0.5196683406829834
YGR186W,YMR241W,1,3.0261493,0.12883539497852325,0.6840683817863464,0.5196683406829834
YGR152C,YDL236W,0,3.026051,0.12881356477737427,0.6840683817863464,0.5197694301605225
YJL184W,YGR261C,0,3.0259624,0.12879173457622528,0.6840683817863464,0.5198705792427063
YPL152W,YCR073C,0,3.0253744,0.1287699043750763,0.6840683817863464,0.5199716687202454
YBR215W,YDR051C,0,3.0253148,0.1287480890750885,0.6840683817863464,0.5200728178024292
YDR076W,YLR228C,1,3.024879,0.12889567017555237,0.6849684715270996,0.5200728178024292
YOR361C,YPR107C,0,3.0248103,0.12887383997440338,0.6849684715270996,0.5201739072799683
YOL034W,YDL147W,0,3.0247889,0.1288520097732544,0.6849684715270996,0.5202750563621521
YPL211W,YNL299W,0,3.0247188,0.1288301944732666,0.6849684715270996,0.5203761458396912
YAR003W,YER124C,0,3.0241241,0.12880839407444,0.6849684715270996,0.520477294921875
YDL214C,YOR058C,0,3.024074,0.1287865936756134,0.6849684715270996,0.5205784440040588
YOR229W,YLR110C,0,3.024006,0.128764808177948,0.6849684715270996,0.5206795334815979
YIL158W,YER166W,0,3.0239158,0.1287430226802826,0.6849684715270996,0.5207806825637817
YPL255W,YHR072W-A,0,3.023789,0.12872125208377838,0.6849684715270996,0.5208817720413208
YKL113C,YLR131C,1,3.0234556,0.12886859476566315,0.6858685612678528,0.5208817720413208
YDR146C,YAL001C,1,3.0230927,0.12901589274406433,0.686768651008606,0.5208817720413208
YLR138W,YGR271C-A,0,3.0223784,0.12899407744407654,0.686768651008606,0.5209829211235046
YLR393W,YDR540C,0,3.0223308,0.12897227704524994,0.686768651008606,0.5210840106010437
YBL016W,YDR258C,0,3.022243,0.12895047664642334,0.686768651008606,0.5211851596832275
YKL160W,YNL093W,0,3.0220866,0.12892869114875793,0.686768651008606,0.5212862491607666
YBR103W,YER035W,0,3.0217004,0.12890690565109253,0.686768651008606,0.5213873982429504
YBR203W,YML130C,0,3.021597,0.12888513505458832,0.686768651008606,0.5214885473251343
YIR023W,YER164W,1,3.0215874,0.12903225421905518,0.6876687407493591,0.5214885473251343
YGR109C,YGR209C,0,3.0215673,0.12901046872138977,0.6876687407493591,0.5215896368026733
YDR216W,YDL222C,0,3.0214996,0.12898868322372437,0.6876687407493591,0.5216907858848572
YER148W,YOR207C,1,3.0212927,0.12913571298122406,0.6885688304901123,0.5216907858848572
YLR155C,YDR291W,0,3.021021,0.12911392748355865,0.6885688304901123,0.5217918753623962
YPL045W,YJR043C,0,3.0206213,0.12909214198589325,0.6885688304901123,0.5218930244445801
YDR432W,YLL015W,0,3.020598,0.12907035648822784,0.6885688304901123,0.5219941139221191
YER040W,YKR064W,1,3.019977,0.129217267036438,0.6894689202308655,0.5219941139221191
YPR104C,YEL009C,1,3.0199313,0.12936414778232574,0.6903690099716187,0.5219941139221191
YPR061C,YBR167C,0,3.0197854,0.12934233248233795,0.6903690099716187,0.522095263004303
YGL011C,YGR215W,0,3.0196443,0.12932051718235016,0.6903690099716187,0.522196352481842
YMR280C,YLR131C,1,3.0195446,0.12946729362010956,0.6912690997123718,0.522196352481842
YDR311W,YGL160W,0,3.0192332,0.12944547832012177,0.6912690997123718,0.5222975015640259
YNL329C,YDL092W,0,3.0188384,0.12942366302013397,0.6912690997123718,0.5223986506462097
YAL014C,YJL104W,0,3.0187712,0.12940184772014618,0.6912690997123718,0.5224997401237488
YPR025C,YOR035C,0,3.018701,0.12938004732131958,0.6912690997123718,0.5226008892059326
YER006W,YNL005C,0,3.0186648,0.12935826182365417,0.6912690997123718,0.5227019786834717
YNL316C,YOL119C,0,3.0185404,0.12933647632598877,0.6912690997123718,0.5228031277656555
YPR020W,YDR208W,0,3.0185003,0.12931470572948456,0.6912690997123718,0.5229042172431946
YDR214W,YEL071W,0,3.0184088,0.12929293513298035,0.6912690997123718,0.5230053663253784
YPR165W,YHR032W,0,3.0180697,0.12927116453647614,0.6912690997123718,0.5231064558029175
YJR056C,YEL046C,0,3.0177755,0.12924940884113312,0.6912690997123718,0.5232076048851013
YLR095C,YLR089C,0,3.0176616,0.1292276680469513,0.6912690997123718,0.5233087539672852
YJL047C,YDL165W,0,3.0175881,0.12920592725276947,0.6912690997123718,0.5234098434448242
YML038C,YLR378C,0,3.0172825,0.12918418645858765,0.6912690997123718,0.5235109925270081
YBR139W,YLR421C,0,3.0172534,0.12916246056556702,0.6912690997123718,0.5236120820045471
YNL264C,YAR008W,0,3.01716,0.12914074957370758,0.6912690997123718,0.523713231086731
YMR058W,YDR307W,0,3.0169663,0.12911903858184814,0.6912690997123718,0.52381432056427
YGL181W,YOR339C,0,3.0168047,0.1290973275899887,0.6912690997123718,0.5239154696464539
YFL003C,YKL032C,1,3.0165138,0.12924370169639587,0.692169189453125,0.5239154696464539
YDR162C,YPL081W,0,3.0162354,0.12922197580337524,0.692169189453125,0.5240165591239929
YER042W,YLR449W,0,3.0158696,0.1292002648115158,0.692169189453125,0.5241177082061768
YOR229W,YMR251W-A,0,3.0157871,0.12917856872081757,0.692169189453125,0.5242188572883606
YPR185W,YFR044C,0,3.0156493,0.12915687263011932,0.692169189453125,0.5243199467658997
YDL002C,YLR310C,0,3.015431,0.12913517653942108,0.692169189453125,0.5244210958480835
YBL084C,YLR240W,0,3.0153565,0.12911349534988403,0.692169189453125,0.5245221853256226
YOR371C,YKL148C,0,3.0153089,0.12909182906150818,0.692169189453125,0.5246233344078064
YOR354C,YGR207C,0,3.0152626,0.12907016277313232,0.692169189453125,0.5247244238853455
YBL045C,YHL018W,0,3.0150638,0.12904849648475647,0.692169189453125,0.5248255729675293
YNL316C,YER094C,0,3.01483,0.1290268450975418,0.692169189453125,0.5249266624450684
YPL009C,YCL011C,0,3.0146294,0.12900519371032715,0.692169189453125,0.5250278115272522
YPR009W,YLR453C,0,3.0143929,0.12898355722427368,0.692169189453125,0.525128960609436
YOL097C,YBR044C,0,3.0142941,0.1289619356393814,0.692169189453125,0.5252300500869751
YMR278W,YCR083W,0,3.0138474,0.12894031405448914,0.692169189453125,0.5253311991691589
YDL020C,YNL220W,1,3.0135093,0.12908633053302765,0.6930692791938782,0.5253311991691589
YOR329C,YDR043C,0,3.0133643,0.12906469404697418,0.6930692791938782,0.525432288646698
YKR045C,YNL116W,0,3.0133262,0.1290430724620819,0.6930692791938782,0.5255334377288818
YMR288W,YCR088W,0,3.0126505,0.12902145087718964,0.6930692791938782,0.5256345272064209
YMR197C,YDL122W,0,3.0126195,0.12899982929229736,0.6930692791938782,0.5257356762886047
YNL125C,YNL245C,0,3.0125465,0.12897822260856628,0.6930692791938782,0.5258367657661438
YKL107W,YFL022C,0,3.0125375,0.1289566308259964,0.6930692791938782,0.5259379148483276
YDR506C,YOR010C,0,3.0123534,0.12893502414226532,0.6930692791938782,0.5260390043258667
YMR043W,YOR151C,1,3.012301,0.1290808618068695,0.6939693689346313,0.5260390043258667
YER069W,YPL228W,0,3.0122828,0.12905925512313843,0.6939693689346313,0.5261401534080505
YFR009W,YBR288C,0,3.0122542,0.12903766334056854,0.6939693689346313,0.5262413024902344
YGR068C,YDL064W,0,3.0122504,0.12901607155799866,0.6939693689346313,0.5263423919677734
YHR098C,YPL249C-A,0,3.0122395,0.12899447977542877,0.6939693689346313,0.5264435410499573
YBR297W,YDR440W,1,3.012176,0.12914018332958221,0.6948694586753845,0.5264435410499573
YNL126W,YPL255W,0,3.012147,0.12911857664585114,0.6948694586753845,0.5265446305274963
YDR153C,YNL327W,0,3.0120225,0.12909698486328125,0.6948694586753845,0.5266457796096802
YLR003C,YML065W,0,3.0120034,0.12907540798187256,0.6948694586753845,0.5267468690872192
YJR047C,YNL245C,0,3.0119863,0.12905383110046387,0.6948694586753845,0.5268480181694031
YKL209C,YML072C,0,3.0115623,0.12903225421905518,0.6948694586753845,0.5269491076469421
YER148W,YML060W,1,3.0115113,0.12917780876159668,0.6957695484161377,0.5269491076469421
YNL021W,YML065W,0,3.0114512,0.1291562169790268,0.6957695484161377,0.527050256729126
YMR135C,YNL265C,0,3.0113492,0.1291346400976181,0.6957695484161377,0.5271514058113098
YJL210W,YPL181W,0,3.0112286,0.1291130781173706,0.6957695484161377,0.5272524952888489
YHR042W,YJR019C,0,3.0111027,0.1290915161371231,0.6957695484161377,0.5273536443710327
YMR079W,YBL016W,0,3.0107145,0.1290699541568756,0.6957695484161377,0.5274547338485718
YKR024C,YKR065C,0,3.0105634,0.1290484070777893,0.6957695484161377,0.5275558829307556
YMR024W,YJR161C,0,3.0098825,0.1290268748998642,0.6957695484161377,0.5276569724082947
YOR234C,YCL010C,0,3.0097976,0.1290053427219391,0.6957695484161377,0.5277581214904785
YOR080W,YER176W,1,3.0096383,0.12915067374706268,0.6966696381568909,0.5277581214904785
YOL091W,YNL106C,0,3.0095143,0.12912912666797638,0.6966696381568909,0.5278592109680176
YPL170W,YGR207C,0,3.0093112,0.12910759449005127,0.6966696381568909,0.5279603600502014
YGL043W,YLL042C,0,3.0092993,0.12908606231212616,0.6966696381568909,0.5280615091323853
YHR091C,YBR004C,0,3.009241,0.12906453013420105,0.6966696381568909,0.5281625986099243
YER021W,YGR065C,0,3.0090013,0.12904301285743713,0.6966696381568909,0.5282637476921082
YHR003C,YJL092W,0,3.0088725,0.1290215104818344,0.6966696381568909,0.5283648371696472
YLL039C,YDL165W,0,3.0088115,0.1289999932050705,0.6966696381568909,0.528465986251831
YLR183C,YLL004W,1,3.0086002,0.12914514541625977,0.697569727897644,0.528465986251831
YGL250W,YGL245W,0,3.0085325,0.12912362813949585,0.697569727897644,0.5285670757293701
YER078C,YPL023C,0,3.0082474,0.12910211086273193,0.697569727897644,0.528668224811554
YEL077C,YGL150C,0,3.0081158,0.1290806084871292,0.697569727897644,0.528769314289093
YGL160W,YDL161W,0,3.0078034,0.12905912101268768,0.697569727897644,0.5288704633712769
YBR221C,YGL044C,0,3.0073233,0.12903763353824615,0.697569727897644,0.5289716124534607
YJR095W,YGR289C,0,3.0073175,0.12901614606380463,0.697569727897644,0.5290727019309998
YGL254W,YLR136C,1,3.0073028,0.12916111946105957,0.6984698176383972,0.5290727019309998
YML064C,YGL181W,0,3.0072122,0.12913961708545685,0.6984698176383972,0.5291738510131836
YHL009C,YKR098C,0,3.0072021,0.12911812961101532,0.6984698176383972,0.5292749404907227
YOL006C,YBR210W,0,3.0068698,0.12909665703773499,0.6984698176383972,0.5293760895729065
YIR028W,YOR298C-A,0,3.0068216,0.12907518446445465,0.6984698176383972,0.5294771790504456
YER179W,YBR278W,1,3.0065336,0.12922002375125885,0.6993699073791504,0.5294771790504456
YDR346C,YMR134W,0,3.006322,0.12919853627681732,0.6993699073791504,0.5295783281326294
YMR199W,YPL265W,0,3.0063038,0.129177063703537,0.6993699073791504,0.5296794176101685
YLR205C,YNL152W,0,3.0061731,0.12915559113025665,0.6993699073791504,0.5297805666923523
YNL087W,YKR039W,0,3.0059094,0.12913411855697632,0.6993699073791504,0.5298817157745361
YGR068C,YER035W,0,3.0055165,0.12911266088485718,0.6993699073791504,0.5299828052520752
YDL058W,YGR067C,0,3.0052986,0.12909121811389923,0.6993699073791504,0.530083954334259
YFR004W,YLR308W,0,3.0048943,0.1290697604417801,0.6993699073791504,0.5301850438117981
YGR271C-A,YLR272C,0,3.0047183,0.12904833257198334,0.6993699073791504,0.5302861928939819
YKL176C,YLR421C,0,3.0046077,0.12902690470218658,0.6993699073791504,0.530387282371521
YLR263W,YDR004W,1,3.0042596,0.12917150557041168,0.7002700567245483,0.530387282371521
YOL017W,YCR003W,0,3.0040927,0.12915006279945374,0.7002700567245483,0.5304884314537048
YLR307W,YGR087C,0,3.003961,0.12912863492965698,0.7002700567245483,0.5305895209312439
YKL120W,YJR088C,0,3.0039544,0.12910720705986023,0.7002700567245483,0.5306906700134277
YGR198W,YDL049C,0,3.0039415,0.12908577919006348,0.7002700567245483,0.5307917594909668
YOR234C,YDR163W,0,3.0038567,0.12906436622142792,0.7002700567245483,0.5308929085731506
YGL184C,YPL124W,0,3.0037675,0.12904295325279236,0.7002700567245483,0.5309940576553345
YJL137C,YOR017W,0,3.0031075,0.129021555185318,0.7002700567245483,0.5310951471328735
YFL062W,YHR183W,0,3.0030603,0.12900017201900482,0.7002700567245483,0.5311962962150574
YOR095C,YCR008W,0,3.0029826,0.12897877395153046,0.7002700567245483,0.5312973856925964
YDR392W,YDR043C,1,3.0029202,0.12912315130233765,0.7011701464653015,0.5312973856925964
YBR186W,YKR022C,0,3.002511,0.12910175323486328,0.7011701464653015,0.5313985347747803
YAR050W,YGR207C,0,3.0022254,0.1290803700685501,0.7011701464653015,0.5314996242523193
YGR059W,YEL004W,0,3.0022116,0.12905898690223694,0.7011701464653015,0.5316007733345032
YFL016C,YEL055C,0,3.0021482,0.12903760373592377,0.7011701464653015,0.5317018628120422
YCR069W,YGR249W,0,3.0018487,0.1290162354707718,0.7011701464653015,0.5318030118942261
YKL125W,YKL055C,0,3.0018191,0.1289948672056198,0.7011701464653015,0.5319041609764099
YML118W,YGR240C,0,3.0017686,0.12897351384162903,0.7011701464653015,0.532005250453949
YEL020C,YNL106C,0,3.0015507,0.12895216047763824,0.7011701464653015,0.5321063995361328
YLR226W,YDR084C,0,3.0014029,0.12893082201480865,0.7011701464653015,0.5322074890136719
YOR368W,YLR175W,1,3.0011902,0.12907496094703674,0.7020702362060547,0.5322074890136719
YGR203W,YPL086C,0,3.000896,0.12905360758304596,0.7020702362060547,0.5323086380958557
YBR265W,YIL015W,0,3.0008178,0.12903225421905518,0.7020702362060547,0.5324097275733948
YER119C,YKR086W,0,3.000803,0.12901091575622559,0.7020702362060547,0.5325108766555786
YMR161W,YOL119C,0,3.0006504,0.128989577293396,0.7020702362060547,0.5326119661331177
YBR139W,YGR249W,0,3.00064,0.1289682537317276,0.7020702362060547,0.5327131152153015
YKR098C,YKL092C,0,3.000434,0.1289469301700592,0.7020702362060547,0.5328142642974854
YKL027W,YNL275W,0,3.0000882,0.128925621509552,0.7020702362060547,0.5329153537750244
YER069W,YGL097W,0,2.9996963,0.1289043128490448,0.7020702362060547,0.5330165028572083
YJL184W,YJL093C,0,2.9995012,0.1288830190896988,0.7020702362060547,0.5331175923347473
YLR340W,YOR360C,0,2.9994912,0.12886172533035278,0.7020702362060547,0.5332187414169312
YLR410W,YNL327W,0,2.9988098,0.12884043157100677,0.7020702362060547,0.5333198308944702
YGL023C,YFR004W,0,2.998478,0.12881915271282196,0.7020702362060547,0.533420979976654
YMR293C,YLR003C,0,2.998373,0.12879788875579834,0.7020702362060547,0.5335220694541931
YBR302C,YKL184W,0,2.9980526,0.12877662479877472,0.7020702362060547,0.533623218536377
YDL066W,YDR538W,0,2.9978642,0.1287553608417511,0.7020702362060547,0.5337243676185608
YNL299W,YHR018C,0,2.9977736,0.12873411178588867,0.7020702362060547,0.5338254570960999
YOR149C,YMR092C,0,2.997767,0.12871287763118744,0.7020702362060547,0.5339266061782837
YDL181W,YKL188C,0,2.9977312,0.128691628575325,0.7020702362060547,0.5340276956558228
YBR302C,YDR338C,0,2.9975677,0.12867040932178497,0.7020702362060547,0.5341288447380066
YLR116W,YHR084W,0,2.9972672,0.12864919006824493,0.7020702362060547,0.5342299342155457
YHR191C,YHR091C,0,2.9972496,0.1286279708147049,0.7020702362060547,0.5343310832977295
YDR020C,YDR208W,0,2.9970627,0.12860676646232605,0.7020702362060547,0.5344321727752686
YHR191C,YOR303W,0,2.9970193,0.1285855621099472,0.7020702362060547,0.5345333218574524
YLL005C,YOL077W-A,0,2.9970193,0.12856435775756836,0.7020702362060547,0.5346344709396362
YKL015W,YER171W,1,2.996966,0.12870797514915466,0.7029703259468079,0.5346344709396362
YBL102W,YEL003W,0,2.996893,0.12868677079677582,0.7029703259468079,0.5347355604171753
YGR271C-A,YER011W,0,2.9966617,0.12866556644439697,0.7029703259468079,0.5348367094993591
YNL197C,YML121W,0,2.9958515,0.12864437699317932,0.7029703259468079,0.5349377989768982
YBR103W,YDR097C,0,2.9957495,0.12862318754196167,0.7029703259468079,0.535038948059082
YOL128C,YMR161W,0,2.995729,0.1286020129919052,0.7029703259468079,0.5351400375366211
YDR016C,YNR069C,0,2.995593,0.12858083844184875,0.7029703259468079,0.5352411866188049
YBL006C,YDR143C,0,2.9953866,0.1285596638917923,0.7029703259468079,0.535342276096344
YPR022C,YKR024C,0,2.995242,0.12853851914405823,0.7029703259468079,0.5354434251785278
YGL131C,YOR312C,0,2.9952388,0.12851735949516296,0.7029703259468079,0.5355445146560669
YJL154C,YDR264C,0,2.994954,0.1284962147474289,0.7029703259468079,0.5356456637382507
YCR028C-A,YBR161W,0,2.9947052,0.12847508490085602,0.7029703259468079,0.5357468128204346
YML062C,YER018C,0,2.9943857,0.12845394015312195,0.7029703259468079,0.5358479022979736
YOR033C,YEL020C,0,2.994224,0.12843282520771027,0.7029703259468079,0.5359490513801575
YHR191C,YGR038W,0,2.9941616,0.12841171026229858,0.7029703259468079,0.5360501408576965
YLR226W,YML118W,0,2.9940844,0.1283905953168869,0.7029703259468079,0.5361512899398804
YOR141C,YLR035C,0,2.993703,0.1283694952726364,0.7029703259468079,0.5362523794174194
YKR099W,YDR195W,1,2.9933586,0.12851274013519287,0.703870415687561,0.5362523794174194
YFL050C,YNL326C,0,2.9929848,0.1284916251897812,0.703870415687561,0.5363535284996033
YHR016C,YDR488C,0,2.9925156,0.1284705102443695,0.703870415687561,0.5364546179771423
YDL005C,YBR244W,0,2.9923544,0.12844941020011902,0.703870415687561,0.5365557670593262
YBR073W,YDR501W,1,2.9921975,0.12859255075454712,0.7047705054283142,0.5365557670593262
YHR134W,YMR283C,0,2.9920177,0.12857143580913544,0.7047705054283142,0.53665691614151
YCR073C,YKR018C,0,2.9919863,0.12855032086372375,0.7047705054283142,0.5367580056190491
YER065C,YGL044C,0,2.9919062,0.12852922081947327,0.7047705054283142,0.5368591547012329
YDR123C,YMR083W,0,2.9917464,0.12850812077522278,0.7047705054283142,0.536960244178772
YHR098C,YMR052W,0,2.9917283,0.12848703563213348,0.7047705054283142,0.5370613932609558
YIL099W,YNL106C,0,2.9915252,0.1284659504890442,0.7047705054283142,0.5371624827384949
YKL213C,YAR008W,0,2.9914947,0.1284448802471161,0.7047705054283142,0.5372636318206787
YNL090W,YOR197W,0,2.9913406,0.128423810005188,0.7047705054283142,0.5373647212982178
YPL045W,YLR119W,0,2.9908495,0.12840275466442108,0.7047705054283142,0.5374658703804016
YOR217W,YGR002C,1,2.9905744,0.12854565680027008,0.7056705951690674,0.5374658703804016
YLR408C,YLR453C,0,2.9904504,0.12852458655834198,0.7056705951690674,0.5375670194625854
YER065C,YHR176W,0,2.9904232,0.12850353121757507,0.7056705951690674,0.5376681089401245
YER042W,YKL012W,0,2.9899206,0.12848246097564697,0.7056705951690674,0.5377692580223083
YER065C,YJL154C,0,2.9898553,0.12846140563488007,0.7056705951690674,0.5378703474998474
YLR069C,YGR203W,0,2.9896393,0.12844036519527435,0.7056705951690674,0.5379714965820312
YLR084C,YPR112C,0,2.9895706,0.12841932475566864,0.7056705951690674,0.5380725860595703
YGR048W,YBR008C,0,2.9891968,0.12839829921722412,0.7056705951690674,0.5381737351417542
YIL050W,YIL017C,0,2.9891396,0.1283772736787796,0.7056705951690674,0.5382748246192932
YDL207W,YDR163W,0,2.9890866,0.12835624814033508,0.7056705951690674,0.538375973701477
YML039W,YBR154C,1,2.9888768,0.12849894165992737,0.7065706849098206,0.538375973701477
YOR229W,YIL023C,0,2.9887757,0.12847790122032166,0.7065706849098206,0.5384771227836609
YBR103W,YJL076W,0,2.988762,0.12845687568187714,0.7065706849098206,0.5385782122612
YDL004W,YLR355C,0,2.9885077,0.1284358650445938,0.7065706849098206,0.5386793613433838
YLR342W,YER169W,0,2.9877305,0.12841485440731049,0.7065706849098206,0.5387804508209229
YGL033W,YML051W,1,2.9873848,0.12855741381645203,0.7074707746505737,0.5387804508209229
YKL046C,YNR039C,0,2.987359,0.1285363882780075,0.7074707746505737,0.5388815999031067
YOR208W,YDR237W,0,2.987348,0.128515362739563,0.7074707746505737,0.5389826893806458
YDL103C,YNL321W,0,2.987205,0.12849436700344086,0.7074707746505737,0.5390838384628296
YIL023C,YGL020C,0,2.9871192,0.12847335636615753,0.7074707746505737,0.5391849279403687
YPL187W,YMR305C,0,2.9870763,0.1284523606300354,0.7074707746505737,0.5392860770225525
YGL048C,YPL236C,0,2.986806,0.12843137979507446,0.7074707746505737,0.5393872261047363
YBR217W,YBR004C,0,2.9867058,0.12841038405895233,0.7074707746505737,0.5394883155822754
YBL046W,YNR049C,0,2.9866638,0.1283894181251526,0.7074707746505737,0.5395894646644592
YCL011C,YDR409W,0,2.9866152,0.12836845219135284,0.7074707746505737,0.5396905541419983
YML110C,YOR210W,0,2.9865203,0.1283474862575531,0.7074707746505737,0.5397917032241821
YHR003C,YMR030W,0,2.9863362,0.12832653522491455,0.7074707746505737,0.5398927927017212
YBR132C,YDL079C,0,2.985693,0.128305584192276,0.7074707746505737,0.539993941783905
YBR216C,YAL014C,0,2.985683,0.12828464806079865,0.7074707746505737,0.5400950312614441
YDL193W,YHR072W-A,0,2.9855633,0.1282637119293213,0.7074707746505737,0.5401961803436279
YCR102C,YER124C,0,2.9854665,0.12824277579784393,0.7074707746505737,0.5402973294258118
YGR192C,YNL327W,0,2.9854212,0.12822185456752777,0.7074707746505737,0.5403984189033508
YOL128C,YLR110C,0,2.9853983,0.1282009482383728,0.7074707746505737,0.5404995679855347
YDL193W,YKL216W,0,2.9852,0.12818004190921783,0.7074707746505737,0.5406006574630737
YOR197W,YLR119W,0,2.984898,0.12815913558006287,0.7074707746505737,0.5407018065452576
YDR506C,YKL221W,0,2.984849,0.1281382441520691,0.7074707746505737,0.5408028960227966
YDR153C,YER006W,0,2.984817,0.12811735272407532,0.7074707746505737,0.5409040451049805
YLL039C,YDL174C,0,2.9844031,0.12809647619724274,0.7074707746505737,0.5410051345825195
YDL226C,YBL067C,0,2.9843206,0.12807559967041016,0.7074707746505737,0.5411062836647034
YFL052W,YDL020C,1,2.9842768,0.1282176673412323,0.7083708643913269,0.5411062836647034
YCR067C,YNR026C,0,2.9842057,0.12819677591323853,0.7083708643913269,0.5412073731422424
YCR069W,YHR032W,0,2.9837651,0.12817589938640594,0.7083708643913269,0.5413085222244263
YJR137C,YJR067C,0,2.9836478,0.12815502285957336,0.7083708643913269,0.5414096713066101
YNL124W,YDR155C,0,2.9834247,0.12813416123390198,0.7083708643913269,0.5415107607841492
YML029W,YNL152W,0,2.9833908,0.1281132996082306,0.7083708643913269,0.541611909866333
YMR280C,YDL066W,0,2.9832354,0.1280924528837204,0.7083708643913269,0.5417129993438721
YPL037C,YBR161W,0,2.982936,0.1280716061592102,0.7083708643913269,0.5418141484260559
YDR191W,YNL047C,0,2.9828625,0.1280507594347,0.7083708643913269,0.541915237903595
YOL146W,YBL019W,0,2.982236,0.128029927611351,0.7083708643913269,0.5420163869857788
YLR226W,YJL091C,0,2.9821134,0.1280091106891632,0.7083708643913269,0.5421174764633179
YLR398C,YPL108W,0,2.9818254,0.1279882937669754,0.7083708643913269,0.5422186255455017
YFL016C,YMR060C,0,2.9816737,0.1279674768447876,0.7083708643913269,0.5423197746276855
YBL040C,YML046W,0,2.9816122,0.127946674823761,0.7083708643913269,0.5424208641052246
YOR005C,YPR066W,0,2.9816065,0.12792587280273438,0.7083708643913269,0.5425220131874084
YBR132C,YKL213C,0,2.9814076,0.12790508568286896,0.7083708643913269,0.5426231026649475
YLR278C,YBR060C,1,2.9810138,0.12804679572582245,0.7092709541320801,0.5426231026649475
YDR446W,YGL160W,0,2.9807954,0.12802599370479584,0.7092709541320801,0.5427242517471313
YLR431C,YML072C,0,2.9804196,0.12800519168376923,0.7092709541320801,0.5428253412246704
YER006W,YPL124W,0,2.979815,0.1279844045639038,0.7092709541320801,0.5429264903068542
YLR057W,YBL003C,0,2.979329,0.1279636174440384,0.7092709541320801,0.5430275797843933
YBR077C,YDR541C,0,2.9793205,0.12794284522533417,0.7092709541320801,0.5431287288665771
YBR234C,YHR045W,0,2.9792695,0.12792207300662994,0.7092709541320801,0.543229877948761
YKR080W,YNL224C,0,2.9791875,0.12790131568908691,0.7092709541320801,0.5433309674263
YGR227W,YJL204C,0,2.9791775,0.12788055837154388,0.7092709541320801,0.5434321165084839
YKL107W,YPL072W,0,2.9789958,0.12785981595516205,0.7092709541320801,0.543533205986023
YDL064W,YHR034C,0,2.9789672,0.12783905863761902,0.7092709541320801,0.5436343550682068
YBR203W,YPR101W,0,2.9787507,0.12781833112239838,0.7092709541320801,0.5437354445457458
YNL299W,YNL106C,0,2.9785652,0.12779760360717773,0.7092709541320801,0.5438365936279297
YDR146C,YHR146W,1,2.9783845,0.12793903052806854,0.7101710438728333,0.5438365936279297
YMR309C,YPL270W,0,2.977816,0.1279182881116867,0.7101710438728333,0.5439376831054688
YIL082W-A,YNL305C,0,2.977788,0.12789754569530487,0.7101710438728333,0.5440388321876526
YNL209W,YGL130W,0,2.9775147,0.12787681818008423,0.7101710438728333,0.5441399812698364
YMR119W,YHR045W,0,2.9774318,0.12785610556602478,0.7101710438728333,0.5442410707473755
YKR087C,YOR198C,0,2.9772744,0.12783539295196533,0.7101710438728333,0.5443422198295593
YCL026C-A,YER004W,0,2.9772596,0.12781468033790588,0.7101710438728333,0.5444433093070984
YCR040W,YKR099W,1,2.9769812,0.12795594334602356,0.7110711336135864,0.5444433093070984
YDR489W,YKL157W,0,2.976941,0.12793521583080292,0.7110711336135864,0.5445444583892822
YGR183C,YJL002C,0,2.9764872,0.12791450321674347,0.7110711336135864,0.5446455478668213
YCR027C,YCR069W,0,2.9763541,0.12789380550384521,0.7110711336135864,0.5447466969490051
YBR302C,YLR378C,0,2.9762268,0.12787309288978577,0.7110711336135864,0.5448477864265442
YKL092C,YGL008C,0,2.9760036,0.1278524100780487,0.7110711336135864,0.544948935508728
YPL016W,YGR125W,0,2.975803,0.12783171236515045,0.7110711336135864,0.5450500845909119
YHR191C,YPR079W,0,2.9756322,0.1278110295534134,0.7110711336135864,0.5451511740684509
YLR421C,YNL097C,0,2.9754195,0.12779036164283752,0.7110711336135864,0.5452523231506348
YDL002C,YLR022C,0,2.9753976,0.12776969373226166,0.7110711336135864,0.5453534126281738
YBR290W,YLR256W,0,2.975315,0.1277490258216858,0.7110711336135864,0.5454545617103577
YER144C,YPL032C,0,2.9752293,0.12772837281227112,0.7110711336135864,0.5455556511878967
YFL050C,YDR477W,0,2.97509,0.12770771980285645,0.7110711336135864,0.5456568002700806
YBL006C,YPR124W,0,2.9749384,0.12768708169460297,0.7110711336135864,0.5457578897476196
YGR128C,YLL042C,0,2.9748726,0.12766645848751068,0.7110711336135864,0.5458590388298035
YGL160W,YKL084W,0,2.9747615,0.1276458203792572,0.7110711336135864,0.5459601283073425
YEL020C,YCR003W,0,2.9746146,0.12762519717216492,0.7110711336135864,0.5460612773895264
YPR185W,YDL122W,0,2.9744987,0.12760458886623383,0.7110711336135864,0.5461624264717102
YJR014W,YKR001C,0,2.9743304,0.12758398056030273,0.7110711336135864,0.5462635159492493
YIL041W,YHR128W,0,2.9742947,0.12756337225437164,0.7110711336135864,0.5463646650314331
YDR020C,YDR324C,0,2.9742632,0.12754277884960175,0.7110711336135864,0.5464657545089722
YMR190C,YOR030W,0,2.974215,0.12752220034599304,0.7110711336135864,0.546566903591156
YKL101W,YFR044C,0,2.974204,0.12750160694122314,0.7110711336135864,0.5466679930686951
YJL113W,YBL071W-A,0,2.973917,0.12748104333877563,0.7110711336135864,0.5467691421508789
YOL008W,YPL072W,0,2.9737659,0.12746046483516693,0.7110711336135864,0.546870231628418
YDL126C,YMR060C,0,2.9737473,0.12743991613388062,0.7110711336135864,0.5469713807106018
YEL063C,YJL151C,0,2.973403,0.1274193525314331,0.7110711336135864,0.5470725297927856
YNL326C,YMR231W,0,2.9730325,0.1273988038301468,0.7110711336135864,0.5471736192703247
YPL088W,YPL012W,0,2.9730134,0.12737827003002167,0.7110711336135864,0.5472747683525085
YBR009C,YHR146W,1,2.9727993,0.1275189369916916,0.7119712233543396,0.5472747683525085
YDR349C,YIL168W,0,2.9726214,0.12749838829040527,0.7119712233543396,0.5473758578300476
YGR108W,YJR152W,0,2.9725027,0.12747783958911896,0.7119712233543396,0.5474770069122314
YIL049W,YDL014W,0,2.9719143,0.12745730578899384,0.7119712233543396,0.5475780963897705
YPL045W,YEL046C,0,2.971561,0.1274367719888687,0.7119712233543396,0.5476792454719543
YML123C,YBL066C,0,2.9712372,0.1274162381887436,0.7119712233543396,0.5477803349494934
YNL058C,YMR167W,0,2.9711585,0.12739571928977966,0.7119712233543396,0.5478814840316772
YDL159W,YOL021C,0,2.9708438,0.12737520039081573,0.7119712233543396,0.5479826331138611
YBL005W-A,YNL326C,0,2.9703732,0.127354696393013,0.7119712233543396,0.5480837225914001
YJL176C,YDR440W,1,2.9701233,0.1274951696395874,0.7128713130950928,0.5480837225914001
YPL045W,YBR068C,0,2.9700365,0.12747465074062347,0.7128713130950928,0.548184871673584
YOR368W,YDL200C,1,2.970007,0.1276150643825531,0.713771402835846,0.548184871673584
YGR049W,YGL011C,0,2.9697475,0.12759453058242798,0.713771402835846,0.548285961151123
YER004W,YPL270W,0,2.9696836,0.12757399678230286,0.713771402835846,0.5483871102333069
YHR042W,YKL084W,0,2.969451,0.12755347788333893,0.713771402835846,0.548488199710846
YER069W,YCR003W,0,2.9691277,0.1275329738855362,0.713771402835846,0.5485893487930298
YOR178C,YLL010C,0,2.9688807,0.12751245498657227,0.713771402835846,0.5486904382705688
YJL123C,YAL001C,0,2.9686613,0.12749196588993073,0.713771402835846,0.5487915873527527
YBR298C,YDR258C,0,2.9683576,0.127471461892128,0.713771402835846,0.5488927364349365
YDL153C,YPL023C,0,2.968236,0.12745098769664764,0.713771402835846,0.5489938259124756
YGR068C,YBR018C,0,2.9681358,0.1274304986000061,0.713771402835846,0.5490949749946594
YBR215W,YOR005C,0,2.9679089,0.12741002440452576,0.713771402835846,0.5491960644721985
YBR203W,YFL031W,0,2.9675765,0.1273895651102066,0.713771402835846,0.5492972135543823
YDL226C,YBR136W,0,2.9674025,0.12736909091472626,0.713771402835846,0.5493983030319214
YBL045C,YGL077C,0,2.9673615,0.1273486465215683,0.713771402835846,0.5494994521141052
YOR298C-A,YGL012W,0,2.9670386,0.12732820212841034,0.713771402835846,0.5496005415916443
YDR006C,YKL073W,0,2.9670277,0.12730775773525238,0.713771402835846,0.5497016906738281
YGR096W,YKL137W,0,2.9670053,0.12728731334209442,0.713771402835846,0.549802839756012
YPL132W,YKL184W,0,2.9669738,0.12726689875125885,0.713771402835846,0.549903929233551
YHR050W,YDR489W,0,2.9666271,0.12724646925926208,0.713771402835846,0.5500050783157349
YPL164C,YER166W,0,2.9665713,0.1272260546684265,0.713771402835846,0.5501061677932739
YOR033C,YCL011C,1,2.9663587,0.1273660510778427,0.7146714925765991,0.5501061677932739
YDR171W,YGL022W,0,2.9663305,0.12734563648700714,0.7146714925765991,0.5502073168754578
YLL052C,YOR198C,0,2.966251,0.12732520699501038,0.7146714925765991,0.5503084063529968
YNL126W,YJR014W,0,2.9662251,0.1273047924041748,0.7146714925765991,0.5504095554351807
YCR068W,YLL036C,0,2.9661856,0.12728439271450043,0.7146714925765991,0.5505106449127197
YDL178W,YGL181W,0,2.9661694,0.12726397812366486,0.7146714925765991,0.5506117939949036
YPR094W,YDL042C,0,2.9657412,0.12724359333515167,0.7146714925765991,0.5507129430770874
YPL009C,YLL023C,0,2.9652982,0.1272232085466385,0.7146714925765991,0.5508140325546265
YBL099W,YIL158W,0,2.9652448,0.1272028237581253,0.7146714925765991,0.5509151816368103
YGL017W,YPL118W,0,2.9651122,0.12718243896961212,0.7146714925765991,0.5510162711143494
YOR094W,YHR098C,0,2.9650583,0.12716206908226013,0.7146714925765991,0.5511174201965332
YDR194C,YPL024W,0,2.964872,0.12714171409606934,0.7146714925765991,0.5512185096740723
YPL066W,YBR044C,0,2.96487,0.12712135910987854,0.7146714925765991,0.5513196587562561
YAR014C,YPL275W,0,2.9648619,0.12710100412368774,0.7146714925765991,0.5514207482337952
YCR067C,YPR082C,0,2.9648614,0.12708066403865814,0.7146714925765991,0.551521897315979
YOR362C,YOR190W,0,2.9643579,0.12706032395362854,0.7146714925765991,0.5516229867935181
YDR382W,YIL010W,0,2.9642973,0.12703999876976013,0.7146714925765991,0.5517241358757019
YBL103C,YOR304W,1,2.964242,0.12717965245246887,0.7155715823173523,0.5517241358757019
YGL044C,YPL228W,0,2.9638305,0.12715931236743927,0.7155715823173523,0.5518252849578857
YHR123W,YIR010W,0,2.963653,0.12713897228240967,0.7155715823173523,0.5519263744354248
YPL081W,YMR162C,0,2.9631844,0.12711864709854126,0.7155715823173523,0.5520275235176086
YPR181C,YOR005C,0,2.9631152,0.12709832191467285,0.7155715823173523,0.5521286129951477
YKL092C,YIL110W,0,2.963027,0.12707801163196564,0.7155715823173523,0.5522297620773315
YBR265W,YLR421C,0,2.9629946,0.12705770134925842,0.7155715823173523,0.5523308515548706
YBR127C,YML121W,0,2.9629898,0.1270373910665512,0.7155715823173523,0.5524320006370544
YDL010W,YOR375C,0,2.9629545,0.1270170956850052,0.7155715823173523,0.5525330901145935
YPL256C,YGL254W,0,2.9624534,0.12699680030345917,0.7155715823173523,0.5526342391967773
YDR307W,YFL003C,0,2.9624038,0.12697651982307434,0.7155715823173523,0.5527353882789612
YER119C,YGL254W,0,2.961537,0.12695623934268951,0.7155715823173523,0.5528364777565002
YOR362C,YIL110W,0,2.9613862,0.12693597376346588,0.7155715823173523,0.5529376268386841
YBR073W,YGL150C,1,2.961145,0.12707534432411194,0.7164716720581055,0.5529376268386841
YPL023C,YLR066W,0,2.9610028,0.1270550638437271,0.7164716720581055,0.5530387163162231
YMR216C,YIL122W,0,2.9606729,0.12703479826450348,0.7164716720581055,0.553139865398407
YGL181W,YNL152W,0,2.960441,0.12701451778411865,0.7164716720581055,0.553240954875946
YML078W,YBR102C,0,2.9602642,0.12699425220489502,0.7164716720581055,0.5533421039581299
YDR191W,YGL201C,1,2.9600735,0.12713351845741272,0.7173717617988586,0.5533421039581299
YGR157W,YOL128C,0,2.9600377,0.1271132379770279,0.7173717617988586,0.553443193435669
YER011W,YPR022C,0,2.9600215,0.12709297239780426,0.7173717617988586,0.5535443425178528
YFL034C-A,YJL100W,0,2.9596882,0.12707270681858063,0.7173717617988586,0.5536454916000366
YFL055W,YCL026C-A,0,2.9592776,0.127052441239357,0.7173717617988586,0.5537465810775757
YPR181C,YPR066W,0,2.9591007,0.12703219056129456,0.7173717617988586,0.5538477301597595
YGR005C,YPR065W,1,2.959031,0.12717130780220032,0.7182718515396118,0.5538477301597595
YBR083W,YJR147W,1,2.9588456,0.1273103952407837,0.719171941280365,0.5538477301597595
YLR148W,YCR097W,0,2.9586506,0.12729009985923767,0.719171941280365,0.5539488196372986
YPL242C,YBL066C,0,2.9586315,0.12726983428001404,0.719171941280365,0.5540499687194824
YDR084C,YCL010C,0,2.958593,0.1272495687007904,0.719171941280365,0.5541510581970215
YBR235W,YMR083W,0,2.95851,0.12722930312156677,0.719171941280365,0.5542522072792053
YOR354C,YHL018W,0,2.9584918,0.12720903754234314,0.719171941280365,0.5543532967567444
YBR275C,YBL066C,1,2.9580517,0.12734797596931458,0.7200720310211182,0.5543532967567444
YGL086W,YDL014W,0,2.9579782,0.12732771039009094,0.7200720310211182,0.5544544458389282
YJR091C,YDL239C,0,2.9577775,0.1273074448108673,0.7200720310211182,0.5545555949211121
YKL109W,YPR065W,1,2.9577608,0.12744629383087158,0.7209721207618713,0.5545555949211121
YDR338C,YER118C,0,2.9577045,0.12742602825164795,0.7209721207618713,0.5546566843986511
YLR116W,YMR014W,0,2.9576998,0.12740576267242432,0.7209721207618713,0.554757833480835
YGL130W,YGL245W,0,2.957581,0.12738549709320068,0.7209721207618713,0.554858922958374
YLR084C,YLL052C,0,2.9574928,0.12736524641513824,0.7209721207618713,0.5549600720405579
YBR103W,YOL021C,0,2.9571419,0.1273449957370758,0.7209721207618713,0.5550611615180969
YPL265W,YHR026W,0,2.9569225,0.12732474505901337,0.7209721207618713,0.5551623106002808
YHR091C,YDL104C,0,2.9566946,0.12730450928211212,0.7209721207618713,0.5552634000778198
YCL033C,YPL081W,0,2.9566474,0.12728428840637207,0.7209721207618713,0.5553645491600037
YJL209W,YMR083W,0,2.956469,0.12726406753063202,0.7209721207618713,0.5554656982421875
YKL184W,YOR010C,0,2.9564433,0.12724384665489197,0.7209721207618713,0.5555667877197266
YMR161W,YPL046C,0,2.9564028,0.1272236406803131,0.7209721207618713,0.5556679368019104
YDR210W,YMR244C-A,0,2.9563894,0.12720343470573425,0.7209721207618713,0.5557690262794495
YKL176C,YCR043C,0,2.9563231,0.1271832287311554,0.7209721207618713,0.5558701753616333
YDR354W,YLR399C,0,2.9561596,0.12716303765773773,0.7209721207618713,0.5559712648391724
YDL010W,YPR140W,0,2.9560866,0.12714286148548126,0.7209721207618713,0.5560724139213562
YLR297W,YML038C,0,2.955974,0.1271226853132248,0.7209721207618713,0.5561735033988953
YOL049W,YJL036W,0,2.9559546,0.12710250914096832,0.7209721207618713,0.5562746524810791
YLR128W,YOL058W,0,2.9557552,0.12708234786987305,0.7209721207618713,0.5563757419586182
YGR109C,YDR079C-A,0,2.95572,0.12706218659877777,0.7209721207618713,0.556476891040802
YNL264C,YDR079C-A,0,2.955719,0.1270420253276825,0.7209721207618713,0.5565780401229858
YPL037C,YIL031W,0,2.955545,0.1270218789577484,0.7209721207618713,0.5566791296005249
YJL184W,YGL153W,0,2.9555173,0.12700174748897552,0.7209721207618713,0.5567802786827087
YDR462W,YDL044C,0,2.955052,0.12698161602020264,0.7209721207618713,0.5568813681602478
YNR063W,YNL151C,1,2.9549165,0.1271199882030487,0.7218722105026245,0.5568813681602478
YNL124W,YPL118W,0,2.9548607,0.12709984183311462,0.7218722105026245,0.5569825172424316
YIL040W,YPL228W,0,2.9546213,0.12707969546318054,0.7218722105026245,0.5570836067199707
YDR302W,YER172C,0,2.9545898,0.12705956399440765,0.7218722105026245,0.5571847558021545
YDR307W,YOR073W,0,2.9545407,0.12703944742679596,0.7218722105026245,0.5572858452796936
YDR348C,YML072C,0,2.9540687,0.12701931595802307,0.7218722105026245,0.5573869943618774
YLR138W,YOR362C,0,2.9539866,0.12699921429157257,0.7218722105026245,0.5574881434440613
YDL212W,YER026C,0,2.9539266,0.12697909772396088,0.7218722105026245,0.5575892329216003
YKR018C,YNL224C,0,2.9534278,0.12695899605751038,0.7218722105026245,0.5576903820037842
YMR280C,YJL093C,0,2.95338,0.12693890929222107,0.7218722105026245,0.5577914714813232
YHL022C,YDR085C,0,2.9533768,0.12691882252693176,0.7218722105026245,0.5578926205635071
YOR214C,YGR172C,0,2.953228,0.12689873576164246,0.7218722105026245,0.5579937100410461
YER179W,YML051W,1,2.9531364,0.12703685462474823,0.7227723002433777,0.5579937100410461
YNR054C,YOL017W,0,2.9530802,0.12701676785945892,0.7227723002433777,0.55809485912323
YHR050W,YDL236W,0,2.9530087,0.12699668109416962,0.7227723002433777,0.558195948600769
YFL008W,YNL265C,0,2.952777,0.1269765943288803,0.7227723002433777,0.5582970976829529
YPR029C,YAR008W,0,2.9525642,0.1269565224647522,0.7227723002433777,0.5583982467651367
YCL011C,YNL097C,0,2.9522943,0.12693645060062408,0.7227723002433777,0.5584993362426758
YOL033W,YIL129C,0,2.951922,0.12691639363765717,0.7227723002433777,0.5586004853248596
YDR346C,YLR298C,0,2.9518828,0.12689633667469025,0.7227723002433777,0.5587015748023987
YBR039W,YNR051C,0,2.9517488,0.12687627971172333,0.7227723002433777,0.5588027238845825
YBR088C,YDR354W,0,2.951519,0.1268562376499176,0.7227723002433777,0.5589038133621216
YMR189W,YIL121W,0,2.951508,0.12683619558811188,0.7227723002433777,0.5590049624443054
YAL001C,YMR241W,1,2.9513512,0.12697410583496094,0.7236723899841309,0.5590049624443054
YLR144C,YDR541C,0,2.9505033,0.12695404887199402,0.7236723899841309,0.5591060519218445
YPL192C,YJL100W,0,2.9501443,0.1269340068101883,0.7236723899841309,0.5592072010040283
YPL020C,YGL054C,0,2.9501305,0.12691396474838257,0.7236723899841309,0.5593083500862122
YMR044W,YML065W,0,2.9497142,0.12689393758773804,0.7236723899841309,0.5594094395637512
YOR362C,YMR068W,0,2.9494748,0.1268739104270935,0.7236723899841309,0.5595105886459351
YIR028W,YDR324C,0,2.949234,0.12685389816761017,0.7236723899841309,0.5596116781234741
YDR408C,YLR242C,0,2.948957,0.12683388590812683,0.7236723899841309,0.559712827205658
YBR077C,YPL265W,0,2.9488869,0.1268138736486435,0.7236723899841309,0.559813916683197
YGR157W,YMR271C,0,2.94876,0.12679387629032135,0.7236723899841309,0.5599150657653809
YKL188C,YBR135W,0,2.948657,0.1267738938331604,0.7236723899841309,0.5600161552429199
YBL046W,YDR302W,0,2.9485955,0.12675389647483826,0.7236723899841309,0.5601173043251038
YBR110W,YML075C,0,2.9485135,0.1267339289188385,0.7236723899841309,0.5602184534072876
YDR363W,YNL093W,0,2.9482484,0.12671394646167755,0.7236723899841309,0.5603195428848267
YLR408C,YIL044C,0,2.9480515,0.1266939789056778,0.7236723899841309,0.5604206919670105
YAR003W,YHR016C,0,2.9480448,0.12667402625083923,0.7236723899841309,0.5605217814445496
YIL015W,YHR072W-A,0,2.9478698,0.12665405869483948,0.7236723899841309,0.5606229305267334
YML126C,YEL003W,0,2.9478588,0.1266341209411621,0.7236723899841309,0.5607240200042725
YDL002C,YGL079W,0,2.94764,0.12661416828632355,0.7236723899841309,0.5608251690864563
YDR142C,YOR375C,0,2.947186,0.12659423053264618,0.7236723899841309,0.5609262585639954
YOR118W,YEL004W,0,2.947164,0.12657430768013,0.7236723899841309,0.5610274076461792
YML066C,YPL255W,0,2.9469066,0.12655438482761383,0.7236723899841309,0.5611284971237183
YNL088W,YNL169C,0,2.9468145,0.12653446197509766,0.7236723899841309,0.5612296462059021
YGR172C,YLR319C,0,2.946392,0.12651455402374268,0.7236723899841309,0.5613307952880859
YHR200W,YOR295W,0,2.9459043,0.1264946460723877,0.7236723899841309,0.561431884765625
YKR022C,YIR028W,0,2.9458065,0.1264747530221939,0.7236723899841309,0.5615330338478088
YNR063W,YJL100W,0,2.9458065,0.12645485997200012,0.7236723899841309,0.5616341233253479
YNL072W,YDR488C,0,2.9457936,0.12643496692180634,0.7236723899841309,0.5617352724075317
YGR121C,YFR028C,0,2.9446878,0.12641508877277374,0.7236723899841309,0.5618363618850708
YOR028C,YBR044C,0,2.9446874,0.12639522552490234,0.7236723899841309,0.5619375109672546
YLR141W,YLR035C,1,2.9446087,0.12653253972530365,0.724572479724884,0.5619375109672546
YDR522C,YGL044C,0,2.9444942,0.12651264667510986,0.724572479724884,0.5620386004447937
YFL024C,YMR278W,0,2.9442039,0.12649276852607727,0.724572479724884,0.5621397495269775
YNR023W,YHR143W-A,0,2.9441404,0.12647290527820587,0.724572479724884,0.5622408986091614
YCR068W,YLR431C,0,2.9436865,0.12645302712917328,0.724572479724884,0.5623419880867004
YKL125W,YHR062C,0,2.9436803,0.12643316388130188,0.724572479724884,0.5624431371688843
YKL049C,YOR028C,1,2.9436178,0.12657035887241364,0.7254725694656372,0.5624431371688843
YDL052C,YNL125C,0,2.943523,0.12655048072338104,0.7254725694656372,0.5625442266464233
YEL026W,YDR307W,0,2.9434705,0.12653061747550964,0.7254725694656372,0.5626453757286072
YLR144C,YPR181C,0,2.9433584,0.12651075422763824,0.7254725694656372,0.5627464652061462
YHR206W,YOR304W,1,2.9432297,0.12664783000946045,0.7263726592063904,0.5627464652061462
YOL008W,YBL101C,0,2.942522,0.12662796676158905,0.7263726592063904,0.5628476142883301
YBL036C,YJL203W,0,2.9423532,0.12660808861255646,0.7263726592063904,0.5629487037658691
YNL154C,YGR013W,0,2.9419098,0.12658824026584625,0.7263726592063904,0.563049852848053
YNL299W,YOR010C,0,2.9416676,0.12656837701797485,0.7263726592063904,0.5631510019302368
YKL107W,YCR079W,0,2.9415393,0.12654852867126465,0.7263726592063904,0.5632520914077759
YOL094C,YKR001C,0,2.9412408,0.12652869522571564,0.7263726592063904,0.5633532404899597
YJL177W,YML075C,0,2.9411745,0.12650886178016663,0.7263726592063904,0.5634543299674988
YKL038W,YAL019W,1,2.9404926,0.1266457736492157,0.7272727489471436,0.5634543299674988
YGR288W,YHR084W,1,2.9401708,0.1267826408147812,0.7281728386878967,0.5634543299674988
YGL079W,YCR023C,0,2.9401326,0.1267627775669098,0.7281728386878967,0.5635554790496826
YGL017W,YJL204C,0,2.9393735,0.1267429143190384,0.7281728386878967,0.5636565685272217
YHR134W,YNL316C,0,2.9391418,0.126723051071167,0.7281728386878967,0.5637577176094055
YNL222W,YPL003W,0,2.939126,0.12670321762561798,0.7281728386878967,0.5638588070869446
YOL006C,YGL002W,0,2.9390397,0.12668336927890778,0.7281728386878967,0.5639599561691284
YNL209W,YOL060C,0,2.9384727,0.12666353583335876,0.7281728386878967,0.5640611052513123
YPL170W,YOR198C,0,2.938017,0.12664370238780975,0.7281728386878967,0.5641621947288513
YGR247W,YBR221C,0,2.9379187,0.12662388384342194,0.7281728386878967,0.5642633438110352
YJL122W,YML046W,0,2.937533,0.12660406529903412,0.7281728386878967,0.5643644332885742
YLR405W,YBR167C,0,2.937396,0.1265842616558075,0.7281728386878967,0.5644655823707581
YKL027W,YIR021W,0,2.9373436,0.12656445801258087,0.7281728386878967,0.5645666718482971
YKL101W,YLR035C,0,2.9371357,0.12654465436935425,0.7281728386878967,0.564667820930481
YGR163W,YNL097C,0,2.9361696,0.12652486562728882,0.7281728386878967,0.56476891040802
YGL020C,YHR072W-A,0,2.93611,0.1265050768852234,0.7281728386878967,0.5648700594902039
YOL097C,YIL063C,0,2.935935,0.12648530304431915,0.7281728386878967,0.5649712085723877
YML019W,YNL047C,0,2.9359279,0.12646552920341492,0.7281728386878967,0.5650722980499268
YKL027W,YNL299W,0,2.9355216,0.12644577026367188,0.7281728386878967,0.5651734471321106
YGL181W,YMR060C,0,2.9354181,0.12642601132392883,0.7281728386878967,0.5652745366096497
YNL090W,YHL022C,0,2.935245,0.1264062523841858,0.7281728386878967,0.5653756856918335
YIL015W,YNL270C,0,2.9352317,0.12638650834560394,0.7281728386878967,0.5654767751693726
YPL164C,YBR106W,0,2.9352298,0.1263667643070221,0.7281728386878967,0.5655779242515564
YBL054W,YNL139C,1,2.9352083,0.12650319933891296,0.7290729284286499,0.5655779242515564
YJR047C,YER183C,0,2.9351945,0.12648344039916992,0.7290729284286499,0.5656790137290955
YGL011C,YDL150W,0,2.9349313,0.12646369636058807,0.7290729284286499,0.5657801628112793
YEL077C,YHR042W,0,2.934506,0.12644395232200623,0.7290729284286499,0.5658813118934631
YGR152C,YJL203W,0,2.9342356,0.12642422318458557,0.7290729284286499,0.5659824013710022
YKL208W,YBR236C,0,2.9340677,0.12640449404716492,0.7290729284286499,0.566083550453186
YNL009W,YPR004C,0,2.9338655,0.12638476490974426,0.7290729284286499,0.5661846399307251
YNL245C,YOR100C,0,2.9338317,0.1263650506734848,0.7290729284286499,0.5662857890129089
YHR098C,YMR060C,0,2.933807,0.12634535133838654,0.7290729284286499,0.566386878490448
YER019W,YNL305C,0,2.9336214,0.12632563710212708,0.7290729284286499,0.5664880275726318
YER042W,YPR022C,0,2.9333096,0.1263059377670288,0.7290729284286499,0.5665891170501709
YER011W,YPL086C,0,2.933114,0.12628625333309174,0.7290729284286499,0.5666902661323547
YBR084C-A,YJL210W,0,2.933024,0.12626656889915466,0.7290729284286499,0.5667913556098938
YOL034W,YLR229C,0,2.9330044,0.1262468844652176,0.7290729284286499,0.5668925046920776
YHR112C,YPL069C,0,2.932815,0.1262272149324417,0.7290729284286499,0.5669936537742615
YER039C,YHR026W,0,2.9327965,0.12620754539966583,0.7290729284286499,0.5670947432518005
YOL115W,YMR047C,0,2.9327035,0.12618787586688995,0.7290729284286499,0.5671958923339844
YOR094W,YLR226W,0,2.9326758,0.12616822123527527,0.7290729284286499,0.5672969818115234
YKL125W,YPL066W,0,2.9325323,0.12614858150482178,0.7290729284286499,0.5673981308937073
YHL009C,YHL027W,1,2.9320383,0.1262846440076828,0.7299730181694031,0.5673981308937073
YLR376C,YMR236W,0,2.9320273,0.12626498937606812,0.7299730181694031,0.5674992203712463
YIL040W,YLR453C,0,2.9315429,0.12624533474445343,0.7299730181694031,0.5676003694534302
YNL218W,YOL089C,1,2.9315362,0.12638132274150848,0.7308731079101562,0.5676003694534302
YNR023W,YLL005C,0,2.9314327,0.1263616532087326,0.7308731079101562,0.5677014589309692
YCR042C,YGR209C,0,2.9313536,0.12634199857711792,0.7308731079101562,0.5678026080131531
YML110C,YPL162C,0,2.9310775,0.12632234394550323,0.7308731079101562,0.5679037570953369
YCR079W,YOR100C,0,2.9308653,0.12630268931388855,0.7308731079101562,0.568004846572876
YGR109C,YJR002W,0,2.9307404,0.12628304958343506,0.7308731079101562,0.5681059956550598
YNL257C,YNL067W,0,2.9304132,0.12626340985298157,0.7308731079101562,0.5682070851325989
YLR132C,YNL037C,0,2.9303646,0.12624378502368927,0.7308731079101562,0.5683082342147827
YDL226C,YKR086W,0,2.9303207,0.12622416019439697,0.7308731079101562,0.5684093236923218
YIL015W,YPR140W,0,2.9302144,0.12620453536510468,0.7308731079101562,0.5685104727745056
YKL185W,YER161C,1,2.9294596,0.1263403296470642,0.7317731976509094,0.5685104727745056
YLR376C,YDR085C,0,2.9293566,0.12632068991661072,0.7317731976509094,0.5686115622520447
YIL127C,YCR024C-A,0,2.9292016,0.12630106508731842,0.7317731976509094,0.5687127113342285
YDL002C,YNL106C,0,2.9288225,0.12628145515918732,0.7317731976509094,0.5688138604164124
YML126C,YDR316W,0,2.9285502,0.1262618452310562,0.7317731976509094,0.5689149498939514
YLR138W,YFR009W,0,2.9284616,0.1262422353029251,0.7317731976509094,0.5690160989761353
YBR133C,YLR256W,0,2.9283853,0.1262226402759552,0.7317731976509094,0.5691171884536743
YLR368W,YMR167W,0,2.9282694,0.1262030452489853,0.7317731976509094,0.5692183375358582
YDL049C,YPL128C,0,2.9281936,0.12618345022201538,0.7317731976509094,0.5693194270133972
YBR221C,YEL003W,0,2.9280152,0.12616387009620667,0.7317731976509094,0.569420576095581
YDR541C,YOR336W,0,2.9275894,0.12614430487155914,0.7317731976509094,0.5695216655731201
YDR224C,YKL043W,1,2.926897,0.12627986073493958,0.7326732873916626,0.5695216655731201
YLR393W,YKR080W,0,2.926775,0.12626028060913086,0.7326732873916626,0.569622814655304
YMR068W,YHR026W,0,2.92659,0.12624070048332214,0.7326732873916626,0.5697239637374878
YBR077C,YDL044C,0,2.9263434,0.12622112035751343,0.7326732873916626,0.5698250532150269
YGL254W,YDL170W,1,2.9261222,0.1263565868139267,0.7335733771324158,0.5698250532150269
YGL047W,YOR035C,0,2.9260473,0.12633700668811798,0.7335733771324158,0.5699262022972107
YER164W,YKL144C,1,2.9259977,0.12647241353988647,0.734473466873169,0.5699262022972107
YCL011C,YNL275W,0,2.9259973,0.12645281851291656,0.734473466873169,0.5700272917747498
YDR058C,YER144C,0,2.9257555,0.12643322348594666,0.734473466873169,0.5701284408569336
YGR275W,YER157W,0,2.9256892,0.12641362845897675,0.734473466873169,0.5702295303344727
YPL237W,YHR178W,0,2.9256287,0.12639404833316803,0.734473466873169,0.5703306794166565
YLR135W,YLR110C,0,2.9256172,0.1263744831085205,0.734473466873169,0.5704317688941956
YML110C,YHR072W-A,0,2.9250731,0.1263549029827118,0.734473466873169,0.5705329179763794
YDR084C,YPL212C,0,2.9250603,0.12633535265922546,0.734473466873169,0.5706340670585632
YOR298C-A,YBR044C,0,2.9250398,0.12631578743457794,0.734473466873169,0.5707351565361023
YPL211W,YJR044C,0,2.9245768,0.1262962371110916,0.734473466873169,0.5708363056182861
YBR077C,YIL017C,0,2.9241319,0.12627670168876648,0.734473466873169,0.5709373950958252
YDR162C,YHR123W,0,2.9240122,0.12625715136528015,0.734473466873169,0.571038544178009
YKR081C,YOR077W,0,2.9240017,0.1262376308441162,0.734473466873169,0.5711396336555481
YDL200C,YER095W,1,2.9235992,0.12637276947498322,0.7353735566139221,0.5711396336555481
YNR012W,YNL169C,0,2.9232287,0.12635323405265808,0.7353735566139221,0.5712407827377319
YKL112W,YJR044C,0,2.9231973,0.12633369863033295,0.7353735566139221,0.571341872215271
YHR094C,YBL097W,0,2.9230676,0.1263141632080078,0.7353735566139221,0.5714430212974548
YOR307C,YOL058W,0,2.9224625,0.12629464268684387,0.7353735566139221,0.5715441107749939
YGR108W,YHR042W,0,2.9223962,0.12627512216567993,0.7353735566139221,0.5716452598571777
YLR398C,YOR153W,0,2.922381,0.126255601644516,0.7353735566139221,0.5717464089393616
YKL137W,YNL047C,0,2.9222383,0.12623609602451324,0.7353735566139221,0.5718474984169006
YOL039W,YBR004C,0,2.9220357,0.1262165904045105,0.7353735566139221,0.5719486474990845
YNL254C,YEL071W,0,2.9219522,0.12619709968566895,0.7353735566139221,0.5720497369766235
YHL022C,YLR086W,1,2.9218054,0.12633204460144043,0.7362736463546753,0.5720497369766235
YNR056C,YHR152W,0,2.9217663,0.12631253898143768,0.7362736463546753,0.5721508860588074
YNR049C,YBR008C,0,2.9214458,0.12629303336143494,0.7362736463546753,0.5722519755363464
YML110C,YNL254C,0,2.9214344,0.12627354264259338,0.7362736463546753,0.5723531246185303
YER006W,YGR140W,0,2.9214334,0.12625405192375183,0.7362736463546753,0.5724542140960693
YCR068W,YNL245C,0,2.9205246,0.12623456120491028,0.7362736463546753,0.5725553631782532
YGL001C,YKR024C,0,2.9202714,0.12621508538722992,0.7362736463546753,0.572656512260437
YEL063C,YBR106W,0,2.9202347,0.12619562447071075,0.7362736463546753,0.5727576017379761
YNL154C,YGR278W,0,2.9202304,0.1261761486530304,0.7362736463546753,0.5728587508201599
YNL124W,YDR354W,0,2.91986,0.12615668773651123,0.7362736463546753,0.572959840297699
YHR007C,YNL075W,0,2.9197912,0.12613724172115326,0.7362736463546753,0.5730609893798828
YML008C,YFL034C-A,0,2.9196372,0.1261177957057953,0.7362736463546753,0.5731620788574219
YDR153C,YJR019C,0,2.9191637,0.12609834969043732,0.7362736463546753,0.5732632279396057
YGR257C,YKL208W,0,2.9191494,0.12607891857624054,0.7362736463546753,0.5733643174171448
YMR058W,YGR041W,0,2.918993,0.12605948746204376,0.7362736463546753,0.5734654664993286
YMR224C,YKL113C,1,2.91883,0.12619414925575256,0.7371737360954285,0.5734654664993286
YGL134W,YGL166W,0,2.9187818,0.1261747032403946,0.7371737360954285,0.5735666155815125
YJL116C,YIL050W,0,2.9187236,0.12615527212619781,0.7371737360954285,0.5736677050590515
YML066C,YML123C,0,2.9183226,0.12613584101200104,0.7371737360954285,0.5737688541412354
YHL002W,YBR103W,0,2.9182634,0.12611640989780426,0.7371737360954285,0.5738699436187744
YLR408C,YCR083W,0,2.9181423,0.12609699368476868,0.7371737360954285,0.5739710927009583
YOL090W,YOR110W,1,2.9178505,0.12623152136802673,0.7380738258361816,0.5739710927009583
YOR256C,YOR005C,0,2.9176455,0.12621210515499115,0.7380738258361816,0.5740721821784973
YDR386W,YDR151C,1,2.917378,0.12634657323360443,0.7389739155769348,0.5740721821784973
YGR157W,YOL016C,0,2.917202,0.12632712721824646,0.7389739155769348,0.5741733312606812
YPL055C,YKL167C,0,2.9170766,0.12630769610404968,0.7389739155769348,0.5742744207382202
YFL055W,YEL077C,0,2.9169245,0.1262882649898529,0.7389739155769348,0.574375569820404
YJR091C,YDR043C,0,2.9168181,0.12626883387565613,0.7389739155769348,0.5744767189025879
YOR362C,YLR136C,0,2.916573,0.12624941766262054,0.7389739155769348,0.574577808380127
YPL023C,YOR188W,0,2.9165525,0.12623001635074615,0.7389739155769348,0.5746789574623108
YOR362C,YPR058W,0,2.9165144,0.12621060013771057,0.7389739155769348,0.5747800469398499
YML008C,YLR210W,0,2.9163847,0.12619121372699738,0.7389739155769348,0.5748811960220337
YNL139C,YOL077W-A,0,2.9163537,0.12617181241512299,0.7389739155769348,0.5749822854995728
YPL053C,YPL057C,0,2.9162989,0.1261524260044098,0.7389739155769348,0.5750834345817566
YOL008W,YNL327W,0,2.9162798,0.1261330395936966,0.7389739155769348,0.5751845240592957
YGR023W,YNL003C,0,2.9162712,0.1261136680841446,0.7389739155769348,0.5752856731414795
YGL133W,YNL220W,0,2.915626,0.1260942965745926,0.7389739155769348,0.5753868222236633
YBR103W,YKR022C,0,2.9154735,0.12607493996620178,0.7389739155769348,0.5754879117012024
YDR191W,YJR088C,0,2.9153748,0.12605558335781097,0.7389739155769348,0.5755890607833862
YOR229W,YDR489W,0,2.9152613,0.12603622674942017,0.7389739155769348,0.5756901502609253
YIL031W,YKL139W,0,2.9150867,0.12601688504219055,0.7389739155769348,0.5757912993431091
YGR278W,YNL197C,0,2.91499,0.12599754333496094,0.7389739155769348,0.5758923888206482
YPL086C,YBR199W,0,2.914968,0.12597821652889252,0.7389739155769348,0.575993537902832
YDL188C,YOL041C,0,2.9147758,0.1259588897228241,0.7389739155769348,0.5760946273803711
YDR016C,YGL257C,0,2.9146004,0.12593956291675568,0.7389739155769348,0.5761957764625549
YNL222W,YGL079W,0,2.9144206,0.12592025101184845,0.7389739155769348,0.576296865940094
YLR166C,YOR010C,0,2.9143424,0.12590093910694122,0.7389739155769348,0.5763980150222778
YKL091C,YIR008C,0,2.9142532,0.125881627202034,0.7389739155769348,0.5764991641044617
YHR124W,YDR156W,0,2.9140754,0.12586233019828796,0.7389739155769348,0.5766002535820007
YOR128C,YLR332W,0,2.9140234,0.12584304809570312,0.7389739155769348,0.5767014026641846
YER063W,YKL045W,1,2.9139128,0.12597700953483582,0.739874005317688,0.5767014026641846
YLL036C,YLL010C,0,2.9135022,0.12595771253108978,0.739874005317688,0.5768024921417236
YJL092W,YPL024W,1,2.9130874,0.1260916143655777,0.7407740950584412,0.5768024921417236
YBR203W,YEL077C,0,2.912922,0.12607230246067047,0.7407740950584412,0.5769036412239075
YKL089W,YER179W,1,2.9128623,0.1262061595916748,0.7416741847991943,0.5769036412239075
YDR506C,YDL042C,0,2.9128127,0.12618683278560638,0.7416741847991943,0.5770047307014465
YPR094W,YGR092W,0,2.9127622,0.12616750597953796,0.7416741847991943,0.5771058797836304
YOR173W,YCR003W,0,2.912653,0.12614819407463074,0.7416741847991943,0.5772069692611694
YLR064W,YHR065C,0,2.9123955,0.1261288821697235,0.7416741847991943,0.5773081183433533
YOL013C,YMR044W,0,2.912291,0.12610958516597748,0.7416741847991943,0.5774092674255371
YJL042W,YJL203W,0,2.912252,0.12609028816223145,0.7416741847991943,0.5775103569030762
YJL099W,YFR004W,0,2.9122138,0.1260709911584854,0.7416741847991943,0.57761150598526
YKL220C,YKL211C,0,2.9121485,0.12605170905590057,0.7416741847991943,0.5777125954627991
YJL051W,YOR202W,0,2.9120636,0.12603242695331573,0.7416741847991943,0.5778137445449829
YGR090W,YDR540C,0,2.9120154,0.1260131448507309,0.7416741847991943,0.577914834022522
YHL022C,YOR336W,0,2.9118576,0.12599387764930725,0.7416741847991943,0.5780159831047058
YMR277W,YGL150C,0,2.9116015,0.1259746253490448,0.7416741847991943,0.5781170725822449
YBR245C,YPL128C,1,2.9115458,0.12610822916030884,0.7425742745399475,0.5781170725822449
YNL009W,YIL097W,0,2.9113178,0.126088947057724,0.7425742745399475,0.5782182216644287
YHR121W,YKL220C,0,2.911224,0.12606967985630035,0.7425742745399475,0.5783193707466125
YLR272C,YML008C,0,2.9111085,0.1260504275560379,0.7425742745399475,0.5784204602241516
YBR215W,YHR183W,0,2.911005,0.12603116035461426,0.7425742745399475,0.5785216093063354
YPR094W,YER042W,0,2.910974,0.1260119080543518,0.7425742745399475,0.5786226987838745
YOR229W,YOR202W,0,2.9108806,0.12599267065525055,0.7425742745399475,0.5787238478660583
YLL042C,YBL071W-A,0,2.9108095,0.1259734332561493,0.7425742745399475,0.5788249373435974
YHR112C,YDR394W,0,2.9102488,0.12595419585704803,0.7425742745399475,0.5789260864257812
YCR020W-B,YKR029C,0,2.910151,0.12593497335910797,0.7425742745399475,0.5790271759033203
YML110C,YDR147W,0,2.9100928,0.1259157508611679,0.7425742745399475,0.5791283249855042
YFL034C-A,YNL220W,0,2.9096837,0.12589654326438904,0.7425742745399475,0.579229474067688
YJL184W,YAL001C,1,2.9094682,0.12602990865707397,0.7434743642807007,0.579229474067688
YOR362C,YDL132W,0,2.908977,0.1260106861591339,0.7434743642807007,0.579330563545227
YFL024C,YNR039C,0,2.908527,0.12599146366119385,0.7434743642807007,0.5794317126274109
YPR018W,YNL222W,0,2.908442,0.12597224116325378,0.7434743642807007,0.57953280210495
YLR166C,YOR017W,0,2.9084053,0.12595303356647491,0.7434743642807007,0.5796339511871338
YJR113C,YBL067C,0,2.9083867,0.12593382596969604,0.7434743642807007,0.5797350406646729
YLR376C,YHR115C,0,2.9082456,0.12591463327407837,0.7434743642807007,0.5798361897468567
YMR293C,YDR382W,0,2.9081826,0.1258954405784607,0.7434743642807007,0.5799372792243958
YBL040C,YHR072W-A,0,2.908001,0.1258762627840042,0.7434743642807007,0.5800384283065796
YOL091W,YPL032C,0,2.9079342,0.12585708498954773,0.7434743642807007,0.5801395773887634
YNL035C,YOL068C,0,2.9077349,0.12583790719509125,0.7434743642807007,0.5802406668663025
YMR136W,YKL112W,1,2.907526,0.12597106397151947,0.7443744540214539,0.5802406668663025
YER146W,YPR165W,0,2.9074378,0.1259518712759018,0.7443744540214539,0.5803418159484863
YBR083W,YJR060W,1,2.9073772,0.12608496844768524,0.745274543762207,0.5803418159484863
YNL254C,YCR003W,0,2.906878,0.12606577575206757,0.745274543762207,0.5804429054260254
YHL007C,YMR164C,0,2.90666,0.1260465830564499,0.745274543762207,0.5805440545082092
YMR199W,YGR280C,0,2.9066205,0.12602739036083221,0.745274543762207,0.5806451439857483
YNL106C,YJR144W,0,2.9065971,0.12600821256637573,0.745274543762207,0.5807462930679321
YMR214W,YGR121C,0,2.9065514,0.12598904967308044,0.745274543762207,0.5808473825454712
YOL091W,YMR047C,0,2.906376,0.12596987187862396,0.745274543762207,0.580948531627655
YJL184W,YDR156W,0,2.906064,0.12595070898532867,0.745274543762207,0.5810496807098389
YLR393W,YKL211C,0,2.905908,0.12593156099319458,0.745274543762207,0.5811507701873779
YIL041W,YMR067C,0,2.9058824,0.12591241300106049,0.745274543762207,0.5812519192695618
YOR245C,YJR077C,0,2.9055753,0.1258932650089264,0.745274543762207,0.5813530087471008
YBR280C,YIL015W,0,2.905467,0.1258741319179535,0.745274543762207,0.5814541578292847
YGR013W,YDR480W,0,2.905274,0.1258549988269806,0.745274543762207,0.5815552473068237
YKR098C,YNL053W,0,2.9050827,0.1258358657360077,0.745274543762207,0.5816563963890076
YMR277W,YKL157W,0,2.905014,0.12581674754619598,0.745274543762207,0.5817574858665466
YKL137W,YMR162C,0,2.9046068,0.12579762935638428,0.745274543762207,0.5818586349487305
YFL018C,YJL203W,0,2.9043336,0.12577852606773376,0.745274543762207,0.5819597244262695
YJL115W,YBL105C,0,2.9038286,0.12575942277908325,0.745274543762207,0.5820608735084534
YHL013C,YMR216C,0,2.9038224,0.12574031949043274,0.745274543762207,0.5821620225906372
YGR198W,YOR245C,0,2.9036222,0.12572123110294342,0.745274543762207,0.5822631120681763
YKR022C,YHR016C,0,2.9034824,0.1257021427154541,0.745274543762207,0.5823642611503601
YJR017C,YHR166C,0,2.9032407,0.12568305432796478,0.745274543762207,0.5824653506278992
YPL045W,YLR136C,0,2.9032273,0.12566398084163666,0.745274543762207,0.582566499710083
YGR023W,YKL176C,0,2.9030142,0.12564492225646973,0.745274543762207,0.5826675891876221
YKL193C,YEL009C,0,2.9029436,0.1256258487701416,0.745274543762207,0.5827687382698059
YOR362C,YNL058C,0,2.9029212,0.12560679018497467,0.745274543762207,0.582869827747345
YCL038C,YER026C,0,2.9027643,0.12558774650096893,0.745274543762207,0.5829709768295288
YMR236W,YER042W,0,2.9027014,0.1255687028169632,0.745274543762207,0.5830721259117126
YPL132W,YMR047C,0,2.9024048,0.12554965913295746,0.745274543762207,0.5831732153892517
YPL020C,YMR271C,0,2.902285,0.12553063035011292,0.745274543762207,0.5832743644714355
YOR321W,YNL003C,0,2.9022145,0.12551160156726837,0.745274543762207,0.5833754539489746
YML131W,YBL019W,0,2.9020543,0.12549257278442383,0.745274543762207,0.5834766030311584
YER157W,YKL012W,0,2.9020495,0.12547355890274048,0.745274543762207,0.5835776925086975
YML093W,YGL133W,0,2.9019647,0.12545454502105713,0.745274543762207,0.5836788415908813
YER065C,YOR375C,0,2.9019623,0.12543554604053497,0.745274543762207,0.5837799310684204
YFL055W,YDR291W,0,2.901773,0.12541654706001282,0.745274543762207,0.5838810801506042
YKR003W,YML046W,0,2.901042,0.12539754807949066,0.745274543762207,0.5839822292327881
YER159C,YCR039C,1,2.9003453,0.12552997469902039,0.7461746335029602,0.5839822292327881
YER003C,YDL156W,0,2.899907,0.12551097571849823,0.7461746335029602,0.5840833187103271
YDR349C,YDR143C,0,2.8999,0.12549197673797607,0.7461746335029602,0.584184467792511
YGL201C,YLR133W,0,2.8993979,0.12547297775745392,0.7461746335029602,0.58428555727005
YDR073W,YPL275W,0,2.8993592,0.12545399367809296,0.7461746335029602,0.5843867063522339
YDR027C,YGL065C,0,2.8993044,0.125435009598732,0.7461746335029602,0.584487795829773
YBR215W,YBL066C,1,2.8991127,0.12556731700897217,0.7470747232437134,0.584487795829773
YGR028W,YOR153W,0,2.8991094,0.1255483329296112,0.7470747232437134,0.5845889449119568
YCR040W,YAL015C,1,2.8988562,0.1256805807352066,0.7479748129844666,0.5845889449119568
YDR184C,YKL152C,0,2.8988194,0.12566158175468445,0.7479748129844666,0.5846900343894958
YGL017W,YGL047W,0,2.8987918,0.1256425827741623,0.7479748129844666,0.5847911834716797
YLR166C,YMR231W,0,2.8987617,0.12562358379364014,0.7479748129844666,0.5848923325538635
YPR029C,YBR110W,0,2.8986464,0.12560459971427917,0.7479748129844666,0.5849934220314026
YIL066C,YBL067C,0,2.8984408,0.1255856156349182,0.7479748129844666,0.5850945711135864
YPL266W,YDR291W,0,2.8982496,0.12556663155555725,0.7479748129844666,0.5851956605911255
YOL115W,YGR195W,0,2.898192,0.12554766237735748,0.7479748129844666,0.5852968096733093
YGL002W,YPL084W,0,2.8981876,0.1255287081003189,0.7479748129844666,0.5853978991508484
YML095C,YHL027W,1,2.8977227,0.12566077709197998,0.7488749027252197,0.5853978991508484
YDL049C,YOR312C,0,2.8976583,0.12564179301261902,0.7488749027252197,0.5854990482330322
YPR140W,YLL028W,0,2.8976579,0.12562282383441925,0.7488749027252197,0.5856001377105713
YLR373C,YNL216W,1,2.8976302,0.12575483322143555,0.7497749924659729,0.5856001377105713
YGL048C,YHR143W-A,0,2.8974996,0.12573584914207458,0.7497749924659729,0.5857012867927551
YDL025C,YBR039W,0,2.8973718,0.12571687996387482,0.7497749924659729,0.585802435874939
YDR214W,YBR265W,0,2.8970551,0.12569789588451385,0.7497749924659729,0.585903525352478
YER019W,YMR309C,0,2.8968487,0.12567894160747528,0.7497749924659729,0.5860046744346619
YPL016W,YOR245C,0,2.896823,0.1256599724292755,0.7497749924659729,0.5861057639122009
YLR242C,YDR322C-A,0,2.8966765,0.12564103305339813,0.7497749924659729,0.5862069129943848
YBR203W,YCR088W,0,2.8964972,0.12562207877635956,0.7497749924659729,0.5863080024719238
YML065W,YLL010C,0,2.8964396,0.12560313940048218,0.7497749924659729,0.5864091515541077
YKL015W,YFR031C,1,2.8963637,0.12573495507240295,0.7506750822067261,0.5864091515541077
YGL208W,YLR110C,0,2.896235,0.12571601569652557,0.7506750822067261,0.5865102410316467
YLL005C,YGL055W,0,2.8960342,0.125697061419487,0.7506750822067261,0.5866113901138306
YLR077W,YNL139C,0,2.896028,0.12567812204360962,0.7506750822067261,0.5867124795913696
YGR247W,YEL026W,0,2.8959203,0.12565918266773224,0.7506750822067261,0.5868136286735535
YGR028W,YPR075C,0,2.8958616,0.12564025819301605,0.7506750822067261,0.5869147777557373
YNL021W,YDR409W,0,2.8956013,0.12562133371829987,0.7506750822067261,0.5870158672332764
YBL046W,YKL148C,0,2.8943543,0.12560240924358368,0.7506750822067261,0.5871170163154602
YDL064W,YMR030W,0,2.8940349,0.1255834996700287,0.7506750822067261,0.5872181057929993
YGR277C,YPL265W,0,2.893989,0.1255645900964737,0.7506750822067261,0.5873192548751831
YKL091C,YOL075C,0,2.8936381,0.1255456805229187,0.7506750822067261,0.5874203443527222
YNL152W,YIR010W,0,2.8934388,0.1255267858505249,0.7506750822067261,0.587521493434906
YHL001W,YLR226W,0,2.8933454,0.1255079060792923,0.7506750822067261,0.5876225829124451
YNL300W,YOR073W,0,2.892583,0.1254890114068985,0.7506750822067261,0.5877237319946289
YIL066C,YOR371C,0,2.8925633,0.1254701316356659,0.7506750822067261,0.5878248810768127
YNL177C,YMR268C,0,2.892507,0.12545126676559448,0.7506750822067261,0.5879259705543518
YLR275W,YLL028W,0,2.8920312,0.12543240189552307,0.7506750822067261,0.5880271196365356
YNL124W,YPR140W,0,2.891811,0.12541353702545166,0.7506750822067261,0.5881282091140747
YER171W,YJL076W,1,2.8915434,0.12554502487182617,0.7515751719474792,0.5881282091140747
YOR191W,YDR259C,1,2.89152,0.1256764829158783,0.7524752616882324,0.5881282091140747
YNL264C,YOR344C,0,2.8915153,0.1256576031446457,0.7524752616882324,0.5882293581962585
YLR166C,YHL013C,0,2.891508,0.1256387084722519,0.7524752616882324,0.5883304476737976
YCR017C,YPL057C,0,2.8914013,0.1256198287010193,0.7524752616882324,0.5884315967559814
YNR026C,YPL088W,0,2.8913364,0.12560096383094788,0.7524752616882324,0.5885326862335205
YDL126C,YOL001W,0,2.8913183,0.12558209896087646,0.7524752616882324,0.5886338353157043
YJR002W,YDR206W,0,2.8912473,0.12556323409080505,0.7524752616882324,0.5887349843978882
YJL065C,YJL127C,1,2.8909912,0.12569454312324524,0.7533753514289856,0.5887349843978882
YIL110W,YOR188W,0,2.8908935,0.12567567825317383,0.7533753514289856,0.5888360738754272
YPL047W,YBR008C,0,2.8908153,0.12565681338310242,0.7533753514289856,0.5889372229576111
YMR293C,YBR154C,0,2.8907022,0.125637948513031,0.7533753514289856,0.5890383124351501
YBR133C,YDL025C,0,2.8906317,0.1256190836429596,0.7533753514289856,0.589139461517334
YDL188C,YPL249C-A,0,2.8904977,0.12560023367404938,0.7533753514289856,0.589240550994873
YNL116W,YIL129C,0,2.890308,0.12558139860630035,0.7533753514289856,0.5893417000770569
YFL055W,YNL021W,0,2.890307,0.12556256353855133,0.7533753514289856,0.589442789554596
YKL055C,YPL124W,0,2.8900905,0.1255437284708023,0.7533753514289856,0.5895439386367798
YDR142C,YGR028W,0,2.889965,0.12552489340305328,0.7533753514289856,0.5896450877189636
YLR081W,YPR004C,0,2.8898168,0.12550607323646545,0.7533753514289856,0.5897461771965027
YPL249C-A,YER094C,0,2.8895307,0.12548725306987762,0.7533753514289856,0.5898473262786865
YIL082W-A,YOR231W,0,2.8894835,0.125468447804451,0.7533753514289856,0.5899484157562256
YHR191C,YNL327W,0,2.8893352,0.12544964253902435,0.7533753514289856,0.5900495648384094
YIL091C,YGL054C,0,2.8891578,0.12543083727359772,0.7533753514289856,0.5901506543159485
YLR376C,YNL209W,0,2.889089,0.12541204690933228,0.7533753514289856,0.5902518033981323
YBL036C,YHL018W,0,2.8890696,0.12539325654506683,0.7533753514289856,0.5903528928756714
YPL268W,YBL067C,0,2.889049,0.12537448108196259,0.7533753514289856,0.5904540419578552
YBR088C,YML051W,1,2.8889637,0.1255054622888565,0.7542754411697388,0.5904540419578552
YKL113C,YBR179C,0,2.8885593,0.12548667192459106,0.7542754411697388,0.5905551910400391
YNL037C,YOR030W,0,2.8882918,0.12546788156032562,0.7542754411697388,0.5906562805175781
YNR056C,YHR112C,0,2.8882313,0.12544910609722137,0.7542754411697388,0.590757429599762
YHR107C,YOR083W,0,2.888009,0.12543033063411713,0.7542754411697388,0.590858519077301
YDR123C,YBR150C,1,2.8875308,0.1255612075328827,0.7551755309104919,0.590858519077301
YBL084C,YOR022C,0,2.887514,0.12554241716861725,0.7551755309104919,0.5909596681594849
YOR339C,YNL005C,0,2.8874564,0.125523641705513,0.7551755309104919,0.5910607576370239
YIL015W,YKR046C,0,2.8874254,0.12550486624240875,0.7551755309104919,0.5911619067192078
YER003C,YML093W,0,2.8873835,0.1254860907793045,0.7551755309104919,0.5912629961967468
YOR208W,YMR268C,0,2.8873134,0.12546733021736145,0.7551755309104919,0.5913641452789307
YIL031W,YNR049C,0,2.8872643,0.1254485696554184,0.7551755309104919,0.5914652347564697
YNL264C,YGR128C,0,2.8871388,0.12542980909347534,0.7551755309104919,0.5915663838386536
YDR540C,YNL106C,0,2.8871126,0.12541106343269348,0.7551755309104919,0.5916675329208374
YGR033C,YBL005W-A,0,2.8870583,0.12539231777191162,0.7551755309104919,0.5917686223983765
YPL020C,YDR171W,0,2.8870368,0.12537358701229095,0.7551755309104919,0.5918697714805603
YNL218W,YJL089W,1,2.88694,0.1255042552947998,0.7560756206512451,0.5918697714805603
YBR073W,YBR239C,1,2.8866534,0.12563489377498627,0.7569757103919983,0.5918697714805603
YDR027C,YLR340W,0,2.886499,0.1256161332130432,0.7569757103919983,0.5919708609580994
YPL088W,YNL252C,0,2.8862805,0.12559737265110016,0.7569757103919983,0.5920720100402832
YML110C,YBR167C,0,2.8862138,0.1255786120891571,0.7569757103919983,0.5921730995178223
YBL018C,YER001W,0,2.8861423,0.12555986642837524,0.7569757103919983,0.5922742486000061
YDR156W,YGR284C,0,2.8857737,0.12554112076759338,0.7569757103919983,0.5923753380775452
YNL002C,YIL103W,0,2.8857713,0.12552239000797272,0.7569757103919983,0.592476487159729
YHL020C,YBR135W,0,2.885604,0.12550365924835205,0.7569757103919983,0.5925776362419128
YCR033W,YML121W,0,2.8855343,0.12548492848873138,0.7569757103919983,0.5926787257194519
YLR014C,YOR229W,1,2.8851671,0.12561540305614471,0.7578758001327515,0.5926787257194519
YOL033W,YGL125W,0,2.885065,0.12559665739536285,0.7578758001327515,0.5927798748016357
YJL209W,YIL105C,0,2.8849716,0.1255779266357422,0.7578758001327515,0.5928809642791748
YLR340W,YIR034C,0,2.884831,0.12555919587612152,0.7578758001327515,0.5929821133613586
YFL062W,YGR215W,0,2.88448,0.12554048001766205,0.7578758001327515,0.5930832028388977
YNL299W,YLR027C,0,2.8844767,0.12552176415920258,0.7578758001327515,0.5931843519210815
YOL008W,YDR147W,0,2.8844585,0.1255030483007431,0.7578758001327515,0.5932854413986206
YLR410W,YIL040W,0,2.8843102,0.12548434734344482,0.7578758001327515,0.5933865904808044
YNL148C,YML058W,0,2.8837972,0.12546564638614655,0.7578758001327515,0.5934877395629883
YDR221W,YJL160C,0,2.8836927,0.12544696033000946,0.7578758001327515,0.5935888290405273
YBL016W,YOL089C,0,2.8831139,0.12542827427387238,0.7578758001327515,0.5936899781227112
YBR171W,YDR354W,0,2.8826976,0.1254095882177353,0.7578758001327515,0.5937910676002502
YGL133W,YOR171C,0,2.8826241,0.1253909170627594,0.7578758001327515,0.5938922166824341
YJR086W,YNL279W,0,2.882556,0.1253722459077835,0.7578758001327515,0.5939933061599731
YKL188C,YDR354W,0,2.8825297,0.12535357475280762,0.7578758001327515,0.594094455242157
YNL125C,YIR028W,0,2.8822083,0.12533491849899292,0.7578758001327515,0.594195544719696
YOR202W,YNL097C,0,2.8821616,0.12531626224517822,0.7578758001327515,0.5942966938018799
YKL049C,YPR018W,0,2.882113,0.12529762089252472,0.7578758001327515,0.5943978428840637
YDR258C,YGR067C,0,2.882049,0.12527897953987122,0.7578758001327515,0.5944989323616028
YML069W,YNL241C,0,2.8819997,0.1252603381872177,0.7578758001327515,0.5946000814437866
YIL110W,YOR153W,0,2.8819518,0.1252417117357254,0.7578758001327515,0.5947011709213257
YMR137C,YOR032C,1,2.8815947,0.1253717988729477,0.7587758898735046,0.5947011709213257
YKR010C,YER157W,0,2.881091,0.1253531575202942,0.7587758898735046,0.5948023200035095
YJR090C,YML110C,0,2.880962,0.12533451616764069,0.7587758898735046,0.5949034094810486
YKR013W,YOL016C,0,2.8809137,0.12531588971614838,0.7587758898735046,0.5950045585632324
YBR253W,YML025C,0,2.8808904,0.12529726326465607,0.7587758898735046,0.5951056480407715
YNL300W,YPL108W,0,2.8807902,0.12527865171432495,0.7587758898735046,0.5952067971229553
YNL222W,YHR183W,0,2.8801012,0.12526002526283264,0.7587758898735046,0.5953079462051392
YIR033W,YPR165W,0,2.8800893,0.12524141371250153,0.7587758898735046,0.5954090356826782
YBL050W,YNL177C,0,2.8800669,0.1252228170633316,0.7587758898735046,0.5955101847648621
YKL146W,YJL160C,0,2.8800387,0.12520422041416168,0.7587758898735046,0.5956112742424011
YDR191W,YDR452W,0,2.8799043,0.12518562376499176,0.7587758898735046,0.595712423324585
YAR050W,YBR018C,0,2.8798707,0.12516704201698303,0.7587758898735046,0.595813512802124
YOR056C,YNL037C,0,2.8796587,0.1251484602689743,0.7587758898735046,0.5959146618843079
YPL152W,YMR024W,0,2.8795478,0.12512987852096558,0.7587758898735046,0.5960157513618469
YPL055C,YER141W,0,2.8795474,0.12511131167411804,0.7587758898735046,0.5961169004440308
YPR101W,YBR179C,0,2.879499,0.1250927448272705,0.7587758898735046,0.5962180495262146
YKL125W,YHR039C,0,2.8793993,0.12507417798042297,0.7587758898735046,0.5963191390037537
YOR030W,YMR271C,0,2.8793898,0.12505562603473663,0.7587758898735046,0.5964202880859375
YIL010W,YPL192C,0,2.8792825,0.1250370740890503,0.7587758898735046,0.5965213775634766
YER019W,YJL184W,0,2.8792787,0.12501853704452515,0.7587758898735046,0.5966225266456604
YOL091W,YML007W,0,2.8791928,0.125,0.7587758898735046,0.5967236161231995
YBR106W,YGR092W,0,2.8790793,0.12498147040605545,0.7587758898735046,0.5968247652053833
YPR104C,YLR233C,1,2.87888,0.1251111775636673,0.7596759796142578,0.5968247652053833
YFL022C,YLR136C,0,2.8784485,0.12509264051914215,0.7596759796142578,0.5969258546829224
YHL001W,YMR216C,0,2.8783202,0.125074103474617,0.7596759796142578,0.5970270037651062
YKR086W,YKL184W,0,2.8766518,0.12505556643009186,0.7596759796142578,0.5971280932426453
YDR485C,YGR183C,0,2.876615,0.1250370442867279,0.7596759796142578,0.5972292423248291
YCR073C,YER172C,0,2.8765001,0.12501852214336395,0.7596759796142578,0.5973303914070129
YPL242C,YPL228W,0,2.8763204,0.125,0.7596759796142578,0.597431480884552
YPR029C,YDL188C,0,2.8763022,0.12498149275779724,0.7596759796142578,0.5975326299667358
YDL103C,YDR153C,0,2.876205,0.12496298551559448,0.7596759796142578,0.5976337194442749
YHR112C,YLR205C,0,2.876184,0.12494448572397232,0.7596759796142578,0.5977348685264587
YKL120W,YHR045W,0,2.876143,0.12492599338293076,0.7596759796142578,0.5978359580039978
YNL067W,YIL065C,0,2.8757746,0.12490750104188919,0.7596759796142578,0.5979371070861816
YNL300W,YLR421C,0,2.875751,0.12488902360200882,0.7596759796142578,0.5980381965637207
YLR051C,YML058W,0,2.8755794,0.12487054616212845,0.7596759796142578,0.5981393456459045
YKL049C,YBL002W,1,2.8753428,0.125,0.760576069355011,0.5981393456459045
YNL071W,YKL112W,0,2.8753216,0.12498151510953903,0.760576069355011,0.5982404947280884
YJL091C,YBR057C,0,2.8751397,0.12496303021907806,0.760576069355011,0.5983415842056274
YPL020C,YHR032W,0,2.874642,0.12494455277919769,0.760576069355011,0.5984427332878113
YGR227W,YMR170C,0,2.8746142,0.12492608278989792,0.760576069355011,0.5985438227653503
YKL035W,YGR166W,0,2.8745332,0.12490761280059814,0.760576069355011,0.5986449718475342
YCR068W,YOL058W,0,2.8742504,0.12488915026187897,0.760576069355011,0.5987460613250732
YOR178C,YNR039C,0,2.8740506,0.12487069517374039,0.760576069355011,0.5988472104072571
YER006W,YHL020C,0,2.874023,0.1248522475361824,0.760576069355011,0.5989482998847961
YML114C,YER003C,0,2.87397,0.12483379989862442,0.760576069355011,0.59904944896698
YOL097C,YGR068C,0,2.8738732,0.12481535971164703,0.760576069355011,0.5991505980491638
YJR113C,YDR488C,0,2.8737555,0.12479692697525024,0.760576069355011,0.5992516875267029
YNL315C,YNL245C,0,2.873545,0.12477850168943405,0.760576069355011,0.5993528366088867
YOL088C,YOL077W-A,0,2.8730488,0.12476007640361786,0.760576069355011,0.5994539260864258
YNL126W,YIL117C,0,2.8726025,0.12474165856838226,0.760576069355011,0.5995550751686096
YER003C,YML075C,0,2.8724313,0.12472324818372726,0.760576069355011,0.5996561646461487
YHR188C,YMR251W-A,0,2.872198,0.12470483779907227,0.760576069355011,0.5997573137283325
YGL130W,YJR113C,0,2.8718555,0.12468644231557846,0.760576069355011,0.5998584032058716
YFR038W,YNL167C,1,2.8718348,0.12481558322906494,0.7614761590957642,0.5998584032058716
YOR346W,YDR289C,1,2.8718185,0.12494467943906784,0.7623762488365173,0.5998584032058716
YDL207W,YOR197W,0,2.8713465,0.12492625415325165,0.7623762488365173,0.5999595522880554
YJR090C,YDL194W,0,2.8711429,0.12490782886743546,0.7623762488365173,0.6000607013702393
YFL036W,YKL038W,1,2.8709664,0.12503686547279358,0.7632763385772705,0.6000607013702393
YIL049W,YDR001C,0,2.870965,0.1250184327363968,0.7632763385772705,0.6001617908477783
YOL110W,YGL257C,0,2.8709254,0.125,0.7632763385772705,0.6002629399299622
YMR277W,YHR203C,0,2.870603,0.12498157471418381,0.7632763385772705,0.6003640294075012
YNL327W,YLR110C,0,2.8705692,0.12496315687894821,0.7632763385772705,0.6004651784896851
YNL241C,YOR171C,0,2.8705206,0.12494474649429321,0.7632763385772705,0.6005662679672241
YKR098C,YAL055W,0,2.8704333,0.12492634356021881,0.7632763385772705,0.600667417049408
YJR125C,YIL067C,0,2.8703375,0.12490794062614441,0.7632763385772705,0.600768506526947
YFR009W,YCL026C-A,0,2.8701305,0.1248895451426506,0.7632763385772705,0.6008696556091309
YNL316C,YGR206W,0,2.870127,0.1248711496591568,0.7632763385772705,0.6009708046913147
YDL165W,YDL058W,0,2.8699956,0.12485276907682419,0.7632763385772705,0.6010718941688538
YKL107W,YNL009W,0,2.8699284,0.12483438849449158,0.7632763385772705,0.6011730432510376
YGR249W,YPL187W,0,2.86981,0.12481601536273956,0.7632763385772705,0.6012741327285767
YHL007C,YLR242C,0,2.8697019,0.12479764223098755,0.7632763385772705,0.6013752818107605
YGR192C,YHR183W,0,2.8692503,0.12477928400039673,0.7632763385772705,0.6014763712882996
YBR210W,YDR354W,0,2.8690715,0.12476092576980591,0.7632763385772705,0.6015775203704834
YLR003C,YDL161W,0,2.8688169,0.12474257498979568,0.7632763385772705,0.6016786098480225
YCL010C,YGR140W,0,2.8688145,0.12472422420978546,0.7632763385772705,0.6017797589302063
YOR173W,YBR210W,0,2.8687768,0.12470588088035583,0.7632763385772705,0.6018808484077454
YGR186W,YDR210W,0,2.8684497,0.1246875450015068,0.7632763385772705,0.6019819974899292
YOR095C,YHR043C,0,2.8682384,0.12466921657323837,0.7632763385772705,0.602083146572113
YDL232W,YDR208W,0,2.8681934,0.12465088814496994,0.7632763385772705,0.6021842360496521
YER054C,YMR067C,0,2.8680935,0.1246325671672821,0.7632763385772705,0.6022853851318359
YOR362C,YFL034C-B,0,2.8680673,0.12461425364017487,0.7632763385772705,0.602386474609375
YIL063C,YBR139W,0,2.8678956,0.12459594756364822,0.7632763385772705,0.6024876236915588
YNL209W,YBR136W,0,2.8678932,0.12457764148712158,0.7632763385772705,0.6025887131690979
YBL050W,YBL002W,0,2.8677773,0.12455934286117554,0.7632763385772705,0.6026898622512817
YHR091C,YGL013C,0,2.8675632,0.12454105168581009,0.7632763385772705,0.6027909517288208
YDL020C,YOR030W,0,2.8674774,0.12452276051044464,0.7632763385772705,0.6028921008110046
YGR227W,YOL006C,0,2.8672495,0.12450447678565979,0.7632763385772705,0.6029932498931885
YNL035C,YKL157W,0,2.867189,0.12448620051145554,0.7632763385772705,0.6030943393707275
YJR113C,YNR051C,0,2.867093,0.12446793168783188,0.7632763385772705,0.6031954884529114
YGL035C,YHR124W,1,2.8667822,0.12459641695022583,0.7641764283180237,0.6031954884529114
YDR085C,YGR091W,0,2.8667054,0.12457813322544098,0.7641764283180237,0.6032965779304504
YJL127C,YPL128C,1,2.8664765,0.12470657378435135,0.7650765180587769,0.6032965779304504
YLR332W,YMR278W,0,2.8662794,0.1246882826089859,0.7650765180587769,0.6033977270126343
YJR093C,YPL192C,0,2.866064,0.12466999143362045,0.7650765180587769,0.6034988164901733
YNL072W,YPL108W,0,2.8660312,0.1246517077088356,0.7650765180587769,0.6035999655723572
YDR452W,YIL157C,0,2.8659937,0.12463343143463135,0.7650765180587769,0.6037010550498962
YJR099W,YDR452W,0,2.865878,0.12461516261100769,0.7650765180587769,0.6038022041320801
YDL005C,YMR029C,0,2.8655512,0.12459689378738403,0.7650765180587769,0.6039033532142639
YDL226C,YDR519W,0,2.8653388,0.12457863241434097,0.7650765180587769,0.604004442691803
YDR540C,YHR018C,0,2.8649278,0.12456037849187851,0.7650765180587769,0.6041055917739868
YOL146W,YPL217C,0,2.86487,0.12454212456941605,0.7650765180587769,0.6042066812515259
YOR113W,YCR014C,1,2.8646922,0.12467037886381149,0.76597660779953,0.6042066812515259
YCR034W,YGR289C,0,2.8646812,0.12465211749076843,0.76597660779953,0.6043078303337097
YDR020C,YDR409W,0,2.8645449,0.12463386356830597,0.76597660779953,0.6044089198112488
YHR050W,YOR205C,0,2.8644123,0.1246156096458435,0.76597660779953,0.6045100688934326
YOL146W,YMR024W,0,2.864368,0.12459736317396164,0.76597660779953,0.6046111583709717
YNL197C,YDR255C,0,2.8641634,0.12457912415266037,0.76597660779953,0.6047123074531555
YGR023W,YGL156W,0,2.8640447,0.1245608925819397,0.76597660779953,0.6048134565353394
YAL032C,YNL037C,0,2.8640103,0.12454266101121902,0.76597660779953,0.6049145460128784
YEL020C,YNL047C,0,2.8636737,0.12452443689107895,0.76597660779953,0.6050156950950623
YPL132W,YML078W,0,2.8635945,0.12450622022151947,0.76597660779953,0.6051167845726013
YNR063W,YER075C,0,2.8635144,0.12448800355195999,0.76597660779953,0.6052179336547852
YKL049C,YNL067W,0,2.8634586,0.12446979433298111,0.76597660779953,0.6053190231323242
YLR116W,YDR352W,0,2.863437,0.12445159256458282,0.76597660779953,0.6054201722145081
YOR229W,YPR162C,1,2.8630738,0.12457961589097977,0.7668766975402832,0.6054201722145081
YER078C,YDR186C,0,2.8628082,0.12456140667200089,0.7668766975402832,0.6055212616920471
YDR210W,YER001W,0,2.8623085,0.124543197453022,0.7668766975402832,0.605622410774231
YMR113W,YGL133W,0,2.8622313,0.12452499568462372,0.7668766975402832,0.6057235598564148
YGR275W,YKL112W,0,2.8621273,0.12450679391622543,0.7668766975402832,0.6058246493339539
YHR191C,YML014W,0,2.8620362,0.12448859959840775,0.7668766975402832,0.6059257984161377
YDR073W,YBR171W,0,2.8619952,0.12447041273117065,0.7668766975402832,0.6060268878936768
YJL184W,YNL152W,0,2.8615055,0.12445223331451416,0.7668766975402832,0.6061280369758606
YDL159W,YPR121W,0,2.8609462,0.12443406134843826,0.7668766975402832,0.6062291264533997
YEL060C,YKL184W,0,2.8609285,0.12441588938236237,0.7668766975402832,0.6063302755355835
YGR028W,YLR148W,0,2.8605185,0.12439772486686707,0.7668766975402832,0.6064313650131226
YDR191W,YMR236W,1,2.8604565,0.12452554702758789,0.7677767872810364,0.6064313650131226
YNL072W,YGR203W,0,2.860365,0.1245073676109314,0.7677767872810364,0.6065325140953064
YGL022W,YLR148W,0,2.8603525,0.1244892030954361,0.7677767872810364,0.6066336035728455
YDR311W,YDL103C,0,2.8601885,0.1244710311293602,0.7677767872810364,0.6067347526550293
YOR339C,YDR208W,0,2.860016,0.1244528740644455,0.7677767872810364,0.6068359017372131
YLR233C,YHR104W,0,2.85985,0.12443471699953079,0.7677767872810364,0.6069369912147522
YDL101C,YER161C,1,2.8596249,0.12456242740154266,0.7686768770217896,0.6069369912147522
YBL050W,YPR124W,0,2.8595126,0.12454426288604736,0.7686768770217896,0.607038140296936
YNL222W,YKL208W,0,2.8594499,0.12452609837055206,0.7686768770217896,0.6071392297744751
YOR095C,YDR522C,0,2.8593392,0.12450794875621796,0.7686768770217896,0.6072403788566589
YFL050C,YLR431C,0,2.8592048,0.12448979914188385,0.7686768770217896,0.607341468334198
YER144C,YER069W,0,2.8590777,0.12447164952754974,0.7686768770217896,0.6074426174163818
YPL047W,YBR057C,0,2.8586354,0.12445351481437683,0.7686768770217896,0.6075437068939209
YAR008W,YEL042W,0,2.8582277,0.12443538010120392,0.7686768770217896,0.6076448559761047
YAL042W,YBR154C,0,2.8580317,0.1244172528386116,0.7686768770217896,0.6077460050582886
YLR069C,YJL074C,0,2.857659,0.12439912557601929,0.7686768770217896,0.6078470945358276
YDR302W,YLR424W,0,2.8574142,0.12438100576400757,0.7686768770217896,0.6079482436180115
YMR079W,YNL272C,0,2.8570986,0.12436289340257645,0.7686768770217896,0.6080493330955505
YOR118W,YHR003C,0,2.8570294,0.12434478849172592,0.7686768770217896,0.6081504821777344
YNL154C,YNL275W,0,2.856975,0.1243266835808754,0.7686768770217896,0.6082515716552734
YDL064W,YLR027C,0,2.8569412,0.12430858612060547,0.7686768770217896,0.6083527207374573
YER026C,YGR041W,0,2.85677,0.12429049611091614,0.7686768770217896,0.6084538102149963
YHR083W,YJR064W,0,2.8566208,0.1242724061012268,0.7686768770217896,0.6085549592971802
YMR052W,YGL160W,0,2.8565702,0.12425433099269867,0.7686768770217896,0.608656108379364
YMR293C,YMR280C,0,2.8565364,0.12423625588417053,0.7686768770217896,0.6087571978569031
YNL088W,YGL099W,0,2.85648,0.1242181807756424,0.7686768770217896,0.6088583469390869
YMR244C-A,YIR008C,0,2.8563209,0.12420011311769485,0.7686768770217896,0.608959436416626
YNL229C,YLL023C,0,2.8562813,0.12418205291032791,0.7686768770217896,0.6090605854988098
YGL207W,YBR083W,0,2.856264,0.12416400015354156,0.7686768770217896,0.6091616749763489
YNL072W,YGL245W,0,2.8557448,0.12414595484733582,0.7686768770217896,0.6092628240585327
YJL154C,YPL046C,0,2.8555675,0.12412790954113007,0.7686768770217896,0.6093639135360718
YHR072W,YBR227C,0,2.8552322,0.12410986423492432,0.7686768770217896,0.6094650626182556
YBR216C,YKL184W,0,2.855214,0.12409183382987976,0.7686768770217896,0.6095662117004395
YAR008W,YPR121W,0,2.8551273,0.1240738034248352,0.7686768770217896,0.6096673011779785
YHL018W,YHR050W,0,2.8548756,0.12405578047037125,0.7686768770217896,0.6097684502601624
YNL082W,YOL089C,1,2.8548498,0.12418300658464432,0.7695769667625427,0.6097684502601624
YAR008W,YEL071W,0,2.8548183,0.12416496872901917,0.7695769667625427,0.6098695397377014
YJR017C,YLR368W,0,2.8544397,0.1241469457745552,0.7695769667625427,0.6099706888198853
YJL137C,YOR375C,0,2.853632,0.12412892282009125,0.7695769667625427,0.6100717782974243
YDL126C,YFL050C,0,2.8529959,0.12411089986562729,0.7695769667625427,0.6101729273796082
YJR090C,YOR362C,0,2.8529394,0.12409289181232452,0.7695769667625427,0.6102740168571472
YAL005C,YIL050W,0,2.8527417,0.12407488375902176,0.7695769667625427,0.610375165939331
YNL290W,YEL037C,1,2.8527412,0.12420197576284409,0.7704770565032959,0.610375165939331
YKR003W,YDR484W,0,2.852483,0.12418395280838013,0.7704770565032959,0.6104763150215149
YDR255C,YEL071W,0,2.8520226,0.12416594475507736,0.7704770565032959,0.610577404499054
YGR049W,YKL027W,0,2.8519754,0.1241479367017746,0.7704770565032959,0.6106785535812378
YCL010C,YDR267C,0,2.851914,0.12412992864847183,0.7704770565032959,0.6107796430587769
YBR127C,YLR405W,0,2.8516355,0.12411193549633026,0.7704770565032959,0.6108807921409607
YPL016W,YMR024W,0,2.8512645,0.12409394234418869,0.7704770565032959,0.6109818816184998
YGL156W,YBR110W,0,2.8511329,0.12407595664262772,0.7704770565032959,0.6110830307006836
YDR084C,YOR022C,0,2.8508697,0.12405797094106674,0.7704770565032959,0.6111841201782227
YLR138W,YCL030C,0,2.8507195,0.12403999269008636,0.7704770565032959,0.6112852692604065
YPR029C,YLR070C,0,2.850708,0.12402202188968658,0.7704770565032959,0.6113864183425903
YIL127C,YOL077W-A,0,2.8505511,0.1240040585398674,0.7704770565032959,0.6114875078201294
YEL047C,YDR037W,0,2.850457,0.12398609519004822,0.7704770565032959,0.6115886569023132
YMR058W,YML075C,0,2.8503253,0.12396813929080963,0.7704770565032959,0.6116897463798523
YKL049C,YNL169C,0,2.8503175,0.12395019084215164,0.7704770565032959,0.6117908954620361
YBL046W,YKL167C,0,2.8501902,0.12393224239349365,0.7704770565032959,0.6118919849395752
YOL130W,YER001W,0,2.8501363,0.12391430139541626,0.7704770565032959,0.611993134021759
YNL257C,YGL011C,0,2.8500686,0.12389636784791946,0.7704770565032959,0.6120942234992981
YDL181W,YJL118W,0,2.850026,0.12387843430042267,0.7704770565032959,0.6121953725814819
YLR298C,YBL101C,0,2.8498788,0.12386051565408707,0.7704770565032959,0.612296462059021
YOL119C,YPL230W,0,2.8497148,0.12384258955717087,0.7704770565032959,0.6123976111412048
YIL015W,YFR055W,0,2.8495665,0.12382467836141586,0.7704770565032959,0.6124987602233887
YBR200W,YOR198C,0,2.849565,0.12380676716566086,0.7704770565032959,0.6125998497009277
YNL264C,YIR003W,0,2.8495288,0.12378886342048645,0.7704770565032959,0.6127009987831116
YMR236W,YBL066C,1,2.8495178,0.12391556054353714,0.7713771462440491,0.6127009987831116
YFL062W,YPL118W,0,2.849464,0.12389764189720154,0.7713771462440491,0.6128020882606506
YLR378C,YCR020W-B,0,2.8494554,0.12387973070144653,0.7713771462440491,0.6129032373428345
YNL126W,YER016W,0,2.849163,0.12386182695627213,0.7713771462440491,0.6130043268203735
YBR216C,YBL003C,0,2.8487406,0.12384393066167831,0.7713771462440491,0.6131054759025574
YOR153W,YLR256W,0,2.8484693,0.1238260343670845,0.7713771462440491,0.6132065653800964
YKL071W,YML118W,0,2.8482332,0.12380814552307129,0.7713771462440491,0.6133077144622803
YGR092W,YDL236W,0,2.847847,0.12379026412963867,0.7713771462440491,0.6134088635444641
YGL029W,YDR316W,0,2.8477569,0.12377238273620605,0.7713771462440491,0.6135099530220032
YER095W,YGR258C,1,2.8477228,0.12389891594648361,0.7722772359848022,0.6135099530220032
YOR362C,YNL327W,0,2.8474662,0.1238810271024704,0.7722772359848022,0.613611102104187
YIL127C,YCR042C,0,2.8473368,0.12386314570903778,0.7722772359848022,0.6137121915817261
YAL047C,YDR484W,0,2.847004,0.12384526431560516,0.7722772359848022,0.6138133406639099
YCR073C,YMR216C,0,2.8467364,0.12382739037275314,0.7722772359848022,0.613914430141449
YGL017W,YIL040W,0,2.8466988,0.12380952388048172,0.7722772359848022,0.6140155792236328
YNL125C,YEL077C,0,2.8466463,0.1237916573882103,0.7722772359848022,0.6141166687011719
YIL023C,YNR049C,0,2.8464904,0.12377380579710007,0.7722772359848022,0.6142178177833557
YLR398C,YDR423C,1,2.846355,0.12390018999576569,0.7731773257255554,0.6142178177833557
YOR032C,YJR068W,1,2.8463526,0.12402653694152832,0.7740774154663086,0.6142178177833557
YMR305C,YDL236W,0,2.8460183,0.1240086480975151,0.7740774154663086,0.6143189668655396
YKL160W,YMR044W,0,2.8460116,0.12399077415466309,0.7740774154663086,0.6144200563430786
YDL226C,YDR348C,0,2.8459687,0.12397290021181107,0.7740774154663086,0.6145212054252625
YDL004W,YKR018C,0,2.8459542,0.12395503371953964,0.7740774154663086,0.6146222949028015
YBR084C-A,YDR540C,0,2.8459256,0.12393716722726822,0.7740774154663086,0.6147234439849854
YKL045W,YPL024W,1,2.8457344,0.1240634024143219,0.7749775052070618,0.6147234439849854
YJL028W,YBL042C,0,2.845468,0.12404552847146988,0.7749775052070618,0.6148245334625244
YPL045W,YIL097W,0,2.8454666,0.12402765452861786,0.7749775052070618,0.6149256825447083
YCL026C-A,YJR137C,0,2.8452353,0.12400979548692703,0.7749775052070618,0.6150267720222473
YGR028W,YDL188C,0,2.8449836,0.1239919364452362,0.7749775052070618,0.6151279211044312
YPR145W,YGR280C,0,2.844798,0.12397408485412598,0.7749775052070618,0.615229070186615
YKL046C,YNL220W,0,2.8446827,0.12395623326301575,0.7749775052070618,0.615330159664154
YBL084C,YPL217C,0,2.8445911,0.12393838912248611,0.7749775052070618,0.6154313087463379
YML078W,YGL099W,0,2.8445473,0.12392055243253708,0.7749775052070618,0.615532398223877
YLR077W,YOL044W,0,2.8445454,0.12390272319316864,0.7749775052070618,0.6156335473060608
YKR081C,YFR028C,0,2.8444118,0.1238848939538002,0.7749775052070618,0.6157346367835999
YHL013C,YOL137W,0,2.8443518,0.12386707216501236,0.7749775052070618,0.6158357858657837
YER095W,YML076C,1,2.8441076,0.12399309873580933,0.7758775949478149,0.6158357858657837
YNL264C,YKL139W,0,2.8436894,0.12397526204586029,0.7758775949478149,0.6159368753433228
YNL148C,YHR026W,0,2.8436108,0.12395743280649185,0.7758775949478149,0.6160380244255066
YHR062C,YPL190C,0,2.843468,0.12393961101770401,0.7758775949478149,0.6161391735076904
YKL091C,YMR214W,0,2.8434613,0.12392179667949677,0.7758775949478149,0.6162402629852295
YPL055C,YGL011C,0,2.8432388,0.12390398234128952,0.7758775949478149,0.6163414120674133
YBL016W,YDL213C,0,2.8431869,0.12388617545366287,0.7758775949478149,0.6164425015449524
YOR128C,YLR410W,0,2.8431687,0.12386836856603622,0.7758775949478149,0.6165436506271362
YLR141W,YKR099W,1,2.8431509,0.12399425357580185,0.7767776846885681,0.6165436506271362
YER169W,YGR289C,0,2.8431067,0.1239764392375946,0.7767776846885681,0.6166447401046753
YEL004W,YOR035C,0,2.8429565,0.12395863234996796,0.7767776846885681,0.6167458891868591
YDR191W,YNL248C,1,2.8428729,0.12408444285392761,0.7776777744293213,0.6167458891868591
YOR229W,YDR253C,1,2.8425786,0.12421022355556488,0.7785778641700745,0.6167458891868591
YJR044C,YOR030W,0,2.8425436,0.12419238686561584,0.7785778641700745,0.6168469786643982
YPL016W,YBR084C-A,0,2.8420763,0.124174565076828,0.7785778641700745,0.616948127746582
YAR014C,YLL023C,0,2.842023,0.12415673583745956,0.7785778641700745,0.6170492172241211
YDL159W,YDR307W,0,2.8419118,0.12413892149925232,0.7785778641700745,0.6171503663063049
YNL002C,YPL265W,0,2.8412266,0.12412110716104507,0.7785778641700745,0.6172515153884888
YKL086W,YPL164C,1,2.8412051,0.12424676865339279,0.7794779539108276,0.6172515153884888
YJL184W,YCR048W,0,2.840992,0.12422894686460495,0.7794779539108276,0.6173526048660278
YGR203W,YMR092C,0,2.8403244,0.1242111325263977,0.7794779539108276,0.6174537539482117
YDR163W,YDR363W,0,2.8401766,0.12419331818819046,0.7794779539108276,0.6175548434257507
YNL124W,YML001W,0,2.8401356,0.12417551130056381,0.7794779539108276,0.6176559925079346
YBR278W,YGL105W,1,2.840073,0.12430107593536377,0.7803780436515808,0.6176559925079346
YDL188C,YNL037C,0,2.8400254,0.12428325414657593,0.7803780436515808,0.6177570819854736
YNL116W,YAL009W,0,2.8394914,0.12426544725894928,0.7803780436515808,0.6178582310676575
YGR096W,YFL034C-B,0,2.8393865,0.12424763292074203,0.7803780436515808,0.6179593205451965
YDL212W,YDL161W,0,2.839116,0.12422983348369598,0.7803780436515808,0.6180604696273804
YEL055C,YML093W,0,2.8389812,0.12421203404664993,0.7803780436515808,0.6181616187095642
YPL265W,YJL093C,0,2.8387551,0.12419424206018448,0.7803780436515808,0.6182627081871033
YHR001W,YOL027C,0,2.838663,0.12417645007371902,0.7803780436515808,0.6183638572692871
YPL024W,YIL050W,0,2.8386106,0.12415867298841476,0.7803780436515808,0.6184649467468262
YPL128C,YJL104W,0,2.8385458,0.1241408959031105,0.7803780436515808,0.61856609582901
YEL042W,YKL148C,0,2.8384156,0.12412311881780624,0.7803780436515808,0.6186671853065491
YKL096W,YHR152W,0,2.838358,0.12410535663366318,0.7803780436515808,0.6187683343887329
YPL016W,YJR086W,0,2.8380938,0.12408759444952011,0.7803780436515808,0.618869423866272
YBR235W,YOR371C,0,2.8380408,0.12406983226537704,0.7803780436515808,0.6189705729484558
YKL137W,YGR256W,0,2.8380318,0.12405208498239517,0.7803780436515808,0.6190717220306396
YOR128C,YER019W,0,2.837917,0.1240343376994133,0.7803780436515808,0.6191728115081787
YBR215W,YML022W,0,2.8378944,0.12401659041643143,0.7803780436515808,0.6192739605903625
YOR056C,YLR148W,0,2.8376203,0.12399885803461075,0.7803780436515808,0.6193750500679016
YFL050C,YGR013W,0,2.8371873,0.12398112565279007,0.7803780436515808,0.6194761991500854
YDL002C,YGL038C,0,2.8371134,0.12396340072154999,0.7803780436515808,0.6195772886276245
YPL152W,YLR138W,0,2.8365183,0.1239456757903099,0.7803780436515808,0.6196784377098083
YBL045C,YIL044C,0,2.8363008,0.12392795830965042,0.7803780436515808,0.6197795271873474
YKR010C,YDR143C,0,2.8362138,0.12391024827957153,0.7803780436515808,0.6198806762695312
YDR099W,YLR035C,1,2.8358176,0.12403544038534164,0.781278133392334,0.6198806762695312
YBR103W,YLL028W,0,2.8357692,0.12401771545410156,0.781278133392334,0.6199818253517151
YKR024C,YER166W,0,2.8356678,0.12399999797344208,0.781278133392334,0.6200829148292542
YOR118W,YLR275W,0,2.8353834,0.12398228794336319,0.781278133392334,0.620184063911438
YLR174W,YPR004C,0,2.8353221,0.1239645779132843,0.781278133392334,0.620285153388977
YJR105W,YOL001W,0,2.8353133,0.12394688278436661,0.781278133392334,0.6203863024711609
YLR410W,YCR020W-B,0,2.8352613,0.12392918020486832,0.781278133392334,0.6204873919487
YLR275W,YCR033W,0,2.8349829,0.12391149252653122,0.781278133392334,0.6205885410308838
YLR307W,YPL170W,0,2.8348877,0.12389380484819412,0.781278133392334,0.6206896305084229
YDR182W,YJR017C,0,2.8344564,0.12387612462043762,0.781278133392334,0.6207907795906067
YLR421C,YDR480W,0,2.8343863,0.12385844439268112,0.781278133392334,0.6208919286727905
YBR179C,YER160C,0,2.8339963,0.12384077906608582,0.781278133392334,0.6209930181503296
YEL034W,YKR003W,0,2.8339825,0.12382310628890991,0.781278133392334,0.6210941672325134
YNL312W,YOL137W,0,2.833943,0.1238054484128952,0.781278133392334,0.6211952567100525
YGR240C,YKL148C,0,2.8338242,0.1237877905368805,0.781278133392334,0.6212964057922363
YPL072W,YKL018W,0,2.8336163,0.12377014011144638,0.781278133392334,0.6213974952697754
YER065C,YNL021W,0,2.8334732,0.12375249713659286,0.781278133392334,0.6214986443519592
YLR071C,YMR161W,0,2.8334465,0.12373485416173935,0.781278133392334,0.6215997338294983
YOR202W,YJR064W,0,2.8334312,0.12371721863746643,0.781278133392334,0.6217008829116821
YML001W,YDR037W,0,2.8332448,0.12369958311319351,0.781278133392334,0.621802031993866
YEL034W,YER160C,0,2.83321,0.12368196249008179,0.781278133392334,0.621903121471405
YPL237W,YOR073W,0,2.8331175,0.12366434186697006,0.781278133392334,0.6220042705535889
YHL020C,YOR258W,1,2.833073,0.12378917634487152,0.7821782231330872,0.6220042705535889
YGR074W,YOR255W,0,2.8329973,0.1237715408205986,0.7821782231330872,0.6221053600311279
YLR136C,YKR029C,0,2.8328443,0.12375391274690628,0.7821782231330872,0.6222065091133118
YLR376C,YKR087C,0,2.8327794,0.12373629212379456,0.7821782231330872,0.6223075985908508
YGL043W,YJL076W,1,2.8327518,0.12386104464530945,0.7830783128738403,0.6223075985908508
YLR069C,YLR216C,0,2.8326583,0.12384341657161713,0.7830783128738403,0.6224087476730347
YDL193W,YNL087W,0,2.83176,0.1238257884979248,0.7830783128738403,0.6225098371505737
YNR036C,YDR079C-A,0,2.8316493,0.12380816787481308,0.7830783128738403,0.6226109862327576
YJL014W,YGL153W,0,2.8314908,0.12379055470228195,0.7830783128738403,0.6227120757102966
YML029W,YDR208W,0,2.8309026,0.12377294152975082,0.7830783128738403,0.6228132247924805
YJR014W,YKL073W,0,2.8307657,0.12375533580780029,0.7830783128738403,0.6229143738746643
YHR123W,YLR117C,0,2.8304794,0.12373773008584976,0.7830783128738403,0.6230154633522034
YML038C,YMR067C,0,2.8304148,0.12372013926506042,0.7830783128738403,0.6231166124343872
YGR068C,YGL002W,0,2.830319,0.12370254844427109,0.7830783128738403,0.6232177019119263
YBR288C,YDR037W,0,2.8301184,0.12368495762348175,0.7830783128738403,0.6233188509941101
YPL265W,YGR256W,0,2.8299341,0.12366737425327301,0.7830783128738403,0.6234199404716492
YER118C,YER048C,0,2.8298469,0.12364979833364487,0.7830783128738403,0.623521089553833
YMR323W,YMR216C,0,2.8298216,0.12363222986459732,0.7830783128738403,0.6236221790313721
YER021W,YMR044W,0,2.829423,0.12361466139554977,0.7830783128738403,0.6237233281135559
YLR095C,YOR122C,0,2.829105,0.12359710037708282,0.7830783128738403,0.6238244771957397
YBR302C,YEL071W,0,2.8289666,0.12357954680919647,0.7830783128738403,0.6239255666732788
YMR271C,YDR352W,0,2.8285556,0.12356199324131012,0.7830783128738403,0.6240267157554626
YKR022C,YDR001C,0,2.8283162,0.12354444712400436,0.7830783128738403,0.6241278052330017
YJR047C,YBL105C,0,2.828263,0.1235269084572792,0.7830783128738403,0.6242289543151855
YCR068W,YNL252C,0,2.8282142,0.12350936979055405,0.7830783128738403,0.6243300437927246
YJL076W,YDR352W,0,2.8279886,0.12349183857440948,0.7830783128738403,0.6244311928749084
YML099C,YML081W,1,2.8278384,0.12361623346805573,0.7839784026145935,0.6244311928749084
YKL101W,YJL137C,0,2.8273337,0.12359869480133057,0.7839784026145935,0.6245322823524475
YJL123C,YGL099W,0,2.826548,0.12358115613460541,0.7839784026145935,0.6246334314346313
YKL086W,YOR298C-A,1,2.8263278,0.12370549142360687,0.7848784923553467,0.6246334314346313
YBR298C,YOL001W,0,2.8260238,0.12368794530630112,0.7848784923553467,0.6247345805168152
YCR023C,YBR014C,0,2.8257797,0.12367039918899536,0.7848784923553467,0.6248356699943542
YOR307C,YIL122W,0,2.8256493,0.1236528679728508,0.7848784923553467,0.6249368190765381
YBR102C,YDR037W,0,2.8253484,0.12363532930612564,0.7848784923553467,0.6250379085540771
YDR452W,YDR266C,0,2.825261,0.12361780554056168,0.7848784923553467,0.625139057636261
YFR046C,YCR034W,0,2.825241,0.12360028177499771,0.7848784923553467,0.6252401471138
YGL017W,YOR196C,0,2.824986,0.12358276546001434,0.7848784923553467,0.6253412961959839
YER019W,YJR088C,0,2.8247538,0.12356525659561157,0.7848784923553467,0.625442385673523
YOL108C,YJR060W,1,2.8242574,0.1236894279718399,0.7857785820960999,0.625442385673523
YJL137C,YCL030C,0,2.8242524,0.12367191165685654,0.7857785820960999,0.6255435347557068
YFL022C,YOR198C,0,2.824216,0.12365438789129257,0.7857785820960999,0.6256446838378906
YDL010W,YPR079W,0,2.8239164,0.1236368790268898,0.7857785820960999,0.6257457733154297
YKL146W,YOR010C,0,2.82371,0.12361937016248703,0.7857785820960999,0.6258469223976135
YML069W,YER157W,0,2.8235807,0.12360186874866486,0.7857785820960999,0.6259480118751526
YGR152C,YOL049W,0,2.823368,0.12358437478542328,0.7857785820960999,0.6260491609573364
YHR007C,YKL209C,0,2.8230991,0.1235668808221817,0.7857785820960999,0.6261502504348755
YKL160W,YMR083W,0,2.822558,0.12354939430952072,0.7857785820960999,0.6262513995170593
YMR260C,YDL044C,0,2.8224626,0.12353190779685974,0.7857785820960999,0.6263524889945984
YBR210W,YMR199W,0,2.8224454,0.12351442873477936,0.7857785820960999,0.6264536380767822
YDL002C,YJL010C,0,2.821999,0.12349695712327957,0.7857785820960999,0.6265547871589661
YBR077C,YKR029C,0,2.821916,0.12347949296236038,0.7857785820960999,0.6266558766365051
YPL084W,YHR034C,0,2.8218832,0.12346202880144119,0.7857785820960999,0.626757025718689
YCR034W,YER172C,0,2.8214478,0.1234445720911026,0.7857785820960999,0.626858115196228
YIL023C,YPL024W,0,2.8214412,0.12342711538076401,0.7857785820960999,0.6269592642784119
YLR174W,YNL124W,0,2.8212836,0.12340966612100601,0.7857785820960999,0.6270603537559509
YOR371C,YHR143W-A,0,2.8212237,0.12339222431182861,0.7857785820960999,0.6271615028381348
YFR042W,YLR216C,0,2.821095,0.12337478995323181,0.7857785820960999,0.6272625923156738
YPL241C,YHR107C,0,2.8209653,0.12335735559463501,0.7857785820960999,0.6273637413978577
YOR312C,YOR083W,0,2.820826,0.1233399286866188,0.7857785820960999,0.6274648308753967
YOL119C,YBR139W,0,2.8207269,0.1233225017786026,0.7857785820960999,0.6275659799575806
YML078W,YHR084W,0,2.8204122,0.12330508232116699,0.7857785820960999,0.6276671290397644
YER011W,YJL138C,0,2.8202262,0.12328767031431198,0.7857785820960999,0.6277682185173035
YGL145W,YHR123W,0,2.8199434,0.12327026575803757,0.7857785820960999,0.6278693675994873
YMR154C,YJL118W,0,2.819828,0.12325286120176315,0.7857785820960999,0.6279704570770264
YDR349C,YDL207W,0,2.8197775,0.12323545664548874,0.7857785820960999,0.6280716061592102
YHR016C,YDR316W,0,2.8194344,0.12321806699037552,0.7857785820960999,0.6281726956367493
YLR242C,YER170W,0,2.8191917,0.1232006773352623,0.7857785820960999,0.6282738447189331
YPR165W,YDR484W,0,2.819188,0.12318329513072968,0.7857785820960999,0.6283749341964722
YDR266C,YBL105C,0,2.8190427,0.12316591292619705,0.7857785820960999,0.628476083278656
YKL008C,YBR139W,0,2.818874,0.12314853817224503,0.7857785820960999,0.6285772323608398
YJL138C,YLR399C,0,2.8185945,0.1231311708688736,0.7857785820960999,0.6286783218383789
YLR138W,YBR201W,0,2.8182034,0.12311380356550217,0.7857785820960999,0.6287794709205627
YBR019C,YIL129C,0,2.8179536,0.12309644371271133,0.7857785820960999,0.6288805603981018
YNR026C,YMR309C,0,2.8179088,0.1230790913105011,0.7857785820960999,0.6289817094802856
YOR056C,YDR484W,0,2.8178854,0.12306173890829086,0.7857785820960999,0.6290827989578247
YBR186W,YNL124W,0,2.8176613,0.12304439395666122,0.7857785820960999,0.6291839480400085
YJR043C,YOR122C,0,2.8176303,0.12302705645561218,0.7857785820960999,0.6292850375175476
YOL091W,YBR152W,0,2.816383,0.12300971895456314,0.7857785820960999,0.6293861865997314
YPR052C,YBR008C,0,2.8163252,0.1229923889040947,0.7857785820960999,0.6294873356819153
YCL033C,YER006W,0,2.8162227,0.12297506630420685,0.7857785820960999,0.6295884251594543
YOL137W,YPR065W,0,2.8162198,0.122957743704319,0.7857785820960999,0.6296895742416382
YIL130W,YGR044C,1,2.8161266,0.1230812594294548,0.786678671836853,0.6296895742416382
YDL042C,YDR206W,0,2.8160768,0.12306392937898636,0.786678671836853,0.6297906637191772
YMR323W,YGR132C,0,2.816063,0.12304659932851791,0.786678671836853,0.6298918128013611
YIL073C,YOR122C,0,2.8160586,0.12302927672863007,0.786678671836853,0.6299929022789001
YKL046C,YBR179C,0,2.815689,0.12301196157932281,0.786678671836853,0.630094051361084
YOR100C,YLR155C,0,2.8156707,0.12299465388059616,0.786678671836853,0.630195140838623
YER058W,YBR154C,0,2.815557,0.1229773461818695,0.786678671836853,0.6302962899208069
YLL032C,YPL118W,0,2.8154194,0.12296004593372345,0.786678671836853,0.6303974390029907
YBR239C,YOR231W,0,2.8151145,0.12294274568557739,0.786678671836853,0.6304985284805298
YFR044C,YIL114C,0,2.814938,0.12292546033859253,0.786678671836853,0.6305996775627136
YBL084C,YDR147W,0,2.8148956,0.12290816754102707,0.786678671836853,0.6307007670402527
YPR107C,YMR030W,0,2.8147101,0.1228908896446228,0.786678671836853,0.6308019161224365
YNL009W,YNL134C,0,2.8141317,0.12287361174821854,0.786678671836853,0.6309030055999756
YBR103W,YKL086W,0,2.8140583,0.12285634130239487,0.786678671836853,0.6310041546821594
YOL128C,YDR316W,0,2.8139315,0.1228390708565712,0.786678671836853,0.6311052441596985
YPL053C,YFR044C,0,2.8138366,0.12282180786132812,0.786678671836853,0.6312063932418823
YNL090W,YGR203W,0,2.8137197,0.12280455231666565,0.786678671836853,0.6313075423240662
YOL088C,YNL075W,0,2.8136828,0.12278729677200317,0.786678671836853,0.6314086318016052
YML069W,YKL209C,0,2.8135672,0.1227700486779213,0.786678671836853,0.6315097808837891
YHR187W,YLR136C,0,2.8132248,0.12275280803442001,0.786678671836853,0.6316108703613281
YLR027C,YGR140W,0,2.8131142,0.12273556739091873,0.786678671836853,0.631712019443512
YJL139C,YJR161C,0,2.8129015,0.12271833419799805,0.786678671836853,0.631813108921051
YPL008W,YDR079C-A,1,2.8128762,0.1228414997458458,0.7875787615776062,0.631813108921051
YDR408C,YER011W,0,2.812687,0.12282425910234451,0.7875787615776062,0.6319142580032349
YOR005C,YLR256W,0,2.812673,0.12280701845884323,0.7875787615776062,0.6320153474807739
YDR266C,YCR097W,0,2.8125734,0.12278978526592255,0.7875787615776062,0.6321164965629578
YLR014C,YGR159C,1,2.8124194,0.12291286885738373,0.7884788513183594,0.6321164965629578
YDR477W,YPL249C,0,2.8122015,0.12289562076330185,0.7884788513183594,0.6322175860404968
YPL246C,YNL030W,0,2.8115501,0.12287838757038116,0.7884788513183594,0.6323187351226807
YER171W,YDR499W,1,2.8111296,0.12300140410661697,0.7893789410591125,0.6323187351226807
YNL264C,YFL034C-B,0,2.8107576,0.1229841560125351,0.7893789410591125,0.6324198842048645
YJL050W,YDR477W,0,2.8105054,0.12296690791845322,0.7893789410591125,0.6325209736824036
YPL024W,YOR064C,0,2.8102827,0.12294966727495193,0.7893789410591125,0.6326221227645874
YML118W,YER058W,0,2.8100433,0.12293243408203125,0.7893789410591125,0.6327232122421265
YBR203W,YFR051C,0,2.8100362,0.12291520833969116,0.7893789410591125,0.6328243613243103
YHL007C,YGR287C,0,2.8100295,0.12289798259735107,0.7893789410591125,0.6329254508018494
YKL112W,YFL018C,0,2.809957,0.12288076430559158,0.7893789410591125,0.6330265998840332
YKL073W,YOL021C,0,2.8097482,0.12286354601383209,0.7893789410591125,0.6331276893615723
YAR050W,YER169W,0,2.809725,0.1228463351726532,0.7893789410591125,0.6332288384437561
YNL209W,YBL005W-A,0,2.8095925,0.1228291317820549,0.7893789410591125,0.6333299875259399
YNL257C,YNL087W,0,2.8095741,0.1228119283914566,0.7893789410591125,0.633431077003479
YDR477W,YOR312C,0,2.809548,0.1227947324514389,0.7893789410591125,0.6335322260856628
YNL241C,YIR008C,0,2.809349,0.1227775439620018,0.7893789410591125,0.6336333155632019
YIR035C,YGR261C,0,2.809338,0.1227603554725647,0.7893789410591125,0.6337344646453857
YOR149C,YGL125W,0,2.8089879,0.12274317443370819,0.7893789410591125,0.6338355541229248
YHR115C,YLR226W,0,2.8087,0.12272600084543228,0.7893789410591125,0.6339367032051086
YER119C,YNL099C,0,2.8086648,0.12270882725715637,0.7893789410591125,0.6340377926826477
YKR003W,YML111W,0,2.8085623,0.12269166111946106,0.7893789410591125,0.6341389417648315
YJL209W,YOR030W,0,2.8078103,0.12267450243234634,0.7893789410591125,0.6342400908470154
YLR240W,YCR020W-B,0,2.8075323,0.12265734374523163,0.7893789410591125,0.6343411803245544
YKL113C,YOR196C,0,2.8070889,0.12264019250869751,0.7893789410591125,0.6344423294067383
YKR010C,YBL084C,0,2.8067207,0.12262304127216339,0.7893789410591125,0.6345434188842773
YDR058C,YMR189W,0,2.8066998,0.12260589748620987,0.7893789410591125,0.6346445679664612
YDR020C,YDR210W,0,2.806623,0.12258876115083694,0.7893789410591125,0.6347456574440002
YML025C,YDR409W,0,2.8061829,0.12257162481546402,0.7893789410591125,0.6348468065261841
YMR092C,YOR205C,0,2.8059096,0.12255450338125229,0.7893789410591125,0.6349478960037231
YKR081C,YAR014C,0,2.8054812,0.12253737449645996,0.7893789410591125,0.635049045085907
YOR298C-A,YJL203W,0,2.805457,0.12252026051282883,0.7893789410591125,0.6351501941680908
YER065C,YLR148W,0,2.805283,0.12250314652919769,0.7893789410591125,0.6352512836456299
YOR229W,YFR028C,0,2.805263,0.12248603254556656,0.7893789410591125,0.6353524327278137
YBR265W,YGL234W,0,2.805245,0.12246892601251602,0.7893789410591125,0.6354535222053528
YML126C,YMR068W,0,2.8045259,0.12245182693004608,0.7893789410591125,0.6355546712875366
YBR004C,YNL099C,0,2.8039231,0.12243473529815674,0.7893789410591125,0.6356557607650757
YGL017W,YBL036C,0,2.8038287,0.1224176436662674,0.7893789410591125,0.6357569098472595
YJR007W,YPL190C,0,2.8038058,0.12240055948495865,0.7893789410591125,0.6358579993247986
YJR047C,YML069W,0,2.8036704,0.1223834753036499,0.7893789410591125,0.6359591484069824
YMR280C,YNL083W,0,2.8034775,0.12236639857292175,0.7893789410591125,0.6360602974891663
YHR039C,YGR121C,0,2.8034158,0.1223493292927742,0.7893789410591125,0.6361613869667053
YJL010C,YDL201W,0,2.8033457,0.12233226746320724,0.7893789410591125,0.6362625360488892
YNL257C,YLR336C,0,2.8029685,0.12231520563364029,0.7893789410591125,0.6363636255264282
YPL241C,YBL071W-A,0,2.8022618,0.12229814380407333,0.7893789410591125,0.6364647746086121
YOR007C,YCR008W,0,2.8019676,0.12228108942508698,0.7893789410591125,0.6365658640861511
YJL028W,YER035W,0,2.8018184,0.12226404249668121,0.7893789410591125,0.636667013168335
YJR043C,YPR094W,0,2.8018088,0.12224700301885605,0.7893789410591125,0.636768102645874
YIL162W,YDL058W,0,2.8016467,0.12222996354103088,0.7893789410591125,0.6368692517280579
YNL082W,YGR132C,0,2.801474,0.12221293151378632,0.7893789410591125,0.6369704008102417
YFL003C,YER074W-A,0,2.8011937,0.12219590693712234,0.7893789410591125,0.6370714902877808
YGR275W,YNL113W,0,2.8010511,0.12217888236045837,0.7893789410591125,0.6371726393699646
YGL099W,YKL127W,0,2.8008695,0.1221618577837944,0.7893789410591125,0.6372737288475037
YKL125W,YOL088C,0,2.80086,0.12214484810829163,0.7893789410591125,0.6373748779296875
YHL009C,YIR022W,0,2.8008232,0.12212783843278885,0.7893789410591125,0.6374759674072266
YEL004W,YGR067C,0,2.8003988,0.12211083620786667,0.7893789410591125,0.6375771164894104
YMR214W,YPL158C,0,2.8001246,0.12209383398294449,0.7893789410591125,0.6376782059669495
YHR152W,YOL021C,0,2.8000708,0.1220768392086029,0.7893789410591125,0.6377793550491333
YBL036C,YFL062W,0,2.8000634,0.12205984443426132,0.7893789410591125,0.6378804445266724
YMR214W,YDR027C,0,2.7998004,0.12204286456108093,0.7893789410591125,0.6379815936088562
YDR162C,YFL022C,0,2.799766,0.12202587723731995,0.7893789410591125,0.63808274269104
YHR187W,YCR069W,0,2.7997165,0.12200890481472015,0.7893789410591125,0.6381838321685791
YBL066C,YGR207C,0,2.799693,0.12199193239212036,0.7893789410591125,0.6382849812507629
YGR013W,YFL008W,0,2.799616,0.12197496742010117,0.7893789410591125,0.638386070728302
YJL116C,YPR018W,0,2.79954,0.12195800244808197,0.7893789410591125,0.6384872198104858
YHR115C,YNL299W,0,2.7994595,0.12194104492664337,0.7893789410591125,0.6385883092880249
YNR036C,YLL005C,0,2.7993274,0.12192409485578537,0.7893789410591125,0.6386894583702087
YMR197C,YHR176W,0,2.7991724,0.12190714478492737,0.7893789410591125,0.6387905478477478
YFR038W,YDR099W,1,2.799047,0.12202918529510498,0.7902790307998657,0.6387905478477478
YGL011C,YNL113W,0,2.7988677,0.12201222777366638,0.7902790307998657,0.6388916969299316
YFR028C,YLR368W,0,2.7988448,0.12199527770280838,0.7902790307998657,0.6389928460121155
YOR033C,YML069W,1,2.7983294,0.12211725115776062,0.7911791205406189,0.6389928460121155
YPR018W,YOR144C,0,2.7981975,0.12210029363632202,0.7911791205406189,0.6390939354896545
YOR229W,YLR431C,0,2.7981057,0.12208333611488342,0.7911791205406189,0.6391950845718384
YML111W,YLR229C,0,2.797701,0.12206637859344482,0.7911791205406189,0.6392961740493774
YER119C,YFL062W,0,2.7976966,0.12204942852258682,0.7911791205406189,0.6393973231315613
YGL022W,YLR368W,0,2.7975998,0.12203248590230942,0.7911791205406189,0.6394984126091003
YNL257C,YOL130W,0,2.7973976,0.12201554328203201,0.7911791205406189,0.6395995616912842
YBL102W,YPR018W,0,2.796846,0.1219986155629158,0.7911791205406189,0.6397006511688232
YML065W,YDR409W,0,2.7967546,0.121981680393219,0.7911791205406189,0.6398018002510071
YNL064C,YGL254W,0,2.7967508,0.12196476012468338,0.7911791205406189,0.6399029493331909
YLL042C,YLL028W,0,2.7967,0.12194783240556717,0.7911791205406189,0.64000403881073
YGR049W,YER048C,0,2.7964091,0.12193091958761215,0.7911791205406189,0.6401051878929138
YOR056C,YGR183C,0,2.7963498,0.12191400676965714,0.7911791205406189,0.6402062773704529
YBR288C,YDL092W,0,2.7962365,0.12189710140228271,0.7911791205406189,0.6403074264526367
YKL213C,YAL061W,0,2.7962332,0.1218801960349083,0.7911791205406189,0.6404085159301758
YGR152C,YIR033W,0,2.7962084,0.12186330556869507,0.7911791205406189,0.6405096650123596
YBR004C,YJR077C,0,2.7961411,0.12184640765190125,0.7911791205406189,0.6406107544898987
YGL038C,YJR017C,0,2.7961197,0.12182952463626862,0.7911791205406189,0.6407119035720825
YJR052W,YKL062W,1,2.7960658,0.12195122241973877,0.7920792102813721,0.6407119035720825
YER042W,YPL003W,0,2.7958126,0.12193432450294495,0.7920792102813721,0.6408130526542664
YGR005C,YDL106C,1,2.795793,0.12205597013235092,0.7929793000221252,0.6408130526542664
YGL175C,YDR169C,1,2.7956734,0.12217758595943451,0.7938793897628784,0.6408130526542664
YHR102W,YPR140W,0,2.7952259,0.1221606656908989,0.7938793897628784,0.6409141421318054
YAL032C,YDL058W,0,2.7951813,0.12214374542236328,0.7938793897628784,0.6410152912139893
YBR216C,YGL047W,0,2.7949345,0.12212683260440826,0.7938793897628784,0.6411163806915283
YGR287C,YER054C,0,2.7945924,0.12210992723703384,0.7938793897628784,0.6412175297737122
YLR003C,YDR352W,0,2.7945707,0.12209302186965942,0.7938793897628784,0.6413186192512512
YDR446W,YER006W,0,2.7945523,0.1220761239528656,0.7938793897628784,0.6414197683334351
YBL008W,YDR121W,1,2.7942352,0.12219762057065964,0.7947794795036316,0.6414197683334351
YKR003W,YGL175C,0,2.7941484,0.12218070775270462,0.7947794795036316,0.6415208578109741
YER160C,YBR008C,0,2.79389,0.1221638098359108,0.7947794795036316,0.641622006893158
YDR202C,YGL012W,0,2.793568,0.12214691191911697,0.7947794795036316,0.6417231559753418
YIL121W,YEL071W,0,2.79327,0.12213001400232315,0.7947794795036316,0.6418242454528809
YGR148C,YOR368W,0,2.7932677,0.12211312353610992,0.7947794795036316,0.6419253945350647
YKR013W,YBR217W,0,2.792664,0.1220962405204773,0.7947794795036316,0.6420264840126038
YLR022C,YIL129C,0,2.7925155,0.12207935750484467,0.7947794795036316,0.6421276330947876
YNL275W,YDR409W,0,2.792377,0.12206248193979263,0.7947794795036316,0.6422287225723267
YNL264C,YEL026W,0,2.7922199,0.1220456138253212,0.7947794795036316,0.6423298716545105
YDL079C,YGL245W,0,2.7918377,0.12202874571084976,0.7947794795036316,0.6424309611320496
YMR170C,YLR110C,0,2.7918377,0.12201188504695892,0.7947794795036316,0.6425321102142334
YOR035C,YDR484W,0,2.7913013,0.12199502438306808,0.7947794795036316,0.6426331996917725
YKL146W,YJR007W,0,2.7912698,0.12197817116975784,0.7947794795036316,0.6427343487739563
YDL103C,YGL187C,0,2.7908635,0.1219613254070282,0.7947794795036316,0.6428354978561401
YIL091C,YEL009C,0,2.7905922,0.12194447964429855,0.7947794795036316,0.6429365873336792
YER144C,YJL207C,0,2.790517,0.1219276413321495,0.7947794795036316,0.643037736415863
YGL013C,YGR132C,0,2.7904944,0.12191081047058105,0.7947794795036316,0.6431388258934021
YDL079C,YLR178C,0,2.790155,0.1218939796090126,0.7947794795036316,0.6432399749755859
YBR210W,YOR321W,0,2.790123,0.12187715619802475,0.7947794795036316,0.643341064453125
YJR090C,YFL050C,0,2.7900133,0.12186034023761749,0.7947794795036316,0.6434422135353088
YJL177W,YBR228W,0,2.7898026,0.12184352427721024,0.7947794795036316,0.6435433030128479
YHR188C,YIL114C,0,2.789607,0.12182670831680298,0.7947794795036316,0.6436444520950317
YOR197W,YPL270W,0,2.7896047,0.12180990725755692,0.7947794795036316,0.6437456011772156
YOL146W,YKR003W,0,2.789538,0.12179310619831085,0.7947794795036316,0.6438466906547546
YMR119W,YNL327W,0,2.789497,0.12177630513906479,0.7947794795036316,0.6439478397369385
YLR410W,YGL181W,0,2.7888887,0.12175951153039932,0.7947794795036316,0.6440489292144775
YLL039C,YNL272C,0,2.7886448,0.12174272537231445,0.7947794795036316,0.6441500782966614
YGR028W,YOL049W,0,2.7885523,0.12172594666481018,0.7947794795036316,0.6442511677742004
YPL227C,YIL114C,0,2.7885213,0.12170916795730591,0.7947794795036316,0.6443523168563843
YGR198W,YMR291W,0,2.787702,0.12169238924980164,0.7947794795036316,0.6444534063339233
YOL128C,YPR101W,0,2.7865372,0.12167562544345856,0.7947794795036316,0.6445545554161072
YML062C,YDR186C,0,2.7861433,0.12165886163711548,0.7947794795036316,0.644655704498291
YLR262C,YNL071W,0,2.786061,0.1216420978307724,0.7947794795036316,0.6447567939758301
YIL031W,YJL014W,0,2.7857318,0.12162534147500992,0.7947794795036316,0.6448579430580139
YER119C,YML065W,0,2.785563,0.12160859256982803,0.7947794795036316,0.644959032535553
YML130C,YDR264C,0,2.785522,0.12159185111522675,0.7947794795036316,0.6450601816177368
YIL099W,YHR107C,0,2.785483,0.12157510966062546,0.7947794795036316,0.6451612710952759
YBR135W,YDR409W,0,2.7854114,0.12155836820602417,0.7947794795036316,0.6452624201774597
YBL084C,YBR221C,0,2.7851949,0.12154164165258408,0.7947794795036316,0.6453635096549988
YPR181C,YKR046C,0,2.7849402,0.12152490764856339,0.7947794795036316,0.6454646587371826
YBR126C,YGR172C,0,2.7849045,0.12150818854570389,0.7947794795036316,0.6455658078193665
YPL217C,YPR165W,0,2.7848988,0.12149146944284439,0.7947794795036316,0.6456668972969055
YCL010C,YLR095C,0,2.7845278,0.12147475779056549,0.7947794795036316,0.6457680463790894
YHR107C,YOR100C,0,2.7842493,0.12145804613828659,0.7947794795036316,0.6458691358566284
YDL049C,YDR266C,0,2.7841544,0.12144134193658829,0.7947794795036316,0.6459702849388123
YNL037C,YLR226W,0,2.7839518,0.12142464518547058,0.7947794795036316,0.6460713744163513
YAR071W,YPL037C,0,2.7838817,0.12140794843435287,0.7947794795036316,0.6461725234985352
YPL256C,YLR136C,0,2.7837248,0.12139125913381577,0.7947794795036316,0.6462736129760742
YER069W,YDR001C,0,2.78372,0.12137456983327866,0.7947794795036316,0.6463747620582581
YOR128C,YMR244C-A,0,2.7836857,0.12135788798332214,0.7947794795036316,0.6464759111404419
YGR277C,YER124C,0,2.7835922,0.12134121358394623,0.7947794795036316,0.646577000617981
YKL211C,YNL312W,0,2.7829142,0.12132453918457031,0.7947794795036316,0.6466781497001648
YLR077W,YNL113W,0,2.7828445,0.121307872235775,0.7947794795036316,0.6467792391777039
YFL018C,YKL220C,0,2.782795,0.12129120528697968,0.7947794795036316,0.6468803882598877
YPR185W,YPR066W,0,2.7827458,0.12127455323934555,0.7947794795036316,0.6469814777374268
YDR258C,YGR289C,0,2.7825456,0.12125789374113083,0.7947794795036316,0.6470826268196106
YMR052W,YJL014W,0,2.7821503,0.1212412491440773,0.7947794795036316,0.6471837162971497
YKL163W,YPL066W,0,2.7821221,0.12122460454702377,0.7947794795036316,0.6472848653793335
YDR058C,YHR083W,0,2.7816577,0.12120795994997025,0.7947794795036316,0.6473859548568726
YMR119W,YDL236W,0,2.781592,0.12119132280349731,0.7947794795036316,0.6474871039390564
YKL176C,YPR124W,0,2.7814312,0.12117469310760498,0.7947794795036316,0.6475882530212402
YOL008W,YDR180W,0,2.781409,0.12115807086229324,0.7947794795036316,0.6476893424987793
YPL217C,YMR024W,0,2.7811213,0.1211414486169815,0.7947794795036316,0.6477904915809631
YEL004W,YPR056W,0,2.780859,0.12112482637166977,0.7947794795036316,0.6478915810585022
YIL162W,YEL047C,0,2.7808056,0.12110821902751923,0.7947794795036316,0.647992730140686
YMR214W,YBR056W,0,2.7805772,0.12109160423278809,0.7947794795036316,0.6480938196182251
YGL086W,YLR002C,0,2.779829,0.12107500433921814,0.7947794795036316,0.6481949687004089
YHL022C,YPL118W,0,2.7792702,0.1210584044456482,0.7947794795036316,0.648296058177948
YGL150C,YDR081C,1,2.779169,0.12117888778448105,0.7956795692443848,0.648296058177948
YHR007C,YPR018W,0,2.7791095,0.1211622804403305,0.7956795692443848,0.6483972072601318
YER016W,YLR275W,0,2.779077,0.12114567309617996,0.7956795692443848,0.6484983563423157
YLR071C,YMR121C,0,2.778295,0.12112907320261002,0.7956795692443848,0.6485994458198547
YDR051C,YPR052C,0,2.778097,0.12111248075962067,0.7956795692443848,0.6487005949020386
YNL241C,YDR352W,0,2.7779875,0.12109588831663132,0.7956795692443848,0.6488016843795776
YML126C,YCL026C-A,0,2.7776866,0.12107930332422256,0.7956795692443848,0.6489028334617615
YGR195W,YGL145W,0,2.77761,0.12106272578239441,0.7956795692443848,0.6490039229393005
YBR056W,YFL031W,0,2.7775438,0.12104614824056625,0.7956795692443848,0.6491050720214844
YDR216W,YEL026W,0,2.7773838,0.1210295706987381,0.7956795692443848,0.6492061614990234
YJL104W,YNL097C,0,2.7771134,0.12101300805807114,0.7956795692443848,0.6493073105812073
YOL128C,YEL060C,0,2.7768927,0.12099643796682358,0.7956795692443848,0.6494084596633911
YGL130W,YPL249C,0,2.7767768,0.12097988277673721,0.7956795692443848,0.6495095491409302
YBR126C,YNL148C,0,2.7764773,0.12096332758665085,0.7956795692443848,0.649610698223114
YDR142C,YNL124W,0,2.7764401,0.12094677984714508,0.7956795692443848,0.6497117877006531
YGL166W,YJR019C,0,2.7761474,0.12093023210763931,0.7956795692443848,0.6498129367828369
YOL006C,YER006W,0,2.7761447,0.12091369181871414,0.7956795692443848,0.649914026260376
YHR016C,YNL083W,0,2.775909,0.12089715898036957,0.7956795692443848,0.6500151753425598
YLR205C,YDR079C-A,0,2.77525,0.120880626142025,0.7956795692443848,0.6501162648200989
YMR030W,YBR236C,0,2.7750711,0.12086409330368042,0.7956795692443848,0.6502174139022827
YOR328W,YDR322C-A,0,2.7745366,0.12084757536649704,0.7956795692443848,0.6503185629844666
YGL208W,YNL265C,0,2.774426,0.12083105742931366,0.7956795692443848,0.6504196524620056
YDL052C,YGL065C,0,2.7742972,0.12081453949213028,0.7956795692443848,0.6505208015441895
YGL043W,YNL224C,0,2.7742438,0.1207980290055275,0.7956795692443848,0.6506218910217285
YPR145W,YPL187W,0,2.77394,0.12078152596950531,0.7956795692443848,0.6507230401039124
YPL236C,YPR124W,0,2.7736788,0.12076503038406372,0.7956795692443848,0.6508241295814514
YLR332W,YER048C,0,2.7736688,0.12074853479862213,0.7956795692443848,0.6509252786636353
YPL241C,YCR033W,0,2.7731957,0.12073203921318054,0.7956795692443848,0.6510263681411743
YCR066W,YJL118W,0,2.7730534,0.12071555107831955,0.7956795692443848,0.6511275172233582
YHL022C,YFL050C,0,2.7729826,0.12069907039403915,0.7956795692443848,0.651228666305542
YMR266W,YKL139W,0,2.7729657,0.12068259716033936,0.7956795692443848,0.651329755783081
YIR033W,YPR112C,0,2.7725272,0.12066612392663956,0.7956795692443848,0.6514309048652649
YIL117C,YFL024C,0,2.7723413,0.12064965069293976,0.7956795692443848,0.651531994342804
YJL047C,YBL097W,0,2.7720542,0.12063318490982056,0.7956795692443848,0.6516331434249878
YMR236W,YCR048W,0,2.772026,0.12061672657728195,0.7956795692443848,0.6517342329025269
YNL088W,YLR398C,1,2.7719278,0.12073669582605362,0.7965796589851379,0.6517342329025269
YPL016W,YIL023C,0,2.771881,0.12072023004293442,0.7965796589851379,0.6518353819847107
YHR063C,YNL315C,0,2.7718077,0.12070376425981522,0.7965796589851379,0.6519364714622498
YGL079W,YGL008C,0,2.7716446,0.12068730592727661,0.7965796589851379,0.6520376205444336
YGR289C,YOR303W,0,2.7713132,0.120670847594738,0.7965796589851379,0.6521387696266174
YML069W,YNL177C,0,2.7710469,0.12065439671278,0.7965796589851379,0.6522398591041565
YML078W,YGL097W,0,2.7703457,0.12063795328140259,0.7965796589851379,0.6523410081863403
YDL042C,YMR309C,0,2.770175,0.12062150985002518,0.7965796589851379,0.6524420976638794
YMR268C,YHR166C,0,2.770071,0.12060506641864777,0.7965796589851379,0.6525432467460632
YLR110C,YPL057C,0,2.769902,0.12058863788843155,0.7965796589851379,0.6526443362236023
YGL224C,YPR020W,0,2.7697935,0.12057220935821533,0.7965796589851379,0.6527454853057861
YFL008W,YBR204C,0,2.7696223,0.12055578082799911,0.7965796589851379,0.6528465747833252
YNL186W,YLR378C,0,2.7692451,0.1205393597483635,0.7965796589851379,0.652947723865509
YFR046C,YJL091C,0,2.769147,0.12052294611930847,0.7965796589851379,0.6530488133430481
YBR235W,YOL044W,0,2.7689943,0.12050653249025345,0.7965796589851379,0.6531499624252319
YDL193W,YHR141C,0,2.768777,0.12049012631177902,0.7965796589851379,0.6532511115074158
YNL300W,YLR310C,0,2.7687392,0.12047372758388519,0.7965796589851379,0.6533522009849548
YOL017W,YML069W,0,2.7682052,0.12045732885599136,0.7965796589851379,0.6534533500671387
YLR095C,YNL326C,0,2.7681375,0.12044093757867813,0.7965796589851379,0.6535544395446777
YML130C,YLR070C,0,2.7674966,0.1204245463013649,0.7965796589851379,0.6536555886268616
YPR196W,YKL045W,1,2.7673001,0.12054421752691269,0.7974797487258911,0.6536555886268616
YKR042W,YLL010C,0,2.766862,0.12052781879901886,0.7974797487258911,0.6537566781044006
YMR021C,YBR114W,1,2.7668464,0.12064744532108307,0.7983798384666443,0.6537566781044006
YCL019W,YKL213C,0,2.7668228,0.12063103169202805,0.7983798384666443,0.6538578271865845
YJL051W,YNL315C,0,2.7667108,0.12061463296413422,0.7983798384666443,0.6539589166641235
YDR294C,YMR134W,0,2.766677,0.12059823423624039,0.7983798384666443,0.6540600657463074
YDR451C,YHR146W,1,2.7663584,0.12071777880191803,0.7992799282073975,0.6540600657463074
YOR017W,YGL029W,0,2.7662137,0.1207013726234436,0.7992799282073975,0.6541612148284912
YDL002C,YFL050C,0,2.7660007,0.12068496644496918,0.7992799282073975,0.6542623043060303
YMR263W,YGL131C,0,2.76572,0.12066856771707535,0.7992799282073975,0.6543634533882141
YBL027W,YPL265W,0,2.7652261,0.12065217643976212,0.7992799282073975,0.6544645428657532
YKL167C,YPL015C,0,2.765152,0.12063578516244888,0.7992799282073975,0.654565691947937
YOL145C,YAL015C,1,2.7649531,0.12075523287057877,0.8001800179481506,0.654565691947937
YKL101W,YDR225W,0,2.7648478,0.12073882669210434,0.8001800179481506,0.6546667814254761
YDR191W,YOR022C,0,2.7647634,0.12072243541479111,0.8001800179481506,0.6547679305076599
YGR207C,YPL066W,0,2.7644544,0.12070604413747787,0.8001800179481506,0.654869019985199
YJL145W,YAR008W,0,2.7644534,0.12068965286016464,0.8001800179481506,0.6549701690673828
YCR028C-A,YML065W,1,2.7644038,0.12080901116132736,0.8010801076889038,0.6549701690673828
YER019W,YDR394W,0,2.7644,0.12079261988401413,0.8010801076889038,0.6550713181495667
YKL073W,YDL239C,0,2.7641332,0.1207762211561203,0.8010801076889038,0.6551724076271057
YJL010C,YHR001W,0,2.7638202,0.12075983732938766,0.8010801076889038,0.6552735567092896
YDR016C,YCR033W,0,2.763413,0.12074345350265503,0.8010801076889038,0.6553746461868286
YJR099W,YER021W,0,2.7629864,0.12072707712650299,0.8010801076889038,0.6554757952690125
YGL201C,YFL034C-B,0,2.7626433,0.12071070075035095,0.8010801076889038,0.6555768847465515
YHR042W,YBL027W,0,2.762445,0.12069433182477951,0.8010801076889038,0.6556780338287354
YLR166C,YDR363W,0,2.7623425,0.12067796289920807,0.8010801076889038,0.6557791233062744
YDR020C,YOR231W,0,2.7620595,0.12066160887479782,0.8010801076889038,0.6558802723884583
YBR126C,YOR198C,0,2.7619193,0.12064524739980698,0.8010801076889038,0.6559814214706421
YOR172W,YMR228W,1,2.7618365,0.12076443433761597,0.801980197429657,0.6559814214706421
YGL017W,YLR064W,0,2.7615654,0.12074806541204453,0.801980197429657,0.6560825109481812
YPL037C,YPR022C,0,2.7614503,0.12073170393705368,0.801980197429657,0.656183660030365
YMR263W,YER170W,0,2.7612138,0.12071534991264343,0.801980197429657,0.656284749507904
YOL006C,YER021W,0,2.7607293,0.12069899588823318,0.801980197429657,0.6563858985900879
YOR017W,YBR057C,0,2.7603486,0.12068264931440353,0.801980197429657,0.656486988067627
YDL049C,YLL042C,0,2.759955,0.12066630274057388,0.801980197429657,0.6565881371498108
YOR128C,YDR264C,0,2.7595272,0.12064996361732483,0.801980197429657,0.6566892266273499
YER094C,YIL122W,0,2.7594829,0.12063363194465637,0.801980197429657,0.6567903757095337
YGR049W,YDL132W,0,2.759357,0.12061730027198792,0.801980197429657,0.6568915247917175
YBR235W,YDR142C,0,2.7592177,0.12060097604990005,0.801980197429657,0.6569926142692566
YGL011C,YGR289C,0,2.7588344,0.1205846518278122,0.801980197429657,0.6570937633514404
YML029W,YGL038C,0,2.7581186,0.12056833505630493,0.801980197429657,0.6571948528289795
YGL065C,YNL220W,0,2.7580495,0.12055202573537827,0.801980197429657,0.6572960019111633
YKL188C,YIL162W,0,2.758028,0.1205357164144516,0.801980197429657,0.6573970913887024
YJL160C,YML121W,0,2.7579627,0.12051940709352493,0.801980197429657,0.6574982404708862
YJL177W,YER073W,0,2.7578678,0.12050311267375946,0.801980197429657,0.6575993299484253
YLR135W,YFL022C,0,2.7578177,0.12048681825399399,0.801980197429657,0.6577004790306091
YKR013W,YKL092C,0,2.7577038,0.12047052383422852,0.801980197429657,0.6578015685081482
YLR307W,YNL083W,0,2.7575545,0.12045423686504364,0.801980197429657,0.657902717590332
YKL125W,YAR014C,0,2.7573988,0.12043795734643936,0.801980197429657,0.6580038666725159
YMR293C,YIL067C,0,2.7572956,0.12042167782783508,0.801980197429657,0.6581049561500549
YJL138C,YDL156W,0,2.757119,0.1204054057598114,0.801980197429657,0.6582061052322388
YOL094C,YKR045C,0,2.7570324,0.12038913369178772,0.801980197429657,0.6583071947097778
YGR257C,YOR010C,0,2.7567363,0.12037286907434464,0.801980197429657,0.6584083437919617
YLR035C,YJR161C,0,2.7565317,0.12035661190748215,0.801980197429657,0.6585094332695007
YML064C,YJL092W,0,2.7565005,0.12034035474061966,0.801980197429657,0.6586105823516846
YKL188C,YLR307W,0,2.756373,0.12032410502433777,0.801980197429657,0.6587116718292236
YBR103W,YDL193W,0,2.7562637,0.12030785530805588,0.801980197429657,0.6588128209114075
YHL013C,YCR008W,0,2.756178,0.12029161304235458,0.801980197429657,0.6589139699935913
YNL326C,YFR055W,0,2.7561412,0.12027537822723389,0.801980197429657,0.6590150594711304
YKR098C,YOR153W,0,2.7559376,0.12025914341211319,0.801980197429657,0.6591162085533142
YBR290W,YJL113W,0,2.7557416,0.12024291604757309,0.801980197429657,0.6592172980308533
YDR311W,YDR348C,0,2.755443,0.12022668868303299,0.801980197429657,0.6593184471130371
YGR227W,YDL147W,0,2.7554274,0.12021046876907349,0.801980197429657,0.6594195365905762
YMR113W,YBR057C,0,2.7553263,0.12019425630569458,0.801980197429657,0.65952068567276
YAL032C,YOL119C,0,2.7552166,0.12017804384231567,0.801980197429657,0.6596217751502991
YDR110W,YGR044C,1,2.754902,0.12029669433832169,0.8028802871704102,0.6596217751502991
YDR191W,YOR190W,0,2.7547355,0.12028047442436218,0.8028802871704102,0.6597229242324829
YMR058W,YPL265W,0,2.7544847,0.12026425451040268,0.8028802871704102,0.6598240733146667
YNL209W,YBR221C,0,2.7544365,0.12024804204702377,0.8028802871704102,0.6599251627922058
YOR208W,YOL091W,0,2.7540634,0.12023183703422546,0.8028802871704102,0.6600263118743896
YBR132C,YBR298C,0,2.7539005,0.12021563202142715,0.8028802871704102,0.6601274013519287
YML114C,YLR205C,0,2.7538118,0.12019943445920944,0.8028802871704102,0.6602285504341125
YPL009C,YJR091C,0,2.7535627,0.12018323689699173,0.8028802871704102,0.6603296399116516
YJR091C,YAL055W,0,2.7534027,0.12016704678535461,0.8028802871704102,0.6604307889938354
YIL157C,YGL257C,0,2.753399,0.1201508641242981,0.8028802871704102,0.6605318784713745
YPL016W,YEL003W,0,2.7532287,0.12013468146324158,0.8028802871704102,0.6606330275535583
YNL053W,YKR042W,0,2.7530584,0.12011850625276566,0.8028802871704102,0.6607341766357422
YPL232W,YDR043C,0,2.7525868,0.12010233104228973,0.8028802871704102,0.6608352661132812
YJR137C,YHR050W,0,2.7525043,0.12008616328239441,0.8028802871704102,0.6609364151954651
YPR052C,YOR140W,1,2.752467,0.12020460516214371,0.8037803769111633,0.6609364151954651
YOR094W,YDR147W,0,2.7523022,0.12018842250108719,0.8037803769111633,0.6610375046730042
YOR328W,YEL047C,0,2.7520409,0.12017225474119186,0.8037803769111633,0.661138653755188
YPL016W,YIL091C,0,2.7517715,0.12015607953071594,0.8037803769111633,0.661239743232727
YOR336W,YKL148C,0,2.7517447,0.12013991922140121,0.8037803769111633,0.6613408923149109
YML029W,YPL212C,0,2.7516356,0.12012375891208649,0.8037803769111633,0.66144198179245
YDL002C,YPR056W,0,2.7514238,0.12010759860277176,0.8037803769111633,0.6615431308746338
YJR047C,YOR307C,0,2.7512507,0.12009144574403763,0.8037803769111633,0.6616442799568176
YMR293C,YDR264C,0,2.7508187,0.1200753003358841,0.8037803769111633,0.6617453694343567
YDL103C,YJR159W,0,2.7507458,0.12005915492773056,0.8037803769111633,0.6618465185165405
YGR198W,YOL068C,0,2.7505488,0.12004301697015762,0.8037803769111633,0.6619476079940796
YKL160W,YDR079C-A,0,2.7505193,0.12002687901258469,0.8037803769111633,0.6620487570762634
YOL006C,YHR026W,0,2.7504883,0.12001074850559235,0.8037803769111633,0.6621498465538025
YLR070C,YML007W,0,2.7499485,0.1199946254491806,0.8037803769111633,0.6622509956359863
YBR135W,YLR089C,0,2.749632,0.11997850239276886,0.8037803769111633,0.6623520851135254
YBL006C,YGR271C-A,0,2.749485,0.11996238678693771,0.8037803769111633,0.6624532341957092
YGL184C,YHR104W,0,2.749466,0.11994627118110657,0.8037803769111633,0.6625543236732483
YFL062W,YPR094W,0,2.7489157,0.11993016302585602,0.8037803769111633,0.6626554727554321
YDL170W,YCL066W,1,2.7486062,0.12004834413528442,0.8046804666519165,0.6626554727554321
YDR123C,YLR323C,1,2.7484732,0.12016648799180984,0.8055805563926697,0.6626554727554321
YGL073W,YEL032W,1,2.748406,0.12028460204601288,0.8064806461334229,0.6626554727554321
YJL111W,YBR161W,0,2.7483919,0.12026845663785934,0.8064806461334229,0.662756621837616
YPL030W,YNL099C,0,2.74838,0.12025231868028641,0.8064806461334229,0.662857711315155
YBL101C,YLR119W,0,2.7482595,0.12023618072271347,0.8064806461334229,0.6629588603973389
YIR007W,YNL169C,0,2.747783,0.12022004276514053,0.8064806461334229,0.6630599498748779
YNR036C,YPR079W,0,2.7476974,0.12020391970872879,0.8064806461334229,0.6631610989570618
YKL091C,YDR237W,0,2.7476337,0.12018779665231705,0.8064806461334229,0.6632621884346008
YOR196C,YLR431C,0,2.747376,0.1201716735959053,0.8064806461334229,0.6633633375167847
YJL194W,YPL024W,1,2.7472906,0.12028966099023819,0.807380735874176,0.6633633375167847
YOR035C,YML058W,0,2.7469425,0.12027353048324585,0.807380735874176,0.6634644269943237
YGR186W,YDR394W,0,2.7468991,0.1202574074268341,0.807380735874176,0.6635655760765076
YGL255W,YIL168W,0,2.7467833,0.12024128437042236,0.807380735874176,0.6636667251586914
YGL029W,YMR199W,0,2.7467308,0.12022516876459122,0.807380735874176,0.6637678146362305
YDR462W,YLR002C,0,2.746626,0.12020906060934067,0.807380735874176,0.6638689637184143
YJL137C,YJR064W,0,2.7462878,0.12019295245409012,0.807380735874176,0.6639700531959534
YMR092C,YDR079C-A,0,2.7462132,0.12017685174942017,0.807380735874176,0.6640712022781372
YDR480W,YJL118W,0,2.746076,0.12016075104475021,0.807380735874176,0.6641722917556763
YPR061C,YKL107W,0,2.7459106,0.12014465779066086,0.807380735874176,0.6642734408378601
YFR004W,YNL113W,0,2.745633,0.1201285645365715,0.807380735874176,0.6643745303153992
YDL159W,YMR305C,0,2.745383,0.12011247873306274,0.807380735874176,0.664475679397583
YOL041C,YGL029W,0,2.7452483,0.12009640038013458,0.807380735874176,0.6645768284797668
YOL115W,YDR020C,0,2.7451768,0.12008032202720642,0.807380735874176,0.6646779179573059
YGL160W,YBL071W-A,0,2.7449775,0.12006425112485886,0.807380735874176,0.6647790670394897
YNR032W,YKL167C,0,2.7449708,0.12004818022251129,0.807380735874176,0.6648801565170288
YPR094W,YBR056W,0,2.744915,0.12003211677074432,0.807380735874176,0.6649813055992126
YIL044C,YIL129C,0,2.7446213,0.12001605331897736,0.807380735874176,0.6650823950767517
YKL073W,YOR245C,0,2.744526,0.11999999731779099,0.807380735874176,0.6651835441589355
YCL010C,YDL150W,0,2.7442741,0.11998394876718521,0.807380735874176,0.6652846336364746
YPL133C,YDR121W,1,2.744021,0.12010164558887482,0.8082808256149292,0.6652846336364746
YPR094W,YBR070C,0,2.7439675,0.12008558213710785,0.8082808256149292,0.6653857827186584
YMR030W,YJL154C,0,2.7438684,0.12006952613592148,0.8082808256149292,0.6654869318008423
YNR054C,YPR165W,0,2.743822,0.1200534775853157,0.8082808256149292,0.6655880212783813
YJL151C,YKL184W,0,2.7435765,0.12003742903470993,0.8082808256149292,0.6656891703605652
YLR081W,YMR024W,0,2.7434764,0.12002138793468475,0.8082808256149292,0.6657902598381042
YKR010C,YOR064C,0,2.7434506,0.12000534683465958,0.8082808256149292,0.6658914089202881
YPR020W,YDR198C,0,2.7433345,0.119989313185215,0.8082808256149292,0.6659924983978271
YKL049C,YMR029C,0,2.7433014,0.11997327953577042,0.8082808256149292,0.666093647480011
YHR039C,YLR421C,0,2.7431748,0.11995725333690643,0.8082808256149292,0.66619473695755
YJR091C,YMR134W,0,2.7430902,0.11994123458862305,0.8082808256149292,0.6662958860397339
YDR322C-A,YER183C,0,2.743043,0.11992521584033966,0.8082808256149292,0.6663970351219177
YPR145W,YJL113W,0,2.7428412,0.11990919709205627,0.8082808256149292,0.6664981245994568
YHR043C,YOR058C,0,2.742383,0.11989319324493408,0.8082808256149292,0.6665992736816406
YGR183C,YNR032W,0,2.7423754,0.11987718939781189,0.8082808256149292,0.6667003631591797
YDR363W,YIL122W,0,2.7421055,0.1198611855506897,0.8082808256149292,0.6668015122413635
YGR125W,YIL015W,0,2.7418957,0.1198451891541481,0.8082808256149292,0.6669026017189026
YDR462W,YIL082W-A,0,2.7417927,0.1198292002081871,0.8082808256149292,0.6670037508010864
YPL020C,YJR088C,0,2.7417645,0.1198132112622261,0.8082808256149292,0.6671048402786255
YDR462W,YDR020C,0,2.7414083,0.1197972223162651,0.8082808256149292,0.6672059893608093
YDR354W,YNL097C,0,2.7409194,0.1197812482714653,0.8082808256149292,0.6673071384429932
YBR088C,YER021W,0,2.740809,0.1197652742266655,0.8082808256149292,0.6674082279205322
YDR311W,YGR207C,0,2.7407312,0.11974930018186569,0.8082808256149292,0.6675093770027161
YDR153C,YGL153W,0,2.7405515,0.11973333358764648,0.8082808256149292,0.6676104664802551
YMR121C,YPL008W,0,2.7404082,0.11971737444400787,0.8082808256149292,0.667711615562439
YFL016C,YBR244W,0,2.7402782,0.11970141530036926,0.8082808256149292,0.667812705039978
YPR052C,YPL015C,1,2.7402306,0.11981873959302902,0.8091809153556824,0.667812705039978
YGR132C,YER094C,0,2.7394311,0.11980277299880981,0.8091809153556824,0.6679138541221619
YMR236W,YLL039C,0,2.739397,0.1197868064045906,0.8091809153556824,0.6680149435997009
YFL009W,YLR013W,0,2.739378,0.119770847260952,0.8091809153556824,0.6681160926818848
YDR016C,YER069W,0,2.7393036,0.11975489556789398,0.8091809153556824,0.6682171821594238
YIR021W,YNL097C,0,2.73898,0.11973894387483597,0.8091809153556824,0.6683183312416077
YPL265W,YOR197W,0,2.7389622,0.11972299963235855,0.8091809153556824,0.6684194803237915
YHR183W,YML046W,0,2.7388325,0.11970705538988113,0.8091809153556824,0.6685205698013306
YKL046C,YGR271C-A,0,2.7387042,0.11969111859798431,0.8091809153556824,0.6686217188835144
YGL173C,YJR027W,1,2.7383232,0.11980830878019333,0.8100810050964355,0.6686217188835144
YNL177C,YIR010W,0,2.7377653,0.11979235708713531,0.8100810050964355,0.6687228083610535
YCR034W,YLL028W,0,2.7377167,0.1197764202952385,0.8100810050964355,0.6688239574432373
YMR202W,YNL224C,0,2.7373848,0.11976047605276108,0.8100810050964355,0.6689250469207764
YOL091W,YJL113W,0,2.7369118,0.11974454671144485,0.8100810050964355,0.6690261960029602
YLR340W,YHR188C,0,2.736454,0.11972861737012863,0.8100810050964355,0.6691272854804993
YNL058C,YLR453C,0,2.7364488,0.11971268802881241,0.8100810050964355,0.6692284345626831
YLR378C,YMR199W,0,2.7362256,0.11969676613807678,0.8100810050964355,0.6693295836448669
YIL117C,YPR185W,0,2.7359755,0.11968085169792175,0.8100810050964355,0.669430673122406
YJR007W,YDL156W,0,2.7359395,0.11966493725776672,0.8100810050964355,0.6695318222045898
YGR059W,YOR329C,0,2.7357743,0.11964903026819229,0.8100810050964355,0.6696329116821289
YCL011C,YPR019W,1,2.7354398,0.11976604908704758,0.8109810948371887,0.6696329116821289
YLR132C,YER018C,0,2.7353935,0.11975013464689255,0.8109810948371887,0.6697340607643127
YEL071W,YOR030W,0,2.735283,0.11973422020673752,0.8109810948371887,0.6698351502418518
YBR235W,YBR110W,0,2.7349286,0.11971831321716309,0.8109810948371887,0.6699362993240356
YGR152C,YGR068C,0,2.7346554,0.11970240622758865,0.8109810948371887,0.6700373888015747
YJL207C,YLR081W,0,2.7346413,0.11968650668859482,0.8109810948371887,0.6701385378837585
YOR022C,YPR056W,0,2.734495,0.11967060714960098,0.8109810948371887,0.6702396869659424
YNL241C,YMR154C,0,2.7340367,0.11965471506118774,0.8109810948371887,0.6703407764434814
YNL315C,YMR189W,0,2.7340155,0.1196388229727745,0.8109810948371887,0.6704419255256653
YMR214W,YKL137W,0,2.733807,0.11962294578552246,0.8109810948371887,0.6705430150032043
YJL145W,YDL064W,0,2.7336893,0.11960706114768982,0.8109810948371887,0.6706441640853882
YOR321W,YJL113W,0,2.7335172,0.11959118396043777,0.8109810948371887,0.6707452535629272
YIL082W-A,YJR060W,1,2.7334604,0.11970803141593933,0.8118811845779419,0.6707452535629272
YOR128C,YGL086W,0,2.7332044,0.11969214677810669,0.8118811845779419,0.6708464026451111
YGR096W,YGR256W,0,2.733139,0.11967626214027405,0.8118811845779419,0.6709474921226501
YER003C,YGR271C-A,0,2.73308,0.119660384953022,0.8118811845779419,0.671048641204834
YFR028C,YBR070C,0,2.7330585,0.11964451521635056,0.8118811845779419,0.6711497902870178
YKL025C,YMR104C,0,2.733027,0.11962864547967911,0.8118811845779419,0.6712508797645569
YOL137W,YER075C,0,2.7327826,0.11961278319358826,0.8118811845779419,0.6713520288467407
YLL054C,YJR147W,1,2.7326167,0.11972951143980026,0.8127812743186951,0.6713520288467407
YDR104C,YHR123W,0,2.7320132,0.11971364170312881,0.8127812743186951,0.6714531183242798
YPR025C,YIL122W,0,2.7319512,0.11969777196645737,0.8127812743186951,0.6715542674064636
YNL035C,YER166W,0,2.7316666,0.11968190968036652,0.8127812743186951,0.6716553568840027
YCR027C,YDR266C,0,2.7314205,0.11966604739427567,0.8127812743186951,0.6717565059661865
YGR133W,YDL025C,0,2.7313702,0.11965019255876541,0.8127812743186951,0.6718575954437256
YLR372W,YNL265C,0,2.7313027,0.11963433772325516,0.8127812743186951,0.6719587445259094
YOL008W,YGL020C,0,2.7313018,0.1196184903383255,0.8127812743186951,0.6720598936080933
YER170W,YML010W,0,2.731285,0.11960265040397644,0.8127812743186951,0.6721609830856323
YPL256C,YPL241C,0,2.7312088,0.11958681046962738,0.8127812743186951,0.6722621321678162
YLR423C,YPR058W,0,2.7311168,0.11957097798585892,0.8127812743186951,0.6723632216453552
YPL132W,YLL005C,0,2.7309628,0.11955514550209045,0.8127812743186951,0.6724643707275391
YIL121W,YJL036W,0,2.7307951,0.11953932046890259,0.8127812743186951,0.6725654602050781
YBR235W,YPL118W,0,2.7303905,0.11952349543571472,0.8127812743186951,0.672666609287262
YGR198W,YLR210W,0,2.7303805,0.11950767785310745,0.8127812743186951,0.672767698764801
YLR138W,YNL087W,0,2.7301278,0.11949186027050018,0.8127812743186951,0.6728688478469849
YGR133W,YJL210W,0,2.729951,0.11947605013847351,0.8127812743186951,0.6729699373245239
YGR215W,YKL167C,0,2.7299037,0.11946024745702744,0.8127812743186951,0.6730710864067078
YIL066C,YLR138W,0,2.7298963,0.11944444477558136,0.8127812743186951,0.6731722354888916
YML019W,YER160C,0,2.7298932,0.11942864954471588,0.8127812743186951,0.6732733249664307
YNR023W,YKL216W,0,2.7298582,0.1194128543138504,0.8127812743186951,0.6733744740486145
YBR288C,YMR083W,0,2.7297823,0.11939706653356552,0.8127812743186951,0.6734755635261536
YDR408C,YDR541C,0,2.7296646,0.11938127875328064,0.8127812743186951,0.6735767126083374
YMR079W,YLR274W,0,2.7294273,0.11936549842357635,0.8127812743186951,0.6736778020858765
YOR178C,YGL038C,0,2.7292876,0.11934972554445267,0.8127812743186951,0.6737789511680603
YOR095C,YDL004W,0,2.7290478,0.11933395266532898,0.8127812743186951,0.6738800406455994
YMR236W,YHR102W,0,2.7290435,0.11931817978620529,0.8127812743186951,0.6739811897277832
YCL030C,YLL052C,0,2.72896,0.1193024143576622,0.8127812743186951,0.674082338809967
YBL046W,YJL138C,0,2.7288713,0.11928665637969971,0.8127812743186951,0.6741834282875061
YDR359C,YHR120W,1,2.72854,0.11940298229455948,0.8136813640594482,0.6741834282875061
YGR038W,YBR265W,0,2.7285256,0.11938721686601639,0.8136813640594482,0.6742845773696899
YJR159W,YGL097W,0,2.728105,0.1193714514374733,0.8136813640594482,0.674385666847229
YOR344C,YPL230W,0,2.727666,0.1193556934595108,0.8136813640594482,0.6744868159294128
YAR050W,YGL038C,0,2.7275176,0.11933993548154831,0.8136813640594482,0.6745879054069519
YMR047C,YOL044W,0,2.7272258,0.11932418495416641,0.8136813640594482,0.6746890544891357
YDR348C,YGR289C,0,2.7266169,0.11930843442678452,0.8136813640594482,0.6747901439666748
YOR321W,YJL138C,0,2.7266054,0.11929269134998322,0.8136813640594482,0.6748912930488586
YJL074C,YJL076W,1,2.726571,0.11940889060497284,0.8145814538002014,0.6748912930488586
YNL177C,YOR188W,0,2.7259054,0.11939314007759094,0.8145814538002014,0.6749924421310425
YDR171W,YDR084C,0,2.7258973,0.11937738955020905,0.8145814538002014,0.6750935316085815
YOR197W,YBR014C,0,2.7258651,0.11936164647340775,0.8145814538002014,0.6751946806907654
YOL033W,YNL093W,0,2.7258248,0.11934590339660645,0.8145814538002014,0.6752957701683044
YOR197W,YBR044C,0,2.725747,0.11933016777038574,0.8145814538002014,0.6753969192504883
YOR118W,YGR186W,0,2.725678,0.11931443959474564,0.8145814538002014,0.6754980087280273
YGL001C,YGR206W,0,2.725615,0.11929871141910553,0.8145814538002014,0.6755991578102112
YER144C,YCR034W,0,2.7255132,0.11928298324346542,0.8145814538002014,0.6757002472877502
YKR013W,YOR362C,0,2.7254167,0.11926726251840591,0.8145814538002014,0.6758013963699341
YJL076W,YMR068W,0,2.7250922,0.119251549243927,0.8145814538002014,0.6759025454521179
YBR033W,YKR101W,1,2.724562,0.11936759203672409,0.8154815435409546,0.6759025454521179
YML072C,YER166W,0,2.7245512,0.11935186386108398,0.8154815435409546,0.676003634929657
YKL008C,YLR405W,0,2.7242403,0.11933614313602448,0.8154815435409546,0.6761047840118408
YOR202W,YNL177C,0,2.7241998,0.11932042986154556,0.8154815435409546,0.6762058734893799
YDR082W,YDR254W,1,2.72406,0.11943639814853668,0.8163816332817078,0.6762058734893799
YDR119W,YGL032C,0,2.7235696,0.11942066997289658,0.8163816332817078,0.6763070225715637
YER171W,YPL089C,1,2.7231894,0.11953660100698471,0.8172817230224609,0.6763070225715637
YOR118W,YNL329C,0,2.723136,0.11952086538076401,0.8172817230224609,0.6764081120491028
YOR095C,YER122C,0,2.7230716,0.1195051297545433,0.8172817230224609,0.6765092611312866
YGR140W,YPL008W,1,2.723064,0.11962100118398666,0.8181818127632141,0.6765092611312866
YFL062W,YDR085C,0,2.7229948,0.11960526555776596,0.8181818127632141,0.6766103506088257
YDR348C,YOR171C,0,2.722942,0.11958952993154526,0.8181818127632141,0.6767114996910095
YCR020W-B,YJL203W,0,2.7228508,0.11957379430532455,0.8181818127632141,0.6768126487731934
YLR233C,YDL227C,1,2.7226377,0.11968959867954254,0.8190819025039673,0.6768126487731934
YGR108W,YNL229C,0,2.7226276,0.11967385560274124,0.8190819025039673,0.6769137382507324
YFL022C,YNR039C,0,2.7223625,0.11965811997652054,0.8190819025039673,0.6770148873329163
YNL229C,YPL005W,0,2.7221332,0.11964238435029984,0.8190819025039673,0.6771159768104553
YPR145W,YHR050W,0,2.7220435,0.11962665617465973,0.8190819025039673,0.6772171258926392
YPL241C,YEL026W,0,2.7219892,0.11961093544960022,0.8190819025039673,0.6773182153701782
YNR051C,YHR026W,0,2.721983,0.11959521472454071,0.8190819025039673,0.6774193644523621
YER058W,YOR295W,0,2.721973,0.1195795014500618,0.8190819025039673,0.6775204539299011
YIL082W-A,YFR044C,0,2.72195,0.11956378817558289,0.8190819025039673,0.677621603012085
YML008C,YOL148C,0,2.721711,0.11954808235168457,0.8190819025039673,0.677722692489624
YNL321W,YBR083W,0,2.721642,0.11953237652778625,0.8190819025039673,0.6778238415718079
YHR094C,YOR344C,0,2.7215862,0.11951667815446854,0.8190819025039673,0.6779249906539917
YBL066C,YJL184W,1,2.721524,0.1196323037147522,0.8199819922447205,0.6779249906539917
YPL246C,YBR014C,0,2.7213693,0.11961659789085388,0.8199819922447205,0.6780260801315308
YGL166W,YBL019W,1,2.7213674,0.11973217874765396,0.8208820819854736,0.6780260801315308
YJL210W,YOR312C,0,2.7210355,0.11971645802259445,0.8208820819854736,0.6781272292137146
YJR113C,YDR331W,0,2.7209537,0.11970074474811554,0.8208820819854736,0.6782283186912537
YPL020C,YPR121W,0,2.7207327,0.11968503892421722,0.8208820819854736,0.6783294677734375
YDR485C,YMR305C,0,2.7205415,0.11966933310031891,0.8208820819854736,0.6784305572509766
YHR065C,YPL008W,0,2.7203174,0.11965363472700119,0.8208820819854736,0.6785317063331604
YDR237W,YPL190C,0,2.719759,0.11963793635368347,0.8208820819854736,0.6786327958106995
YBL102W,YGL234W,0,2.7195272,0.11962224543094635,0.8208820819854736,0.6787339448928833
YOL119C,YGL044C,0,2.7195098,0.11960655450820923,0.8208820819854736,0.6788350939750671
YNL326C,YGL179C,0,2.7190785,0.1195908710360527,0.8208820819854736,0.6789361834526062
YFL031W,YNL275W,0,2.7190185,0.11957519501447678,0.8208820819854736,0.67903733253479
YCL030C,YGR256W,0,2.7188985,0.11955951899290085,0.8208820819854736,0.6791384220123291
YEL020C,YGR215W,0,2.7186544,0.11954384297132492,0.8208820819854736,0.6792395710945129
YBR070C,YJR019C,0,2.7186131,0.11952818185091019,0.8208820819854736,0.679340660572052
YHR112C,YGL079W,0,2.7183518,0.11951251327991486,0.8208820819854736,0.6794418096542358
YIR003W,YDR043C,0,2.7180295,0.11949685215950012,0.8208820819854736,0.6795428991317749
YOR128C,YER160C,0,2.7178984,0.11948119848966599,0.8208820819854736,0.6796440482139587
YCL010C,YBR288C,0,2.7173254,0.11946555227041245,0.8208820819854736,0.6797451972961426
YGR271W,YOR028C,1,2.717065,0.11958087980747223,0.8217821717262268,0.6797451972961426
YBR215W,YNL224C,0,2.7169247,0.1195652186870575,0.8217821717262268,0.6798462867736816
YLR064W,YGL077C,0,2.7168744,0.11954956501722336,0.8217821717262268,0.6799474358558655
YDL155W,YCR024C-A,0,2.7167869,0.11953391134738922,0.8217821717262268,0.6800485253334045
YGR049W,YER018C,0,2.716782,0.11951826512813568,0.8217821717262268,0.6801496744155884
YLR340W,YOR307C,0,2.7164373,0.11950261890888214,0.8217821717262268,0.6802507638931274
YNL154C,YKR087C,0,2.716396,0.1194869801402092,0.8217821717262268,0.6803519129753113
YPR145W,YNL329C,0,2.716301,0.11947134137153625,0.8217821717262268,0.6804530024528503
YPL009C,YML064C,0,2.7160869,0.11945571005344391,0.8217821717262268,0.6805541515350342
YOR234C,YPL066W,0,2.7157946,0.11944008618593216,0.8217821717262268,0.680655300617218
YOL110W,YOR149C,0,2.7157865,0.11942446231842041,0.8217821717262268,0.6807563900947571
YDR206W,YOR133W,0,2.715735,0.11940883845090866,0.8217821717262268,0.6808575391769409
YDL226C,YOR130C,0,2.7155876,0.1193932294845581,0.8217821717262268,0.68095862865448
YJL047C,YMR044W,0,2.7147536,0.11937761306762695,0.8217821717262268,0.6810597777366638
YNL031C,YPR186C,1,2.7145467,0.11949274688959122,0.82268226146698,0.6810597777366638
YBR073W,YDR058C,0,2.7144613,0.11947712302207947,0.82268226146698,0.6811608672142029
YLR138W,YIL044C,0,2.7144303,0.11946150660514832,0.82268226146698,0.6812620162963867
YNL035C,YOL130W,0,2.714323,0.11944589763879776,0.82268226146698,0.6813631057739258
YDR142C,YMR197C,0,2.714229,0.1194302886724472,0.82268226146698,0.6814642548561096
YDR225W,YDR119W,0,2.7141428,0.11941468715667725,0.82268226146698,0.6815654039382935
YIL066C,YGL002W,0,2.7140796,0.11939908564090729,0.82268226146698,0.6816664934158325
YBR098W,YDR099W,0,2.7137172,0.11938349157571793,0.82268226146698,0.6817676424980164
YER016W,YML046W,0,2.7135286,0.11936789751052856,0.82268226146698,0.6818687319755554
YPR018W,YCR003W,0,2.7135124,0.1193523108959198,0.82268226146698,0.6819698810577393
YER018C,YLR453C,0,2.7134783,0.11933673173189163,0.82268226146698,0.6820709705352783
YBR204C,YHR102W,0,2.7130866,0.11932114511728287,0.82268226146698,0.6821721196174622
YDR450W,YNL099C,0,2.712749,0.1193055734038353,0.82268226146698,0.6822732090950012
YNL252C,YGR280C,0,2.7126951,0.11929000169038773,0.82268226146698,0.6823743581771851
YPR009W,YPR124W,0,2.7125194,0.11927443742752075,0.82268226146698,0.6824755072593689
YGR049W,YJR159W,0,2.7124817,0.11925887316465378,0.82268226146698,0.682576596736908
YIL040W,YML062C,0,2.7122846,0.1192433163523674,0.82268226146698,0.6826777458190918
YER058W,YOR028C,0,2.7122445,0.11922775954008102,0.82268226146698,0.6827788352966309
YOR033C,YOR003W,0,2.71215,0.11921221017837524,0.82268226146698,0.6828799843788147
YMR214W,YJL104W,0,2.7119007,0.11919666081666946,0.82268226146698,0.6829810738563538
YKL025C,YCR068W,0,2.711636,0.11918111890554428,0.82268226146698,0.6830822229385376
YLR336C,YOR367W,0,2.711235,0.1191655769944191,0.82268226146698,0.6831833124160767
YAR014C,YAL009W,0,2.7112033,0.11915004253387451,0.82268226146698,0.6832844614982605
YIR007W,YIL129C,0,2.7111712,0.11913451552391052,0.82268226146698,0.6833855509757996
YER141W,YGR166W,0,2.7111244,0.11911898851394653,0.82268226146698,0.6834867000579834
YER018C,YPR124W,0,2.7108247,0.11910346895456314,0.82268226146698,0.6835878491401672
YGL207W,YLL036C,0,2.710559,0.11908794939517975,0.82268226146698,0.6836889386177063
YPL152W,YFL034C-B,0,2.7105162,0.11907242983579636,0.82268226146698,0.6837900876998901
YPL047W,YOR073W,0,2.7103918,0.11905692517757416,0.82268226146698,0.6838911771774292
YPR029C,YDL236W,0,2.7103834,0.11904142051935196,0.82268226146698,0.683992326259613
YOR196C,YGR247W,0,2.710338,0.11902591586112976,0.82268226146698,0.6840934157371521
YPL081W,YOR141C,0,2.7099795,0.11901041865348816,0.82268226146698,0.6841945648193359
YPL082C,YFR034C,1,2.7094827,0.1191251128911972,0.8235823512077332,0.6841945648193359
YEL060C,YGR163W,0,2.7094154,0.119109608232975,0.8235823512077332,0.684295654296875
YCL011C,YPL108W,0,2.7086945,0.11909410357475281,0.8235823512077332,0.6843968033790588
YDL155W,YJL118W,0,2.7086687,0.1190786063671112,0.8235823512077332,0.6844979524612427
YNL327W,YER122C,0,2.7086167,0.1190631091594696,0.8235823512077332,0.6845990419387817
YOL130W,YOR130C,0,2.7085948,0.1190476194024086,0.8235823512077332,0.6847001910209656
YDR316W,YJL020C,0,2.7083182,0.1190321296453476,0.8235823512077332,0.6848012804985046
YJL204C,YNL316C,0,2.7079732,0.11901664733886719,0.8235823512077332,0.6849024295806885
YOR336W,YLR089C,0,2.7079282,0.11900117248296738,0.8235823512077332,0.6850035190582275
YNL229C,YPR065W,0,2.707708,0.11898569762706757,0.8235823512077332,0.6851046681404114
YIL041W,YEL042W,0,2.7077036,0.11897022277116776,0.8235823512077332,0.6852057576179504
YOR115C,YOL013C,0,2.7074642,0.11895475536584854,0.8235823512077332,0.6853069067001343
YKL091C,YPR004C,0,2.7073565,0.11893929541110992,0.8235823512077332,0.6854080557823181
YGL048C,YLR242C,0,2.7073503,0.11892383545637131,0.8235823512077332,0.6855091452598572
YJL123C,YOL094C,0,2.7070208,0.11890838295221329,0.8235823512077332,0.685610294342041
YJL093C,YOL058W,0,2.707004,0.11889293044805527,0.8235823512077332,0.6857113838195801
YDR485C,YLR431C,0,2.70673,0.11887748539447784,0.8235823512077332,0.6858125329017639
YHR098C,YPL228W,0,2.7067027,0.11886204034090042,0.8235823512077332,0.685913622379303
YGL022W,YBR056W,0,2.7066364,0.1188466027379036,0.8235823512077332,0.6860147714614868
YMR266W,YML072C,0,2.7060895,0.11883116513490677,0.8235823512077332,0.6861158609390259
YLR051C,YCL010C,0,2.7057385,0.11881573498249054,0.8235823512077332,0.6862170100212097
YGL208W,YNR039C,0,2.7056532,0.11880031228065491,0.8235823512077332,0.6863181591033936
YLR135W,YDR017C,0,2.7055063,0.11878488957881927,0.8235823512077332,0.6864192485809326
YMR161W,YER183C,0,2.705315,0.11876946687698364,0.8235823512077332,0.6865203976631165
YGR013W,YLR110C,0,2.7052805,0.1187540590763092,0.8235823512077332,0.6866214871406555
YBR084C-A,YJR137C,0,2.70512,0.11873864382505417,0.8235823512077332,0.6867226362228394
YHL009C,YPR121W,0,2.7051153,0.11872323602437973,0.8235823512077332,0.6868237257003784
YPL016W,YOR198C,0,2.7049446,0.11870783567428589,0.8235823512077332,0.6869248747825623
YPL232W,YPR033C,0,2.7043438,0.11869243532419205,0.8235823512077332,0.6870259642601013
YOL001W,YKL167C,0,2.704023,0.1186770424246788,0.8235823512077332,0.6871271133422852
YBR070C,YMR251W-A,0,2.7039118,0.11866164952516556,0.8235823512077332,0.687228262424469
YFR051C,YPL086C,0,2.7036576,0.11864626407623291,0.8235823512077332,0.6873293519020081
YJL116C,YLR423C,0,2.7035303,0.11863088607788086,0.8235823512077332,0.6874305009841919
YCR068W,YLR155C,0,2.7032685,0.11861550062894821,0.8235823512077332,0.687531590461731
YBR298C,YOR321W,0,2.7030392,0.11860013008117676,0.8235823512077332,0.6876327395439148
YLR132C,YFL008W,0,2.7029128,0.1185847595334053,0.8235823512077332,0.6877338290214539
YCR023C,YMR083W,0,2.7024884,0.11856938898563385,0.8235823512077332,0.6878349781036377
YBL002W,YDR409W,0,2.7024794,0.118554025888443,0.8235823512077332,0.6879360675811768
YNR056C,YDL049C,0,2.7022867,0.11853867024183273,0.8235823512077332,0.6880372166633606
YPR052C,YDR520C,1,2.7020488,0.11865285038948059,0.8244824409484863,0.6880372166633606
YJL063C,YDR001C,0,2.7018485,0.11863747984170914,0.8244824409484863,0.6881383061408997
YER058W,YHR045W,0,2.7018418,0.11862211674451828,0.8244824409484863,0.6882394552230835
YBL099W,YIR008C,0,2.7015007,0.11860676109790802,0.8244824409484863,0.6883406043052673
YLR393W,YOL033W,0,2.701489,0.11859140545129776,0.8244824409484863,0.6884416937828064
YOL116W,YDL002C,1,2.7014728,0.11870550364255905,0.8253825306892395,0.6884416937828064
YOL146W,YHR084W,0,2.7014165,0.1186901405453682,0.8253825306892395,0.6885428428649902
YGR247W,YHR203C,0,2.7013774,0.11867477744817734,0.8253825306892395,0.6886439323425293
YAL001C,YML019W,0,2.7012181,0.11865942180156708,0.8253825306892395,0.6887450814247131
YLR089C,YJR077C,0,2.7008004,0.11864406615495682,0.8253825306892395,0.6888461709022522
YGR049W,YFL022C,0,2.7005343,0.11862871795892715,0.8253825306892395,0.688947319984436
YPL055C,YOL077W-A,0,2.7002573,0.11861337721347809,0.8253825306892395,0.6890484094619751
YPL075W,YOR358W,1,2.7002451,0.11872736364603043,0.8262826204299927,0.6890484094619751
YGL125W,YJR144W,0,2.7002134,0.11871201545000076,0.8262826204299927,0.6891495585441589
YLR027C,YOL001W,0,2.7000537,0.1186966672539711,0.8262826204299927,0.6892507076263428
YML064C,YER016W,0,2.699913,0.11868131905794144,0.8262826204299927,0.6893517971038818
YMR137C,YIR017C,1,2.6998677,0.118795245885849,0.8271827101707458,0.6893517971038818
YGR215W,YLR148W,0,2.6997547,0.11877989023923874,0.8271827101707458,0.6894529461860657
YIR021W,YGR247W,0,2.6997375,0.11876454204320908,0.8271827101707458,0.6895540356636047
YLR393W,YBR079C,0,2.6996112,0.11874919384717941,0.8271827101707458,0.6896551847457886
YGL254W,YLR117C,0,2.6991181,0.11873385310173035,0.8271827101707458,0.6897562742233276
YPL237W,YLR135W,0,2.6990376,0.11871851235628128,0.8271827101707458,0.6898574233055115
YKL167C,YHR166C,0,2.6989975,0.11870317906141281,0.8271827101707458,0.6899585127830505
YLR077W,YJL050W,0,2.698865,0.11868784576654434,0.8271827101707458,0.6900596618652344
YKL146W,YNL152W,0,2.6986458,0.11867251992225647,0.8271827101707458,0.6901608109474182
YNR039C,YEL071W,0,2.6984916,0.1186572015285492,0.8271827101707458,0.6902619004249573
YPL268W,YLR135W,0,2.6981826,0.11864188313484192,0.8271827101707458,0.6903630495071411
YOL006C,YGL047W,0,2.6980162,0.11862656474113464,0.8271827101707458,0.6904641389846802
YBR070C,YBL019W,0,2.6972394,0.11861125379800797,0.8271827101707458,0.690565288066864
YLR310C,YGR209C,0,2.6972287,0.11859595030546188,0.8271827101707458,0.6906663775444031
YDR162C,YLR431C,0,2.6967826,0.1185806468129158,0.8271827101707458,0.6907675266265869
YNL082W,YEL071W,0,2.6963637,0.11856534332036972,0.8271827101707458,0.690868616104126
YNL224C,YJL002C,0,2.6963286,0.11855005472898483,0.8271827101707458,0.6909697651863098
YAL001C,YNL299W,0,2.6963143,0.11853475868701935,0.8271827101707458,0.6910709142684937
YJL115W,YHL020C,0,2.6962638,0.11851947009563446,0.8271827101707458,0.6911720037460327
YOL039W,YDR079C-A,0,2.6958432,0.11850418895483017,0.8271827101707458,0.6912731528282166
YOR025W,YOR151C,1,2.6958108,0.11861784756183624,0.828082799911499,0.6912731528282166
YDL092W,YOR153W,0,2.695139,0.11860255151987076,0.828082799911499,0.6913742423057556
YBR127C,YOL119C,0,2.695119,0.11858726292848587,0.828082799911499,0.6914753913879395
YGR240C,YGR172C,0,2.695066,0.11857198178768158,0.828082799911499,0.6915764808654785
YGR148C,YGL133W,0,2.6947873,0.11855670064687729,0.828082799911499,0.6916776299476624
YGL002W,YJR125C,0,2.6946282,0.1185414269566536,0.828082799911499,0.6917787194252014
YCR071C,YHR045W,0,2.694464,0.1185261532664299,0.828082799911499,0.6918798685073853
YDL066W,YDL236W,0,2.6942596,0.1185108870267868,0.828082799911499,0.6919810175895691
YPL227C,YNL229C,0,2.6941633,0.11849562078714371,0.828082799911499,0.6920821070671082
YBR068C,YOR035C,0,2.6940846,0.11848036199808121,0.828082799911499,0.692183256149292
YCR023C,YPL046C,0,2.6938944,0.11846510320901871,0.828082799911499,0.692284345626831
YKR018C,YOR005C,0,2.693726,0.1184498518705368,0.828082799911499,0.6923854947090149
YLR225C,YPL190C,0,2.693686,0.1184346005320549,0.828082799911499,0.692486584186554
YBR127C,YIL105C,0,2.693603,0.1184193566441536,0.828082799911499,0.6925877332687378
YNL321W,YPL015C,0,2.6934135,0.11840412020683289,0.828082799911499,0.6926888227462769
YDR489W,YDR206W,0,2.693348,0.11838888376951218,0.828082799911499,0.6927899718284607
YPL047W,YPR094W,0,2.6933072,0.11837364733219147,0.828082799911499,0.6928911209106445
YGR068C,YIL105C,0,2.6931033,0.11835841834545135,0.828082799911499,0.6929922103881836
YPL246C,YOL077W-A,0,2.6930537,0.11834319680929184,0.828082799911499,0.6930933594703674
YKL107W,YBR019C,0,2.692858,0.11832797527313232,0.828082799911499,0.6931944489479065
YJL123C,YPL211W,0,2.692688,0.11831275373697281,0.828082799911499,0.6932955980300903
YDR328C,YJR035W,1,2.6921892,0.1184261292219162,0.8289828896522522,0.6932955980300903
YLR262C,YDL226C,0,2.692099,0.11841090023517609,0.8289828896522522,0.6933966875076294
YKR010C,YOL115W,0,2.6919975,0.11839567869901657,0.8289828896522522,0.6934978365898132
YMR214W,YKL008C,0,2.691963,0.11838046461343765,0.8289828896522522,0.6935989260673523
YNL152W,YOL058W,0,2.691342,0.11836525052785873,0.8289828896522522,0.6937000751495361
YCR066W,YPL084W,0,2.6913233,0.11835003644227982,0.8289828896522522,0.6938011646270752
YJR007W,YDR155C,0,2.6911595,0.1183348298072815,0.8289828896522522,0.693902313709259
YDR293C,YCR020W-B,0,2.690889,0.11831963062286377,0.8289828896522522,0.6940034627914429
YKL062W,YMR045C,1,2.6903572,0.11843288689851761,0.8298829793930054,0.6940034627914429
YOR005C,YDL161W,0,2.6902032,0.11841767281293869,0.8298829793930054,0.6941045522689819
YDR142C,YMR134W,0,2.690167,0.11840246617794037,0.8298829793930054,0.6942057013511658
YHR191C,YNL316C,0,2.6900005,0.11838725954294205,0.8298829793930054,0.6943067908287048
YJR086W,YPR124W,0,2.6899838,0.11837206035852432,0.8298829793930054,0.6944079399108887
YOR328W,YCR071C,0,2.6899486,0.1183568686246872,0.8298829793930054,0.6945090293884277
YGL100W,YER166W,0,2.6898448,0.11834167689085007,0.8298829793930054,0.6946101784706116
YDL002C,YDR225W,1,2.6897354,0.11845482885837555,0.8307830691337585,0.6946101784706116
YNL254C,YIL065C,0,2.6895971,0.11843962222337723,0.8307830691337585,0.6947112679481506
YPL256C,YJR043C,0,2.6889977,0.1184244304895401,0.8307830691337585,0.6948124170303345
YNR054C,YOL113W,0,2.6885672,0.11840923875570297,0.8307830691337585,0.6949135661125183
YGR157W,YDL161W,0,2.6883502,0.11839404702186584,0.8307830691337585,0.6950146555900574
YLR410W,YGR172C,0,2.6883497,0.11837886273860931,0.8307830691337585,0.6951158046722412
YOL013C,YGL125W,0,2.6882658,0.11836368590593338,0.8307830691337585,0.6952168941497803
YDR097C,YOR321W,0,2.6880503,0.11834850907325745,0.8307830691337585,0.6953180432319641
YGR090W,YBR167C,0,2.6879103,0.11833333224058151,0.8307830691337585,0.6954191327095032
YML010W,YEL047C,0,2.6878395,0.11831816285848618,0.8307830691337585,0.695520281791687
YPR029C,YNL097C,0,2.6878147,0.11830300092697144,0.8307830691337585,0.6956213712692261
YOL006C,YKR001C,0,2.6877322,0.1182878389954567,0.8307830691337585,0.6957225203514099
YDR294C,YGL166W,0,2.6876192,0.11827267706394196,0.8307830691337585,0.6958236694335938
YGL224C,YKL055C,0,2.6875854,0.11825753003358841,0.8307830691337585,0.6959247589111328
YJR144W,YKL112W,1,2.6875181,0.11837048083543777,0.8316831588745117,0.6959247589111328
YBL004W,YGL008C,0,2.6874833,0.11835531890392303,0.8316831588745117,0.6960259079933167
YHL009C,YIR008C,0,2.6869574,0.11834016442298889,0.8316831588745117,0.6961269974708557
YDR143C,YLR178C,0,2.6868048,0.11832500994205475,0.8316831588745117,0.6962281465530396
YER039C,YOR202W,0,2.6862535,0.1183098554611206,0.8316831588745117,0.6963292360305786
YNL047C,YFL034C-A,0,2.68617,0.11829471588134766,0.8316831588745117,0.6964303851127625
YPL016W,YMR052W,0,2.685721,0.11827956885099411,0.8316831588745117,0.6965314745903015
YGR038W,YLR424W,0,2.6854873,0.11826442927122116,0.8316831588745117,0.6966326236724854
YDR202C,YJL063C,0,2.6854348,0.11824929714202881,0.8316831588745117,0.6967337727546692
YBR290W,YGR013W,0,2.6853657,0.11823416501283646,0.8316831588745117,0.6968348622322083
YMR293C,YPL265W,0,2.6850767,0.1182190403342247,0.8316831588745117,0.6969360113143921
YGR157W,YBL040C,0,2.6847854,0.11820391565561295,0.8316831588745117,0.6970371007919312
YMR037C,YDR169C,1,2.6847668,0.11831670254468918,0.8325832486152649,0.6970371007919312
YKL049C,YGL207W,0,2.6846862,0.11830157041549683,0.8325832486152649,0.697138249874115
YLR116W,YGL012W,0,2.684555,0.11828644573688507,0.8325832486152649,0.697239339351654
YDR237W,YJR077C,0,2.6845336,0.11827132105827332,0.8325832486152649,0.6973404884338379
YDL214C,YER169W,0,2.684393,0.11825620383024216,0.8325832486152649,0.697441577911377
YJL210W,YLR070C,0,2.6841512,0.118241086602211,0.8325832486152649,0.6975427269935608
YNL305C,YGL187C,0,2.6840935,0.11822596937417984,0.8325832486152649,0.6976438760757446
YGL208W,YNL220W,0,2.6840906,0.11821085959672928,0.8325832486152649,0.6977449655532837
YMR092C,YJL111W,0,2.6839788,0.11819575726985931,0.8325832486152649,0.6978461146354675
YBR186W,YOR321W,0,2.6837254,0.11818065494298935,0.8325832486152649,0.6979472041130066
YDR385W,YJR113C,0,2.6837215,0.11816556006669998,0.8325832486152649,0.6980483531951904
YDR316W,YGR206W,0,2.6837034,0.11815046519041061,0.8325832486152649,0.6981494426727295
YLR098C,YDR034C,1,2.6836796,0.11826308816671371,0.8334833383560181,0.6981494426727295
YJL207C,YJL014W,0,2.683679,0.11824798583984375,0.8334833383560181,0.6982505917549133
YGL002W,YLR421C,0,2.683547,0.11823289096355438,0.8334833383560181,0.6983516812324524
YDR020C,YML062C,0,2.6835012,0.11821779608726501,0.8334833383560181,0.6984528303146362
YCR079W,YJL091C,0,2.6834188,0.11820270866155624,0.8334833383560181,0.6985539197921753
YNL124W,YGL181W,0,2.6833835,0.11818762123584747,0.8334833383560181,0.6986550688743591
YPL241C,YER157W,0,2.6833653,0.1181725338101387,0.8334833383560181,0.698756217956543
YHR216W,YFL008W,0,2.6832328,0.11815746128559113,0.8334833383560181,0.698857307434082
YOL128C,YDR349C,0,2.682898,0.11814238131046295,0.8334833383560181,0.6989584565162659
YML131W,YCL026C-A,0,2.682866,0.11812730878591537,0.8334833383560181,0.6990595459938049
YML022W,YER157W,0,2.6828408,0.1181122437119484,0.8334833383560181,0.6991606950759888
YPR058W,YPL012W,0,2.6827505,0.11809717863798141,0.8334833383560181,0.6992617845535278
YNR036C,YNL148C,0,2.6822267,0.11808212101459503,0.8334833383560181,0.6993629336357117
YDL042C,YOL075C,0,2.6816828,0.11806706339120865,0.8334833383560181,0.6994640231132507
YGR186W,YCL040W,0,2.681511,0.11805201321840286,0.8334833383560181,0.6995651721954346
YJL113W,YIL110W,0,2.6809087,0.11803696304559708,0.8334833383560181,0.6996663212776184
YLR138W,YGL097W,0,2.6808262,0.11802192032337189,0.8334833383560181,0.6997674107551575
YGR125W,YOR197W,0,2.680431,0.1180068850517273,0.8334833383560181,0.6998685598373413
YNL134C,YLR066W,0,2.6802435,0.1179918423295021,0.8334833383560181,0.6999696493148804
YDL004W,YER004W,0,2.6800556,0.11797681450843811,0.8334833383560181,0.7000707983970642
YEL055C,YER094C,0,2.6796613,0.11796178668737411,0.8334833383560181,0.7001718878746033
YMR293C,YNL030W,0,2.6791801,0.11794675886631012,0.8334833383560181,0.7002730369567871
YPR183W,YHR019C,0,2.6791785,0.11793173849582672,0.8334833383560181,0.7003741264343262
YLR071C,YBL105C,0,2.6789365,0.11791671812534332,0.8334833383560181,0.70047527551651
YOR125C,YHR026W,0,2.6788738,0.11790170520544052,0.8334833383560181,0.7005764245986938
YDL232W,YPR124W,0,2.6787243,0.11788669973611832,0.8334833383560181,0.7006775140762329
YBR258C,YGR209C,0,2.6784878,0.11787168681621552,0.8334833383560181,0.7007786631584167
YML069W,YER166W,0,2.6782436,0.11785668879747391,0.8334833383560181,0.7008797526359558
YNL300W,YBR004C,0,2.678206,0.1178416907787323,0.8334833383560181,0.7009809017181396
YHR019C,YGL187C,0,2.6779718,0.11782669275999069,0.8334833383560181,0.7010819911956787
YBL009W,YDL236W,0,2.6779656,0.11781170219182968,0.8334833383560181,0.7011831402778625
YOL001W,YJL020C,0,2.6777859,0.11779671907424927,0.8334833383560181,0.7012842297554016
YGR198W,YEL047C,0,2.6777782,0.11778173595666885,0.8334833383560181,0.7013853788375854
YLR449W,YER160C,0,2.677701,0.11776675283908844,0.8334833383560181,0.7014865279197693
YER119C,YNL053W,0,2.677248,0.11775177717208862,0.8334833383560181,0.7015876173973083
YPR033C,YPL265W,0,2.6770973,0.1177368089556694,0.8334833383560181,0.7016887664794922
YHR072W-A,YLL010C,0,2.6766596,0.11772184073925018,0.8334833383560181,0.7017898559570312
YML093W,YNL327W,0,2.6761718,0.11770687997341156,0.8334833383560181,0.7018910050392151
YJR091C,YKR045C,0,2.6761022,0.11769191920757294,0.8334833383560181,0.7019920945167542
YCL040W,YJR014W,0,2.6760726,0.11767695844173431,0.8334833383560181,0.702093243598938
YIL082W-A,YGL179C,0,2.675962,0.11766200512647629,0.8334833383560181,0.702194333076477
YLR174W,YGL150C,0,2.675952,0.11764705926179886,0.8334833383560181,0.7022954821586609
YLR423C,YCR020W-B,0,2.6758614,0.11763211339712143,0.8334833383560181,0.7023966312408447
YOL128C,YMR244C-A,0,2.67586,0.1176171749830246,0.8334833383560181,0.7024977207183838
YDR338C,YGL254W,0,2.6757944,0.11760223656892776,0.8334833383560181,0.7025988698005676
YDR394W,YCR043C,0,2.675356,0.11758729815483093,0.8334833383560181,0.7026999592781067
YHR196W,YNL326C,0,2.6749997,0.1175723746418953,0.8334833383560181,0.7028011083602905
YDR322C-A,YKR001C,0,2.6748924,0.11755744367837906,0.8334833383560181,0.7029021978378296
YDL194W,YHR019C,0,2.6747732,0.11754252016544342,0.8334833383560181,0.7030033469200134
YPL232W,YML014W,0,2.6744728,0.11752760410308838,0.8334833383560181,0.7031044363975525
YCR028C-A,YCL067C,1,2.6743426,0.11763959378004074,0.8343834280967712,0.7031044363975525
YPL132W,YMR197C,0,2.6740084,0.1176246702671051,0.8343834280967712,0.7032055854797363
YBR049C,YJR144W,1,2.6738434,0.11773661524057388,0.8352835178375244,0.7032055854797363
YDR084C,YKR001C,0,2.6738214,0.11772167682647705,0.8352835178375244,0.7033066749572754
YNL252C,YOR360C,0,2.6737528,0.11770674586296082,0.8352835178375244,0.7034078240394592
YBR210W,YCR097W,0,2.6734905,0.11769182235002518,0.8352835178375244,0.7035089731216431
YLR410W,YKR086W,0,2.6731987,0.11767689883708954,0.8352835178375244,0.7036100625991821
YER118C,YGR203W,0,2.6731768,0.1176619753241539,0.8352835178375244,0.703711211681366
YKL176C,YHL001W,0,2.6729643,0.11764705926179886,0.8352835178375244,0.703812301158905
YOR178C,YOL137W,0,2.6727653,0.11763214319944382,0.8352835178375244,0.7039134502410889
YPL023C,YCR003W,0,2.6726522,0.11761723458766937,0.8352835178375244,0.7040145397186279
YPR020W,YNL299W,0,2.671864,0.11760233342647552,0.8352835178375244,0.7041156888008118
YGR091W,YMR271C,0,2.671611,0.11758743226528168,0.8352835178375244,0.7042167782783508
YJR159W,YCR023C,0,2.671286,0.11757253110408783,0.8352835178375244,0.7043179273605347
YIL131C,YBR150C,1,2.670957,0.11768431961536407,0.8361836075782776,0.7043179273605347
YLR205C,YCL040W,0,2.6708093,0.11766941100358963,0.8361836075782776,0.7044190764427185
YGR215W,YBR088C,0,2.6706414,0.11765450984239578,0.8361836075782776,0.7045201659202576
YBR073W,YCR088W,0,2.6694856,0.11763960868120193,0.8361836075782776,0.7046213150024414
YNR032W,YBR044C,0,2.6693544,0.11762471497058868,0.8361836075782776,0.7047224044799805
YKL125W,YGR261C,0,2.6692781,0.11760982125997543,0.8361836075782776,0.7048235535621643
YPR075C,YIL044C,0,2.6692677,0.11759493499994278,0.8361836075782776,0.7049246430397034
YMR288W,YHR042W,0,2.669074,0.11758005619049072,0.8361836075782776,0.7050257921218872
YDR322C-A,YOR293W,0,2.6690178,0.11756516993045807,0.8361836075782776,0.7051268815994263
YDR097C,YDR045C,1,2.6687784,0.11767683178186417,0.8370836973190308,0.7051268815994263
YIL099W,YIL067C,0,2.6685734,0.11766194552183151,0.8370836973190308,0.7052280306816101
YGR140W,YMR199W,0,2.6685076,0.11764705926179886,0.8370836973190308,0.705329179763794
YER039C,YOR022C,0,2.6683173,0.1176321804523468,0.8370836973190308,0.705430269241333
YBR221C,YGR041W,0,2.6682577,0.11761730164289474,0.8370836973190308,0.7055314183235168
YPL009C,YOR329C,0,2.6682272,0.11760243028402328,0.8370836973190308,0.7056325078010559
YMR021C,YBL105C,0,2.6681795,0.11758755892515182,0.8370836973190308,0.7057336568832397
YGL160W,YOR153W,0,2.6675186,0.11757269501686096,0.8370836973190308,0.7058347463607788
YBL004W,YPL242C,0,2.6671572,0.1175578311085701,0.8370836973190308,0.7059358954429626
YMR021C,YOR190W,0,2.6670017,0.11754297465085983,0.8370836973190308,0.7060369849205017
YCR024C-A,YOR130C,0,2.666972,0.11752811819314957,0.8370836973190308,0.7061381340026855
YKL101W,YER011W,0,2.6669474,0.1175132691860199,0.8370836973190308,0.7062392830848694
YLR174W,YNR069C,0,2.6668243,0.11749842017889023,0.8370836973190308,0.7063403725624084
YDL049C,YOL077W-A,0,2.6668115,0.11748357862234116,0.8370836973190308,0.7064415216445923
YOR173W,YIR021W,0,2.6658754,0.11746873706579208,0.8370836973190308,0.7065426111221313
YNL315C,YMR121C,0,2.665609,0.11745390295982361,0.8370836973190308,0.7066437602043152
YML029W,YJL160C,0,2.6655636,0.11743906885385513,0.8370836973190308,0.7067448496818542
YGL244W,YNL220W,1,2.6652064,0.11755050718784332,0.8379837870597839,0.7067448496818542
YPL133C,YKL112W,1,2.6650805,0.11766190826892853,0.8388838768005371,0.7067448496818542
YBR240C,YDR419W,1,2.6645818,0.11777328699827194,0.8397839665412903,0.7067448496818542
YOR371C,YOL001W,0,2.6645684,0.11775842308998108,0.8397839665412903,0.7068459987640381
YOL034W,YLR066W,0,2.6644015,0.11774356663227081,0.8397839665412903,0.7069470882415771
YGR013W,YOR344C,0,2.6643827,0.11772871017456055,0.8397839665412903,0.707048237323761
YJR043C,YGL047W,0,2.6637194,0.11771385371685028,0.8397839665412903,0.7071493864059448
YGR198W,YAL001C,0,2.6635046,0.11769900470972061,0.8397839665412903,0.7072504758834839
YGR038W,YPL249C,0,2.6632814,0.11768415570259094,0.8397839665412903,0.7073516249656677
YPR009W,YGR289C,0,2.6628277,0.11766931414604187,0.8397839665412903,0.7074527144432068
YDL005C,YBR057C,0,2.6628242,0.1176544800400734,0.8397839665412903,0.7075538635253906
YGL234W,YLR421C,0,2.6618395,0.11763963848352432,0.8397839665412903,0.7076549530029297
YPL009C,YDR352W,0,2.661765,0.11762481182813644,0.8397839665412903,0.7077561020851135
YMR236W,YDR045C,1,2.6614614,0.11773604154586792,0.8406840562820435,0.7077561020851135
YNL067W,YLL052C,0,2.6610732,0.11772119998931885,0.8406840562820435,0.7078571915626526
YAL032C,YIL105C,0,2.6610663,0.11770636588335037,0.8406840562820435,0.7079583406448364
YHR062C,YKR018C,0,2.6602125,0.1176915317773819,0.8406840562820435,0.7080594897270203
YHR098C,YDL014W,0,2.6601596,0.11767670512199402,0.8406840562820435,0.7081605792045593
YKL112W,YNL241C,0,2.6598387,0.11766187846660614,0.8406840562820435,0.7082617282867432
YNR003C,YCR018C,1,2.6598334,0.11777301877737045,0.8415841460227966,0.7082617282867432
YPR079W,YGL181W,0,2.6597629,0.11775818467140198,0.8415841460227966,0.7083628177642822
YBR258C,YPL079W,0,2.659639,0.1177433580160141,0.8415841460227966,0.7084639668464661
YNR026C,YPL265W,0,2.6595407,0.11772853136062622,0.8415841460227966,0.7085650563240051
YLL028W,YER160C,0,2.6594543,0.11771371215581894,0.8415841460227966,0.708666205406189
YPR029C,YIR003W,0,2.6588407,0.11769889295101166,0.8415841460227966,0.708767294883728
YMR104C,YPR094W,0,2.6585767,0.11768408119678497,0.8415841460227966,0.7088684439659119
YMR236W,YEL026W,0,2.6585436,0.11766926944255829,0.8415841460227966,0.7089695334434509
YEL046C,YOR256C,0,2.658482,0.1176544576883316,0.8415841460227966,0.7090706825256348
YNL124W,YLR421C,0,2.657938,0.11763966083526611,0.8415841460227966,0.7091718316078186
YLR421C,YDL161W,0,2.657918,0.11762485653162003,0.8415841460227966,0.7092729210853577
YHR187W,YML025C,0,2.6579154,0.11761005967855453,0.8415841460227966,0.7093740701675415
YIL015W,YFL003C,0,2.6578035,0.11759527027606964,0.8415841460227966,0.7094751596450806
YFR009W,YHR196W,0,2.6577063,0.11758048087358475,0.8415841460227966,0.7095763087272644
YDR153C,YGR240C,0,2.657673,0.11756569892168045,0.8415841460227966,0.7096773982048035
YLR372W,YLR424W,0,2.657533,0.11755091696977615,0.8415841460227966,0.7097785472869873
YNL064C,YOR307C,0,2.6573977,0.11753614246845245,0.8415841460227966,0.7098796367645264
YGL207W,YPL187W,0,2.6573882,0.11752136796712875,0.8415841460227966,0.7099807858467102
YPR145W,YKL152C,0,2.6572795,0.11750660091638565,0.8415841460227966,0.710081934928894
YMR288W,YJR113C,0,2.6572757,0.11749183386564255,0.8415841460227966,0.7101830244064331
YGL201C,YNL058C,0,2.6572504,0.11747706681489944,0.8415841460227966,0.7102841734886169
YDL132W,YBR039W,0,2.6572356,0.11746231466531754,0.8415841460227966,0.710385262966156
YPR082C,YGR038W,0,2.6572075,0.11744755506515503,0.8415841460227966,0.7104864120483398
YPL086C,YGR098C,0,2.657177,0.11743280291557312,0.8415841460227966,0.7105875015258789
YDL025C,YDL174C,0,2.6570764,0.11741805821657181,0.8415841460227966,0.7106886506080627
YOR234C,YMR277W,0,2.6568089,0.1174033135175705,0.8415841460227966,0.7107897400856018
YBL045C,YGR231C,0,2.6566925,0.11738857626914978,0.8415841460227966,0.7108908891677856
YBR203W,YKL084W,0,2.6563072,0.11737383902072906,0.8415841460227966,0.7109920382499695
YKL046C,YOL119C,0,2.6562047,0.11735910922288895,0.8415841460227966,0.7110931277275085
YOR202W,YGL054C,0,2.656186,0.11734437942504883,0.8415841460227966,0.7111942768096924
YOR361C,YIR010W,0,2.6559339,0.11732964962720871,0.8415841460227966,0.7112953662872314
YPL265W,YPL015C,0,2.6557522,0.11731492727994919,0.8415841460227966,0.7113965153694153
YBR290W,YDL165W,0,2.6552944,0.11730021238327026,0.8415841460227966,0.7114976048469543
YBL066C,YGL043W,1,2.655149,0.11741093546152115,0.8424842357635498,0.7114976048469543
YJL028W,YER172C,0,2.6542253,0.11739621311426163,0.8424842357635498,0.7115987539291382
YPL275W,YDL222C,0,2.654179,0.1173814907670021,0.8424842357635498,0.7116998434066772
YDL092W,YLL028W,0,2.6541643,0.11736676841974258,0.8424842357635498,0.7118009924888611
YFL009W,YOL041C,0,2.6541238,0.11735205352306366,0.8424842357635498,0.7119021415710449
YLR135W,YGL012W,0,2.6540265,0.11733734607696533,0.8424842357635498,0.712003231048584
YML008C,YPR124W,0,2.6533585,0.117322638630867,0.8424842357635498,0.7121043801307678
YJL210W,YDL236W,0,2.6533117,0.11730793118476868,0.8424842357635498,0.7122054696083069
YPL212C,YOL001W,0,2.6531582,0.11729323118925095,0.8424842357635498,0.7123066186904907
YDR346C,YAR071W,0,2.652997,0.11727853864431381,0.8424842357635498,0.7124077081680298
YMR164C,YMR068W,0,2.6529012,0.11726384609937668,0.8424842357635498,0.7125088572502136
YOR128C,YML126C,0,2.6527452,0.11724915355443954,0.8424842357635498,0.7126099467277527
YJL111W,YMR113W,0,2.6526399,0.11723446846008301,0.8424842357635498,0.7127110958099365
YGL038C,YDR267C,0,2.6524105,0.11721979081630707,0.8424842357635498,0.7128122448921204
YMR047C,YDR208W,0,2.6523983,0.11720510572195053,0.8424842357635498,0.7129133343696594
YIL063C,YLR148W,0,2.6523738,0.11719043552875519,0.8424842357635498,0.7130144834518433
YPR094W,YGR277C,0,2.6520805,0.11717576533555984,0.8424842357635498,0.7131155729293823
YGR203W,YFL002C,0,2.6520658,0.1171610951423645,0.8424842357635498,0.7132167220115662
YAL032C,YBR204C,0,2.6518307,0.11714643239974976,0.8424842357635498,0.7133178114891052
YLR098C,YBL021C,1,2.6515212,0.11725691705942154,0.843384325504303,0.7133178114891052
YDL168W,YKR039W,0,2.651186,0.1172422394156456,0.843384325504303,0.7134189605712891
YPR104C,YJR129C,0,2.650941,0.11722757667303085,0.843384325504303,0.7135200500488281
YMR161W,YML072C,0,2.6509256,0.11721290647983551,0.843384325504303,0.713621199131012
YDR324C,YHR032W,0,2.6508994,0.11719825118780136,0.843384325504303,0.713722288608551
YBR083W,YDR206W,0,2.6507182,0.11718358844518661,0.843384325504303,0.7138234376907349
YKL188C,YMR189W,0,2.6506958,0.11716894060373306,0.843384325504303,0.7139245867729187
YLR064W,YGL097W,0,2.650415,0.11715428531169891,0.843384325504303,0.7140256762504578
YMR119W,YER021W,0,2.6503553,0.11713964492082596,0.843384325504303,0.7141268253326416
YML126C,YMR283C,0,2.649444,0.1171249970793724,0.843384325504303,0.7142279148101807
YBR102C,YGL166W,0,2.6487448,0.11711036413908005,0.843384325504303,0.7143290638923645
YML110C,YNL134C,0,2.6485753,0.11709572374820709,0.843384325504303,0.7144301533699036
YKL112W,YFL008W,1,2.6484623,0.11720604449510574,0.8442844152450562,0.7144301533699036
YFR004W,YPR033C,0,2.6484375,0.11719140410423279,0.8442844152450562,0.7145313024520874
YHR063C,YKR060W,0,2.6483989,0.11717676371335983,0.8442844152450562,0.7146323919296265
YPR075C,YGL187C,0,2.6480968,0.11716213077306747,0.8442844152450562,0.7147335410118103
YGL001C,YOR017W,0,2.6478553,0.11714749783277512,0.8442844152450562,0.7148346900939941
YMR268C,YDR264C,0,2.6478117,0.11713286489248276,0.8442844152450562,0.7149357795715332
YMR190C,YOL075C,0,2.6475258,0.117118239402771,0.8442844152450562,0.715036928653717
YBL042C,YBR106W,0,2.6475253,0.11710362136363983,0.8442844152450562,0.7151380181312561
YLR274W,YEL071W,0,2.6468587,0.11708900332450867,0.8442844152450562,0.7152391672134399
YJL115W,YGL179C,0,2.6463342,0.1170743852853775,0.8442844152450562,0.715340256690979
YIL063C,YGR207C,0,2.6463075,0.11705977469682693,0.8442844152450562,0.7154414057731628
YLR136C,YGL097W,0,2.64627,0.11704517155885696,0.8442844152450562,0.7155424952507019
YFL022C,YNL265C,0,2.6460867,0.117030568420887,0.8442844152450562,0.7156436443328857
YGL054C,YIR010W,0,2.646066,0.11701596528291702,0.8442844152450562,0.7157447934150696
YMR044W,YLR308W,0,2.6459064,0.11700136959552765,0.8442844152450562,0.7158458828926086
YPR104C,YMR199W,0,2.6457644,0.11698678135871887,0.8442844152450562,0.7159470319747925
YDR156W,YBR204C,0,2.6457613,0.1169721931219101,0.8442844152450562,0.7160481214523315
YIR021W,YBR127C,0,2.645708,0.11695760488510132,0.8442844152450562,0.7161492705345154
YGR068C,YCL040W,0,2.645648,0.11694302409887314,0.8442844152450562,0.7162503600120544
YMR263W,YGR028W,0,2.6456046,0.11692844331264496,0.8442844152450562,0.7163515090942383
YDR191W,YML099C,1,2.645361,0.11703851073980331,0.8451845049858093,0.7163515090942383
YHR063C,YIR034C,0,2.6452327,0.11702392995357513,0.8451845049858093,0.7164525985717773
YHR187W,YNL067W,0,2.6447992,0.11700934916734695,0.8451845049858093,0.7165537476539612
YBR302C,YCR017C,0,2.6446447,0.11699476838111877,0.8451845049858093,0.716654896736145
YMR288W,YJL093C,0,2.6443653,0.11698019504547119,0.8451845049858093,0.7167559862136841
YJL111W,YGL179C,0,2.6443121,0.11696562170982361,0.8451845049858093,0.7168571352958679
YPL030W,YPR124W,0,2.6441908,0.11695105582475662,0.8451845049858093,0.716958224773407
YHR187W,YOL006C,0,2.6441464,0.11693648993968964,0.8451845049858093,0.7170593738555908
YJL137C,YDL156W,0,2.6439414,0.11692192405462265,0.8451845049858093,0.7171604633331299
YNL154C,YLR069C,0,2.6438627,0.11690737307071686,0.8451845049858093,0.7172616124153137
YFR042W,YJR043C,0,2.6436434,0.11689281463623047,0.8451845049858093,0.7173627018928528
YLR259C,YML076C,1,2.6435533,0.11700274050235748,0.8460845947265625,0.7173627018928528
YNL139C,YNL152W,0,2.642901,0.1169881746172905,0.8460845947265625,0.7174638509750366
YHR200W,YMR199W,0,2.642796,0.11697361618280411,0.8460845947265625,0.7175650000572205
YNL151C,YDR289C,1,2.6424727,0.11708348989486694,0.8469846844673157,0.7175650000572205
YNL336W,YBL019W,0,2.6424627,0.11706892400979996,0.8469846844673157,0.7176660895347595
YDR255C,YOR375C,0,2.6422548,0.11705435812473297,0.8469846844673157,0.7177672386169434
YBR280C,YAR014C,0,2.6422353,0.11703979969024658,0.8469846844673157,0.7178683280944824
YER039C,YGR038W,0,2.6422162,0.11702524870634079,0.8469846844673157,0.7179694771766663
YAL005C,YHR176W,0,2.6421895,0.1170106902718544,0.8469846844673157,0.7180705666542053
YOR128C,YBR126C,0,2.6417499,0.1169961467385292,0.8469846844673157,0.7181717157363892
YCL045C,YBR068C,0,2.6417408,0.11698160320520401,0.8469846844673157,0.7182728052139282
YMR021C,YBR161W,0,2.6415734,0.11696705967187881,0.8469846844673157,0.7183739542961121
YMR037C,YGR067C,1,2.6414764,0.1170768067240715,0.8478847742080688,0.7183739542961121
YKR087C,YNL106C,0,2.6411397,0.11706225574016571,0.8478847742080688,0.7184750437736511
YJL177W,YLL042C,0,2.640964,0.11704771220684052,0.8478847742080688,0.718576192855835
YPL211W,YGR140W,0,2.6409254,0.11703316867351532,0.8478847742080688,0.7186773419380188
YMR135C,YML007W,0,2.6408224,0.11701863259077072,0.8478847742080688,0.7187784314155579
YLR398C,YJR044C,0,2.6407351,0.11700409650802612,0.8478847742080688,0.7188795804977417
YLR216C,YDL165W,0,2.6407294,0.11698956787586212,0.8478847742080688,0.7189806699752808
YKL101W,YBL002W,0,2.6406546,0.11697503924369812,0.8478847742080688,0.7190818190574646
YLR077W,YLR399C,0,2.6396751,0.11696051806211472,0.8478847742080688,0.7191829085350037
YJL123C,YCR069W,0,2.6396694,0.11694599688053131,0.8478847742080688,0.7192840576171875
YDR322C-A,YHL013C,0,2.639407,0.1169314831495285,0.8478847742080688,0.7193851470947266
YIL066C,YDR194C,0,2.6393275,0.1169169694185257,0.8478847742080688,0.7194862961769104
YGR148C,YDL236W,0,2.6392484,0.11690245568752289,0.8478847742080688,0.7195874452590942
YNR023W,YPR104C,0,2.6392426,0.11688794940710068,0.8478847742080688,0.7196885347366333
YGR068C,YER141W,0,2.6390514,0.11687345057725906,0.8478847742080688,0.7197896838188171
YJL209W,YNR036C,0,2.6387424,0.11685895174741745,0.8478847742080688,0.7198907732963562
YDR097C,YOR298C-A,1,2.6385438,0.11696849763393402,0.848784863948822,0.7198907732963562
YOR094W,YML046W,0,2.6385045,0.11695398390293121,0.848784863948822,0.71999192237854
YBR083W,YOR003W,0,2.6384459,0.1169394850730896,0.848784863948822,0.7200930118560791
YBR200W,YBR167C,0,2.6384418,0.11692498624324799,0.848784863948822,0.7201941609382629
YDR182W,YGR186W,0,2.6381779,0.11691048741340637,0.848784863948822,0.720295250415802
YGR148C,YBR199W,0,2.638164,0.11689599603414536,0.848784863948822,0.7203963994979858
YDL155W,YKL211C,0,2.6378474,0.11688150465488434,0.848784863948822,0.7204975485801697
YOR368W,YOL077W-A,0,2.6377516,0.11686702072620392,0.848784863948822,0.7205986380577087
YIL157C,YMR134W,0,2.6375318,0.1168525367975235,0.848784863948822,0.7206997871398926
YCR083W,YPL181W,0,2.6373582,0.11683806031942368,0.848784863948822,0.7208008766174316
YIR007W,YGR249W,0,2.636794,0.11682359129190445,0.848784863948822,0.7209020256996155
YLR166C,YFL062W,0,2.6362853,0.11680911481380463,0.848784863948822,0.7210031151771545
YOL075C,YLL052C,0,2.6362486,0.1167946457862854,0.848784863948822,0.7211042642593384
YDR051C,YLR095C,0,2.6360688,0.11678018420934677,0.848784863948822,0.7212053537368774
YGL124C,YMR167W,0,2.635778,0.11676572263240814,0.848784863948822,0.7213065028190613
YBR240C,YOR080W,1,2.6353354,0.1168750748038292,0.8496849536895752,0.7213065028190613
YPR107C,YJR064W,0,2.6351223,0.11686060577630997,0.8496849536895752,0.7214076519012451
YGR192C,YPR033C,0,2.6350741,0.11684614419937134,0.8496849536895752,0.7215087413787842
YDR119W,YKR024C,0,2.634904,0.11683168262243271,0.8496849536895752,0.721609890460968
YOR321W,YHL020C,0,2.6348515,0.11681722849607468,0.8496849536895752,0.7217109799385071
YNL300W,YJL209W,0,2.63445,0.11680277436971664,0.8496849536895752,0.7218121290206909
YLR408C,YBR014C,0,2.6343467,0.11678832024335861,0.8496849536895752,0.72191321849823
YCL010C,YJR014W,0,2.6341758,0.11677387356758118,0.8496849536895752,0.7220143675804138
YGR125W,YDR143C,0,2.634121,0.11675943434238434,0.8496849536895752,0.7221154570579529
YPR101W,YOR196C,0,2.6340742,0.1167449876666069,0.8496849536895752,0.7222166061401367
YNL225C,YOR198C,0,2.6340647,0.11673055589199066,0.8496849536895752,0.7223177552223206
YBR021W,YBR068C,0,2.6340191,0.11671612411737442,0.8496849536895752,0.7224188446998596
YHR098C,YOR171C,0,2.6338434,0.11670169234275818,0.8496849536895752,0.7225199937820435
YPR104C,YJL099W,0,2.633768,0.11668726801872253,0.8496849536895752,0.7226210832595825
YPR020W,YMR083W,0,2.6334014,0.11667284369468689,0.8496849536895752,0.7227222323417664
YOL008W,YLR274W,0,2.6332645,0.11665842682123184,0.8496849536895752,0.7228233218193054
YHR188C,YCR083W,0,2.6327882,0.1166440099477768,0.8496849536895752,0.7229244709014893
YOR178C,YDR409W,0,2.6327069,0.11662960052490234,0.8496849536895752,0.7230255603790283
YIL063C,YBR201W,0,2.6322665,0.1166151911020279,0.8496849536895752,0.7231267094612122
YIL103W,YLR229C,0,2.6320527,0.11660078912973404,0.8496849536895752,0.723227858543396
YEL046C,YNL083W,0,2.632034,0.11658638715744019,0.8496849536895752,0.7233289480209351
YML078W,YPR009W,0,2.6317,0.11657199263572693,0.8496849536895752,0.7234300971031189
YLR240W,YJL209W,0,2.6314921,0.11655759811401367,0.8496849536895752,0.723531186580658
YDR254W,YOR110W,1,2.6314335,0.11666666716337204,0.8505850434303284,0.723531186580658
YPL132W,YCR024C-A,0,2.6312358,0.11665226519107819,0.8505850434303284,0.7236323356628418
YCR069W,YLR095C,0,2.6310668,0.11663787066936493,0.8505850434303284,0.7237334251403809
YIR035C,YLL032C,0,2.6309705,0.11662347614765167,0.8505850434303284,0.7238345742225647
YDR058C,YFL024C,0,2.6305652,0.11660908162593842,0.8505850434303284,0.7239356637001038
YHL007C,YOR149C,0,2.6304731,0.11659469455480576,0.8505850434303284,0.7240368127822876
YDR113C,YER183C,0,2.630457,0.1165803074836731,0.8505850434303284,0.7241379022598267
YER035W,YMR029C,0,2.630365,0.11656592786312103,0.8505850434303284,0.7242390513420105
YDR258C,YBR110W,0,2.6301084,0.11655155569314957,0.8505850434303284,0.7243402004241943
YML130C,YDL103C,0,2.6298532,0.1165371835231781,0.8505850434303284,0.7244412899017334
YGR067C,YKL148C,0,2.6295042,0.11652281135320663,0.8505850434303284,0.7245424389839172
YGR152C,YBL018C,0,2.6289845,0.11650844663381577,0.8505850434303284,0.7246435284614563
YJR127C,YLL004W,1,2.6289477,0.1166173592209816,0.8514851331710815,0.7246435284614563
YLR002C,YOR344C,0,2.628909,0.11660297960042953,0.8514851331710815,0.7247446775436401
YNL305C,YDR409W,0,2.6286793,0.11658861488103867,0.8514851331710815,0.7248457670211792
YAR071W,YOR017W,0,2.6284566,0.1165742427110672,0.8514851331710815,0.724946916103363
YHR098C,YDR363W,0,2.6284494,0.11655987799167633,0.8514851331710815,0.7250480055809021
YGL255W,YLR066W,0,2.6281548,0.11654552072286606,0.8514851331710815,0.7251491546630859
YOR056C,YFR009W,0,2.6280642,0.11653116345405579,0.8514851331710815,0.7252503037452698
YPL232W,YFR044C,0,2.628047,0.11651681363582611,0.8514851331710815,0.7253513932228088
YPR082C,YHR072W,0,2.6269212,0.11650246381759644,0.8514851331710815,0.7254525423049927
YCR088W,YPL187W,0,2.6269107,0.11648811399936676,0.8514851331710815,0.7255536317825317
YLR174W,YHR018C,0,2.626173,0.11647377163171768,0.8514851331710815,0.7256547808647156
YLR128W,YOR303W,0,2.6261396,0.1164594367146492,0.8514851331710815,0.7257558703422546
YGR049W,YHR115C,0,2.625846,0.11644510179758072,0.8514851331710815,0.7258570194244385
YIR028W,YOR133W,0,2.6251006,0.11643076688051224,0.8514851331710815,0.7259581089019775
YNR069C,YGL150C,0,2.6248007,0.11641643941402435,0.8514851331710815,0.7260592579841614
YML110C,YHL013C,0,2.6245322,0.11640211939811707,0.8514851331710815,0.7261604070663452
YOL137W,YOL148C,0,2.6244497,0.11638779193162918,0.8514851331710815,0.7262614965438843
YHR216W,YMR293C,0,2.6239672,0.11637347936630249,0.8514851331710815,0.7263626456260681
YDR027C,YLL039C,0,2.623839,0.1163591668009758,0.8514851331710815,0.7264637351036072
YHR050W,YPL118W,0,2.6238284,0.11634485423564911,0.8514851331710815,0.726564884185791
YDR097C,YNR046W,0,2.6232853,0.11633054912090302,0.8514851331710815,0.7266659736633301
YPL020C,YNR069C,0,2.6228435,0.11631624400615692,0.8514851331710815,0.7267671227455139
YNR023W,YKR081C,0,2.6226988,0.11630193889141083,0.8514851331710815,0.726868212223053
YKL027W,YHR043C,0,2.6221275,0.11628764867782593,0.8514851331710815,0.7269693613052368
YDL079C,YGL008C,0,2.6220074,0.11627335101366043,0.8514851331710815,0.7270705103874207
YDR058C,YPR023C,0,2.621995,0.11625906080007553,0.8514851331710815,0.7271715998649597
YLR406C,YNL254C,0,2.6219544,0.11624477803707123,0.8514851331710815,0.7272727489471436
YKR067W,YOR190W,0,2.62192,0.11623049527406693,0.8514851331710815,0.7273738384246826
YML029W,YMR024W,0,2.6215854,0.11621621251106262,0.8514851331710815,0.7274749875068665
YIR022W,YER073W,0,2.621541,0.11620193719863892,0.8514851331710815,0.7275760769844055
YDR153C,YML046W,0,2.6213136,0.1161876693367958,0.8514851331710815,0.7276772260665894
YJR125C,YML121W,0,2.6212032,0.1161734014749527,0.8514851331710815,0.7277783155441284
YGR227W,YPL037C,0,2.621122,0.11615913361310959,0.8514851331710815,0.7278794646263123
YOR256C,YOL075C,0,2.6210337,0.11614487320184708,0.8514851331710815,0.7279806137084961
YOL033W,YDR043C,0,2.6208584,0.11613061279058456,0.8514851331710815,0.7280817031860352
YPL241C,YPR112C,0,2.6202555,0.11611635982990265,0.8514851331710815,0.728182852268219
YFR044C,YBR135W,0,2.6201825,0.11610211431980133,0.8514851331710815,0.7282839417457581
YLR035C,YDR216W,1,2.620051,0.11621057987213135,0.8523852229118347,0.7282839417457581
YGR152C,YNL075W,0,2.6199336,0.11619631946086884,0.8523852229118347,0.7283850908279419
YNL090W,YPL190C,0,2.6193507,0.11618206650018692,0.8523852229118347,0.728486180305481
YOR344C,YOL077W-A,0,2.6192017,0.116167813539505,0.8523852229118347,0.7285873293876648
YMR058W,YOL001W,0,2.6190639,0.11615356057882309,0.8523852229118347,0.7286884188652039
YPL164C,YDR099W,1,2.618939,0.11626195907592773,0.8532853126525879,0.7286884188652039
YGR209C,YGR098C,0,2.6186943,0.11624769866466522,0.8532853126525879,0.7287895679473877
YLR166C,YBL099W,0,2.6186614,0.1162334457039833,0.8532853126525879,0.7288906574249268
YBR265W,YDL147W,0,2.618577,0.11621920019388199,0.8532853126525879,0.7289918065071106
YDR143C,YML058W,0,2.618313,0.11620495468378067,0.8532853126525879,0.7290929555892944
YOR229W,YJL014W,0,2.6182702,0.11619070917367935,0.8532853126525879,0.7291940450668335
YAR050W,YLR421C,0,2.6182613,0.11617647111415863,0.8532853126525879,0.7292951941490173
YKL167C,YKL139W,0,2.618111,0.11616223305463791,0.8532853126525879,0.7293962836265564
YKL125W,YFL034C-B,0,2.6180735,0.11614800244569778,0.8532853126525879,0.7294974327087402
YKR013W,YNL275W,0,2.6178145,0.11613377183675766,0.8532853126525879,0.7295985221862793
YBR236C,YHR062C,0,2.6176696,0.11611954867839813,0.8532853126525879,0.7296996712684631
YMR214W,YMR202W,0,2.6173058,0.1161053255200386,0.8532853126525879,0.7298007607460022
YGL130W,YEL026W,0,2.617292,0.11609110981225967,0.8532853126525879,0.729901909828186
YPL009C,YDR462W,0,2.6172051,0.11607689410448074,0.8532853126525879,0.7300030589103699
YHR003C,YFL018C,0,2.6169376,0.11606268584728241,0.8532853126525879,0.7301041483879089
YCR069W,YCR042C,0,2.6167986,0.11604847759008408,0.8532853126525879,0.7302052974700928
YKR029C,YLL028W,0,2.6166735,0.11603426933288574,0.8532853126525879,0.7303063869476318
YHL009C,YKR080W,0,2.6166332,0.116020068526268,0.8532853126525879,0.7304075360298157
YMR021C,YNL241C,0,2.61625,0.11600587517023087,0.8532853126525879,0.7305086255073547
YJL176C,YJR127C,1,2.6162345,0.11611403524875641,0.8541854023933411,0.7305086255073547
YDL126C,YOR360C,0,2.616179,0.11609982699155807,0.8541854023933411,0.7306097745895386
YDR142C,YOR133W,0,2.6160736,0.11608562618494034,0.8541854023933411,0.7307108640670776
YER094C,YFR055W,0,2.6155863,0.1160714253783226,0.8541854023933411,0.7308120131492615
YER016W,YNL220W,0,2.6150684,0.11605723202228546,0.8541854023933411,0.7309131622314453
YNL090W,YBR136W,0,2.615035,0.11604303866624832,0.8541854023933411,0.7310142517089844
YPL015C,YDL020C,1,2.6146731,0.1161511167883873,0.8550854921340942,0.7310142517089844
YER124C,YHR043C,0,2.6145024,0.11613691598176956,0.8550854921340942,0.7311154007911682
YOL013C,YNL229C,0,2.6144204,0.11612272262573242,0.8550854921340942,0.7312164902687073
YBR199W,YIL168W,0,2.6143394,0.11610852926969528,0.8550854921340942,0.7313176393508911
YGR074W,YLR424W,0,2.6141424,0.11609434336423874,0.8550854921340942,0.7314187288284302
YOR321W,YOR307C,0,2.6140242,0.1160801574587822,0.8550854921340942,0.731519877910614
YMR121C,YDR488C,0,2.6138244,0.11606597155332565,0.8550854921340942,0.7316209673881531
YPL047W,YLR431C,0,2.613545,0.11605179309844971,0.8550854921340942,0.7317221164703369
YLR262C,YOR128C,0,2.6132016,0.11603762209415436,0.8550854921340942,0.7318232655525208
YHR062C,YOR010C,0,2.6130004,0.11602345108985901,0.8550854921340942,0.7319243550300598
YOL128C,YDR085C,0,2.6128683,0.11600928008556366,0.8550854921340942,0.7320255041122437
YHR115C,YCL010C,0,2.612568,0.11599511653184891,0.8550854921340942,0.7321265935897827
YJL113W,YNL254C,0,2.6121287,0.11598095297813416,0.8550854921340942,0.7322277426719666
YJR152W,YPL270W,0,2.6118004,0.115966796875,0.8550854921340942,0.7323288321495056
YDR348C,YBL019W,0,2.6117334,0.11595264077186584,0.8550854921340942,0.7324299812316895
YNL152W,YML026C,0,2.6115775,0.11593849211931229,0.8550854921340942,0.7325310707092285
YNR069C,YJR161C,0,2.6115274,0.11592434346675873,0.8550854921340942,0.7326322197914124
YOR346W,YEL009C,1,2.611504,0.11603221297264099,0.8559855818748474,0.7326322197914124
YOL041C,YKL073W,0,2.611453,0.11601805686950684,0.8559855818748474,0.7327333688735962
YDR385W,YOR303W,0,2.6107788,0.11600390076637268,0.8559855818748474,0.7328344583511353
YER157W,YDR001C,0,2.6106186,0.11598975211381912,0.8559855818748474,0.7329356074333191
YKL152C,YOL027C,0,2.6105242,0.11597561091184616,0.8559855818748474,0.7330366969108582
YGL208W,YNL099C,0,2.6102839,0.1159614697098732,0.8559855818748474,0.733137845993042
YOR033C,YKL084W,0,2.61006,0.11594732850790024,0.8559855818748474,0.733238935470581
YDR519W,YMR024W,0,2.6100492,0.11593319475650787,0.8559855818748474,0.7333400845527649
YPL053C,YML126C,0,2.609811,0.11591906100511551,0.8559855818748474,0.733441174030304
YGL099W,YJL207C,0,2.6097116,0.11590493470430374,0.8559855818748474,0.7335423231124878
YGL032C,YDL191W,0,2.6095028,0.11589080840349197,0.8559855818748474,0.7336434125900269
YMR113W,YKL120W,0,2.6094708,0.1158766895532608,0.8559855818748474,0.7337445616722107
YML038C,YAL047C,0,2.6092901,0.11586257070302963,0.8559855818748474,0.7338457107543945
YDR477W,YIL114C,0,2.6091619,0.11584845930337906,0.8559855818748474,0.7339468002319336
YPL128C,YPL016W,1,2.6090846,0.115956149995327,0.8568856716156006,0.7339468002319336
YBL067C,YLL052C,0,2.6084895,0.11594203114509583,0.8568856716156006,0.7340479493141174
YEL026W,YLR398C,0,2.607664,0.11592791229486465,0.8568856716156006,0.7341490387916565
YPL049C,YNL248C,1,2.6074362,0.11603555083274841,0.8577857613563538,0.7341490387916565
YPL236C,YPR061C,0,2.6072278,0.11602142453193665,0.8577857613563538,0.7342501878738403
YMR288W,YER141W,0,2.6071448,0.11600730568170547,0.8577857613563538,0.7343512773513794
YGR133W,YGL179C,0,2.6066341,0.1159931868314743,0.8577857613563538,0.7344524264335632
YNL186W,YGR121C,0,2.6064558,0.11597906798124313,0.8577857613563538,0.7345535159111023
YLR297W,YOR197W,0,2.6064105,0.11596495658159256,0.8577857613563538,0.7346546649932861
YEL046C,YOR140W,0,2.6063914,0.11595084518194199,0.8577857613563538,0.73475581407547
YIR007W,YNR026C,0,2.606173,0.11593674123287201,0.8577857613563538,0.734856903553009
YIL041W,YLR144C,0,2.6061606,0.11592263728380203,0.8577857613563538,0.7349580526351929
YIL041W,YIL044C,0,2.6059859,0.11590854078531265,0.8577857613563538,0.7350591421127319
YGL054C,YOR153W,0,2.6059794,0.11589444428682327,0.8577857613563538,0.7351602911949158
YOL145C,YHR120W,1,2.6059408,0.11600194871425629,0.8586858510971069,0.7351602911949158
YLR336C,YJR113C,0,2.605791,0.11598784476518631,0.8586858510971069,0.7352613806724548
YKL188C,YBR132C,0,2.605771,0.11597374081611633,0.8586858510971069,0.7353625297546387
YER119C,YHR042W,0,2.605585,0.11595964431762695,0.8586858510971069,0.7354636192321777
YLR081W,YPL005W,0,2.6054778,0.11594555526971817,0.8586858510971069,0.7355647683143616
YPL127C,YML051W,1,2.6053834,0.11605298519134521,0.8595859408378601,0.7355647683143616
YDR450W,YOR153W,0,2.6052756,0.11603888124227524,0.8595859408378601,0.7356659173965454
YKL008C,YNL148C,0,2.6050506,0.11602478474378586,0.8595859408378601,0.7357670068740845
YOR118W,YCR088W,0,2.6049862,0.11601068824529648,0.8595859408378601,0.7358681559562683
YHL002W,YNL069C,0,2.604848,0.1159965991973877,0.8595859408378601,0.7359692454338074
YBR089C-A,YDR099W,1,2.604617,0.11610396206378937,0.8604860305786133,0.7359692454338074
YML007W,YKL065C,0,2.6040735,0.11608985811471939,0.8604860305786133,0.7360703945159912
YKL046C,YLR222C,0,2.6032066,0.11607576161623001,0.8604860305786133,0.7361714839935303
YOL027C,YKL167C,0,2.6030412,0.11606167256832123,0.8604860305786133,0.7362726330757141
YOR173W,YGL008C,0,2.6028519,0.11604758352041245,0.8604860305786133,0.7363737225532532
YNL021W,YMR162C,0,2.6018927,0.11603350192308426,0.8604860305786133,0.736474871635437
YGR125W,YBL105C,0,2.6016226,0.11601942032575607,0.8604860305786133,0.7365760207176208
YBR123C,YML069W,1,2.60156,0.11612668633460999,0.8613861203193665,0.7365760207176208
YFR009W,YLR066W,0,2.60142,0.1161125972867012,0.8613861203193665,0.7366771101951599
YLR095C,YOR360C,0,2.6012957,0.11609850823879242,0.8613861203193665,0.7367782592773438
YNL139C,YHR107C,0,2.6011796,0.11608442664146423,0.8613861203193665,0.7368793487548828
YJR152W,YMR231W,0,2.6011152,0.11607034504413605,0.8613861203193665,0.7369804978370667
YKL008C,YBR154C,0,2.600998,0.11605627089738846,0.8613861203193665,0.7370815873146057
YDR385W,YPR022C,0,2.6009727,0.11604219675064087,0.8613861203193665,0.7371827363967896
YBR019C,YMR162C,0,2.6007867,0.11602813005447388,0.8613861203193665,0.7372838258743286
YDL212W,YPL066W,0,2.6007214,0.11601406335830688,0.8613861203193665,0.7373849749565125
YNL305C,YJR161C,0,2.6006427,0.11599999666213989,0.8613861203193665,0.7374861240386963
YER048C,YIL110W,0,2.6005826,0.1159859374165535,0.8613861203193665,0.7375872135162354
YFR004W,YGR261C,0,2.6002078,0.1159718856215477,0.8613861203193665,0.7376883625984192
YMR079W,YBR079C,0,2.6000977,0.1159578338265419,0.8613861203193665,0.7377894520759583
YNL072W,YGL048C,0,2.5995712,0.1159437820315361,0.8613861203193665,0.7378906011581421
YLR205C,YMR197C,0,2.5995476,0.1159297376871109,0.8613861203193665,0.7379916906356812
YNR023W,YPL132W,0,2.5993352,0.1159157007932663,0.8613861203193665,0.738092839717865
YJR017C,YOR375C,0,2.5993261,0.1159016564488411,0.8613861203193665,0.738193929195404
YLR242C,YLL028W,0,2.5990772,0.11588762700557709,0.8613861203193665,0.7382950782775879
YNR023W,YIR033W,0,2.5987697,0.11587359011173248,0.8613861203193665,0.7383962273597717
YKR003W,YBR201W,0,2.598544,0.11585956066846848,0.8613861203193665,0.7384973168373108
YJL091C,YJR019C,0,2.598322,0.11584553867578506,0.8613861203193665,0.7385984659194946
YOR293W,YPL046C,0,2.598322,0.11583151668310165,0.8613861203193665,0.7386995553970337
YNL125C,YGR249W,0,2.5981183,0.11581750214099884,0.8613861203193665,0.7388007044792175
YPL020C,YHR016C,0,2.5980382,0.11580348759889603,0.8613861203193665,0.7389017939567566
YDR191W,YLL028W,0,2.597952,0.11578947305679321,0.8613861203193665,0.7390029430389404
YDR142C,YBR298C,0,2.597529,0.115775465965271,0.8613861203193665,0.7391040325164795
YDR221W,YLR110C,0,2.5974674,0.11576145887374878,0.8613861203193665,0.7392051815986633
YPL248C,YPL089C,1,2.5973654,0.11586841195821762,0.8622862100601196,0.7392051815986633
YPR094W,YAL014C,0,2.5973563,0.11585439741611481,0.8622862100601196,0.7393062710762024
YIL049W,YCR042C,0,2.5966086,0.11584039032459259,0.8622862100601196,0.7394074201583862
YDL140C,YDR421W,1,2.5964003,0.11594728380441666,0.8631862998008728,0.7394074201583862
YML038C,YER170W,0,2.596373,0.11593326926231384,0.8631862998008728,0.7395085692405701
YHR039C,YOR210W,0,2.5962648,0.11591925472021103,0.8631862998008728,0.7396096587181091
YBR210W,YDL174C,0,2.5958796,0.11590524762868881,0.8631862998008728,0.739710807800293
YDR363W,YKL012W,0,2.5958776,0.1158912405371666,0.8631862998008728,0.739811897277832
YDR363W,YLR117C,0,2.595837,0.11587723344564438,0.8631862998008728,0.7399130463600159
YLR051C,YMR047C,0,2.5958285,0.11586323380470276,0.8631862998008728,0.7400141358375549
YLR376C,YLR070C,0,2.5954223,0.11584924161434174,0.8631862998008728,0.7401152849197388
YMR135C,YBR044C,0,2.5950315,0.11583524942398071,0.8631862998008728,0.7402163743972778
YGL001C,YJR043C,0,2.5950313,0.11582125723361969,0.8631862998008728,0.7403175234794617
YKL188C,YBR019C,0,2.5943112,0.11580727249383926,0.8631862998008728,0.7404186725616455
YLR216C,YDR208W,0,2.594058,0.11579328775405884,0.8631862998008728,0.7405197620391846
YGL001C,YDR142C,0,2.5935855,0.11577931046485901,0.8631862998008728,0.7406209111213684
YKR092C,YGL055W,0,2.5934448,0.11576533317565918,0.8631862998008728,0.7407220005989075
YNL124W,YJL111W,0,2.592845,0.11575135588645935,0.8631862998008728,0.7408231496810913
YGL234W,YBR167C,0,2.592526,0.11573738604784012,0.8631862998008728,0.7409242391586304
YER177W,YJL206C,1,2.5923257,0.11584409326314926,0.864086389541626,0.7409242391586304
YEL009C,YJL118W,0,2.5920997,0.11583011597394943,0.864086389541626,0.7410253882408142
YMR047C,YCR048W,0,2.5920854,0.1158161386847496,0.864086389541626,0.7411264777183533
YGR059W,YGL156W,0,2.591817,0.11580216884613037,0.864086389541626,0.7412276268005371
YJL063C,YIR033W,0,2.5917299,0.11578820645809174,0.864086389541626,0.741328775882721
YNL275W,YDR489W,0,2.5913715,0.1157742366194725,0.864086389541626,0.74142986536026
YGL130W,YJL159W,0,2.5913339,0.11576028168201447,0.864086389541626,0.7415310144424438
YDR079C-A,YER075C,0,2.5910878,0.11574631929397583,0.864086389541626,0.7416321039199829
YPL256C,YDR409W,0,2.590886,0.11573237180709839,0.864086389541626,0.7417332530021667
YLR288C,YBR066C,1,2.5905666,0.11583895981311798,0.8649864792823792,0.7417332530021667
YMR283C,YPL008W,0,2.5904942,0.11582499742507935,0.8649864792823792,0.7418343424797058
YLR275W,YKL193C,0,2.5904493,0.11581104248762131,0.8649864792823792,0.7419354915618896
YCR020W-B,YGL032C,0,2.5903172,0.11579708755016327,0.8649864792823792,0.7420365810394287
YLR242C,YDL126C,0,2.5902367,0.11578313261270523,0.8649864792823792,0.7421377301216125
YER003C,YLR405W,0,2.590084,0.11576918512582779,0.8649864792823792,0.7422388792037964
YOR358W,YDL185W,1,2.5889893,0.11587569117546082,0.8658865690231323,0.7422388792037964
YBR088C,YGL029W,0,2.588571,0.11586173623800278,0.8658865690231323,0.7423399686813354
YHR104W,YOR077W,0,2.588426,0.11584778130054474,0.8658865690231323,0.7424411177635193
YDR202C,YGR068C,0,2.5882964,0.1158338338136673,0.8658865690231323,0.7425422072410583
YER183C,YGR256W,0,2.588089,0.11581988632678986,0.8658865690231323,0.7426433563232422
YLR035C,YNL265C,0,2.5877037,0.11580594629049301,0.8658865690231323,0.7427444458007812
YLR064W,YHL033C,0,2.587582,0.11579200625419617,0.8658865690231323,0.7428455948829651
YBL040C,YDR339C,0,2.5867448,0.11577807366847992,0.8658865690231323,0.7429466843605042
YKL152C,YER170W,0,2.5867224,0.11576414108276367,0.8658865690231323,0.743047833442688
YGR275W,YHR203C,0,2.586636,0.11575020849704742,0.8658865690231323,0.7431489825248718
YKR022C,YGR087C,0,2.5864592,0.11573628336191177,0.8658865690231323,0.7432500720024109
YML123C,YJL113W,0,2.5863647,0.11572236567735672,0.8658865690231323,0.7433512210845947
YOR007C,YBL027W,0,2.5856962,0.11570844054222107,0.8658865690231323,0.7434523105621338
YFL036W,YBR010W,1,2.585456,0.11581479012966156,0.8667866587638855,0.7434523105621338
YKL112W,YLR089C,0,2.585444,0.11580086499452591,0.8667866587638855,0.7435534596443176
YLR408C,YKL208W,0,2.5850694,0.11578693985939026,0.8667866587638855,0.7436545491218567
YLR274W,YGL022W,0,2.5850315,0.1157730221748352,0.8667866587638855,0.7437556982040405
YGL001C,YER122C,0,2.5848198,0.11575910449028015,0.8667866587638855,0.7438567876815796
YDR027C,YMR231W,0,2.584611,0.1157451942563057,0.8667866587638855,0.7439579367637634
YFL031W,YML007W,1,2.584249,0.11585146188735962,0.8676867485046387,0.7439579367637634
YJL184W,YBR221C,0,2.5840068,0.11583753675222397,0.8676867485046387,0.7440590262413025
YLR410W,YFR009W,0,2.58369,0.11582361906766891,0.8676867485046387,0.7441601753234863
YBR021W,YHR042W,0,2.5828652,0.11580970883369446,0.8676867485046387,0.7442613244056702
YGR287C,YNL336W,0,2.5828304,0.11579579859972,0.8676867485046387,0.7443624138832092
YLL023C,YNL265C,0,2.582581,0.11578188836574554,0.8676867485046387,0.7444635629653931
YPR029C,YGL077C,0,2.582263,0.11576798558235168,0.8676867485046387,0.7445646524429321
YJL116C,YJR113C,0,2.5821366,0.11575408279895782,0.8676867485046387,0.744665801525116
YGR227W,YFL018C,0,2.5816984,0.11574018746614456,0.8676867485046387,0.744766891002655
YPR029C,YNR069C,0,2.5812306,0.1157262921333313,0.8676867485046387,0.7448680400848389
YDR099W,YOR133W,0,2.581174,0.11571239680051804,0.8676867485046387,0.7449691295623779
YLR393W,YEL055C,0,2.5810504,0.11569850891828537,0.8676867485046387,0.7450702786445618
YOR007C,YBL100W-A,0,2.5809937,0.1156846284866333,0.8676867485046387,0.7451714277267456
YKL046C,YIR003W,0,2.5808613,0.11567074805498123,0.8676867485046387,0.7452725172042847
YDL232W,YKR029C,0,2.5807586,0.11565686762332916,0.8676867485046387,0.7453736662864685
YDR085C,YGL150C,0,2.5807223,0.11564299464225769,0.8676867485046387,0.7454747557640076
YBR136W,YGL032C,0,2.580657,0.11562912166118622,0.8676867485046387,0.7455759048461914
YCR088W,YLL010C,0,2.5803757,0.11561525613069534,0.8676867485046387,0.7456769943237305
YOR298C-A,YKR087C,0,2.5803328,0.11560139060020447,0.8676867485046387,0.7457781434059143
YBR179C,YBR227C,0,2.580143,0.11558753252029419,0.8676867485046387,0.7458792328834534
YHR178W,YCR003W,0,2.580083,0.11557367444038391,0.8676867485046387,0.7459803819656372
YGR172C,YPL015C,0,2.5799966,0.11555981636047363,0.8676867485046387,0.746081531047821
YNL300W,YPR033C,0,2.5796456,0.11554596573114395,0.8676867485046387,0.7461826205253601
YHL002W,YDL079C,0,2.5794926,0.11553212255239487,0.8676867485046387,0.746283769607544
YBL005W-A,YGR261C,0,2.5792222,0.11551827192306519,0.8676867485046387,0.746384859085083
YBR171W,YGL187C,0,2.579205,0.1155044361948967,0.8676867485046387,0.7464860081672668
YLR405W,YKR001C,0,2.5789676,0.11549059301614761,0.8676867485046387,0.7465870976448059
YOR115C,YOR362C,0,2.5788815,0.11547675728797913,0.8676867485046387,0.7466882467269897
YNL323W,YLR089C,0,2.5788815,0.11546292901039124,0.8676867485046387,0.7467893362045288
YGR163W,YOR122C,0,2.5787315,0.11544910073280334,0.8676867485046387,0.7468904852867126
YGR152C,YIL016W,0,2.578692,0.11543527990579605,0.8676867485046387,0.7469916343688965
YPR145W,YJR047C,0,2.5783515,0.11542145907878876,0.8676867485046387,0.7470927238464355
YDR202C,YML001W,0,2.5780482,0.11540763825178146,0.8676867485046387,0.7471938729286194
YPR183W,YPL230W,0,2.5777597,0.11539382487535477,0.8676867485046387,0.7472949624061584
YLR307W,YKL139W,0,2.577333,0.11538001149892807,0.8676867485046387,0.7473961114883423
YDR143C,YPR185W,0,2.5765448,0.11536620557308197,0.8676867485046387,0.7474972009658813
YKL049C,YKL084W,0,2.5762691,0.11535239964723587,0.8676867485046387,0.7475983500480652
YKL125W,YOR125C,0,2.575882,0.11533860117197037,0.8676867485046387,0.7476994395256042
YPL164C,YBL016W,0,2.5758438,0.11532480269670486,0.8676867485046387,0.7478005886077881
YDL002C,YEL046C,0,2.5756164,0.11531100422143936,0.8676867485046387,0.7479017376899719
YDR541C,YOR231W,0,2.5749998,0.11529721319675446,0.8676867485046387,0.748002827167511
YKL213C,YDR316W,0,2.5747883,0.11528342217206955,0.8676867485046387,0.7481039762496948
YBR070C,YJR044C,0,2.5747333,0.11526963859796524,0.8676867485046387,0.7482050657272339
YDR385W,YDR267C,0,2.574244,0.11525585502386093,0.8676867485046387,0.7483062148094177
YOR371C,YGR284C,0,2.574214,0.11524207890033722,0.8676867485046387,0.7484073042869568
YML130C,YPL003W,0,2.5741334,0.11522830277681351,0.8676867485046387,0.7485084533691406
YDR214W,YKR022C,0,2.5740795,0.11521453410387039,0.8676867485046387,0.7486095428466797
YGL134W,YLR399C,0,2.5737338,0.11520076543092728,0.8676867485046387,0.7487106919288635
YPR020W,YMR121C,0,2.5736656,0.11518699675798416,0.8676867485046387,0.7488117814064026
YMR189W,YOR153W,0,2.5736017,0.11517323553562164,0.8676867485046387,0.7489129304885864
YGR108W,YHR191C,0,2.5735993,0.11515948176383972,0.8676867485046387,0.7490140795707703
YLR225C,YKR086W,0,2.5726295,0.1151457205414772,0.8676867485046387,0.7491151690483093
YOR298C-A,YAL042W,0,2.5725565,0.11513197422027588,0.8676867485046387,0.7492163181304932
YLL023C,YGL150C,0,2.5724225,0.11511822044849396,0.8676867485046387,0.7493174076080322
YER111C,YDR334W,1,2.572269,0.11522387713193893,0.8685868382453918,0.7493174076080322
YER078C,YGR128C,0,2.5719848,0.11521012336015701,0.8685868382453918,0.7494185566902161
YGL201C,YOR205C,0,2.571404,0.11519636958837509,0.8685868382453918,0.7495196461677551
YBR073W,YBR253W,0,2.5710952,0.11518262326717377,0.8685868382453918,0.749620795249939
YDR006C,YMR113W,0,2.5708709,0.11516887694597244,0.8685868382453918,0.749721884727478
YBR077C,YER048C,0,2.5705352,0.11515513062477112,0.8685868382453918,0.7498230338096619
YBL054W,YDR110W,1,2.570229,0.11526070535182953,0.869486927986145,0.7498230338096619
YKL113C,YNL005C,0,2.5700397,0.1152469590306282,0.869486927986145,0.7499241828918457
YOL091W,YNL326C,0,2.5694242,0.11523321270942688,0.869486927986145,0.7500252723693848
YMR079W,YBR179C,0,2.5692773,0.11521946638822556,0.869486927986145,0.7501264214515686
YPL246C,YKL148C,0,2.5692306,0.11520572751760483,0.869486927986145,0.7502275109291077
YHL007C,YOR208W,0,2.5690725,0.1151919886469841,0.869486927986145,0.7503286600112915
YOL001W,YEL047C,0,2.5690265,0.11517824977636337,0.869486927986145,0.7504297494888306
YNR054C,YPR112C,0,2.5689707,0.11516451835632324,0.869486927986145,0.7505308985710144
YBR203W,YOR245C,0,2.5683813,0.11515079438686371,0.869486927986145,0.7506319880485535
YPL032C,YPL029W,0,2.5682971,0.11513707041740417,0.869486927986145,0.7507331371307373
YMR214W,YJL137C,0,2.5682902,0.11512334644794464,0.869486927986145,0.7508342862129211
YGL017W,YOR321W,0,2.5679905,0.1151096299290657,0.869486927986145,0.7509353756904602
YMR052W,YOR295W,0,2.5675883,0.11509591341018677,0.869486927986145,0.751036524772644
YGL234W,YDL147W,0,2.5671241,0.11508220434188843,0.869486927986145,0.7511376142501831
YLR310C,YGL038C,0,2.567038,0.11506849527359009,0.869486927986145,0.7512387633323669
YMR116C,YEL046C,0,2.5669212,0.11505478620529175,0.869486927986145,0.751339852809906
YPR025C,YML111W,0,2.566793,0.115041084587574,0.869486927986145,0.7514410018920898
YNL037C,YER058W,0,2.5665097,0.11502739042043686,0.869486927986145,0.7515420913696289
YGR198W,YPL079W,0,2.5663595,0.11501368880271912,0.869486927986145,0.7516432404518127
YCR088W,YPR165W,0,2.566265,0.11500000208616257,0.869486927986145,0.7517443895339966
YER042W,YCL020W,0,2.5660539,0.11498630791902542,0.869486927986145,0.7518454790115356
YGR247W,YNL099C,0,2.5660467,0.11497262865304947,0.869486927986145,0.7519466280937195
YFR042W,YJL042W,0,2.5660183,0.11495894193649292,0.869486927986145,0.7520477175712585
YOL068C,YPL228W,0,2.5660079,0.11494526267051697,0.869486927986145,0.7521488666534424
YOL077W-A,YPL012W,0,2.5659895,0.11493159085512161,0.869486927986145,0.7522499561309814
YDR488C,YLR155C,0,2.565967,0.11491791903972626,0.869486927986145,0.7523511052131653
YIL041W,YNL169C,0,2.5659184,0.1149042472243309,0.869486927986145,0.7524521946907043
YBR070C,YLR449W,0,2.5658736,0.11489058285951614,0.869486927986145,0.7525533437728882
YDL126C,YOR005C,0,2.5657973,0.11487691849470139,0.869486927986145,0.752654492855072
YLR410W,YNL197C,0,2.565092,0.11486326158046722,0.869486927986145,0.7527555823326111
YDR084C,YNL005C,0,2.565063,0.11484960466623306,0.869486927986145,0.7528567314147949
YBL005W-A,YGL245W,0,2.5644526,0.1148359477519989,0.869486927986145,0.752957820892334
YDR017C,YMR134W,0,2.5642447,0.11482229828834534,0.869486927986145,0.7530589699745178
YDR311W,YBL005W-A,0,2.5639496,0.11480864882469177,0.869486927986145,0.7531600594520569
YGR186W,YOL039W,0,2.5639377,0.1147950068116188,0.869486927986145,0.7532612085342407
YLR116W,YOL041C,0,2.563914,0.11478137224912643,0.869486927986145,0.7533622980117798
YER003C,YOR231W,0,2.5638232,0.11476773023605347,0.869486927986145,0.7534634470939636
YML113W,YAL019W,1,2.5636077,0.11487288773059845,0.8703870177268982,0.7534634470939636
YOR339C,YOR360C,0,2.5628815,0.11485924571752548,0.8703870177268982,0.7535645961761475
YHL007C,YIL110W,0,2.5628371,0.11484560370445251,0.8703870177268982,0.7536656856536865
YDR382W,YOR003W,0,2.5623822,0.11483196914196014,0.8703870177268982,0.7537668347358704
YNL148C,YPL158C,0,2.5617938,0.11481833457946777,0.8703870177268982,0.7538679242134094
YKL209C,YNL272C,0,2.5616302,0.1148047000169754,0.8703870177268982,0.7539690732955933
YJL113W,YPL228W,0,2.5612345,0.11479107290506363,0.8703870177268982,0.7540701627731323
YDR324C,YOR344C,0,2.5610237,0.11477744579315186,0.8703870177268982,0.7541713118553162
YKR029C,YML058W,0,2.5604625,0.11476382613182068,0.8703870177268982,0.7542724013328552
YNL007C,YAR007C,1,2.5600061,0.11486887186765671,0.8712871074676514,0.7542724013328552
YDR210W,YKL092C,0,2.5599651,0.11485524475574493,0.8712871074676514,0.7543735504150391
YPR029C,YPL003W,0,2.5597715,0.11484161764383316,0.8712871074676514,0.7544746398925781
YNL323W,YML022W,0,2.559645,0.11482799798250198,0.8712871074676514,0.754575788974762
YPL124W,YBR204C,0,2.559291,0.1148143783211708,0.8712871074676514,0.7546769380569458
YKL216W,YDL147W,0,2.5592518,0.11480075865983963,0.8712871074676514,0.7547780275344849
YOR173W,YML008C,0,2.559198,0.11478714644908905,0.8712871074676514,0.7548791766166687
YER058W,YDR484W,0,2.5591166,0.11477353423833847,0.8712871074676514,0.7549802660942078
YDR397C,YGL105W,1,2.5589387,0.11487848311662674,0.8721871972084045,0.7549802660942078
YDR293C,YMR271C,0,2.5585642,0.11486486345529556,0.8721871972084045,0.7550814151763916
YDR142C,YBL027W,0,2.5582044,0.11485125124454498,0.8721871972084045,0.7551825046539307
YKL184W,YPR124W,0,2.5582032,0.1148376390337944,0.8721871972084045,0.7552836537361145
YPR061C,YPL249C,0,2.5581193,0.11482403427362442,0.8721871972084045,0.7553847432136536
YKL163W,YGL130W,0,2.558104,0.11481042951345444,0.8721871972084045,0.7554858922958374
YGR049W,YOL016C,0,2.5576272,0.11479682475328445,0.8721871972084045,0.7555870413780212
YJL207C,YGL245W,0,2.557547,0.11478322744369507,0.8721871972084045,0.7556881308555603
YGL079W,YPR009W,0,2.5572429,0.11476963013410568,0.8721871972084045,0.7557892799377441
YDL193W,YBR265W,0,2.5572176,0.1147560402750969,0.8721871972084045,0.7558903694152832
YIL031W,YNL270C,0,2.555708,0.1147424504160881,0.8721871972084045,0.755991518497467
YBR236C,YML046W,0,2.5555453,0.11472886800765991,0.8721871972084045,0.7560926079750061
YFR044C,YGR092W,0,2.5555158,0.11471528559923172,0.8721871972084045,0.7561937570571899
YGL029W,YHR042W,0,2.5555005,0.11470170319080353,0.8721871972084045,0.756294846534729
YER019W,YDR354W,0,2.5553102,0.11468812823295593,0.8721871972084045,0.7563959956169128
YDL207W,YNL224C,0,2.5551133,0.11467455327510834,0.8721871972084045,0.7564971446990967
YJR137C,YGR261C,0,2.5548463,0.11466098576784134,0.8721871972084045,0.7565982341766357
YKL046C,YLR205C,0,2.5548148,0.11464741826057434,0.8721871972084045,0.7566993832588196
YMR266W,YDL004W,0,2.5543866,0.11463385820388794,0.8721871972084045,0.7568004727363586
YDR225W,YLR378C,0,2.554369,0.11462029814720154,0.8721871972084045,0.7569016218185425
YOR298C-A,YLR229C,0,2.554359,0.11460673809051514,0.8721871972084045,0.7570027112960815
YOR354C,YGR068C,0,2.5543575,0.11459318548440933,0.8721871972084045,0.7571038603782654
YPL249C-A,YLR405W,0,2.5540867,0.11457964032888412,0.8721871972084045,0.7572049498558044
YOL075C,YNL220W,0,2.5539722,0.11456608772277832,0.8721871972084045,0.7573060989379883
YML064C,YML093W,0,2.553658,0.11455255001783371,0.8721871972084045,0.7574072480201721
YNL072W,YMR014W,0,2.5536118,0.1145390048623085,0.8721871972084045,0.7575083374977112
YBL050W,YHR143W-A,0,2.5535665,0.11452546715736389,0.8721871972084045,0.757609486579895
YER166W,YDL161W,0,2.5535135,0.11451193690299988,0.8721871972084045,0.7577105760574341
YER169W,YJR027W,1,2.5535116,0.11461656540632248,0.8730872869491577,0.7577105760574341
YER111C,YJL173C,1,2.5534005,0.11472117155790329,0.8739873766899109,0.7577105760574341
YMR044W,YPL265W,0,2.5533643,0.11470761895179749,0.8739873766899109,0.7578117251396179
YGR074W,YOL130W,0,2.5531225,0.11469407379627228,0.8739873766899109,0.757912814617157
YDR506C,YNR051C,0,2.5530443,0.11468052119016647,0.8739873766899109,0.7580139636993408
YBR039W,YLR355C,0,2.5526059,0.11466698348522186,0.8739873766899109,0.7581150531768799
YBR298C,YBR229C,0,2.5524993,0.11465343832969666,0.8739873766899109,0.7582162022590637
YPL236C,YLR095C,0,2.5520291,0.11463990807533264,0.8739873766899109,0.7583173513412476
YOR196C,YIL050W,0,2.551878,0.11462637037038803,0.8739873766899109,0.7584184408187866
YML066C,YJL154C,0,2.5518532,0.11461284011602402,0.8739873766899109,0.7585195899009705
YDR119W,YJR067C,0,2.5516772,0.1145993173122406,0.8739873766899109,0.7586206793785095
YPR183W,YBR110W,0,2.5514112,0.11458579450845718,0.8739873766899109,0.7587218284606934
YPL020C,YCR023C,0,2.5506282,0.11457227170467377,0.8739873766899109,0.7588229179382324
YGL038C,YAL047C,0,2.5501065,0.11455875635147095,0.8739873766899109,0.7589240670204163
YNL154C,YFR004W,0,2.5499303,0.11454524099826813,0.8739873766899109,0.7590251564979553
YJL210W,YDR085C,0,2.5498996,0.11453172564506531,0.8739873766899109,0.7591263055801392
YGL207W,YML007W,0,2.5496078,0.11451822519302368,0.8739873766899109,0.7592273950576782
YHR187W,YLR398C,0,2.549501,0.11450471729040146,0.8739873766899109,0.7593285441398621
YMR116C,YAL047C,0,2.549466,0.11449121683835983,0.8739873766899109,0.7594296932220459
YBR221C,YOR010C,0,2.5492291,0.1144777163863182,0.8739873766899109,0.759530782699585
YKR013W,YHL002W,0,2.54911,0.11446422338485718,0.8739873766899109,0.7596319317817688
YJL051W,YLR388W,0,2.549099,0.11445073038339615,0.8739873766899109,0.7597330212593079
YPR104C,YKL120W,0,2.5490484,0.11443724483251572,0.8739873766899109,0.7598341703414917
YDR155C,YML022W,0,2.5490246,0.11442375928163528,0.8739873766899109,0.7599352598190308
YOR007C,YMR121C,0,2.5489063,0.11441027373075485,0.8739873766899109,0.7600364089012146
YPL236C,YDL126C,0,2.548738,0.11439679563045502,0.8739873766899109,0.7601374983787537
YDR143C,YBL105C,0,2.54834,0.11438331753015518,0.8739873766899109,0.7602386474609375
YDR142C,YGL156W,0,2.5483336,0.11436984688043594,0.8739873766899109,0.7603397965431213
YBL040C,YGR033C,0,2.5482006,0.1143563762307167,0.8739873766899109,0.7604408860206604
YNL083W,YDL236W,0,2.5479426,0.11434291303157806,0.8739873766899109,0.7605420351028442
YJL207C,YGL207W,0,2.5476575,0.11432944983243942,0.8739873766899109,0.7606431245803833
YBR229C,YGR132C,0,2.5476298,0.11431598663330078,0.8739873766899109,0.7607442736625671
YNL152W,YDR316W,0,2.5473108,0.11430253088474274,0.8739873766899109,0.7608453631401062
YDR538W,YOR303W,0,2.5471,0.11428907513618469,0.8739873766899109,0.76094651222229
YPL047W,YCL040W,0,2.5466976,0.11427562683820724,0.8739873766899109,0.7610476016998291
YER088C,YDR207C,1,2.5462508,0.11437985301017761,0.8748874664306641,0.7610476016998291
YDR541C,YER001W,0,2.545668,0.11436639726161957,0.8748874664306641,0.7611487507820129
YLR408C,YPR004C,0,2.5455332,0.11435294151306152,0.8748874664306641,0.7612498998641968
YEL034W,YNL336W,0,2.5454106,0.11433948576450348,0.8748874664306641,0.7613509893417358
YGL001C,YGL234W,0,2.5448651,0.11432603746652603,0.8748874664306641,0.7614521384239197
YER001W,YGL187C,0,2.5447075,0.11431259661912918,0.8748874664306641,0.7615532279014587
YLR166C,YBR004C,0,2.5445864,0.11429915577173233,0.8748874664306641,0.7616543769836426
YDR099W,YER160C,1,2.5440238,0.11440329253673553,0.8757875561714172,0.7616543769836426
YOR115C,YNL134C,0,2.54352,0.11438984423875809,0.8757875561714172,0.7617554664611816
YJR161C,YLR229C,0,2.5435114,0.11437639594078064,0.8757875561714172,0.7618566155433655
YDR408C,YML025C,0,2.543385,0.11436295509338379,0.8757875561714172,0.7619577050209045
YML078W,YML038C,0,2.5432997,0.11434951424598694,0.8757875561714172,0.7620588541030884
YKL049C,YHR026W,0,2.5432832,0.11433607339859009,0.8757875561714172,0.7621600031852722
YML064C,YLR089C,0,2.543241,0.11432264000177383,0.8757875561714172,0.7622610926628113
YHR183W,YPL128C,0,2.5431757,0.11430921405553818,0.8757875561714172,0.7623622417449951
YLR406C,YPR066W,0,2.5431104,0.11429578065872192,0.8757875561714172,0.7624633312225342
YJL210W,YMR029C,0,2.5431046,0.11428236216306686,0.8757875561714172,0.762564480304718
YER172C,YIR008C,0,2.5429149,0.11426893621683121,0.8757875561714172,0.7626655697822571
YLR071C,YGR198W,0,2.5422478,0.11425551772117615,0.8757875561714172,0.7627667188644409
YMR164C,YGR065C,0,2.5422387,0.11424210667610168,0.8757875561714172,0.76286780834198
YDL159W,YCR071C,0,2.5421474,0.11422869563102722,0.8757875561714172,0.7629689574241638
YFL022C,YKR024C,0,2.5416036,0.11421528458595276,0.8757875561714172,0.7630701065063477
YNL090W,YPL045W,0,2.54152,0.11420188099145889,0.8757875561714172,0.7631711959838867
YGR186W,YFR004W,0,2.5412126,0.11418847739696503,0.8757875561714172,0.7632723450660706
YLR116W,YER157W,0,2.5411777,0.11417507380247116,0.8757875561714172,0.7633734345436096
YAR003W,YKL208W,0,2.541101,0.11416167765855789,0.8757875561714172,0.7634745836257935
YGL023C,YCR079W,0,2.5410404,0.11414828896522522,0.8757875561714172,0.7635756731033325
YJL115W,YKL092C,0,2.5408926,0.11413490027189255,0.8757875561714172,0.7636768221855164
YDR237W,YDR123C,0,2.5407214,0.11412151157855988,0.8757875561714172,0.7637779116630554
YOR130C,YOR133W,0,2.5404925,0.1141081303358078,0.8757875561714172,0.7638790607452393
YGL255W,YGR249W,0,2.5402217,0.11409474909305573,0.8757875561714172,0.7639801502227783
YOR258W,YLR035C,1,2.5400658,0.11419861763715744,0.8766876459121704,0.7639801502227783
YNL072W,YDR322C-A,0,2.5400267,0.11418522894382477,0.8766876459121704,0.7640812993049622
YML029W,YPR140W,0,2.5382776,0.1141718402504921,0.8766876459121704,0.764182448387146
YDL049C,YKR024C,0,2.537779,0.11415845900774002,0.8766876459121704,0.7642835378646851
YIL049W,YLR229C,0,2.537778,0.11414508521556854,0.8766876459121704,0.7643846869468689
YKR092C,YOR284W,0,2.5372446,0.11413171142339706,0.8766876459121704,0.764485776424408
YJL010C,YKL137W,0,2.5370145,0.11411833763122559,0.8766876459121704,0.7645869255065918
YBL046W,YNL099C,0,2.5366616,0.11410496383905411,0.8766876459121704,0.7646880149841309
YPL047W,YGR192C,0,2.536488,0.11409160494804382,0.8766876459121704,0.7647891640663147
YLR388W,YLR410W,0,2.5364633,0.11407823860645294,0.8766876459121704,0.7648902535438538
YLR406C,YML010W,0,2.5362105,0.11406487971544266,0.8766876459121704,0.7649914026260376
YDR073W,YLR393W,0,2.5361643,0.11405152082443237,0.8766876459121704,0.7650925517082214
YGL035C,YPL015C,1,2.5356479,0.11415524780750275,0.8775877356529236,0.7650925517082214
YDL103C,YIL158W,0,2.5355463,0.11414188891649246,0.8775877356529236,0.7651936411857605
YGR023W,YDR316W,0,2.535472,0.11412852257490158,0.8775877356529236,0.7652947902679443
YDR214W,YGR203W,0,2.5354443,0.1141151711344719,0.8775877356529236,0.7653958797454834
YLR071C,YMR236W,0,2.5351863,0.11410181224346161,0.8775877356529236,0.7654970288276672
YBR068C,YNL152W,0,2.535179,0.11408846080303192,0.8775877356529236,0.7655981183052063
YIR007W,YCR027C,0,2.5351188,0.11407511681318283,0.8775877356529236,0.7656992673873901
YPR079W,YPR140W,0,2.5351124,0.11406176537275314,0.8775877356529236,0.7658003568649292
YDL002C,YML008C,0,2.5350952,0.11404842883348465,0.8775877356529236,0.765901505947113
YJL116C,YAL032C,0,2.5349934,0.11403508484363556,0.8775877356529236,0.7660026550292969
YMR047C,YKR018C,0,2.5349374,0.11402174830436707,0.8775877356529236,0.7661037445068359
YDR522C,YGR172C,0,2.5348134,0.11400841921567917,0.8775877356529236,0.7662048935890198
YMR266W,YKR042W,0,2.5347996,0.11399509012699127,0.8775877356529236,0.7663059830665588
YDL194W,YOL058W,0,2.534401,0.11398176103830338,0.8775877356529236,0.7664071321487427
YIL162W,YOR003W,0,2.5337129,0.11396843940019608,0.8775877356529236,0.7665082216262817
YGL017W,YGL153W,0,2.5336819,0.11395511776208878,0.8775877356529236,0.7666093707084656
YLR369W,YGL245W,0,2.5334044,0.11394180357456207,0.8775877356529236,0.7667104601860046
YPL072W,YHR045W,0,2.5333927,0.11392848938703537,0.8775877356529236,0.7668116092681885
YPL236C,YPL170W,0,2.5333433,0.11391517519950867,0.8775877356529236,0.7669127583503723
YKL096W,YHR123W,0,2.53334,0.11390186846256256,0.8775877356529236,0.7670138478279114
YKL025C,YEL071W,0,2.5333161,0.11388856172561646,0.8775877356529236,0.7671149969100952
YGL038C,YMR068W,0,2.5332909,0.11387526243925095,0.8775877356529236,0.7672160863876343
YKL213C,YDR186C,0,2.5332174,0.11386196315288544,0.8775877356529236,0.7673172354698181
YJL051W,YHR183W,0,2.5325713,0.11384867131710052,0.8775877356529236,0.7674183249473572
YLR166C,YOL088C,0,2.5325246,0.11383537948131561,0.8775877356529236,0.767519474029541
YDR006C,YFL062W,0,2.5323668,0.1138220876455307,0.8775877356529236,0.7676205635070801
YBR103W,YGL201C,0,2.5322134,0.11380880326032639,0.8775877356529236,0.7677217125892639
YHR094C,YJL184W,0,2.5320015,0.11379551887512207,0.8775877356529236,0.7678228616714478
YAR014C,YOL060C,0,2.5319276,0.11378224194049835,0.8775877356529236,0.7679239511489868
YBR161W,YLR341W,0,2.5316653,0.11376896500587463,0.8775877356529236,0.7680251002311707
YML110C,YGR206W,0,2.5314221,0.11375568807125092,0.8775877356529236,0.7681261897087097
YDL049C,YGR249W,0,2.530633,0.1137424185872078,0.8775877356529236,0.7682273387908936
YGL023C,YLR388W,0,2.5304499,0.11372914910316467,0.8775877356529236,0.7683284282684326
YKL046C,YHR042W,0,2.5303643,0.11371588706970215,0.8775877356529236,0.7684295773506165
YCL020W,YDL165W,0,2.5301063,0.11370262503623962,0.8775877356529236,0.7685306668281555
YGR240C,YLL032C,0,2.5299509,0.1136893630027771,0.8775877356529236,0.7686318159103394
YLR225C,YNL003C,0,2.5295372,0.11367610841989517,0.8775877356529236,0.7687329649925232
YCR102C,YLR274W,0,2.5288,0.11366286128759384,0.8775877356529236,0.7688340544700623
YGR183C,YDR264C,0,2.5286884,0.11364960670471191,0.8775877356529236,0.7689352035522461
YIR035C,YDR208W,0,2.528223,0.11363636702299118,0.8775877356529236,0.7690362930297852
YHR200W,YGR256W,0,2.5279775,0.11362311989068985,0.8775877356529236,0.769137442111969
YIL082W-A,YNL134C,0,2.52742,0.11360988020896912,0.8775877356529236,0.7692385315895081
YGR023W,YEL047C,0,2.5266056,0.11359664797782898,0.8775877356529236,0.7693396806716919
YOR362C,YMR161W,0,2.5263247,0.11358340829610825,0.8775877356529236,0.769440770149231
YLR084C,YCR071C,0,2.526319,0.1135701835155487,0.8775877356529236,0.7695419192314148
YBR084C-A,YLR410W,0,2.5260375,0.11355695128440857,0.8775877356529236,0.7696430087089539
YBR126C,YJR152W,0,2.5259175,0.11354372650384903,0.8775877356529236,0.7697441577911377
YHR104W,YNL224C,0,2.525608,0.11353050917387009,0.8775877356529236,0.7698453068733215
YGR209C,YDL092W,0,2.525141,0.11351729184389114,0.8775877356529236,0.7699463963508606
YOR293W,YJR137C,0,2.5245852,0.1135040745139122,0.8775877356529236,0.7700475454330444
YKL107W,YJL184W,0,2.524521,0.11349086463451385,0.8775877356529236,0.7701486349105835
YBL018C,YJR044C,0,2.5241718,0.11347765475511551,0.8775877356529236,0.7702497839927673
YKL025C,YDR541C,0,2.5240417,0.11346444487571716,0.8775877356529236,0.7703508734703064
YLR297W,YDL103C,0,2.5239267,0.11345124244689941,0.8775877356529236,0.7704520225524902
YDL168W,YKL012W,0,2.523779,0.11343804746866226,0.8775877356529236,0.7705531120300293
YOR293W,YJL203W,0,2.5237546,0.11342485249042511,0.8775877356529236,0.7706542611122131
YIL091C,YDR194C,0,2.523481,0.11341165751218796,0.8775877356529236,0.770755410194397
YCR067C,YNL030W,0,2.5234356,0.1133984625339508,0.8775877356529236,0.770856499671936
YDR084C,YHR084W,0,2.5233057,0.11338527500629425,0.8775877356529236,0.7709576487541199
YMR052W,YOR245C,0,2.5224352,0.11337209492921829,0.8775877356529236,0.7710587382316589
YML123C,YHR203C,0,2.522294,0.11335891485214233,0.8775877356529236,0.7711598873138428
YKR098C,YNL106C,0,2.522058,0.11334573477506638,0.8775877356529236,0.7712609767913818
YNL068C,YLR304C,1,2.522019,0.11344879865646362,0.8784878253936768,0.7712609767913818
YKR060W,YNL035C,0,2.5219984,0.11343561112880707,0.8784878253936768,0.7713621258735657
YDR408C,YGL008C,0,2.5219593,0.11342243105173111,0.8784878253936768,0.7714632153511047
YCL040W,YIR028W,0,2.5219254,0.11340925097465515,0.8784878253936768,0.7715643644332886
YLR166C,YNR032W,0,2.52184,0.1133960708975792,0.8784878253936768,0.7716655135154724
YJR159W,YDR141C,0,2.5217729,0.11338289827108383,0.8784878253936768,0.7717666029930115
YDL168W,YAL055W,0,2.521727,0.11336972564458847,0.8784878253936768,0.7718677520751953
YPL217C,YNL005C,0,2.5217135,0.1133565604686737,0.8784878253936768,0.7719688415527344
YFL022C,YDL147W,0,2.5216684,0.11334339529275894,0.8784878253936768,0.7720699906349182
YKL008C,YBL067C,0,2.5213528,0.11333023756742477,0.8784878253936768,0.7721710801124573
YDR017C,YPR121W,0,2.5213351,0.1133170798420906,0.8784878253936768,0.7722722291946411
YMR197C,YGL047W,0,2.5211873,0.11330392211675644,0.8784878253936768,0.7723733186721802
YGR271C-A,YMR268C,0,2.5208645,0.11329077184200287,0.8784878253936768,0.772474467754364
YGR240C,YFR004W,0,2.5201945,0.1132776215672493,0.8784878253936768,0.7725756168365479
YNL315C,YGR038W,0,2.5197163,0.11326447874307632,0.8784878253936768,0.7726767063140869
YDR210W,YPL066W,0,2.5191236,0.11325133591890335,0.8784878253936768,0.7727778553962708
YDR488C,YDR477W,0,2.518994,0.11323819309473038,0.8784878253936768,0.7728789448738098
YPL009C,YKR067W,0,2.5189545,0.113225057721138,0.8784878253936768,0.7729800939559937
YLR242C,YBR227C,0,2.5185761,0.11321192234754562,0.8784878253936768,0.7730811834335327
YNL072W,YNL209W,0,2.518114,0.11319879442453384,0.8784878253936768,0.7731823325157166
YHR121W,YGL181W,0,2.5179539,0.11318566650152206,0.8784878253936768,0.7732834219932556
YPR018W,YML001W,0,2.5175152,0.11317253857851028,0.8784878253936768,0.7733845710754395
YOR064C,YJR144W,0,2.5166373,0.1131594181060791,0.8784878253936768,0.7734857201576233
YLR084C,YNL169C,0,2.5160244,0.11314630508422852,0.8784878253936768,0.7735868096351624
YMR021C,YIL044C,0,2.515234,0.11313318461179733,0.8784878253936768,0.7736879587173462
YNL088W,YGR067C,1,2.515054,0.1132359728217125,0.8793879151344299,0.7736879587173462
YKL112W,YPL012W,0,2.5149963,0.11322285234928131,0.8793879151344299,0.7737890481948853
YNR023W,YER170W,0,2.5148206,0.11320973187685013,0.8793879151344299,0.7738901972770691
YOR035C,YOL077W-A,0,2.5148187,0.11319661885499954,0.8793879151344299,0.7739912867546082
YKR013W,YEL060C,0,2.5146925,0.11318350583314896,0.8793879151344299,0.774092435836792
YER144C,YGL207W,0,2.514615,0.11317039281129837,0.8793879151344299,0.774193525314331
YOR115C,YNR051C,0,2.5144315,0.11315728724002838,0.8793879151344299,0.7742946743965149
YJR044C,YBR008C,0,2.5144033,0.11314418166875839,0.8793879151344299,0.774395763874054
YMR214W,YDR084C,0,2.5142941,0.1131310760974884,0.8793879151344299,0.7744969129562378
YPR023C,YBR171W,0,2.514153,0.11311797797679901,0.8793879151344299,0.7745980620384216
YJL207C,YNL229C,0,2.5138845,0.11310488730669022,0.8793879151344299,0.7746991515159607
YJL042W,YHR098C,0,2.5137348,0.11309179663658142,0.8793879151344299,0.7748003005981445
YBL016W,YDR119W,0,2.5137048,0.11307870596647263,0.8793879151344299,0.7749013900756836
YKL125W,YOR017W,0,2.5133076,0.11306561529636383,0.8793879151344299,0.7750025391578674
YHR018C,YMR305C,0,2.5132122,0.11305253207683563,0.8793879151344299,0.7751036286354065
YJL092W,YJL074C,1,2.5132036,0.11315515637397766,0.8802880048751831,0.7751036286354065
YPR107C,YBR106W,0,2.512496,0.11314206570386887,0.8802880048751831,0.7752047777175903
YOR022C,YMR067C,0,2.512433,0.11312897503376007,0.8802880048751831,0.7753058671951294
YMR278W,YOR202W,0,2.5123892,0.11311589181423187,0.8802880048751831,0.7754070162773132
YCR023C,YNL058C,0,2.5123587,0.11310280859470367,0.8802880048751831,0.7755081653594971
YDR349C,YKR098C,0,2.512344,0.11308973282575607,0.8802880048751831,0.7756092548370361
YKL213C,YGL013C,0,2.5122843,0.11307665705680847,0.8802880048751831,0.77571040391922
YMR104C,YDR210W,0,2.5121698,0.11306358128786087,0.8802880048751831,0.775811493396759
YJR093C,YCR003W,0,2.512012,0.11305051296949387,0.8802880048751831,0.7759126424789429
YBL036C,YGR247W,0,2.5119083,0.11303744465112686,0.8802880048751831,0.7760137319564819
YOR344C,YPR124W,0,2.5118766,0.11302438378334045,0.8802880048751831,0.7761148810386658
YBR210W,YNL209W,0,2.5116537,0.11301132291555405,0.8802880048751831,0.7762159705162048
YPL029W,YDL161W,0,2.5114589,0.11299826949834824,0.8802880048751831,0.7763171195983887
YLR332W,YMR216C,0,2.5110466,0.11298521608114243,0.8802880048751831,0.7764182686805725
YER069W,YDL132W,0,2.5109434,0.11297216266393661,0.8802880048751831,0.7765193581581116
YML066C,YHR104W,0,2.5107703,0.1129591092467308,0.8802880048751831,0.7766205072402954
YDL168W,YLL032C,0,2.5104284,0.11294607073068619,0.8802880048751831,0.7767215967178345
YDR302W,YLR378C,0,2.5103478,0.11293302476406097,0.8802880048751831,0.7768227458000183
YDR085C,YBL071W-A,0,2.510137,0.11291998624801636,0.8802880048751831,0.7769238352775574
YOR115C,YBL101C,0,2.5094125,0.11290694773197174,0.8802880048751831,0.7770249843597412
YPR181C,YNL087W,0,2.50905,0.11289391666650772,0.8802880048751831,0.7771260738372803
YLR247C,YNL103W,1,2.5090137,0.11299630999565125,0.8811880946159363,0.7771260738372803
YBL099W,YDR302W,0,2.5088305,0.11298326402902603,0.8811880946159363,0.7772272229194641
YOR329C,YIR033W,0,2.5087047,0.11297022551298141,0.8811880946159363,0.777328372001648
YGR240C,YCR033W,0,2.5084512,0.1129571944475174,0.8811880946159363,0.777429461479187
YJL076W,YDL201W,0,2.5080976,0.11294416338205338,0.8811880946159363,0.7775306105613708
YJL123C,YMR271C,0,2.5080533,0.11293113231658936,0.8811880946159363,0.7776317000389099
YNL106C,YNR049C,0,2.5078526,0.11291810870170593,0.8811880946159363,0.7777328491210938
YDL052C,YHR019C,0,2.5077686,0.11290508508682251,0.8811880946159363,0.7778339385986328
YPL029W,YDL213C,0,2.507687,0.11289206892251968,0.8811880946159363,0.7779350876808167
YKL091C,YJL047C,0,2.5071626,0.11287905275821686,0.8811880946159363,0.7780361771583557
YBR265W,YBL003C,0,2.506964,0.11286603659391403,0.8811880946159363,0.7781373262405396
YKL046C,YPR023C,0,2.5068064,0.1128530278801918,0.8811880946159363,0.7782384753227234
YBR126C,YGL184C,0,2.5067134,0.11284001916646957,0.8811880946159363,0.7783395648002625
YCL040W,YJR088C,0,2.5065465,0.11282701045274734,0.8811880946159363,0.7784407138824463
YMR197C,YJL093C,0,2.5054836,0.11281400918960571,0.8811880946159363,0.7785418033599854
YBR179C,YNL005C,0,2.5050457,0.11280101537704468,0.8811880946159363,0.7786429524421692
YKR022C,YOL058W,0,2.5048814,0.11278802156448364,0.8811880946159363,0.7787440419197083
YGL130W,YOR344C,0,2.5048451,0.11277502775192261,0.8811880946159363,0.7788451910018921
YNL082W,YKL216W,0,2.5045152,0.11276203393936157,0.8811880946159363,0.7789462804794312
YBR258C,YOL146W,0,2.5044074,0.11274904757738113,0.8811880946159363,0.779047429561615
YHL033C,YOR122C,0,2.5043335,0.11273606866598129,0.8811880946159363,0.7791485786437988
YLR069C,YGL099W,0,2.5041704,0.11272308230400085,0.8811880946159363,0.7792496681213379
YCR024C-A,YIL129C,0,2.5040889,0.11271011084318161,0.8811880946159363,0.7793508172035217
YNL106C,YKL065C,0,2.5039992,0.11269713193178177,0.8811880946159363,0.7794519066810608
YNL134C,YPL118W,0,2.5038128,0.11268416047096252,0.8811880946159363,0.7795530557632446
YGR028W,YIL067C,0,2.503644,0.11267119646072388,0.8811880946159363,0.7796541452407837
YBR152W,YBR154C,0,2.5035672,0.11265822499990463,0.8811880946159363,0.7797552943229675
YCR073C,YPL266W,0,2.5035377,0.11264526844024658,0.8811880946159363,0.7798563838005066
YGR148C,YBL009W,0,2.5033607,0.11263230443000793,0.8811880946159363,0.7799575328826904
YJR063W,YDR397C,1,2.5033007,0.11273438483476639,0.8820881843566895,0.7799575328826904
YBR216C,YML066C,0,2.50252,0.11272141337394714,0.8820881843566895,0.7800586223602295
YPL246C,YNL224C,0,2.5024571,0.11270845681428909,0.8820881843566895,0.7801597714424133
YNL097C,YJR077C,0,2.5022416,0.11269549280405045,0.8820881843566895,0.7802609205245972
YFR042W,YER094C,0,2.5015268,0.1126825362443924,0.8820881843566895,0.7803620100021362
YPR052C,YDR291W,0,2.501193,0.11266957968473434,0.8820881843566895,0.7804631590843201
YLR222C,YOL077W-A,0,2.5011759,0.11265663057565689,0.8820881843566895,0.7805642485618591
YCR017C,YNL134C,0,2.5011473,0.11264368146657944,0.8820881843566895,0.780665397644043
YKR022C,YEL071W,0,2.4999375,0.11263073235750198,0.8820881843566895,0.780766487121582
YIR034C,YGL208W,0,2.4999294,0.11261779069900513,0.8820881843566895,0.7808676362037659
YJL091C,YHR034C,0,2.499494,0.11260484904050827,0.8820881843566895,0.7809687256813049
YCR069W,YNL329C,0,2.4993057,0.11259191483259201,0.8820881843566895,0.7810698747634888
YDL126C,YDR180W,0,2.498763,0.11257898062467575,0.8820881843566895,0.7811710238456726
YOR354C,YMR197C,0,2.4984736,0.11256604641675949,0.8820881843566895,0.7812721133232117
YAR050W,YBR057C,0,2.498145,0.11255311965942383,0.8820881843566895,0.7813732624053955
YNL169C,YML019W,0,2.498016,0.11254019290208817,0.8820881843566895,0.7814743518829346
YMR190C,YBR079C,0,2.4976792,0.1125272735953331,0.8820881843566895,0.7815755009651184
YMR236W,YPR065W,1,2.4975657,0.11262916028499603,0.8829882740974426,0.7815755009651184
YKR067W,YGR163W,0,2.4973726,0.11261623352766037,0.8829882740974426,0.7816765904426575
YML069W,YBR014C,0,2.496543,0.11260330677032471,0.8829882740974426,0.7817777395248413
YKR042W,YGR065C,0,2.4952817,0.11259038001298904,0.8829882740974426,0.7818788290023804
YBR133C,YLL028W,0,2.4952035,0.11257746070623398,0.8829882740974426,0.7819799780845642
YHR176W,YLL028W,0,2.4951024,0.11256454139947891,0.8829882740974426,0.782081127166748
YEL026W,YLR110C,0,2.494967,0.11255162954330444,0.8829882740974426,0.7821822166442871
YDR452W,YOL001W,0,2.4947805,0.11253871768712997,0.8829882740974426,0.782283365726471
YGL048C,YDL150W,0,2.4939098,0.1125258058309555,0.8829882740974426,0.78238445520401
YBR127C,YLL023C,0,2.4937086,0.11251290142536163,0.8829882740974426,0.7824856042861938
YIL067C,YER094C,0,2.4935093,0.11249999701976776,0.8829882740974426,0.7825866937637329
YOL049W,YHR032W,0,2.4933238,0.11248710006475449,0.8829882740974426,0.7826878428459167
YDR408C,YKR018C,0,2.4925885,0.11247420310974121,0.8829882740974426,0.7827889323234558
YDR006C,YIL129C,0,2.4924726,0.11246130615472794,0.8829882740974426,0.7828900814056396
YPL003W,YOR344C,0,2.4919798,0.11244841665029526,0.8829882740974426,0.7829912304878235
YPL164C,YPL066W,0,2.4918232,0.11243552714586258,0.8829882740974426,0.7830923199653625
YML069W,YOR295W,1,2.4916437,0.11253724247217178,0.8838883638381958,0.7830923199653625
YDR322C-A,YKL193C,0,2.4912755,0.1125243529677391,0.8838883638381958,0.7831934690475464
YCL019W,YLR064W,0,2.491179,0.11251145601272583,0.8838883638381958,0.7832945585250854
YER078C,YGR231C,0,2.4909952,0.11249856650829315,0.8838883638381958,0.7833957076072693
YPL075W,YOL089C,1,2.490984,0.11260022968053818,0.884788453578949,0.7833957076072693
YKR010C,YOL148C,0,2.4907737,0.1125873327255249,0.884788453578949,0.7834967970848083
YKL209C,YOR188W,0,2.4906588,0.11257443577051163,0.884788453578949,0.7835979461669922
YPR029C,YOR017W,0,2.4906292,0.11256154626607895,0.884788453578949,0.7836990356445312
YNL229C,YNL030W,0,2.4902983,0.11254865676164627,0.884788453578949,0.7838001847267151
YJR113C,YBL101C,0,2.4896028,0.11253577470779419,0.884788453578949,0.7839013338088989
YKL025C,YPL020C,0,2.4894137,0.11252289265394211,0.884788453578949,0.784002423286438
YML038C,YPL270W,0,2.4893498,0.11251001805067062,0.884788453578949,0.7841035723686218
YER118C,YPL158C,0,2.489179,0.11249713599681854,0.884788453578949,0.7842046618461609
YPL228W,YOR122C,0,2.4891603,0.11248426884412766,0.884788453578949,0.7843058109283447
YIL117C,YBR057C,0,2.4887655,0.11247139424085617,0.884788453578949,0.7844069004058838
YDL079C,YCR034W,0,2.4884062,0.11245852708816528,0.884788453578949,0.7845080494880676
YBR234C,YLR089C,0,2.488227,0.11244566738605499,0.884788453578949,0.7846091389656067
YHR072W,YIR003W,0,2.4879804,0.1124328002333641,0.884788453578949,0.7847102880477905
YNL037C,YGR284C,0,2.4879122,0.11241994798183441,0.884788453578949,0.7848113775253296
YKL113C,YDR322C-A,0,2.487546,0.11240708827972412,0.884788453578949,0.7849125266075134
YJL091C,YBL003C,0,2.4873443,0.11239423602819443,0.884788453578949,0.7850136756896973
YJL204C,YIL121W,0,2.4869428,0.11238139122724533,0.884788453578949,0.7851147651672363
YJL093C,YIL129C,0,2.4868731,0.11236853897571564,0.884788453578949,0.7852159142494202
YCL030C,YPL003W,0,2.4863338,0.11235569417476654,0.884788453578949,0.7853170037269592
YPL246C,YMR189W,0,2.4861612,0.11234285682439804,0.884788453578949,0.7854181528091431
YMR100W,YPL089C,1,2.4860625,0.11244428902864456,0.8856885433197021,0.7854181528091431
YGL001C,YML062C,0,2.4860573,0.11243144422769547,0.8856885433197021,0.7855192422866821
YIL103W,YDL147W,0,2.4860487,0.11241859942674637,0.8856885433197021,0.785620391368866
YHR072W,YKR080W,0,2.4859338,0.11240575462579727,0.8856885433197021,0.785721480846405
YER019W,YBR008C,0,2.4858801,0.11239291727542877,0.8856885433197021,0.7858226299285889
YDL064W,YBR171W,0,2.4854991,0.11238007992506027,0.8856885433197021,0.7859237790107727
YDR113C,YOR295W,0,2.4853327,0.11236725002527237,0.8856885433197021,0.7860248684883118
YKL027W,YCR024C-A,0,2.484558,0.11235442012548447,0.8856885433197021,0.7861260175704956
YLR342W,YGR289C,0,2.4842238,0.11234159022569656,0.8856885433197021,0.7862271070480347
YOL110W,YJR161C,0,2.48357,0.11232876777648926,0.8856885433197021,0.7863282561302185
YIL023C,YER094C,0,2.4835668,0.11231594532728195,0.8856885433197021,0.7864293456077576
YPL047W,YKL157W,0,2.4834766,0.11230313032865524,0.8856885433197021,0.7865304946899414
YJL145W,YOR368W,0,2.4831553,0.11229030787944794,0.8856885433197021,0.7866315841674805
YNL256W,YGL044C,0,2.4827552,0.11227750033140182,0.8856885433197021,0.7867327332496643
YLR013W,YOR255W,0,2.482719,0.11226469278335571,0.8856885433197021,0.7868338823318481
YLR144C,YFR051C,0,2.4826756,0.1122518852353096,0.8856885433197021,0.7869349718093872
YDR394W,YCR003W,0,2.482378,0.11223907768726349,0.8856885433197021,0.787036120891571
YKL209C,YJL093C,0,2.4821396,0.11222627758979797,0.8856885433197021,0.7871372103691101
YBL066C,YMR201C,1,2.4821138,0.11232751607894897,0.8865886330604553,0.7871372103691101
YAR014C,YLR133W,0,2.4820747,0.11231470853090286,0.8865886330604553,0.787238359451294
YDR162C,YIL082W-A,0,2.4819427,0.11230190098285675,0.8865886330604553,0.787339448928833
YBR135W,YER166W,0,2.4818053,0.11228910088539124,0.8865886330604553,0.7874405980110168
YBR044C,YDL236W,0,2.4816437,0.11227630078792572,0.8865886330604553,0.7875416874885559
YDR316W,YIL050W,0,2.4816384,0.1122635081410408,0.8865886330604553,0.7876428365707397
YPL016W,YMR014W,0,2.4812522,0.11225071549415588,0.8865886330604553,0.7877439856529236
YGL001C,YLR178C,0,2.481,0.11223792284727097,0.8865886330604553,0.7878450751304626
YLR376C,YLR155C,0,2.4808483,0.11222513020038605,0.8865886330604553,0.7879462242126465
YGR049W,YDR153C,0,2.4804773,0.11221235245466232,0.8865886330604553,0.7880473136901855
YMR161W,YLR110C,0,2.4803176,0.112199567258358,0.8865886330604553,0.7881484627723694
YLL054C,YIL021W,1,2.4803011,0.11230068653821945,0.8874887228012085,0.7881484627723694
YBR171W,YBR044C,0,2.4802272,0.11228789389133453,0.8874887228012085,0.7882495522499084
YDR462W,YPL212C,0,2.4801087,0.11227510869503021,0.8874887228012085,0.7883507013320923
YPL032C,YPL024W,0,2.4800658,0.11226232349872589,0.8874887228012085,0.7884517908096313
YBL066C,YHR196W,0,2.479728,0.11224954575300217,0.8874887228012085,0.7885529398918152
YPL268W,YGL179C,0,2.4791837,0.11223676800727844,0.8874887228012085,0.788654088973999
YLR136C,YOL006C,1,2.478668,0.11233781278133392,0.8883888125419617,0.788654088973999
YGR005C,YEL009C,1,2.4785519,0.11243882775306702,0.8892889022827148,0.788654088973999
YAL001C,YCR097W,1,2.4784265,0.11253982782363892,0.890188992023468,0.788654088973999
YDL005C,YOR122C,0,2.4783978,0.1125270202755928,0.890188992023468,0.7887551784515381
YLR410W,YKL208W,0,2.4782567,0.11251422017812729,0.890188992023468,0.7888563275337219
YDL132W,YHR016C,0,2.4782465,0.11250142008066177,0.890188992023468,0.788957417011261
YHR107C,YMR309C,0,2.4780502,0.11248862743377686,0.890188992023468,0.7890585660934448
YPL268W,YKL084W,0,2.4775233,0.11247583478689194,0.890188992023468,0.7891596555709839
YJL118W,YDR291W,0,2.4774327,0.11246304214000702,0.890188992023468,0.7892608046531677
YPL268W,YKL049C,0,2.4772942,0.1124502569437027,0.890188992023468,0.7893618941307068
YPL047W,YDR027C,0,2.4771857,0.11243747174739838,0.890188992023468,0.7894630432128906
YDL103C,YER018C,0,2.47718,0.11242468655109406,0.890188992023468,0.7895641326904297
YBR057C,YEL042W,0,2.4771326,0.11241190880537033,0.890188992023468,0.7896652817726135
YBR258C,YBL018C,0,2.4770718,0.1123991385102272,0.890188992023468,0.7897664308547974
YGR059W,YHR050W,0,2.476904,0.11238636076450348,0.890188992023468,0.7898675203323364
YPL020C,YIL067C,0,2.4766057,0.11237359046936035,0.890188992023468,0.7899686694145203
YCR028C-A,YOR197W,0,2.4765053,0.11236082762479782,0.890188992023468,0.7900697588920593
YBR039W,YGL008C,0,2.475967,0.11234806478023529,0.890188992023468,0.7901709079742432
YMR189W,YBR008C,0,2.4752576,0.11233530193567276,0.890188992023468,0.7902719974517822
YDR462W,YKL209C,0,2.475185,0.11232254654169083,0.890188992023468,0.7903731465339661
YGR227W,YER183C,0,2.474877,0.11230979114770889,0.890188992023468,0.7904742360115051
YDR311W,YGL121C,0,2.4745376,0.11229703575372696,0.890188992023468,0.790575385093689
YOR229W,YPR052C,1,2.4745362,0.11239781975746155,0.8910890817642212,0.790575385093689
YKL139W,YOR188W,0,2.4745274,0.11238506436347961,0.8910890817642212,0.7906765341758728
YBR216C,YOR361C,0,2.4743314,0.11237230151891708,0.8910890817642212,0.7907776236534119
YDR255C,YBL100W-A,0,2.474303,0.11235955357551575,0.8910890817642212,0.7908787727355957
YJL137C,YNL224C,0,2.4736214,0.11234679818153381,0.8910890817642212,0.7909798622131348
YBL099W,YDL150W,0,2.4728327,0.11233405023813248,0.8910890817642212,0.7910810112953186
YBR104W,YLR022C,0,2.472721,0.11232130974531174,0.8910890817642212,0.7911821007728577
YGL255W,YDL165W,0,2.4722054,0.1123085618019104,0.8910890817642212,0.7912832498550415
YGR013W,YBR199W,0,2.4714177,0.11229582875967026,0.8910890817642212,0.7913843393325806
YLR342W,YCR083W,0,2.4710226,0.11228308826684952,0.8910890817642212,0.7914854884147644
YKR022C,YOR245C,0,2.4710088,0.11227035522460938,0.8910890817642212,0.7915866374969482
YPL236C,YBL005W-A,0,2.4709172,0.11225762218236923,0.8910890817642212,0.7916877269744873
YPL118W,YEL009C,0,2.47079,0.11224489659070969,0.8910890817642212,0.7917888760566711
YNL299W,YBL002W,0,2.4704223,0.11223217099905014,0.8910890817642212,0.7918899655342102
YMR014W,YDR382W,0,2.4702935,0.11221945285797119,0.8910890817642212,0.791991114616394
YLL054C,YLR263W,1,2.4702473,0.11232007294893265,0.8919891715049744,0.791991114616394
YLR166C,YKR065C,0,2.4696946,0.1123073399066925,0.8919891715049744,0.7920922040939331
YML123C,YJR014W,0,2.469602,0.11229461431503296,0.8919891715049744,0.7921933531761169
YKL096W,YDL004W,0,2.469367,0.11228189617395401,0.8919891715049744,0.792294442653656
YBR057C,YBR004C,0,2.4693623,0.11226917058229446,0.8919891715049744,0.7923955917358398
YML131W,YDL058W,0,2.4691072,0.11225645989179611,0.8919891715049744,0.7924967408180237
YLR405W,YKR042W,0,2.4690833,0.11224374175071716,0.8919891715049744,0.7925978302955627
YMR058W,YNL148C,0,2.468914,0.11223103106021881,0.8919891715049744,0.7926989793777466
YKL091C,YLR307W,0,2.4684277,0.11221832036972046,0.8919891715049744,0.7928000688552856
YNL071W,YDR141C,0,2.4683738,0.1122056171298027,0.8919891715049744,0.7929012179374695
YHR072W,YOR336W,0,2.468359,0.11219291388988495,0.8919891715049744,0.7930023074150085
YGL130W,YGR261C,0,2.468242,0.1121802106499672,0.8919891715049744,0.7931034564971924
YNL047C,YDR264C,0,2.468132,0.11216751486063004,0.8919891715049744,0.7932045459747314
YMR291W,YNL047C,0,2.468101,0.11215481907129288,0.8919891715049744,0.7933056950569153
YMR214W,YOR141C,0,2.4677525,0.11214213073253632,0.8919891715049744,0.7934068441390991
YMR134W,YNL225C,0,2.4677272,0.11212944239377975,0.8919891715049744,0.7935079336166382
YJL116C,YNR069C,0,2.4677105,0.1121167540550232,0.8919891715049744,0.793609082698822
YER048C,YKR086W,0,2.467494,0.11210407316684723,0.8919891715049744,0.7937101721763611
YBR215W,YFR055W,0,2.4671307,0.11209139227867126,0.8919891715049744,0.7938113212585449
YKL213C,YGR261C,0,2.4666476,0.1120787188410759,0.8919891715049744,0.793912410736084
YPL164C,YMR293C,0,2.466401,0.11206603795289993,0.8919891715049744,0.7940135598182678
YOL033W,YDL104C,0,2.4663372,0.11205337196588516,0.8919891715049744,0.7941146492958069
YML078W,YJL002C,0,2.466217,0.1120406985282898,0.8919891715049744,0.7942157983779907
YGL017W,YHR034C,0,2.4661613,0.11202803254127502,0.8919891715049744,0.7943169474601746
YMR268C,YDL092W,0,2.4656453,0.11201537400484085,0.8919891715049744,0.7944180369377136
YNR054C,YNL299W,0,2.4653256,0.11200271546840668,0.8919891715049744,0.7945191860198975
YPR023C,YJR159W,0,2.4651794,0.1119900569319725,0.8919891715049744,0.7946202754974365
YOR110W,YGL201C,1,2.464778,0.11209039390087128,0.8928892612457275,0.7946202754974365
YHR072W,YFL008W,0,2.4647212,0.1120777279138565,0.8928892612457275,0.7947214245796204
YNL209W,YKL209C,0,2.464578,0.11206506937742233,0.8928892612457275,0.7948225140571594
YLR242C,YJL036W,0,2.464459,0.11205241084098816,0.8928892612457275,0.7949236631393433
YOR017W,YGR067C,0,2.464116,0.11203975975513458,0.8928892612457275,0.7950247526168823
YKL101W,YPL081W,0,2.4639728,0.11202710121870041,0.8928892612457275,0.7951259016990662
YPL256C,YFL008W,0,2.4639344,0.11201445013284683,0.8928892612457275,0.7952269911766052
YJL113W,YIL082W-A,1,2.4638944,0.11211471259593964,0.8937893509864807,0.7952269911766052
YPR104C,YIL122W,0,2.4637146,0.11210205405950546,0.8937893509864807,0.7953281402587891
YDR206W,YML010W,0,2.463473,0.11208940297365189,0.8937893509864807,0.7954292893409729
YIL157C,YBR106W,0,2.4625301,0.11207675188779831,0.8937893509864807,0.795530378818512
YDR225W,YBL003C,1,2.462477,0.11217695474624634,0.8946894407272339,0.795530378818512
YOR298C-A,YOR367W,0,2.46209,0.11216429620981216,0.8946894407272339,0.7956315279006958
YDL010W,YFR004W,0,2.4620843,0.11215164512395859,0.8946894407272339,0.7957326173782349
YKL027W,YOL027C,0,2.4614248,0.11213898658752441,0.8946894407272339,0.7958337664604187
YBL036C,YPL037C,0,2.4608934,0.11212634295225143,0.8946894407272339,0.7959348559379578
YDL226C,YHR178W,0,2.4608417,0.11211369186639786,0.8946894407272339,0.7960360050201416
YIL041W,YDR214W,0,2.4605646,0.11210104823112488,0.8946894407272339,0.7961370944976807
YBR235W,YPL086C,0,2.4605322,0.1120884045958519,0.8946894407272339,0.7962382435798645
YBR077C,YPL030W,0,2.460328,0.11207576841115952,0.8946894407272339,0.7963393926620483
YLR393W,YDR541C,0,2.460144,0.11206313222646713,0.8946894407272339,0.7964404821395874
YPR075C,YER018C,0,2.4601245,0.11205050349235535,0.8946894407272339,0.7965416312217712
YBL046W,YHL020C,0,2.4599643,0.11203787475824356,0.8946894407272339,0.7966427206993103
YHR115C,YEL020C,0,2.4593015,0.11202524602413177,0.8946894407272339,0.7967438697814941
YLR071C,YGR215W,0,2.458897,0.11201262474060059,0.8946894407272339,0.7968449592590332
YMR119W,YDR099W,0,2.4588766,0.1120000034570694,0.8946894407272339,0.796946108341217
YKR013W,YPR065W,0,2.4587264,0.11198738217353821,0.8946894407272339,0.7970471978187561
YDR143C,YLL010C,0,2.4586535,0.11197476834058762,0.8946894407272339,0.7971483469009399
YDR446W,YJL050W,0,2.4580846,0.11196215450763702,0.8946894407272339,0.7972494959831238
YMR278W,YJR077C,0,2.4580133,0.11194954067468643,0.8946894407272339,0.7973505854606628
YOL033W,YGR074W,0,2.4579835,0.11193693429231644,0.8946894407272339,0.7974517345428467
YDL025C,YDL132W,0,2.4575605,0.11192433536052704,0.8946894407272339,0.7975528240203857
YLR393W,YNL037C,0,2.4574938,0.11191172897815704,0.8946894407272339,0.7976539731025696
YGL134W,YGR074W,0,2.4574451,0.11189913004636765,0.8946894407272339,0.7977550625801086
YJR113C,YBR056W,0,2.457425,0.11188653856515884,0.8946894407272339,0.7978562116622925
YHL009C,YOR130C,0,2.4571462,0.11187394708395004,0.8946894407272339,0.7979573011398315
YAR008W,YOR190W,0,2.4566119,0.11186135560274124,0.8946894407272339,0.7980584502220154
YMR079W,YER004W,0,2.4566073,0.11184877157211304,0.8946894407272339,0.7981595993041992
YLR226W,YML010W,0,2.4565692,0.11183618009090424,0.8946894407272339,0.7982606887817383
YGL250W,YOR122C,0,2.4565659,0.11182360351085663,0.8946894407272339,0.7983618378639221
YDR016C,YDR210W,0,2.4563937,0.11181102693080902,0.8946894407272339,0.7984629273414612
YMR092C,YGL065C,0,2.4561224,0.11179845035076141,0.8946894407272339,0.798564076423645
YMR113W,YBR044C,0,2.4550776,0.1117858737707138,0.8946894407272339,0.7986651659011841
YGL002W,YML024W,0,2.4550254,0.1117733046412468,0.8946894407272339,0.7987663149833679
YGL020C,YNL099C,0,2.454914,0.11176073551177979,0.8946894407272339,0.798867404460907
YBL003C,YIR010W,0,2.4547794,0.11174817383289337,0.8946894407272339,0.7989685535430908
YPL211W,YNL326C,0,2.454546,0.11173561215400696,0.8946894407272339,0.7990697026252747
YDR408C,YCL038C,0,2.4543915,0.11172305047512054,0.8946894407272339,0.7991707921028137
YHR178W,YFL036W,1,2.454321,0.11182288080453873,0.8955895304679871,0.7991707921028137
YOL006C,YER124C,0,2.4540577,0.11181031912565231,0.8955895304679871,0.7992719411849976
YLR297W,YAL055W,0,2.4540157,0.1117977499961853,0.8955895304679871,0.7993730306625366
YNL197C,YML026C,0,2.4539819,0.11178519576787949,0.8955895304679871,0.7994741797447205
YML046W,YDR450W,0,2.453876,0.11177263408899307,0.8955895304679871,0.7995752692222595
YKL027W,YBR039W,0,2.4536386,0.11176007986068726,0.8955895304679871,0.7996764183044434
YBR221C,YOR245C,0,2.453475,0.11174752563238144,0.8955895304679871,0.7997775077819824
YLR372W,YAL009W,0,2.453464,0.11173497885465622,0.8955895304679871,0.7998786568641663
YMR268C,YHR152W,0,2.4534206,0.111722432076931,0.8955895304679871,0.7999797463417053
YDR462W,YPR058W,0,2.4527187,0.11170989274978638,0.8955895304679871,0.8000808954238892
YFR051C,YNL245C,0,2.4523408,0.11169735342264175,0.8955895304679871,0.800182044506073
YNL209W,YGL011C,0,2.4522805,0.11168481409549713,0.8955895304679871,0.8002831339836121
YDR020C,YLR368W,0,2.452197,0.11167227476835251,0.8955895304679871,0.8003842830657959
YPL236C,YMR104C,0,2.4519424,0.11165974289178848,0.8955895304679871,0.800485372543335
YKL008C,YOR255W,0,2.451939,0.11164721846580505,0.8955895304679871,0.8005865216255188
YDR311W,YLR256W,0,2.4518456,0.11163469403982162,0.8955895304679871,0.8006876111030579
YNL064C,YBR234C,0,2.451716,0.1116221696138382,0.8955895304679871,0.8007887601852417
YCR023C,YDR186C,0,2.451715,0.11160964518785477,0.8955895304679871,0.8008898496627808
YAL051W,YER171W,1,2.4512758,0.11170928925275803,0.8964896202087402,0.8008898496627808
YLR423C,YBR210W,0,2.4508233,0.111696757376194,0.8964896202087402,0.8009909987449646
YGR108W,YNL058C,0,2.4495652,0.11168423295021057,0.8964896202087402,0.8010921478271484
YER058W,YDR450W,0,2.4495635,0.11167170852422714,0.8964896202087402,0.8011932373046875
YDL207W,YML025C,0,2.4495516,0.11165919154882431,0.8964896202087402,0.8012943863868713
YFL016C,YNL229C,0,2.449263,0.11164667457342148,0.8964896202087402,0.8013954758644104
YLR166C,YML069W,0,2.4489226,0.11163416504859924,0.8964896202087402,0.8014966249465942
YNR032W,YKR087C,0,2.4485674,0.11162165552377701,0.8964896202087402,0.8015977144241333
YAR008W,YBL067C,0,2.448147,0.11160914599895477,0.8964896202087402,0.8016988635063171
YOL128C,YHR200W,0,2.447873,0.11159663647413254,0.8964896202087402,0.8017999529838562
YBL018C,YOR125C,0,2.4478714,0.1115841343998909,0.8964896202087402,0.80190110206604
YLR408C,YDL020C,0,2.4477444,0.11157163977622986,0.8964896202087402,0.8020022511482239
YPL053C,YHR083W,0,2.4477262,0.11155913770198822,0.8964896202087402,0.8021033406257629
YIL126W,YNL139C,1,2.4475064,0.11165864020586014,0.8973897099494934,0.8021033406257629
YJL113W,YDL161W,0,2.4470792,0.1116461381316185,0.8973897099494934,0.8022044897079468
YFR051C,YFL062W,0,2.446766,0.11163363605737686,0.8973897099494934,0.8023055791854858
YBL045C,YMR116C,0,2.4453373,0.11162113398313522,0.8973897099494934,0.8024067282676697
YHR107C,YBR135W,0,2.445116,0.11160863935947418,0.8973897099494934,0.8025078177452087
YNL047C,YML010W,0,2.4449992,0.11159615218639374,0.8973897099494934,0.8026089668273926
YDR214W,YIL114C,0,2.4447045,0.1115836575627327,0.8973897099494934,0.8027100563049316
YDL066W,YPR052C,0,2.4444013,0.11157117038965225,0.8973897099494934,0.8028112053871155
YJL207C,YMR309C,0,2.444366,0.1115586906671524,0.8973897099494934,0.8029123544692993
YLR144C,YMR271C,0,2.4440389,0.11154620349407196,0.8973897099494934,0.8030134439468384
YML022W,YLR275W,0,2.4440107,0.11153373122215271,0.8973897099494934,0.8031145930290222
YKR080W,YPL228W,0,2.443975,0.11152125149965286,0.8973897099494934,0.8032156825065613
YBR056W,YER042W,0,2.4436314,0.11150877922773361,0.8973897099494934,0.8033168315887451
YKL213C,YFL055W,0,2.4433637,0.11149630695581436,0.8973897099494934,0.8034179210662842
YKR065C,YIL129C,0,2.4429436,0.11148384213447571,0.8973897099494934,0.803519070148468
YLR336C,YGL008C,0,2.4428368,0.11147137731313705,0.8973897099494934,0.8036201596260071
YLR242C,YCR020W-B,0,2.4422607,0.1114589124917984,0.8973897099494934,0.8037213087081909
YNL315C,YBL097W,0,2.4421716,0.11144645512104034,0.8973897099494934,0.8038224577903748
YOL097C,YLR376C,0,2.441823,0.11143399775028229,0.8973897099494934,0.8039235472679138
YPL016W,YNL087W,0,2.4415817,0.11142154783010483,0.8973897099494934,0.8040246963500977
YEL042W,YMR154C,0,2.4415717,0.11140909790992737,0.8973897099494934,0.8041257858276367
YER078C,YLR342W,0,2.4415605,0.11139664798974991,0.8973897099494934,0.8042269349098206
YLR077W,YML069W,0,2.441502,0.11138420552015305,0.8973897099494934,0.8043280243873596
YER069W,YNL329C,0,2.440855,0.11137176305055618,0.8973897099494934,0.8044291734695435
YPL088W,YJR088C,0,2.440455,0.11135932058095932,0.8973897099494934,0.8045302629470825
YGR157W,YDL232W,0,2.4402428,0.11134688556194305,0.8973897099494934,0.8046314120292664
YOL115W,YBL009W,0,2.4397926,0.11133445054292679,0.8973897099494934,0.8047325015068054
YDR147W,YDL058W,0,2.4396734,0.11132201552391052,0.8973897099494934,0.8048336505889893
YJL139C,YDR363W,0,2.4395866,0.11130958795547485,0.8973897099494934,0.8049347996711731
YDR085C,YPL162C,0,2.4390554,0.11129716783761978,0.8973897099494934,0.8050358891487122
YDR163W,YOR375C,0,2.4390492,0.11128474026918411,0.8973897099494934,0.805137038230896
YMR119W,YAL042W,0,2.4390001,0.11127232015132904,0.8973897099494934,0.8052381277084351
YLR077W,YPL086C,0,2.4385464,0.11125990748405457,0.8973897099494934,0.8053392767906189
YJR152W,YBL101C,0,2.4380488,0.1112474873661995,0.8973897099494934,0.805440366268158
YBR258C,YBR070C,0,2.4379263,0.11123507469892502,0.8973897099494934,0.8055415153503418
YJL209W,YMR323W,0,2.43758,0.11122266948223114,0.8973897099494934,0.8056426048278809
YGR198W,YBR229C,0,2.4373138,0.11121026426553726,0.8973897099494934,0.8057437539100647
YDR051C,YOR028C,0,2.4370677,0.11119785904884338,0.8973897099494934,0.8058449029922485
YOL068C,YDL191W,0,2.437016,0.1111854612827301,0.8973897099494934,0.8059459924697876
YMR047C,YNL116W,0,2.4367723,0.11117305606603622,0.8973897099494934,0.8060471415519714
YMR236W,YIL036W,1,2.4366674,0.11127215623855591,0.8982897996902466,0.8060471415519714
YPL268W,YGR098C,0,2.4366121,0.11125975102186203,0.8982897996902466,0.8061482310295105
YGL124C,YER004W,0,2.436545,0.11124735325574875,0.8982897996902466,0.8062493801116943
YMR189W,YER124C,0,2.4361253,0.11123495548963547,0.8982897996902466,0.8063504695892334
YDR216W,YJL210W,0,2.4358578,0.11122255772352219,0.8982897996902466,0.8064516186714172
YCR102C,YJL154C,0,2.4358077,0.1112101599574089,0.8982897996902466,0.8065527081489563
YHL002W,YGL156W,0,2.435763,0.11119776964187622,0.8982897996902466,0.8066538572311401
YMR079W,YGR172C,0,2.4356534,0.11118538677692413,0.8982897996902466,0.806755006313324
YER048C,YOR007C,0,2.4356217,0.11117299646139145,0.8982897996902466,0.806856095790863
YBR127C,YDR171W,0,2.4354157,0.11116061359643936,0.8982897996902466,0.8069572448730469
YBL066C,YMR021C,1,2.435404,0.11125960946083069,0.8991898894309998,0.8069572448730469
YDR394W,YPL005W,0,2.4352221,0.111247219145298,0.8991898894309998,0.8070583343505859
YGR108W,YAL042W,0,2.4351802,0.11123482882976532,0.8991898894309998,0.8071594834327698
YMR161W,YMR092C,0,2.434698,0.11122244596481323,0.8991898894309998,0.8072605729103088
YFL055W,YML123C,0,2.4344602,0.11121006309986115,0.8991898894309998,0.8073617219924927
YGR068C,YHR091C,0,2.434348,0.11119768768548965,0.8991898894309998,0.8074628114700317
YCL038C,YKL220C,0,2.434218,0.11118531227111816,0.8991898894309998,0.8075639605522156
YGL181W,YOR360C,0,2.434021,0.11117293685674667,0.8991898894309998,0.8076651096343994
YML111W,YGL012W,0,2.433721,0.11116056889295578,0.8991898894309998,0.8077661991119385
YOR128C,YNL125C,0,2.433651,0.11114820092916489,0.8991898894309998,0.8078673481941223
YJL207C,YGR247W,0,2.433517,0.11113583296537399,0.8991898894309998,0.8079684376716614
YKR067W,YDL168W,0,2.433288,0.1111234724521637,0.8991898894309998,0.8080695867538452
YOL146W,YOL027C,0,2.4327288,0.1111111119389534,0.8991898894309998,0.8081706762313843
YDR382W,YPL069C,0,2.4326453,0.1110987514257431,0.8991898894309998,0.8082718253135681
YML008C,YDL191W,0,2.4324274,0.1110863983631134,0.8991898894309998,0.8083729147911072
YDL103C,YHR102W,0,2.431806,0.1110740527510643,0.8991898894309998,0.808474063873291
YGL001C,YML123C,0,2.4311776,0.1110616996884346,0.8991898894309998,0.8085752129554749
YHR216W,YBR236C,0,2.430711,0.1110493540763855,0.8991898894309998,0.8086763024330139
YBL102W,YOL049W,0,2.4305701,0.11103701591491699,0.8991898894309998,0.8087774515151978
YDR216W,YNL299W,0,2.4303017,0.11102467030286789,0.8991898894309998,0.8088785409927368
YKL035W,YNL005C,0,2.4302907,0.11101233214139938,0.8991898894309998,0.8089796900749207
YBR258C,YIL110W,0,2.4302878,0.11100000143051147,0.8991898894309998,0.8090807795524597
YDR084C,YOL068C,0,2.430015,0.11098767071962357,0.8991898894309998,0.8091819286346436
YPR025C,YDL044C,0,2.4299364,0.11097534000873566,0.8991898894309998,0.8092830181121826
YPL023C,YGR172C,0,2.4295564,0.11096300929784775,0.8991898894309998,0.8093841671943665
YDL181W,YML118W,0,2.4295125,0.11095068603754044,0.8991898894309998,0.8094853162765503
YDR314C,YJL113W,1,2.4283676,0.11104941368103027,0.9000900387763977,0.8094853162765503
YGR240C,YGL160W,0,2.4283328,0.11103708297014236,0.9000900387763977,0.8095864057540894
YDR394W,YDL066W,0,2.4283316,0.11102475970983505,0.9000900387763977,0.8096875548362732
YMR134W,YLR216C,0,2.4283037,0.11101243644952774,0.9000900387763977,0.8097886443138123
YDL181W,YHR072W,0,2.428042,0.11100011318922043,0.9000900387763977,0.8098897933959961
YDR208W,YNL220W,0,2.427978,0.11098778992891312,0.9000900387763977,0.8099908828735352
YDL066W,YLR095C,0,2.4278145,0.1109754741191864,0.9000900387763977,0.810092031955719
YGL047W,YER094C,0,2.4276876,0.11096315830945969,0.9000900387763977,0.8101931214332581
YDR541C,YCL038C,0,2.427327,0.11095084995031357,0.9000900387763977,0.8102942705154419
YPL053C,YGL054C,0,2.4271069,0.11093854159116745,0.9000900387763977,0.810395359992981
YNL224C,YML026C,0,2.4265947,0.11092623323202133,0.9000900387763977,0.8104965090751648
YNL047C,YOR028C,0,2.426375,0.11091393232345581,0.9000900387763977,0.8105976581573486
YJL099W,YBR204C,0,2.4261782,0.11090163141489029,0.9000900387763977,0.8106987476348877
YFR051C,YIR010W,0,2.4260828,0.11088933050632477,0.9000900387763977,0.8107998967170715
YBR298C,YOR122C,0,2.425949,0.11087703704833984,0.9000900387763977,0.8109009861946106
YMR236W,YDR051C,0,2.4257321,0.11086474359035492,0.9000900387763977,0.8110021352767944
YJL116C,YLL015W,0,2.4255266,0.11085245758295059,0.9000900387763977,0.8111032247543335
YHR042W,YPL265W,0,2.425408,0.11084017157554626,0.9000900387763977,0.8112043738365173
YDL005C,YPL020C,0,2.4250169,0.11082788556814194,0.9000900387763977,0.8113054633140564
YBR253W,YDL066W,0,2.424605,0.11081559956073761,0.9000900387763977,0.8114066123962402
YDR016C,YDR206W,0,2.4243107,0.11080332100391388,0.9000900387763977,0.8115077614784241
YML019W,YMR083W,0,2.4242678,0.11079104989767075,0.9000900387763977,0.8116088509559631
YGL079W,YPL012W,0,2.424158,0.11077877134084702,0.9000900387763977,0.811710000038147
YFL031W,YDR394W,0,2.4239554,0.11076650768518448,0.9000900387763977,0.811811089515686
YKL222C,YHR026W,0,2.4231234,0.11075423657894135,0.9000900387763977,0.8119122385978699
YOR329C,YKR001C,0,2.4229684,0.11074197292327881,0.9000900387763977,0.8120133280754089
YAR003W,YMR029C,0,2.4228191,0.11072970926761627,0.9000900387763977,0.8121144771575928
YOR231W,YDR141C,0,2.4225545,0.11071744561195374,0.9000900387763977,0.8122155666351318
YLR310C,YHL001W,0,2.4225297,0.1107051894068718,0.9000900387763977,0.8123167157173157
YNL323W,YDR432W,0,2.4223952,0.11069294065237045,0.9000900387763977,0.8124178647994995
YDR180W,YPL079W,0,2.4221058,0.11068068444728851,0.9000900387763977,0.8125189542770386
YHL002W,YML010W,0,2.4220133,0.11066843569278717,0.9000900387763977,0.8126201033592224
YBR084C-A,YGL150C,0,2.421977,0.11065619438886642,0.9000900387763977,0.8127211928367615
YKR013W,YMR134W,0,2.4219556,0.11064394563436508,0.9000900387763977,0.8128223419189453
YIL110W,YGR132C,0,2.4216685,0.11063170433044434,0.9000900387763977,0.8129234313964844
YKL137W,YGR280C,0,2.4216316,0.11061947047710419,0.9000900387763977,0.8130245804786682
YER016W,YGL029W,0,2.4215214,0.11060723662376404,0.9000900387763977,0.8131256699562073
YDR006C,YEL071W,0,2.421235,0.11059500277042389,0.9000900387763977,0.8132268190383911
YBR235W,YMR052W,0,2.4210129,0.11058276891708374,0.9000900387763977,0.813327968120575
YPL256C,YJR090C,0,2.4210095,0.11057054251432419,0.9000900387763977,0.813429057598114
YBL050W,YMR067C,0,2.4209886,0.11055831611156464,0.9000900387763977,0.8135302066802979
YER063W,YPR065W,1,2.420967,0.11065664142370224,0.9009901285171509,0.8135302066802979
YBR258C,YDL079C,0,2.4206045,0.11064441502094269,0.9009901285171509,0.8136312961578369
YDL226C,YJR113C,0,2.4204948,0.11063218116760254,0.9009901285171509,0.8137324452400208
YKL125W,YDL226C,0,2.4201908,0.11061995476484299,0.9009901285171509,0.8138335347175598
YIR021W,YHR200W,0,2.4196916,0.11060773581266403,0.9009901285171509,0.8139346837997437
YDL002C,YNR054C,0,2.418745,0.11059551686048508,0.9009901285171509,0.8140357732772827
YJL151C,YDR506C,0,2.4187322,0.11058329790830612,0.9009901285171509,0.8141369223594666
YOR208W,YBR236C,0,2.4187071,0.11057107895612717,0.9009901285171509,0.8142380714416504
YBR073W,YNL139C,1,2.4186594,0.11066931486129761,0.901890218257904,0.8142380714416504
YGR227W,YOR362C,0,2.4186158,0.11065709590911865,0.901890218257904,0.8143391609191895
YDR202C,YOR141C,0,2.4180796,0.1106448769569397,0.901890218257904,0.8144403100013733
YNL186W,YDL161W,0,2.4180121,0.11063265800476074,0.901890218257904,0.8145413994789124
YNL229C,YCR048W,0,2.417974,0.11062044650316238,0.901890218257904,0.8146425485610962
YOR115C,YGR098C,0,2.4178429,0.11060823500156403,0.901890218257904,0.8147436380386353
YBR139W,YHR043C,0,2.416872,0.11059602349996567,0.901890218257904,0.8148447871208191
YML131W,YCL038C,0,2.4168267,0.1105838194489479,0.901890218257904,0.8149458765983582
YMR291W,YIL129C,0,2.416422,0.11057161539793015,0.901890218257904,0.815047025680542
YNR023W,YDL064W,0,2.4162529,0.11055941879749298,0.901890218257904,0.815148115158081
YNL299W,YLR449W,0,2.4161768,0.11054722219705582,0.901890218257904,0.8152492642402649
YGL033W,YLR368W,0,2.4161468,0.11053502559661865,0.901890218257904,0.8153504133224487
YKL086W,YDR142C,0,2.416019,0.11052282899618149,0.901890218257904,0.8154515027999878
YOL091W,YLR070C,0,2.4157786,0.11051063984632492,0.901890218257904,0.8155526518821716
YNL315C,YPR101W,0,2.415697,0.11049845814704895,0.901890218257904,0.8156537413597107
YPL029W,YDR324C,0,2.4153295,0.11048626899719238,0.901890218257904,0.8157548904418945
YCR034W,YPR022C,0,2.415229,0.11047408729791641,0.901890218257904,0.8158559799194336
YGR048W,YPL270W,0,2.4151597,0.11046191304922104,0.901890218257904,0.8159571290016174
YER118C,YDR143C,0,2.4149232,0.11044973880052567,0.901890218257904,0.8160582184791565
YLR405W,YFL034C-A,0,2.4145327,0.11043756455183029,0.901890218257904,0.8161593675613403
YMR236W,YFR004W,0,2.4136536,0.11042539030313492,0.901890218257904,0.8162605166435242
YDR294C,YIR034C,0,2.4132056,0.11041322350502014,0.901890218257904,0.8163616061210632
YBL067C,YOR293W,0,2.412866,0.11040105670690536,0.901890218257904,0.8164627552032471
YBL084C,YBL067C,0,2.4124036,0.11038889735937119,0.901890218257904,0.8165638446807861
YKL188C,YDL079C,0,2.4122658,0.110376738011837,0.901890218257904,0.81666499376297
YDR171W,YPL230W,0,2.41222,0.11036457866430283,0.901890218257904,0.816766083240509
YFL022C,YJL100W,0,2.4118257,0.11035241931676865,0.901890218257904,0.8168672323226929
YJR088C,YBL101C,0,2.4116502,0.11034026741981506,0.901890218257904,0.8169683218002319
YER004W,YMR067C,0,2.4114242,0.11032812297344208,0.901890218257904,0.8170694708824158
YOR362C,YDR123C,0,2.4113364,0.11031597852706909,0.901890218257904,0.8171706199645996
YJL123C,YMR190C,0,2.41083,0.1103038340806961,0.901890218257904,0.8172717094421387
YAL001C,YPL249C,0,2.4106207,0.11029168963432312,0.901890218257904,0.8173728585243225
YCR071C,YHL033C,0,2.410359,0.11027955263853073,0.901890218257904,0.8174739480018616
YDL181W,YML078W,0,2.4097972,0.11026741564273834,0.901890218257904,0.8175750970840454
YLR332W,YKL152C,0,2.409545,0.11025527864694595,0.901890218257904,0.8176761865615845
YGR209C,YMR067C,0,2.409472,0.11024314910173416,0.901890218257904,0.8177773356437683
YNL316C,YJR093C,0,2.40933,0.11023101955652237,0.901890218257904,0.8178784251213074
YGR121C,YML010W,0,2.4092703,0.11021889746189117,0.901890218257904,0.8179795742034912
YLR406C,YIL158W,0,2.409058,0.11020677536725998,0.901890218257904,0.818080723285675
YHR001W,YCR088W,0,2.408781,0.11019465327262878,0.901890218257904,0.8181818127632141
YGR287C,YGL245W,0,2.408713,0.11018253862857819,0.901890218257904,0.818282961845398
YHR016C,YBL100W-A,0,2.4084845,0.11017042398452759,0.901890218257904,0.818384051322937
YJR007W,YER004W,0,2.4084463,0.11015830934047699,0.901890218257904,0.8184852004051208
YGL130W,YLR449W,0,2.408278,0.11014620214700699,0.901890218257904,0.8185862898826599
YLR103C,YDL002C,1,2.407148,0.1102440133690834,0.9027903079986572,0.8185862898826599
YHR191C,YIL015W,0,2.4067998,0.11023189127445221,0.9027903079986572,0.8186874389648438
YDR519W,YCL038C,0,2.4064522,0.11021977663040161,0.9027903079986572,0.8187885284423828
YNL071W,YOR284W,0,2.406057,0.11020766943693161,0.9027903079986572,0.8188896775245667
YCL011C,YHR001W,0,2.4057264,0.11019556224346161,0.9027903079986572,0.8189908266067505
YPR018W,YDL191W,0,2.4056935,0.11018345504999161,0.9027903079986572,0.8190919160842896
YBL050W,YNL148C,0,2.4055586,0.1101713553071022,0.9027903079986572,0.8191930651664734
YHR083W,YDR264C,0,2.4048367,0.1101592555642128,0.9027903079986572,0.8192941546440125
YLR174W,YDL066W,0,2.4047327,0.1101471558213234,0.9027903079986572,0.8193953037261963
YJR113C,YDL092W,0,2.403934,0.11013506352901459,0.9027903079986572,0.8194963932037354
YML130C,YGL150C,0,2.4039035,0.11012297123670578,0.9027903079986572,0.8195975422859192
YER039C,YKL065C,0,2.4039016,0.11011087894439697,0.9027903079986572,0.8196986317634583
YIL072W,YHR206W,1,2.4032815,0.11020856350660324,0.9036903977394104,0.8196986317634583
YDR214W,YDR186C,0,2.4032726,0.11019646376371384,0.9036903977394104,0.8197997808456421
YPL190C,YBL101C,0,2.4025636,0.11018437147140503,0.9036903977394104,0.8199008703231812
YML051W,YJR060W,1,2.4025135,0.11028201133012772,0.9045904874801636,0.8199008703231812
YMR021C,YKL163W,0,2.4023526,0.11026991158723831,0.9045904874801636,0.820002019405365
YMR113W,YFR004W,0,2.4020886,0.1102578192949295,0.9045904874801636,0.8201031684875488
YBR133C,YBL071W-A,0,2.4019427,0.1102457195520401,0.9045904874801636,0.8202042579650879
YNL002C,YAL042W,0,2.4017456,0.11023362725973129,0.9045904874801636,0.8203054070472717
YGR257C,YMR277W,0,2.4016752,0.11022154241800308,0.9045904874801636,0.8204064965248108
YLR225C,YGL245W,0,2.4016328,0.11020945012569427,0.9045904874801636,0.8205076456069946
YER183C,YKL127W,0,2.4015613,0.11019736528396606,0.9045904874801636,0.8206087350845337
YCL033C,YCR023C,0,2.4013886,0.11018528789281845,0.9045904874801636,0.8207098841667175
YMR202W,YGR277C,0,2.4013138,0.11017321050167084,0.9045904874801636,0.8208109736442566
YBL054W,YOR207C,1,2.4011176,0.11027074605226517,0.9054905772209167,0.8208109736442566
YOR028C,YNL097C,0,2.400823,0.11025866121053696,0.9054905772209167,0.8209121227264404
YLL039C,YOR130C,0,2.4007044,0.11024657636880875,0.9054905772209167,0.8210132718086243
YDL188C,YBR008C,0,2.4004118,0.11023449152708054,0.9054905772209167,0.8211143612861633
YDR541C,YBL071W-A,0,2.4003675,0.11022241413593292,0.9054905772209167,0.8212155103683472
YNL035C,YGR172C,0,2.4003239,0.1102103441953659,0.9054905772209167,0.8213165998458862
YKR018C,YFL022C,0,2.3999434,0.11019826680421829,0.9054905772209167,0.8214177489280701
YML114C,YIR008C,0,2.399804,0.11018619686365128,0.9054905772209167,0.8215188384056091
YDR311W,YOL128C,0,2.399516,0.11017413437366486,0.9054905772209167,0.821619987487793
YCR069W,YCR017C,0,2.39898,0.11016206443309784,0.9054905772209167,0.821721076965332
YOR007C,YJR125C,0,2.398551,0.11015000194311142,0.9054905772209167,0.8218222260475159
YBR021W,YNL058C,0,2.398222,0.1101379469037056,0.9054905772209167,0.8219233751296997
YIR028W,YDR540C,0,2.3979127,0.11012589186429977,0.9054905772209167,0.8220244646072388
YKL208W,YGL012W,0,2.3978858,0.11011383682489395,0.9054905772209167,0.8221256136894226
YOL008W,YBL071W-A,0,2.3977652,0.11010178178548813,0.9054905772209167,0.8222267031669617
YOL008W,YKL137W,0,2.3977284,0.1100897341966629,0.9054905772209167,0.8223278522491455
YBR039W,YJL154C,0,2.3974454,0.11007768660783768,0.9054905772209167,0.8224289417266846
YDR073W,YDR214W,0,2.396576,0.11006564646959305,0.9054905772209167,0.8225300908088684
YNR026C,YOR303W,0,2.396072,0.11005360633134842,0.9054905772209167,0.8226311802864075
YGR195W,YDR180W,0,2.3960102,0.11004156619310379,0.9054905772209167,0.8227323293685913
YML113W,YOR341W,1,2.395914,0.110138900578022,0.9063906669616699,0.8227323293685913
YER078C,YJR017C,0,2.3956532,0.11012686043977737,0.9063906669616699,0.8228334784507751
YNL003C,YDL222C,0,2.3953862,0.11011482030153275,0.9063906669616699,0.8229345679283142
YBR217W,YKL008C,0,2.3953185,0.11010278016328812,0.9063906669616699,0.823035717010498
YDR202C,YHR001W,0,2.3950713,0.11009074002504349,0.9063906669616699,0.8231368064880371
YLR320W,YNL209W,0,2.394375,0.11007870733737946,0.9063906669616699,0.823237955570221
YPL069C,YNL047C,0,2.3941913,0.11006667464971542,0.9063906669616699,0.82333904504776
YJL123C,YJR105W,0,2.394168,0.11005464196205139,0.9063906669616699,0.8234401941299438
YPR075C,YPR185W,0,2.3940005,0.11004261672496796,0.9063906669616699,0.8235412836074829
YBR068C,YBR244W,0,2.39392,0.11003059148788452,0.9063906669616699,0.8236424326896667
YLR423C,YER035W,0,2.393362,0.11001857370138168,0.9063906669616699,0.8237435817718506
YBR083W,YDR198C,0,2.3933282,0.11000655591487885,0.9063906669616699,0.8238446712493896
YOR339C,YLR421C,0,2.393188,0.10999453812837601,0.9063906669616699,0.8239458203315735
YJL028W,YLR136C,0,2.3929076,0.10998252779245377,0.9063906669616699,0.8240469098091125
YPL158C,YOR073W,0,2.3912334,0.10997051745653152,0.9063906669616699,0.8241480588912964
YDR210W,YCL020W,0,2.3907743,0.10995850712060928,0.9063906669616699,0.8242491483688354
YKL008C,YGL013C,0,2.390309,0.10994650423526764,0.9063906669616699,0.8243502974510193
YMR164C,YDR452W,0,2.3898358,0.109934501349926,0.9063906669616699,0.8244513869285583
YCL038C,YOR368W,0,2.3892908,0.10992249846458435,0.9063906669616699,0.8245525360107422
YPL055C,YDL025C,0,2.3891377,0.1099105030298233,0.9063906669616699,0.824653685092926
YDL005C,YDR382W,0,2.3890877,0.10989850759506226,0.9063906669616699,0.8247547745704651
YIL016W,YNR036C,0,2.388989,0.10988651216030121,0.9063906669616699,0.8248559236526489
YJL145W,YLR355C,0,2.3889837,0.10987452417612076,0.9063906669616699,0.824957013130188
YKR080W,YNL083W,0,2.3888373,0.10986253619194031,0.9063906669616699,0.8250581622123718
YDL159W,YLR378C,0,2.388516,0.10985054820775986,0.9063906669616699,0.8251592516899109
YAR071W,YDR156W,0,2.388461,0.10983856767416,0.9063906669616699,0.8252604007720947
YLR242C,YKL220C,0,2.3881736,0.10982658714056015,0.9063906669616699,0.8253614902496338
YJR043C,YPL029W,0,2.3881373,0.1098146140575409,0.9063906669616699,0.8254626393318176
YPL246C,YBR204C,0,2.387837,0.10980264097452164,0.9063906669616699,0.8255637288093567
YPL256C,YBR179C,0,2.3875737,0.10979066789150238,0.9063906669616699,0.8256648778915405
YJR064W,YJR044C,0,2.387374,0.10977869480848312,0.9063906669616699,0.8257660269737244
YML110C,YKL211C,0,2.387309,0.10976672917604446,0.9063906669616699,0.8258671164512634
YLR340W,YIR003W,0,2.3870177,0.1097547709941864,0.9063906669616699,0.8259682655334473
YEL034W,YKL112W,0,2.3860617,0.10974280536174774,0.9063906669616699,0.8260693550109863
YNL134C,YFR044C,0,2.3860016,0.10973084717988968,0.9063906669616699,0.8261705040931702
YOR208W,YFL062W,0,2.385888,0.10971889644861221,0.9063906669616699,0.8262715935707092
YDL181W,YER119C,0,2.385395,0.10970693826675415,0.9063906669616699,0.8263727426528931
YNL009W,YPR079W,0,2.3853583,0.10969498753547668,0.9063906669616699,0.8264738321304321
YJL042W,YPL187W,0,2.3846095,0.10968304425477982,0.9063906669616699,0.826574981212616
YDR506C,YOR130C,0,2.3841295,0.10967109352350235,0.9063906669616699,0.8266761302947998
YLL028W,YER094C,0,2.3839693,0.10965915024280548,0.9063906669616699,0.8267772197723389
YHR187W,YDR027C,0,2.3839495,0.10964721441268921,0.9063906669616699,0.8268783688545227
YLR388W,YDL147W,0,2.383744,0.10963527858257294,0.9063906669616699,0.8269794583320618
YLR084C,YGL011C,0,2.3836422,0.10962334275245667,0.9063906669616699,0.8270806074142456
YPL055C,YDR294C,0,2.3835387,0.1096114069223404,0.9063906669616699,0.8271816968917847
YJR002W,YNL113W,0,2.38339,0.10959947854280472,0.9063906669616699,0.8272828459739685
YBL102W,YEL004W,0,2.3832822,0.10958755016326904,0.9063906669616699,0.8273839354515076
YDL159W,YJL207C,0,2.3826141,0.10957562923431396,0.9063906669616699,0.8274850845336914
YOL008W,YAL001C,0,2.3823338,0.10956370085477829,0.9063906669616699,0.8275862336158752
YDR452W,YBL071W-A,0,2.3820474,0.10955178737640381,0.9063906669616699,0.8276873230934143
YLR071C,YPL081W,0,2.381854,0.10953986644744873,0.9063906669616699,0.8277884721755981
YBR265W,YKL184W,0,2.381409,0.10952795296907425,0.9063906669616699,0.8278895616531372
YMR277W,YNL047C,0,2.3810983,0.10951603949069977,0.9063906669616699,0.827990710735321
YNL252C,YGL150C,0,2.3809955,0.10950413346290588,0.9063906669616699,0.8280918002128601
YKL167C,YBR044C,0,2.3807936,0.109492227435112,0.9063906669616699,0.828192949295044
YNL058C,YBL105C,0,2.3802938,0.10948032140731812,0.9063906669616699,0.828294038772583
YGR038W,YAL055W,0,2.3801455,0.10946842283010483,0.9063906669616699,0.8283951878547668
YDL226C,YKR018C,0,2.379053,0.10945652425289154,0.9063906669616699,0.8284963369369507
YGL043W,YML051W,1,2.3788233,0.10955330729484558,0.9072907567024231,0.8284963369369507
YOR115C,YHR107C,0,2.3784885,0.1095414012670517,0.9072907567024231,0.8285974264144897
YMR052W,YGL166W,0,2.3783498,0.10952950268983841,0.9072907567024231,0.8286985754966736
YHR216W,YOR007C,0,2.3780584,0.10951760411262512,0.9072907567024231,0.8287996649742126
YPR101W,YBR104W,0,2.3777003,0.10950570553541183,0.9072907567024231,0.8289008140563965
YNL088W,YJL137C,0,2.3776789,0.10949380695819855,0.9072907567024231,0.8290019035339355
YNL305C,YGR284C,0,2.3769069,0.10948191583156586,0.9072907567024231,0.8291030526161194
YIL157C,YHR042W,0,2.3768826,0.10947002470493317,0.9072907567024231,0.8292041420936584
YLR340W,YBL036C,0,2.3767118,0.10945814102888107,0.9072907567024231,0.8293052911758423
YOR173W,YER026C,0,2.376617,0.10944625735282898,0.9072907567024231,0.8294064402580261
YDL188C,YNL053W,0,2.376583,0.10943437367677689,0.9072907567024231,0.8295075297355652
YPL118W,YMR251W-A,0,2.3763871,0.10942249000072479,0.9072907567024231,0.829608678817749
YPL029W,YOR198C,0,2.3759508,0.1094106137752533,0.9072907567024231,0.8297097682952881
YNL116W,YBL100W-A,0,2.3757443,0.1093987375497818,0.9072907567024231,0.8298109173774719
YHR115C,YOL001W,0,2.3755836,0.1093868687748909,0.9072907567024231,0.829912006855011
YJL002C,YJL122W,0,2.375412,0.109375,0.9072907567024231,0.8300131559371948
YDL181W,YNL058C,0,2.375185,0.1093631312251091,0.9072907567024231,0.8301142454147339
YCL038C,YJL014W,0,2.3749995,0.1093512699007988,0.9072907567024231,0.8302153944969177
YNL177C,YBR244W,0,2.3747933,0.1093394085764885,0.9072907567024231,0.8303164839744568
YNL072W,YDR352W,0,2.3747878,0.10932754725217819,0.9072907567024231,0.8304176330566406
YLR225C,YER035W,0,2.374724,0.10931569337844849,0.9072907567024231,0.8305187821388245
YLR262C,YBR288C,0,2.3747084,0.10930383950471878,0.9072907567024231,0.8306198716163635
YKR024C,YDR037W,0,2.3743982,0.10929198563098907,0.9072907567024231,0.8307210206985474
YML113W,YGL013C,1,2.3742743,0.1093885526061058,0.9081908464431763,0.8307210206985474
YOR095C,YDL165W,0,2.374177,0.1093766912817955,0.9081908464431763,0.8308221101760864
YIL016W,YJL050W,0,2.3740854,0.1093648374080658,0.9081908464431763,0.8309232592582703
YKL125W,YJL184W,0,2.373664,0.10935298353433609,0.9081908464431763,0.8310243487358093
YDR302W,YNL152W,0,2.373218,0.10934113711118698,0.9081908464431763,0.8311254978179932
YNL241C,YDR409W,0,2.3730912,0.10932929068803787,0.9081908464431763,0.8312265872955322
YOR231W,YOR140W,0,2.372798,0.10931744426488876,0.9081908464431763,0.8313277363777161
YDL002C,YPL268W,0,2.372532,0.10930559784173965,0.9081908464431763,0.8314288854598999
YGR215W,YLR449W,0,2.3724926,0.10929375886917114,0.9081908464431763,0.831529974937439
YOR208W,YJR077C,0,2.371961,0.10928191989660263,0.9081908464431763,0.8316311240196228
YLR369W,YOL027C,0,2.3719444,0.10927008837461472,0.9081908464431763,0.8317322134971619
YMR164C,YLR110C,0,2.371778,0.1092582568526268,0.9081908464431763,0.8318333625793457
YCR042C,YDR450W,0,2.371716,0.10924642533063889,0.9081908464431763,0.8319344520568848
YBR088C,YBL035C,1,2.3717084,0.10934285819530487,0.9090909361839294,0.8319344520568848
YOL068C,YFR037C,1,2.3715205,0.10943927615880966,0.9099910259246826,0.8319344520568848
YIL010W,YKL167C,0,2.3708482,0.10942742973566055,0.9099910259246826,0.8320356011390686
YOR128C,YCR067C,0,2.3704777,0.10941558331251144,0.9099910259246826,0.8321366906166077
YJR105W,YKL209C,0,2.3701034,0.10940374433994293,0.9099910259246826,0.8322378396987915
YOR229W,YGR280C,0,2.3698468,0.10939190536737442,0.9099910259246826,0.8323389887809753
YMR119W,YAL061W,0,2.369823,0.1093800738453865,0.9099910259246826,0.8324400782585144
YIL085C,YBR106W,0,2.3696313,0.10936824232339859,0.9099910259246826,0.8325412273406982
YCR071C,YDL213C,0,2.3694239,0.10935641080141068,0.9099910259246826,0.8326423168182373
YJL092W,YKR001C,0,2.3693876,0.10934457927942276,0.9099910259246826,0.8327434659004211
YDR113C,YLR002C,0,2.3692312,0.10933275520801544,0.9099910259246826,0.8328445553779602
YPL162C,YDL222C,0,2.3691874,0.10932093113660812,0.9099910259246826,0.832945704460144
YJL091C,YMR309C,0,2.3691554,0.1093091145157814,0.9099910259246826,0.8330467939376831
YJL051W,YLR110C,0,2.3685646,0.10929729789495468,0.9099910259246826,0.8331479430198669
YMR072W,YDL106C,1,2.368345,0.10939358174800873,0.9108911156654358,0.8331479430198669
YLL032C,YBR106W,0,2.3680077,0.10938175767660141,0.9108911156654358,0.8332490921020508
YPR101W,YDR051C,0,2.3676128,0.10936993360519409,0.9108911156654358,0.8333501815795898
YCR008W,YML072C,0,2.3675632,0.10935811698436737,0.9108911156654358,0.8334513306617737
YPL256C,YAR014C,0,2.3672068,0.10934630036354065,0.9108911156654358,0.8335524201393127
YOR360C,YPR112C,0,2.367156,0.10933448374271393,0.9108911156654358,0.8336535692214966
YNL275W,YMR167W,0,2.3671331,0.1093226745724678,0.9108911156654358,0.8337546586990356
YBR236C,YDR477W,0,2.367013,0.10931086540222168,0.9108911156654358,0.8338558077812195
YBR084C-A,YDR113C,0,2.36698,0.10929906368255615,0.9108911156654358,0.8339568972587585
YGR247W,YMR116C,0,2.3668225,0.10928725451231003,0.9108911156654358,0.8340580463409424
YMR021C,YKL008C,0,2.3668132,0.1092754527926445,0.9108911156654358,0.8341591954231262
YOR095C,YJL145W,0,2.366392,0.10926365852355957,0.9108911156654358,0.8342602849006653
YGR192C,YDL150W,0,2.3663497,0.10925186425447464,0.9108911156654358,0.8343614339828491
YCR102C,YIL063C,0,2.366159,0.10924006998538971,0.9108911156654358,0.8344625234603882
YML038C,YPR140W,0,2.3655977,0.10922827571630478,0.9108911156654358,0.834563672542572
YMR214W,YPL020C,0,2.3653874,0.10921648889780045,0.9108911156654358,0.8346647620201111
YGR132C,YPR004C,0,2.365285,0.10920470207929611,0.9108911156654358,0.8347659111022949
YDR058C,YER054C,0,2.3636794,0.10919292271137238,0.9108911156654358,0.834867000579834
YGR090W,YBL009W,0,2.3630834,0.10918114334344864,0.9108911156654358,0.8349681496620178
YIL023C,YPL270W,0,2.362853,0.1091693639755249,0.9108911156654358,0.8350692391395569
YLR323C,YPL049C,1,2.3626595,0.10926545411348343,0.911791205406189,0.8350692391395569
YLR424W,YIL050W,0,2.3625474,0.1092536672949791,0.911791205406189,0.8351703882217407
YPL016W,YBL027W,0,2.3619394,0.10924188792705536,0.911791205406189,0.8352715373039246
YLR135W,YLR117C,0,2.3618355,0.10923010855913162,0.911791205406189,0.8353726267814636
YLR388W,YJL118W,0,2.361549,0.10921832919120789,0.911791205406189,0.8354737758636475
YPL009C,YOR234C,0,2.3614316,0.10920655727386475,0.911791205406189,0.8355748653411865
YEL026W,YNL252C,0,2.3609705,0.1091947853565216,0.911791205406189,0.8356760144233704
YOL005C,YDL101C,1,2.3606682,0.10929079353809357,0.9126912951469421,0.8356760144233704
YMR030W,YDL147W,0,2.3603473,0.10927901417016983,0.9126912951469421,0.8357771039009094
YDR346C,YLR310C,0,2.3601522,0.10926724225282669,0.9126912951469421,0.8358782529830933
YHR141C,YGR140W,0,2.359735,0.10925547033548355,0.9126912951469421,0.8359793424606323
YLR332W,YGL002W,0,2.359405,0.10924369841814041,0.9126912951469421,0.8360804915428162
YPL030W,YBR154C,0,2.3590193,0.10923192650079727,0.9126912951469421,0.836181640625
YDR349C,YIR021W,0,2.3589158,0.10922016203403473,0.9126912951469421,0.8362827301025391
YGL150C,YNL326C,0,2.3583367,0.10920839756727219,0.9126912951469421,0.8363838791847229
YLR086W,YIL126W,1,2.3581958,0.10930433124303818,0.9135913848876953,0.8363838791847229
YNL169C,YMR162C,0,2.3581452,0.10929255932569504,0.9135913848876953,0.836484968662262
YCL033C,YGR206W,0,2.3580174,0.1092807948589325,0.9135913848876953,0.8365861177444458
YKR022C,YBR004C,0,2.3577888,0.10926903039216995,0.9135913848876953,0.8366872072219849
YEL063C,YLR378C,0,2.3574038,0.10925726592540741,0.9135913848876953,0.8367883563041687
YMR074C,YML098W,1,2.356379,0.10935313999652863,0.9144914746284485,0.8367883563041687
YOR256C,YEL071W,0,2.356182,0.10934136807918549,0.9144914746284485,0.8368894457817078
YIL049W,YJL014W,0,2.3561316,0.10932960361242294,0.9144914746284485,0.8369905948638916
YOR144C,YOR210W,0,2.3558345,0.1093178391456604,0.9144914746284485,0.8370917439460754
YGR285C,YNL220W,1,2.3554997,0.10941366106271744,0.9153915643692017,0.8370917439460754
YDR153C,YML111W,0,2.3553958,0.1094018965959549,0.9153915643692017,0.8371928334236145
YDL042C,YNL279W,0,2.3553753,0.10939012467861176,0.9153915643692017,0.8372939825057983
YGL145W,YPR033C,0,2.3551817,0.10937836021184921,0.9153915643692017,0.8373950719833374
YGL166W,YKR046C,0,2.355029,0.10936659574508667,0.9153915643692017,0.8374962210655212
YPL152W,YFL031W,0,2.3546443,0.10935483872890472,0.9153915643692017,0.8375973105430603
YOR360C,YOR133W,0,2.354394,0.10934308171272278,0.9153915643692017,0.8376984596252441
YKL220C,YJR144W,0,2.3543577,0.10933132469654083,0.9153915643692017,0.8377995491027832
YPR104C,YML038C,0,2.3535328,0.10931957513093948,0.9153915643692017,0.837900698184967
YOL088C,YAR003W,0,2.3534222,0.10930782556533813,0.9153915643692017,0.8380018472671509
YML078W,YHR141C,0,2.3530822,0.10929607599973679,0.9153915643692017,0.8381029367446899
YHR007C,YGL257C,0,2.3527412,0.10928433388471603,0.9153915643692017,0.8382040858268738
YAL005C,YIL067C,0,2.3522797,0.10927259176969528,0.9153915643692017,0.8383051753044128
YBL102W,YKR022C,0,2.3520446,0.10926084965467453,0.9153915643692017,0.8384063243865967
YPL170W,YLR027C,0,2.3519654,0.10924911499023438,0.9153915643692017,0.8385074138641357
YEL046C,YPR079W,0,2.3516905,0.10923738032579422,0.9153915643692017,0.8386085629463196
YLR051C,YDR051C,0,2.3509626,0.10922564566135406,0.9153915643692017,0.8387096524238586
YIL063C,YHR196W,0,2.3507357,0.1092139184474945,0.9153915643692017,0.8388108015060425
YOL146W,YKL084W,0,2.3500783,0.10920219123363495,0.9153915643692017,0.8389119505882263
YHR206W,YDR207C,1,2.3499904,0.10929783433675766,0.9162916541099548,0.8389119505882263
YAR003W,YBL105C,0,2.3489084,0.1092860996723175,0.9162916541099548,0.8390130400657654
YDR237W,YPL118W,0,2.348734,0.10927436500787735,0.9162916541099548,0.8391141891479492
YDR006C,YJR125C,0,2.3482127,0.10926263779401779,0.9162916541099548,0.8392152786254883
YOR095C,YGR275W,0,2.3482003,0.10925091058015823,0.9162916541099548,0.8393164277076721
YOL097C,YOR307C,0,2.348166,0.10923919081687927,0.9162916541099548,0.8394175171852112
YHR034C,YDR237W,0,2.3481574,0.10922747105360031,0.9162916541099548,0.839518666267395
YML066C,YDL025C,0,2.3479118,0.10921575129032135,0.9162916541099548,0.8396197557449341
YER019W,YEL047C,0,2.34782,0.10920403152704239,0.9162916541099548,0.8397209048271179
YKL086W,YLR297W,0,2.347737,0.10919231921434402,0.9162916541099548,0.8398220539093018
YDR462W,YDL126C,0,2.3477037,0.10918060690164566,0.9162916541099548,0.8399231433868408
YMR135C,YPL005W,0,2.3476968,0.1091689020395279,0.9162916541099548,0.8400242924690247
YMR278W,YIL044C,0,2.3466208,0.10915719717741013,0.9162916541099548,0.8401253819465637
YAL042W,YML121W,0,2.3465538,0.10914549231529236,0.9162916541099548,0.8402265310287476
YPL053C,YFL034C-B,0,2.3465505,0.10913378745317459,0.9162916541099548,0.8403276205062866
YJR099W,YCR079W,0,2.3461058,0.10912209004163742,0.9162916541099548,0.8404287695884705
YOL146W,YGL097W,0,2.346025,0.10911040008068085,0.9162916541099548,0.8405298590660095
YOR284W,YOR344C,0,2.3455994,0.10909870266914368,0.9162916541099548,0.8406310081481934
YDR348C,YAL009W,0,2.3449183,0.1090870127081871,0.9162916541099548,0.8407320976257324
YDR006C,YML024W,0,2.3445563,0.10907532274723053,0.9162916541099548,0.8408332467079163
YDR194C,YML065W,0,2.344413,0.10906364023685455,0.9162916541099548,0.8409343957901001
YEL063C,YOL077W-A,0,2.3443298,0.10905195772647858,0.9162916541099548,0.8410354852676392
YKL025C,YFR044C,0,2.3441553,0.1090402752161026,0.9162916541099548,0.841136634349823
YAL014C,YIL067C,0,2.3441148,0.10902859270572662,0.9162916541099548,0.8412377238273621
YDL155W,YGL022W,0,2.3438635,0.10901691764593124,0.9162916541099548,0.8413388729095459
YDL188C,YNL321W,0,2.343669,0.10900525003671646,0.9162916541099548,0.841439962387085
YLL039C,YPL072W,0,2.3435593,0.10899357497692108,0.9162916541099548,0.8415411114692688
YOR321W,YPR023C,0,2.3430743,0.1089819073677063,0.9162916541099548,0.8416422009468079
YJL116C,YGR092W,0,2.3426857,0.10897023975849152,0.9162916541099548,0.8417433500289917
YOR094W,YGR172C,0,2.341857,0.10895857959985733,0.9162916541099548,0.8418444991111755
YGL245W,YIL067C,0,2.3417063,0.10894691944122314,0.9162916541099548,0.8419455885887146
YPR185W,YNL265C,0,2.3414187,0.10893525928258896,0.9162916541099548,0.8420467376708984
YMR266W,YIL103W,0,2.3411577,0.10892360657453537,0.9162916541099548,0.8421478271484375
YDR293C,YPR079W,0,2.3406172,0.10891195386648178,0.9162916541099548,0.8422489762306213
YPL158C,YBL071W-A,0,2.3404913,0.10890030115842819,0.9162916541099548,0.8423500657081604
YMR068W,YDL222C,0,2.3398986,0.1088886484503746,0.9162916541099548,0.8424512147903442
YNL186W,YNL154C,0,2.3380623,0.10887700319290161,0.9162916541099548,0.8425523042678833
YJR086W,YML029W,0,2.337243,0.10886536538600922,0.9162916541099548,0.8426534533500671
YML022W,YNL148C,0,2.3360853,0.10885372012853622,0.9162916541099548,0.842754602432251
YHR039C,YKR024C,0,2.335806,0.10884208232164383,0.9162916541099548,0.84285569190979
YGR090W,YNL090W,0,2.3355641,0.10883044451475143,0.9162916541099548,0.8429568409919739
YAL061W,YPL249C,0,2.3349063,0.10881881415843964,0.9162916541099548,0.8430579304695129
YOR173W,YPR023C,0,2.33477,0.10880718380212784,0.9162916541099548,0.8431590795516968
YDL020C,YPL187W,0,2.333956,0.10879555344581604,0.9162916541099548,0.8432601690292358
YNR039C,YPR033C,0,2.3333688,0.10878393054008484,0.9162916541099548,0.8433613181114197
YIL040W,YJL014W,0,2.333127,0.10877230763435364,0.9162916541099548,0.8434624075889587
YER019W,YGR065C,0,2.3331087,0.10876068472862244,0.9162916541099548,0.8435635566711426
YKL043W,YOR033C,1,2.3327837,0.10885588824748993,0.917191743850708,0.8435635566711426
YLR132C,YPL032C,0,2.3326545,0.10884426534175873,0.917191743850708,0.8436647057533264
YML126C,YGR172C,0,2.3319845,0.10883264243602753,0.917191743850708,0.8437657952308655
YNR073C,YER075C,0,2.3319664,0.10882101953029633,0.917191743850708,0.8438669443130493
YKR003W,YJL154C,0,2.331952,0.10880939662456512,0.917191743850708,0.8439680337905884
YKL046C,YGR172C,0,2.3312788,0.10879778116941452,0.917191743850708,0.8440691828727722
YPL241C,YHL020C,0,2.3310938,0.10878616571426392,0.917191743850708,0.8441702723503113
YKL209C,YHR143W-A,0,2.3309555,0.10877455025911331,0.917191743850708,0.8442714214324951
YGL038C,YKR024C,0,2.3304677,0.1087629422545433,0.917191743850708,0.8443725109100342
YDR519W,YPL118W,0,2.3304377,0.1087513342499733,0.917191743850708,0.844473659992218
YGR240C,YGL181W,0,2.3301296,0.10873972624540329,0.917191743850708,0.8445748090744019
YNR023W,YML038C,0,2.3297784,0.10872812569141388,0.917191743850708,0.8446758985519409
YHR034C,YBR014C,0,2.3294756,0.10871652513742447,0.917191743850708,0.8447770476341248
YGL002W,YMR113W,0,2.3294573,0.10870493203401566,0.917191743850708,0.8448781371116638
YHR178W,YIL036W,1,2.3291874,0.1088000014424324,0.9180918335914612,0.8448781371116638
YNL329C,YBR199W,0,2.3285294,0.1087883934378624,0.9180918335914612,0.8449792861938477
YPL241C,YER001W,0,2.3283615,0.10877679288387299,0.9180918335914612,0.8450803756713867
YGL043W,YGR044C,1,2.3281279,0.10887182503938675,0.9189919233322144,0.8450803756713867
YGR074W,YLR002C,0,2.3280377,0.10886021703481674,0.9189919233322144,0.8451815247535706
YGR192C,YPL170W,0,2.3271313,0.10884861648082733,0.9189919233322144,0.8452826142311096
YMR079W,YBR139W,0,2.3269575,0.10883700847625732,0.9189919233322144,0.8453837633132935
YCR088W,YFR004W,0,2.3266072,0.10882540792226791,0.9189919233322144,0.8454848527908325
YBR084C-A,YER048C,0,2.326489,0.1088138148188591,0.9189919233322144,0.8455860018730164
YHR191C,YJL160C,0,2.3262901,0.10880221426486969,0.9189919233322144,0.8456871509552002
YBR084C-A,YDR119W,0,2.3262448,0.10879062116146088,0.9189919233322144,0.8457882404327393
YNL090W,YOL075C,0,2.3260798,0.10877903550863266,0.9189919233322144,0.8458893895149231
YOR094W,YIL023C,0,2.325914,0.10876744240522385,0.9189919233322144,0.8459904789924622
YDL193W,YMR116C,0,2.3250213,0.10875585675239563,0.9189919233322144,0.846091628074646
YNL071W,YGL022W,0,2.3239264,0.10874427855014801,0.9189919233322144,0.8461927175521851
YPL055C,YNL265C,0,2.323442,0.1087326928973198,0.9189919233322144,0.8462938666343689
YGR287C,YJR019C,0,2.323319,0.10872111469507217,0.9189919233322144,0.846394956111908
YIR003W,YOR007C,0,2.3230095,0.10870953649282455,0.9189919233322144,0.8464961051940918
YBR073W,YNR036C,0,2.322887,0.10869796574115753,0.9189919233322144,0.8465972542762756
YEL034W,YKR025W,0,2.322489,0.10868639498949051,0.9189919233322144,0.8466983437538147
YDL052C,YGL254W,0,2.3224328,0.10867482423782349,0.9189919233322144,0.8467994928359985
YCR102C,YEL004W,0,2.3224277,0.10866326093673706,0.9189919233322144,0.8469005823135376
YNR026C,YLR355C,0,2.3223133,0.10865169763565063,0.9189919233322144,0.8470017313957214
YGR148C,YLR110C,0,2.3216362,0.10864013433456421,0.9189919233322144,0.8471028208732605
YJR127C,YDR224C,1,2.3214054,0.10873497277498245,0.9198920130729675,0.8471028208732605
YHR003C,YJR077C,0,2.3211021,0.10872340202331543,0.9198920130729675,0.8472039699554443
YDR322C-A,YGL029W,0,2.320915,0.108711838722229,0.9198920130729675,0.8473050594329834
YMR058W,YGR067C,0,2.320836,0.10870027542114258,0.9198920130729675,0.8474062085151672
YJL151C,YCR042C,0,2.3207958,0.10868871957063675,0.9198920130729675,0.8475073575973511
YIL021W,YDR499W,1,2.3207207,0.10878349840641022,0.9207921028137207,0.8475073575973511
YNR023W,YPL232W,0,2.3204553,0.1087719276547432,0.9207921028137207,0.8476084470748901
YOR017W,YDR522C,0,2.3201013,0.10876036435365677,0.9207921028137207,0.847709596157074
YNL075W,YOR205C,0,2.3200831,0.10874880105257034,0.9207921028137207,0.847810685634613
YDR084C,YPR079W,0,2.319872,0.10873724520206451,0.9207921028137207,0.8479118347167969
YLR166C,YER019W,0,2.319759,0.10872568935155869,0.9207921028137207,0.8480129241943359
YMR189W,YGR231C,0,2.3192525,0.10871413350105286,0.9207921028137207,0.8481140732765198
YAL001C,YNR049C,0,2.3190467,0.10870258510112762,0.9207921028137207,0.8482151627540588
YPR058W,YGL187C,0,2.3190162,0.1086910292506218,0.9207921028137207,0.8483163118362427
YER019W,YML038C,0,2.3188186,0.10867948830127716,0.9207921028137207,0.8484174609184265
YNL071W,YBL105C,0,2.3181906,0.10866793990135193,0.9207921028137207,0.8485185503959656
YGR227W,YER170W,0,2.3176384,0.1086563989520073,0.9207921028137207,0.8486196994781494
YKR065C,YDL236W,0,2.317514,0.10864485800266266,0.9207921028137207,0.8487207889556885
YOL091W,YDL222C,0,2.3162236,0.10863332450389862,0.9207921028137207,0.8488219380378723
YGR231C,YOR028C,0,2.315732,0.10862179100513458,0.9207921028137207,0.8489230275154114
YDR451C,YER164W,1,2.315589,0.10871642082929611,0.9216921925544739,0.8489230275154114
YKL213C,YPL265W,0,2.3155684,0.10870487987995148,0.9216921925544739,0.8490241765975952
YDR143C,YLR095C,0,2.315486,0.10869334638118744,0.9216921925544739,0.8491252660751343
YCR069W,YFL034C-B,0,2.3153996,0.1086818054318428,0.9216921925544739,0.8492264151573181
YPL283C,YLR027C,0,2.3145828,0.10867027193307877,0.9216921925544739,0.849327564239502
YML007W,YCR048W,0,2.314239,0.10865874588489532,0.9216921925544739,0.849428653717041
YPL249C-A,YOL041C,0,2.3141408,0.10864721238613129,0.9216921925544739,0.8495298027992249
YOR363C,YER045C,1,2.3137026,0.10874177515506744,0.922592282295227,0.8495298027992249
YGR288W,YER176W,1,2.313458,0.10883632302284241,0.9234923720359802,0.8495298027992249
YLR242C,YIL121W,0,2.3133578,0.10882477462291718,0.9234923720359802,0.8496308922767639
YBR102C,YOR030W,0,2.312601,0.10881323367357254,0.9234923720359802,0.8497320413589478
YMR021C,YHR112C,0,2.312514,0.1088017001748085,0.9234923720359802,0.8498331308364868
YNR036C,YKR025W,0,2.3124342,0.10879015922546387,0.9234923720359802,0.8499342799186707
YHR124W,YGL032C,0,2.3123422,0.10877862572669983,0.9234923720359802,0.8500353693962097
YKR013W,YER183C,0,2.3120022,0.10876709222793579,0.9234923720359802,0.8501365184783936
YPL246C,YLR310C,0,2.3119607,0.10875556617975235,0.9234923720359802,0.8502376675605774
YNR026C,YOL027C,0,2.311632,0.10874404013156891,0.9234923720359802,0.8503387570381165
YJL050W,YDR291W,0,2.311514,0.10873251408338547,0.9234923720359802,0.8504399061203003
YJR043C,YHR045W,0,2.3112502,0.10872099548578262,0.9234923720359802,0.8505409955978394
YOR144C,YIR021W,0,2.3110335,0.10870946943759918,0.9234923720359802,0.8506421446800232
YDR307W,YOR122C,0,2.3108308,0.10869795829057693,0.9234923720359802,0.8507432341575623
YDL207W,YCR020W-B,0,2.310782,0.10868643969297409,0.9234923720359802,0.8508443832397461
YBL084C,YOR293W,0,2.3107657,0.10867492854595184,0.9234923720359802,0.8509454727172852
YOL128C,YCR024C-A,0,2.3107524,0.1086634173989296,0.9234923720359802,0.851046621799469
YJL151C,YMR291W,0,2.310214,0.10865191370248795,0.9234923720359802,0.8511477112770081
YDR186C,YLR136C,0,2.3100948,0.1086404100060463,0.9234923720359802,0.8512488603591919
YCR079W,YPL230W,0,2.3094761,0.10862890630960464,0.9234923720359802,0.8513500094413757
YBR236C,YCR003W,0,2.3085852,0.108617402613163,0.9234923720359802,0.8514510989189148
YKR081C,YLR210W,0,2.308512,0.10860590636730194,0.9234923720359802,0.8515522480010986
YOR202W,YKR086W,0,2.3078532,0.10859441012144089,0.9234923720359802,0.8516533374786377
YML008C,YML072C,0,2.3078513,0.10858292132616043,0.9234923720359802,0.8517544865608215
YLR310C,YBR068C,0,2.3077564,0.10857142508029938,0.9234923720359802,0.8518555760383606
YDR349C,YFR028C,0,2.3077254,0.10855994373559952,0.9234923720359802,0.8519567251205444
YNL252C,YIR035C,0,2.307601,0.10854845494031906,0.9234923720359802,0.8520578145980835
YML014W,YDL165W,0,2.3074737,0.1085369735956192,0.9234923720359802,0.8521589636802673
YPR020W,YOR133W,0,2.306943,0.10852549225091934,0.9234923720359802,0.8522601127624512
YAL042W,YGL187C,0,2.3067904,0.10851401090621948,0.9234923720359802,0.8523612022399902
YML126C,YOR003W,0,2.3060462,0.10850253701210022,0.9234923720359802,0.8524623513221741
YBR126C,YAL032C,0,2.3050032,0.10849106311798096,0.9234923720359802,0.8525634407997131
YLR393W,YLR319C,0,2.3048131,0.10847959667444229,0.9234923720359802,0.852664589881897
YML110C,YGL208W,0,2.3048053,0.10846812278032303,0.9234923720359802,0.852765679359436
YJL177W,YGR041W,0,2.304216,0.10845665633678436,0.9234923720359802,0.8528668284416199
YGL134W,YMR113W,0,2.304074,0.1084451973438263,0.9234923720359802,0.8529679179191589
YPR079W,YFR055W,0,2.3040667,0.10843373835086823,0.9234923720359802,0.8530690670013428
YPR029C,YEL046C,0,2.3037064,0.10842227935791016,0.9234923720359802,0.8531702160835266
YGL207W,YOR256C,0,2.303678,0.10841082036495209,0.9234923720359802,0.8532713055610657
YOL146W,YKL208W,0,2.3036556,0.10839936882257462,0.9234923720359802,0.8533724546432495
YDL102W,YOR116C,1,2.303521,0.10849355906248093,0.9243924617767334,0.8533724546432495
YDL150W,YKR024C,0,2.3031845,0.10848209261894226,0.9243924617767334,0.8534735441207886
YDL207W,YMR067C,0,2.3030715,0.10847064107656479,0.9243924617767334,0.8535746932029724
YBR132C,YOR178C,0,2.3030305,0.10845918208360672,0.9243924617767334,0.8536757826805115
YEL034W,YDR119W,0,2.3026924,0.10844773054122925,0.9243924617767334,0.8537769317626953
YER094C,YMR231W,0,2.30268,0.10843627899885178,0.9243924617767334,0.8538780212402344
YPL020C,YER016W,0,2.3025799,0.1084248274564743,0.9243924617767334,0.8539791703224182
YOL033W,YFR004W,0,2.3022346,0.10841338336467743,0.9243924617767334,0.854080319404602
YKR025W,YPR004C,0,2.3021817,0.10840193927288055,0.9243924617767334,0.8541814088821411
YNR056C,YBR201W,0,2.3020225,0.10839050263166428,0.9243924617767334,0.854282557964325
YGL145W,YOR171C,0,2.301496,0.108379065990448,0.9243924617767334,0.854383647441864
YJL137C,YGL150C,0,2.3013282,0.10836762934923172,0.9243924617767334,0.8544847965240479
YDR142C,YHR104W,0,2.3010678,0.10835619270801544,0.9243924617767334,0.8545858860015869
YPR079W,YDL222C,0,2.3010025,0.10834476351737976,0.9243924617767334,0.8546870350837708
YFL016C,YMR278W,0,2.3009572,0.10833333432674408,0.9243924617767334,0.8547881245613098
YLR222C,YDR198C,0,2.3007994,0.1083219051361084,0.9243924617767334,0.8548892736434937
YOR361C,YER172C,0,2.3006442,0.10831048339605331,0.9243924617767334,0.8549904227256775
YGR152C,YDL212W,0,2.300603,0.10829906165599823,0.9243924617767334,0.8550915122032166
YDR210W,YBR215W,0,2.3005223,0.10828763991594315,0.9243924617767334,0.8551926612854004
YCR102C,YDR519W,0,2.3002305,0.10827622562646866,0.9243924617767334,0.8552937507629395
YLR342W,YDR037W,0,2.2999191,0.10826481133699417,0.9243924617767334,0.8553948998451233
YGR247W,YER166W,0,2.2994778,0.10825339704751968,0.9243924617767334,0.8554959893226624
YLR406C,YBR104W,0,2.2987828,0.1082419902086258,0.9243924617767334,0.8555971384048462
YKR080W,YFL034C-B,0,2.2983494,0.1082305833697319,0.9243924617767334,0.8556982278823853
YER144C,YEL011W,0,2.2980523,0.10821917653083801,0.9243924617767334,0.8557993769645691
YPR023C,YJL118W,0,2.2977972,0.10820777714252472,0.9243924617767334,0.8559004664421082
YNL329C,YKL018W,0,2.2974315,0.10819637775421143,0.9243924617767334,0.856001615524292
YOL016C,YDR162C,0,2.2972212,0.10818497836589813,0.9243924617767334,0.8561027646064758
YGL099W,YKR024C,0,2.2971492,0.10817358642816544,0.9243924617767334,0.8562038540840149
YMR202W,YJL210W,0,2.2962852,0.10816218703985214,0.9243924617767334,0.8563050031661987
YDL159W,YPR103W,0,2.296249,0.10815080255270004,0.9243924617767334,0.8564060926437378
YOR128C,YLR216C,0,2.2962425,0.10813941061496735,0.9243924617767334,0.8565072417259216
YCL033C,YML058W,0,2.2959476,0.10812802612781525,0.9243924617767334,0.8566083312034607
YPL032C,YIL103W,0,2.295611,0.10811664164066315,0.9243924617767334,0.8567094802856445
YLR135W,YOR171C,0,2.295353,0.10810526460409164,0.9243924617767334,0.8568105697631836
YGR227W,YML019W,0,2.2953053,0.10809388756752014,0.9243924617767334,0.8569117188453674
YJL047C,YDR099W,0,2.2950234,0.10808251053094864,0.9243924617767334,0.8570128679275513
YJL209W,YDR037W,0,2.2950182,0.10807113349437714,0.9243924617767334,0.8571139574050903
YMR214W,YHR200W,0,2.294989,0.10805976390838623,0.9243924617767334,0.8572151064872742
YIR007W,YPR079W,0,2.2947912,0.10804839432239532,0.9243924617767334,0.8573161959648132
YDL020C,YKR039W,0,2.2943478,0.10803703218698502,0.9243924617767334,0.8574173450469971
YOL060C,YDR409W,0,2.2936363,0.10802566260099411,0.9243924617767334,0.8575184345245361
YGL145W,YPR112C,0,2.2935662,0.1080143004655838,0.9243924617767334,0.85761958360672
YML008C,YER004W,0,2.2927442,0.10800294578075409,0.9243924617767334,0.857720673084259
YOL039W,YPL029W,0,2.292729,0.10799159109592438,0.9243924617767334,0.8578218221664429
YPL227C,YPL108W,0,2.2918847,0.10798023641109467,0.9243924617767334,0.8579229712486267
YLR342W,YBR136W,0,2.2918677,0.10796888172626495,0.9243924617767334,0.8580240607261658
YPL088W,YOR100C,0,2.2906055,0.10795753449201584,0.9243924617767334,0.8581252098083496
YIL105C,YDR258C,0,2.2905893,0.10794618725776672,0.9243924617767334,0.8582262992858887
YEL055C,YCR003W,0,2.2905843,0.10793484002351761,0.9243924617767334,0.8583274483680725
YKR045C,YKR042W,0,2.2902498,0.10792350023984909,0.9243924617767334,0.8584285378456116
YGR068C,YOR028C,0,2.2892141,0.10791216045618057,0.9243924617767334,0.8585296869277954
YHR115C,YIL157C,0,2.2891448,0.10790082067251205,0.9243924617767334,0.8586307764053345
YGR207C,YDL239C,0,2.2890944,0.10788948088884354,0.9243924617767334,0.8587319254875183
YHR098C,YCR043C,0,2.2885027,0.10787814855575562,0.9243924617767334,0.8588330745697021
YGR157W,YIL066C,0,2.2880635,0.10786682367324829,0.9243924617767334,0.8589341640472412
YNL090W,YDR155C,0,2.288041,0.10785549134016037,0.9243924617767334,0.859035313129425
YML126C,YMR113W,0,2.2879639,0.10784416645765305,0.9243924617767334,0.8591364026069641
YOR128C,YDR016C,0,2.2875326,0.10783284157514572,0.9243924617767334,0.859237551689148
YDL052C,YML072C,0,2.2874372,0.107821524143219,0.9243924617767334,0.859338641166687
YBL040C,YER019W,0,2.2866168,0.10781020671129227,0.9243924617767334,0.8594397902488708
YDR311W,YDR027C,0,2.286429,0.10779888927936554,0.9243924617767334,0.8595408797264099
YOR118W,YBR298C,0,2.2859845,0.10778757184743881,0.9243924617767334,0.8596420288085938
YHL027W,YOR330C,1,2.2856283,0.10788120329380035,0.9252925515174866,0.8596420288085938
YLR135W,YEL004W,0,2.284841,0.10786988586187363,0.9252925515174866,0.8597431778907776
YPR183W,YNL312W,0,2.2846527,0.1078585684299469,0.9252925515174866,0.8598442673683167
YBR070C,YJL115W,0,2.2845435,0.10784725099802017,0.9252925515174866,0.8599454164505005
YML027W,YOR038C,1,2.284493,0.10794083774089813,0.9261926412582397,0.8599454164505005
YOR354C,YDL213C,0,2.2842715,0.10792951285839081,0.9261926412582397,0.8600465059280396
YDR113C,YNL229C,0,2.2837791,0.10791819542646408,0.9261926412582397,0.8601476550102234
YGL043W,YDR291W,0,2.2837324,0.10790687799453735,0.9261926412582397,0.8602487444877625
YNL222W,YIL015W,0,2.2834716,0.10789556801319122,0.9261926412582397,0.8603498935699463
YPR110C,YGL201C,1,2.2829363,0.10798909515142441,0.9270927309989929,0.8603498935699463
YOR172W,YOR358W,1,2.2828245,0.1080826073884964,0.9279928207397461,0.8603498935699463
YGL048C,YNL152W,0,2.282648,0.10807128250598907,0.9279928207397461,0.8604509830474854
YJR064W,YGR091W,0,2.2824254,0.10805995017290115,0.9279928207397461,0.8605521321296692
YGR209C,YLR119W,0,2.2821326,0.10804862529039383,0.9279928207397461,0.8606532216072083
YOL110W,YGL012W,0,2.2820778,0.1080373078584671,0.9279928207397461,0.8607543706893921
YPL124W,YDR450W,0,2.2820096,0.10802598297595978,0.9279928207397461,0.8608555197715759
YLR408C,YGR209C,0,2.2818346,0.10801466554403305,0.9279928207397461,0.860956609249115
YCR102C,YDR237W,0,2.281331,0.10800335556268692,0.9279928207397461,0.8610577583312988
YLR297W,YDR202C,0,2.2806356,0.10799203813076019,0.9279928207397461,0.8611588478088379
YGL023C,YHR072W,0,2.2805574,0.10798072814941406,0.9279928207397461,0.8612599968910217
YDL207W,YKR080W,0,2.2805324,0.10796941816806793,0.9279928207397461,0.8613610863685608
YDR198C,YNL220W,0,2.2801003,0.1079581156373024,0.9279928207397461,0.8614622354507446
YOR368W,YLR155C,0,2.279992,0.10794681310653687,0.9279928207397461,0.8615633249282837
YDR119W,YBL027W,0,2.279954,0.10793551057577133,0.9279928207397461,0.8616644740104675
YKL113C,YGR132C,0,2.2799053,0.1079242154955864,0.9279928207397461,0.8617656230926514
YGR056W,YBR150C,1,2.279366,0.10801758617162704,0.9288929104804993,0.8617656230926514
YDR310C,YMR241W,1,2.2787442,0.1081109344959259,0.9297930002212524,0.8617656230926514
YKL084W,YIL067C,0,2.2786512,0.10809962451457977,0.9297930002212524,0.8618667125701904
YMR293C,YNL177C,0,2.2784262,0.10808831453323364,0.9297930002212524,0.8619678616523743
YPR058W,YLR449W,0,2.2783318,0.10807700455188751,0.9297930002212524,0.8620689511299133
YCR102C,YBR008C,0,2.277987,0.10806569457054138,0.9297930002212524,0.8621701002120972
YDL178W,YNL254C,0,2.2777245,0.10805439203977585,0.9297930002212524,0.8622711896896362
YBR084C-A,YDR153C,0,2.2775517,0.10804308950901031,0.9297930002212524,0.8623723387718201
YNL209W,YDL226C,0,2.277257,0.10803179442882538,0.9297930002212524,0.8624734282493591
YGL224C,YBR008C,0,2.2763464,0.10802049934864044,0.9297930002212524,0.862574577331543
YML078W,YBR056W,0,2.2762241,0.1080092042684555,0.9297930002212524,0.8626757264137268
YBR288C,YOR122C,0,2.276146,0.10799790918827057,0.9297930002212524,0.8627768158912659
YER016W,YHR084W,0,2.2760248,0.10798662155866623,0.9297930002212524,0.8628779649734497
YKR067W,YBR110W,0,2.275846,0.10797533392906189,0.9297930002212524,0.8629790544509888
YHR141C,YGR231C,0,2.2758198,0.10796404629945755,0.9297930002212524,0.8630802035331726
YGR186W,YMR190C,0,2.2757158,0.10795276612043381,0.9297930002212524,0.8631812930107117
YBR161W,YCR020W-B,0,2.2755728,0.10794148594141006,0.9297930002212524,0.8632824420928955
YBR293W,YBR179C,0,2.2750468,0.10793020576238632,0.9297930002212524,0.8633835315704346
YLR035C,YLL010C,0,2.2749171,0.10791893303394318,0.9297930002212524,0.8634846806526184
YMR293C,YKR003W,0,2.2746,0.10790766030550003,0.9297930002212524,0.8635858297348022
YFR051C,YLR133W,0,2.2745457,0.10789638757705688,0.9297930002212524,0.8636869192123413
YPR020W,YMR116C,0,2.2743917,0.10788511484861374,0.9297930002212524,0.8637880682945251
YCL030C,YMR162C,0,2.2739701,0.10787384957075119,0.9297930002212524,0.8638891577720642
YCR017C,YOR375C,0,2.2738376,0.10786258429288864,0.9297930002212524,0.863990306854248
YCR042C,YKR045C,0,2.2736592,0.10785132646560669,0.9297930002212524,0.8640913963317871
YOL013C,YNL169C,0,2.2735744,0.10784006863832474,0.9297930002212524,0.864192545413971
YNL229C,YLR355C,0,2.2728672,0.10782881081104279,0.9297930002212524,0.86429363489151
YER146W,YIL121W,0,2.2727628,0.10781755298376083,0.9297930002212524,0.8643947839736938
YPL237W,YJR056C,0,2.2724361,0.10780630260705948,0.9297930002212524,0.8644959330558777
YIL023C,YDR480W,0,2.2723494,0.10779505223035812,0.9297930002212524,0.8645970225334167
YML123C,YBR127C,0,2.272204,0.10778380930423737,0.9297930002212524,0.8646981716156006
YDR382W,YML111W,0,2.2716174,0.10777255892753601,0.9297930002212524,0.8647992610931396
YDR202C,YOR368W,0,2.2714427,0.10776131600141525,0.9297930002212524,0.8649004101753235
YNL315C,YKL208W,0,2.271099,0.10775008052587509,0.9297930002212524,0.8650014996528625
YEL077C,YBR079C,0,2.270392,0.10773883759975433,0.9297930002212524,0.8651026487350464
YMR161W,YOR298C-A,0,2.2702823,0.10772760212421417,0.9297930002212524,0.8652037382125854
YHR003C,YMR121C,0,2.2701924,0.10771637409925461,0.9297930002212524,0.8653048872947693
YPL268W,YOL013C,0,2.2701616,0.10770513862371445,0.9297930002212524,0.8654060363769531
YAR071W,YNL177C,0,2.2693763,0.10769391059875488,0.9297930002212524,0.8655071258544922
YER003C,YLR233C,0,2.2692785,0.10768268257379532,0.9297930002212524,0.865608274936676
YDR027C,YHR121W,0,2.2692285,0.10767146199941635,0.9297930002212524,0.8657093644142151
YOR354C,YHR141C,0,2.2689779,0.10766024142503738,0.9297930002212524,0.8658105134963989
YPL212C,YNL220W,0,2.267989,0.10764902085065842,0.9297930002212524,0.865911602973938
YJR099W,YOR344C,0,2.2679205,0.10763780027627945,0.9297930002212524,0.8660127520561218
YML022W,YFL008W,0,2.266563,0.10762658715248108,0.9297930002212524,0.8661138415336609
YGR183C,YGR132C,0,2.2659965,0.10761537402868271,0.9297930002212524,0.8662149906158447
YBL006C,YGR109C,0,2.2653265,0.10760416835546494,0.9297930002212524,0.8663160800933838
YDR322C-A,YFL018C,0,2.2653189,0.10759296268224716,0.9297930002212524,0.8664172291755676
YPL029W,YER157W,0,2.2648964,0.10758175700902939,0.9297930002212524,0.8665183782577515
YNL257C,YDR194C,0,2.2639556,0.10757055133581161,0.9297930002212524,0.8666194677352905
YIL023C,YGL254W,0,2.2638583,0.10755935311317444,0.9297930002212524,0.8667206168174744
YLR442C,YFR037C,1,2.2635713,0.10765226185321808,0.9306930899620056,0.8667206168174744
YBL027W,YIL114C,0,2.2629664,0.1076410561800003,0.9306930899620056,0.8668217062950134
YBR227C,YNL256W,0,2.2622967,0.10762985050678253,0.9306930899620056,0.8669228553771973
YDR141C,YDR001C,0,2.2622552,0.10761865228414536,0.9306930899620056,0.8670239448547363
YIL091C,YHR141C,0,2.2620792,0.10760745406150818,0.9306930899620056,0.8671250939369202
YKL213C,YPR082C,0,2.2613297,0.107596255838871,0.9306930899620056,0.8672261834144592
YCL011C,YOR038C,1,2.261229,0.10768910497426987,0.9315931797027588,0.8672261834144592
YIR007W,YDR484W,0,2.2611566,0.1076778993010521,0.9315931797027588,0.8673273324966431
YOR229W,YGR215W,0,2.261126,0.10766670107841492,0.9315931797027588,0.8674284815788269
YBL002W,YOL049W,0,2.261098,0.10765550285577774,0.9315931797027588,0.867529571056366
YMR224C,YLR304C,1,2.2609196,0.10774830728769302,0.932493269443512,0.867529571056366
YLR340W,YER016W,0,2.260828,0.10773710161447525,0.932493269443512,0.8676307201385498
YML025C,YPL008W,0,2.2600946,0.10772590339183807,0.932493269443512,0.8677318096160889
YMR074C,YDL164C,1,2.2596793,0.10781867057085037,0.9333933591842651,0.8677318096160889
YBR019C,YOL001W,0,2.2595854,0.1078074648976326,0.9333933591842651,0.8678329586982727
YGL022W,YPL079W,0,2.2592945,0.10779625922441483,0.9333933591842651,0.8679340481758118
YHL033C,YPR112C,0,2.259091,0.10778505355119705,0.9333933591842651,0.8680351972579956
YOR368W,YOR231W,0,2.2587667,0.10777384787797928,0.9333933591842651,0.8681362867355347
YNL088W,YDR519W,0,2.2580538,0.1077626496553421,0.9333933591842651,0.8682374358177185
YHL002W,YBL045C,0,2.2578354,0.10775145143270493,0.9333933591842651,0.8683385848999023
YIL041W,YDL025C,0,2.257021,0.10774026066064835,0.9333933591842651,0.8684396743774414
YAR008W,YAR071W,0,2.25659,0.10772906988859177,0.9333933591842651,0.8685408234596252
YIL016W,YPL072W,0,2.2549107,0.10771787911653519,0.9333933591842651,0.8686419129371643
YBR275C,YLR150W,1,2.254615,0.10781054943799973,0.9342934489250183,0.8686419129371643
YOL146W,YPL181W,0,2.254498,0.10779935866594315,0.9342934489250183,0.8687430620193481
YKL032C,YDR213W,1,2.253579,0.1078920066356659,0.9351935386657715,0.8687430620193481
YDR143C,YGR013W,0,2.2534451,0.10788080096244812,0.9351935386657715,0.8688441514968872
YDR339C,YKR080W,0,2.2529075,0.10786960273981094,0.9351935386657715,0.868945300579071
YLR166C,YBR139W,0,2.2527232,0.10785840451717377,0.9351935386657715,0.8690463900566101
YMR236W,YDR303C,1,2.251966,0.10795100778341293,0.9360936284065247,0.8690463900566101
YGR048W,YGR013W,0,2.251823,0.10793980211019516,0.9360936284065247,0.869147539138794
YGL099W,YPR140W,0,2.2507446,0.10792860388755798,0.9360936284065247,0.8692486882209778
YGR038W,YPL032C,0,2.2504845,0.10791739821434021,0.9360936284065247,0.8693497776985168
YDR221W,YOL091W,0,2.2503605,0.10790620744228363,0.9360936284065247,0.8694509267807007
YGR059W,YOR003W,0,2.250039,0.10789500921964645,0.9360936284065247,0.8695520162582397
YLR070C,YGR261C,0,2.2499695,0.10788381844758987,0.9360936284065247,0.8696531653404236
YMR288W,YJL111W,0,2.2498283,0.1078726276755333,0.9360936284065247,0.8697542548179626
YPR025C,YOL060C,0,2.2491946,0.10786143690347672,0.9360936284065247,0.8698554039001465
YGR121C,YOR133W,0,2.2489438,0.10785025358200073,0.9360936284065247,0.8699564933776855
YGL043W,YDR363W,0,2.2487094,0.10783907026052475,0.9360936284065247,0.8700576424598694
YJR105W,YKR080W,0,2.2486691,0.10782788693904877,0.9360936284065247,0.8701587915420532
YPR101W,YKR080W,0,2.2484584,0.10781671106815338,0.9360936284065247,0.8702598810195923
YMR293C,YNL134C,0,2.2483397,0.107805535197258,0.9360936284065247,0.8703610301017761
YPR018W,YDR084C,0,2.248219,0.10779435932636261,0.9360936284065247,0.8704621195793152
YDR027C,YOL013C,0,2.2480488,0.10778319090604782,0.9360936284065247,0.870563268661499
YDR408C,YNL035C,0,2.2479458,0.10777202248573303,0.9360936284065247,0.8706643581390381
YNR012W,YEL042W,0,2.2479134,0.10776085406541824,0.9360936284065247,0.8707655072212219
YOL016C,YPR181C,0,2.2478929,0.10774968564510345,0.9360936284065247,0.870866596698761
YKR067W,YBR014C,0,2.2478328,0.10773852467536926,0.9360936284065247,0.8709677457809448
YPL227C,YLR077W,0,2.247591,0.10772736370563507,0.9360936284065247,0.8710688352584839
YMR280C,YIL067C,0,2.2474556,0.10771621018648148,0.9360936284065247,0.8711699843406677
YDR462W,YHR026W,0,2.247232,0.10770505666732788,0.9360936284065247,0.8712711334228516
YNL064C,YNR051C,0,2.2469373,0.10769390314817429,0.9360936284065247,0.8713722229003906
YPL236C,YGL208W,0,2.246185,0.10768274962902069,0.9360936284065247,0.8714733719825745
YLR110C,YGR280C,0,2.245112,0.10767160356044769,0.9360936284065247,0.8715744614601135
YBR280C,YOR321W,0,2.2443118,0.1076604574918747,0.9360936284065247,0.8716756105422974
YAL014C,YCR003W,0,2.2441673,0.1076493114233017,0.9360936284065247,0.8717767000198364
YIR022W,YGR256W,0,2.2435436,0.1076381728053093,0.9360936284065247,0.8718778491020203
YNL088W,YER016W,0,2.2431803,0.1076270341873169,0.9360936284065247,0.8719789385795593
YGR157W,YLR071C,0,2.242282,0.1076158955693245,0.9360936284065247,0.8720800876617432
YDR027C,YHR043C,0,2.2414885,0.10760475695133209,0.9360936284065247,0.872181236743927
YER078C,YGL245W,0,2.2411404,0.10759362578392029,0.9360936284065247,0.8722823262214661
YGL079W,YOR312C,0,2.2411299,0.10758249461650848,0.9360936284065247,0.8723834753036499
YNR032W,YOL130W,0,2.2409515,0.10757137089967728,0.9360936284065247,0.872484564781189
YKR018C,YMR067C,0,2.240756,0.10756024718284607,0.9360936284065247,0.8725857138633728
YLR069C,YDR293C,0,2.2406416,0.10754912346601486,0.9360936284065247,0.8726868033409119
YJR043C,YCR003W,0,2.2404852,0.10753799974918365,0.9360936284065247,0.8727879524230957
YDR322C-A,YJR044C,0,2.2403839,0.10752688348293304,0.9360936284065247,0.8728890419006348
YPL008W,YKR039W,0,2.2400856,0.10751576721668243,0.9360936284065247,0.8729901909828186
YOR208W,YDL010W,0,2.239975,0.10750465095043182,0.9360936284065247,0.8730913400650024
YDR267C,YDR198C,0,2.2399225,0.10749354213476181,0.9360936284065247,0.8731924295425415
YJR017C,YOR303W,0,2.239336,0.1074824333190918,0.9360936284065247,0.8732935786247253
YNL071W,YGL166W,0,2.2384949,0.10747132450342178,0.9360936284065247,0.8733946681022644
YOL068C,YGL008C,0,2.2383451,0.10746021568775177,0.9360936284065247,0.8734958171844482
YCR066W,YPR121W,0,2.238029,0.10744911432266235,0.9360936284065247,0.8735969066619873
YGL100W,YOR122C,0,2.2376447,0.10743801295757294,0.9360936284065247,0.8736980557441711
YJL092W,YER018C,0,2.2376232,0.10742691904306412,0.9360936284065247,0.8737991452217102
YDR202C,YML130C,0,2.2374,0.1074158251285553,0.9360936284065247,0.873900294303894
YBR217W,YER035W,0,2.2373466,0.10740473121404648,0.9360936284065247,0.8740014433860779
YGL179C,YDL222C,0,2.2373447,0.10739363729953766,0.9360936284065247,0.8741025328636169
YOR371C,YOR133W,0,2.2371037,0.10738255083560944,0.9360936284065247,0.8742036819458008
YCR068W,YMR268C,0,2.237031,0.10737146437168121,0.9360936284065247,0.8743047714233398
YNL315C,YHL013C,0,2.2365823,0.10736037790775299,0.9360936284065247,0.8744059205055237
YDL126C,YOR303W,0,2.2361126,0.10734929889440536,0.9360936284065247,0.8745070099830627
YLR069C,YKR039W,0,2.2360659,0.10733821988105774,0.9360936284065247,0.8746081590652466
YER026C,YIL050W,0,2.2360418,0.10732714086771011,0.9360936284065247,0.8747092485427856
YNL124W,YHR196W,0,2.2358224,0.10731606930494308,0.9360936284065247,0.8748103976249695
YKL163W,YJR113C,0,2.2356324,0.10730499029159546,0.9360936284065247,0.8749115467071533
YDL126C,YER157W,0,2.23556,0.10729392617940903,0.9360936284065247,0.8750126361846924
YGR108W,YLL054C,0,2.2347698,0.107282854616642,0.9360936284065247,0.8751137852668762
YLR027C,YJR014W,0,2.2342052,0.10727179050445557,0.9360936284065247,0.8752148747444153
YMR197C,YOR133W,0,2.2340732,0.10726072639226913,0.9360936284065247,0.8753160238265991
YDR081C,YIR023W,1,2.2338629,0.10735279321670532,0.9369937181472778,0.8753160238265991
YNL257C,YDR346C,0,2.233501,0.1073417216539383,0.9369937181472778,0.8754171133041382
YMR164C,YJR161C,0,2.2334328,0.10733065009117126,0.9369937181472778,0.875518262386322
YOL006C,YJR088C,0,2.2330575,0.10731958597898483,0.9369937181472778,0.8756193518638611
YIL117C,YLL023C,0,2.2330463,0.1073085218667984,0.9369937181472778,0.8757205009460449
YJL151C,YDR141C,0,2.2324457,0.10729746520519257,0.9369937181472778,0.875821590423584
YDR210W,YDL165W,0,2.2316499,0.10728640854358673,0.9369937181472778,0.8759227395057678
YMR116C,YAL042W,0,2.2314303,0.1072753518819809,0.9369937181472778,0.8760238885879517
YDR180W,YOR293W,0,2.2311034,0.10726429522037506,0.9369937181472778,0.8761249780654907
YOR371C,YLR256W,0,2.2307591,0.10725324600934982,0.9369937181472778,0.8762261271476746
YER039C,YCL038C,0,2.2306976,0.10724219679832458,0.9369937181472778,0.8763272166252136
YDR394W,YGL245W,0,2.2303312,0.10723114758729935,0.9369937181472778,0.8764283657073975
YKL127W,YML026C,0,2.2303286,0.1072201058268547,0.9369937181472778,0.8765294551849365
YDL178W,YGL077C,0,2.2291822,0.10720906406641006,0.9369937181472778,0.8766306042671204
YKL137W,YML001W,0,2.2283635,0.10719802230596542,0.9369937181472778,0.8767316937446594
YFL034C-B,YEL077C,0,2.2278204,0.10718698799610138,0.9369937181472778,0.8768328428268433
YPL053C,YOL044W,0,2.2277641,0.10717594623565674,0.9369937181472778,0.8769339919090271
YJL028W,YJR043C,0,2.227757,0.10716491937637329,0.9369937181472778,0.8770350813865662
YOR245C,YDL222C,0,2.2277403,0.10715388506650925,0.9369937181472778,0.87713623046875
YML046W,YOR312C,0,2.227326,0.1071428582072258,0.9369937181472778,0.8772373199462891
YDR334W,YDR501W,1,2.2265513,0.10723474621772766,0.937893807888031,0.8772373199462891
YDL226C,YPL249C-A,0,2.2260628,0.10722371190786362,0.937893807888031,0.8773384690284729
YOL008W,YGL097W,0,2.2260566,0.10721267759799957,0.937893807888031,0.877439558506012
YOL044W,YOR197W,0,2.2253022,0.10720164328813553,0.937893807888031,0.8775407075881958
YKL222C,YFR055W,0,2.225171,0.10719061642885208,0.937893807888031,0.8776417970657349
YDL010W,YHR200W,0,2.2251396,0.10717958956956863,0.937893807888031,0.8777429461479187
YER166W,YLL054C,0,2.2251077,0.10716857016086578,0.937893807888031,0.8778440952301025
YBL040C,YBR265W,0,2.225093,0.10715755075216293,0.937893807888031,0.8779451847076416
YML114C,YMR202W,0,2.22502,0.10714653134346008,0.937893807888031,0.8780463337898254
YML069W,YMR060C,0,2.224958,0.10713551193475723,0.937893807888031,0.8781474232673645
YBR203W,YBL071W-A,0,2.2247176,0.10712449997663498,0.937893807888031,0.8782485723495483
YOR321W,YPL212C,0,2.224632,0.10711348801851273,0.937893807888031,0.8783496618270874
YNL027W,YLR304C,1,2.22396,0.10720526427030563,0.9387938976287842,0.8783496618270874
YBL040C,YCR033W,0,2.2236624,0.10719424486160278,0.9387938976287842,0.8784508109092712
YJR099W,YJR105W,0,2.2231483,0.10718322545289993,0.9387938976287842,0.8785519003868103
YML131W,YPL181W,0,2.222211,0.10717221349477768,0.9387938976287842,0.8786530494689941
YML024W,YBR201W,0,2.2221951,0.10716120153665543,0.9387938976287842,0.878754198551178
YOL110W,YKL120W,0,2.2221909,0.10715019702911377,0.9387938976287842,0.878855288028717
YDL025C,YLL015W,0,2.2219367,0.10713918507099152,0.9387938976287842,0.8789564371109009
YER026C,YGR207C,0,2.2218666,0.10712818056344986,0.9387938976287842,0.8790575265884399
YHL009C,YOR007C,0,2.221529,0.1071171835064888,0.9387938976287842,0.8791586756706238
YCR088W,YOL075C,0,2.2213702,0.10710617899894714,0.9387938976287842,0.8792597651481628
YDL010W,YPR025C,0,2.2213688,0.10709518194198608,0.9387938976287842,0.8793609142303467
YKL091C,YPR165W,0,2.2212744,0.10708419233560562,0.9387938976287842,0.8794620037078857
YBR102C,YIL097W,0,2.221253,0.10707319527864456,0.9387938976287842,0.8795631527900696
YPL237W,YDR541C,0,2.2208846,0.1070622056722641,0.9387938976287842,0.8796643018722534
YKL152C,YBR154C,0,2.220707,0.10705121606588364,0.9387938976287842,0.8797653913497925
YLR002C,YPL079W,0,2.22055,0.10704022645950317,0.9387938976287842,0.8798665404319763
YLR297W,YLR144C,0,2.220533,0.10702924430370331,0.9387938976287842,0.8799676299095154
YJL184W,YIL110W,0,2.220399,0.10701826214790344,0.9387938976287842,0.8800687789916992
YBL042C,YDR225W,0,2.2203245,0.10700728744268417,0.9387938976287842,0.8801698684692383
YDR081C,YGR056W,1,2.2202678,0.10709889233112335,0.9396939873695374,0.8801698684692383
YPL256C,YOL094C,0,2.2201667,0.10708791017532349,0.9396939873695374,0.8802710175514221
YMR047C,YNL312W,0,2.220121,0.10707692056894302,0.9396939873695374,0.8803721070289612
YJL116C,YIL066C,0,2.2200408,0.10706593841314316,0.9396939873695374,0.880473256111145
YPL009C,YMR260C,0,2.2200143,0.10705496370792389,0.9396939873695374,0.8805744051933289
YDR016C,YNL067W,0,2.219563,0.10704398900270462,0.9396939873695374,0.8806754946708679
YKL160W,YKL092C,0,2.2195525,0.10703301429748535,0.9396939873695374,0.8807766437530518
YBR070C,YML058W,0,2.219532,0.10702203959226608,0.9396939873695374,0.8808777332305908
YPL256C,YFL034C-B,0,2.2194064,0.10701107233762741,0.9396939873695374,0.8809788823127747
YGR159C,YOR210W,1,2.219359,0.10710259526968002,0.9405940771102905,0.8809788823127747
YMR236W,YPL069C,0,2.2183428,0.10709162056446075,0.9405940771102905,0.8810799717903137
YDR153C,YKL137W,0,2.2181227,0.10708064585924149,0.9405940771102905,0.8811811208724976
YBR110W,YLR089C,0,2.21809,0.10706967115402222,0.9405940771102905,0.8812822103500366
YDR294C,YHR107C,0,2.2178016,0.10705870389938354,0.9405940771102905,0.8813833594322205
YKR010C,YJR144W,0,2.2177193,0.10704773664474487,0.9405940771102905,0.8814844489097595
YOR231W,YLR066W,0,2.2175276,0.1070367693901062,0.9405940771102905,0.8815855979919434
YPR107C,YNL241C,0,2.217176,0.10702580958604813,0.9405940771102905,0.8816867470741272
YEL034W,YKL113C,0,2.2168484,0.10701484978199005,0.9405940771102905,0.8817878365516663
YEL034W,YBR088C,0,2.2168293,0.10700388997793198,0.9405940771102905,0.8818889856338501
YGR198W,YDL147W,0,2.2166634,0.1069929376244545,0.9405940771102905,0.8819900751113892
YOR208W,YKL184W,0,2.216353,0.10698198527097702,0.9405940771102905,0.882091224193573
YKL167C,YDR198C,0,2.216226,0.10697103291749954,0.9405940771102905,0.8821923136711121
YLR155C,YJR144W,0,2.2160697,0.10696008056402206,0.9405940771102905,0.8822934627532959
YJL177W,YOR197W,0,2.21493,0.10694913566112518,0.9405940771102905,0.882394552230835
YEL046C,YHR043C,0,2.2138884,0.1069381907582283,0.9405940771102905,0.8824957013130188
YDR155C,YGL121C,0,2.2135077,0.10692724585533142,0.9405940771102905,0.8825968503952026
YDR073W,YDR394W,0,2.2131891,0.10691630840301514,0.9405940771102905,0.8826979398727417
YIL063C,YOR367W,0,2.2127304,0.10690537095069885,0.9405940771102905,0.8827990889549255
YML025C,YLR110C,0,2.212611,0.10689443349838257,0.9405940771102905,0.8829001784324646
YJR105W,YPL266W,0,2.2125564,0.10688350349664688,0.9405940771102905,0.8830013275146484
YMR092C,YGR256W,0,2.2124524,0.1068725734949112,0.9405940771102905,0.8831024169921875
YPL088W,YOR171C,0,2.2124093,0.1068616434931755,0.9405940771102905,0.8832035660743713
YHR141C,YER122C,0,2.211688,0.10685071349143982,0.9405940771102905,0.8833046555519104
YJR093C,YBR106W,0,2.2104213,0.10683979094028473,0.9405940771102905,0.8834058046340942
YPL152W,YDR084C,0,2.2102866,0.10682886838912964,0.9405940771102905,0.8835069537162781
YGL254W,YHR043C,0,2.2099812,0.10681794583797455,0.9405940771102905,0.8836080431938171
YGL201C,YDR206W,0,2.20996,0.10680703073740005,0.9405940771102905,0.883709192276001
YLR064W,YMR083W,0,2.208067,0.10679611563682556,0.9405940771102905,0.88381028175354
YBR133C,YBL027W,0,2.2076006,0.10678520053625107,0.9405940771102905,0.8839114308357239
YLL052C,YEL047C,0,2.2075343,0.10677429288625717,0.9405940771102905,0.8840125203132629
YHL009C,YHR072W,0,2.2073228,0.10676338523626328,0.9405940771102905,0.8841136693954468
YOR321W,YGR215W,0,2.2071989,0.10675247758626938,0.9405940771102905,0.8842147588729858
YHR039C,YDL165W,0,2.2071428,0.10674156993627548,0.9405940771102905,0.8843159079551697
YDR349C,YHR196W,0,2.2066941,0.10673066973686218,0.9405940771102905,0.8844170570373535
YHR063C,YOL008W,0,2.2066278,0.10671976953744888,0.9405940771102905,0.8845181465148926
YHR216W,YNL030W,0,2.206572,0.10670887678861618,0.9405940771102905,0.8846192955970764
YLR388W,YBR110W,0,2.206492,0.10669797658920288,0.9405940771102905,0.8847203850746155
YGR049W,YMR323W,0,2.2055693,0.10668708384037018,0.9405940771102905,0.8848215341567993
YKR092C,YGL077C,0,2.2050722,0.10667619109153748,0.9405940771102905,0.8849226236343384
YKL027W,YLL052C,0,2.204658,0.10666530579328537,0.9405940771102905,0.8850237727165222
YJR007W,YJR002W,0,2.2042537,0.10665442049503326,0.9405940771102905,0.8851248621940613
YKL035W,YER058W,0,2.2033713,0.10664353519678116,0.9405940771102905,0.8852260112762451
YHR112C,YML025C,0,2.20247,0.10663264989852905,0.9405940771102905,0.885327160358429
YGR186W,YFL022C,0,2.201613,0.10662177205085754,0.9405940771102905,0.885428249835968
YLR376C,YHR019C,0,2.2014346,0.10661089420318604,0.9405940771102905,0.8855293989181519
YPL241C,YPR033C,0,2.2013063,0.10660002380609512,0.9405940771102905,0.8856304883956909
YJL177W,YLL010C,0,2.2005446,0.10658914595842361,0.9405940771102905,0.8857316374778748
YJL151C,YMR113W,0,2.2003226,0.1065782755613327,0.9405940771102905,0.8858327269554138
YPR020W,YNL220W,0,2.200177,0.10656740516424179,0.9405940771102905,0.8859338760375977
YDR073W,YML038C,0,2.1998086,0.10655654221773148,0.9405940771102905,0.8860349655151367
YJR129C,YIL114C,0,2.1996894,0.10654567927122116,0.9405940771102905,0.8861361145973206
YER069W,YGL008C,0,2.1995454,0.10653481632471085,0.9405940771102905,0.8862372040748596
YKL096W,YNL270C,0,2.1994128,0.10652395337820053,0.9405940771102905,0.8863383531570435
YGR203W,YBR021W,0,2.1988893,0.10651309788227081,0.9405940771102905,0.8864395022392273
YDL025C,YKL035W,0,2.1982832,0.1065022423863411,0.9405940771102905,0.8865405917167664
YGL150C,YKL062W,1,2.1981788,0.1065932959318161,0.9414941668510437,0.8865405917167664
YIR017C,YER028C,1,2.1979399,0.10668432712554932,0.9423942565917969,0.8865405917167664
YJR113C,YGR074W,0,2.1979227,0.1066734567284584,0.9423942565917969,0.8866417407989502
YHR143W-A,YGR261C,0,2.1974452,0.10666259378194809,0.9423942565917969,0.8867428302764893
YPL055C,YDR001C,0,2.1974034,0.10665172338485718,0.9423942565917969,0.8868439793586731
YDR214W,YMR030W,0,2.1972451,0.10664086043834686,0.9423942565917969,0.8869450688362122
YBR084C-A,YHR152W,0,2.196816,0.10663000494241714,0.9423942565917969,0.887046217918396
YGL079W,YDR237W,0,2.196268,0.10661914199590683,0.9423942565917969,0.8871473073959351
YOR293W,YKR029C,0,2.1962633,0.10660828649997711,0.9423942565917969,0.8872484564781189
YDR382W,YGR261C,0,2.1961737,0.1065974310040474,0.9423942565917969,0.8873496055603027
YDR322C-A,YGR207C,0,2.1958706,0.10658658295869827,0.9423942565917969,0.8874506950378418
YPR101W,YPL079W,0,2.1953812,0.10657573491334915,0.9423942565917969,0.8875518441200256
YGR275W,YBL002W,0,2.195314,0.10656488686800003,0.9423942565917969,0.8876529335975647
YCL033C,YMR067C,0,2.1950624,0.10655403882265091,0.9423942565917969,0.8877540826797485
YAR008W,YPR103W,0,2.1946225,0.10654319822788239,0.9423942565917969,0.8878551721572876
YPR075C,YMR113W,0,2.19459,0.10653235763311386,0.9423942565917969,0.8879563212394714
YIL015W,YOL137W,0,2.1940556,0.10652151703834534,0.9423942565917969,0.8880574107170105
YKR029C,YLR089C,0,2.1940303,0.10651068389415741,0.9423942565917969,0.8881585597991943
YNL069C,YER042W,0,2.1937113,0.10649985074996948,0.9423942565917969,0.8882597088813782
YBR171W,YPL008W,0,2.1934206,0.10648901760578156,0.9423942565917969,0.8883607983589172
YJR007W,YPL255W,0,2.1933184,0.10647818446159363,0.9423942565917969,0.8884619474411011
YBR103W,YDR382W,0,2.1931434,0.1064673587679863,0.9423942565917969,0.8885630369186401
YER035W,YGL181W,0,2.1929517,0.10645653307437897,0.9423942565917969,0.888664186000824
YOL110W,YDL010W,0,2.192914,0.10644570738077164,0.9423942565917969,0.888765275478363
YGR132C,YNL097C,0,2.1928678,0.1064348891377449,0.9423942565917969,0.8888664245605469
YBR106W,YNL220W,0,2.1928046,0.10642407089471817,0.9423942565917969,0.8889675140380859
YAL001C,YHR123W,0,2.1927376,0.10641325265169144,0.9423942565917969,0.8890686631202698
YOR303W,YDR352W,0,2.1926193,0.1064024418592453,0.9423942565917969,0.8891698122024536
YLR408C,YKR046C,0,2.1923604,0.10639162361621857,0.9423942565917969,0.8892709016799927
YHR094C,YOR153W,0,2.192205,0.10638082027435303,0.9423942565917969,0.8893720507621765
YMR116C,YBL067C,0,2.191792,0.10637000948190689,0.9423942565917969,0.8894731402397156
YMR030W,YOR122C,0,2.191716,0.10635920614004135,0.9423942565917969,0.8895742893218994
YGR038W,YBL101C,0,2.1911805,0.10634840279817581,0.9423942565917969,0.8896753787994385
YML008C,YPL015C,0,2.1908512,0.10633759945631027,0.9423942565917969,0.8897765278816223
YMR244C-A,YJL036W,0,2.1891956,0.10632680356502533,0.9423942565917969,0.8898776173591614
YEL004W,YMR231W,0,2.1887352,0.10631600022315979,0.9423942565917969,0.8899787664413452
YHR183W,YMR029C,0,2.1881876,0.10630521178245544,0.9423942565917969,0.890079915523529
YMR197C,YOL113W,0,2.1881747,0.1062944158911705,0.9423942565917969,0.8901810050010681
YKL091C,YBL105C,0,2.1861448,0.10628362745046616,0.9423942565917969,0.890282154083252
YBR057C,YFR004W,0,2.1856751,0.10627283900976181,0.9423942565917969,0.890383243560791
YGR152C,YDL052C,0,2.185344,0.10626205056905746,0.9423942565917969,0.8904843926429749
YML078W,YHR045W,0,2.1850898,0.10625126957893372,0.9423942565917969,0.8905854821205139
YIL066C,YGR256W,0,2.184929,0.10624048858880997,0.9423942565917969,0.8906866312026978
YOR208W,YFR044C,0,2.184804,0.10622970759868622,0.9423942565917969,0.8907877206802368
YMR214W,YHR019C,0,2.1844568,0.10621893405914307,0.9423942565917969,0.8908888697624207
YJR017C,YAL009W,0,2.184186,0.10620815306901932,0.9423942565917969,0.8909899592399597
YNL058C,YJL118W,0,2.1833687,0.10619737952947617,0.9423942565917969,0.8910911083221436
YDR155C,YDR237W,0,2.1831534,0.10618661344051361,0.9423942565917969,0.8911922574043274
YJR113C,YCL030C,0,2.1831198,0.10617584735155106,0.9423942565917969,0.8912933468818665
YOL115W,YNR051C,0,2.1828108,0.1061650812625885,0.9423942565917969,0.8913944959640503
YBR234C,YML007W,0,2.1821911,0.10615431517362595,0.9423942565917969,0.8914955854415894
YPL170W,YHR200W,0,2.182043,0.10614354908466339,0.9423942565917969,0.8915967345237732
YJR090C,YKR039W,0,2.182005,0.10613279044628143,0.9423942565917969,0.8916978240013123
YCR096C,YBR066C,1,2.1820014,0.10622339695692062,0.94329434633255,0.8916978240013123
YMR092C,YOR122C,0,2.1818147,0.10621263086795807,0.94329434633255,0.8917989730834961
YIL023C,YHR072W,0,2.1817198,0.10620186477899551,0.94329434633255,0.8919000625610352
YJR044C,YPL181W,0,2.1816683,0.10619110614061356,0.94329434633255,0.892001211643219
YBR186W,YNL087W,0,2.1814728,0.1061803475022316,0.94329434633255,0.8921023607254028
YCL010C,YPL181W,0,2.181396,0.10616958886384964,0.94329434633255,0.8922034502029419
YKL213C,YBR204C,0,2.1809084,0.10615883022546768,0.94329434633255,0.8923045992851257
YGR257C,YER073W,0,2.1807096,0.10614807903766632,0.94329434633255,0.8924056887626648
YHR112C,YBR008C,0,2.1806269,0.10613732784986496,0.94329434633255,0.8925068378448486
YDL052C,YGR067C,0,2.1805906,0.1061265841126442,0.94329434633255,0.8926079273223877
YDL188C,YIL065C,0,2.180111,0.10611583292484283,0.94329434633255,0.8927090764045715
YMR280C,YMR284W,1,2.179669,0.10620633512735367,0.9441944360733032,0.8927090764045715
YJR043C,YNL275W,0,2.1795177,0.10619558393955231,0.9441944360733032,0.8928101658821106
YDR408C,YNL323W,0,2.1789184,0.10618484020233154,0.9441944360733032,0.8929113149642944
YIR002C,YKL038W,1,2.1789079,0.10627530515193939,0.9450945258140564,0.8929113149642944
YPL236C,YCR068W,0,2.1788979,0.10626454651355743,0.9450945258140564,0.8930124640464783
YGR028W,YBR221C,0,2.1788435,0.10625379532575607,0.9450945258140564,0.8931135535240173
YML110C,YGL002W,0,2.1783657,0.10624304413795471,0.9450945258140564,0.8932147026062012
YIL158W,YEL042W,0,2.1782212,0.10623229295015335,0.9450945258140564,0.8933157920837402
YJL050W,YGR240C,0,2.1781201,0.10622154921293259,0.9450945258140564,0.8934169411659241
YIR023W,YOL089C,1,2.1779437,0.10631195455789566,0.9459946155548096,0.8934169411659241
YMR199W,YPR004C,0,2.1776328,0.1063012033700943,0.9459946155548096,0.8935180306434631
YDR191W,YHR124W,1,2.1775718,0.10639158636331558,0.9468947052955627,0.8935180306434631
YNR036C,YPR009W,0,2.1774373,0.10638082772493362,0.9468947052955627,0.893619179725647
YHR098C,YBR139W,0,2.1770387,0.10637006908655167,0.9468947052955627,0.893720269203186
YOR231W,YGL160W,0,2.176666,0.1063593178987503,0.9468947052955627,0.8938214182853699
YNL220W,YMR228W,1,2.176474,0.106449656188488,0.9477947950363159,0.8938214182853699
YLL054C,YLR323C,1,2.176176,0.10653997957706451,0.9486948847770691,0.8938214182853699
YPL237W,YAL009W,0,2.175803,0.10652920603752136,0.9486948847770691,0.8939225673675537
YOR196C,YPL029W,0,2.1744328,0.10651843994855881,0.9486948847770691,0.8940236568450928
YMR202W,YKR022C,0,2.1744013,0.10650768131017685,0.9486948847770691,0.8941248059272766
YLR034C,YCR017C,0,2.1741097,0.1064969152212143,0.9486948847770691,0.8942258954048157
YJL092W,YBR106W,0,2.1732855,0.10648615658283234,0.9486948847770691,0.8943270444869995
YIL063C,YOR298C-A,0,2.1730967,0.10647539794445038,0.9486948847770691,0.8944281339645386
YDL103C,YDR237W,0,2.1727562,0.10646464675664902,0.9486948847770691,0.8945292830467224
YMR288W,YPL024W,0,2.1720552,0.10645389556884766,0.9486948847770691,0.8946303725242615
YML131W,YNL252C,0,2.171804,0.1064431443810463,0.9486948847770691,0.8947315216064453
YPL232W,YPL015C,0,2.1711502,0.10643239319324493,0.9486948847770691,0.8948326706886292
YGR186W,YEL046C,0,2.1710258,0.10642164945602417,0.9486948847770691,0.8949337601661682
YBR009C,YBL002W,1,2.1708798,0.10651186108589172,0.9495949745178223,0.8949337601661682
YGL043W,YDL052C,0,2.1707654,0.10650110989809036,0.9495949745178223,0.895034909248352
YDR163W,YDR354W,0,2.1707048,0.106490358710289,0.9495949745178223,0.8951359987258911
YMR135C,YBL102W,0,2.1705952,0.10647961497306824,0.9495949745178223,0.895237147808075
YDR446W,YJL115W,0,2.1705198,0.10646886378526688,0.9495949745178223,0.895338237285614
YER019W,YFL034C-B,0,2.170127,0.10645812004804611,0.9495949745178223,0.8954393863677979
YIL015W,YJL036W,0,2.16951,0.10644738376140594,0.9495949745178223,0.8955404758453369
YBL016W,YOR035C,0,2.1692896,0.10643664002418518,0.9495949745178223,0.8956416249275208
YKR022C,YKL193C,0,2.1692295,0.10642590373754501,0.9495949745178223,0.8957427740097046
YBL050W,YDR084C,0,2.1688166,0.10641516745090485,0.9495949745178223,0.8958438634872437
YGL017W,YGL043W,0,2.1681676,0.10640443861484528,0.9495949745178223,0.8959450125694275
YGL234W,YML072C,0,2.1678143,0.1063937097787857,0.9495949745178223,0.8960461020469666
YJL047C,YOR130C,0,2.1674848,0.10638298094272614,0.9495949745178223,0.8961472511291504
YLR205C,YGR256W,0,2.1673846,0.10637225210666656,0.9495949745178223,0.8962483406066895
YJR159W,YFL022C,0,2.1673808,0.10636153072118759,0.9495949745178223,0.8963494896888733
YPR020W,YLL036C,0,2.1669688,0.10635080933570862,0.9495949745178223,0.8964505791664124
YDR237W,YFR055W,0,2.166628,0.10634008795022964,0.9495949745178223,0.8965517282485962
YOR361C,YIR021W,0,2.1663747,0.10632936656475067,0.9495949745178223,0.8966528177261353
YGR227W,YKL008C,0,2.1659124,0.1063186526298523,0.9495949745178223,0.8967539668083191
YGL022W,YDR084C,0,2.1642637,0.10630793869495392,0.9495949745178223,0.8968551158905029
YOR361C,YIL158W,0,2.1628404,0.10629723221063614,0.9495949745178223,0.896956205368042
YFR051C,YMR305C,0,2.1622787,0.10628651827573776,0.9495949745178223,0.8970573544502258
YFL062W,YDL165W,0,2.161931,0.10627581179141998,0.9495949745178223,0.8971584439277649
YDL188C,YGL234W,0,2.1618285,0.1062651053071022,0.9495949745178223,0.8972595930099487
YHR107C,YNL241C,0,2.160563,0.10625440627336502,0.9495949745178223,0.8973606824874878
YPL020C,YGR231C,0,2.160448,0.10624370723962784,0.9495949745178223,0.8974618315696716
YER073W,YNL097C,0,2.1604447,0.10623300820589066,0.9495949745178223,0.8975629210472107
YJR144W,YPL024W,1,2.1602087,0.1063229963183403,0.9504950642585754,0.8975629210472107
YAL005C,YOR171C,0,2.159926,0.10631228983402252,0.9504950642585754,0.8976640701293945
YAR007C,YER095W,1,2.1597853,0.10640225559473038,0.9513951539993286,0.8976640701293945
YDL079C,YEL004W,0,2.1595175,0.106391541659832,0.9513951539993286,0.8977652192115784
YGL099W,YOR321W,0,2.159233,0.10638083517551422,0.9513951539993286,0.8978663086891174
YLR225C,YNL272C,0,2.159068,0.10637012869119644,0.9513951539993286,0.8979674577713013
YER026C,YGL181W,0,2.1582708,0.10635942965745926,0.9513951539993286,0.8980685472488403
YBL016W,YHR084W,0,2.1579971,0.10634873062372208,0.9513951539993286,0.8981696963310242
YGR148C,YLR077W,0,2.1567807,0.1063380315899849,0.9513951539993286,0.8982707858085632
YOR171C,YIL122W,0,2.1566782,0.10632733255624771,0.9513951539993286,0.8983719348907471
YCR065W,YOR033C,1,2.1566048,0.106417216360569,0.9522952437400818,0.8983719348907471
YGL173C,YDR121W,1,2.1562777,0.10650709271430969,0.953195333480835,0.8983719348907471
YLR144C,YHR188C,0,2.155595,0.10649637877941132,0.953195333480835,0.8984730243682861
YOR208W,YBL105C,0,2.1546881,0.10648567229509354,0.953195333480835,0.89857417345047
YHL033C,YPL128C,0,2.1546555,0.10647496581077576,0.953195333480835,0.8986753225326538
YOL097C,YKL167C,0,2.1545095,0.10646425932645798,0.953195333480835,0.8987764120101929
YIL016W,YDL058W,0,2.15445,0.1064535602927208,0.953195333480835,0.8988775610923767
YOR118W,YPL237W,0,2.153995,0.10644286125898361,0.953195333480835,0.8989786505699158
YBR290W,YHR104W,0,2.1526332,0.10643216222524643,0.953195333480835,0.8990797996520996
YOL068C,YLR256W,1,2.1525056,0.10652195662260056,0.9540954232215881,0.8990797996520996
YER021W,YKL193C,0,2.1522174,0.10651125758886337,0.9540954232215881,0.8991808891296387
YNL169C,YPR066W,0,2.1515706,0.1065005511045456,0.9540954232215881,0.8992820382118225
YKL025C,YLR256W,0,2.1507635,0.10648985207080841,0.9540954232215881,0.8993831276893616
YDR194C,YKR080W,0,2.1507568,0.10647915303707123,0.9540954232215881,0.8994842767715454
YDL103C,YNR049C,0,2.1494274,0.10646846145391464,0.9540954232215881,0.8995854258537292
YDR221W,YDR123C,0,2.1492014,0.10645776987075806,0.9540954232215881,0.8996865153312683
YLR069C,YHR107C,0,2.1490993,0.10644707828760147,0.9540954232215881,0.8997876644134521
YOR362C,YLR089C,0,2.148726,0.10643638670444489,0.9540954232215881,0.8998887538909912
YNL071W,YJL118W,0,2.1484847,0.1064257025718689,0.9540954232215881,0.899989902973175
YJL210W,YMR154C,0,2.1481223,0.10641501843929291,0.9540954232215881,0.9000909924507141
YDR210W,YAL001C,0,2.1480641,0.10640433430671692,0.9540954232215881,0.900192141532898
YPR165W,YPR022C,0,2.1480417,0.10639365762472153,0.9540954232215881,0.900293231010437
YFL016C,YIL050W,0,2.147454,0.10638298094272614,0.9540954232215881,0.9003943800926208
YKL152C,YHR123W,0,2.147286,0.10637230426073074,0.9540954232215881,0.9004955291748047
YLR332W,YIL044C,0,2.146732,0.10636162757873535,0.9540954232215881,0.9005966186523438
YLR410W,YJL159W,0,2.1464968,0.10635095834732056,0.9540954232215881,0.9006977677345276
YBR253W,YPL046C,0,2.146264,0.10634028911590576,0.9540954232215881,0.9007988572120667
YNL088W,YGR172C,0,2.1460366,0.10632961988449097,0.9540954232215881,0.9009000062942505
YDR210W,YML121W,0,2.1460361,0.10631895810365677,0.9540954232215881,0.9010010957717896
YLR297W,YGR203W,0,2.1458669,0.10630829632282257,0.9540954232215881,0.9011022448539734
YHL020C,YMR016C,1,2.1456776,0.10639791190624237,0.9549955129623413,0.9011022448539734
YFL018C,YPR121W,0,2.1455967,0.10638724267482758,0.9549955129623413,0.9012033343315125
YPL072W,YAL042W,0,2.145111,0.10637658089399338,0.9549955129623413,0.9013044834136963
YDR348C,YNL148C,0,2.1448436,0.10636591166257858,0.9549955129623413,0.9014055728912354
YGR157W,YDL052C,0,2.1445394,0.10635524988174438,0.9549955129623413,0.9015067219734192
YBR039W,YPR033C,0,2.1438956,0.10634459555149078,0.9549955129623413,0.901607871055603
YKL208W,YGL044C,0,2.143848,0.10633393377065659,0.9549955129623413,0.9017089605331421
YPL246C,YLR138W,0,2.1436477,0.10632327944040298,0.9549955129623413,0.9018101096153259
YCR033W,YDR037W,0,2.1427636,0.10631262511014938,0.9549955129623413,0.901911199092865
YAL005C,YBR204C,0,2.1426027,0.10630197077989578,0.9549955129623413,0.9020123481750488
YOL021C,YKR039W,0,2.1418657,0.10629132390022278,0.9549955129623413,0.9021134376525879
YGR038W,YDL165W,0,2.1413817,0.10628067702054977,0.9549955129623413,0.9022145867347717
YMR079W,YER122C,0,2.1411233,0.10627003014087677,0.9549955129623413,0.9023156762123108
YGL121C,YDR293C,0,2.1409273,0.10625939071178436,0.9549955129623413,0.9024168252944946
YEL063C,YGL022W,0,2.140763,0.10624875128269196,0.9549955129623413,0.9025179743766785
YBL004W,YLL042C,0,2.1406798,0.10623811185359955,0.9549955129623413,0.9026190638542175
YDR267C,YDR331W,0,2.1406512,0.10622747242450714,0.9549955129623413,0.9027202129364014
YDL004W,YJR099W,0,2.1404347,0.10621684044599533,0.9549955129623413,0.9028213024139404
YLR077W,YML001W,0,2.140139,0.10620620846748352,0.9549955129623413,0.9029224514961243
YPL009C,YEL071W,0,2.1386473,0.10619557648897171,0.9549955129623413,0.9030235409736633
YFL034C-B,YNR069C,0,2.1386428,0.1061849445104599,0.9549955129623413,0.9031246900558472
YAL061W,YPL187W,0,2.1379333,0.10617431998252869,0.9549955129623413,0.9032257795333862
YNL169C,YKR003W,0,2.1377048,0.10616369545459747,0.9549955129623413,0.9033269286155701
YGL124C,YBR293W,0,2.137547,0.10615307837724686,0.9549955129623413,0.9034280776977539
YBR057C,YHR043C,0,2.136426,0.10614245384931564,0.9549955129623413,0.903529167175293
YLR378C,YEL047C,0,2.1359472,0.10613183677196503,0.9549955129623413,0.9036303162574768
YKL018W,YPL030W,0,2.1356964,0.10612122714519501,0.9549955129623413,0.9037314057350159
YHR039C,YLL052C,0,2.135531,0.10611061006784439,0.9549955129623413,0.9038325548171997
YOR094W,YER016W,0,2.1354232,0.10610000044107437,0.9549955129623413,0.9039336442947388
YKL137W,YCR097W,0,2.1346629,0.10608939081430435,0.9549955129623413,0.9040347933769226
YLR378C,YDL147W,0,2.1346302,0.10607878118753433,0.9549955129623413,0.9041358828544617
YDR394W,YGL150C,0,2.1333866,0.10606817901134491,0.9549955129623413,0.9042370319366455
YHR141C,YGL145W,0,2.1317105,0.10605757683515549,0.9549955129623413,0.9043381810188293
YMR263W,YOR234C,0,2.1314826,0.10604697465896606,0.9549955129623413,0.9044392704963684
YLR064W,YDR302W,0,2.1310177,0.10603637993335724,0.9549955129623413,0.9045404195785522
YIR023W,YLR259C,1,2.130861,0.10612571239471436,0.9558956027030945,0.9045404195785522
YPR020W,YBR039W,0,2.130807,0.10611511021852493,0.9558956027030945,0.9046415090560913
YNR036C,YMR029C,0,2.130526,0.10610450804233551,0.9558956027030945,0.9047426581382751
YDR006C,YHR001W,0,2.1301947,0.10609390586614609,0.9558956027030945,0.9048437476158142
YJL176C,YNL031C,1,2.1300068,0.10618320107460022,0.9567956924438477,0.9048437476158142
YNL225C,YAL055W,0,2.1298099,0.1061725914478302,0.9567956924438477,0.904944896697998
YNL069C,YNL327W,0,2.1295238,0.10616198927164078,0.9567956924438477,0.9050459861755371
YCR069W,YLR069C,0,2.1286974,0.10615138709545135,0.9567956924438477,0.905147135257721
YGL048C,YPR107C,0,2.1278129,0.10614079236984253,0.9567956924438477,0.9052482843399048
YLR178C,YGL179C,0,2.1278014,0.1061301901936531,0.9567956924438477,0.9053493738174438
YNL090W,YPL032C,0,2.1270566,0.10611959546804428,0.9567956924438477,0.9054505228996277
YJL151C,YNL275W,0,2.1261187,0.10610900074243546,0.9567956924438477,0.9055516123771667
YNL329C,YEL047C,0,2.125875,0.10609841346740723,0.9567956924438477,0.9056527614593506
YOR095C,YMR024W,0,2.1255574,0.106087826192379,0.9567956924438477,0.9057538509368896
YMR244C-A,YNL326C,0,2.1254714,0.10607723891735077,0.9567956924438477,0.9058550000190735
YOR118W,YML019W,0,2.125095,0.10606665164232254,0.9567956924438477,0.9059560894966125
YHR001W,YNL097C,0,2.1249495,0.10605607181787491,0.9567956924438477,0.9060572385787964
YLR077W,YKL209C,0,2.1239915,0.10604549199342728,0.9567956924438477,0.9061583280563354
YHR001W,YLR399C,0,2.1235514,0.10603491216897964,0.9567956924438477,0.9062594771385193
YOR256C,YIL050W,0,2.1229587,0.10602433979511261,0.9567956924438477,0.9063606262207031
YML060W,YKL038W,1,2.1226954,0.1061134934425354,0.9576957821846008,0.9063606262207031
YJL139C,YDR210W,0,2.1221528,0.10610291361808777,0.9576957821846008,0.9064617156982422
YNL312W,YCR003W,0,2.1221137,0.10609233379364014,0.9576957821846008,0.906562864780426
YBR290W,YAL055W,0,2.1216893,0.1060817539691925,0.9576957821846008,0.9066639542579651
YCL019W,YHR214C-B,1,2.1214495,0.10617087036371231,0.958595871925354,0.9066639542579651
YLR084C,YKR039W,0,2.12075,0.10616029053926468,0.958595871925354,0.9067651033401489
YKL049C,YGR132C,0,2.1204944,0.10614970326423645,0.958595871925354,0.906866192817688
YBL016W,YGL160W,0,2.1201913,0.10613912343978882,0.958595871925354,0.9069673418998718
YER069W,YLR148W,0,2.1198535,0.10612855106592178,0.958595871925354,0.9070684313774109
YGL224C,YLR369W,0,2.1197402,0.10611797869205475,0.958595871925354,0.9071695804595947
YHR043C,YOR028C,0,2.1195598,0.10610740631818771,0.958595871925354,0.9072707295417786
YBR056W,YML121W,0,2.1190004,0.10609683394432068,0.958595871925354,0.9073718190193176
YLR304C,YOR258W,1,2.1189516,0.10618587583303452,0.9594959616661072,0.9073718190193176
YDL102W,YJR144W,1,2.1189303,0.10627490282058716,0.9603960514068604,0.9073718190193176
YDR097C,YPL023C,0,2.1187048,0.10626431554555893,0.9603960514068604,0.9074729681015015
YHR115C,YKL184W,0,2.1185455,0.1062537357211113,0.9603960514068604,0.9075740575790405
YGR192C,YCL038C,0,2.117703,0.10624315589666367,0.9603960514068604,0.9076752066612244
YOL017W,YOL058W,0,2.1174688,0.10623257607221603,0.9603960514068604,0.9077762961387634
YHR083W,YGR289C,0,2.117403,0.106222003698349,0.9603960514068604,0.9078774452209473
YBL050W,YMR083W,0,2.1169343,0.10621142387390137,0.9603960514068604,0.9079785346984863
YNL264C,YGR240C,0,2.1146352,0.10620085895061493,0.9603960514068604,0.9080796837806702
YML072C,YCR003W,0,2.1143844,0.1061902865767479,0.9603960514068604,0.908180832862854
YOL033W,YNR049C,0,2.1143456,0.10617972165346146,0.9603960514068604,0.9082819223403931
YAL001C,YKL055C,0,2.1143441,0.10616915673017502,0.9603960514068604,0.9083830714225769
YNL069C,YGR247W,0,2.1141014,0.10615859180688858,0.9603960514068604,0.908484160900116
YMR024W,YHR084W,0,2.1140828,0.10614802688360214,0.9603960514068604,0.9085853099822998
YML038C,YJL104W,0,2.113675,0.1061374694108963,0.9603960514068604,0.9086863994598389
YMR030W,YBR221C,0,2.1128469,0.10612691193819046,0.9603960514068604,0.9087875485420227
YNL257C,YNL005C,0,2.112321,0.10611636191606522,0.9603960514068604,0.9088886380195618
YCR068W,YPL023C,0,2.1122847,0.10610580444335938,0.9603960514068604,0.9089897871017456
YER078C,YDR180W,0,2.112232,0.10609525442123413,0.9603960514068604,0.9090909361839294
YGR109C,YER170W,0,2.1112754,0.10608471184968948,0.9603960514068604,0.9091920256614685
YBR079C,YOR295W,0,2.111205,0.10607416182756424,0.9603960514068604,0.9092931747436523
YDR451C,YDL056W,1,2.111185,0.10616302490234375,0.9612961411476135,0.9092931747436523
YGL100W,YHR128W,0,2.1108894,0.10615246742963791,0.9612961411476135,0.9093942642211914
YHL007C,YMR260C,0,2.1098478,0.10614191740751266,0.9612961411476135,0.9094954133033752
YJL207C,YKL211C,0,2.1097007,0.10613137483596802,0.9612961411476135,0.9095965027809143
YPR029C,YOR375C,0,2.1091132,0.10612082481384277,0.9612961411476135,0.9096976518630981
YDR382W,YER094C,0,2.1084626,0.10611028224229813,0.9612961411476135,0.9097987413406372
YIR033W,YEL009C,0,2.1072989,0.10609973967075348,0.9612961411476135,0.909899890422821
YEL063C,YOR122C,0,2.1068854,0.10608920454978943,0.9612961411476135,0.9100010395050049
YGR209C,YHR176W,0,2.1067057,0.10607866197824478,0.9612961411476135,0.910102128982544
YML022W,YPL030W,0,2.10661,0.10606812685728073,0.9612961411476135,0.9102032780647278
YOR171C,YLR089C,0,2.1054764,0.10605759918689728,0.9612961411476135,0.9103043675422668
YHR063C,YGR186W,0,2.1052105,0.10604706406593323,0.9612961411476135,0.9104055166244507
YGL001C,YKL216W,0,2.1038103,0.10603653639554977,0.9612961411476135,0.9105066061019897
YGR214W,YLR323C,1,2.1034002,0.10612528771162033,0.9621962308883667,0.9105066061019897
YPL190C,YLL028W,0,2.1031559,0.10611475259065628,0.9621962308883667,0.9106077551841736
YER011W,YPR009W,0,2.10217,0.10610421746969223,0.9621962308883667,0.9107088446617126
YMR162C,YLL028W,0,2.1016865,0.10609368979930878,0.9621962308883667,0.9108099937438965
YOL013C,YPL230W,0,2.1013598,0.10608316212892532,0.9621962308883667,0.9109111428260803
YKR018C,YNL336W,0,2.1009526,0.10607263445854187,0.9621962308883667,0.9110122323036194
YGR277C,YNL265C,0,2.1006913,0.10606210678815842,0.9621962308883667,0.9111133813858032
YJL014W,YGL008C,0,2.0999966,0.10605158656835556,0.9621962308883667,0.9112144708633423
YOL033W,YDL064W,0,2.0997524,0.1060410663485527,0.9621962308883667,0.9113156199455261
YPR094W,YIL114C,0,2.0990582,0.10603054612874985,0.9621962308883667,0.9114167094230652
YDR216W,YDL079C,0,2.0989208,0.10602003335952759,0.9621962308883667,0.911517858505249
YEL055C,YGL187C,0,2.0972478,0.10600952059030533,0.9621962308883667,0.9116189479827881
YMR170C,YDR085C,0,2.0971427,0.10599900782108307,0.9621962308883667,0.9117200970649719
YKL213C,YNL272C,0,2.096903,0.1059885025024414,0.9621962308883667,0.911821186542511
YBL035C,YDL102W,1,2.0968528,0.10607712715864182,0.9630963206291199,0.911821186542511
YIL016W,YIL114C,0,2.0966377,0.10606661438941956,0.9630963206291199,0.9119223356246948
YPL020C,YPR033C,0,2.0948858,0.1060561016201973,0.9630963206291199,0.9120234847068787
YDR408C,YDR382W,0,2.0947766,0.10604558885097504,0.9630963206291199,0.9121245741844177
YPR165W,YDR001C,0,2.094617,0.10603508353233337,0.9630963206291199,0.9122257232666016
YOR229W,YPR140W,0,2.0936756,0.10602457076311111,0.9630963206291199,0.9123268127441406
YOR056C,YPL265W,0,2.0925992,0.10601406544446945,0.9630963206291199,0.9124279618263245
YGL020C,YGL187C,0,2.0919871,0.10600356757640839,0.9630963206291199,0.9125290513038635
YJR099W,YDR519W,0,2.0908022,0.10599306225776672,0.9630963206291199,0.9126302003860474
YER078C,YBR199W,0,2.0903544,0.10598256438970566,0.9630963206291199,0.9127312898635864
YMR170C,YPR140W,0,2.090074,0.10597207397222519,0.9630963206291199,0.9128324389457703
YHR043C,YDR352W,0,2.0893826,0.10596157610416412,0.9630963206291199,0.9129335880279541
YDL064W,YGL047W,0,2.0890365,0.10595108568668365,0.9630963206291199,0.9130346775054932
YBR084C-A,YBR265W,0,2.0888658,0.10594059526920319,0.9630963206291199,0.913135826587677
YML126C,YJR137C,0,2.0888247,0.10593010485172272,0.9630963206291199,0.9132369160652161
YCL030C,YKR018C,0,2.0877285,0.10591962188482285,0.9630963206291199,0.9133380651473999
YDR541C,YDR452W,0,2.087617,0.10590913891792297,0.9630963206291199,0.913439154624939
YPL024W,YPL069C,0,2.087586,0.1058986559510231,0.9630963206291199,0.9135403037071228
YIL063C,YBR039W,0,2.0871758,0.10588817298412323,0.9630963206291199,0.9136413931846619
YML126C,YNL047C,0,2.0862455,0.10587769746780396,0.9630963206291199,0.9137425422668457
YGL011C,YEL071W,0,2.0856507,0.10586722195148468,0.9630963206291199,0.9138436913490295
YPL030W,YIL067C,0,2.0855484,0.1058567464351654,0.9630963206291199,0.9139447808265686
YLR298C,YMR251W-A,0,2.085071,0.10584627836942673,0.9630963206291199,0.9140459299087524
YJL151C,YOR115C,0,2.0848656,0.10583580285310745,0.9630963206291199,0.9141470193862915
YPL236C,YOR077W,0,2.084752,0.10582534223794937,0.9630963206291199,0.9142481684684753
YPL236C,YOR030W,0,2.084649,0.1058148741722107,0.9630963206291199,0.9143492579460144
YER021W,YOR303W,0,2.0840974,0.10580441355705261,0.9630963206291199,0.9144504070281982
YGR152C,YER019W,0,2.0839813,0.10579394549131393,0.9630963206291199,0.9145514965057373
YGL023C,YGR203W,0,2.0828252,0.10578349232673645,0.9630963206291199,0.9146526455879211
YGR148C,YGR186W,0,2.0826716,0.10577303171157837,0.9630963206291199,0.914753794670105
YER118C,YER058W,0,2.0825768,0.10576257854700089,0.9630963206291199,0.914854884147644
YBL036C,YBR056W,0,2.0819113,0.1057521253824234,0.9630963206291199,0.9149560332298279
YLR398C,YNR046W,0,2.0812707,0.10574167221784592,0.9630963206291199,0.9150571227073669
YOR032C,YDR169C,1,2.0809321,0.10583003610372543,0.963996410369873,0.9150571227073669
YBR127C,YEL026W,0,2.080287,0.10581958293914795,0.963996410369873,0.9151582717895508
YOR321W,YGL207W,0,2.0802608,0.10580912977457047,0.963996410369873,0.9152593612670898
YNL102W,YOR116C,1,2.0801442,0.1058974638581276,0.9648965001106262,0.9152593612670898
YHR183W,YNL197C,0,2.0800166,0.10588700324296951,0.9648965001106262,0.9153605103492737
YNL252C,YDR484W,0,2.0800035,0.10587654262781143,0.9648965001106262,0.9154615998268127
YKR046C,YPL249C,0,2.0798936,0.10586608946323395,0.9648965001106262,0.9155627489089966
YJL184W,YNR046W,0,2.0798576,0.10585563629865646,0.9648965001106262,0.9156638979911804
YMR058W,YKL211C,0,2.079787,0.10584518313407898,0.9648965001106262,0.9157649874687195
YBR073W,YLR378C,0,2.0789495,0.1058347299695015,0.9648965001106262,0.9158661365509033
YPR023C,YOL148C,0,2.078833,0.10582428425550461,0.9648965001106262,0.9159672260284424
YGR133W,YDR163W,0,2.07864,0.10581383854150772,0.9648965001106262,0.9160683751106262
YBR167C,YIL114C,0,2.0783448,0.10580339282751083,0.9648965001106262,0.9161694645881653
YGR068C,YDR409W,0,2.0782166,0.10579295456409454,0.9648965001106262,0.9162706136703491
YOR128C,YEL047C,0,2.076881,0.10578251630067825,0.9648965001106262,0.9163717031478882
YNR026C,YLR089C,0,2.0767899,0.10577207803726196,0.9648965001106262,0.916472852230072
YOL110W,YMR134W,0,2.07661,0.10576163977384567,0.9648965001106262,0.9165739417076111
YGR133W,YNL241C,0,2.0761342,0.10575120896100998,0.9648965001106262,0.9166750907897949
YOR033C,YGL201C,1,2.075449,0.10583941638469696,0.9657965898513794,0.9166750907897949
YMR283C,YOR125C,0,2.0753627,0.10582897812128067,0.9657965898513794,0.9167762398719788
YAL001C,YJL020C,0,2.074946,0.10581853985786438,0.9657965898513794,0.9168773293495178
YOR290C,YGR067C,1,2.074315,0.10590671747922897,0.9666966795921326,0.9168773293495178
YPL232W,YKL148C,0,2.0742521,0.10589627176523209,0.9666966795921326,0.9169784784317017
YER146W,YDR198C,0,2.0737004,0.1058858335018158,0.9666966795921326,0.9170795679092407
YHR107C,YGL181W,0,2.0736394,0.1058753952383995,0.9666966795921326,0.9171807169914246
YMR104C,YOR303W,0,2.0730271,0.10586495697498322,0.9666966795921326,0.9172818064689636
YMR202W,YOR367W,0,2.0729156,0.10585452616214752,0.9666966795921326,0.9173829555511475
YMR024W,YGL012W,0,2.0720928,0.10584409534931183,0.9666966795921326,0.9174840450286865
YKR018C,YGL097W,0,2.07191,0.10583366453647614,0.9666966795921326,0.9175851941108704
YBR290W,YOR122C,0,2.070209,0.10582323372364044,0.9666966795921326,0.9176863431930542
YNL252C,YLR222C,0,2.0694659,0.10581281036138535,0.9666966795921326,0.9177874326705933
YLR274W,YLR372W,0,2.0688982,0.10580238699913025,0.9666966795921326,0.9178885817527771
YJL115W,YKL127W,0,2.068596,0.10579196363687515,0.9666966795921326,0.9179896712303162
YGR172C,YCR048W,0,2.0685453,0.10578154027462006,0.9666966795921326,0.9180908203125
YGL079W,YDR307W,0,2.0684564,0.10577112436294556,0.9666966795921326,0.9181919097900391
YHR152W,YNR046W,0,2.0680294,0.10576070845127106,0.9666966795921326,0.9182930588722229
YOR173W,YDR255C,0,2.067727,0.10575029253959656,0.9666966795921326,0.918394148349762
YMR079W,YER026C,0,2.067522,0.10573988407850266,0.9666966795921326,0.9184952974319458
YBR171W,YOR122C,0,2.0673842,0.10572947561740875,0.9666966795921326,0.9185964465141296
YMR068W,YKL157W,0,2.0668578,0.10571906715631485,0.9666966795921326,0.9186975359916687
YFL018C,YML008C,0,2.0668144,0.10570865869522095,0.9666966795921326,0.9187986850738525
YOR118W,YDR162C,0,2.0667207,0.10569825768470764,0.9666966795921326,0.9188997745513916
YBL004W,YCL011C,0,2.066017,0.10568785667419434,0.9666966795921326,0.9190009236335754
YKL046C,YDL236W,0,2.0657792,0.10567745566368103,0.9666966795921326,0.9191020131111145
YLR297W,YER141W,0,2.0656726,0.10566706210374832,0.9666966795921326,0.9192031621932983
YOL039W,YBL009W,0,2.065597,0.10565666854381561,0.9666966795921326,0.9193042516708374
YDL220C,YBR066C,1,2.064456,0.10574463754892349,0.9675967693328857,0.9193042516708374
YNL316C,YGL065C,0,2.064382,0.10573423653841019,0.9675967693328857,0.9194054007530212
YMR236W,YKR065C,0,2.0640728,0.10572384297847748,0.9675967693328857,0.9195065498352051
YNL209W,YLL028W,0,2.0637178,0.10571344196796417,0.9675967693328857,0.9196076393127441
YOL039W,YLR022C,0,2.0629745,0.10570304840803146,0.9675967693328857,0.919708788394928
YDR264C,YLL010C,0,2.0615106,0.10569265484809875,0.9675967693328857,0.919809877872467
YDL165W,YPR112C,0,2.061201,0.10568226873874664,0.9675967693328857,0.9199110269546509
YDL103C,YPL020C,0,2.061048,0.10567187517881393,0.9675967693328857,0.9200121164321899
YDR348C,YNR036C,0,2.061006,0.10566148906946182,0.9675967693328857,0.9201132655143738
YLR098C,YJL065C,1,2.0609164,0.10574938356876373,0.9684968590736389,0.9201132655143738
YOR329C,YGR284C,0,2.0605745,0.10573899000883102,0.9684968590736389,0.9202143549919128
YLR051C,YBR088C,0,2.0605195,0.10572860389947891,0.9684968590736389,0.9203155040740967
YER078C,YOR197W,0,2.060144,0.1057182177901268,0.9684968590736389,0.9204166531562805
YMR030W,YDR307W,0,2.0600803,0.10570783168077469,0.9684968590736389,0.9205177426338196
YHR123W,YLR035C,0,2.0598035,0.10569744557142258,0.9684968590736389,0.9206188917160034
YNL261W,YBL100W-B,1,2.0597486,0.10578528791666031,0.9693969488143921,0.9206188917160034
YJR067C,YHR203C,0,2.0592418,0.1057748943567276,0.9693969488143921,0.9207199811935425
YBR302C,YAL001C,0,2.0582983,0.10576450824737549,0.9693969488143921,0.9208211302757263
YPL132W,YBR201W,0,2.058268,0.10575412213802338,0.9693969488143921,0.9209222197532654
YJL184W,YKL184W,0,2.0579948,0.10574374347925186,0.9693969488143921,0.9210233688354492
YGR257C,YML026C,0,2.0579176,0.10573335736989975,0.9693969488143921,0.9211244583129883
YHL020C,YOR140W,1,2.057866,0.1058211475610733,0.9702970385551453,0.9211244583129883
YLR116W,YJR152W,0,2.0574899,0.10581076145172119,0.9702970385551453,0.9212256073951721
YER021W,YBR171W,0,2.0572379,0.10580037534236908,0.9702970385551453,0.9213266968727112
YER035W,YLL023C,0,2.0570283,0.10578998923301697,0.9702970385551453,0.921427845954895
YHR039C,YJL111W,0,2.0569415,0.10577961057424545,0.9702970385551453,0.9215289950370789
YGL013C,YOR035C,0,2.0566368,0.10576923191547394,0.9702970385551453,0.9216300845146179
YML078W,YOL039W,0,2.0556755,0.10575885325670242,0.9702970385551453,0.9217312335968018
YJR067C,YPR124W,0,2.0555553,0.1057484820485115,0.9702970385551453,0.9218323230743408
YBL006C,YDR541C,0,2.055378,0.10573810338973999,0.9702970385551453,0.9219334721565247
YKL035W,YIL129C,0,2.055323,0.10572773963212967,0.9702970385551453,0.9220345616340637
YGL086W,YMR116C,0,2.0547514,0.10571736842393875,0.9702970385551453,0.9221357107162476
YGL017W,YJR144W,0,2.0541315,0.10570700466632843,0.9702970385551453,0.9222368001937866
YGL160W,YGR067C,0,2.054021,0.10569663345813751,0.9702970385551453,0.9223379492759705
YMR189W,YBR179C,0,2.0539932,0.10568627715110779,0.9702970385551453,0.9224390983581543
YJR064W,YBR057C,0,2.0536256,0.10567591339349747,0.9702970385551453,0.9225401878356934
YNR051C,YDL165W,0,2.0521173,0.10566555708646774,0.9702970385551453,0.9226413369178772
YGR192C,YOL113W,0,2.0515237,0.10565520077943802,0.9702970385551453,0.9227424263954163
YDL092W,YOR205C,0,2.0511122,0.1056448444724083,0.9702970385551453,0.9228435754776001
YNL102W,YNL248C,1,2.0509439,0.10573248565196991,0.9711971282958984,0.9228435754776001
YER146W,YPL012W,0,2.0503263,0.10572212189435959,0.9711971282958984,0.9229446649551392
YPR029C,YLR069C,0,2.0496151,0.10571176558732986,0.9711971282958984,0.923045814037323
YFR051C,YDR153C,0,2.0458655,0.10570140928030014,0.9711971282958984,0.9231469035148621
YHL001W,YEL055C,0,2.0454793,0.10569106042385101,0.9711971282958984,0.9232480525970459
YIR007W,YKL035W,0,2.0446208,0.10568070411682129,0.9711971282958984,0.9233492016792297
YDL132W,YBR066C,1,2.0431337,0.10576828569173813,0.9720972180366516,0.9233492016792297
YDR153C,YIL050W,0,2.042448,0.1057579293847084,0.9720972180366516,0.9234502911567688
YHR191C,YLR229C,0,2.0424356,0.10574757307767868,0.9720972180366516,0.9235514402389526
YML024W,YPL046C,0,2.0422034,0.10573722422122955,0.9720972180366516,0.9236525297164917
YBL036C,YKL152C,0,2.0421302,0.10572687536478043,0.9720972180366516,0.9237536787986755
YPL023C,YGR240C,0,2.0417323,0.1057165265083313,0.9720972180366516,0.9238547682762146
YDL212W,YOR122C,0,2.0416517,0.10570617765188217,0.9720972180366516,0.9239559173583984
YNL327W,YJR002W,0,2.0397182,0.10569582879543304,0.9720972180366516,0.9240570068359375
YKL008C,YOR362C,0,2.0394063,0.10568548738956451,0.9720972180366516,0.9241581559181213
YIL063C,YDR394W,0,2.0392218,0.10567514598369598,0.9720972180366516,0.9242593050003052
YBR221C,YPR124W,0,2.0391579,0.10566480457782745,0.9720972180366516,0.9243603944778442
YIR007W,YOL027C,0,2.03875,0.10565447062253952,0.9720972180366516,0.9244615435600281
YLR064W,YOR344C,0,2.0367916,0.10564413666725159,0.9720972180366516,0.9245626330375671
YJL002C,YEL009C,0,2.0366368,0.10563380271196365,0.9720972180366516,0.924663782119751
YHR039C,YJL184W,0,2.0363722,0.10562346875667572,0.9720972180366516,0.92476487159729
YDL212W,YDR267C,0,2.0359073,0.10561314225196838,0.9720972180366516,0.9248660206794739
YHR200W,YDR206W,0,2.0355215,0.10560281574726105,0.9720972180366516,0.9249671101570129
YKL008C,YLR117C,0,2.0353546,0.10559248924255371,0.9720972180366516,0.9250682592391968
YLR388W,YMR283C,0,2.0350456,0.10558217018842697,0.9720972180366516,0.9251694083213806
YOR080W,YLR035C,1,2.0348597,0.10566960275173187,0.9729973077774048,0.9251694083213806
YNR023W,YNL099C,0,2.0346174,0.10565926879644394,0.9729973077774048,0.9252704977989197
YKR003W,YPL005W,0,2.0344074,0.1056489422917366,0.9729973077774048,0.9253716468811035
YOL130W,YNL087W,0,2.0332112,0.10563862323760986,0.9729973077774048,0.9254727363586426
YLR138W,YDR194C,0,2.032743,0.10562829673290253,0.9729973077774048,0.9255738854408264
YHR183W,YGR284C,0,2.0319507,0.10561797767877579,0.9729973077774048,0.9256749749183655
YER019W,YGR172C,0,2.0313,0.10560765862464905,0.9729973077774048,0.9257761240005493
YGR183C,YML026C,0,2.0312495,0.10559733957052231,0.9729973077774048,0.9258772134780884
YNL083W,YNL265C,0,2.0311778,0.10558702796697617,0.9729973077774048,0.9259783625602722
YOR375C,YNL113W,0,2.0310898,0.10557671636343002,0.9729973077774048,0.926079511642456
YGL017W,YNL071W,0,2.0310311,0.10556640475988388,0.9729973077774048,0.9261806011199951
YHR039C,YDR349C,0,2.030703,0.10555610060691833,0.9729973077774048,0.926281750202179
YNL305C,YIL050W,0,2.0304794,0.10554578900337219,0.9729973077774048,0.926382839679718
YJR099W,YML118W,0,2.03015,0.10553548485040665,0.9729973077774048,0.9264839887619019
YLR226W,YHR018C,0,2.030106,0.1055251881480217,0.9729973077774048,0.9265850782394409
YAL014C,YIL114C,0,2.029592,0.10551488399505615,0.9729973077774048,0.9266862273216248
YNL336W,YGR261C,0,2.0287242,0.1055045872926712,0.9729973077774048,0.9267873167991638
YKL146W,YOL058W,0,2.0285668,0.10549429059028625,0.9729973077774048,0.9268884658813477
YIR007W,YPR075C,0,2.0285664,0.1054839938879013,0.9729973077774048,0.9269895553588867
YHL002W,YOR198C,0,2.0281131,0.10547370463609695,0.9729973077774048,0.9270907044410706
YER048C,YPR124W,0,2.0272195,0.1054634153842926,0.9729973077774048,0.9271918535232544
YJL138C,YDR477W,0,2.0269794,0.10545312613248825,0.9729973077774048,0.9272929430007935
YHR112C,YBR204C,0,2.0266342,0.1054428368806839,0.9729973077774048,0.9273940920829773
YOR312C,YFL002C,0,2.0264869,0.10543255507946014,0.9729973077774048,0.9274951815605164
YHR104W,YJL154C,0,2.0264215,0.10542227327823639,0.9729973077774048,0.9275963306427002
YJL091C,YPL037C,0,2.0259442,0.10541199147701263,0.9729973077774048,0.9276974201202393
YDR324C,YFL002C,0,2.025868,0.10540171712636948,0.9729973077774048,0.9277985692024231
YBR297W,YKR101W,1,2.0252142,0.10548893362283707,0.973897397518158,0.9277985692024231
YBR088C,YKL167C,0,2.0249171,0.10547865182161331,0.973897397518158,0.9278996586799622
YHL001W,YNL252C,0,2.0246453,0.10546837002038956,0.973897397518158,0.928000807762146
YGR231C,YMR271C,0,2.024598,0.1054580882191658,0.973897397518158,0.9281019568443298
YHR107C,YKL127W,0,2.024445,0.10544781386852264,0.973897397518158,0.9282030463218689
YPL211W,YEL003W,0,2.024373,0.10543753951787949,0.973897397518158,0.9283041954040527
YHR121W,YEL047C,0,2.0240002,0.10542726516723633,0.973897397518158,0.9284052848815918
YCL040W,YDL174C,0,2.0239139,0.10541699081659317,0.973897397518158,0.9285064339637756
YOR128C,YMR068W,0,2.0238338,0.10540672391653061,0.973897397518158,0.9286075234413147
YGL011C,YHR019C,0,2.0233102,0.10539645701646805,0.973897397518158,0.9287086725234985
YPL084W,YJL020C,0,2.022876,0.10538619011640549,0.973897397518158,0.9288097620010376
YGR152C,YKR081C,0,2.0228133,0.10537592321634293,0.973897397518158,0.9289109110832214
YLR155C,YOL130W,0,2.022587,0.10536566376686096,0.973897397518158,0.9290120601654053
YDR462W,YLR178C,0,2.022314,0.105355404317379,0.973897397518158,0.9291131496429443
YKR067W,YBL105C,0,2.0220032,0.10534514486789703,0.973897397518158,0.9292142987251282
YDL212W,YJL184W,0,2.021467,0.10533489286899567,0.973897397518158,0.9293153882026672
YLR336C,YLR229C,0,2.0213675,0.1053246408700943,0.973897397518158,0.9294165372848511
YHR107C,YDR394W,0,2.0212793,0.10531438887119293,0.973897397518158,0.9295176267623901
YGR277C,YLL015W,0,2.020883,0.10530413687229156,0.973897397518158,0.929618775844574
YER026C,YKR018C,0,2.0196142,0.1052938923239708,0.973897397518158,0.929719865322113
YGR090W,YML093W,0,2.0186281,0.10528364032506943,0.973897397518158,0.9298210144042969
YFL062W,YIL040W,0,2.0184693,0.10527339577674866,0.973897397518158,0.9299221634864807
YPR145W,YCL030C,0,2.0181527,0.10526315867900848,0.973897397518158,0.9300232529640198
YEL034W,YGL029W,0,2.0170584,0.10525292158126831,0.973897397518158,0.9301244020462036
YHR083W,YMR199W,0,2.0157619,0.10524267703294754,0.973897397518158,0.9302254915237427
YLR069C,YHR001W,0,2.015593,0.10523244738578796,0.973897397518158,0.9303266406059265
YOL088C,YOL033W,0,2.0149765,0.10522221028804779,0.973897397518158,0.9304277300834656
YDR017C,YJR144W,0,2.014164,0.10521198064088821,0.973897397518158,0.9305288791656494
YPL170W,YHR178W,0,2.0124123,0.10520175099372864,0.973897397518158,0.9306299686431885
YML078W,YBR201W,0,2.0121226,0.10519152134656906,0.973897397518158,0.9307311177253723
YBL004W,YFL022C,0,2.0118155,0.10518129914999008,0.973897397518158,0.9308322668075562
YBR216C,YOR298C-A,0,2.0118072,0.1051710695028305,0.973897397518158,0.9309333562850952
YPR020W,YPL024W,0,2.0116339,0.10516085475683212,0.973897397518158,0.931034505367279
YHR143W-A,YFR055W,0,2.0116177,0.10515063256025314,0.973897397518158,0.9311355948448181
YJL002C,YGR091W,0,2.011343,0.10514041036367416,0.973897397518158,0.931236743927002
YER073W,YNL220W,0,2.00954,0.10513019561767578,0.973897397518158,0.931337833404541
YDR006C,YDR099W,0,2.0088868,0.1051199808716774,0.973897397518158,0.9314389824867249
YGR023W,YEL020C,0,2.0083284,0.10510977357625961,0.973897397518158,0.9315400719642639
YAR014C,YKL184W,0,2.0083003,0.10509956628084183,0.973897397518158,0.9316412210464478
YPL081W,YJR088C,0,2.0074632,0.10508935153484344,0.973897397518158,0.9317423105239868
YDL122W,YFR055W,0,2.0060673,0.10507915169000626,0.973897397518158,0.9318434596061707
YHR018C,YOR197W,0,2.0044718,0.10506894439458847,0.973897397518158,0.9319446086883545
YDL052C,YNL252C,0,2.0037332,0.10505874454975128,0.973897397518158,0.9320456981658936
YDR058C,YFL031W,0,2.002452,0.10504854470491409,0.973897397518158,0.9321468472480774
YDR394W,YBR204C,0,2.0023074,0.1050383448600769,0.973897397518158,0.9322479367256165
YJR014W,YCR034W,0,2.001152,0.10502815246582031,0.973897397518158,0.9323490858078003
YGR068C,YHR102W,0,2.0009775,0.10501795262098312,0.973897397518158,0.9324501752853394
YGL022W,YEL047C,0,2.000298,0.10500776767730713,0.973897397518158,0.9325513243675232
YER019W,YIL099W,0,2.0002549,0.10499757528305054,0.973897397518158,0.9326524138450623
YHR043C,YDL236W,0,2.0000954,0.10498738288879395,0.973897397518158,0.9327535629272461
YFR046C,YIL050W,0,1.9997544,0.10497719794511795,0.973897397518158,0.9328547120094299
YBR235W,YPR004C,0,1.998653,0.10496701300144196,0.973897397518158,0.932955801486969
YHR104W,YMR134W,0,1.9985753,0.10495683550834656,0.973897397518158,0.9330569505691528
YPL236C,YOR344C,0,1.9979862,0.10494665056467056,0.973897397518158,0.9331580400466919
YDL052C,YLR229C,0,1.9971855,0.10493647307157516,0.973897397518158,0.9332591891288757
YOL008W,YML126C,0,1.9963723,0.10492630302906036,0.973897397518158,0.9333602786064148
YBL045C,YLR178C,0,1.9962223,0.10491612553596497,0.973897397518158,0.9334614276885986
YJL063C,YPR052C,0,1.9959592,0.10490595549345016,0.973897397518158,0.9335625171661377
YOL097C,YER172C,0,1.9958516,0.10489578545093536,0.973897397518158,0.9336636662483215
YKL049C,YOR245C,0,1.9955922,0.10488561540842056,0.973897397518158,0.9337648153305054
YDR145W,YNL103W,1,1.9952658,0.10497237741947174,0.9747974872589111,0.9337648153305054
YJR047C,YMR121C,0,1.9944798,0.10496219992637634,0.9747974872589111,0.9338659048080444
YJL063C,YIL129C,0,1.9943409,0.10495202988386154,0.9747974872589111,0.9339670538902283
YGL017W,YJR086W,0,1.9940389,0.10494185984134674,0.9747974872589111,0.9340681433677673
YPR004C,YJR077C,0,1.9929452,0.10493168979883194,0.9747974872589111,0.9341692924499512
YER003C,YGR231C,0,1.9928628,0.10492152720689774,0.9747974872589111,0.9342703819274902
YPL047W,YAL009W,0,1.9915179,0.10491136461496353,0.9747974872589111,0.9343715310096741
YOR256C,YKR039W,0,1.9909956,0.10490120202302933,0.9747974872589111,0.9344726204872131
YBR221C,YBR104W,0,1.9908309,0.10489103943109512,0.9747974872589111,0.934573769569397
YGR198W,YHR018C,0,1.9905635,0.10488088428974152,0.9747974872589111,0.9346749186515808
YOR144C,YNL220W,0,1.9903977,0.10487072914838791,0.9747974872589111,0.9347760081291199
YDL014W,YNL197C,0,1.990352,0.1048605740070343,0.9747974872589111,0.9348771572113037
YDR016C,YMR260C,0,1.9898193,0.1048504188656807,0.9747974872589111,0.9349782466888428
YOL060C,YLR136C,0,1.9892174,0.10484027117490768,0.9747974872589111,0.9350793957710266
YOL097C,YGL130W,0,1.9887418,0.10483012348413467,0.9747974872589111,0.9351804852485657
YGL001C,YIL040W,0,1.9879125,0.10481997579336166,0.9747974872589111,0.9352816343307495
YNL124W,YLR222C,0,1.987723,0.10480983555316925,0.9747974872589111,0.9353827238082886
YGL160W,YJR161C,0,1.9875977,0.10479968786239624,0.9747974872589111,0.9354838728904724
YNL075W,YBR079C,0,1.9866452,0.10478954762220383,0.9747974872589111,0.9355850219726562
YML058W,YOR133W,0,1.9863197,0.10477941483259201,0.9747974872589111,0.9356861114501953
YFL062W,YDL174C,0,1.9862804,0.1047692745923996,0.9747974872589111,0.9357872605323792
YDL168W,YOL016C,0,1.9862512,0.10475914180278778,0.9747974872589111,0.9358883500099182
YGR028W,YOR197W,0,1.9862145,0.10474900901317596,0.9747974872589111,0.935989499092102
YJL113W,YLR133W,0,1.9861354,0.10473887622356415,0.9747974872589111,0.9360905885696411
YOL008W,YLR027C,0,1.985777,0.10472875088453293,0.9747974872589111,0.936191737651825
YLR398C,YFL022C,0,1.9848548,0.10471862554550171,0.9747974872589111,0.936292827129364
YKL160W,YBR204C,0,1.984372,0.10470850020647049,0.9747974872589111,0.9363939762115479
YDR182W,YBR008C,0,1.9828502,0.10469837486743927,0.9747974872589111,0.9364951252937317
YPL268W,YMR197C,0,1.9823946,0.10468825697898865,0.9747974872589111,0.9365962147712708
YJR043C,YML126C,0,1.9817498,0.10467813909053802,0.9747974872589111,0.9366973638534546
YDR225W,YML024W,0,1.9812577,0.1046680212020874,0.9747974872589111,0.9367984533309937
YMR079W,YLL028W,0,1.9811188,0.10465790331363678,0.9747974872589111,0.9368996024131775
YBL004W,YKL160W,0,1.9807252,0.10464779287576675,0.9747974872589111,0.9370006918907166
YCR023C,YLL023C,0,1.9800929,0.10463768243789673,0.9747974872589111,0.9371018409729004
YCL033C,YOL027C,0,1.9794027,0.1046275720000267,0.9747974872589111,0.9372029304504395
YDR541C,YLR070C,0,1.9788954,0.10461746156215668,0.9747974872589111,0.9373040795326233
YBR077C,YIL044C,0,1.97803,0.10460735857486725,0.9747974872589111,0.9374051690101624
YBL084C,YER003C,0,1.9763495,0.10459725558757782,0.9747974872589111,0.9375063180923462
YPL275W,YHR176W,0,1.9746925,0.10458715260028839,0.9747974872589111,0.93760746717453
YPL128C,YER122C,0,1.9743568,0.10457705706357956,0.9747974872589111,0.9377085566520691
YPL241C,YDR119W,0,1.9742949,0.10456696152687073,0.9747974872589111,0.9378097057342529
YBR229C,YOL058W,0,1.9732921,0.1045568659901619,0.9747974872589111,0.937910795211792
YPR029C,YHR183W,0,1.9732541,0.10454677045345306,0.9747974872589111,0.9380119442939758
YBR217W,YOL110W,0,1.9725913,0.10453668236732483,0.9747974872589111,0.9381130337715149
YLR166C,YHR018C,0,1.9723867,0.104526586830616,0.9747974872589111,0.9382141828536987
YKL125W,YPL086C,0,1.9718683,0.10451650619506836,0.9747974872589111,0.9383152723312378
YPR145W,YBR154C,0,1.97161,0.10450641810894012,0.9747974872589111,0.9384164214134216
YIL065C,YML121W,0,1.9715766,0.10449633002281189,0.9747974872589111,0.9385175704956055
YGR183C,YGR231C,0,1.9712859,0.10448624938726425,0.9747974872589111,0.9386186599731445
YOR354C,YJR137C,0,1.9712611,0.10447616875171661,0.9747974872589111,0.9387198090553284
YOR329C,YHR098C,0,1.9701906,0.10446609556674957,0.9747974872589111,0.9388208985328674
YIL036W,YNL239W,1,1.970111,0.10455247014760971,0.9756975769996643,0.9388208985328674
YHR216W,YOR198C,0,1.9697236,0.10454238951206207,0.9756975769996643,0.9389220476150513
YGL048C,YPL187W,0,1.9693782,0.10453230142593384,0.9756975769996643,0.9390231370925903
YDR264C,YPL270W,0,1.9686946,0.1045222282409668,0.9756975769996643,0.9391242861747742
YOR354C,YKR039W,0,1.9679745,0.10451214760541916,0.9756975769996643,0.9392253756523132
YEL046C,YDR354W,0,1.9668199,0.10450207442045212,0.9756975769996643,0.9393265247344971
YJR113C,YIL050W,0,1.9660103,0.10449200123548508,0.9756975769996643,0.9394276738166809
YDL052C,YNL321W,0,1.9658375,0.10448192805051804,0.9756975769996643,0.93952876329422
YNL125C,YER075C,0,1.96515,0.104471854865551,0.9756975769996643,0.9396299123764038
YML007W,YEL009C,1,1.9644295,0.10455815494060516,0.9765976667404175,0.9396299123764038
YDL155W,YLL036C,0,1.9642854,0.10454808175563812,0.9765976667404175,0.9397310018539429
YHR039C,YOL027C,0,1.9639263,0.10453800857067108,0.9765976667404175,0.9398321509361267
YDL212W,YJL177W,0,1.9634473,0.10452793538570404,0.9765976667404175,0.9399332404136658
YGL208W,YGL121C,0,1.9634241,0.1045178696513176,0.9765976667404175,0.9400343894958496
YJL138C,YNL099C,0,1.9627383,0.10450780391693115,0.9765976667404175,0.9401354789733887
YPR033C,YLR022C,0,1.9622239,0.10449773818254471,0.9765976667404175,0.9402366280555725
YIR008C,YDL147W,0,1.9621327,0.10448767244815826,0.9765976667404175,0.9403377771377563
YKL152C,YMR029C,0,1.9611801,0.10447761416435242,0.9765976667404175,0.9404388666152954
YEL034W,YJR088C,0,1.9590939,0.10446755588054657,0.9765976667404175,0.9405400156974792
YDR155C,YKL012W,0,1.958895,0.10445749759674072,0.9765976667404175,0.9406411051750183
YMR214W,YOL013C,0,1.95861,0.10444743931293488,0.9765976667404175,0.9407422542572021
YBR073W,YJL002C,0,1.9585909,0.10443738847970963,0.9765976667404175,0.9408433437347412
YPR052C,YGL187C,0,1.9579061,0.10442733764648438,0.9765976667404175,0.940944492816925
YOR231W,YDR206W,0,1.9577043,0.10441728681325912,0.9765976667404175,0.9410455822944641
YJL184W,YOR360C,0,1.957399,0.10440723598003387,0.9765976667404175,0.941146731376648
YBR088C,YEL042W,0,1.9573816,0.10439719259738922,0.9765976667404175,0.9412478804588318
YKL193C,YBR201W,0,1.957036,0.10438714921474457,0.9765976667404175,0.9413489699363708
YDL004W,YBR135W,0,1.9557897,0.10437710583209991,0.9765976667404175,0.9414501190185547
YML066C,YPL228W,0,1.9553726,0.10436706244945526,0.9765976667404175,0.9415512084960938
YLR027C,YPL066W,0,1.9549631,0.1043570265173912,0.9765976667404175,0.9416523575782776
YER172C,YLR449W,0,1.9547164,0.10434699058532715,0.9765976667404175,0.9417534470558167
YLR240W,YHR112C,0,1.9542376,0.10433695465326309,0.9765976667404175,0.9418545961380005
YGR227W,YNR023W,0,1.9542123,0.10432692617177963,0.9765976667404175,0.9419556856155396
YOR125C,YDR480W,0,1.9540836,0.10431689023971558,0.9765976667404175,0.9420568346977234
YPL075W,YPL089C,1,1.9532179,0.10440299659967422,0.9774977564811707,0.9420568346977234
YBR057C,YER094C,0,1.9507545,0.10439296066761017,0.9774977564811707,0.9421579241752625
YPL055C,YLR431C,0,1.9505593,0.10438293218612671,0.9774977564811707,0.9422590732574463
YPL069C,YGR172C,0,1.9503759,0.10437289625406265,0.9774977564811707,0.9423602223396301
YBR133C,YCR003W,0,1.9500383,0.1043628677725792,0.9774977564811707,0.9424613118171692
YNL257C,YCR017C,0,1.9496413,0.10435283929109573,0.9774977564811707,0.942562460899353
YMR170C,YGL047W,0,1.9490443,0.10434281080961227,0.9774977564811707,0.9426635503768921
YPR183W,YKL157W,0,1.9462402,0.10433278977870941,0.9774977564811707,0.9427646994590759
YDR174W,YDR207C,1,1.9452,0.10441882908344269,0.9783978462219238,0.9427646994590759
YCR066W,YEL047C,0,1.9446241,0.10440880060195923,0.9783978462219238,0.942865788936615
YPR183W,YOR329C,0,1.9445415,0.10439877212047577,0.9783978462219238,0.9429669380187988
YJL113W,YLR256W,1,1.9442586,0.10448478162288666,0.979297935962677,0.9429669380187988
YKL176C,YKL211C,0,1.9439305,0.1044747456908226,0.979297935962677,0.9430680274963379
YBR077C,YJR125C,0,1.9434623,0.10446471720933914,0.979297935962677,0.9431691765785217
YLR064W,YIR035C,0,1.9426615,0.10445468872785568,0.979297935962677,0.9432703256607056
YJL111W,YER001W,0,1.9423995,0.10444466024637222,0.979297935962677,0.9433714151382446
YIR034C,YIL129C,0,1.9420093,0.10443463176488876,0.979297935962677,0.9434725642204285
YKL046C,YGR128C,0,1.9413401,0.1044246107339859,0.979297935962677,0.9435736536979675
YOR234C,YGL022W,0,1.9413176,0.10441458970308304,0.979297935962677,0.9436748027801514
YOR362C,YNL097C,0,1.9402452,0.10440456867218018,0.979297935962677,0.9437758922576904
YCL040W,YKL148C,0,1.9369558,0.10439454764127731,0.979297935962677,0.9438770413398743
YLR369W,YML029W,0,1.935794,0.10438453406095505,0.979297935962677,0.9439781308174133
YKL188C,YKL163W,0,1.9353694,0.10437452048063278,0.979297935962677,0.9440792798995972
YML110C,YGL153W,0,1.9348577,0.10436450690031052,0.979297935962677,0.944180428981781
YDL155W,YOR293W,0,1.933782,0.10435450077056885,0.979297935962677,0.9442815184593201
YDR267C,YGR261C,0,1.9330884,0.10434448719024658,0.979297935962677,0.9443826675415039
YER170W,YPL079W,0,1.9330282,0.10433448106050491,0.979297935962677,0.944483757019043
YNR054C,YGR090W,0,1.9325,0.10432448238134384,0.979297935962677,0.9445849061012268
YPL132W,YPL072W,0,1.9324133,0.10431447625160217,0.979297935962677,0.9446859955787659
YNL075W,YEL042W,0,1.9324032,0.1043044775724411,0.979297935962677,0.9447871446609497
YLR069C,YDR123C,0,1.9320236,0.10429447889328003,0.979297935962677,0.9448882341384888
YOL033W,YGR067C,0,1.9315643,0.10428448021411896,0.979297935962677,0.9449893832206726
YBR290W,YOR007C,0,1.9311317,0.10427448898553848,0.979297935962677,0.9450905323028564
YKL008C,YIL016W,0,1.9300884,0.10426449775695801,0.979297935962677,0.9451916217803955
YBR302C,YIL017C,0,1.9295294,0.10425450652837753,0.979297935962677,0.9452927708625793
YJL010C,YJL104W,0,1.9286412,0.10424451529979706,0.979297935962677,0.9453938603401184
YLR332W,YGL181W,0,1.9285749,0.10423452407121658,0.979297935962677,0.9454950094223022
YNL069C,YNL252C,0,1.9280344,0.1042245402932167,0.979297935962677,0.9455960988998413
YHR032W,YGL054C,0,1.9276949,0.10421455651521683,0.979297935962677,0.9456972479820251
YDR145W,YKL038W,1,1.9272162,0.104300357401371,0.9801980257034302,0.9456972479820251
YPR181C,YBR135W,0,1.9271561,0.10429036617279053,0.9801980257034302,0.9457983374595642
YNL154C,YGL245W,0,1.9265401,0.10428038239479065,0.9801980257034302,0.945899486541748
YIR034C,YLR027C,0,1.9253409,0.10427039116621017,0.9801980257034302,0.9460006356239319
YDR221W,YOL027C,0,1.9251817,0.1042604148387909,0.9801980257034302,0.946101725101471
YOR354C,YGL257C,0,1.92491,0.10425043106079102,0.9801980257034302,0.9462028741836548
YBL027W,YIL067C,0,1.9248465,0.10424045473337173,0.9801980257034302,0.9463039636611938
YMR058W,YMR216C,0,1.9242402,0.10423047840595245,0.9801980257034302,0.9464051127433777
YBR077C,YDR171W,0,1.9242107,0.10422050207853317,0.9801980257034302,0.9465062022209167
YDR194C,YLR229C,0,1.9240452,0.10421052575111389,0.9801980257034302,0.9466073513031006
YDR394W,YGR231C,0,1.9235622,0.10420055687427521,0.9801980257034302,0.9467084407806396
YGL002W,YBR004C,0,1.9221867,0.10419058799743652,0.9801980257034302,0.9468095898628235
YFL018C,YNL321W,0,1.9221655,0.10418061912059784,0.9801980257034302,0.9469106793403625
YIL021W,YNL262W,1,1.9214159,0.10426630824804306,0.9810981154441833,0.9469106793403625
YCL040W,YOR367W,0,1.9209713,0.10425633937120438,0.9810981154441833,0.9470118284225464
YJL050W,YBR106W,0,1.9209646,0.1042463630437851,0.9810981154441833,0.9471129775047302
YIL131C,YLR229C,0,1.9209356,0.10423639416694641,0.9810981154441833,0.9472140669822693
YGL099W,YGL079W,0,1.9202148,0.10422643274068832,0.9810981154441833,0.9473152160644531
YNL075W,YPL016W,1,1.9197898,0.10431207716464996,0.9819982051849365,0.9473152160644531
YDL226C,YKR092C,0,1.9194058,0.10430210083723068,0.9819982051849365,0.9474163055419922
YDL226C,YLR372W,0,1.9167013,0.104292131960392,0.9819982051849365,0.947517454624176
YKL193C,YLR119W,0,1.9166924,0.10428216308355331,0.9819982051849365,0.9476185441017151
YNL151C,YKL144C,1,1.9163644,0.10436777025461197,0.9828982949256897,0.9476185441017151
YKL160W,YJR044C,0,1.9153498,0.10435780137777328,0.9828982949256897,0.9477196931838989
YDR462W,YHR123W,0,1.9152888,0.104347825050354,0.9828982949256897,0.947820782661438
YDL126C,YOR153W,0,1.9135791,0.10433785617351532,0.9828982949256897,0.9479219317436218
YNL124W,YMR058W,0,1.9135505,0.10432788729667664,0.9828982949256897,0.9480230808258057
YKR013W,YML072C,0,1.9127572,0.10431791841983795,0.9828982949256897,0.9481241703033447
YML126C,YJL118W,0,1.9122542,0.10430795699357986,0.9828982949256897,0.9482253193855286
YOR115C,YOL021C,0,1.9122398,0.10429799556732178,0.9828982949256897,0.9483264088630676
YDR519W,YML126C,0,1.9118241,0.10428803414106369,0.9828982949256897,0.9484275579452515
YKL035W,YML118W,0,1.9116484,0.1042780727148056,0.9828982949256897,0.9485286474227905
YIR021W,YDR194C,0,1.9108192,0.10426811873912811,0.9828982949256897,0.9486297965049744
YER019W,YAL001C,0,1.9101596,0.10425816476345062,0.9828982949256897,0.9487308859825134
YGL048C,YLR222C,0,1.9094017,0.10424821078777313,0.9828982949256897,0.9488320350646973
YNL069C,YOR188W,0,1.9090427,0.10423825681209564,0.9828982949256897,0.9489331841468811
YGR284C,YLR178C,0,1.9087492,0.10422831028699875,0.9828982949256897,0.9490342736244202
YMR164C,YPL265W,0,1.908738,0.10421836376190186,0.9828982949256897,0.949135422706604
YBL018C,YJR144W,0,1.9084029,0.10420841723680496,0.9828982949256897,0.9492365121841431
YPL241C,YGR172C,0,1.9079553,0.10419847071170807,0.9828982949256897,0.9493376612663269
YLR275W,YOR312C,0,1.9062172,0.10418853163719177,0.9828982949256897,0.949438750743866
YIL131C,YEL055C,1,1.9057039,0.10427398979663849,0.9837983846664429,0.949438750743866
YJL123C,YKL113C,0,1.905316,0.1042640432715416,0.9837983846664429,0.9495398998260498
YMR047C,YDL191W,0,1.9047915,0.1042541041970253,0.9837983846664429,0.9496409893035889
YJL028W,YPL158C,0,1.904168,0.1042441576719284,0.9837983846664429,0.9497421383857727
YLL036C,YKR065C,0,1.9031583,0.10423421859741211,0.9837983846664429,0.9498432874679565
YJL042W,YGR132C,0,1.9027106,0.10422427952289581,0.9837983846664429,0.9499443769454956
YCR024C-A,YML022W,0,1.9025537,0.10421434044837952,0.9837983846664429,0.9500455260276794
YJR064W,YKL167C,0,1.9022621,0.10420440137386322,0.9837983846664429,0.9501466155052185
YNR036C,YIL129C,0,1.899635,0.10419446974992752,0.9837983846664429,0.9502477645874023
YML075C,YJR077C,0,1.8988062,0.10418453812599182,0.9837983846664429,0.9503488540649414
YDL103C,YBL002W,0,1.8971527,0.10417460650205612,0.9837983846664429,0.9504500031471252
YDL002C,YDR210W,0,1.8969008,0.10416468232870102,0.9837983846664429,0.9505510926246643
YGL208W,YGL032C,0,1.896633,0.10415475815534592,0.9837983846664429,0.9506522417068481
YCR017C,YAL014C,0,1.8950492,0.10414483398199081,0.9837983846664429,0.950753390789032
YKL213C,YOR005C,0,1.8948188,0.10413490980863571,0.9837983846664429,0.950854480266571
YOL041C,YHR203C,0,1.894046,0.10412498563528061,0.9837983846664429,0.9509556293487549
YER078C,YOL039W,0,1.88965,0.1041150689125061,0.9837983846664429,0.951056718826294
YDR307W,YLR089C,0,1.8892052,0.1041051521897316,0.9837983846664429,0.9511578679084778
YDL188C,YLL052C,0,1.889049,0.10409523546695709,0.9837983846664429,0.9512589573860168
YNR073C,YIL010W,0,1.888856,0.10408532619476318,0.9837983846664429,0.9513601064682007
YKL188C,YGR287C,0,1.8888482,0.10407541692256927,0.9837983846664429,0.9514611959457397
YER026C,YBR014C,0,1.8878008,0.10406550765037537,0.9837983846664429,0.9515623450279236
YML110C,YDR084C,0,1.8872099,0.10405559837818146,0.9837983846664429,0.9516634941101074
YPR075C,YOR245C,0,1.8870553,0.10404568910598755,0.9837983846664429,0.9517645835876465
YDR082W,YGL254W,1,1.885235,0.10413097590208054,0.984698474407196,0.9517645835876465
YNL152W,YOR375C,0,1.885204,0.10412105917930603,0.984698474407196,0.9518657326698303
YOR362C,YOR303W,0,1.8851913,0.10411114990711212,0.984698474407196,0.9519668221473694
YJL063C,YDR214W,0,1.8827671,0.10410124808549881,0.984698474407196,0.9520679712295532
YCR017C,YKL211C,0,1.8819922,0.1040913388133049,0.984698474407196,0.9521690607070923
YMR079W,YPL227C,0,1.8817359,0.10408143699169159,0.984698474407196,0.9522702097892761
YER078C,YJL138C,0,1.8814529,0.10407153517007828,0.984698474407196,0.9523712992668152
YFL062W,YDR293C,0,1.881156,0.10406164079904556,0.984698474407196,0.952472448348999
YML064C,YDL236W,0,1.8804681,0.10405173897743225,0.984698474407196,0.9525735378265381
YOR210W,YPL255W,0,1.8801019,0.10404184460639954,0.984698474407196,0.9526746869087219
YNL209W,YOR360C,0,1.8797112,0.10403195023536682,0.984698474407196,0.9527758359909058
YMR092C,YDR099W,0,1.8793386,0.1040220558643341,0.984698474407196,0.9528769254684448
YBL102W,YDR147W,0,1.8788803,0.10401216894388199,0.984698474407196,0.9529780745506287
YKL146W,YBR139W,0,1.8786421,0.10400228202342987,0.984698474407196,0.9530791640281677
YKL160W,YJL111W,0,1.8778054,0.10399239510297775,0.984698474407196,0.9531803131103516
YER058W,YPL008W,0,1.8776884,0.10398250818252563,0.984698474407196,0.9532814025878906
YOR125C,YER122C,0,1.8773615,0.10397262871265411,0.984698474407196,0.9533825516700745
YML060W,YBR087W,1,1.8765821,0.10405778139829636,0.9855985641479492,0.9533825516700745
YOL033W,YGR215W,0,1.8756039,0.10404788702726364,0.9855985641479492,0.9534836411476135
YKR081C,YKL008C,0,1.8753935,0.10403800755739212,0.9855985641479492,0.9535847902297974
YER118C,YLR336C,0,1.87313,0.10402812063694,0.9855985641479492,0.9536859393119812
YDR339C,YNL209W,0,1.872859,0.10401824116706848,0.9855985641479492,0.9537870287895203
YPL009C,YGR148C,0,1.872427,0.10400836169719696,0.9855985641479492,0.9538881778717041
YHR143W-A,YLR222C,0,1.8704863,0.10399848222732544,0.9855985641479492,0.9539892673492432
YDR450W,YOR188W,0,1.8702549,0.10398860275745392,0.9855985641479492,0.954090416431427
YHR187W,YIL121W,0,1.8689777,0.103978730738163,0.9855985641479492,0.9541915059089661
YGR207C,YLR066W,0,1.8684332,0.10396885871887207,0.9855985641479492,0.9542926549911499
YDR237W,YNL254C,0,1.8665981,0.10395898669958115,0.9855985641479492,0.954393744468689
YOR094W,YML014W,0,1.8665006,0.10394911468029022,0.9855985641479492,0.9544948935508728
YIL110W,YIR008C,0,1.8649254,0.1039392501115799,0.9855985641479492,0.9545960426330566
YHR045W,YAL009W,0,1.8649087,0.10392938554286957,0.9855985641479492,0.9546971321105957
YHR178W,YLR110C,0,1.862623,0.10391952097415924,0.9855985641479492,0.9547982811927795
YMR293C,YOR133W,0,1.8624511,0.10390966385602951,0.9855985641479492,0.9548993706703186
YGL224C,YLR027C,0,1.8615874,0.10389979928731918,0.9855985641479492,0.9550005197525024
YIR003W,YEL047C,0,1.8614265,0.10388994216918945,0.9855985641479492,0.9551016092300415
YDR182W,YHR026W,0,1.859876,0.10388008505105972,0.9855985641479492,0.9552027583122253
YBL103C,YGL254W,1,1.8595909,0.10396508872509003,0.9864986538887024,0.9552027583122253
YDR302W,YKL120W,0,1.8595259,0.1039552316069603,0.9864986538887024,0.9553038477897644
YER118C,YLR069C,0,1.8581376,0.10394537448883057,0.9864986538887024,0.9554049968719482
YBL023C,YBR154C,1,1.8577298,0.10403034836053848,0.9873987436294556,0.9554049968719482
YER141W,YDR084C,0,1.8568369,0.10402048379182816,0.9873987436294556,0.9555061459541321
YHL013C,YJL076W,0,1.8561547,0.10401061922311783,0.9873987436294556,0.9556072354316711
YGL250W,YHR018C,0,1.8558201,0.1040007621049881,0.9873987436294556,0.955708384513855
YCL038C,YHR083W,0,1.8557129,0.10399089753627777,0.9873987436294556,0.955809473991394
YGR198W,YOL130W,0,1.8544886,0.10398104041814804,0.9873987436294556,0.9559106230735779
YBL006C,YCR020W-B,0,1.8541499,0.10397119075059891,0.9873987436294556,0.9560117125511169
YCR017C,YER073W,0,1.8516214,0.10396133363246918,0.9873987436294556,0.9561128616333008
YHR196W,YFL002C,0,1.8507555,0.10395148396492004,0.9873987436294556,0.9562139511108398
YBR084C-A,YJR007W,0,1.8505629,0.10394163429737091,0.9873987436294556,0.9563151001930237
YDL226C,YDR119W,0,1.8497471,0.10393178462982178,0.9873987436294556,0.9564162492752075
YIL162W,YNR036C,0,1.8486798,0.10392194241285324,0.9873987436294556,0.9565173387527466
YHR104W,YHR083W,0,1.8477153,0.10391209274530411,0.9873987436294556,0.9566184878349304
YMR079W,YJR144W,0,1.847384,0.10390225052833557,0.9873987436294556,0.9567195773124695
YML064C,YPL227C,0,1.8472347,0.10389241576194763,0.9873987436294556,0.9568207263946533
YBR127C,YDR354W,0,1.8472339,0.1038825735449791,0.9873987436294556,0.9569218158721924
YGL207W,YGR172C,0,1.8461158,0.10387273877859116,0.9873987436294556,0.9570229649543762
YER058W,YML026C,0,1.8443747,0.10386290401220322,0.9873987436294556,0.9571240544319153
YBL036C,YJL104W,0,1.8443555,0.10385306924581528,0.9873987436294556,0.9572252035140991
YDL212W,YOR354C,0,1.8438488,0.10384324193000793,0.9873987436294556,0.9573262929916382
YMR021C,YBL101C,0,1.8426931,0.10383341461420059,0.9873987436294556,0.957427442073822
YGL250W,YBR293W,0,1.8425012,0.10382358729839325,0.9873987436294556,0.9575285911560059
YGL224C,YKL211C,0,1.8418195,0.10381375998258591,0.9873987436294556,0.9576296806335449
YDR171W,YPL181W,0,1.841286,0.10380394011735916,0.9873987436294556,0.9577308297157288
YOR354C,YOR210W,0,1.8408043,0.10379411280155182,0.9873987436294556,0.9578319191932678
YOL044W,YFR044C,0,1.8407962,0.10378429293632507,0.9873987436294556,0.9579330682754517
YNL169C,YGL012W,0,1.8400898,0.10377448052167892,0.9873987436294556,0.9580341577529907
YJL123C,YNL305C,0,1.8398961,0.10376466065645218,0.9873987436294556,0.9581353068351746
YJR127C,YBL002W,1,1.8395404,0.10384942591190338,0.9882988333702087,0.9581353068351746
YLR421C,YGL150C,0,1.8391237,0.10383960604667664,0.9882988333702087,0.9582363963127136
YNL186W,YPL118W,0,1.8385199,0.10382978618144989,0.9882988333702087,0.9583375453948975
YJR047C,YOR144C,0,1.8367743,0.10381996631622314,0.9882988333702087,0.9584386944770813
YGL207W,YGR128C,0,1.836529,0.103810153901577,0.9882988333702087,0.9585397839546204
YHR178W,YKL167C,0,1.8363205,0.10380034148693085,0.9882988333702087,0.9586409330368042
YJL210W,YNL099C,0,1.8325863,0.1037905290722847,0.9882988333702087,0.9587420225143433
YHR120W,YLR233C,1,1.8317244,0.10387523472309113,0.9891989231109619,0.9587420225143433
YPL037C,YPR112C,0,1.8299491,0.10386542230844498,0.9891989231109619,0.9588431715965271
YCR066W,YML024W,0,1.8292704,0.10385560244321823,0.9891989231109619,0.9589442610740662
YEL063C,YBR068C,0,1.8292444,0.10384579002857208,0.9891989231109619,0.95904541015625
YMR291W,YER058W,0,1.8268232,0.10383597761392593,0.9891989231109619,0.9591464996337891
YOR231W,YLR362W,0,1.826418,0.10382617264986038,0.9891989231109619,0.9592476487159729
YKL160W,YPR052C,0,1.8256907,0.10381636023521423,0.9891989231109619,0.9593487977981567
YBR126C,YMR271C,0,1.8229179,0.10380655527114868,0.9891989231109619,0.9594498872756958
YNL209W,YPL032C,0,1.8223431,0.10379675030708313,0.9891989231109619,0.9595510363578796
YOL097C,YBR127C,0,1.8218857,0.10378694534301758,0.9891989231109619,0.9596521258354187
YDR214W,YPL003W,0,1.8216794,0.10377714782953262,0.9891989231109619,0.9597532749176025
YKL096W,YNR039C,0,1.8210993,0.10376735031604767,0.9891989231109619,0.9598543643951416
YDR432W,YGL181W,0,1.8207437,0.10375755280256271,0.9891989231109619,0.9599555134773254
YBR253W,YDR382W,0,1.8199217,0.10374775528907776,0.9891989231109619,0.9600566029548645
YOL094C,YHL013C,0,1.8193554,0.1037379652261734,0.9891989231109619,0.9601577520370483
YPL237W,YGL079W,0,1.8190717,0.10372817516326904,0.9891989231109619,0.9602589011192322
YNL252C,YMR231W,0,1.8190405,0.10371838510036469,0.9891989231109619,0.9603599905967712
YPL016W,YOR010C,0,1.8187712,0.10370859503746033,0.9891989231109619,0.9604611396789551
YKR010C,YNL087W,0,1.816674,0.10369881242513657,0.9891989231109619,0.9605622291564941
YGL022W,YLL036C,0,1.816298,0.1036890298128128,0.9891989231109619,0.960663378238678
YHR104W,YJR093C,0,1.8152105,0.10367924720048904,0.9891989231109619,0.960764467716217
YML078W,YJL111W,0,1.8140486,0.10366946458816528,0.9891989231109619,0.9608656167984009
YGR157W,YNL030W,0,1.813998,0.10365968942642212,0.9891989231109619,0.9609667062759399
YOR056C,YOR205C,0,1.812177,0.10364990681409836,0.9891989231109619,0.9610678553581238
YPL032C,YHR083W,0,1.811554,0.10364013910293579,0.9891989231109619,0.9611690044403076
YIL117C,YHR016C,0,1.8104296,0.10363036394119263,0.9891989231109619,0.9612700939178467
YBR302C,YOL016C,0,1.8100573,0.10362058877944946,0.9891989231109619,0.9613712430000305
YOR234C,YCR042C,0,1.8100057,0.1036108210682869,0.9891989231109619,0.9614723324775696
YJR044C,YOR022C,0,1.8098297,0.10360105335712433,0.9891989231109619,0.9615734815597534
YKL035W,YNL116W,0,1.8091812,0.10359129309654236,0.9891989231109619,0.9616745710372925
YOL027C,YDR264C,0,1.8084605,0.10358152538537979,0.9891989231109619,0.9617757201194763
YBR077C,YLR133W,0,1.808416,0.10357176512479782,0.9891989231109619,0.9618768095970154
YGL001C,YIL065C,0,1.8073173,0.10356200486421585,0.9891989231109619,0.9619779586791992
YDR085C,YOR367W,0,1.8053067,0.10355224460363388,0.9891989231109619,0.9620790481567383
YKL025C,YDR027C,0,1.8005872,0.10354249179363251,0.9891989231109619,0.9621801972389221
YBR084C-A,YLR372W,0,1.7993904,0.10353273898363113,0.9891989231109619,0.962281346321106
YOR344C,YFR004W,0,1.7993817,0.10352298617362976,0.9891989231109619,0.962382435798645
YGL001C,YJR144W,0,1.7991519,0.10351323336362839,0.9891989231109619,0.9624835848808289
YDL181W,YMR283C,0,1.797571,0.10350348800420761,0.9891989231109619,0.9625846743583679
YHR018C,YER094C,0,1.7967541,0.10349373519420624,0.9891989231109619,0.9626858234405518
YBL018C,YGL054C,0,1.7963235,0.10348398983478546,0.9891989231109619,0.9627869129180908
YBR298C,YPL170W,0,1.7958624,0.10347425192594528,0.9891989231109619,0.9628880620002747
YMR079W,YOR361C,0,1.7952025,0.1034645065665245,0.9891989231109619,0.9629891514778137
YER065C,YPL162C,0,1.7944524,0.10345476865768433,0.9891989231109619,0.9630903005599976
YOL016C,YHR104W,0,1.7940731,0.10344503074884415,0.9891989231109619,0.9631914496421814
YBL002W,YHL020C,1,1.794024,0.10352940857410431,0.9900990128517151,0.9631914496421814
YMR202W,YDL236W,0,1.7928275,0.10351967066526413,0.9900990128517151,0.9632925391197205
YDR016C,YFR051C,0,1.791102,0.10350992530584335,0.9900990128517151,0.9633936882019043
YDL207W,YFR004W,0,1.7909687,0.10350018739700317,0.9900990128517151,0.9634947776794434
YPL211W,YOR354C,0,1.784917,0.103490449488163,0.9900990128517151,0.9635959267616272
YER146W,YPL217C,0,1.7839847,0.10348071157932281,0.9900990128517151,0.9636970162391663
YDR541C,YGR091W,0,1.7837315,0.10347098112106323,0.9900990128517151,0.9637981653213501
YIL127C,YOR312C,0,1.7835299,0.10346125066280365,0.9900990128517151,0.9638992547988892
YOR361C,YER157W,0,1.7833831,0.10345152020454407,0.9900990128517151,0.964000403881073
YCR068W,YKR039W,0,1.782392,0.10344178974628448,0.9900990128517151,0.9641015529632568
YNL064C,YLR355C,0,1.7820677,0.1034320667386055,0.9900990128517151,0.9642026424407959
YIL010W,YCR083W,0,1.7798462,0.10342233628034592,0.9900990128517151,0.9643037915229797
YMR214W,YGL207W,0,1.7789401,0.10341261327266693,0.9900990128517151,0.9644048810005188
YFR004W,YHR043C,0,1.777842,0.10340289771556854,0.9900990128517151,0.9645060300827026
YCR073C,YKR065C,0,1.7772516,0.10339317470788956,0.9900990128517151,0.9646071195602417
YGL250W,YDR027C,0,1.7772051,0.10338345915079117,0.9900990128517151,0.9647082686424255
YGL184C,YPL003W,0,1.7744603,0.10337374359369278,0.9900990128517151,0.9648093581199646
YGL023C,YJL138C,0,1.7742991,0.10336402803659439,0.9900990128517151,0.9649105072021484
YPL032C,YGL234W,0,1.7740188,0.1033543199300766,0.9900990128517151,0.9650116562843323
YOR115C,YDL201W,0,1.7738347,0.10334460437297821,0.9900990128517151,0.9651127457618713
YOL115W,YCL011C,0,1.7730421,0.10333489626646042,0.9900990128517151,0.9652138948440552
YIL023C,YCL030C,0,1.7719178,0.10332519561052322,0.9900990128517151,0.9653149843215942
YKR080W,YER094C,0,1.7708118,0.10331548750400543,0.9900990128517151,0.9654161334037781
YKL027W,YCR043C,0,1.769501,0.10330578684806824,0.9900990128517151,0.9655172228813171
YCL038C,YAL001C,0,1.7694446,0.10329608619213104,0.9900990128517151,0.965618371963501
YGL100W,YBR135W,0,1.7687532,0.10328638553619385,0.9900990128517151,0.96571946144104
YIL023C,YHR200W,0,1.7685387,0.10327668488025665,0.9900990128517151,0.9658206105232239
YLR297W,YIL023C,0,1.7672708,0.10326699167490005,0.9900990128517151,0.9659217596054077
YHL001W,YCR003W,0,1.7664164,0.10325729846954346,0.9900990128517151,0.9660228490829468
YJL091C,YNL256W,0,1.7650071,0.10324760526418686,0.9900990128517151,0.9661239981651306
YGL150C,YBR123C,1,1.7640321,0.10333176702260971,0.9909991025924683,0.9661239981651306
YDR214W,YBR004C,0,1.7618171,0.10332207381725311,0.9909991025924683,0.9662250876426697
YNL299W,YHR128W,0,1.7615222,0.10331237316131592,0.9909991025924683,0.9663262367248535
YBL018C,YBR070C,0,1.7613771,0.10330267995595932,0.9909991025924683,0.9664273262023926
YNL090W,YKL137W,0,1.7610357,0.10329299420118332,0.9909991025924683,0.9665284752845764
YBL045C,YBR008C,0,1.7602777,0.10328330099582672,0.9909991025924683,0.9666295647621155
YJL111W,YPL086C,0,1.7590762,0.10327361524105072,0.9909991025924683,0.9667307138442993
YNL083W,YMR291W,0,1.7590636,0.10326392948627472,0.9909991025924683,0.9668318629264832
YIL162W,YIL010W,0,1.7562882,0.10325424373149872,0.9909991025924683,0.9669329524040222
YER006W,YDL165W,0,1.756153,0.10324455797672272,0.9909991025924683,0.967034101486206
YNL209W,YDL191W,0,1.753312,0.10323487967252731,0.9909991025924683,0.9671351909637451
YKR080W,YMR116C,0,1.7532581,0.10322520136833191,0.9909991025924683,0.967236340045929
YOL058W,YBR044C,0,1.751901,0.1032155230641365,0.9909991025924683,0.967337429523468
YIL117C,YDR001C,0,1.7495785,0.1032058522105217,0.9909991025924683,0.9674385786056519
YGR132C,YDL165W,0,1.7469846,0.1031961739063263,0.9909991025924683,0.9675396680831909
YMR278W,YAL061W,0,1.7428695,0.10318650305271149,0.9909991025924683,0.9676408171653748
YGL023C,YGL022W,0,1.740407,0.10317683219909668,0.9909991025924683,0.9677419066429138
YBL018C,YKL137W,0,1.7387595,0.10316716879606247,0.9909991025924683,0.9678430557250977
YMR288W,YIL114C,0,1.7383562,0.10315749794244766,0.9909991025924683,0.9679442048072815
YAL032C,YOL113W,0,1.7375524,0.10314783453941345,0.9909991025924683,0.9680452942848206
YMR291W,YHR083W,0,1.7368066,0.10313817113637924,0.9909991025924683,0.9681464433670044
YDR214W,YIL023C,0,1.7357109,0.10312851518392563,0.9909991025924683,0.9682475328445435
YFR009W,YML024W,0,1.7329259,0.10311885178089142,0.9909991025924683,0.9683486819267273
YIL041W,YPL249C,0,1.7312502,0.1031091958284378,0.9909991025924683,0.9684497714042664
YGR090W,YHR143W-A,0,1.73,0.10309953987598419,0.9909991025924683,0.9685509204864502
YMR079W,YLR340W,0,1.7298906,0.10308988392353058,0.9909991025924683,0.9686520099639893
YHR187W,YER122C,0,1.7297385,0.10308023542165756,0.9909991025924683,0.9687531590461731
YHR016C,YBR201W,0,1.7292598,0.10307058691978455,0.9909991025924683,0.9688543081283569
YPL170W,YLR421C,0,1.7291307,0.10306093841791153,0.9909991025924683,0.968955397605896
YDL126C,YJR125C,0,1.7272172,0.10305128991603851,0.9909991025924683,0.9690565466880798
YDL153C,YGL020C,0,1.7257636,0.1030416488647461,0.9909991025924683,0.9691576361656189
YGR157W,YDL188C,0,1.7256145,0.10303200781345367,0.9909991025924683,0.9692587852478027
YMR014W,YEL026W,0,1.7240455,0.10302236676216125,0.9909991025924683,0.9693598747253418
YPR082C,YGL187C,0,1.7209563,0.10301272571086884,0.9909991025924683,0.9694610238075256
YFR009W,YNL030W,0,1.720437,0.10300308465957642,0.9909991025924683,0.9695621132850647
YCR066W,YJL138C,0,1.7185755,0.1029934510588646,0.9909991025924683,0.9696632623672485
YPR029C,YPL249C,0,1.717519,0.10298381745815277,0.9909991025924683,0.9697644114494324
YJL137C,YLR089C,0,1.7160897,0.10297418385744095,0.9909991025924683,0.9698655009269714
YDR194C,YPL008W,0,1.7156236,0.10296455770730972,0.9909991025924683,0.9699666500091553
YNL252C,YMR029C,0,1.715323,0.1029549315571785,0.9909991025924683,0.9700677394866943
YPL246C,YKL184W,0,1.7131627,0.10294529795646667,0.9909991025924683,0.9701688885688782
YHR176W,YNL005C,0,1.7121447,0.10293567925691605,0.9909991025924683,0.9702699780464172
YIL127C,YBR088C,0,1.7115088,0.10292605310678482,0.9909991025924683,0.9703711271286011
YJL151C,YLR174W,0,1.7089703,0.10291643440723419,0.9909991025924683,0.9704722166061401
YGR028W,YHR083W,0,1.7085276,0.10290681570768356,0.9909991025924683,0.970573365688324
YNL177C,YLR133W,0,1.7079628,0.10289719700813293,0.9909991025924683,0.9706745147705078
YOL097C,YKL216W,0,1.7078835,0.1028875783085823,0.9909991025924683,0.9707756042480469
YMR104C,YPL249C,0,1.7038141,0.10287796705961227,0.9909991025924683,0.9708767533302307
YPL255W,YLL036C,0,1.7003579,0.10286835581064224,0.9909991025924683,0.9709778428077698
YDL052C,YJR144W,0,1.699771,0.10285874456167221,0.9909991025924683,0.9710789918899536
YIL065C,YGR261C,0,1.699135,0.10284913331270218,0.9909991025924683,0.9711800813674927
YJL209W,YKR080W,0,1.6978952,0.10283952951431274,0.9909991025924683,0.9712812304496765
YMR121C,YJL104W,0,1.697746,0.10282992571592331,0.9909991025924683,0.9713823199272156
YPR061C,YMR197C,0,1.6956869,0.10282032191753387,0.9909991025924683,0.9714834690093994
YFL016C,YLR133W,0,1.6932427,0.10281071811914444,0.9909991025924683,0.9715846180915833
YMR079W,YAL042W,0,1.6926696,0.1028011217713356,0.9909991025924683,0.9716857075691223
YKL160W,YBR167C,0,1.6907885,0.10279152542352676,0.9909991025924683,0.9717868566513062
YHR065C,YPL081W,0,1.6905857,0.10278192907571793,0.9909991025924683,0.9718879461288452
YJR091C,YHR091C,0,1.6901338,0.10277233272790909,0.9909991025924683,0.971989095211029
YMR011W,YHR107C,0,1.6901307,0.10276274383068085,0.9909991025924683,0.9720901846885681
YDR119W,YJL138C,0,1.6900856,0.10275314748287201,0.9909991025924683,0.972191333770752
YPL030W,YDR037W,0,1.6896019,0.10274355858564377,0.9909991025924683,0.972292423248291
YJL159W,YGL133W,0,1.6888946,0.10273397713899612,0.9909991025924683,0.9723935723304749
YAL005C,YER021W,0,1.6883242,0.10272438824176788,0.9909991025924683,0.9724946618080139
YOR056C,YGL079W,0,1.6872767,0.10271480679512024,0.9909991025924683,0.9725958108901978
YOR033C,YLR229C,0,1.6872268,0.1027052253484726,0.9909991025924683,0.9726969599723816
YBR302C,YGL160W,0,1.6864431,0.10269564390182495,0.9909991025924683,0.9727980494499207
YMR260C,YPL158C,0,1.6852689,0.10268606245517731,0.9909991025924683,0.9728991985321045
YLR378C,YKL184W,0,1.684557,0.10267648845911026,0.9909991025924683,0.9730002880096436
YOR293W,YPL266W,0,1.6838117,0.10266691446304321,0.9909991025924683,0.9731014370918274
YKL027W,YJR064W,0,1.6836896,0.10265734046697617,0.9909991025924683,0.9732025265693665
YDR097C,YLR150W,1,1.6829344,0.10274100303649902,0.9918991923332214,0.9732025265693665
YGL250W,YKL065C,0,1.6828705,0.10273142904043198,0.9918991923332214,0.9733036756515503
YLR034C,YDL126C,0,1.6816628,0.10272184759378433,0.9918991923332214,0.9734047651290894
YDL188C,YLR089C,0,1.6800385,0.10271227359771729,0.9918991923332214,0.9735059142112732
YJR086W,YJL207C,0,1.6800029,0.10270269960165024,0.9918991923332214,0.973607063293457
YNL067W,YKL018W,0,1.6790471,0.10269313305616379,0.9918991923332214,0.9737081527709961
YKR081C,YDL226C,0,1.6783941,0.10268356651067734,0.9918991923332214,0.9738093018531799
YDL004W,YJL111W,0,1.6778286,0.10267399251461029,0.9918991923332214,0.973910391330719
YML024W,YGR280C,0,1.6773303,0.10266443341970444,0.9918991923332214,0.9740115404129028
YOR208W,YAL001C,0,1.6767391,0.10265486687421799,0.9918991923332214,0.9741126298904419
YER146W,YKR092C,0,1.6763055,0.10264530777931213,0.9918991923332214,0.9742137789726257
YHR112C,YCR023C,0,1.6740135,0.10263574868440628,0.9918991923332214,0.9743148684501648
YLR150W,YBR088C,1,1.6689968,0.10271931439638138,0.9927992820739746,0.9743148684501648
YIL016W,YGL077C,0,1.6689817,0.10270974785089493,0.9927992820739746,0.9744160175323486
YPR103W,YMR121C,0,1.6687055,0.10270018875598907,0.9927992820739746,0.9745171666145325
YBR021W,YHR032W,0,1.6673975,0.10269062221050262,0.9927992820739746,0.9746182560920715
YIL162W,YGR231C,0,1.666669,0.10268106311559677,0.9927992820739746,0.9747194051742554
YFL062W,YGR132C,0,1.6650767,0.10267150402069092,0.9927992820739746,0.9748204946517944
YML069W,YML026C,0,1.6649565,0.10266195237636566,0.9927992820739746,0.9749216437339783
YDR462W,YHR188C,0,1.6644274,0.10265239328145981,0.9927992820739746,0.9750227332115173
YJL063C,YGR172C,0,1.6642922,0.10264284163713455,0.9927992820739746,0.9751238822937012
YGR028W,YOR362C,0,1.6642739,0.1026332899928093,0.9927992820739746,0.9752249717712402
YGR109C,YJL138C,0,1.6616838,0.10262374579906464,0.9927992820739746,0.9753261208534241
YDR382W,YPL118W,0,1.661592,0.10261419415473938,0.9927992820739746,0.9754272699356079
YDR202C,YPR185W,0,1.661587,0.10260464996099472,0.9927992820739746,0.975528359413147
YOR361C,YKL152C,0,1.6612233,0.10259510576725006,0.9927992820739746,0.9756295084953308
YDR153C,YGR065C,0,1.6610054,0.102585569024086,0.9927992820739746,0.9757305979728699
YOL008W,YMR116C,0,1.6609693,0.10257602483034134,0.9927992820739746,0.9758317470550537
YBR236C,YDL147W,0,1.6608899,0.10256648808717728,0.9927992820739746,0.9759328365325928
YLR421C,YKR065C,0,1.6602268,0.10255695134401321,0.9927992820739746,0.9760339856147766
YDR214W,YIL010W,0,1.6597024,0.10254741460084915,0.9927992820739746,0.9761350750923157
YLR174W,YCL040W,0,1.6586587,0.10253788530826569,0.9927992820739746,0.9762362241744995
YEL026W,YER001W,0,1.6579779,0.10252834856510162,0.9927992820739746,0.9763373732566833
YOR173W,YOR303W,0,1.6579487,0.10251881927251816,0.9927992820739746,0.9764384627342224
YDR184C,YJL138C,0,1.657345,0.10250928997993469,0.9927992820739746,0.9765396118164062
YML007W,YHR018C,0,1.6568785,0.10249976813793182,0.9927992820739746,0.9766407012939453
YHR183W,YBR079C,0,1.6562723,0.10249024629592896,0.9927992820739746,0.9767418503761292
YPL266W,YGR280C,0,1.6556615,0.10248072445392609,0.9927992820739746,0.9768429398536682
YBR228W,YKR042W,0,1.6529709,0.10247120261192322,0.9927992820739746,0.976944088935852
YAL055W,YNL305C,0,1.6521888,0.10246168076992035,0.9927992820739746,0.9770451784133911
YPL088W,YKL157W,0,1.6511817,0.10245216637849808,0.9927992820739746,0.977146327495575
YNL134C,YGL153W,0,1.6505989,0.1024426519870758,0.9927992820739746,0.977247416973114
YJL111W,YML019W,0,1.6494306,0.10243313759565353,0.9927992820739746,0.9773485660552979
YLR166C,YMR092C,0,1.6487019,0.10242362320423126,0.9927992820739746,0.9774497151374817
YER006W,YGR195W,0,1.6463969,0.10241411626338959,0.9927992820739746,0.9775508046150208
YDR385W,YPL079W,0,1.6460235,0.10240460187196732,0.9927992820739746,0.9776519536972046
YLR297W,YBL099W,0,1.6439259,0.10239509493112564,0.9927992820739746,0.9777530431747437
YGL156W,YKL157W,0,1.6434736,0.10238559544086456,0.9927992820739746,0.9778541922569275
YKR080W,YKL209C,0,1.6412472,0.10237608850002289,0.9927992820739746,0.9779552817344666
YMR116C,YKR025W,0,1.6410723,0.10236658900976181,0.9927992820739746,0.9780564308166504
YCR034W,YGL029W,0,1.6392035,0.10235708951950073,0.9927992820739746,0.9781575202941895
YKL035W,YGR067C,0,1.6349775,0.10234759002923965,0.9927992820739746,0.9782586693763733
YIR007W,YPL005W,0,1.6345197,0.10233809798955917,0.9927992820739746,0.9783598184585571
YNL252C,YOR125C,0,1.6295768,0.1023285984992981,0.9927992820739746,0.9784609079360962
YML024W,YGL257C,0,1.629402,0.10231910645961761,0.9927992820739746,0.97856205701828
YOR329C,YFL031W,0,1.6286652,0.10230962187051773,0.9927992820739746,0.9786631464958191
YKL120W,YPL030W,0,1.6267798,0.10230012983083725,0.9927992820739746,0.9787642955780029
YFR004W,YPL118W,0,1.6265056,0.10229064524173737,0.9927992820739746,0.978865385055542
YOL097C,YMR044W,0,1.6258233,0.10228116065263748,0.9927992820739746,0.9789665341377258
YGL001C,YDR051C,0,1.6255865,0.1022716760635376,0.9927992820739746,0.9790676236152649
YKR001C,YOR375C,0,1.6249137,0.10226219147443771,0.9927992820739746,0.9791687726974487
YER001W,YER170W,0,1.6216054,0.10225271433591843,0.9927992820739746,0.9792699217796326
YDL002C,YOR344C,1,1.6170951,0.10233592987060547,0.9936993718147278,0.9792699217796326
YIR003W,YLL023C,0,1.6159823,0.10232644528150558,0.9936993718147278,0.9793710112571716
YKL046C,YLR229C,0,1.614491,0.1023169606924057,0.9936993718147278,0.9794721603393555
YGR090W,YPL012W,0,1.6134558,0.10230747610330582,0.9936993718147278,0.9795732498168945
YJL138C,YDR354W,0,1.6086727,0.10229799896478653,0.9936993718147278,0.9796743988990784
YOR368W,YPR124W,0,1.6077956,0.10228852182626724,0.9936993718147278,0.9797754883766174
YDL181W,YML058W,0,1.6068566,0.10227904468774796,0.9936993718147278,0.9798766374588013
YGL023C,YKR018C,0,1.6018782,0.10226956754922867,0.9936993718147278,0.9799777269363403
YOR035C,YOR303W,0,1.6013463,0.10226009786128998,0.9936993718147278,0.9800788760185242
YMR309C,YLR355C,0,1.599858,0.10225062817335129,0.9936993718147278,0.980180025100708
YPR140W,YMR251W-A,0,1.5951824,0.1022411584854126,0.9936993718147278,0.9802811145782471
YNL252C,YBR154C,0,1.5935086,0.10223168879747391,0.9936993718147278,0.9803822636604309
YOL027C,YMR271C,0,1.5914696,0.10222221910953522,0.9936993718147278,0.98048335313797
YBL050W,YNL305C,0,1.5883654,0.10221275687217712,0.9936993718147278,0.9805845022201538
YFL036W,YLR035C,1,1.5859132,0.10229586809873581,0.994599461555481,0.9805845022201538
YNL315C,YDR194C,0,1.5850068,0.10228639841079712,0.994599461555481,0.9806855916976929
YDL212W,YDL064W,0,1.5840477,0.10227693617343903,0.994599461555481,0.9807867407798767
YDL193W,YJR064W,0,1.5840411,0.10226746648550034,0.994599461555481,0.9808878302574158
YOL013C,YGL208W,0,1.5836248,0.10225800424814224,0.994599461555481,0.9809889793395996
YGL017W,YIR035C,0,1.5827105,0.10224854201078415,0.994599461555481,0.9810901284217834
YPR023C,YAL001C,0,1.5809678,0.10223907977342606,0.994599461555481,0.9811912178993225
YPL032C,YFL022C,0,1.5797215,0.10222962498664856,0.994599461555481,0.9812923669815063
YJL042W,YJL159W,0,1.5779314,0.10222017019987106,0.994599461555481,0.9813934564590454
YGL224C,YOL017W,0,1.577046,0.10221070796251297,0.994599461555481,0.9814946055412292
YLR274W,YOR375C,0,1.5766203,0.10220126062631607,0.994599461555481,0.9815956950187683
YEL042W,YGL054C,0,1.5760552,0.10219180583953857,0.994599461555481,0.9816968441009521
YMR121C,YPR009W,0,1.5743105,0.10218235850334167,0.994599461555481,0.9817979335784912
YKL035W,YDR255C,0,1.573098,0.10217291116714478,0.994599461555481,0.981899082660675
YPL032C,YJL111W,0,1.5703483,0.10216346383094788,0.994599461555481,0.9820002317428589
YCR017C,YLR399C,0,1.5692405,0.10215401649475098,0.994599461555481,0.982101321220398
YBR127C,YDL236W,0,1.5660198,0.10214457660913467,0.994599461555481,0.9822024703025818
YBL046W,YNL124W,0,1.5637099,0.10213512927293777,0.994599461555481,0.9823035597801208
YLR166C,YHR123W,0,1.5605676,0.10212569683790207,0.994599461555481,0.9824047088623047
YPL227C,YNL169C,0,1.5590776,0.10211625695228577,0.994599461555481,0.9825057983398438
YGR128C,YGL097W,0,1.558088,0.10210681706666946,0.994599461555481,0.9826069474220276
YPL268W,YLR256W,0,1.5572444,0.10209738463163376,0.994599461555481,0.9827080368995667
YJL151C,YML110C,0,1.5541673,0.10208795219659805,0.994599461555481,0.9828091859817505
YBL050W,YOR208W,0,1.5480834,0.10207851976156235,0.994599461555481,0.9829102754592896
YDR339C,YJL138C,0,1.5474343,0.10206909477710724,0.994599461555481,0.9830114245414734
YBR132C,YCL040W,0,1.5473958,0.10205966234207153,0.994599461555481,0.9831125736236572
YLR070C,YMR291W,0,1.5465804,0.10205023735761642,0.994599461555481,0.9832136631011963
YKL160W,YKL211C,0,1.5453179,0.10204081982374191,0.994599461555481,0.9833148121833801
YHL033C,YDR267C,0,1.5449964,0.1020313948392868,0.994599461555481,0.9834159016609192
YER160C,YPL015C,1,1.5439781,0.10211430490016937,0.9954995512962341,0.9834159016609192
YEL042W,YML072C,0,1.5419686,0.10210487246513367,0.9954995512962341,0.983517050743103
YGR195W,YMR121C,0,1.540226,0.10209544748067856,0.9954995512962341,0.9836181402206421
YHR091C,YJR113C,0,1.539385,0.10208602249622345,0.9954995512962341,0.9837192893028259
YCL011C,YIL114C,0,1.5388579,0.10207660496234894,0.9954995512962341,0.983820378780365
YLR066W,YNL087W,0,1.5373127,0.10206717997789383,0.9954995512962341,0.9839215278625488
YLR336C,YHL001W,0,1.5371747,0.10205776244401932,0.9954995512962341,0.9840226769447327
YGR038W,YPL079W,0,1.5370816,0.1020483449101448,0.9954995512962341,0.9841237664222717
YOR197W,YJL020C,0,1.536478,0.10203893482685089,0.9954995512962341,0.9842249155044556
YPL086C,YCR034W,0,1.5347126,0.10202951729297638,0.9954995512962341,0.9843260049819946
YGR214W,YEL055C,1,1.5335076,0.10211235284805298,0.9963996410369873,0.9843260049819946
YNL264C,YBL045C,0,1.5307481,0.10210293531417847,0.9963996410369873,0.9844271540641785
YNL030W,YBL002W,1,1.5297587,0.10218574106693268,0.9972997307777405,0.9844271540641785
YFL062W,YGL011C,0,1.5288656,0.10217631608247757,0.9972997307777405,0.9845282435417175
YBR056W,YGL156W,0,1.5275502,0.10216689854860306,0.9972997307777405,0.9846293926239014
YGL099W,YDR267C,0,1.5269673,0.10215748101472855,0.9972997307777405,0.9847304821014404
YEL046C,YLL028W,0,1.5267328,0.10214805603027344,0.9972997307777405,0.9848316311836243
YKL211C,YFR044C,0,1.526111,0.10213864594697952,0.9972997307777405,0.9849327802658081
YLR342W,YNL067W,0,1.5243402,0.10212922841310501,0.9972997307777405,0.9850338697433472
YLR340W,YGL097W,0,1.5234307,0.1021198183298111,0.9972997307777405,0.985135018825531
YLR388W,YNL209W,0,1.521305,0.10211040824651718,0.9972997307777405,0.9852361083030701
YOL094C,YJL177W,0,1.520922,0.10210099816322327,0.9972997307777405,0.9853372573852539
YEL063C,YKL211C,0,1.5207026,0.10209158807992935,0.9972997307777405,0.985438346862793
YDR294C,YCR088W,0,1.5180097,0.10208217799663544,0.9972997307777405,0.9855394959449768
YML022W,YBR265W,0,1.517961,0.10207277536392212,0.9972997307777405,0.9856405854225159
YKL035W,YGL013C,0,1.51742,0.1020633727312088,0.9972997307777405,0.9857417345046997
YGL048C,YER026C,0,1.5161322,0.10205397754907608,0.9972997307777405,0.9858428835868835
YNL218W,YNL312W,1,1.5118401,0.10213667154312134,0.9981998205184937,0.9858428835868835
YKR098C,YFL018C,0,1.5114129,0.10212726891040802,0.9981998205184937,0.9859439730644226
YPL227C,YML093W,0,1.5102664,0.1021178662776947,0.9981998205184937,0.9860451221466064
YML024W,YDR267C,0,1.5089315,0.10210846364498138,0.9981998205184937,0.9861462116241455
YNL067W,YMR305C,0,1.5088774,0.10209906101226807,0.9981998205184937,0.9862473607063293
YFL018C,YHR178W,0,1.5088761,0.10208966583013535,0.9981998205184937,0.9863484501838684
YDL212W,YLR449W,0,1.5028856,0.10208026319742203,0.9981998205184937,0.9864495992660522
YDR155C,YGR132C,0,1.5020585,0.1020708680152893,0.9981998205184937,0.9865506887435913
YMR119W,YKR065C,0,1.5003338,0.10206147283315659,0.9981998205184937,0.9866518378257751
YOR234C,YMR024W,0,1.4992089,0.10205208510160446,0.9981998205184937,0.986752986907959
YKL091C,YBR008C,0,1.4935994,0.10204269737005234,0.9981998205184937,0.986854076385498
YOL021C,YLR355C,0,1.4886787,0.10203330218791962,0.9981998205184937,0.9869552254676819
YJL151C,YGR284C,0,1.4862967,0.10202392190694809,0.9981998205184937,0.987056314945221
YBR079C,YJL014W,0,1.4858427,0.10201453417539597,0.9981998205184937,0.9871574640274048
YOR056C,YJL014W,0,1.4807398,0.10200515389442444,0.9981998205184937,0.9872585535049438
YGR195W,YDL191W,0,1.4807366,0.10199576616287231,0.9981998205184937,0.9873597025871277
YLR405W,YMR260C,0,1.4803929,0.10198638588190079,0.9981998205184937,0.9874607920646667
YCR034W,YNL113W,0,1.4799702,0.10197701305150986,0.9981998205184937,0.9875619411468506
YGL097W,YDR037W,0,1.4706523,0.10196763277053833,0.9981998205184937,0.9876630306243896
YPR101W,YBR244W,0,1.4687829,0.1019582599401474,0.9981998205184937,0.9877641797065735
YPR075C,YHR104W,0,1.4675478,0.10194888710975647,0.9981998205184937,0.9878653287887573
YMR079W,YHR026W,0,1.4641418,0.10193951427936554,0.9981998205184937,0.9879664182662964
YOL110W,YIL010W,0,1.4539458,0.1019301488995552,0.9981998205184937,0.9880675673484802
YOR095C,YGL077C,0,1.4490201,0.10192077606916428,0.9981998205184937,0.9881686568260193
YDL207W,YNL099C,0,1.4466131,0.10191141068935394,0.9981998205184937,0.9882698059082031
YPL211W,YOL039W,0,1.4447781,0.1019020527601242,0.9981998205184937,0.9883708953857422
YJL159W,YKL065C,0,1.4414167,0.10189268738031387,0.9981998205184937,0.988472044467926
YBL099W,YOR197W,0,1.440213,0.10188332200050354,0.9981998205184937,0.9885731339454651
YNL083W,YNL252C,0,1.4334185,0.1018739640712738,0.9981998205184937,0.9886742830276489
YGL001C,YLR066W,0,1.4319563,0.10186460614204407,0.9981998205184937,0.9887754321098328
YMR278W,YDR293C,0,1.4287243,0.10185525566339493,0.9981998205184937,0.9888765215873718
YKR003W,YBR139W,0,1.4285686,0.10184589773416519,0.9981998205184937,0.9889776706695557
YER146W,YBR084C-A,0,1.4266161,0.10183654725551605,0.9981998205184937,0.9890787601470947
YJL159W,YBL101C,0,1.4261042,0.10182719677686691,0.9981998205184937,0.9891799092292786
YMR291W,YKL193C,0,1.4231033,0.10181784629821777,0.9981998205184937,0.9892809987068176
YNL064C,YOR210W,0,1.4230182,0.10180850327014923,0.9981998205184937,0.9893821477890015
YER035W,YDR258C,0,1.4221231,0.10179915279150009,0.9981998205184937,0.9894832372665405
YHR191C,YJR113C,0,1.4182591,0.10178980976343155,0.9981998205184937,0.9895843863487244
YEL011W,YIL065C,0,1.4174953,0.101780466735363,0.9981998205184937,0.9896855354309082
YCR088W,YJR044C,0,1.4171953,0.10177113115787506,0.9981998205184937,0.9897866249084473
YOR210W,YJL050W,0,1.4114696,0.10176178812980652,0.9981998205184937,0.9898877739906311
YGR038W,YDL236W,0,1.4103887,0.10175245255231857,0.9981998205184937,0.9899888634681702
YEL034W,YML008C,0,1.4058738,0.10174311697483063,0.9981998205184937,0.990090012550354
YPL256C,YIL085C,0,1.4051256,0.10173378884792328,0.9981998205184937,0.9901911020278931
YHR104W,YDR293C,0,1.403636,0.10172445327043533,0.9981998205184937,0.9902922511100769
YML110C,YIR022W,0,1.3907611,0.10171512514352798,0.9981998205184937,0.990393340587616
YOL016C,YKL193C,0,1.3900435,0.10170579701662064,0.9981998205184937,0.9904944896697998
YGR284C,YER004W,0,1.3880768,0.10169646888971329,0.9981998205184937,0.9905956387519836
YHR143W-A,YDL213C,0,1.3771389,0.10168714821338654,0.9981998205184937,0.9906967282295227
YMR202W,YJR064W,0,1.3756515,0.10167782008647919,0.9981998205184937,0.9907978773117065
YNL075W,YML014W,0,1.3730657,0.10166849941015244,0.9981998205184937,0.9908989667892456
YPL237W,YML008C,0,1.372362,0.10165917873382568,0.9981998205184937,0.9910001158714294
YLR262C,YMR260C,0,1.3680876,0.10164986550807953,0.9981998205184937,0.9911012053489685
YNR046W,YDL191W,0,1.3614099,0.10164054483175278,0.9981998205184937,0.9912023544311523
YDR182W,YLR355C,0,1.3566649,0.10163123160600662,0.9981998205184937,0.9913034439086914
YIL041W,YOL016C,0,1.3552575,0.10162191838026047,0.9981998205184937,0.9914045929908752
YCL033C,YIL065C,0,1.3497465,0.10161260515451431,0.9981998205184937,0.9915057420730591
YPR052C,YEL003W,0,1.3480469,0.10160329937934875,0.9981998205184937,0.9916068315505981
YML019W,YDR237W,0,1.3393253,0.1015939936041832,0.9981998205184937,0.991707980632782
YDL226C,YHR042W,0,1.3368368,0.10158468782901764,0.9981998205184937,0.991809070110321
YIR003W,YHR018C,0,1.3261217,0.10157538205385208,0.9981998205184937,0.9919102191925049
YDL014W,YOR133W,0,1.3220111,0.10156607627868652,0.9981998205184937,0.992011308670044
YNL154C,YIL016W,0,1.3190717,0.10155677795410156,0.9981998205184937,0.9921124577522278
YGR152C,YJR007W,0,1.3160985,0.1015474796295166,0.9981998205184937,0.9922135472297668
YDL052C,YGR215W,0,1.3135526,0.10153818130493164,0.9981998205184937,0.9923146963119507
YNL125C,YBR008C,0,1.3060808,0.10152888298034668,0.9981998205184937,0.9924157857894897
YER146W,YLR003C,0,1.3049414,0.10151959210634232,0.9981998205184937,0.9925169348716736
YNL002C,YJL122W,0,1.3016872,0.10151029378175735,0.9981998205184937,0.9926180839538574
YNL075W,YOL041C,0,1.3010147,0.10150101035833359,0.9981998205184937,0.9927191734313965
YKL091C,YPL249C,0,1.2865862,0.10149171948432922,0.9981998205184937,0.9928203225135803
YAL005C,YGR284C,0,1.2857904,0.10148242861032486,0.9981998205184937,0.9929214119911194
YGR275W,YLR388W,0,1.2796426,0.10147314518690109,0.9981998205184937,0.9930225610733032
YNL197C,YOR133W,0,1.2759154,0.10146386176347733,0.9981998205184937,0.9931236505508423
YER035W,YJR044C,0,1.2579445,0.10145457834005356,0.9981998205184937,0.9932247996330261
YLR336C,YLR002C,0,1.2567987,0.10144529491662979,0.9981998205184937,0.9933258891105652
YMR291W,YJL100W,0,1.2551298,0.10143601894378662,0.9981998205184937,0.993427038192749
YIL065C,YPL015C,0,1.2383325,0.10142674297094345,0.9981998205184937,0.9935281872749329
YJL063C,YOR125C,0,1.2358723,0.10141746699810028,0.9981998205184937,0.9936292767524719
YMR170C,YJL020C,0,1.2248977,0.10140819102525711,0.9981998205184937,0.9937304258346558
YLR406C,YPL081W,0,1.2187666,0.10139892250299454,0.9981998205184937,0.9938315153121948
YGR152C,YOR234C,0,1.2044065,0.10138965398073196,0.9981998205184937,0.9939326643943787
YMR202W,YOR056C,0,1.2030009,0.10138038545846939,0.9981998205184937,0.9940337538719177
YDL126C,YJL159W,0,1.1983101,0.10137111693620682,0.9981998205184937,0.9941349029541016
YNL071W,YDR171W,0,1.1941669,0.10136184841394424,0.9981998205184937,0.9942359924316406
YPL118W,YPL079W,0,1.1924735,0.10135258734226227,0.9981998205184937,0.9943371415138245
YPR165W,YIL065C,0,1.1922545,0.10134332627058029,0.9981998205184937,0.9944382905960083
YPL211W,YOL041C,0,1.1904628,0.10133406519889832,0.9981998205184937,0.9945393800735474
YML024W,YDL201W,0,1.1815368,0.10132480412721634,0.9981998205184937,0.9946405291557312
YKR081C,YDL103C,0,1.1811988,0.10131555050611496,0.9981998205184937,0.9947416186332703
YDR339C,YNL067W,0,1.1758775,0.10130629688501358,0.9981998205184937,0.9948427677154541
YOR361C,YDL122W,0,1.1711335,0.1012970432639122,0.9981998205184937,0.9949438571929932
YJR047C,YPL266W,0,1.1701369,0.10128778964281082,0.9981998205184937,0.995045006275177
YNL209W,YLL036C,0,1.1397119,0.10127853602170944,0.9981998205184937,0.9951460957527161
YMR092C,YMR170C,0,1.1289072,0.10126928985118866,0.9981998205184937,0.9952472448348999
YOR210W,YMR309C,0,1.1264056,0.10126004368066788,0.9981998205184937,0.9953483939170837
YMR014W,YPR033C,0,1.1254253,0.1012507975101471,0.9981998205184937,0.9954494833946228
YOL097C,YGL077C,0,1.1229527,0.10124155879020691,0.9981998205184937,0.9955506324768066
YGR214W,YKL113C,1,1.1138767,0.10132359713315964,0.9990999102592468,0.9955506324768066
YLR340W,YDL092W,0,1.0901126,0.10131435096263885,0.9990999102592468,0.9956517219543457
YOL060C,YPL249C,0,1.063834,0.10130510479211807,0.9990999102592468,0.9957528710365295
YJL145W,YPL037C,0,1.0589325,0.10129585862159729,0.9990999102592468,0.9958539605140686
YOR234C,YFL034C-A,0,1.055388,0.10128661245107651,0.9990999102592468,0.9959551095962524
YGR148C,YNL030W,0,1.0527313,0.10127737373113632,0.9990999102592468,0.9960561990737915
YMR134W,YDL174C,0,1.0502669,0.10126813501119614,0.9990999102592468,0.9961573481559753
YEL060C,YMR197C,0,1.0409482,0.10125889629125595,0.9990999102592468,0.9962584972381592
YCR069W,YIL105C,0,1.0404143,0.10124965757131577,0.9990999102592468,0.9963595867156982
YMR135C,YBR126C,0,1.0323216,0.10124042630195618,0.9990999102592468,0.9964607357978821
YDR519W,YML058W,0,1.0150489,0.10123118758201599,0.9990999102592468,0.9965618252754211
YKR081C,YHR128W,0,1.0126495,0.1012219563126564,0.9990999102592468,0.996662974357605
YCR071C,YJR113C,0,1.003274,0.10121273249387741,0.9990999102592468,0.996764063835144
YCL011C,YHR203C,0,1.0015655,0.10120350122451782,0.9990999102592468,0.9968652129173279
YML022W,YBR079C,0,1.000824,0.10119427740573883,0.9990999102592468,0.9969663023948669
YDR339C,YJR007W,0,0.99661535,0.10118505358695984,0.9990999102592468,0.9970674514770508
YKR003W,YKL193C,0,0.9856795,0.10117582976818085,0.9990999102592468,0.9971686005592346
YGL099W,YDL191W,0,0.9826969,0.10116660594940186,0.9990999102592468,0.9972696900367737
YNL002C,YHR128W,0,0.93820953,0.10115738958120346,0.9990999102592468,0.9973708391189575
YOR056C,YER006W,0,0.9255268,0.10114816576242447,0.9990999102592468,0.9974719285964966
YKL091C,YNL134C,0,0.9229207,0.10113894939422607,0.9990999102592468,0.9975730776786804
YBR126C,YPL003W,0,0.91983706,0.10112974047660828,0.9990999102592468,0.9976741671562195
YBR126C,YBR056W,0,0.91841054,0.10112052410840988,0.9990999102592468,0.9977753162384033
YER006W,YOR293W,0,0.90881586,0.10111131519079208,0.9990999102592468,0.9978764057159424
YDL064W,YMR260C,0,0.8933108,0.10110210627317429,0.9990999102592468,0.9979775547981262
YKL113C,YOR210W,1,0.88131636,0.10118397325277328,1.0,0.9979775547981262
YOR095C,YOL097C,0,0.8696629,0.10117475688457489,1.0,0.9980786442756653
YHR216W,YOR095C,0,0.86590135,0.1011655405163765,1.0,0.9981797933578491
YPL237W,YBR084C-A,0,0.83471453,0.1011563315987587,1.0,0.998280942440033
YDR339C,YPL079W,0,0.7959243,0.1011471226811409,1.0,0.998382031917572
YHR112C,YCL040W,0,0.76068413,0.1011379137635231,1.0,0.9984831809997559
YCR069W,YMR092C,0,0.75307035,0.1011287122964859,1.0,0.9985842704772949
YER146W,YOR210W,0,0.7503215,0.1011195033788681,1.0,0.9986854195594788
YLR066W,YDR037W,0,0.7490721,0.1011103019118309,1.0,0.9987865090370178
YML022W,YML024W,0,0.7485213,0.1011011004447937,1.0,0.9988876581192017
YGL020C,YDL191W,0,0.7451621,0.1010918989777565,1.0,0.9989887475967407
YNL256W,YGR128C,0,0.7271167,0.1010827049612999,1.0,0.9990898966789246
YJL151C,YDR001C,0,0.70958424,0.10107351094484329,1.0,0.9991910457611084
YLL023C,YLR178C,0,0.7029433,0.10106431692838669,1.0,0.9992921352386475
YDR171W,YMR197C,0,0.6098378,0.10105512291193008,1.0,0.9993932843208313
YHR104W,YGL156W,0,0.595564,0.10104592889547348,1.0,0.9994943737983704
YML022W,YDL014W,0,0.4895216,0.10103674232959747,1.0,0.9995955228805542
YNL069C,YJL177W,0,0.43670982,0.10102755576372147,1.0,0.9996966123580933
YHL001W,YHR143W-A,0,0.4022317,0.10101836919784546,1.0,0.9997977614402771
YLR388W,YIL110W,0,0.34330297,0.10100918263196945,1.0,0.9998988509178162
YOR234C,YPL079W,0,-0.28186643,0.10100000351667404,1.0,1.0
