Gene A,Gene B,Label,Score,Precision,Recall,False Positive Rate
YDR479C,YNL329C,1,11.512273,1.0,0.0015015015378594398,0.0
YNL329C,YDR329C,1,11.239658,1.0,0.0030030030757188797,0.0
YOL044W,YDR216W,1,10.756483,1.0,0.0045045046135783195,0.0
YHR160C,YOL147C,1,9.934454,1.0,0.006006006151437759,0.0
YDR329C,YKR001C,1,9.763006,1.0,0.007507507689297199,0.0
YDR329C,YOR326W,1,9.302761,1.0,0.009009009227156639,0.0
YGL115W,YDR479C,1,9.036341,1.0,0.010510510765016079,0.0
YOR084W,YDR479C,1,8.988446,1.0,0.012012012302875519,0.0
YMR026C,YDR216W,1,8.847449,1.0,0.013513513840734959,0.0
YDR479C,YOL044W,1,8.780834,1.0,0.015015015378594398,0.0
YAL051W,YOR084W,1,8.582329,1.0,0.016516515985131264,0.0
YOL147C,YDR216W,1,8.343592,1.0,0.018018018454313278,0.0
YHR150W,YDR329C,1,8.176443,1.0,0.019519519060850143,0.0
YBR170C,YNL262W,0,8.152197,0.9285714030265808,0.019519519060850143,0.00015015015378594398
YDR265W,YOR326W,1,8.076667,0.9333333373069763,0.021021021530032158,0.00015015015378594398
YAL051W,YNL214W,1,7.981942,0.9375,0.022522522136569023,0.00015015015378594398
YHR160C,YDR329C,1,7.771054,0.9411764740943909,0.024024024605751038,0.00015015015378594398
YDR479C,YOL147C,1,7.7677827,0.9444444179534912,0.025525525212287903,0.00015015015378594398
YOR363C,YGR004W,1,7.648462,0.9473684430122375,0.027027027681469917,0.00015015015378594398
YKL197C,YOR084W,1,7.634131,0.949999988079071,0.028528528288006783,0.00015015015378594398
YHR150W,YKR001C,1,7.6148887,0.9523809552192688,0.030030030757188797,0.00015015015378594398
YJL210W,YDR329C,1,7.6103616,0.9545454382896423,0.03153153136372566,0.00015015015378594398
YDR453C,YDR498C,0,7.577157,0.9130434989929199,0.03153153136372566,0.00030030030757188797
YAL051W,YMR163C,1,7.56295,0.9166666865348816,0.03303303197026253,0.00030030030757188797
YAL051W,YOL147C,1,7.406375,0.9200000166893005,0.03453453630208969,0.00030030030757188797
YDR479C,YPR128C,1,7.404995,0.9230769276618958,0.036036036908626556,0.00030030030757188797
YDL065C,YDR479C,1,7.1884604,0.9259259104728699,0.03753753751516342,0.00030030030757188797
YOR084W,YDR329C,1,7.159674,0.9285714030265808,0.03903903812170029,0.00030030030757188797
YDR479C,YGR004W,1,7.0696564,0.931034505367279,0.04054053872823715,0.00030030030757188797
YOL147C,YDR329C,1,7.0244865,0.9333333373069763,0.042042043060064316,0.00030030030757188797
YGL115W,YOR363C,1,6.991353,0.9354838728904724,0.04354354366660118,0.00030030030757188797
YHR160C,YGR004W,1,6.968855,0.9375,0.045045044273138046,0.00030030030757188797
YIR004W,YDR216W,1,6.8931828,0.939393937587738,0.04654654487967491,0.00030030030757188797
YOR187W,YJR130C,0,6.823495,0.9117646813392639,0.04654654487967491,0.00045045046135783195
YLR324W,YOR084W,1,6.6686344,0.9142857193946838,0.048048049211502075,0.00045045046135783195
YOR084W,YHR150W,1,6.6596594,0.9166666865348816,0.04954954981803894,0.00045045046135783195
YBR168W,YOL147C,1,6.6087646,0.9189189076423645,0.051051050424575806,0.00045045046135783195
YOR363C,YMR163C,1,6.5578165,0.9210526347160339,0.05255255103111267,0.00045045046135783195
YOL044W,YBR168W,1,6.537723,0.9230769276618958,0.054054055362939835,0.00045045046135783195
YLR324W,YBR168W,1,6.5346303,0.925000011920929,0.0555555559694767,0.00045045046135783195
YOL147C,YGL153W,1,6.4768763,0.9268292784690857,0.057057056576013565,0.00045045046135783195
YPR128C,YDR216W,1,6.466545,0.9285714030265808,0.05855855718255043,0.00045045046135783195
YLR324W,YMR204C,1,6.441599,0.930232584476471,0.060060061514377594,0.00045045046135783195
YDR479C,YDR329C,1,6.3965745,0.9318181872367859,0.06156156212091446,0.00045045046135783195
YGL153W,YKR001C,1,6.360426,0.9333333373069763,0.06306306272745132,0.00045045046135783195
YNL274C,YFL023W,0,6.341506,0.9130434989929199,0.06306306272745132,0.0006006006151437759
YLR324W,YOL147C,1,6.2641954,0.914893627166748,0.06456456333398819,0.0006006006151437759
YHR160C,YOL044W,1,6.2631817,0.9166666865348816,0.06606606394052505,0.0006006006151437759
YBR168W,YGL153W,1,6.1945133,0.918367326259613,0.06756756454706192,0.0006006006151437759
YHR160C,YDR479C,1,6.1907444,0.9200000166893005,0.06906907260417938,0.0006006006151437759
YDR265W,YNL329C,1,6.189558,0.9215686321258545,0.07057057321071625,0.0006006006151437759
YOR206W,YNL274C,0,6.121417,0.9038461446762085,0.07057057321071625,0.0007507507689297199
YHR160C,YMR026C,1,6.120657,0.9056603908538818,0.07207207381725311,0.0007507507689297199
YDR479C,YMR163C,1,6.108548,0.9074074029922485,0.07357357442378998,0.0007507507689297199
YOR363C,YOR326W,1,6.095521,0.9090909361839294,0.07507507503032684,0.0007507507689297199
YNL214W,YMR026C,1,6.0769444,0.9107142686843872,0.07657657563686371,0.0007507507689297199
YHR150W,YDR216W,1,6.0556216,0.9122806787490845,0.07807807624340057,0.0007507507689297199
YBR081C,YIR038C,0,6.0375266,0.8965517282485962,0.07807807624340057,0.0009009009227156639
YAL051W,YOL044W,1,6.025196,0.8983050584793091,0.07957957684993744,0.0009009009227156639
YDR329C,YAL055W,1,6.011491,0.8999999761581421,0.0810810774564743,0.0009009009227156639
YOR084W,YGL153W,1,5.9983077,0.9016393423080444,0.08258258551359177,0.0009009009227156639
YDR265W,YOL147C,1,5.9797716,0.9032257795333862,0.08408408612012863,0.0009009009227156639
YDR453C,YOR232W,0,5.9695854,0.8888888955116272,0.08408408612012863,0.001051051076501608
YNL329C,YGL153W,1,5.928423,0.890625,0.0855855867266655,0.001051051076501608
YOR084W,YBR168W,1,5.9166474,0.892307698726654,0.08708708733320236,0.001051051076501608
YKL197C,YDR265W,1,5.8646803,0.8939393758773804,0.08858858793973923,0.001051051076501608
YOR084W,YLR191W,1,5.841562,0.89552241563797,0.09009008854627609,0.001051051076501608
YKL197C,YDR329C,1,5.835986,0.8970588445663452,0.09159158915281296,0.001051051076501608
YAL051W,YPR128C,1,5.7850704,0.8985507488250732,0.09309308975934982,0.001051051076501608
YMR163C,YDR329C,1,5.77135,0.8999999761581421,0.09459459781646729,0.001051051076501608
YDR479C,YOR326W,1,5.731614,0.9014084339141846,0.09609609842300415,0.001051051076501608
YKL197C,YMR163C,1,5.6990557,0.9027777910232544,0.09759759902954102,0.001051051076501608
YHR160C,YDR265W,1,5.6194487,0.9041095972061157,0.09909909963607788,0.001051051076501608
YLR324W,YNL329C,1,5.599524,0.9054054021835327,0.10060060024261475,0.001051051076501608
YDR082W,YCR030C,0,5.599414,0.8933333158493042,0.10060060024261475,0.0012012012302875519
YOR084W,YNL329C,1,5.584216,0.8947368264198303,0.10210210084915161,0.0012012012302875519
YLR324W,YGR133W,1,5.565358,0.8961039185523987,0.10360360145568848,0.0012012012302875519
YDR329C,YDR216W,1,5.5354033,0.8974359035491943,0.10510510206222534,0.0012012012302875519
YGL112C,YIR038C,0,5.521817,0.8860759735107422,0.10510510206222534,0.0013513513840734959
YGL153W,YDR216W,1,5.4933214,0.887499988079071,0.1066066101193428,0.0013513513840734959
YBR168W,YDR329C,1,5.4349136,0.8888888955116272,0.10810811072587967,0.0013513513840734959
YDR329C,YGR004W,1,5.411872,0.8902438879013062,0.10960961133241653,0.0013513513840734959
YDL065C,YHR150W,1,5.386648,0.891566276550293,0.1111111119389534,0.0013513513840734959
YAL051W,YDR329C,1,5.256729,0.8928571343421936,0.11261261254549026,0.0013513513840734959
YOR363C,YOL044W,1,5.2456503,0.8941176533699036,0.11411411315202713,0.0013513513840734959
YOR363C,YDR479C,1,5.2264233,0.895348846912384,0.115615613758564,0.0013513513840734959
YNL214W,YDR265W,1,5.225232,0.8965517282485962,0.11711711436510086,0.0013513513840734959
YNL214W,YHR150W,1,5.1604404,0.8977272510528564,0.11861861497163773,0.0013513513840734959
YMR163C,YGL153W,1,5.1568785,0.898876428604126,0.12012012302875519,0.0013513513840734959
YDR265W,YDR216W,1,5.137396,0.8999999761581421,0.12162162363529205,0.0013513513840734959
YDR265W,YKR001C,1,5.1068764,0.901098906993866,0.12312312424182892,0.0013513513840734959
YDR479C,YGL153W,1,5.0990005,0.9021739363670349,0.12462462484836578,0.0013513513840734959
YDR265W,YGL153W,1,5.097551,0.9032257795333862,0.12612612545490265,0.0013513513840734959
YHR150W,YOR326W,1,5.0945225,0.9042553305625916,0.12762762606143951,0.0013513513840734959
YNL008C,YDL142C,0,5.010357,0.8947368264198303,0.12762762606143951,0.0015015015378594398
YLR324W,YGR004W,1,5.0103483,0.8958333134651184,0.12912912666797638,0.0015015015378594398
YLL045C,YBR150C,0,5.005664,0.8865979313850403,0.12912912666797638,0.0016516516916453838
YJL210W,YOR084W,1,4.996545,0.8877550959587097,0.13063062727451324,0.0016516516916453838
YIR004W,YDR479C,1,4.979514,0.8888888955116272,0.1321321278810501,0.0016516516916453838
YKL197C,YBR168W,1,4.977989,0.8899999856948853,0.13363362848758698,0.0016516516916453838
YNL214W,YOR326W,1,4.975865,0.8910890817642212,0.13513512909412384,0.0016516516916453838
YDR329C,YMR204C,1,4.960991,0.8921568393707275,0.1366366297006607,0.0016516516916453838
YAL051W,YBR168W,1,4.905157,0.893203854560852,0.13813814520835876,0.0016516516916453838
YAR027W,YLR359W,0,4.891677,0.8846153616905212,0.13813814520835876,0.0018018018454313278
YBR168W,YDR244W,1,4.8589983,0.8857142925262451,0.13963964581489563,0.0018018018454313278
YER150W,YDR497C,0,4.78779,0.8773584961891174,0.13963964581489563,0.0019519519992172718
YDR479C,YAL055W,1,4.7830915,0.8785046935081482,0.1411411464214325,0.0019519519992172718
YDR265W,YDR479C,1,4.7819953,0.8796296119689941,0.14264264702796936,0.0019519519992172718
YDR498C,YLL055W,0,4.7578907,0.8715596199035645,0.14264264702796936,0.002102102153003216
YMR026C,YDR479C,1,4.7562594,0.8727272748947144,0.14414414763450623,0.002102102153003216
YJL210W,YOR326W,1,4.7494526,0.8738738894462585,0.1456456482410431,0.002102102153003216
YDR265W,YGR004W,1,4.725892,0.875,0.14714714884757996,0.002102102153003216
YIR004W,YOR363C,1,4.7207727,0.8761062026023865,0.14864864945411682,0.002102102153003216
YGL180W,YOL101C,0,4.7183046,0.8684210777282715,0.14864864945411682,0.0022522523067891598
YMR163C,YDR244W,1,4.7072945,0.8695651888847351,0.1501501500606537,0.0022522523067891598
YKL197C,YGL153W,1,4.706613,0.8706896305084229,0.15165165066719055,0.0022522523067891598
YNL214W,YDR142C,1,4.7055845,0.8717948794364929,0.15315315127372742,0.0022522523067891598
YDL065C,YOL147C,1,4.6731224,0.8728813529014587,0.15465465188026428,0.0022522523067891598
YDL065C,YLR324W,1,4.672841,0.8739495873451233,0.15615615248680115,0.0022522523067891598
YGL115W,YHR150W,1,4.6696153,0.875,0.157657653093338,0.0022522523067891598
YNL271C,YBR037C,0,4.646858,0.8677685856819153,0.157657653093338,0.0024024024605751038
YDR265W,YMR163C,1,4.637248,0.868852436542511,0.15915915369987488,0.0024024024605751038
YGL153W,YGR133W,1,4.6331677,0.869918704032898,0.16066065430641174,0.0024024024605751038
YLR324W,YDR329C,1,4.6241107,0.8709677457809448,0.1621621549129486,0.0024024024605751038
YMR026C,YGL153W,1,4.609309,0.871999979019165,0.16366367042064667,0.0024024024605751038
YKL197C,YOL044W,1,4.606366,0.8730158805847168,0.16516517102718353,0.0024024024605751038
YDR479C,YKR001C,1,4.601364,0.874015748500824,0.1666666716337204,0.0024024024605751038
YNL214W,YGR077C,1,4.600438,0.875,0.16816817224025726,0.0024024024605751038
YLR324W,YMR026C,1,4.5833964,0.8759689927101135,0.16966967284679413,0.0024024024605751038
YAL051W,YNL329C,1,4.57962,0.8769230842590332,0.171171173453331,0.0024024024605751038
YDL065C,YJL210W,1,4.573476,0.8778625726699829,0.17267267405986786,0.0024024024605751038
YDR479C,YMR204C,1,4.567334,0.8787878751754761,0.17417417466640472,0.0024024024605751038
YGR052W,YPL208W,0,4.55911,0.8721804618835449,0.17417417466640472,0.0025525526143610477
YDL097C,YER115C,0,4.5471554,0.8656716346740723,0.17417417466640472,0.0027027027681469917
YHR160C,YBR168W,1,4.529028,0.8666666746139526,0.1756756752729416,0.0027027027681469917
YOL044W,YHR150W,1,4.5117974,0.8676470518112183,0.17717717587947845,0.0027027027681469917
YDL202W,YPR006C,0,4.5109253,0.8613138794898987,0.17717717587947845,0.0028528529219329357
YGR133W,YKR001C,1,4.480603,0.8623188138008118,0.17867867648601532,0.0028528529219329357
YJL210W,YBR168W,1,4.4777555,0.8633093237876892,0.18018017709255219,0.0028528529219329357
YHR150W,YGR004W,1,4.445677,0.8642857074737549,0.18168167769908905,0.0028528529219329357
YBR168W,YKR001C,1,4.4408927,0.8652482032775879,0.18318317830562592,0.0028528529219329357
YDR453C,YNL175C,0,4.43474,0.8591549396514893,0.18318317830562592,0.0030030030757188797
YAL055W,YKR001C,1,4.4321184,0.8601398468017578,0.18468467891216278,0.0030030030757188797
YDR479C,YBR168W,1,4.4272814,0.8611111044883728,0.18618617951869965,0.0030030030757188797
YNL214W,YBR168W,1,4.424908,0.8620689511299133,0.1876876950263977,0.0030030030757188797
YDR265W,YGR133W,1,4.4211454,0.8630136847496033,0.18918919563293457,0.0030030030757188797
YGL115W,YMR026C,1,4.412431,0.8639456033706665,0.19069069623947144,0.0030030030757188797
YLR404W,YGR258C,0,4.4121923,0.8581081032752991,0.19069069623947144,0.0031531532295048237
YDL065C,YDR329C,1,4.4039936,0.8590604066848755,0.1921921968460083,0.0031531532295048237
YNL172W,YOR349W,0,4.4026427,0.8533333539962769,0.1921921968460083,0.0033033033832907677
YOL044W,YDR142C,1,4.4001093,0.8543046116828918,0.19369369745254517,0.0033033033832907677
YDR216W,YMR204C,1,4.3989053,0.8552631735801697,0.19519519805908203,0.0033033033832907677
YOR363C,YGL153W,1,4.380974,0.8562091588973999,0.1966966986656189,0.0033033033832907677
YNL214W,YKL197C,1,4.3712716,0.8571428656578064,0.19819819927215576,0.0033033033832907677
YDR479C,YHR150W,1,4.359085,0.8580645322799683,0.19969969987869263,0.0033033033832907677
YGR084C,YNR010W,0,4.3560014,0.8525640964508057,0.19969969987869263,0.0034534535370767117
YJR138W,YOL108C,0,4.345831,0.8471337556838989,0.19969969987869263,0.0036036036908626556
YAL051W,YDR265W,1,4.337915,0.8481012582778931,0.2012012004852295,0.0036036036908626556
YNL214W,YDR329C,1,4.3350763,0.849056601524353,0.20270270109176636,0.0036036036908626556
YJL210W,YGR004W,1,4.330473,0.8500000238418579,0.20420420169830322,0.0036036036908626556
YOL147C,YDR142C,1,4.308104,0.850931704044342,0.2057057023048401,0.0036036036908626556
YIR004W,YLR324W,1,4.3027315,0.8518518805503845,0.20720720291137695,0.0036036036908626556
YDR216W,YAL055W,1,4.2996182,0.8527607321739197,0.20870870351791382,0.0036036036908626556
YPR128C,YBR168W,1,4.2963476,0.8536585569381714,0.21021020412445068,0.0036036036908626556
YOR084W,YOL044W,1,4.282705,0.8545454740524292,0.21171170473098755,0.0036036036908626556
YLR324W,YDR479C,1,4.273031,0.8554216623306274,0.2132132202386856,0.0036036036908626556
YDR265W,YOR084W,1,4.2447605,0.85628741979599,0.21471472084522247,0.0036036036908626556
YOR363C,YLR191W,1,4.2429223,0.8571428656578064,0.21621622145175934,0.0036036036908626556
YMR026C,YDR329C,1,4.233712,0.857988178730011,0.2177177220582962,0.0036036036908626556
YMR163C,YAL055W,1,4.229538,0.8588235378265381,0.21921922266483307,0.0036036036908626556
YDR265W,YDR244W,1,4.2221155,0.859649121761322,0.22072072327136993,0.0036036036908626556
YLR324W,YOL044W,1,4.204645,0.8604651093482971,0.2222222238779068,0.0036036036908626556
YNL329C,YAL055W,1,4.177541,0.8612716794013977,0.22372372448444366,0.0036036036908626556
YPR128C,YKR001C,1,4.1562223,0.8620689511299133,0.22522522509098053,0.0036036036908626556
YDR296W,YPL110C,0,4.1498346,0.8571428656578064,0.22522522509098053,0.0037537538446485996
YLR324W,YMR163C,1,4.1472054,0.8579545617103577,0.2267267256975174,0.0037537538446485996
YOR324C,YOR162C,0,4.146396,0.8531073331832886,0.2267267256975174,0.0039039039984345436
YKL197C,YHR150W,1,4.1398315,0.8539325594902039,0.22822822630405426,0.0039039039984345436
YDR265W,YLR191W,1,4.1378937,0.8547486066818237,0.22972972691059113,0.0039039039984345436
YNL329C,YDR216W,1,4.1310406,0.855555534362793,0.231231227517128,0.0039039039984345436
YIR004W,YBR168W,1,4.1271615,0.8563535809516907,0.23273272812366486,0.0039039039984345436
YOR193W,YGL153W,1,4.1217537,0.8571428656578064,0.23423422873020172,0.0039039039984345436
YOL044W,YOL147C,1,4.115071,0.8579235076904297,0.2357357293367386,0.0039039039984345436
YOR084W,YOL147C,1,4.110863,0.8586956262588501,0.23723722994327545,0.0039039039984345436
YDR512C,YHR058C,0,4.103417,0.8540540337562561,0.23723722994327545,0.004054054152220488
YKL197C,YAL055W,1,4.0886445,0.8548387289047241,0.2387387454509735,0.004054054152220488
YOR084W,YAL055W,1,4.0563436,0.855614960193634,0.24024024605751038,0.004054054152220488
YOR162C,YHR051W,0,4.047,0.8510638475418091,0.24024024605751038,0.004204204306006432
YMR026C,YMR163C,1,4.026734,0.8518518805503845,0.24174174666404724,0.004204204306006432
YBR093C,YJL082W,0,4.014681,0.8473684191703796,0.24174174666404724,0.0043543544597923756
YPR128C,YAL055W,1,4.010213,0.8481675386428833,0.2432432472705841,0.0043543544597923756
YKL197C,YMR204C,1,3.9976845,0.8489583134651184,0.24474474787712097,0.0043543544597923756
YNL329C,YOL044W,1,3.9902983,0.8497409224510193,0.24624624848365784,0.0043543544597923756
YDL065C,YKL197C,1,3.9723115,0.8505154848098755,0.2477477490901947,0.0043543544597923756
YNL214W,YOR084W,1,3.9647884,0.8512820601463318,0.24924924969673157,0.0043543544597923756
YNL214W,YOL147C,1,3.958384,0.8520408272743225,0.25075075030326843,0.0043543544597923756
YAL051W,YDR479C,1,3.9527087,0.8527919054031372,0.2522522509098053,0.0043543544597923756
YDL065C,YMR204C,1,3.938358,0.8535353541374207,0.25375375151634216,0.0043543544597923756
YDR371W,YNL271C,0,3.896894,0.8492462038993835,0.25375375151634216,0.0045045046135783195
YDR216W,YGR133W,1,3.8968432,0.8500000238418579,0.25525525212287903,0.0045045046135783195
YNL214W,YLR324W,1,3.8954911,0.8507462739944458,0.2567567527294159,0.0045045046135783195
YIR004W,YHR150W,1,3.8941495,0.8514851331710815,0.25825825333595276,0.0045045046135783195
YDR329C,YGL153W,1,3.8796039,0.8522167205810547,0.2597597539424896,0.0045045046135783195
YJR138W,YDR229W,0,3.8786044,0.8480392098426819,0.2597597539424896,0.0046546547673642635
YLR324W,YDR142C,1,3.8750958,0.8487805128097534,0.2612612545490265,0.0046546547673642635
YJL210W,YDR244W,1,3.8710182,0.8495145440101624,0.26276275515556335,0.0046546547673642635
YDR329C,YDR142C,1,3.8631835,0.8502415418624878,0.2642642557621002,0.0046546547673642635
YJL155C,YNL121C,0,3.85815,0.8461538553237915,0.2642642557621002,0.0048048049211502075
YGL115W,YHR160C,1,3.8452797,0.8468899726867676,0.2657657563686371,0.0048048049211502075
YGR077C,YGL153W,1,3.835803,0.8476190567016602,0.26726725697517395,0.0048048049211502075
YOR084W,YDR142C,1,3.8278337,0.8483412265777588,0.2687687575817108,0.0048048049211502075
YDR265W,YDR329C,1,3.8189783,0.849056601524353,0.2702702581882477,0.0048048049211502075
YLR151C,YER104W,0,3.8157766,0.8450704216957092,0.2702702581882477,0.0049549550749361515
YDR265W,YAL055W,1,3.7991526,0.8457943797111511,0.27177175879478455,0.0049549550749361515
YNL236W,YML109W,0,3.7975292,0.8418604731559753,0.27177175879478455,0.0051051052287220955
YDR479C,YGR133W,1,3.7835577,0.8425925970077515,0.2732732594013214,0.0051051052287220955
YOR363C,YLR324W,1,3.782175,0.843317985534668,0.2747747600078583,0.0051051052287220955
YAL051W,YGL153W,1,3.7797396,0.8440366983413696,0.27627629041671753,0.0051051052287220955
YOR363C,YGR133W,1,3.775103,0.844748854637146,0.2777777910232544,0.0051051052287220955
YAL054C,YDR498C,0,3.7733357,0.8409090638160706,0.2777777910232544,0.0052552553825080395
YMR163C,YBR168W,1,3.7630115,0.8416289687156677,0.27927929162979126,0.0052552553825080395
YOR363C,YBR168W,1,3.7335966,0.8423423171043396,0.2807807922363281,0.0052552553825080395
YIR004W,YHR160C,1,3.7295003,0.8430493474006653,0.282282292842865,0.0052552553825080395
YNL314W,YGR258C,0,3.7125106,0.8392857313156128,0.282282292842865,0.0054054055362939835
YMR163C,YHR150W,1,3.7015004,0.8399999737739563,0.28378379344940186,0.0054054055362939835
YOL147C,YAL055W,1,3.691083,0.8407079577445984,0.2852852940559387,0.0054054055362939835
YNL329C,YMR163C,1,3.6835523,0.8414096832275391,0.2867867946624756,0.0054054055362939835
YOR084W,YDR244W,1,3.6830997,0.8421052694320679,0.28828829526901245,0.0054054055362939835
YNL214W,YOL044W,1,3.6640182,0.8427947759628296,0.2897897958755493,0.0054054055362939835
YDR329C,YLR191W,1,3.6501667,0.843478262424469,0.2912912964820862,0.0054054055362939835
YOR301W,YHR164C,0,3.6414971,0.8398268222808838,0.2912912964820862,0.0055555556900799274
YHL034C,YHR058C,0,3.6414905,0.8362069129943848,0.2912912964820862,0.005705705843865871
YOR363C,YOL147C,1,3.6390688,0.8369098901748657,0.29279279708862305,0.005705705843865871
YHR150W,YOL147C,1,3.6322105,0.8376068472862244,0.2942942976951599,0.005705705843865871
YOR363C,YDR329C,1,3.624362,0.8382978439331055,0.2957957983016968,0.005705705843865871
YAL055W,YGR133W,1,3.61333,0.8389830589294434,0.29729729890823364,0.005705705843865871
YAL051W,YHR160C,1,3.6000137,0.8396624326705933,0.2987987995147705,0.005705705843865871
YMR026C,YOL044W,1,3.5806704,0.8403361439704895,0.3003003001213074,0.005705705843865871
YGR143W,YOR327C,0,3.5772743,0.8368200659751892,0.3003003001213074,0.005855855997651815
YGL115W,YDR216W,1,3.5770226,0.8374999761581421,0.30180180072784424,0.005855855997651815
YIR025W,YAL039C,0,3.5663257,0.8340249061584473,0.30180180072784424,0.006006006151437759
YHR160C,YAL055W,1,3.5657268,0.8347107172012329,0.3033033013343811,0.006006006151437759
YPL064C,YGL259W,0,3.5570636,0.8312757015228271,0.3033033013343811,0.006156156305223703
YDR265W,YLR324W,1,3.5419157,0.8319672346115112,0.30480480194091797,0.006156156305223703
YIL142W,YGR070W,0,3.5307736,0.8285714387893677,0.30480480194091797,0.006306306459009647
YNL214W,YDR216W,1,3.529412,0.8292682766914368,0.30630630254745483,0.006306306459009647
YOR363C,YHR150W,1,3.5212684,0.829959511756897,0.3078078031539917,0.006306306459009647
YDR265W,YMR204C,1,3.5205357,0.8306451439857483,0.30930930376052856,0.006306306459009647
YOR363C,YPR128C,1,3.4906313,0.8313252925872803,0.31081080436706543,0.006306306459009647
YGR145W,YDR262W,0,3.4894438,0.828000009059906,0.31081080436706543,0.006456456612795591
YNL214W,YDR479C,1,3.4769144,0.8286852836608887,0.3123123049736023,0.006456456612795591
YOR363C,YKR001C,1,3.4768903,0.829365074634552,0.31381380558013916,0.006456456612795591
YBR168W,YDR142C,1,3.4672375,0.8300395011901855,0.315315306186676,0.006456456612795591
YAL051W,YOR363C,1,3.4563222,0.8307086825370789,0.3168168067932129,0.006456456612795591
YPR191W,YLR009W,0,3.4535785,0.8274509906768799,0.3168168067932129,0.006606606766581535
YMR026C,YAL055W,1,3.4460204,0.828125,0.31831830739974976,0.006606606766581535
YIR004W,YOR084W,1,3.437929,0.8287937641143799,0.3198198080062866,0.006606606766581535
YMR300C,YDR151C,0,3.400992,0.8255813717842102,0.3198198080062866,0.006756756920367479
YAL051W,YJL210W,1,3.3997731,0.8262548446655273,0.3213213086128235,0.006756756920367479
YBR230C,YGR084C,0,3.3996727,0.8230769038200378,0.3213213086128235,0.006906907074153423
YDL024C,YLR024C,0,3.3957865,0.8199234008789062,0.3213213086128235,0.007057057227939367
YOR193W,YNL214W,1,3.3932676,0.8206107020378113,0.32282280921936035,0.007057057227939367
YLR197W,YNL208W,0,3.387562,0.8174905180931091,0.32282280921936035,0.007207207381725311
YGL115W,YDR329C,1,3.381446,0.8181818127632141,0.3243243098258972,0.007207207381725311
YKL197C,YLR324W,1,3.3764472,0.8188679218292236,0.32582584023475647,0.007207207381725311
YOR147W,YGR199W,0,3.3759587,0.8157894611358643,0.32582584023475647,0.007357357535511255
YLR024C,YOR327C,0,3.374713,0.812734067440033,0.32582584023475647,0.007507507689297199
YAL051W,YGR004W,1,3.3621542,0.8134328126907349,0.32732734084129333,0.007507507689297199
YJL214W,YGR239C,0,3.3598228,0.8104089498519897,0.32732734084129333,0.007657657843083143
YER185W,YBR026C,0,3.3584986,0.8074073791503906,0.32732734084129333,0.007807807996869087
YNL271C,YMR238W,0,3.3451357,0.8044280409812927,0.32732734084129333,0.007957957684993744
YGL115W,YPR128C,1,3.3296435,0.8051470518112183,0.3288288414478302,0.007957957684993744
YGL115W,YGR133W,1,3.318491,0.8058608174324036,0.33033034205436707,0.007957957684993744
YPL196W,YPL218W,0,3.3046775,0.8029196858406067,0.33033034205436707,0.008108108304440975
YHR150W,YAL055W,1,3.299168,0.803636372089386,0.33183184266090393,0.008108108304440975
YEL031W,YJR021C,0,3.2868958,0.8007246255874634,0.33183184266090393,0.008258257992565632
YDL065C,YBR168W,1,3.2833414,0.8014440536499023,0.3333333432674408,0.008258257992565632
YPL112C,YAL055W,1,3.2767763,0.8021582961082458,0.33483484387397766,0.008258257992565632
YJL210W,YHR160C,1,3.2752254,0.8028674125671387,0.3363363444805145,0.008258257992565632
YNL214W,YPR128C,1,3.271177,0.8035714030265808,0.3378378450870514,0.008258257992565632
YPR135W,YOR349W,0,3.2686791,0.8007117509841919,0.3378378450870514,0.008408408612012863
YDL107W,YOR349W,0,3.26635,0.7978723645210266,0.3378378450870514,0.00855855830013752
YKL117W,YOR138C,0,3.2651958,0.7950530052185059,0.3378378450870514,0.008708708919584751
YBR006W,YIR005W,0,3.2623124,0.7922534942626953,0.3378378450870514,0.008858858607709408
YLL002W,YHR082C,0,3.255165,0.7894737124443054,0.3378378450870514,0.009009009227156639
YJL178C,YLL061W,0,3.2524116,0.7867133021354675,0.3378378450870514,0.009159158915281296
YAL051W,YHR150W,1,3.246778,0.7874564528465271,0.33933934569358826,0.009159158915281296
YMR137C,YPL196W,0,3.2463574,0.7847222089767456,0.33933934569358826,0.009309309534728527
YMR145C,YOL111C,0,3.2420993,0.7820069193840027,0.33933934569358826,0.009459459222853184
YFR021W,YER171W,0,3.2297142,0.7793103456497192,0.33933934569358826,0.009609609842300415
YBR168W,YOR326W,1,3.228825,0.7800687551498413,0.3408408463001251,0.009609609842300415
YLR389C,YER115C,0,3.2260695,0.7773972749710083,0.3408408463001251,0.009759759530425072
YOR326W,YGR133W,1,3.2201054,0.7781569957733154,0.342342346906662,0.009759759530425072
YDR460W,YJR010W,0,3.2165327,0.7755101919174194,0.342342346906662,0.009909910149872303
YPR002W,YPR160W,0,3.2114797,0.7728813290596008,0.342342346906662,0.01006005983799696
YLR324W,YPL112C,1,3.2097526,0.7736486196517944,0.34384384751319885,0.01006005983799696
YMR163C,YGR133W,1,3.207286,0.7744107842445374,0.3453453481197357,0.01006005983799696
YAL051W,YDL065C,1,3.1975884,0.7751677632331848,0.3468468487262726,0.01006005983799696
YNL214W,YKR001C,1,3.1910393,0.7759197354316711,0.34834834933280945,0.01006005983799696
YDL065C,YPR128C,1,3.1645336,0.7766666412353516,0.3498498499393463,0.01006005983799696
YDR499W,YGR143W,0,3.1629329,0.7740863561630249,0.3498498499393463,0.010210210457444191
YOR363C,YMR204C,1,3.1570988,0.7748344540596008,0.3513513505458832,0.010210210457444191
YGL115W,YDR265W,1,3.1553085,0.7755775451660156,0.35285285115242004,0.010210210457444191
YBR274W,YLL040C,0,3.1480265,0.7730262875556946,0.35285285115242004,0.010360360145568848
YLR107W,YMR239C,0,3.1352658,0.7704917788505554,0.35285285115242004,0.010510510765016079
YBR150C,YER074W,0,3.134911,0.7679738402366638,0.35285285115242004,0.010660660453140736
YPR001W,YBR037C,0,3.1268988,0.7654722929000854,0.35285285115242004,0.010810811072587967
YLR324W,YHR150W,1,3.1262789,0.7662337422370911,0.3543543517589569,0.010810811072587967
YKL197C,YDR479C,1,3.1204774,0.7669903039932251,0.3558558523654938,0.010810811072587967
YKL093W,YPR111W,0,3.1201842,0.7645161151885986,0.3558558523654938,0.010960960760712624
YOR193W,YHR150W,1,3.118535,0.7652733325958252,0.35735735297203064,0.010960960760712624
YOR363C,YNL214W,1,3.1073365,0.7660256624221802,0.3588588535785675,0.010960960760712624
YAL051W,YMR204C,1,3.1035118,0.7667731642723083,0.36036035418510437,0.010960960760712624
YOL147C,YMR204C,1,3.1035018,0.7675158977508545,0.36186185479164124,0.010960960760712624
YOR363C,YDR142C,1,3.1009703,0.7682539820671082,0.3633633553981781,0.010960960760712624
YBR168W,YHR150W,1,3.0899425,0.7689873576164246,0.36486485600471497,0.010960960760712624
YMR168C,YKL168C,0,3.0876253,0.7665615081787109,0.36486485600471497,0.011111111380159855
YDR265W,YOL044W,1,3.0722322,0.7672955989837646,0.36636635661125183,0.011111111380159855
YHR150W,YGR133W,1,3.0708094,0.7680251002311707,0.3678678572177887,0.011111111380159855
YLR324W,YAL055W,1,3.068861,0.768750011920929,0.36936935782432556,0.011111111380159855
YDR030C,YLR312W-A,0,3.0472457,0.7663551568984985,0.36936935782432556,0.011261261068284512
YMR163C,YLR191W,1,3.0414581,0.7670807242393494,0.3708708584308624,0.011261261068284512
YNL314W,YJL176C,0,3.0332665,0.7647058963775635,0.3708708584308624,0.011411411687731743
YLR047C,YBR095C,0,3.032898,0.7623456716537476,0.3708708584308624,0.0115615613758564
YMR159C,YGL103W,0,3.03034,0.7599999904632568,0.3708708584308624,0.01171171199530363
YJL210W,YHR150W,1,3.0289698,0.7607361674308777,0.3723723590373993,0.01171171199530363
YJL005W,YKR044W,0,3.028172,0.7584097981452942,0.3723723590373993,0.011861861683428288
YGL220W,YIL042C,0,3.0260487,0.7560975551605225,0.3723723590373993,0.012012012302875519
YLR324W,YGL153W,1,3.0218706,0.7568389177322388,0.37387385964393616,0.012012012302875519
YOR084W,YGR133W,1,3.0208414,0.7575757503509521,0.3753753900527954,0.012012012302875519
YER175C,YOR317W,0,3.0161815,0.7552869915962219,0.3753753900527954,0.012162161991000175
YAL051W,YGR133W,1,3.0118551,0.7560241222381592,0.3768768906593323,0.012162161991000175
YJL210W,YLR324W,1,2.9910517,0.7567567825317383,0.37837839126586914,0.012162161991000175
YBL041W,YLR088W,0,2.9898167,0.7544910311698914,0.37837839126586914,0.012312312610447407
YGR239C,YBR168W,1,2.9868846,0.7552238702774048,0.379879891872406,0.012312312610447407
YIL006W,YLR330W,0,2.9823732,0.7529761791229248,0.379879891872406,0.012462462298572063
YGR052W,YAL016W,0,2.9804332,0.7507418394088745,0.379879891872406,0.012612612918019295
YBR128C,YBR173C,0,2.9736714,0.7485207319259644,0.379879891872406,0.012762762606143951
YDR329C,YGR133W,1,2.968931,0.7492625117301941,0.38138139247894287,0.012762762606143951
YBR006W,YBR129C,0,2.9658804,0.7470588088035583,0.38138139247894287,0.012912913225591183
YOL044W,YDR244W,1,2.9504306,0.7478005886077881,0.38288289308547974,0.012912913225591183
YNL052W,YLL033W,0,2.944724,0.7456140518188477,0.38288289308547974,0.01306306291371584
YMR284W,YIR038C,0,2.9440398,0.7434402108192444,0.38288289308547974,0.01321321353316307
YNL214W,YGR004W,1,2.9365308,0.7441860437393188,0.3843843936920166,0.01321321353316307
YPL007C,YER115C,0,2.936293,0.7420290112495422,0.3843843936920166,0.013363363221287727
YOR363C,YDL065C,1,2.9344933,0.7427745461463928,0.38588589429855347,0.013363363221287727
YHR059W,YPR030W,0,2.9314365,0.740634024143219,0.38588589429855347,0.013513513840734959
YGR077C,YDR329C,1,2.928583,0.7413793206214905,0.38738739490509033,0.013513513840734959
YOR074C,YEL041W,0,2.9251904,0.7392550110816956,0.38738739490509033,0.013663663528859615
YIR004W,YGL115W,1,2.9212425,0.7400000095367432,0.3888888955116272,0.013663663528859615
YDR265W,YBR168W,1,2.909147,0.7407407164573669,0.39039039611816406,0.013663663528859615
YPL147W,YDR207C,0,2.9081278,0.7386363744735718,0.39039039611816406,0.013813814148306847
YOR326W,YGL153W,1,2.8976336,0.7393767833709717,0.3918918967247009,0.013813814148306847
YAR031W,YHR051W,0,2.8911917,0.7372881174087524,0.3918918967247009,0.013963963836431503
YLR324W,YOR326W,1,2.8832498,0.7380281686782837,0.3933933973312378,0.013963963836431503
YLR312W-A,YIL042C,0,2.8714914,0.7359550595283508,0.3933933973312378,0.014114114455878735
YKL197C,YOL147C,1,2.8707085,0.7366946935653687,0.39489489793777466,0.014114114455878735
YOR193W,YDR329C,1,2.8605528,0.7374301552772522,0.3963963985443115,0.014114114455878735
YGL115W,YOL044W,1,2.8589852,0.738161563873291,0.3978978991508484,0.014114114455878735
YPL122C,YHR082C,0,2.8331394,0.7361111044883728,0.3978978991508484,0.014264264144003391
YDR142C,YKR001C,1,2.831316,0.7368420958518982,0.39939939975738525,0.014264264144003391
YNL214W,YLR191W,1,2.8239434,0.7375690340995789,0.4009009003639221,0.014264264144003391
YHR085W,YFR052W,0,2.8166242,0.7355371713638306,0.4009009003639221,0.014414414763450623
YAL051W,YLR324W,1,2.8101525,0.7362637519836426,0.402402400970459,0.014414414763450623
YDL065C,YAL055W,1,2.784307,0.7369862794876099,0.40390390157699585,0.014414414763450623
YBR081C,YPR133W-A,0,2.78411,0.7349726557731628,0.40390390157699585,0.01456456445157528
YOR363C,YOR084W,1,2.7837725,0.7356948256492615,0.4054054021835327,0.01456456445157528
YOL102C,YAL024C,0,2.781538,0.7336956262588501,0.4054054021835327,0.01471471507102251
YLR390W,YAR031W,0,2.7811112,0.7317073345184326,0.4054054021835327,0.014864864759147167
YMR026C,YBR168W,1,2.7749324,0.7324324250221252,0.4069069027900696,0.014864864759147167
YOR363C,YDR216W,1,2.7742057,0.7331536412239075,0.40840840339660645,0.014864864759147167
YNR074C,YDR454C,0,2.7701678,0.7311828136444092,0.40840840339660645,0.015015015378594398
YPR026W,YDL070W,0,2.7672465,0.7292225360870361,0.40840840339660645,0.015165165066719055
YMR026C,YDR244W,1,2.7632914,0.7299465537071228,0.4099099040031433,0.015165165066719055
YDR244W,YDR329C,1,2.7604933,0.7306666374206543,0.4114114046096802,0.015165165066719055
YLR219W,YDR364C,0,2.751076,0.728723406791687,0.4114114046096802,0.015315315686166286
YDR244W,YGR004W,1,2.7388825,0.7294429540634155,0.41291290521621704,0.015315315686166286
YOL026C,YPL007C,0,2.7371287,0.7275132536888123,0.41291290521621704,0.015465465374290943
YMR163C,YGR077C,1,2.7354386,0.728232204914093,0.4144144058227539,0.015465465374290943
YJL210W,YMR163C,1,2.73096,0.7289473414421082,0.41591590642929077,0.015465465374290943
YNL110C,YEL041W,0,2.727539,0.7270340919494629,0.41591590642929077,0.015615615993738174
YGL115W,YDL065C,1,2.726917,0.727748692035675,0.41741740703582764,0.015615615993738174
YDR414C,YBR006W,0,2.7259352,0.7258485555648804,0.41741740703582764,0.01576576568186283
YDL142C,YER022W,0,2.7235332,0.7239583134651184,0.41741740703582764,0.015915915369987488
YDL065C,YGR004W,1,2.7214508,0.7246752977371216,0.4189189076423645,0.015915915369987488
YBR059C,YOL054W,0,2.7166202,0.7227979302406311,0.4189189076423645,0.016066066920757294
YCR093W,YNL107W,0,2.711154,0.7209302186965942,0.4189189076423645,0.01621621660888195
YDR512C,YNL307C,0,2.6946974,0.719072163105011,0.4189189076423645,0.016366366297006607
YMR019W,YNL307C,0,2.6936526,0.7172236442565918,0.4189189076423645,0.016516515985131264
YDL065C,YMR026C,1,2.686583,0.7179487347602844,0.42042040824890137,0.016516515985131264
YEL036C,YDR281C,0,2.6842186,0.7161125540733337,0.42042040824890137,0.01666666753590107
YLR324W,YKR001C,1,2.677494,0.7168367505073547,0.42192190885543823,0.01666666753590107
YNL329C,YOL147C,1,2.6757874,0.7175572514533997,0.4234234094619751,0.01666666753590107
YBR052C,YGR229C,0,2.6735506,0.7157360315322876,0.4234234094619751,0.016816817224025726
YOR084W,YMR204C,1,2.6700418,0.7164556980133057,0.42492491006851196,0.016816817224025726
YHR160C,YLR324W,1,2.654745,0.7171717286109924,0.4264264404773712,0.016816817224025726
YBR168W,YGR004W,1,2.65169,0.7178841233253479,0.4279279410839081,0.016816817224025726
YDR479C,YDR142C,1,2.6503515,0.7185929417610168,0.42942944169044495,0.016816817224025726
YCR093W,YLR191W,0,2.650205,0.7167919874191284,0.42942944169044495,0.016966966912150383
YNL052W,YOR349W,0,2.6402504,0.7149999737739563,0.42942944169044495,0.01711711660027504
YNL304W,YIR038C,0,2.6374893,0.7132169604301453,0.42942944169044495,0.017267268151044846
YOR301W,YDR460W,0,2.6355095,0.711442768573761,0.42942944169044495,0.017417417839169502
YIR004W,YKR001C,1,2.6306572,0.7121587991714478,0.4309309422969818,0.017417417839169502
YOR193W,YAL055W,1,2.6232743,0.7128713130950928,0.4324324429035187,0.017417417839169502
YNL110C,YCR026C,0,2.6219802,0.7111111283302307,0.4324324429035187,0.01756756752729416
YDR479C,YDR244W,1,2.6195097,0.7118226885795593,0.43393394351005554,0.01756756752729416
YNL314W,YBR276C,0,2.6167336,0.710073709487915,0.43393394351005554,0.017717717215418816
YCL008C,YNL219C,0,2.6147513,0.7083333134651184,0.43393394351005554,0.01786786876618862
YHR150W,YGL153W,1,2.6146705,0.709046483039856,0.4354354441165924,0.01786786876618862
YOR084W,YMR026C,1,2.6119375,0.709756076335907,0.4369369447231293,0.01786786876618862
YOR326W,YDR216W,1,2.6104298,0.7104622721672058,0.43843844532966614,0.01786786876618862
YDR216W,YLR191W,1,2.610321,0.7111650705337524,0.439939945936203,0.01786786876618862
YLL029W,YBR118W,0,2.5980546,0.7094430923461914,0.439939945936203,0.018018018454313278
YGL236C,YOR085W,0,2.598,0.7077294588088989,0.439939945936203,0.018168168142437935
YBR243C,YGR185C,0,2.5952013,0.7060241103172302,0.439939945936203,0.01831831783056259
YDR244W,YOR326W,1,2.5935907,0.7067307829856873,0.44144144654273987,0.01831831783056259
YOL044W,YAL055W,1,2.587943,0.7074340581893921,0.44294294714927673,0.01831831783056259
YDR265W,YPL112C,1,2.5876384,0.7081339955329895,0.4444444477558136,0.01831831783056259
YMR026C,YMR204C,1,2.585726,0.7088305354118347,0.44594594836235046,0.01831831783056259
YGL153W,YDR142C,1,2.5719204,0.7095237970352173,0.44744744896888733,0.01831831783056259
YDL065C,YKR001C,1,2.5702648,0.7102137804031372,0.4489489495754242,0.01831831783056259
YJR006W,YBR072W,0,2.5695937,0.7085307836532593,0.4489489495754242,0.018468469381332397
YAL051W,YIR004W,1,2.5691538,0.7092198729515076,0.45045045018196106,0.018468469381332397
YAL055W,YDR142C,1,2.5689516,0.7099056839942932,0.4519519507884979,0.018468469381332397
YOR363C,YAL055W,1,2.5665007,0.7105882167816162,0.4534534513950348,0.018468469381332397
YJL210W,YDR216W,1,2.565796,0.7112675905227661,0.45495495200157166,0.018468469381332397
YDR479C,YLR191W,1,2.5596564,0.7119438052177429,0.4564564526081085,0.018468469381332397
YDR265W,YHR150W,1,2.5529556,0.7126168012619019,0.4579579532146454,0.018468469381332397
YCL014W,YOL043C,0,2.552003,0.7109557390213013,0.4579579532146454,0.018618619069457054
YHR132C,YNL258C,0,2.5399468,0.7093023061752319,0.4579579532146454,0.01876876875758171
YLL055W,YKR101W,0,2.526352,0.7076566219329834,0.4579579532146454,0.018918918445706367
YAL051W,YMR026C,1,2.52103,0.7083333134651184,0.45945945382118225,0.018918918445706367
YPR030W,YDR207C,0,2.5109234,0.7066974639892578,0.45945945382118225,0.019069069996476173
YFR021W,YMR218C,0,2.507061,0.7050691246986389,0.45945945382118225,0.01921921968460083
YIR004W,YKL197C,1,2.5056791,0.705747127532959,0.4609609544277191,0.01921921968460083
YHR160C,YOR084W,1,2.4976401,0.7064220309257507,0.462462455034256,0.01921921968460083
YMR218C,YLR130C,0,2.492257,0.7048054933547974,0.462462455034256,0.019369369372725487
YDR142C,YGR133W,1,2.4919276,0.7054794430732727,0.46396395564079285,0.019369369372725487
YHR002W,YHR061C,0,2.4885988,0.7038724422454834,0.46396395564079285,0.019519519060850143
YDL065C,YDR142C,1,2.4864583,0.7045454382896423,0.4654654562473297,0.019519519060850143
YOL158C,YIL076W,0,2.4807963,0.7029478549957275,0.4654654562473297,0.0196696687489748
YPL119C,YER162C,0,2.472506,0.7013574838638306,0.4654654562473297,0.019819820299744606
YOR147W,YCR046C,0,2.4708958,0.6997742652893066,0.4654654562473297,0.019969969987869263
YDL065C,YOR084W,1,2.469801,0.7004504799842834,0.4669669568538666,0.019969969987869263
YKL093W,YIR038C,0,2.452434,0.6988763809204102,0.4669669568538666,0.02012011967599392
YGR225W,YMR180C,0,2.4440768,0.6973094344139099,0.4669669568538666,0.020270269364118576
YLR390W,YNL027W,0,2.4324079,0.6957494616508484,0.4669669568538666,0.020420420914888382
YCR014C,YJL155C,0,2.4314966,0.6941964030265808,0.4669669568538666,0.02057057060301304
YDR229W,YDL045C,0,2.430984,0.692650318145752,0.4669669568538666,0.020720720291137695
YOL004W,YPL208W,0,2.4287906,0.6911110877990723,0.4669669568538666,0.020870869979262352
YOR326W,YAL055W,1,2.4284735,0.6917960047721863,0.46846845746040344,0.020870869979262352
YNL214W,YDR244W,1,2.418888,0.6924778819084167,0.4699699580669403,0.020870869979262352
YMR163C,YOL147C,1,2.4178553,0.6931567192077637,0.4714714586734772,0.020870869979262352
YBR168W,YGR077C,1,2.4173603,0.6938325762748718,0.47297295928001404,0.020870869979262352
YPR189W,YCL004W,0,2.406361,0.692307710647583,0.47297295928001404,0.021021021530032158
YGR185C,YIL048W,0,2.406332,0.6907894611358643,0.47297295928001404,0.021171171218156815
YMR061W,YIL042C,0,2.4044967,0.6892778873443604,0.47297295928001404,0.02132132090628147
YDR453C,YBR067C,0,2.3996184,0.6877729296684265,0.47297295928001404,0.021471470594406128
YOR194C,YIL132C,0,2.3991761,0.686274528503418,0.47297295928001404,0.021621622145175934
YOR363C,YPL112C,1,2.39755,0.686956524848938,0.4744744598865509,0.021621622145175934
YNL314W,YHR051W,0,2.3960629,0.6854663491249084,0.4744744598865509,0.02177177183330059
YNL214W,YHR160C,1,2.392248,0.6861472129821777,0.47597599029541016,0.02177177183330059
YJL085W,YDL035C,0,2.3887625,0.6846652030944824,0.47597599029541016,0.021921921521425247
YCR011C,YDR498C,0,2.387658,0.6831896305084229,0.47597599029541016,0.022072071209549904
YOL147C,YGR133W,1,2.3868248,0.6838709712028503,0.477477490901947,0.022072071209549904
YDR216W,YGR004W,1,2.38663,0.6845493316650391,0.4789789915084839,0.022072071209549904
YHR179W,YOR138C,0,2.3860846,0.6830835342407227,0.4789789915084839,0.02222222276031971
YKL197C,YMR026C,1,2.3819041,0.6837607026100159,0.48048049211502075,0.02222222276031971
YNL214W,YNL329C,1,2.37843,0.6844349503517151,0.4819819927215576,0.02222222276031971
YOR193W,YDR244W,1,2.3777075,0.6851063966751099,0.4834834933280945,0.02222222276031971
YDL065C,YNL329C,1,2.373883,0.6857749223709106,0.48498499393463135,0.02222222276031971
YPL064C,YBR128C,0,2.3723526,0.6843220591545105,0.48498499393463135,0.022372372448444366
YOL142W,YGL203C,0,2.368958,0.6828752756118774,0.48498499393463135,0.022522522136569023
YNL214W,YGL153W,1,2.3595822,0.6835442781448364,0.4864864945411682,0.022522522136569023
YAL051W,YAL055W,1,2.359489,0.6842105388641357,0.4879879951477051,0.022522522136569023
YGL153W,YGR004W,1,2.3583865,0.6848739385604858,0.48948949575424194,0.022522522136569023
YOR363C,YMR026C,1,2.354709,0.6855345964431763,0.4909909963607788,0.022522522136569023
YAL051W,YPL112C,1,2.3514135,0.6861924529075623,0.4924924969673157,0.022522522136569023
YKL197C,YHR160C,1,2.3513446,0.6868476271629333,0.49399399757385254,0.022522522136569023
YKR054C,YLL055W,0,2.3460994,0.6854166388511658,0.49399399757385254,0.02267267182469368
YPL083C,YCL008C,0,2.345125,0.6839916706085205,0.49399399757385254,0.022822823375463486
YJL210W,YKR001C,1,2.3445039,0.6846473217010498,0.4954954981803894,0.022822823375463486
YJL011C,YPR091C,0,2.3415935,0.6832298040390015,0.4954954981803894,0.022972973063588142
YOL070C,YER175C,0,2.3361945,0.6818181872367859,0.4954954981803894,0.0231231227517128
YHR160C,YHR150W,1,2.333393,0.6824742555618286,0.49699699878692627,0.0231231227517128
YIR004W,YMR204C,1,2.3331268,0.6831275820732117,0.49849849939346313,0.0231231227517128
YOL044W,YGL153W,1,2.3325667,0.6837782263755798,0.5,0.0231231227517128
YKL197C,YGR133W,1,2.3308306,0.6844262480735779,0.5015015006065369,0.0231231227517128
YIR004W,YDR329C,1,2.330754,0.685071587562561,0.5030030012130737,0.0231231227517128
YAL051W,YOR326W,1,2.3292189,0.6857143044471741,0.5045045018196106,0.0231231227517128
YBR168W,YGR133W,1,2.3240542,0.686354398727417,0.5060060024261475,0.0231231227517128
YFR001W,YDR403W,0,2.316728,0.684959352016449,0.5060060024261475,0.023273272439837456
YNL314W,YBR120C,0,2.3159018,0.6835699677467346,0.5060060024261475,0.02342342399060726
YGL115W,YMR163C,1,2.3121614,0.6842105388641357,0.5075075030326843,0.02342342399060726
YHR160C,YMR163C,1,2.307007,0.6848484873771667,0.5090090036392212,0.02342342399060726
YGR239C,YDR479C,1,2.3008718,0.6854838728904724,0.5105105042457581,0.02342342399060726
YPR171W,YLR251W,0,2.293263,0.6841046214103699,0.5105105042457581,0.02357357367873192
YBR168W,YLR191W,1,2.2837658,0.6847389340400696,0.5120120048522949,0.02357357367873192
YHR012W,YJL112W,0,2.2787619,0.6833667159080505,0.5120120048522949,0.023723723366856575
YDL065C,YMR163C,1,2.2770944,0.6840000152587891,0.5135135054588318,0.023723723366856575
YDR244W,YMR204C,1,2.2763689,0.6846307516098022,0.5150150060653687,0.023723723366856575
YKR026C,YOL151W,0,2.2692058,0.6832669377326965,0.5150150060653687,0.02387387305498123
YMR176W,YBR037C,0,2.2681599,0.6819085478782654,0.5150150060653687,0.024024024605751038
YOL104C,YMR115W,0,2.2606673,0.6805555820465088,0.5150150060653687,0.024174174293875694
YNL304W,YLR251W,0,2.258552,0.6792079210281372,0.5150150060653687,0.02432432398200035
YDR240C,YNL027W,0,2.256124,0.6778656244277954,0.5150150060653687,0.024474473670125008
YOR193W,YDR479C,1,2.2533023,0.6785010099411011,0.5165165066719055,0.024474473670125008
YIL132C,YOL108C,0,2.2480145,0.6771653294563293,0.5165165066719055,0.024624625220894814
YEL052W,YPL259C,0,2.2440386,0.6758349537849426,0.5165165066719055,0.02477477490901947
YFR021W,YBR282W,0,2.2425647,0.6745098233222961,0.5165165066719055,0.024924924597144127
YIR018W,YGR214W,0,2.2415333,0.6731898188591003,0.5165165066719055,0.025075074285268784
YOL044W,YOR326W,1,2.2318559,0.673828125,0.5180180072784424,0.025075074285268784
YBR170C,YIR032C,0,2.2309482,0.6725146174430847,0.5180180072784424,0.02522522583603859
YOL082W,YBR120C,0,2.2186677,0.6712062358856201,0.5180180072784424,0.025375375524163246
YER185W,YIL135C,0,2.2184591,0.6699029207229614,0.5180180072784424,0.025525525212287903
YKL090W,YDL070W,0,2.213984,0.6686046719551086,0.5180180072784424,0.02567567490041256
YGR239C,YMR204C,1,2.2014885,0.6692456603050232,0.5195195078849792,0.02567567490041256
YCL024W,YAR027W,0,2.1839461,0.6679536700248718,0.5195195078849792,0.025825826451182365
YGR004W,YDR142C,1,2.182951,0.6685934662818909,0.5210210084915161,0.025825826451182365
YNL214W,YMR163C,1,2.182803,0.6692307591438293,0.522522509098053,0.025825826451182365
YNL329C,YDR244W,1,2.1822395,0.6698656678199768,0.5240240097045898,0.025825826451182365
YER017C,YGL256W,0,2.1810615,0.6685823798179626,0.5240240097045898,0.025975976139307022
YMR204C,YDR142C,1,2.174545,0.6692160367965698,0.5255255103111267,0.025975976139307022
YOL044W,YDR329C,1,2.1737483,0.669847309589386,0.5270270109176636,0.025975976139307022
YOR054C,YLR183C,0,2.169541,0.668571412563324,0.5270270109176636,0.02612612582743168
YJL214W,YDR392W,0,2.1674752,0.6673004031181335,0.5270270109176636,0.026276275515556335
YHR061C,YBL089W,0,2.152288,0.6660341620445251,0.5270270109176636,0.02642642706632614
YOL038W,YGR032W,0,2.1511667,0.6647727489471436,0.5270270109176636,0.026576576754450798
YBR168W,YMR204C,1,2.1460485,0.6654064059257507,0.5285285115242004,0.026576576754450798
YDR244W,YDR216W,1,2.1424785,0.6660377383232117,0.5300300121307373,0.026576576754450798
YNL214W,YAL055W,1,2.140905,0.6666666865348816,0.5315315127372742,0.026576576754450798
YCR030C,YGR216C,0,2.1393516,0.6654135584831238,0.5315315127372742,0.026726726442575455
YIL094C,YLR213C,0,2.137594,0.6641650795936584,0.5315315127372742,0.02687687613070011
YCR014C,YIL006W,0,2.1341991,0.6629213690757751,0.5315315127372742,0.027027027681469917
YJL141C,YIR032C,0,2.1314414,0.6616822481155396,0.5315315127372742,0.027177177369594574
YHR109W,YLL043W,0,2.129909,0.6604477763175964,0.5315315127372742,0.02732732705771923
YOR193W,YBR168W,1,2.1278706,0.6610800623893738,0.533033013343811,0.02732732705771923
YHR059W,YGL004C,0,2.1277494,0.6598513126373291,0.533033013343811,0.027477476745843887
YDL065C,YHR160C,1,2.1222024,0.6604823470115662,0.5345345139503479,0.027477476745843887
YIR004W,YNL214W,1,2.1197252,0.6611111164093018,0.5360360145568848,0.027477476745843887
YLR295C,YJL071W,0,2.1152272,0.6598891019821167,0.5360360145568848,0.027627628296613693
YHR160C,YGR133W,1,2.0999353,0.660516619682312,0.5375375151634216,0.027627628296613693
YLR107W,YBL079W,0,2.0964603,0.6593002080917358,0.5375375151634216,0.02777777798473835
YGR077C,YGR133W,1,2.082108,0.6599264740943909,0.5390390157699585,0.02777777798473835
YOR084W,YGR004W,1,2.0806966,0.6605504751205444,0.5405405163764954,0.02777777798473835
YOR193W,YDR216W,1,2.0794392,0.6611721515655518,0.5420420169830322,0.02777777798473835
YOL044W,YMR163C,1,2.0792763,0.6617915630340576,0.5435435175895691,0.02777777798473835
YCR046C,YCL052C,0,2.0764043,0.6605839133262634,0.5435435175895691,0.027927927672863007
YLR425W,YER017C,0,2.0737169,0.6593806743621826,0.5435435175895691,0.028078077360987663
YDR337W,YLL043W,0,2.0506315,0.6581818461418152,0.5435435175895691,0.02822822891175747
YGR113W,YGL233W,0,2.0499458,0.6569873094558716,0.5435435175895691,0.028378378599882126
YPL110C,YOL104C,0,2.0487456,0.6557971239089966,0.5435435175895691,0.028528528288006783
YGR113W,YPL196W,0,2.0477338,0.6546112298965454,0.5435435175895691,0.02867867797613144
YLL019C,YDR457W,0,2.046517,0.6534296274185181,0.5435435175895691,0.028828829526901245
YPR128C,YDR244W,1,2.0462978,0.6540540456771851,0.545045018196106,0.028828829526901245
YJL210W,YDR265W,1,2.045731,0.6546762585639954,0.5465465188026428,0.028828829526901245
YDL065C,YDR216W,1,2.044897,0.6552962064743042,0.5480480194091797,0.028828829526901245
YNL329C,YBR168W,1,2.0433688,0.6559139490127563,0.5495495200157166,0.028828829526901245
YLL002W,YGL094C,0,2.0410073,0.6547406315803528,0.5495495200157166,0.028978979215025902
YPR128C,YGL153W,1,2.0381484,0.6553571224212646,0.5510510802268982,0.028978979215025902
YFR029W,YJR101W,0,2.0296206,0.6541889309883118,0.5510510802268982,0.02912912890315056
YCR030C,YDL170W,0,2.02629,0.6530249118804932,0.5510510802268982,0.029279278591275215
YDR492W,YMR173W,0,2.0252247,0.6518650054931641,0.5510510802268982,0.02942943014204502
YAL051W,YDR142C,1,2.0214958,0.652482271194458,0.5525525808334351,0.02942943014204502
YOR193W,YMR204C,1,2.0206146,0.6530973315238953,0.5540540814399719,0.02942943014204502
YOR126C,YLR163C,0,2.0185757,0.6519434452056885,0.5540540814399719,0.029579579830169678
YNL258C,YKR101W,0,2.017479,0.6507936716079712,0.5540540814399719,0.029729729518294334
YDR207C,YMR200W,0,2.0108175,0.6496478915214539,0.5540540814399719,0.02987987920641899
YNL085W,YNL202W,0,2.0054212,0.6485061645507812,0.5540540814399719,0.030030030757188797
YGR225W,YOR279C,0,2.0046196,0.6473684310913086,0.5540540814399719,0.030180180445313454
YPR083W,YDR392W,0,2.0029175,0.6462346911430359,0.5540540814399719,0.03033033013343811
YLR295C,YIR011C,0,2.0000682,0.6451048851013184,0.5540540814399719,0.030480479821562767
YDL036C,YGR169C,0,1.9981194,0.6439790725708008,0.5540540814399719,0.030630631372332573
YDR479C,YGR077C,1,1.982681,0.6445993185043335,0.5555555820465088,0.030630631372332573
YDR457W,YOR194C,0,1.9792235,0.643478274345398,0.5555555820465088,0.03078078106045723
YDL065C,YGR133W,1,1.9786804,0.6440972089767456,0.5570570826530457,0.03078078106045723
YHR160C,YDR142C,1,1.9786786,0.6447140574455261,0.5585585832595825,0.03078078106045723
YNL329C,YGR133W,1,1.9765155,0.64532870054245,0.5600600838661194,0.03078078106045723
YGR288W,YDR492W,0,1.9741179,0.6442141532897949,0.5600600838661194,0.030930930748581886
YJR004C,YPL213W,0,1.9738499,0.6431034207344055,0.5600600838661194,0.031081080436706543
YGL115W,YNL329C,1,1.9649186,0.6437177062034607,0.5615615844726562,0.031081080436706543
YGR288W,YBR274W,0,1.9624549,0.6426116824150085,0.5615615844726562,0.03123123198747635
YGL026C,YDR146C,0,1.9466171,0.6415094137191772,0.5615615844726562,0.031381379812955856
YOL070C,YER046W,0,1.9360397,0.6404109597206116,0.5615615844726562,0.03153153136372566
YHR150W,YDR244W,1,1.9325511,0.6410256624221802,0.5630630850791931,0.03153153136372566
YCL008C,YOR089C,0,1.9299912,0.6399317383766174,0.5630630850791931,0.03168168291449547
YJR055W,YPR191W,0,1.9297366,0.6388415694236755,0.5630630850791931,0.031831830739974976
YGR239C,YDR216W,1,1.9262186,0.6394557952880859,0.56456458568573,0.031831830739974976
YOR054C,YCL004W,0,1.9223529,0.6383700966835022,0.56456458568573,0.03198198229074478
YNL329C,YDR142C,1,1.9217306,0.6389830708503723,0.5660660862922668,0.03198198229074478
YLL004W,YDL170W,0,1.918663,0.6379018425941467,0.5660660862922668,0.03213213384151459
YDR423C,YLR088W,0,1.9162929,0.6368243098258972,0.5660660862922668,0.032282281666994095
YHR160C,YMR204C,1,1.9145172,0.6374367475509644,0.5675675868988037,0.032282281666994095
YDR479C,YPL112C,1,1.9121414,0.6380471587181091,0.5690690875053406,0.032282281666994095
YGR288W,YDR512C,0,1.9107155,0.6369748115539551,0.5690690875053406,0.0324324332177639
YGL112C,YLR390W,0,1.9106011,0.6359060406684875,0.5690690875053406,0.03258258104324341
YMR097C,YAR035W,0,1.9093277,0.6348408460617065,0.5690690875053406,0.032732732594013214
YBR150C,YGR113W,0,1.904778,0.6337792873382568,0.5690690875053406,0.03288288414478302
YDR205W,YCL024W,0,1.8954666,0.6327211856842041,0.5690690875053406,0.03303303197026253
YPL007C,YCR002C,0,1.8920066,0.6316666603088379,0.5690690875053406,0.03318318352103233
YPR128C,YDR329C,1,1.8910489,0.6322795152664185,0.5705705881118774,0.03318318352103233
YJL210W,YDR142C,1,1.8867574,0.6328903436660767,0.5720720887184143,0.03318318352103233
YKR008W,YMR090W,0,1.8824139,0.6318408250808716,0.5720720887184143,0.03333333507180214
YBR168W,YDR216W,1,1.8774229,0.6324503421783447,0.5735735893249512,0.03333333507180214
YFR021W,YOR216C,0,1.8757603,0.6314049363136292,0.5735735893249512,0.03348348289728165
YKL210W,YPR030W,0,1.8739343,0.6303630471229553,0.5735735893249512,0.03363363444805145
YPL110C,YMR137C,0,1.871266,0.6293245553970337,0.5735735893249512,0.03378378227353096
YLR026C,YEL056W,0,1.8694305,0.6282894611358643,0.5735735893249512,0.033933933824300766
YMR025W,YBR093C,0,1.8682526,0.6272578239440918,0.5735735893249512,0.03408408537507057
YGL115W,YPL112C,1,1.866472,0.6278688311576843,0.575075089931488,0.03408408537507057
YLR191W,YPR030W,0,1.866161,0.6268412470817566,0.575075089931488,0.03423423320055008
YGR239C,YJL210W,1,1.8653957,0.6274510025978088,0.5765765905380249,0.03423423320055008
YJR053W,YNR044W,0,1.8647487,0.626427412033081,0.5765765905380249,0.034384384751319885
YPR072W,YPL087W,0,1.8625348,0.6254071593284607,0.5765765905380249,0.03453453630208969
YLR324W,YLR191W,1,1.8573068,0.6260162591934204,0.5780780911445618,0.03453453630208969
YHR074W,YJL004C,0,1.8569906,0.625,0.5780780911445618,0.0346846841275692
YDR479C,YDR216W,1,1.8517634,0.6256077885627747,0.5795795917510986,0.0346846841275692
YLR324W,YDR244W,1,1.8517528,0.6262136101722717,0.5810810923576355,0.0346846841275692
YMR065W,YJL206C,0,1.8474201,0.625201940536499,0.5810810923576355,0.034834835678339005
YHR160C,YGL153W,1,1.8426865,0.625806450843811,0.5825825929641724,0.034834835678339005
YOL044W,YMR204C,1,1.8402197,0.6264089941978455,0.5840840935707092,0.034834835678339005
YDR265W,YDR142C,1,1.8387899,0.6270096302032471,0.5855855941772461,0.034834835678339005
YJR006W,YOL151W,0,1.8306099,0.6260032057762146,0.5855855941772461,0.03498498350381851
YAL051W,YGL115W,1,1.8303998,0.6266025900840759,0.587087094783783,0.03498498350381851
YMR204C,YGR133W,1,1.830181,0.6272000074386597,0.5885885953903198,0.03498498350381851
YAL051W,YLR191W,1,1.823026,0.6277955174446106,0.5900900959968567,0.03498498350381851
YKL197C,YDR244W,1,1.822226,0.6283891797065735,0.5915915966033936,0.03498498350381851
YKL020C,YER162C,0,1.8219349,0.6273885369300842,0.5915915966033936,0.03513513505458832
YNL262W,YKL053C-A,0,1.8216951,0.6263911128044128,0.5915915966033936,0.035285286605358124
YPL112C,YOR326W,1,1.8124343,0.6269841194152832,0.5930930972099304,0.035285286605358124
YKR036C,YPR119W,0,1.8119017,0.6259905099868774,0.5930930972099304,0.03543543443083763
YHR012W,YLR151C,0,1.8099672,0.625,0.5930930972099304,0.03558558598160744
YNL214W,YDL065C,1,1.8075151,0.6255924105644226,0.5945945978164673,0.03558558598160744
YHL034C,YJL214W,0,1.8058593,0.624605655670166,0.5945945978164673,0.03573573753237724
YGR032W,YOR194C,0,1.8015537,0.6236220598220825,0.5945945978164673,0.03588588535785675
YAL051W,YKL197C,1,1.7986943,0.6242138147354126,0.5960960984230042,0.03588588535785675
YKR054C,YOL108C,0,1.7923279,0.6232339143753052,0.5960960984230042,0.036036036908626556
YIR025W,YOL108C,0,1.7907879,0.6222570538520813,0.5960960984230042,0.036186184734106064
YJR138W,YNL027W,0,1.7887682,0.621283233165741,0.5960960984230042,0.03633633628487587
YOR071C,YLL034C,0,1.7883039,0.620312511920929,0.5960960984230042,0.036486487835645676
YHR029C,YLR383W,0,1.7838664,0.6193447709083557,0.5960960984230042,0.03663663566112518
YBR170C,YKL085W,0,1.7817866,0.618380069732666,0.5960960984230042,0.03678678721189499
YDR265W,YGR077C,1,1.7765472,0.6189735531806946,0.597597599029541,0.03678678721189499
YAL051W,YDR244W,1,1.772253,0.6195651888847351,0.5990990996360779,0.03678678721189499
YLR047C,YIL006W,0,1.7620356,0.6186046600341797,0.5990990996360779,0.036936938762664795
YJR138W,YLR151C,0,1.7559108,0.6176470518112183,0.5990990996360779,0.0370870865881443
YJR021C,YML080W,0,1.7558035,0.6166924238204956,0.5990990996360779,0.03723723813891411
YJR004C,YDR494W,0,1.7554857,0.6157407164573669,0.5990990996360779,0.037387385964393616
YOL038W,YBR074W,0,1.753536,0.614791989326477,0.5990990996360779,0.03753753751516342
YHR150W,YDR142C,1,1.7513466,0.6153846383094788,0.6006006002426147,0.03753753751516342
YKL197C,YNL329C,1,1.7509834,0.6159754395484924,0.6021021008491516,0.03753753751516342
YBR274W,YMR115W,0,1.7499516,0.6150306463241577,0.6021021008491516,0.03768768906593323
YKL197C,YGR004W,1,1.7486248,0.6156201958656311,0.6036036014556885,0.03768768906593323
YNL131W,YHR156C,0,1.7444307,0.6146789193153381,0.6036036014556885,0.037837836891412735
YLR324W,YDR216W,1,1.7430085,0.6152671575546265,0.6051051020622253,0.037837836891412735
YNL027W,YIL042C,0,1.7410817,0.6143292784690857,0.6051051020622253,0.03798798844218254
YBR187W,YMR114C,0,1.7375169,0.6133942008018494,0.6051051020622253,0.03813813999295235
YNR074C,YPL112C,0,1.7358787,0.6124619841575623,0.6051051020622253,0.038288287818431854
YGL115W,YDR142C,1,1.7310796,0.613050103187561,0.6066066026687622,0.038288287818431854
YER055C,YLR113W,0,1.7270066,0.6121212244033813,0.6066066026687622,0.03843843936920166
YHR160C,YKR001C,1,1.7255013,0.6127080321311951,0.6081081032752991,0.03843843936920166
YJL030W,YNR035C,0,1.7235557,0.6117824912071228,0.6081081032752991,0.03858858719468117
YHR160C,YNL329C,1,1.7235152,0.6123680472373962,0.6096096038818359,0.03858858719468117
YCR030C,YDR140W,0,1.7220732,0.6114457845687866,0.6096096038818359,0.038738738745450974
YDR216W,YKR001C,1,1.72136,0.6120300889015198,0.6111111044883728,0.038738738745450974
YGL115W,YAL055W,1,1.7189648,0.6126126050949097,0.6126126050949097,0.038738738745450974
YOR292C,YMR239C,0,1.7159957,0.6116941571235657,0.6126126050949097,0.03888889029622078
YDL065C,YDR244W,1,1.7147844,0.6122754216194153,0.6141141057014465,0.03888889029622078
YIL002C,YNR035C,0,1.7097502,0.6113602519035339,0.6141141057014465,0.03903903812170029
YNL095C,YPL087W,0,1.709497,0.6104477643966675,0.6141141057014465,0.03918918967247009
YAL024C,YGL226C-A,0,1.7081916,0.6095380187034607,0.6141141057014465,0.0393393374979496
YKL090W,YGR134W,0,1.7021372,0.6086309552192688,0.6141141057014465,0.039489489048719406
YDR090C,YKR008W,0,1.6964297,0.6077265739440918,0.6141141057014465,0.03963964059948921
YGL115W,YLR324W,1,1.6939027,0.6083086133003235,0.6156156063079834,0.03963964059948921
YJL210W,YMR204C,1,1.6900535,0.6088888645172119,0.6171171069145203,0.03963964059948921
YGR239C,YDR142C,1,1.6883595,0.6094674468040466,0.6186186075210571,0.03963964059948921
YIR004W,YGR077C,1,1.6883428,0.6100443005561829,0.620120108127594,0.03963964059948921
YJL210W,YOL044W,1,1.685098,0.6106194853782654,0.6216216087341309,0.03963964059948921
YMR163C,YDR216W,1,1.6844232,0.6111929416656494,0.6231231093406677,0.03963964059948921
YGL180W,YMR025W,0,1.6778489,0.6102941036224365,0.6231231093406677,0.03978978842496872
YOL044W,YKR001C,1,1.670906,0.610866367816925,0.6246246099472046,0.03978978842496872
YDL065C,YOL044W,1,1.6657555,0.6114369630813599,0.6261261105537415,0.03978978842496872
YOL045W,YGR145W,0,1.6641827,0.6105417013168335,0.6261261105537415,0.039939939975738525
YGL122C,YCL032W,0,1.6588548,0.609649121761322,0.6261261105537415,0.04009009152650833
YGR052W,YBR037C,0,1.6587164,0.6087591052055359,0.6261261105537415,0.04024023935198784
YBR195C,YDL047W,0,1.6574466,0.6078717112541199,0.6261261105537415,0.040390390902757645
YOR084W,YMR163C,1,1.6565795,0.608442485332489,0.6276276111602783,0.040390390902757645
YMR204C,YKR001C,1,1.6553037,0.6090116500854492,0.6291291117668152,0.040390390902757645
YPL259C,YHR058C,0,1.6546627,0.6081277132034302,0.6291291117668152,0.04054053872823715
YMR026C,YKR001C,1,1.6437807,0.6086956262588501,0.630630612373352,0.04054053872823715
YOR219C,YER115C,0,1.6396182,0.6078147888183594,0.630630612373352,0.04069069027900696
YLR191W,YGR133W,1,1.6381283,0.6083815097808838,0.6321321129798889,0.04069069027900696
YDR131C,YLR164W,0,1.6369219,0.6075035929679871,0.6321321129798889,0.040840841829776764
YEL012W,YER171W,0,1.6359992,0.6066282391548157,0.6321321129798889,0.04099098965525627
YLR130C,YCL052C,0,1.6327169,0.6057553887367249,0.6321321129798889,0.04114114120602608
YOR363C,YJL210W,1,1.6318946,0.6063218116760254,0.6336336135864258,0.04114114120602608
YKR035W-A,YOR349W,0,1.6306365,0.6054519414901733,0.6336336135864258,0.04129129275679588
YHR012W,YMR296C,0,1.6284084,0.6045845150947571,0.6336336135864258,0.04144144058227539
YOR363C,YNL329C,1,1.6254032,0.6051502227783203,0.6351351141929626,0.04144144058227539
YGL174W,YCR002C,0,1.6249342,0.604285717010498,0.6351351141929626,0.0415915921330452
YPL112C,YGR004W,1,1.6235983,0.6048502326011658,0.6366366147994995,0.0415915921330452
YHR150W,YLR191W,1,1.6219859,0.6054130792617798,0.6381381154060364,0.0415915921330452
YPL007C,YKL189W,0,1.6207007,0.6045519113540649,0.6381381154060364,0.041741739958524704
YLR324W,YPR128C,1,1.618283,0.6051136255264282,0.6396396160125732,0.041741739958524704
YDL065C,YPL112C,1,1.6169767,0.6056737303733826,0.6411411166191101,0.041741739958524704
YLR289W,YNL107W,0,1.614553,0.6048158407211304,0.6411411166191101,0.04189189150929451
YDR244W,YGR133W,1,1.6135795,0.605374813079834,0.642642617225647,0.04189189150929451
YPL007C,YBL034C,0,1.6127168,0.604519784450531,0.642642617225647,0.042042043060064316
YJR040W,YJL095W,0,1.612344,0.603667140007019,0.642642617225647,0.04219219088554382
YNL192W,YNL284C,0,1.6116631,0.6028168797492981,0.642642617225647,0.04234234243631363
YGR077C,YOL147C,1,1.6104095,0.6033755540847778,0.6441441178321838,0.04234234243631363
YOR038C,YPL096W,0,1.6087909,0.6025280952453613,0.6441441178321838,0.042492493987083435
YIL139C,YLR025W,0,1.6054606,0.6016830205917358,0.6441441178321838,0.04264264181256294
YGL153W,YLR191W,1,1.6053412,0.6022409200668335,0.6456456184387207,0.04264264181256294
YDL227C,YCL057W,0,1.6027181,0.6013985872268677,0.6456456184387207,0.04279279336333275
YLR425W,YAR027W,0,1.6000676,0.6005586385726929,0.6456456184387207,0.042942941188812256
YNL329C,YHR150W,1,1.5968369,0.6011157631874084,0.6471471190452576,0.042942941188812256
YNL236W,YKL078W,0,1.5960197,0.6002785563468933,0.6471471190452576,0.04309309273958206
YAL051W,YKR001C,1,1.5958085,0.6008344888687134,0.6486486196517944,0.04309309273958206
YDR512C,YKR054C,0,1.5955064,0.6000000238418579,0.6486486196517944,0.04324324429035187
YKL197C,YDR142C,1,1.59374,0.6005547642707825,0.6501501798629761,0.04324324429035187
YKL041W,YJR101W,0,1.5933619,0.5997229814529419,0.6501501798629761,0.043393392115831375
YDR389W,YFL048C,0,1.5897443,0.5988935232162476,0.6501501798629761,0.04354354366660118
YBR155W,YPR160W,0,1.5891085,0.5980662703514099,0.6501501798629761,0.04369369521737099
YOR326W,YDR142C,1,1.5811979,0.5986207127571106,0.6516516804695129,0.04369369521737099
YBR294W,YOR123C,0,1.5748875,0.5977961421012878,0.6516516804695129,0.043843843042850494
YOR363C,YDR265W,1,1.5717666,0.598349392414093,0.6531531810760498,0.043843843042850494
YGR238C,YOR085W,0,1.5689081,0.5975274443626404,0.6531531810760498,0.0439939945936203
YLL003W,YDL216C,0,1.5686406,0.596707820892334,0.6531531810760498,0.04414414241909981
YOL155C,YMR025W,0,1.5682998,0.5958904027938843,0.6531531810760498,0.044294293969869614
YMR163C,YMR204C,1,1.5678725,0.596443235874176,0.6546546816825867,0.044294293969869614
YLR425W,YIL076W,0,1.5640757,0.5956284403800964,0.6546546816825867,0.04444444552063942
YLR191W,YPR002W,0,1.5580657,0.5948158502578735,0.6546546816825867,0.04459459334611893
YJR004C,YLR105C,0,1.5576603,0.5940054655075073,0.6546546816825867,0.04474474489688873
YDL065C,YGL153W,1,1.5568378,0.5945578217506409,0.6561561822891235,0.04474474489688873
YPL196W,YEL056W,0,1.5462356,0.59375,0.6561561822891235,0.04489489644765854
YGR246C,YDR218C,0,1.5461535,0.5929443836212158,0.6561561822891235,0.045045044273138046
YMR026C,YNL329C,1,1.5380546,0.5934959053993225,0.6576576828956604,0.045045044273138046
YJL155C,YPL208W,0,1.5364729,0.5926928520202637,0.6576576828956604,0.04519519582390785
YER150W,YNL070W,0,1.5334693,0.591891884803772,0.6576576828956604,0.04534534364938736
YDR378C,YOL104C,0,1.5318245,0.591093122959137,0.6576576828956604,0.045495495200157166
YNL026W,YDL097C,0,1.5277913,0.5902965068817139,0.6576576828956604,0.04564564675092697
YDL217C,YJL176C,0,1.516407,0.5895020365715027,0.6576576828956604,0.04579579457640648
YBR260C,YBR006W,0,1.5156322,0.5887096524238586,0.6576576828956604,0.045945946127176285
YDR499W,YER104W,0,1.5101476,0.5879194736480713,0.6576576828956604,0.04609609767794609
YOR327C,YJL176C,0,1.5071111,0.5871313810348511,0.6576576828956604,0.0462462455034256
YKL171W,YMR034C,0,1.5061479,0.586345374584198,0.6576576828956604,0.046396397054195404
YLR191W,YLR151C,0,1.5054773,0.5855615139007568,0.6576576828956604,0.04654654487967491
YIR011C,YOR311C,0,1.5040102,0.584779679775238,0.6576576828956604,0.04669669643044472
YCL004W,YDR229W,0,1.5036092,0.5839999914169312,0.6576576828956604,0.04684684798121452
YAL051W,YGR077C,1,1.5014066,0.5845539569854736,0.6591591835021973,0.04684684798121452
YML112W,YKL096W-A,0,1.5001419,0.583776593208313,0.6591591835021973,0.04699699580669403
YEL052W,YKL124W,0,1.499443,0.5830013155937195,0.6591591835021973,0.04714714735746384
YKL074C,YLR316C,0,1.498126,0.5822281241416931,0.6591591835021973,0.04729729890823364
YPR072W,YHR058C,0,1.4955881,0.5814569592475891,0.6591591835021973,0.04744744673371315
YOR326W,YMR204C,1,1.4913013,0.5820105671882629,0.6606606841087341,0.04744744673371315
YLR191W,YDR142C,1,1.4911387,0.5825627446174622,0.662162184715271,0.04744744673371315
YOR292C,YGL174W,0,1.488372,0.5817942023277283,0.662162184715271,0.047597598284482956
YJL210W,YGR133W,1,1.4837248,0.582345187664032,0.6636636853218079,0.047597598284482956
YKL007W,YAL029C,0,1.4837186,0.5815789699554443,0.6636636853218079,0.04774774610996246
YNL073W,YMR065W,0,1.4765608,0.5808147192001343,0.6636636853218079,0.04789789766073227
YHR211W,YJL194W,0,1.4764602,0.5800524950027466,0.6636636853218079,0.048048049211502075
YPR194C,YGR271W,0,1.474561,0.5792922377586365,0.6636636853218079,0.04819819703698158
YGR225W,YOL136C,0,1.4735439,0.5785340070724487,0.6636636853218079,0.04834834858775139
YGL115W,YGR077C,1,1.4719404,0.5790849924087524,0.6651651859283447,0.04834834858775139
YOR168W,YPL196W,0,1.4694506,0.5783289670944214,0.6651651859283447,0.048498500138521194
YBR278W,YPL110C,0,1.4671028,0.5775749683380127,0.6651651859283447,0.0486486479640007
YMR026C,YOL147C,1,1.4618349,0.578125,0.6666666865348816,0.0486486479640007
YNL127W,YHR059W,0,1.4614432,0.577373206615448,0.6666666865348816,0.04879879951477051
YOR074C,YDR151C,0,1.4606632,0.5766233801841736,0.6666666865348816,0.048948947340250015
YDR499W,YPL007C,0,1.4604402,0.575875461101532,0.6666666865348816,0.04909909889101982
YHR160C,YLR191W,1,1.4576713,0.5764248967170715,0.6681681871414185,0.04909909889101982
YMR241W,YOR180C,0,1.4550474,0.5756791830062866,0.6681681871414185,0.04924925044178963
YJL210W,YNL329C,1,1.4528246,0.5762273669242859,0.6696696877479553,0.04924925044178963
YDR265W,YMR026C,1,1.449162,0.5767741799354553,0.6711711883544922,0.04924925044178963
YGR239C,YNL214W,1,1.4490291,0.5773195624351501,0.672672688961029,0.04924925044178963
YDR131C,YGL174W,0,1.4442146,0.5765765905380249,0.672672688961029,0.049399398267269135
YER151C,YOR327C,0,1.442388,0.5758354663848877,0.672672688961029,0.04954954981803894
YDL197C,YLR390W,0,1.4376178,0.5750962495803833,0.672672688961029,0.049699701368808746
YDR473C,YDR392W,0,1.4368579,0.5743589997291565,0.672672688961029,0.049849849194288254
YER151C,YOL124C,0,1.436074,0.573623538017273,0.672672688961029,0.05000000074505806
YHR209W,YCR002C,0,1.4320185,0.572890043258667,0.672672688961029,0.05015014857053757
YLL040C,YDL045C,0,1.4297508,0.5721583366394043,0.672672688961029,0.05030030012130737
YNL121C,YOR180C,0,1.4291396,0.5714285969734192,0.672672688961029,0.05045045167207718
YNL214W,YGR133W,1,1.428438,0.571974515914917,0.6741741895675659,0.05045045167207718
YPL112C,YGL153W,1,1.4275405,0.572519063949585,0.6756756901741028,0.05045045167207718
YOR349W,YDR281C,0,1.423254,0.5717915892601013,0.6756756901741028,0.050600599497556686
YPL064C,YJR140C,0,1.420193,0.5710659623146057,0.6756756901741028,0.05075075104832649
YHR132C,YKL015W,0,1.4177928,0.5703421831130981,0.6756756901741028,0.0509009025990963
YPL122C,YJL004C,0,1.4171398,0.5696202516555786,0.6756756901741028,0.051051050424575806
YLR203C,YGL180W,0,1.4163685,0.5689001083374023,0.6756756901741028,0.05120120197534561
YOL147C,YDR244W,1,1.4139633,0.5694444179534912,0.6771771907806396,0.05120120197534561
YMR272C,YKR102W,0,1.4093702,0.5687263607978821,0.6771771907806396,0.05135134980082512
YMR019W,YGL259W,0,1.4063947,0.5680100917816162,0.6771771907806396,0.051501501351594925
YKL197C,YLR191W,1,1.4061334,0.5685534477233887,0.6786786913871765,0.051501501351594925
YKL013C,YDR497C,0,1.4051484,0.5678392052650452,0.6786786913871765,0.05165165290236473
YPR128C,YOR326W,1,1.4045037,0.5683814287185669,0.6801801919937134,0.05165165290236473
YKL170W,YFR031C,0,1.4018979,0.567669153213501,0.6801801919937134,0.05180180072784424
YHR029C,YPL065W,0,1.3999364,0.5669587254524231,0.6801801919937134,0.051951952278614044
YCR030C,YMR284W,0,1.3988215,0.5662500262260437,0.6801801919937134,0.05210210382938385
YIR004W,YGL153W,1,1.3965545,0.5667915344238281,0.6816816926002502,0.05210210382938385
YKR055W,YNL274C,0,1.3962891,0.5660848021507263,0.6816816926002502,0.05225225165486336
YGR169C,YEL030W,0,1.3956338,0.565379798412323,0.6816816926002502,0.05240240320563316
YJR021C,YMR115W,0,1.3924447,0.5646766424179077,0.6816816926002502,0.05255255103111267
YDR512C,YNL006W,0,1.3919585,0.5639751553535461,0.6816816926002502,0.05270270258188248
YJR005W,YPL218W,0,1.3903184,0.5632754564285278,0.6816816926002502,0.05285285413265228
YLR295C,YGL163C,0,1.3878722,0.5625774264335632,0.6816816926002502,0.05300300195813179
YOR363C,YKL197C,1,1.3870602,0.5631188154220581,0.6831831932067871,0.05300300195813179
YBR081C,YER190W,0,1.3819493,0.5624227523803711,0.6831831932067871,0.053153153508901596
YEL062W,YJR130C,0,1.3740389,0.5617284178733826,0.6831831932067871,0.0533033050596714
YMR172W,YGR222W,0,1.3720067,0.5610357522964478,0.6831831932067871,0.05345345288515091
YPL064C,YJR103W,0,1.3685327,0.5603448152542114,0.6831831932067871,0.053603604435920715
YOR138C,YNL284C,0,1.3647693,0.5596556067466736,0.6831831932067871,0.05375375226140022
YPL200W,YJR032W,0,1.3645897,0.5589680671691895,0.6831831932067871,0.05390390381217003
YGR239C,YOR326W,1,1.3630915,0.5595092177391052,0.684684693813324,0.05390390381217003
YPR030W,YNR072W,0,1.3600107,0.5588235259056091,0.684684693813324,0.054054055362939835
YCR011C,YBL068W,0,1.3538458,0.5581395626068115,0.684684693813324,0.05420420318841934
YMR026C,YGR133W,1,1.3522804,0.5586796998977661,0.6861861944198608,0.05420420318841934
YBR260C,YMR145C,0,1.3503991,0.5579975843429565,0.6861861944198608,0.05435435473918915
YDR059C,YBL079W,0,1.3495824,0.5573170781135559,0.6861861944198608,0.054504506289958954
YML049C,YCR026C,0,1.346229,0.556638240814209,0.6861861944198608,0.05465465411543846
YMR077C,YKL201C,0,1.3456693,0.5559610724449158,0.6861861944198608,0.05480480566620827
YIL143C,YLR329W,0,1.3431451,0.5552855134010315,0.6861861944198608,0.054954953491687775
YLR107W,YGR020C,0,1.3427384,0.5546116232872009,0.6861861944198608,0.05510510504245758
YPR024W,YOR216C,0,1.3425004,0.5539394021034241,0.6861861944198608,0.055255256593227386
YMR089C,YDR498C,0,1.337991,0.5532687902450562,0.6861861944198608,0.055405404418706894
YFR013W,YHR079C,0,1.3363178,0.5525997877120972,0.6861861944198608,0.0555555559694767
YGR239C,YLR324W,1,1.3360231,0.5531401038169861,0.6876876950263977,0.0555555559694767
YJL210W,YGL153W,1,1.3303759,0.5536791086196899,0.6891891956329346,0.0555555559694767
YBR006W,YOR324C,0,1.3295057,0.5530120730400085,0.6891891956329346,0.055705707520246506
YJR051W,YLL061W,0,1.3276489,0.5523465871810913,0.6891891956329346,0.05585585534572601
YDR244W,YAL055W,1,1.3265982,0.5528846383094788,0.6906906962394714,0.05585585534572601
YDR411C,YDL197C,0,1.3261476,0.55222088098526,0.6906906962394714,0.05600600689649582
YOR193W,YHR160C,1,1.3261118,0.5527577996253967,0.6921921968460083,0.05600600689649582
YGR225W,YJR147W,0,1.3228168,0.5520958304405212,0.6921921968460083,0.05615615472197533
YKL197C,YKR001C,1,1.3224355,0.5526315569877625,0.6936936974525452,0.05615615472197533
YDL128W,YDL170W,0,1.3169165,0.5519713163375854,0.6936936974525452,0.05630630627274513
YMR039C,YMR075W,0,1.3163562,0.5513126254081726,0.6936936974525452,0.05645645782351494
YPL027W,YJL176C,0,1.3104949,0.5506555438041687,0.6936936974525452,0.056606605648994446
YKL171W,YDR240C,0,1.3058498,0.550000011920929,0.6936936974525452,0.05675675719976425
YLR289W,YPR191W,0,1.3043592,0.5493460297584534,0.6936936974525452,0.05690690875053406
YPL002C,YGL212W,0,1.303103,0.5486935973167419,0.6936936974525452,0.057057056576013565
YOR212W,YER104W,0,1.2963172,0.5480427145957947,0.6936936974525452,0.05720720812678337
YER151C,YER087C-B,0,1.2960901,0.5473933815956116,0.6936936974525452,0.05735735595226288
YJR005W,YHR058C,0,1.2949281,0.5467455387115479,0.6936936974525452,0.057507507503032684
YIR004W,YDR142C,1,1.2909268,0.5472813248634338,0.695195198059082,0.057507507503032684
YPR072W,YKR002W,0,1.2906091,0.5466352105140686,0.695195198059082,0.05765765905380249
YPR002W,YOR261C,0,1.2895432,0.5459905862808228,0.695195198059082,0.057807806879282
YBR125C,YJL178C,0,1.2884562,0.5453474521636963,0.695195198059082,0.057957958430051804
YHR150W,YMR204C,1,1.2848213,0.5458823442459106,0.6966966986656189,0.057957958430051804
YGL115W,YKL197C,1,1.2785051,0.5464159846305847,0.6981981992721558,0.057957958430051804
YPL122C,YKL094W,0,1.2779319,0.5457746386528015,0.6981981992721558,0.05810810625553131
YOR301W,YNR002C,0,1.2728822,0.5451348423957825,0.6981981992721558,0.05825825780630112
YDR403W,YDR062W,0,1.2714841,0.544496476650238,0.6981981992721558,0.05840840935707092
YIL143C,YKL020C,0,1.2682462,0.5438596606254578,0.6981981992721558,0.05855855718255043
YDL045W-A,YNL262W,0,1.2672539,0.5432242751121521,0.6981981992721558,0.058708708733320236
YBR125C,YDL015C,0,1.2575951,0.5425904393196106,0.6981981992721558,0.05885886028409004
YEL012W,YOR099W,0,1.257381,0.5419580340385437,0.6981981992721558,0.05900900810956955
YOR193W,YOR084W,1,1.253194,0.5424912571907043,0.6996996998786926,0.05900900810956955
YOR194C,YMR159C,0,1.2513909,0.5418604612350464,0.6996996998786926,0.059159159660339355
YAL054C,YHR082C,0,1.250555,0.5412311553955078,0.6996996998786926,0.05930930748581886
YOR084W,YGR077C,1,1.249539,0.5417633652687073,0.7012012004852295,0.05930930748581886
YPL200W,YMR115W,0,1.2472894,0.5411355495452881,0.7012012004852295,0.05945945903658867
YDR244W,YDR142C,1,1.2471316,0.5416666865348816,0.7027027010917664,0.05945945903658867
YLR264W,YPL096W,0,1.2374494,0.5410404801368713,0.7027027010917664,0.059609610587358475
YDR195W,YGL163C,0,1.2337942,0.5404157042503357,0.7027027010917664,0.05975975841283798
YLR025W,YPR133W-A,0,1.2332113,0.5397923588752747,0.7027027010917664,0.05990990996360779
YBR222C,YLL040C,0,1.2323446,0.539170503616333,0.7027027010917664,0.060060061514377594
YBR006W,YDL202W,0,1.230425,0.538550078868866,0.7027027010917664,0.0602102093398571
YNR031C,YGL212W,0,1.2277923,0.5379310250282288,0.7027027010917664,0.06036036089062691
YNL273W,YER115C,0,1.227716,0.5373134613037109,0.7027027010917664,0.060510508716106415
YLR395C,YGL244W,0,1.2272131,0.536697268486023,0.7027027010917664,0.06066066026687622
YDR460W,YJL214W,0,1.2269721,0.5360824465751648,0.7027027010917664,0.06081081181764603
YHL034C,YDR140W,0,1.226124,0.535469114780426,0.7027027010917664,0.060960959643125534
YNL283C,YMR115W,0,1.2254446,0.5348571538925171,0.7027027010917664,0.06111111119389534
YDL111C,YMR210W,0,1.2229962,0.534246563911438,0.7027027010917664,0.061261262744665146
YMR026C,YLR191W,1,1.2212946,0.5347776412963867,0.7042042016983032,0.061261262744665146
YGR239C,YDR329C,1,1.2202407,0.5353075265884399,0.7057057023048401,0.061261262744665146
YPL223C,YOL102C,0,1.2201291,0.5346985459327698,0.7057057023048401,0.06141141057014465
YOR363C,YHR160C,1,1.2174826,0.5352272987365723,0.707207202911377,0.06141141057014465
YOR106W,YDL070W,0,1.2172022,0.5346197485923767,0.707207202911377,0.06156156212091446
YER049W,YCL057W,0,1.2143838,0.5340136289596558,0.707207202911377,0.06171170994639397
YGR077C,YDR244W,1,1.2140274,0.5345413088798523,0.7087087035179138,0.06171170994639397
YDR453C,YNL138W,0,1.213063,0.5339366793632507,0.7087087035179138,0.06186186149716377
YLR401C,YPL196W,0,1.2125973,0.5333333611488342,0.7087087035179138,0.06201201304793358
YPR187W,YCL057W,0,1.2085662,0.5327313542366028,0.7087087035179138,0.062162160873413086
YBR128C,YPR133W-A,0,1.2081347,0.532130777835846,0.7087087035179138,0.06231231242418289
YLR025W,YMR296C,0,1.206051,0.5315315127372742,0.7087087035179138,0.0624624639749527
YPL112C,YMR204C,1,1.2038548,0.5320584774017334,0.7102102041244507,0.0624624639749527
YJL005W,YPL129W,0,1.2033532,0.531460702419281,0.7102102041244507,0.0626126155257225
YNL214W,YJL210W,1,1.2022842,0.5319865345954895,0.7117117047309875,0.0626126155257225
YJL030W,YMR034C,0,1.1993088,0.5313901305198669,0.7117117047309875,0.06276275962591171
YMR145C,YPL183W-A,0,1.1982648,0.5307950973510742,0.7117117047309875,0.06291291117668152
YDR030C,YMR065W,0,1.1976752,0.5302013158798218,0.7117117047309875,0.06306306272745132
YIL002C,YJL124C,0,1.1971477,0.529608964920044,0.7117117047309875,0.06321321427822113
YOR148C,YPR001W,0,1.1926692,0.5290178656578064,0.7117117047309875,0.06336336582899094
YHR160C,YDR244W,1,1.1915433,0.5295429229736328,0.7132132053375244,0.06336336582899094
YHR029C,YMR025W,0,1.1911303,0.5289532542228699,0.7132132053375244,0.06351350992918015
YGR036C,YLR440C,0,1.190168,0.5283648371696472,0.7132132053375244,0.06366366147994995
YDR254W,YBR129C,0,1.1894586,0.5277777910232544,0.7132132053375244,0.06381381303071976
YDR494W,YLR016C,0,1.1871095,0.5271919965744019,0.7132132053375244,0.06396396458148956
YLR183C,YOL062C,0,1.1826949,0.5266075134277344,0.7132132053375244,0.06411411613225937
YDL202W,YNL262W,0,1.1822397,0.526024341583252,0.7132132053375244,0.06426426768302917
YMR168C,YPR111W,0,1.1752489,0.5254424810409546,0.7132132053375244,0.06441441178321838
YMR013C,YLL002W,0,1.1708552,0.5248618721961975,0.7132132053375244,0.06456456333398819
YOR084W,YDR216W,1,1.1669015,0.5253863334655762,0.7147147059440613,0.06456456333398819
YJL112W,YJL103C,0,1.1659917,0.5248070359230042,0.7147147059440613,0.064714714884758
YIL002C,YKL190W,0,1.1657414,0.5242290496826172,0.7147147059440613,0.0648648664355278
YOR388C,YER101C,0,1.1649497,0.5236523747444153,0.7147147059440613,0.06501501798629761
YOL147C,YLR191W,1,1.1647419,0.5241758227348328,0.7162162065505981,0.06501501798629761
YHR058C,YLR330W,0,1.1643971,0.5236004590988159,0.7162162065505981,0.06516516208648682
YAL051W,YDR216W,1,1.1643878,0.5241228342056274,0.717717707157135,0.06516516208648682
YOL044W,YLR191W,1,1.1633432,0.5246440172195435,0.7192192077636719,0.06516516208648682
YMR319C,YIR018W,0,1.1602226,0.5240700244903564,0.7192192077636719,0.06531531363725662
YPR072W,YBR170C,0,1.1582267,0.5234972834587097,0.7192192077636719,0.06546546518802643
YKL197C,YPL112C,1,1.1564224,0.5240174531936646,0.7207207083702087,0.06546546518802643
YPL200W,YMR213W,0,1.153099,0.5234460234642029,0.7207207083702087,0.06561561673879623
YLR452C,YKR069W,0,1.1525437,0.5228758454322815,0.7207207083702087,0.06576576828956604
YIR004W,YJL210W,1,1.1517977,0.5233950018882751,0.7222222089767456,0.06576576828956604
YPR024W,YPR030W,0,1.1499453,0.522826075553894,0.7222222089767456,0.06591591238975525
YOL129W,YLR165C,0,1.1490152,0.5222584009170532,0.7222222089767456,0.06606606394052505
YJL112W,YJL030W,0,1.1468772,0.5216919779777527,0.7222222089767456,0.06621621549129486
YFR021W,YLR005W,0,1.1453782,0.5211267471313477,0.7222222089767456,0.06636636704206467
YMR203W,YEL070W,0,1.14326,0.5205627679824829,0.7222222089767456,0.06651651859283447
YDR263C,YGL174W,0,1.1421398,0.5199999809265137,0.7222222089767456,0.06666667014360428
YNL172W,YGR199W,0,1.141501,0.5194384455680847,0.7222222089767456,0.06681681424379349
YNL008C,YJL095W,0,1.137311,0.5188781023025513,0.7222222089767456,0.0669669657945633
YFL038C,YIL132C,0,1.1366539,0.5183189511299133,0.7222222089767456,0.0671171173453331
YOL044W,YPL112C,1,1.1364547,0.5188374519348145,0.7237237095832825,0.0671171173453331
YGL153W,YAL055W,1,1.1361845,0.5193548202514648,0.7252252101898193,0.0671171173453331
YGL115W,YDR244W,1,1.1361716,0.5198711156845093,0.7267267107963562,0.0671171173453331
YAL051W,YGR239C,1,1.1360275,0.520386278629303,0.7282282114028931,0.0671171173453331
YGL153W,YMR204C,1,1.1359249,0.520900309085846,0.7297297120094299,0.0671171173453331
YOR193W,YOR363C,1,1.1325549,0.521413266658783,0.7312312126159668,0.0671171173453331
YBR020W,YCL034W,0,1.1313915,0.5208556056022644,0.7312312126159668,0.0672672688961029
YPL112C,YDR329C,1,1.1307057,0.5213675498962402,0.7327327132225037,0.0672672688961029
YGR221C,YBR278W,0,1.1264081,0.5208110809326172,0.7327327132225037,0.06741742044687271
YMR300C,YOR311C,0,1.1237502,0.5202558636665344,0.7327327132225037,0.06756756454706192
YDR030C,YKR006C,0,1.1228721,0.5197018384933472,0.7327327132225037,0.06771771609783173
YGL115W,YBR168W,1,1.1225092,0.5202127695083618,0.7342342138290405,0.06771771609783173
YMR163C,YDR142C,1,1.1180384,0.5207226276397705,0.7357357144355774,0.06771771609783173
YLR191W,YAL055W,1,1.1179712,0.5212314128875732,0.7372372150421143,0.06771771609783173
YNL073W,YDL024C,0,1.1067054,0.520678699016571,0.7372372150421143,0.06786786764860153
YDR205W,YBL034C,0,1.1062437,0.5201271176338196,0.7372372150421143,0.06801801919937134
YBR168W,YAL055W,1,1.1033883,0.5206349492073059,0.7387387156486511,0.06801801919937134
YBR081C,YOR142W,0,1.1028067,0.52008455991745,0.7387387156486511,0.06816817075014114
YMR176W,YKL003C,0,1.1009912,0.5195353627204895,0.7387387156486511,0.06831831485033035
YGR113W,YOL108C,0,1.1006622,0.5189873576164246,0.7387387156486511,0.06846846640110016
YIR004W,YPL112C,1,1.1005257,0.5194941759109497,0.740240216255188,0.06846846640110016
YAL051W,YOR193W,1,1.0987582,0.5199999809265137,0.7417417168617249,0.06846846640110016
YOR353C,YHR168W,0,1.0979972,0.519453227519989,0.7417417168617249,0.06861861795186996
YER162C,YKL124W,0,1.0968407,0.5189075469970703,0.7417417168617249,0.06876876950263977
YJR138W,YDL078C,0,1.0966834,0.5183630585670471,0.7417417168617249,0.06891892105340958
YEL052W,YPL223C,0,1.0930587,0.5178197026252747,0.7417417168617249,0.06906907260417938
YJL085W,YER087C-B,0,1.0921671,0.5172774791717529,0.7417417168617249,0.06921921670436859
YLR401C,YCL057W,0,1.0909321,0.5167363882064819,0.7417417168617249,0.0693693682551384
YHR156C,YFL017W-A,0,1.0906973,0.5161964297294617,0.7417417168617249,0.0695195198059082
YHR060W,YBR222C,0,1.086359,0.5156576037406921,0.7417417168617249,0.06966967135667801
YLR107W,YDR173C,0,1.0850649,0.5151199102401733,0.7417417168617249,0.06981982290744781
YDR244W,YGL153W,1,1.0841796,0.515625,0.7432432174682617,0.06981982290744781
YGL233W,YMR115W,0,1.0839934,0.5150884389877319,0.7432432174682617,0.06996996700763702
YCL014W,YKL124W,0,1.0821172,0.5145530104637146,0.7432432174682617,0.07012011855840683
YPR128C,YHR150W,1,1.0801342,0.5150570869445801,0.7447447180747986,0.07012011855840683
YJR006W,YDR207C,0,1.0785255,0.5145228505134583,0.7447447180747986,0.07027027010917664
YGL183C,YML109W,0,1.0782642,0.5139896273612976,0.7447447180747986,0.07042042165994644
YOR038C,YHR008C,0,1.0761309,0.5134575366973877,0.7447447180747986,0.07057057321071625
YOR363C,YDR244W,1,1.0742152,0.5139607191085815,0.7462462186813354,0.07057057321071625
YDR205W,YEL070W,0,1.0713071,0.5134297609329224,0.7462462186813354,0.07072071731090546
YDR296W,YGR012W,0,1.0703855,0.5128998756408691,0.7462462186813354,0.07087086886167526
YAL022C,YPR002W,0,1.0689044,0.5123711228370667,0.7462462186813354,0.07102102041244507
YDL179W,YMR097C,0,1.0668799,0.5118434429168701,0.7462462186813354,0.07117117196321487
YPR182W,YIL002C,0,1.0659074,0.5113168954849243,0.7462462186813354,0.07132132351398468
YIL002C,YAL060W,0,1.0649049,0.5107913613319397,0.7462462186813354,0.07147147506475449
YER125W,YOR377W,0,1.0619706,0.5102669596672058,0.7462462186813354,0.0716216191649437
YBR150C,YGL212W,0,1.0582762,0.5097435712814331,0.7462462186813354,0.0717717707157135
YKL007W,YNL138W,0,1.0581225,0.5092213153839111,0.7462462186813354,0.0719219222664833
YMR026C,YGR077C,1,1.0568159,0.5097236633300781,0.7477477192878723,0.0719219222664833
YEL030W,YLR163C,0,1.056588,0.5092024803161621,0.7477477192878723,0.07207207381725311
YIR005W,YMR075W,0,1.0555829,0.5086823105812073,0.7477477192878723,0.07222222536802292
YMR097C,YMR273C,0,1.0543127,0.5081632733345032,0.7477477192878723,0.07237236946821213
YJR119C,YBR128C,0,1.0527964,0.5076452493667603,0.7477477192878723,0.07252252101898193
YLL043W,YBR173C,0,1.0502369,0.5071282982826233,0.7477477192878723,0.07267267256975174
YOR261C,YLR350W,0,1.0495286,0.5066124200820923,0.7477477192878723,0.07282282412052155
YOR193W,YGR004W,1,1.044008,0.5071138143539429,0.7492492198944092,0.07282282412052155
YKL197C,YDR216W,1,1.0431302,0.5076141953468323,0.7507507801055908,0.07282282412052155
YOR193W,YDR265W,1,1.0415816,0.5081135630607605,0.7522522807121277,0.07282282412052155
YIL094C,YOL108C,0,1.0409279,0.5075987577438354,0.7522522807121277,0.07297297567129135
YOR292C,YLL012W,0,1.040722,0.5070850253105164,0.7522522807121277,0.07312311977148056
YJL210W,YAL055W,1,1.0404594,0.5075834393501282,0.7537537813186646,0.07312311977148056
YNL208W,YDR508C,0,1.0399766,0.5070707201957703,0.7537537813186646,0.07327327132225037
YKL175W,YJR130C,0,1.0390607,0.5065590143203735,0.7537537813186646,0.07342342287302017
YBR223C,YOR187W,0,1.037314,0.5060483813285828,0.7537537813186646,0.07357357442378998
YDR076W,YDL078C,0,1.0372009,0.5055387616157532,0.7537537813186646,0.07372372597455978
YOR212W,YER151C,0,1.033207,0.5050301551818848,0.7537537813186646,0.07387387752532959
YIR004W,YDR244W,1,1.0327145,0.5055276155471802,0.7552552819252014,0.07387387752532959
YHR074W,YOL151W,0,1.032057,0.5050200819969177,0.7552552819252014,0.0740240216255188
YDR244W,YLR191W,1,1.030772,0.505516529083252,0.7567567825317383,0.0740240216255188
YNL117W,YPL196W,0,1.0267915,0.5050100088119507,0.7567567825317383,0.0741741731762886
YNL214W,YPL112C,1,1.0254667,0.5055055022239685,0.7582582831382751,0.0741741731762886
YPL002C,YKL003C,0,1.0236068,0.5049999952316284,0.7582582831382751,0.07432432472705841
YLR324W,YGR077C,1,1.0224645,0.5054945349693298,0.759759783744812,0.07432432472705841
YDR498C,YDR332W,0,1.0187769,0.5049900412559509,0.759759783744812,0.07447447627782822
YJL030W,YGL071W,0,1.018127,0.5044865608215332,0.759759783744812,0.07462462782859802
YNL223W,YGL004C,0,1.0167392,0.5039840340614319,0.759759783744812,0.07477477192878723
YER017C,YLR440C,0,1.016529,0.5034825801849365,0.759759783744812,0.07492492347955704
YOL124C,YCL052C,0,1.0159597,0.5029820799827576,0.759759783744812,0.07507507503032684
YKL174C,YDL077C,0,1.0152768,0.5024825930595398,0.759759783744812,0.07522522658109665
YML112W,YOR311C,0,1.014707,0.5019841194152832,0.759759783744812,0.07537537813186646
YOR193W,YOR326W,1,1.0136938,0.5024777054786682,0.7612612843513489,0.07537537813186646
YLR206W,YOR187W,0,1.0130749,0.501980185508728,0.7612612843513489,0.07552552223205566
YKR008W,YER052C,0,1.0112531,0.501483678817749,0.7612612843513489,0.07567567378282547
YHR002W,YNL026W,0,1.01078,0.5009881258010864,0.7612612843513489,0.07582582533359528
YMR163C,YGR004W,1,1.0098593,0.501480758190155,0.7627627849578857,0.07582582533359528
YOR145C,YPR127W,0,1.0094453,0.5009862184524536,0.7627627849578857,0.07597597688436508
YMR168C,YDL029W,0,1.0089872,0.5004926323890686,0.7627627849578857,0.07612612843513489
YDR240C,YPL007C,0,1.0058558,0.5,0.7627627849578857,0.0762762799859047
YGL094C,YDR373W,0,1.0019413,0.4995083510875702,0.7627627849578857,0.0764264240860939
YNL304W,YGL004C,0,0.9995017,0.4990176856517792,0.7627627849578857,0.07657657563686371
YPL127C,YOR138C,0,0.99831206,0.49852797389030457,0.7627627849578857,0.07672672718763351
YKR054C,YEL036C,0,0.9925965,0.49803921580314636,0.7627627849578857,0.07687687873840332
YMR276W,YDR205W,0,0.99230325,0.49755141139030457,0.7627627849578857,0.07702703028917313
YJL053W,YDR195W,0,0.9917011,0.49706459045410156,0.7627627849578857,0.07717717438936234
YBR223C,YDR457W,0,0.9870943,0.4965786933898926,0.7627627849578857,0.07732732594013214
YOL044W,YGR133W,1,0.9870559,0.4970703125,0.7642642855644226,0.07732732594013214
YMR284W,YKL053C-A,0,0.98421556,0.4965853691101074,0.7642642855644226,0.07747747749090195
YGL115W,YOR193W,1,0.98420393,0.49707603454589844,0.7657657861709595,0.07747747749090195
YLR005W,YKL168C,0,0.98161995,0.4965920150279999,0.7657657861709595,0.07762762904167175
YDL107W,YDL028C,0,0.98108584,0.4961089491844177,0.7657657861709595,0.07777778059244156
YPL112C,YDR142C,1,0.97490466,0.49659863114356995,0.7672672867774963,0.07777778059244156
YPR196W,YBR129C,0,0.9738318,0.4961165189743042,0.7672672867774963,0.07792792469263077
YNR028W,YBL034C,0,0.97373223,0.4956353008747101,0.7672672867774963,0.07807807624340057
YIL143C,YIL095W,0,0.97209054,0.4951550364494324,0.7672672867774963,0.07822822779417038
YDL024C,YLR350W,0,0.97062373,0.4946756958961487,0.7672672867774963,0.07837837934494019
YOL112W,YPL112C,0,0.96980083,0.494197279214859,0.7672672867774963,0.07852853089570999
YKL197C,YOR326W,1,0.96810246,0.49468597769737244,0.7687687873840332,0.07852853089570999
YPL259C,YJL117W,0,0.9668694,0.4942084848880768,0.7687687873840332,0.0786786749958992
YGL180W,YGR070W,0,0.95915616,0.49373191595077515,0.7687687873840332,0.078828826546669
YGR288W,YOL054W,0,0.9572761,0.49325627088546753,0.7687687873840332,0.07897897809743881
YJL060W,YBL092W,0,0.9547547,0.49278151988983154,0.7687687873840332,0.07912912964820862
YDR263C,YNL026W,0,0.95430446,0.4923076927661896,0.7687687873840332,0.07927928119897842
YGR077C,YDR142C,1,0.9541936,0.4927953779697418,0.7702702879905701,0.07927928119897842
YDR530C,YMR200W,0,0.95294046,0.4923224449157715,0.7702702879905701,0.07942943274974823
YNL202W,YOR351C,0,0.94866145,0.49185043573379517,0.7702702879905701,0.07957957684993744
YDL065C,YDR265W,1,0.94285214,0.492337167263031,0.7717717885971069,0.07957957684993744
YKL119C,YGR171C,0,0.94225144,0.49186602234840393,0.7717717885971069,0.07972972840070724
YDR423C,YDL225W,0,0.94195855,0.4913958013057709,0.7717717885971069,0.07987987995147705
YMR319C,YDL208W,0,0.94188464,0.49092644453048706,0.7717717885971069,0.08003003150224686
YNR031C,YBR223C,0,0.94078726,0.49045801162719727,0.7717717885971069,0.08018018305301666
YJR036C,YGL050W,0,0.9380669,0.4899904727935791,0.7717717885971069,0.08033032715320587
YPL151C,YBL034C,0,0.9345082,0.4895237982273102,0.7717717885971069,0.08048047870397568
YBR042C,YOR353C,0,0.92874354,0.4890580475330353,0.7717717885971069,0.08063063025474548
YIL142W,YBR150C,0,0.9275392,0.4885931611061096,0.7717717885971069,0.08078078180551529
YML099C,YJL134W,0,0.9273229,0.4881291687488556,0.7717717885971069,0.0809309333562851
YLR295C,YOR126C,0,0.9247281,0.4876660406589508,0.7717717885971069,0.0810810774564743
YMR176W,YHR058C,0,0.9194255,0.48720377683639526,0.7717717885971069,0.08123122900724411
YGL183C,YLR026C,0,0.91869295,0.48674243688583374,0.7717717885971069,0.08138138055801392
YDL197C,YJL128C,0,0.9156476,0.4862819314002991,0.7717717885971069,0.08153153210878372
YDR454C,YNR013C,0,0.91401285,0.48582231998443604,0.7717717885971069,0.08168168365955353
YIL006W,YLR390W,0,0.90991104,0.48536354303359985,0.7717717885971069,0.08183183521032333
YIR025W,YGL174W,0,0.9092537,0.4849056601524353,0.7717717885971069,0.08198197931051254
YER185W,YOR292C,0,0.909116,0.48444864153862,0.7717717885971069,0.08213213086128235
YDR383C,YKL171W,0,0.9058211,0.48399245738983154,0.7717717885971069,0.08228228241205215
YEL052W,YCL052C,0,0.90259767,0.4835371673107147,0.7717717885971069,0.08243243396282196
YGR225W,YDR285W,0,0.8982266,0.48308271169662476,0.7717717885971069,0.08258258551359177
YDR076W,YPL240C,0,0.8966554,0.48262912034988403,0.7717717885971069,0.08273272961378098
YFR033C,YKL124W,0,0.89608264,0.48217636346817017,0.7717717885971069,0.08288288116455078
YDR079W,YAR035W,0,0.8955632,0.48172447085380554,0.7717717885971069,0.08303303271532059
YPL167C,YPL196W,0,0.8942835,0.4812734127044678,0.7717717885971069,0.0831831842660904
YPR024W,YJL079C,0,0.8936378,0.48082318902015686,0.7717717885971069,0.0833333358168602
YCR093W,YJR040W,0,0.890484,0.4803738296031952,0.7717717885971069,0.08348347991704941
YPR189W,YJR107W,0,0.89005053,0.4799253046512604,0.7717717885971069,0.08363363146781921
YGR077C,YAL055W,1,0.8887005,0.48041045665740967,0.7732732892036438,0.08363363146781921
YKL190W,YGL180W,0,0.88868445,0.47996270656585693,0.7732732892036438,0.08378378301858902
YNL153C,YIL159W,0,0.88688445,0.47951582074165344,0.7732732892036438,0.08393393456935883
YOR106W,YMR210W,0,0.88566077,0.4790697693824768,0.7732732892036438,0.08408408612012863
YJR021C,YDR138W,0,0.88455373,0.47862452268600464,0.7732732892036438,0.08423423767089844
YIL139C,YKL001C,0,0.8839878,0.4781801402568817,0.7732732892036438,0.08438438177108765
YOR219C,YGL226C-A,0,0.88181853,0.47773656249046326,0.7732732892036438,0.08453453332185745
YLR025W,YKL189W,0,0.8813751,0.47729378938674927,0.7732732892036438,0.08468468487262726
YOR340C,YOR085W,0,0.8804854,0.47685185074806213,0.7732732892036438,0.08483483642339706
YDL246C,YJL176C,0,0.8765601,0.47641071677207947,0.7732732892036438,0.08498498797416687
YLR165C,YKR035W-A,0,0.8724491,0.47597041726112366,0.7732732892036438,0.08513513207435608
YOR106W,YFL054C,0,0.87228465,0.4755309224128723,0.7732732892036438,0.08528528362512589
YBR125C,YDR164C,0,0.86882997,0.4750922620296478,0.7732732892036438,0.08543543517589569
YJR103W,YHR057C,0,0.86835223,0.4746543765068054,0.7732732892036438,0.0855855867266655
YIL020C,YGL216W,0,0.86545646,0.47421732544898987,0.7732732892036438,0.0857357382774353
YGR070W,YBR281C,0,0.86532253,0.4737810492515564,0.7732732892036438,0.08588588237762451
YIL142W,YFR036W,0,0.8636051,0.4733455777168274,0.7732732892036438,0.08603603392839432
YDR205W,YDR131C,0,0.8633584,0.47291094064712524,0.7732732892036438,0.08618618547916412
YJL004C,YMR267W,0,0.8589152,0.4724770784378052,0.7732732892036438,0.08633633702993393
YGR112W,YNL026W,0,0.8565656,0.4720439910888672,0.7732732892036438,0.08648648858070374
YKR066C,YBL052C,0,0.85587114,0.47161170840263367,0.7732732892036438,0.08663664013147354
YJL112W,YNL044W,0,0.8554056,0.4711802303791046,0.7732732892036438,0.08678678423166275
YDR164C,YDL045C,0,0.85149306,0.47074955701828003,0.7732732892036438,0.08693693578243256
YNL102W,YBR128C,0,0.85068,0.47031962871551514,0.7732732892036438,0.08708708733320236
YMR026C,YHR150W,1,0.8479607,0.4708029329776764,0.7747747898101807,0.08708708733320236
YFR029W,YFL054C,0,0.84666145,0.4703737497329712,0.7747747898101807,0.08723723888397217
YKR020W,YGL236C,0,0.84387606,0.46994534134864807,0.7747747898101807,0.08738739043474197
YLR330W,YJR103W,0,0.84378004,0.4695177376270294,0.7747747898101807,0.08753753453493118
YGL115W,YKR001C,1,0.8436698,0.4699999988079071,0.7762762904167175,0.08753753453493118
YKR071C,YDL045W-A,0,0.8427291,0.46957311034202576,0.7762762904167175,0.08768768608570099
YOR193W,YPL112C,1,0.8413472,0.4700544476509094,0.7777777910232544,0.08768768608570099
YLR394W,YJR083C,0,0.84019786,0.4696282744407654,0.7777777910232544,0.0878378376364708
YOR071C,YBR155W,0,0.839924,0.4692029058933258,0.7777777910232544,0.0879879891872406
YER050C,YBR275C,0,0.8396573,0.4687782824039459,0.7777777910232544,0.0881381407380104
YPL042C,YKL085W,0,0.83857036,0.4683544337749481,0.7777777910232544,0.08828828483819962
YFR029W,YBR230C,0,0.8381585,0.4679313600063324,0.7777777910232544,0.08843843638896942
YGR081C,YFL033C,0,0.83760417,0.46750903129577637,0.7777777910232544,0.08858858793973923
YHR047C,YOL038W,0,0.83748925,0.4670874774456024,0.7777777910232544,0.08873873949050903
YPL078C,YGR239C,0,0.83705205,0.46666666865348816,0.7777777910232544,0.08888889104127884
YGL094C,YGL122C,0,0.8348036,0.466246634721756,0.7777777910232544,0.08903904259204865
YMR218C,YKR026C,0,0.8339051,0.4658273458480835,0.7777777910232544,0.08918918669223785
YMR032W,YNL208W,0,0.8337789,0.4654088020324707,0.7777777910232544,0.08933933824300766
YFR029W,YDR337W,0,0.8324959,0.46499103307724,0.7777777910232544,0.08948948979377747
YOR279C,YPL147W,0,0.83096325,0.4645739793777466,0.7777777910232544,0.08963964134454727
YMR077C,YDL202W,0,0.82834345,0.46415770053863525,0.7777777910232544,0.08978979289531708
YPR111W,YPL007C,0,0.82717323,0.4637421667575836,0.7777777910232544,0.08993993699550629
YHR077C,YLR251W,0,0.8249353,0.4633273780345917,0.7777777910232544,0.09009008854627609
YGL226C-A,YDL077C,0,0.8245269,0.46291330456733704,0.7777777910232544,0.0902402400970459
YGR077C,YKR001C,1,0.82451594,0.46339285373687744,0.7792792916297913,0.0902402400970459
YDL216C,YMR270C,0,0.82298434,0.4629794955253601,0.7792792916297913,0.0903903916478157
YER022W,YOR219C,0,0.81817997,0.4625668525695801,0.7792792916297913,0.09054054319858551
YIL002C,YGR185C,0,0.81609935,0.46215495467185974,0.7792792916297913,0.09069068729877472
YGR004W,YMR204C,1,0.81504554,0.4626334607601166,0.7807807922363281,0.09069068729877472
YGR268C,YDL225W,0,0.8129884,0.46222221851348877,0.7807807922363281,0.09084083884954453
YLR182W,YLR386W,0,0.8099584,0.46181172132492065,0.7807807922363281,0.09099099040031433
YGR258C,YOR138C,0,0.8095261,0.46140193939208984,0.7807807922363281,0.09114114195108414
YKL165C,YER115C,0,0.80854887,0.4609929025173187,0.7807807922363281,0.09129129350185394
YPR091C,YOL104C,0,0.8050317,0.4605845808982849,0.7807807922363281,0.09144144505262375
YDR076W,YMR213W,0,0.8036239,0.4601770043373108,0.7807807922363281,0.09159158915281296
YLR295C,YNR010W,0,0.7963383,0.4597701132297516,0.7807807922363281,0.09174174070358276
YBR125C,YLR047C,0,0.79568714,0.4593639671802521,0.7807807922363281,0.09189189225435257
YDL246C,YOR180C,0,0.79478174,0.4589585065841675,0.7807807922363281,0.09204204380512238
YNL214W,YMR204C,1,0.7932005,0.4594356119632721,0.782282292842865,0.09204204380512238
YGR113W,YBL089W,0,0.79266936,0.4590308368206024,0.782282292842865,0.09219219535589218
YGR056W,YHR082C,0,0.7921868,0.45862674713134766,0.782282292842865,0.09234233945608139
YKL197C,YGR077C,1,0.7902814,0.45910289883613586,0.7837837934494019,0.09234233945608139
YDL245C,YOR298W,0,0.7882868,0.45869946479797363,0.7837837934494019,0.0924924910068512
YOL070C,YOR126C,0,0.7879038,0.4582967460155487,0.7837837934494019,0.092642642557621
YPR083W,YKL206C,0,0.77520347,0.4578947424888611,0.7837837934494019,0.09279279410839081
YGR070W,YER137C,0,0.77122194,0.4574934244155884,0.7837837934494019,0.09294294565916061
YJR005W,YGR276C,0,0.7708411,0.457092821598053,0.7837837934494019,0.09309308975934982
YCR030C,YLR285W,0,0.7698369,0.4566929042339325,0.7837837934494019,0.09324324131011963
YDL015C,YOR020C,0,0.7683184,0.4562937021255493,0.7837837934494019,0.09339339286088943
YGL115W,YGL153W,1,0.76640606,0.45676857233047485,0.7852852940559387,0.09339339286088943
YGL094C,YJR034W,0,0.76392835,0.4563699960708618,0.7852852940559387,0.09354354441165924
YNL127W,YPL119C,0,0.7636153,0.4559721052646637,0.7852852940559387,0.09369369596242905
YJR070C,YFR045W,0,0.7631477,0.4555748999118805,0.7852852940559387,0.09384384751319885
YPL139C,YMR200W,0,0.76228434,0.4551784098148346,0.7852852940559387,0.09399399161338806
YKR066C,YCR026C,0,0.76185256,0.4547826051712036,0.7852852940559387,0.09414414316415787
YDR079W,YMR020W,0,0.7607472,0.45438748598098755,0.7852852940559387,0.09429429471492767
YOR388C,YPL110C,0,0.7604129,0.4539930522441864,0.7852852940559387,0.09444444626569748
YJR092W,YDR254W,0,0.75532985,0.45359930396080017,0.7852852940559387,0.09459459781646729
YLR268W,YDL077C,0,0.7546916,0.45320624113082886,0.7852852940559387,0.0947447419166565
YBR247C,YLR113W,0,0.7507392,0.45281386375427246,0.7852852940559387,0.0948948934674263
YKL210W,YOR187W,0,0.7479712,0.4524221420288086,0.7852852940559387,0.0950450450181961
YDR419W,YOR089C,0,0.74772704,0.45203110575675964,0.7852852940559387,0.09519519656896591
YNL073W,YPL196W,0,0.74727356,0.4516407549381256,0.7852852940559387,0.09534534811973572
YNL138W,YCL057W,0,0.74553037,0.4512510895729065,0.7852852940559387,0.09549549221992493
YOL145C,YCR011C,0,0.74297804,0.4508620798587799,0.7852852940559387,0.09564564377069473
YFR013W,YBL052C,0,0.74103415,0.45047372579574585,0.7852852940559387,0.09579579532146454
YER098W,YDR076W,0,0.73958886,0.4500860571861267,0.7852852940559387,0.09594594687223434
YDL036C,YNL032W,0,0.7389029,0.4496990442276001,0.7852852940559387,0.09609609842300415
YLR329W,YMR046C,0,0.73839104,0.4493127167224884,0.7852852940559387,0.09624624252319336
YOL038W,YLR389C,0,0.7365793,0.44892704486846924,0.7852852940559387,0.09639639407396317
YER050C,YJR005W,0,0.7365256,0.4485420286655426,0.7852852940559387,0.09654654562473297
YGR180C,YML028W,0,0.73604167,0.4481576681137085,0.7852852940559387,0.09669669717550278
YJR006W,YMR210W,0,0.7354715,0.4477739632129669,0.7852852940559387,0.09684684872627258
YDR411C,YBR115C,0,0.732663,0.44739094376564026,0.7852852940559387,0.09699700027704239
YMR193W,YER115C,0,0.73137736,0.44700855016708374,0.7852852940559387,0.0971471443772316
YOL057W,YPL104W,0,0.7307689,0.44662681221961975,0.7852852940559387,0.0972972959280014
YPL083C,YDL024C,0,0.7302463,0.4462457299232483,0.7852852940559387,0.09744744747877121
YJL210W,YPR128C,1,0.7283633,0.4467178285121918,0.7867867946624756,0.09744744747877121
YIL006W,YFL054C,0,0.7237588,0.4463373124599457,0.7867867946624756,0.09759759902954102
YGR221C,YJR078W,0,0.71982735,0.4459574520587921,0.7867867946624756,0.09774775058031082
YKL197C,YJL210W,1,0.7152863,0.4464285671710968,0.7882882952690125,0.09774775058031082
YNL084C,YLR153C,0,0.71477914,0.4460492730140686,0.7882882952690125,0.09789789468050003
YOR138C,YOR025W,0,0.7108424,0.44567063450813293,0.7882882952690125,0.09804804623126984
YOL062C,YLR088W,0,0.7107781,0.4452926218509674,0.7882882952690125,0.09819819778203964
YKL182W,YPR149W,0,0.7107145,0.4449152648448944,0.7882882952690125,0.09834834933280945
YOR388C,YLL004W,0,0.71069586,0.44453853368759155,0.7882882952690125,0.09849850088357925
YNL261W,YOR283W,0,0.7105564,0.44416242837905884,0.7882882952690125,0.09864864498376846
YHR082C,YFL023W,0,0.70728856,0.44378697872161865,0.7882882952690125,0.09879879653453827
YGR056W,YDL215C,0,0.70673054,0.4434121549129486,0.7882882952690125,0.09894894808530807
YDR082W,YLR394W,0,0.70252585,0.4430379867553711,0.7882882952690125,0.09909909963607788
YDL078C,YCR046C,0,0.7008673,0.44266441464424133,0.7882882952690125,0.09924925118684769
YDR492W,YKR020W,0,0.70012754,0.4422914981842041,0.7882882952690125,0.09939940273761749
YKL119C,YOL028C,0,0.698629,0.4419191777706146,0.7882882952690125,0.0995495468378067
YLL029W,YLR028C,0,0.6977157,0.4415475130081177,0.7882882952690125,0.09969969838857651
YPR128C,YDR142C,1,0.697636,0.4420168101787567,0.7897897958755493,0.09969969838857651
YER050C,YKR101W,0,0.6950083,0.44164568185806274,0.7897897958755493,0.09984984993934631
YDR263C,YKL203C,0,0.6914208,0.4412751793861389,0.7897897958755493,0.10000000149011612
YNR006W,YOR393W,0,0.69093233,0.44090527296066284,0.7897897958755493,0.10015015304088593
YGR239C,YHR150W,1,0.69012547,0.4413735270500183,0.7912912964820862,0.10015015304088593
YBR006W,YAL031C,0,0.6895722,0.4410041868686676,0.7912912964820862,0.10030029714107513
YFR013W,YHR074W,0,0.6857181,0.44063544273376465,0.7912912964820862,0.10045044869184494
YOR106W,YNL172W,0,0.6853827,0.44026732444763184,0.7912912964820862,0.10060060024261475
YIR004W,YOL044W,1,0.6829557,0.4407345652580261,0.792792797088623,0.10060060024261475
YNL050C,YDR508C,0,0.6823801,0.4403669834136963,0.792792797088623,0.10075075179338455
YMR097C,YLR026C,0,0.6810341,0.4399999976158142,0.792792797088623,0.10090090334415436
YPR072W,YKL020C,0,0.6809507,0.43963363766670227,0.792792797088623,0.10105104744434357
YMR026C,YDR142C,1,0.6793928,0.440099835395813,0.7942942976951599,0.10105104744434357
YDR030C,YJL166W,0,0.67918646,0.43973401188850403,0.7942942976951599,0.10120119899511337
YHR179W,YMR193W,0,0.67432374,0.4393687844276428,0.7942942976951599,0.10135135054588318
YDL198C,YNL027W,0,0.67420447,0.43900415301322937,0.7942942976951599,0.10150150209665298
YDL045W-A,YLR024C,0,0.67224157,0.43864014744758606,0.7942942976951599,0.10165165364742279
YNL008C,YDR460W,0,0.670646,0.4382767081260681,0.7942942976951599,0.1018018051981926
YOL141W,YDR337W,0,0.6701579,0.4379138946533203,0.7942942976951599,0.1019519492983818
YKR101W,YAL031C,0,0.6690117,0.43755170702934265,0.7942942976951599,0.10210210084915161
YGR225W,YLR359W,0,0.6689372,0.43719008564949036,0.7942942976951599,0.10225225239992142
YDR405W,YKL041W,0,0.66803145,0.4368290603160858,0.7942942976951599,0.10240240395069122
YKL206C,YNL121C,0,0.6679895,0.4364686608314514,0.7942942976951599,0.10255255550146103
YDR499W,YOR148C,0,0.6668411,0.4361088275909424,0.7942942976951599,0.10270269960165024
YDL045W-A,YER101C,0,0.6627489,0.4357495903968811,0.7942942976951599,0.10285285115242004
YDR454C,YOL093W,0,0.66252124,0.4353909492492676,0.7942942976951599,0.10300300270318985
YER115C,YOR008C,0,0.6611034,0.4350329041481018,0.7942942976951599,0.10315315425395966
YDR240C,YHR119W,0,0.66036904,0.4346754252910614,0.7942942976951599,0.10330330580472946
YDR263C,YER046W,0,0.6518372,0.43431854248046875,0.7942942976951599,0.10345344990491867
YGR077C,YLR191W,1,0.6471056,0.43478259444236755,0.7957957983016968,0.10345344990491867
YNL131W,YDR170C,0,0.644015,0.4344262182712555,0.7957957983016968,0.10360360145568848
YNL329C,YMR204C,1,0.6434604,0.43488943576812744,0.7972972989082336,0.10360360145568848
YLL061W,YHR082C,0,0.6419752,0.43453356623649597,0.7972972989082336,0.10375375300645828
YIL095W,YFL017W-A,0,0.64104307,0.43417826294898987,0.7972972989082336,0.10390390455722809
YLR394W,YLL033W,0,0.640604,0.43382352590560913,0.7972972989082336,0.1040540561079979
YNR074C,YJL194W,0,0.6399039,0.43346938490867615,0.7972972989082336,0.1042042076587677
YDL065C,YLR191W,1,0.63926286,0.43393146991729736,0.7987987995147705,0.1042042076587677
YER098W,YBR187W,0,0.63736784,0.43357783555984497,0.7987987995147705,0.10435435175895691
YNL172W,YPR171W,0,0.63578856,0.43322476744651794,0.7987987995147705,0.10450450330972672
YLL002W,YEL036C,0,0.6355097,0.4328722655773163,0.7987987995147705,0.10465465486049652
YOR206W,YHR002W,0,0.63363457,0.43252032995224,0.7987987995147705,0.10480480641126633
YLR025W,YDL225W,0,0.6326726,0.43216896057128906,0.7987987995147705,0.10495495796203613
YDR473C,YOL038W,0,0.62909657,0.4318181872367859,0.7987987995147705,0.10510510206222534
YOR159C,YCL024W,0,0.62647897,0.4314679503440857,0.7987987995147705,0.10525525361299515
YEL030W,YKL053C-A,0,0.62591904,0.43111830949783325,0.7987987995147705,0.10540540516376495
YJL005W,YFL013C,0,0.6206533,0.4307692348957062,0.7987987995147705,0.10555555671453476
YLL029W,YPL007C,0,0.61998653,0.43042072653770447,0.7987987995147705,0.10570570826530457
YJL210W,YDR479C,1,0.61627257,0.43088117241859436,0.8003003001213074,0.10570570826530457
YIR004W,YDL065C,1,0.61563545,0.43134087324142456,0.8018018007278442,0.10570570826530457
YGL115W,YNL214W,1,0.6148632,0.43179982900619507,0.8033033013343811,0.10570570826530457
YMR179W,YER090W,0,0.61312574,0.43145161867141724,0.8033033013343811,0.10585585236549377
YJL005W,YOR038C,0,0.6109716,0.4311039447784424,0.8033033013343811,0.10600600391626358
YGL180W,YGR268C,0,0.6105545,0.4307568371295929,0.8033033013343811,0.10615615546703339
YGL115W,YJL210W,1,0.6094949,0.4312148094177246,0.804804801940918,0.10615615546703339
YOL145C,YDR512C,0,0.6073139,0.4308681786060333,0.804804801940918,0.10630630701780319
YBR170C,YIL170W,0,0.60604155,0.430522084236145,0.804804801940918,0.106456458568573
YCR011C,YJL095W,0,0.6058968,0.4301765561103821,0.804804801940918,0.1066066101193428
YKL085W,YMR115W,0,0.60555214,0.4298315942287445,0.804804801940918,0.10675675421953201
YOL044W,YGR077C,1,0.6048914,0.4302884638309479,0.8063063025474548,0.10675675421953201
YLR187W,YKR101W,0,0.6047072,0.4299439489841461,0.8063063025474548,0.10690690577030182
YOR193W,YMR163C,1,0.60447955,0.430400013923645,0.8078078031539917,0.10690690577030182
YMR065W,YBR129C,0,0.6022753,0.4300559461116791,0.8078078031539917,0.10705705732107162
YOR084W,YPL112C,1,0.5990606,0.4305111765861511,0.8093093037605286,0.10705705732107162
YJL024C,YLR389C,0,0.5983291,0.4301675856113434,0.8093093037605286,0.10720720887184143
YJR078W,YGR276C,0,0.5975425,0.429824560880661,0.8093093037605286,0.10735736042261124
YGR268C,YDR470C,0,0.59691894,0.4294820725917816,0.8093093037605286,0.10750750452280045
YJL210W,YLR191W,1,0.5965668,0.42993631958961487,0.8108108043670654,0.10750750452280045
YLR305C,YLR206W,0,0.59538656,0.4295942783355713,0.8108108043670654,0.10765765607357025
YPL112C,YHR150W,1,0.5951494,0.4300476908683777,0.8123123049736023,0.10765765607357025
YOR377W,YGR246C,0,0.5925827,0.4297061264514923,0.8123123049736023,0.10780780762434006
YLR314C,YPL098C,0,0.5919941,0.4293650686740875,0.8123123049736023,0.10795795917510986
YBR059C,YHR061C,0,0.5915751,0.4290245771408081,0.8123123049736023,0.10810811072587967
YHR004C,YKL085W,0,0.59124506,0.42868462204933167,0.8123123049736023,0.10825825482606888
YDL202W,YGL212W,0,0.58897597,0.4283452033996582,0.8123123049736023,0.10840840637683868
YKR071C,YBR182C,0,0.58770835,0.4280063211917877,0.8123123049736023,0.10855855792760849
YER151C,YOR243C,0,0.5873538,0.4276679754257202,0.8123123049736023,0.1087087094783783
YIL132C,YDL035C,0,0.58491695,0.4273301661014557,0.8123123049736023,0.1088588610291481
YLR026C,YHR079C,0,0.5838951,0.42699289321899414,0.8123123049736023,0.10900901257991791
YGL226C-A,YOR349W,0,0.5836865,0.42665615677833557,0.8123123049736023,0.10915915668010712
YIL021W,YJL053W,0,0.57899886,0.4263199269771576,0.8123123049736023,0.10930930823087692
YDR059C,YPL065W,0,0.57827175,0.425984263420105,0.8123123049736023,0.10945945978164673
YDR383C,YGL163C,0,0.57800186,0.42564910650253296,0.8123123049736023,0.10960961133241653
YPL200W,YJL103C,0,0.5771868,0.42531445622444153,0.8123123049736023,0.10975976288318634
YGR225W,YER185W,0,0.57470894,0.42498037219047546,0.8123123049736023,0.10990990698337555
YOR025W,YKR101W,0,0.57368904,0.42464679479599,0.8123123049736023,0.11006005853414536
YMR284W,YFL013C,0,0.5718044,0.4243137240409851,0.8123123049736023,0.11021021008491516
YCR030C,YAR002C-A,0,0.5706787,0.4239811897277832,0.8123123049736023,0.11036036163568497
YBR155W,YJR112W,0,0.56619143,0.4236491918563843,0.8123123049736023,0.11051051318645477
YHR132C,YGR077C,0,0.5661575,0.42331767082214355,0.8123123049736023,0.11066065728664398
YPL223C,YGR145W,0,0.5656252,0.4229867160320282,0.8123123049736023,0.11081080883741379
YPL213W,YDR498C,0,0.5637232,0.42265623807907104,0.8123123049736023,0.1109609603881836
YDR473C,YOR138C,0,0.5627943,0.42232629656791687,0.8123123049736023,0.1111111119389534
YJR036C,YJL155C,0,0.5621515,0.4219968914985657,0.8123123049736023,0.1112612634897232
YCL024W,YEL029C,0,0.5613917,0.4216679632663727,0.8123123049736023,0.11141141504049301
YGR169C,YLR130C,0,0.5611726,0.42133957147598267,0.8123123049736023,0.11156155914068222
YAL017W,YHR156C,0,0.5598263,0.42101168632507324,0.8123123049736023,0.11171171069145203
YHR132C,YDR081C,0,0.55955553,0.420684278011322,0.8123123049736023,0.11186186224222183
YOL043C,YJL079C,0,0.5566564,0.4203574061393738,0.8123123049736023,0.11201201379299164
YBR150C,YDL077C,0,0.55545557,0.4200310707092285,0.8123123049736023,0.11216216534376144
YNL314W,YNL236W,0,0.55318105,0.41970521211624146,0.8123123049736023,0.11231230944395065
YDR310C,YML080W,0,0.55300653,0.4193798303604126,0.8123123049736023,0.11246246099472046
YDR383C,YBR128C,0,0.5512296,0.4190549850463867,0.8123123049736023,0.11261261254549026
YLR213C,YLR309C,0,0.54963,0.41873064637184143,0.8123123049736023,0.11276276409626007
YLR219W,YOR261C,0,0.5344403,0.41840681433677673,0.8123123049736023,0.11291291564702988
YER101C,YJL053W,0,0.531759,0.41808345913887024,0.8123123049736023,0.11306305974721909
YJR101W,YDL097C,0,0.53051883,0.41776061058044434,0.8123123049736023,0.11321321129798889
YLR452C,YLR005W,0,0.53046924,0.417438268661499,0.8123123049736023,0.1133633628487587
YPL240C,YOR349W,0,0.5288168,0.4171164333820343,0.8123123049736023,0.1135135143995285
YLL033W,YFR052W,0,0.52650154,0.4167950749397278,0.8123123049736023,0.11366366595029831
YKL090W,YMR089C,0,0.52563363,0.41647422313690186,0.8123123049736023,0.11381381750106812
YNL026W,YOR162C,0,0.5246724,0.41615384817123413,0.8123123049736023,0.11396396160125732
YOL090W,YML036W,0,0.5212063,0.415833979845047,0.8123123049736023,0.11411411315202713
YMR250W,YBR093C,0,0.52022815,0.41551458835601807,0.8123123049736023,0.11426426470279694
YDR498C,YGL241W,0,0.5199841,0.4151957035064697,0.8123123049736023,0.11441441625356674
YHR160C,YOR326W,1,0.5197361,0.41564416885375977,0.8138138055801392,0.11441441625356674
YER175C,YFR019W,0,0.5197232,0.41532567143440247,0.8138138055801392,0.11456456780433655
YOL043C,YGL163C,0,0.51872617,0.41500765085220337,0.8138138055801392,0.11471471190452576
YGR056W,YKL175W,0,0.51865256,0.41469013690948486,0.8138138055801392,0.11486486345529556
YJR130C,YLL033W,0,0.5178442,0.41437309980392456,0.8138138055801392,0.11501501500606537
YKL126W,YJL004C,0,0.5175956,0.41405653953552246,0.8138138055801392,0.11516516655683517
YKL053C-A,YHR168W,0,0.5147607,0.41374045610427856,0.8138138055801392,0.11531531810760498
YCL024W,YHR109W,0,0.51465535,0.41342487931251526,0.8138138055801392,0.11546546220779419
YBR081C,YDL202W,0,0.51414454,0.41310974955558777,0.8138138055801392,0.115615613758564
YPR171W,YKL203C,0,0.5121951,0.41279512643814087,0.8138138055801392,0.1157657653093338
YBR020W,YDR389W,0,0.5117216,0.4124809801578522,0.8138138055801392,0.11591591686010361
YBR059C,YIL021W,0,0.51046884,0.4121673107147217,0.8138138055801392,0.11606606841087341
YML097C,YAL016W,0,0.5080842,0.4118541181087494,0.8138138055801392,0.11621621251106262
YPR182W,YGR276C,0,0.5047079,0.4115413725376129,0.8138138055801392,0.11636636406183243
YDL197C,YOR324C,0,0.50416946,0.41122913360595703,0.8138138055801392,0.11651651561260223
YDL024C,YGL190C,0,0.50335336,0.41091737151145935,0.8138138055801392,0.11666666716337204
YIL095W,YKR101W,0,0.50190353,0.4106060564517975,0.8138138055801392,0.11681681871414185
YFR021W,YEL030W,0,0.5015598,0.4102952182292938,0.8138138055801392,0.11696697026491165
YPR189W,YOR327C,0,0.50034726,0.40998485684394836,0.8138138055801392,0.11711711436510086
YBL041W,YLL043W,0,0.49976495,0.4096749722957611,0.8138138055801392,0.11726726591587067
YBR278W,YDR218C,0,0.49948296,0.40936556458473206,0.8138138055801392,0.11741741746664047
YLL033W,YGL113W,0,0.49719352,0.4090566039085388,0.8138138055801392,0.11756756901741028
YDL206W,YIR018W,0,0.4969384,0.4087481200695038,0.8138138055801392,0.11771772056818008
YGR199W,YNL284C,0,0.49593115,0.40844008326530457,0.8138138055801392,0.1178678646683693
YIL002C,YEL062W,0,0.49590462,0.40813252329826355,0.8138138055801392,0.1180180162191391
YGL083W,YKL126W,0,0.49117103,0.40782544016838074,0.8138138055801392,0.1181681677699089
YBR275C,YJL095W,0,0.48446447,0.40751880407333374,0.8138138055801392,0.11831831932067871
YBR059C,YNL219C,0,0.48391235,0.40721261501312256,0.8138138055801392,0.11846847087144852
YBR059C,YGL148W,0,0.48269653,0.4069069027900696,0.8138138055801392,0.11861861497163773
YNL138W,YMR065W,0,0.4823136,0.4066016376018524,0.8138138055801392,0.11876876652240753
YPR135W,YGL259W,0,0.4779098,0.40629684925079346,0.8138138055801392,0.11891891807317734
YEL022W,YDR207C,0,0.4759339,0.4059925079345703,0.8138138055801392,0.11906906962394714
YPR026W,YDR473C,0,0.4754085,0.405688613653183,0.8138138055801392,0.11921922117471695
YOR216C,YFL048C,0,0.47440362,0.40538519620895386,0.8138138055801392,0.11936937272548676
YML032C,YOR230W,0,0.4716751,0.40508222579956055,0.8138138055801392,0.11951951682567596
YHR012W,YOR194C,0,0.47108543,0.40477967262268066,0.8138138055801392,0.11966966837644577
YDR306C,YDL070W,0,0.4706205,0.40447762608528137,0.8138138055801392,0.11981981992721558
YKL117W,YLR020C,0,0.4703939,0.4041759967803955,0.8138138055801392,0.11996997147798538
YJR021C,YPR001W,0,0.4695471,0.40387481451034546,0.8138138055801392,0.12012012302875519
YKL174C,YOL026C,0,0.46793807,0.4035740792751312,0.8138138055801392,0.1202702671289444
YDR079W,YMR089C,0,0.46628386,0.4032738208770752,0.8138138055801392,0.1204204186797142
YMR005W,YOR008C,0,0.46518314,0.4029739797115326,0.8138138055801392,0.12057057023048401
YJR092W,YGR020C,0,0.4641784,0.4026745855808258,0.8138138055801392,0.12072072178125381
YDR389W,YLL040C,0,0.46043533,0.40237563848495483,0.8138138055801392,0.12087087333202362
YKL013C,YLR043C,0,0.4563517,0.4020771384239197,0.8138138055801392,0.12102101743221283
YBR002C,YGR169C,0,0.45596728,0.40177908539772034,0.8138138055801392,0.12117116898298264
YGR288W,YAL024C,0,0.45580307,0.4014814794063568,0.8138138055801392,0.12132132053375244
YMR054W,YGR268C,0,0.45492724,0.4011843204498291,0.8138138055801392,0.12147147208452225
YLR452C,YDR296W,0,0.45098713,0.4008875787258148,0.8138138055801392,0.12162162363529205
YDR144C,YMR295C,0,0.44954866,0.40059128403663635,0.8138138055801392,0.12177177518606186
YGR144W,YLR203C,0,0.44916287,0.4002954065799713,0.8138138055801392,0.12192191928625107
YKL078W,YIL080W,0,0.4473271,0.4000000059604645,0.8138138055801392,0.12207207083702087
YPL188W,YKL053C-A,0,0.44625574,0.39970502257347107,0.8138138055801392,0.12222222238779068
YDL059C,YLR025W,0,0.442093,0.3994104564189911,0.8138138055801392,0.12237237393856049
YGR004W,YKR001C,1,0.44029188,0.3998527228832245,0.815315306186676,0.12237237393856049
YGL026C,YIL035C,0,0.4401934,0.39955848455429077,0.815315306186676,0.12252252548933029
YLR394W,YFR019W,0,0.43686783,0.39926469326019287,0.815315306186676,0.1226726695895195
YLL003W,YOR020C,0,0.4341824,0.3989713490009308,0.815315306186676,0.1228228211402893
YHR029C,YJR103W,0,0.43340588,0.39867842197418213,0.815315306186676,0.12297297269105911
YOR377W,YHR057C,0,0.4314347,0.3983859121799469,0.815315306186676,0.12312312424182892
YPR072W,YFL038C,0,0.42736447,0.3980938494205475,0.815315306186676,0.12327327579259872
YIL002C,YPL208W,0,0.42716882,0.3978022038936615,0.815315306186676,0.12342341989278793
YPR113W,YHR156C,0,0.42612,0.39751097559928894,0.815315306186676,0.12357357144355774
YOR299W,YPR043W,0,0.4250733,0.3972201943397522,0.815315306186676,0.12372372299432755
YBR081C,YJR036C,0,0.42472517,0.3969298303127289,0.815315306186676,0.12387387454509735
YKL094W,YBL092W,0,0.41864663,0.396639883518219,0.815315306186676,0.12402402609586716
YOR232W,YNR010W,0,0.4180939,0.39635035395622253,0.815315306186676,0.12417417764663696
YGR251W,YER101C,0,0.41681838,0.3960612714290619,0.815315306186676,0.12432432174682617
YOL028C,YMR143W,0,0.41155973,0.3957726061344147,0.815315306186676,0.12447447329759598
YLR025W,YCL032W,0,0.4096741,0.3954843282699585,0.815315306186676,0.12462462484836578
YKL007W,YOR275C,0,0.40723538,0.39519649744033813,0.815315306186676,0.12477477639913559
YDR499W,YGR112W,0,0.40696484,0.3949090838432312,0.815315306186676,0.1249249279499054
YNL271C,YAL016W,0,0.4063229,0.3946220874786377,0.815315306186676,0.1250750720500946
YMR173W,YDR389W,0,0.4052766,0.3943355083465576,0.815315306186676,0.125225231051445
YMR112C,YLR314C,0,0.40513742,0.39404934644699097,0.815315306186676,0.12537537515163422
YLR440C,YKL064W,0,0.40509528,0.39376360177993774,0.815315306186676,0.12552551925182343
YGL237C,YMR193W,0,0.40450066,0.39347827434539795,0.815315306186676,0.12567567825317383
YBR275C,YER115C,0,0.4042774,0.3931933343410492,0.815315306186676,0.12582582235336304
YLR129W,YML132W,0,0.40409768,0.39290884137153625,0.815315306186676,0.12597598135471344
YMR089C,YDR369C,0,0.40388453,0.39262473583221436,0.815315306186676,0.12612612545490265
YLR047C,YOL062C,0,0.40367162,0.3923410475254059,0.815315306186676,0.12627626955509186
YOL136C,YMR160W,0,0.40252793,0.39205777645111084,0.815315306186676,0.12642642855644226
YMR182C,YML036W,0,0.40105456,0.39177489280700684,0.815315306186676,0.12657657265663147
YLR289W,YIL076W,0,0.39902467,0.39149242639541626,0.815315306186676,0.12672673165798187
YPL223C,YPR001W,0,0.39715403,0.3912103772163391,0.815315306186676,0.12687687575817108
YKL126W,YCL032W,0,0.39687634,0.390928715467453,0.815315306186676,0.1270270198583603
YHR164C,YHR109W,0,0.39648008,0.3906474709510803,0.815315306186676,0.1271771788597107
YGR225W,YAL016W,0,0.39563483,0.39036664366722107,0.815315306186676,0.1273273229598999
YIR004W,YAL055W,1,0.39447927,0.39080458879470825,0.8168168067932129,0.1273273229598999
YOR261C,YPR133W-A,0,0.39357203,0.3905240595340729,0.8168168067932129,0.1274774819612503
YMR169C,YDL045C,0,0.39314145,0.39024388790130615,0.8168168067932129,0.12762762606143951
YEL052W,YOL070C,0,0.39305812,0.38996416330337524,0.8168168067932129,0.12777778506278992
YGR036C,YMR136W,0,0.38896418,0.3896848261356354,0.8168168067932129,0.12792792916297913
YPL200W,YLR020C,0,0.3869428,0.38940587639808655,0.8168168067932129,0.12807807326316833
YOR388C,YJR036C,0,0.3851182,0.38912731409072876,0.8168168067932129,0.12822823226451874
YGL050W,YOR279C,0,0.38273078,0.3888491690158844,0.8168168067932129,0.12837837636470795
YHR002W,YGR134W,0,0.38069144,0.38857144117355347,0.8168168067932129,0.12852853536605835
YOR084W,YGL046W,0,0.38000643,0.3882940709590912,0.8168168067932129,0.12867867946624756
YOR363C,YGR077C,1,0.37836,0.38873037695884705,0.8183183073997498,0.12867867946624756
YDR164C,YJL103C,0,0.37649077,0.38845330476760864,0.8183183073997498,0.12882882356643677
YMR089C,YPL183W-A,0,0.37394774,0.38817664980888367,0.8183183073997498,0.12897898256778717
YMR078C,YPL244C,0,0.37346417,0.38790035247802734,0.8183183073997498,0.12912912666797638
YNL107W,YCL032W,0,0.37320578,0.38762447237968445,0.8183183073997498,0.12927928566932678
YNL329C,YLR191W,1,0.36962724,0.38805970549583435,0.8198198080062866,0.12927928566932678
YAL024C,YIL035C,0,0.36778897,0.38778409361839294,0.8198198080062866,0.129429429769516
YKL119C,YLR209C,0,0.36756894,0.3875088691711426,0.8198198080062866,0.1295795738697052
YIL108W,YML080W,0,0.36516917,0.38723403215408325,0.8198198080062866,0.1297297328710556
YNL044W,YKR035W-A,0,0.3651452,0.38695961236953735,0.8198198080062866,0.1298798769712448
YNR044W,YOL040C,0,0.36469603,0.3866855502128601,0.8198198080062866,0.13003003597259521
YJR051W,YFL013C,0,0.36411476,0.3864118754863739,0.8198198080062866,0.13018018007278442
YNL131W,YBL052C,0,0.36401635,0.3861386179924011,0.8198198080062866,0.13033032417297363
YGR167W,YDR081C,0,0.36344525,0.385865718126297,0.8198198080062866,0.13048048317432404
YER008C,YIL095W,0,0.36293146,0.3855932056903839,0.8198198080062866,0.13063062727451324
YDL024C,YOR275C,0,0.36263347,0.38532111048698425,0.8198198080062866,0.13078078627586365
YDL054C,YNR021W,0,0.36239526,0.38504937291145325,0.8198198080062866,0.13093093037605286
YAL022C,YHR057C,0,0.36123902,0.3847780227661133,0.8198198080062866,0.13108107447624207
YPL276W,YKL003C,0,0.36013004,0.38450703024864197,0.8198198080062866,0.13123123347759247
YLR395C,YPL134C,0,0.3595281,0.3842364549636841,0.8198198080062866,0.13138137757778168
YJR040W,YBR276C,0,0.3580023,0.38396623730659485,0.8198198080062866,0.13153153657913208
YDL111C,YPR125W,0,0.35577908,0.38369640707969666,0.8198198080062866,0.1316816806793213
YDL107W,YGL226C-A,0,0.35540503,0.3834269642829895,0.8198198080062866,0.1318318247795105
YDR170C,YMR200W,0,0.35230723,0.3831579089164734,0.8198198080062866,0.1319819837808609
YPL200W,YMR065W,0,0.35170686,0.3828892111778259,0.8198198080062866,0.1321321278810501
YOL070C,YMR218C,0,0.34989536,0.3826208710670471,0.8198198080062866,0.1322822868824005
YNL267W,YOR279C,0,0.34955978,0.38235294818878174,0.8198198080062866,0.13243243098258972
YMR284W,YKL117W,0,0.3489718,0.382085382938385,0.8198198080062866,0.13258258998394012
YAL016W,YDL035C,0,0.34859246,0.38181817531585693,0.8198198080062866,0.13273273408412933
YLL003W,YER104W,0,0.3460565,0.3815513551235199,0.8198198080062866,0.13288287818431854
YKR028W,YOR085W,0,0.34442988,0.3812849223613739,0.8198198080062866,0.13303303718566895
YJR004C,YAL016W,0,0.34385854,0.38101884722709656,0.8198198080062866,0.13318318128585815
YNL309W,YFL001W,0,0.3419296,0.38075312972068787,0.8198198080062866,0.13333334028720856
YEL052W,YIL042C,0,0.34082374,0.3804877996444702,0.8198198080062866,0.13348348438739777
YKR019C,YPR119W,0,0.3406843,0.3802228271961212,0.8198198080062866,0.13363362848758698
YDR411C,YGR216C,0,0.33997822,0.37995824217796326,0.8198198080062866,0.13378378748893738
YLR219W,YDL045C,0,0.3392173,0.37969401478767395,0.8198198080062866,0.1339339315891266
YGR238C,YMR273C,0,0.33878222,0.3794301450252533,0.8198198080062866,0.134084090590477
YNL172W,YER087C-B,0,0.33113033,0.3791666626930237,0.8198198080062866,0.1342342346906662
YLR219W,YDL216C,0,0.32939246,0.3789035379886627,0.8198198080062866,0.1343843787908554
YPR083W,YNL006W,0,0.32911628,0.3786407709121704,0.8198198080062866,0.1345345377922058
YPR189W,YPL064C,0,0.3289742,0.37837839126586914,0.8198198080062866,0.13468468189239502
YKL064W,YLL043W,0,0.3268127,0.37811633944511414,0.8198198080062866,0.13483484089374542
YPR128C,YPL112C,1,0.3263109,0.37854671478271484,0.8213213086128235,0.13483484089374542
YLR429W,YPR133W-A,0,0.32200584,0.37828493118286133,0.8213213086128235,0.13498498499393463
YLR191W,YLR206W,0,0.32085246,0.37802350521087646,0.8213213086128235,0.13513512909412384
YDR415C,YMR200W,0,0.32043827,0.37776243686676025,0.8213213086128235,0.13528528809547424
YDL245C,YFL001W,0,0.31901675,0.3775017261505127,0.8213213086128235,0.13543543219566345
YLR219W,YDR240C,0,0.31885058,0.3772413730621338,0.8213213086128235,0.13558559119701385
YOL147C,YOR326W,1,0.3156694,0.3776705861091614,0.8228228092193604,0.13558559119701385
YNL122C,YMR115W,0,0.31557536,0.3774104714393616,0.8228228092193604,0.13573573529720306
YFL038C,YDL045C,0,0.31393278,0.3771507143974304,0.8228228092193604,0.13588587939739227
YOL070C,YIL017W,0,0.3118284,0.3768913447856903,0.8228228092193604,0.13603603839874268
YNL008C,YOL158C,0,0.31049448,0.37663230299949646,0.8228228092193604,0.13618618249893188
YKL119C,YJL128C,0,0.31013316,0.37637361884117126,0.8228228092193604,0.1363363415002823
YOL145C,YLR043C,0,0.30903485,0.3761152923107147,0.8228228092193604,0.1364864856004715
YPL167C,YOR089C,0,0.30605975,0.3758573532104492,0.8228228092193604,0.1366366297006607
YHR175W,YER137C,0,0.30582052,0.3755997121334076,0.8228228092193604,0.1367867887020111
YDR285W,YOL155C,0,0.30331117,0.375342458486557,0.8228228092193604,0.13693693280220032
YMR169C,YKL175W,0,0.30329973,0.3750855624675751,0.8228228092193604,0.13708709180355072
YNR028W,YKL015W,0,0.30187252,0.3748289942741394,0.8228228092193604,0.13723723590373993
YLR203C,YPL259C,0,0.30106804,0.3745727837085724,0.8228228092193604,0.13738738000392914
YJL066C,YDR090C,0,0.30090547,0.374316930770874,0.8228228092193604,0.13753753900527954
YPL104W,YJL006C,0,0.3008242,0.3740614354610443,0.8228228092193604,0.13768768310546875
YPL099C,YMR025W,0,0.30066305,0.37380626797676086,0.8228228092193604,0.13783784210681915
YPL183W-A,YPL096W,0,0.29992902,0.37355145812034607,0.8228228092193604,0.13798798620700836
YFR013W,YDL128W,0,0.29872257,0.3732970058917999,0.8228228092193604,0.13813814520835876
YDR244W,YKR001C,1,0.2971006,0.3737236261367798,0.8243243098258972,0.13813814520835876
YER014C-A,YKL130C,0,0.29703203,0.37346938252449036,0.8243243098258972,0.13828828930854797
YOR084W,YKR001C,1,0.29699984,0.3738953173160553,0.8258258104324341,0.13828828930854797
YNL153C,YAL038W,0,0.2967894,0.37364131212234497,0.8258258104324341,0.13843843340873718
YJL141C,YNL259C,0,0.2959634,0.3733876347541809,0.8258258104324341,0.13858859241008759
YDR090C,YPL042C,0,0.29437783,0.3731343150138855,0.8258258104324341,0.1387387365102768
YDR216W,YDR142C,1,0.29203087,0.3735593259334564,0.827327311038971,0.1387387365102768
YGL170C,YGL183C,0,0.29124844,0.3733062446117401,0.827327311038971,0.1388888955116272
YKL013C,YPL167C,0,0.2912452,0.37305349111557007,0.827327311038971,0.1390390396118164
YLR289W,YKR101W,0,0.2911185,0.3728010952472687,0.827327311038971,0.13918918371200562
YBR281C,YEL056W,0,0.2892789,0.37254902720451355,0.827327311038971,0.13933934271335602
YGL112C,YGR179C,0,0.28653884,0.3722972869873047,0.827327311038971,0.13948948681354523
YPL007C,YLL061W,0,0.28651044,0.3720459043979645,0.827327311038971,0.13963964581489563
YGR258C,YGL256W,0,0.2865061,0.3717948794364929,0.827327311038971,0.13978978991508484
YDR373W,YOR313C,0,0.28625792,0.37154415249824524,0.827327311038971,0.13993993401527405
YLR359W,YNR044W,0,0.28545684,0.3712938129901886,0.827327311038971,0.14009009301662445
YFL033C,YOR349W,0,0.28512347,0.37104377150535583,0.827327311038971,0.14024023711681366
YKR103W,YKL124W,0,0.2850036,0.3707940876483917,0.827327311038971,0.14039039611816406
YMR039C,YNL080C,0,0.28477198,0.3705447316169739,0.827327311038971,0.14054054021835327
YKL117W,YGR012W,0,0.28457296,0.3702957034111023,0.827327311038971,0.14069068431854248
YFR018C,YMR186W,0,0.28441897,0.370047003030777,0.827327311038971,0.14084084331989288
YDL197C,YLR389C,0,0.28306717,0.3697986602783203,0.827327311038971,0.1409909874200821
YDR369C,YLL033W,0,0.27959165,0.3695506453514099,0.827327311038971,0.1411411464214325
YBR275C,YAL039C,0,0.27780813,0.3693029582500458,0.827327311038971,0.1412912905216217
YGL226C-A,YJL085W,0,0.2758177,0.3690555989742279,0.827327311038971,0.1414414346218109
YNR074C,YOL111C,0,0.27528736,0.3688085675239563,0.827327311038971,0.14159159362316132
YIL143C,YKR069W,0,0.27494383,0.36856186389923096,0.827327311038971,0.14174173772335052
YHR047C,YIL159W,0,0.2744754,0.36831551790237427,0.827327311038971,0.14189189672470093
YHR074W,YJR031C,0,0.27349487,0.36806946992874146,0.827327311038971,0.14204204082489014
YCR093W,YDR245W,0,0.27325717,0.3678237795829773,0.827327311038971,0.14219218492507935
YIL080W,YNL121C,0,0.2719094,0.367578387260437,0.827327311038971,0.14234234392642975
YBR278W,YER090W,0,0.27076167,0.367333322763443,0.827327311038971,0.14249248802661896
YLR314C,YDR207C,0,0.27041432,0.3670886158943176,0.827327311038971,0.14264264702796936
YLR390W,YNR028W,0,0.26969326,0.36684420704841614,0.827327311038971,0.14279279112815857
YOL070C,YBR274W,0,0.2694704,0.3666001260280609,0.827327311038971,0.14294295012950897
YIL134W,YLR187W,0,0.26855102,0.36635637283325195,0.827327311038971,0.14309309422969818
YLR329W,YBR222C,0,0.26683354,0.36611294746398926,0.827327311038971,0.1432432383298874
YGR012W,YPL147W,0,0.26669946,0.3658698499202728,0.827327311038971,0.1433933973312378
YBR002C,YHR004C,0,0.26608762,0.36562708020210266,0.827327311038971,0.143543541431427
YMR218C,YGR177C,0,0.26550812,0.36538460850715637,0.827327311038971,0.1436937004327774
YHR069C,YAL054C,0,0.26511684,0.36514246463775635,0.827327311038971,0.1438438445329666
YNL236W,YDR226W,0,0.2649356,0.3649006485939026,0.827327311038971,0.14399398863315582
YJL210W,YOL147C,1,0.26283082,0.36532098054885864,0.8288288116455078,0.14399398863315582
YIR004W,YPR128C,1,0.2626343,0.36574074625968933,0.8303303122520447,0.14399398863315582
YOR292C,YBR238C,0,0.25757408,0.36549901962280273,0.8303303122520447,0.14414414763450623
YJL071W,YIR032C,0,0.25653812,0.36525759100914,0.8303303122520447,0.14429429173469543
YOR239W,YLR386W,0,0.25537375,0.36501649022102356,0.8303303122520447,0.14444445073604584
YOR279C,YJR053W,0,0.2548701,0.36477571725845337,0.8303303122520447,0.14459459483623505
YOR215C,YIL140W,0,0.25422463,0.36453527212142944,0.8303303122520447,0.14474473893642426
YBL041W,YMR065W,0,0.25276121,0.3642951250076294,0.8303303122520447,0.14489489793777466
YML028W,YDR146C,0,0.25205708,0.3640553057193756,0.8303303122520447,0.14504504203796387
YBR129C,YLR026C,0,0.25177717,0.3638157844543457,0.8303303122520447,0.14519520103931427
YDR034C,YBR230C,0,0.24971479,0.36357659101486206,0.8303303122520447,0.14534534513950348
YER017C,YJR101W,0,0.24949768,0.3633377254009247,0.8303303122520447,0.1454954892396927
YKL203C,YJL176C,0,0.24835484,0.3630991578102112,0.8303303122520447,0.1456456482410431
YDR079W,YNL073W,0,0.24649592,0.36286088824272156,0.8303303122520447,0.1457957923412323
YEL069C,YJR034W,0,0.24616727,0.3626229465007782,0.8303303122520447,0.1459459513425827
YHR029C,YJL178C,0,0.24570462,0.3623853325843811,0.8303303122520447,0.1460960954427719
YNL231C,YMR145C,0,0.24558875,0.3621480166912079,0.8303303122520447,0.14624623954296112
YPL002C,YNL258C,0,0.24512498,0.36191099882125854,0.8303303122520447,0.14639639854431152
YDL215C,YDL216C,0,0.24375811,0.36167430877685547,0.8303303122520447,0.14654654264450073
YIR004W,YDR265W,1,0.24136342,0.3620915114879608,0.8318318128585815,0.14654654264450073
YKL022C,YOL054W,0,0.2382251,0.36185500025749207,0.8318318128585815,0.14669670164585114
YDR512C,YHR057C,0,0.23743817,0.3616187870502472,0.8318318128585815,0.14684684574604034
YJL071W,YOR123C,0,0.23569717,0.3613829016685486,0.8318318128585815,0.14699698984622955
YPL180W,YLR130C,0,0.23407622,0.36114731431007385,0.8318318128585815,0.14714714884757996
YGR251W,YJL066C,0,0.23236752,0.3609120547771454,0.8318318128585815,0.14729729294776917
YJL192C,YER090W,0,0.2303929,0.3606770932674408,0.8318318128585815,0.14744745194911957
YLL029W,YDL133C-A,0,0.22723934,0.3604424297809601,0.8318318128585815,0.14759759604930878
YDR383C,YIL132C,0,0.22589745,0.36020806431770325,0.8318318128585815,0.14774775505065918
YNR074C,YKR008W,0,0.22544038,0.3599739968776703,0.8318318128585815,0.1478978991508484
YLR353W,YMR203W,0,0.22541228,0.3597402572631836,0.8318318128585815,0.1480480432510376
YNL182C,YGL148W,0,0.22502196,0.3595068156719208,0.8318318128585815,0.148198202252388
YMR301C,YDL077C,0,0.2241768,0.35927367210388184,0.8318318128585815,0.1483483463525772
YGL180W,YDR332W,0,0.22251791,0.3590408265590668,0.8318318128585815,0.1484985053539276
YKL175W,YGL241W,0,0.22217032,0.3588082790374756,0.8318318128585815,0.14864864945411682
YAL033W,YBR238C,0,0.22194603,0.35857605934143066,0.8318318128585815,0.14879879355430603
YDR351W,YGL174W,0,0.21991894,0.35834410786628723,0.8318318128585815,0.14894895255565643
YPR190C,YNL208W,0,0.21833071,0.35811248421669006,0.8318318128585815,0.14909909665584564
YBR042C,YDL225W,0,0.2162366,0.3578811287879944,0.8318318128585815,0.14924925565719604
YKL041W,YKR068C,0,0.21487454,0.35765010118484497,0.8318318128585815,0.14939939975738525
YJR005W,YOR216C,0,0.21387023,0.35741934180259705,0.8318318128585815,0.14954954385757446
YJL034W,YDL208W,0,0.21372387,0.3571889102458954,0.8318318128585815,0.14969970285892487
YGR012W,YEL062W,0,0.21209584,0.3569587767124176,0.8318318128585815,0.14984984695911407
YPL180W,YKL061W,0,0.21117571,0.3567289113998413,0.8318318128585815,0.15000000596046448
YKL038W,YOR038C,0,0.21039087,0.3564993441104889,0.8318318128585815,0.1501501500606537
YBR183W,YBR173C,0,0.20993732,0.35627010464668274,0.8318318128585815,0.1503002941608429
YDL035C,YMR115W,0,0.20933768,0.3560411334037781,0.8318318128585815,0.1504504531621933
YLR305C,YOR123C,0,0.209126,0.3558124601840973,0.8318318128585815,0.1506005972623825
YLR206W,YJL155C,0,0.20781098,0.3555840849876404,0.8318318128585815,0.1507507562637329
YLR270W,YOR393W,0,0.20759362,0.35535600781440735,0.8318318128585815,0.15090090036392212
YOR106W,YMR115W,0,0.20733479,0.3551281988620758,0.8318318128585815,0.15105104446411133
YJL011C,YFL054C,0,0.20637487,0.3549007177352905,0.8318318128585815,0.15120120346546173
YNL261W,YPR135W,0,0.20565265,0.35467350482940674,0.8318318128585815,0.15135134756565094
YML058W-A,YBR031W,0,0.20523736,0.3544465899467468,0.8318318128585815,0.15150150656700134
YPL180W,YKL038W,0,0.20308164,0.3542199432849884,0.8318318128585815,0.15165165066719055
YLR219W,YLR028C,0,0.20229337,0.35399362444877625,0.8318318128585815,0.15180179476737976
YBR274W,YDR392W,0,0.2010116,0.3537675738334656,0.8318318128585815,0.15195195376873016
YER022W,YOR351C,0,0.19979462,0.3535417914390564,0.8318318128585815,0.15210209786891937
YGL083W,YLR330W,0,0.19938917,0.3533163368701935,0.8318318128585815,0.15225225687026978
YNR074C,YMR238W,0,0.1977117,0.35309115052223206,0.8318318128585815,0.15240240097045898
YCL004W,YDR364C,0,0.19712454,0.3528662323951721,0.8318318128585815,0.1525525599718094
YMR089C,YLR145W,0,0.19565016,0.35264164209365845,0.8318318128585815,0.1527027040719986
YLR268W,YKL144C,0,0.19516534,0.3524172902107239,0.8318318128585815,0.1528528481721878
YPL150W,YKR101W,0,0.19244142,0.35219326615333557,0.8318318128585815,0.1530030071735382
YDR138W,YHR058C,0,0.1913327,0.35196951031684875,0.8318318128585815,0.15315315127372742
YDR205W,YAL024C,0,0.19092306,0.3517460227012634,0.8318318128585815,0.15330331027507782
YOL141W,YOL066C,0,0.19041613,0.351522833108902,0.8318318128585815,0.15345345437526703
YNL273W,YNL050C,0,0.19007368,0.3512999415397644,0.8318318128585815,0.15360359847545624
YEL012W,YBR074W,0,0.1889475,0.3510773181915283,0.8318318128585815,0.15375375747680664
YBR294W,YNL110C,0,0.18809849,0.3508549630641937,0.8318318128585815,0.15390390157699585
YOR222W,YGL019W,0,0.18650366,0.350632905960083,0.8318318128585815,0.15405406057834625
YNL102W,YNL073W,0,0.18617964,0.35041114687919617,0.8318318128585815,0.15420420467853546
YDL054C,YCL052C,0,0.18601191,0.3501896262168884,0.8318318128585815,0.15435434877872467
YNR031C,YNL121C,0,0.18530625,0.34996840357780457,0.8318318128585815,0.15450450778007507
YLR295C,YDL107W,0,0.18482213,0.3497474789619446,0.8318318128585815,0.15465465188026428
YDR310C,YBL092W,0,0.18294817,0.3495268225669861,0.8318318128585815,0.15480481088161469
YOR145C,YDL022W,0,0.18285388,0.3493064343929291,0.8318318128585815,0.1549549549818039
YDR460W,YKR028W,0,0.18184346,0.34908631443977356,0.8318318128585815,0.1551050990819931
YGR118W,YJL213W,0,0.18160796,0.3488664925098419,0.8318318128585815,0.1552552580833435
YDR030C,YGL241W,0,0.18057702,0.34864693880081177,0.8318318128585815,0.15540540218353271
YLR314C,YML036W,0,0.18029056,0.3484276831150055,0.8318318128585815,0.15555556118488312
YNL026W,YER137C,0,0.1789597,0.3482086658477783,0.8318318128585815,0.15570570528507233
YDR205W,YBR276C,0,0.17714821,0.347989946603775,0.8318318128585815,0.15585584938526154
YNL202W,YOR123C,0,0.17682457,0.3477714955806732,0.8318318128585815,0.15600600838661194
YDR170C,YBL052C,0,0.17393993,0.3475533127784729,0.8318318128585815,0.15615615248680115
YBR172C,YNL208W,0,0.17381752,0.34733542799949646,0.8318318128585815,0.15630631148815155
YPL139C,YDR373W,0,0.17287588,0.3471177816390991,0.8318318128585815,0.15645645558834076
YJL087C,YHR051W,0,0.17285241,0.34690043330192566,0.8318318128585815,0.15660659968852997
YOL158C,YOR085W,0,0.17043312,0.3466833531856537,0.8318318128585815,0.15675675868988037
YER098W,YJL134W,0,0.17011887,0.3464665412902832,0.8318318128585815,0.15690690279006958
YNL230C,YJR031C,0,0.17011285,0.3462499976158142,0.8318318128585815,0.15705706179141998
YLR191W,YMR204C,1,0.16825446,0.3466583490371704,0.8333333134651184,0.15705706179141998
YDL198C,YKL053C-A,0,0.16733617,0.34644195437431335,0.8333333134651184,0.1572072058916092
YER017C,YJL141C,0,0.16571647,0.3462258279323578,0.8333333134651184,0.1573573499917984
YIL139C,YGR185C,0,0.16569267,0.3460099697113037,0.8333333134651184,0.1575075089931488
YKL170W,YDL216C,0,0.16567108,0.3457943797111511,0.8333333134651184,0.157657653093338
YAL024C,YOR123C,0,0.16485538,0.3455790877342224,0.8333333134651184,0.15780781209468842
YMR065W,YOL090W,0,0.1629445,0.3453640341758728,0.8333333134651184,0.15795795619487762
YDL121C,YLL019C,0,0.16255878,0.3451492488384247,0.8333333134651184,0.15810811519622803
YNL172W,YGL062W,0,0.16255358,0.34493473172187805,0.8333333134651184,0.15825825929641724
YJR005W,YGR084C,0,0.1607211,0.3447204828262329,0.8333333134651184,0.15840840339660645
YEL040W,YML056C,0,0.15942657,0.34450653195381165,0.8333333134651184,0.15855856239795685
YPL139C,YEL056W,0,0.15277244,0.3442927896976471,0.8333333134651184,0.15870870649814606
YNR067C,YOR338W,0,0.15258522,0.3440793454647064,0.8333333134651184,0.15885886549949646
YJR006W,YKR055W,0,0.15136065,0.34386616945266724,0.8333333134651184,0.15900900959968567
YPR111W,YBR276C,0,0.14968602,0.34365326166152954,0.8333333134651184,0.15915915369987488
YIL002C,YMR186W,0,0.14807203,0.34344059228897095,0.8333333134651184,0.15930931270122528
YJR138W,YDR254W,0,0.14589122,0.34322819113731384,0.8333333134651184,0.1594594568014145
YHR211W,YNL016W,0,0.14555779,0.3430160582065582,0.8333333134651184,0.1596096158027649
YGR032W,YLR348C,0,0.14375088,0.3428041934967041,0.8333333134651184,0.1597597599029541
YGR052W,YGR222W,0,0.14165877,0.34259259700775146,0.8333333134651184,0.1599099040031433
YOR106W,YGL051W,0,0.14159626,0.34238123893737793,0.8333333134651184,0.1600600630044937
YOL044W,YGR004W,1,0.14148119,0.34278666973114014,0.8348348140716553,0.1600600630044937
YDR373W,YDR392W,0,0.14145137,0.3425754904747009,0.8348348140716553,0.16021020710468292
YGL112C,YCL014W,0,0.13966817,0.34236451983451843,0.8348348140716553,0.16036036610603333
YKL064W,YDL097C,0,0.13618794,0.3421538472175598,0.8348348140716553,0.16051051020622253
YKL197C,YPR128C,1,0.13451521,0.3425584137439728,0.8363363146781921,0.16051051020622253
YDR151C,YLR325C,0,0.13424799,0.3423478901386261,0.8363363146781921,0.16066065430641174
YOR388C,YMR005W,0,0.13361351,0.3421376049518585,0.8363363146781921,0.16081081330776215
YAL055W,YMR204C,1,0.13203746,0.3425414264202118,0.837837815284729,0.16081081330776215
YDL029W,YGR113W,0,0.13122758,0.34233129024505615,0.837837815284729,0.16096095740795135
YKL015W,YJL095W,0,0.12961397,0.3421213924884796,0.837837815284729,0.16111111640930176
YOL082W,YMR276W,0,0.12890564,0.34191176295280457,0.837837815284729,0.16126126050949097
YJL053W,YMR300C,0,0.12859526,0.341702401638031,0.837837815284729,0.16141140460968018
YDL246C,YBR170C,0,0.1270572,0.34149327874183655,0.837837815284729,0.16156156361103058
YOR291W,YLL008W,0,0.12628773,0.3412843942642212,0.837837815284729,0.1617117077112198
YCR030C,YKL130C,0,0.12487321,0.3410758078098297,0.837837815284729,0.1618618667125702
YDL107W,YAL024C,0,0.12390581,0.34086742997169495,0.837837815284729,0.1620120108127594
YNL131W,YOL004W,0,0.12144998,0.34065935015678406,0.837837815284729,0.1621621549129486
YPL098C,YNR010W,0,0.121309325,0.34045150876045227,0.837837815284729,0.162312313914299
YDL028C,YAL024C,0,0.1206571,0.3402439057826996,0.837837815284729,0.16246245801448822
YCR011C,YOR123C,0,0.11832726,0.3400365710258484,0.837837815284729,0.16261261701583862
YNL117W,YBL092W,0,0.118286386,0.3398294746875763,0.837837815284729,0.16276276111602783
YPR128C,YGR133W,1,0.11789939,0.3402312695980072,0.8393393158912659,0.16276276111602783
YFR031C,YER171W,0,0.11662656,0.34002432227134705,0.8393393158912659,0.16291292011737823
YNL236W,YOR180C,0,0.11586283,0.3398176431655884,0.8393393158912659,0.16306306421756744
YDL036C,YJL192C,0,0.113146305,0.3396111726760864,0.8393393158912659,0.16321320831775665
YNR031C,YNL219C,0,0.11269778,0.33940497040748596,0.8393393158912659,0.16336336731910706
YGR288W,YGR155W,0,0.11087002,0.339199036359787,0.8393393158912659,0.16351351141929626
YJL087C,YKR055W,0,0.106466055,0.3389933407306671,0.8393393158912659,0.16366367042064667
YDR205W,YOR142W,0,0.10573788,0.33878788352012634,0.8393393158912659,0.16381381452083588
YCR046C,YHR051W,0,0.10540963,0.3385826647281647,0.8393393158912659,0.16396395862102509
YEL052W,YJL176C,0,0.10529448,0.3383777141571045,0.8393393158912659,0.1641141176223755
YLR024C,YBR093C,0,0.10469021,0.3381730318069458,0.8393393158912659,0.1642642617225647
YOR232W,YGL174W,0,0.103998505,0.3379685580730438,0.8393393158912659,0.1644144207239151
YNR006W,YMR193W,0,0.10111722,0.33776435256004333,0.8393393158912659,0.1645645648241043
YKL165C,YDR373W,0,0.10084521,0.33756038546562195,0.8393393158912659,0.16471470892429352
YJR005W,YLR026C,0,0.10065747,0.33735665678977966,0.8393393158912659,0.16486486792564392
YGR010W,YPL007C,0,0.099452704,0.33715319633483887,0.8393393158912659,0.16501501202583313
YPR200C,YKL094W,0,0.09836882,0.3369499742984772,0.8393393158912659,0.16516517102718353
YAL033W,YJR036C,0,0.09825289,0.3367469906806946,0.8393393158912659,0.16531531512737274
YGR252W,YBR274W,0,0.09590095,0.3365442454814911,0.8393393158912659,0.16546545922756195
YPL002C,YJL134W,0,0.09460494,0.3363417685031891,0.8393393158912659,0.16561561822891235
YDR337W,YMR273C,0,0.09334281,0.3361395001411438,0.8393393158912659,0.16576576232910156
YKL170W,YDL015C,0,0.09248773,0.3359375,0.8393393158912659,0.16591592133045197
YKL190W,YDR254W,0,0.091956034,0.3357357382774353,0.8393393158912659,0.16606606543064117
YBR282W,YGR072W,0,0.08912261,0.3355342149734497,0.8393393158912659,0.16621620953083038
YOL038W,YMR087W,0,0.08857986,0.3353329300880432,0.8393393158912659,0.1663663685321808
YIR004W,YMR026C,1,0.08854163,0.3357314169406891,0.8408408164978027,0.1663663685321808
YPL276W,YDL148C,0,0.08756596,0.33553025126457214,0.8408408164978027,0.16651651263237
YLR080W,YKL085W,0,0.087023094,0.3353293538093567,0.8408408164978027,0.1666666716337204
YNL329C,YGR004W,1,0.08603948,0.33572709560394287,0.8423423171043396,0.1666666716337204
YKL090W,YGL060W,0,0.0860392,0.33552631735801697,0.8423423171043396,0.1668168157339096
YBR275C,YPR198W,0,0.08555004,0.3353257477283478,0.8423423171043396,0.16696695983409882
YJR057W,YKL168C,0,0.08521961,0.3351254463195801,0.8423423171043396,0.16711711883544922
YPR128C,YMR163C,1,0.08516581,0.3355223834514618,0.8438438177108765,0.16711711883544922
YMR172W,YJR083C,0,0.084364444,0.33532220125198364,0.8438438177108765,0.16726726293563843
YPL139C,YLR219W,0,0.08405574,0.3351222276687622,0.8438438177108765,0.16741742193698883
YML112W,YGR143W,0,0.08357863,0.33492252230644226,0.8438438177108765,0.16756756603717804
YCR030C,YLR208W,0,0.08263113,0.3347230553627014,0.8438438177108765,0.16771772503852844
YEL062W,YMR250W,0,0.082452476,0.3345237970352173,0.8438438177108765,0.16786786913871765
YNL127W,YMR180C,0,0.08198616,0.33432480692863464,0.8438438177108765,0.16801801323890686
YPL151C,YDR137W,0,0.08156894,0.3341260552406311,0.8438438177108765,0.16816817224025726
YJL210W,YPL112C,1,0.079224795,0.33452168107032776,0.8453453183174133,0.16816817224025726
YNL032W,YMR238W,0,0.07906162,0.33432304859161377,0.8453453183174133,0.16831831634044647
YDR167W,YER087W,0,0.07849941,0.3341246247291565,0.8453453183174133,0.16846847534179688
YAR002C-A,YNL307C,0,0.07784307,0.3339264392852783,0.8453453183174133,0.16861861944198608
YDR296W,YDR415C,0,0.07759302,0.33372852206230164,0.8453453183174133,0.1687687635421753
YFR018C,YJL149W,0,0.07482302,0.33353081345558167,0.8453453183174133,0.1689189225435257
YNL261W,YOR089C,0,0.07458916,0.3333333432674408,0.8453453183174133,0.1690690666437149
YPL127C,YOR317W,0,0.073899776,0.33313608169555664,0.8453453183174133,0.1692192256450653
YNL314W,YGR036C,0,0.07187918,0.332939088344574,0.8453453183174133,0.16936936974525452
YGL172W,YER103W,0,0.07090626,0.332742303609848,0.8453453183174133,0.16951951384544373
YER050C,YGL174W,0,0.07040247,0.33254578709602356,0.8453453183174133,0.16966967284679413
YEL022W,YGL004C,0,0.069332585,0.3323494791984558,0.8453453183174133,0.16981981694698334
YOR159C,YOL045W,0,0.06840373,0.3321533799171448,0.8453453183174133,0.16996997594833374
YDR405W,YER162C,0,0.0664316,0.33195754885673523,0.8453453183174133,0.17012012004852295
YGR077C,YHR150W,1,0.06518686,0.3323512077331543,0.8468468189239502,0.17012012004852295
YNL127W,YFR031C,0,0.06513988,0.3321554660797119,0.8468468189239502,0.17027026414871216
YDR310C,YOR355W,0,0.061541937,0.33195996284484863,0.8468468189239502,0.17042042315006256
YNR017W,YKL067W,0,0.061167,0.33176469802856445,0.8468468189239502,0.17057056725025177
YDL206W,YOR226C,0,0.06062475,0.3315696716308594,0.8468468189239502,0.17072072625160217
YOL086C,YBL068W,0,0.05994565,0.331374853849411,0.8468468189239502,0.17087087035179138
YGL083W,YDL045W-A,0,0.059763476,0.33118027448654175,0.8468468189239502,0.1710210144519806
YLL002W,YDR254W,0,0.05900268,0.3309859037399292,0.8468468189239502,0.171171173453331
YMR246W,YML132W,0,0.058474213,0.33079180121421814,0.8468468189239502,0.1713213175535202
YDL059C,YER168C,0,0.05722493,0.3305978775024414,0.8468468189239502,0.1714714765548706
YNL084C,YER090W,0,0.056956217,0.33040422201156616,0.8468468189239502,0.17162162065505981
YMR077C,YMR039C,0,0.055803668,0.33021077513694763,0.8468468189239502,0.17177176475524902
YOR301W,YDR423C,0,0.05502075,0.3300175666809082,0.8468468189239502,0.17192192375659943
YAL060W,YOR377W,0,0.05418226,0.3298245668411255,0.8468468189239502,0.17207206785678864
YDR034C,YAL031C,0,0.05393877,0.3296318054199219,0.8468468189239502,0.17222222685813904
YBR010W,YAL039C,0,0.053228788,0.329439252614975,0.8468468189239502,0.17237237095832825
YBR278W,YKR008W,0,0.049312703,0.3292469382286072,0.8468468189239502,0.17252252995967865
YNR074C,YCR052W,0,0.04840076,0.3290548324584961,0.8468468189239502,0.17267267405986786
YDR457W,YOL004W,0,0.047354765,0.3288629651069641,0.8468468189239502,0.17282281816005707
YDR405W,YDL225W,0,0.04676658,0.32867133617401123,0.8468468189239502,0.17297297716140747
YMR228W,YGL163C,0,0.046699025,0.32847991585731506,0.8468468189239502,0.17312312126159668
YMR026C,YPR128C,1,0.046668403,0.3288707733154297,0.8483483195304871,0.17312312126159668
YDL217C,YJL029C,0,0.045047536,0.32867947220802307,0.8483483195304871,0.17327328026294708
YKL144C,YEL029C,0,0.04339805,0.32848837971687317,0.8483483195304871,0.1734234243631363
YHR132C,YMR075W,0,0.042120546,0.32829749584198,0.8483483195304871,0.1735735684633255
YDR131C,YBR276C,0,0.041941866,0.3281068503856659,0.8483483195304871,0.1737237274646759
YBL034C,YOR008C,0,0.04028088,0.3279164135456085,0.8483483195304871,0.1738738715648651
YBR260C,YDL216C,0,0.040019557,0.32772621512413025,0.8483483195304871,0.17402403056621552
YAL054C,YBR271W,0,0.0397619,0.3275362253189087,0.8483483195304871,0.17417417466640472
YBR282W,YDR260C,0,0.039593026,0.32734647393226624,0.8483483195304871,0.17432431876659393
YMR168C,YER190W,0,0.037949413,0.3271569311618805,0.8483483195304871,0.17447447776794434
YDL036C,YAL024C,0,0.037827775,0.32696759700775146,0.8483483195304871,0.17462462186813354
YGL256W,YGL037C,0,0.035412177,0.32677847146987915,0.8483483195304871,0.17477478086948395
YBR274W,YHR168W,0,0.034559548,0.32658958435058594,0.8483483195304871,0.17492492496967316
YMR020W,YNL107W,0,0.03227359,0.3264009356498718,0.8483483195304871,0.17507506906986237
YJR004C,YGR155W,0,0.031359434,0.32621246576309204,0.8483483195304871,0.17522522807121277
YNL273W,YPL096W,0,0.030957624,0.32602423429489136,0.8483483195304871,0.17537537217140198
YMR315W,YLR344W,0,0.027895346,0.3258362114429474,0.8483483195304871,0.17552553117275238
YPR167C,YJL124C,0,0.02743715,0.3256484270095825,0.8483483195304871,0.1756756752729416
YPR026W,YGL237C,0,0.02681879,0.325460821390152,0.8483483195304871,0.1758258193731308
YDR306C,YDL097C,0,0.026798286,0.32527345418930054,0.8483483195304871,0.1759759783744812
YPR162C,YGR167W,0,0.025798082,0.3250862956047058,0.8483483195304871,0.1761261224746704
YKR071C,YGR221C,0,0.025400452,0.3248993754386902,0.8483483195304871,0.1762762814760208
YER162C,YKL094W,0,0.023946479,0.3247126340866089,0.8483483195304871,0.17642642557621002
YIL108W,YEL022W,0,0.022838533,0.3245261311531067,0.8483483195304871,0.17657656967639923
YDR131C,YML097C,0,0.020778228,0.3243398368358612,0.8483483195304871,0.17672672867774963
YBR271W,YPR160W,0,0.020047776,0.32415375113487244,0.8483483195304871,0.17687687277793884
YCR057C,YFR033C,0,0.017569005,0.32396790385246277,0.8483483195304871,0.17702703177928925
YOR193W,YOL044W,1,0.017505292,0.3243553042411804,0.8498498201370239,0.17702703177928925
YPR083W,YMR034C,0,0.015726961,0.3241695165634155,0.8498498201370239,0.17717717587947845
YKR071C,YAR031W,0,0.014909297,0.32398396730422974,0.8498498201370239,0.17732731997966766
YGR167W,YLR005W,0,0.013825774,0.32379862666130066,0.8498498201370239,0.17747747898101807
YLL003W,YGL241W,0,0.01356183,0.3236134946346283,0.8498498201370239,0.17762762308120728
YJR130C,YMR159C,0,0.013173491,0.32342857122421265,0.8498498201370239,0.17777778208255768
YGL236C,YKL053C-A,0,0.012980305,0.3232438564300537,0.8498498201370239,0.1779279261827469
YER151C,YIL021W,0,0.01255751,0.3230593502521515,0.8498498201370239,0.1780780851840973
YDL227C,YOL108C,0,0.01251772,0.32287508249282837,0.8498498201370239,0.1782282292842865
YBR081C,YPR002W,0,0.0105278045,0.3226909935474396,0.8498498201370239,0.1783783733844757
YBR150C,YLR028C,0,0.010173529,0.3225071132183075,0.8498498201370239,0.1785285323858261
YOR292C,YGL216W,0,0.009518199,0.3223234713077545,0.8498498201370239,0.17867867648601532
YJR107W,YDR419W,0,0.0076088384,0.32214000821113586,0.8498498201370239,0.17882883548736572
YPR167C,YKL130C,0,0.0033562928,0.3219567835330963,0.8498498201370239,0.17897897958755493
YGL083W,YNR010W,0,0.0031077862,0.3217737376689911,0.8498498201370239,0.17912912368774414
YLR160C,YMR075W,0,0.0022902936,0.3215909004211426,0.8498498201370239,0.17927928268909454
YGR036C,YJL155C,0,0.00043030083,0.32140830159187317,0.8498498201370239,0.17942942678928375
YKR019C,YDR470C,0,-0.00011590123,0.3212258815765381,0.8498498201370239,0.17957958579063416
YER014C-A,YLR380W,0,-0.00047710538,0.3210436701774597,0.8498498201370239,0.17972972989082336
YNL307C,YJL213W,0,-0.00095042214,0.32086166739463806,0.8498498201370239,0.17987987399101257
YGR036C,YLR270W,0,-0.0009736717,0.3206798732280731,0.8498498201370239,0.18003003299236298
YOR147W,YHL027W,0,-0.002892375,0.3204982876777649,0.8498498201370239,0.18018017709255219
YMR025W,YJL085W,0,-0.0043039843,0.3203169107437134,0.8498498201370239,0.1803303360939026
YJL087C,YKL096W-A,0,-0.0043314695,0.3201357424259186,0.8498498201370239,0.1804804801940918
YGL237C,YFL033C,0,-0.0066906884,0.3199547827243805,0.8498498201370239,0.180630624294281
YJL004C,YOR353C,0,-0.008784577,0.31977400183677673,0.8498498201370239,0.1807807832956314
YMR112C,YNL070W,0,-0.008885592,0.3195934593677521,0.8498498201370239,0.18093092739582062
YLR314C,YMR160W,0,-0.009077255,0.31941309571266174,0.8498498201370239,0.18108108639717102
YOR025W,YGR134W,0,-0.0100348,0.3192329406738281,0.8498498201370239,0.18123123049736023
YBR020W,YOR025W,0,-0.010734823,0.3190529942512512,0.8498498201370239,0.18138137459754944
YHR069C,YLR394W,0,-0.012044072,0.31887322664260864,0.8498498201370239,0.18153153359889984
YOR304W,YNR015W,0,-0.012132026,0.31869369745254517,0.8498498201370239,0.18168167769908905
YER014C-A,YFL001W,0,-0.012708098,0.318514347076416,0.8498498201370239,0.18183183670043945
YBR150C,YBR031W,0,-0.014355272,0.3183352053165436,0.8498498201370239,0.18198198080062866
YGR199W,YHR135C,0,-0.01562721,0.31815627217292786,0.8498498201370239,0.18213212490081787
YBR020W,YDR494W,0,-0.017047405,0.31797751784324646,0.8498498201370239,0.18228228390216827
YPR171W,YPR091C,0,-0.017492637,0.31779900193214417,0.8498498201370239,0.18243242800235748
YFR029W,YJR140C,0,-0.018011779,0.3176206648349762,0.8498498201370239,0.18258258700370789
YFR029W,YBR059C,0,-0.018116146,0.31744250655174255,0.8498498201370239,0.1827327311038971
YOR138C,YFL017W-A,0,-0.019674316,0.317264586687088,0.8498498201370239,0.1828828901052475
YLL003W,YGL112C,0,-0.020009398,0.3170868456363678,0.8498498201370239,0.1830330342054367
YIL159W,YFL001W,0,-0.020054657,0.3169092833995819,0.8498498201370239,0.18318317830562592
YIR004W,YMR163C,1,-0.021769758,0.3172915577888489,0.8513513803482056,0.18318317830562592
YDR411C,YLL019C,0,-0.022708438,0.31711408495903015,0.8513513803482056,0.18333333730697632
YNL085W,YHR082C,0,-0.023953632,0.3169368505477905,0.8513513803482056,0.18348348140716553
YOR232W,YGL060W,0,-0.02633562,0.31675976514816284,0.8513513803482056,0.18363364040851593
YBL011W,YDR364C,0,-0.026891157,0.31658291816711426,0.8513513803482056,0.18378378450870514
YPR190C,YLR050C,0,-0.027769342,0.31640625,0.8513513803482056,0.18393392860889435
YGL014W,YGL169W,0,-0.028472826,0.31622979044914246,0.8513513803482056,0.18408408761024475
YDR254W,YBL011W,0,-0.029699259,0.31605350971221924,0.8513513803482056,0.18423423171043396
YOR089C,YHR058C,0,-0.02999103,0.31587743759155273,0.8513513803482056,0.18438439071178436
YNL138W-A,YPR133W-A,0,-0.032991216,0.31570154428482056,0.8513513803482056,0.18453453481197357
YMR203W,YJR083C,0,-0.03423649,0.3155258893966675,0.8513513803482056,0.18468467891216278
YDR254W,YEL070W,0,-0.035964772,0.31535038352012634,0.8513513803482056,0.18483483791351318
YOR363C,YGR239C,1,-0.036689,0.3157309591770172,0.8528528809547424,0.18483483791351318
YJR082C,YNL107W,0,-0.037214935,0.31555554270744324,0.8528528809547424,0.1849849820137024
YLL002W,YMR227C,0,-0.03811094,0.315380334854126,0.8528528809547424,0.1851351410150528
YJR107W,YER185W,0,-0.038908266,0.31520533561706543,0.8528528809547424,0.185285285115242
YMR025W,YGR105W,0,-0.039866045,0.3150305151939392,0.8528528809547424,0.1854354292154312
YPL151C,YGL183C,0,-0.040900342,0.3148558735847473,0.8528528809547424,0.18558558821678162
YGL237C,YGR281W,0,-0.04182379,0.31468144059181213,0.8528528809547424,0.18573573231697083
YDR389W,YBR042C,0,-0.041906,0.3145071864128113,0.8528528809547424,0.18588589131832123
YGL115W,YLR191W,1,-0.043092802,0.31488654017448425,0.8543543815612793,0.18588589131832123
YPL083C,YLR005W,0,-0.043202214,0.31471237540245056,0.8543543815612793,0.18603603541851044
YOR168W,YBR145W,0,-0.044648707,0.3145384192466736,0.8543543815612793,0.18618617951869965
YLL029W,YGR072W,0,-0.045583725,0.31436464190483093,0.8543543815612793,0.18633633852005005
YKL190W,YNL290W,0,-0.045972142,0.3141910433769226,0.8543543815612793,0.18648648262023926
YOL147C,YKR001C,1,-0.047687814,0.31456953287124634,0.8558558821678162,0.18648648262023926
YCR093W,YOR187W,0,-0.04866463,0.3143960237503052,0.8558558821678162,0.18663664162158966
YHR132C,YGL019W,0,-0.04897722,0.3142227232456207,0.8558558821678162,0.18678678572177887
YGL241W,YFR036W,0,-0.050203495,0.3140496015548706,0.8558558821678162,0.18693692982196808
YJL214W,YBR276C,0,-0.050527245,0.3138766586780548,0.8558558821678162,0.18708708882331848
YOL102C,YGR143W,0,-0.05061781,0.31370389461517334,0.8558558821678162,0.1872372329235077
YJR026W,YLR160C,0,-0.05107116,0.3135313391685486,0.8558558821678162,0.1873873919248581
YJR006W,YPR030W,0,-0.051091477,0.31335899233818054,0.8558558821678162,0.1875375360250473
YDL142C,YGR239C,0,-0.05315286,0.3131868243217468,0.8558558821678162,0.1876876950263977
YGL122C,YBR230C,0,-0.053215563,0.31301483511924744,0.8558558821678162,0.18783783912658691
YML051W,YBL011W,0,-0.05472606,0.3128430247306824,0.8558558821678162,0.18798798322677612
YDL061C,YOR008C,0,-0.056183785,0.312671422958374,0.8558558821678162,0.18813814222812653
YGR052W,YFR019W,0,-0.06615136,0.3125,0.8558558821678162,0.18828828632831573
YNL016W,YLR042C,0,-0.06878453,0.3123287558555603,0.8558558821678162,0.18843844532966614
YGR239C,YDR265W,1,-0.06967278,0.3127053678035736,0.857357382774353,0.18843844532966614
YOR099W,YMR193W,0,-0.06984563,0.3125342130661011,0.857357382774353,0.18858858942985535
YNL127W,YLR383W,0,-0.0699594,0.31236323714256287,0.857357382774353,0.18873873353004456
YKR035W-A,YBR243C,0,-0.07045859,0.312192440032959,0.857357382774353,0.18888889253139496
YOR193W,YLR191W,1,-0.07123374,0.3125683069229126,0.8588588833808899,0.18888889253139496
YPR011C,YDR059C,0,-0.07227219,0.3123975992202759,0.8588588833808899,0.18903903663158417
YER017C,YDR109C,0,-0.074863926,0.3122270703315735,0.8588588833808899,0.18918919563293457
YMR182C,YGL170C,0,-0.07584017,0.3120567500591278,0.8588588833808899,0.18933933973312378
YPL112C,YLR191W,1,-0.077078246,0.31243184208869934,0.8603603839874268,0.18933933973312378
YBR294W,YHR051W,0,-0.077377595,0.31226158142089844,0.8603603839874268,0.189489483833313
YOR219C,YEL062W,0,-0.079013124,0.31209149956703186,0.8603603839874268,0.1896396428346634
YNL070W,YIL079C,0,-0.080312595,0.3119215965270996,0.8603603839874268,0.1897897869348526
YIL128W,YKL174C,0,-0.081335396,0.3117519021034241,0.8603603839874268,0.189939945936203
YCL036W,YNL238W,0,-0.08134771,0.31158238649368286,0.8603603839874268,0.1900900900363922
YOR274W,YAL016W,0,-0.081712,0.311413049697876,0.8603603839874268,0.19024023413658142
YGL004C,YHR079C,0,-0.0822866,0.3112438917160034,0.8603603839874268,0.19039039313793182
YNL121C,YLR224W,0,-0.082521066,0.3110749125480652,0.8603603839874268,0.19054053723812103
YGR095C,YKL064W,0,-0.08366318,0.31090614199638367,0.8603603839874268,0.19069069623947144
YJR138W,YER014C-A,0,-0.083683945,0.3107375204563141,0.8603603839874268,0.19084084033966064
YOR193W,YMR026C,1,-0.084648,0.31111112236976624,0.8618618845939636,0.19084084033966064
YDR067C,YPL027W,0,-0.087228686,0.3109425902366638,0.8618618845939636,0.19099098443984985
YNR074C,YOL141W,0,-0.087471925,0.3107742369174957,0.8618618845939636,0.19114114344120026
YLR080W,YLR394W,0,-0.08756046,0.31060606241226196,0.8618618845939636,0.19129128754138947
YPR182W,YHR057C,0,-0.08803777,0.3104380667209625,0.8618618845939636,0.19144144654273987
YPL099C,YLR145W,0,-0.09006269,0.3102702796459198,0.8618618845939636,0.19159159064292908
YNL085W,YDR131C,0,-0.090265736,0.310102641582489,0.8618618845939636,0.1917417347431183
YGR077C,YOR326W,1,-0.09196069,0.3104751706123352,0.8633633852005005,0.1917417347431183
YLR383W,YEL041W,0,-0.09431812,0.3103076219558716,0.8633633852005005,0.1918918937444687
YGL162W,YDR260C,0,-0.095249094,0.3101402521133423,0.8633633852005005,0.1920420378446579
YOL038W,YBR120C,0,-0.09546483,0.3099730312824249,0.8633633852005005,0.1921921968460083
YBR081C,YPR152C,0,-0.09813167,0.30980604887008667,0.8633633852005005,0.1923423409461975
YGL244W,YMR250W,0,-0.09854376,0.30963921546936035,0.8633633852005005,0.19249248504638672
YOL028C,YDL225W,0,-0.0991517,0.30947256088256836,0.8633633852005005,0.19264264404773712
YDL065C,YOR326W,1,-0.103641994,0.3098440170288086,0.8648648858070374,0.19264264404773712
YGR221C,YDR378C,0,-0.10410884,0.3096774220466614,0.8648648858070374,0.19279278814792633
YDR296W,YKL094W,0,-0.1059892,0.3095110058784485,0.8648648858070374,0.19294294714927673
YOR084W,YOR326W,1,-0.10650864,0.3098818361759186,0.8663663864135742,0.19294294714927673
YOR287C,YGL051W,0,-0.10664594,0.30971550941467285,0.8663663864135742,0.19309309124946594
YNR006W,YOR085W,0,-0.10737038,0.30954936146736145,0.8663663864135742,0.19324325025081635
YMR061W,YDR404C,0,-0.10872255,0.3093833923339844,0.8663663864135742,0.19339339435100555
YLR219W,YHR156C,0,-0.11093524,0.30921757221221924,0.8663663864135742,0.19354353845119476
YFL011W-A,YGR032W,0,-0.112585895,0.3090519607067108,0.8663663864135742,0.19369369745254517
YHR077C,YDR332W,0,-0.11338136,0.30888649821281433,0.8663663864135742,0.19384384155273438
YNR057C,YMR137C,0,-0.11398667,0.30872124433517456,0.8663663864135742,0.19399400055408478
YIL088C,YHR079C,0,-0.114444055,0.30855613946914673,0.8663663864135742,0.194144144654274
YLR105C,YGR225W,0,-0.116782844,0.3083912432193756,0.8663663864135742,0.1942942887544632
YGR144W,YGL259W,0,-0.11974681,0.30822649598121643,0.8663663864135742,0.1944444477558136
YDR263C,YJR083C,0,-0.12059224,0.3080619275569916,0.8663663864135742,0.1945945918560028
YIL095W,YOR351C,0,-0.1207377,0.30789753794670105,0.8663663864135742,0.1947447508573532
YHR132C,YBR282W,0,-0.12485713,0.30773332715034485,0.8663663864135742,0.19489489495754242
YBR195C,YJL176C,0,-0.12656471,0.307569295167923,0.8663663864135742,0.19504503905773163
YKL165C,YLR016C,0,-0.13039526,0.3074054419994354,0.8663663864135742,0.19519519805908203
YDR460W,YKL171W,0,-0.13148934,0.3072417378425598,0.8663663864135742,0.19534534215927124
YPR189W,YER014C-A,0,-0.13230586,0.3070782423019409,0.8663663864135742,0.19549550116062164
YGR225W,YDL047W,0,-0.13236368,0.30691489577293396,0.8663663864135742,0.19564564526081085
YOR274W,YCR002C,0,-0.13343492,0.30675172805786133,0.8663663864135742,0.19579578936100006
YJR051W,YMR077C,0,-0.13347378,0.306588739156723,0.8663663864135742,0.19594594836235046
YER168C,YPL104W,0,-0.13470735,0.30642592906951904,0.8663663864135742,0.19609609246253967
YFL014W,YDL040C,0,-0.13477585,0.306263267993927,0.8663663864135742,0.19624625146389008
YLR425W,YDR416W,0,-0.13582435,0.3061007857322693,0.8663663864135742,0.19639639556407928
YPL200W,YNL032W,0,-0.13979393,0.3059384822845459,0.8663663864135742,0.1965465396642685
YLR425W,YNR013C,0,-0.14352942,0.30577635765075684,0.8663663864135742,0.1966966986656189
YDR423C,YDR415C,0,-0.14463833,0.3056144118309021,0.8663663864135742,0.1968468427658081
YLL003W,YKL161C,0,-0.14487001,0.3054526150226593,0.8663663864135742,0.1969970017671585
YDR265W,YPR128C,1,-0.14683321,0.305820107460022,0.8678678870201111,0.1969970017671585
YMR112C,YML036W,0,-0.14735025,0.30565837025642395,0.8678678870201111,0.19714714586734772
YPR128C,YGR077C,1,-0.14736561,0.30602535605430603,0.869369387626648,0.19714714586734772
YDR512C,YDR527W,0,-0.15144622,0.30586370825767517,0.869369387626648,0.19729728996753693
YDR351W,YEL037C,0,-0.15435913,0.30570220947265625,0.869369387626648,0.19744744896888733
YGR276C,YJL082W,0,-0.15446645,0.30554088950157166,0.869369387626648,0.19759759306907654
YBR120C,YNR018W,0,-0.15506954,0.3053797483444214,0.869369387626648,0.19774775207042694
YMR123W,YER151C,0,-0.15611461,0.30521875619888306,0.869369387626648,0.19789789617061615
YMR160W,YNL122C,0,-0.15623519,0.30505794286727905,0.869369387626648,0.19804805517196655
YJL087C,YLR005W,0,-0.15632853,0.3048973083496094,0.869369387626648,0.19819819927215576
YDR151C,YGL004C,0,-0.15761095,0.304736852645874,0.869369387626648,0.19834834337234497
YOL070C,YPL167C,0,-0.1576229,0.3045765459537506,0.869369387626648,0.19849850237369537
YGL112C,YJL029C,0,-0.16008253,0.3044164180755615,0.869369387626648,0.19864864647388458
YOR324C,YDL077C,0,-0.16040176,0.3042564392089844,0.869369387626648,0.19879880547523499
YCL043C,YOR142W,0,-0.16094498,0.30409663915634155,0.869369387626648,0.1989489495754242
YDR453C,YLR285W,0,-0.16216582,0.30393701791763306,0.869369387626648,0.1990990936756134
YOR378W,YDL170W,0,-0.16262835,0.3037775456905365,0.869369387626648,0.1992492526769638
YOR274W,YJR112W,0,-0.16303232,0.30361825227737427,0.869369387626648,0.19939939677715302
YCR052W,YJL095W,0,-0.16348886,0.303459107875824,0.869369387626648,0.19954955577850342
YLL029W,YBR020W,0,-0.16379166,0.303300142288208,0.869369387626648,0.19969969987869263
YIL143C,YPL007C,0,-0.16412927,0.30314135551452637,0.869369387626648,0.19984984397888184
YJL066C,YKL094W,0,-0.16426882,0.30298271775245667,0.869369387626648,0.20000000298023224
YLL040C,YLR278C,0,-0.16466534,0.3028242588043213,0.869369387626648,0.20015014708042145
YDR371W,YOR212W,0,-0.16492097,0.30266597867012024,0.869369387626648,0.20030030608177185
YLR395C,YFL013C,0,-0.16545135,0.30250784754753113,0.869369387626648,0.20045045018196106
YGR264C,YBL076C,0,-0.16690336,0.30234986543655396,0.869369387626648,0.20060059428215027
YLL041C,YDR140W,0,-0.16835222,0.3021920621395111,0.869369387626648,0.20075075328350067
YNR031C,YKL053C-A,0,-0.16955715,0.3020344376564026,0.869369387626648,0.20090089738368988
YLR353W,YGR179C,0,-0.17045185,0.301876962184906,0.869369387626648,0.20105105638504028
YDL216C,YDL077C,0,-0.17076768,0.30171963572502136,0.869369387626648,0.2012012004852295
YPL223C,YFR033C,0,-0.17232536,0.30156248807907104,0.869369387626648,0.2013513445854187
YHR061C,YPR060C,0,-0.17287916,0.30140551924705505,0.869369387626648,0.2015015035867691
YBR020W,YBR294W,0,-0.17297333,0.301248699426651,0.869369387626648,0.2016516476869583
YJL178C,YNL121C,0,-0.17302816,0.3010920584201813,0.869369387626648,0.20180180668830872
YPR167C,YJR140C,0,-0.17360988,0.3009355366230011,0.869369387626648,0.20195195078849792
YMR020W,YPR149W,0,-0.17509393,0.30077922344207764,0.869369387626648,0.20210209488868713
YDR076W,YOR194C,0,-0.17588247,0.3006230592727661,0.869369387626648,0.20225225389003754
YOL165C,YGL233W,0,-0.17677644,0.30046704411506653,0.869369387626648,0.20240239799022675
YLR300W,YMR179W,0,-0.17859319,0.30031120777130127,0.869369387626648,0.20255255699157715
YNL070W,YMR213W,0,-0.17876291,0.30015552043914795,0.869369387626648,0.20270270109176636
YGL083W,YER017C,0,-0.1804007,0.30000001192092896,0.869369387626648,0.20285286009311676
YJL066C,YGR268C,0,-0.18137096,0.2998446524143219,0.869369387626648,0.20300300419330597
YLR228C,YBR274W,0,-0.1820763,0.2996894419193268,0.869369387626648,0.20315314829349518
YOR147W,YJR119C,0,-0.18222567,0.299534410238266,0.869369387626648,0.20330330729484558
YIL095W,YPL244C,0,-0.18254265,0.29937952756881714,0.869369387626648,0.2034534513950348
YOL054W,YDR140W,0,-0.18285882,0.2992247939109802,0.869369387626648,0.2036036103963852
YFL057C,YJL053W,0,-0.18385358,0.29907023906707764,0.869369387626648,0.2037537544965744
YNR006W,YGL103W,0,-0.18468344,0.2989158630371094,0.869369387626648,0.2039038985967636
YBR278W,YMR304W,0,-0.18537506,0.29876160621643066,0.869369387626648,0.204054057598114
YBR195C,YGR239C,0,-0.1870236,0.2986075282096863,0.869369387626648,0.20420420169830322
YLR425W,YIL048W,0,-0.18782394,0.29845359921455383,0.869369387626648,0.20435436069965363
YKL170W,YDR373W,0,-0.18791606,0.2982998490333557,0.869369387626648,0.20450450479984283
YER151C,YDL206W,0,-0.19376817,0.29814624786376953,0.869369387626648,0.20465464890003204
YGR179C,YBR276C,0,-0.1951302,0.2979927957057953,0.869369387626648,0.20480480790138245
YDL202W,YLL055W,0,-0.1958836,0.297839492559433,0.869369387626648,0.20495495200157166
YLR028C,YIL042C,0,-0.19766323,0.297686368227005,0.869369387626648,0.20510511100292206
YPL131W,YER074W,0,-0.19775379,0.29753339290618896,0.869369387626648,0.20525525510311127
YMR093W,YGL050W,0,-0.20015664,0.29738059639930725,0.869369387626648,0.20540539920330048
YFR031C,YDR310C,0,-0.20100774,0.2972279191017151,0.869369387626648,0.20555555820465088
YGL083W,YKL210W,0,-0.20117481,0.29707542061805725,0.869369387626648,0.2057057023048401
YJL011C,YLR291C,0,-0.20166749,0.29692307114601135,0.869369387626648,0.2058558613061905
YPL127C,YPL180W,0,-0.20173576,0.2967709004878998,0.869369387626648,0.2060060054063797
YOL070C,YIL035C,0,-0.20180523,0.29661884903907776,0.869369387626648,0.2061561495065689
YEL052W,YGL233W,0,-0.20202196,0.29646697640419006,0.869369387626648,0.2063063085079193
YBR260C,YLR278C,0,-0.20276305,0.2963152527809143,0.869369387626648,0.20645645260810852
YKR054C,YJL141C,0,-0.20387118,0.2961636781692505,0.869369387626648,0.20660661160945892
YIR004W,YOR193W,1,-0.20407122,0.2965235114097595,0.8708708882331848,0.20660661160945892
YDR414C,YNL192W,0,-0.20550819,0.2963719964027405,0.8708708882331848,0.20675675570964813
YOR298W,YBR276C,0,-0.20567462,0.2962206304073334,0.8708708882331848,0.20690689980983734
YIR004W,YLR191W,1,-0.2071532,0.29657989740371704,0.8723723888397217,0.20690689980983734
YDL148C,YBR192W,0,-0.20811167,0.2964285612106323,0.8723723888397217,0.20705705881118774
YDR140W,YCR046C,0,-0.20928359,0.29627740383148193,0.8723723888397217,0.20720720291137695
YNL208W,YER074W,0,-0.209796,0.2961263954639435,0.8723723888397217,0.20735736191272736
YDR240C,YPR060C,0,-0.21260488,0.29597553610801697,0.8723723888397217,0.20750750601291656
YDL197C,YLR028C,0,-0.21411972,0.2958248555660248,0.8723723888397217,0.20765766501426697
YPL139C,YDR457W,0,-0.21456057,0.29567429423332214,0.8723723888397217,0.20780780911445618
YJR010W,YIL021W,0,-0.2154101,0.29552391171455383,0.8723723888397217,0.20795795321464539
YER162C,YGL060W,0,-0.21707204,0.29537367820739746,0.8723723888397217,0.2081081122159958
YIL159W,YMR200W,0,-0.21836807,0.29522356390953064,0.8723723888397217,0.208258256316185
YGL162W,YER087C-B,0,-0.21958697,0.29507362842559814,0.8723723888397217,0.2084084153175354
YOR292C,YBL026W,0,-0.22063214,0.2949238717556,0.8723723888397217,0.2085585594177246
YJR130C,YKL015W,0,-0.22076483,0.29477423429489136,0.8723723888397217,0.20870870351791382
YKL174C,YMR250W,0,-0.2218471,0.2946247458457947,0.8723723888397217,0.20885886251926422
YDR079W,YCL034W,0,-0.2222849,0.29447540640830994,0.8723723888397217,0.20900900661945343
YEL052W,YPR030W,0,-0.22299801,0.2943262457847595,0.8723723888397217,0.20915916562080383
YJL178C,YKL053C-A,0,-0.2234713,0.29417720437049866,0.8723723888397217,0.20930930972099304
YMR203W,YOR099W,0,-0.22395374,0.2940283417701721,0.8723723888397217,0.20945945382118225
YAL016W,YJR103W,0,-0.22431685,0.2938796281814575,0.8723723888397217,0.20960961282253265
YHR061C,YKL210W,0,-0.2291157,0.29373103380203247,0.8723723888397217,0.20975975692272186
YNL283C,YOL028C,0,-0.22944504,0.29358261823654175,0.8723723888397217,0.20990991592407227
YOR326W,YGR004W,1,-0.22951892,0.29393938183784485,0.8738738894462585,0.20990991592407227
YLR183C,YKL171W,0,-0.22970484,0.2937910258769989,0.8738738894462585,0.21006006002426147
YLR191W,YGR004W,1,-0.23035939,0.2941473126411438,0.8753753900527954,0.21006006002426147
YOR388C,YGL183C,0,-0.23096406,0.29399898648262024,0.8753753900527954,0.21021020412445068
YMR065W,YPL011C,0,-0.232892,0.2938508093357086,0.8753753900527954,0.2103603631258011
YGL112C,YGR276C,0,-0.23338643,0.29370278120040894,0.8753753900527954,0.2105105072259903
YDL055C,YLR042C,0,-0.2343694,0.2935548722743988,0.8753753900527954,0.2106606662273407
YBR125C,YHR079C,0,-0.23527937,0.293407142162323,0.8753753900527954,0.2108108103275299
YMR168C,YPR026W,0,-0.2356973,0.29325956106185913,0.8753753900527954,0.21096095442771912
YDR306C,YGL216W,0,-0.23812555,0.2931121289730072,0.8753753900527954,0.21111111342906952
YJL085W,YKL015W,0,-0.240246,0.2929648160934448,0.8753753900527954,0.21126125752925873
YKL067W,YIR005W,0,-0.24247086,0.2928176820278168,0.8753753900527954,0.21141141653060913
YBR274W,YNL080C,0,-0.24259348,0.29267069697380066,0.8753753900527954,0.21156156063079834
YGR239C,YLR191W,1,-0.24506441,0.29302558302879333,0.8768768906593323,0.21156156063079834
YJR140C,YPL065W,0,-0.24605095,0.2928786277770996,0.8768768906593323,0.21171170473098755
YFR033C,YFR052W,0,-0.24793974,0.2927318215370178,0.8768768906593323,0.21186186373233795
YIR004W,YGR004W,1,-0.25016773,0.2930861711502075,0.8783783912658691,0.21186186373233795
YOR377W,YOR209C,0,-0.2507925,0.2929393947124481,0.8783783912658691,0.21201200783252716
YEL069C,YGR084C,0,-0.25080484,0.29279279708862305,0.8783783912658691,0.21216216683387756
YBR150C,YOR148C,0,-0.25111076,0.2926463186740875,0.8783783912658691,0.21231231093406677
YJL140W,YPL112C,0,-0.2521043,0.29249998927116394,0.8783783912658691,0.21246245503425598
YMR077C,YJL176C,0,-0.25494957,0.2923538088798523,0.8783783912658691,0.21261261403560638
YBR020W,YNR028W,0,-0.25495884,0.2922077775001526,0.8783783912658691,0.2127627581357956
YPR191W,YLL034C,0,-0.25503337,0.2920618951320648,0.8783783912658691,0.212912917137146
YDR082W,YHR058C,0,-0.25546765,0.291916161775589,0.8783783912658691,0.2130630612373352
YOR301W,YOR311C,0,-0.2555115,0.2917705774307251,0.8783783912658691,0.2132132202386856
YKL119C,YCL057W,0,-0.25665268,0.29162511229515076,0.8783783912658691,0.21336336433887482
YKL190W,YIL021W,0,-0.258059,0.29147982597351074,0.8783783912658691,0.21351350843906403
YPL167C,YNL335W,0,-0.26040673,0.2913346588611603,0.8783783912658691,0.21366366744041443
YPR091C,YNL259C,0,-0.26116717,0.29118964076042175,0.8783783912658691,0.21381381154060364
YER014C-A,YGL162W,0,-0.26379636,0.29104477167129517,0.8783783912658691,0.21396397054195404
YDR062W,YLR309C,0,-0.26504847,0.2909000515937805,0.8783783912658691,0.21411411464214325
YER022W,YHR174W,0,-0.26522896,0.2907554805278778,0.8783783912658691,0.21426425874233246
YPL112C,YJL117W,0,-0.2654755,0.29061102867126465,0.8783783912658691,0.21441441774368286
YER055C,YLR344W,0,-0.2660635,0.2904667258262634,0.8783783912658691,0.21456456184387207
YHR002W,YDR226W,0,-0.26820993,0.29032257199287415,0.8783783912658691,0.21471472084522247
YGL026C,YDL035C,0,-0.26864207,0.2901785671710968,0.8783783912658691,0.21486486494541168
YPR194C,YIL042C,0,-0.26894838,0.2900347113609314,0.8783783912658691,0.2150150090456009
YPR189W,YML032C,0,-0.2714368,0.28989097476005554,0.8783783912658691,0.2151651680469513
YJL112W,YDR473C,0,-0.27184576,0.2897473871707916,0.8783783912658691,0.2153153121471405
YLR291C,YJL192C,0,-0.27209663,0.28960394859313965,0.8783783912658691,0.2154654711484909
YPR026W,YDR254W,0,-0.2729002,0.2894606590270996,0.8783783912658691,0.21561561524868011
YBR052C,YOR251C,0,-0.2746107,0.2893175184726715,0.8783783912658691,0.21576575934886932
YOL045W,YLR404W,0,-0.27674732,0.28917449712753296,0.8783783912658691,0.21591591835021973
YGL220W,YER087C-B,0,-0.27768514,0.28903162479400635,0.8783783912658691,0.21606606245040894
YKL041W,YBR115C,0,-0.27963975,0.2888889014720917,0.8783783912658691,0.21621622145175934
YOL136C,YBR281C,0,-0.27995455,0.28874629735946655,0.8783783912658691,0.21636636555194855
YMR032W,YOL054W,0,-0.28069055,0.28860384225845337,0.8783783912658691,0.21651650965213776
YDR476C,YDR364C,0,-0.281152,0.2884615361690521,0.8783783912658691,0.21666666865348816
YGR239C,YKR001C,1,-0.28300577,0.28881222009658813,0.879879891872406,0.21666666865348816
YEL012W,YDL215C,0,-0.28331804,0.2886699438095093,0.879879891872406,0.21681681275367737
YER022W,YLR425W,0,-0.28518432,0.28852781653404236,0.879879891872406,0.21696697175502777
YOR301W,YKR068C,0,-0.2855612,0.2883858382701874,0.879879891872406,0.21711711585521698
YMR061W,YGR255C,0,-0.28579104,0.28824397921562195,0.879879891872406,0.2172672599554062
YLR005W,YKL064W,0,-0.28622496,0.28810226917266846,0.879879891872406,0.2174174189567566
YBR129C,YFR036W,0,-0.28652412,0.2879606783390045,0.879879891872406,0.2175675630569458
YPR187W,YML132W,0,-0.29121554,0.2878192663192749,0.879879891872406,0.2177177220582962
YHR082C,YER137C,0,-0.29192013,0.28767794370651245,0.879879891872406,0.2178678661584854
YMR168C,YMR145C,0,-0.29413718,0.2875367999076843,0.879879891872406,0.21801802515983582
YDR170C,YBR222C,0,-0.29451376,0.28739577531814575,0.879879891872406,0.21816816926002502
YJR028W,YPR133W-A,0,-0.29547846,0.2872548997402191,0.879879891872406,0.21831831336021423
YBR128C,YLR251W,0,-0.29721534,0.2871141731739044,0.879879891872406,0.21846847236156464
YKL095W,YGL163C,0,-0.2982077,0.2869735658168793,0.879879891872406,0.21861861646175385
YJR127C,YNR044W,0,-0.29837203,0.2868330776691437,0.879879891872406,0.21876877546310425
YGR004W,YAL055W,1,-0.2992185,0.2871820032596588,0.8813813924789429,0.21876877546310425
YGR169C,YBR182C,0,-0.29969436,0.287041574716568,0.8813813924789429,0.21891891956329346
YHR060W,YNL262W,0,-0.30041468,0.2869012653827667,0.8813813924789429,0.21906906366348267
YDL035C,YMR075W,0,-0.30190814,0.2867611050605774,0.8813813924789429,0.21921922266483307
YMR218C,YKL094W,0,-0.30277127,0.28662109375,0.8813813924789429,0.21936936676502228
YDR137W,YKL175W,0,-0.30557424,0.28648120164871216,0.8813813924789429,0.21951952576637268
YNL079C,YDL202W,0,-0.3057485,0.28634145855903625,0.8813813924789429,0.2196696698665619
YDR530C,YJL124C,0,-0.30593914,0.2862018644809723,0.8813813924789429,0.2198198139667511
YHR077C,YDR410C,0,-0.30664802,0.2860623896121979,0.8813813924789429,0.2199699729681015
YDR090C,YCR014C,0,-0.30740035,0.285923033952713,0.8813813924789429,0.2201201170682907
YGR032W,YDR164C,0,-0.30763805,0.2857838273048401,0.8813813924789429,0.2202702760696411
YBR168W,YPL112C,1,-0.30828673,0.2861313819885254,0.8828828930854797,0.2202702760696411
YIL128W,YNL208W,0,-0.30844426,0.28599220514297485,0.8828828930854797,0.22042042016983032
YGR032W,YGL226C-A,0,-0.30850485,0.28585317730903625,0.8828828930854797,0.22057056427001953
YNL147W,YMR213W,0,-0.3087576,0.2857142984867096,0.8828828930854797,0.22072072327136993
YNL008C,YGL236C,0,-0.30882943,0.2855755090713501,0.8828828930854797,0.22087086737155914
YER162C,YNL258C,0,-0.30957383,0.2854368984699249,0.8828828930854797,0.22102102637290955
YCL004W,YGL051W,0,-0.31090182,0.2852984070777893,0.8828828930854797,0.22117117047309875
YDR254W,YNL262W,0,-0.31221327,0.28516003489494324,0.8828828930854797,0.22132131457328796
YLR191W,YKR001C,1,-0.31247917,0.28550654649734497,0.8843843936920166,0.22132131457328796
YMR020W,YHR004C,0,-0.31258133,0.2853682041168213,0.8843843936920166,0.22147147357463837
YAL054C,YMR137C,0,-0.3160237,0.28523001074790955,0.8843843936920166,0.22162161767482758
YPL163C,YOR349W,0,-0.3160987,0.28509196639060974,0.8843843936920166,0.22177177667617798
YOR324C,YPL027W,0,-0.31641132,0.2849540412425995,0.8843843936920166,0.2219219207763672
YEL040W,YOR285W,0,-0.31875694,0.2848162353038788,0.8843843936920166,0.2220720648765564
YPL134C,YAL024C,0,-0.3200197,0.28467857837677,0.8843843936920166,0.2222222238779068
YNL231C,YKR044W,0,-0.32030943,0.2845410704612732,0.8843843936920166,0.222372367978096
YPR083W,YKL022C,0,-0.32165048,0.2844036817550659,0.8843843936920166,0.2225225269794464
YGR112W,YBR096W,0,-0.32183185,0.2842664122581482,0.8843843936920166,0.22267267107963562
YGL083W,YKL117W,0,-0.32230186,0.2841292917728424,0.8843843936920166,0.22282283008098602
YPR182W,YJL081C,0,-0.32284552,0.28399229049682617,0.8843843936920166,0.22297297418117523
YGR238C,YMR159C,0,-0.32321298,0.2838554084300995,0.8843843936920166,0.22312311828136444
YLR105C,YCR052W,0,-0.324446,0.28371867537498474,0.8843843936920166,0.22327327728271484
YAL022C,YLR113W,0,-0.32483503,0.28358209133148193,0.8843843936920166,0.22342342138290405
YKR055W,YDL078C,0,-0.32493937,0.2834456264972687,0.8843843936920166,0.22357358038425446
YKL144C,YBR074W,0,-0.32544902,0.28330928087234497,0.8843843936920166,0.22372372448444366
YEL036C,YKL206C,0,-0.32679254,0.2831730842590332,0.8843843936920166,0.22387386858463287
YOR299W,YCR055C,0,-0.3280996,0.283037006855011,0.8843843936920166,0.22402402758598328
YPL208W,YER104W,0,-0.32969758,0.2829010486602783,0.8843843936920166,0.22417417168617249
YCL004W,YLR278C,0,-0.32998455,0.2827652394771576,0.8843843936920166,0.2243243306875229
YLR329W,YOR209C,0,-0.33156332,0.2826295495033264,0.8843843936920166,0.2244744747877121
YDL215C,YFL023W,0,-0.33169937,0.2824940085411072,0.8843843936920166,0.2246246188879013
YIL135C,YDR081C,0,-0.33209315,0.2823585867881775,0.8843843936920166,0.2247747778892517
YMR182C,YHR135C,0,-0.3332084,0.28222328424453735,0.8843843936920166,0.22492492198944092
YOR106W,YGL019W,0,-0.33365896,0.28208813071250916,0.8843843936920166,0.22507508099079132
YNL307C,YOR311C,0,-0.33385137,0.2819530963897705,0.8843843936920166,0.22522522509098053
YGR167W,YDR260C,0,-0.33640748,0.2818181812763214,0.8843843936920166,0.22537536919116974
YHR135C,YMR273C,0,-0.33873862,0.28168341517448425,0.8843843936920166,0.22552552819252014
YMR160W,YNR072W,0,-0.3389961,0.28154876828193665,0.8843843936920166,0.22567567229270935
YOL082W,YLR270W,0,-0.33917445,0.2814142405986786,0.8843843936920166,0.22582583129405975
YNL107W,YGR077C,0,-0.3396685,0.28127986192703247,0.8843843936920166,0.22597597539424896
YBR182C,YBR074W,0,-0.3413251,0.2811455726623535,0.8843843936920166,0.22612611949443817
YHR058C,YMR210W,0,-0.34235957,0.2810114622116089,0.8843843936920166,0.22627627849578857
YER125W,YAL016W,0,-0.34283957,0.2808774411678314,0.8843843936920166,0.22642642259597778
YLL003W,YMR180C,0,-0.3434708,0.2807435691356659,0.8843843936920166,0.22657658159732819
YBR093C,YOR327C,0,-0.344686,0.2806098163127899,0.8843843936920166,0.2267267256975174
YDL045W-A,YGL220W,0,-0.34763736,0.2804761826992035,0.8843843936920166,0.2268768697977066
YNL267W,YLR151C,0,-0.34787357,0.280342698097229,0.8843843936920166,0.227027028799057
YGL186C,YHR039C-A,0,-0.34877795,0.28020933270454407,0.8843843936920166,0.22717717289924622
YNL102W,YOR180C,0,-0.3492682,0.2800760865211487,0.8843843936920166,0.22732733190059662
YOL129W,YAL017W,0,-0.34961414,0.27994295954704285,0.8843843936920166,0.22747747600078583
YER101C,YOR194C,0,-0.35151425,0.27980998158454895,0.8843843936920166,0.22762763500213623
YJR138W,YKL061W,0,-0.35605794,0.2796771228313446,0.8843843936920166,0.22777777910232544
YDL028C,YLL055W,0,-0.3572206,0.2795443832874298,0.8843843936920166,0.22792792320251465
YGL183C,YIL170W,0,-0.35750228,0.27941176295280457,0.8843843936920166,0.22807808220386505
YJR119C,YFR045W,0,-0.35831556,0.27927929162979126,0.8843843936920166,0.22822822630405426
YNL107W,YNL026W,0,-0.3585254,0.2791469097137451,0.8843843936920166,0.22837838530540466
YER013W,YGL163C,0,-0.35967183,0.2790146768093109,0.8843843936920166,0.22852852940559387
YNL267W,YGL060W,0,-0.35977823,0.27888256311416626,0.8843843936920166,0.22867867350578308
YOR193W,YDL065C,1,-0.36066285,0.27922385931015015,0.8858858942985535,0.22867867350578308
YPL064C,YMR008C,0,-0.36119723,0.2790917754173279,0.8858858942985535,0.22882883250713348
YPR200C,YDR062W,0,-0.3645568,0.27895981073379517,0.8858858942985535,0.2289789766073227
YOL147C,YGR004W,1,-0.36551344,0.2793005704879761,0.8873873949050903,0.2289789766073227
YPL064C,YBR287W,0,-0.3659134,0.27916863560676575,0.8873873949050903,0.2291291356086731
YKL061W,YLR330W,0,-0.36744857,0.27903681993484497,0.8873873949050903,0.2292792797088623
YKL061W,YJL053W,0,-0.3698162,0.27890515327453613,0.8873873949050903,0.2294294238090515
YFL033C,YKL022C,0,-0.37143856,0.27877357602119446,0.8873873949050903,0.22957958281040192
YMR227C,YJR140C,0,-0.37168184,0.2786421477794647,0.8873873949050903,0.22972972691059113
YBR006W,YJL081C,0,-0.37178484,0.27851083874702454,0.8873873949050903,0.22987988591194153
YDR090C,YCR002C,0,-0.37193155,0.2783796489238739,0.8873873949050903,0.23003003001213074
YKL217W,YDR159W,0,-0.37196672,0.2782485783100128,0.8873873949050903,0.23018017411231995
YOL045W,YOL043C,0,-0.37354952,0.27811765670776367,0.8873873949050903,0.23033033311367035
YOR279C,YDL225W,0,-0.37453905,0.2779868245124817,0.8873873949050903,0.23048047721385956
YGR012W,YNL307C,0,-0.3748486,0.27785614132881165,0.8873873949050903,0.23063063621520996
YCL036W,YDR461W,0,-0.37538874,0.27772557735443115,0.8873873949050903,0.23078078031539917
YJR051W,YMR038C,0,-0.37572882,0.2775951027870178,0.8873873949050903,0.23093092441558838
YBR294W,YGL244W,0,-0.3759972,0.27746477723121643,0.8873873949050903,0.23108108341693878
YKL074C,YBL113C,0,-0.3775004,0.2773345708847046,0.8873873949050903,0.231231227517128
YKL038W,YGL163C,0,-0.3776117,0.2772045135498047,0.8873873949050903,0.2313813865184784
YOR074C,YLR268W,0,-0.38187966,0.27707454562187195,0.8873873949050903,0.2315315306186676
YER014C-A,YCL057W,0,-0.38211384,0.27694469690322876,0.8873873949050903,0.2316816747188568
YLL043W,YBR192W,0,-0.38372964,0.2768149971961975,0.8873873949050903,0.23183183372020721
YIL088C,YOR219C,0,-0.38482994,0.2766853868961334,0.8873873949050903,0.23198197782039642
YLR429W,YKL205W,0,-0.38655436,0.2765559256076813,0.8873873949050903,0.23213213682174683
YMR054W,YOR311C,0,-0.3866377,0.2764265537261963,0.8873873949050903,0.23228228092193604
YJR107W,YLR329W,0,-0.38706446,0.27629733085632324,0.8873873949050903,0.23243242502212524
YPL094C,YNL138W-A,0,-0.39106315,0.27616822719573975,0.8873873949050903,0.23258258402347565
YAL033W,YBR061C,0,-0.39453298,0.2760392427444458,0.8873873949050903,0.23273272812366486
YML028W,YLR028C,0,-0.3973461,0.2759103775024414,0.8873873949050903,0.23288288712501526
YOR274W,YLL004W,0,-0.3979975,0.2757816016674042,0.8873873949050903,0.23303303122520447
YGL180W,YPL096W,0,-0.39930126,0.2756529748439789,0.8873873949050903,0.23318319022655487
YMR276W,YOL038W,0,-0.39930543,0.27552446722984314,0.8873873949050903,0.23333333432674408
YGL174W,YGL220W,0,-0.40020108,0.27539607882499695,0.8873873949050903,0.2334834784269333
YDR167W,YJR082C,0,-0.4002428,0.2752678096294403,0.8873873949050903,0.2336336374282837
YNL127W,YDR332W,0,-0.4006675,0.2751396596431732,0.8873873949050903,0.2337837815284729
YGL172W,YKR069W,0,-0.40212148,0.2750116288661957,0.8873873949050903,0.2339339405298233
YDR518W,YER168C,0,-0.4026926,0.2748837172985077,0.8873873949050903,0.2340840846300125
YER050C,YMR227C,0,-0.40413028,0.27475592494010925,0.8873873949050903,0.23423422873020172
YMR090W,YHR168W,0,-0.40481785,0.27462825179100037,0.8873873949050903,0.23438438773155212
YMR168C,YNL267W,0,-0.4050461,0.27450069785118103,0.8873873949050903,0.23453453183174133
YIL095W,YLR141W,0,-0.40571052,0.27437326312065125,0.8873873949050903,0.23468469083309174
YKL013C,YLR005W,0,-0.40809727,0.274245947599411,0.8873873949050903,0.23483483493328094
YDL111C,YJR112W,0,-0.40943736,0.2741187512874603,0.8873873949050903,0.23498497903347015
YLR016C,YDR062W,0,-0.41218096,0.2739916443824768,0.8873873949050903,0.23513513803482056
YPR200C,YBR095C,0,-0.41235024,0.2738646864891052,0.8873873949050903,0.23528528213500977
YKL082C,YNL302C,0,-0.41382116,0.2737378478050232,0.8873873949050903,0.23543544113636017
YJL005W,YLR309C,0,-0.41497907,0.2736110985279083,0.8873873949050903,0.23558558523654938
YEL062W,YNL052W,0,-0.41510507,0.2734844982624054,0.8873873949050903,0.2357357293367386
YIR004W,YOR326W,1,-0.4151625,0.27382054924964905,0.8888888955116272,0.2357357293367386
YGR052W,YBR093C,0,-0.41930282,0.2736939489841461,0.8888888955116272,0.235885888338089
YNL231C,YNL335W,0,-0.4196717,0.27356746792793274,0.8888888955116272,0.2360360324382782
YPL127C,YOL155C,0,-0.41980422,0.2734411060810089,0.8888888955116272,0.2361861914396286
YKL186C,YBL092W,0,-0.4200096,0.27331486344337463,0.8888888955116272,0.2363363355398178
YLL004W,YDR260C,0,-0.42473125,0.2731887400150299,0.8888888955116272,0.23648647964000702
YMR179W,YJL171C,0,-0.42506024,0.27306273579597473,0.8888888955116272,0.23663663864135742
YMR241W,YHR061C,0,-0.42743298,0.2729368507862091,0.8888888955116272,0.23678678274154663
YMR013C,YBR243C,0,-0.42783892,0.27281105518341064,0.8888888955116272,0.23693694174289703
YER117W,YDR392W,0,-0.42824695,0.2726854085922241,0.8888888955116272,0.23708708584308624
YOL145C,YFL057C,0,-0.42875576,0.27255985140800476,0.8888888955116272,0.23723722994327545
YIL139C,YMR172W,0,-0.43085122,0.27243441343307495,0.8888888955116272,0.23738738894462585
YOR126C,YOR393W,0,-0.43150714,0.2723090946674347,0.8888888955116272,0.23753753304481506
YNR074C,YJR078W,0,-0.4338529,0.272183895111084,0.8888888955116272,0.23768769204616547
YMR284W,YPL011C,0,-0.43393394,0.2720588147640228,0.8888888955116272,0.23783783614635468
YDR167W,YPL002C,0,-0.43398023,0.2719338536262512,0.8888888955116272,0.23798799514770508
YPR187W,YMR210W,0,-0.43492138,0.27180901169776917,0.8888888955116272,0.2381381392478943
YGL037C,YIR039C,0,-0.43753636,0.2716842591762543,0.8888888955116272,0.2382882833480835
YIR004W,YNL329C,1,-0.438474,0.27201834321022034,0.8903903961181641,0.2382882833480835
YGR239C,YKL197C,1,-0.4385723,0.2723521292209625,0.8918918967247009,0.2382882833480835
YPL163C,YNL284C,0,-0.43919367,0.27222731709480286,0.8918918967247009,0.2384384423494339
YDR494W,YLR020C,0,-0.4410245,0.27210262417793274,0.8918918967247009,0.2385885864496231
YPR002W,YDR498C,0,-0.44229296,0.2719780206680298,0.8918918967247009,0.2387387454509735
YJL087C,YKR056W,0,-0.44260642,0.2718535363674164,0.8918918967247009,0.23888888955116272
YOL028C,YPR091C,0,-0.4430658,0.27172917127609253,0.8918918967247009,0.23903903365135193
YDL217C,YLR251W,0,-0.4432421,0.2716049253940582,0.8918918967247009,0.23918919265270233
YER162C,YPR160W,0,-0.44790703,0.2714807987213135,0.8918918967247009,0.23933933675289154
YNL084C,YDR457W,0,-0.44855735,0.2713567912578583,0.8918918967247009,0.23948949575424194
YDR499W,YEL062W,0,-0.448631,0.27123287320137024,0.8918918967247009,0.23963963985443115
YOL141W,YFR021W,0,-0.44871733,0.27110907435417175,0.8918918967247009,0.23978978395462036
YEL053C,YLR309C,0,-0.4496578,0.2709853947162628,0.8918918967247009,0.23993994295597076
YJL187C,YOR287C,0,-0.45074373,0.27086183428764343,0.8918918967247009,0.24009008705615997
YGR252W,YDR205W,0,-0.45283473,0.2707383632659912,0.8918918967247009,0.24024024605751038
YMR077C,YCR002C,0,-0.4540586,0.2706150412559509,0.8918918967247009,0.24039039015769958
YBR170C,YKR044W,0,-0.454998,0.2704918086528778,0.8918918967247009,0.2405405342578888
YPL151C,YMR061W,0,-0.45705217,0.27036869525909424,0.8918918967247009,0.2406906932592392
YOR279C,YIL046W,0,-0.457077,0.27024567127227783,0.8918918967247009,0.2408408373594284
YHR061C,YBR261C,0,-0.45718864,0.27012279629707336,0.8918918967247009,0.2409909963607788
YGR216C,YPR198W,0,-0.45763588,0.27000001072883606,0.8918918967247009,0.24114114046096802
YLR291C,YML006C,0,-0.4579435,0.2698773145675659,0.8918918967247009,0.24129128456115723
YDR419W,YDR262W,0,-0.458198,0.2697547674179077,0.8918918967247009,0.24144144356250763
YBR111W-A,YKL001C,0,-0.4608322,0.2696323096752167,0.8918918967247009,0.24159158766269684
YOR301W,YMR136W,0,-0.46225274,0.2695099711418152,0.8918918967247009,0.24174174666404724
YBR223C,YMR250W,0,-0.4623484,0.26938775181770325,0.8918918967247009,0.24189189076423645
YGL122C,YOL062C,0,-0.46240622,0.26926565170288086,0.8918918967247009,0.24204203486442566
YOR239W,YHR082C,0,-0.46265477,0.26914364099502563,0.8918918967247009,0.24219219386577606
YPL112C,YGR133W,1,-0.46381763,0.2694746255874634,0.8933933973312378,0.24219219386577606
YOR349W,YLR164W,0,-0.46598852,0.26935264468193054,0.8933933973312378,0.24234233796596527
YLR295C,YDR260C,0,-0.46685052,0.26923078298568726,0.8933933973312378,0.24249249696731567
YDR423C,YOR377W,0,-0.46991363,0.26910901069641113,0.8933933973312378,0.24264264106750488
YMR077C,YMR136W,0,-0.47006315,0.2689873278141022,0.8933933973312378,0.24279280006885529
YLR141W,YKR069W,0,-0.47007293,0.26886579394340515,0.8933933973312378,0.2429429441690445
YBR223C,YBR275C,0,-0.47299665,0.2687443494796753,0.8933933973312378,0.2430930882692337
YHR047C,YNL050C,0,-0.47455278,0.268623024225235,0.8933933973312378,0.2432432472705841
YJL024C,YKL003C,0,-0.4762678,0.26850181818008423,0.8933933973312378,0.24339339137077332
YML112W,YJL187C,0,-0.47693622,0.26838070154190063,0.8933933973312378,0.24354355037212372
YGR246C,YGL071W,0,-0.47769314,0.2682597041130066,0.8933933973312378,0.24369369447231293
YPL112C,YDR244W,1,-0.47793677,0.26858946681022644,0.8948948979377747,0.24369369447231293
YKL013C,YIL048W,0,-0.47939402,0.2684684693813324,0.8948948979377747,0.24384383857250214
YJL166W,YDR527W,0,-0.47949025,0.2683475911617279,0.8948948979377747,0.24399399757385254
YPR128C,YOL044W,1,-0.48012823,0.26867687702178955,0.8963963985443115,0.24399399757385254
YBR260C,YDR378C,0,-0.4810763,0.26855599880218506,0.8963963985443115,0.24414414167404175
YDL215C,YBR111W-A,0,-0.48191357,0.2684352397918701,0.8963963985443115,0.24429430067539215
YNL163C,YOR349W,0,-0.48650894,0.2683145999908447,0.8963963985443115,0.24444444477558136
YMR013C,YPL064C,0,-0.48851982,0.2681940793991089,0.8963963985443115,0.24459458887577057
YLL027W,YLR309C,0,-0.48925632,0.2680736482143402,0.8963963985443115,0.24474474787712097
YLR208W,YGR258C,0,-0.4897374,0.2679533362388611,0.8963963985443115,0.24489489197731018
YJL194W,YMR054W,0,-0.48995993,0.2678331136703491,0.8963963985443115,0.24504505097866058
YNL329C,YKR001C,1,-0.49037296,0.26816144585609436,0.8978978991508484,0.24504505097866058
YJL053W,YFL013C,0,-0.49063468,0.2680412232875824,0.8978978991508484,0.2451951950788498
YOR054C,YJL124C,0,-0.4918691,0.2679211497306824,0.8978978991508484,0.245345339179039
YDL179W,YJL030W,0,-0.4928309,0.2678011655807495,0.8978978991508484,0.2454954981803894
YOR147W,YML030W,0,-0.49285853,0.2676813006401062,0.8978978991508484,0.2456456422805786
YDR405W,YGL071W,0,-0.4930459,0.26756152510643005,0.8978978991508484,0.24579580128192902
YKL013C,YHR005C-A,0,-0.4931556,0.26744186878204346,0.8978978991508484,0.24594594538211823
YCR093W,YEL053C,0,-0.4933183,0.267322301864624,0.8978978991508484,0.24609608948230743
YNL121C,YKR006C,0,-0.4949956,0.26720285415649414,0.8978978991508484,0.24624624848365784
YGR239C,YOL147C,1,-0.49544612,0.2675301432609558,0.8993993997573853,0.24624624848365784
YLR191W,YPL183W-A,0,-0.49582678,0.2674107253551483,0.8993993997573853,0.24639639258384705
YNL032W,YDL040C,0,-0.49638104,0.267291396856308,0.8993993997573853,0.24654655158519745
YCL014W,YGR285C,0,-0.49666202,0.2671721577644348,0.8993993997573853,0.24669669568538666
YKR071C,YOL038W,0,-0.4976321,0.2670530676841736,0.8993993997573853,0.24684683978557587
YDR245W,YCL008C,0,-0.49931863,0.26693403720855713,0.8993993997573853,0.24699699878692627
YGR134W,YGL216W,0,-0.49993557,0.2668151557445526,0.8993993997573853,0.24714714288711548
YNL085W,YPR072W,0,-0.5036807,0.26669636368751526,0.8993993997573853,0.24729730188846588
YJL192C,YIL017W,0,-0.5040695,0.26657766103744507,0.8993993997573853,0.2474474459886551
YFL011W-A,YNL239W,0,-0.5049957,0.26645907759666443,0.8993993997573853,0.2475976049900055
YIL088C,YER137C,0,-0.5055219,0.26634058356285095,0.8993993997573853,0.2477477490901947
YMR123W,YHR039C-A,0,-0.50730276,0.266222208738327,0.8993993997573853,0.2478978931903839
YPR001W,YLL027W,0,-0.50781286,0.26610395312309265,0.8993993997573853,0.24804805219173431
YBR170C,YOR239W,0,-0.50820357,0.26598578691482544,0.8993993997573853,0.24819819629192352
YBR170C,YMR180C,0,-0.5088549,0.2658677399158478,0.8993993997573853,0.24834835529327393
YOL070C,YGL004C,0,-0.5089127,0.2657497823238373,0.8993993997573853,0.24849849939346313
YLR141W,YDL070W,0,-0.5095292,0.26563194394111633,0.8993993997573853,0.24864864349365234
YLL033W,YER052C,0,-0.5102159,0.26551419496536255,0.8993993997573853,0.24879880249500275
YPR200C,YDR392W,0,-0.51034415,0.2653965353965759,0.8993993997573853,0.24894894659519196
YLR130C,YLL043W,0,-0.5119935,0.26527899503707886,0.8993993997573853,0.24909910559654236
YPR196W,YJL085W,0,-0.5123832,0.26516157388687134,0.8993993997573853,0.24924924969673157
YJL192C,YMR270C,0,-0.5125939,0.265044242143631,0.8993993997573853,0.24939939379692078
YER055C,YNL092W,0,-0.5126619,0.2649270296096802,0.8993993997573853,0.24954955279827118
YLR321C,YNR044W,0,-0.5146643,0.26480990648269653,0.8993993997573853,0.2496996968984604
YKL007W,YLR088W,0,-0.515148,0.26469287276268005,0.8993993997573853,0.2498498558998108
YPL099C,YNR072W,0,-0.516021,0.2645759582519531,0.8993993997573853,0.25
YDL065C,YGR077C,1,-0.5160663,0.26490065455436707,0.9009009003639221,0.25
YGR113W,YPL208W,0,-0.5178971,0.2647837698459625,0.9009009003639221,0.2501501441001892
YDL142C,YAL039C,0,-0.52127814,0.26466697454452515,0.9009009003639221,0.2503002882003784
YDL107W,YDR196C,0,-0.5221947,0.26455026865005493,0.9009009003639221,0.25045046210289
YJL130C,YNL208W,0,-0.5225028,0.26443368196487427,0.9009009003639221,0.2506006062030792
YMR218C,YBR276C,0,-0.5225761,0.26431718468666077,0.9009009003639221,0.25075075030326843
YJL029C,YDR415C,0,-0.5231557,0.2642008066177368,0.9009009003639221,0.25090089440345764
YJL134W,YPL259C,0,-0.5233339,0.26408451795578003,0.9009009003639221,0.25105103850364685
YJL112W,YER002W,0,-0.5239941,0.2639683187007904,0.9009009003639221,0.25120121240615845
YDR383C,YMR169C,0,-0.524235,0.26385223865509033,0.9009009003639221,0.25135135650634766
YIL046W,YOR226C,0,-0.52570486,0.2637362778186798,0.9009009003639221,0.25150150060653687
YMR026C,YPL112C,1,-0.52597374,0.26405975222587585,0.902402400970459,0.25150150060653687
YEL012W,YER190W,0,-0.52603686,0.26394379138946533,0.902402400970459,0.2516516447067261
YFL054C,YDR497C,0,-0.526134,0.263827919960022,0.902402400970459,0.2518017888069153
YOR193W,YDR142C,1,-0.526896,0.2641509473323822,0.9039039015769958,0.2518017888069153
YKR020W,YLR145W,0,-0.52876365,0.26403507590293884,0.9039039015769958,0.2519519627094269
YDR090C,YCL052C,0,-0.53056884,0.26391932368278503,0.9039039015769958,0.2521021068096161
YPL273W,YDR109C,0,-0.531748,0.2638036906719208,0.9039039015769958,0.2522522509098053
YKR055W,YJL081C,0,-0.5319434,0.2636881172657013,0.9039039015769958,0.2524023950099945
YML097C,YFL021W,0,-0.53353906,0.26357269287109375,0.9039039015769958,0.2525525391101837
YHR069C,YBL091C-A,0,-0.53408957,0.263457328081131,0.9039039015769958,0.2527027130126953
YGR077C,YGR004W,1,-0.53435165,0.26377952098846436,0.9054054021835327,0.2527027130126953
YDR229W,YML128C,0,-0.5381767,0.263664186000824,0.9054054021835327,0.2528528571128845
YGR085C,YER190W,0,-0.53853595,0.26354894042015076,0.9054054021835327,0.25300300121307373
YGL112C,YLR440C,0,-0.5389346,0.2634338140487671,0.9054054021835327,0.25315314531326294
YGL174W,YJL082W,0,-0.53924525,0.2633187770843506,0.9054054021835327,0.25330328941345215
YER125W,YBR230C,0,-0.53959954,0.26320382952690125,0.9054054021835327,0.25345346331596375
YDR076W,YKL067W,0,-0.5409776,0.26308900117874146,0.9054054021835327,0.25360360741615295
YNL274C,YBL079W,0,-0.542308,0.26297426223754883,0.9054054021835327,0.25375375151634216
YCR030C,YPR167C,0,-0.54267174,0.26285964250564575,0.9054054021835327,0.25390389561653137
YPR128C,YGR004W,1,-0.54291505,0.26318082213401794,0.9069069027900696,0.25390389561653137
YFR001W,YIL159W,0,-0.5459341,0.26306620240211487,0.9069069027900696,0.2540540397167206
YDL217C,YNR017W,0,-0.54618186,0.26295167207717896,0.9069069027900696,0.2542042136192322
YOR126C,YNR060W,0,-0.54629576,0.2628372609615326,0.9069069027900696,0.2543543577194214
YOL145C,YOL093W,0,-0.54652786,0.262722909450531,0.9069069027900696,0.2545045018196106
YDL028C,YDL202W,0,-0.5477468,0.26260870695114136,0.9069069027900696,0.2546546459197998
YFR031C,YCL004W,0,-0.5481447,0.2624945640563965,0.9069069027900696,0.254804790019989
YDL029W,YJR040W,0,-0.5488765,0.26238054037094116,0.9069069027900696,0.2549549639225006
YGR169C,YBR061C,0,-0.54999644,0.262266606092453,0.9069069027900696,0.2551051080226898
YNL127W,YDR067C,0,-0.55007696,0.2621527910232544,0.9069069027900696,0.25525525212287903
YJR006W,YOL107W,0,-0.5506629,0.26203903555870056,0.9069069027900696,0.25540539622306824
YMR089C,YJL085W,0,-0.5518354,0.2619253993034363,0.9069069027900696,0.25555557012557983
YPL127C,YOL124C,0,-0.5518865,0.26181188225746155,0.9069069027900696,0.25570571422576904
YMR005W,YDR310C,0,-0.5524833,0.261698454618454,0.9069069027900696,0.25585585832595825
YPR135W,YCL052C,0,-0.55381405,0.2615851163864136,0.9069069027900696,0.25600600242614746
YMR146C,YNL175C,0,-0.55431324,0.26147186756134033,0.9069069027900696,0.25615614652633667
YOR378W,YBL091C-A,0,-0.55452114,0.26135870814323425,0.9069069027900696,0.25630632042884827
YLR244C,YDR245W,0,-0.5549686,0.2612456679344177,0.9069069027900696,0.2564564645290375
YNL147W,YDL216C,0,-0.555897,0.26113271713256836,0.9069069027900696,0.2566066086292267
YBR261C,YNR057C,0,-0.55738807,0.26101988554000854,0.9069069027900696,0.2567567527294159
YOR074C,YLR187W,0,-0.5578647,0.2609071135520935,0.9069069027900696,0.2569068968296051
YGR095C,YLR145W,0,-0.55859107,0.260794460773468,0.9069069027900696,0.2570570707321167
YHR160C,YDR216W,1,-0.5586686,0.2611134946346283,0.9084084033966064,0.2570570707321167
YKL038W,YNL284C,0,-0.5594189,0.2610008716583252,0.9084084033966064,0.2572072148323059
YLR228C,YIL132C,0,-0.5605395,0.26088830828666687,0.9084084033966064,0.2573573589324951
YNL314W,YGL183C,0,-0.5612377,0.2607758641242981,0.9084084033966064,0.2575075030326843
YDR497C,YJL149W,0,-0.56247544,0.2606635093688965,0.9084084033966064,0.25765764713287354
YPR194C,YMR172W,0,-0.56269723,0.26055124402046204,0.9084084033966064,0.25780782103538513
YOR291W,YLR191W,0,-0.5631472,0.26043909788131714,0.9084084033966064,0.25795796513557434
YLR129W,YER171W,0,-0.56343126,0.260327011346817,0.9084084033966064,0.25810810923576355
YBR294W,YML109W,0,-0.5637212,0.26021504402160645,0.9084084033966064,0.25825825333595276
YOR159C,YKL001C,0,-0.5637656,0.2601031959056854,0.9084084033966064,0.25840839743614197
YKL171W,YGR229C,0,-0.5662453,0.2599914073944092,0.9084084033966064,0.25855857133865356
YJL060W,YMR213W,0,-0.5668081,0.2598797380924225,0.9084084033966064,0.2587087154388428
YDR306C,YDR389W,0,-0.57144594,0.25976812839508057,0.9084084033966064,0.258858859539032
YBR150C,YKL003C,0,-0.5732786,0.2596566379070282,0.9084084033966064,0.2590090036392212
YNL147W,YOL026C,0,-0.57334006,0.2595452666282654,0.9084084033966064,0.2591591477394104
YGR134W,YCR026C,0,-0.5749012,0.25943395495414734,0.9084084033966064,0.259309321641922
YMR025W,YFL001W,0,-0.5752858,0.25932276248931885,0.9084084033966064,0.2594594657421112
YHR047C,YLL004W,0,-0.57533705,0.2592116594314575,0.9084084033966064,0.2596096098423004
YDR304C,YJL171C,0,-0.575717,0.25910064578056335,0.9084084033966064,0.2597597539424896
YAL017W,YDL077C,0,-0.57657576,0.25898972153663635,0.9084084033966064,0.25990989804267883
YHR160C,YPR128C,1,-0.57742584,0.25930681824684143,0.9099099040031433,0.25990989804267883
YOR193W,YKL197C,1,-0.57749194,0.25962361693382263,0.9114114046096802,0.25990989804267883
YDL197C,YBR276C,0,-0.5830621,0.25951260328292847,0.9114114046096802,0.26006007194519043
YPL042C,YKL174C,0,-0.58308446,0.25940170884132385,0.9114114046096802,0.26021021604537964
YMR270C,YNR072W,0,-0.58360934,0.2592909038066864,0.9114114046096802,0.26036036014556885
YPR072W,YFR029W,0,-0.5840925,0.2591801881790161,0.9114114046096802,0.26051050424575806
YJL087C,YGL256W,0,-0.5842703,0.259069561958313,0.9114114046096802,0.26066064834594727
YNL138W-A,YIL094C,0,-0.5846441,0.2589590549468994,0.9114114046096802,0.26081082224845886
YBR059C,YCL014W,0,-0.5885529,0.2588486075401306,0.9114114046096802,0.26096096634864807
YKL170W,YLR330W,0,-0.58893174,0.25873827934265137,0.9114114046096802,0.2611111104488373
YNL273W,YKL175W,0,-0.5897317,0.2586280405521393,0.9114114046096802,0.2612612545490265
YOR193W,YNL329C,1,-0.59016633,0.2589437961578369,0.912912905216217,0.2612612545490265
YDR473C,YOR378W,0,-0.5904914,0.25883355736732483,0.912912905216217,0.2614113986492157
YLR005W,YCR026C,0,-0.59179884,0.2587234079837799,0.912912905216217,0.2615615725517273
YIL088C,YNL079C,0,-0.59186393,0.25861334800720215,0.912912905216217,0.2617117166519165
YER117W,YNR044W,0,-0.5918847,0.25850340723991394,0.912912905216217,0.2618618607521057
YMR077C,YDL198C,0,-0.5919463,0.2583935260772705,0.912912905216217,0.2620120048522949
YPL213W,YFR033C,0,-0.59209454,0.2582837641239166,0.912912905216217,0.26216214895248413
YBR271W,YHR057C,0,-0.59209937,0.2581740915775299,0.912912905216217,0.2623123228549957
YNL304W,YNR060W,0,-0.5922984,0.25806450843811035,0.912912905216217,0.26246246695518494
YOL151W,YAL029C,0,-0.5932758,0.25795501470565796,0.912912905216217,0.26261261105537415
YLR425W,YDR159W,0,-0.5939336,0.2578456401824951,0.912912905216217,0.26276275515556335
YNR074C,YLR073C,0,-0.5939845,0.25773632526397705,0.912912905216217,0.26291289925575256
YPR128C,YNL329C,1,-0.59721255,0.2580508589744568,0.9144144058227539,0.26291289925575256
YCR014C,YNL267W,0,-0.5980661,0.2579415440559387,0.9144144058227539,0.26306307315826416
YOR323C,YLL061W,0,-0.5981357,0.2578323483467102,0.9144144058227539,0.26321321725845337
YGR221C,YMR276W,0,-0.59980035,0.25772324204444885,0.9144144058227539,0.2633633613586426
YBR195C,YBR002C,0,-0.6003159,0.25761422514915466,0.9144144058227539,0.2635135054588318
YML006C,YOR123C,0,-0.6009384,0.25750529766082764,0.9144144058227539,0.263663649559021
YLR329W,YJR133W,0,-0.60188967,0.2573964595794678,0.9144144058227539,0.2638138234615326
YLR182W,YPL113C,0,-0.6024726,0.2572877109050751,0.9144144058227539,0.2639639675617218
YLR005W,YGL019W,0,-0.60333323,0.25717905163764954,0.9144144058227539,0.264114111661911
YLR329W,YCR002C,0,-0.604056,0.25707048177719116,0.9144144058227539,0.2642642557621002
YMR146C,YMR075W,0,-0.6046424,0.25696203112602234,0.9144144058227539,0.26441439986228943
YEL012W,YOR287C,0,-0.6049025,0.2568536400794983,0.9144144058227539,0.264564573764801
YPR158C-C,YLR401C,0,-0.6049069,0.2567453682422638,0.9144144058227539,0.26471471786499023
YMR227C,YLR410W-A,0,-0.6049146,0.2566371560096741,0.9144144058227539,0.26486486196517944
YLR227W-B,YJL176C,0,-0.60492283,0.2565290629863739,0.9144144058227539,0.26501500606536865
YPR158C-C,YBR155W,0,-0.6053386,0.2564210593700409,0.9144144058227539,0.26516517996788025
YPR162C,YDR210C-C,0,-0.60536784,0.25631314516067505,0.9144144058227539,0.26531532406806946
YDR210C-C,YNR021W,0,-0.6063211,0.256205290555954,0.9144144058227539,0.26546546816825867
YBR278W,YMR087W,0,-0.60656154,0.25609755516052246,0.9144144058227539,0.2656156122684479
YOR142W-A,YKL064W,0,-0.60665554,0.2559899091720581,0.9144144058227539,0.2657657563686371
YPL002C,YMR213W,0,-0.6066614,0.2558823525905609,0.9144144058227539,0.2659159302711487
YBR080C,YBR276C,0,-0.60702074,0.2557748854160309,0.9144144058227539,0.2660660743713379
YPR137C-A,YGL019W,0,-0.60743713,0.255667507648468,0.9144144058227539,0.2662162184715271
YFL033C,YPL167C,0,-0.60750806,0.2555602192878723,0.9144144058227539,0.2663663625717163
YJR119C,YLR410W-A,0,-0.60769784,0.2554530203342438,0.9144144058227539,0.2665165066719055
YDR014W-A,YNL282W,0,-0.60804296,0.2553459107875824,0.9144144058227539,0.2666666805744171
YDR014W-A,YPL082C,0,-0.60804296,0.2552388906478882,0.9144144058227539,0.2668168246746063
YNL284C-A,YDR353W,0,-0.60804296,0.25513195991516113,0.9144144058227539,0.26696696877479553
YDR014W-A,YOR349W,0,-0.60804296,0.25502511858940125,0.9144144058227539,0.26711711287498474
YBR111W-A,YLL017W,0,-0.60804296,0.2549183666706085,0.9144144058227539,0.26726725697517395
YHR211W,YBR111W-A,0,-0.60804296,0.25481170415878296,0.9144144058227539,0.26741743087768555
YBL029C-A,YPL183W-A,0,-0.60804296,0.25470513105392456,0.9144144058227539,0.26756757497787476
YGL233W,YDR381C-A,0,-0.60804296,0.2545986473560333,0.9144144058227539,0.26771771907806396
YBR261C,YBL029C-A,0,-0.60804296,0.25449228286743164,0.9144144058227539,0.2678678631782532
YBR182C,YNL284C-A,0,-0.60804296,0.25438597798347473,0.9144144058227539,0.2680180072784424
YBL029C-A,YNR072W,0,-0.60804296,0.254279762506485,0.9144144058227539,0.268168181180954
YDR518W,YNL284C-A,0,-0.60804296,0.2541736364364624,0.9144144058227539,0.2683183252811432
YDR083W,YDR014W-A,0,-0.60804296,0.2540675699710846,0.9144144058227539,0.2684684693813324
YKL097W-A,YDR415C,0,-0.60804296,0.25396162271499634,0.9144144058227539,0.2686186134815216
YML045W-A,YFR033C,0,-0.60804296,0.25385576486587524,0.9144144058227539,0.2687687575817108
YDR014W-A,YLR270W,0,-0.60804296,0.2537499964237213,0.9144144058227539,0.2689189314842224
YER014C-A,YOR343W-B,0,-0.60804296,0.25364431738853455,0.9144144058227539,0.2690690755844116
YAL016W,YDR381C-A,0,-0.60804296,0.25353872776031494,0.9144144058227539,0.26921921968460083
YMR090W,YCL060C,0,-0.60804296,0.2534331977367401,0.9144144058227539,0.26936936378479004
YDR059C,YBL029C-A,0,-0.60804296,0.25332778692245483,0.9144144058227539,0.26951950788497925
YGR109W-B,YJR092W,0,-0.60804296,0.2532224655151367,0.9144144058227539,0.26966968178749084
YMR065W,YBL029C-A,0,-0.60804296,0.2531172037124634,0.9144144058227539,0.26981982588768005
YPL119C,YBL029C-A,0,-0.60804296,0.2530120611190796,0.9144144058227539,0.26996996998786926
YDR457W,YBL029C-A,0,-0.60804296,0.2529069781303406,0.9144144058227539,0.27012011408805847
YML045W-A,YBR222C,0,-0.60804296,0.2528019845485687,0.9144144058227539,0.2702702581882477
YPR127W,YCR097WB,0,-0.60804296,0.2526971101760864,0.9144144058227539,0.2704204320907593
YDR014W-A,YML049C,0,-0.60804296,0.2525922954082489,0.9144144058227539,0.2705705761909485
YBR287W,YBL029C-A,0,-0.60804296,0.25248757004737854,0.9144144058227539,0.2707207202911377
YOR084W,YBL101W-B,0,-0.60804296,0.25238293409347534,0.9144144058227539,0.2708708643913269
YDL215C,YML045W-A,0,-0.60804296,0.2522783875465393,0.9144144058227539,0.2710210084915161
YFR013W,YBL101W-B,0,-0.60804296,0.25217390060424805,0.9144144058227539,0.2711711823940277
YMR008C,YBL029C-A,0,-0.60804296,0.25206953287124634,0.9144144058227539,0.2713213264942169
YDR381C-A,YOR008C,0,-0.60804296,0.2519652545452118,0.9144144058227539,0.27147147059440613
YDR014W-A,YIL079C,0,-0.60804296,0.251861035823822,0.9144144058227539,0.27162161469459534
YEL069C,YML045W-A,0,-0.60804296,0.2517569363117218,0.9144144058227539,0.27177175879478455
YOR283W,YBR111W-A,0,-0.60804296,0.25165289640426636,0.9144144058227539,0.27192193269729614
YNL284C-A,YNL219C,0,-0.60804296,0.2515489459037781,0.9144144058227539,0.27207207679748535
YBR111W-A,YBR096W,0,-0.60804296,0.25144508481025696,0.9144144058227539,0.27222222089767456
YDL083C,YDR381C-A,0,-0.60804296,0.251341313123703,0.9144144058227539,0.27237236499786377
YBR075W,YER130C,0,-0.60804296,0.2512376308441162,0.9144144058227539,0.272522509098053
YLR107W,YDR014W-A,0,-0.60804296,0.2511340081691742,0.9144144058227539,0.2726726830005646
YBL101W-B,YDL128W,0,-0.60804296,0.25103050470352173,0.9144144058227539,0.2728228271007538
YLR425W,YML045W-A,0,-0.60804296,0.25092706084251404,0.9144144058227539,0.272972971200943
YNL284C-A,YNL122C,0,-0.60804296,0.2508237361907959,0.9144144058227539,0.2731231153011322
YDR351W,YDR381C-A,0,-0.60804296,0.25072047114372253,0.9144144058227539,0.2732732594013214
YDR014W-A,YMR200W,0,-0.60804296,0.25061729550361633,0.9144144058227539,0.273423433303833
YDR174W,YDR381C-A,0,-0.60804296,0.2505141794681549,0.9144144058227539,0.2735735774040222
YOR204W,YDR381C-A,0,-0.60804296,0.25041118264198303,0.9144144058227539,0.2737237215042114
YIR018W,YDR381C-A,0,-0.60804296,0.2503082752227783,0.9144144058227539,0.27387386560440063
YBL101W-B,YNL192W,0,-0.60804296,0.2502054274082184,0.9144144058227539,0.27402400970458984
YBL101W-B,YOL053C-A,0,-0.60804296,0.2501026690006256,0.9144144058227539,0.27417418360710144
YGL112C,YML045W-A,0,-0.60804296,0.25,0.9144144058227539,0.27432432770729065
YBL101W-B,YLR391W-A,0,-0.60804296,0.24989742040634155,0.9144144058227539,0.27447447180747986
YBL101W-B,YAR031W,0,-0.60804296,0.24979491531848907,0.9144144058227539,0.27462461590766907
YCL003W,YDR381C-A,0,-0.60804296,0.24969249963760376,0.9144144058227539,0.2747747600078583
YBL101W-B,YDR403W,0,-0.60804296,0.24959015846252441,0.9144144058227539,0.2749249339103699
YFL035C,YDR222W,0,-0.60804296,0.24948792159557343,0.9144144058227539,0.2750750780105591
YBL101W-B,YMR078C,0,-0.60804296,0.2493857443332672,0.9144144058227539,0.2752252221107483
YML045W-A,YGL019W,0,-0.60804296,0.24928367137908936,0.9144144058227539,0.2753753662109375
YML045W-A,YPR159W,0,-0.60804296,0.24918167293071747,0.9144144058227539,0.2755255401134491
YBL101W-B,YOR148C,0,-0.60804296,0.24907974898815155,0.9144144058227539,0.2756756842136383
YDR014W-A,YDR470C,0,-0.60804296,0.248977929353714,0.9144144058227539,0.2758258283138275
YDR014W-A,YLR329W,0,-0.60804296,0.2488761693239212,0.9144144058227539,0.2759759724140167
YOL142W,YBL101W-B,0,-0.60804296,0.24877451360225677,0.9144144058227539,0.27612611651420593
YJL206C,YMR268W-A,0,-0.60804296,0.24867293238639832,0.9144144058227539,0.27627629041671753
YBL029C-A,YOR393W,0,-0.60804296,0.24857142567634583,0.9144144058227539,0.27642643451690674
YML045W-A,YNL274C,0,-0.60804296,0.2484700083732605,0.9144144058227539,0.27657657861709595
YPR158C-C,YDL227C,0,-0.60804296,0.24836868047714233,0.9144144058227539,0.27672672271728516
YPL257W-B,YLR391W-A,0,-0.60804296,0.24826742708683014,0.9144144058227539,0.27687686681747437
YNL138W-A,YJR028W,0,-0.60804296,0.2481662631034851,0.9144144058227539,0.27702704071998596
YDR079W,YDR381C-A,0,-0.60804296,0.24806517362594604,0.9144144058227539,0.27717718482017517
YER014C-A,YFL002W-B,0,-0.60804296,0.24796417355537415,0.9144144058227539,0.2773273289203644
YGR161W-B,YMR268W-A,0,-0.60804296,0.24786324799060822,0.9144144058227539,0.2774774730205536
YBR111W-A,YBR238C,0,-0.60804296,0.24776241183280945,0.9144144058227539,0.2776276171207428
YDL197C,YBL029C-A,0,-0.60804296,0.24766165018081665,0.9144144058227539,0.2777777910232544
YNL284C-A,YNL107W,0,-0.60804296,0.24756097793579102,0.9144144058227539,0.2779279351234436
YDR014W-A,YGL030W,0,-0.60804296,0.24746038019657135,0.9144144058227539,0.2780780792236328
YML045W-A,YIL046W,0,-0.60804296,0.24735987186431885,0.9144144058227539,0.278228223323822
YML045W-A,YGR134W,0,-0.60804296,0.24725943803787231,0.9144144058227539,0.27837836742401123
YNL231C,YML045W-A,0,-0.60804296,0.24715909361839294,0.9144144058227539,0.2785285413265228
YNL284C-A,YDR164C,0,-0.60804296,0.24705882370471954,0.9144144058227539,0.27867868542671204
YNL284C-A,YPL274W,0,-0.60804296,0.2469586431980133,0.9144144058227539,0.27882882952690125
YDL217C,YML045W-A,0,-0.60804296,0.24685853719711304,0.9144144058227539,0.27897897362709045
YDL179W,YBL101W-B,0,-0.60804296,0.24675850570201874,0.9144144058227539,0.27912911772727966
YKL041W,YDR381C-A,0,-0.60804296,0.2466585636138916,0.9144144058227539,0.27927929162979126
YNL284C-A,YPL098C,0,-0.60804296,0.24655871093273163,0.9144144058227539,0.27942943572998047
YBL101W-B,YPL065W,0,-0.60804296,0.24645891785621643,0.9144144058227539,0.2795795798301697
YCR080W,YMR160W,0,-0.60804296,0.2463592290878296,0.9144144058227539,0.2797297239303589
YKL093W,YDR014W-A,0,-0.60804296,0.24625959992408752,0.9144144058227539,0.2798798680305481
YDR082W,YOR142W-A,0,-0.6083186,0.24616006016731262,0.9144144058227539,0.2800300419330597
YLR105C,YDR261C-D,0,-0.6083386,0.24606060981750488,0.9144144058227539,0.2801801860332489
YOL103W-B,YOR243C,0,-0.6084684,0.2459612339735031,0.9144144058227539,0.2803303301334381
YPR024W,YIL140W,0,-0.6085252,0.2458619326353073,0.9144144058227539,0.2804804742336273
YAL033W,YLR410W-B,0,-0.6087141,0.24576270580291748,0.9144144058227539,0.28063061833381653
YML056C,YLR154W-A,0,-0.60895824,0.2456635683774948,0.9144144058227539,0.2807807922363281
YOR038C,YJL029C,0,-0.6091101,0.2455645203590393,0.9144144058227539,0.28093093633651733
YER137C-A,YGL174W,0,-0.6096083,0.24546553194522858,0.9144144058227539,0.28108108043670654
YJR055W,YLR256W-A,0,-0.6103256,0.245366632938385,0.9144144058227539,0.28123122453689575
YOR219C,YAL029C,0,-0.6108027,0.2452678233385086,0.9144144058227539,0.28138136863708496
YGR145W,YMR099C,0,-0.6109599,0.24516908824443817,0.9144144058227539,0.28153154253959656
YOR219C,YDL074C,0,-0.61192787,0.2450704276561737,0.9144144058227539,0.28168168663978577
YJR127C,YCR087C-A,0,-0.6119891,0.2449718415737152,0.9144144058227539,0.281831830739975
YGR171C,YBR281C,0,-0.61224705,0.24487334489822388,0.9144144058227539,0.2819819748401642
YMR168C,YLR410W-A,0,-0.6126275,0.2447749227285385,0.9144144058227539,0.2821321189403534
YDL059C,YFL054C,0,-0.61274517,0.24467657506465912,0.9144144058227539,0.282282292842865
YDR512C,YPR158C-C,0,-0.6129749,0.2445783168077469,0.9144144058227539,0.2824324369430542
YER137C-A,YLR213C,0,-0.61373264,0.24448013305664062,0.9144144058227539,0.2825825810432434
YBR125C,YIL006W,0,-0.6138215,0.24438202381134033,0.9144144058227539,0.2827327251434326
YOR106W,YGL174W,0,-0.6138668,0.244283989071846,0.9144144058227539,0.2828828692436218
YDL245C,YLR024C,0,-0.6142132,0.24418604373931885,0.9144144058227539,0.2830330431461334
YMR013C,YIL132C,0,-0.6145551,0.24408817291259766,0.9144144058227539,0.28318318724632263
YLL055W,YLR154W-A,0,-0.61506397,0.24399039149284363,0.9144144058227539,0.28333333134651184
YEL069C,YJR133W,0,-0.6150745,0.24389266967773438,0.9144144058227539,0.28348347544670105
YDR210C-C,YIL170W,0,-0.6153053,0.24379503726959229,0.9144144058227539,0.28363361954689026
YOR142W-A,YKL095W,0,-0.61602306,0.24369747936725616,0.9144144058227539,0.28378379344940186
YDR310C,YFL002W-B,0,-0.61603165,0.243599995970726,0.9144144058227539,0.28393393754959106
YOR274W,YER098W,0,-0.61603606,0.24350260198116302,0.9144144058227539,0.2840840816497803
YOR327C,YHR057C,0,-0.617142,0.243405282497406,0.9144144058227539,0.2842342257499695
YNL121C,YDR109C,0,-0.6176277,0.24330803751945496,0.9144144058227539,0.2843843698501587
YFR021W,YOR343W-B,0,-0.61784106,0.24321086704730988,0.9144144058227539,0.2845345437526703
YOR142W-B,YMR193W,0,-0.618242,0.24311377108097076,0.9144144058227539,0.2846846878528595
YOL103W-B,YKL117W,0,-0.6188944,0.24301676452159882,0.9144144058227539,0.2848348319530487
YJR119C,YCL024W,0,-0.6192915,0.24291981756687164,0.9144144058227539,0.2849849760532379
YER137C-A,YLR268W,0,-0.61983806,0.24282296001911163,0.9144144058227539,0.2851351499557495
YBR066C,YLR410W-B,0,-0.61988395,0.2427261918783188,0.9144144058227539,0.2852852940559387
YGR143W,YDR261W-A,0,-0.62096024,0.24262948334217072,0.9144144058227539,0.28543543815612793
YKL103C,YDR473C,0,-0.6209678,0.2425328493118286,0.9144144058227539,0.28558558225631714
YGR144W,YPL050C,0,-0.62177986,0.24243630468845367,0.9144144058227539,0.28573572635650635
YOR343W-B,YMR145C,0,-0.62198037,0.2423398345708847,0.9144144058227539,0.28588590025901794
YOR355W,YAL031C,0,-0.6224731,0.2422434389591217,0.9144144058227539,0.28603604435920715
YGR031C-A,YDR164C,0,-0.6230014,0.24214711785316467,0.9144144058227539,0.28618618845939636
YIL061C,YDR210C-C,0,-0.6230621,0.2420508712530136,0.9144144058227539,0.28633633255958557
YML049C,YNL092W,0,-0.62325907,0.2419547140598297,0.9144144058227539,0.2864864766597748
YPR137C-A,YBL098W,0,-0.62340623,0.2418586164712906,0.9144144058227539,0.2866366505622864
YDR210C-C,YDR211W,0,-0.62368226,0.24176260828971863,0.9144144058227539,0.2867867946624756
YHR179W,YDR472W,0,-0.6237589,0.24166665971279144,0.9144144058227539,0.2869369387626648
YLR305C,YNL050C,0,-0.62385,0.24157080054283142,0.9144144058227539,0.287087082862854
YGR161W-B,YNR013C,0,-0.62404144,0.24147501587867737,0.9144144058227539,0.2872372269630432
YJL071W,YOR194C,0,-0.6243446,0.24137930572032928,0.9144144058227539,0.2873874008655548
YDL015C,YNL219C,0,-0.62465364,0.24128367006778717,0.9144144058227539,0.287537544965744
YJR026W,YGR118W,0,-0.6250829,0.24118812382221222,0.9144144058227539,0.2876876890659332
YKR103W,YMR218C,0,-0.6258247,0.24109263718128204,0.9144144058227539,0.28783783316612244
YMR160W,YFL021W,0,-0.6262807,0.24099722504615784,0.9144144058227539,0.28798797726631165
YDR072C,YLR227W-B,0,-0.6264474,0.2409019023180008,0.9144144058227539,0.28813815116882324
YPL042C,YOR299W,0,-0.62734723,0.24080663919448853,0.9144144058227539,0.28828829526901245
YDR306C,YNL202W,0,-0.62752295,0.24071146547794342,0.9144144058227539,0.28843843936920166
YCR097WB,YOR123C,0,-0.62784827,0.2406163513660431,0.9144144058227539,0.28858858346939087
YJR119C,YDR403W,0,-0.62838477,0.24052132666110992,0.9144144058227539,0.2887387275695801
YEL012W,YPL002C,0,-0.6290014,0.24042637646198273,0.9144144058227539,0.2888889014720917
YDR229W,YDR261W-A,0,-0.62921953,0.2403314858675003,0.9144144058227539,0.2890390455722809
YJR028W,YNL284C,0,-0.6294794,0.24023668467998505,0.9144144058227539,0.2891891896724701
YPR137C-A,YPR080W,0,-0.6295829,0.24014195799827576,0.9144144058227539,0.2893393337726593
YMR227C,YLL019C,0,-0.63007396,0.24004730582237244,0.9144144058227539,0.2894894778728485
YGR144W,YFL002W-B,0,-0.6306091,0.2399527132511139,0.9144144058227539,0.2896396517753601
YOL103W-B,YLR329W,0,-0.6318999,0.2398582100868225,0.9144144058227539,0.2897897958755493
YLR208W,YML039W,0,-0.6320509,0.2397637814283371,0.9144144058227539,0.2899399399757385
YLR410W-A,YDR389W,0,-0.63246846,0.23966942727565765,0.9144144058227539,0.29009008407592773
YDR460W,YAL022C,0,-0.63329196,0.23957513272762299,0.9144144058227539,0.29024022817611694
YPR182W,YPL218W,0,-0.6334938,0.23948092758655548,0.9144144058227539,0.29039040207862854
YLR256W-A,YJR032W,0,-0.63500416,0.23938679695129395,0.9144144058227539,0.29054054617881775
YHR029C,YGL060W,0,-0.6350364,0.23929272592067719,0.9144144058227539,0.29069069027900696
YLR410W-A,YOR020C,0,-0.63514006,0.2391987442970276,0.9144144058227539,0.29084083437919617
YOL103W-B,YLR080W,0,-0.6352382,0.23910482227802277,0.9144144058227539,0.2909909784793854
YDR140W,YML128C,0,-0.6354013,0.2390109896659851,0.9144144058227539,0.291141152381897
YML032C,YDL111C,0,-0.6355109,0.23891721665859222,0.9144144058227539,0.2912912964820862
YPR137C-A,YMR267W,0,-0.6355161,0.2388235330581665,0.9144144058227539,0.2914414405822754
YOL103W-B,YJR005W,0,-0.6367297,0.23872990906238556,0.9144144058227539,0.2915915846824646
YCR087C-A,YNL192W,0,-0.6370081,0.23863635957241058,0.9144144058227539,0.2917417287826538
YLR197W,YMR046C,0,-0.6370481,0.23854288458824158,0.9144144058227539,0.2918919026851654
YJR032W,YNR072W,0,-0.6373435,0.23844948410987854,0.9144144058227539,0.2920420467853546
YDR285W,YLL043W,0,-0.6378062,0.23835615813732147,0.9144144058227539,0.2921921908855438
YHR160C,YPL112C,1,-0.6387559,0.23865415155887604,0.9159159064292908,0.2921921908855438
YJL029C,YIL076W,0,-0.6391944,0.23856081068515778,0.9159159064292908,0.29234233498573303
YDR405W,YDR261W-A,0,-0.63946784,0.23846755921840668,0.9159159064292908,0.29249247908592224
YJL166W,YJR133W,0,-0.6395313,0.23837436735630035,0.9159159064292908,0.29264265298843384
YOR292C,YDR146C,0,-0.6399076,0.23828125,0.9159159064292908,0.29279279708862305
YDL215C,YDR457W,0,-0.63997626,0.23818820714950562,0.9159159064292908,0.29294294118881226
YER175C,YLL019C,0,-0.6402186,0.2380952388048172,0.9159159064292908,0.29309308528900146
YPR158C-C,YNR028W,0,-0.64058495,0.23800234496593475,0.9159159064292908,0.2932432293891907
YKL217W,YHR057C,0,-0.6422895,0.23790951073169708,0.9159159064292908,0.29339340329170227
YBR150C,YKL206C,0,-0.6425763,0.23781676590442657,0.9159159064292908,0.2935435473918915
YFR001W,YDR369C,0,-0.6441131,0.23772408068180084,0.9159159064292908,0.2936936914920807
YKR054C,YDR261W-A,0,-0.6445892,0.23763146996498108,0.9159159064292908,0.2938438355922699
YHR211W,YOL054W,0,-0.6456677,0.23753893375396729,0.9159159064292908,0.2939939796924591
YJR082C,YDR423C,0,-0.6463172,0.23744647204875946,0.9159159064292908,0.2941441535949707
YHR059W,YHR168W,0,-0.6469887,0.2373540848493576,0.9159159064292908,0.2942942976951599
YGR109W-B,YKL022C,0,-0.64708495,0.23726177215576172,0.9159159064292908,0.2944444417953491
YER103W,YLR256W-A,0,-0.6473543,0.2371695190668106,0.9159159064292908,0.29459458589553833
YGR072W,YIR032C,0,-0.64773136,0.23707734048366547,0.9159159064292908,0.29474472999572754
YOR142W-B,YOR275C,0,-0.64806706,0.2369852364063263,0.9159159064292908,0.29489490389823914
YMR319C,YPL110C,0,-0.64931166,0.2368932068347931,0.9159159064292908,0.29504504799842834
YGR161W-B,YJR107W,0,-0.6506273,0.23680123686790466,0.9159159064292908,0.29519519209861755
YKL094W,YLR154W-A,0,-0.65111154,0.2367093563079834,0.9159159064292908,0.29534533619880676
YPR158C-C,YHR214C-B,0,-0.65295196,0.2366175353527069,0.9159159064292908,0.29549551010131836
YLR380W,YLR227W-B,0,-0.6539297,0.2365257889032364,0.9159159064292908,0.29564565420150757
YMR123W,YGR031C-A,0,-0.6543386,0.23643410205841064,0.9159159064292908,0.2957957983016968
YGR239C,YDR244W,1,-0.6555648,0.2367299497127533,0.9174174070358276,0.2957957983016968
YMR078C,YAL017W,0,-0.65620494,0.23663826286792755,0.9174174070358276,0.295945942401886
YKR054C,YDR210C-C,0,-0.65681076,0.23654665052890778,0.9174174070358276,0.2960960865020752
YNL309W,YGL212W,0,-0.6571508,0.23645511269569397,0.9174174070358276,0.2962462604045868
YDR389W,YOL053C-A,0,-0.65779966,0.23636363446712494,0.9174174070358276,0.296396404504776
YIL095W,YKR035W-A,0,-0.6580852,0.23627223074436188,0.9174174070358276,0.2965465486049652
YGR161W-B,YNL032W,0,-0.658434,0.23618090152740479,0.9174174070358276,0.2966966927051544
YLR321C,YPR060C,0,-0.65876734,0.23608964681625366,0.9174174070358276,0.29684683680534363
YLR080W,YPL087W,0,-0.65919167,0.23599845170974731,0.9174174070358276,0.2969970107078552
YHR058C,YDL040C,0,-0.65926373,0.23590733110904694,0.9174174070358276,0.29714715480804443
YDR512C,YDR389W,0,-0.66019255,0.23581628501415253,0.9174174070358276,0.29729729890823364
YNL208W,YLL043W,0,-0.6612506,0.2357253134250641,0.9174174070358276,0.29744744300842285
YLR410W-B,YGL233W,0,-0.66157836,0.23563440144062042,0.9174174070358276,0.29759758710861206
YDL225W,YLR151C,0,-0.6621933,0.23554356396198273,0.9174174070358276,0.29774776101112366
YMR145C,YMR099C,0,-0.6635259,0.235452800989151,0.9174174070358276,0.29789790511131287
YPR158C-C,YJL214W,0,-0.6637893,0.23536209762096405,0.9174174070358276,0.2980480492115021
YAL033W,YFL002W-B,0,-0.66381615,0.23527146875858307,0.9174174070358276,0.2981981933116913
YPR158C-C,YJL200C,0,-0.6640815,0.23518091440200806,0.9174174070358276,0.2983483374118805
YMR013C,YFR001W,0,-0.6642815,0.23509041965007782,0.9174174070358276,0.2984985113143921
YGL186C,YBR274W,0,-0.6648171,0.23499999940395355,0.9174174070358276,0.2986486554145813
YOR343W-B,YBR052C,0,-0.6651064,0.23490965366363525,0.9174174070358276,0.2987987995147705
YNL138W-A,YOR311C,0,-0.66516054,0.23481936752796173,0.9174174070358276,0.2989489436149597
YGL226C-A,YDR159W,0,-0.6662389,0.23472915589809418,0.9174174070358276,0.2990990877151489
YLR321C,YFR052W,0,-0.6670373,0.2346390187740326,0.9174174070358276,0.2992492616176605
YGL225W,YPR163C,0,-0.6672915,0.23454894125461578,0.9174174070358276,0.29939940571784973
YMR039C,YBL011W,0,-0.6678784,0.23445893824100494,0.9174174070358276,0.29954954981803894
YLR043C,YDR304C,0,-0.6703912,0.23436900973320007,0.9174174070358276,0.29969969391822815
YGL172W,YHR004C,0,-0.6713916,0.23427914083003998,0.9174174070358276,0.29984983801841736
YLL004W,YOL136C,0,-0.6714634,0.23418934643268585,0.9174174070358276,0.30000001192092896
YJL024C,YKR044W,0,-0.67220837,0.2340996116399765,0.9174174070358276,0.30015015602111816
YGR161W-B,YFR019W,0,-0.6724901,0.23400995135307312,0.9174174070358276,0.3003003001213074
YLR295C,YOR261C,0,-0.6729895,0.2339203655719757,0.9174174070358276,0.3004504442214966
YJR140C,YMR239C,0,-0.6734159,0.23383083939552307,0.9174174070358276,0.3006005883216858
YJL225C,YPL002C,0,-0.6735669,0.2337413877248764,0.9174174070358276,0.3007507622241974
YLR394W,YGR171C,0,-0.67393315,0.2336520105600357,0.9174174070358276,0.3009009063243866
YLL051C,YJL192C,0,-0.67417026,0.23356269299983978,0.9174174070358276,0.3010510504245758
YDR131C,YJL082W,0,-0.6745628,0.23347344994544983,0.9174174070358276,0.301201194524765
YER087W,YNL182C,0,-0.6750499,0.23338426649570465,0.9174174070358276,0.3013513386249542
YHR030C,YJL166W,0,-0.67560315,0.23329515755176544,0.9174174070358276,0.3015015125274658
YLR256W-A,YNL219C,0,-0.6765121,0.233206108212471,0.9174174070358276,0.30165165662765503
YCL074W,YJL114W,0,-0.676751,0.23311713337898254,0.9174174070358276,0.30180180072784424
YBR260C,YER022W,0,-0.67703414,0.23302821815013885,0.9174174070358276,0.30195194482803345
YEL043W,YFL057C,0,-0.6783081,0.23293937742710114,0.9174174070358276,0.30210208892822266
YBR260C,YHR164C,0,-0.67964745,0.23285061120986938,0.9174174070358276,0.30225226283073425
YOR206W,YLR410W-B,0,-0.68116516,0.2327619045972824,0.9174174070358276,0.30240240693092346
YML032C,YPL083C,0,-0.68154687,0.2326732724905014,0.9174174070358276,0.30255255103111267
YEL052W,YMR268W-A,0,-0.68192077,0.23258469998836517,0.9174174070358276,0.3027026951313019
YER150W,YOR251C,0,-0.68250304,0.2324962019920349,0.9174174070358276,0.3028528392314911
YCR080W,YGR155W,0,-0.6831273,0.23240776360034943,0.9174174070358276,0.3030030131340027
YOR304W,YGR216C,0,-0.6848992,0.23231938481330872,0.9174174070358276,0.3031531572341919
YBR223C,YGR077C,0,-0.68556833,0.23223109543323517,0.9174174070358276,0.3033033013343811
YEL037C,YDR416W,0,-0.68577874,0.2321428507566452,0.9174174070358276,0.3034534454345703
YDR076W,YML052W,0,-0.6874625,0.2320546954870224,0.9174174070358276,0.3036035895347595
YER151C,YLR154W-A,0,-0.6874825,0.23196658492088318,0.9174174070358276,0.3037537634372711
YLR016C,YLR309C,0,-0.6878031,0.23187856376171112,0.9174174070358276,0.3039039075374603
YPR128C,YLR191W,1,-0.6878128,0.2321699559688568,0.9189189076423645,0.3039039075374603
YKL013C,YOR219C,0,-0.6880714,0.23208190500736237,0.9189189076423645,0.30405405163764954
YPR171W,YNR057C,0,-0.6886622,0.2319939285516739,0.9189189076423645,0.30420419573783875
YNR013C,YKL015W,0,-0.6897987,0.23190602660179138,0.9189189076423645,0.30435433983802795
YKL161C,YNR067C,0,-0.6901642,0.23181818425655365,0.9189189076423645,0.30450451374053955
YPL119C,YGL004C,0,-0.69201654,0.2317304015159607,0.9189189076423645,0.30465465784072876
YOR025W,YGL163C,0,-0.69207335,0.2316426932811737,0.9189189076423645,0.30480480194091797
YOR351C,YCR002C,0,-0.69239295,0.2315550446510315,0.9189189076423645,0.3049549460411072
YNL102W,YDR261C-D,0,-0.69581294,0.23146747052669525,0.9189189076423645,0.3051051199436188
YPR113W,YDL055C,0,-0.6967374,0.23137995600700378,0.9189189076423645,0.305255264043808
YPR158C-C,YDR508C,0,-0.6972654,0.2312925159931183,0.9189189076423645,0.3054054081439972
YOR343W-B,YGR171C,0,-0.69804776,0.23120513558387756,0.9189189076423645,0.3055555522441864
YOR138C,YNR010W,0,-0.6982565,0.2311178296804428,0.9189189076423645,0.3057056963443756
YOR292C,YLR073C,0,-0.6984856,0.23103058338165283,0.9189189076423645,0.3058558702468872
YGL233W,YJL176C,0,-0.6987528,0.23094339668750763,0.9189189076423645,0.3060060143470764
YJR057W,YLR256W-A,0,-0.6988872,0.2308562844991684,0.9189189076423645,0.3061561584472656
YPL139C,YJL124C,0,-0.69928586,0.23076923191547394,0.9189189076423645,0.30630630254745483
YKL161C,YHR057C,0,-0.6992905,0.23068225383758545,0.9189189076423645,0.30645644664764404
YPR137C-A,YOR378W,0,-0.6994469,0.23059532046318054,0.9189189076423645,0.30660662055015564
YDL111C,YDR170C,0,-0.69998825,0.2305084764957428,0.9189189076423645,0.30675676465034485
YDR026C,YLR256W-A,0,-0.70083666,0.23042169213294983,0.9189189076423645,0.30690690875053406
YER103W,YJR101W,0,-0.7012424,0.23033496737480164,0.9189189076423645,0.30705705285072327
YJL085W,YLR309C,0,-0.7019525,0.23024830222129822,0.9189189076423645,0.3072071969509125
YMR112C,YKL189W,0,-0.70258164,0.23016171157360077,0.9189189076423645,0.3073573708534241
YER137C-A,YOR089C,0,-0.7028128,0.2300751805305481,0.9189189076423645,0.3075075149536133
YCR052W,YPL183W-A,0,-0.7032649,0.2299887239933014,0.9189189076423645,0.3076576590538025
YGR036C,YLR268W,0,-0.70628875,0.22990232706069946,0.9189189076423645,0.3078078031539917
YOR142W-B,YJR083C,0,-0.7063029,0.2298159897327423,0.9189189076423645,0.3079579472541809
YKR020W,YGL203C,0,-0.70663744,0.22972972691059113,0.9189189076423645,0.3081081211566925
YDR473C,YDL024C,0,-0.70861727,0.22964352369308472,0.9189189076423645,0.3082582652568817
YOR343W-B,YJR083C,0,-0.70862556,0.22955739498138428,0.9189189076423645,0.3084084093570709
YFR018C,YKL053C-A,0,-0.70866346,0.22947131097316742,0.9189189076423645,0.30855855345726013
YGR031C-A,YDR159W,0,-0.7087187,0.22938530147075653,0.9189189076423645,0.30870869755744934
YLR080W,YAR035W,0,-0.7090993,0.2292993664741516,0.9189189076423645,0.30885887145996094
YNL073W,YDR261C-D,0,-0.70911825,0.22921347618103027,0.9189189076423645,0.30900901556015015
YJL011C,YDR218C,0,-0.70923007,0.2291276603937149,0.9189189076423645,0.30915915966033936
YPR158C-C,YGL180W,0,-0.7107001,0.2290419191122055,0.9189189076423645,0.30930930376052856
YPR158C-C,YFR031C,0,-0.711323,0.2289562225341797,0.9189189076423645,0.3094594478607178
YMR163C,YPL112C,1,-0.71141845,0.22924457490444183,0.9204204082489014,0.3094594478607178
YHR061C,YLR209C,0,-0.71151304,0.22915887832641602,0.9204204082489014,0.30960962176322937
YGR171C,YOL107W,0,-0.7122238,0.22907324135303497,0.9204204082489014,0.3097597658634186
YNR004W,YOR194C,0,-0.7130761,0.2289876788854599,0.9204204082489014,0.3099099099636078
YPL139C,YGL071W,0,-0.7136543,0.2289021611213684,0.9204204082489014,0.310060054063797
YPR182W,YFL002W-B,0,-0.7149044,0.22881671786308289,0.9204204082489014,0.3102101981639862
YPL167C,YLR350W,0,-0.7154126,0.22873134911060333,0.9204204082489014,0.3103603720664978
YOL066C,YDL197C,0,-0.71749246,0.22864602506160736,0.9204204082489014,0.310510516166687
YLR289W,YDL045W-A,0,-0.71804696,0.22856077551841736,0.9204204082489014,0.3106606602668762
YJR147W,YMR020W,0,-0.71838284,0.22847558557987213,0.9204204082489014,0.31081080436706543
YLR395C,YHR069C,0,-0.7185447,0.22839045524597168,0.9204204082489014,0.31096094846725464
YDR233C,YDR310C,0,-0.7187401,0.2283053994178772,0.9204204082489014,0.31111112236976624
YOL141W,YJL225C,0,-0.71956074,0.2282204031944275,0.9204204082489014,0.31126126646995544
YCR087C-A,YKL053C-A,0,-0.7196141,0.22813546657562256,0.9204204082489014,0.31141141057014465
YGL183C,YJR112W,0,-0.7196901,0.2280505895614624,0.9204204082489014,0.31156155467033386
YMR090W,YPL065W,0,-0.7199039,0.22796578705310822,0.9204204082489014,0.31171169877052307
YOL107W,YNR035C,0,-0.7207246,0.2278810441493988,0.9204204082489014,0.31186187267303467
YGR144W,YML112W,0,-0.72075105,0.22779636085033417,0.9204204082489014,0.3120120167732239
YPL151C,YER014C-A,0,-0.7209093,0.2277117371559143,0.9204204082489014,0.3121621608734131
YGR161W-B,YOL004W,0,-0.72101116,0.22762718796730042,0.9204204082489014,0.3123123049736023
YGR109W-B,YMR078C,0,-0.7211038,0.2275426834821701,0.9204204082489014,0.3124624490737915
YHR214C-B,YPR133W-A,0,-0.72143596,0.22745825350284576,0.9204204082489014,0.3126126229763031
YCR014C,YDR403W,0,-0.7245036,0.2273738831281662,0.9204204082489014,0.3127627670764923
YJL128C,YDR364C,0,-0.7245825,0.2272895872592926,0.9204204082489014,0.3129129111766815
YKL168C,YPL183W-A,0,-0.72536314,0.2272053360939026,0.9204204082489014,0.3130630552768707
YLR163C,YPL065W,0,-0.72591126,0.22712115943431854,0.9204204082489014,0.31321319937705994
YPL139C,YBR115C,0,-0.7259238,0.22703704237937927,0.9204204082489014,0.31336337327957153
YLR404W,YLR033W,0,-0.7264896,0.22695298492908478,0.9204204082489014,0.31351351737976074
YKL180W,YOL040C,0,-0.7282816,0.22686898708343506,0.9204204082489014,0.31366366147994995
YMR039C,YNR057C,0,-0.7306915,0.22678504884243011,0.9204204082489014,0.31381380558013916
YBR260C,YFR029W,0,-0.7310102,0.22670118510723114,0.9204204082489014,0.31396394968032837
YPL257W-B,YGR246C,0,-0.73193634,0.22661738097667694,0.9204204082489014,0.31411412358283997
YOR239W,YDR222W,0,-0.7324466,0.22653362154960632,0.9204204082489014,0.3142642676830292
YDL111C,YBR061C,0,-0.732479,0.22644995152950287,0.9204204082489014,0.3144144117832184
YMR146C,YPR187W,0,-0.73265445,0.226366326212883,0.9204204082489014,0.3145645558834076
YNL073W,YJL053W,0,-0.7327918,0.2262827605009079,0.9204204082489014,0.3147146999835968
YKL119C,YIR032C,0,-0.7334503,0.22619926929473877,0.9204204082489014,0.3148648738861084
YHL027W,YMR273C,0,-0.73512363,0.22611582279205322,0.9204204082489014,0.3150150179862976
YGL037C,YOR349W,0,-0.73562944,0.22603245079517365,0.9204204082489014,0.3151651620864868
YOR138C,YGL004C,0,-0.7356384,0.22594913840293884,0.9204204082489014,0.315315306186676
YOR378W,YJL006C,0,-0.7374127,0.22586588561534882,0.9204204082489014,0.3154654800891876
YGR109W-B,YDR195W,0,-0.7383014,0.22578269243240356,0.9204204082489014,0.31561562418937683
YMR025W,YLR209C,0,-0.7386636,0.2256995588541031,0.9204204082489014,0.31576576828956604
YLR165C,YOR378W,0,-0.73896456,0.2256164848804474,0.9204204082489014,0.31591591238975525
YHR012W,YDL111C,0,-0.73935956,0.22553348541259766,0.9204204082489014,0.31606605648994446
YGL050W,YOL107W,0,-0.73983455,0.2254505306482315,0.9204204082489014,0.31621623039245605
YKR103W,YKL074C,0,-0.74063635,0.22536765038967133,0.9204204082489014,0.31636637449264526
YPR158C-C,YBL052C,0,-0.74083966,0.22528481483459473,0.9204204082489014,0.3165165185928345
YGR161W-B,YJR133W,0,-0.74216914,0.2252020537853241,0.9204204082489014,0.3166666626930237
YJL192C,YGL060W,0,-0.74317884,0.22511935234069824,0.9204204082489014,0.3168168067932129
YDR383C,YBR150C,0,-0.7438831,0.22503671050071716,0.9204204082489014,0.3169669806957245
YDR226W,YMR075W,0,-0.7442391,0.22495412826538086,0.9204204082489014,0.3171171247959137
YOL057W,YFR052W,0,-0.74460477,0.22487160563468933,0.9204204082489014,0.3172672688961029
YBR052C,YPR030W,0,-0.7449902,0.22478914260864258,0.9204204082489014,0.3174174129962921
YHR058C,YEL056W,0,-0.74528855,0.2247067391872406,0.9204204082489014,0.3175675570964813
YAL054C,YNL138W-A,0,-0.74596363,0.2246244102716446,0.9204204082489014,0.3177177309989929
YKL015W,YBR192W,0,-0.74748534,0.22454212605953217,0.9204204082489014,0.31786787509918213
YDL197C,YMR145C,0,-0.74824625,0.22445990145206451,0.9204204082489014,0.31801801919937134
YLR047C,YER137C-A,0,-0.74872375,0.22437775135040283,0.9204204082489014,0.31816816329956055
YOR147W,YDL035C,0,-0.74882853,0.22429564595222473,0.9204204082489014,0.31831830739974976
YOR138C,YOL151W,0,-0.74891996,0.2242136001586914,0.9204204082489014,0.31846848130226135
YLR305C,YOL090W,0,-0.7490377,0.22413162887096405,0.9204204082489014,0.31861862540245056
YFR013W,YIL159W,0,-0.74937713,0.22404970228672028,0.9204204082489014,0.31876876950263977
YLR305C,YEL036C,0,-0.75039595,0.22396785020828247,0.9204204082489014,0.318918913602829
YPR030W,YOL101C,0,-0.7512504,0.22388604283332825,0.9204204082489014,0.3190690577030182
YJR051W,YKL095W,0,-0.7515417,0.22380430996418,0.9204204082489014,0.3192192316055298
YPL007C,YIL140W,0,-0.75172794,0.22372262179851532,0.9204204082489014,0.319369375705719
YCR097WB,YPR163C,0,-0.751796,0.22364100813865662,0.9204204082489014,0.3195195198059082
YFL002W-B,YNR035C,0,-0.752453,0.2235594391822815,0.9204204082489014,0.3196696639060974
YDR454C,YOL053C-A,0,-0.752962,0.22347794473171234,0.9204204082489014,0.3198198080062866
YOL103W-B,YNR060W,0,-0.7539617,0.22339649498462677,0.9204204082489014,0.3199699819087982
YEL052W,YOR343W-B,0,-0.75433016,0.22331511974334717,0.9204204082489014,0.3201201260089874
YFL057C,YKL203C,0,-0.75542665,0.22323378920555115,0.9204204082489014,0.32027027010917664
YBR282W,YCR055C,0,-0.7559117,0.2231525331735611,0.9204204082489014,0.32042041420936584
YPR135W,YJL128C,0,-0.75633645,0.22307132184505463,0.9204204082489014,0.32057055830955505
YDR059C,YOR085W,0,-0.7579423,0.22299018502235413,0.9204204082489014,0.32072073221206665
YDR034C,YKL206C,0,-0.7587316,0.2229090929031372,0.9204204082489014,0.32087087631225586
YNL262W,YDR261W-A,0,-0.75926447,0.22282806038856506,0.9204204082489014,0.32102102041244507
YPL188W,YKR035W-A,0,-0.7605916,0.2227470874786377,0.9204204082489014,0.3211711645126343
YNR021W,YOL043C,0,-0.76097816,0.2226661890745163,0.9204204082489014,0.3213213086128235
YLR410W-B,YOR142W,0,-0.76104647,0.22258533537387848,0.9204204082489014,0.3214714825153351
YOR148C,YAL039C,0,-0.7612647,0.22250454127788544,0.9204204082489014,0.3216216266155243
YLL041C,YOR142W-A,0,-0.7619235,0.22242380678653717,0.9204204082489014,0.3217717707157135
YJR051W,YNL070W,0,-0.76197666,0.22234313189983368,0.9204204082489014,0.3219219148159027
YJL012C-A,YFL010W-A,0,-0.7629927,0.22226250171661377,0.9204204082489014,0.3220720589160919
YDR167W,YEL043W,0,-0.7633401,0.22218194603919983,0.9204204082489014,0.3222222328186035
YOR311C,YNL284C,0,-0.763813,0.22210144996643066,0.9204204082489014,0.3223723769187927
YDR079W,YLR391W,0,-0.7647884,0.22202101349830627,0.9204204082489014,0.32252252101898193
YNL192W,YPR060C,0,-0.7664051,0.22194062173366547,0.9204204082489014,0.32267266511917114
YPL104W,YGL241W,0,-0.76649094,0.22186028957366943,0.9204204082489014,0.32282280921936035
YKL217W,YDR389W,0,-0.76711285,0.22178003191947937,0.9204204082489014,0.32297298312187195
YGR199W,YDR498C,0,-0.7682394,0.2216998189687729,0.9204204082489014,0.32312312722206116
YMR146C,YPL273W,0,-0.76849973,0.22161966562271118,0.9204204082489014,0.32327327132225037
YJL053W,YNL006W,0,-0.76877654,0.22153957188129425,0.9204204082489014,0.3234234154224396
YNL102W,YBL005W-B,0,-0.76908153,0.2214595377445221,0.9204204082489014,0.3235735595226288
YAL060W,YNL080C,0,-0.7699933,0.22137956321239471,0.9204204082489014,0.3237237334251404
YOL070C,YGL112C,0,-0.7704482,0.22129963338375092,0.9204204082489014,0.3238738775253296
YLR227W-B,YKL003C,0,-0.7712195,0.22121977806091309,0.9204204082489014,0.3240240216255188
YIL017W,YBL098W,0,-0.7723769,0.22113996744155884,0.9204204082489014,0.324174165725708
YOR393W,YJR140C,0,-0.77238214,0.22106021642684937,0.9204204082489014,0.3243243098258972
YOL142W,YBR074W,0,-0.7739118,0.22098053991794586,0.9204204082489014,0.3244744837284088
YMR019W,YJL176C,0,-0.7746253,0.22090090811252594,0.9204204082489014,0.324624627828598
YDR026C,YPR158C-C,0,-0.7748258,0.2208213210105896,0.9204204082489014,0.32477477192878723
YDR034C,YMR321C,0,-0.77499104,0.22074180841445923,0.9204204082489014,0.32492491602897644
YDR026C,YDR173C,0,-0.77530146,0.22066234052181244,0.9204204082489014,0.32507508993148804
YCR093W,YGL094C,0,-0.77590525,0.22058294713497162,0.9204204082489014,0.32522523403167725
YCR080W,YOR340C,0,-0.77656984,0.22050359845161438,0.9204204082489014,0.32537537813186646
YHR047C,YBR276C,0,-0.77682495,0.22042430937290192,0.9204204082489014,0.32552552223205566
YML071C,YCR052W,0,-0.7769275,0.22034507989883423,0.9204204082489014,0.3256756663322449
YPL099C,YBR052C,0,-0.7770168,0.22026589512825012,0.9204204082489014,0.32582584023475647
YLR028C,YOL090W,0,-0.77743423,0.22018678486347198,0.9204204082489014,0.3259759843349457
YLL041C,YKL020C,0,-0.7775739,0.22010771930217743,0.9204204082489014,0.3261261284351349
YNL138W-A,YML132W,0,-0.7775829,0.22002871334552765,0.9204204082489014,0.3262762725353241
YPL112C,YDR216W,1,-0.7780218,0.2203085720539093,0.9219219088554382,0.3262762725353241
YPL112C,YJL206C,0,-0.7804167,0.22022955119609833,0.9219219088554382,0.3264264166355133
YNL273W,YNL121C,0,-0.78221583,0.22015058994293213,0.9219219088554382,0.3265765905380249
YGR264C,YHR004C,0,-0.7823973,0.2200716882944107,0.9219219088554382,0.3267267346382141
YPR198W,YGL190C,0,-0.7825794,0.21999283134937286,0.9219219088554382,0.3268768787384033
YKL053C-A,YDR373W,0,-0.782689,0.2199140340089798,0.9219219088554382,0.32702702283859253
YLR285W,YMR308C,0,-0.7830374,0.2198352962732315,0.9219219088554382,0.32717716693878174
YGL094C,YDR416W,0,-0.78303826,0.219756618142128,0.9219219088554382,0.32732734084129333
YMR169C,YNL175C,0,-0.7837831,0.21967799961566925,0.9219219088554382,0.32747748494148254
YHR002W,YMR065W,0,-0.78397775,0.2195994257926941,0.9219219088554382,0.32762762904167175
YJL011C,YDR210C-C,0,-0.7843635,0.2195209115743637,0.9219219088554382,0.32777777314186096
YOL129W,YOR287C,0,-0.78619885,0.2194424569606781,0.9219219088554382,0.32792791724205017
YMR276W,YLR295C,0,-0.78659153,0.21936406195163727,0.9219219088554382,0.32807809114456177
YDR261C-D,YDR364C,0,-0.78708917,0.21928571164608002,0.9219219088554382,0.328228235244751
YER137C-A,YLR359W,0,-0.7877041,0.21920742094516754,0.9219219088554382,0.3283783793449402
YMR054W,YBR282W,0,-0.7879889,0.21912918984889984,0.9219219088554382,0.3285285234451294
YJR021C,YLR321C,0,-0.7881136,0.21905101835727692,0.9219219088554382,0.3286786675453186
YPR149W,YCL057W,0,-0.7881913,0.21897289156913757,0.9219219088554382,0.3288288414478302
YEL040W,YKL201C,0,-0.7881967,0.218894824385643,0.9219219088554382,0.3289789855480194
YCR014C,YDL040C,0,-0.79094815,0.2188168168067932,0.9219219088554382,0.3291291296482086
YLL004W,YJL176C,0,-0.7910008,0.2187388688325882,0.9219219088554382,0.3292792737483978
YLR316C,YCR055C,0,-0.79128444,0.21866096556186676,0.9219219088554382,0.32942941784858704
YKL020C,YOR351C,0,-0.79191625,0.2185831218957901,0.9219219088554382,0.32957959175109863
YOR142W-B,YFR036W,0,-0.79289246,0.21850533783435822,0.9219219088554382,0.32972973585128784
YHR060W,YOR299W,0,-0.7934648,0.2184275984764099,0.9219219088554382,0.32987987995147705
YPL122C,YCL004W,0,-0.794667,0.21834993362426758,0.9219219088554382,0.33003002405166626
YDR261C-D,YDR138W,0,-0.79481983,0.21827231347560883,0.9219219088554382,0.33018016815185547
YFL002W-B,YOR194C,0,-0.7953951,0.21819473803043365,0.9219219088554382,0.33033034205436707
YDR261C-D,YDL035C,0,-0.7959712,0.21811722218990326,0.9219219088554382,0.3304804861545563
YPL099C,YBR037C,0,-0.7964588,0.21803976595401764,0.9219219088554382,0.3306306302547455
YGR169C,YNL304W,0,-0.79811996,0.2179623693227768,0.9219219088554382,0.3307807743549347
YLR344W,YDL083C,0,-0.79896265,0.21788501739501953,0.9219219088554382,0.3309309184551239
YJR082C,YGL203C,0,-0.79896855,0.21780773997306824,0.9219219088554382,0.3310810923576355
YNL085W,YBL076C,0,-0.7990342,0.21773049235343933,0.9219219088554382,0.3312312364578247
YOL070C,YPL122C,0,-0.7997115,0.2176533192396164,0.9219219088554382,0.3313813805580139
YOR298W,YNL307C,0,-0.7998096,0.21757619082927704,0.9219219088554382,0.3315315246582031
YLL029W,YBL028C,0,-0.800081,0.21749910712242126,0.9219219088554382,0.33168166875839233
YDR285W,YDR416W,0,-0.8001642,0.21742209792137146,0.9219219088554382,0.33183184266090393
YDL217C,YLR016C,0,-0.8003479,0.21734513342380524,0.9219219088554382,0.33198198676109314
YPR158C-C,YIL135C,0,-0.80080605,0.2172682285308838,0.9219219088554382,0.33213213086128235
YFL048C,YPR152C,0,-0.8009938,0.21719136834144592,0.9219219088554382,0.33228227496147156
YGL180W,YDR260C,0,-0.80153275,0.21711456775665283,0.9219219088554382,0.33243241906166077
YHL034C,YDR261W-A,0,-0.80176747,0.21703782677650452,0.9219219088554382,0.33258259296417236
YOR142W-B,YBR129C,0,-0.8020099,0.21696113049983978,0.9219219088554382,0.3327327370643616
YLR256W-A,YPR152C,0,-0.80229044,0.21688449382781982,0.9219219088554382,0.3328828811645508
YGR282C,YHR164C,0,-0.8024917,0.21680791676044464,0.9219219088554382,0.33303302526474
YDR423C,YMR034C,0,-0.8025956,0.21673138439655304,0.9219219088554382,0.3331831693649292
YER151C,YDR167W,0,-0.80276626,0.2166549116373062,0.9219219088554382,0.3333333432674408
YIL021W,YOR351C,0,-0.80277133,0.21657848358154297,0.9219219088554382,0.33348348736763
YOL057W,YNL274C,0,-0.80476916,0.2165021151304245,0.9219219088554382,0.3336336314678192
YGR288W,YOR142W,0,-0.8047987,0.2164258062839508,0.9219219088554382,0.3337837755680084
YOR099W,YKR028W,0,-0.805865,0.2163495421409607,0.9219219088554382,0.33393391966819763
YBR294W,YKL124W,0,-0.80748427,0.21627333760261536,0.9219219088554382,0.33408409357070923
YJR082C,YFL010W-A,0,-0.80771446,0.2161971777677536,0.9219219088554382,0.33423423767089844
YGR239C,YOR084W,1,-0.8079655,0.2164730727672577,0.9234234094619751,0.33423423767089844
YNL304W,YOR313C,0,-0.8086719,0.21639689803123474,0.9234234094619751,0.33438438177108765
YOL043C,YER090W,0,-0.8088588,0.21632078289985657,0.9234234094619751,0.33453452587127686
YOR071C,YKL119C,0,-0.8091992,0.21624472737312317,0.9234234094619751,0.33468466997146606
YPR035W,YBR287W,0,-0.80956876,0.21616871654987335,0.9234234094619751,0.33483484387397766
YGR081C,YBR257W,0,-0.8097206,0.2160927653312683,0.9234234094619751,0.33498498797416687
YKL200C,YGR036C,0,-0.8109149,0.21601685881614685,0.9234234094619751,0.3351351320743561
YML071C,YGL060W,0,-0.81091535,0.21594101190567017,0.9234234094619751,0.3352852761745453
YBR182C,YDR416W,0,-0.8109181,0.21586520969867706,0.9234234094619751,0.3354354500770569
YNL153C,YPL257W-B,0,-0.81182164,0.21578946709632874,0.9234234094619751,0.3355855941772461
YER013W,YNL258C,0,-0.81215453,0.21571378409862518,0.9234234094619751,0.3357357382774353
YOR142W-A,YHR156C,0,-0.8122177,0.2156381458044052,0.9234234094619751,0.3358858823776245
YNL271C,YOL155C,0,-0.81365335,0.21556256711483002,0.9234234094619751,0.3360360264778137
YGL158W,YOR074C,0,-0.8137313,0.2154870331287384,0.9234234094619751,0.3361862003803253
YOR287C,YDR404C,0,-0.8144001,0.21541155874729156,0.9234234094619751,0.3363363444805145
YDR512C,YOR142W-A,0,-0.8153527,0.2153361290693283,0.9234234094619751,0.33648648858070374
YBR238C,YGL113W,0,-0.81542385,0.21526075899600983,0.9234234094619751,0.33663663268089294
YMR112C,YHR132C,0,-0.8163207,0.21518544852733612,0.9234234094619751,0.33678677678108215
YPR137C-A,YLR206W,0,-0.816494,0.215110182762146,0.9234234094619751,0.33693695068359375
YGR034W,YER171W,0,-0.8166982,0.21503496170043945,0.9234234094619751,0.33708709478378296
YNL102W,YJL192C,0,-0.817088,0.21495980024337769,0.9234234094619751,0.33723723888397217
YOL145C,YFL035C,0,-0.8174827,0.2148846983909607,0.9234234094619751,0.3373873829841614
YGR095C,YGL174W,0,-0.8176216,0.21480964124202728,0.9234234094619751,0.3375375270843506
YLR295C,YOL151W,0,-0.8177704,0.21473464369773865,0.9234234094619751,0.3376877009868622
YGL170C,YHR077C,0,-0.8188518,0.2146596908569336,0.9234234094619751,0.3378378450870514
YIL061C,YLR141W,0,-0.8191713,0.21458478271961212,0.9234234094619751,0.3379879891872406
YLR410W-B,YOR353C,0,-0.81926894,0.21450993418693542,0.9234234094619751,0.3381381332874298
YGL172W,YJL149W,0,-0.81978416,0.2144351452589035,0.9234234094619751,0.338288277387619
YKR068C,YNL092W,0,-0.8226201,0.21436040103435516,0.9234234094619751,0.3384384512901306
YDR353W,YBL068W,0,-0.8235041,0.2142857164144516,0.9234234094619751,0.3385885953903198
YNR031C,YDR353W,0,-0.8237324,0.21421107649803162,0.9234234094619751,0.33873873949050903
YPL257W-B,YNR013C,0,-0.8237696,0.2141364961862564,0.9234234094619751,0.33888888359069824
YDL054C,YLL027W,0,-0.8248802,0.21406196057796478,0.9234234094619751,0.33903902769088745
YFL011W-A,YMR078C,0,-0.82559574,0.21398746967315674,0.9234234094619751,0.33918920159339905
YNL153C,YIL170W,0,-0.82564044,0.21391303837299347,0.9234234094619751,0.33933934569358826
YDR211W,YFR033C,0,-0.8262911,0.21383866667747498,0.9234234094619751,0.33948948979377747
YOL070C,YIL046W,0,-0.82646453,0.21376433968544006,0.9234234094619751,0.3396396338939667
YKL007W,YDL202W,0,-0.8279844,0.21369005739688873,0.9234234094619751,0.3397897779941559
YGR113W,YNR028W,0,-0.8281321,0.21361583471298218,0.9234234094619751,0.3399399518966675
YLR410W-B,YAL040C,0,-0.8292109,0.2135416716337204,0.9234234094619751,0.3400900959968567
YNL172W,YMR319C,0,-0.8297725,0.2134675532579422,0.9234234094619751,0.3402402400970459
YMR272C,YER137C,0,-0.8298828,0.21339347958564758,0.9234234094619751,0.3403903841972351
YKL170W,YCL034W,0,-0.8306254,0.21331946551799774,0.9234234094619751,0.3405405282974243
YJR032W,YKL001C,0,-0.83121276,0.21324549615383148,0.9234234094619751,0.3406907021999359
YJL134W,YNL290W,0,-0.83179194,0.2131715714931488,0.9234234094619751,0.3408408463001251
YDR261C-D,YKL067W,0,-0.83365035,0.2130977064371109,0.9234234094619751,0.34099099040031433
YLR005W,YOR324C,0,-0.83405966,0.21302390098571777,0.9234234094619751,0.34114113450050354
YNL006W,YLR391W,0,-0.8349162,0.21295014023780823,0.9234234094619751,0.34129127860069275
YGL236C,YAL031C,0,-0.8356401,0.21287642419338226,0.9234234094619751,0.34144145250320435
YJL103C,YJL006C,0,-0.8359804,0.21280276775360107,0.9234234094619751,0.34159159660339355
YML051W,YLR278C,0,-0.8359987,0.21272915601730347,0.9234234094619751,0.34174174070358276
YJR057W,YKL097W-A,0,-0.8369913,0.21265560388565063,0.9234234094619751,0.341891884803772
YDR144C,YDR172W,0,-0.8383498,0.21258209645748138,0.9234234094619751,0.3420420289039612
YDL074C,YKL095W,0,-0.8392542,0.21250863373279572,0.9234234094619751,0.3421922028064728
YIL128W,YGL026C,0,-0.8399408,0.21243523061275482,0.9234234094619751,0.342342346906662
YGR109W-B,YDR062W,0,-0.8404267,0.2123618721961975,0.9234234094619751,0.3424924910068512
YGR010W,YNL297C,0,-0.84132147,0.21228857338428497,0.9234234094619751,0.3426426351070404
YER154W,YDR461W,0,-0.84159064,0.21221531927585602,0.9234234094619751,0.3427927792072296
YDL198C,YDR337W,0,-0.84179014,0.21214212477207184,0.9234234094619751,0.3429429531097412
YJL117W,YPR125W,0,-0.84193116,0.21206896007061005,0.9234234094619751,0.3430930972099304
YCR080W,YDR207C,0,-0.84210193,0.21199586987495422,0.9234234094619751,0.34324324131011963
YOR142W-A,YAR035W,0,-0.8421916,0.2119228094816208,0.9234234094619751,0.34339338541030884
YOR193W,YLR324W,1,-0.8429133,0.2121942788362503,0.924924910068512,0.34339338541030884
YCL036W,YGR264C,0,-0.8429762,0.21212121844291687,0.924924910068512,0.34354352951049805
YBR081C,YJL124C,0,-0.84440434,0.21204818785190582,0.924924910068512,0.34369370341300964
YPR024W,YMR077C,0,-0.84495693,0.21197521686553955,0.924924910068512,0.34384384751319885
YGR109W-B,YNL236W,0,-0.8484733,0.21190230548381805,0.924924910068512,0.34399399161338806
YBR059C,YNL192W,0,-0.8494611,0.21182943880558014,0.924924910068512,0.34414413571357727
YOR142W-B,YLL017W,0,-0.851924,0.2117566168308258,0.924924910068512,0.3442942798137665
YLR206W,YNL230C,0,-0.8522458,0.21168385446071625,0.924924910068512,0.3444444537162781
YPL167C,YGL046W,0,-0.8524755,0.21161113679409027,0.924924910068512,0.3445945978164673
YFL002W-B,YIR032C,0,-0.85270774,0.21153846383094788,0.924924910068512,0.3447447419166565
YKL119C,YNR013C,0,-0.85335773,0.21146583557128906,0.924924910068512,0.3448948860168457
YLR103C,YJL085W,0,-0.8538257,0.21139326691627502,0.924924910068512,0.3450450599193573
YEL022W,YMR020W,0,-0.8539491,0.21132075786590576,0.924924910068512,0.3451952040195465
YGR282C,YGR109W-B,0,-0.8540078,0.2112482786178589,0.924924910068512,0.3453453481197357
YBR247C,YGR185C,0,-0.85404384,0.2111758589744568,0.924924910068512,0.3454954922199249
YBR125C,YLR309C,0,-0.85414946,0.21110349893569946,0.924924910068512,0.34564563632011414
YNL085W,YOR327C,0,-0.8542239,0.21103116869926453,0.924924910068512,0.34579581022262573
YGR085C,YLR380W,0,-0.8549006,0.21095889806747437,0.924924910068512,0.34594595432281494
YKL161C,YGR095C,0,-0.8551043,0.21088668704032898,0.924924910068512,0.34609609842300415
YDR072C,YGL037C,0,-0.85560954,0.21081450581550598,0.924924910068512,0.34624624252319336
YHR132C,YCR080W,0,-0.8557724,0.21074238419532776,0.924924910068512,0.34639638662338257
YER151C,YLR410W-B,0,-0.85651284,0.21067030727863312,0.924924910068512,0.34654656052589417
YMR097C,YNL192W,0,-0.85690117,0.21059828996658325,0.924924910068512,0.3466967046260834
YER014C-A,YMR112C,0,-0.8574483,0.21052631735801697,0.924924910068512,0.3468468487262726
YML073C,YLL017W,0,-0.85773337,0.21045438945293427,0.924924910068512,0.3469969928264618
YPR149W,YJR133W,0,-0.8585633,0.21038250625133514,0.924924910068512,0.347147136926651
YOR323C,YIR038C,0,-0.8586613,0.2103106826543808,0.924924910068512,0.3472973108291626
YKR008W,YJL178C,0,-0.85884166,0.21023890376091003,0.924924910068512,0.3474474549293518
YDL084W,YGR118W,0,-0.85979104,0.21016718447208405,0.924924910068512,0.347597599029541
YDL015C,YGR134W,0,-0.8613777,0.21009549498558044,0.924924910068512,0.3477477431297302
YPR111W,YNR003C,0,-0.8614259,0.21002386510372162,0.924924910068512,0.34789788722991943
YKL067W,YCL003W,0,-0.8625616,0.20995227992534637,0.924924910068512,0.34804806113243103
YDR296W,YCL003W,0,-0.8632756,0.2098807543516159,0.924924910068512,0.34819820523262024
YNL032W,YNL138W,0,-0.8642622,0.20980925858020782,0.924924910068512,0.34834834933280945
YGL220W,YHR168W,0,-0.864824,0.20973782241344452,0.924924910068512,0.34849849343299866
YCR080W,YLR321C,0,-0.86511606,0.209666445851326,0.924924910068512,0.34864863753318787
YDR207C,YLR154W-A,0,-0.86546445,0.20959509909152985,0.924924910068512,0.34879881143569946
YLR380W,YPL218W,0,-0.8675554,0.20952381193637848,0.924924910068512,0.34894895553588867
YHR074W,YDR306C,0,-0.86814857,0.2094525694847107,0.924924910068512,0.3490990996360779
YMR033W,YGL163C,0,-0.86916566,0.2093813717365265,0.924924910068512,0.3492492437362671
YDL179W,YJL141C,0,-0.8713827,0.20931023359298706,0.924924910068512,0.3493993878364563
YNL284C,YNL092W,0,-0.87146866,0.20923912525177002,0.924924910068512,0.3495495617389679
YOR301W,YDL035C,0,-0.87192464,0.20916807651519775,0.924924910068512,0.3496997058391571
YDR304C,YCL003W,0,-0.87271774,0.20909708738327026,0.924924910068512,0.3498498499393463
YHL012W,YNR067C,0,-0.87321705,0.20902612805366516,0.924924910068512,0.3499999940395355
YCR057C,YPR149W,0,-0.87325203,0.20895522832870483,0.924924910068512,0.35015013813972473
YIL142W,YNL006W,0,-0.8737493,0.2088843733072281,0.924924910068512,0.35030031204223633
YPR137C-A,YCL018W,0,-0.87397754,0.20881356298923492,0.924924910068512,0.35045045614242554
YJR127C,YDL121C,0,-0.8747903,0.20874279737472534,0.924924910068512,0.35060060024261475
YAR027W,YOL053C-A,0,-0.87498784,0.20867209136486053,0.924924910068512,0.35075074434280396
YJR092W,YLR154W-A,0,-0.8762684,0.20860141515731812,0.924924910068512,0.35090088844299316
YBL041W,YGL256W,0,-0.8762707,0.20853079855442047,0.924924910068512,0.35105106234550476
YOL052C,YLR410W-B,0,-0.8764393,0.2084602415561676,0.924924910068512,0.35120120644569397
YJL087C,YLR391W,0,-0.87741494,0.20838971436023712,0.924924910068512,0.3513513505458832
YPL127C,YDR210C-C,0,-0.8775128,0.20831924676895142,0.924924910068512,0.3515014946460724
YJL210W,YMR026C,1,-0.8787205,0.2085868865251541,0.9264264106750488,0.3515014946460724
YBR247C,YBR261C,0,-0.88038707,0.20851638913154602,0.9264264106750488,0.3516516387462616
YLL051C,YLR391W,0,-0.8803941,0.2084459513425827,0.9264264106750488,0.3518018126487732
YNR015W,YDR261W-A,0,-0.88078034,0.20837554335594177,0.9264264106750488,0.3519519567489624
YJR119C,YGR216C,0,-0.88116896,0.20830519497394562,0.9264264106750488,0.3521021008491516
YEL030W,YNR013C,0,-0.8822123,0.20823489129543304,0.9264264106750488,0.3522522449493408
YNL329C,YGR077C,1,-0.8835364,0.20850202441215515,0.9279279112815857,0.3522522449493408
YIL159W,YGL060W,0,-0.8840964,0.20843170583248138,0.9279279112815857,0.35240238904953003
YMR145C,YNL182C,0,-0.8881758,0.2083614319562912,0.9279279112815857,0.3525525629520416
YLR256W-A,YFL048C,0,-0.8890126,0.2082912027835846,0.9279279112815857,0.35270270705223083
YLR312W-A,YKL206C,0,-0.8894425,0.20822101831436157,0.9279279112815857,0.35285285115242004
YMR272C,YJR040W,0,-0.88969094,0.20815089344978333,0.9279279112815857,0.35300299525260925
YMR172W,YLR309C,0,-0.890172,0.20808081328868866,0.9279279112815857,0.35315313935279846
YLR024C,YCL060C,0,-0.89081633,0.20801077783107758,0.9279279112815857,0.35330331325531006
YCL074W,YML049C,0,-0.8922213,0.20794078707695007,0.9279279112815857,0.35345345735549927
YCR093W,YLR395C,0,-0.8925077,0.20787084102630615,0.9279279112815857,0.3536036014556885
YMR020W,YBR222C,0,-0.89322555,0.2078009396791458,0.9279279112815857,0.3537537455558777
YBR177C,YLR028C,0,-0.8938327,0.20773109793663025,0.9279279112815857,0.3539038896560669
YLR404W,YPL257W-B,0,-0.8957313,0.20766128599643707,0.9279279112815857,0.3540540635585785
YOR219C,YOL151W,0,-0.8967244,0.20759153366088867,0.9279279112815857,0.3542042076587677
YKL171W,YGL190C,0,-0.897268,0.20752182602882385,0.9279279112815857,0.3543543517589569
YML039W,YLR050C,0,-0.89730513,0.20745216310024261,0.9279279112815857,0.3545044958591461
YDL084W,YOR243C,0,-0.897414,0.20738254487514496,0.9279279112815857,0.3546546399593353
YOL093W,YNL016W,0,-0.8975092,0.20731298625469208,0.9279279112815857,0.3548048138618469
YMR038C,YLR391W-A,0,-0.8980604,0.20724345743656158,0.9279279112815857,0.35495495796203613
YDR261C-D,YOR025W,0,-0.8996575,0.20717398822307587,0.9279279112815857,0.35510510206222534
YDR304C,YDL035C,0,-0.8998102,0.20710456371307373,0.9279279112815857,0.35525524616241455
YOR326W,YLR191W,1,-0.90008867,0.20737017691135406,0.9294294118881226,0.35525524616241455
YLR391W-A,YBL034C,0,-0.900311,0.20730073750019073,0.9294294118881226,0.35540542006492615
YOR378W,YGL051W,0,-0.90035737,0.207231342792511,0.9294294118881226,0.35555556416511536
YDR072C,YLR020C,0,-0.9010639,0.20716197788715363,0.9294294118881226,0.35570570826530457
YNL314W,YJL140W,0,-0.9015507,0.20709267258644104,0.9294294118881226,0.3558558523654938
YPL083C,YCL003W,0,-0.9020172,0.20702341198921204,0.9294294118881226,0.356005996465683
YPR137C-A,YCL025C,0,-0.90278524,0.2069541960954666,0.9294294118881226,0.3561561703681946
YER175C,YCR080W,0,-0.90317327,0.20688502490520477,0.9294294118881226,0.3563063144683838
YDR530C,YOR008C,0,-0.9043106,0.2068158984184265,0.9294294118881226,0.356456458568573
YPL257W-B,YBR095C,0,-0.90450585,0.20674683153629303,0.9294294118881226,0.3566066026687622
YPL127C,YHR135C,0,-0.9046146,0.20667779445648193,0.9294294118881226,0.3567567467689514
YDL198C,YKL206C,0,-0.90541404,0.2066088169813156,0.9294294118881226,0.356906920671463
YJL166W,YHR175W,0,-0.90643644,0.20653986930847168,0.9294294118881226,0.3570570647716522
YDR453C,YLR389C,0,-0.9078126,0.20647098124027252,0.9294294118881226,0.35720720887184143
YGL115W,YGR004W,1,-0.90874684,0.20673558115959167,0.9309309124946594,0.35720720887184143
YPR030W,YOR351C,0,-0.9106177,0.20666666328907013,0.9309309124946594,0.35735735297203064
YKR028W,YFL017W-A,0,-0.91149014,0.20659780502319336,0.9309309124946594,0.35750749707221985
YJL225C,YLR410W-B,0,-0.9117119,0.20652897655963898,0.9309309124946594,0.35765767097473145
YOL103W-B,YDR378C,0,-0.91182536,0.20646020770072937,0.9309309124946594,0.35780781507492065
YEL031W,YLR348C,0,-0.91241884,0.20639148354530334,0.9309309124946594,0.35795795917510986
YDL029W,YMR159C,0,-0.9125648,0.2063227891921997,0.9309309124946594,0.3581081032752991
YLR105C,YNL297C,0,-0.9137903,0.20625415444374084,0.9309309124946594,0.3582582473754883
YOR074C,YOR232W,0,-0.9147562,0.20618556439876556,0.9309309124946594,0.3584084212779999
YFR013W,YPR083W,0,-0.91575205,0.20611701905727386,0.9309309124946594,0.3585585653781891
YJR082C,YKR002W,0,-0.916928,0.20604851841926575,0.9309309124946594,0.3587087094783783
YGR161W-B,YJR034W,0,-0.91790617,0.2059800624847412,0.9309309124946594,0.3588588535785675
YDL107W,YLR026C,0,-0.9179488,0.20591165125370026,0.9309309124946594,0.3590089976787567
YLR113W,YBR075W,0,-0.9192332,0.20584329962730408,0.9309309124946594,0.3591591715812683
YIR018W,YJL192C,0,-0.92005205,0.20577497780323029,0.9309309124946594,0.3593093156814575
YLR410W-A,YDL047W,0,-0.9209449,0.20570670068264008,0.9309309124946594,0.35945945978164673
YLR107W,YKL166C,0,-0.92140317,0.20563846826553345,0.9309309124946594,0.35960960388183594
YEL012W,YCR080W,0,-0.92256284,0.2055702954530716,0.9309309124946594,0.35975974798202515
YDR457W,YNR044W,0,-0.9226873,0.20550215244293213,0.9309309124946594,0.35990992188453674
YGR214W,YCR012W,0,-0.9231207,0.20543406903743744,0.9309309124946594,0.36006006598472595
YNL258C,YKR006C,0,-0.92378044,0.20536601543426514,0.9309309124946594,0.36021021008491516
YJR149W,YHR168W,0,-0.9255984,0.20529800653457642,0.9309309124946594,0.36036035418510437
YDR151C,YOL108C,0,-0.92613983,0.20523005723953247,0.9309309124946594,0.3605104982852936
YEL041W,YJL082W,0,-0.9282547,0.2051621377468109,0.9309309124946594,0.3606606721878052
YAR027W,YLR270W,0,-0.9286847,0.20509427785873413,0.9309309124946594,0.3608108162879944
YDR034C,YDR373W,0,-0.92920643,0.20502644777297974,0.9309309124946594,0.3609609603881836
YPL002C,YGL259W,0,-0.9304332,0.20495867729187012,0.9309309124946594,0.3611111044883728
YGR268C,YLR391W,0,-0.93044424,0.20489095151424408,0.9309309124946594,0.361261248588562
YOR038C,YNL006W,0,-0.931602,0.20482325553894043,0.9309309124946594,0.3614114224910736
YBL098W,YLR154W-A,0,-0.9329145,0.20475561916828156,0.9309309124946594,0.3615615665912628
YOL158C,YCL060C,0,-0.93362474,0.20468801259994507,0.9309309124946594,0.361711710691452
YIL142W,YLR026C,0,-0.9355224,0.20462046563625336,0.9309309124946594,0.36186185479164124
YCR011C,YLR154W-A,0,-0.9361705,0.20455294847488403,0.9309309124946594,0.36201199889183044
YOR326W,YKR001C,1,-0.93621457,0.20481529831886292,0.9324324131011963,0.36201199889183044
YKL009W,YDR306C,0,-0.9365603,0.2047477811574936,0.9324324131011963,0.36216217279434204
YEL037C,YLR312W-A,0,-0.93671715,0.20468029379844666,0.9324324131011963,0.36231231689453125
YGL226C-A,YOL090W,0,-0.9368699,0.2046128511428833,0.9324324131011963,0.36246246099472046
YDR378C,YNL284C,0,-0.9370873,0.20454545319080353,0.9324324131011963,0.36261260509490967
YMR173W,YBL085W,0,-0.93865657,0.20447809994220734,0.9324324131011963,0.3627627491950989
YJL053W,YLR164W,0,-0.9396186,0.20441079139709473,0.9324324131011963,0.3629129230976105
YPR167C,YOL062C,0,-0.9396403,0.2043435275554657,0.9324324131011963,0.3630630671977997
YOR343W-B,YAL038W,0,-0.93980837,0.20427630841732025,0.9324324131011963,0.3632132112979889
YGL172W,YCR080W,0,-0.9398428,0.20420914888381958,0.9324324131011963,0.3633633553981781
YOL103W-B,YHR041C,0,-0.94064975,0.2041420191526413,0.9324324131011963,0.3635134994983673
YDR494W,YDR261C-D,0,-0.9412104,0.2040749192237854,0.9324324131011963,0.3636636734008789
YFL035C,YLR359W,0,-0.94206774,0.20400787889957428,0.9324324131011963,0.3638138175010681
YBR271W,YDL039C,0,-0.94243246,0.20394088327884674,0.9324324131011963,0.3639639616012573
YGR109W-B,YNL080C,0,-0.9431796,0.20387393236160278,0.9324324131011963,0.36411410570144653
YCL074W,YNL239W,0,-0.94477224,0.2038070261478424,0.9324324131011963,0.36426424980163574
YOL045W,YMR077C,0,-0.9449326,0.2037401646375656,0.9324324131011963,0.36441442370414734
YMR227C,YDR222W,0,-0.94540167,0.2036733329296112,0.9324324131011963,0.36456456780433655
YGR268C,YOR232W,0,-0.94693017,0.20360656082630157,0.9324324131011963,0.36471471190452576
YKR019C,YHR059W,0,-0.94822717,0.20353981852531433,0.9324324131011963,0.36486485600471497
YGR144W,YGR070W,0,-0.94904387,0.20347313582897186,0.9324324131011963,0.36501502990722656
YPR137C-A,YBR243C,0,-0.9497075,0.20340648293495178,0.9324324131011963,0.36516517400741577
YLR025W,YGR239C,0,-0.9497545,0.20333987474441528,0.9324324131011963,0.365315318107605
YDR416W,YJR130C,0,-0.9513023,0.20327332615852356,0.9324324131011963,0.3654654622077942
YGR239C,YGL153W,1,-0.95144325,0.20353403687477112,0.9339339137077332,0.3654654622077942
YAL024C,YDL035C,0,-0.9520365,0.203467458486557,0.9339339137077332,0.3656156063079834
YCR080W,YJR101W,0,-0.95270765,0.20340090990066528,0.9339339137077332,0.365765780210495
YOL145C,YJL176C,0,-0.9527971,0.20333442091941833,0.9339339137077332,0.3659159243106842
YPL183W-A,YPL098C,0,-0.9538488,0.20326797664165497,0.9339339137077332,0.3660660684108734
YDR211W,YLR145W,0,-0.9540887,0.203201562166214,0.9339339137077332,0.3662162125110626
YER098W,YIL080W,0,-0.95457315,0.20313520729541779,0.9339339137077332,0.36636635661125183
YDR527W,YML099C,0,-0.9551651,0.20306888222694397,0.9339339137077332,0.3665165305137634
YMR039C,YKL186C,0,-0.9559068,0.20300261676311493,0.9339339137077332,0.36666667461395264
YPR111W,YBR075W,0,-0.9577545,0.20293638110160828,0.9339339137077332,0.36681681871414185
YIL020C,YOR098C,0,-0.958016,0.2028701901435852,0.9339339137077332,0.36696696281433105
YDR415C,YOR393W,0,-0.9582448,0.20280404388904572,0.9339339137077332,0.36711710691452026
YLR329W,YHR168W,0,-0.9586737,0.2027379423379898,0.9339339137077332,0.36726728081703186
YKL015W,YEL029C,0,-0.9600329,0.20267188549041748,0.9339339137077332,0.36741742491722107
YJR149W,YER019C-A,0,-0.96117485,0.20260585844516754,0.9339339137077332,0.3675675690174103
YMR272C,YBL092W,0,-0.9614463,0.20253989100456238,0.9339339137077332,0.3677177131175995
YLL029W,YLR404W,0,-0.96185607,0.2024739533662796,0.9339339137077332,0.3678678572177887
YOR142W-A,YOR349W,0,-0.96350837,0.2024080753326416,0.9339339137077332,0.3680180311203003
YDL179W,YMR065W,0,-0.96596986,0.202342227101326,0.9339339137077332,0.3681681752204895
YDL024C,YOL053C-A,0,-0.968126,0.20227642357349396,0.9339339137077332,0.3683183193206787
YKL203C,YNL274C,0,-0.9683758,0.2022106647491455,0.9339339137077332,0.3684684634208679
YFL035C,YOL104C,0,-0.9691348,0.20214495062828064,0.9339339137077332,0.36861860752105713
YDR383C,YLL017W,0,-0.9693781,0.20207926630973816,0.9339339137077332,0.3687687814235687
YDR240C,YKR028W,0,-0.9696202,0.20201364159584045,0.9339339137077332,0.36891892552375793
YDR310C,YJL053W,0,-0.9696977,0.20194804668426514,0.9339339137077332,0.36906906962394714
YLR157C,YGR169C,0,-0.9699438,0.2018825113773346,0.9339339137077332,0.36921921372413635
YDR229W,YJR031C,0,-0.97074866,0.20181700587272644,0.9339339137077332,0.36936935782432556
YFL011W-A,YOL043C,0,-0.9708877,0.20175154507160187,0.9339339137077332,0.36951953172683716
YLR410W-B,YKL124W,0,-0.97270525,0.20168612897396088,0.9339339137077332,0.36966967582702637
YIL108W,YIR011C,0,-0.97386783,0.20162074267864227,0.9339339137077332,0.3698198199272156
YBR223C,YML128C,0,-0.97394,0.20155541598796844,0.9339339137077332,0.3699699640274048
YJR138W,YGR199W,0,-0.97433114,0.201490119099617,0.9339339137077332,0.370120108127594
YGR216C,YEL036C,0,-0.9744669,0.20142486691474915,0.9339339137077332,0.3702702820301056
YHR069C,YNL282W,0,-0.97479355,0.20135965943336487,0.9339339137077332,0.3704204261302948
YKL041W,YGL019W,0,-0.9758859,0.20129449665546417,0.9339339137077332,0.370570570230484
YLR401C,YJR063W,0,-0.9760579,0.20122937858104706,0.9339339137077332,0.3707207143306732
YBR195C,YML109W,0,-0.97695434,0.20116429030895233,0.9339339137077332,0.3708708584308624
YGR268C,YPL112C,0,-0.9771782,0.20109926164150238,0.9339339137077332,0.371021032333374
YPL218W,YDL040C,0,-0.977345,0.20103426277637482,0.9339339137077332,0.37117117643356323
YGL112C,YOL053C-A,0,-0.9779029,0.20096930861473083,0.9339339137077332,0.37132132053375244
YKL096W-A,YGR143W,0,-0.9793035,0.20090439915657043,0.9339339137077332,0.37147146463394165
YIL088C,YJL128C,0,-0.97954434,0.20083951950073242,0.9339339137077332,0.37162160873413086
YPR149W,YGR222W,0,-0.9804747,0.20077469944953918,0.9339339137077332,0.37177178263664246
YDR034C,YDR310C,0,-0.98077667,0.20070990920066833,0.9339339137077332,0.37192192673683167
YNR074C,YHR209W,0,-0.98082167,0.20064516365528107,0.9339339137077332,0.3720720708370209
YDR090C,YBR278W,0,-0.9810685,0.20058046281337738,0.9339339137077332,0.3722222149372101
YGR288W,YER151C,0,-0.9828623,0.20051579177379608,0.9339339137077332,0.3723723590373993
YJR138W,YNL261W,0,-0.9829049,0.20045118033885956,0.9339339137077332,0.3725225329399109
YDL078C,YOL062C,0,-0.98301107,0.20038659870624542,0.9339339137077332,0.3726726770401001
YDR174W,YCL004W,0,-0.98385745,0.20032206177711487,0.9339339137077332,0.3728228211402893
YDL246C,YJL149W,0,-0.98409164,0.2002575695514679,0.9339339137077332,0.3729729652404785
YLR154W-A,YOR285W,0,-0.9841446,0.2001931071281433,0.9339339137077332,0.3731231093406677
YER185W,YER190W,0,-0.9853476,0.2001287043094635,0.9339339137077332,0.3732732832431793
YDR337W,YER087C-B,0,-0.9856348,0.20006433129310608,0.9339339137077332,0.37342342734336853
YNL079C,YER145C,0,-0.9863726,0.20000000298023224,0.9339339137077332,0.37357357144355774
YMR008C,YHR119W,0,-0.9873223,0.19993571937084198,0.9339339137077332,0.37372371554374695
YGR171C,YKL067W,0,-0.98858094,0.1998714655637741,0.9339339137077332,0.37387385964393616
YAR027W,YML109W,0,-0.98889965,0.19980725646018982,0.9339339137077332,0.37402403354644775
YBR002C,YMR268W-A,0,-0.98960143,0.1997430920600891,0.9339339137077332,0.37417417764663696
YGR161W-B,YBR281C,0,-0.98977864,0.19967897236347198,0.9339339137077332,0.37432432174682617
YNL271C,YPR001W,0,-0.9901012,0.19961489737033844,0.9339339137077332,0.3744744658470154
YNR010W,YCL026C-B,0,-0.9901557,0.19955085217952728,0.9339339137077332,0.3746246099472046
YNL026W,YJL206C,0,-0.9903483,0.1994868516921997,0.9339339137077332,0.3747747838497162
YOR378W,YDR416W,0,-0.99283385,0.1994228959083557,0.9339339137077332,0.3749249279499054
YJL071W,YOL107W,0,-0.99284035,0.1993589699268341,0.9339339137077332,0.3750750720500946
YKL200C,YPL273W,0,-0.99294627,0.19929510354995728,0.9339339137077332,0.3752252161502838
YDL179W,YNL230C,0,-0.9933646,0.19923126697540283,0.9339339137077332,0.3753753900527954
YPR083W,YCL034W,0,-0.9937106,0.19916746020317078,0.9339339137077332,0.3755255341529846
YMR033W,YOR194C,0,-0.99466896,0.1991037130355835,0.9339339137077332,0.37567567825317383
YIL142W,YLR154W-A,0,-0.99475646,0.1990399956703186,0.9339339137077332,0.37582582235336304
YPR137C-A,YPL200W,0,-0.99556315,0.1989763230085373,0.9339339137077332,0.37597596645355225
YFL011W-A,YHR175W,0,-0.99587333,0.19891269505023956,0.9339339137077332,0.37612614035606384
YNR013C,YLR164W,0,-0.9968798,0.19884911179542542,0.9339339137077332,0.37627628445625305
YEL031W,YNL273W,0,-0.9970783,0.19878555834293365,0.9339339137077332,0.37642642855644226
YDL024C,YDR373W,0,-0.9976628,0.19872204959392548,0.9339339137077332,0.37657657265663147
YBR120C,YBR075W,0,-0.9981426,0.19865857064723969,0.9339339137077332,0.3767267167568207
YGL115W,YMR204C,1,-0.9987265,0.19891443848609924,0.93543541431427,0.3767267167568207
YGL233W,YLR088W,0,-1.0003304,0.19885094463825226,0.93543541431427,0.3768768906593323
YFL038C,YEL053C,0,-1.0017526,0.19878749549388885,0.93543541431427,0.3770270347595215
YJL024C,YJR083C,0,-1.0017527,0.19872407615184784,0.93543541431427,0.3771771788597107
YOR099W,YOR232W,0,-1.0017629,0.1986607164144516,0.93543541431427,0.3773273229598999
YLR208W,YPL218W,0,-1.0046861,0.19859738647937775,0.93543541431427,0.3774774670600891
YMR319C,YOR089C,0,-1.0059421,0.19853410124778748,0.93543541431427,0.3776276409626007
YBR075W,YBR031W,0,-1.006093,0.1984708458185196,0.93543541431427,0.3777777850627899
YJL030W,YPR006C,0,-1.006867,0.19840764999389648,0.93543541431427,0.3779279291629791
YKL200C,YDR229W,0,-1.0078278,0.19834446907043457,0.93543541431427,0.37807807326316833
YDL246C,YNL302C,0,-1.007915,0.19828134775161743,0.93543541431427,0.37822821736335754
YOR159C,YLL008W,0,-1.0082222,0.19821825623512268,0.93543541431427,0.37837839126586914
YCR080W,YNL335W,0,-1.0083848,0.1981552094221115,0.93543541431427,0.37852853536605835
YDR423C,YGR239C,0,-1.0095717,0.19809220731258392,0.93543541431427,0.37867867946624756
YPR137C-A,YDR281C,0,-1.0104299,0.19802924990653992,0.93543541431427,0.37882882356643677
YPR111W,YER002W,0,-1.0105335,0.1979663223028183,0.93543541431427,0.378978967666626
YKR019C,YHR077C,0,-1.0106977,0.19790342450141907,0.93543541431427,0.3791291415691376
YLR389C,YBL079W,0,-1.0111266,0.1978405863046646,0.93543541431427,0.3792792856693268
YGR077C,YMR204C,1,-1.0112144,0.19809523224830627,0.9369369149208069,0.3792792856693268
YMR054W,YBR095C,0,-1.0112399,0.19803236424922943,0.9369369149208069,0.379429429769516
YER087W,YIL017W,0,-1.0130961,0.19796954095363617,0.9369369149208069,0.3795795738697052
YDR083W,YNR015W,0,-1.0141987,0.1979067623615265,0.9369369149208069,0.3797297179698944
YGL068W,YEL062W,0,-1.014952,0.1978440135717392,0.9369369149208069,0.379879891872406
YLR404W,YDR261W-A,0,-1.0151485,0.1977812945842743,0.9369369149208069,0.3800300359725952
YPR158C-C,YDL140C,0,-1.0151485,0.19771863520145416,0.9369369149208069,0.3801801800727844
YPL151C,YOL107W,0,-1.0161715,0.19765600562095642,0.9369369149208069,0.38033032417297363
YPL083C,YLR227W-B,0,-1.0165733,0.19759342074394226,0.9369369149208069,0.38048046827316284
YBR067C,YJR130C,0,-1.0166415,0.1975308656692505,0.9369369149208069,0.38063064217567444
YJR055W,YOR292C,0,-1.0171022,0.1974683552980423,0.9369369149208069,0.38078078627586365
YOR237W,YMR300C,0,-1.0172908,0.1974058896303177,0.9369369149208069,0.38093093037605286
YDR460W,YKL206C,0,-1.017982,0.19734345376491547,0.9369369149208069,0.38108107447624207
YGR252W,YGL019W,0,-1.0183572,0.19728106260299683,0.9369369149208069,0.3812312185764313
YBL091C-A,YCL060C,0,-1.0192368,0.19721871614456177,0.9369369149208069,0.38138139247894287
YLR009W,YDR109C,0,-1.019547,0.1971563994884491,0.9369369149208069,0.3815315365791321
YGR169C,YLL061W,0,-1.0226668,0.19709412753582,0.9369369149208069,0.3816816806793213
YNL102W,YOR304C-A,0,-1.0228126,0.1970318853855133,0.9369369149208069,0.3818318247795105
YOR168W,YLR325C,0,-1.0240225,0.19696970283985138,0.9369369149208069,0.3819819688796997
YLR394W,YDR109C,0,-1.025166,0.19690753519535065,0.9369369149208069,0.3821321427822113
YNR004W,YDL074C,0,-1.0253456,0.1968454271554947,0.9369369149208069,0.3822822868824005
YER014C-A,YGL241W,0,-1.0258166,0.19678334891796112,0.9369369149208069,0.3824324309825897
YNL010W,YJR028W,0,-1.027807,0.19672131538391113,0.9369369149208069,0.38258257508277893
YGR161W-B,YHR057C,0,-1.0283723,0.19665931165218353,0.9369369149208069,0.38273271918296814
YOR343W-B,YOR232W,0,-1.0289617,0.19659735262393951,0.9369369149208069,0.38288289308547974
YOR212W,YOR142W-A,0,-1.0289617,0.19653543829917908,0.9369369149208069,0.38303303718566895
YKL041W,YER137C-A,0,-1.0295513,0.19647355377674103,0.9369369149208069,0.38318318128585815
YHR030C,YNL070W,0,-1.03002,0.19641171395778656,0.9369369149208069,0.38333332538604736
YDL111C,YLR154W-A,0,-1.0309023,0.19634990394115448,0.9369369149208069,0.3834834694862366
YMR169C,YBR075W,0,-1.0316491,0.19628813862800598,0.9369369149208069,0.38363364338874817
YLR289W,YDR164C,0,-1.0317976,0.19622641801834106,0.9369369149208069,0.3837837874889374
YDR079W,YPR133W-A,0,-1.0328519,0.19616472721099854,0.9369369149208069,0.3839339315891266
YFL054C,YIR032C,0,-1.0331212,0.1961030811071396,0.9369369149208069,0.3840840756893158
YLR305C,YBR095C,0,-1.0334089,0.19604146480560303,0.9369369149208069,0.384234219789505
YDR454C,YDR064W,0,-1.0337384,0.19597989320755005,0.9369369149208069,0.3843843936920166
YKL144C,YDL208W,0,-1.03417,0.19591836631298065,0.9369369149208069,0.3845345377922058
YDR306C,YNL267W,0,-1.0345718,0.19585686922073364,0.9369369149208069,0.384684681892395
YPR171W,YDL225W,0,-1.0348673,0.19579541683197021,0.9369369149208069,0.38483482599258423
YOR071C,YER154W,0,-1.0353906,0.19573400914669037,0.9369369149208069,0.38498497009277344
YPR194C,YLR165C,0,-1.0359312,0.1956726312637329,0.9369369149208069,0.38513514399528503
YLR183C,YJL141C,0,-1.0360154,0.19561128318309784,0.9369369149208069,0.38528528809547424
YJR055W,YKL020C,0,-1.0369444,0.19554997980594635,0.9369369149208069,0.38543543219566345
YDR138W,YBL085W,0,-1.0382013,0.19548872113227844,0.9369369149208069,0.38558557629585266
YKL038W,YLR224W,0,-1.038986,0.19542749226093292,0.9369369149208069,0.38573575019836426
YNL110C,YDR449C,0,-1.0391903,0.19536630809307098,0.9369369149208069,0.38588589429855347
YOR378W,YMR301C,0,-1.0399947,0.19530516862869263,0.9369369149208069,0.3860360383987427
YKL078W,YDR306C,0,-1.0400357,0.19524405896663666,0.9369369149208069,0.3861861824989319
YDL054C,YAL031C,0,-1.040864,0.19518297910690308,0.9369369149208069,0.3863363265991211
YLR107W,YMR115W,0,-1.0412718,0.19512194395065308,0.9369369149208069,0.3864865005016327
YKL074C,YPL011C,0,-1.0435386,0.19506095349788666,0.9369369149208069,0.3866366446018219
YGR056W,YOL107W,0,-1.0439897,0.19499999284744263,0.9369369149208069,0.3867867887020111
YKL201C,YMR295C,0,-1.0443794,0.19493907690048218,0.9369369149208069,0.3869369328022003
YLR219W,YOR285W,0,-1.0452147,0.1948782056570053,0.9369369149208069,0.3870870769023895
YJL087C,YDR416W,0,-1.0452652,0.19481736421585083,0.9369369149208069,0.3872372508049011
YJL071W,YKL210W,0,-1.045433,0.19475655257701874,0.9369369149208069,0.38738739490509033
YFL033C,YJL053W,0,-1.0463073,0.19469578564167023,0.9369369149208069,0.38753753900527954
YOR142W-A,YEL062W,0,-1.04713,0.1946350634098053,0.9369369149208069,0.38768768310546875
YMR267W,YEL029C,0,-1.0474879,0.19457437098026276,0.9369369149208069,0.38783782720565796
YLR228C,YAR002C-A,0,-1.0476588,0.1945137083530426,0.9369369149208069,0.38798800110816956
YKL119C,YEL041W,0,-1.0485833,0.19445310533046722,0.9369369149208069,0.38813814520835876
YBR260C,YCL057W,0,-1.0496241,0.19439251720905304,0.9369369149208069,0.388288289308548
YIL170W,YLR164W,0,-1.050176,0.19433198869228363,0.9369369149208069,0.3884384334087372
YHR179W,YOR343W-B,0,-1.0508233,0.19427147507667542,0.9369369149208069,0.3885885775089264
YKR071C,YDL035C,0,-1.0509467,0.19421102106571198,0.9369369149208069,0.388738751411438
YCL018W,YDR461W,0,-1.0510008,0.19415059685707092,0.9369369149208069,0.3888888955116272
YMR112C,YGL112C,0,-1.0516899,0.19409020245075226,0.9369369149208069,0.3890390396118164
YBR274W,YDR062W,0,-1.0517156,0.19402985274791718,0.9369369149208069,0.3891891837120056
YDR296W,YOL026C,0,-1.0521088,0.19396953284740448,0.9369369149208069,0.3893393278121948
YNL138W,YMR301C,0,-1.0529,0.19390925765037537,0.9369369149208069,0.3894895017147064
YNL314W,YLR020C,0,-1.052934,0.19384902715682983,0.9369369149208069,0.38963964581489563
YNR044W,YFL023W,0,-1.0533884,0.1937888264656067,0.9369369149208069,0.38978978991508484
YOL145C,YKR026C,0,-1.0536475,0.19372865557670593,0.9369369149208069,0.38993993401527405
YGL237C,YBL068W,0,-1.0537531,0.19366852939128876,0.9369369149208069,0.39009007811546326
YDR369C,YBR010W,0,-1.0549093,0.19360843300819397,0.9369369149208069,0.39024025201797485
YKL117W,YMR099C,0,-1.0549554,0.19354838132858276,0.9369369149208069,0.39039039611816406
YKL190W,YPL104W,0,-1.0551846,0.19348837435245514,0.9369369149208069,0.39054054021835327
YKL130C,YHR156C,0,-1.0552051,0.1934283971786499,0.9369369149208069,0.3906906843185425
YKL165C,YPR043W,0,-1.0553204,0.19336844980716705,0.9369369149208069,0.3908408284187317
YBR128C,YER168C,0,-1.0555824,0.19330854713916779,0.9369369149208069,0.3909910023212433
YOR274W,YBL112C,0,-1.0557114,0.1932486891746521,0.9369369149208069,0.3911411464214325
YPR167C,YJR107W,0,-1.0557834,0.1931888610124588,0.9369369149208069,0.3912912905216217
YOR168W,YAL029C,0,-1.0572555,0.1931290626525879,0.9369369149208069,0.3914414346218109
YDR090C,YPL087W,0,-1.0575413,0.19306930899620056,0.9369369149208069,0.3915915787220001
YGR281W,YGL174W,0,-1.0575728,0.19300958514213562,0.9369369149208069,0.3917417526245117
YPR189W,YOL165C,0,-1.0580448,0.19294990599155426,0.9369369149208069,0.3918918967247009
YOR323C,YLR386W,0,-1.0585445,0.1928902566432953,0.9369369149208069,0.39204204082489014
YFL035C,YJR133W,0,-1.0586025,0.1928306519985199,0.9369369149208069,0.39219218492507935
YFL035C,YJL095W,0,-1.0586641,0.1927710771560669,0.9369369149208069,0.39234232902526855
YFL035C,YNL284C,0,-1.0605187,0.19271154701709747,0.9369369149208069,0.39249250292778015
YDL197C,YNL138W-A,0,-1.0622246,0.19265204668045044,0.9369369149208069,0.39264264702796936
YNR015W,YCR097WB,0,-1.0625371,0.192592591047287,0.9369369149208069,0.39279279112815857
YKR019C,YPL011C,0,-1.0632782,0.19253316521644592,0.9369369149208069,0.3929429352283478
YGL220W,YDR470C,0,-1.0636567,0.19247378408908844,0.9369369149208069,0.393093079328537
YGL083W,YLR429W,0,-1.0653787,0.19241443276405334,0.9369369149208069,0.3932432532310486
YDR174W,YDR470C,0,-1.0654339,0.19235511124134064,0.9369369149208069,0.3933933973312378
YLL029W,YOR147W,0,-1.067448,0.1922958344221115,0.9369369149208069,0.393543541431427
YGL174W,YOL054W,0,-1.0677861,0.19223660230636597,0.9369369149208069,0.3936936855316162
YBR052C,YDR461W,0,-1.0687349,0.1921773999929428,0.9369369149208069,0.3938438296318054
YGL244W,YOL151W,0,-1.0693328,0.19211822748184204,0.9369369149208069,0.393994003534317
YMR038C,YLR145W,0,-1.0695477,0.19205909967422485,0.9369369149208069,0.3941441476345062
YLR391W-A,YDR429C,0,-1.0696365,0.19200000166893005,0.9369369149208069,0.39429429173469543
YGL183C,YLR410W-A,0,-1.0704801,0.19194094836711884,0.9369369149208069,0.39444443583488464
YFL038C,YLR088W,0,-1.0704803,0.19188192486763,0.9369369149208069,0.39459457993507385
YJL071W,YBR026C,0,-1.0707686,0.19182293117046356,0.9369369149208069,0.39474475383758545
YMR200W,YMR246W,0,-1.0709072,0.1917639821767807,0.9369369149208069,0.39489489793777466
YOR298W,YCL060C,0,-1.0713303,0.19170506298542023,0.9369369149208069,0.39504504203796387
YOR209C,YOL053C-A,0,-1.072104,0.19164618849754333,0.9369369149208069,0.3951951861381531
YFL011W-A,YOL054W,0,-1.0730399,0.19158734381198883,0.9369369149208069,0.3953453600406647
YJR119C,YLR386W,0,-1.0734538,0.1915285438299179,0.9369369149208069,0.3954955041408539
YPL042C,YOL053C-A,0,-1.0737551,0.19146977365016937,0.9369369149208069,0.3956456482410431
YOR142W-B,YMR137C,0,-1.0747914,0.19141104817390442,0.9369369149208069,0.3957957923412323
YBR230C,YHR079C,0,-1.0772381,0.19135235249996185,0.9369369149208069,0.3959459364414215
YIL061C,YAR031W,0,-1.0778393,0.19129368662834167,0.9369369149208069,0.3960961103439331
YGL209W,YJR063W,0,-1.078015,0.19123506546020508,0.9369369149208069,0.3962462544441223
YPL200W,YPR080W,0,-1.0780199,0.19117647409439087,0.9369369149208069,0.3963963985443115
YAR035W,YGL220W,0,-1.0794166,0.19111791253089905,0.9369369149208069,0.39654654264450073
YDR306C,YBR061C,0,-1.0810231,0.1910593956708908,0.9369369149208069,0.39669668674468994
YBR271W,YMR136W,0,-1.081898,0.19100092351436615,0.9369369149208069,0.39684686064720154
YGL050W,YML080W,0,-1.083695,0.19094246625900269,0.9369369149208069,0.39699700474739075
YJL194W,YMR173W,0,-1.0838348,0.190884068608284,0.9369369149208069,0.39714714884757996
YIL080W,YKL096W-A,0,-1.0854486,0.1908256858587265,0.9369369149208069,0.39729729294776917
YOR038C,YER019C-A,0,-1.0856842,0.1907673478126526,0.9369369149208069,0.3974474370479584
YGL112C,YOR285W,0,-1.0860087,0.19070903956890106,0.9369369149208069,0.39759761095046997
YPL200W,YCR052W,0,-1.0870957,0.19065077602863312,0.9369369149208069,0.3977477550506592
YML036W,YER190W,0,-1.0892179,0.19059254229068756,0.9369369149208069,0.3978978991508484
YDR218C,YDL225W,0,-1.0893524,0.19053435325622559,0.9369369149208069,0.3980480432510376
YML112W,YGL062W,0,-1.0893645,0.190476194024086,0.9369369149208069,0.3981981873512268
YLL055W,YIL048W,0,-1.0900104,0.1904180645942688,0.9369369149208069,0.3983483612537384
YDR196C,YBL079W,0,-1.0906422,0.19035997986793518,0.9369369149208069,0.3984985053539276
YIR004W,YGR133W,1,-1.0922335,0.19060689210891724,0.9384384155273438,0.3984985053539276
YKL189W,YBR037C,0,-1.0923061,0.19054877758026123,0.9384384155273438,0.3986486494541168
YAR031W,YHR057C,0,-1.0923483,0.1904907077550888,0.9384384155273438,0.39879879355430603
YLR289W,YOR251C,0,-1.0925081,0.19043266773223877,0.9384384155273438,0.39894893765449524
YLR452C,YDR310C,0,-1.0925167,0.19037465751171112,0.9384384155273438,0.39909911155700684
YJL124C,YGL004C,0,-1.0927765,0.19031669199466705,0.9384384155273438,0.39924925565719604
YDL024C,YGL216W,0,-1.0932422,0.19025875627994537,0.9384384155273438,0.39939939975738525
YDR090C,YHR059W,0,-1.0942677,0.19020085036754608,0.9384384155273438,0.39954954385757446
YOR098C,YOR285W,0,-1.0956643,0.19014298915863037,0.9384384155273438,0.39969968795776367
YHR061C,YKL097W-A,0,-1.0959734,0.19008515775203705,0.9384384155273438,0.39984986186027527
YMR013C,YAR027W,0,-1.0984025,0.1900273710489273,0.9384384155273438,0.4000000059604645
YOR291W,YOR340C,0,-1.1016786,0.18996959924697876,0.9384384155273438,0.4001501500606537
YKR057W,YJR026W,0,-1.1017605,0.189911887049675,0.9384384155273438,0.4003002941608429
YJL124C,YKL022C,0,-1.1017689,0.1898541897535324,0.9384384155273438,0.4004504382610321
YNL329C,YOR326W,1,-1.1018982,0.19010020792484283,0.9399399161338806,0.4004504382610321
YOR304C-A,YPR159W,0,-1.1025404,0.19004249572753906,0.9399399161338806,0.4006006121635437
YIR005W,YDR109C,0,-1.1025792,0.18998482823371887,0.9399399161338806,0.4007507562637329
YJL225C,YBL091C-A,0,-1.103699,0.18992719054222107,0.9399399161338806,0.4009009003639221
YLR197W,YLR301W,0,-1.1039834,0.18986958265304565,0.9399399161338806,0.40105104446411133
YDL036C,YJL194W,0,-1.1043458,0.18981200456619263,0.9399399161338806,0.40120118856430054
YPR187W,YML099C,0,-1.1072239,0.18975447118282318,0.9399399161338806,0.40135136246681213
YDR207C,YER190W,0,-1.1085767,0.18969696760177612,0.9399399161338806,0.40150150656700134
YGL094C,YHR008C,0,-1.1085856,0.18963950872421265,0.9399399161338806,0.40165165066719055
YDR460W,YJL006C,0,-1.108999,0.18958206474781036,0.9399399161338806,0.40180179476737976
YOR283W,YGL259W,0,-1.1096759,0.18952468037605286,0.9399399161338806,0.40195193886756897
YOR304W,YMR087W,0,-1.1098328,0.18946731090545654,0.9399399161338806,0.40210211277008057
YLR353W,YOR279C,0,-1.1120623,0.1894099861383438,0.9399399161338806,0.4022522568702698
YGR118W,YML056C,0,-1.1124616,0.18935269117355347,0.9399399161338806,0.402402400970459
YLR353W,YOR239W,0,-1.1129929,0.1892954409122467,0.9399399161338806,0.4025525450706482
YKL078W,YLR154W-A,0,-1.1136079,0.18923820555210114,0.9399399161338806,0.4027026891708374
YEL022W,YDL148C,0,-1.1136546,0.18918101489543915,0.9399399161338806,0.402852863073349
YEL052W,YGR169C,0,-1.1144383,0.18912386894226074,0.9399399161338806,0.4030030071735382
YDR254W,YLR103C,0,-1.114758,0.18906675279140472,0.9399399161338806,0.4031531512737274
YOR145C,YAL024C,0,-1.1169083,0.1890096664428711,0.9399399161338806,0.4033032953739166
YIR004W,YOL147C,1,-1.1171665,0.18925444781780243,0.9414414167404175,0.4033032953739166
YDR476C,YEL070W,0,-1.1174862,0.1891973465681076,0.9414414167404175,0.40345343947410583
YKR054C,YGL174W,0,-1.1188486,0.18914027512073517,0.9414414167404175,0.40360361337661743
YBR187W,YCL060C,0,-1.1194232,0.18908323347568512,0.9414414167404175,0.40375375747680664
YLR410W-A,YNL259C,0,-1.1199961,0.18902622163295746,0.9414414167404175,0.40390390157699585
YDL084W,YPR163C,0,-1.1209085,0.18896925449371338,0.9414414167404175,0.40405404567718506
YLR291C,YDR496C,0,-1.1212299,0.1889123171567917,0.9414414167404175,0.40420418977737427
YLR344W,YKL172W,0,-1.1214031,0.18885542452335358,0.9414414167404175,0.40435436367988586
YGL237C,YDL225W,0,-1.1216176,0.18879856169223785,0.9414414167404175,0.4045045077800751
YOL124C,YKL015W,0,-1.1226509,0.18874172866344452,0.9414414167404175,0.4046546518802643
YIR011C,YPR200C,0,-1.1233798,0.18868492543697357,0.9414414167404175,0.4048047959804535
YJL191W,YGR034W,0,-1.1237164,0.188628152012825,0.9414414167404175,0.4049549400806427
YJL085W,YNR002C,0,-1.1242119,0.18857142329216003,0.9414414167404175,0.4051051139831543
YDR076W,YLR268W,0,-1.124523,0.18851473927497864,0.9414414167404175,0.4052552580833435
YKL020C,YGL122C,0,-1.1255963,0.18845807015895844,0.9414414167404175,0.4054054021835327
YER175C,YGL256W,0,-1.125922,0.18840144574642181,0.9414414167404175,0.4055555462837219
YLR447C,YIL017W,0,-1.1260887,0.18834485113620758,0.9414414167404175,0.4057057201862335
YHL034C,YGR229C,0,-1.1261048,0.18828828632831573,0.9414414167404175,0.40585586428642273
YPL200W,YLR047C,0,-1.126424,0.18823176622390747,0.9414414167404175,0.40600600838661194
YDL061C,YMR087W,0,-1.1264486,0.1881752759218216,0.9414414167404175,0.40615615248680115
YMR005W,YFL011W-A,0,-1.1264621,0.1881188154220581,0.9414414167404175,0.40630629658699036
YOR340C,YDL148C,0,-1.1269599,0.188062384724617,0.9414414167404175,0.40645647048950195
YDR174W,YDR140W,0,-1.1271546,0.18800599873065948,0.9414414167404175,0.40660661458969116
YPR191W,YBR010W,0,-1.127156,0.18794964253902435,0.9414414167404175,0.40675675868988037
YDL246C,YNL297C,0,-1.1273903,0.1878933161497116,0.9414414167404175,0.4069069027900696
YIL076W,YOL108C,0,-1.1306684,0.18783703446388245,0.9414414167404175,0.4070570468902588
YLR005W,YPL208W,0,-1.1308532,0.18778076767921448,0.9414414167404175,0.4072072207927704
YOL057W,YOR187W,0,-1.1315871,0.1877245455980301,0.9414414167404175,0.4073573648929596
YPR167C,YDR527W,0,-1.1329634,0.18766836822032928,0.9414414167404175,0.4075075089931488
YNL127W,YFL048C,0,-1.1330073,0.18761220574378967,0.9414414167404175,0.407657653093338
YMR168C,YIL046W,0,-1.1333711,0.18755608797073364,0.9414414167404175,0.4078077971935272
YNL085W,YDR254W,0,-1.1340942,0.1875,0.9414414167404175,0.4079579710960388
YMR026C,YGR004W,1,-1.1341844,0.1877429038286209,0.9429429173469543,0.4079579710960388
YOR142W-B,YDR332W,0,-1.1342266,0.18768678605556488,0.9429429173469543,0.408108115196228
YGR216C,YNL006W,0,-1.1346679,0.18763071298599243,0.9429429173469543,0.40825825929641724
YBR260C,YOR216C,0,-1.1350471,0.18757466971874237,0.9429429173469543,0.40840840339660645
YPL257W-B,YHR135C,0,-1.1360426,0.1875186562538147,0.9429429173469543,0.40855854749679565
YHR012W,YNL230C,0,-1.1364543,0.1874626874923706,0.9429429173469543,0.40870872139930725
YGL112C,YDR167W,0,-1.1370797,0.1874067485332489,0.9429429173469543,0.40885886549949646
YNR067C,YFL013C,0,-1.1374156,0.18735083937644958,0.9429429173469543,0.40900900959968567
YOR209C,YDR240C,0,-1.1377039,0.18729496002197266,0.9429429173469543,0.4091591536998749
YPL042C,YBL091C-A,0,-1.1382165,0.18723911046981812,0.9429429173469543,0.4093092978000641
YJR092W,YGR118W,0,-1.138612,0.18718330562114716,0.9429429173469543,0.4094594717025757
YGR239C,YGR133W,1,-1.138924,0.18742550909519196,0.9444444179534912,0.4094594717025757
YBR125C,YOL043C,0,-1.1390393,0.1873696744441986,0.9444444179534912,0.4096096158027649
YHR012W,YAL031C,0,-1.1394862,0.18731388449668884,0.9444444179534912,0.4097597599029541
YGR285C,YEL056W,0,-1.1401081,0.18725810945034027,0.9444444179534912,0.4099099040031433
YKL180W,YDL208W,0,-1.1402547,0.18720237910747528,0.9444444179534912,0.4100600481033325
YOR142W-B,YFL001W,0,-1.1411556,0.18714667856693268,0.9444444179534912,0.4102102220058441
YGR167W,YDL028C,0,-1.1420783,0.18709102272987366,0.9444444179534912,0.4103603661060333
YFL057C,YIL035C,0,-1.1424716,0.18703538179397583,0.9444444179534912,0.41051051020622253
YDL246C,YDL035C,0,-1.1426404,0.18697978556156158,0.9444444179534912,0.41066065430641174
YLR107W,YPL002C,0,-1.1432078,0.18692421913146973,0.9444444179534912,0.41081079840660095
YJR028W,YOR085W,0,-1.1435808,0.18686868250370026,0.9444444179534912,0.41096097230911255
YKL020C,YOL053C-A,0,-1.1441424,0.18681319057941437,0.9444444179534912,0.41111111640930176
YFL014W,YLL012W,0,-1.144505,0.18675771355628967,0.9444444179534912,0.41126126050949097
YJL225C,YMR160W,0,-1.144891,0.18670228123664856,0.9444444179534912,0.4114114046096802
YOL101C,YFR036W,0,-1.145341,0.18664687871932983,0.9444444179534912,0.4115615487098694
YKL097W-A,YNL121C,0,-1.1454802,0.1865915209054947,0.9444444179534912,0.411711722612381
YGL115W,YOR326W,1,-1.146301,0.1868327409029007,0.9459459185600281,0.411711722612381
YPL083C,YMR269W,0,-1.1463389,0.18677735328674316,0.9459459185600281,0.4118618667125702
YNL282W,YMR268W-A,0,-1.1466417,0.18672199547290802,0.9459459185600281,0.4120120108127594
YDR261C-D,YLR145W,0,-1.1471752,0.18666666746139526,0.9459459185600281,0.4121621549129486
YMR272C,YFL045C,0,-1.1472979,0.1866113692522049,0.9459459185600281,0.4123122990131378
YDR261C-D,YOR327C,0,-1.1490233,0.1865561157464981,0.9459459185600281,0.4124624729156494
YIR038C,YKL015W,0,-1.1493046,0.1865008920431137,0.9459459185600281,0.4126126170158386
YHR175W,YNL121C,0,-1.1494869,0.1864456981420517,0.9459459185600281,0.41276276111602783
YGL112C,YJR053W,0,-1.1508145,0.18639053404331207,0.9459459185600281,0.41291290521621704
YGL216W,YLR164W,0,-1.1521243,0.18633539974689484,0.9459459185600281,0.41306304931640625
YJL053W,YGL216W,0,-1.1522328,0.18628031015396118,0.9459459185600281,0.41321322321891785
YOR393W,YCR097WB,0,-1.1533158,0.18622525036334991,0.9459459185600281,0.41336336731910706
YGR264C,YDR353W,0,-1.1534995,0.18617020547389984,0.9459459185600281,0.41351351141929626
YKL201C,YPR083W,0,-1.1542083,0.18611522018909454,0.9459459185600281,0.4136636555194855
YBL026W,YNL092W,0,-1.1553316,0.18606024980545044,0.9459459185600281,0.4138137996196747
YGR239C,YDL065C,1,-1.156195,0.18630056083202362,0.9474474191665649,0.4138137996196747
YCR080W,YOR294W,0,-1.156277,0.18624557554721832,0.9474474191665649,0.4139639735221863
YML032C,YPR006C,0,-1.1563661,0.1861906200647354,0.9474474191665649,0.4141141176223755
YDL202W,YJL082W,0,-1.1565049,0.1861356943845749,0.9474474191665649,0.4142642617225647
YBL085W,YJR063W,0,-1.1572964,0.18608079850673676,0.9474474191665649,0.4144144058227539
YHR160C,YGR077C,1,-1.1577754,0.18632075190544128,0.9489489197731018,0.4144144058227539
YNL027W,YNR044W,0,-1.1578763,0.18626584112644196,0.9489489197731018,0.4145645499229431
YDR296W,YPL104W,0,-1.1582019,0.18621096014976501,0.9489489197731018,0.4147147238254547
YGR020C,YJL171C,0,-1.1582958,0.18615610897541046,0.9489489197731018,0.4148648679256439
YHR211W,YOL066C,0,-1.1588227,0.1861013025045395,0.9489489197731018,0.41501501202583313
YLR410W-B,YGR171C,0,-1.1589485,0.1860465109348297,0.9489489197731018,0.41516515612602234
YOL010W,YMR308C,0,-1.1599139,0.18599176406860352,0.9489489197731018,0.41531533002853394
YGR258C,YMR210W,0,-1.160824,0.1859370470046997,0.9489489197731018,0.41546547412872314
YDR261C-D,YLR151C,0,-1.1634835,0.1858823597431183,0.9489489197731018,0.41561561822891235
YMR146C,YLR154W-A,0,-1.1637676,0.18582770228385925,0.9489489197731018,0.41576576232910156
YOR304C-A,YOL124C,0,-1.1643529,0.1857730746269226,0.9489489197731018,0.41591590642929077
YLR395C,YFL066C,0,-1.1650116,0.18571847677230835,0.9489489197731018,0.41606608033180237
YPL150W,YNR006W,0,-1.1660042,0.18566392362117767,0.9489489197731018,0.4162162244319916
YOR106W,YJL012C-A,0,-1.1672432,0.18560940027236938,0.9489489197731018,0.4163663685321808
YDR131C,YGL019W,0,-1.1672609,0.18555490672588348,0.9489489197731018,0.41651651263237
YMR145C,YMR137C,0,-1.1684027,0.18550044298171997,0.9489489197731018,0.4166666567325592
YMR169C,YJL128C,0,-1.1698127,0.18544600903987885,0.9489489197731018,0.4168168306350708
YER154W,YBR093C,0,-1.1703947,0.1853916049003601,0.9489489197731018,0.41696697473526
YBR111W-A,YCL043C,0,-1.1711242,0.18533724546432495,0.9489489197731018,0.4171171188354492
YOL066C,YMR097C,0,-1.1712935,0.185282900929451,0.9489489197731018,0.4172672629356384
YCR014C,YIL080W,0,-1.1716022,0.1852286010980606,0.9489489197731018,0.41741740703582764
YML071C,YOR194C,0,-1.172226,0.18517433106899261,0.9489489197731018,0.41756758093833923
YOL145C,YLR157C,0,-1.1726596,0.185120090842247,0.9489489197731018,0.41771772503852844
YCR097WB,YER002W,0,-1.1726911,0.1850658804178238,0.9489489197731018,0.41786786913871765
YOL102C,YOR275C,0,-1.1731162,0.18501171469688416,0.9489489197731018,0.41801801323890686
YLR395C,YNL044W,0,-1.1733439,0.1849575638771057,0.9489489197731018,0.41816815733909607
YPR083W,YDR472W,0,-1.1733786,0.18490345776081085,0.9489489197731018,0.41831833124160767
YPR191W,YIL046W,0,-1.1737288,0.18484936654567719,0.9489489197731018,0.4184684753417969
YCR093W,YHL034C,0,-1.1738645,0.1847953200340271,0.9489489197731018,0.4186186194419861
YLR228C,YNR006W,0,-1.1742913,0.1847413033246994,0.9489489197731018,0.4187687635421753
YML112W,YDR245W,0,-1.1744637,0.1846873164176941,0.9489489197731018,0.4189189076423645
YOR299W,YER168C,0,-1.1750573,0.18463335931301117,0.9489489197731018,0.4190690815448761
YNL085W,YER185W,0,-1.1755384,0.18457943201065063,0.9489489197731018,0.4192192256450653
YLR300W,YJL130C,0,-1.1761688,0.18452554941177368,0.9489489197731018,0.4193693697452545
YDL097C,YJL206C,0,-1.1763222,0.18447168171405792,0.9489489197731018,0.4195195138454437
YJR083C,YMR304W,0,-1.1769236,0.18441785871982574,0.9489489197731018,0.41966965794563293
YOR142W-B,YER145C,0,-1.1771446,0.18436406552791595,0.9489489197731018,0.41981983184814453
YMR112C,YNR002C,0,-1.1781955,0.18431028723716736,0.9489489197731018,0.41996997594833374
YFL002W-B,YOL093W,0,-1.1783718,0.18425655364990234,0.9489489197731018,0.42012012004852295
YOL145C,YNL304W,0,-1.1784815,0.18420284986495972,0.9489489197731018,0.42027026414871216
YNL102W,YOR222W,0,-1.17865,0.18414919078350067,0.9489489197731018,0.42042040824890137
YNR074C,YDR296W,0,-1.1787194,0.18409554660320282,0.9489489197731018,0.42057058215141296
YGR167W,YNL147W,0,-1.1787708,0.18404193222522736,0.9489489197731018,0.4207207262516022
YJR055W,YNL283C,0,-1.1801755,0.18398836255073547,0.9489489197731018,0.4208708703517914
YNR021W,YMR136W,0,-1.1806085,0.18393480777740479,0.9489489197731018,0.4210210144519806
YJR151C,YCL003W,0,-1.1815512,0.18388129770755768,0.9489489197731018,0.4211711585521698
YNL073W,YGL004C,0,-1.1818933,0.18382780253887177,0.9489489197731018,0.4213213324546814
YGR052W,YDR261W-A,0,-1.1833141,0.18377435207366943,0.9489489197731018,0.4214714765548706
YLR206W,YMR078C,0,-1.1842943,0.1837209314107895,0.9489489197731018,0.4216216206550598
YNR004W,YIL042C,0,-1.1852795,0.18366754055023193,0.9489489197731018,0.421771764755249
YML032C,YKL119C,0,-1.1856438,0.18361417949199677,0.9489489197731018,0.42192190885543823
YKR002W,YGR185C,0,-1.1856953,0.18356084823608398,0.9489489197731018,0.42207208275794983
YDL133C-A,YBR141C,0,-1.1863341,0.1835075467824936,0.9489489197731018,0.42222222685813904
YNL044W,YNL219C,0,-1.1866231,0.18345427513122559,0.9489489197731018,0.42237237095832825
YMR227C,YPR091C,0,-1.1869586,0.18340104818344116,0.9489489197731018,0.42252251505851746
YPR137C-A,YOR297C,0,-1.1870277,0.18334783613681793,0.9489489197731018,0.42267265915870667
YMR087W,YMR159C,0,-1.188702,0.18329466879367828,0.9489489197731018,0.42282283306121826
YOR142W-B,YDR444W,0,-1.190273,0.18324151635169983,0.9489489197731018,0.42297297716140747
YOR232W,YGL046W,0,-1.1903992,0.18318840861320496,0.9489489197731018,0.4231231212615967
YDL246C,YEL036C,0,-1.1906605,0.18313531577587128,0.9489489197731018,0.4232732653617859
YKR019C,YOR327C,0,-1.1919177,0.18308226764202118,0.9489489197731018,0.4234234094619751
YOL102C,YMR270C,0,-1.1929331,0.18302924931049347,0.9489489197731018,0.4235735833644867
YMR061W,YBL085W,0,-1.1933222,0.18297626078128815,0.9489489197731018,0.4237237274646759
YJL200C,YMR295C,0,-1.1935787,0.1829233020544052,0.9489489197731018,0.4238738715648651
YAL033W,YCR080W,0,-1.1949109,0.18287037312984467,0.9489489197731018,0.4240240156650543
YPR006C,YDL040C,0,-1.1949189,0.1828174740076065,0.9489489197731018,0.42417415976524353
YNL102W,YCR080W,0,-1.1957736,0.18276460468769073,0.9489489197731018,0.4243243336677551
YGR281W,YDR195W,0,-1.1961288,0.18271176517009735,0.9489489197731018,0.42447447776794434
YOR291W,YGR288W,0,-1.1969701,0.18265895545482635,0.9489489197731018,0.42462462186813354
YBR202W,YDL217C,0,-1.1976781,0.18260619044303894,0.9489489197731018,0.42477476596832275
YJL187C,YMR032W,0,-1.1982458,0.18255344033241272,0.9489489197731018,0.42492491006851196
YDR371W,YNL192W,0,-1.1986971,0.1825007200241089,0.9489489197731018,0.42507508397102356
YER101C,YPL208W,0,-1.1990008,0.18244802951812744,0.9489489197731018,0.42522522807121277
YDR460W,YPL151C,0,-1.2001741,0.18239538371562958,0.9489489197731018,0.425375372171402
YKL090W,YBR002C,0,-1.2015506,0.1823427528142929,0.9489489197731018,0.4255255162715912
YKL180W,YJL124C,0,-1.2024987,0.18229016661643982,0.9489489197731018,0.4256756901741028
YPL083C,YEL062W,0,-1.2038229,0.18223759531974792,0.9489489197731018,0.425825834274292
YKL200C,YPR083W,0,-1.2047133,0.1821850687265396,0.9489489197731018,0.4259759783744812
YNL329C,YPL112C,1,-1.2047431,0.1824207454919815,0.9504504799842834,0.4259759783744812
YLL034C,YIR018W,0,-1.2047794,0.1823681890964508,0.9504504799842834,0.4261261224746704
YLR227W-B,YLR073C,0,-1.2050499,0.1823156625032425,0.9504504799842834,0.4262762665748596
YLR191W,YIL017W,0,-1.2075058,0.18226316571235657,0.9504504799842834,0.4264264404773712
YHR012W,YLR395C,0,-1.2075822,0.18221071362495422,0.9504504799842834,0.4265765845775604
YHR061C,YHR168W,0,-1.2098345,0.18215827643871307,0.9504504799842834,0.42672672867774963
YBR075W,YGR027C,0,-1.2106769,0.1821058690547943,0.9504504799842834,0.42687687277793884
YHR005C-A,YGL169W,0,-1.2109157,0.18205349147319794,0.9504504799842834,0.42702701687812805
YOR148C,YLR329W,0,-1.2112286,0.18200114369392395,0.9504504799842834,0.42717719078063965
YDL036C,YBL076C,0,-1.2118814,0.18194884061813354,0.9504504799842834,0.42732733488082886
YGR161W-B,YML028W,0,-1.2138346,0.18189655244350433,0.9504504799842834,0.42747747898101807
YOL103W-B,YDR296W,0,-1.2144626,0.1818442940711975,0.9504504799842834,0.4276276230812073
YHR066W,YPL200W,0,-1.2152994,0.18179208040237427,0.9504504799842834,0.4277777671813965
YPR171W,YDR146C,0,-1.2159778,0.18173988163471222,0.9504504799842834,0.4279279410839081
YMR087W,YDR332W,0,-1.2162359,0.18168771266937256,0.9504504799842834,0.4280780851840973
YLL008W,YNL298W,0,-1.2171824,0.18163558840751648,0.9504504799842834,0.4282282292842865
YBR120C,YKL205W,0,-1.2176757,0.1815834790468216,0.9504504799842834,0.4283783733844757
YOR025W,YJL206C,0,-1.2179098,0.1815313994884491,0.9504504799842834,0.4285285174846649
YBR006W,YGR072W,0,-1.2180445,0.18147936463356018,0.9504504799842834,0.4286786913871765
YNL121C,YFL054C,0,-1.2192343,0.18142734467983246,0.9504504799842834,0.4288288354873657
YLR305C,YFL013C,0,-1.219246,0.18137535452842712,0.9504504799842834,0.42897897958755493
YKL041W,YOR338W,0,-1.2200532,0.18132340908050537,0.9504504799842834,0.42912912368774414
YKL186C,YNR072W,0,-1.2202382,0.1812714785337448,0.9504504799842834,0.42927926778793335
YJL011C,YEL012W,0,-1.2202463,0.18121957778930664,0.9504504799842834,0.42942944169044495
YOL112W,YNR067C,0,-1.2202904,0.18116772174835205,0.9504504799842834,0.42957958579063416
YKL130C,YBR141C,0,-1.2235012,0.18111588060855865,0.9504504799842834,0.42972972989082336
YIL061C,YLR251W,0,-1.2242883,0.18106406927108765,0.9504504799842834,0.4298798739910126
YBL076C,YKR026C,0,-1.2244729,0.18101230263710022,0.9504504799842834,0.4300300180912018
YGR036C,YOR324C,0,-1.2245878,0.180960550904274,0.9504504799842834,0.4301801919937134
YMR169C,YER190W,0,-1.2248209,0.18090882897377014,0.9504504799842834,0.4303303360939026
YNL273W,YHR039C-A,0,-1.2259526,0.18085713684558868,0.9504504799842834,0.4304804801940918
YOL124C,YFL035C,0,-1.2263292,0.1808054894208908,0.9504504799842834,0.430630624294281
YJL114W,YNR017W,0,-1.226382,0.18075385689735413,0.9504504799842834,0.4307807683944702
YJL012C-A,YER165W,0,-1.2277981,0.18070225417613983,0.9504504799842834,0.4309309422969818
YDR196C,YDR497C,0,-1.2281762,0.18065068125724792,0.9504504799842834,0.431081086397171
YPL259C,YER046W,0,-1.2284265,0.1805991381406784,0.9504504799842834,0.43123123049736023
YKL090W,YOR275C,0,-1.2286794,0.18054763972759247,0.9504504799842834,0.43138137459754944
YPL050C,YNL175C,0,-1.2292693,0.18049615621566772,0.9504504799842834,0.43153151869773865
YKL161C,YHR168W,0,-1.2322552,0.18044470250606537,0.9504504799842834,0.43168169260025024
YGL071W,YJR063W,0,-1.2326931,0.1803932785987854,0.9504504799842834,0.43183183670043945
YMR078C,YIL046W,0,-1.2344788,0.18034188449382782,0.9504504799842834,0.43198198080062866
YNL027W,YIL083C,0,-1.2363846,0.18029052019119263,0.9504504799842834,0.43213212490081787
YPL183W-A,YNL262W,0,-1.2364297,0.18023918569087982,0.9504504799842834,0.4322822690010071
YJR006W,YOR324C,0,-1.237965,0.1801878809928894,0.9504504799842834,0.4324324429035187
YBR075W,YMR213W,0,-1.2387903,0.18013659119606018,0.9504504799842834,0.4325825870037079
YDL022W,YMR172W,0,-1.2388177,0.18008534610271454,0.9504504799842834,0.4327327311038971
YDR378C,YDR296W,0,-1.2405092,0.18003413081169128,0.9504504799842834,0.4328828752040863
YBR111W-A,YEL053C,0,-1.2435272,0.17998294532299042,0.9504504799842834,0.4330330193042755
YDR034C,YJL085W,0,-1.2439814,0.17993177473545074,0.9504504799842834,0.4331831932067871
YML097C,YDR261C-D,0,-1.2452714,0.17988064885139465,0.9504504799842834,0.4333333373069763
YJL172W,YJL060W,0,-1.245372,0.17982955276966095,0.9504504799842834,0.4334834814071655
YGR034W,YJR101W,0,-1.2454016,0.17977847158908844,0.9504504799842834,0.43363362550735474
YOR291W,YKR035W-A,0,-1.2456205,0.17972742021083832,0.9504504799842834,0.43378376960754395
YOR193W,YKR001C,1,-1.2456497,0.17996026575565338,0.9519519805908203,0.43378376960754395
YPL078C,YKL175W,0,-1.2485518,0.17990919947624207,0.9519519805908203,0.43393394351005554
YKR036C,YBL058W,0,-1.2507836,0.17985816299915314,0.9519519805908203,0.43408408761024475
YPR137C-A,YDR508C,0,-1.2519002,0.1798071414232254,0.9519519805908203,0.43423423171043396
YJR127C,YMR097C,0,-1.2520247,0.17975616455078125,0.9519519805908203,0.43438437581062317
YNL178W,YNL092W,0,-1.2523646,0.17970521748065948,0.9519519805908203,0.4345345199108124
YHR060W,YLR410W-B,0,-1.2528269,0.1796543002128601,0.9519519805908203,0.434684693813324
YOR216C,YBL091C-A,0,-1.2531722,0.17960339784622192,0.9519519805908203,0.4348348379135132
YPL127C,YIL017W,0,-1.2536503,0.17955254018306732,0.9519519805908203,0.4349849820137024
YMR089C,YNL050C,0,-1.2544203,0.1795016974210739,0.9519519805908203,0.4351351261138916
YNR017W,YBR010W,0,-1.2557023,0.1794508844614029,0.9519519805908203,0.4352853000164032
YFR033C,YCL032W,0,-1.255975,0.17940011620521545,0.9519519805908203,0.4354354441165924
YOL066C,YCR080W,0,-1.2560678,0.1793493628501892,0.9519519805908203,0.4355855882167816
YIR025W,YDR131C,0,-1.256272,0.17929863929748535,0.9519519805908203,0.4357357323169708
YGL180W,YDR429C,0,-1.2569311,0.17924794554710388,0.9519519805908203,0.43588587641716003
YAL029C,YDR496C,0,-1.2575023,0.1791972815990448,0.9519519805908203,0.43603605031967163
YDR034C,YCR012W,0,-1.259112,0.1791466474533081,0.9519519805908203,0.43618619441986084
YIL139C,YCR080W,0,-1.2603421,0.1790960431098938,0.9519519805908203,0.43633633852005005
YDR233C,YLR391W,0,-1.262216,0.17904546856880188,0.9519519805908203,0.43648648262023926
YAL040C,YDR109C,0,-1.2628706,0.17899492383003235,0.9519519805908203,0.43663662672042847
YBR155W,YLR410W-A,0,-1.2653832,0.178944393992424,0.9519519805908203,0.43678680062294006
YDR378C,YER117W,0,-1.2671862,0.17889390885829926,0.9519519805908203,0.4369369447231293
YIR005W,YER002W,0,-1.2693771,0.1788434386253357,0.9519519805908203,0.4370870888233185
YOR145C,YDL039C,0,-1.2709332,0.1787930130958557,0.9519519805908203,0.4372372329235077
YBR067C,YNL080C,0,-1.2712264,0.17874260246753693,0.9519519805908203,0.4373873770236969
YPL259C,YCL026C-B,0,-1.2716975,0.17869222164154053,0.9519519805908203,0.4375375509262085
YEL037C,YGL241W,0,-1.2720582,0.17864187061786652,0.9519519805908203,0.4376876950263977
YFL010W-A,YMR239C,0,-1.273255,0.1785915493965149,0.9519519805908203,0.4378378391265869
YDR229W,YBR074W,0,-1.2745056,0.17854125797748566,0.9519519805908203,0.4379879832267761
YDR144C,YDL084W,0,-1.2752755,0.1784909963607788,0.9519519805908203,0.43813812732696533
YMR300C,YLR325C,0,-1.2763674,0.17844074964523315,0.9519519805908203,0.43828830122947693
YLR105C,YKR019C,0,-1.2784964,0.17839054763317108,0.9519519805908203,0.43843844532966614
YEL069C,YNR060W,0,-1.2790112,0.1783403605222702,0.9519519805908203,0.43858858942985535
YDR211W,YHR082C,0,-1.2797146,0.1782902181148529,0.9519519805908203,0.43873873353004456
YKR006C,YCR055C,0,-1.2798146,0.1782400906085968,0.9519519805908203,0.43888887763023376
YKL174C,YER087C-B,0,-1.2803633,0.17818999290466309,0.9519519805908203,0.43903905153274536
YBR002C,YBR096W,0,-1.2804339,0.17813992500305176,0.9519519805908203,0.43918919563293457
YJL011C,YDR254W,0,-1.2810547,0.17808988690376282,0.9519519805908203,0.4393393397331238
YKL097W-A,YOR085W,0,-1.2833426,0.17803987860679626,0.9519519805908203,0.439489483833313
YJR028W,YHR174W,0,-1.283577,0.1779899001121521,0.9519519805908203,0.4396396279335022
YBR170C,YKL061W,0,-1.2879417,0.17793993651866913,0.9519519805908203,0.4397898018360138
YHR085W,YCR097WB,0,-1.2882079,0.17789001762866974,0.9519519805908203,0.439939945936203
YDR415C,YML132W,0,-1.2903581,0.17784011363983154,0.9519519805908203,0.4400900900363922
YBR052C,YOR239W,0,-1.29072,0.17779023945331573,0.9519519805908203,0.4402402341365814
YIL080W,YFL013C,0,-1.291749,0.17774039506912231,0.9519519805908203,0.44039037823677063
YCL074W,YDR527W,0,-1.2919805,0.17769058048725128,0.9519519805908203,0.4405405521392822
YFR018C,YJR034W,0,-1.2929957,0.17764079570770264,0.9519519805908203,0.44069069623947144
YKR068C,YIL042C,0,-1.2935429,0.17759104073047638,0.9519519805908203,0.44084084033966064
YKL161C,YPR133W-A,0,-1.2937045,0.17754130065441132,0.9519519805908203,0.44099098443984985
YGR056W,YGL226C-A,0,-1.2937694,0.17749160528182983,0.9519519805908203,0.44114112854003906
YGR221C,YCL043C,0,-1.2951124,0.17744192481040955,0.9519519805908203,0.44129130244255066
YHL027W,YGL019W,0,-1.2959639,0.17739227414131165,0.9519519805908203,0.44144144654273987
YJL005W,YLR394W,0,-1.2971886,0.17734265327453613,0.9519519805908203,0.4415915906429291
YKR020W,YDR138W,0,-1.2983606,0.177293062210083,0.9519519805908203,0.4417417347431183
YHR012W,YGR185C,0,-1.3006855,0.17724350094795227,0.9519519805908203,0.4418918788433075
YKR008W,YBR261C,0,-1.3026414,0.17719396948814392,0.9519519805908203,0.4420420527458191
YAL024C,YHL034C,0,-1.3028287,0.17714445292949677,0.9519519805908203,0.4421921968460083
YLR244C,YPL093W,0,-1.3037021,0.177094966173172,0.9519519805908203,0.4423423409461975
YNL127W,YOL028C,0,-1.3048358,0.1770455241203308,0.9519519805908203,0.4424924850463867
YLR203C,YNL219C,0,-1.3049171,0.17699609696865082,0.9519519805908203,0.4426426291465759
YBR006W,YDR109C,0,-1.3052104,0.1769466996192932,0.9519519805908203,0.4427928030490875
YKR020W,YLR329W,0,-1.3053517,0.1768973171710968,0.9519519805908203,0.44294294714927673
YNL267W,YGR112W,0,-1.3074722,0.17684797942638397,0.9519519805908203,0.44309309124946594
YJL112W,YER168C,0,-1.307672,0.17679865658283234,0.9519519805908203,0.44324323534965515
YJL071W,YJL128C,0,-1.307888,0.17674937844276428,0.9519519805908203,0.44339337944984436
YMR090W,YBL089W,0,-1.308223,0.17670011520385742,0.9519519805908203,0.44354355335235596
YDR518W,YNR044W,0,-1.3087366,0.17665088176727295,0.9519519805908203,0.44369369745254517
YNR004W,YOL151W,0,-1.3091577,0.17660167813301086,0.9519519805908203,0.4438438415527344
YGR012W,YJR083C,0,-1.3094285,0.17655248939990997,0.9519519805908203,0.4439939856529236
YGR020C,YDR392W,0,-1.3094773,0.17650334537029266,0.9519519805908203,0.4441441297531128
YLR005W,YGL060W,0,-1.3098634,0.17645421624183655,0.9519519805908203,0.4442943036556244
YDL111C,YML006C,0,-1.313523,0.17640511691570282,0.9519519805908203,0.4444444477558136
YPL127C,YGR171C,0,-1.3135877,0.17635604739189148,0.9519519805908203,0.4445945918560028
YIL128W,YGR185C,0,-1.316113,0.17630700767040253,0.9519519805908203,0.444744735956192
YMR228W,YDR211W,0,-1.3174019,0.17625799775123596,0.9519519805908203,0.4448948800563812
YOL165C,YER138C,0,-1.3186486,0.1762090027332306,0.9519519805908203,0.4450450539588928
YOR204W,YDR109C,0,-1.3187473,0.1761600375175476,0.9519519805908203,0.44519519805908203
YCL008C,YKL003C,0,-1.3196557,0.1761111170053482,0.9519519805908203,0.44534534215927124
YOR206W,YLR291C,0,-1.3208773,0.17606221139431,0.9519519805908203,0.44549548625946045
YOR377W,YDR195W,0,-1.3211993,0.17601332068443298,0.9519519805908203,0.44564566016197205
YGR185C,YGR276C,0,-1.3214363,0.17596447467803955,0.9519519805908203,0.44579580426216125
YOL124C,YBL079W,0,-1.3218341,0.1759156435728073,0.9519519805908203,0.44594594836235046
YGR225W,YHR058C,0,-1.3219593,0.17586685717105865,0.9519519805908203,0.4460960924625397
YDR405W,YPL259C,0,-1.3229926,0.1758180856704712,0.9519519805908203,0.4462462365627289
YKR006C,YHR168W,0,-1.3245028,0.17576934397220612,0.9519519805908203,0.4463964104652405
YDL245C,YPR137W,0,-1.3252549,0.17572061717510223,0.9519519805908203,0.4465465545654297
YKR055W,YGL163C,0,-1.325746,0.17567193508148193,0.9519519805908203,0.4466966986656189
YLR295C,YDL078C,0,-1.3257562,0.17562326788902283,0.9519519805908203,0.4468468427658081
YJL171C,YFR019W,0,-1.3258458,0.1755746304988861,0.9519519805908203,0.4469969868659973
YPR113W,YDR304C,0,-1.3259842,0.17552602291107178,0.9519519805908203,0.4471471607685089
YIL021W,YDL015C,0,-1.3276572,0.17547744512557983,0.9519519805908203,0.4472973048686981
YKL041W,YBL113C,0,-1.3282034,0.17542888224124908,0.9519519805908203,0.44744744896888733
YHR077C,YBL034C,0,-1.3284383,0.17538036406040192,0.9519519805908203,0.44759759306907654
YBL112C,YOR382W,0,-1.3284954,0.17533186078071594,0.9519519805908203,0.44774773716926575
YGR239C,YAL055W,1,-1.3285121,0.175559863448143,0.9534534811973572,0.44774773716926575
YCR026C,YLR088W,0,-1.3287581,0.17551133036613464,0.9534534811973572,0.44789791107177734
YOR038C,YMR270C,0,-1.3288579,0.17546284198760986,0.9534534811973572,0.44804805517196655
YOR287C,YHR175W,0,-1.3289033,0.17541436851024628,0.9534534811973572,0.44819819927215576
YOR301W,YDR457W,0,-1.3301525,0.17536592483520508,0.9534534811973572,0.44834834337234497
YGR113W,YDR472W,0,-1.3304894,0.17531751096248627,0.9534534811973572,0.4484984874725342
YDL040C,YJL095W,0,-1.3313934,0.17526911199092865,0.9534534811973572,0.4486486613750458
YDL022W,YOR180C,0,-1.3323905,0.17522075772285461,0.9534534811973572,0.448798805475235
YHR012W,YLR105C,0,-1.3324871,0.17517241835594177,0.9534534811973572,0.4489489495754242
YHR002W,YDL121C,0,-1.3325446,0.17512410879135132,0.9534534811973572,0.4490990936756134
YLR103C,YDL225W,0,-1.3347808,0.17507581412792206,0.9534534811973572,0.4492492377758026
YMR019W,YDR146C,0,-1.3359747,0.17502756416797638,0.9534534811973572,0.4493994116783142
YHR061C,YKL130C,0,-1.3361294,0.1749793291091919,0.9534534811973572,0.4495495557785034
YMR065W,YER115C,0,-1.3372475,0.1749311238527298,0.9534534811973572,0.4496996998786926
YKR036C,YMR213W,0,-1.3374267,0.1748829483985901,0.9534534811973572,0.44984984397888184
YER137C-A,YJL171C,0,-1.34136,0.17483480274677277,0.9534534811973572,0.44999998807907104
YDL070W,YKR006C,0,-1.3415236,0.17478667199611664,0.9534534811973572,0.45015016198158264
YGR081C,YBL113C,0,-1.3420777,0.1747385859489441,0.9534534811973572,0.45030030608177185
YLR305C,YNL178W,0,-1.3432012,0.17469051480293274,0.9534534811973572,0.45045045018196106
YLR105C,YER087W,0,-1.3432806,0.17464245855808258,0.9534534811973572,0.45060059428215027
YER168C,YOR085W,0,-1.3453057,0.174594447016716,0.9534534811973572,0.4507507383823395
YIR011C,YER154W,0,-1.3458433,0.17454645037651062,0.9534534811973572,0.4509009122848511
YLR113W,YER130C,0,-1.3481109,0.17449848353862762,0.9534534811973572,0.4510510563850403
YPR182W,YDL142C,0,-1.3484473,0.17445054650306702,0.9534534811973572,0.4512012004852295
YEL022W,YBL005W-B,0,-1.3500633,0.1744026392698288,0.9534534811973572,0.4513513445854187
YMR284W,YNL230C,0,-1.3509126,0.17435474693775177,0.9534534811973572,0.4515014886856079
YOR071C,YOR209C,0,-1.3514947,0.17430688440799713,0.9534534811973572,0.4516516625881195
YLR316C,YBR257W,0,-1.3564095,0.17425905168056488,0.9534534811973572,0.4518018066883087
YBR202W,YDR261W-A,0,-1.3567488,0.17421124875545502,0.9534534811973572,0.4519519507884979
YPL274W,YKR028W,0,-1.3568406,0.17416346073150635,0.9534534811973572,0.45210209488868713
YKL168C,YMR268W-A,0,-1.3572434,0.17411571741104126,0.9534534811973572,0.45225223898887634
YLR244C,YBR096W,0,-1.358748,0.17406798899173737,0.9534534811973572,0.45240241289138794
YBR202W,YPL082C,0,-1.3604667,0.17402027547359467,0.9534534811973572,0.45255255699157715
YJL140W,YNR003C,0,-1.3606708,0.17397260665893555,0.9534534811973572,0.45270270109176636
YBR118W,YHR174W,0,-1.3611455,0.17392495274543762,0.9534534811973572,0.45285284519195557
YPR127W,YCL052C,0,-1.3612502,0.17387732863426208,0.9534534811973572,0.4530029892921448
YPR204W,YCL043C,0,-1.3629677,0.17382973432540894,0.9534534811973572,0.45315316319465637
YJL071W,YPR127W,0,-1.3632628,0.17378215491771698,0.9534534811973572,0.4533033072948456
YMR049C,YDR332W,0,-1.3637884,0.1737346053123474,0.9534534811973572,0.4534534513950348
YFL066C,YMR272C,0,-1.3651805,0.17368708550930023,0.9534534811973572,0.453603595495224
YDR499W,YBL092W,0,-1.3658195,0.17363959550857544,0.9534534811973572,0.4537537395954132
YLR203C,YMR200W,0,-1.3660233,0.17359212040901184,0.9534534811973572,0.4539039134979248
YMR160W,YNL284C,0,-1.3661385,0.17354469001293182,0.9534534811973572,0.454054057598114
YDR411C,YOR142W-A,0,-1.3664099,0.173497274518013,0.9534534811973572,0.4542042016983032
YGR052W,YMR039C,0,-1.3673134,0.17344987392425537,0.9534534811973572,0.45435434579849243
YDL022W,YNL307C,0,-1.3677907,0.17340251803398132,0.9534534811973572,0.45450448989868164
YML032C,YOR274W,0,-1.3688204,0.17335517704486847,0.9534534811973572,0.45465466380119324
YPL104W,YLR042C,0,-1.3690519,0.173307865858078,0.9534534811973572,0.45480480790138245
YDR245W,YDR416W,0,-1.3701391,0.17326056957244873,0.9534534811973572,0.45495495200157166
YOL145C,YPL082C,0,-1.3702945,0.17321331799030304,0.9534534811973572,0.45510509610176086
YDR240C,YKL067W,0,-1.3716037,0.17316608130931854,0.9534534811973572,0.45525527000427246
YGR281W,YDR174W,0,-1.3730812,0.17311885952949524,0.9534534811973572,0.45540541410446167
YBR261C,YKR102W,0,-1.3743911,0.17307168245315552,0.9534534811973572,0.4555555582046509
YOR274W,YEL053C,0,-1.3753526,0.173024520277977,0.9534534811973572,0.4557057023048401
YDL140C,YJL128C,0,-1.3758297,0.17297738790512085,0.9534534811973572,0.4558558464050293
YML058W-A,YMR143W,0,-1.3763309,0.1729302853345871,0.9534534811973572,0.4560060203075409
YLR383W,YFL023W,0,-1.3781362,0.17288319766521454,0.9534534811973572,0.4561561644077301
YOR378W,YGL226C-A,0,-1.3796916,0.17283613979816437,0.9534534811973572,0.4563063085079193
YGL200C,YDR304C,0,-1.3817639,0.17278911173343658,0.9534534811973572,0.4564564526081085
YDR261C-D,YCR046C,0,-1.3829274,0.1727421134710312,0.9534534811973572,0.45660659670829773
YDL059C,YNL290W,0,-1.3830606,0.172695130109787,0.9534534811973572,0.4567567706108093
YKL172W,YBR074W,0,-1.3833994,0.17264817655086517,0.9534534811973572,0.45690691471099854
YOL066C,YFL057C,0,-1.3846023,0.17260125279426575,0.9534534811973572,0.45705705881118774
YPL112C,YOR393W,0,-1.3852675,0.17255434393882751,0.9534534811973572,0.45720720291137695
YOR194C,YHL027W,0,-1.3856514,0.17250746488571167,0.9534534811973572,0.45735734701156616
YIL143C,YNR035C,0,-1.3901101,0.1724606156349182,0.9534534811973572,0.45750752091407776
YGR077C,YDR216W,1,-1.3901708,0.17268531024456024,0.954954981803894,0.45750752091407776
YPR152C,YBR074W,0,-1.3907714,0.1726384311914444,0.954954981803894,0.45765766501426697
YER137C-A,YNL239W,0,-1.391215,0.17259158194065094,0.954954981803894,0.4578078091144562
YPR011C,YFL048C,0,-1.3913574,0.17254476249217987,0.954954981803894,0.4579579532146454
YDL121C,YPL208W,0,-1.3913693,0.1724979728460312,0.954954981803894,0.4581080973148346
YER014C-A,YGR145W,0,-1.3917363,0.1724511981010437,0.954954981803894,0.4582582712173462
YLR103C,YOR311C,0,-1.3929667,0.1724044382572174,0.954954981803894,0.4584084153175354
YGL256W,YGL046W,0,-1.3931587,0.1723577231168747,0.954954981803894,0.4585585594177246
YGL115W,YOL147C,1,-1.3951693,0.17258195579051971,0.9564564824104309,0.4585585594177246
YDL246C,YMR319C,0,-1.3957374,0.17253521084785461,0.9564564824104309,0.4587087035179138
YOR310C,YDR109C,0,-1.396153,0.1724884957075119,0.9564564824104309,0.458858847618103
YGR177C,YCL014W,0,-1.3963081,0.17244179546833038,0.9564564824104309,0.4590090215206146
YDR261C-D,YDL070W,0,-1.3975387,0.17239512503147125,0.9564564824104309,0.45915916562080383
YGR161W-B,YER190W,0,-1.3976132,0.1723484843969345,0.9564564824104309,0.45930930972099304
YCR060W,YML080W,0,-1.3976601,0.17230187356472015,0.9564564824104309,0.45945945382118225
YHR002W,YIL132C,0,-1.398295,0.172255277633667,0.9564564824104309,0.45960959792137146
YPR011C,YKR035W-A,0,-1.3986506,0.17220871150493622,0.9564564824104309,0.45975977182388306
YGR225W,YOL038W,0,-1.3997121,0.17216216027736664,0.9564564824104309,0.45990991592407227
YJR149W,YDR494W,0,-1.3998692,0.17211563885211945,0.9564564824104309,0.4600600600242615
YPL042C,YMR065W,0,-1.4013957,0.17206914722919464,0.9564564824104309,0.4602102041244507
YOR299W,YER145C,0,-1.402452,0.17202268540859222,0.9564564824104309,0.4603603482246399
YMR321C,YOR142W-A,0,-1.4050606,0.171976238489151,0.9564564824104309,0.4605105221271515
YPL082C,YGL071W,0,-1.405927,0.17192982137203217,0.9564564824104309,0.4606606662273407
YNR074C,YGL103W,0,-1.4064884,0.17188343405723572,0.9564564824104309,0.4608108103275299
YPL257W-B,YDR508C,0,-1.4069378,0.17183706164360046,0.9564564824104309,0.4609609544277191
YJL128C,YPR138C,0,-1.4072934,0.1717907190322876,0.9564564824104309,0.4611110985279083
YLL002W,YDR470C,0,-1.4079146,0.17174440622329712,0.9564564824104309,0.4612612724304199
YCL003W,YBR281C,0,-1.4116421,0.17169810831546783,0.9564564824104309,0.46141141653060913
YEL022W,YPR060C,0,-1.4116812,0.17165184020996094,0.9564564824104309,0.46156156063079834
YLL041C,YDR260C,0,-1.411816,0.17160560190677643,0.9564564824104309,0.46171170473098755
YBR120C,YIL132C,0,-1.4121765,0.1715593785047531,0.9564564824104309,0.46186184883117676
YLR380W,YCL032W,0,-1.4123318,0.17151319980621338,0.9564564824104309,0.46201202273368835
YDR030C,YBL028C,0,-1.4135284,0.17146702110767365,0.9564564824104309,0.46216216683387756
YER008C,YIL017W,0,-1.4146166,0.1714208871126175,0.9564564824104309,0.4623123109340668
YPL099C,YOR261C,0,-1.4152713,0.17137476801872253,0.9564564824104309,0.462462455034256
YDR405W,YIL017W,0,-1.4158158,0.17132867872714996,0.9564564824104309,0.4626125991344452
YDR499W,YGR036C,0,-1.4160477,0.1712826043367386,0.9564564824104309,0.4627627730369568
YDR240C,YOL053C-A,0,-1.4169466,0.1712365597486496,0.9564564824104309,0.462912917137146
YAL017W,YKL085W,0,-1.4172909,0.171190544962883,0.9564564824104309,0.4630630612373352
YEL053C,YDL140C,0,-1.4186732,0.1711445450782776,0.9564564824104309,0.4632132053375244
YNR015W,YKL003C,0,-1.4195592,0.17109857499599457,0.9564564824104309,0.4633633494377136
YFR001W,YKR035W-A,0,-1.4195943,0.17105263471603394,0.9564564824104309,0.4635135233402252
YCL074W,YOL052C,0,-1.4203084,0.1710067093372345,0.9564564824104309,0.46366366744041443
YJR055W,YGR222W,0,-1.4207201,0.17096081376075745,0.9564564824104309,0.46381381154060364
YDR067C,YNR013C,0,-1.4211359,0.17091494798660278,0.9564564824104309,0.46396395564079285
YDR144C,YER190W,0,-1.4225969,0.17086909711360931,0.9564564824104309,0.46411409974098206
YOR304C-A,YLR270W,0,-1.4231744,0.17082327604293823,0.9564564824104309,0.46426427364349365
YGL094C,YNL302C,0,-1.4236948,0.17077748477458954,0.9564564824104309,0.46441441774368286
YNL102W,YLR390W,0,-1.4242042,0.17073170840740204,0.9564564824104309,0.46456456184387207
YLR197W,YPL196W,0,-1.4247903,0.17068596184253693,0.9564564824104309,0.4647147059440613
YOR317W,YOR025W,0,-1.4249976,0.170640230178833,0.9564564824104309,0.4648648500442505
YBL068W,YHR051W,0,-1.4250473,0.17059454321861267,0.9564564824104309,0.4650150239467621
YLR321C,YJR026W,0,-1.4257452,0.17054885625839233,0.9564564824104309,0.4651651680469513
YGR012W,YBR257W,0,-1.4281812,0.17050321400165558,0.9564564824104309,0.4653153121471405
YLR325C,YBL079W,0,-1.4290249,0.17045758664608002,0.9564564824104309,0.4654654562473297
YPL011C,YDR508C,0,-1.4295217,0.17041198909282684,0.9564564824104309,0.4656156301498413
YLR429W,YLR164W,0,-1.4308476,0.17036640644073486,0.9564564824104309,0.4657657742500305
YPL150W,YHR209W,0,-1.4312375,0.17032085359096527,0.9564564824104309,0.4659159183502197
YPR001W,YOR219C,0,-1.4315883,0.17027533054351807,0.9564564824104309,0.46606606245040894
YLL041C,YHR082C,0,-1.4328119,0.17022982239723206,0.9564564824104309,0.46621620655059814
YOR274W,YDL107W,0,-1.4338937,0.17018434405326843,0.9564564824104309,0.46636638045310974
YIL142W,YLR129W,0,-1.4350574,0.1701388955116272,0.9564564824104309,0.46651652455329895
YNL273W,YLR141W,0,-1.4364133,0.17009346187114716,0.9564564824104309,0.46666666865348816
YOL107W,YPR152C,0,-1.4392484,0.1700480580329895,0.9564564824104309,0.46681681275367737
YNL231C,YGL203C,0,-1.4392533,0.17000266909599304,0.9564564824104309,0.4669669568538666
YJR057W,YFL013C,0,-1.4392986,0.16995730996131897,0.9564564824104309,0.4671171307563782
YCL043C,YLR344W,0,-1.4399112,0.16991198062896729,0.9564564824104309,0.4672672748565674
YOR301W,YOL136C,0,-1.4406993,0.1698666661977768,0.9564564824104309,0.4674174189567566
YDR083W,YDR109C,0,-1.4413228,0.1698213815689087,0.9564564824104309,0.4675675630569458
YNL261W,YJL081C,0,-1.4417722,0.16977612674236298,0.9564564824104309,0.467717707157135
YPL257W-B,YLR073C,0,-1.4420273,0.16973088681697845,0.9564564824104309,0.4678678810596466
YKL082C,YBR096W,0,-1.4422058,0.16968566179275513,0.9564564824104309,0.4680180251598358
YLR113W,YFL054C,0,-1.4436046,0.16964048147201538,0.9564564824104309,0.468168169260025
YGL170C,YBR281C,0,-1.4437864,0.16959531605243683,0.9564564824104309,0.46831831336021423
YOR142W-A,YCR046C,0,-1.4439001,0.16955018043518066,0.9564564824104309,0.46846845746040344
YMR172W,YGR229C,0,-1.4443967,0.1695050597190857,0.9564564824104309,0.46861863136291504
YNL070W,YBR010W,0,-1.4448521,0.1694599688053131,0.9564564824104309,0.46876877546310425
YOR283W,YHR004C,0,-1.4452641,0.16941489279270172,0.9564564824104309,0.46891891956329346
YPL213W,YPR162C,0,-1.4462373,0.16936984658241272,0.9564564824104309,0.46906906366348267
YOR084W,YKL003C,0,-1.450049,0.1693248301744461,0.9564564824104309,0.4692192077636719
YPL083C,YMR038C,0,-1.4503219,0.16927982866764069,0.9564564824104309,0.46936938166618347
YEL052W,YDR072C,0,-1.4522926,0.16923485696315765,0.9564564824104309,0.4695195257663727
YPL276W,YOR232W,0,-1.4526172,0.16918990015983582,0.9564564824104309,0.4696696698665619
YDR196C,YNR013C,0,-1.4529021,0.16914498805999756,0.9564564824104309,0.4698198139667511
YDR415C,YMR136W,0,-1.4531281,0.1691000759601593,0.9564564824104309,0.4699699580669403
YPR204W,YJL117W,0,-1.4550046,0.16905520856380463,0.9564564824104309,0.4701201319694519
YPR125W,YLL043W,0,-1.4555676,0.16901034116744995,0.9564564824104309,0.4702702760696411
YOR292C,YBR010W,0,-1.4561332,0.16896551847457886,0.9564564824104309,0.4704204201698303
YLL008W,YMR268W-A,0,-1.4565322,0.16892071068286896,0.9564564824104309,0.47057056427001953
YNL314W,YNL095C,0,-1.4567492,0.16887593269348145,0.9564564824104309,0.47072070837020874
YIL139C,YGR113W,0,-1.4573879,0.16883116960525513,0.9564564824104309,0.47087088227272034
YBR111W-A,YER052C,0,-1.4576237,0.1687864363193512,0.9564564824104309,0.47102102637290955
YDR146C,YGL071W,0,-1.4593933,0.16874171793460846,0.9564564824104309,0.47117117047309875
YML099C,YOL111C,0,-1.4598597,0.1686970293521881,0.9564564824104309,0.47132131457328796
YHR004C,YKL061W,0,-1.4602396,0.16865237057209015,0.9564564824104309,0.4714714586734772
YNR031C,YFL035C,0,-1.4629987,0.16860772669315338,0.9564564824104309,0.47162163257598877
YDL217C,YMR239C,0,-1.4631487,0.168563112616539,0.9564564824104309,0.471771776676178
YNL236W,YBR173C,0,-1.463398,0.16851851344108582,0.9564564824104309,0.4719219207763672
YNL261W,YNR044W,0,-1.4640896,0.16847394406795502,0.9564564824104309,0.4720720648765564
YDR196C,YOR283W,0,-1.4642763,0.1684294044971466,0.9564564824104309,0.4722222089767456
YKL096W-A,YCL026C-B,0,-1.4645442,0.1683848798274994,0.9564564824104309,0.4723723828792572
YOR274W,YBR037C,0,-1.4655166,0.16834038496017456,0.9564564824104309,0.4725225269794464
YOR304C-A,YPL119C,0,-1.4689379,0.16829590499401093,0.9564564824104309,0.4726726710796356
YPL218W,YNR002C,0,-1.4691142,0.16825145483016968,0.9564564824104309,0.47282281517982483
YJR107W,YKR056W,0,-1.4693487,0.16820701956748962,0.9564564824104309,0.47297295928001404
YHR029C,YPR030W,0,-1.4707068,0.16816261410713196,0.9564564824104309,0.47312313318252563
YPL134C,YGR095C,0,-1.4713244,0.16811823844909668,0.9564564824104309,0.47327327728271484
YDR146C,YOL136C,0,-1.4717544,0.1680738776922226,0.9564564824104309,0.47342342138290405
YJR026W,YNL274C,0,-1.4738753,0.1680295467376709,0.9564564824104309,0.47357356548309326
YNL107W,YJR028W,0,-1.4753884,0.1679852306842804,0.9564564824104309,0.47372370958328247
YOR311C,YOR353C,0,-1.477571,0.16794094443321228,0.9564564824104309,0.47387388348579407
YPR111W,YKL007W,0,-1.4777141,0.16789667308330536,0.9564564824104309,0.4740240275859833
YIL095W,YJL140W,0,-1.4791867,0.16785243153572083,0.9564564824104309,0.4741741716861725
YKR020W,YGL225W,0,-1.4812413,0.16780821979045868,0.9564564824104309,0.4743243157863617
YJL140W,YOL104C,0,-1.4815192,0.16776402294635773,0.9564564824104309,0.4744744598865509
YBL005W-B,YOR142W-A,0,-1.4815546,0.16771985590457916,0.9564564824104309,0.4746246337890625
YEL052W,YBR261C,0,-1.4823633,0.1676757037639618,0.9564564824104309,0.4747747778892517
YLR005W,YPR198W,0,-1.4833719,0.1676315814256668,0.9564564824104309,0.4749249219894409
YOL129W,YCR030C,0,-1.4839296,0.16758747398853302,0.9564564824104309,0.4750750660896301
YLR410W-B,YNL298W,0,-1.4839683,0.16754339635372162,0.9564564824104309,0.4752252399921417
YDR076W,YPL112C,0,-1.4844761,0.1674993485212326,0.9564564824104309,0.47537538409233093
YJR032W,YJR026W,0,-1.4851129,0.16745531558990479,0.9564564824104309,0.47552552819252014
YJL124C,YOR187W,0,-1.4862516,0.16741129755973816,0.9564564824104309,0.47567567229270935
YEL036C,YFL035C,0,-1.4870965,0.16736730933189392,0.9564564824104309,0.47582581639289856
YJL187C,YER162C,0,-1.4877924,0.16732335090637207,0.9564564824104309,0.47597599029541016
YLR314C,YKL053C-A,0,-1.489234,0.1672794073820114,0.9564564824104309,0.47612613439559937
YKL103C,YMR203W,0,-1.4899873,0.16723549365997314,0.9564564824104309,0.4762762784957886
YOR232W,YKL168C,0,-1.4900675,0.16719159483909607,0.9564564824104309,0.4764264225959778
YDR067C,YKL094W,0,-1.4926484,0.16714772582054138,0.9564564824104309,0.476576566696167
YOL141W,YPL274W,0,-1.4938314,0.16710388660430908,0.9564564824104309,0.4767267405986786
YHR214C-B,YPL078C,0,-1.4943787,0.16706006228923798,0.9564564824104309,0.4768768846988678
YDR527W,YML109W,0,-1.4947687,0.16701625287532806,0.9564564824104309,0.477027028799057
YFL014W,YBR276C,0,-1.494773,0.16697247326374054,0.9564564824104309,0.4771771728992462
YPR043W,YER052C,0,-1.4953237,0.1669287234544754,0.9564564824104309,0.4773273169994354
YLR452C,YKR066C,0,-1.4964657,0.16688498854637146,0.9564564824104309,0.477477490901947
YCR052W,YHR082C,0,-1.4967701,0.1668412834405899,0.9564564824104309,0.47762763500213623
YGR144W,YLR329W,0,-1.4971795,0.16679759323596954,0.9564564824104309,0.47777777910232544
YNL192W,YJL149W,0,-1.4977512,0.16675393283367157,0.9564564824104309,0.47792792320251465
YJL178C,YKL189W,0,-1.4979204,0.1667102873325348,0.9564564824104309,0.47807806730270386
YOR232W,YGR134W,0,-1.498323,0.1666666716337204,0.9564564824104309,0.47822824120521545
YPR204W,YLR213C,0,-1.4989405,0.1666230708360672,0.9564564824104309,0.47837838530540466
YLR187W,YFR019W,0,-1.499201,0.1665794998407364,0.9564564824104309,0.47852852940559387
YOL052C,YPL244C,0,-1.4998751,0.16653594374656677,0.9564564824104309,0.4786786735057831
YPL083C,YAL029C,0,-1.5000553,0.16649241745471954,0.9564564824104309,0.4788288176059723
YDR263C,YIL177C,0,-1.5004214,0.1664489209651947,0.9564564824104309,0.4789789915084839
YKR054C,YDL198C,0,-1.5005106,0.16640543937683105,0.9564564824104309,0.4791291356086731
YKR054C,YDR254W,0,-1.5012984,0.1663619726896286,0.9564564824104309,0.4792792797088623
YNL273W,YPR091C,0,-1.5020676,0.16631853580474854,0.9564564824104309,0.4794294238090515
YKL078W,YDL216C,0,-1.5030469,0.16627512872219086,0.9564564824104309,0.4795795679092407
YOR193W,YOL147C,1,-1.5044277,0.16649268567562103,0.9579579830169678,0.4795795679092407
YOR106W,YDR196C,0,-1.5060947,0.16644926369190216,0.9579579830169678,0.4797297418117523
YPR006C,YKL095W,0,-1.5061635,0.1664058417081833,0.9579579830169678,0.47987988591194153
YNL085W,YML080W,0,-1.5066836,0.1663624495267868,0.9579579830169678,0.48003003001213074
YPL200W,YLR103C,0,-1.5070764,0.1663190871477127,0.9579579830169678,0.48018017411231995
YPL213W,YER168C,0,-1.5076184,0.1662757396697998,0.9579579830169678,0.48033031821250916
YMR008C,YKL094W,0,-1.5082428,0.1662324070930481,0.9579579830169678,0.48048049211502075
YLR228C,YKL097W-A,0,-1.5087066,0.16618910431861877,0.9579579830169678,0.48063063621520996
YNL309W,YLR309C,0,-1.5093447,0.16614583134651184,0.9579579830169678,0.48078078031539917
YOR323C,YJR028W,0,-1.5093652,0.1661025732755661,0.9579579830169678,0.4809309244155884
YOL155C,YOR089C,0,-1.5097845,0.16605934500694275,0.9579579830169678,0.4810810685157776
YBR170C,YDL074C,0,-1.5102339,0.1660161316394806,0.9579579830169678,0.4812312424182892
YNL050C,YGR134W,0,-1.5110823,0.16597294807434082,0.9579579830169678,0.4813813865184784
YMR172W,YER168C,0,-1.5116365,0.16592977941036224,0.9579579830169678,0.4815315306186676
YKL200C,YOR145C,0,-1.5119027,0.16588664054870605,0.9579579830169678,0.4816816747188568
YOL086C,YPL112C,0,-1.5124812,0.16584351658821106,0.9579579830169678,0.481831818819046
YJR147W,YCL060C,0,-1.5133595,0.16580042243003845,0.9579579830169678,0.4819819927215576
YBL076C,YLR389C,0,-1.5152498,0.16575734317302704,0.9579579830169678,0.4821321368217468
YMR163C,YOR326W,1,-1.516179,0.16597402095794678,0.9594594836235046,0.4821321368217468
YKL090W,YOR239W,0,-1.5162171,0.16593092679977417,0.9594594836235046,0.48228228092193604
YPR024W,YOR168W,0,-1.5176408,0.16588784754276276,0.9594594836235046,0.48243242502212524
YPR190C,YOL053C-A,0,-1.5184643,0.16584479808807373,0.9594594836235046,0.48258256912231445
YGR036C,YOL004W,0,-1.5186398,0.1658017635345459,0.9594594836235046,0.48273274302482605
YGR034W,YJL024C,0,-1.5187757,0.16575875878334045,0.9594594836235046,0.48288288712501526
YHR066W,YBR080C,0,-1.5190445,0.1657157689332962,0.9594594836235046,0.48303303122520447
YIL177C,YIR039C,0,-1.5195622,0.16567280888557434,0.9594594836235046,0.4831831753253937
YKR071C,YDR310C,0,-1.5198803,0.16562986373901367,0.9594594836235046,0.4833333194255829
YOR349W,YMR075W,0,-1.519892,0.1655869334936142,0.9594594836235046,0.4834834933280945
YLR344W,YOR085W,0,-1.5203453,0.1655440479516983,0.9594594836235046,0.4836336374282837
YMR315W,YEL043W,0,-1.5206947,0.1655011624097824,0.9594594836235046,0.4837837815284729
YER013W,YML052W,0,-1.5210253,0.1654583066701889,0.9594594836235046,0.4839339256286621
YGL083W,YJL124C,0,-1.5215317,0.16541548073291779,0.9594594836235046,0.4840840697288513
YIL080W,YJL192C,0,-1.5217528,0.16537266969680786,0.9594594836235046,0.4842342436313629
YLR391W-A,YOR299W,0,-1.521816,0.16532988846302032,0.9594594836235046,0.4843843877315521
YPL259C,YJL171C,0,-1.522915,0.16528712213039398,0.9594594836235046,0.48453453183174133
YNL147W,YGR268C,0,-1.5247141,0.16524437069892883,0.9594594836235046,0.48468467593193054
YJL112W,YDL148C,0,-1.5262202,0.16520164906978607,0.9594594836235046,0.48483482003211975
YPL042C,YCR055C,0,-1.526559,0.1651589572429657,0.9594594836235046,0.48498499393463135
YIL002C,YDL035C,0,-1.5267514,0.16511628031730652,0.9594594836235046,0.48513513803482056
YJL112W,YCR087C-A,0,-1.5284152,0.16507361829280853,0.9594594836235046,0.48528528213500977
YOR099W,YDR173C,0,-1.5290511,0.16503098607063293,0.9594594836235046,0.485435426235199
YIL061C,YLR009W,0,-1.5305703,0.16498838365077972,0.9594594836235046,0.48558560013771057
YNR072W,YBR257W,0,-1.5307562,0.1649457961320877,0.9594594836235046,0.4857357442378998
YBL112C,YJL191W,0,-1.5308145,0.16490322351455688,0.9594594836235046,0.485885888338089
YGR161W-B,YPL098C,0,-1.5309682,0.16486068069934845,0.9594594836235046,0.4860360324382782
YIL080W,YNL006W,0,-1.531414,0.1648181527853012,0.9594594836235046,0.4861861765384674
YGL186C,YGL051W,0,-1.5316448,0.16477565467357635,0.9594594836235046,0.486336350440979
YJR151C,YBR072W,0,-1.5317032,0.1647331714630127,0.9594594836235046,0.4864864945411682
YER050C,YOL155C,0,-1.5319917,0.16469071805477142,0.9594594836235046,0.4866366386413574
YEL069C,YDL148C,0,-1.5323696,0.16464827954769135,0.9594594836235046,0.48678678274154663
YKL200C,YBR275C,0,-1.5324181,0.16460587084293365,0.9594594836235046,0.48693692684173584
YHR030C,YGR095C,0,-1.5328841,0.16456347703933716,0.9594594836235046,0.48708710074424744
YHR030C,YBL113C,0,-1.533454,0.16452111303806305,0.9594594836235046,0.48723724484443665
YDL024C,YJR026W,0,-1.5341291,0.16447876393795013,0.9594594836235046,0.48738738894462585
YLR203C,YDR240C,0,-1.5341856,0.1644364446401596,0.9594594836235046,0.48753753304481506
YOL151W,YOR338W,0,-1.5345654,0.16439414024353027,0.9594594836235046,0.4876876771450043
YPL078C,YMR308C,0,-1.535363,0.16435185074806213,0.9594594836235046,0.48783785104751587
YMR284W,YIL108W,0,-1.5355844,0.16430959105491638,0.9594594836235046,0.4879879951477051
YOL070C,YDL170W,0,-1.5360014,0.16426734626293182,0.9594594836235046,0.4881381392478943
YOR382W,YKL175W,0,-1.5373858,0.16422513127326965,0.9594594836235046,0.4882882833480835
YNL297C,YDR195W,0,-1.5383906,0.16418294608592987,0.9594594836235046,0.4884384274482727
YNL238W,YBR010W,0,-1.5389384,0.1641407608985901,0.9594594836235046,0.4885886013507843
YDR137W,YDR211W,0,-1.5402322,0.1640986204147339,0.9594594836235046,0.4887387454509735
YDL074C,YDR508C,0,-1.5405161,0.16405647993087769,0.9594594836235046,0.4888888895511627
YGR169C,YGL163C,0,-1.5406387,0.16401436924934387,0.9594594836235046,0.48903903365135193
YJL124C,YOR215C,0,-1.5417302,0.16397228837013245,0.9594594836235046,0.48918917775154114
YMR089C,YNL259C,0,-1.5420806,0.16393022239208221,0.9594594836235046,0.48933935165405273
YCR093W,YPL167C,0,-1.5422611,0.16388817131519318,0.9594594836235046,0.48948949575424194
YDR245W,YNL304W,0,-1.5423461,0.16384615004062653,0.9594594836235046,0.48963963985443115
YLR244C,YLL034C,0,-1.5438423,0.16380415856838226,0.9594594836235046,0.48978978395462036
YKL144C,YGL216W,0,-1.5438552,0.163762167096138,0.9594594836235046,0.48993992805480957
YKL038W,YOR025W,0,-1.5438813,0.16372022032737732,0.9594594836235046,0.49009010195732117
YMR203W,YLR390W,0,-1.5443869,0.16367827355861664,0.9594594836235046,0.4902402460575104
YOL124C,YLR050C,0,-1.545017,0.16363635659217834,0.9594594836235046,0.4903903901576996
YLR291C,YBR238C,0,-1.5469956,0.16359446942806244,0.9594594836235046,0.4905405342578888
YJR070C,YMR143W,0,-1.5482678,0.16355259716510773,0.9594594836235046,0.490690678358078
YKL067W,YLR391W,0,-1.5513431,0.1635107398033142,0.9594594836235046,0.4908408522605896
YOR274W,YJR149W,0,-1.5516152,0.16346891224384308,0.9594594836235046,0.4909909963607788
YKL200C,YPL119C,0,-1.5521767,0.16342711448669434,0.9594594836235046,0.491141140460968
YLL017W,YHR057C,0,-1.5541849,0.1633853167295456,0.9594594836235046,0.4912912845611572
YBR260C,YKL085W,0,-1.5542214,0.16334356367588043,0.9594594836235046,0.49144142866134644
YJR130C,YDR261W-A,0,-1.5551585,0.16330181062221527,0.9594594836235046,0.49159160256385803
YOL093W,YIL017W,0,-1.5558692,0.1632600873708725,0.9594594836235046,0.49174174666404724
YMR295C,YBL079W,0,-1.5562928,0.1632183939218521,0.9594594836235046,0.49189189076423645
YCL026C-B,YOR351C,0,-1.5563359,0.16317671537399292,0.9594594836235046,0.49204203486442566
YMR114C,YGR143W,0,-1.5574175,0.16313505172729492,0.9594594836235046,0.49219217896461487
YEL031W,YKL165C,0,-1.5581558,0.1630934178829193,0.9594594836235046,0.49234235286712646
YLR028C,YJL213W,0,-1.558938,0.1630517989397049,0.9594594836235046,0.4924924969673157
YNL050C,YDL015C,0,-1.5596881,0.16301020979881287,0.9594594836235046,0.4926426410675049
YJL060W,YGR070W,0,-1.5597558,0.16296863555908203,0.9594594836235046,0.4927927851676941
YOR237W,YKL097W-A,0,-1.5602611,0.1629270762205124,0.9594594836235046,0.4929429292678833
YEL031W,YMR238W,0,-1.5614231,0.16288554668426514,0.9594594836235046,0.4930931031703949
YJR119C,YBR243C,0,-1.5614367,0.16284403204917908,0.9594594836235046,0.4932432472705841
YMR032W,YBR129C,0,-1.5614401,0.1628025472164154,0.9594594836235046,0.4933933913707733
YMR193W,YCR055C,0,-1.5633767,0.16276107728481293,0.9594594836235046,0.4935435354709625
YGR282C,YLR073C,0,-1.5644817,0.16271963715553284,0.9594594836235046,0.49369367957115173
YLR452C,YLR165C,0,-1.5651748,0.16267821192741394,0.9594594836235046,0.49384385347366333
YDL216C,YNR060W,0,-1.5653832,0.16263680160045624,0.9594594836235046,0.49399399757385254
YFR031C,YAL016W,0,-1.5669105,0.16259542107582092,0.9594594836235046,0.49414414167404175
YDR414C,YJR130C,0,-1.5686959,0.1625540554523468,0.9594594836235046,0.49429428577423096
YIL142W,YNL307C,0,-1.5693693,0.16251271963119507,0.9594594836235046,0.49444442987442017
YCR011C,YCR097WB,0,-1.5713079,0.16247139871120453,0.9594594836235046,0.49459460377693176
YNR072W,YAL029C,0,-1.5722697,0.16243009269237518,0.9594594836235046,0.49474474787712097
YLR153C,YKL096W-A,0,-1.5728221,0.16238881647586823,0.9594594836235046,0.4948948919773102
YHR175W,YBR042C,0,-1.5742514,0.16234755516052246,0.9594594836235046,0.4950450360774994
YGR167W,YJL172W,0,-1.5745317,0.16230632364749908,0.9594594836235046,0.495195209980011
YLR183C,YKL172W,0,-1.5748739,0.1622651070356369,0.9594594836235046,0.4953453540802002
YOR145C,YOR378W,0,-1.5763359,0.1622239202260971,0.9594594836235046,0.4954954981803894
YLL017W,YMR267W,0,-1.5766753,0.1621827483177185,0.9594594836235046,0.4956456422805786
YAL054C,YPL065W,0,-1.5767075,0.1621415913105011,0.9594594836235046,0.4957957863807678
YNL073W,YBR223C,0,-1.5773473,0.16210044920444489,0.9594594836235046,0.4959459602832794
YLR395C,YDR226W,0,-1.5779781,0.16205935180187225,0.9594594836235046,0.49609610438346863
YLR264W,YOR353C,0,-1.578974,0.16201825439929962,0.9594594836235046,0.49624624848365784
YOL038W,YDR218C,0,-1.5798652,0.16197718679904938,0.9594594836235046,0.49639639258384705
YEL052W,YDL070W,0,-1.5801362,0.16193613409996033,0.9594594836235046,0.49654653668403625
YOR215C,YDR159W,0,-1.5803583,0.16189511120319366,0.9594594836235046,0.49669671058654785
YDR498C,YNL239W,0,-1.5818436,0.1618541032075882,0.9594594836235046,0.49684685468673706
YGR281W,YPL027W,0,-1.584441,0.16181311011314392,0.9594594836235046,0.49699699878692627
YKL171W,YFL001W,0,-1.5845244,0.16177214682102203,0.9594594836235046,0.4971471428871155
YMR146C,YDL074C,0,-1.5849726,0.16173121333122253,0.9594594836235046,0.4972972869873047
YPL112C,YOL147C,1,-1.585009,0.16194331645965576,0.9609609842300415,0.4972972869873047
YFL002W-B,YOL040C,0,-1.585766,0.16190235316753387,0.9609609842300415,0.4974474608898163
YIL076W,YLR350W,0,-1.5883875,0.16186140477657318,0.9609609842300415,0.4975976049900055
YGL014W,YDR261W-A,0,-1.5887105,0.16182048618793488,0.9609609842300415,0.4977477490901947
YGL200C,YGR171C,0,-1.5888994,0.16177958250045776,0.9609609842300415,0.4978978931903839
YKL119C,YOR313C,0,-1.5889783,0.16173869371414185,0.9609609842300415,0.4980480372905731
YMR033W,YGR276C,0,-1.5890131,0.16169781982898712,0.9609609842300415,0.4981982111930847
YBL028C,YJL053W,0,-1.5895283,0.16165699064731598,0.9609609842300415,0.4983483552932739
YOL043C,YOR099W,0,-1.5897374,0.16161616146564484,0.9609609842300415,0.49849849939346313
YLR042C,YNL219C,0,-1.5901003,0.16157536208629608,0.9609609842300415,0.49864864349365234
YOL112W,YBR074W,0,-1.5909308,0.16153457760810852,0.9609609842300415,0.49879878759384155
YOL028C,YDR109C,0,-1.5916774,0.16149382293224335,0.9609609842300415,0.49894896149635315
YGR167W,YEL041W,0,-1.591723,0.16145308315753937,0.9609609842300415,0.49909910559654236
YPL011C,YNR015W,0,-1.5917488,0.16141235828399658,0.9609609842300415,0.49924924969673157
YDR351W,YDR310C,0,-1.5917616,0.16137166321277618,0.9609609842300415,0.4993993937969208
YGL225W,YDL208W,0,-1.5928226,0.16133098304271698,0.9609609842300415,0.49954953789711
YNL107W,YGL190C,0,-1.5928922,0.16129031777381897,0.9609609842300415,0.4996997117996216
YKL206C,YHR051W,0,-1.5940913,0.16124968230724335,0.9609609842300415,0.4998498558998108
YPR167C,YDL097C,0,-1.5960455,0.16120906174182892,0.9609609842300415,0.5
YLL051C,YIL159W,0,-1.5963475,0.16116847097873688,0.9609609842300415,0.5001501441001892
YDR351W,YBR115C,0,-1.5976062,0.16112789511680603,0.9609609842300415,0.5003002882003784
YGR169C,YCR057C,0,-1.5985246,0.16108733415603638,0.9609609842300415,0.5004504323005676
YDR527W,YCR055C,0,-1.5987504,0.1610468029975891,0.9609609842300415,0.5006005764007568
YJL166W,YBR061C,0,-1.6006362,0.16100628674030304,0.9609609842300415,0.5007507801055908
YPL240C,YBL011W,0,-1.6012874,0.16096580028533936,0.9609609842300415,0.50090092420578
YOL053C-A,YML128C,0,-1.6014168,0.16092531383037567,0.9609609842300415,0.5010510683059692
YCL003W,YMR308C,0,-1.6022105,0.16088487207889557,0.9609609842300415,0.5012012124061584
YOR378W,YLR025W,0,-1.6036054,0.16084443032741547,0.9609609842300415,0.5013513565063477
YLR312W-A,YGR105W,0,-1.6039379,0.16080401837825775,0.9609609842300415,0.5015015006065369
YPL167C,YFR001W,0,-1.6054465,0.16076362133026123,0.9609609842300415,0.5016516447067261
YOL070C,YJL176C,0,-1.6057839,0.1607232540845871,0.9609609842300415,0.5018017888069153
YPL244C,YKL003C,0,-1.6062396,0.16068290174007416,0.9609609842300415,0.5019519329071045
YBR274W,YOL107W,0,-1.6067339,0.1606425642967224,0.9609609842300415,0.5021020770072937
YKL020C,YLR088W,0,-1.606772,0.16060225665569305,0.9609609842300415,0.5022522807121277
YPL098C,YJR133W,0,-1.6070945,0.1605619639158249,0.9609609842300415,0.5024024248123169
YDR492W,YKL201C,0,-1.6075555,0.1605217009782791,0.9609609842300415,0.5025525689125061
YIL108W,YER052C,0,-1.6077787,0.16048143804073334,0.9609609842300415,0.5027027130126953
YMR020W,YEL043W,0,-1.609688,0.16044121980667114,0.9609609842300415,0.5028528571128845
YOL103W-B,YDL083C,0,-1.6105961,0.16040100157260895,0.9609609842300415,0.5030030012130737
YPR113W,YDL206W,0,-1.6119511,0.16036081314086914,0.9609609842300415,0.5031531453132629
YDL215C,YKR020W,0,-1.6123246,0.16032063961029053,0.9609609842300415,0.5033032894134521
YBR260C,YOR162C,0,-1.6127329,0.1602804958820343,0.9609609842300415,0.5034534335136414
YJL225C,YNL258C,0,-1.6127834,0.16024036705493927,0.9609609842300415,0.5036035776138306
YOL070C,YIL079C,0,-1.6129525,0.16020025312900543,0.9609609842300415,0.5037537813186646
YPL119C,YLR316C,0,-1.6134303,0.1601601541042328,0.9609609842300415,0.5039039254188538
YGR034W,YLL061W,0,-1.6141711,0.16012008488178253,0.9609609842300415,0.504054069519043
YLR314C,YOR243C,0,-1.6144508,0.16008004546165466,0.9609609842300415,0.5042042136192322
YNL172W,YOR187W,0,-1.6171077,0.1600400060415268,0.9609609842300415,0.5043543577194214
YER154W,YDR457W,0,-1.6187229,0.1599999964237213,0.9609609842300415,0.5045045018196106
YEL043W,YKL096W-A,0,-1.6196599,0.15996001660823822,0.9609609842300415,0.5046546459197998
YKL093W,YER087C-B,0,-1.6206377,0.15992003679275513,0.9609609842300415,0.504804790019989
YCR097WB,YGL216W,0,-1.6208327,0.15988008677959442,0.9609609842300415,0.5049549341201782
YGL172W,YOR311C,0,-1.6220965,0.1598401665687561,0.9609609842300415,0.5051050782203674
YOR230W,YJL128C,0,-1.622487,0.15980024635791779,0.9609609842300415,0.5052552819252014
YOR378W,YPR091C,0,-1.6226451,0.15976035594940186,0.9609609842300415,0.5054054260253906
YJR092W,YJR034W,0,-1.6238242,0.1597204953432083,0.9609609842300415,0.5055555701255798
YDR146C,YOR340C,0,-1.6250696,0.15968063473701477,0.9609609842300415,0.505705714225769
YGR118W,YGL259W,0,-1.626518,0.15964080393314362,0.9609609842300415,0.5058558583259583
YJL144W,YPL273W,0,-1.6266184,0.15960100293159485,0.9609609842300415,0.5060060024261475
YMR239C,YNR010W,0,-1.6280203,0.15956120193004608,0.9609609842300415,0.5061561465263367
YKL186C,YJR101W,0,-1.6282941,0.1595214307308197,0.9609609842300415,0.5063062906265259
YMR020W,YGL256W,0,-1.6287017,0.1594816893339157,0.9609609842300415,0.5064564347267151
YFL048C,YKR068C,0,-1.6311768,0.15944194793701172,0.9609609842300415,0.5066065788269043
YDR498C,YER171W,0,-1.6312333,0.15940223634243011,0.9609609842300415,0.5067567825317383
YDR457W,YPL274W,0,-1.6313386,0.1593625545501709,0.9609609842300415,0.5069069266319275
YKL117W,YBR281C,0,-1.6322451,0.15932287275791168,0.9609609842300415,0.5070570707321167
YBL005W-B,YGL050W,0,-1.6326251,0.15928322076797485,0.9609609842300415,0.5072072148323059
YMR005W,YLR268W,0,-1.6329348,0.1592435985803604,0.9609609842300415,0.5073573589324951
YPR171W,YPL218W,0,-1.6329517,0.15920397639274597,0.9609609842300415,0.5075075030326843
YHR211W,YPL218W,0,-1.6358573,0.15916438400745392,0.9609609842300415,0.5076576471328735
YMR020W,YMR039C,0,-1.6363088,0.15912480652332306,0.9609609842300415,0.5078077912330627
YKL093W,YGR167W,0,-1.6376345,0.1590852588415146,0.9609609842300415,0.507957935333252
YBR118W,YDR497C,0,-1.6378336,0.1590457260608673,0.9609609842300415,0.5081080794334412
YGR216C,YHL027W,0,-1.638449,0.15900620818138123,0.9609609842300415,0.5082582831382751
YPL112C,YGR077C,1,-1.6393881,0.15921510756015778,0.9624624848365784,0.5082582831382751
YOL145C,YKL206C,0,-1.6406121,0.1591755598783493,0.9624624848365784,0.5084084272384644
YLR305C,YNL095C,0,-1.6410785,0.15913604199886322,0.9624624848365784,0.5085585713386536
YGL068W,YLR042C,0,-1.6412091,0.15909655392169952,0.9624624848365784,0.5087087154388428
YFR021W,YBL113C,0,-1.6418462,0.15905706584453583,0.9624624848365784,0.508858859539032
YKL013C,YOL155C,0,-1.6420476,0.15901760756969452,0.9624624848365784,0.5090090036392212
YBR020W,YMR065W,0,-1.6433356,0.1589781790971756,0.9624624848365784,0.5091591477394104
YNL309W,YKL074C,0,-1.6453195,0.15893875062465668,0.9624624848365784,0.5093092918395996
YML099C,YMR308C,0,-1.6467767,0.15889935195446014,0.9624624848365784,0.5094594359397888
YDL039C,YNR060W,0,-1.6468343,0.1588599681854248,0.9624624848365784,0.509609580039978
YML097C,YJL006C,0,-1.647991,0.15882061421871185,0.9624624848365784,0.509759783744812
YMR123W,YNR017W,0,-1.648402,0.1587812751531601,0.9624624848365784,0.5099099278450012
YJL030W,YML132W,0,-1.6487306,0.15874195098876953,0.9624624848365784,0.5100600719451904
YOR206W,YNL110C,0,-1.6494588,0.15870264172554016,0.9624624848365784,0.5102102160453796
YNL016W,YKR006C,0,-1.6520162,0.15866336226463318,0.9624624848365784,0.5103603601455688
YNL160W,YDR090C,0,-1.6520531,0.1586240977048874,0.9624624848365784,0.5105105042457581
YDL245C,YDR172W,0,-1.6524129,0.158584862947464,0.9624624848365784,0.5106606483459473
YPL150W,YCL024W,0,-1.6526988,0.1585456281900406,0.9624624848365784,0.5108107924461365
YIL083C,YDR151C,0,-1.6527886,0.15850642323493958,0.9624624848365784,0.5109609365463257
YLR386W,YLR301W,0,-1.6534765,0.15846724808216095,0.9624624848365784,0.5111111402511597
YOR304C-A,YDR195W,0,-1.6540942,0.15842807292938232,0.9624624848365784,0.5112612843513489
YMR241W,YJL191W,0,-1.6543094,0.1583889275789261,0.9624624848365784,0.5114114284515381
YML051W,YNL122C,0,-1.6569551,0.15834979712963104,0.9624624848365784,0.5115615725517273
YKL144C,YGR089W,0,-1.657831,0.1583106964826584,0.9624624848365784,0.5117117166519165
YPR191W,YPR152C,0,-1.6579515,0.15827161073684692,0.9624624848365784,0.5118618607521057
YMR097C,YFL001W,0,-1.6590064,0.15823253989219666,0.9624624848365784,0.5120120048522949
YMR169C,YBR037C,0,-1.6595969,0.15819348394870758,0.9624624848365784,0.5121621489524841
YPR196W,YDR423C,0,-1.6602919,0.1581544578075409,0.9624624848365784,0.5123122930526733
YKL126W,YOL158C,0,-1.6619804,0.1581154465675354,0.9624624848365784,0.5124624371528625
YGL172W,YLL008W,0,-1.6625686,0.1580764502286911,0.9624624848365784,0.5126126408576965
YOR243C,YGL103W,0,-1.6628826,0.158037468791008,0.9624624848365784,0.5127627849578857
YGL062W,YGR072W,0,-1.6629579,0.15799851715564728,0.9624624848365784,0.512912929058075
YGL068W,YBL011W,0,-1.6637619,0.15795958042144775,0.9624624848365784,0.5130630731582642
YJR057W,YBR172C,0,-1.665489,0.15792067348957062,0.9624624848365784,0.5132132172584534
YJL200C,YDR476C,0,-1.669107,0.15788176655769348,0.9624624848365784,0.5133633613586426
YNL102W,YMR295C,0,-1.6694014,0.15784288942813873,0.9624624848365784,0.5135135054588318
YPL113C,YIL140W,0,-1.6707723,0.15780404210090637,0.9624624848365784,0.513663649559021
YOR142W-B,YDR174W,0,-1.6715357,0.157765194773674,0.9624624848365784,0.5138137936592102
YJL004C,YMR087W,0,-1.6721418,0.15772637724876404,0.9624624848365784,0.5139639377593994
YOL112W,YFR001W,0,-1.6737068,0.15768757462501526,0.9624624848365784,0.5141141414642334
YDL133C-A,YDR059C,0,-1.6747768,0.15764880180358887,0.9624624848365784,0.5142642855644226
YER008C,YEL043W,0,-1.6765503,0.15761002898216248,0.9624624848365784,0.5144144296646118
YPL213W,YCL003W,0,-1.6777471,0.15757128596305847,0.9624624848365784,0.514564573764801
YMR046C,YDR415C,0,-1.6785097,0.15753255784511566,0.9624624848365784,0.5147147178649902
YLR305C,YDR306C,0,-1.678799,0.15749385952949524,0.9624624848365784,0.5148648619651794
YPL082C,YBR096W,0,-1.6802081,0.157455176115036,0.9624624848365784,0.5150150060653687
YHR179W,YGL050W,0,-1.6817479,0.15741650760173798,0.9624624848365784,0.5151651501655579
YBR278W,YNL273W,0,-1.6818452,0.15737785398960114,0.9624624848365784,0.5153152942657471
YAL054C,YFR019W,0,-1.682724,0.15733923017978668,0.9624624848365784,0.5154654383659363
YLR386W,YOL053C-A,0,-1.6835947,0.15730060636997223,0.9624624848365784,0.5156156420707703
YOR193W,YJL210W,1,-1.684639,0.15750735998153687,0.9639639854431152,0.5156156420707703
YAR035W,YBR072W,0,-1.6852111,0.15746872127056122,0.9639639854431152,0.5157657861709595
YPL188W,YLR278C,0,-1.6869724,0.15743011236190796,0.9639639854431152,0.5159159302711487
YJL155C,YBR072W,0,-1.6899467,0.1573915183544159,0.9639639854431152,0.5160660743713379
YMR046C,YNL290W,0,-1.691225,0.15735293924808502,0.9639639854431152,0.5162162184715271
YDR512C,YKL041W,0,-1.6916382,0.15731438994407654,0.9639639854431152,0.5163663625717163
YNL172W,YMR186W,0,-1.6925795,0.15727584064006805,0.9639639854431152,0.5165165066719055
YPR030W,YMR160W,0,-1.6933793,0.15723732113838196,0.9639639854431152,0.5166666507720947
YGR056W,YMR227C,0,-1.6939725,0.15719883143901825,0.9639639854431152,0.5168167948722839
YLL061W,YLR160C,0,-1.6940837,0.15716034173965454,0.9639639854431152,0.5169669389724731
YKL061W,YPL183W-A,0,-1.6944089,0.15712188184261322,0.9639639854431152,0.5171171426773071
YJL114W,YML112W,0,-1.6959382,0.1570834368467331,0.9639639854431152,0.5172672867774963
YBL091C-A,YJL053W,0,-1.6959833,0.15704500675201416,0.9639639854431152,0.5174174308776855
YDR196C,YBR223C,0,-1.6963,0.15700660645961761,0.9639639854431152,0.5175675749778748
YPR149W,YNR013C,0,-1.6964829,0.15696822106838226,0.9639639854431152,0.517717719078064
YLR244C,YGL050W,0,-1.6981639,0.1569298505783081,0.9639639854431152,0.5178678631782532
YBL076C,YOL026C,0,-1.699591,0.15689149498939514,0.9639639854431152,0.5180180072784424
YOR106W,YPR200C,0,-1.6996932,0.15685316920280457,0.9639639854431152,0.5181681513786316
YJR021C,YPR200C,0,-1.6997511,0.15681485831737518,0.9639639854431152,0.5183182954788208
YDR411C,YPR001W,0,-1.7001799,0.156776562333107,0.9639639854431152,0.51846843957901
YLR163C,YER171W,0,-1.7009718,0.15673828125,0.9639639854431152,0.518618643283844
YNL231C,YPR200C,0,-1.7031219,0.1567000299692154,0.9639639854431152,0.5187687873840332
YDL029W,YJL012C-A,0,-1.7034602,0.15666179358959198,0.9639639854431152,0.5189189314842224
YIL132C,YOR355W,0,-1.7038189,0.15662357211112976,0.9639639854431152,0.5190690755844116
YBR115C,YHR059W,0,-1.704344,0.15658536553382874,0.9639639854431152,0.5192192196846008
YPL083C,YNR044W,0,-1.7043949,0.1565471887588501,0.9639639854431152,0.51936936378479
YJL225C,YPR135W,0,-1.7047895,0.15650902688503265,0.9639639854431152,0.5195195078849792
YOL057W,YGR229C,0,-1.7056907,0.1564708799123764,0.9639639854431152,0.5196696519851685
YPL094C,YDR170C,0,-1.7065759,0.15643274784088135,0.9639639854431152,0.5198197960853577
YLL041C,YPL087W,0,-1.7067403,0.15639464557170868,0.9639639854431152,0.5199699401855469
YHR030C,YGR012W,0,-1.7069488,0.1563565582036972,0.9639639854431152,0.5201201438903809
YOL165C,YGR276C,0,-1.7076373,0.15631848573684692,0.9639639854431152,0.5202702879905701
YKR054C,YOR230W,0,-1.7079428,0.15628042817115784,0.9639639854431152,0.5204204320907593
YGR264C,YDR072C,0,-1.7080506,0.15624240040779114,0.9639639854431152,0.5205705761909485
YOR304W,YLR312W-A,0,-1.7090178,0.15620437264442444,0.9639639854431152,0.5207207202911377
YOL108C,YFR052W,0,-1.7093029,0.15616638958454132,0.9639639854431152,0.5208708643913269
YNR074C,YOR351C,0,-1.7102673,0.1561284065246582,0.9639639854431152,0.5210210084915161
YJR078W,YLL061W,0,-1.7114406,0.15609043836593628,0.9639639854431152,0.5211711525917053
YOL045W,YHR214C-B,0,-1.7127603,0.15605250000953674,0.9639639854431152,0.5213212966918945
YER175C,YLL004W,0,-1.713438,0.1560145765542984,0.9639639854431152,0.5214715003967285
YMR180C,YMR065W,0,-1.7148187,0.15597668290138245,0.9639639854431152,0.5216216444969177
YAL024C,YNL258C,0,-1.7151282,0.1559387892484665,0.9639639854431152,0.5217717885971069
YKL174C,YFR045W,0,-1.717229,0.15590092539787292,0.9639639854431152,0.5219219326972961
YNL304W,YBL026W,0,-1.7177737,0.15586307644844055,0.9639639854431152,0.5220720767974854
YIL132C,YMR270C,0,-1.7196443,0.15582524240016937,0.9639639854431152,0.5222222208976746
YOR054C,YNL044W,0,-1.7204585,0.1557874232530594,0.9639639854431152,0.5223723649978638
YDL074C,YPL050C,0,-1.7205245,0.1557496339082718,0.9639639854431152,0.522522509098053
YHR211W,YOR138C,0,-1.7232001,0.15571185946464539,0.9639639854431152,0.5226726531982422
YPL150W,YJL194W,0,-1.7281063,0.15567409992218018,0.9639639854431152,0.5228227972984314
YCL003W,YHR135C,0,-1.7286751,0.15563637018203735,0.9639639854431152,0.5229730010032654
YJL200C,YOR338W,0,-1.7288575,0.15559864044189453,0.9639639854431152,0.5231231451034546
YGL170C,YLL027W,0,-1.7307312,0.1555609405040741,0.9639639854431152,0.5232732892036438
YEL031W,YLR042C,0,-1.7311401,0.15552325546741486,0.9639639854431152,0.523423433303833
YBR222C,YGR239C,0,-1.7313449,0.1554855853319168,0.9639639854431152,0.5235735774040222
YDR030C,YNR074C,0,-1.734291,0.15544794499874115,0.9639639854431152,0.5237237215042114
YJR031C,YMR268W-A,0,-1.7346996,0.15541031956672668,0.9639639854431152,0.5238738656044006
YMR087W,YJL130C,0,-1.7351828,0.15537269413471222,0.9639639854431152,0.5240240097045898
YLR047C,YCR055C,0,-1.7354497,0.15533511340618134,0.9639639854431152,0.524174153804779
YFR021W,YOR215C,0,-1.7355672,0.15529753267765045,0.9639639854431152,0.5243242979049683
YDL202W,YBL113C,0,-1.7360888,0.15525998175144196,0.9639639854431152,0.5244745016098022
YBL058W,YPL196W,0,-1.7375556,0.15522243082523346,0.9639639854431152,0.5246246457099915
YBL058W,YNR018W,0,-1.7382302,0.15518490970134735,0.9639639854431152,0.5247747898101807
YPR030W,YIL035C,0,-1.7389599,0.15514741837978363,0.9639639854431152,0.5249249339103699
YOL062C,YML109W,0,-1.7396953,0.1551099270582199,0.9639639854431152,0.5250750780105591
YGR012W,YPR060C,0,-1.7405663,0.15507246553897858,0.9639639854431152,0.5252252221107483
YPR196W,YIL088C,0,-1.7420086,0.15503501892089844,0.9639639854431152,0.5253753662109375
YLR390W,YMR193W,0,-1.7425911,0.1549975872039795,0.9639639854431152,0.5255255103111267
YIL061C,YJL192C,0,-1.7426933,0.15496017038822174,0.9639639854431152,0.5256756544113159
YOL165C,YGL203C,0,-1.743979,0.15492278337478638,0.9639639854431152,0.5258257985115051
YLR165C,YER137C,0,-1.7442348,0.1548854112625122,0.9639639854431152,0.5259760022163391
YHL012W,YOR194C,0,-1.7446182,0.15484803915023804,0.9639639854431152,0.5261261463165283
YGR036C,YJR034W,0,-1.744908,0.15481071174144745,0.9639639854431152,0.5262762904167175
YOR071C,YNL016W,0,-1.7461922,0.15477338433265686,0.9639639854431152,0.5264264345169067
YLR107W,YDL148C,0,-1.7476057,0.15473608672618866,0.9639639854431152,0.526576578617096
YLL004W,YNL070W,0,-1.748903,0.15469878911972046,0.9639639854431152,0.5267267227172852
YBR125C,YPL213W,0,-1.7498887,0.15466152131557465,0.9639639854431152,0.5268768668174744
YJL155C,YDL021W,0,-1.7505198,0.15462428331375122,0.9639639854431152,0.5270270109176636
YMR169C,YOL066C,0,-1.751452,0.1545870453119278,0.9639639854431152,0.5271771550178528
YHR002W,YBR173C,0,-1.7519157,0.15454983711242676,0.9639639854431152,0.527327299118042
YJL128C,YGL220W,0,-1.7520018,0.15451262891292572,0.9639639854431152,0.527477502822876
YNL230C,YLL017W,0,-1.7520049,0.15447545051574707,0.9639639854431152,0.5276276469230652
YNL016W,YBL079W,0,-1.7530282,0.1544383019208908,0.9639639854431152,0.5277777910232544
YPL257W-B,YCR046C,0,-1.7533557,0.15440115332603455,0.9639639854431152,0.5279279351234436
YGR171C,YDR109C,0,-1.7549207,0.15436403453350067,0.9639639854431152,0.5280780792236328
YIR025W,YDR245W,0,-1.7585701,0.1543269157409668,0.9639639854431152,0.528228223323822
YGL062W,YGL256W,0,-1.7597897,0.1542898267507553,0.9639639854431152,0.5283783674240112
YNL261W,YNL284C,0,-1.7598641,0.1542527675628662,0.9639639854431152,0.5285285115242004
YDR369C,YMR075W,0,-1.7604449,0.1542157083749771,0.9639639854431152,0.5286786556243896
YDR378C,YMR075W,0,-1.7611575,0.1541786789894104,0.9639639854431152,0.5288287997245789
YPL002C,YDR429C,0,-1.7637101,0.1541416496038437,0.9639639854431152,0.5289790034294128
YPR083W,YBR192W,0,-1.7638955,0.15410465002059937,0.9639639854431152,0.529129147529602
YGR239C,YMR026C,1,-1.764235,0.15430764853954315,0.9654654860496521,0.529129147529602
YFL054C,YNR015W,0,-1.7645727,0.15427063405513763,0.9654654860496521,0.5292792916297913
YCR057C,YMR229C,0,-1.7659457,0.1542336344718933,0.9654654860496521,0.5294294357299805
YOR219C,YJR103W,0,-1.7660189,0.15419664978981018,0.9654654860496521,0.5295795798301697
YMR033W,YJR133W,0,-1.766537,0.15415968000888824,0.9654654860496521,0.5297297239303589
YJL024C,YNR044W,0,-1.7669113,0.1541227251291275,0.9654654860496521,0.5298798680305481
YLR390W,YBL092W,0,-1.7677059,0.15408578515052795,0.9654654860496521,0.5300300121307373
YDR082W,YMR145C,0,-1.7685975,0.1540488749742508,0.9654654860496521,0.5301801562309265
YFR029W,YOL104C,0,-1.7693741,0.15401197969913483,0.9654654860496521,0.5303303599357605
YBR202W,YML097C,0,-1.7698859,0.15397509932518005,0.9654654860496521,0.5304805040359497
YKL200C,YMR300C,0,-1.7711997,0.15393823385238647,0.9654654860496521,0.5306306481361389
YGR072W,YKR102W,0,-1.7728631,0.1539013832807541,0.9654654860496521,0.5307807922363281
YAR031W,YCR026C,0,-1.7736588,0.1538645625114441,0.9654654860496521,0.5309309363365173
YPL064C,YOR098C,0,-1.7747331,0.1538277566432953,0.9654654860496521,0.5310810804367065
YAL022C,YDR062W,0,-1.7772517,0.15379096567630768,0.9654654860496521,0.5312312245368958
YER151C,YER017C,0,-1.7775693,0.15375418961048126,0.9654654860496521,0.531381368637085
YJR082C,YBR192W,0,-1.7785316,0.15371742844581604,0.9654654860496521,0.5315315127372742
YER022W,YPL273W,0,-1.7792059,0.153680682182312,0.9654654860496521,0.5316816568374634
YBR128C,YJL171C,0,-1.7806246,0.15364396572113037,0.9654654860496521,0.5318318605422974
YOR148C,YDR416W,0,-1.7809477,0.15360726416110992,0.9654654860496521,0.5319820046424866
YGR036C,YDR240C,0,-1.7811193,0.15357057750225067,0.9654654860496521,0.5321321487426758
YOR142W,YFL017W-A,0,-1.7827392,0.1535339057445526,0.9654654860496521,0.532282292842865
YJL060W,YDR423C,0,-1.7839928,0.15349724888801575,0.9654654860496521,0.5324324369430542
YDR405W,YLR224W,0,-1.7844799,0.15346062183380127,0.9654654860496521,0.5325825810432434
YJR032W,YGR118W,0,-1.7859635,0.15342400968074799,0.9654654860496521,0.5327327251434326
YLR391W-A,YKL201C,0,-1.7870269,0.1533873975276947,0.9654654860496521,0.5328828692436218
YER087W,YOR261C,0,-1.7883322,0.153350830078125,0.9654654860496521,0.533033013343811
YLR353W,YDR498C,0,-1.7886307,0.1533142626285553,0.9654654860496521,0.5331831574440002
YBR125C,YPL065W,0,-1.7897892,0.1532777100801468,0.9654654860496521,0.5333333611488342
YLL008W,YJL176C,0,-1.7898753,0.15324118733406067,0.9654654860496521,0.5334835052490234
YEL043W,YOR327C,0,-1.7912097,0.15320466458797455,0.9654654860496521,0.5336336493492126
YJR005W,YNR002C,0,-1.7928901,0.15316817164421082,0.9654654860496521,0.5337837934494019
YCR060W,YKR069W,0,-1.7932092,0.15313169360160828,0.9654654860496521,0.5339339375495911
YDL036C,YMR146C,0,-1.7940309,0.15309524536132812,0.9654654860496521,0.5340840816497803
YAL033W,YKL206C,0,-1.7941201,0.15305879712104797,0.9654654860496521,0.5342342257499695
YMR315W,YDL070W,0,-1.7953923,0.15302236378192902,0.9654654860496521,0.5343843698501587
YOR388C,YOL028C,0,-1.7977891,0.15298596024513245,0.9654654860496521,0.5345345139503479
YFL054C,YPR152C,0,-1.7979195,0.15294957160949707,0.9654654860496521,0.5346846580505371
YKR054C,YCL014W,0,-1.7988155,0.1529131978750229,0.9654654860496521,0.5348348617553711
YNL238W,YEL056W,0,-1.7991159,0.1528768390417099,0.9654654860496521,0.5349850058555603
YLR113W,YER115C,0,-1.7995534,0.1528405100107193,0.9654654860496521,0.5351351499557495
YDR378C,YOL026C,0,-1.8005304,0.1528041809797287,0.9654654860496521,0.5352852940559387
YDL111C,YDL040C,0,-1.8008301,0.15276788175106049,0.9654654860496521,0.5354354381561279
YIL142W,YLR325C,0,-1.8028984,0.15273159742355347,0.9654654860496521,0.5355855822563171
YJL172W,YOR298W,0,-1.8030503,0.15269532799720764,0.9654654860496521,0.5357357263565063
YKL061W,YOR311C,0,-1.8041965,0.152659073472023,0.9654654860496521,0.5358858704566956
YJR083C,YGL169W,0,-1.8043659,0.15262283384799957,0.9654654860496521,0.5360360145568848
YBR010W,YOR338W,0,-1.8061705,0.15258660912513733,0.9654654860496521,0.536186158657074
YJR055W,YMR272C,0,-1.8063259,0.15255041420459747,0.9654654860496521,0.536336362361908
YOL070C,YMR240C,0,-1.8067483,0.1525142341852188,0.9654654860496521,0.5364865064620972
YNL304W,YML039W,0,-1.8081577,0.15247806906700134,0.9654654860496521,0.5366366505622864
YEL022W,YNL259C,0,-1.8086696,0.15244191884994507,0.9654654860496521,0.5367867946624756
YJR057W,YDL121C,0,-1.8102841,0.15240578353405,0.9654654860496521,0.5369369387626648
YCL032W,YER052C,0,-1.8112028,0.1523696631193161,0.9654654860496521,0.537087082862854
YPL244C,YLR309C,0,-1.8117117,0.1523335725069046,0.9654654860496521,0.5372372269630432
YNR013C,YLR151C,0,-1.8124807,0.1522974818944931,0.9654654860496521,0.5373873710632324
YJR026W,YDL045C,0,-1.812547,0.152261421084404,0.9654654860496521,0.5375375151634216
YGR251W,YBR072W,0,-1.8126869,0.15222537517547607,0.9654654860496521,0.5376876592636108
YOL142W,YDL070W,0,-1.8137066,0.15218934416770935,0.9654654860496521,0.5378378629684448
YOR212W,YIL080W,0,-1.8142437,0.15215334296226501,0.9654654860496521,0.537988007068634
YOR378W,YGL236C,0,-1.8143406,0.15211734175682068,0.9654654860496521,0.5381381511688232
YOL129W,YLR329W,0,-1.8151754,0.15208135545253754,0.9654654860496521,0.5382882952690125
YGR052W,YOR215C,0,-1.815318,0.15204539895057678,0.9654654860496521,0.5384384393692017
YPL078C,YCR012W,0,-1.816171,0.15200945734977722,0.9654654860496521,0.5385885834693909
YGL158W,YJR051W,0,-1.8163923,0.15197353065013885,0.9654654860496521,0.5387387275695801
YDR196C,YJL029C,0,-1.816622,0.15193761885166168,0.9654654860496521,0.5388888716697693
YNL070W,YMR240C,0,-1.8171318,0.1519017219543457,0.9654654860496521,0.5390390157699585
YHR069C,YOL093W,0,-1.8201052,0.1518658548593521,0.9654654860496521,0.5391891598701477
YNL131W,YLR209C,0,-1.8202538,0.15182998776435852,0.9654654860496521,0.5393393635749817
YGL062W,YGR034W,0,-1.8206363,0.15179415047168732,0.9654654860496521,0.5394895076751709
YDR512C,YLR401C,0,-1.8212394,0.1517583131790161,0.9654654860496521,0.5396396517753601
YCL057W,YJL176C,0,-1.821995,0.1517225056886673,0.9654654860496521,0.5397897958755493
YLR073C,YDR218C,0,-1.8223138,0.15168671309947968,0.9654654860496521,0.5399399399757385
YKL205W,YMR213W,0,-1.8232133,0.15165095031261444,0.9654654860496521,0.5400900840759277
YPL122C,YER130C,0,-1.8234684,0.1516151875257492,0.9654654860496521,0.5402402281761169
YNR035C,YOR285W,0,-1.8240547,0.15157943964004517,0.9654654860496521,0.5403903722763062
YLR391W-A,YDR461W,0,-1.825487,0.1515437215566635,0.9654654860496521,0.5405405163764954
YPL150W,YKR057W,0,-1.8262439,0.15150801837444305,0.9654654860496521,0.5406907200813293
YBR155W,YKL082C,0,-1.8264711,0.1514723151922226,0.9654654860496521,0.5408408641815186
YDL171C,YBL068W,0,-1.827752,0.15143664181232452,0.9654654860496521,0.5409910082817078
YPR189W,YCR097WB,0,-1.8284657,0.15140098333358765,0.9654654860496521,0.541141152381897
YJL214W,YNL230C,0,-1.8284681,0.15136535465717316,0.9654654860496521,0.5412912964820862
YDL215C,YIL135C,0,-1.8297374,0.15132972598075867,0.9654654860496521,0.5414414405822754
YKL090W,YBR141C,0,-1.8298513,0.15129411220550537,0.9654654860496521,0.5415915846824646
YCL074W,YOR219C,0,-1.8304398,0.15125852823257446,0.9654654860496521,0.5417417287826538
YNL238W,YMR295C,0,-1.8307276,0.15122295916080475,0.9654654860496521,0.541891872882843
YHR066W,YDR261C-D,0,-1.8331437,0.15118739008903503,0.9654654860496521,0.5420420169830322
YOR323C,YNL102W,0,-1.8342904,0.1511518508195877,0.9654654860496521,0.5421922206878662
YHR132C,YJR053W,0,-1.8346586,0.15111632645130157,0.9654654860496521,0.5423423647880554
YDR205W,YPR125W,0,-1.8354175,0.15108083188533783,0.9654654860496521,0.5424925088882446
YPL094C,YJL134W,0,-1.8359457,0.15104533731937408,0.9654654860496521,0.5426426529884338
YBL112C,YOL124C,0,-1.8373458,0.15100985765457153,0.9654654860496521,0.542792797088623
YNL232W,YKR101W,0,-1.8380642,0.15097440779209137,0.9654654860496521,0.5429429411888123
YIL134W,YLR028C,0,-1.8383645,0.1509389728307724,0.9654654860496521,0.5430930852890015
YMR049C,YDR172W,0,-1.8393177,0.15090353786945343,0.9654654860496521,0.5432432293891907
YDL111C,YMR200W,0,-1.8406031,0.15086813271045685,0.9654654860496521,0.5433933734893799
YDL197C,YPL208W,0,-1.8407384,0.15083274245262146,0.9654654860496521,0.5435435175895691
YOR193W,YGR133W,1,-1.8420284,0.15103189647197723,0.966966986656189,0.5435435175895691
YNL231C,YPL093W,0,-1.8426464,0.15099647641181946,0.966966986656189,0.5436937212944031
YGR085C,YKL206C,0,-1.8441484,0.15096108615398407,0.966966986656189,0.5438438653945923
YNL095C,YMR039C,0,-1.8448167,0.15092571079730988,0.966966986656189,0.5439940094947815
YDR261C-D,YDL148C,0,-1.8452033,0.15089035034179688,0.966966986656189,0.5441441535949707
YKL009W,YNL298W,0,-1.8454518,0.15085500478744507,0.966966986656189,0.5442942976951599
YKL180W,YDL148C,0,-1.8459551,0.15081967413425446,0.966966986656189,0.5444444417953491
YPR011C,YPR133W-A,0,-1.8468409,0.15078435838222504,0.966966986656189,0.5445945858955383
YPL252C,YPL112C,0,-1.8469527,0.1507490575313568,0.966966986656189,0.5447447299957275
YDL077C,YAL039C,0,-1.8475087,0.15071378648281097,0.966966986656189,0.5448948740959167
YNL297C,YBR271W,0,-1.8491331,0.15067851543426514,0.966966986656189,0.545045018196106
YKL093W,YBL113C,0,-1.8494766,0.1506432741880417,0.966966986656189,0.5451952219009399
YCR057C,YKL022C,0,-1.8495812,0.15060804784297943,0.966966986656189,0.5453453660011292
YER138C,YDR159W,0,-1.8498672,0.15057283639907837,0.966966986656189,0.5454955101013184
YDR174W,YIL080W,0,-1.8503795,0.1505376398563385,0.966966986656189,0.5456456542015076
YCR014C,YBR192W,0,-1.8504887,0.15050245821475983,0.966966986656189,0.5457957983016968
YDR263C,YOR393W,0,-1.8505499,0.15046729147434235,0.966966986656189,0.545945942401886
YLR447C,YBR230C,0,-1.8518438,0.15043213963508606,0.966966986656189,0.5460960865020752
YDR332W,YBR037C,0,-1.8536106,0.15039701759815216,0.966966986656189,0.5462462306022644
YGR199W,YNR018W,0,-1.8560445,0.15036189556121826,0.966966986656189,0.5463963747024536
YNL274C,YNL122C,0,-1.8561993,0.15032680332660675,0.966966986656189,0.5465465188026428
YDR170C,YMR304W,0,-1.8562379,0.15029171109199524,0.966966986656189,0.5466967225074768
YGL158W,YKL200C,0,-1.8569438,0.15025664865970612,0.966966986656189,0.546846866607666
YNL110C,YJR112W,0,-1.8571672,0.15022160112857819,0.966966986656189,0.5469970107078552
YER151C,YNL219C,0,-1.8582059,0.15018656849861145,0.966966986656189,0.5471471548080444
YDR378C,YNL102W,0,-1.8584552,0.1501515507698059,0.966966986656189,0.5472972989082336
YER117W,YGL071W,0,-1.8591702,0.15011654794216156,0.966966986656189,0.5474474430084229
YMR315W,YDR419W,0,-1.8596606,0.1500815600156784,0.966966986656189,0.5475975871086121
YDR473C,YPR125W,0,-1.8597109,0.15004660189151764,0.966966986656189,0.5477477312088013
YDL111C,YCR055C,0,-1.8608302,0.15001164376735687,0.966966986656189,0.5478978753089905
YGR180C,YBL112C,0,-1.8618109,0.1499767154455185,0.966966986656189,0.5480480194091797
YIR004W,YGR239C,1,-1.861872,0.15017461776733398,0.9684684872627258,0.5480480194091797
YER162C,YNR003C,0,-1.8632724,0.15013965964317322,0.9684684872627258,0.5481982231140137
YDR498C,YMR229C,0,-1.8648119,0.15010473132133484,0.9684684872627258,0.5483483672142029
YDL140C,YKL175W,0,-1.8649018,0.15006980299949646,0.9684684872627258,0.5484985113143921
YMR182C,YPR113W,0,-1.8654988,0.15003488957881927,0.9684684872627258,0.5486486554145813
YHR211W,YPR190C,0,-1.8700643,0.15000000596046448,0.9684684872627258,0.5487987995147705
YGL162W,YNL258C,0,-1.8715116,0.14996512234210968,0.9684684872627258,0.5489489436149597
YOR168W,YKL015W,0,-1.8716719,0.14993026852607727,0.9684684872627258,0.5490990877151489
YMR296C,YGL019W,0,-1.872457,0.14989541471004486,0.9684684872627258,0.5492492318153381
YDL198C,YMR179W,0,-1.8730006,0.14986059069633484,0.9684684872627258,0.5493993759155273
YOR054C,YIL177C,0,-1.8734976,0.149825781583786,0.9684684872627258,0.5495495200157166
YHR174W,YLR042C,0,-1.8748198,0.14979098737239838,0.9684684872627258,0.5496997237205505
YEL043W,YGL019W,0,-1.8748293,0.14975620806217194,0.9684684872627258,0.5498498678207397
YMR046C,YPL011C,0,-1.8760881,0.1497214436531067,0.9684684872627258,0.550000011920929
YLR291C,YLR164W,0,-1.8767025,0.14968670904636383,0.9684684872627258,0.5501501560211182
YOL145C,YOR299W,0,-1.8773096,0.14965197443962097,0.9684684872627258,0.5503003001213074
YHR135C,YPL011C,0,-1.8776686,0.1496172547340393,0.9684684872627258,0.5504504442214966
YER017C,YPR133W-A,0,-1.877728,0.14958256483078003,0.9684684872627258,0.5506005883216858
YOR304W,YOR324C,0,-1.8797951,0.14954787492752075,0.9684684872627258,0.550750732421875
YOL129W,YJR082C,0,-1.8798871,0.14951321482658386,0.9684684872627258,0.5509008765220642
YDR378C,YPL167C,0,-1.8808911,0.14947856962680817,0.9684684872627258,0.5510510802268982
YMR300C,YOL040C,0,-1.88115,0.14944392442703247,0.9684684872627258,0.5512012243270874
YDR530C,YML028W,0,-1.8824103,0.14940930902957916,0.9684684872627258,0.5513513684272766
YLR244C,YKR008W,0,-1.883121,0.14937470853328705,0.9684684872627258,0.5515015125274658
YOR206W,YML052W,0,-1.8832458,0.14934012293815613,0.9684684872627258,0.551651656627655
YKL171W,YNR010W,0,-1.8835409,0.1493055522441864,0.9684684872627258,0.5518018007278442
YBL041W,YOL111C,0,-1.8845809,0.14927099645137787,0.9684684872627258,0.5519519448280334
YNL044W,YOR311C,0,-1.8845909,0.14923647046089172,0.9684684872627258,0.5521020889282227
YGL083W,YOR232W,0,-1.8853388,0.14920194447040558,0.9684684872627258,0.5522522330284119
YLR157C,YGL026C,0,-1.8855481,0.14916743338108063,0.9684684872627258,0.5524023771286011
YKR068C,YOR020C,0,-1.8858515,0.14913295209407806,0.9684684872627258,0.5525525808334351
YAL031C,YER002W,0,-1.8864658,0.1490984708070755,0.9684684872627258,0.5527027249336243
YDR240C,YNR013C,0,-1.8882872,0.14906401932239532,0.9684684872627258,0.5528528690338135
YLR203C,YPR133W-A,0,-1.8883673,0.14902956783771515,0.9684684872627258,0.5530030131340027
YJR119C,YKR044W,0,-1.8884945,0.14899514615535736,0.9684684872627258,0.5531531572341919
YJL012C-A,YML030W,0,-1.8887243,0.14896073937416077,0.9684684872627258,0.5533033013343811
YJR036C,YGR285C,0,-1.8888085,0.14892634749412537,0.9684684872627258,0.5534534454345703
YGL158W,YER098W,0,-1.8890554,0.14889197051525116,0.9684684872627258,0.5536035895347595
YPR135W,YOR222W,0,-1.8895565,0.14885760843753815,0.9684684872627258,0.5537537336349487
YJR040W,YBR010W,0,-1.8902526,0.14882326126098633,0.9684684872627258,0.5539038777351379
YNL085W,YMR008C,0,-1.8910384,0.1487889289855957,0.9684684872627258,0.5540540814399719
YPR113W,YIL048W,0,-1.8910902,0.14875461161136627,0.9684684872627258,0.5542042255401611
YLR401C,YML099C,0,-1.8910925,0.14872030913829803,0.9684684872627258,0.5543543696403503
YKL119C,YFL038C,0,-1.8944551,0.14868603646755219,0.9684684872627258,0.5545045137405396
YLL051C,YGL237C,0,-1.894497,0.14865176379680634,0.9684684872627258,0.5546546578407288
YLR020C,YDR353W,0,-1.8945086,0.14861750602722168,0.9684684872627258,0.554804801940918
YKL171W,YDL208W,0,-1.894742,0.1485832780599594,0.9684684872627258,0.5549549460411072
YJL011C,YIL079C,0,-1.8961773,0.14854905009269714,0.9684684872627258,0.5551050901412964
YLL061W,YLL017W,0,-1.8963913,0.14851485192775726,0.9684684872627258,0.5552552342414856
YBR195C,YLR183C,0,-1.8969028,0.14848066866397858,0.9684684872627258,0.5554053783416748
YMR013C,YBL091C-A,0,-1.8975254,0.1484464854001999,0.9684684872627258,0.5555555820465088
YHR056C,YGL233W,0,-1.8980534,0.1484123319387436,0.9684684872627258,0.555705726146698
YJL114W,YLR278C,0,-1.8995923,0.1483781933784485,0.9684684872627258,0.5558558702468872
YJL140W,YDL083C,0,-1.8995979,0.14834406971931458,0.9684684872627258,0.5560060143470764
YPR128C,YOL147C,1,-1.8998406,0.14853990077972412,0.9699699878692627,0.5560060143470764
YFR029W,YOR298W,0,-1.9006126,0.14850574731826782,0.9699699878692627,0.5561561584472656
YLR447C,YKR068C,0,-1.900877,0.14847160875797272,0.9699699878692627,0.5563063025474548
YLR043C,YMR038C,0,-1.9010038,0.1484375,0.9699699878692627,0.556456446647644
YOL103W-B,YDR410C,0,-1.9024404,0.14840340614318848,0.9699699878692627,0.5566065907478333
YOR378W,YNL302C,0,-1.9026995,0.14836931228637695,0.9699699878692627,0.5567567348480225
YLR440C,YNL290W,0,-1.9042015,0.14833524823188782,0.9699699878692627,0.5569068789482117
YPL042C,YOR311C,0,-1.9045851,0.14830119907855988,0.9699699878692627,0.5570570826530457
YBR202W,YOR215C,0,-1.9056876,0.14826714992523193,0.9699699878692627,0.5572072267532349
YMR026C,YOR326W,1,-1.9057689,0.14846259355545044,0.9714714884757996,0.5572072267532349
YMR054W,YBR093C,0,-1.9063035,0.1484285444021225,0.9714714884757996,0.5573573708534241
YKR066C,YLR348C,0,-1.9065628,0.14839449524879456,0.9714714884757996,0.5575075149536133
YPL129W,YCL026C-B,0,-1.9088228,0.1483604609966278,0.9714714884757996,0.5576576590538025
YDR030C,YAL040C,0,-1.9095916,0.14832645654678345,0.9714714884757996,0.5578078031539917
YPL200W,YOL136C,0,-1.911371,0.1482924520969391,0.9714714884757996,0.5579579472541809
YBR177C,YJL155C,0,-1.913626,0.14825847744941711,0.9714714884757996,0.5581080913543701
YCR052W,YLR391W,0,-1.9144115,0.14822451770305634,0.9714714884757996,0.5582582354545593
YPR135W,YGL026C,0,-1.9149752,0.14819055795669556,0.9714714884757996,0.5584083795547485
YLR329W,YDL015C,0,-1.9157805,0.14815662801265717,0.9714714884757996,0.5585585832595825
YIL142W,YDR172W,0,-1.9162308,0.14812271296977997,0.9714714884757996,0.5587087273597717
YOL028C,YER002W,0,-1.9164147,0.14808881282806396,0.9714714884757996,0.5588588714599609
YGL225W,YCR012W,0,-1.9164945,0.14805491268634796,0.9714714884757996,0.5590090155601501
YNL032W,YOR294W,0,-1.916997,0.14802104234695435,0.9714714884757996,0.5591591596603394
YDR167W,YJR133W,0,-1.9185357,0.14798718690872192,0.9714714884757996,0.5593093037605286
YHR079C,YDR404C,0,-1.918555,0.1479533463716507,0.9714714884757996,0.5594594478607178
YBR247C,YGL209W,0,-1.9187431,0.14791952073574066,0.9714714884757996,0.559609591960907
YDR167W,YPR163C,0,-1.9187689,0.14788571000099182,0.9714714884757996,0.5597597360610962
YKL097W-A,YOR275C,0,-1.9199555,0.14785191416740417,0.9714714884757996,0.5599098801612854
YJL134W,YDR449C,0,-1.9200635,0.14781813323497772,0.9714714884757996,0.5600600838661194
YMR115W,YOR222W,0,-1.9238772,0.14778438210487366,0.9714714884757996,0.5602102279663086
YLL051C,YLR380W,0,-1.9241095,0.1477506309747696,0.9714714884757996,0.5603603720664978
YPR072W,YDL217C,0,-1.9242978,0.14771689474582672,0.9714714884757996,0.560510516166687
YIL002C,YLR157C,0,-1.9259038,0.14768317341804504,0.9714714884757996,0.5606606602668762
YMR273C,YCR026C,0,-1.9266086,0.14764948189258575,0.9714714884757996,0.5608108043670654
YCR087C-A,YML052W,0,-1.9276459,0.14761579036712646,0.9714714884757996,0.5609609484672546
YPR189W,YOL112W,0,-1.9291408,0.14758211374282837,0.9714714884757996,0.5611110925674438
YBL091C-A,YKR002W,0,-1.9306757,0.14754846692085266,0.9714714884757996,0.5612612366676331
YIL061C,YOR338W,0,-1.9310188,0.14751482009887695,0.9714714884757996,0.561411440372467
YAL016W,YOR209C,0,-1.9314418,0.14748118817806244,0.9714714884757996,0.5615615844726562
YDR034C,YLR182W,0,-1.9315524,0.1474475860595703,0.9714714884757996,0.5617117285728455
YGR081C,YNR072W,0,-1.9327093,0.14741398394107819,0.9714714884757996,0.5618618726730347
YOL141W,YPL087W,0,-1.9330752,0.14738041162490845,0.9714714884757996,0.5620120167732239
YKR036C,YLR316C,0,-1.9353807,0.1473468393087387,0.9714714884757996,0.5621621608734131
YCL018W,YPL252C,0,-1.9360042,0.14731329679489136,0.9714714884757996,0.5623123049736023
YBL112C,YGR199W,0,-1.937558,0.1472797691822052,0.9714714884757996,0.5624624490737915
YKL200C,YIL094C,0,-1.9377816,0.14724624156951904,0.9714714884757996,0.5626125931739807
YLL004W,YOR239W,0,-1.9385221,0.14721274375915527,0.9714714884757996,0.5627627372741699
YGR221C,YDR364C,0,-1.9386134,0.1471792608499527,0.9714714884757996,0.5629129409790039
YLR305C,YAL029C,0,-1.9401554,0.14714577794075012,0.9714714884757996,0.5630630850791931
YNR074C,YKR054C,0,-1.9402645,0.14711232483386993,0.9714714884757996,0.5632132291793823
YJR028W,YKL096W-A,0,-1.9405997,0.14707888662815094,0.9714714884757996,0.5633633732795715
YGL050W,YJL178C,0,-1.9407134,0.14704544842243195,0.9714714884757996,0.5635135173797607
YDR026C,YDR083W,0,-1.9425566,0.14701204001903534,0.9714714884757996,0.56366366147995
YGL203C,YDR109C,0,-1.9427974,0.14697864651679993,0.9714714884757996,0.5638138055801392
YOL010W,YKL013C,0,-1.9437788,0.1469452679157257,0.9714714884757996,0.5639639496803284
YOL158C,YLR344W,0,-1.944247,0.14691190421581268,0.9714714884757996,0.5641140937805176
YDR473C,YHR214C-B,0,-1.9455473,0.14687854051589966,0.9714714884757996,0.5642642378807068
YMR227C,YCL032W,0,-1.9458945,0.14684520661830902,0.9714714884757996,0.5644144415855408
YPR204W,YGL103W,0,-1.9465886,0.14681188762187958,0.9714714884757996,0.56456458568573
YBR052C,YPR125W,0,-1.9489822,0.14677858352661133,0.9714714884757996,0.5647147297859192
YPR198W,YPR159W,0,-1.949909,0.14674529433250427,0.9714714884757996,0.5648648738861084
YJR006W,YLL017W,0,-1.9499723,0.1467120200395584,0.9714714884757996,0.5650150179862976
YGR251W,YPL011C,0,-1.9500811,0.14667876064777374,0.9714714884757996,0.5651651620864868
YGR034W,YMR250W,0,-1.9508642,0.14664551615715027,0.9714714884757996,0.565315306186676
YDL084W,YNL147W,0,-1.9508789,0.146612286567688,0.9714714884757996,0.5654654502868652
YDR518W,YLR073C,0,-1.9526271,0.1465790718793869,0.9714714884757996,0.5656155943870544
YKL200C,YBR276C,0,-1.9544005,0.146545872092247,0.9714714884757996,0.5657657384872437
YOR142W,YGR255C,0,-1.9555187,0.1465126872062683,0.9714714884757996,0.5659159421920776
YDR453C,YJL082W,0,-1.9555311,0.1464795172214508,0.9714714884757996,0.5660660862922668
YDR205W,YIL047C,0,-1.956243,0.1464463621377945,0.9714714884757996,0.566216230392456
YMR008C,YBL091C-A,0,-1.9573843,0.14641322195529938,0.9714714884757996,0.5663663744926453
YNL273W,YJL213W,0,-1.958617,0.14638009667396545,0.9714714884757996,0.5665165185928345
YMR284W,YLR380W,0,-1.9587183,0.14634698629379272,0.9714714884757996,0.5666666626930237
YOL102C,YDR470C,0,-1.9594133,0.1463138908147812,0.9714714884757996,0.5668168067932129
YDL179W,YJL006C,0,-1.9635186,0.14628081023693085,0.9714714884757996,0.5669669508934021
YDL084W,YOR313C,0,-1.9648509,0.1462477445602417,0.9714714884757996,0.5671170949935913
YLR321C,YCR087C-A,0,-1.9657962,0.14621469378471375,0.9714714884757996,0.5672672390937805
YPR072W,YMR304W,0,-1.9664102,0.14618165791034698,0.9714714884757996,0.5674174427986145
YDL170W,YML109W,0,-1.967653,0.14614863693714142,0.9714714884757996,0.5675675868988037
YDR261C-D,YLR073C,0,-1.9681528,0.14611563086509705,0.9714714884757996,0.5677177309989929
YLR228C,YDL245C,0,-1.9695227,0.14608263969421387,0.9714714884757996,0.5678678750991821
YLR028C,YBR192W,0,-1.9714564,0.14604966342449188,0.9714714884757996,0.5680180191993713
YPL151C,YOL155C,0,-1.971861,0.1460167020559311,0.9714714884757996,0.5681681632995605
YOL026C,YJL206C,0,-1.9729792,0.1459837555885315,0.9714714884757996,0.5683183073997498
YNL273W,YDL047W,0,-1.9732397,0.1459508240222931,0.9714714884757996,0.568468451499939
YLR244C,YLR145W,0,-1.9758167,0.14591790735721588,0.9714714884757996,0.5686185956001282
YKR103W,YMR295C,0,-1.9775022,0.14588500559329987,0.9714714884757996,0.5687687397003174
YPR204W,YBR031W,0,-1.9778738,0.14585211873054504,0.9714714884757996,0.5689189434051514
YJL124C,YNL121C,0,-1.9802216,0.14581924676895142,0.9714714884757996,0.5690690875053406
YER151C,YGR113W,0,-1.9802973,0.14578638970851898,0.9714714884757996,0.5692192316055298
YDR498C,YNL121C,0,-1.9804492,0.14575354754924774,0.9714714884757996,0.569369375705719
YDR067C,YDR174W,0,-1.9808009,0.1457207202911377,0.9714714884757996,0.5695195198059082
YDR449C,YGR155W,0,-1.9811704,0.14568790793418884,0.9714714884757996,0.5696696639060974
YBR247C,YBL011W,0,-1.9818909,0.14565511047840118,0.9714714884757996,0.5698198080062866
YJL011C,YER137C,0,-1.9820061,0.14562232792377472,0.9714714884757996,0.5699699521064758
YKL061W,YGL241W,0,-1.9820089,0.14558956027030945,0.9714714884757996,0.570120096206665
YKL126W,YNL050C,0,-1.983246,0.14555680751800537,0.9714714884757996,0.570270299911499
YJL071W,YLR270W,0,-1.9854174,0.1455240696668625,0.9714714884757996,0.5704204440116882
YGL200C,YOL053C-A,0,-1.9860451,0.1454913467168808,0.9714714884757996,0.5705705881118774
YDR137W,YPR138C,0,-1.9865683,0.1454586386680603,0.9714714884757996,0.5707207322120667
YLR028C,YMR308C,0,-1.9867728,0.145425945520401,0.9714714884757996,0.5708708763122559
YPL065W,YNL290W,0,-1.9872516,0.1453932523727417,0.9714714884757996,0.5710210204124451
YJR082C,YMR239C,0,-1.9886976,0.14536058902740479,0.9714714884757996,0.5711711645126343
YKL093W,YPR091C,0,-1.988776,0.14532794058322906,0.9714714884757996,0.5713213086128235
YOR209C,YGR185C,0,-1.9892278,0.14529530704021454,0.9714714884757996,0.5714714527130127
YBL112C,YPR138C,0,-1.990162,0.1452626883983612,0.9714714884757996,0.5716215968132019
YHR030C,YCL026C-B,0,-1.9911311,0.14523008465766907,0.9714714884757996,0.5717718005180359
YKR019C,YLR383W,0,-1.9911582,0.14519748091697693,0.9714714884757996,0.5719219446182251
YLR295C,YGR246C,0,-1.9917173,0.14516490697860718,0.9714714884757996,0.5720720887184143
YDR414C,YBR095C,0,-1.9921017,0.14513234794139862,0.9714714884757996,0.5722222328186035
YLR314C,YDR332W,0,-1.9936523,0.14509980380535126,0.9714714884757996,0.5723723769187927
YPR162C,YJR112W,0,-1.9950291,0.1450672596693039,0.9714714884757996,0.5725225210189819
YGR221C,YPL007C,0,-1.9951494,0.14503474533557892,0.9714714884757996,0.5726726651191711
YGR282C,YNL044W,0,-1.99556,0.14500224590301514,0.9714714884757996,0.5728228092193604
YJL066C,YHR041C,0,-1.9961715,0.14496974647045135,0.9714714884757996,0.5729729533195496
YDL206W,YMR046C,0,-1.9965286,0.14493727684020996,0.9714714884757996,0.5731230974197388
YCR052W,YMR099C,0,-1.9975696,0.14490482211112976,0.9714714884757996,0.5732733011245728
YKL009W,YJL124C,0,-1.9983174,0.14487236738204956,0.9714714884757996,0.573423445224762
YLR295C,YAL040C,0,-1.9983358,0.14483994245529175,0.9714714884757996,0.5735735893249512
YEL069C,YPR198W,0,-1.998783,0.14480751752853394,0.9714714884757996,0.5737237334251404
YDL028C,YNL262W,0,-1.9990587,0.1447751224040985,0.9714714884757996,0.5738738775253296
YOR287C,YOL043C,0,-1.9997103,0.14474272727966309,0.9714714884757996,0.5740240216255188
YLR314C,YNL232W,0,-2.0007658,0.14471036195755005,0.9714714884757996,0.574174165725708
YMR145C,YMR295C,0,-2.0010762,0.144677996635437,0.9714714884757996,0.5743243098258972
YLR447C,YJR140C,0,-2.0017548,0.14464564621448517,0.9714714884757996,0.5744744539260864
YOR327C,YOR340C,0,-2.002054,0.1446133255958557,0.9714714884757996,0.5746245980262756
YPL112C,YKR001C,1,-2.0023887,0.1448044627904892,0.9729729890823364,0.5746245980262756
YBL112C,YCL024W,0,-2.003154,0.14477211236953735,0.9729729890823364,0.5747748017311096
YPL163C,YER090W,0,-2.0042415,0.1447397768497467,0.9729729890823364,0.5749249458312988
YOR323C,YDR415C,0,-2.0047412,0.14470745623111725,0.9729729890823364,0.575075089931488
YOR243C,YDL225W,0,-2.0058093,0.144675150513649,0.9729729890823364,0.5752252340316772
YMR315W,YFL017W-A,0,-2.006231,0.14464285969734192,0.9729729890823364,0.5753753781318665
YBR020W,YER165W,0,-2.0073986,0.14461058378219604,0.9729729890823364,0.5755255222320557
YLR312W-A,YGR095C,0,-2.0080397,0.14457830786705017,0.9729729890823364,0.5756756663322449
YOR287C,YOR230W,0,-2.0084572,0.14454606175422668,0.9729729890823364,0.5758258104324341
YJL225C,YLR164W,0,-2.0085285,0.1445138305425644,0.9729729890823364,0.5759759545326233
YDR512C,YBR281C,0,-2.0088747,0.1444815993309021,0.9729729890823364,0.5761260986328125
YHL012W,YAL033W,0,-2.0095432,0.1444493979215622,0.9729729890823364,0.5762763023376465
YJL187C,YKL165C,0,-2.0097218,0.14441721141338348,0.9729729890823364,0.5764264464378357
YGR255C,YOR162C,0,-2.0100842,0.14438502490520477,0.9729729890823364,0.5765765905380249
YGL244W,YFL001W,0,-2.0101895,0.14435286819934845,0.9729729890823364,0.5767267346382141
YJL225C,YKR055W,0,-2.010963,0.14432071149349213,0.9729729890823364,0.5768768787384033
YEL012W,YML071C,0,-2.0121236,0.1442885845899582,0.9729729890823364,0.5770270228385925
YBR125C,YNL095C,0,-2.0123355,0.14425645768642426,0.9729729890823364,0.5771771669387817
YMR146C,YLR305C,0,-2.0138443,0.1442243456840515,0.9729729890823364,0.577327311038971
YOR292C,YKL168C,0,-2.0145957,0.14419226348400116,0.9729729890823364,0.5774774551391602
YDL171C,YJR103W,0,-2.0147905,0.1441601812839508,0.9729729890823364,0.5776275992393494
YCL018W,YJR036C,0,-2.0158896,0.14412811398506165,0.9729729890823364,0.5777778029441833
YGL068W,YKL082C,0,-2.0163012,0.14409606158733368,0.9729729890823364,0.5779279470443726
YBR170C,YOR311C,0,-2.0164628,0.1440640240907669,0.9729729890823364,0.5780780911445618
YHR214C-B,YMR272C,0,-2.0180554,0.14403200149536133,0.9729729890823364,0.578228235244751
YLR203C,YLR285W,0,-2.0191243,0.14399999380111694,0.9729729890823364,0.5783783793449402
YNR021W,YER087C-B,0,-2.0198874,0.14396800100803375,0.9729729890823364,0.5785285234451294
YPR043W,YER115C,0,-2.020129,0.14393602311611176,0.9729729890823364,0.5786786675453186
YCR060W,YJL130C,0,-2.0204446,0.14390406012535095,0.9729729890823364,0.5788288116455078
YPR190C,YLR309C,0,-2.0213196,0.14387211203575134,0.9729729890823364,0.578978955745697
YHR061C,YLR153C,0,-2.0217233,0.14384017884731293,0.9729729890823364,0.5791290998458862
YKR057W,YKL172W,0,-2.024002,0.1438082605600357,0.9729729890823364,0.5792793035507202
YPL200W,YBL113C,0,-2.0240612,0.14377634227275848,0.9729729890823364,0.5794294476509094
YDR378C,YAL031C,0,-2.024156,0.14374445378780365,0.9729729890823364,0.5795795917510986
YER138C,YHR109W,0,-2.0242634,0.14371258020401,0.9729729890823364,0.5797297358512878
YJL187C,YJR130C,0,-2.0243006,0.14368070662021637,0.9729729890823364,0.579879879951477
YER151C,YLL040C,0,-2.0243468,0.14364886283874512,0.9729729890823364,0.5800300240516663
YPR162C,YMR046C,0,-2.0273132,0.14361701905727386,0.9729729890823364,0.5801801681518555
YGR032W,YDR498C,0,-2.0275757,0.143585205078125,0.9729729890823364,0.5803303122520447
YLR404W,YPL113C,0,-2.028825,0.14355339109897614,0.9729729890823364,0.5804804563522339
YFL048C,YNL230C,0,-2.0303502,0.14352159202098846,0.9729729890823364,0.5806306600570679
YPR194C,YML099C,0,-2.0304558,0.143489807844162,0.9729729890823364,0.5807808041572571
YJL011C,YIL094C,0,-2.0318868,0.1434580534696579,0.9729729890823364,0.5809309482574463
YAL024C,YKL003C,0,-2.0348668,0.1434262990951538,0.9729729890823364,0.5810810923576355
YGR216C,YOL052C,0,-2.0355678,0.1433945596218109,0.9729729890823364,0.5812312364578247
YPL083C,YMR210W,0,-2.0357075,0.1433628350496292,0.9729729890823364,0.5813813805580139
YMR228W,YPR190C,0,-2.035839,0.1433311253786087,0.9729729890823364,0.5815315246582031
YDL084W,YDL045W-A,0,-2.035859,0.1432994306087494,0.9729729890823364,0.5816816687583923
YPL163C,YGL037C,0,-2.037847,0.14326773583889008,0.9729729890823364,0.5818318128585815
YBL011W,YMR295C,0,-2.039307,0.14323607087135315,0.9729729890823364,0.5819819569587708
YML051W,YKL189W,0,-2.042292,0.14320442080497742,0.9729729890823364,0.5821321606636047
YKL013C,YML039W,0,-2.043106,0.14317278563976288,0.9729729890823364,0.582282304763794
YKL161C,YJL128C,0,-2.0438557,0.14314115047454834,0.9729729890823364,0.5824324488639832
YML028W,YKL175W,0,-2.0440137,0.1431095451116562,0.9729729890823364,0.5825825929641724
YKR026C,YPL208W,0,-2.0445719,0.14307793974876404,0.9729729890823364,0.5827327370643616
YLR314C,YJL187C,0,-2.0447087,0.14304636418819427,0.9729729890823364,0.5828828811645508
YBR275C,YDL227C,0,-2.0458188,0.1430147886276245,0.9729729890823364,0.58303302526474
YCL074W,YDL225W,0,-2.0475514,0.14298322796821594,0.9729729890823364,0.5831831693649292
YHR004C,YDR337W,0,-2.0476801,0.14295168220996857,0.9729729890823364,0.5833333134651184
YNL095C,YLR224W,0,-2.0480573,0.14292015135288239,0.9729729890823364,0.5834834575653076
YKR066C,YGR222W,0,-2.0489597,0.1428886502981186,0.9729729890823364,0.5836336612701416
YLR447C,YER117W,0,-2.0490913,0.1428571492433548,0.9729729890823364,0.5837838053703308
YBR080C,YOL090W,0,-2.0492053,0.1428256630897522,0.9729729890823364,0.58393394947052
YCL074W,YOR216C,0,-2.0511281,0.1427941769361496,0.9729729890823364,0.5840840935707092
YEL012W,YHR051W,0,-2.0515738,0.14276272058486938,0.9729729890823364,0.5842342376708984
YLR141W,YNL302C,0,-2.0532515,0.14273127913475037,0.9729729890823364,0.5843843817710876
YIL142W,YDR364C,0,-2.0542254,0.14269985258579254,0.9729729890823364,0.5845345258712769
YCR060W,YOR126C,0,-2.054902,0.14266842603683472,0.9729729890823364,0.5846846699714661
YDR174W,YKR069W,0,-2.054992,0.14263702929019928,0.9729729890823364,0.5848348140716553
YHL034C,YLR042C,0,-2.0566468,0.14260563254356384,0.9729729890823364,0.5849849581718445
YEL036C,YDR404C,0,-2.0586796,0.1425742506980896,0.9729729890823364,0.5851351618766785
YIL020C,YCR055C,0,-2.058968,0.14254289865493774,0.9729729890823364,0.5852853059768677
YOR377W,YER137C,0,-2.0602415,0.1425115466117859,0.9729729890823364,0.5854354500770569
YLL051C,YDR196C,0,-2.0606806,0.14248020946979523,0.9729729890823364,0.5855855941772461
YAL063C,YMR268W-A,0,-2.0627005,0.14244888722896576,0.9729729890823364,0.5857357382774353
YOL124C,YOL108C,0,-2.0692568,0.14241757988929749,0.9729729890823364,0.5858858823776245
YNL102W,YLR047C,0,-2.0714421,0.1423862874507904,0.9729729890823364,0.5860360264778137
YLR314C,YLL034C,0,-2.0731013,0.14235500991344452,0.9729729890823364,0.5861861705780029
YOL010W,YKL097W-A,0,-2.0743809,0.14232374727725983,0.9729729890823364,0.5863363146781921
YLR103C,YLR390W,0,-2.0762265,0.14229248464107513,0.9729729890823364,0.5864864587783813
YJR053W,YGR214W,0,-2.0769324,0.14226125180721283,0.9729729890823364,0.5866366624832153
YBR274W,YLR224W,0,-2.0773206,0.14223001897335052,0.9729729890823364,0.5867868065834045
YJR092W,YMR321C,0,-2.078109,0.1421988159418106,0.9729729890823364,0.5869369506835938
YKL200C,YDR059C,0,-2.0787506,0.1421676129102707,0.9729729890823364,0.587087094783783
YDR090C,YGL226C-A,0,-2.0832133,0.14213643968105316,0.9729729890823364,0.5872372388839722
YBR155W,YKL166C,0,-2.0833812,0.14210526645183563,0.9729729890823364,0.5873873829841614
YNR018W,YJR063W,0,-2.0840118,0.1420741081237793,0.9729729890823364,0.5875375270843506
YBL011W,YDR449C,0,-2.0845757,0.14204296469688416,0.9729729890823364,0.5876876711845398
YGR288W,YGL163C,0,-2.0849643,0.1420118361711502,0.9729729890823364,0.587837815284729
YBR020W,YBR052C,0,-2.0851533,0.14198072254657745,0.9729729890823364,0.5879879593849182
YHR214C-B,YGR155W,0,-2.0852046,0.1419496238231659,0.9729729890823364,0.5881381630897522
YJR021C,YCL014W,0,-2.08541,0.14191852509975433,0.9729729890823364,0.5882883071899414
YKL090W,YHR069C,0,-2.0857577,0.14188745617866516,0.9729729890823364,0.5884384512901306
YDR378C,YDL179W,0,-2.0870566,0.141856387257576,0.9729729890823364,0.5885885953903198
YDR174W,YDR240C,0,-2.0873575,0.1418253481388092,0.9729729890823364,0.588738739490509
YGL170C,YNL274C,0,-2.0878956,0.14179430902004242,0.9729729890823364,0.5888888835906982
YBR182C,YLR401C,0,-2.0881526,0.14176328480243683,0.9729729890823364,0.5890390276908875
YOR378W,YCR087C-A,0,-2.090115,0.14173229038715363,0.9729729890823364,0.5891891717910767
YDR082W,YGL256W,0,-2.0916398,0.14170129597187042,0.9729729890823364,0.5893393158912659
YEL022W,YJR103W,0,-2.0917654,0.1416703164577484,0.9729729890823364,0.5894894599914551
YJL187C,YLR050C,0,-2.09259,0.1416393369436264,0.9729729890823364,0.5896396636962891
YDL107W,YBR093C,0,-2.0928726,0.14160838723182678,0.9729729890823364,0.5897898077964783
YMR013C,YCL032W,0,-2.0935237,0.14157745242118835,0.9729729890823364,0.5899399518966675
YLR028C,YPR138C,0,-2.0940967,0.14154653251171112,0.9729729890823364,0.5900900959968567
YJL178C,YPL273W,0,-2.0947006,0.1415156126022339,0.9729729890823364,0.5902402400970459
YMR146C,YER137C,0,-2.096486,0.14148472249507904,0.9729729890823364,0.5903903841972351
YKL067W,YLR042C,0,-2.0975087,0.1414538323879242,0.9729729890823364,0.5905405282974243
YKL175W,YGR229C,0,-2.0975795,0.14142295718193054,0.9729729890823364,0.5906906723976135
YPL276W,YDR205W,0,-2.098082,0.14139209687709808,0.9729729890823364,0.5908408164978027
YMR008C,YJL012C-A,0,-2.1007466,0.14136125147342682,0.9729729890823364,0.5909910202026367
YOR324C,YMR114C,0,-2.1017163,0.14133042097091675,0.9729729890823364,0.5911411643028259
YOR388C,YBR271W,0,-2.1031895,0.14129960536956787,0.9729729890823364,0.5912913084030151
YJR149W,YIL095W,0,-2.103619,0.1412688046693802,0.9729729890823364,0.5914414525032043
YDR281C,YLR301W,0,-2.1043005,0.1412380188703537,0.9729729890823364,0.5915915966033936
YJR070C,YDL074C,0,-2.104741,0.1412072330713272,0.9729729890823364,0.5917417407035828
YJR119C,YOR243C,0,-2.1086435,0.1411764770746231,0.9729729890823364,0.591891884803772
YPR144C,YDL047W,0,-2.1093445,0.141145721077919,0.9729729890823364,0.5920420289039612
YER165W,YNL219C,0,-2.1106238,0.1411149799823761,0.9729729890823364,0.5921921730041504
YOR215C,YPR125W,0,-2.110971,0.14108425378799438,0.9729729890823364,0.5923423171043396
YNL127W,YKL201C,0,-2.1112719,0.14105354249477386,0.9729729890823364,0.5924925208091736
YLR291C,YNR015W,0,-2.1116624,0.14102284610271454,0.9729729890823364,0.5926426649093628
YBL112C,YBR155W,0,-2.112825,0.1409921646118164,0.9729729890823364,0.592792809009552
YDL024C,YNR010W,0,-2.1132445,0.14096149802207947,0.9729729890823364,0.5929429531097412
YJR031C,YCR055C,0,-2.1155543,0.14093084633350372,0.9729729890823364,0.5930930972099304
YBR202W,YLR390W,0,-2.115602,0.14090019464492798,0.9729729890823364,0.5932432413101196
YNL297C,YJR032W,0,-2.115629,0.14086955785751343,0.9729729890823364,0.5933933854103088
YJR107W,YHR058C,0,-2.1159222,0.14083895087242126,0.9729729890823364,0.593543529510498
YOL057W,YDR527W,0,-2.1165688,0.1408083438873291,0.9729729890823364,0.5936936736106873
YBR238C,YIR032C,0,-2.1166358,0.14077775180339813,0.9729729890823364,0.5938438177108765
YJL214W,YLR316C,0,-2.1167665,0.14074717462062836,0.9729729890823364,0.5939940214157104
YML073C,YEL062W,0,-2.116795,0.14071661233901978,0.9729729890823364,0.5941441655158997
YDR518W,YPR159W,0,-2.1181326,0.1406860649585724,0.9729729890823364,0.5942943096160889
YER175C,YPL252C,0,-2.118941,0.140655517578125,0.9729729890823364,0.5944444537162781
YLR105C,YGL163C,0,-2.120392,0.140625,0.9729729890823364,0.5945945978164673
YNL163C,YNL258C,0,-2.1205606,0.140594482421875,0.9729729890823364,0.5947447419166565
YDR378C,YMR046C,0,-2.121065,0.1405639946460724,0.9729729890823364,0.5948948860168457
YPL127C,YOR215C,0,-2.121636,0.14053350687026978,0.9729729890823364,0.5950450301170349
YDL036C,YJR006W,0,-2.1235104,0.14050303399562836,0.9729729890823364,0.5951951742172241
YPR196W,YOR219C,0,-2.124285,0.14047257602214813,0.9729729890823364,0.5953453183174133
YKL074C,YDR260C,0,-2.1248991,0.1404421329498291,0.9729729890823364,0.5954955220222473
YOR147W,YKR044W,0,-2.1249092,0.14041170477867126,0.9729729890823364,0.5956456661224365
YLL029W,YDL029W,0,-2.127596,0.14038127660751343,0.9729729890823364,0.5957958102226257
YMR087W,YNR028W,0,-2.127849,0.14035087823867798,0.9729729890823364,0.5959459543228149
YOR099W,YHR051W,0,-2.1285872,0.14032047986984253,0.9729729890823364,0.5960960984230042
YJL034W,YNL172W,0,-2.1289058,0.14029011130332947,0.9729729890823364,0.5962462425231934
YOL028C,YOR204W,0,-2.129765,0.1402597427368164,0.9729729890823364,0.5963963866233826
YAL029C,YLR088W,0,-2.130272,0.14022938907146454,0.9729729890823364,0.5965465307235718
YFL066C,YLL055W,0,-2.1312883,0.14019905030727386,0.9729729890823364,0.596696674823761
YMR033W,YLR187W,0,-2.1314528,0.14016872644424438,0.9729729890823364,0.5968468189239502
YMR227C,YBR238C,0,-2.1314886,0.1401384025812149,0.9729729890823364,0.5969970226287842
YHL012W,YDR138W,0,-2.1340158,0.1401081085205078,0.9729729890823364,0.5971471667289734
YEL012W,YMR033W,0,-2.1344304,0.14007781445980072,0.9729729890823364,0.5972973108291626
YHL012W,YNR031C,0,-2.1348236,0.14004755020141602,0.9729729890823364,0.5974474549293518
YOR291W,YDR337W,0,-2.1348815,0.1400172859430313,0.9729729890823364,0.597597599029541
YGR010W,YDR496C,0,-2.135379,0.1399870365858078,0.9729729890823364,0.5977477431297302
YPL127C,YPR200C,0,-2.135998,0.13995680212974548,0.9729729890823364,0.5978978872299194
YLL041C,YDL225W,0,-2.136419,0.13992658257484436,0.9729729890823364,0.5980480313301086
YER014C-A,YBL028C,0,-2.1376421,0.13989637792110443,0.9729729890823364,0.5981981754302979
YCL036W,YOL136C,0,-2.138286,0.1398661732673645,0.9729729890823364,0.5983483195304871
YMR137C,YER137C,0,-2.1396303,0.13983599841594696,0.9729729890823364,0.598498523235321
YPR113W,YDL111C,0,-2.142975,0.13980582356452942,0.9729729890823364,0.5986486673355103
YHR060W,YLR088W,0,-2.1430156,0.13977566361427307,0.9729729890823364,0.5987988114356995
YCR030C,YJL006C,0,-2.1439102,0.13974551856517792,0.9729729890823364,0.5989489555358887
YJR127C,YDL128W,0,-2.144281,0.13971538841724396,0.9729729890823364,0.5990990996360779
YJR006W,YNL232W,0,-2.144386,0.1396852731704712,0.9729729890823364,0.5992492437362671
YIL142W,YPR137W,0,-2.1463568,0.13965517282485962,0.9729729890823364,0.5993993878364563
YPL082C,YLR153C,0,-2.1464598,0.13962508738040924,0.9729729890823364,0.5995495319366455
YOR216C,YOR311C,0,-2.1464796,0.13959500193595886,0.9729729890823364,0.5996996760368347
YMR172W,YIL132C,0,-2.1465106,0.13956493139266968,0.9729729890823364,0.5998498201370239
YJL029C,YIL083C,0,-2.1477408,0.13953489065170288,0.9729729890823364,0.6000000238418579
YFL010W-A,YPL050C,0,-2.1477766,0.13950484991073608,0.9729729890823364,0.6001501679420471
YBR177C,YPR002W,0,-2.1482038,0.13947482407093048,0.9729729890823364,0.6003003120422363
YLL041C,YEL043W,0,-2.148889,0.13944479823112488,0.9729729890823364,0.6004504561424255
YNR031C,YPR160W,0,-2.1511598,0.13941480219364166,0.9729729890823364,0.6006006002426147
YOL129W,YPR190C,0,-2.1513681,0.13938482105731964,0.9729729890823364,0.600750744342804
YGR221C,YPL188W,0,-2.1519432,0.13935483992099762,0.9729729890823364,0.6009008884429932
YKL217W,YOL107W,0,-2.1532593,0.1393248736858368,0.9729729890823364,0.6010510325431824
YLR203C,YJL172W,0,-2.1536434,0.13929492235183716,0.9729729890823364,0.6012011766433716
YLR129W,YFR052W,0,-2.153846,0.13926498591899872,0.9729729890823364,0.6013513803482056
YDL074C,YOL062C,0,-2.1542473,0.13923506438732147,0.9729729890823364,0.6015015244483948
YDR240C,YDL198C,0,-2.1557107,0.13920515775680542,0.9729729890823364,0.601651668548584
YPR111W,YNL283C,0,-2.1570797,0.13917525112628937,0.9729729890823364,0.6018018126487732
YDR083W,YDR403W,0,-2.1571503,0.1391453742980957,0.9729729890823364,0.6019519567489624
YML049C,YMR099C,0,-2.157308,0.13911549746990204,0.9729729890823364,0.6021021008491516
YGL158W,YJL103C,0,-2.1582627,0.13908563554286957,0.9729729890823364,0.6022522449493408
YPR187W,YNL290W,0,-2.1587586,0.1390557885169983,0.9729729890823364,0.60240238904953
YGR281W,YKL061W,0,-2.1610887,0.1390259563922882,0.9729729890823364,0.6025525331497192
YML097C,YLR163C,0,-2.1613216,0.13899613916873932,0.9729729890823364,0.6027026772499084
YNL052W,YBR061C,0,-2.1620574,0.13896633684635162,0.9729729890823364,0.6028528809547424
YER074W,YOR008C,0,-2.1626973,0.13893653452396393,0.9729729890823364,0.6030030250549316
YGR112W,YDR403W,0,-2.1637049,0.13890674710273743,0.9729729890823364,0.6031531691551208
YDL217C,YNL208W,0,-2.1650157,0.1388769894838333,0.9729729890823364,0.6033033132553101
YGR225W,YBR275C,0,-2.166795,0.1388472318649292,0.9729729890823364,0.6034534573554993
YGL163C,YHR057C,0,-2.1676307,0.13881747424602509,0.9729729890823364,0.6036036014556885
YER013W,YJR032W,0,-2.1680012,0.13878774642944336,0.9729729890823364,0.6037537455558777
YGL014W,YHR077C,0,-2.1681569,0.13875803351402283,0.9729729890823364,0.6039038896560669
YMR146C,YJL006C,0,-2.1684356,0.1387283205986023,0.9729729890823364,0.6040540337562561
YMR276W,YBL112C,0,-2.168657,0.13869863748550415,0.9729729890823364,0.6042041778564453
YPR196W,YLR325C,0,-2.1692069,0.138668954372406,0.9729729890823364,0.6043543815612793
YBR223C,YPL082C,0,-2.1697373,0.13863928616046906,0.9729729890823364,0.6045045256614685
YOL082W,YBR096W,0,-2.1746962,0.1386096328496933,0.9729729890823364,0.6046546697616577
YBR177C,YPL104W,0,-2.1756577,0.13857997953891754,0.9729729890823364,0.6048048138618469
YNL044W,YDL059C,0,-2.1758475,0.13855035603046417,0.9729729890823364,0.6049549579620361
YKL190W,YKR020W,0,-2.1765974,0.1385207325220108,0.9729729890823364,0.6051051020622253
YKL020C,YFR018C,0,-2.1793098,0.13849112391471863,0.9729729890823364,0.6052552461624146
YJL140W,YFL001W,0,-2.1799464,0.13846154510974884,0.9729729890823364,0.6054053902626038
YHR211W,YMR172W,0,-2.1832747,0.13843196630477905,0.9729729890823364,0.605555534362793
YER022W,YDR476C,0,-2.183529,0.13840238749980927,0.9729729890823364,0.6057056784629822
YDL121C,YPR119W,0,-2.185844,0.13837283849716187,0.9729729890823364,0.6058558821678162
YGR221C,YGR216C,0,-2.1874754,0.13834328949451447,0.9729729890823364,0.6060060262680054
YLR028C,YBR061C,0,-2.1908574,0.13831377029418945,0.9729729890823364,0.6061561703681946
YBL028C,YDR457W,0,-2.1911254,0.13828425109386444,0.9729729890823364,0.6063063144683838
YJL117W,YLR301W,0,-2.1946115,0.13825474679470062,0.9729729890823364,0.606456458568573
YJR138W,YGR034W,0,-2.1963534,0.138225257396698,0.9729729890823364,0.6066066026687622
YDR174W,YJL149W,0,-2.196469,0.13819578289985657,0.9729729890823364,0.6067567467689514
YEL022W,YMR038C,0,-2.1967869,0.13816630840301514,0.9729729890823364,0.6069068908691406
YNL073W,YDR146C,0,-2.197061,0.1381368637084961,0.9729729890823364,0.6070570349693298
YGR012W,YBR115C,0,-2.1987562,0.13810741901397705,0.9729729890823364,0.607207179069519
YJL192C,YNL078W,0,-2.204072,0.1380779892206192,0.9729729890823364,0.607357382774353
YDR414C,YMR193W,0,-2.2041755,0.13804857432842255,0.9729729890823364,0.6075075268745422
YEL043W,YJL124C,0,-2.2042255,0.13801917433738708,0.9729729890823364,0.6076576709747314
YDL140C,YOR340C,0,-2.204774,0.13798977434635162,0.9729729890823364,0.6078078150749207
YKL001C,YNL290W,0,-2.2060974,0.13796040415763855,0.9729729890823364,0.6079579591751099
YER098W,YNR013C,0,-2.2061124,0.13793103396892548,0.9729729890823364,0.6081081032752991
YHR030C,YER104W,0,-2.2061825,0.1379016786813736,0.9729729890823364,0.6082582473754883
YER052C,YHR057C,0,-2.2063751,0.1378723382949829,0.9729729890823364,0.6084083914756775
YLR113W,YKL022C,0,-2.2064495,0.13784301280975342,0.9729729890823364,0.6085585355758667
YDL133C-A,YCL018W,0,-2.2067277,0.13781370222568512,0.9729729890823364,0.6087086796760559
YMR173W,YPL104W,0,-2.2086582,0.13778439164161682,0.9729729890823364,0.6088588833808899
YLR028C,YDR222W,0,-2.2092204,0.13775509595870972,0.9729729890823364,0.6090090274810791
YGR251W,YLR047C,0,-2.212202,0.137725830078125,0.9729729890823364,0.6091591715812683
YLL003W,YLR359W,0,-2.2131095,0.13769656419754028,0.9729729890823364,0.6093093156814575
YDR530C,YKL165C,0,-2.2149096,0.13766729831695557,0.9729729890823364,0.6094594597816467
YBR196C,YJR005W,0,-2.2151153,0.13763806223869324,0.9729729890823364,0.6096096038818359
YIR005W,YER137C,0,-2.2161825,0.1376088410615921,0.9729729890823364,0.6097597479820251
YNL163C,YGL216W,0,-2.2170792,0.13757961988449097,0.9729729890823364,0.6099098920822144
YLL034C,YJL206C,0,-2.2180305,0.13755041360855103,0.9729729890823364,0.6100600361824036
YGR281W,YDR207C,0,-2.2181427,0.13752122223377228,0.9729729890823364,0.6102102398872375
YDR245W,YOL107W,0,-2.2196922,0.13749204576015472,0.9729729890823364,0.6103603839874268
YCR057C,YOR340C,0,-2.219849,0.13746286928653717,0.9729729890823364,0.610510528087616
YIL046W,YOL111C,0,-2.2211604,0.137433722615242,0.9729729890823364,0.6106606721878052
YDR196C,YEL053C,0,-2.2220733,0.13740457594394684,0.9729729890823364,0.6108108162879944
YLR291C,YFL057C,0,-2.2224367,0.13737544417381287,0.9729729890823364,0.6109609603881836
YBL091C-A,YPR149W,0,-2.22329,0.1373463273048401,0.9729729890823364,0.6111111044883728
YMR163C,YKR001C,1,-2.2237659,0.1375291347503662,0.9744744896888733,0.6111111044883728
YMR168C,YBL005W-B,0,-2.2238524,0.13750000298023224,0.9744744896888733,0.611261248588562
YOR232W,YGR027C,0,-2.2241564,0.13747087121009827,0.9744744896888733,0.6114113926887512
YCL026C-B,YCR012W,0,-2.2244039,0.13744176924228668,0.9744744896888733,0.6115615367889404
YCL043C,YGL220W,0,-2.2256892,0.1374126672744751,0.9744744896888733,0.6117117404937744
YML030W,YNL239W,0,-2.226508,0.1373835802078247,0.9744744896888733,0.6118618845939636
YOL145C,YJL005W,0,-2.228387,0.13735449314117432,0.9744744896888733,0.6120120286941528
YCR052W,YNL122C,0,-2.2297335,0.1373254358768463,0.9744744896888733,0.612162172794342
YPL151C,YBR281C,0,-2.230427,0.1372963786125183,0.9744744896888733,0.6123123168945312
YLR244C,YLR389C,0,-2.2305012,0.1372673362493515,0.9744744896888733,0.6124624609947205
YGR252W,YNR003C,0,-2.2316334,0.13723832368850708,0.9744744896888733,0.6126126050949097
YLR404W,YFL057C,0,-2.2322936,0.13720929622650146,0.9744744896888733,0.6127627491950989
YNL282W,YGR185C,0,-2.2325225,0.13718029856681824,0.9744744896888733,0.6129128932952881
YLL002W,YJL124C,0,-2.2328641,0.1371513158082962,0.9744744896888733,0.6130630373954773
YDR164C,YFR001W,0,-2.233034,0.13712233304977417,0.9744744896888733,0.6132132411003113
YHR030C,YOL102C,0,-2.2332182,0.13709336519241333,0.9744744896888733,0.6133633852005005
YBR187W,YKL015W,0,-2.2334785,0.13706441223621368,0.9744744896888733,0.6135135293006897
YLR325C,YMR099C,0,-2.2335062,0.13703547418117523,0.9744744896888733,0.6136636734008789
YJR127C,YOR292C,0,-2.2337003,0.13700655102729797,0.9744744896888733,0.6138138175010681
YER130C,YDR062W,0,-2.2339125,0.13697762787342072,0.9744744896888733,0.6139639616012573
YGL026C,YMR034C,0,-2.2366354,0.13694871962070465,0.9744744896888733,0.6141141057014465
YMR169C,YLR206W,0,-2.237235,0.13691982626914978,0.9744744896888733,0.6142642498016357
YOR126C,YER168C,0,-2.237925,0.1368909478187561,0.9744744896888733,0.614414393901825
YIL083C,YOL090W,0,-2.238544,0.13686208426952362,0.9744744896888733,0.6145645380020142
YJR127C,YJL095W,0,-2.2394154,0.13683322072029114,0.9744744896888733,0.6147147417068481
YKL009W,YGR155W,0,-2.2410345,0.13680438697338104,0.9744744896888733,0.6148648858070374
YOR145C,YGL148W,0,-2.2415195,0.13677555322647095,0.9744744896888733,0.6150150299072266
YOR274W,YLL041C,0,-2.2426372,0.13674673438072205,0.9744744896888733,0.6151651740074158
YNL147W,YGR199W,0,-2.2433925,0.13671793043613434,0.9744744896888733,0.615315318107605
YMR267W,YHR039C-A,0,-2.243393,0.13668912649154663,0.9744744896888733,0.6154654622077942
YIL021W,YGR072W,0,-2.2453299,0.1366603523492813,0.9744744896888733,0.6156156063079834
YPL094C,YCL057W,0,-2.246313,0.136631578207016,0.9744744896888733,0.6157657504081726
YOR251C,YDR262W,0,-2.2468262,0.13660281896591187,0.9744744896888733,0.6159158945083618
YBR020W,YGL010W,0,-2.2468667,0.13657407462596893,0.9744744896888733,0.616066038608551
YJL134W,YDR173C,0,-2.2485914,0.1365453451871872,0.9744744896888733,0.616216242313385
YGR084C,YMR301C,0,-2.2486491,0.13651661574840546,0.9744744896888733,0.6163663864135742
YGR175C,YMR173W,0,-2.248842,0.1364879012107849,0.9744744896888733,0.6165165305137634
YHR085W,YNR060W,0,-2.2495053,0.13645921647548676,0.9744744896888733,0.6166666746139526
YAR002C-A,YNL335W,0,-2.2496629,0.1364305168390274,0.9744744896888733,0.6168168187141418
YOR287C,YGR258C,0,-2.2512822,0.13640184700489044,0.9744744896888733,0.616966962814331
YEL037C,YOR378W,0,-2.2519507,0.13637319207191467,0.9744744896888733,0.6171171069145203
YOR304W,YNL092W,0,-2.2526784,0.1363445371389389,0.9744744896888733,0.6172672510147095
YPR144C,YHL034C,0,-2.2539349,0.13631589710712433,0.9744744896888733,0.6174173951148987
YIR005W,YCL034W,0,-2.254465,0.13628727197647095,0.9744744896888733,0.6175675392150879
YML030W,YKL074C,0,-2.2552624,0.13625866174697876,0.9744744896888733,0.6177177429199219
YBR187W,YLR301W,0,-2.25614,0.13623005151748657,0.9744744896888733,0.6178678870201111
YBL098W,YER104W,0,-2.2564335,0.13620147109031677,0.9744744896888733,0.6180180311203003
YKL038W,YJR026W,0,-2.2574086,0.13617289066314697,0.9744744896888733,0.6181681752204895
YLR009W,YGR027C,0,-2.2593188,0.13614432513713837,0.9744744896888733,0.6183183193206787
YKL078W,YJL081C,0,-2.2623491,0.13611577451229095,0.9744744896888733,0.6184684634208679
YEL069C,YER130C,0,-2.2632918,0.13608722388744354,0.9744744896888733,0.6186186075210571
YBR177C,YNR003C,0,-2.2635715,0.13605870306491852,0.9744744896888733,0.6187687516212463
YMR321C,YIL170W,0,-2.2656126,0.1360301822423935,0.9744744896888733,0.6189188957214355
YFR013W,YKL103C,0,-2.2659435,0.13600167632102966,0.9744744896888733,0.6190690398216248
YOR317W,YLR278C,0,-2.2674446,0.13597318530082703,0.9744744896888733,0.6192192435264587
YIR018W,YOR099W,0,-2.2675035,0.1359446942806244,0.9744744896888733,0.619369387626648
YHR056C,YKL015W,0,-2.2684164,0.13591623306274414,0.9744744896888733,0.6195195317268372
YPR011C,YNL297C,0,-2.2688808,0.1358877718448639,0.9744744896888733,0.6196696758270264
YPL240C,YMR180C,0,-2.269753,0.13585932552814484,0.9744744896888733,0.6198198199272156
YMR112C,YPR163C,0,-2.2717438,0.13583089411258698,0.9744744896888733,0.6199699640274048
YPR200C,YPL273W,0,-2.2755828,0.1358024626970291,0.9744744896888733,0.620120108127594
YGR258C,YNR060W,0,-2.276864,0.13577406108379364,0.9744744896888733,0.6202702522277832
YDL111C,YCL026C-B,0,-2.2796226,0.13574565947055817,0.9744744896888733,0.6204203963279724
YPL064C,YLR350W,0,-2.2804322,0.1357172727584839,0.9744744896888733,0.6205706000328064
YPR182W,YBR271W,0,-2.2813315,0.1356889009475708,0.9744744896888733,0.6207207441329956
YGR251W,YFL057C,0,-2.2814617,0.13566052913665771,0.9744744896888733,0.6208708882331848
YJR010W,YER104W,0,-2.281925,0.13563218712806702,0.9744744896888733,0.621021032333374
YJR092W,YMR087W,0,-2.2819607,0.13560384511947632,0.9744744896888733,0.6211711764335632
YKL041W,YMR136W,0,-2.2830696,0.13557551801204681,0.9744744896888733,0.6213213205337524
YDR429C,YNR003C,0,-2.2843866,0.1355472058057785,0.9744744896888733,0.6214714646339417
YNL297C,YDR496C,0,-2.2849755,0.1355188935995102,0.9744744896888733,0.6216216087341309
YGR239C,YMR163C,1,-2.2850332,0.13569937646389008,0.9759759902954102,0.6216216087341309
YER138C,YLR187W,0,-2.2862248,0.13567104935646057,0.9759759902954102,0.6217717528343201
YIL088C,YFL054C,0,-2.2865133,0.13564273715019226,0.9759759902954102,0.6219218969345093
YMR123W,YGL169W,0,-2.288058,0.13561443984508514,0.9759759902954102,0.6220721006393433
YGL158W,YGR143W,0,-2.2881062,0.13558614253997803,0.9759759902954102,0.6222222447395325
YOR074C,YLR073C,0,-2.2881765,0.1355578750371933,0.9759759902954102,0.6223723888397217
YEL062W,YKR026C,0,-2.2893612,0.13552960753440857,0.9759759902954102,0.6225225329399109
YDR454C,YLL019C,0,-2.2897904,0.13550135493278503,0.9759759902954102,0.6226726770401001
YDL246C,YIL076W,0,-2.2912707,0.1354731172323227,0.9759759902954102,0.6228228211402893
YJR053W,YIR032C,0,-2.2917306,0.13544487953186035,0.9759759902954102,0.6229729652404785
YDL142C,YBL091C-A,0,-2.29216,0.1354166716337204,0.9759759902954102,0.6231231093406677
YER090W,YOR162C,0,-2.2937307,0.13538846373558044,0.9759759902954102,0.6232732534408569
YJR082C,YJR149W,0,-2.2939696,0.13536027073860168,0.9759759902954102,0.6234233975410461
YHR041C,YDL035C,0,-2.2944221,0.13533207774162292,0.9759759902954102,0.6235736012458801
YJL178C,YMR143W,0,-2.294838,0.13530391454696655,0.9759759902954102,0.6237237453460693
YHR211W,YGL094C,0,-2.29489,0.13527575135231018,0.9759759902954102,0.6238738894462585
YFR045W,YJL103C,0,-2.2962346,0.135247603058815,0.9759759902954102,0.6240240335464478
YAR002C-A,YEL043W,0,-2.2968612,0.13521946966648102,0.9759759902954102,0.624174177646637
YPL200W,YGR239C,0,-2.2971458,0.13519135117530823,0.9759759902954102,0.6243243217468262
YDR240C,YMR240C,0,-2.2993007,0.13516323268413544,0.9759759902954102,0.6244744658470154
YDR415C,YPL273W,0,-2.2995014,0.13513512909412384,0.9759759902954102,0.6246246099472046
YBR281C,YML132W,0,-2.2997813,0.13510704040527344,0.9759759902954102,0.6247747540473938
YPL083C,YBR115C,0,-2.2999282,0.13507896661758423,0.9759759902954102,0.624924898147583
YNL085W,YPL134C,0,-2.3017316,0.1350509077310562,0.9759759902954102,0.625075101852417
YPR091C,YCR012W,0,-2.3018436,0.1350228488445282,0.9759759902954102,0.6252252459526062
YMR005W,YLL034C,0,-2.3033862,0.13499480485916138,0.9759759902954102,0.6253753900527954
YBR196C,YLL019C,0,-2.303444,0.13496677577495575,0.9759759902954102,0.6255255341529846
YHR119W,YOR251C,0,-2.303565,0.13493876159191132,0.9759759902954102,0.6256756782531738
YDR461W,YDR444W,0,-2.303775,0.13491074740886688,0.9759759902954102,0.625825822353363
YDR196C,YFL014W,0,-2.3041067,0.13488276302814484,0.9759759902954102,0.6259759664535522
YIL083C,YER046W,0,-2.3054738,0.1348547786474228,0.9759759902954102,0.6261261105537415
YMR315W,YLR157C,0,-2.3088112,0.13482679426670074,0.9759759902954102,0.6262762546539307
YMR168C,YPL113C,0,-2.3089414,0.1347988396883011,0.9759759902954102,0.6264263987541199
YOR071C,YDR492W,0,-2.3090525,0.13477088510990143,0.9759759902954102,0.6265766024589539
YPL183W-A,YNL080C,0,-2.309435,0.13474294543266296,0.9759759902954102,0.6267267465591431
YDR196C,YNL297C,0,-2.3104734,0.1347150206565857,0.9759759902954102,0.6268768906593323
YBR002C,YDR353W,0,-2.3119628,0.13468711078166962,0.9759759902954102,0.6270270347595215
YBR276C,YLR224W,0,-2.312315,0.13465921580791473,0.9759759902954102,0.6271771788597107
YFL038C,YLR348C,0,-2.3134627,0.13463132083415985,0.9759759902954102,0.6273273229598999
YNR003C,YOL054W,0,-2.3141167,0.13460344076156616,0.9759759902954102,0.6274774670600891
YGR081C,YOL043C,0,-2.3156173,0.13457557559013367,0.9759759902954102,0.6276276111602783
YDL059C,YLL004W,0,-2.3161347,0.13454771041870117,0.9759759902954102,0.6277777552604675
YJL124C,YJL128C,0,-2.3179889,0.13451986014842987,0.9759759902954102,0.6279278993606567
YJR149W,YGR143W,0,-2.3184035,0.13449203968048096,0.9759759902954102,0.6280781030654907
YDR026C,YPL002C,0,-2.318693,0.13446421921253204,0.9759759902954102,0.6282282471656799
YAR002C-A,YKL097W-A,0,-2.3190956,0.13443639874458313,0.9759759902954102,0.6283783912658691
YGR027C,YDL148C,0,-2.319631,0.1344086080789566,0.9759759902954102,0.6285285353660583
YHR214C-B,YDL054C,0,-2.3200796,0.13438081741333008,0.9759759902954102,0.6286786794662476
YBR202W,YDL028C,0,-2.3220797,0.13435304164886475,0.9759759902954102,0.6288288235664368
YHR004C,YIL080W,0,-2.3227043,0.1343252807855606,0.9759759902954102,0.628978967666626
YMR099C,YBR072W,0,-2.3231604,0.13429751992225647,0.9759759902954102,0.6291291117668152
YOL111C,YLR016C,0,-2.329279,0.13426977396011353,0.9759759902954102,0.6292792558670044
YLR312W-A,YER087W,0,-2.329485,0.13424204289913177,0.9759759902954102,0.6294293999671936
YNL231C,YDL148C,0,-2.3319888,0.13421432673931122,0.9759759902954102,0.6295796036720276
YER130C,YDL077C,0,-2.3363445,0.13418662548065186,0.9759759902954102,0.6297297477722168
YDR172W,YPL065W,0,-2.3376942,0.1341589242219925,0.9759759902954102,0.629879891872406
YMR117C,YML030W,0,-2.3386323,0.13413123786449432,0.9759759902954102,0.6300300359725952
YKL170W,YML030W,0,-2.339301,0.13410356640815735,0.9759759902954102,0.6301801800727844
YGL244W,YDL021W,0,-2.3395858,0.13407590985298157,0.9759759902954102,0.6303303241729736
YJR032W,YLR130C,0,-2.3406239,0.1340482532978058,0.9759759902954102,0.6304804682731628
YJL134W,YLR164W,0,-2.3414235,0.1340206116437912,0.9759759902954102,0.630630612373352
YPL151C,YBR261C,0,-2.3420799,0.1339929848909378,0.9759759902954102,0.6307807564735413
YHR179W,YGR145W,0,-2.3421707,0.1339653730392456,0.9759759902954102,0.6309309601783752
YJR070C,YML097C,0,-2.3433504,0.1339377760887146,0.9759759902954102,0.6310811042785645
YBR247C,YOL124C,0,-2.344656,0.1339101791381836,0.9759759902954102,0.6312312483787537
YOR287C,YJL171C,0,-2.347304,0.13388259708881378,0.9759759902954102,0.6313813924789429
YKL097W-A,YGL259W,0,-2.3477898,0.13385502994060516,0.9759759902954102,0.6315315365791321
YJR149W,YPR152C,0,-2.347871,0.13382746279239655,0.9759759902954102,0.6316816806793213
YBR182C,YBR111W-A,0,-2.3495288,0.13379991054534912,0.9759759902954102,0.6318318247795105
YKR036C,YBL041W,0,-2.350039,0.13377238810062408,0.9759759902954102,0.6319819688796997
YKL093W,YML039W,0,-2.3504994,0.13374485075473785,0.9759759902954102,0.6321321129798889
YBR096W,YNL258C,0,-2.3511925,0.133717343211174,0.9759759902954102,0.6322822570800781
YJR057W,YBL026W,0,-2.3514187,0.13368983566761017,0.9759759902954102,0.6324324607849121
YNR074C,YER117W,0,-2.3517406,0.13366234302520752,0.9759759902954102,0.6325826048851013
YMR097C,YOL104C,0,-2.3530555,0.13363486528396606,0.9759759902954102,0.6327327489852905
YJL200C,YDL140C,0,-2.3539836,0.1336074024438858,0.9759759902954102,0.6328828930854797
YIL143C,YDR285W,0,-2.3542538,0.13357993960380554,0.9759759902954102,0.633033037185669
YOL165C,YMR270C,0,-2.354918,0.13355249166488647,0.9759759902954102,0.6331831812858582
YJL071W,YBL091C-A,0,-2.356041,0.1335250586271286,0.9759759902954102,0.6333333253860474
YMR284W,YHR179W,0,-2.3561323,0.13349764049053192,0.9759759902954102,0.6334834694862366
YKL061W,YKR026C,0,-2.357767,0.13347022235393524,0.9759759902954102,0.6336336135864258
YNL281W,YNL070W,0,-2.3591757,0.13344281911849976,0.9759759902954102,0.633783757686615
YKL130C,YEL056W,0,-2.3599944,0.13341543078422546,0.9759759902954102,0.633933961391449
YBR274W,YAL040C,0,-2.360087,0.13338805735111237,0.9759759902954102,0.6340841054916382
YLR404W,YLR429W,0,-2.3604238,0.13336068391799927,0.9759759902954102,0.6342342495918274
YNL016W,YGR072W,0,-2.3629115,0.13333334028720856,0.9759759902954102,0.6343843936920166
YMR173W,YLL033W,0,-2.363894,0.13330598175525665,0.9759759902954102,0.6345345377922058
YGL200C,YAL016W,0,-2.3648317,0.13327865302562714,0.9759759902954102,0.634684681892395
YJL225C,YER104W,0,-2.365997,0.1332513391971588,0.9759759902954102,0.6348348259925842
YLR029C,YER175C,0,-2.3664536,0.1332240253686905,0.9759759902954102,0.6349849700927734
YPL276W,YJL024C,0,-2.368032,0.13319672644138336,0.9759759902954102,0.6351351141929626
YPL150W,YIL035C,0,-2.3693984,0.13316942751407623,0.9759759902954102,0.6352852582931519
YFR018C,YLL043W,0,-2.370368,0.1331421583890915,0.9759759902954102,0.6354354619979858
YDR449C,YIL083C,0,-2.371411,0.13311488926410675,0.9759759902954102,0.635585606098175
YDL045W-A,YER090W,0,-2.373332,0.1330876350402832,0.9759759902954102,0.6357357501983643
YLR105C,YLR073C,0,-2.373582,0.13306039571762085,0.9759759902954102,0.6358858942985535
YKR020W,YGR089W,0,-2.3744507,0.1330331563949585,0.9759759902954102,0.6360360383987427
YLR359W,YGR027C,0,-2.3767257,0.13300593197345734,0.9759759902954102,0.6361861824989319
YDL029W,YOL054W,0,-2.376904,0.13297872245311737,0.9759759902954102,0.6363363265991211
YGL172W,YBR257W,0,-2.3771553,0.1329515278339386,0.9759759902954102,0.6364864706993103
YFL066C,YOL124C,0,-2.3771749,0.13292433321475983,0.9759759902954102,0.6366366147994995
YOR176W,YCL004W,0,-2.380163,0.13289715349674225,0.9759759902954102,0.6367867588996887
YOR176W,YDL047W,0,-2.3807929,0.13286998867988586,0.9759759902954102,0.6369369626045227
YJL029C,YAL040C,0,-2.3818672,0.13284283876419067,0.9759759902954102,0.6370871067047119
YER175C,YMR238W,0,-2.383302,0.13281568884849548,0.9759759902954102,0.6372372508049011
YBR223C,YMR186W,0,-2.3833427,0.1327885538339615,0.9759759902954102,0.6373873949050903
YMR008C,YIL159W,0,-2.3848019,0.13276143372058868,0.9759759902954102,0.6375375390052795
YOR209C,YDL140C,0,-2.3861256,0.13273432850837708,0.9759759902954102,0.6376876831054688
YPL147W,YMR240C,0,-2.3867865,0.13270722329616547,0.9759759902954102,0.637837827205658
YLR130C,YDR226W,0,-2.387908,0.13268013298511505,0.9759759902954102,0.6379879713058472
YFL011W-A,YPL180W,0,-2.3889737,0.13265305757522583,0.9759759902954102,0.6381381154060364
YFR045W,YBR080C,0,-2.3895116,0.1326259970664978,0.9759759902954102,0.6382882595062256
YBR095C,YHL034C,0,-2.391129,0.13259893655776978,0.9759759902954102,0.6384384632110596
YMR019W,YGL169W,0,-2.3923597,0.13257189095020294,0.9759759902954102,0.6385886073112488
YKL093W,YLR050C,0,-2.3943295,0.1325448602437973,0.9759759902954102,0.638738751411438
YER022W,YLL027W,0,-2.395928,0.13251784443855286,0.9759759902954102,0.6388888955116272
YPL151C,YER052C,0,-2.3969345,0.1324908286333084,0.9759759902954102,0.6390390396118164
YDR476C,YOR340C,0,-2.39714,0.13246382772922516,0.9759759902954102,0.6391891837120056
YLR163C,YDR195W,0,-2.3986104,0.1324368417263031,0.9759759902954102,0.6393393278121948
YAL060W,YGL174W,0,-2.4003572,0.13240985572338104,0.9759759902954102,0.639489471912384
YIL083C,YCR046C,0,-2.4003677,0.13238288462162018,0.9759759902954102,0.6396396160125732
YBL091C-A,YAL029C,0,-2.4023361,0.1323559284210205,0.9759759902954102,0.6397897601127625
YKL078W,YGR175C,0,-2.4030054,0.13232898712158203,0.9759759902954102,0.6399399638175964
YDR518W,YPR060C,0,-2.4045026,0.13230206072330475,0.9759759902954102,0.6400901079177856
YDL206W,YOR123C,0,-2.4046578,0.13227513432502747,0.9759759902954102,0.6402402520179749
YKL170W,YDR461W,0,-2.4053886,0.13224822282791138,0.9759759902954102,0.6403903961181641
YPL129W,YBL092W,0,-2.4072924,0.1322213113307953,0.9759759902954102,0.6405405402183533
YJR112W,YJL206C,0,-2.4082108,0.1321944296360016,0.9759759902954102,0.6406906843185425
YMR123W,YER168C,0,-2.4098518,0.13216754794120789,0.9759759902954102,0.6408408284187317
YOR159C,YJR040W,0,-2.413103,0.13214068114757538,0.9759759902954102,0.6409909725189209
YGR180C,YLR268W,0,-2.4137483,0.13211381435394287,0.9759759902954102,0.6411411166191101
YJL206C,YMR143W,0,-2.4149222,0.13208697736263275,0.9759759902954102,0.6412913203239441
YDR306C,YHR156C,0,-2.414949,0.13206014037132263,0.9759759902954102,0.6414414644241333
YLR401C,YHL034C,0,-2.4156802,0.1320333182811737,0.9759759902954102,0.6415916085243225
YBR222C,YDR262W,0,-2.4158375,0.13200649619102478,0.9759759902954102,0.6417417526245117
YAR035W,YMR200W,0,-2.4169226,0.13197968900203705,0.9759759902954102,0.6418918967247009
YKL013C,YLR278C,0,-2.41716,0.1319528967142105,0.9759759902954102,0.6420420408248901
YER098W,YML073C,0,-2.4179604,0.13192611932754517,0.9759759902954102,0.6421921849250793
YLR163C,YHR039C-A,0,-2.4189355,0.13189935684204102,0.9759759902954102,0.6423423290252686
YOL142W,YHR109W,0,-2.4190478,0.13187259435653687,0.9759759902954102,0.6424924731254578
YCL018W,YGL094C,0,-2.4190636,0.1318458467721939,0.9759759902954102,0.642642617225647
YGL050W,YBL068W,0,-2.4194388,0.13181909918785095,0.9759759902954102,0.642792820930481
YEL037C,YPR163C,0,-2.419522,0.13179238140583038,0.9759759902954102,0.6429429650306702
YDL121C,YNL084C,0,-2.4196322,0.13176566362380981,0.9759759902954102,0.6430931091308594
YML032C,YAR002C-A,0,-2.421041,0.13173896074295044,0.9759759902954102,0.6432432532310486
YFL010W-A,YPL011C,0,-2.421331,0.13171225786209106,0.9759759902954102,0.6433933973312378
YMR046C,YLR042C,0,-2.4216456,0.13168556988239288,0.9759759902954102,0.643543541431427
YIL134W,YOL053C-A,0,-2.4222298,0.1316588968038559,0.9759759902954102,0.6436936855316162
YHL034C,YMR246W,0,-2.4225845,0.1316322386264801,0.9759759902954102,0.6438438296318054
YBR294W,YOL004W,0,-2.4226604,0.1316055953502655,0.9759759902954102,0.6439939737319946
YPL127C,YKR102W,0,-2.4229107,0.1315789520740509,0.9759759902954102,0.6441441178321838
YDL215C,YOR311C,0,-2.4230702,0.1315523236989975,0.9759759902954102,0.6442943215370178
YGR281W,YJL130C,0,-2.4239664,0.1315256953239441,0.9759759902954102,0.644444465637207
YOR292C,YLR163C,0,-2.4260316,0.13149909675121307,0.9759759902954102,0.6445946097373962
YLR187W,YJL192C,0,-2.4262953,0.13147249817848206,0.9759759902954102,0.6447447538375854
YKL217W,YKL007W,0,-2.4265363,0.13144589960575104,0.9759759902954102,0.6448948979377747
YHL034C,YKL074C,0,-2.4272952,0.1314193308353424,0.9759759902954102,0.6450450420379639
YGR056W,YJL172W,0,-2.4279842,0.13139276206493378,0.9759759902954102,0.6451951861381531
YOR099W,YJL144W,0,-2.4281368,0.13136620819568634,0.9759759902954102,0.6453453302383423
YLR295C,YMR090W,0,-2.4287338,0.1313396692276001,0.9759759902954102,0.6454954743385315
YOR085W,YDR404C,0,-2.4294705,0.13131313025951385,0.9759759902954102,0.6456456184387207
YER185W,YDL015C,0,-2.4317205,0.1312866061925888,0.9759759902954102,0.6457958221435547
YLR203C,YDR173C,0,-2.4324179,0.13126009702682495,0.9759759902954102,0.6459459662437439
YPL083C,YOR340C,0,-2.4331994,0.1312336027622223,0.9759759902954102,0.6460961103439331
YPL122C,YIL046W,0,-2.4338374,0.13120710849761963,0.9759759902954102,0.6462462544441223
YGR271W,YDR081C,0,-2.435058,0.13118062913417816,0.9759759902954102,0.6463963985443115
YGR171C,YMR186W,0,-2.4353542,0.1311541497707367,0.9759759902954102,0.6465465426445007
YIL135C,YDR281C,0,-2.4361591,0.13112770020961761,0.9759759902954102,0.6466966867446899
YPR030W,YER171W,0,-2.4361932,0.13110125064849854,0.9759759902954102,0.6468468308448792
YNR074C,YLR005W,0,-2.4363751,0.13107481598854065,0.9759759902954102,0.6469969749450684
YPL082C,YDR140W,0,-2.4376936,0.13104838132858276,0.9759759902954102,0.6471471190452576
YGR288W,YNR006W,0,-2.4377363,0.13102197647094727,0.9759759902954102,0.6472973227500916
YDR167W,YDR211W,0,-2.4383943,0.13099557161331177,0.9759759902954102,0.6474474668502808
YHL012W,YKL041W,0,-2.4389048,0.13096916675567627,0.9759759902954102,0.64759761095047
YHL012W,YBR059C,0,-2.4395556,0.13094279170036316,0.9759759902954102,0.6477477550506592
YDL061C,YGL071W,0,-2.441546,0.13091641664505005,0.9759759902954102,0.6478978991508484
YJR032W,YPR159W,0,-2.4415996,0.13089005649089813,0.9759759902954102,0.6480480432510376
YGL051W,YJL206C,0,-2.4421623,0.13086369633674622,0.9759759902954102,0.6481981873512268
YOL082W,YPR091C,0,-2.4422607,0.1308373659849167,0.9759759902954102,0.648348331451416
YMR321C,YCL025C,0,-2.443304,0.13081103563308716,0.9759759902954102,0.6484984755516052
YKL189W,YMR210W,0,-2.443462,0.13078470528125763,0.9759759902954102,0.6486486196517944
YLR141W,YDL039C,0,-2.446262,0.1307584047317505,0.9759759902954102,0.6487988233566284
YBL091C-A,YMR210W,0,-2.448162,0.13073210418224335,0.9759759902954102,0.6489489674568176
YDL022W,YKR035W-A,0,-2.448217,0.1307058185338974,0.9759759902954102,0.6490991115570068
YKL190W,YHR214C-B,0,-2.4493566,0.13067953288555145,0.9759759902954102,0.649249255657196
YEL037C,YBL028C,0,-2.4494598,0.1306532621383667,0.9759759902954102,0.6493993997573853
YLL002W,YIR018W,0,-2.4501543,0.13062700629234314,0.9759759902954102,0.6495495438575745
YKL103C,YMR034C,0,-2.4520133,0.13060076534748077,0.9759759902954102,0.6496996879577637
YJR147W,YHL027W,0,-2.4520485,0.1305745244026184,0.9759759902954102,0.6498498320579529
YGR282C,YBR042C,0,-2.4528904,0.13054829835891724,0.9759759902954102,0.6499999761581421
YGR238C,YOR313C,0,-2.4532661,0.13052208721637726,0.9759759902954102,0.6501501798629761
YBR260C,YDR306C,0,-2.453661,0.13049589097499847,0.9759759902954102,0.6503003239631653
YPL113C,YGL220W,0,-2.4542546,0.1304696947336197,0.9759759902954102,0.6504504680633545
YDL202W,YNL298W,0,-2.4543614,0.1304435133934021,0.9759759902954102,0.6506006121635437
YDL024C,YER130C,0,-2.4560852,0.1304173320531845,0.9759759902954102,0.6507507562637329
YGR004W,YGR133W,1,-2.458934,0.13059177994728088,0.977477490901947,0.6507507562637329
YKR055W,YKR102W,0,-2.4593868,0.1305655837059021,0.977477490901947,0.6509009003639221
YLR020C,YMR300C,0,-2.4598145,0.1305394023656845,0.977477490901947,0.6510510444641113
YJR151C,YPL274W,0,-2.4604807,0.1305132359266281,0.977477490901947,0.6512011885643005
YDL074C,YDR109C,0,-2.4626107,0.13048706948757172,0.977477490901947,0.6513513326644897
YIL142W,YOR243C,0,-2.4679475,0.1304609179496765,0.977477490901947,0.651501476764679
YKL203C,YJL171C,0,-2.4681787,0.1304347813129425,0.977477490901947,0.6516516804695129
YEL053C,YMR137C,0,-2.4683428,0.1304086595773697,0.977477490901947,0.6518018245697021
YGR109W-B,YER101C,0,-2.468513,0.13038253784179688,0.977477490901947,0.6519519686698914
YLR314C,YCR087C-A,0,-2.4691324,0.13035643100738525,0.977477490901947,0.6521021127700806
YOL038W,YHR061C,0,-2.4700596,0.13033032417297363,0.977477490901947,0.6522522568702698
YOR176W,YEL037C,0,-2.471633,0.1303042471408844,0.977477490901947,0.652402400970459
YLR206W,YAL063C,0,-2.4717464,0.13027817010879517,0.977477490901947,0.6525525450706482
YDR138W,YPR060C,0,-2.4724755,0.13025210797786713,0.977477490901947,0.6527026891708374
YLL045C,YDR083W,0,-2.4725795,0.1302260458469391,0.977477490901947,0.6528528332710266
YDL133C-A,YJR103W,0,-2.4734888,0.13019999861717224,0.977477490901947,0.6530029773712158
YPL113C,YGR255C,0,-2.4758444,0.1301739662885666,0.977477490901947,0.6531531810760498
YDL111C,YJR034W,0,-2.4759488,0.13014793395996094,0.977477490901947,0.653303325176239
YLR228C,YER019C-A,0,-2.4764376,0.13012193143367767,0.977477490901947,0.6534534692764282
YNL178W,YJL178C,0,-2.476584,0.1300959289073944,0.977477490901947,0.6536036133766174
YKR056W,YLR401C,0,-2.47704,0.13006992638111115,0.977477490901947,0.6537537574768066
YAL039C,YGR276C,0,-2.4773574,0.13004395365715027,0.977477490901947,0.6539039015769958
YPR167C,YMR087W,0,-2.478191,0.1300179809331894,0.977477490901947,0.6540540456771851
YNL283C,YNL258C,0,-2.4782538,0.12999200820922852,0.977477490901947,0.6542041897773743
YNL122C,YEL041W,0,-2.478602,0.12996606528759003,0.977477490901947,0.6543543338775635
YGL244W,YDR281C,0,-2.4789839,0.12994012236595154,0.977477490901947,0.6545044779777527
YKR057W,YMR200W,0,-2.4796476,0.12991419434547424,0.977477490901947,0.6546546816825867
YKL182W,YPR091C,0,-2.482244,0.12988826632499695,0.977477490901947,0.6548048257827759
YOR243C,YNL050C,0,-2.4823732,0.12986235320568085,0.977477490901947,0.6549549698829651
YKL217W,YDR034C,0,-2.4828331,0.12983645498752594,0.977477490901947,0.6551051139831543
YER022W,YBR230C,0,-2.4844918,0.12981057167053223,0.977477490901947,0.6552552580833435
YBL041W,YKR057W,0,-2.4849598,0.1297846883535385,0.977477490901947,0.6554054021835327
YIL139C,YJL149W,0,-2.485449,0.129758819937706,0.977477490901947,0.6555555462837219
YCL024W,YLL017W,0,-2.485486,0.12973296642303467,0.977477490901947,0.6557056903839111
YKL067W,YML132W,0,-2.4881778,0.12970711290836334,0.977477490901947,0.6558558344841003
YDR174W,YJL006C,0,-2.492313,0.1296812742948532,0.977477490901947,0.6560059785842896
YOR215C,YHR109W,0,-2.4925122,0.12965545058250427,0.977477490901947,0.6561561822891235
YJR149W,YKL165C,0,-2.4926248,0.12962962687015533,0.977477490901947,0.6563063263893127
YFR021W,YDL061C,0,-2.492644,0.1296038180589676,0.977477490901947,0.656456470489502
YKR056W,YKL210W,0,-2.4935312,0.12957802414894104,0.977477490901947,0.6566066145896912
YHR056C,YDL107W,0,-2.4942007,0.12955224514007568,0.977477490901947,0.6567567586898804
YFL011W-A,YNR057C,0,-2.4967394,0.12952646613121033,0.977477490901947,0.6569069027900696
YNL283C,YMR061W,0,-2.4968863,0.12950070202350616,0.977477490901947,0.6570570468902588
YLR452C,YDR444W,0,-2.4989681,0.129474937915802,0.977477490901947,0.657207190990448
YML071C,YIL046W,0,-2.499212,0.12944918870925903,0.977477490901947,0.6573573350906372
YMR203W,YJL082W,0,-2.500565,0.12942345440387726,0.977477490901947,0.6575074791908264
YOR251C,YDR472W,0,-2.5007672,0.12939773499965668,0.977477490901947,0.6576576828956604
YGR145W,YLR088W,0,-2.5033917,0.1293720155954361,0.977477490901947,0.6578078269958496
YLR141W,YMR304W,0,-2.5044236,0.1293463110923767,0.977477490901947,0.6579579710960388
YGR282C,YLR278C,0,-2.5052965,0.12932062149047852,0.977477490901947,0.658108115196228
YKR008W,YPR135W,0,-2.5063117,0.12929493188858032,0.977477490901947,0.6582582592964172
YEL022W,YMR194W,0,-2.5063944,0.12926925718784332,0.977477490901947,0.6584084033966064
YEL043W,YDR423C,0,-2.5077462,0.12924359738826752,0.977477490901947,0.6585585474967957
YKL217W,YFL054C,0,-2.5093536,0.1292179375886917,0.977477490901947,0.6587086915969849
YPL150W,YJL144W,0,-2.511541,0.1291922926902771,0.977477490901947,0.6588588356971741
YOL010W,YNL232W,0,-2.5133762,0.12916666269302368,0.977477490901947,0.6590089797973633
YOR145C,YER101C,0,-2.514253,0.12914104759693146,0.977477490901947,0.6591591835021973
YPR200C,YDR195W,0,-2.5143485,0.12911543250083923,0.977477490901947,0.6593093276023865
YCR060W,YIL094C,0,-2.514999,0.1290898323059082,0.977477490901947,0.6594594717025757
YPL127C,YJL225C,0,-2.5154085,0.12906423211097717,0.977477490901947,0.6596096158027649
YBR294W,YPL119C,0,-2.5177896,0.12903864681720734,0.977477490901947,0.6597597599029541
YGL026C,YDR306C,0,-2.5178483,0.1290130764245987,0.977477490901947,0.6599099040031433
YKL013C,YDL206W,0,-2.518086,0.12898752093315125,0.977477490901947,0.6600600481033325
YNL302C,YNR072W,0,-2.5206432,0.1289619654417038,0.977477490901947,0.6602101922035217
YOL004W,YML132W,0,-2.5209055,0.12893642485141754,0.977477490901947,0.6603603363037109
YLR425W,YFR033C,0,-2.521291,0.1289108842611313,0.977477490901947,0.6605105400085449
YML058W-A,YCL024W,0,-2.521883,0.12888537347316742,0.977477490901947,0.6606606841087341
YNL117W,YCL034W,0,-2.5227833,0.12885986268520355,0.977477490901947,0.6608108282089233
YJR127C,YPL083C,0,-2.5244255,0.12883435189723969,0.977477490901947,0.6609609723091125
YNL267W,YPL050C,0,-2.5244746,0.1288088709115982,0.977477490901947,0.6611111164093018
YKR071C,YER154W,0,-2.529519,0.12878338992595673,0.977477490901947,0.661261260509491
YKL097W-A,YGR070W,0,-2.5298977,0.12875790894031525,0.977477490901947,0.6614114046096802
YNL231C,YDR429C,0,-2.530826,0.12873244285583496,0.977477490901947,0.6615615487098694
YBR196C,YDR373W,0,-2.5327306,0.12870699167251587,0.977477490901947,0.6617116928100586
YGL169W,YPR133W-A,0,-2.53527,0.12868155539035797,0.977477490901947,0.6618618369102478
YNR074C,YMR229C,0,-2.53831,0.12865611910820007,0.977477490901947,0.6620120406150818
YPL113C,YJR083C,0,-2.5392163,0.12863071262836456,0.977477490901947,0.662162184715271
YDR411C,YMR186W,0,-2.5399964,0.12860529124736786,0.977477490901947,0.6623123288154602
YIL128W,YOL054W,0,-2.5407677,0.12857989966869354,0.977477490901947,0.6624624729156494
YJR107W,YCR052W,0,-2.5408359,0.12855450809001923,0.977477490901947,0.6626126170158386
YFL038C,YKL171W,0,-2.5437636,0.1285291165113449,0.977477490901947,0.6627627611160278
YLR447C,YDR369C,0,-2.5450182,0.12850375473499298,0.977477490901947,0.662912905216217
YIL061C,YOR126C,0,-2.546957,0.12847839295864105,0.977477490901947,0.6630630493164062
YML030W,YMR143W,0,-2.547194,0.12845304608345032,0.977477490901947,0.6632131934165955
YDL179W,YJR063W,0,-2.5485651,0.12842769920825958,0.977477490901947,0.6633633375167847
YKL174C,YPR159W,0,-2.550519,0.12840236723423004,0.977477490901947,0.6635135412216187
YMR087W,YMR090W,0,-2.5510082,0.1283770501613617,0.977477490901947,0.6636636853218079
YDR378C,YMR239C,0,-2.5522957,0.12835173308849335,0.977477490901947,0.6638138294219971
YJR151C,YHR069C,0,-2.5523834,0.1283264309167862,0.977477490901947,0.6639639735221863
YNL175C,YPR133W-A,0,-2.5542955,0.12830114364624023,0.977477490901947,0.6641141176223755
YPR011C,YKL061W,0,-2.5558248,0.12827585637569427,0.977477490901947,0.6642642617225647
YFL054C,YNL290W,0,-2.5573668,0.1282505840063095,0.977477490901947,0.6644144058227539
YKL067W,YNL307C,0,-2.5576906,0.12822532653808594,0.977477490901947,0.6645645499229431
YOR176W,YBL028C,0,-2.558339,0.12820008397102356,0.977477490901947,0.6647146940231323
YDR383C,YOR313C,0,-2.558458,0.12817484140396118,0.977477490901947,0.6648648381233215
YMR005W,YMR176W,0,-2.5593548,0.12814961373806,0.977477490901947,0.6650150418281555
YPR026W,YHR059W,0,-2.559797,0.1281243860721588,0.977477490901947,0.6651651859283447
YAL060W,YPL213W,0,-2.5600407,0.12809917330741882,0.977477490901947,0.6653153300285339
YNL178W,YOL093W,0,-2.5611296,0.12807397544384003,0.977477490901947,0.6654654741287231
YOR304W,YMR246W,0,-2.5629473,0.12804877758026123,0.977477490901947,0.6656156182289124
YNL127W,YER019C-A,0,-2.5650735,0.12802359461784363,0.977477490901947,0.6657657623291016
YHR029C,YLR105C,0,-2.5650969,0.12799842655658722,0.977477490901947,0.6659159064292908
YNL044W,YCL003W,0,-2.5666342,0.1279732584953308,0.977477490901947,0.66606605052948
YDL061C,YJR031C,0,-2.566959,0.1279481202363968,0.977477490901947,0.6662161946296692
YDR137W,YNL259C,0,-2.5672352,0.12792296707630157,0.977477490901947,0.6663663387298584
YGL115W,YGR239C,1,-2.5686808,0.12809430062770844,0.9789789915084839,0.6663663387298584
YPR083W,YCR052W,0,-2.5702186,0.12806914746761322,0.9789789915084839,0.6665165424346924
YPL082C,YCR011C,0,-2.57027,0.128043994307518,0.9789789915084839,0.6666666865348816
YIL006W,YOL004W,0,-2.571426,0.12801885604858398,0.9789789915084839,0.6668168306350708
YGR180C,YOR378W,0,-2.5723147,0.12799371778964996,0.9789789915084839,0.66696697473526
YDL202W,YCR087C-A,0,-2.5742946,0.12796859443187714,0.9789789915084839,0.6671171188354492
YLR107W,YPL112C,0,-2.5752168,0.1279434859752655,0.9789789915084839,0.6672672629356384
YLR244C,YKL186C,0,-2.575272,0.12791837751865387,0.9789789915084839,0.6674174070358276
YDL202W,YPR190C,0,-2.5782666,0.12789329886436462,0.9789789915084839,0.6675675511360168
YBL041W,YER162C,0,-2.580564,0.12786820530891418,0.9789789915084839,0.667717695236206
YPL167C,YER130C,0,-2.5814586,0.12784314155578613,0.9789789915084839,0.6678678393363953
YJR026W,YDR109C,0,-2.5818305,0.12781807780265808,0.9789789915084839,0.6680180430412292
YHR077C,YDR449C,0,-2.582004,0.12779302895069122,0.9789789915084839,0.6681681871414185
YOR106W,YIL061C,0,-2.5850968,0.12776798009872437,0.9789789915084839,0.6683183312416077
YOR292C,YHR209W,0,-2.5860898,0.1277429461479187,0.9789789915084839,0.6684684753417969
YPL167C,YFL010W-A,0,-2.58806,0.12771792709827423,0.9789789915084839,0.6686186194419861
YER171W,YLR278C,0,-2.58859,0.12769290804862976,0.9789789915084839,0.6687687635421753
YEL052W,YML097C,0,-2.5903294,0.12766790390014648,0.9789789915084839,0.6689189076423645
YBR052C,YAL039C,0,-2.5904503,0.1276429146528244,0.9789789915084839,0.6690690517425537
YKL126W,YPR162C,0,-2.5905013,0.12761792540550232,0.9789789915084839,0.6692191958427429
YDL084W,YJR112W,0,-2.5909758,0.12759295105934143,0.9789789915084839,0.6693693399429321
YOL145C,YDL078C,0,-2.5913713,0.12756799161434174,0.9789789915084839,0.6695195436477661
YKL190W,YOR243C,0,-2.591507,0.12754303216934204,0.9789789915084839,0.6696696877479553
YDR518W,YOR311C,0,-2.5930824,0.12751808762550354,0.9789789915084839,0.6698198318481445
YER117W,YNR017W,0,-2.595397,0.12749315798282623,0.9789789915084839,0.6699699759483337
YOR159C,YNL127W,0,-2.5954938,0.12746822834014893,0.9789789915084839,0.670120120048523
YDR030C,YJL060W,0,-2.5961518,0.1274433135986328,0.9789789915084839,0.6702702641487122
YKR054C,YNR004W,0,-2.596903,0.1274184137582779,0.9789789915084839,0.6704204082489014
YBL005W-B,YFL010W-A,0,-2.5974436,0.12739351391792297,0.9789789915084839,0.6705705523490906
YOR274W,YPR198W,0,-2.5974634,0.12736862897872925,0.9789789915084839,0.6707206964492798
YFR018C,YCL025C,0,-2.5979185,0.12734374403953552,0.9789789915084839,0.6708709001541138
YER138C,YBL085W,0,-2.5984163,0.12731888890266418,0.9789789915084839,0.671021044254303
YPR128C,YMR204C,1,-2.6003146,0.12748926877975464,0.9804804921150208,0.671021044254303
YOR317W,YDL216C,0,-2.60212,0.12746436893939972,0.9804804921150208,0.6711711883544922
YER138C,YCL043C,0,-2.6021662,0.1274394989013672,0.9804804921150208,0.6713213324546814
YPR187W,YGR095C,0,-2.6024828,0.12741462886333466,0.9804804921150208,0.6714714765548706
YLR270W,YDR218C,0,-2.602573,0.12738977372646332,0.9804804921150208,0.6716216206550598
YER162C,YML039W,0,-2.6030684,0.12736493349075317,0.9804804921150208,0.671771764755249
YGR180C,YAL031C,0,-2.6043475,0.12734009325504303,0.9804804921150208,0.6719219088554382
YDL202W,YIL177C,0,-2.6048954,0.12731526792049408,0.9804804921150208,0.6720720529556274
YNL281W,YNR057C,0,-2.605081,0.12729044258594513,0.9804804921150208,0.6722221970558167
YJL005W,YLR391W,0,-2.6073442,0.12726564705371857,0.9804804921150208,0.6723724007606506
YPL082C,YIR038C,0,-2.609322,0.1272408366203308,0.9804804921150208,0.6725225448608398
YKL064W,YGL019W,0,-2.609353,0.12721605598926544,0.9804804921150208,0.672672688961029
YGL225W,YIL159W,0,-2.6095517,0.12719127535820007,0.9804804921150208,0.6728228330612183
YBR170C,YIL021W,0,-2.6097345,0.1271665096282959,0.9804804921150208,0.6729729771614075
YJR107W,YJR101W,0,-2.6123052,0.12714174389839172,0.9804804921150208,0.6731231212615967
YLR197W,YOR230W,0,-2.615666,0.12711699306964874,0.9804804921150208,0.6732732653617859
YBR150C,YPR190C,0,-2.6160996,0.12709225714206696,0.9804804921150208,0.6734234094619751
YJR051W,YML097C,0,-2.6175542,0.12706752121448517,0.9804804921150208,0.6735735535621643
YDR378C,YPR001W,0,-2.6178193,0.12704280018806458,0.9804804921150208,0.6737236976623535
YML028W,YLR025W,0,-2.6193995,0.12701809406280518,0.9804804921150208,0.6738739013671875
YOR159C,YGR214W,0,-2.6208634,0.12699338793754578,0.9804804921150208,0.6740240454673767
YNR074C,YLR359W,0,-2.6218715,0.12696869671344757,0.9804804921150208,0.6741741895675659
YNL110C,YBR042C,0,-2.622551,0.12694400548934937,0.9804804921150208,0.6743243336677551
YER185W,YDR410C,0,-2.6225543,0.12691934406757355,0.9804804921150208,0.6744744777679443
YGL026C,YOR338W,0,-2.6233277,0.12689468264579773,0.9804804921150208,0.6746246218681335
YOR176W,YPL083C,0,-2.623595,0.1268700212240219,0.9804804921150208,0.6747747659683228
YJL128C,YLR325C,0,-2.6242514,0.1268453747034073,0.9804804921150208,0.674924910068512
YOR216C,YNL282W,0,-2.624662,0.12682074308395386,0.9804804921150208,0.6750750541687012
YBR260C,YHR077C,0,-2.6250658,0.12679611146450043,0.9804804921150208,0.6752251982688904
YMR033W,YFL017W-A,0,-2.6255302,0.1267714947462082,0.9804804921150208,0.6753754019737244
YDR076W,YBR074W,0,-2.6291108,0.12674689292907715,0.9804804921150208,0.6755255460739136
YLR224W,YDL077C,0,-2.6293228,0.1267222911119461,0.9804804921150208,0.6756756901741028
YLR244C,YBR141C,0,-2.6331978,0.12669770419597626,0.9804804921150208,0.675825834274292
YDR079W,YDL179W,0,-2.6346903,0.1266731321811676,0.9804804921150208,0.6759759783744812
YAL033W,YLR026C,0,-2.6355991,0.12664856016635895,0.9804804921150208,0.6761261224746704
YAR002C-A,YLR042C,0,-2.6357002,0.1266240030527115,0.9804804921150208,0.6762762665748596
YNL008C,YOR324C,0,-2.636434,0.12659946084022522,0.9804804921150208,0.6764264106750488
YLL051C,YLR440C,0,-2.6385489,0.12657491862773895,0.9804804921150208,0.676576554775238
YOR215C,YJR031C,0,-2.6388888,0.12655039131641388,0.9804804921150208,0.6767266988754272
YDL021W,YBR128C,0,-2.639349,0.1265258640050888,0.9804804921150208,0.6768769025802612
YOR237W,YLR047C,0,-2.6398077,0.12650135159492493,0.9804804921150208,0.6770270466804504
YDR457W,YMR296C,0,-2.6402035,0.12647685408592224,0.9804804921150208,0.6771771907806396
YER055C,YLR404W,0,-2.6416183,0.12645235657691956,0.9804804921150208,0.6773273348808289
YKL174C,YKL074C,0,-2.6418068,0.12642787396907806,0.9804804921150208,0.6774774789810181
YMR300C,YBR243C,0,-2.6435065,0.12640340626239777,0.9804804921150208,0.6776276230812073
YOR304W,YFR018C,0,-2.6435552,0.12637893855571747,0.9804804921150208,0.6777777671813965
YOR206W,YBR172C,0,-2.645422,0.12635448575019836,0.9804804921150208,0.6779279112815857
YCL043C,YDL208W,0,-2.6492736,0.12633004784584045,0.9804804921150208,0.6780780553817749
YPR198W,YPL112C,0,-2.6500747,0.12630560994148254,0.9804804921150208,0.6782281994819641
YHR132C,YPR187W,0,-2.6503315,0.12628118693828583,0.9804804921150208,0.6783784031867981
YLR301W,YLR042C,0,-2.6505375,0.1262567639350891,0.9804804921150208,0.6785285472869873
YFL057C,YDR461W,0,-2.650621,0.1262323558330536,0.9804804921150208,0.6786786913871765
YOR251C,YLR389C,0,-2.6511283,0.12620796263217926,0.9804804921150208,0.6788288354873657
YKL093W,YOR311C,0,-2.6533158,0.12618356943130493,0.9804804921150208,0.6789789795875549
YER055C,YDR240C,0,-2.6540394,0.1261591911315918,0.9804804921150208,0.6791291236877441
YLR228C,YNR004W,0,-2.654858,0.12613482773303986,0.9804804921150208,0.6792792677879333
YPR167C,YGL148W,0,-2.6554382,0.12611046433448792,0.9804804921150208,0.6794294118881226
YOR148C,YIL083C,0,-2.655633,0.12608611583709717,0.9804804921150208,0.6795795559883118
YLR447C,YDR281C,0,-2.6569657,0.12606178224086761,0.9804804921150208,0.679729700088501
YHR061C,YDR072C,0,-2.6570172,0.12603744864463806,0.9804804921150208,0.679879903793335
YJL134W,YER074W,0,-2.6592982,0.1260131150484085,0.9804804921150208,0.6800300478935242
YHR214C-B,YDR403W,0,-2.6593013,0.12598881125450134,0.9804804921150208,0.6801801919937134
YJL191W,YMR308C,0,-2.6595085,0.12596450746059418,0.9804804921150208,0.6803303360939026
YPR035W,YJR070C,0,-2.6609674,0.1259402185678482,0.9804804921150208,0.6804804801940918
YLL002W,YGR095C,0,-2.6619663,0.12591592967510223,0.9804804921150208,0.680630624294281
YHR004C,YHR051W,0,-2.6630797,0.12589165568351746,0.9804804921150208,0.6807807683944702
YLR028C,YJR032W,0,-2.6637852,0.12586738169193268,0.9804804921150208,0.6809309124946594
YHR119W,YMR099C,0,-2.6638124,0.1258431226015091,0.9804804921150208,0.6810810565948486
YLR295C,YJL141C,0,-2.6640153,0.1258188784122467,0.9804804921150208,0.6812312602996826
YPR187W,YDR140W,0,-2.6643972,0.1257946491241455,0.9804804921150208,0.6813814043998718
YGR052W,YBR042C,0,-2.6681116,0.1257704198360443,0.9804804921150208,0.681531548500061
YMR078C,YPL113C,0,-2.669002,0.12574619054794312,0.9804804921150208,0.6816816926002502
YNL274C,YFL054C,0,-2.669428,0.1257219910621643,0.9804804921150208,0.6818318367004395
YPR191W,YDR476C,0,-2.6703715,0.1256977915763855,0.9804804921150208,0.6819819808006287
YMR013C,YJR026W,0,-2.670755,0.1256735920906067,0.9804804921150208,0.6821321249008179
YDL054C,YDR174W,0,-2.6707778,0.12564940750598907,0.9804804921150208,0.6822822690010071
YGR010W,YLR344W,0,-2.6713295,0.12562523782253265,0.9804804921150208,0.6824324131011963
YDR405W,YPL163C,0,-2.6719606,0.12560108304023743,0.9804804921150208,0.6825825572013855
YJL124C,YHR008C,0,-2.6729364,0.1255769282579422,0.9804804921150208,0.6827327609062195
YMR168C,YOR285W,0,-2.6742568,0.12555277347564697,0.9804804921150208,0.6828829050064087
YBR002C,YGL174W,0,-2.6748185,0.12552864849567413,0.9804804921150208,0.6830330491065979
YGR105W,YBR141C,0,-2.6769392,0.1255045235157013,0.9804804921150208,0.6831831932067871
YJL066C,YEL056W,0,-2.6784341,0.12548039853572845,0.9804804921150208,0.6833333373069763
YGR221C,YOR313C,0,-2.6796236,0.1254562884569168,0.9804804921150208,0.6834834814071655
YLR404W,YER090W,0,-2.6799068,0.12543219327926636,0.9804804921150208,0.6836336255073547
YOR193W,YPR128C,1,-2.6805034,0.1256001591682434,0.9819819927215576,0.6836336255073547
YPR119W,YOL062C,0,-2.6821785,0.12557603418827057,0.9819819927215576,0.683783769607544
YER014C-A,YFL057C,0,-2.6866307,0.12555192410945892,0.9819819927215576,0.6839339137077332
YGR180C,YDR457W,0,-2.6874316,0.12552782893180847,0.9819819927215576,0.6840840578079224
YBR202W,YDL045C,0,-2.6884432,0.1255037486553192,0.9819819927215576,0.6842342615127563
YKR008W,YFL011W-A,0,-2.68953,0.12547966837882996,0.9819819927215576,0.6843844056129456
YER013W,YBL091C-A,0,-2.6896563,0.1254555881023407,0.9819819927215576,0.6845345497131348
YDL055C,YDL040C,0,-2.690224,0.12543153762817383,0.9819819927215576,0.684684693813324
YDR159W,YGR239C,0,-2.6908712,0.12540747225284576,0.9819819927215576,0.6848348379135132
YBR182C,YPR127W,0,-2.6909783,0.1253834366798401,0.9819819927215576,0.6849849820137024
YKL064W,YCR012W,0,-2.691235,0.1253594011068344,0.9819819927215576,0.6851351261138916
YNL309W,YBR010W,0,-2.693646,0.12533538043498993,0.9819819927215576,0.6852852702140808
YLR165C,YKL201C,0,-2.6959648,0.12531135976314545,0.9819819927215576,0.68543541431427
YLR105C,YJL004C,0,-2.6991448,0.12528735399246216,0.9819819927215576,0.6855855584144592
YBR177C,YGL236C,0,-2.699566,0.12526336312294006,0.9819819927215576,0.6857357621192932
YER014C-A,YFR019W,0,-2.6998866,0.12523937225341797,0.9819819927215576,0.6858859062194824
YLL051C,YPL200W,0,-2.7008405,0.12521539628505707,0.9819819927215576,0.6860360503196716
YEL043W,YKL166C,0,-2.702209,0.12519142031669617,0.9819819927215576,0.6861861944198608
YHR074W,YPL274W,0,-2.7024066,0.12516745924949646,0.9819819927215576,0.68633633852005
YML097C,YHR209W,0,-2.7033234,0.12514351308345795,0.9819819927215576,0.6864864826202393
YKL103C,YAR035W,0,-2.7088375,0.12511956691741943,0.9819819927215576,0.6866366267204285
YOR291W,YKR102W,0,-2.7098274,0.12509563565254211,0.9819819927215576,0.6867867708206177
YML073C,YMR075W,0,-2.710977,0.125071719288826,0.9819819927215576,0.6869369149208069
YNL044W,YDR285W,0,-2.711835,0.12504780292510986,0.9819819927215576,0.6870870590209961
YLL004W,YER190W,0,-2.7125134,0.12502390146255493,0.9819819927215576,0.6872372627258301
YOR237W,YER190W,0,-2.71305,0.125,0.9819819927215576,0.6873874068260193
YFL054C,YER052C,0,-2.7137187,0.12497611343860626,0.9819819927215576,0.6875375509262085
YDR146C,YNL262W,0,-2.714233,0.12495223432779312,0.9819819927215576,0.6876876950263977
YGL237C,YKL161C,0,-2.714436,0.12492837011814117,0.9819819927215576,0.6878378391265869
YNR067C,YPL240C,0,-2.7167377,0.12490450590848923,0.9819819927215576,0.6879879832267761
YPR035W,YDR072C,0,-2.717327,0.12488065659999847,0.9819819927215576,0.6881381273269653
YML039W,YBR074W,0,-2.7178407,0.12485681474208832,0.9819819927215576,0.6882882714271545
YEL031W,YBR141C,0,-2.7180471,0.12483298033475876,0.9819819927215576,0.6884384155273438
YOR230W,YMR160W,0,-2.7180562,0.1248091608285904,0.9819819927215576,0.688588559627533
YNL080C,YER019C-A,0,-2.7182565,0.12478534877300262,0.9819819927215576,0.6887387633323669
YLR386W,YHR085W,0,-2.7193732,0.12476154416799545,0.9819819927215576,0.6888889074325562
YDL142C,YJR053W,0,-2.7210221,0.12473774701356888,0.9819819927215576,0.6890390515327454
YIL128W,YLL019C,0,-2.7220898,0.1247139573097229,0.9819819927215576,0.6891891956329346
YMR238W,YOR294W,0,-2.7222424,0.12469018250703812,0.9819819927215576,0.6893393397331238
YOR251C,YPR138C,0,-2.722845,0.12466641515493393,0.9819819927215576,0.689489483833313
YER150W,YOR239W,0,-2.7237642,0.12464265525341034,0.9819819927215576,0.6896396279335022
YOR148C,YIL035C,0,-2.7238023,0.12461890280246735,0.9819819927215576,0.6897897720336914
YBR118W,YER125W,0,-2.7251046,0.12459515780210495,0.9819819927215576,0.6899399161338806
YGL209W,YJL029C,0,-2.7253413,0.12457142770290375,0.9819819927215576,0.6900901198387146
YLL002W,YDR211W,0,-2.7267883,0.12454770505428314,0.9819819927215576,0.6902402639389038
YHR012W,YBL092W,0,-2.727367,0.12452398985624313,0.9819819927215576,0.690390408039093
YJL006C,YKR044W,0,-2.7276902,0.12450028210878372,0.9819819927215576,0.6905405521392822
YLR206W,YKL067W,0,-2.7281687,0.1244765892624855,0.9819819927215576,0.6906906962394714
YLR228C,YEL022W,0,-2.7283392,0.12445290386676788,0.9819819927215576,0.6908408403396606
YGR010W,YLR113W,0,-2.7285867,0.12442922592163086,0.9819819927215576,0.6909909844398499
YMR033W,YBR281C,0,-2.7292209,0.12440555542707443,0.9819819927215576,0.6911411285400391
YKL020C,YEL043W,0,-2.7297213,0.1243818923830986,0.9819819927215576,0.6912912726402283
YGR145W,YPL065W,0,-2.7315698,0.12435824424028397,0.9819819927215576,0.6914414167404175
YOR071C,YGR221C,0,-2.7316914,0.12433460354804993,0.9819819927215576,0.6915916204452515
YKL205W,YJR031C,0,-2.7327518,0.12431097030639648,0.9819819927215576,0.6917417645454407
YKL166C,YHR174W,0,-2.7328258,0.12428734451532364,0.9819819927215576,0.6918919086456299
YDR411C,YKL190W,0,-2.734201,0.12426372617483139,0.9819819927215576,0.6920420527458191
YMR168C,YMR033W,0,-2.7375593,0.12424012273550034,0.9819819927215576,0.6921921968460083
YOR299W,YBR238C,0,-2.7378016,0.12421652674674988,0.9819819927215576,0.6923423409461975
YPR204W,YKL171W,0,-2.738481,0.12419293820858002,0.9819819927215576,0.6924924850463867
YGR255C,YNR013C,0,-2.7407427,0.12416935712099075,0.9819819927215576,0.6926426291465759
YOL090W,YPR138C,0,-2.7409735,0.12414578348398209,0.9819819927215576,0.6927927732467651
YNL122C,YDR262W,0,-2.7411282,0.12412222474813461,0.9819819927215576,0.6929429173469543
YHR132C,YGL169W,0,-2.7439752,0.12409867346286774,0.9819819927215576,0.6930931210517883
YOL086C,YJL085W,0,-2.7449946,0.12407512962818146,0.9819819927215576,0.6932432651519775
YBR172C,YBR042C,0,-2.7458782,0.12405159324407578,0.9819819927215576,0.6933934092521667
YOR304C-A,YIL135C,0,-2.746231,0.12402806431055069,0.9819819927215576,0.693543553352356
YGL112C,YFR033C,0,-2.7480488,0.1240045502781868,0.9819819927215576,0.6936936974525452
YPL223C,YGL051W,0,-2.7487836,0.1239810436964035,0.9819819927215576,0.6938438415527344
YPL083C,YPR043W,0,-2.7509947,0.1239575445652008,0.9819819927215576,0.6939939856529236
YHR030C,YPR006C,0,-2.751696,0.1239340528845787,0.9819819927215576,0.6941441297531128
YDL055C,YHR041C,0,-2.7532344,0.1239105686545372,0.9819819927215576,0.694294273853302
YIL135C,YNL027W,0,-2.7534218,0.12388709932565689,0.9819819927215576,0.6944444179534912
YHR179W,YKL078W,0,-2.7545447,0.12386363744735718,0.9819819927215576,0.6945946216583252
YDR499W,YNL050C,0,-2.7548847,0.12384018301963806,0.9819819927215576,0.6947447657585144
YNL178W,YPL011C,0,-2.758952,0.12381673604249954,0.9819819927215576,0.6948949098587036
YAL022C,YBR141C,0,-2.7599173,0.12379329651594162,0.9819819927215576,0.6950450539588928
YBR275C,YDR403W,0,-2.760788,0.12376987189054489,0.9819819927215576,0.695195198059082
YHL012W,YLR073C,0,-2.7609985,0.12374645471572876,0.9819819927215576,0.6953453421592712
YLR191W,YLR316C,0,-2.7614765,0.12372304499149323,0.9819819927215576,0.6954954862594604
YKL041W,YIL079C,0,-2.762022,0.12369964271783829,0.9819819927215576,0.6956456303596497
YDR072C,YJL171C,0,-2.7628405,0.12367624789476395,0.9819819927215576,0.6957957744598389
YGR216C,YIL083C,0,-2.7628427,0.1236528679728508,0.9819819927215576,0.6959459185600281
YBR187W,YDR373W,0,-2.763005,0.12362948805093765,0.9819819927215576,0.6960961222648621
YLR105C,YNL044W,0,-2.7631483,0.1236061230301857,0.9819819927215576,0.6962462663650513
YOL141W,YOR323C,0,-2.765376,0.12358276546001434,0.9819819927215576,0.6963964104652405
YPR125W,YKL001C,0,-2.7664852,0.12355941534042358,0.9819819927215576,0.6965465545654297
YJR034W,YNL259C,0,-2.7666042,0.12353608012199402,0.9819819927215576,0.6966966986656189
YER171W,YER137C,0,-2.7669876,0.12351274490356445,0.9819819927215576,0.6968468427658081
YNR031C,YJR032W,0,-2.7687058,0.12348942458629608,0.9819819927215576,0.6969969868659973
YJL194W,YHR066W,0,-2.7706919,0.1234661117196083,0.9819819927215576,0.6971471309661865
YDR137W,YHR041C,0,-2.7727304,0.12344280630350113,0.9819819927215576,0.6972972750663757
YOR323C,YMR176W,0,-2.7727342,0.12341951578855515,0.9819819927215576,0.6974474191665649
YPR171W,YMR228W,0,-2.7732267,0.12339622527360916,0.9819819927215576,0.6975976228713989
YJR147W,YMR046C,0,-2.7739687,0.12337294965982437,0.9819819927215576,0.6977477669715881
YOR292C,YPR002W,0,-2.7744627,0.12334968149662018,0.9819819927215576,0.6978979110717773
YMR115W,YLR042C,0,-2.7776227,0.12332642078399658,0.9819819927215576,0.6980480551719666
YNL107W,YCL034W,0,-2.7779994,0.12330316752195358,0.9819819927215576,0.6981981992721558
YKL170W,YKL082C,0,-2.7801409,0.12327992171049118,0.9819819927215576,0.698348343372345
YOL082W,YLR394W,0,-2.782559,0.12325669080018997,0.9819819927215576,0.6984984874725342
YJR070C,YJL225C,0,-2.783652,0.12323346734046936,0.9819819927215576,0.6986486315727234
YDR411C,YLR270W,0,-2.7859602,0.12321025133132935,0.9819819927215576,0.6987987756729126
YJL134W,YER046W,0,-2.786199,0.12318704277276993,0.9819819927215576,0.6989489197731018
YDR170C,YGR155W,0,-2.7864962,0.12316384166479111,0.9819819927215576,0.6990991234779358
YDR310C,YFL057C,0,-2.7866998,0.12314064800739288,0.9819819927215576,0.699249267578125
YMR241W,YBR192W,0,-2.78825,0.12311746925115585,0.9819819927215576,0.6993994116783142
YGL236C,YDR497C,0,-2.7884705,0.12309429794549942,0.9819819927215576,0.6995495557785034
YNR031C,YLR300W,0,-2.789863,0.12307113409042358,0.9819819927215576,0.6996996998786926
YMR020W,YMR272C,0,-2.790219,0.12304797768592834,0.9819819927215576,0.6998498439788818
YPL087W,YJL085W,0,-2.7927012,0.1230248287320137,0.9819819927215576,0.699999988079071
YNR003C,YPR006C,0,-2.7928658,0.12300169467926025,0.9819819927215576,0.7001501321792603
YHR211W,YIL076W,0,-2.7934122,0.1229785606265068,0.9819819927215576,0.7003002762794495
YDR419W,YAL022C,0,-2.7936096,0.12295544147491455,0.9819819927215576,0.7004504799842834
YBR278W,YOR237W,0,-2.7939796,0.1229323297739029,0.9819819927215576,0.7006006240844727
YDR260C,YBR074W,0,-2.7944949,0.12290922552347183,0.9819819927215576,0.7007507681846619
YNL032W,YNL274C,0,-2.7958388,0.12288613617420197,0.9819819927215576,0.7009009122848511
YDR174W,YAL016W,0,-2.7963288,0.1228630468249321,0.9819819927215576,0.7010510563850403
YIL006W,YPL113C,0,-2.7966774,0.12283997237682343,0.9819819927215576,0.7012012004852295
YJL225C,YMR093W,0,-2.7969072,0.12281689792871475,0.9819819927215576,0.7013513445854187
YFR045W,YDR229W,0,-2.7975416,0.12279383838176727,0.9819819927215576,0.7015014886856079
YHR179W,YJL103C,0,-2.7979221,0.12277079373598099,0.9819819927215576,0.7016516327857971
YOL145C,YOR353C,0,-2.799241,0.1227477490901947,0.9819819927215576,0.7018017768859863
YNL261W,YFL057C,0,-2.7993746,0.12272471189498901,0.9819819927215576,0.7019519805908203
YLR244C,YEL036C,0,-2.7995648,0.12270168960094452,0.9819819927215576,0.7021021246910095
YKL168C,YJL171C,0,-2.802102,0.12267867475748062,0.9819819927215576,0.7022522687911987
YGR264C,YNR021W,0,-2.8038912,0.12265566736459732,0.9819819927215576,0.7024024128913879
YOL129W,YPL276W,0,-2.8042207,0.12263266742229462,0.9819819927215576,0.7025525569915771
YGR282C,YEL036C,0,-2.8057728,0.12260967493057251,0.9819819927215576,0.7027027010917664
YHR060W,YNL050C,0,-2.8078208,0.122586689889431,0.9819819927215576,0.7028528451919556
YHR175W,YLR401C,0,-2.8121696,0.12256371974945068,0.9819819927215576,0.7030029892921448
YGR180C,YPR127W,0,-2.8142452,0.12254074960947037,0.9819819927215576,0.703153133392334
YMR301C,YNR060W,0,-2.8167868,0.12251779437065125,0.9819819927215576,0.7033032774925232
YGR177C,YLR301W,0,-2.8167949,0.12249484658241272,0.9819819927215576,0.7034534811973572
YJR149W,YMR145C,0,-2.8192582,0.12247191369533539,0.9819819927215576,0.7036036252975464
YMR038C,YOL107W,0,-2.8194995,0.12244898080825806,0.9819819927215576,0.7037537693977356
YNL070W,YOR355W,0,-2.8195171,0.12242605537176132,0.9819819927215576,0.7039039134979248
YLR103C,YOL136C,0,-2.8195555,0.12240314483642578,0.9819819927215576,0.704054057598114
YPR133W-A,YAL039C,0,-2.8198824,0.12238024175167084,0.9819819927215576,0.7042042016983032
YNL274C,YPL098C,0,-2.8212364,0.12235734611749649,0.9819819927215576,0.7043543457984924
YLR145W,YER137C,0,-2.8225212,0.12233445793390274,0.9819819927215576,0.7045044898986816
YDR167W,YDR429C,0,-2.8230834,0.12231157720088959,0.9819819927215576,0.7046546339988708
YJR107W,YDR492W,0,-2.8238268,0.12228870391845703,0.9819819927215576,0.7048047780990601
YGL030W,YIL047C,0,-2.8245058,0.12226584553718567,0.9819819927215576,0.704954981803894
YMR315W,YPR191W,0,-2.8255136,0.1222429871559143,0.9819819927215576,0.7051051259040833
YDR151C,YOR353C,0,-2.8261888,0.12222014367580414,0.9819819927215576,0.7052552700042725
YLR165C,YOR292C,0,-2.8263583,0.12219730764627457,0.9819819927215576,0.7054054141044617
YGR281W,YJR053W,0,-2.8265996,0.12217447906732559,0.9819819927215576,0.7055555582046509
YNL102W,YIL083C,0,-2.8273098,0.12215166538953781,0.9819819927215576,0.7057057023048401
YMR228W,YPR060C,0,-2.8280735,0.12212885171175003,0.9819819927215576,0.7058558464050293
YBR230C,YBR281C,0,-2.828461,0.12210605293512344,0.9819819927215576,0.7060059905052185
YLR291C,YLR219W,0,-2.8289046,0.12208325415849686,0.9819819927215576,0.7061561346054077
YIL083C,YLR050C,0,-2.829132,0.12206047028303146,0.9819819927215576,0.7063062787055969
YDL217C,YHR082C,0,-2.8300858,0.12203769385814667,0.9819819927215576,0.7064564824104309
YER154W,YHR005C-A,0,-2.8302429,0.12201492488384247,0.9819819927215576,0.7066066265106201
YGR113W,YGL050W,0,-2.830898,0.12199216336011887,0.9819819927215576,0.7067567706108093
YNR035C,YBR074W,0,-2.8317034,0.12196941673755646,0.9819819927215576,0.7069069147109985
YFR029W,YPR125W,0,-2.8318691,0.12194667011499405,0.9819819927215576,0.7070570588111877
YFR031C,YGR169C,0,-2.8341222,0.12192393839359283,0.9819819927215576,0.707207202911377
YNL026W,YPR125W,0,-2.838325,0.12190121412277222,0.9819819927215576,0.7073573470115662
YLR314C,YDL083C,0,-2.8405004,0.1218784973025322,0.9819819927215576,0.7075074911117554
YGL115W,YOR084W,1,-2.84116,0.12204211205244064,0.9834834933280945,0.7075074911117554
YBR081C,YBL112C,0,-2.8423476,0.12201937288045883,0.9834834933280945,0.7076576352119446
YDL029W,YDR034C,0,-2.8449445,0.12199664860963821,0.9834834933280945,0.7078077793121338
YOR145C,YIL047C,0,-2.8471482,0.1219739317893982,0.9834834933280945,0.7079579830169678
YLR404W,YMR239C,0,-2.8481207,0.12195122241973877,0.9834834933280945,0.708108127117157
YGR144W,YLR291C,0,-2.8483644,0.12192852050065994,0.9834834933280945,0.7082582712173462
YHR047C,YKL009W,0,-2.848781,0.12190582603216171,0.9834834933280945,0.7084084153175354
YJL192C,YLR073C,0,-2.848898,0.12188313901424408,0.9834834933280945,0.7085585594177246
YLR157C,YFL033C,0,-2.8494234,0.12186046689748764,0.9834834933280945,0.7087087035179138
YJR028W,YLR389C,0,-2.8499792,0.1218377947807312,0.9834834933280945,0.708858847618103
YBL091C-A,YGL148W,0,-2.8501263,0.12181513756513596,0.9834834933280945,0.7090089917182922
YPL119C,YER165W,0,-2.853447,0.12179248780012131,0.9834834933280945,0.7091591358184814
YHR214C-B,YPL252C,0,-2.8536367,0.12176984548568726,0.9834834933280945,0.7093092799186707
YMR301C,YNL016W,0,-2.8557527,0.1217472106218338,0.9834834933280945,0.7094594836235046
YER125W,YDR353W,0,-2.855972,0.12172458320856094,0.9834834933280945,0.7096096277236938
YDR072C,YCL024W,0,-2.8565784,0.12170197069644928,0.9834834933280945,0.7097597718238831
YDR207C,YJR133W,0,-2.856721,0.12167935818433762,0.9834834933280945,0.7099099159240723
YEL069C,YLR383W,0,-2.857244,0.12165676057338715,0.9834834933280945,0.7100600600242615
YOR323C,YLR401C,0,-2.8577852,0.12163417041301727,0.9834834933280945,0.7102102041244507
YIL094C,YJR005W,0,-2.8597581,0.121611587703228,0.9834834933280945,0.7103603482246399
YOL136C,YPL208W,0,-2.860557,0.12158901244401932,0.9834834933280945,0.7105104923248291
YER013W,YLL061W,0,-2.8611383,0.12156644463539124,0.9834834933280945,0.7106606364250183
YOL028C,YDL170W,0,-2.8613775,0.12154388427734375,0.9834834933280945,0.7108108401298523
YER050C,YMR321C,0,-2.861919,0.12152133882045746,0.9834834933280945,0.7109609842300415
YLR380W,YFL048C,0,-2.8627646,0.12149879336357117,0.9834834933280945,0.7111111283302307
YHL034C,YOR355W,0,-2.8634028,0.12147626280784607,0.9834834933280945,0.7112612724304199
YFL066C,YER168C,0,-2.865264,0.12145373970270157,0.9834834933280945,0.7114114165306091
YGL113W,YHR057C,0,-2.8665552,0.12143121659755707,0.9834834933280945,0.7115615606307983
YKL189W,YBR061C,0,-2.867203,0.12140870839357376,0.9834834933280945,0.7117117047309875
YIL047C,YDR496C,0,-2.8673334,0.12138621509075165,0.9834834933280945,0.7118618488311768
YDL084W,YNL284C,0,-2.8688793,0.12136372178792953,0.9834834933280945,0.712011992931366
YOR212W,YMR186W,0,-2.8746662,0.12134123593568802,0.9834834933280945,0.7121621370315552
YMR203W,YLL043W,0,-2.8771572,0.1213187649846077,0.9834834933280945,0.7123123407363892
YBR002C,YLR452C,0,-2.8780134,0.12129629403352737,0.9834834933280945,0.7124624848365784
YML071C,YOR377W,0,-2.8784554,0.12127383798360825,0.9834834933280945,0.7126126289367676
YCR057C,YBR052C,0,-2.881113,0.12125138938426971,0.9834834933280945,0.7127627730369568
YHR041C,YLR145W,0,-2.8811893,0.12122894823551178,0.9834834933280945,0.712912917137146
YMR089C,YGR169C,0,-2.8829348,0.12120651453733444,0.9834834933280945,0.7130630612373352
YKL067W,YJL213W,0,-2.8841655,0.1211840882897377,0.9834834933280945,0.7132132053375244
YBR275C,YLR316C,0,-2.8856816,0.12116166949272156,0.9834834933280945,0.7133633494377136
YKL009W,YNL032W,0,-2.8861141,0.12113926559686661,0.9834834933280945,0.7135134935379028
YLR183C,YLL034C,0,-2.8912263,0.12111686170101166,0.9834834933280945,0.713663637638092
YOR084W,YDR444W,0,-2.8937387,0.1210944727063179,0.9834834933280945,0.713813841342926
YLL004W,YNL110C,0,-2.894608,0.12107209116220474,0.9834834933280945,0.7139639854431152
YDR245W,YDL198C,0,-2.896834,0.12104971706867218,0.9834834933280945,0.7141141295433044
YGL212W,YML080W,0,-2.9001455,0.12102734297513962,0.9834834933280945,0.7142642736434937
YDR518W,YOL102C,0,-2.9032426,0.12100499123334885,0.9834834933280945,0.7144144177436829
YKR056W,YGL050W,0,-2.9042034,0.12098263949155807,0.9834834933280945,0.7145645618438721
YER055C,YHR156C,0,-2.9043305,0.1209602952003479,0.9834834933280945,0.7147147059440613
YGL068W,YGL183C,0,-2.9052207,0.12093795835971832,0.9834834933280945,0.7148648500442505
YMR321C,YER130C,0,-2.906003,0.12091563642024994,0.9834834933280945,0.7150149941444397
YJR028W,YCR011C,0,-2.9070406,0.12089332193136215,0.9834834933280945,0.7151651382446289
YBR093C,YML039W,0,-2.9079309,0.12087100744247437,0.9834834933280945,0.7153153419494629
YMR114C,YDR159W,0,-2.9091568,0.12084870785474777,0.9834834933280945,0.7154654860496521
YNL078W,YHR008C,0,-2.9119759,0.12082641571760178,0.9834834933280945,0.7156156301498413
YJR040W,YJL006C,0,-2.9127774,0.12080413103103638,0.9834834933280945,0.7157657742500305
YDR527W,YLR390W,0,-2.9137769,0.12078185379505157,0.9834834933280945,0.7159159183502197
YBR150C,YOR285W,0,-2.9143481,0.12075958400964737,0.9834834933280945,0.7160660624504089
YNL153C,YKR102W,0,-2.9163241,0.12073732912540436,0.9834834933280945,0.7162162065505981
YLR129W,YPL113C,0,-2.917322,0.12071507424116135,0.9834834933280945,0.7163663506507874
YLR024C,YER019C-A,0,-2.918212,0.12069283425807953,0.9834834933280945,0.7165164947509766
YLR289W,YJR010W,0,-2.9200299,0.12067059427499771,0.9834834933280945,0.7166666388511658
YNL236W,YDR423C,0,-2.9204273,0.12064836919307709,0.9834834933280945,0.7168168425559998
YHR211W,YFL017W-A,0,-2.920889,0.12062615156173706,0.9834834933280945,0.716966986656189
YGL162W,YJL187C,0,-2.9213867,0.12060394138097763,0.9834834933280945,0.7171171307563782
YBR271W,YLL055W,0,-2.9215508,0.1205817386507988,0.9834834933280945,0.7172672748565674
YOR071C,YDR159W,0,-2.9215965,0.12055954337120056,0.9834834933280945,0.7174174189567566
YFL038C,YNL283C,0,-2.9256275,0.12053735554218292,0.9834834933280945,0.7175675630569458
YNL261W,YGR171C,0,-2.9266386,0.12051518261432648,0.9834834933280945,0.717717707157135
YGR214W,YDL225W,0,-2.9273155,0.12049300968647003,0.9834834933280945,0.7178678512573242
YGL083W,YER171W,0,-2.9342322,0.12047084420919418,0.9834834933280945,0.7180179953575134
YDR476C,YDR461W,0,-2.9345634,0.12044869363307953,0.9834834933280945,0.7181681394577026
YML097C,YOR232W,0,-2.9385285,0.12042655050754547,0.9834834933280945,0.7183183431625366
YMR176W,YLR264W,0,-2.9389374,0.12040441483259201,0.9834834933280945,0.7184684872627258
YNR018W,YMR240C,0,-2.9397101,0.12038227915763855,0.9834834933280945,0.718618631362915
YLR141W,YAL038W,0,-2.941303,0.12036015838384628,0.9834834933280945,0.7187687754631042
YBL005W-B,YGR077C,0,-2.9427605,0.12033805251121521,0.9834834933280945,0.7189189195632935
YGL186C,YFR031C,0,-2.9429374,0.12031594663858414,0.9834834933280945,0.7190690636634827
YHR029C,YOR168W,0,-2.9443557,0.12029384821653366,0.9834834933280945,0.7192192077636719
YNL230C,YLL033W,0,-2.9444923,0.12027175724506378,0.9834834933280945,0.7193693518638611
YER138C,YDL040C,0,-2.9447713,0.1202496811747551,0.9834834933280945,0.7195194959640503
YBR247C,YPR125W,0,-2.945271,0.12022760510444641,0.9834834933280945,0.7196696400642395
YOR304W,YMR268W-A,0,-2.9473407,0.12020554393529892,0.9834834933280945,0.7198198437690735
YHR030C,YOR274W,0,-2.9478812,0.12018348276615143,0.9834834933280945,0.7199699878692627
YPR072W,YBR066C,0,-2.9487243,0.12016143649816513,0.9834834933280945,0.7201201319694519
YPL099C,YOR215C,0,-2.9501314,0.12013939768075943,0.9834834933280945,0.7202702760696411
YJR004C,YPL129W,0,-2.950231,0.12011736631393433,0.9834834933280945,0.7204204201698303
YDR419W,YOL093W,0,-2.9506898,0.12009534239768982,0.9834834933280945,0.7205705642700195
YCL043C,YBR282W,0,-2.9522338,0.12007332593202591,0.9834834933280945,0.7207207083702087
YPL131W,YPR006C,0,-2.9541655,0.1200513169169426,0.9834834933280945,0.720870852470398
YDL078C,YHR077C,0,-2.954993,0.12002932280302048,0.9834834933280945,0.7210209965705872
YOR159C,YER017C,0,-2.9554367,0.12000732868909836,0.9834834933280945,0.7211712002754211
YGL200C,YEL029C,0,-2.9557772,0.11998534202575684,0.9834834933280945,0.7213213443756104
YGR118W,YHR135C,0,-2.955803,0.11996337026357651,0.9834834933280945,0.7214714884757996
YDR512C,YER130C,0,-2.9574747,0.11994140595197678,0.9834834933280945,0.7216216325759888
YPR144C,YAL039C,0,-2.9591582,0.11991944164037704,0.9834834933280945,0.721771776676178
YPR196W,YIR005W,0,-2.9616165,0.11989749222993851,0.9834834933280945,0.7219219207763672
YKL186C,YNL122C,0,-2.9619467,0.11987555027008057,0.9834834933280945,0.7220720648765564
YPL151C,YMR176W,0,-2.9619827,0.11985361576080322,0.9834834933280945,0.7222222089767456
YDL021W,YOR261C,0,-2.962697,0.11983168870210648,0.9834834933280945,0.7223723530769348
YDR419W,YCR026C,0,-2.9628701,0.11980976909399033,0.9834834933280945,0.722522497177124
YBR002C,YNL267W,0,-2.963268,0.11978785693645477,0.9834834933280945,0.722672700881958
YGL170C,YBR238C,0,-2.9637818,0.11976595222949982,0.9834834933280945,0.7228228449821472
YPL122C,YBR026C,0,-2.9657035,0.11974405497312546,0.9834834933280945,0.7229729890823364
YNR057C,YFL023W,0,-2.965747,0.11972217261791229,0.9834834933280945,0.7231231331825256
YNR031C,YPR187W,0,-2.9658449,0.11970029026269913,0.9834834933280945,0.7232732772827148
YEL012W,YNL163C,0,-2.9667406,0.11967842280864716,0.9834834933280945,0.723423421382904
YLR429W,YMR250W,0,-2.9677072,0.11965655535459518,0.9834834933280945,0.7235735654830933
YMR269W,YNR018W,0,-2.969785,0.1196347028017044,0.9834834933280945,0.7237237095832825
YNL282W,YKL061W,0,-2.9703612,0.11961285769939423,0.9834834933280945,0.7238738536834717
YBR287W,YGR112W,0,-2.9708645,0.11959102004766464,0.9834834933280945,0.7240239977836609
YLR291C,YFL010W-A,0,-2.9734495,0.11956918239593506,0.9834834933280945,0.7241742014884949
YFL057C,YJL141C,0,-2.97602,0.11954735964536667,0.9834834933280945,0.7243243455886841
YJL114W,YJL034W,0,-2.97621,0.11952554434537888,0.9834834933280945,0.7244744896888733
YDL217C,YPL274W,0,-2.9777555,0.11950373649597168,0.9834834933280945,0.7246246337890625
YGR179C,YBR145W,0,-2.9786906,0.11948194354772568,0.9834834933280945,0.7247747778892517
YLR103C,YPL093W,0,-2.9805133,0.11946015059947968,0.9834834933280945,0.7249249219894409
YHR132C,YMR038C,0,-2.980793,0.11943836510181427,0.9834834933280945,0.7250750660896301
YKL171W,YDR461W,0,-2.9813766,0.11941658705472946,0.9834834933280945,0.7252252101898193
YLR029C,YKR101W,0,-2.982325,0.11939482390880585,0.9834834933280945,0.7253753542900085
YMR005W,YLR224W,0,-2.9832602,0.11937306076288223,0.9834834933280945,0.7255254983901978
YNL160W,YJL149W,0,-2.98764,0.11935131251811981,0.9834834933280945,0.7256757020950317
YER138C,YKR066C,0,-2.9876432,0.11932957172393799,0.9834834933280945,0.725825846195221
YDR083W,YLR163C,0,-2.9881592,0.11930783092975616,0.9834834933280945,0.7259759902954102
YMR033W,YDR337W,0,-2.988552,0.11928610503673553,0.9834834933280945,0.7261261343955994
YGL170C,YKR020W,0,-2.9889708,0.1192643865942955,0.9834834933280945,0.7262762784957886
YBR059C,YDL021W,0,-2.989664,0.11924267560243607,0.9834834933280945,0.7264264225959778
YOR243C,YJL085W,0,-2.9899373,0.11922096461057663,0.9834834933280945,0.726576566696167
YOL070C,YDL208W,0,-2.990374,0.11919926851987839,0.9834834933280945,0.7267267107963562
YER138C,YCR011C,0,-2.99143,0.11917758733034134,0.9834834933280945,0.7268768548965454
YAL016W,YBR243C,0,-2.9919527,0.11915590614080429,0.9834834933280945,0.7270269989967346
YGL172W,YMR179W,0,-2.9931297,0.11913423240184784,0.9834834933280945,0.7271772027015686
YDR410C,YHL027W,0,-2.995501,0.11911256611347198,0.9834834933280945,0.7273273468017578
YDL225W,YPR163C,0,-2.9955368,0.11909090727567673,0.9834834933280945,0.727477490901947
YOL111C,YPL050C,0,-2.9997933,0.11906926333904266,0.9834834933280945,0.7276276350021362
YEL031W,YNL335W,0,-3.0004234,0.1190476194024086,0.9834834933280945,0.7277777791023254
YIL046W,YOR355W,0,-3.0035405,0.11902598291635513,0.9834834933280945,0.7279279232025146
YLL034C,YMR137C,0,-3.0037947,0.11900436133146286,0.9834834933280945,0.7280780673027039
YGL209W,YOR074C,0,-3.004559,0.11898273974657059,0.9834834933280945,0.7282282114028931
YKR102W,YGL259W,0,-3.0045996,0.11896113306283951,0.9834834933280945,0.7283783555030823
YGR255C,YGL216W,0,-3.0064344,0.11893953382968903,0.9834834933280945,0.7285284996032715
YGL014W,YDL083C,0,-3.0069244,0.11891793459653854,0.9834834933280945,0.7286787033081055
YPL200W,YGL148W,0,-3.0074444,0.11889635026454926,0.9834834933280945,0.7288288474082947
YCR057C,YDR415C,0,-3.0075386,0.11887477338314056,0.9834834933280945,0.7289789915084839
YPL113C,YDL083C,0,-3.0081208,0.11885320395231247,0.9834834933280945,0.7291291356086731
YLR107W,YIL048W,0,-3.0081563,0.11883164197206497,0.9834834933280945,0.7292792797088623
YDL107W,YML028W,0,-3.0082717,0.11881008744239807,0.9834834933280945,0.7294294238090515
YER103W,YJL141C,0,-3.00916,0.11878854036331177,0.9834834933280945,0.7295795679092407
YMR241W,YDR310C,0,-3.0094905,0.11876700073480606,0.9834834933280945,0.7297297120094299
YPL240C,YAR027W,0,-3.0100665,0.11874546855688095,0.9834834933280945,0.7298798561096191
YGR056W,YMR049C,0,-3.0144281,0.11872394382953644,0.9834834933280945,0.7300300598144531
YPR119W,YBL092W,0,-3.0146646,0.11870242655277252,0.9834834933280945,0.7301802039146423
YDL246C,YIL088C,0,-3.0148566,0.1186809241771698,0.9834834933280945,0.7303303480148315
YNL232W,YOR216C,0,-3.0152807,0.11865942180156708,0.9834834933280945,0.7304804921150208
YNL102W,YDR138W,0,-3.0213804,0.11863792687654495,0.9834834933280945,0.73063063621521
YBR271W,YER165W,0,-3.0214195,0.11861644685268402,0.9834834933280945,0.7307807803153992
YDL215C,YLR390W,0,-3.0222635,0.11859496682882309,0.9834834933280945,0.7309309244155884
YHR030C,YOR148C,0,-3.0226488,0.11857349425554276,0.9834834933280945,0.7310810685157776
YJL005W,YLR009W,0,-3.0233488,0.11855203658342361,0.9834834933280945,0.7312312126159668
YER014C-A,YOR317W,0,-3.0240722,0.11853058636188507,0.9834834933280945,0.731381356716156
YDL133C-A,YMR301C,0,-3.024314,0.11850913614034653,0.9834834933280945,0.73153156042099
YBL076C,YJL024C,0,-3.0270443,0.11848770081996918,0.9834834933280945,0.7316817045211792
YPR072W,YCL043C,0,-3.029683,0.11846626549959183,0.9834834933280945,0.7318318486213684
YMR269W,YNR057C,0,-3.0343103,0.11844484508037567,0.9834834933280945,0.7319819927215576
YNL147W,YLL004W,0,-3.0362315,0.11842343211174011,0.9834834933280945,0.7321321368217468
YOR212W,YJL166W,0,-3.0364618,0.11840202659368515,0.9834834933280945,0.732282280921936
YHR211W,YLR016C,0,-3.0388021,0.11838062852621078,0.9834834933280945,0.7324324250221252
YBR271W,YPL098C,0,-3.0395112,0.11835923045873642,0.9834834933280945,0.7325825691223145
YJL200C,YCR087C-A,0,-3.039524,0.11833784729242325,0.9834834933280945,0.7327327132225037
YHR179W,YFL010W-A,0,-3.041272,0.11831647157669067,0.9834834933280945,0.7328828573226929
YHR059W,YPL273W,0,-3.04129,0.1182951033115387,0.9834834933280945,0.7330330610275269
YDL215C,YNL262W,0,-3.0413625,0.11827374249696732,0.9834834933280945,0.7331832051277161
YBR182C,YMR229C,0,-3.0416465,0.11825238913297653,0.9834834933280945,0.7333333492279053
YML058W-A,YOR251C,0,-3.0423574,0.11823104321956635,0.9834834933280945,0.7334834933280945
YDL059C,YPL147W,0,-3.0450432,0.11820971220731735,0.9834834933280945,0.7336336374282837
YNL232W,YDL040C,0,-3.0478044,0.11818838119506836,0.9834834933280945,0.7337837815284729
YKL170W,YKL171W,0,-3.049592,0.11816705763339996,0.9834834933280945,0.7339339256286621
YPR191W,YOL026C,0,-3.051858,0.11814574152231216,0.9834834933280945,0.7340840697288513
YGR085C,YOR378W,0,-3.0523386,0.11812443286180496,0.9834834933280945,0.7342342138290405
YOL142W,YPR001W,0,-3.0576186,0.11810313910245895,0.9834834933280945,0.7343843579292297
YDR473C,YLR224W,0,-3.0605512,0.11808184534311295,0.9834834933280945,0.7345345616340637
YDR067C,YMR270C,0,-3.0630865,0.11806055903434753,0.9834834933280945,0.7346847057342529
YLR395C,YIL020C,0,-3.0632753,0.11803928762674332,0.9834834933280945,0.7348348498344421
YKR066C,YHR082C,0,-3.0648203,0.1180180162191391,0.9834834933280945,0.7349849939346313
YDL246C,YLL019C,0,-3.066583,0.11799675971269608,0.9834834933280945,0.7351351380348206
YOL052C,YPR198W,0,-3.0684462,0.11797550320625305,0.9834834933280945,0.7352852821350098
YKR035W-A,YNL175C,0,-3.0693047,0.11795426160097122,0.9834834933280945,0.735435426235199
YCL008C,YJL144W,0,-3.0697336,0.11793301999568939,0.9834834933280945,0.7355855703353882
YNL314W,YOR209C,0,-3.071711,0.11791179329156876,0.9834834933280945,0.7357357144355774
YMR182C,YPL252C,0,-3.0722237,0.11789056658744812,0.9834834933280945,0.7358858585357666
YNL281W,YOR299W,0,-3.0727022,0.11786935478448868,0.9834834933280945,0.7360360622406006
YDR222W,YML132W,0,-3.0730927,0.11784815043210983,0.9834834933280945,0.7361862063407898
YOR298W,YPL050C,0,-3.0746188,0.11782694607973099,0.9834834933280945,0.736336350440979
YMR238W,YGL030W,0,-3.0749311,0.11780575662851334,0.9834834933280945,0.7364864945411682
YPL122C,YDL227C,0,-3.0778396,0.11778457462787628,0.9834834933280945,0.7366366386413574
YOL082W,YIL177C,0,-3.0783715,0.11776339262723923,0.9834834933280945,0.7367867827415466
YPL151C,YPL087W,0,-3.0804214,0.11774222552776337,0.9834834933280945,0.7369369268417358
YJL140W,YDL198C,0,-3.0843337,0.1177210658788681,0.9834834933280945,0.737087070941925
YIL035C,YLR042C,0,-3.0856113,0.11769991368055344,0.9834834933280945,0.7372372150421143
YBR172C,YFL023W,0,-3.0858896,0.11767876148223877,0.9834834933280945,0.7373873591423035
YHR030C,YJL128C,0,-3.0876894,0.1176576241850853,0.9834834933280945,0.7375375628471375
YGL256W,YPL065W,0,-3.0891562,0.11763649433851242,0.9834834933280945,0.7376877069473267
YIL083C,YKR069W,0,-3.0892954,0.11761537194252014,0.9834834933280945,0.7378378510475159
YNL304W,YMR099C,0,-3.0893245,0.11759425699710846,0.9834834933280945,0.7379879951477051
YCR093W,YPR138C,0,-3.090709,0.11757314950227737,0.9834834933280945,0.7381381392478943
YHR056C,YFR033C,0,-3.0921052,0.11755204945802689,0.9834834933280945,0.7382882833480835
YJL134W,YLR359W,0,-3.093032,0.1175309494137764,0.9834834933280945,0.7384384274482727
YOL165C,YDR460W,0,-3.0964162,0.1175098642706871,0.9834834933280945,0.7385885715484619
YLR047C,YKR044W,0,-3.0968184,0.1174887865781784,0.9834834933280945,0.7387387156486511
YGR134W,YER130C,0,-3.0982196,0.1174677163362503,0.9834834933280945,0.7388888597488403
YHR060W,YPR138C,0,-3.0994432,0.1174466535449028,0.9834834933280945,0.7390390634536743
YKR056W,YOR204W,0,-3.1001124,0.1174255982041359,0.9834834933280945,0.7391892075538635
YDL142C,YIL177C,0,-3.100161,0.11740455031394958,0.9834834933280945,0.7393393516540527
YOL045W,YNR018W,0,-3.1017678,0.11738350987434387,0.9834834933280945,0.7394894957542419
YIR025W,YHR085W,0,-3.1047006,0.11736247688531876,0.9834834933280945,0.7396396398544312
YLR080W,YBR067C,0,-3.104881,0.11734145134687424,0.9834834933280945,0.7397897839546204
YPL119C,YJR032W,0,-3.1060286,0.11732044070959091,0.9834834933280945,0.7399399280548096
YOR283W,YDL054C,0,-3.1076663,0.11729943007230759,0.9834834933280945,0.7400900721549988
YPR204W,YKL053C-A,0,-3.1081338,0.11727842688560486,0.9834834933280945,0.740240216255188
YIL083C,YML056C,0,-3.1083183,0.11725743114948273,0.9834834933280945,0.740390419960022
YDL227C,YNL182C,0,-3.1084342,0.11723644286394119,0.9834834933280945,0.7405405640602112
YBR195C,YKR054C,0,-3.10987,0.11721546202898026,0.9834834933280945,0.7406907081604004
YCR052W,YLR278C,0,-3.1108508,0.11719448864459991,0.9834834933280945,0.7408408522605896
YPL094C,YKR055W,0,-3.1115732,0.11717352271080017,0.9834834933280945,0.7409909963607788
YPR204W,YNR018W,0,-3.111691,0.11715256422758102,0.9834834933280945,0.741141140460968
YBL112C,YJR028W,0,-3.1147604,0.11713161319494247,0.9834834933280945,0.7412912845611572
YLR386W,YOR098C,0,-3.114869,0.11711067706346512,0.9834834933280945,0.7414414286613464
YLR073C,YHL027W,0,-3.1155314,0.11708974093198776,0.9834834933280945,0.7415915727615356
YGR177C,YNR015W,0,-3.1163573,0.117068812251091,0.9834834933280945,0.7417417168617249
YNL160W,YIL047C,0,-3.1167588,0.11704789102077484,0.9834834933280945,0.7418919205665588
YHL012W,YOR310C,0,-3.1169348,0.11702697724103928,0.9834834933280945,0.742042064666748
YPR111W,YKR057W,0,-3.1174464,0.11700607091188431,0.9834834933280945,0.7421922087669373
YGR282C,YGR095C,0,-3.119048,0.11698517948389053,0.9834834933280945,0.7423423528671265
YLR380W,YNR015W,0,-3.1195567,0.11696428805589676,0.9834834933280945,0.7424924969673157
YMR301C,YLR213C,0,-3.1197183,0.11694340407848358,0.9834834933280945,0.7426426410675049
YLR029C,YFR045W,0,-3.1223664,0.116922527551651,0.9834834933280945,0.7427927851676941
YMR146C,YOL108C,0,-3.124104,0.11690165847539902,0.9834834933280945,0.7429429292678833
YDR411C,YKL165C,0,-3.124724,0.11688079684972763,0.9834834933280945,0.7430930733680725
YHR179W,YDR518W,0,-3.1251283,0.11685995012521744,0.9834834933280945,0.7432432174682617
YPL163C,YJR140C,0,-3.1253848,0.11683910340070724,0.9834834933280945,0.7433934211730957
YLR440C,YGR020C,0,-3.1257472,0.11681826412677765,0.9834834933280945,0.7435435652732849
YMR054W,YLR291C,0,-3.1267433,0.11679743230342865,0.9834834933280945,0.7436937093734741
YJL192C,YKL124W,0,-3.1285505,0.11677660793066025,0.9834834933280945,0.7438438534736633
YER050C,YMR114C,0,-3.128615,0.11675579100847244,0.9834834933280945,0.7439939975738525
YGL068W,YPL252C,0,-3.1293683,0.11673498153686523,0.9834834933280945,0.7441441416740417
YCR097WB,YCL026C-B,0,-3.1301408,0.11671418696641922,0.9834834933280945,0.744294285774231
YOR168W,YDR416W,0,-3.1311817,0.1166933923959732,0.9834834933280945,0.7444444298744202
YFL014W,YMR213W,0,-3.132761,0.11667260527610779,0.9834834933280945,0.7445945739746094
YDR527W,YOR219C,0,-3.133895,0.11665182560682297,0.9834834933280945,0.7447447180747986
YER154W,YHR209W,0,-3.136107,0.11663105338811874,0.9834834933280945,0.7448949217796326
YJL117W,YNR044W,0,-3.1364763,0.11661028861999512,0.9834834933280945,0.7450450658798218
YNR004W,YML109W,0,-3.1366138,0.11658953130245209,0.9834834933280945,0.745195209980011
YNR072W,YCR026C,0,-3.1379294,0.11656878143548965,0.9834834933280945,0.7453453540802002
YIL134W,YMR089C,0,-3.1387472,0.11654803901910782,0.9834834933280945,0.7454954981803894
YOL136C,YDR229W,0,-3.1394782,0.11652731150388718,0.9834834933280945,0.7456456422805786
YLR183C,YOR338W,0,-3.1397786,0.11650658398866653,0.9834834933280945,0.7457957863807678
YMR087W,YKL180W,0,-3.1418762,0.11648586392402649,0.9834834933280945,0.745945930480957
YPR191W,YDR389W,0,-3.1458158,0.11646515130996704,0.9834834933280945,0.7460960745811462
YMR032W,YBR155W,0,-3.148561,0.11644444614648819,0.9834834933280945,0.7462462186813354
YER117W,YDR444W,0,-3.1511893,0.11642374843358994,0.9834834933280945,0.7463964223861694
YOR212W,YBL113C,0,-3.1512113,0.11640305817127228,0.9834834933280945,0.7465465664863586
YDR451C,YOR251C,0,-3.1512532,0.11638237535953522,0.9834834933280945,0.7466967105865479
YEL036C,YOL054W,0,-3.1531708,0.11636169999837875,0.9834834933280945,0.7468468546867371
YEL043W,YCR011C,0,-3.153203,0.11634103208780289,0.9834834933280945,0.7469969987869263
YDR026C,YER055C,0,-3.1538,0.11632037162780762,0.9834834933280945,0.7471471428871155
YOL057W,YNL232W,0,-3.1562047,0.11629971861839294,0.9834834933280945,0.7472972869873047
YOR176W,YOL054W,0,-3.156322,0.11627907305955887,0.9834834933280945,0.7474474310874939
YJL066C,YNL259C,0,-3.1596053,0.11625842750072479,0.9834834933280945,0.7475975751876831
YJL210W,YGR077C,1,-3.163531,0.11641526222229004,0.9849849939346313,0.7475975751876831
YHR060W,YJR112W,0,-3.1649187,0.11639460921287537,0.9849849939346313,0.7477477192878723
YMR238W,YBR115C,0,-3.1653616,0.1163739562034607,0.9849849939346313,0.7478979229927063
YKL078W,YLR153C,0,-3.1653702,0.11635331809520721,0.9849849939346313,0.7480480670928955
YKL166C,YCL004W,0,-3.1656237,0.11633267998695374,0.9849849939346313,0.7481982111930847
YJR055W,YOL155C,0,-3.1656485,0.11631205677986145,0.9849849939346313,0.7483483552932739
YDR026C,YDR245W,0,-3.167789,0.11629144102334976,0.9849849939346313,0.7484984993934631
YGR221C,YPL127C,0,-3.1678443,0.11627082526683807,0.9849849939346313,0.7486486434936523
YPR113W,YKL020C,0,-3.1681008,0.11625022441148758,0.9849849939346313,0.7487987875938416
YGR010W,YMR160W,0,-3.170247,0.11622962355613708,0.9849849939346313,0.7489489316940308
YPR182W,YLR029C,0,-3.1704779,0.11620903760194778,0.9849849939346313,0.74909907579422
YCL074W,YEL037C,0,-3.173275,0.11618845164775848,0.9849849939346313,0.7492492198944092
YDL055C,YDR403W,0,-3.173707,0.11616787314414978,0.9849849939346313,0.7493994235992432
YNR031C,YOL136C,0,-3.1749616,0.11614730954170227,0.9849849939346313,0.7495495676994324
YGR034W,YBL026W,0,-3.177461,0.11612674593925476,0.9849849939346313,0.7496997117996216
YHR029C,YHR168W,0,-3.1808171,0.11610619723796844,0.9849849939346313,0.7498498558998108
YPR194C,YBR172C,0,-3.1822166,0.11608564853668213,0.9849849939346313,0.75
YDL036C,YDR026C,0,-3.1828847,0.11606510728597641,0.9849849939346313,0.7501501441001892
YJR107W,YGR258C,0,-3.1856136,0.11604458093643188,0.9849849939346313,0.7503002882003784
YLR005W,YIL133C,0,-3.1886392,0.11602405458688736,0.9849849939346313,0.7504504323005676
YER055C,YLR300W,0,-3.1924386,0.11600353568792343,0.9849849939346313,0.7506005764007568
YDR492W,YBL089W,0,-3.1934085,0.1159830242395401,0.9849849939346313,0.7507507801055908
YCR011C,YMR186W,0,-3.1962256,0.11596252769231796,0.9849849939346313,0.75090092420578
YFR045W,YCL034W,0,-3.197959,0.11594203114509583,0.9849849939346313,0.7510510683059692
YLR440C,YMR246W,0,-3.1986818,0.11592154204845428,0.9849849939346313,0.7512012124061584
YJR010W,YDR454C,0,-3.2013083,0.11590106040239334,0.9849849939346313,0.7513513565063477
YER090W,YCR026C,0,-3.2044907,0.115880586206913,0.9849849939346313,0.7515015006065369
YPL098C,YKR026C,0,-3.208004,0.11586011946201324,0.9849849939346313,0.7516516447067261
YDR405W,YIL132C,0,-3.2094526,0.11583966016769409,0.9849849939346313,0.7518017888069153
YHL012W,YBR274W,0,-3.2120075,0.11581920832395554,0.9849849939346313,0.7519519329071045
YJR010W,YIL083C,0,-3.2123106,0.11579876393079758,0.9849849939346313,0.7521020770072937
YGL037C,YLR164W,0,-3.2131348,0.11577832698822021,0.9849849939346313,0.7522522807121277
YFR021W,YKL166C,0,-3.2189693,0.11575789749622345,0.9849849939346313,0.7524024248123169
YGL162W,YGL014W,0,-3.2200851,0.11573747545480728,0.9849849939346313,0.7525525689125061
YBR182C,YJL214W,0,-3.220196,0.11571706086397171,0.9849849939346313,0.7527027130126953
YLR291C,YGR145W,0,-3.2279768,0.11569664627313614,0.9849849939346313,0.7528528571128845
YOR310C,YFR001W,0,-3.2309265,0.11567624658346176,0.9849849939346313,0.7530030012130737
YGL026C,YKL015W,0,-3.2325692,0.11565585434436798,0.9849849939346313,0.7531531453132629
YLR113W,YDL024C,0,-3.2346406,0.1156354695558548,0.9849849939346313,0.7533032894134521
YPL223C,YHR119W,0,-3.2356696,0.11561508476734161,0.9849849939346313,0.7534534335136414
YKL067W,YOR393W,0,-3.2365355,0.11559471487998962,0.9849849939346313,0.7536035776138306
YGR239C,YHR160C,1,-3.2389321,0.11575052887201309,0.9864864945411682,0.7536035776138306
YHR214C-B,YOL136C,0,-3.2399962,0.11573013663291931,0.9864864945411682,0.7537537813186646
YLR103C,YPL113C,0,-3.2407317,0.11570975929498672,0.9864864945411682,0.7539039254188538
YHR211W,YLR404W,0,-3.2409806,0.11568938195705414,0.9864864945411682,0.754054069519043
YNL006W,YIL177C,0,-3.241384,0.11566901206970215,0.9864864945411682,0.7542042136192322
YJL225C,YMR238W,0,-3.241979,0.11564865708351135,0.9864864945411682,0.7543543577194214
YOR287C,YGR179C,0,-3.242723,0.11562830209732056,0.9864864945411682,0.7545045018196106
YLR401C,YDR076W,0,-3.2437408,0.11560795456171036,0.9864864945411682,0.7546546459197998
YPR167C,YGL236C,0,-3.2450018,0.11558761447668076,0.9864864945411682,0.754804790019989
YKL001C,YML109W,0,-3.24539,0.11556728184223175,0.9864864945411682,0.7549549341201782
YKL166C,YIL083C,0,-3.2456322,0.11554695665836334,0.9864864945411682,0.7551050782203674
YDR460W,YLR164W,0,-3.2470965,0.11552663892507553,0.9864864945411682,0.7552552819252014
YGL068W,YGL071W,0,-3.2483757,0.11550632864236832,0.9864864945411682,0.7554054260253906
YBR183W,YDL208W,0,-3.2493355,0.1154860258102417,0.9864864945411682,0.7555555701255798
YOR317W,YNL070W,0,-3.2518375,0.11546573042869568,0.9864864945411682,0.755705714225769
YJL178C,YLR380W,0,-3.2535408,0.11544544249773026,0.9864864945411682,0.7558558583259583
YGR175C,YDR222W,0,-3.256996,0.11542515456676483,0.9864864945411682,0.7560060024261475
YOR212W,YHR132C,0,-3.2577412,0.1154048815369606,0.9864864945411682,0.7561561465263367
YLR153C,YOR311C,0,-3.2584982,0.11538461595773697,0.9864864945411682,0.7563062906265259
YJR082C,YNL175C,0,-3.2598886,0.11536435782909393,0.9864864945411682,0.7564564347267151
YDL045W-A,YGL103W,0,-3.2605462,0.1153440997004509,0.9864864945411682,0.7566065788269043
YDR144C,YBR081C,0,-3.2612529,0.11532385647296906,0.9864864945411682,0.7567567825317383
YGR288W,YOL045W,0,-3.2634768,0.11530361324548721,0.9864864945411682,0.7569069266319275
YGL200C,YLR020C,0,-3.2641149,0.11528338491916656,0.9864864945411682,0.7570570707321167
YEL052W,YIL133C,0,-3.2666192,0.11526315659284592,0.9864864945411682,0.7572072148323059
YMR123W,YDR090C,0,-3.2675896,0.11524294316768646,0.9864864945411682,0.7573573589324951
YDL055C,YNL182C,0,-3.2677932,0.11522272974252701,0.9864864945411682,0.7575075030326843
YDR473C,YNL238W,0,-3.2689219,0.11520252376794815,0.9864864945411682,0.7576576471328735
YHR030C,YPL134C,0,-3.2709641,0.11518232524394989,0.9864864945411682,0.7578077912330627
YOR074C,YIL094C,0,-3.2715719,0.11516214162111282,0.9864864945411682,0.757957935333252
YER049W,YDR138W,0,-3.2756557,0.11514195799827576,0.9864864945411682,0.7581080794334412
YJR149W,YDR369C,0,-3.2758222,0.11512178182601929,0.9864864945411682,0.7582582831382751
YDR240C,YHR039C-A,0,-3.2772708,0.11510161310434341,0.9864864945411682,0.7584084272384644
YIR039C,YDR373W,0,-3.2813056,0.11508145183324814,0.9864864945411682,0.7585585713386536
YDR416W,YAL029C,0,-3.2827106,0.11506129801273346,0.9864864945411682,0.7587087154388428
YKL170W,YGR255C,0,-3.28444,0.11504115164279938,0.9864864945411682,0.758858859539032
YHR214C-B,YDR164C,0,-3.2851048,0.1150210052728653,0.9864864945411682,0.7590090036392212
YNL314W,YPR125W,0,-3.2862072,0.11500087380409241,0.9864864945411682,0.7591591477394104
YBR177C,YOL040C,0,-3.2900913,0.11498074978590012,0.9864864945411682,0.7593092918395996
YOL165C,YLR390W,0,-3.2903419,0.11496063321828842,0.9864864945411682,0.7594594359397888
YGL112C,YIL094C,0,-3.2908604,0.11494051665067673,0.9864864945411682,0.759609580039978
YKL061W,YGR027C,0,-3.2949295,0.11492041498422623,0.9864864945411682,0.759759783744812
YDR064W,YGL094C,0,-3.295208,0.11490031331777573,0.9864864945411682,0.7599099278450012
YML056C,YCR055C,0,-3.2965465,0.11488022655248642,0.9864864945411682,0.7600600719451904
YJR151C,YBL041W,0,-3.2969608,0.11486013978719711,0.9864864945411682,0.7602102160453796
YDR461W,YKL096W-A,0,-3.298233,0.1148400604724884,0.9864864945411682,0.7603603601455688
YJR119C,YAL016W,0,-3.3013306,0.11481999605894089,0.9864864945411682,0.7605105042457581
YDL140C,YLR028C,0,-3.3016,0.11479993164539337,0.9864864945411682,0.7606606483459473
YOL141W,YEL012W,0,-3.3020687,0.11477987468242645,0.9864864945411682,0.7608107924461365
YBL091C-A,YER145C,0,-3.302238,0.11475982517004013,0.9864864945411682,0.7609609365463257
YOR283W,YCL004W,0,-3.3023367,0.1147397831082344,0.9864864945411682,0.7611111402511597
YDR131C,YGR072W,0,-3.3025703,0.11471974849700928,0.9864864945411682,0.7612612843513489
YLR005W,YGL148W,0,-3.3037927,0.11469972133636475,0.9864864945411682,0.7614114284515381
YBR145W,YDL045C,0,-3.305249,0.11467970162630081,0.9864864945411682,0.7615615725517273
YER087W,YLR270W,0,-3.3066514,0.11465968936681747,0.9864864945411682,0.7617117166519165
YLL034C,YJL191W,0,-3.3075688,0.11463967710733414,0.9864864945411682,0.7618618607521057
YDL171C,YLR316C,0,-3.3101962,0.114619679749012,0.9864864945411682,0.7620120048522949
YLR043C,YNL110C,0,-3.3118038,0.11459968239068985,0.9864864945411682,0.7621621489524841
YER150W,YGR143W,0,-3.3126035,0.1145796999335289,0.9864864945411682,0.7623122930526733
YPR204W,YOR353C,0,-3.315421,0.11455971747636795,0.9864864945411682,0.7624624371528625
YPL127C,YGR214W,0,-3.317776,0.1145397499203682,0.9864864945411682,0.7626126408576965
YOR292C,YIL133C,0,-3.3183682,0.11451978236436844,0.9864864945411682,0.7627627849578857
YLR404W,YOR285W,0,-3.3213093,0.11449982225894928,0.9864864945411682,0.762912929058075
YPR001W,YMR240C,0,-3.3216243,0.11447987705469131,0.9864864945411682,0.7630630731582642
YNL117W,YLR404W,0,-3.3231215,0.11445993185043335,0.9864864945411682,0.7632132172584534
YOL158C,YKL003C,0,-3.323299,0.11443999409675598,0.9864864945411682,0.7633633613586426
YPL180W,YPL252C,0,-3.325252,0.11442006379365921,0.9864864945411682,0.7635135054588318
YOR106W,YOL151W,0,-3.32548,0.11440014094114304,0.9864864945411682,0.763663649559021
YLR289W,YDR072C,0,-3.32549,0.11438022553920746,0.9864864945411682,0.7638137936592102
YKL170W,YDL061C,0,-3.326333,0.11436031013727188,0.9864864945411682,0.7639639377593994
YOR193W,YGR077C,1,-3.3266773,0.11451444774866104,0.9879879951477051,0.7639639377593994
YDR451C,YBR096W,0,-3.32691,0.11449451744556427,0.9879879951477051,0.7641141414642334
YDR151C,YNL290W,0,-3.328759,0.11447460204362869,0.9879879951477051,0.7642642855644226
YKL180W,YML036W,0,-3.331349,0.11445468664169312,0.9879879951477051,0.7644144296646118
YMR112C,YLR401C,0,-3.331482,0.11443478614091873,0.9879879951477051,0.764564573764801
YNL117W,YNR044W,0,-3.3322897,0.11441488564014435,0.9879879951477051,0.7647147178649902
YNR004W,YBL091C-A,0,-3.3344398,0.11439499258995056,0.9879879951477051,0.7648648619651794
YOR215C,YHR079C,0,-3.3379107,0.11437510699033737,0.9879879951477051,0.7650150060653687
YNL160W,YGR169C,0,-3.3411927,0.11435522884130478,0.9879879951477051,0.7651651501655579
YMR146C,YPL027W,0,-3.3417296,0.11433535814285278,0.9879879951477051,0.7653152942657471
YOR084W,YNL238W,0,-3.3420615,0.11431549489498138,0.9879879951477051,0.7654654383659363
YMR241W,YKL001C,0,-3.3434935,0.11429563909769058,0.9879879951477051,0.7656156420707703
YIR039C,YML109W,0,-3.3457744,0.11427579075098038,0.9879879951477051,0.7657657861709595
YBR282W,YML052W,0,-3.3478432,0.11425594985485077,0.9879879951477051,0.7659159302711487
YFR013W,YLR009W,0,-3.3486114,0.11423610895872116,0.9879879951477051,0.7660660743713379
YMR061W,YNL298W,0,-3.3488202,0.11421628296375275,0.9879879951477051,0.7662162184715271
YOR304W,YPR043W,0,-3.3505723,0.11419645696878433,0.9879879951477051,0.7663663625717163
YKL190W,YLR042C,0,-3.351645,0.11417664587497711,0.9879879951477051,0.7665165066719055
YOR382W,YDL040C,0,-3.3520217,0.11415683478116989,0.9879879951477051,0.7666666507720947
YOL004W,YML039W,0,-3.3527143,0.11413703113794327,0.9879879951477051,0.7668167948722839
YBR202W,YOR209C,0,-3.3530397,0.11411724239587784,0.9879879951477051,0.7669669389724731
YER168C,YGR271W,0,-3.353333,0.11409745365381241,0.9879879951477051,0.7671171426773071
YLR380W,YDL083C,0,-3.3541079,0.11407767236232758,0.9879879951477051,0.7672672867774963
YGL200C,YEL036C,0,-3.3546379,0.11405789852142334,0.9879879951477051,0.7674174308776855
YGR288W,YNL153C,0,-3.356175,0.1140381246805191,0.9879879951477051,0.7675675749778748
YER150W,YGR089W,0,-3.3567083,0.11401836574077606,0.9879879951477051,0.767717719078064
YIL083C,YDR403W,0,-3.3590562,0.11399861425161362,0.9879879951477051,0.7678678631782532
YNL271C,YLR050C,0,-3.3611927,0.11397887021303177,0.9879879951477051,0.7680180072784424
YJL024C,YPR030W,0,-3.3615656,0.11395912617444992,0.9879879951477051,0.7681681513786316
YIL177C,YLR309C,0,-3.3625083,0.11393939703702927,0.9879879951477051,0.7683182954788208
YPL163C,YMR176W,0,-3.3711882,0.11391966789960861,0.9879879951477051,0.76846843957901
YKL205W,YGL220W,0,-3.3735409,0.11389994621276855,0.9879879951477051,0.768618643283844
YER022W,YFL011W-A,0,-3.3759494,0.1138802319765091,0.9879879951477051,0.7687687873840332
YDL246C,YDR233C,0,-3.3767815,0.11386053264141083,0.9879879951477051,0.7689189314842224
YMR146C,YLL027W,0,-3.3821132,0.11384083330631256,0.9879879951477051,0.7690690755844116
YJR107W,YOR020C,0,-3.3827085,0.11382114142179489,0.9879879951477051,0.7692192196846008
YGR285C,YJR053W,0,-3.3839884,0.11380144953727722,0.9879879951477051,0.76936936378479
YDR371W,YBL092W,0,-3.3881965,0.11378177255392075,0.9879879951477051,0.7695195078849792
YNL261W,YMR319C,0,-3.3885255,0.11376210302114487,0.9879879951477051,0.7696696519851685
YMR168C,YJL124C,0,-3.3896775,0.11374244093894958,0.9879879951477051,0.7698197960853577
YMR301C,YDR222W,0,-3.3928437,0.1137227788567543,0.9879879951477051,0.7699699401855469
YCL036W,YJR040W,0,-3.3957639,0.11370312422513962,0.9879879951477051,0.7701201438903809
YDR476C,YMR114C,0,-3.397067,0.11368348449468613,0.9879879951477051,0.7702702879905701
YJL187C,YEL070W,0,-3.3986888,0.11366384476423264,0.9879879951477051,0.7704204320907593
YPR167C,YNL102W,0,-3.3996422,0.11364421248435974,0.9879879951477051,0.7705705761909485
YOL045W,YDR378C,0,-3.4002826,0.11362458765506744,0.9879879951477051,0.7707207202911377
YGL163C,YMR229C,0,-3.402214,0.11360497027635574,0.9879879951477051,0.7708708643913269
YGR239C,YOL044W,1,-3.4030719,0.11375798285007477,0.9894894957542419,0.7708708643913269
YDL198C,YMR229C,0,-3.4046628,0.11373835057020187,0.9894894957542419,0.7710210084915161
YHR156C,YMR267W,0,-3.406507,0.11371872574090958,0.9894894957542419,0.7711711525917053
YBR010W,YNL298W,0,-3.4065318,0.11369910091161728,0.9894894957542419,0.7713212966918945
YDR146C,YGR105W,0,-3.4077764,0.11367949098348618,0.9894894957542419,0.7714715003967285
YEL052W,YKL205W,0,-3.4113321,0.11365988105535507,0.9894894957542419,0.7716216444969177
YHR214C-B,YJL029C,0,-3.4115543,0.11364028602838516,0.9894894957542419,0.7717717885971069
YKR036C,YBR274W,0,-3.4116943,0.11362069100141525,0.9894894957542419,0.7719219326972961
YLR107W,YKL210W,0,-3.4153125,0.11360110342502594,0.9894894957542419,0.7720720767974854
YCL036W,YNL027W,0,-3.417121,0.11358152329921722,0.9894894957542419,0.7722222208976746
YOR168W,YLR440C,0,-3.4184315,0.1135619506239891,0.9894894957542419,0.7723723649978638
YMR008C,YLR224W,0,-3.4189644,0.11354238539934158,0.9894894957542419,0.772522509098053
YFR045W,YAR027W,0,-3.4198608,0.11352282762527466,0.9894894957542419,0.7726726531982422
YER055C,YPL240C,0,-3.4204674,0.11350326985120773,0.9894894957542419,0.7728227972984314
YML097C,YNL006W,0,-3.4221873,0.113483726978302,0.9894894957542419,0.7729730010032654
YDR383C,YPR113W,0,-3.4222448,0.11346418410539627,0.9894894957542419,0.7731231451034546
YHR047C,YGL004C,0,-3.4244785,0.11344465613365173,0.9894894957542419,0.7732732892036438
YBR195C,YHR135C,0,-3.4245248,0.1134251281619072,0.9894894957542419,0.773423433303833
YDL074C,YBR010W,0,-3.425336,0.11340560764074326,0.9894894957542419,0.7735735774040222
YGR255C,YMR301C,0,-3.4286666,0.11338609457015991,0.9894894957542419,0.7737237215042114
YGL062W,YIL080W,0,-3.4289155,0.11336658895015717,0.9894894957542419,0.7738738656044006
YJL079C,YPL218W,0,-3.4293618,0.11334709078073502,0.9894894957542419,0.7740240097045898
YMR087W,YKR068C,0,-3.4295669,0.11332760006189346,0.9894894957542419,0.774174153804779
YMR319C,YEL040W,0,-3.432089,0.11330811679363251,0.9894894957542419,0.7743242979049683
YNL238W,YDR444W,0,-3.4321132,0.11328863352537155,0.9894894957542419,0.7744745016098022
YKR071C,YPL098C,0,-3.4348562,0.11326916515827179,0.9894894957542419,0.7746246457099915
YGL062W,YPL113C,0,-3.4355288,0.11324969679117203,0.9894894957542419,0.7747747898101807
YJR021C,YNL192W,0,-3.437865,0.11323024332523346,0.9894894957542419,0.7749249339103699
YPR113W,YOL111C,0,-3.4393978,0.11321078985929489,0.9894894957542419,0.7750750780105591
YDR476C,YNL026W,0,-3.4400988,0.11319134384393692,0.9894894957542419,0.7752252221107483
YGL162W,YDR207C,0,-3.4409084,0.11317190527915955,0.9894894957542419,0.7753753662109375
YOR159C,YJL149W,0,-3.4446158,0.11315247416496277,0.9894894957542419,0.7755255103111267
YGR179C,YHR085W,0,-3.4465332,0.11313305050134659,0.9894894957542419,0.7756756544113159
YKL007W,YBR061C,0,-3.4492877,0.11311362683773041,0.9894894957542419,0.7758257985115051
YGR258C,YLR153C,0,-3.4493167,0.11309421807527542,0.9894894957542419,0.7759760022163391
YOR209C,YMR295C,0,-3.4499798,0.11307480931282043,0.9894894957542419,0.7761261463165283
YOR297C,YDL074C,0,-3.450203,0.11305541545152664,0.9894894957542419,0.7762762904167175
YOR243C,YKL174C,0,-3.4502683,0.11303602159023285,0.9894894957542419,0.7764264345169067
YFL010W-A,YFR019W,0,-3.4518023,0.11301663517951965,0.9894894957542419,0.776576578617096
YGL050W,YFR036W,0,-3.4520686,0.11299725621938705,0.9894894957542419,0.7767267227172852
YBL079W,YCR046C,0,-3.452705,0.11297788470983505,0.9894894957542419,0.7768768668174744
YHR069C,YDR304C,0,-3.453499,0.11295852065086365,0.9894894957542419,0.7770270109176636
YDR454C,YOL004W,0,-3.4548366,0.11293915659189224,0.9894894957542419,0.7771771550178528
YBR120C,YNL080C,0,-3.455044,0.11291980743408203,0.9894894957542419,0.777327299118042
YBR066C,YNL283C,0,-3.455682,0.11290046572685242,0.9894894957542419,0.777477502822876
YBR247C,YBR182C,0,-3.458819,0.1128811240196228,0.9894894957542419,0.7776276469230652
YGL236C,YOR038C,0,-3.4609766,0.11286178976297379,0.9894894957542419,0.7777777910232544
YGR255C,YMR075W,0,-3.461862,0.11284246295690536,0.9894894957542419,0.7779279351234436
YOR230W,YLL017W,0,-3.4627833,0.11282314360141754,0.9894894957542419,0.7780780792236328
YFR021W,YLL004W,0,-3.4655714,0.11280383169651031,0.9894894957542419,0.778228223323822
YNL107W,YIL083C,0,-3.4663923,0.11278452724218369,0.9894894957542419,0.7783783674240112
YER049W,YCL026C-B,0,-3.4690242,0.11276523023843765,0.9894894957542419,0.7785285115242004
YLR264W,YIL047C,0,-3.4702783,0.11274593323469162,0.9894894957542419,0.7786786556243896
YLR029C,YOR261C,0,-3.4703355,0.11272665113210678,0.9894894957542419,0.7788287997245789
YPL113C,YMR160W,0,-3.4755683,0.11270736902952194,0.9894894957542419,0.7789790034294128
YDR167W,YDR451C,0,-3.4760017,0.1126881018280983,0.9894894957542419,0.779129147529602
YBR118W,YDL070W,0,-3.4764822,0.11266883462667465,0.9894894957542419,0.7792792916297913
YJL172W,YML071C,0,-3.4769666,0.1126495748758316,0.9894894957542419,0.7794294357299805
YGR012W,YDR404C,0,-3.4787102,0.11263032257556915,0.9894894957542419,0.7795795798301697
YGR085C,YJL176C,0,-3.4791882,0.1126110702753067,0.9894894957542419,0.7797297239303589
YDL078C,YNL016W,0,-3.480206,0.11259183287620544,0.9894894957542419,0.7798798680305481
YPL078C,YFL045C,0,-3.4831676,0.11257260292768478,0.9894894957542419,0.7800300121307373
YOL112W,YNL175C,0,-3.48348,0.11255337297916412,0.9894894957542419,0.7801801562309265
YDR030C,YIL170W,0,-3.4864063,0.11253415048122406,0.9894894957542419,0.7803303599357605
YBR120C,YKL166C,0,-3.4883325,0.11251494288444519,0.9894894957542419,0.7804805040359497
YBL005W-B,YER168C,0,-3.4911804,0.11249573528766632,0.9894894957542419,0.7806306481361389
YHR029C,YDR167W,0,-3.4913278,0.11247653514146805,0.9894894957542419,0.7807807922363281
YOR283W,YDR392W,0,-3.492096,0.11245733499526978,0.9894894957542419,0.7809309363365173
YBR247C,YKL170W,0,-3.4946327,0.1124381497502327,0.9894894957542419,0.7810810804367065
YLL041C,YML112W,0,-3.4949288,0.11241897195577621,0.9894894957542419,0.7812312245368958
YOL045W,YKL067W,0,-3.4995713,0.11239979416131973,0.9894894957542419,0.781381368637085
YMR276W,YDR508C,0,-3.4998486,0.11238063126802444,0.9894894957542419,0.7815315127372742
YNR028W,YLR301W,0,-3.5015228,0.11236146837472916,0.9894894957542419,0.7816816568374634
YOL107W,YAL039C,0,-3.5017266,0.11234231293201447,0.9894894957542419,0.7818318605422974
YPL213W,YCR060W,0,-3.502223,0.11232316493988037,0.9894894957542419,0.7819820046424866
YAL060W,YJL206C,0,-3.5044174,0.11230402439832687,0.9894894957542419,0.7821321487426758
YGR222W,YMR143W,0,-3.5045772,0.11228488385677338,0.9894894957542419,0.782282292842865
YER014C-A,YIL046W,0,-3.5060222,0.11226575821638107,0.9894894957542419,0.7824324369430542
YDR233C,YCL034W,0,-3.5124567,0.11224663257598877,0.9894894957542419,0.7825825810432434
YHL034C,YGL148W,0,-3.512701,0.11222752183675766,0.9894894957542419,0.7827327251434326
YGL158W,YDL040C,0,-3.513603,0.11220841109752655,0.9894894957542419,0.7828828692436218
YOR176W,YBR115C,0,-3.5147824,0.11218930780887604,0.9894894957542419,0.783033013343811
YGL203C,YDR508C,0,-3.5159879,0.11217021197080612,0.9894894957542419,0.7831831574440002
YBL089W,YFR036W,0,-3.516406,0.1121511235833168,0.9894894957542419,0.7833333611488342
YIL177C,YKL085W,0,-3.5180755,0.11213204264640808,0.9894894957542419,0.7834835052490234
YJL140W,YKL172W,0,-3.5214665,0.11211296170949936,0.9894894957542419,0.7836336493492126
YMR315W,YGL183C,0,-3.5240939,0.11209389567375183,0.9894894957542419,0.7837837934494019
YKL190W,YOR317W,0,-3.5248098,0.1120748296380043,0.9894894957542419,0.7839339375495911
YIL080W,YFR018C,0,-3.5257218,0.11205577105283737,0.9894894957542419,0.7840840816497803
YOR084W,YPR128C,1,-3.5310209,0.11220673471689224,0.9909909963607788,0.7840840816497803
YHR004C,YBL068W,0,-3.5343153,0.11218766123056412,0.9909909963607788,0.7842342257499695
YOR204W,YDR062W,0,-3.5346398,0.11216859519481659,0.9909909963607788,0.7843843698501587
YOR204W,YOR355W,0,-3.5365276,0.11214952915906906,0.9909909963607788,0.7845345139503479
YHR174W,YDL208W,0,-3.5369124,0.11213047802448273,0.9909909963607788,0.7846846580505371
YMR019W,YML097C,0,-3.5369697,0.11211143434047699,0.9909909963607788,0.7848348617553711
YBR150C,YBR271W,0,-3.538012,0.11209239065647125,0.9909909963607788,0.7849850058555603
YGR056W,YIL020C,0,-3.5388505,0.11207335442304611,0.9909909963607788,0.7851351499557495
YKL007W,YKL175W,0,-3.5407171,0.11205433309078217,0.9909909963607788,0.7852852940559387
YOL101C,YLR301W,0,-3.548743,0.11203531175851822,0.9909909963607788,0.7854354381561279
YDR414C,YDR415C,0,-3.5498986,0.11201629042625427,0.9909909963607788,0.7855855822563171
YLR244C,YDR240C,0,-3.5534275,0.11199728399515152,0.9909909963607788,0.7857357263565063
YGR216C,YCL025C,0,-3.5537958,0.11197828501462936,0.9909909963607788,0.7858858704566956
YOR304W,YPR138C,0,-3.554253,0.11195928603410721,0.9909909963607788,0.7860360145568848
YHR069C,YOL026C,0,-3.5553603,0.11194030195474625,0.9909909963607788,0.786186158657074
YHR211W,YGR252W,0,-3.5577521,0.11192131787538528,0.9909909963607788,0.786336362361908
YNL271C,YCR057C,0,-3.5589976,0.11190234124660492,0.9909909963607788,0.7864865064620972
YJR032W,YAR031W,0,-3.5606775,0.11188337206840515,0.9909909963607788,0.7866366505622864
YNL163C,YNL284C,0,-3.5613978,0.11186441034078598,0.9909909963607788,0.7867867946624756
YEL053C,YDL070W,0,-3.561912,0.11184544861316681,0.9909909963607788,0.7869369387626648
YKL103C,YGL113W,0,-3.5620852,0.11182650178670883,0.9909909963607788,0.787087082862854
YLL051C,YOL090W,0,-3.564282,0.11180755496025085,0.9909909963607788,0.7872372269630432
YHR061C,YOR393W,0,-3.5651546,0.11178861558437347,0.9909909963607788,0.7873873710632324
YHR041C,YLR073C,0,-3.5668101,0.11176968365907669,0.9909909963607788,0.7875375151634216
YER190W,YLR164W,0,-3.5677633,0.1117507591843605,0.9909909963607788,0.7876876592636108
YCR093W,YOL101C,0,-3.5716672,0.11173184216022491,0.9909909963607788,0.7878378629684448
YKL174C,YGR034W,0,-3.5726278,0.11171293258666992,0.9909909963607788,0.787988007068634
YNL160W,YDR151C,0,-3.5729506,0.11169402301311493,0.9909909963607788,0.7881381511688232
YDR383C,YOR222W,0,-3.5753345,0.11167512834072113,0.9909909963607788,0.7882882952690125
YDR429C,YDL097C,0,-3.57553,0.11165623366832733,0.9909909963607788,0.7884384393692017
YMR169C,YPL244C,0,-3.5773013,0.11163734644651413,0.9909909963607788,0.7885885834693909
YOR297C,YDR229W,0,-3.5785947,0.11161846667528152,0.9909909963607788,0.7887387275695801
YBR066C,YGR020C,0,-3.5815892,0.11159959435462952,0.9909909963607788,0.7888888716697693
YDL142C,YOL136C,0,-3.5819607,0.1115807294845581,0.9909909963607788,0.7890390157699585
YPR196W,YLR350W,0,-3.5822842,0.1115618646144867,0.9909909963607788,0.7891891598701477
YBR196C,YGL259W,0,-3.5862403,0.11154301464557648,0.9909909963607788,0.7893393635749817
YHR175W,YKR069W,0,-3.5867858,0.11152416467666626,0.9909909963607788,0.7894895076751709
YNL084C,YDL171C,0,-3.5882778,0.11150532215833664,0.9909909963607788,0.7896396517753601
YIL088C,YLR251W,0,-3.5899982,0.11148648709058762,0.9909909963607788,0.7897897958755493
YPR196W,YMR200W,0,-3.5915256,0.11146765947341919,0.9909909963607788,0.7899399399757385
YDR453C,YFR052W,0,-3.59335,0.11144883185625076,0.9909909963607788,0.7900900840759277
YMR241W,YDR245W,0,-3.5938067,0.11143001914024353,0.9909909963607788,0.7902402281761169
YPL113C,YCR012W,0,-3.594581,0.1114112064242363,0.9909909963607788,0.7903903722763062
YJL140W,YLR264W,0,-3.595144,0.11139240860939026,0.9909909963607788,0.7905405163764954
YIL159W,YFL021W,0,-3.5956068,0.11137361079454422,0.9909909963607788,0.7906907200813293
YGR070W,YLR325C,0,-3.595612,0.11135482043027878,0.9909909963607788,0.7908408641815186
YJR053W,YPL208W,0,-3.5982447,0.11133603006601334,0.9909909963607788,0.7909910082817078
YOR291W,YKL171W,0,-3.5985785,0.11131725460290909,0.9909909963607788,0.791141152381897
YJL060W,YDR173C,0,-3.599042,0.11129847913980484,0.9909909963607788,0.7912912964820862
YBR002C,YDR226W,0,-3.599137,0.11127971857786179,0.9909909963607788,0.7914414405822754
YGR089W,YDR496C,0,-3.6010191,0.11126095801591873,0.9909909963607788,0.7915915846824646
YOR355W,YNR010W,0,-3.6032605,0.11124220490455627,0.9909909963607788,0.7917417287826538
YDR211W,YJR130C,0,-3.605784,0.11122345924377441,0.9909909963607788,0.791891872882843
YKL007W,YLR050C,0,-3.606433,0.11120472103357315,0.9909909963607788,0.7920420169830322
YBR031W,YHL027W,0,-3.6087387,0.11118598282337189,0.9909909963607788,0.7921922206878662
YMR296C,YHR168W,0,-3.6092086,0.11116725951433182,0.9909909963607788,0.7923423647880554
YER145C,YGL030W,0,-3.6098776,0.11114853620529175,0.9909909963607788,0.7924925088882446
YPR080W,YPR163C,0,-3.6102624,0.11112982034683228,0.9909909963607788,0.7926426529884338
YLR103C,YCR026C,0,-3.6108894,0.1111111119389534,0.9909909963607788,0.792792797088623
YLR197W,YDR373W,0,-3.6122851,0.11109241098165512,0.9909909963607788,0.7929429411888123
YCL043C,YCR046C,0,-3.613141,0.11107371002435684,0.9909909963607788,0.7930930852890015
YGR145W,YKR102W,0,-3.6167173,0.11105502396821976,0.9909909963607788,0.7932432293891907
YOR176W,YLR020C,0,-3.617415,0.11103633791208267,0.9909909963607788,0.7933933734893799
YLR301W,YGL030W,0,-3.6179996,0.11101765930652618,0.9909909963607788,0.7935435175895691
YHR211W,YKR057W,0,-3.6214387,0.11099898815155029,0.9909909963607788,0.7936937212944031
YOL136C,YFL054C,0,-3.6220593,0.110980324447155,0.9909909963607788,0.7938438653945923
YLL012W,YNL284C,0,-3.6222222,0.1109616681933403,0.9909909963607788,0.7939940094947815
YIL177C,YKR028W,0,-3.624147,0.1109430119395256,0.9909909963607788,0.7941441535949707
YMR169C,YHL012W,0,-3.625924,0.1109243705868721,0.9909909963607788,0.7942942976951599
YJL066C,YER052C,0,-3.62633,0.1109057292342186,0.9909909963607788,0.7944444417953491
YHR211W,YBR282W,0,-3.6276226,0.11088709533214569,0.9909909963607788,0.7945945858955383
YMR172W,YDL148C,0,-3.630191,0.11086846888065338,0.9909909963607788,0.7947447299957275
YJR004C,YLR153C,0,-3.6331975,0.11084984987974167,0.9909909963607788,0.7948948740959167
YBR182C,YBR294W,0,-3.6333036,0.11083123087882996,0.9909909963607788,0.795045018196106
YLR026C,YKL172W,0,-3.6390855,0.11081262677907944,0.9909909963607788,0.7951952219009399
YNR017W,YHR174W,0,-3.6416178,0.11079402267932892,0.9909909963607788,0.7953453660011292
YNR031C,YGL256W,0,-3.6416366,0.110775426030159,0.9909909963607788,0.7954955101013184
YMR269W,YHL027W,0,-3.6422453,0.11075683683156967,0.9909909963607788,0.7956456542015076
YMR186W,YGR214W,0,-3.6452227,0.11073825508356094,0.9909909963607788,0.7957957983016968
YOL082W,YMR093W,0,-3.6469605,0.11071968078613281,0.9909909963607788,0.795945942401886
YGR281W,YPR080W,0,-3.6481433,0.11070110648870468,0.9909909963607788,0.7960960865020752
YMR301C,YKR026C,0,-3.6497967,0.11068253964185715,0.9909909963607788,0.7962462306022644
YLL008W,YNL078W,0,-3.6518414,0.11066398024559021,0.9909909963607788,0.7963963747024536
YDR131C,YGL259W,0,-3.6537716,0.11064542829990387,0.9909909963607788,0.7965465188026428
YER049W,YMR020W,0,-3.6591458,0.11062688380479813,0.9909909963607788,0.7966967225074768
YDL084W,YER087W,0,-3.6631727,0.11060834676027298,0.9909909963607788,0.796846866607666
YKL217W,YLR141W,0,-3.6637747,0.11058980971574783,0.9909909963607788,0.7969970107078552
YGL237C,YOR226C,0,-3.665773,0.11057128757238388,0.9909909963607788,0.7971471548080444
YPR187W,YBL098W,0,-3.67244,0.11055276542901993,0.9909909963607788,0.7972972989082336
YDR090C,YOR327C,0,-3.6738942,0.11053425073623657,0.9909909963607788,0.7974474430084229
YKL203C,YMR099C,0,-3.677299,0.11051574349403381,0.9909909963607788,0.7975975871086121
YGR118W,YNR015W,0,-3.6799722,0.11049723625183105,0.9909909963607788,0.7977477312088013
YIL080W,YIL133C,0,-3.679981,0.11047874391078949,0.9909909963607788,0.7978978753089905
YDR170C,YGR084C,0,-3.6817055,0.11046025156974792,0.9909909963607788,0.7980480194091797
YBR020W,YNR018W,0,-3.6827264,0.11044176667928696,0.9909909963607788,0.7981982231140137
YLR183C,YCL003W,0,-3.6829515,0.11042328923940659,0.9909909963607788,0.7983483672142029
YCL018W,YIL035C,0,-3.683084,0.11040481925010681,0.9909909963607788,0.7984985113143921
YOR206W,YHR008C,0,-3.6842089,0.11038634926080704,0.9909909963607788,0.7986486554145813
YMR093W,YKL096W-A,0,-3.6843522,0.11036789417266846,0.9909909963607788,0.7987987995147705
YBR182C,YOR299W,0,-3.686664,0.11034943908452988,0.9909909963607788,0.7989489436149597
YJL155C,YLR042C,0,-3.6924338,0.1103309914469719,0.9909909963607788,0.7990990877151489
YML028W,YGL019W,0,-3.6937704,0.1103125512599945,0.9909909963607788,0.7992492318153381
YHR012W,YPL119C,0,-3.6966977,0.11029411852359772,0.9909909963607788,0.7993993759155273
YBR261C,YOL108C,0,-3.7004163,0.11027568578720093,0.9909909963607788,0.7995495200157166
YKL022C,YLR160C,0,-3.7013535,0.11025726795196533,0.9909909963607788,0.7996997237205505
YKR026C,YML132W,0,-3.7031841,0.11023885011672974,0.9909909963607788,0.7998498678207397
YGL158W,YFL021W,0,-3.7048686,0.11022043973207474,0.9909909963607788,0.800000011920929
YDR310C,YPL218W,0,-3.7052708,0.11020203679800034,0.9909909963607788,0.8001501560211182
YOR283W,YNL110C,0,-3.7059214,0.11018364131450653,0.9909909963607788,0.8003003001213074
YHL012W,YKL007W,0,-3.7061176,0.11016524583101273,0.9909909963607788,0.8004504442214966
YDR416W,YER052C,0,-3.7068968,0.11014686524868011,0.9909909963607788,0.8006005883216858
YFL038C,YAL039C,0,-3.7138224,0.1101284846663475,0.9909909963607788,0.800750732421875
YGL112C,YDR508C,0,-3.7139325,0.11011011153459549,0.9909909963607788,0.8009008765220642
YOL102C,YMR250W,0,-3.7142413,0.11009174585342407,0.9909909963607788,0.8010510802268982
YMR089C,YPL113C,0,-3.7153094,0.11007338017225266,0.9909909963607788,0.8012012243270874
YOR145C,YOL104C,0,-3.7175007,0.11005502939224243,0.9909909963607788,0.8013513684272766
YDR281C,YOL062C,0,-3.718867,0.11003667861223221,0.9909909963607788,0.8015015125274658
YIL143C,YBL098W,0,-3.7202556,0.11001833528280258,0.9909909963607788,0.801651656627655
YGL158W,YKL093W,0,-3.7211585,0.10999999940395355,0.9909909963607788,0.8018018007278442
YFL057C,YLR187W,0,-3.7225251,0.10998167097568512,0.9909909963607788,0.8019519448280334
YIL135C,YFL033C,0,-3.7248325,0.10996334254741669,0.9909909963607788,0.8021020889282227
YKL165C,YMR099C,0,-3.7261057,0.10994502902030945,0.9909909963607788,0.8022522330284119
YHR030C,YOL010W,0,-3.7280302,0.10992671549320221,0.9909909963607788,0.8024023771286011
YKL007W,YFR045W,0,-3.7308805,0.10990840941667557,0.9909909963607788,0.8025525808334351
YMR241W,YIL061C,0,-3.7343976,0.10989011079072952,0.9909909963607788,0.8027027249336243
YOR304C-A,YGR177C,0,-3.7348762,0.10987181961536407,0.9909909963607788,0.8028528690338135
YOL145C,YBR129C,0,-3.7370493,0.10985352843999863,0.9909909963607788,0.8030030131340027
YNL239W,YLR251W,0,-3.7389164,0.10983524471521378,0.9909909963607788,0.8031531572341919
YLR386W,YBR257W,0,-3.7392855,0.10981696844100952,0.9909909963607788,0.8033033013343811
YBR066C,YCL057W,0,-3.739383,0.10979869961738586,0.9909909963607788,0.8034534454345703
YIL159W,YLR042C,0,-3.7398329,0.1097804382443428,0.9909909963607788,0.8036035895347595
YCR057C,YDR508C,0,-3.7398672,0.10976218432188034,0.9909909963607788,0.8037537336349487
YPL064C,YGR095C,0,-3.74161,0.10974393039941788,0.9909909963607788,0.8039038777351379
YKL013C,YPR137W,0,-3.7419586,0.10972568392753601,0.9909909963607788,0.8040540814399719
YHR004C,YNL163C,0,-3.7424676,0.10970744490623474,0.9909909963607788,0.8042042255401611
YGL037C,YDR151C,0,-3.7428784,0.10968921333551407,0.9909909963607788,0.8043543696403503
YCL057W,YNR044W,0,-3.7449622,0.10967098921537399,0.9909909963607788,0.8045045137405396
YML058W-A,YBR010W,0,-3.7461648,0.10965276509523392,0.9909909963607788,0.8046546578407288
YNL160W,YMR268W-A,0,-3.7497303,0.10963454842567444,0.9909909963607788,0.804804801940918
YLR289W,YLR043C,0,-3.750167,0.10961633920669556,0.9909909963607788,0.8049549460411072
YDR449C,YNL122C,0,-3.7528243,0.10959813743829727,0.9909909963607788,0.8051050901412964
YNL274C,YCL034W,0,-3.7542021,0.10957994312047958,0.9909909963607788,0.8052552342414856
YDR494W,YOR298W,0,-3.7548466,0.10956175625324249,0.9909909963607788,0.8054053783416748
YER150W,YNL282W,0,-3.7574968,0.1095435693860054,0.9909909963607788,0.8055555820465088
YOR071C,YPR091C,0,-3.7577431,0.10952538996934891,0.9909909963607788,0.805705726146698
YIL143C,YKR006C,0,-3.7597752,0.10950721800327301,0.9909909963607788,0.8058558702468872
YKR056W,YLR219W,0,-3.7599835,0.10948905348777771,0.9909909963607788,0.8060060143470764
YJL124C,YPL183W-A,0,-3.7605093,0.10947088897228241,0.9909909963607788,0.8061561584472656
YKR057W,YLR251W,0,-3.761078,0.1094527393579483,0.9909909963607788,0.8063063025474548
YDL206W,YHR085W,0,-3.7613266,0.1094345897436142,0.9909909963607788,0.806456446647644
YLL045C,YMR272C,0,-3.7620275,0.10941644757986069,0.9909909963607788,0.8066065907478333
YOR142W,YNL078W,0,-3.7636116,0.10939831286668777,0.9909909963607788,0.8067567348480225
YKL007W,YPR060C,0,-3.7648292,0.10938017815351486,0.9909909963607788,0.8069068789482117
YDL171C,YIL035C,0,-3.765295,0.10936205834150314,0.9909909963607788,0.8070570826530457
YJL130C,YLR026C,0,-3.7657628,0.10934393852949142,0.9909909963607788,0.8072072267532349
YBR182C,YKL161C,0,-3.76718,0.1093258261680603,0.9909909963607788,0.8073573708534241
YDR530C,YKL095W,0,-3.7679024,0.10930772125720978,0.9909909963607788,0.8075075149536133
YMR049C,YIL083C,0,-3.7680566,0.10928961634635925,0.9909909963607788,0.8076576590538025
YPL122C,YBR238C,0,-3.7696478,0.10927152633666992,0.9909909963607788,0.8078078031539917
YOR261C,YNL298W,0,-3.7737503,0.10925343632698059,0.9909909963607788,0.8079579472541809
YNL273W,YNL016W,0,-3.7778454,0.10923535376787186,0.9909909963607788,0.8081080913543701
YJR028W,YIL140W,0,-3.7785707,0.10921727865934372,0.9909909963607788,0.8082582354545593
YER090W,YNL052W,0,-3.7799425,0.10919920355081558,0.9909909963607788,0.8084083795547485
YOR098C,YCL034W,0,-3.78109,0.10918114334344864,0.9909909963607788,0.8085585832595825
YDR476C,YGR143W,0,-3.7813988,0.1091630831360817,0.9909909963607788,0.8087087273597717
YDL036C,YHR008C,0,-3.7836523,0.10914503037929535,0.9909909963607788,0.8088588714599609
YDL179W,YIL020C,0,-3.7851768,0.1091269850730896,0.9909909963607788,0.8090090155601501
YPL163C,YOR285W,0,-3.7863584,0.10910894721746445,0.9909909963607788,0.8091591596603394
YBR261C,YML097C,0,-3.7941377,0.1090909093618393,0.9909909963607788,0.8093093037605286
YMR315W,YFR019W,0,-3.7951555,0.10907287895679474,0.9909909963607788,0.8094594478607178
YAL063C,YIL083C,0,-3.7954595,0.10905485600233078,0.9909909963607788,0.809609591960907
YMR019W,YMR295C,0,-3.7973287,0.10903684049844742,0.9909909963607788,0.8097597360610962
YPR080W,YMR304W,0,-3.7977414,0.10901883244514465,0.9909909963607788,0.8099098801612854
YNL085W,YMR227C,0,-3.7983437,0.10900082439184189,0.9909909963607788,0.8100600838661194
YLR228C,YMR046C,0,-3.7985096,0.10898282378911972,0.9909909963607788,0.8102102279663086
YDR026C,YOR377W,0,-3.8010693,0.10896483063697815,0.9909909963607788,0.8103603720664978
YAL017W,YGR214W,0,-3.8060806,0.10894684493541718,0.9909909963607788,0.810510516166687
YIL076W,YNL080C,0,-3.8082223,0.1089288666844368,0.9909909963607788,0.8106606602668762
YIL108W,YPR190C,0,-3.8095918,0.10891088843345642,0.9909909963607788,0.8108108043670654
YKR006C,YBL068W,0,-3.8099732,0.10889292508363724,0.9909909963607788,0.8109609484672546
YBR059C,YNR003C,0,-3.8113432,0.10887496173381805,0.9909909963607788,0.8111110925674438
YCL036W,YKR054C,0,-3.812801,0.10885699838399887,0.9909909963607788,0.8112612366676331
YGR167W,YLR291C,0,-3.8132863,0.10883904993534088,0.9909909963607788,0.811411440372467
YKL007W,YDR472W,0,-3.8217258,0.10882110148668289,0.9909909963607788,0.8115615844726562
YBR223C,YCL026C-B,0,-3.8243136,0.1088031679391861,0.9909909963607788,0.8117117285728455
YHR061C,YPL218W,0,-3.8247104,0.1087852343916893,0.9909909963607788,0.8118618726730347
YCL036W,YPR111W,0,-3.8282092,0.1087673008441925,0.9909909963607788,0.8120120167732239
YKL217W,YHR209W,0,-3.8284202,0.1087493821978569,0.9909909963607788,0.8121621608734131
YCL018W,YJL030W,0,-3.830211,0.1087314635515213,0.9909909963607788,0.8123123049736023
YLR020C,YHR059W,0,-3.8302736,0.1087135598063469,0.9909909963607788,0.8124624490737915
YOL086C,YMR160W,0,-3.8306794,0.10869564861059189,0.9909909963607788,0.8126125931739807
YOR106W,YGL030W,0,-3.8321366,0.10867775231599808,0.9909909963607788,0.8127627372741699
YML099C,YPR163C,0,-3.8324177,0.10865986347198486,0.9909909963607788,0.8129129409790039
YPL188W,YOR338W,0,-3.8325653,0.10864197462797165,0.9909909963607788,0.8130630850791931
YJR010W,YGL113W,0,-3.8363585,0.10862409323453903,0.9909909963607788,0.8132132291793823
YLR073C,YPR163C,0,-3.837676,0.10860621929168701,0.9909909963607788,0.8133633732795715
YBR115C,YGR255C,0,-3.8414593,0.10858835279941559,0.9909909963607788,0.8135135173797607
YMR194W,YBR115C,0,-3.8432355,0.10857048630714417,0.9909909963607788,0.81366366147995
YDR064W,YLR183C,0,-3.8446958,0.10855263471603394,0.9909909963607788,0.8138138055801392
YOR377W,YOR311C,0,-3.8460357,0.1085347831249237,0.9909909963607788,0.8139639496803284
YOR243C,YDR457W,0,-3.8524022,0.10851693153381348,0.9909909963607788,0.8141140937805176
YLL029W,YBR192W,0,-3.8537974,0.10849909484386444,0.9909909963607788,0.8142642378807068
YOR378W,YOR215C,0,-3.8562856,0.108481265604496,0.9909909963607788,0.8144144415855408
YDR030C,YCR057C,0,-3.85778,0.10846343636512756,0.9909909963607788,0.81456458568573
YHR069C,YKR026C,0,-3.8584588,0.10844561457633972,0.9909909963607788,0.8147147297859192
YDR144C,YOR145C,0,-3.859066,0.10842780023813248,0.9909909963607788,0.8148648738861084
YJL006C,YER137C,0,-3.8623612,0.10840998589992523,0.9909909963607788,0.8150150179862976
YDL084W,YFR031C,0,-3.8624907,0.10839217901229858,0.9909909963607788,0.8151651620864868
YDL133C-A,YPL093W,0,-3.8639622,0.10837438702583313,0.9909909963607788,0.815315306186676
YJL011C,YPL274W,0,-3.864881,0.10835659503936768,0.9909909963607788,0.8154654502868652
YLR009W,YJL192C,0,-3.8672333,0.10833880305290222,0.9909909963607788,0.8156155943870544
YGR180C,YER171W,0,-3.8689575,0.10832102596759796,0.9909909963607788,0.8157657384872437
YGR239C,YGR077C,1,-3.870413,0.10846734791994095,0.9924924969673157,0.8157657384872437
YLR153C,YHR079C,0,-3.8711386,0.1084495484828949,0.9924924969673157,0.8159159421920776
YBR294W,YBR145W,0,-3.872165,0.10843175649642944,0.9924924969673157,0.8160660862922668
YMR038C,YDR373W,0,-3.876799,0.10841397196054459,0.9924924969673157,0.816216230392456
YBL058W,YOR297C,0,-3.8772893,0.10839619487524033,0.9924924969673157,0.8163663744926453
YGR225W,YOL151W,0,-3.8773901,0.10837842524051666,0.9924924969673157,0.8165165185928345
YKL124W,YOR285W,0,-3.8830929,0.108360655605793,0.9924924969673157,0.8166666626930237
YFR013W,YNR017W,0,-3.8839178,0.10834289342164993,0.9924924969673157,0.8168168067932129
YJL034W,YDR151C,0,-3.8855362,0.10832513868808746,0.9924924969673157,0.8169669508934021
YAL016W,YNL016W,0,-3.8865347,0.10830739140510559,0.9924924969673157,0.8171170949935913
YJR010W,YIR005W,0,-3.8889165,0.10828964412212372,0.9924924969673157,0.8172672390937805
YGL209W,YOR212W,0,-3.8902879,0.10827191174030304,0.9924924969673157,0.8174174427986145
YKL038W,YHR039C-A,0,-3.8917649,0.10825417935848236,0.9924924969673157,0.8175675868988037
YMR169C,YPR162C,0,-3.893789,0.10823644697666168,0.9924924969673157,0.8177177309989929
YLR224W,YKL015W,0,-3.8960142,0.1082187294960022,0.9924924969673157,0.8178678750991821
YNL073W,YBR031W,0,-3.896122,0.10820101201534271,0.9924924969673157,0.8180180191993713
YJL130C,YDL070W,0,-3.9039752,0.10818330943584442,0.9924924969673157,0.8181681632995605
YKR102W,YOL104C,0,-3.9064312,0.10816559940576553,0.9924924969673157,0.8183183073997498
YDR373W,YNR060W,0,-3.9067109,0.10814790427684784,0.9924924969673157,0.818468451499939
YGR239C,YPL112C,1,-3.9073548,0.1082938015460968,0.9939939975738525,0.818468451499939
YGR239C,YNL329C,1,-3.9121642,0.10843964666128159,0.9954954981803894,0.818468451499939
YHR002W,YPL082C,0,-3.9124334,0.10842191427946091,0.9954954981803894,0.8186185956001282
YNL302C,YKR068C,0,-3.9126282,0.10840418934822083,0.9954954981803894,0.8187687397003174
YIL061C,YJR036C,0,-3.9134607,0.10838646441698074,0.9954954981803894,0.8189189434051514
YDR378C,YGR251W,0,-3.9143367,0.10836874693632126,0.9954954981803894,0.8190690875053406
YIL076W,YBR037C,0,-3.9148493,0.10835103690624237,0.9954954981803894,0.8192192316055298
YOL086C,YLR103C,0,-3.9164138,0.10833333432674408,0.9954954981803894,0.819369375705719
YAL033W,YJR103W,0,-3.9181087,0.10831563174724579,0.9954954981803894,0.8195195198059082
YMR315W,YKL038W,0,-3.925231,0.10829794406890869,0.9954954981803894,0.8196696639060974
YLL041C,YER052C,0,-3.9258783,0.1082802563905716,0.9954954981803894,0.8198198080062866
YGR145W,YMR296C,0,-3.9261591,0.1082625761628151,0.9954954981803894,0.8199699521064758
YOR176W,YDL206W,0,-3.9263635,0.1082448959350586,0.9954954981803894,0.820120096206665
YNL032W,YCR012W,0,-3.9286103,0.10822723060846329,0.9954954981803894,0.820270299911499
YDR304C,YLR026C,0,-3.930538,0.10820956528186798,0.9954954981803894,0.8204204440116882
YDL022W,YCR026C,0,-3.9318442,0.10819190740585327,0.9954954981803894,0.8205705881118774
YBR031W,YOR261C,0,-3.933858,0.10817425698041916,0.9954954981803894,0.8207207322120667
YKL205W,YPR163C,0,-3.9350958,0.10815660655498505,0.9954954981803894,0.8208708763122559
YJL166W,YKL074C,0,-3.9351559,0.10813896358013153,0.9954954981803894,0.8210210204124451
YDR449C,YPR119W,0,-3.9400926,0.10812132805585861,0.9954954981803894,0.8211711645126343
YNL010W,YMR203W,0,-3.9402316,0.10810369998216629,0.9954954981803894,0.8213213086128235
YAL054C,YJL149W,0,-3.9449604,0.10808607935905457,0.9954954981803894,0.8214714527130127
YBL085W,YMR308C,0,-3.9458675,0.10806845873594284,0.9954954981803894,0.8216215968132019
YAL060W,YJL149W,0,-3.947645,0.10805084556341171,0.9954954981803894,0.8217718005180359
YHR085W,YGL060W,0,-3.9494205,0.10803323984146118,0.9954954981803894,0.8219219446182251
YDR530C,YLR316C,0,-3.9505548,0.10801564157009125,0.9954954981803894,0.8220720887184143
YBL005W-B,YMR097C,0,-3.951891,0.10799804329872131,0.9954954981803894,0.8222222328186035
YBR260C,YGR229C,0,-3.9551456,0.10798045247793198,0.9954954981803894,0.8223723769187927
YPR194C,YHR041C,0,-3.956511,0.10796286910772324,0.9954954981803894,0.8225225210189819
YOR292C,YJL144W,0,-3.9566088,0.10794529318809509,0.9954954981803894,0.8226726651191711
YIL108W,YMR269W,0,-3.959659,0.10792772471904755,0.9954954981803894,0.8228228092193604
YOR297C,YNL027W,0,-3.9600034,0.10791015625,0.9954954981803894,0.8229729533195496
YMR241W,YIL006W,0,-3.9616544,0.10789259523153305,0.9954954981803894,0.8231230974197388
YLR197W,YGL113W,0,-3.9695826,0.1078750416636467,0.9954954981803894,0.8232733011245728
YBL005W-B,YJR036C,0,-3.9703271,0.10785748809576035,0.9954954981803894,0.823423445224762
YFL066C,YJL130C,0,-3.9709883,0.10783994942903519,0.9954954981803894,0.8235735893249512
YKL186C,YOR162C,0,-3.9720068,0.10782241076231003,0.9954954981803894,0.8237237334251404
YHR069C,YMR136W,0,-3.973341,0.10780487954616547,0.9954954981803894,0.8238738775253296
YMR319C,YKL095W,0,-3.9743392,0.1077873483300209,0.9954954981803894,0.8240240216255188
YGR145W,YDL198C,0,-3.9744654,0.10776983201503754,0.9954954981803894,0.824174165725708
YHR132C,YNL283C,0,-3.9762492,0.10775231570005417,0.9954954981803894,0.8243243098258972
YBR172C,YMR172W,0,-3.9775853,0.1077348068356514,0.9954954981803894,0.8244744539260864
YBL091C-A,YPL147W,0,-3.979888,0.10771730542182922,0.9954954981803894,0.8246245980262756
YDL121C,YHR168W,0,-3.98046,0.10769980400800705,0.9954954981803894,0.8247748017311096
YGL256W,YGL233W,0,-3.9861777,0.10768231004476547,0.9954954981803894,0.8249249458312988
YGR085C,YER002W,0,-3.9867063,0.10766482353210449,0.9954954981803894,0.825075089931488
YJL029C,YKL096W-A,0,-3.9876466,0.10764734447002411,0.9954954981803894,0.8252252340316772
YER090W,YJR034W,0,-3.9880662,0.10762987285852432,0.9954954981803894,0.8253753781318665
YML058W-A,YKL117W,0,-3.9929285,0.10761240124702454,0.9954954981803894,0.8255255222320557
YNL178W,YMR065W,0,-3.9934192,0.10759493708610535,0.9954954981803894,0.8256756663322449
YKL078W,YNL079C,0,-3.993992,0.10757748037576675,0.9954954981803894,0.8258258104324341
YJR112W,YER130C,0,-3.9944134,0.10756002366542816,0.9954954981803894,0.8259759545326233
YMR321C,YBR095C,0,-3.9966161,0.10754258185625076,0.9954954981803894,0.8261260986328125
YPR171W,YBR172C,0,-3.9984465,0.10752514004707336,0.9954954981803894,0.8262763023376465
YOR176W,YJL103C,0,-4.0039997,0.10750770568847656,0.9954954981803894,0.8264264464378357
YDL206W,YDL015C,0,-4.004402,0.10749027132987976,0.9954954981803894,0.8265765905380249
YBL058W,YMR250W,0,-4.0048046,0.10747284442186356,0.9954954981803894,0.8267267346382141
YER117W,YHR061C,0,-4.005683,0.10745543241500854,0.9954954981803894,0.8268768787384033
YIL021W,YOR142W,0,-4.007414,0.10743801295757294,0.9954954981803894,0.8270270228385925
YMR054W,YMR229C,0,-4.0128803,0.10742060840129852,0.9954954981803894,0.8271771669387817
YDL202W,YDR444W,0,-4.0164995,0.10740320384502411,0.9954954981803894,0.827327311038971
YPR162C,YPL098C,0,-4.01771,0.10738581418991089,0.9954954981803894,0.8274774551391602
YKR036C,YBL091C-A,0,-4.0193152,0.10736842453479767,0.9954954981803894,0.8276275992393494
YDR411C,YGR180C,0,-4.024211,0.10735103487968445,0.9954954981803894,0.8277778029441833
YOR147W,YBR150C,0,-4.0243244,0.10733366012573242,0.9954954981803894,0.8279279470443726
YPR083W,YPL274W,0,-4.0256815,0.1073162853717804,0.9954954981803894,0.8280780911445618
YGR177C,YNL258C,0,-4.028987,0.10729891806840897,0.9954954981803894,0.828228235244751
YPR167C,YDR218C,0,-4.0307283,0.10728155076503754,0.9954954981803894,0.8283783793449402
YNL160W,YMR019W,0,-4.030841,0.1072641983628273,0.9954954981803894,0.8285285234451294
YOR176W,YJR032W,0,-4.0313416,0.10724684596061707,0.9954954981803894,0.8286786675453186
YDR196C,YBR128C,0,-4.03146,0.10722950100898743,0.9954954981803894,0.8288288116455078
YIL159W,YOR393W,0,-4.0320344,0.10721216350793839,0.9954954981803894,0.828978955745697
YMR168C,YGR264C,0,-4.0323997,0.10719482600688934,0.9954954981803894,0.8291290998458862
YGR264C,YLR016C,0,-4.0343413,0.1071774959564209,0.9954954981803894,0.8292793035507202
YNR018W,YDR415C,0,-4.0343957,0.10716017335653305,0.9954954981803894,0.8294294476509094
YMR276W,YDR461W,0,-4.034628,0.1071428582072258,0.9954954981803894,0.8295795917510986
YNL283C,YNR002C,0,-4.0349445,0.10712554305791855,0.9954954981803894,0.8297297358512878
YIL061C,YPL218W,0,-4.0354548,0.10710824280977249,0.9954954981803894,0.829879879951477
YKL041W,YMR269W,0,-4.0357294,0.10709093511104584,0.9954954981803894,0.8300300240516663
YNL302C,YKR069W,0,-4.035836,0.10707364231348038,0.9954954981803894,0.8301801681518555
YBR230C,YOR222W,0,-4.0369854,0.10705635696649551,0.9954954981803894,0.8303303122520447
YHR174W,YDR369C,0,-4.037254,0.10703907161951065,0.9954954981803894,0.8304804563522339
YBR155W,YGR185C,0,-4.0440044,0.10702179372310638,0.9954954981803894,0.8306306600570679
YMR093W,YML109W,0,-4.045618,0.10700451582670212,0.9954954981803894,0.8307808041572571
YNL236W,YKR102W,0,-4.04575,0.10698725283145905,0.9954954981803894,0.8309309482574463
YBR177C,YER090W,0,-4.046564,0.10696998983621597,0.9954954981803894,0.8310810923576355
YFL010W-A,YKL124W,0,-4.0491414,0.1069527342915535,0.9954954981803894,0.8312312364578247
YDR090C,YDR527W,0,-4.050484,0.10693548619747162,0.9954954981803894,0.8313813805580139
YBR187W,YBL085W,0,-4.051036,0.10691823810338974,0.9954954981803894,0.8315315246582031
YML073C,YPL087W,0,-4.053299,0.10690099745988846,0.9954954981803894,0.8316816687583923
YOL145C,YER074W,0,-4.0592937,0.10688376426696777,0.9954954981803894,0.8318318128585815
YDR414C,YHR069C,0,-4.0600414,0.10686653852462769,0.9954954981803894,0.8319819569587708
YNL044W,YPR119W,0,-4.0624733,0.1068493127822876,0.9954954981803894,0.8321321606636047
YOR038C,YJR101W,0,-4.062857,0.1068320944905281,0.9954954981803894,0.832282304763794
YPR198W,YPR127W,0,-4.0637226,0.10681488364934921,0.9954954981803894,0.8324324488639832
YGL226C-A,YGL148W,0,-4.066522,0.10679768025875092,0.9954954981803894,0.8325825929641724
YIL094C,YER115C,0,-4.0682526,0.10678047686815262,0.9954954981803894,0.8327327370643616
YOR142W,YIL132C,0,-4.068581,0.10676328837871552,0.9954954981803894,0.8328828811645508
YDR064W,YPL064C,0,-4.0688753,0.10674609243869781,0.9954954981803894,0.83303302526474
YAR002C-A,YGL010W,0,-4.074479,0.10672891139984131,0.9954954981803894,0.8331831693649292
YBR118W,YHR041C,0,-4.074767,0.1067117303609848,0.9954954981803894,0.8333333134651184
YPR189W,YBR141C,0,-4.0755215,0.10669456422328949,0.9954954981803894,0.8334834575653076
YHR012W,YLR042C,0,-4.076641,0.10667739063501358,0.9954954981803894,0.8336336612701416
YHR005C-A,YBR072W,0,-4.0785017,0.10666023194789886,0.9954954981803894,0.8337838053703308
YDR411C,YJR112W,0,-4.0785747,0.10664307326078415,0.9954954981803894,0.83393394947052
YDR405W,YJL225C,0,-4.0789175,0.10662592202425003,0.9954954981803894,0.8340840935707092
YKR056W,YBR274W,0,-4.0820856,0.10660877823829651,0.9954954981803894,0.8342342376708984
YCR014C,YMR300C,0,-4.0870914,0.10659164190292358,0.9954954981803894,0.8343843817710876
YDR454C,YFL054C,0,-4.0880594,0.10657450556755066,0.9954954981803894,0.8345345258712769
YML058W-A,YOL043C,0,-4.0904026,0.10655737668275833,0.9954954981803894,0.8346846699714661
YDR082W,YGL225W,0,-4.0913224,0.1065402552485466,0.9954954981803894,0.8348348140716553
YGL169W,YNL078W,0,-4.091695,0.10652313381433487,0.9954954981803894,0.8349849581718445
YLR404W,YNR067C,0,-4.0922623,0.10650602728128433,0.9954954981803894,0.8351351618766785
YCL018W,YJR040W,0,-4.093075,0.1064889207482338,0.9954954981803894,0.8352853059768677
YOL086C,YLR309C,0,-4.099244,0.10647181421518326,0.9954954981803894,0.8354354500770569
YOR382W,YNR044W,0,-4.100656,0.10645472258329391,0.9954954981803894,0.8355855941772461
YIL142W,YPL208W,0,-4.101054,0.10643763095140457,0.9954954981803894,0.8357357382774353
YGL162W,YBR118W,0,-4.101168,0.10642054677009583,0.9954954981803894,0.8358858823776245
YHR030C,YOL082W,0,-4.101866,0.10640347003936768,0.9954954981803894,0.8360360264778137
YBR155W,YDR497C,0,-4.103548,0.10638639330863953,0.9954954981803894,0.8361861705780029
YPL002C,YNR044W,0,-4.1051955,0.10636932402849197,0.9954954981803894,0.8363363146781921
YOR084W,YEL036C,0,-4.106496,0.10635226219892502,0.9954954981803894,0.8364864587783813
YEL053C,YER130C,0,-4.1080728,0.10633520781993866,0.9954954981803894,0.8366366624832153
YMR145C,YPL244C,0,-4.1097054,0.1063181534409523,0.9954954981803894,0.8367868065834045
YJL011C,YMR321C,0,-4.117734,0.10630110651254654,0.9954954981803894,0.8369369506835938
YNL084C,YOR317W,0,-4.120835,0.10628406703472137,0.9954954981803894,0.837087094783783
YNL008C,YBR010W,0,-4.1211023,0.10626702755689621,0.9954954981803894,0.8372372388839722
YHR060W,YMR269W,0,-4.1260314,0.10625000298023224,0.9954954981803894,0.8373873829841614
YJL066C,YEL022W,0,-4.1260457,0.10623297840356827,0.9954954981803894,0.8375375270843506
YHR030C,YGR282C,0,-4.126195,0.1062159538269043,0.9954954981803894,0.8376876711845398
YPL196W,YNL302C,0,-4.1280565,0.10619894415140152,0.9954954981803894,0.837837815284729
YOR304C-A,YMR186W,0,-4.1307106,0.10618193447589874,0.9954954981803894,0.8379879593849182
YHR060W,YBR172C,0,-4.1310434,0.10616493225097656,0.9954954981803894,0.8381381630897522
YGL256W,YNL121C,0,-4.1315637,0.10614793747663498,0.9954954981803894,0.8382883071899414
YMR005W,YNL095C,0,-4.1329527,0.1061309427022934,0.9954954981803894,0.8384384512901306
YJL004C,YBR141C,0,-4.133197,0.10611395537853241,0.9954954981803894,0.8385885953903198
YNL050C,YDR373W,0,-4.133631,0.10609697550535202,0.9954954981803894,0.838738739490509
YHR211W,YDR059C,0,-4.1350174,0.10608000308275223,0.9954954981803894,0.8388888835906982
YDL029W,YFR033C,0,-4.13505,0.10606303066015244,0.9954954981803894,0.8390390276908875
YOR159C,YML028W,0,-4.139261,0.10604606568813324,0.9954954981803894,0.8391891717910767
YBR202W,YIL083C,0,-4.1394806,0.10602910816669464,0.9954954981803894,0.8393393158912659
YIL139C,YLR401C,0,-4.1399775,0.10601215064525604,0.9954954981803894,0.8394894599914551
YBR066C,YLR080W,0,-4.1410055,0.10599520057439804,0.9954954981803894,0.8396396636962891
YJR005W,YLR009W,0,-4.141326,0.10597825795412064,0.9954954981803894,0.8397898077964783
YGR081C,YMR176W,0,-4.1413445,0.10596132278442383,0.9954954981803894,0.8399399518966675
YHR211W,YKL175W,0,-4.1447964,0.10594438761472702,0.9954954981803894,0.8400900959968567
YKL061W,YPL244C,0,-4.145243,0.1059274673461914,0.9954954981803894,0.8402402400970459
YBR042C,YFL021W,0,-4.1455927,0.1059105396270752,0.9954954981803894,0.8403903841972351
YMR146C,YDR373W,0,-4.1458178,0.10589362680912018,0.9954954981803894,0.8405405282974243
YNL281W,YDR195W,0,-4.146244,0.10587671399116516,0.9954954981803894,0.8406906723976135
YCR087C-A,YMR300C,0,-4.147908,0.10585980862379074,0.9954954981803894,0.8408408164978027
YOL102C,YGR155W,0,-4.1491513,0.10584291070699692,0.9954954981803894,0.8409910202026367
YNL027W,YPR119W,0,-4.149962,0.10582602024078369,0.9954954981803894,0.8411411643028259
YKL009W,YNL122C,0,-4.151681,0.10580912977457047,0.9954954981803894,0.8412913084030151
YGR180C,YDL074C,0,-4.153034,0.10579224675893784,0.9954954981803894,0.8414414525032043
YJR151C,YGR034W,0,-4.1550884,0.1057753637433052,0.9954954981803894,0.8415915966033936
YLR203C,YKR057W,0,-4.157612,0.10575849562883377,0.9954954981803894,0.8417417407035828
YLR291C,YBR031W,0,-4.158254,0.10574162751436234,0.9954954981803894,0.841891884803772
YML028W,YNL309W,0,-4.162819,0.1057247668504715,0.9954954981803894,0.8420420289039612
YGL014W,YKL082C,0,-4.1634574,0.10570790618658066,0.9954954981803894,0.8421921730041504
YLR197W,YHR005C-A,0,-4.167531,0.10569106042385101,0.9954954981803894,0.8423423171043396
YFL066C,YHR082C,0,-4.1675673,0.10567421466112137,0.9954954981803894,0.8424925208091736
YML073C,YJL024C,0,-4.1683445,0.10565736889839172,0.9954954981803894,0.8426426649093628
YJL085W,YBR061C,0,-4.168622,0.10564053803682327,0.9954954981803894,0.842792809009552
YML051W,YGR214W,0,-4.1694922,0.10562370717525482,0.9954954981803894,0.8429429531097412
YDL202W,YBL092W,0,-4.1736345,0.10560688376426697,0.9954954981803894,0.8430930972099304
YJL005W,YDL121C,0,-4.174034,0.10559006035327911,0.9954954981803894,0.8432432413101196
YDR245W,YFR018C,0,-4.1769714,0.10557325184345245,0.9954954981803894,0.8433933854103088
YNL232W,YCR087C-A,0,-4.1814337,0.1055564433336258,0.9954954981803894,0.843543529510498
YOR145C,YHR060W,0,-4.182613,0.10553963482379913,0.9954954981803894,0.8436936736106873
YNL147W,YDR444W,0,-4.1831083,0.10552284121513367,0.9954954981803894,0.8438438177108765
YJR112W,YCL032W,0,-4.18485,0.1055060476064682,0.9954954981803894,0.8439940214157104
YIL088C,YOL136C,0,-4.1848984,0.10548926144838333,0.9954954981803894,0.8441441655158997
YEL031W,YGL169W,0,-4.188576,0.10547247529029846,0.9954954981803894,0.8442943096160889
YDR492W,YOR304W,0,-4.1902933,0.10545570403337479,0.9954954981803894,0.8444444537162781
YHR209W,YDL022W,0,-4.1913404,0.10543893277645111,0.9954954981803894,0.8445945978164673
YDR429C,YKL022C,0,-4.192401,0.10542216897010803,0.9954954981803894,0.8447447419166565
YCL057W,YJL130C,0,-4.192773,0.10540540516376495,0.9954954981803894,0.8448948860168457
YPL104W,YLR348C,0,-4.193891,0.10538864880800247,0.9954954981803894,0.8450450301170349
YER185W,YOL090W,0,-4.196331,0.10537189990282059,0.9954954981803894,0.8451951742172241
YOR074C,YOR382W,0,-4.19637,0.1053551584482193,0.9954954981803894,0.8453453183174133
YDR476C,YGR070W,0,-4.198493,0.10533841699361801,0.9954954981803894,0.8454955220222473
YBR195C,YAR027W,0,-4.198963,0.10532168298959732,0.9954954981803894,0.8456456661224365
YKL203C,YFL010W-A,0,-4.2006035,0.10530495643615723,0.9954954981803894,0.8457958102226257
YLL041C,YJL187C,0,-4.20104,0.10528822988271713,0.9954954981803894,0.8459459543228149
YMR065W,YGR229C,0,-4.2060757,0.10527151823043823,0.9954954981803894,0.8460960984230042
YHR047C,YDR167W,0,-4.2185574,0.10525479912757874,0.9954954981803894,0.8462462425231934
YBR150C,YML132W,0,-4.221261,0.10523809492588043,0.9954954981803894,0.8463963866233826
YKL117W,YNL182C,0,-4.221656,0.10522139072418213,0.9954954981803894,0.8465465307235718
YAL022C,YJL130C,0,-4.224436,0.10520469397306442,0.9954954981803894,0.846696674823761
YDR144C,YOR349W,0,-4.2244906,0.10518800467252731,0.9954954981803894,0.8468468189239502
YKL203C,YNL182C,0,-4.2267303,0.1051713228225708,0.9954954981803894,0.8469970226287842
YJR005W,YOR317W,0,-4.2273064,0.10515464097261429,0.9954954981803894,0.8471471667289734
YOR071C,YOR074C,0,-4.22937,0.10513796657323837,0.9954954981803894,0.8472973108291626
YML058W-A,YGR036C,0,-4.2295413,0.10512129217386246,0.9954954981803894,0.8474474549293518
YDL133C-A,YOR237W,0,-4.235214,0.10510463267564774,0.9954954981803894,0.847597599029541
YJL178C,YPR002W,0,-4.2367487,0.10508797317743301,0.9954954981803894,0.8477477431297302
YDR476C,YOR299W,0,-4.239524,0.10507131367921829,0.9954954981803894,0.8478978872299194
YHR047C,YHR164C,0,-4.2416267,0.10505466908216476,0.9954954981803894,0.8480480313301086
YLR380W,YKL205W,0,-4.243866,0.10503802448511124,0.9954954981803894,0.8481981754302979
YPR191W,YOL066C,0,-4.2455378,0.1050213873386383,0.9954954981803894,0.8483483195304871
YBR042C,YNL052W,0,-4.246173,0.10500475019216537,0.9954954981803894,0.848498523235321
YPR190C,YDR461W,0,-4.2473598,0.10498812049627304,0.9954954981803894,0.8486486673355103
YJR078W,YBR002C,0,-4.2480717,0.1049714982509613,0.9954954981803894,0.8487988114356995
YER050C,YLR042C,0,-4.2492847,0.10495488345623016,0.9954954981803894,0.8489489555358887
YGL060W,YGL030W,0,-4.249445,0.10493826866149902,0.9954954981803894,0.8490990996360779
YAL033W,YPR080W,0,-4.2511344,0.10492166131734848,0.9954954981803894,0.8492492437362671
YKL182W,YBR093C,0,-4.252103,0.10490506142377853,0.9954954981803894,0.8493993878364563
YJL140W,YMR145C,0,-4.252724,0.10488846898078918,0.9954954981803894,0.8495495319366455
YER049W,YGL190C,0,-4.258353,0.10487187653779984,0.9954954981803894,0.8496996760368347
YLL004W,YMR176W,0,-4.270133,0.10485529154539108,0.9954954981803894,0.8498498201370239
YBR238C,YPL273W,0,-4.2733593,0.10483870655298233,0.9954954981803894,0.8500000238418579
YJL178C,YCR057C,0,-4.275259,0.10482213646173477,0.9954954981803894,0.8501501679420471
YLR401C,YPL259C,0,-4.276216,0.10480556637048721,0.9954954981803894,0.8503003120422363
YPR080W,YDR281C,0,-4.277641,0.10478899627923965,0.9954954981803894,0.8504504561424255
YNL309W,YIL076W,0,-4.2779927,0.10477244108915329,0.9954954981803894,0.8506006002426147
YIL094C,YNR057C,0,-4.279489,0.10475588589906693,0.9954954981803894,0.850750744342804
YIL083C,YMR296C,0,-4.2801085,0.10473933815956116,0.9954954981803894,0.8509008884429932
YLR129W,YAL040C,0,-4.284462,0.10472279042005539,0.9954954981803894,0.8510510325431824
YGR084C,YML036W,0,-4.2856154,0.10470625758171082,0.9954954981803894,0.8512011766433716
YIL095W,YGR239C,0,-4.28675,0.10468971729278564,0.9954954981803894,0.8513513803482056
YIL006W,YGR072W,0,-4.286997,0.10467319190502167,0.9954954981803894,0.8515015244483948
YHR069C,YGL226C-A,0,-4.28969,0.10465666651725769,0.9954954981803894,0.851651668548584
YBR196C,YBL089W,0,-4.2897654,0.10464014858007431,0.9954954981803894,0.8518018126487732
YNR017W,YMR087W,0,-4.2957945,0.10462363809347153,0.9954954981803894,0.8519519567489624
YER052C,YDR470C,0,-4.2958136,0.10460713505744934,0.9954954981803894,0.8521021008491516
YOL010W,YIL139C,0,-4.298981,0.10459063202142715,0.9954954981803894,0.8522522449493408
YCL036W,YBR183W,0,-4.3019333,0.10457412898540497,0.9954954981803894,0.85240238904953
YKL078W,YPL104W,0,-4.303785,0.10455764085054398,0.9954954981803894,0.8525525331497192
YGR095C,YDR373W,0,-4.305066,0.10454115271568298,0.9954954981803894,0.8527026772499084
YBR096W,YBR222C,0,-4.306653,0.10452467203140259,0.9954954981803894,0.8528528809547424
YLR113W,YPL078C,0,-4.3085127,0.10450819879770279,0.9954954981803894,0.8530030250549316
YNL079C,YKR056W,0,-4.3126383,0.10449172556400299,0.9954954981803894,0.8531531691551208
YLR447C,YJR055W,0,-4.314295,0.10447525978088379,0.9954954981803894,0.8533033132553101
YDR233C,YBL079W,0,-4.3160715,0.10445880144834518,0.9954954981803894,0.8534534573554993
YLR395C,YKL009W,0,-4.316421,0.10444234311580658,0.9954954981803894,0.8536036014556885
YPR187W,YNL259C,0,-4.3178363,0.10442589223384857,0.9954954981803894,0.8537537455558777
YMR315W,YML109W,0,-4.319121,0.10440944880247116,0.9954954981803894,0.8539038896560669
YGR175C,YGL103W,0,-4.319784,0.10439300537109375,0.9954954981803894,0.8540540337562561
YDR429C,YGR276C,0,-4.320095,0.10437657684087753,0.9954954981803894,0.8542041778564453
YDR378C,YJR112W,0,-4.3206263,0.10436014831066132,0.9954954981803894,0.8543543815612793
YPR035W,YOR168W,0,-4.322797,0.1043437197804451,0.9954954981803894,0.8545045256614685
YML073C,YBL026W,0,-4.3229656,0.10432729870080948,0.9954954981803894,0.8546546697616577
YBR066C,YJR151C,0,-4.3256454,0.10431088507175446,0.9954954981803894,0.8548048138618469
YHR047C,YPR002W,0,-4.3273287,0.10429447889328003,0.9954954981803894,0.8549549579620361
YEL037C,YJL200C,0,-4.327346,0.1042780727148056,0.9954954981803894,0.8551051020622253
YNR002C,YLR145W,0,-4.3294735,0.10426167398691177,0.9954954981803894,0.8552552461624146
YHL012W,YGL190C,0,-4.330085,0.10424528270959854,0.9954954981803894,0.8554053902626038
YOL093W,YAR031W,0,-4.330698,0.10422889143228531,0.9954954981803894,0.855555534362793
YNL282W,YNL335W,0,-4.3314238,0.10421251505613327,0.9954954981803894,0.8557056784629822
YGL209W,YJR010W,0,-4.3314657,0.10419613122940063,0.9954954981803894,0.8558558821678162
YOR219C,YDL208W,0,-4.332527,0.1041797623038292,0.9954954981803894,0.8560060262680054
YPL213W,YPL050C,0,-4.3334723,0.10416339337825775,0.9954954981803894,0.8561561703681946
YGR177C,YDR392W,0,-4.3345647,0.1041470319032669,0.9954954981803894,0.8563063144683838
YOR071C,YMR315W,0,-4.3394904,0.10413067042827606,0.9954954981803894,0.856456458568573
YJR127C,YIL142W,0,-4.340128,0.10411432385444641,0.9954954981803894,0.8566066026687622
YCR060W,YLR208W,0,-4.340437,0.10409797728061676,0.9954954981803894,0.8567567467689514
YJR082C,YIL170W,0,-4.3427296,0.10408163070678711,0.9954954981803894,0.8569068908691406
YLL003W,YKR026C,0,-4.345245,0.10406529903411865,0.9954954981803894,0.8570570349693298
YKL038W,YOL004W,0,-4.346141,0.1040489673614502,0.9954954981803894,0.857207179069519
YNL238W,YIL140W,0,-4.34749,0.10403263568878174,0.9954954981803894,0.857357382774353
YPR011C,YOR123C,0,-4.3494325,0.10401631891727448,0.9954954981803894,0.8575075268745422
YJR021C,YPR125W,0,-4.350562,0.10400000214576721,0.9954954981803894,0.8576576709747314
YLR401C,YPR002W,0,-4.353923,0.10398368537425995,0.9954954981803894,0.8578078150749207
YBR222C,YMR239C,0,-4.3551583,0.10396738350391388,0.9954954981803894,0.8579579591751099
YKL174C,YNL010W,0,-4.355809,0.10395108163356781,0.9954954981803894,0.8581081032752991
YNL309W,YCR026C,0,-4.357126,0.10393478721380234,0.9954954981803894,0.8582582473754883
YER162C,YDR211W,0,-4.357603,0.10391849279403687,0.9954954981803894,0.8584083914756775
YJL011C,YDL198C,0,-4.3641605,0.10390221327543259,0.9954954981803894,0.8585585355758667
YJL187C,YKL117W,0,-4.37006,0.10388592630624771,0.9954954981803894,0.8587086796760559
YPR162C,YCL034W,0,-4.37277,0.10386965423822403,0.9954954981803894,0.8588588833808899
YPR196W,YNL282W,0,-4.3731756,0.10385338217020035,0.9954954981803894,0.8590090274810791
YPR113W,YNL107W,0,-4.3771353,0.10383711755275726,0.9954954981803894,0.8591591715812683
YCR057C,YER104W,0,-4.383213,0.10382086038589478,0.9954954981803894,0.8593093156814575
YJL034W,YLR386W,0,-4.3856077,0.10380460321903229,0.9954954981803894,0.8594594597816467
YLR197W,YHL034C,0,-4.3881855,0.1037883535027504,0.9954954981803894,0.8596096038818359
YER087C-B,YGR239C,0,-4.399914,0.1037721112370491,0.9954954981803894,0.8597597479820251
YKR019C,YBR173C,0,-4.4061956,0.10375586897134781,0.9954954981803894,0.8599098920822144
YLR291C,YBR230C,0,-4.4064436,0.10373963415622711,0.9954954981803894,0.8600600361824036
YDL022W,YKL210W,0,-4.407073,0.10372340679168701,0.9954954981803894,0.8602102398872375
YNL261W,YAL016W,0,-4.407506,0.10370717942714691,0.9954954981803894,0.8603603839874268
YKL180W,YNL006W,0,-4.4098396,0.10369095951318741,0.9954954981803894,0.860510528087616
YMR013C,YOL010W,0,-4.4100075,0.1036747470498085,0.9954954981803894,0.8606606721878052
YML051W,YOR243C,0,-4.413535,0.1036585345864296,0.9954954981803894,0.8608108162879944
YNL147W,YGL256W,0,-4.4143286,0.10364232957363129,0.9954954981803894,0.8609609603881836
YER055C,YOR216C,0,-4.419484,0.10362613201141357,0.9954954981803894,0.8611111044883728
YHR074W,YLR050C,0,-4.421443,0.10360994189977646,0.9954954981803894,0.861261248588562
YOR261C,YOL040C,0,-4.424617,0.10359375178813934,0.9954954981803894,0.8614113926887512
YOL155C,YPL104W,0,-4.4307456,0.10357756912708282,0.9954954981803894,0.8615615367889404
YLR043C,YKL053C-A,0,-4.43204,0.1035613864660263,0.9954954981803894,0.8617117404937744
YGL225W,YIR018W,0,-4.433626,0.10354521125555038,0.9954954981803894,0.8618618845939636
YKL082C,YCR046C,0,-4.438862,0.10352904349565506,0.9954954981803894,0.8620120286941528
YLR182W,YIL047C,0,-4.4473743,0.10351288318634033,0.9954954981803894,0.862162172794342
YML071C,YMR136W,0,-4.447813,0.1034967228770256,0.9954954981803894,0.8623123168945312
YER090W,YML132W,0,-4.4502864,0.10348057001829147,0.9954954981803894,0.8624624609947205
YNL231C,YGR214W,0,-4.45066,0.10346441715955734,0.9954954981803894,0.8626126050949097
YJL103C,YER090W,0,-4.4511423,0.1034482792019844,0.9954954981803894,0.8627627491950989
YDR205W,YPR060C,0,-4.4544444,0.10343213379383087,0.9954954981803894,0.8629128932952881
YOR298W,YDR497C,0,-4.455827,0.10341600328683853,0.9954954981803894,0.8630630373954773
YJL225C,YIL035C,0,-4.461488,0.10339987277984619,0.9954954981803894,0.8632132411003113
YBR238C,YCL052C,0,-4.463212,0.10338374972343445,0.9954954981803894,0.8633633852005005
YGL026C,YGR171C,0,-4.463468,0.1033676341176033,0.9954954981803894,0.8635135293006897
YNL107W,YPR119W,0,-4.4657903,0.10335151851177216,0.9954954981803894,0.8636636734008789
YMR019W,YGR229C,0,-4.4681454,0.1033354103565216,0.9954954981803894,0.8638138175010681
YBR006W,YPL273W,0,-4.468383,0.10331930965185165,0.9954954981803894,0.8639639616012573
YGR012W,YLR348C,0,-4.4689083,0.1033032089471817,0.9954954981803894,0.8641141057014465
YKR102W,YNR013C,0,-4.4720035,0.10328711569309235,0.9954954981803894,0.8642642498016357
YOR098C,YCL052C,0,-4.472619,0.10327102988958359,0.9954954981803894,0.864414393901825
YHR005C-A,YNL302C,0,-4.483139,0.10325494408607483,0.9954954981803894,0.8645645380020142
YPR113W,YNL284C,0,-4.4845314,0.10323886573314667,0.9954954981803894,0.8647147417068481
YOR230W,YGR118W,0,-4.485841,0.1032227948307991,0.9954954981803894,0.8648648858070374
YBR066C,YMR267W,0,-4.4858675,0.10320672392845154,0.9954954981803894,0.8650150299072266
YLL008W,YGR089W,0,-4.4858737,0.10319066047668457,0.9954954981803894,0.8651651740074158
YJL030W,YIL083C,0,-4.4877577,0.1031746044754982,0.9954954981803894,0.865315318107605
YNR067C,YDR195W,0,-4.48983,0.10315854847431183,0.9954954981803894,0.8654654622077942
YKL172W,YDR260C,0,-4.489893,0.10314249992370605,0.9954954981803894,0.8656156063079834
YKL166C,YDL198C,0,-4.4903584,0.10312645882368088,0.9954954981803894,0.8657657504081726
YBR115C,YDL148C,0,-4.4908657,0.1031104177236557,0.9954954981803894,0.8659158945083618
YER008C,YNL231C,0,-4.4910374,0.10309438407421112,0.9954954981803894,0.866066038608551
YBL098W,YJR063W,0,-4.495391,0.10307835787534714,0.9954954981803894,0.866216242313385
YPR200C,YIL047C,0,-4.496008,0.10306233167648315,0.9954954981803894,0.8663663864135742
YOL086C,YOR162C,0,-4.496122,0.10304631292819977,0.9954954981803894,0.8665165305137634
YMR146C,YML049C,0,-4.4977884,0.10303030163049698,0.9954954981803894,0.8666666746139526
YMR112C,YGL062W,0,-4.498495,0.10301429778337479,0.9954954981803894,0.8668168187141418
YLR321C,YLR251W,0,-4.4989424,0.1029982939362526,0.9954954981803894,0.866966962814331
YDR383C,YML028W,0,-4.4997587,0.1029822900891304,0.9954954981803894,0.8671171069145203
YOR074C,YKL074C,0,-4.5019865,0.1029663011431694,0.9954954981803894,0.8672672510147095
YDR083W,YDR364C,0,-4.5033445,0.1029503121972084,0.9954954981803894,0.8674173951148987
YOL086C,YOR219C,0,-4.50414,0.1029343232512474,0.9954954981803894,0.8675675392150879
YPL002C,YNL208W,0,-4.504897,0.1029183492064476,0.9954954981803894,0.8677177429199219
YLR291C,YOR099W,0,-4.5066614,0.1029023751616478,0.9954954981803894,0.8678678870201111
YBR150C,YNL010W,0,-4.508974,0.10288640856742859,0.9954954981803894,0.8680180311203003
YMR061W,YHR058C,0,-4.514026,0.10287044197320938,0.9954954981803894,0.8681681752204895
YHR030C,YOL028C,0,-4.516223,0.10285448282957077,0.9954954981803894,0.8683183193206787
YOR159C,YOR180C,0,-4.5167146,0.10283853113651276,0.9954954981803894,0.8684684634208679
YOL086C,YML052W,0,-4.5171967,0.10282257944345474,0.9954954981803894,0.8686186075210571
YGL068W,YNL273W,0,-4.5214286,0.10280663520097733,0.9954954981803894,0.8687687516212463
YGR281W,YFL021W,0,-4.523069,0.1027906984090805,0.9954954981803894,0.8689188957214355
YOR237W,YJR147W,0,-4.5263286,0.10277476161718369,0.9954954981803894,0.8690690398216248
YOR168W,YIL042C,0,-4.5317817,0.10275883227586746,0.9954954981803894,0.8692192435264587
YER168C,YDR353W,0,-4.534468,0.10274291038513184,0.9954954981803894,0.869369387626648
YER098W,YDL083C,0,-4.5378733,0.10272698849439621,0.9954954981803894,0.8695195317268372
YHR030C,YKL175W,0,-4.539356,0.10271107405424118,0.9954954981803894,0.8696696758270264
YLL008W,YMR008C,0,-4.53973,0.10269516706466675,0.9954954981803894,0.8698198199272156
YCR087C-A,YNL302C,0,-4.541507,0.10267926007509232,0.9954954981803894,0.8699699640274048
YOR226C,YPR138C,0,-4.5464334,0.10266336053609848,0.9954954981803894,0.870120108127594
YKR054C,YLR244C,0,-4.548139,0.10264746844768524,0.9954954981803894,0.8702702522277832
YAL063C,YMR193W,0,-4.5485835,0.102631576359272,0.9954954981803894,0.8704203963279724
YOL145C,YPR159W,0,-4.5492363,0.10261569172143936,0.9954954981803894,0.8705706000328064
YNL080C,YJR133W,0,-4.549284,0.10259981453418732,0.9954954981803894,0.8707207441329956
YLR244C,YER185W,0,-4.553606,0.10258393734693527,0.9954954981803894,0.8708708882331848
YHR029C,YHL027W,0,-4.555231,0.10256806761026382,0.9954954981803894,0.871021032333374
YGR221C,YNL307C,0,-4.557075,0.10255220532417297,0.9954954981803894,0.8711711764335632
YLR300W,YGL060W,0,-4.5572834,0.10253634303808212,0.9954954981803894,0.8713213205337524
YDR081C,YJR063W,0,-4.5585194,0.10252048820257187,0.9954954981803894,0.8714714646339417
YDR263C,YOL093W,0,-4.5604916,0.10250464081764221,0.9954954981803894,0.8716216087341309
YHR061C,YBR187W,0,-4.5626926,0.10248879343271255,0.9954954981803894,0.8717717528343201
YML071C,YKL038W,0,-4.563547,0.1024729534983635,0.9954954981803894,0.8719218969345093
YGR177C,YMR203W,0,-4.5669155,0.10245711356401443,0.9954954981803894,0.8720721006393433
YPR194C,YOL136C,0,-4.5692887,0.10244128853082657,0.9954954981803894,0.8722222447395325
YNL010W,YKL096W-A,0,-4.570222,0.1024254560470581,0.9954954981803894,0.8723723888397217
YMR227C,YPL218W,0,-4.570838,0.10240963846445084,0.9954954981803894,0.8725225329399109
YKL090W,YGL256W,0,-4.5733414,0.10239382088184357,0.9954954981803894,0.8726726770401001
YDR371W,YPL252C,0,-4.576336,0.1023780107498169,0.9954954981803894,0.8728228211402893
YPR137W,YOR353C,0,-4.577717,0.10236220806837082,0.9954954981803894,0.8729729652404785
YDL028C,YKL171W,0,-4.581846,0.10234640538692474,0.9954954981803894,0.8731231093406677
YOR074C,YMR065W,0,-4.5850616,0.10233061015605927,0.9954954981803894,0.8732732534408569
YJL200C,YJL140W,0,-4.58705,0.10231481492519379,0.9954954981803894,0.8734233975410461
YGR238C,YIL047C,0,-4.5928783,0.1022990271449089,0.9954954981803894,0.8735736012458801
YHR069C,YOR355W,0,-4.593308,0.10228324681520462,0.9954954981803894,0.8737237453460693
YOR142W,YKL205W,0,-4.594184,0.10226746648550034,0.9954954981803894,0.8738738894462585
YKR103W,YBR243C,0,-4.5962114,0.10225169360637665,0.9954954981803894,0.8740240335464478
YPL099C,YBL068W,0,-4.604638,0.10223592817783356,0.9954954981803894,0.874174177646637
YCL036W,YNR003C,0,-4.606857,0.10222017019987106,0.9954954981803894,0.8743243217468262
YKL038W,YMR272C,0,-4.609867,0.10220441222190857,0.9954954981803894,0.8744744658470154
YGL244W,YJR112W,0,-4.612283,0.10218865424394608,0.9954954981803894,0.8746246099472046
YLR395C,YLL012W,0,-4.6130342,0.10217291116714478,0.9954954981803894,0.8747747540473938
YBR031W,YIL047C,0,-4.6179285,0.10215716809034348,0.9954954981803894,0.874924898147583
YPL007C,YMR246W,0,-4.627495,0.10214142501354218,0.9954954981803894,0.875075101852417
YCR057C,YJR133W,0,-4.6284256,0.10212569683790207,0.9954954981803894,0.8752252459526062
YBR042C,YMR272C,0,-4.6327257,0.10210996121168137,0.9954954981803894,0.8753753900527954
YPL259C,YNR018W,0,-4.6344028,0.10209424048662186,0.9954954981803894,0.8755255341529846
YJR151C,YBR261C,0,-4.6346836,0.10207851976156235,0.9954954981803894,0.8756756782531738
YKL096W-A,YBL085W,0,-4.6363163,0.10206280648708344,0.9954954981803894,0.875825822353363
YGR251W,YDR460W,0,-4.651497,0.10204710066318512,0.9954954981803894,0.8759759664535522
YJL140W,YMR308C,0,-4.6518354,0.1020313948392868,0.9954954981803894,0.8761261105537415
YDR233C,YPR200C,0,-4.6538353,0.10201569646596909,0.9954954981803894,0.8762762546539307
YKR026C,YMR240C,0,-4.654483,0.10199999809265137,0.9954954981803894,0.8764263987541199
YHR030C,YGR179C,0,-4.657312,0.10198430716991425,0.9954954981803894,0.8765766024589539
YGR282C,YKL103C,0,-4.6574154,0.10196862369775772,0.9954954981803894,0.8767267465591431
YDR067C,YMR238W,0,-4.6583486,0.1019529476761818,0.9954954981803894,0.8768768906593323
YEL022W,YDL055C,0,-4.6602497,0.10193727165460587,0.9954954981803894,0.8770270347595215
YDL061C,YBR026C,0,-4.6618958,0.10192159563302994,0.9954954981803894,0.8771771788597107
YCR052W,YDR195W,0,-4.664635,0.1019059345126152,0.9954954981803894,0.8773273229598999
YNL231C,YDL022W,0,-4.669614,0.10189027339220047,0.9954954981803894,0.8774774670600891
YML051W,YOR098C,0,-4.672144,0.10187461227178574,0.9954954981803894,0.8776276111602783
YER055C,YLR088W,0,-4.673319,0.1018589660525322,0.9954954981803894,0.8777777552604675
YJR051W,YML028W,0,-4.6734824,0.10184331983327866,0.9954954981803894,0.8779278993606567
YPR113W,YAL017W,0,-4.6768675,0.10182767361402512,0.9954954981803894,0.8780781030654907
YJR036C,YGL148W,0,-4.680476,0.10181204229593277,0.9954954981803894,0.8782282471656799
YER145C,YKL015W,0,-4.683454,0.10179640352725983,0.9954954981803894,0.8783783912658691
YGR239C,YPR128C,1,-4.6869507,0.10193429887294769,0.9969969987869263,0.8783783912658691
YCL004W,YLR153C,0,-4.687027,0.10191865265369415,0.9969969987869263,0.8785285353660583
YLR244C,YJR130C,0,-4.6897607,0.10190300643444061,0.9969969987869263,0.8786786794662476
YNL281W,YBL098W,0,-4.6919165,0.10188737511634827,0.9969969987869263,0.8788288235664368
YDR064W,YBR093C,0,-4.6974716,0.10187173634767532,0.9969969987869263,0.878978967666626
YOR099W,YMR065W,0,-4.698226,0.10185611248016357,0.9969969987869263,0.8791291117668152
YCL018W,YOR349W,0,-4.7031784,0.10184048861265182,0.9969969987869263,0.8792792558670044
YDR492W,YCR052W,0,-4.7049084,0.10182487219572067,0.9969969987869263,0.8794293999671936
YBR118W,YBR187W,0,-4.7060223,0.10180926322937012,0.9969969987869263,0.8795796036720276
YGL062W,YNL274C,0,-4.707049,0.10179365426301956,0.9969969987869263,0.8797297477722168
YKR036C,YLR270W,0,-4.7071166,0.1017780527472496,0.9969969987869263,0.879879891872406
YJR092W,YMR093W,0,-4.7086353,0.10176245123147964,0.9969969987869263,0.8800300359725952
YKL117W,YPR138C,0,-4.713989,0.10174685716629028,0.9969969987869263,0.8801801800727844
YCR057C,YDL077C,0,-4.7225876,0.10173127055168152,0.9969969987869263,0.8803303241729736
YLR209C,YOR393W,0,-4.726387,0.10171568393707275,0.9969969987869263,0.8804804682731628
YKR056W,YKL203C,0,-4.729809,0.10170010477304459,0.9969969987869263,0.880630612373352
YOR287C,YOR148C,0,-4.730915,0.10168453305959702,0.9969969987869263,0.8807807564735413
YNL131W,YOR298W,0,-4.73127,0.10166896134614944,0.9969969987869263,0.8809309601783752
YMR241W,YDR497C,0,-4.7332544,0.10165339708328247,0.9969969987869263,0.8810811042785645
YCL018W,YER185W,0,-4.733822,0.1016378402709961,0.9969969987869263,0.8812312483787537
YOR212W,YGL162W,0,-4.7342176,0.10162228345870972,0.9969969987869263,0.8813813924789429
YDR306C,YJL214W,0,-4.736086,0.10160673409700394,0.9969969987869263,0.8815315365791321
YGR180C,YOR283W,0,-4.742285,0.10159118473529816,0.9969969987869263,0.8816816806793213
YLR425W,YFL001W,0,-4.7435665,0.10157564282417297,0.9969969987869263,0.8818318247795105
YGR180C,YGL220W,0,-4.746544,0.10156010836362839,0.9969969987869263,0.8819819688796997
YOL010W,YIL076W,0,-4.746879,0.1015445813536644,0.9969969987869263,0.8821321129798889
YOL045W,YPL240C,0,-4.7478848,0.10152905434370041,0.9969969987869263,0.8822822570800781
YAL054C,YDL040C,0,-4.7504506,0.10151352733373642,0.9969969987869263,0.8824324607849121
YLR163C,YKR044W,0,-4.7539134,0.10149801522493362,0.9969969987869263,0.8825826048851013
YJL079C,YDR332W,0,-4.754347,0.10148250311613083,0.9969969987869263,0.8827327489852905
YKL117W,YBL098W,0,-4.75893,0.10146699100732803,0.9969969987869263,0.8828828930854797
YMR182C,YJL171C,0,-4.7612395,0.10145148634910583,0.9969969987869263,0.883033037185669
YEL040W,YBL034C,0,-4.76925,0.10143598914146423,0.9969969987869263,0.8831831812858582
YNL010W,YGL225W,0,-4.7696414,0.10142049938440323,0.9969969987869263,0.8833333253860474
YLR244C,YGL051W,0,-4.7713423,0.10140500962734222,0.9969969987869263,0.8834834694862366
YIL088C,YGR177C,0,-4.778558,0.10138952732086182,0.9969969987869263,0.8836336135864258
YDR064W,YGL244W,0,-4.7795324,0.10137404501438141,0.9969969987869263,0.883783757686615
YLL055W,YDR353W,0,-4.787669,0.1013585701584816,0.9969969987869263,0.883933961391449
YPL027W,YPR159W,0,-4.7882786,0.10134310275316238,0.9969969987869263,0.8840841054916382
YLR157C,YNR057C,0,-4.788872,0.10132763534784317,0.9969969987869263,0.8842342495918274
YIL170W,YPR163C,0,-4.7911396,0.10131217539310455,0.9969969987869263,0.8843843936920166
YFL048C,YNL238W,0,-4.791585,0.10129672288894653,0.9969969987869263,0.8845345377922058
YOR283W,YJL079C,0,-4.7923307,0.10128127038478851,0.9969969987869263,0.884684681892395
YDR527W,YOR313C,0,-4.7947316,0.10126582533121109,0.9969969987869263,0.8848348259925842
YFR021W,YOL093W,0,-4.7991157,0.10125038027763367,0.9969969987869263,0.8849849700927734
YGR282C,YDL142C,0,-4.8017235,0.10123494267463684,0.9969969987869263,0.8851351141929626
YKL078W,YOR038C,0,-4.806684,0.10121951252222061,0.9969969987869263,0.8852852582931519
YBL076C,YNR028W,0,-4.811514,0.10120408236980438,0.9969969987869263,0.8854354619979858
YHR132C,YIL177C,0,-4.8120527,0.10118865966796875,0.9969969987869263,0.885585606098175
YDR351W,YDL179W,0,-4.8170767,0.10117324441671371,0.9969969987869263,0.8857357501983643
YOR212W,YLR312W-A,0,-4.8308024,0.10115782916545868,0.9969969987869263,0.8858858942985535
YGL169W,YDL083C,0,-4.8325043,0.10114242136478424,0.9969969987869263,0.8860360383987427
YMR315W,YMR087W,0,-4.8401995,0.1011270210146904,0.9969969987869263,0.8861861824989319
YDR146C,YMR136W,0,-4.84283,0.10111162066459656,0.9969969987869263,0.8863363265991211
YCR087C-A,YIL133C,0,-4.84505,0.10109622776508331,0.9969969987869263,0.8864864706993103
YMR182C,YOR212W,0,-4.8494587,0.10108083486557007,0.9969969987869263,0.8866366147994995
YDR164C,YNL302C,0,-4.8565297,0.10106544941663742,0.9969969987869263,0.8867867588996887
YFL057C,YIL047C,0,-4.857752,0.10105007141828537,0.9969969987869263,0.8869369626045227
YGL170C,YNL236W,0,-4.858419,0.10103469341993332,0.9969969987869263,0.8870871067047119
YGL237C,YDR518W,0,-4.872436,0.10101932287216187,0.9969969987869263,0.8872372508049011
YDR419W,YKR057W,0,-4.877575,0.10100395232439041,0.9969969987869263,0.8873873949050903
YMR112C,YPR080W,0,-4.8799977,0.10098859667778015,0.9969969987869263,0.8875375390052795
YML071C,YLL027W,0,-4.883149,0.1009732335805893,0.9969969987869263,0.8876876831054688
YDR351W,YLR383W,0,-4.890132,0.10095788538455963,0.9969969987869263,0.887837827205658
YNL131W,YDR364C,0,-4.8914227,0.10094253718852997,0.9969969987869263,0.8879879713058472
YMR013C,YMR186W,0,-4.8940687,0.1009271889925003,0.9969969987869263,0.8881381154060364
YER103W,YMR089C,0,-4.8991356,0.10091185569763184,0.9969969987869263,0.8882882595062256
YLL019C,YOR285W,0,-4.9043226,0.10089652240276337,0.9969969987869263,0.8884384632110596
YDR233C,YGL256W,0,-4.90584,0.1008811891078949,0.9969969987869263,0.8885886073112488
YER014C-A,YLR270W,0,-4.9077406,0.10086586326360703,0.9969969987869263,0.888738751411438
YNL008C,YDR410C,0,-4.910249,0.10085054486989975,0.9969969987869263,0.8888888955116272
YER154W,YPR006C,0,-4.91539,0.10083523392677307,0.9969969987869263,0.8890390396118164
YOL165C,YDR496C,0,-4.9187136,0.10081992298364639,0.9969969987869263,0.8891891837120056
YNL298W,YJL095W,0,-4.920821,0.10080461204051971,0.9969969987869263,0.8893393278121948
YJR010W,YML080W,0,-4.9221387,0.10078931599855423,0.9969969987869263,0.889489471912384
YGL170C,YNL110C,0,-4.9239693,0.10077401995658875,0.9969969987869263,0.8896396160125732
YKL061W,YIL177C,0,-4.9275894,0.10075872391462326,0.9969969987869263,0.8897897601127625
YDL121C,YKL015W,0,-4.928891,0.10074343532323837,0.9969969987869263,0.8899399638175964
YGR221C,YMR319C,0,-4.9325285,0.10072815418243408,0.9969969987869263,0.8900901079177856
YKL182W,YHR119W,0,-4.937276,0.10071288049221039,0.9969969987869263,0.8902402520179749
YDR461W,YKL094W,0,-4.9382935,0.1006976068019867,0.9969969987869263,0.8903903961181641
YOL086C,YMR145C,0,-4.9385004,0.100682333111763,0.9969969987869263,0.8905405402183533
YCR057C,YIR032C,0,-4.938711,0.1006670743227005,0.9969969987869263,0.8906906843185425
YGR077C,YHL027W,0,-4.9394794,0.1006518080830574,0.9969969987869263,0.8908408284187317
YOL086C,YMR087W,0,-4.9400086,0.1006365567445755,0.9969969987869263,0.8909909725189209
YJL103C,YGL030W,0,-4.9464254,0.1006213054060936,0.9969969987869263,0.8911411166191101
YPR072W,YPL252C,0,-4.9527726,0.10060606151819229,0.9969969987869263,0.8912913203239441
YPL064C,YJR053W,0,-4.957114,0.10059081763029099,0.9969969987869263,0.8914414644241333
YFL038C,YDR306C,0,-4.9588637,0.10057558119297028,0.9969969987869263,0.8915916085243225
YJL192C,YPR006C,0,-4.962776,0.10056035220623016,0.9969969987869263,0.8917417526245117
YOL052C,YLR350W,0,-4.9642353,0.10054512321949005,0.9969969987869263,0.8918918967247009
YGL062W,YLR316C,0,-4.968359,0.10052990168333054,0.9969969987869263,0.8920420408248901
YLR009W,YDR229W,0,-4.9686694,0.10051468014717102,0.9969969987869263,0.8921921849250793
YPR113W,YJR082C,0,-4.974084,0.1004994735121727,0.9969969987869263,0.8923423290252686
YHR074W,YDR211W,0,-4.9742155,0.10048425942659378,0.9969969987869263,0.8924924731254578
YNL044W,YPL082C,0,-4.9755654,0.10046906024217606,0.9969969987869263,0.892642617225647
YLL051C,YMR182C,0,-4.975745,0.10045386105775833,0.9969969987869263,0.892792820930481
YIL135C,YIL133C,0,-4.9761763,0.1004386618733406,0.9969969987869263,0.8929429650306702
YAL063C,YDR172W,0,-4.9767075,0.10042347013950348,0.9969969987869263,0.8930931091308594
YNL160W,YOL104C,0,-4.9788065,0.10040828585624695,0.9969969987869263,0.8932432532310486
YER022W,YOR204W,0,-4.979022,0.10039310902357101,0.9969969987869263,0.8933933973312378
YLR404W,YMR173W,0,-4.9796534,0.10037793219089508,0.9969969987869263,0.893543541431427
YPR011C,YKR036C,0,-4.9859943,0.10036275535821915,0.9969969987869263,0.8936936855316162
YBR072W,YFL017W-A,0,-4.9882464,0.10034758597612381,0.9969969987869263,0.8938438296318054
YHR041C,YPL065W,0,-4.9903574,0.10033242404460907,0.9969969987869263,0.8939939737319946
YDR064W,YHR156C,0,-4.9911714,0.10031726956367493,0.9969969987869263,0.8941441178321838
YBL041W,YLR251W,0,-4.99417,0.10030211508274078,0.9969969987869263,0.8942943215370178
YGL019W,YOR351C,0,-4.9966483,0.10028696805238724,0.9969969987869263,0.894444465637207
YBR195C,YHR074W,0,-4.997865,0.10027182102203369,0.9969969987869263,0.8945946097373962
YNR057C,YDR449C,0,-5.0003405,0.10025668144226074,0.9969969987869263,0.8947447538375854
YNL231C,YGR118W,0,-5.00169,0.10024154931306839,0.9969969987869263,0.8948948979377747
YMR136W,YBR061C,0,-5.0068827,0.10022641718387604,0.9969969987869263,0.8950450420379639
YHR175W,YOL101C,0,-5.010471,0.10021129250526428,0.9969969987869263,0.8951951861381531
YJL130C,YKL124W,0,-5.0172215,0.10019616782665253,0.9969969987869263,0.8953453302383423
YPL240C,YMR078C,0,-5.0187454,0.10018105059862137,0.9969969987869263,0.8954954743385315
YPL112C,YHR085W,0,-5.020749,0.1001659408211708,0.9969969987869263,0.8956456184387207
YGL170C,YER165W,0,-5.0230474,0.10015083104372025,0.9969969987869263,0.8957958221435547
YML058W-A,YMR269W,0,-5.025118,0.10013572871685028,0.9969969987869263,0.8959459662437439
YHR069C,YNL307C,0,-5.025757,0.10012062638998032,0.9969969987869263,0.8960961103439331
YOR206W,YHR058C,0,-5.0342026,0.10010553151369095,0.9969969987869263,0.8962462544441223
YOR099W,YNR002C,0,-5.0357347,0.10009044408798218,0.9969969987869263,0.8963963985443115
YBR066C,YNR067C,0,-5.0418997,0.10007535666227341,0.9969969987869263,0.8965465426445007
YDR026C,YDL074C,0,-5.0458207,0.10006027668714523,0.9969969987869263,0.8966966867446899
YIL046W,YLR251W,0,-5.0487595,0.10004520416259766,0.9969969987869263,0.8968468308448792
YLR113W,YPL099C,0,-5.05098,0.10003013163805008,0.9969969987869263,0.8969969749450684
YMR005W,YGR264C,0,-5.055186,0.1000150591135025,0.9969969987869263,0.8971471190452576
YAL038W,YML052W,0,-5.055321,0.10000000149011612,0.9969969987869263,0.8972973227500916
YLR285W,YLL040C,0,-5.057976,0.09998494386672974,0.9969969987869263,0.8974474668502808
YOL070C,YPR163C,0,-5.0618443,0.09996988624334335,0.9969969987869263,0.89759761095047
YOR168W,YGR199W,0,-5.0671387,0.09995483607053757,0.9969969987869263,0.8977477550506592
YHR041C,YOR349W,0,-5.067629,0.09993979334831238,0.9969969987869263,0.8978978991508484
YJL087C,YBR145W,0,-5.0680933,0.09992475807666779,0.9969969987869263,0.8980480432510376
YDR351W,YEL041W,0,-5.070239,0.0999097228050232,0.9969969987869263,0.8981981873512268
YOR204W,YDR353W,0,-5.0708103,0.0998946875333786,0.9969969987869263,0.898348331451416
YNR017W,YNR044W,0,-5.0720596,0.0998796597123146,0.9969969987869263,0.8984984755516052
YDL227C,YMR272C,0,-5.0723104,0.09986463934183121,0.9969969987869263,0.8986486196517944
YHR005C-A,YOL101C,0,-5.088584,0.0998496264219284,0.9969969987869263,0.8987988233566284
YML099C,YIR038C,0,-5.094962,0.0998346135020256,0.9969969987869263,0.8989489674568176
YNL304W,YMR296C,0,-5.0953717,0.0998196005821228,0.9969969987869263,0.8990991115570068
YMR033W,YOL101C,0,-5.09654,0.0998046025633812,0.9969969987869263,0.899249255657196
YMR246W,YHR057C,0,-5.100934,0.09978959709405899,0.9969969987869263,0.8993993997573853
YMR019W,YKR056W,0,-5.101642,0.09977460652589798,0.9969969987869263,0.8995495438575745
YAL038W,YJL053W,0,-5.1017423,0.09975961595773697,0.9969969987869263,0.8996996879577637
YNL160W,YGR255C,0,-5.1033316,0.09974463284015656,0.9969969987869263,0.8998498320579529
YLR224W,YMR246W,0,-5.1066265,0.09972964972257614,0.9969969987869263,0.8999999761581421
YMR301C,YPR043W,0,-5.1071835,0.09971467405557632,0.9969969987869263,0.9001501798629761
YGL209W,YKL117W,0,-5.107355,0.09969969838857651,0.9969969987869263,0.9003003239631653
YEL022W,YNL010W,0,-5.109107,0.09968473017215729,0.9969969987869263,0.9004504680633545
YMR078C,YLR344W,0,-5.112666,0.09966976940631866,0.9969969987869263,0.9006006121635437
YJL134W,YIL042C,0,-5.1188946,0.09965480864048004,0.9969969987869263,0.9007507562637329
YGL225W,YOR142W,0,-5.12067,0.09963985532522202,0.9969969987869263,0.9009009003639221
YIL002C,YIL047C,0,-5.1215954,0.09962490946054459,0.9969969987869263,0.9010510444641113
YPL078C,YBR129C,0,-5.122616,0.09960996359586716,0.9969969987869263,0.9012011885643005
YPR196W,YNL052W,0,-5.1229057,0.09959501773118973,0.9969969987869263,0.9013513326644897
YNL223W,YMR194W,0,-5.1247272,0.09958008676767349,0.9969969987869263,0.901501476764679
YKR008W,YHR005C-A,0,-5.125071,0.09956515580415726,0.9969969987869263,0.9016516804695129
YOR226C,YOL062C,0,-5.127862,0.09955022484064102,0.9969969987869263,0.9018018245697021
YLL034C,YFL057C,0,-5.139927,0.09953530132770538,0.9969969987869263,0.9019519686698914
YNL110C,YBR187W,0,-5.142661,0.09952038526535034,0.9969969987869263,0.9021021127700806
YBL089W,YIR039C,0,-5.1440797,0.0995054692029953,0.9969969987869263,0.9022522568702698
YKL038W,YLR309C,0,-5.1572533,0.09949056059122086,0.9969969987869263,0.902402400970459
YOR147W,YIL079C,0,-5.16349,0.09947565197944641,0.9969969987869263,0.9025525450706482
YNL138W,YDR173C,0,-5.165684,0.09946075826883316,0.9969969987869263,0.9027026891708374
YPL188W,YNL016W,0,-5.1662035,0.09944585710763931,0.9969969987869263,0.9028528332710266
YDL021W,YMR172W,0,-5.1683264,0.09943097084760666,0.9969969987869263,0.9030029773712158
YGR081C,YMR200W,0,-5.172536,0.09941607713699341,0.9969969987869263,0.9031531810760498
YOR304C-A,YMR319C,0,-5.175596,0.09940119832754135,0.9969969987869263,0.903303325176239
YOR297C,YDR404C,0,-5.1820216,0.0993863195180893,0.9969969987869263,0.9034534692764282
YER055C,YIR039C,0,-5.185315,0.09937144815921783,0.9969969987869263,0.9036036133766174
YOR054C,YOR382W,0,-5.186732,0.09935657680034637,0.9969969987869263,0.9037537574768066
YKL186C,YNL239W,0,-5.191478,0.09934171289205551,0.9969969987869263,0.9039039015769958
YLR228C,YPL098C,0,-5.192318,0.09932684898376465,0.9969969987869263,0.9040540456771851
YFR013W,YLR197W,0,-5.1948347,0.09931199252605438,0.9969969987869263,0.9042041897773743
YGL209W,YJL140W,0,-5.1969204,0.09929714351892471,0.9969969987869263,0.9043543338775635
YGR229C,YNR044W,0,-5.1979494,0.09928229451179504,0.9969969987869263,0.9045044779777527
YNL335W,YJL213W,0,-5.2001696,0.09926745295524597,0.9969969987869263,0.9046546816825867
YDR263C,YMR093W,0,-5.203141,0.0992526188492775,0.9969969987869263,0.9048048257827759
YLR183C,YOR298W,0,-5.2047343,0.09923778474330902,0.9969969987869263,0.9049549698829651
YBR172C,YGR027C,0,-5.2076674,0.09922295063734055,0.9969969987869263,0.9051051139831543
YHR085W,YOR089C,0,-5.2106457,0.09920813143253326,0.9969969987869263,0.9052552580833435
YER017C,YBL068W,0,-5.211468,0.09919330477714539,0.9969969987869263,0.9054054021835327
YGR010W,YGL225W,0,-5.2122545,0.0991784930229187,0.9969969987869263,0.9055555462837219
YOL010W,YGL244W,0,-5.216327,0.09916368126869202,0.9969969987869263,0.9057056903839111
YDR205W,YCL025C,0,-5.22185,0.09914886951446533,0.9969969987869263,0.9058558344841003
YLL002W,YOR285W,0,-5.226238,0.09913407266139984,0.9969969987869263,0.9060059785842896
YNL010W,YKR002W,0,-5.2299256,0.09911926835775375,0.9969969987869263,0.9061561822891235
YMR319C,YMR238W,0,-5.230239,0.09910447895526886,0.9969969987869263,0.9063063263893127
YER050C,YOL101C,0,-5.2318544,0.09908968955278397,0.9969969987869263,0.906456470489502
YLR401C,YFL021W,0,-5.232048,0.09907490015029907,0.9969969987869263,0.9066066145896912
YPR026W,YDL246C,0,-5.2351294,0.09906012564897537,0.9969969987869263,0.9067567586898804
YBR066C,YIL143C,0,-5.23643,0.09904534369707108,0.9969969987869263,0.9069069027900696
YOR388C,YPL082C,0,-5.2391367,0.09903057664632797,0.9969969987869263,0.9070570468902588
YKL082C,YDR140W,0,-5.240097,0.09901580959558487,0.9969969987869263,0.907207190990448
YCR060W,YDL021W,0,-5.248774,0.09900104254484177,0.9969969987869263,0.9073573350906372
YMR038C,YLR047C,0,-5.2574234,0.09898628294467926,0.9969969987869263,0.9075074791908264
YNL010W,YLR383W,0,-5.263623,0.09897153079509735,0.9969969987869263,0.9076576828956604
YHR135C,YLR160C,0,-5.2667947,0.09895677864551544,0.9969969987869263,0.9078078269958496
YGL158W,YOR304W,0,-5.274913,0.09894203394651413,0.9969969987869263,0.9079579710960388
YOR237W,YIR018W,0,-5.2759156,0.09892729669809341,0.9969969987869263,0.908108115196228
YOR145C,YER115C,0,-5.2776003,0.0989125594496727,0.9969969987869263,0.9082582592964172
YEL052W,YDR083W,0,-5.279278,0.09889782220125198,0.9969969987869263,0.9084084033966064
YGL256W,YBR031W,0,-5.2803698,0.09888309985399246,0.9969969987869263,0.9085585474967957
YDR144C,YGL026C,0,-5.286949,0.09886837750673294,0.9969969987869263,0.9087086915969849
YPL122C,YPR163C,0,-5.2870836,0.09885365515947342,0.9969969987869263,0.9088588356971741
YDR378C,YCL025C,0,-5.288946,0.0988389402627945,0.9969969987869263,0.9090089797973633
YGR020C,YKL175W,0,-5.3006296,0.09882423281669617,0.9969969987869263,0.9091591835021973
YJR070C,YOR298W,0,-5.301801,0.09880952537059784,0.9969969987869263,0.9093093276023865
YGR216C,YGL225W,0,-5.3028536,0.09879482537508011,0.9969969987869263,0.9094594717025757
YLR107W,YJL060W,0,-5.303308,0.09878012537956238,0.9969969987869263,0.9096096158027649
YPL252C,YDL083C,0,-5.3048573,0.09876543283462524,0.9969969987869263,0.9097597599029541
YJL011C,YKL126W,0,-5.305827,0.09875074028968811,0.9969969987869263,0.9099099040031433
YJR078W,YNR003C,0,-5.31215,0.09873606264591217,0.9969969987869263,0.9100600481033325
YDL198C,YDR195W,0,-5.3132877,0.09872137755155563,0.9969969987869263,0.9102101922035217
YLR429W,YNL182C,0,-5.3159323,0.09870670735836029,0.9969969987869263,0.9103603363037109
YDL055C,YDL128W,0,-5.321175,0.09869202971458435,0.9969969987869263,0.9105105400085449
YCR057C,YFR019W,0,-5.322636,0.0986773669719696,0.9969969987869263,0.9106606841087341
YJR078W,YNL016W,0,-5.327962,0.09866270422935486,0.9969969987869263,0.9108108282089233
YJR127C,YLR389C,0,-5.328848,0.09864804893732071,0.9969969987869263,0.9109609723091125
YLR440C,YDR449C,0,-5.329292,0.09863339364528656,0.9969969987869263,0.9111111164093018
YDR371W,YLL008W,0,-5.329729,0.09861874580383301,0.9969969987869263,0.911261260509491
YDL024C,YOL151W,0,-5.3334846,0.09860409796237946,0.9969969987869263,0.9114114046096802
YGL026C,YDR457W,0,-5.3339767,0.0985894575715065,0.9969969987869263,0.9115615487098694
YNL110C,YDR159W,0,-5.344019,0.09857482463121414,0.9969969987869263,0.9117116928100586
YPR137W,YBR145W,0,-5.344634,0.09856019169092178,0.9969969987869263,0.9118618369102478
YPR035W,YLR047C,0,-5.3456244,0.09854556620121002,0.9969969987869263,0.9120120406150818
YPL131W,YOR216C,0,-5.3473735,0.09853094071149826,0.9969969987869263,0.912162184715271
YIL095W,YDL083C,0,-5.3482237,0.0985163226723671,0.9969969987869263,0.9123123288154602
YER049W,YEL056W,0,-5.352969,0.09850170463323593,0.9969969987869263,0.9124624729156494
YHR209W,YGR134W,0,-5.355583,0.09848709404468536,0.9969969987869263,0.9126126170158386
YAR002C-A,YML052W,0,-5.3632355,0.0984724909067154,0.9969969987869263,0.9127627611160278
YKL053C-A,YER002W,0,-5.3641233,0.09845788776874542,0.9969969987869263,0.912912905216217
YLL055W,YER090W,0,-5.3724957,0.09844329208135605,0.9969969987869263,0.9130630493164062
YAL033W,YLL055W,0,-5.3760643,0.09842869639396667,0.9969969987869263,0.9132131934165955
YOL124C,YGR199W,0,-5.380478,0.0984141081571579,0.9969969987869263,0.9133633375167847
YBR026C,YMR229C,0,-5.3821263,0.09839952737092972,0.9969969987869263,0.9135135412216187
YIL142W,YJR053W,0,-5.391369,0.09838494658470154,0.9969969987869263,0.9136636853218079
YER151C,YPR080W,0,-5.3983765,0.09837037324905396,0.9969969987869263,0.9138138294219971
YHR069C,YDR281C,0,-5.399897,0.09835579991340637,0.9969969987869263,0.9139639735221863
YML028W,YOL028C,0,-5.4033966,0.09834123402833939,0.9969969987869263,0.9141141176223755
YLR165C,YGR095C,0,-5.4035707,0.0983266681432724,0.9969969987869263,0.9142642617225647
YKL217W,YCR012W,0,-5.4175386,0.09831210970878601,0.9969969987869263,0.9144144058227539
YGL162W,YOL090W,0,-5.426726,0.09829755872488022,0.9969969987869263,0.9145645499229431
YNL231C,YOR212W,0,-5.428423,0.09828300774097443,0.9969969987869263,0.9147146940231323
YLR197W,YOR142W,0,-5.4321184,0.09826846420764923,0.9969969987869263,0.9148648381233215
YDL208W,YLR073C,0,-5.4324455,0.09825392067432404,0.9969969987869263,0.9150150418281555
YOR206W,YPR204W,0,-5.4341965,0.09823938459157944,0.9969969987869263,0.9151651859283447
YGR271W,YLR042C,0,-5.435371,0.09822484850883484,0.9969969987869263,0.9153153300285339
YMR038C,YKR006C,0,-5.436571,0.09821032732725143,0.9969969987869263,0.9154654741287231
YOR106W,YER103W,0,-5.43777,0.09819579869508743,0.9969969987869263,0.9156156182289124
YJL117W,YFL001W,0,-5.4405375,0.09818127751350403,0.9969969987869263,0.9157657623291016
YJR004C,YGL162W,0,-5.443905,0.09816676378250122,0.9969969987869263,0.9159159064292908
YDR473C,YLR401C,0,-5.4500284,0.09815225750207901,0.9969969987869263,0.91606605052948
YGR180C,YLR228C,0,-5.4504538,0.0981377512216568,0.9969969987869263,0.9162161946296692
YJL071W,YJL213W,0,-5.4555845,0.09812324494123459,0.9969969987869263,0.9163663387298584
YML052W,YNL078W,0,-5.459285,0.09810874611139297,0.9969969987869263,0.9165165424346924
YOL086C,YDR527W,0,-5.46129,0.09809425473213196,0.9969969987869263,0.9166666865348816
YDL202W,YAL038W,0,-5.4680367,0.09807976335287094,0.9969969987869263,0.9168168306350708
YLR153C,YFR036W,0,-5.468971,0.09806527942419052,0.9969969987869263,0.91696697473526
YBR118W,YOR340C,0,-5.478345,0.0980507954955101,0.9969969987869263,0.9171171188354492
YLR429W,YOR204W,0,-5.490205,0.09803631901741028,0.9969969987869263,0.9172672629356384
YDL179W,YGR112W,0,-5.4927177,0.09802184998989105,0.9969969987869263,0.9174174070358276
YDL078C,YGR072W,0,-5.502491,0.09800738096237183,0.9969969987869263,0.9175675511360168
YLR447C,YPL093W,0,-5.507844,0.0979929193854332,0.9969969987869263,0.917717695236206
YOR098C,YLR309C,0,-5.5114846,0.09797845780849457,0.9969969987869263,0.9178678393363953
YER125W,YFL021W,0,-5.5118723,0.09796400368213654,0.9969969987869263,0.9180180430412292
YER049W,YOR089C,0,-5.5122576,0.0979495495557785,0.9969969987869263,0.9181681871414185
YDR172W,YKL096W-A,0,-5.5140295,0.09793510288000107,0.9969969987869263,0.9183183312416077
YJR151C,YER002W,0,-5.515989,0.09792066365480423,0.9969969987869263,0.9184684753417969
YAR002C-A,YCR012W,0,-5.5169163,0.09790622442960739,0.9969969987869263,0.9186186194419861
YIL094C,YMR213W,0,-5.5186844,0.09789178520441055,0.9969969987869263,0.9187687635421753
YJL034W,YDR454C,0,-5.519697,0.09787736088037491,0.9969969987869263,0.9189189076423645
YMR093W,YIL140W,0,-5.528613,0.09786293655633926,0.9969969987869263,0.9190690517425537
YMR228W,YDR353W,0,-5.538025,0.09784851223230362,0.9969969987869263,0.9192191958427429
YDR389W,YMR143W,0,-5.53839,0.09783409535884857,0.9969969987869263,0.9193693399429321
YBR182C,YNL084C,0,-5.5389857,0.09781967848539352,0.9969969987869263,0.9195195436477661
YNL131W,YKL078W,0,-5.547493,0.09780527651309967,0.9969969987869263,0.9196696877479553
YCL025C,YLL027W,0,-5.549738,0.09779086709022522,0.9969969987869263,0.9198198318481445
YLL004W,YDR304C,0,-5.5499325,0.09777647256851196,0.9969969987869263,0.9199699759483337
YHR175W,YMR180C,0,-5.5563154,0.09776207059621811,0.9969969987869263,0.920120120048523
YGR077C,YDR211W,0,-5.5566006,0.09774768352508545,0.9969969987869263,0.9202702641487122
YDR296W,YGR118W,0,-5.560809,0.09773329645395279,0.9969969987869263,0.9204204082489014
YOR393W,YOR020C,0,-5.566854,0.09771890938282013,0.9969969987869263,0.9205705523490906
YMR049C,YLL003W,0,-5.57094,0.09770452976226807,0.9969969987869263,0.9207206964492798
YLL019C,YJL079C,0,-5.5712852,0.0976901575922966,0.9969969987869263,0.9208709001541138
YLR187W,YBR031W,0,-5.573707,0.09767578542232513,0.9969969987869263,0.921021044254303
YBL091C-A,YJL006C,0,-5.5750017,0.09766142070293427,0.9969969987869263,0.9211711883544922
YDR144C,YMR176W,0,-5.5783777,0.0976470559835434,0.9969969987869263,0.9213213324546814
YKL038W,YFL023W,0,-5.580371,0.09763269871473312,0.9969969987869263,0.9214714765548706
YLR452C,YNL239W,0,-5.5864825,0.09761834889650345,0.9969969987869263,0.9216216206550598
YAL063C,YJL144W,0,-5.590868,0.09760399907827377,0.9969969987869263,0.921771764755249
YGL162W,YDR472W,0,-5.5955467,0.0975896567106247,0.9969969987869263,0.9219219088554382
YHR030C,YLR206W,0,-5.5958014,0.09757531434297562,0.9969969987869263,0.9220720529556274
YNL153C,YGR268C,0,-5.595915,0.09756097197532654,0.9969969987869263,0.9222221970558167
YGL083W,YGR081C,0,-5.5969267,0.09754664450883865,0.9969969987869263,0.9223724007606506
YJL087C,YKL210W,0,-5.5984697,0.09753231704235077,0.9969969987869263,0.9225225448608398
YBL068W,YDR260C,0,-5.5985622,0.09751798957586288,0.9969969987869263,0.922672688961029
YMR300C,YMR267W,0,-5.6005626,0.0975036695599556,0.9969969987869263,0.9228228330612183
YOR071C,YGR010W,0,-5.607191,0.0974893569946289,0.9969969987869263,0.9229729771614075
YLR107W,YMR272C,0,-5.6099615,0.09747504442930222,0.9969969987869263,0.9231231212615967
YDR076W,YLR344W,0,-5.615819,0.09746073931455612,0.9969969987869263,0.9232732653617859
YDL061C,YGL113W,0,-5.625403,0.09744643419981003,0.9969969987869263,0.9234234094619751
YHR060W,YBL098W,0,-5.625614,0.09743213653564453,0.9969969987869263,0.9235735535621643
YNL016W,YIR039C,0,-5.626259,0.09741783887147903,0.9969969987869263,0.9237236976623535
YML071C,YGR268C,0,-5.6298237,0.09740354865789413,0.9969969987869263,0.9238739013671875
YLR103C,YGR143W,0,-5.638488,0.09738926589488983,0.9969969987869263,0.9240240454673767
YDL036C,YBR271W,0,-5.6435122,0.09737498313188553,0.9969969987869263,0.9241741895675659
YGL162W,YLR330W,0,-5.644474,0.09736070036888123,0.9969969987869263,0.9243243336677551
YLR029C,YJL128C,0,-5.651163,0.09734643250703812,0.9969969987869263,0.9244744777679443
YKL217W,YEL040W,0,-5.6519375,0.09733215719461441,0.9969969987869263,0.9246246218681335
YOR297C,YHL034C,0,-5.6600866,0.0973178967833519,0.9969969987869263,0.9247747659683228
YBL028C,YER074W,0,-5.6612835,0.09730363637208939,0.9969969987869263,0.924924910068512
YBR276C,YML056C,0,-5.665995,0.09728937596082687,0.9969969987869263,0.9250750541687012
YOL086C,YPR171W,0,-5.67296,0.09727512300014496,0.9969969987869263,0.9252251982688904
YGR285C,YLR219W,0,-5.6737413,0.09726087749004364,0.9969969987869263,0.9253754019737244
YOR323C,YBR202W,0,-5.675235,0.09724663197994232,0.9969969987869263,0.9255255460739136
YPL147W,YLR153C,0,-5.680566,0.0972323939204216,0.9969969987869263,0.9256756901741028
YFR029W,YCL043C,0,-5.687426,0.09721815586090088,0.9969969987869263,0.925825834274292
YKL009W,YJL176C,0,-5.694628,0.09720392525196075,0.9969969987869263,0.9259759783744812
YKL078W,YBL098W,0,-5.696065,0.09718969464302063,0.9969969987869263,0.9261261224746704
YOR237W,YJL071W,0,-5.7026772,0.0971754714846611,0.9969969987869263,0.9262762665748596
YPR072W,YJL200C,0,-5.7035723,0.09716125577688217,0.9969969987869263,0.9264264106750488
YGL186C,YGR214W,0,-5.708925,0.09714704006910324,0.9969969987869263,0.926576554775238
YOR212W,YGR239C,0,-5.720217,0.09713282436132431,0.9969969987869263,0.9267266988754272
YLL051C,YDL121C,0,-5.7249575,0.09711861610412598,0.9969969987869263,0.9268769025802612
YDR090C,YLR009W,0,-5.72814,0.09710441529750824,0.9969969987869263,0.9270270466804504
YOL111C,YKL144C,0,-5.7306476,0.0970902144908905,0.9969969987869263,0.9271771907806396
YKL166C,YOR382W,0,-5.730997,0.09707602113485336,0.9969969987869263,0.9273273348808289
YNL172W,YPL273W,0,-5.7366676,0.09706183522939682,0.9969969987869263,0.9274774789810181
YDR415C,YLR344W,0,-5.7370205,0.09704764932394028,0.9969969987869263,0.9276276230812073
YIL094C,YMR078C,0,-5.7377234,0.09703346341848373,0.9969969987869263,0.9277777671813965
YDL202W,YBR187W,0,-5.739363,0.09701928496360779,0.9969969987869263,0.9279279112815857
YGR113W,YGR155W,0,-5.7404976,0.09700511395931244,0.9969969987869263,0.9280780553817749
YBR183W,YPL011C,0,-5.7415853,0.09699094295501709,0.9969969987869263,0.9282281994819641
YPL078C,YKL165C,0,-5.7441983,0.09697677940130234,0.9969969987869263,0.9283784031867981
YBR066C,YOR194C,0,-5.7444735,0.09696261584758759,0.9969969987869263,0.9285285472869873
YGL083W,YLR325C,0,-5.745921,0.09694845974445343,0.9969969987869263,0.9286786913871765
YKL161C,YBR172C,0,-5.748291,0.09693430364131927,0.9969969987869263,0.9288288354873657
YBR125C,YER002W,0,-5.7509227,0.09692015498876572,0.9969969987869263,0.9289789795875549
YDL227C,YER052C,0,-5.753231,0.09690601378679276,0.9969969987869263,0.9291291236877441
YNL008C,YBR257W,0,-5.7582154,0.0968918725848198,0.9969969987869263,0.9292792677879333
YLR153C,YDR151C,0,-5.7607965,0.09687773883342743,0.9969969987869263,0.9294294118881226
YEL031W,YHR085W,0,-5.767068,0.09686360508203506,0.9969969987869263,0.9295795559883118
YJR053W,YPR159W,0,-5.7720857,0.0968494713306427,0.9969969987869263,0.929729700088501
YGL209W,YGR239C,0,-5.778666,0.09683535248041153,0.9969969987869263,0.929879903793335
YPR144C,YDL070W,0,-5.7795305,0.09682123363018036,0.9969969987869263,0.9300300478935242
YDL029W,YMR145C,0,-5.780728,0.09680711477994919,0.9969969987869263,0.9301801919937134
YGR084C,YOR355W,0,-5.7877393,0.09679300338029861,0.9969969987869263,0.9303303360939026
YNR031C,YPR163C,0,-5.802538,0.09677889198064804,0.9969969987869263,0.9304804801940918
YMR228W,YGL037C,0,-5.807911,0.09676478803157806,0.9969969987869263,0.930630624294281
YNL236W,YDR403W,0,-5.8080816,0.09675069153308868,0.9969969987869263,0.9307807683944702
YOR297C,YJR053W,0,-5.809273,0.0967365950345993,0.9969969987869263,0.9309309124946594
YLR157C,YOL093W,0,-5.824044,0.09672250598669052,0.9969969987869263,0.9310810565948486
YGR145W,YCR087C-A,0,-5.825186,0.09670841693878174,0.9969969987869263,0.9312312602996826
YPL218W,YMR229C,0,-5.8289804,0.09669433534145355,0.9969969987869263,0.9313814043998718
YNL202W,YNL016W,0,-5.829397,0.09668025374412537,0.9969969987869263,0.931531548500061
YCR030C,YPL082C,0,-5.831586,0.09666617959737778,0.9969969987869263,0.9316816926002502
YDR492W,YDL047W,0,-5.83614,0.09665211290121078,0.9969969987869263,0.9318318367004395
YMR240C,YDR496C,0,-5.8492174,0.09663804620504379,0.9969969987869263,0.9319819808006287
YNL117W,YKL009W,0,-5.8540335,0.0966239795088768,0.9969969987869263,0.9321321249008179
YNL302C,YFR033C,0,-5.8618536,0.0966099202632904,0.9969969987869263,0.9322822690010071
YPL163C,YLL012W,0,-5.864689,0.0965958684682846,0.9969969987869263,0.9324324131011963
YPL087W,YLR026C,0,-5.865732,0.09658181667327881,0.9969969987869263,0.9325825572013855
YOL082W,YOR212W,0,-5.865855,0.09656777232885361,0.9969969987869263,0.9327327609062195
YDL061C,YGR084C,0,-5.871621,0.0965537279844284,0.9969969987869263,0.9328829050064087
YAR031W,YCR012W,0,-5.880398,0.0965396910905838,0.9969969987869263,0.9330330491065979
YCR057C,YLR386W,0,-5.8879137,0.0965256541967392,0.9969969987869263,0.9331831932067871
YCL043C,YNR002C,0,-5.8902454,0.09651162475347519,0.9969969987869263,0.9333333373069763
YGL026C,YLR383W,0,-5.8903093,0.09649760276079178,0.9969969987869263,0.9334834814071655
YMR020W,YNR044W,0,-5.8936234,0.09648358076810837,0.9969969987869263,0.9336336255073547
YLR009W,YKL182W,0,-5.8949223,0.09646956622600555,0.9969969987869263,0.933783769607544
YJR070C,YLR359W,0,-5.8977423,0.09645555168390274,0.9969969987869263,0.9339339137077332
YER055C,YJR112W,0,-5.897915,0.09644153714179993,0.9969969987869263,0.9340840578079224
YMR169C,YPR060C,0,-5.9071517,0.0964275375008583,0.9969969987869263,0.9342342615127563
YPL042C,YNL010W,0,-5.922949,0.09641353040933609,0.9969969987869263,0.9343844056129456
YLR270W,YPL027W,0,-5.9254727,0.09639953821897507,0.9969969987869263,0.9345345497131348
YOL070C,YDR449C,0,-5.927237,0.09638553857803345,0.9969969987869263,0.934684693813324
YGL209W,YGL237C,0,-5.9311132,0.09637155383825302,0.9969969987869263,0.9348348379135132
YMR296C,YGL163C,0,-5.9319134,0.0963575690984726,0.9969969987869263,0.9349849820137024
YLL034C,YGL051W,0,-5.935455,0.09634358435869217,0.9969969987869263,0.9351351261138916
YOR287C,YKL082C,0,-5.9421215,0.09632960706949234,0.9969969987869263,0.9352852702140808
YDL140C,YPL104W,0,-5.942311,0.09631563723087311,0.9969969987869263,0.93543541431427
YFR001W,YLL012W,0,-5.9499373,0.09630166739225388,0.9969969987869263,0.9355855584144592
YNR057C,YIL133C,0,-5.9549046,0.09628770500421524,0.9969969987869263,0.9357357621192932
YPL188W,YHR085W,0,-5.957513,0.0962737426161766,0.9969969987869263,0.9358859062194824
YPL252C,YPL163C,0,-5.9579315,0.09625978767871857,0.9969969987869263,0.9360360503196716
YKL009W,YOR353C,0,-5.96088,0.09624583274126053,0.9969969987869263,0.9361861944198608
YGR199W,YPR163C,0,-5.966076,0.09623188525438309,0.9969969987869263,0.93633633852005
YAL060W,YEL053C,0,-5.9665885,0.09621793776750565,0.9969969987869263,0.9364864826202393
YOR313C,YOR098C,0,-5.971401,0.0962039977312088,0.9969969987869263,0.9366366267204285
YPR204W,YKL205W,0,-5.981127,0.09619006514549255,0.9969969987869263,0.9367867708206177
YHR066W,YCL032W,0,-5.981974,0.0961761325597763,0.9969969987869263,0.9369369149208069
YPR113W,YGL216W,0,-5.982362,0.09616219997406006,0.9969969987869263,0.9370870590209961
YDL142C,YJL079C,0,-5.984068,0.09614827483892441,0.9969969987869263,0.9372372627258301
YOL145C,YHR179W,0,-5.9891634,0.09613435715436935,0.9969969987869263,0.9373874068260193
YGL071W,YKR044W,0,-5.9958115,0.0961204394698143,0.9969969987869263,0.9375375509262085
YBR282W,YGR118W,0,-6.004596,0.09610652923583984,0.9969969987869263,0.9376876950263977
YNL131W,YOR204W,0,-6.007701,0.09609261900186539,0.9969969987869263,0.9378378391265869
YGL030W,YLR251W,0,-6.0083466,0.09607871621847153,0.9969969987869263,0.9379879832267761
YJR151C,YDR306C,0,-6.008733,0.09606481343507767,0.9969969987869263,0.9381381273269653
YKL090W,YDL029W,0,-6.0276227,0.0960509181022644,0.9969969987869263,0.9382882714271545
YLL051C,YJL172W,0,-6.0351334,0.09603702276945114,0.9969969987869263,0.9384384155273438
YDL039C,YGL103W,0,-6.0395756,0.09602313488721848,0.9969969987869263,0.938588559627533
YJL079C,YJR130C,0,-6.0441904,0.0960092544555664,0.9969969987869263,0.9387387633323669
YKR102W,YOR098C,0,-6.045326,0.09599537402391434,0.9969969987869263,0.9388889074325562
YGL050W,YKL038W,0,-6.0467987,0.09598150104284286,0.9969969987869263,0.9390390515327454
YGL062W,YEL029C,0,-6.04807,0.09596762806177139,0.9969969987869263,0.9391891956329346
YDR076W,YBL092W,0,-6.049654,0.09595375508069992,0.9969969987869263,0.9393393397331238
YHR066W,YNL027W,0,-6.0642643,0.09593988955020905,0.9969969987869263,0.939489483833313
YIL046W,YMR308C,0,-6.075656,0.09592603147029877,0.9969969987869263,0.9396396279335022
YGR282C,YPL163C,0,-6.0777416,0.09591217339038849,0.9969969987869263,0.9397897720336914
YPR035W,YDR081C,0,-6.081135,0.09589832276105881,0.9969969987869263,0.9399399161338806
YKL103C,YEL056W,0,-6.0842724,0.09588447958230972,0.9969969987869263,0.9400901198387146
YPR194C,YKL067W,0,-6.097417,0.09587062895298004,0.9969969987869263,0.9402402639389038
YDR034C,YDR508C,0,-6.1057596,0.09585679322481155,0.9969969987869263,0.940390408039093
YNR057C,YNL259C,0,-6.1150513,0.09584295749664307,0.9969969987869263,0.9405405521392822
YPR026W,YOR222W,0,-6.12479,0.09582912176847458,0.9969969987869263,0.9406906962394714
YHR085W,YCR002C,0,-6.1258307,0.09581529349088669,0.9969969987869263,0.9408408403396606
YER074W,YMR267W,0,-6.1297436,0.0958014726638794,0.9969969987869263,0.9409909844398499
YJL166W,YOL104C,0,-6.131874,0.0957876518368721,0.9969969987869263,0.9411411285400391
YOR145C,YDR498C,0,-6.133889,0.0957738384604454,0.9969969987869263,0.9412912726402283
YOR287C,YGR145W,0,-6.14112,0.09576002508401871,0.9969969987869263,0.9414414167404175
YOR297C,YCL032W,0,-6.16371,0.09574621170759201,0.9969969987869263,0.9415916204452515
YKL210W,YOR294W,0,-6.164837,0.09573241323232651,0.9969969987869263,0.9417417645454407
YGR180C,YLR020C,0,-6.1686783,0.09571860730648041,0.9969969987869263,0.9418919086456299
YGL026C,YOL054W,0,-6.1728144,0.0957048162817955,0.9969969987869263,0.9420420527458191
YGR056W,YGR175C,0,-6.1749687,0.0956910252571106,0.9969969987869263,0.9421921968460083
YDL227C,YBR010W,0,-6.184407,0.09567723423242569,0.9969969987869263,0.9423423409461975
YDR518W,YFL023W,0,-6.1848626,0.09566345065832138,0.9969969987869263,0.9424924850463867
YMR319C,YGR077C,0,-6.193439,0.09564966708421707,0.9969969987869263,0.9426426291465759
YPL273W,YML132W,0,-6.1943035,0.09563589096069336,0.9969969987869263,0.9427927732467651
YGR167W,YDL055C,0,-6.1961164,0.09562212228775024,0.9969969987869263,0.9429429173469543
YNL283C,YGR239C,0,-6.20238,0.09560835361480713,0.9969969987869263,0.9430931210517883
YML006C,YNL052W,0,-6.213316,0.09559458494186401,0.9969969987869263,0.9432432651519775
YLR344W,YHR085W,0,-6.220106,0.0955808237195015,0.9969969987869263,0.9433934092521667
YOR098C,YFL021W,0,-6.2203946,0.09556706994771957,0.9969969987869263,0.943543553352356
YDR144C,YBR118W,0,-6.227262,0.09555331617593765,0.9969969987869263,0.9436936974525452
YOR206W,YFL021W,0,-6.230564,0.09553956985473633,0.9969969987869263,0.9438438415527344
YLR107W,YMR173W,0,-6.2314224,0.095525823533535,0.9969969987869263,0.9439939856529236
YGR214W,YLR350W,0,-6.2360754,0.09551208466291428,0.9969969987869263,0.9441441297531128
YLR289W,YEL029C,0,-6.240408,0.09549834579229355,0.9969969987869263,0.944294273853302
YOR142W,YDL083C,0,-6.242214,0.09548461437225342,0.9969969987869263,0.9444444179534912
YAL038W,YOL090W,0,-6.251356,0.09547088295221329,0.9969969987869263,0.9445946216583252
YJL079C,YDR262W,0,-6.259117,0.09545715898275375,0.9969969987869263,0.9447447657585144
YDL111C,YJL141C,0,-6.2618427,0.09544343501329422,0.9969969987869263,0.9448949098587036
YJL066C,YOR168W,0,-6.2636585,0.09542971849441528,0.9969969987869263,0.9450450539588928
YMR039C,YER074W,0,-6.266422,0.09541600942611694,0.9969969987869263,0.945195198059082
YJR034W,YER002W,0,-6.2697268,0.0954023003578186,0.9969969987869263,0.9453453421592712
YOL082W,YNR060W,0,-6.2738266,0.09538859128952026,0.9969969987869263,0.9454954862594604
YLR244C,YFL057C,0,-6.2741203,0.09537488967180252,0.9969969987869263,0.9456456303596497
YPR137W,YOR219C,0,-6.287614,0.09536119550466537,0.9969969987869263,0.9457957744598389
YOL010W,YIR025W,0,-6.29566,0.09534750133752823,0.9969969987869263,0.9459459185600281
YNL262W,YPR043W,0,-6.308815,0.09533381462097168,0.9969969987869263,0.9460961222648621
YCL025C,YPL087W,0,-6.312262,0.09532012790441513,0.9969969987869263,0.9462462663650513
YMR296C,YNL239W,0,-6.3124995,0.09530644118785858,0.9969969987869263,0.9463964104652405
YDR518W,YLL033W,0,-6.315071,0.09529276937246323,0.9969969987869263,0.9465465545654297
YLR316C,YJL082W,0,-6.3341436,0.09527909010648727,0.9969969987869263,0.9466966986656189
YPR196W,YJR021C,0,-6.338976,0.09526542574167252,0.9969969987869263,0.9468468427658081
YGL200C,YMR087W,0,-6.343293,0.09525175392627716,0.9969969987869263,0.9469969868659973
YDR453C,YMR087W,0,-6.3445935,0.095238097012043,0.9969969987869263,0.9471471309661865
YPR060C,YCL032W,0,-6.3588862,0.09522444009780884,0.9969969987869263,0.9472972750663757
YPR144C,YOL165C,0,-6.361145,0.09521078318357468,0.9969969987869263,0.9474474191665649
YBL098W,YNL182C,0,-6.3619223,0.09519713371992111,0.9969969987869263,0.9475976228713989
YOR159C,YBR128C,0,-6.3622694,0.09518348425626755,0.9969969987869263,0.9477477669715881
YDR405W,YGR285C,0,-6.363832,0.09516984224319458,0.9969969987869263,0.9478979110717773
YMR008C,YKL001C,0,-6.363945,0.09515620768070221,0.9969969987869263,0.9480480551719666
YGR081C,YPL065W,0,-6.3654704,0.09514257311820984,0.9969969987869263,0.9481981992721558
YOL010W,YLR025W,0,-6.373108,0.09512893855571747,0.9969969987869263,0.948348343372345
YDR405W,YPL093W,0,-6.3831787,0.0951153114438057,0.9969969987869263,0.9484984874725342
YDR064W,YPL180W,0,-6.3845353,0.09510169178247452,0.9969969987869263,0.9486486315727234
YER165W,YOR222W,0,-6.386387,0.09508807212114334,0.9969969987869263,0.9487987756729126
YKL201C,YML128C,0,-6.393386,0.09507445245981216,0.9969969987869263,0.9489489197731018
YPL240C,YML052W,0,-6.4013386,0.09506084769964218,0.9969969987869263,0.9490991234779358
YJL079C,YLR050C,0,-6.4048033,0.0950472354888916,0.9969969987869263,0.949249267578125
YDL022W,YKL186C,0,-6.415344,0.09503363072872162,0.9969969987869263,0.9493994116783142
YOL155C,YLR380W,0,-6.4184546,0.09502003341913223,0.9969969987869263,0.9495495557785034
YML112W,YDR429C,0,-6.4267635,0.09500643610954285,0.9969969987869263,0.9496996998786926
YDL216C,YLR344W,0,-6.43105,0.09499284625053406,0.9969969987869263,0.9498498439788818
YLL045C,YNR015W,0,-6.4337697,0.09497925639152527,0.9969969987869263,0.949999988079071
YMR228W,YBR072W,0,-6.439129,0.09496567398309708,0.9969969987869263,0.9501501321792603
YNL282W,YGR070W,0,-6.443574,0.09495209157466888,0.9969969987869263,0.9503002762794495
YKR057W,YIR005W,0,-6.4494443,0.09493851661682129,0.9969969987869263,0.9504504799842834
YBR059C,YFL001W,0,-6.4537845,0.09492494910955429,0.9969969987869263,0.9506006240844727
YNR057C,YKL165C,0,-6.4585934,0.09491138160228729,0.9969969987869263,0.9507507681846619
YER049W,YDR072C,0,-6.4679947,0.0948978140950203,0.9969969987869263,0.9509009122848511
YLL004W,YGR070W,0,-6.4694996,0.09488425403833389,0.9969969987869263,0.9510510563850403
YBR276C,YDR496C,0,-6.477046,0.09487069398164749,0.9969969987869263,0.9512012004852295
YKR103W,YKR057W,0,-6.4789925,0.09485714137554169,0.9969969987869263,0.9513513445854187
YBR177C,YJR147W,0,-6.4859095,0.09484359622001648,0.9969969987869263,0.9515014886856079
YHR179W,YOL151W,0,-6.4935217,0.09483005106449127,0.9969969987869263,0.9516516327857971
YJL029C,YFL045C,0,-6.4972525,0.09481650590896606,0.9969969987869263,0.9518017768859863
YLR289W,YPR159W,0,-6.501209,0.09480296820402145,0.9969969987869263,0.9519519805908203
YLR153C,YNL092W,0,-6.501281,0.09478943794965744,0.9969969987869263,0.9521021246910095
YMR284W,YNL298W,0,-6.5044594,0.09477590769529343,0.9969969987869263,0.9522522687911987
YJL034W,YOL052C,0,-6.504569,0.09476237744092941,0.9969969987869263,0.9524024128913879
YER049W,YDL215C,0,-6.508113,0.09474886208772659,0.9969969987869263,0.9525525569915771
YDR218C,YPR163C,0,-6.5088167,0.09473533928394318,0.9969969987869263,0.9527027010917664
YDR233C,YGL062W,0,-6.520933,0.09472182393074036,0.9969969987869263,0.9528528451919556
YNL282W,YCR002C,0,-6.522731,0.09470831602811813,0.9969969987869263,0.9530029892921448
YKR071C,YIL170W,0,-6.5240746,0.09469480812549591,0.9969969987869263,0.953153133392334
YOR204W,YKR006C,0,-6.529497,0.09468130767345428,0.9969969987869263,0.9533032774925232
YHR174W,YGL216W,0,-6.5359774,0.09466780722141266,0.9969969987869263,0.9534534811973572
YKR006C,YPL093W,0,-6.558601,0.09465431421995163,0.9969969987869263,0.9536036252975464
YOR099W,YNL182C,0,-6.5603466,0.0946408212184906,0.9969969987869263,0.9537537693977356
YGR036C,YOR393W,0,-6.560857,0.09462733566761017,0.9969969987869263,0.9539039134979248
YNL258C,YNL175C,0,-6.562746,0.09461385011672974,0.9969969987869263,0.954054057598114
YLR359W,YDL039C,0,-6.5658927,0.0946003720164299,0.9969969987869263,0.9542042016983032
YJR147W,YOR294W,0,-6.567588,0.09458689391613007,0.9969969987869263,0.9543543457984924
YLL045C,YFL014W,0,-6.57086,0.09457342326641083,0.9969969987869263,0.9545044898986816
YOR142W,YGR027C,0,-6.574378,0.09455995261669159,0.9969969987869263,0.9546546339988708
YDR083W,YNL307C,0,-6.582863,0.09454648941755295,0.9969969987869263,0.9548047780990601
YOR145C,YDR137W,0,-6.5845695,0.0945330262184143,0.9969969987869263,0.954954981803894
YDR064W,YLL027W,0,-6.590968,0.09451957046985626,0.9969969987869263,0.9551051259040833
YBR247C,YLR389C,0,-6.595462,0.09450612217187881,0.9969969987869263,0.9552552700042725
YMR123W,YJL005W,0,-6.6027393,0.09449267387390137,0.9969969987869263,0.9554054141044617
YBR020W,YJR063W,0,-6.6050873,0.09447922557592392,0.9969969987869263,0.9555555582046509
YJR010W,YDL121C,0,-6.608439,0.09446578472852707,0.9969969987869263,0.9557057023048401
YOR304W,YLL012W,0,-6.634117,0.09445234388113022,0.9969969987869263,0.9558558464050293
YKR057W,YPL104W,0,-6.6342564,0.09443891048431396,0.9969969987869263,0.9560059905052185
YIL135C,YPL273W,0,-6.6350794,0.09442548453807831,0.9969969987869263,0.9561561346054077
YML056C,YKL095W,0,-6.6446066,0.09441205859184265,0.9969969987869263,0.9563062787055969
YDR371W,YER165W,0,-6.6482205,0.094398632645607,0.9969969987869263,0.9564564824104309
YOR193W,YGR239C,1,-6.6534424,0.09452736377716064,0.9984984993934631,0.9564564824104309
YCL018W,YPR002W,0,-6.6549754,0.09451393038034439,0.9984984993934631,0.9566066265106201
YGR175C,YNL006W,0,-6.6565704,0.09450049698352814,0.9984984993934631,0.9567567706108093
YHR041C,YPR006C,0,-6.6597466,0.09448707103729248,0.9984984993934631,0.9569069147109985
YLR291C,YNR018W,0,-6.6699286,0.09447364509105682,0.9984984993934631,0.9570570588111877
YPL273W,YIR032C,0,-6.6708055,0.09446022659540176,0.9984984993934631,0.957207202911377
YNL302C,YKL022C,0,-6.6728644,0.0944468080997467,0.9984984993934631,0.9573573470115662
YLR305C,YGR239C,0,-6.683093,0.09443339705467224,0.9984984993934631,0.9575074911117554
YEL012W,YDL179W,0,-6.701869,0.09441999346017838,0.9984984993934631,0.9576576352119446
YCR057C,YCR012W,0,-6.7071786,0.09440658986568451,0.9984984993934631,0.9578077793121338
YDR076W,YDR496C,0,-6.7159963,0.09439318627119064,0.9984984993934631,0.9579579830169678
YOR297C,YOR209C,0,-6.7306767,0.09437979012727737,0.9984984993934631,0.958108127117157
YBR274W,YPL252C,0,-6.7355976,0.0943663939833641,0.9984984993934631,0.9582582712173462
YGR175C,YKL189W,0,-6.7381086,0.09435300529003143,0.9984984993934631,0.9584084153175354
YGR177C,YKL172W,0,-6.74462,0.09433962404727936,0.9984984993934631,0.9585585594177246
YPL007C,YNL175C,0,-6.74498,0.09432624280452728,0.9984984993934631,0.9587087035179138
YGL209W,YLR390W,0,-6.7512827,0.09431286156177521,0.9984984993934631,0.958858847618103
YCL025C,YDL045C,0,-6.758462,0.09429948776960373,0.9984984993934631,0.9590089917182922
YLR447C,YMR269W,0,-6.762681,0.09428612142801285,0.9984984993934631,0.9591591358184814
YDL021W,YAR031W,0,-6.766474,0.09427275508642197,0.9984984993934631,0.9593092799186707
YPL223C,YBR145W,0,-6.770897,0.09425938874483109,0.9984984993934631,0.9594594836235046
YER165W,YFL013C,0,-6.7745266,0.0942460298538208,0.9984984993934631,0.9596096277236938
YDL055C,YMR210W,0,-6.7759075,0.09423267841339111,0.9984984993934631,0.9597597718238831
YNL008C,YPL082C,0,-6.783449,0.09421932697296143,0.9984984993934631,0.9599099159240723
YDR285W,YGL030W,0,-6.7853565,0.09420597553253174,0.9984984993934631,0.9600600600242615
YER150W,YPL240C,0,-6.786708,0.09419263154268265,0.9984984993934631,0.9602102041244507
YPL147W,YKR026C,0,-6.787013,0.09417929500341415,0.9984984993934631,0.9603603482246399
YDR351W,YDR064W,0,-6.787346,0.09416595846414566,0.9984984993934631,0.9605104923248291
YBR261C,YJL172W,0,-6.7898455,0.09415262937545776,0.9984984993934631,0.9606606364250183
YDR144C,YOL108C,0,-6.7904177,0.09413930028676987,0.9984984993934631,0.9608108401298523
YDR064W,YER052C,0,-6.7963,0.09412597119808197,0.9984984993934631,0.9609609842300415
YGL162W,YLR300W,0,-6.797021,0.09411264955997467,0.9984984993934631,0.9611111283302307
YOR206W,YLR440C,0,-6.805272,0.09409933537244797,0.9984984993934631,0.9612612724304199
YCL036W,YKL161C,0,-6.8270836,0.09408602118492126,0.9984984993934631,0.9614114165306091
YLL045C,YLR425W,0,-6.8274956,0.09407271444797516,0.9984984993934631,0.9615615606307983
YBR202W,YNL281W,0,-6.833132,0.09405940771102905,0.9984984993934631,0.9617117047309875
YLR191W,YBR187W,0,-6.843599,0.09404610097408295,0.9984984993934631,0.9618618488311768
YJL066C,YOR243C,0,-6.8482943,0.09403280913829803,0.9984984993934631,0.962011992931366
YMR061W,YMR186W,0,-6.8489437,0.09401950985193253,0.9984984993934631,0.9621621370315552
YJL034W,YGL259W,0,-6.850444,0.09400621801614761,0.9984984993934631,0.9623123407363892
YKL180W,YHR085W,0,-6.852706,0.0939929336309433,0.9984984993934631,0.9624624848365784
YDL070W,YDR496C,0,-6.8547835,0.09397964924573898,0.9984984993934631,0.9626126289367676
YHR061C,YML056C,0,-6.8655734,0.09396637231111526,0.9984984993934631,0.9627627730369568
YNL117W,YIL094C,0,-6.8768587,0.09395309537649155,0.9984984993934631,0.962912917137146
YOL082W,YPL273W,0,-6.87704,0.09393981844186783,0.9984984993934631,0.9630630612373352
YDL206W,YGL200C,0,-6.877778,0.0939265564084053,0.9984984993934631,0.9632132053375244
YLR401C,YCL043C,0,-6.8875637,0.09391328692436218,0.9984984993934631,0.9633633494377136
YGR177C,YER046W,0,-6.888612,0.09390002489089966,0.9984984993934631,0.9635134935379028
YFL045C,YGL216W,0,-6.89065,0.09388677030801773,0.9984984993934631,0.963663637638092
YOL155C,YBR145W,0,-6.908078,0.0938735157251358,0.9984984993934631,0.963813841342926
YPL273W,YHR051W,0,-6.91417,0.09386026859283447,0.9984984993934631,0.9639639854431152
YDL227C,YGL190C,0,-6.9184446,0.09384702146053314,0.9984984993934631,0.9641141295433044
YGR225W,YBR072W,0,-6.9308167,0.09383378177881241,0.9984984993934631,0.9642642736434937
YDR353W,YPR160W,0,-6.936691,0.09382054209709167,0.9984984993934631,0.9644144177436829
YPR080W,YBL026W,0,-6.9501553,0.09380730986595154,0.9984984993934631,0.9645645618438721
YGR239C,YGR004W,1,-6.952154,0.09393511712551117,1.0,0.9645645618438721
YIL095W,YBL068W,0,-6.9546475,0.09392186999320984,1.0,0.9647147059440613
YGR036C,YEL040W,0,-6.9568577,0.0939086303114891,1.0,0.9648648500442505
YCR093W,YDR083W,0,-6.958667,0.09389539062976837,1.0,0.9650149941444397
YBR195C,YDL078C,0,-6.967247,0.09388215094804764,1.0,0.9651651382446289
YML073C,YDL170W,0,-6.967472,0.0938689187169075,1.0,0.9653153419494629
YOR298W,YKL175W,0,-6.975259,0.09385569393634796,1.0,0.9654654860496521
YMR137C,YGL103W,0,-6.9789815,0.09384246915578842,1.0,0.9656156301498413
YPR111W,YBR145W,0,-6.979661,0.09382924437522888,1.0,0.9657657742500305
YJR147W,YLR350W,0,-6.9800596,0.09381602704524994,1.0,0.9659159183502197
YOR126C,YLR009W,0,-6.990939,0.09380281716585159,1.0,0.9660660624504089
YBR223C,YGL103W,0,-6.9928074,0.09378960728645325,1.0,0.9662162065505981
YNL231C,YJR147W,0,-6.9934916,0.0937763974070549,1.0,0.9663663506507874
YJL214W,YFL045C,0,-6.995329,0.09376319497823715,1.0,0.9665164947509766
YOR071C,YLR165C,0,-6.996459,0.09375,1.0,0.9666666388511658
YDR371W,YGL103W,0,-6.997024,0.09373680502176285,1.0,0.9668168425559998
YPL213W,YMR272C,0,-7.02868,0.09372361749410629,1.0,0.966966986656189
YJR010W,YDL078C,0,-7.0304847,0.09371042996644974,1.0,0.9671171307563782
YER117W,YLL061W,0,-7.0496078,0.09369724243879318,1.0,0.9672672748565674
YHR030C,YMR143W,0,-7.057582,0.09368406236171722,1.0,0.9674174189567566
YLR401C,YLL027W,0,-7.0612593,0.09367088973522186,1.0,0.9675675630569458
YDL142C,YBR061C,0,-7.072763,0.0936577171087265,1.0,0.967717707157135
YKL161C,YGR020C,0,-7.0813093,0.09364454448223114,1.0,0.9678678512573242
YLL029W,YOR310C,0,-7.094655,0.09363137930631638,1.0,0.9680179953575134
YOR275C,YBR031W,0,-7.097285,0.09361821413040161,1.0,0.9681681394577026
YDR494W,YHR174W,0,-7.098551,0.09360505640506744,1.0,0.9683183431625366
YBR052C,YDR508C,0,-7.1003475,0.09359190613031387,1.0,0.9684684872627258
YBL085W,YBL098W,0,-7.105032,0.0935787558555603,1.0,0.968618631362915
YKR068C,YGL103W,0,-7.115202,0.09356560558080673,1.0,0.9687687754631042
YOR168W,YIR039C,0,-7.119071,0.09355246275663376,1.0,0.9689189195632935
YBR182C,YLR009W,0,-7.1195774,0.09353932738304138,1.0,0.9690690636634827
YCL043C,YKL074C,0,-7.126196,0.093526192009449,1.0,0.9692192077636719
YPR198W,YBR061C,0,-7.137615,0.09351305663585663,1.0,0.9693693518638611
YOR145C,YDR369C,0,-7.1455736,0.09349992871284485,1.0,0.9695194959640503
YDR285W,YOR204W,0,-7.152396,0.09348680824041367,1.0,0.9696696400642395
YPR194C,YPR160W,0,-7.1636586,0.09347368776798248,1.0,0.9698198437690735
YLR157C,YDL171C,0,-7.1788387,0.0934605672955513,1.0,0.9699699878692627
YJL172W,YML097C,0,-7.207239,0.09344745427370071,1.0,0.9701201319694519
YML112W,YMR308C,0,-7.232453,0.09343434125185013,1.0,0.9702702760696411
YHR074W,YOR204W,0,-7.236826,0.09342123568058014,1.0,0.9704204201698303
YPL131W,YNL309W,0,-7.2372766,0.09340813755989075,1.0,0.9705705642700195
YER049W,YAR031W,0,-7.2414255,0.09339503943920135,1.0,0.9707207083702087
YPR191W,YBR042C,0,-7.2676287,0.09338194131851196,1.0,0.970870852470398
YBR223C,YIL133C,0,-7.268675,0.09336885064840317,1.0,0.9710209965705872
YGR085C,YJL214W,0,-7.2855797,0.09335575997829437,1.0,0.9711712002754211
YDL055C,YOR275C,0,-7.2876525,0.09334267675876617,1.0,0.9713213443756104
YJR147W,YJR101W,0,-7.287896,0.09332959353923798,1.0,0.9714714884757996
YER013W,YPR160W,0,-7.3035517,0.09331651777029037,1.0,0.9716216325759888
YGR180C,YMR227C,0,-7.313257,0.09330344945192337,1.0,0.971771776676178
YNL163C,YBR230C,0,-7.314773,0.09329037368297577,1.0,0.9719219207763672
YOR020C,YFL021W,0,-7.3252354,0.09327731281518936,1.0,0.9720720648765564
YGL256W,YKL172W,0,-7.3289223,0.09326425194740295,1.0,0.9722222089767456
YKL093W,YKL166C,0,-7.361141,0.09325119107961655,1.0,0.9723723530769348
YHR132C,YPR119W,0,-7.366398,0.09323813766241074,1.0,0.972522497177124
YPL252C,YKL203C,0,-7.371335,0.09322508424520493,1.0,0.972672700881958
YGL158W,YGL030W,0,-7.386706,0.09321203827857971,1.0,0.9728228449821472
YJL066C,YGL148W,0,-7.3896117,0.0931989923119545,1.0,0.9729729890823364
YOR230W,YOR340C,0,-7.397153,0.09318595379590988,1.0,0.9731231331825256
YCR057C,YIL006W,0,-7.412237,0.09317291527986526,1.0,0.9732732772827148
YDR164C,YMR308C,0,-7.418012,0.09315988421440125,1.0,0.973423421382904
YMR238W,YDL021W,0,-7.419264,0.09314685314893723,1.0,0.9735735654830933
YJR036C,YMR194W,0,-7.423251,0.0931338295340538,1.0,0.9737237095832825
YGR177C,YAR031W,0,-7.4257765,0.09312080591917038,1.0,0.9738738536834717
YOR204W,YJR133W,0,-7.452289,0.09310778975486755,1.0,0.9740239977836609
YER055C,YEL041W,0,-7.4598894,0.09309477359056473,1.0,0.9741742014884949
YFL013C,YPL093W,0,-7.4672155,0.0930817574262619,1.0,0.9743243455886841
YDR473C,YNL175C,0,-7.4782524,0.09306875616312027,1.0,0.9744744896888733
YPL274W,YPR006C,0,-7.4809623,0.09305574744939804,1.0,0.9746246337890625
YJL071W,YOL101C,0,-7.504909,0.09304274618625641,1.0,0.9747747778892517
YCL057W,YNL298W,0,-7.5093784,0.09302975237369537,1.0,0.9749249219894409
YCL018W,YMR137C,0,-7.5192394,0.09301675856113434,1.0,0.9750750660896301
YNL138W,YLL012W,0,-7.5270967,0.0930037721991539,1.0,0.9752252101898193
YOR148C,YNL175C,0,-7.538489,0.09299078583717346,1.0,0.9753753542900085
YBR002C,YPL188W,0,-7.5462046,0.09297779947519302,1.0,0.9755254983901978
YKL001C,YDL148C,0,-7.546297,0.09296482056379318,1.0,0.9756757020950317
YDR460W,YBL068W,0,-7.552286,0.09295184910297394,1.0,0.975825846195221
YOL086C,YDL215C,0,-7.57096,0.0929388776421547,1.0,0.9759759902954102
YGL186C,YJR063W,0,-7.5933228,0.09292591363191605,1.0,0.9761261343955994
YDR146C,YDL021W,0,-7.615978,0.0929129496216774,1.0,0.9762762784957886
YMR250W,YFR052W,0,-7.6193695,0.09289998561143875,1.0,0.9764264225959778
YIL046W,YPR163C,0,-7.63355,0.0928870290517807,1.0,0.976576566696167
YPR035W,YEL041W,0,-7.651005,0.09287407249212265,1.0,0.9767267107963562
YOR206W,YPR198W,0,-7.6605215,0.0928611233830452,1.0,0.9768768548965454
YPL131W,YLR350W,0,-7.6870766,0.09284818172454834,1.0,0.9770269989967346
YKL182W,YMR300C,0,-7.6915097,0.09283524006605148,1.0,0.9771772027015686
YNL027W,YKL172W,0,-7.693588,0.09282229840755463,1.0,0.9773273468017578
YDR451C,YIL042C,0,-7.6997814,0.09280936419963837,1.0,0.977477490901947
YKL161C,YMR269W,0,-7.703823,0.0927964299917221,1.0,0.9776276350021362
YHR174W,YJL214W,0,-7.7072816,0.09278350323438644,1.0,0.9777777791023254
YDL142C,YCL025C,0,-7.7083883,0.09277058392763138,1.0,0.9779279232025146
YLR401C,YGL233W,0,-7.722931,0.09275765717029572,1.0,0.9780780673027039
YBL076C,YLR151C,0,-7.7395887,0.09274474531412125,1.0,0.9782282114028931
YDL111C,YIR039C,0,-7.7546077,0.09273182600736618,1.0,0.9783783555030823
YGR225W,YPL093W,0,-7.782172,0.09271892160177231,1.0,0.9785284996032715
YHR174W,YNL078W,0,-7.7899885,0.09270600974559784,1.0,0.9786787033081055
YOR310C,YJR130C,0,-7.7900276,0.09269311279058456,1.0,0.9788288474082947
YAL033W,YDR492W,0,-7.816062,0.09268020838499069,1.0,0.9789789915084839
YPL252C,YOR099W,0,-7.8614793,0.09266731888055801,1.0,0.9791291356086731
YDL107W,YCR012W,0,-7.889262,0.09265442192554474,1.0,0.9792792797088623
YPL064C,YBR072W,0,-7.9216194,0.09264153242111206,1.0,0.9794294238090515
YCL036W,YJR133W,0,-7.9372425,0.09262865036725998,1.0,0.9795795679092407
YJL200C,YGR199W,0,-7.94125,0.0926157683134079,1.0,0.9797297120094299
YOR324C,YDL208W,0,-7.9572196,0.09260289371013641,1.0,0.9798798561096191
YGL030W,YOR180C,0,-7.9780188,0.09259001910686493,1.0,0.9800300598144531
YDL111C,YKR102W,0,-7.982459,0.09257714450359344,1.0,0.9801802039146423
YBR195C,YCR011C,0,-8.026802,0.09256427735090256,1.0,0.9803303480148315
YGR175C,YJL140W,0,-8.034876,0.09255141764879227,1.0,0.9804804921150208
YHR209W,YOR355W,0,-8.053782,0.09253855794668198,1.0,0.98063063621521
YGR036C,YOR382W,0,-8.0697775,0.09252569824457169,1.0,0.9807807803153992
YPR035W,YNL078W,0,-8.085611,0.09251284599304199,1.0,0.9809309244155884
YMR269W,YHR057C,0,-8.094475,0.0925000011920929,1.0,0.9810810685157776
YLR312W-A,YDR496C,0,-8.101929,0.0924871563911438,1.0,0.9812312126159668
YKL175W,YGL148W,0,-8.108926,0.0924743115901947,1.0,0.981381356716156
YDL055C,YPR030W,0,-8.113196,0.0924614742398262,1.0,0.98153156042099
YER165W,YGL060W,0,-8.117181,0.0924486368894577,1.0,0.9816817045211792
YGR238C,YLR344W,0,-8.117802,0.0924358069896698,1.0,0.9818318486213684
YJR147W,YDR373W,0,-8.143349,0.0924229845404625,1.0,0.9819819927215576
YJR070C,YJL071W,0,-8.152056,0.09241015464067459,1.0,0.9821321368217468
YGL256W,YNR002C,0,-8.243237,0.09239733964204788,1.0,0.982282280921936
YER165W,YOR275C,0,-8.252653,0.09238451719284058,1.0,0.9824324250221252
YER052C,YML128C,0,-8.255479,0.09237170964479446,1.0,0.9825825691223145
YFR031C,YCL025C,0,-8.273959,0.09235889464616776,1.0,0.9827327132225037
YDL061C,YMR061W,0,-8.277907,0.09234608709812164,1.0,0.9828828573226929
YBR230C,YER090W,0,-8.294857,0.09233328700065613,1.0,0.9830330610275269
YLR344W,YLR163C,0,-8.315546,0.09232048690319061,1.0,0.9831832051277161
YEL012W,YLR344W,0,-8.320948,0.0923076942563057,1.0,0.9833333492279053
YOR310C,YOR138C,0,-8.32509,0.09229490160942078,1.0,0.9834834933280945
YHR047C,YGL071W,0,-8.326064,0.09228210896253586,1.0,0.9836336374282837
YNL231C,YDR518W,0,-8.331474,0.09226932376623154,1.0,0.9837837815284729
YMR136W,YGL051W,0,-8.332221,0.09225654602050781,1.0,0.9839339256286621
YMR049C,YIR039C,0,-8.333412,0.09224376827478409,1.0,0.9840840697288513
YFL001W,YLR350W,0,-8.35065,0.09223099052906036,1.0,0.9842342138290405
YKL078W,YDR373W,0,-8.355263,0.09221822023391724,1.0,0.9843843579292297
YPR190C,YBR129C,0,-8.355271,0.0922054573893547,1.0,0.9845345616340637
YKL090W,YAL060W,0,-8.356672,0.09219269454479218,1.0,0.9846847057342529
YLR107W,YKR066C,0,-8.379977,0.09217993170022964,1.0,0.9848348498344421
YAL060W,YOR168W,0,-8.390771,0.09216717630624771,1.0,0.9849849939346313
YPR144C,YKL094W,0,-8.395359,0.09215442091226578,1.0,0.9851351380348206
YLR395C,YBR066C,0,-8.423188,0.09214167296886444,1.0,0.9852852821350098
YLR206W,YJL079C,0,-8.435859,0.0921289250254631,1.0,0.985435426235199
YNL127W,YNL175C,0,-8.477548,0.09211618453264236,1.0,0.9855855703353882
YER049W,YLR350W,0,-8.5003,0.09210344403982162,1.0,0.9857357144355774
YLR080W,YER117W,0,-8.5105095,0.09209071099758148,1.0,0.9858858585357666
YOL082W,YNL238W,0,-8.522501,0.09207797795534134,1.0,0.9860360622406006
YPL007C,YOR204W,0,-8.57367,0.0920652449131012,1.0,0.9861862063407898
YJL034W,YLR187W,0,-8.641043,0.09205251932144165,1.0,0.986336350440979
YOL165C,YGL225W,0,-8.641758,0.0920398011803627,1.0,0.9864864945411682
YMR168C,YDR508C,0,-8.670004,0.09202708303928375,1.0,0.9866366386413574
YJL112W,YCL018W,0,-8.7316475,0.0920143648982048,1.0,0.9867867827415466
YNL110C,YMR246W,0,-8.741257,0.09200165420770645,1.0,0.9869369268417358
YOR216C,YOR382W,0,-8.774062,0.0919889509677887,1.0,0.987087070941925
YLL041C,YKL166C,0,-8.779063,0.09197624772787094,1.0,0.9872372150421143
YPR035W,YMR270C,0,-8.817255,0.09196354448795319,1.0,0.9873873591423035
YDR304C,YNL335W,0,-8.823133,0.09195084869861603,1.0,0.9875375628471375
YLR107W,YLL055W,0,-8.829551,0.09193815290927887,1.0,0.9876877069473267
YDR064W,YNL259C,0,-8.834063,0.09192546457052231,1.0,0.9878378510475159
YER165W,YDR369C,0,-8.841387,0.09191277623176575,1.0,0.9879879951477051
YJR078W,YML073C,0,-8.847923,0.09190009534358978,1.0,0.9881381392478943
YGL200C,YKL074C,0,-8.856842,0.09188741445541382,1.0,0.9882882833480835
YJL112W,YGR264C,0,-8.915739,0.09187474101781845,1.0,0.9884384274482727
YLR153C,YDR508C,0,-8.958176,0.09186206758022308,1.0,0.9885885715484619
YFL014W,YDR281C,0,-8.959357,0.09184940159320831,1.0,0.9887387156486511
YIR038C,YCR012W,0,-8.988329,0.09183673560619354,1.0,0.9888888597488403
YLR208W,YBR257W,0,-9.00993,0.09182406961917877,1.0,0.9890390634536743
YPR163C,YDL045C,0,-9.032099,0.0918114110827446,1.0,0.9891892075538635
YGL209W,YBR274W,0,-9.039527,0.09179875999689102,1.0,0.9893393516540527
YJR005W,YGL225W,0,-9.088568,0.09178610891103745,1.0,0.9894894957542419
YJL034W,YGL209W,0,-9.092039,0.09177345782518387,1.0,0.9896396398544312
YDL021W,YFR001W,0,-9.11278,0.09176081418991089,1.0,0.9897897839546204
YNR003C,YMR246W,0,-9.143807,0.0917481780052185,1.0,0.9899399280548096
YGL037C,YIL159W,0,-9.159576,0.09173553436994553,1.0,0.9900900721549988
YLR447C,YGR239C,0,-9.189422,0.09172290563583374,1.0,0.990240216255188
YBL058W,YDL055C,0,-9.199505,0.09171026945114136,1.0,0.990390419960022
YLR191W,YOR243C,0,-9.246383,0.09169764816761017,1.0,0.9905405640602112
YPL110C,YER165W,0,-9.334394,0.09168501943349838,1.0,0.9906907081604004
YJR127C,YBR066C,0,-9.372545,0.09167240560054779,1.0,0.9908408522605896
YNL079C,YOR204W,0,-9.374485,0.0916597843170166,1.0,0.9909909963607788
YPR190C,YOR275C,0,-9.4095545,0.09164717048406601,1.0,0.991141140460968
YKL180W,YFR019W,0,-9.445944,0.09163456410169601,1.0,0.9912912845611572
YOR310C,YNL223W,0,-9.460262,0.09162195771932602,1.0,0.9914414286613464
YOR237W,YJL082W,0,-9.509111,0.09160935133695602,1.0,0.9915915727615356
YDR064W,YPR149W,0,-9.552865,0.09159675240516663,1.0,0.9917417168617249
YHR066W,YOR324C,0,-9.578602,0.09158416092395782,1.0,0.9918919205665588
YOR310C,YIL046W,0,-9.684685,0.09157156944274902,1.0,0.992042064666748
YDL215C,YEL040W,0,-9.702641,0.09155897796154022,1.0,0.9921922087669373
YGR085C,YEL041W,0,-9.72001,0.09154639393091202,1.0,0.9923423528671265
YLR029C,YDR337W,0,-9.748268,0.09153380990028381,1.0,0.9924924969673157
YEL052W,YIL079C,0,-9.75021,0.0915212333202362,1.0,0.9926426410675049
YOR243C,YDL216C,0,-9.794914,0.0915086567401886,1.0,0.9927927851676941
YBR274W,YGR285C,0,-9.826623,0.09149608761072159,1.0,0.9929429292678833
YDR144C,YPR026W,0,-9.851669,0.09148351848125458,1.0,0.9930930733680725
YDL061C,YGR246C,0,-9.884859,0.09147094935178757,1.0,0.9932432174682617
YPR135W,YMR319C,0,-9.904997,0.09145838767290115,1.0,0.9933934211730957
YGL186C,YGR175C,0,-9.938104,0.09144583344459534,1.0,0.9935435652732849
YOR148C,YBL068W,0,-9.947746,0.09143327921628952,1.0,0.9936937093734741
YBR196C,YHR061C,0,-9.984644,0.0914207249879837,1.0,0.9938438534736633
YIR039C,YCR012W,0,-9.987623,0.09140817821025848,1.0,0.9939939975738525
YOR230W,YLR316C,0,-10.003478,0.09139563888311386,1.0,0.9941441416740417
YDR492W,YLR321C,0,-10.036147,0.09138309210538864,1.0,0.994294285774231
YLL029W,YPL094C,0,-10.174453,0.09137056022882462,1.0,0.9944444298744202
YFL045C,YCR026C,0,-10.182388,0.09135802835226059,1.0,0.9945945739746094
YLR165C,YPR190C,0,-10.194475,0.09134549647569656,1.0,0.9947447180747986
YER017C,YNL175C,0,-10.263635,0.09133296459913254,1.0,0.9948949217796326
YNL117W,YMR194W,0,-10.276675,0.0913204476237297,1.0,0.9950450658798218
YER049W,YML128C,0,-10.29924,0.09130792319774628,1.0,0.995195209980011
YMR097C,YOR204W,0,-10.378798,0.09129540622234344,1.0,0.9953453540802002
YNL127W,YGR264C,0,-10.506868,0.09128289669752121,1.0,0.9954954981803894
YBR260C,YLR129W,0,-10.52073,0.09127038717269897,1.0,0.9956456422805786
YGR268C,YNL298W,0,-10.647362,0.09125787764787674,1.0,0.9957957863807678
YDR285W,YGL103W,0,-10.695139,0.0912453755736351,1.0,0.995945930480957
YFR001W,YIR039C,0,-10.800023,0.09123287349939346,1.0,0.9960960745811462
YNL202W,YGR118W,0,-10.818682,0.09122037887573242,1.0,0.9962462186813354
YNL182C,YLR350W,0,-10.860896,0.09120789170265198,1.0,0.9963964223861694
YKL009W,YOL026C,0,-10.883949,0.09119539707899094,1.0,0.9965465664863586
YPR035W,YOR148C,0,-10.914586,0.09118290990591049,1.0,0.9966967105865479
YFR001W,YBR145W,0,-10.924646,0.09117043018341064,1.0,0.9968468546867371
YOR232W,YJL079C,0,-10.976294,0.0911579504609108,1.0,0.9969969987869263
YBR066C,YMR137C,0,-11.155283,0.09114547818899155,1.0,0.9971471428871155
YDR371W,YPR035W,0,-11.247467,0.0911330059170723,1.0,0.9972972869873047
YMR194W,YGR171C,0,-11.422722,0.09112053364515305,1.0,0.9974474310874939
YPR190C,YCL004W,0,-11.477485,0.09110806882381439,1.0,0.9975975751876831
YDL055C,YGR246C,0,-11.689243,0.09109561145305634,1.0,0.9977477192878723
YOL101C,YNL182C,0,-11.7715025,0.09108315408229828,1.0,0.9978979229927063
YML052W,YIR039C,0,-11.943595,0.09107069671154022,1.0,0.9980480670928955
YDR405W,YMR194W,0,-12.150266,0.09105824679136276,1.0,0.9981982111930847
YGL236C,YDL083C,0,-12.271663,0.0910457968711853,1.0,0.9983483552932739
YGR081C,YJL079C,0,-12.398953,0.09103335440158844,1.0,0.9984984993934631
YCR057C,YLR348C,0,-12.734017,0.09102091193199158,1.0,0.9986486434936523
YJR070C,YNL304W,0,-13.166251,0.09100846946239471,1.0,0.9987987875938416
YIR039C,YFL001W,0,-13.74749,0.09099603444337845,1.0,0.9989489316940308
YGL209W,YNL160W,0,-14.027731,0.09098360687494278,1.0,0.99909907579422
YKL103C,YOR204W,0,-14.090758,0.09097117930650711,1.0,0.9992492198944092
YKL009W,YLR389C,0,-14.287941,0.09095875173807144,1.0,0.9993994235992432
YER103W,YGR020C,0,-14.407991,0.09094633162021637,1.0,0.9995495676994324
YPR002W,YKL180W,0,-14.449477,0.0909339189529419,1.0,0.9996997117996216
YOR084W,YKL009W,0,-15.010288,0.09092149883508682,1.0,0.9998498558998108
YDR449C,YLR348C,0,-16.667477,0.09090909361839294,1.0,1.0
