Gene A,Gene B,Label,Score,Precision,Recall,False Positive Rate
YLR343W,YMR307W,0,-1.0654082,0.0,0.0,9.999999747378752e-05
YLR327C,YNL083W,0,-1.1223769,0.0,0.0,0.00019999999494757503
YER150W,YML091C,0,-1.21233,0.0,0.0,0.0003000000142492354
YGR189C,YGR088W,0,-1.2540416,0.0,0.0,0.00039999998989515007
YML054C,YFL036W,0,-1.3014318,0.0,0.0,0.0005000000237487257
YER103W,YPL200W,0,-1.3453335,0.0,0.0,0.0006000000284984708
YAL021C,YBR072W,0,-1.3682483,0.0,0.0,0.000699999975040555
YER150W,YFL041W,0,-1.4009956,0.0,0.0,0.0007999999797903001
YOR096W,YKR044W,0,-1.4213154,0.0,0.0,0.0008999999845400453
YLR178C,YER048W-A,0,-1.4335245,0.0,0.0,0.0010000000474974513
YER091C,YOL080C,0,-1.4494773,0.0,0.0,0.0010999999940395355
YJR145C,YGR065C,0,-1.4679928,0.0,0.0,0.0012000000569969416
YPL187W,YDL014W,0,-1.4720755,0.0,0.0,0.0013000000035390258
YLR343W,YGR014W,0,-1.4749383,0.0,0.0,0.00139999995008111
YLR178C,YBL017C,0,-1.4761356,0.0,0.0,0.001500000013038516
YDR001C,YDR107C,0,-1.488245,0.0,0.0,0.0015999999595806003
YMR189W,YPL134C,0,-1.4887873,0.0,0.0,0.0017000000225380063
YER150W,YPL024W,0,-1.4953418,0.0,0.0,0.0017999999690800905
YJR127C,YHL040C,0,-1.4972571,0.0,0.0,0.0019000000320374966
YER131W,YKR044W,0,-1.4997474,0.0,0.0,0.0020000000949949026
YER103W,YHR136C,0,-1.5066346,0.0,0.0,0.002099999925121665
YLR178C,YGL233W,0,-1.5087513,0.0,0.0,0.002199999988079071
YBL071W-A,YER091C,0,-1.5089461,0.0,0.0,0.002300000051036477
YBL069W,YPL131W,0,-1.5190166,0.0,0.0,0.002400000113993883
YEL011W,YBR222C,0,-1.5362414,0.0,0.0,0.0024999999441206455
YGR292W,YNL160W,0,-1.5426804,0.0,0.0,0.0026000000070780516
YKL013C,YFL014W,0,-1.5520551,0.0,0.0,0.0027000000700354576
YDL082W,YIR013C,0,-1.5583471,0.0,0.0,0.00279999990016222
YMR176W,YLR251W,0,-1.5716933,0.0,0.0,0.002899999963119626
YLR028C,YML054C,0,-1.573943,0.0,0.0,0.003000000026077032
YML054C,YIL065C,0,-1.5743846,0.0,0.0,0.003100000089034438
YKL172W,YNR057C,0,-1.5754434,0.0,0.0,0.0031999999191612005
YBR066C,YGR223C,0,-1.5821868,0.0,0.0,0.0032999999821186066
YJL153C,YOR228C,0,-1.5980653,0.0,0.0,0.0034000000450760126
YJL087C,YCR034W,0,-1.6094475,0.0,0.0,0.0035000001080334187
YIR039C,YDR452W,0,-1.6144019,0.0,0.0,0.003599999938160181
YMR104C,YDR252W,0,-1.6204714,0.0,0.0,0.003700000001117587
YHR094C,YHR077C,0,-1.6229877,0.0,0.0,0.003800000064074993
YER150W,YLL041C,0,-1.6263303,0.0,0.0,0.0038999998942017555
YER091C,YLR116W,0,-1.6288029,0.0,0.0,0.004000000189989805
YMR287C,YDR380W,0,-1.6320165,0.0,0.0,0.004100000020116568
YOR173W,YDL059C,0,-1.6361936,0.0,0.0,0.00419999985024333
YOR226C,YJL118W,0,-1.6464313,0.0,0.0,0.00430000014603138
YDR523C,YDR329C,0,-1.6522957,0.0,0.0,0.004399999976158142
YHR050W,YOR173W,0,-1.6550782,0.0,0.0,0.0044999998062849045
YKL096W,YJR119C,0,-1.6636987,0.0,0.0,0.004600000102072954
YBR097W,YIL170W,0,-1.6753627,0.0,0.0,0.004699999932199717
YCL036W,YPR035W,0,-1.679454,0.0,0.0,0.004800000227987766
YNL078W,YPR151C,0,-1.6794682,0.0,0.0,0.004900000058114529
YMR189W,YLL062C,0,-1.6825368,0.0,0.0,0.004999999888241291
YPL092W,YGR108W,0,-1.6857432,0.0,0.0,0.005100000184029341
YGL030W,YGL184C,0,-1.6876823,0.0,0.0,0.005200000014156103
YCL027W,YPL123C,0,-1.6930362,0.0,0.0,0.0052999998442828655
YBR132C,YEL034W,0,-1.6962473,0.0,0.0,0.005400000140070915
YOR329C,YHL040C,0,-1.6973096,0.0,0.0,0.005499999970197678
YJR159W,YGR295C,0,-1.6977588,0.0,0.0,0.00559999980032444
YBL003C,YPL231W,0,-1.6996818,0.0,0.0,0.00570000009611249
YMR042W,YER091C,0,-1.7013553,0.0,0.0,0.005799999926239252
YMR182C,YNL112W,0,-1.7030772,0.0,0.0,0.005900000222027302
YMR246W,YEL029C,0,-1.7084523,0.0,0.0,0.006000000052154064
YHR050W,YGR067C,0,-1.7106673,0.0,0.0,0.006099999882280827
YPL255W,YML056C,0,-1.7122366,0.0,0.0,0.006200000178068876
YPR160W,YDL045W-A,0,-1.7140518,0.0,0.0,0.006300000008195639
YPL150W,YOL060C,0,-1.7223636,0.0,0.0,0.006399999838322401
YNL307C,YBR072W,0,-1.7249777,0.0,0.0,0.006500000134110451
YPL283C,YDL039C,0,-1.7271551,0.0,0.0,0.006599999964237213
YMR239C,YGR251W,0,-1.7292687,0.0,0.0,0.0066999997943639755
YBL091C-A,YPR151C,0,-1.7370106,0.0,0.0,0.006800000090152025
YOR384W,YBL075C,0,-1.7387322,0.0,0.0,0.006899999920278788
YLL039C,YEL070W,0,-1.740229,0.0,0.0,0.007000000216066837
YNL300W,YKR024C,0,-1.7416824,0.0,0.0,0.0071000000461936
YFR015C,YMR011W,0,-1.7469896,0.0,0.0,0.007199999876320362
YJL102W,YDR107C,0,-1.747218,0.0,0.0,0.007300000172108412
YGR034W,YGL169W,0,-1.7480775,0.0,0.0,0.007400000002235174
YMR190C,YDL144C,0,-1.7496043,0.0,0.0,0.007499999832361937
YBR105C,YPL082C,0,-1.7532585,0.0,0.0,0.007600000128149986
YML131W,YDR421W,0,-1.7539598,0.0,0.0,0.007699999958276749
YOR242C,YER110C,0,-1.7543684,0.0,0.0,0.007799999788403511
YGR091W,YGL047W,0,-1.7556357,0.0,0.0,0.007899999618530273
YNL274C,YKL178C,0,-1.7623047,0.0,0.0,0.00800000037997961
YOR369C,YCR072C,0,-1.7630938,0.0,0.0,0.008100000210106373
YOL004W,YKL163W,0,-1.7632555,0.0,0.0,0.008200000040233135
YLR414C,YGL128C,0,-1.7658668,0.0,0.0,0.008299999870359898
YIL099W,YDR196C,0,-1.7670588,0.0,0.0,0.00839999970048666
YKL216W,YBL054W,0,-1.7702162,0.0,0.0,0.008500000461935997
YFL014W,YKL125W,0,-1.7723713,0.0,0.0,0.00860000029206276
YML091C,YEL034W,0,-1.7750095,0.0,0.0,0.008700000122189522
YAR035W,YGR287C,0,-1.7753044,0.0,0.0,0.008799999952316284
YPR132W,YKL084W,0,-1.7767574,0.0,0.0,0.008899999782443047
YJR026W,YBL054W,0,-1.7780627,0.0,0.0,0.008999999612569809
YIL129C,YAR071W,0,-1.7800831,0.0,0.0,0.009100000374019146
YGR101W,YBL075C,0,-1.7827604,0.0,0.0,0.009200000204145908
YLL055W,YLR214W,0,-1.7848252,0.0,0.0,0.00930000003427267
YER036C,YIR013C,0,-1.7859881,0.0,0.0,0.009399999864399433
YGL209W,YDR449C,0,-1.7955188,0.0,0.0,0.009499999694526196
YCL063W,YBR156C,0,-1.7972655,0.0,0.0,0.009600000455975533
YIL083C,YDL170W,0,-1.798834,0.0,0.0,0.009700000286102295
YLR145W,YMR303C,0,-1.801059,0.0,0.0,0.009800000116229057
YMR032W,YBR010W,0,-1.8074824,0.0,0.0,0.00989999994635582
YIL117C,YBR241C,0,-1.8111293,0.0,0.0,0.009999999776482582
YHR052W,YPR183W,0,-1.8122619,0.0,0.0,0.010099999606609344
YMR189W,YAL009W,0,-1.8123635,0.0,0.0,0.010200000368058681
YMR087W,YOL064C,0,-1.8130102,0.0,0.0,0.010300000198185444
YMR189W,YLR264W,0,-1.8134556,0.0,0.0,0.010400000028312206
YKL096W,YGR108W,0,-1.8141974,0.0,0.0,0.010499999858438969
YPL152W,YNL305C,0,-1.8172735,0.0,0.0,0.010599999688565731
YGR038W,YGR035C,0,-1.8214842,0.0,0.0,0.010700000450015068
YHR112C,YKL179C,0,-1.8225898,0.0,0.0,0.01080000028014183
YPL240C,YMR218C,0,-1.823787,0.0,0.0,0.010900000110268593
YPR160W,YML078W,0,-1.8246654,0.0,0.0,0.010999999940395355
YLR014C,YLR388W,0,-1.8247341,0.0,0.0,0.011099999770522118
YER078C,YML131W,0,-1.8266449,0.0,0.0,0.01119999960064888
YPL108W,YJL177W,0,-1.8267711,0.0,0.0,0.011300000362098217
YPR054W,YGR067C,0,-1.8293443,0.0,0.0,0.01140000019222498
YMR295C,YNL224C,0,-1.8320976,0.0,0.0,0.011500000022351742
YML040W,YGR008C,0,-1.8322207,0.0,0.0,0.011599999852478504
YOR382W,YGR209C,0,-1.8326341,0.0,0.0,0.011699999682605267
YLR057W,YJR147W,0,-1.834649,0.0,0.0,0.011800000444054604
YJR043C,YNL162W,0,-1.8374687,0.0,0.0,0.011900000274181366
YML027W,YFR001W,0,-1.8423431,0.0,0.0,0.012000000104308128
YHR119W,YKL163W,0,-1.8430494,0.0,0.0,0.01209999993443489
YJR097W,YGR264C,0,-1.8434206,0.0,0.0,0.012199999764561653
YGL185C,YDR380W,0,-1.8465282,0.0,0.0,0.012299999594688416
YMR013C,YLR327C,0,-1.8477422,0.0,0.0,0.012400000356137753
YNR012W,YBR092C,0,-1.8479273,0.0,0.0,0.012500000186264515
YGL047W,YPR011C,0,-1.8560239,0.0,0.0,0.012600000016391277
YGR258C,YPL150W,0,-1.857493,0.0,0.0,0.01269999984651804
YGL229C,YER096W,0,-1.8580956,0.0,0.0,0.012799999676644802
YNR063W,YDR134C,0,-1.8630236,0.0,0.0,0.012900000438094139
YGR158C,YNL209W,0,-1.8659524,0.0,0.0,0.013000000268220901
YKL065C,YJL160C,0,-1.8663836,0.0,0.0,0.013100000098347664
YPR026W,YDL170W,0,-1.8679961,0.0,0.0,0.013199999928474426
YJR159W,YKL021C,0,-1.8691868,0.0,0.0,0.013299999758601189
YDL232W,YFR015C,0,-1.8717396,0.0,0.0,0.013399999588727951
YCL026C-B,YJL082W,0,-1.8718163,0.0,0.0,0.013500000350177288
YGR035C,YBL003C,0,-1.8730577,0.0,0.0,0.01360000018030405
YNR073C,YIL076W,0,-1.8733386,0.0,0.0,0.013700000010430813
YMR189W,YGR162W,0,-1.8749403,0.0,0.0,0.013799999840557575
YPL202C,YER053C,0,-1.8753208,0.0,0.0,0.013899999670684338
YMR034C,YGR008C,0,-1.8759276,0.0,0.0,0.014000000432133675
YER138C,YML062C,0,-1.8779509,0.0,0.0,0.014100000262260437
YDR060W,YBL028C,0,-1.8792714,0.0,0.0,0.0142000000923872
YKL176C,YDL156W,0,-1.8820328,0.0,0.0,0.014299999922513962
YDR358W,YPR181C,1,-1.8820919,0.0069444444961845875,0.0010000000474974513,0.014299999922513962
YBR012W-B,YOR284W,0,-1.8832073,0.006896551698446274,0.0010000000474974513,0.014399999752640724
YEL077C,YLR155C,0,-1.8855022,0.006849315017461777,0.0010000000474974513,0.014499999582767487
YMR271C,YLR040C,0,-1.887166,0.006802720949053764,0.0010000000474974513,0.014600000344216824
YDR219C,YDL132W,1,-1.8873876,0.013513513840734959,0.0020000000949949026,0.014600000344216824
YOR035C,YNL092W,0,-1.8875166,0.01342281885445118,0.0020000000949949026,0.014700000174343586
YLR109W,YPL281C,0,-1.887942,0.013333333656191826,0.0020000000949949026,0.014800000004470348
YBL075C,YJR088C,0,-1.8880477,0.013245033100247383,0.0020000000949949026,0.01489999983459711
YNL115C,YLR327C,0,-1.8889433,0.01315789483487606,0.0020000000949949026,0.014999999664723873
YCR098C,YIL101C,0,-1.8904625,0.013071895577013493,0.0020000000949949026,0.01510000042617321
YDL212W,YLR073C,0,-1.8920494,0.012987012974917889,0.0020000000949949026,0.015200000256299973
YKL125W,YER091C,0,-1.8922127,0.012903225608170033,0.0020000000949949026,0.015300000086426735
YOR338W,YPL143W,0,-1.892861,0.012820512987673283,0.0020000000949949026,0.015399999916553497
YLR160C,YEL077C,0,-1.8929329,0.012738853693008423,0.0020000000949949026,0.01549999974668026
YDR123C,YER131W,0,-1.8943797,0.012658228166401386,0.0020000000949949026,0.015599999576807022
YKL180W,YMR301C,0,-1.8951212,0.012578615918755531,0.0020000000949949026,0.015699999406933784
YFL044C,YML131W,0,-1.8964907,0.012500000186264515,0.0020000000949949026,0.015799999237060547
YGR052W,YOR155C,0,-1.8967121,0.012422360479831696,0.0020000000949949026,0.01590000092983246
YOL058W,YER054C,0,-1.8984394,0.012345679104328156,0.0020000000949949026,0.01600000075995922
YLR178C,YER175C,0,-1.8986193,0.012269938364624977,0.0020000000949949026,0.016100000590085983
YDR450W,YER087C-A,0,-1.8989004,0.012195121496915817,0.0020000000949949026,0.016200000420212746
YMR034C,YJL093C,0,-1.9010767,0.012121211737394333,0.0020000000949949026,0.016300000250339508
YDR368W,YGL010W,0,-1.9011945,0.012048192322254181,0.0020000000949949026,0.01640000008046627
YBR073W,YAR010C,0,-1.9024943,0.011976048350334167,0.0020000000949949026,0.016499999910593033
YPL276W,YBR126C,0,-1.9029737,0.011904762126505375,0.0020000000949949026,0.016599999740719795
YLR212C,YLL045C,0,-1.9030424,0.011834319680929184,0.0020000000949949026,0.016699999570846558
YBR156C,YDR348C,0,-1.9048996,0.0117647061124444,0.0020000000949949026,0.01679999940097332
YHR010W,YGR109C,0,-1.9050101,0.011695906519889832,0.0020000000949949026,0.016899999231100082
YPL187W,YLR051C,0,-1.9057258,0.011627906933426857,0.0020000000949949026,0.017000000923871994
YDR055W,YLR320W,0,-1.906788,0.011560693383216858,0.0020000000949949026,0.017100000753998756
YGL220W,YMR244C-A,0,-1.9074584,0.01149425283074379,0.0020000000949949026,0.01720000058412552
YKL221W,YPR026W,0,-1.9079365,0.011428571306169033,0.0020000000949949026,0.01730000041425228
YHR045W,YMR211W,0,-1.908511,0.011363636702299118,0.0020000000949949026,0.017400000244379044
YHR081W,YKL027W,0,-1.9106581,0.011299435049295425,0.0020000000949949026,0.017500000074505806
YLL029W,YGL079W,0,-1.9109703,0.01123595517128706,0.0020000000949949026,0.01759999990463257
YMR078C,YHL033C,0,-1.9143466,0.011173184029757977,0.0020000000949949026,0.01769999973475933
YHR209W,YKL179C,0,-1.9160634,0.011111111380159855,0.0020000000949949026,0.017799999564886093
YLR224W,YMR067C,1,-1.9163978,0.016574585810303688,0.003000000026077032,0.017799999564886093
YKL171W,YDR242W,0,-1.918893,0.016483517363667488,0.003000000026077032,0.017899999395012856
YPR072W,YJR010W,0,-1.9195424,0.016393441706895828,0.003000000026077032,0.017999999225139618
YER011W,YBL078C,0,-1.9199232,0.016304347664117813,0.003000000026077032,0.01810000091791153
YPR081C,YNL210W,0,-1.9216591,0.01621621660888195,0.003000000026077032,0.018200000748038292
YGR277C,YDL020C,0,-1.9230267,0.016129031777381897,0.003000000026077032,0.018300000578165054
YLR050C,YDR210W,0,-1.9233824,0.01604278013110161,0.003000000026077032,0.018400000408291817
YGR214W,YDR283C,0,-1.923836,0.01595744676887989,0.003000000026077032,0.01850000023841858
YOR074C,YNL113W,0,-1.9249728,0.01587301678955555,0.003000000026077032,0.01860000006854534
YNR054C,YBR271W,0,-1.9264133,0.015789473429322243,0.003000000026077032,0.018699999898672104
YJL177W,YMR308C,0,-1.9267262,0.015706805512309074,0.003000000026077032,0.018799999728798866
YGL184C,YCR003W,0,-1.9286793,0.015625,0.003000000026077032,0.01889999955892563
YIR039C,YBR050C,0,-1.9294055,0.015544041059911251,0.003000000026077032,0.01899999938905239
YHR031C,YOR182C,0,-1.9295598,0.015463917516171932,0.003000000026077032,0.019099999219179153
YKL222C,YGR189C,0,-1.93099,0.015384615398943424,0.003000000026077032,0.019200000911951065
YDL021W,YFR045W,0,-1.9315139,0.015306122601032257,0.003000000026077032,0.019300000742077827
YGL209W,YDR465C,0,-1.9324098,0.015228426083922386,0.003000000026077032,0.01940000057220459
YDR358W,YPL096W,1,-1.9331911,0.020202020183205605,0.004000000189989805,0.01940000057220459
YLL012W,YPL187W,0,-1.9334917,0.02010050229728222,0.004000000189989805,0.019500000402331352
YOL044W,YDR541C,0,-1.9336332,0.019999999552965164,0.004000000189989805,0.019600000232458115
YBR084W,YLR306W,0,-1.9337946,0.019900497049093246,0.004000000189989805,0.019700000062584877
YOL077C,YJL158C,0,-1.9342606,0.019801979884505272,0.004000000189989805,0.01979999989271164
YFR019W,YPR096C,0,-1.9359794,0.019704433158040047,0.004000000189989805,0.019899999722838402
YKR036C,YOR246C,0,-1.9375987,0.019607843831181526,0.004000000189989805,0.019999999552965164
YJL225C,YNL069C,0,-1.9378535,0.019512195140123367,0.004000000189989805,0.020099999383091927
YPL162C,YDR196C,0,-1.9379454,0.019417475908994675,0.004000000189989805,0.02019999921321869
YMR022W,YDR306C,1,-1.939596,0.02415458858013153,0.004999999888241291,0.02019999921321869
YHR186C,YDR541C,0,-1.9400408,0.024038461968302727,0.004999999888241291,0.0203000009059906
YEL041W,YDR481C,0,-1.9408681,0.023923445492982864,0.004999999888241291,0.020400000736117363
YLR327C,YAR018C,0,-1.9419138,0.02380952425301075,0.004999999888241291,0.020500000566244125
YHR081W,YDL156W,0,-1.9422939,0.02369668334722519,0.004999999888241291,0.020600000396370888
YPR006C,YLR064W,0,-1.9423565,0.02358490601181984,0.004999999888241291,0.02070000022649765
YDR210W,YPR025C,0,-1.9433817,0.023474179208278656,0.004999999888241291,0.020800000056624413
YER150W,YDR487C,0,-1.9439273,0.023364486172795296,0.004999999888241291,0.020899999886751175
YDR450W,YLL028W,0,-1.94459,0.023255813866853714,0.004999999888241291,0.020999999716877937
YPL276W,YBL089W,0,-1.9453026,0.023148147389292717,0.004999999888241291,0.0210999995470047
YDR536W,YMR165C,0,-1.9455322,0.02304147556424141,0.004999999888241291,0.021199999377131462
YML007W,YJL118W,0,-1.9462357,0.0229357797652483,0.004999999888241291,0.021299999207258224
YPL088W,YMR160W,0,-1.9463117,0.02283105067908764,0.004999999888241291,0.021400000900030136
YDL136W,YDL109C,0,-1.9463447,0.022727273404598236,0.004999999888241291,0.0215000007301569
YHR132C,YMR244C-A,0,-1.9466498,0.022624434903264046,0.004999999888241291,0.02160000056028366
YIR003W,YML129C,0,-1.9469484,0.022522522136569023,0.004999999888241291,0.021700000390410423
YOR022C,YDR533C,0,-1.947308,0.022421523928642273,0.004999999888241291,0.021800000220537186
YDR314C,YML018C,0,-1.948496,0.0223214291036129,0.004999999888241291,0.021900000050663948
YMR104C,YPR121W,0,-1.9488144,0.02222222276031971,0.004999999888241291,0.02199999988079071
YDR208W,YLR278C,0,-1.9489827,0.022123893722891808,0.004999999888241291,0.022099999710917473
YER014C-A,YEL060C,0,-1.9524645,0.022026430815458298,0.004999999888241291,0.022199999541044235
YLR414C,YER144C,0,-1.9535524,0.021929824724793434,0.004999999888241291,0.022299999371170998
YDL217C,YGR251W,0,-1.9537684,0.021834060549736023,0.004999999888241291,0.02239999920129776
YLR047C,YPL123C,0,-1.9542612,0.021739130839705467,0.004999999888241291,0.02250000089406967
YNL088W,YBL054W,0,-1.9559947,0.021645022556185722,0.004999999888241291,0.022600000724196434
YLR015W,YGL147C,0,-1.956006,0.021551724523305893,0.004999999888241291,0.022700000554323196
YMR244C-A,YCR014C,0,-1.9562079,0.021459227427840233,0.004999999888241291,0.02280000038444996
YMR145C,YDR020C,0,-1.956519,0.021367521956562996,0.004999999888241291,0.02290000021457672
YBR066C,YGL044C,0,-1.9566505,0.021276595070958138,0.004999999888241291,0.023000000044703484
YMR244C-A,YGL019W,0,-1.9566833,0.02118644118309021,0.004999999888241291,0.023099999874830246
YDR222W,YNL264C,0,-1.9572641,0.02109704725444317,0.004999999888241291,0.02319999970495701
YDR436W,YPR160W,0,-1.9575313,0.021008403971791267,0.004999999888241291,0.02329999953508377
YPL113C,YBL019W,0,-1.9578023,0.02092050202190876,0.004999999888241291,0.023399999365210533
YIL127C,YPL217C,0,-1.9578644,0.02083333395421505,0.004999999888241291,0.023499999195337296
YGL014W,YJR145C,0,-1.9584235,0.02074688859283924,0.004999999888241291,0.023600000888109207
YLR129W,YLL054C,0,-1.9587559,0.020661156624555588,0.004999999888241291,0.02370000071823597
YER150W,YOR284W,0,-1.9590979,0.020576132461428642,0.004999999888241291,0.023800000548362732
YPR082C,YBR141C,0,-1.959179,0.02049180306494236,0.004999999888241291,0.023900000378489494
YBR073W,YPR004C,0,-1.959582,0.020408162847161293,0.004999999888241291,0.024000000208616257
YKL139W,YLL032C,0,-1.960781,0.020325202494859695,0.004999999888241291,0.02410000003874302
YPL162C,YDL055C,0,-1.9610226,0.02024291455745697,0.004999999888241291,0.02419999986886978
YPR187W,YPL068C,0,-1.96233,0.02016128972172737,0.004999999888241291,0.024299999698996544
YPR066W,YBR183W,0,-1.9624327,0.0200803205370903,0.004999999888241291,0.024399999529123306
YIL160C,YJL113W,0,-1.9630713,0.019999999552965164,0.004999999888241291,0.02449999935925007
YMR277W,YOR063W,0,-1.963138,0.019920319318771362,0.004999999888241291,0.02459999918937683
YGR169C,YML026C,0,-1.9635959,0.01984127052128315,0.004999999888241291,0.024700000882148743
YDR465C,YNL035C,0,-1.9642476,0.01976284570991993,0.004999999888241291,0.024800000712275505
YOL165C,YML058W-A,0,-1.9659498,0.019685039296746254,0.004999999888241291,0.024900000542402267
YIL162W,YML128C,0,-1.9663259,0.019607843831181526,0.004999999888241291,0.02500000037252903
YEL011W,YER016W,0,-1.9665924,0.01953125,0.004999999888241291,0.025100000202655792
YML075C,YML037C,0,-1.9675788,0.019455252215266228,0.004999999888241291,0.025200000032782555
YOL140W,YGL255W,0,-1.9676164,0.01937984488904476,0.004999999888241291,0.025299999862909317
YGL050W,YBR048W,0,-1.9676963,0.019305018708109856,0.004999999888241291,0.02539999969303608
YLR394W,YDL133C-A,0,-1.9679061,0.01923076994717121,0.004999999888241291,0.025499999523162842
YML093W,YLL002W,0,-1.9682165,0.019157087430357933,0.004999999888241291,0.025599999353289604
YMR244C-A,YDR314C,0,-1.9691675,0.019083969295024872,0.004999999888241291,0.025699999183416367
YPR056W,YPR204W,0,-1.9692281,0.01901140622794628,0.004999999888241291,0.025800000876188278
YNL134C,YNL138W,0,-1.9695588,0.018939394503831863,0.004999999888241291,0.02590000070631504
YGL103W,YLR129W,0,-1.9699335,0.01886792480945587,0.004999999888241291,0.026000000536441803
YJL191W,YCL066W,0,-1.9707098,0.01879699155688286,0.004999999888241291,0.026100000366568565
YPR200C,YDR476C,0,-1.9713559,0.018726591020822525,0.004999999888241291,0.026200000196695328
YBR084W,YOR043W,0,-1.9721177,0.018656715750694275,0.004999999888241291,0.02630000002682209
YFR015C,YAL009W,0,-1.9724439,0.01858736015856266,0.004999999888241291,0.026399999856948853
YPR167C,YCL047C,0,-1.9724506,0.018518518656492233,0.004999999888241291,0.026499999687075615
YJL011C,YML056C,0,-1.9739729,0.018450183793902397,0.004999999888241291,0.026599999517202377
YKL096W,YAL017W,0,-1.9749182,0.018382353708148003,0.004999999888241291,0.02669999934732914
YJL225C,YGR247W,0,-1.9763333,0.018315019086003304,0.004999999888241291,0.026799999177455902
YOR348C,YKL056C,0,-1.976533,0.018248174339532852,0.004999999888241291,0.026900000870227814
YIL083C,YDR293C,0,-1.977815,0.0181818176060915,0.004999999888241291,0.027000000700354576
YDR473C,YPL150W,0,-1.978036,0.018115941435098648,0.004999999888241291,0.02710000053048134
YER131W,YGR075C,0,-1.9781522,0.018050542101264,0.004999999888241291,0.0272000003606081
YNL304W,YKL103C,0,-1.9782189,0.017985612154006958,0.004999999888241291,0.027300000190734863
YNL126W,YKL172W,0,-1.9793278,0.017921147868037224,0.004999999888241291,0.027400000020861626
YFR015C,YOR221C,0,-1.9796623,0.01785714365541935,0.004999999888241291,0.027499999850988388
YBR302C,YMR136W,0,-1.9810871,0.017793593928217888,0.004999999888241291,0.02759999968111515
YNL336W,YDR293C,0,-1.9814633,0.01773049682378769,0.004999999888241291,0.027699999511241913
YDR492W,YFL008W,0,-1.9817163,0.017667844891548157,0.004999999888241291,0.027799999341368675
YGL062W,YDL222C,0,-1.9845167,0.017605634406208992,0.004999999888241291,0.027899999171495438
YKL172W,YER069W,0,-1.985468,0.017543859779834747,0.004999999888241291,0.02800000086426735
YDR262W,YJR021C,0,-1.9867997,0.017482517287135124,0.004999999888241291,0.02810000069439411
YKL216W,YHL040C,0,-1.9878491,0.017421603202819824,0.004999999888241291,0.028200000524520874
YDR216W,YBR067C,0,-1.987897,0.0173611119389534,0.004999999888241291,0.028300000354647636
YBR066C,YPR030W,0,-1.9898894,0.017301037907600403,0.004999999888241291,0.0284000001847744
YJR015W,YLR003C,0,-1.9908031,0.017241379246115685,0.004999999888241291,0.02850000001490116
YLR134W,YDL017W,0,-1.9912983,0.017182130366563797,0.004999999888241291,0.028599999845027924
YGR049W,YJL030W,0,-1.991406,0.017123287543654442,0.004999999888241291,0.028699999675154686
YDL022W,YGR089W,0,-1.9914837,0.01706484705209732,0.004999999888241291,0.02879999950528145
YMR116C,YCR102C,0,-1.9915662,0.017006803303956985,0.004999999888241291,0.02889999933540821
YER131W,YBL061C,0,-1.9916608,0.016949152573943138,0.004999999888241291,0.028999999165534973
YBR135W,YER160C,0,-1.9941075,0.01689189113676548,0.004999999888241291,0.029100000858306885
YMR116C,YNL213C,0,-1.9960107,0.016835017129778862,0.004999999888241291,0.029200000688433647
YCL019W,YMR285C,0,-1.996299,0.016778523102402687,0.004999999888241291,0.02930000051856041
YPR138C,YLR297W,0,-1.9963795,0.016722407191991806,0.004999999888241291,0.029400000348687172
YLR042C,YGL124C,0,-1.9968053,0.01666666753590107,0.004999999888241291,0.029500000178813934
YLR359W,YAL060W,0,-1.9969543,0.016611294820904732,0.004999999888241291,0.029600000008940697
YNL306W,YCL057C-A,0,-1.9973277,0.01655629090964794,0.004999999888241291,0.02969999983906746
YOL107W,YGL013C,0,-1.9985551,0.01650165021419525,0.004999999888241291,0.02979999966919422
YLR441C,YGL055W,0,-1.9992588,0.016447369009256363,0.004999999888241291,0.029899999499320984
YGR158C,YML022W,0,-1.9993314,0.016393441706895828,0.004999999888241291,0.029999999329447746
YJR121W,YBR183W,0,-1.9996485,0.016339870169758797,0.004999999888241291,0.03009999915957451
YKL140W,YFR045W,0,-2.0004559,0.016286645084619522,0.004999999888241291,0.03020000085234642
YDL121C,YPL022W,0,-2.0010011,0.016233766451478004,0.004999999888241291,0.030300000682473183
YER140W,YHL019C,0,-2.0013247,0.016181230545043945,0.004999999888241291,0.030400000512599945
YER138C,YMR221C,0,-2.0016646,0.016129031777381897,0.004999999888241291,0.030500000342726707
YDR518W,YML131W,0,-2.0016892,0.01607717014849186,0.004999999888241291,0.03060000017285347
YCL019W,YML077W,0,-2.0018086,0.016025641933083534,0.004999999888241291,0.030700000002980232
YGL200C,YOR297C,0,-2.002068,0.015974441543221474,0.004999999888241291,0.030799999833106995
YGL008C,YGR271C-A,0,-2.002824,0.01592356711626053,0.004999999888241291,0.030899999663233757
YKR059W,YPR111W,0,-2.00311,0.01587301678955555,0.004999999888241291,0.03099999949336052
YPR159W,YLR042C,0,-2.0031414,0.01582278497517109,0.004999999888241291,0.031099999323487282
YLR225C,YNL009W,0,-2.0031948,0.015772869810461998,0.004999999888241291,0.031199999153614044
YJL116C,YDR218C,0,-2.0032725,0.015723271295428276,0.004999999888241291,0.031300000846385956
YJR159W,YNL127W,0,-2.003487,0.015673981979489326,0.004999999888241291,0.03139999881386757
YOL109W,YNR040W,0,-2.0040371,0.015625,0.004999999888241291,0.03150000050663948
YEL050C,YOR374W,0,-2.0042586,0.015576324425637722,0.004999999888241291,0.031599998474121094
YMR296C,YGR071C,0,-2.0044863,0.01552795059978962,0.004999999888241291,0.031700000166893005
YOR063W,YER091C,0,-2.0049148,0.015479875728487968,0.004999999888241291,0.03180000185966492
YDL074C,YMR244C-A,0,-2.005013,0.015432098880410194,0.004999999888241291,0.03189999982714653
YOL119C,YMR210W,0,-2.0072162,0.015384615398943424,0.004999999888241291,0.03200000151991844
YKL095W,YML128C,0,-2.0078204,0.015337423421442509,0.004999999888241291,0.032099999487400055
YKL071W,YCR097W,0,-2.0078785,0.015290520153939724,0.004999999888241291,0.03220000118017197
YJL200C,YPL082C,0,-2.0084844,0.015243902802467346,0.004999999888241291,0.03229999914765358
YLR224W,YMR184W,1,-2.0086207,0.018237082287669182,0.006000000052154064,0.03229999914765358
YNR040W,YGL124C,0,-2.008863,0.0181818176060915,0.006000000052154064,0.03240000084042549
YDR131C,YHR200W,1,-2.010075,0.021148037165403366,0.007000000216066837,0.03240000084042549
YGL050W,YDL130W,0,-2.010159,0.021084336563944817,0.007000000216066837,0.032499998807907104
YOR244W,YBR139W,0,-2.011278,0.021021021530032158,0.007000000216066837,0.032600000500679016
YOR173W,YCR010C,0,-2.012065,0.020958084613084793,0.007000000216066837,0.03269999846816063
YDR423C,YCR102C,0,-2.0126827,0.020895522087812424,0.007000000216066837,0.03280000016093254
YMR143W,YLR147C,0,-2.0140326,0.02083333395421505,0.007000000216066837,0.03290000185370445
YDR202C,YBL005W-B,0,-2.0142639,0.020771512761712074,0.007000000216066837,0.032999999821186066
YDL025C,YFR029W,0,-2.015109,0.020710058510303497,0.007000000216066837,0.03310000151395798
YNR073C,YDR298C,0,-2.015574,0.02064896747469902,0.007000000216066837,0.03319999948143959
YKL198C,YGL103W,0,-2.0157862,0.020588235929608345,0.007000000216066837,0.0333000011742115
YLR154C,YDR210W,0,-2.01616,0.020527860149741173,0.007000000216066837,0.033399999141693115
YDL109C,YGR184C,0,-2.017673,0.020467836409807205,0.007000000216066837,0.03350000083446503
YDL109C,YGL022W,0,-2.0176892,0.020408162847161293,0.007000000216066837,0.03359999880194664
YMR211W,YBR092C,0,-2.017733,0.020348837599158287,0.007000000216066837,0.03370000049471855
YLR224W,YPR181C,1,-2.01802,0.023188406601548195,0.00800000037997961,0.03370000049471855
YIR012W,YCL003W,0,-2.0183005,0.023121386766433716,0.00800000037997961,0.033799998462200165
YPR167C,YGR287C,0,-2.0185077,0.023054754361510277,0.00800000037997961,0.033900000154972076
YLR136C,YKL200C,0,-2.0188663,0.02298850566148758,0.00800000037997961,0.03400000184774399
YER002W,YBR271W,0,-2.019336,0.022922636941075325,0.00800000037997961,0.0340999998152256
YJR159W,YMR260C,0,-2.019879,0.022857142612338066,0.00800000037997961,0.03420000150799751
YDR312W,YPR063C,0,-2.0208814,0.022792022675275803,0.00800000037997961,0.034299999475479126
YLR364W,YOR120W,0,-2.0210004,0.022727273404598236,0.00800000037997961,0.03440000116825104
YDR294C,YCR029C-A,0,-2.0224192,0.02266288921236992,0.00800000037997961,0.03449999913573265
YCR072C,YDR348C,0,-2.022647,0.02259887009859085,0.00800000037997961,0.03460000082850456
YJL118W,YGR089W,0,-2.0227945,0.022535210475325584,0.00800000037997961,0.034699998795986176
YMR270C,YDR196C,0,-2.0234883,0.02247191034257412,0.00800000037997961,0.03480000048875809
YOL067C,YMR090W,0,-2.0250204,0.02240896411240101,0.00800000037997961,0.0348999984562397
YDL078C,YOR338W,0,-2.0250528,0.022346368059515953,0.00800000037997961,0.03500000014901161
YDL204W,YNR036C,0,-2.0259688,0.022284122183918953,0.00800000037997961,0.035100001841783524
YMR090W,YDR379W,0,-2.026751,0.02222222276031971,0.00800000037997961,0.03519999980926514
YLL029W,YMR323W,0,-2.0272598,0.022160664200782776,0.00800000037997961,0.03530000150203705
YJL066C,YOR215C,0,-2.0276575,0.0220994483679533,0.00800000037997961,0.03539999946951866
YEL020C,YFR003C,0,-2.027694,0.022038567811250687,0.00800000037997961,0.03550000116229057
YGR167W,YCL047C,0,-2.0278897,0.021978022530674934,0.00800000037997961,0.035599999129772186
YBR056W,YJR033C,0,-2.0289,0.021917808800935745,0.00800000037997961,0.0357000008225441
YKL171W,YER133W,0,-2.0291471,0.02185792289674282,0.00800000037997961,0.03579999879002571
YMR139W,YFL014W,0,-2.0291767,0.02179836481809616,0.00800000037997961,0.03590000048279762
YKL171W,YDR369C,0,-2.0304718,0.021739130839705467,0.00800000037997961,0.035999998450279236
YPL150W,YGL095C,0,-2.030502,0.02168021723628044,0.00800000037997961,0.03610000014305115
YDR056C,YJR135C,0,-2.0305116,0.021621622145175934,0.00800000037997961,0.03620000183582306
YGR277C,YJR089W,0,-2.0311933,0.021563341841101646,0.00800000037997961,0.03629999980330467
YLR205C,YGL010W,0,-2.0312035,0.02150537632405758,0.00800000037997961,0.036400001496076584
YKL091C,YPR066W,0,-2.032205,0.021447721868753433,0.00800000037997961,0.0364999994635582
YMR194W,YIR021W,0,-2.032219,0.02139037474989891,0.00800000037997961,0.03660000115633011
YGL234W,YML058W-A,0,-2.0322518,0.02133333310484886,0.00800000037997961,0.03669999912381172
YPL119C,YEL011W,0,-2.0324686,0.021276595070958138,0.00800000037997961,0.03680000081658363
YGR207C,YOL039W,0,-2.0330634,0.02122015878558159,0.00800000037997961,0.03689999878406525
YGL039W,YMR094W,0,-2.033701,0.021164020523428917,0.00800000037997961,0.03700000047683716
YNL115C,YDL115C,0,-2.033777,0.021108180284500122,0.00800000037997961,0.03709999844431877
YBR240C,YNL095C,0,-2.033942,0.021052632480859756,0.00800000037997961,0.03720000013709068
YMR267W,YML039W,0,-2.034784,0.02099737524986267,0.00800000037997961,0.037300001829862595
YIL177C,YOL158C,0,-2.0348775,0.020942408591508865,0.00800000037997961,0.03739999979734421
YNR002C,YGR125W,0,-2.034925,0.02088772878050804,0.00800000037997961,0.03750000149011612
YLR097C,YDR306C,1,-2.035207,0.0234375,0.008999999612569809,0.03750000149011612
YNL213C,YMR080C,0,-2.035225,0.023376623168587685,0.008999999612569809,0.03759999945759773
YKR081C,YLR066W,0,-2.035782,0.02331606298685074,0.008999999612569809,0.037700001150369644
YBR239C,YBR072W,0,-2.036755,0.023255813866853714,0.008999999612569809,0.03779999911785126
YPR181C,YDR306C,1,-2.0374618,0.025773195549845695,0.009999999776482582,0.03779999911785126
YLR408C,YML005W,0,-2.0376613,0.02570694126188755,0.009999999776482582,0.03790000081062317
YER138C,YKR097W,0,-2.0377264,0.025641025975346565,0.009999999776482582,0.03799999877810478
YDL022W,YJR151C,0,-2.0384963,0.02557544782757759,0.009999999776482582,0.038100000470876694
YOL141W,YDL136W,0,-2.0387778,0.025510204955935478,0.009999999776482582,0.03819999843835831
YNL336W,YPR021C,0,-2.0391002,0.02544529177248478,0.009999999776482582,0.03830000013113022
YPR204W,YOR180C,0,-2.0394094,0.025380710139870644,0.009999999776482582,0.03840000182390213
YPR204W,YPR111W,0,-2.0395381,0.025316456332802773,0.009999999776482582,0.03849999979138374
YIL076W,YPR091C,0,-2.0402985,0.02525252476334572,0.009999999776482582,0.038600001484155655
YER164W,YLR327C,0,-2.0410824,0.02518891729414463,0.009999999776482582,0.03869999945163727
YLR164W,YDR304C,0,-2.0414464,0.02512562833726406,0.009999999776482582,0.03880000114440918
YMR087W,YLR151C,0,-2.0416236,0.02506265603005886,0.009999999776482582,0.03889999911189079
YJL034W,YCL008C,1,-2.0416524,0.027499999850988388,0.010999999940395355,0.03889999911189079
YHR061C,YOR337W,0,-2.041977,0.027431420981884003,0.010999999940395355,0.039000000804662704
YDR338C,YKL188C,0,-2.043074,0.027363184839487076,0.010999999940395355,0.03909999877214432
YJL066C,YIL067C,0,-2.043437,0.02729528583586216,0.010999999940395355,0.03920000046491623
YPR001W,YLR174W,0,-2.0434659,0.027227722108364105,0.010999999940395355,0.03929999843239784
YNL008C,YDL126C,1,-2.0435758,0.029629629105329514,0.012000000104308128,0.03929999843239784
YOR162C,YGR281W,0,-2.0443542,0.029556650668382645,0.012000000104308128,0.039400000125169754
YER003C,YAR044W,0,-2.0443847,0.029484029859304428,0.012000000104308128,0.039500001817941666
YGL050W,YGR108W,0,-2.0445247,0.029411764815449715,0.012000000104308128,0.03959999978542328
YDR331W,YDR056C,0,-2.0458016,0.029339853674173355,0.012000000104308128,0.03970000147819519
YOL151W,YDR210W,0,-2.0460916,0.02926829271018505,0.012000000104308128,0.039799999445676804
YLR348C,YKR035W-A,0,-2.0462928,0.029197080060839653,0.012000000104308128,0.039900001138448715
YDL137W,YBL075C,0,-2.0469108,0.029126213863492012,0.012000000104308128,0.03999999910593033
YGR271C-A,YER131W,0,-2.0478897,0.02905569039285183,0.012000000104308128,0.04010000079870224
YBR111W-A,YDR492W,0,-2.0494077,0.028985507786273956,0.012000000104308128,0.04019999876618385
YDR506C,YPR035W,0,-2.0501013,0.028915662318468094,0.012000000104308128,0.040300000458955765
YMR295C,YKL015W,0,-2.0503793,0.028846153989434242,0.012000000104308128,0.04039999842643738
YPR022C,YBL006C,0,-2.051009,0.028776979073882103,0.012000000104308128,0.04050000011920929
YMR280C,YBR158W,0,-2.0510197,0.028708133846521378,0.012000000104308128,0.0406000018119812
YNL327W,YGR123C,0,-2.0513017,0.028639618307352066,0.012000000104308128,0.040699999779462814
YJR015W,YIL110W,0,-2.0514815,0.02857142873108387,0.012000000104308128,0.040800001472234726
YJR098C,YBL100W-A,0,-2.051556,0.02850356325507164,0.012000000104308128,0.04089999943971634
YJR097W,YOR182C,0,-2.0525901,0.028436018154025078,0.012000000104308128,0.04100000113248825
YER130C,YPR196W,0,-2.052617,0.028368793427944183,0.012000000104308128,0.041099999099969864
YOR360C,YMR122W-A,0,-2.0536346,0.028301887214183807,0.012000000104308128,0.041200000792741776
YLR221C,YBR012W-B,0,-2.0537343,0.028235293924808502,0.012000000104308128,0.04129999876022339
YMR246W,YHR063C,0,-2.0542357,0.028169013559818268,0.012000000104308128,0.0414000004529953
YOR147W,YDR020C,0,-2.0545173,0.028103044256567955,0.012000000104308128,0.04149999842047691
YIR025W,YIL017C,1,-2.0549498,0.0303738322108984,0.013000000268220901,0.04149999842047691
YOR348C,YDR067C,0,-2.055099,0.03030303120613098,0.013000000268220901,0.041600000113248825
YMR189W,YBR102C,0,-2.0551343,0.030232558026909828,0.013000000268220901,0.04170000180602074
YER145C,YER070W,0,-2.0551894,0.03016241267323494,0.013000000268220901,0.04179999977350235
YHR077C,YML131W,0,-2.0560405,0.030092593282461166,0.013000000268220901,0.04190000146627426
YFR015C,YLR064W,0,-2.0560772,0.03002309426665306,0.013000000268220901,0.041999999433755875
YER011W,YHR031C,0,-2.0562775,0.029953917488455772,0.013000000268220901,0.042100001126527786
YMR134W,YMR307W,0,-2.0567198,0.029885057359933853,0.013000000268220901,0.0421999990940094
YNR063W,YPR016C,0,-2.0577724,0.029816513881087303,0.013000000268220901,0.04230000078678131
YEL015W,YDR348C,0,-2.0579255,0.029748283326625824,0.013000000268220901,0.042399998754262924
YDR380W,YKL107W,0,-2.0580525,0.029680365696549416,0.013000000268220901,0.042500000447034836
YHR166C,YIL017W,1,-2.0585446,0.031890660524368286,0.014000000432133675,0.042500000447034836
YIL067C,YKL053C-A,0,-2.0590267,0.03181818127632141,0.014000000432133675,0.04259999841451645
YNR067C,YLR040C,0,-2.059865,0.0317460335791111,0.014000000432133675,0.04270000010728836
YNL279W,YJL160C,0,-2.0598757,0.031674209982156754,0.014000000432133675,0.04280000180006027
YMR127C,YCR102C,0,-2.060028,0.031602710485458374,0.014000000432133675,0.042899999767541885
YDR141C,YOL082W,0,-2.0611198,0.03153153136372566,0.014000000432133675,0.0430000014603138
YGL054C,YCL045C,0,-2.0611868,0.03146067261695862,0.014000000432133675,0.04309999942779541
YER141W,YHL044W,0,-2.0612051,0.03139013424515724,0.014000000432133675,0.04320000112056732
YPL123C,YMR045C,0,-2.0617867,0.031319908797740936,0.014000000432133675,0.043299999088048935
YOR307C,YIL177C,0,-2.0618408,0.03125,0.014000000432133675,0.04340000078082085
YGL046W,YPR194C,0,-2.062612,0.031180400401353836,0.014000000432133675,0.04349999874830246
YFL002W-A,YDR016C,0,-2.0633626,0.031111111864447594,0.014000000432133675,0.04360000044107437
YFR006W,YDL142C,0,-2.064299,0.031042128801345825,0.014000000432133675,0.043699998408555984
YIL109C,YPR098C,0,-2.0643828,0.03097345121204853,0.014000000432133675,0.043800000101327896
YMR087W,YBR127C,0,-2.0647225,0.03090507723391056,0.014000000432133675,0.04390000179409981
YDR266C,YML062C,0,-2.0649183,0.030837005004286766,0.014000000432133675,0.04399999976158142
YBR141C,YML056C,0,-2.0649862,0.03076923079788685,0.014000000432133675,0.04410000145435333
YLR446W,YDR158W,0,-2.0649962,0.030701754614710808,0.014000000432133675,0.044199999421834946
YJL171C,YDL215C,0,-2.065001,0.030634572729468346,0.014000000432133675,0.04430000111460686
YDL109C,YPR192W,0,-2.065136,0.030567685142159462,0.014000000432133675,0.04439999908208847
YMR280C,YJL160C,0,-2.0651479,0.030501089990139008,0.014000000432133675,0.04450000077486038
YPL066W,YDR205W,0,-2.0659213,0.030434781685471535,0.014000000432133675,0.044599998742341995
YPL276W,YDR240C,0,-2.0661619,0.030368763953447342,0.014000000432133675,0.04470000043511391
YBR173C,YDR131C,1,-2.0662267,0.03246753290295601,0.014999999664723873,0.04470000043511391
YPL078C,YCR102C,0,-2.0663185,0.03239740803837776,0.014999999664723873,0.04479999840259552
YER184C,YJR060W,0,-2.0663397,0.03232758492231369,0.014999999664723873,0.04490000009536743
YLR300W,YCL019W,0,-2.0668836,0.032258063554763794,0.014999999664723873,0.04500000178813934
YLR035C-A,YDR440W,0,-2.066917,0.032188840210437775,0.014999999664723873,0.045099999755620956
YBR253W,YDR196C,0,-2.0669773,0.03211991488933563,0.014999999664723873,0.04520000144839287
YDR266C,YPL090C,0,-2.0678494,0.03205128386616707,0.014999999664723873,0.04529999941587448
YNL067W,YOR088W,0,-2.0680776,0.031982943415641785,0.014999999664723873,0.04540000110864639
YIL017W,YPR108W,1,-2.068349,0.03404255211353302,0.01600000075995922,0.04540000110864639
YHR128W,YKL113C,0,-2.0684762,0.03397027775645256,0.01600000075995922,0.045499999076128006
YGR125W,YAL060W,0,-2.0685034,0.033898305147886276,0.01600000075995922,0.04560000076889992
YDR387C,YBR050C,0,-2.0685194,0.033826638013124466,0.01600000075995922,0.04569999873638153
YDL059C,YPL162C,0,-2.069201,0.03375527262687683,0.01600000075995922,0.04580000042915344
YNR073C,YML022W,0,-2.0692732,0.03368420898914337,0.01600000075995922,0.045899998396635056
YAR066W,YGR172C,0,-2.0693412,0.03361344709992409,0.01600000075995922,0.04600000008940697
YOR356W,YDR310C,0,-2.0694025,0.033542975783348083,0.01600000075995922,0.04610000178217888
YKR104W,YLR070C,0,-2.069688,0.033472802489995956,0.01600000075995922,0.04619999974966049
YLR391W,YPL030W,0,-2.06993,0.03340292349457741,0.01600000075995922,0.046300001442432404
YIL125W,YKL178C,0,-2.0709677,0.03333333507180214,0.01600000075995922,0.04639999940991402
YMR268W-A,YAR008W,0,-2.071139,0.03326403349637985,0.01600000075995922,0.04650000110268593
YGL153W,YMR244C-A,0,-2.071323,0.033195022493600845,0.01600000075995922,0.04659999907016754
YKL055C,YML039W,0,-2.0715094,0.03312629461288452,0.01600000075995922,0.04670000076293945
YGR038W,YLR391W,0,-2.0727012,0.03305784985423088,0.01600000075995922,0.046799998730421066
YER011W,YGL130W,0,-2.0734158,0.03298969194293022,0.01600000075995922,0.04690000042319298
YBR228W,YHL047C,0,-2.0736744,0.03292180970311165,0.01600000075995922,0.04699999839067459
YHR013C,YHR039C-B,0,-2.075038,0.03285421058535576,0.01600000075995922,0.0471000000834465
YKL222C,YHR178W,0,-2.0753405,0.032786883413791656,0.01600000075995922,0.047200001776218414
YMR295C,YDR376W,0,-2.0753975,0.03271983563899994,0.01600000075995922,0.04729999974370003
YOR369C,YGR029W,0,-2.0755908,0.03265305981040001,0.01600000075995922,0.04740000143647194
YNL010W,YAL025C,0,-2.0755947,0.032586559653282166,0.01600000075995922,0.04749999940395355
YGL253W,YNL095C,0,-2.0759375,0.03252032399177551,0.01600000075995922,0.047600001096725464
YOR130C,YCL060C,0,-2.0765064,0.03245436027646065,0.01600000075995922,0.04769999906420708
YDR288W,YJR010W,0,-2.0765734,0.03238866478204727,0.01600000075995922,0.04780000075697899
YCR089W,YPR204W,0,-2.077895,0.03232323378324509,0.01600000075995922,0.0478999987244606
YNL046W,YPL218W,0,-2.0778978,0.032258063554763794,0.01600000075995922,0.04800000041723251
YDR018C,YGL249W,0,-2.0782962,0.03219315782189369,0.01600000075995922,0.04809999838471413
YML001W,YER138C,0,-2.078896,0.03212851285934448,0.01600000075995922,0.04820000007748604
YFL002W-A,YJL165C,0,-2.0789945,0.032064128667116165,0.01600000075995922,0.04830000177025795
YOR292C,YFR019W,0,-2.0791795,0.03200000151991844,0.01600000075995922,0.04839999973773956
YBR185C,YPL230W,0,-2.079668,0.031936127692461014,0.01600000075995922,0.048500001430511475
YLR439W,YOR304C-A,0,-2.079766,0.03187251091003418,0.01600000075995922,0.04859999939799309
YER054C,YOL077W-A,0,-2.0799406,0.03180914372205734,0.01600000075995922,0.048700001090765
YDR472W,YDR044W,0,-2.0800452,0.0317460335791111,0.01600000075995922,0.04879999905824661
YGR048W,YIL017W,1,-2.081341,0.03366336598992348,0.017000000923871994,0.04879999905824661
YBR160W,YNL092W,0,-2.081525,0.033596839755773544,0.017000000923871994,0.048900000751018524
YJR138W,YKL100C,0,-2.0816274,0.033530570566654205,0.017000000923871994,0.04899999871850014
YMR117C,YBL003C,0,-2.0820372,0.03346456587314606,0.017000000923871994,0.04910000041127205
YKL164C,YAR027W,0,-2.082093,0.0333988219499588,0.017000000923871994,0.04919999837875366
YNL008C,YDR118W,1,-2.0821319,0.03529411926865578,0.017999999225139618,0.04919999837875366
YLR130C,YKL097W-A,0,-2.0823424,0.035225048661231995,0.017999999225139618,0.049300000071525574
YNL284C,YMR122W-A,0,-2.0824153,0.03515625,0.017999999225139618,0.049400001764297485
YER091C,YGR106C,0,-2.082544,0.035087719559669495,0.017999999225139618,0.0494999997317791
YAR027W,YKL200C,0,-2.0830288,0.03501945361495018,0.017999999225139618,0.04960000142455101
YEL070W,YOR393W,0,-2.0831587,0.034951455891132355,0.017999999225139618,0.04969999939203262
YLR035C-A,YNL160W,0,-2.083299,0.03488372266292572,0.017999999225139618,0.049800001084804535
YKR081C,YDR158W,0,-2.083861,0.03481624647974968,0.017999999225139618,0.04989999905228615
YGL079W,YMR049C,0,-2.084305,0.03474903479218483,0.017999999225139618,0.05000000074505806
YBR235W,YGR006W,0,-2.0845735,0.034682080149650574,0.017999999225139618,0.05009999871253967
YCR087C-A,YMR293C,0,-2.084673,0.03461538627743721,0.017999999225139618,0.050200000405311584
YGR218W,YKL097W-A,0,-2.0850284,0.03454894572496414,0.017999999225139618,0.0502999983727932
YBL024W,YOL005C,0,-2.085449,0.03448275849223137,0.017999999225139618,0.05040000006556511
YJL012C-A,YPR184W,0,-2.08567,0.03441682457923889,0.017999999225139618,0.05050000175833702
YIL017W,YDR069C,1,-2.0860877,0.036259543150663376,0.01899999938905239,0.05050000175833702
YNL010W,YGR109C,0,-2.086702,0.03619047626852989,0.01899999938905239,0.050599999725818634
YBR019C,YGL157W,0,-2.0871835,0.0361216738820076,0.01899999938905239,0.050700001418590546
YJR053W,YDR324C,0,-2.087275,0.0360531322658062,0.01899999938905239,0.05079999938607216
YDL021W,YGL079W,0,-2.0878541,0.03598484769463539,0.01899999938905239,0.05090000107884407
YPL188W,YBR067C,0,-2.0878859,0.03591682389378548,0.01899999938905239,0.050999999046325684
YML046W,YCL003W,0,-2.0880191,0.035849057137966156,0.01899999938905239,0.051100000739097595
YBR012W-B,YAL025C,0,-2.088094,0.03578154370188713,0.01899999938905239,0.05119999870657921
YKR048C,YOR317W,0,-2.0883646,0.0357142873108387,0.01899999938905239,0.05130000039935112
YJL184W,YDR346C,0,-2.0885117,0.035647280514240265,0.01899999938905239,0.05139999836683273
YLR251W,YDR452W,0,-2.088587,0.03558052331209183,0.01899999938905239,0.051500000059604645
YNL189W,YCR102C,0,-2.0888686,0.035514019429683685,0.01899999938905239,0.051600001752376556
YOR063W,YDR184C,0,-2.08939,0.03544776141643524,0.01899999938905239,0.05169999971985817
YGR154C,YOR088W,0,-2.0898507,0.0353817492723465,0.01899999938905239,0.05180000141263008
YDL144C,YLR393W,0,-2.0898597,0.03531598672270775,0.01899999938905239,0.051899999380111694
YIL125W,YLR289W,0,-2.0898979,0.0352504625916481,0.01899999938905239,0.052000001072883606
YLR419W,YBR030W,0,-2.0900087,0.035185184329748154,0.01899999938905239,0.05209999904036522
YBL113C,YPL242C,0,-2.0901725,0.035120148211717606,0.01899999938905239,0.05220000073313713
YML123C,YDL127W,0,-2.0902953,0.03505535051226616,0.01899999938905239,0.052299998700618744
YGL136C,YER096W,0,-2.0909483,0.034990791231393814,0.01899999938905239,0.052400000393390656
YLR022C,YBR075W,0,-2.0913062,0.03492647036910057,0.01899999938905239,0.05249999836087227
YNR004W,YMR070W,0,-2.091552,0.03486238420009613,0.01899999938905239,0.05260000005364418
YLR221C,YHR045W,0,-2.09175,0.03479853644967079,0.01899999938905239,0.05270000174641609
YDR248C,YNL335W,0,-2.0918465,0.03473491594195366,0.01899999938905239,0.052799999713897705
YJL136C,YBR172C,0,-2.0920591,0.03467153385281563,0.01899999938905239,0.05290000140666962
YPL160W,YML037C,0,-2.092452,0.0346083790063858,0.01899999938905239,0.05299999937415123
YNL331C,YLR040C,0,-2.0925016,0.03454545512795448,0.01899999938905239,0.05310000106692314
YGR280C,YCR055C,0,-2.0925167,0.03448275849223137,0.01899999938905239,0.053199999034404755
YNL090W,YHR183W,0,-2.092529,0.03442028909921646,0.01899999938905239,0.053300000727176666
YPR041W,YPL066W,0,-2.0927198,0.03435804694890976,0.01899999938905239,0.05339999869465828
YPL108W,YPR043W,0,-2.0930037,0.034296028316020966,0.01899999938905239,0.05350000038743019
YGR113W,YML131W,0,-2.0932236,0.03423423320055008,0.01899999938905239,0.053599998354911804
YBR058C-A,YDR348C,0,-2.0933383,0.0341726616024971,0.01899999938905239,0.053700000047683716
YDR454C,YGR067C,0,-2.0934443,0.03411130979657173,0.01899999938905239,0.05380000174045563
YOR231W,YER137C,0,-2.0937045,0.03405017778277397,0.01899999938905239,0.05389999970793724
YHR181W,YLR312C-B,0,-2.0937505,0.03398926556110382,0.01899999938905239,0.05400000140070915
YDL109C,YJR139C,0,-2.0938952,0.03392857313156128,0.01899999938905239,0.054099999368190765
YGR118W,YIL079C,0,-2.0939057,0.03386809304356575,0.01899999938905239,0.05420000106096268
YGR295C,YOR088W,0,-2.0941799,0.03380782902240753,0.01899999938905239,0.05429999902844429
YFL035C,YDL143W,0,-2.094713,0.033747781068086624,0.01899999938905239,0.0544000007212162
YPL022W,YOR088W,0,-2.0951183,0.03368794173002243,0.01899999938905239,0.054499998688697815
YDL111C,YBR141C,0,-2.0951893,0.03362831845879555,0.01899999938905239,0.05460000038146973
YDR131C,YGL227W,1,-2.0952706,0.035335689783096313,0.019999999552965164,0.05460000038146973
YDR134C,YOR361C,0,-2.0954792,0.035273369401693344,0.019999999552965164,0.05469999834895134
YPL108W,YOR095C,0,-2.0955796,0.035211268812417984,0.019999999552965164,0.05480000004172325
YHR132C,YNL115C,0,-2.0962677,0.035149384289979935,0.019999999552965164,0.05490000173449516
YLR337W,YDR510W,0,-2.0964813,0.035087719559669495,0.019999999552965164,0.054999999701976776
YFL002C,YNL339C,0,-2.0972154,0.035026270896196365,0.019999999552965164,0.05510000139474869
YFL002W-A,YPR201W,0,-2.0972965,0.03496503457427025,0.019999999552965164,0.0551999993622303
YJR059W,YMR122W-A,0,-2.0977871,0.03490401431918144,0.019999999552965164,0.05530000105500221
YGL255W,YLR064W,0,-2.097854,0.03484320640563965,0.019999999552965164,0.055399999022483826
YOR190W,YMR045C,0,-2.098097,0.03478260710835457,0.019999999552965164,0.05550000071525574
YDL077C,YJR103W,0,-2.0982738,0.0347222238779068,0.019999999552965164,0.05559999868273735
YOL031C,YOR328W,0,-2.0984898,0.034662045538425446,0.019999999552965164,0.05570000037550926
YNR073C,YER054C,0,-2.0988653,0.034602075815200806,0.019999999552965164,0.055799998342990875
YML058W-A,YMR169C,0,-2.09898,0.03454231470823288,0.019999999552965164,0.05590000003576279
YGL220W,YCR055C,0,-2.099087,0.03448275849223137,0.019999999552965164,0.0560000017285347
YBR182C,YDR348C,0,-2.099863,0.034423407167196274,0.019999999552965164,0.05609999969601631
YGL048C,YGL017W,1,-2.0999262,0.036082472652196884,0.020999999716877937,0.05609999969601631
YGR186W,YER054C,0,-2.1001296,0.036020584404468536,0.020999999716877937,0.05620000138878822
YMR090W,YFR045W,0,-2.1002374,0.0359589047729969,0.020999999716877937,0.056299999356269836
YBR111W-A,YLR300W,0,-2.1002913,0.03589743748307228,0.020999999716877937,0.05640000104904175
YLR419W,YGL210W,0,-2.1008759,0.03583617880940437,0.020999999716877937,0.05649999901652336
YGR133W,YDL038C,0,-2.1010864,0.03577512875199318,0.020999999716877937,0.05660000070929527
YDR238C,YCL060C,0,-2.1011941,0.0357142873108387,0.020999999716877937,0.056699998676776886
YMR115W,YFR045W,0,-2.1012378,0.035653650760650635,0.020999999716877937,0.0568000003695488
YHR184W,YDR492W,0,-2.101353,0.035593219101428986,0.020999999716877937,0.05689999833703041
YBR214W,YOR381W,0,-2.101557,0.03553299605846405,0.020999999716877937,0.05700000002980232
YBL050W,YDL129W,0,-2.1022365,0.03547297418117523,0.020999999716877937,0.057100001722574234
YOL120C,YJL079C,0,-2.1028414,0.03541315346956253,0.020999999716877937,0.05719999969005585
YAL016W,YCL060C,0,-2.1028624,0.035353533923625946,0.020999999716877937,0.05730000138282776
YFR013W,YMR086W,0,-2.1032712,0.03529411926865578,0.020999999716877937,0.05739999935030937
YOR237W,YLL040C,0,-2.103395,0.03523489832878113,0.020999999716877937,0.057500001043081284
YHR128W,YBR175W,0,-2.1034088,0.035175878554582596,0.020999999716877937,0.0575999990105629
YPL150W,YLR440C,0,-2.103496,0.03511705622076988,0.020999999716877937,0.05770000070333481
YBR021W,YML033W,0,-2.1039736,0.03505843132734299,0.020999999716877937,0.05779999867081642
YDR131C,YFR052W,1,-2.1039896,0.036666665226221085,0.02199999988079071,0.05779999867081642
YNL281W,YCL060C,0,-2.104136,0.036605656147003174,0.02199999988079071,0.05790000036358833
YGL216W,YKL107W,0,-2.1042798,0.03654485195875168,0.02199999988079071,0.057999998331069946
YFL011W-A,YNL182C,0,-2.1043956,0.036484245210886,0.02199999988079071,0.05810000002384186
YBR239C,YGR251W,0,-2.104529,0.03642383962869644,0.02199999988079071,0.05820000171661377
YMR122W-A,YGL047W,0,-2.1046867,0.036363635212183,0.02199999988079071,0.05829999968409538
YNR073C,YCL061C,0,-2.105061,0.03630363196134567,0.02199999988079071,0.058400001376867294
YGR272C,YJL164C,0,-2.1054564,0.03624382242560387,0.02199999988079071,0.05849999934434891
YKL067W,YIR003W,0,-2.1061208,0.03618421033024788,0.02199999988079071,0.05860000103712082
YEL071W,YPR011C,0,-2.106219,0.03612479567527771,0.02199999988079071,0.05869999900460243
YDR038C,YCL062W,0,-2.1063013,0.03606557473540306,0.02199999988079071,0.058800000697374344
YOR371C,YCL060C,0,-2.1066725,0.03600654751062393,0.02199999988079071,0.05889999866485596
YKR087C,YIL017W,1,-2.1068797,0.03758170083165169,0.023000000044703484,0.05889999866485596
YBL052C,YER070W,0,-2.106887,0.0375203900039196,0.023000000044703484,0.05900000035762787
YDL132W,YAL058W,1,-2.1074617,0.03908794745802879,0.024000000208616257,0.05900000035762787
YMR184W,YDR306C,1,-2.1076188,0.04065040498971939,0.02500000037252903,0.05900000035762787
YOL101C,YLR305C,0,-2.1076999,0.040584415197372437,0.02500000037252903,0.05909999832510948
YNL258C,YDL144C,0,-2.1079125,0.040518637746572495,0.02500000037252903,0.05920000001788139
YBR075W,YHR107C,0,-2.1080413,0.040453072637319565,0.02500000037252903,0.059300001710653305
YOL060C,YPR204W,0,-2.108047,0.040387723594903946,0.02500000037252903,0.05939999967813492
YKR099C-A,YOL124C,0,-2.108084,0.04032257944345474,0.02500000037252903,0.05950000137090683
YKL199C,YDL079C,0,-2.1085355,0.04025764763355255,0.02500000037252903,0.05959999933838844
YOL127W,YDR299W,0,-2.1085677,0.040192924439907074,0.02500000037252903,0.059700001031160355
YOL120C,YOR088W,0,-2.108593,0.04012840986251831,0.02500000037252903,0.05979999899864197
YLR467W,YBR092C,0,-2.1095567,0.04006410390138626,0.02500000037252903,0.05990000069141388
YBL036C,YPR119W,0,-2.1096544,0.03999999910593033,0.02500000037252903,0.05999999865889549
YIL111W,YLR391W,0,-2.1097128,0.03993610292673111,0.02500000037252903,0.060100000351667404
YGL010W,YOL016C,0,-2.1097696,0.03987240791320801,0.02500000037252903,0.06019999831914902
YGL210W-A,YBR217W,0,-2.1102612,0.03980891779065132,0.02500000037252903,0.06030000001192093
YMR033W,YCR070W,0,-2.1110203,0.03974562883377075,0.02500000037252903,0.06040000170469284
YGR272C,YOL005C,0,-2.1112554,0.0396825410425663,0.02500000037252903,0.060499999672174454
YOR173W,YLR320W,0,-2.111269,0.039619650691747665,0.02500000037252903,0.060600001364946365
YLR035C-A,YBR186W,0,-2.1114461,0.03955696150660515,0.02500000037252903,0.06069999933242798
YLL062C,YMR319C,0,-2.1114948,0.03949446976184845,0.02500000037252903,0.06080000102519989
YGL210W-A,YBR167C,0,-2.111817,0.03943217545747757,0.02500000037252903,0.0608999989926815
YPL236C,YCL025C,0,-2.112023,0.03937007859349251,0.02500000037252903,0.061000000685453415
YGL065C,YOR285W,0,-2.1121619,0.039308175444602966,0.02500000037252903,0.06109999865293503
YDR017C,YOR088W,0,-2.1121745,0.039246466010808945,0.02500000037252903,0.06120000034570694
YDR131C,YPL065W,1,-2.1128762,0.0407523512840271,0.026000000536441803,0.06120000034570694
YNR001C,YIR014W,0,-2.1136305,0.04068857431411743,0.026000000536441803,0.06129999831318855
YOR215C,YKL053C-A,0,-2.11376,0.04062499850988388,0.026000000536441803,0.061400000005960464
YDL065C,YJL113W,0,-2.113878,0.04056162387132645,0.026000000536441803,0.061500001698732376
YLR014C,YGL009C,0,-2.1139557,0.04049844294786453,0.026000000536441803,0.06159999966621399
YDR170W-A,YDR170C,0,-2.1142626,0.04043545946478844,0.026000000536441803,0.0617000013589859
YCL026C-B,YML033W,0,-2.1143548,0.04037266969680786,0.026000000536441803,0.061799999326467514
YJL012C-A,YGR116W,0,-2.1148555,0.040310077369213104,0.026000000536441803,0.061900001019239426
YCR097WB,YGL244W,0,-2.1149743,0.04024767875671387,0.026000000536441803,0.06199999898672104
YDL067C,YOR214C,0,-2.115014,0.04018547013401985,0.026000000536441803,0.06210000067949295
YFL002W-A,YER140W,0,-2.1156485,0.040123455226421356,0.026000000536441803,0.062199998646974564
YCR097WB,YJL004C,0,-2.1156902,0.04006163403391838,0.026000000536441803,0.062300000339746475
YIR039C,YLR370C,0,-2.1157756,0.03999999910593033,0.026000000536441803,0.06239999830722809
YER104W,YDR018C,0,-2.1167667,0.039938557893037796,0.026000000536441803,0.0625
YLR191W,YHL044W,0,-2.1169524,0.03987729921936989,0.026000000536441803,0.06260000169277191
YEL013W,YHR039C-B,0,-2.1170826,0.0398162342607975,0.026000000536441803,0.06270000338554382
YCL027C-A,YMR169C,0,-2.1171029,0.03975535184144974,0.026000000536441803,0.06279999762773514
YBR161W,YGR251W,0,-2.1172528,0.0396946556866169,0.026000000536441803,0.06289999932050705
YJL012C-A,YKR099C-A,0,-2.1176152,0.03963414579629898,0.026000000536441803,0.06300000101327896
YDR158W,YOR116C,0,-2.117866,0.03957382217049599,0.026000000536441803,0.06310000270605087
YPR132W,YDR170W-A,0,-2.1178868,0.03951367735862732,0.026000000536441803,0.06319999694824219
YBR075W,YER164W,0,-2.1179407,0.039453718811273575,0.026000000536441803,0.0632999986410141
YFL010W-A,YOR340C,0,-2.117964,0.039393939077854156,0.026000000536441803,0.06340000033378601
YKR046C,YKL199C,0,-2.1184504,0.03933434188365936,0.026000000536441803,0.06350000202655792
YBR073W,YGL128C,0,-2.1185443,0.039274923503398895,0.026000000536441803,0.06360000371932983
YML033W,YER007W,0,-2.118607,0.03921568766236305,0.026000000536441803,0.06369999796152115
YLR427W,YLR408C,0,-2.118608,0.03915662690997124,0.026000000536441803,0.06379999965429306
YPL236C,YDR032C,0,-2.118665,0.03909774497151375,0.026000000536441803,0.06390000134706497
YJL207C,YMR229C,0,-2.1189067,0.03903903812170029,0.026000000536441803,0.06400000303983688
YKL199C,YDL239C,0,-2.1189237,0.03898051008582115,0.026000000536441803,0.0640999972820282
YKL171W,YKR019C,0,-2.1196747,0.038922157138586044,0.026000000536441803,0.06419999897480011
YGL251C,YKL097W-A,0,-2.119798,0.038863975554704666,0.026000000536441803,0.06430000066757202
YMR184W,YIL017W,1,-2.120266,0.04029850661754608,0.027000000700354576,0.06430000066757202
YPL053C,YCL062W,0,-2.1203084,0.04023845121264458,0.027000000700354576,0.06440000236034393
YCR037C,YDR020C,0,-2.120315,0.0401785708963871,0.027000000700354576,0.06449999660253525
YLR270W,YFR046C,0,-2.1204767,0.04011886939406395,0.027000000700354576,0.06459999829530716
YBR159W,YCL027C-A,0,-2.120649,0.040059346705675125,0.027000000700354576,0.06469999998807907
YLR408C,YGL123W,0,-2.1213636,0.03999999910593033,0.027000000700354576,0.06480000168085098
YJL079C,YLR353W,0,-2.1214826,0.03994082659482956,0.027000000700354576,0.0649000033736229
YKR081C,YJR015W,0,-2.1214983,0.039881832897663116,0.027000000700354576,0.06499999761581421
YMR036C,YJL144W,0,-2.1217153,0.0398230105638504,0.027000000700354576,0.06509999930858612
YBR059C,YHR094C,0,-2.122,0.03976435959339142,0.027000000700354576,0.06520000100135803
YGL183C,YCL062W,0,-2.122224,0.03970588371157646,0.027000000700354576,0.06530000269412994
YLR391W,YDR237W,0,-2.1224694,0.039647575467824936,0.027000000700354576,0.06539999693632126
YLR154W-A,YNL087W,0,-2.1226737,0.03958944231271744,0.027000000700354576,0.06549999862909317
YBR075W,YMR290C,0,-2.1234434,0.03953148052096367,0.027000000700354576,0.06560000032186508
YKL154W,YDL038C,0,-2.123458,0.03947368264198303,0.027000000700354576,0.065700002014637
YJL018W,YER068W,0,-2.1234922,0.03941605985164642,0.027000000700354576,0.0658000037074089
YJR015W,YHR081W,0,-2.1238353,0.03935860097408295,0.027000000700354576,0.06589999794960022
YNR021W,YHR042W,0,-2.1238868,0.0393013097345829,0.027000000700354576,0.06599999964237213
YLR145W,YKL200C,0,-2.1240098,0.039244186133146286,0.027000000700354576,0.06610000133514404
YML033W,YBR160W,0,-2.1246035,0.0391872264444828,0.027000000700354576,0.06620000302791595
YPR137W,YCL060C,0,-2.1247709,0.03913043439388275,0.027000000700354576,0.06629999727010727
YGL055W,YBR267W,0,-2.125016,0.03907380625605583,0.027000000700354576,0.06639999896287918
YFL002W-A,YKL178C,0,-2.1250763,0.039017342031002045,0.027000000700354576,0.06650000065565109
YJL062W-A,YHR141C,0,-2.1251695,0.03896103799343109,0.027000000700354576,0.066600002348423
YCL027C-A,YLR045C,0,-2.1253262,0.03890489786863327,0.027000000700354576,0.06669999659061432
YKL158W,YKR002W,0,-2.1253312,0.03884892165660858,0.027000000700354576,0.06679999828338623
YNL146W,YBR129C,0,-2.1256847,0.03879310190677643,0.027000000700354576,0.06689999997615814
YKL206C,YIL017W,1,-2.126085,0.040172167122364044,0.02800000086426735,0.06689999997615814
YGR058W,YOR088W,0,-2.1260972,0.04011461138725281,0.02800000086426735,0.06700000166893005
YPL188W,YBR287W,0,-2.1261387,0.040057223290205,0.02800000086426735,0.06710000336170197
YNL304W,YHR039C-B,0,-2.1261442,0.03999999910593033,0.02800000086426735,0.06719999760389328
YMR119W,YIL017W,1,-2.1262112,0.041369471698999405,0.028999999165534973,0.06719999760389328
YLL023C,YBR120C,0,-2.12647,0.041310541331768036,0.028999999165534973,0.06729999929666519
YAR066W,YJR126C,0,-2.126484,0.0412517786026001,0.028999999165534973,0.0674000009894371
YJL018W,YGL256W,0,-2.126585,0.04119318351149559,0.028999999165534973,0.06750000268220901
YLR433C,YLR073C,0,-2.1267016,0.041134752333164215,0.028999999165534973,0.06759999692440033
YLL050C,YBR139W,0,-2.1267495,0.04107648879289627,0.028999999165534973,0.06769999861717224
YBL084C,YIL017W,1,-2.1268792,0.042432814836502075,0.029999999329447746,0.06769999861717224
YFL053W,YLR157C-B,0,-2.1269333,0.04237288236618042,0.029999999329447746,0.06780000030994415
YLR153C,YGR031C-A,0,-2.1269853,0.042313117533922195,0.029999999329447746,0.06790000200271606
YDR131C,YDR394W,1,-2.127072,0.043661970645189285,0.03099999949336052,0.06790000200271606
YJL060W,YMR210W,0,-2.127134,0.04360056295990944,0.03099999949336052,0.06800000369548798
YDL141W,YHR092C,0,-2.1272821,0.04353932663798332,0.03099999949336052,0.06809999793767929
YFL035C,YDL059C,0,-2.1273866,0.043478261679410934,0.03099999949336052,0.0681999996304512
YCL057W,YHR039C-B,0,-2.1275105,0.043417368084192276,0.03099999949336052,0.06830000132322311
YHR072W-A,YER087W,0,-2.127901,0.04335664212703705,0.03099999949336052,0.06840000301599503
YNL002C,YJR031C,0,-2.1279848,0.04329608753323555,0.03099999949336052,0.06849999725818634
YGL106W,YER078C,0,-2.1280012,0.04323570430278778,0.03099999949336052,0.06859999895095825
YKL071W,YIL171W,0,-2.1280227,0.04317548871040344,0.03099999949336052,0.06870000064373016
YMR139W,YAR044W,0,-2.128151,0.043115437030792236,0.03099999949336052,0.06880000233650208
YLR035C-A,YKL163W,0,-2.1281965,0.04305555671453476,0.03099999949336052,0.06889999657869339
YMR182C,YCR080W,0,-2.128229,0.042995840311050415,0.03099999949336052,0.0689999982714653
YDR279W,YIL091C,0,-2.1283925,0.0429362878203392,0.03099999949336052,0.06909999996423721
YNR018W,YFR021W,0,-2.1284685,0.04287690296769142,0.03099999949336052,0.06920000165700912
YGR071C,YKL200C,0,-2.1286054,0.042817678302526474,0.03099999949336052,0.06930000334978104
YJR026W,YNL072W,0,-2.1289616,0.04275862127542496,0.03099999949336052,0.06939999759197235
YPR030W,YPR137C-B,0,-2.1289978,0.042699724435806274,0.03099999949336052,0.06949999928474426
YBR075W,YIL020C,0,-2.1290228,0.042640991508960724,0.03099999949336052,0.06960000097751617
YML029W,YIL017W,1,-2.1290565,0.04395604506134987,0.03200000151991844,0.06960000097751617
YDR153C,YOR088W,0,-2.1291168,0.043895747512578964,0.03200000151991844,0.06970000267028809
YCL027C-A,YPR192W,0,-2.129243,0.04383561760187149,0.03200000151991844,0.0697999969124794
YML038C,YKL163W,0,-2.1292605,0.04377565160393715,0.03200000151991844,0.06989999860525131
YLR225C,YDL021W,0,-2.1293824,0.04371584579348564,0.03200000151991844,0.07000000029802322
YPL027W,YDR294C,0,-2.129498,0.043656207621097565,0.03200000151991844,0.07010000199079514
YLR391W,YDL200C,0,-2.1297033,0.04359672963619232,0.03200000151991844,0.07020000368356705
YDR371W,YDR034C-D,0,-2.1298187,0.04353741556406021,0.03200000151991844,0.07029999792575836
YMR086W,YKL097W-A,0,-2.1298623,0.043478261679410934,0.03200000151991844,0.07039999961853027
YCL060C,YFR001W,0,-2.1299703,0.04341926798224449,0.03200000151991844,0.07050000131130219
YOR343W-B,YJL041W,0,-2.130079,0.04336043447256088,0.03200000151991844,0.0706000030040741
YNL206C,YGR027W-B,0,-2.1302176,0.04330175742506981,0.03200000151991844,0.07069999724626541
YGL002W,YCL060C,0,-2.130254,0.04324324429035187,0.03200000151991844,0.07079999893903732
YGR109W-B,YJL011C,0,-2.1303496,0.04318488389253616,0.03200000151991844,0.07090000063180923
YGL158W,YDL025C,0,-2.1304085,0.04312668368220329,0.03200000151991844,0.07100000232458115
YJL062W-A,YDL115C,0,-2.130586,0.04306863993406296,0.03200000151991844,0.07109999656677246
YFL035C,YML081C-A,0,-2.1306412,0.04301075264811516,0.03200000151991844,0.07119999825954437
YGL237C,YOR343W-A,0,-2.1306436,0.042953021824359894,0.03200000151991844,0.07129999995231628
YBR288C,YLR256W-A,0,-2.130711,0.042895443737506866,0.03200000151991844,0.0714000016450882
YER146W,YDL038C,0,-2.1307132,0.042838018387556076,0.03200000151991844,0.07150000333786011
YLR301W,YNL256W,0,-2.1307623,0.04278074949979782,0.03200000151991844,0.07159999758005142
YDR170W-A,YLR410W-A,0,-2.1307688,0.0427236333489418,0.03200000151991844,0.07169999927282333
YDR261W-B,YJR010W,0,-2.1308904,0.04266666620969772,0.03200000151991844,0.07180000096559525
YGR038C-B,YOR106W,0,-2.1309206,0.04260985180735588,0.03200000151991844,0.07190000265836716
YER141W,YNL058C,0,-2.1309884,0.042553190141916275,0.03200000151991844,0.07199999690055847
YOR274W,YOR142W-B,0,-2.1310694,0.042496681213378906,0.03200000151991844,0.07209999859333038
YHR115C,YOR142W-B,0,-2.1311507,0.04244031757116318,0.03200000151991844,0.0722000002861023
YGR027W-A,YNL124W,0,-2.1315157,0.042384106665849686,0.03200000151991844,0.0723000019788742
YOR142W-A,YLR414C,0,-2.131624,0.042328041046857834,0.03200000151991844,0.07240000367164612
YCL060C,YNL009W,0,-2.1316812,0.04227212816476822,0.03200000151991844,0.07249999791383743
YAL038W,YPR137C-A,0,-2.1317353,0.042216360569000244,0.03200000151991844,0.07259999960660934
YOR343W-B,YGR256W,0,-2.131847,0.04216073825955391,0.03200000151991844,0.07270000129938126
YDL215C,YGR161W-B,0,-2.1318638,0.04210526496171951,0.03200000151991844,0.07280000299215317
YDR131C,YBL058W,1,-2.1318808,0.04336399585008621,0.032999999821186066,0.07280000299215317
YOR343W-A,YOR313C,0,-2.131901,0.04330708831548691,0.032999999821186066,0.07289999723434448
YPR137C-A,YOL080C,0,-2.1319146,0.043250326067209244,0.032999999821186066,0.0729999989271164
YLR227W-B,YMR271C,0,-2.1319282,0.043193716555833817,0.032999999821186066,0.0731000006198883
YFL041W,YGR038C-A,0,-2.1319518,0.04313725605607033,0.032999999821186066,0.07320000231266022
YGR038C-B,YOR033C,0,-2.131999,0.04308094084262848,0.032999999821186066,0.07329999655485153
YHR196W,YLR227W-B,0,-2.1321545,0.04302477091550827,0.032999999821186066,0.07339999824762344
YAR010C,YDL021W,0,-2.1321614,0.04296875,0.032999999821186066,0.07349999994039536
YGR095C,YHL009W-B,0,-2.1321614,0.04291287437081337,0.032999999821186066,0.07360000163316727
YML063W,YDR248C,0,-2.132198,0.04285714402794838,0.032999999821186066,0.07370000332593918
YPL255W,YDR196C,0,-2.1322017,0.04280155524611473,0.032999999821186066,0.0737999975681305
YLL039C,YDL054C,0,-2.132293,0.04274611547589302,0.032999999821186066,0.0738999992609024
YLR154W-A,YOL033W,0,-2.1323333,0.042690813541412354,0.032999999821186066,0.07400000095367432
YOR343W-B,YBR216C,0,-2.1323776,0.042635660618543625,0.032999999821186066,0.07410000264644623
YFL004W,YOR369C,0,-2.1325157,0.04258064553141594,0.032999999821186066,0.07419999688863754
YGL216W,YGR038C-B,0,-2.132567,0.042525772005319595,0.032999999821186066,0.07429999858140945
YBR278W,YDR342C,0,-2.1326013,0.04247104376554489,0.032999999821186066,0.07440000027418137
YKL199C,YLR003C,0,-2.1326423,0.04241645336151123,0.032999999821186066,0.07450000196695328
YNL054W-B,YPL192C,0,-2.132736,0.04236200079321861,0.032999999821186066,0.07460000365972519
YNL054W-B,YGR109W-B,0,-2.1327798,0.042307693511247635,0.032999999821186066,0.0746999979019165
YOR343W-A,YDL168W,0,-2.1328237,0.0422535203397274,0.032999999821186066,0.07479999959468842
YPL257W-B,YPR160W,0,-2.1328273,0.04219948872923851,0.032999999821186066,0.07490000128746033
YKL173W,YDR034C-C,0,-2.1328406,0.04214559495449066,0.032999999821186066,0.07500000298023224
YHR216W,YLR256W-A,0,-2.1329184,0.04209183529019356,0.032999999821186066,0.07509999722242355
YCR042C,YPL060C-A,0,-2.1329253,0.042038217186927795,0.032999999821186066,0.07519999891519547
YDR210W-A,YOL066C,0,-2.1329591,0.04198473319411278,0.032999999821186066,0.07530000060796738
YOL070C,YDR210W-A,0,-2.132976,0.041931383311748505,0.032999999821186066,0.07540000230073929
YLR050C,YHL009W-B,0,-2.1329927,0.041878171265125275,0.032999999821186066,0.0754999965429306
YML052W,YER137C-A,0,-2.1330385,0.04182509332895279,0.032999999821186066,0.07559999823570251
YNR032W,YFL002W-B,0,-2.1330452,0.04177215322852135,0.032999999821186066,0.07569999992847443
YOR192C-B,YBR186W,0,-2.1330504,0.04171934351325035,0.032999999821186066,0.07580000162124634
YMR246W,YLR410W-B,0,-2.133145,0.0416666679084301,0.032999999821186066,0.07590000331401825
YDR034C-D,YIR014W,0,-2.1332667,0.041614122688770294,0.032999999821186066,0.07599999755620956
YER151C,YDR261C-C,0,-2.133309,0.041561711579561234,0.032999999821186066,0.07609999924898148
YKL186C,YDR210W-B,0,-2.1333766,0.04150943458080292,0.032999999821186066,0.07620000094175339
YGR161W-B,YMR200W,0,-2.1333916,0.04145728796720505,0.032999999821186066,0.0763000026345253
YDR159W,YPR137C-B,0,-2.1334102,0.041405268013477325,0.032999999821186066,0.07639999687671661
YCR083W,YDR365W-B,0,-2.1334155,0.04135338217020035,0.032999999821186066,0.07649999856948853
YJR029W,YHL009W-B,0,-2.1335151,0.041301626712083817,0.032999999821186066,0.07660000026226044
YBR075W,YNL135C,0,-2.133682,0.04125000163912773,0.032999999821186066,0.07670000195503235
YGR038C-A,YOL086C,0,-2.1337128,0.041198503226041794,0.032999999821186066,0.07680000364780426
YGR161W-B,YJL082W,0,-2.1338885,0.041147131472826004,0.032999999821186066,0.07689999788999557
YDR261W-A,YLR126C,0,-2.1339934,0.04109589010477066,0.032999999821186066,0.07699999958276749
YDR316W-A,YBR287W,0,-2.134007,0.041044775396585464,0.032999999821186066,0.0771000012755394
YPL227C,YLR256W-A,0,-2.1341033,0.040993787348270416,0.032999999821186066,0.07720000296831131
YDR261C-C,YLR178C,0,-2.1342096,0.040942929685115814,0.032999999821186066,0.07729999721050262
YNL052W,YLR157C-B,0,-2.134284,0.04089219495654106,0.032999999821186066,0.07739999890327454
YDR210C-C,YJL108C,0,-2.1342857,0.04084158316254616,0.032999999821186066,0.07750000059604645
YNL299W,YGR027W-A,0,-2.1343043,0.0407911017537117,0.032999999821186066,0.07760000228881836
YOR215C,YHR001W,0,-2.1343164,0.040740739554166794,0.032999999821186066,0.07769999653100967
YDR210W-B,YKL061W,0,-2.134355,0.040690504014492035,0.032999999821186066,0.07779999822378159
YDR210W-A,YBR234C,0,-2.1343787,0.040640395134687424,0.032999999821186066,0.0778999999165535
YHR062C,YGR161C-C,0,-2.1343906,0.04059040546417236,0.032999999821186066,0.07800000160932541
YHR007C,YBR084W,0,-2.1344306,0.04054053872823715,0.032999999821186066,0.07810000330209732
YJL138C,YAR044W,0,-2.134448,0.04049079865217209,0.032999999821186066,0.07819999754428864
YLR154C,YNL054W-B,0,-2.1344514,0.040441177785396576,0.032999999821186066,0.07829999923706055
YJL138C,YPL060C-A,0,-2.1344717,0.040391676127910614,0.032999999821186066,0.07840000092983246
YLL033W,YER137C-A,0,-2.1345494,0.0403422974050045,0.032999999821186066,0.07850000262260437
YLR376C,YOR192C-B,0,-2.134551,0.04029304161667824,0.032999999821186066,0.07859999686479568
YDR034C-D,YOR145C,0,-2.134568,0.04024390131235123,0.032999999821186066,0.0786999985575676
YGR288W,YDL206W,0,-2.134638,0.040194883942604065,0.032999999821186066,0.07880000025033951
YGR054W,YHR007C,0,-2.1346428,0.040145985782146454,0.032999999821186066,0.07890000194311142
YFL034C-A,YGR031C-A,0,-2.1347325,0.040097206830978394,0.032999999821186066,0.07900000363588333
YOR142W-A,YPL265W,0,-2.1347446,0.040048543363809586,0.032999999821186066,0.07909999787807465
YMR088C,YDR365W-B,0,-2.134754,0.03999999910593033,0.032999999821186066,0.07919999957084656
YEL059C-A,YDR034C-D,0,-2.1347632,0.03995157405734062,0.032999999821186066,0.07930000126361847
YOL094C,YLR256W-A,0,-2.1347759,0.03990326449275017,0.032999999821186066,0.07940000295639038
YPL240C,YDR216W,0,-2.1348054,0.039855074137449265,0.032999999821186066,0.0794999971985817
YDR214W,YGR031C-A,0,-2.1348555,0.039806995540857315,0.032999999821186066,0.07959999889135361
YGR038C-B,YKL100C,0,-2.1348875,0.039759036153554916,0.032999999821186066,0.07970000058412552
YGR285C,YPR158W-A,0,-2.1348968,0.03971119225025177,0.032999999821186066,0.07980000227689743
YDR034C-D,YOR188W,0,-2.134901,0.03966346010565758,0.032999999821186066,0.07989999651908875
YDR022C,YPL060C-A,0,-2.1350489,0.039615847170352936,0.032999999821186066,0.07999999821186066
YIL004C,YPR158C-C,0,-2.1351097,0.03956834599375725,0.032999999821186066,0.08009999990463257
YDR210W-A,YFR051C,0,-2.1351283,0.039520956575870514,0.032999999821186066,0.08020000159740448
YGR038C-A,YDR410C,0,-2.1351492,0.03947368264198303,0.032999999821186066,0.08030000329017639
YER003C,YDR261W-A,0,-2.1351519,0.0394265241920948,0.032999999821186066,0.0803999975323677
YKL217W,YER137C-A,0,-2.1351933,0.03937947377562523,0.032999999821186066,0.08049999922513962
YKL042W,YPL060C-A,0,-2.1352196,0.03933253884315491,0.032999999821186066,0.08060000091791153
YOR142W-A,YCL030C,0,-2.135265,0.03928571566939354,0.032999999821186066,0.08070000261068344
YJL209W,YGR109W-B,0,-2.1352813,0.03923900052905083,0.032999999821186066,0.08079999685287476
YDR034C-D,YLR089C,0,-2.135294,0.03919240087270737,0.032999999821186066,0.08089999854564667
YOR142W-A,YNR035C,0,-2.1353564,0.03914590924978256,0.032999999821186066,0.08100000023841858
YDR034C-D,YPR178W,0,-2.1353674,0.03909952566027641,0.032999999821186066,0.08110000193119049
YOR324C,YDR034C-D,0,-2.1354163,0.03905325382947922,0.032999999821186066,0.0812000036239624
YDR210W-A,YGL136C,0,-2.1354282,0.039007093757390976,0.032999999821186066,0.08129999786615372
YDR261W-B,YPR011C,0,-2.13544,0.03896103799343109,0.032999999821186066,0.08139999955892563
YGR161W-B,YDL246C,0,-2.1354706,0.03891509398818016,0.032999999821186066,0.08150000125169754
YDR034C-D,YDR487C,0,-2.1354833,0.038869258016347885,0.032999999821186066,0.08160000294446945
YGL136C,YER137C-A,0,-2.1355045,0.038823530077934265,0.032999999821186066,0.08169999718666077
YDR210W-B,YDL077C,0,-2.135538,0.0387779101729393,0.032999999821186066,0.08179999887943268
YDR261C-D,YKL092C,0,-2.135605,0.03873239457607269,0.032999999821186066,0.08190000057220459
YPL060C-A,YCL032W,0,-2.1356518,0.03868698701262474,0.032999999821186066,0.0820000022649765
YKL199C,YFR013W,0,-2.13566,0.038641687482595444,0.032999999821186066,0.08209999650716782
YOR321W,YLR157C-B,0,-2.1357236,0.038596492260694504,0.032999999821186066,0.08219999819993973
YPL257W-A,YDL044C,0,-2.1358478,0.03855140134692192,0.032999999821186066,0.08229999989271164
YJL093C,YDR210W-A,0,-2.1358883,0.03850641846656799,0.032999999821186066,0.08240000158548355
YDR210W-A,YDL044C,0,-2.135902,0.03846153989434242,0.032999999821186066,0.08250000327825546
YNL239W,YOL103W-B,0,-2.135964,0.03841676190495491,0.032999999821186066,0.08259999752044678
YJR129C,YNL054W-B,0,-2.1359818,0.03837209194898605,0.032999999821186066,0.08269999921321869
YGR161W-B,YOL091W,0,-2.1360307,0.038327526301145554,0.032999999821186066,0.0828000009059906
YER106W,YER137C-A,0,-2.1360521,0.03828306123614311,0.032999999821186066,0.08290000259876251
YLR071C,YER159C-A,0,-2.1360562,0.03823870047926903,0.032999999821186066,0.08299999684095383
YHL009W-B,YMR241W,0,-2.1360855,0.0381944440305233,0.032999999821186066,0.08309999853372574
YKL183W,YER137C-A,0,-2.1361196,0.03815028816461563,0.032999999821186066,0.08320000022649765
YPL098C,YPL257W-A,0,-2.136153,0.03810623660683632,0.032999999821186066,0.08330000191926956
YDR261C-C,YHL019C,0,-2.136157,0.03806228190660477,0.032999999821186066,0.08340000361204147
YGR161C-C,YDR444W,0,-2.136177,0.03801843151450157,0.032999999821186066,0.08349999785423279
YDR261C-C,YKL086W,0,-2.1362822,0.037974681705236435,0.032999999821186066,0.0835999995470047
YJL125C,YLR256W-A,0,-2.1363075,0.037931036204099655,0.032999999821186066,0.08370000123977661
YDR210W-A,YIL076W,0,-2.136318,0.03788748383522034,0.032999999821186066,0.08380000293254852
YOL102C,YGR031C-A,0,-2.13645,0.037844035774469376,0.032999999821186066,0.08389999717473984
YBL052C,YNL284C-A,0,-2.1364644,0.03780068829655647,0.032999999821186066,0.08399999886751175
YBL008W-A,YDR218C,0,-2.1364644,0.03775743767619133,0.032999999821186066,0.08410000056028366
YPR171W,YBL101W-A,0,-2.1364644,0.03771428391337395,0.032999999821186066,0.08420000225305557
YDR210W-D,YOR323C,0,-2.1364644,0.03767123445868492,0.032999999821186066,0.08429999649524689
YJL018W,YMR045C,0,-2.1364644,0.03762827813625336,0.032999999821186066,0.0843999981880188
YAR070W-A,YOR285W,0,-2.1364644,0.03758542239665985,0.032999999821186066,0.08449999988079071
YDR381C-A,YER086W,0,-2.1364644,0.037542663514614105,0.032999999821186066,0.08460000157356262
YCL048W-A,YCL047C,0,-2.1364644,0.03750000149011612,0.032999999821186066,0.08470000326633453
YGR194C,YLR157C-A,0,-2.1364644,0.037457436323165894,0.032999999821186066,0.08479999750852585
YBL101W-B,YPL101W,0,-2.1364644,0.03741496428847313,0.032999999821186066,0.08489999920129776
YDR210W-D,YJR138W,0,-2.1364644,0.03737259283661842,0.032999999821186066,0.08500000089406967
YGR277C,YHL009W-A,0,-2.1364644,0.03733031824231148,0.032999999821186066,0.08510000258684158
YLR251W,YBL008W-A,0,-2.1364644,0.03728813678026199,0.032999999821186066,0.0851999968290329
YFL029C,YPR137C-B,0,-2.1364644,0.03724604845046997,0.032999999821186066,0.08529999852180481
YGL258W-A,YLR034C,0,-2.1364644,0.03720405697822571,0.032999999821186066,0.08540000021457672
YJR107W,YKL200C,0,-2.1364644,0.037162162363529205,0.032999999821186066,0.08550000190734863
YGL046W,YOL057W,0,-2.1364644,0.037120360881090164,0.032999999821186066,0.08560000360012054
YDR014W-A,YDR113C,0,-2.1364644,0.037078652530908585,0.032999999821186066,0.08569999784231186
YBL101W-B,YPL172C,0,-2.1364644,0.03703703731298447,0.032999999821186066,0.08579999953508377
YFL048C,YHL009W-A,0,-2.1364644,0.03699551522731781,0.032999999821186066,0.08590000122785568
YBL008W-A,YGL251C,0,-2.1364644,0.036954086273908615,0.032999999821186066,0.0860000029206276
YLR238W,YBL008W-A,0,-2.1364644,0.03691275045275688,0.032999999821186066,0.08609999716281891
YDR210W-D,YNL293W,0,-2.1364644,0.03687150776386261,0.032999999821186066,0.08619999885559082
YJR007W,YHL009W-A,0,-2.1364644,0.0368303582072258,0.032999999821186066,0.08630000054836273
YLR133W,YBL029C-A,0,-2.1364644,0.03678929805755615,0.032999999821186066,0.08640000224113464
YLR301W,YHR214W-G,0,-2.1364644,0.03674833104014397,0.032999999821186066,0.08649999648332596
YDR210W-D,YJL006C,0,-2.1364644,0.036707453429698944,0.032999999821186066,0.08659999817609787
YCR042C,YHR214W-G,0,-2.1364644,0.036666665226221085,0.032999999821186066,0.08669999986886978
YOR343C-B,YOL039W,0,-2.1364644,0.03662597015500069,0.032999999821186066,0.0868000015616417
YNL275W,YHL009W-A,0,-2.1364644,0.03658536449074745,0.032999999821186066,0.0869000032544136
YHR214W-G,YBR228W,0,-2.1364644,0.03654485195875168,0.032999999821186066,0.08699999749660492
YCL048W-A,YFR003C,0,-2.1364644,0.03650442510843277,0.032999999821186066,0.08709999918937683
YHR214W-G,YPR158C-D,0,-2.1364644,0.036464087665081024,0.032999999821186066,0.08720000088214874
YEL047C,YCR070W,0,-2.1364644,0.03642383962869644,0.032999999821186066,0.08730000257492065
YDR316W-A,YIL159W,0,-2.1364644,0.03638368099927902,0.032999999821186066,0.08739999681711197
YHR084W,YAR070W-A,0,-2.1364644,0.036343611776828766,0.032999999821186066,0.08749999850988388
YAL038W,YBL101W-A,0,-2.1364644,0.03630363196134567,0.032999999821186066,0.08760000020265579
YLR035C,YBL101W-A,0,-2.1364644,0.036263737827539444,0.032999999821186066,0.0877000018954277
YCR028C-A,YCL048W-A,0,-2.1364644,0.03622392937541008,0.032999999821186066,0.08780000358819962
YKR069W,YNL024C-A,0,-2.1364644,0.03618421033024788,0.032999999821186066,0.08789999783039093
YDR014W-A,YJL137C,0,-2.1364644,0.03614457696676254,0.032999999821186066,0.08799999952316284
YGL258W-A,YKL049C,0,-2.1364644,0.03610503301024437,0.032999999821186066,0.08810000121593475
YOL158C,YOR142W-B,0,-2.1364644,0.03606557473540306,0.032999999821186066,0.08820000290870667
YHR214W-G,YGR072W,0,-2.1364644,0.03602620214223862,0.032999999821186066,0.08829999715089798
YML045W-A,YNL261W,0,-2.1364644,0.03598691523075104,0.032999999821186066,0.08839999884366989
YEL020C,YDR014W-A,0,-2.1364644,0.03594771400094032,0.032999999821186066,0.0885000005364418
YMR268W-A,YBR012W-A,0,-2.1364644,0.035908594727516174,0.032999999821186066,0.08860000222921371
YDR210W-D,YBL037W,0,-2.1364644,0.03586956486105919,0.032999999821186066,0.08869999647140503
YGR225W,YHL009W-A,0,-2.1364644,0.03583062067627907,0.032999999821186066,0.08879999816417694
YDR210W-D,YAL043C,0,-2.1364644,0.03579175844788551,0.032999999821186066,0.08889999985694885
YLR410W-A,YHL009W-A,0,-2.1364644,0.035752978175878525,0.032999999821186066,0.08900000154972076
YNL264C,YBL029C-A,0,-2.1364644,0.0357142873108387,0.032999999821186066,0.08910000324249268
YLR157C-A,YJL081C,0,-2.1364644,0.03567567467689514,0.032999999821186066,0.08919999748468399
YCR080W,YPR158C-C,0,-2.1364644,0.03563714772462845,0.032999999821186066,0.0892999991774559
YLR157C-A,YFL016C,0,-2.1364644,0.03559870645403862,0.032999999821186066,0.08940000087022781
YNL284C-A,YHR211W,0,-2.1364644,0.03556034341454506,0.032999999821186066,0.08950000256299973
YML045W-A,YOR361C,0,-2.1364644,0.03552206605672836,0.032999999821186066,0.08959999680519104
YDR096W,YAR070W-A,0,-2.1364644,0.03548387065529823,0.032999999821186066,0.08969999849796295
YJL178C,YDR381C-A,0,-2.1364644,0.03544575721025467,0.032999999821186066,0.08980000019073486
YDR131C,YIL017W,1,-2.1364644,0.03648068755865097,0.03400000184774399,0.08980000019073486
YDR262W,YCR070W,0,-2.1364644,0.036441586911678314,0.03400000184774399,0.08990000188350677
YGL258W-A,YLR178C,0,-2.1364644,0.036402568221092224,0.03400000184774399,0.09000000357627869
YOR192C-B,YGR272C,0,-2.1364644,0.036363635212183,0.03400000184774399,0.09009999781847
YNL284C-A,YCL003W,0,-2.1364644,0.03632478788495064,0.03400000184774399,0.09019999951124191
YMR244C-A,YOR088W,0,-2.1364644,0.036286018788814545,0.03400000184774399,0.09030000120401382
YDR116C,YDR381C-A,0,-2.1364644,0.036247335374355316,0.03400000184774399,0.09040000289678574
YOR375C,YAR070W-A,0,-2.1364644,0.036208733916282654,0.03400000184774399,0.09049999713897705
YML045W-A,YEL064C,0,-2.1364644,0.03617021441459656,0.03400000184774399,0.09059999883174896
YIL172C,YCL057C-A,0,-2.1364644,0.03613177314400673,0.03400000184774399,0.09070000052452087
YJR005W,YDR381C-A,0,-2.1364644,0.036093417555093765,0.03400000184774399,0.09080000221729279
YGL236C,YGL258W-A,0,-2.1364644,0.03605514392256737,0.03400000184774399,0.0908999964594841
YDR381C-A,YML129C,0,-2.1364644,0.03601694852113724,0.03400000184774399,0.09099999815225601
YFL066C,YLR391W,0,-2.1364644,0.035978835076093674,0.03400000184774399,0.09109999984502792
YBR075W,YPR096C,0,-2.1364644,0.035940803587436676,0.03400000184774399,0.09120000153779984
YER141W,YBL029C-A,0,-2.1364644,0.035902850329875946,0.03400000184774399,0.09130000323057175
YDR524C-B,YHR153C,0,-2.1364644,0.03586497902870178,0.03400000184774399,0.09139999747276306
YBR012W-B,YDR210W-D,0,-2.1364644,0.035827185958623886,0.03400000184774399,0.09149999916553497
YLR262C,YHL009W-A,0,-2.1364644,0.035789474844932556,0.03400000184774399,0.09160000085830688
YJL171C,YJL018W,0,-2.1364644,0.035751841962337494,0.03400000184774399,0.0917000025510788
YDR316W-A,YJR033C,0,-2.1364644,0.0357142873108387,0.03400000184774399,0.09179999679327011
YER130C,YBL071W-A,0,-2.1364644,0.03567681089043617,0.03400000184774399,0.09189999848604202
YBL060W,YDR210W-D,0,-2.1364644,0.03563941270112991,0.03400000184774399,0.09200000017881393
YDR210W-D,YLR418C,0,-2.1364644,0.03560209274291992,0.03400000184774399,0.09210000187158585
YBR020W,YAR070W-A,0,-2.1364644,0.0355648547410965,0.03400000184774399,0.09220000356435776
YLR304C,YDR524C-B,0,-2.1364644,0.03552769124507904,0.03400000184774399,0.09229999780654907
YOR343W-B,YER074W-A,0,-2.1364644,0.03549060598015785,0.03400000184774399,0.09239999949932098
YDR381C-A,YLR182W,0,-2.1364644,0.03545359894633293,0.03400000184774399,0.0925000011920929
YGL258W-A,YBL008W-A,0,-2.1364644,0.03541666641831398,0.03400000184774399,0.09260000288486481
YML045W-A,YHR117W,0,-2.1364644,0.035379812121391296,0.03400000184774399,0.09269999712705612
YLR419W,YOR240W,0,-2.1364644,0.03534303605556488,0.03400000184774399,0.09279999881982803
YHR214W-G,YIL135C,0,-2.1364644,0.035306334495544434,0.03400000184774399,0.09290000051259995
YBL076C,YDR524C-B,0,-2.1364644,0.035269711166620255,0.03400000184774399,0.09300000220537186
YLR157C-A,YPL256C,0,-2.1364644,0.035233162343502045,0.03400000184774399,0.09309999644756317
YGL071W,YGL258W-A,0,-2.1364644,0.035196688026189804,0.03400000184774399,0.09319999814033508
YML045W-A,YGL180W,0,-2.1364644,0.03516028821468353,0.03400000184774399,0.093299999833107
YBL008W-A,YNL088W,0,-2.1364644,0.03512396663427353,0.03400000184774399,0.0934000015258789
YOR343C-B,YKR097W,0,-2.1364644,0.035087719559669495,0.03400000184774399,0.09350000321865082
YDR507C,YPR158C-C,0,-2.1364644,0.03505154699087143,0.03400000184774399,0.09359999746084213
YDR051C,YAR070W-A,0,-2.1364644,0.035015448927879333,0.03400000184774399,0.09369999915361404
YHR214W-G,YJL155C,0,-2.1364644,0.03497942537069321,0.03400000184774399,0.09380000084638596
YNL098C,YOR343C-B,0,-2.1364644,0.03494347259402275,0.03400000184774399,0.09390000253915787
YHR070W,YOR343C-B,0,-2.1364644,0.03490759804844856,0.03400000184774399,0.09399999678134918
YFR018C,YBL101W-A,0,-2.1364644,0.034871794283390045,0.03400000184774399,0.0940999984741211
YMR034C,YLR154W-A,0,-2.1364644,0.0348360650241375,0.03400000184774399,0.094200000166893
YHL016C,YBL101W-A,0,-2.1364644,0.03480041027069092,0.03400000184774399,0.09430000185966492
YHR181W,YAR070W-A,0,-2.1364644,0.03476482629776001,0.03400000184774399,0.09440000355243683
YNL024C-A,YDR195W,0,-2.1364644,0.03472931683063507,0.03400000184774399,0.09449999779462814
YDR381C-A,YDR060W,0,-2.1364644,0.0346938781440258,0.03400000184774399,0.09459999948740005
YDR210W-A,YDR346C,0,-2.1364644,0.034658510237932205,0.03400000184774399,0.09470000118017197
YGR277C,YCL048W-A,0,-2.1364644,0.03462321683764458,0.03400000184774399,0.09480000287294388
YOR343C-B,YKL017C,0,-2.1364644,0.03458799421787262,0.03400000184774399,0.09489999711513519
YOR343C-B,YPR065W,0,-2.1364644,0.03455284610390663,0.03400000184774399,0.0949999988079071
YHL009W-A,YDL066W,0,-2.1364644,0.034517765045166016,0.03400000184774399,0.09510000050067902
YDR014W-A,YJL121C,0,-2.1364644,0.03448275849223137,0.03400000184774399,0.09520000219345093
YJL025W,YDR210W-D,0,-2.1364644,0.03444782271981239,0.03400000184774399,0.09529999643564224
YDR524C-B,YMR288W,0,-2.1364644,0.03441295400261879,0.03400000184774399,0.09539999812841415
YGR038W,YBL029C-A,0,-2.1364644,0.034378159791231155,0.03400000184774399,0.09549999982118607
YLR278C,YAR044W,0,-2.1364644,0.03434343263506889,0.03400000184774399,0.09560000151395798
YNL284C-A,YFL004W,0,-2.1364644,0.0343087799847126,0.03400000184774399,0.09570000320672989
YHR019C,YBL101W-A,0,-2.1364644,0.03427419438958168,0.03400000184774399,0.0957999974489212
YBL101W-B,YDR393W,0,-2.1364644,0.03423967957496643,0.03400000184774399,0.09589999914169312
YOR343C-B,YJL033W,0,-2.1364644,0.03420523181557655,0.03400000184774399,0.09600000083446503
YDR381C-A,YAL003W,0,-2.1364644,0.03417085483670235,0.03400000184774399,0.09610000252723694
YGR161W-B,YER137C,0,-2.1364644,0.03413654491305351,0.03400000184774399,0.09619999676942825
YNL024C-A,YFR008W,0,-2.1364644,0.03410230576992035,0.03400000184774399,0.09629999846220016
YKL186C,YAR070W-A,0,-2.1364644,0.034068137407302856,0.03400000184774399,0.09640000015497208
YNR039C,YGL258W-A,0,-2.1364644,0.03403403237462044,0.03400000184774399,0.09650000184774399
YKL164C,YHR214W-G,0,-2.1364644,0.03400000184774399,0.03400000184774399,0.0966000035405159
YOR396W,YBL101W-A,0,-2.1364644,0.03396603465080261,0.03400000184774399,0.09669999778270721
YLR144C,YHR214W-G,0,-2.1364644,0.03393213450908661,0.03400000184774399,0.09679999947547913
YML045W-A,YLR130C,0,-2.1364644,0.033898305147886276,0.03400000184774399,0.09690000116825104
YFL052W,YKR099C-A,0,-2.1364644,0.033864542841911316,0.03400000184774399,0.09700000286102295
YIL159W,YPL257W-B,0,-2.1364644,0.03383084759116173,0.03400000184774399,0.09709999710321426
YOR343W-A,YDR216W,0,-2.1364644,0.033797215670347214,0.03400000184774399,0.09719999879598618
YBL008W-A,YKL203C,0,-2.1364644,0.03376365453004837,0.03400000184774399,0.09730000048875809
YML045W-A,YJR026W,0,-2.1364644,0.0337301604449749,0.03400000184774399,0.09740000218153
YBL101W-A,YNL071W,0,-2.1364644,0.0336967296898365,0.03400000184774399,0.09749999642372131
YOR343C-B,YMR097C,0,-2.1364644,0.03366336598992348,0.03400000184774399,0.09759999811649323
YOR343C-B,YKR024C,0,-2.1364644,0.033630069345235825,0.03400000184774399,0.09769999980926514
YOR343C-B,YPL101W,0,-2.1364644,0.033596839755773544,0.03400000184774399,0.09780000150203705
YDR389W,YCL048W-A,0,-2.1364644,0.03356367349624634,0.03400000184774399,0.09790000319480896
YHR214W-G,YGL020C,0,-2.1364644,0.033530570566654205,0.03400000184774399,0.09799999743700027
YJL141C,YNL284C-A,0,-2.1364644,0.033497538417577744,0.03400000184774399,0.09809999912977219
YGL258W-A,YOR071C,0,-2.1364644,0.03346456587314606,0.03400000184774399,0.0982000008225441
YBL101W-B,YPR049C,0,-2.1364644,0.03343166038393974,0.03400000184774399,0.09830000251531601
YPR187W,YDR381C-A,0,-2.1364644,0.0333988219499588,0.03400000184774399,0.09839999675750732
YDR524C-B,YGL134W,0,-2.1364644,0.03336604684591293,0.03400000184774399,0.09849999845027924
YBR152W,YDR014W-A,0,-2.1364644,0.03333333507180214,0.03400000184774399,0.09860000014305115
YDR403W,YPR137C-A,0,-2.1364644,0.03330068662762642,0.03400000184774399,0.09870000183582306
YHR214W-G,YDR191W,0,-2.1364644,0.03326810151338577,0.03400000184774399,0.09880000352859497
YNL284C-A,YOR171C,0,-2.1364644,0.0332355834543705,0.03400000184774399,0.09889999777078629
YBL101W-B,YLR047C,0,-2.1364644,0.033203125,0.03400000184774399,0.0989999994635582
YCR080W,YER159C-A,0,-2.1364644,0.033170729875564575,0.03400000184774399,0.09910000115633011
YDR524C-B,YOR304W,0,-2.1364644,0.03313840180635452,0.03400000184774399,0.09920000284910202
YNL284C-A,YPL088W,0,-2.1364644,0.033106133341789246,0.03400000184774399,0.09929999709129333
YDR524C-B,YOR106W,0,-2.1364644,0.03307392820715904,0.03400000184774399,0.09939999878406525
YDL229W,YBL008W-A,0,-2.1364644,0.03304178640246391,0.03400000184774399,0.09950000047683716
YPL212C,YCL048W-A,0,-2.1364644,0.03300970792770386,0.03400000184774399,0.09960000216960907
YNL284C-A,YNL086W,0,-2.1364644,0.032977692782878876,0.03400000184774399,0.09969999641180038
YHR013C,YML045W-A,0,-2.1364644,0.03294573724269867,0.03400000184774399,0.0997999981045723
YDR014W-A,YLR438C-A,0,-2.1364644,0.03291384503245354,0.03400000184774399,0.09989999979734421
YOR343C-B,YKL203C,0,-2.1364644,0.03288201242685318,0.03400000184774399,0.10000000149011612
YAL060W,YJL113W,0,-2.136476,0.0328502431511879,0.03400000184774399,0.10010000318288803
YPR137C-B,YOR128C,0,-2.1365173,0.03281853348016739,0.03400000184774399,0.10019999742507935
YER114C,YER137C-A,0,-2.1365511,0.032786883413791656,0.03400000184774399,0.10029999911785126
YNL210W,YLR157C-B,0,-2.1365657,0.032755300402641296,0.03400000184774399,0.10040000081062317
YJL062W-A,YGR027C,0,-2.1365712,0.03272377327084541,0.03400000184774399,0.10050000250339508
YHR123W,YGR038C-A,0,-2.1365752,0.032692309468984604,0.03400000184774399,0.1005999967455864
YBR084W,YER140W,0,-2.1365764,0.03266090154647827,0.03400000184774399,0.1006999984383583
YDR210W-B,YDL122W,0,-2.1366172,0.03262955695390701,0.03400000184774399,0.10080000013113022
YOR142W-A,YDL077C,0,-2.1366217,0.03259827569127083,0.03400000184774399,0.10090000182390213
YKL203C,YCL003W,0,-2.1366503,0.03256705030798912,0.03400000184774399,0.10100000351667404
YGR027W-A,YBR167C,0,-2.136661,0.03253588452935219,0.03400000184774399,0.10109999775886536
YBR166C,YLR227W-B,0,-2.136683,0.03250477835536003,0.03400000184774399,0.10119999945163727
YEL012W,YOL103W-B,0,-2.1366868,0.03247373551130295,0.03400000184774399,0.10130000114440918
YLR154W-A,YDL178W,0,-2.1367302,0.03244274854660034,0.03400000184774399,0.10140000283718109
YGR027W-A,YMR172W,0,-2.1367588,0.03241182118654251,0.03400000184774399,0.1014999970793724
YMR034C,YHL009W-B,0,-2.1367877,0.032380953431129456,0.03400000184774399,0.10159999877214432
YIL034C,YMR210W,0,-2.1368692,0.03235014155507088,0.03400000184774399,0.10170000046491623
YGL210W-A,YAL040C,0,-2.136889,0.03231939300894737,0.03400000184774399,0.10180000215768814
YBR245C,YDR365W-B,0,-2.1369016,0.032288700342178345,0.03400000184774399,0.10189999639987946
YLR410W-B,YIR003W,0,-2.1369104,0.032258063554763794,0.03400000184774399,0.10199999809265137
YKL093W,YNL115C,0,-2.136928,0.03222748637199402,0.03400000184774399,0.10209999978542328
YBL009W,YDR261W-A,0,-2.1369314,0.03219696879386902,0.03400000184774399,0.10220000147819519
YPL257W-A,YBL002W,0,-2.136952,0.032166510820388794,0.03400000184774399,0.1023000031709671
YCL063W,YPR158W-A,0,-2.1369848,0.03213610500097275,0.03400000184774399,0.10239999741315842
YJR110W,YGR031C-A,0,-2.137052,0.03210575878620148,0.03400000184774399,0.10249999910593033
YGR161C-C,YGR062C,0,-2.1370637,0.03207547217607498,0.03400000184774399,0.10260000079870224
YCR080W,YGL169W,0,-2.1370735,0.03204524144530296,0.03400000184774399,0.10270000249147415
YGL210W-A,YOR368W,0,-2.1370792,0.03201506659388542,0.03400000184774399,0.10279999673366547
YLR301W,YGR161W-B,0,-2.137115,0.03198494762182236,0.03400000184774399,0.10289999842643738
YDR153C,YPR137C-A,0,-2.1371226,0.03195488825440407,0.03400000184774399,0.10300000011920929
YNL054W-B,YHR042W,0,-2.1371539,0.03192488104104996,0.03400000184774399,0.1031000018119812
YGR027W-A,YER138C,0,-2.1372383,0.03189493343234062,0.03400000184774399,0.10320000350475311
YCR028C-A,YER137C-A,0,-2.1372764,0.031865041702985764,0.03400000184774399,0.10329999774694443
YMR204C,YPR158C-C,0,-2.13735,0.03183520585298538,0.03400000184774399,0.10339999943971634
YOL075C,YHL009W-B,0,-2.1373518,0.03180542588233948,0.03400000184774399,0.10350000113248825
YDR261C-D,YKL127W,0,-2.1373544,0.03177570179104805,0.03400000184774399,0.10360000282526016
YPL096W,YDR306C,1,-2.1373558,0.03267974033951759,0.03500000014901161,0.10360000282526016
YKR090W,YLR157C-B,0,-2.1374,0.03264925256371498,0.03500000014901161,0.10369999706745148
YPL060C-A,YBR204C,0,-2.1374557,0.032618824392557144,0.03500000014901161,0.10379999876022339
YDR034C-D,YBR164C,0,-2.1374638,0.03258845582604408,0.03500000014901161,0.1039000004529953
YDR065W,YPL257W-B,0,-2.1375341,0.0325581394135952,0.03500000014901161,0.10400000214576721
YER190W,YPR124W,0,-2.1375532,0.03252788260579109,0.03500000014901161,0.10409999638795853
YPL257W-B,YBR234C,0,-2.1375813,0.03249767795205116,0.03500000014901161,0.10419999808073044
YDR210W-B,YIL094C,0,-2.1375842,0.03246753290295601,0.03500000014901161,0.10429999977350235
YGL223C,YLR157C-B,0,-2.137811,0.03243744373321533,0.03500000014901161,0.10440000146627426
YOR192C-B,YBR207W,0,-2.1379137,0.032407406717538834,0.03500000014901161,0.10450000315904617
YGR038C-B,YMR202W,0,-2.13799,0.03237742930650711,0.03500000014901161,0.10459999740123749
YOR209C,YPR158C-D,0,-2.1380002,0.032347504049539566,0.03500000014901161,0.1046999990940094
YNR072W,YDL144C,0,-2.138009,0.0323176346719265,0.03500000014901161,0.10480000078678131
YGR027W-A,YIL042C,0,-2.1381412,0.03228782117366791,0.03500000014901161,0.10490000247955322
YLR410W-A,YPL032C,0,-2.1381545,0.032258063554763794,0.03500000014901161,0.10499999672174454
YPL259C,YPR158W-A,0,-2.1382132,0.03222836181521416,0.03500000014901161,0.10509999841451645
YEL046C,YDR261C-C,0,-2.1383054,0.0321987122297287,0.03500000014901161,0.10520000010728836
YNL323W,YGR161C-C,0,-2.1383526,0.03216911852359772,0.03500000014901161,0.10530000180006027
YJL140W,YPL257W-B,0,-2.1383908,0.032139576971530914,0.03500000014901161,0.10540000349283218
YOR192C-B,YOR099W,0,-2.1385067,0.03211009129881859,0.03500000014901161,0.1054999977350235
YDR538W,YER159C-A,0,-2.1385229,0.03208066150546074,0.03500000014901161,0.10559999942779541
YNL073W,YGR038C-A,0,-2.1385522,0.03205128386616707,0.03500000014901161,0.10570000112056732
YML113W,YPL257W-B,0,-2.1386623,0.032021958380937576,0.03500000014901161,0.10580000281333923
YNL125C,YNL054W-B,0,-2.1386726,0.03199268877506256,0.03500000014901161,0.10589999705553055
YJL102W,YGR031C-A,0,-2.1386912,0.031963471323251724,0.03500000014901161,0.10599999874830246
YPR158C-D,YKR090W,0,-2.138746,0.031934306025505066,0.03500000014901161,0.10610000044107437
YOR343W-B,YIR018W,0,-2.138746,0.031905196607112885,0.03500000014901161,0.10620000213384628
YNL131W,YLR227W-B,0,-2.1387606,0.03187613934278488,0.03500000014901161,0.1062999963760376
YOR304C-A,YBR175W,0,-2.1388001,0.03184713423252106,0.03500000014901161,0.10639999806880951
YDR316W-A,YMR300C,0,-2.1388767,0.03181818127632141,0.03500000014901161,0.10649999976158142
YPL087W,YLR157C-B,0,-2.1389132,0.03178928419947624,0.03500000014901161,0.10660000145435333
YGR161C-C,YPL174C,0,-2.1389894,0.03176043555140495,0.03500000014901161,0.10670000314712524
YER068W,YOL103W-B,0,-2.139047,0.03173164278268814,0.03500000014901161,0.10679999738931656
YJR029W,YDR206W,0,-2.1391015,0.03170289844274521,0.03500000014901161,0.10689999908208847
YOL103W-B,YGL026C,0,-2.1391454,0.031674209982156754,0.03500000014901161,0.10700000077486038
YPR160W,YER137C-A,0,-2.1391907,0.03164556995034218,0.03500000014901161,0.1071000024676323
YIL017W,YDR054C,1,-2.1392062,0.03252032399177551,0.035999998450279236,0.1071000024676323
YGR159C,YOL103W-B,0,-2.1392405,0.03249097615480423,0.035999998450279236,0.10719999670982361
YDL127W,YDR034C-C,0,-2.1392465,0.03246167674660683,0.035999998450279236,0.10729999840259552
YER159C-A,YOR375C,0,-2.139298,0.0324324332177639,0.035999998450279236,0.10740000009536743
YER045C,YJL144W,0,-2.1393225,0.03240324184298515,0.035999998450279236,0.10750000178813934
YGR027W-A,YPL257W-A,0,-2.1393654,0.032374098896980286,0.035999998450279236,0.10760000348091125
YBL010C,YMR163C,0,-2.1394496,0.032345011830329895,0.035999998450279236,0.10769999772310257
YLR154W-A,YLR431C,0,-2.1395042,0.03231597691774368,0.035999998450279236,0.10779999941587448
YMR006C,YPR137C-A,0,-2.139584,0.03228699415922165,0.035999998450279236,0.10790000110864639
YOR192C-A,YMR130W,0,-2.13959,0.032258063554763794,0.035999998450279236,0.1080000028014183
YGR172C,YDR261W-B,0,-2.1396487,0.03222918510437012,0.035999998450279236,0.10809999704360962
YGR038C-B,YKR038C,0,-2.1396692,0.03220035880804062,0.035999998450279236,0.10819999873638153
YDR365W-B,YHL022C,0,-2.1396692,0.032171580940485,0.035999998450279236,0.10830000042915344
YOR343W-B,YLR222C,0,-2.1396928,0.03214285895228386,0.035999998450279236,0.10840000212192535
YDR210W-B,YNL047C,0,-2.1397161,0.0321141853928566,0.035999998450279236,0.10849999636411667
YPR022C,YGR038C-A,0,-2.1397927,0.03208556026220322,0.035999998450279236,0.10859999805688858
YOR201C,YGR027W-B,0,-2.1398482,0.03205699101090431,0.035999998450279236,0.10869999974966049
YGL077C,YPR137C-B,0,-2.1398628,0.03202847018837929,0.035999998450279236,0.1088000014424324
YER159C-A,YNL293W,0,-2.1399305,0.03200000151991844,0.035999998450279236,0.10890000313520432
YDR316W-A,YDR376W,0,-2.1399393,0.031971581280231476,0.035999998450279236,0.10899999737739563
YDR210C-C,YKL175W,0,-2.140127,0.03194321319460869,0.035999998450279236,0.10909999907016754
YPR042C,YPR158W-A,0,-2.140136,0.03191489353775978,0.035999998450279236,0.10920000076293945
YNL316C,YLR410W-A,0,-2.1401508,0.03188662603497505,0.035999998450279236,0.10930000245571136
YDR316W-A,YJR028W,0,-2.1402152,0.0318584069609642,0.035999998450279236,0.10939999669790268
YBR052C,YLR410W-B,0,-2.1403973,0.03183024004101753,0.035999998450279236,0.10949999839067459
YHR067W,YDR210W-A,0,-2.1406496,0.03180212154984474,0.035999998450279236,0.1096000000834465
YPL092W,YGR109W-B,0,-2.140679,0.03177405148744583,0.035999998450279236,0.10970000177621841
YPR137C-A,YDR251W,0,-2.1407347,0.0317460335791111,0.035999998450279236,0.10980000346899033
YDR210W-B,YOR167C,0,-2.1407611,0.03171806037425995,0.035999998450279236,0.10989999771118164
YNL098C,YHR112C,0,-2.1407664,0.03169013932347298,0.035999998450279236,0.10999999940395355
YNL197C,YHR039C-B,0,-2.1408591,0.03166227042675018,0.035999998450279236,0.11010000109672546
YCR097WB,YPR005C,0,-2.1408741,0.03163444623351097,0.035999998450279236,0.11020000278949738
YMR122W-A,YFR006W,0,-2.140927,0.03160667419433594,0.035999998450279236,0.11029999703168869
YDL200C,YGR038C-A,0,-2.1409316,0.031578946858644485,0.035999998450279236,0.1103999987244606
YOR343W-B,YKR065C,0,-2.1409843,0.03155127167701721,0.035999998450279236,0.11050000041723251
YIL129C,YPR158W-A,0,-2.1409903,0.03152364119887352,0.035999998450279236,0.11060000211000443
YGR054W,YOR142W-B,0,-2.1410842,0.031496062874794006,0.035999998450279236,0.11069999635219574
YOR228C,YGR109W-B,0,-2.1411312,0.03146853297948837,0.035999998450279236,0.11079999804496765
YOR283W,YLR051C,0,-2.1411989,0.03144104778766632,0.035999998450279236,0.11089999973773956
YPR158C-D,YJR007W,0,-2.1412015,0.03141361102461815,0.035999998450279236,0.11100000143051147
YFL052W,YML064C,0,-2.141215,0.031386226415634155,0.035999998450279236,0.11110000312328339
YDR261C-D,YJR007W,0,-2.141228,0.03135888651013374,0.035999998450279236,0.1111999973654747
YBR214W,YDL017W,0,-2.141248,0.03133159130811691,0.035999998450279236,0.11129999905824661
YGR207C,YNL222W,0,-2.1412692,0.03130434826016426,0.035999998450279236,0.11140000075101852
YHL009W-B,YDR512C,0,-2.1414628,0.03127714991569519,0.035999998450279236,0.11150000244379044
YOR343W-A,YDL236W,0,-2.1414745,0.03125,0.035999998450279236,0.11159999668598175
YJL062W-A,YKR099C-A,0,-2.1415157,0.03122289665043354,0.035999998450279236,0.11169999837875366
YDL171C,YGR109W-B,0,-2.1416595,0.03119583986699581,0.035999998450279236,0.11180000007152557
YPL257W-A,YOR369C,0,-2.1416771,0.031168831512331963,0.035999998450279236,0.11190000176429749
YNR026C,YIL017W,1,-2.1418085,0.032006919384002686,0.03700000047683716,0.11190000176429749
YKR065C,YLR410W-A,0,-2.1418915,0.03197925537824631,0.03700000047683716,0.1120000034570694
YGR112W,YKL107W,0,-2.141893,0.03195163980126381,0.03700000047683716,0.11209999769926071
YDR210C-C,YPL149W,0,-2.1418972,0.03192407265305519,0.03700000047683716,0.11219999939203262
YHR051W,YDR261W-A,0,-2.1419706,0.031896550208330154,0.03700000047683716,0.11230000108480453
YDR536W,YFR006W,0,-2.1420972,0.031869079917669296,0.03700000047683716,0.11240000277757645
YPL158C,YHL009W-B,0,-2.1421232,0.03184165060520172,0.03700000047683716,0.11249999701976776
YKL171W,YML038C,0,-2.1421235,0.031814273446798325,0.03700000047683716,0.11259999871253967
YKL216W,YLR410W-A,0,-2.142132,0.03178694099187851,0.03700000047683716,0.11270000040531158
YPL257W-A,YOR046C,0,-2.1422348,0.031759656965732574,0.03700000047683716,0.1128000020980835
YLR089C,YER137C-A,0,-2.1422408,0.03173241764307022,0.03700000047683716,0.11289999634027481
YDR449C,YLR157C-B,0,-2.1424727,0.03170522674918175,0.03700000047683716,0.11299999803304672
YGR207C,YCL026C-B,0,-2.1424873,0.031678080558776855,0.03700000047683716,0.11309999972581863
YLR381W,YFL002W-B,0,-2.1430244,0.031650982797145844,0.03700000047683716,0.11320000141859055
YHR066W,YLR157C-B,0,-2.1430538,0.03162393346428871,0.03700000047683716,0.11330000311136246
YDR527W,YGR031C-A,0,-2.1431391,0.03159692510962486,0.03700000047683716,0.11339999735355377
YKL216W,YDR034C-C,0,-2.1432595,0.031569965183734894,0.03700000047683716,0.11349999904632568
YJL062W-A,YBL020W,0,-2.1433682,0.031543053686618805,0.03700000047683716,0.1136000007390976
YGR278W,YLR327C,0,-2.1434083,0.031516183167696,0.03700000047683716,0.1137000024318695
YLR157C-B,YMR260C,0,-2.1434708,0.03148936107754707,0.03700000047683716,0.11379999667406082
YLR227W-B,YCL014W,0,-2.1436174,0.03146258369088173,0.03700000047683716,0.11389999836683273
YJR094W-A,YGR075C,0,-2.1436477,0.031435854732990265,0.03700000047683716,0.11400000005960464
YPR158C-D,YJL104W,0,-2.1438055,0.031409166753292084,0.03700000047683716,0.11410000175237656
YJL012C-A,YNL091W,0,-2.1441011,0.03138252720236778,0.03700000047683716,0.11420000344514847
YMR146C,YDR261C-D,0,-2.1442046,0.03135593235492706,0.03700000047683716,0.11429999768733978
YDR131C,YOL133W,1,-2.1442804,0.032176122069358826,0.03799999877810478,0.11429999768733978
YCR080W,YJR094W-A,0,-2.1443164,0.032148901373147964,0.03799999877810478,0.1143999993801117
YNL223W,YCR023C,0,-2.1444252,0.032121725380420685,0.03799999877810478,0.1145000010728836
YPR005C,YAR044W,0,-2.144555,0.03209459409117699,0.03799999877810478,0.11460000276565552
YDL195W,YLR337W,0,-2.1447713,0.03206751123070717,0.03799999877810478,0.11469999700784683
YPL226W,YCR102C,0,-2.1448057,0.03204047307372093,0.03799999877810478,0.11479999870061874
YGL233W,YDL156W,0,-2.1448703,0.03201347962021828,0.03799999877810478,0.11490000039339066
YER160C,YBR175W,0,-2.14501,0.031986530870199203,0.03799999877810478,0.11500000208616257
YGR188C,YLR312C-B,0,-2.1452436,0.03195963054895401,0.03799999877810478,0.11509999632835388
YBR159W,YJR144W,0,-2.1460319,0.0319327749311924,0.03799999877810478,0.1151999980211258
YNL321W,YGR031C-A,0,-2.1463983,0.03190596029162407,0.03799999877810478,0.1152999997138977
YER130C,YHL024W,0,-2.146756,0.03187919408082962,0.03799999877810478,0.11540000140666962
YDL217C,YOL039W,0,-2.1467588,0.03185247257351875,0.03799999877810478,0.11550000309944153
YOL057W,YBR195C,0,-2.146799,0.03182579576969147,0.03799999877810478,0.11559999734163284
YOR125C,YLR446W,0,-2.1468258,0.03179916366934776,0.03799999877810478,0.11569999903440475
YIL101C,YBL099W,0,-2.1468525,0.03177257627248764,0.03799999877810478,0.11580000072717667
YDL044C,YOR088W,0,-2.146993,0.0317460335791111,0.03799999877810478,0.11590000241994858
YLR154W-A,YGL136C,0,-2.1471412,0.03171953186392784,0.03799999877810478,0.11599999666213989
YNL326C,YDR348C,0,-2.1473763,0.03169307857751846,0.03799999877810478,0.1160999983549118
YLL001W,YDL038C,0,-2.1473892,0.03166666626930237,0.03799999877810478,0.11620000004768372
YOR353C,YLR391W-A,0,-2.1480505,0.031640298664569855,0.03799999877810478,0.11630000174045563
YAR066W,YDR151C,0,-2.1485715,0.03161397576332092,0.03799999877810478,0.11640000343322754
YKL222C,YJR065C,0,-2.1487684,0.03158769756555557,0.03799999877810478,0.11649999767541885
YDR131C,YIR025W,1,-2.1489534,0.032392024993896484,0.039000000804662704,0.11649999767541885
YMR164C,YJR149W,0,-2.149135,0.03236514702439308,0.039000000804662704,0.11659999936819077
YDL201W,YCL062W,0,-2.1492481,0.03233831003308296,0.039000000804662704,0.11670000106096268
YER094C,YBR280C,1,-2.1493678,0.03314001485705376,0.03999999910593033,0.11670000106096268
YMR268W-A,YLL010C,0,-2.1495185,0.03311258181929588,0.03999999910593033,0.11680000275373459
YFL035C,YCL026C-B,0,-2.1497943,0.03308519348502159,0.03999999910593033,0.1168999969959259
YGR090W,YFL002W-A,0,-2.1501646,0.03305784985423088,0.03999999910593033,0.11699999868869781
YNL212W,YER184C,0,-2.1504736,0.03303055465221405,0.03999999910593033,0.11710000038146973
YKR046C,YML039W,0,-2.1507072,0.0330033004283905,0.03999999910593033,0.11720000207424164
YCL027C-A,YGL259W,0,-2.1511564,0.03297609090805054,0.03999999910593033,0.11729999631643295
YKR026C,YLR297W,0,-2.1511953,0.03294892981648445,0.03999999910593033,0.11739999800920486
YJR067C,YOR063W,0,-2.15148,0.03292180970311165,0.03999999910593033,0.11749999970197678
YKR058W,YDR018C,0,-2.1515467,0.032894738018512726,0.03999999910593033,0.11760000139474869
YIL117C,YDL059C,0,-2.151716,0.032867707312107086,0.03999999910593033,0.1177000030875206
YGL046W,YBL030C,0,-2.151861,0.03284072130918503,0.03999999910593033,0.11779999732971191
YMR150C,YDR248C,0,-2.1518955,0.03281378000974655,0.03999999910593033,0.11789999902248383
YML088W,YIL017W,1,-2.1519363,0.03360655903816223,0.04100000113248825,0.11789999902248383
YOL097C,YMR198W,0,-2.1520598,0.033579032868146896,0.04100000113248825,0.11800000071525574
YKL222C,YDR231C,0,-2.1521099,0.03355155512690544,0.04100000113248825,0.11810000240802765
YGL229C,YKL148C,0,-2.1524386,0.03352412208914757,0.04100000113248825,0.11819999665021896
YFL017W-A,YPL231W,0,-2.152734,0.033496733754873276,0.04100000113248825,0.11829999834299088
YMR244C-A,YGL124C,0,-2.152869,0.03346938639879227,0.04100000113248825,0.11840000003576279
YPL187W,YHR066W,0,-2.1529706,0.03344208747148514,0.04100000113248825,0.1185000017285347
YAL055W,YML037C,0,-2.1530783,0.03341483324766159,0.04100000113248825,0.11860000342130661
YLR337W,YNR074C,0,-2.153246,0.033387623727321625,0.04100000113248825,0.11869999766349792
YLR337W,YNL329C,0,-2.1532965,0.03336045518517494,0.04100000113248825,0.11879999935626984
YOL072W,YKL200C,0,-2.153315,0.03333333507180214,0.04100000113248825,0.11890000104904175
YDL226C,YLL032C,0,-2.1533747,0.03330625593662262,0.04100000113248825,0.11900000274181366
YPL096W,YIL017C,1,-2.153586,0.034090910106897354,0.041999999433755875,0.11900000274181366
YBR010W,YGL033W,0,-2.1545315,0.03406326100230217,0.041999999433755875,0.11909999698400497
YDL022W,YER078C,0,-2.1545904,0.03403565660119057,0.041999999433755875,0.11919999867677689
YLR136C,YDL239C,0,-2.154614,0.034008096903562546,0.041999999433755875,0.1193000003695488
YKL090W,YDR348C,0,-2.1550164,0.033980581909418106,0.041999999433755875,0.11940000206232071
YAL012W,YLR356W,0,-2.1550727,0.03395311161875725,0.041999999433755875,0.11949999630451202
YLR225C,YPR111W,0,-2.1550941,0.03392568603157997,0.041999999433755875,0.11959999799728394
YKR055W,YCR055C,0,-2.1554058,0.033898305147886276,0.041999999433755875,0.11969999969005585
YGR074W,YLR391W,0,-2.1554399,0.03387096896767616,0.041999999433755875,0.11980000138282776
YMR228W,YKL200C,0,-2.15577,0.03384367376565933,0.041999999433755875,0.11990000307559967
YLR009W,YDR444W,0,-2.156324,0.03381642326712608,0.041999999433755875,0.11999999731779099
YLR154C,YMR121C,0,-2.1563802,0.033789221197366714,0.041999999433755875,0.1200999990105629
YLR406C,YMR078C,0,-2.1564097,0.03376205638051033,0.041999999433755875,0.12020000070333481
YHR029C,YOR312C,0,-2.156501,0.033734939992427826,0.041999999433755875,0.12030000239610672
YKL158W,YEL013W,0,-2.1565084,0.033707864582538605,0.041999999433755875,0.12039999663829803
YDL146W,YPR026W,0,-2.156786,0.033680833876132965,0.041999999433755875,0.12049999833106995
YOR382W,YLR440C,0,-2.1568882,0.03365384787321091,0.041999999433755875,0.12060000002384186
YGL136C,YBR204C,0,-2.157041,0.03362690284848213,0.041999999433755875,0.12070000171661377
YPR102C,YCR092C,0,-2.15712,0.03359999880194664,0.041999999433755875,0.12080000340938568
YJL018W,YPR167C,0,-2.157368,0.03357314318418503,0.041999999433755875,0.120899997651577
YNL275W,YOR338W,0,-2.1575768,0.0335463248193264,0.041999999433755875,0.12099999934434891
YCL026C-B,YOL077W-A,0,-2.1576767,0.03351955488324165,0.041999999433755875,0.12110000103712082
YJL116C,YPR024W,0,-2.1578937,0.03349282220005989,0.041999999433755875,0.12120000272989273
YDR297W,YFL014W,0,-2.158328,0.03346613422036171,0.041999999433755875,0.12129999697208405
YFL011W-A,YOR332W,0,-2.1585002,0.03343949094414711,0.041999999433755875,0.12139999866485596
YGR167W,YOL053C-A,0,-2.1586907,0.03341288864612579,0.041999999433755875,0.12150000035762787
YMR039C,YMR046C,0,-2.158776,0.03338632732629776,0.041999999433755875,0.12160000205039978
YJR130C,YCL019W,0,-2.1588132,0.03335981070995331,0.041999999433755875,0.1216999962925911
YIL040W,YCL003W,0,-2.1592004,0.03333333507180214,0.041999999433755875,0.121799997985363
YOL013C,YDR306C,1,-2.1593916,0.034099921584129333,0.0430000014603138,0.121799997985363
YGR286C,YDL112W,0,-2.1595097,0.03407289832830429,0.0430000014603138,0.12189999967813492
YMR268W-A,YBR002C,0,-2.159599,0.03404592350125313,0.0430000014603138,0.12200000137090683
YCL059C,YCR102C,0,-2.159822,0.03401898592710495,0.0430000014603138,0.12210000306367874
YOR230W,YBR216C,0,-2.16011,0.03399209305644035,0.0430000014603138,0.12219999730587006
YJL148W,YPR198W,0,-2.1602788,0.03396524488925934,0.0430000014603138,0.12229999899864197
YER011W,YLR318W,0,-2.1604753,0.033938437700271606,0.0430000014603138,0.12240000069141388
YGL153W,YBR010W,0,-2.1604934,0.03391167148947716,0.0430000014603138,0.12250000238418579
YCR097W,YJL005W,0,-2.1607563,0.03388494998216629,0.0430000014603138,0.1225999966263771
YMR021C,YAR044W,0,-2.1607728,0.033858269453048706,0.0430000014603138,0.12269999831914902
YPL029W,YDR476C,0,-2.161341,0.033831629902124405,0.0430000014603138,0.12280000001192093
YOR338W,YGR229C,0,-2.161399,0.03380503132939339,0.0430000014603138,0.12290000170469284
YCL027W,YJL092W,0,-2.1615458,0.03377847746014595,0.0430000014603138,0.12300000339746475
YPR054W,YPL223C,0,-2.161801,0.0337519608438015,0.0430000014603138,0.12309999763965607
YDR492W,YKR050W,0,-2.162228,0.03372548893094063,0.0430000014603138,0.12319999933242798
YIR034C,YJL018W,0,-2.162229,0.03369905799627304,0.0430000014603138,0.12330000102519989
YLR035C-A,YDR060W,0,-2.1625686,0.033672671765089035,0.0430000014603138,0.1234000027179718
YNL129W,YLR372W,0,-2.162883,0.033646322786808014,0.0430000014603138,0.12349999696016312
YGR240C,YNR021W,0,-2.1629086,0.033620014786720276,0.0430000014603138,0.12359999865293503
YBR012W-A,YDR511W,0,-2.1630235,0.03359375149011612,0.0430000014603138,0.12370000034570694
YDL205C,YMR087W,0,-2.1631324,0.03356752544641495,0.0430000014603138,0.12380000203847885
YDR170W-A,YML078W,0,-2.1632478,0.03354134038090706,0.0430000014603138,0.12389999628067017
YLR450W,YDL110C,0,-2.1634111,0.03351520001888275,0.0430000014603138,0.12399999797344208
YKL199C,YMR005W,0,-2.1636062,0.03348909690976143,0.0430000014603138,0.12409999966621399
YOR131C,YKL008C,0,-2.1637523,0.03346303477883339,0.0430000014603138,0.1242000013589859
YGL046W,YJR067C,0,-2.1640167,0.03343701362609863,0.0430000014603138,0.12430000305175781
YNL230C,YFL014W,0,-2.1640904,0.03341103345155716,0.0430000014603138,0.12439999729394913
YCR080W,YOR294W,0,-2.1644802,0.03338509425520897,0.0430000014603138,0.12449999898672104
YJL149W,YLR337W,0,-2.164782,0.03335919231176376,0.0430000014603138,0.12460000067949295
YPL236C,YDL188C,0,-2.164802,0.03333333507180214,0.0430000014603138,0.12470000237226486
YCL060C,YJL106W,0,-2.1648161,0.0333075150847435,0.0430000014603138,0.12479999661445618
YBL113C,YDL207W,0,-2.1651578,0.033281732350587845,0.0430000014603138,0.12489999830722809
YCR102C,YAR050W,0,-2.1653924,0.03325599431991577,0.0430000014603138,0.125
YML126C,YLR003C,0,-2.165611,0.03323029354214668,0.0430000014603138,0.1251000016927719
YMR297W,YGR287C,0,-2.1659222,0.03320463374257088,0.0430000014603138,0.12520000338554382
YFL035C,YOR210W,0,-2.1659293,0.033179011195898056,0.0430000014603138,0.12530000507831573
YIL091C,YMR240C,0,-2.16616,0.03315342962741852,0.0430000014603138,0.12540000677108765
YOL077C,YOR197W,0,-2.1661692,0.03312788903713226,0.0430000014603138,0.12549999356269836
YPR025C,YCL003W,0,-2.166208,0.03310238569974899,0.0430000014603138,0.12559999525547028
YDL006W,YDR352W,0,-2.1664824,0.033076923340559006,0.0430000014603138,0.1256999969482422
YDL097C,YDR306C,1,-2.166566,0.03382013738155365,0.04399999976158142,0.1256999969482422
YCL025C,YPR132W,0,-2.1666718,0.03379416465759277,0.04399999976158142,0.1257999986410141
YHR174W,YDR476C,0,-2.1667864,0.03376822546124458,0.04399999976158142,0.125900000333786
YMR285C,YHR039C-B,0,-2.166923,0.033742330968379974,0.04399999976158142,0.12600000202655792
YMR143W,YDR170W-A,0,-2.1669927,0.03371647372841835,0.04399999976158142,0.12610000371932983
YGL209W,YHL012W,0,-2.1672733,0.03369065746665001,0.04399999976158142,0.12620000541210175
YLR224W,YNL172W,1,-2.1673672,0.034429993480443954,0.04500000178813934,0.12620000541210175
YHR010W,YDR026C,0,-2.1675982,0.03440367057919502,0.04500000178813934,0.12630000710487366
YKL166C,YDR026C,0,-2.1677814,0.034377388656139374,0.04500000178813934,0.12639999389648438
YHR043C,YIL017W,1,-2.1678605,0.035114504396915436,0.04600000008940697,0.12639999389648438
YOL103W,YNL208W,0,-2.167882,0.035087719559669495,0.04600000008940697,0.1264999955892563
YOR088W,YLR010C,0,-2.1679854,0.03506097570061684,0.04600000008940697,0.1265999972820282
YCR097WB,YML081C-A,0,-2.1680186,0.03503427281975746,0.04600000008940697,0.1266999989748001
YGL071W,YGR012W,0,-2.1682732,0.03500761091709137,0.04600000008940697,0.12680000066757202
YJL018W,YJR138W,0,-2.1683428,0.03498098999261856,0.04600000008940697,0.12690000236034393
YOR054C,YCR029C-A,0,-2.168891,0.03495440632104874,0.04600000008940697,0.12700000405311584
YBR010W,YDR338C,0,-2.1689432,0.034927867352962494,0.04600000008940697,0.12710000574588776
YHR132C,YMR122W-A,0,-2.16912,0.034901365637779236,0.04600000008940697,0.12720000743865967
YJL140W,YAR044W,0,-2.169273,0.03487490490078926,0.04600000008940697,0.12729999423027039
YPL211W,YKL200C,0,-2.1696558,0.03484848514199257,0.04600000008940697,0.1273999959230423
YGR188C,YCR070W,0,-2.1698174,0.03482210263609886,0.04600000008940697,0.1274999976158142
YPR058W,YKL199C,0,-2.1701298,0.034795764833688736,0.04600000008940697,0.12759999930858612
YDL127W,YDL156W,0,-2.1703615,0.034769464284181595,0.04600000008940697,0.12770000100135803
YDR451C,YPL095C,0,-2.171275,0.03474320098757744,0.04600000008940697,0.12780000269412994
YDR131C,YNL172W,1,-2.171451,0.03547169640660286,0.04699999839067459,0.12780000269412994
YDR266C,YNL242W,0,-2.171555,0.0354449488222599,0.04699999839067459,0.12790000438690186
YGR175C,YOR313C,0,-2.1720002,0.03541823476552963,0.04699999839067459,0.12800000607967377
YPL093W,YPL246C,0,-2.1720054,0.035391565412282944,0.04699999839067459,0.12809999287128448
YML111W,YGL148W,0,-2.172702,0.03536493703722954,0.04699999839067459,0.1281999945640564
YOR075W,YML030W,0,-2.1731722,0.03533834591507912,0.04699999839067459,0.1282999962568283
YMR268W-A,YNL186W,0,-2.173183,0.03531179577112198,0.04699999839067459,0.12839999794960022
YJR015W,YHR085W,0,-2.173761,0.035285286605358124,0.04699999839067459,0.12849999964237213
YGL206C,YJL214W,0,-2.173839,0.03525881469249725,0.04699999839067459,0.12860000133514404
YGR258C,YER101C,0,-2.1738634,0.035232383757829666,0.04699999839067459,0.12870000302791595
YOR083W,YKL200C,0,-2.1741717,0.03520599380135536,0.04699999839067459,0.12880000472068787
YML062C,YOR237W,0,-2.17431,0.03517964109778404,0.04699999839067459,0.12890000641345978
YCL024W,YPL079W,0,-2.1744814,0.035153329372406006,0.04699999839067459,0.1289999932050705
YOR373W,YNL113W,0,-2.1748865,0.035127054899930954,0.04699999839067459,0.1290999948978424
YDR279W,YMR046C,0,-2.1750896,0.035100821405649185,0.04699999839067459,0.12919999659061432
YNL136W,YKL100C,0,-2.1751387,0.0350746251642704,0.04699999839067459,0.12929999828338623
YLR035C-A,YJL121C,0,-2.175961,0.0350484699010849,0.04699999839067459,0.12939999997615814
YER138C,YPL131W,0,-2.1763864,0.03502235561609268,0.04699999839067459,0.12950000166893005
YPR119W,YDR224C,0,-2.1763945,0.03499627858400345,0.04699999839067459,0.12960000336170197
YOL108C,YPL230W,0,-2.1764073,0.0349702388048172,0.04699999839067459,0.12970000505447388
YMR244C-A,YPL211W,0,-2.1764994,0.034944236278533936,0.04699999839067459,0.1298000067472458
YMR303C,YDR254W,0,-2.1766706,0.034918274730443954,0.04699999839067459,0.1298999935388565
YML091C,YKR013W,0,-2.1768088,0.034892354160547256,0.04699999839067459,0.12999999523162842
YGR258C,YDR540C,0,-2.176991,0.034866467118263245,0.04699999839067459,0.13009999692440033
YPL269W,YLR340W,0,-2.1772728,0.034840621054172516,0.04699999839067459,0.13019999861717224
YHR168W,YDR170W-A,0,-2.1777864,0.03481481596827507,0.04699999839067459,0.13030000030994415
YNL015W,YIL067C,0,-2.1780713,0.03478904440999031,0.04699999839067459,0.13040000200271606
YDR444W,YDL015C,0,-2.1787922,0.034763313829898834,0.04699999839067459,0.13050000369548798
YGL181W,YIR003W,0,-2.178882,0.03473762050271034,0.04699999839067459,0.1306000053882599
YAR044W,YKL152C,0,-2.1790628,0.034711964428424835,0.04699999839067459,0.1307000070810318
YJL102W,YDL038C,0,-2.1790986,0.03468634560704231,0.04699999839067459,0.13079999387264252
YER138C,YPL085W,0,-2.179355,0.03466076776385307,0.04699999839067459,0.13089999556541443
YLL027W,YGR287C,0,-2.1794844,0.03463522344827652,0.04699999839067459,0.13099999725818634
YLR009W,YNL095C,0,-2.1805549,0.03460972011089325,0.04699999839067459,0.13109999895095825
YIR038C,YDL039C,0,-2.18059,0.034584254026412964,0.04699999839067459,0.13120000064373016
YOL053C-A,YGR276C,0,-2.1808314,0.03455882519483566,0.04699999839067459,0.13130000233650208
YNL016W,YDR170W-A,0,-2.1810281,0.03453342989087105,0.04699999839067459,0.131400004029274
YDL109C,YDR534C,0,-2.181046,0.034508075565099716,0.04699999839067459,0.1315000057220459
YAR035W,YLL040C,0,-2.181248,0.03448275849223137,0.04699999839067459,0.1316000074148178
YJL225C,YNL188W,0,-2.1813188,0.034457478672266006,0.04699999839067459,0.13169999420642853
YGL210W-A,YBR158W,0,-2.181341,0.03443223610520363,0.04699999839067459,0.13179999589920044
YLR136C,YOR303W,0,-2.1816263,0.03440702706575394,0.04699999839067459,0.13189999759197235
YJL093C,YBR241C,0,-2.181904,0.03438185900449753,0.04699999839067459,0.13199999928474426
YGR249W,YDR338C,0,-2.1822839,0.034356724470853806,0.04699999839067459,0.13210000097751617
YAL032C,YLR297W,0,-2.1825473,0.03433162719011307,0.04699999839067459,0.13220000267028809
YLR276C,YLR229C,0,-2.182549,0.03430657088756561,0.04699999839067459,0.13230000436306
YKL095W,YMR244C-A,0,-2.18259,0.034281548112630844,0.04699999839067459,0.1324000060558319
YLR147C,YJL160C,0,-2.1829453,0.03425655886530876,0.04699999839067459,0.13249999284744263
YPL162C,YCL057C-A,0,-2.1830013,0.03423161059617996,0.04699999839067459,0.13259999454021454
YDL212W,YJR098C,0,-2.1831117,0.03420669585466385,0.04699999839067459,0.13269999623298645
YJR155W,YNL058C,0,-2.1834362,0.03418181836605072,0.04699999839067459,0.13279999792575836
YCR040W,YDL229W,0,-2.1835232,0.034156978130340576,0.04699999839067459,0.13289999961853027
YMR034C,YOL158C,0,-2.183538,0.03413217142224312,0.04699999839067459,0.13300000131130219
YPL012W,YIL009C-A,0,-2.1837103,0.034107401967048645,0.04699999839067459,0.1331000030040741
YER160C,YPL249C-A,0,-2.1837466,0.034082669764757156,0.04699999839067459,0.133200004696846
YDR090C,YGR056W,0,-2.1837845,0.034057971090078354,0.04699999839067459,0.13330000638961792
YOR381W,YDR134C,0,-2.184211,0.034033309668302536,0.04699999839067459,0.13339999318122864
YKL004W,YER138C,0,-2.1842256,0.034008681774139404,0.04699999839067459,0.13349999487400055
YFL066C,YFL039C,0,-2.1845202,0.03398409113287926,0.04699999839067459,0.13359999656677246
YPL155C,YCR047C,0,-2.1845293,0.033959537744522095,0.04699999839067459,0.13369999825954437
YKL198C,YHL033C,0,-2.1845868,0.03393501788377762,0.04699999839067459,0.13379999995231628
YDR263C,YJL012C-A,0,-2.184588,0.03391053527593613,0.04699999839067459,0.1339000016450882
YDR387C,YKL127W,0,-2.1850293,0.03388608619570732,0.04699999839067459,0.1340000033378601
YLR419W,YPL266W,0,-2.1853895,0.0338616706430912,0.04699999839067459,0.13410000503063202
YOR371C,YGR287C,0,-2.1854467,0.03383729234337807,0.04699999839067459,0.13420000672340393
YBL010C,YML129C,0,-2.1854603,0.03381295129656792,0.04699999839067459,0.13429999351501465
YPR204W,YFR051C,0,-2.1856017,0.033788640052080154,0.04699999839067459,0.13439999520778656
YBL034C,YIL155C,0,-2.1856544,0.03376436606049538,0.04699999839067459,0.13449999690055847
YER013W,YGR067C,0,-2.1856844,0.03374012932181358,0.04699999839067459,0.13459999859333038
YER113C,YIL067C,0,-2.1857731,0.033715926110744476,0.04699999839067459,0.1347000002861023
YBR228W,YOR208W,0,-2.185862,0.033691756427288055,0.04699999839067459,0.1348000019788742
YPR056W,YDR026C,0,-2.1859977,0.03366762027144432,0.04699999839067459,0.13490000367164612
YDR056C,YOR393W,0,-2.1861665,0.03364352136850357,0.04699999839067459,0.13500000536441803
YML126C,YGL169W,0,-2.1861825,0.03361945599317551,0.04699999839067459,0.13510000705718994
YIL105C,YKL163W,0,-2.1861975,0.03359542414546013,0.04699999839067459,0.13519999384880066
YKR081C,YJL109C,0,-2.1862178,0.033571429550647736,0.04699999839067459,0.13529999554157257
YJR065C,YLR312C-B,0,-2.1863575,0.03354746475815773,0.04699999839067459,0.13539999723434448
YBL024W,YPL249C-A,0,-2.1865537,0.03352353721857071,0.04699999839067459,0.1354999989271164
YLR264W,YGL035C,0,-2.1869345,0.033499643206596375,0.04699999839067459,0.1356000006198883
YLR344W,YLR452C,0,-2.1874197,0.033475782722234726,0.04699999839067459,0.13570000231266022
YAR027W,YAL054C,0,-2.187553,0.033451955765485764,0.04699999839067459,0.13580000400543213
YGR251W,YER171W,0,-2.1876621,0.033428166061639786,0.04699999839067459,0.13590000569820404
YMR058W,YPL123C,0,-2.1877534,0.033404406160116196,0.04699999839067459,0.13600000739097595
YLR100W,YCL019W,0,-2.1878097,0.03338068351149559,0.04699999839067459,0.13609999418258667
YOR123C,YKL200C,0,-2.1881404,0.03335699066519737,0.04699999839067459,0.13619999587535858
YPL194W,YJR056C,0,-2.188286,0.03333333507180214,0.04699999839067459,0.1362999975681305
YKL108W,YGR088W,0,-2.1883073,0.033309709280729294,0.04699999839067459,0.1363999992609024
YBR280C,YIL017W,1,-2.1883698,0.03399433568120003,0.04800000041723251,0.1363999992609024
YOL157C,YNL210W,0,-2.1889248,0.03397027775645256,0.04800000041723251,0.13650000095367432
YNR061C,YGR155W,0,-2.1890166,0.03394625335931778,0.04800000041723251,0.13660000264644623
YMR071C,YDR018C,0,-2.1894734,0.033922262489795685,0.04800000041723251,0.13670000433921814
YKR103W,YKL200C,0,-2.189564,0.033898305147886276,0.04800000041723251,0.13680000603199005
YDR134C,YFL031W,0,-2.1895826,0.033874381333589554,0.04800000041723251,0.13689999282360077
YDR418W,YOL017W,0,-2.190044,0.033850494772195816,0.04800000041723251,0.13699999451637268
YDR418W,YDR252W,0,-2.1901147,0.033826638013124466,0.04800000041723251,0.1370999962091446
YLR099C,YFL002W-A,0,-2.1905537,0.0338028185069561,0.04800000041723251,0.1371999979019165
YMR083W,YDR283C,0,-2.1906312,0.03377902880311012,0.04800000041723251,0.13729999959468842
YOR389W,YBR067C,0,-2.1907265,0.03375527262687683,0.04800000041723251,0.13740000128746033
YDR056C,YDL033C,0,-2.1909652,0.033731553703546524,0.04800000041723251,0.13750000298023224
YMR099C,YNL039W,0,-2.1912203,0.033707864582538605,0.04800000041723251,0.13760000467300415
YOR162C,YAL010C,0,-2.1913903,0.03368420898914337,0.04800000041723251,0.13770000636577606
YKL221W,YCR012W,0,-2.1914783,0.03366059064865112,0.04800000041723251,0.13779999315738678
YDR318W,YKL100C,0,-2.191569,0.03363700211048126,0.04800000041723251,0.1378999948501587
YEL042W,YJL191W,0,-2.1916642,0.03361344709992409,0.04800000041723251,0.1379999965429306
YGR047C,YPL240C,0,-2.1918542,0.0335899218916893,0.04800000041723251,0.13809999823570251
YCR023C,YDL184C,0,-2.1918843,0.0335664339363575,0.04800000041723251,0.13819999992847443
YJL052W,YDL206W,0,-2.1928775,0.033542975783348083,0.04800000041723251,0.13830000162124634
YDR329C,YPR168W,0,-2.1929169,0.03351955488324165,0.04800000041723251,0.13840000331401825
YFR042W,YJL113W,0,-2.1931558,0.03349616006016731,0.04800000041723251,0.13850000500679016
YDR115W,YGL186C,0,-2.1932263,0.033472802489995956,0.04800000041723251,0.13860000669956207
YBR195C,YDR385W,0,-2.1934998,0.033449478447437286,0.04800000041723251,0.1386999934911728
YER014C-A,YPL068C,0,-2.1936464,0.033426184207201004,0.04800000041723251,0.1387999951839447
YNR063W,YNL219C,0,-2.1937578,0.03340292349457741,0.04800000041723251,0.1388999968767166
YGL030W,YGR292W,0,-2.1939828,0.0333796925842762,0.04800000041723251,0.13899999856948853
YLR318W,YBL042C,0,-2.1943026,0.033356498926877975,0.04800000041723251,0.13910000026226044
YKR098C,YDR541C,0,-2.1945505,0.03333333507180214,0.04800000041723251,0.13920000195503235
YOL058W,YGR084C,0,-2.1945791,0.03331020101904869,0.04800000041723251,0.13930000364780426
YOR348C,YDR071C,0,-2.195047,0.03328710049390793,0.04800000041723251,0.13940000534057617
YLR024C,YHL018W,0,-2.1957545,0.03326403349637985,0.04800000041723251,0.13950000703334808
YGL062W,YIL080W,0,-2.1960022,0.033240996301174164,0.04800000041723251,0.1395999938249588
YJL080C,YML058W-A,0,-2.1960092,0.03321799263358116,0.04800000041723251,0.1396999955177307
YDR171W,YJR033C,0,-2.1961174,0.033195022493600845,0.04800000041723251,0.13979999721050262
YBL005W-A,YFL014W,0,-2.1962078,0.03317207843065262,0.04800000041723251,0.13989999890327454
YBR239C,YDL165W,0,-2.1965823,0.033149171620607376,0.04800000041723251,0.14000000059604645
YBL113C,YBL097W,0,-2.1971464,0.03312629461288452,0.04800000041723251,0.14010000228881836
YDR239C,YAL005C,0,-2.1972558,0.033103447407484055,0.04800000041723251,0.14020000398159027
YDR320C,YJR159W,0,-2.1972935,0.033080633729696274,0.04800000041723251,0.14030000567436218
YNL325C,YLR391W,0,-2.1975205,0.03305784985423088,0.04800000041723251,0.1404000073671341
YDR123C,YGR272C,0,-2.197585,0.033035099506378174,0.04800000041723251,0.1404999941587448
YDR056C,YKL112W,0,-2.1977923,0.033012378960847855,0.04800000041723251,0.14059999585151672
YBR176W,YLL032C,0,-2.1980116,0.03298969194293022,0.04800000041723251,0.14069999754428864
YNL110C,YHR039C-B,0,-2.1992342,0.032967034727334976,0.04800000041723251,0.14079999923706055
YPR001W,YNL101W,0,-2.199451,0.03294440731406212,0.04800000041723251,0.14090000092983246
YPL112C,YHL008C,0,-2.1997929,0.03292180970311165,0.04800000041723251,0.14100000262260437
YGL170C,YPL068C,0,-2.2002132,0.032899245619773865,0.04800000041723251,0.14110000431537628
YAR066W,YDR218C,0,-2.200303,0.03287671133875847,0.04800000041723251,0.1412000060081482
YDR307W,YGL207W,0,-2.2003891,0.03285421058535576,0.04800000041723251,0.1412999927997589
YEL058W,YJL225C,0,-2.2004807,0.03283173590898514,0.04800000041723251,0.14139999449253082
YLR035C-A,YDR085C,0,-2.2005935,0.0328092947602272,0.04800000041723251,0.14149999618530273
YML033W,YNL127W,0,-2.2021027,0.032786883413791656,0.04800000041723251,0.14159999787807465
YOL007C,YKL216W,0,-2.2023604,0.032764505594968796,0.04800000041723251,0.14169999957084656
YKL164C,YLR312C-B,0,-2.2024117,0.032742153853178024,0.04800000041723251,0.14180000126361847
YBL010C,YDR385W,0,-2.2025642,0.03271983563899994,0.04800000041723251,0.14190000295639038
YLR172C,YER174C,0,-2.2025864,0.03269754722714424,0.04800000041723251,0.1420000046491623
YGL002W,YJL113W,0,-2.2029417,0.03267528861761093,0.04800000041723251,0.1421000063419342
YCL008C,YDR054C,1,-2.2029483,0.03333333507180214,0.04899999871850014,0.1421000063419342
YKL222C,YBR203W,0,-2.2029512,0.033310674130916595,0.04899999871850014,0.14219999313354492
YKR020W,YEL011W,0,-2.203144,0.03328804299235344,0.04899999871850014,0.14229999482631683
YNL099C,YJL160C,0,-2.2033672,0.03326544538140297,0.04899999871850014,0.14239999651908875
YBR150C,YKL200C,0,-2.2034209,0.03324287757277489,0.04899999871850014,0.14249999821186066
YKL180W,YFL002W-A,0,-2.2035363,0.03322033956646919,0.04899999871850014,0.14259999990463257
YDR347W,YDL025C,0,-2.2035918,0.033197831362485886,0.04899999871850014,0.14270000159740448
YER078C,YGR010W,0,-2.2038682,0.033175356686115265,0.04899999871850014,0.1428000032901764
YKL096W,YFL023W,0,-2.2039769,0.03315290808677673,0.04899999871850014,0.1429000049829483
YNL302C,YDR239C,0,-2.2039924,0.03313049301505089,0.04899999871850014,0.14300000667572021
YER138C,YNL273W,0,-2.2041678,0.03310810774564743,0.04899999871850014,0.14309999346733093
YPR103W,YBR280C,1,-2.2041824,0.03376097232103348,0.05000000074505806,0.14309999346733093
YDR444W,YOR155C,0,-2.2042742,0.03373819217085838,0.05000000074505806,0.14319999516010284
YDR255C,YPR127W,0,-2.2048151,0.033715441823005676,0.05000000074505806,0.14329999685287476
YBR021W,YLR040C,0,-2.2051919,0.03369272127747536,0.05000000074505806,0.14339999854564667
YCR039C,YER096W,0,-2.2055712,0.033670034259557724,0.05000000074505806,0.14350000023841858
YMR135C,YNR070W,0,-2.2057319,0.03364737704396248,0.05000000074505806,0.1436000019311905
YML132W,YGL060W,0,-2.206121,0.03362474963068962,0.05000000074505806,0.1437000036239624
YMR176W,YBR289W,0,-2.2062337,0.03360215201973915,0.05000000074505806,0.14380000531673431
YPL269W,YPL066W,0,-2.206263,0.03357958421111107,0.05000000074505806,0.14390000700950623
YJR009C,YJL090C,0,-2.2066567,0.033557046204805374,0.05000000074505806,0.14399999380111694
YLR424W,YKL100C,0,-2.2069285,0.033534541726112366,0.05000000074505806,0.14409999549388885
YIL083C,YPL194W,0,-2.2070718,0.03351206332445145,0.05000000074505806,0.14419999718666077
YLR164W,YLR120C,0,-2.2072585,0.033489618450403214,0.05000000074505806,0.14429999887943268
YGR172C,YCR055C,0,-2.2077436,0.03346720337867737,0.05000000074505806,0.1444000005722046
YAL021C,YMR170C,0,-2.2077453,0.03344481438398361,0.05000000074505806,0.1445000022649765
YER087C-A,YML109W,0,-2.2077653,0.03342245891690254,0.05000000074505806,0.1446000039577484
YLR160C,YLR213C,0,-2.2079542,0.03340013325214386,0.05000000074505806,0.14470000565052032
YOL092W,YBR238C,0,-2.2080264,0.033377837389707565,0.05000000074505806,0.14480000734329224
YNL099C,YBL005W-A,0,-2.208181,0.03335557132959366,0.05000000074505806,0.14489999413490295
YOR251C,YNL222W,0,-2.2085087,0.03333333507180214,0.05000000074505806,0.14499999582767487
YHR004C,YER185W,0,-2.208617,0.03331112489104271,0.05000000074505806,0.14509999752044678
YBL097W,YNL112W,0,-2.2086895,0.033288948237895966,0.05000000074505806,0.1451999992132187
YJL002C,YCR055C,0,-2.2087052,0.03326680138707161,0.05000000074505806,0.1453000009059906
YDR239C,YPR031W,0,-2.208983,0.03324468061327934,0.05000000074505806,0.1454000025987625
YDR530C,YCL003W,0,-2.2090619,0.033222589641809464,0.05000000074505806,0.14550000429153442
YMR104C,YOL030W,0,-2.2094147,0.03320053219795227,0.05000000074505806,0.14560000598430634
YGR061C,YLR042C,0,-2.2094612,0.03317850083112717,0.05000000074505806,0.14569999277591705
YJR025C,YBR154C,0,-2.209664,0.03315649926662445,0.05000000074505806,0.14579999446868896
YCR081W,YMR290C,0,-2.2096786,0.03313452750444412,0.05000000074505806,0.14589999616146088
YCR043C,YCR048W,0,-2.209848,0.03311258181929588,0.05000000074505806,0.1459999978542328
YJL102W,YOR332W,0,-2.2101307,0.03309066966176033,0.05000000074505806,0.1460999995470047
YOL092W,YDR113C,0,-2.2106729,0.033068783581256866,0.05000000074505806,0.1462000012397766
YHR174W,YCL019W,0,-2.2111351,0.03304692730307579,0.05000000074505806,0.14630000293254852
YDR322W,YMR169C,0,-2.2116907,0.0330251008272171,0.05000000074505806,0.14640000462532043
YMR034C,YDL075W,0,-2.2121415,0.0330033004283905,0.05000000074505806,0.14650000631809235
YDL025C,YOR275C,0,-2.2121503,0.03298152983188629,0.05000000074505806,0.14659999310970306
YDR415C,YHR211W,0,-2.2122169,0.03295978903770447,0.05000000074505806,0.14669999480247498
YDR293C,YLR064W,0,-2.2126465,0.03293807804584503,0.05000000074505806,0.1467999964952469
YHR016C,YDR320C-A,0,-2.2130916,0.032916393131017685,0.05000000074505806,0.1468999981880188
YGL229C,YKR050W,0,-2.2132356,0.032894738018512726,0.05000000074505806,0.1469999998807907
YBR073W,YHR007C,0,-2.2134037,0.032873108983039856,0.05000000074505806,0.14710000157356262
YOL097C,YMR244C-A,0,-2.2135947,0.032851509749889374,0.05000000074505806,0.14720000326633453
YER140W,YIL079C,0,-2.2137437,0.03282994031906128,0.05000000074505806,0.14730000495910645
YBR056W,YHR107C,0,-2.2138002,0.03280840069055557,0.05000000074505806,0.14740000665187836
YGR159C,YDR378C,0,-2.2138367,0.032786883413791656,0.05000000074505806,0.14749999344348907
YAR027W,YMR193W,0,-2.2139516,0.03276539966464043,0.05000000074505806,0.147599995136261
YMR170C,YKL025C,0,-2.2145243,0.032743941992521286,0.05000000074505806,0.1476999968290329
YDR358W,YPR103W,1,-2.2145524,0.03337696194648743,0.050999999046325684,0.1476999968290329
YNL336W,YJL214W,0,-2.2151384,0.03335513547062874,0.050999999046325684,0.1477999985218048
YMR273C,YDL142C,0,-2.2152367,0.03333333507180214,0.050999999046325684,0.14790000021457672
YDR541C,YLR312W-A,0,-2.2152524,0.03331156075000763,0.050999999046325684,0.14800000190734863
YNL016W,YLR042C,0,-2.2158873,0.03328981623053551,0.050999999046325684,0.14810000360012054
YLR356W,YDR033W,0,-2.2160068,0.03326810151338577,0.050999999046325684,0.14820000529289246
YHR200W,YDR306C,1,-2.216212,0.033898305147886276,0.052000001072883606,0.14820000529289246
YER054C,YLR318W,0,-2.2164369,0.033876221626996994,0.052000001072883606,0.14830000698566437
YHR140W,YDR479C,0,-2.216538,0.0338541679084301,0.052000001072883606,0.14839999377727509
YGR207C,YDR351W,0,-2.2165592,0.033832140266895294,0.052000001072883606,0.148499995470047
YHR112C,YJL005W,0,-2.2169063,0.03381014242768288,0.052000001072883606,0.1485999971628189
YNL290W,YOR338W,0,-2.2169588,0.03378817439079285,0.052000001072883606,0.14869999885559082
YNL146W,YKL090W,0,-2.2170177,0.033766232430934906,0.052000001072883606,0.14880000054836273
YDL061C,YOR229W,0,-2.2179768,0.03374432027339935,0.052000001072883606,0.14890000224113464
YBL093C,YMR046C,0,-2.2182446,0.03372243791818619,0.052000001072883606,0.14900000393390656
YGL209W,YKL183W,0,-2.21845,0.03370058164000511,0.052000001072883606,0.14910000562667847
YML080W,YEL047C,0,-2.21865,0.03367875516414642,0.052000001072883606,0.14920000731945038
YOL129W,YPL147W,0,-2.2187932,0.03365695849061012,0.052000001072883606,0.1492999941110611
YBR183W,YAR044W,0,-2.2191253,0.03363518789410591,0.052000001072883606,0.149399995803833
YMR281W,YDR476C,0,-2.2191422,0.03361344709992409,0.052000001072883606,0.14949999749660492
YDR012W,YJL129C,0,-2.2191608,0.03359173238277435,0.052000001072883606,0.14959999918937683
YHR032W,YPR183W,0,-2.2192023,0.03357004374265671,0.052000001072883606,0.14970000088214874
YMR268W-A,YGR159C,0,-2.2192278,0.03354838863015175,0.052000001072883606,0.14980000257492065
YBR159W,YOR084W,0,-2.2192822,0.03352675586938858,0.052000001072883606,0.14990000426769257
YIL091C,YJL051W,0,-2.2195385,0.0335051529109478,0.052000001072883606,0.15000000596046448
YJR029W,YER111C,0,-2.2198114,0.03348357975482941,0.052000001072883606,0.1500999927520752
YCL025C,YDR299W,0,-2.2198808,0.0334620326757431,0.052000001072883606,0.1501999944448471
YJL102W,YKL053C-A,0,-2.2199442,0.03344051539897919,0.052000001072883606,0.15029999613761902
YOL157C,YDR231C,0,-2.220249,0.03341902419924736,0.052000001072883606,0.15039999783039093
YPL159C,YOR378W,0,-2.2203183,0.03339755907654762,0.052000001072883606,0.15049999952316284
YGL170C,YOR124C,0,-2.220448,0.03337612375617027,0.052000001072883606,0.15060000121593475
YJL213W,YOR327C,0,-2.2209897,0.03335471451282501,0.052000001072883606,0.15070000290870667
YCR023C,YOL165C,0,-2.2212338,0.03333333507180214,0.052000001072883606,0.15080000460147858
YNL336W,YGL002W,0,-2.2212398,0.03331197798252106,0.052000001072883606,0.1509000062942505
YMR303C,YKR003W,0,-2.2214513,0.03329065442085266,0.052000001072883606,0.1509999930858612
YCR026C,YPR096C,0,-2.2216153,0.033269353210926056,0.052000001072883606,0.15109999477863312
YGL157W,YOR310C,0,-2.2217605,0.03324808180332184,0.052000001072883606,0.15119999647140503
YOR128C,YKL100C,0,-2.2223132,0.03322683647274971,0.052000001072883606,0.15129999816417694
YGL039W,YDL130W,0,-2.2232552,0.03320562094449997,0.052000001072883606,0.15139999985694885
YLR272C,YOR240W,0,-2.2233782,0.03318442776799202,0.052000001072883606,0.15150000154972076
YOR010C,YNR004W,0,-2.223514,0.03316326439380646,0.052000001072883606,0.15160000324249268
YDR131C,YHR166C,1,-2.2239246,0.03377947583794594,0.05299999937415123,0.15160000324249268
YBR122C,YDR210W,0,-2.2241867,0.03375796228647232,0.05299999937415123,0.1517000049352646
YPL068C,YGL254W,0,-2.2242177,0.03373647481203079,0.05299999937415123,0.1518000066280365
YKL210W,YJR015W,0,-2.2245169,0.03371501341462135,0.05299999937415123,0.15189999341964722
YCL027W,YCR102C,0,-2.2246513,0.033693578094244,0.05299999937415123,0.15199999511241913
YBR239C,YER020W,0,-2.2246842,0.03367217257618904,0.05299999937415123,0.15209999680519104
YMR134W,YKL008C,0,-2.2251022,0.03365079313516617,0.05299999937415123,0.15219999849796295
YNR075W,YOR124C,0,-2.225386,0.033629439771175385,0.05299999937415123,0.15230000019073486
YEL017C-A,YPR127W,0,-2.2254865,0.03360811620950699,0.05299999937415123,0.15240000188350677
YPL066W,YDR425W,0,-2.2258072,0.03358681872487068,0.05299999937415123,0.1525000035762787
YMR016C,YOR287C,0,-2.2260933,0.033565547317266464,0.05299999937415123,0.1526000052690506
YKL082C,YCR020W-B,0,-2.2261322,0.033544301986694336,0.05299999937415123,0.1527000069618225
YPR058W,YLR301W,0,-2.2263076,0.033523086458444595,0.05299999937415123,0.15279999375343323
YLR306W,YBL042C,0,-2.226541,0.033501897007226944,0.05299999937415123,0.15289999544620514
YGL037C,YCR102C,0,-2.2271183,0.03348073363304138,0.05299999937415123,0.15299999713897705
YCL036W,YJR143C,0,-2.2271202,0.03345959633588791,0.05299999937415123,0.15309999883174896
YMR172W,YLR040C,0,-2.2272806,0.033438485115766525,0.05299999937415123,0.15320000052452087
YLR309C,YIL170W,0,-2.2274616,0.03341740369796753,0.05299999937415123,0.15330000221729279
YLL004W,YNL308C,0,-2.2275662,0.033396344631910324,0.05299999937415123,0.1534000039100647
YBR239C,YLR212C,0,-2.2276535,0.03337531536817551,0.05299999937415123,0.1535000056028366
YMR268W-A,YBR129C,0,-2.2280037,0.03335431218147278,0.05299999937415123,0.15360000729560852
YPL183W-A,YPL281C,0,-2.2280304,0.03333333507180214,0.05299999937415123,0.15369999408721924
YGL191W,YFR045W,0,-2.2280982,0.03331238031387329,0.05299999937415123,0.15379999577999115
YBL067C,YLR348C,0,-2.2283192,0.03329145908355713,0.05299999937415123,0.15389999747276306
YBR088C,YCR034W,0,-2.228361,0.03327056020498276,0.05299999937415123,0.15399999916553497
YER065C,YCL003W,0,-2.2285213,0.033249687403440475,0.05299999937415123,0.15410000085830688
YJL099W,YHR030C,0,-2.228942,0.03322884067893028,0.05299999937415123,0.1542000025510788
YER150W,YLR145W,0,-2.2291434,0.03320802003145218,0.05299999937415123,0.1543000042438507
YJR097W,YNL175C,0,-2.22931,0.033187225461006165,0.05299999937415123,0.15440000593662262
YPL108W,YDR137W,0,-2.2293696,0.03316645696759224,0.05299999937415123,0.15449999272823334
YGL251C,YLR467W,0,-2.229717,0.0331457145512104,0.05299999937415123,0.15459999442100525
YKL158W,YPL255W,0,-2.229754,0.03312499821186066,0.05299999937415123,0.15469999611377716
YER056C-A,YER138C,0,-2.2297633,0.033104307949543,0.05299999937415123,0.15479999780654907
YDR358W,YPL002C,1,-2.229868,0.033707864582538605,0.05400000140070915,0.15479999780654907
YER006W,YGL051W,0,-2.2299297,0.03368683531880379,0.05400000140070915,0.15489999949932098
YDL121C,YAL001C,0,-2.2300105,0.03366583585739136,0.05400000140070915,0.1550000011920929
YKR028W,YDR248C,0,-2.2300448,0.03364485874772072,0.05400000140070915,0.1551000028848648
YER078C,YMR070W,0,-2.2301748,0.03362391144037247,0.05400000140070915,0.15520000457763672
YBR026C,YOR124C,0,-2.2302232,0.033602986484766006,0.05400000140070915,0.15530000627040863
YER117W,YDL164C,0,-2.2303424,0.033582091331481934,0.05400000140070915,0.15539999306201935
YBL026W,YBL005W-B,0,-2.230394,0.03356121852993965,0.05400000140070915,0.15549999475479126
YPL003W,YMR164C,0,-2.2304177,0.03354037180542946,0.05400000140070915,0.15559999644756317
YDR239C,YJR002W,0,-2.2304525,0.03351955488324165,0.05400000140070915,0.15569999814033508
YOL067C,YDR387C,0,-2.2306297,0.03349876031279564,0.05400000140070915,0.155799999833107
YLR158C,YML129C,0,-2.2307112,0.033477991819381714,0.05400000140070915,0.1559000015258789
YJL029C,YKR018C,0,-2.2309003,0.03345724940299988,0.05400000140070915,0.15600000321865082
YJL194W,YPR127W,0,-2.231022,0.03343653306365013,0.05400000140070915,0.15610000491142273
YOL115W,YNR074C,0,-2.2312877,0.033415842801332474,0.05400000140070915,0.15620000660419464
YDR492W,YBR164C,0,-2.2313535,0.03339517489075661,0.05400000140070915,0.15629999339580536
YLR164W,YER111C,0,-2.2314973,0.03337453678250313,0.05400000140070915,0.15639999508857727
YJR107W,YOR337W,0,-2.2316346,0.03335392102599144,0.05400000140070915,0.15649999678134918
YNR028W,YPL160W,0,-2.2330725,0.03333333507180214,0.05400000140070915,0.1565999984741211
YGL047W,YPR192W,0,-2.2333398,0.03331277146935463,0.05400000140070915,0.156700000166893
YER087W,YDR387C,0,-2.2335973,0.03329223021864891,0.05400000140070915,0.15680000185966492
YNR061C,YIL157C,0,-2.233712,0.03327171877026558,0.05400000140070915,0.15690000355243683
YDL108W,YJL160C,0,-2.234109,0.03325122967362404,0.05400000140070915,0.15700000524520874
YDR534C,YIL073C,0,-2.234115,0.033230770379304886,0.05400000140070915,0.15710000693798065
YIL145C,YDL025C,0,-2.2342675,0.033210333436727524,0.05400000140070915,0.15719999372959137
YKL071W,YML081C-A,0,-2.2342916,0.03318991884589195,0.05400000140070915,0.15729999542236328
YML093W,YPR080W,0,-2.2348878,0.03316953405737877,0.05400000140070915,0.1573999971151352
YOR356W,YFL023W,0,-2.2351224,0.033149171620607376,0.05400000140070915,0.1574999988079071
YJR029W,YCL036W,0,-2.2355127,0.03312883526086807,0.05400000140070915,0.15760000050067902
YNL069C,YPR065W,0,-2.2356293,0.03310852125287056,0.05400000140070915,0.15770000219345093
YLR414C,YBL085W,0,-2.2357059,0.033088237047195435,0.05400000140070915,0.15780000388622284
YER068W,YKL163W,0,-2.2360733,0.0330679714679718,0.05400000140070915,0.15790000557899475
YLR404W,YEL071W,0,-2.2363553,0.03304773569107056,0.05400000140070915,0.15800000727176666
YHR168W,YOL053C-A,0,-2.2365487,0.0330275222659111,0.05400000140070915,0.15809999406337738
YAR010C,YLR105C,0,-2.2365642,0.03300733491778374,0.05400000140070915,0.1581999957561493
YDR131C,YER012W,1,-2.2369668,0.033598046749830246,0.054999999701976776,0.1581999957561493
YCL026C-A,YCR087C-A,0,-2.237501,0.033577535301446915,0.054999999701976776,0.1582999974489212
YIR007W,YPR171W,0,-2.2375748,0.033557046204805374,0.054999999701976776,0.15839999914169312
YGL147C,YLR226W,0,-2.23765,0.03353658691048622,0.054999999701976776,0.15850000083446503
YMR104C,YHR099W,0,-2.2377582,0.03351614996790886,0.054999999701976776,0.15860000252723694
YFL038C,YIR003W,0,-2.2379003,0.03349573537707329,0.054999999701976776,0.15870000422000885
YIR039C,YJL164C,0,-2.2383177,0.033475350588560104,0.054999999701976776,0.15880000591278076
YOL038W,YBR280C,1,-2.2386844,0.03406326100230217,0.0560000017285347,0.15880000591278076
YER088C,YKR045C,0,-2.2387793,0.03404255211353302,0.0560000017285347,0.15889999270439148
YDR451C,YER118C,0,-2.238817,0.03402187302708626,0.0560000017285347,0.1589999943971634
YJR159W,YDR162C,0,-2.239067,0.03400121256709099,0.0560000017285347,0.1590999960899353
YDR159W,YMR045C,0,-2.2391663,0.033980581909418106,0.0560000017285347,0.15919999778270721
YLR275W,YAR002C-A,0,-2.23959,0.03395997732877731,0.0560000017285347,0.15929999947547913
YER054C,YNL284C,0,-2.2396047,0.03393939509987831,0.0560000017285347,0.15940000116825104
YMR295C,YGR075C,0,-2.2397454,0.0339188352227211,0.0560000017285347,0.15950000286102295
YIL170W,YOR092W,0,-2.239783,0.033898305147886276,0.0560000017285347,0.15960000455379486
YHR059W,YOR315W,0,-2.2402413,0.03387779742479324,0.0560000017285347,0.15970000624656677
YHL020C,YIR014W,0,-2.2402897,0.0338573157787323,0.0560000017285347,0.1597999930381775
YDR380W,YGL233W,0,-2.2403712,0.03383685648441315,0.0560000017285347,0.1598999947309494
YKL220C,YHL008C,0,-2.2405407,0.03381642326712608,0.0560000017285347,0.1599999964237213
YCL059C,YPL158C,0,-2.2405782,0.03379601612687111,0.0560000017285347,0.16009999811649323
YHR045W,YDR389W,0,-2.2407305,0.033775635063648224,0.0560000017285347,0.16019999980926514
YGR262C,YOR283W,0,-2.2409232,0.03375527262687683,0.0560000017285347,0.16030000150203705
YPR081C,YJR028W,0,-2.2409468,0.033734939992427826,0.0560000017285347,0.16040000319480896
YCR024C-A,YML087C,0,-2.2409909,0.03371462970972061,0.0560000017285347,0.16050000488758087
YDL112W,YKR039W,0,-2.241284,0.033694345504045486,0.0560000017285347,0.16060000658035278
YDL084W,YBL106C,0,-2.2414856,0.03367408365011215,0.0560000017285347,0.1606999933719635
YNL241C,YBR026C,0,-2.2416677,0.03365384787321091,0.0560000017285347,0.1607999950647354
YOR230W,YLR391W,0,-2.242209,0.03363363444805145,0.0560000017285347,0.16089999675750732
YIL121W,YLR048W,0,-2.2424297,0.03361344709992409,0.0560000017285347,0.16099999845027924
YDR238C,YKL027W,0,-2.242449,0.03359328210353851,0.0560000017285347,0.16110000014305115
YNL096C,YLR136C,0,-2.2424686,0.03357314318418503,0.0560000017285347,0.16120000183582306
YLR117C,YBL010C,0,-2.242676,0.033553026616573334,0.0560000017285347,0.16130000352859497
YDR380W,YCL030C,0,-2.2430048,0.03353293240070343,0.0560000017285347,0.16140000522136688
YCR098C,YIR007W,0,-2.244291,0.033512867987155914,0.0560000017285347,0.1615000069141388
YPR066W,YKL107W,0,-2.2444248,0.03349282220005989,0.0560000017285347,0.1615999937057495
YBR289W,YCR055C,0,-2.2445838,0.033472802489995956,0.0560000017285347,0.16169999539852142
YJL046W,YML037C,0,-2.2445993,0.03345280885696411,0.0560000017285347,0.16179999709129333
YFR005C,YHR179W,0,-2.2448814,0.03343283757567406,0.0560000017285347,0.16189999878406525
YNL146W,YER050C,0,-2.2449195,0.03341288864612579,0.0560000017285347,0.16200000047683716
YJL109C,YOR237W,0,-2.2449613,0.03339296206831932,0.0560000017285347,0.16210000216960907
YIL129C,YCR012W,0,-2.2449715,0.03337306156754494,0.0560000017285347,0.16220000386238098
YBR129C,YIL133C,0,-2.2455473,0.03335318714380264,0.0560000017285347,0.1623000055551529
YER003C,YEL069C,0,-2.2455568,0.03333333507180214,0.0560000017285347,0.1624000072479248
YBL075C,YFL050C,0,-2.246012,0.033313505351543427,0.0560000017285347,0.16249999403953552
YOR228C,YNL093W,0,-2.2464762,0.033293697983026505,0.0560000017285347,0.16259999573230743
YOL031C,YNL213C,0,-2.2466357,0.03327391669154167,0.0560000017285347,0.16269999742507935
YKR054C,YPL249C-A,0,-2.246648,0.03325415775179863,0.0560000017285347,0.16279999911785126
YOR396W,YKR061W,0,-2.2468686,0.03323442116379738,0.0560000017285347,0.16290000081062317
YML073C,YOR378W,0,-2.246906,0.03321471065282822,0.0560000017285347,0.16300000250339508
YDR405W,YBR096W,0,-2.2472608,0.033195022493600845,0.0560000017285347,0.163100004196167
YOL075C,YGL160W,0,-2.2472932,0.033175356686115265,0.0560000017285347,0.1632000058889389
YLR389C,YPR127W,0,-2.247881,0.033155713230371475,0.0560000017285347,0.16329999268054962
YHR045W,YLR450W,0,-2.2484365,0.033136095851659775,0.0560000017285347,0.16339999437332153
YDR264C,YDR307W,0,-2.2485616,0.033116500824689865,0.0560000017285347,0.16349999606609344
YIR017C,YKL117W,0,-2.24877,0.033096928149461746,0.0560000017285347,0.16359999775886536
YLR050C,YCL047C,0,-2.2488909,0.03307737782597542,0.0560000017285347,0.16369999945163727
YDR210W,YGL136C,0,-2.249635,0.03305784985423088,0.0560000017285347,0.16380000114440918
YBR093C,YGL234W,0,-2.249643,0.03303834795951843,0.0560000017285347,0.1639000028371811
YNL113W,YOL120C,0,-2.2502224,0.033018868416547775,0.0560000017285347,0.164000004529953
YPL134C,YIL172C,0,-2.2502835,0.03299941122531891,0.0560000017285347,0.16410000622272491
YIL002C,YEL077C,0,-2.2505379,0.03297997638583183,0.0560000017285347,0.16419999301433563
YNR063W,YCR040W,0,-2.250685,0.03296056389808655,0.0560000017285347,0.16429999470710754
YCR020C,YPL089C,0,-2.25077,0.03294117748737335,0.0560000017285347,0.16439999639987946
YGL137W,YBL112C,0,-2.2507923,0.03292180970311165,0.0560000017285347,0.16449999809265137
YDL155W,YNL138W-A,0,-2.2511346,0.032902467995882034,0.0560000017285347,0.16459999978542328
YOR283W,YBL017C,0,-2.25144,0.03288314864039421,0.0560000017285347,0.1647000014781952
YCR043C,YNL070W,0,-2.2520716,0.03286384791135788,0.0560000017285347,0.1648000031709671
YGL170C,YKL094W,0,-2.2520726,0.03284457325935364,0.0560000017285347,0.164900004863739
YGL079W,YLR452C,0,-2.2521083,0.032825320959091187,0.0560000017285347,0.16500000655651093
YER190W,YBR179C,0,-2.2523243,0.032806091010570526,0.0560000017285347,0.16509999334812164
YNL230C,YPR127W,0,-2.2523656,0.032786883413791656,0.0560000017285347,0.16519999504089355
YJL004C,YDL239C,0,-2.252439,0.032767701894044876,0.0560000017285347,0.16529999673366547
YIR035C,YBL112C,0,-2.2525902,0.03274853900074959,0.0560000017285347,0.16539999842643738
YLR307W,YMR087W,0,-2.2527418,0.03272939845919609,0.0560000017285347,0.1655000001192093
YCL026C-B,YKR068C,0,-2.252972,0.032710280269384384,0.0560000017285347,0.1656000018119812
YKR018C,YPR023C,0,-2.253129,0.03269118443131447,0.0560000017285347,0.1657000035047531
YPL038W,YKL222C,0,-2.2536159,0.03267211094498634,0.0560000017285347,0.16580000519752502
YLR224W,YLR097C,1,-2.2538474,0.03323615342378616,0.05700000002980232,0.16580000519752502
YPL147W,YMR139W,0,-2.254262,0.03321678191423416,0.05700000002980232,0.16590000689029694
YOR261C,YLR224W,1,-2.2543354,0.033779848366975784,0.057999998331069946,0.16590000689029694
YHR079C-A,YOR381W,0,-2.2552254,0.0337601862847805,0.057999998331069946,0.16599999368190765
YGL160W,YNL101W,0,-2.2552319,0.03374054655432701,0.057999998331069946,0.16609999537467957
YPL211W,YPR052C,0,-2.255267,0.03372092917561531,0.057999998331069946,0.16619999706745148
YJR029W,YML069W,0,-2.255478,0.0337013378739357,0.057999998331069946,0.1662999987602234
YER150W,YKR094C,0,-2.2556465,0.03368176519870758,0.057999998331069946,0.1664000004529953
YHL007C,YER160C,0,-2.255694,0.03366221860051155,0.057999998331069946,0.1665000021457672
YGR059W,YNL322C,0,-2.2559037,0.033642690628767014,0.057999998331069946,0.16660000383853912
YMR094W,YOR294W,0,-2.2564523,0.033623188734054565,0.057999998331069946,0.16670000553131104
YLR278C,YKL084W,0,-2.2565515,0.03360370919108391,0.057999998331069946,0.16680000722408295
YMR221C,YDR520C,0,-2.2567105,0.03358425199985504,0.057999998331069946,0.16689999401569366
YKL038W,YAL017W,0,-2.2567801,0.03356481343507767,0.057999998331069946,0.16699999570846558
YNL336W,YLR042C,0,-2.2568283,0.03354540094733238,0.057999998331069946,0.1670999974012375
YBR031W,YAR050W,0,-2.257084,0.03352601081132889,0.057999998331069946,0.1671999990940094
YMR194W,YCL047C,0,-2.2574105,0.033506643027067184,0.057999998331069946,0.1673000007867813
YCL008C,YIL017C,1,-2.25742,0.03406466543674469,0.05900000035762787,0.1673000007867813
YIL145C,YGL185C,0,-2.2577078,0.034045007079839706,0.05900000035762787,0.16740000247955322
YLR216C,YJR078W,0,-2.2580264,0.03402537479996681,0.05900000035762787,0.16750000417232513
YMR116C,YJL114W,0,-2.2582223,0.03400576487183571,0.05900000035762787,0.16760000586509705
YGL223C,YCL057C-A,0,-2.2583177,0.0339861735701561,0.05900000035762787,0.16769999265670776
YDR451C,YLR134W,0,-2.2583904,0.033966608345508575,0.05900000035762787,0.16779999434947968
YDR339C,YLR040C,0,-2.2586975,0.033947065472602844,0.05900000035762787,0.1678999960422516
YMR251W-A,YNL058C,0,-2.2590146,0.033927544951438904,0.05900000035762787,0.1679999977350235
YJL046W,YKL130C,0,-2.259181,0.033908046782016754,0.05900000035762787,0.1680999994277954
YNR061C,YDL065C,0,-2.2594385,0.033888570964336395,0.05900000035762787,0.16820000112056732
YLR419W,YIL040W,0,-2.2595866,0.03386911749839783,0.05900000035762787,0.16830000281333923
YLR002C,YJR145C,0,-2.2596507,0.03384968265891075,0.05900000035762787,0.16840000450611115
YER014C-A,YDR369C,0,-2.2597415,0.033830273896455765,0.05900000035762787,0.16850000619888306
YDR210W,YPR107C,0,-2.2598197,0.03381088748574257,0.05900000035762787,0.16859999299049377
YLR224W,YFR036W,1,-2.2601256,0.034364260733127594,0.05999999865889549,0.16859999299049377
YPR196W,YOL039W,0,-2.2601423,0.034344591200351715,0.05999999865889549,0.16869999468326569
YDL083C,YPR133W-A,0,-2.2611713,0.03432494401931763,0.05999999865889549,0.1687999963760376
YFL052W,YDR107C,0,-2.261321,0.03430531546473503,0.05999999865889549,0.1688999980688095
YPL170W,YER091C,0,-2.2614431,0.034285712987184525,0.05999999865889549,0.16899999976158142
YBR192W,YBR238C,0,-2.2615087,0.03426613286137581,0.05999999865889549,0.16910000145435333
YER190W,YIL143C,0,-2.2620108,0.034246575087308884,0.05999999865889549,0.16920000314712524
YFL021W,YJL160C,0,-2.2620895,0.03422703966498375,0.05999999865889549,0.16930000483989716
YER056C-A,YOR159C,0,-2.2621174,0.034207526594400406,0.05999999865889549,0.16940000653266907
YNL067W,YNL236W,0,-2.2623873,0.03418803587555885,0.05999999865889549,0.16949999332427979
YNL213C,YKR035W-A,0,-2.2624397,0.03416856378316879,0.05999999865889549,0.1695999950170517
YDR156W,YDR020C,0,-2.2633975,0.03414911776781082,0.05999999865889549,0.1696999967098236
YPL236C,YDR126W,0,-2.2637193,0.03412969410419464,0.05999999865889549,0.16979999840259552
YDR451C,YBR133C,0,-2.263847,0.03411028906702995,0.05999999865889549,0.16990000009536743
YDR479C,YBR080C,0,-2.263856,0.034090910106897354,0.05999999865889549,0.17000000178813934
YCL052C,YDR306C,1,-2.2639182,0.03463941067457199,0.061000000685453415,0.17000000178813934
YNL212W,YLR050C,0,-2.2640393,0.03461974859237671,0.061000000685453415,0.17010000348091125
YIR035C,YFL050C,0,-2.2640686,0.034600112587213516,0.061000000685453415,0.17020000517368317
YBR159W,YOR188W,0,-2.2648966,0.034580498933792114,0.061000000685453415,0.17030000686645508
YGL010W,YAR003W,0,-2.2649276,0.0345609076321125,0.061000000685453415,0.1703999936580658
YHR206W,YKL088W,0,-2.2650583,0.034541334956884384,0.061000000685453415,0.1704999953508377
YNL134C,YLR106C,0,-2.265547,0.034521788358688354,0.061000000685453415,0.17059999704360962
YIL040W,YOR116C,0,-2.2655935,0.034502264112234116,0.061000000685453415,0.17069999873638153
YHR017W,YEL041W,0,-2.2656221,0.03448275849223137,0.061000000685453415,0.17080000042915344
YPL096W,YKL213C,1,-2.2657356,0.03502824902534485,0.06199999898672104,0.17080000042915344
YJR015W,YPR047W,0,-2.2660253,0.035008471459150314,0.06199999898672104,0.17090000212192535
YGL210W-A,YPL092W,0,-2.2661085,0.03498871251940727,0.06199999898672104,0.17100000381469727
YDR451C,YMR045C,0,-2.2661736,0.03496897965669632,0.06199999898672104,0.17110000550746918
YLR042C,YDR389W,0,-2.2662642,0.03494926542043686,0.06199999898672104,0.1712000072002411
YGR125W,YIL016W,0,-2.2667744,0.03492957726120949,0.06199999898672104,0.1712999939918518
YBL003C,YOL165C,0,-2.266865,0.03490991145372391,0.06199999898672104,0.17139999568462372
YKL209C,YPR184W,0,-2.2670476,0.03489026427268982,0.06199999898672104,0.17149999737739563
YNL113W,YMR221C,0,-2.267238,0.03487063944339752,0.06199999898672104,0.17159999907016754
YPR107C,YIL170W,0,-2.2673082,0.034851040691137314,0.06199999898672104,0.17170000076293945
YOR256C,YDR306C,1,-2.2673326,0.035393256694078445,0.06300000101327896,0.17170000076293945
YCL038C,YPR204W,0,-2.2674596,0.03537338599562645,0.06300000101327896,0.17180000245571136
YJL225C,YDL140C,0,-2.2675633,0.035353533923625946,0.06300000101327896,0.17190000414848328
YGR169C,YDR385W,0,-2.2676458,0.03533370792865753,0.06300000101327896,0.1720000058412552
YJL184W,YOR361C,0,-2.2682085,0.03531390056014061,0.06300000101327896,0.1720999926328659
YDR018C,YLL038C,0,-2.2682903,0.03529411926865578,0.06300000101327896,0.17219999432563782
YFL029C,YHL044W,0,-2.2684684,0.035274356603622437,0.06300000101327896,0.17229999601840973
YOR054C,YHR140W,0,-2.2686768,0.03525461629033089,0.06300000101327896,0.17239999771118164
YJL046W,YDL065C,0,-2.268705,0.03523489832878113,0.06300000101327896,0.17249999940395355
YCR023C,YMR200W,0,-2.268865,0.03521520271897316,0.06300000101327896,0.17260000109672546
YJR103W,YML118W,0,-2.2694619,0.03519552946090698,0.06300000101327896,0.17270000278949738
YIL139C,YLR414C,0,-2.2695668,0.035175878554582596,0.06300000101327896,0.1728000044822693
YMR189W,YER049W,0,-2.2695885,0.03515625,0.06300000101327896,0.1729000061750412
YBR264C,YOR214C,0,-2.2700105,0.035136643797159195,0.06300000101327896,0.17299999296665192
YER151C,YPL211W,0,-2.270012,0.03511705622076988,0.06300000101327896,0.17309999465942383
YGR292W,YBR012W-A,0,-2.2703385,0.03509749472141266,0.06300000101327896,0.17319999635219574
YOR100C,YGL233W,0,-2.270418,0.03507795184850693,0.06300000101327896,0.17329999804496765
YCR023C,YKR039W,0,-2.2704706,0.03505843132734299,0.06300000101327896,0.17339999973773956
YGR221C,YKL027W,0,-2.2710755,0.03503893315792084,0.06300000101327896,0.17350000143051147
YOR120W,YJR004C,0,-2.271226,0.03501945361495018,0.06300000101327896,0.1736000031232834
YML026C,YHL044W,0,-2.271433,0.03500000014901161,0.06300000101327896,0.1737000048160553
YIL127C,YOR197W,0,-2.2717211,0.034980565309524536,0.06300000101327896,0.1738000065088272
YBR012W-B,YLR398C,0,-2.2726521,0.03496115282177925,0.06300000101327896,0.17389999330043793
YDL061C,YDR026C,0,-2.2733033,0.03494176268577576,0.06300000101327896,0.17399999499320984
YER095W,YIR003W,0,-2.27345,0.03492239490151405,0.06300000101327896,0.17409999668598175
YGR185C,YML131W,0,-2.2735074,0.03490304574370384,0.06300000101327896,0.17419999837875366
YER039C,YPL087W,0,-2.2736979,0.03488372266292572,0.06300000101327896,0.17430000007152557
YGR285C,YCR075C,0,-2.2739758,0.03486441448330879,0.06300000101327896,0.17440000176429749
YHR084W,YKL027W,0,-2.2739785,0.03484513238072395,0.06300000101327896,0.1745000034570694
YJL046W,YMR173W,0,-2.2740169,0.03482586890459061,0.06300000101327896,0.1746000051498413
YPL227C,YDL129W,0,-2.2740333,0.03480663150548935,0.06300000101327896,0.17470000684261322
YDR447C,YDR248C,0,-2.2742827,0.034787409007549286,0.06300000101327896,0.17479999363422394
YLR205C,YER112W,0,-2.2744412,0.03476821258664131,0.06300000101327896,0.17489999532699585
YKL180W,YHL040C,0,-2.2746131,0.03474903479218483,0.06300000101327896,0.17499999701976776
YDL179W,YMR136W,0,-2.2746558,0.03472987934947014,0.06300000101327896,0.17509999871253967
YML091C,YDR197W,0,-2.2755816,0.03471074253320694,0.06300000101327896,0.17520000040531158
YNL067W,YGR234W,0,-2.2757254,0.03469163179397583,0.06300000101327896,0.1753000020980835
YKL186C,YDR444W,0,-2.2763941,0.034672535955905914,0.06300000101327896,0.1754000037908554
YOL093W,YMR312W,0,-2.2765017,0.03465346619486809,0.06300000101327896,0.17550000548362732
YJL046W,YEL041W,0,-2.276641,0.034634415060281754,0.06300000101327896,0.17560000717639923
YKL205W,YAL033W,0,-2.2769697,0.03461538627743721,0.06300000101327896,0.17569999396800995
YIR035C,YMR298W,0,-2.2771459,0.03459637612104416,0.06300000101327896,0.17579999566078186
YFL054C,YKL124W,0,-2.2771618,0.0345773883163929,0.06300000101327896,0.17589999735355377
YDR233C,YPL189C-A,0,-2.2773235,0.03455841913819313,0.06300000101327896,0.17599999904632568
YMR087W,YML104C,0,-2.2780054,0.03453947231173515,0.06300000101327896,0.1761000007390976
YBL054W,YDR224C,0,-2.2780907,0.03452054783701897,0.06300000101327896,0.1762000024318695
YIL129C,YNL134C,0,-2.2791793,0.03450164198875427,0.06300000101327896,0.17630000412464142
YHR019C,YDR299W,0,-2.2793384,0.03448275849223137,0.06300000101327896,0.17640000581741333
YLR447C,YJL153C,0,-2.2793474,0.03446389362215996,0.06300000101327896,0.17649999260902405
YBR059C,YPR098C,0,-2.2794209,0.03444505110383034,0.06300000101327896,0.17659999430179596
YBR204C,YLR226W,0,-2.2795627,0.03442623093724251,0.06300000101327896,0.17669999599456787
YML043C,YIL094C,0,-2.2796998,0.03440742939710617,0.06300000101327896,0.17679999768733978
YPL189C-A,YHL019C,0,-2.2798648,0.034388646483421326,0.06300000101327896,0.1768999993801117
YHR042W,YLR142W,0,-2.280048,0.03436988592147827,0.06300000101327896,0.1770000010728836
YHR104W,YGR189C,0,-2.280238,0.03435114398598671,0.06300000101327896,0.17710000276565552
YIL070C,YOR304C-A,0,-2.280509,0.03433242440223694,0.06300000101327896,0.17720000445842743
YOL101C,YIL067C,0,-2.2806723,0.03431372717022896,0.06300000101327896,0.17730000615119934
YGR169C,YDL144C,0,-2.2806928,0.03429504483938217,0.06300000101327896,0.17739999294281006
YDR415C,YKR090W,0,-2.2808652,0.034276388585567474,0.06300000101327896,0.17749999463558197
YBR253W,YMR130W,0,-2.281031,0.03425774723291397,0.06300000101327896,0.17759999632835388
YDL185W,YBL010C,0,-2.2812989,0.03423913195729256,0.06300000101327896,0.1776999980211258
YHR129C,YKR025W,0,-2.281319,0.034220531582832336,0.06300000101327896,0.1777999997138977
YMR017W,YGL160W,0,-2.281616,0.03420195356011391,0.06300000101327896,0.17790000140666962
YIL082W-A,YBR132C,0,-2.2817972,0.03418339788913727,0.06300000101327896,0.17800000309944153
YIR017C,YLR295C,0,-2.281834,0.03416486084461212,0.06300000101327896,0.17810000479221344
YDR248C,YGR183C,0,-2.2819338,0.03414634242653847,0.06300000101327896,0.17820000648498535
YKL171W,YLL010C,0,-2.2819633,0.034127842634916306,0.06300000101327896,0.17829999327659607
YFL066C,YML022W,0,-2.2821095,0.034109365195035934,0.06300000101327896,0.17839999496936798
YDR038C,YHR061C,0,-2.2825205,0.034090910106897354,0.06300000101327896,0.1784999966621399
YLR158C,YLR015W,0,-2.2825398,0.03407246991991997,0.06300000101327896,0.1785999983549118
YNL248C,YGR116W,0,-2.282612,0.03405405580997467,0.06300000101327896,0.17870000004768372
YAR003W,YPR127W,0,-2.2828636,0.03403565660119057,0.06300000101327896,0.17880000174045563
YDR264C,YLR312C-B,0,-2.282985,0.034017279744148254,0.06300000101327896,0.17890000343322754
YDR083W,YPL220W,0,-2.2829976,0.033998921513557434,0.06300000101327896,0.17900000512599945
YDR173C,YHL007C,0,-2.283053,0.033980581909418106,0.06300000101327896,0.17910000681877136
YJR095W,YER160C,0,-2.2830727,0.03396226465702057,0.06300000101327896,0.17919999361038208
YPL129W,YHR003C,0,-2.2831767,0.033943966031074524,0.06300000101327896,0.179299995303154
YMR201C,YGR067C,0,-2.2834842,0.03392568603157997,0.06300000101327896,0.1793999969959259
YLL011W,YOR337W,0,-2.2835133,0.03390742838382721,0.06300000101327896,0.17949999868869781
YIL170W,YNL136W,0,-2.2835836,0.03388918936252594,0.06300000101327896,0.17960000038146973
YGL153W,YDR090C,0,-2.283844,0.03387096896767616,0.06300000101327896,0.17970000207424164
YPL158C,YKL103C,0,-2.284004,0.03385276719927788,0.06300000101327896,0.17980000376701355
YHR067W,YHL012W,0,-2.2843626,0.033834587782621384,0.06300000101327896,0.17990000545978546
YOR074C,YKR045C,0,-2.284671,0.03381642326712608,0.06300000101327896,0.18000000715255737
YKR006C,YNL162W,0,-2.284795,0.03379828482866287,0.06300000101327896,0.1800999939441681
YDL174C,YJL051W,0,-2.2853549,0.033780161291360855,0.06300000101327896,0.18019999563694
YDR454C,YPR204W,0,-2.2855237,0.03376205638051033,0.06300000101327896,0.18029999732971191
YJR058C,YOL157C,0,-2.2856622,0.033743973821401596,0.06300000101327896,0.18039999902248383
YDR294C,YGL089C,0,-2.2857356,0.033725909888744354,0.06300000101327896,0.18050000071525574
YAL054C,YIL006W,0,-2.2860036,0.033707864582538605,0.06300000101327896,0.18060000240802765
YBR216C,YIL177C,0,-2.2861352,0.03368983790278435,0.06300000101327896,0.18070000410079956
YML043C,YBR058C-A,0,-2.286495,0.03367183357477188,0.06300000101327896,0.18080000579357147
YOR153W,YCL045C,0,-2.286672,0.03365384787321091,0.06300000101327896,0.1808999925851822
YOR321W,YMR046C,0,-2.2866786,0.03363587707281113,0.06300000101327896,0.1809999942779541
YAR035W,YER078C,0,-2.2869778,0.03361792862415314,0.06300000101327896,0.181099995970726
YLR419W,YLR305C,0,-2.287004,0.03359999880194664,0.06300000101327896,0.18119999766349792
YBR036C,YHL044W,0,-2.287139,0.033582091331481934,0.06300000101327896,0.18129999935626984
YDL133C-A,YDL017W,0,-2.2871616,0.03356419876217842,0.06300000101327896,0.18140000104904175
YMR137C,YDL144C,0,-2.287168,0.0335463248193264,0.06300000101327896,0.18150000274181366
YIR007W,YBR236C,0,-2.2872896,0.03352847322821617,0.06300000101327896,0.18160000443458557
YBR293W,YBR204C,0,-2.2874877,0.033510636538267136,0.06300000101327896,0.18170000612735748
YAL012W,YNR072W,0,-2.2874947,0.03349282220005989,0.06300000101327896,0.1817999929189682
YCR083W,YHL012W,0,-2.2880597,0.03347502648830414,0.06300000101327896,0.1818999946117401
YLR212C,YBL106C,0,-2.2884955,0.03345724940299988,0.06300000101327896,0.18199999630451202
YLR158C,YMR162C,0,-2.2889965,0.03343949094414711,0.06300000101327896,0.18209999799728394
YJL206C,YFR051C,0,-2.289082,0.033421751111745834,0.06300000101327896,0.18219999969005585
YER013W,YIL101C,0,-2.2892115,0.03340402990579605,0.06300000101327896,0.18230000138282776
YGR207C,YMR270C,0,-2.2895453,0.03338632732629776,0.06300000101327896,0.18240000307559967
YCL026C-B,YLR210W,0,-2.2897182,0.03336864337325096,0.06300000101327896,0.18250000476837158
YLL001W,YKR104W,0,-2.2898269,0.033350978046655655,0.06300000101327896,0.1826000064611435
YHR003C,YER113C,0,-2.2900417,0.03333333507180214,0.06300000101327896,0.1826999932527542
YJR028W,YOR312C,0,-2.2902591,0.03331570699810982,0.06300000101327896,0.18279999494552612
YOL018C,YDR387C,0,-2.290277,0.03329809755086899,0.06300000101327896,0.18289999663829803
YGR282C,YPR119W,0,-2.2903266,0.03328050673007965,0.06300000101327896,0.18299999833106995
YLR405W,YBL075C,0,-2.2905247,0.033262934535741806,0.06300000101327896,0.18310000002384186
YPR016C,YML087C,0,-2.290651,0.033245380967855453,0.06300000101327896,0.18320000171661377
YPL106C,YIL158W,0,-2.2906833,0.03322784975171089,0.06300000101327896,0.18330000340938568
YGR277C,YEL077C,0,-2.2910485,0.033210333436727524,0.06300000101327896,0.1834000051021576
YJR104C,YKL011C,0,-2.291119,0.03319283574819565,0.06300000101327896,0.1835000067949295
YOR348C,YBR002C,0,-2.2912092,0.033175356686115265,0.06300000101327896,0.18359999358654022
YNR021W,YML048W,0,-2.2912679,0.033157896250486374,0.06300000101327896,0.18369999527931213
YDR174W,YCR043C,0,-2.2912831,0.03314045071601868,0.06300000101327896,0.18379999697208405
YDL021W,YDR332W,0,-2.2913556,0.03312302753329277,0.06300000101327896,0.18389999866485596
YFL034C-A,YBR055C,0,-2.2915826,0.033105622977018356,0.06300000101327896,0.18400000035762787
YLR343W,YMR291W,0,-2.2916641,0.033088237047195435,0.06300000101327896,0.18410000205039978
YJL133W,YMR194W,0,-2.2923143,0.03307086601853371,0.06300000101327896,0.1842000037431717
YCL020W,YLR289W,0,-2.2928512,0.03305351361632347,0.06300000101327896,0.1843000054359436
YLR224W,YDR394W,1,-2.292906,0.03356056660413742,0.06400000303983688,0.1843000054359436
YPR022C,YML099C,0,-2.2930472,0.033542975783348083,0.06400000303983688,0.18440000712871552
YLR256W,YPL066W,0,-2.2931628,0.03352540731430054,0.06400000303983688,0.18449999392032623
YOR297C,YBR106W,0,-2.2932267,0.033507853746414185,0.06400000303983688,0.18459999561309814
YMR257C,YML128C,0,-2.2933671,0.033490318804979324,0.06400000303983688,0.18469999730587006
YPR022C,YDR020C,0,-2.2942648,0.033472802489995956,0.06400000303983688,0.18479999899864197
YJL144W,YNL095C,0,-2.2942846,0.03345530480146408,0.06400000303983688,0.18490000069141388
YPR091C,YDR465C,0,-2.2943985,0.0334378257393837,0.06400000303983688,0.1850000023841858
YCL026C-B,YDR410C,0,-2.2946973,0.033420365303754807,0.06400000303983688,0.1851000040769577
YNL027W,YGL141W,0,-2.294764,0.03340292349457741,0.06400000303983688,0.18520000576972961
YDR115W,YKR024C,0,-2.2951312,0.0333854965865612,0.06400000303983688,0.18529999256134033
YOL092W,YJR110W,0,-2.2952416,0.03336809203028679,0.06400000303983688,0.18539999425411224
YJL157C,YJR138W,0,-2.2955754,0.03335070237517357,0.06400000303983688,0.18549999594688416
YLR419W,YJL033W,0,-2.2956219,0.03333333507180214,0.06400000303983688,0.18559999763965607
YKR086W,YDL156W,0,-2.2957003,0.033315982669591904,0.06400000303983688,0.18569999933242798
YHR052W,YKR102W,0,-2.295841,0.03329864889383316,0.06400000303983688,0.1858000010251999
YKR059W,YNL230C,0,-2.2960064,0.03328133001923561,0.06400000303983688,0.1859000027179718
YDR198C,YIL177C,0,-2.2960804,0.03326403349637985,0.06400000303983688,0.1860000044107437
YOR007C,YNL335W,0,-2.2961693,0.03324675187468529,0.06400000303983688,0.18610000610351562
YGR071C,YGR246C,0,-2.2963324,0.03322949260473251,0.06400000303983688,0.18619999289512634
YMR251W-A,YLR064W,0,-2.2964075,0.03321224823594093,0.06400000303983688,0.18629999458789825
YLR283W,YGL040C,0,-2.2965617,0.033195022493600845,0.06400000303983688,0.18639999628067017
YMR170C,YOR332W,0,-2.2965953,0.03317781165242195,0.06400000303983688,0.18649999797344208
YDR074W,YER153C,0,-2.2972057,0.03316062316298485,0.06400000303983688,0.186599999666214
YJL029C,YMR046C,0,-2.2973497,0.03314344957470894,0.06400000303983688,0.1867000013589859
YFR045W,YAL013W,0,-2.2973652,0.03312629461288452,0.06400000303983688,0.1868000030517578
YNL282W,YKL021C,0,-2.2974555,0.0331091582775116,0.06400000303983688,0.18690000474452972
YDR387C,YKL178C,0,-2.2978904,0.033092036843299866,0.06400000303983688,0.18700000643730164
YFR005C,YDR248C,0,-2.2980897,0.03307493403553963,0.06400000303983688,0.18709999322891235
YBL036C,YJL155C,0,-2.2981405,0.03305784985423088,0.06400000303983688,0.18719999492168427
YDL141W,YDR158W,0,-2.2981715,0.03304078429937363,0.06400000303983688,0.18729999661445618
YPR189W,YHL024W,0,-2.2981927,0.033023737370967865,0.06400000303983688,0.1873999983072281
YLR224W,YDR330W,1,-2.2986126,0.033522434532642365,0.06499999761581421,0.1873999983072281
YER183C,YOR215C,0,-2.2987795,0.0335051529109478,0.06499999761581421,0.1875
YCL020W,YLR306W,0,-2.2987878,0.033487893640995026,0.06499999761581421,0.1876000016927719
YGL160W,YPL167C,0,-2.2988088,0.033470649272203445,0.06499999761581421,0.18770000338554382
YML130C,YOL157C,0,-2.2989826,0.03345342352986336,0.06499999761581421,0.18780000507831573
YGL155W,YKR081C,0,-2.2991014,0.033436212688684464,0.06499999761581421,0.18790000677108765
YGL071W,YOR228C,0,-2.299189,0.03341902419924736,0.06499999761581421,0.18799999356269836
YCR020C,YAL017W,0,-2.2994382,0.03340185061097145,0.06499999761581421,0.18809999525547028
YPR159W,YGR203W,0,-2.2998307,0.033384695649147034,0.06499999761581421,0.1881999969482422
YKL096W,YBR161W,0,-2.3002253,0.03336755558848381,0.06499999761581421,0.1882999986410141
YGL103W,YDR026C,0,-2.3002305,0.03335043787956238,0.06499999761581421,0.188400000333786
YOL101C,YDR480W,0,-2.3002458,0.03333333507180214,0.06499999761581421,0.18850000202655792
YGR012W,YBR040W,0,-2.300319,0.033316247165203094,0.06499999761581421,0.18860000371932983
YLR275W,YEL026W,0,-2.3006022,0.03329918161034584,0.06499999761581421,0.18870000541210175
YDR131C,YKR087C,1,-2.3011622,0.03379416465759277,0.06599999964237213,0.18870000541210175
YHR112C,YOL140W,0,-2.3012545,0.033776868134737015,0.06599999964237213,0.18880000710487366
YOR228C,YMR060C,0,-2.3012629,0.03375959023833275,0.06599999964237213,0.18889999389648438
YML018C,YJR031C,0,-2.3013997,0.033742330968379974,0.06599999964237213,0.1889999955892563
YNL191W,YOR389W,0,-2.3015785,0.03372509032487869,0.06599999964237213,0.1890999972820282
YCL020W,YLR357W,0,-2.3017173,0.033707864582538605,0.06599999964237213,0.1891999989748001
YDR410C,YDL156W,0,-2.301778,0.03369065746665001,0.06599999964237213,0.18930000066757202
YDL112W,YOR338W,0,-2.3018653,0.033673468977212906,0.06599999964237213,0.18940000236034393
YFR055W,YEL055C,0,-2.3020878,0.033656299114227295,0.06599999964237213,0.18950000405311584
YKR013W,YOR303W,0,-2.3021402,0.03363914415240288,0.06599999964237213,0.18960000574588776
YPL086C,YPR196W,0,-2.3022301,0.03362200781702995,0.06599999964237213,0.18970000743865967
YOR083W,YNL050C,0,-2.3023417,0.03360488638281822,0.06599999964237213,0.18979999423027039
YKL164C,YLR425W,0,-2.302412,0.03358778730034828,0.06599999964237213,0.1898999959230423
YOR084W,YJR056C,0,-2.3025923,0.033570703119039536,0.06599999964237213,0.1899999976158142
YNL323W,YDL082W,0,-2.3029795,0.03355363383889198,0.06599999964237213,0.19009999930858612
YER160C,YAR008W,0,-2.3033738,0.03353658691048622,0.06599999964237213,0.19020000100135803
YFL021W,YKL038W,0,-2.3035214,0.03351955488324165,0.06599999964237213,0.19030000269412994
YOR174W,YOL057W,0,-2.3036032,0.03350253775715828,0.06599999964237213,0.19040000438690186
YLR042C,YGR123C,0,-2.3036153,0.0334855392575264,0.06599999964237213,0.19050000607967377
YGL106W,YCL057C-A,0,-2.3036296,0.03346855938434601,0.06599999964237213,0.19059999287128448
YLR403W,YFR006W,0,-2.304088,0.03345159813761711,0.06599999964237213,0.1906999945640564
YDR056C,YOL005C,0,-2.3045163,0.03343465179204941,0.06599999964237213,0.1907999962568283
YOR131C,YGL032C,0,-2.3052504,0.0334177203476429,0.06599999964237213,0.19089999794960022
YEL020C,YLR332W,0,-2.305735,0.03340081125497818,0.06599999964237213,0.19099999964237213
YKL089W,YAL060W,0,-2.3061047,0.03338391333818436,0.06599999964237213,0.19110000133514404
YDR134C,YEL043W,0,-2.3062432,0.033367037773132324,0.06599999964237213,0.19120000302791595
YJL034W,YML088W,1,-2.3062901,0.03385548293590546,0.06700000166893005,0.19120000302791595
YML060W,YJL011C,0,-2.3063428,0.033838383853435516,0.06700000166893005,0.19130000472068787
YMR257C,YNR040W,0,-2.3066862,0.03382130339741707,0.06700000166893005,0.19140000641345978
YMR032W,YPR165W,0,-2.3067,0.033804237842559814,0.06700000166893005,0.1914999932050705
YLR408C,YMR282C,0,-2.3067799,0.03378719091415405,0.06700000166893005,0.1915999948978424
YNL050C,YNL207W,0,-2.3068225,0.03377016261219978,0.06700000166893005,0.19169999659061432
YEL061C,YBR238C,0,-2.3068655,0.03375314921140671,0.06700000166893005,0.19179999828338623
YOL133W,YLR224W,1,-2.3071117,0.03423967957496643,0.06800000369548798,0.19179999828338623
YDL164C,YDR387C,0,-2.3073163,0.034222446382045746,0.06800000369548798,0.19189999997615814
YGL039W,YLR077W,0,-2.3073401,0.03420523181557655,0.06800000369548798,0.19200000166893005
YHR074W,YDL085W,0,-2.3073921,0.03418803587555885,0.06800000369548798,0.19210000336170197
YIL083C,YPL085W,0,-2.3074558,0.03417085483670235,0.06800000369548798,0.19220000505447388
YFL066C,YLR385C,0,-2.3075361,0.03415369242429733,0.06800000369548798,0.1923000067472458
YGR095C,YHR005C-A,0,-2.3076918,0.03413654491305351,0.06800000369548798,0.1923999935388565
YBR096W,YLR287C-A,0,-2.3076992,0.03411941975355148,0.06800000369548798,0.19249999523162842
YCL036W,YBL100W-A,0,-2.308029,0.03410230576992035,0.06800000369548798,0.19259999692440033
YBR128C,YBR067C,0,-2.308073,0.034085214138031006,0.06800000369548798,0.19269999861717224
YML039W,YLR408C,0,-2.3080869,0.034068137407302856,0.06800000369548798,0.19280000030994415
YDL025C,YLR344W,0,-2.3084998,0.0340510755777359,0.06800000369548798,0.19290000200271606
YLR225C,YKL100C,0,-2.308817,0.03403403237462044,0.06800000369548798,0.19300000369548798
YLR013W,YPL026C,0,-2.3091247,0.03401700779795647,0.06800000369548798,0.1931000053882599
YER098W,YPR140W,0,-2.3095696,0.03400000184774399,0.06800000369548798,0.1932000070810318
YEL077C,YOL019W,0,-2.3097966,0.033983007073402405,0.06800000369548798,0.19329999387264252
YDR486C,YMR160W,0,-2.3098445,0.03396603465080261,0.06800000369548798,0.19339999556541443
YGR249W,YLL041C,0,-2.3098521,0.033949077129364014,0.06800000369548798,0.19349999725818634
YGR012W,YNL003C,0,-2.30996,0.03393213450908661,0.06800000369548798,0.19359999895095825
YGL122C,YKL163W,0,-2.310075,0.033915210515260696,0.06800000369548798,0.19370000064373016
YGR056W,YML030W,0,-2.3101263,0.033898305147886276,0.06800000369548798,0.19380000233650208
YJL172W,YPR189W,0,-2.3102021,0.03388141468167305,0.06800000369548798,0.193900004029274
YHR214C-B,YIL140W,0,-2.3104396,0.033864542841911316,0.06800000369548798,0.1940000057220459
YMR117C,YJL002C,0,-2.3105311,0.033847685903310776,0.06800000369548798,0.1941000074148178
YJR047C,YDR446W,0,-2.3105984,0.03383084759116173,0.06800000369548798,0.19419999420642853
YOR215C,YHR017W,0,-2.3109107,0.033814024180173874,0.06800000369548798,0.19429999589920044
YGR085C,YIL150C,0,-2.3109186,0.033797215670347214,0.06800000369548798,0.19439999759197235
YIL170W,YCR093W,0,-2.3109326,0.033780425786972046,0.06800000369548798,0.19449999928474426
YBR286W,YPL066W,0,-2.3109598,0.03376365453004837,0.06800000369548798,0.19460000097751617
YGL020C,YGL031C,0,-2.3112721,0.03374689817428589,0.06800000369548798,0.19470000267028809
YMR130W,YDL054C,0,-2.3113003,0.0337301604449749,0.06800000369548798,0.19480000436306
YMR143W,YJL113W,0,-2.311446,0.033713437616825104,0.06800000369548798,0.1949000060558319
YBR294W,YMR297W,0,-2.3117871,0.0336967296898365,0.06800000369548798,0.19499999284744263
YMR143W,YER172C,0,-2.3121653,0.03368004038929939,0.06800000369548798,0.19509999454021454
YBR139W,YER007W,0,-2.3125052,0.03366336598992348,0.06800000369548798,0.19519999623298645
YOR389W,YDR058C,0,-2.3125093,0.033646710216999054,0.06800000369548798,0.19529999792575836
YJL099W,YJR149W,0,-2.3134718,0.033630069345235825,0.06800000369548798,0.19539999961853027
YML054C,YMR271C,0,-2.313621,0.03361344709992409,0.06800000369548798,0.19550000131130219
YPL196W,YBR215W,0,-2.3136306,0.033596839755773544,0.06800000369548798,0.1956000030040741
YNL021W,YIL133C,0,-2.3136358,0.033580247312784195,0.06800000369548798,0.195700004696846
YPR107C,YDR046C,0,-2.3138003,0.03356367349624634,0.06800000369548798,0.19580000638961792
YNL191W,YMR058W,0,-2.3138728,0.033547114580869675,0.06800000369548798,0.19589999318122864
YJL133W,YGR027C,0,-2.3142486,0.033530570566654205,0.06800000369548798,0.19599999487400055
YIL091C,YPL192C,0,-2.3143976,0.03351404517889023,0.06800000369548798,0.19609999656677246
YOR287C,YDR378C,0,-2.3145614,0.033497538417577744,0.06800000369548798,0.19619999825954437
YMR130W,YIL048W,0,-2.3148003,0.033481042832136154,0.06800000369548798,0.19629999995231628
YBR088C,YJL122W,0,-2.3153431,0.03346456587314606,0.06800000369548798,0.1964000016450882
YOR074C,YJL114W,0,-2.3154528,0.03344810754060745,0.06800000369548798,0.1965000033378601
YPL162C,YFR006W,0,-2.315652,0.03343166038393974,0.06800000369548798,0.19660000503063202
YIR009W,YLR160C,0,-2.3156643,0.033415231853723526,0.06800000369548798,0.19670000672340393
YNL208W,YLR268W,0,-2.3158817,0.0333988219499588,0.06800000369548798,0.19679999351501465
YER078C,YLR233C,0,-2.3158948,0.03338242694735527,0.06800000369548798,0.19689999520778656
YJL210W,YIR035C,0,-2.3159015,0.03336604684591293,0.06800000369548798,0.19699999690055847
YGR264C,YKR045C,0,-2.316105,0.03334968164563179,0.06800000369548798,0.19709999859333038
YPL096C-A,YBR132C,0,-2.3167343,0.03333333507180214,0.06800000369548798,0.1972000002861023
YCR028C,YPL231W,0,-2.3167963,0.033316999673843384,0.06800000369548798,0.1973000019788742
YOR382W,YNL212W,0,-2.3170853,0.03330068662762642,0.06800000369548798,0.19740000367164612
YBR012W-B,YKL216W,0,-2.317346,0.03328438475728035,0.06800000369548798,0.19750000536441803
YNL254C,YJL109C,0,-2.3173602,0.03326810151338577,0.06800000369548798,0.19760000705718994
YIL171W,YIL112W,0,-2.3173869,0.03325183317065239,0.06800000369548798,0.19769999384880066
YMR228W,YDR492W,0,-2.317653,0.0332355834543705,0.06800000369548798,0.19779999554157257
YDR196C,YDL055C,0,-2.3176973,0.0332193449139595,0.06800000369548798,0.19789999723434448
YDL075W,YPR182W,0,-2.3177214,0.033203125,0.06800000369548798,0.1979999989271164
YLR272C,YGL079W,0,-2.3177903,0.03318691998720169,0.06800000369548798,0.1981000006198883
YDR387C,YPL181W,0,-2.3178413,0.033170729875564575,0.06800000369548798,0.19820000231266022
YGR001C,YHL047C,0,-2.3183594,0.03315455839037895,0.06800000369548798,0.19830000400543213
YHR003C,YOR047C,0,-2.3184755,0.03313840180635452,0.06800000369548798,0.19840000569820404
YPL047W,YDL133C-A,0,-2.318531,0.03312226012349129,0.06800000369548798,0.19850000739097595
YJR129C,YDL066W,0,-2.3189464,0.033106133341789246,0.06800000369548798,0.19859999418258667
YOR393W,YDL014W,0,-2.319031,0.033090025186538696,0.06800000369548798,0.19869999587535858
YMR087W,YGR216C,0,-2.31996,0.03307392820715904,0.06800000369548798,0.1987999975681305
YAR010C,YKR066C,0,-2.3203297,0.03305784985423088,0.06800000369548798,0.1988999992609024
YLL017W,YJR149W,0,-2.320925,0.03304178640246391,0.06800000369548798,0.19900000095367432
YPL159C,YAR019C,0,-2.321037,0.03302574157714844,0.06800000369548798,0.19910000264644623
YOL040C,YNR074C,0,-2.3216817,0.03300970792770386,0.06800000369548798,0.19920000433921814
YJR133W,YBL005W-B,0,-2.3221877,0.03299369290471077,0.06800000369548798,0.19930000603199005
YDR538W,YDR540C,0,-2.322307,0.032977692782878876,0.06800000369548798,0.19939999282360077
YDR358W,YER094C,1,-2.3226206,0.03344643861055374,0.0689999982714653,0.19939999282360077
YHR084W,YDR196C,0,-2.3226938,0.03343023359775543,0.0689999982714653,0.19949999451637268
YCL034W,YML132W,0,-2.3228712,0.03341404348611832,0.0689999982714653,0.1995999962091446
YOR353C,YDR236C,0,-2.3230076,0.033397872000932693,0.0689999982714653,0.1996999979019165
YIL034C,YMR167W,0,-2.3230324,0.033381711691617966,0.0689999982714653,0.19979999959468842
YEL059C-A,YMR210W,0,-2.3235025,0.03336557000875473,0.0689999982714653,0.19990000128746033
YEL009C,YDR001C,0,-2.3240037,0.03334944322705269,0.0689999982714653,0.20000000298023224
YMR316W,YJR010W,0,-2.3241978,0.03333333507180214,0.0689999982714653,0.20010000467300415
YBR012W-A,YBL055C,0,-2.3245866,0.033317238092422485,0.0689999982714653,0.20020000636577606
YLR359W,YPL122C,0,-2.3247309,0.033301159739494324,0.0689999982714653,0.20029999315738678
YGR054W,YDL064W,0,-2.3248086,0.03328509256243706,0.0689999982714653,0.2003999948501587
YNR061C,YEL040W,0,-2.3248227,0.033269044011831284,0.0689999982714653,0.2004999965429306
YBR296C,YLR316C,0,-2.324855,0.033253010362386703,0.0689999982714653,0.20059999823570251
YFL057C,YKL038W,0,-2.3249655,0.033236995339393616,0.0689999982714653,0.20069999992847443
YBR098W,YMR169C,0,-2.325049,0.03322099149227142,0.0689999982714653,0.20080000162124634
YGR154C,YPL281C,0,-2.3251262,0.03320500627160072,0.0689999982714653,0.20090000331401825
YCL010C,YDR444W,0,-2.325252,0.03318903222680092,0.0689999982714653,0.20100000500679016
YGR049W,YGR101W,0,-2.3259425,0.033173076808452606,0.0689999982714653,0.20110000669956207
YLL011W,YNR067C,0,-2.326318,0.03315713629126549,0.0689999982714653,0.2011999934911728
YLR205C,YMR180C,0,-2.3263788,0.03314121067523956,0.0689999982714653,0.2012999951839447
YDR262W,YPR022C,0,-2.3269932,0.03312529996037483,0.0689999982714653,0.2013999968767166
YNR063W,YDR267C,0,-2.3273213,0.033109404146671295,0.0689999982714653,0.20149999856948853
YDR131C,YDL008W,1,-2.3273559,0.03357314318418503,0.07000000029802322,0.20149999856948853
YJL191W,YGL012W,0,-2.3275442,0.033557046204805374,0.07000000029802322,0.20160000026226044
YHL004W,YLR073C,0,-2.32802,0.03354096785187721,0.07000000029802322,0.20170000195503235
YHL009C,YBL071W-A,0,-2.3281236,0.033524904400110245,0.07000000029802322,0.20180000364780426
YLR224W,YDR069C,1,-2.328242,0.03398755565285683,0.07100000232458115,0.20180000364780426
YCR072C,YPL192C,0,-2.3284276,0.03397129103541374,0.07100000232458115,0.20190000534057617
YDL042C,YPL189C-A,0,-2.3288264,0.03395504504442215,0.07100000232458115,0.20200000703334808
YMR058W,YPL128C,0,-2.3288271,0.03393881395459175,0.07100000232458115,0.2020999938249588
YMR061W,YOL157C,0,-2.329105,0.033922597765922546,0.07100000232458115,0.2021999955177307
YDL104C,YHL012W,0,-2.3293467,0.033906400203704834,0.07100000232458115,0.20229999721050262
YLR042C,YDL225W,0,-2.329454,0.03389021381735802,0.07100000232458115,0.20239999890327454
YDR030C,YDR307W,0,-2.3295908,0.03387404605746269,0.07100000232458115,0.20250000059604645
YML063W,YJR022W,0,-2.329611,0.03385789319872856,0.07100000232458115,0.20260000228881836
YDR131C,YBL084C,1,-2.3298113,0.03431839868426323,0.07199999690055847,0.20260000228881836
YDR065W,YHR050W,0,-2.3298469,0.03430204838514328,0.07199999690055847,0.20270000398159027
YLR419W,YGR052W,0,-2.3300092,0.034285712987184525,0.07199999690055847,0.20280000567436218
YHL008C,YHR030C,0,-2.3300683,0.03426939621567726,0.07199999690055847,0.2029000073671341
YKL125W,YGR192C,0,-2.330087,0.034253090620040894,0.07199999690055847,0.2029999941587448
YGL059W,YBL002W,0,-2.3301923,0.03423680365085602,0.07199999690055847,0.20309999585151672
YPL088W,YGR116W,0,-2.3302083,0.034220531582832336,0.07199999690055847,0.20319999754428864
YLR042C,YCR093W,0,-2.330461,0.03420427441596985,0.07199999690055847,0.20329999923706055
YLR016C,YDR248C,0,-2.3304663,0.03418803587555885,0.07199999690055847,0.20340000092983246
YHL018W,YOR179C,0,-2.330604,0.03417180851101875,0.07199999690055847,0.20350000262260437
YDR410C,YMR210W,0,-2.3309708,0.03415559604763985,0.07199999690055847,0.20360000431537628
YOR261C,YDR306C,1,-2.3311305,0.034613560885190964,0.0729999989271164,0.20360000431537628
YJL149W,YNL291C,0,-2.3312297,0.03459715470671654,0.0729999989271164,0.2037000060081482
YLR251W,YDR536W,0,-2.3313484,0.034580767154693604,0.0729999989271164,0.2037999927997589
YPR151C,YBL016W,0,-2.3314261,0.03456439450383186,0.0729999989271164,0.20389999449253082
YBL050W,YMR321C,0,-2.3315177,0.03454803675413132,0.0729999989271164,0.20399999618530273
YDR113C,YOR206W,0,-2.3316493,0.034531693905591965,0.0729999989271164,0.20409999787807465
YPL269W,YHR215W,0,-2.3316627,0.034515365958213806,0.0729999989271164,0.20419999957084656
YNL073W,YLR283W,0,-2.331691,0.03449905663728714,0.0729999989271164,0.20430000126361847
YDR415C,YMR043W,0,-2.3317153,0.03448275849223137,0.0729999989271164,0.20440000295639038
YKL180W,YOL017W,0,-2.3318188,0.03446647897362709,0.0729999989271164,0.2045000046491623
YIL026C,YDR387C,0,-2.3324,0.03445021063089371,0.0729999989271164,0.2046000063419342
YBR008C,YML128C,0,-2.3325553,0.034433960914611816,0.0729999989271164,0.20469999313354492
YFL054C,YDR349C,0,-2.3326125,0.03441772609949112,0.0729999989271164,0.20479999482631683
YKL205W,YCR023C,0,-2.3326147,0.034401506185531616,0.0729999989271164,0.20489999651908875
YER130C,YER157W,0,-2.3326883,0.034385304898023605,0.0729999989271164,0.20499999821186066
YKR018C,YER095W,0,-2.3328876,0.03436911478638649,0.0729999989271164,0.20509999990463257
YDR171W,YER153C,0,-2.3329854,0.03435293957591057,0.0729999989271164,0.20520000159740448
YCL027W,YOL157C,0,-2.3330402,0.03433678299188614,0.0729999989271164,0.2053000032901764
YMR173W,YMR323W,0,-2.3331103,0.034320637583732605,0.0729999989271164,0.2054000049829483
YOR378W,YDL017W,0,-2.3333178,0.03430451080203056,0.0729999989271164,0.20550000667572021
YBL005W-A,YNR023W,0,-2.3335314,0.034288398921489716,0.0729999989271164,0.20559999346733093
YHR172W,YJL051W,0,-2.3339727,0.03427230194211006,0.0729999989271164,0.20569999516010284
YMR189W,YMR114C,0,-2.3341353,0.0342562161386013,0.0729999989271164,0.20579999685287476
YDL130W-A,YBR031W,0,-2.334452,0.03424014896154404,0.0729999989271164,0.20589999854564667
YOL130W,YBR031W,0,-2.3344576,0.034224096685647964,0.0729999989271164,0.20600000023841858
YGR156W,YBR235W,0,-2.33468,0.034208059310913086,0.0729999989271164,0.2061000019311905
YJL191W,YPL074W,0,-2.3348253,0.0341920368373394,0.0729999989271164,0.2062000036239624
YGR071C,YAR008W,0,-2.3349433,0.03417602926492691,0.0729999989271164,0.20630000531673431
YNL229C,YDR018C,0,-2.3350596,0.03416003659367561,0.0729999989271164,0.20640000700950623
YLR080W,YNL037C,0,-2.335178,0.03414405882358551,0.0729999989271164,0.20649999380111694
YKL055C,YDR465C,0,-2.3352466,0.0341280959546566,0.0729999989271164,0.20659999549388885
YIL094C,YGR200C,0,-2.335384,0.034112147986888885,0.0729999989271164,0.20669999718666077
YKR056W,YKR045C,0,-2.3357043,0.034096214920282364,0.0729999989271164,0.20679999887943268
YJL046W,YGL130W,0,-2.3362474,0.034080300480127335,0.0729999989271164,0.2069000005722046
YPL196W,YJL128C,0,-2.336382,0.0340643972158432,0.0729999989271164,0.2070000022649765
YML054C,YML039W,0,-2.336452,0.03404850885272026,0.0729999989271164,0.2071000039577484
YDR420W,YDR239C,0,-2.3364906,0.034032635390758514,0.0729999989271164,0.20720000565052032
YFL054C,YBR286W,0,-2.3365078,0.03401677682995796,0.0729999989271164,0.20730000734329224
YPL265W,YGR062C,0,-2.336558,0.034000933170318604,0.0729999989271164,0.20739999413490295
YDR519W,YML104C,0,-2.3366575,0.03398510068655014,0.0729999989271164,0.20749999582767487
YER065C,YML037C,0,-2.3369236,0.03396928682923317,0.0729999989271164,0.20759999752044678
YDR531W,YOR279C,0,-2.337011,0.03395348787307739,0.0729999989271164,0.2076999992132187
YNL202W,YCL075W,0,-2.3370614,0.03393770381808281,0.0729999989271164,0.2078000009059906
YDR131C,YDR177W,1,-2.3370697,0.034386616200208664,0.07400000095367432,0.2078000009059906
YCL020W,YOL019W,0,-2.3370957,0.03437064588069916,0.07400000095367432,0.2079000025987625
YPR127W,YHR021C,0,-2.3375225,0.034354690462350845,0.07400000095367432,0.20800000429153442
YGR070W,YDL020C,0,-2.3376765,0.03433874621987343,0.07400000095367432,0.20810000598430634
YDL212W,YOL157C,0,-2.338006,0.034322820603847504,0.07400000095367432,0.20819999277591705
YJL209W,YDR307W,0,-2.3380923,0.034306906163692474,0.07400000095367432,0.20829999446868896
YNL002C,YDR034C,0,-2.338562,0.03429101034998894,0.07400000095367432,0.20839999616146088
YML074C,YNL210W,0,-2.3387337,0.034275125712156296,0.07400000095367432,0.2084999978542328
YDR248C,YBR274W,0,-2.338842,0.034259259700775146,0.07400000095367432,0.2085999995470047
YDR134C,YMR052W,0,-2.3391547,0.03424340486526489,0.07400000095367432,0.2087000012397766
YEL058W,YNL035C,0,-2.3396702,0.03422756865620613,0.07400000095367432,0.20880000293254852
YGR277C,YDL142C,0,-2.3397288,0.034211743623018265,0.07400000095367432,0.20890000462532043
YJL109C,YER073W,0,-2.3398,0.03419593349099159,0.07400000095367432,0.20900000631809235
YLR035C,YJL116C,0,-2.340194,0.034180138260126114,0.07400000095367432,0.20909999310970306
YKL180W,YKL218C,0,-2.3403468,0.03416435793042183,0.07400000095367432,0.20919999480247498
YER039C,YER087W,0,-2.3405178,0.03414859250187874,0.07400000095367432,0.2092999964952469
YDL022W,YKR066C,0,-2.3405447,0.03413284197449684,0.07400000095367432,0.2093999981880188
YFL052W,YDR224C,0,-2.3409863,0.03411710634827614,0.07400000095367432,0.2094999998807907
YDR402C,YDR229W,0,-2.340993,0.03410138189792633,0.07400000095367432,0.20960000157356262
YPL095C,YAL061W,0,-2.34124,0.034085676074028015,0.07400000095367432,0.20970000326633453
YBR244W,YEL026W,0,-2.341346,0.034069981426000595,0.07400000095367432,0.20980000495910645
YNL096C,YPR063C,0,-2.341672,0.03405430167913437,0.07400000095367432,0.20990000665187836
YDR090C,YEL071W,0,-2.3418558,0.03403863683342934,0.07400000095367432,0.20999999344348907
YER054C,YGL187C,0,-2.3430471,0.0340229868888855,0.07400000095367432,0.210099995136261
YDR131C,YBL057C,1,-2.3440752,0.03446691110730171,0.07500000298023224,0.210099995136261
YPL241C,YDR018C,0,-2.3442245,0.03445107862353325,0.07500000298023224,0.2101999968290329
YDL180W,YPR164W,0,-2.3442507,0.03443526104092598,0.07500000298023224,0.2102999985218048
YBR261C,YGR162W,0,-2.3443346,0.034419458359479904,0.07500000298023224,0.21040000021457672
YFR032C-A,YDR046C,0,-2.3451948,0.03440367057919502,0.07500000298023224,0.21050000190734863
YIL136W,YHL044W,0,-2.3452652,0.034387893974781036,0.07500000298023224,0.21060000360012054
YNL275W,YBR096W,0,-2.34547,0.03437213599681854,0.07500000298023224,0.21070000529289246
YOR368W,YBR160W,0,-2.3461318,0.034356389194726944,0.07500000298023224,0.21080000698566437
YIR035C,YJL051W,0,-2.3461392,0.03434066101908684,0.07500000298023224,0.21089999377727509
YBR012W-A,YLR316C,0,-2.3463988,0.03432494401931763,0.07500000298023224,0.210999995470047
YDR332W,YNR061C,0,-2.3465655,0.03430924192070961,0.07500000298023224,0.2110999971628189
YJL133W,YLR197W,0,-2.3466635,0.03429355099797249,0.07500000298023224,0.21119999885559082
YBR141C,YGR179C,0,-2.3470278,0.03427787870168686,0.07500000298023224,0.21130000054836273
YNL283C,YKR104W,0,-2.3470855,0.034262221306562424,0.07500000298023224,0.21140000224113464
YEL070W,YJL190C,0,-2.3472888,0.034246575087308884,0.07500000298023224,0.21150000393390656
YGR231C,YLR151C,0,-2.347458,0.03423094376921654,0.07500000298023224,0.21160000562667847
YOL041C,YJL130C,0,-2.347497,0.034215327352285385,0.07500000298023224,0.21170000731945038
YDR322C-A,YNR002C,0,-2.347735,0.03419972583651543,0.07500000298023224,0.2117999941110611
YCL074W,YBR056W,0,-2.3478227,0.03418413922190666,0.07500000298023224,0.211899995803833
YOR144C,YHL008C,0,-2.3484378,0.03416856378316879,0.07500000298023224,0.21199999749660492
YKL088W,YGL035C,0,-2.3485124,0.034153006970882416,0.07500000298023224,0.21209999918937683
YNL154C,YDR541C,0,-2.3489056,0.034137461334466934,0.07500000298023224,0.21220000088214874
YNL046W,YDR443C,0,-2.3489308,0.034121930599212646,0.07500000298023224,0.21230000257492065
YHL044W,YPL009C,0,-2.3490977,0.034106411039829254,0.07500000298023224,0.21240000426769257
YJL172W,YBR302C,0,-2.3500965,0.034090910106897354,0.07500000298023224,0.21250000596046448
YHR045W,YOR020C,0,-2.3503776,0.03407542034983635,0.07500000298023224,0.2125999927520752
YGL094C,YHR215W,0,-2.350863,0.03405994549393654,0.07500000298023224,0.2126999944448471
YCL011C,YDL206W,0,-2.3508844,0.03404448553919792,0.07500000298023224,0.21279999613761902
YLL055W,YJR033C,0,-2.3509204,0.0340290367603302,0.07500000298023224,0.21289999783039093
YNR040W,YOL145C,0,-2.351014,0.03401360660791397,0.07500000298023224,0.21299999952316284
YPL098C,YOR291W,0,-2.3510308,0.03399818763136864,0.07500000298023224,0.21310000121593475
YJR129C,YHR141C,0,-2.351235,0.0339827835559845,0.07500000298023224,0.21320000290870667
YOL041C,YML036W,0,-2.3512888,0.03396739065647125,0.07500000298023224,0.21330000460147858
YDR415C,YPL200W,0,-2.351546,0.0339520126581192,0.07500000298023224,0.2134000062942505
YOR251C,YJL028W,0,-2.351571,0.03393665328621864,0.07500000298023224,0.2134999930858612
YOR133W,YBR133C,0,-2.3515902,0.03392130136489868,0.07500000298023224,0.21359999477863312
YJL099W,YPL081W,0,-2.3517065,0.03390596807003021,0.07500000298023224,0.21369999647140503
YHR047C,YIL067C,0,-2.3517354,0.03389064595103264,0.07500000298023224,0.21379999816417694
YHL047C,YGR086C,0,-2.3518076,0.03387533873319626,0.07500000298023224,0.21389999985694885
YLR225C,YJR127C,0,-2.3521347,0.03386004641652107,0.07500000298023224,0.21400000154972076
YKL222C,YJR021C,0,-2.3522186,0.03384476527571678,0.07500000298023224,0.21410000324249268
YKL078W,YPL218W,0,-2.3523965,0.033829499036073685,0.07500000298023224,0.2142000049352646
YDL215C,YGL059W,0,-2.3524766,0.03381424769759178,0.07500000298023224,0.2143000066280365
YLL002W,YER118C,0,-2.3525252,0.033799007534980774,0.07500000298023224,0.21439999341964722
YDR090C,YNR022C,0,-2.3527615,0.03378378227353096,0.07500000298023224,0.21449999511241913
YDR214W,YKR019C,0,-2.3528292,0.03376857191324234,0.07500000298023224,0.21459999680519104
YNL259C,YPL096C-A,0,-2.3536491,0.033753376454114914,0.07500000298023224,0.21469999849796295
YDR423C,YJL172W,0,-2.3537574,0.03373819217085838,0.07500000298023224,0.21480000019073486
YIL097W,YPR065W,0,-2.3538373,0.033723022788763046,0.07500000298023224,0.21490000188350677
YOR234C,YML112W,0,-2.3538947,0.033707864582538605,0.07500000298023224,0.2150000035762787
YCL033C,YDL168W,0,-2.353962,0.03369272127747536,0.07500000298023224,0.2151000052690506
YER117W,YLR032W,0,-2.3541322,0.0336775928735733,0.07500000298023224,0.2152000069618225
YOL113W,YFL053W,0,-2.354869,0.03366247937083244,0.07500000298023224,0.21529999375343323
YJR009C,YMR056C,0,-2.3556585,0.03364737704396248,0.07500000298023224,0.21539999544620514
YLR129W,YOL140W,0,-2.3557134,0.03363228589296341,0.07500000298023224,0.21549999713897705
YOR245C,YCL019W,0,-2.3557742,0.03361721336841583,0.07500000298023224,0.21559999883174896
YDR523C,YMR135C,0,-2.3558102,0.03360215201973915,0.07500000298023224,0.21570000052452087
YBL039C,YPL079W,0,-2.3558528,0.033587101846933365,0.07500000298023224,0.21580000221729279
YOL104C,YDR214W,0,-2.3559961,0.03357206657528877,0.07500000298023224,0.2159000039100647
YJL225C,YGL249W,0,-2.3563557,0.033557046204805374,0.07500000298023224,0.2160000056028366
YMR223W,YIL172C,0,-2.3564897,0.03354204073548317,0.07500000298023224,0.21610000729560852
YER011W,YLR325C,0,-2.3566446,0.03352704644203186,0.07500000298023224,0.21619999408721924
YKR081C,YML037C,0,-2.356804,0.03351206332445145,0.07500000298023224,0.21629999577999115
YFR013W,YGR088W,0,-2.3568902,0.03349709510803223,0.07500000298023224,0.21639999747276306
YGL225W,YDR444W,0,-2.3569245,0.0334821417927742,0.07500000298023224,0.21649999916553497
YOR131C,YMR104C,0,-2.3570151,0.03346720337867737,0.07500000298023224,0.21660000085830688
YLR341W,YDR044W,0,-2.3572292,0.03345227614045143,0.07500000298023224,0.2167000025510788
YDR120C,YPR082C,0,-2.3582187,0.03343736007809639,0.07500000298023224,0.2168000042438507
YGL220W,YOL077C,0,-2.3584595,0.03342245891690254,0.07500000298023224,0.21690000593662262
YMR238W,YPL223C,0,-2.3592184,0.03340757265686989,0.07500000298023224,0.21699999272823334
YER087W,YOR077W,0,-2.3593283,0.03339269757270813,0.07500000298023224,0.21709999442100525
YBL036C,YOR391C,0,-2.3595219,0.033377837389707565,0.07500000298023224,0.21719999611377716
YFL021W,YPL230W,0,-2.3599865,0.033362988382577896,0.07500000298023224,0.21729999780654907
YOL043C,YML037C,0,-2.3599987,0.03334815427660942,0.07500000298023224,0.21739999949932098
YER002W,YPR145W,0,-2.3599992,0.03333333507180214,0.07500000298023224,0.2175000011920929
YOL052C,YLR336C,0,-2.3601458,0.033318523317575455,0.07500000298023224,0.2176000028848648
YGR282C,YIL177C,0,-2.3601742,0.03330373018980026,0.07500000298023224,0.21770000457763672
YMR264W,YDR306C,1,-2.3602293,0.03373280167579651,0.07599999755620956,0.21770000457763672
YGR054W,YML073C,0,-2.3602338,0.03371783345937729,0.07599999755620956,0.21780000627040863
YHR124W,YNL078W,0,-2.3603454,0.03370288386940956,0.07599999755620956,0.21789999306201935
YDL202W,YGL125W,0,-2.3604658,0.03368794173002243,0.07599999755620956,0.21799999475479126
YAL054C,YGR284C,0,-2.3605423,0.03367301821708679,0.07599999755620956,0.21809999644756317
YML104C,YOR291W,0,-2.3605635,0.03365810588002205,0.07599999755620956,0.21819999814033508
YFR042W,YKL107W,0,-2.3606534,0.0336432047188282,0.07599999755620956,0.218299999833107
YCL052C,YLR224W,1,-2.3607898,0.03407079726457596,0.07699999958276749,0.218299999833107
YGL225W,YKL112W,0,-2.361148,0.03405572846531868,0.07699999958276749,0.2184000015258789
YHR003C,YKL096W-A,0,-2.3612094,0.0340406708419323,0.07699999958276749,0.21850000321865082
YLR186W,YHR172W,0,-2.3613236,0.03402562811970711,0.07699999958276749,0.21860000491142273
YOL077W-A,YHL024W,0,-2.3614578,0.03401060029864311,0.07699999958276749,0.21870000660419464
YKL165C,YLR336C,0,-2.3614707,0.03399558365345001,0.07699999958276749,0.21879999339580536
YAL025C,YGR106C,0,-2.3615499,0.033980581909418106,0.07699999958276749,0.21889999508857727
YOL151W,YAR066W,0,-2.3617,0.033965595066547394,0.07699999958276749,0.21899999678134918
YOR326W,YDR144C,0,-2.3621619,0.03395061567425728,0.07699999958276749,0.2190999984741211
YMR135C,YMR154C,0,-2.3621902,0.033935654908418655,0.07699999958276749,0.219200000166893
YHR072W-A,YOR306C,0,-2.3623295,0.03392070531845093,0.07699999958276749,0.21930000185966492
YBR139W,YKR094C,0,-2.3623312,0.033905766904354095,0.07699999958276749,0.21940000355243683
YPL150W,YJR040W,0,-2.3623598,0.03389084339141846,0.07699999958276749,0.21950000524520874
YIR034C,YDL180W,0,-2.3623686,0.03387593477964401,0.07699999958276749,0.21960000693798065
YHR058C,YPR132W,0,-2.362676,0.03386103734374046,0.07699999958276749,0.21969999372959137
YNL096C,YNR072W,0,-2.3628533,0.03384615480899811,0.07699999958276749,0.21979999542236328
YLR439W,YBR111W-A,0,-2.3628922,0.03383128345012665,0.07699999958276749,0.2198999971151352
YLR441C,YGR072W,0,-2.3629432,0.03381642326712608,0.07699999958276749,0.2199999988079071
YPL189C-A,YLR459W,0,-2.3629966,0.03380158171057701,0.07699999958276749,0.22010000050067902
YDL164C,YPL187W,0,-2.3630788,0.033786747604608536,0.07699999958276749,0.22020000219345093
YNL284C,YGR287C,0,-2.3632555,0.033771928399801254,0.07699999958276749,0.22030000388622284
YJL187C,YOR396W,0,-2.363305,0.03375712409615517,0.07699999958276749,0.22040000557899475
YCL052C,YDR131C,1,-2.3635068,0.034180544316768646,0.07800000160932541,0.22040000557899475
YOL034W,YBL112C,0,-2.3636224,0.03416557237505913,0.07800000160932541,0.22050000727176666
YDR266C,YML121W,0,-2.3637319,0.034150611609220505,0.07800000160932541,0.22059999406337738
YIL143C,YCR043C,0,-2.3640814,0.034135665744543076,0.07800000160932541,0.2206999957561493
YDL017W,YOR003W,0,-2.3641677,0.03412073478102684,0.07800000160932541,0.2207999974489212
YMR086W,YIL072W,0,-2.364471,0.0341058149933815,0.07800000160932541,0.22089999914169312
YDR090C,YDR405W,0,-2.3645468,0.034090910106897354,0.07800000160932541,0.22100000083446503
YIL017C,YOR362C,1,-2.3646207,0.03451288864016533,0.07900000363588333,0.22100000083446503
YMR319C,YBR104W,0,-2.3646376,0.03449781611561775,0.07900000363588333,0.22110000252723694
YER122C,YML018C,0,-2.3648262,0.03448275849223137,0.07900000363588333,0.22120000422000885
YIL082W-A,YOL157C,0,-2.3649333,0.03446771204471588,0.07900000363588333,0.22130000591278076
YFL053W,YML005W,0,-2.365042,0.03445268049836159,0.07900000363588333,0.22139999270439148
YER110C,YER146W,0,-2.365248,0.03443766385316849,0.07900000363588333,0.2214999943971634
YJL046W,YPL159C,0,-2.3653958,0.03442265838384628,0.07900000363588333,0.2215999960899353
YGL047W,YPL083C,0,-2.365414,0.034407664090394974,0.07900000363588333,0.22169999778270721
YDL042C,YGL055W,0,-2.3654928,0.03439268469810486,0.07900000363588333,0.22179999947547913
YDR338C,YDR180W,0,-2.3657148,0.03437772020697594,0.07900000363588333,0.22190000116825104
YPR030W,YNR061C,0,-2.3657792,0.03436276689171791,0.07900000363588333,0.22200000286102295
YDR297W,YML030W,0,-2.3660367,0.03434782475233078,0.07900000363588333,0.22210000455379486
YGR263C,YPR127W,0,-2.3660457,0.03433289751410484,0.07900000363588333,0.22220000624656677
YDL077C,YGL147C,0,-2.366216,0.0343179851770401,0.07900000363588333,0.2222999930381775
YIR007W,YPL088W,0,-2.3669116,0.03430308401584625,0.07900000363588333,0.2223999947309494
YML040W,YJR145C,0,-2.3670783,0.0342881940305233,0.07900000363588333,0.2224999964237213
YGL256W,YFR015C,0,-2.3681514,0.03427331894636154,0.07900000363588333,0.22259999811649323
YKR092C,YNL210W,0,-2.3682318,0.03425845503807068,0.07900000363588333,0.22269999980926514
YGR274C,YDR167W,0,-2.3682816,0.03424360603094101,0.07900000363588333,0.22280000150203705
YJR098C,YMR097C,0,-2.3683844,0.034228768199682236,0.07900000363588333,0.22290000319480896
YIR013C,YOR246C,0,-2.368699,0.034213945269584656,0.07900000363588333,0.22300000488758087
YEL060C,YML018C,0,-2.368709,0.03419913351535797,0.07900000363588333,0.22310000658035278
YLR034C,YEL043W,0,-2.3692942,0.03418433666229248,0.07900000363588333,0.2231999933719635
YMR134W,YLR298C,0,-2.3698535,0.034169550985097885,0.07900000363588333,0.2232999950647354
YGR098C,YML054C,0,-2.3698747,0.034154776483774185,0.07900000363588333,0.22339999675750732
YGR001C,YDL066W,0,-2.3698854,0.03414001688361168,0.07900000363588333,0.22349999845027924
YNL146W,YGR014W,0,-2.37006,0.03412526845932007,0.07900000363588333,0.22360000014305115
YLR394W,YNL241C,0,-2.3703852,0.03411053493618965,0.07900000363588333,0.22370000183582306
YCL008C,YFR036W,1,-2.3706937,0.034527406096458435,0.07999999821186066,0.22370000183582306
YOL093W,YNL217W,0,-2.3707848,0.034512512385845184,0.07999999821186066,0.22380000352859497
YEL065W,YGR218W,0,-2.370968,0.03449762985110283,0.07999999821186066,0.22390000522136688
YPL152W,YGR192C,0,-2.3710003,0.03448275849223137,0.07999999821186066,0.2240000069141388
YGR289C,YIL171W,0,-2.3713686,0.0344679020345211,0.07999999821186066,0.2240999937057495
YLR325C,YKR037C,0,-2.3714013,0.03445305675268173,0.07999999821186066,0.22419999539852142
YLR028C,YNL213C,0,-2.371697,0.034438226372003555,0.07999999821186066,0.22429999709129333
YPR200C,YGR077C,0,-2.3717365,0.034423407167196274,0.07999999821186066,0.22439999878406525
YIL157C,YPL249C-A,0,-2.371781,0.034408602863550186,0.07999999821186066,0.22450000047683716
YFL057C,YLR325C,0,-2.3718514,0.034393809735774994,0.07999999821186066,0.22460000216960907
YDR307W,YER124C,0,-2.371876,0.0343790277838707,0.07999999821186066,0.22470000386238098
YNL188W,YLR300W,0,-2.3720422,0.034364260733127594,0.07999999821186066,0.2248000055551529
YNL254C,YPL131W,0,-2.3720982,0.034349504858255386,0.07999999821186066,0.2249000072479248
YDR016C,YCL030C,0,-2.3724394,0.03433476388454437,0.07999999821186066,0.22499999403953552
YDR408C,YCR034W,0,-2.372548,0.034320034086704254,0.07999999821186066,0.22509999573230743
YDL202W,YPL066W,0,-2.3726294,0.03430531546473503,0.07999999821186066,0.22519999742507935
YGL179C,YDR481C,0,-2.3726726,0.034290611743927,0.07999999821186066,0.22529999911785126
YBR012W-A,YNL088W,0,-2.3727386,0.03427592292428017,0.07999999821186066,0.22540000081062317
YAL061W,YJR010W,0,-2.3731785,0.03426124155521393,0.07999999821186066,0.22550000250339508
YLR265C,YER004W,0,-2.3732376,0.034246575087308884,0.07999999821186066,0.225600004196167
YDR101C,YLL032C,0,-2.3735423,0.034231919795274734,0.07999999821186066,0.2257000058889389
YMR136W,YAL021C,0,-2.3735487,0.03421727940440178,0.07999999821186066,0.22579999268054962
YGR286C,YNL096C,0,-2.3739629,0.03420265018939972,0.07999999821186066,0.22589999437332153
YGL157W,YPR102C,0,-2.3741899,0.03418803587555885,0.07999999821186066,0.22599999606609344
YNL172W,YIL017C,1,-2.3742127,0.034600596874952316,0.08100000023841858,0.22599999606609344
YML088W,YDR306C,1,-2.3743007,0.03501281142234802,0.0820000022649765,0.22599999606609344
YDR248C,YMR216C,0,-2.374311,0.03499786555767059,0.0820000022649765,0.22609999775886536
YOL041C,YDR191W,0,-2.3745646,0.03498293459415436,0.0820000022649765,0.22619999945163727
YPL085W,YKL027W,0,-2.3746207,0.034968018531799316,0.0820000022649765,0.22630000114440918
YML113W,YPR082C,0,-2.3746758,0.03495310992002487,0.0820000022649765,0.2264000028371811
YNL005C,YNR075W,0,-2.3748128,0.03493821993470192,0.0820000022649765,0.226500004529953
YJL207C,YOR285W,0,-2.3750525,0.034923337399959564,0.0820000022649765,0.22660000622272491
YPL265W,YOR396W,0,-2.3752232,0.0349084734916687,0.0820000022649765,0.22669999301433563
YCL027W,YPL211W,0,-2.3752263,0.034893617033958435,0.0820000022649765,0.22679999470710754
YCL036W,YOL127W,0,-2.3755531,0.03487877547740936,0.0820000022649765,0.22689999639987946
YJL046W,YPL265W,0,-2.3756733,0.034863945096731186,0.0820000022649765,0.22699999809265137
YBL024W,YIL139C,0,-2.3762262,0.0348491296172142,0.0820000022649765,0.22709999978542328
YGR175C,YOR315W,0,-2.3762352,0.034834325313568115,0.0820000022649765,0.2272000014781952
YER180C,YNR012W,0,-2.3764253,0.03481953218579292,0.0820000022649765,0.2273000031709671
YDR473C,YJL191W,0,-2.3764477,0.034804753959178925,0.0820000022649765,0.227400004863739
YJR093C,YAL061W,0,-2.3767347,0.03478998690843582,0.0820000022649765,0.22750000655651093
YOL094C,YML030W,0,-2.3770404,0.03477523475885391,0.0820000022649765,0.22759999334812164
YBR126C,YMR169C,0,-2.3771963,0.0347604900598526,0.0820000022649765,0.22769999504089355
YDR055W,YPL274W,0,-2.3772588,0.03474576398730278,0.0820000022649765,0.22779999673366547
YPL236C,YBL082C,0,-2.3774586,0.03473104536533356,0.0820000022649765,0.22789999842643738
YDR056C,YJL020C,0,-2.3779202,0.03471634164452553,0.0820000022649765,0.2280000001192093
YIR007W,YIR037W,0,-2.3779435,0.034701649099588394,0.0820000022649765,0.2281000018119812
YGL257C,YOR378W,0,-2.3780403,0.034686971455812454,0.0820000022649765,0.2282000035047531
YGL103W,YJR135C,0,-2.3782883,0.03467230498790741,0.0820000022649765,0.22830000519752502
YKL172W,YDL028C,0,-2.3783765,0.03465764969587326,0.0820000022649765,0.22840000689029694
YDR415C,YCL011C,0,-2.3784003,0.034643009305000305,0.0820000022649765,0.22849999368190765
YKL084W,YBR257W,0,-2.378523,0.034628380089998245,0.0820000022649765,0.22859999537467957
YOL041C,YLR453C,0,-2.378635,0.03461376205086708,0.0820000022649765,0.22869999706745148
YHR183W,YER118C,0,-2.3787508,0.03459915518760681,0.0820000022649765,0.2287999987602234
YNL336W,YJL092W,0,-2.3794641,0.034584563225507736,0.0820000022649765,0.2289000004529953
YGR001C,YDR410C,0,-2.379813,0.034569982439279556,0.0820000022649765,0.2290000021457672
YLR224W,YEL037C,1,-2.380042,0.03497682139277458,0.08299999684095383,0.2290000021457672
YDR266C,YMR277W,0,-2.3800538,0.034962087869644165,0.08299999684095383,0.22910000383853912
YPL196W,YJL210W,0,-2.380115,0.03494736924767494,0.08299999684095383,0.22920000553131104
YMR163C,YNL050C,0,-2.3802629,0.034932658076286316,0.08299999684095383,0.22930000722408295
YDR307W,YDR389W,0,-2.3804352,0.03491796553134918,0.08299999684095383,0.22939999401569366
YFR044C,YHL019C,0,-2.3805118,0.034903280436992645,0.08299999684095383,0.22949999570846558
YFL037W,YBR172C,0,-2.3806772,0.0348886102437973,0.08299999684095383,0.2295999974012375
YBL069W,YPR190C,0,-2.3807154,0.034873951226472855,0.08299999684095383,0.2296999990940094
YLR079W,YGR157W,0,-2.3807573,0.0348593033850193,0.08299999684095383,0.2298000007867813
YMR217W,YNL208W,0,-2.3813086,0.034844666719436646,0.08299999684095383,0.22990000247955322
YBL091C-A,YLR240W,0,-2.3814454,0.03483004495501518,0.08299999684095383,0.23000000417232513
YNR063W,YHR168W,0,-2.3816786,0.03481543809175491,0.08299999684095383,0.23010000586509705
YIL082W-A,YER048C,0,-2.3817432,0.03480083867907524,0.08299999684095383,0.23019999265670776
YJR015W,YOR290C,0,-2.381807,0.03478625416755676,0.08299999684095383,0.23029999434947968
YDL056W,YNL138W-A,0,-2.3819628,0.03477168083190918,0.08299999684095383,0.2303999960422516
YML001W,YEL022W,0,-2.3826866,0.03475711867213249,0.08299999684095383,0.2304999977350235
YEL016C,YLR264W,0,-2.3828068,0.034742571413517,0.08299999684095383,0.2305999994277954
YOL040C,YER146W,0,-2.3828497,0.0347280353307724,0.08299999684095383,0.23070000112056732
YGR258C,YDR503C,0,-2.3830342,0.0347135104238987,0.08299999684095383,0.23080000281333923
YDL021W,YIL061C,0,-2.3843348,0.03469899669289589,0.08299999684095383,0.23090000450611115
YDR262W,YDR034C,0,-2.3844795,0.034684497863054276,0.08299999684095383,0.23100000619888306
YLR074C,YLR372W,0,-2.3845952,0.03467001020908356,0.08299999684095383,0.23109999299049377
YOL056W,YGL031C,0,-2.3846807,0.034655533730983734,0.08299999684095383,0.23119999468326569
YDR306C,YMR077C,1,-2.3849282,0.03505843132734299,0.08399999886751175,0.23119999468326569
YOL092W,YGL040C,0,-2.3850317,0.035043805837631226,0.08399999886751175,0.2312999963760376
YCR053W,YDR186C,0,-2.3852453,0.03502919152379036,0.08399999886751175,0.2313999980688095
YOL075C,YKL172W,0,-2.3854475,0.03501458838582039,0.08399999886751175,0.23149999976158142
YMR114C,YLR026C,0,-2.3856435,0.03500000014901161,0.08399999886751175,0.23160000145435333
YCR087C-A,YML123C,0,-2.3859954,0.03498542308807373,0.08399999886751175,0.23170000314712524
YGR054W,YGL014W,0,-2.3862314,0.034970857203006744,0.08399999886751175,0.23180000483989716
YPL223C,YHR017W,0,-2.3862677,0.03495630621910095,0.08399999886751175,0.23190000653266907
YMR019W,YGR125W,0,-2.386602,0.03494176268577576,0.08399999886751175,0.23199999332427979
YDR520C,YDL156W,0,-2.3867042,0.034927234053611755,0.08399999886751175,0.2320999950170517
YER011W,YMR211W,0,-2.3868694,0.03491271659731865,0.08399999886751175,0.2321999967098236
YBR123C,YOR391C,0,-2.3869464,0.03489821404218674,0.08399999886751175,0.23229999840259552
YDR254W,YML039W,0,-2.3870618,0.03488372266292572,0.08399999886751175,0.23240000009536743
YBR088C,YML024W,0,-2.3871417,0.0348692387342453,0.08399999886751175,0.23250000178813934
YLR086W,YNL115C,0,-2.3876402,0.03485477343201637,0.08399999886751175,0.23260000348091125
YJL092W,YHR039C-A,0,-2.3876417,0.03484031558036804,0.08399999886751175,0.23270000517368317
YMR176W,YDR137W,0,-2.387694,0.03482586890459061,0.08399999886751175,0.23280000686645508
YBL027W,YHR143W-A,0,-2.3884418,0.034811437129974365,0.08399999886751175,0.2328999936580658
YLR109W,YGL153W,0,-2.3887253,0.03479701653122902,0.08399999886751175,0.2329999953508377
YML027W,YDR026C,0,-2.389616,0.03478260710835457,0.08399999886751175,0.23309999704360962
YGL071W,YIR007W,0,-2.3898368,0.03476821258664131,0.08399999886751175,0.23319999873638153
YJL171C,YIL131C,0,-2.3899956,0.03475382551550865,0.08399999886751175,0.23330000042915344
YJR161C,YML066C,0,-2.3900383,0.034739453345537186,0.08399999886751175,0.23340000212192535
YCL008C,YKL034W,1,-2.390852,0.035138487815856934,0.08500000089406967,0.23340000212192535
YNL082W,YOL157C,0,-2.3909338,0.03512396663427353,0.08500000089406967,0.23350000381469727
YIL172C,YOR269W,0,-2.3912168,0.03510946035385132,0.08500000089406967,0.23360000550746918
YKL119C,YOR251C,0,-2.3912258,0.035094961524009705,0.08500000089406967,0.2337000072002411
YNR001C,YLR034C,0,-2.3920388,0.035080477595329285,0.08500000089406967,0.2337999939918518
YDL246C,YJR086W,0,-2.3921494,0.03506600484251976,0.08500000089406967,0.23389999568462372
YGR041W,YNL058C,0,-2.3921824,0.03505154699087143,0.08500000089406967,0.23399999737739563
YJL065C,YOL124C,0,-2.3923817,0.035037096589803696,0.08500000089406967,0.23409999907016754
YNL010W,YER160C,0,-2.39254,0.035022661089897156,0.08500000089406967,0.23420000076293945
YFL029C,YOR349W,0,-2.392986,0.03500823676586151,0.08500000089406967,0.23430000245571136
YKL184W,YPR151C,0,-2.3932586,0.03499382361769676,0.08500000089406967,0.23440000414848328
YJR029W,YNL147W,0,-2.3935113,0.03497942537069321,0.08500000089406967,0.2345000058412552
YHR140W,YDR347W,0,-2.3936422,0.03496503457427025,0.08500000089406967,0.2345999926328659
YOR054C,YER087C-A,0,-2.3938088,0.034950658679008484,0.08500000089406967,0.23469999432563782
YBR159W,YLL011W,0,-2.3938832,0.034936293959617615,0.08500000089406967,0.23479999601840973
YML062C,YOR291W,0,-2.3944411,0.03492194041609764,0.08500000089406967,0.23489999771118164
YJL085W,YCR073C,0,-2.3946283,0.03490759804844856,0.08500000089406967,0.23499999940395355
YIL021W,YER070W,0,-2.3947284,0.03489326685667038,0.08500000089406967,0.23510000109672546
YLR106C,YNL256W,0,-2.3951411,0.03487895056605339,0.08500000089406967,0.23520000278949738
YGR171C,YFL016C,0,-2.3953485,0.034864641726017,0.08500000089406967,0.2353000044822693
YIL091C,YML028W,0,-2.3955894,0.0348503477871418,0.08500000089406967,0.2354000061750412
YPR036W,YJR091C,0,-2.3956058,0.0348360650241375,0.08500000089406967,0.23549999296665192
YLR419W,YOR147W,0,-2.3957644,0.03482179343700409,0.08500000089406967,0.23559999465942383
YGR054W,YGL131C,0,-2.3957877,0.03480753302574158,0.08500000089406967,0.23569999635219574
YKL176C,YMR130W,0,-2.3966913,0.03479328751564026,0.08500000089406967,0.23579999804496765
YDR101C,YOR293W,0,-2.396803,0.03477904945611954,0.08500000089406967,0.23589999973773956
YBR084W,YML075C,0,-2.3968043,0.03476482629776001,0.08500000089406967,0.23600000143051147
YJL192C,YOL041C,0,-2.396876,0.03475061431527138,0.08500000089406967,0.2361000031232834
YDL078C,YBL028C,0,-2.397553,0.03473641350865364,0.08500000089406967,0.2362000048160553
YLR419W,YDL079C,0,-2.3978887,0.0347222238779068,0.08500000089406967,0.2363000065088272
YBR058C-A,YER075C,0,-2.398057,0.03470804542303085,0.08500000089406967,0.23639999330043793
YBR118W,YOR315W,0,-2.3981073,0.0346938781440258,0.08500000089406967,0.23649999499320984
YDR419W,YLR300W,0,-2.3985367,0.03467972204089165,0.08500000089406967,0.23659999668598175
YOR063W,YNR011C,0,-2.3991716,0.034665580838918686,0.08500000089406967,0.23669999837875366
YDR065W,YAL035W,0,-2.3991923,0.03465144708752632,0.08500000089406967,0.23680000007152557
YDR173C,YLR126C,0,-2.3992877,0.03463732823729515,0.08500000089406967,0.23690000176429749
YNL262W,YER124C,0,-2.4002132,0.03462321683764458,0.08500000089406967,0.2370000034570694
YNL192W,YDR540C,0,-2.40034,0.0346091203391552,0.08500000089406967,0.2371000051498413
YKL056C,YKL061W,0,-2.4003491,0.03459503501653671,0.08500000089406967,0.23720000684261322
YLR301W,YIL114C,0,-2.400745,0.034580960869789124,0.08500000089406967,0.23729999363422394
YML015C,YEL047C,0,-2.4010534,0.03456689789891243,0.08500000089406967,0.23739999532699585
YNR054C,YLR446W,0,-2.4011793,0.03455284610390663,0.08500000089406967,0.23749999701976776
YDR266C,YIL048W,0,-2.4014869,0.03453880548477173,0.08500000089406967,0.23759999871253967
YHL012W,YHR107C,0,-2.401544,0.03452477604150772,0.08500000089406967,0.23770000040531158
YDL121C,YGR185C,0,-2.4017138,0.03451075777411461,0.08500000089406967,0.2378000020980835
YML024W,YDR339C,0,-2.4018564,0.03449675440788269,0.08500000089406967,0.2379000037908554
YJR075W,YIR003W,0,-2.4021108,0.03448275849223137,0.08500000089406967,0.23800000548362732
YOL157C,YKR086W,0,-2.4026613,0.03446877375245094,0.08500000089406967,0.23810000717639923
YOR304C-A,YOR340C,0,-2.4027252,0.03445480391383171,0.08500000089406967,0.23819999396800995
YOR292C,YGL241W,0,-2.4028468,0.034440841525793076,0.08500000089406967,0.23829999566078186
YBR243C,YCL069W,0,-2.403065,0.034426894038915634,0.08500000089406967,0.23839999735355377
YFL044C,YKL107W,0,-2.4031458,0.03441295400261879,0.08500000089406967,0.23849999904632568
YKR059W,YGR158C,0,-2.4035506,0.03439902886748314,0.08500000089406967,0.2386000007390976
YEL043W,YDR196C,0,-2.4035635,0.034385114908218384,0.08500000089406967,0.2387000024318695
YIL160C,YCR069W,0,-2.4039245,0.034371208399534225,0.08500000089406967,0.23880000412464142
YBR105C,YPL112C,0,-2.4042206,0.03435731679201126,0.08500000089406967,0.23890000581741333
YKL093W,YCL075W,0,-2.4045386,0.03434343263506889,0.08500000089406967,0.23899999260902405
YEL042W,YLR141W,0,-2.4046395,0.03432956337928772,0.08500000089406967,0.23909999430179596
YDL212W,YHR211W,0,-2.4046926,0.03431570529937744,0.08500000089406967,0.23919999599456787
YNL311C,YKL213C,1,-2.4051604,0.03470540791749954,0.0860000029206276,0.23919999599456787
YLR154C,YLR160C,0,-2.4053283,0.03469140827655792,0.0860000029206276,0.23929999768733978
YOR292C,YGR234W,0,-2.4054067,0.0346774198114872,0.0860000029206276,0.2393999993801117
YHR124W,YKL143W,0,-2.4057899,0.03466344252228737,0.0860000029206276,0.2395000010728836
YKL186C,YLR356W,0,-2.4059107,0.034649476408958435,0.0860000029206276,0.23960000276565552
YKL120W,YLR205C,0,-2.405934,0.0346355214715004,0.0860000029206276,0.23970000445842743
YPR163C,YFR031C,0,-2.4060442,0.034621577709913254,0.0860000029206276,0.23980000615119934
YOR131C,YDL028C,0,-2.406148,0.034607645124197006,0.0860000029206276,0.23989999294281006
YDR253C,YML039W,0,-2.406178,0.034593723714351654,0.0860000029206276,0.23999999463558197
YKL124W,YKL035W,0,-2.4061813,0.0345798134803772,0.0860000029206276,0.24009999632835388
YNL010W,YOR168W,0,-2.406313,0.034565918147563934,0.0860000029206276,0.2401999980211258
YDL144C,YHR082C,0,-2.4063468,0.03455203026533127,0.0860000029206276,0.2402999997138977
YLL061W,YMR218C,0,-2.4067292,0.0345381535589695,0.0860000029206276,0.24040000140666962
YKR045C,YMR068W,0,-2.4072402,0.03452428802847862,0.0860000029206276,0.24050000309944153
YOL075C,YJL200C,0,-2.4075427,0.03451043367385864,0.0860000029206276,0.24060000479221344
YLR319C,YHL020C,0,-2.4075432,0.03449659049510956,0.0860000029206276,0.24070000648498535
YML088W,YDL132W,1,-2.4077234,0.03488372266292572,0.08699999749660492,0.24070000648498535
YPL110C,YPR065W,0,-2.4078536,0.034869737923145294,0.08699999749660492,0.24079999327659607
YKR069W,YKL166C,0,-2.4080014,0.03485576808452606,0.08699999749660492,0.24089999496936798
YHR184W,YPL220W,0,-2.4081166,0.034841809421777725,0.08699999749660492,0.2409999966621399
YDR121W,YGL055W,0,-2.4081454,0.034827861934900284,0.08699999749660492,0.2410999983549118
YKL107W,YDR390C,0,-2.4089904,0.03481392562389374,0.08699999749660492,0.24120000004768372
YLR348C,YMR312W,0,-2.409839,0.03480000048875809,0.08699999749660492,0.24130000174045563
YOR215C,YMR240C,0,-2.4098723,0.03478608652949333,0.08699999749660492,0.24140000343322754
YMR075W,YPR098C,0,-2.4100397,0.03477218374609947,0.08699999749660492,0.24150000512599945
YDL033C,YFL066C,0,-2.410134,0.03475828841328621,0.08699999749660492,0.24160000681877136
YLR348C,YKR019C,0,-2.410154,0.03474440798163414,0.08699999749660492,0.24169999361038208
YIL160C,YHR115C,0,-2.410308,0.034730538725852966,0.08699999749660492,0.241799995303154
YML095C,YFL066C,0,-2.4103694,0.03471668064594269,0.08699999749660492,0.2418999969959259
YCL027W,YLR441C,0,-2.4105177,0.034702833741903305,0.08699999749660492,0.24199999868869781
YOR315W,YGR076C,0,-2.4108186,0.03468899428844452,0.08699999749660492,0.24210000038146973
YHR045W,YML054C,0,-2.4110355,0.03467516973614693,0.08699999749660492,0.24220000207424164
YOR381W,YDR338C,0,-2.4110394,0.03466135635972023,0.08699999749660492,0.24230000376701355
YIR007W,YMR083W,0,-2.411103,0.03464755043387413,0.08699999749660492,0.24240000545978546
YKL012W,YDL142C,0,-2.4111066,0.034633759409189224,0.08699999749660492,0.24250000715255737
YEL070W,YGR087C,0,-2.4113379,0.034619975835084915,0.08699999749660492,0.2425999939441681
YLR467W,YBR106W,0,-2.4121304,0.0346062034368515,0.08699999749660492,0.24269999563694
YDR466W,YDL180W,0,-2.4122987,0.03459244593977928,0.08699999749660492,0.24279999732971191
YGL206C,YBR010W,0,-2.4124966,0.03457869589328766,0.08699999749660492,0.24289999902248383
YKL195W,YJL118W,0,-2.4130569,0.03456495702266693,0.08699999749660492,0.24300000071525574
YML106W,YDR307W,0,-2.4131432,0.0345512293279171,0.08699999749660492,0.24310000240802765
YMR139W,YGL249W,0,-2.41326,0.03453751653432846,0.08699999749660492,0.24320000410079956
YLR278C,YPR021C,0,-2.4134047,0.03452381119132042,0.08699999749660492,0.24330000579357147
YBR110W,YPR124W,0,-2.4134254,0.034510113298892975,0.08699999749660492,0.2433999925851822
YJL144W,YPL019C,0,-2.4134407,0.034496430307626724,0.08699999749660492,0.2434999942779541
YGL229C,YDR436W,0,-2.413609,0.03448275849223137,0.08699999749660492,0.243599995970726
YNR023W,YBR204C,0,-2.4137688,0.03446909785270691,0.08699999749660492,0.24369999766349792
YBR253W,YMR011W,0,-2.4140928,0.034455444663763046,0.08699999749660492,0.24379999935626984
YNL329C,YAR071W,0,-2.4142103,0.03444180637598038,0.08699999749660492,0.24390000104904175
YOL103W,YBL075C,0,-2.414239,0.034428175538778305,0.08699999749660492,0.24400000274181366
YPL027W,YNL186W,0,-2.4147139,0.03441455587744713,0.08699999749660492,0.24410000443458557
YPL200W,YHR203C,0,-2.414721,0.03440094739198685,0.08699999749660492,0.24420000612735748
YJL028W,YPL172C,0,-2.4150763,0.03438735008239746,0.08699999749660492,0.2442999929189682
YAL008W,YDR351W,0,-2.4154477,0.03437376394867897,0.08699999749660492,0.2443999946117401
YMR086W,YGR068C,0,-2.4157622,0.034360188990831375,0.08699999749660492,0.24449999630451202
YOR328W,YJR078W,0,-2.416109,0.034346625208854675,0.08699999749660492,0.24459999799728394
YML088W,YFR052W,1,-2.416115,0.03472770377993584,0.08799999952316284,0.24459999799728394
YML039W,YBR098W,0,-2.4168758,0.034714002162218094,0.08799999952316284,0.24469999969005585
YJR134C,YDL206W,0,-2.417055,0.034700315445661545,0.08799999952316284,0.24480000138282776
YJL225C,YPL148C,0,-2.4171176,0.03468663617968559,0.08799999952316284,0.24490000307559967
YHR079C-A,YPR042C,0,-2.417378,0.034672971814870834,0.08799999952316284,0.24500000476837158
YLL017W,YML065W,0,-2.4174137,0.03465931490063667,0.08799999952316284,0.2451000064611435
YJL125C,YER011W,0,-2.417428,0.03464566916227341,0.08799999952316284,0.2451999932527542
YOL057W,YOR290C,0,-2.4177222,0.034632034599781036,0.08799999952316284,0.24529999494552612
YMR221C,YLR356W,0,-2.4179642,0.03461841121315956,0.08799999952316284,0.24539999663829803
YPL113C,YAL020C,0,-2.41814,0.03460479900240898,0.08799999952316284,0.24549999833106995
YJL170C,YHL019C,0,-2.418278,0.034591194242239,0.08799999952316284,0.24560000002384186
YEL047C,YBR106W,0,-2.4182827,0.03457760438323021,0.08799999952316284,0.24570000171661377
YPR132W,YNR057C,0,-2.4184868,0.03456402197480202,0.08799999952316284,0.24580000340938568
YOR036W,YPR047W,0,-2.4193032,0.03455045074224472,0.08799999952316284,0.2459000051021576
YPL281C,YGL162W,0,-2.419352,0.03453689068555832,0.08799999952316284,0.2460000067949295
YOL120C,YJR149W,0,-2.4193711,0.03452334180474281,0.08799999952316284,0.24609999358654022
YLR348C,YLL050C,0,-2.4194965,0.0345098040997982,0.08799999952316284,0.24619999527931213
YGL136C,YOL158C,0,-2.419917,0.03449627757072449,0.08799999952316284,0.24629999697208405
YOR194C,YBL100W-A,0,-2.4202027,0.03448275849223137,0.08799999952316284,0.24639999866485596
YIL159W,YJL160C,0,-2.4202104,0.034469250589609146,0.08799999952316284,0.24650000035762787
YIL026C,YJL114W,0,-2.4206908,0.03445575386285782,0.08799999952316284,0.24660000205039978
YJL143W,YMR221C,0,-2.4207134,0.034442268311977386,0.08799999952316284,0.2467000037431717
YJR161C,YOL060C,0,-2.420905,0.03442879393696785,0.08799999952316284,0.2468000054359436
YPL189C-A,YBR251W,0,-2.421041,0.03441533073782921,0.08799999952316284,0.24690000712871552
YML094W,YLR327C,0,-2.4214084,0.034401874989271164,0.08799999952316284,0.24699999392032623
YDR131C,YPL002C,1,-2.4217525,0.03477920964360237,0.08900000154972076,0.24699999392032623
YMR117C,YLL017W,0,-2.422368,0.03476562350988388,0.08900000154972076,0.24709999561309814
YMR017W,YNR021W,0,-2.422847,0.034752048552036285,0.08900000154972076,0.24719999730587006
YOR348C,YML087C,0,-2.4230056,0.034738484770059586,0.08900000154972076,0.24729999899864197
YDR473C,YDR294C,0,-2.4230616,0.03472493216395378,0.08900000154972076,0.24740000069141388
YCR040W,YDL025C,0,-2.423242,0.034711387008428574,0.08900000154972076,0.2475000023841858
YPL154C,YHR209W,0,-2.4232829,0.03469785675406456,0.08900000154972076,0.2476000040769577
YOR382W,YPR054W,0,-2.4233065,0.03468433395028114,0.08900000154972076,0.24770000576972961
YPR200C,YLL010C,0,-2.4233863,0.03467082232236862,0.08900000154972076,0.24779999256134033
YDR529C,YBR177C,0,-2.4235897,0.034657321870326996,0.08900000154972076,0.24789999425411224
YDR518W,YMR166C,0,-2.4236045,0.03464382886886597,0.08900000154972076,0.24799999594688416
YMR087W,YNL232W,0,-2.4239569,0.03463035076856613,0.08900000154972076,0.24809999763965607
YMR319C,YCR072C,0,-2.424004,0.03461688011884689,0.08900000154972076,0.24819999933242798
YER014C-A,YKL053C-A,0,-2.4246438,0.03460342064499855,0.08900000154972076,0.2483000010251999
YJL044C,YKR104W,0,-2.4246721,0.0345899723470211,0.08900000154972076,0.2484000027179718
YNL046W,YML025C,0,-2.4247997,0.03457653522491455,0.08900000154972076,0.2485000044107437
YKL154W,YPR035W,0,-2.4248352,0.034563105553388596,0.08900000154972076,0.24860000610351562
YHL013C,YBL082C,0,-2.4249403,0.034549690783023834,0.08900000154972076,0.24869999289512634
YBR296C,YHR003C,0,-2.4250379,0.03453628346323967,0.08900000154972076,0.24879999458789825
YHR027C,YBR280C,1,-2.4250388,0.03491078317165375,0.09000000357627869,0.24879999458789825
YGR101W,YHL008C,0,-2.4252186,0.03489724546670914,0.09000000357627869,0.24889999628067017
YDL130W,YDR093W,0,-2.4255192,0.03488372266292572,0.09000000357627869,0.24899999797344208
YHL016C,YDR436W,0,-2.4256573,0.0348702035844326,0.09000000357627869,0.249099999666214
YBR183W,YKL017C,0,-2.4260354,0.03485669940710068,0.09000000357627869,0.2492000013589859
YJL066C,YDR531W,0,-2.4262562,0.03484320640563965,0.09000000357627869,0.2493000030517578
YNL315C,YOR396W,0,-2.426457,0.034829720854759216,0.09000000357627869,0.24940000474452972
YOR216C,YGR085C,0,-2.42647,0.03481624647974968,0.09000000357627869,0.24950000643730164
YER001W,YJL113W,0,-2.4269285,0.03480278328061104,0.09000000357627869,0.24959999322891235
YPL283C,YER048C,0,-2.4271288,0.03478933125734329,0.09000000357627869,0.24969999492168427
YLL061W,YPR021C,0,-2.4272237,0.03477589040994644,0.09000000357627869,0.24979999661445618
YDL147W,YML088W,1,-2.4277873,0.035148706287145615,0.09099999815225601,0.24979999661445618
YBR084W,YMR194W,0,-2.427842,0.03513513505458832,0.09099999815225601,0.2498999983072281
YDR487C,YDL156W,0,-2.4280925,0.035121574997901917,0.09099999815225601,0.25
YJL219W,YER160C,0,-2.4281573,0.03510802611708641,0.09099999815225601,0.2500999867916107
YLR225C,YLR213C,0,-2.4286003,0.0350944846868515,0.09099999815225601,0.2502000033855438
YMR127C,YLR064W,0,-2.4287362,0.03508095443248749,0.09099999815225601,0.25029999017715454
YLR208W,YDR131C,1,-2.428772,0.035452794283628464,0.09200000017881393,0.25029999017715454
YMR268C,YPL160W,0,-2.4287834,0.0354391373693943,0.09200000017881393,0.25040000677108765
YGR177C,YER122C,0,-2.4291177,0.035425491631031036,0.09200000017881393,0.25049999356269836
YOR304C-A,YOL149W,0,-2.4293284,0.035411857068538666,0.09200000017881393,0.25060001015663147
YDR186C,YIL093C,0,-2.4295459,0.03539822995662689,0.09200000017881393,0.2506999969482422
YBR283C,YMR051C,0,-2.4298615,0.035384614020586014,0.09200000017881393,0.2508000135421753
YDR219C,YDR306C,1,-2.430169,0.03575547784566879,0.09300000220537186,0.2508000135421753
YIL111W,YDL024C,0,-2.4305215,0.035741738975048065,0.09300000220537186,0.250900000333786
YLR130C,YOR312C,0,-2.4307277,0.035728007555007935,0.09300000220537186,0.25099998712539673
YGL008C,YNL044W,0,-2.4308245,0.0357142873108387,0.09300000220537186,0.25110000371932983
YPR104C,YJL114W,0,-2.4308763,0.03570057451725006,0.09300000220537186,0.25119999051094055
YEL061C,YML126C,0,-2.4309058,0.03568687662482262,0.09300000220537186,0.25130000710487366
YBR127C,YNL092W,0,-2.4309278,0.03567318618297577,0.09300000220537186,0.2513999938964844
YLR051C,YMR241W,0,-2.4312627,0.035659510642290115,0.09300000220537186,0.2515000104904175
YDR456W,YER098W,0,-2.4313862,0.03564584255218506,0.09300000220537186,0.2515999972820282
YDR266C,YGL026C,0,-2.4314382,0.0356321856379509,0.09300000220537186,0.2517000138759613
YBR200W,YKR094C,0,-2.4315605,0.03561853617429733,0.09300000220537186,0.251800000667572
YIL006W,YIR003W,0,-2.4317684,0.03560490161180496,0.09300000220537186,0.25189998745918274
YJR129C,YER153C,0,-2.4318182,0.03559127449989319,0.09300000220537186,0.25200000405311584
YCR040W,YDL085W,0,-2.431842,0.03557765856385231,0.09300000220537186,0.25209999084472656
YGR135W,YIL017C,1,-2.4319885,0.03594646230340004,0.09399999678134918,0.25209999084472656
YHR072W-A,YKL086W,0,-2.4320827,0.03593272343277931,0.09399999678134918,0.25220000743865967
YDR447C,YDR195W,0,-2.4320943,0.03591899201273918,0.09399999678134918,0.2522999942302704
YJL025W,YHR179W,0,-2.4324875,0.035905271768569946,0.09399999678134918,0.2524000108242035
YFL055W,YGR155W,0,-2.4331017,0.035891562700271606,0.09399999678134918,0.2524999976158142
YMR104C,YGR075C,0,-2.4331305,0.035877861082553864,0.09399999678134918,0.2526000142097473
YGL259W,YHR001W,0,-2.4333012,0.035864174365997314,0.09399999678134918,0.25270000100135803
YOL107W,YDR363W,0,-2.4333792,0.03585049510002136,0.09399999678134918,0.25279998779296875
YAR066W,YJL106W,0,-2.433429,0.035836827009916306,0.09399999678134918,0.25290000438690186
YEL020C,YDR163W,0,-2.4335222,0.035823170095682144,0.09399999678134918,0.2529999911785126
YML063W,YGR229C,0,-2.4337626,0.03580952435731888,0.09399999678134918,0.2531000077724457
YFL001W,YIL080W,0,-2.4338436,0.03579588606953621,0.09399999678134918,0.2531999945640564
YDR262W,YBR059C,0,-2.4339037,0.035782262682914734,0.09399999678134918,0.2533000111579895
YBR159W,YKL218C,0,-2.4342928,0.035768646746873856,0.09399999678134918,0.2533999979496002
YMR160W,YPR113W,0,-2.4353094,0.035755038261413574,0.09399999678134918,0.2535000145435333
YJL206C,YDR364C,0,-2.435512,0.03574144467711449,0.09399999678134918,0.25360000133514404
YDL007W,YGL017W,1,-2.4356937,0.03610794246196747,0.0949999988079071,0.25360000133514404
YOL017W,YDR351W,0,-2.4357002,0.03609422594308853,0.0949999988079071,0.25369998812675476
YKL096W,YMR013C,0,-2.4358776,0.03608051687479019,0.0949999988079071,0.25380000472068787
YOL125W,YNR040W,0,-2.4367394,0.03606681898236275,0.0949999988079071,0.2538999915122986
YER044C,YJL033W,0,-2.436751,0.0360531322658062,0.0949999988079071,0.2540000081062317
YKL125W,YDR324C,0,-2.4370852,0.036039452999830246,0.0949999988079071,0.2540999948978424
YPL241C,YDR093W,0,-2.4371262,0.03602578863501549,0.0949999988079071,0.2542000114917755
YNL010W,YLR332W,0,-2.437286,0.036012131720781326,0.0949999988079071,0.25429999828338623
YNL134C,YNL245C,0,-2.4376462,0.03599848598241806,0.0949999988079071,0.25440001487731934
YHR179W,YPL032C,0,-2.4377217,0.03598484769463539,0.0949999988079071,0.25450000166893005
YOR215C,YGL001C,0,-2.437927,0.035971224308013916,0.0949999988079071,0.25459998846054077
YKL109W,YHR025W,0,-2.4379282,0.03595760837197304,0.0949999988079071,0.2547000050544739
YDR056C,YOR198C,0,-2.4382439,0.035944003611803055,0.0949999988079071,0.2547999918460846
YPR200C,YGR292W,0,-2.4386683,0.03593041002750397,0.0949999988079071,0.2549000084400177
YBL050W,YBL100W-A,0,-2.439416,0.03591682389378548,0.0949999988079071,0.2549999952316284
YDR030C,YLR410W,0,-2.4396458,0.03590324893593788,0.0949999988079071,0.2551000118255615
YLR129W,YCR003W,0,-2.439826,0.03588968515396118,0.0949999988079071,0.25519999861717224
YER087W,YBR158W,0,-2.4398773,0.03587613254785538,0.0949999988079071,0.25529998540878296
YEL041W,YCR102C,0,-2.440001,0.03586259111762047,0.0949999988079071,0.25540000200271606
YKR104W,YDR032C,0,-2.4403741,0.035849057137966156,0.0949999988079071,0.2554999887943268
YHR123W,YGL141W,0,-2.4406343,0.03583553433418274,0.0949999988079071,0.2556000053882599
YNR072W,YDR533C,0,-2.4412587,0.03582202270627022,0.0949999988079071,0.2556999921798706
YKR069W,YHR083W,0,-2.4412928,0.03580851852893829,0.0949999988079071,0.2558000087738037
YGR118W,YHL020C,0,-2.4414215,0.035795025527477264,0.0949999988079071,0.25589999556541443
YHR067W,YML026C,0,-2.44178,0.03578154370188713,0.0949999988079071,0.25600001215934753
YLR174W,YLR450W,0,-2.4418414,0.03576807305216789,0.0949999988079071,0.25609999895095825
YNR069C,YDR228C,0,-2.4419167,0.03575460985302925,0.0949999988079071,0.25619998574256897
YLR014C,YGR198W,0,-2.442189,0.035741157829761505,0.0949999988079071,0.2563000023365021
YCR026C,YOL016C,0,-2.4424481,0.035727716982364655,0.0949999988079071,0.2563999891281128
YPL127C,YIL134W,0,-2.442589,0.0357142873108387,0.0949999988079071,0.2565000057220459
YJR001W,YLR129W,0,-2.4431257,0.03570086508989334,0.0949999988079071,0.2565999925136566
YPL183W-A,YGR086C,0,-2.4434395,0.03568745404481888,0.0949999988079071,0.2567000091075897
YGL032C,YHR112C,0,-2.443564,0.03567405045032501,0.0949999988079071,0.25679999589920044
YOR242C,YCL011C,0,-2.4437172,0.03566066175699234,0.0949999988079071,0.25690001249313354
YLR398C,YGL224C,0,-2.4437406,0.035647280514240265,0.0949999988079071,0.25699999928474426
YMR285C,YHL040C,0,-2.4437518,0.03563390672206879,0.0949999988079071,0.257099986076355
YER103W,YOL107W,0,-2.4438028,0.0356205478310585,0.0949999988079071,0.2572000026702881
YGR049W,YNR043W,0,-2.4438257,0.035607196390628815,0.0949999988079071,0.2572999894618988
YER126C,YMR058W,0,-2.4440002,0.03559385612607002,0.0949999988079071,0.2574000060558319
YPL112C,YKR024C,0,-2.4442024,0.03558052331209183,0.0949999988079071,0.2574999928474426
YGR195W,YOR378W,0,-2.4442873,0.03556720167398453,0.0949999988079071,0.25760000944137573
YOL067C,YGR026W,0,-2.444361,0.03555389121174812,0.0949999988079071,0.25769999623298645
YGR218W,YKR024C,0,-2.4444292,0.035540591925382614,0.0949999988079071,0.25780001282691956
YKL208W,YJR137C,0,-2.444543,0.0355273000895977,0.0949999988079071,0.2578999996185303
YOL124C,YER004W,0,-2.4448817,0.035514019429683685,0.0949999988079071,0.257999986410141
YBR035C,YBR026C,0,-2.4451506,0.035500746220350266,0.0949999988079071,0.2581000030040741
YGR012W,YGR177C,0,-2.4453483,0.03548748418688774,0.0949999988079071,0.2581999897956848
YNL248C,YCR020C,0,-2.445539,0.03547423332929611,0.0949999988079071,0.2583000063896179
YLR107W,YOR374W,0,-2.4456863,0.03546099364757538,0.0949999988079071,0.25839999318122864
YLR109W,YIR035C,0,-2.4460998,0.03544776141643524,0.0949999988079071,0.25850000977516174
YHR152W,YFR018C,0,-2.446415,0.035434540361166,0.0949999988079071,0.25859999656677246
YCL074W,YDR484W,0,-2.4465916,0.035421326756477356,0.0949999988079071,0.25870001316070557
YNR069C,YLR022C,0,-2.4467685,0.03540812432765961,0.0949999988079071,0.2587999999523163
YHR017W,YER098W,0,-2.4469917,0.03539493307471275,0.0949999988079071,0.258899986743927
YEL042W,YJL071W,0,-2.447229,0.0353817492723465,0.0949999988079071,0.2590000033378601
YDR202C,YJL214W,0,-2.4472752,0.035368576645851135,0.0949999988079071,0.2590999901294708
YLR014C,YBR056W,0,-2.447283,0.03535541519522667,0.0949999988079071,0.25920000672340393
YDR044W,YBR164C,0,-2.4474082,0.0353422611951828,0.0949999988079071,0.25929999351501465
YJL036W,YLL050C,0,-2.4475818,0.03532911837100983,0.0949999988079071,0.25940001010894775
YKR030W,YJL172W,0,-2.4476705,0.03531598672270775,0.0949999988079071,0.25949999690055847
YBR142W,YOL090W,0,-2.4476829,0.03530286252498627,0.0949999988079071,0.2596000134944916
YOL103W,YGL157W,0,-2.4479258,0.03528974577784538,0.0949999988079071,0.2597000002861023
YJR067C,YGR027C,0,-2.447972,0.03527664393186569,0.0949999988079071,0.259799987077713
YPR137W,YFL017W-A,0,-2.4483674,0.0352635495364666,0.0949999988079071,0.2599000036716461
YNL110C,YDR520C,0,-2.4483757,0.0352504625916481,0.0949999988079071,0.25999999046325684
YNL163C,YPL275W,0,-2.4485197,0.0352373905479908,0.0949999988079071,0.26010000705718994
YGR098C,YOR206W,0,-2.4486141,0.035224322229623795,0.0949999988079071,0.26019999384880066
YLR164W,YPR029C,0,-2.4486756,0.035211268812417984,0.0949999988079071,0.26030001044273376
YNL046W,YDR487C,0,-2.4486916,0.03519822284579277,0.0949999988079071,0.2603999972343445
YDR077W,YLR081W,0,-2.4488554,0.035185184329748154,0.0949999988079071,0.2605000138282776
YKR028W,YBR141C,0,-2.448916,0.03517215698957443,0.0949999988079071,0.2606000006198883
YOR229W,YLL017W,0,-2.449027,0.035159140825271606,0.0949999988079071,0.260699987411499
YDR266C,YJR134C,0,-2.4492476,0.03514613211154938,0.0949999988079071,0.26080000400543213
YMR104C,YIL157C,0,-2.4497035,0.035133134573698044,0.0949999988079071,0.26089999079704285
YLR222C,YDL246C,0,-2.4497426,0.035120148211717606,0.0949999988079071,0.26100000739097595
YKL096W,YER029C,0,-2.449939,0.035107169300317764,0.0949999988079071,0.26109999418258667
YNL185C,YDL121C,0,-2.4502618,0.03509420156478882,0.0949999988079071,0.2612000107765198
YJR055W,YOR214C,0,-2.450753,0.03508124127984047,0.0949999988079071,0.2612999975681305
YML121W,YMR045C,0,-2.4508247,0.035068292170763016,0.0949999988079071,0.2614000141620636
YOL075C,YPL012W,0,-2.4513338,0.03505535051226616,0.0949999988079071,0.2615000009536743
YPL016W,YKR045C,0,-2.4514327,0.0350424200296402,0.0949999988079071,0.26159998774528503
YLR050C,YBR070C,0,-2.4515264,0.03502949699759483,0.0949999988079071,0.26170000433921814
YHR003C,YDR248C,0,-2.4524074,0.035016585141420364,0.0949999988079071,0.26179999113082886
YDR013W,YOL080C,0,-2.4529395,0.03500368446111679,0.0949999988079071,0.26190000772476196
YOR151C,YDL109C,0,-2.4529452,0.034990791231393814,0.0949999988079071,0.2619999945163727
YGR026W,YDR411C,0,-2.453124,0.03497790917754173,0.0949999988079071,0.2621000111103058
YKR048C,YDR380W,0,-2.4532387,0.03496503457427025,0.0949999988079071,0.2621999979019165
YNL021W,YJL028W,0,-2.4533732,0.03495217114686966,0.0949999988079071,0.2623000144958496
YDL006W,YBL061C,0,-2.453605,0.03493931517004967,0.0949999988079071,0.2624000012874603
YJL034W,YJL048C,1,-2.453786,0.03529411926865578,0.09600000083446503,0.2624000012874603
YJL048C,YCL008C,1,-2.4538684,0.035648658871650696,0.09700000286102295,0.2624000012874603
YPR152C,YEL040W,0,-2.4540122,0.035635560750961304,0.09700000286102295,0.26249998807907104
YKL096W,YMR200W,0,-2.454154,0.03562247380614281,0.09700000286102295,0.26260000467300415
YJR022W,YJR032W,0,-2.4542294,0.035609398037195206,0.09700000286102295,0.26269999146461487
YJL041W,YNL304W,0,-2.454368,0.0355963297188282,0.09700000286102295,0.262800008058548
YPL019C,YGL224C,0,-2.4543738,0.03558327257633209,0.09700000286102295,0.2628999948501587
YDL180W,YOL091W,0,-2.4544299,0.03557022288441658,0.09700000286102295,0.2630000114440918
YHL022C,YBR001C,0,-2.4545267,0.035557184368371964,0.09700000286102295,0.2630999982357025
YNL021W,YPR091C,0,-2.454659,0.03554415702819824,0.09700000286102295,0.2632000148296356
YDL185W,YKL088W,0,-2.4551692,0.03553113713860512,0.09700000286102295,0.26330000162124634
YPL196W,YGL241W,0,-2.4554946,0.03551812469959259,0.09700000286102295,0.26339998841285706
YOR265W,YPL256C,0,-2.455648,0.03550512343645096,0.09700000286102295,0.26350000500679016
YDR444W,YBR050C,0,-2.4557185,0.03549213334918022,0.09700000286102295,0.2635999917984009
YKL015W,YIL067C,0,-2.4557824,0.03547915071249008,0.09700000286102295,0.263700008392334
YPL012W,YDL246C,0,-2.4558883,0.03546617925167084,0.09700000286102295,0.2637999951839447
YJL033W,YMR208W,0,-2.4560068,0.03545321524143219,0.09700000286102295,0.2639000117778778
YBR018C,YNL236W,0,-2.456438,0.03544026240706444,0.09700000286102295,0.2639999985694885
YLR276C,YAR003W,0,-2.4565535,0.03542732074856758,0.09700000286102295,0.26409998536109924
YJR149W,YHL044W,0,-2.4565637,0.03541438654065132,0.09700000286102295,0.26420000195503235
YLR405W,YLR336C,0,-2.4567735,0.03540145978331566,0.09700000286102295,0.26429998874664307
YER019W,YHR003C,0,-2.4568803,0.03538854420185089,0.09700000286102295,0.26440000534057617
YAL003W,YGR162W,0,-2.457694,0.03537563979625702,0.09700000286102295,0.2644999921321869
YDR245W,YLL032C,0,-2.4577057,0.035362742841243744,0.09700000286102295,0.26460000872612
YEL064C,YKL056C,0,-2.4577925,0.035349853336811066,0.09700000286102295,0.2646999955177307
YFL009W,YDR306C,1,-2.4586177,0.03570127487182617,0.09799999743700027,0.2646999955177307
YGL160W,YNR027W,0,-2.458952,0.03568827360868454,0.09799999743700027,0.2648000121116638
YDR447C,YMR160W,0,-2.4592886,0.0356752835214138,0.09799999743700027,0.26489999890327454
YGR159C,YBR160W,0,-2.4594593,0.03566230088472366,0.09799999743700027,0.26499998569488525
YNL053W,YOR226C,0,-2.4598007,0.03564932569861412,0.09799999743700027,0.26510000228881836
YIL093C,YPR063C,0,-2.4600272,0.03563636541366577,0.09799999743700027,0.2651999890804291
YFL029C,YDR239C,0,-2.4600482,0.03562340885400772,0.09799999743700027,0.2653000056743622
YDL033C,YLR348C,0,-2.460084,0.035610463470220566,0.09799999743700027,0.2653999924659729
YOR044W,YBL002W,0,-2.4600873,0.035597529262304306,0.09799999743700027,0.265500009059906
YPL090C,YAR003W,0,-2.460403,0.03558460250496864,0.09799999743700027,0.2655999958515167
YOR292C,YBR120C,0,-2.460476,0.035571686923503876,0.09799999743700027,0.26570001244544983
YIL172C,YLR042C,0,-2.4607005,0.035558782517910004,0.09799999743700027,0.26579999923706055
YOR010C,YPL189C-A,0,-2.4608474,0.03554588183760643,0.09799999743700027,0.26589998602867126
YHR066W,YAL032C,0,-2.4609804,0.03553299605846405,0.09799999743700027,0.26600000262260437
YCR042C,YGL160W,0,-2.4612522,0.03552011772990227,0.09799999743700027,0.2660999894142151
YPR006C,YER157W,0,-2.4613228,0.03550724685192108,0.09799999743700027,0.2662000060081482
YIL168W,YPR192W,0,-2.4615078,0.03549438714981079,0.09799999743700027,0.2662999927997589
YKL074C,YMR168C,0,-2.4618726,0.0354815348982811,0.09799999743700027,0.266400009393692
YOL077C,YLR008C,0,-2.461915,0.0354686938226223,0.09799999743700027,0.26649999618530273
YOR347C,YDR484W,0,-2.4619586,0.0354558601975441,0.09799999743700027,0.26660001277923584
YOR293W,YNL262W,0,-2.4620337,0.03544303774833679,0.09799999743700027,0.26669999957084656
YNL046W,YLR158C,0,-2.462506,0.03543022274971008,0.09799999743700027,0.2667999863624573
YJR019C,YJL079C,0,-2.462683,0.03541741892695427,0.09799999743700027,0.2669000029563904
YGR098C,YJR094W-A,0,-2.4628515,0.03540462255477905,0.09799999743700027,0.2669999897480011
YGR128C,YDR147W,0,-2.4635816,0.03539183735847473,0.09799999743700027,0.2671000063419342
YJR107W,YLR418C,0,-2.4638686,0.03537905961275101,0.09799999743700027,0.2671999931335449
YBR083W,YOR393W,0,-2.464201,0.03536629304289818,0.09799999743700027,0.267300009727478
YCL036W,YER026C,0,-2.4642901,0.035353533923625946,0.09799999743700027,0.26739999651908875
YBR235W,YGR085C,0,-2.4643435,0.03534078598022461,0.09799999743700027,0.26750001311302185
YOR222W,YNR067C,0,-2.4648743,0.03532804548740387,0.09799999743700027,0.26759999990463257
YDL064W,YGL147C,0,-2.464939,0.035315316170454025,0.09799999743700027,0.2676999866962433
YKL178C,YBR092C,0,-2.4653797,0.03530259430408478,0.09799999743700027,0.2678000032901764
YCL027W,YOR375C,0,-2.4654825,0.03528987988829613,0.09799999743700027,0.2678999900817871
YML104C,YDL039C,0,-2.4656599,0.03527717664837837,0.09799999743700027,0.2680000066757202
YLR410W,YPR119W,0,-2.4665484,0.03526448458433151,0.09799999743700027,0.26809999346733093
YKL222C,YDR173C,0,-2.4666734,0.03525179997086525,0.09799999743700027,0.26820001006126404
YOR206W,YPL192C,0,-2.4668891,0.035239122807979584,0.09799999743700027,0.26829999685287476
YMR011W,YKL100C,0,-2.4669251,0.03522645682096481,0.09799999743700027,0.26840001344680786
YPL016W,YDR338C,0,-2.4670873,0.03521379828453064,0.09799999743700027,0.2685000002384186
YGL008C,YGL148W,0,-2.4676063,0.03520115092396736,0.09799999743700027,0.2685999870300293
YOR061W,YBL100W-A,0,-2.467834,0.03518851101398468,0.09799999743700027,0.2687000036239624
YBL005W-A,YDR324C,0,-2.4678404,0.035175878554582596,0.09799999743700027,0.2687999904155731
YPL220W,YDR484W,0,-2.467896,0.03516325727105141,0.09799999743700027,0.2689000070095062
YBR159W,YMR271C,0,-2.4678998,0.03515064716339111,0.09799999743700027,0.26899999380111694
YDR113C,YGL001C,0,-2.4681923,0.03513804078102112,0.09799999743700027,0.26910001039505005
YIL133C,YFR009W,0,-2.4683094,0.03512544929981232,0.09799999743700027,0.26919999718666077
YPL031C,YGR089W,0,-2.4694846,0.035112861543893814,0.09799999743700027,0.26930001378059387
YLR047C,YFL024C,0,-2.469698,0.03510028496384621,0.09799999743700027,0.2694000005722046
YDR026C,YER075C,0,-2.469718,0.035087719559669495,0.09799999743700027,0.2694999873638153
YNL032W,YLL012W,0,-2.4698403,0.03507516160607338,0.09799999743700027,0.2696000039577484
YDR329C,YJL042W,0,-2.4698634,0.03506261110305786,0.09799999743700027,0.26969999074935913
YIL132C,YHR107C,0,-2.4698782,0.03505007177591324,0.09799999743700027,0.26980000734329224
YPL096W,YBL058W,1,-2.4701796,0.0353950671851635,0.0989999994635582,0.26980000734329224
YGR090W,YNL110C,0,-2.4702213,0.03538241609930992,0.0989999994635582,0.26989999413490295
YLR401C,YLR307W,0,-2.4706686,0.03536977618932724,0.0989999994635582,0.27000001072883606
YML125C,YPL019C,0,-2.4713166,0.035357143729925156,0.0989999994635582,0.2700999975204468
YHL012W,YOR219C,0,-2.4715583,0.03534451872110367,0.0989999994635582,0.2702000141143799
YNR040W,YNL238W,0,-2.471691,0.035331904888153076,0.0989999994635582,0.2703000009059906
YIL101C,YDL142C,0,-2.472077,0.03531930223107338,0.0989999994635582,0.2703999876976013
YOL021C,YKR013W,0,-2.472173,0.03530670329928398,0.0989999994635582,0.2705000042915344
YGR218W,YMR164C,0,-2.4722123,0.03529411926865578,0.0989999994635582,0.27059999108314514
YER130C,YOR242C,0,-2.472256,0.03528153896331787,0.0989999994635582,0.27070000767707825
YPL154C,YJL204C,0,-2.4723215,0.03526896983385086,0.0989999994635582,0.27079999446868896
YOR217W,YML093W,0,-2.4725292,0.035256411880254745,0.0989999994635582,0.27090001106262207
YLR160C,YAL055W,0,-2.4728436,0.03524385765194893,0.0989999994635582,0.2709999978542328
YDL061C,YDL144C,0,-2.4732394,0.035231318324804306,0.0989999994635582,0.2711000144481659
YDR457W,YLR318W,0,-2.473361,0.03521878272294998,0.0989999994635582,0.2712000012397766
YJL159W,YML030W,0,-2.4733667,0.03520625829696655,0.0989999994635582,0.27129998803138733
YPL153C,YDL206W,0,-2.4737778,0.03519374504685402,0.0989999994635582,0.27140000462532043
YFL054C,YML015C,0,-2.4738574,0.035181235522031784,0.0989999994635582,0.27149999141693115
YFL062W,YGR101W,0,-2.473992,0.035168737173080444,0.0989999994635582,0.27160000801086426
YJL047C,YDR358W,1,-2.4740071,0.03551136329770088,0.10000000149011612,0.27160000801086426
YIL027C,YMR051C,0,-2.4740667,0.03549875691533089,0.10000000149011612,0.271699994802475
YOL152W,YPR122W,0,-2.4742298,0.03548616170883179,0.10000000149011612,0.2718000113964081
YKR092C,YMR272C,0,-2.4744673,0.035473573952913284,0.10000000149011612,0.2718999981880188
YOR036W,YGL255W,0,-2.474558,0.03546099364757538,0.10000000149011612,0.2720000147819519
YGL039W,YML018C,0,-2.4748592,0.03544842079281807,0.10000000149011612,0.2721000015735626
YPL026C,YOR306C,0,-2.4749818,0.035435862839221954,0.10000000149011612,0.27219998836517334
YDR052C,YAL032C,0,-2.4750562,0.03542330861091614,0.10000000149011612,0.27230000495910645
YOR310C,YHR042W,0,-2.475122,0.035410765558481216,0.10000000149011612,0.27239999175071716
YHR003C,YNL267W,0,-2.4752274,0.03539822995662689,0.10000000149011612,0.27250000834465027
YHR065C,YHL047C,0,-2.4752963,0.03538570553064346,0.10000000149011612,0.272599995136261
YDR128W,YDL112W,0,-2.4754205,0.03537318855524063,0.10000000149011612,0.2727000117301941
YLR446W,YDR524C,0,-2.4755943,0.035360679030418396,0.10000000149011612,0.2727999985218048
YLR233C,YEL043W,0,-2.475743,0.035348180681467056,0.10000000149011612,0.2728999853134155
YGR071C,YDL170W,0,-2.4759157,0.035335689783096313,0.10000000149011612,0.27300000190734863
YER014C-A,YOR279C,0,-2.4760752,0.03532320633530617,0.10000000149011612,0.27309998869895935
YOL058W,YOL149W,0,-2.476357,0.03531073406338692,0.10000000149011612,0.27320000529289246
YPL153C,YAL005C,0,-2.476405,0.035298269242048264,0.10000000149011612,0.2732999920845032
YER003C,YDR346C,0,-2.4765391,0.035285815596580505,0.10000000149011612,0.2734000086784363
YOL075C,YBL037W,0,-2.4770048,0.035273369401693344,0.10000000149011612,0.273499995470047
YBR247C,YKR010C,0,-2.4770627,0.03526093065738678,0.10000000149011612,0.2736000120639801
YLL054C,YLR289W,0,-2.4770892,0.03524850308895111,0.10000000149011612,0.2736999988555908
YOL123W,YBL042C,0,-2.477291,0.03523608297109604,0.10000000149011612,0.27379998564720154
YGR177C,YMR285C,0,-2.477315,0.035223670303821564,0.10000000149011612,0.27390000224113464
YBR261C,YNL208W,0,-2.4773316,0.035211268812417984,0.10000000149011612,0.27399998903274536
YLR130C,YIL170W,0,-2.4773772,0.035198874771595,0.10000000149011612,0.27410000562667847
YPR184W,YFL048C,0,-2.4774892,0.035186488181352615,0.10000000149011612,0.2741999924182892
YPL068C,YEL030W,0,-2.4776106,0.035174112766981125,0.10000000149011612,0.2743000090122223
YGR001C,YML066C,0,-2.477756,0.03516174480319023,0.10000000149011612,0.274399995803833
YCL008C,YLR207W,1,-2.47791,0.03550088033080101,0.10100000351667404,0.274399995803833
YOR369C,YKR068C,0,-2.478222,0.03548840433359146,0.10100000351667404,0.2745000123977661
YMR024W,YIL066C,0,-2.478282,0.03547593951225281,0.10100000351667404,0.27459999918937683
YIR007W,YLR301W,0,-2.4782996,0.03546348214149475,0.10100000351667404,0.27469998598098755
YDL180W,YDL045C,0,-2.4784324,0.03545103594660759,0.10100000351667404,0.27480000257492065
YIL117C,YFR015C,0,-2.4789264,0.035438597202301025,0.10100000351667404,0.27489998936653137
YKL181W,YNL222W,0,-2.479073,0.03542616590857506,0.10100000351667404,0.2750000059604645
YMR217W,YOR396W,0,-2.479202,0.035413745790719986,0.10100000351667404,0.2750999927520752
YNL172W,YGL227W,1,-2.4793086,0.035751841962337494,0.10199999809265137,0.2750999927520752
YIR035C,YNL138W,0,-2.4793546,0.035739313811063766,0.10199999809265137,0.2752000093460083
YNL006W,YEL038W,0,-2.4797597,0.035726796835660934,0.10199999809265137,0.275299996137619
YPR133W-A,YBR009C,0,-2.4797788,0.0357142873108387,0.10199999809265137,0.2754000127315521
YPR091C,YNL112W,0,-2.47997,0.03570178523659706,0.10199999809265137,0.27549999952316284
YDR065W,YBL037W,0,-2.4801083,0.03568929433822632,0.10199999809265137,0.27559998631477356
YOL077C,YEL004W,0,-2.480155,0.03567681089043617,0.10199999809265137,0.27570000290870667
YPR063C,YER146W,0,-2.4801989,0.035664334893226624,0.10199999809265137,0.2757999897003174
YBR257W,YKL178C,0,-2.4802995,0.03565187007188797,0.10199999809265137,0.2759000062942505
YLL039C,YFR021W,0,-2.4804385,0.03563941270112991,0.10199999809265137,0.2759999930858612
YJL118W,YPR024W,0,-2.480474,0.03562696650624275,0.10199999809265137,0.2761000096797943
YHR034C,YJL102W,0,-2.4805884,0.03561452403664589,0.10199999809265137,0.27619999647140503
YFR009W,YLR336C,0,-2.4806943,0.03560209274291992,0.10199999809265137,0.27630001306533813
YDR402C,YPR049C,0,-2.4807918,0.03558967262506485,0.10199999809265137,0.27639999985694885
YLR340W,YHR191C,0,-2.4808671,0.035577259957790375,0.10199999809265137,0.27649998664855957
YNL163C,YAR031W,0,-2.4812877,0.0355648547410965,0.10199999809265137,0.2766000032424927
YML012W,YLR320W,0,-2.4813519,0.035552456974983215,0.10199999809265137,0.2766999900341034
YJL072C,YKL103C,0,-2.481382,0.03554007038474083,0.10199999809265137,0.2768000066280365
YBR118W,YML049C,0,-2.4819274,0.03552769124507904,0.10199999809265137,0.2768999934196472
YDR444W,YGR088W,0,-2.4823675,0.03551531955599785,0.10199999809265137,0.2770000100135803
YBR141C,YGR289C,0,-2.4823747,0.03550295904278755,0.10199999809265137,0.27709999680519104
YML037C,YNL186W,0,-2.4824207,0.03549060598015785,0.10199999809265137,0.27720001339912415
YPL108W,YLR204W,0,-2.4826565,0.03547826036810875,0.10199999809265137,0.27730000019073486
YGL200C,YDL213C,0,-2.482689,0.03546592593193054,0.10199999809265137,0.2773999869823456
YGL040C,YLR297W,0,-2.482723,0.03545359894633293,0.10199999809265137,0.2775000035762787
YDR531W,YOR243C,0,-2.4829326,0.03544127941131592,0.10199999809265137,0.2775999903678894
YDR354W,YBL003C,0,-2.4830046,0.0354289673268795,0.10199999809265137,0.2777000069618225
YPL108W,YMR213W,0,-2.4832506,0.03541666641831398,0.10199999809265137,0.2777999937534332
YDL174C,YJL214W,0,-2.4833322,0.035404372960329056,0.10199999809265137,0.27790001034736633
YER089C,YHL033C,0,-2.4835396,0.03539209067821503,0.10199999809265137,0.27799999713897705
YGR049W,YML062C,0,-2.483583,0.035379812121391296,0.10199999809265137,0.27810001373291016
YNL182C,YMR266W,0,-2.4839072,0.03536754474043846,0.10199999809265137,0.2782000005245209
YNL300W,YER160C,0,-2.4840946,0.03535528481006622,0.10199999809265137,0.2782999873161316
YIR005W,YIL065C,0,-2.4840963,0.03534303605556488,0.10199999809265137,0.2784000039100647
YJR143C,YDR225W,0,-2.4841194,0.035330794751644135,0.10199999809265137,0.2784999907016754
YMR321C,YFR046C,0,-2.4844935,0.035318560898303986,0.10199999809265137,0.2786000072956085
YGL079W,YER144C,0,-2.4845197,0.035306334495544434,0.10199999809265137,0.27869999408721924
YNL314W,YDR529C,0,-2.4850116,0.03529411926865578,0.10199999809265137,0.27880001068115234
YLR145W,YPL256C,0,-2.4851007,0.03528190776705742,0.10199999809265137,0.27889999747276306
YER160C,YEL043W,0,-2.4851935,0.035269711166620255,0.10199999809265137,0.27900001406669617
YDR090C,YBR095C,0,-2.485199,0.03525751829147339,0.10199999809265137,0.2791000008583069
YML052W,YOR303W,0,-2.485491,0.03524533659219742,0.10199999809265137,0.2791999876499176
YHR112C,YDR349C,0,-2.4860318,0.035233162343502045,0.10199999809265137,0.2793000042438507
YPR029C,YBR026C,0,-2.4860365,0.03522099554538727,0.10199999809265137,0.2793999910354614
YDR262W,YPL159C,0,-2.4862518,0.03520883619785309,0.10199999809265137,0.27950000762939453
YNL283C,YPR005C,0,-2.486403,0.035196688026189804,0.10199999809265137,0.27959999442100525
YGL062W,YML081C-A,0,-2.4864569,0.03518454730510712,0.10199999809265137,0.27970001101493835
YPL098C,YBR214W,0,-2.4864974,0.035172414034605026,0.10199999809265137,0.2797999978065491
YER103W,YER089C,0,-2.4865246,0.03516028821468353,0.10199999809265137,0.2799000144004822
YNL290W,YCL047C,0,-2.4866028,0.035148173570632935,0.10199999809265137,0.2800000011920929
YEL015W,YBR139W,0,-2.4866533,0.03513606637716293,0.10199999809265137,0.2800999879837036
YIL126W,YPR098C,0,-2.4868088,0.03512396663427353,0.10199999809265137,0.2802000045776367
YPL269W,YOR120W,0,-2.486951,0.03511187434196472,0.10199999809265137,0.28029999136924744
YIL083C,YMR094W,0,-2.4870505,0.03509979322552681,0.10199999809265137,0.28040000796318054
YDR013W,YOR361C,0,-2.487374,0.035087719559669495,0.10199999809265137,0.28049999475479126
YDL204W,YOL016C,0,-2.4874706,0.035075653344392776,0.10199999809265137,0.28060001134872437
YER025W,YDR239C,0,-2.487515,0.035063594579696655,0.10199999809265137,0.2806999981403351
YLR129W,YLR390W,0,-2.487529,0.03505154699087143,0.10199999809265137,0.2808000147342682
YNL149C,YPL249C-A,0,-2.4875717,0.0350395068526268,0.10199999809265137,0.2809000015258789
YDR349C,YHL047C,0,-2.487679,0.03502747416496277,0.10199999809265137,0.2809999883174896
YGR258C,YDR452W,0,-2.4882,0.035015448927879333,0.10199999809265137,0.28110000491142273
YCR057C,YPL242C,0,-2.4882689,0.035003431141376495,0.10199999809265137,0.28119999170303345
YIR034C,YCR057C,0,-2.488359,0.03499142453074455,0.10199999809265137,0.28130000829696655
YNL169C,YOR340C,0,-2.4886432,0.03497942537069321,0.10199999809265137,0.28139999508857727
YGR125W,YMR012W,0,-2.4886668,0.03496743366122246,0.10199999809265137,0.2815000116825104
YER125W,YDR020C,0,-2.488832,0.034955449402332306,0.10199999809265137,0.2815999984741211
YBL023C,YER151C,0,-2.4888983,0.03494347259402275,0.10199999809265137,0.2816999852657318
YBR265W,YOR396W,0,-2.4890056,0.03493150696158409,0.10199999809265137,0.2818000018596649
YFL052W,YBR154C,0,-2.489042,0.03491954877972603,0.10199999809265137,0.28189998865127563
YGL257C,YOR283W,0,-2.4898,0.03490759804844856,0.10199999809265137,0.28200000524520874
YLL043W,YKL027W,0,-2.4898803,0.034895654767751694,0.10199999809265137,0.28209999203681946
YML088W,YOR362C,1,-2.4899075,0.03522571921348572,0.10300000011920929,0.28209999203681946
YIR014W,YPL121C,0,-2.4900732,0.03521367534995079,0.10300000011920929,0.28220000863075256
YJL225C,YBL103C,0,-2.4902668,0.03520163893699646,0.10300000011920929,0.2822999954223633
YPL101W,YDL051W,0,-2.490363,0.035189613699913025,0.10300000011920929,0.2824000120162964
YMR316W,YDR324C,0,-2.4905179,0.03517759591341019,0.10300000011920929,0.2824999988079071
YKL180W,YDR156W,0,-2.4909196,0.035165585577487946,0.10300000011920929,0.2825999855995178
YKL088W,YPL031C,0,-2.4909625,0.0351535826921463,0.10300000011920929,0.2827000021934509
YNL307C,YMR180C,0,-2.4909706,0.03514159098267555,0.10300000011920929,0.28279998898506165
YKL071W,YFR003C,0,-2.491139,0.0351296029984951,0.10300000011920929,0.28290000557899475
YOL125W,YPL255W,0,-2.491445,0.03511762619018555,0.10300000011920929,0.28299999237060547
YFL034C-A,YOL124C,0,-2.4920657,0.03510565683245659,0.10300000011920929,0.2831000089645386
YLR009W,YFL031W,0,-2.4923174,0.03509369492530823,0.10300000011920929,0.2831999957561493
YDL101C,YHR072W,0,-2.492517,0.03508174419403076,0.10300000011920929,0.2833000123500824
YNL169C,YLR029C,0,-2.4926045,0.03506980091333389,0.10300000011920929,0.2833999991416931
YDL231C,YOR215C,0,-2.4926457,0.03505786135792732,0.10300000011920929,0.28349998593330383
YML130C,YGR087C,0,-2.4931176,0.03504593297839165,0.10300000011920929,0.28360000252723694
YDR342C,YMR186W,0,-2.493175,0.03503401204943657,0.10300000011920929,0.28369998931884766
YNL281W,YKL086W,0,-2.4931817,0.035022102296352386,0.10300000011920929,0.28380000591278076
YLR154C,YOR153W,0,-2.4936314,0.0350101962685585,0.10300000011920929,0.2838999927043915
YGR036C,YPL157W,0,-2.494162,0.03499830141663551,0.10300000011920929,0.2840000092983246
YFL003C,YHR175W,0,-2.4942098,0.03498641401529312,0.10300000011920929,0.2840999960899353
YNL185C,YKL061W,0,-2.4944558,0.034974534064531326,0.10300000011920929,0.2842000126838684
YGR098C,YDL206W,0,-2.4946904,0.03496266156435013,0.10300000011920929,0.2842999994754791
YLR158C,YLR386W,0,-2.4955018,0.03495079651474953,0.10300000011920929,0.28439998626708984
YPL060W,YJR059W,0,-2.4958892,0.03493894264101982,0.10300000011920929,0.28450000286102295
YKL096W,YBR236C,0,-2.495923,0.034927092492580414,0.10300000011920929,0.28459998965263367
YOR323C,YNR020C,0,-2.4959416,0.0349152535200119,0.10300000011920929,0.2847000062465668
YLR276C,YKR104W,0,-2.4960785,0.03490342199802399,0.10300000011920929,0.2847999930381775
YCL066W,YKL001C,0,-2.4960923,0.03489159792661667,0.10300000011920929,0.2849000096321106
YHR211W,YDR346C,0,-2.496162,0.034879785031080246,0.10300000011920929,0.2849999964237213
YJL116C,YMR298W,0,-2.4962807,0.03486797586083412,0.10300000011920929,0.2851000130176544
YFL066C,YGL174W,0,-2.4963331,0.034856174141168594,0.10300000011920929,0.28519999980926514
YAR015W,YPL019C,0,-2.4964008,0.03484438359737396,0.10300000011920929,0.28529998660087585
YLR160C,YDL029W,0,-2.4967034,0.03483260050415993,0.10300000011920929,0.28540000319480896
YDR012W,YGL112C,0,-2.4969387,0.03482082486152649,0.10300000011920929,0.2854999899864197
YBR172C,YLR214W,0,-2.4972968,0.03480905666947365,0.10300000011920929,0.2856000065803528
YPL106C,YFL021W,0,-2.4973555,0.034797295928001404,0.10300000011920929,0.2856999933719635
YDR522C,YDR186C,0,-2.4975033,0.034785546362400055,0.10300000011920929,0.2858000099658966
YJR066W,YOR291W,0,-2.4980388,0.034773800522089005,0.10300000011920929,0.2858999967575073
YJR145C,YDR047W,0,-2.4981136,0.03476206585764885,0.10300000011920929,0.28600001335144043
YGR282C,YBR238C,0,-2.49815,0.03475033864378929,0.10300000011920929,0.28610000014305115
YJL213W,YHR184W,0,-2.4984426,0.03473861888051033,0.10300000011920929,0.28619998693466187
YPR101W,YBL003C,0,-2.498448,0.034726906567811966,0.10300000011920929,0.28630000352859497
YJR099W,YJL051W,0,-2.4984608,0.0347152017056942,0.10300000011920929,0.2863999903202057
YNL090W,YLR408C,0,-2.498526,0.03470350429415703,0.10300000011920929,0.2865000069141388
YLR459W,YOR215C,0,-2.4989953,0.034691814333200455,0.10300000011920929,0.2865999937057495
YER014C-A,YMR088C,0,-2.4989967,0.03468013554811478,0.10300000011920929,0.2867000102996826
YNL135C,YPR065W,0,-2.4991193,0.0346684604883194,0.10300000011920929,0.28679999709129333
YOR131C,YDR339C,0,-2.499665,0.03465679660439491,0.10300000011920929,0.28690001368522644
YER082C,YDR487C,0,-2.5005956,0.034645140171051025,0.10300000011920929,0.28700000047683716
YDL112W,YAR018C,0,-2.5006928,0.034633491188287735,0.10300000011920929,0.2870999872684479
YHR030C,YPR021C,0,-2.500908,0.03462184965610504,0.10300000011920929,0.287200003862381
YJL114W,YMR300C,0,-2.500918,0.034610215574502945,0.10300000011920929,0.2872999906539917
YBR261C,YMR090W,0,-2.50104,0.034598588943481445,0.10300000011920929,0.2874000072479248
YDR052C,YOR224C,0,-2.5018609,0.03458696976304054,0.10300000011920929,0.2874999940395355
YIR007W,YKR026C,0,-2.5018883,0.034575361758470535,0.10300000011920929,0.28760001063346863
YBR187W,YDL036C,0,-2.5021155,0.034563757479190826,0.10300000011920929,0.28769999742507935
YDR001C,YJL095W,0,-2.502164,0.03455216437578201,0.10300000011920929,0.28780001401901245
YML027W,YKL108W,0,-2.5021904,0.0345405749976635,0.10300000011920929,0.28790000081062317
YPR004C,YOL128C,0,-2.5025802,0.03452899679541588,0.10300000011920929,0.2879999876022339
YCR067C,YER185W,0,-2.5031114,0.034517426043748856,0.10300000011920929,0.288100004196167
YKL217W,YHR005C-A,0,-2.5031223,0.03450586274266243,0.10300000011920929,0.2881999909877777
YIL083C,YGL094C,0,-2.5032353,0.0344943068921566,0.10300000011920929,0.2883000075817108
YDR233C,YBR056W,0,-2.5034475,0.03448275849223137,0.10300000011920929,0.28839999437332153
YBL100W-A,YEL021W,0,-2.503574,0.034471217542886734,0.10300000011920929,0.28850001096725464
YMR303C,YDL055C,0,-2.5036433,0.034459684044122696,0.10300000011920929,0.28859999775886536
YBL085W,YMR169C,0,-2.5036674,0.03444816172122955,0.10300000011920929,0.28870001435279846
YDR012W,YLR283W,0,-2.504098,0.03443664312362671,0.10300000011920929,0.2888000011444092
YOR233W,YDR531W,0,-2.5042088,0.03442513197660446,0.10300000011920929,0.2888999879360199
YNL135C,YGL089C,0,-2.5043385,0.03441363200545311,0.10300000011920929,0.289000004529953
YDR307W,YOL130W,0,-2.504833,0.034402135759592056,0.10300000011920929,0.2890999913215637
YMR250W,YJR059W,0,-2.5050216,0.0343906506896019,0.10300000011920929,0.2892000079154968
YHR018C,YPL011C,0,-2.505025,0.03437917307019234,0.10300000011920929,0.28929999470710754
YNR004W,YML072C,0,-2.505235,0.034367699176073074,0.10300000011920929,0.28940001130104065
YMR193W,YMR046C,0,-2.5053148,0.03435623645782471,0.10300000011920929,0.28949999809265137
YOL044W,YPR061C,0,-2.5055895,0.03434478119015694,0.10300000011920929,0.2896000146865845
YMR034C,YML064C,0,-2.505787,0.03433333337306976,0.10300000011920929,0.2897000014781952
YKR058W,YML042W,0,-2.5059147,0.03432189300656319,0.10300000011920929,0.2897999882698059
YHR003C,YJR028W,0,-2.5062711,0.03431046009063721,0.10300000011920929,0.289900004863739
YBL039C,YGR282C,0,-2.5063195,0.034299034625291824,0.10300000011920929,0.28999999165534973
YNL050C,YDR109C,0,-2.506774,0.03428761661052704,0.10300000011920929,0.29010000824928284
YJL020C,YJR045C,0,-2.5068045,0.03427620604634285,0.10300000011920929,0.29019999504089355
YLR224W,YMR119W,1,-2.5078526,0.03459747135639191,0.10400000214576721,0.29019999504089355
YPL024W,YGL001C,0,-2.5084496,0.034585967659950256,0.10400000214576721,0.29030001163482666
YKR069W,YOL120C,0,-2.5085378,0.034574467688798904,0.10400000214576721,0.2903999984264374
YKL064W,YDR196C,0,-2.5086818,0.03456297889351845,0.10400000214576721,0.2904999852180481
YGL156W,YBR096W,0,-2.508743,0.03455149382352829,0.10400000214576721,0.2906000018119812
YKL217W,YPR149W,0,-2.5092745,0.03454001992940903,0.10400000214576721,0.2906999886035919
YOL005C,YLR153C,0,-2.5093126,0.03452855348587036,0.10400000214576721,0.290800005197525
YNL008C,YLR127C,1,-2.5094066,0.03484898805618286,0.10499999672174454,0.290800005197525
YBL091C-A,YMR256C,0,-2.5098014,0.034837424755096436,0.10499999672174454,0.29089999198913574
YDL217C,YOL002C,0,-2.5101194,0.03482586890459061,0.10499999672174454,0.29100000858306885
YOR128C,YAR018C,0,-2.5101552,0.03481432422995567,0.10499999672174454,0.29109999537467957
YIR005W,YBL068W,0,-2.5103652,0.03480278328061104,0.10499999672174454,0.29120001196861267
YKR024C,YHR214C-B,0,-2.5103726,0.0347912535071373,0.10499999672174454,0.2912999987602234
YBR280C,YFR052W,1,-2.510413,0.0351109653711319,0.10599999874830246,0.2912999987602234
YNL154C,YMR190C,0,-2.510437,0.0350993387401104,0.10599999874830246,0.2913999855518341
YHR072W-A,YDR533C,0,-2.5104485,0.035087719559669495,0.10599999874830246,0.2915000021457672
YLR057W,YEL071W,0,-2.5107825,0.03507610782980919,0.10599999874830246,0.29159998893737793
YPL268W,YOR312C,0,-2.511084,0.03506450727581978,0.10599999874830246,0.29170000553131104
YLL039C,YDR479C,0,-2.5111208,0.035052910447120667,0.10599999874830246,0.29179999232292175
YDL179W,YNR051C,0,-2.51158,0.03504132106900215,0.10599999874830246,0.29190000891685486
YDL099W,YGR144W,0,-2.5116777,0.03502974286675453,0.10599999874830246,0.2919999957084656
YHR176W,YML018C,0,-2.5118465,0.03501816838979721,0.10599999874830246,0.2921000123023987
YBR020W,YBR052C,0,-2.5119526,0.035006605088710785,0.10599999874830246,0.2921999990940094
YGL014W,YPR145W,0,-2.5120325,0.034995049238204956,0.10599999874830246,0.2922999858856201
YJR145C,YML109W,0,-2.5120456,0.034983497112989426,0.10599999874830246,0.2924000024795532
YDR497C,YHL022C,0,-2.5125165,0.03497195616364479,0.10599999874830246,0.29249998927116394
YHR028C,YEL059C-A,0,-2.5126626,0.03496042266488075,0.10599999874830246,0.29260000586509705
YDL121C,YPR032W,0,-2.5126865,0.03494889661669731,0.10599999874830246,0.29269999265670776
YDR134C,YIL023C,0,-2.5129204,0.03493737801909447,0.10599999874830246,0.29280000925064087
YGL153W,YER044C,0,-2.5132473,0.03492586314678192,0.10599999874830246,0.2928999960422516
YPL096W,YDL007W,1,-2.5136409,0.035243742167949677,0.10700000077486038,0.2928999960422516
YNL158W,YNL050C,0,-2.5137224,0.03523213788866997,0.10700000077486038,0.2930000126361847
YHR010W,YDR109C,0,-2.513802,0.035220541059970856,0.10700000077486038,0.2930999994277954
YKL120W,YMR094W,0,-2.5142288,0.03520895168185234,0.10700000077486038,0.29319998621940613
YCL008C,YBR280C,1,-2.5143852,0.03552631661295891,0.1080000028014183,0.29319998621940613
YKL189W,YAL061W,0,-2.5144887,0.03551463410258293,0.1080000028014183,0.29330000281333923
YBL106C,YDR265W,0,-2.5151634,0.03550295904278755,0.1080000028014183,0.29339998960494995
YPL090C,YDR480W,0,-2.515243,0.03549129143357277,0.1080000028014183,0.29350000619888306
YKR048C,YML018C,0,-2.5153804,0.03547963127493858,0.1080000028014183,0.2935999929904938
YMR135C,YDR352W,0,-2.5155282,0.035467978566884995,0.1080000028014183,0.2937000095844269
YCL038C,YLR155C,0,-2.5155804,0.0354563370347023,0.1080000028014183,0.2937999963760376
YGR047C,YKL171W,0,-2.5159707,0.035444699227809906,0.1080000028014183,0.2939000129699707
YFL022C,YBR139W,0,-2.516232,0.035433072596788406,0.1080000028014183,0.2939999997615814
YPL147W,YNR049C,0,-2.5167313,0.035421449691057205,0.1080000028014183,0.29409998655319214
YOR210W,YCL069W,0,-2.516883,0.0354098342359066,0.1080000028014183,0.29420000314712524
YBR111W-A,YDL146W,0,-2.516971,0.03539822995662689,0.1080000028014183,0.29429998993873596
YLR216C,YMR228W,0,-2.5171623,0.03538663312792778,0.1080000028014183,0.29440000653266907
YKL061W,YBR257W,0,-2.517404,0.03537504002451897,0.1080000028014183,0.2944999933242798
YKR022C,YHL018W,0,-2.5177565,0.03536345809698105,0.1080000028014183,0.2946000099182129
YOR310C,YCR014C,0,-2.5178685,0.03535188362002373,0.1080000028014183,0.2946999967098236
YNL005C,YDR451C,0,-2.51832,0.035340312868356705,0.1080000028014183,0.2948000133037567
YHR123W,YBR104W,0,-2.5184536,0.03532875329256058,0.1080000028014183,0.29490000009536743
YBR073W,YDR225W,0,-2.5186098,0.03531720116734505,0.1080000028014183,0.29499998688697815
YMR109W,YEL043W,0,-2.5187716,0.035305656492710114,0.1080000028014183,0.29510000348091125
YLR090W,YNL035C,0,-2.5189002,0.03529411926865578,0.1080000028014183,0.295199990272522
YLR229C,YML093W,0,-2.5190797,0.03528258576989174,0.1080000028014183,0.2953000068664551
YAR035W,YOL091W,0,-2.51908,0.035271063446998596,0.1080000028014183,0.2953999936580658
YFL016C,YEL004W,0,-2.5190902,0.03525954857468605,0.1080000028014183,0.2955000102519989
YBR127C,YIR003W,0,-2.5192146,0.0352480411529541,0.1080000028014183,0.2955999970436096
YGR035C,YDR247W,0,-2.519374,0.03523654118180275,0.1080000028014183,0.2957000136375427
YER170W,YNL121C,0,-2.5194626,0.035225048661231995,0.1080000028014183,0.29580000042915344
YDR380W,YOR246C,0,-2.5195296,0.03521356359124184,0.1080000028014183,0.29589998722076416
YER014C-A,YKR036C,0,-2.519723,0.035202085971832275,0.1080000028014183,0.29600000381469727
YAR010C,YJR010W,0,-2.5202441,0.03519061580300331,0.1080000028014183,0.296099990606308
YFR032C-A,YAR018C,0,-2.5202665,0.035179153084754944,0.1080000028014183,0.2962000072002411
YDR352W,YDR081C,0,-2.5204053,0.03516769781708717,0.1080000028014183,0.2962999939918518
YHR167W,YCR102C,0,-2.520483,0.03515625,0.1080000028014183,0.2964000105857849
YGR255C,YBL089W,0,-2.5205731,0.03514480963349342,0.1080000028014183,0.29649999737739563
YPR075C,YDL142C,0,-2.5207105,0.035133376717567444,0.1080000028014183,0.29660001397132874
YGR023W,YMR168C,0,-2.521294,0.03512195125222206,0.1080000028014183,0.29670000076293945
YPL053C,YOR291W,0,-2.521576,0.035110533237457275,0.1080000028014183,0.29679998755455017
YPL204W,YBL078C,0,-2.522216,0.03509912267327309,0.1080000028014183,0.2969000041484833
YPL227C,YPL269W,0,-2.5224771,0.035087719559669495,0.1080000028014183,0.296999990940094
YKR059W,YMR236W,0,-2.5228007,0.0350763238966465,0.1080000028014183,0.2971000075340271
YOL075C,YGL012W,0,-2.5237079,0.0350649356842041,0.1080000028014183,0.2971999943256378
YHR214C-B,YGL172W,0,-2.5241365,0.0350535549223423,0.1080000028014183,0.2973000109195709
YBR186W,YGR180C,0,-2.5241644,0.035042181611061096,0.1080000028014183,0.29739999771118164
YJR019C,YBR222C,0,-2.524333,0.03503081575036049,0.1080000028014183,0.29750001430511475
YLR423C,YIL171W,0,-2.5246663,0.03501945361495018,0.1080000028014183,0.29760000109672546
YHR072W-A,YHR072W,0,-2.5249984,0.03500810265541077,0.1080000028014183,0.2976999878883362
YER154W,YJL113W,0,-2.5253668,0.03499675914645195,0.1080000028014183,0.2978000044822693
YJR098C,YML080W,0,-2.5261912,0.03498542308807373,0.1080000028014183,0.29789999127388
YLR086W,YCL057W,0,-2.5267808,0.03497409448027611,0.1080000028014183,0.2980000078678131
YGR091W,YEL022W,0,-2.527205,0.034962769597768784,0.1080000028014183,0.29809999465942383
YAL023C,YML030W,0,-2.5272498,0.034951455891132355,0.1080000028014183,0.29820001125335693
YKL176C,YGR065C,0,-2.5273004,0.03494014963507652,0.1080000028014183,0.29829999804496765
YCL027W,YNL158W,0,-2.527341,0.03492884710431099,0.1080000028014183,0.29840001463890076
YHR005C-A,YDR324C,0,-2.5275114,0.03491755574941635,0.1080000028014183,0.2985000014305115
YLR399C,YPR192W,0,-2.5282834,0.03490627184510231,0.1080000028014183,0.2985999882221222
YNL239W,YPR063C,0,-2.5282886,0.03489499166607857,0.1080000028014183,0.2987000048160553
YLR089C,YMR166C,0,-2.528387,0.03488372266292572,0.1080000028014183,0.298799991607666
YIR025W,YDR394W,1,-2.5283883,0.035195350646972656,0.10899999737739563,0.298799991607666
YBR294W,YBR125C,0,-2.5287104,0.03518398851156235,0.10899999737739563,0.2989000082015991
YFR007W,YPR096C,0,-2.5291932,0.035172637552022934,0.10899999737739563,0.29899999499320984
YNL002C,YGR180C,0,-2.529194,0.03516129031777382,0.10899999737739563,0.29910001158714294
YDR294C,YMR167W,0,-2.5292478,0.0351499505341053,0.10899999737739563,0.29919999837875366
YDR266C,YLL022C,0,-2.529389,0.03513862192630768,0.10899999737739563,0.2992999851703644
YLR440C,YJL177W,0,-2.529976,0.035127297043800354,0.10899999737739563,0.2994000017642975
YPL038W,YMR194W,0,-2.5300813,0.03511597961187363,0.10899999737739563,0.2994999885559082
YLR286C,YGR034W,0,-2.530756,0.035104669630527496,0.10899999737739563,0.2996000051498413
YDL200C,YEL034W,0,-2.5309885,0.03509336709976196,0.10899999737739563,0.299699991941452
YHR013C,YDL039C,0,-2.5311332,0.035082072019577026,0.10899999737739563,0.29980000853538513
YLR419W,YNR049C,0,-2.5323892,0.03507078438997269,0.10899999737739563,0.29989999532699585
YLL045C,YLR116W,0,-2.5324414,0.035059504210948944,0.10899999737739563,0.30000001192092896
YIL091C,YHR057C,0,-2.532453,0.0350482314825058,0.10899999737739563,0.3000999987125397
YLR212C,YKL139W,0,-2.5327964,0.03503696620464325,0.10899999737739563,0.3001999855041504
YNL162W,YNL083W,0,-2.5330176,0.0350257083773613,0.10899999737739563,0.3003000020980835
YMR075W,YKL100C,0,-2.5330467,0.035014454275369644,0.10899999737739563,0.3003999888896942
YOR344C,YER026C,0,-2.533113,0.035003211349248886,0.10899999737739563,0.3005000054836273
YCL008C,YER012W,1,-2.5334568,0.03531300276517868,0.10999999940395355,0.3005000054836273
YHR059W,YDR299W,0,-2.5338416,0.03530167043209076,0.10999999940395355,0.30059999227523804
YPR049C,YDL170W,0,-2.5338478,0.03529034182429314,0.10999999940395355,0.30070000886917114
YNR010W,YHR203C,0,-2.5338736,0.03527902439236641,0.10999999940395355,0.30079999566078186
YLR103C,YLL040C,0,-2.5341349,0.03526771441102028,0.10999999940395355,0.30090001225471497
YLR210W,YJR088C,0,-2.5345535,0.035256411880254745,0.10999999940395355,0.3009999990463257
YER119C,YDR050C,0,-2.5349607,0.03524511307477951,0.10999999940395355,0.3010999858379364
YGL019W,YDR018C,0,-2.5350761,0.03523382544517517,0.10999999940395355,0.3012000024318695
YLR419W,YKR068C,0,-2.5351138,0.03522254154086113,0.10999999940395355,0.3012999892234802
YJL116C,YDR167W,0,-2.535531,0.035211268812417984,0.10999999940395355,0.30140000581741333
YDR314C,YPL019C,0,-2.5357409,0.03519999980926514,0.10999999940395355,0.30149999260902405
YER054C,YPR165W,0,-2.5357556,0.035188738256692886,0.10999999940395355,0.30160000920295715
YPL150W,YIL128W,0,-2.5357993,0.03517748787999153,0.10999999940395355,0.30169999599456787
YAL035W,YBL075C,0,-2.535815,0.035166241228580475,0.10999999940395355,0.301800012588501
YGR257C,YPR102C,0,-2.5359926,0.035155002027750015,0.10999999940395355,0.3018999993801117
YPR163C,YJL156C,0,-2.536329,0.03514377027750015,0.10999999940395355,0.3019999861717224
YBL009W,YKL178C,0,-2.5365388,0.03513254597783089,0.10999999940395355,0.3021000027656555
YHR216W,YDR156W,0,-2.5368323,0.03512132912874222,0.10999999940395355,0.30219998955726624
YDR064W,YMR065W,0,-2.5370574,0.035110119730234146,0.10999999940395355,0.30230000615119934
YKR101W,YOR283W,0,-2.5375104,0.03509891405701637,0.10999999940395355,0.30239999294281006
YOR130C,YGL123W,0,-2.53786,0.035087719559669495,0.10999999940395355,0.30250000953674316
YDR252W,YIL023C,0,-2.5379202,0.035076528787612915,0.10999999940395355,0.3025999963283539
YKL211C,YMR303C,0,-2.5379555,0.03506534919142723,0.10999999940395355,0.302700012922287
YMR246W,YBR227C,0,-2.538127,0.035054173320531845,0.10999999940395355,0.3027999997138977
YKL071W,YOL137W,0,-2.538243,0.035043008625507355,0.10999999940395355,0.3028999865055084
YJL154C,YKL035W,0,-2.5383887,0.03503184765577316,0.10999999940395355,0.30300000309944153
YDR383C,YDL156W,0,-2.538593,0.03502069413661957,0.10999999940395355,0.30309998989105225
YHR123W,YDR018C,0,-2.5387897,0.03500954806804657,0.10999999940395355,0.30320000648498535
YDR408C,YJL144W,0,-2.5388799,0.03499840945005417,0.10999999940395355,0.30329999327659607
YDR046C,YLR368W,0,-2.5390258,0.034987278282642365,0.10999999940395355,0.3034000098705292
YOR233W,YPL192C,0,-2.5394402,0.03497615084052086,0.10999999940395355,0.3034999966621399
YOL129W,YGL039W,0,-2.5394578,0.03496503457427025,0.10999999940395355,0.303600013256073
YLR057W,YBL098W,0,-2.5394735,0.034953925758600235,0.10999999940395355,0.3037000000476837
YOL115W,YDR186C,0,-2.539559,0.03494282066822052,0.10999999940395355,0.30379998683929443
YBR234C,YMR165C,0,-2.5397124,0.0349317230284214,0.10999999940395355,0.30390000343322754
YIL109C,YAR002C-A,0,-2.5403063,0.03492063656449318,0.10999999940395355,0.30399999022483826
YCL074W,YML114C,0,-2.5404682,0.034909553825855255,0.10999999940395355,0.30410000681877136
YHR105W,YGR077C,0,-2.5404768,0.03489847853779793,0.10999999940395355,0.3041999936103821
YGR292W,YOR003W,0,-2.5405464,0.0348874069750309,0.10999999940395355,0.3043000102043152
YOR291W,YOR389W,0,-2.5407765,0.034876346588134766,0.10999999940395355,0.3043999969959259
YGR049W,YNR050C,0,-2.5408788,0.03486529365181923,0.10999999940395355,0.304500013589859
YNL090W,YBR267W,0,-2.5409286,0.03485424444079399,0.10999999940395355,0.3046000003814697
YDR173C,YGR189C,0,-2.5411305,0.03484320640563965,0.10999999940395355,0.30469998717308044
YKL085W,YLR182W,0,-2.5415204,0.034832172095775604,0.10999999940395355,0.30480000376701355
YJL056C,YMR092C,0,-2.541659,0.03482114523649216,0.10999999940395355,0.30489999055862427
YPR189W,YOL119C,0,-2.542633,0.03481012582778931,0.10999999940395355,0.3050000071525574
YGL150C,YJL082W,0,-2.5426798,0.03479911386966705,0.10999999940395355,0.3050999939441681
YGR285C,YMR099C,0,-2.5428526,0.0347881093621254,0.10999999940395355,0.3052000105381012
YGL009C,YER053C,0,-2.543078,0.03477710857987404,0.10999999940395355,0.3052999973297119
YOL030W,YDR503C,0,-2.5430968,0.034766118973493576,0.10999999940395355,0.305400013923645
YOR010C,YGR158C,0,-2.543405,0.03475513309240341,0.10999999940395355,0.30550000071525574
YDL153C,YJR031C,0,-2.543457,0.03474415838718414,0.10999999940395355,0.30559998750686646
YOL117W,YNR075W,0,-2.543983,0.03473318740725517,0.10999999940395355,0.30570000410079956
YFL054C,YNL032W,0,-2.5442152,0.0347222238779068,0.10999999940395355,0.3057999908924103
YNL213C,YMR021C,0,-2.54476,0.034711264073848724,0.10999999940395355,0.3059000074863434
YER111C,YHR072W,0,-2.5448465,0.034700315445661545,0.10999999940395355,0.3059999942779541
YGL121C,YPL118W,0,-2.544858,0.03468937426805496,0.10999999940395355,0.3061000108718872
YDR358W,YBL084C,1,-2.5450172,0.034993693232536316,0.11100000143051147,0.3061000108718872
YNL096C,YLR373C,0,-2.5450907,0.03498266637325287,0.11100000143051147,0.3061999976634979
YBR170C,YKL213C,1,-2.545207,0.03528670594096184,0.1120000034570694,0.3061999976634979
YBR012W-A,YBR251W,0,-2.5456648,0.03527558967471123,0.1120000034570694,0.30630001425743103
YJL062W,YOR096W,0,-2.5457952,0.03526448458433151,0.1120000034570694,0.30640000104904175
YIL150C,YHR121W,0,-2.5458462,0.035253383219242096,0.1120000034570694,0.30649998784065247
YMR159C,YJR137C,0,-2.5464034,0.035242289304733276,0.1120000034570694,0.30660000443458557
YHR016C,YML114C,0,-2.5466669,0.03523120656609535,0.1120000034570694,0.3066999912261963
YIL158W,YOR148C,0,-2.5467334,0.035220127552747726,0.1120000034570694,0.3068000078201294
YOL165C,YDL028C,0,-2.5469012,0.0352090522646904,0.1120000034570694,0.3068999946117401
YNL126W,YBR195C,0,-2.546916,0.03519798815250397,0.1120000034570694,0.3070000112056732
YJL046W,YBR155W,0,-2.5470066,0.03518693149089813,0.1120000034570694,0.30709999799728394
YGL145W,YNL162W,0,-2.5470135,0.035175878554582596,0.1120000034570694,0.30720001459121704
YBR241C,YNL207W,0,-2.547053,0.035164836794137955,0.1120000034570694,0.30730000138282776
YBR102C,YOR077W,0,-2.5472064,0.03515379875898361,0.1120000034570694,0.3073999881744385
YIR018W,YGL079W,0,-2.547317,0.035142768174409866,0.1120000034570694,0.3075000047683716
YHL016C,YFR008W,0,-2.5473626,0.03513174504041672,0.1120000034570694,0.3075999915599823
YIL160C,YGL019W,0,-2.5473943,0.035120729357004166,0.1120000034570694,0.3077000081539154
YGR177C,YKR102W,0,-2.5482547,0.03510971739888191,0.1120000034570694,0.3077999949455261
YBL052C,YML113W,0,-2.5484934,0.035098716616630554,0.1120000034570694,0.30790001153945923
YBR008C,YBR159W,0,-2.5485063,0.035087719559669495,0.1120000034570694,0.30799999833106995
YDL082W,YML038C,0,-2.5487318,0.03507672995328903,0.1120000034570694,0.30809998512268066
YPL240C,YBR092C,0,-2.548798,0.035065747797489166,0.1120000034570694,0.30820000171661377
YBR002C,YHR092C,0,-2.5490544,0.0350547730922699,0.1120000034570694,0.3082999885082245
YJL198W,YDR240C,0,-2.5491152,0.035043805837631226,0.1120000034570694,0.3084000051021576
YHR032W,YBR238C,0,-2.549393,0.03503284230828285,0.1120000034570694,0.3084999918937683
YBR235W,YIL042C,0,-2.5493932,0.035021889954805374,0.1120000034570694,0.3086000084877014
YDL007W,YOL013C,1,-2.5494695,0.03532353788614273,0.11299999803304672,0.3086000084877014
YGL125W,YBR037C,0,-2.5502117,0.03531249985098839,0.11299999803304672,0.30869999527931213
YPL016W,YPL231W,0,-2.55052,0.03530146926641464,0.11299999803304672,0.30880001187324524
YER117W,YKL172W,0,-2.55056,0.035290442407131195,0.11299999803304672,0.30889999866485596
YOR270C,YDL144C,0,-2.550754,0.03527942672371864,0.11299999803304672,0.3089999854564667
YGR188C,YKL100C,0,-2.5510616,0.03526841476559639,0.11299999803304672,0.3091000020503998
YIL061C,YBL071W-A,0,-2.5512974,0.03525741025805473,0.11299999803304672,0.3091999888420105
YGL255W,YPR043W,0,-2.5513272,0.035246413201093674,0.11299999803304672,0.3093000054359436
YPL273W,YNL335W,0,-2.5514143,0.03523542359471321,0.11299999803304672,0.3093999922275543
YOR080W,YBL078C,0,-2.5514348,0.03522443771362305,0.11299999803304672,0.3095000088214874
YDR172W,YBR106W,0,-2.5514407,0.03521346300840378,0.11299999803304672,0.30959999561309814
YFL023W,YLR121C,0,-2.5516863,0.03520249202847481,0.11299999803304672,0.30970001220703125
YJR001W,YGR257C,0,-2.551715,0.035191528499126434,0.11299999803304672,0.30979999899864197
YJL071W,YHR092C,0,-2.5517583,0.03518057242035866,0.11299999803304672,0.3098999857902527
YPL159C,YOR298C-A,0,-2.551761,0.03516962379217148,0.11299999803304672,0.3100000023841858
YGR203W,YDR299W,0,-2.5518537,0.035158682614564896,0.11299999803304672,0.3100999891757965
YHR012W,YAL060W,0,-2.5519314,0.03514774516224861,0.11299999803304672,0.3102000057697296
YOR133W,YFL023W,0,-2.552225,0.035136815160512924,0.11299999803304672,0.31029999256134033
YDR485C,YDR258C,0,-2.5523038,0.035125892609357834,0.11299999803304672,0.31040000915527344
YPR107C,YNL116W,0,-2.552426,0.03511497750878334,0.11299999803304672,0.31049999594688416
YML097C,YMR305C,0,-2.5524714,0.035104069858789444,0.11299999803304672,0.31060001254081726
YDR334W,YCR072C,0,-2.552474,0.035093165934085846,0.11299999803304672,0.310699999332428
YJR043C,YCR047C,0,-2.5525331,0.03508227318525314,0.11299999803304672,0.3107999861240387
YGR128C,YOR391C,0,-2.5528271,0.03507138416171074,0.11299999803304672,0.3109000027179718
YLR119W,YBL058W,1,-2.5529814,0.03537077084183693,0.11400000005960464,0.3109000027179718
YDR074W,YOR120W,0,-2.5531187,0.03535979986190796,0.11400000005960464,0.3109999895095825
YOL155C,YDR283C,0,-2.5532324,0.035348836332559586,0.11400000005960464,0.3111000061035156
YER078C,YKL100C,0,-2.5532563,0.03533788025379181,0.11400000005960464,0.31119999289512634
YLR216C,YML111W,0,-2.553269,0.03532692790031433,0.11400000005960464,0.31130000948905945
YJL171C,YHR089C,0,-2.5533342,0.03531598672270775,0.11400000005960464,0.31139999628067017
YKL009W,YBR136W,0,-2.553419,0.035305049270391464,0.11400000005960464,0.31150001287460327
YML040W,YPL072W,0,-2.5536225,0.03529411926865578,0.11400000005960464,0.311599999666214
YBR235W,YNL084C,0,-2.5539322,0.03528319299221039,0.11400000005960464,0.3116999864578247
YDR219C,YFR052W,1,-2.5539503,0.03558168187737465,0.11500000208616257,0.3116999864578247
YOR373W,YJL114W,0,-2.5539536,0.03557067736983299,0.11500000208616257,0.3118000030517578
YML130C,YJR091C,0,-2.5545254,0.035559676587581635,0.11500000208616257,0.31189998984336853
YMR044W,YGR001C,0,-2.554582,0.03554868698120117,0.11500000208616257,0.31200000643730164
YDL136W,YMR054W,0,-2.5551262,0.03553770110011101,0.11500000208616257,0.31209999322891235
YBR241C,YML069W,0,-2.555527,0.03552672266960144,0.11500000208616257,0.31220000982284546
YLR197W,YMR227C,0,-2.555534,0.03551575168967247,0.11500000208616257,0.3122999966144562
YDR331W,YLR264W,0,-2.5555677,0.0355047844350338,0.11500000208616257,0.3124000132083893
YNL302C,YLR430W,0,-2.5563297,0.03549382835626602,0.11500000208616257,0.3125
YHR008C,YDR363W,0,-2.5571878,0.035482876002788544,0.11500000208616257,0.3125999867916107
YHR206W,YJL114W,0,-2.557444,0.03547193109989166,0.11500000208616257,0.3127000033855438
YDR146C,YGR106C,0,-2.5575395,0.03546099364757538,0.11500000208616257,0.31279999017715454
YML123C,YML065W,0,-2.557662,0.03545005992054939,0.11500000208616257,0.31290000677108765
YLL019C,YGR071C,0,-2.5577552,0.0354391373693943,0.11500000208616257,0.31299999356269836
YFL002C,YFR015C,0,-2.5579667,0.03542821854352951,0.11500000208616257,0.31310001015663147
YML088W,YMR276W,1,-2.5580795,0.03572528436779976,0.11599999666213989,0.31310001015663147
YBL055C,YPR184W,0,-2.5581384,0.0357142873108387,0.11599999666213989,0.3131999969482422
YNL147W,YGR148C,0,-2.558464,0.03570329397916794,0.11599999666213989,0.3133000135421753
YGR104C,YOL158C,0,-2.5587955,0.035692308098077774,0.11599999666213989,0.313400000333786
YGR188C,YEL011W,0,-2.5591474,0.03568132966756821,0.11599999666213989,0.31349998712539673
YDR001C,YKL035W,0,-2.55929,0.03567035496234894,0.11599999666213989,0.31360000371932983
YER087W,YOL028C,0,-2.5595083,0.035659391433000565,0.11599999666213989,0.31369999051094055
YJL034W,YFR052W,1,-2.559601,0.03595574572682381,0.11699999868869781,0.31369999051094055
YDR253C,YLR399C,0,-2.5597343,0.03594470024108887,0.11699999868869781,0.31380000710487366
YOR308C,YJR094W-A,0,-2.5598102,0.035933662205934525,0.11699999868869781,0.3138999938964844
YDR180W,YER096W,0,-2.5598655,0.03592262789607048,0.11699999868869781,0.3140000104904175
YGR264C,YPR162C,0,-2.5598822,0.03591160103678703,0.11699999868869781,0.3140999972820282
YOR153W,YER006W,0,-2.5598829,0.03590058162808418,0.11699999868869781,0.3142000138759613
YGR274C,YAR050W,0,-2.5604436,0.03588956966996193,0.11699999868869781,0.314300000667572
YEL029C,YJL144W,0,-2.560538,0.03587856516242027,0.11699999868869781,0.31439998745918274
YJL209W,YOR339C,0,-2.5607052,0.035867564380168915,0.11699999868869781,0.31450000405311584
YKL126W,YBR132C,0,-2.5611556,0.03585657477378845,0.11699999868869781,0.31459999084472656
YML063W,YLR040C,0,-2.5617578,0.03584558889269829,0.11699999868869781,0.31470000743865967
YHR011W,YDR033W,0,-2.5618215,0.03583461046218872,0.11699999868869781,0.3147999942302704
YMR250W,YPR149W,0,-2.5620213,0.03582363575696945,0.11699999868869781,0.3149000108242035
YPL196W,YPL249C,0,-2.562036,0.03581267222762108,0.11699999868869781,0.3149999976158142
YBR271W,YIL095W,0,-2.5623026,0.035801712423563004,0.11699999868869781,0.3151000142097473
YMR127C,YFR001W,0,-2.5625987,0.035790760070085526,0.11699999868869781,0.31520000100135803
YLR206W,YHR047C,0,-2.5632367,0.035779815167188644,0.11699999868869781,0.31529998779296875
YGR285C,YDR139C,0,-2.5635657,0.03576887771487236,0.11699999868869781,0.31540000438690186
YLL054C,YDL035C,0,-2.5638716,0.03575794771313667,0.11699999868869781,0.3154999911785126
YOR297C,YNL244C,0,-2.5640278,0.035747021436691284,0.11699999868869781,0.3156000077724457
YNL166C,YKL216W,0,-2.5642316,0.03573610261082649,0.11699999868869781,0.3156999945640564
YPR107C,YJL165C,0,-2.564356,0.0357251912355423,0.11699999868869781,0.3158000111579895
YGL170C,YHR084W,0,-2.5647964,0.0357142873108387,0.11699999868869781,0.3158999979496002
YHR030C,YDR461W,0,-2.5651667,0.0357033871114254,0.11699999868869781,0.3160000145435333
YCL036W,YGR247W,0,-2.5652065,0.0356924943625927,0.11699999868869781,0.31610000133514404
YIL093C,YOR393W,0,-2.5652921,0.03568160906434059,0.11699999868869781,0.31619998812675476
YGR171C,YBL005W-A,0,-2.565493,0.03567073121666908,0.11699999868869781,0.31630000472068787
YLR310C,YDL114W,0,-2.5657225,0.03565986081957817,0.11699999868869781,0.3163999915122986
YNL008C,YMR119W,1,-2.5657716,0.03595368564128876,0.11800000071525574,0.3163999915122986
YKR056W,YDL232W,0,-2.5659304,0.03594273701310158,0.11800000071525574,0.3165000081062317
YMR044W,YBR111W-A,0,-2.566164,0.0359317921102047,0.11800000071525574,0.3165999948978424
YDR151C,YHL019C,0,-2.5662234,0.035920850932598114,0.11800000071525574,0.3167000114917755
YFL022C,YHR065C,0,-2.5663075,0.03590992093086243,0.11800000071525574,0.31679999828338623
YKL213C,YDL126C,1,-2.566616,0.03620322421193123,0.11900000274181366,0.31679999828338623
YNL072W,YDR341C,0,-2.5666919,0.036192212253808975,0.11900000274181366,0.31690001487731934
YJL048C,YBL058W,1,-2.5670328,0.036485254764556885,0.11999999731779099,0.31690001487731934
YOR351C,YHR047C,0,-2.5671282,0.036474164575338364,0.11999999731779099,0.31700000166893005
YMR121C,YMR023C,0,-2.567607,0.03646308183670044,0.11999999731779099,0.31709998846054077
YGR068C,YFR006W,0,-2.567686,0.03645200654864311,0.11999999731779099,0.3172000050544739
YML029W,YGL048C,1,-2.5677068,0.0367446094751358,0.12099999934434891,0.3172000050544739
YJL125C,YDL164C,0,-2.56782,0.03673345595598221,0.12099999934434891,0.3172999918460846
YJR145C,YER087C-B,0,-2.5679069,0.03672230616211891,0.12099999934434891,0.3174000084400177
YOR215C,YGR068C,0,-2.5681064,0.03671116381883621,0.12099999934434891,0.3174999952316284
YJL213W,YBL106C,0,-2.5682116,0.03670002892613411,0.12099999934434891,0.3176000118255615
YOR347C,YKL173W,0,-2.568642,0.036688901484012604,0.12099999934434891,0.31769999861717224
YOR226C,YBR175W,0,-2.5686793,0.036677781492471695,0.12099999934434891,0.31779998540878296
YLR009W,YMR106C,0,-2.5692098,0.036666665226221085,0.12099999934434891,0.31790000200271606
YNL021W,YML052W,0,-2.5692189,0.03665556013584137,0.12099999934434891,0.3179999887943268
YPR163C,YEL053C,0,-2.5698175,0.03664445877075195,0.12099999934434891,0.3181000053882599
YPR096C,YPR033C,0,-2.5703309,0.036633364856243134,0.12099999934434891,0.3181999921798706
YBL060W,YPL158C,0,-2.5707138,0.03662227466702461,0.12099999934434891,0.3183000087738037
YLL034C,YNR043W,0,-2.570714,0.03661119565367699,0.12099999934434891,0.31839999556541443
YOR287C,YDR453C,0,-2.5707335,0.03660012036561966,0.12099999934434891,0.31850001215934753
YFL034C-A,YJL104W,0,-2.5707839,0.03658905252814293,0.12099999934434891,0.31859999895095825
YJR002W,YGL232W,0,-2.570815,0.036577992141246796,0.12099999934434891,0.31869998574256897
YCL008C,YNL159C,1,-2.5709167,0.036869145929813385,0.12200000137090683,0.31869998574256897
YOR202W,YJR010W,0,-2.571084,0.036858007311820984,0.12200000137090683,0.3188000023365021
YGL153W,YIL171W,0,-2.5714889,0.03684687241911888,0.12200000137090683,0.3188999891281128
YMR246W,YNL230C,0,-2.571964,0.036835748702287674,0.12200000137090683,0.3190000057220459
YJL125C,YDR196C,0,-2.572004,0.036824628710746765,0.12200000137090683,0.3190999925136566
YOR329C,YBR067C,0,-2.5723634,0.03681351989507675,0.12200000137090683,0.3192000091075897
YMR315W,YNL219C,0,-2.5724,0.03680241480469704,0.12200000137090683,0.31929999589920044
YOL041C,YDR341C,0,-2.5727284,0.03679131343960762,0.12200000137090683,0.31940001249313354
YDR012W,YPR049C,0,-2.5728636,0.0367802232503891,0.12200000137090683,0.31949999928474426
YIR033W,YBR031W,0,-2.5728846,0.036769136786460876,0.12200000137090683,0.319599986076355
YDR079C-A,YBR172C,0,-2.5729032,0.03675806149840355,0.12200000137090683,0.3197000026702881
YDL180W,YDR480W,0,-2.5730085,0.03674698621034622,0.12200000137090683,0.3197999894618988
YPR151C,YER007W,0,-2.5730627,0.03673592209815979,0.12200000137090683,0.3199000060558319
YDR485C,YNL339C,0,-2.5734138,0.036724865436553955,0.12200000137090683,0.3199999928474426
YHR045W,YHR064C,0,-2.5734885,0.03671381250023842,0.12200000137090683,0.32010000944137573
YML040W,YOR217W,0,-2.57353,0.03670276701450348,0.12200000137090683,0.32019999623298645
YGR014W,YEL043W,0,-2.5735571,0.036691728979349136,0.12200000137090683,0.32030001282691956
YGL131C,YGL259W,0,-2.5738335,0.03668069839477539,0.12200000137090683,0.3203999996185303
YGL173C,YOL157C,0,-2.5741386,0.03666967153549194,0.12200000137090683,0.320499986410141
YLR186W,YJR088C,0,-2.5743647,0.03665865212678909,0.12200000137090683,0.3206000030040741
YPL269W,YMR266W,0,-2.5745816,0.03664764016866684,0.12200000137090683,0.3206999897956848
YIL074C,YDR240C,0,-2.574963,0.03663663566112518,0.12200000137090683,0.3208000063896179
YPR145W,YIL159W,0,-2.5751445,0.036625638604164124,0.12200000137090683,0.32089999318122864
YGL156W,YOR283W,0,-2.5753717,0.03661464527249336,0.12200000137090683,0.32100000977516174
YER061C,YCL075W,0,-2.5753977,0.0366036593914032,0.12200000137090683,0.32109999656677246
YGL059W,YMR011W,0,-2.5755005,0.03659268096089363,0.12200000137090683,0.32120001316070557
YPL270W,YNL095C,0,-2.5758162,0.03658170998096466,0.12200000137090683,0.3212999999523163
YPR081C,YMR068W,0,-2.5759888,0.03657074272632599,0.12200000137090683,0.321399986743927
YKL096W,YBL039C,0,-2.5759995,0.036559782922267914,0.12200000137090683,0.3215000033378601
YAR008W,YOL158C,0,-2.5760264,0.036548830568790436,0.12200000137090683,0.3215999901294708
YGL178W,YMR193W,0,-2.5761,0.036537885665893555,0.12200000137090683,0.32170000672340393
YGR049W,YDR477W,0,-2.5761628,0.03652694448828697,0.12200000137090683,0.32179999351501465
YAL024C,YGR155W,0,-2.5770123,0.036516014486551285,0.12200000137090683,0.32190001010894775
YLR439W,YDR173C,0,-2.5772989,0.036505088210105896,0.12200000137090683,0.32199999690055847
YNL152W,YHL040C,0,-2.5773945,0.036494165658950806,0.12200000137090683,0.3221000134944916
YOR017W,YPL162C,0,-2.5776708,0.03648325428366661,0.12200000137090683,0.3222000002861023
YPL202C,YGR264C,0,-2.5776968,0.036472346633672714,0.12200000137090683,0.322299987077713
YKL206C,YDR306C,1,-2.5777888,0.03676031157374382,0.12300000339746475,0.322299987077713
YER082C,YLL002W,0,-2.5787063,0.036749329417943954,0.12300000339746475,0.3224000036716461
YIR015W,YJL116C,0,-2.5790606,0.03673835098743439,0.12300000339746475,0.32249999046325684
YOR174W,YDR392W,0,-2.5794127,0.03672738000750542,0.12300000339746475,0.32260000705718994
YLR014C,YKR026C,0,-2.5797522,0.03671641647815704,0.12300000339746475,0.32269999384880066
YAL053W,YEL077C,0,-2.580756,0.03670546039938927,0.12300000339746475,0.32280001044273376
YBL040C,YBR247C,0,-2.5810974,0.03669451177120209,0.12300000339746475,0.3228999972343445
YJL144W,YKL157W,0,-2.5812116,0.036683566868305206,0.12300000339746475,0.3230000138282776
YKL101W,YER087W,0,-2.5812345,0.03667262941598892,0.12300000339746475,0.3231000006198883
YGL187C,YNL210W,0,-2.581391,0.036661699414253235,0.12300000339746475,0.323199987411499
YAL040C,YER120W,0,-2.581399,0.036650773137807846,0.12300000339746475,0.32330000400543213
YNL069C,YKL108W,0,-2.5817294,0.03663985803723335,0.12300000339746475,0.32339999079704285
YGR162W,YOR140W,0,-2.5818353,0.03662894666194916,0.12300000339746475,0.32350000739097595
YPL194W,YGR257C,0,-2.5820498,0.03661804273724556,0.12300000339746475,0.32359999418258667
YGL156W,YKL074C,0,-2.5820827,0.03660714253783226,0.12300000339746475,0.3237000107765198
YOR037W,YDR533C,0,-2.5821645,0.03659624978899956,0.12300000339746475,0.3237999975681305
YNL259C,YEL040W,0,-2.5823054,0.03658536449074745,0.12300000339746475,0.3239000141620636
YBL076C,YLR372W,0,-2.5825775,0.03657448664307594,0.12300000339746475,0.3240000009536743
YKL124W,YDR444W,0,-2.5826263,0.03656361624598503,0.12300000339746475,0.32409998774528503
YCL026C-A,YHR102W,0,-2.5827212,0.03655274957418442,0.12300000339746475,0.32420000433921814
YLR207W,YKL213C,1,-2.5830398,0.03683897852897644,0.12399999797344208,0.32420000433921814
YAL040C,YGL220W,0,-2.5836945,0.03682803735136986,0.12399999797344208,0.32429999113082886
YLL036C,YDR131C,1,-2.5841022,0.037114012986421585,0.125,0.32429999113082886
YNL085W,YLR129W,0,-2.5846062,0.03710299730300903,0.125,0.32440000772476196
YKL108W,YOR340C,0,-2.5847251,0.03709198907017708,0.125,0.3244999945163727
YPL160W,YDR524C,0,-2.5848358,0.03708098456263542,0.125,0.3246000111103058
YDR338C,YDL092W,0,-2.584931,0.03706998750567436,0.125,0.3246999979019165
YPR191W,YLR155C,0,-2.5850296,0.0370589978992939,0.125,0.3248000144958496
YLR225C,YPL020C,0,-2.5850325,0.037048015743494034,0.125,0.3249000012874603
YNL163C,YPL276W,0,-2.5850344,0.03703703731298447,0.125,0.32499998807907104
YDR229W,YDR534C,0,-2.5852094,0.037026066333055496,0.125,0.32510000467300415
YGR207C,YJR077C,0,-2.5853205,0.03701510280370712,0.125,0.32519999146461487
YGR134W,YER074W,0,-2.5856013,0.03700414299964905,0.125,0.325300008058548
YBR280C,YMR314W,1,-2.585925,0.03728913888335228,0.12600000202655792,0.325300008058548
YDL074C,YLR014C,0,-2.585941,0.037278108298778534,0.12600000202655792,0.3253999948501587
YKL086W,YJL092W,0,-2.586012,0.03726708143949509,0.12600000202655792,0.3255000114440918
YNL085W,YBL075C,0,-2.586114,0.037256062030792236,0.12600000202655792,0.3255999982357025
YBL090W,YNR074C,0,-2.5861855,0.03724505007266998,0.12600000202655792,0.3257000148296356
YKL090W,YJL079C,0,-2.5864127,0.03723404183983803,0.12600000202655792,0.32580000162124634
YBR040W,YFR013W,0,-2.586916,0.03722304105758667,0.12600000202655792,0.32589998841285706
YPR167C,YNL061W,0,-2.5874765,0.03721205145120621,0.12600000202655792,0.32600000500679016
YMR088C,YDR239C,0,-2.5875,0.037201061844825745,0.12600000202655792,0.3260999917984009
YOL104C,YJL141C,0,-2.5875666,0.03719008341431618,0.12600000202655792,0.326200008392334
YNL308C,YOR378W,0,-2.587571,0.03717910870909691,0.12600000202655792,0.3262999951839447
YCR060W,YJL092W,0,-2.5876017,0.03716814145445824,0.12600000202655792,0.3264000117778778
YGR058W,YLR157C,0,-2.5876737,0.03715718165040016,0.12600000202655792,0.3264999985694885
YGR009C,YOL091W,0,-2.5877924,0.037146225571632385,0.12600000202655792,0.32659998536109924
YHR143W-A,YGR180C,0,-2.5878391,0.037135276943445206,0.12600000202655792,0.32670000195503235
YDL007W,YBL084C,1,-2.5880654,0.03741897642612457,0.12700000405311584,0.32670000195503235
YMR168C,YNL001W,0,-2.5881333,0.037407953292131424,0.12700000405311584,0.32679998874664307
YMR036C,YAL061W,0,-2.5882444,0.03739693760871887,0.12700000405311584,0.32690000534057617
YLR308W,YCR028C,0,-2.588645,0.03738592937588692,0.12700000405311584,0.3269999921321869
YDR258C,YCR010C,0,-2.5889268,0.03737492486834526,0.12700000405311584,0.32710000872612
YNL053W,YKL175W,0,-2.5889344,0.0373639315366745,0.12700000405311584,0.3271999955177307
YMR112C,YIR039C,0,-2.5897236,0.03735294193029404,0.12700000405311584,0.3273000121116638
YNR047W,YOR317W,0,-2.589769,0.03734195977449417,0.12700000405311584,0.32739999890327454
YMR217W,YLR298C,0,-2.5898085,0.037330981343984604,0.12700000405311584,0.32749998569488525
YIL139C,YMR221C,0,-2.5898757,0.037320010364055634,0.12700000405311584,0.32760000228881836
YDR382W,YML064C,0,-2.5899212,0.03730904683470726,0.12700000405311584,0.3276999890804291
YNR041C,YMR292W,0,-2.589981,0.037298090755939484,0.12700000405311584,0.3278000056743622
YDR186C,YDL188C,0,-2.590261,0.037287142127752304,0.12700000405311584,0.3278999924659729
YKR061W,YPR183W,0,-2.590517,0.03727619722485542,0.12700000405311584,0.328000009059906
YDR393W,YLR013W,0,-2.5910382,0.03726525977253914,0.12700000405311584,0.3280999958515167
YJL122W,YLR040C,0,-2.591317,0.03725432604551315,0.12700000405311584,0.32820001244544983
YCR088W,YPL078C,0,-2.5916862,0.03724340349435806,0.12700000405311584,0.32829999923706055
YOR269W,YEL065W,0,-2.5919347,0.03723248466849327,0.12700000405311584,0.32839998602867126
YPL134C,YLR155C,0,-2.5922432,0.03722156956791878,0.12700000405311584,0.32850000262260437
YDL097C,YGL227W,1,-2.592284,0.03750366345047951,0.12800000607967377,0.32850000262260437
YKL163W,YPR113W,0,-2.5922847,0.03749267756938934,0.12800000607967377,0.3285999894142151
YJR059W,YJR139C,0,-2.5923357,0.037481699138879776,0.12800000607967377,0.3287000060081482
YBL092W,YOR285W,0,-2.5924213,0.03747072443366051,0.12800000607967377,0.3287999927997589
YOL038W,YNL159C,1,-2.5927675,0.037752415984869,0.1289999932050705,0.3287999927997589
YDR242W,YPL200W,0,-2.5928802,0.037741370499134064,0.1289999932050705,0.328900009393692
YPR156C,YJL219W,0,-2.5930786,0.03773032873868942,0.1289999932050705,0.32899999618530273
YMR189W,YJL008C,0,-2.5946388,0.03771929815411568,0.1289999932050705,0.32910001277923584
YGR047C,YOR378W,0,-2.5948172,0.03770827129483223,0.1289999932050705,0.32919999957084656
YJR107W,YEL047C,0,-2.5950527,0.03769725188612938,0.1289999932050705,0.3292999863624573
YOR054C,YPL230W,0,-2.5954237,0.037686239928007126,0.1289999932050705,0.3294000029563904
YGR112W,YMR037C,0,-2.5957303,0.03767523542046547,0.1289999932050705,0.3294999897480011
YIR025W,YBR280C,1,-2.5957875,0.037956204265356064,0.12999999523162842,0.3294999897480011
YPR167C,YKL092C,0,-2.5962014,0.03794512525200844,0.12999999523162842,0.3296000063419342
YER173W,YBR092C,0,-2.5964642,0.03793405368924141,0.12999999523162842,0.3296999931335449
YBR141C,YKL086W,0,-2.5968246,0.03792298585176468,0.12999999523162842,0.329800009727478
YMR184W,YKL022C,1,-2.5970814,0.03820355609059334,0.13099999725818634,0.329800009727478
YHR207C,YOR369C,0,-2.5973067,0.038192421197891235,0.13099999725818634,0.32989999651908875
YHR136C,YCL040W,0,-2.597658,0.03818129003047943,0.13099999725818634,0.33000001311302185
YGR282C,YLR270W,0,-2.5980153,0.038170162588357925,0.13099999725818634,0.33009999990463257
YDR056C,YOR374W,0,-2.5980747,0.038159046322107315,0.13099999725818634,0.3301999866962433
YDR497C,YDR031W,0,-2.5983214,0.038147933781147,0.13099999725818634,0.3303000032901764
YBL084C,YKL022C,1,-2.5985389,0.03842794895172119,0.13199999928474426,0.3303000032901764
YHR164C,YGR059W,0,-2.598645,0.03841676190495491,0.13199999928474426,0.3303999900817871
YNL126W,YKL035W,0,-2.5986857,0.038405586034059525,0.13199999928474426,0.3305000066757202
YDL171C,YNL119W,0,-2.5988226,0.03839441388845444,0.13199999928474426,0.33059999346733093
YDL002C,YML130C,0,-2.5994222,0.03838324919342995,0.13199999928474426,0.33070001006126404
YGR271W,YJR059W,0,-2.600075,0.03837209194898605,0.13199999928474426,0.33079999685287476
YML008C,YLR389C,0,-2.6002138,0.03836094215512276,0.13199999928474426,0.33090001344680786
YLR212C,YER086W,0,-2.600358,0.03834979608654976,0.13199999928474426,0.3310000002384186
YDR331W,YKR080W,0,-2.6005688,0.03833865746855736,0.13199999928474426,0.3310999870300293
YOR125C,YDL204W,0,-2.6005712,0.038327526301145554,0.13199999928474426,0.3312000036239624
YOR297C,YHR116W,0,-2.600573,0.03831639885902405,0.13199999928474426,0.3312999904155731
YOR206W,YFL031W,0,-2.6009102,0.03830528259277344,0.13199999928474426,0.3314000070095062
YBR095C,YKL103C,0,-2.6010046,0.038294170051813126,0.13199999928474426,0.33149999380111694
YLR320W,YMR145C,0,-2.6010337,0.03828306123614311,0.13199999928474426,0.33160001039505005
YGR148C,YGR052W,0,-2.6010923,0.038271963596343994,0.13199999928474426,0.33169999718666077
YPL082C,YOL054W,0,-2.6011205,0.038260869681835175,0.13199999928474426,0.33180001378059387
YKR101W,YCR039C,0,-2.6011577,0.03824978321790695,0.13199999928474426,0.3319000005722046
YDR352W,YKL112W,0,-2.6012564,0.03823870047926903,0.13199999928474426,0.3319999873638153
YIL159W,YOR047C,0,-2.6016047,0.038227628916502,0.13199999928474426,0.3321000039577484
YFL023W,YHR026W,0,-2.6016405,0.03821656107902527,0.13199999928474426,0.33219999074935913
YLR359W,YCR034W,0,-2.6017964,0.038205500692129135,0.13199999928474426,0.33230000734329224
YDR462W,YLR287C-A,0,-2.6018603,0.0381944440305233,0.13199999928474426,0.33239999413490295
YER184C,YDL015C,0,-2.6021352,0.03818339481949806,0.13199999928474426,0.33250001072883606
YFL037W,YDR503C,0,-2.602769,0.03817235305905342,0.13199999928474426,0.3325999975204468
YMR194W,YFL003C,0,-2.6035583,0.03816131874918938,0.13199999928474426,0.3327000141143799
YIR010W,YKL061W,0,-2.603687,0.03815028816461563,0.13199999928474426,0.3328000009059906
YJL213W,YNL166C,0,-2.6038089,0.03813926503062248,0.13199999928474426,0.3328999876976013
YPL003W,YLL052C,0,-2.6039443,0.03812824934720993,0.13199999928474426,0.3330000042915344
YGL160W,YOR340C,0,-2.6039715,0.038117241114377975,0.13199999928474426,0.33309999108314514
YJR160C,YNR020C,0,-2.6040301,0.03810623660683632,0.13199999928474426,0.33320000767707825
YOR283W,YDR313C,0,-2.6040757,0.03809523954987526,0.13199999928474426,0.33329999446868896
YGR177C,YHR136C,0,-2.6042387,0.0380842462182045,0.13199999928474426,0.33340001106262207
YGL160W,YBR258C,0,-2.6045446,0.038073260337114334,0.13199999928474426,0.3334999978542328
YLR446W,YLR357W,0,-2.6046677,0.03806228190660477,0.13199999928474426,0.3336000144481659
YMR034C,YMR061W,0,-2.6049373,0.038051310926675797,0.13199999928474426,0.3337000012397766
YHR124W,YDL174C,0,-2.605271,0.03804034739732742,0.13199999928474426,0.33379998803138733
YJL157C,YGR218W,0,-2.605434,0.03802938759326935,0.13199999928474426,0.33390000462532043
YGR123C,YOL128C,0,-2.605811,0.03801843151450157,0.13199999928474426,0.33399999141693115
YCR077C,YLL051C,0,-2.6061177,0.03800748661160469,0.13199999928474426,0.33410000801086426
YER021W,YKL213C,1,-2.606387,0.03828439861536026,0.13300000131130219,0.33410000801086426
YNL339C,YPL085W,0,-2.6065364,0.03827338293194771,0.13300000131130219,0.334199994802475
YPR191W,YGL031C,0,-2.6066446,0.038262370973825455,0.13300000131130219,0.3343000113964081
YPL196W,YML066C,0,-2.606666,0.0382513664662838,0.13300000131130219,0.3343999981880188
YAL061W,YDR231C,0,-2.6067548,0.03824036940932274,0.13300000131130219,0.3345000147819519
YKL154W,YJL028W,0,-2.606839,0.03822937607765198,0.13300000131130219,0.3346000015735626
YBL074C,YOR003W,0,-2.6069322,0.03821839019656181,0.13300000131130219,0.33469998836517334
YGR109C,YGL257C,0,-2.606991,0.038207411766052246,0.13300000131130219,0.33480000495910645
YLR386W,YNL283C,0,-2.6071136,0.03819643706083298,0.13300000131130219,0.33489999175071716
YGR177C,YER174C,0,-2.6072645,0.038185473531484604,0.13300000131130219,0.33500000834465027
YOR187W,YNL210W,0,-2.607301,0.03817451372742653,0.13300000131130219,0.335099995136261
YNL115C,YNL213C,0,-2.6073544,0.03816355764865875,0.13300000131130219,0.3352000117301941
YHR032W,YGR154C,0,-2.6074023,0.03815260902047157,0.13300000131130219,0.3352999985218048
YOR230W,YGR277C,0,-2.6075318,0.03814166784286499,0.13300000131130219,0.3353999853134155
YGR090W,YPL160W,0,-2.6075811,0.038130734115839005,0.13300000131130219,0.33550000190734863
YNR015W,YNL244C,0,-2.608036,0.03811980411410332,0.13300000131130219,0.33559998869895935
YLR364W,YDR451C,0,-2.6087885,0.03810888156294823,0.13300000131130219,0.33570000529289246
YLR441C,YNL088W,0,-2.6092963,0.038097966462373734,0.13300000131130219,0.3357999920845032
YNL053W,YJL004C,0,-2.6093247,0.03808705508708954,0.13300000131130219,0.3359000086784363
YKL164C,YLR438C-A,0,-2.6093988,0.03807615116238594,0.13300000131130219,0.335999995470047
YDL191W,YBR200W,0,-2.6094153,0.03806525468826294,0.13300000131130219,0.3361000120639801
YOL109W,YMR269W,0,-2.609418,0.03805436193943024,0.13300000131130219,0.3361999988555908
YDL227C,YNL252C,0,-2.6094308,0.03804347664117813,0.13300000131130219,0.33629998564720154
YDL213C,YHR072W,0,-2.609772,0.03803259879350662,0.13300000131130219,0.33640000224113464
YHL047C,YML066C,0,-2.6099114,0.03802172839641571,0.13300000131130219,0.33649998903274536
YNR028W,YBR128C,0,-2.610602,0.0380108617246151,0.13300000131130219,0.33660000562667847
YLR224W,YML088W,1,-2.6110375,0.03828571364283562,0.1340000033378601,0.33660000562667847
YOR173W,YJL117W,0,-2.6111324,0.03827477991580963,0.1340000033378601,0.3366999924182892
YDR478W,YLR132C,0,-2.6112113,0.038263849914073944,0.1340000033378601,0.3368000090122223
YJL034W,YER021W,1,-2.6118257,0.03853839635848999,0.13500000536441803,0.3368000090122223
YDR358W,YMR184W,1,-2.612107,0.0388127863407135,0.13600000739097595,0.3368000090122223
YPR159W,YJL106W,0,-2.612421,0.038801711052656174,0.13600000739097595,0.336899995803833
YDR408C,YKR045C,0,-2.612463,0.03879064321517944,0.13600000739097595,0.3370000123977661
YOR188W,YGR148C,0,-2.612556,0.03877958282828331,0.13600000739097595,0.33709999918937683
YER020W,YFL044C,0,-2.6126044,0.03876852989196777,0.13600000739097595,0.33719998598098755
YBR083W,YDL164C,0,-2.613146,0.038757480680942535,0.13600000739097595,0.33730000257492065
YER151C,YGR124W,0,-2.613357,0.038746438920497894,0.13600000739097595,0.33739998936653137
YCL059C,YOR197W,0,-2.6135433,0.03873540461063385,0.13600000739097595,0.3375000059604645
YDL077C,YPR164W,0,-2.613647,0.038724374026060104,0.13600000739097595,0.3375999927520752
YCR093W,YLR274W,0,-2.6136804,0.038713350892066956,0.13600000739097595,0.3377000093460083
YGL135W,YBR204C,0,-2.6136994,0.038702335208654404,0.13600000739097595,0.337799996137619
YOL003C,YKL011C,0,-2.6137223,0.03869132325053215,0.13600000739097595,0.3379000127315521
YPL127C,YDR194C,0,-2.613801,0.038680318742990494,0.13600000739097595,0.33799999952316284
YKL091C,YAL017W,0,-2.6141653,0.038669321686029434,0.13600000739097595,0.33809998631477356
YHR062C,YOR175C,0,-2.6142564,0.03865832835435867,0.13600000739097595,0.33820000290870667
YCL008C,YKL022C,1,-2.614308,0.03893151506781578,0.13699999451637268,0.33820000290870667
YOL077C,YOR147W,0,-2.6143634,0.03892045468091965,0.13699999451637268,0.3382999897003174
YOR083W,YJR107W,0,-2.614532,0.03890940174460411,0.13699999451637268,0.3384000062942505
YOR373W,YMR217W,0,-2.6146107,0.03889835253357887,0.13699999451637268,0.3384999930858612
YPL187W,YBR145W,0,-2.6147082,0.03888731077313423,0.13699999451637268,0.3386000096797943
YPL104W,YMR190C,0,-2.6149104,0.03887627646327019,0.13699999451637268,0.33869999647140503
YKR013W,YOR073W,0,-2.616035,0.03886524960398674,0.13699999451637268,0.33880001306533813
YER001W,YLR107W,0,-2.6161103,0.03885422646999359,0.13699999451637268,0.33889999985694885
YBL022C,YIL084C,0,-2.6164238,0.03884321078658104,0.13699999451637268,0.33899998664855957
YOR096W,YDR484W,0,-2.6165743,0.038832198828458786,0.13699999451637268,0.3391000032424927
YAL044C,YPL003W,0,-2.6167083,0.03882119432091713,0.13699999451637268,0.3391999900341034
YMR176W,YNL126W,0,-2.6167192,0.03881019726395607,0.13699999451637268,0.3393000066280365
YEL002C,YDR465C,0,-2.617494,0.03879920765757561,0.13699999451637268,0.3393999934196472
YDR363W-A,YKL022C,1,-2.6176467,0.03907134756445885,0.1379999965429306,0.3393999934196472
YHR032W,YKR038C,0,-2.6181083,0.039060287177562714,0.1379999965429306,0.3395000100135803
YBR196C,YML075C,0,-2.6184204,0.03904923424124718,0.1379999965429306,0.33959999680519104
YFR036W,YBL084C,1,-2.6184354,0.03932107612490654,0.13899999856948853,0.33959999680519104
YOR133W,YLR110C,0,-2.6186454,0.03930995613336563,0.13899999856948853,0.33970001339912415
YJR137C,YGR238C,0,-2.6186776,0.03929883986711502,0.13899999856948853,0.33980000019073486
YHR010W,YBR092C,0,-2.618822,0.039287734776735306,0.13899999856948853,0.3398999869823456
YMR268C,YIR014W,0,-2.6193311,0.03927663341164589,0.13899999856948853,0.3400000035762787
YCL008C,YML088W,1,-2.6195085,0.03954802080988884,0.14000000059604645,0.3400000035762787
YMR020W,YBL028C,0,-2.6196816,0.03953685238957405,0.14000000059604645,0.3400999903678894
YCR040W,YJR125C,0,-2.6201444,0.03952569141983986,0.14000000059604645,0.3402000069618225
YOR373W,YJL157C,0,-2.6201563,0.039514534175395966,0.14000000059604645,0.3402999937534332
YOL088C,YCR088W,0,-2.6202703,0.03950338438153267,0.14000000059604645,0.34040001034736633
YLR205C,YDR138W,0,-2.6206002,0.03949224203824997,0.14000000059604645,0.34049999713897705
YCL008C,YER021W,1,-2.6208143,0.039763111621141434,0.14100000262260437,0.34049999713897705
YGL011C,YML088W,1,-2.6208854,0.04003383219242096,0.1420000046491623,0.34049999713897705
YAL039C,YJL085W,0,-2.6209207,0.04002254828810692,0.1420000046491623,0.34060001373291016
YDL205C,YML085C,0,-2.6209905,0.040011271834373474,0.1420000046491623,0.3407000005245209
YJL209W,YKL092C,0,-2.621215,0.03999999910593033,0.1420000046491623,0.3407999873161316
YPL149W,YHL018W,0,-2.6213775,0.03998873382806778,0.1420000046491623,0.3409000039100647
YOL127W,YNL092W,0,-2.6214318,0.03997747600078583,0.1420000046491623,0.3409999907016754
YPR167C,YDR113C,0,-2.6216328,0.03996622562408447,0.1420000046491623,0.3411000072956085
YCL026C-B,YDR195W,0,-2.6220572,0.039954978972673416,0.1420000046491623,0.34119999408721924
YPR107C,YMR004W,0,-2.622386,0.03994373977184296,0.1420000046491623,0.34130001068115234
YDR354W,YJR143C,0,-2.6225336,0.039932508021593094,0.1420000046491623,0.34139999747276306
YOL133W,YLR207W,1,-2.6226468,0.040202416479587555,0.14300000667572021,0.34139999747276306
YNL008C,YGL048C,1,-2.6229475,0.04047217592597008,0.14399999380111694,0.34139999747276306
YGR246C,YMR277W,0,-2.6232104,0.04046080261468887,0.14399999380111694,0.34150001406669617
YOL101C,YLR086W,0,-2.62331,0.040449436753988266,0.14399999380111694,0.3416000008583069
YGR070W,YBR059C,0,-2.6234622,0.040438078343868256,0.14399999380111694,0.3416999876499176
YDR496C,YDR082W,0,-2.6235943,0.04042672738432884,0.14399999380111694,0.3418000042438507
YPR042C,YGL128C,0,-2.6238263,0.04041538015007973,0.14399999380111694,0.3418999910354614
YJR053W,YJR032W,0,-2.6242244,0.04040404036641121,0.14399999380111694,0.34200000762939453
YDR184C,YGL224C,0,-2.624466,0.04039270803332329,0.14399999380111694,0.34209999442100525
YBR074W,YBR031W,0,-2.6250513,0.040381379425525665,0.14399999380111694,0.34220001101493835
YDR221W,YNL138W-A,0,-2.6256137,0.04037005826830864,0.14399999380111694,0.3422999978065491
YIR039C,YOR339C,0,-2.6257658,0.04035874456167221,0.14399999380111694,0.3424000144004822
YDL002C,YPL281C,0,-2.6265435,0.04034743458032608,0.14399999380111694,0.3425000011920929
YOL049W,YGL037C,0,-2.6267207,0.040336135774850845,0.14399999380111694,0.3425999879837036
YGR279C,YDR446W,0,-2.6268816,0.04032484069466591,0.14399999380111694,0.3427000045776367
YIL027C,YPR183W,0,-2.6275296,0.04031354933977127,0.14399999380111694,0.34279999136924744
YLR336C,YDL210W,0,-2.627562,0.04030226543545723,0.14399999380111694,0.34290000796318054
YDR206W,YGR108W,0,-2.6279545,0.040290988981723785,0.14399999380111694,0.34299999475479126
YJR161C,YMR211W,0,-2.6281404,0.04027971997857094,0.14399999380111694,0.34310001134872437
YGL232W,YLR448W,0,-2.6286678,0.04026845470070839,0.14399999380111694,0.3431999981403351
YBR160W,YER073W,0,-2.6290417,0.040257200598716736,0.14399999380111694,0.3433000147342682
YIL134W,YOR291W,0,-2.6291413,0.04024594649672508,0.14399999380111694,0.3434000015258789
YPL098C,YER001W,0,-2.629277,0.040234703570604324,0.14399999380111694,0.3434999883174896
YOR283W,YFL044C,0,-2.6293273,0.040223464369773865,0.14399999380111694,0.34360000491142273
YDR065W,YPR033C,0,-2.62961,0.040212232619524,0.14399999380111694,0.34369999170303345
YOL031C,YDR172W,0,-2.6298094,0.04020100459456444,0.14399999380111694,0.34380000829696655
YOR187W,YHR061C,0,-2.6301498,0.04018978402018547,0.14399999380111694,0.34389999508857727
YFL029C,YML042W,0,-2.6304197,0.0401785708963871,0.14399999380111694,0.3440000116825104
YOR396W,YLL050C,0,-2.6307921,0.04016736522316933,0.14399999380111694,0.3440999984741211
YHR004C,YIL125W,0,-2.6308053,0.04015616327524185,0.14399999380111694,0.3441999852657318
YLR386W,YML019W,0,-2.6309252,0.040144968777894974,0.14399999380111694,0.3443000018596649
YJR063W,YNL053W,0,-2.6314764,0.040133778005838394,0.14399999380111694,0.34439998865127563
YGL039W,YGL054C,0,-2.6317809,0.04012259840965271,0.14399999380111694,0.34450000524520874
YMR032W,YKL175W,0,-2.6321025,0.040111418813467026,0.14399999380111694,0.34459999203681946
YGR134W,YFL037W,0,-2.6321054,0.04010025039315224,0.14399999380111694,0.34470000863075256
YFL054C,YDR429C,0,-2.6324828,0.04008908569812775,0.14399999380111694,0.3447999954223633
YKR030W,YDR402C,0,-2.6330404,0.04007792845368385,0.14399999380111694,0.3449000120162964
YNL069C,YOL030W,0,-2.633282,0.04006677865982056,0.14399999380111694,0.3449999988079071
YOR344C,YDL110C,0,-2.6333542,0.04005563259124756,0.14399999380111694,0.3450999855995178
YDL121C,YDL120W,0,-2.6333556,0.04004449397325516,0.14399999380111694,0.3452000021934509
YJL008C,YLR107W,0,-2.6335096,0.04003336280584335,0.14399999380111694,0.34529998898506165
YHR017W,YHR171W,0,-2.6339464,0.04002223536372185,0.14399999380111694,0.34540000557899475
YLL036C,YDR306C,1,-2.6341128,0.04028896987438202,0.14499999582767487,0.34540000557899475
YFR004W,YBR280C,1,-2.6341207,0.04055555537343025,0.1459999978542328,0.34540000557899475
YOL044W,YKL148C,0,-2.6347127,0.040544293820858,0.1459999978542328,0.34549999237060547
YGL033W,YJL050W,0,-2.6347885,0.04053303599357605,0.1459999978542328,0.3456000089645386
YEL071W,YPL131W,0,-2.635089,0.040521785616874695,0.1459999978542328,0.3456999957561493
YMR087W,YER164W,0,-2.6353297,0.04051054269075394,0.1459999978542328,0.3458000123500824
YLR406C,YKR022C,0,-2.6357336,0.040499307215213776,0.1459999978542328,0.3458999991416931
YBR097W,YPL206C,0,-2.6357384,0.04048807546496391,0.1459999978542328,0.34599998593330383
YPR103W,YDR330W,1,-2.6358428,0.04075409099459648,0.1469999998807907,0.34599998593330383
YOR274W,YNR067C,0,-2.6358495,0.040742792189121246,0.1469999998807907,0.34610000252723694
YIL117C,YDR006C,0,-2.635971,0.04073150455951691,0.1469999998807907,0.34619998931884766
YNL202W,YMR092C,0,-2.6359766,0.040720220655202866,0.1469999998807907,0.34630000591278076
YKL176C,YJR016C,0,-2.6359982,0.04070894420146942,0.1469999998807907,0.3463999927043915
YLR378C,YDR058C,0,-2.6365228,0.040697675198316574,0.1469999998807907,0.3465000092983246
YDL212W,YNL257C,0,-2.6369581,0.040686409920454025,0.1469999998807907,0.3465999960899353
YKR020W,YKR001C,0,-2.6369855,0.04067515209317207,0.1469999998807907,0.3467000126838684
YHR168W,YNL092W,0,-2.637119,0.04066390171647072,0.1469999998807907,0.3467999994754791
YMR112C,YNL160W,0,-2.6377063,0.04065265506505966,0.1469999998807907,0.34689998626708984
YOR176W,YMR045C,0,-2.6377096,0.0406414158642292,0.1469999998807907,0.34700000286102295
YBR010W,YLR141W,0,-2.638537,0.04063018411397934,0.1469999998807907,0.34709998965263367
YPR137W,YBR056W,0,-2.6386402,0.040618956089019775,0.1469999998807907,0.3472000062465668
YOR130C,YPL037C,0,-2.6386514,0.04060773551464081,0.1469999998807907,0.3472999930381775
YDL121C,YJL164C,0,-2.6387122,0.04059651866555214,0.1469999998807907,0.3474000096321106
YER117W,YMR190C,0,-2.6388535,0.040585312992334366,0.1469999998807907,0.3474999964237213
YGR234W,YNL001W,0,-2.6391628,0.04057411104440689,0.1469999998807907,0.3476000130176544
YPL228W,YOR283W,0,-2.6392505,0.040562912821769714,0.1469999998807907,0.34769999980926514
YBR083W,YBL016W,0,-2.6393678,0.04055172577500343,0.1469999998807907,0.34779998660087585
YJL034W,YKR087C,1,-2.6393745,0.040816325694322586,0.14800000190734863,0.34779998660087585
YBR276C,YIL171W,0,-2.6397414,0.04080507159233093,0.14800000190734863,0.34790000319480896
YNL008C,YDR330W,1,-2.639747,0.04106945917010307,0.14900000393390656,0.34790000319480896
YNL113W,YKR103W,0,-2.6403193,0.041058141738176346,0.14900000393390656,0.3479999899864197
YPL194W,YBL003C,0,-2.6404848,0.041046831756830215,0.14900000393390656,0.3481000065803528
YOR301W,YGR158C,0,-2.6405106,0.04103552922606468,0.14900000393390656,0.3481999933719635
YER125W,YPL121C,0,-2.6406562,0.04102423042058945,0.14900000393390656,0.3483000099658966
YNL158W,YGR252W,0,-2.6411915,0.04101293534040451,0.14900000393390656,0.3483999967575073
YNL290W,YDR090C,0,-2.6416392,0.04100165143609047,0.14900000393390656,0.34850001335144043
YHL002W,YLR142W,0,-2.6417303,0.04099037125706673,0.14900000393390656,0.34860000014305115
YGR049W,YOL090W,0,-2.6418815,0.04097909852862358,0.14900000393390656,0.34869998693466187
YIL172C,YER035W,0,-2.6419358,0.040967829525470734,0.14900000393390656,0.34880000352859497
YOR298W,YDL040C,0,-2.6423836,0.04095656797289848,0.14900000393390656,0.3488999903202057
YLR205C,YKR024C,0,-2.6423862,0.04094531387090683,0.14900000393390656,0.3490000069141388
YDR330W,YLR025W,1,-2.642457,0.041208792477846146,0.15000000596046448,0.3490000069141388
YDL020C,YBR257W,0,-2.6424751,0.04119747504591942,0.15000000596046448,0.3490999937057495
YML088W,YPR181C,1,-2.6428976,0.04146073758602142,0.1509999930858612,0.3490999937057495
YER160C,YGR101W,0,-2.6429768,0.041449353098869324,0.1509999930858612,0.3492000102996826
YOL147C,YBL112C,0,-2.6430106,0.04143797978758812,0.1509999930858612,0.34929999709129333
YGL183C,YKL074C,0,-2.6431286,0.041426610201597214,0.1509999930858612,0.34940001368522644
YDR331W,YGL253W,0,-2.6433055,0.041415248066186905,0.1509999930858612,0.34950000047683716
YMR130W,YBR202W,0,-2.6434252,0.04140389338135719,0.1509999930858612,0.3495999872684479
YGL227W,YDL126C,1,-2.6436365,0.0416666679084301,0.15199999511241913,0.3495999872684479
YJR127C,YER075C,0,-2.643994,0.041655246168375015,0.15199999511241913,0.349700003862381
YPR163C,YDL059C,0,-2.6440506,0.041643835604190826,0.15199999511241913,0.3497999906539917
YDR088C,YHL024W,0,-2.6440601,0.041632428765296936,0.15199999511241913,0.3499000072479248
YHR124W,YDR195W,0,-2.6444278,0.04162102937698364,0.15199999511241913,0.3499999940395355
YHR032W,YBR129C,0,-2.6447225,0.041609637439250946,0.15199999511241913,0.35010001063346863
YMR289W,YNL112W,0,-2.644799,0.04159824922680855,0.15199999511241913,0.35019999742507935
YML060W,YNL309W,0,-2.6451526,0.04158686846494675,0.15199999511241913,0.35030001401901245
YLR157C,YOL019W,0,-2.6452408,0.041575491428375244,0.15199999511241913,0.35040000081062317
YHR160C,YDR492W,0,-2.645456,0.04156412184238434,0.15199999511241913,0.3504999876022339
YDR119W,YHR183W,0,-2.645526,0.04155275970697403,0.15199999511241913,0.350600004196167
YNL292W,YDL015C,0,-2.6457229,0.04154140502214432,0.15199999511241913,0.3506999909877777
YIR005W,YOR148C,0,-2.6458797,0.041530054062604904,0.15199999511241913,0.3508000075817108
YDR342C,YBR227C,0,-2.6458807,0.04151871055364609,0.15199999511241913,0.35089999437332153
YLR098C,YOR349W,0,-2.645911,0.04150737449526787,0.15199999511241913,0.35100001096725464
YHR206W,YKR080W,0,-2.645911,0.04149604216217995,0.15199999511241913,0.35109999775886536
YGR251W,YER058W,0,-2.6460438,0.04148471727967262,0.15199999511241913,0.35120001435279846
YOR130C,YOL158C,0,-2.6466148,0.0414733961224556,0.15199999511241913,0.3513000011444092
YIL095W,YPR026W,0,-2.6470172,0.04146208241581917,0.15199999511241913,0.3513999879360199
YLR016C,YML087C,0,-2.6471505,0.041450776159763336,0.15199999511241913,0.351500004529953
YGR220C,YBL030C,0,-2.647406,0.0414394773542881,0.15199999511241913,0.3515999913215637
YJL133W,YKL139W,0,-2.6479568,0.041428182274103165,0.15199999511241913,0.3517000079154968
YPL152W,YOL004W,0,-2.6481285,0.041416894644498825,0.15199999511241913,0.35179999470710754
YDL077C,YLR448W,0,-2.6482491,0.041405610740184784,0.15199999511241913,0.35190001130104065
YDL007W,YDL132W,1,-2.6482854,0.0416666679084301,0.15299999713897705,0.35190001130104065
YOR384W,YDR496C,0,-2.6485023,0.04165532439947128,0.15299999713897705,0.35199999809265137
YJL137C,YMR321C,0,-2.6485066,0.041643984615802765,0.15299999713897705,0.3521000146865845
YIL026C,YJL116C,0,-2.6485283,0.041632652282714844,0.15299999713897705,0.3522000014781952
YJL145W,YOR349W,0,-2.648706,0.04162132740020752,0.15299999713897705,0.3522999882698059
YCL008C,YBR082C,1,-2.6493387,0.04188196733593941,0.15399999916553497,0.3522999882698059
YGR049W,YGR084C,0,-2.6493647,0.04187058284878731,0.15399999916553497,0.352400004863739
YMR032W,YNR017W,0,-2.6496944,0.04185920208692551,0.15399999916553497,0.35249999165534973
YOL070C,YJR092W,0,-2.6503384,0.041847825050354004,0.15399999916553497,0.35260000824928284
YCR089W,YGR113W,0,-2.6503637,0.0418364591896534,0.15399999916553497,0.35269999504089355
YJL221C,YPR079W,0,-2.6504345,0.04182509332895279,0.15399999916553497,0.35280001163482666
YHR027C,YIR025W,1,-2.6510506,0.042085256427526474,0.1550000011920929,0.35280001163482666
YNL010W,YOR085W,0,-2.6512275,0.04207383096218109,0.1550000011920929,0.3528999984264374
YER170W,YGR052W,0,-2.651257,0.042062416672706604,0.1550000011920929,0.3529999852180481
YMR121C,YBL074C,0,-2.6512852,0.04205100238323212,0.1550000011920929,0.3531000018119812
YGR049W,YLR013W,0,-2.6514812,0.042039599269628525,0.1550000011920929,0.3531999886035919
YGL086W,YGR128C,0,-2.6516275,0.04202819988131523,0.1550000011920929,0.353300005197525
YPL240C,YNL098C,0,-2.6524632,0.042016807943582535,0.1550000011920929,0.35339999198913574
YDR363W-A,YBL058W,1,-2.6525075,0.042276423424482346,0.15600000321865082,0.35339999198913574
YFL045C,YJR097W,0,-2.6528876,0.042264968156814575,0.15600000321865082,0.35350000858306885
YOL068C,YNL126W,0,-2.6528962,0.0422535203397274,0.15600000321865082,0.35359999537467957
YJL048C,YML029W,1,-2.6533716,0.042512863874435425,0.15700000524520874,0.35359999537467957
YOR174W,YEL062W,0,-2.6534452,0.04250135272741318,0.15700000524520874,0.35370001196861267
YPL249C,YJL123C,0,-2.6537585,0.042489852756261826,0.15700000524520874,0.3537999987602234
YOR391C,YPL009C,0,-2.6542692,0.04247835651040077,0.15700000524520874,0.3538999855518341
YIL105C,YDL227C,0,-2.6543818,0.04246686398983002,0.15700000524520874,0.3540000021457672
YGL055W,YDR034C,0,-2.6544485,0.04245538264513016,0.15700000524520874,0.35409998893737793
YBL066C,YDL133C-A,0,-2.6545753,0.042443905025720596,0.15700000524520874,0.35420000553131104
YIL142W,YPL150W,0,-2.6550987,0.042432431131601334,0.15700000524520874,0.35429999232292175
YHL001W,YER185W,0,-2.6552258,0.042420968413352966,0.15700000524520874,0.35440000891685486
YHR067W,YNR016C,0,-2.6555886,0.0424095094203949,0.15700000524520874,0.3544999957084656
YGR152C,YPL242C,0,-2.6557033,0.04239805415272713,0.15700000524520874,0.3546000123023987
YMR099C,YHR089C,0,-2.6559286,0.04238661006093025,0.15700000524520874,0.3546999990940094
YDL133C-A,YDR410C,0,-2.6561565,0.042375169694423676,0.15700000524520874,0.3547999858856201
YLR306W,YER124C,0,-2.6563964,0.0423637330532074,0.15700000524520874,0.3549000024795532
YDR219C,YER021W,1,-2.65732,0.04262206703424454,0.15800000727176666,0.3549000024795532
YML005W,YGR086C,0,-2.6573486,0.042610570788383484,0.15800000727176666,0.35499998927116394
YML022W,YLL008W,0,-2.6574817,0.04259908199310303,0.15800000727176666,0.35510000586509705
YLL028W,YIR039C,0,-2.6574907,0.04258760064840317,0.15800000727176666,0.35519999265670776
YLR329W,YJL099W,0,-2.65759,0.042576126754283905,0.15800000727176666,0.35530000925064087
YOR301W,YLR008C,0,-2.6576552,0.04256465658545494,0.15800000727176666,0.3553999960422516
YAR014C,YDL222C,0,-2.6576986,0.042553190141916275,0.15800000727176666,0.3555000126361847
YPL082C,YIR013C,0,-2.6579995,0.042541734874248505,0.15800000727176666,0.3555999994277954
YOR216C,YBR241C,0,-2.658053,0.04253028333187103,0.15800000727176666,0.35569998621940613
YDR088C,YJR091C,0,-2.658376,0.04251883924007416,0.15800000727176666,0.35580000281333923
YNL248C,YLR418C,0,-2.6585112,0.04250739887356758,0.15800000727176666,0.35589998960494995
YIL103W,YNL259C,0,-2.658626,0.0424959659576416,0.15800000727176666,0.35600000619888306
YFL003C,YDR444W,0,-2.658719,0.04248454049229622,0.15800000727176666,0.3560999929904938
YBR200W,YOL002C,0,-2.6588988,0.042473118752241135,0.15800000727176666,0.3562000095844269
YJR016C,YLR081W,0,-2.658973,0.04246170446276665,0.15800000727176666,0.3562999963760376
YOR070C,YBR132C,0,-2.6592798,0.04245029389858246,0.15800000727176666,0.3564000129699707
YNL177C,YOR215C,0,-2.6600158,0.042438894510269165,0.15800000727176666,0.3564999997615814
YDR115W,YOR214C,0,-2.6603785,0.04242749884724617,0.15800000727176666,0.35659998655319214
YGR277C,YER074W,0,-2.6608272,0.042416106909513474,0.15800000727176666,0.35670000314712524
YFR055W,YIL108W,0,-2.6608286,0.042404722422361374,0.15800000727176666,0.35679998993873596
YDR495C,YDR184C,0,-2.661468,0.04239334538578987,0.15800000727176666,0.35690000653266907
YBR199W,YNL236W,0,-2.661579,0.042381975799798965,0.15800000727176666,0.3569999933242798
YIR010W,YGR240C,0,-2.6616557,0.04237060993909836,0.15800000727176666,0.3571000099182129
YNL302C,YPL086C,0,-2.6617324,0.04235924780368805,0.15800000727176666,0.3571999967098236
YJR144W,YPL230W,0,-2.662249,0.042347896844148636,0.15800000727176666,0.3573000133037567
YGR049W,YDL044C,0,-2.66226,0.04233654960989952,0.15800000727176666,0.35740000009536743
YOR304C-A,YJL099W,0,-2.6623769,0.042325206100940704,0.15800000727176666,0.35749998688697815
YHL020C,YCR026C,0,-2.6625004,0.04231387376785278,0.15800000727176666,0.35760000348091125
YPR189W,YOR326W,0,-2.662814,0.04230254516005516,0.15800000727176666,0.357699990272522
YPL082C,YPL256C,0,-2.663171,0.042291220277547836,0.15800000727176666,0.3578000068664551
YFR055W,YMR288W,0,-2.6636374,0.04227990284562111,0.15800000727176666,0.3578999936580658
YHR061C,YPL028W,0,-2.663994,0.04226859286427498,0.15800000727176666,0.3580000102519989
YDR263C,YNL261W,0,-2.6643398,0.04225728660821915,0.15800000727176666,0.3580999970436096
YNL293W,YNL335W,0,-2.6643653,0.04224598780274391,0.15800000727176666,0.3582000136375427
YJL034W,YMR314W,1,-2.6647367,0.04250200465321541,0.1589999943971634,0.3582000136375427
YNL309W,YNL210W,0,-2.664833,0.0424906462430954,0.1589999943971634,0.35830000042915344
YKL181W,YPL192C,0,-2.6649241,0.042479295283555984,0.1589999943971634,0.35839998722076416
YML029W,YDR054C,1,-2.665001,0.04273504391312599,0.1599999964237213,0.35839998722076416
YGR258C,YGR101W,0,-2.6651406,0.0427236333489418,0.1599999964237213,0.35850000381469727
YJR001W,YDR402C,0,-2.665572,0.04271222651004791,0.1599999964237213,0.358599990606308
YBL067C,YOL039W,0,-2.6656666,0.04270082712173462,0.1599999964237213,0.3587000072002411
YBR159W,YDL200C,0,-2.6658149,0.04268943518400192,0.1599999964237213,0.3587999939918518
YML113W,YMR013C,0,-2.6660671,0.042678046971559525,0.1599999964237213,0.3589000105857849
YLR164W,YDR020C,0,-2.6660724,0.04266666620969772,0.1599999964237213,0.35899999737739563
YGR047C,YER137C,0,-2.6661594,0.04265529289841652,0.1599999964237213,0.35910001397132874
YEL046C,YMR307W,0,-2.6662564,0.04264392331242561,0.1599999964237213,0.35920000076293945
YLR121C,YGL089C,0,-2.6665833,0.042632561177015305,0.1599999964237213,0.35929998755455017
YDL133C-A,YMR127C,0,-2.6670108,0.042621202766895294,0.1599999964237213,0.3594000041484833
YDR465C,YMR240C,0,-2.6678514,0.04260985180735588,0.1599999964237213,0.359499990940094
YAL013W,YIL010W,0,-2.66814,0.042598508298397064,0.1599999964237213,0.3596000075340271
YGL229C,YNL245C,0,-2.6681466,0.042587172240018845,0.1599999964237213,0.3596999943256378
YOR298W,YCR069W,0,-2.668496,0.04257583990693092,0.1599999964237213,0.3598000109195709
YIR025W,YNL064C,1,-2.6692674,0.04283054172992706,0.16099999845027924,0.3598000109195709
YDR107C,YDL014W,0,-2.669273,0.042819149792194366,0.16099999845027924,0.35989999771118164
YLR022C,YGL019W,0,-2.6695414,0.04280776530504227,0.16099999845027924,0.36000001430511475
YEL003W,YNL335W,0,-2.6697466,0.042796384543180466,0.16099999845027924,0.36010000109672546
YEL061C,YJL097W,0,-2.6699345,0.04278501123189926,0.16099999845027924,0.3601999878883362
YDR478W,YIL110W,0,-2.670195,0.042773645371198654,0.16099999845027924,0.3603000044822693
YFR052W,YGL017W,1,-2.6702342,0.04302788898348808,0.16200000047683716,0.3603000044822693
YJL034W,YOL133W,1,-2.670344,0.04328199848532677,0.16300000250339508,0.3603000044822693
YKR020W,YNL307C,0,-2.6705136,0.04327050596475601,0.16300000250339508,0.36039999127388
YEL054C,YGR037C,0,-2.670708,0.04325902462005615,0.16300000250339508,0.3605000078678131
YPL064C,YMR164C,0,-2.6707757,0.04324754700064659,0.16300000250339508,0.36059999465942383
YGR209C,YLR148W,0,-2.6712232,0.04323607310652733,0.16300000250339508,0.36070001125335693
YDL025C,YNL220W,0,-2.6716032,0.04322461038827896,0.16300000250339508,0.36079999804496765
YBR152W,YOL086C,0,-2.6718206,0.043213147670030594,0.16300000250339508,0.36090001463890076
YLL043W,YDL188C,0,-2.6721144,0.04320169612765312,0.16300000250339508,0.3610000014305115
YHR216W,YJR161C,0,-2.672174,0.04319024831056595,0.16300000250339508,0.3610999882221222
YOR284W,YGL137W,0,-2.6721807,0.04317880794405937,0.16300000250339508,0.3612000048160553
YDR402C,YMR263W,0,-2.6722102,0.043167371302843094,0.16300000250339508,0.361299991607666
YDL180W,YOL041C,0,-2.6725125,0.04315594211220741,0.16300000250339508,0.3614000082015991
YOR187W,YPL096C-A,0,-2.6725307,0.04314452037215233,0.16300000250339508,0.36149999499320984
YDR207C,YGR026W,0,-2.6726675,0.04313310235738754,0.16300000250339508,0.36160001158714294
YKR002W,YPR167C,0,-2.6727023,0.043121691793203354,0.16300000250339508,0.36169999837875366
YHR042W,YOL149W,0,-2.6733541,0.04311028867959976,0.16300000250339508,0.3617999851703644
YOR178C,YDR014W,0,-2.6734233,0.04309888929128647,0.16300000250339508,0.3619000017642975
YDR425W,YPL118W,0,-2.673513,0.04308749735355377,0.16300000250339508,0.3619999885559082
YAL016W,YKL035W,0,-2.6738663,0.043076109141111374,0.16300000250339508,0.3621000051498413
YDL122W,YHR215W,0,-2.6740518,0.04306472837924957,0.16300000250339508,0.362199991941452
YGL062W,YDR134C,0,-2.6742399,0.04305335506796837,0.16300000250339508,0.36230000853538513
YNL244C,YNR027W,0,-2.674475,0.04304198548197746,0.16300000250339508,0.36239999532699585
YKL180W,YKL090W,0,-2.674649,0.043030623346567154,0.16300000250339508,0.36250001192092896
YJR064W,YOR206W,0,-2.6746578,0.043019264936447144,0.16300000250339508,0.3625999987125397
YPR168W,YKR003W,0,-2.675026,0.04300791397690773,0.16300000250339508,0.3626999855041504
YPL104W,YGR059W,0,-2.6751018,0.042996570467948914,0.16300000250339508,0.3628000020980835
YLL045C,YNL112W,0,-2.6753953,0.042985230684280396,0.16300000250339508,0.3628999888896942
YDL216C,YOR180C,0,-2.6756372,0.042973898351192474,0.16300000250339508,0.3630000054836273
YLR381W,YNL160W,0,-2.6758847,0.04296257346868515,0.16300000250339508,0.36309999227523804
YOL151W,YLR340W,0,-2.6758885,0.042951252311468124,0.16300000250339508,0.36320000886917114
YHL001W,YOR145C,0,-2.6760674,0.042939938604831696,0.16300000250339508,0.36329999566078186
YJL148W,YGR238C,0,-2.6763313,0.042928628623485565,0.16300000250339508,0.36340001225471497
YKL165C,YKR019C,0,-2.676452,0.04291732609272003,0.16300000250339508,0.3634999990463257
YER119C,YOR202W,0,-2.6768763,0.0429060272872448,0.16300000250339508,0.3635999858379364
YDL138W,YNL327W,0,-2.6769056,0.04289473593235016,0.16300000250339508,0.3637000024318695
YCR020C,YDR456W,0,-2.6769872,0.04288345202803612,0.16300000250339508,0.3637999892234802
YNL008C,YBL041W,1,-2.6771107,0.04313519224524498,0.164000004529953,0.3637999892234802
YDR262W,YJL200C,0,-2.6775203,0.04312384873628616,0.164000004529953,0.36390000581741333
YOR204W,YIL129C,0,-2.677823,0.043112512677907944,0.164000004529953,0.36399999260902405
YHR209W,YLR459W,0,-2.678113,0.04310118407011032,0.164000004529953,0.36410000920295715
YNL326C,YIR034C,0,-2.6781194,0.043089859187603,0.164000004529953,0.36419999599456787
YOL039W,YCR094W,0,-2.678154,0.04307853803038597,0.164000004529953,0.364300012588501
YJL080C,YHR184W,0,-2.678347,0.04306722804903984,0.164000004529953,0.3643999993801117
YER185W,YJR040W,0,-2.6787462,0.04305592179298401,0.164000004529953,0.3644999861717224
YOL057W,YDR074W,0,-2.6787462,0.043044619262218475,0.164000004529953,0.3646000027656555
YOL017W,YMR312W,0,-2.6789083,0.04303332418203354,0.164000004529953,0.36469998955726624
YDL192W,YGL185C,0,-2.679068,0.0430220365524292,0.164000004529953,0.36480000615119934
YBL009W,YJL117W,0,-2.6795886,0.04301075264811516,0.164000004529953,0.36489999294281006
YOR228C,YJL121C,0,-2.6797795,0.042999476194381714,0.164000004529953,0.36500000953674316
YLR098C,YCR048W,0,-2.6798234,0.04298820346593857,0.164000004529953,0.3650999963283539
YJL141C,YIL124W,0,-2.6798606,0.04297693818807602,0.164000004529953,0.365200012922287
YMR142C,YDR389W,0,-2.6800408,0.04296568036079407,0.164000004529953,0.3652999997138977
YPR021C,YIL065C,0,-2.6801112,0.042954426258802414,0.164000004529953,0.3653999865055084
YBR019C,YGR280C,0,-2.6801167,0.04294317960739136,0.164000004529953,0.36550000309944153
YKL161C,YHR017W,0,-2.680468,0.0429319366812706,0.164000004529953,0.36559998989105225
YCR057C,YIL171W,0,-2.6809683,0.04292070120573044,0.164000004529953,0.36570000648498535
YLR158C,YNL274C,0,-2.6814349,0.042909473180770874,0.164000004529953,0.36579999327659607
YKR050W,YPR192W,0,-2.6814353,0.04289824888110161,0.164000004529953,0.3659000098705292
YOL156W,YHR030C,0,-2.6816578,0.04288702830672264,0.164000004529953,0.3659999966621399
YMR251W-A,YMR168C,0,-2.6817522,0.04287581518292427,0.164000004529953,0.366100013256073
YGR171C,YLR359W,0,-2.6818748,0.0428646095097065,0.164000004529953,0.3662000000476837
YDR519W,YLR107W,0,-2.6818914,0.04285341128706932,0.164000004529953,0.36629998683929443
YOR178C,YIL066C,0,-2.6818948,0.04284221678972244,0.164000004529953,0.36640000343322754
YDR400W,YDR131C,1,-2.6819599,0.043092191219329834,0.16500000655651093,0.36640000343322754
YOL108C,YOR347C,0,-2.6820009,0.04308094084262848,0.16500000655651093,0.36649999022483826
YPL017C,YML114C,0,-2.6820722,0.04306969419121742,0.16500000655651093,0.36660000681877136
YOR084W,YNR075W,0,-2.682376,0.04305845499038696,0.16500000655651093,0.3666999936103821
YMR099C,YML066C,0,-2.6824408,0.0430472232401371,0.16500000655651093,0.3668000102043152
YNL085W,YER175C,0,-2.6829085,0.043035995215177536,0.16500000655651093,0.3668999969959259
YEL052W,YOR251C,0,-2.6831954,0.04302477091550827,0.16500000655651093,0.367000013589859
YDR358W,YML029W,1,-2.683402,0.04327424243092537,0.16599999368190765,0.367000013589859
YHR166C,YDL132W,1,-2.6834257,0.04352358728647232,0.16699999570846558,0.367000013589859
YGR058W,YNL223W,0,-2.6838062,0.0435122475028038,0.16699999570846558,0.3671000003814697
YGL017W,YDL126C,1,-2.6838217,0.043761394917964935,0.1679999977350235,0.3671000003814697
YNR010W,YFR055W,0,-2.6841497,0.04374999925494194,0.1679999977350235,0.36719998717308044
YBR172C,YBR204C,0,-2.684684,0.04373861104249954,0.1679999977350235,0.36730000376701355
YDR202C,YLL040C,0,-2.6848798,0.04372722655534744,0.1679999977350235,0.36739999055862427
YJL184W,YDR239C,0,-2.6848915,0.04371584579348564,0.1679999977350235,0.3675000071525574
YBR002C,YOR317W,0,-2.6848993,0.043704476207494736,0.1679999977350235,0.3675999939441681
YDR018C,YIL131C,0,-2.6859183,0.04369310662150383,0.1679999977350235,0.3677000105381012
YKR009C,YBL003C,0,-2.6859615,0.04368174821138382,0.1679999977350235,0.3677999973297119
YOR196C,YNL006W,0,-2.6862266,0.04367039352655411,0.1679999977350235,0.367900013923645
YBR019C,YKL127W,0,-2.6863346,0.043659042567014694,0.1679999977350235,0.36800000071525574
YLR160C,YDL179W,0,-2.686651,0.04364769905805588,0.1679999977350235,0.36809998750686646
YLR187W,YPR164W,0,-2.68668,0.04363636299967766,0.1679999977350235,0.36820000410079956
YML073C,YMR241W,0,-2.6867497,0.04362503066658974,0.1679999977350235,0.3682999908924103
YGR255C,YDR479C,0,-2.6869617,0.04361370578408241,0.1679999977350235,0.3684000074863434
YLR327C,YJR147W,0,-2.687088,0.043602388352155685,0.1679999977350235,0.3684999942779541
YCL036W,YDL165W,0,-2.6872602,0.04359107464551926,0.1679999977350235,0.3686000108718872
YKL212W,YBR092C,0,-2.687466,0.043579768389463425,0.1679999977350235,0.3686999976634979
YGR084C,YGL226C-A,0,-2.6876154,0.04356846585869789,0.1679999977350235,0.36880001425743103
YCL036W,YIL109C,0,-2.687782,0.043557167053222656,0.1679999977350235,0.36890000104904175
YDR262W,YML052W,0,-2.6879969,0.04354587942361832,0.1679999977350235,0.36899998784065247
YPL051W,YDR228C,0,-2.6882071,0.043534595519304276,0.1679999977350235,0.36910000443458557
YHR091C,YPL111W,0,-2.6882186,0.04352331534028053,0.1679999977350235,0.3691999912261963
YLR119W,YOL038W,1,-2.688225,0.04377104341983795,0.16899999976158142,0.3691999912261963
YGR128C,YPL085W,0,-2.6884778,0.04375971108675003,0.16899999976158142,0.3693000078201294
YOL092W,YKL035W,0,-2.6892333,0.04374838247895241,0.16899999976158142,0.3693999946117401
YGR034W,YCR034W,0,-2.6895633,0.04373706132173538,0.16899999976158142,0.3695000112056732
YLR385C,YNL052W,0,-2.689791,0.043725743889808655,0.16899999976158142,0.36959999799728394
YPR189W,YEL011W,0,-2.6898193,0.043714433908462524,0.16899999976158142,0.36970001459121704
YHR121W,YGL001C,0,-2.69004,0.04370312765240669,0.16899999976158142,0.36980000138282776
YJL200C,YLR157C,0,-2.6901827,0.04369182884693146,0.16899999976158142,0.3698999881744385
YAL017W,YCR054C,0,-2.6904006,0.04368053749203682,0.16899999976158142,0.3700000047683716
YKL203C,YMR011W,0,-2.6905515,0.04366924986243248,0.16899999976158142,0.3700999915599823
YKR101W,YHR174W,0,-2.6907175,0.04365796968340874,0.16899999976158142,0.3702000081539154
YNL302C,YNL270C,0,-2.6907797,0.04364669322967529,0.16899999976158142,0.3702999949455261
YOR228C,YNL026W,0,-2.6910472,0.043635424226522446,0.16899999976158142,0.37040001153945923
YLR145W,YDL180W,0,-2.691556,0.043624162673950195,0.16899999976158142,0.37049999833106995
YJR135W-A,YIL010W,0,-2.6917005,0.04361290484666824,0.16899999976158142,0.37059998512268066
YAR015W,YBR129C,0,-2.691747,0.04360165074467659,0.16899999976158142,0.37070000171661377
YPL183W-A,YJL076W,0,-2.6918745,0.04359040409326553,0.16899999976158142,0.3707999885082245
YLR117C,YGR218W,0,-2.6919317,0.043579164892435074,0.16899999976158142,0.3709000051021576
YCL008C,YDL190C,1,-2.6925955,0.043825726956129074,0.17000000178813934,0.3709000051021576
YGL086W,YEL020C,0,-2.6927874,0.04381443187594414,0.17000000178813934,0.3709999918937683
YBR276C,YCR088W,0,-2.6928115,0.0438031442463398,0.17000000178813934,0.3711000084877014
YDR476C,YEL031W,0,-2.6929297,0.04379186034202576,0.17000000178813934,0.37119999527931213
YKL174C,YPL217C,0,-2.693087,0.043780580163002014,0.17000000178813934,0.37130001187324524
YLR158C,YDL197C,0,-2.6930923,0.04376931115984917,0.17000000178813934,0.37139999866485596
YLL041C,YAL017W,0,-2.693173,0.04375804215669632,0.17000000178813934,0.3714999854564667
YNL026W,YDL075W,0,-2.6931884,0.04374678432941437,0.17000000178813934,0.3716000020503998
YNL106C,YLR448W,0,-2.6932275,0.043735530227422714,0.17000000178813934,0.3716999888420105
YLR142W,YDR503C,0,-2.6936526,0.04372427985072136,0.17000000178813934,0.3718000054359436
YDL164C,YKR013W,0,-2.6936913,0.0437130369246006,0.17000000178813934,0.3718999922275543
YOR348C,YNR007C,0,-2.6940303,0.04370179772377014,0.17000000178813934,0.3720000088214874
YJR158W,YHR147C,0,-2.6940694,0.04369056969881058,0.17000000178813934,0.37209999561309814
YMR309C,YMR218C,0,-2.6940818,0.04367934167385101,0.17000000178813934,0.37220001220703125
YMR146C,YDR210W,0,-2.69437,0.043668121099472046,0.17000000178813934,0.37229999899864197
YML030W,YBR267W,0,-2.6944685,0.043656907975673676,0.17000000178813934,0.3723999857902527
YER099C,YCR092C,0,-2.694552,0.043645698577165604,0.17000000178813934,0.3725000023841858
YER111C,YJL053W,0,-2.6947627,0.04363449662923813,0.17000000178813934,0.3725999891757965
YPR054W,YML040W,0,-2.6947885,0.04362329840660095,0.17000000178813934,0.3727000057697296
YDL104C,YGR209C,0,-2.6949697,0.04361210763454437,0.17000000178813934,0.37279999256134033
YLL039C,YCR042C,0,-2.6951299,0.04360092431306839,0.17000000178813934,0.37290000915527344
YJL148W,YOR148C,0,-2.6952424,0.043589744716882706,0.17000000178813934,0.37299999594688416
YGR172C,YPR035W,0,-2.6954668,0.04357856884598732,0.17000000178813934,0.37310001254081726
YDR302W,YLR051C,0,-2.695543,0.04356740042567253,0.17000000178813934,0.373199999332428
YDR285W,YOL060C,0,-2.6959133,0.04355623945593834,0.17000000178813934,0.3732999861240387
YBR210W,YOL080C,0,-2.6961277,0.043545082211494446,0.17000000178813934,0.3734000027179718
YHR062C,YJL209W,0,-2.696282,0.04353393241763115,0.17000000178813934,0.3734999895095825
YPL196W,YFR003C,0,-2.6963398,0.04352278634905815,0.17000000178813934,0.3736000061035156
YDR447C,YLR226W,0,-2.696358,0.04351164400577545,0.17000000178813934,0.37369999289512634
YCR047C,YDR214W,0,-2.6965337,0.04350051283836365,0.17000000178813934,0.37380000948905945
YER151C,YDL246C,0,-2.696609,0.04348938167095184,0.17000000178813934,0.37389999628067017
YDL121C,YNR044W,0,-2.697079,0.043478261679410934,0.17000000178813934,0.37400001287460327
YIL109C,YLR003C,0,-2.6974387,0.043467145413160324,0.17000000178813934,0.374099999666214
YNL135C,YBR104W,0,-2.6981006,0.04345603287220001,0.17000000178813934,0.3741999864578247
YJL024C,YDR346C,0,-2.698211,0.0434449277818203,0.17000000178813934,0.3743000030517578
YJR014W,YML043C,0,-2.6985643,0.04343382641673088,0.17000000178813934,0.37439998984336853
YGL225W,YLR081W,0,-2.6985667,0.04342273250222206,0.17000000178813934,0.37450000643730164
YGR118W,YNL312W,0,-2.6989002,0.04341164603829384,0.17000000178813934,0.37459999322891235
YPL019C,YLR155C,0,-2.699082,0.043400563299655914,0.17000000178813934,0.37470000982284546
YDR358W,YMR067C,1,-2.6994233,0.04364471510052681,0.17100000381469727,0.37470000982284546
YLR158C,YCR088W,0,-2.6994343,0.04363358020782471,0.17100000381469727,0.3747999966144562
YDR358W,YIL046W,1,-2.6995797,0.04387754946947098,0.1720000058412552,0.3747999966144562
YJL103C,YCL032W,0,-2.7000656,0.0438663624227047,0.1720000058412552,0.3749000132083893
YNL220W,YDL101C,0,-2.700696,0.043855175375938416,0.1720000058412552,0.375
YKL221W,YMR278W,0,-2.700791,0.04384399577975273,0.1720000058412552,0.3750999867916107
YDL097C,YBL084C,1,-2.7008812,0.044087667018175125,0.17299999296665192,0.3750999867916107
YDR523C,YDR364C,0,-2.7009888,0.044076431542634964,0.17299999296665192,0.3752000033855438
YBR074W,YLR106C,0,-2.7010665,0.0440652072429657,0.17299999296665192,0.37529999017715454
YOL067C,YDR444W,0,-2.701271,0.04405398666858673,0.17299999296665192,0.37540000677108765
YJL033W,YGL178W,0,-2.7013607,0.04404276981949806,0.17299999296665192,0.37549999356269836
YMR239C,YJR063W,0,-2.7013624,0.04403156042098999,0.17299999296665192,0.37560001015663147
YMR250W,YGL083W,0,-2.701458,0.04402035474777222,0.17299999296665192,0.3756999969482422
YKL010C,YLR045C,0,-2.7022421,0.04400915652513504,0.17299999296665192,0.3758000135421753
YJR063W,YDL136W,0,-2.702354,0.04399796575307846,0.17299999296665192,0.375900000333786
YBR123C,YJR147W,0,-2.7025828,0.04398677870631218,0.17299999296665192,0.37599998712539673
YNL044W,YGR295C,0,-2.7033367,0.043975599110126495,0.17299999296665192,0.37610000371932983
YLL011W,YCL018W,0,-2.703566,0.04396442323923111,0.17299999296665192,0.37619999051094055
YCL018W,YML075C,0,-2.7036963,0.04395325109362602,0.17299999296665192,0.37630000710487366
YLR157C,YGL097W,0,-2.703755,0.04394208639860153,0.17299999296665192,0.3763999938964844
YKL124W,YKL152C,0,-2.7037907,0.04393092915415764,0.17299999296665192,0.3765000104904175
YKL164C,YFL008W,0,-2.7039146,0.043919775635004044,0.17299999296665192,0.3765999972820282
YOR270C,YOR297C,0,-2.7040691,0.043908629566431046,0.17299999296665192,0.3767000138759613
YOR133W,YJL081C,0,-2.7043319,0.043897487223148346,0.17299999296665192,0.376800000667572
YER011W,YKL119C,0,-2.704513,0.04388635233044624,0.17299999296665192,0.37689998745918274
YHR018C,YGL099W,0,-2.7047508,0.04387522116303444,0.17299999296665192,0.37700000405311584
YIL027C,YDR109C,0,-2.7048771,0.04386409744620323,0.17299999296665192,0.37709999084472656
YER106W,YPL217C,0,-2.7049675,0.04385297745466232,0.17299999296665192,0.37720000743865967
YKR026C,YER171W,0,-2.705206,0.04384186491370201,0.17299999296665192,0.3772999942302704
YLR376C,YNR067C,0,-2.70538,0.043830756098032,0.17299999296665192,0.3774000108242035
YOR310C,YLR153C,0,-2.7055418,0.04381965473294258,0.17299999296665192,0.3774999976158142
YGR288W,YKL193C,0,-2.7059774,0.04380856081843376,0.17299999296665192,0.3776000142097473
YDR479C,YDR214W,0,-2.7060633,0.04379746690392494,0.17299999296665192,0.37770000100135803
YLL061W,YOR351C,0,-2.7065268,0.04378638416528702,0.17299999296665192,0.37779998779296875
YGR288W,YGR132C,0,-2.7065442,0.04377530515193939,0.17299999296665192,0.37790000438690186
YCR054C,YDR093W,0,-2.7065458,0.043764229863882065,0.17299999296665192,0.3779999911785126
YGL029W,YCL069W,0,-2.7068796,0.043753162026405334,0.17299999296665192,0.3781000077724457
YKL095W,YMR297W,0,-2.707731,0.0437420979142189,0.17299999296665192,0.3781999945640564
YDR128W,YLR336C,0,-2.7080803,0.04373104125261307,0.17299999296665192,0.3783000111579895
YAL024C,YDL095W,0,-2.708177,0.04371998831629753,0.17299999296665192,0.3783999979496002
YDR393W,YOR208W,0,-2.7083607,0.04370894283056259,0.17299999296665192,0.3785000145435333
YML014W,YIL131C,0,-2.708405,0.04369790479540825,0.17299999296665192,0.37860000133514404
YJL048C,YKR087C,1,-2.7086542,0.043939393013715744,0.17399999499320984,0.37860000133514404
YLR158C,YDL142C,0,-2.7087288,0.043928299099206924,0.17399999499320984,0.37869998812675476
YHR215W,YJR134C,0,-2.7087462,0.0439172126352787,0.17399999499320984,0.37880000472068787
YPR187W,YHR143W,0,-2.7089224,0.04390612989664078,0.17399999499320984,0.3788999915122986
YDR302W,YDL055C,0,-2.7090206,0.04389505460858345,0.17399999499320984,0.3790000081062317
YMR093W,YOR128C,0,-2.7093039,0.04388398304581642,0.17399999499320984,0.3790999948978424
YML030W,YJR002W,0,-2.7094622,0.04387291893362999,0.17399999499320984,0.3792000114917755
YNL272C,YGR108W,0,-2.7095034,0.043861858546733856,0.17399999499320984,0.37929999828338623
YHR152W,YDR180W,0,-2.7096944,0.04385080561041832,0.17399999499320984,0.37940001487731934
YNL178W,YKL100C,0,-2.7100258,0.04383975639939308,0.17399999499320984,0.37950000166893005
YLR340W,YGR033C,0,-2.7102191,0.04382871463894844,0.17399999499320984,0.37959998846054077
YHR215W,YML046W,0,-2.7103963,0.0438176766037941,0.17399999499320984,0.3797000050544739
YHR200W,YOL013C,1,-2.710455,0.044058408588171005,0.17499999701976776,0.3797000050544739
YGR249W,YGL009C,0,-2.7111273,0.044047318398952484,0.17499999701976776,0.3797999918460846
YLR251W,YPL214C,0,-2.7111313,0.04403623566031456,0.17499999701976776,0.3799000084400177
YDR236C,YIL066C,0,-2.7115893,0.044025156646966934,0.17499999701976776,0.3799999952316284
YIR034C,YMR179W,0,-2.7124953,0.044014085084199905,0.17499999701976776,0.3801000118255615
YNL299W,YBL092W,0,-2.71255,0.044003017246723175,0.17499999701976776,0.38019999861717224
YLR216C,YDR334W,0,-2.7125673,0.04399195685982704,0.17499999701976776,0.38029998540878296
YLR119W,YOR362C,1,-2.7127366,0.04423221945762634,0.17599999904632568,0.38029998540878296
YKL092C,YJR077C,0,-2.7128062,0.04422110691666603,0.17599999904632568,0.38040000200271606
YEL056W,YNL297C,0,-2.7132127,0.04420999810099602,0.17599999904632568,0.3804999887943268
YER021W,YIL046W,1,-2.7132578,0.044450026005506516,0.1770000010728836,0.3804999887943268
YOR231W,YJL109C,0,-2.7134876,0.044438865035772324,0.1770000010728836,0.3806000053882599
YIL066C,YKL049C,0,-2.713653,0.04442771151661873,0.1770000010728836,0.3806999921798706
YBL074C,YPL211W,0,-2.7136946,0.04441656172275543,0.1770000010728836,0.3808000087738037
YML006C,YJL158C,0,-2.7137084,0.04440541937947273,0.1770000010728836,0.38089999556541443
YJL030W,YMR106C,0,-2.7142663,0.04439428076148033,0.1770000010728836,0.38100001215934753
YKL096W,YLL045C,0,-2.7144241,0.04438314959406853,0.1770000010728836,0.38109999895095825
YGR255C,YDR096W,0,-2.7148252,0.04437202215194702,0.1770000010728836,0.38119998574256897
YPR163C,YGL186C,0,-2.715186,0.04436090216040611,0.1770000010728836,0.3813000023365021
YGR077C,YLR312W-A,0,-2.7153933,0.0443497858941555,0.1770000010728836,0.3813999891281128
YDR279W,YDR130C,0,-2.7154372,0.04433867707848549,0.1770000010728836,0.3815000057220459
YBL091C-A,YGR155W,0,-2.7155607,0.044327571988105774,0.1770000010728836,0.3815999925136566
YGL079W,YHR003C,0,-2.7158203,0.044316474348306656,0.1770000010728836,0.3817000091075897
YKR059W,YDR067C,0,-2.7161646,0.044305380433797836,0.1770000010728836,0.38179999589920044
YER068W,YGR065C,0,-2.7162,0.044294293969869614,0.1770000010728836,0.38190001249313354
YJL148W,YIR015W,0,-2.7162795,0.04428321123123169,0.1770000010728836,0.38199999928474426
YER171W,YHR183W,0,-2.7164166,0.04427213594317436,0.1770000010728836,0.382099986076355
YNL008C,YLR380W,1,-2.7170892,0.04451112821698189,0.17800000309944153,0.382099986076355
YER099C,YPL186C,0,-2.7170904,0.04450000077486038,0.17800000309944153,0.3822000026702881
YNL271C,YJL157C,0,-2.7178464,0.044488877058029175,0.17800000309944153,0.3822999894618988
YKL067W,YDR452W,0,-2.7179074,0.044477760791778564,0.17800000309944153,0.3824000060558319
YML112W,YHR005C-A,0,-2.7182739,0.04446664825081825,0.17800000309944153,0.3824999928474426
YEL029C,YLR084C,0,-2.7183375,0.04445554316043854,0.17800000309944153,0.38260000944137573
YDR297W,YPR065W,0,-2.7186184,0.04444444552063942,0.17800000309944153,0.38269999623298645
YHR067W,YPL012W,0,-2.7187872,0.0444333516061306,0.17800000309944153,0.38280001282691956
YNR054C,YLR307W,0,-2.7190142,0.04442226141691208,0.17800000309944153,0.3828999996185303
YKR042W,YOR077W,0,-2.7192566,0.044411178678274155,0.17800000309944153,0.382999986410141
YBL106C,YBR237W,0,-2.719296,0.04440009966492653,0.17800000309944153,0.3831000030040741
YGR144W,YOL077W-A,0,-2.7195296,0.0443890281021595,0.17800000309944153,0.3831999897956848
YOR275C,YLR024C,0,-2.7206016,0.04437796026468277,0.17800000309944153,0.3833000063896179
YDL174C,YML109W,0,-2.7206264,0.044366899877786636,0.17800000309944153,0.38339999318122864
YDR263C,YJR077C,0,-2.7207832,0.0443558432161808,0.17800000309944153,0.38350000977516174
YOR028C,YAL039C,0,-2.72095,0.04434479400515556,0.17800000309944153,0.38359999656677246
YPL059W,YPL121C,0,-2.7209592,0.044333748519420624,0.17800000309944153,0.38370001316070557
YCR020W-B,YMR068W,0,-2.721126,0.04432271048426628,0.17800000309944153,0.3837999999523163
YMR210W,YJL104W,0,-2.7211473,0.04431167617440224,0.17800000309944153,0.383899986743927
YKL152C,YBR061C,0,-2.7213252,0.04430064558982849,0.17800000309944153,0.3840000033378601
YPR135W,YBR098W,0,-2.721333,0.04428962245583534,0.17800000309944153,0.3840999901294708
YGL256W,YPL265W,0,-2.7216601,0.04427860677242279,0.17800000309944153,0.38420000672340393
YNL258C,YKL021C,0,-2.721722,0.04426759481430054,0.17800000309944153,0.38429999351501465
YMR067C,YBR273C,1,-2.7217836,0.04450521990656853,0.17900000512599945,0.38429999351501465
YNL336W,YNL264C,0,-2.7219138,0.044494159519672394,0.17900000512599945,0.38440001010894775
YGL205W,YPR156C,0,-2.722034,0.04448310285806656,0.17900000512599945,0.38449999690055847
YPL095C,YJL209W,0,-2.7221584,0.04447204992175102,0.17900000512599945,0.3846000134944916
YLR099C,YKL024C,0,-2.7224908,0.04446100443601608,0.17900000512599945,0.3847000002861023
YOR211C,YPL220W,0,-2.722539,0.04444996267557144,0.17900000512599945,0.384799987077713
YNL032W,YHR164C,0,-2.7225723,0.0444389283657074,0.17900000512599945,0.3849000036716461
YGR249W,YDR147W,0,-2.722773,0.04442789778113365,0.17900000512599945,0.38499999046325684
YGR223C,YNR044W,0,-2.7227843,0.0444168746471405,0.17900000512599945,0.38510000705718994
YJR001W,YOL077C,0,-2.7229352,0.04440585523843765,0.17900000512599945,0.38519999384880066
YIL158W,YOR317W,0,-2.7231324,0.0443948395550251,0.17900000512599945,0.38530001044273376
YCL055W,YGL123W,0,-2.7233171,0.044383835047483444,0.17900000512599945,0.3853999972343445
YJR097W,YDL165W,0,-2.7234135,0.04437283053994179,0.17900000512599945,0.3855000138282776
YML071C,YLR308W,0,-2.7235065,0.04436183348298073,0.17900000512599945,0.3856000006198883
YOR242C,YML042W,0,-2.7238054,0.044350843876600266,0.17900000512599945,0.385699987411499
YIR017C,YHR188C,0,-2.7242541,0.0443398579955101,0.17900000512599945,0.38580000400543213
YPL007C,YDR231C,0,-2.7243223,0.044328875839710236,0.17900000512599945,0.38589999079704285
YMR058W,YBR186W,0,-2.7243552,0.04431790113449097,0.17900000512599945,0.38600000739097595
YGL099W,YPL172C,0,-2.7246926,0.044306930154561996,0.17900000512599945,0.38609999418258667
YDL132W,YGL048C,1,-2.7248025,0.04454343020915985,0.18000000715255737,0.38609999418258667
YJL156C,YGL031C,0,-2.7248688,0.044532410800457,0.18000000715255737,0.3862000107765198
YLR047C,YPL093W,0,-2.7250896,0.04452139511704445,0.18000000715255737,0.3862999975681305
YBR097W,YEL031W,0,-2.7252321,0.044510386884212494,0.18000000715255737,0.3864000141620636
YDR363W-A,YHR027C,1,-2.7253554,0.04474660009145737,0.1809999942779541,0.3864000141620636
YIR036C,YKL096W-A,0,-2.7256198,0.044735539704561234,0.1809999942779541,0.3865000009536743
YLR449W,YER157W,0,-2.7259412,0.0447244867682457,0.1809999942779541,0.38659998774528503
YMR121C,YOR073W,0,-2.726255,0.04471343755722046,0.1809999942779541,0.38670000433921814
YAL063C,YER110C,0,-2.7265658,0.04470239579677582,0.1809999942779541,0.38679999113082886
YPL158C,YOR148C,0,-2.7266147,0.044691357761621475,0.1809999942779541,0.38690000772476196
YLR207W,YDR054C,1,-2.7276382,0.04492717981338501,0.18199999630451202,0.38690000772476196
YEL050C,YER001W,0,-2.7278433,0.04491608962416649,0.18199999630451202,0.3869999945163727
YKL140W,YPR192W,0,-2.728197,0.044905006885528564,0.18199999630451202,0.3871000111103058
YDR219C,YKL022C,1,-2.7282963,0.04514060169458389,0.18299999833106995,0.3871000111103058
YDR519W,YDL082W,0,-2.7286248,0.04512947052717209,0.18299999833106995,0.3871999979019165
YBL055C,YGL253W,0,-2.7286735,0.04511834308505058,0.18299999833106995,0.3873000144958496
YOL067C,YLR155C,0,-2.7287664,0.045107223093509674,0.18299999833106995,0.3874000012874603
YGR183C,YJL221C,0,-2.728911,0.045096106827259064,0.18299999833106995,0.38749998807907104
YJR047C,YJL153C,0,-2.7290485,0.04508499801158905,0.18299999833106995,0.38760000467300415
YFR041C,YPL095C,0,-2.7291505,0.045073892921209335,0.18299999833106995,0.38769999146461487
YML008C,YDR410C,0,-2.7294006,0.04506279155611992,0.18299999833106995,0.387800008058548
YJR005W,YJL221C,0,-2.7301815,0.0450516976416111,0.18299999833106995,0.3878999948501587
YIL105C,YBR080C,0,-2.7303324,0.04504061117768288,0.18299999833106995,0.3880000114440918
YKL124W,YFL055W,0,-2.730398,0.04502952843904495,0.18299999833106995,0.3880999982357025
YKL038W,YKR086W,0,-2.7304072,0.04501844942569733,0.18299999833106995,0.3882000148296356
YCL033C,YGR013W,0,-2.7313716,0.0450073778629303,0.18299999833106995,0.38830000162124634
YDR330W,YMR276W,1,-2.7319672,0.04524219408631325,0.18400000035762787,0.38830000162124634
YMR013C,YCR054C,0,-2.7321973,0.04523107036948204,0.18400000035762787,0.38839998841285706
YDR510W,YDR492W,0,-2.732514,0.04521995410323143,0.18400000035762787,0.38850000500679016
YNR044W,YIL085C,0,-2.7326417,0.04520884528756142,0.18400000035762787,0.3885999917984009
YHR043C,YPR181C,1,-2.73278,0.04544337838888168,0.1850000023841858,0.3885999917984009
YOR301W,YPL024W,0,-2.7329164,0.04543222114443779,0.1850000023841858,0.388700008392334
YGL200C,YLR372W,0,-2.733055,0.045421063899993896,0.1850000023841858,0.3887999951839447
YGR194C,YER068W,0,-2.733318,0.0454099178314209,0.1850000023841858,0.3889000117778778
YBL088C,YGL256W,0,-2.733858,0.0453987717628479,0.1850000023841858,0.3889999985694885
YGL180W,YOR076C,0,-2.7339597,0.0453876331448555,0.1850000023841858,0.38909998536109924
YDL082W,YGR171C,0,-2.7340293,0.045376501977443695,0.1850000023841858,0.38920000195503235
YNL078W,YNR022C,0,-2.734192,0.04536537453532219,0.1850000023841858,0.38929998874664307
YJR065C,YCR097W,0,-2.734948,0.04535425454378128,0.1850000023841858,0.38940000534057617
YDL171C,YPL265W,0,-2.7352402,0.04534313827753067,0.1850000023841858,0.3894999921321869
YEL058W,YBL097W,0,-2.735413,0.04533202573657036,0.1850000023841858,0.38960000872612
YGR207C,YDR076W,0,-2.735744,0.04532092064619064,0.1850000023841858,0.3896999955177307
YGR239C,YDR138W,0,-2.7363675,0.045309823006391525,0.1850000023841858,0.3898000121116638
YNR004W,YGR276C,0,-2.7368772,0.04529872536659241,0.1850000023841858,0.38989999890327454
YKL221W,YKR104W,0,-2.7370982,0.045287638902664185,0.1850000023841858,0.38999998569488525
YIL122W,YCL030C,0,-2.737114,0.04527655243873596,0.1850000023841858,0.39010000228881836
YOL146W,YGL224C,0,-2.7379174,0.045265477150678635,0.1850000023841858,0.3901999890804291
YBR150C,YKR029C,0,-2.7379344,0.04525440186262131,0.1850000023841858,0.3903000056743622
YMR315W,YNL308C,0,-2.7382364,0.04524333402514458,0.1850000023841858,0.3903999924659729
YIR034C,YHR143W-A,0,-2.7384918,0.045232273638248444,0.1850000023841858,0.390500009059906
YBR083W,YAR050W,0,-2.7385087,0.04522121697664261,0.1850000023841858,0.3905999958515167
YJL112W,YDR385W,0,-2.7385507,0.04521016776561737,0.1850000023841858,0.39070001244544983
YGL158W,YER049W,0,-2.7388139,0.04519912227988243,0.1850000023841858,0.39079999923706055
YJL209W,YGL187C,0,-2.7390878,0.04518808051943779,0.1850000023841858,0.39089998602867126
YGL206C,YER019W,0,-2.739337,0.045177046209573746,0.1850000023841858,0.39100000262260437
YOL068C,YER039C,0,-2.7394228,0.045166015625,0.1850000023841858,0.3910999894142151
YFL003C,YNL061W,0,-2.7395487,0.04515499249100685,0.1850000023841858,0.3912000060081482
YGL004C,YGL227W,1,-2.739686,0.04538799449801445,0.1860000044107437,0.3912000060081482
YKL166C,YPR033C,0,-2.7399182,0.04537692293524742,0.1860000044107437,0.3912999927997589
YER048W-A,YOL016C,0,-2.7402751,0.04536585509777069,0.1860000044107437,0.391400009393692
YML008C,YOR374W,0,-2.740398,0.04535479098558426,0.1860000044107437,0.39149999618530273
YCL026C-A,YFR019W,0,-2.7413847,0.045343734323978424,0.1860000044107437,0.39160001277923584
YDR182W,YNR074C,0,-2.7416625,0.045332685112953186,0.1860000044107437,0.39169999957084656
YIR007W,YOR283W,0,-2.7419817,0.04532163590192795,0.1860000044107437,0.3917999863624573
YNL314W,YNL248C,0,-2.7420769,0.045310597866773605,0.1860000044107437,0.3919000029563904
YMR043W,YBR092C,0,-2.742332,0.04529955983161926,0.1860000044107437,0.3919999897480011
YDR349C,YJL102W,0,-2.7424595,0.045288532972335815,0.1860000044107437,0.3921000063419342
YNL160W,YOR279C,0,-2.7425919,0.04527750611305237,0.1860000044107437,0.3921999931335449
YPR030W,YGR163W,0,-2.742701,0.04526648670434952,0.1860000044107437,0.392300009727478
YNL258C,YLR197W,0,-2.742787,0.045255474746227264,0.1860000044107437,0.39239999651908875
YMR109W,YHR141C,0,-2.7428493,0.04524446651339531,0.1860000044107437,0.39250001311302185
YLR070C,YDR379W,0,-2.7430327,0.04523346200585365,0.1860000044107437,0.39259999990463257
YDR101C,YBL076C,0,-2.7430596,0.04522246494889259,0.1860000044107437,0.3926999866962433
YMR017W,YHL001W,0,-2.743639,0.04521147161722183,0.1860000044107437,0.3928000032901764
YMR184W,YPR108W,1,-2.7437015,0.045443497598171234,0.18700000643730164,0.3928000032901764
YGL227W,YKL213C,1,-2.744021,0.04567541182041168,0.18799999356269836,0.3928000032901764
YGL158W,YGL130W,0,-2.7446644,0.04566431790590286,0.18799999356269836,0.3928999900817871
YNL110C,YDR378C,0,-2.7446647,0.04565323144197464,0.18799999356269836,0.3930000066757202
YNL101W,YBL103C,0,-2.7447958,0.04564214497804642,0.18799999356269836,0.39309999346733093
YGR271W,YLR029C,0,-2.744832,0.04563106968998909,0.18799999356269836,0.39320001006126404
YGR113W,YDR479C,0,-2.7448497,0.04561999440193176,0.18799999356269836,0.39329999685287476
YJR034W,YPL152W,0,-2.74494,0.04560892656445503,0.18799999356269836,0.39340001344680786
YKL221W,YER125W,0,-2.7453835,0.0455978661775589,0.18799999356269836,0.3935000002384186
YDR207C,YGR257C,0,-2.7458978,0.045586809515953064,0.18799999356269836,0.3935999870300293
YDL056W,YFR019W,0,-2.745995,0.04557575657963753,0.18799999356269836,0.3937000036239624
YIR015W,YER153C,0,-2.746148,0.04556471109390259,0.18799999356269836,0.3937999904155731
YBR084W,YMR038C,0,-2.7469308,0.04555366933345795,0.18799999356269836,0.3939000070095062
YIR018W,YEL026W,0,-2.7470326,0.0455426350235939,0.18799999356269836,0.39399999380111694
YLR372W,YER146W,0,-2.7471356,0.04553160443902016,0.18799999356269836,0.39410001039505005
YMR044W,YIL111W,0,-2.747659,0.04552058130502701,0.18799999356269836,0.39419999718666077
YBR203W,YGL055W,0,-2.748111,0.04550956189632416,0.18799999356269836,0.39430001378059387
YDR171W,YDL028C,0,-2.748257,0.045498546212911606,0.18799999356269836,0.3944000005722046
YJL062W,YML042W,0,-2.748459,0.04548753798007965,0.18799999356269836,0.3944999873638153
YLR073C,YMR030W,0,-2.7488937,0.04547653719782829,0.18799999356269836,0.3946000039577484
YIL155C,YGR072W,0,-2.7489882,0.045465536415576935,0.18799999356269836,0.39469999074935913
YER098W,YPR020W,0,-2.7491443,0.04545454680919647,0.18799999356269836,0.39480000734329224
YCR039C,YDR195W,0,-2.7495203,0.04544355720281601,0.18799999356269836,0.39489999413490295
YJL071W,YML074C,0,-2.74965,0.045432575047016144,0.18799999356269836,0.39500001072883606
YCR043C,YOR124C,0,-2.7500734,0.045421600341796875,0.18799999356269836,0.3950999975204468
YKR036C,YDR302W,0,-2.7504632,0.045410629361867905,0.18799999356269836,0.3952000141143799
YDR403W,YPR121W,0,-2.7507682,0.04539966210722923,0.18799999356269836,0.3953000009059906
YBR010W,YJL106W,0,-2.7509878,0.04538870230317116,0.18799999356269836,0.3953999876976013
YKL096W,YDR062W,0,-2.7510388,0.04537774622440338,0.18799999356269836,0.3955000042915344
YIL135C,YBR195C,0,-2.7514162,0.0453667938709259,0.18799999356269836,0.39559999108314514
YGR258C,YPL051W,0,-2.7516923,0.04535584896802902,0.18799999356269836,0.39570000767707825
YBR155W,YER118C,0,-2.7518358,0.04534491151571274,0.18799999356269836,0.39579999446868896
YOR056C,YPR066W,0,-2.7522683,0.04533397778868675,0.18799999356269836,0.39590001106262207
YHL012W,YER153C,0,-2.7523923,0.045323047786951065,0.18799999356269836,0.3959999978542328
YPL259C,YDR534C,0,-2.7524977,0.045312125235795975,0.18799999356269836,0.3961000144481659
YHL034C,YLR128W,0,-2.75273,0.04530120640993118,0.18799999356269836,0.3962000012397766
YJR068W,YLR449W,0,-2.7527742,0.04529029130935669,0.18799999356269836,0.39629998803138733
YCL075W,YPL028W,0,-2.7529101,0.04527938365936279,0.18799999356269836,0.39640000462532043
YDR118W,YGL017W,1,-2.7530165,0.04550927132368088,0.1889999955892563,0.39640000462532043
YLR433C,YAR003W,0,-2.7530165,0.0454983152449131,0.1889999955892563,0.39649999141693115
YJL198W,YOL149W,0,-2.7531478,0.04548736289143562,0.1889999955892563,0.39660000801086426
YBL003C,YLR431C,0,-2.7531695,0.04547641798853874,0.1889999955892563,0.396699994802475
YMR321C,YPR140W,0,-2.7535734,0.04546548053622246,0.1889999955892563,0.3968000113964081
YMR067C,YMR119W,1,-2.7538056,0.045695044100284576,0.1899999976158142,0.3968000113964081
YLR113W,YGL077C,0,-2.7539325,0.04568405821919441,0.1899999976158142,0.3968999981880188
YGR223C,YOR089C,0,-2.7540503,0.045673076063394547,0.1899999976158142,0.3970000147819519
YNL254C,YPR026W,0,-2.7544553,0.04566210135817528,0.1899999976158142,0.3971000015735626
YPR138C,YGR256W,0,-2.7547011,0.04565113037824631,0.1899999976158142,0.39719998836517334
YBL027W,YML049C,0,-2.754878,0.045640163123607635,0.1899999976158142,0.39730000495910645
YLR368W,YPR047W,0,-2.7549424,0.04562920331954956,0.1899999976158142,0.39739999175071716
YMR104C,YBR195C,0,-2.75496,0.045618247240781784,0.1899999976158142,0.39750000834465027
YPL155C,YOR308C,0,-2.7554443,0.045607298612594604,0.1899999976158142,0.397599995136261
YLR070C,YMR321C,0,-2.755899,0.04559635370969772,0.1899999976158142,0.3977000117301941
YDL140C,YNL209W,0,-2.756102,0.04558541253209114,0.1899999976158142,0.3977999985218048
YOR010C,YEL029C,0,-2.7562928,0.045574478805065155,0.1899999976158142,0.3978999853134155
YHR051W,YLR289W,0,-2.7563567,0.04556354880332947,0.1899999976158142,0.39800000190734863
YKR009C,YOR283W,0,-2.7565088,0.04555262625217438,0.1899999976158142,0.39809998869895935
YOL104C,YBR198C,0,-2.756567,0.045541707426309586,0.1899999976158142,0.39820000529289246
YHR211W,YPL226W,0,-2.7565732,0.04553079232573509,0.1899999976158142,0.3982999920845032
YJL140W,YMR260C,0,-2.756811,0.045519884675741196,0.1899999976158142,0.3984000086784363
YBL039C,YDL226C,0,-2.7570662,0.0455089807510376,0.1899999976158142,0.398499995470047
YJR144W,YNL061W,0,-2.7571344,0.0454980842769146,0.1899999976158142,0.3986000120639801
YMR143W,YLL033W,0,-2.7574415,0.045487191528081894,0.1899999976158142,0.3986999988555908
YIL126W,YLR002C,0,-2.757683,0.04547630622982979,0.1899999976158142,0.39879998564720154
YLL023C,YJL177W,0,-2.7577064,0.04546542093157768,0.1899999976158142,0.39890000224113464
YLL055W,YBL054W,0,-2.757722,0.04545454680919647,0.1899999976158142,0.39899998903274536
YPL269W,YGL054C,0,-2.757768,0.04544367268681526,0.1899999976158142,0.39910000562667847
YMR034C,YMR228W,0,-2.7583437,0.04543280601501465,0.1899999976158142,0.3991999924182892
YDL061C,YNL106C,0,-2.7583776,0.04542194679379463,0.1899999976158142,0.3993000090122223
YOR329C,YGR157W,0,-2.7584605,0.045411091297864914,0.1899999976158142,0.399399995803833
YCL025C,YBR132C,0,-2.7597284,0.045400239527225494,0.1899999976158142,0.3995000123977661
YNL008C,YJL048C,1,-2.7597542,0.04562828317284584,0.19099999964237213,0.3995000123977661
YCR068W,YBR067C,0,-2.7601562,0.04561738669872284,0.19099999964237213,0.39959999918937683
YLR119W,YGL048C,1,-2.76024,0.04584527388215065,0.19200000166893005,0.39959999918937683
YNL302C,YOR310C,0,-2.7604852,0.04583432897925377,0.19200000166893005,0.39969998598098755
YOR284W,YHR084W,0,-2.7606125,0.045823387801647186,0.19200000166893005,0.39980000257492065
YNR069C,YGR264C,0,-2.760903,0.0458124540746212,0.19200000166893005,0.39989998936653137
YGL148W,YMR079W,0,-2.7609148,0.04580152779817581,0.19200000166893005,0.4000000059604645
YJL176C,YOR346W,0,-2.7610414,0.04579060524702072,0.19200000166893005,0.4000999927520752
YDR408C,YBR172C,0,-2.7611122,0.04577968642115593,0.19200000166893005,0.4002000093460083
YMR293C,YJL158C,0,-2.7613094,0.045768771320581436,0.19200000166893005,0.400299996137619
YBR289W,YLR306W,0,-2.7615366,0.04575786367058754,0.19200000166893005,0.4004000127315521
YDL007W,YDR330W,1,-2.7616022,0.045985229313373566,0.19300000369548798,0.4004000127315521
YGL033W,YOL008W,0,-2.761989,0.04597427323460579,0.19300000369548798,0.40049999952316284
YGR133W,YBR033W,0,-2.7623792,0.04596332460641861,0.19300000369548798,0.40059998631477356
YFL053W,YML069W,0,-2.762584,0.04595237970352173,0.19300000369548798,0.40070000290870667
YHR211W,YMR302C,0,-2.7627249,0.045941442251205444,0.19300000369548798,0.4007999897003174
YPL270W,YJR045C,0,-2.762847,0.04593050852417946,0.19300000369548798,0.4009000062942505
YCL027W,YBL046W,0,-2.7628603,0.04591958224773407,0.19300000369548798,0.4009999930858612
YFL053W,YDR540C,0,-2.7632647,0.04590865969657898,0.19300000369548798,0.4011000096797943
YNR003C,YNL268W,0,-2.763334,0.04589774087071419,0.19300000369548798,0.40119999647140503
YJL133W,YMR162C,0,-2.7637377,0.04588682949542999,0.19300000369548798,0.40130001306533813
YNL248C,YBR098W,0,-2.7640061,0.045875921845436096,0.19300000369548798,0.40139999985694885
YPR168W,YEL036C,0,-2.7641563,0.0458650179207325,0.19300000369548798,0.40149998664855957
YDL147W,YMR067C,1,-2.7645726,0.0460917092859745,0.1940000057220459,0.40149998664855957
YOR131C,YGR065C,0,-2.7646272,0.04608076065778732,0.1940000057220459,0.4016000032424927
YCR028C-A,YPR060C,0,-2.7647638,0.04606981575489044,0.1940000057220459,0.4016999900341034
YMR314W,YGL017W,1,-2.7651768,0.046296294778585434,0.19499999284744263,0.4016999900341034
YOL113W,YGL249W,0,-2.7655296,0.04628530889749527,0.19499999284744263,0.4018000066280365
YNL248C,YDL159W,0,-2.7655768,0.046274323016405106,0.19499999284744263,0.4018999934196472
YDR254W,YKR104W,0,-2.7656968,0.04626334458589554,0.19499999284744263,0.4020000100135803
YNL159C,YDL126C,1,-2.7658515,0.04648956283926964,0.19599999487400055,0.4020000100135803
YHR062C,YKR097W,0,-2.7659967,0.04647853970527649,0.19599999487400055,0.40209999680519104
YGL097W,YKL130C,0,-2.7661796,0.04646752029657364,0.19599999487400055,0.40220001339912415
YMR016C,YDR083W,0,-2.7661839,0.04645650461316109,0.19599999487400055,0.40230000019073486
YKL221W,YBR037C,0,-2.7665915,0.04644549638032913,0.19599999487400055,0.4023999869823456
YPR165W,YPL192C,0,-2.7667704,0.046434495598077774,0.19599999487400055,0.4025000035762787
YLR032W,YML113W,0,-2.7670681,0.046423494815826416,0.19599999487400055,0.4025999903678894
YDR522C,YMR058W,0,-2.767173,0.046412501484155655,0.19599999487400055,0.4027000069618225
YGR239C,YNL007C,0,-2.7673407,0.04640151560306549,0.19599999487400055,0.4027999937534332
YNL101W,YMR016C,0,-2.7676086,0.046390533447265625,0.19599999487400055,0.40290001034736633
YBL028C,YPR079W,0,-2.7678618,0.04637955501675606,0.19599999487400055,0.40299999713897705
YNL126W,YKL053C-A,0,-2.7679312,0.04636858403682709,0.19599999487400055,0.40310001373291016
YGL068W,YMR086W,0,-2.7682028,0.046357616782188416,0.19599999487400055,0.4032000005245209
YGL029W,YDL227C,0,-2.7689862,0.04634665325284004,0.19599999487400055,0.4032999873161316
YDL036C,YLR353W,0,-2.7694945,0.046335697174072266,0.19599999487400055,0.4034000039100647
YEL060C,YJR104C,0,-2.7695384,0.04632474482059479,0.19599999487400055,0.4034999907016754
YJL145W,YLR178C,0,-2.7698877,0.046313799917697906,0.19599999487400055,0.4036000072956085
YBR171W,YER014C-A,0,-2.7699342,0.046302858740091324,0.19599999487400055,0.40369999408721924
YOR127W,YLR153C,0,-2.7703502,0.04629192128777504,0.19599999487400055,0.40380001068115234
YPR002W,YGR121C,0,-2.7706919,0.04628099128603935,0.19599999487400055,0.40389999747276306
YAL025C,YGR246C,0,-2.7708998,0.046270065009593964,0.19599999487400055,0.40400001406669617
YDR296W,YDR411C,0,-2.771125,0.04625914618372917,0.19599999487400055,0.4041000008583069
YPL091W,YBL091C-A,0,-2.772111,0.04624823108315468,0.19599999487400055,0.4041999876499176
YIL111W,YDR050C,0,-2.7722552,0.04623731970787048,0.19599999487400055,0.4043000042438507
YBR296C,YDR483W,0,-2.77249,0.046226415783166885,0.19599999487400055,0.4043999910354614
YOR337W,YDL069C,0,-2.772761,0.046215515583753586,0.19599999487400055,0.40450000762939453
YCR020C,YBR026C,0,-2.773738,0.046204619109630585,0.19599999487400055,0.40459999442100525
YOL103W,YDL017W,0,-2.7743306,0.04619373008608818,0.19599999487400055,0.40470001101493835
YGL050W,YPR036W,0,-2.7746394,0.046182844787836075,0.19599999487400055,0.4047999978065491
YOR063W,YDL059C,0,-2.774716,0.046171966940164566,0.19599999487400055,0.4049000144004822
YGR061C,YJR016C,0,-2.7747893,0.046161092817783356,0.19599999487400055,0.4050000011920929
YMR293C,YNL236W,0,-2.774858,0.046150222420692444,0.19599999487400055,0.4050999879837036
YPL110C,YDR453C,0,-2.774918,0.04613935947418213,0.19599999487400055,0.4052000045776367
YKR060W,YNL323W,0,-2.7750847,0.04612850025296211,0.19599999487400055,0.40529999136924744
YJL073W,YGL048C,1,-2.7750957,0.046352941542863846,0.19699999690055847,0.40529999136924744
YER150W,YMR307W,0,-2.775591,0.04634203761816025,0.19699999690055847,0.40540000796318054
YBR083W,YOL005C,0,-2.7755938,0.04633113741874695,0.19699999690055847,0.40549999475479126
YER145C,YDR499W,0,-2.775664,0.046320244669914246,0.19699999690055847,0.40560001134872437
YMR238W,YER164W,0,-2.7758965,0.04630935564637184,0.19699999690055847,0.4056999981403351
YLR329W,YMR260C,0,-2.7759368,0.046298474073410034,0.19699999690055847,0.4058000147342682
YBL034C,YOR099W,0,-2.7759638,0.04628759250044823,0.19699999690055847,0.4059000015258789
YPR145W,YML114C,0,-2.7761197,0.046276722103357315,0.19699999690055847,0.4059999883174896
YNR069C,YBR102C,0,-2.7761924,0.0462658517062664,0.19699999690055847,0.40610000491142273
YLR208W,YMR067C,1,-2.7762303,0.046489786356687546,0.1979999989271164,0.40610000491142273
YJR090C,YPR108W,1,-2.7763426,0.04671361669898033,0.19900000095367432,0.40610000491142273
YMR250W,YDL191W,0,-2.776586,0.04670265316963196,0.19900000095367432,0.40619999170303345
YGL062W,YAL062W,0,-2.776785,0.04669169336557388,0.19900000095367432,0.40630000829696655
YOR212W,YCR048W,0,-2.777027,0.046680741012096405,0.19900000095367432,0.40639999508857727
YPL084W,YBL084C,1,-2.7771416,0.0469043143093586,0.20000000298023224,0.40639999508857727
YML111W,YJL121C,0,-2.7773767,0.04689331725239754,0.20000000298023224,0.4065000116825104
YIL105C,YGR065C,0,-2.7774248,0.046882323920726776,0.20000000298023224,0.4065999984741211
YGR194C,YBR230C,0,-2.7775211,0.04687133803963661,0.20000000298023224,0.4066999852657318
YER036C,YPL268W,0,-2.7775426,0.046860355883836746,0.20000000298023224,0.4068000018596649
YGR279C,YFL003C,0,-2.778001,0.04684937745332718,0.20000000298023224,0.40689998865127563
YJR013W,YKL053C-A,0,-2.7785525,0.04683840647339821,0.20000000298023224,0.40700000524520874
YOL117W,YEL047C,0,-2.7790222,0.04682743921875954,0.20000000298023224,0.40709999203681946
YDL007W,YMR119W,1,-2.7793667,0.047050561755895615,0.20100000500679016,0.40709999203681946
YGL158W,YLL015W,0,-2.779467,0.04703954979777336,0.20100000500679016,0.40720000863075256
YNL310C,YOR337W,0,-2.779542,0.047028545290231705,0.20100000500679016,0.4072999954223633
YBR280C,YMR161W,1,-2.7797656,0.04725146293640137,0.20200000703334808,0.4072999954223633
YJL030W,YDR079C-A,0,-2.779933,0.04724041000008583,0.20200000703334808,0.4074000120162964
YNL300W,YCR094W,0,-2.7800076,0.04722936823964119,0.20200000703334808,0.4074999988079071
YLL061W,YBR195C,0,-2.7800198,0.04721832647919655,0.20200000703334808,0.4075999855995178
YDR158W,YDL142C,0,-2.780025,0.047207292169332504,0.20200000703334808,0.4077000021934509
YDL213C,YJR127C,0,-2.7801585,0.04719626158475876,0.20200000703334808,0.40779998898506165
YCL008C,YGR135W,1,-2.7804585,0.047418829053640366,0.2029999941587448,0.40779998898506165
YMR267W,YDR031W,0,-2.7806187,0.04740775376558304,0.2029999941587448,0.40790000557899475
YGL256W,YIL095W,0,-2.780709,0.04739668592810631,0.2029999941587448,0.40799999237060547
YOR298W,YGL172W,0,-2.7807198,0.047385621815919876,0.2029999941587448,0.4081000089645386
YBR118W,YOR038C,0,-2.7807431,0.04737456142902374,0.2029999941587448,0.4081999957561493
YMR292W,YMR012W,0,-2.780812,0.047363508492708206,0.2029999941587448,0.4083000123500824
YOR028C,YDR529C,0,-2.7809806,0.04735245928168297,0.2029999941587448,0.4083999991416931
YLR066W,YML114C,0,-2.7811286,0.04734141752123833,0.2029999941587448,0.40849998593330383
YBR026C,YDR231C,0,-2.7812946,0.047330379486083984,0.2029999941587448,0.40860000252723694
YGR020C,YPL186C,0,-2.781827,0.04731934890151024,0.2029999941587448,0.40869998931884766
YJR161C,YDR532C,0,-2.7820714,0.04730831831693649,0.2029999941587448,0.40880000591278076
YIL039W,YDR324C,0,-2.7822957,0.04729729890823364,0.2029999941587448,0.4088999927043915
YKR025W,YDR411C,0,-2.7829723,0.04728627949953079,0.2029999941587448,0.4090000092983246
YPL170W,YDR524C,0,-2.783043,0.04727526754140854,0.2029999941587448,0.4090999960899353
YGR028W,YOR287C,0,-2.7831078,0.047264259308576584,0.2029999941587448,0.4092000126838684
YGR109C,YNL245C,0,-2.7831645,0.047253258526325226,0.2029999941587448,0.4092999994754791
YAL008W,YNL131W,0,-2.7833023,0.047242261469364166,0.2029999941587448,0.40939998626708984
YIL145C,YFL037W,0,-2.7837298,0.047231271862983704,0.2029999941587448,0.40950000286102295
YCL059C,YDL101C,0,-2.7844348,0.04722028225660324,0.2029999941587448,0.40959998965263367
YBL064C,YGR076C,0,-2.7845988,0.047209303826093674,0.2029999941587448,0.4097000062465668
YPR156C,YBR160W,0,-2.7851317,0.047198325395584106,0.2029999941587448,0.4097999930381775
YDR329C,YGR124W,0,-2.7851624,0.047187354415655136,0.2029999941587448,0.4099000096321106
YLR174W,YDR480W,0,-2.7852445,0.047176387161016464,0.2029999941587448,0.4099999964237213
YOL138C,YPR192W,0,-2.7854292,0.04716542735695839,0.2029999941587448,0.4101000130176544
YPL187W,YLR105C,0,-2.7855606,0.04715447127819061,0.2029999941587448,0.41019999980926514
YLR256W,YDR436W,0,-2.7858276,0.047143518924713135,0.2029999941587448,0.41029998660087585
YOR298W,YOR175C,0,-2.7859774,0.047132574021816254,0.2029999941587448,0.41040000319480896
YHL033C,YML010W,0,-2.786539,0.04712163284420967,0.2029999941587448,0.4104999899864197
YLR005W,YNL209W,0,-2.7866488,0.047110699117183685,0.2029999941587448,0.4106000065803528
YDL107W,YLR350W,0,-2.7869549,0.047099769115448,0.2029999941587448,0.4106999933719635
YLR136C,YOR089C,0,-2.7875278,0.04708884283900261,0.2029999941587448,0.4108000099658966
YMR164C,YKR019C,0,-2.7876837,0.04707792028784752,0.2029999941587448,0.4108999967575073
YGL229C,YPL249C-A,0,-2.787791,0.047067005187273026,0.2029999941587448,0.41100001335144043
YEL059C-A,YCL010C,0,-2.7879052,0.04705609753727913,0.2029999941587448,0.41110000014305115
YNL325C,YML075C,0,-2.788019,0.04704518988728523,0.2029999941587448,0.41119998693466187
YJR063W,YOR246C,0,-2.7880337,0.04703428968787193,0.2029999941587448,0.41130000352859497
YER013W,YGL207W,0,-2.7882023,0.04702339693903923,0.2029999941587448,0.4113999903202057
YPR058W,YBL020W,0,-2.7883406,0.04701250419020653,0.2029999941587448,0.4115000069141388
YCR040W,YDR520C,0,-2.7883587,0.04700161889195442,0.2029999941587448,0.4115999937057495
YKL166C,YKL004W,0,-2.7885418,0.04699074104428291,0.2029999941587448,0.4117000102996826
YMR223W,YDL153C,0,-2.7886095,0.0469798669219017,0.2029999941587448,0.41179999709129333
YGR090W,YAL001C,0,-2.7890024,0.04696899652481079,0.2029999941587448,0.41190001368522644
YDL137W,YKL053C-A,0,-2.789082,0.04695812985301018,0.2029999941587448,0.41200000047683716
YOL146W,YLR002C,0,-2.7892556,0.04694727063179016,0.2029999941587448,0.4120999872684479
YER039C,YER019W,0,-2.7896943,0.04693641513586044,0.2029999941587448,0.412200003862381
YDR207C,YBL061C,0,-2.7901304,0.04692556709051132,0.2029999941587448,0.4122999906539917
YDL056W,YKL086W,0,-2.7905297,0.0469147227704525,0.2029999941587448,0.4124000072479248
YJL025W,YER090W,0,-2.7907152,0.046903882175683975,0.2029999941587448,0.4124999940395355
YNL259C,YGL148W,0,-2.790906,0.04689304530620575,0.2029999941587448,0.41260001063346863
YCR081W,YCR040W,0,-2.7911177,0.04688221588730812,0.2029999941587448,0.41269999742507935
YNL301C,YNL280C,0,-2.791162,0.04687139391899109,0.2029999941587448,0.41280001401901245
YLL028W,YNL218W,0,-2.7914562,0.04686057195067406,0.2029999941587448,0.41290000081062317
YJR051W,YOR003W,0,-2.7914686,0.04684975743293762,0.2029999941587448,0.4129999876022339
YGL037C,YGR108W,0,-2.7914882,0.046838946640491486,0.2029999941587448,0.413100004196167
YDR318W,YGL181W,0,-2.7915144,0.046828143298625946,0.2029999941587448,0.4131999909877777
YKL210W,YDR512C,0,-2.7915173,0.046817343682050705,0.2029999941587448,0.4133000075817108
YDL097C,YDR069C,1,-2.7917032,0.047037120908498764,0.20399999618530273,0.4133000075817108
YPL273W,YKL108W,0,-2.792001,0.04702628031373024,0.20399999618530273,0.41339999437332153
YNL309W,YDR058C,0,-2.7920876,0.047015439718961716,0.20399999618530273,0.41350001096725464
YDR239C,YAL061W,0,-2.792228,0.04700460657477379,0.20399999618530273,0.41359999775886536
YOR226C,YLR206W,0,-2.792308,0.04699378088116646,0.20399999618530273,0.41370001435279846
YPL086C,YDR483W,0,-2.7926672,0.046982958912849426,0.20399999618530273,0.4138000011444092
YDR194C,YBR136W,0,-2.7926774,0.04697214066982269,0.20399999618530273,0.4138999879360199
YJL101C,YGR049W,0,-2.7927244,0.04696132615208626,0.20399999618530273,0.414000004529953
YBR088C,YFR031C,0,-2.7929916,0.04695051908493042,0.20399999618530273,0.4140999913215637
YJR133W,YGR088W,0,-2.7935479,0.04693971574306488,0.20399999618530273,0.4142000079154968
YBL067C,YER117W,0,-2.7935872,0.04692891612648964,0.20399999618530273,0.41429999470710754
YOR284W,YDR138W,0,-2.7936544,0.046918123960494995,0.20399999618530273,0.41440001130104065
YLR376C,YIR032C,0,-2.793684,0.04690733551979065,0.20399999618530273,0.41449999809265137
YPR049C,YPR189W,0,-2.7936926,0.0468965508043766,0.20399999618530273,0.4146000146865845
YHL022C,YOR171C,0,-2.7941382,0.04688577353954315,0.20399999618530273,0.4147000014781952
YPR072W,YBR126C,0,-2.7942057,0.046875,0.20399999618530273,0.4147999882698059
YHR164C,YPL028W,0,-2.794317,0.04686423018574715,0.20399999618530273,0.414900004863739
YER106W,YMR060C,0,-2.7943602,0.04685346782207489,0.20399999618530273,0.41499999165534973
YGL008C,YOR339C,0,-2.795064,0.04684270918369293,0.20399999618530273,0.41510000824928284
YBR059C,YBR271W,0,-2.7951674,0.04683195427060127,0.20399999618530273,0.41519999504089355
YLL029W,YOR124C,0,-2.7952256,0.04682120680809021,0.20399999618530273,0.41530001163482666
YJR094W-A,YMR204C,0,-2.79531,0.046810463070869446,0.20399999618530273,0.4153999984264374
YDR484W,YMR168C,0,-2.7953248,0.04679972305893898,0.20399999618530273,0.4154999852180481
YKL018W,YDR524C,0,-2.795635,0.04678899049758911,0.20399999618530273,0.4156000018119812
YLR176C,YPR122W,0,-2.795695,0.04677826166152954,0.20399999618530273,0.4156999886035919
YNL298W,YLR126C,0,-2.795723,0.04676753655076027,0.20399999618530273,0.415800005197525
YIR006C,YJL079C,0,-2.795793,0.046756818890571594,0.20399999618530273,0.41589999198913574
YFR036W,YLR380W,1,-2.7961323,0.04697525128722191,0.20499999821186066,0.41589999198913574
YJL093C,YJL128C,0,-2.7961497,0.04696448892354965,0.20499999821186066,0.41600000858306885
YPR133W-A,YML065W,0,-2.7961593,0.04695373401045799,0.20499999821186066,0.41609999537467957
YDR411C,YCR010C,0,-2.7964802,0.04694298282265663,0.20499999821186066,0.41620001196861267
YGL131C,YGR282C,0,-2.7966545,0.04693223536014557,0.20499999821186066,0.4162999987602234
YDR351W,YNL151C,0,-2.796866,0.046921491622924805,0.20499999821186066,0.4163999855518341
YPL121C,YML010W,0,-2.7970414,0.04691075533628464,0.20499999821186066,0.4165000021457672
YEL062W,YDR093W,0,-2.7971048,0.04690002277493477,0.20499999821186066,0.41659998893737793
YNL300W,YER171W,0,-2.7971096,0.0468892939388752,0.20499999821186066,0.41670000553131104
YLR176C,YGR209C,0,-2.7971816,0.046878572553396225,0.20499999821186066,0.41679999232292175
YHR179W,YDL110C,0,-2.797215,0.04686785489320755,0.20499999821186066,0.41690000891685486
YGL004C,YDL147W,1,-2.7973437,0.0470857135951519,0.20600000023841858,0.41690000891685486
YGR177C,YGR124W,0,-2.797474,0.04707495495676994,0.20600000023841858,0.4169999957084656
YLR130C,YKL144C,0,-2.7977085,0.047064200043678284,0.20600000023841858,0.4171000123023987
YIL093C,YGL207W,0,-2.7979684,0.04705344885587692,0.20600000023841858,0.4171999990940094
YJL157C,YJL050W,0,-2.7983718,0.04704270511865616,0.20600000023841858,0.4172999858856201
YIR033W,YBL022C,0,-2.7986374,0.04703196510672569,0.20600000023841858,0.4174000024795532
YPL246C,YLR448W,0,-2.7987785,0.047021228820085526,0.20600000023841858,0.41749998927116394
YPL065W,YOR362C,1,-2.7989736,0.047238703817129135,0.2070000022649765,0.41749998927116394
YGL183C,YIL126W,0,-2.7991195,0.047227926552295685,0.2070000022649765,0.41760000586509705
YNL012W,YGR052W,0,-2.79953,0.04721715301275253,0.2070000022649765,0.41769999265670776
YDL179W,YPL033C,0,-2.7996573,0.04720638692378998,0.2070000022649765,0.41780000925064087
YHR027C,YOL013C,1,-2.7998471,0.04742361977696419,0.20800000429153442,0.41780000925064087
YGR292W,YGR172C,0,-2.7998562,0.04741280898451805,0.20800000429153442,0.4178999960422516
YGL055W,YCR030C,0,-2.799991,0.04740200564265251,0.20800000429153442,0.4180000126361847
YDR507C,YMR121C,0,-2.8002856,0.04739120602607727,0.20800000429153442,0.4180999994277954
YBL004W,YCL061C,0,-2.8005326,0.04738041013479233,0.20800000429153442,0.41819998621940613
YHR066W,YEL069C,0,-2.8006177,0.047369617968797684,0.20800000429153442,0.41830000281333923
YJR044C,YBR222C,0,-2.8006458,0.047358833253383636,0.20800000429153442,0.41839998960494995
YNL113W,YGR068C,0,-2.8006954,0.04734805226325989,0.20800000429153442,0.41850000619888306
YNL003C,YNR001C,0,-2.800744,0.047337278723716736,0.20800000429153442,0.4185999929904938
YOR215C,YPL192C,0,-2.8008475,0.04732650890946388,0.20800000429153442,0.4187000095844269
YOR204W,YHR066W,0,-2.8012555,0.04731574282050133,0.20800000429153442,0.4187999963760376
YKL210W,YGL128C,0,-2.8013353,0.04730498045682907,0.20800000429153442,0.4189000129699707
YGR148C,YDL095W,0,-2.8014345,0.04729422554373741,0.20800000429153442,0.4189999997615814
YEL047C,YNL093W,0,-2.802083,0.04728347435593605,0.20800000429153442,0.41909998655319214
YBR097W,YCL024W,0,-2.802105,0.04727272689342499,0.20800000429153442,0.41920000314712524
YER039C,YOR003W,0,-2.802153,0.04726198688149452,0.20800000429153442,0.41929998993873596
YER006W,YDR252W,0,-2.8022866,0.047251250594854355,0.20800000429153442,0.41940000653266907
YJL122W,YKR065C,0,-2.8023896,0.047240518033504486,0.20800000429153442,0.4194999933242798
YDR332W,YDL060W,0,-2.8024406,0.047229792922735214,0.20800000429153442,0.4196000099182129
YDR263C,YOR095C,0,-2.8025594,0.04721906781196594,0.20800000429153442,0.4196999967098236
YMR029C,YBR203W,0,-2.8026803,0.047208353877067566,0.20800000429153442,0.4198000133037567
YER042W,YER016W,0,-2.8030624,0.04719763994216919,0.20800000429153442,0.41990000009536743
YML058W,YIR010W,0,-2.8032136,0.04718693345785141,0.20800000429153442,0.41999998688697815
YFR033C,YGR171C,0,-2.8037388,0.04717623069882393,0.20800000429153442,0.42010000348091125
YDL051W,YMR216C,0,-2.8037524,0.047165531665086746,0.20800000429153442,0.420199990272522
YPR198W,YGL059W,0,-2.803845,0.04715484008193016,0.20800000429153442,0.4203000068664551
YNL339C,YPL270W,0,-2.8040566,0.04714415222406387,0.20800000429153442,0.4203999936580658
YLR016C,YPL079W,0,-2.8040874,0.047133468091487885,0.20800000429153442,0.4205000102519989
YPR163C,YLR005W,0,-2.804143,0.04712279140949249,0.20800000429153442,0.4205999970436096
YIL139C,YBR067C,0,-2.8043792,0.0471121184527874,0.20800000429153442,0.4207000136375427
YGL077C,YHR050W,0,-2.8046298,0.047101449221372604,0.20800000429153442,0.42080000042915344
YMR094W,YLR106C,0,-2.8048391,0.047090787440538406,0.20800000429153442,0.42089998722076416
YFR004W,YLR119W,1,-2.8048754,0.047306474298238754,0.20900000631809235,0.42089998722076416
YER003C,YJR067C,0,-2.804957,0.047295767813920975,0.20900000631809235,0.42100000381469727
YDR166C,YOL117W,0,-2.8058257,0.04728506878018379,0.20900000631809235,0.421099990606308
YFL057C,YGL169W,0,-2.8059514,0.04727437347173691,0.20900000631809235,0.4212000072002411
YJL034W,YDR054C,1,-2.8060212,0.047489821910858154,0.20999999344348907,0.4212000072002411
YGL050W,YGL026C,0,-2.806186,0.04747908562421799,0.20999999344348907,0.4212999939918518
YGR152C,YGR239C,0,-2.8065083,0.04746835306286812,0.20999999344348907,0.4214000105857849
YCR089W,YBR135W,0,-2.8065362,0.047457627952098846,0.20999999344348907,0.42149999737739563
YJL074C,YBL082C,0,-2.8071465,0.047446902841329575,0.20999999344348907,0.42160001397132874
YDR363W-A,YFR052W,1,-2.8071976,0.047662071883678436,0.210999995470047,0.42160001397132874
YNL078W,YFL037W,0,-2.8074474,0.04765130952000618,0.210999995470047,0.42170000076293945
YIL047C,YPL147W,0,-2.807508,0.04764055088162422,0.210999995470047,0.42179998755455017
YER019W,YDR326C,0,-2.8078446,0.04762979596853256,0.210999995470047,0.4219000041484833
YMR012W,YNL210W,0,-2.8079286,0.0476190485060215,0.210999995470047,0.421999990940094
YOL142W,YPL252C,0,-2.8079941,0.047608304768800735,0.210999995470047,0.4221000075340271
YHR167W,YJR045C,0,-2.808063,0.04759756475687027,0.210999995470047,0.4221999943256378
YMR280C,YNL322C,0,-2.80816,0.0475868284702301,0.210999995470047,0.4223000109195709
YOR324C,YBR183W,0,-2.8085067,0.04757609963417053,0.210999995470047,0.42239999771118164
YIL124W,YOR369C,0,-2.8085127,0.04756537452340126,0.210999995470047,0.42250001430511475
YBL098W,YML064C,0,-2.8087533,0.04755465313792229,0.210999995470047,0.42260000109672546
YDR086C,YFR001W,0,-2.8088417,0.04754393920302391,0.210999995470047,0.4226999878883362
YDR297W,YDL201W,0,-2.808912,0.04753322899341583,0.210999995470047,0.4228000044822693
YHR079C-A,YDL137W,0,-2.8093495,0.04752252250909805,0.210999995470047,0.42289999127388
YMR145C,YBR106W,0,-2.809433,0.04751182347536087,0.210999995470047,0.4230000078678131
YGL256W,YEL036C,0,-2.8098698,0.04750112444162369,0.210999995470047,0.42309999465942383
YBR052C,YMR137C,0,-2.8100686,0.0474904328584671,0.210999995470047,0.42320001125335693
YDR477W,YLR341W,0,-2.8103366,0.04747974872589111,0.210999995470047,0.42329999804496765
YEL002C,YML042W,0,-2.8104677,0.047469064593315125,0.210999995470047,0.42340001463890076
YNR028W,YGR085C,0,-2.8104916,0.04745838791131973,0.210999995470047,0.4235000014305115
YFL057C,YPL023C,0,-2.8105006,0.04744771867990494,0.210999995470047,0.4235999882221222
YCR028C-A,YBL076C,0,-2.8110118,0.04743704944849014,0.210999995470047,0.4237000048160553
YOL077C,YMR210W,0,-2.8112583,0.047426387667655945,0.210999995470047,0.423799991607666
YER036C,YDR411C,0,-2.8114717,0.047415729612112045,0.210999995470047,0.4239000082015991
YLL009C,YOR140W,0,-2.8114948,0.04740507900714874,0.210999995470047,0.42399999499320984
YGR148C,YPL218W,0,-2.8115416,0.04739442840218544,0.210999995470047,0.42410001158714294
YDR159W,YOR344C,0,-2.811559,0.047383785247802734,0.210999995470047,0.42419999837875366
YIL070C,YLR139C,0,-2.8117926,0.047373149544000626,0.210999995470047,0.4242999851703644
YNL097C,YML028W,0,-2.8118017,0.04736251384019852,0.210999995470047,0.4244000017642975
YDR128W,YPR042C,0,-2.812271,0.047351885586977005,0.210999995470047,0.4244999885559082
YDL202W,YNR057C,0,-2.8124561,0.04734126105904579,0.210999995470047,0.4246000051498413
YOR194C,YOR095C,0,-2.8133583,0.04733064025640488,0.210999995470047,0.424699991941452
YJR137C,YDL066W,0,-2.813521,0.04732002690434456,0.210999995470047,0.42480000853538513
YPR145W,YOL136C,0,-2.8135347,0.04730941727757454,0.210999995470047,0.42489999532699585
YGR089W,YNL186W,0,-2.8135815,0.04729881137609482,0.210999995470047,0.42500001192092896
YKR059W,YPL007C,0,-2.8137026,0.047288212925195694,0.210999995470047,0.4250999987125397
YOL038W,YJR090C,1,-2.813721,0.04750167950987816,0.21199999749660492,0.4250999987125397
YPL128C,YDR126W,0,-2.813758,0.04749104008078575,0.21199999749660492,0.4251999855041504
YDR121W,YLR222C,0,-2.8140543,0.04748040437698364,0.21199999749660492,0.4253000020980835
YGL065C,YEL034W,0,-2.8143501,0.04746977239847183,0.21199999749660492,0.4253999888896942
YGR261C,YMR266W,0,-2.8143888,0.04745914414525032,0.21199999749660492,0.4255000054836273
YDR330W,YDL008W,1,-2.814591,0.0476723350584507,0.21299999952316284,0.4255000054836273
YML125C,YNR020C,0,-2.8146617,0.0476616695523262,0.21299999952316284,0.42559999227523804
YJL159W,YDR255C,0,-2.8147192,0.047651007771492004,0.21299999952316284,0.42570000886917114
YMR067C,YDL126C,1,-2.8152342,0.04786401242017746,0.21400000154972076,0.42570000886917114
YJR009C,YIL085C,0,-2.8153281,0.04785330966114998,0.21400000154972076,0.42579999566078186
YOL007C,YMR301C,0,-2.815371,0.047842610627412796,0.21400000154972076,0.42590001225471497
YHR084W,YMR052W,0,-2.81548,0.04783191904425621,0.21400000154972076,0.4259999990463257
YLR035C,YJL029C,0,-2.815507,0.047821227461099625,0.21400000154972076,0.4260999858379364
YGL131C,YGR183C,0,-2.815571,0.047810543328523636,0.21400000154972076,0.4262000024318695
YFR004W,YLR207W,1,-2.8158402,0.04802323132753372,0.2150000035762787,0.4262000024318695
YOR346W,YOR003W,0,-2.8159215,0.04801250621676445,0.2150000035762787,0.4262999892234802
YHL001W,YBR264C,0,-2.816216,0.04800178483128548,0.2150000035762787,0.42640000581741333
YDR383C,YLR098C,0,-2.8169155,0.0479910708963871,0.2150000035762787,0.42649999260902405
YOL038W,YDR069C,1,-2.8170068,0.04820352420210838,0.2160000056028366,0.42649999260902405
YFR037C,YOR360C,0,-2.8171167,0.048192769289016724,0.2160000056028366,0.42660000920295715
YDR119W,YFR001W,0,-2.8171923,0.04818202182650566,0.2160000056028366,0.42669999599456787
YCR053W,YDL014W,0,-2.817226,0.0481712743639946,0.2160000056028366,0.426800012588501
YDR358W,YDR330W,1,-2.817604,0.048383500427007675,0.21699999272823334,0.426800012588501
YML022W,YEL056W,0,-2.8176985,0.04837271571159363,0.21699999272823334,0.4268999993801117
YJR063W,YPL042C,0,-2.8177242,0.04836193472146988,0.21699999272823334,0.4269999861717224
YDR363W-A,YMR314W,1,-2.8177428,0.04857397451996803,0.21799999475479126,0.4269999861717224
YMR281W,YIL168W,0,-2.8179193,0.048563152551651,0.21799999475479126,0.4271000027656555
YDR342C,YLR268W,0,-2.81804,0.048552338033914566,0.21799999475479126,0.42719998955726624
YKL173W,YOR116C,0,-2.818109,0.04854152724146843,0.21799999475479126,0.42730000615119934
YMR163C,YPR124W,0,-2.818359,0.04853072017431259,0.21799999475479126,0.42739999294281006
YER025W,YBR200W,0,-2.8185205,0.04851992055773735,0.21799999475479126,0.42750000953674316
YFR004W,YKL213C,1,-2.8186293,0.048731643706560135,0.21899999678134918,0.42750000953674316
YHR043C,YGL017W,1,-2.8187017,0.04894326999783516,0.2199999988079071,0.42750000953674316
YDL202W,YDL045W-A,0,-2.818843,0.048932384699583054,0.2199999988079071,0.4275999963283539
YMR238W,YOR310C,0,-2.8188653,0.048921503126621246,0.2199999988079071,0.427700012922287
YOR130C,YBR083W,0,-2.8198047,0.04891062527894974,0.2199999988079071,0.4277999997138977
YLR433C,YHR107C,0,-2.8198292,0.048899754881858826,0.2199999988079071,0.4278999865055084
YMR264W,YBR280C,1,-2.820271,0.04911111295223236,0.22100000083446503,0.4278999865055084
YBL027W,YLR305C,0,-2.820691,0.049100201576948166,0.22100000083446503,0.42800000309944153
YJL034W,YLR380W,1,-2.820778,0.04931141808629036,0.22200000286102295,0.42800000309944153
YNL012W,YIR037W,0,-2.8208728,0.04930046573281288,0.22200000286102295,0.42809998989105225
YCR047C,YDR121W,0,-2.8211095,0.049289520829916,0.22200000286102295,0.42820000648498535
YDL061C,YMR285C,0,-2.821175,0.04927857965230942,0.22200000286102295,0.42829999327659607
YKL172W,YPL226W,0,-2.8213062,0.049267642199993134,0.22200000286102295,0.4284000098705292
YML052W,YPL028W,0,-2.821674,0.049256712198257446,0.22200000286102295,0.4284999966621399
YDR371W,YNL182C,0,-2.8217225,0.04924578592181206,0.22200000286102295,0.428600013256073
YGL077C,YML028W,0,-2.821921,0.04923486337065697,0.22200000286102295,0.4287000000476837
YPL027W,YOR168W,0,-2.8220215,0.049223948270082474,0.22200000286102295,0.42879998683929443
YHR044C,YDL079C,0,-2.8221157,0.04921303316950798,0.22200000286102295,0.42890000343322754
YDL099W,YML071C,0,-2.8222864,0.04920212924480438,0.22200000286102295,0.42899999022483826
YMR246W,YAL005C,0,-2.8222997,0.049191225320100784,0.22200000286102295,0.42910000681877136
YIL109C,YLR453C,0,-2.8223124,0.04918032884597778,0.22200000286102295,0.4291999936103821
YER082C,YDL201W,0,-2.8223271,0.04916943609714508,0.22200000286102295,0.4293000102043152
YOR326W,YPR166C,0,-2.8224416,0.049158547073602676,0.22200000286102295,0.4293999969959259
YGR049W,YOR115C,0,-2.8224688,0.04914766550064087,0.22200000286102295,0.429500013589859
YDR173C,YPL086C,0,-2.8225152,0.04913678765296936,0.22200000286102295,0.4296000003814697
YHR124W,YPL118W,0,-2.8226733,0.04912591353058815,0.22200000286102295,0.42969998717308044
YJR134C,YDR083W,0,-2.8228312,0.04911504313349724,0.22200000286102295,0.42980000376701355
YKL137W,YHR036W,0,-2.8228545,0.04910418018698692,0.22200000286102295,0.42989999055862427
YBR160W,YJL020C,0,-2.8230877,0.04909332096576691,0.22200000286102295,0.4300000071525574
YPL029W,YLL040C,0,-2.8238642,0.04908246919512749,0.22200000286102295,0.4300999939441681
YNL192W,YAL017W,0,-2.8241637,0.04907161742448807,0.22200000286102295,0.4302000105381012
YJL141C,YNL037C,0,-2.8250751,0.049060773104429245,0.22200000286102295,0.4302999973297119
YLL009C,YGR157W,0,-2.8251271,0.04904993250966072,0.22200000286102295,0.430400013923645
YBR082C,YPL065W,1,-2.8251982,0.04925999417901039,0.22300000488758087,0.430400013923645
YNL097C,YGL178W,0,-2.8252351,0.04924911633133888,0.22300000488758087,0.43050000071525574
YKL015W,YNL067W,0,-2.8252552,0.04923824220895767,0.22300000488758087,0.43059998750686646
YPR198W,YLR386W,0,-2.8253515,0.04922737181186676,0.22300000488758087,0.43070000410079956
YGR188C,YJL011C,0,-2.8254995,0.049216508865356445,0.22300000488758087,0.4307999908924103
YGR020C,YMR199W,0,-2.8255315,0.04920564964413643,0.22300000488758087,0.4309000074863434
YKL195W,YBL028C,0,-2.8255858,0.04919479414820671,0.22300000488758087,0.4309999942779541
YBR150C,YJL198W,0,-2.8256793,0.04918394237756729,0.22300000488758087,0.4311000108718872
YPL104W,YPL082C,0,-2.8256955,0.04917309805750847,0.22300000488758087,0.4311999976634979
YPR060C,YNL101W,0,-2.8257756,0.049162257462739944,0.22300000488758087,0.43130001425743103
YPL164C,YMR130W,0,-2.8259428,0.04915142059326172,0.22300000488758087,0.43140000104904175
YBR173C,YER021W,1,-2.8259904,0.04936095327138901,0.2240000069141388,0.43140000104904175
YLL041C,YIL127C,0,-2.8262503,0.0493500754237175,0.2240000069141388,0.43149998784065247
YDL229W,YBR001C,0,-2.826422,0.049339208751916885,0.2240000069141388,0.43160000443458557
YGR158C,YNL072W,0,-2.8266847,0.04932834208011627,0.2240000069141388,0.4316999912261963
YBR294W,YKL086W,0,-2.8267593,0.049317482858896255,0.2240000069141388,0.4318000078201294
YBL076C,YBL103C,0,-2.8268206,0.04930662736296654,0.2240000069141388,0.4318999946117401
YCR088W,YLR135W,0,-2.8269265,0.04929577559232712,0.2240000069141388,0.4320000112056732
YOR295W,YBR198C,0,-2.827148,0.049284927546978,0.2240000069141388,0.43209999799728394
YNL267W,YLR274W,0,-2.8272305,0.04927408695220947,0.2240000069141388,0.43220001459121704
YGL068W,YAR007C,0,-2.828132,0.04926325008273125,0.2240000069141388,0.43230000138282776
YHL007C,YEL011W,0,-2.8288307,0.04925241693854332,0.2240000069141388,0.4323999881744385
YDR060W,YHR147C,0,-2.8291419,0.04924159124493599,0.2240000069141388,0.4325000047683716
YKR081C,YNL236W,0,-2.829177,0.04923076927661896,0.2240000069141388,0.4325999915599823
YEL056W,YOR243C,0,-2.8293905,0.049219951033592224,0.2240000069141388,0.4327000081539154
YDL080C,YGR175C,0,-2.8294637,0.04920914024114609,0.2240000069141388,0.4327999949455261
YKL213C,YLR097C,1,-2.8295398,0.04941796511411667,0.22499999403953552,0.4327999949455261
YPL096W,YOL133W,1,-2.8297024,0.04962670058012009,0.22599999606609344,0.4327999949455261
YBR136W,YOL002C,0,-2.8297956,0.049615807831287384,0.22599999606609344,0.43290001153945923
YBL034C,YLR289W,0,-2.8297992,0.04960491508245468,0.22599999606609344,0.43299999833106995
YNL159C,YIL046W,1,-2.830122,0.04981347545981407,0.22699999809265137,0.43299999833106995
YDR074W,YPR162C,0,-2.830357,0.049802545458078384,0.22699999809265137,0.43309998512268066
YHR043C,YDR054C,1,-2.830568,0.05001096799969673,0.2280000001192093,0.43309998512268066
YPL281C,YOL110W,0,-2.8307161,0.05000000074505806,0.2280000001192093,0.43320000171661377
YJR025C,YGR087C,0,-2.8311205,0.049989037215709686,0.2280000001192093,0.4332999885082245
YOL111C,YDR146C,0,-2.8313222,0.04997808113694191,0.2280000001192093,0.4334000051021576
YBR020W,YBR004C,0,-2.8321228,0.04996712505817413,0.2280000001192093,0.4334999918937683
YGR041W,YIL065C,0,-2.8322601,0.04995618015527725,0.2280000001192093,0.4336000084877014
YLR318W,YML118W,0,-2.832288,0.04994523525238037,0.2280000001192093,0.43369999527931213
YHR161C,YDR495C,0,-2.8323796,0.04993429780006409,0.2280000001192093,0.43380001187324524
YNL032W,YOR222W,0,-2.832492,0.0499233640730381,0.2280000001192093,0.43389999866485596
YGR048W,YOL013C,1,-2.8324995,0.05013134703040123,0.2290000021457672,0.43389999866485596
YDR457W,YJL050W,0,-2.8325732,0.05012037605047226,0.2290000021457672,0.4339999854564667
YML025C,YOR202W,0,-2.832614,0.05010940879583359,0.2290000021457672,0.4341000020503998
YDL030W,YCR009C,0,-2.8326926,0.050098445266485214,0.2290000021457672,0.4341999888420105
YGR166W,YNR011C,0,-2.832892,0.05008748918771744,0.2290000021457672,0.4343000054359436
YGL206C,YDR169C,0,-2.832895,0.05007653683423996,0.2290000021457672,0.4343999922275543
YJL093C,YEL060C,0,-2.8331885,0.05006558820605278,0.2290000021457672,0.4345000088214874
YIL145C,YJR022W,0,-2.8337069,0.0500546433031559,0.2290000021457672,0.43459999561309814
YLR110C,YLR274W,0,-2.8337574,0.050043705850839615,0.2290000021457672,0.43470001220703125
YLR110C,YOR229W,0,-2.833891,0.05003277212381363,0.2290000021457672,0.43479999899864197
YGL001C,YBR106W,0,-2.8340895,0.05002184212207794,0.2290000021457672,0.4348999857902527
YML022W,YGR252W,0,-2.8342092,0.05001091957092285,0.2290000021457672,0.4350000023841858
YFL013C,YGL244W,0,-2.834519,0.05000000074505806,0.2290000021457672,0.4350999891757965
YML106W,YGL148W,0,-2.8346643,0.049989085644483566,0.2290000021457672,0.4352000057697296
YPR190C,YGR033C,0,-2.834934,0.04997817426919937,0.2290000021457672,0.43529999256134033
YMR272C,YDR119W,0,-2.835023,0.04996727034449577,0.2290000021457672,0.43540000915527344
YBR084C-A,YOR208W,0,-2.8351583,0.049956370145082474,0.2290000021457672,0.43549999594688416
YMR008C,YBR199W,0,-2.8351789,0.04994547367095947,0.2290000021457672,0.43560001254081726
YJL034W,YJL073W,1,-2.835419,0.05015263706445694,0.23000000417232513,0.43560001254081726
YBR227C,YJL214W,0,-2.835469,0.050141703337430954,0.23000000417232513,0.435699999332428
YOL133W,YDL126C,1,-2.8355107,0.050348736345767975,0.23100000619888306,0.435699999332428
YGR032W,YER125W,0,-2.8355136,0.050337765365839005,0.23100000619888306,0.4357999861240387
YNL012W,YLR136C,0,-2.8355465,0.05032679811120033,0.23100000619888306,0.4359000027179718
YLR113W,YFR055W,0,-2.8358269,0.05031583458185196,0.23100000619888306,0.4359999895095825
YKR098C,YHR079C,0,-2.836375,0.05030487850308418,0.23100000619888306,0.4361000061035156
YML073C,YGR185C,0,-2.8367085,0.050293926149606705,0.23100000619888306,0.43619999289512634
YPL188W,YLR144C,0,-2.8367882,0.050282977521419525,0.23100000619888306,0.43630000948905945
YAL040C,YOL049W,0,-2.8368154,0.05027203634381294,0.23100000619888306,0.43639999628067017
YMR238W,YML094W,0,-2.8370054,0.05026109516620636,0.23100000619888306,0.43650001287460327
YNL160W,YOR313C,0,-2.837193,0.050250161439180374,0.23100000619888306,0.436599999666214
YPL147W,YJL156C,0,-2.837409,0.050239235162734985,0.23100000619888306,0.4366999864578247
YAL008W,YDL174C,0,-2.8374724,0.0502283088862896,0.23100000619888306,0.4368000030517578
YGR285C,YCR094W,0,-2.8375874,0.050217390060424805,0.23100000619888306,0.43689998984336853
YJL034W,YGR135W,1,-2.8376565,0.050423819571733475,0.23199999332427979,0.43689998984336853
YPR112C,YBR172C,0,-2.838052,0.0504128634929657,0.23199999332427979,0.43700000643730164
YHR016C,YHR123W,0,-2.8383136,0.05040191113948822,0.23199999332427979,0.43709999322891235
YDR228C,YML064C,0,-2.8388138,0.05039096623659134,0.23199999332427979,0.43720000982284546
YBR294W,YGR200C,0,-2.8388903,0.05038002133369446,0.23199999332427979,0.4372999966144562
YNR043W,YMR169C,0,-2.8392205,0.050369083881378174,0.23199999332427979,0.4374000132083893
YHR013C,YOR145C,0,-2.839839,0.05035815015435219,0.23199999332427979,0.4375
YNR050C,YLR393W,0,-2.8400302,0.0503472238779068,0.23199999332427979,0.4375999867916107
YLR098C,YDR013W,0,-2.840039,0.05033629760146141,0.23199999332427979,0.4377000033855438
YOR085W,YNL160W,0,-2.8400517,0.05032537877559662,0.23199999332427979,0.43779999017715454
YMR104C,YIL049W,0,-2.8400621,0.050314463675022125,0.23199999332427979,0.43790000677108765
YCR053W,YLR306W,0,-2.8402905,0.05030355602502823,0.23199999332427979,0.43799999356269836
YGR048W,YPR103W,1,-2.8403437,0.05050943046808243,0.2329999953508377,0.43799999356269836
YDR156W,YGR006W,0,-2.8403583,0.05049848183989525,0.2329999953508377,0.43810001015663147
YER044C,YDR379W,0,-2.840375,0.050487540662288666,0.2329999953508377,0.4381999969482422
YPL259C,YOR294W,0,-2.8404458,0.05047660320997238,0.2329999953508377,0.4383000135421753
YNR026C,YDR363W-A,1,-2.8409564,0.05068226158618927,0.23399999737739563,0.4383000135421753
YLR219W,YNL007C,0,-2.8410625,0.05067128688097,0.23399999737739563,0.438400000333786
YOL038W,YPL065W,1,-2.8410974,0.050876814872026443,0.23499999940395355,0.438400000333786
YMR128W,YCL063W,0,-2.841126,0.05086579918861389,0.23499999940395355,0.43849998712539673
YER133W,YNL083W,0,-2.8412647,0.050854794681072235,0.23499999940395355,0.43860000371932983
YGL209W,YPR031W,0,-2.841353,0.05084379017353058,0.23499999940395355,0.43869999051094055
YJL108C,YNL297C,0,-2.8414626,0.05083279311656952,0.23499999940395355,0.43880000710487366
YNL008C,YMR161W,1,-2.841494,0.05103806406259537,0.23600000143051147,0.43880000710487366
YMR239C,YDL226C,0,-2.841527,0.051027026027441025,0.23600000143051147,0.4388999938964844
YDR219C,YGL017W,1,-2.8416367,0.05123216658830643,0.2370000034570694,0.4388999938964844
YPL177C,YPR005C,0,-2.8417945,0.0512210950255394,0.2370000034570694,0.4390000104904175
YLR364W,YLR172C,0,-2.8418393,0.05121002718806267,0.2370000034570694,0.4390999972820282
YJL143W,YAL061W,0,-2.8420997,0.051198963075876236,0.2370000034570694,0.4392000138759613
YLR424W,YOR182C,0,-2.8423653,0.0511879064142704,0.2370000034570694,0.439300000667572
YDR424C,YNL007C,0,-2.842366,0.051176853477954865,0.2370000034570694,0.43939998745918274
YDR334W,YGR155W,0,-2.8425443,0.051165804266929626,0.2370000034570694,0.43950000405311584
YJL047C,YGL048C,1,-2.842633,0.05137060210108757,0.23800000548362732,0.43950000405311584
YKR067W,YJR093C,0,-2.8426628,0.05135951563715935,0.23800000548362732,0.43959999084472656
YML048W,YBL097W,0,-2.8428397,0.05134843662381172,0.23800000548362732,0.43970000743865967
YFL008W,YMR305C,0,-2.8429334,0.051337361335754395,0.23800000548362732,0.4397999942302704
YNR069C,YGL224C,0,-2.842979,0.051326289772987366,0.23800000548362732,0.4399000108242035
YIR005W,YPL181W,0,-2.8429892,0.051315221935510635,0.23800000548362732,0.4399999976158142
YBR155W,YML080W,0,-2.8433614,0.0513041615486145,0.23800000548362732,0.4401000142097473
YOR144C,YOR085W,0,-2.8434672,0.05129310488700867,0.23800000548362732,0.44020000100135803
YDR064W,YML019W,0,-2.8436303,0.05128205195069313,0.23800000548362732,0.44029998779296875
YLR117C,YDR011W,0,-2.8437319,0.05127100273966789,0.23800000548362732,0.44040000438690186
YOR133W,YDR079C-A,0,-2.844166,0.05125996097922325,0.23800000548362732,0.4404999911785126
YKR092C,YNL115C,0,-2.84428,0.05124892294406891,0.23800000548362732,0.4406000077724457
YFL039C,YDR138W,0,-2.8442972,0.051237888634204865,0.23800000548362732,0.4406999945640564
YDR383C,YBR106W,0,-2.8443713,0.05122686177492142,0.23800000548362732,0.4408000111579895
YER006W,YCR034W,0,-2.84452,0.05121583864092827,0.23800000548362732,0.4408999979496002
YOL129W,YJL123C,0,-2.844535,0.05120481923222542,0.23800000548362732,0.4410000145435333
YER165W,YBR164C,0,-2.8448598,0.051193803548812866,0.23800000548362732,0.44110000133514404
YHR206W,YDR487C,0,-2.8449545,0.05118279531598091,0.23800000548362732,0.44119998812675476
YER039C,YGR002C,0,-2.8452148,0.051171790808439255,0.23800000548362732,0.44130000472068787
YNL125C,YDR318W,0,-2.845378,0.0511607900261879,0.23800000548362732,0.4413999915122986
YDR252W,YCR010C,0,-2.845406,0.051149796694517136,0.23800000548362732,0.4415000081062317
YLR449W,YOR096W,0,-2.8455186,0.05113880708813667,0.23800000548362732,0.4415999948978424
YMR008C,YJL093C,0,-2.8456302,0.05112782120704651,0.23800000548362732,0.4417000114917755
YCL033C,YPR029C,0,-2.8456483,0.05111683905124664,0.23800000548362732,0.44179999828338623
YDL074C,YHR062C,0,-2.8459268,0.051105860620737076,0.23800000548362732,0.44190001487731934
YPL008W,YBR175W,0,-2.8462186,0.051094889640808105,0.23800000548362732,0.44200000166893005
YGR188C,YGR295C,0,-2.8466105,0.051083922386169434,0.23800000548362732,0.44209998846054077
YNR008W,YDL110C,0,-2.8467424,0.05107296258211136,0.23800000548362732,0.4422000050544739
YDR322C-A,YDR173C,0,-2.847156,0.051062002778053284,0.23800000548362732,0.4422999918460846
YGR169C,YMR296C,0,-2.8477657,0.051051050424575806,0.23800000548362732,0.4424000084400177
YFR033C,YDL239C,0,-2.8480134,0.051040101796388626,0.23800000548362732,0.4424999952316284
YJL117W,YDL014W,0,-2.84834,0.05102916061878204,0.23800000548362732,0.4426000118255615
YGL179C,YPR020W,0,-2.8483415,0.05101821944117546,0.23800000548362732,0.44269999861717224
YBR048W,YLR285W,0,-2.8483744,0.051007285714149475,0.23800000548362732,0.44279998540878296
YJL087C,YNL210W,0,-2.8484201,0.05099635571241379,0.23800000548362732,0.44290000200271606
YGL004C,YDL007W,1,-2.8484557,0.05119965597987175,0.23899999260902405,0.44290000200271606
YGL017W,YER012W,1,-2.8484597,0.05140287056565285,0.23999999463558197,0.44290000200271606
YOR307C,YHR064C,0,-2.8484824,0.05139186233282089,0.23999999463558197,0.4429999887943268
YGR188C,YIL040W,0,-2.8487043,0.051380861550569534,0.23999999463558197,0.4431000053882599
YER164W,YBR222C,0,-2.848711,0.051369864493608475,0.23999999463558197,0.4431999921798706
YJL034W,YPL002C,1,-2.8487382,0.05157286673784256,0.2409999966621399,0.4431999921798706
YKL124W,YKL011C,0,-2.848741,0.051561832427978516,0.2409999966621399,0.4433000087738037
YGR222W,YJR125C,0,-2.849132,0.05155080184340477,0.2409999966621399,0.44339999556541443
YNL309W,YNR049C,0,-2.8493135,0.05153977870941162,0.2409999966621399,0.44350001215934753
YJR101W,YCR072C,0,-2.8493638,0.05152875930070877,0.2409999966621399,0.44359999895095825
YIR025W,YML088W,1,-2.8494534,0.05173150822520256,0.24199999868869781,0.44359999895095825
YGL004C,YDL126C,1,-2.8495421,0.051934175193309784,0.24300000071525574,0.44359999895095825
YDR079C-A,YCR010C,0,-2.8497305,0.051923077553510666,0.24300000071525574,0.44369998574256897
YDR403W,YNL037C,0,-2.849769,0.051911983639001846,0.24300000071525574,0.4438000023365021
YKL167C,YJR161C,0,-2.849959,0.051900897175073624,0.24300000071525574,0.4438999891281128
YGR113W,YEL071W,0,-2.8499892,0.0518898144364357,0.24300000071525574,0.4440000057220459
YLR105C,YOR145C,0,-2.850367,0.051878735423088074,0.24300000071525574,0.4440999925136566
YAL008W,YBR271W,0,-2.850541,0.051867663860321045,0.24300000071525574,0.4442000091075897
YHR184W,YMR241W,0,-2.8507829,0.051856592297554016,0.24300000071525574,0.44429999589920044
YMR287C,YDL178W,0,-2.8508644,0.05184553191065788,0.24300000071525574,0.44440001249313354
YKL171W,YCR057C,0,-2.8513532,0.05183447152376175,0.24300000071525574,0.44449999928474426
YLR176C,YGR154C,0,-2.8515162,0.051823414862155914,0.24300000071525574,0.444599986076355
YDR302W,YGR140W,0,-2.851839,0.051812365651130676,0.24300000071525574,0.4447000026702881
YDR326C,YCR011C,0,-2.8518968,0.05180132016539574,0.24300000071525574,0.4447999894618988
YIL133C,YJR134C,0,-2.851992,0.051790282130241394,0.24300000071525574,0.4449000060558319
YGR084C,YPL031C,0,-2.8520055,0.05177924409508705,0.24300000071525574,0.4449999928474426
YML088W,YBL041W,1,-2.8521006,0.05198125168681145,0.24400000274181366,0.4449999928474426
YMR139W,YAL013W,0,-2.852326,0.05197018012404442,0.24400000274181366,0.44510000944137573
YPL211W,YJL095W,0,-2.8528447,0.05195911228656769,0.24400000274181366,0.44519999623298645
YMR087W,YCL024W,0,-2.8528845,0.051948051899671555,0.24400000274181366,0.44530001282691956
YGL030W,YGR180C,0,-2.8529644,0.05193699523806572,0.24400000274181366,0.4453999996185303
YEL056W,YNL112W,0,-2.8530014,0.05192594230175018,0.24400000274181366,0.445499986410141
YLR251W,YDR332W,0,-2.8532205,0.051914893090724945,0.24400000274181366,0.4456000030040741
YML088W,YDR069C,1,-2.8532252,0.05211656913161278,0.24500000476837158,0.4456000030040741
YLL034C,YMR266W,0,-2.8534188,0.052105486392974854,0.24500000476837158,0.4456999897956848
YMR267W,YMR271C,0,-2.853812,0.05209440737962723,0.24500000476837158,0.4458000063896179
YMR067C,YGL017W,1,-2.8538349,0.05229591950774193,0.2460000067949295,0.4458000063896179
YJL172W,YKL008C,0,-2.8540654,0.05228480324149132,0.2460000067949295,0.44589999318122864
YOL156W,YJL029C,0,-2.8543024,0.052273694425821304,0.2460000067949295,0.44600000977516174
YDR358W,YMR022W,1,-2.8544083,0.052475038915872574,0.24699999392032623,0.44600000977516174
YML048W,YJR006W,0,-2.8544192,0.052463892847299576,0.24699999392032623,0.44609999656677246
YDR358W,YKL034W,1,-2.854467,0.0526651106774807,0.24799999594688416,0.44609999656677246
YBR030W,YNL270C,0,-2.854491,0.052653927356004715,0.24799999594688416,0.44620001316070557
YGL032C,YDL127W,0,-2.854802,0.05264275148510933,0.24799999594688416,0.4462999999523163
YDR238C,YPL101W,0,-2.8551927,0.05263157933950424,0.24799999594688416,0.446399986743927
YDL111C,YFL010W-A,0,-2.855208,0.05262041091918945,0.24799999594688416,0.4465000033378601
YDR368W,YOR246C,0,-2.8552756,0.05260924994945526,0.24799999594688416,0.4465999901294708
YJL074C,YGR041W,0,-2.8552828,0.05259809270501137,0.24799999594688416,0.44670000672340393
YER172C,YLR187W,0,-2.855322,0.05258693918585777,0.24799999594688416,0.44679999351501465
YJL034W,YDL097C,1,-2.8557158,0.05278778821229935,0.24899999797344208,0.44679999351501465
YIL103W,YHR112C,0,-2.855764,0.052776601165533066,0.24899999797344208,0.44690001010894775
YNL078W,YER171W,0,-2.8559465,0.05276541784405708,0.24899999797344208,0.44699999690055847
YDR402C,YPL032C,0,-2.856093,0.0527542382478714,0.24899999797344208,0.4471000134944916
YIR002C,YML064C,0,-2.8563294,0.05274306237697601,0.24899999797344208,0.4472000002861023
YBL011W,YDL148C,0,-2.8565292,0.052731893956661224,0.24899999797344208,0.447299987077713
YDR530C,YLR312W-A,0,-2.8565743,0.052720729261636734,0.24899999797344208,0.4474000036716461
YLR350W,YDL188C,0,-2.8568397,0.05270956829190254,0.24899999797344208,0.44749999046325684
YCR081W,YPR165W,0,-2.8569288,0.05269841104745865,0.24899999797344208,0.44760000705718994
YJL080C,YOR030W,0,-2.8569465,0.05268726125359535,0.24899999797344208,0.44769999384880066
YDR530C,YER004W,0,-2.8569837,0.052676115185022354,0.24899999797344208,0.44780001044273376
YBL039C,YLR418C,0,-2.8570724,0.052664972841739655,0.24899999797344208,0.4478999972343445
YIL103W,YFL003C,0,-2.857472,0.05265383794903755,0.24899999797344208,0.4480000138282776
YDR388W,YKR036C,0,-2.857654,0.05264270678162575,0.24899999797344208,0.4481000006198883
YKL172W,YOR308C,0,-2.857655,0.05263157933950424,0.24899999797344208,0.448199987411499
YMR316W,YBR033W,0,-2.8577032,0.052620455622673035,0.24899999797344208,0.44830000400543213
YGL211W,YNR021W,0,-2.8578165,0.052609339356422424,0.24899999797344208,0.44839999079704285
YGL125W,YDR221W,0,-2.8578815,0.05259822681546211,0.24899999797344208,0.44850000739097595
YAR019C,YOR369C,0,-2.857882,0.0525871179997921,0.24899999797344208,0.44859999418258667
YOR125C,YKL211C,0,-2.8579445,0.052576012909412384,0.24899999797344208,0.4487000107765198
YBR161W,YFR001W,0,-2.8582275,0.052564915269613266,0.24899999797344208,0.4487999975681305
YLR119W,YHR027C,1,-2.8585072,0.052764881402254105,0.25,0.4487999975681305
YFR052W,YKL206C,1,-2.858645,0.05296476185321808,0.25099998712539673,0.4487999975681305
YHL001W,YDL028C,0,-2.8586788,0.05295358598232269,0.25099998712539673,0.4489000141620636
YKL184W,YGL130W,0,-2.859007,0.052942417562007904,0.25099998712539673,0.4490000009536743
YGR206W,YGR175C,0,-2.8591814,0.052931252866983414,0.25099998712539673,0.44909998774528503
YDL112W,YLR228C,0,-2.8595147,0.05292009189724922,0.25099998712539673,0.44920000433921814
YGL220W,YJR160C,0,-2.8597612,0.05290893837809563,0.25099998712539673,0.44929999113082886
YDR330W,YDR177W,1,-2.8601508,0.05310853570699692,0.25200000405311584,0.44929999113082886
YGR199W,YML113W,0,-2.8602471,0.05309734493494034,0.25200000405311584,0.44940000772476196
YPR016C,YCR010C,0,-2.8603117,0.05308615788817406,0.25200000405311584,0.4494999945163727
YDR472W,YHR147C,0,-2.8604932,0.05307497829198837,0.25200000405311584,0.4496000111103058
YDL191W,YNL272C,0,-2.8608456,0.05306380242109299,0.25200000405311584,0.4496999979019165
YBR136W,YOR145C,0,-2.8610501,0.0530526302754879,0.25200000405311584,0.4498000144958496
YNL016W,YPL240C,0,-2.8613603,0.05304146558046341,0.25200000405311584,0.4499000012874603
YMR075W,YMR260C,0,-2.861391,0.05303030461072922,0.25200000405311584,0.44999998807907104
YCL050C,YDR492W,0,-2.8617864,0.053019147366285324,0.25200000405311584,0.45010000467300415
YOR381W,YPL087W,0,-2.8623357,0.05300799384713173,0.25200000405311584,0.45019999146461487
YHR094C,YCR026C,0,-2.8623796,0.05299684405326843,0.25200000405311584,0.450300008058548
YCL008C,YLR097C,1,-2.862429,0.05319596454501152,0.2529999911785126,0.450300008058548
YHR082C,YNL127W,0,-2.8627036,0.05318478122353554,0.2529999911785126,0.4503999948501587
YPL033C,YKL157W,0,-2.8627424,0.053173601627349854,0.2529999911785126,0.4505000114440918
YML093W,YIR002C,0,-2.8627515,0.053162429481744766,0.2529999911785126,0.4505999982357025
YER095W,YJR045C,0,-2.8627958,0.05315126106142998,0.2529999911785126,0.4507000148296356
YML029W,YLR207W,1,-2.8628745,0.05335013568401337,0.2540000081062317,0.4507000148296356
YKL038W,YLR197W,0,-2.8629575,0.05333893373608589,0.2540000081062317,0.45080000162124634
YGL048C,YDR069C,1,-2.8629818,0.05353768542408943,0.2549999952316284,0.45080000162124634
YGR216C,YER053C,0,-2.863204,0.05352644994854927,0.2549999952316284,0.45089998841285706
YPL065W,YDR394W,1,-2.863258,0.05372507870197296,0.25600001215934753,0.45089998841285706
YNL053W,YOR255W,0,-2.863276,0.053713805973529816,0.25600001215934753,0.45100000500679016
YER169W,YBR092C,0,-2.8633463,0.05370253697037697,0.25600001215934753,0.4510999917984009
YCR042C,YLR155C,0,-2.863425,0.05369127541780472,0.25600001215934753,0.451200008392334
YNL229C,YML093W,0,-2.8634794,0.053680017590522766,0.25600001215934753,0.4512999951839447
YDR285W,YML114C,0,-2.8635926,0.05366876348853111,0.25600001215934753,0.4514000117778778
YOR100C,YMR030W,0,-2.8635983,0.05365751311182976,0.25600001215934753,0.4514999985694885
YPR048W,YOR313C,0,-2.8636465,0.053646270185709,0.25600001215934753,0.45159998536109924
YLR160C,YGL044C,0,-2.863876,0.05363503098487854,0.25600001215934753,0.45170000195503235
YER082C,YDR140W,0,-2.8638918,0.05362379550933838,0.25600001215934753,0.45179998874664307
YGL213C,YHR092C,0,-2.8639264,0.053612563759088516,0.25600001215934753,0.45190000534057617
YFR036W,YNL064C,1,-2.8639588,0.0538107194006443,0.25699999928474426,0.45190000534057617
YJL020C,YHR018C,0,-2.864241,0.053799454122781754,0.25699999928474426,0.4519999921321869
YIL006W,YDL066W,0,-2.8642578,0.0537881962954998,0.25699999928474426,0.45210000872612
YOL133W,YMR119W,1,-2.865264,0.053986188024282455,0.257999986410141,0.45210000872612
YOL111C,YHR167W,0,-2.8653672,0.05397489666938782,0.257999986410141,0.4521999955177307
YLR176C,YEL040W,0,-2.8656373,0.05396360531449318,0.257999986410141,0.4523000121116638
YAL012W,YKL190W,0,-2.8658142,0.05395232141017914,0.257999986410141,0.45239999890327454
YOL038W,YBR290W,1,-2.8661752,0.054150115698575974,0.2590000033378601,0.45239999890327454
YKL101W,YGL103W,0,-2.866652,0.05413879454135895,0.2590000033378601,0.45249998569488525
YDR322C-A,YOL082W,0,-2.867055,0.05412748083472252,0.2590000033378601,0.45260000228881836
YDL065C,YCR054C,0,-2.8670616,0.05411617085337639,0.2590000033378601,0.4526999890804291
YER106W,YMR300C,0,-2.8671982,0.054104868322610855,0.2590000033378601,0.4528000056743622
YGL030W,YGR194C,0,-2.8672109,0.05409356579184532,0.2590000033378601,0.4528999924659729
YFR013W,YOR328W,0,-2.8672884,0.054082270711660385,0.2590000033378601,0.453000009059906
YLL009C,YOR095C,0,-2.8673694,0.05407097935676575,0.2590000033378601,0.4530999958515167
YFR032C-A,YGL077C,0,-2.8673725,0.054059695452451706,0.2590000033378601,0.45320001244544983
YMR250W,YLR020C,0,-2.8679721,0.05404841527342796,0.2590000033378601,0.45329999923706055
YNL257C,YOR181W,0,-2.868205,0.05403713881969452,0.2590000033378601,0.45339998602867126
YEL069C,YMR241W,0,-2.8683605,0.05402586609125137,0.2590000033378601,0.45350000262260437
YER180C,YPL123C,0,-2.868454,0.054014597088098526,0.2590000033378601,0.4535999894142151
YDR373W,YPL121C,0,-2.8686671,0.054003335535526276,0.2590000033378601,0.4537000060081482
YDR012W,YMR037C,0,-2.868689,0.053992077708244324,0.2590000033378601,0.4537999927997589
YLR045C,YLR373C,0,-2.8687277,0.05398082360625267,0.2590000033378601,0.453900009393692
YDR031W,YPL281C,0,-2.8687775,0.053969576954841614,0.2590000033378601,0.45399999618530273
YJL036W,YJR022W,0,-2.8689508,0.053958334028720856,0.2590000033378601,0.45410001277923584
YKL175W,YDR326C,0,-2.869184,0.053947094827890396,0.2590000033378601,0.45419999957084656
YIL009C-A,YDR013W,0,-2.869195,0.053935859352350235,0.2590000033378601,0.4542999863624573
YOR323C,YMR307W,0,-2.8692465,0.05392463132739067,0.2590000033378601,0.4544000029563904
YNL310C,YER048W-A,0,-2.8692532,0.053913407027721405,0.2590000033378601,0.4544999897480011
YBR213W,YNL270C,0,-2.8693464,0.05390218645334244,0.2590000033378601,0.4546000063419342
YOR075W,YNL236W,0,-2.8693619,0.05389096960425377,0.2590000033378601,0.4546999931335449
YKL193C,YBR136W,0,-2.8694081,0.0538797602057457,0.2590000033378601,0.454800009727478
YOR125C,YBR127C,0,-2.8700943,0.053868550807237625,0.2590000033378601,0.45489999651908875
YAR019C,YIL061C,0,-2.870296,0.05385735258460045,0.2590000033378601,0.45500001311302185
YNR010W,YIL027C,0,-2.8703861,0.05384615436196327,0.2590000033378601,0.45509999990463257
YCL038C,YGR179C,0,-2.8704658,0.053834959864616394,0.2590000033378601,0.4551999866962433
YOL040C,YGL094C,0,-2.8705225,0.05382377281785011,0.2590000033378601,0.4553000032901764
YGL033W,YGL201C,0,-2.8712978,0.05381258949637413,0.2590000033378601,0.4553999900817871
YLR027C,YJL033W,0,-2.8712997,0.053801413625478745,0.2590000033378601,0.4555000066757202
YER151C,YGR096W,0,-2.871633,0.05379023775458336,0.2590000033378601,0.45559999346733093
YCR020C,YMR168C,0,-2.8722417,0.05377906933426857,0.2590000033378601,0.45570001006126404
YGL229C,YMR042W,0,-2.8723993,0.05376790463924408,0.2590000033378601,0.45579999685287476
YPL258C,YPL226W,0,-2.872783,0.053756747394800186,0.2590000033378601,0.45590001344680786
YNL082W,YOL002C,0,-2.872913,0.05374559015035629,0.2590000033378601,0.4560000002384186
YKL074C,YOR312C,0,-2.873005,0.053734440356492996,0.2590000033378601,0.4560999870300293
YDR069C,YIL017C,1,-2.873044,0.05393071845173836,0.25999999046325684,0.4560999870300293
YLR405W,YIR032C,0,-2.8732,0.053919535130262375,0.25999999046325684,0.4562000036239624
YDR137W,YGR065C,0,-2.8735387,0.05390835553407669,0.25999999046325684,0.4562999904155731
YCR028C-A,YPR072W,0,-2.8745708,0.053897179663181305,0.25999999046325684,0.4564000070095062
YBR243C,YNR015W,0,-2.8753228,0.053886011242866516,0.25999999046325684,0.45649999380111694
YHL022C,YDL236W,0,-2.8755443,0.05387484282255173,0.25999999046325684,0.45660001039505005
YMR026C,YHR141C,0,-2.8755622,0.053863681852817535,0.25999999046325684,0.45669999718666077
YCR003W,YDR446W,0,-2.8756483,0.05385252833366394,0.25999999046325684,0.45680001378059387
YLR109W,YPL132W,0,-2.875861,0.053841374814510345,0.25999999046325684,0.4569000005722046
YMR213W,YOR255W,0,-2.8760777,0.05383022874593735,0.25999999046325684,0.4569999873638153
YOR381W,YLR320W,0,-2.8760967,0.05381908640265465,0.25999999046325684,0.4571000039577484
YER086W,YPL082C,0,-2.8761487,0.05380794778466225,0.25999999046325684,0.45719999074935913
YMR199W,YDR313C,0,-2.8763022,0.053796812891960144,0.25999999046325684,0.45730000734329224
YOL033W,YMR202W,0,-2.8763995,0.05378568544983864,0.25999999046325684,0.45739999413490295
YPL148C,YGL124C,0,-2.8764417,0.05377456173300743,0.25999999046325684,0.45750001072883606
YGR135W,YGL017W,1,-2.8766742,0.053970225155353546,0.26100000739097595,0.45750001072883606
YPR164W,YLR116W,0,-2.8767881,0.053959064185619354,0.26100000739097595,0.4575999975204468
YGR123C,YMR065W,0,-2.8768733,0.05394791066646576,0.26100000739097595,0.4577000141143799
YDR242W,YIL072W,0,-2.876905,0.05393676459789276,0.26100000739097595,0.4578000009059906
YBR172C,YGR065C,0,-2.8770564,0.05392561852931976,0.26100000739097595,0.4578999876976013
YPL084W,YIL046W,1,-2.8770583,0.054121050983667374,0.2619999945163727,0.4578999876976013
YMR089C,YNR074C,0,-2.8771064,0.05410987138748169,0.2619999945163727,0.4580000042915344
YOL104C,YML080W,0,-2.8771484,0.0540986992418766,0.2619999945163727,0.45809999108314514
YEL030W,YBR156C,0,-2.8771958,0.05408753082156181,0.2619999945163727,0.45820000767707825
YNL101W,YBR291C,0,-2.8774056,0.05407636612653732,0.2619999945163727,0.45829999446868896
YER086W,YIL128W,0,-2.8774657,0.05406520888209343,0.2619999945163727,0.45840001106262207
YHR031C,YKL119C,0,-2.877554,0.054054055362939835,0.2619999945163727,0.4584999978542328
YPL144W,YIR018W,0,-2.8776503,0.05404290556907654,0.2619999945163727,0.4586000144481659
YPL273W,YGR200C,0,-2.8778646,0.05403175950050354,0.2619999945163727,0.4587000012397766
YBR084C-A,YKL108W,0,-2.8783107,0.05402061715722084,0.2619999945163727,0.45879998803138733
YDR470C,YDR252W,0,-2.8784075,0.05400948226451874,0.2619999945163727,0.45890000462532043
YLR318W,YHR025W,0,-2.878693,0.053998351097106934,0.2619999945163727,0.45899999141693115
YGL150C,YGL181W,0,-2.8787196,0.05398722365498543,0.2619999945163727,0.45910000801086426
YHR178W,YNL007C,0,-2.8787475,0.05397610366344452,0.2619999945163727,0.459199994802475
YHR043C,YIR025W,1,-2.8789866,0.05417095869779587,0.2630000114440918,0.459199994802475
YER115C,YBL019W,0,-2.8791008,0.054159801453351974,0.2630000114440918,0.4593000113964081
YPL106C,YDR067C,0,-2.879136,0.05414865165948868,0.2630000114440918,0.4593999981880188
YDL195W,YPR133W-A,0,-2.879137,0.05413750559091568,0.2630000114440918,0.4595000147819519
YJR137C,YDL144C,0,-2.8791535,0.05412636324763298,0.2630000114440918,0.4596000015735626
YJR007W,YNL335W,0,-2.880149,0.05411522462964058,0.2630000114440918,0.45969998836517334
YGR096W,YIR022W,0,-2.8803725,0.054104093462228775,0.2630000114440918,0.45980000495910645
YGL033W,YOR294W,0,-2.8805182,0.05409296602010727,0.2630000114440918,0.45989999175071716
YOR127W,YJR017C,0,-2.8807192,0.05408184230327606,0.2630000114440918,0.46000000834465027
YBR276C,YDL192W,0,-2.8813093,0.05407072231173515,0.2630000114440918,0.460099995136261
YKR068C,YOR047C,0,-2.881311,0.05405960977077484,0.2630000114440918,0.4602000117301941
YLR251W,YDL083C,0,-2.8813872,0.05404850095510483,0.2630000114440918,0.4602999985218048
YMR163C,YGL137W,0,-2.8814478,0.05403739586472511,0.2630000114440918,0.4603999853134155
YOL104C,YGR223C,0,-2.881672,0.054026294499635696,0.2630000114440918,0.46050000190734863
YPL060W,YOR142W,0,-2.88204,0.05401519685983658,0.2630000114440918,0.46059998869895935
YBR283C,YAL040C,0,-2.8820806,0.05400410667061806,0.2630000114440918,0.46070000529289246
YIL074C,YDL170W,0,-2.88215,0.053993020206689835,0.2630000114440918,0.4607999920845032
YDL060W,YKL053C-A,0,-2.8824048,0.05398193746805191,0.2630000114440918,0.4609000086784363
YPR185W,YJR110W,0,-2.8824272,0.053970858454704285,0.2630000114440918,0.460999995470047
YGL225W,YML038C,0,-2.8824296,0.053959786891937256,0.2630000114440918,0.4611000120639801
YPL240C,YJR002W,0,-2.8826377,0.053948719054460526,0.2630000114440918,0.4611999988555908
YAR014C,YHR123W,0,-2.882889,0.053937654942274094,0.2630000114440918,0.46129998564720154
YMR228W,YGR284C,0,-2.8831291,0.05392659455537796,0.2630000114440918,0.46140000224113464
YGR143W,YDL239C,0,-2.8833025,0.053915537893772125,0.2630000114440918,0.46149998903274536
YIL046W,YDL126C,1,-2.8838356,0.05410945042967796,0.2639999985694885,0.46149998903274536
YPR178W,YLR336C,0,-2.8839426,0.05409836024045944,0.2639999985694885,0.46160000562667847
YGL097W,YIL094C,0,-2.883978,0.05408727750182152,0.2639999985694885,0.4616999924182892
YLR295C,YOR393W,0,-2.8846498,0.05407619848847389,0.2639999985694885,0.4618000090122223
YDR123C,YDR074W,0,-2.8846955,0.054065123200416565,0.2639999985694885,0.461899995803833
YEL041W,YHR183W,0,-2.8847158,0.054054055362939835,0.2639999985694885,0.4620000123977661
YKL221W,YGR264C,0,-2.8847923,0.054042987525463104,0.2639999985694885,0.46209999918937683
YNL292W,YLR081W,0,-2.8848276,0.05403192713856697,0.2639999985694885,0.46219998598098755
YCR002C,YDR195W,0,-2.8848567,0.054020870476961136,0.2639999985694885,0.46230000257492065
YNL261W,YPL131W,0,-2.885611,0.0540098212659359,0.2639999985694885,0.46239998936653137
YKR042W,YGR101W,0,-2.8857594,0.05399877205491066,0.2639999985694885,0.4625000059604645
YML109W,YKL107W,0,-2.8858016,0.05398773029446602,0.2639999985694885,0.4625999927520752
YPL106C,YER039C,0,-2.8860884,0.053976692259311676,0.2639999985694885,0.4627000093460083
YDL147W,YPL065W,1,-2.8862803,0.054170072078704834,0.26499998569488525,0.4627000093460083
YLR005W,YIR005W,0,-2.8866582,0.054159004241228104,0.26499998569488525,0.462799996137619
YNR002C,YLR371W,0,-2.8867598,0.05414793640375137,0.26499998569488525,0.4629000127315521
YGR088W,YER019C-A,0,-2.8867598,0.05413687601685524,0.26499998569488525,0.46299999952316284
YDR097C,YOR198C,0,-2.887332,0.054125815629959106,0.26499998569488525,0.46309998631477356
YHR187W,YHR123W,0,-2.8876119,0.05411476269364357,0.26499998569488525,0.46320000290870667
YGR090W,YPL212C,0,-2.8885846,0.05410371720790863,0.26499998569488525,0.4632999897003174
YEL009C,YNR049C,0,-2.888585,0.05409267172217369,0.26499998569488525,0.4634000062942505
YLR425W,YBR009C,0,-2.8886368,0.05408163368701935,0.26499998569488525,0.4634999930858612
YLR305C,YDR299W,0,-2.8888428,0.054070599377155304,0.26499998569488525,0.4636000096797943
YMR217W,YNL186W,0,-2.8888578,0.05405956879258156,0.26499998569488525,0.46369999647140503
YKR058W,YHR089C,0,-2.8894708,0.05404854193329811,0.26499998569488525,0.46380001306533813
YGL065C,YMR290C,0,-2.8894725,0.05403751879930496,0.26499998569488525,0.46389999985694885
YPL096W,YPR103W,1,-2.88966,0.054230377078056335,0.26600000262260437,0.46389999985694885
YDR173C,YMR020W,0,-2.8898458,0.0542193241417408,0.26600000262260437,0.46399998664855957
YKR058W,YDR453C,0,-2.8898997,0.05420827493071556,0.26600000262260437,0.4641000032424927
YLL013C,YMR094W,0,-2.8901658,0.05419722944498062,0.26600000262260437,0.4641999900341034
YKR039W,YJR119C,0,-2.8903482,0.05418618768453598,0.26600000262260437,0.4643000066280365
YIR028W,YML118W,0,-2.890444,0.054175153374671936,0.26600000262260437,0.4643999934196472
YGR133W,YLR433C,0,-2.8907838,0.05416412279009819,0.26600000262260437,0.4645000100135803
YAL001C,YPL060W,0,-2.891389,0.05415309593081474,0.26600000262260437,0.46459999680519104
YDR320C,YMR159C,0,-2.891438,0.054142072796821594,0.26600000262260437,0.46470001339912415
YPR135W,YLR355C,0,-2.8924608,0.054131053388118744,0.26600000262260437,0.46480000019073486
YLR364W,YEL009C,0,-2.8928137,0.05412004142999649,0.26600000262260437,0.4648999869823456
YOR336W,YPL124W,0,-2.892915,0.054109033197164536,0.26600000262260437,0.4650000035762787
YLR401C,YCL061C,0,-2.8929453,0.05409802868962288,0.26600000262260437,0.4650999903678894
YLR099C,YOR150W,0,-2.8932912,0.05408702790737152,0.26600000262260437,0.4652000069618225
YDL215C,YKL017C,0,-2.8932998,0.05407603085041046,0.26600000262260437,0.4652999937534332
YLR187W,YJR158W,0,-2.8935475,0.05406504124403,0.26600000262260437,0.46540001034736633
YIL034C,YJL085W,0,-2.8937044,0.054054055362939835,0.26600000262260437,0.46549999713897705
YML106W,YIL084C,0,-2.8939166,0.05404307320713997,0.26600000262260437,0.46560001373291016
YGL257C,YNL312W,0,-2.8940341,0.0540320947766304,0.26600000262260437,0.4657000005245209
YGL013C,YDR083W,0,-2.8940992,0.05402112007141113,0.26600000262260437,0.4657999873161316
YHR046C,YOL028C,0,-2.8941522,0.05401015281677246,0.26600000262260437,0.4659000039100647
YMR283C,YBR104W,0,-2.8944223,0.05399918928742409,0.26600000262260437,0.4659999907016754
YGR032W,YNL282W,0,-2.8944693,0.05398822948336601,0.26600000262260437,0.4661000072956085
YNL239W,YNL307C,0,-2.894768,0.053977273404598236,0.26600000262260437,0.46619999408721924
YGR198W,YBL103C,0,-2.8949304,0.05396632105112076,0.26600000262260437,0.46630001068115234
YNL026W,YMR268C,0,-2.8953576,0.05395537614822388,0.26600000262260437,0.46639999747276306
YAL041W,YNL178W,0,-2.8953695,0.053944434970617294,0.26600000262260437,0.46650001406669617
YML106W,YFL008W,0,-2.8954751,0.05393349379301071,0.26600000262260437,0.4666000008583069
YPR054W,YNL061W,0,-2.8954988,0.053922563791275024,0.26600000262260437,0.4666999876499176
YGR199W,YPR133W-A,0,-2.895838,0.05391163378953934,0.26600000262260437,0.4668000042438507
YNL116W,YBR293W,0,-2.8962922,0.05390070751309395,0.26600000262260437,0.4668999910354614
YER082C,YPR124W,0,-2.8963113,0.053889788687229156,0.26600000262260437,0.46700000762939453
YKL127W,YGR076C,0,-2.89648,0.05387887358665466,0.26600000262260437,0.46709999442100525
YDR363W-A,YMR184W,1,-2.8967695,0.054070472717285156,0.2669999897480011,0.46709999442100525
YPL091W,YBL017C,0,-2.8967845,0.054059527814388275,0.2669999897480011,0.46720001101493835
YNR015W,YDL206W,0,-2.8972704,0.054048582911491394,0.2669999897480011,0.4672999978065491
YJL139C,YGL055W,0,-2.8973625,0.05403764545917511,0.2669999897480011,0.4674000144004822
YCL004W,YJR139C,0,-2.8975046,0.054026708006858826,0.2669999897480011,0.4675000011920929
YGR279C,YML064C,0,-2.897777,0.05401578173041344,0.2669999897480011,0.4675999879837036
YOL139C,YNL128W,0,-2.8978953,0.05400485545396805,0.2669999897480011,0.4677000045776367
YPR030W,YLR187W,0,-2.8979006,0.05399393290281296,0.2669999897480011,0.46779999136924744
YHR079C,YBL078C,0,-2.8979201,0.053983017802238464,0.2669999897480011,0.46790000796318054
YML130C,YOR332W,0,-2.8980515,0.05397210270166397,0.2669999897480011,0.46799999475479126
YDL061C,YDR046C,0,-2.8981416,0.053961195051670074,0.2669999897480011,0.46810001134872437
YNL080C,YDR231C,0,-2.8983784,0.053950291126966476,0.2669999897480011,0.4681999981403351
YKL198C,YBR154C,0,-2.8984451,0.053939394652843475,0.2669999897480011,0.4683000147342682
YHR041C,YPL183W-A,0,-2.8989143,0.053928498178720474,0.2669999897480011,0.4684000015258789
YFL009W,YML088W,1,-2.8991737,0.054119545966386795,0.2680000066757202,0.4684000015258789
YMR067C,YPL065W,1,-2.899365,0.05431051924824715,0.26899999380111694,0.4684000015258789
YNL014W,YDR225W,0,-2.899447,0.05429955571889877,0.26899999380111694,0.4684999883174896
YLR129W,YOR298C-A,0,-2.899555,0.0542885959148407,0.26899999380111694,0.46860000491142273
YIL034C,YKR090W,0,-2.8996792,0.05427764356136322,0.26899999380111694,0.46869999170303345
YOR288C,YGR157W,0,-2.8997803,0.05426669493317604,0.26899999380111694,0.46880000829696655
YCR004C,YAR027W,0,-2.8997889,0.05425575003027916,0.26899999380111694,0.46889999508857727
YGR096W,YOR077W,0,-2.899866,0.05424480885267258,0.26899999380111694,0.4690000116825104
YNL281W,YKL143W,0,-2.8998857,0.05423387140035629,0.26899999380111694,0.4690999984741211
YGL155W,YGR157W,0,-2.9001236,0.05422293767333031,0.26899999380111694,0.4691999852657318
YBL039C,YLR344W,0,-2.900315,0.05421201139688492,0.26899999380111694,0.4693000018596649
YGL106W,YBL069W,0,-2.9003315,0.05420108884572983,0.26899999380111694,0.46939998865127563
YER046W,YBR179C,0,-2.9005418,0.054190170019865036,0.26899999380111694,0.46950000524520874
YHR082C,YBL061C,0,-2.9008315,0.05417925491929054,0.26899999380111694,0.46959999203681946
YJR161C,YMR006C,0,-2.901066,0.05416834354400635,0.26899999380111694,0.46970000863075256
YDR320C,YKL165C,0,-2.9013367,0.05415743961930275,0.26899999380111694,0.4697999954223633
YDL132W,YGL227W,1,-2.9017446,0.054347824305295944,0.27000001072883606,0.4697999954223633
YDL181W,YLR389C,0,-2.9020805,0.05433688685297966,0.27000001072883606,0.4699000120162964
YML126C,YIR022W,0,-2.902679,0.05432595685124397,0.27000001072883606,0.4699999988079071
YGR167W,YDR296W,0,-2.9032974,0.054315026849508286,0.27000001072883606,0.4700999855995178
YDL181W,YMR277W,0,-2.9035828,0.054304104298353195,0.27000001072883606,0.4702000021934509
YJL072C,YOR230W,0,-2.903613,0.054293181747198105,0.27000001072883606,0.47029998898506165
YCL008C,YLR119W,1,-2.9036405,0.054483313113451004,0.2709999978542328,0.47029998898506165
YPL007C,YGL253W,0,-2.9036644,0.054472360759973526,0.2709999978542328,0.47040000557899475
YFL002C,YDR454C,0,-2.9038815,0.054461415857076645,0.2709999978542328,0.47049999237060547
YDR403W,YBR237W,0,-2.9038954,0.054450470954179764,0.2709999978542328,0.4706000089645386
YHR010W,YCL055W,0,-2.9048047,0.05443953350186348,0.2709999978542328,0.4706999957561493
YBR294W,YBR058C-A,0,-2.904807,0.054428599774837494,0.2709999978542328,0.4708000123500824
YBR173C,YLR119W,1,-2.9053278,0.0546184740960598,0.2720000147819519,0.4708000123500824
YLR376C,YDR492W,0,-2.9054937,0.05460750684142113,0.2720000147819519,0.4708999991416931
YER185W,YDL108W,0,-2.9055877,0.05459654703736305,0.2720000147819519,0.47099998593330383
YLR208W,YNL311C,1,-2.9056237,0.05478627234697342,0.27300000190734863,0.47099998593330383
YGR091W,YFL018C,0,-2.905697,0.05477528274059296,0.27300000190734863,0.47110000252723694
YDR363W-A,YKL206C,1,-2.9059732,0.05496489629149437,0.27399998903274536,0.47110000252723694
YMR162C,YDR346C,0,-2.90647,0.05495386943221092,0.27399998903274536,0.47119998931884766
YDL137W,YDR369C,0,-2.906482,0.05494285002350807,0.27399998903274536,0.47130000591278076
YDL005C,YNL077W,0,-2.9065926,0.05493183806538582,0.27399998903274536,0.4713999927043915
YOL033W,YHR072W,0,-2.9066548,0.054920826107263565,0.27399998903274536,0.4715000092983246
YML073C,YJR070C,0,-2.9068146,0.05490981787443161,0.27399998903274536,0.4715999960899353
YNR003C,YLR356W,0,-2.9068189,0.05489881709218025,0.27399998903274536,0.4717000126838684
YDL232W,YML022W,0,-2.9069748,0.05488782003521919,0.27399998903274536,0.4717999994754791
YEL046C,YPL172C,0,-2.9071193,0.05487682670354843,0.27399998903274536,0.47189998626708984
YFR032C-A,YMR182C,0,-2.9072394,0.05486584082245827,0.27399998903274536,0.47200000286102295
YDL227C,YLR371W,0,-2.907392,0.0548548549413681,0.27399998903274536,0.47209998965263367
YDL097C,YDR363W-A,1,-2.9077606,0.055044036358594894,0.2750000059604645,0.47209998965263367
YER094C,YJR090C,1,-2.9081154,0.05523313954472542,0.2759999930858612,0.47209998965263367
YBR020W,YBR128C,0,-2.9083142,0.05522209033370018,0.2759999930858612,0.4722000062465668
YBR136W,YOR229W,0,-2.9084353,0.05521104112267494,0.2759999930858612,0.4722999930381775
YNL014W,YER044C,0,-2.908683,0.0551999993622303,0.2759999930858612,0.4724000096321106
YJR044C,YKR086W,0,-2.9088826,0.05518896132707596,0.2759999930858612,0.4724999964237213
YBR019C,YHR164C,0,-2.9089313,0.055177927017211914,0.2759999930858612,0.4726000130176544
YDR519W,YDL191W,0,-2.909054,0.05516690015792847,0.2759999930858612,0.47269999980926514
YJL048C,YDL008W,1,-2.9091482,0.05535571649670601,0.2770000100135803,0.47269999980926514
YDR076W,YHR188C,0,-2.9092474,0.055344656109809875,0.2770000100135803,0.47279998660087585
YDL232W,YDL095W,0,-2.9092627,0.05533359944820404,0.2770000100135803,0.47290000319480896
YJL020C,YOL158C,0,-2.9093444,0.0553225502371788,0.2770000100135803,0.4729999899864197
YNL096C,YNR008W,0,-2.9096198,0.055311501026153564,0.2770000100135803,0.4731000065803528
YKR069W,YPR119W,0,-2.90968,0.05530045926570892,0.2770000100135803,0.4731999933719635
YER103W,YMR033W,0,-2.9099088,0.05528942123055458,0.2770000100135803,0.4733000099658966
YHR046C,YPL214C,0,-2.9099321,0.055278386920690536,0.2770000100135803,0.4733999967575073
YGL008C,YKR038C,0,-2.9101028,0.05526736006140709,0.2770000100135803,0.47350001335144043
YHR051W,YPL152W,0,-2.9101324,0.05525633320212364,0.2770000100135803,0.47360000014305115
YLR390W,YPL024W,0,-2.9104218,0.05524531379342079,0.2770000100135803,0.47369998693466187
YCL027W,YKL203C,0,-2.9105048,0.05523429811000824,0.2770000100135803,0.47380000352859497
YBR077C,YDL014W,0,-2.9108505,0.055223286151885986,0.2770000100135803,0.4738999903202057
YDL097C,YIL046W,1,-2.910872,0.055411599576473236,0.27799999713897705,0.4738999903202057
YNR001C,YNL128W,0,-2.9108784,0.055400557816028595,0.27799999713897705,0.4740000069141388
YPL187W,YFR007W,0,-2.9111633,0.05538951978087425,0.27799999713897705,0.4740999937057495
YKR057W,YCR093W,0,-2.9112096,0.05537848547101021,0.27799999713897705,0.4742000102996826
YFR013W,YHR171W,0,-2.9112837,0.05536745488643646,0.27799999713897705,0.47429999709129333
YHR123W,YDL084W,0,-2.9113276,0.055356431752443314,0.27799999713897705,0.47440001368522644
YNL261W,YLR029C,0,-2.911386,0.05534541234374046,0.27799999713897705,0.47450000047683716
YPL086C,YIL139C,0,-2.9114754,0.05533439666032791,0.27799999713897705,0.4745999872684479
YHR072W-A,YOR232W,0,-2.91149,0.05532338470220566,0.27799999713897705,0.474700003862381
YNL281W,YNL178W,0,-2.9117672,0.0553123764693737,0.27799999713897705,0.4747999906539917
YHL033C,YBR092C,0,-2.91227,0.055301371961832047,0.27799999713897705,0.4749000072479248
YBR214W,YOL002C,0,-2.9123316,0.05529037490487099,0.27799999713897705,0.4749999940395355
YOL064C,YPL211W,0,-2.9123535,0.05527937784790993,0.27799999713897705,0.47510001063346863
YHR160C,YLR424W,0,-2.9125407,0.055268388241529465,0.27799999713897705,0.47519999742507935
YGL077C,YDR195W,0,-2.912612,0.0552574023604393,0.27799999713897705,0.47530001401901245
YFL022C,YBR020W,0,-2.9128401,0.05524642392992973,0.27799999713897705,0.47540000081062317
YKR092C,YCL027W,0,-2.9132147,0.055235445499420166,0.27799999713897705,0.4754999876022339
YGL062W,YML025C,0,-2.9132159,0.055224474519491196,0.27799999713897705,0.475600004196167
YOR216C,YCL031C,0,-2.913497,0.055213507264852524,0.27799999713897705,0.4756999909877777
YPL072W,YGR262C,0,-2.913526,0.05520254001021385,0.27799999713897705,0.4758000075817108
YGL086W,YLR364W,0,-2.9136372,0.055191583931446075,0.27799999713897705,0.47589999437332153
YER039C,YDR405W,0,-2.913792,0.0551806278526783,0.27799999713897705,0.47600001096725464
YGR013W,YIL124W,0,-2.9139051,0.05516967549920082,0.27799999713897705,0.47609999775886536
YBR152W,YOL148C,0,-2.9139345,0.05515873059630394,0.27799999713897705,0.47620001435279846
YPL227C,YER122C,0,-2.9141903,0.05514778941869736,0.27799999713897705,0.4763000011444092
YEL060C,YLR403W,0,-2.914339,0.05513685196638107,0.27799999713897705,0.4763999879360199
YDR060W,YOL054W,0,-2.9143934,0.05512591823935509,0.27799999713897705,0.476500004529953
YER078C,YDL210W,0,-2.9144306,0.0551149882376194,0.27799999713897705,0.4765999913215637
YGL241W,YGR155W,0,-2.914443,0.05510406196117401,0.27799999713897705,0.4767000079154968
YDL099W,YMR008C,0,-2.914483,0.05509314313530922,0.27799999713897705,0.47679999470710754
YKR048C,YOR035C,0,-2.914514,0.055082228034734726,0.27799999713897705,0.47690001130104065
YKL022C,YBR290W,1,-2.9150722,0.05526941269636154,0.27900001406669617,0.47690001130104065
YJL145W,YOR307C,0,-2.9155216,0.05525846779346466,0.27900001406669617,0.47699999809265137
YNR016C,YOR293W,0,-2.9156523,0.05524752289056778,0.27900001406669617,0.4771000146865845
YOR212W,YPR201W,0,-2.9157631,0.055236585438251495,0.27900001406669617,0.4772000014781952
YMR008C,YOR201C,0,-2.9165711,0.05522565171122551,0.27900001406669617,0.4772999882698059
YCR028C-A,YOL113W,0,-2.916773,0.05521472543478012,0.27900001406669617,0.477400004863739
YEL058W,YPL024W,0,-2.9168253,0.05520379915833473,0.27900001406669617,0.47749999165534973
YOR329C,YBL037W,0,-2.9169183,0.05519287660717964,0.27900001406669617,0.47760000824928284
YOR298W,YDR527W,0,-2.917196,0.05518196150660515,0.27900001406669617,0.47769999504089355
YMR287C,YOR212W,0,-2.9175491,0.05517105013132095,0.27900001406669617,0.47780001163482666
YGL051W,YIL015W,0,-2.917564,0.05516014248132706,0.27900001406669617,0.4778999984264374
YGL019W,YDL130W-A,0,-2.9181492,0.05514923855662346,0.27900001406669617,0.4779999852180481
YER117W,YKR055W,0,-2.9182026,0.05513833835721016,0.27900001406669617,0.4781000018119812
YDL166C,YHR072W,0,-2.9182708,0.05512744560837746,0.27900001406669617,0.4781999886035919
YGR264C,YHR084W,0,-2.9185486,0.055116552859544754,0.27900001406669617,0.478300005197525
YBR066C,YCR039C,0,-2.9185786,0.05510566756129265,0.27900001406669617,0.47839999198913574
YNL275W,YBL045C,0,-2.9185834,0.05509478598833084,0.27900001406669617,0.47850000858306885
YMR182C,YHR042W,0,-2.919055,0.05508390814065933,0.27900001406669617,0.47859999537467957
YNL259C,YKR035W-A,0,-2.9191155,0.05507303774356842,0.27900001406669617,0.47870001196861267
YMR314W,YDR069C,1,-2.9196079,0.055259522050619125,0.2800000011920929,0.47870001196861267
YJL112W,YKR003W,0,-2.9197435,0.05524861812591553,0.2800000011920929,0.4787999987602234
YJR051W,YPR190C,0,-2.9197917,0.05523771792650223,0.2800000011920929,0.4788999855518341
YER036C,YOL066C,0,-2.9200163,0.055226825177669525,0.2800000011920929,0.4790000021457672
YOR151C,YOL125W,0,-2.9203153,0.05521593242883682,0.2800000011920929,0.47909998893737793
YPR159W,YDL245C,0,-2.9209087,0.05520504713058472,0.2800000011920929,0.47920000553131104
YOR275C,YHR034C,0,-2.9211345,0.05519416555762291,0.2800000011920929,0.47929999232292175
YGL147C,YOR304W,0,-2.921246,0.0551832877099514,0.2800000011920929,0.47940000891685486
YHR168W,YHR176W,0,-2.9214067,0.05517241358757019,0.2800000011920929,0.4794999957084656
YER148W,YPR132W,0,-2.9217756,0.05516154319047928,0.2800000011920929,0.4796000123023987
YIL074C,YNL084C,0,-2.922089,0.055150680243968964,0.2800000011920929,0.4796999990940094
YGL133W,YHR187W,0,-2.922099,0.05513981729745865,0.2800000011920929,0.4797999858856201
YOR242C,YML015C,0,-2.9222994,0.05512896180152893,0.2800000011920929,0.4799000024795532
YAL024C,YML014W,0,-2.9223268,0.05511811003088951,0.2800000011920929,0.47999998927116394
YBR265W,YNL075W,0,-2.922844,0.05510726198554039,0.2800000011920929,0.48010000586509705
YML029W,YDR143C,1,-2.922979,0.055293191224336624,0.2809999883174896,0.48010000586509705
YGR281W,YGR247W,0,-2.9230723,0.055282313376665115,0.2809999883174896,0.48019999265670776
YDL138W,YOR188W,0,-2.9237072,0.055271439254283905,0.2809999883174896,0.48030000925064087
YIR032C,YNL297C,0,-2.9239902,0.05526056885719299,0.2809999883174896,0.4803999960422516
YOL130W,YLR213C,0,-2.92403,0.05524970591068268,0.2809999883174896,0.4805000126361847
YGR186W,YPL003W,0,-2.9242215,0.05523884296417236,0.2809999883174896,0.4805999994277954
YLR209C,YKL049C,0,-2.9242454,0.055227987468242645,0.2809999883174896,0.48069998621940613
YMR199W,YDR036C,0,-2.924423,0.055217135697603226,0.2809999883174896,0.48080000281333923
YFR013W,YBR164C,0,-2.9244757,0.055206287652254105,0.2809999883174896,0.48089998960494995
YHL002W,YPL051W,0,-2.9245934,0.05519544333219528,0.2809999883174896,0.48100000619888306
YPR145W,YLR398C,0,-2.9246,0.05518460273742676,0.2809999883174896,0.4810999929904938
YDL202W,YEL034W,0,-2.9246964,0.05517376959323883,0.2809999883174896,0.4812000095844269
YEL052W,YJR078W,0,-2.9247837,0.0551629364490509,0.2809999883174896,0.4812999963760376
YBL040C,YPL028W,0,-2.9249077,0.05515211075544357,0.2809999883174896,0.4814000129699707
YNR044W,YBR237W,0,-2.9251041,0.05514128878712654,0.2809999883174896,0.4814999997615814
YBR198C,YNR043W,0,-2.9251208,0.05513047054409981,0.2809999883174896,0.48159998655319214
YOR035C,YMR154C,0,-2.9252489,0.05511965602636337,0.2809999883174896,0.48170000314712524
YLR395C,YLL008W,0,-2.9255216,0.055108845233917236,0.2809999883174896,0.48179998993873596
YJL036W,YIL088C,0,-2.9257517,0.0550980381667614,0.2809999883174896,0.48190000653266907
YDL141W,YPL186C,0,-2.925829,0.05508723855018616,0.2809999883174896,0.4819999933242798
YDR123C,YKR025W,0,-2.9260345,0.055076438933610916,0.2809999883174896,0.4821000099182129
YKR105C,YOR360C,0,-2.9260454,0.05506564676761627,0.2809999883174896,0.4821999967098236
YMR088C,YKL096W-A,0,-2.9261136,0.055054858326911926,0.2809999883174896,0.4823000133037567
YPR031W,YIL010W,0,-2.9263206,0.05504407361149788,0.2809999883174896,0.48240000009536743
YFL045C,YNL227C,0,-2.9263217,0.05503329262137413,0.2809999883174896,0.48249998688697815
YHR136C,YHL033C,0,-2.9263496,0.05502251908183098,0.2809999883174896,0.48260000348091125
YLL036C,YDR363W-A,1,-2.9263644,0.0552075169980526,0.28200000524520874,0.48260000348091125
YNL331C,YKL127W,0,-2.9265041,0.05519670993089676,0.28200000524520874,0.482699990272522
YGL173C,YMR201C,0,-2.9266262,0.05518591031432152,0.28200000524520874,0.4828000068664551
YKL193C,YLR396C,0,-2.926703,0.05517511069774628,0.28200000524520874,0.4828999936580658
YHR061C,YLR336C,0,-2.9271011,0.05516431853175163,0.28200000524520874,0.4830000102519989
YER111C,YLR425W,0,-2.9271183,0.05515353009104729,0.28200000524520874,0.4830999970436096
YOR005C,YKL184W,0,-2.9272199,0.05514274537563324,0.28200000524520874,0.4832000136375427
YER006W,YGL023C,0,-2.9273894,0.05513196438550949,0.28200000524520874,0.48330000042915344
YOR058C,YLR089C,0,-2.9275818,0.05512118712067604,0.28200000524520874,0.48339998722076416
YPL249C,YIL084C,0,-2.9278507,0.05511041730642319,0.28200000524520874,0.48350000381469727
YDL010W,YBR230C,0,-2.928107,0.055099647492170334,0.28200000524520874,0.483599990606308
YOR178C,YOL039W,0,-2.9284277,0.05508888512849808,0.28200000524520874,0.4837000072002411
YGR191W,YGR271W,0,-2.9287646,0.05507812649011612,0.28200000524520874,0.4837999939918518
YOR347C,YDR225W,0,-2.928848,0.05506736785173416,0.28200000524520874,0.4839000105857849
YJR160C,YMR145C,0,-2.928882,0.0550566166639328,0.28200000524520874,0.48399999737739563
YMR239C,YMR316W,0,-2.9290898,0.055045872926712036,0.28200000524520874,0.48410001397132874
YPL064C,YLR107W,0,-2.9293566,0.05503512918949127,0.28200000524520874,0.48420000076293945
YHR152W,YBR182C,0,-2.929571,0.055024389177560806,0.28200000524520874,0.48429998755455017
YBL085W,YLR213C,0,-2.9296148,0.05501365661621094,0.28200000524520874,0.4844000041484833
YDR337W,YHL022C,0,-2.9296577,0.05500292405486107,0.28200000524520874,0.484499990940094
YNL110C,YKL113C,0,-2.9297605,0.0549921989440918,0.28200000524520874,0.4846000075340271
YKL206C,YGL227W,1,-2.9299965,0.055176448076963425,0.28299999237060547,0.4846000075340271
YPR178W,YMR201C,0,-2.9301035,0.055165693163871765,0.28299999237060547,0.4846999943256378
YKR050W,YLR051C,0,-2.9301677,0.055154941976070404,0.28299999237060547,0.4848000109195709
YGL050W,YGL054C,0,-2.9306595,0.05514419451355934,0.28299999237060547,0.48489999771118164
YKL078W,YCR093W,0,-2.93108,0.05513345077633858,0.28299999237060547,0.48500001430511475
YHR167W,YBL097W,0,-2.931525,0.05512271076440811,0.28299999237060547,0.48510000109672546
YPL046C,YML008C,0,-2.9317503,0.05511197820305824,0.28299999237060547,0.4851999878883362
YPR135W,YLR448W,0,-2.931797,0.055101245641708374,0.28299999237060547,0.4853000044822693
YNL014W,YCL057W,0,-2.9320636,0.0550905205309391,0.28299999237060547,0.48539999127388
YDR153C,YCR054C,0,-2.9321783,0.05507979914546013,0.28299999237060547,0.4855000078678131
YGR191W,YKR102W,0,-2.9323378,0.055069077759981155,0.28299999237060547,0.48559999465942383
YDR296W,YJL104W,0,-2.932713,0.05505836755037308,0.28299999237060547,0.48570001125335693
YLR212C,YGR238C,0,-2.9327245,0.055047657340765,0.28299999237060547,0.48579999804496765
YPR006C,YJR036C,0,-2.932731,0.05503695085644722,0.28299999237060547,0.48590001463890076
YHL016C,YOR299W,0,-2.933138,0.05502624809741974,0.28299999237060547,0.4860000014305115
YPL011C,YOL080C,0,-2.9333105,0.055015552788972855,0.28299999237060547,0.4860999882221222
YLR071C,YJL151C,0,-2.9335968,0.05500485748052597,0.28299999237060547,0.4862000048160553
YJR066W,YBR037C,0,-2.933631,0.05499416962265968,0.28299999237060547,0.486299991607666
YOR298C-A,YLR265C,0,-2.933692,0.054983485490083694,0.28299999237060547,0.4864000082015991
YDR342C,YML038C,0,-2.9341006,0.054972805082798004,0.28299999237060547,0.48649999499320984
YLR003C,YOR007C,0,-2.9341445,0.05496212840080261,0.28299999237060547,0.48660001158714294
YNL202W,YER114C,0,-2.934642,0.05495145544409752,0.28299999237060547,0.48669999837875366
YDR036C,YJR045C,0,-2.934723,0.05494078993797302,0.28299999237060547,0.4867999851703644
YJL204C,YIL073C,0,-2.9353595,0.054930124431848526,0.28299999237060547,0.4869000017642975
YLR221C,YHR124W,0,-2.9355235,0.05491946265101433,0.28299999237060547,0.4869999885559082
YGR175C,YNL149C,0,-2.9355378,0.05490880832076073,0.28299999237060547,0.4871000051498413
YDL132W,YPL065W,1,-2.9360445,0.05509214475750923,0.2840000092983246,0.4871000051498413
YOL010W,YJR060W,0,-2.936057,0.055081456899642944,0.2840000092983246,0.487199991941452
YDL239C,YHR107C,0,-2.9360993,0.055070776492357254,0.2840000092983246,0.48730000853538513
YDR238C,YML052W,0,-2.936156,0.05506009981036186,0.2840000092983246,0.48739999532699585
YBL076C,YDL153C,0,-2.9362879,0.05504942685365677,0.2840000092983246,0.48750001192092896
YJL080C,YLR418C,0,-2.9364195,0.05503876134753227,0.2840000092983246,0.4875999987125397
YLR172C,YPR183W,0,-2.9364734,0.055028095841407776,0.2840000092983246,0.4876999855041504
YDR118W,YKL034W,1,-2.936491,0.055211156606674194,0.2849999964237213,0.4876999855041504
YPL149W,YBR158W,0,-2.9365253,0.05520046502351761,0.2849999964237213,0.4878000020980835
YMR186W,YDR534C,0,-2.9366593,0.05518977716565132,0.2849999964237213,0.4878999888896942
YPL087W,YBR195C,0,-2.9367003,0.055179089307785034,0.2849999964237213,0.4880000054836273
YGR195W,YDR139C,0,-2.9367807,0.055168408900499344,0.2849999964237213,0.48809999227523804
YER020W,YKR003W,0,-2.9368262,0.05515773221850395,0.2849999964237213,0.48820000886917114
YBR170C,YNL064C,1,-2.937263,0.05534055829048157,0.28600001335144043,0.48820000886917114
YER013W,YCR057C,0,-2.9373012,0.05532985180616379,0.28600001335144043,0.48829999566078186
YGL205W,YBL026W,0,-2.9374015,0.05531914904713631,0.28600001335144043,0.48840001225471497
YOR294W,YJR057W,0,-2.9374366,0.055308450013399124,0.28600001335144043,0.4884999990463257
YKR020W,YBL017C,0,-2.9375176,0.05529775843024254,0.28600001335144043,0.4885999858379364
YNL273W,YDR495C,0,-2.9376893,0.05528706684708595,0.28600001335144043,0.4887000024318695
YPL027W,YER051W,0,-2.9377213,0.055276382714509964,0.28600001335144043,0.4887999892234802
YMR251W-A,YNL052W,0,-2.937991,0.055265702307224274,0.28600001335144043,0.48890000581741333
YNL135C,YGL234W,0,-2.9380212,0.05525502189993858,0.28600001335144043,0.48899999260902405
YGL225W,YLR256W,0,-2.9380267,0.05524434894323349,0.28600001335144043,0.48910000920295715
YML116W,YDR144C,0,-2.938048,0.055233679711818695,0.28600001335144043,0.48919999599456787
YER094C,YKL213C,1,-2.938178,0.05541610345244408,0.28700000047683716,0.48919999599456787
YLR385C,YNL232W,0,-2.9381838,0.055405404418706894,0.28700000047683716,0.489300012588501
YBR152W,YKR048C,0,-2.938214,0.05539471283555031,0.28700000047683716,0.4893999993801117
YNL070W,YPR052C,0,-2.9383473,0.05538402125239372,0.28700000047683716,0.4894999861717224
YJL189W,YDL184C,0,-2.9384341,0.055373337119817734,0.28700000047683716,0.4896000027656555
YGR085C,YDR346C,0,-2.9385395,0.055362652987241745,0.28700000047683716,0.48969998955726624
YIR010W,YAL034W-A,0,-2.9386113,0.05535197630524635,0.28700000047683716,0.48980000615119934
YLR266C,YLL010C,0,-2.9389005,0.05534130334854126,0.28700000047683716,0.48989999294281006
YGR113W,YGR077C,0,-2.9396186,0.055330634117126465,0.28700000047683716,0.49000000953674316
YJL122W,YLR129W,0,-2.9399157,0.05531996861100197,0.28700000047683716,0.4900999963283539
YMR100W,YER147C,0,-2.9400282,0.05530930683016777,0.28700000047683716,0.490200012922287
YHR152W,YGL225W,0,-2.9400434,0.05529865249991417,0.28700000047683716,0.4902999997138977
YNL088W,YIL094C,0,-2.9401793,0.05528799816966057,0.28700000047683716,0.4903999865055084
YGL245W,YPL083C,0,-2.9401855,0.055277351289987564,0.28700000047683716,0.49050000309944153
YDR363W-A,YGL227W,1,-2.940213,0.05545927211642265,0.2879999876022339,0.49050000309944153
YPR162C,YPL124W,0,-2.9406924,0.05544859543442726,0.2879999876022339,0.49059998989105225
YOL152W,YPL110C,0,-2.940711,0.05543792247772217,0.2879999876022339,0.49070000648498535
YBL018C,YLR043C,0,-2.9408724,0.05542725324630737,0.2879999876022339,0.49079999327659607
YFR004W,YMR184W,1,-2.9409502,0.05560900643467903,0.289000004529953,0.49079999327659607
YHR011W,YLR106C,0,-2.9409504,0.05559830740094185,0.289000004529953,0.4909000098705292
YNL304W,YDR047W,0,-2.9410405,0.055587612092494965,0.289000004529953,0.4909999966621399
YFL053W,YDR159W,0,-2.9410677,0.05557692423462868,0.289000004529953,0.491100013256073
YIL162W,YJR105W,0,-2.941288,0.05556623637676239,0.289000004529953,0.4912000000476837
YNL191W,YJR004C,0,-2.9413486,0.0555555559694767,0.289000004529953,0.49129998683929443
YML007W,YDR225W,0,-2.941409,0.05554487928748131,0.289000004529953,0.49140000343322754
YDL078C,YBL074C,0,-2.9416761,0.055534202605485916,0.289000004529953,0.49149999022483826
YPR119W,YJL085W,0,-2.9418843,0.05552353337407112,0.289000004529953,0.49160000681877136
YDR429C,YIR018W,0,-2.9419842,0.05551287159323692,0.289000004529953,0.4916999936103821
YLL027W,YGR056W,0,-2.9422576,0.055502209812402725,0.289000004529953,0.4918000102043152
YLR212C,YDR130C,0,-2.9423013,0.055491551756858826,0.289000004529953,0.4918999969959259
YJL198W,YHR060W,0,-2.942392,0.055480897426605225,0.289000004529953,0.492000013589859
YGR247W,YBL068W,0,-2.9424992,0.05547025054693222,0.289000004529953,0.4921000003814697
YOL129W,YFL017W-A,0,-2.9427977,0.055459603667259216,0.289000004529953,0.49219998717308044
YGR154C,YJL071W,0,-2.9428186,0.05544896423816681,0.289000004529953,0.49230000376701355
YMR143W,YPL181W,0,-2.942888,0.0554383285343647,0.289000004529953,0.49239999055862427
YER048W-A,YKL143W,0,-2.9429264,0.05542769283056259,0.289000004529953,0.4925000071525574
YBR167C,YBL061C,0,-2.9433963,0.05541706457734108,0.289000004529953,0.4925999939441681
YMR127C,YGL245W,0,-2.9434175,0.055406440049409866,0.289000004529953,0.4927000105381012
YOL113W,YCL038C,0,-2.9435282,0.05539582297205925,0.289000004529953,0.4927999973297119
YER011W,YHR179W,0,-2.9437344,0.05538520589470863,0.289000004529953,0.492900013923645
YOL146W,YJR002W,0,-2.943736,0.055374592542648315,0.289000004529953,0.49300000071525574
YGL048C,YOL013C,1,-2.943886,0.0555555559694767,0.28999999165534973,0.49300000071525574
YJL099W,YPR164W,0,-2.9442055,0.05554491654038429,0.28999999165534973,0.49309998750686646
YBR173C,YLR207W,1,-2.9442716,0.05572577565908432,0.29100000858306885,0.49309998750686646
YLR163C,YDR283C,0,-2.9444473,0.055715106427669525,0.29100000858306885,0.49320000410079956
YLL004W,YML080W,0,-2.9445252,0.05570444092154503,0.29100000858306885,0.4932999908924103
YIL088C,YHR141C,0,-2.9456823,0.05569377914071083,0.29100000858306885,0.4934000074863434
YDL179W,YJR013W,0,-2.9458184,0.05568312108516693,0.29100000858306885,0.4934999942779541
YOR313C,YDR147W,0,-2.9460185,0.05567247048020363,0.29100000858306885,0.4936000108718872
YLR410W,YDL170W,0,-2.9462955,0.055661819875240326,0.29100000858306885,0.4936999976634979
YHR067W,YMR190C,0,-2.9463508,0.05565117672085762,0.29100000858306885,0.49380001425743103
YNL323W,YHR207C,0,-2.9465199,0.055640533566474915,0.29100000858306885,0.49390000104904175
YKL166C,YLR183C,0,-2.9465938,0.055629897862672806,0.29100000858306885,0.49399998784065247
YGR048W,YBR280C,1,-2.9466207,0.05581039935350418,0.2919999957084656,0.49399998784065247
YDR373W,YCL066W,0,-2.946658,0.055799733847379684,0.2919999957084656,0.49410000443458557
YDR099W,YMR052W,0,-2.9477584,0.055789072066545486,0.2919999957084656,0.4941999912261963
YNL030W,YMR266W,0,-2.9479017,0.05577841401100159,0.2919999957084656,0.4943000078201294
YDL070W,YGR198W,0,-2.948176,0.055767763406038284,0.2919999957084656,0.4943999946117401
YNL206C,YOR092W,0,-2.948409,0.05575711280107498,0.2919999957084656,0.4945000112056732
YOR098C,YNL106C,0,-2.9486003,0.055746469646692276,0.2919999957084656,0.49459999799728394
YOR005C,YOR313C,0,-2.9486842,0.05573582649230957,0.2919999957084656,0.49470001459121704
YKR036C,YFR009W,0,-2.9486904,0.05572519078850746,0.2919999957084656,0.49480000138282776
YOL072W,YDR144C,0,-2.9492548,0.05571455880999565,0.2919999957084656,0.4948999881744385
YJL060W,YJR126C,0,-2.9494538,0.05570393055677414,0.2919999957084656,0.4950000047683716
YPL029W,YNR012W,0,-2.949717,0.055693306028842926,0.2919999957084656,0.4950999915599823
YJR044C,YLR182W,0,-2.9498286,0.05568268522620201,0.2919999957084656,0.4952000081539154
YDR353W,YIL134W,0,-2.9498901,0.055672068148851395,0.2919999957084656,0.4952999949455261
YPL134C,YBR281C,0,-2.9500093,0.05566145479679108,0.2919999957084656,0.49540001153945923
YDR425W,YIL140W,0,-2.9500923,0.055650848895311356,0.2919999957084656,0.49549999833106995
YLR074C,YHL027W,0,-2.9502845,0.055640242993831635,0.2919999957084656,0.49559998512268066
YLR381W,YBL068W,0,-2.950294,0.05562964454293251,0.2919999957084656,0.49570000171661377
YKR006C,YER026C,0,-2.9504929,0.055619046092033386,0.2919999957084656,0.4957999885082245
YOL156W,YFL016C,0,-2.95083,0.05560845509171486,0.2919999957084656,0.4959000051021576
YPR042C,YGR089W,0,-2.9509902,0.05559786781668663,0.2919999957084656,0.4959999918937683
YMR020W,YGR184C,0,-2.9511452,0.0555872842669487,0.2919999957084656,0.4961000084877014
YJL002C,YEL069C,0,-2.951148,0.05557670444250107,0.2919999957084656,0.49619999527931213
YLR155C,YPR124W,0,-2.9512317,0.055566128343343735,0.2919999957084656,0.49630001187324524
YDL033C,YPL072W,0,-2.9512525,0.0555555559694767,0.2919999957084656,0.49639999866485596
YNL326C,YPR133W-A,0,-2.9513416,0.05554498732089996,0.2919999957084656,0.4964999854564667
YLL052C,YCL043C,0,-2.95162,0.055534422397613525,0.2919999957084656,0.4966000020503998
YJR043C,YGL224C,0,-2.951739,0.055523864924907684,0.2919999957084656,0.4966999888420105
YNR013C,YNR056C,0,-2.9517593,0.05551330745220184,0.2919999957084656,0.4968000054359436
YNR069C,YPR118W,0,-2.9518623,0.0555027574300766,0.2919999957084656,0.4968999922275543
YOR384W,YAL043C,0,-2.9519196,0.055492207407951355,0.2919999957084656,0.4970000088214874
YEL022W,YHR047C,0,-2.9519343,0.05548166483640671,0.2919999957084656,0.49709999561309814
YBR082C,YKL022C,1,-2.95199,0.055661093443632126,0.2930000126361847,0.49709999561309814
YLR050C,YPL123C,0,-2.952263,0.05565052106976509,0.2930000126361847,0.49720001220703125
YJR097W,YFL013C,0,-2.9522743,0.05563995614647865,0.2930000126361847,0.49729999899864197
YKL013C,YOL008W,0,-2.9522843,0.055629391223192215,0.2930000126361847,0.4973999857902527
YBR118W,YKR013W,0,-2.9525495,0.055618830025196075,0.2930000126361847,0.4975000023841858
YGL124C,YOR312C,0,-2.9530134,0.05560827627778053,0.2930000126361847,0.4975999891757965
YDR177W,YMR184W,1,-2.9530854,0.055787477642297745,0.2939999997615814,0.4975999891757965
YPR001W,YJL156C,0,-2.9533887,0.055776894092559814,0.2939999997615814,0.4977000057697296
YGR246C,YDR480W,0,-2.9534197,0.05576631426811218,0.2939999997615814,0.49779999256134033
YFR036W,YBR290W,1,-2.953472,0.05594538152217865,0.29499998688697815,0.49779999256134033
YPL241C,YKL188C,0,-2.9535823,0.05593477562069893,0.29499998688697815,0.49790000915527344
YPL003W,YJR134C,0,-2.953813,0.05592416971921921,0.29499998688697815,0.49799999594688416
YBL103C,YDL055C,0,-2.9539232,0.055913571268320084,0.29499998688697815,0.49810001254081726
YBR142W,YOR328W,0,-2.9541306,0.05590297654271126,0.29499998688697815,0.498199999332428
YBR228W,YDL060W,0,-2.9541965,0.05589238181710243,0.29499998688697815,0.4982999861240387
YDR001C,YHR042W,0,-2.9542027,0.055881794542074203,0.29499998688697815,0.4984000027179718
YLR341W,YNL158W,0,-2.9543734,0.05587121099233627,0.29499998688697815,0.4984999895095825
YIL042C,YBL045C,0,-2.954433,0.05586063116788864,0.29499998688697815,0.4986000061035156
YOL141W,YLR424W,0,-2.9546423,0.05585005506873131,0.29499998688697815,0.49869999289512634
YLR176C,YDR379W,0,-2.954822,0.05583948642015457,0.29499998688697815,0.49880000948905945
YKL174C,YPR145W,0,-2.9548469,0.055828917771577835,0.29499998688697815,0.49889999628067017
YBR280C,YBL084C,1,-2.954929,0.056007567793130875,0.29600000381469727,0.49889999628067017
YEL036C,YBL042C,0,-2.9549599,0.05599697306752205,0.29600000381469727,0.49900001287460327
YDR101C,YDR503C,0,-2.954975,0.05598638206720352,0.29600000381469727,0.499099999666214
YER052C,YGR252W,0,-2.9552698,0.05597579479217529,0.29600000381469727,0.4991999864578247
YLR154C,YER065C,0,-2.955278,0.05596521124243736,0.29600000381469727,0.4993000030517578
YIL111W,YNR035C,0,-2.9553998,0.05595463141798973,0.29600000381469727,0.49939998984336853
YOR288C,YOR360C,0,-2.9554818,0.0559440553188324,0.29600000381469727,0.49950000643730164
YDR353W,YAL024C,0,-2.9554868,0.05593348294496536,0.29600000381469727,0.49959999322891235
YMR273C,YJL155C,0,-2.9556954,0.055922918021678925,0.29600000381469727,0.49970000982284546
YGL155W,YHR123W,0,-2.9557161,0.05591235309839249,0.29600000381469727,0.4997999966144562
YNL299W,YLR176C,0,-2.9557388,0.055901795625686646,0.29600000381469727,0.4999000132083893
YOR219C,YDL142C,0,-2.9559379,0.055891238152980804,0.29600000381469727,0.5
YDR489W,YHL022C,0,-2.9559784,0.05588068813085556,0.29600000381469727,0.5001000165939331
YOR125C,YOL071W,0,-2.9560559,0.055870138108730316,0.29600000381469727,0.5001999735832214
YNL299W,YNL106C,0,-2.956089,0.05585959553718567,0.29600000381469727,0.5002999901771545
YKL024C,YNR023W,0,-2.956388,0.05584905669093132,0.29600000381469727,0.5004000067710876
YPL103C,YGL031C,0,-2.9565582,0.05583852156996727,0.29600000381469727,0.5005000233650208
YNL139C,YOL016C,0,-2.9570317,0.05582799017429352,0.29600000381469727,0.5005999803543091
YCR037C,YGL250W,0,-2.957082,0.055817462503910065,0.29600000381469727,0.5006999969482422
YFL053W,YHR135C,0,-2.9571226,0.05580693855881691,0.29600000381469727,0.5008000135421753
YCR033W,YOL041C,0,-2.9573913,0.05579641833901405,0.29600000381469727,0.5008999705314636
YJL143W,YKL212W,0,-2.9574409,0.055785901844501495,0.29600000381469727,0.5009999871253967
YEL056W,YPL211W,0,-2.9576755,0.055775392800569534,0.29600000381469727,0.5011000037193298
YPL273W,YJL176C,0,-2.957857,0.05576488375663757,0.29600000381469727,0.5012000203132629
YGL256W,YLR285W,0,-2.9581885,0.05575437843799591,0.29600000381469727,0.5012999773025513
YCR088W,YOR106W,0,-2.9586556,0.055743880569934845,0.29600000381469727,0.5013999938964844
YPL154C,YBR068C,0,-2.9601233,0.05573338270187378,0.29600000381469727,0.5015000104904175
YLR221C,YPR111W,0,-2.960197,0.05572289228439331,0.29600000381469727,0.5016000270843506
YMR065W,YNR049C,0,-2.960466,0.05571240186691284,0.29600000381469727,0.5016999840736389
YDR522C,YJL128C,0,-2.960642,0.05570191890001297,0.29600000381469727,0.501800000667572
YNL169C,YDR046C,0,-2.9608102,0.0556914396584034,0.29600000381469727,0.5019000172615051
YMR070W,YPL220W,0,-2.960987,0.05568096414208412,0.29600000381469727,0.5019999742507935
YIL109C,YDR191W,0,-2.9610548,0.055670492351055145,0.29600000381469727,0.5020999908447266
YGR109C,YOR077W,0,-2.961305,0.05566002428531647,0.29600000381469727,0.5022000074386597
YLR423C,YDR518W,0,-2.96137,0.05564955994486809,0.29600000381469727,0.5023000240325928
YOR020C,YOR095C,0,-2.9614315,0.05563909932971001,0.29600000381469727,0.5023999810218811
YOR261C,YBL084C,1,-2.9616208,0.05581657588481903,0.296999990940094,0.5023999810218811
YBR097W,YDR032C,0,-2.9616926,0.05580608919262886,0.296999990940094,0.5024999976158142
YPL273W,YDR216W,0,-2.9619207,0.05579560250043869,0.296999990940094,0.5026000142097473
YJR138W,YGL124C,0,-2.9622102,0.05578512325882912,0.296999990940094,0.5026999711990356
YDL064W,YIL061C,0,-2.9622173,0.05577464774250984,0.296999990940094,0.5027999877929688
YMR276W,YBR273C,1,-2.9624534,0.055951934307813644,0.2980000078678131,0.5027999877929688
YOR043W,YDL084W,0,-2.9625258,0.05594142898917198,0.2980000078678131,0.5029000043869019
YMR173W,YLR398C,0,-2.9626412,0.055930931121110916,0.2980000078678131,0.503000020980835
YML071C,YIL159W,0,-2.9626818,0.05592043697834015,0.2980000078678131,0.5030999779701233
YGL206C,YPL131W,0,-2.962808,0.05590994283556938,0.2980000078678131,0.5031999945640564
YHL013C,YAR071W,0,-2.9630413,0.05589945614337921,0.2980000078678131,0.5033000111579895
YLR431C,YHL027W,0,-2.963262,0.05588897317647934,0.2980000078678131,0.5034000277519226
YEL070W,YGR240C,0,-2.9636815,0.055878493934869766,0.2980000078678131,0.5034999847412109
YGR048W,YNL172W,1,-2.9636905,0.05605549365282059,0.29899999499320984,0.5034999847412109
YBL041W,YAL058W,1,-2.9642243,0.056232426315546036,0.30000001192092896,0.5034999847412109
YBL017C,YDL066W,0,-2.9648452,0.05622188746929169,0.30000001192092896,0.503600001335144
YML043C,YMR080C,0,-2.9650302,0.056211356073617935,0.30000001192092896,0.5037000179290771
YOL127W,YFR019W,0,-2.9650536,0.05620082467794418,0.30000001192092896,0.5037999749183655
YPL086C,YMR296C,0,-2.965323,0.05619029700756073,0.30000001192092896,0.5038999915122986
YOL044W,YPL033C,0,-2.9656124,0.056179776787757874,0.30000001192092896,0.5040000081062317
YGL131C,YCR024C-A,0,-2.965979,0.05616925656795502,0.30000001192092896,0.5041000247001648
YNL159C,YPR108W,1,-2.966252,0.05634593963623047,0.3009999990463257,0.5041000247001648
YMR119W,YLR097C,1,-2.9663234,0.05652255192399025,0.3019999861717224,0.5041000247001648
YDR151C,YOR084W,0,-2.9663396,0.056511975824832916,0.3019999861717224,0.5041999816894531
YHR166C,YPL002C,1,-2.9664896,0.056688494980335236,0.30300000309944153,0.5041999816894531
YER161C,YCR092C,0,-2.9667463,0.056677889078855515,0.30300000309944153,0.5042999982833862
YGL156W,YMR250W,0,-2.9669886,0.05666729062795639,0.30300000309944153,0.5044000148773193
YER106W,YIL006W,0,-2.9670458,0.056656695902347565,0.30300000309944153,0.5044999718666077
YGL125W,YGR123C,0,-2.967124,0.05664610117673874,0.30300000309944153,0.5045999884605408
YKL015W,YOL082W,0,-2.967163,0.05663551390171051,0.30300000309944153,0.5047000050544739
YIR017C,YBR098W,0,-2.9674416,0.05662493035197258,0.30300000309944153,0.504800021648407
YOL067C,YKL179C,0,-2.9676805,0.05661435052752495,0.30300000309944153,0.5048999786376953
YGR246C,YPL089C,0,-2.9677382,0.056603774428367615,0.30300000309944153,0.5049999952316284
YER013W,YOR306C,0,-2.967743,0.05659320205450058,0.30300000309944153,0.5051000118255615
YGL155W,YDL204W,0,-2.9677758,0.05658263340592384,0.30300000309944153,0.5052000284194946
YDR496C,YML115C,0,-2.9678626,0.056572068482637405,0.30300000309944153,0.505299985408783
YDR331W,YGR275W,0,-2.9680827,0.056561507284641266,0.30300000309944153,0.5054000020027161
YKL212W,YHR072W,0,-2.9682143,0.05655095353722572,0.30300000309944153,0.5055000185966492
YIL108W,YMR312W,0,-2.9685338,0.05654039978981018,0.30300000309944153,0.5055999755859375
YLR160C,YBR080C,0,-2.9687467,0.056529849767684937,0.30300000309944153,0.5056999921798706
YOL054W,YOR332W,0,-2.9688487,0.05651930719614029,0.30300000309944153,0.5058000087738037
YFL057C,YBR216C,0,-2.9688587,0.05650876462459564,0.30300000309944153,0.5059000253677368
YDL020C,YFL024C,0,-2.9690151,0.05649822950363159,0.30300000309944153,0.5059999823570251
YDR522C,YDR404C,0,-2.9690623,0.05648769438266754,0.30300000309944153,0.5060999989509583
YJR043C,YDR173C,0,-2.9691663,0.05647716671228409,0.30300000309944153,0.5062000155448914
YMR217W,YLR389C,0,-2.9692833,0.05646664276719093,0.30300000309944153,0.5062999725341797
YDL067C,YJR125C,0,-2.969349,0.05645612254738808,0.30300000309944153,0.5063999891281128
YJL025W,YOR233W,0,-2.9693508,0.05644560232758522,0.30300000309944153,0.5065000057220459
YOR080W,YGR189C,0,-2.969386,0.05643508955836296,0.30300000309944153,0.506600022315979
YLR341W,YOR312C,0,-2.969469,0.056424580514431,0.30300000309944153,0.5066999793052673
YJL165C,YMR170C,0,-2.96947,0.05641407519578934,0.30300000309944153,0.5067999958992004
YLR084C,YLR425W,0,-2.969596,0.05640357360243797,0.30300000309944153,0.5069000124931335
YHR171W,YKL201C,0,-2.9698992,0.05639307573437691,0.30300000309944153,0.5070000290870667
YNL125C,YDL017W,0,-2.9700441,0.05638258159160614,0.30300000309944153,0.507099986076355
YGR189C,YBR298C,0,-2.9700727,0.05637209117412567,0.30300000309944153,0.5072000026702881
YBR244W,YOR044W,0,-2.9701548,0.0563616082072258,0.30300000309944153,0.5073000192642212
YGR191W,YLR404W,0,-2.9701586,0.05635112524032593,0.30300000309944153,0.5073999762535095
YEL004W,YJL214W,0,-2.9707673,0.056340645998716354,0.30300000309944153,0.5074999928474426
YDL147W,YIL017C,1,-2.9707966,0.05651608109474182,0.30399999022483826,0.5074999928474426
YMR029C,YGR086C,0,-2.9710016,0.05650557577610016,0.30399999022483826,0.5076000094413757
YKL210W,YFR008W,0,-2.9711747,0.056495074182748795,0.30399999022483826,0.5077000260353088
YPL031C,YPR190C,0,-2.971253,0.05648458003997803,0.30399999022483826,0.5077999830245972
YGL216W,YAR018C,0,-2.97128,0.05647408589720726,0.30399999022483826,0.5078999996185303
YBR008C,YLR187W,0,-2.9717298,0.05646359547972679,0.30399999022483826,0.5080000162124634
YBR074W,YMR128W,0,-2.971732,0.05645310878753662,0.30399999022483826,0.5080999732017517
YDL077C,YKL188C,0,-2.9721372,0.05644262954592705,0.30399999022483826,0.5081999897956848
YOR362C,YKL034W,1,-2.9721413,0.05661778524518013,0.3050000071525574,0.5081999897956848
YEL012W,YBR251W,0,-2.9724565,0.05660727620124817,0.3050000071525574,0.5083000063896179
YGL004C,YER094C,1,-2.9725995,0.05678233504295349,0.3059999942779541,0.5083000063896179
YPR145W,YHR082C,0,-2.97269,0.05677179992198944,0.3059999942779541,0.508400022983551
YPR156C,YOR269W,0,-2.9728281,0.05676126852631569,0.3059999942779541,0.5084999799728394
YPR145W,YGR295C,0,-2.9728966,0.056750740855932236,0.3059999942779541,0.5085999965667725
YOL016C,YBL105C,0,-2.9729466,0.05674022063612938,0.3059999942779541,0.5087000131607056
YBR070C,YNR051C,0,-2.9730787,0.05672970041632652,0.3059999942779541,0.5088000297546387
YAL029C,YBR127C,0,-2.9731467,0.056719183921813965,0.3059999942779541,0.508899986743927
YFL001W,YHR060W,0,-2.9732623,0.056708674877882004,0.3059999942779541,0.5090000033378601
YHR119W,YKR024C,0,-2.9739084,0.05669816583395004,0.3059999942779541,0.5091000199317932
YBR214W,YKL065C,0,-2.974464,0.05668766051530838,0.3059999942779541,0.5091999769210815
YDL127W,YDL066W,0,-2.9744892,0.056677162647247314,0.3059999942779541,0.5092999935150146
YER174C,YMR154C,0,-2.9747884,0.05666666850447655,0.3059999942779541,0.5094000101089478
YOL007C,YGL044C,0,-2.9751556,0.05665617436170578,0.3059999942779541,0.5095000267028809
YGR062C,YPL151C,0,-2.9752614,0.05664568766951561,0.3059999942779541,0.5095999836921692
YFL021W,YGR198W,0,-2.9754186,0.05663520097732544,0.3059999942779541,0.5097000002861023
YML036W,YPR182W,0,-2.9756775,0.056624721735715866,0.3059999942779541,0.5098000168800354
YLR145W,YGL009C,0,-2.9756942,0.05661424621939659,0.3059999942779541,0.5098999738693237
YGL135W,YDR318W,0,-2.975737,0.056603774428367615,0.3059999942779541,0.5099999904632568
YCR020W-B,YNL304W,0,-2.9758193,0.05659330636262894,0.3059999942779541,0.5101000070571899
YCR052W,YKL201C,0,-2.9759426,0.05658284202218056,0.3059999942779541,0.510200023651123
YJL047C,YMR022W,1,-2.976258,0.056757256388664246,0.3070000112056732,0.510200023651123
YCR081W,YGR037C,0,-2.9766014,0.05674676597118378,0.3070000112056732,0.5102999806404114
YDR233C,YJR002W,0,-2.9768946,0.05673627927899361,0.3070000112056732,0.5103999972343445
YHR046C,YLR438C-A,0,-2.9771683,0.056725796312093735,0.3070000112056732,0.5105000138282776
YAL032C,YAL013W,0,-2.9774325,0.05671531334519386,0.3070000112056732,0.5105999708175659
YOL017W,YLR008C,0,-2.9774427,0.05670483782887459,0.3070000112056732,0.510699987411499
YGR006W,YDR062W,0,-2.9776917,0.05669436603784561,0.3070000112056732,0.5108000040054321
YOR308C,YML081C-A,0,-2.9777832,0.056683897972106934,0.3070000112056732,0.5109000205993652
YNR036C,YIL125W,0,-2.9778972,0.056673433631658554,0.3070000112056732,0.5109999775886536
YHR119W,YNL119W,0,-2.9780917,0.05666297674179077,0.3070000112056732,0.5110999941825867
YGR285C,YGR282C,0,-2.9782908,0.05665251985192299,0.3070000112056732,0.5112000107765198
YGL241W,YJR119C,0,-2.9785373,0.056642066687345505,0.3070000112056732,0.5113000273704529
YML093W,YCR093W,0,-2.979035,0.05663161724805832,0.3070000112056732,0.5113999843597412
YGR215W,YKL053C-A,0,-2.9791842,0.05662117153406143,0.3070000112056732,0.5115000009536743
YNR026C,YDL132W,1,-2.9793253,0.05679513141512871,0.30799999833106995,0.5115000009536743
YGL097W,YHR098C,0,-2.9794056,0.05678465962409973,0.30799999833106995,0.5116000175476074
YDR523C,YJR093C,0,-2.9794612,0.05677419528365135,0.30799999833106995,0.5116999745368958
YDR322C-A,YJL221C,0,-2.9797468,0.05676373094320297,0.30799999833106995,0.5117999911308289
YPR009W,YBR267W,0,-2.9800081,0.05675327032804489,0.30799999833106995,0.511900007724762
YLR244C,YIL085C,0,-2.9802892,0.05674281343817711,0.30799999833106995,0.5120000243186951
YER052C,YKL220C,0,-2.9805799,0.05673236399888992,0.30799999833106995,0.5120999813079834
YKL176C,YBR195C,0,-2.9806285,0.05672191455960274,0.30799999833106995,0.5121999979019165
YGR169C,YGL022W,0,-2.9806652,0.05671147257089615,0.30799999833106995,0.5123000144958496
YNL325C,YJL051W,0,-2.9811563,0.05670103058218956,0.30799999833106995,0.5123999714851379
YLR207W,YPL065W,1,-2.9813786,0.056874655187129974,0.3089999854564667,0.5123999714851379
YKL210W,YOL105C,0,-2.981792,0.056864187121391296,0.3089999854564667,0.512499988079071
YLR103C,YLR084C,0,-2.981995,0.056853726506233215,0.3089999854564667,0.5126000046730042
YMR135C,YLR015W,0,-2.9822016,0.056843265891075134,0.3089999854564667,0.5127000212669373
YJL210W,YNR036C,0,-2.9822092,0.05683281272649765,0.3089999854564667,0.5127999782562256
YKR067W,YOL138C,0,-2.982327,0.056822359561920166,0.3089999854564667,0.5128999948501587
YPL110C,YGR218W,0,-2.9825516,0.05681191384792328,0.3089999854564667,0.5130000114440918
YDL069C,YOL090W,0,-2.9825647,0.05680147185921669,0.3089999854564667,0.5131000280380249
YPL212C,YOL130W,0,-2.9826608,0.0567910298705101,0.3089999854564667,0.5131999850273132
YIL020C,YGR065C,0,-2.9832673,0.05678059533238411,0.3089999854564667,0.5133000016212463
YDR245W,YBR022W,0,-2.9835477,0.056770164519548416,0.3089999854564667,0.5134000182151794
YKL208W,YGL123W,0,-2.9835806,0.05675973370671272,0.3089999854564667,0.5134999752044678
YDR069C,YDL126C,1,-2.9838233,0.0569329671561718,0.3100000023841858,0.5134999752044678
YGR218W,YDR446W,0,-2.9839668,0.056922510266304016,0.3100000023841858,0.5135999917984009
YAL058W,YDR069C,1,-2.9841194,0.05709565058350563,0.3109999895095825,0.5135999917984009
YAL042W,YPL186C,0,-2.984133,0.05708516761660576,0.3109999895095825,0.513700008392334
YIL115C,YIL073C,0,-2.9841568,0.057074692100286484,0.3109999895095825,0.5138000249862671
YPR073C,YCR012W,0,-2.9845328,0.05706422030925751,0.3109999895095825,0.5138999819755554
YBR187W,YER049W,0,-2.9846702,0.05705375224351883,0.3109999895095825,0.5139999985694885
YER021W,YML029W,1,-2.984805,0.05722670629620552,0.31200000643730164,0.5139999985694885
YDR288W,YHL024W,0,-2.984809,0.05721621215343475,0.31200000643730164,0.5141000151634216
YFR021W,YGR177C,0,-2.9850218,0.057205721735954285,0.31200000643730164,0.51419997215271
YKR092C,YPR165W,0,-2.9852676,0.057195235043764114,0.31200000643730164,0.5142999887466431
YBR021W,YMR266W,0,-2.985321,0.05718475207686424,0.31200000643730164,0.5144000053405762
YPL122C,YMR042W,0,-2.9853978,0.05717427283525467,0.31200000643730164,0.5145000219345093
YDR153C,YCR088W,0,-2.9855466,0.057163797318935394,0.31200000643730164,0.5145999789237976
YDL202W,YER165W,0,-2.9857068,0.05715332552790642,0.31200000643730164,0.5146999955177307
YKL024C,YIL094C,0,-2.9860687,0.05714285746216774,0.31200000643730164,0.5148000121116638
YGR281W,YCR046C,0,-2.9863813,0.05713239312171936,0.31200000643730164,0.5149000287055969
YFR052W,YDR143C,1,-2.98647,0.05730501562356949,0.31299999356269836,0.5149000287055969
YMR211W,YHR061C,0,-2.9865022,0.05729452520608902,0.31299999356269836,0.5149999856948853
YFR031C,YGR105W,0,-2.9865656,0.05728404223918915,0.31299999356269836,0.5151000022888184
YOR127W,YOR322C,0,-2.9867234,0.057273559272289276,0.31299999356269836,0.5152000188827515
YJL115W,YPR138C,0,-2.9875555,0.0572630800306797,0.31299999356269836,0.5152999758720398
YLL061W,YHR060W,0,-2.9878004,0.057252608239650726,0.31299999356269836,0.5153999924659729
YIL002C,YOL065C,0,-2.9878178,0.05724213644862175,0.31299999356269836,0.515500009059906
YGL030W,YKL170W,0,-2.9879546,0.05723166838288307,0.31299999356269836,0.5156000256538391
YGR075C,YDR155C,0,-2.9881337,0.05722120776772499,0.31299999356269836,0.5156999826431274
YER058W,YGR268C,0,-2.9883196,0.05721074715256691,0.31299999356269836,0.5157999992370605
YDR393W,YGR140W,0,-2.9885292,0.057200293987989426,0.31299999356269836,0.5159000158309937
YOL028C,YGR144W,0,-2.988539,0.05718984082341194,0.31299999356269836,0.515999972820282
YDR405W,YML028W,0,-2.9885812,0.057179395109415054,0.31299999356269836,0.5160999894142151
YNL069C,YGL225W,0,-2.988982,0.05716894939541817,0.31299999356269836,0.5162000060081482
YGR058W,YDR320C,0,-2.9890108,0.05715851113200188,0.31299999356269836,0.5163000226020813
YER170W,YFR008W,0,-2.9891875,0.05714807286858559,0.31299999356269836,0.5163999795913696
YPL241C,YNL232W,0,-2.9897866,0.05713764205574989,0.31299999356269836,0.5164999961853027
YMR067C,YER094C,1,-2.9900599,0.05730972811579704,0.3140000104904175,0.5164999961853027
YGR098C,YIL121W,0,-2.9900703,0.05729927122592926,0.3140000104904175,0.5166000127792358
YNR054C,YDR322C-A,0,-2.9900866,0.05728881433606148,0.3140000104904175,0.516700029373169
YCR067C,YGR268C,0,-2.9905853,0.05727836489677429,0.3140000104904175,0.5167999863624573
YIR025W,YOL013C,1,-2.9906797,0.0574503019452095,0.3149999976158142,0.5167999863624573
YNL329C,YGL162W,0,-2.9908123,0.05743982642889023,0.3149999976158142,0.5169000029563904
YKR060W,YLR268W,0,-2.9909973,0.05742935463786125,0.3149999976158142,0.5170000195503235
YNL300W,YOR224C,0,-2.9910383,0.057418882846832275,0.3149999976158142,0.5170999765396118
YDR128W,YDR452W,0,-2.9912148,0.057408418506383896,0.3149999976158142,0.5171999931335449
YIL124W,YPL118W,0,-2.9912367,0.057397957891225815,0.3149999976158142,0.517300009727478
YJL005W,YGL249W,0,-2.9912572,0.05738750100135803,0.3149999976158142,0.5174000263214111
YEL016C,YPL048W,0,-2.9916687,0.05737704783678055,0.3149999976158142,0.5174999833106995
YBR155W,YDR501W,0,-2.991852,0.05736659839749336,0.3149999976158142,0.5175999999046326
YOL111C,YMR260C,0,-2.9918604,0.057356152683496475,0.3149999976158142,0.5177000164985657
YOR069W,YML126C,0,-2.9921088,0.057345714420080185,0.3149999976158142,0.517799973487854
YNL321W,YGR034W,0,-2.9922073,0.057335276156663895,0.3149999976158142,0.5178999900817871
YNL053W,YJR051W,0,-2.9924047,0.0573248416185379,0.3149999976158142,0.5180000066757202
YKL164C,YBR150C,0,-2.992621,0.05731441080570221,0.3149999976158142,0.5181000232696533
YDL006W,YLR047C,0,-2.9926524,0.057303983718156815,0.3149999976158142,0.5181999802589417
YMR316W,YDR447C,0,-2.9928849,0.05729356035590172,0.3149999976158142,0.5182999968528748
YLR221C,YHR156C,0,-2.9928877,0.05728314071893692,0.3149999976158142,0.5184000134468079
YDR313C,YGR257C,0,-2.9930315,0.05727272853255272,0.3149999976158142,0.5184999704360962
YJR161C,YDL184C,0,-2.993047,0.05726231634616852,0.3149999976158142,0.5185999870300293
YMR194W,YBR074W,0,-2.9930925,0.057251907885074615,0.3149999976158142,0.5187000036239624
YCL008C,YPL002C,1,-2.9932606,0.057423222810029984,0.3160000145435333,0.5187000036239624
YOL004W,YLR066W,0,-2.9934237,0.05741279199719429,0.3160000145435333,0.5188000202178955
YJL060W,YOR043W,0,-2.9935272,0.0574023611843586,0.3160000145435333,0.5188999772071838
YNL189W,YPL012W,0,-2.9935727,0.0573919378221035,0.3160000145435333,0.5189999938011169
YOR239W,YDR247W,0,-2.9936662,0.057381514459848404,0.3160000145435333,0.51910001039505
YKL193C,YPL213W,0,-2.9937449,0.057371094822883606,0.3160000145435333,0.5192000269889832
YJR130C,YGR056W,0,-2.9939518,0.057360682636499405,0.3160000145435333,0.5192999839782715
YIL016W,YCR093W,0,-2.9940143,0.057350270450115204,0.3160000145435333,0.5194000005722046
YIL046W,YPR181C,1,-2.9942527,0.05752132087945938,0.31700000166893005,0.5194000005722046
YPR054W,YOR221C,0,-2.9945545,0.05751088634133339,0.31700000166893005,0.5195000171661377
YGL213C,YNL245C,0,-2.9952588,0.0575004518032074,0.31700000166893005,0.519599974155426
YCR011C,YMR301C,0,-2.9953191,0.057490024715662,0.31700000166893005,0.5196999907493591
YAR003W,YFR042W,0,-2.995362,0.057479601353406906,0.31700000166893005,0.5198000073432922
YER168C,YKL201C,0,-2.9954014,0.05746918171644211,0.31700000166893005,0.5199000239372253
YIR011C,YDR330W,1,-2.9957726,0.05764002352952957,0.3179999887943268,0.5199000239372253
YEL053C,YAR027W,0,-2.9959326,0.057629574090242386,0.3179999887943268,0.5199999809265137
YKR046C,YDR052C,0,-2.9960897,0.0576191321015358,0.3179999887943268,0.5200999975204468
YDR363W-A,YER012W,1,-2.9966555,0.05778985470533371,0.3190000057220459,0.5200999975204468
YGL135W,YBR095C,0,-2.9967961,0.05777938663959503,0.3190000057220459,0.5202000141143799
YAR015W,YGR239C,0,-2.9968147,0.05776892602443695,0.3190000057220459,0.5202999711036682
YDR408C,YGL224C,0,-2.996863,0.05775846540927887,0.3190000057220459,0.5203999876976013
YER087C-B,YJL005W,0,-2.9969997,0.05774800851941109,0.3190000057220459,0.5205000042915344
YGR032W,YPL223C,0,-2.9975553,0.0577375553548336,0.3190000057220459,0.5206000208854675
YDR074W,YEL021W,0,-2.9975977,0.057727109640836716,0.3190000057220459,0.5206999778747559
YIL113W,YGR275W,0,-2.997762,0.05771666392683983,0.3190000057220459,0.520799994468689
YPR198W,YOR092W,0,-2.9978178,0.05770622193813324,0.3190000057220459,0.5209000110626221
YIR036C,YLR214W,0,-2.9982252,0.05769578740000725,0.3190000057220459,0.5210000276565552
YOL155C,YGR074W,0,-2.9984822,0.057685352861881256,0.3190000057220459,0.5210999846458435
YLR398C,YPL124W,0,-2.9985723,0.05767492204904556,0.3190000057220459,0.5212000012397766
YDR120C,YLR135W,0,-2.9986544,0.057664498686790466,0.3190000057220459,0.5213000178337097
YHR164C,YOR369C,0,-2.9987142,0.05765407532453537,0.3190000057220459,0.521399974822998
YBR173C,YDR054C,1,-2.9987159,0.057824358344078064,0.3199999928474426,0.521399974822998
YJR121W,YLL028W,0,-2.9987524,0.05781391263008118,0.3199999928474426,0.5214999914169312
YOR126C,YNL113W,0,-2.9989579,0.05780346691608429,0.3199999928474426,0.5216000080108643
YCR088W,YPR183W,0,-2.9990058,0.057793028652668,0.3199999928474426,0.5217000246047974
YBR083W,YPL037C,0,-2.9996684,0.05778259411454201,0.3199999928474426,0.5217999815940857
YJR127C,YPL212C,0,-3.0002685,0.057772159576416016,0.3199999928474426,0.5218999981880188
YLL052C,YML109W,0,-3.0003467,0.05776173248887062,0.3199999928474426,0.5220000147819519
YER018C,YHL047C,0,-3.0004194,0.057751309126615524,0.3199999928474426,0.5220999717712402
YOL140W,YPR075C,0,-3.0004604,0.057740889489650726,0.3199999928474426,0.5221999883651733
YPL119C,YPR165W,0,-3.0004714,0.05773046985268593,0.3199999928474426,0.5223000049591064
YGL121C,YFR055W,0,-3.0005543,0.05772005766630173,0.3199999928474426,0.5224000215530396
YLR385C,YOR148C,0,-3.0007386,0.057709649205207825,0.3199999928474426,0.5224999785423279
YGL153W,YOL112W,0,-3.0007482,0.05769924446940422,0.3199999928474426,0.522599995136261
YNL331C,YPR156C,0,-3.0007615,0.057688839733600616,0.3199999928474426,0.5227000117301941
YHR027C,YMR067C,1,-3.0007744,0.05785868689417839,0.32100000977516174,0.5227000117301941
YLL011W,YJR078W,0,-3.0010219,0.057848259806632996,0.32100000977516174,0.5228000283241272
YOR188W,YDR186C,0,-3.001112,0.0578378364443779,0.32100000977516174,0.5228999853134155
YER003C,YFR033C,0,-3.0016916,0.0578274168074131,0.32100000977516174,0.5230000019073486
YHR041C,YNL090W,0,-3.0018785,0.0578170046210289,0.32100000977516174,0.5231000185012817
YPR019W,YJL194W,0,-3.0020723,0.0578065924346447,0.32100000977516174,0.5231999754905701
YBR237W,YPR183W,0,-3.002125,0.057796183973550797,0.32100000977516174,0.5232999920845032
YHR166C,YMR119W,1,-3.00217,0.05796579644083977,0.32199999690055847,0.5232999920845032
YDR330W,YER012W,1,-3.002194,0.05813534930348396,0.3230000138282776,0.5232999920845032
YBR294W,YGR179C,0,-3.0024333,0.05812488868832588,0.3230000138282776,0.5234000086784363
YKL041W,YIL017C,1,-3.0024571,0.058294352144002914,0.3240000009536743,0.5234000086784363
YNL275W,YLR155C,0,-3.0024614,0.058283865451812744,0.3240000009536743,0.5235000252723694
YNL310C,YDL060W,0,-3.0025063,0.05827338248491287,0.3240000009536743,0.5235999822616577
YJL048C,YOR362C,1,-3.0028448,0.058442726731300354,0.32499998807907104,0.5235999822616577
YKL010C,YCR003W,0,-3.0033333,0.05843221768736839,0.32499998807907104,0.5236999988555908
YKL024C,YOL103W,0,-3.0040026,0.05842171609401703,0.32499998807907104,0.5238000154495239
YPL037C,YLR204W,0,-3.004191,0.058411214500665665,0.32499998807907104,0.5238999724388123
YDR322C-A,YBL026W,0,-3.0045848,0.0584007203578949,0.32499998807907104,0.5239999890327454
YMR223W,YMR210W,0,-3.005168,0.05839022621512413,0.32499998807907104,0.5241000056266785
YPL148C,YBR221C,0,-3.005395,0.05837973952293396,0.32499998807907104,0.5242000222206116
YDR101C,YBR081C,0,-3.0054479,0.05836925283074379,0.32499998807907104,0.5242999792098999
YJR033C,YOR095C,0,-3.0054774,0.058358773589134216,0.32499998807907104,0.524399995803833
YBL016W,YGL134W,0,-3.0057118,0.05834829434752464,0.32499998807907104,0.5245000123977661
YDR233C,YDL052C,0,-3.0057535,0.058337822556495667,0.32499998807907104,0.5246000289916992
YJL170C,YMR227C,0,-3.0062985,0.05832735076546669,0.32499998807907104,0.5246999859809875
YBL058W,YBR290W,1,-3.006319,0.058496322482824326,0.32600000500679016,0.5246999859809875
YIR025W,YFR052W,1,-3.0064304,0.05866523087024689,0.3269999921321869,0.5246999859809875
YLL027W,YLR081W,0,-3.0064986,0.05865470692515373,0.3269999921321869,0.5248000025749207
YGL147C,YKL025C,0,-3.0069828,0.058644190430641174,0.3269999921321869,0.5249000191688538
YBL091C-A,YDR364C,0,-3.0069866,0.058633673936128616,0.3269999921321869,0.5249999761581421
YDR339C,YGL232W,0,-3.0073938,0.05862316116690636,0.3269999921321869,0.5250999927520752
YOL103W,YNL309W,0,-3.0075135,0.058612655848264694,0.3269999921321869,0.5252000093460083
YML095C,YDR446W,0,-3.0077233,0.05860215052962303,0.3269999921321869,0.5253000259399414
YDR519W,YER025W,0,-3.007835,0.05859164893627167,0.3269999921321869,0.5253999829292297
YHR085W,YFL008W,0,-3.0079398,0.0585811547935009,0.3269999921321869,0.5254999995231628
YML091C,YGR036C,0,-3.0079873,0.05857066065073013,0.3269999921321869,0.525600016117096
YKL112W,YKL035W,0,-3.00806,0.058560170233249664,0.3269999921321869,0.5256999731063843
YOL104C,YHR057C,0,-3.008098,0.05854968726634979,0.3269999921321869,0.5257999897003174
YIL159W,YDR409W,0,-3.0083942,0.05853920429944992,0.3269999921321869,0.5259000062942505
YOR303W,YML070W,0,-3.008534,0.058528728783130646,0.3269999921321869,0.5260000228881836
YPL012W,YGL173C,0,-3.0090976,0.05851825326681137,0.3269999921321869,0.5260999798774719
YHR136C,YJR110W,0,-3.0093377,0.058507781475782394,0.3269999921321869,0.526199996471405
YBR044C,YCR020C,0,-3.0094318,0.058497317135334015,0.3269999921321869,0.5263000130653381
YIL109C,YPR079W,0,-3.0097065,0.058486852794885635,0.3269999921321869,0.5264000296592712
YKL137W,YLR187W,0,-3.010293,0.05847639590501785,0.3269999921321869,0.5264999866485596
YKL056C,YDL245C,0,-3.010528,0.05846593901515007,0.3269999921321869,0.5266000032424927
YOL033W,YOL090W,0,-3.0107236,0.058455489575862885,0.3269999921321869,0.5267000198364258
YOL090W,YOL112W,0,-3.0111384,0.0584450401365757,0.3269999921321869,0.5267999768257141
YLR096W,YDL014W,0,-3.0114617,0.05843459442257881,0.3269999921321869,0.5268999934196472
YBL023C,YER147C,0,-3.0119529,0.05842415615916252,0.3269999921321869,0.5270000100135803
YEL012W,YGL150C,0,-3.0120444,0.05841371789574623,0.3269999921321869,0.5271000266075134
YOR332W,YMR308C,0,-3.0120692,0.05840328708291054,0.3269999921321869,0.5271999835968018
YDL147W,YBR170C,1,-3.0120955,0.058571428060531616,0.328000009059906,0.5271999835968018
YDR379W,YLR213C,0,-3.0123043,0.058560971170663834,0.328000009059906,0.5273000001907349
YCL008C,YMR077C,1,-3.0123324,0.05872902646660805,0.32899999618530273,0.5273000001907349
YBR282W,YJL080C,0,-3.012456,0.058718543499708176,0.32899999618530273,0.527400016784668
YHR019C,YBR070C,0,-3.0125456,0.0587080642580986,0.32899999618530273,0.5274999737739563
YLR187W,YML028W,0,-3.012611,0.058697592467069626,0.32899999618530273,0.5275999903678894
YLR109W,YCR037C,0,-3.0133593,0.05868712067604065,0.32899999618530273,0.5277000069618225
YER025W,YJL134W,0,-3.0134032,0.05867665261030197,0.32899999618530273,0.5278000235557556
YBL021C,YNL206C,0,-3.0137627,0.05866619199514389,0.32899999618530273,0.527899980545044
YIL126W,YDR011W,0,-3.013768,0.05865573137998581,0.32899999618530273,0.527999997138977
YMR019W,YMR241W,0,-3.0139673,0.05864527449011803,0.32899999618530273,0.5281000137329102
YBR150C,YPR094W,0,-3.0140376,0.05863482505083084,0.32899999618530273,0.5281999707221985
YHR004C,YDL194W,0,-3.0140638,0.058624375611543655,0.32899999618530273,0.5282999873161316
YJL036W,YMR038C,0,-3.014075,0.05861393362283707,0.32899999618530273,0.5284000039100647
YER002W,YOL165C,0,-3.0140865,0.05860349163413048,0.32899999618530273,0.5285000205039978
YOR168W,YER074W-A,0,-3.0142512,0.05859305337071419,0.32899999618530273,0.5285999774932861
YDR508C,YBL055C,0,-3.0143523,0.058582622557878494,0.32899999618530273,0.5286999940872192
YNL300W,YCR024C-A,0,-3.01441,0.0585721917450428,0.32899999618530273,0.5288000106811523
YGR109C,YNL321W,0,-3.0145373,0.058561764657497406,0.32899999618530273,0.5289000272750854
YPL022W,YOL077W-A,0,-3.0145793,0.05855134502053261,0.32899999618530273,0.5289999842643738
YOR381W,YGL029W,0,-3.0146427,0.05854092538356781,0.32899999618530273,0.5291000008583069
YBR170C,YBR280C,1,-3.0147176,0.05870841443538666,0.33000001311302185,0.5291000008583069
YOL156W,YMR216C,0,-3.0148072,0.05869797244668007,0.33000001311302185,0.52920001745224
YPL098C,YPL281C,0,-3.014814,0.05868753418326378,0.33000001311302185,0.5292999744415283
YNL307C,YDR237W,0,-3.0148492,0.05867709964513779,0.33000001311302185,0.5293999910354614
YMR083W,YLR390W,0,-3.015033,0.058666665107011795,0.33000001311302185,0.5295000076293945
YER183C,YJR053W,0,-3.015088,0.0586562380194664,0.33000001311302185,0.5296000242233276
YPL134C,YGL155W,0,-3.0154386,0.058645814657211304,0.33000001311302185,0.529699981212616
YLR103C,YBL030C,0,-3.0156088,0.058635395020246506,0.33000001311302185,0.5297999978065491
YNR006W,YOR095C,0,-3.0156987,0.058624979108572006,0.33000001311302185,0.5299000144004822
YJL082W,YKL188C,0,-3.0157301,0.05861456319689751,0.33000001311302185,0.5299999713897705
YLR002C,YPL122C,0,-3.0157874,0.058604154735803604,0.33000001311302185,0.5300999879837036
YPR198W,YPL069C,0,-3.0158348,0.05859375,0.33000001311302185,0.5302000045776367
YHR167W,YOR092W,0,-3.0161614,0.058583348989486694,0.33000001311302185,0.5303000211715698
YHL004W,YOR294W,0,-3.0162113,0.05857295170426369,0.33000001311302185,0.5303999781608582
YLR176C,YMR218C,0,-3.0162535,0.05856255441904068,0.33000001311302185,0.5304999947547913
YBR261C,YLR359W,0,-3.0162725,0.05855216458439827,0.33000001311302185,0.5306000113487244
YLR208W,YIL017C,1,-3.016343,0.058719176799058914,0.3310000002384186,0.5306000113487244
YGR288W,YEL013W,0,-3.0165305,0.058708760887384415,0.3310000002384186,0.5307000279426575
YPR107C,YHR123W,0,-3.0166736,0.05869835242629051,0.3310000002384186,0.5307999849319458
YJR065C,YGR002C,0,-3.0170631,0.05868794396519661,0.3310000002384186,0.5309000015258789
YDR332W,YJL157C,0,-3.0171957,0.058677539229393005,0.3310000002384186,0.531000018119812
YMR190C,YJR078W,0,-3.017459,0.0586671382188797,0.3310000002384186,0.5310999751091003
YJL108C,YKL148C,0,-3.0175347,0.05865674465894699,0.3310000002384186,0.5311999917030334
YGR084C,YJL030W,0,-3.0177271,0.05864635109901428,0.3310000002384186,0.5313000082969666
YPL144W,YPR162C,0,-3.017963,0.05863596126437187,0.3310000002384186,0.5314000248908997
YKR097W,YLL054C,0,-3.0182357,0.05862557515501976,0.3310000002384186,0.531499981880188
YLL003W,YPL183W-A,0,-3.0184252,0.05861519277095795,0.3310000002384186,0.5315999984741211
YKR046C,YOL007C,0,-3.0186105,0.05860481411218643,0.3310000002384186,0.5317000150680542
YML123C,YOR361C,0,-3.0189185,0.058594442903995514,0.3310000002384186,0.5317999720573425
YMR271C,YJL128C,0,-3.0189853,0.058584071695804596,0.3310000002384186,0.5318999886512756
YJL091C,YOL034W,0,-3.0190156,0.058573704212903976,0.3310000002384186,0.5320000052452087
YLR047C,YBR092C,0,-3.0191424,0.058563340455293655,0.3310000002384186,0.5321000218391418
YPR101W,YNL117W,0,-3.0193067,0.05855298042297363,0.3310000002384186,0.5321999788284302
YGR255C,YBR228W,0,-3.0193405,0.05854262411594391,0.3310000002384186,0.5322999954223633
YHR066W,YOL054W,0,-3.0193448,0.05853227153420448,0.3310000002384186,0.5324000120162964
YBR294W,YNL102W,0,-3.0194,0.058521922677755356,0.3310000002384186,0.5325000286102295
YOR083W,YNR036C,0,-3.0194201,0.05851157754659653,0.3310000002384186,0.5325999855995178
YGL222C,YDR315C,0,-3.0194461,0.058501236140728,0.3310000002384186,0.5327000021934509
YER019W,YJL112W,0,-3.0195127,0.058490898460149765,0.3310000002384186,0.532800018787384
YOR056C,YOL080C,0,-3.0195994,0.05848056450486183,0.3310000002384186,0.5328999757766724
YPR031W,YDR310C,0,-3.0197468,0.0584702342748642,0.3310000002384186,0.5329999923706055
YBR222C,YDR512C,0,-3.0199509,0.05845990777015686,0.3310000002384186,0.5331000089645386
YFL022C,YPL051W,0,-3.0200145,0.05844958499073982,0.3310000002384186,0.5332000255584717
YOR074C,YOR067C,0,-3.0200489,0.05843926593661308,0.3310000002384186,0.53329998254776
YBR173C,YEL037C,1,-3.020212,0.05860547348856926,0.3319999873638153,0.53329998254776
YFR004W,YGL017W,1,-3.0202494,0.05877162143588066,0.3330000042915344,0.53329998254776
YPR025C,YGL224C,0,-3.0205617,0.05876125022768974,0.3330000042915344,0.5333999991416931
YHR013C,YLR034C,0,-3.0206776,0.058750882744789124,0.3330000042915344,0.5335000157356262
YMR184W,YDR118W,1,-3.0207212,0.05891691520810127,0.33399999141693115,0.5335000157356262
YHR013C,YPL132W,0,-3.0207806,0.05890652537345886,0.33399999141693115,0.5335999727249146
YAL005C,YOL124C,0,-3.020809,0.05889613926410675,0.33399999141693115,0.5336999893188477
YCR060W,YKL084W,0,-3.0209055,0.05888575315475464,0.33399999141693115,0.5338000059127808
YAL023C,YPL003W,0,-3.021114,0.058875374495983124,0.33399999141693115,0.5339000225067139
YDL185W,YBR125C,0,-3.0218418,0.05886499956250191,0.33399999141693115,0.5339999794960022
YLR003C,YPL211W,0,-3.0219924,0.05885462462902069,0.33399999141693115,0.5340999960899353
YER058W,YDR453C,0,-3.022668,0.05884425714612007,0.33399999141693115,0.5342000126838684
YGR006W,YHR099W,0,-3.0226846,0.05883388966321945,0.33399999141693115,0.5343000292778015
YDR043C,YIL044C,0,-3.0227509,0.05882352963089943,0.33399999141693115,0.5343999862670898
YJR047C,YBL011W,0,-3.022755,0.05881316959857941,0.33399999141693115,0.534500002861023
YPL069C,YDL095W,0,-3.0238004,0.05880281701683998,0.33399999141693115,0.534600019454956
YIL111W,YDR074W,0,-3.0238214,0.058792464435100555,0.33399999141693115,0.5346999764442444
YDR511W,YML070W,0,-3.024422,0.05878211930394173,0.33399999141693115,0.5347999930381775
YOR377W,YKL108W,0,-3.024486,0.0587717741727829,0.33399999141693115,0.5349000096321106
YIR037W,YDR479C,0,-3.0246506,0.058761436492204666,0.33399999141693115,0.5350000262260437
YLR401C,YJL085W,0,-3.0247226,0.058751098811626434,0.33399999141693115,0.535099983215332
YMR276W,YKL034W,1,-3.0247278,0.05891663581132889,0.33500000834465027,0.535099983215332
YBR019C,YPR021C,0,-3.0250204,0.058906275779008865,0.33500000834465027,0.5351999998092651
YDL058W,YJR127C,0,-3.025023,0.05889591947197914,0.33500000834465027,0.5353000164031982
YEL020C,YOL123W,0,-3.0251117,0.058885566890239716,0.33500000834465027,0.5353999733924866
YLR005W,YLL055W,0,-3.025126,0.05887521803379059,0.33500000834465027,0.5354999899864197
YKL124W,YJR104C,0,-3.0252254,0.05886487290263176,0.33500000834465027,0.5356000065803528
YHR152W,YPL217C,0,-3.025403,0.05885453149676323,0.33500000834465027,0.5357000231742859
YER017C,YGR084C,0,-3.0256097,0.058844193816185,0.33500000834465027,0.5357999801635742
YPL164C,YPR140W,0,-3.0257044,0.058833859860897064,0.33500000834465027,0.5358999967575073
YER044C,YNL330C,0,-3.0257616,0.05882352963089943,0.33500000834465027,0.5360000133514404
YMR214W,YIL017C,1,-3.0258124,0.05898876488208771,0.335999995470047,0.5360000133514404
YDR229W,YDL227C,0,-3.0258837,0.05897840857505798,0.335999995470047,0.5360999703407288
YNL311C,YDR394W,1,-3.025964,0.0591435581445694,0.3370000123977661,0.5360999703407288
YEL056W,YJR078W,0,-3.026032,0.05913317948579788,0.3370000123977661,0.5361999869346619
YMR112C,YJR160C,0,-3.0261667,0.059122808277606964,0.3370000123977661,0.536300003528595
YGR249W,YPL064C,0,-3.0262952,0.059112437069416046,0.3370000123977661,0.5364000201225281
YGL004C,YBL084C,1,-3.0264213,0.05927744507789612,0.33799999952316284,0.5364000201225281
YLR329W,YJL176C,0,-3.0264273,0.05926705151796341,0.33799999952316284,0.5364999771118164
YBR152W,YGR106C,0,-3.0265439,0.059256661683321,0.33799999952316284,0.5365999937057495
YDR198C,YDL184C,0,-3.0266757,0.05924627557396889,0.33799999952316284,0.5367000102996826
YIL021W,YLR264W,0,-3.0267806,0.059235893189907074,0.33799999952316284,0.5368000268936157
YOR204W,YKL195W,0,-3.0268793,0.05922551080584526,0.33799999952316284,0.536899983882904
YHL022C,YJL154C,0,-3.026938,0.059215135872364044,0.33799999952316284,0.5370000004768372
YEL059C-A,YPL217C,0,-3.026966,0.059204764664173126,0.33799999952316284,0.5371000170707703
YLR097C,YPL002C,1,-3.0270138,0.0593695268034935,0.33899998664855957,0.5371000170707703
YDR371W,YBR175W,0,-3.0271676,0.05935913324356079,0.33899998664855957,0.5371999740600586
YIL143C,YHR039C,0,-3.027171,0.05934873968362808,0.33899998664855957,0.5372999906539917
YIR036C,YDR146C,0,-3.0273108,0.05933834984898567,0.33899998664855957,0.5374000072479248
YER036C,YCL050C,0,-3.0275135,0.05932796746492386,0.33899998664855957,0.5375000238418579
YFL034C-A,YKL208W,0,-3.0278583,0.059317585080862045,0.33899998664855957,0.5375999808311462
YAL013W,YKL201C,0,-3.0279002,0.05930720642209053,0.33899998664855957,0.5376999974250793
YNL300W,YMR251W-A,0,-3.027923,0.05929683521389961,0.33899998664855957,0.5378000140190125
YLR286C,YJL192C,0,-3.0282083,0.059286464005708694,0.33899998664855957,0.5378999710083008
YPR005C,YBR031W,0,-3.0286906,0.059276096522808075,0.33899998664855957,0.5379999876022339
YKL161C,YOL148C,0,-3.028737,0.059265732765197754,0.33899998664855957,0.538100004196167
YCR030C,YBR080C,0,-3.0287852,0.05925537645816803,0.33899998664855957,0.5382000207901001
YKR036C,YOR205C,0,-3.0292444,0.059245020151138306,0.33899998664855957,0.5382999777793884
YJL122W,YJL002C,0,-3.0293202,0.05923466756939888,0.33899998664855957,0.5383999943733215
YIR025W,YMR067C,1,-3.0294495,0.05939901992678642,0.3400000035762787,0.5383999943733215
YLR401C,YDL017W,0,-3.0294838,0.059388644993305206,0.3400000035762787,0.5385000109672546
YOL017W,YGR215W,0,-3.0295959,0.05937827378511429,0.3400000035762787,0.5386000275611877
YLL013C,YLR332W,0,-3.0297284,0.05936790630221367,0.3400000035762787,0.5386999845504761
YGL011C,YIR025W,1,-3.0297575,0.05953212454915047,0.3409999907016754,0.5386999845504761
YBR203W,YPR094W,0,-3.0298278,0.05952173098921776,0.3409999907016754,0.5388000011444092
YJR043C,YNL335W,0,-3.0299673,0.059511344879865646,0.3409999907016754,0.5389000177383423
YLR383W,YMR014W,0,-3.0300055,0.059500958770513535,0.3409999907016754,0.5389999747276306
YOR353C,YIL051C,0,-3.0302935,0.05949058011174202,0.3409999907016754,0.5390999913215637
YLR024C,YER147C,0,-3.0303836,0.059480201452970505,0.3409999907016754,0.5392000079154968
YDL159W,YFL039C,0,-3.0304966,0.05946983024477959,0.3409999907016754,0.5393000245094299
YML060W,YLR233C,0,-3.0307276,0.05945945903658867,0.3409999907016754,0.5393999814987183
YOR261C,YMR276W,1,-3.0309129,0.05962343141436577,0.34200000762939453,0.5393999814987183
YER073W,YNR067C,0,-3.0311065,0.05961303785443306,0.34200000762939453,0.5394999980926514
YKR068C,YML064C,0,-3.0313535,0.05960264801979065,0.34200000762939453,0.5396000146865845
YKL179C,YGL259W,0,-3.0314798,0.05959226191043854,0.34200000762939453,0.5396999716758728
YGL125W,YGL244W,0,-3.0314927,0.05958188325166702,0.34200000762939453,0.5397999882698059
YDR022C,YGL123W,0,-3.031577,0.05957150459289551,0.34200000762939453,0.539900004863739
YOL115W,YOL156W,0,-3.0317025,0.05956112965941429,0.34200000762939453,0.5400000214576721
YDR238C,YPL237W,0,-3.031827,0.05955075845122337,0.34200000762939453,0.5400999784469604
YBR291C,YOR279C,0,-3.0321164,0.059540390968322754,0.34200000762939453,0.5401999950408936
YER180C,YKR025W,0,-3.0321863,0.05953002721071243,0.34200000762939453,0.5403000116348267
YOR070C,YIR028W,0,-3.0322404,0.05951966717839241,0.34200000762939453,0.5404000282287598
YHR007C,YDR334W,0,-3.0322769,0.059509310871362686,0.34200000762939453,0.5404999852180481
YPR189W,YLR430W,0,-3.0323815,0.05949895456433296,0.34200000762939453,0.5406000018119812
YGL200C,YBR161W,0,-3.0324438,0.059488605707883835,0.34200000762939453,0.5407000184059143
YHR079C,YMR152W,0,-3.0324616,0.059478260576725006,0.34200000762939453,0.5407999753952026
YJR083C,YPL237W,0,-3.032475,0.059467919170856476,0.34200000762939453,0.5408999919891357
YML097C,YBR105C,0,-3.0325763,0.059457581490278244,0.34200000762939453,0.5410000085830688
YKL180W,YDR322W,0,-3.0328994,0.05944724380970001,0.34200000762939453,0.541100025177002
YKL095W,YLR300W,0,-3.033025,0.05943691357970238,0.34200000762939453,0.5411999821662903
YNL064C,YBR290W,1,-3.0332232,0.0596003457903862,0.34299999475479126,0.5411999821662903
YKL125W,YOL016C,0,-3.0336561,0.059589993208646774,0.34299999475479126,0.5412999987602234
YMR043W,YKR097W,0,-3.0339856,0.05957964062690735,0.34299999475479126,0.5414000153541565
YLR452C,YBR081C,0,-3.033995,0.05956929549574852,0.34299999475479126,0.5414999723434448
YBR173C,YBR170C,1,-3.034002,0.0597325935959816,0.3440000116825104,0.5414999723434448
YGR249W,YKL210W,0,-3.0343661,0.05972222238779068,0.3440000116825104,0.5415999889373779
YMR093W,YBL037W,0,-3.0344036,0.05971185490489006,0.3440000116825104,0.541700005531311
YMR163C,YBR154C,0,-3.0345874,0.05970149114727974,0.3440000116825104,0.5418000221252441
YKL208W,YIR033W,0,-3.0346007,0.059691134840250015,0.3440000116825104,0.5418999791145325
YER025W,YJR078W,0,-3.0347927,0.05968077853322029,0.3440000116825104,0.5419999957084656
YHR104W,YBR083W,0,-3.0348868,0.059670425951480865,0.3440000116825104,0.5421000123023987
YOL082W,YDR389W,0,-3.0354085,0.05966007709503174,0.3440000116825104,0.5422000288963318
YLR027C,YHR156C,0,-3.035602,0.05964973196387291,0.3440000116825104,0.5422999858856201
YKL011C,YDR339C,0,-3.036822,0.05963939055800438,0.3440000116825104,0.5424000024795532
YNL135C,YER070W,0,-3.0370145,0.05962905287742615,0.3440000116825104,0.5425000190734863
YDL020C,YDR082W,0,-3.0370646,0.059618718922138214,0.3440000116825104,0.5425999760627747
YIR034C,YNR013C,0,-3.0370975,0.05960838496685028,0.3440000116825104,0.5426999926567078
YML091C,YBR281C,0,-3.0371494,0.059598058462142944,0.3440000116825104,0.5428000092506409
YJL172W,YOR232W,0,-3.0371723,0.059587735682725906,0.3440000116825104,0.542900025844574
YLR047C,YER125W,0,-3.0377016,0.05957741662859917,0.3440000116825104,0.5429999828338623
YBR185C,YGR124W,0,-3.037821,0.059567101299762726,0.3440000116825104,0.5430999994277954
YLR208W,YKL213C,1,-3.0381458,0.059729915112257004,0.3449999988079071,0.5430999994277954
YPR016C,YFR019W,0,-3.0393353,0.05971957743167877,0.3449999988079071,0.5432000160217285
YHR160C,YGL187C,0,-3.039346,0.05970924347639084,0.3449999988079071,0.5432999730110168
YOR008C,YKL188C,0,-3.039361,0.059698909521102905,0.3449999988079071,0.54339998960495
YBR166C,YPR135W,0,-3.0398214,0.05968858301639557,0.3449999988079071,0.5435000061988831
YFL036W,YER048W-A,0,-3.04016,0.05967825651168823,0.3449999988079071,0.5436000227928162
YMR184W,YAL058W,1,-3.0403543,0.05984088405966759,0.34599998593330383,0.5436000227928162
YNL309W,YDR119W,0,-3.0404696,0.05983053892850876,0.34599998593330383,0.5436999797821045
YNL227C,YFL017W-A,0,-3.0408468,0.05982019379734993,0.34599998593330383,0.5437999963760376
YDL202W,YNR008W,0,-3.0411246,0.0598098523914814,0.34599998593330383,0.5439000129699707
YKR101W,YHR207C,0,-3.0412035,0.05979951471090317,0.34599998593330383,0.5440000295639038
YDR298C,YNL138W,0,-3.0414677,0.05978918448090553,0.34599998593330383,0.5440999865531921
YMR117C,YJL108C,0,-3.0414863,0.0597788542509079,0.34599998593330383,0.5442000031471252
YCR027C,YCR012W,0,-3.041525,0.05976852774620056,0.34599998593330383,0.5443000197410583
YDR320C,YCR066W,0,-3.0416331,0.059758204966783524,0.34599998593330383,0.5443999767303467
YPL281C,YLL002W,0,-3.0416756,0.059747885912656784,0.34599998593330383,0.5444999933242798
YNL206C,YLR240W,0,-3.0417159,0.05973757058382034,0.34599998593330383,0.5446000099182129
YNL172W,YMR022W,1,-3.0418472,0.05989987775683403,0.34700000286102295,0.5446000099182129
YJL117W,YPL252C,0,-3.0419836,0.0598895400762558,0.34700000286102295,0.544700026512146
YKL028W,YBL074C,0,-3.042049,0.059879206120967865,0.34700000286102295,0.5447999835014343
YNL298W,YLL051C,0,-3.0420635,0.05986887589097023,0.34700000286102295,0.5449000000953674
YDR329C,YKL055C,0,-3.0422244,0.059858549386262894,0.34700000286102295,0.5450000166893005
YJR152W,YGR155W,0,-3.0423532,0.05984822288155556,0.34700000286102295,0.5450999736785889
YAL061W,YOR287C,0,-3.042621,0.05983790382742882,0.34700000286102295,0.545199990272522
YER153C,YJL053W,0,-3.0427468,0.05982758477330208,0.34700000286102295,0.5453000068664551
YLR272C,YGR188C,0,-3.0427785,0.059817273169755936,0.34700000286102295,0.5454000234603882
YGL094C,YKL220C,0,-3.042991,0.05980696156620979,0.34700000286102295,0.5454999804496765
YOR261C,YPL065W,1,-3.0429914,0.0599689818918705,0.3479999899864197,0.5454999804496765
YOL151W,YBR041W,0,-3.043305,0.059958647936582565,0.3479999899864197,0.5455999970436096
YIR025W,YPL065W,1,-3.0433557,0.060120586305856705,0.3490000069141388,0.5455999970436096
YML071C,YJR021C,0,-3.043418,0.06011022999882698,0.3490000069141388,0.5457000136375427
YOL021C,YOR269W,0,-3.0434551,0.06009988114237785,0.3490000069141388,0.545799970626831
YAL033W,YGL200C,0,-3.043634,0.060089532285928726,0.3490000069141388,0.5458999872207642
YBR244W,YDR140W,0,-3.043967,0.0600791871547699,0.3490000069141388,0.5460000038146973
YMR315W,YHR153C,0,-3.044243,0.06006884574890137,0.3490000069141388,0.5461000204086304
YGR010W,YBR009C,0,-3.0443325,0.060058508068323135,0.3490000069141388,0.5461999773979187
YKR042W,YBR104W,0,-3.044396,0.0600481778383255,0.3490000069141388,0.5462999939918518
YHR200W,YKL034W,1,-3.044477,0.06020987406373024,0.3499999940395355,0.5462999939918518
YBL067C,YHR107C,0,-3.0449042,0.060199517756700516,0.3499999940395355,0.5464000105857849
YAR015W,YLR105C,0,-3.0449512,0.06018916517496109,0.3499999940395355,0.546500027179718
YOL136C,YML064C,0,-3.0451407,0.06017881631851196,0.3499999940395355,0.5465999841690063
YPR137W,YML114C,0,-3.0452523,0.060168471187353134,0.3499999940395355,0.5467000007629395
YIL041W,YLR070C,0,-3.0454588,0.060158129781484604,0.3499999940395355,0.5468000173568726
YOL111C,YHR082C,0,-3.0456958,0.06014779210090637,0.3499999940395355,0.5468999743461609
YGL017W,YBR290W,1,-3.0459104,0.0603092797100544,0.35100001096725464,0.5468999743461609
YJL056C,YLR418C,0,-3.0459266,0.06029891595244408,0.35100001096725464,0.546999990940094
YGR152C,YBR198C,0,-3.046424,0.06028855964541435,0.35100001096725464,0.5471000075340271
YCL057W,YKR037C,0,-3.0467238,0.06027820706367493,0.35100001096725464,0.5472000241279602
YOL007C,YGR225W,0,-3.0468373,0.0602678582072258,0.35100001096725464,0.5472999811172485
YJL087C,YGL220W,0,-3.0470316,0.06025750935077667,0.35100001096725464,0.5473999977111816
YOR368W,YBL099W,0,-3.0470896,0.06024716794490814,0.35100001096725464,0.5475000143051147
YKL166C,YAL054C,0,-3.0471532,0.06023683026432991,0.35100001096725464,0.5475999712944031
YLR151C,YKL073W,0,-3.0472355,0.06022649258375168,0.35100001096725464,0.5476999878883362
YOR308C,YOL123W,0,-3.0473466,0.060216162353754044,0.35100001096725464,0.5478000044822693
YOR298W,YIL088C,0,-3.0476382,0.06020583212375641,0.35100001096725464,0.5479000210762024
YGL071W,YOR205C,0,-3.0477917,0.06019550561904907,0.35100001096725464,0.5479999780654907
YPR082C,YDR411C,0,-3.0481443,0.06018518656492233,0.35100001096725464,0.5480999946594238
YDL174C,YAL032C,0,-3.0481565,0.06017486751079559,0.35100001096725464,0.5482000112533569
YOL152W,YJL091C,0,-3.048177,0.06016455218195915,0.35100001096725464,0.54830002784729
YMR283C,YNR043W,0,-3.048349,0.06015424057841301,0.35100001096725464,0.5483999848365784
YLR038C,YKL127W,0,-3.0490131,0.060143932700157166,0.35100001096725464,0.5485000014305115
YBR198C,YDL029W,0,-3.0490785,0.06013362854719162,0.35100001096725464,0.5486000180244446
YDR318W,YDL039C,0,-3.0493197,0.06012332811951637,0.35100001096725464,0.5486999750137329
YER094C,YOL013C,1,-3.0496109,0.060284294188022614,0.35199999809265137,0.5486999750137329
YDL174C,YGR118W,0,-3.04978,0.060273971408605576,0.35199999809265137,0.548799991607666
YLR395C,YBR093C,0,-3.049968,0.060263652354478836,0.35199999809265137,0.5489000082015991
YLR262C,YGR295C,0,-3.0500648,0.060253337025642395,0.35199999809265137,0.5490000247955322
YDR177W,YBL084C,1,-3.050219,0.06041416898369789,0.3529999852180481,0.5490000247955322
YHR119W,YOR340C,0,-3.0507402,0.06040383130311966,0.3529999852180481,0.5490999817848206
YML095C,YOL109W,0,-3.0507665,0.060393497347831726,0.3529999852180481,0.5491999983787537
YLR176C,YIL066C,0,-3.0508375,0.06038316711783409,0.3529999852180481,0.5493000149726868
YGR113W,YBR030W,0,-3.0512586,0.060372840613126755,0.3529999852180481,0.5493999719619751
YGL071W,YIL110W,0,-3.0512686,0.06036251783370972,0.3529999852180481,0.5494999885559082
YGL032C,YOR145C,0,-3.05171,0.06035219877958298,0.3529999852180481,0.5496000051498413
YNL007C,YDR047W,0,-3.052022,0.06034187972545624,0.3529999852180481,0.5497000217437744
YGR199W,YAR008W,0,-3.0520506,0.060331568121910095,0.3529999852180481,0.5497999787330627
YER021W,YJR090C,1,-3.0521812,0.0604921393096447,0.3540000021457672,0.5497999787330627
YMR100W,YKL085W,0,-3.0524178,0.060481805354356766,0.3540000021457672,0.5498999953269958
YER002W,YOR098C,0,-3.0528607,0.06047147139906883,0.3540000021457672,0.550000011920929
YPR042C,YDR079W,0,-3.0528955,0.060461144894361496,0.3540000021457672,0.5501000285148621
YNL336W,YDR088C,0,-3.0529597,0.06045081838965416,0.3540000021457672,0.5501999855041504
YJL034W,YOL013C,1,-3.0532238,0.06061123311519623,0.35499998927116394,0.5501999855041504
YNL110C,YDL028C,0,-3.053276,0.0606008879840374,0.35499998927116394,0.5503000020980835
YDR443C,YER144C,0,-3.0533814,0.06059054285287857,0.35499998927116394,0.5504000186920166
YDR156W,YGL084C,0,-3.053387,0.06058020517230034,0.35499998927116394,0.5504999756813049
YHR079C-A,YLR314C,0,-3.053584,0.06056986749172211,0.35499998927116394,0.550599992275238
YPL154C,YMR250W,0,-3.0536203,0.06055953726172447,0.35499998927116394,0.5507000088691711
YML043C,YGR076C,0,-3.0543628,0.06054920703172684,0.35499998927116394,0.5508000254631042
YAR027W,YPR182W,0,-3.054422,0.0605388805270195,0.35499998927116394,0.5508999824523926
YOR145C,YJL121C,0,-3.0547597,0.06052855774760246,0.35499998927116394,0.5509999990463257
YOL147C,YMR061W,0,-3.0548208,0.06051824241876602,0.35499998927116394,0.5511000156402588
YER165W,YBR183W,0,-3.054831,0.06050792708992958,0.35499998927116394,0.5511999726295471
YNR002C,YHR134W,0,-3.054926,0.06049761548638344,0.35499998927116394,0.5512999892234802
YGR098C,YBR160W,0,-3.0550752,0.060487307608127594,0.35499998927116394,0.5514000058174133
YDL171C,YMR014W,0,-3.0552983,0.06047700345516205,0.35499998927116394,0.5515000224113464
YCR098C,YPR194C,0,-3.055328,0.0604666993021965,0.35499998927116394,0.5515999794006348
YGL229C,YNL136W,0,-3.055387,0.060456402599811554,0.35499998927116394,0.5516999959945679
YOL021C,YGR246C,0,-3.0553982,0.060446109622716904,0.35499998927116394,0.551800012588501
YBL003C,YCR014C,0,-3.055489,0.06043582037091255,0.35499998927116394,0.5519000291824341
YBR021W,YKL144C,0,-3.055563,0.0604255311191082,0.35499998927116394,0.5519999861717224
YAL021C,YOL105C,0,-3.0556319,0.060415249317884445,0.35499998927116394,0.5521000027656555
YGR169C,YFL036W,0,-3.0556667,0.06040496751666069,0.35499998927116394,0.5522000193595886
YJL194W,YHR136C,0,-3.0557687,0.06039469316601753,0.35499998927116394,0.552299976348877
YIL160C,YLR130C,0,-3.0557835,0.060384418815374374,0.35499998927116394,0.5523999929428101
YER162C,YGR292W,0,-3.0560908,0.060374148190021515,0.35499998927116394,0.5525000095367432
YKL009W,YNL061W,0,-3.0561862,0.06036388501524925,0.35499998927116394,0.5526000261306763
YBL058W,YGL017W,1,-3.0563495,0.060523632913827896,0.35600000619888306,0.5526000261306763
YMR281W,YLL008W,0,-3.056925,0.060513343662023544,0.35600000619888306,0.5526999831199646
YJL034W,YLL036C,1,-3.0572147,0.06067301332950592,0.3569999933242798,0.5526999831199646
YNL172W,YAL058W,1,-3.0572262,0.06083262711763382,0.3580000102519989,0.5526999831199646
YPL047W,YGR222W,0,-3.0573924,0.06082228943705559,0.3580000102519989,0.5527999997138977
YDL084W,YPL230W,0,-3.057601,0.06081195920705795,0.3580000102519989,0.5529000163078308
YPR107C,YDR298C,0,-3.0577893,0.06080162897706032,0.3580000102519989,0.5529999732971191
YIR025W,YDR143C,1,-3.057918,0.06096111238002777,0.35899999737739563,0.5529999732971191
YDL191W,YER039C,0,-3.0580769,0.060950763523578644,0.35899999737739563,0.5530999898910522
YNL087W,YCR012W,0,-3.0580819,0.060940418392419815,0.35899999737739563,0.5532000064849854
YOL013C,YPL002C,1,-3.0581174,0.06109979748725891,0.36000001430511475,0.5532000064849854
YNL067W,YBR026C,0,-3.0581977,0.06108942627906799,0.36000001430511475,0.5533000230789185
YFR028C,YPL132W,0,-3.0583339,0.06107906252145767,0.36000001430511475,0.5533999800682068
YBR187W,YDL083C,0,-3.0585709,0.06106870248913765,0.36000001430511475,0.5534999966621399
YOL013C,YDL126C,1,-3.0586002,0.0612279511988163,0.3610000014305115,0.5534999966621399
YHL022C,YPL242C,0,-3.0586097,0.061217568814754486,0.3610000014305115,0.553600013256073
YFL021W,YPL213W,0,-3.058621,0.06120719015598297,0.3610000014305115,0.5536999702453613
YMR029C,YKL146W,0,-3.0587301,0.061196811497211456,0.3610000014305115,0.5537999868392944
YBR253W,YIL110W,0,-3.05874,0.06118644028902054,0.3610000014305115,0.5539000034332275
YLR350W,YBL097W,0,-3.0588186,0.06117607280611992,0.3610000014305115,0.5540000200271606
YDL045C,YGL191W,0,-3.0588508,0.0611657053232193,0.3610000014305115,0.554099977016449
YJR002W,YMR203W,0,-3.0590148,0.06115534529089928,0.3610000014305115,0.5541999936103821
YFL017W-A,YKL165C,0,-3.059166,0.061144985258579254,0.3610000014305115,0.5543000102043152
YFL022C,YJL104W,0,-3.0591726,0.06113463267683983,0.3610000014305115,0.5544000267982483
YMR267W,YDR265W,0,-3.0592108,0.0611242800951004,0.3610000014305115,0.5544999837875366
YOR323C,YBL091C-A,0,-3.0592163,0.061113931238651276,0.3610000014305115,0.5546000003814697
YDR060W,YNL206C,0,-3.059328,0.061103589832782745,0.3610000014305115,0.5547000169754028
YGR105W,YKL182W,0,-3.0594068,0.061093248426914215,0.3610000014305115,0.5547999739646912
YER044C,YML066C,0,-3.0596485,0.06108291074633598,0.3610000014305115,0.5548999905586243
YPL241C,YER147C,0,-3.0598848,0.06107257679104805,0.3610000014305115,0.5550000071525574
YHR043C,YPR108W,1,-3.0599303,0.06123139336705208,0.3619999885559082,0.5550000071525574
YFR004W,YKL022C,1,-3.0600424,0.06139015778899193,0.3630000054836273,0.5550000071525574
YJR112W,YDR076W,0,-3.0602806,0.061379775404930115,0.3630000054836273,0.5551000237464905
YML029W,YMR314W,1,-3.0607777,0.0615384615957737,0.36399999260902405,0.5551000237464905
YER172C,YJR004C,0,-3.0609837,0.06152806058526039,0.36399999260902405,0.5551999807357788
YJL060W,YER110C,0,-3.061202,0.061517659574747086,0.36399999260902405,0.5552999973297119
YPL159C,YLR373C,0,-3.0613313,0.06150726601481438,0.36399999260902405,0.555400013923645
YAL031C,YER147C,0,-3.061421,0.06149687618017197,0.36399999260902405,0.5554999709129333
YKL206C,YBR290W,1,-3.061533,0.06165540590882301,0.36500000953674316,0.5554999709129333
YJL164C,YBR120C,0,-3.0617037,0.06164499372243881,0.36500000953674316,0.5555999875068665
YHR058C,YKL209C,0,-3.0619488,0.06163458153605461,0.36500000953674316,0.5557000041007996
YDR520C,YJR078W,0,-3.0619516,0.06162417680025101,0.36500000953674316,0.5558000206947327
YGL209W,YMR169C,0,-3.0620394,0.0616137757897377,0.36500000953674316,0.555899977684021
YDR363W-A,YHR043C,1,-3.062052,0.06177215278148651,0.3659999966621399,0.555899977684021
YJL128C,YML064C,0,-3.0622737,0.061761729419231415,0.3659999966621399,0.5559999942779541
YDL104C,YKR103W,0,-3.062479,0.06175130605697632,0.3659999966621399,0.5561000108718872
YMR088C,YLR153C,0,-3.0624962,0.06174089014530182,0.3659999966621399,0.5562000274658203
YAR015W,YJL071W,0,-3.062529,0.06173047795891762,0.3659999966621399,0.5562999844551086
YMR199W,YPL124W,0,-3.062633,0.06172006577253342,0.3659999966621399,0.5564000010490417
YIL143C,YMR106C,0,-3.0626483,0.06170966103672981,0.3659999966621399,0.5565000176429749
YGR274C,YDL043C,0,-3.0630355,0.06169926002621651,0.3659999966621399,0.5565999746322632
YNR003C,YDL059C,0,-3.0632215,0.0616888590157032,0.3659999966621399,0.5566999912261963
YDR448W,YFR031C,0,-3.0633323,0.061678461730480194,0.3659999966621399,0.5568000078201294
YLR070C,YCR094W,0,-3.0634165,0.061668071895837784,0.3659999966621399,0.5569000244140625
YOL165C,YPL220W,0,-3.0634928,0.061657682061195374,0.3659999966621399,0.5569999814033508
YMR184W,YMR276W,1,-3.0636075,0.06181573122739792,0.367000013589859,0.5569999814033508
YML085C,YPL242C,0,-3.0636563,0.061805322766304016,0.367000013589859,0.5570999979972839
YCR033W,YGL123W,0,-3.0637345,0.061794914305210114,0.367000013589859,0.557200014591217
YGL094C,YGL245W,0,-3.0637887,0.06178451329469681,0.367000013589859,0.5572999715805054
YDR387C,YPL266W,0,-3.063886,0.0617741122841835,0.367000013589859,0.5573999881744385
YCL010C,YAR050W,0,-3.064361,0.061763714998960495,0.367000013589859,0.5575000047683716
YJL103C,YDL104C,0,-3.064458,0.061753321439027786,0.367000013589859,0.5576000213623047
YNL252C,YOL077W-A,0,-3.0645337,0.061742935329675674,0.367000013589859,0.557699978351593
YDL185W,YGR134W,0,-3.0647442,0.06173254922032356,0.367000013589859,0.5577999949455261
YCL033C,YGR163W,0,-3.064745,0.06172216683626175,0.367000013589859,0.5579000115394592
YMR013C,YER172C,0,-3.064855,0.061711788177490234,0.367000013589859,0.5580000281333923
YCL010C,YJL074C,0,-3.0648952,0.06170141324400902,0.367000013589859,0.5580999851226807
YKR058W,YGR284C,0,-3.0649424,0.0616910420358181,0.367000013589859,0.5582000017166138
YGL059W,YMR094W,0,-3.0655355,0.06168067082762718,0.367000013589859,0.5583000183105469
YGL097W,YEL017C-A,0,-3.0655534,0.06167030707001686,0.367000013589859,0.5583999752998352
YDR329C,YGR257C,0,-3.0657754,0.06165994703769684,0.367000013589859,0.5584999918937683
YBR055C,YBL020W,0,-3.0659351,0.061649587005376816,0.367000013589859,0.5586000084877014
YGR036C,YML019W,0,-3.0661917,0.06163923442363739,0.367000013589859,0.5587000250816345
YNL006W,YIL094C,0,-3.0664964,0.061628881841897964,0.367000013589859,0.5587999820709229
YJR036C,YNL270C,0,-3.066502,0.061618536710739136,0.367000013589859,0.558899998664856
YPL091W,YMR247C,0,-3.066655,0.06160819157958031,0.367000013589859,0.5590000152587891
YNL202W,YLR141W,0,-3.0667841,0.06159785017371178,0.367000013589859,0.5590999722480774
YBL009W,YJR013W,0,-3.0668678,0.06158751621842384,0.367000013589859,0.5591999888420105
YGR177C,YMR298W,0,-3.067049,0.06157718226313591,0.367000013589859,0.5593000054359436
YMR119W,YDR143C,1,-3.0670726,0.06173460930585861,0.36800000071525574,0.5593000054359436
YMR077C,YIL017C,1,-3.0672443,0.061891984194517136,0.36899998784065247,0.5593000054359436
YBL079W,YOR197W,0,-3.0672607,0.06188160181045532,0.36899998784065247,0.5594000220298767
YHR043C,YGR048W,1,-3.0673084,0.06203889846801758,0.3700000047683716,0.5594000220298767
YBR084W,YHR076W,0,-3.0673175,0.06202850118279457,0.3700000047683716,0.559499979019165
YGR095C,YDL245C,0,-3.0674636,0.062018103897571564,0.3700000047683716,0.5595999956130981
YJL060W,YDR447C,0,-3.0679338,0.062007710337638855,0.3700000047683716,0.5597000122070312
YAL021C,YNR015W,0,-3.0679822,0.061997320502996445,0.3700000047683716,0.5598000288009644
YPL096W,YGR135W,1,-3.06808,0.062154464423656464,0.3709999918937683,0.5598000288009644
YPL134C,YMR312W,0,-3.0681129,0.06214405223727226,0.3709999918937683,0.5598999857902527
YNL212W,YLR330W,0,-3.068325,0.06213364750146866,0.3709999918937683,0.5600000023841858
YKL055C,YDL101C,0,-3.068518,0.062123242765665054,0.3709999918937683,0.5601000189781189
YJR130C,YLR213C,0,-3.0685456,0.06211284175515175,0.3709999918937683,0.5601999759674072
YHR179W,YDR486C,0,-3.0687578,0.06210244446992874,0.3709999918937683,0.5602999925613403
YAL016W,YDR214W,0,-3.068758,0.06209205090999603,0.3709999918937683,0.5604000091552734
YDR011W,YNL322C,0,-3.068788,0.06208166107535362,0.3709999918937683,0.5605000257492065
YAR002C-A,YLR289W,0,-3.0688496,0.06207127496600151,0.3709999918937683,0.5605999827384949
YPL060W,YGL130W,0,-3.068861,0.0620608888566494,0.3709999918937683,0.560699999332428
YDL060W,YML081C-A,0,-3.0688658,0.062050510197877884,0.3709999918937683,0.5608000159263611
YNL151C,YOR149C,0,-3.069098,0.06204013526439667,0.3709999918937683,0.5608999729156494
YDR103W,YNL154C,0,-3.0694118,0.06202976033091545,0.3709999918937683,0.5609999895095825
YFR029W,YBR287W,0,-3.0696812,0.06201939284801483,0.3709999918937683,0.5611000061035156
YHR002W,YML072C,0,-3.069686,0.06200902536511421,0.3709999918937683,0.5612000226974487
YFR036W,YNL172W,1,-3.0697436,0.062165774405002594,0.3720000088214874,0.5612000226974487
YGR189C,YBL045C,0,-3.0698261,0.06215538829565048,0.3720000088214874,0.5612999796867371
YMR022W,YIL017C,1,-3.0698638,0.062312062829732895,0.37299999594688416,0.5612999796867371
YOL077C,YLL011W,0,-3.0698953,0.06230165436863899,0.37299999594688416,0.5613999962806702
YNL026W,YPL212C,0,-3.0701277,0.06229124963283539,0.37299999594688416,0.5615000128746033
YPL188W,YOR279C,0,-3.0701776,0.06228084862232208,0.37299999594688416,0.5616000294685364
YNL016W,YDL166C,0,-3.0704618,0.062270451337099075,0.37299999594688416,0.5616999864578247
YER094C,YDR069C,1,-3.0707526,0.06242697313427925,0.37400001287460327,0.5616999864578247
YKR101W,YMR142C,0,-3.0710287,0.06241655722260475,0.37400001287460327,0.5618000030517578
YBL011W,YGR271W,0,-3.0711122,0.06240614131093025,0.37400001287460327,0.5619000196456909
YNL032W,YMR198W,0,-3.0711958,0.06239572912454605,0.37400001287460327,0.5619999766349792
YIR013C,YOR299W,0,-3.0711975,0.06238532066345215,0.37400001287460327,0.5620999932289124
YBR006W,YDR495C,0,-3.0712104,0.062374915927648544,0.37400001287460327,0.5622000098228455
YDR349C,YLR441C,0,-3.0716045,0.06236451491713524,0.37400001287460327,0.5623000264167786
YJL044C,YJL005W,0,-3.0716195,0.06235411763191223,0.37400001287460327,0.5623999834060669
YKL161C,YDR107C,0,-3.0716631,0.06234372407197952,0.37400001287460327,0.5625
YMR022W,YDR143C,1,-3.0717983,0.0625,0.375,0.5625
YAL040C,YGL174W,0,-3.0719213,0.0624895840883255,0.375,0.5626000165939331
YNL314W,YML063W,0,-3.071959,0.0624791719019413,0.375,0.5626999735832214
YBR021W,YHR181W,0,-3.0720456,0.062468767166137695,0.375,0.5627999901771545
YPR149W,YER095W,0,-3.0721757,0.06245836243033409,0.375,0.5629000067710876
YDR076W,YDL017W,0,-3.0723681,0.062447961419820786,0.375,0.5630000233650208
YDR139C,YIL078W,0,-3.0724611,0.06243756413459778,0.375,0.5630999803543091
YGL050W,YGL173C,0,-3.0725853,0.06242716684937477,0.375,0.5631999969482422
YBL106C,YOR354C,0,-3.0727696,0.06241677701473236,0.375,0.5633000135421753
YKL179C,YJL130C,0,-3.0731783,0.06240639090538025,0.375,0.5633999705314636
YKL164C,YNR043W,0,-3.0735364,0.06239600479602814,0.375,0.5634999871253967
YOR351C,YNL279W,0,-3.0738626,0.06238562613725662,0.375,0.5636000037193298
YDR128W,YDR326C,0,-3.0743093,0.062375251203775406,0.375,0.5637000203132629
YJL099W,YIL061C,0,-3.0744827,0.06236487627029419,0.375,0.5637999773025513
YCR098C,YDR356W,0,-3.0748692,0.06235450506210327,0.375,0.5638999938964844
YJL103C,YFL024C,0,-3.0749044,0.06234414130449295,0.375,0.5640000104904175
YAL016W,YHR034C,0,-3.0749679,0.06233377754688263,0.375,0.5641000270843506
YGL184C,YHL036W,0,-3.0750127,0.06232341751456261,0.375,0.5641999840736389
YHR002W,YMR116C,0,-3.0750184,0.06231306120753288,0.375,0.564300000667572
YIL145C,YMR113W,0,-3.075364,0.06230270862579346,0.375,0.5644000172615051
YLR178C,YLR467W,0,-3.07548,0.06229235976934433,0.375,0.5644999742507935
YLL029W,YDR237W,0,-3.075686,0.0622820146381855,0.375,0.5645999908447266
YPL122C,YOR361C,0,-3.0759737,0.06227166950702667,0.375,0.5647000074386597
YDL077C,YJL140W,0,-3.0759983,0.06226133182644844,0.375,0.5648000240325928
YKR087C,YNL159C,1,-3.076015,0.06241700053215027,0.37599998712539673,0.5648000240325928
YKL038W,YPR190C,0,-3.0763583,0.062406640499830246,0.37599998712539673,0.5648999810218811
YDR293C,YBL050W,0,-3.0763912,0.06239628419280052,0.37599998712539673,0.5649999976158142
YMR184W,YDR069C,1,-3.0764608,0.06255184859037399,0.37700000405311584,0.5649999976158142
YMR229C,YKR050W,0,-3.0764685,0.06254146993160248,0.37700000405311584,0.5651000142097473
YHR200W,YBL084C,1,-3.0766237,0.06269696354866028,0.3779999911785126,0.5651000142097473
YDR497C,YGL251C,0,-3.0766544,0.06268656998872757,0.3779999911785126,0.5651999711990356
YIL009C-A,YMR273C,0,-3.0766869,0.06267617642879486,0.3779999911785126,0.5652999877929688
YNR054C,YLR183C,0,-3.076886,0.06266578286886215,0.3779999911785126,0.5654000043869019
YGL179C,YJL117W,0,-3.0768864,0.06265539675951004,0.3779999911785126,0.565500020980835
YKL119C,YHR069C,0,-3.0769365,0.06264501065015793,0.3779999911785126,0.5655999779701233
YJR135C,YER052C,0,-3.077445,0.06263463199138641,0.3779999911785126,0.5656999945640564
YER069W,YDL103C,0,-3.0776036,0.0626242533326149,0.3779999911785126,0.5658000111579895
YJR104C,YBR222C,0,-3.0776527,0.06261388212442398,0.3779999911785126,0.5659000277519226
YBR115C,YGR075C,0,-3.0780249,0.06260351091623306,0.3779999911785126,0.5659999847412109
YOL145C,YER173W,0,-3.0780873,0.06259314715862274,0.3779999911785126,0.566100001335144
YDR405W,YKL001C,0,-3.0784059,0.06258278340101242,0.3779999911785126,0.5662000179290771
YPL106C,YGR284C,0,-3.0787582,0.0625724196434021,0.3779999911785126,0.5662999749183655
YBR019C,YDR429C,0,-3.078765,0.06256206333637238,0.3779999911785126,0.5663999915122986
YNR008W,YPR080W,0,-3.078856,0.06255171447992325,0.3779999911785126,0.5665000081062317
YAL032C,YNL242W,0,-3.078897,0.06254136562347412,0.3779999911785126,0.5666000247001648
YDR219C,YDR177W,1,-3.0789113,0.0626964420080185,0.3790000081062317,0.5666000247001648
YDL136W,YER019C-A,0,-3.0792928,0.06268607079982758,0.3790000081062317,0.5666999816894531
YGR048W,YHR027C,1,-3.0794125,0.06284108012914658,0.3799999952316284,0.5666999816894531
YBR155W,YJL111W,0,-3.079636,0.06283068656921387,0.3799999952316284,0.5667999982833862
YBL058W,YDR069C,1,-3.079924,0.0629856139421463,0.38100001215934753,0.5667999982833862
YNL153C,YNL308C,0,-3.0801215,0.0629752054810524,0.38100001215934753,0.5669000148773193
YNL079C,YDL140C,0,-3.0802789,0.0629647970199585,0.38100001215934753,0.5669999718666077
YJL184W,YJR053W,0,-3.0803447,0.06295439600944519,0.38100001215934753,0.5670999884605408
YOR056C,YMR014W,0,-3.0807273,0.06294399499893188,0.38100001215934753,0.5672000050544739
YLR133W,YER019W,0,-3.0807424,0.06293359398841858,0.38100001215934753,0.567300021648407
YHR079C-A,YOR226C,0,-3.0809042,0.06292320042848587,0.38100001215934753,0.5673999786376953
YPR052C,YKL049C,0,-3.0809212,0.06291281431913376,0.38100001215934753,0.5674999952316284
YHR119W,YDR324C,0,-3.080946,0.06290242820978165,0.38100001215934753,0.5676000118255615
YGL212W,YNL331C,0,-3.0810633,0.06289204210042953,0.38100001215934753,0.5677000284194946
YNL299W,YER154W,0,-3.0810788,0.06288166344165802,0.38100001215934753,0.567799985408783
YER162C,YGR175C,0,-3.081112,0.0628712847828865,0.38100001215934753,0.5679000020027161
YJL033W,YLR170C,0,-3.0811343,0.06286091357469559,0.38100001215934753,0.5680000185966492
YKR058W,YGL019W,0,-3.0813022,0.06285054236650467,0.38100001215934753,0.5680999755859375
YHR084W,YNR011C,0,-3.08137,0.06284017860889435,0.38100001215934753,0.5681999921798706
YJL047C,YIR025W,1,-3.0814805,0.06299472600221634,0.38199999928474426,0.5681999921798706
YLR079W,YDR314C,0,-3.0815632,0.06298433989286423,0.38199999928474426,0.5683000087738037
YKL101W,YCL063W,0,-3.0815902,0.06297395378351212,0.38199999928474426,0.5684000253677368
YKL176C,YER001W,0,-3.0815911,0.0629635751247406,0.38199999928474426,0.5684999823570251
YDR461W,YIL035C,0,-3.0820372,0.06295319646596909,0.38199999928474426,0.5685999989509583
YOL148C,YNL297C,0,-3.0820844,0.06294282525777817,0.38199999928474426,0.5687000155448914
YDR408C,YDR119W,0,-3.0820923,0.06293245404958725,0.38199999928474426,0.5687999725341797
YCL010C,YER022W,0,-3.082132,0.06292209029197693,0.38199999928474426,0.5688999891281128
YDR034C,YGR200C,0,-3.0829406,0.06291172653436661,0.38199999928474426,0.5690000057220459
YIL126W,YER169W,0,-3.0830963,0.06290137022733688,0.38199999928474426,0.569100022315979
YKL084W,YDR484W,0,-3.083411,0.06289101392030716,0.38199999928474426,0.5691999793052673
YIR025W,YMR184W,1,-3.0834465,0.06304527074098587,0.382999986410141,0.5691999793052673
YGR206W,YOR326W,0,-3.083512,0.06303489208221436,0.382999986410141,0.5692999958992004
YBL088C,YOR205C,0,-3.0835457,0.06302452087402344,0.382999986410141,0.5694000124931335
YCL024W,YHR023W,0,-3.0836167,0.06301414966583252,0.382999986410141,0.5695000290870667
YBR161W,YIL128W,0,-3.0837724,0.0630037859082222,0.382999986410141,0.569599986076355
YGL179C,YJL108C,0,-3.0839133,0.06299342215061188,0.382999986410141,0.5697000026702881
YOL156W,YHR117W,0,-3.0840592,0.06298305839300156,0.382999986410141,0.5698000192642212
YOR222W,YIR003W,0,-3.0841951,0.06297270953655243,0.382999986410141,0.5698999762535095
YJL034W,YBL057C,1,-3.0844107,0.06312675029039383,0.3840000033378601,0.5698999762535095
YGL106W,YIL122W,0,-3.0844843,0.06311637163162231,0.3840000033378601,0.5699999928474426
YDL202W,YHR084W,0,-3.0847418,0.0631060004234314,0.3840000033378601,0.5701000094413757
YDR146C,YOR007C,0,-3.0848384,0.06309562921524048,0.3840000033378601,0.5702000260353088
YMR235C,YBL092W,0,-3.0851307,0.06308526545763016,0.3840000033378601,0.5702999830245972
YDR294C,YIL048W,0,-3.0852365,0.06307490170001984,0.3840000033378601,0.5703999996185303
YBR202W,YOR033C,0,-3.0854115,0.06306454539299011,0.3840000033378601,0.5705000162124634
YDR221W,YEL022W,0,-3.0855665,0.06305418908596039,0.3840000033378601,0.5705999732017517
YLR139C,YGR059W,0,-3.0858574,0.06304383277893066,0.3840000033378601,0.5706999897956848
YJL122W,YPL074W,0,-3.0862732,0.06303348392248154,0.3840000033378601,0.5708000063896179
YNR032W,YMR257C,0,-3.086406,0.063023142516613,0.3840000033378601,0.570900022983551
YHR119W,YLR265C,0,-3.0864394,0.06301280111074448,0.3840000033378601,0.5709999799728394
YEL064C,YML070W,0,-3.086534,0.06300245970487595,0.3840000033378601,0.5710999965667725
YEL016C,YMR042W,0,-3.0867963,0.06299212574958801,0.3840000033378601,0.5712000131607056
YLR286C,YKL209C,0,-3.0868773,0.06298179179430008,0.3840000033378601,0.5713000297546387
YJL164C,YKL173W,0,-3.0869782,0.06297146528959274,0.3840000033378601,0.571399986743927
YNL197C,YML130C,0,-3.0869803,0.0629611387848854,0.3840000033378601,0.5715000033378601
YDL198C,YMR170C,0,-3.0873384,0.06295081973075867,0.3840000033378601,0.5716000199317932
YCR033W,YHR184W,0,-3.0875316,0.06294050067663193,0.3840000033378601,0.5716999769210815
YPR190C,YNR074C,0,-3.0875707,0.06293018907308578,0.3840000033378601,0.5717999935150146
YER068W,YPR183W,0,-3.088025,0.06291987746953964,0.3840000033378601,0.5719000101089478
YGR268C,YIL010W,0,-3.088049,0.0629095658659935,0.3840000033378601,0.5720000267028809
YCR037C,YLL011W,0,-3.088077,0.06289926171302795,0.3840000033378601,0.5720999836921692
YGR121C,YNL075W,0,-3.088204,0.062888965010643,0.3840000033378601,0.5722000002861023
YMR142C,YMR075W,0,-3.0882735,0.06287866085767746,0.3840000033378601,0.5723000168800354
YLR381W,YPL217C,0,-3.0883813,0.06286837160587311,0.3840000033378601,0.5723999738693237
YGR014W,YNL093W,0,-3.088461,0.06285807490348816,0.3840000033378601,0.5724999904632568
YOL045W,YBR228W,0,-3.088574,0.0628477931022644,0.3840000033378601,0.5726000070571899
YDR141C,YLR043C,0,-3.0885806,0.06283750385046005,0.3840000033378601,0.572700023651123
YOR209C,YDR224C,0,-3.088832,0.0628272220492363,0.3840000033378601,0.5727999806404114
YDR097C,YBR298C,0,-3.088846,0.06281694769859314,0.3840000033378601,0.5728999972343445
YBL058W,YIR025W,1,-3.088846,0.06297023594379425,0.38499999046325684,0.5728999972343445
YDR519W,YLR404W,0,-3.08885,0.0629599317908287,0.38499999046325684,0.5730000138282776
YKR046C,YFR003C,0,-3.089829,0.06294964253902435,0.38499999046325684,0.5730999708175659
YDL021W,YOR224C,0,-3.0899327,0.0629393458366394,0.38499999046325684,0.573199987411499
YKR026C,YGL122C,0,-3.0899642,0.06292906403541565,0.38499999046325684,0.5733000040054321
YPL230W,YPL252C,0,-3.0900922,0.0629187747836113,0.38499999046325684,0.5734000205993652
YOR351C,YDR062W,0,-3.0901628,0.06290850043296814,0.38499999046325684,0.5734999775886536
YDL191W,YGR241C,0,-3.0902915,0.06289821863174438,0.38499999046325684,0.5735999941825867
YMR119W,YJR090C,1,-3.0903585,0.06305129081010818,0.38600000739097595,0.5735999941825867
YKL221W,YLR116W,0,-3.0904565,0.06304099410772324,0.38600000739097595,0.5737000107765198
YCL008C,YLR380W,1,-3.090532,0.06319399178028107,0.3869999945163727,0.5737000107765198
YLR186W,YMR277W,0,-3.0905633,0.06318367272615433,0.3869999945163727,0.5738000273704529
YOL127W,YMR217W,0,-3.0905979,0.06317336112260818,0.3869999945163727,0.5738999843597412
YJR076C,YLR228C,0,-3.091092,0.06316304951906204,0.3869999945163727,0.5740000009536743
YMR083W,YNL009W,0,-3.09137,0.0631527379155159,0.3869999945163727,0.5741000175476074
YMR083W,YJL079C,0,-3.091392,0.06314244121313095,0.3869999945163727,0.5741999745368958
YOL111C,YHL036W,0,-3.0915291,0.0631321370601654,0.3869999945163727,0.5742999911308289
YIR025W,YGR135W,1,-3.091569,0.06328494846820831,0.3880000114440918,0.5742999911308289
YPR132W,YCR024C-A,0,-3.0916252,0.06327462196350098,0.3880000114440918,0.574400007724762
YMR036C,YDR126W,0,-3.091673,0.06326431035995483,0.3880000114440918,0.5745000243186951
YJL048C,YBL041W,1,-3.0916975,0.06341701745986938,0.3889999985694885,0.5745000243186951
YDR116C,YLR390W,0,-3.09202,0.06340668350458145,0.3889999985694885,0.5745999813079834
YDR267C,YPR066W,0,-3.0920362,0.06339634954929352,0.3889999985694885,0.5746999979019165
YDR167W,YNL267W,0,-3.0923028,0.06338601559400558,0.3889999985694885,0.5748000144958496
YFL039C,YGL134W,0,-3.093101,0.06337568908929825,0.3889999985694885,0.5748999714851379
YLR130C,YPR006C,0,-3.0932279,0.06336537003517151,0.3889999985694885,0.574999988079071
YIL066C,YDL004W,0,-3.0933192,0.06335505098104477,0.3889999985694885,0.5751000046730042
YDR167W,YOR084W,0,-3.0935354,0.06334473192691803,0.3889999985694885,0.5752000212669373
YGR163W,YBL039C,0,-3.0935414,0.06333442032337189,0.3889999985694885,0.5752999782562256
YJR140C,YLR246W,0,-3.0937512,0.06332410871982574,0.3889999985694885,0.5753999948501587
YOR008C,YLR228C,0,-3.093845,0.0633138045668602,0.3889999985694885,0.5755000114440918
YGL120C,YML115C,0,-3.0939217,0.06330350041389465,0.3889999985694885,0.5756000280380249
YDL111C,YCL063W,0,-3.0943398,0.06329319626092911,0.3889999985694885,0.5756999850273132
YIL105C,YLL009C,0,-3.0943925,0.06328289955854416,0.3889999985694885,0.5758000016212463
YLR070C,YNL080C,0,-3.0944655,0.06327261030673981,0.3889999985694885,0.5759000182151794
YDR128W,YPL214C,0,-3.0946562,0.06326232105493546,0.3889999985694885,0.5759999752044678
YDR533C,YNL219C,0,-3.0948014,0.0632520318031311,0.3889999985694885,0.5760999917984009
YBR022W,YJR105W,0,-3.095286,0.06324175000190735,0.3889999985694885,0.576200008392334
YKR101W,YPL183W-A,0,-3.0953777,0.0632314682006836,0.3889999985694885,0.5763000249862671
YOR346W,YKR054C,0,-3.0954945,0.06322119385004044,0.3889999985694885,0.5763999819755554
YCR053W,YGL122C,0,-3.0955086,0.06321091949939728,0.3889999985694885,0.5764999985694885
YFR028C,YBR172C,0,-3.0956464,0.06320065259933472,0.3889999985694885,0.5766000151634216
YMR152W,YPL192C,0,-3.0957117,0.06319038569927216,0.3889999985694885,0.57669997215271
YPR020W,YER146W,0,-3.0958545,0.0631801187992096,0.3889999985694885,0.5767999887466431
YGL178W,YIL114C,0,-3.095891,0.06316985934972763,0.3889999985694885,0.5769000053405762
YDR067C,YBR041W,0,-3.0959816,0.06315960735082626,0.3889999985694885,0.5770000219345093
YNL186W,YDR404C,0,-3.096006,0.0631493479013443,0.3889999985694885,0.5770999789237976
YBL084C,YDR394W,1,-3.0964305,0.06330141425132751,0.38999998569488525,0.5770999789237976
YDR312W,YLR431C,0,-3.0967472,0.06329113990068436,0.38999998569488525,0.5771999955177307
YOR167C,YPL022W,0,-3.0969,0.0632808730006218,0.38999998569488525,0.5773000121116638
YNL015W,YML073C,0,-3.0969782,0.06327060610055923,0.38999998569488525,0.5774000287055969
YFL037W,YBR103W,0,-3.0971506,0.06326033920049667,0.38999998569488525,0.5774999856948853
YJL123C,YOL080C,0,-3.097252,0.06325007975101471,0.38999998569488525,0.5776000022888184
YDL168W,YJL090C,0,-3.0973392,0.06323982775211334,0.38999998569488525,0.5777000188827515
YGR048W,YIL046W,1,-3.0974603,0.06339170038700104,0.39100000262260437,0.5777000188827515
YPL202C,YNR028W,0,-3.0976672,0.06338142603635788,0.39100000262260437,0.5777999758720398
YIL111W,YMR016C,0,-3.0979278,0.06337115168571472,0.39100000262260437,0.5778999924659729
YDR097C,YLR256W,0,-3.0979571,0.06336088478565216,0.39100000262260437,0.578000009059906
YDL137W,YKL003C,0,-3.0980992,0.0633506178855896,0.39100000262260437,0.5781000256538391
YOR310C,YJR099W,0,-3.0981448,0.06334035098552704,0.39100000262260437,0.5781999826431274
YPL047W,YBR203W,0,-3.098146,0.06333009153604507,0.39100000262260437,0.5782999992370605
YBR274W,YLR453C,0,-3.098332,0.06331983953714371,0.39100000262260437,0.5784000158309937
YOR074C,YDR362C,0,-3.0983996,0.06330958753824234,0.39100000262260437,0.578499972820282
YPR104C,YPR201W,0,-3.0984354,0.06329933553934097,0.39100000262260437,0.5785999894142151
YMR023C,YGL047W,0,-3.0984437,0.0632890909910202,0.39100000262260437,0.5787000060081482
YOL089C,YHR164C,0,-3.0984488,0.06327884644269943,0.39100000262260437,0.5788000226020813
YCR027C,YOL140W,0,-3.0990717,0.06326860934495926,0.39100000262260437,0.5788999795913696
YPR048W,YBR251W,0,-3.0994542,0.06325837224721909,0.39100000262260437,0.5789999961853027
YOR187W,YDR156W,0,-3.0997076,0.06324814260005951,0.39100000262260437,0.5791000127792358
YMR228W,YBR067C,0,-3.0997477,0.06323791295289993,0.39100000262260437,0.579200029373169
YDR231C,YNL071W,0,-3.0998888,0.06322768330574036,0.39100000262260437,0.5792999863624573
YFR032C-A,YOR386W,0,-3.1000347,0.06321746110916138,0.39100000262260437,0.5794000029563904
YNL191W,YGR132C,0,-3.1001213,0.0632072389125824,0.39100000262260437,0.5795000195503235
YGL187C,YIR022W,0,-3.1001263,0.06319702416658401,0.39100000262260437,0.5795999765396118
YNL185C,YOR255W,0,-3.100152,0.06318681687116623,0.39100000262260437,0.5796999931335449
YHR074W,YPR111W,0,-3.1001842,0.06317660212516785,0.39100000262260437,0.579800009727478
YLR207W,YBL084C,1,-3.1001852,0.06332794576883316,0.3919999897480011,0.579800009727478
YMR319C,YHR017W,0,-3.100295,0.06331771612167358,0.3919999897480011,0.5799000263214111
YPL046C,YBR228W,0,-3.1004274,0.0633074939250946,0.3919999897480011,0.5799999833106995
YLL041C,YML007W,0,-3.1004777,0.06329727172851562,0.3919999897480011,0.5800999999046326
YDR270W,YKL120W,0,-3.1006808,0.06328704953193665,0.3919999897480011,0.5802000164985657
YPL042C,YOR190W,0,-3.1008534,0.06327683478593826,0.3919999897480011,0.580299973487854
YNL336W,YLR395C,0,-3.1008732,0.06326662003993988,0.3919999897480011,0.5803999900817871
YOL119C,YDR231C,0,-3.1010284,0.0632564127445221,0.3919999897480011,0.5805000066757202
YOR293W,YBR230C,0,-3.1011271,0.06324620544910431,0.3919999897480011,0.5806000232696533
YML126C,YLR314C,0,-3.1016476,0.06323600560426712,0.3919999897480011,0.5806999802589417
YDR432W,YLR359W,0,-3.1017277,0.06322580575942993,0.3919999897480011,0.5807999968528748
YJL207C,YGR229C,0,-3.1019144,0.06321561336517334,0.3919999897480011,0.5809000134468079
YPL091W,YLR120C,0,-3.10223,0.06320542097091675,0.3919999897480011,0.5809999704360962
YHR058C,YGR167W,0,-3.102303,0.06319522857666016,0.3919999897480011,0.5810999870300293
YNR010W,YLR320W,0,-3.102449,0.06318504363298416,0.3919999897480011,0.5812000036239624
YIL066C,YHR099W,0,-3.102538,0.06317485868930817,0.3919999897480011,0.5813000202178955
YHL036W,YOR057W,0,-3.1027446,0.06316468119621277,0.3919999897480011,0.5813999772071838
YER006W,YOL139C,0,-3.1031466,0.06315450370311737,0.3919999897480011,0.5814999938011169
YPL194W,YHL007C,0,-3.1036086,0.06314432621002197,0.3919999897480011,0.58160001039505
YGL094C,YBR145W,0,-3.103893,0.06313416361808777,0.3919999897480011,0.5817000269889832
YOR005C,YKL108W,0,-3.1039596,0.06312399357557297,0.3919999897480011,0.5817999839782715
YAL016W,YFL017W-A,0,-3.104092,0.06311383098363876,0.3919999897480011,0.5819000005722046
YBR118W,YDR480W,0,-3.1045232,0.06310366839170456,0.3919999897480011,0.5820000171661377
YGL205W,YDR404C,0,-3.104612,0.06309351325035095,0.3919999897480011,0.582099974155426
YBR048W,YKL053C-A,0,-3.1046247,0.06308335810899734,0.3919999897480011,0.5821999907493591
YKR038C,YBL061C,0,-3.104834,0.06307321041822433,0.3919999897480011,0.5823000073432922
YDL132W,YDR177W,1,-3.105268,0.0632239356637001,0.3930000066757202,0.5823000073432922
YKR046C,YMR112C,0,-3.105339,0.0632137656211853,0.3930000066757202,0.5824000239372253
YLR298C,YMR271C,0,-3.1054034,0.0632036030292511,0.3930000066757202,0.5824999809265137
YJR152W,YKL120W,0,-3.105427,0.0631934404373169,0.3930000066757202,0.5825999975204468
YJR014W,YOR216C,0,-3.1054838,0.06318327784538269,0.3930000066757202,0.5827000141143799
YCR020W-B,YML115C,0,-3.105492,0.06317312270402908,0.3930000066757202,0.5827999711036682
YIL046W,YER012W,1,-3.1055665,0.06332369148731232,0.39399999380111694,0.5827999711036682
YLR099C,YDL107W,0,-3.1056018,0.06331351399421692,0.39399999380111694,0.5828999876976013
YFR033C,YER164W,0,-3.105804,0.06330334395170212,0.39399999380111694,0.5830000042915344
YGR038W,YOR244W,0,-3.1061058,0.06329317390918732,0.39399999380111694,0.5831000208854675
YNL107W,YHR042W,0,-3.1061118,0.06328300386667252,0.39399999380111694,0.5831999778747559
YEL046C,YBR098W,0,-3.1065288,0.06327284127473831,0.39399999380111694,0.583299994468689
YPL134C,YGL083W,0,-3.1066165,0.0632626861333847,0.39399999380111694,0.5834000110626221
YPL127C,YDR322W,0,-3.1066303,0.0632525309920311,0.39399999380111694,0.5835000276565552
YHR056C,YML014W,0,-3.1067786,0.06324237585067749,0.39399999380111694,0.5835999846458435
YJL130C,YJR075W,0,-3.106839,0.06323222815990448,0.39399999380111694,0.5837000012397766
YIL159W,YPL024W,0,-3.1069286,0.06322208046913147,0.39399999380111694,0.5838000178337097
YKR039W,YHR121W,0,-3.1076317,0.06321193277835846,0.39399999380111694,0.583899974822998
YGR218W,YGR087C,0,-3.1077552,0.06320179998874664,0.39399999380111694,0.5839999914169312
YGL065C,YGL205W,0,-3.107888,0.06319165974855423,0.39399999380111694,0.5841000080108643
YGR091W,YOR148C,0,-3.108101,0.06318152695894241,0.39399999380111694,0.5842000246047974
YFL009W,YGL017W,1,-3.1081967,0.0633317306637764,0.39500001072883606,0.5842000246047974
YPR152C,YBL101C,0,-3.1082754,0.06332157552242279,0.39500001072883606,0.5842999815940857
YGR154C,YNL125C,0,-3.1085505,0.06331142783164978,0.39500001072883606,0.5843999981880188
YBL004W,YGL137W,0,-3.1085634,0.06330128014087677,0.39500001072883606,0.5845000147819519
YIL143C,YPL256C,0,-3.108827,0.06329113990068436,0.39500001072883606,0.5845999717712402
YMR239C,YCR097W,0,-3.1088357,0.06328099966049194,0.39500001072883606,0.5846999883651733
YML106W,YHR098C,0,-3.10925,0.06327086687088013,0.39500001072883606,0.5848000049591064
YMR289W,YOR047C,0,-3.1093578,0.06326072663068771,0.39500001072883606,0.5849000215530396
YAL035W,YDL222C,0,-3.1094134,0.0632506012916565,0.39500001072883606,0.5849999785423279
YOR284W,YMR065W,0,-3.1094222,0.06324047595262527,0.39500001072883606,0.585099995136261
YDR318W,YGR072W,0,-3.1094565,0.06323035061359406,0.39500001072883606,0.5852000117301941
YML014W,YBR237W,0,-3.1095412,0.06322023272514343,0.39500001072883606,0.5853000283241272
YOR375C,YDR164C,0,-3.1096258,0.06321011483669281,0.39500001072883606,0.5853999853134155
YGR123C,YPL211W,0,-3.10965,0.06319999694824219,0.39500001072883606,0.5855000019073486
YLR106C,YOL062C,0,-3.1099606,0.06318988651037216,0.39500001072883606,0.5856000185012817
YLR423C,YGR061C,0,-3.1099684,0.06317978352308273,0.39500001072883606,0.5856999754905701
YLR147C,YGR198W,0,-3.1101806,0.0631696805357933,0.39500001072883606,0.5857999920845032
YFL003C,YMR197C,0,-3.1102164,0.06315957754850388,0.39500001072883606,0.5859000086784363
YBR231C,YLR396C,0,-3.1104817,0.06314948201179504,0.39500001072883606,0.5860000252723694
YKR087C,YDR330W,1,-3.110665,0.06329923123121262,0.3959999978542328,0.5860000252723694
YER075C,YMR080C,0,-3.110839,0.063289113342762,0.3959999978542328,0.5860999822616577
YDR296W,YFL039C,0,-3.110865,0.06327900290489197,0.3959999978542328,0.5861999988555908
YGR095C,YKL096W-A,0,-3.1108928,0.06326889246702194,0.3959999978542328,0.5863000154495239
YLR005W,YHR046C,0,-3.1110125,0.06325878947973251,0.3959999978542328,0.5863999724388123
YLR369W,YBL071W-A,0,-3.1110153,0.06324867904186249,0.3959999978542328,0.5864999890327454
YGR014W,YFL044C,0,-3.1112719,0.06323858350515366,0.3959999978542328,0.5866000056266785
YDL099W,YNL275W,0,-3.111514,0.06322848796844482,0.3959999978542328,0.5867000222206116
YHR031C,YLR147C,0,-3.1116157,0.06321839243173599,0.3959999978542328,0.5867999792098999
YCL033C,YDR346C,0,-3.111715,0.06320829689502716,0.3959999978542328,0.586899995803833
YBL004W,YOR076C,0,-3.1121056,0.06319821625947952,0.3959999978542328,0.5870000123977661
YDL092W,YOR375C,0,-3.1123168,0.06318812817335129,0.3959999978542328,0.5871000289916992
YDR432W,YEL017C-A,0,-3.112383,0.06317804753780365,0.3959999978542328,0.5871999859809875
YNL307C,YCR093W,0,-3.1128178,0.06316796690225601,0.3959999978542328,0.5873000025749207
YKR065C,YOR298C-A,0,-3.1129088,0.06315789371728897,0.3959999978542328,0.5874000191688538
YOR014W,YLR213C,0,-3.1131346,0.06314782053232193,0.3959999978542328,0.5874999761581421
YBR155W,YPR036W,0,-3.1133265,0.06313775479793549,0.3959999978542328,0.5875999927520752
YOR094W,YGL095C,0,-3.1135178,0.06312768906354904,0.3959999978542328,0.5877000093460083
YDR400W,YDR330W,1,-3.1136804,0.06327701359987259,0.3970000147819519,0.5877000093460083
YMR067C,YDR069C,1,-3.1136937,0.06342629343271255,0.39800000190734863,0.5877000093460083
YKL010C,YKL024C,0,-3.1139238,0.06341619044542313,0.39800000190734863,0.5878000259399414
YNL202W,YJR092W,0,-3.1140704,0.0634060874581337,0.39800000190734863,0.5878999829292297
YGL026C,YNR027W,0,-3.1142447,0.06339598447084427,0.39800000190734863,0.5879999995231628
YHR043C,YNL159C,1,-3.1142507,0.06354515254497528,0.39899998903274536,0.5879999995231628
YNL325C,YLR342W,0,-3.1146822,0.06353503465652466,0.39899998903274536,0.588100016117096
YOR003W,YIL114C,0,-3.1147485,0.06352491676807404,0.39899998903274536,0.5881999731063843
YNL005C,YNL093W,0,-3.1149917,0.06351480633020401,0.39899998903274536,0.5882999897003174
YBR126C,YIL041W,0,-3.1154008,0.06350469589233398,0.39899998903274536,0.5884000062942505
YLL033W,YMR289W,0,-3.1154072,0.06349459290504456,0.39899998903274536,0.5885000228881836
YLR134W,YAL016W,0,-3.1156201,0.06348448991775513,0.39899998903274536,0.5885999798774719
YER165W,YNL219C,0,-3.1156578,0.0634743869304657,0.39899998903274536,0.588699996471405
YKL067W,YLR396C,0,-3.1156688,0.06346429139375687,0.39899998903274536,0.5888000130653381
YPR060C,YGR087C,0,-3.1156688,0.06345419585704803,0.39899998903274536,0.5889000296592712
YOR326W,YDR316W,0,-3.1158643,0.0634441077709198,0.39899998903274536,0.5889999866485596
YPR156C,YBL030C,0,-3.115903,0.06343401968479156,0.39899998903274536,0.5891000032424927
YOR153W,YMR238W,0,-3.116095,0.06342393904924393,0.39899998903274536,0.5892000198364258
YFL055W,YJR002W,0,-3.1165085,0.06341385841369629,0.39899998903274536,0.5892999768257141
YBR044C,YMR194W,0,-3.1165147,0.06340378522872925,0.39899998903274536,0.5893999934196472
YHR119W,YBR207W,0,-3.1167915,0.06339370459318161,0.39899998903274536,0.5895000100135803
YNL139C,YNL175C,0,-3.1168633,0.06338363885879517,0.39899998903274536,0.5896000266075134
YML111W,YMR070W,0,-3.1169376,0.06337357312440872,0.39899998903274536,0.5896999835968018
YJL129C,YGR068C,0,-3.117011,0.06336350739002228,0.39899998903274536,0.5898000001907349
YKL211C,YLR425W,0,-3.117214,0.06335344910621643,0.39899998903274536,0.589900016784668
YKR060W,YLR110C,0,-3.117394,0.06334339082241058,0.39899998903274536,0.5899999737739563
YBR158W,YNL091W,0,-3.1174173,0.06333333253860474,0.39899998903274536,0.5900999903678894
YDR153C,YGL181W,0,-3.1182356,0.06332328170537949,0.39899998903274536,0.5902000069618225
YNR054C,YJR010C-A,0,-3.118241,0.06331323087215424,0.39899998903274536,0.5903000235557556
YKL210W,YER042W,0,-3.1186392,0.06330318748950958,0.39899998903274536,0.590399980545044
YNR026C,YGL017W,1,-3.1189113,0.06345177441835403,0.4000000059604645,0.590399980545044
YOL133W,YIL017C,1,-3.1191654,0.0636003166437149,0.4009999930858612,0.590399980545044
YDR353W,YNL329C,0,-3.1192443,0.06359022855758667,0.4009999930858612,0.590499997138977
YNL293W,YNR049C,0,-3.119681,0.06358014792203903,0.4009999930858612,0.5906000137329102
YCL034W,YLR206W,0,-3.1197288,0.0635700672864914,0.4009999930858612,0.5906999707221985
YDR450W,YDL024C,0,-3.1197417,0.06355999410152435,0.4009999930858612,0.5907999873161316
YNL016W,YPR111W,0,-3.1198368,0.06354992091655731,0.4009999930858612,0.5909000039100647
YAL031C,YDR508C,0,-3.1198726,0.06353984773159027,0.4009999930858612,0.5910000205039978
YLR079W,YML032C,0,-3.1198926,0.06352978199720383,0.4009999930858612,0.5910999774932861
YMR211W,YMR145C,0,-3.1200094,0.06351972371339798,0.4009999930858612,0.5911999940872192
YDR252W,YLL002W,0,-3.1201754,0.06350965797901154,0.4009999930858612,0.5913000106811523
YJR103W,YDR324C,0,-3.1202931,0.06349960714578629,0.4009999930858612,0.5914000272750854
YBR081C,YJL005W,0,-3.120346,0.06348954886198044,0.4009999930858612,0.5914999842643738
YML072C,YMR266W,0,-3.1205935,0.06347949802875519,0.4009999930858612,0.5916000008583069
YLR120C,YHR101C,0,-3.1206598,0.06346945464611053,0.4009999930858612,0.59170001745224
YIL040W,YJL187C,0,-3.1206963,0.06345941126346588,0.4009999930858612,0.5917999744415283
YPL237W,YMR227C,0,-3.1207223,0.06344936788082123,0.4009999930858612,0.5918999910354614
YMR186W,YOL140W,0,-3.1208687,0.06343933194875717,0.4009999930858612,0.5920000076293945
YER117W,YKR001C,0,-3.1213696,0.06342929601669312,0.4009999930858612,0.5921000242233276
YNL188W,YGL023C,0,-3.121419,0.06341926008462906,0.4009999930858612,0.592199981212616
YNL008C,YKR087C,1,-3.121429,0.06356736272573471,0.4020000100135803,0.592199981212616
YBR253W,YJL112W,0,-3.121433,0.06355731189250946,0.4020000100135803,0.5922999978065491
YDR394W,YMR077C,1,-3.1214547,0.06370534002780914,0.40299999713897705,0.5922999978065491
YBL088C,YKL174C,0,-3.1214685,0.0636952742934227,0.40299999713897705,0.5924000144004822
YGL211W,YLL013C,0,-3.1216297,0.06368520855903625,0.40299999713897705,0.5924999713897705
YNL224C,YOR138C,0,-3.121643,0.06367514282464981,0.40299999713897705,0.5925999879837036
YLR128W,YHR072W,0,-3.1216779,0.06366508454084396,0.40299999713897705,0.5927000045776367
YLR100W,YHL016C,0,-3.1220498,0.06365503370761871,0.40299999713897705,0.5928000211715698
YDL214C,YJL117W,0,-3.122323,0.06364497542381287,0.40299999713897705,0.5928999781608582
YGR199W,YLL035W,0,-3.1225553,0.06363492459058762,0.40299999713897705,0.5929999947547913
YGR241C,YGL119W,0,-3.1225712,0.06362488120794296,0.40299999713897705,0.5931000113487244
YIL047C,YIL122W,0,-3.122667,0.06361483782529831,0.40299999713897705,0.5932000279426575
YFR021W,YGR263C,0,-3.122792,0.06360479444265366,0.40299999713897705,0.5932999849319458
YJR036C,YIL159W,0,-3.1228404,0.0635947585105896,0.40299999713897705,0.5934000015258789
YGL002W,YOR084W,0,-3.1231074,0.06358473002910614,0.40299999713897705,0.593500018119812
YGL225W,YMR054W,0,-3.1231246,0.06357469409704208,0.40299999713897705,0.5935999751091003
YNL290W,YML109W,0,-3.1231327,0.06356466561555862,0.40299999713897705,0.5936999917030334
YNL052W,YDR180W,0,-3.1235297,0.06355464458465576,0.40299999713897705,0.5938000082969666
YNR001C,YBR217W,0,-3.123576,0.0635446235537529,0.40299999713897705,0.5939000248908997
YKR058W,YMR228W,0,-3.1237035,0.06353460252285004,0.40299999713897705,0.593999981880188
YFL036W,YEL071W,0,-3.1237578,0.06352458894252777,0.40299999713897705,0.5940999984741211
YMR119W,YAL058W,1,-3.1238682,0.06367218494415283,0.40400001406669617,0.5940999984741211
YDR358W,YOL013C,1,-3.1240132,0.06381972879171371,0.4050000011920929,0.5940999984741211
YHR082C,YOR315W,0,-3.1240687,0.06380967050790787,0.4050000011920929,0.5942000150680542
YGL224C,YLR026C,0,-3.1241062,0.06379961967468262,0.4050000011920929,0.5942999720573425
YLR208W,YMR184W,1,-3.1242366,0.06394708156585693,0.4059999883174896,0.5942999720573425
YPL181W,YKR086W,0,-3.1242766,0.06393700838088989,0.4059999883174896,0.5943999886512756
YJL042W,YDR171W,0,-3.1244211,0.06392694264650345,0.4059999883174896,0.5945000052452087
YPL033C,YGL232W,0,-3.1245537,0.063916876912117,0.4059999883174896,0.5946000218391418
YEL004W,YLR077W,0,-3.1245933,0.06390681862831116,0.4059999883174896,0.5946999788284302
YPL202C,YOR212W,0,-3.125102,0.06389676034450531,0.4059999883174896,0.5947999954223633
YFL023W,YGR223C,0,-3.1251688,0.06388670206069946,0.4059999883174896,0.5949000120162964
YAL040C,YKL209C,0,-3.1252255,0.06387665122747421,0.4059999883174896,0.5950000286102295
YCL052C,YBR280C,1,-3.1253023,0.06402391195297241,0.40700000524520874,0.5950000286102295
YKR081C,YER088C,0,-3.1253967,0.06401383876800537,0.40700000524520874,0.5950999855995178
YOR299W,YHR034C,0,-3.1254506,0.06400377303361893,0.40700000524520874,0.5952000021934509
YDR330W,YLR207W,1,-3.125567,0.06415094435214996,0.40799999237060547,0.5952000021934509
YPR145W,YDR379W,0,-3.1257417,0.06414085626602173,0.40799999237060547,0.595300018787384
YNR054C,YOR067C,0,-3.1257663,0.06413077563047409,0.40799999237060547,0.5953999757766724
YIR011C,YIR025W,1,-3.1258035,0.06427785754203796,0.4090000092983246,0.5953999757766724
YCL050C,YPL206C,0,-3.1262915,0.06426775455474854,0.4090000092983246,0.5954999923706055
YMR056C,YJR022W,0,-3.1263065,0.0642576590180397,0.4090000092983246,0.5956000089645386
YML005W,YMR154C,0,-3.126338,0.06424756348133087,0.4090000092983246,0.5957000255584717
YPL270W,YJL053W,0,-3.1264048,0.06423747539520264,0.4090000092983246,0.59579998254776
YNR043W,YCR075C,0,-3.1269488,0.0642273873090744,0.4090000092983246,0.5958999991416931
YDL132W,YKL022C,1,-3.1269803,0.06437431275844574,0.4099999964237213,0.5958999991416931
YNL220W,YOR180C,0,-3.1272483,0.06436420977115631,0.4099999964237213,0.5960000157356262
YHR039C-A,YHR099W,0,-3.1273081,0.06435410678386688,0.4099999964237213,0.5960999727249146
YGL033W,YOR071C,0,-3.1273086,0.06434400379657745,0.4099999964237213,0.5961999893188477
YDR084C,YPL048W,0,-3.1275954,0.06433390825986862,0.4099999964237213,0.5963000059127808
YLL029W,YOR332W,0,-3.1276278,0.06432381272315979,0.4099999964237213,0.5964000225067139
YPL046C,YFR003C,0,-3.127908,0.06431372463703156,0.4099999964237213,0.5964999794960022
YLL036C,YHR043C,1,-3.127946,0.06446047872304916,0.41100001335144043,0.5964999794960022
YLR187W,YGR198W,0,-3.1281967,0.06445036828517914,0.41100001335144043,0.5965999960899353
YDL097C,YMR119W,1,-3.1284046,0.06459705531597137,0.41200000047683716,0.5965999960899353
YLL004W,YJL140W,0,-3.1284778,0.06458692252635956,0.41200000047683716,0.5967000126838684
YLR106C,YEL022W,0,-3.1286843,0.06457680463790894,0.41200000047683716,0.5968000292778015
YKR081C,YNL186W,0,-3.1286874,0.06456667929887772,0.41200000047683716,0.5968999862670898
YAL013W,YGL186C,0,-3.1287313,0.06455656886100769,0.41200000047683716,0.597000002861023
YBR024W,YDR237W,0,-3.1287503,0.06454645097255707,0.41200000047683716,0.597100019454956
YJR040W,YGL249W,0,-3.1287913,0.06453634053468704,0.41200000047683716,0.5971999764442444
YBR083W,YLR368W,0,-3.1288939,0.06452623009681702,0.41200000047683716,0.5972999930381775
YKL206C,YAL058W,1,-3.1289818,0.06467272341251373,0.4129999876022339,0.5972999930381775
YGL086W,YDR322W,0,-3.1292887,0.06466259807348251,0.4129999876022339,0.5974000096321106
YJL198W,YLR353W,0,-3.1293511,0.0646524727344513,0.4129999876022339,0.5975000262260437
YPL096W,YBR173C,1,-3.1294777,0.06479887664318085,0.414000004529953,0.5975000262260437
YGR225W,YBR264C,0,-3.1295118,0.06478872895240784,0.414000004529953,0.597599983215332
YPR101W,YLR355C,0,-3.1295426,0.06477859616279602,0.414000004529953,0.5976999998092651
YML001W,YNL314W,0,-3.129808,0.0647684633731842,0.414000004529953,0.5978000164031982
YGL124C,YOR255W,0,-3.129843,0.06475833058357239,0.414000004529953,0.5978999733924866
YCR067C,YNL001W,0,-3.1298523,0.06474819779396057,0.414000004529953,0.5979999899864197
YNL005C,YHR086W,0,-3.129877,0.06473807990550995,0.414000004529953,0.5981000065803528
YBR118W,YHR044C,0,-3.1299484,0.06472795456647873,0.414000004529953,0.5982000231742859
YAR019C,YOR306C,0,-3.1299558,0.0647178366780281,0.414000004529953,0.5982999801635742
YGL097W,YDR298C,0,-3.1299767,0.06470771878957748,0.414000004529953,0.5983999967575073
YJL073W,YAL058W,1,-3.130126,0.06485388427972794,0.41499999165534973,0.5983999967575073
YJR133W,YMR277W,0,-3.1301422,0.06484375149011612,0.41499999165534973,0.5985000133514404
YGR091W,YOL027C,0,-3.1303878,0.0648336187005043,0.41499999165534973,0.5985999703407288
YDR083W,YNR022C,0,-3.1304326,0.06482349336147308,0.41499999165534973,0.5986999869346619
YMR109W,YFR044C,0,-3.1305509,0.06481336802244186,0.41499999165534973,0.598800003528595
YPR032W,YGL250W,0,-3.130588,0.06480325013399124,0.41499999165534973,0.5989000201225281
YPR082C,YHR098C,0,-3.130683,0.06479313224554062,0.41499999165534973,0.5989999771118164
YBR155W,YDR347W,0,-3.1307898,0.06478301435709,0.41499999165534973,0.5990999937057495
YDR334W,YMR284W,0,-3.130802,0.06477290391921997,0.41499999165534973,0.5992000102996826
YGR246C,YGL037C,0,-3.1308908,0.06476279348134995,0.41499999165534973,0.5993000268936157
YGL213C,YDR385W,0,-3.131036,0.06475269049406052,0.41499999165534973,0.599399983882904
YHR115C,YOR278W,0,-3.1310697,0.06474258750677109,0.41499999165534973,0.5995000004768372
YHR012W,YDL245C,0,-3.1310894,0.06473249197006226,0.41499999165534973,0.5996000170707703
YGL155W,YGR179C,0,-3.1313038,0.06472239643335342,0.41499999165534973,0.5996999740600586
YOR348C,YGR072W,0,-3.1315222,0.06471230089664459,0.41499999165534973,0.5997999906539917
YGR288W,YGL251C,0,-3.131745,0.06470221281051636,0.41499999165534973,0.5999000072479248
YMR314W,YMR184W,1,-3.1317935,0.06484801322221756,0.41600000858306885,0.5999000072479248
YLR306W,YIL115C,0,-3.1317992,0.06483790278434753,0.41600000858306885,0.6000000238418579
YOR327C,YIL079C,0,-3.1319635,0.0648277997970581,0.41600000858306885,0.6000999808311462
YKR057W,YGR033C,0,-3.1319652,0.06481769680976868,0.41600000858306885,0.6001999974250793
YFL022C,YOR311C,0,-3.1320024,0.06480760127305984,0.41600000858306885,0.6003000140190125
YBR276C,YOR355W,0,-3.1321836,0.06479750573635101,0.41600000858306885,0.6003999710083008
YEL042W,YPL274W,0,-3.132195,0.06478741765022278,0.41600000858306885,0.6004999876022339
YML029W,YOR362C,1,-3.1322722,0.06493303924798965,0.4169999957084656,0.6004999876022339
YHR200W,YPR108W,1,-3.1323447,0.06507862359285355,0.4180000126361847,0.6004999876022339
YLR376C,YPL094C,0,-3.132557,0.06506849080324173,0.4180000126361847,0.600600004196167
YOL067C,YOR147W,0,-3.1325922,0.06505836546421051,0.4180000126361847,0.6007000207901001
YPL093W,YDL005C,0,-3.132643,0.06504824012517929,0.4180000126361847,0.6007999777793884
YER094C,YMR077C,1,-3.132702,0.06519371271133423,0.4189999997615814,0.6007999777793884
YMR184W,YER012W,1,-3.1327176,0.06533914059400558,0.41999998688697815,0.6007999777793884
YOR151C,YIL026C,0,-3.1327775,0.06532897800207138,0.41999998688697815,0.6008999943733215
YMR160W,YOR116C,0,-3.1328464,0.06531881541013718,0.41999998688697815,0.6010000109672546
YJR066W,YNR036C,0,-3.1330144,0.06530866026878357,0.41999998688697815,0.6011000275611877
YDR291W,YNL242W,0,-3.1330504,0.06529850512742996,0.41999998688697815,0.6011999845504761
YBL084C,YMR161W,1,-3.1331172,0.06544380635023117,0.42100000381469727,0.6011999845504761
YOL054W,YLR096W,0,-3.1331675,0.06543363630771637,0.42100000381469727,0.6013000011444092
YJR025C,YML008C,0,-3.1331887,0.06542346626520157,0.42100000381469727,0.6014000177383423
YOR261C,YDR219C,1,-3.1332803,0.06556867808103561,0.421999990940094,0.6014000177383423
YFL023W,YBL068W,0,-3.1332927,0.06555849313735962,0.421999990940094,0.6014999747276306
YOL097C,YGR134W,0,-3.1335227,0.06554830819368362,0.421999990940094,0.6015999913215637
YJR058C,YGL055W,0,-3.1339192,0.06553813070058823,0.421999990940094,0.6017000079154968
YPL031C,YLR187W,0,-3.1339235,0.06552795320749283,0.421999990940094,0.6018000245094299
YDL185W,YHR175W,0,-3.13409,0.06551777571439743,0.421999990940094,0.6018999814987183
YPL155C,YDR373W,0,-3.1346157,0.06550760567188263,0.421999990940094,0.6019999980926514
YGR128C,YLR038C,0,-3.1347337,0.06549743562936783,0.421999990940094,0.6021000146865845
YNL271C,YDR326C,0,-3.135096,0.06548727303743362,0.421999990940094,0.6021999716758728
YMR019W,YPR026W,0,-3.135151,0.06547711044549942,0.421999990940094,0.6022999882698059
YNL107W,YDR409W,0,-3.1352131,0.06546695530414581,0.421999990940094,0.602400004863739
YBL102W,YDR503C,0,-3.1354914,0.0654568001627922,0.421999990940094,0.6025000214576721
YKL139W,YJR002W,0,-3.1357825,0.0654466524720192,0.421999990940094,0.6025999784469604
YGL043W,YPL121C,0,-3.135916,0.06543650478124619,0.421999990940094,0.6026999950408936
YNL090W,YPR124W,0,-3.136085,0.06542635709047318,0.421999990940094,0.6028000116348267
YEL003W,YPL273W,0,-3.1361346,0.06541621685028076,0.421999990940094,0.6029000282287598
YOR151C,YBR126C,0,-3.1364179,0.06540607661008835,0.421999990940094,0.6029999852180481
YGR023W,YJL204C,0,-3.1365156,0.06539593636989594,0.421999990940094,0.6031000018119812
YER039C,YNL220W,0,-3.1365461,0.06538580358028412,0.421999990940094,0.6032000184059143
YDR099W,YJL091C,0,-3.1365888,0.0653756782412529,0.421999990940094,0.6032999753952026
YDR523C,YHR135C,0,-3.1368341,0.06536555290222168,0.421999990940094,0.6033999919891357
YPL103C,YMR293C,0,-3.136848,0.06535542756319046,0.421999990940094,0.6035000085830688
YGR249W,YFL016C,0,-3.1368651,0.06534530967473984,0.421999990940094,0.603600025177002
YAL001C,YLR016C,0,-3.136901,0.06533519178628922,0.421999990940094,0.6036999821662903
YPL274W,YNL220W,0,-3.137041,0.06532507389783859,0.421999990940094,0.6037999987602234
YCL034W,YOR046C,0,-3.137158,0.06531496345996857,0.421999990940094,0.6039000153541565
YGR271C-A,YDL148C,0,-3.1374667,0.06530486047267914,0.421999990940094,0.6039999723434448
YIL109C,YGR059W,0,-3.1376977,0.06529475748538971,0.421999990940094,0.6040999889373779
YIL171W,YGR263C,0,-3.1377773,0.06528465449810028,0.421999990940094,0.604200005531311
YPR101W,YLR289W,0,-3.1380455,0.06527455896139145,0.421999990940094,0.6043000221252441
YKL180W,YGR070W,0,-3.1383247,0.06526446342468262,0.421999990940094,0.6043999791145325
YOR036W,YNL052W,0,-3.1386814,0.06525436788797379,0.421999990940094,0.6044999957084656
YPL281C,YKR068C,0,-3.138706,0.06524427980184555,0.421999990940094,0.6046000123023987
YBR082C,YIL046W,1,-3.138751,0.06538877636194229,0.4230000078678131,0.6046000123023987
YML112W,YBL037W,0,-3.1389306,0.06537867337465286,0.4230000078678131,0.6047000288963318
YNL008C,YER094C,1,-3.1392055,0.06552310287952423,0.42399999499320984,0.6047000288963318
YGL175C,YCR009C,0,-3.1392689,0.06551297754049301,0.42399999499320984,0.6047999858856201
YPL208W,YBR299W,0,-3.1393843,0.06550285965204239,0.42399999499320984,0.6049000024795532
YFL039C,YJR006W,0,-3.1394396,0.06549274176359177,0.42399999499320984,0.6050000190734863
YOL008W,YJL024C,0,-3.1394734,0.06548262387514114,0.42399999499320984,0.6050999760627747
YLR127C,YMR184W,1,-3.1400974,0.06562692672014236,0.42500001192092896,0.6050999760627747
YJL204C,YPL118W,0,-3.1402664,0.06561680138111115,0.42500001192092896,0.6051999926567078
YMR213W,YNR035C,0,-3.1402693,0.06560666859149933,0.42500001192092896,0.6053000092506409
YOR036W,YJR019C,0,-3.1404512,0.06559654325246811,0.42500001192092896,0.605400025844574
YJL073W,YMR276W,1,-3.1406178,0.06574074178934097,0.4259999990463257,0.605400025844574
YLR014C,YBR018C,0,-3.1406713,0.06573059409856796,0.4259999990463257,0.6054999828338623
YDR331W,YLR035C,0,-3.140825,0.06572045385837555,0.4259999990463257,0.6055999994277954
YBR214W,YPL032C,0,-3.1410081,0.06571032106876373,0.4259999990463257,0.6057000160217285
YEL060C,YOR175C,0,-3.1415105,0.06570018827915192,0.4259999990463257,0.6057999730110168
YHR061C,YCL055W,0,-3.1418133,0.0656900554895401,0.4259999990463257,0.60589998960495
YJR066W,YBR135W,0,-3.1418328,0.06567992269992828,0.4259999990463257,0.6060000061988831
YGL090W,YGR261C,0,-3.141846,0.06566980481147766,0.4259999990463257,0.6061000227928162
YKL160W,YNR017W,0,-3.142027,0.06565967947244644,0.4259999990463257,0.6061999797821045
YDL201W,YMR164C,0,-3.1422312,0.06564956158399582,0.4259999990463257,0.6062999963760376
YPR103W,YKL034W,1,-3.1422505,0.06579352915287018,0.4269999861717224,0.6062999963760376
YGR166W,YNL321W,0,-3.142422,0.06578338891267776,0.4269999861717224,0.6064000129699707
YKL126W,YGL122C,0,-3.1425076,0.06577325612306595,0.4269999861717224,0.6065000295639038
YKL179C,YOR178C,0,-3.1425362,0.06576313078403473,0.4269999861717224,0.6065999865531921
YOR150W,YDL055C,0,-3.1426206,0.06575300544500351,0.4269999861717224,0.6067000031471252
YGR186W,YKR054C,0,-3.1427834,0.06574288010597229,0.4269999861717224,0.6068000197410583
YGR036C,YNR012W,0,-3.1428533,0.06573276221752167,0.4269999861717224,0.6068999767303467
YDR429C,YAL043C,0,-3.1428893,0.06572264432907104,0.4269999861717224,0.6069999933242798
YBR135W,YML012W,0,-3.1429217,0.06571252644062042,0.4269999861717224,0.6071000099182129
YER183C,YNL304W,0,-3.1431563,0.0657024160027504,0.4269999861717224,0.607200026512146
YMR067C,YKL206C,1,-3.1438358,0.06584615260362625,0.42800000309944153,0.607200026512146
YAL041W,YNL293W,0,-3.1439452,0.06583602726459503,0.42800000309944153,0.6072999835014343
YPL110C,YMR113W,0,-3.1440067,0.06582590192556381,0.42800000309944153,0.6074000000953674
YCR020W-B,YLR027C,0,-3.1440716,0.06581577658653259,0.42800000309944153,0.6075000166893005
YNL129W,YBR057C,0,-3.1442971,0.06580565869808197,0.42800000309944153,0.6075999736785889
YBR171W,YER172C,0,-3.1444445,0.06579554080963135,0.42800000309944153,0.607699990272522
YMR020W,YMR227C,0,-3.144609,0.06578543037176132,0.42800000309944153,0.6078000068664551
YMR123W,YOL158C,0,-3.144682,0.0657753199338913,0.42800000309944153,0.6079000234603882
YCL034W,YLR090W,0,-3.1449478,0.06576520949602127,0.42800000309944153,0.6079999804496765
YLR383W,YDR363W,0,-3.145045,0.06575510650873184,0.42800000309944153,0.6080999970436096
YDR508C,YDL015C,0,-3.1451283,0.06574501097202301,0.42800000309944153,0.6082000136375427
YMR152W,YOR171C,0,-3.1452255,0.06573490798473358,0.42800000309944153,0.608299970626831
YJL124C,YPL266W,0,-3.1454408,0.06572481244802475,0.42800000309944153,0.6083999872207642
YOL049W,YML072C,0,-3.145897,0.06571472436189651,0.42800000309944153,0.6085000038146973
YKR038C,YDL210W,0,-3.1461172,0.06570463627576828,0.42800000309944153,0.6086000204086304
YLR174W,YDL036C,0,-3.1463826,0.06569454818964005,0.42800000309944153,0.6086999773979187
YJR009C,YDR487C,0,-3.1467319,0.06568446755409241,0.42800000309944153,0.6087999939918518
YDR320C-A,YBR245C,0,-3.1467738,0.06567438691854477,0.42800000309944153,0.6089000105857849
YDL097C,YKL022C,1,-3.146859,0.06581773608922958,0.42899999022483826,0.6089000105857849
YDL006W,YDL024C,0,-3.1469693,0.06580764055252075,0.42899999022483826,0.609000027179718
YGR189C,YKR036C,0,-3.1472158,0.06579754501581192,0.42899999022483826,0.6090999841690063
YDR077W,YBR175W,0,-3.1472778,0.06578745692968369,0.42899999022483826,0.6092000007629395
YLR369W,YGL119W,0,-3.1473951,0.06577736884355545,0.42899999022483826,0.6093000173568726
YDR311W,YDR205W,0,-3.147575,0.06576728820800781,0.42899999022483826,0.6093999743461609
YOR232W,YKL096W-A,0,-3.1475997,0.06575720757246017,0.42899999022483826,0.609499990940094
YML019W,YIR002C,0,-3.1481013,0.06574712693691254,0.42899999022483826,0.6096000075340271
YOL054W,YLR429W,0,-3.148187,0.0657370537519455,0.42899999022483826,0.6097000241279602
YAL001C,YNL329C,0,-3.1483352,0.06572698056697845,0.42899999022483826,0.6097999811172485
YJL073W,YER012W,1,-3.14839,0.06587009876966476,0.4300000071525574,0.6097999811172485
YPL181W,YDR488C,0,-3.148477,0.06586001068353653,0.4300000071525574,0.6098999977111816
YOL152W,YNL272C,0,-3.1486607,0.0658499225974083,0.4300000071525574,0.6100000143051147
YKR020W,YIL072W,0,-3.1486804,0.06583984196186066,0.4300000071525574,0.6100999712944031
YFL002C,YER133W,0,-3.1486964,0.06582976132631302,0.4300000071525574,0.6101999878883362
YGL223C,YPL187W,0,-3.1487885,0.06581968814134598,0.4300000071525574,0.6103000044822693
YPL027W,YML015C,0,-3.1489947,0.06580961495637894,0.4300000071525574,0.6104000210762024
YDR400W,YMR184W,1,-3.1490097,0.06595256179571152,0.4309999942779541,0.6104000210762024
YBR172C,YPL023C,0,-3.14915,0.06594247370958328,0.4309999942779541,0.6104999780654907
YBR018C,YGL145W,0,-3.1491694,0.06593238562345505,0.4309999942779541,0.6105999946594238
YKR006C,YLR370C,0,-3.1492047,0.06592229753732681,0.4309999942779541,0.6107000112533569
YGR013W,YMR065W,0,-3.1492326,0.06591221690177917,0.4309999942779541,0.61080002784729
YJL157C,YEL013W,0,-3.149394,0.06590214371681213,0.4309999942779541,0.6108999848365784
YNL016W,YLL029W,0,-3.1494796,0.0658920630812645,0.4309999942779541,0.6110000014305115
YHR019C,YOR377W,0,-3.1496143,0.06588198989629745,0.4309999942779541,0.6111000180244446
YGR090W,YMR247C,0,-3.1497822,0.06587192416191101,0.4309999942779541,0.6111999750137329
YER002W,YHR031C,0,-3.1504698,0.06586185842752457,0.4309999942779541,0.611299991607666
YJR104C,YBR202W,0,-3.1505075,0.06585179269313812,0.4309999942779541,0.6114000082015991
YOR351C,YNL257C,0,-3.1508074,0.06584173440933228,0.4309999942779541,0.6115000247955322
YGL038C,YKL035W,0,-3.1509666,0.06583167612552643,0.4309999942779541,0.6115999817848206
YER042W,YER153C,0,-3.1510105,0.06582162529230118,0.4309999942779541,0.6116999983787537
YMR005W,YER016W,0,-3.151059,0.06581157445907593,0.4309999942779541,0.6118000149726868
YJL072C,YKL007W,0,-3.1511254,0.06580152362585068,0.4309999942779541,0.6118999719619751
YER088C,YGL035C,0,-3.151273,0.06579148024320602,0.4309999942779541,0.6119999885559082
YGL059W,YLL010C,0,-3.151348,0.06578144431114197,0.4309999942779541,0.6121000051498413
YPL252C,YOL149W,0,-3.1515484,0.06577140092849731,0.4309999942779541,0.6122000217437744
YHL007C,YGR118W,0,-3.1515932,0.06576136499643326,0.4309999942779541,0.6122999787330627
YKL221W,YHR123W,0,-3.1517458,0.0657513365149498,0.4309999942779541,0.6123999953269958
YDL195W,YJR097W,0,-3.1519873,0.06574130803346634,0.4309999942779541,0.612500011920929
YLR307W,YDR315C,0,-3.152007,0.06573127955198288,0.4309999942779541,0.6126000285148621
YIL093C,YDL103C,0,-3.152014,0.06572125852108002,0.4309999942779541,0.6126999855041504
YDL225W,YOR155C,0,-3.1525116,0.06571123749017715,0.4309999942779541,0.6128000020980835
YBR102C,YOR123C,0,-3.1526117,0.06570121645927429,0.4309999942779541,0.6129000186920166
YBR280C,YMR022W,1,-3.1528397,0.0658436194062233,0.4320000112056732,0.6129000186920166
YLL034C,YOL080C,0,-3.1528502,0.06583359092473984,0.4320000112056732,0.6129999756813049
YOL129W,YOR076C,0,-3.1529546,0.06582355499267578,0.4320000112056732,0.613099992275238
YER169W,YOR197W,0,-3.1533723,0.06581352651119232,0.4320000112056732,0.6132000088691711
YOR100C,YDR062W,0,-3.1537387,0.06580350548028946,0.4320000112056732,0.6133000254631042
YBR171W,YMR202W,0,-3.1540775,0.0657934844493866,0.4320000112056732,0.6133999824523926
YKR081C,YDL056W,0,-3.1541939,0.06578346341848373,0.4320000112056732,0.6134999990463257
YDL040C,YBR281C,0,-3.154202,0.06577344983816147,0.4320000112056732,0.6136000156402588
YBR070C,YGL172W,0,-3.1544654,0.0657634362578392,0.4320000112056732,0.6136999726295471
YGL150C,YOL105C,0,-3.1546302,0.06575342267751694,0.4320000112056732,0.6137999892234802
YHR207C,YJR099W,0,-3.1547284,0.06574341654777527,0.4320000112056732,0.6139000058174133
YDL193W,YIL010W,0,-3.1547418,0.0657334178686142,0.4320000112056732,0.6140000224113464
YLR071C,YJL081C,0,-3.1548548,0.06572341173887253,0.4320000112056732,0.6140999794006348
YLR035C,YLR210W,0,-3.155245,0.06571341305971146,0.4320000112056732,0.6141999959945679
YLL045C,YJR105W,0,-3.155484,0.06570342183113098,0.4320000112056732,0.614300012588501
YDL185W,YNR020C,0,-3.1556458,0.0656934306025505,0.4320000112056732,0.6144000291824341
YNL330C,YPR102C,0,-3.1558046,0.06568343937397003,0.4320000112056732,0.6144999861717224
YGR218W,YOL071W,0,-3.1559591,0.06567345559597015,0.4320000112056732,0.6146000027656555
YGR191W,YDL174C,0,-3.1560252,0.06566347181797028,0.4320000112056732,0.6147000193595886
YOR037W,YLR300W,0,-3.1561341,0.065653495490551,0.4320000112056732,0.614799976348877
YEL029C,YPL200W,0,-3.1565695,0.06564351916313171,0.4320000112056732,0.6148999929428101
YDL084W,YIL085C,0,-3.1569016,0.06563354283571243,0.4320000112056732,0.6150000095367432
YGR048W,YER012W,1,-3.157105,0.06577548384666443,0.43299999833106995,0.6150000095367432
YPL042C,YER164W,0,-3.1571445,0.06576549261808395,0.43299999833106995,0.6151000261306763
YFL057C,YPL127C,0,-3.157188,0.06575550138950348,0.43299999833106995,0.6151999831199646
YIL097W,YPR145W,0,-3.157254,0.0657455176115036,0.43299999833106995,0.6152999997138977
YAL047C,YMR145C,0,-3.1574924,0.06573554128408432,0.43299999833106995,0.6154000163078308
YGL097W,YPL083C,0,-3.1574976,0.06572556495666504,0.43299999833106995,0.6154999732971191
YDR363W-A,YBR082C,1,-3.1576474,0.0658673569560051,0.4339999854564667,0.6154999732971191
YJL048C,YMR022W,1,-3.1583595,0.06600910425186157,0.4350000023841858,0.6154999732971191
YOR244W,YHR085W,0,-3.1586342,0.0659990906715393,0.4350000023841858,0.6155999898910522
YOL034W,YLR166C,0,-3.1586528,0.06598907709121704,0.4350000023841858,0.6157000064849854
YAR014C,YHL019C,0,-3.1586714,0.06597907096147537,0.4350000023841858,0.6158000230789185
YBL041W,YPL065W,1,-3.1588242,0.06612071394920349,0.4359999895095825,0.6158000230789185
YIL039W,YDR298C,0,-3.158999,0.06611069291830063,0.4359999895095825,0.6158999800682068
YLL019C,YLL052C,0,-3.1592653,0.06610066443681717,0.4359999895095825,0.6159999966621399
YDR330W,YML029W,1,-3.1593313,0.06624223291873932,0.43700000643730164,0.6159999966621399
YGL059W,YPR164W,0,-3.1594129,0.06623218953609467,0.43700000643730164,0.616100013256073
YML015C,YER016W,0,-3.1596212,0.06622215360403061,0.43700000643730164,0.6161999702453613
YML036W,YKL103C,0,-3.1597743,0.06621211767196655,0.43700000643730164,0.6162999868392944
YLR016C,YDR425W,0,-3.160137,0.0662020891904831,0.43700000643730164,0.6164000034332275
YKL028W,YOR303W,0,-3.1601443,0.06619206070899963,0.43700000643730164,0.6165000200271606
YPL226W,YDR484W,0,-3.160246,0.06618203967809677,0.43700000643730164,0.616599977016449
YPL065W,YKL213C,1,-3.160267,0.06632343679666519,0.43799999356269836,0.616599977016449
YLR305C,YGL226C-A,0,-3.1604266,0.06631340086460114,0.43799999356269836,0.6166999936103821
YGL166W,YOR306C,0,-3.1609201,0.06630335748195648,0.43799999356269836,0.6168000102043152
YJL048C,YDR143C,1,-3.161568,0.06644468009471893,0.4390000104904175,0.6168000102043152
YKR039W,YKL013C,0,-3.1615918,0.06643462181091309,0.4390000104904175,0.6169000267982483
YNR015W,YOR098C,0,-3.1619906,0.06642457097768784,0.4390000104904175,0.6169999837875366
YGL212W,YOR194C,0,-3.16204,0.06641452014446259,0.4390000104904175,0.6171000003814697
YDR334W,YMR106C,0,-3.1620946,0.06640447676181793,0.4390000104904175,0.6172000169754028
YJR158W,YDR503C,0,-3.162245,0.06639443337917328,0.4390000104904175,0.6172999739646912
YDR016C,YDR255C,0,-3.1627333,0.06638439744710922,0.4390000104904175,0.6173999905586243
YLR034C,YNL052W,0,-3.1627603,0.06637435406446457,0.4390000104904175,0.6175000071525574
YGL211W,YJL187C,0,-3.1627672,0.06636432558298111,0.4390000104904175,0.6176000237464905
YFR036W,YBR082C,1,-3.1627731,0.06650543957948685,0.4399999976158142,0.6176000237464905
YDL008W,YAL058W,1,-3.162868,0.0666465163230896,0.4410000145435333,0.6176000237464905
YPL086C,YDR484W,0,-3.1629286,0.06663644313812256,0.4410000145435333,0.6176999807357788
YJL207C,YOR323C,0,-3.1630197,0.06662637740373611,0.4410000145435333,0.6177999973297119
YOL038W,YMR067C,1,-3.1631033,0.0667673721909523,0.44200000166893005,0.6177999973297119
YJL125C,YOR324C,0,-3.1632447,0.06675728410482407,0.44200000166893005,0.617900013923645
YLR440C,YML081C-A,0,-3.163379,0.06674720346927643,0.44200000166893005,0.6179999709129333
YHR072W-A,YDR142C,0,-3.1637425,0.06673713028430939,0.44200000166893005,0.6180999875068665
YBR176W,YHR079C,0,-3.163765,0.06672704964876175,0.44200000166893005,0.6182000041007996
YGL131C,YER126C,0,-3.1637979,0.0667169839143753,0.44200000166893005,0.6183000206947327
YPL106C,YOR233W,0,-3.1639717,0.06670691072940826,0.44200000166893005,0.618399977684021
YER154W,YDR524C,0,-3.1640735,0.06669684499502182,0.44200000166893005,0.6184999942779541
YMR083W,YKL188C,0,-3.1644065,0.06668678671121597,0.44200000166893005,0.6186000108718872
YPR049C,YFL031W,0,-3.164435,0.06667672097682953,0.44200000166893005,0.6187000274658203
YOR150W,YBL037W,0,-3.1644526,0.06666667014360428,0.44200000166893005,0.6187999844551086
YOL097C,YMR104C,0,-3.164602,0.06665661185979843,0.44200000166893005,0.6189000010490417
YNL102W,YDR364C,0,-3.1646948,0.06664656102657318,0.44200000166893005,0.6190000176429749
YDR453C,YLR214W,0,-3.164756,0.06663651764392853,0.44200000166893005,0.6190999746322632
YLR138W,YDR495C,0,-3.164761,0.06662646681070328,0.44200000166893005,0.6191999912261963
YKL018W,YOR212W,0,-3.1648564,0.06661643087863922,0.44200000166893005,0.6193000078201294
YJR014W,YPL112C,0,-3.164939,0.06660638749599457,0.44200000166893005,0.6194000244140625
YLR321C,YOR346W,0,-3.1649897,0.06659635156393051,0.44200000166893005,0.6194999814033508
YMR054W,YDL170W,0,-3.1652527,0.06658632308244705,0.44200000166893005,0.6195999979972839
YDR304C,YHR207C,0,-3.165473,0.06657629460096359,0.44200000166893005,0.619700014591217
YDR226W,YGR086C,0,-3.1658669,0.06656626611948013,0.44200000166893005,0.6197999715805054
YBL024W,YDR322W,0,-3.1661582,0.06655624508857727,0.44200000166893005,0.6198999881744385
YJR009C,YOR323C,0,-3.1661692,0.06654622405767441,0.44200000166893005,0.6200000047683716
YDR322C-A,YOL021C,0,-3.166241,0.06653620302677155,0.44200000166893005,0.6201000213623047
YFL002C,YHR099W,0,-3.1663787,0.06652618944644928,0.44200000166893005,0.620199978351593
YBR261C,YDR224C,0,-3.1664567,0.06651617586612701,0.44200000166893005,0.6202999949455261
YKR098C,YPR162C,0,-3.1665068,0.06650616973638535,0.44200000166893005,0.6204000115394592
YCL010C,YKL096W-A,0,-3.1667628,0.06649616360664368,0.44200000166893005,0.6205000281333923
YGL013C,YPL057C,0,-3.1667826,0.0664861649274826,0.44200000166893005,0.6205999851226807
YOL052C,YDL229W,0,-3.1671133,0.06647615879774094,0.44200000166893005,0.6207000017166138
YHR123W,YLR010C,0,-3.1672022,0.06646616756916046,0.44200000166893005,0.6208000183105469
YPL085W,YIL143C,0,-3.1674278,0.06645616888999939,0.44200000166893005,0.6208999752998352
YOR043W,YHR060W,0,-3.167735,0.06644618511199951,0.44200000166893005,0.6209999918937683
YDR120C,YNL101W,0,-3.167821,0.06643619388341904,0.44200000166893005,0.6211000084877014
YDL107W,YLR043C,0,-3.1680193,0.06642621010541916,0.44200000166893005,0.6212000250816345
YPR107C,YGL210W,0,-3.168079,0.06641622632741928,0.44200000166893005,0.6212999820709229
YPR058W,YLR141W,0,-3.1680865,0.06640625,0.44200000166893005,0.621399998664856
YKL095W,YDR512C,0,-3.168353,0.06639627367258072,0.44200000166893005,0.6215000152587891
YNL209W,YDL110C,0,-3.16851,0.06638630479574203,0.44200000166893005,0.6215999722480774
YPL096W,YML029W,1,-3.1685748,0.06652650237083435,0.4429999887943268,0.6215999722480774
YPR198W,YNL152W,0,-3.1686196,0.06651651859283447,0.4429999887943268,0.6216999888420105
YER104W,YDL064W,0,-3.1686523,0.066506527364254,0.4429999887943268,0.6218000054359436
YOR142W,YNL252C,0,-3.1687844,0.06649655103683472,0.4429999887943268,0.6219000220298767
YPR159W,YER019C-A,0,-3.1695266,0.06648656725883484,0.4429999887943268,0.621999979019165
YER126C,YPR113W,0,-3.1695557,0.06647659093141556,0.4429999887943268,0.6220999956130981
YKR057W,YOR064C,0,-3.1695924,0.06646661460399628,0.4429999887943268,0.6222000122070312
YMR033W,YCR097W,0,-3.1696277,0.06645664572715759,0.4429999887943268,0.6223000288009644
YJR065C,YOR075W,0,-3.1696746,0.06644667685031891,0.4429999887943268,0.6223999857902527
YNL099C,YPL048W,0,-3.1697462,0.06643671542406082,0.4429999887943268,0.6225000023841858
YBR244W,YHR031C,0,-3.1699247,0.06642675399780273,0.4429999887943268,0.6226000189781189
YPL008W,YBR155W,0,-3.169991,0.06641679257154465,0.4429999887943268,0.6226999759674072
YDL130W-A,YDL095W,0,-3.1701071,0.06640683859586716,0.4429999887943268,0.6227999925613403
YER044C,YJL121C,0,-3.1701236,0.06639688462018967,0.4429999887943268,0.6229000091552734
YHL013C,YKL190W,0,-3.1704173,0.06638693064451218,0.4429999887943268,0.6230000257492065
YNL102W,YNL239W,0,-3.1704621,0.06637698411941528,0.4429999887943268,0.6230999827384949
YDR003W,YGL040C,0,-3.1709847,0.06636703759431839,0.4429999887943268,0.623199999332428
YDR265W,YIL157C,0,-3.1710908,0.0663570985198021,0.4429999887943268,0.6233000159263611
YGR134W,YML125C,0,-3.171614,0.0663471594452858,0.4429999887943268,0.6233999729156494
YNL090W,YMR164C,0,-3.171768,0.0663372278213501,0.4429999887943268,0.6234999895095825
YLR447C,YGR006W,0,-3.1721685,0.0663272961974144,0.4429999887943268,0.6236000061035156
YBL089W,YHR074W,0,-3.1721985,0.0663173645734787,0.4429999887943268,0.6237000226974487
YER002W,YMR240C,0,-3.172225,0.0663074404001236,0.4429999887943268,0.6237999796867371
YMR083W,YLR233C,0,-3.1722293,0.0662975162267685,0.4429999887943268,0.6238999962806702
YKL010C,YDR410C,0,-3.1723242,0.06628759205341339,0.4429999887943268,0.6240000128746033
YDR101C,YBR008C,0,-3.1723504,0.06627767533063889,0.4429999887943268,0.6241000294685364
YKL119C,YKL212W,0,-3.172382,0.06626776605844498,0.4429999887943268,0.6241999864578247
YNL259C,YCR071C,0,-3.1724777,0.06625784933567047,0.4429999887943268,0.6243000030517578
YAL035W,YER069W,0,-3.1726491,0.06624794006347656,0.4429999887943268,0.6244000196456909
YDR423C,YMR137C,0,-3.1726794,0.06623803824186325,0.4429999887943268,0.6244999766349792
YKR036C,YER157W,0,-3.1728063,0.06622813642024994,0.4429999887943268,0.6245999932289124
YLR016C,YKR019C,0,-3.1728125,0.06621823459863663,0.4429999887943268,0.6247000098228455
YHR025W,YDR216W,0,-3.1728716,0.06620834022760391,0.4429999887943268,0.6248000264167786
YHR063C,YIL044C,0,-3.1728857,0.0661984458565712,0.4429999887943268,0.6248999834060669
YDL229W,YOR179C,0,-3.1730266,0.06618855148553848,0.4429999887943268,0.625
YHR019C,YOR071C,0,-3.1732771,0.06617866456508636,0.4429999887943268,0.6251000165939331
YPR049C,YNL096C,0,-3.1733167,0.06616878509521484,0.4429999887943268,0.6251999735832214
YMR233W,YGR037C,0,-3.1733325,0.06615889817476273,0.4429999887943268,0.6252999901771545
YJR089W,YJL005W,0,-3.1733663,0.0661490187048912,0.4429999887943268,0.6254000067710876
YLR110C,YLR095C,0,-3.1734517,0.06613914668560028,0.4429999887943268,0.6255000233650208
YDR197W,YBL006C,0,-3.1736257,0.06612927466630936,0.4429999887943268,0.6255999803543091
YHR188C,YKR061W,0,-3.173699,0.06611940264701843,0.4429999887943268,0.6256999969482422
YMR184W,YDL008W,1,-3.1737995,0.06625876575708389,0.4440000057220459,0.6256999969482422
YER065C,YMR224C,0,-3.173819,0.06624887883663177,0.4440000057220459,0.6258000135421753
YOR162C,YFL036W,0,-3.1738706,0.06623899936676025,0.4440000057220459,0.6258999705314636
YGR048W,YKL034W,1,-3.1739836,0.06637828052043915,0.4449999928474426,0.6258999705314636
YKR022C,YBR222C,0,-3.1741662,0.06636837869882584,0.4449999928474426,0.6259999871253967
YDR423C,YNL078W,0,-3.1743438,0.06635848432779312,0.4449999928474426,0.6261000037193298
YMR024W,YMR257C,0,-3.1744976,0.0663485899567604,0.4449999928474426,0.6262000203132629
YKL217W,YFL002C,0,-3.174548,0.06633870303630829,0.4449999928474426,0.6262999773025513
YDR450W,YDR423C,0,-3.1745515,0.06632880866527557,0.4449999928474426,0.6263999938964844
YDL074C,YOR274W,0,-3.1747413,0.06631892919540405,0.4449999928474426,0.6265000104904175
YPR019W,YJL024C,0,-3.1748219,0.06630904227495193,0.4449999928474426,0.6266000270843506
YBL016W,YCR039C,0,-3.1748655,0.06629916280508041,0.4449999928474426,0.6266999840736389
YPR181C,YBR290W,1,-3.1750884,0.06643825769424438,0.44600000977516174,0.6266999840736389
YOR098C,YBR222C,0,-3.1753483,0.06642835587263107,0.44600000977516174,0.626800000667572
YIR025W,YKL206C,1,-3.17557,0.06656738370656967,0.44699999690055847,0.626800000667572
YEL065W,YNL106C,0,-3.1756065,0.06655747443437576,0.44699999690055847,0.6269000172615051
YGL086W,YMR179W,0,-3.17583,0.06654756516218185,0.44699999690055847,0.6269999742507935
YPL096W,YBR082C,1,-3.1761062,0.06668651103973389,0.4480000138282776,0.6269999742507935
YOR315W,YLR135W,0,-3.1764128,0.06667658686637878,0.4480000138282776,0.6270999908447266
YDL138W,YMR188C,0,-3.1765685,0.06666667014360428,0.4480000138282776,0.6272000074386597
YGL131C,YML048W,0,-3.1766925,0.06665674597024918,0.4480000138282776,0.6273000240325928
YDR052C,YNL242W,0,-3.1767964,0.06664682924747467,0.4480000138282776,0.6273999810218811
YJR119C,YGR172C,0,-3.1768305,0.06663691997528076,0.4480000138282776,0.6274999976158142
YMR044W,YIL125W,0,-3.1768618,0.06662701070308685,0.4480000138282776,0.6276000142097473
YOR054C,YPL183W-A,0,-3.1769013,0.06661710143089294,0.4480000138282776,0.6276999711990356
YIL063C,YER185W,0,-3.177138,0.06660719960927963,0.4480000138282776,0.6277999877929688
YGR014W,YOL105C,0,-3.1772435,0.06659729778766632,0.4480000138282776,0.6279000043869019
YDR156W,YER169W,0,-3.1777523,0.06658739596605301,0.4480000138282776,0.628000020980835
YOR003W,YKR025W,0,-3.178094,0.0665775015950203,0.4480000138282776,0.6280999779701233
YNR056C,YAL055W,0,-3.1781888,0.06656760722398758,0.4480000138282776,0.6281999945640564
YDR472W,YGR098C,0,-3.17849,0.06655772030353546,0.4480000138282776,0.6283000111579895
YCR077C,YFL062W,0,-3.1785665,0.06654783338308334,0.4480000138282776,0.6284000277519226
YPR108W,YBR290W,1,-3.178679,0.0666864663362503,0.4490000009536743,0.6284000277519226
YBR055C,YER045C,0,-3.1787264,0.066676564514637,0.4490000009536743,0.6284999847412109
YDR017C,YLR388W,0,-3.1788774,0.06666667014360428,0.4490000009536743,0.628600001335144
YCR020W-B,YCL043C,0,-3.1789093,0.06665676832199097,0.4490000009536743,0.6287000179290771
YHR007C,YNL016W,0,-3.1790938,0.06664687395095825,0.4490000009536743,0.6287999749183655
YIR011C,YPL096W,1,-3.1791525,0.06678539514541626,0.44999998807907104,0.6287999749183655
YMR116C,YDL035C,0,-3.179536,0.06677548587322235,0.44999998807907104,0.6288999915122986
YNL275W,YML072C,0,-3.1796508,0.06676557660102844,0.44999998807907104,0.6290000081062317
YNL027W,YGL125W,0,-3.1796713,0.06675567477941513,0.44999998807907104,0.6291000247001648
YMR005W,YOR306C,0,-3.1799343,0.06674577295780182,0.44999998807907104,0.6291999816894531
YDR159W,YHR081W,0,-3.1800342,0.06673587113618851,0.44999998807907104,0.6292999982833862
YHR207C,YMR128W,0,-3.1801567,0.06672597676515579,0.44999998807907104,0.6294000148773193
YIL006W,YKL135C,0,-3.180166,0.06671608239412308,0.44999998807907104,0.6294999718666077
YHR124W,YOR066W,0,-3.1802516,0.06670619547367096,0.44999998807907104,0.6295999884605408
YDR472W,YGR132C,0,-3.1807604,0.06669630855321884,0.44999998807907104,0.6297000050544739
YLL004W,YGR086C,0,-3.1809058,0.06668642908334732,0.44999998807907104,0.629800021648407
YKL041W,YOL038W,1,-3.1809144,0.06682471185922623,0.45100000500679016,0.629800021648407
YJL099W,YCR052W,0,-3.1809697,0.06681481748819351,0.45100000500679016,0.6298999786376953
YFL029C,YJL165C,0,-3.1814482,0.0668049156665802,0.45100000500679016,0.6299999952316284
YDR043C,YLR077W,0,-3.1814651,0.06679502129554749,0.45100000500679016,0.6301000118255615
YOL142W,YGL022W,0,-3.181466,0.06678513437509537,0.45100000500679016,0.6302000284194946
YPL096W,YMR314W,1,-3.1818142,0.06692330539226532,0.4519999921321869,0.6302000284194946
YIR028W,YOR332W,0,-3.1819658,0.06691339612007141,0.4519999921321869,0.630299985408783
YNL124W,YDR247W,0,-3.1821604,0.0669034942984581,0.4519999921321869,0.6304000020027161
YBL017C,YNR027W,0,-3.1823068,0.06689359247684479,0.4519999921321869,0.6305000185966492
YBR133C,YER007W,0,-3.1824198,0.06688369065523148,0.4519999921321869,0.6305999755859375
YJL178C,YOR328W,0,-3.1827455,0.06687379628419876,0.4519999921321869,0.6306999921798706
YHR176W,YMR204C,0,-3.1829972,0.06686390191316605,0.4519999921321869,0.6308000087738037
YJL034W,YPR181C,1,-3.1833835,0.06700192391872406,0.453000009059906,0.6308000087738037
YPR144C,YOR294W,0,-3.183853,0.06699201464653015,0.453000009059906,0.6309000253677368
YNL082W,YNL138W,0,-3.1841023,0.06698210537433624,0.453000009059906,0.6309999823570251
YOL108C,YPR159W,0,-3.184399,0.06697220355272293,0.453000009059906,0.6310999989509583
YLR389C,YOR180C,0,-3.1848097,0.06696230918169022,0.453000009059906,0.6312000155448914
YOL068C,YNL182C,0,-3.184858,0.0669524073600769,0.453000009059906,0.6312999725341797
YPL027W,YNL153C,0,-3.1851518,0.06694251298904419,0.453000009059906,0.6313999891281128
YCR003W,YDR191W,0,-3.1854012,0.06693262606859207,0.453000009059906,0.6315000057220459
YBR201W,YDR143C,1,-3.185463,0.06707046926021576,0.45399999618530273,0.6315000057220459
YDR162C,YGL123W,0,-3.1855,0.06706055998802185,0.45399999618530273,0.631600022315979
YIR011C,YEL037C,1,-3.1855917,0.06719834357500076,0.45500001311302185,0.631600022315979
YML095C,YMR047C,0,-3.1856616,0.06718841940164566,0.45500001311302185,0.6316999793052673
YDR331W,YNL227C,0,-3.1857123,0.06717850267887115,0.45500001311302185,0.6317999958992004
YPL246C,YOR180C,0,-3.185931,0.06716858595609665,0.45500001311302185,0.6319000124931335
YPR159W,YPL252C,0,-3.1860533,0.06715866923332214,0.45500001311302185,0.6320000290870667
YLR027C,YBR098W,0,-3.186233,0.06714875996112823,0.45500001311302185,0.632099986076355
YOR261C,YGL227W,1,-3.1862428,0.0672864094376564,0.4560000002384186,0.632099986076355
YLR119W,YPL065W,1,-3.186328,0.06742402166128159,0.4569999873638153,0.632099986076355
YPL051W,YDR104C,0,-3.1864944,0.06741407513618469,0.4569999873638153,0.6322000026702881
YNL154C,YPR005C,0,-3.1865435,0.0674041286110878,0.4569999873638153,0.6323000192642212
YHR028C,YIL006W,0,-3.186753,0.0673941895365715,0.4569999873638153,0.6323999762535095
YOR145C,YPL110C,0,-3.1868432,0.0673842504620552,0.4569999873638153,0.6324999928474426
YJR121W,YBL027W,0,-3.1871314,0.0673743188381195,0.4569999873638153,0.6326000094413757
YNL159C,YMR184W,1,-3.1871548,0.06751178950071335,0.4580000042915344,0.6326000094413757
YAR035W,YJR070C,0,-3.1872466,0.06750184297561646,0.4580000042915344,0.6327000260353088
YPL127C,YPR052C,0,-3.187698,0.06749189645051956,0.4580000042915344,0.6327999830245972
YIR018W,YKL025C,0,-3.1878605,0.06748194992542267,0.4580000042915344,0.6328999996185303
YPL005W,YOR351C,0,-3.1880388,0.06747201085090637,0.4580000042915344,0.6330000162124634
YGL068W,YPL183W-A,0,-3.1883569,0.06746207177639008,0.4580000042915344,0.6330999732017517
YBR001C,YOR038C,0,-3.188383,0.06745213270187378,0.4580000042915344,0.6331999897956848
YDR453C,YDR404C,0,-3.1884112,0.06744220107793808,0.4580000042915344,0.6333000063896179
YNL271C,YPL217C,0,-3.188455,0.06743227690458298,0.4580000042915344,0.633400022983551
YOR044W,YKL117W,0,-3.1884928,0.06742234528064728,0.4580000042915344,0.6334999799728394
YNR057C,YNL091W,0,-3.188912,0.06741242110729218,0.4580000042915344,0.6335999965667725
YJR051W,YHR065C,0,-3.1889608,0.06740250438451767,0.4580000042915344,0.6337000131607056
YPL228W,YGR027C,0,-3.1890478,0.06739258021116257,0.4580000042915344,0.6338000297546387
YDR281C,YPL023C,0,-3.1901474,0.06738267093896866,0.4580000042915344,0.633899986743927
YNR070W,YLR268W,0,-3.1903262,0.06737275421619415,0.4580000042915344,0.6340000033378601
YGL179C,YPL212C,0,-3.1904125,0.06736284494400024,0.4580000042915344,0.6341000199317932
YJR101W,YMR023C,0,-3.190446,0.06735294312238693,0.4580000042915344,0.6341999769210815
YBR173C,YNL008C,1,-3.190603,0.06749007850885391,0.45899999141693115,0.6341999769210815
YER164W,YCL055W,0,-3.1906395,0.06748015433549881,0.45899999141693115,0.6342999935150146
YGL004C,YMR276W,1,-3.1906853,0.06761723011732101,0.46000000834465027,0.6342999935150146
YKL140W,YJL214W,0,-3.1907969,0.06760729104280472,0.46000000834465027,0.6344000101089478
YGR105W,YJL011C,0,-3.1908357,0.06759735196828842,0.46000000834465027,0.6345000267028809
YOR371C,YBR223C,0,-3.1908898,0.06758742034435272,0.46000000834465027,0.6345999836921692
YDR233C,YJL044C,0,-3.1911008,0.06757749617099762,0.46000000834465027,0.6347000002861023
YDR358W,YMR214W,1,-3.1911764,0.06771445274353027,0.460999995470047,0.6347000002861023
YER021W,YNL159C,1,-3.191404,0.06785137206315994,0.4620000123977661,0.6347000002861023
YGL137W,YGL253W,0,-3.1916552,0.06784141063690186,0.4620000123977661,0.6348000168800354
YDR392W,YIL044C,0,-3.1920521,0.06783144921064377,0.4620000123977661,0.6348999738693237
YGR275W,YJR007W,0,-3.1922889,0.06782148778438568,0.4620000123977661,0.6349999904632568
YHR061C,YDR216W,0,-3.1923008,0.06781153380870819,0.4620000123977661,0.6351000070571899
YAR015W,YBL089W,0,-3.192327,0.0678015872836113,0.4620000123977661,0.635200023651123
YGL103W,YGR167W,0,-3.1925142,0.06779163330793381,0.4620000123977661,0.6352999806404114
YLR045C,YNL084C,0,-3.1926687,0.06778168678283691,0.4620000123977661,0.6353999972343445
YLL005C,YPR029C,0,-3.192792,0.06777174770832062,0.4620000123977661,0.6355000138282776
YDR064W,YOL128C,0,-3.1933565,0.06776180863380432,0.4620000123977661,0.6355999708175659
YNL225C,YNL129W,0,-3.1933908,0.06775186955928802,0.4620000123977661,0.635699987411499
YOL039W,YPL022W,0,-3.193409,0.06774193793535233,0.4620000123977661,0.6358000040054321
YHR115C,YHR099W,0,-3.1935492,0.06773200631141663,0.4620000123977661,0.6359000205993652
YBR286W,YPR024W,0,-3.193664,0.06772207468748093,0.4620000123977661,0.6359999775886536
YBR006W,YER027C,0,-3.193697,0.06771215051412582,0.4620000123977661,0.6360999941825867
YNL177C,YPL124W,0,-3.1937108,0.06770222634077072,0.4620000123977661,0.6362000107765198
YDL061C,YJR104C,0,-3.1937377,0.06769230961799622,0.4620000123977661,0.6363000273704529
YGL237C,YMR137C,0,-3.1938114,0.06768239289522171,0.4620000123977661,0.6363999843597412
YMR123W,YLR141W,0,-3.1938162,0.0676724761724472,0.4620000123977661,0.6365000009536743
YBR273C,YER012W,1,-3.194319,0.06780902296304703,0.46299999952316284,0.6365000009536743
YML038C,YGR157W,0,-3.194792,0.06779909133911133,0.46299999952316284,0.6366000175476074
YBR228W,YPL195W,0,-3.1948414,0.06778916716575623,0.46299999952316284,0.6366999745368958
YLR027C,YGL241W,0,-3.1949947,0.06777924299240112,0.46299999952316284,0.6367999911308289
YER106W,YLR353W,0,-3.195012,0.06776931881904602,0.46299999952316284,0.636900007724762
YBR161W,YER082C,0,-3.1951644,0.06775940209627151,0.46299999952316284,0.6370000243186951
YLR113W,YOR351C,0,-3.195244,0.06774948537349701,0.46299999952316284,0.6370999813079834
YNL002C,YDL035C,0,-3.195354,0.0677395761013031,0.46299999952316284,0.6371999979019165
YDR219C,YNL064C,1,-3.1954916,0.0678759515285492,0.46399998664855957,0.6371999979019165
YIR011C,YDR363W-A,1,-3.1955068,0.0680122897028923,0.4650000035762787,0.6371999979019165
YPR103W,YKL022C,1,-3.1956906,0.06814858317375183,0.4659999907016754,0.6371999979019165
YLR148W,YPL281C,0,-3.195861,0.06813861429691315,0.4659999907016754,0.6373000144958496
YGR284C,YBR158W,0,-3.1960826,0.06812865287065506,0.4659999907016754,0.6373999714851379
YGR020C,YBL052C,0,-3.19633,0.06811869889497757,0.4659999907016754,0.637499988079071
YNL047C,YCR067C,0,-3.1963708,0.06810873746871948,0.4659999907016754,0.6376000046730042
YBL089W,YCR030C,0,-3.1966085,0.06809878349304199,0.4659999907016754,0.6377000212669373
YDR478W,YDR172W,0,-3.1967773,0.0680888369679451,0.4659999907016754,0.6377999782562256
YDR353W,YJL056C,0,-3.1969233,0.0680788904428482,0.4659999907016754,0.6378999948501587
YBR133C,YMR227C,0,-3.19705,0.06806894391775131,0.4659999907016754,0.6380000114440918
YGR084C,YAL014C,0,-3.1970897,0.06805900484323502,0.4659999907016754,0.6381000280380249
YGR020C,YPR030W,0,-3.1974587,0.06804906576871872,0.4659999907016754,0.6381999850273132
YMR316W,YDR418W,0,-3.197682,0.06803912669420242,0.4659999907016754,0.6383000016212463
YNL153C,YER120W,0,-3.1978545,0.06802919507026672,0.4659999907016754,0.6384000182151794
YPL157W,YGR179C,0,-3.1978748,0.06801927089691162,0.4659999907016754,0.6384999752044678
YCL052C,YMR184W,1,-3.198188,0.06815528124570847,0.46700000762939453,0.6384999752044678
YDR051C,YPL183W-A,0,-3.1982138,0.06814533472061157,0.46700000762939453,0.6385999917984009
YDL128W,YOL077C,0,-3.19826,0.06813539564609528,0.46700000762939453,0.638700008392334
YMR119W,YER012W,1,-3.198514,0.06827133148908615,0.46799999475479126,0.638700008392334
YNR026C,YML088W,1,-3.1985908,0.06840723752975464,0.4690000116825104,0.638700008392334
YBR010W,YGL233W,0,-3.198743,0.06839726120233536,0.4690000116825104,0.6388000249862671
YIL099W,YNL232W,0,-3.1987534,0.06838728487491608,0.4690000116825104,0.6388999819755554
YDL075W,YMR284W,0,-3.1987698,0.06837731599807739,0.4690000116825104,0.6389999985694885
YBR110W,YDR486C,0,-3.1987882,0.06836734712123871,0.4690000116825104,0.6391000151634216
YER112W,YKL035W,0,-3.1990988,0.06835738569498062,0.4690000116825104,0.63919997215271
YOR128C,YMR004W,0,-3.1991386,0.06834742426872253,0.4690000116825104,0.6392999887466431
YPR061C,YMR280C,0,-3.1993191,0.06833746284246445,0.4690000116825104,0.6394000053405762
YJR043C,YLL061W,0,-3.1994872,0.06832750886678696,0.4690000116825104,0.6395000219345093
YPR163C,YMR068W,0,-3.1995049,0.06831755489110947,0.4690000116825104,0.6395999789237976
YOL137W,YNL273W,0,-3.1997347,0.06830760091543198,0.4690000116825104,0.6396999955177307
YDL078C,YMR246W,0,-3.1998541,0.06829765439033508,0.4690000116825104,0.6398000121116638
YPR152C,YIL061C,0,-3.1998928,0.06828770786523819,0.4690000116825104,0.6399000287055969
YIL160C,YOR057W,0,-3.2000113,0.0682777687907219,0.4690000116825104,0.6399999856948853
YOR145C,YBR251W,0,-3.200155,0.0682678297162056,0.4690000116825104,0.6401000022888184
YKL094W,YNL070W,0,-3.2001736,0.0682578980922699,0.4690000116825104,0.6402000188827515
YJL048C,YOR256C,1,-3.200237,0.06839348375797272,0.4699999988079071,0.6402000188827515
YGR280C,YBR179C,0,-3.2003465,0.06838352978229523,0.4699999988079071,0.6402999758720398
YNL284C,YML052W,0,-3.2004218,0.06837358325719833,0.4699999988079071,0.6403999924659729
YKL135C,YMR204C,0,-3.2005656,0.06836363673210144,0.4699999988079071,0.640500009059906
YNR070W,YKL007W,0,-3.2007265,0.06835369765758514,0.4699999988079071,0.6406000256538391
YER172C,YOL089C,0,-3.2008846,0.06834375113248825,0.4699999988079071,0.6406999826431274
YOR187W,YHR128W,0,-3.2009044,0.06833381950855255,0.4699999988079071,0.6407999992370605
YOR239W,YPL104W,0,-3.2009177,0.06832388788461685,0.4699999988079071,0.6409000158309937
YGR282C,YHR021C,0,-3.200965,0.06831395626068115,0.4699999988079071,0.640999972820282
YMR017W,YDL080C,0,-3.2013063,0.06830402463674545,0.4699999988079071,0.6410999894142151
YIR032C,YIL122W,0,-3.201347,0.06829410046339035,0.4699999988079071,0.6412000060081482
YKL156W,YLR117C,0,-3.2015076,0.06828417629003525,0.4699999988079071,0.6413000226020813
YDR097C,YDL017W,0,-3.2017844,0.06827425956726074,0.4699999988079071,0.6413999795913696
YPR056W,YMR308C,0,-3.2020395,0.06826434284448624,0.4699999988079071,0.6414999961853027
YPL259C,YMR202W,0,-3.2020922,0.06825442612171173,0.4699999988079071,0.6416000127792358
YGL137W,YDL029W,0,-3.2021003,0.06824451684951782,0.4699999988079071,0.641700029373169
YDL005C,YLR010C,0,-3.2023482,0.06823460757732391,0.4699999988079071,0.6417999863624573
YKL041W,YNL064C,1,-3.2025528,0.06836986541748047,0.47099998593330383,0.6417999863624573
YER020W,YMR016C,0,-3.2026165,0.06835994124412537,0.47099998593330383,0.6419000029563904
YPL046C,YIL112W,0,-3.2026548,0.06835002452135086,0.47099998593330383,0.6420000195503235
YGL086W,YPR019W,0,-3.2027185,0.06834010779857635,0.47099998593330383,0.6420999765396118
YMR296C,YGL054C,0,-3.2027302,0.06833019107580185,0.47099998593330383,0.6421999931335449
YOR336W,YPR082C,0,-3.2027364,0.06832028180360794,0.47099998593330383,0.642300009727478
YMR112C,YDR281C,0,-3.202786,0.06831037253141403,0.47099998593330383,0.6424000263214111
YDR260C,YML029W,1,-3.2028692,0.06844547390937805,0.47200000286102295,0.6424000263214111
YPR178W,YIL073C,0,-3.2030725,0.06843554973602295,0.47200000286102295,0.6424999833106995
YCR002C,YPL167C,0,-3.2032099,0.06842563301324844,0.47200000286102295,0.6425999999046326
YOR033C,YJR093C,0,-3.2032278,0.06841570883989334,0.47200000286102295,0.6427000164985657
YDR507C,YGR199W,0,-3.2033095,0.06840579956769943,0.47200000286102295,0.642799973487854
YKL176C,YMR068W,0,-3.203557,0.06839588284492493,0.47200000286102295,0.6428999900817871
YNL219C,YGL181W,0,-3.2035751,0.06838597357273102,0.47200000286102295,0.6430000066757202
YEL046C,YMR170C,0,-3.2039227,0.0683760717511177,0.47200000286102295,0.6431000232696533
YNR028W,YHL004W,0,-3.2041845,0.0683661624789238,0.47200000286102295,0.6431999802589417
YGL004C,YDR069C,1,-3.2041886,0.06850108504295349,0.4729999899864197,0.6431999802589417
YDL006W,YCL026C-A,0,-3.204239,0.06849116832017899,0.4729999899864197,0.6432999968528748
YGL174W,YER098W,0,-3.204662,0.06848125159740448,0.4729999899864197,0.6434000134468079
YFL057C,YDR454C,0,-3.2047873,0.06847133487462997,0.4729999899864197,0.6434999704360962
YPL147W,YMR145C,0,-3.2048397,0.06846142560243607,0.4729999899864197,0.6435999870300293
YGR113W,YLR307W,0,-3.204866,0.06845151633024216,0.4729999899864197,0.6437000036239624
YLR028C,YMR231W,0,-3.2050157,0.06844161450862885,0.4729999899864197,0.6438000202178955
YIL134W,YML110C,0,-3.2050176,0.06843171268701553,0.4729999899864197,0.6438999772071838
YDR349C,YLR186W,0,-3.2050295,0.06842181086540222,0.4729999899864197,0.6439999938011169
YLL023C,YGR264C,0,-3.2050445,0.0684119164943695,0.4729999899864197,0.64410001039505
YPL096W,YMR214W,1,-3.2051666,0.06854663789272308,0.4740000069141388,0.64410001039505
YDR071C,YAL039C,0,-3.205382,0.06853672862052917,0.4740000069141388,0.6442000269889832
YOR284W,YHR099W,0,-3.2055497,0.06852681934833527,0.4740000069141388,0.6442999839782715
YBR231C,YLR086W,0,-3.2056503,0.06851691007614136,0.4740000069141388,0.6444000005722046
YJL014W,YDL024C,0,-3.2057176,0.06850700825452805,0.4740000069141388,0.6445000171661377
YJL060W,YBL093C,0,-3.2057316,0.06849710643291473,0.4740000069141388,0.644599974155426
YJL072C,YOR226C,0,-3.2057974,0.06848721206188202,0.4740000069141388,0.6446999907493591
YMR080C,YBR009C,0,-3.2058969,0.0684773176908493,0.4740000069141388,0.6448000073432922
YBL027W,YPR081C,0,-3.2060056,0.06846743077039719,0.4740000069141388,0.6449000239372253
YNL016W,YGL251C,0,-3.2061777,0.06845753639936447,0.4740000069141388,0.6449999809265137
YNR026C,YBR201W,1,-3.2062547,0.06859205663204193,0.4749999940395355,0.6449999809265137
YDR349C,YGR154C,0,-3.2063417,0.06858215481042862,0.4749999940395355,0.6450999975204468
YGL103W,YBR126C,0,-3.2067628,0.06857225298881531,0.4749999940395355,0.6452000141143799
YGR134W,YOR224C,0,-3.2069097,0.06856235861778259,0.4749999940395355,0.6452999711036682
YIL044C,YPL011C,0,-3.2071514,0.06855246424674988,0.4749999940395355,0.6453999876976013
YFR007W,YIL110W,0,-3.2071595,0.06854256987571716,0.4749999940395355,0.6455000042915344
YER008C,YJL085W,0,-3.2072387,0.06853268295526505,0.4749999940395355,0.6456000208854675
YOR173W,YGL234W,0,-3.2074497,0.06852279603481293,0.4749999940395355,0.6456999778747559
YJR133W,YIL093C,0,-3.20752,0.06851290911436081,0.4749999940395355,0.645799994468689
YLR318W,YLR077W,0,-3.2075515,0.06850302964448929,0.4749999940395355,0.6459000110626221
YKR046C,YGL037C,0,-3.2076316,0.06849315017461777,0.4749999940395355,0.6460000276565552
YML126C,YOR288C,0,-3.2077813,0.06848327815532684,0.4749999940395355,0.6460999846458435
YBR298C,YPR070W,0,-3.207949,0.06847340613603592,0.4749999940395355,0.6462000012397766
YNL039W,YNL267W,0,-3.207951,0.068463534116745,0.4749999940395355,0.6463000178337097
YLR388W,YDL161W,0,-3.2081285,0.06845366954803467,0.4749999940395355,0.646399974822998
YBL041W,YOL013C,1,-3.2083333,0.06858789920806885,0.47600001096725464,0.646399974822998
YCL008C,YPL065W,1,-3.2085304,0.06872208416461945,0.47699999809265137,0.646399974822998
YOR174W,YDR191W,0,-3.2089832,0.06871218979358673,0.47699999809265137,0.6464999914169312
YJR064W,YER022W,0,-3.209024,0.06870228797197342,0.47699999809265137,0.6466000080108643
YOR256C,YDL126C,1,-3.209375,0.06883640587329865,0.4779999852180481,0.6466000080108643
YDR462W,YNR035C,0,-3.209401,0.06882649660110474,0.4779999852180481,0.6467000246047974
YHR101C,YKL143W,0,-3.2096696,0.06881658732891083,0.4779999852180481,0.6467999815940857
YOR256C,YIR025W,1,-3.2098827,0.06895062327384949,0.4790000021457672,0.6467999815940857
YDR497C,YIL138C,0,-3.2099285,0.06894069910049438,0.4790000021457672,0.6468999981880188
YNL175C,YGR261C,0,-3.209978,0.06893078237771988,0.4790000021457672,0.6470000147819519
YLR129W,YDR162C,0,-3.210197,0.06892086565494537,0.4790000021457672,0.6470999717712402
YDL138W,YBR074W,0,-3.2104018,0.06891094893217087,0.4790000021457672,0.6471999883651733
YHR152W,YOL119C,0,-3.2104425,0.06890103220939636,0.4790000021457672,0.6473000049591064
YBL011W,YMR170C,0,-3.2106807,0.06889112293720245,0.4790000021457672,0.6474000215530396
YDR448W,YJR161C,0,-3.2107174,0.06888122111558914,0.4790000021457672,0.6474999785423279
YPL046C,YHR134W,0,-3.210883,0.06887131929397583,0.4790000021457672,0.647599995136261
YGR163W,YBR061C,0,-3.2109087,0.06886141747236252,0.4790000021457672,0.6477000117301941
YOR188W,YFL008W,0,-3.210948,0.0688515156507492,0.4790000021457672,0.6478000283241272
YNL088W,YPL255W,0,-3.211009,0.06884162127971649,0.4790000021457672,0.6478999853134155
YBR073W,YOL066C,0,-3.2111888,0.06883172690868378,0.4790000021457672,0.6480000019073486
YPR056W,YMR093W,0,-3.2114062,0.06882183998823166,0.4790000021457672,0.6481000185012817
YGL004C,YDR118W,1,-3.2115686,0.06895560771226883,0.47999998927116394,0.6481000185012817
YLR369W,YDR296W,0,-3.2116814,0.06894570589065552,0.47999998927116394,0.6481999754905701
YDL140C,YMR150C,0,-3.2120726,0.0689358040690422,0.47999998927116394,0.6482999920845032
YDR405W,YLL011W,0,-3.212091,0.0689259022474289,0.47999998927116394,0.6484000086784363
YOR217W,YJL085W,0,-3.2122173,0.06891600787639618,0.47999998927116394,0.6485000252723694
YNL026W,YIL143C,0,-3.2122383,0.06890611350536346,0.47999998927116394,0.6485999822616577
YBR217W,YDR044W,0,-3.2124014,0.06889622658491135,0.47999998927116394,0.6486999988555908
YKL211C,YDL043C,0,-3.2128053,0.06888633966445923,0.47999998927116394,0.6488000154495239
YBR221C,YFR003C,0,-3.2128692,0.06887645274400711,0.47999998927116394,0.6488999724388123
YOR130C,YIR032C,0,-3.2131062,0.06886657327413559,0.47999998927116394,0.6489999890327454
YPL098C,YBR291C,0,-3.213269,0.06885669380426407,0.47999998927116394,0.6491000056266785
YDR096W,YOL008W,0,-3.2136898,0.06884681433439255,0.47999998927116394,0.6492000222206116
YOR069W,YHR002W,0,-3.2137945,0.06883694231510162,0.47999998927116394,0.6492999792098999
YAL041W,YBR217W,0,-3.2138307,0.0688270702958107,0.47999998927116394,0.649399995803833
YJL029C,YEL002C,0,-3.213858,0.06881720572710037,0.47999998927116394,0.6495000123977661
YDR472W,YER180C,0,-3.213983,0.06880734115839005,0.47999998927116394,0.6496000289916992
YPR001W,YGL162W,0,-3.2141912,0.06879747658967972,0.47999998927116394,0.6496999859809875
YKL028W,YBL069W,0,-3.2143812,0.06878761947154999,0.47999998927116394,0.6498000025749207
YBR210W,YOL165C,0,-3.214757,0.06877776235342026,0.47999998927116394,0.6499000191688538
YKL157W,YPL192C,0,-3.2147708,0.06876790523529053,0.47999998927116394,0.6499999761581421
YJR130C,YDR044W,0,-3.215027,0.0687580555677414,0.47999998927116394,0.6500999927520752
YGL021W,YGL124C,0,-3.2155995,0.06874821335077286,0.47999998927116394,0.6502000093460083
YLR394W,YDL205C,0,-3.215703,0.06873836368322372,0.47999998927116394,0.6503000259399414
YMR012W,YHR147C,0,-3.2159739,0.06872852146625519,0.47999998927116394,0.6503999829292297
YDR251W,YLR431C,0,-3.2159896,0.06871867924928665,0.47999998927116394,0.6504999995231628
YNL172W,YBR290W,1,-3.2161644,0.06885199248790741,0.48100000619888306,0.6504999995231628
YER018C,YLR429W,0,-3.2163968,0.06884213536977768,0.48100000619888306,0.650600016117096
YKL120W,YEL064C,0,-3.2164774,0.06883228570222855,0.48100000619888306,0.6506999731063843
YLR047C,YBL019W,0,-3.2166827,0.06882243603467941,0.48100000619888306,0.6507999897003174
YER049W,YPL082C,0,-3.2169342,0.06881258636713028,0.48100000619888306,0.6509000062942505
YNL099C,YLL055W,0,-3.2169466,0.06880274415016174,0.48100000619888306,0.6510000228881836
YHR019C,YAL060W,0,-3.2169828,0.0687929093837738,0.48100000619888306,0.6510999798774719
YGL173C,YPL167C,0,-3.2172892,0.06878306716680527,0.48100000619888306,0.651199996471405
YOL115W,YMR164C,0,-3.217711,0.06877323240041733,0.48100000619888306,0.6513000130653381
YOR187W,YKL055C,0,-3.2186074,0.06876340508460999,0.48100000619888306,0.6514000296592712
YKL174C,YPL200W,0,-3.2187047,0.06875357031822205,0.48100000619888306,0.6514999866485596
YCL025C,YBR274W,0,-3.2193007,0.0687437504529953,0.48100000619888306,0.6516000032424927
YDR536W,YIR023W,0,-3.2197523,0.06873392313718796,0.48100000619888306,0.6517000198364258
YCL010C,YPR140W,0,-3.2199414,0.06872410327196121,0.48100000619888306,0.6517999768257141
YML024W,YBL093C,0,-3.2200909,0.06871428340673447,0.48100000619888306,0.6518999934196472
YOL133W,YIL046W,1,-3.2202947,0.06884730607271194,0.4819999933242798,0.6518999934196472
YBR026C,YJL104W,0,-3.2203941,0.068837471306324,0.4819999933242798,0.6520000100135803
YDR253C,YER087C-B,0,-3.2205307,0.06882764399051666,0.4819999933242798,0.6521000266075134
YBR216C,YLR148W,0,-3.2205763,0.06881781667470932,0.4819999933242798,0.6521999835968018
YNL096C,YJR009C,0,-3.2205782,0.06880799680948257,0.4819999933242798,0.6523000001907349
YPL064C,YML028W,0,-3.220691,0.06879816949367523,0.4819999933242798,0.652400016784668
YCR098C,YLR396C,0,-3.221139,0.06878835707902908,0.4819999933242798,0.6524999737739563
YKL203C,YKL152C,0,-3.2212958,0.06877853721380234,0.4819999933242798,0.6525999903678894
YGR008C,YBL020W,0,-3.2215745,0.06876872479915619,0.4819999933242798,0.6527000069618225
YOR346W,YNL316C,0,-3.2217457,0.06875891238451004,0.4819999933242798,0.6528000235557556
YGL030W,YGR189C,0,-3.2217975,0.06874910742044449,0.4819999933242798,0.652899980545044
YOR035C,YGR124W,0,-3.2221258,0.06873930245637894,0.4819999933242798,0.652999997138977
YGL095C,YDL208W,0,-3.2222528,0.06872950494289398,0.4819999933242798,0.6531000137329102
YOR069W,YEL046C,0,-3.222291,0.06871969997882843,0.4819999933242798,0.6531999707221985
YIL017C,YKL034W,1,-3.2223852,0.06885246187448502,0.4830000102519989,0.6531999707221985
YBR024W,YOL086C,0,-3.222467,0.06884264200925827,0.4830000102519989,0.6532999873161316
YGL224C,YGR256W,0,-3.2226317,0.06883283704519272,0.4830000102519989,0.6534000039100647
YDL181W,YMR268C,0,-3.2228503,0.06882302463054657,0.4830000102519989,0.6535000205039978
YJR051W,YJR057W,0,-3.2228527,0.06881321966648102,0.4830000102519989,0.6535999774932861
YDR084C,YBR040W,0,-3.222933,0.06880342215299606,0.4830000102519989,0.6536999940872192
YLR314C,YLR430W,0,-3.223045,0.06879361718893051,0.4830000102519989,0.6538000106811523
YDR489W,YOL028C,0,-3.2231784,0.06878381967544556,0.4830000102519989,0.6539000272750854
YIR015W,YKL055C,0,-3.2232714,0.0687740296125412,0.4830000102519989,0.6539999842643738
YJL071W,YGR144W,0,-3.223289,0.06876423954963684,0.4830000102519989,0.6541000008583069
YOR125C,YBR104W,0,-3.2235863,0.06875444948673248,0.4830000102519989,0.65420001745224
YEL003W,YPL031C,0,-3.223692,0.06874465942382812,0.4830000102519989,0.6542999744415283
YJL041W,YBR260C,0,-3.2237062,0.06873487681150436,0.4830000102519989,0.6543999910354614
YAL053W,YPL259C,0,-3.223881,0.0687251016497612,0.4830000102519989,0.6545000076293945
YDR177W,YKL022C,1,-3.224261,0.0688575878739357,0.48399999737739563,0.6545000076293945
YAR015W,YBR215W,0,-3.2243886,0.06884779781103134,0.48399999737739563,0.6546000242233276
YPR138C,YBL055C,0,-3.224481,0.06883800029754639,0.48399999737739563,0.654699981212616
YFL037W,YML078W,0,-3.2246497,0.06882821023464203,0.48399999737739563,0.6547999978065491
YDL092W,YIR038C,0,-3.2250662,0.06881842762231827,0.48399999737739563,0.6549000144004822
YOR028C,YOL110W,0,-3.225165,0.0688086450099945,0.48399999737739563,0.6549999713897705
YKL180W,YPR005C,0,-3.2255974,0.06879886239767075,0.48399999737739563,0.6550999879837036
YPR016C,YFR007W,0,-3.225902,0.06878908723592758,0.48399999737739563,0.6552000045776367
YLR145W,YOR007C,0,-3.2259798,0.06877931207418442,0.48399999737739563,0.6553000211715698
YNR060W,YOL045W,0,-3.2267096,0.06876953691244125,0.48399999737739563,0.6553999781608582
YNR026C,YKL022C,1,-3.2268128,0.06890182942152023,0.48500001430511475,0.6553999781608582
YPR036W,YLR187W,0,-3.226882,0.06889204680919647,0.48500001430511475,0.6554999947547913
YOL033W,YMR302C,0,-3.2271037,0.06888226419687271,0.48500001430511475,0.6556000113487244
YMR043W,YOR275C,0,-3.2271273,0.06887248158454895,0.48500001430511475,0.6557000279426575
YHR160C,YJR144W,0,-3.227169,0.06886269897222519,0.48500001430511475,0.6557999849319458
YHR041C,YJL219W,0,-3.2272491,0.06885292381048203,0.48500001430511475,0.6559000015258789
YNL064C,YIL017C,1,-3.2273836,0.06898509711027145,0.4860000014305115,0.6559000015258789
YLL038C,YIR022W,0,-3.2274928,0.0689753070473671,0.4860000014305115,0.656000018119812
YPL099C,YOL062C,0,-3.2275658,0.06896551698446274,0.4860000014305115,0.6560999751091003
YNL027W,YLR371W,0,-3.2281842,0.06895573437213898,0.4860000014305115,0.6561999917030334
YDR320C-A,YER007W,0,-3.2282023,0.06894595175981522,0.4860000014305115,0.6563000082969666
YLL034C,YOR075W,0,-3.2287016,0.06893616914749146,0.4860000014305115,0.6564000248908997
YNL148C,YJR010C-A,0,-3.228798,0.06892639398574829,0.4860000014305115,0.656499981880188
YGL254W,YJL128C,0,-3.229112,0.06891661882400513,0.4860000014305115,0.6565999984741211
YOR256C,YDR330W,1,-3.2291408,0.06904862821102142,0.4869999885559082,0.6565999984741211
YNL163C,YBR214W,0,-3.2291756,0.06903884559869766,0.4869999885559082,0.6567000150680542
YMR283C,YLR186W,0,-3.2296965,0.0690290555357933,0.4869999885559082,0.6567999720573425
YKL116C,YLR008C,0,-3.229859,0.06901927292346954,0.4869999885559082,0.6568999886512756
YMR019W,YDR283C,0,-3.2299242,0.06900949776172638,0.4869999885559082,0.6570000052452087
YGR158C,YOL105C,0,-3.230311,0.06899971514940262,0.4869999885559082,0.6571000218391418
YNL027W,YBL098W,0,-3.23034,0.06898993998765945,0.4869999885559082,0.6571999788284302
YKL113C,YOR140W,0,-3.2305686,0.06898017227649689,0.4869999885559082,0.6572999954223633
YBL050W,YIL095W,0,-3.230669,0.06897039711475372,0.4869999885559082,0.6574000120162964
YJL029C,YMR307W,0,-3.2307649,0.06896063685417175,0.4869999885559082,0.6575000286102295
YPR104C,YJL024C,0,-3.2309656,0.06895086914300919,0.4869999885559082,0.6575999855995178
YDL155W,YLR285W,0,-3.2314224,0.06894110888242722,0.4869999885559082,0.6577000021934509
YER017C,YGR222W,0,-3.2315168,0.06893134862184525,0.4869999885559082,0.657800018787384
YLR153C,YMR203W,0,-3.23202,0.06892159581184387,0.4869999885559082,0.6578999757766724
YNL005C,YOR230W,0,-3.2321506,0.0689118430018425,0.4869999885559082,0.6579999923706055
YIL015W,YHR121W,0,-3.2321715,0.06890209764242172,0.4869999885559082,0.6581000089645386
YBR267W,YCR071C,0,-3.2322736,0.06889234483242035,0.4869999885559082,0.6582000255584717
YOR239W,YGL062W,0,-3.2326736,0.06888259947299957,0.4869999885559082,0.65829998254776
YGL004C,YPR103W,1,-3.2327747,0.0690142810344696,0.4880000054836273,0.65829998254776
YOL005C,YLL052C,0,-3.2328222,0.06900452822446823,0.4880000054836273,0.6583999991416931
YNL301C,YEL041W,0,-3.2329597,0.06899476796388626,0.4880000054836273,0.6585000157356262
YDR388W,YKL008C,0,-3.2331378,0.06898501515388489,0.4880000054836273,0.6585999727249146
YGL023C,YPR073C,0,-3.2331517,0.06897526234388351,0.4880000054836273,0.6586999893188477
YLR450W,YDL146W,0,-3.233482,0.06896551698446274,0.4880000054836273,0.6588000059127808
YGR041W,YCR092C,0,-3.233813,0.06895577162504196,0.4880000054836273,0.6589000225067139
YER088C,YHR057C,0,-3.2341232,0.06894602626562119,0.4880000054836273,0.6589999794960022
YDR472W,YGL090W,0,-3.2341719,0.068936288356781,0.4880000054836273,0.6590999960899353
YBR299W,YLR342W,0,-3.2344475,0.06892655044794083,0.4880000054836273,0.6592000126838684
YLR439W,YOR332W,0,-3.2346187,0.06891681998968124,0.4880000054836273,0.6593000292778015
YPR072W,YGL124C,0,-3.2347066,0.06890708953142166,0.4880000054836273,0.6593999862670898
YKL176C,YMR180C,0,-3.2357607,0.06889735907316208,0.4880000054836273,0.659500002861023
YDR322W,YLR433C,0,-3.2359033,0.0688876360654831,0.4880000054836273,0.659600019454956
YIR013C,YNL210W,0,-3.2361035,0.06887791305780411,0.4880000054836273,0.6596999764442444
YLL019C,YOR142W,0,-3.236155,0.06886819005012512,0.4880000054836273,0.6597999930381775
YJL133W,YHR072W,0,-3.236385,0.06885847449302673,0.4880000054836273,0.6599000096321106
YOR151C,YMR159C,0,-3.236889,0.06884875893592834,0.4880000054836273,0.6600000262260437
YBR185C,YEL064C,0,-3.2376254,0.06883904337882996,0.4880000054836273,0.660099983215332
YCL010C,YFR029W,0,-3.2378979,0.06882933527231216,0.4880000054836273,0.6601999998092651
YCL069W,YDR079C-A,0,-3.2381527,0.06881962716579437,0.4880000054836273,0.6603000164031982
YLR051C,YNL231C,0,-3.238494,0.06880992650985718,0.4880000054836273,0.6603999733924866
YKL041W,YER094C,1,-3.2387254,0.06894121319055557,0.48899999260902405,0.6603999733924866
YDL045W-A,YCL043C,0,-3.2388291,0.06893149018287659,0.48899999260902405,0.6604999899864197
YPR152C,YNL312W,0,-3.2389321,0.0689217746257782,0.48899999260902405,0.6606000065803528
YBR040W,YLR078C,0,-3.23895,0.0689120665192604,0.48899999260902405,0.6607000231742859
YCR027C,YKL086W,0,-3.2390337,0.06890235096216202,0.48899999260902405,0.6607999801635742
YJL156C,YAR008W,0,-3.239222,0.06889264285564423,0.48899999260902405,0.6608999967575073
YGR048W,YDL147W,1,-3.2394462,0.06902380287647247,0.49000000953674316,0.6608999967575073
YDL130W,YPL045W,0,-3.2395134,0.06901408731937408,0.49000000953674316,0.6610000133514404
YFL041W,YPR178W,0,-3.2395346,0.0690043643116951,0.49000000953674316,0.6610999703407288
YIL129C,YLR403W,0,-3.2397456,0.06899464875459671,0.49000000953674316,0.6611999869346619
YDR394W,YLR097C,1,-3.2397685,0.0691257193684578,0.4909999966621399,0.6611999869346619
YOR153W,YGR221C,0,-3.239955,0.06911598891019821,0.4909999966621399,0.661300003528595
YLL013C,YHR004C,0,-3.24085,0.06910626590251923,0.4909999966621399,0.6614000201225281
YOL040C,YPR178W,0,-3.2409616,0.06909653544425964,0.4909999966621399,0.6614999771118164
YDR279W,YLR359W,0,-3.241376,0.06908681243658066,0.4909999966621399,0.6615999937057495
YHL022C,YLR103C,0,-3.241521,0.06907709687948227,0.4909999966621399,0.6617000102996826
YJL109C,YOR123C,0,-3.24196,0.06906738132238388,0.4909999966621399,0.6618000268936157
YGL017W,YMR276W,1,-3.2422628,0.06919831037521362,0.492000013589859,0.6618000268936157
YHL007C,YPR020W,0,-3.2427473,0.06918857991695404,0.492000013589859,0.661899983882904
YER104W,YKL179C,0,-3.2427542,0.06917884945869446,0.492000013589859,0.6620000004768372
YPR019W,YGL032C,0,-3.242835,0.06916912645101547,0.492000013589859,0.6621000170707703
YHR129C,YGR068C,0,-3.2429552,0.06915940344333649,0.492000013589859,0.6621999740600586
YNL315C,YNL257C,0,-3.2432702,0.0691496804356575,0.492000013589859,0.6622999906539917
YML001W,YFL031W,0,-3.2433257,0.06913996487855911,0.492000013589859,0.6624000072479248
YMR022W,YMR184W,1,-3.2434373,0.06927075982093811,0.49300000071525574,0.6624000072479248
YDL178W,YLR285W,0,-3.2436228,0.06926102936267853,0.49300000071525574,0.6625000238418579
YDR448W,YLL009C,0,-3.2438674,0.06925129890441895,0.49300000071525574,0.6625999808311462
YMR116C,YDR036C,0,-3.2439835,0.06924157589673996,0.49300000071525574,0.6626999974250793
YNL124W,YER086W,0,-3.2439935,0.06923185288906097,0.49300000071525574,0.6628000140190125
YGR252W,YIL072W,0,-3.2441363,0.06922212988138199,0.49300000071525574,0.6628999710083008
YBR166C,YMR068W,0,-3.2442133,0.069212406873703,0.49300000071525574,0.6629999876022339
YNL159C,YIL017C,1,-3.2442179,0.06934306770563126,0.49399998784065247,0.6629999876022339
YDR238C,YKL090W,0,-3.2442455,0.06933332979679108,0.49399998784065247,0.663100004196167
YLR071C,YEL002C,0,-3.2442465,0.06932360678911209,0.49399998784065247,0.6632000207901001
YNL126W,YJL139C,0,-3.2443364,0.06931387633085251,0.49399998784065247,0.6632999777793884
YIL070C,YDR202C,0,-3.2443743,0.06930415332317352,0.49399998784065247,0.6633999943733215
YGR013W,YLR203C,0,-3.2445428,0.06929443031549454,0.49399998784065247,0.6635000109672546
YJL104W,YDR404C,0,-3.244649,0.06928471475839615,0.49399998784065247,0.6636000275611877
YIR017C,YLR370C,0,-3.2447941,0.06927499920129776,0.49399998784065247,0.6636999845504761
YER111C,YDL108W,0,-3.2451224,0.06926528364419937,0.49399998784065247,0.6638000011444092
YKL125W,YJL090C,0,-3.2451277,0.06925557553768158,0.49399998784065247,0.6639000177383423
YML080W,YIL041W,0,-3.2451334,0.06924586743116379,0.49399998784065247,0.6639999747276306
YER088C,YDR411C,0,-3.2452211,0.069236159324646,0.49399998784065247,0.6640999913215637
YDL192W,YGR171C,0,-3.2452986,0.0692264586687088,0.49399998784065247,0.6642000079154968
YNL189W,YDR258C,0,-3.2453194,0.0692167580127716,0.49399998784065247,0.6643000245094299
YKL041W,YML088W,1,-3.2454376,0.06934715807437897,0.4950000047683716,0.6643000245094299
YNL302C,YKL004W,0,-3.2458572,0.06933744251728058,0.4950000047683716,0.6643999814987183
YCR024C-A,YGR215W,0,-3.2460232,0.06932773441076279,0.4950000047683716,0.6644999980926514
YEL017C-A,YER185W,0,-3.2460818,0.069318026304245,0.4950000047683716,0.6646000146865845
YKL168C,YMR218C,0,-3.2460938,0.0693083181977272,0.4950000047683716,0.6646999716758728
YNL311C,YIR025W,1,-3.2463021,0.06943861395120621,0.4959999918937683,0.6646999716758728
YER013W,YJR044C,0,-3.2463841,0.06942889094352722,0.4959999918937683,0.6647999882698059
YKL217W,YGR221C,0,-3.2469523,0.06941917538642883,0.4959999918937683,0.664900004863739
YCR028C,YBR291C,0,-3.2469935,0.06940945982933044,0.4959999918937683,0.6650000214576721
YKL161C,YPR036W,0,-3.2470684,0.06939975172281265,0.4959999918937683,0.6650999784469604
YDL193W,YLR298C,0,-3.2473226,0.06939003616571426,0.4959999918937683,0.6651999950408936
YDL104C,YMR319C,0,-3.2475688,0.06938033550977707,0.4959999918937683,0.6653000116348267
YDL217C,YER016W,0,-3.2477655,0.06937062740325928,0.4959999918937683,0.6654000282287598
YJL194W,YJL004C,0,-3.2478495,0.06936092674732208,0.4959999918937683,0.6654999852180481
YLR138W,YGL169W,0,-3.248218,0.06935123354196548,0.4959999918937683,0.6656000018119812
YML005W,YMR202W,0,-3.248423,0.06934153288602829,0.4959999918937683,0.6657000184059143
YPR140W,YBL105C,0,-3.2484977,0.06933183968067169,0.4959999918937683,0.6657999753952026
YKL041W,YER021W,1,-3.2486815,0.06946191191673279,0.4970000088214874,0.6657999753952026
YGL216W,YGL256W,0,-3.2487726,0.0694522112607956,0.4970000088214874,0.6658999919891357
YGR274C,YPR137W,0,-3.2487922,0.0694425031542778,0.4970000088214874,0.6660000085830688
YDL141W,YBR074W,0,-3.2489586,0.0694328024983406,0.4970000088214874,0.666100025177002
YJL133W,YGR179C,0,-3.2492461,0.06942310184240341,0.4970000088214874,0.6661999821662903
YDL229W,YOR290C,0,-3.2497597,0.06941340863704681,0.4970000088214874,0.6662999987602234
YBR210W,YGR295C,0,-3.2497678,0.06940371543169022,0.4970000088214874,0.6664000153541565
YJR161C,YGR271C-A,0,-3.2499967,0.06939402222633362,0.4970000088214874,0.6664999723434448
YGR281W,YPL074W,0,-3.250145,0.06938433647155762,0.4970000088214874,0.6665999889373779
YDL153C,YMR236W,0,-3.2504325,0.06937465071678162,0.4970000088214874,0.666700005531311
YER145C,YJL002C,0,-3.2505412,0.06936496496200562,0.4970000088214874,0.6668000221252441
YBR202W,YLR395C,0,-3.2508364,0.06935528665781021,0.4970000088214874,0.6668999791145325
YMR213W,YOR046C,0,-3.2508955,0.06934560835361481,0.4970000088214874,0.6669999957084656
YOR069W,YJR140C,0,-3.2512794,0.0693359375,0.4970000088214874,0.6671000123023987
YBR175W,YKR029C,0,-3.2518435,0.06932626664638519,0.4970000088214874,0.6672000288963318
YDR364C,YNL257C,0,-3.2520912,0.06931659579277039,0.4970000088214874,0.6672999858856201
YLR364W,YHR061C,0,-3.2521167,0.06930693238973618,0.4970000088214874,0.6674000024795532
YOL091W,YBR024W,0,-3.2521732,0.06929726898670197,0.4970000088214874,0.6675000190734863
YGL205W,YBL052C,0,-3.2521825,0.06928760558366776,0.4970000088214874,0.6675999760627747
YGL017W,YLR380W,1,-3.2521935,0.06941734254360199,0.49799999594688416,0.6675999760627747
YMR137C,YOR293W,0,-3.2523756,0.06940766423940659,0.49799999594688416,0.6676999926567078
YKL188C,YGL250W,0,-3.2523863,0.06939799338579178,0.49799999594688416,0.6678000092506409
YMR297W,YML130C,0,-3.2525525,0.06938832253217697,0.49799999594688416,0.667900025844574
YGR247W,YDR086C,0,-3.253117,0.06937865912914276,0.49799999594688416,0.6679999828338623
YGL004C,YNL159C,1,-3.2531652,0.06950829178094864,0.49900001287460327,0.6679999828338623
YDR076W,YBR228W,0,-3.253243,0.06949860602617264,0.49900001287460327,0.6680999994277954
YER162C,YLR431C,0,-3.2532976,0.06948892772197723,0.49900001287460327,0.6682000160217285
YJR133W,YBL089W,0,-3.253564,0.06947925686836243,0.49900001287460327,0.6682999730110168
YNL166C,YLR298C,0,-3.2544765,0.06946957856416702,0.49900001287460327,0.66839998960495
YPL196W,YIL132C,0,-3.254768,0.06945990771055222,0.49900001287460327,0.6685000061988831
YFL038C,YML005W,0,-3.2548823,0.069450244307518,0.49900001287460327,0.6686000227928162
YNL102W,YKL059C,0,-3.2553885,0.0694405809044838,0.49900001287460327,0.6686999797821045
YMR314W,YDR143C,1,-3.255464,0.06957005709409714,0.5,0.6686999797821045
YOL091W,YLL015W,0,-3.2555518,0.06956037878990173,0.5,0.6687999963760376
YHR004C,YDR218C,0,-3.2559834,0.06955070048570633,0.5,0.6689000129699707
YBR282W,YER112W,0,-3.2560966,0.06954102963209152,0.5,0.6690000295639038
YDR016C,YNR027W,0,-3.256322,0.06953135877847672,0.5,0.6690999865531921
YDR285W,YEL055C,0,-3.2564445,0.06952168792486191,0.5,0.6692000031471252
YFR041C,YPL079W,0,-3.2567406,0.0695120245218277,0.5,0.6693000197410583
YPL059W,YGL175C,0,-3.256743,0.06950236111879349,0.5,0.6693999767303467
YLL010C,YNL084C,0,-3.2568355,0.06949270516633987,0.5,0.6694999933242798
YDR197W,YOR332W,0,-3.256856,0.06948304921388626,0.5,0.6696000099182129
YMR231W,YKR019C,0,-3.2573838,0.06947339326143265,0.5,0.669700026512146
YLR298C,YDL095W,0,-3.2574193,0.06946373730897903,0.5,0.6697999835014343
YDL059C,YKR044W,0,-3.2575088,0.06945408880710602,0.5,0.6699000000953674
YKL198C,YJR032W,0,-3.2575803,0.0694444477558136,0.5,0.6700000166893005
YPL033C,YOR278W,0,-3.2581887,0.06943479925394058,0.5,0.6700999736785889
YPL038W,YDR390C,0,-3.2584436,0.06942515820264816,0.5,0.670199990272522
YDL193W,YLR095C,0,-3.2585144,0.06941552460193634,0.5,0.6703000068664551
YIR023W,YDR236C,0,-3.2586038,0.06940588355064392,0.5,0.6704000234603882
YML036W,YGL178W,0,-3.258647,0.0693962499499321,0.5,0.6704999804496765
YGR098C,YOR388C,0,-3.2590237,0.06938662379980087,0.5,0.6705999970436096
YHR200W,YDL007W,1,-3.259605,0.06951574981212616,0.5009999871253967,0.6705999970436096
YFL045C,YDR247W,0,-3.2597785,0.06950610131025314,0.5009999871253967,0.6707000136375427
YJL047C,YDR394W,1,-3.259801,0.06963517516851425,0.5019999742507935,0.6707000136375427
YDR016C,YOL088C,0,-3.2599459,0.06962551921606064,0.5019999742507935,0.670799970626831
YLR090W,YPL079W,0,-3.2601726,0.06961586326360703,0.5019999742507935,0.6708999872207642
YJL074C,YJL091C,0,-3.2603016,0.06960621476173401,0.5019999742507935,0.6710000038146973
YCL052C,YPR181C,1,-3.2603042,0.06973519921302795,0.503000020980835,0.6710000038146973
YBR276C,YLL009C,0,-3.260494,0.06972553580999374,0.503000020980835,0.6711000204086304
YPL096W,YHR027C,1,-3.2605114,0.06985446810722351,0.5040000081062317,0.6711000204086304
YER122C,YNR008W,0,-3.2606258,0.0698447898030281,0.5040000081062317,0.6711999773979187
YGL203C,YPL206C,0,-3.2611165,0.0698351114988327,0.5040000081062317,0.6712999939918518
YPL208W,YBR298C,0,-3.2612882,0.0698254331946373,0.5040000081062317,0.6714000105857849
YDL111C,YKL108W,0,-3.2614067,0.06981576234102249,0.5040000081062317,0.671500027179718
YEL042W,YNL298W,0,-3.261835,0.06980609148740768,0.5040000081062317,0.6715999841690063
YKL101W,YGL251C,0,-3.261851,0.06979642808437347,0.5040000081062317,0.6717000007629395
YDL007W,YFL009W,1,-3.2619152,0.0699252262711525,0.5049999952316284,0.6717000007629395
YOR348C,YPR009W,0,-3.2620606,0.06991554796695709,0.5049999952316284,0.6718000173568726
YCR024C-A,YPL003W,0,-3.262209,0.06990586966276169,0.5049999952316284,0.6718999743461609
YNL082W,YAL054C,0,-3.2622228,0.06989619135856628,0.5049999952316284,0.671999990940094
YOR054C,YHR117W,0,-3.2623415,0.06988652050495148,0.5049999952316284,0.6721000075340271
YBL016W,YBR281C,0,-3.2623525,0.06987684965133667,0.5049999952316284,0.6722000241279602
YMR306W,YOL086C,0,-3.2625709,0.06986718624830246,0.5049999952316284,0.6722999811172485
YML043C,YOL082W,0,-3.26282,0.06985751539468765,0.5049999952316284,0.6723999977111816
YGR047C,YHR067W,0,-3.262846,0.06984785944223404,0.5049999952316284,0.6725000143051147
YDR062W,YGR041W,0,-3.2628512,0.06983819603919983,0.5049999952316284,0.6725999712944031
YJL178C,YBR115C,0,-3.2634358,0.06982854008674622,0.5049999952316284,0.6726999878883362
YGR143W,YJL108C,0,-3.263618,0.0698188841342926,0.5049999952316284,0.6728000044822693
YLR310C,YNL186W,0,-3.2636464,0.06980923563241959,0.5049999952316284,0.6729000210762024
YCR057C,YOR084W,0,-3.2637181,0.06979958713054657,0.5049999952316284,0.6729999780654907
YCR009C,YPR194C,0,-3.2637393,0.06978993862867355,0.5049999952316284,0.6730999946594238
YPL194W,YPR079W,0,-3.2640579,0.06978029757738113,0.5049999952316284,0.6732000112533569
YKL082C,YBR057C,0,-3.2641735,0.06977065652608871,0.5049999952316284,0.67330002784729
YMR269W,YPL011C,0,-3.2642817,0.0697610154747963,0.5049999952316284,0.6733999848365784
YDR536W,YEL055C,0,-3.2646217,0.06975138187408447,0.5049999952316284,0.6735000014305115
YJL101C,YLR191W,0,-3.2649348,0.06974174827337265,0.5049999952316284,0.6736000180244446
YIR037W,YOR337W,0,-3.2649999,0.06973211467266083,0.5049999952316284,0.6736999750137329
YEL015W,YLR155C,0,-3.2650878,0.0697224885225296,0.5049999952316284,0.673799991607666
YER035W,YEL062W,0,-3.2651339,0.06971286237239838,0.5049999952316284,0.6739000082015991
YJL047C,YKL022C,1,-3.265223,0.06984127312898636,0.5059999823570251,0.6739000082015991
YBR244W,YGR167W,0,-3.2652302,0.06983163207769394,0.5059999823570251,0.6740000247955322
YER111C,YCR010C,0,-3.2653904,0.06982199847698212,0.5059999823570251,0.6740999817848206
YNL172W,YLR025W,1,-3.2657003,0.06995033472776413,0.5070000290870667,0.6740999817848206
YLR237W,YBR125C,0,-3.2658067,0.06994067877531052,0.5070000290870667,0.6741999983787537
YPL159C,YAR007C,0,-3.2659993,0.0699310377240181,0.5070000290870667,0.6743000149726868
YJR051W,YOR306C,0,-3.2663283,0.06992138922214508,0.5070000290870667,0.6743999719619751
YER042W,YER118C,0,-3.2664256,0.06991174817085266,0.5070000290870667,0.6744999885559082
YPR049C,YOL005C,0,-3.2666798,0.06990210711956024,0.5070000290870667,0.6746000051498413
YPR163C,YBL017C,0,-3.2667058,0.06989247351884842,0.5070000290870667,0.6747000217437744
YLR089C,YIR022W,0,-3.2667656,0.0698828399181366,0.5070000290870667,0.6747999787330627
YDL193W,YAL044C,0,-3.266769,0.06987320631742477,0.5070000290870667,0.6748999953269958
YML095C,YGR041W,0,-3.2668107,0.06986358016729355,0.5070000290870667,0.675000011920929
YNL090W,YKL055C,0,-3.2668343,0.06985395401716232,0.5070000290870667,0.6751000285148621
YPL106C,YMR204C,0,-3.2668426,0.0698443278670311,0.5070000290870667,0.6751999855041504
YOR039W,YOR224C,0,-3.266884,0.06983470916748047,0.5070000290870667,0.6753000020980835
YDR064W,YCL038C,0,-3.2669988,0.06982509046792984,0.5070000290870667,0.6754000186920166
YML009C,YGL232W,0,-3.2675204,0.06981547921895981,0.5070000290870667,0.6754999756813049
YER049W,YLR441C,0,-3.2675447,0.06980586796998978,0.5070000290870667,0.675599992275238
YMR012W,YGL181W,0,-3.267562,0.06979625672101974,0.5070000290870667,0.6757000088691711
YNL021W,YJL134W,0,-3.2677178,0.06978664547204971,0.5070000290870667,0.6758000254631042
YBR129C,YPL139C,0,-3.267775,0.06977704167366028,0.5070000290870667,0.6758999824523926
YHR178W,YJR099W,0,-3.2678053,0.06976744532585144,0.5070000290870667,0.6759999990463257
YBL092W,YNL128W,0,-3.2678096,0.069757841527462,0.5070000290870667,0.6761000156402588
YEL012W,YOR209C,0,-3.2680573,0.06974824517965317,0.5070000290870667,0.6761999726295471
YCR093W,YMR005W,0,-3.2685387,0.06973864883184433,0.5070000290870667,0.6762999892234802
YJR110W,YCL011C,0,-3.2686267,0.06972905993461609,0.5070000290870667,0.6764000058174133
YCR073C,YDR409W,0,-3.2689552,0.06971947103738785,0.5070000290870667,0.6765000224113464
YNL307C,YDR067C,0,-3.2689857,0.0697098895907402,0.5070000290870667,0.6765999794006348
YMR139W,YDR411C,0,-3.269136,0.06970030069351196,0.5070000290870667,0.6766999959945679
YLR244C,YDL214C,0,-3.2694132,0.06969071924686432,0.5070000290870667,0.676800012588501
YKR006C,YGL122C,0,-3.2694244,0.06968114525079727,0.5070000290870667,0.6769000291824341
YDL132W,YGR135W,1,-3.2694933,0.06980898976325989,0.5080000162124634,0.6769000291824341
YKL010C,YFL002C,0,-3.2695565,0.06979939341545105,0.5080000162124634,0.6769999861717224
YGL068W,YBR021W,0,-3.2695642,0.06978980451822281,0.5080000162124634,0.6771000027656555
YMR023C,YAL014C,0,-3.269637,0.06978022307157516,0.5080000162124634,0.6772000193595886
YOL104C,YNR010W,0,-3.2696507,0.06977063417434692,0.5080000162124634,0.677299976348877
YMR088C,YPL017C,0,-3.269657,0.06976105272769928,0.5080000162124634,0.6773999929428101
YPL016W,YPR112C,0,-3.2700315,0.06975147873163223,0.5080000162124634,0.6775000095367432
YBR276C,YOR332W,0,-3.2700906,0.06974189728498459,0.5080000162124634,0.6776000261306763
YHR039C,YMR005W,0,-3.2702882,0.06973232328891754,0.5080000162124634,0.6776999831199646
YPL098C,YDR093W,0,-3.2703588,0.06972275674343109,0.5080000162124634,0.6777999997138977
YER013W,YCR002C,0,-3.270359,0.06971319019794464,0.5080000162124634,0.6779000163078308
YJL072C,YML048W,0,-3.2705555,0.06970362365245819,0.5080000162124634,0.6779999732971191
YPL096W,YMR119W,1,-3.270636,0.0698312520980835,0.5090000033378601,0.6779999732971191
YNR043W,YMR273C,0,-3.2707787,0.06982167065143585,0.5090000033378601,0.6780999898910522
YPR122W,YOR332W,0,-3.2709463,0.0698120966553688,0.5090000033378601,0.6782000064849854
YMR008C,YMR011W,0,-3.2713213,0.06980252265930176,0.5090000033378601,0.6783000230789185
YOR275C,YGR148C,0,-3.2714047,0.06979294866323471,0.5090000033378601,0.6783999800682068
YIL002C,YBL093C,0,-3.2714717,0.06978338211774826,0.5090000033378601,0.6784999966621399
YGL124C,YOL130W,0,-3.271509,0.06977381557226181,0.5090000033378601,0.678600013256073
YJL047C,YBR173C,1,-3.2717206,0.06990131735801697,0.5099999904632568,0.678600013256073
YLR330W,YKL092C,0,-3.2717443,0.06989173591136932,0.5099999904632568,0.6786999702453613
YKL090W,YKL148C,0,-3.2720528,0.06988216191530228,0.5099999904632568,0.6787999868392944
YHR102W,YJL177W,0,-3.2723253,0.06987258791923523,0.5099999904632568,0.6789000034332275
YPR060C,YNL129W,0,-3.2726507,0.06986301392316818,0.5099999904632568,0.6790000200271606
YMR251W-A,YHR079C,0,-3.2727087,0.06985344737768173,0.5099999904632568,0.679099977016449
YBR098W,YKL073W,0,-3.2727423,0.06984388083219528,0.5099999904632568,0.6791999936103821
YIL031W,YBR260C,0,-3.2728086,0.06983431428670883,0.5099999904632568,0.6793000102043152
YMR042W,YCR094W,0,-3.272839,0.06982475519180298,0.5099999904632568,0.6794000267982483
YIR006C,YGR231C,0,-3.2731276,0.06981519609689713,0.5099999904632568,0.6794999837875366
YDL103C,YDL054C,0,-3.273241,0.06980563700199127,0.5099999904632568,0.6796000003814697
YGL241W,YDL024C,0,-3.273271,0.06979608535766602,0.5099999904632568,0.6797000169754028
YMR214W,YDR260C,1,-3.2733848,0.06992337107658386,0.5109999775886536,0.6797000169754028
YNL099C,YMR058W,0,-3.2738106,0.06991380453109741,0.5109999775886536,0.6797999739646912
YPL122C,YMR068W,0,-3.27395,0.06990423798561096,0.5109999775886536,0.6798999905586243
YPL139C,YDL103C,0,-3.2740297,0.06989467889070511,0.5109999775886536,0.6800000071525574
YGL205W,YGR162W,0,-3.2742038,0.06988511979579926,0.5109999775886536,0.6801000237464905
YOR130C,YLR364W,0,-3.2743006,0.0698755607008934,0.5109999775886536,0.6801999807357788
YMR127C,YAR008W,0,-3.2743807,0.06986600905656815,0.5109999775886536,0.6802999973297119
YDL171C,YCR014C,0,-3.2743838,0.06985645741224289,0.5109999775886536,0.680400013923645
YOR212W,YGL134W,0,-3.2744694,0.06984691321849823,0.5109999775886536,0.6804999709129333
YLR186W,YIR038C,0,-3.2748492,0.06983736157417297,0.5109999775886536,0.6805999875068665
YOL043C,YGL241W,0,-3.274932,0.06982782483100891,0.5109999775886536,0.6807000041007996
YGL123W,YDR225W,0,-3.275096,0.06981828063726425,0.5109999775886536,0.6808000206947327
YHR132C,YKL130C,0,-3.2751467,0.06980874389410019,0.5109999775886536,0.680899977684021
YFR036W,YDL007W,1,-3.275231,0.06993579864501953,0.5120000243186951,0.680899977684021
YDR169C,YMR227C,0,-3.2752738,0.06992624700069427,0.5120000243186951,0.6809999942779541
YLR028C,YKL094W,0,-3.2752936,0.06991670280694962,0.5120000243186951,0.6811000108718872
YER012W,YLR380W,1,-3.275601,0.07004369050264359,0.5130000114440918,0.6811000108718872
YCR098C,YJR007W,0,-3.275725,0.07003413140773773,0.5130000114440918,0.6812000274658203
YJL115W,YHR098C,0,-3.275839,0.07002457231283188,0.5130000114440918,0.6812999844551086
YDR478W,YBR033W,0,-3.275846,0.07001501321792603,0.5130000114440918,0.6814000010490417
YCL034W,YJL148W,0,-3.2761621,0.07000546157360077,0.5130000114440918,0.6815000176429749
YGL037C,YDL010W,0,-3.276254,0.06999590992927551,0.5130000114440918,0.6815999746322632
YMR094W,YLR096W,0,-3.2762768,0.06998635828495026,0.5130000114440918,0.6816999912261963
YPL159C,YHR089C,0,-3.276465,0.0699768140912056,0.5130000114440918,0.6818000078201294
YDL080C,YBR067C,0,-3.2765388,0.06996726989746094,0.5130000114440918,0.6819000244140625
YPR165W,YAL010C,0,-3.2766442,0.06995772570371628,0.5130000114440918,0.6819999814033508
YNL037C,YOL016C,0,-3.276684,0.06994818896055222,0.5130000114440918,0.6820999979972839
YDL006W,YLR182W,0,-3.2770362,0.06993865221738815,0.5130000114440918,0.682200014591217
YER151C,YNL101W,0,-3.2770653,0.06992911547422409,0.5130000114440918,0.6822999715805054
YOR118W,YOR063W,0,-3.2771368,0.06991958618164062,0.5130000114440918,0.6823999881744385
YGR085C,YNL009W,0,-3.277148,0.06991005688905716,0.5130000114440918,0.6825000047683716
YHR147C,YIL079C,0,-3.2772279,0.06990053504705429,0.5130000114440918,0.6826000213623047
YOL031C,YDR162C,0,-3.2781208,0.06989100575447083,0.5130000114440918,0.682699978351593
YJL111W,YPL230W,0,-3.2781854,0.06988148391246796,0.5130000114440918,0.6827999949455261
YKL092C,YDR079W,0,-3.2783585,0.06987196952104568,0.5130000114440918,0.6829000115394592
YNL069C,YJR040W,0,-3.278378,0.06986245512962341,0.5130000114440918,0.6830000281333923
YMR016C,YER026C,0,-3.2783995,0.06985294073820114,0.5130000114440918,0.6830999851226807
YHR160C,YBR192W,0,-3.278513,0.06984343379735947,0.5130000114440918,0.6832000017166138
YOR174W,YGR162W,0,-3.2785811,0.06983392685651779,0.5130000114440918,0.6833000183105469
YGR010W,YLR398C,0,-3.278853,0.06982441991567612,0.5130000114440918,0.6833999752998352
YJR065C,YOR297C,0,-3.2790928,0.06981491297483444,0.5130000114440918,0.6834999918937683
YCL032W,YNR020C,0,-3.2791326,0.06980541348457336,0.5130000114440918,0.6836000084877014
YDR052C,YJL004C,0,-3.2793684,0.06979592144489288,0.5130000114440918,0.6837000250816345
YOL041C,YJR093C,0,-3.279424,0.0697864219546318,0.5130000114440918,0.6837999820709229
YBR237W,YGL112C,0,-3.2794747,0.06977692991495132,0.5130000114440918,0.683899998664856
YJL172W,YDR456W,0,-3.2795124,0.06976744532585144,0.5130000114440918,0.6840000152587891
YDR320C,YGL120C,0,-3.2795236,0.06975795328617096,0.5130000114440918,0.6840999722480774
YMR272C,YLR438C-A,0,-3.2796354,0.06974846869707108,0.5130000114440918,0.6841999888420105
YNR016C,YOR265W,0,-3.2796805,0.06973899155855179,0.5130000114440918,0.6843000054359436
YJL111W,YLL052C,0,-3.2797098,0.0697295069694519,0.5130000114440918,0.6844000220298767
YLL010C,YMR203W,0,-3.2797766,0.06972002983093262,0.5130000114440918,0.684499979019165
YLR344W,YHR109W,0,-3.2798607,0.06971056014299393,0.5130000114440918,0.6845999956130981
YOL117W,YJL138C,0,-3.280053,0.06970109045505524,0.5130000114440918,0.6847000122070312
YLL013C,YNR008W,0,-3.280188,0.06969162076711655,0.5130000114440918,0.6848000288009644
YJL073W,YLR207W,1,-3.2803297,0.06981798261404037,0.5139999985694885,0.6848000288009644
YGL206C,YGL022W,0,-3.2807171,0.06980850547552109,0.5139999985694885,0.6848999857902527
YNL189W,YBR217W,0,-3.2807655,0.0697990208864212,0.5139999985694885,0.6850000023841858
YBL006C,YCL043C,0,-3.2810023,0.06978954374790192,0.5139999985694885,0.6851000189781189
YOR147W,YDR512C,0,-3.2812238,0.06978007405996323,0.5139999985694885,0.6851999759674072
YOR261C,YER021W,1,-3.2813196,0.0699063390493393,0.5149999856948853,0.6851999759674072
YPL134C,YLR020C,0,-3.2814484,0.06989685446023941,0.5149999856948853,0.6852999925613403
YOL139C,YLR424W,0,-3.2818336,0.06988736242055893,0.5149999856948853,0.6854000091552734
YJR053W,YMR289W,0,-3.2819104,0.06987788528203964,0.5149999856948853,0.6855000257492065
YLR013W,YDL200C,0,-3.2819123,0.06986840069293976,0.5149999856948853,0.6855999827384949
YGR061C,YGL191W,0,-3.2820318,0.06985892355442047,0.5149999856948853,0.685699999332428
YNL310C,YMR167W,0,-3.2822998,0.06984945386648178,0.5149999856948853,0.6858000159263611
YMR214W,YIL046W,1,-3.2823465,0.0699755921959877,0.515999972820282,0.6858000159263611
YJL044C,YJR019C,0,-3.2825313,0.06996610015630722,0.515999972820282,0.6858999729156494
YDR488C,YGL137W,0,-3.2826283,0.06995661556720734,0.515999972820282,0.6859999895095825
YHL020C,YCR046C,0,-3.282774,0.06994713097810745,0.515999972820282,0.6861000061035156
YLL010C,YOR142W,0,-3.282958,0.06993765383958817,0.515999972820282,0.6862000226974487
YMR186W,YLR089C,0,-3.2833052,0.06992817670106888,0.515999972820282,0.6862999796867371
YJR155W,YDR032C,0,-3.2836404,0.06991869956254959,0.515999972820282,0.6863999962806702
YOR367W,YNL071W,0,-3.2836752,0.0699092298746109,0.515999972820282,0.6865000128746033
YJL143W,YBR125C,0,-3.2843175,0.06989975273609161,0.515999972820282,0.6866000294685364
YJR025C,YGR008C,0,-3.284356,0.06989029049873352,0.515999972820282,0.6866999864578247
YNL304W,YDR488C,0,-3.2846525,0.06988082081079483,0.515999972820282,0.6868000030517578
YJL136C,YOR085W,0,-3.2849426,0.06987135857343674,0.515999972820282,0.6869000196456909
YBL090W,YMR106C,0,-3.2849636,0.06986190378665924,0.515999972820282,0.6869999766349792
YKR103W,YPL122C,0,-3.2852929,0.06985244154930115,0.515999972820282,0.6870999932289124
YGL043W,YGR172C,0,-3.2853184,0.06984298676252365,0.515999972820282,0.6872000098228455
YBR289W,YOR167C,0,-3.2855012,0.06983353942632675,0.515999972820282,0.6873000264167786
YBR155W,YDR532C,0,-3.2857628,0.06982408463954926,0.515999972820282,0.6873999834060669
YBR177C,YOL110W,0,-3.2861516,0.06981463730335236,0.515999972820282,0.6875
YKL067W,YER046W,0,-3.2861533,0.06980519741773605,0.515999972820282,0.6876000165939331
YGL206C,YGR095C,0,-3.2862089,0.06979575008153915,0.515999972820282,0.6876999735832214
YJL034W,YOR261C,1,-3.286344,0.06992156058549881,0.5170000195503235,0.6876999735832214
YJR051W,YDR096W,0,-3.2863507,0.06991210579872131,0.5170000195503235,0.6877999901771545
YBR073W,YJL134W,0,-3.2864702,0.06990265101194382,0.5170000195503235,0.6879000067710876
YJL048C,YDL126C,1,-3.2864718,0.0700283870100975,0.5180000066757202,0.6879000067710876
YMR088C,YMR097C,0,-3.2866511,0.07001892477273941,0.5180000066757202,0.6880000233650208
YMR271C,YMR202W,0,-3.28668,0.07000946253538132,0.5180000066757202,0.6880999803543091
YPL258C,YDR512C,0,-3.2867782,0.07000000029802322,0.5180000066757202,0.6881999969482422
YNR026C,YKL206C,1,-3.2868705,0.07012566179037094,0.5189999938011169,0.6881999969482422
YPR167C,YLR268W,0,-3.2875297,0.07011618465185165,0.5189999938011169,0.6883000135421753
YOR151C,YFL004W,0,-3.2877913,0.07010671496391296,0.5189999938011169,0.6883999705314636
YDR318W,YNR020C,0,-3.2880507,0.07009724527597427,0.5189999938011169,0.6884999871253967
YNL229C,YPL242C,0,-3.288305,0.07008777558803558,0.5189999938011169,0.6886000037193298
YKL160W,YLR359W,0,-3.2883205,0.07007831335067749,0.5189999938011169,0.6887000203132629
YGR281W,YBL050W,0,-3.2885656,0.0700688511133194,0.5189999938011169,0.6887999773025513
YCR037C,YJL024C,0,-3.2886121,0.0700593963265419,0.5189999938011169,0.6888999938964844
YDL070W,YCR010C,0,-3.2887158,0.0700499415397644,0.5189999938011169,0.6890000104904175
YOL038W,YPL002C,1,-3.2887206,0.07017543911933899,0.5199999809265137,0.6890000104904175
YOL068C,YFL031W,0,-3.2889295,0.0701659694314003,0.5199999809265137,0.6891000270843506
YML116W,YBR002C,0,-3.2892568,0.07015649974346161,0.5199999809265137,0.6891999840736389
YMR238W,YPL029W,0,-3.2892911,0.07014703750610352,0.5199999809265137,0.689300000667572
YGL187C,YMR139W,0,-3.289349,0.07013757526874542,0.5199999809265137,0.6894000172615051
YJL209W,YNL270C,0,-3.2894747,0.07012812048196793,0.5199999809265137,0.6894999742507935
YOR256C,YDR118W,1,-3.2898889,0.07025350630283356,0.5210000276565552,0.6894999742507935
YPL255W,YIL114C,0,-3.289932,0.07024403661489487,0.5210000276565552,0.6895999908447266
YLL036C,YJL048C,1,-3.2899845,0.07036937028169632,0.5220000147819519,0.6895999908447266
YDL174C,YPL122C,0,-3.290011,0.07035988569259644,0.5220000147819519,0.6897000074386597
YML052W,YMR271C,0,-3.2901957,0.07035040110349655,0.5220000147819519,0.6898000240325928
YOR008C,YGR123C,0,-3.290442,0.07034092396497726,0.5220000147819519,0.6898999810218811
YDR228C,YPL157W,0,-3.2910147,0.07033144682645798,0.5220000147819519,0.6899999976158142
YGL020C,YHL020C,0,-3.291483,0.07032196968793869,0.5220000147819519,0.6901000142097473
YGL068W,YLR010C,0,-3.291489,0.0703125,0.5220000147819519,0.6901999711990356
YKR071C,YNL077W,0,-3.291562,0.07030303031206131,0.5220000147819519,0.6902999877929688
YML007W,YBR103W,0,-3.291846,0.07029356062412262,0.5220000147819519,0.6904000043869019
YBR280C,YLR025W,1,-3.2922552,0.07041874527931213,0.5230000019073486,0.6904000043869019
YDR519W,YJR160C,0,-3.2923908,0.07040926069021225,0.5230000019073486,0.690500020980835
YLL003W,YLL013C,0,-3.2924285,0.07039978355169296,0.5230000019073486,0.6905999779701233
YER106W,YIR021W,0,-3.2924938,0.07039030641317368,0.5230000019073486,0.6906999945640564
YDR418W,YOL077W-A,0,-3.292522,0.07038083672523499,0.5230000019073486,0.6908000111579895
YNL015W,YGL161C,0,-3.2926588,0.0703713670372963,0.5230000019073486,0.6909000277519226
YLR424W,YBL105C,0,-3.2927403,0.0703618973493576,0.5230000019073486,0.6909999847412109
YMR139W,YLL009C,0,-3.2928162,0.07035243511199951,0.5230000019073486,0.691100001335144
YJL133W,YHR046C,0,-3.2928615,0.07034297287464142,0.5230000019073486,0.6912000179290771
YMR080C,YDR034C,0,-3.2929354,0.07033351063728333,0.5230000019073486,0.6912999749183655
YML078W,YBR001C,0,-3.2929993,0.07032405585050583,0.5230000019073486,0.6913999915122986
YLR350W,YEL013W,0,-3.293005,0.07031460106372833,0.5230000019073486,0.6915000081062317
YGL120C,YKL020C,0,-3.29347,0.07030514627695084,0.5230000019073486,0.6916000247001648
YKL189W,YMR256C,0,-3.2934842,0.07029569894075394,0.5230000019073486,0.6916999816894531
YGR285C,YGL223C,0,-3.2938666,0.07028625160455704,0.5230000019073486,0.6917999982833862
YDL064W,YAL005C,0,-3.2939057,0.07027680426836014,0.5230000019073486,0.6919000148773193
YIR011C,YHR043C,1,-3.2940073,0.07040172070264816,0.5239999890327454,0.6919000148773193
YDR481C,YFL031W,0,-3.2944272,0.07039226591587067,0.5239999890327454,0.6919999718666077
YDR418W,YBR057C,0,-3.295101,0.07038280367851257,0.5239999890327454,0.6920999884605408
YER094C,YKL034W,1,-3.2951481,0.07050765305757523,0.5249999761581421,0.6920999884605408
YLR238W,YDR297W,0,-3.2959712,0.07049819082021713,0.5249999761581421,0.6922000050544739
YLR208W,YML029W,1,-3.29604,0.0706229880452156,0.5260000228881836,0.6922000050544739
YDR194C,YOL034W,0,-3.2960722,0.07061350345611572,0.5260000228881836,0.692300021648407
YDR495C,YMR200W,0,-3.2961001,0.07060402631759644,0.5260000228881836,0.6923999786376953
YMR194W,YHR181W,0,-3.2962327,0.07059454917907715,0.5260000228881836,0.6924999952316284
YLR005W,YKL157W,0,-3.296252,0.07058507949113846,0.5260000228881836,0.6926000118255615
YPL110C,YNL129W,0,-3.296586,0.07057560980319977,0.5260000228881836,0.6927000284194946
YIR018W,YNL259C,0,-3.2966723,0.07056614011526108,0.5260000228881836,0.692799985408783
YJR065C,YGL244W,0,-3.2968812,0.07055667042732239,0.5260000228881836,0.6929000020027161
YDR347W,YFL001W,0,-3.2969074,0.0705472081899643,0.5260000228881836,0.6930000185966492
YDL141W,YLR086W,0,-3.2969146,0.0705377534031868,0.5260000228881836,0.6930999755859375
YBR207W,YKL056C,0,-3.2970839,0.0705282911658287,0.5260000228881836,0.6931999921798706
YOR130C,YOL113W,0,-3.2972481,0.07051883637905121,0.5260000228881836,0.6933000087738037
YJR112W,YMR171C,0,-3.2972794,0.07050938159227371,0.5260000228881836,0.6934000253677368
YOR056C,YDL208W,0,-3.297447,0.07049993425607681,0.5260000228881836,0.6934999823570251
YBR171W,YER052C,0,-3.2975144,0.07049048691987991,0.5260000228881836,0.6935999989509583
YMR033W,YJL184W,0,-3.2976851,0.07048103958368301,0.5260000228881836,0.6937000155448914
YCL034W,YDR326C,0,-3.2977273,0.07047159969806671,0.5260000228881836,0.6937999725341797
YBR196C,YLR403W,0,-3.2977693,0.07046215981245041,0.5260000228881836,0.6938999891281128
YPR049C,YDL084W,0,-3.2981095,0.0704527199268341,0.5260000228881836,0.6940000057220459
YIL066C,YKR014C,0,-3.2983305,0.0704432874917984,0.5260000228881836,0.694100022315979
YLR399C,YPR073C,0,-3.298574,0.0704338476061821,0.5260000228881836,0.6941999793052673
YAR007C,YLR170C,0,-3.2987251,0.07042442262172699,0.5260000228881836,0.6942999958992004
YEL050C,YML099C,0,-3.2989254,0.07041499018669128,0.5260000228881836,0.6944000124931335
YLR310C,YDR529C,0,-3.2989593,0.07040556520223618,0.5260000228881836,0.6945000290870667
YGR023W,YDL171C,0,-3.2990522,0.07039614766836166,0.5260000228881836,0.694599986076355
YDR485C,YNR047W,0,-3.2991178,0.07038672268390656,0.5260000228881836,0.6947000026702881
YMR296C,YHR079C,0,-3.299241,0.07037730515003204,0.5260000228881836,0.6948000192642212
YMR117C,YDR315C,0,-3.2992444,0.07036789506673813,0.5260000228881836,0.6948999762535095
YLR369W,YBR037C,0,-3.2993388,0.07035847753286362,0.5260000228881836,0.6949999928474426
YNL311C,YOR256C,1,-3.2994175,0.07048281282186508,0.5270000100135803,0.6949999928474426
YNL300W,YML015C,0,-3.2995257,0.07047338783740997,0.5270000100135803,0.6951000094413757
YLR300W,YIL138C,0,-3.2995992,0.07046396285295486,0.5270000100135803,0.6952000260353088
YOR007C,YOR038C,0,-3.299636,0.07045454531908035,0.5270000100135803,0.6952999830245972
YOL165C,YCR046C,0,-3.2998843,0.07044512778520584,0.5270000100135803,0.6953999996185303
YDR302W,YPR021C,0,-3.299985,0.07043571025133133,0.5270000100135803,0.6955000162124634
YAL031C,YMR011W,0,-3.3001354,0.07042630016803741,0.5270000100135803,0.6955999732017517
YDR312W,YPL028W,0,-3.3001983,0.0704168900847435,0.5270000100135803,0.6956999897956848
YMR038C,YJL079C,0,-3.3003354,0.07040748000144958,0.5270000100135803,0.6958000063896179
YDR536W,YMR026C,0,-3.3005846,0.07039807736873627,0.5270000100135803,0.695900022983551
YER044C,YNL244C,0,-3.3006353,0.07038867473602295,0.5270000100135803,0.6959999799728394
YPL059W,YLR385C,0,-3.300656,0.07037927210330963,0.5270000100135803,0.6960999965667725
YGR216C,YPR083W,0,-3.3006594,0.07036987692117691,0.5270000100135803,0.6962000131607056
YDR379W,YGL190C,0,-3.3012152,0.07036048173904419,0.5270000100135803,0.6963000297546387
YNL293W,YPL045W,0,-3.301282,0.07035108655691147,0.5270000100135803,0.696399986743927
YHR031C,YKR039W,0,-3.301476,0.07034169882535934,0.5270000100135803,0.6965000033378601
YPL099C,YJR022W,0,-3.3015113,0.07033231109380722,0.5270000100135803,0.6966000199317932
YBR199W,YDR195W,0,-3.3016174,0.0703229233622551,0.5270000100135803,0.6966999769210815
YML060W,YKR022C,0,-3.3017688,0.07031354308128357,0.5270000100135803,0.6967999935150146
YGL048C,YDR394W,1,-3.3018272,0.07043756544589996,0.527999997138977,0.6967999935150146
YFL047W,YHR081W,0,-3.3018627,0.07042817026376724,0.527999997138977,0.6969000101089478
YJR013W,YOL139C,0,-3.30193,0.07041877508163452,0.527999997138977,0.6970000267028809
YOR030W,YDR339C,0,-3.3020282,0.0704093873500824,0.527999997138977,0.6970999836921692
YGL030W,YIL124W,0,-3.3022318,0.07039999961853027,0.527999997138977,0.6972000002861023
YKR029C,YMR168C,0,-3.3024538,0.07039061188697815,0.527999997138977,0.6973000168800354
YNL270C,YDR224C,0,-3.3025236,0.07038123160600662,0.527999997138977,0.6973999738693237
YBR213W,YOL016C,0,-3.3026595,0.0703718513250351,0.527999997138977,0.6974999904632568
YNL027W,YHR052W,0,-3.3026705,0.07036247104406357,0.527999997138977,0.6976000070571899
YNR070W,YOR299W,0,-3.3026865,0.07035309821367264,0.527999997138977,0.697700023651123
YHR132C,YHR058C,0,-3.3031425,0.07034372538328171,0.527999997138977,0.6977999806404114
YHR211W,YHR143W-A,0,-3.3031876,0.07033435255289078,0.527999997138977,0.6978999972343445
YNL306W,YNL007C,0,-3.303235,0.07032498717308044,0.527999997138977,0.6980000138282776
YDR313C,YBR132C,0,-3.3036013,0.07031562179327011,0.527999997138977,0.6980999708175659
YLR219W,YMR052W,0,-3.3038206,0.07030625641345978,0.527999997138977,0.698199987411499
YPR018W,YPL050C,0,-3.3039098,0.07029689848423004,0.527999997138977,0.6983000040054321
YPL228W,YPL195W,0,-3.3039198,0.0702875405550003,0.527999997138977,0.6984000205993652
YDR263C,YBL018C,0,-3.3039665,0.07027818262577057,0.527999997138977,0.6984999775886536
YDR116C,YNL297C,0,-3.3042889,0.07026883214712143,0.527999997138977,0.6985999941825867
YER035W,YKL092C,0,-3.3043017,0.07025948166847229,0.527999997138977,0.6987000107765198
YMR043W,YLR396C,0,-3.3044863,0.07025013118982315,0.527999997138977,0.6988000273704529
YKL211C,YDR511W,0,-3.3047361,0.07024078816175461,0.527999997138977,0.6988999843597412
YGL029W,YLR191W,0,-3.304748,0.07023144513368607,0.527999997138977,0.6990000009536743
YJL073W,YPL002C,1,-3.3048582,0.07035510241985321,0.5289999842643738,0.6990000009536743
YER166W,YCR092C,0,-3.3048985,0.07034574449062347,0.5289999842643738,0.6991000175476074
YOR071C,YNL297C,0,-3.3049214,0.07033639401197433,0.5289999842643738,0.6991999745368958
YHL001W,YLR078C,0,-3.3049345,0.0703270435333252,0.5289999842643738,0.6992999911308289
YKL217W,YLR256W,0,-3.3051689,0.07031769305467606,0.5289999842643738,0.699400007724762
YLR129W,YGL250W,0,-3.3052144,0.07030835002660751,0.5289999842643738,0.6995000243186951
YGL048C,YJR090C,1,-3.3055649,0.0704318955540657,0.5299999713897705,0.6995000243186951
YER065C,YER019W,0,-3.3056703,0.07042253762483597,0.5299999713897705,0.6995999813079834
YDR158W,YFL036W,0,-3.305842,0.07041317969560623,0.5299999713897705,0.6996999979019165
YLL001W,YNL136W,0,-3.3059387,0.07040382921695709,0.5299999713897705,0.6998000144958496
YJL080C,YLR192C,0,-3.306067,0.07039447128772736,0.5299999713897705,0.6998999714851379
YMR112C,YIL122W,0,-3.306148,0.07038512825965881,0.5299999713897705,0.699999988079071
YMR128W,YEL031W,0,-3.3062582,0.07037577778100967,0.5299999713897705,0.7001000046730042
YNL097C,YGL172W,0,-3.3063095,0.07036643475294113,0.5299999713897705,0.7002000212669373
YBR195C,YLR170C,0,-3.306329,0.07035709172487259,0.5299999713897705,0.7002999782562256
YPR060C,YML028W,0,-3.3064702,0.07034775614738464,0.5299999713897705,0.7003999948501587
YER151C,YLR314C,0,-3.3067167,0.0703384205698967,0.5299999713897705,0.7005000114440918
YMR179W,YLR213C,0,-3.3069468,0.07032908499240875,0.5299999713897705,0.7006000280380249
YJL104W,YDR524C,0,-3.3071125,0.0703197568655014,0.5299999713897705,0.7006999850273132
YBR294W,YOR337W,0,-3.3075209,0.07031042873859406,0.5299999713897705,0.7008000016212463
YPL157W,YBR258C,0,-3.3080244,0.0703011006116867,0.5299999713897705,0.7009000182151794
YBL076C,YBR041W,0,-3.3081243,0.07029177993535995,0.5299999713897705,0.7009999752044678
YDR489W,YDR051C,0,-3.308428,0.0702824592590332,0.5299999713897705,0.7010999917984009
YOR284W,YBL037W,0,-3.308764,0.07027313858270645,0.5299999713897705,0.701200008392334
YMR012W,YPL177C,0,-3.3089385,0.0702638179063797,0.5299999713897705,0.7013000249862671
YBR176W,YKR055W,0,-3.309043,0.07025450468063354,0.5299999713897705,0.7013999819755554
YJL087C,YDR258C,0,-3.3094707,0.07024519890546799,0.5299999713897705,0.7014999985694885
YDL070W,YFL008W,0,-3.3095355,0.07023588567972183,0.5299999713897705,0.7016000151634216
YJL189W,YDR460W,0,-3.3097126,0.07022657990455627,0.5299999713897705,0.70169997215271
YER018C,YMR071C,0,-3.3097544,0.07021727412939072,0.5299999713897705,0.7017999887466431
YGR286C,YPL089C,0,-3.3104005,0.07020797580480576,0.5299999713897705,0.7019000053405762
YKL211C,YGL250W,0,-3.310535,0.0701986774802208,0.5299999713897705,0.7020000219345093
YJL008C,YJR089W,0,-3.310707,0.07018937915563583,0.5299999713897705,0.7020999789237976
YBL102W,YGL181W,0,-3.3115005,0.07018008828163147,0.5299999713897705,0.7021999955177307
YJL178C,YNR001C,0,-3.311522,0.07017078995704651,0.5299999713897705,0.7023000121116638
YJL034W,YOR256C,1,-3.3115706,0.07029388099908829,0.531000018119812,0.7023000121116638
YLR086W,YDR163W,0,-3.311656,0.07028458267450333,0.531000018119812,0.7024000287055969
YJL051W,YGL095C,0,-3.3120928,0.07027527689933777,0.531000018119812,0.7024999856948853
YGR198W,YBL064C,0,-3.3123798,0.07026597857475281,0.531000018119812,0.7026000022888184
YOR229W,YHR188C,0,-3.3124812,0.07025668025016785,0.531000018119812,0.7027000188827515
YOL115W,YJR127C,0,-3.3125885,0.07024738937616348,0.531000018119812,0.7027999758720398
YOR083W,YDR454C,0,-3.312963,0.07023809850215912,0.531000018119812,0.7028999924659729
YIL134W,YJR040W,0,-3.3130238,0.07022880762815475,0.531000018119812,0.703000009059906
YER001W,YDR405W,0,-3.313089,0.07021951675415039,0.531000018119812,0.7031000256538391
YIL162W,YDR383C,0,-3.3131008,0.07021023333072662,0.531000018119812,0.7031999826431274
YGL205W,YJL092W,0,-3.3132184,0.07020094990730286,0.531000018119812,0.7032999992370605
YKL116C,YCR053W,0,-3.31348,0.07019167393445969,0.531000018119812,0.7034000158309937
YNL239W,YGR268C,0,-3.3135173,0.07018239796161652,0.531000018119812,0.703499972820282
YOR232W,YJL176C,0,-3.3135989,0.07017312198877335,0.531000018119812,0.7035999894142151
YIL088C,YGR028W,0,-3.3138213,0.07016384601593018,0.531000018119812,0.7037000060081482
YJR068W,YBR172C,0,-3.314013,0.0701545774936676,0.531000018119812,0.7038000226020813
YIR015W,YOR178C,0,-3.3142118,0.07014530897140503,0.531000018119812,0.7038999795913696
YNL262W,YMR271C,0,-3.3142257,0.07013604789972305,0.531000018119812,0.7039999961853027
YDR420W,YPR005C,0,-3.3144312,0.07012677937746048,0.531000018119812,0.7041000127792358
YDR318W,YJR017C,0,-3.314463,0.0701175257563591,0.531000018119812,0.704200029373169
YIL049W,YLR305C,0,-3.3144994,0.07010826468467712,0.531000018119812,0.7042999863624573
YIL051C,YNL101W,0,-3.3148232,0.07009901106357574,0.531000018119812,0.7044000029563904
YIL078W,YBR039W,0,-3.3155055,0.07008975744247437,0.531000018119812,0.7045000195503235
YMR094W,YLR404W,0,-3.3157291,0.07008050382137299,0.531000018119812,0.7045999765396118
YDR251W,YML081C-A,0,-3.3160086,0.0700712576508522,0.531000018119812,0.7046999931335449
YOL013C,YMR184W,1,-3.3162637,0.07019395381212234,0.5320000052452087,0.7046999931335449
YDR354W,YDL204W,0,-3.3162954,0.07018470019102097,0.5320000052452087,0.704800009727478
YCR096C,YLR325C,0,-3.3163347,0.07017543911933899,0.5320000052452087,0.7049000263214111
YPR163C,YGL233W,0,-3.3163867,0.07016618549823761,0.5320000052452087,0.7049999833106995
YBR176W,YIL157C,0,-3.3164012,0.07015693187713623,0.5320000052452087,0.7050999999046326
YMR016C,YCR071C,0,-3.3172243,0.07014767825603485,0.5320000052452087,0.7052000164985657
YEL053C,YPL031C,0,-3.3172755,0.07013843208551407,0.5320000052452087,0.705299973487854
YLR080W,YMR030W,0,-3.3175738,0.07012918591499329,0.5320000052452087,0.7053999900817871
YPL270W,YDR059C,0,-3.3177295,0.0701199397444725,0.5320000052452087,0.7055000066757202
YJR076C,YNL297C,0,-3.3177676,0.07011070102453232,0.5320000052452087,0.7056000232696533
YHR186C,YNL072W,0,-3.3177793,0.07010146230459213,0.5320000052452087,0.7056999802589417
YGL131C,YPR189W,0,-3.318188,0.07009222358465195,0.5320000052452087,0.7057999968528748
YJR044C,YHR052W,0,-3.3182678,0.07008299231529236,0.5320000052452087,0.7059000134468079
YPL065W,YKL034W,1,-3.3182857,0.07020547986030579,0.5329999923706055,0.7059000134468079
YJL156C,YER098W,0,-3.3183274,0.070196233689785,0.5329999923706055,0.7059999704360962
YPL099C,YDR093W,0,-3.3184664,0.07018698751926422,0.5329999923706055,0.7060999870300293
YDL042C,YML072C,0,-3.31848,0.07017774879932404,0.5329999923706055,0.7062000036239624
YPL084W,YDR054C,1,-3.3186598,0.0703001543879509,0.5339999794960022,0.7062000036239624
YDL006W,YLR165C,0,-3.3190122,0.07029090076684952,0.5339999794960022,0.7063000202178955
YKR066C,YKR103W,0,-3.3192296,0.07028165459632874,0.5339999794960022,0.7063999772071838
YHR200W,YLR097C,1,-3.319784,0.07040400058031082,0.5350000262260437,0.7063999772071838
YGR058W,YKR098C,0,-3.3199575,0.07039473950862885,0.5350000262260437,0.7064999938011169
YAR035W,YER166W,0,-3.3205447,0.07038547843694687,0.5350000262260437,0.70660001039505
YDR527W,YMR025W,0,-3.3211403,0.07037621736526489,0.5350000262260437,0.7067000269889832
YMR161W,YKL213C,1,-3.321429,0.07049848884344101,0.5360000133514404,0.7067000269889832
YML106W,YCR008W,0,-3.3214445,0.07048921287059784,0.5360000133514404,0.7067999839782715
YMR008C,YPR166C,0,-3.3217528,0.07047994434833527,0.5360000133514404,0.7069000005722046
YFL047W,YBL020W,0,-3.321988,0.07047068327665329,0.5360000133514404,0.7070000171661377
YCR098C,YCR048W,0,-3.3219955,0.07046141475439072,0.5360000133514404,0.707099974155426
YEL013W,YBR158W,0,-3.3221376,0.07045215368270874,0.5360000133514404,0.7071999907493591
YDL099W,YHR188C,0,-3.3221393,0.07044290006160736,0.5360000133514404,0.7073000073432922
YGL216W,YNR057C,0,-3.3222141,0.07043363898992538,0.5360000133514404,0.7074000239372253
YMR216C,YGR227W,0,-3.3223403,0.070424385368824,0.5360000133514404,0.7074999809265137
YIR011C,YBL058W,1,-3.3223565,0.07054650783538818,0.5370000004768372,0.7074999809265137
YML001W,YER046W,0,-3.3224142,0.07053723931312561,0.5370000004768372,0.7075999975204468
YKL211C,YPR042C,0,-3.3225203,0.07052797824144363,0.5370000004768372,0.7077000141143799
YPR103W,YBL057C,1,-3.3225992,0.07065003365278244,0.5379999876022339,0.7077000141143799
YNL153C,YNL091W,0,-3.3226736,0.07064075767993927,0.5379999876022339,0.7077999711036682
YDR497C,YPR125W,0,-3.3227837,0.0706314817070961,0.5379999876022339,0.7078999876976013
YNL014W,YOR373W,0,-3.3228803,0.07062221318483353,0.5379999876022339,0.7080000042915344
YLR207W,YMR077C,1,-3.3230438,0.07074419409036636,0.5389999747276306,0.7080000042915344
YOR198C,YDR364C,0,-3.3233576,0.0707349106669426,0.5389999747276306,0.7081000208854675
YJR155W,YMR182C,0,-3.323587,0.07072562724351883,0.5389999747276306,0.7081999778747559
YOR127W,YPL101W,0,-3.324388,0.07071634382009506,0.5389999747276306,0.708299994468689
YPL187W,YOR278W,0,-3.3245904,0.07070706784725189,0.5389999747276306,0.7084000110626221
YER020W,YPR083W,0,-3.324643,0.07069779932498932,0.5389999747276306,0.7085000276565552
YJR110W,YNL291C,0,-3.3247728,0.07068852335214615,0.5389999747276306,0.7085999846458435
YNL047C,YML124C,0,-3.3254294,0.07067925482988358,0.5389999747276306,0.7087000012397766
YIL070C,YPL099C,0,-3.32547,0.070669986307621,0.5389999747276306,0.7088000178337097
YDR096W,YDR411C,0,-3.3255131,0.07066072523593903,0.5389999747276306,0.708899974822998
YMR128W,YBR251W,0,-3.325581,0.07065146416425705,0.5389999747276306,0.7089999914169312
YGR238C,YGR271W,0,-3.3257275,0.07064220309257507,0.5389999747276306,0.7091000080108643
YDL104C,YLR095C,0,-3.3260903,0.0706329420208931,0.5389999747276306,0.7092000246047974
YPR041W,YBR275C,0,-3.326186,0.07062368839979172,0.5389999747276306,0.7092999815940857
YKL095W,YGR152C,0,-3.3263268,0.07061443477869034,0.5389999747276306,0.7093999981880188
YML123C,YHR188C,0,-3.3263354,0.07060518860816956,0.5389999747276306,0.7095000147819519
YGL241W,YPL143W,0,-3.3269877,0.07059594243764877,0.5389999747276306,0.7095999717712402
YMR054W,YGR221C,0,-3.327147,0.07058669626712799,0.5389999747276306,0.7096999883651733
YPR019W,YLR010C,0,-3.3273227,0.07057745009660721,0.5389999747276306,0.7098000049591064
YDL141W,YAL013W,0,-3.3275476,0.07056821137666702,0.5389999747276306,0.7099000215530396
YNL273W,YBR128C,0,-3.3275504,0.07055897265672684,0.5389999747276306,0.7099999785423279
YML093W,YAL009W,0,-3.3275845,0.07054974138736725,0.5389999747276306,0.710099995136261
YER169W,YOR303W,0,-3.327683,0.07054050266742706,0.5389999747276306,0.7102000117301941
YBR182C,YCR067C,0,-3.3277352,0.07053127139806747,0.5389999747276306,0.7103000283241272
YGR289C,YDR410C,0,-3.3277996,0.07052204757928848,0.5389999747276306,0.7103999853134155
YOR098C,YER112W,0,-3.327836,0.07051282376050949,0.5389999747276306,0.7105000019073486
YOR233W,YHR098C,0,-3.3279076,0.0705035999417305,0.5389999747276306,0.7106000185012817
YDL097C,YBR201W,1,-3.327927,0.07062516361474991,0.5400000214576721,0.7106000185012817
YPL053C,YGL233W,0,-3.3280408,0.07061592489480972,0.5400000214576721,0.7106999754905701
YLL002W,YMR280C,0,-3.3280737,0.07060669362545013,0.5400000214576721,0.7107999920845032
YJL192C,YLR289W,0,-3.328397,0.07059746235609055,0.5400000214576721,0.7109000086784363
YEL046C,YFL048C,0,-3.3284101,0.07058823853731155,0.5400000214576721,0.7110000252723694
YGL120C,YIL076W,0,-3.3285542,0.07057900726795197,0.5400000214576721,0.7110999822616577
YNL270C,YLR043C,0,-3.3287787,0.07056978344917297,0.5400000214576721,0.7111999988555908
YKL094W,YOR313C,0,-3.3288798,0.07056056708097458,0.5400000214576721,0.7113000154495239
YOL127W,YJR032W,0,-3.329101,0.07055134326219559,0.5400000214576721,0.7113999724388123
YPL194W,YDR281C,0,-3.3292477,0.07054212689399719,0.5400000214576721,0.7114999890327454
YMR199W,YOR035C,0,-3.3295794,0.0705329179763794,0.5400000214576721,0.7116000056266785
YJL065C,YDL232W,0,-3.3298216,0.070523701608181,0.5400000214576721,0.7117000222206116
YDR378C,YMR200W,0,-3.3300285,0.0705144926905632,0.5400000214576721,0.7117999792098999
YLR448W,YHL019C,0,-3.3300877,0.070505291223526,0.5400000214576721,0.711899995803833
YLL022C,YGL026C,0,-3.3301167,0.0704960823059082,0.5400000214576721,0.7120000123977661
YLR134W,YCR009C,0,-3.3303938,0.070486880838871,0.5400000214576721,0.7121000289916992
YDR362C,YER061C,0,-3.3304362,0.0704776793718338,0.5400000214576721,0.7121999859809875
YOL005C,YHL019C,0,-3.3306131,0.0704684853553772,0.5400000214576721,0.7123000025749207
YJL138C,YJL155C,0,-3.3306613,0.0704592913389206,0.5400000214576721,0.7124000191688538
YOR301W,YGL162W,0,-3.3308504,0.07045009732246399,0.5400000214576721,0.7124999761581421
YPR061C,YGR140W,0,-3.3311906,0.07044091075658798,0.5400000214576721,0.7125999927520752
YDR331W,YOR058C,0,-3.3312893,0.07043171674013138,0.5400000214576721,0.7127000093460083
YPR019W,YDL047W,0,-3.331507,0.07042253762483597,0.5400000214576721,0.7128000259399414
YBR231C,YEL059C-A,0,-3.3317301,0.07041335105895996,0.5400000214576721,0.7128999829292297
YPL042C,YJL121C,0,-3.3318002,0.07040417194366455,0.5400000214576721,0.7129999995231628
YGR156W,YOL026C,0,-3.3319278,0.07039499282836914,0.5400000214576721,0.713100016117096
YML026C,YDR036C,0,-3.3321505,0.07038582116365433,0.5400000214576721,0.7131999731063843
YOR270C,YBR080C,0,-3.3321686,0.07037664204835892,0.5400000214576721,0.7132999897003174
YDR318W,YIL095W,0,-3.3321724,0.0703674778342247,0.5400000214576721,0.7134000062942505
YBR002C,YDR520C,0,-3.332281,0.07035830616950989,0.5400000214576721,0.7135000228881836
YMR004W,YOL062C,0,-3.332461,0.07034914195537567,0.5400000214576721,0.7135999798774719
YLR395C,YLR147C,0,-3.3324807,0.07033997774124146,0.5400000214576721,0.713699996471405
YKL154W,YGL060W,0,-3.3325825,0.07033081352710724,0.5400000214576721,0.7138000130653381
YDL036C,YPL110C,0,-3.3330803,0.07032165676355362,0.5400000214576721,0.7139000296592712
YHR168W,YFL008W,0,-3.3330812,0.0703125,0.5400000214576721,0.7139999866485596
YPL269W,YML125C,0,-3.33361,0.07030334323644638,0.5400000214576721,0.7141000032424927
YNL284C,YGR218W,0,-3.3336267,0.07029419392347336,0.5400000214576721,0.7142000198364258
YNL230C,YCL069W,0,-3.3338456,0.07028504461050034,0.5400000214576721,0.7142999768257141
YNR026C,YNL172W,1,-3.333863,0.07040604203939438,0.5410000085830688,0.7142999768257141
YBR123C,YOR138C,0,-3.334,0.07039687782526016,0.5410000085830688,0.7143999934196472
YLL033W,YIL041W,0,-3.3343244,0.07038772106170654,0.5410000085830688,0.7145000100135803
YKL217W,YMR167W,0,-3.3345213,0.07037856429815292,0.5410000085830688,0.7146000266075134
YOR384W,YGL210W,0,-3.3346286,0.0703694075345993,0.5410000085830688,0.7146999835968018
YKR060W,YLR262C,0,-3.334629,0.07036025822162628,0.5410000085830688,0.7148000001907349
YBL030C,YLR026C,0,-3.3353903,0.07035110890865326,0.5410000085830688,0.714900016784668
YFL013C,YNL259C,0,-3.335444,0.07034195959568024,0.5410000085830688,0.7149999737739563
YOR179C,YKR054C,0,-3.3355205,0.07033281028270721,0.5410000085830688,0.7150999903678894
YMR060C,YNR045W,0,-3.3357902,0.07032366842031479,0.5410000085830688,0.7152000069618225
YKL176C,YGL213C,0,-3.335872,0.07031453400850296,0.5410000085830688,0.7153000235557556
YDR254W,YLR268W,0,-3.3360233,0.07030539214611053,0.5410000085830688,0.715399980545044
YER025W,YDR298C,0,-3.3360567,0.0702962577342987,0.5410000085830688,0.715499997138977
YNR026C,YMR119W,1,-3.336347,0.07041704654693604,0.5419999957084656,0.715499997138977
YNL225C,YBR167C,0,-3.3364506,0.07040789723396301,0.5419999957084656,0.7156000137329102
YHR070W,YNL281W,0,-3.336708,0.07039875537157059,0.5419999957084656,0.7156999707221985
YDL190C,YEL037C,1,-3.3372765,0.07051947712898254,0.5429999828338623,0.7156999707221985
YIL122W,YDR283C,0,-3.3373299,0.07051032036542892,0.5429999828338623,0.7157999873161316
YER021W,YLR097C,1,-3.337337,0.0706310048699379,0.5440000295639038,0.7157999873161316
YOL109W,YNL300W,0,-3.3373547,0.07062183320522308,0.5440000295639038,0.7159000039100647
YMR276W,YLR380W,1,-3.3373792,0.07074247300624847,0.5450000166893005,0.7159000039100647
YKR008W,YOR140W,0,-3.337534,0.07073328644037247,0.5450000166893005,0.7160000205039978
YPR189W,YML010W,0,-3.3379467,0.07072411477565765,0.5450000166893005,0.7160999774932861
YIR025W,YNL172W,1,-3.337978,0.07084468752145767,0.5460000038146973,0.7160999774932861
YBR132C,YDR488C,0,-3.338098,0.07083549350500107,0.5460000038146973,0.7161999940872192
YGR282C,YIL042C,0,-3.338109,0.07082630693912506,0.5460000038146973,0.7163000106811523
YDR420W,YDR060W,0,-3.3381994,0.07081712037324905,0.5460000038146973,0.7164000272750854
YNR044W,YIL114C,0,-3.3383007,0.07080793380737305,0.5460000038146973,0.7164999842643738
YJR043C,YLR357W,0,-3.3383787,0.07079875469207764,0.5460000038146973,0.7166000008583069
YJR121W,YKR050W,0,-3.3384628,0.07078957557678223,0.5460000038146973,0.71670001745224
YDL097C,YPR103W,1,-3.338574,0.07091003656387329,0.546999990940094,0.71670001745224
YGL044C,YDR237W,0,-3.3386447,0.07090084254741669,0.546999990940094,0.7167999744415283
YDL111C,YML109W,0,-3.3387835,0.07089165598154068,0.546999990940094,0.7168999910354614
YHR200W,YBL057C,1,-3.338788,0.07101204991340637,0.5479999780654907,0.7168999910354614
YDR478W,YIL140W,0,-3.3388538,0.07100284844636917,0.5479999780654907,0.7170000076293945
YCR020C,YBL022C,0,-3.338886,0.07099365442991257,0.5479999780654907,0.7171000242233276
YOL072W,YKR019C,0,-3.3390667,0.07098445296287537,0.5479999780654907,0.717199981212616
YGL065C,YKL038W,0,-3.33915,0.07097525894641876,0.5479999780654907,0.7172999978065491
YHR166C,YPR108W,1,-3.3393292,0.07109557092189789,0.5490000247955322,0.7172999978065491
YOL067C,YJR133W,0,-3.339885,0.07108636200428009,0.5490000247955322,0.7174000144004822
YOR118W,YPR124W,0,-3.3401213,0.07107716053724289,0.5490000247955322,0.7174999713897705
YDR501W,YMR263W,0,-3.3403697,0.07106795907020569,0.5490000247955322,0.7175999879837036
YOR094W,YMR247C,0,-3.3403726,0.07105876505374908,0.5490000247955322,0.7177000045776367
YMR307W,YGL003C,0,-3.3403873,0.07104956358671188,0.5490000247955322,0.7178000211715698
YNL225C,YML010W,0,-3.3404613,0.07104036957025528,0.5490000247955322,0.7178999781608582
YNL270C,YDR404C,0,-3.3405423,0.07103118300437927,0.5490000247955322,0.7179999947547913
YDR383C,YPL060W,0,-3.3405821,0.07102198898792267,0.5490000247955322,0.7181000113487244
YMR135C,YFL044C,0,-3.3407059,0.07101280242204666,0.5490000247955322,0.7182000279426575
YBL058W,YMR077C,1,-3.340844,0.07113295048475266,0.550000011920929,0.7182000279426575
YPL016W,YFL002C,0,-3.3409467,0.07112375646829605,0.550000011920929,0.7182999849319458
YFL029C,YCL011C,0,-3.3410368,0.07111456245183945,0.550000011920929,0.7184000015258789
YER172C,YLL002W,0,-3.3411589,0.07110536843538284,0.550000011920929,0.718500018119812
YKL174C,YBR265W,0,-3.341516,0.07109617441892624,0.550000011920929,0.7185999751091003
YMR078C,YOL130W,0,-3.3417633,0.07108698785305023,0.550000011920929,0.7186999917030334
YHR070W,YPL072W,0,-3.3418093,0.07107780128717422,0.550000011920929,0.7188000082969666
YIL034C,YML077W,0,-3.3419495,0.07106861472129822,0.550000011920929,0.7189000248908997
YLR106C,YKL035W,0,-3.3419862,0.07105942815542221,0.550000011920929,0.718999981880188
YPL047W,YKL025C,0,-3.3421226,0.0710502490401268,0.550000011920929,0.7190999984741211
YOR008C,YBR258C,0,-3.342466,0.07104107737541199,0.550000011920929,0.7192000150680542
YDL215C,YOL030W,0,-3.3425403,0.07103189826011658,0.550000011920929,0.7192999720573425
YFL057C,YFR003C,0,-3.3427672,0.07102272659540176,0.550000011920929,0.7193999886512756
YDR207C,YPL022W,0,-3.3429222,0.07101355493068695,0.550000011920929,0.7195000052452087
YBL057C,YDL190C,1,-3.3431234,0.07113348692655563,0.5509999990463257,0.7195000052452087
YGR006W,YER042W,0,-3.3431468,0.07112430781126022,0.5509999990463257,0.7196000218391418
YFR004W,YNL172W,1,-3.3432872,0.07124419510364532,0.5519999861717224,0.7196000218391418
YGL002W,YGL250W,0,-3.3433194,0.07123500108718872,0.5519999861717224,0.7196999788284302
YIL047C,YKL020C,0,-3.3434775,0.07122580707073212,0.5519999861717224,0.7197999954223633
YMR115W,YHR083W,0,-3.3437989,0.07121662050485611,0.5519999861717224,0.7199000120162964
YPL033C,YJL006C,0,-3.3440557,0.0712074339389801,0.5519999861717224,0.7200000286102295
YKR066C,YDR527W,0,-3.3442717,0.0711982473731041,0.5519999861717224,0.7200999855995178
YPL144W,YOL071W,0,-3.3444905,0.07118906080722809,0.5519999861717224,0.7202000021934509
YHR027C,YBR273C,1,-3.3446088,0.07130883634090424,0.5529999732971191,0.7202000021934509
YOL108C,YPL028W,0,-3.3446326,0.07129964232444763,0.5529999732971191,0.720300018787384
YNL005C,YLR008C,0,-3.344934,0.07129044830799103,0.5529999732971191,0.7203999757766724
YGR257C,YPR171W,0,-3.345026,0.07128126174211502,0.5529999732971191,0.7204999923706055
YHR010W,YBR240C,0,-3.345417,0.07127206772565842,0.5529999732971191,0.7206000089645386
YJR005W,YDR107C,0,-3.3454409,0.071262888610363,0.5529999732971191,0.7207000255584717
YPL008W,YNR017W,0,-3.3460913,0.071253702044487,0.5529999732971191,0.72079998254776
YHR059W,YKL139W,0,-3.346448,0.07124452292919159,0.5529999732971191,0.7208999991416931
YDL070W,YLR020C,0,-3.3466005,0.07123534381389618,0.5529999732971191,0.7210000157356262
YHL002W,YGR169C,0,-3.346927,0.07122617214918137,0.5529999732971191,0.7210999727249146
YHR028C,YIL049W,0,-3.347174,0.07121700048446655,0.5529999732971191,0.7211999893188477
YPR103W,YGL048C,1,-3.347216,0.07133659720420837,0.5540000200271606,0.7211999893188477
YDR254W,YIL140W,0,-3.3472528,0.07132741063833237,0.5540000200271606,0.7213000059127808
YAL031C,YOR368W,0,-3.3473608,0.07131823152303696,0.5540000200271606,0.7214000225067139
YPL153C,YNL264C,0,-3.3475232,0.07130905240774155,0.5540000200271606,0.7214999794960022
YKR057W,YDR051C,0,-3.347703,0.07129987329244614,0.5540000200271606,0.7215999960899353
YBR035C,YPR021C,0,-3.3477676,0.07129069417715073,0.5540000200271606,0.7217000126838684
YBR161W,YBR210W,0,-3.34788,0.07128152251243591,0.5540000200271606,0.7218000292778015
YPL092W,YKL117W,0,-3.3478928,0.0712723508477211,0.5540000200271606,0.7218999862670898
YER133W,YDR440W,0,-3.3479633,0.07126318663358688,0.5540000200271606,0.722000002861023
YDR296W,YGL083W,0,-3.3481052,0.07125402241945267,0.5540000200271606,0.722100019454956
YDL020C,YLR355C,0,-3.3481193,0.07124485820531845,0.5540000200271606,0.7221999764442444
YBR217W,YDR425W,0,-3.3481257,0.07123569399118423,0.5540000200271606,0.7222999930381775
YER168C,YAL032C,0,-3.348276,0.07122653722763062,0.5540000200271606,0.7224000096321106
YDR001C,YGR148C,0,-3.3487027,0.071217380464077,0.5540000200271606,0.7225000262260437
YGR123C,YER068W,0,-3.3490057,0.07120822370052338,0.5540000200271606,0.722599983215332
YHR098C,YLL042C,0,-3.349054,0.07119907438755035,0.5540000200271606,0.7226999998092651
YPR108W,YBR273C,1,-3.34906,0.07131842523813248,0.5550000071525574,0.7226999998092651
YBR036C,YER058W,0,-3.3491437,0.07130926102399826,0.5550000071525574,0.7228000164031982
YGR047C,YLR192C,0,-3.3492374,0.07130010426044464,0.5550000071525574,0.7228999733924866
YLR272C,YJR139C,0,-3.3492796,0.07129094749689102,0.5550000071525574,0.7229999899864197
YDR423C,YDL165W,0,-3.3495386,0.0712817907333374,0.5550000071525574,0.7231000065803528
YBL069W,YPR083W,0,-3.3496282,0.07127263396978378,0.5550000071525574,0.7232000231742859
YDR255C,YDL004W,0,-3.3501806,0.07126348465681076,0.5550000071525574,0.7232999801635742
YOR261C,YDR143C,1,-3.3502593,0.07138271629810333,0.5559999942779541,0.7232999801635742
YNL147W,YPR033C,0,-3.3507636,0.07137355953454971,0.5559999942779541,0.7233999967575073
YOL147C,YPR083W,0,-3.3511627,0.0713643953204155,0.5559999942779541,0.7235000133514404
YGR220C,YNR057C,0,-3.3514009,0.07135523855686188,0.5559999942779541,0.7235999703407288
YHR086W,YBR024W,0,-3.351779,0.07134608179330826,0.5559999942779541,0.7236999869346619
YOL142W,YMR080C,0,-3.3519607,0.07133692502975464,0.5559999942779541,0.723800003528595
YPL164C,YAR007C,0,-3.3519707,0.07132777571678162,0.5559999942779541,0.7239000201225281
YCR024C-A,YDR006C,0,-3.3522134,0.0713186264038086,0.5559999942779541,0.7239999771118164
YBR173C,YMR119W,1,-3.3525434,0.07143773138523102,0.5569999814033508,0.7239999771118164
YJR013W,YLR213C,0,-3.3525734,0.0714285746216774,0.5569999814033508,0.7240999937057495
YOR327C,YLR353W,0,-3.3526964,0.07141941040754318,0.5569999814033508,0.7242000102996826
YBR173C,YHR200W,1,-3.3528953,0.07153846323490143,0.5580000281333923,0.7242000102996826
YOR094W,YKR003W,0,-3.3531017,0.07152929157018661,0.5580000281333923,0.7243000268936157
YJL194W,YNL138W,0,-3.3534853,0.0715201199054718,0.5580000281333923,0.724399983882904
YKL073W,YIR021W,0,-3.3534887,0.07151095569133759,0.5580000281333923,0.7245000004768372
YLR154C,YJR021C,0,-3.3538046,0.07150179147720337,0.5580000281333923,0.7246000170707703
YGR194C,YPL220W,0,-3.353909,0.07149263471364975,0.5580000281333923,0.7246999740600586
YOR310C,YCR011C,0,-3.354157,0.07148347795009613,0.5580000281333923,0.7247999906539917
YGL068W,YBR185C,0,-3.3541818,0.07147432118654251,0.5580000281333923,0.7249000072479248
YOR234C,YML032C,0,-3.3542218,0.07146516442298889,0.5580000281333923,0.7250000238418579
YER065C,YER022W,0,-3.3542335,0.07145601511001587,0.5580000281333923,0.7250999808311462
YGR013W,YNL073W,0,-3.3542976,0.07144686579704285,0.5580000281333923,0.7251999974250793
YHR028C,YJL137C,0,-3.3544278,0.07143771648406982,0.5580000281333923,0.7253000140190125
YML029W,YKL213C,1,-3.354428,0.07155658304691315,0.5590000152587891,0.7253000140190125
YGR020C,YDL035C,0,-3.3544927,0.07154741883277893,0.5590000152587891,0.7253999710083008
YDR483W,YDR147W,0,-3.3547235,0.07153826206922531,0.5590000152587891,0.7254999876022339
YDR177W,YPL065W,1,-3.3551855,0.07165706902742386,0.5600000023841858,0.7254999876022339
YLR016C,YBL082C,0,-3.3553677,0.07164790481328964,0.5600000023841858,0.725600004196167
YDR164C,YLR438C-A,0,-3.3555605,0.07163873314857483,0.5600000023841858,0.7257000207901001
YJL072C,YGR240C,0,-3.355907,0.07162957638502121,0.5600000023841858,0.7257999777793884
YDL214C,YDL066W,0,-3.3561816,0.071620412170887,0.5600000023841858,0.7258999943733215
YOR174W,YBR260C,0,-3.356314,0.07161125540733337,0.5600000023841858,0.7260000109672546
YER086W,YOL128C,0,-3.3565233,0.07160209864377975,0.5600000023841858,0.7261000275611877
YGR070W,YMR247C,0,-3.3568363,0.07159294188022614,0.5600000023841858,0.7261999845504761
YGL227W,YLR025W,1,-3.356887,0.07171162217855453,0.5609999895095825,0.7261999845504761
YNR013C,YOR351C,0,-3.3572388,0.07170245051383972,0.5609999895095825,0.7263000011444092
YGL173C,YMR042W,0,-3.3574357,0.0716932937502861,0.5609999895095825,0.7264000177383423
YOR270C,YMR127C,0,-3.3576093,0.07168412953615189,0.5609999895095825,0.7264999747276306
YJL041W,YMR263W,0,-3.3578777,0.07167497277259827,0.5609999895095825,0.7265999913215637
YDR238C,YDL215C,0,-3.357984,0.07166581600904465,0.5609999895095825,0.7267000079154968
YJR093C,YGR155W,0,-3.3581557,0.07165665924549103,0.5609999895095825,0.7268000245094299
YNL135C,YNR012W,0,-3.358159,0.071647509932518,0.5609999895095825,0.7268999814987183
YGL134W,YJR059W,0,-3.3581772,0.07163836061954498,0.5609999895095825,0.7269999980926514
YNL230C,YDR047W,0,-3.358255,0.07162921130657196,0.5609999895095825,0.7271000146865845
YDR488C,YPL255W,0,-3.3583503,0.07162006944417953,0.5609999895095825,0.7271999716758728
YJR104C,YNL087W,0,-3.358384,0.07161092758178711,0.5609999895095825,0.7272999882698059
YNL299W,YFL039C,0,-3.3584092,0.07160178571939468,0.5609999895095825,0.727400004863739
YOR197W,YMR288W,0,-3.358495,0.07159265130758286,0.5609999895095825,0.7275000214576721
YJL184W,YJL097W,0,-3.3588576,0.07158351689577103,0.5609999895095825,0.7275999784469604
YHL034C,YDR006C,0,-3.3588731,0.0715743824839592,0.5609999895095825,0.7276999950408936
YOR347C,YOR327C,0,-3.3589082,0.07156524807214737,0.5609999895095825,0.7278000116348267
YJR140C,YCR024C-A,0,-3.35898,0.07155612111091614,0.5609999895095825,0.7279000282287598
YMR070W,YJL176C,0,-3.3591042,0.0715469941496849,0.5609999895095825,0.7279999852180481
YMR162C,YPL023C,0,-3.359197,0.07153787463903427,0.5609999895095825,0.7281000018119812
YOR187W,YCL024W,0,-3.3592315,0.07152875512838364,0.5609999895095825,0.7282000184059143
YLR045C,YCR046C,0,-3.359253,0.071519635617733,0.5609999895095825,0.7282999753952026
YNL110C,YKL025C,0,-3.3593032,0.07151051610708237,0.5609999895095825,0.7283999919891357
YJR140C,YDL036C,0,-3.3595667,0.07150140404701233,0.5609999895095825,0.7285000085830688
YDL042C,YNL149C,0,-3.360164,0.07149229198694229,0.5609999895095825,0.728600025177002
YOR069W,YNL330C,0,-3.3604288,0.07148317992687225,0.5609999895095825,0.7286999821662903
YNL032W,YBL085W,0,-3.3605883,0.07147407531738281,0.5609999895095825,0.7287999987602234
YCL030C,YGL186C,0,-3.3609886,0.07146497070789337,0.5609999895095825,0.7289000153541565
YDR322C-A,YDL052C,0,-3.3612227,0.07145586609840393,0.5609999895095825,0.7289999723434448
YOR217W,YOR388C,0,-3.3612676,0.07144676148891449,0.5609999895095825,0.7290999889373779
YDL171C,YDR349C,0,-3.3618226,0.07143766433000565,0.5609999895095825,0.729200005531311
YDL147W,YNL172W,1,-3.3618972,0.07155589759349823,0.5619999766349792,0.729200005531311
YHR017W,YKL096W-A,0,-3.3623695,0.07154678553342819,0.5619999766349792,0.7293000221252441
YDR383C,YDR130C,0,-3.362535,0.07153768092393875,0.5619999766349792,0.7293999791145325
YDL069C,YCR046C,0,-3.362564,0.07152857631444931,0.5619999766349792,0.7294999957084656
YNL192W,YBR133C,0,-3.3625903,0.07151947170495987,0.5619999766349792,0.7296000123023987
YHR027C,YKL022C,1,-3.3626542,0.07163761556148529,0.5630000233650208,0.7296000123023987
YER175C,YIL079C,0,-3.3628387,0.07162849605083466,0.5630000233650208,0.7297000288963318
YJR034W,YDL095W,0,-3.3630235,0.07161938399076462,0.5630000233650208,0.7297999858856201
YJL073W,YGR135W,1,-3.3631282,0.07173746824264526,0.5640000104904175,0.7297999858856201
YOR256C,YMR276W,1,-3.3636177,0.07185552269220352,0.5649999976158142,0.7297999858856201
YML115C,YLR051C,0,-3.363706,0.0718463882803917,0.5649999976158142,0.7299000024795532
YER013W,YPL083C,0,-3.3638206,0.07183725386857986,0.5649999976158142,0.7300000190734863
YDL232W,YPL271W,0,-3.3639197,0.07182811945676804,0.5649999976158142,0.7300999760627747
YIL159W,YBR058C,0,-3.364091,0.0718189924955368,0.5649999976158142,0.7301999926567078
YCR037C,YJR113C,0,-3.364294,0.07180986553430557,0.5649999976158142,0.7303000092506409
YFL021W,YJL156C,0,-3.3643055,0.07180073857307434,0.5649999976158142,0.730400025844574
YGL113W,YLR265C,0,-3.3643136,0.07179161161184311,0.5649999976158142,0.7304999828338623
YLR221C,YEL002C,0,-3.3643992,0.07178249210119247,0.5649999976158142,0.7305999994277954
YLR022C,YKR059W,0,-3.3644,0.07177337259054184,0.5649999976158142,0.7307000160217285
YDR245W,YLR429W,0,-3.364649,0.0717642605304718,0.5649999976158142,0.7307999730110168
YLR178C,YOL124C,0,-3.365159,0.07175514101982117,0.5649999976158142,0.73089998960495
YJL143W,YOL105C,0,-3.3654475,0.07174602895975113,0.5649999976158142,0.7310000061988831
YML094W,YJL204C,0,-3.3655157,0.07173692435026169,0.5649999976158142,0.7311000227928162
YMR182C,YBL045C,0,-3.3655832,0.07172781229019165,0.5649999976158142,0.7311999797821045
YGL241W,YDR291W,0,-3.3655834,0.07171870768070221,0.5649999976158142,0.7312999963760376
YOR274W,YAL061W,0,-3.3656178,0.07170961052179337,0.5649999976158142,0.7314000129699707
YBL016W,YML051W,0,-3.36567,0.07170050591230392,0.5649999976158142,0.7315000295639038
YPR144C,YDR532C,0,-3.3656764,0.07169140875339508,0.5649999976158142,0.7315999865531921
YNL323W,YOR245C,0,-3.3659039,0.07168231159448624,0.5649999976158142,0.7317000031471252
YKR039W,YOL105C,0,-3.3660011,0.07167322188615799,0.5649999976158142,0.7318000197410583
YNL039W,YGL245W,0,-3.3665595,0.07166413217782974,0.5649999976158142,0.7318999767303467
YNL267W,YLR081W,0,-3.366829,0.0716550424695015,0.5649999976158142,0.7319999933242798
YBR052C,YDR356W,0,-3.3668432,0.07164595276117325,0.5649999976158142,0.7321000099182129
YJR134C,YOR360C,0,-3.3668528,0.0716368705034256,0.5649999976158142,0.732200026512146
YNR031C,YOR312C,0,-3.3673873,0.07162778824567795,0.5649999976158142,0.7322999835014343
YPL104W,YEL022W,0,-3.3680077,0.0716187059879303,0.5649999976158142,0.7324000000953674
YLR459W,YNL329C,0,-3.3681395,0.07160963118076324,0.5649999976158142,0.7325000166893005
YNL067W,YDR155C,0,-3.3683755,0.07160055637359619,0.5649999976158142,0.7325999736785889
YPR190C,YLR368W,0,-3.3683903,0.07159148156642914,0.5649999976158142,0.732699990272522
YNL292W,YOR084W,0,-3.3686225,0.07158241420984268,0.5649999976158142,0.7328000068664551
YMR020W,YGR132C,0,-3.368646,0.07157334685325623,0.5649999976158142,0.7329000234603882
YLL011W,YER007W,0,-3.369066,0.07156427949666977,0.5649999976158142,0.7329999804496765
YIR025W,YFL009W,1,-3.3692272,0.07168186455965042,0.5659999847412109,0.7329999804496765
YIL085C,YLR226W,0,-3.3695035,0.07167278975248337,0.5659999847412109,0.7330999970436096
YGR188C,YER069W,0,-3.3695426,0.07166371494531631,0.5659999847412109,0.7332000136375427
YGR177C,YML009C,0,-3.3696055,0.07165464013814926,0.5659999847412109,0.733299970626831
YML001W,YNL154C,0,-3.369858,0.0716455727815628,0.5659999847412109,0.7333999872207642
YJL047C,YGL017W,1,-3.369881,0.0717630684375763,0.5669999718666077,0.7333999872207642
YJL065C,YIL049W,0,-3.3699992,0.07175398617982864,0.5669999718666077,0.7335000038146973
YLR410W,YPR132W,0,-3.3700666,0.071744903922081,0.5669999718666077,0.7336000204086304
YDL217C,YOR288C,0,-3.3700771,0.07173582911491394,0.5669999718666077,0.7336999773979187
YIL039W,YBL078C,0,-3.3702836,0.07172675430774689,0.5669999718666077,0.7337999939918518
YOR371C,YLR008C,0,-3.3704202,0.07171767950057983,0.5669999718666077,0.7339000105857849
YHR008C,YDR073W,0,-3.3704982,0.07170861214399338,0.5669999718666077,0.734000027179718
YGL256W,YPR080W,0,-3.3708496,0.07169954478740692,0.5669999718666077,0.7340999841690063
YMR112C,YIR037W,0,-3.3710127,0.07169047743082047,0.5669999718666077,0.7342000007629395
YGL008C,YKR002W,0,-3.3711016,0.0716814175248146,0.5669999718666077,0.7343000173568726
YNR031C,YKL157W,0,-3.3712182,0.07167235761880875,0.5669999718666077,0.7343999743461609
YJR152W,YML066C,0,-3.3713403,0.07166329771280289,0.5669999718666077,0.734499990940094
YLL033W,YMR044W,0,-3.371442,0.07165423780679703,0.5669999718666077,0.7346000075340271
YPL098C,YKL179C,0,-3.371506,0.07164518535137177,0.5669999718666077,0.7347000241279602
YGL004C,YBL041W,1,-3.3716006,0.07176247984170914,0.5680000185966492,0.7347000241279602
YDR211W,YHR171W,0,-3.3716996,0.07175341248512268,0.5680000185966492,0.7347999811172485
YBR020W,YMR052W,0,-3.3718486,0.07174434512853622,0.5680000185966492,0.7348999977111816
YIL040W,YML064C,0,-3.3720038,0.07173528522253036,0.5680000185966492,0.7350000143051147
YHL032C,YLR304C,0,-3.3721004,0.0717262253165245,0.5680000185966492,0.7350999712944031
YDR408C,YMR159C,0,-3.3721058,0.07171717286109924,0.5680000185966492,0.7351999878883362
YIL046W,YMR276W,1,-3.3722568,0.07183436304330826,0.5690000057220459,0.7351999878883362
YGR036C,YHR176W,0,-3.372261,0.0718252956867218,0.5690000057220459,0.7353000044822693
YGL033W,YBR198C,0,-3.3724918,0.07181622833013535,0.5690000057220459,0.7354000210762024
YNL153C,YOR106W,0,-3.3727088,0.07180716842412949,0.5690000057220459,0.7354999780654907
YLR440C,YJL024C,0,-3.3727102,0.07179810851812363,0.5690000057220459,0.7355999946594238
YLR314C,YBR264C,0,-3.372994,0.07178904861211777,0.5690000057220459,0.7357000112533569
YKR028W,YOL113W,0,-3.3730552,0.07177998870611191,0.5690000057220459,0.73580002784729
YMR056C,YMR218C,0,-3.3733206,0.07177093625068665,0.5690000057220459,0.7358999848365784
YMR264W,YIL046W,1,-3.3734312,0.07188800722360611,0.5699999928474426,0.7358999848365784
YOL027C,YDR104C,0,-3.3736162,0.07187893986701965,0.5699999928474426,0.7360000014305115
YDR293C,YNR036C,0,-3.3736916,0.0718698799610138,0.5699999928474426,0.7361000180244446
YJL048C,YKL034W,1,-3.3740993,0.07198689132928848,0.5709999799728394,0.7361000180244446
YNR008W,YKL078W,0,-3.3742385,0.07197781652212143,0.5709999799728394,0.7361999750137329
YDL212W,YLR192C,0,-3.3743079,0.07196874171495438,0.5709999799728394,0.736299991607666
YOR054C,YJR112W,0,-3.3743243,0.07195967435836792,0.5709999799728394,0.7364000082015991
YIL126W,YMR167W,0,-3.3747263,0.07195060700178146,0.5709999799728394,0.7365000247955322
YER104W,YER090W,0,-3.3752995,0.07194153964519501,0.5709999799728394,0.7365999817848206
YCR014C,YHR001W,0,-3.3754683,0.07193247973918915,0.5709999799728394,0.7366999983787537
YIL105C,YGL122C,0,-3.3756058,0.07192341238260269,0.5709999799728394,0.7368000149726868
YNL101W,YFL021W,0,-3.376502,0.07191435992717743,0.5709999799728394,0.7368999719619751
YDR400W,YKL213C,1,-3.3766391,0.07203122973442078,0.5720000267028809,0.7368999719619751
YDR400W,YLR207W,1,-3.3767695,0.07214807718992233,0.5730000138282776,0.7368999719619751
YNR051C,YGL186C,0,-3.3769975,0.07213898748159409,0.5730000138282776,0.7369999885559082
YLR369W,YOR077W,0,-3.37717,0.07212991267442703,0.5730000138282776,0.7371000051498413
YGL141W,YGR229C,0,-3.377251,0.07212083041667938,0.5730000138282776,0.7372000217437744
YAL031C,YLR013W,0,-3.3772888,0.07211175560951233,0.5730000138282776,0.7372999787330627
YCL052C,YJL048C,1,-3.377769,0.07222851365804672,0.5740000009536743,0.7372999787330627
YPR031W,YHR034C,0,-3.377788,0.07221942394971848,0.5740000009536743,0.7373999953269958
YGR185C,YDL226C,0,-3.377796,0.07221034169197083,0.5740000009536743,0.737500011920929
YHL013C,YDR510W,0,-3.3778205,0.07220125943422318,0.5740000009536743,0.7376000285148621
YNL275W,YOR020C,0,-3.3779645,0.07219217717647552,0.5740000009536743,0.7376999855041504
YGL097W,YKR026C,0,-3.3781314,0.07218309491872787,0.5740000009536743,0.7378000020980835
YER151C,YOL112W,0,-3.3781848,0.07217402011156082,0.5740000009536743,0.7379000186920166
YFL045C,YDL197C,0,-3.3782113,0.07216494530439377,0.5740000009536743,0.7379999756813049
YBR200W,YGL084C,0,-3.3783903,0.07215587794780731,0.5740000009536743,0.738099992275238
YLR329W,YCL004W,0,-3.3784263,0.07214681059122086,0.5740000009536743,0.7382000088691711
YJR077C,YJR099W,0,-3.378439,0.0721377432346344,0.5740000009536743,0.7383000254631042
YNL037C,YHR102W,0,-3.3786066,0.07212867587804794,0.5740000009536743,0.7383999824523926
YPR103W,YPL002C,1,-3.3786812,0.07224525511264801,0.574999988079071,0.7383999824523926
YDL006W,YOR147W,0,-3.37871,0.07223618030548096,0.574999988079071,0.7384999990463257
YMR293C,YNR049C,0,-3.3788395,0.0722271054983139,0.574999988079071,0.7386000156402588
YDR140W,YFR042W,0,-3.378921,0.07221803814172745,0.574999988079071,0.7386999726295471
YGR206W,YER055C,0,-3.3789735,0.0722089633345604,0.574999988079071,0.7387999892234802
YJL109C,YKR003W,0,-3.3794353,0.07219989597797394,0.574999988079071,0.7389000058174133
YPL064C,YLR430W,0,-3.3794494,0.07219083607196808,0.574999988079071,0.7390000224113464
YBR201W,YDR394W,1,-3.3795614,0.07230730354785919,0.5759999752044678,0.7390000224113464
YGR062C,YMR200W,0,-3.3797226,0.07229822874069214,0.5759999752044678,0.7390999794006348
YNL309W,YKL035W,0,-3.3798165,0.07228915393352509,0.5759999752044678,0.7391999959945679
YNL248C,YDR486C,0,-3.379919,0.07228008657693863,0.5759999752044678,0.739300012588501
YEL002C,YHR147C,0,-3.3802319,0.07227101922035217,0.5759999752044678,0.7394000291824341
YOL072W,YMR123W,0,-3.3803406,0.07226195186376572,0.5759999752044678,0.7394999861717224
YGR279C,YOR388C,0,-3.380341,0.07225288450717926,0.5759999752044678,0.7396000027656555
YOR256C,YIL046W,1,-3.3808365,0.07236924767494202,0.5770000219345093,0.7396000027656555
YCR033W,YFL021W,0,-3.380907,0.07236017286777496,0.5770000219345093,0.7397000193595886
YOL108C,YBR171W,0,-3.3809547,0.07235109806060791,0.5770000219345093,0.739799976348877
YOR201C,YBR221C,0,-3.3809965,0.07234202325344086,0.5770000219345093,0.7398999929428101
YOR384W,YGR167W,0,-3.381215,0.0723329558968544,0.5770000219345093,0.7400000095367432
YHR043C,YBR201W,1,-3.3812685,0.07244923710823059,0.578000009059906,0.7400000095367432
YLR242C,YLR013W,0,-3.3814065,0.07244015485048294,0.578000009059906,0.7401000261306763
YPL082C,YHR134W,0,-3.3816051,0.07243108004331589,0.578000009059906,0.7401999831199646
YBR203W,YPR005C,0,-3.3816493,0.07242200523614883,0.578000009059906,0.7402999997138977
YNL003C,YLR318W,0,-3.3817499,0.07241293042898178,0.578000009059906,0.7404000163078308
YIR037W,YJR094W-A,0,-3.3820705,0.07240385562181473,0.578000009059906,0.7404999732971191
YDL122W,YGL257C,0,-3.3821793,0.07239478826522827,0.578000009059906,0.7405999898910522
YNL138W,YGR029W,0,-3.3822384,0.07238572090864182,0.578000009059906,0.7407000064849854
YNL202W,YEL003W,0,-3.3823586,0.07237666100263596,0.578000009059906,0.7408000230789185
YHR166C,YFR052W,1,-3.3823855,0.0724928006529808,0.5789999961853027,0.7408000230789185
YOL156W,YDR518W,0,-3.38242,0.07248372584581375,0.5789999961853027,0.7408999800682068
YAR014C,YGR098C,0,-3.3824837,0.0724746510386467,0.5789999961853027,0.7409999966621399
YDL080C,YIL121W,0,-3.3824875,0.07246558368206024,0.5789999961853027,0.741100013256073
YDR245W,YOR332W,0,-3.3825717,0.07245651632547379,0.5789999961853027,0.7411999702453613
YMR269W,YML114C,0,-3.382884,0.07244744896888733,0.5789999961853027,0.7412999868392944
YGL051W,YNL160W,0,-3.3829217,0.07243838161230087,0.5789999961853027,0.7414000034332275
YOR353C,YNL267W,0,-3.3829703,0.07242932170629501,0.5789999961853027,0.7415000200271606
YPL259C,YOR221C,0,-3.3830762,0.07242026180028915,0.5789999961853027,0.741599977016449
YMR264W,YOL038W,1,-3.3831167,0.07253626734018326,0.5799999833106995,0.741599977016449
YDR320C,YJR135C,0,-3.3833792,0.0725271999835968,0.5799999833106995,0.7416999936103821
YDR173C,YCR008W,0,-3.3834314,0.07251813262701035,0.5799999833106995,0.7418000102043152
YOR211C,YMR021C,0,-3.3836324,0.07250906527042389,0.5799999833106995,0.7419000267982483
YJL042W,YBL006C,0,-3.3836741,0.07249999791383743,0.5799999833106995,0.7419999837875366
YDL058W,YLR144C,0,-3.3841248,0.07249093800783157,0.5799999833106995,0.7421000003814697
YAL014C,YHR001W,0,-3.3842907,0.07248187810182571,0.5799999833106995,0.7422000169754028
YGR195W,YKL179C,0,-3.384401,0.07247282564640045,0.5799999833106995,0.7422999739646912
YGR027C,YGL124C,0,-3.3846993,0.07246376574039459,0.5799999833106995,0.7423999905586243
YJL048C,YJR090C,1,-3.3847332,0.07257963716983795,0.5809999704360962,0.7423999905586243
YIL099W,YDL014W,0,-3.3847685,0.0725705698132515,0.5809999704360962,0.7425000071525574
YMR017W,YJR075W,0,-3.3849144,0.07256150990724564,0.5809999704360962,0.7426000237464905
YKL116C,YDL174C,0,-3.3850589,0.07255245000123978,0.5809999704360962,0.7426999807357788
YGR257C,YJL081C,0,-3.3850884,0.07254339009523392,0.5809999704360962,0.7427999973297119
YOL008W,YMR308C,0,-3.3852868,0.07253433018922806,0.5809999704360962,0.742900013923645
YOL111C,YDR051C,0,-3.3853948,0.0725252777338028,0.5809999704360962,0.7429999709129333
YKL140W,YPL031C,0,-3.385645,0.07251622527837753,0.5809999704360962,0.7430999875068665
YDR330W,YMR161W,1,-3.3859718,0.07263197004795074,0.5820000171661377,0.7430999875068665
YHR005C-A,YPL151C,0,-3.3861055,0.07262291014194489,0.5820000171661377,0.7432000041007996
YHR166C,YMR184W,1,-3.3862896,0.07273861765861511,0.5830000042915344,0.7432000041007996
YNL044W,YBL064C,0,-3.3863401,0.07272954285144806,0.5830000042915344,0.7433000206947327
YDL064W,YKL046C,0,-3.3865175,0.072720468044281,0.5830000042915344,0.743399977684021
YBR275C,YLL042C,0,-3.386527,0.07271140068769455,0.5830000042915344,0.7434999942779541
YJL087C,YNL188W,0,-3.3865495,0.0727023333311081,0.5830000042915344,0.7436000108718872
YJL210W,YLR204W,0,-3.3865933,0.07269326597452164,0.5830000042915344,0.7437000274658203
YBR298C,YNL264C,0,-3.3866005,0.07268420606851578,0.5830000042915344,0.7437999844551086
YBR280C,YOL013C,1,-3.3866086,0.07279980182647705,0.5839999914169312,0.7437999844551086
YNL300W,YPR125W,0,-3.3867404,0.07279072701931,0.5839999914169312,0.7439000010490417
YOR187W,YER126C,0,-3.386763,0.07278165221214294,0.5839999914169312,0.7440000176429749
YKR046C,YGL019W,0,-3.3869705,0.07277258485555649,0.5839999914169312,0.7440999746322632
YDR530C,YOR351C,0,-3.3874211,0.07276351749897003,0.5839999914169312,0.7441999912261963
YHR041C,YKL161C,0,-3.3875108,0.07275445014238358,0.5839999914169312,0.7443000078201294
YOL139C,YIL085C,0,-3.3875656,0.07274539023637772,0.5839999914169312,0.7444000244140625
YNL096C,YGL180W,0,-3.3878224,0.07273633033037186,0.5839999914169312,0.7444999814033508
YOR347C,YKR044W,0,-3.388163,0.072727270424366,0.5839999914169312,0.7445999979972839
YLR119W,YDL008W,1,-3.388412,0.07284273207187653,0.5849999785423279,0.7445999979972839
YHR207C,YOR313C,0,-3.3884206,0.07283366471529007,0.5849999785423279,0.744700014591217
YKR087C,YMR276W,1,-3.3884706,0.07294908165931702,0.5860000252723694,0.744700014591217
YMR306W,YGL031C,0,-3.3886342,0.07294000685214996,0.5860000252723694,0.7447999715805054
YLR176C,YPR171W,0,-3.3889492,0.07293092459440231,0.5860000252723694,0.7448999881744385
YLR016C,YGL257C,0,-3.3890665,0.07292184978723526,0.5860000252723694,0.7450000047683716
YBR082C,YBL084C,1,-3.3890824,0.07303719967603683,0.5870000123977661,0.7450000047683716
YOR122C,YKR059W,0,-3.389101,0.07302811741828918,0.5870000123977661,0.7451000213623047
YMR251W-A,YGR121C,0,-3.3891194,0.07301903516054153,0.5870000123977661,0.745199978351593
YDL137W,YDR346C,0,-3.3892314,0.07300995290279388,0.5870000123977661,0.7452999949455261
YBL057C,YGL227W,1,-3.3893688,0.07312523573637009,0.5879999995231628,0.7452999949455261
YDR310C,YDR206W,0,-3.3893857,0.07311613857746124,0.5879999995231628,0.7454000115394592
YAL033W,YDR411C,0,-3.389394,0.073107048869133,0.5879999995231628,0.7455000281333923
YJR044C,YLR069C,0,-3.3894517,0.07309795916080475,0.5879999995231628,0.7455999851226807
YJL073W,YDR118W,1,-3.3898106,0.07321317493915558,0.5889999866485596,0.7455999851226807
YLR209C,YNL084C,0,-3.3903122,0.07320407778024673,0.5889999866485596,0.7457000017166138
YGR278W,YMR240C,0,-3.3908114,0.07319498062133789,0.5889999866485596,0.7458000183105469
YDR383C,YBL020W,0,-3.3908808,0.07318588346242905,0.5889999866485596,0.7458999752998352
YBL052C,YER164W,0,-3.3912468,0.0731767937541008,0.5889999866485596,0.7459999918937683
YGL212W,YOL151W,0,-3.3913574,0.07316770404577255,0.5889999866485596,0.7461000084877014
YHR027C,YOR256C,1,-3.3914704,0.07328282296657562,0.5899999737739563,0.7461000084877014
YLR405W,YER029C,0,-3.3915727,0.07327371835708618,0.5899999737739563,0.7462000250816345
YPL232W,YPL226W,0,-3.3916655,0.07326462119817734,0.5899999737739563,0.7462999820709229
YBR068C,YJL074C,0,-3.391899,0.0732555240392685,0.5899999737739563,0.746399998664856
YKL156W,YDR405W,0,-3.391921,0.07324643433094025,0.5899999737739563,0.7465000152587891
YDR379W,YER174C,0,-3.3920074,0.0732373371720314,0.5899999737739563,0.7465999722480774
YNL032W,YDL188C,0,-3.3923023,0.07322824746370316,0.5899999737739563,0.7466999888420105
YDR128W,YML124C,0,-3.3926837,0.07321915775537491,0.5899999737739563,0.7468000054359436
YOL125W,YLR356W,0,-3.3927724,0.07321007549762726,0.5899999737739563,0.7469000220298767
YKR066C,YAL062W,0,-3.3928983,0.07320099323987961,0.5899999737739563,0.746999979019165
YPR018W,YKR037C,0,-3.3929737,0.07319191098213196,0.5899999737739563,0.7470999956130981
YOL129W,YDR489W,0,-3.3933678,0.0731828361749649,0.5899999737739563,0.7472000122070312
YKR039W,YIL039W,0,-3.394,0.07317375391721725,0.5899999737739563,0.7473000288009644
YHL007C,YNL080C,0,-3.3940554,0.0731646791100502,0.5899999737739563,0.7473999857902527
YGL004C,YCL052C,1,-3.3942018,0.07327960431575775,0.5910000205039978,0.7473999857902527
YIL050W,YEL069C,0,-3.3942773,0.0732705146074295,0.5910000205039978,0.7475000023841858
YOL151W,YOR080W,0,-3.3943233,0.07326143234968185,0.5910000205039978,0.7476000189781189
YPL110C,YOL006C,0,-3.394518,0.0732523575425148,0.5910000205039978,0.7476999759674072
YLR103C,YDR378C,0,-3.3948112,0.07324327528476715,0.5910000205039978,0.7477999925613403
YGR209C,YOL120C,0,-3.39496,0.0732342004776001,0.5910000205039978,0.7479000091552734
YAL023C,YNR008W,0,-3.39501,0.07322512567043304,0.5910000205039978,0.7480000257492065
YDR329C,YGR140W,0,-3.395111,0.07321605831384659,0.5910000205039978,0.7480999827384949
YBR048W,YEL038W,0,-3.3951862,0.07320698350667953,0.5910000205039978,0.748199999332428
YMR217W,YML129C,0,-3.3960452,0.07319791615009308,0.5910000205039978,0.7483000159263611
YOL007C,YBR097W,0,-3.3961172,0.07318885624408722,0.5910000205039978,0.7483999729156494
YMR228W,YER087C-B,0,-3.3961694,0.07317978888750076,0.5910000205039978,0.7484999895095825
YPL217C,YBR103W,0,-3.3962102,0.0731707289814949,0.5910000205039978,0.7486000061035156
YER021W,YDR118W,1,-3.3967848,0.07328546792268753,0.5920000076293945,0.7486000061035156
YOR080W,YLR121C,0,-3.396825,0.07327639311552048,0.5920000076293945,0.7487000226974487
YNL172W,YMR119W,1,-3.396972,0.07339108735322952,0.5929999947547913,0.7487000226974487
YHR153C,YIL020C,0,-3.397036,0.07338200509548187,0.5929999947547913,0.7487999796867371
YKL092C,YJL100W,0,-3.3970876,0.07337293028831482,0.5929999947547913,0.7488999962806702
YER019W,YPL237W,0,-3.3970957,0.07336384803056717,0.5929999947547913,0.7490000128746033
YOL105C,YLR246W,0,-3.397315,0.07335477322340012,0.5929999947547913,0.7491000294685364
YDR536W,YLR319C,0,-3.3974128,0.07334569841623306,0.5929999947547913,0.7491999864578247
YPL050C,YDR172W,0,-3.3977056,0.0733366310596466,0.5929999947547913,0.7493000030517578
YKL146W,YNL162W,0,-3.3977206,0.07332756370306015,0.5929999947547913,0.7494000196456909
YBR260C,YOR047C,0,-3.3977227,0.0733184963464737,0.5929999947547913,0.7494999766349792
YPL096W,YOR256C,1,-3.398016,0.073433056473732,0.593999981880188,0.7494999766349792
YER021W,YMR119W,1,-3.3981614,0.07354758679866791,0.5950000286102295,0.7494999766349792
YDR050C,YMR208W,0,-3.3982842,0.07353849709033966,0.5950000286102295,0.7495999932289124
YPR156C,YJL074C,0,-3.3984206,0.07352941483259201,0.5950000286102295,0.7497000098228455
YMR251W-A,YDR155C,0,-3.3984613,0.07352032512426376,0.5950000286102295,0.7498000264167786
YOR061W,YBR195C,0,-3.398512,0.07351124286651611,0.5950000286102295,0.7498999834060669
YIR006C,YNR047W,0,-3.3986666,0.07350216060876846,0.5950000286102295,0.75
YBR019C,YJR113C,0,-3.398724,0.07349308580160141,0.5950000286102295,0.7501000165939331
YNL256W,YIL073C,0,-3.3989773,0.07348400354385376,0.5950000286102295,0.7501999735832214
YPL087W,YGR218W,0,-3.3990011,0.0734749287366867,0.5950000286102295,0.7502999901771545
YPL091W,YER019C-A,0,-3.3991027,0.07346586138010025,0.5950000286102295,0.7504000067710876
YNR060W,YDR050C,0,-3.3991647,0.0734567865729332,0.5950000286102295,0.7505000233650208
YHR166C,YBL057C,1,-3.399248,0.07357116043567657,0.5960000157356262,0.7505000233650208
YIL109C,YDR346C,0,-3.3993154,0.07356208562850952,0.5960000157356262,0.7505999803543091
YNR026C,YMR077C,1,-3.3998053,0.07367641478776932,0.597000002861023,0.7505999803543091
YPL053C,YGR255C,0,-3.400137,0.07366732507944107,0.597000002861023,0.7506999969482422
YGL133W,YPL237W,0,-3.4004762,0.07365823537111282,0.597000002861023,0.7508000135421753
YMR278W,YFL018C,0,-3.4005227,0.07364914566278458,0.597000002861023,0.7508999705314636
YPL046C,YLR274W,0,-3.4005556,0.07364006340503693,0.597000002861023,0.7509999871253967
YDL216C,YPL160W,0,-3.4006164,0.07363098114728928,0.597000002861023,0.7511000037193298
YHR156C,YPR140W,0,-3.4008303,0.07362189888954163,0.597000002861023,0.7512000203132629
YOR010C,YGL210W,0,-3.4012063,0.07361282408237457,0.597000002861023,0.7512999773025513
YJL073W,YBR201W,1,-3.4012601,0.07372703403234482,0.5979999899864197,0.7512999773025513
YNL107W,YDL214C,0,-3.4012609,0.07371795177459717,0.5979999899864197,0.7513999938964844
YCR093W,YNL279W,0,-3.4012666,0.07370886206626892,0.5979999899864197,0.7515000104904175
YKL067W,YPL033C,0,-3.401476,0.07369977980852127,0.5979999899864197,0.7516000270843506
YKR056W,YCL034W,0,-3.4015403,0.07369069755077362,0.5979999899864197,0.7516999840736389
YDL033C,YOR202W,0,-3.401607,0.07368161529302597,0.5979999899864197,0.751800000667572
YOL054W,YPR201W,0,-3.4020185,0.07367254048585892,0.5979999899864197,0.7519000172615051
YER133W,YMR289W,0,-3.40208,0.07366346567869186,0.5979999899864197,0.7519999742507935
YDR142C,YKL020C,0,-3.4021907,0.07365439087152481,0.5979999899864197,0.7520999908447266
YBR070C,YLR431C,0,-3.4024184,0.07364532351493835,0.5979999899864197,0.7522000074386597
YDL190C,YMR184W,1,-3.4025965,0.07375939190387726,0.5989999771118164,0.7522000074386597
YMR264W,YHR043C,1,-3.4026222,0.07387343049049377,0.6000000238418579,0.7522000074386597
YKL160W,YMR163C,0,-3.4026875,0.07386433333158493,0.6000000238418579,0.7523000240325928
YNR026C,YGL048C,1,-3.4028847,0.07397833466529846,0.6010000109672546,0.7523000240325928
YGR281W,YIL041W,0,-3.402942,0.07396923005580902,0.6010000109672546,0.7523999810218811
YGR163W,YDR050C,0,-3.403418,0.07396012544631958,0.6010000109672546,0.7524999976158142
YGL004C,YLR119W,1,-3.4039562,0.07407407462596893,0.6019999980926514,0.7524999976158142
YER101C,YGR096W,0,-3.404227,0.0740649625658989,0.6019999980926514,0.7526000142097473
YGL150C,YOR312C,0,-3.4044688,0.07405585050582886,0.6019999980926514,0.7526999711990356
YMR211W,YMR236W,0,-3.4046488,0.07404673844575882,0.6019999980926514,0.7527999877929688
YNL159C,YDL190C,1,-3.4046514,0.0741606205701828,0.6029999852180481,0.7527999877929688
YGR198W,YPL231W,0,-3.4047596,0.07415150105953217,0.6029999852180481,0.7529000043869019
YJL008C,YJL108C,0,-3.4049017,0.07414238154888153,0.6029999852180481,0.753000020980835
YKL095W,YLL051C,0,-3.404981,0.07413326948881149,0.6029999852180481,0.7530999779701233
YLR304C,YDR529C,0,-3.405118,0.07412415742874146,0.6029999852180481,0.7531999945640564
YOR098C,YMR282C,0,-3.4052153,0.07411504536867142,0.6029999852180481,0.7533000111579895
YLR022C,YOR150W,0,-3.4058566,0.07410593330860138,0.6029999852180481,0.7534000277519226
YGL213C,YKL073W,0,-3.405957,0.07409682869911194,0.6029999852180481,0.7534999847412109
YOL001W,YDR237W,0,-3.4060462,0.0740877240896225,0.6029999852180481,0.753600001335144
YBL019W,YMR204C,0,-3.4060535,0.07407862693071365,0.6029999852180481,0.7537000179290771
YMR309C,YDR206W,0,-3.4060895,0.07406952232122421,0.6029999852180481,0.7537999749183655
YLR212C,YFL013C,0,-3.4061284,0.07406042516231537,0.6029999852180481,0.7538999915122986
YEL063C,YCL032W,0,-3.4063396,0.07405133545398712,0.6029999852180481,0.7540000081062317
YGR192C,YMR193W,0,-3.4065137,0.07404223829507828,0.6029999852180481,0.7541000247001648
YMR293C,YER095W,0,-3.4065526,0.07403314858675003,0.6029999852180481,0.7541999816894531
YJR143C,YPR021C,0,-3.4066963,0.07402405887842178,0.6029999852180481,0.7542999982833862
YLR127C,YFR052W,1,-3.4067483,0.07413771748542786,0.6039999723434448,0.7542999982833862
YDL043C,YLR226W,0,-3.406867,0.07412862032651901,0.6039999723434448,0.7544000148773193
YBR105C,YNL265C,0,-3.4069386,0.07411952316761017,0.6039999723434448,0.7544999718666077
YGL241W,YKL086W,0,-3.4069695,0.07411042600870132,0.6039999723434448,0.7545999884605408
YLR237W,YDR481C,0,-3.4074092,0.07410133630037308,0.6039999723434448,0.7547000050544739
YBR201W,YDL190C,1,-3.4075499,0.07421491295099258,0.6050000190734863,0.7547000050544739
YOL093W,YBR215W,0,-3.4077537,0.07420581579208374,0.6050000190734863,0.754800021648407
YNL310C,YBR176W,0,-3.407931,0.0741967111825943,0.6050000190734863,0.7548999786376953
YML077W,YPL148C,0,-3.4087818,0.07418761402368546,0.6050000190734863,0.7549999952316284
YJL047C,YJR090C,1,-3.4089408,0.07430113106966019,0.6060000061988831,0.7549999952316284
YDR400W,YIR025W,1,-3.4089599,0.07441461086273193,0.6069999933242798,0.7549999952316284
YPR065W,YLR026C,0,-3.4091363,0.0744054913520813,0.6069999933242798,0.7551000118255615
YBR280C,YMR077C,1,-3.4091527,0.07451893389225006,0.6079999804496765,0.7551000118255615
YJL148W,YNL224C,0,-3.4092562,0.07450980693101883,0.6079999804496765,0.7552000284194946
YIL093C,YOR076C,0,-3.409326,0.074500672519207,0.6079999804496765,0.755299985408783
YDR233C,YLR204W,0,-3.409492,0.07449154555797577,0.6079999804496765,0.7554000020027161
YLL033W,YBR287W,0,-3.4095438,0.07448241859674454,0.6079999804496765,0.7555000185966492
YKR046C,YNL245C,0,-3.4096677,0.0744732990860939,0.6079999804496765,0.7555999755859375
YDR393W,YIL121W,0,-3.409759,0.07446417957544327,0.6079999804496765,0.7556999921798706
YNL311C,YML088W,1,-3.409813,0.07457751780748367,0.609000027179718,0.7556999921798706
YLR035C,YLR316C,0,-3.4099448,0.07456838339567184,0.609000027179718,0.7558000087738037
YML025C,YJR110W,0,-3.4099834,0.07455925643444061,0.609000027179718,0.7559000253677368
YML069W,YPR052C,0,-3.410266,0.07455012947320938,0.609000027179718,0.7559999823570251
YDR117C,YOR007C,0,-3.4103491,0.07454100251197815,0.609000027179718,0.7560999989509583
YJR113C,YDR501W,0,-3.4103923,0.07453188300132751,0.609000027179718,0.7562000155448914
YML115C,YFL037W,0,-3.4107013,0.07452276349067688,0.609000027179718,0.7562999725341797
YLR071C,YDR236C,0,-3.4109178,0.07451364398002625,0.609000027179718,0.7563999891281128
YHL032C,YIR009W,0,-3.410966,0.07450452446937561,0.609000027179718,0.7565000057220459
YFR028C,YML077W,0,-3.4115398,0.07449541240930557,0.609000027179718,0.756600022315979
YDL006W,YML099C,0,-3.4117413,0.07448630034923553,0.609000027179718,0.7566999793052673
YDR219C,YDL008W,1,-3.4119473,0.074599489569664,0.6100000143051147,0.7566999793052673
YJL082W,YKL144C,0,-3.412034,0.07459036260843277,0.6100000143051147,0.7567999958992004
YDR180W,YDL004W,0,-3.412219,0.07458124309778214,0.6100000143051147,0.7569000124931335
YLL027W,YER119C,0,-3.4122653,0.0745721235871315,0.6100000143051147,0.7570000290870667
YLR233C,YOR099W,0,-3.4123232,0.07456301152706146,0.6100000143051147,0.757099986076355
YEL059C-A,YDR421W,0,-3.4126198,0.07455389946699142,0.6100000143051147,0.7572000026702881
YDR293C,YDR404C,0,-3.4127421,0.07454478740692139,0.6100000143051147,0.7573000192642212
YCL052C,YFR052W,1,-3.412853,0.0746578723192215,0.6110000014305115,0.7573000192642212
YPL016W,YGL141W,0,-3.4128928,0.07464874535799026,0.6110000014305115,0.7573999762535095
YGR013W,YDR225W,0,-3.4132257,0.07463962584733963,0.6110000014305115,0.7574999928474426
YDR074W,YML036W,0,-3.4133272,0.07463051378726959,0.6110000014305115,0.7576000094413757
YNL257C,YKL065C,0,-3.413456,0.07462139427661896,0.6110000014305115,0.7577000260353088
YPL084W,YOL013C,1,-3.4137292,0.0747343972325325,0.6119999885559082,0.7577000260353088
YGL187C,YOR210W,0,-3.4140213,0.07472527772188187,0.6119999885559082,0.7577999830245972
YOR005C,YJR022W,0,-3.4140575,0.07471615076065063,0.6119999885559082,0.7578999996185303
YHL034C,YDR364C,0,-3.4143448,0.07470703125,0.6119999885559082,0.7580000162124634
YNL005C,YLR191W,0,-3.4145007,0.07469791173934937,0.6119999885559082,0.7580999732017517
YDR362C,YLR121C,0,-3.4145932,0.07468879967927933,0.6119999885559082,0.7581999897956848
YGR140W,YLR453C,0,-3.4145982,0.07467968016862869,0.6119999885559082,0.7583000063896179
YPL227C,YOR290C,0,-3.4146838,0.07467056810855865,0.6119999885559082,0.758400022983551
YJR127C,YGL047W,0,-3.4147363,0.07466146349906921,0.6119999885559082,0.7584999799728394
YGR261C,YGR077C,0,-3.4148276,0.07465235143899918,0.6119999885559082,0.7585999965667725
YAR014C,YDR077W,0,-3.4148626,0.07464324682950974,0.6119999885559082,0.7587000131607056
YPR132W,YNL135C,0,-3.4152517,0.07463414967060089,0.6119999885559082,0.7588000297546387
YDL122W,YHR086W,0,-3.4152675,0.07462504506111145,0.6119999885559082,0.758899986743927
YHR085W,YGR276C,0,-3.4158943,0.0746159479022026,0.6119999885559082,0.7590000033378601
YBR018C,YJL002C,0,-3.4159222,0.07460685074329376,0.6119999885559082,0.7591000199317932
YBR278W,YCL010C,0,-3.4160938,0.07459775358438492,0.6119999885559082,0.7591999769210815
YPL008W,YLR304C,0,-3.4162283,0.07458866387605667,0.6119999885559082,0.7592999935150146
YKR002W,YLR453C,0,-3.4164648,0.07457957416772842,0.6119999885559082,0.7594000101089478
YHR007C,YFR029W,0,-3.4171,0.07457049190998077,0.6119999885559082,0.7595000267028809
YAL047C,YFL018C,0,-3.4171011,0.07456140220165253,0.6119999885559082,0.7595999836921692
YGR013W,YOR140W,0,-3.4171548,0.07455231994390488,0.6119999885559082,0.7597000002861023
YDL007W,YGL048C,1,-3.4172955,0.07466503977775574,0.6129999756813049,0.7597000002861023
YNR026C,YKL041W,1,-3.4174442,0.07477773725986481,0.6140000224113464,0.7597000002861023
YLR033W,YPL057C,0,-3.4176488,0.07476863265037537,0.6140000224113464,0.7598000168800354
YJR126C,YLR024C,0,-3.4180028,0.07475952804088593,0.6140000224113464,0.7598999738693237
YMR121C,YOL110W,0,-3.4185245,0.07475042343139648,0.6140000224113464,0.7599999904632568
YER161C,YLR246W,0,-3.4191155,0.07474132627248764,0.6140000224113464,0.7601000070571899
YHR200W,YMR161W,1,-3.4192975,0.07485394179821014,0.6150000095367432,0.7601000070571899
YGR036C,YKL203C,0,-3.4193435,0.0748448371887207,0.6150000095367432,0.760200023651123
YML115C,YIL020C,0,-3.4194036,0.07483572512865067,0.6150000095367432,0.7602999806404114
YOR371C,YPR005C,0,-3.419487,0.07482662051916122,0.6150000095367432,0.7603999972343445
YJR055W,YDR116C,0,-3.419681,0.07481751590967178,0.6150000095367432,0.7605000138282776
YGL011C,YJL048C,1,-3.419733,0.07493005692958832,0.6159999966621399,0.7605000138282776
YPL111W,YER095W,0,-3.4197626,0.07492094486951828,0.6159999966621399,0.7605999708175659
YJL034W,YNL159C,1,-3.4197726,0.07503344118595123,0.6169999837875366,0.7605999708175659
YDL010W,YMR054W,0,-3.4198704,0.0750243216753006,0.6169999837875366,0.760699987411499
YPR132W,YDR236C,0,-3.41996,0.07501519471406937,0.6169999837875366,0.7608000040054321
YPR138C,YMR227C,0,-3.4199967,0.07500607520341873,0.6169999837875366,0.7609000205993652
YCR004C,YPR072W,0,-3.4200087,0.0749969631433487,0.6169999837875366,0.7609999775886536
YGR155W,YDR532C,0,-3.4201045,0.07498784363269806,0.6169999837875366,0.7610999941825867
YHR091C,YDR103W,0,-3.4201174,0.07497873157262802,0.6169999837875366,0.7612000107765198
YOL089C,YOR209C,0,-3.4204001,0.07496962696313858,0.6169999837875366,0.7613000273704529
YOL038W,YDR260C,1,-3.4205568,0.07508200407028198,0.6179999709129333,0.7613000273704529
YMR080C,YDR085C,0,-3.4207506,0.07507288455963135,0.6179999709129333,0.7613999843597412
YML043C,YJR065C,0,-3.4210484,0.07506376504898071,0.6179999709129333,0.7615000009536743
YKL004W,YJL210W,0,-3.4212084,0.07505465298891068,0.6179999709129333,0.7616000175476074
YPR061C,YOL148C,0,-3.421391,0.07504554092884064,0.6179999709129333,0.7616999745368958
YBL089W,YML028W,0,-3.4215145,0.0750364288687706,0.6179999709129333,0.7617999911308289
YMR116C,YOL117W,0,-3.421576,0.07502731680870056,0.6179999709129333,0.761900007724762
YJL044C,YER144C,0,-3.4217992,0.07501820474863052,0.6179999709129333,0.7620000243186951
YKL210W,YGR234W,0,-3.4219193,0.07500910013914108,0.6179999709129333,0.7620999813079834
YLL036C,YIL017C,1,-3.4226375,0.07512135803699493,0.6190000176429749,0.7620999813079834
YPR137W,YJR093C,0,-3.422696,0.0751122459769249,0.6190000176429749,0.7621999979019165
YLR206W,YBR135W,0,-3.4227102,0.07510313391685486,0.6190000176429749,0.7623000144958496
YDL202W,YOR159C,0,-3.423491,0.07509402185678482,0.6190000176429749,0.7623999714851379
YNL325C,YKL112W,0,-3.4236164,0.07508490979671478,0.6190000176429749,0.762499988079071
YNR039C,YPR111W,0,-3.423718,0.07507580518722534,0.6190000176429749,0.7626000046730042
YLR127C,YPL065W,1,-3.4241157,0.07518796622753143,0.6200000047683716,0.7626000046730042
YDR429C,YML026C,0,-3.4242368,0.0751788541674614,0.6200000047683716,0.7627000212669373
YKL101W,YNR011C,0,-3.424308,0.07516973465681076,0.6200000047683716,0.7627999782562256
YDR507C,YML109W,0,-3.424655,0.07516062259674072,0.6200000047683716,0.7628999948501587
YKR087C,YML029W,1,-3.4246593,0.07527272403240204,0.6209999918937683,0.7628999948501587
YDR139C,YGL181W,0,-3.424872,0.0752636045217514,0.6209999918937683,0.7630000114440918
YLR170C,YGR200C,0,-3.4249833,0.07525448501110077,0.6209999918937683,0.7631000280380249
YKL018W,YLR274W,0,-3.4250324,0.07524536550045013,0.6209999918937683,0.7631999850273132
YNL106C,YPR111W,0,-3.4251375,0.0752362459897995,0.6209999918937683,0.7633000016212463
YDR392W,YNL083W,0,-3.425156,0.07522713392972946,0.6209999918937683,0.7634000182151794
YPL050C,YIL135C,0,-3.4252315,0.07521802186965942,0.6209999918937683,0.7634999752044678
YGL059W,YLR020C,0,-3.425301,0.07520891726016998,0.6209999918937683,0.7635999917984009
YOR014W,YDR449C,0,-3.425345,0.07519980520009995,0.6209999918937683,0.763700008392334
YGL032C,YNR047W,0,-3.4256153,0.0751907005906105,0.6209999918937683,0.7638000249862671
YKL189W,YLR373C,0,-3.4261594,0.07518159598112106,0.6209999918937683,0.7638999819755554
YNR032W,YJL097W,0,-3.4263113,0.07517249882221222,0.6209999918937683,0.7639999985694885
YDR403W,YNL080C,0,-3.4263458,0.07516340166330338,0.6209999918937683,0.7641000151634216
YMR036C,YPL237W,0,-3.4268546,0.07515430450439453,0.6209999918937683,0.76419997215271
YKR050W,YMR039C,0,-3.4270747,0.07514520734548569,0.6209999918937683,0.7642999887466431
YGL062W,YMR216C,0,-3.4272017,0.07513611763715744,0.6209999918937683,0.7644000053405762
YGR070W,YDL112W,0,-3.4273605,0.0751270279288292,0.6209999918937683,0.7645000219345093
YOR270C,YOR367W,0,-3.4277692,0.07511793822050095,0.6209999918937683,0.7645999789237976
YFR005C,YFR051C,0,-3.4279392,0.0751088559627533,0.6209999918937683,0.7646999955177307
YDL059C,YNL238W,0,-3.4279838,0.07509977370500565,0.6209999918937683,0.7648000121116638
YGL013C,YOL149W,0,-3.42809,0.075090691447258,0.6209999918937683,0.7649000287055969
YDR443C,YLR450W,0,-3.4282315,0.07508160918951035,0.6209999918937683,0.7649999856948853
YDL045C,YLR051C,0,-3.4283762,0.07507253438234329,0.6209999918937683,0.7651000022888184
YOR176W,YLR287C-A,0,-3.4284062,0.07506345957517624,0.6209999918937683,0.7652000188827515
YPR101W,YEL062W,0,-3.4284296,0.07505438476800919,0.6209999918937683,0.7652999758720398
YMR070W,YKR037C,0,-3.428475,0.07504531741142273,0.6209999918937683,0.7653999924659729
YHR085W,YHR121W,0,-3.4285107,0.07503625005483627,0.6209999918937683,0.765500009059906
YPL096W,YPR181C,1,-3.4288378,0.07514800131320953,0.621999979019165,0.765500009059906
YNR056C,YCL055W,0,-3.4291153,0.07513891905546188,0.621999979019165,0.7656000256538391
YMR128W,YNL091W,0,-3.4292808,0.07512984424829483,0.621999979019165,0.7656999826431274
YOL108C,YGR091W,0,-3.4293032,0.07512076944112778,0.621999979019165,0.7657999992370605
YCR004C,YDR440W,0,-3.4293628,0.07511170208454132,0.621999979019165,0.7659000158309937
YJR044C,YDR156W,0,-3.4296594,0.07510263472795486,0.621999979019165,0.765999972820282
YBR161W,YHR011W,0,-3.429917,0.07509356737136841,0.621999979019165,0.7660999894142151
YMR199W,YGR006W,0,-3.4299922,0.07508450001478195,0.621999979019165,0.7662000060081482
YOL125W,YBL085W,0,-3.4300113,0.07507544010877609,0.621999979019165,0.7663000226020813
YLR439W,YOR074C,0,-3.4301944,0.07506638020277023,0.621999979019165,0.7663999795913696
YKR069W,YNR023W,0,-3.4303265,0.07505732029676437,0.621999979019165,0.7664999961853027
YKR028W,YGR284C,0,-3.4307492,0.07504826039075851,0.621999979019165,0.7666000127792358
YKL189W,YNL315C,0,-3.4307995,0.07503920793533325,0.621999979019165,0.766700029373169
YLR344W,YKL085W,0,-3.431018,0.07503015547990799,0.621999979019165,0.7667999863624573
YHR176W,YNL325C,0,-3.431219,0.07502111047506332,0.621999979019165,0.7669000029563904
YKL020C,YJL154C,0,-3.431412,0.07501205801963806,0.621999979019165,0.7670000195503235
YDR194C,YLR090W,0,-3.4315302,0.0750030130147934,0.621999979019165,0.7670999765396118
YLR120C,YBL061C,0,-3.4315703,0.07499396800994873,0.621999979019165,0.7671999931335449
YLR113W,YLL003W,0,-3.4319894,0.07498493045568466,0.621999979019165,0.767300009727478
YMR173W,YLR395C,0,-3.4326859,0.0749758929014206,0.621999979019165,0.7674000263214111
YLR291C,YLR166C,0,-3.4327211,0.07496685534715652,0.621999979019165,0.7674999833106995
YKL161C,YPL074W,0,-3.4327822,0.07495781779289246,0.621999979019165,0.7675999999046326
YKL198C,YDL127W,0,-3.4328084,0.07494878768920898,0.621999979019165,0.7677000164985657
YJL073W,YBL057C,1,-3.432887,0.07506024092435837,0.6230000257492065,0.7677000164985657
YPL273W,YML010W,0,-3.4330602,0.0750511959195137,0.6230000257492065,0.767799973487854
YHR152W,YBL016W,0,-3.433354,0.07504215836524963,0.6230000257492065,0.7678999900817871
YGL212W,YKR020W,0,-3.4334607,0.07503312081098557,0.6230000257492065,0.7680000066757202
YPL214C,YNR049C,0,-3.433539,0.0750240832567215,0.6230000257492065,0.7681000232696533
YEL012W,YOR175C,0,-3.4336739,0.07501505315303802,0.6230000257492065,0.7681999802589417
YBL034C,YHR034C,0,-3.4337566,0.07500602304935455,0.6230000257492065,0.7682999968528748
YDR485C,YLR206W,0,-3.4338772,0.07499699294567108,0.6230000257492065,0.7684000134468079
YGR263C,YNL127W,0,-3.4339027,0.07498796284198761,0.6230000257492065,0.7684999704360962
YBR009C,YGL119W,0,-3.4340138,0.07497894018888474,0.6230000257492065,0.7685999870300293
YNR041C,YKL211C,0,-3.4340537,0.07496991753578186,0.6230000257492065,0.7687000036239624
YCL052C,YOR362C,1,-3.434338,0.07508121430873871,0.6240000128746033,0.7687000036239624
YOL066C,YBR257W,0,-3.4347851,0.07507218420505524,0.6240000128746033,0.7688000202178955
YDR174W,YKL086W,0,-3.4349504,0.07506315410137177,0.6240000128746033,0.7688999772071838
YHR004C,YPR102C,0,-3.4355464,0.0750541239976883,0.6240000128746033,0.7689999938011169
YLR307W,YDR281C,0,-3.4356947,0.07504510134458542,0.6240000128746033,0.76910001039505
YGR089W,YMR168C,0,-3.435936,0.07503607869148254,0.6240000128746033,0.7692000269889832
YKR042W,YLR448W,0,-3.4360428,0.07502705603837967,0.6240000128746033,0.7692999839782715
YDR030C,YCR057C,0,-3.436108,0.0750180333852768,0.6240000128746033,0.7694000005722046
YDR142C,YBL071W-A,0,-3.436154,0.07500901818275452,0.6240000128746033,0.7695000171661377
YLR340W,YDR059C,0,-3.4362328,0.07500000298023224,0.6240000128746033,0.769599974155426
YJL047C,YDL147W,1,-3.4363556,0.07511116564273834,0.625,0.769599974155426
YLR427W,YFL023W,0,-3.4370637,0.07510213553905487,0.625,0.7696999907493591
YKL165C,YFL016C,0,-3.4370928,0.075093112885952,0.625,0.7698000073432922
YJL047C,YPL065W,1,-3.437096,0.07520423084497452,0.6259999871253967,0.7698000073432922
YHR166C,YGL048C,1,-3.437347,0.07531531900167465,0.6269999742507935,0.7698000073432922
YPR023C,YGR075C,0,-3.4378407,0.07530626654624939,0.6269999742507935,0.7699000239372253
YMR311C,YKL046C,0,-3.4380846,0.07529722899198532,0.6269999742507935,0.7699999809265137
YGR009C,YKR042W,0,-3.4383454,0.07528818398714066,0.6269999742507935,0.7700999975204468
YMR257C,YGR056W,0,-3.4383736,0.07527914643287659,0.6269999742507935,0.7702000141143799
YMR270C,YNR050C,0,-3.438651,0.07527010887861252,0.6269999742507935,0.7702999711036682
YLR028C,YIL066C,0,-3.439247,0.07526107132434845,0.6269999742507935,0.7703999876976013
YPR178W,YFR028C,0,-3.439979,0.07525204122066498,0.6269999742507935,0.7705000042915344
YBR110W,YOR067C,0,-3.4402194,0.0752430111169815,0.6269999742507935,0.7706000208854675
YJL073W,YDR069C,1,-3.4404948,0.07535397261381149,0.628000020980835,0.7706000208854675
YNL270C,YBR050C,0,-3.4415169,0.07534492760896683,0.628000020980835,0.7706999778747559
YOR216C,YIL150C,0,-3.4415588,0.07533589005470276,0.628000020980835,0.770799994468689
YOL072W,YPR029C,0,-3.4416957,0.07532685250043869,0.628000020980835,0.7709000110626221
YKR087C,YGL048C,1,-3.4420745,0.0754377543926239,0.6290000081062317,0.7709000110626221
YGL131C,YER087C-B,0,-3.442181,0.07542870938777924,0.6290000081062317,0.7710000276565552
YFR036W,YFR052W,1,-3.442563,0.07553956657648087,0.6299999952316284,0.7710000276565552
YML052W,YDR077W,0,-3.4429197,0.0755305141210556,0.6299999952316284,0.7710999846458435
YLR370C,YOR095C,0,-3.4430847,0.07552145421504974,0.6299999952316284,0.7712000012397766
YMR296C,YDL005C,0,-3.4431434,0.07551240921020508,0.6299999952316284,0.7713000178337097
YMR197C,YMR256C,0,-3.4433997,0.07550335675477982,0.6299999952316284,0.771399974822998
YHR065C,YDR206W,0,-3.4437366,0.07549430429935455,0.6299999952316284,0.7714999914169312
YBR127C,YDL226C,0,-3.4440346,0.07548525929450989,0.6299999952316284,0.7716000080108643
YOR089C,YNR011C,0,-3.4442296,0.07547622174024582,0.6299999952316284,0.7717000246047974
YNL323W,YGR241C,0,-3.4443913,0.07546717673540115,0.6299999952316284,0.7717999815940857
YER153C,YPR125W,0,-3.4444637,0.07545813918113708,0.6299999952316284,0.7718999981880188
YDR208W,YGL201C,0,-3.4451334,0.07544910162687302,0.6299999952316284,0.7720000147819519
YLR204W,YKR050W,0,-3.4455876,0.07544006407260895,0.6299999952316284,0.7720999717712402
YNL101W,YJR126C,0,-3.4462066,0.07543103396892548,0.6299999952316284,0.7721999883651733
YJL192C,YHL004W,0,-3.4463794,0.075422003865242,0.6299999952316284,0.7723000049591064
YER061C,YGR041W,0,-3.44651,0.07541297376155853,0.6299999952316284,0.7724000215530396
YDL058W,YHR152W,0,-3.4465485,0.07540395110845566,0.6299999952316284,0.7724999785423279
YHR160C,YJL121C,0,-3.44665,0.07539492845535278,0.6299999952316284,0.772599995136261
YMR184W,YDR143C,1,-3.446654,0.0755055621266365,0.6309999823570251,0.772599995136261
YDR016C,YER050C,0,-3.4468126,0.07549653202295303,0.6309999823570251,0.7727000117301941
YGL011C,YFR036W,1,-3.4469652,0.07560712844133377,0.6320000290870667,0.7727000117301941
YLL038C,YIL035C,0,-3.4471157,0.0755980834364891,0.6320000290870667,0.7728000283241272
YER141W,YNL297C,0,-3.447841,0.07558904588222504,0.6320000290870667,0.7728999853134155
YCL055W,YPR075C,0,-3.4481173,0.07558000832796097,0.6320000290870667,0.7730000019073486
YDL159W,YLR378C,0,-3.4483168,0.0755709707736969,0.6320000290870667,0.7731000185012817
YML029W,YLR097C,1,-3.4484837,0.07568149268627167,0.6330000162124634,0.7731000185012817
YPR156C,YIL021W,0,-3.44878,0.075672447681427,0.6330000162124634,0.7731999754905701
YDL190C,YDR394W,1,-3.4488616,0.07578293234109879,0.6340000033378601,0.7731999754905701
YHR115C,YJL130C,0,-3.4490995,0.07577387243509293,0.6340000033378601,0.7732999920845032
YDR424C,YMR115W,0,-3.449296,0.07576481997966766,0.6340000033378601,0.7734000086784363
YLR395C,YPL019C,0,-3.4493003,0.0757557675242424,0.6340000033378601,0.7735000252723694
YPR137W,YIL023C,0,-3.44935,0.07574671506881714,0.6340000033378601,0.7735999822616577
YJL048C,YDL147W,1,-3.4498146,0.07585712522268295,0.6349999904632568,0.7735999822616577
YCR052W,YOL062C,0,-3.4500313,0.0758480653166771,0.6349999904632568,0.7736999988555908
YGL256W,YFL031W,0,-3.4502406,0.07583900541067123,0.6349999904632568,0.7738000154495239
YJL156C,YNL231C,0,-3.4506311,0.07582995295524597,0.6349999904632568,0.7738999724388123
YOL013C,YGL017W,1,-3.4506721,0.07594029605388641,0.6359999775886536,0.7738999724388123
YPR118W,YER125W,0,-3.4506779,0.07593122869729996,0.6359999775886536,0.7739999890327454
YLR276C,YJL128C,0,-3.4506836,0.0759221687912941,0.6359999775886536,0.7741000056266785
YDR076W,YGR101W,0,-3.4513152,0.07591310888528824,0.6359999775886536,0.7742000222206116
YOR245C,YNL030W,0,-3.4513326,0.07590404897928238,0.6359999775886536,0.7742999792098999
YNR026C,YBL057C,1,-3.4515226,0.07601431757211685,0.6370000243186951,0.7742999792098999
YKL041W,YOL013C,1,-3.4515405,0.07612456381320953,0.6380000114440918,0.7742999792098999
YKL094W,YGR188C,0,-3.4518266,0.07611548900604248,0.6380000114440918,0.774399995803833
YOR014W,YLR332W,0,-3.4524796,0.07610640674829483,0.6380000114440918,0.7745000123977661
YGR199W,YMR024W,0,-3.4526403,0.07609733194112778,0.6380000114440918,0.7746000289916992
YBR019C,YIL021W,0,-3.4527087,0.07608824968338013,0.6380000114440918,0.7746999859809875
YLR440C,YJL137C,0,-3.4528096,0.07607918232679367,0.6380000114440918,0.7748000025749207
YGR281W,YOR168W,0,-3.4528294,0.07607010751962662,0.6380000114440918,0.7749000191688538
YDR479C,YDR480W,0,-3.452911,0.07606104016304016,0.6380000114440918,0.7749999761581421
YLR427W,YLR438C-A,0,-3.453465,0.0760519728064537,0.6380000114440918,0.7750999927520752
YER020W,YGL244W,0,-3.4535296,0.07604290544986725,0.6380000114440918,0.7752000093460083
YCL018W,YDR093W,0,-3.4536924,0.07603384554386139,0.6380000114440918,0.7753000259399414
YGL004C,YJL073W,1,-3.4538379,0.07614395022392273,0.6389999985694885,0.7753000259399414
YER144C,YKL112W,0,-3.45443,0.07613487541675568,0.6389999985694885,0.7753999829292297
YML060W,YMR298W,0,-3.4544413,0.07612580060958862,0.6389999985694885,0.7754999995231628
YER161C,YMR030W,0,-3.4545083,0.07611673325300217,0.6389999985694885,0.775600016117096
YHR117W,YGL245W,0,-3.4545298,0.07610767334699631,0.6389999985694885,0.7756999731063843
YDR536W,YMR216C,0,-3.4546416,0.07609860599040985,0.6389999985694885,0.7757999897003174
YKL161C,YHR065C,0,-3.4546888,0.07608954608440399,0.6389999985694885,0.7759000062942505
YDR050C,YPL259C,0,-3.4552424,0.07608048617839813,0.6389999985694885,0.7760000228881836
YDR518W,YOR028C,0,-3.455563,0.07607142627239227,0.6389999985694885,0.7760999798774719
YIL074C,YDR421W,0,-3.455793,0.07606237381696701,0.6389999985694885,0.776199996471405
YNL003C,YPL242C,0,-3.4558048,0.07605332136154175,0.6389999985694885,0.7763000130653381
YOL115W,YOR232W,0,-3.4560223,0.07604426890611649,0.6389999985694885,0.7764000296592712
YNR002C,YDR093W,0,-3.4562798,0.07603522390127182,0.6389999985694885,0.7764999866485596
YBL064C,YKR044W,0,-3.456812,0.07602617144584656,0.6389999985694885,0.7766000032424927
YBR276C,YNL264C,0,-3.4574227,0.07601713389158249,0.6389999985694885,0.7767000198364258
YDL190C,YDR118W,1,-3.4574304,0.07612703740596771,0.6399999856948853,0.7767000198364258
YNL230C,YMR150C,0,-3.45749,0.07611798495054245,0.6399999856948853,0.7767999768257141
YDR354W,YAL041W,0,-3.457551,0.07610893249511719,0.6399999856948853,0.7768999934196472
YDR443C,YGR238C,0,-3.4576037,0.07609988003969193,0.6399999856948853,0.7770000100135803
YMR319C,YCL018W,0,-3.457625,0.07609083503484726,0.6399999856948853,0.7771000266075134
YGR255C,YHR183W,0,-3.4577885,0.0760817900300026,0.6399999856948853,0.7771999835968018
YOR216C,YML051W,0,-3.4577928,0.07607274502515793,0.6399999856948853,0.7773000001907349
YOR058C,YDR240C,0,-3.4581292,0.07606370002031326,0.6399999856948853,0.777400016784668
YKL186C,YFL031W,0,-3.4582767,0.0760546624660492,0.6399999856948853,0.7774999737739563
YKR026C,YBR004C,0,-3.4582791,0.07604562491178513,0.6399999856948853,0.7775999903678894
YLR381W,YOR265W,0,-3.4583235,0.07603659480810165,0.6399999856948853,0.7777000069618225
YEL015W,YDR313C,0,-3.4583478,0.07602755725383759,0.6399999856948853,0.7778000235557556
YKR087C,YPL002C,1,-3.458425,0.07613731175661087,0.640999972820282,0.7778000235557556
YNL087W,YIL157C,0,-3.458496,0.0761282667517662,0.640999972820282,0.777899980545044
YGL201C,YJR134C,0,-3.4584994,0.07611922919750214,0.640999972820282,0.777999997138977
YOR353C,YNL224C,0,-3.4585981,0.07611018419265747,0.640999972820282,0.7781000137329102
YGL125W,YER133W,0,-3.4588153,0.076101154088974,0.640999972820282,0.7781999707221985
YLR027C,YMR285C,0,-3.458857,0.07609211653470993,0.640999972820282,0.7782999873161316
YER073W,YNR036C,0,-3.459071,0.07608308643102646,0.640999972820282,0.7784000039100647
YDR099W,YIL135C,0,-3.4591215,0.07607405632734299,0.640999972820282,0.7785000205039978
YAR035W,YFR013W,0,-3.4591374,0.07606502622365952,0.640999972820282,0.7785999774932861
YLR266C,YPL101W,0,-3.4593518,0.07605600357055664,0.640999972820282,0.7786999940872192
YLR359W,YOR020C,0,-3.4593592,0.07604698091745377,0.640999972820282,0.7788000106811523
YMR089C,YOR035C,0,-3.459591,0.07603795826435089,0.640999972820282,0.7789000272750854
YIR009W,YKL113C,0,-3.4596963,0.07602894306182861,0.640999972820282,0.7789999842643738
YKL009W,YGL245W,0,-3.4597425,0.07601992040872574,0.640999972820282,0.7791000008583069
YDL051W,YLR096W,0,-3.4598234,0.07601091265678406,0.640999972820282,0.77920001745224
YBR179C,YPR183W,0,-3.4598324,0.07600189745426178,0.640999972820282,0.7792999744415283
YPL078C,YFL033C,0,-3.4599986,0.0759928897023201,0.640999972820282,0.7793999910354614
YOR174W,YDL210W,0,-3.4600663,0.07598388195037842,0.640999972820282,0.7795000076293945
YMR267W,YDL197C,0,-3.4600873,0.07597487419843674,0.640999972820282,0.7796000242233276
YAL020C,YOR007C,0,-3.4610152,0.07596586644649506,0.640999972820282,0.779699981212616
YKL157W,YOR279C,0,-3.4614038,0.07595686614513397,0.640999972820282,0.7797999978065491
YOR037W,YLL013C,0,-3.4617581,0.07594786584377289,0.640999972820282,0.7799000144004822
YGR118W,YAL062W,0,-3.461872,0.0759388729929924,0.640999972820282,0.7799999713897705
YEL052W,YPL259C,0,-3.4619288,0.07592987269163132,0.640999972820282,0.7800999879837036
YCL052C,YDR394W,1,-3.4619598,0.07603932172060013,0.6420000195503235,0.7800999879837036
YEL062W,YML065W,0,-3.4621186,0.07603031396865845,0.6420000195503235,0.7802000045776367
YGR134W,YER019W,0,-3.4621322,0.07602131366729736,0.6420000195503235,0.7803000211715698
YLR127C,YPL002C,1,-3.462731,0.076130710542202,0.6430000066757202,0.7803000211715698
YMR043W,YGL234W,0,-3.462767,0.07612170279026031,0.6430000066757202,0.7803999781608582
YOL133W,YDL147W,1,-3.4629126,0.07623106241226196,0.6439999938011169,0.7803999781608582
YGR123C,YDR155C,0,-3.4630802,0.07622203975915909,0.6439999938011169,0.7804999947547913
YNL323W,YLR314C,0,-3.4640021,0.07621301710605621,0.6439999938011169,0.7806000113487244
YMR289W,YGR229C,0,-3.4643555,0.07620400190353394,0.6439999938011169,0.7807000279426575
YBL090W,YGL128C,0,-3.4644353,0.07619498670101166,0.6439999938011169,0.7807999849319458
YDR400W,YKL206C,1,-3.464437,0.07630427181720734,0.6449999809265137,0.7807999849319458
YHR007C,YNL268W,0,-3.464754,0.07629524171352386,0.6449999809265137,0.7809000015258789
YDR519W,YLR305C,0,-3.4648998,0.07628621906042099,0.6449999809265137,0.781000018119812
YJL065C,YBR274W,0,-3.4654412,0.07627719640731812,0.6449999809265137,0.7810999751091003
YFL002C,YBR222C,0,-3.4655075,0.07626818120479584,0.6449999809265137,0.7811999917030334
YOR265W,YLR298C,0,-3.4655201,0.07625916600227356,0.6449999809265137,0.7813000082969666
YMR264W,YMR067C,1,-3.4656472,0.07636836171150208,0.6460000276565552,0.7813000082969666
YKL161C,YDR390C,0,-3.4657881,0.0763593390583992,0.6460000276565552,0.7814000248908997
YLR080W,YIL072W,0,-3.4661136,0.07635031640529633,0.6460000276565552,0.781499981880188
YML125C,YOL034W,0,-3.4661317,0.07634129375219345,0.6460000276565552,0.7815999984741211
YCR096C,YER052C,0,-3.4661431,0.07633227109909058,0.6460000276565552,0.7817000150680542
YGR275W,YKL130C,0,-3.4670591,0.0763232484459877,0.6460000276565552,0.7817999720573425
YMR061W,YDR096W,0,-3.467358,0.07631423324346542,0.6460000276565552,0.7818999886512756
YJR099W,YNR027W,0,-3.4676309,0.07630521804094315,0.6460000276565552,0.7820000052452087
YGR285C,YAR031W,0,-3.4676726,0.07629621028900146,0.6460000276565552,0.7821000218391418
YNL273W,YBR004C,0,-3.467841,0.07628720253705978,0.6460000276565552,0.7821999788284302
YDR371W,YMR182C,0,-3.468016,0.0762781873345375,0.6460000276565552,0.7822999954223633
YJL176C,YNR031C,0,-3.4680662,0.07626918703317642,0.6460000276565552,0.7824000120162964
YOL068C,YNR017W,0,-3.4682517,0.07626017928123474,0.6460000276565552,0.7825000286102295
YBL039C,YBR177C,0,-3.4685993,0.07625117897987366,0.6460000276565552,0.7825999855995178
YPR164W,YMR172W,0,-3.4692383,0.07624217867851257,0.6460000276565552,0.7827000021934509
YDL047W,YDL054C,0,-3.46949,0.07623318582773209,0.6460000276565552,0.782800018787384
YBR176W,YDL035C,0,-3.469502,0.076224185526371,0.6460000276565552,0.7828999757766724
YDR174W,YKL108W,0,-3.4695106,0.07621519267559052,0.6460000276565552,0.7829999923706055
YKL095W,YDR253C,0,-3.4695704,0.07620620727539062,0.6460000276565552,0.7831000089645386
YMR033W,YGL145W,0,-3.469771,0.07619721442461014,0.6460000276565552,0.7832000255584717
YGR206W,YOR311C,0,-3.469788,0.07618822902441025,0.6460000276565552,0.78329998254776
YOL091W,YDR409W,0,-3.469936,0.07617924362421036,0.6460000276565552,0.7833999991416931
YDL045C,YHR135C,0,-3.4701438,0.07617026567459106,0.6460000276565552,0.7835000157356262
YFL045C,YOL089C,0,-3.4703014,0.07616128027439117,0.6460000276565552,0.7835999727249146
YBR245C,YOR328W,0,-3.4705791,0.07615230232477188,0.6460000276565552,0.7836999893188477
YNL090W,YIL084C,0,-3.4708061,0.07614333182573318,0.6460000276565552,0.7838000059127808
YNL154C,YNR017W,0,-3.470989,0.07613435387611389,0.6460000276565552,0.7839000225067139
YBR068C,YGR198W,0,-3.4712682,0.0761253833770752,0.6460000276565552,0.7839999794960022
YMR022W,YGL227W,1,-3.471427,0.07623424381017685,0.6470000147819519,0.7839999794960022
YOR174W,YHL034C,0,-3.4715462,0.07622525840997696,0.6470000147819519,0.7840999960899353
YER090W,YCL011C,0,-3.471579,0.07621628046035767,0.6470000147819519,0.7842000126838684
YOL147C,YDR198C,0,-3.4721446,0.07620730251073837,0.6470000147819519,0.7843000292778015
YOL003C,YLR398C,0,-3.4723122,0.07619832456111908,0.6470000147819519,0.7843999862670898
YDL097C,YDR394W,1,-3.472567,0.07630711048841476,0.6480000019073486,0.7843999862670898
YJR090C,YIL017C,1,-3.4726043,0.07641587406396866,0.6489999890327454,0.7843999862670898
YML029W,YMR022W,1,-3.4729495,0.07652460783720016,0.6499999761581421,0.7843999862670898
YKL094W,YDR385W,0,-3.4731727,0.07651560008525848,0.6499999761581421,0.784500002861023
YGR220C,YPR201W,0,-3.4732745,0.0765065923333168,0.6499999761581421,0.784600019454956
YDR288W,YCR030C,0,-3.473468,0.07649758458137512,0.6499999761581421,0.7846999764442444
YKL095W,YDR084C,0,-3.473553,0.07648858428001404,0.6499999761581421,0.7847999930381775
YMR233W,YMR228W,0,-3.4738507,0.07647958397865295,0.6499999761581421,0.7849000096321106
YDL171C,YKL074C,0,-3.4739623,0.07647059112787247,0.6499999761581421,0.7850000262260437
YPL187W,YNR023W,0,-3.4741108,0.07646159082651138,0.6499999761581421,0.785099983215332
YOR043W,YDL052C,0,-3.474122,0.0764525979757309,0.6499999761581421,0.7851999998092651
YNL027W,YHR031C,0,-3.4741392,0.07644360512495041,0.6499999761581421,0.7853000164031982
YML130C,YBR024W,0,-3.4741964,0.07643461972475052,0.6499999761581421,0.7853999733924866
YPL091W,YHR168W,0,-3.4742064,0.07642563432455063,0.6499999761581421,0.7854999899864197
YLR080W,YNL254C,0,-3.4742656,0.07641664892435074,0.6499999761581421,0.7856000065803528
YJL047C,YBR082C,1,-3.4744425,0.07652521133422852,0.6510000228881836,0.7856000065803528
YIL138C,YJL189W,0,-3.4746423,0.07651621848344803,0.6510000228881836,0.7857000231742859
YHR002W,YGL094C,0,-3.474731,0.07650722563266754,0.6510000228881836,0.7857999801635742
YDR069C,YBR273C,1,-3.475722,0.07661574333906174,0.6520000100135803,0.7857999801635742
YIL142W,YDL112W,0,-3.4757254,0.07660674303770065,0.6520000100135803,0.7858999967575073
YOR176W,YKL144C,0,-3.4762208,0.07659774273633957,0.6520000100135803,0.7860000133514404
YJR119C,YHR191C,0,-3.4762478,0.07658874988555908,0.6520000100135803,0.7860999703407288
YHL009C,YGL191W,0,-3.4762805,0.076579749584198,0.6520000100135803,0.7861999869346619
YDL153C,YER166W,0,-3.4764583,0.07657075673341751,0.6520000100135803,0.786300003528595
YIL105C,YBR001C,0,-3.4764695,0.07656176388263702,0.6520000100135803,0.7864000201225281
YBR084W,YBR230C,0,-3.4765615,0.07655277848243713,0.6520000100135803,0.7864999771118164
YJL139C,YPL121C,0,-3.4778538,0.07654379308223724,0.6520000100135803,0.7865999937057495
YGR195W,YOR100C,0,-3.4780002,0.07653480768203735,0.6520000100135803,0.7867000102996826
YLR088W,YLR015W,0,-3.4780407,0.07652582228183746,0.6520000100135803,0.7868000268936157
YDR022C,YNL206C,0,-3.4780931,0.07651684433221817,0.6520000100135803,0.786899983882904
YGL241W,YGR262C,0,-3.4781685,0.07650785893201828,0.6520000100135803,0.7870000004768372
YNR032W,YFL036W,0,-3.4782794,0.07649888843297958,0.6520000100135803,0.7871000170707703
YDL164C,YJL117W,0,-3.478382,0.07648991048336029,0.6520000100135803,0.7871999740600586
YNL078W,YCL014W,0,-3.4786558,0.0764809399843216,0.6520000100135803,0.7872999906539917
YKL124W,YPL220W,0,-3.4788303,0.0764719694852829,0.6520000100135803,0.7874000072479248
YPR061C,YLL010C,0,-3.4788582,0.0764629989862442,0.6520000100135803,0.7875000238418579
YGL125W,YML012W,0,-3.47906,0.0764540359377861,0.6520000100135803,0.7875999808311462
YMR251W-A,YLR359W,0,-3.4792309,0.076445072889328,0.6520000100135803,0.7876999974250793
YLR117C,YLR128W,0,-3.4792933,0.0764361098408699,0.6520000100135803,0.7878000140190125
YKR065C,YNR007C,0,-3.47979,0.0764271467924118,0.6520000100135803,0.7878999710083008
YLR376C,YGR158C,0,-3.4798908,0.0764181911945343,0.6520000100135803,0.7879999876022339
YGR281W,YIL132C,0,-3.4802408,0.0764092355966568,0.6520000100135803,0.788100004196167
YLR309C,YOR144C,0,-3.480462,0.0764002799987793,0.6520000100135803,0.7882000207901001
YNL032W,YDL103C,0,-3.4808574,0.07639133185148239,0.6520000100135803,0.7882999777793884
YKL041W,YMR214W,1,-3.4814506,0.07649952918291092,0.652999997138977,0.7882999777793884
YGR262C,YCL055W,0,-3.4815674,0.07649057358503342,0.652999997138977,0.7883999943733215
YGR006W,YOR197W,0,-3.4816518,0.07648161053657532,0.652999997138977,0.7885000109672546
YOL094C,YOR288C,0,-3.4817379,0.07647265493869781,0.652999997138977,0.7886000275611877
YIL088C,YBL089W,0,-3.4817407,0.07646369934082031,0.652999997138977,0.7886999845504761
YPL128C,YBR230C,0,-3.4821243,0.07645475119352341,0.652999997138977,0.7888000011444092
YML114C,YPL089C,0,-3.4821768,0.0764457955956459,0.652999997138977,0.7889000177383423
YKL180W,YHR051W,0,-3.4823618,0.076436847448349,0.652999997138977,0.7889999747276306
YGL236C,YHR083W,0,-3.48264,0.0764278993010521,0.652999997138977,0.7890999913215637
YOR211C,YHR063C,0,-3.4826565,0.07641895860433578,0.652999997138977,0.7892000079154968
YLR439W,YPR149W,0,-3.4829745,0.07641001790761948,0.652999997138977,0.7893000245094299
YBR082C,YMR077C,1,-3.4831095,0.07651807367801666,0.6539999842643738,0.7893000245094299
YOR128C,YPL212C,0,-3.4835072,0.07650912553071976,0.6539999842643738,0.7893999814987183
YHR200W,YFL009W,1,-3.4837112,0.07661715149879456,0.6549999713897705,0.7893999814987183
YBR237W,YPL206C,0,-3.4841113,0.07660818845033646,0.6549999713897705,0.7894999980926514
YJL178C,YOR171C,0,-3.4842896,0.07659922540187836,0.6549999713897705,0.7896000146865845
YOR043W,YOL136C,0,-3.4844322,0.07659026980400085,0.6549999713897705,0.7896999716758728
YIL088C,YPR041W,0,-3.484487,0.07658131420612335,0.6549999713897705,0.7897999882698059
YIR018W,YMR163C,0,-3.4847717,0.07657236605882645,0.6549999713897705,0.789900004863739
YOL120C,YMR271C,0,-3.4849539,0.07656341046094894,0.6549999713897705,0.7900000214576721
YCL052C,YER094C,1,-3.4853628,0.07667133957147598,0.656000018119812,0.7900000214576721
YBR278W,YKL078W,0,-3.4854655,0.07666238397359848,0.656000018119812,0.7900999784469604
YJR044C,YNL147W,0,-3.4855683,0.07665342092514038,0.656000018119812,0.7901999950408936
YKL186C,YIL111W,0,-3.4856164,0.07664446532726288,0.656000018119812,0.7903000116348267
YOL108C,YHR039C,0,-3.4857213,0.07663551717996597,0.656000018119812,0.7904000282287598
YLR127C,YDR118W,1,-3.4857788,0.07674337178468704,0.6570000052452087,0.7904000282287598
YMR143W,YIL101C,0,-3.4858217,0.07673440873622894,0.6570000052452087,0.7904999852180481
YDR077W,YDR339C,0,-3.4858692,0.07672544568777084,0.6570000052452087,0.7906000018119812
YIL088C,YIL093C,0,-3.485903,0.07671649008989334,0.6570000052452087,0.7907000184059143
YHR156C,YNL084C,0,-3.48618,0.07670752704143524,0.6570000052452087,0.7907999753952026
YFL009W,YNL159C,1,-3.4863057,0.07681531459093094,0.6579999923706055,0.7907999753952026
YBR170C,YMR077C,1,-3.4863064,0.07692307978868484,0.6589999794960022,0.7907999753952026
YDR322W,YER165W,0,-3.4863179,0.07691410183906555,0.6589999794960022,0.7908999919891357
YHL002W,YJR126C,0,-3.4867306,0.07690512388944626,0.6589999794960022,0.7910000085830688
YMR276W,YER012W,1,-3.4869819,0.07701283693313599,0.6600000262260437,0.7910000085830688
YOR323C,YLR246W,0,-3.4871073,0.0770038515329361,0.6600000262260437,0.791100025177002
YER115C,YHR013C,0,-3.48767,0.0769948661327362,0.6600000262260437,0.7911999821662903
YHR176W,YER157W,0,-3.4888544,0.07698588818311691,0.6600000262260437,0.7912999987602234
YIR010W,YER090W,0,-3.4889371,0.07697691023349762,0.6600000262260437,0.7914000153541565
YDL191W,YOR194C,0,-3.4892387,0.07696793228387833,0.6600000262260437,0.7914999723434448
YDL008W,YBR290W,1,-3.4892578,0.07707556337118149,0.6610000133514404,0.7914999723434448
YNL151C,YFL033C,0,-3.489594,0.077066570520401,0.6610000133514404,0.7915999889373779
YNL073W,YFL037W,0,-3.489751,0.07705759257078171,0.6610000133514404,0.791700005531311
YGR195W,YML038C,0,-3.4900048,0.07704860717058182,0.6610000133514404,0.7918000221252441
YFR041C,YDR414C,0,-3.4900815,0.07703962922096252,0.6610000133514404,0.7918999791145325
YDR392W,YKL146W,0,-3.4901843,0.07703065127134323,0.6610000133514404,0.7919999957084656
YIL113W,YJL097W,0,-3.4905987,0.07702167332172394,0.6610000133514404,0.7921000123023987
YFL003C,YMR309C,0,-3.4910128,0.07701270282268524,0.6610000133514404,0.7922000288963318
YIL160C,YMR127C,0,-3.4910307,0.07700372487306595,0.6610000133514404,0.7922999858856201
YJL073W,YGL017W,1,-3.491116,0.07711124420166016,0.6620000004768372,0.7922999858856201
YPR029C,YNL222W,0,-3.4912868,0.07710225880146027,0.6620000004768372,0.7924000024795532
YMR143W,YNR032W,0,-3.491438,0.07709328085184097,0.6620000004768372,0.7925000190734863
YDR208W,YEL016C,0,-3.4914696,0.07708430290222168,0.6620000004768372,0.7925999760627747
YDR394W,YMR161W,1,-3.491516,0.07719175517559052,0.6629999876022339,0.7925999760627747
YOL136C,YDR119W,0,-3.491802,0.07718276977539062,0.6629999876022339,0.7926999926567078
YOL155C,YMR146C,0,-3.49185,0.07717378437519073,0.6629999876022339,0.7928000092506409
YNL097C,YDR460W,0,-3.49202,0.07716480642557144,0.6629999876022339,0.792900025844574
YMR264W,YDR143C,1,-3.4921477,0.0772721990942955,0.6639999747276306,0.792900025844574
YNL280C,YOR099W,0,-3.4923825,0.07726320624351501,0.6639999747276306,0.7929999828338623
YLR008C,YMR200W,0,-3.4924884,0.07725422084331512,0.6639999747276306,0.7930999994277954
YFL034C-B,YEL070W,0,-3.492649,0.07724522799253464,0.6639999747276306,0.7932000160217285
YDR487C,YBL064C,0,-3.4928493,0.07723624259233475,0.6639999747276306,0.7932999730110168
YMR264W,YOL133W,1,-3.4928603,0.07734356820583344,0.6650000214576721,0.7932999730110168
YDR031W,YIR021W,0,-3.4928863,0.07733457535505295,0.6650000214576721,0.79339998960495
YFR036W,YJR090C,1,-3.4931688,0.07744186371564865,0.6660000085830688,0.79339998960495
YJL143W,YDL043C,0,-3.493235,0.07743285596370697,0.6660000085830688,0.7935000061988831
YPR006C,YLR398C,0,-3.4932952,0.07742385566234589,0.6660000085830688,0.7936000227928162
YNR035C,YNL265C,0,-3.493389,0.0774148553609848,0.6660000085830688,0.7936999797821045
YPR030W,YOR149C,0,-3.4935384,0.07740585505962372,0.6660000085830688,0.7937999963760376
YKR056W,YLR371W,0,-3.4935708,0.07739686220884323,0.6660000085830688,0.7939000129699707
YPR108W,YNL064C,1,-3.4935741,0.07750406861305237,0.6669999957084656,0.7939000129699707
YHR136C,YDL165W,0,-3.4946454,0.07749506086111069,0.6669999957084656,0.7940000295639038
YPR029C,YGR101W,0,-3.4947944,0.0774860605597496,0.6669999957084656,0.7940999865531921
YMR197C,YLR148W,0,-3.4948082,0.07747706025838852,0.6669999957084656,0.7942000031471252
YHR166C,YMR161W,1,-3.4948518,0.07758420705795288,0.6679999828338623,0.7942000031471252
YDR400W,YDL132W,1,-3.4949117,0.07769132405519485,0.6690000295639038,0.7942000031471252
YDR205W,YLR095C,0,-3.4949431,0.07768230140209198,0.6690000295639038,0.7943000197410583
YGL097W,YAL009W,0,-3.495057,0.0776732861995697,0.6690000295639038,0.7943999767303467
YLL033W,YLL001W,0,-3.4951334,0.07766427099704742,0.6690000295639038,0.7944999933242798
YJL178C,YGL150C,0,-3.4951477,0.07765525579452515,0.6690000295639038,0.7946000099182129
YPR104C,YML115C,0,-3.4952168,0.07764624059200287,0.6690000295639038,0.794700026512146
YBR228W,YGL094C,0,-3.4953518,0.07763722538948059,0.6690000295639038,0.7947999835014343
YER115C,YKR068C,0,-3.4955654,0.07762821763753891,0.6690000295639038,0.7949000000953674
YPR104C,YLR350W,0,-3.4957123,0.07761920988559723,0.6690000295639038,0.7950000166893005
YBR251W,YNL232W,0,-3.495736,0.07761020958423615,0.6690000295639038,0.7950999736785889
YBR173C,YBL041W,1,-3.4960442,0.07771719992160797,0.6700000166893005,0.7950999736785889
YGR123C,YDL035C,0,-3.4960618,0.0777081847190857,0.6700000166893005,0.795199990272522
YMR098C,YLL061W,0,-3.4966683,0.07769917696714401,0.6700000166893005,0.7953000068664551
YIL122W,YBR154C,0,-3.4966908,0.07769016921520233,0.6700000166893005,0.7954000234603882
YOR039W,YDR453C,0,-3.4969923,0.07768116146326065,0.6700000166893005,0.7954999804496765
YDL111C,YIL115C,0,-3.4970212,0.07767215371131897,0.6700000166893005,0.7955999970436096
YDR534C,YML022W,0,-3.4973614,0.07766315340995789,0.6700000166893005,0.7957000136375427
YNL037C,YDL108W,0,-3.4975154,0.0776541456580162,0.6700000166893005,0.795799970626831
YBL055C,YBR132C,0,-3.4981456,0.07764515280723572,0.6700000166893005,0.7958999872207642
YOR043W,YMR211W,0,-3.4983006,0.07763615250587463,0.6700000166893005,0.7960000038146973
YDL103C,YNL312W,0,-3.4983358,0.07762715965509415,0.6700000166893005,0.7961000204086304
YBR055C,YGR238C,0,-3.4984179,0.07761816680431366,0.6700000166893005,0.7961999773979187
YKL205W,YAL016W,0,-3.4985468,0.07760917395353317,0.6700000166893005,0.7962999939918518
YKL166C,YHR147C,0,-3.4985514,0.07760018855333328,0.6700000166893005,0.7964000105857849
YNL147W,YHR084W,0,-3.4986014,0.0775911957025528,0.6700000166893005,0.796500027179718
YPL047W,YFL001W,0,-3.4986265,0.0775822103023529,0.6700000166893005,0.7965999841690063
YIR025W,YKR087C,1,-3.498838,0.07768901437520981,0.6710000038146973,0.7965999841690063
YKL085W,YER099C,0,-3.4990578,0.07768002152442932,0.6710000038146973,0.7967000007629395
YDR208W,YGR268C,0,-3.4990985,0.07767102867364883,0.6710000038146973,0.7968000173568726
YIR011C,YNL008C,1,-3.4992678,0.07777778059244156,0.671999990940094,0.7968000173568726
YDL005C,YPL085W,0,-3.500085,0.07776878029108047,0.671999990940094,0.7968999743461609
YLR272C,YGL084C,0,-3.5000978,0.07775977998971939,0.671999990940094,0.796999990940094
YIL113W,YKR036C,0,-3.5002847,0.0777507796883583,0.671999990940094,0.7971000075340271
YER039C,YKL144C,0,-3.5003664,0.07774178683757782,0.671999990940094,0.7972000241279602
YDR452W,YHR021C,0,-3.5006504,0.07773279398679733,0.671999990940094,0.7972999811172485
YOL027C,YPL022W,0,-3.5010872,0.07772380113601685,0.671999990940094,0.7973999977111816
YJL048C,YBR201W,1,-3.5011423,0.07783046364784241,0.6729999780654907,0.7973999977111816
YGR156W,YMR162C,0,-3.5012355,0.07782146334648132,0.6729999780654907,0.7975000143051147
YKL189W,YEL031W,0,-3.5014758,0.07781246304512024,0.6729999780654907,0.7975999712944031
YKR092C,YDR103W,0,-3.501491,0.07780347019433975,0.6729999780654907,0.7976999878883362
YBL058W,YOL038W,1,-3.5015402,0.07791006565093994,0.6740000247955322,0.7976999878883362
YDR337W,YKL161C,0,-3.5017107,0.07790106534957886,0.6740000247955322,0.7978000044822693
YDR226W,YDR302W,0,-3.501968,0.07789205759763718,0.6740000247955322,0.7979000210762024
YPR032W,YJL081C,0,-3.5021696,0.07788305729627609,0.6740000247955322,0.7979999780654907
YGL237C,YLR336C,0,-3.502396,0.0778740644454956,0.6740000247955322,0.7980999946594238
YCR053W,YNL220W,0,-3.5025358,0.07786506414413452,0.6740000247955322,0.7982000112533569
YHR176W,YPL143W,0,-3.5027626,0.07785607129335403,0.6740000247955322,0.79830002784729
YLR203C,YHR042W,0,-3.502824,0.07784707844257355,0.6740000247955322,0.7983999848365784
YER021W,YDR394W,1,-3.5028691,0.07795357704162598,0.675000011920929,0.7983999848365784
YNL302C,YJL164C,0,-3.5029407,0.0779445692896843,0.675000011920929,0.7985000014305115
YML060W,YEL004W,0,-3.5029755,0.07793557643890381,0.675000011920929,0.7986000180244446
YBL060W,YHR135C,0,-3.503581,0.07792657613754272,0.675000011920929,0.7986999750137329
YNL102W,YCR068W,0,-3.5036936,0.07791758328676224,0.675000011920929,0.798799991607666
YGR167W,YKL124W,0,-3.5042677,0.07790859043598175,0.675000011920929,0.7989000082015991
YPL106C,YOL102C,0,-3.504521,0.07789959758520126,0.675000011920929,0.7990000247955322
YGL254W,YML010W,0,-3.5045214,0.07789060473442078,0.675000011920929,0.7990999817848206
YBR171W,YDL207W,0,-3.5049958,0.07788161933422089,0.675000011920929,0.7991999983787537
YOR204W,YOL111C,0,-3.5054808,0.077872633934021,0.675000011920929,0.7993000149726868
YER171W,YKL146W,0,-3.5055237,0.0778636485338211,0.675000011920929,0.7993999719619751
YMR061W,YPL218W,0,-3.506147,0.07785467058420181,0.675000011920929,0.7994999885559082
YPL042C,YNL297C,0,-3.5062551,0.07784569263458252,0.675000011920929,0.7996000051498413
YPR041W,YCR039C,0,-3.5062566,0.07783671468496323,0.675000011920929,0.7997000217437744
YLR246W,YEL021W,0,-3.5065265,0.07782774418592453,0.675000011920929,0.7997999787330627
YGR195W,YJL090C,0,-3.5069308,0.07781876623630524,0.675000011920929,0.7998999953269958
YER126C,YOL033W,0,-3.5076325,0.07780979573726654,0.675000011920929,0.800000011920929
YHR128W,YLL009C,0,-3.5076919,0.07780083268880844,0.675000011920929,0.8001000285148621
YGR166W,YDL045W-A,0,-3.5077496,0.07779186218976974,0.675000011920929,0.8001999855041504
YOR381W,YER050C,0,-3.5079517,0.07778289914131165,0.675000011920929,0.8003000020980835
YDR349C,YGR105W,0,-3.5082705,0.07777393609285355,0.675000011920929,0.8004000186920166
YLR418C,YOR138C,0,-3.5084002,0.07776498049497604,0.675000011920929,0.8004999756813049
YBL016W,YDL065C,0,-3.5087225,0.07775601744651794,0.675000011920929,0.800599992275238
YBR173C,YNL064C,1,-3.5089011,0.07786224037408829,0.6759999990463257,0.800599992275238
YKR056W,YIR009W,0,-3.5091374,0.07785327732563019,0.6759999990463257,0.8007000088691711
YJL111W,YHR082C,0,-3.5091875,0.07784431427717209,0.6759999990463257,0.8008000254631042
YNL101W,YKL157W,0,-3.5091937,0.07783535122871399,0.6759999990463257,0.8008999824523926
YDL192W,YNL272C,0,-3.509364,0.07782638818025589,0.6759999990463257,0.8009999990463257
YAL031C,YGR214W,0,-3.509531,0.07781742513179779,0.6759999990463257,0.8011000156402588
YDR254W,YMR039C,0,-3.509644,0.07780846953392029,0.6759999990463257,0.8011999726295471
YDR207C,YHR004C,0,-3.5097132,0.07779951393604279,0.6759999990463257,0.8012999892234802
YPL258C,YBL055C,0,-3.5097208,0.07779056578874588,0.6759999990463257,0.8014000058174133
YGL023C,YDR421W,0,-3.5098305,0.07778161019086838,0.6759999990463257,0.8015000224113464
YKL156W,YNL192W,0,-3.510127,0.07777266204357147,0.6759999990463257,0.8015999794006348
YBR179C,YDL004W,0,-3.5101488,0.07776372134685516,0.6759999990463257,0.8016999959945679
YDR331W,YJL066C,0,-3.5102365,0.07775477319955826,0.6759999990463257,0.801800012588501
YDR497C,YIL021W,0,-3.5103693,0.07774583250284195,0.6759999990463257,0.8019000291824341
YIR011C,YPL065W,1,-3.5104923,0.07785188406705856,0.6769999861717224,0.8019000291824341
YDL159W,YPR113W,0,-3.5105107,0.07784293591976166,0.6769999861717224,0.8019999861717224
YJL052W,YKL127W,0,-3.510612,0.07783398777246475,0.6769999861717224,0.8021000027656555
YMR281W,YLR120C,0,-3.510666,0.07782503962516785,0.6769999861717224,0.8022000193595886
YGL004C,YNL311C,1,-3.510916,0.07793103158473969,0.6779999732971191,0.8022000193595886
YCR004C,YOR096W,0,-3.5111632,0.07792207598686218,0.6779999732971191,0.802299976348877
YMR152W,YLL008W,0,-3.5112839,0.07791312038898468,0.6779999732971191,0.8023999929428101
YLR336C,YGL233W,0,-3.5112913,0.07790417224168777,0.6779999732971191,0.8025000095367432
YCL052C,YMR161W,1,-3.5113306,0.07801011204719543,0.6790000200271606,0.8025000095367432
YGR038W,YOL068C,0,-3.5115209,0.07800114899873734,0.6790000200271606,0.8026000261306763
YMR176W,YMR198W,0,-3.5117989,0.07799218595027924,0.6790000200271606,0.8026999831199646
YML069W,YMR203W,0,-3.5118647,0.07798323035240173,0.6790000200271606,0.8027999997138977
YEL015W,YOR375C,0,-3.5118961,0.07797427475452423,0.6790000200271606,0.8029000163078308
YMR056C,YOR036W,0,-3.51192,0.07796532660722733,0.6790000200271606,0.8029999732971191
YNR070W,YGR121C,0,-3.5119865,0.07795637100934982,0.6790000200271606,0.8030999898910522
YPL270W,YER069W,0,-3.5121477,0.07794742286205292,0.6790000200271606,0.8032000064849854
YNL302C,YOR080W,0,-3.51256,0.07793847471475601,0.6790000200271606,0.8033000230789185
YOR231W,YLR353W,0,-3.512619,0.0779295340180397,0.6790000200271606,0.8033999800682068
YDR383C,YJL095W,0,-3.5126371,0.0779205858707428,0.6790000200271606,0.8034999966621399
YER090W,YPR166C,0,-3.5127301,0.07791164517402649,0.6790000200271606,0.803600013256073
YHR104W,YGR033C,0,-3.5130048,0.07790270447731018,0.6790000200271606,0.8036999702453613
YGL019W,YJL130C,0,-3.5131717,0.07789377123117447,0.6790000200271606,0.8037999868392944
YNL189W,YDR423C,0,-3.5131946,0.07788483798503876,0.6790000200271606,0.8039000034332275
YMR100W,YGL172W,0,-3.5133667,0.07787590473890305,0.6790000200271606,0.8040000200271606
YDR337W,YMR267W,0,-3.5136604,0.07786697149276733,0.6790000200271606,0.804099977016449
YER068W,YGR140W,0,-3.5136883,0.07785804569721222,0.6790000200271606,0.8041999936103821
YFR036W,YDR069C,1,-3.5141897,0.07796376943588257,0.6800000071525574,0.8041999936103821
YNL239W,YOL091W,0,-3.5142527,0.07795482873916626,0.6800000071525574,0.8043000102043152
YJL184W,YNL329C,0,-3.5142946,0.07794589549303055,0.6800000071525574,0.8044000267982483
YDL147W,YEL037C,1,-3.5143747,0.07805157452821732,0.6809999942779541,0.8044000267982483
YJR047C,YNL154C,0,-3.5145535,0.07804263383150101,0.6809999942779541,0.8044999837875366
YBR018C,YNL220W,0,-3.5146947,0.0780336856842041,0.6809999942779541,0.8046000003814697
YNR039C,YPL031C,0,-3.5149071,0.07802474498748779,0.6809999942779541,0.8047000169754028
YHR176W,YGL234W,0,-3.5152593,0.07801581174135208,0.6809999942779541,0.8047999739646912
YLR089C,YLR450W,0,-3.515532,0.07800687104463577,0.6809999942779541,0.8048999905586243
YMR019W,YMR038C,0,-3.515687,0.07799793779850006,0.6809999942779541,0.8050000071525574
YDL132W,YMR161W,1,-3.515728,0.07810352742671967,0.6819999814033508,0.8050000071525574
YDR242W,YNL182C,0,-3.5157514,0.07809458673000336,0.6819999814033508,0.8051000237464905
YDL192W,YLR438C-A,0,-3.5159872,0.07808564603328705,0.6819999814033508,0.8051999807357788
YLR310C,YMR247C,0,-3.5161362,0.07807670533657074,0.6819999814033508,0.8052999973297119
YDR279W,YMR113W,0,-3.5162013,0.07806776463985443,0.6819999814033508,0.805400013923645
YPR009W,YOL137W,0,-3.5162077,0.07805883139371872,0.6819999814033508,0.8054999709129333
YMR088C,YNL007C,0,-3.516368,0.07804989814758301,0.6819999814033508,0.8055999875068665
YGL062W,YJL080C,0,-3.5169058,0.0780409649014473,0.6819999814033508,0.8057000041007996
YDR060W,YBR199W,0,-3.5175304,0.07803203910589218,0.6819999814033508,0.8058000206947327
YBR077C,YOR279C,0,-3.5175676,0.07802310585975647,0.6819999814033508,0.805899977684021
YBR136W,YLR182W,0,-3.5177085,0.07801418751478195,0.6819999814033508,0.8059999942779541
YMR293C,YER042W,0,-3.5184522,0.07800526171922684,0.6819999814033508,0.8061000108718872
YBR260C,YDR405W,0,-3.518661,0.07799634337425232,0.6819999814033508,0.8062000274658203
YKR097W,YJL137C,0,-3.51884,0.0779874250292778,0.6819999814033508,0.8062999844551086
YNL098C,YDR351W,0,-3.5188642,0.07797850668430328,0.6819999814033508,0.8064000010490417
YGR222W,YHR085W,0,-3.51947,0.07796958833932877,0.6819999814033508,0.8065000176429749
YOR153W,YNL293W,0,-3.5196412,0.07796067744493484,0.6819999814033508,0.8065999746322632
YDL143W,YGR264C,0,-3.5201757,0.07795176655054092,0.6819999814033508,0.8066999912261963
YBL009W,YDR071C,0,-3.5204608,0.077942855656147,0.6819999814033508,0.8068000078201294
YAL031C,YGL026C,0,-3.520934,0.07793395221233368,0.6819999814033508,0.8069000244140625
YHR200W,YKL206C,1,-3.5210228,0.07803930342197418,0.6830000281333923,0.8069000244140625
YOL128C,YGR179C,0,-3.5212483,0.07803039252758026,0.6830000281333923,0.8069999814033508
YGL097W,YIL034C,0,-3.52139,0.07802147418260574,0.6830000281333923,0.8070999979972839
YPR122W,YGR106C,0,-3.5213966,0.07801256328821182,0.6830000281333923,0.807200014591217
YMR098C,YNL135C,0,-3.5220995,0.0780036523938179,0.6830000281333923,0.8072999715805054
YMR214W,YGR048W,1,-3.522658,0.07810894399881363,0.6840000152587891,0.8072999715805054
YKL004W,YBR033W,0,-3.5227933,0.07810002565383911,0.6840000152587891,0.8073999881744385
YER090W,YER098W,0,-3.5229232,0.0780911073088646,0.6840000152587891,0.8075000047683716
YIL114C,YHR072W,0,-3.5231905,0.07808218896389008,0.6840000152587891,0.8076000213623047
YIL132C,YGR068C,0,-3.523401,0.07807327806949615,0.6840000152587891,0.807699978351593
YGR006W,YFR046C,0,-3.523672,0.07806436717510223,0.6840000152587891,0.8077999949455261
YGR231C,YJL091C,0,-3.5238104,0.07805546373128891,0.6840000152587891,0.8079000115394592
YKL028W,YAR003W,0,-3.5238323,0.07804655283689499,0.6840000152587891,0.8080000281333923
YBR195C,YDR452W,0,-3.524152,0.07803764939308167,0.6840000152587891,0.8080999851226807
YOR360C,YBL022C,0,-3.5241637,0.07802874594926834,0.6840000152587891,0.8082000017166138
YKL094W,YOL003C,0,-3.5242267,0.07801984995603561,0.6840000152587891,0.8083000183105469
YKL168C,YER069W,0,-3.5244954,0.07801094651222229,0.6840000152587891,0.8083999752998352
YLL003W,YKL139W,0,-3.5247993,0.07800205051898956,0.6840000152587891,0.8084999918937683
YGR041W,YKL074C,0,-3.5248687,0.07799316197633743,0.6840000152587891,0.8086000084877014
YJR055W,YNL273W,0,-3.5249257,0.0779842659831047,0.6840000152587891,0.8087000250816345
YGL077C,YJL130C,0,-3.5253017,0.07797537744045258,0.6840000152587891,0.8087999820709229
YER104W,YGR029W,0,-3.5253258,0.07796648889780045,0.6840000152587891,0.808899998664856
YPL129W,YLR244C,0,-3.525815,0.07795760035514832,0.6840000152587891,0.8090000152587891
YOR089C,YMR021C,0,-3.5258627,0.07794871926307678,0.6840000152587891,0.8090999722480774
YGL011C,YFL009W,1,-3.5259175,0.078053779900074,0.6850000023841858,0.8090999722480774
YDL007W,YOR362C,1,-3.5261211,0.07815882563591003,0.6859999895095825,0.8090999722480774
YFL016C,YPL214C,0,-3.5261536,0.07814992219209671,0.6859999895095825,0.8091999888420105
YKL205W,YOL044W,0,-3.5264428,0.07814101874828339,0.6859999895095825,0.8093000054359436
YNL014W,YER019W,0,-3.526613,0.07813211530447006,0.6859999895095825,0.8094000220298767
YGL203C,YOR308C,0,-3.5269866,0.07812321931123734,0.6859999895095825,0.809499979019165
YGL173C,YDR499W,0,-3.5272117,0.07811432331800461,0.6859999895095825,0.8095999956130981
YNL239W,YOR085W,0,-3.5276024,0.07810542732477188,0.6859999895095825,0.8097000122070312
YEL037C,YKL034W,1,-3.5276036,0.07821038365364075,0.6869999766349792,0.8097000122070312
YGL205W,YDR113C,0,-3.5277905,0.07820148020982742,0.6869999766349792,0.8098000288009644
YLR119W,YDR330W,1,-3.5278752,0.0783063992857933,0.6880000233650208,0.8098000288009644
YLR088W,YMR080C,0,-3.5279822,0.07829748839139938,0.6880000233650208,0.8098999857902527
YGL113W,YEL056W,0,-3.5280216,0.07828857749700546,0.6880000233650208,0.8100000023841858
YDR410C,YBR061C,0,-3.5281606,0.07827966660261154,0.6880000233650208,0.8101000189781189
YLR130C,YGR101W,0,-3.5282257,0.07827076315879822,0.6880000233650208,0.8101999759674072
YKR042W,YPR024W,0,-3.528768,0.0782618597149849,0.6880000233650208,0.8102999925613403
YIR018W,YOR327C,0,-3.5290005,0.07825295627117157,0.6880000233650208,0.8104000091552734
YDR400W,YPL065W,1,-3.5290341,0.07835778594017029,0.6890000104904175,0.8104000091552734
YPL015C,YJL024C,0,-3.5298917,0.07834887504577637,0.6890000104904175,0.8105000257492065
YPL258C,YGL022W,0,-3.5300517,0.07833996415138245,0.6890000104904175,0.8105999827384949
YDR329C,YMR312W,0,-3.530215,0.07833106070756912,0.6890000104904175,0.810699999332428
YKL073W,YGL244W,0,-3.5305815,0.0783221572637558,0.6890000104904175,0.8108000159263611
YGL004C,YPL002C,1,-3.5306077,0.07842691242694855,0.6899999976158142,0.8108000159263611
YDR294C,YDR225W,0,-3.5306454,0.07841800153255463,0.6899999976158142,0.8108999729156494
YDL198C,YBR103W,0,-3.5308795,0.0784090906381607,0.6899999976158142,0.8109999895095825
YDL019C,YOR007C,0,-3.5309424,0.07840017974376678,0.6899999976158142,0.8111000061035156
YNL280C,YBR275C,0,-3.5318804,0.07839127629995346,0.6899999976158142,0.8112000226974487
YLL034C,YPL086C,0,-3.5322442,0.07838237285614014,0.6899999976158142,0.8112999796867371
YNL230C,YPL149W,0,-3.5323334,0.07837346941232681,0.6899999976158142,0.8113999962806702
YOR008C,YBR234C,0,-3.5323741,0.07836456596851349,0.6899999976158142,0.8115000128746033
YLR340W,YOL110W,0,-3.532438,0.07835566997528076,0.6899999976158142,0.8116000294685364
YHR166C,YDR177W,1,-3.5325563,0.07846031337976456,0.6909999847412109,0.8116000294685364
YEL038W,YDR499W,0,-3.5325725,0.07845140993595123,0.6909999847412109,0.8116999864578247
YLR276C,YOR150W,0,-3.5326464,0.07844249904155731,0.6909999847412109,0.8118000030517578
YJR001W,YPR029C,0,-3.5327146,0.07843359559774399,0.6909999847412109,0.8119000196456909
YHR168W,YHR031C,0,-3.533005,0.07842469960451126,0.6909999847412109,0.8119999766349792
YDL067C,YOR367W,0,-3.533423,0.07841579616069794,0.6909999847412109,0.8120999932289124
YGR288W,YKL203C,0,-3.5335808,0.07840690016746521,0.6909999847412109,0.8122000098228455
YDR260C,YBR273C,1,-3.5337982,0.07851146161556244,0.6919999718666077,0.8122000098228455
YMR306W,YKL120W,0,-3.534136,0.07850255072116852,0.6919999718666077,0.8123000264167786
YGL131C,YDR510W,0,-3.5342155,0.0784936472773552,0.6919999718666077,0.8123999834060669
YKL160W,YLR447C,0,-3.5342462,0.07848474383354187,0.6919999718666077,0.8125
YPL042C,YGR231C,0,-3.5344784,0.07847584784030914,0.6919999718666077,0.8126000165939331
YMR109W,YGR104C,0,-3.5349808,0.07846694439649582,0.6919999718666077,0.8126999735832214
YKL216W,YOR076C,0,-3.535048,0.07845804840326309,0.6919999718666077,0.8127999901771545
YOR030W,YNL006W,0,-3.5352437,0.07844915241003036,0.6919999718666077,0.8129000067710876
YPR029C,YMR231W,0,-3.5352693,0.07844026386737823,0.6919999718666077,0.8130000233650208
YMR029C,YOR197W,0,-3.5353203,0.0784313753247261,0.6919999718666077,0.8130999803543091
YIL117C,YIL016W,0,-3.5353632,0.07842248678207397,0.6919999718666077,0.8131999969482422
YJL184W,YOR178C,0,-3.5353882,0.07841359823942184,0.6919999718666077,0.8133000135421753
YPL101W,YPL214C,0,-3.5356069,0.07840470969676971,0.6919999718666077,0.8133999705314636
YNR026C,YNL159C,1,-3.535632,0.078509122133255,0.6930000185966492,0.8133999705314636
YHR207C,YKL112W,0,-3.5360506,0.07850022614002228,0.6930000185966492,0.8134999871253967
YKL186C,YJL130C,0,-3.53615,0.07849133759737015,0.6930000185966492,0.8136000037193298
YBR008C,YPL127C,0,-3.53624,0.07848244905471802,0.6930000185966492,0.8137000203132629
YBR215W,YPR111W,0,-3.5362442,0.07847356051206589,0.6930000185966492,0.8137999773025513
YGR143W,YGR155W,0,-3.536832,0.07846467196941376,0.6930000185966492,0.8138999938964844
YPL149W,YOR279C,0,-3.5369415,0.07845579087734222,0.6930000185966492,0.8140000104904175
YPR138C,YPL204W,0,-3.537023,0.07844690978527069,0.6930000185966492,0.8141000270843506
YOL140W,YOR194C,0,-3.5372815,0.07843802869319916,0.6930000185966492,0.8141999840736389
YER073W,YOR124C,0,-3.5376883,0.07842915505170822,0.6930000185966492,0.814300000667572
YHR043C,YDL007W,1,-3.5381432,0.07853344082832336,0.6940000057220459,0.814300000667572
YMR019W,YJL104W,0,-3.5386581,0.07852455228567123,0.6940000057220459,0.8144000172615051
YBR081C,YOR159C,0,-3.538703,0.0785156711935997,0.6940000057220459,0.8144999742507935
YKL221W,YLR385C,0,-3.5387132,0.07850679010152817,0.6940000057220459,0.8145999908447266
YPL268W,YJR007W,0,-3.538716,0.07849790900945663,0.6940000057220459,0.8147000074386597
YDL137W,YLR372W,0,-3.5387795,0.0784890279173851,0.6940000057220459,0.8148000240325928
YNL107W,YMR145C,0,-3.53918,0.07848015427589417,0.6940000057220459,0.8148999810218811
YKR013W,YKL127W,0,-3.5393438,0.07847128063440323,0.6940000057220459,0.8149999976158142
YGL004C,YKL206C,1,-3.5394187,0.07857546955347061,0.6949999928474426,0.8149999976158142
YML029W,YMR184W,1,-3.5396118,0.0786796286702156,0.6959999799728394,0.8149999976158142
YKR081C,YLL015W,0,-3.5396347,0.07867073267698288,0.6959999799728394,0.8151000142097473
YNR026C,YBR082C,1,-3.5397658,0.07877486199140549,0.6970000267028809,0.8151000142097473
YHR084W,YOL005C,0,-3.5398657,0.07876595854759216,0.6970000267028809,0.8151999711990356
YML071C,YBL046W,0,-3.539919,0.07875706255435944,0.6970000267028809,0.8152999877929688
YJL184W,YER019C-A,0,-3.5399427,0.07874816656112671,0.6970000267028809,0.8154000043869019
YPL085W,YLR038C,0,-3.5400755,0.07873927056789398,0.6970000267028809,0.815500020980835
YGL212W,YBL089W,0,-3.5403562,0.07873037457466125,0.6970000267028809,0.8155999779701233
YBR187W,YML115C,0,-3.5405943,0.07872147858142853,0.6970000267028809,0.8156999945640564
YLR078C,YMR145C,0,-3.5406778,0.0787125900387764,0.6970000267028809,0.8158000111579895
YGL048C,YDL126C,1,-3.5407205,0.07881662249565125,0.6980000138282776,0.8158000111579895
YER153C,YDR499W,0,-3.5411305,0.07880771905183792,0.6980000138282776,0.8159000277519226
YOR329C,YKL130C,0,-3.5414367,0.0787988230586052,0.6980000138282776,0.8159999847412109
YHR166C,YIR025W,1,-3.5414934,0.07890281081199646,0.6990000009536743,0.8159999847412109
YGR106C,YBR001C,0,-3.5415382,0.07889390736818314,0.6990000009536743,0.816100001335144
YDR285W,YJL117W,0,-3.54161,0.07888500392436981,0.6990000009536743,0.8162000179290771
YIR011C,YGR135W,1,-3.541646,0.0789889395236969,0.699999988079071,0.8162000179290771
YML085C,YML048W,0,-3.5416675,0.07898002862930298,0.699999988079071,0.8162999749183655
YKL184W,YBL093C,0,-3.5418358,0.07897111773490906,0.699999988079071,0.8163999915122986
YLR291C,YGL086W,0,-3.5419145,0.07896221429109573,0.699999988079071,0.8165000081062317
YBR229C,YOR150W,0,-3.5423815,0.07895330339670181,0.699999988079071,0.8166000247001648
YJL004C,YOR036W,0,-3.542387,0.07894439995288849,0.699999988079071,0.8166999816894531
YIL142W,YJL134W,0,-3.5424023,0.07893549650907516,0.699999988079071,0.8167999982833862
YOL082W,YOR311C,0,-3.5424187,0.07892660051584244,0.699999988079071,0.8169000148773193
YJR126C,YDR460W,0,-3.5424979,0.07891769707202911,0.699999988079071,0.8169999718666077
YHR031C,YNL273W,0,-3.5427127,0.07890880107879639,0.699999988079071,0.8170999884605408
YNL212W,YEL002C,0,-3.5431852,0.07889991253614426,0.699999988079071,0.8172000050544739
YPL144W,YGL112C,0,-3.5433884,0.07889101654291153,0.699999988079071,0.817300021648407
YHR132C,YNL175C,0,-3.543548,0.0788821280002594,0.699999988079071,0.8173999786376953
YKL184W,YOR141C,0,-3.543735,0.07887323945760727,0.699999988079071,0.8174999952316284
YNL097C,YGR241C,0,-3.5437398,0.07886435091495514,0.699999988079071,0.8176000118255615
YOR301W,YNR035C,0,-3.544178,0.0788554698228836,0.699999988079071,0.8177000284194946
YER036C,YBR135W,0,-3.5445342,0.07884658873081207,0.699999988079071,0.817799985408783
YNL331C,YDR322C-A,0,-3.544708,0.07883770763874054,0.699999988079071,0.8179000020027161
YPR066W,YLR038C,0,-3.544898,0.078828826546669,0.699999988079071,0.8180000185966492
YNL079C,YJL080C,0,-3.54511,0.07881995290517807,0.699999988079071,0.8180999755859375
YPR024W,YNL136W,0,-3.5453238,0.07881107926368713,0.699999988079071,0.8181999921798706
YIL074C,YPL204W,0,-3.5453968,0.0788022056221962,0.699999988079071,0.8183000087738037
YOR211C,YOL103W,0,-3.5454395,0.07879333943128586,0.699999988079071,0.8184000253677368
YBR201W,YMR119W,1,-3.5454488,0.07889701426029205,0.7009999752044678,0.8184000253677368
YJL103C,YBR237W,0,-3.5455804,0.07888814061880112,0.7009999752044678,0.8184999823570251
YNR047W,YBR267W,0,-3.545599,0.07887925952672958,0.7009999752044678,0.8185999989509583
YMR208W,YKL007W,0,-3.5456815,0.07887038588523865,0.7009999752044678,0.8187000155448914
YOL146W,YOL142W,0,-3.5458953,0.07886151224374771,0.7009999752044678,0.8187999725341797
YOR386W,YMR247C,0,-3.546119,0.07885264605283737,0.7009999752044678,0.8188999891281128
YOR025W,YNL293W,0,-3.5461318,0.07884377241134644,0.7009999752044678,0.8190000057220459
YCL052C,YBL058W,1,-3.5463197,0.07894736528396606,0.7020000219345093,0.8190000057220459
YIL122W,YDL101C,0,-3.5465212,0.07893849164247513,0.7020000219345093,0.819100022315979
YOL117W,YBL020W,0,-3.5465965,0.07892961800098419,0.7020000219345093,0.8191999793052673
YNL148C,YIL063C,0,-3.5467165,0.07892074435949326,0.7020000219345093,0.8192999958992004
YHR050W,YOR148C,0,-3.5468392,0.07891187071800232,0.7020000219345093,0.8194000124931335
YKL137W,YDL170W,0,-3.5472565,0.07890300452709198,0.7020000219345093,0.8195000290870667
YBR059C,YBR293W,0,-3.5475583,0.07889413088560104,0.7020000219345093,0.819599986076355
YIR011C,YHR027C,1,-3.5475717,0.0789976418018341,0.703000009059906,0.819599986076355
YOR030W,YBR176W,0,-3.547649,0.07898876070976257,0.703000009059906,0.8197000026702881
YOR261C,YLR127C,1,-3.5480843,0.07909223437309265,0.7039999961853027,0.8197000026702881
YLR383W,YER065C,0,-3.5480878,0.07908335328102112,0.7039999961853027,0.8198000192642212
YIR006C,YLR204W,0,-3.5483851,0.07907447218894958,0.7039999961853027,0.8198999762535095
YAL023C,YBR264C,0,-3.549006,0.07906559109687805,0.7039999961853027,0.8199999928474426
YDR163W,YPL153C,0,-3.5490527,0.07905671000480652,0.7039999961853027,0.8201000094413757
YDR073W,YLR090W,0,-3.5491333,0.07904783636331558,0.7039999961853027,0.8202000260353088
YEL030W,YPL074W,0,-3.5493765,0.07903895527124405,0.7039999961853027,0.8202999830245972
YLR127C,YDL190C,1,-3.5500822,0.07914234697818756,0.7049999833106995,0.8202999830245972
YER090W,YDR059C,0,-3.5503905,0.07913345843553543,0.7049999833106995,0.8203999996185303
YOR384W,YER104W,0,-3.55069,0.0791245773434639,0.7049999833106995,0.8205000162124634
YKL092C,YKL188C,0,-3.5507052,0.07911569625139236,0.7049999833106995,0.8205999732017517
YFR036W,YPL002C,1,-3.5509188,0.0792190283536911,0.7059999704360962,0.8205999732017517
YDR420W,YLR213C,0,-3.551036,0.07921013981103897,0.7059999704360962,0.8206999897956848
YGR048W,YOL133W,1,-3.551156,0.07931344211101532,0.7070000171661377,0.8206999897956848
YLR208W,YNL172W,1,-3.5515285,0.07941671460866928,0.7080000042915344,0.8206999897956848
YEL037C,YBR273C,1,-3.5516133,0.07951996475458145,0.7089999914169312,0.8206999897956848
YOR239W,YOR278W,0,-3.5517602,0.07951104640960693,0.7089999914169312,0.8208000063896179
YHR077C,YNL231C,0,-3.5517817,0.07950212806463242,0.7089999914169312,0.820900022983551
YGR286C,YJR093C,0,-3.5525181,0.0794932171702385,0.7089999914169312,0.8209999799728394
YFL016C,YBR258C,0,-3.5528605,0.07948430627584457,0.7089999914169312,0.8210999965667725
YDR202C,YIL159W,0,-3.5531507,0.07947539538145065,0.7089999914169312,0.8212000131607056
YML126C,YOR142W,0,-3.5533023,0.07946648448705673,0.7089999914169312,0.8213000297546387
YJR110W,YDR119W,0,-3.553355,0.07945758104324341,0.7089999914169312,0.821399986743927
YKL018W,YPL259C,0,-3.553579,0.07944867759943008,0.7089999914169312,0.8215000033378601
YLL019C,YGR105W,0,-3.554385,0.07943977415561676,0.7089999914169312,0.8216000199317932
YIL002C,YER046W,0,-3.5545125,0.07943087816238403,0.7089999914169312,0.8216999769210815
YOR256C,YPL002C,1,-3.5546448,0.07953400164842606,0.7099999785423279,0.8216999769210815
YNR026C,YLL036C,1,-3.554647,0.07963709533214569,0.7110000252723694,0.8216999769210815
YPR152C,YKR090W,0,-3.5547352,0.07962817698717117,0.7110000252723694,0.8217999935150146
YOL125W,YDR182W,0,-3.5549,0.07961925864219666,0.7110000252723694,0.8219000101089478
YJL047C,YPL002C,1,-3.5551155,0.0797223150730133,0.7120000123977661,0.8219000101089478
YLL005C,YKL055C,0,-3.555491,0.07971338927745819,0.7120000123977661,0.8220000267028809
YIL128W,YOR075W,0,-3.555563,0.07970446348190308,0.7120000123977661,0.8220999836921692
YJL042W,YDR420W,0,-3.5557806,0.07969554513692856,0.7120000123977661,0.8222000002861023
YKL013C,YPR102C,0,-3.5560167,0.07968662679195404,0.7120000123977661,0.8223000168800354
YOR346W,YER169W,0,-3.5560868,0.07967770844697952,0.7120000123977661,0.8223999738693237
YGL212W,YBR057C,0,-3.5562153,0.079668790102005,0.7120000123977661,0.8224999904632568
YGL237C,YMR292W,0,-3.556481,0.07965987920761108,0.7120000123977661,0.8226000070571899
YER021W,YKL206C,1,-3.5566096,0.07976283878087997,0.7129999995231628,0.8226000070571899
YDL115C,YOR196C,0,-3.5567932,0.07975391298532486,0.7129999995231628,0.822700023651123
YNL230C,YHR188C,0,-3.557087,0.07974499464035034,0.7129999995231628,0.8227999806404114
YGR036C,YKL010C,0,-3.557279,0.07973607629537582,0.7129999995231628,0.8228999972343445
YGR285C,YDR294C,0,-3.5573459,0.0797271579504013,0.7129999995231628,0.8230000138282776
YBR227C,YBR058C,0,-3.557599,0.07971824705600739,0.7129999995231628,0.8230999708175659
YCR042C,YPR102C,0,-3.557728,0.07970933616161346,0.7129999995231628,0.823199987411499
YPR104C,YLR086W,0,-3.5578306,0.07970042526721954,0.7129999995231628,0.8233000040054321
YOR061W,YDR093W,0,-3.5582302,0.07969151437282562,0.7129999995231628,0.8234000205993652
YOL044W,YJL189W,0,-3.5583892,0.0796826109290123,0.7129999995231628,0.8234999775886536
YHL002W,YFR028C,0,-3.5585232,0.07967370748519897,0.7129999995231628,0.8235999941825867
YOR187W,YMR112C,0,-3.5588267,0.07966480404138565,0.7129999995231628,0.8237000107765198
YBL057C,YLR025W,1,-3.5589726,0.0797676220536232,0.7139999866485596,0.8237000107765198
YGL203C,YIL114C,0,-3.5590358,0.07975871115922928,0.7139999866485596,0.8238000273704529
YJR151C,YMR213W,0,-3.559582,0.07974980771541595,0.7139999866485596,0.8238999843597412
YER074W,YER169W,0,-3.5596704,0.07974089682102203,0.7139999866485596,0.8240000009536743
YGL038C,YDR147W,0,-3.5598438,0.07973199337720871,0.7139999866485596,0.8241000175476074
YMR016C,YGR229C,0,-3.5600646,0.07972308993339539,0.7139999866485596,0.8241999745368958
YOL056W,YLL010C,0,-3.5603118,0.07971418648958206,0.7139999866485596,0.8242999911308289
YCL034W,YNR016C,0,-3.5603943,0.07970529049634933,0.7139999866485596,0.824400007724762
YMR296C,YML129C,0,-3.5604048,0.07969639450311661,0.7139999866485596,0.8245000243186951
YLR163C,YPL085W,0,-3.560428,0.07968749850988388,0.7139999866485596,0.8245999813079834
YDL058W,YAR018C,0,-3.5607934,0.07967860996723175,0.7139999866485596,0.8246999979019165
YMR094W,YDR511W,0,-3.5608943,0.07966971397399902,0.7139999866485596,0.8248000144958496
YBR203W,YMR037C,0,-3.5611396,0.0796608254313469,0.7139999866485596,0.8248999714851379
YLR439W,YKR010C,0,-3.5612056,0.07965194433927536,0.7139999866485596,0.824999988079071
YER133W,YLL042C,0,-3.56158,0.07964305579662323,0.7139999866485596,0.8251000046730042
YBL052C,YKL137W,0,-3.561603,0.0796341747045517,0.7139999866485596,0.8252000212669373
YGR280C,YNL121C,0,-3.5617843,0.07962529361248016,0.7139999866485596,0.8252999782562256
YFR004W,YDR394W,1,-3.5624924,0.07972791790962219,0.7149999737739563,0.8252999782562256
YMR109W,YLR438C-A,0,-3.562717,0.07971902936697006,0.7149999737739563,0.8253999948501587
YPL119C,YER169W,0,-3.562753,0.07971014827489853,0.7149999737739563,0.8255000114440918
YDR054C,YKL022C,1,-3.562896,0.07981272786855698,0.7160000205039978,0.8255000114440918
YNL125C,YNL222W,0,-3.563088,0.07980383187532425,0.7160000205039978,0.8256000280380249
YNL005C,YBR095C,0,-3.5633836,0.07979494333267212,0.7160000205039978,0.8256999850273132
YGR223C,YMR023C,0,-3.5638251,0.07978604733943939,0.7160000205039978,0.8258000016212463
YHR105W,YAL023C,0,-3.5639296,0.07977715879678726,0.7160000205039978,0.8259000182151794
YIL027C,YOR007C,0,-3.5647898,0.07976827025413513,0.7160000205039978,0.8259999752044678
YPR101W,YOR245C,0,-3.5651371,0.079759381711483,0.7160000205039978,0.8260999917984009
YNL090W,YOR388C,0,-3.5657,0.07975050061941147,0.7160000205039978,0.826200008392334
YOR261C,YBR273C,1,-3.5657196,0.07985299080610275,0.7170000076293945,0.826200008392334
YOR353C,YKR019C,0,-3.565805,0.07984409481287003,0.7170000076293945,0.8263000249862671
YNL139C,YKL003C,0,-3.5667536,0.0798352062702179,0.7170000076293945,0.8263999819755554
YPR020W,YBR080C,0,-3.5671573,0.07982631772756577,0.7170000076293945,0.8264999985694885
YOR074C,YGR062C,0,-3.567462,0.07981743663549423,0.7170000076293945,0.8266000151634216
YMR065W,YPL011C,0,-3.5674872,0.0798085480928421,0.7170000076293945,0.82669997215271
YBL057C,YKL206C,1,-3.5675097,0.07991096377372742,0.7179999947547913,0.82669997215271
YLR163C,YLR141W,0,-3.5676084,0.07990206778049469,0.7179999947547913,0.8267999887466431
YOR324C,YPL208W,0,-3.5677464,0.07989317923784256,0.7179999947547913,0.8269000053405762
YDL052C,YMR030W,0,-3.5677629,0.07988429069519043,0.7179999947547913,0.8270000219345093
YDL200C,YIL041W,0,-3.5679536,0.0798754021525383,0.7179999947547913,0.8270999789237976
YEL050C,YBR260C,0,-3.568057,0.07986652106046677,0.7179999947547913,0.8271999955177307
YMR112C,YKL065C,0,-3.568144,0.07985763251781464,0.7179999947547913,0.8273000121116638
YER035W,YDL055C,0,-3.5684822,0.0798487514257431,0.7179999947547913,0.8274000287055969
YLR403W,YIL085C,0,-3.5685265,0.07983987778425217,0.7179999947547913,0.8274999856948853
YDL164C,YMR054W,0,-3.5690498,0.07983099669218063,0.7179999947547913,0.8276000022888184
YHR156C,YJL100W,0,-3.5691347,0.0798221230506897,0.7179999947547913,0.8277000188827515
YGR195W,YDR310C,0,-3.569286,0.07981324940919876,0.7179999947547913,0.8277999758720398
YGL086W,YBR286W,0,-3.5694573,0.07980437576770782,0.7179999947547913,0.8278999924659729
YOL113W,YNL084C,0,-3.5695896,0.07979550957679749,0.7179999947547913,0.828000009059906
YML095C,YBL020W,0,-3.569694,0.07978664338588715,0.7179999947547913,0.8281000256538391
YLR025W,YMR184W,1,-3.570291,0.07988888770341873,0.718999981880188,0.8281000256538391
YOR261C,YER012W,1,-3.5704398,0.07999110966920853,0.7200000286102295,0.8281000256538391
YNL005C,YGR063C,0,-3.570787,0.079982228577137,0.7200000286102295,0.8281999826431274
YLL003W,YOR327C,0,-3.5708928,0.07997334003448486,0.7200000286102295,0.8282999992370605
YLR390W,YHR184W,0,-3.570898,0.07996445894241333,0.7200000286102295,0.8284000158309937
YMR026C,YJR105W,0,-3.5709057,0.0799555778503418,0.7200000286102295,0.828499972820282
YJL134W,YPL151C,0,-3.5711775,0.07994670420885086,0.7200000286102295,0.8285999894142151
YOR067C,YBR070C,0,-3.5714908,0.07993782311677933,0.7200000286102295,0.8287000060081482
YBR244W,YDR456W,0,-3.5718489,0.07992894947528839,0.7200000286102295,0.8288000226020813
YMR214W,YFR052W,1,-3.5721698,0.08003108203411102,0.7210000157356262,0.8288000226020813
YJL047C,YBR290W,1,-3.5727346,0.08013318479061127,0.722000002861023,0.8288000226020813
YLR024C,YNR057C,0,-3.5728676,0.08012429624795914,0.722000002861023,0.8288999795913696
YBR125C,YBL092W,0,-3.5729008,0.08011540025472641,0.722000002861023,0.8289999961853027
YGR027C,YGR087C,0,-3.5731544,0.08010651171207428,0.722000002861023,0.8291000127792358
YEL030W,YIL110W,0,-3.5732105,0.08009762316942215,0.722000002861023,0.829200029373169
YCR028C,YAL034W-A,0,-3.573215,0.08008874207735062,0.722000002861023,0.8292999863624573
YIL122W,YDR182W,0,-3.573547,0.08007986098527908,0.722000002861023,0.8294000029563904
YNL027W,YDR409W,0,-3.5735924,0.08007097989320755,0.722000002861023,0.8295000195503235
YBR152W,YGR188C,0,-3.5737374,0.08006209880113602,0.722000002861023,0.8295999765396118
YPR102C,YDR085C,0,-3.5738995,0.08005321770906448,0.722000002861023,0.8296999931335449
YGL222C,YOR073W,0,-3.573925,0.08004434406757355,0.722000002861023,0.829800009727478
YLR208W,YKL034W,1,-3.574041,0.08014632761478424,0.7229999899864197,0.829800009727478
YGL222C,YPR113W,0,-3.5740964,0.08013743907213211,0.7229999899864197,0.8299000263214111
YOR239W,YOR141C,0,-3.5744295,0.08012855798006058,0.7229999899864197,0.8299999833106995
YEL037C,YER012W,1,-3.5746453,0.08023049682378769,0.7239999771118164,0.8299999833106995
YFR052W,YDR118W,1,-3.574801,0.08033241331577301,0.7250000238418579,0.8299999833106995
YNL147W,YPL118W,0,-3.5753555,0.08032350987195969,0.7250000238418579,0.8300999999046326
YPL129W,YHR160C,0,-3.575534,0.08031461387872696,0.7250000238418579,0.8302000164985657
YOR138C,YDR184C,0,-3.5755754,0.08030571788549423,0.7250000238418579,0.830299973487854
YJR121W,YNR017W,0,-3.5760303,0.0802968218922615,0.7250000238418579,0.8303999900817871
YBR229C,YCR003W,0,-3.5761442,0.08028792589902878,0.7250000238418579,0.8305000066757202
YDR520C,YBR050C,0,-3.576149,0.08027903735637665,0.7250000238418579,0.8306000232696533
YJL136C,YGR144W,0,-3.5762115,0.08027014881372452,0.7250000238418579,0.8306999802589417
YDR388W,YPR080W,0,-3.5762162,0.08026126772165298,0.7250000238418579,0.8307999968528748
YMR264W,YHR200W,1,-3.5771303,0.08036307245492935,0.7260000109672546,0.8307999968528748
YPR028W,YOR118W,0,-3.5772195,0.08035417646169662,0.7260000109672546,0.8309000134468079
YFL039C,YCR028C,0,-3.577975,0.0803452879190445,0.7260000109672546,0.8309999704360962
YOR353C,YJL139C,0,-3.5783238,0.08033639192581177,0.7260000109672546,0.8310999870300293
YKR022C,YOR205C,0,-3.5785334,0.08032750338315964,0.7260000109672546,0.8312000036239624
YOL049W,YDR062W,0,-3.5785902,0.0803186222910881,0.7260000109672546,0.8313000202178955
YDR389W,YDR499W,0,-3.578724,0.08030973374843597,0.7260000109672546,0.8313999772071838
YBR088C,YHR101C,0,-3.5790462,0.08030085265636444,0.7260000109672546,0.8314999938011169
YHR136C,YLL038C,0,-3.579261,0.08029197156429291,0.7260000109672546,0.83160001039505
YNL225C,YFR013W,0,-3.57931,0.08028309047222137,0.7260000109672546,0.8317000269889832
YKR002W,YNL071W,0,-3.5794494,0.08027421683073044,0.7260000109672546,0.8317999839782715
YMR172W,YDR315C,0,-3.5794773,0.0802653431892395,0.7260000109672546,0.8319000005722046
YNL139C,YMR236W,0,-3.579483,0.08025646954774857,0.7260000109672546,0.8320000171661377
YDL115C,YCR034W,0,-3.5795116,0.08024759590625763,0.7260000109672546,0.832099974155426
YNR001C,YGR229C,0,-3.5797606,0.08023872971534729,0.7260000109672546,0.8321999907493591
YGL227W,YLR380W,1,-3.5799298,0.08034037053585052,0.7269999980926514,0.8321999907493591
YGL158W,YER058W,0,-3.5800745,0.08033148944377899,0.7269999980926514,0.8323000073432922
YDR322C-A,YJL154C,0,-3.5803869,0.08032261580228806,0.7269999980926514,0.8324000239372253
YNL192W,YEL009C,0,-3.580491,0.08031374216079712,0.7269999980926514,0.8324999809265137
YDL132W,YPL084W,1,-3.580656,0.08041533082723618,0.7279999852180481,0.8324999809265137
YOR069W,YDL045C,0,-3.5807009,0.08040644973516464,0.7279999852180481,0.8325999975204468
YBR044C,YPL167C,0,-3.5807629,0.08039756864309311,0.7279999852180481,0.8327000141143799
YBR021W,YLR210W,0,-3.5811076,0.08038869500160217,0.7279999852180481,0.8327999711036682
YLL009C,YMR247C,0,-3.5813699,0.08037981390953064,0.7279999852180481,0.8328999876976013
YLR329W,YIR008C,0,-3.5817828,0.0803709402680397,0.7279999852180481,0.8330000042915344
YFR036W,YKL022C,1,-3.5820827,0.08047246187925339,0.7289999723434448,0.8330000042915344
YGL062W,YLR448W,0,-3.5822458,0.08046357333660126,0.7289999723434448,0.8331000208854675
YOL146W,YKR048C,0,-3.582401,0.08045469224452972,0.7289999723434448,0.8331999778747559
YDR245W,YJR058C,0,-3.5830693,0.08044581860303879,0.7289999723434448,0.833299994468689
YPL149W,YIL023C,0,-3.5831258,0.08043694496154785,0.7289999723434448,0.8334000110626221
YIL145C,YOL119C,0,-3.5832179,0.08042806386947632,0.7289999723434448,0.8335000276565552
YDR489W,YDL020C,0,-3.5832372,0.08041919767856598,0.7289999723434448,0.8335999846458435
YKL095W,YNL169C,0,-3.5834532,0.08041032403707504,0.7289999723434448,0.8337000012397766
YKL020C,YPR083W,0,-3.5834916,0.0804014578461647,0.7289999723434448,0.8338000178337097
YPL119C,YNL125C,0,-3.5838468,0.08039259165525436,0.7289999723434448,0.833899974822998
YNL315C,YKL146W,0,-3.5838633,0.08038372546434402,0.7289999723434448,0.8339999914169312
YIL051C,YNL265C,0,-3.5841026,0.08037485927343369,0.7289999723434448,0.8341000080108643
YBR278W,YGR271C-A,0,-3.5841477,0.08036600053310394,0.7289999723434448,0.8342000246047974
YML001W,YOR311C,0,-3.5843415,0.0803571417927742,0.7289999723434448,0.8342999815940857
YBR201W,YLR207W,1,-3.5845408,0.08045850694179535,0.7300000190734863,0.8342999815940857
YLR406C,YPR149W,0,-3.584548,0.08044963330030441,0.7300000190734863,0.8343999981880188
YER183C,YHR004C,0,-3.5851665,0.08044077455997467,0.7300000190734863,0.8345000147819519
YDL159W,YPL194W,0,-3.5852313,0.08043190836906433,0.7300000190734863,0.8345999717712402
YGR072W,YDL028C,0,-3.5853403,0.08042304962873459,0.7300000190734863,0.8346999883651733
YIR006C,YMR128W,0,-3.5857,0.08041419088840485,0.7300000190734863,0.8348000049591064
YBR068C,YLR051C,0,-3.586338,0.0804053321480751,0.7300000190734863,0.8349000215530396
YNL212W,YBL022C,0,-3.5864415,0.08039647340774536,0.7300000190734863,0.8349999785423279
YIR011C,YOR256C,1,-3.5867116,0.08049774169921875,0.7310000061988831,0.8349999785423279
YCL033C,YBL102W,0,-3.5872846,0.08048887550830841,0.7310000061988831,0.835099995136261
YDR416W,YJR007W,0,-3.5873995,0.08048001676797867,0.7310000061988831,0.8352000117301941
YKL085W,YML036W,0,-3.5876114,0.08047115802764893,0.7310000061988831,0.8353000283241272
YPL268W,YOR196C,0,-3.5876884,0.08046229928731918,0.7310000061988831,0.8353999853134155
YDR016C,YDR137W,0,-3.5880861,0.08045344799757004,0.7310000061988831,0.8355000019073486
YGR085C,YLR378C,0,-3.5886583,0.0804445892572403,0.7310000061988831,0.8356000185012817
YEL015W,YAR019C,0,-3.5886853,0.08043573796749115,0.7310000061988831,0.8356999754905701
YPR023C,YKR019C,0,-3.589305,0.080426886677742,0.7310000061988831,0.8357999920845032
YJL082W,YGR106C,0,-3.589551,0.08041804283857346,0.7310000061988831,0.8359000086784363
YKL146W,YJL095W,0,-3.5896325,0.08040919899940491,0.7310000061988831,0.8360000252723694
YHR019C,YMR293C,0,-3.5898738,0.08040035516023636,0.7310000061988831,0.8360999822616577
YOL129W,YMR112C,0,-3.5901392,0.08039151132106781,0.7310000061988831,0.8361999988555908
YKL041W,YBR170C,1,-3.5901923,0.08049263060092926,0.7319999933242798,0.8361999988555908
YMR119W,YPL002C,1,-3.5902238,0.08059373497962952,0.7329999804496765,0.8361999988555908
YEL040W,YOR299W,0,-3.5902305,0.08058486878871918,0.7329999804496765,0.8363000154495239
YLR383W,YOR069W,0,-3.5903816,0.08057601749897003,0.7329999804496765,0.8363999724388123
YBR115C,YFR051C,0,-3.590411,0.08056715875864029,0.7329999804496765,0.8364999890327454
YHR091C,YGR095C,0,-3.5905054,0.08055830001831055,0.7329999804496765,0.8366000056266785
YOR118W,YNL321W,0,-3.590602,0.0805494487285614,0.7329999804496765,0.8367000222206116
YFL038C,YEL047C,0,-3.5906386,0.08054059743881226,0.7329999804496765,0.8367999792098999
YMR201C,YKR036C,0,-3.5906835,0.08053175359964371,0.7329999804496765,0.836899995803833
YGL201C,YNL117W,0,-3.5906851,0.08052290230989456,0.7329999804496765,0.8370000123977661
YKL166C,YBR176W,0,-3.590829,0.08051405847072601,0.7329999804496765,0.8371000289916992
YDR097C,YNL265C,0,-3.5908458,0.08050521463155746,0.7329999804496765,0.8371999859809875
YFL044C,YMR039C,0,-3.5910358,0.08049637824296951,0.7329999804496765,0.8373000025749207
YLR208W,YGL048C,1,-3.5910606,0.08059734106063843,0.734000027179718,0.8373000025749207
YOR257W,YNR001C,0,-3.5911162,0.08058849722146988,0.734000027179718,0.8374000191688538
YDR530C,YJR093C,0,-3.591199,0.08057964593172073,0.734000027179718,0.8374999761581421
YLR047C,YMR089C,0,-3.5912476,0.08057080209255219,0.734000027179718,0.8375999927520752
YPL232W,YBR198C,0,-3.5913434,0.08056195825338364,0.734000027179718,0.8377000093460083
YDR485C,YPR135W,0,-3.591385,0.08055311441421509,0.734000027179718,0.8378000259399414
YML029W,YKL206C,1,-3.591661,0.08065401017665863,0.7350000143051147,0.8378000259399414
YIL072W,YHR183W,0,-3.59178,0.08064515888690948,0.7350000143051147,0.8378999829292297
YHR085W,YAL060W,0,-3.5921056,0.08063631504774094,0.7350000143051147,0.8379999995231628
YDR003W,YDL130W,0,-3.5921736,0.08062747120857239,0.7350000143051147,0.838100016117096
YNR045W,YCR030C,0,-3.5923433,0.08061862736940384,0.7350000143051147,0.8381999731063843
YHR166C,YGR135W,1,-3.5924144,0.08071945607662201,0.7360000014305115,0.8381999731063843
YOL108C,YDR097C,0,-3.5924416,0.08071060478687286,0.7360000014305115,0.8382999897003174
YKR030W,YPL129W,0,-3.592995,0.08070175349712372,0.7360000014305115,0.8384000062942505
YOR301W,YGL059W,0,-3.5930076,0.08069290965795517,0.7360000014305115,0.8385000228881836
YNL302C,YOR245C,0,-3.5932193,0.08068405836820602,0.7360000014305115,0.8385999798774719
YPR032W,YBR260C,0,-3.5932739,0.08067521452903748,0.7360000014305115,0.838699996471405
YKL168C,YPL023C,0,-3.593433,0.08066637068986893,0.7360000014305115,0.8388000130653381
YJL066C,YOR275C,0,-3.5937488,0.08065753430128098,0.7360000014305115,0.8389000296592712
YNL326C,YJL091C,0,-3.5940406,0.08064869791269302,0.7360000014305115,0.8389999866485596
YPL030W,YOL110W,0,-3.594217,0.08063986152410507,0.7360000014305115,0.8391000032424927
YNL331C,YPL094C,0,-3.5943432,0.08063102513551712,0.7360000014305115,0.8392000198364258
YBR082C,YJR090C,1,-3.5944402,0.08073173463344574,0.7369999885559082,0.8392000198364258
YDR079C-A,YOR038C,0,-3.5946374,0.08072289079427719,0.7369999885559082,0.8392999768257141
YER021W,YGR135W,1,-3.5946627,0.08082357048988342,0.7379999756813049,0.8392999768257141
YGL200C,YBR118W,0,-3.594769,0.08081471920013428,0.7379999756813049,0.8393999934196472
YLR070C,YMR172W,0,-3.5949335,0.08080586791038513,0.7379999756813049,0.8395000100135803
YMR273C,YPR140W,0,-3.5952291,0.08079702407121658,0.7379999756813049,0.8396000266075134
YPL196W,YLR051C,0,-3.5953226,0.08078818023204803,0.7379999756813049,0.8396999835968018
YNL003C,YMR012W,0,-3.5957026,0.08077933639287949,0.7379999756813049,0.8398000001907349
YBL058W,YDR177W,1,-3.5958467,0.08087994158267975,0.7390000224113464,0.8398000001907349
YBL085W,YCR060W,0,-3.5958505,0.0808710902929306,0.7390000224113464,0.839900016784668
YIL074C,YDL197C,0,-3.5958657,0.08086223900318146,0.7390000224113464,0.8399999737739563
YFL009W,YOR362C,1,-3.5963612,0.08096279948949814,0.7400000095367432,0.8399999737739563
YGR163W,YMR012W,0,-3.596477,0.0809539407491684,0.7400000095367432,0.8400999903678894
YNL225C,YOL137W,0,-3.5966828,0.08094508945941925,0.7400000095367432,0.8402000069618225
YOR321W,YIL035C,0,-3.5967274,0.0809362381696701,0.7400000095367432,0.8403000235557556
YKL186C,YKL073W,0,-3.5968394,0.08092738687992096,0.7400000095367432,0.840399980545044
YOR256C,YNL172W,1,-3.5970669,0.08102788776159286,0.7409999966621399,0.840399980545044
YAL029C,YAL035W,0,-3.5974226,0.08101902157068253,0.7409999966621399,0.840499997138977
YIL090W,YIL101C,0,-3.5975888,0.08101017028093338,0.7409999966621399,0.8406000137329102
YBR176W,YDL107W,0,-3.597604,0.08100131154060364,0.7409999966621399,0.8406999707221985
YIL109C,YCL014W,0,-3.5976746,0.08099246025085449,0.7409999966621399,0.8407999873161316
YHR091C,YDR036C,0,-3.598376,0.08098360896110535,0.7409999966621399,0.8409000039100647
YDL078C,YOR304W,0,-3.5985456,0.0809747576713562,0.7409999966621399,0.8410000205039978
YNR046W,YLR396C,0,-3.5989003,0.08096590638160706,0.7409999966621399,0.8410999774932861
YGL227W,YNL064C,1,-3.599009,0.0810663178563118,0.7419999837875366,0.8410999774932861
YLR025W,YDR054C,1,-3.5992532,0.08116669952869415,0.7429999709129333,0.8410999774932861
YCR026C,YBR042C,0,-3.5992763,0.08115784078836441,0.7429999709129333,0.8411999940872192
YOR265W,YMR052W,0,-3.6000414,0.08114897459745407,0.7429999709129333,0.8413000106811523
YGL071W,YGR229C,0,-3.6003637,0.08114010840654373,0.7429999709129333,0.8414000272750854
YGR090W,YPL087W,0,-3.6004443,0.08113124966621399,0.7429999709129333,0.8414999842643738
YMR270C,YMR023C,0,-3.6006203,0.08112239092588425,0.7429999709129333,0.8416000008583069
YNL030W,YDR032C,0,-3.6007278,0.0811135396361351,0.7429999709129333,0.84170001745224
YDR279W,YKL117W,0,-3.6007857,0.08110468089580536,0.7429999709129333,0.8417999744415283
YKR048C,YGL253W,0,-3.6008105,0.08109582960605621,0.7429999709129333,0.8418999910354614
YPR042C,YNR023W,0,-3.6013417,0.08108697831630707,0.7429999709129333,0.8420000076293945
YHR016C,YBR070C,0,-3.6014714,0.08107813447713852,0.7429999709129333,0.8421000242233276
YOL137W,YFL044C,0,-3.601498,0.08106928318738937,0.7429999709129333,0.842199981212616
YBR288C,YBL006C,0,-3.6016269,0.08106043934822083,0.7429999709129333,0.8422999978065491
YPL053C,YGL026C,0,-3.6027458,0.08105159550905228,0.7429999709129333,0.8424000144004822
YNL016W,YHL019C,0,-3.6027796,0.08104275912046432,0.7429999709129333,0.8424999713897705
YPL226W,YAL062W,0,-3.602902,0.08103391528129578,0.7429999709129333,0.8425999879837036
YJR089W,YMR005W,0,-3.603528,0.08102507889270782,0.7429999709129333,0.8427000045776367
YGL216W,YKL186C,0,-3.603721,0.08101624995470047,0.7429999709129333,0.8428000211715698
YEL054C,YGR028W,0,-3.6044326,0.08100741356611252,0.7429999709129333,0.8428999781608582
YPL015C,YGR041W,0,-3.604526,0.08099858462810516,0.7429999709129333,0.8429999947547913
YHR002W,YOR346W,0,-3.6046188,0.08098975569009781,0.7429999709129333,0.8431000113487244
YBL011W,YML014W,0,-3.6050406,0.08098092675209045,0.7429999709129333,0.8432000279426575
YNL166C,YGR275W,0,-3.6050954,0.0809720978140831,0.7429999709129333,0.8432999849319458
YDR363W-A,YMR119W,1,-3.6051292,0.08107224851846695,0.7440000176429749,0.8432999849319458
YEL012W,YDR167W,0,-3.6052659,0.081063412129879,0.7440000176429749,0.8434000015258789
YGR255C,YGR106C,0,-3.6058903,0.08105458319187164,0.7440000176429749,0.843500018119812
YLR088W,YDR383C,0,-3.6059527,0.08104575425386429,0.7440000176429749,0.8435999751091003
YAL033W,YBR177C,0,-3.606194,0.08103692531585693,0.7440000176429749,0.8436999917030334
YIL088C,YDL212W,0,-3.6065993,0.08102809637784958,0.7440000176429749,0.8438000082969666
YJR151C,YCL043C,0,-3.6070154,0.08101927489042282,0.7440000176429749,0.8439000248908997
YOL030W,YIL050W,0,-3.6070511,0.08101045340299606,0.7440000176429749,0.843999981880188
YKR092C,YDR496C,0,-3.6071954,0.0810016319155693,0.7440000176429749,0.8440999984741211
YGL212W,YGL210W,0,-3.6073637,0.08099281787872314,0.7440000176429749,0.8442000150680542
YDR177W,YPR108W,1,-3.6078377,0.08109284937381744,0.7450000047683716,0.8442000150680542
YNL189W,YFR046C,0,-3.6081061,0.08108402043581009,0.7450000047683716,0.8442999720573425
YLR228C,YNL149C,0,-3.6082702,0.08107519894838333,0.7450000047683716,0.8443999886512756
YLR032W,YPR066W,0,-3.6088676,0.08106637746095657,0.7450000047683716,0.8445000052452087
YCL050C,YCR042C,0,-3.609034,0.08105755597352982,0.7450000047683716,0.8446000218391418
YPL086C,YMR170C,0,-3.6090696,0.08104873448610306,0.7450000047683716,0.8446999788284302
YDL159W,YIL044C,0,-3.6095924,0.0810399204492569,0.7450000047683716,0.8447999954223633
YPL127C,YPR070W,0,-3.609788,0.08103110641241074,0.7450000047683716,0.8449000120162964
YLL029W,YBR215W,0,-3.6099372,0.08102229237556458,0.7450000047683716,0.8450000286102295
YLR251W,YAL029C,0,-3.610135,0.08101348578929901,0.7450000047683716,0.8450999855995178
YGR163W,YBR052C,0,-3.610436,0.08100467175245285,0.7450000047683716,0.8452000021934509
YPL085W,YIL004C,0,-3.6104426,0.08099586516618729,0.7450000047683716,0.845300018787384
YKL041W,YBR273C,1,-3.6104622,0.08109577000141144,0.7459999918937683,0.845300018787384
YKL176C,YPL148C,0,-3.610519,0.08108695596456528,0.7459999918937683,0.8453999757766724
YDR177W,YOL013C,1,-3.6108053,0.08118683099746704,0.746999979019165,0.8453999757766724
YKR009C,YFL023W,0,-3.611522,0.08117800205945969,0.746999979019165,0.8454999923706055
YOL115W,YIL097W,0,-3.6125257,0.08116918057203293,0.746999979019165,0.8456000089645386
YMR100W,YBR175W,0,-3.6126792,0.08116036653518677,0.746999979019165,0.8457000255584717
YNL293W,YBR221C,0,-3.6131186,0.08115154504776001,0.746999979019165,0.84579998254776
YIL063C,YML074C,0,-3.613274,0.08114273101091385,0.746999979019165,0.8458999991416931
YJL071W,YNL206C,0,-3.6133447,0.08113391697406769,0.746999979019165,0.8460000157356262
YFL039C,YLR295C,0,-3.613655,0.08112511038780212,0.746999979019165,0.8460999727249146
YGR285C,YJL138C,0,-3.6137905,0.08111629635095596,0.746999979019165,0.8461999893188477
YJR067C,YML051W,0,-3.6139126,0.0811074897646904,0.746999979019165,0.8463000059127808
YGL004C,YBR273C,1,-3.6140618,0.08120725303888321,0.7480000257492065,0.8463000059127808
YGL205W,YGR002C,0,-3.614122,0.08119843900203705,0.7480000257492065,0.8464000225067139
YBL055C,YIR021W,0,-3.6141405,0.08118962496519089,0.7480000257492065,0.8464999794960022
YLR256W,YML038C,0,-3.6145906,0.08118081092834473,0.7480000257492065,0.8465999960899353
YNL284C,YOR202W,0,-3.6150131,0.08117200434207916,0.7480000257492065,0.8467000126838684
YGR074W,YNL012W,0,-3.6151924,0.0811631977558136,0.7480000257492065,0.8468000292778015
YDL097C,YKL206C,1,-3.6157835,0.08126288652420044,0.7490000128746033,0.8468000292778015
YGL011C,YIL046W,1,-3.6159897,0.08136255294084549,0.75,0.8468000292778015
YBR126C,YKL113C,0,-3.6160975,0.08135372400283813,0.75,0.8468999862670898
YKL041W,YGL048C,1,-3.6162422,0.0814533606171608,0.7509999871253967,0.8468999862670898
YOR130C,YIL114C,0,-3.6163127,0.08144453167915344,0.7509999871253967,0.847000002861023
YBR019C,YGL090W,0,-3.61655,0.08143569529056549,0.7509999871253967,0.847100019454956
YFR052W,YLR097C,1,-3.6166525,0.08153529465198517,0.7519999742507935,0.847100019454956
YPL123C,YML010W,0,-3.6168716,0.08152645081281662,0.7519999742507935,0.8471999764442444
YOR234C,YOL117W,0,-3.616961,0.08151761442422867,0.7519999742507935,0.8472999930381775
YJL133W,YGR295C,0,-3.617026,0.08150877803564072,0.7519999742507935,0.8474000096321106
YAL016W,YFR055W,0,-3.6173043,0.08149994909763336,0.7519999742507935,0.8475000262260437
YOR190W,YOR020C,0,-3.617485,0.08149111270904541,0.7519999742507935,0.847599983215332
YOR075W,YDL146W,0,-3.6175094,0.08148228377103806,0.7519999742507935,0.8476999998092651
YJR019C,YFR046C,0,-3.6177309,0.0814734548330307,0.7519999742507935,0.8478000164031982
YOL068C,YLR212C,0,-3.6180606,0.08146463334560394,0.7519999742507935,0.8478999733924866
YKL017C,YGL226C-A,0,-3.6182523,0.08145580440759659,0.7519999742507935,0.8479999899864197
YMR083W,YDR443C,0,-3.618891,0.08144698292016983,0.7519999742507935,0.8481000065803528
YNR023W,YOR180C,0,-3.6189494,0.08143816143274307,0.7519999742507935,0.8482000231742859
YMR184W,YLR097C,1,-3.61897,0.081537626683712,0.753000020980835,0.8482000231742859
YKL034W,YBR290W,1,-3.6190875,0.08163706958293915,0.7540000081062317,0.8482000231742859
YOR128C,YER027C,0,-3.6191022,0.0816282331943512,0.7540000081062317,0.8482999801635742
YBL058W,YLR097C,1,-3.6192465,0.08172764629125595,0.7549999952316284,0.8482999801635742
YOL038W,YDL190C,1,-3.6199694,0.08182703703641891,0.7559999823570251,0.8482999801635742
YOR368W,YPR025C,0,-3.620116,0.08181817829608917,0.7559999823570251,0.8483999967575073
YPL217C,YKL091C,0,-3.620522,0.08180932700634003,0.7559999823570251,0.8485000133514404
YNR013C,YIL035C,0,-3.6208835,0.08180047571659088,0.7559999823570251,0.8485999703407288
YMR201C,YLR226W,0,-3.6209981,0.08179162442684174,0.7559999823570251,0.8486999869346619
YMR044W,YOR176W,0,-3.621088,0.08178278058767319,0.7559999823570251,0.848800003528595
YDR088C,YML048W,0,-3.6211572,0.08177392929792404,0.7559999823570251,0.8489000201225281
YFR013W,YNL158W,0,-3.6220024,0.0817650854587555,0.7559999823570251,0.8489999771118164
YNL015W,YGL054C,0,-3.622115,0.08175624161958694,0.7559999823570251,0.8490999937057495
YIR023W,YJL134W,0,-3.622363,0.08174740523099899,0.7559999823570251,0.8492000102996826
YML094W,YBR039W,0,-3.62244,0.08173856884241104,0.7559999823570251,0.8493000268936157
YLR410W,YMR008C,0,-3.6225243,0.08172973245382309,0.7559999823570251,0.849399983882904
YLR429W,YEL013W,0,-3.6225784,0.08172089606523514,0.7559999823570251,0.8495000004768372
YBR002C,YHR181W,0,-3.6226068,0.08171205967664719,0.7559999823570251,0.8496000170707703
YJL044C,YKL056C,0,-3.6227298,0.08170323073863983,0.7559999823570251,0.8496999740600586
YJL099W,YDR281C,0,-3.6227818,0.08169440180063248,0.7559999823570251,0.8497999906539917
YPR112C,YBR097W,0,-3.622786,0.08168557286262512,0.7559999823570251,0.8499000072479248
YGR286C,YHR175W,0,-3.6231685,0.08167675137519836,0.7559999823570251,0.8500000238418579
YGL213C,YMR267W,0,-3.6232388,0.0816679298877716,0.7559999823570251,0.8500999808311462
YBR125C,YHR066W,0,-3.6232839,0.08165910840034485,0.7559999823570251,0.8501999974250793
YLR362W,YGL172W,0,-3.6234617,0.08165028691291809,0.7559999823570251,0.8503000140190125
YJR090C,YDR069C,1,-3.623642,0.08174946159124374,0.7570000290870667,0.8503000140190125
YOL027C,YIL042C,0,-3.6236682,0.08174063265323639,0.7570000290870667,0.8503999710083008
YKL101W,YGL125W,0,-3.623746,0.08173180371522903,0.7570000290870667,0.8504999876022339
YFR004W,YJR090C,1,-3.6239665,0.0818309411406517,0.7580000162124634,0.8504999876022339
YLL022C,YIL041W,0,-3.6240346,0.08182210475206375,0.7580000162124634,0.850600004196167
YNL281W,YIL023C,0,-3.6243324,0.0818132758140564,0.7580000162124634,0.8507000207901001
YJR092W,YKR014C,0,-3.6244202,0.08180444687604904,0.7580000162124634,0.8507999777793884
YLR045C,YDR436W,0,-3.624772,0.08179561793804169,0.7580000162124634,0.8508999943733215
YGR241C,YLR203C,0,-3.624846,0.08178679645061493,0.7580000162124634,0.8510000109672546
YOR058C,YDR013W,0,-3.6251278,0.08177796751260757,0.7580000162124634,0.8511000275611877
YGL208W,YDR488C,0,-3.6254022,0.08176914602518082,0.7580000162124634,0.8511999845504761
YDR419W,YOR216C,0,-3.625846,0.08176032453775406,0.7580000162124634,0.8513000011444092
YIR018W,YNL268W,0,-3.6259665,0.0817515105009079,0.7580000162124634,0.8514000177383423
YDR362C,YNL009W,0,-3.6260343,0.08174269646406174,0.7580000162124634,0.8514999747276306
YGR167W,YDR529C,0,-3.6262856,0.08173388242721558,0.7580000162124634,0.8515999913215637
YJL047C,YFR036W,1,-3.6263566,0.0818328857421875,0.7590000033378601,0.8515999913215637
YBL052C,YML032C,0,-3.626658,0.08182406425476074,0.7590000033378601,0.8517000079154968
YDR400W,YFL009W,1,-3.6266775,0.08192303776741028,0.7599999904632568,0.8517000079154968
YIL031W,YIL035C,0,-3.6269703,0.08191420882940292,0.7599999904632568,0.8518000245094299
YGR288W,YIL131C,0,-3.6274297,0.08190537989139557,0.7599999904632568,0.8518999814987183
YJR097W,YNL257C,0,-3.627472,0.08189655095338821,0.7599999904632568,0.8519999980926514
YOR017W,YDL044C,0,-3.6275525,0.08188772946596146,0.7599999904632568,0.8521000146865845
YFR007W,YGR002C,0,-3.6275773,0.0818789079785347,0.7599999904632568,0.8521999716758728
YHR176W,YNR015W,0,-3.6276987,0.08187008649110794,0.7599999904632568,0.8522999882698059
YLR128W,YML036W,0,-3.6279078,0.08186126500368118,0.7599999904632568,0.852400004863739
YLL036C,YLR380W,1,-3.6282258,0.08196014910936356,0.7609999775886536,0.852400004863739
YDR337W,YMR065W,0,-3.628371,0.0819513276219368,0.7609999775886536,0.8525000214576721
YJL140W,YGR081C,0,-3.6283836,0.08194249868392944,0.7609999775886536,0.8525999784469604
YBR136W,YJR040W,0,-3.628536,0.08193367719650269,0.7609999775886536,0.8526999950408936
YPR101W,YEL052W,0,-3.628992,0.08192485570907593,0.7609999775886536,0.8528000116348267
YPL259C,YLR289W,0,-3.6293855,0.08191604167222977,0.7609999775886536,0.8529000282287598
YLR390W,YBR179C,0,-3.6294868,0.08190722018480301,0.7609999775886536,0.8529999852180481
YMR285C,YBR004C,0,-3.6298761,0.08189840614795685,0.7609999775886536,0.8531000018119812
YNL239W,YLR135W,0,-3.6299884,0.08188959211111069,0.7609999775886536,0.8532000184059143
YDL171C,YNL267W,0,-3.6303172,0.08188078552484512,0.7609999775886536,0.8532999753952026
YOR256C,YGL227W,1,-3.6308527,0.08197955787181854,0.7620000243186951,0.8532999753952026
YNR026C,YDR177W,1,-3.6310081,0.08207831531763077,0.7630000114440918,0.8532999753952026
YMR201C,YPR171W,0,-3.6312208,0.08206948637962341,0.7630000114440918,0.8533999919891357
YGL035C,YPR023C,0,-3.6315277,0.08206065744161606,0.7630000114440918,0.8535000085830688
YPR103W,YLR127C,1,-3.6316931,0.0821593701839447,0.7639999985694885,0.8535000085830688
YDL165W,YML094W,0,-3.6318276,0.08215054124593735,0.7639999985694885,0.853600025177002
YMR006C,YER122C,0,-3.6323047,0.0821417048573494,0.7639999985694885,0.8536999821662903
YKL181W,YJR032W,0,-3.6324196,0.08213287591934204,0.7639999985694885,0.8537999987602234
YPL016W,YHL013C,0,-3.6325476,0.08212404698133469,0.7639999985694885,0.8539000153541565
YEL015W,YJL002C,0,-3.6325803,0.08211521804332733,0.7639999985694885,0.8539999723434448
YBR175W,YJL097W,0,-3.6326656,0.08210639655590057,0.7639999985694885,0.8540999889373779
YHR027C,YHR200W,1,-3.6330912,0.08220502734184265,0.7649999856948853,0.8540999889373779
YHR129C,YBR240C,0,-3.633344,0.0821961984038353,0.7649999856948853,0.854200005531311
YBR002C,YHR079C,0,-3.6337552,0.08218736201524734,0.7649999856948853,0.8543000221252441
YGL137W,YOR141C,0,-3.6343331,0.08217854052782059,0.7649999856948853,0.8543999791145325
YFR004W,YOL038W,1,-3.6345448,0.08227711915969849,0.765999972820282,0.8543999791145325
YCR081W,YOR106W,0,-3.6347766,0.08226828277111053,0.765999972820282,0.8544999957084656
YDR349C,YDL107W,0,-3.634853,0.08225945383310318,0.765999972820282,0.8546000123023987
YML025C,YOR138C,0,-3.6349347,0.08225061744451523,0.765999972820282,0.8547000288963318
YNL159C,YLR380W,1,-3.6353421,0.08234915137290955,0.7670000195503235,0.8547000288963318
YHR028C,YAR018C,0,-3.635366,0.0823403149843216,0.7670000195503235,0.8547999858856201
YER151C,YMR150C,0,-3.6356087,0.08233147114515305,0.7670000195503235,0.8549000024795532
YMR146C,YDR205W,0,-3.6356277,0.0823226347565651,0.7670000195503235,0.8550000190734863
YLR105C,YGR240C,0,-3.6361659,0.08231379836797714,0.7670000195503235,0.8550999760627747
YFR004W,YDL126C,1,-3.6361732,0.08241227269172668,0.7680000066757202,0.8550999760627747
YHR039C-A,YLR228C,0,-3.6364117,0.08240343630313873,0.7680000066757202,0.8551999926567078
YKR087C,YBR290W,1,-3.6364672,0.08250188082456589,0.7689999938011169,0.8551999926567078
YDR267C,YLR368W,0,-3.6367207,0.08249302953481674,0.7689999938011169,0.8553000092506409
YPL087W,YLR450W,0,-3.636734,0.0824841782450676,0.7689999938011169,0.855400025844574
YMR193W,YMR260C,0,-3.6370244,0.08247533440589905,0.7689999938011169,0.8554999828338623
YIL126W,YDL005C,0,-3.6373632,0.0824664905667305,0.7689999938011169,0.8555999994277954
YLR113W,YMR094W,0,-3.637887,0.08245764672756195,0.7689999938011169,0.8557000160217285
YHR206W,YGL203C,0,-3.6381004,0.0824488028883934,0.7689999938011169,0.8557999730110168
YDR403W,YPL157W,0,-3.6381261,0.08243996649980545,0.7689999938011169,0.85589998960495
YHR166C,YNL159C,1,-3.6387033,0.08253832161426544,0.7699999809265137,0.85589998960495
YPL016W,YNR013C,0,-3.6393206,0.0825294777750969,0.7699999809265137,0.8560000061988831
YHR043C,YFR036W,1,-3.639513,0.0826278030872345,0.7710000276565552,0.8560000061988831
YGL011C,YNL064C,1,-3.6395855,0.08272610604763031,0.7720000147819519,0.8560000061988831
YPL038W,YIR036C,0,-3.6395948,0.08271723985671997,0.7720000147819519,0.8561000227928162
YNR035C,YCR072C,0,-3.6396017,0.08270838111639023,0.7720000147819519,0.8561999797821045
YDL028C,YPL195W,0,-3.6396744,0.08269951492547989,0.7720000147819519,0.8562999963760376
YBL052C,YLR026C,0,-3.6397076,0.08269065618515015,0.7720000147819519,0.8564000129699707
YNL312W,YNL049C,0,-3.6400366,0.082681804895401,0.7720000147819519,0.8565000295639038
YGR090W,YOR007C,0,-3.640161,0.08267294615507126,0.7720000147819519,0.8565999865531921
YIL103W,YBL030C,0,-3.6402242,0.08266409486532211,0.7720000147819519,0.8567000031471252
YFR052W,YNL064C,1,-3.6402473,0.08276231586933136,0.7730000019073486,0.8567000031471252
YBR223C,YLR203C,0,-3.6402926,0.08275344967842102,0.7730000019073486,0.8568000197410583
YBL089W,YMR302C,0,-3.6405296,0.08274459093809128,0.7730000019073486,0.8568999767303467
YJR043C,YOL082W,0,-3.6406894,0.08273573964834213,0.7730000019073486,0.8569999933242798
YOR360C,YDR265W,0,-3.6408615,0.08272688090801239,0.7730000019073486,0.8571000099182129
YOL103W,YDL084W,0,-3.641014,0.08271802961826324,0.7730000019073486,0.857200026512146
YLR035C,YHR026W,0,-3.6411912,0.0827091783285141,0.7730000019073486,0.8572999835014343
YPR181C,YDR054C,1,-3.6413581,0.08280731737613678,0.7739999890327454,0.8572999835014343
YKR028W,YNL244C,0,-3.6415827,0.08279845863580704,0.7739999890327454,0.8574000000953674
YJL004C,YHR074W,0,-3.6418648,0.0827895998954773,0.7739999890327454,0.8575000166893005
YOR130C,YJR078W,0,-3.6419892,0.08278074860572815,0.7739999890327454,0.8575999736785889
YFL037W,YPR023C,0,-3.6420217,0.082771897315979,0.7739999890327454,0.857699990272522
YDR211W,YDR130C,0,-3.642065,0.08276304602622986,0.7739999890327454,0.8578000068664551
YHR063C,YDR315C,0,-3.642244,0.08275419473648071,0.7739999890327454,0.8579000234603882
YMR139W,YJL189W,0,-3.6423597,0.08274535089731216,0.7739999890327454,0.8579999804496765
YBR216C,YCR028C,0,-3.6425881,0.08273650705814362,0.7739999890327454,0.8580999970436096
YHL007C,YBR167C,0,-3.642747,0.08272766321897507,0.7739999890327454,0.8582000136375427
YDR299W,YER048C,0,-3.6429086,0.08271881937980652,0.7739999890327454,0.858299970626831
YML078W,YML070W,0,-3.643143,0.08270998299121857,0.7739999890327454,0.8583999872207642
YLR242C,YDR031W,0,-3.6432128,0.08270114660263062,0.7739999890327454,0.8585000038146973
YJL134W,YMR224C,0,-3.6435819,0.08269231021404266,0.7739999890327454,0.8586000204086304
YJR044C,YER144C,0,-3.6442397,0.08268347382545471,0.7739999890327454,0.8586999773979187
YOR295W,YHR034C,0,-3.6443672,0.08267464488744736,0.7739999890327454,0.8587999939918518
YEL064C,YOR148C,0,-3.6446552,0.08266581594944,0.7739999890327454,0.8589000105857849
YBL050W,YOR063W,0,-3.644925,0.08265698701143265,0.7739999890327454,0.859000027179718
YDR288W,YKL092C,0,-3.6449413,0.08264815807342529,0.7739999890327454,0.8590999841690063
YNL166C,YOR179C,0,-3.6451135,0.08263933658599854,0.7739999890327454,0.8592000007629395
YLL043W,YFR044C,0,-3.6452992,0.08263050764799118,0.7739999890327454,0.8593000173568726
YGR152C,YNL306W,0,-3.6454291,0.08262169361114502,0.7739999890327454,0.8593999743461609
YLR421C,YHR069C,0,-3.6454835,0.08261287212371826,0.7739999890327454,0.859499990940094
YOR355W,YJL020C,0,-3.6457071,0.0826040580868721,0.7739999890327454,0.8596000075340271
YBR203W,YMR188C,0,-3.646771,0.08259524405002594,0.7739999890327454,0.8597000241279602
YKL189W,YLR022C,0,-3.646808,0.08258643001317978,0.7739999890327454,0.8597999811172485
YJL036W,YDR216W,0,-3.646947,0.08257761597633362,0.7739999890327454,0.8598999977111816
YNL254C,YJL214W,0,-3.6469796,0.08256880939006805,0.7739999890327454,0.8600000143051147
YGR123C,YHL024W,0,-3.64714,0.08256000280380249,0.7739999890327454,0.8600999712944031
YDL231C,YMR038C,0,-3.6472924,0.08255119621753693,0.7739999890327454,0.8601999878883362
YNL032W,YNR044W,0,-3.6476264,0.08254238963127136,0.7739999890327454,0.8603000044822693
YPL271W,YJR004C,0,-3.6478634,0.0825335904955864,0.7739999890327454,0.8604000210762024
YOR035C,YKL135C,0,-3.64811,0.08252479135990143,0.7739999890327454,0.8604999780654907
YMR044W,YDR229W,0,-3.6482606,0.08251599222421646,0.7739999890327454,0.8605999946594238
YCL052C,YKL022C,1,-3.6482778,0.08261379599571228,0.7749999761581421,0.8605999946594238
YNL153C,YDL108W,0,-3.648443,0.08260498940944672,0.7749999761581421,0.8607000112533569
YNL102W,YER027C,0,-3.6489086,0.08259618282318115,0.7749999761581421,0.86080002784729
YDR117C,YLR373C,0,-3.6489573,0.08258738368749619,0.7749999761581421,0.8608999848365784
YLR459W,YMR263W,0,-3.6491957,0.08257858455181122,0.7749999761581421,0.8610000014305115
YER019C-A,YPL048W,0,-3.6494405,0.08256978541612625,0.7749999761581421,0.8611000180244446
YIL134W,YJR075W,0,-3.64969,0.08256098628044128,0.7749999761581421,0.8611999750137329
YJL047C,YLR119W,1,-3.6496952,0.08265871554613113,0.7760000228881836,0.8611999750137329
YIL061C,YJL123C,0,-3.6499534,0.08264990895986557,0.7760000228881836,0.861299991607666
YNL147W,YPL023C,0,-3.6499987,0.0826411098241806,0.7760000228881836,0.8614000082015991
YPR182W,YNL049C,0,-3.6501455,0.08263231068849564,0.7760000228881836,0.8615000247955322
YLR244C,YDL197C,0,-3.6504827,0.08262351155281067,0.7760000228881836,0.8615999817848206
YOR126C,YLR187W,0,-3.6506767,0.0826147124171257,0.7760000228881836,0.8616999983787537
YIR037W,YPL181W,0,-3.650824,0.08260592073202133,0.7760000228881836,0.8618000149726868
YDR050C,YDL229W,0,-3.650856,0.08259712904691696,0.7760000228881836,0.8618999719619751
YGL050W,YPL046C,0,-3.6508698,0.08258833736181259,0.7760000228881836,0.8619999885559082
YDL015C,YMR284W,0,-3.6512349,0.08257954567670822,0.7760000228881836,0.8621000051498413
YDL099W,YOR140W,0,-3.6514084,0.08257076144218445,0.7760000228881836,0.8622000217437744
YDR205W,YCR052W,0,-3.6515186,0.08256197720766068,0.7760000228881836,0.8622999787330627
YBR294W,YLR453C,0,-3.651534,0.0825531929731369,0.7760000228881836,0.8623999953269958
YOR100C,YLR448W,0,-3.651801,0.08254440873861313,0.7760000228881836,0.862500011920929
YAL047C,YDR369C,0,-3.6518927,0.08253563195466995,0.7760000228881836,0.8626000285148621
YJR064W,YPR042C,0,-3.651993,0.08252685517072678,0.7760000228881836,0.8626999855041504
YGL038C,YPL078C,0,-3.6520617,0.0825180783867836,0.7760000228881836,0.8628000020980835
YPR103W,YDL008W,1,-3.6521204,0.08261562883853912,0.7770000100135803,0.8628000020980835
YDR478W,YDR423C,0,-3.6522756,0.08260684460401535,0.7770000100135803,0.8629000186920166
YMR293C,YDR036C,0,-3.6524239,0.08259806782007217,0.7770000100135803,0.8629999756813049
YFR052W,YPL002C,1,-3.6526108,0.08269558101892471,0.777999997138977,0.8629999756813049
YMR071C,YGR175C,0,-3.6529155,0.08268678933382034,0.777999997138977,0.863099992275238
YML115C,YOL128C,0,-3.653386,0.08267800509929657,0.777999997138977,0.8632000088691711
YNL192W,YHR121W,0,-3.6537101,0.0826692134141922,0.777999997138977,0.8633000254631042
YIR036C,YKR038C,0,-3.6537519,0.08266043663024902,0.777999997138977,0.8633999824523926
YKL041W,YDL147W,1,-3.6538966,0.08275789022445679,0.7789999842643738,0.8633999824523926
YKL203C,YER026C,0,-3.6541638,0.08274909853935242,0.7789999842643738,0.8634999990463257
YDR208W,YFR005C,0,-3.6548038,0.08274030685424805,0.7789999842643738,0.8636000156402588
YNL281W,YAL062W,0,-3.6550941,0.08273152261972427,0.7789999842643738,0.8636999726295471
YLR459W,YMR075W,0,-3.6552775,0.0827227383852005,0.7789999842643738,0.8637999892234802
YMR043W,YBR044C,0,-3.6554468,0.08271395415067673,0.7789999842643738,0.8639000058174133
YDL065C,YPR186C,0,-3.655598,0.08270516991615295,0.7789999842643738,0.8640000224113464
YGR223C,YOR354C,0,-3.655819,0.08269639313220978,0.7789999842643738,0.8640999794006348
YKL126W,YOR197W,0,-3.6561766,0.0826876163482666,0.7789999842643738,0.8641999959945679
YAR019C,YGL113W,0,-3.656209,0.08267883956432343,0.7789999842643738,0.864300012588501
YDR043C,YDR086C,0,-3.6563582,0.08267006278038025,0.7789999842643738,0.8644000291824341
YKL137W,YJL111W,0,-3.6568449,0.08266129344701767,0.7789999842643738,0.8644999861717224
YKL119C,YDR527W,0,-3.6570835,0.0826525166630745,0.7789999842643738,0.8646000027656555
YMR036C,YIR010W,0,-3.6571436,0.08264375478029251,0.7789999842643738,0.8647000193595886
YOL003C,YML114C,0,-3.6574106,0.08263498544692993,0.7789999842643738,0.864799976348877
YDL216C,YJL194W,0,-3.657514,0.08262621611356735,0.7789999842643738,0.8648999929428101
YJL080C,YJL004C,0,-3.6575322,0.08261745423078537,0.7789999842643738,0.8650000095367432
YPL084W,YFR052W,1,-3.6575353,0.08271474391222,0.7799999713897705,0.8650000095367432
YJR095W,YFR042W,0,-3.6579394,0.08270596712827682,0.7799999713897705,0.8651000261306763
YOR080W,YOR217W,0,-3.6585739,0.08269719779491425,0.7799999713897705,0.8651999831199646
YKL210W,YDR346C,0,-3.658585,0.08268843591213226,0.7799999713897705,0.8652999997138977
YFR033C,YMR167W,0,-3.6588326,0.08267966657876968,0.7799999713897705,0.8654000163078308
YOR261C,YMR214W,1,-3.6600966,0.08277689665555954,0.781000018119812,0.8654000163078308
YNL267W,YHR098C,0,-3.6602101,0.08276811987161636,0.781000018119812,0.8654999732971191
YPL094C,YGR116W,0,-3.6603112,0.08275935053825378,0.781000018119812,0.8655999898910522
YBL101C,YBR102C,0,-3.660406,0.0827505812048912,0.781000018119812,0.8657000064849854
YNL021W,YGL257C,0,-3.6605024,0.08274181932210922,0.781000018119812,0.8658000230789185
YER088C,YOR171C,0,-3.6605124,0.08273304998874664,0.781000018119812,0.8658999800682068
YLR105C,YCR012W,0,-3.6605644,0.08272428810596466,0.781000018119812,0.8659999966621399
YMR217W,YCR030C,0,-3.6606636,0.08271552622318268,0.781000018119812,0.866100013256073
YDL147W,YPL084W,1,-3.6610968,0.08281266689300537,0.7820000052452087,0.866100013256073
YOL156W,YIL039W,0,-3.6612756,0.08280389755964279,0.7820000052452087,0.8661999702453613
YMR264W,YDL147W,1,-3.6612809,0.0829010084271431,0.7829999923706055,0.8661999702453613
YOR256C,YER094C,1,-3.6613483,0.08299809694290161,0.7839999794960022,0.8661999702453613
YDR288W,YJL123C,0,-3.6616154,0.08298930525779724,0.7839999794960022,0.8662999868392944
YKL020C,YLR135W,0,-3.6616244,0.08298052847385406,0.7839999794960022,0.8664000034332275
YDL097C,YBL041W,1,-3.66191,0.083077572286129,0.7850000262260437,0.8664000034332275
YDR379W,YPL214C,0,-3.6620271,0.08306878060102463,0.7850000262260437,0.8665000200271606
YLL022C,YIL065C,0,-3.6621308,0.08305999636650085,0.7850000262260437,0.866599977016449
YPL072W,YER112W,0,-3.662208,0.08305120468139648,0.7850000262260437,0.8666999936103821
YML025C,YMR179W,0,-3.662301,0.08304242044687271,0.7850000262260437,0.8668000102043152
YDL155W,YOR279C,0,-3.6624699,0.08303363621234894,0.7850000262260437,0.8669000267982483
YPL096W,YKL034W,1,-3.6625159,0.0831306204199791,0.7860000133514404,0.8669000267982483
YDR538W,YJL176C,0,-3.6625402,0.08312182873487473,0.7860000133514404,0.8669999837875366
YNL212W,YMR267W,0,-3.6630192,0.08311303704977036,0.7860000133514404,0.8671000003814697
YGL068W,YML028W,0,-3.663034,0.08310425281524658,0.7860000133514404,0.8672000169754028
YBR288C,YKL108W,0,-3.6636343,0.08309546113014221,0.7860000133514404,0.8672999739646912
YGL201C,YOR036W,0,-3.663712,0.08308668434619904,0.7860000133514404,0.8673999905586243
YDL078C,YJR025C,0,-3.663856,0.08307790011167526,0.7860000133514404,0.8675000071525574
YHR119W,YLL022C,0,-3.663905,0.08306911587715149,0.7860000133514404,0.8676000237464905
YGR180C,YJL100W,0,-3.6639261,0.08306033909320831,0.7860000133514404,0.8676999807357788
YDR507C,YBR283C,0,-3.6641927,0.08305156230926514,0.7860000133514404,0.8677999973297119
YNL027W,YGR098C,0,-3.664322,0.08304278552532196,0.7860000133514404,0.867900013923645
YER151C,YPL074W,0,-3.6654387,0.08303401619195938,0.7860000133514404,0.8679999709129333
YDR116C,YGR238C,0,-3.6655836,0.0830252468585968,0.7860000133514404,0.8680999875068665
YMR293C,YIL114C,0,-3.6658254,0.08301647752523422,0.7860000133514404,0.8682000041007996
YJL034W,YHR166C,1,-3.665888,0.08311332017183304,0.7870000004768372,0.8682000041007996
YPR058W,YNL131W,0,-3.666324,0.08310454338788986,0.7870000004768372,0.8683000206947327
YLR154C,YLR028C,0,-3.6668358,0.08309576660394669,0.7870000004768372,0.868399977684021
YER048W-A,YMR039C,0,-3.6673627,0.08308698982000351,0.7870000004768372,0.8684999942779541
YBL079W,YPL007C,0,-3.667564,0.08307822048664093,0.7870000004768372,0.8686000108718872
YKL116C,YBR044C,0,-3.6681962,0.08306945115327835,0.7870000004768372,0.8687000274658203
YKL126W,YML069W,0,-3.668425,0.08306068927049637,0.7870000004768372,0.8687999844551086
YLL036C,YBR173C,1,-3.6686187,0.08315744996070862,0.7879999876022339,0.8687999844551086
YOR080W,YKL146W,0,-3.6686401,0.08314867317676544,0.7879999876022339,0.8689000010490417
YJL065C,YLL013C,0,-3.6688175,0.08313990384340286,0.7879999876022339,0.8690000176429749
YNL098C,YHR143W-A,0,-3.6691875,0.08313113451004028,0.7879999876022339,0.8690999746322632
YCL010C,YLR306W,0,-3.669468,0.0831223651766777,0.7879999876022339,0.8691999912261963
YMR264W,YPR108W,1,-3.6699166,0.08321906626224518,0.7889999747276306,0.8691999912261963
YKR009C,YML065W,0,-3.6700466,0.083210289478302,0.7889999747276306,0.8693000078201294
YMR314W,YMR022W,1,-3.6701467,0.08330696821212769,0.7900000214576721,0.8693000078201294
YBR155W,YGL040C,0,-3.6705112,0.08329818397760391,0.7900000214576721,0.8694000244140625
YGL208W,YDR159W,0,-3.6708179,0.08328940719366074,0.7900000214576721,0.8694999814033508
YLR381W,YKR090W,0,-3.6708274,0.08328062295913696,0.7900000214576721,0.8695999979972839
YDR247W,YBR258C,0,-3.6709964,0.08327184617519379,0.7900000214576721,0.869700014591217
YOR094W,YBL030C,0,-3.6710474,0.08326306939125061,0.7900000214576721,0.8697999715805054
YGL030W,YBR223C,0,-3.6710658,0.08325429260730743,0.7900000214576721,0.8698999881744385
YCL038C,YMR236W,0,-3.6714816,0.08324552327394485,0.7900000214576721,0.8700000047683716
YAL035W,YMR145C,0,-3.6718464,0.08323675394058228,0.7900000214576721,0.8701000213623047
YDL147W,YPR108W,1,-3.6721578,0.0833333358168602,0.7910000085830688,0.8701000213623047
YCR039C,YNL121C,0,-3.672373,0.08332455158233643,0.7910000085830688,0.870199978351593
YDR177W,YDR394W,1,-3.6724665,0.08342111110687256,0.7919999957084656,0.870199978351593
YLR266C,YLR066W,0,-3.6727993,0.08341231942176819,0.7919999957084656,0.8702999949455261
YDL147W,YBL041W,1,-3.672828,0.08350884914398193,0.7929999828338623,0.8702999949455261
YPR035W,YLR048W,0,-3.672954,0.08350005000829697,0.7929999828338623,0.8704000115394592
YBR055C,YGL037C,0,-3.6733708,0.0834912583231926,0.7929999828338623,0.8705000281333923
YDR363W-A,YDL147W,1,-3.6736934,0.08358774334192276,0.7940000295639038,0.8705000281333923
YIL142W,YOL065C,0,-3.673769,0.08357894420623779,0.7940000295639038,0.8705999851226807
YNL315C,YAR031W,0,-3.6740482,0.08357015252113342,0.7940000295639038,0.8707000017166138
YBR102C,YMR004W,0,-3.6744092,0.08356135338544846,0.7940000295639038,0.8708000183105469
YKL206C,YPR181C,1,-3.6747103,0.08365779370069504,0.7950000166893005,0.8708000183105469
YKL189W,YFL017W-A,0,-3.67477,0.08364898711442947,0.7950000166893005,0.8708999752998352
YFR009W,YIL150C,0,-3.6748724,0.0836401879787445,0.7950000166893005,0.8709999918937683
YBR296C,YMR282C,0,-3.6749678,0.08363138884305954,0.7950000166893005,0.8711000084877014
YLR256W,YER180C,0,-3.6750443,0.08362259715795517,0.7950000166893005,0.8712000250816345
YOR128C,YGL119W,0,-3.6750796,0.0836137980222702,0.7950000166893005,0.8712999820709229
YNL298W,YOR197W,0,-3.6752343,0.08360500633716583,0.7950000166893005,0.871399998664856
YMR123W,YMR005W,0,-3.675517,0.08359621465206146,0.7950000166893005,0.8715000152587891
YNL166C,YIL099W,0,-3.6755595,0.08358742296695709,0.7950000166893005,0.8715999722480774
YGL050W,YGL130W,0,-3.6759715,0.08357863873243332,0.7950000166893005,0.8716999888420105
YDR452W,YJL010C,0,-3.6759768,0.08356985449790955,0.7950000166893005,0.8718000054359436
YDR081C,YLR147C,0,-3.676028,0.08356107026338577,0.7950000166893005,0.8719000220298767
YDR017C,YMR080C,0,-3.676138,0.083552286028862,0.7950000166893005,0.871999979019165
YDR448W,YGR199W,0,-3.676277,0.08354350924491882,0.7950000166893005,0.8720999956130981
YDR351W,YDR477W,0,-3.676313,0.08353472501039505,0.7950000166893005,0.8722000122070312
YBR251W,YFR046C,0,-3.6767344,0.08352594822645187,0.7950000166893005,0.8723000288009644
YOL070C,YNL241C,0,-3.676891,0.0835171788930893,0.7950000166893005,0.8723999857902527
YJL099W,YER030W,0,-3.6769407,0.08350840210914612,0.7950000166893005,0.8725000023841858
YLR308W,YLR307W,0,-3.6770625,0.08349963277578354,0.7950000166893005,0.8726000189781189
YDR454C,YNL238W,0,-3.6776776,0.08349086344242096,0.7950000166893005,0.8726999759674072
YDR099W,YNL306W,0,-3.6776876,0.08348209410905838,0.7950000166893005,0.8727999925613403
YLR127C,YAL058W,1,-3.6776972,0.08357832580804825,0.7960000038146973,0.8727999925613403
YGR209C,YMR193W,0,-3.6779199,0.08356955647468567,0.7960000038146973,0.8729000091552734
YPR111W,YFL008W,0,-3.6784399,0.08356077969074249,0.7960000038146973,0.8730000257492065
YOL145C,YNL309W,0,-3.6787014,0.08355201035737991,0.7960000038146973,0.8730999827384949
YHR200W,YBL058W,1,-3.6790023,0.0836481973528862,0.796999990940094,0.8730999827384949
YBL058W,YPR181C,1,-3.6792877,0.0837443619966507,0.7979999780654907,0.8730999827384949
YJL122W,YMR186W,0,-3.679389,0.08373557031154633,0.7979999780654907,0.873199999332428
YMR083W,YMR021C,0,-3.679823,0.08372678607702255,0.7979999780654907,0.8733000159263611
YPR029C,YOL030W,0,-3.6800919,0.08371800184249878,0.7979999780654907,0.8733999729156494
YMR020W,YOR092W,0,-3.680532,0.083709217607975,0.7979999780654907,0.8734999895095825
YNL197C,YDR037W,0,-3.6811137,0.08370044082403183,0.7979999780654907,0.8736000061035156
YGR009C,YPL274W,0,-3.6811478,0.08369166404008865,0.7979999780654907,0.8737000226974487
YOL108C,YDL226C,0,-3.6812067,0.08368288725614548,0.7979999780654907,0.8737999796867371
YDR117C,YBR001C,0,-3.6817408,0.0836741104722023,0.7979999780654907,0.8738999962806702
YKL120W,YOR221C,0,-3.6818209,0.08366534113883972,0.7979999780654907,0.8740000128746033
YML069W,YLR418C,0,-3.6819324,0.08365656435489655,0.7979999780654907,0.8741000294685364
YGL059W,YLR172C,0,-3.681995,0.08364779502153397,0.7979999780654907,0.8741999864578247
YLR410W,YER089C,0,-3.6820655,0.08363903313875198,0.7979999780654907,0.8743000030517578
YCR017C,YPL020C,0,-3.6823466,0.0836302638053894,0.7979999780654907,0.8744000196456909
YBL079W,YBR177C,0,-3.6824179,0.08362150192260742,0.7979999780654907,0.8744999766349792
YNL289W,YLR095C,0,-3.682497,0.08361274003982544,0.7979999780654907,0.8745999932289124
YNL163C,YMR306W,0,-3.6827598,0.08360397815704346,0.7979999780654907,0.8747000098228455
YBR282W,YHR105W,0,-3.6827855,0.08359522372484207,0.7979999780654907,0.8748000264167786
YKL175W,YPL028W,0,-3.6830828,0.08358646929264069,0.7979999780654907,0.8748999834060669
YOL140W,YKR061W,0,-3.6832705,0.0835777148604393,0.7979999780654907,0.875
YAL029C,YDL127W,0,-3.6834638,0.08356896042823792,0.7979999780654907,0.8751000165939331
YMR314W,YMR161W,1,-3.6835735,0.0836649239063263,0.7990000247955322,0.8751000165939331
YNL275W,YOR033C,0,-3.6853137,0.08365616202354431,0.7990000247955322,0.8751999735832214
YMR033W,YKL089W,0,-3.6853445,0.08364740014076233,0.7990000247955322,0.8752999901771545
YLL036C,YKL206C,1,-3.6855712,0.08374332636594772,0.800000011920929,0.8752999901771545
YGL227W,YLR097C,1,-3.686039,0.08383923023939133,0.8009999990463257,0.8752999901771545
YLR119W,YDR069C,1,-3.686283,0.08393511176109314,0.8019999861717224,0.8752999901771545
YDR216W,YGR068C,0,-3.6864417,0.08392632752656937,0.8019999861717224,0.8754000067710876
YGR095C,YGL191W,0,-3.6865413,0.08391755074262619,0.8019999861717224,0.8755000233650208
YDR540C,YIL004C,0,-3.6868677,0.08390876650810242,0.8019999861717224,0.8755999803543091
YKL176C,YER029C,0,-3.6871834,0.08389998972415924,0.8019999861717224,0.8756999969482422
YNL172W,YOR362C,1,-3.6872866,0.08399581909179688,0.8029999732971191,0.8756999969482422
YMR150C,YOR279C,0,-3.6877313,0.0839870274066925,0.8029999732971191,0.8758000135421753
YDR313C,YLR371W,0,-3.6878161,0.08397825062274933,0.8029999732971191,0.8758999705314636
YJL166W,YOR033C,0,-3.6879957,0.08396946638822556,0.8029999732971191,0.8759999871253967
YBL027W,YGR231C,0,-3.6885638,0.08396068960428238,0.8029999732971191,0.8761000037193298
YER002W,YHR079C,0,-3.6890345,0.0839519053697586,0.8029999732971191,0.8762000203132629
YGL145W,YBL064C,0,-3.689045,0.08394312858581543,0.8029999732971191,0.8762999773025513
YLR148W,YNL088W,0,-3.690174,0.08393435925245285,0.8029999732971191,0.8763999938964844
YLR014C,YDL044C,0,-3.6904616,0.08392558246850967,0.8029999732971191,0.8765000104904175
YDR298C,YBL006C,0,-3.690561,0.0839168131351471,0.8029999732971191,0.8766000270843506
YDR363W-A,YKL034W,1,-3.6906488,0.08401253819465637,0.8040000200271606,0.8766000270843506
YLR204W,YNL279W,0,-3.6906714,0.0840037614107132,0.8040000200271606,0.8766999840736389
YNL197C,YDL200C,0,-3.691469,0.08399498462677002,0.8040000200271606,0.876800000667572
YKL018W,YBL052C,0,-3.6917996,0.08398620784282684,0.8040000200271606,0.8769000172615051
YGR163W,YGL187C,0,-3.6918173,0.08397743850946426,0.8040000200271606,0.8769999742507935
YOL040C,YBR001C,0,-3.6919274,0.08396866917610168,0.8040000200271606,0.8770999908447266
YOR353C,YGL133W,0,-3.6922078,0.0839598998427391,0.8040000200271606,0.8772000074386597
YBR129C,YLR268W,0,-3.6922092,0.08395113050937653,0.8040000200271606,0.8773000240325928
YJL052W,YDL082W,0,-3.6922355,0.08394236862659454,0.8040000200271606,0.8773999810218811
YBL009W,YJR021C,0,-3.692463,0.08393360674381256,0.8040000200271606,0.8774999976158142
YBR082C,YKL034W,1,-3.6925495,0.08402922749519348,0.8050000071525574,0.8774999976158142
YNL272C,YDR139C,0,-3.6926756,0.0840204581618309,0.8050000071525574,0.8776000142097473
YNL189W,YHR115C,0,-3.692698,0.08401168882846832,0.8050000071525574,0.8776999711990356
YDR481C,YOR159C,0,-3.692744,0.08400291949510574,0.8050000071525574,0.8777999877929688
YGR166W,YLR043C,0,-3.6933823,0.08399415761232376,0.8050000071525574,0.8779000043869019
YBR122C,YJR134C,0,-3.6939611,0.08398539572954178,0.8050000071525574,0.878000020980835
YJR068W,YGL232W,0,-3.6941462,0.0839766338467598,0.8050000071525574,0.8780999779701233
YOL066C,YNL128W,0,-3.6941578,0.08396787196397781,0.8050000071525574,0.8781999945640564
YJL072C,YMR042W,0,-3.6942513,0.08395911753177643,0.8050000071525574,0.8783000111579895
YOL129W,YHR107C,0,-3.694258,0.08395036309957504,0.8050000071525574,0.8784000277519226
YOR284W,YGL250W,0,-3.695137,0.08394160866737366,0.8050000071525574,0.8784999847412109
YEL059C-A,YAL032C,0,-3.6951566,0.08393285423517227,0.8050000071525574,0.878600001335144
YMR024W,YGR240C,0,-3.6956449,0.08392409980297089,0.8050000071525574,0.8787000179290771
YDR264C,YBR205W,0,-3.6956768,0.0839153528213501,0.8050000071525574,0.8787999749183655
YOR025W,YNR010W,0,-3.69568,0.08390660583972931,0.8050000071525574,0.8788999915122986
YNL304W,YMR021C,0,-3.6957445,0.08389786630868912,0.8050000071525574,0.8790000081062317
YBR030W,YKR022C,0,-3.6959457,0.08388911932706833,0.8050000071525574,0.8791000247001648
YBR122C,YNL085W,0,-3.696058,0.08388037979602814,0.8050000071525574,0.8791999816894531
YLR238W,YGR095C,0,-3.6961446,0.08387164026498795,0.8050000071525574,0.8792999982833862
YGL256W,YKL170W,0,-3.6969543,0.08386290073394775,0.8050000071525574,0.8794000148773193
YGR075C,YMR039C,0,-3.6971118,0.08385416865348816,0.8050000071525574,0.8794999718666077
YPR005C,YNL049C,0,-3.697425,0.08384542912244797,0.8050000071525574,0.8795999884605408
YLR418C,YLR141W,0,-3.6974463,0.08383669704198837,0.8050000071525574,0.8797000050544739
YPL183W-A,YGR268C,0,-3.6975465,0.08382797241210938,0.8050000071525574,0.879800021648407
YAL053W,YHR183W,0,-3.6981058,0.08381924033164978,0.8050000071525574,0.8798999786376953
YHR209W,YOR159C,0,-3.6981993,0.08381051570177078,0.8050000071525574,0.8799999952316284
YFL009W,YMR276W,1,-3.6982226,0.083905890583992,0.8059999942779541,0.8799999952316284
YER021W,YMR314W,1,-3.699357,0.08400125056505203,0.8069999814033508,0.8799999952316284
YNL098C,YNL186W,0,-3.6995888,0.08399250358343124,0.8069999814033508,0.8801000118255615
YER051W,YLR368W,0,-3.6996794,0.08398376405239105,0.8069999814033508,0.8802000284194946
YEL058W,YER044C,0,-3.6996894,0.08397502452135086,0.8069999814033508,0.880299985408783
YJR019C,YIL027C,0,-3.6997132,0.08396628499031067,0.8069999814033508,0.8804000020027161
YOR217W,YJL104W,0,-3.699788,0.08395755290985107,0.8069999814033508,0.8805000185966492
YER029C,YOL136C,0,-3.700088,0.08394882082939148,0.8069999814033508,0.8805999755859375
YDR120C,YFR042W,0,-3.7006073,0.08394008874893188,0.8069999814033508,0.8806999921798706
YFR004W,YDL190C,1,-3.7011542,0.08403535932302475,0.8080000281333923,0.8806999921798706
YDR208W,YCR057C,0,-3.7011595,0.08402661979198456,0.8080000281333923,0.8808000087738037
YNL321W,YMR049C,0,-3.7013402,0.08401788771152496,0.8080000281333923,0.8809000253677368
YPR016C,YPL003W,0,-3.7014961,0.08400914818048477,0.8080000281333923,0.8809999823570251
YNL284C,YOL137W,0,-3.7018247,0.08400041610002518,0.8080000281333923,0.8810999989509583
YBL052C,YJL081C,0,-3.7018895,0.08399168401956558,0.8080000281333923,0.8812000155448914
YNL113W,YOR036W,0,-3.7021456,0.08398295193910599,0.8080000281333923,0.8812999725341797
YDL225W,YOR188W,0,-3.7030382,0.08397422730922699,0.8080000281333923,0.8813999891281128
YOL115W,YOL033W,0,-3.7032819,0.08396550267934799,0.8080000281333923,0.8815000057220459
YGL227W,YMR077C,1,-3.7035623,0.0840606838464737,0.8090000152587891,0.8815000057220459
YPL232W,YBR098W,0,-3.703628,0.0840519517660141,0.8090000152587891,0.881600022315979
YBL058W,YDR394W,1,-3.704083,0.08414710313081741,0.8100000023841858,0.881600022315979
YPL029W,YPL174C,0,-3.70409,0.08413836359977722,0.8100000023841858,0.8816999793052673
YJL073W,YDR177W,1,-3.7041836,0.08423348516225815,0.8109999895095825,0.8816999793052673
YNL308C,YPR005C,0,-3.7045312,0.08422473818063736,0.8109999895095825,0.8817999958992004
YJL165C,YDL137W,0,-3.7048707,0.08421599119901657,0.8109999895095825,0.8819000124931335
YMR198W,YHR017W,0,-3.704949,0.08420724421739578,0.8109999895095825,0.8820000290870667
YCR047C,YOR354C,0,-3.7055655,0.08419850468635559,0.8109999895095825,0.882099986076355
YLR201C,YOR043W,0,-3.7057664,0.0841897651553154,0.8109999895095825,0.8822000026702881
YAL031C,YDR067C,0,-3.705822,0.08418102562427521,0.8109999895095825,0.8823000192642212
YNL159C,YLR097C,1,-3.7062035,0.08427608013153076,0.8119999766349792,0.8823000192642212
YLR439W,YDR140W,0,-3.7062109,0.08426733314990997,0.8119999766349792,0.8823999762535095
YDR363W-A,YCL052C,1,-3.7064853,0.08436235040426254,0.8130000233650208,0.8823999762535095
YIL142W,YML081C-A,0,-3.707117,0.08435360342264175,0.8130000233650208,0.8824999928474426
YKL059C,YOR178C,0,-3.7071457,0.08434484899044037,0.8130000233650208,0.8826000094413757
YLR192C,YGR116W,0,-3.7072535,0.08433610200881958,0.8130000233650208,0.8827000260353088
YOR067C,YNL128W,0,-3.7074385,0.08432735502719879,0.8130000233650208,0.8827999830245972
YBR082C,YPL002C,1,-3.707689,0.08442232012748718,0.8140000104904175,0.8827999830245972
YOL108C,YEL016C,0,-3.7077334,0.0844135656952858,0.8140000104904175,0.8828999996185303
YPL258C,YGR121C,0,-3.7082381,0.08440481126308441,0.8140000104904175,0.8830000162124634
YKL140W,YPL208W,0,-3.708249,0.08439605683088303,0.8140000104904175,0.8830999732017517
YOR232W,YKR029C,0,-3.7083244,0.08438730984926224,0.8140000104904175,0.8831999897956848
YOL117W,YGR162W,0,-3.7084641,0.08437856286764145,0.8140000104904175,0.8833000063896179
YMR264W,YHR027C,1,-3.708558,0.08447346836328506,0.8149999976158142,0.8833000063896179
YHR166C,YBL084C,1,-3.7089698,0.08456835150718689,0.8159999847412109,0.8833000063896179
YOR307C,YJR077C,0,-3.7090154,0.08455958217382431,0.8159999847412109,0.883400022983551
YLR089C,YBR158W,0,-3.7090156,0.08455082029104233,0.8159999847412109,0.8834999799728394
YKL184W,YGL210W,0,-3.7096567,0.08454206585884094,0.8159999847412109,0.8835999965667725
YKL175W,YER125W,0,-3.7098465,0.08453330397605896,0.8159999847412109,0.8837000131607056
YIL041W,YDL208W,0,-3.7099705,0.08452454954385757,0.8159999847412109,0.8838000297546387
YOR245C,YEL017C-A,0,-3.7100458,0.08451579511165619,0.8159999847412109,0.883899986743927
YJL093C,YNL153C,0,-3.7101152,0.0845070406794548,0.8159999847412109,0.8840000033378601
YDL047W,YER007W,0,-3.7102063,0.08449829369783401,0.8159999847412109,0.8841000199317932
YDR177W,YMR314W,1,-3.7102118,0.08459307998418808,0.8169999718666077,0.8841000199317932
YBR229C,YJR064W,0,-3.7104359,0.0845843255519867,0.8169999718666077,0.8841999769210815
YGR215W,YGR221C,0,-3.711205,0.08457557111978531,0.8169999718666077,0.8842999935150146
YKR028W,YLR310C,0,-3.7113085,0.08456681668758392,0.8169999718666077,0.8844000101089478
YDR166C,YDR051C,0,-3.7117085,0.08455806225538254,0.8169999718666077,0.8845000267028809
YMR201C,YJL121C,0,-3.7117767,0.08454931527376175,0.8169999718666077,0.8845999836921692
YDR142C,YER110C,0,-3.7118692,0.08454056084156036,0.8169999718666077,0.8847000002861023
YMR022W,YLR380W,1,-3.7119763,0.08463528007268906,0.8180000185966492,0.8847000002861023
YER083C,YGL207W,0,-3.7122998,0.08462652564048767,0.8180000185966492,0.8848000168800354
YNL293W,YBL042C,0,-3.7128916,0.08461777120828629,0.8180000185966492,0.8848999738693237
YOR301W,YDL120W,0,-3.7131526,0.0846090167760849,0.8180000185966492,0.8849999904632568
YDR139C,YDR512C,0,-3.7141738,0.08460026979446411,0.8180000185966492,0.8851000070571899
YKL208W,YLR373C,0,-3.714427,0.08459152281284332,0.8180000185966492,0.885200023651123
YDR130C,YDR079W,0,-3.715055,0.08458277583122253,0.8180000185966492,0.8852999806404114
YDL147W,YDR394W,1,-3.7156339,0.08467742055654526,0.8190000057220459,0.8852999806404114
YGL212W,YAL041W,0,-3.715915,0.08466866612434387,0.8190000057220459,0.8853999972343445
YAL029C,YJR010C-A,0,-3.7162294,0.08465991169214249,0.8190000057220459,0.8855000138282776
YGL032C,YDL056W,0,-3.7163749,0.0846511647105217,0.8190000057220459,0.8855999708175659
YMR005W,YPR186C,0,-3.716974,0.08464241772890091,0.8190000057220459,0.885699987411499
YJL044C,YBR102C,0,-3.7175722,0.08463367074728012,0.8190000057220459,0.8858000040054321
YBL067C,YML015C,0,-3.7178319,0.08462492376565933,0.8190000057220459,0.8859000205993652
YOR261C,YHR166C,1,-3.7182102,0.08471949398517609,0.8199999928474426,0.8859000205993652
YLR405W,YDR088C,0,-3.718804,0.0847107470035553,0.8199999928474426,0.8859999775886536
YLR034C,YGR247W,0,-3.7190857,0.08470199257135391,0.8199999928474426,0.8860999941825867
YMR013C,YDR081C,0,-3.719132,0.08469324558973312,0.8199999928474426,0.8862000107765198
YLR206W,YDR311W,0,-3.7192345,0.08468449860811234,0.8199999928474426,0.8863000273704529
YDL008W,YNL064C,1,-3.7195296,0.08477901667356491,0.8209999799728394,0.8863000273704529
YMR292W,YEL052W,0,-3.7198095,0.08477026224136353,0.8209999799728394,0.8863999843597412
YJR060W,YNL071W,0,-3.719842,0.08476150780916214,0.8209999799728394,0.8865000009536743
YDL148C,YDR479C,0,-3.7202985,0.08475276082754135,0.8209999799728394,0.8866000175476074
YDL147W,YBR290W,1,-3.7205703,0.08484723418951035,0.8220000267028809,0.8866000175476074
YLR033W,YBR068C,0,-3.7205825,0.08483847975730896,0.8220000267028809,0.8866999745368958
YMR269W,YNL117W,0,-3.720642,0.08482971787452698,0.8220000267028809,0.8867999911308289
YDL190C,YBR273C,1,-3.7207742,0.08492415398359299,0.8230000138282776,0.8867999911308289
YGR023W,YGL060W,0,-3.7209704,0.084915392100811,0.8230000138282776,0.886900007724762
YLR344W,YPL110C,0,-3.7210078,0.08490663021802902,0.8230000138282776,0.8870000243186951
YOL089C,YBR274W,0,-3.721109,0.08489787578582764,0.8230000138282776,0.8870999813079834
YOL019W,YNL261W,0,-3.7212677,0.08488912135362625,0.8230000138282776,0.8871999979019165
YPL122C,YMR285C,0,-3.72128,0.08488035947084427,0.8230000138282776,0.8873000144958496
YOR153W,YDR454C,0,-3.721404,0.08487161248922348,0.8230000138282776,0.8873999714851379
YOL072W,YOR308C,0,-3.7215295,0.0848628580570221,0.8230000138282776,0.887499988079071
YMR182C,YML078W,0,-3.721843,0.0848541110754013,0.8230000138282776,0.8876000046730042
YLR332W,YIL004C,0,-3.7219994,0.08484536409378052,0.8230000138282776,0.8877000212669373
YOR327C,YMR213W,0,-3.7220693,0.08483661711215973,0.8230000138282776,0.8877999782562256
YER036C,YDR047W,0,-3.722252,0.08482787013053894,0.8230000138282776,0.8878999948501587
YLR319C,YMR167W,0,-3.7223346,0.08481913059949875,0.8230000138282776,0.8880000114440918
YFR052W,YDR054C,1,-3.7224426,0.08491344004869461,0.8240000009536743,0.8880000114440918
YLR309C,YHR156C,0,-3.722761,0.08490468561649323,0.8240000009536743,0.8881000280380249
YDR013W,YJR099W,0,-3.7231722,0.08489593863487244,0.8240000009536743,0.8881999850273132
YPR018W,YGL040C,0,-3.7231767,0.08488719165325165,0.8240000009536743,0.8883000016212463
YEL056W,YER083C,0,-3.7233367,0.08487845212221146,0.8240000009536743,0.8884000182151794
YDL195W,YLR110C,0,-3.7233567,0.08486970514059067,0.8240000009536743,0.8884999752044678
YDL047W,YDL115C,0,-3.7235231,0.08486096560955048,0.8240000009536743,0.8885999917984009
YOR145C,YJL210W,0,-3.723654,0.08485222607851028,0.8240000009536743,0.888700008392334
YHR079C,YOL062C,0,-3.723756,0.08484349399805069,0.8240000009536743,0.8888000249862671
YIL138C,YIL027C,0,-3.7238946,0.0848347544670105,0.8240000009536743,0.8888999819755554
YOR014W,YLR344W,0,-3.7240858,0.0848260223865509,0.8240000009536743,0.8889999985694885
YGR023W,YKR081C,0,-3.7242622,0.08481729030609131,0.8240000009536743,0.8891000151634216
YLL043W,YIL020C,0,-3.724276,0.08480856567621231,0.8240000009536743,0.88919997215271
YOR089C,YDR034C,0,-3.7244108,0.08479983359575272,0.8240000009536743,0.8892999887466431
YIL061C,YJL002C,0,-3.724433,0.08479110896587372,0.8240000009536743,0.8894000053405762
YDR163W,YPL011C,0,-3.7251036,0.08478238433599472,0.8240000009536743,0.8895000219345093
YKL220C,YLR368W,0,-3.7251277,0.08477365970611572,0.8240000009536743,0.8895999789237976
YBR294W,YLR141W,0,-3.7253935,0.08476494252681732,0.8240000009536743,0.8896999955177307
YGL203C,YNL128W,0,-3.7258644,0.08475622534751892,0.8240000009536743,0.8898000121116638
YHR101C,YBR104W,0,-3.7264843,0.08474750816822052,0.8240000009536743,0.8899000287055969
YPL094C,YPR079W,0,-3.726513,0.08473879098892212,0.8240000009536743,0.8899999856948853
YFL045C,YHR174W,0,-3.7265897,0.08473007380962372,0.8240000009536743,0.8901000022888184
YAL031C,YMR182C,0,-3.7266107,0.08472136408090591,0.8240000009536743,0.8902000188827515
YMR065W,YNR035C,0,-3.7268877,0.08471265435218811,0.8240000009536743,0.8902999758720398
YOL108C,YOR339C,0,-3.727169,0.0847039446234703,0.8240000009536743,0.8903999924659729
YJR095W,YBR167C,0,-3.7272463,0.0846952423453331,0.8240000009536743,0.890500009059906
YHR200W,YGR135W,1,-3.728211,0.08478931337594986,0.824999988079071,0.890500009059906
YJR047C,YBR110W,0,-3.728291,0.08478059619665146,0.824999988079071,0.8906000256538391
YBR014C,YFL050C,0,-3.728314,0.08477188646793365,0.824999988079071,0.8906999826431274
YJL047C,YKL206C,1,-3.7286544,0.08486592024564743,0.8259999752044678,0.8906999826431274
YIR012W,YGL166W,0,-3.7287896,0.08485720306634903,0.8259999752044678,0.8907999992370605
YKL189W,YER171W,0,-3.728795,0.08484848588705063,0.8259999752044678,0.8909000158309937
YGL106W,YKR002W,0,-3.7295375,0.08483976870775223,0.8259999752044678,0.890999972820282
YOR151C,YDL200C,0,-3.7302604,0.08483105897903442,0.8259999752044678,0.8910999894142151
YBR261C,YGL166W,0,-3.7304614,0.08482234179973602,0.8259999752044678,0.8912000060081482
YHL034C,YCL050C,0,-3.7307143,0.08481363952159882,0.8259999752044678,0.8913000226020813
YNR046W,YNL330C,0,-3.7307444,0.08480492979288101,0.8259999752044678,0.8913999795913696
YMR211W,YOR275C,0,-3.731,0.08479622006416321,0.8259999752044678,0.8914999961853027
YDR003W,YKL146W,0,-3.7310066,0.084787517786026,0.8259999752044678,0.8916000127792358
YBR035C,YER141W,0,-3.7313352,0.0847788155078888,0.8259999752044678,0.891700029373169
YGL044C,YER089C,0,-3.731622,0.08477011322975159,0.8259999752044678,0.8917999863624573
YCR008W,YOL003C,0,-3.731886,0.08476141840219498,0.8259999752044678,0.8919000029563904
YPL053C,YJL076W,0,-3.7319298,0.08475271612405777,0.8259999752044678,0.8920000195503235
YLR047C,YDL226C,0,-3.7319396,0.08474402129650116,0.8259999752044678,0.8920999765396118
YML005W,YGR227W,0,-3.732834,0.08473533391952515,0.8259999752044678,0.8921999931335449
YER025W,YPL270W,0,-3.7328358,0.08472663909196854,0.8259999752044678,0.892300009727478
YDR382W,YKL073W,0,-3.733624,0.08471795171499252,0.8259999752044678,0.8924000263214111
YDL225W,YNR067C,0,-3.7341645,0.08470925688743591,0.8259999752044678,0.8924999833106995
YKL135C,YGL207W,0,-3.7345417,0.0847005769610405,0.8259999752044678,0.8925999999046326
YPR104C,YPR066W,0,-3.7345803,0.08469188958406448,0.8259999752044678,0.8927000164985657
YBR282W,YBR234C,0,-3.7347598,0.08468320965766907,0.8259999752044678,0.892799973487854
YNR008W,YIL084C,0,-3.7347634,0.08467452228069305,0.8259999752044678,0.8928999900817871
YML014W,YHR147C,0,-3.7350252,0.08466584980487823,0.8259999752044678,0.8930000066757202
YDR400W,YML029W,1,-3.7352245,0.0847596600651741,0.8270000219345093,0.8930000066757202
YDL120W,YMR052W,0,-3.7353199,0.08475097268819809,0.8270000219345093,0.8931000232696533
YDR349C,YNL091W,0,-3.7353954,0.08474229276180267,0.8270000219345093,0.8931999802589417
YPL139C,YDL010W,0,-3.735507,0.08473360538482666,0.8270000219345093,0.8932999968528748
YKL013C,YDR390C,0,-3.735728,0.08472492545843124,0.8270000219345093,0.8934000134468079
YKR101W,YLR095C,0,-3.7361126,0.08471624553203583,0.8270000219345093,0.8934999704360962
YDL198C,YEL038W,0,-3.736332,0.08470757305622101,0.8270000219345093,0.8935999870300293
YBR201W,YMR276W,1,-3.7371244,0.08480130881071091,0.828000009059906,0.8935999870300293
YCR081W,YOL138C,0,-3.737309,0.08479262888431549,0.828000009059906,0.8937000036239624
YDL137W,YGL244W,0,-3.7376602,0.08478394150733948,0.828000009059906,0.8938000202178955
YDR501W,YDR073W,0,-3.7376995,0.08477526158094406,0.828000009059906,0.8938999772071838
YKL082C,YBR052C,0,-3.7379267,0.08476658165454865,0.828000009059906,0.8939999938011169
YNL090W,YKL161C,0,-3.7379665,0.08475790917873383,0.828000009059906,0.89410001039505
YJR034W,YLR034C,0,-3.7379837,0.08474922925233841,0.828000009059906,0.8942000269889832
YEL050C,YGR105W,0,-3.7381787,0.08474055677652359,0.828000009059906,0.8942999839782715
YLR038C,YOL130W,0,-3.7386944,0.08473188430070877,0.828000009059906,0.8944000005722046
YKR008W,YLR373C,0,-3.738773,0.08472321927547455,0.828000009059906,0.8945000171661377
YHR058C,YDR013W,0,-3.7393036,0.08471454679965973,0.828000009059906,0.894599974155426
YHR031C,YCR026C,0,-3.7393272,0.0847058817744255,0.828000009059906,0.8946999907493591
YOR005C,YBL082C,0,-3.7396564,0.08469721674919128,0.828000009059906,0.8948000073432922
YDL207W,YDL020C,0,-3.7396598,0.08468855172395706,0.828000009059906,0.8949000239372253
YJR057W,YER026C,0,-3.7396903,0.08467989414930344,0.828000009059906,0.8949999809265137
YDR400W,YHR200W,1,-3.7399094,0.08477349579334259,0.8289999961853027,0.8949999809265137
YNL073W,YPL160W,0,-3.7403097,0.08476482331752777,0.8289999961853027,0.8950999975204468
YHR200W,YER094C,1,-3.7404664,0.08485840260982513,0.8299999833106995,0.8950999975204468
YHR166C,YPL084W,1,-3.7405105,0.08495195209980011,0.8309999704360962,0.8950999975204468
YPL065W,YMR161W,1,-3.7406092,0.08504548668861389,0.8320000171661377,0.8950999975204468
YOL064C,YDL029W,0,-3.7411444,0.08503679186105728,0.8320000171661377,0.8952000141143799
YOL142W,YPR026W,0,-3.7413106,0.08502810448408127,0.8320000171661377,0.8952999711036682
YGL223C,YDL232W,0,-3.741537,0.08501941710710526,0.8320000171661377,0.8953999876976013
YCL052C,YEL037C,1,-3.7419446,0.08511290699243546,0.8330000042915344,0.8953999876976013
YAL001C,YML077W,0,-3.7419913,0.08510421216487885,0.8330000042915344,0.8955000042915344
YJL029C,YPR140W,0,-3.7422986,0.08509551733732224,0.8330000042915344,0.8956000208854675
YLL043W,YDL065C,0,-3.7424715,0.08508682250976562,0.8330000042915344,0.8956999778747559
YOR304W,YNR036C,0,-3.7426474,0.08507813513278961,0.8330000042915344,0.895799994468689
YPL050C,YNL268W,0,-3.7431345,0.0850694477558136,0.8330000042915344,0.8959000110626221
YGR135W,YDR069C,1,-3.7434015,0.08516287058591843,0.8339999914169312,0.8959000110626221
YGR275W,YPL186C,0,-3.7441053,0.08515417575836182,0.8339999914169312,0.8960000276565552
YFL016C,YNL291C,0,-3.7442997,0.0851454809308052,0.8339999914169312,0.8960999846458435
YDL005C,YJR002W,0,-3.7444406,0.0851367935538292,0.8339999914169312,0.8962000012397766
YLR025W,YKL022C,1,-3.744617,0.08523017168045044,0.8349999785423279,0.8962000012397766
YOL038W,YDL007W,1,-3.745638,0.08532353490591049,0.8360000252723694,0.8962000012397766
YMR020W,YCR094W,0,-3.7456534,0.08531482517719269,0.8360000252723694,0.8963000178337097
YDL067C,YOR361C,0,-3.7462742,0.08530612289905548,0.8360000252723694,0.896399974822998
YIL049W,YLR275W,0,-3.74631,0.08529742062091827,0.8360000252723694,0.8964999914169312
YMR115W,YOL128C,0,-3.7464235,0.08528871834278107,0.8360000252723694,0.8966000080108643
YBR044C,YDL137W,0,-3.7464583,0.08528001606464386,0.8360000252723694,0.8967000246047974
YDR448W,YNL252C,0,-3.7468214,0.08527132123708725,0.8360000252723694,0.8967999815940857
YIL023C,YBR195C,0,-3.7472308,0.08526261895895004,0.8360000252723694,0.8968999981880188
YMR109W,YEL038W,0,-3.7474172,0.08525392413139343,0.8360000252723694,0.8970000147819519
YMR022W,YNL064C,1,-3.7474337,0.08534719794988632,0.8370000123977661,0.8970000147819519
YDR123C,YGL130W,0,-3.7475896,0.08533849567174911,0.8370000123977661,0.8970999717712402
YMR293C,YHR034C,0,-3.7482758,0.0853298008441925,0.8370000123977661,0.8971999883651733
YJL073W,YOR256C,1,-3.7492177,0.08542303740978241,0.8379999995231628,0.8971999883651733
YHR181W,YHR116W,0,-3.749413,0.0854143276810646,0.8379999995231628,0.8973000049591064
YHR152W,YBR103W,0,-3.7494674,0.0854056254029274,0.8379999995231628,0.8974000215530396
YGR009C,YPL015C,0,-3.7495773,0.08539692312479019,0.8379999995231628,0.8974999785423279
YGR058W,YGR106C,0,-3.7496731,0.08538822084665298,0.8379999995231628,0.897599995136261
YEL056W,YPL192C,0,-3.7496786,0.08537951856851578,0.8379999995231628,0.8977000117301941
YLR043C,YBR287W,0,-3.7497842,0.08537082374095917,0.8379999995231628,0.8978000283241272
YKL160W,YNL082W,0,-3.7500265,0.08536212891340256,0.8379999995231628,0.8978999853134155
YMR026C,YOR047C,0,-3.7503145,0.08535343408584595,0.8379999995231628,0.8980000019073486
YPL227C,YKL186C,0,-3.7503998,0.08534473925828934,0.8379999995231628,0.8981000185012817
YNL119W,YDL020C,0,-3.7510815,0.08533605188131332,0.8379999995231628,0.8981999754905701
YJL002C,YKR035W-A,0,-3.7519336,0.08532735705375671,0.8379999995231628,0.8982999920845032
YKL073W,YNR051C,0,-3.7521136,0.0853186696767807,0.8379999995231628,0.8984000086784363
YDR211W,YGL043W,0,-3.7524228,0.08530998975038528,0.8379999995231628,0.8985000252723694
YDL002C,YCR075C,0,-3.7524385,0.08530130237340927,0.8379999995231628,0.8985999822616577
YDR218C,YMR021C,0,-3.7527483,0.08529262244701385,0.8379999995231628,0.8986999988555908
YOR017W,YDR499W,0,-3.7538805,0.08528394252061844,0.8379999995231628,0.8988000154495239
YMR026C,YJR091C,0,-3.7540002,0.08527526259422302,0.8379999995231628,0.8988999724388123
YJL044C,YBR098W,0,-3.7542171,0.0852665826678276,0.8379999995231628,0.8989999890327454
YPL012W,YDR032C,0,-3.7544777,0.08525791019201279,0.8379999995231628,0.8991000056266785
YBR074W,YLR024C,0,-3.7546206,0.08524923771619797,0.8379999995231628,0.8992000222206116
YNL005C,YNL254C,0,-3.7548835,0.08524056524038315,0.8379999995231628,0.8992999792098999
YMR214W,YMR077C,1,-3.7548964,0.08533360809087753,0.8389999866485596,0.8992999792098999
YDR452W,YLR355C,0,-3.7562366,0.08532492816448212,0.8389999866485596,0.899399995803833
YHL002W,YKR026C,0,-3.756346,0.0853162482380867,0.8389999866485596,0.8995000123977661
YGL211W,YCR052W,0,-3.756459,0.08530757576227188,0.8389999866485596,0.8996000289916992
YOL146W,YLR306W,0,-3.756537,0.08529890328645706,0.8389999866485596,0.8996999859809875
YJR121W,YOR037W,0,-3.7565503,0.08529023081064224,0.8389999866485596,0.8998000025749207
YGR090W,YFR021W,0,-3.7568545,0.08528155833482742,0.8389999866485596,0.8999000191688538
YMR159C,YMR123W,0,-3.756864,0.0852728933095932,0.8389999866485596,0.8999999761581421
YDR316W,YJR053W,0,-3.7569766,0.08526422828435898,0.8389999866485596,0.9000999927520752
YOL054W,YMR004W,0,-3.757013,0.08525556325912476,0.8389999866485596,0.9002000093460083
YOR047C,YPL089C,0,-3.7578955,0.08524689823389053,0.8389999866485596,0.9003000259399414
YBR152W,YML129C,0,-3.7579918,0.08523824065923691,0.8389999866485596,0.9003999829292297
YDR120C,YKL035W,0,-3.758055,0.08522958308458328,0.8389999866485596,0.9004999995231628
YPL274W,YGR216C,0,-3.758288,0.08522092550992966,0.8389999866485596,0.900600016117096
YMR301C,YJR033C,0,-3.7584496,0.08521226793527603,0.8389999866485596,0.9006999731063843
YIL110W,YER112W,0,-3.7586987,0.085203617811203,0.8389999866485596,0.9007999897003174
YNL032W,YGR171C,0,-3.7589035,0.08519496023654938,0.8389999866485596,0.9009000062942505
YDR494W,YBR154C,0,-3.7590609,0.08518631011247635,0.8389999866485596,0.9010000228881836
YPL026C,YDR404C,0,-3.7591624,0.08517766743898392,0.8389999866485596,0.9010999798774719
YGL234W,YOR290C,0,-3.759304,0.08516901731491089,0.8389999866485596,0.901199996471405
YNL254C,YJR058C,0,-3.7595105,0.08516037464141846,0.8389999866485596,0.9013000130653381
YLR144C,YIL138C,0,-3.7595181,0.08515173196792603,0.8389999866485596,0.9014000296592712
YJL047C,YPL096W,1,-3.759593,0.0852445736527443,0.8399999737739563,0.9014000296592712
YFR004W,YGL048C,1,-3.7599404,0.08533739298582077,0.8410000205039978,0.9014000296592712
YPR103W,YDL190C,1,-3.7600133,0.08543019741773605,0.8420000076293945,0.9014000296592712
YKR060W,YNL106C,0,-3.760204,0.08542152494192123,0.8420000076293945,0.9014999866485596
YDR362C,YML124C,0,-3.7605438,0.08541285991668701,0.8420000076293945,0.9016000032424927
YGL011C,YOL133W,1,-3.7606664,0.08550562709569931,0.8429999947547913,0.9016000032424927
YIL073C,YDR315C,0,-3.7612739,0.08549695461988449,0.8429999947547913,0.9017000198364258
YHL034C,YPL101W,0,-3.7613416,0.08548828959465027,0.8429999947547913,0.9017999768257141
YHR066W,YPR149W,0,-3.7623622,0.08547961711883545,0.8429999947547913,0.9018999934196472
YPL208W,YFL031W,0,-3.762693,0.08547095209360123,0.8429999947547913,0.9020000100135803
YML094W,YNR045W,0,-3.7629206,0.085462287068367,0.8429999947547913,0.9021000266075134
YMR296C,YDR251W,0,-3.7633572,0.08545362204313278,0.8429999947547913,0.9021999835968018
YKL028W,YDR429C,0,-3.7635674,0.08544496446847916,0.8429999947547913,0.9023000001907349
YPL055C,YML022W,0,-3.7642555,0.08543629944324493,0.8429999947547913,0.902400016784668
YPR156C,YDR081C,0,-3.7644377,0.08542764186859131,0.8429999947547913,0.9024999737739563
YNL275W,YMR123W,0,-3.764879,0.08541899174451828,0.8429999947547913,0.9025999903678894
YJL002C,YKL183W,0,-3.7656174,0.08541033416986465,0.8429999947547913,0.9027000069618225
YJR143C,YML118W,0,-3.7657857,0.08540168404579163,0.8429999947547913,0.9028000235557556
YOR322C,YOL102C,0,-3.7658577,0.0853930339217186,0.8429999947547913,0.902899980545044
YLR309C,YPR132W,0,-3.7659214,0.08538438379764557,0.8429999947547913,0.902999997138977
YOR063W,YPL015C,0,-3.7665892,0.08537573367357254,0.8429999947547913,0.9031000137329102
YOL137W,YFR046C,0,-3.7665992,0.08536709100008011,0.8429999947547913,0.9031999707221985
YFL009W,YDL008W,1,-3.7666068,0.08545970171689987,0.843999981880188,0.9031999707221985
YKR025W,YCR046C,0,-3.7673686,0.08545105159282684,0.843999981880188,0.9032999873161316
YGL155W,YGR209C,0,-3.7674904,0.08544239401817322,0.843999981880188,0.9034000039100647
YJL159W,YGR148C,0,-3.7676582,0.08543375134468079,0.843999981880188,0.9035000205039978
YLR405W,YOL001W,0,-3.7677379,0.08542510122060776,0.843999981880188,0.9035999774932861
YHR132C,YEL003W,0,-3.7678013,0.08541645854711533,0.843999981880188,0.9036999940872192
YPL104W,YDL056W,0,-3.7678986,0.0854078158736229,0.843999981880188,0.9038000106811523
YMR024W,YPL226W,0,-3.7686334,0.08539917320013046,0.843999981880188,0.9039000272750854
YJL178C,YKR002W,0,-3.768938,0.08539053052663803,0.843999981880188,0.9039999842643738
YGR186W,YNR003C,0,-3.7690954,0.0853818953037262,0.843999981880188,0.9041000008583069
YLL003W,YIL041W,0,-3.769136,0.08537325263023376,0.843999981880188,0.90420001745224
YMR176W,YPR056W,0,-3.7710185,0.08536461740732193,0.843999981880188,0.9042999744415283
YHR060W,YJR010C-A,0,-3.7714968,0.08535598963499069,0.843999981880188,0.9043999910354614
YNR039C,YDL020C,0,-3.7720456,0.08534735441207886,0.843999981880188,0.9045000076293945
YNL117W,YDL245C,0,-3.7722182,0.08533872663974762,0.843999981880188,0.9046000242233276
YKL189W,YGR206W,0,-3.7724116,0.08533009886741638,0.843999981880188,0.904699981212616
YJL128C,YKL064W,0,-3.772471,0.08532147109508514,0.843999981880188,0.9047999978065491
YGL150C,YDR382W,0,-3.7728415,0.0853128507733345,0.843999981880188,0.9049000144004822
YEL015W,YOR217W,0,-3.7733874,0.08530422300100327,0.843999981880188,0.9049999713897705
YDR353W,YFL045C,0,-3.7742786,0.08529560267925262,0.843999981880188,0.9050999879837036
YCR094W,YNL049C,0,-3.7742858,0.08528698235750198,0.843999981880188,0.9052000045776367
YOR377W,YDR267C,0,-3.7743278,0.08527836948633194,0.843999981880188,0.9053000211715698
YGL103W,YBL064C,0,-3.7744184,0.0852697491645813,0.843999981880188,0.9053999781608582
YBR070C,YLR425W,0,-3.7745345,0.08526113629341125,0.843999981880188,0.9054999947547913
YIR011C,YNL159C,1,-3.7746472,0.0853535383939743,0.8450000286102295,0.9054999947547913
YLR376C,YLR043C,0,-3.7749853,0.08534491807222366,0.8450000286102295,0.9056000113487244
YCR096C,YBR213W,0,-3.7752748,0.08533629775047302,0.8450000286102295,0.9057000279426575
YDR260C,YDR118W,1,-3.775527,0.08542865514755249,0.8460000157356262,0.9057000279426575
YDL008W,YPR181C,1,-3.7755387,0.08552100509405136,0.847000002861023,0.9057000279426575
YBL024W,YLR309C,0,-3.7763019,0.08551236987113953,0.847000002861023,0.9057999849319458
YNR026C,YMR264W,1,-3.7765393,0.08560468256473541,0.8479999899864197,0.9057999849319458
YHR168W,YDL103C,0,-3.7767382,0.08559603989124298,0.8479999899864197,0.9059000015258789
YJR101W,YNL021W,0,-3.777035,0.08558740466833115,0.8479999899864197,0.906000018119812
YHR043C,YEL037C,1,-3.7773077,0.08567968755960464,0.8489999771118164,0.906000018119812
YJR090C,YLR380W,1,-3.7773237,0.08577194809913635,0.8500000238418579,0.906000018119812
YDL111C,YDL054C,0,-3.7775297,0.08576329052448273,0.8500000238418579,0.9060999751091003
YKL095W,YGR241C,0,-3.7775743,0.0857546404004097,0.8500000238418579,0.9061999917030334
YMR036C,YGR089W,0,-3.7775826,0.08574599027633667,0.8500000238418579,0.9063000082969666
YNL128W,YDR440W,0,-3.77774,0.08573734015226364,0.8500000238418579,0.9064000248908997
YLR016C,YOL065C,0,-3.7777772,0.08572869747877121,0.8500000238418579,0.906499981880188
YLR370C,YMR309C,0,-3.77784,0.08572004735469818,0.8500000238418579,0.9065999984741211
YOL109W,YDR466W,0,-3.7780788,0.08571140468120575,0.8500000238418579,0.9067000150680542
YCL052C,YDL008W,1,-3.778378,0.08580359071493149,0.8510000109672546,0.9067000150680542
YJR092W,YPR023C,0,-3.7792788,0.08579494059085846,0.8510000109672546,0.9067999720573425
YOR085W,YER027C,0,-3.7793245,0.08578629046678543,0.8510000109672546,0.9068999886512756
YML116W,YKR068C,0,-3.7799387,0.0857776403427124,0.8510000109672546,0.9070000052452087
YPL046C,YLR398C,0,-3.7799742,0.08576899766921997,0.8510000109672546,0.9071000218391418
YHR086W,YML115C,0,-3.7799869,0.08576035499572754,0.8510000109672546,0.9071999788284302
YDL164C,YGL112C,0,-3.7800183,0.08575171232223511,0.8510000109672546,0.9072999954223633
YJL176C,YNR045W,0,-3.7801385,0.08574306964874268,0.8510000109672546,0.9074000120162964
YML029W,YLR380W,1,-3.780153,0.08583518117666245,0.8519999980926514,0.9074000120162964
YBL009W,YBL064C,0,-3.7802086,0.08582653105258942,0.8519999980926514,0.9075000286102295
YDL147W,YMR022W,1,-3.780325,0.0859186127781868,0.8529999852180481,0.9075000286102295
YIL026C,YKL064W,0,-3.780548,0.08590996265411377,0.8529999852180481,0.9075999855995178
YKL067W,YPR102C,0,-3.7819674,0.08590131253004074,0.8529999852180481,0.9077000021934509
YHR152W,YDR155C,0,-3.783306,0.08589266240596771,0.8529999852180481,0.907800018787384
YHL032C,YGR183C,0,-3.7834125,0.08588401228189468,0.8529999852180481,0.9078999757766724
YGR075C,YJR086W,0,-3.783484,0.08587536215782166,0.8529999852180481,0.9079999923706055
YFL001W,YMR278W,0,-3.7845235,0.08586671948432922,0.8529999852180481,0.9081000089645386
YLR028C,YBR291C,0,-3.7854762,0.08585807681083679,0.8529999852180481,0.9082000255584717
YOR138C,YPR020W,0,-3.7856984,0.08584943413734436,0.8529999852180481,0.90829998254776
YNL175C,YOR071C,0,-3.7861433,0.08584079891443253,0.8529999852180481,0.9083999991416931
YOR323C,YKL025C,0,-3.7862163,0.0858321562409401,0.8529999852180481,0.9085000157356262
YDL006W,YBR275C,0,-3.7863183,0.08582352101802826,0.8529999852180481,0.9085999727249146
YIL006W,YDR512C,0,-3.786372,0.08581488579511642,0.8529999852180481,0.9086999893188477
YFR036W,YDL190C,1,-3.7864513,0.08590684831142426,0.8539999723434448,0.9086999893188477
YDR174W,YER095W,0,-3.7865744,0.08589821308851242,0.8539999723434448,0.9088000059127808
YNL229C,YBR167C,0,-3.786615,0.08588957041501999,0.8539999723434448,0.9089000225067139
YOR130C,YOL064C,0,-3.7870164,0.08588093519210815,0.8539999723434448,0.9089999794960022
YKL140W,YCL011C,0,-3.7871804,0.08587229996919632,0.8539999723434448,0.9090999960899353
YBL058W,YMR276W,1,-3.7877169,0.08596421033143997,0.8550000190734863,0.9090999960899353
YDR219C,YKL034W,1,-3.7881021,0.08605609834194183,0.8560000061988831,0.9090999960899353
YLR304C,YHR065C,0,-3.7887166,0.0860474482178688,0.8560000061988831,0.9092000126838684
YCR096C,YDR339C,0,-3.789022,0.08603879809379578,0.8560000061988831,0.9093000292778015
YBL101C,YDR487C,0,-3.7891412,0.08603014796972275,0.8560000061988831,0.9093999862670898
YBR283C,YBR037C,0,-3.7895043,0.08602150529623032,0.8560000061988831,0.909500002861023
YBL055C,YLR425W,0,-3.7897007,0.08601286262273788,0.8560000061988831,0.909600019454956
YHR008C,YDL015C,0,-3.7897806,0.08600421994924545,0.8560000061988831,0.9096999764442444
YFL037W,YKR003W,0,-3.7902312,0.08599557727575302,0.8560000061988831,0.9097999930381775
YPL042C,YBR286W,0,-3.7908938,0.08598694205284119,0.8560000061988831,0.9099000096321106
YBL067C,YDR032C,0,-3.791303,0.08597830682992935,0.8560000061988831,0.9100000262260437
YNL229C,YBR265W,0,-3.7914896,0.08596967160701752,0.8560000061988831,0.910099983215332
YDR454C,YDL200C,0,-3.7920072,0.08596103638410568,0.8560000061988831,0.9101999998092651
YDR267C,YKR006C,0,-3.7921894,0.08595240116119385,0.8560000061988831,0.9103000164031982
YPR104C,YDR104C,0,-3.7922442,0.08594377338886261,0.8560000061988831,0.9103999733924866
YGR048W,YGL048C,1,-3.7929513,0.08603554219007492,0.8569999933242798,0.9103999733924866
YDL074C,YJL111W,0,-3.7932086,0.08602689951658249,0.8569999933242798,0.9104999899864197
YLR439W,YNL330C,0,-3.7934446,0.08601826429367065,0.8569999933242798,0.9106000065803528
YOR054C,YMR005W,0,-3.7942529,0.08600963652133942,0.8569999933242798,0.9107000231742859
YKL008C,YDL067C,0,-3.794455,0.08600100129842758,0.8569999933242798,0.9107999801635742
YJL165C,YBR291C,0,-3.7948387,0.08599237352609634,0.8569999933242798,0.9108999967575073
YDR211W,YFR008W,0,-3.795037,0.0859837457537651,0.8569999933242798,0.9110000133514404
YML069W,YLR450W,0,-3.795518,0.08597511798143387,0.8569999933242798,0.9110999703407288
YOR188W,YFR046C,0,-3.7955306,0.08596649765968323,0.8569999933242798,0.9111999869346619
YKL140W,YBR042C,0,-3.7955418,0.08595787733793259,0.8569999933242798,0.911300003528595
YOR261C,YKL034W,1,-3.7960405,0.08604954183101654,0.8579999804496765,0.911300003528595
YIL122W,YOR150W,0,-3.7961373,0.0860409140586853,0.8579999804496765,0.9114000201225281
YKL170W,YML046W,0,-3.7961571,0.08603228628635406,0.8579999804496765,0.9114999771118164
YIL132C,YDL002C,0,-3.7961888,0.08602365851402283,0.8579999804496765,0.9115999937057495
YOR067C,YBR135W,0,-3.79642,0.08601503819227219,0.8579999804496765,0.9117000102996826
YJL207C,YML078W,0,-3.796936,0.08600641787052155,0.8579999804496765,0.9118000268936157
YDR363W-A,YHR166C,1,-3.797394,0.08609802275896072,0.859000027179718,0.9118000268936157
YJL194W,YHR164C,0,-3.7976332,0.08608939498662949,0.859000027179718,0.911899983882904
YPL074W,YDR086C,0,-3.7979388,0.08608076721429825,0.859000027179718,0.9120000004768372
YCR060W,YPR140W,0,-3.7982087,0.08607214689254761,0.859000027179718,0.9121000170707703
YMR264W,YJL073W,1,-3.7990596,0.0861637145280838,0.8600000143051147,0.9121000170707703
YPR016C,YLR090W,0,-3.799063,0.08615507930517197,0.8600000143051147,0.9121999740600586
YJL052W,YPR028W,0,-3.7991161,0.08614645153284073,0.8600000143051147,0.9122999906539917
YHR086W,YNL128W,0,-3.7996337,0.08613782376050949,0.8600000143051147,0.9124000072479248
YCL052C,YDR069C,1,-3.7998414,0.0862293466925621,0.8610000014305115,0.9124000072479248
YOR233W,YOR124C,0,-3.7999864,0.08622071146965027,0.8610000014305115,0.9125000238418579
YBL058W,YLR380W,1,-3.8003025,0.0863122045993805,0.8619999885559082,0.9125000238418579
YML015C,YDL127W,0,-3.800651,0.08630356192588806,0.8619999885559082,0.9125999808311462
YFL017W-A,YOL054W,0,-3.800827,0.08629492670297623,0.8619999885559082,0.9126999974250793
YGL004C,YMR214W,1,-3.800839,0.08638639003038406,0.8629999756813049,0.9126999974250793
YGL203C,YDR139C,0,-3.8011532,0.08637773990631104,0.8629999756813049,0.9128000140190125
YGL254W,YOR360C,0,-3.8012743,0.0863690972328186,0.8629999756813049,0.9128999710083008
YGR047C,YPL083C,0,-3.801627,0.08636045455932617,0.8629999756813049,0.9129999876022339
YLR350W,YPR043W,0,-3.8018384,0.08635181188583374,0.8629999756813049,0.913100004196167
YFL023W,YBR132C,0,-3.801934,0.08634316921234131,0.8629999756813049,0.9132000207901001
YLL022C,YJL005W,0,-3.8021884,0.08633453398942947,0.8629999756813049,0.9132999777793884
YGL136C,YER075C,0,-3.8023682,0.08632589876651764,0.8629999756813049,0.9133999943733215
YMR146C,YML125C,0,-3.8025384,0.0863172635436058,0.8629999756813049,0.9135000109672546
YMR098C,YOR194C,0,-3.8026204,0.08630862832069397,0.8629999756813049,0.9136000275611877
YBR103W,YMR208W,0,-3.8026924,0.08630000054836273,0.8629999756813049,0.9136999845504761
YEL058W,YBR095C,0,-3.8028033,0.0862913727760315,0.8629999756813049,0.9138000011444092
YOR222W,YIL112W,0,-3.8044133,0.08628274500370026,0.8629999756813049,0.9139000177383423
YER050C,YBR267W,0,-3.8044229,0.08627411723136902,0.8629999756813049,0.9139999747276306
YNL189W,YBL066C,0,-3.8045824,0.08626549690961838,0.8629999756813049,0.9140999913215637
YFL036W,YBR081C,0,-3.805253,0.08625686913728714,0.8629999756813049,0.9142000079154968
YKR008W,YLR191W,0,-3.8057854,0.0862482488155365,0.8629999756813049,0.9143000245094299
YDL080C,YMR263W,0,-3.805879,0.08623963594436646,0.8629999756813049,0.9143999814987183
YIL088C,YKL167C,0,-3.805994,0.08623101562261581,0.8629999756813049,0.9144999980926514
YFR031C,YLR459W,0,-3.8068979,0.08622240275144577,0.8629999756813049,0.9146000146865845
YHR051W,YMR203W,0,-3.8071065,0.08621378988027573,0.8629999756813049,0.9146999716758728
YIL126W,YBL017C,0,-3.807741,0.08620517700910568,0.8629999756813049,0.9147999882698059
YLR421C,YLR425W,0,-3.8081877,0.08619656413793564,0.8629999756813049,0.914900004863739
YDR400W,YDL008W,1,-3.8082807,0.08628782629966736,0.8640000224113464,0.914900004863739
YPL038W,YCR027C,0,-3.808281,0.08627920597791672,0.8640000224113464,0.9150000214576721
YIL159W,YDR461W,0,-3.8083444,0.08627059310674667,0.8640000224113464,0.9150999784469604
YDL107W,YER166W,0,-3.8084924,0.08626198023557663,0.8640000224113464,0.9151999950408936
YDR400W,YER094C,1,-3.8090055,0.08635319769382477,0.8650000095367432,0.9151999950408936
YLL004W,YLR128W,0,-3.8093448,0.08634457737207413,0.8650000095367432,0.9153000116348267
YDR457W,YMR298W,0,-3.8093765,0.08633596450090408,0.8650000095367432,0.9154000282287598
YGL038C,YNR015W,0,-3.8095388,0.08632734417915344,0.8650000095367432,0.9154999852180481
YDL045C,YBL093C,0,-3.8096142,0.0863187313079834,0.8650000095367432,0.9156000018119812
YKL119C,YPR029C,0,-3.8105936,0.08631011843681335,0.8650000095367432,0.9157000184059143
YPR083W,YIL084C,0,-3.8106234,0.08630150556564331,0.8650000095367432,0.9157999753952026
YOR275C,YDL095W,0,-3.8108692,0.08629290014505386,0.8650000095367432,0.9158999919891357
YGR132C,YHR115C,0,-3.8109684,0.08628428727388382,0.8650000095367432,0.9160000085830688
YKR046C,YDR231C,0,-3.8109775,0.08627568185329437,0.8650000095367432,0.916100025177002
YEL054C,YDR293C,0,-3.8113797,0.08626707643270493,0.8650000095367432,0.9161999821662903
YDR291W,YOL028C,0,-3.811647,0.08625847846269608,0.8650000095367432,0.9162999987602234
YNL275W,YMR312W,0,-3.8117077,0.08624987304210663,0.8650000095367432,0.9164000153541565
YIL125W,YDL236W,0,-3.8119452,0.08624127507209778,0.8650000095367432,0.9164999723434448
YPL164C,YCR008W,0,-3.812066,0.08623267710208893,0.8650000095367432,0.9165999889373779
YPR163C,YOR142W,0,-3.8124547,0.08622408658266068,0.8650000095367432,0.916700005531311
YLR119W,YBL084C,1,-3.81254,0.08631516247987747,0.8659999966621399,0.916700005531311
YDL082W,YHR010W,0,-3.812542,0.08630655705928802,0.8659999966621399,0.9168000221252441
YMR251W-A,YBR070C,0,-3.8126884,0.08629795908927917,0.8659999966621399,0.9168999791145325
YPL270W,YGL244W,0,-3.8129127,0.08628936111927032,0.8659999966621399,0.9169999957084656
YHL009C,YOR175C,0,-3.8132825,0.08628076314926147,0.8659999966621399,0.9171000123023987
YLR312W-A,YNL322C,0,-3.8134384,0.08627216517925262,0.8659999966621399,0.9172000288963318
YNL281W,YDR512C,0,-3.813841,0.08626357465982437,0.8659999966621399,0.9172999858856201
YDR167W,YDR032C,0,-3.8139894,0.08625497668981552,0.8659999966621399,0.9174000024795532
YOR126C,YMR123W,0,-3.815628,0.08624638617038727,0.8659999966621399,0.9175000190734863
YJL103C,YLR191W,0,-3.8156471,0.08623780310153961,0.8659999966621399,0.9175999760627747
YIL132C,YLR148W,0,-3.8162508,0.08622921258211136,0.8659999966621399,0.9176999926567078
YFR044C,YOR085W,0,-3.816592,0.0862206295132637,0.8659999966621399,0.9178000092506409
YNL099C,YML099C,0,-3.8174014,0.08621204644441605,0.8659999966621399,0.917900025844574
YNL138W,YBR179C,0,-3.817646,0.08620346337556839,0.8659999966621399,0.9179999828338623
YNL225C,YNL238W,0,-3.817648,0.08619488775730133,0.8659999966621399,0.9180999994277954
YOL117W,YEL040W,0,-3.817749,0.08618630468845367,0.8659999966621399,0.9182000160217285
YOR017W,YDR242W,0,-3.8179824,0.08617772907018661,0.8659999966621399,0.9182999730110168
YDR379W,YJL010C,0,-3.8183339,0.08616915345191956,0.8659999966621399,0.91839998960495
YBR273C,YBR290W,1,-3.8183546,0.08626007288694382,0.8669999837875366,0.91839998960495
YKR028W,YAL055W,0,-3.8193173,0.08625148981809616,0.8669999837875366,0.9185000061988831
YDR400W,YOL013C,1,-3.8193793,0.08634238690137863,0.8679999709129333,0.9185000061988831
YFR041C,YDR376W,0,-3.8196568,0.08633379638195038,0.8679999709129333,0.9186000227928162
YGL020C,YLR395C,0,-3.8198092,0.08632521331310272,0.8679999709129333,0.9186999797821045
YGR279C,YDR032C,0,-3.8199391,0.08631663024425507,0.8679999709129333,0.9187999963760376
YNL271C,YEL053C,0,-3.8200655,0.08630804717540741,0.8679999709129333,0.9189000129699707
YOR354C,YJL123C,0,-3.820358,0.08629946410655975,0.8679999709129333,0.9190000295639038
YGR220C,YDR162C,0,-3.8208606,0.0862908810377121,0.8679999709129333,0.9190999865531921
YCR003W,YJL081C,0,-3.8210216,0.08628230541944504,0.8679999709129333,0.9192000031471252
YBL092W,YPL048W,0,-3.8228889,0.08627372980117798,0.8679999709129333,0.9193000197410583
YDL190C,YBR290W,1,-3.8236246,0.08636453747749329,0.8690000176429749,0.9193000197410583
YOL013C,YGL227W,1,-3.82397,0.0864553302526474,0.8700000047683716,0.9193000197410583
YHL027W,YMR163C,0,-3.8240025,0.08644673973321915,0.8700000047683716,0.9193999767303467
YGL008C,YCL011C,0,-3.824181,0.0864381492137909,0.8700000047683716,0.9194999933242798
YGL203C,YLR153C,0,-3.8244014,0.08642956614494324,0.8700000047683716,0.9196000099182129
YMR017W,YLR423C,0,-3.8244362,0.08642098307609558,0.8700000047683716,0.919700026512146
YFL009W,YNL064C,1,-3.8245876,0.08651172369718552,0.8709999918937683,0.919700026512146
YKL064W,YPL048W,0,-3.8246708,0.08650312572717667,0.8709999918937683,0.9197999835014343
YFL047W,YOL138C,0,-3.8253274,0.08649453520774841,0.8709999918937683,0.9199000000953674
YLR113W,YER052C,0,-3.8255548,0.08648595213890076,0.8709999918937683,0.9200000166893005
YKR087C,YKL034W,1,-3.8264182,0.08657664805650711,0.871999979019165,0.9200000166893005
YNL113W,YOL117W,0,-3.8270018,0.08656805008649826,0.871999979019165,0.9200999736785889
YOR261C,YDL126C,1,-3.8273847,0.08665872365236282,0.8730000257492065,0.9200999736785889
YIL134W,YMR201C,0,-3.8277829,0.08665012568235397,0.8730000257492065,0.920199990272522
YGR195W,YMR200W,0,-3.8283963,0.08664152771234512,0.8730000257492065,0.9203000068664551
YGL166W,YGL095C,0,-3.829339,0.08663292974233627,0.8730000257492065,0.9204000234603882
YDR251W,YJR077C,0,-3.8296008,0.08662433177232742,0.8730000257492065,0.9204999804496765
YDR349C,YIL114C,0,-3.830187,0.08661573380231857,0.8730000257492065,0.9205999970436096
YGL223C,YJR017C,0,-3.8306768,0.08660714328289032,0.8730000257492065,0.9207000136375427
YJL087C,YMR213W,0,-3.831101,0.08659855276346207,0.8730000257492065,0.920799970626831
YKR101W,YHR152W,0,-3.8311963,0.08658996224403381,0.8730000257492065,0.9208999872207642
YDR349C,YGL174W,0,-3.831255,0.08658137172460556,0.8730000257492065,0.9210000038146973
YDR260C,YPR181C,1,-3.831277,0.08667195588350296,0.8740000128746033,0.9210000038146973
YIL040W,YDR117C,0,-3.8320112,0.08666335791349411,0.8740000128746033,0.9211000204086304
YOR085W,YLR043C,0,-3.8326228,0.08665476739406586,0.8740000128746033,0.9211999773979187
YNL325C,YLL002W,0,-3.8328037,0.0866461768746376,0.8740000128746033,0.9212999939918518
YNL116W,YMR021C,0,-3.8330293,0.08663758635520935,0.8740000128746033,0.9214000105857849
YPL153C,YDR167W,0,-3.8330808,0.0866290032863617,0.8740000128746033,0.921500027179718
YNL172W,YEL037C,1,-3.833339,0.08671952784061432,0.875,0.921500027179718
YKR028W,YPL028W,0,-3.8340893,0.08671092987060547,0.875,0.9215999841690063
YDR472W,YKR014C,0,-3.8343964,0.08670233935117722,0.875,0.9217000007629395
YNL027W,YIL041W,0,-3.8351326,0.08669374883174896,0.875,0.9218000173568726
YDR006C,YIL023C,0,-3.8355954,0.08668515831232071,0.875,0.9218999743461609
YFL047W,YDR170C,0,-3.835604,0.08667657524347305,0.875,0.921999990940094
YMR214W,YGL048C,1,-3.8361504,0.0867670327425003,0.8759999871253967,0.921999990940094
YIR011C,YPL084W,1,-3.836168,0.08685748279094696,0.8769999742507935,0.921999990940094
YOR323C,YER144C,0,-3.8364122,0.08684887737035751,0.8769999742507935,0.9221000075340271
YGR191W,YJL006C,0,-3.8367932,0.08684027940034866,0.8769999742507935,0.9222000241279602
YAL035W,YEL056W,0,-3.8368974,0.08683168143033981,0.8769999742507935,0.9222999811172485
YHR101C,YDR421W,0,-3.8372192,0.08682308346033096,0.8769999742507935,0.9223999977111816
YDL147W,YDR118W,1,-3.8383994,0.08691348135471344,0.878000020980835,0.9223999977111816
YBR035C,YCR002C,0,-3.8384771,0.08690488338470459,0.878000020980835,0.9225000143051147
YLL036C,YFL009W,1,-3.8386102,0.08699525147676468,0.8790000081062317,0.9225000143051147
YPR104C,YKR008W,0,-3.839148,0.08698663860559464,0.8790000081062317,0.9225999712944031
YJR082C,YMR080C,0,-3.839171,0.08697803318500519,0.8790000081062317,0.9226999878883362
YLR304C,YJL128C,0,-3.8395832,0.08696942776441574,0.8790000081062317,0.9228000044822693
YNL272C,YLR172C,0,-3.8397174,0.0869608223438263,0.8790000081062317,0.9229000210762024
YKR046C,YOR265W,0,-3.840005,0.08695222437381744,0.8790000081062317,0.9229999780654907
YPL119C,YIL006W,0,-3.8402722,0.086943618953228,0.8790000081062317,0.9230999946594238
YNL241C,YCR069W,0,-3.840376,0.08693502098321915,0.8790000081062317,0.9232000112533569
YER065C,YJR007W,0,-3.8405743,0.0869264230132103,0.8790000081062317,0.92330002784729
YJL192C,YNL127W,0,-3.840849,0.08691782504320145,0.8790000081062317,0.9233999848365784
YCR028C,YNL136W,0,-3.841416,0.0869092345237732,0.8790000081062317,0.9235000014305115
YMR088C,YNL073W,0,-3.8414655,0.08690064400434494,0.8790000081062317,0.9236000180244446
YOL113W,YGL210W,0,-3.8420758,0.08689205348491669,0.8790000081062317,0.9236999750137329
YAR019C,YLR285W,0,-3.8422065,0.08688346296548843,0.8790000081062317,0.923799991607666
YOL060C,YML026C,0,-3.8423924,0.08687487989664078,0.8790000081062317,0.9239000082015991
YOR261C,YBR201W,1,-3.8424263,0.08696511387825012,0.8799999952316284,0.9239000082015991
YHR186C,YIL048W,0,-3.8429723,0.08695652335882187,0.8799999952316284,0.9240000247955322
YJR097W,YLR330W,0,-3.8438697,0.08694793283939362,0.8799999952316284,0.9240999817848206
YGR241C,YJR002W,0,-3.84444,0.08693934231996536,0.8799999952316284,0.9241999983787537
YPR030W,YFR005C,0,-3.8446105,0.08693075180053711,0.8799999952316284,0.9243000149726868
YNL220W,YPR079W,0,-3.8447409,0.08692216873168945,0.8799999952316284,0.9243999719619751
YBR196C,YGR223C,0,-3.8450565,0.0869135782122612,0.8799999952316284,0.9244999885559082
YER039C,YJL121C,0,-3.84512,0.08690499514341354,0.8799999952316284,0.9246000051498413
YPL085W,YOL149W,0,-3.8454907,0.08689641207456589,0.8799999952316284,0.9247000217437744
YLR192C,YOR138C,0,-3.845548,0.08688783645629883,0.8799999952316284,0.9247999787330627
YJR019C,YDR524C,0,-3.846552,0.08687926083803177,0.8799999952316284,0.9248999953269958
YFL039C,YDR487C,0,-3.846734,0.08687067776918411,0.8799999952316284,0.925000011920929
YNL188W,YLR203C,0,-3.8470368,0.08686210960149765,0.8799999952316284,0.9251000285148621
YBR287W,YPL048W,0,-3.8474202,0.08685353398323059,0.8799999952316284,0.9251999855041504
YNL292W,YDR231C,0,-3.8475633,0.08684495836496353,0.8799999952316284,0.9253000020980835
YBL052C,YDL019C,0,-3.847777,0.08683639019727707,0.8799999952316284,0.9254000186920166
YEL017C-A,YJR139C,0,-3.847784,0.0868278220295906,0.8799999952316284,0.9254999756813049
YDL099W,YIL090W,0,-3.8483024,0.08681926131248474,0.8799999952316284,0.925599992275238
YER061C,YHR004C,0,-3.8490644,0.08681069314479828,0.8799999952316284,0.9257000088691711
YOR179C,YLR078C,0,-3.8494368,0.08680213242769241,0.8799999952316284,0.9258000254631042
YJL210W,YCR094W,0,-3.8495975,0.08679357171058655,0.8799999952316284,0.9258999824523926
YPL232W,YDR356W,0,-3.850278,0.08678501099348068,0.8799999952316284,0.9259999990463257
YPL042C,YJL111W,0,-3.8503246,0.08677645027637482,0.8799999952316284,0.9261000156402588
YLR117C,YFR005C,0,-3.8503337,0.08676789700984955,0.8799999952316284,0.9261999726295471
YIL047C,YDR510W,0,-3.8503578,0.08675934374332428,0.8799999952316284,0.9262999892234802
YGR098C,YDR170C,0,-3.850367,0.08675079047679901,0.8799999952316284,0.9264000058174133
YOR201C,YCR068W,0,-3.850976,0.08674223721027374,0.8799999952316284,0.9265000224113464
YKL094W,YDL010W,0,-3.851097,0.08673369139432907,0.8799999952316284,0.9265999794006348
YER148W,YGR184C,0,-3.851237,0.0867251381278038,0.8799999952316284,0.9266999959945679
YML094W,YAL020C,0,-3.851447,0.08671659231185913,0.8799999952316284,0.926800012588501
YKL176C,YNL223W,0,-3.8516588,0.08670804649591446,0.8799999952316284,0.9269000291824341
YMR143W,YMR302C,0,-3.8520207,0.08669950813055038,0.8799999952316284,0.9269999861717224
YCR020W-B,YMR193W,0,-3.8522136,0.08669096976518631,0.8799999952316284,0.9271000027656555
YPL065W,YPL002C,1,-3.852366,0.08678092807531357,0.8809999823570251,0.9271000027656555
YPL038W,YEL013W,0,-3.8526897,0.0867723822593689,0.8809999823570251,0.9272000193595886
YBR253W,YFR033C,0,-3.8530693,0.08676383644342422,0.8809999823570251,0.927299976348877
YJL117W,YPL023C,0,-3.8531978,0.08675529062747955,0.8809999823570251,0.9273999929428101
YGR048W,YOR256C,1,-3.8538556,0.08684521168470383,0.8820000290870667,0.9273999929428101
YKL095W,YDL245C,0,-3.8544917,0.08683666586875916,0.8820000290870667,0.9275000095367432
YOL146W,YGL241W,0,-3.8548589,0.08682811260223389,0.8820000290870667,0.9276000261306763
YGL011C,YHR043C,1,-3.8549185,0.08691800385713577,0.8830000162124634,0.9276000261306763
YIL047C,YGL035C,0,-3.8549898,0.0869094505906105,0.8830000162124634,0.9276999831199646
YOR261C,YIR011C,1,-3.8550005,0.08699931204319,0.8840000033378601,0.9276999831199646
YOL021C,YBR024W,0,-3.8550372,0.08699075132608414,0.8840000033378601,0.9277999997138977
YGL050W,YBR298C,0,-3.855136,0.08698219060897827,0.8840000033378601,0.9279000163078308
YOR039W,YNR013C,0,-3.8551702,0.0869736298918724,0.8840000033378601,0.9279999732971191
YIL026C,YDL045C,0,-3.8552911,0.08696507662534714,0.8840000033378601,0.9280999898910522
YOL133W,YOL013C,1,-3.8554134,0.08705488592386246,0.8849999904632568,0.9280999898910522
YGL225W,YOL064C,0,-3.8554926,0.08704632520675659,0.8849999904632568,0.9282000064849854
YOR261C,YLR208W,1,-3.8556023,0.08713611215353012,0.8859999775886536,0.9282000064849854
YIR023W,YDR460W,0,-3.8557162,0.08712754398584366,0.8859999775886536,0.9283000230789185
YLR423C,YGR225W,0,-3.856087,0.0871189758181572,0.8859999775886536,0.9283999800682068
YGR070W,YER112W,0,-3.8570633,0.08711041510105133,0.8859999775886536,0.9284999966621399
YHL034C,YER049W,0,-3.8572211,0.08710184693336487,0.8859999775886536,0.928600013256073
YPL096W,YLR127C,1,-3.857345,0.08719158917665482,0.8870000243186951,0.928600013256073
YFL029C,YOR061W,0,-3.8574708,0.08718301355838776,0.8870000243186951,0.9286999702453613
YML058W,YIL109C,0,-3.8579452,0.0871744453907013,0.8870000243186951,0.9287999868392944
YKL065C,YJL002C,0,-3.8583276,0.08716587722301483,0.8870000243186951,0.9289000034332275
YNL189W,YDR022C,0,-3.858382,0.08715731650590897,0.8870000243186951,0.9290000200271606
YLR144C,YCR048W,0,-3.8585627,0.0871487557888031,0.8870000243186951,0.929099977016449
YGR033C,YPR033C,0,-3.8587737,0.08714018762111664,0.8870000243186951,0.9291999936103821
YML073C,YKL117W,0,-3.8588033,0.08713163435459137,0.8870000243186951,0.9293000102043152
YDL058W,YJL100W,0,-3.8593216,0.0871230736374855,0.8870000243186951,0.9294000267982483
YGR121C,YBR287W,0,-3.859774,0.08711451292037964,0.8870000243186951,0.9294999837875366
YDL200C,YML099C,0,-3.8598318,0.08710595965385437,0.8870000243186951,0.9296000003814697
YDL192W,YPR042C,0,-3.8601234,0.0870974063873291,0.8870000243186951,0.9297000169754028
YDR245W,YMR167W,0,-3.860578,0.08708885312080383,0.8870000243186951,0.9297999739646912
YHR166C,YKL022C,1,-3.8607707,0.08717848360538483,0.8880000114440918,0.9297999739646912
YOL033W,YMR172W,0,-3.8608804,0.08716992288827896,0.8880000114440918,0.9298999905586243
YPR137W,YDR258C,0,-3.8614812,0.08716136962175369,0.8880000114440918,0.9300000071525574
YDR142C,YGR014W,0,-3.8616943,0.08715280890464783,0.8880000114440918,0.9301000237464905
YPR103W,YDL147W,1,-3.8626022,0.08724239468574524,0.8889999985694885,0.9301000237464905
YJL047C,YNL064C,1,-3.862603,0.08733195811510086,0.8899999856948853,0.9301000237464905
YFL016C,YOR222W,0,-3.8627648,0.0873233899474144,0.8899999856948853,0.9301999807357788
YJL178C,YPR082C,0,-3.8630538,0.08731482177972794,0.8899999856948853,0.9302999973297119
YDL045C,YIL020C,0,-3.8637452,0.08730626106262207,0.8899999856948853,0.930400013923645
YKL160W,YNL154C,0,-3.8641899,0.08729769289493561,0.8899999856948853,0.9304999709129333
YBL021C,YMR052W,0,-3.8659587,0.08728913217782974,0.8899999856948853,0.9305999875068665
YOR151C,YDR142C,0,-3.866037,0.08728057146072388,0.8899999856948853,0.9307000041007996
YGR143W,YBL039C,0,-3.8662114,0.08727201074361801,0.8899999856948853,0.9308000206947327
YGR167W,YBR287W,0,-3.8669913,0.08726345747709274,0.8899999856948853,0.930899977684021
YGL113W,YLR078C,0,-3.8677437,0.08725490421056747,0.8899999856948853,0.9309999942779541
YBR222C,YOR340C,0,-3.8683057,0.0872463509440422,0.8899999856948853,0.9311000108718872
YAL041W,YHR081W,0,-3.868579,0.08723779767751694,0.8899999856948853,0.9312000274658203
YGL155W,YDR470C,0,-3.868999,0.08722924441099167,0.8899999856948853,0.9312999844551086
YOR336W,YOR036W,0,-3.8690526,0.087220698595047,0.8899999856948853,0.9314000010490417
YJL019W,YDR453C,0,-3.8692093,0.08721215277910233,0.8899999856948853,0.9315000176429749
YGR276C,YBL030C,0,-3.869245,0.08720360696315765,0.8899999856948853,0.9315999746322632
YDR510W,YGR238C,0,-3.869716,0.08719506114721298,0.8899999856948853,0.9316999912261963
YPL139C,YMR014W,0,-3.8701797,0.08718652278184891,0.8899999856948853,0.9318000078201294
YDR373W,YGR013W,0,-3.87044,0.08717797696590424,0.8899999856948853,0.9319000244140625
YNL225C,YJR095W,0,-3.8708172,0.08716943860054016,0.8899999856948853,0.9319999814033508
YKL126W,YCL031C,0,-3.870912,0.08716090768575668,0.8899999856948853,0.9320999979972839
YDR373W,YLL005C,0,-3.8714385,0.08715236932039261,0.8899999856948853,0.932200014591217
YKL179C,YOR188W,0,-3.8714757,0.08714383840560913,0.8899999856948853,0.9322999715805054
YKR092C,YOR007C,0,-3.8720171,0.08713530749082565,0.8899999856948853,0.9323999881744385
YJL139C,YJR104C,0,-3.872209,0.08712677657604218,0.8899999856948853,0.9325000047683716
YPL096W,YLR380W,1,-3.8723948,0.08721613138914108,0.890999972820282,0.9325000047683716
YDR329C,YHR117W,0,-3.8729558,0.08720759302377701,0.890999972820282,0.9326000213623047
YPL274W,YOR099W,0,-3.872994,0.08719906210899353,0.890999972820282,0.932699978351593
YMR316W,YML091C,0,-3.8736708,0.08719052374362946,0.890999972820282,0.9327999949455261
YDR088C,YML009C,0,-3.8737478,0.08718199282884598,0.890999972820282,0.9329000115394592
YBR203W,YDR164C,0,-3.8743215,0.0871734693646431,0.890999972820282,0.9330000281333923
YPL127C,YIL035C,0,-3.8743935,0.08716493844985962,0.890999972820282,0.9330999851226807
YEL052W,YNR050C,0,-3.874902,0.08715641498565674,0.890999972820282,0.9332000017166138
YER046W,YMR213W,0,-3.8750894,0.08714788407087326,0.890999972820282,0.9333000183105469
YKL101W,YOL066C,0,-3.8751721,0.08713936060667038,0.890999972820282,0.9333999752998352
YKL168C,YOR198C,0,-3.875503,0.0871308445930481,0.890999972820282,0.9334999918937683
YPL096W,YJL073W,1,-3.8757324,0.08722010254859924,0.8920000195503235,0.9334999918937683
YHR027C,YBL058W,1,-3.8760774,0.0873093456029892,0.8930000066757202,0.9334999918937683
YMR264W,YMR276W,1,-3.8770537,0.08739857375621796,0.8939999938011169,0.9334999918937683
YDR341C,YGR068C,0,-3.8778133,0.08739002794027328,0.8939999938011169,0.9336000084877014
YDR489W,YCR030C,0,-3.8781006,0.08738148957490921,0.8939999938011169,0.9337000250816345
YBR103W,YDR530C,0,-3.8785353,0.08737295120954514,0.8939999938011169,0.9337999820709229
YNL292W,YAL014C,0,-3.8790953,0.08736441284418106,0.8939999938011169,0.933899998664856
YMR037C,YBR154C,0,-3.879101,0.08735587447881699,0.8939999938011169,0.9340000152587891
YCR009C,YMR030W,0,-3.8797846,0.08734733611345291,0.8939999938011169,0.9340999722480774
YML112W,YDR462W,0,-3.8802829,0.08733880519866943,0.8939999938011169,0.9341999888420105
YIL085C,YNL322C,0,-3.8807926,0.08733027428388596,0.8939999938011169,0.9343000054359436
YGR013W,YDR142C,0,-3.8816304,0.08732174336910248,0.8939999938011169,0.9344000220298767
YMR309C,YJL100W,0,-3.8824058,0.087313212454319,0.8939999938011169,0.934499979019165
YGL048C,YMR161W,1,-3.8825104,0.08740234375,0.8949999809265137,0.934499979019165
YER021W,YDR177W,1,-3.8830957,0.08749145269393921,0.8960000276565552,0.934499979019165
YML121W,YPL204W,0,-3.8833218,0.08748291432857513,0.8960000276565552,0.9345999956130981
YHR044C,YCL014W,0,-3.8835454,0.08747437596321106,0.8960000276565552,0.9347000122070312
YBR150C,YGR214W,0,-3.8839886,0.08746583014726639,0.8960000276565552,0.9348000288009644
YLR079W,YPR031W,0,-3.8841226,0.08745729923248291,0.8960000276565552,0.9348999857902527
YHR036W,YDR231C,0,-3.8849497,0.08744876086711884,0.8960000276565552,0.9350000023841858
YDL181W,YHR057C,0,-3.8852103,0.08744022995233536,0.8960000276565552,0.9351000189781189
YOR061W,YDL064W,0,-3.88523,0.08743169158697128,0.8960000276565552,0.9351999759674072
YDR519W,YOR299W,0,-3.8859637,0.0874231606721878,0.8960000276565552,0.9352999925613403
YDR177W,YMR119W,1,-3.8867736,0.08751219511032104,0.8970000147819519,0.9352999925613403
YIL097W,YPL101W,0,-3.8871834,0.08750365674495697,0.8970000147819519,0.9354000091552734
YEL059C-A,YCR092C,0,-3.8872044,0.08749512583017349,0.8970000147819519,0.9355000257492065
YOR270C,YMR080C,0,-3.887301,0.08748658746480942,0.8970000147819519,0.9355999827384949
YKR087C,YDR177W,1,-3.8874934,0.08757557719945908,0.8980000019073486,0.9355999827384949
YAL029C,YMR169C,0,-3.8879004,0.087567038834095,0.8980000019073486,0.935699999332428
YOL013C,YKL034W,1,-3.8881726,0.08765600621700287,0.8989999890327454,0.935699999332428
YDL006W,YBR087W,0,-3.8886278,0.0876474604010582,0.8989999890327454,0.9358000159263611
YFR036W,YBL041W,1,-3.8888159,0.08773639798164368,0.8999999761581421,0.9358000159263611
YDR449C,YJL154C,0,-3.8899083,0.087727852165699,0.8999999761581421,0.9358999729156494
YNL308C,YOL110W,0,-3.8902578,0.08771929889917374,0.8999999761581421,0.9359999895095825
YJR126C,YCL055W,0,-3.8908262,0.08771075308322906,0.8999999761581421,0.9361000061035156
YGL174W,YJR144W,0,-3.8917112,0.0877021998167038,0.8999999761581421,0.9362000226974487
YIL076W,YJR110W,0,-3.891767,0.08769365400075912,0.8999999761581421,0.9362999796867371
YGR156W,YPL087W,0,-3.8919163,0.08768511563539505,0.8999999761581421,0.9363999962806702
YBR185C,YPL218W,0,-3.8927531,0.08767656981945038,0.8999999761581421,0.9365000128746033
YFR033C,YCR028C,0,-3.892952,0.0876680314540863,0.8999999761581421,0.9366000294685364
YPL038W,YBL099W,0,-3.8934567,0.08765949308872223,0.8999999761581421,0.9366999864578247
YNL148C,YDR511W,0,-3.8934932,0.08765095472335815,0.8999999761581421,0.9368000030517578
YOL033W,YKR019C,0,-3.8935285,0.08764241635799408,0.8999999761581421,0.9369000196456909
YIL134W,YBL019W,0,-3.8936234,0.0876338854432106,0.8999999761581421,0.9369999766349792
YDR202C,YER113C,0,-3.894086,0.08762535452842712,0.8999999761581421,0.9370999932289124
YGR009C,YKL143W,0,-3.8942657,0.08761682361364365,0.8999999761581421,0.9372000098228455
YEL016C,YDR071C,0,-3.8944516,0.08760829269886017,0.8999999761581421,0.9373000264167786
YLL036C,YIR025W,1,-3.894493,0.0876970961689949,0.9010000228881836,0.9373000264167786
YGL175C,YLL010C,0,-3.8945975,0.08768856525421143,0.9010000228881836,0.9373999834060669
YKL168C,YGR068C,0,-3.89515,0.08768003433942795,0.9010000228881836,0.9375
YBR214W,YER165W,0,-3.8955517,0.08767149597406387,0.9010000228881836,0.9376000165939331
YDL078C,YHR044C,0,-3.8958402,0.08766297250986099,0.9010000228881836,0.9376999735832214
YGR246C,YML046W,0,-3.8960185,0.08765444159507751,0.9010000228881836,0.9377999901771545
YDR163W,YCR008W,0,-3.8968139,0.08764591068029404,0.9010000228881836,0.9379000067710876
YNL241C,YOR167C,0,-3.897202,0.08763738721609116,0.9010000228881836,0.9380000233650208
YDR260C,YLR380W,1,-3.8973503,0.08772612363100052,0.9020000100135803,0.9380000233650208
YJL194W,YBR125C,0,-3.897536,0.08771759271621704,0.9020000100135803,0.9380999803543091
YGR200C,YMR169C,0,-3.897774,0.08770906180143356,0.9020000100135803,0.9381999969482422
YLR310C,YJL154C,0,-3.8984888,0.08770053833723068,0.9020000100135803,0.9383000135421753
YCL052C,YML029W,1,-3.8987184,0.08778923004865646,0.902999997138977,0.9383000135421753
YNL224C,YCR048W,0,-3.8987553,0.08778069168329239,0.902999997138977,0.9383999705314636
YKR071C,YNL088W,0,-3.899547,0.08777216076850891,0.902999997138977,0.9384999871253967
YGL054C,YGR033C,0,-3.9008994,0.08776362985372543,0.902999997138977,0.9386000037193298
YHR059W,YDL056W,0,-3.9011438,0.08775509893894196,0.902999997138977,0.9387000203132629
YJR065C,YBL050W,0,-3.9016004,0.08774657547473907,0.902999997138977,0.9387999773025513
YLR100W,YDR322W,0,-3.901689,0.0877380520105362,0.902999997138977,0.9388999938964844
YMR182C,YGR076C,0,-3.9018173,0.08772952854633331,0.902999997138977,0.9390000104904175
YNL272C,YBL099W,0,-3.902372,0.08772100508213043,0.902999997138977,0.9391000270843506
YNL275W,YJL165C,0,-3.9025853,0.08771248161792755,0.902999997138977,0.9391999840736389
YDR263C,YDL004W,0,-3.9028406,0.08770396560430527,0.902999997138977,0.939300000667572
YLR251W,YGR200C,0,-3.9029942,0.08769544214010239,0.902999997138977,0.9394000172615051
YDR349C,YNL256W,0,-3.903781,0.0876869261264801,0.902999997138977,0.9394999742507935
YNR026C,YNL064C,1,-3.9042292,0.08777551352977753,0.9039999842643738,0.9394999742507935
YGR154C,YLR141W,0,-3.9043922,0.08776699006557465,0.9039999842643738,0.9395999908447266
YOR274W,YLL001W,0,-3.9050784,0.08775846660137177,0.9039999842643738,0.9397000074386597
YJR051W,YMR278W,0,-3.9051297,0.08774995058774948,0.9039999842643738,0.9398000240325928
YNL107W,YDL226C,0,-3.905388,0.0877414345741272,0.9039999842643738,0.9398999810218811
YDR331W,YNL223W,0,-3.905999,0.08773291856050491,0.9039999842643738,0.9399999976158142
YPL060W,YNL301C,0,-3.9060593,0.08772440254688263,0.9039999842643738,0.9401000142097473
YPR009W,YKL173W,0,-3.906363,0.08771589398384094,0.9039999842643738,0.9401999711990356
YOL068C,YPL089C,0,-3.9087167,0.08770738542079926,0.9039999842643738,0.9402999877929688
YLR447C,YHR116W,0,-3.90903,0.08769887685775757,0.9039999842643738,0.9404000043869019
YNL300W,YMR278W,0,-3.9091258,0.08769036829471588,0.9039999842643738,0.940500020980835
YMR264W,YBR290W,1,-3.909584,0.08777885884046555,0.9049999713897705,0.940500020980835
YLR208W,YER021W,1,-3.9098158,0.08786732703447342,0.906000018119812,0.940500020980835
YLR097C,YER012W,1,-3.9100666,0.0879557803273201,0.9070000052452087,0.940500020980835
YGL004C,YLL036C,1,-3.910972,0.08804421871900558,0.9079999923706055,0.940500020980835
YAL022C,YDR047W,0,-3.9117498,0.08803568035364151,0.9079999923706055,0.9405999779701233
YHR091C,YMR231W,0,-3.911817,0.08802714198827744,0.9079999923706055,0.9406999945640564
YBL050W,YOR326W,0,-3.9118285,0.08801861107349396,0.9079999923706055,0.9408000111579895
YJL047C,YMR264W,1,-3.912532,0.08810700476169586,0.9089999794960022,0.9408000111579895
YOL094C,YDR310C,0,-3.9134972,0.08809846639633179,0.9089999794960022,0.9409000277519226
YIR018W,YCR014C,0,-3.9135587,0.08808992803096771,0.9089999794960022,0.9409999847412109
YCL052C,YOL013C,1,-3.9136739,0.08817829191684723,0.9100000262260437,0.9409999847412109
YDR022C,YCL069W,0,-3.9137697,0.08816975355148315,0.9100000262260437,0.941100001335144
YOR377W,YKR014C,0,-3.9140952,0.08816120773553848,0.9100000262260437,0.9412000179290771
YNL229C,YLR020C,0,-3.9144022,0.08815266937017441,0.9100000262260437,0.9412999749183655
YOR028C,YGL113W,0,-3.9145014,0.08814413100481033,0.9100000262260437,0.9413999915122986
YLR163C,YER113C,0,-3.9145865,0.08813559263944626,0.9100000262260437,0.9415000081062317
YDR291W,YKL113C,0,-3.9153602,0.08812705427408218,0.9100000262260437,0.9416000247001648
YDR017C,YGL244W,0,-3.9159427,0.0881185233592987,0.9100000262260437,0.9416999816894531
YLR221C,YOR150W,0,-3.9160337,0.08810999244451523,0.9100000262260437,0.9417999982833862
YDL198C,YDR031W,0,-3.917487,0.08810146152973175,0.9100000262260437,0.9419000148773193
YER114C,YPR125W,0,-3.9185157,0.08809293061494827,0.9100000262260437,0.9419999718666077
YDR400W,YHR043C,1,-3.9186325,0.08818120509386063,0.9110000133514404,0.9419999718666077
YMR023C,YCR014C,0,-3.9188418,0.08817266672849655,0.9110000133514404,0.9420999884605408
YNL306W,YJR010C-A,0,-3.9188447,0.08816413581371307,0.9110000133514404,0.9422000050544739
YGL208W,YLR008C,0,-3.9190702,0.0881556048989296,0.9110000133514404,0.942300021648407
YHR188C,YGR076C,0,-3.9194522,0.08814707398414612,0.9110000133514404,0.9423999786376953
YOL146W,YMR293C,0,-3.9198556,0.08813854306936264,0.9110000133514404,0.9424999952316284
YNL009W,YNL128W,0,-3.920639,0.08813001960515976,0.9110000133514404,0.9426000118255615
YGR240C,YML129C,0,-3.9209633,0.08812149614095688,0.9110000133514404,0.9427000284194946
YDR294C,YJL190C,0,-3.9225016,0.088112972676754,0.9110000133514404,0.942799985408783
YBR036C,YNL222W,0,-3.9233618,0.08810444921255112,0.9110000133514404,0.9429000020027161
YOR386W,YNL002C,0,-3.9239254,0.08809592574834824,0.9110000133514404,0.9430000185966492
YKL028W,YDL043C,0,-3.9247274,0.08808740973472595,0.9110000133514404,0.9430999755859375
YLR127C,YLR380W,1,-3.9252656,0.08817557990550995,0.9120000004768372,0.9430999755859375
YJR126C,YOR375C,0,-3.92532,0.08816705644130707,0.9120000004768372,0.9431999921798706
YOR351C,YPL192C,0,-3.9258976,0.08815853297710419,0.9120000004768372,0.9433000087738037
YGR020C,YCR012W,0,-3.9259963,0.0881500095129013,0.9120000004768372,0.9434000253677368
YJR151C,YBR133C,0,-3.9277277,0.08814149349927902,0.9120000004768372,0.9434999823570251
YMR042W,YER048C,0,-3.9278011,0.08813297003507614,0.9120000004768372,0.9435999989509583
YER020W,YER082C,0,-3.9279594,0.08812445402145386,0.9120000004768372,0.9437000155448914
YJL063C,YLR095C,0,-3.9287322,0.08811594545841217,0.9120000004768372,0.9437999725341797
YHR171W,YPL030W,0,-3.929631,0.08810742944478989,0.9120000004768372,0.9438999891281128
YJL036W,YCR094W,0,-3.9317179,0.0880989208817482,0.9120000004768372,0.9440000057220459
YER133W,YGL234W,0,-3.931882,0.08809040486812592,0.9120000004768372,0.944100022315979
YJR140C,YGL083W,0,-3.9318888,0.08808190375566483,0.9120000004768372,0.9441999793052673
YML001W,YDL002C,0,-3.9321213,0.08807339519262314,0.9120000004768372,0.9442999958992004
YPR166C,YGL003C,0,-3.9322586,0.08806488662958145,0.9120000004768372,0.9444000124931335
YMR109W,YOR340C,0,-3.934317,0.08805638551712036,0.9120000004768372,0.9445000290870667
YOR261C,YLR097C,1,-3.9343834,0.08814442902803421,0.9129999876022339,0.9445000290870667
YPR112C,YPR021C,0,-3.9346652,0.08813592046499252,0.9129999876022339,0.944599986076355
YGL030W,YKL117W,0,-3.9348884,0.08812741190195084,0.9129999876022339,0.9447000026702881
YER021W,YMR161W,1,-3.9350264,0.0882154256105423,0.9139999747276306,0.9447000026702881
YNR032W,YJL111W,0,-3.9354339,0.08820690959692001,0.9139999747276306,0.9448000192642212
YDR251W,YLR147C,0,-3.9356878,0.08819840103387833,0.9139999747276306,0.9448999762535095
YNL177C,YOR208W,0,-3.9360235,0.08818988502025604,0.9139999747276306,0.9449999928474426
YOR209C,YPR033C,0,-3.9361758,0.08818137645721436,0.9139999747276306,0.9451000094413757
YIL126W,YBR237W,0,-3.936869,0.08817287534475327,0.9139999747276306,0.9452000260353088
YBR257W,YBL105C,0,-3.9370885,0.08816436678171158,0.9139999747276306,0.9452999830245972
YIL048W,YML048W,0,-3.9375038,0.08815586566925049,0.9139999747276306,0.9453999996185303
YGL020C,YGR276C,0,-3.9375901,0.0881473645567894,0.9139999747276306,0.9455000162124634
YJL014W,YNL124W,0,-3.9380221,0.08813886344432831,0.9139999747276306,0.9455999732017517
YGL011C,YIR011C,1,-3.9381793,0.0882267877459526,0.9150000214576721,0.9455999732017517
YDL084W,YPR149W,0,-3.938438,0.08821827918291092,0.9150000214576721,0.9456999897956848
YDR462W,YJL198W,0,-3.9400203,0.08820977807044983,0.9150000214576721,0.9458000063896179
YDL147W,YBR201W,1,-3.9405017,0.08829766511917114,0.9160000085830688,0.9458000063896179
YOL148C,YDR206W,0,-3.9407558,0.08828915655612946,0.9160000085830688,0.945900022983551
YFR004W,YER021W,1,-3.9408135,0.08837702125310898,0.9169999957084656,0.945900022983551
YMR198W,YPL180W,0,-3.9409475,0.0883685052394867,0.9169999957084656,0.9459999799728394
YFL038C,YEL063C,0,-3.9412177,0.08835998922586441,0.9169999957084656,0.9460999965667725
YDL065C,YBL068W,0,-3.9428706,0.08835148066282272,0.9169999957084656,0.9462000131607056
YPL232W,YOR324C,0,-3.943026,0.08834296464920044,0.9169999957084656,0.9463000297546387
YOL125W,YDR511W,0,-3.9434934,0.08833445608615875,0.9169999957084656,0.946399986743927
YHR043C,YER012W,1,-3.9440913,0.0884222686290741,0.9179999828338623,0.946399986743927
YFL041W,YDR228C,0,-3.944219,0.08841375261545181,0.9179999828338623,0.9465000033378601
YJR004C,YGR227W,0,-3.9448688,0.08840523660182953,0.9179999828338623,0.9466000199317932
YGR041W,YNR023W,0,-3.9452424,0.08839672803878784,0.9179999828338623,0.9466999769210815
YLR321C,YKL094W,0,-3.9457097,0.08838821202516556,0.9179999828338623,0.9467999935150146
YJL184W,YMR113W,0,-3.9457126,0.08837970346212387,0.9179999828338623,0.9469000101089478
YMR199W,YNR039C,0,-3.9460356,0.08837119489908218,0.9179999828338623,0.9470000267028809
YER055C,YBR024W,0,-3.9461155,0.0883626937866211,0.9179999828338623,0.9470999836921692
YGL004C,YLR127C,1,-3.9469113,0.08845043182373047,0.9190000295639038,0.9470999836921692
YCR060W,YML066C,0,-3.9475126,0.08844192326068878,0.9190000295639038,0.9472000002861023
YKR030W,YDR107C,0,-3.9476886,0.0884334072470665,0.9190000295639038,0.9473000168800354
YBR152W,YBR258C,0,-3.9487953,0.08842489868402481,0.9190000295639038,0.9473999738693237
YOL068C,YDR294C,0,-3.9490376,0.08841639757156372,0.9190000295639038,0.9474999904632568
YNL082W,YAL035W,0,-3.9493034,0.08840788900852203,0.9190000295639038,0.9476000070571899
YAL053W,YOR188W,0,-3.949799,0.08839938789606094,0.9190000295639038,0.947700023651123
YDR169C,YNR057C,0,-3.950839,0.08839087933301926,0.9190000295639038,0.9477999806404114
YGL187C,YKL064W,0,-3.9512994,0.08838237822055817,0.9190000295639038,0.9478999972343445
YNR032W,YGR280C,0,-3.951542,0.08837388455867767,0.9190000295639038,0.9480000138282776
YNR026C,YOR362C,1,-3.9518259,0.08846154063940048,0.9200000166893005,0.9480000138282776
YDR279W,YBL064C,0,-3.9528832,0.0884530320763588,0.9200000166893005,0.9480999708175659
YKL210W,YML077W,0,-3.9529161,0.0884445309638977,0.9200000166893005,0.948199987411499
YMR235C,YJR007W,0,-3.954327,0.08843602985143661,0.9200000166893005,0.9483000040054321
YPL232W,YOR243C,0,-3.955658,0.08842752873897552,0.9200000166893005,0.9484000205993652
YNR010W,YGR261C,0,-3.955723,0.08841902762651443,0.9200000166893005,0.9484999775886536
YNL326C,YNL272C,0,-3.9559302,0.08841053396463394,0.9200000166893005,0.9485999941825867
YOR089C,YDR172W,0,-3.9561818,0.08840204030275345,0.9200000166893005,0.9487000107765198
YOR064C,YDR334W,0,-3.9562871,0.08839354664087296,0.9200000166893005,0.9488000273704529
YBL052C,YDR137W,0,-3.9567723,0.08838505297899246,0.9200000166893005,0.9488999843597412
YNL079C,YDR182W,0,-3.9568963,0.08837655931711197,0.9200000166893005,0.9490000009536743
YNL097C,YEL017C-A,0,-3.9571915,0.08836807310581207,0.9200000166893005,0.9491000175476074
YGR223C,YKR014C,0,-3.9578037,0.08835958689451218,0.9200000166893005,0.9491999745368958
YLR088W,YGR077C,0,-3.9583259,0.08835110068321228,0.9200000166893005,0.9492999911308289
YML095C,YER058W,0,-3.958363,0.08834261447191238,0.9200000166893005,0.949400007724762
YDR050C,YGR222W,0,-3.9585447,0.08833413571119308,0.9200000166893005,0.9495000243186951
YAL031C,YIL079C,0,-3.9596953,0.08832564949989319,0.9200000166893005,0.9495999813079834
YGR104C,YDR162C,0,-3.9623551,0.08831717073917389,0.9200000166893005,0.9496999979019165
YLR105C,YBR210W,0,-3.962368,0.08830869942903519,0.9200000166893005,0.9498000144958496
YNL230C,YLR395C,0,-3.9625978,0.08830022066831589,0.9200000166893005,0.9498999714851379
YDR477W,YDR302W,0,-3.9635696,0.08829174935817719,0.9200000166893005,0.949999988079071
YGL134W,YFL036W,0,-3.9648237,0.08828327059745789,0.9200000166893005,0.9501000046730042
YOR155C,YFR001W,0,-3.965693,0.08827480673789978,0.9200000166893005,0.9502000212669373
YGR275W,YNL329C,0,-3.9657655,0.08826633542776108,0.9200000166893005,0.9502999782562256
YGL223C,YJL140W,0,-3.966166,0.08825786411762238,0.9200000166893005,0.9503999948501587
YML072C,YFL036W,0,-3.96669,0.08824940025806427,0.9200000166893005,0.9505000114440918
YOR198C,YKL015W,0,-3.9668174,0.08824093639850616,0.9200000166893005,0.9506000280380249
YOR008C,YFL047W,0,-3.9672897,0.08823247253894806,0.9200000166893005,0.9506999850273132
YDL060W,YPL123C,0,-3.9674764,0.08822400867938995,0.9200000166893005,0.9508000016212463
YNL315C,YKL090W,0,-3.9678667,0.08821555227041245,0.9200000166893005,0.9509000182151794
YLL043W,YNL021W,0,-3.9683018,0.08820709586143494,0.9200000166893005,0.9509999752044678
YLR410W,YDL065C,0,-3.9686162,0.08819863945245743,0.9200000166893005,0.9510999917984009
YDL231C,YKL148C,0,-3.9688392,0.08819018304347992,0.9200000166893005,0.951200008392334
YML007W,YGL012W,0,-3.9692369,0.08818173408508301,0.9200000166893005,0.9513000249862671
YOR261C,YMR022W,1,-3.9703166,0.08826912194490433,0.9210000038146973,0.9513000249862671
YHR181W,YFL024C,0,-3.9713664,0.08826065808534622,0.9210000038146973,0.9513999819755554
YDR478W,YKL017C,0,-3.9719172,0.08825220167636871,0.9210000038146973,0.9514999985694885
YOL033W,YHR081W,0,-3.9721725,0.0882437452673912,0.9210000038146973,0.9516000151634216
YJL008C,YJL081C,0,-3.972837,0.0882352963089943,0.9210000038146973,0.95169997215271
YOR080W,YLR138W,0,-3.9735131,0.08822683990001678,0.9210000038146973,0.9517999887466431
YOR230W,YDR172W,0,-3.9746497,0.08821839094161987,0.9210000038146973,0.9519000053405762
YLR266C,YHR191C,0,-3.9747868,0.08820994198322296,0.9210000038146973,0.9520000219345093
YMR024W,YPL139C,0,-3.975447,0.08820149302482605,0.9210000038146973,0.9520999789237976
YKL017C,YOR159C,0,-3.9778488,0.08819305151700974,0.9210000038146973,0.9521999955177307
YJL140W,YPL181W,0,-3.9789443,0.08818460255861282,0.9210000038146973,0.9523000121116638
YCR028C,YCR071C,0,-3.9792466,0.08817616105079651,0.9210000038146973,0.9524000287055969
YHR062C,YMR284W,0,-3.9795146,0.0881677195429802,0.9210000038146973,0.9524999856948853
YMR093W,YIL136W,0,-3.9809723,0.08815927803516388,0.9210000038146973,0.9526000022888184
YHR013C,YDR512C,0,-3.9811847,0.08815084397792816,0.9210000038146973,0.9527000188827515
YEL063C,YKR065C,0,-3.9816172,0.08814240247011185,0.9210000038146973,0.9527999758720398
YGL086W,YDR006C,0,-3.9817328,0.08813396841287613,0.9210000038146973,0.9528999924659729
YBL079W,YOR036W,0,-3.9817593,0.08812554180622101,0.9210000038146973,0.953000009059906
YER161C,YDL120W,0,-3.9817917,0.08811710774898529,0.9210000038146973,0.9531000256538391
YMR161W,YPR108W,1,-3.9824476,0.08820434659719467,0.921999990940094,0.9531000256538391
YGL223C,YKL013C,0,-3.9827318,0.08819590508937836,0.921999990940094,0.9531999826431274
YOR275C,YML094W,0,-3.9831002,0.08818747103214264,0.921999990940094,0.9532999992370605
YNR006W,YOR304W,0,-3.9836357,0.08817903697490692,0.921999990940094,0.9534000158309937
YFR004W,YDR260C,1,-3.9839056,0.08826623111963272,0.9229999780654907,0.9534000158309937
YJL047C,YKR087C,1,-3.9855125,0.08835341036319733,0.9240000247955322,0.9534000158309937
YGL136C,YDL226C,0,-3.9858775,0.08834496885538101,0.9240000247955322,0.953499972820282
YKL195W,YOR206W,0,-3.9864397,0.0883365198969841,0.9240000247955322,0.9535999894142151
YNL227C,YDL194W,0,-3.986864,0.08832807838916779,0.9240000247955322,0.9537000060081482
YKR101W,YIL090W,0,-3.98723,0.08831962943077087,0.9240000247955322,0.9538000226020813
YFR028C,YIL157C,0,-3.9885776,0.08831119537353516,0.9240000247955322,0.9538999795913696
YGL065C,YOR216C,0,-3.9885924,0.08830275386571884,0.9240000247955322,0.9539999961853027
YGL203C,YCR027C,0,-3.988807,0.08829431235790253,0.9240000247955322,0.9541000127792358
YPR073C,YLR219W,0,-3.989778,0.08828587830066681,0.9240000247955322,0.954200029373169
YFL033C,YKL190W,0,-3.9898822,0.08827744424343109,0.9240000247955322,0.9542999863624573
YHR051W,YBR127C,0,-3.9900093,0.08826901018619537,0.9240000247955322,0.9544000029563904
YHR101C,YGR081C,0,-3.9904256,0.08826057612895966,0.9240000247955322,0.9545000195503235
YPL119C,YDR520C,0,-3.9904995,0.08825214952230453,0.9240000247955322,0.9545999765396118
YNL223W,YLR103C,0,-3.9907055,0.08824372291564941,0.9240000247955322,0.9546999931335449
YJR064W,YDR421W,0,-3.99085,0.0882352963089943,0.9240000247955322,0.954800009727478
YDL207W,YPL020C,0,-3.9910982,0.08822686970233917,0.9240000247955322,0.9549000263214111
YMR302C,YLR182W,0,-3.9911263,0.08821844309568405,0.9240000247955322,0.9549999833106995
YKL015W,YKR035W-A,0,-3.9924986,0.08821002393960953,0.9240000247955322,0.9550999999046326
YAL053W,YLR192C,0,-3.9929895,0.088201604783535,0.9240000247955322,0.9552000164985657
YOR118W,YLR264W,0,-3.9931865,0.08819318562746048,0.9240000247955322,0.955299973487854
YGL216W,YCR081W,0,-3.9938064,0.08818476647138596,0.9240000247955322,0.9553999900817871
YBR221C,YFL050C,0,-3.993913,0.08817635476589203,0.9240000247955322,0.9555000066757202
YPR058W,YEL052W,0,-3.9939353,0.0881679356098175,0.9240000247955322,0.9556000232696533
YJL091C,YHL027W,0,-3.9954882,0.08815952390432358,0.9240000247955322,0.9556999802589417
YOL044W,YOR326W,0,-3.9958506,0.08815111964941025,0.9240000247955322,0.9557999968528748
YGR135W,YMR161W,1,-3.9963093,0.08823809772729874,0.925000011920929,0.9557999968528748
YJR058C,YMR139W,0,-3.9966679,0.08822968602180481,0.925000011920929,0.9559000134468079
YNL099C,YOR388C,0,-3.9969997,0.08822126686573029,0.925000011920929,0.9559999704360962
YPL128C,YNR007C,0,-3.9980888,0.08821285516023636,0.925000011920929,0.9560999870300293
YAL035W,YGL084C,0,-3.9993193,0.08820444345474243,0.925000011920929,0.9562000036239624
YLR441C,YJL154C,0,-3.9995623,0.0881960317492485,0.925000011920929,0.9563000202178955
YDR373W,YDR194C,0,-3.999825,0.08818762749433517,0.925000011920929,0.9563999772071838
YOR202W,YDL107W,0,-4.0000587,0.08817921578884125,0.925000011920929,0.9564999938011169
YMR316W,YML052W,0,-4.000874,0.08817081153392792,0.925000011920929,0.95660001039505
YAL053W,YNL152W,0,-4.0009007,0.08816240727901459,0.925000011920929,0.9567000269889832
YMR264W,YBL041W,1,-4.0010667,0.0882493108510971,0.9259999990463257,0.9567000269889832
YML077W,YBL046W,0,-4.0019956,0.08824089914560318,0.9259999990463257,0.9567999839782715
YKL095W,YLR013W,0,-4.002245,0.08823249489068985,0.9259999990463257,0.9569000005722046
YEL052W,YER082C,0,-4.002416,0.08822408318519592,0.9259999990463257,0.9570000171661377
YKR087C,YFL009W,1,-4.002739,0.08831094950437546,0.9269999861717224,0.9570000171661377
YDR166C,YBL055C,0,-4.003755,0.08830253034830093,0.9269999861717224,0.957099974155426
YOR017W,YJR004C,0,-4.0037766,0.0882941260933876,0.9269999861717224,0.9571999907493591
YLR291C,YKL186C,0,-4.0050216,0.08828571438789368,0.9269999861717224,0.9573000073432922
YGR255C,YOR323C,0,-4.006265,0.08827731013298035,0.9269999861717224,0.9574000239372253
YGL187C,YMR200W,0,-4.0075088,0.08826889842748642,0.9269999861717224,0.9574999809265137
YOR100C,YNL316C,0,-4.007708,0.08826049417257309,0.9269999861717224,0.9575999975204468
YDR429C,YJR007W,0,-4.0078464,0.08825209736824036,0.9269999861717224,0.9577000141143799
YFL009W,YDR054C,1,-4.0083685,0.08833888918161392,0.9279999732971191,0.9577000141143799
YML121W,YDR071C,0,-4.010188,0.08833047747612,0.9279999732971191,0.9577999711036682
YDR260C,YMR161W,1,-4.0102544,0.08841724693775177,0.9290000200271606,0.9577999711036682
YER068W,YEL030W,0,-4.010356,0.08840882778167725,0.9290000200271606,0.9578999876976013
YLR378C,YIL114C,0,-4.011605,0.08840041607618332,0.9290000200271606,0.9580000042915344
YNL188W,YBR058C,0,-4.0125604,0.08839200437068939,0.9290000200271606,0.9581000208854675
YDL192W,YOR230W,0,-4.0128226,0.08838360011577606,0.9290000200271606,0.9581999778747559
YBR207W,YML093W,0,-4.01306,0.08837518841028214,0.9290000200271606,0.958299994468689
YMR264W,YKL041W,1,-4.0133343,0.08846190571784973,0.9300000071525574,0.958299994468689
YMR056C,YDR460W,0,-4.0135856,0.0884534940123558,0.9300000071525574,0.9584000110626221
YIL088C,YPR048W,0,-4.0154805,0.08844507485628128,0.9300000071525574,0.9585000276565552
YMR005W,YMR030W,0,-4.0169234,0.08843667060136795,0.9300000071525574,0.9585999846458435
YDL236W,YMR152W,0,-4.0169363,0.08842825889587402,0.9300000071525574,0.9587000012397766
YOL045W,YBR213W,0,-4.0176244,0.0884198546409607,0.9300000071525574,0.9588000178337097
YNL284C,YPL212C,0,-4.01785,0.08841144293546677,0.9300000071525574,0.958899974822998
YEL046C,YEL002C,0,-4.018495,0.08840303868055344,0.9300000071525574,0.9589999914169312
YOR075W,YOR020C,0,-4.018732,0.0883946418762207,0.9300000071525574,0.9591000080108643
YOR067C,YJR104C,0,-4.0196595,0.08838623762130737,0.9300000071525574,0.9592000246047974
YMR030W,YNR022C,0,-4.0212455,0.08837784081697464,0.9300000071525574,0.9592999815940857
YGL234W,YGR010W,0,-4.022486,0.0883694440126419,0.9300000071525574,0.9593999981880188
YKL195W,YMR197C,0,-4.0230565,0.08836104720830917,0.9300000071525574,0.9595000147819519
YKL041W,YKL206C,1,-4.023193,0.08844765275716782,0.9309999942779541,0.9595000147819519
YJR034W,YGL166W,0,-4.023251,0.08843924850225449,0.9309999942779541,0.9595999717712402
YIR009W,YNL015W,0,-4.0232763,0.08843085169792175,0.9309999942779541,0.9596999883651733
YBR236C,YOL054W,0,-4.023776,0.08842245489358902,0.9309999942779541,0.9598000049591064
YKL009W,YGL233W,0,-4.0237904,0.08841405808925629,0.9309999942779541,0.9599000215530396
YHR083W,YOR311C,0,-4.0252447,0.08840566128492355,0.9309999942779541,0.9599999785423279
YBL102W,YGR183C,0,-4.0252476,0.08839726448059082,0.9309999942779541,0.960099995136261
YJR040W,YLR289W,0,-4.026099,0.08838887512683868,0.9309999942779541,0.9602000117301941
YJL165C,YOR209C,0,-4.026931,0.08838048577308655,0.9309999942779541,0.9603000283241272
YGL011C,YMR022W,1,-4.0290837,0.08846701681613922,0.9319999814033508,0.9603000283241272
YLR206W,YJR064W,0,-4.0296082,0.08845862001180649,0.9319999814033508,0.9603999853134155
YIR015W,YBR264C,0,-4.0296645,0.08845022320747375,0.9319999814033508,0.9605000019073486
YFL041W,YOR039W,0,-4.0296907,0.08844182640314102,0.9319999814033508,0.9606000185012817
YKR028W,YNL261W,0,-4.030661,0.08843343704938889,0.9319999814033508,0.9606999754905701
YKR101W,YML115C,0,-4.030785,0.08842504769563675,0.9319999814033508,0.9607999920845032
YJL134W,YLR077W,0,-4.0310106,0.08841665834188461,0.9319999814033508,0.9609000086784363
YLR208W,YER012W,1,-4.0310497,0.08850312978029251,0.9330000281333923,0.9609000086784363
YMR044W,YLR144C,0,-4.031177,0.08849473297595978,0.9330000281333923,0.9610000252723694
YJL048C,YDR260C,1,-4.03159,0.08858118206262589,0.9340000152587891,0.9610000252723694
YGL038C,YEL052W,0,-4.031763,0.08857278525829315,0.9340000152587891,0.9610999822616577
YGR281W,YER126C,0,-4.0318685,0.08856438100337982,0.9340000152587891,0.9611999988555908
YLR262C,YMR247C,0,-4.032499,0.08855598419904709,0.9340000152587891,0.9613000154495239
YOR256C,YDR069C,1,-4.0326114,0.08864239603281021,0.9350000023841858,0.9613000154495239
YGR223C,YER114C,0,-4.0341935,0.08863399177789688,0.9350000023841858,0.9613999724388123
YDL212W,YBR024W,0,-4.034575,0.08862559497356415,0.9350000023841858,0.9614999890327454
YNL014W,YER068W,0,-4.034874,0.08861719071865082,0.9350000023841858,0.9616000056266785
YMR088C,YDR512C,0,-4.035758,0.08860879391431808,0.9350000023841858,0.9617000222206116
YNL119W,YBR179C,0,-4.0378084,0.08860039710998535,0.9350000023841858,0.9617999792098999
YML116W,YGR262C,0,-4.0381484,0.08859200030565262,0.9350000023841858,0.961899995803833
YLR148W,YOR115C,0,-4.039197,0.08858361095190048,0.9350000023841858,0.9620000123977661
YDR507C,YDR530C,0,-4.039909,0.08857522159814835,0.9350000023841858,0.9621000289916992
YMR281W,YCR079W,0,-4.0399184,0.08856682479381561,0.9350000023841858,0.9621999859809875
YKL146W,YHR064C,0,-4.040366,0.08855843544006348,0.9350000023841858,0.9623000025749207
YBR201W,YKL034W,1,-4.0412154,0.08864475786685944,0.9359999895095825,0.9623000025749207
YLR201C,YNL206C,0,-4.041346,0.0886363610625267,0.9359999895095825,0.9624000191688538
YAL047C,YLR298C,0,-4.0425735,0.08862797170877457,0.9359999895095825,0.9624999761581421
YIR011C,YDL190C,1,-4.0426497,0.08871425688266754,0.9369999766349792,0.9624999761581421
YML115C,YML064C,0,-4.043136,0.08870586007833481,0.9369999766349792,0.9625999927520752
YJR067C,YDR151C,0,-4.0434546,0.08869746327400208,0.9369999766349792,0.9627000093460083
YGL011C,YKL034W,1,-4.0442476,0.08878371864557266,0.9380000233650208,0.9627000093460083
YER094C,YDL126C,1,-4.044723,0.08886995911598206,0.9390000104904175,0.9627000093460083
YNL298W,YDL210W,0,-4.0458875,0.08886154741048813,0.9390000104904175,0.9628000259399414
YBR024W,YPL226W,0,-4.046096,0.0888531431555748,0.9390000104904175,0.9628999829292297
YOR256C,YMR077C,1,-4.046274,0.0889393538236618,0.9399999976158142,0.9628999829292297
YHR008C,YHR021C,0,-4.047348,0.08893093466758728,0.9399999976158142,0.9629999995231628
YFL022C,YDR077W,0,-4.047565,0.08892252296209335,0.9399999976158142,0.963100016117096
YOL109W,YOL060C,0,-4.0476165,0.08891411125659943,0.9399999976158142,0.9631999731063843
YDR219C,YMR077C,1,-4.0478888,0.08900028467178345,0.9409999847412109,0.9631999731063843
YDL040C,YOR141C,0,-4.04797,0.08899186551570892,0.9409999847412109,0.9632999897003174
YDR320C,YDR470C,0,-4.0480785,0.088983453810215,0.9409999847412109,0.9634000062942505
YKL217W,YJL192C,0,-4.0489793,0.08897503465414047,0.9409999847412109,0.9635000228881836
YDL010W,YJL104W,0,-4.049638,0.08896662294864655,0.9409999847412109,0.9635999798774719
YLL043W,YPR023C,0,-4.050135,0.08895821869373322,0.9409999847412109,0.963699996471405
YJL042W,YOR066W,0,-4.0504365,0.08894980698823929,0.9409999847412109,0.9638000130653381
YDR477W,YMR070W,0,-4.0511193,0.08894139528274536,0.9409999847412109,0.9639000296592712
YNL283C,YBR260C,0,-4.051682,0.08893299102783203,0.9409999847412109,0.9639999866485596
YIR037W,YNL182C,0,-4.05215,0.0889245867729187,0.9409999847412109,0.9641000032424927
YNL073W,YPR113W,0,-4.0524497,0.08891618996858597,0.9409999847412109,0.9642000198364258
YLR208W,YGL011C,1,-4.052919,0.08900226652622223,0.9419999718666077,0.9642000198364258
YKL146W,YJL104W,0,-4.052976,0.0889938622713089,0.9419999718666077,0.9642999768257141
YNL012W,YER086W,0,-4.0534053,0.08898545056581497,0.9419999718666077,0.9643999934196472
YER162C,YIR022W,0,-4.0536394,0.08897704631090164,0.9419999718666077,0.9645000100135803
YDR520C,YMR039C,0,-4.0539575,0.08896864205598831,0.9419999718666077,0.9646000266075134
YGR159C,YDR258C,0,-4.0545764,0.08896024525165558,0.9419999718666077,0.9646999835968018
YJR067C,YLR368W,0,-4.055113,0.08895184099674225,0.9419999718666077,0.9648000001907349
YGR220C,YGR072W,0,-4.055829,0.08894344419240952,0.9419999718666077,0.964900016784668
YGR106C,YFL031W,0,-4.057816,0.08893504738807678,0.9419999718666077,0.9649999737739563
YJL178C,YPL232W,0,-4.057906,0.08892665058374405,0.9419999718666077,0.9650999903678894
YDR260C,YLR025W,1,-4.0587654,0.08901264518499374,0.9430000185966492,0.9650999903678894
YML036W,YOR007C,0,-4.059378,0.08900424838066101,0.9430000185966492,0.9652000069618225
YPL053C,YGR106C,0,-4.0600963,0.08899584412574768,0.9430000185966492,0.9653000235557556
YBL011W,YDR071C,0,-4.06166,0.08898744732141495,0.9430000185966492,0.965399980545044
YLR038C,YBL017C,0,-4.0616884,0.08897905051708221,0.9430000185966492,0.965499997138977
YER074W,YKL152C,0,-4.0620685,0.08897066116333008,0.9430000185966492,0.9656000137329102
YDL236W,YMR030W,0,-4.062663,0.08896226435899734,0.9430000185966492,0.9656999707221985
YLR165C,YML124C,0,-4.06303,0.08895387500524521,0.9430000185966492,0.9657999873161316
YPR082C,YPR162C,0,-4.0636973,0.08894548565149307,0.9430000185966492,0.9659000039100647
YDL127W,YNL009W,0,-4.066133,0.08893709629774094,0.9430000185966492,0.9660000205039978
YGL011C,YHR166C,1,-4.0664225,0.08902300894260406,0.9440000057220459,0.9660000205039978
YOL070C,YMR172W,0,-4.0667567,0.08901461213827133,0.9440000057220459,0.9660999774932861
YGR220C,YNL032W,0,-4.0670524,0.0890062227845192,0.9440000057220459,0.9661999940872192
YPL190C,YDL108W,0,-4.067157,0.08899783343076706,0.9440000057220459,0.9663000106811523
YIL126W,YGR077C,0,-4.0680633,0.08898944407701492,0.9440000057220459,0.9664000272750854
YIR011C,YFL009W,1,-4.068467,0.08907531201839447,0.9449999928474426,0.9664000272750854
YLL036C,YDR069C,1,-4.070171,0.08916116505861282,0.9459999799728394,0.9664000272750854
YKL020C,YKL154W,0,-4.0727553,0.08915276825428009,0.9459999799728394,0.9664999842643738
YHR070W,YKL146W,0,-4.0739655,0.08914436399936676,0.9459999799728394,0.9666000008583069
YGL212W,YIL134W,0,-4.0753202,0.08913596719503403,0.9459999799728394,0.96670001745224
YPL163C,YPL151C,0,-4.075906,0.0891275703907013,0.9459999799728394,0.9667999744415283
YDR162C,YOR115C,0,-4.0769334,0.08911917358636856,0.9459999799728394,0.9668999910354614
YMR302C,YJL121C,0,-4.077046,0.08911077678203583,0.9459999799728394,0.9670000076293945
YOR256C,YNL159C,1,-4.0776668,0.0891965702176094,0.9470000267028809,0.9670000076293945
YIL063C,YDR379W,0,-4.0782256,0.08918817341327667,0.9470000267028809,0.9671000242233276
YOR174W,YMR054W,0,-4.0791216,0.08917976915836334,0.9470000267028809,0.967199981212616
YER087C-B,YDR481C,0,-4.0800705,0.08917137235403061,0.9470000267028809,0.9672999978065491
YKR087C,YLR097C,1,-4.080243,0.0892571285367012,0.9480000138282776,0.9672999978065491
YLR028C,YEL046C,0,-4.0809793,0.08924873173236847,0.9480000138282776,0.9674000144004822
YGR194C,YDR339C,0,-4.08149,0.08924032747745514,0.9480000138282776,0.9674999713897705
YBR173C,YHR166C,1,-4.081534,0.08932605385780334,0.9490000009536743,0.9674999713897705
YJL036W,YJL121C,0,-4.081973,0.08931764960289001,0.9490000009536743,0.9675999879837036
YMR198W,YPL074W,0,-4.082161,0.08930923789739609,0.9490000009536743,0.9677000045776367
YMR268C,YDR520C,0,-4.0824413,0.08930084109306335,0.9490000009536743,0.9678000211715698
YLR090W,YOR140W,0,-4.0824842,0.08929243683815002,0.9490000009536743,0.9678999781608582
YNL159C,YKL034W,1,-4.0825443,0.08937811851501465,0.949999988079071,0.9678999781608582
YPL059W,YNL282W,0,-4.0834546,0.08936970680952072,0.949999988079071,0.9679999947547913
YPR113W,YMR203W,0,-4.083674,0.08936130255460739,0.949999988079071,0.9681000113487244
YNL223W,YOR149C,0,-4.084841,0.08935289829969406,0.949999988079071,0.9682000279426575
YBR289W,YGR155W,0,-4.085547,0.08934449404478073,0.949999988079071,0.9682999849319458
YBL023C,YOR038C,0,-4.0860476,0.0893360897898674,0.949999988079071,0.9684000015258789
YBR192W,YDR251W,0,-4.0864086,0.08932769298553467,0.949999988079071,0.968500018119812
YML094W,YJL128C,0,-4.086438,0.08931929618120193,0.949999988079071,0.9685999751091003
YCR053W,YGR263C,0,-4.0866113,0.0893108993768692,0.949999988079071,0.9686999917030334
YDL047W,YDR349C,0,-4.0870795,0.08930250257253647,0.949999988079071,0.9688000082969666
YJR009C,YBR118W,0,-4.0873814,0.08929410576820374,0.949999988079071,0.9689000248908997
YHR105W,YPL246C,0,-4.0886893,0.0892857164144516,0.949999988079071,0.968999981880188
YOR122C,YHR206W,0,-4.0890656,0.08927732706069946,0.949999988079071,0.9690999984741211
YOL109W,YGL136C,0,-4.0892787,0.08926893770694733,0.949999988079071,0.9692000150680542
YDR264C,YML081C-A,0,-4.089469,0.08926054835319519,0.949999988079071,0.9692999720573425
YKL064W,YLR153C,0,-4.089828,0.08925215899944305,0.949999988079071,0.9693999886512756
YDL197C,YHR081W,0,-4.090295,0.08924377709627151,0.949999988079071,0.9695000052452087
YOR054C,YJR082C,0,-4.090308,0.08923539519309998,0.949999988079071,0.9696000218391418
YGL121C,YGR162W,0,-4.0912595,0.08922701328992844,0.949999988079071,0.9696999788284302
YOR245C,YCL031C,0,-4.0918937,0.0892186313867569,0.949999988079071,0.9697999954223633
YOL113W,YCR052W,0,-4.091936,0.08921025693416595,0.949999988079071,0.9699000120162964
YKL024C,YHR001W,0,-4.09339,0.08920187503099442,0.949999988079071,0.9700000286102295
YAL047C,YGR215W,0,-4.093653,0.08919350057840347,0.949999988079071,0.9700999855995178
YDL153C,YFL036W,0,-4.09442,0.08918512612581253,0.949999988079071,0.9702000021934509
YKL004W,YDR421W,0,-4.0952916,0.08917675912380219,0.949999988079071,0.970300018787384
YBR044C,YGL022W,0,-4.09565,0.08916838467121124,0.949999988079071,0.9703999757766724
YIL050W,YLR357W,0,-4.0961146,0.0891600176692009,0.949999988079071,0.9704999923706055
YDR163W,YHR191C,0,-4.0978303,0.08915165066719055,0.949999988079071,0.9706000089645386
YDR310C,YNL121C,0,-4.099078,0.0891432836651802,0.949999988079071,0.9707000255584717
YHL034C,YDL075W,0,-4.100243,0.08913492411375046,0.949999988079071,0.97079998254776
YPL259C,YHR188C,0,-4.10032,0.08912655711174011,0.949999988079071,0.9708999991416931
YOL064C,YGR106C,0,-4.1030846,0.08911819756031036,0.949999988079071,0.9710000157356262
YNR026C,YPL084W,1,-4.1033874,0.08920364081859589,0.9509999752044678,0.9710000157356262
YBR229C,YMR021C,0,-4.1041765,0.08919527381658554,0.9509999752044678,0.9710999727249146
YOR386W,YHR187W,0,-4.1042104,0.0891869068145752,0.9509999752044678,0.9711999893188477
YJL042W,YGR238C,0,-4.104294,0.08917854726314545,0.9509999752044678,0.9713000059127808
YOL056W,YMR193W,0,-4.10492,0.0891701802611351,0.9509999752044678,0.9714000225067139
YBL041W,YLR025W,1,-4.105193,0.08925557881593704,0.9520000219345093,0.9714000225067139
YER101C,YBR135W,0,-4.108077,0.0892472118139267,0.9520000219345093,0.9714999794960022
YPR103W,YGR135W,1,-4.1080775,0.08933258056640625,0.953000009059906,0.9714999794960022
YDR501W,YER030W,0,-4.1085825,0.0893242135643959,0.953000009059906,0.9715999960899353
YJL004C,YJR019C,0,-4.1088376,0.08931583911180496,0.953000009059906,0.9717000126838684
YER180C,YDR031W,0,-4.1090293,0.08930747210979462,0.953000009059906,0.9718000292778015
YEL017C-A,YKR003W,0,-4.109428,0.08929909765720367,0.953000009059906,0.9718999862670898
YGR047C,YJL090C,0,-4.1094375,0.08929073065519333,0.953000009059906,0.972000002861023
YGL048C,YLR025W,1,-4.109578,0.0893760547041893,0.9539999961853027,0.972000002861023
YIR037W,YIL041W,0,-4.1100097,0.08936768025159836,0.9539999961853027,0.972100019454956
YCR083W,YCR094W,0,-4.110342,0.08935931324958801,0.9539999961853027,0.9721999764442444
YDR400W,YDR260C,1,-4.110446,0.089444600045681,0.9549999833106995,0.9721999764442444
YMR142C,YLR344W,0,-4.1112046,0.08943622559309006,0.9549999833106995,0.9722999930381775
YCR081W,YDR082W,0,-4.1112065,0.08942785114049911,0.9549999833106995,0.9724000096321106
YER030W,YDL188C,0,-4.1112194,0.08941947668790817,0.9549999833106995,0.9725000262260437
YBR214W,YPL101W,0,-4.111636,0.08941110223531723,0.9549999833106995,0.972599983215332
YOL148C,YDR291W,0,-4.1120615,0.08940273523330688,0.9549999833106995,0.9726999998092651
YGL030W,YDR032C,0,-4.1121593,0.08939436823129654,0.9549999833106995,0.9728000164031982
YDR071C,YDR512C,0,-4.113034,0.0893860012292862,0.9549999833106995,0.9728999733924866
YOL006C,YGL112C,0,-4.1131396,0.08937763422727585,0.9549999833106995,0.9729999899864197
YPL015C,YPL143W,0,-4.1139045,0.0893692672252655,0.9549999833106995,0.9731000065803528
YKL188C,YLR003C,0,-4.114283,0.08936090767383575,0.9549999833106995,0.9732000231742859
YDR140W,YLR425W,0,-4.114288,0.089352548122406,0.9549999833106995,0.9732999801635742
YER117W,YPL143W,0,-4.115405,0.08934418857097626,0.9549999833106995,0.9733999967575073
YHR044C,YDR281C,0,-4.1157074,0.08933582901954651,0.9549999833106995,0.9735000133514404
YMR024W,YKL059C,0,-4.115754,0.08932746946811676,0.9549999833106995,0.9735999703407288
YDL207W,YIL112W,0,-4.115823,0.08931911736726761,0.9549999833106995,0.9736999869346619
YDR479C,YPL211W,0,-4.1163974,0.08931076526641846,0.9549999833106995,0.973800003528595
YJR063W,YPL015C,0,-4.11697,0.0893024131655693,0.9549999833106995,0.9739000201225281
YDR022C,YLR145W,0,-4.1172967,0.08929406106472015,0.9549999833106995,0.9739999771118164
YFL009W,YPL084W,1,-4.1175265,0.0893792062997818,0.9559999704360962,0.9739999771118164
YHR166C,YMR077C,1,-4.118682,0.08946433663368225,0.9570000171661377,0.9739999771118164
YDL067C,YGL100W,0,-4.119293,0.0894559696316719,0.9570000171661377,0.9740999937057495
YOL072W,YLR395C,0,-4.12099,0.08944761008024216,0.9570000171661377,0.9742000102996826
YDL065C,YDR162C,0,-4.1214437,0.08943925052881241,0.9570000171661377,0.9743000268936157
YGL038C,YMR080C,0,-4.121501,0.08943089097738266,0.9570000171661377,0.974399983882904
YDL147W,YMR077C,1,-4.1223044,0.08951597660779953,0.9580000042915344,0.974399983882904
YLR221C,YER101C,0,-4.1223907,0.08950761705636978,0.9580000042915344,0.9745000004768372
YLR208W,YFR004W,1,-4.122848,0.08959267288446426,0.9589999914169312,0.9745000004768372
YMR012W,YOL006C,0,-4.122894,0.08958430588245392,0.9589999914169312,0.9746000170707703
YPR025C,YOR140W,0,-4.1232557,0.08957593888044357,0.9589999914169312,0.9746999740600586
YOR138C,YER048C,0,-4.1239533,0.08956757187843323,0.9589999914169312,0.9747999906539917
YDR351W,YNL284C,0,-4.124068,0.08955920487642288,0.9589999914169312,0.9749000072479248
YPL005W,YHR084W,0,-4.1248035,0.08955084532499313,0.9589999914169312,0.9750000238418579
YBR231C,YDR279W,0,-4.124866,0.08954248577356339,0.9589999914169312,0.9750999808311462
YDL042C,YGR268C,0,-4.1249537,0.08953412622213364,0.9589999914169312,0.9751999974250793
YIR015W,YLR421C,0,-4.1250777,0.08952576667070389,0.9589999914169312,0.9753000140190125
YJR065C,YDR414C,0,-4.1252246,0.08951740711927414,0.9589999914169312,0.9753999710083008
YDR518W,YER058W,0,-4.1276846,0.08950905501842499,0.9589999914169312,0.9754999876022339
YJR063W,YDR443C,0,-4.1285787,0.08950070291757584,0.9589999914169312,0.975600004196167
YHR178W,YDR424C,0,-4.1287694,0.08949235081672668,0.9589999914169312,0.9757000207901001
YDR166C,YDL150W,0,-4.129333,0.08948399871587753,0.9589999914169312,0.9757999777793884
YNL241C,YML012W,0,-4.1314783,0.08947564661502838,0.9589999914169312,0.9758999943733215
YKL042W,YGL134W,0,-4.131918,0.08946730196475983,0.9589999914169312,0.9760000109672546
YNL315C,YDR207C,0,-4.1321564,0.08945895731449127,0.9589999914169312,0.9761000275611877
YDR429C,YBR236C,0,-4.1329184,0.08945061266422272,0.9589999914169312,0.9761999845504761
YKR030W,YDR022C,0,-4.135284,0.08944226801395416,0.9589999914169312,0.9763000011444092
YGL011C,YBL058W,1,-4.136288,0.0895271822810173,0.9599999785423279,0.9763000011444092
YKL041W,YFL009W,1,-4.136393,0.08961208164691925,0.9610000252723694,0.9763000011444092
YDL122W,YDR096W,0,-4.1378503,0.0896037295460701,0.9610000252723694,0.9764000177383423
YFL013C,YBR213W,0,-4.13794,0.08959537744522095,0.9610000252723694,0.9764999747276306
YCR033W,YLL050C,0,-4.138167,0.0895870253443718,0.9610000252723694,0.9765999913215637
YLR105C,YMR231W,0,-4.138267,0.08957867324352264,0.9610000252723694,0.9767000079154968
YPL059W,YMR285C,0,-4.1389093,0.08957032114267349,0.9610000252723694,0.9768000245094299
YKL041W,YLR025W,1,-4.139328,0.08965517580509186,0.9620000123977661,0.9768000245094299
YNL177C,YDR460W,0,-4.139467,0.08964681625366211,0.9620000123977661,0.9768999814987183
YHR057C,YNL049C,0,-4.1415873,0.08963846415281296,0.9620000123977661,0.9769999980926514
YNL099C,YDL178W,0,-4.1450543,0.0896301120519638,0.9620000123977661,0.9771000146865845
YMR088C,YNL154C,0,-4.1457033,0.08962175995111465,0.9620000123977661,0.9771999716758728
YPR171W,YMR025W,0,-4.1461687,0.0896134153008461,0.9620000123977661,0.9772999882698059
YKR065C,YKR029C,0,-4.1461782,0.08960507065057755,0.9620000123977661,0.977400004863739
YPL003W,YNL308C,0,-4.1462026,0.0895967185497284,0.9620000123977661,0.9775000214576721
YKL101W,YDR251W,0,-4.146234,0.08958838135004044,0.9620000123977661,0.9775999784469604
YDL092W,YCR071C,0,-4.1473455,0.08958003669977188,0.9620000123977661,0.9776999950408936
YER094C,YFR052W,1,-4.1488457,0.08966480195522308,0.9629999995231628,0.9776999950408936
YOL102C,YDR512C,0,-4.1494894,0.08965645730495453,0.9629999995231628,0.9778000116348267
YOL115W,YCR071C,0,-4.1497755,0.08964811265468597,0.9629999995231628,0.9779000282287598
YMR235C,YJL164C,0,-4.1526093,0.08963976800441742,0.9629999995231628,0.9779999852180481
YOL109W,YBR150C,0,-4.152865,0.08963142335414886,0.9629999995231628,0.9781000018119812
YGR112W,YPL211W,0,-4.154572,0.08962307870388031,0.9629999995231628,0.9782000184059143
YLL036C,YKL022C,1,-4.1555614,0.08970779925584793,0.9639999866485596,0.9782000184059143
YML060W,YFR003C,0,-4.1557984,0.08969945460557938,0.9639999866485596,0.9782999753952026
YAL038W,YHR203C,0,-4.155815,0.08969110250473022,0.9639999866485596,0.9783999919891357
YDR177W,YOR362C,1,-4.156349,0.08977579325437546,0.9649999737739563,0.9783999919891357
YDR454C,YOL110W,0,-4.156651,0.0897674411535263,0.9649999737739563,0.9785000085830688
YKR030W,YBR245C,0,-4.156661,0.08975908905267715,0.9649999737739563,0.978600025177002
YNL177C,YBL102W,0,-4.158324,0.0897507444024086,0.9649999737739563,0.9786999821662903
YNL326C,YJR083C,0,-4.158836,0.08974239975214005,0.9649999737739563,0.9787999987602234
YKL041W,YKL034W,1,-4.159065,0.0898270383477211,0.9660000205039978,0.9787999987602234
YDR123C,YML099C,0,-4.159695,0.08981868624687195,0.9660000205039978,0.9789000153541565
YML110C,YML048W,0,-4.160078,0.0898103415966034,0.9660000205039978,0.9789999723434448
YDL192W,YGR068C,0,-4.16042,0.08980198949575424,0.9660000205039978,0.9790999889373779
YNR023W,YKR054C,0,-4.162067,0.08979364484548569,0.9660000205039978,0.979200005531311
YGR276C,YDL188C,0,-4.1620865,0.08978529274463654,0.9660000205039978,0.9793000221252441
YDR229W,YJR060W,0,-4.16384,0.08977694809436798,0.9660000205039978,0.9793999791145325
YJL063C,YIL026C,0,-4.163984,0.08976861089468002,0.9660000205039978,0.9794999957084656
YGR128C,YIL136W,0,-4.164221,0.08976026624441147,0.9660000205039978,0.9796000123023987
YOR070C,YCR028C,0,-4.165841,0.08975192904472351,0.9660000205039978,0.9797000288963318
YAL016W,YBR187W,0,-4.166687,0.08974359184503555,0.9660000205039978,0.9797999858856201
YDL147W,YFR052W,1,-4.169018,0.08982814848423004,0.9670000076293945,0.9797999858856201
YDR485C,YMR150C,0,-4.1690326,0.08981980383396149,0.9670000076293945,0.9799000024795532
YDR331W,YMR311C,0,-4.1719728,0.08981145918369293,0.9670000076293945,0.9800000190734863
YHR166C,YLR025W,1,-4.1720796,0.08989598602056503,0.9679999947547913,0.9800000190734863
YOR061W,YOL006C,0,-4.1720934,0.08988764137029648,0.9679999947547913,0.9800999760627747
YJL112W,YJL029C,0,-4.172449,0.08987929672002792,0.9679999947547913,0.9801999926567078
YJR067C,YJR019C,0,-4.1752734,0.08987095206975937,0.9679999947547913,0.9803000092506409
YEL053C,YCR083W,0,-4.1761513,0.08986260741949081,0.9679999947547913,0.980400025844574
YHR027C,YGR135W,1,-4.1769323,0.08994708955287933,0.968999981880188,0.980400025844574
YGR106C,YJL081C,0,-4.177908,0.08993874490261078,0.968999981880188,0.9804999828338623
YLR403W,YOL062C,0,-4.1784034,0.08993039280176163,0.968999981880188,0.9805999994277954
YPL139C,YOL130W,0,-4.178407,0.08992204815149307,0.968999981880188,0.9807000160217285
YER068W,YGR076C,0,-4.1787615,0.08991370350122452,0.968999981880188,0.9807999730110168
YKL018W,YBL101C,0,-4.180251,0.08990536630153656,0.968999981880188,0.98089998960495
YIR009W,YPL020C,0,-4.181308,0.089897021651268,0.968999981880188,0.9810000061988831
YJR133W,YOR269W,0,-4.1813784,0.08988868445158005,0.968999981880188,0.9811000227928162
YMR161W,YMR184W,1,-4.181805,0.0899730995297432,0.9700000286102295,0.9811000227928162
YBL057C,YNL159C,1,-4.186662,0.09005749970674515,0.9710000157356262,0.9811000227928162
YDR332W,YAL055W,0,-4.18871,0.09004915505647659,0.9710000157356262,0.9811999797821045
YDR207C,YKL152C,0,-4.189424,0.09004080295562744,0.9710000157356262,0.9812999963760376
YKR006C,YJR064W,0,-4.189853,0.09003245085477829,0.9710000157356262,0.9814000129699707
YDR059C,YDR119W,0,-4.190011,0.09002410620450974,0.9710000157356262,0.9815000295639038
YGR167W,YDR410C,0,-4.1911526,0.09001576155424118,0.9710000157356262,0.9815999865531921
YDL065C,YOL149W,0,-4.191183,0.09000741690397263,0.9710000157356262,0.9817000031471252
YPL232W,YDR466W,0,-4.1913624,0.08999907225370407,0.9710000157356262,0.9818000197410583
YCL052C,YMR214W,1,-4.1933265,0.09008341282606125,0.972000002861023,0.9818000197410583
YOR284W,YBR059C,0,-4.1940374,0.0900750607252121,0.972000002861023,0.9818999767303467
YGL050W,YPL015C,0,-4.1952424,0.09006671607494354,0.972000002861023,0.9819999933242798
YGR135W,YOR362C,1,-4.195407,0.09015102684497833,0.9729999899864197,0.9819999933242798
YGR240C,YMR193W,0,-4.1961117,0.09014267474412918,0.9729999899864197,0.9821000099182129
YOR284W,YBL101C,0,-4.196599,0.09013432264328003,0.9729999899864197,0.982200026512146
YBR074W,YHR001W,0,-4.197078,0.09012597054243088,0.9729999899864197,0.9822999835014343
YBR283C,YER112W,0,-4.1973267,0.09011762589216232,0.9729999899864197,0.9824000000953674
YKL041W,YMR077C,1,-4.197632,0.09020189195871353,0.9739999771118164,0.9824000000953674
YBR236C,YHR039C-A,0,-4.197832,0.09019353985786438,0.9739999771118164,0.9825000166893005
YNL177C,YLR166C,0,-4.1983867,0.09018518775701523,0.9739999771118164,0.9825999736785889
YCR030C,YGR072W,0,-4.204861,0.09017683565616608,0.9739999771118164,0.982699990272522
YOL100W,YPR033C,0,-4.2054744,0.09016849100589752,0.9739999771118164,0.9828000068664551
YOR115C,YOR171C,0,-4.2063437,0.09016013890504837,0.9739999771118164,0.9829000234603882
YDR177W,YKL034W,1,-4.2064166,0.0902443528175354,0.9750000238418579,0.9829000234603882
YMR127C,YFR003C,0,-4.2074904,0.09023600071668625,0.9750000238418579,0.9829999804496765
YGL156W,YOR361C,0,-4.208425,0.0902276486158371,0.9750000238418579,0.9830999970436096
YEL002C,YLR305C,0,-4.209932,0.09021930396556854,0.9750000238418579,0.9832000136375427
YDR293C,YMR235C,0,-4.2125106,0.09021095186471939,0.9750000238418579,0.983299970626831
YOR261C,YLR025W,1,-4.212704,0.09029512107372284,0.9760000109672546,0.983299970626831
YLR015W,YPL023C,0,-4.2128444,0.09028676897287369,0.9760000109672546,0.9833999872207642
YJL140W,YJL151C,0,-4.21287,0.09027841687202454,0.9760000109672546,0.9835000038146973
YAL062W,YDL245C,0,-4.2189107,0.09027007222175598,0.9760000109672546,0.9836000204086304
YJL063C,YMR311C,0,-4.220974,0.09026172012090683,0.9760000109672546,0.9836999773979187
YPL085W,YMR023C,0,-4.220996,0.09025337547063828,0.9760000109672546,0.9837999939918518
YGR220C,YNL006W,0,-4.2212806,0.09024503082036972,0.9760000109672546,0.9839000105857849
YMR214W,YBL058W,1,-4.222277,0.0903291404247284,0.9769999980926514,0.9839000105857849
YNL001W,YPL023C,0,-4.222956,0.09032078832387924,0.9769999980926514,0.984000027179718
YDR347W,YDL225W,0,-4.2239847,0.09031244367361069,0.9769999980926514,0.9840999841690063
YJL165C,YNL265C,0,-4.22526,0.09030409157276154,0.9769999980926514,0.9842000007629395
YGR132C,YFL048C,0,-4.22711,0.09029574692249298,0.9769999980926514,0.9843000173568726
YDL064W,YGR231C,0,-4.2277536,0.09028740227222443,0.9769999980926514,0.9843999743461609
YGR121C,YOR057W,0,-4.2308407,0.09027905762195587,0.9769999980926514,0.984499990940094
YDR074W,YHR065C,0,-4.2320113,0.09027072042226791,0.9769999980926514,0.9846000075340271
YER046W,YBR058C,0,-4.233791,0.09026238322257996,0.9769999980926514,0.9847000241279602
YGL172W,YLR357W,0,-4.2398653,0.0902540385723114,0.9769999980926514,0.9847999811172485
YGL002W,YKL059C,0,-4.2421045,0.09024570137262344,0.9769999980926514,0.9848999977111816
YGL205W,YNL099C,0,-4.242792,0.09023737162351608,0.9769999980926514,0.9850000143051147
YMR264W,YDR054C,1,-4.2446446,0.09032139182090759,0.9779999852180481,0.9850000143051147
YJL029C,YDL028C,0,-4.2464423,0.09031304717063904,0.9779999852180481,0.9850999712944031
YGL032C,YGR076C,0,-4.2468295,0.09030470997095108,0.9779999852180481,0.9851999878883362
YIL016W,YKL065C,0,-4.248602,0.09029637277126312,0.9779999852180481,0.9853000044822693
YNL239W,YJL140W,0,-4.2506127,0.09028803557157516,0.9779999852180481,0.9854000210762024
YER141W,YJL002C,0,-4.2536235,0.09027969837188721,0.9779999852180481,0.9854999780654907
YCL052C,YOR256C,1,-4.2542934,0.09036366641521454,0.9789999723434448,0.9854999780654907
YDR477W,YJL130C,0,-4.256775,0.09035532921552658,0.9789999723434448,0.9855999946594238
YMR214W,YBL041W,1,-4.2589283,0.09043927490711212,0.9800000190734863,0.9855999946594238
YDR400W,YDR054C,1,-4.261457,0.09052320569753647,0.9810000061988831,0.9855999946594238
YPL037C,YFL033C,0,-4.2615523,0.09051485359668732,0.9810000061988831,0.9857000112533569
YKL015W,YDR207C,0,-4.2626133,0.09050650149583817,0.9810000061988831,0.98580002784729
YIL023C,YNL149C,0,-4.263524,0.09049815684556961,0.9810000061988831,0.9858999848365784
YOR043W,YJR010C-A,0,-4.2653575,0.09048980474472046,0.9810000061988831,0.9860000014305115
YGL213C,YPL119C,0,-4.2690177,0.0904814600944519,0.9810000061988831,0.9861000180244446
YER058W,YNL207W,0,-4.2695527,0.09047311544418335,0.9810000061988831,0.9861999750137329
YER126C,YOL082W,0,-4.2699943,0.0904647707939148,0.9810000061988831,0.986299991607666
YBL052C,YLR270W,0,-4.270738,0.09045643359422684,0.9810000061988831,0.9864000082015991
YML048W,YPR033C,0,-4.274323,0.09044808894395828,0.9810000061988831,0.9865000247955322
YBL057C,YKL034W,1,-4.2744236,0.09053194522857666,0.9819999933242798,0.9865000247955322
YMR302C,YGL234W,0,-4.2746162,0.0905236005783081,0.9819999933242798,0.9865999817848206
YKR060W,YDR477W,0,-4.275324,0.09051525592803955,0.9819999933242798,0.9866999983787537
YOR118W,YBR037C,0,-4.2767043,0.090506911277771,0.9819999933242798,0.9868000149726868
YJL184W,YGR241C,0,-4.276808,0.09049857407808304,0.9819999933242798,0.9868999719619751
YMR311C,YPR043W,0,-4.277817,0.09049022942781448,0.9819999933242798,0.9869999885559082
YKL095W,YIL145C,0,-4.280454,0.09048189222812653,0.9819999933242798,0.9871000051498413
YKL041W,YMR119W,1,-4.282722,0.09056568890810013,0.9829999804496765,0.9871000051498413
YBL060W,YDR532C,0,-4.2831297,0.09055734425783157,0.9829999804496765,0.9872000217437744
YGR183C,YMR256C,0,-4.2832584,0.09054900705814362,0.9829999804496765,0.9872999787330627
YLR008C,YLR166C,0,-4.283513,0.09054066240787506,0.9829999804496765,0.9873999953269958
YNL154C,YLR459W,0,-4.2836356,0.0905323252081871,0.9829999804496765,0.987500011920929
YNL127W,YNL149C,0,-4.2852273,0.09052398800849915,0.9829999804496765,0.9876000285148621
YOL060C,YPL101W,0,-4.285277,0.09051565080881119,0.9829999804496765,0.9876999855041504
YPL152W,YMR309C,0,-4.2864513,0.09050732105970383,0.9829999804496765,0.9878000020980835
YBR173C,YER094C,1,-4.288677,0.09059105068445206,0.984000027179718,0.9878000020980835
YOR257W,YCR028C,0,-4.290044,0.0905827134847641,0.984000027179718,0.9879000186920166
YDR351W,YKL089W,0,-4.2928467,0.09057437628507614,0.984000027179718,0.9879999756813049
YDR477W,YOR243C,0,-4.2954917,0.09056603908538818,0.984000027179718,0.988099992275238
YBR214W,YOR361C,0,-4.2995825,0.09055770188570023,0.984000027179718,0.9882000088691711
YLR238W,YLR421C,0,-4.300526,0.09054937213659286,0.984000027179718,0.9883000254631042
YOL089C,YPL190C,0,-4.305595,0.09054103493690491,0.984000027179718,0.9883999824523926
YKR028W,YMR293C,0,-4.3060956,0.09053270518779755,0.984000027179718,0.9884999990463257
YBR122C,YBR228W,0,-4.3078446,0.09052437543869019,0.984000027179718,0.9886000156402588
YKR092C,YBR001C,0,-4.31359,0.09051605314016342,0.984000027179718,0.9886999726295471
YMR100W,YMR054W,0,-4.31431,0.09050772339105606,0.984000027179718,0.9887999892234802
YBR022W,YIR018W,0,-4.3207397,0.0904994010925293,0.984000027179718,0.9889000058174133
YLR208W,YEL037C,1,-4.3234487,0.09058304131031036,0.9850000143051147,0.9889000058174133
YPL244C,YJL123C,0,-4.324305,0.090574711561203,0.9850000143051147,0.9890000224113464
YLR369W,YML099C,0,-4.330877,0.09056638181209564,0.9850000143051147,0.9890999794006348
YOL068C,YLR084C,0,-4.331614,0.09055805951356888,0.9850000143051147,0.9891999959945679
YGL020C,YBL016W,0,-4.331994,0.09054972976446152,0.9850000143051147,0.989300012588501
YOR187W,YOR198C,0,-4.33302,0.09054140746593475,0.9850000143051147,0.9894000291824341
YJR005W,YML065W,0,-4.337177,0.09053308516740799,0.9850000143051147,0.9894999861717224
YMR214W,YER094C,1,-4.3407774,0.09061667323112488,0.9860000014305115,0.9894999861717224
YBR201W,YJR090C,1,-4.341215,0.09070023894309998,0.9869999885559082,0.9894999861717224
YER101C,YNL330C,0,-4.3412924,0.09069190174341202,0.9869999885559082,0.9896000027656555
YPL147W,YIL110W,0,-4.3413787,0.09068357199430466,0.9869999885559082,0.9897000193595886
YGL216W,YJL036W,0,-4.3417873,0.0906752422451973,0.9869999885559082,0.989799976348877
YLR369W,YCL061C,0,-4.341903,0.09066691249608994,0.9869999885559082,0.9898999929428101
YGL038C,YOR278W,0,-4.343461,0.09065858274698257,0.9869999885559082,0.9900000095367432
YMR024W,YOR007C,0,-4.344605,0.09065026044845581,0.9869999885559082,0.9901000261306763
YDR031W,YIL040W,0,-4.3450084,0.09064193069934845,0.9869999885559082,0.9901999831199646
YBR077C,YJR058C,0,-4.345552,0.09063360840082169,0.9869999885559082,0.9902999997138977
YDR400W,YCL052C,1,-4.3481917,0.09071710705757141,0.9879999756813049,0.9902999997138977
YNL003C,YGR155W,0,-4.3502116,0.09070877730846405,0.9879999756813049,0.9904000163078308
YGL256W,YBR207W,0,-4.3513646,0.09070044755935669,0.9879999756813049,0.9904999732971191
YGR143W,YOL136C,0,-4.3517222,0.09069212526082993,0.9879999756813049,0.9905999898910522
YGL212W,YOL070C,0,-4.3535905,0.09068380296230316,0.9879999756813049,0.9907000064849854
YDL040C,YML012W,0,-4.354441,0.0906754806637764,0.9879999756813049,0.9908000230789185
YML034W,YBR210W,0,-4.354801,0.09066715836524963,0.9879999756813049,0.9908999800682068
YNL160W,YGR200C,0,-4.3553348,0.09065883606672287,0.9879999756813049,0.9909999966621399
YLR088W,YDR169C,0,-4.355352,0.0906505212187767,0.9879999756813049,0.991100013256073
YGR154C,YLR395C,0,-4.355869,0.09064219892024994,0.9879999756813049,0.9911999702453613
YBR288C,YDR494W,0,-4.356049,0.09063388407230377,0.9879999756813049,0.9912999868392944
YKR060W,YKL065C,0,-4.362049,0.0906255766749382,0.9879999756813049,0.9914000034332275
YBR002C,YOL060C,0,-4.3622103,0.09061726182699203,0.9879999756813049,0.9915000200271606
YOR270C,YGR156W,0,-4.3642797,0.09060895442962646,0.9879999756813049,0.991599977016449
YIL105C,YDR484W,0,-4.3654456,0.0906006395816803,0.9879999756813049,0.9916999936103821
YBR236C,YIL126W,0,-4.366058,0.09059233218431473,0.9879999756813049,0.9918000102043152
YDR313C,YOL149W,0,-4.3662834,0.09058403223752975,0.9879999756813049,0.9919000267982483
YBL023C,YLR219W,0,-4.371059,0.09057572484016418,0.9879999756813049,0.9919999837875366
YLR208W,YDL147W,1,-4.37121,0.09065908938646317,0.9890000224113464,0.9919999837875366
YGL038C,YLR135W,0,-4.375693,0.0906507819890976,0.9890000224113464,0.9921000003814697
YBR018C,YPL218W,0,-4.3766694,0.09064247459173203,0.9890000224113464,0.9922000169754028
YPL232W,YDR167W,0,-4.379215,0.09063416719436646,0.9890000224113464,0.9922999739646912
YDR036C,YPL190C,0,-4.379773,0.09062585979700089,0.9890000224113464,0.9923999905586243
YIL159W,YDL194W,0,-4.385968,0.09061755239963531,0.9890000224113464,0.9925000071525574
YGL145W,YAL055W,0,-4.3870993,0.09060925245285034,0.9890000224113464,0.9926000237464905
YKL041W,YBR290W,1,-4.3924193,0.09069256484508514,0.9900000095367432,0.9926000237464905
YML009C,YGL112C,0,-4.402758,0.09068425744771957,0.9900000095367432,0.9926999807357788
YKL156W,YHR016C,0,-4.4038486,0.090675950050354,0.9900000095367432,0.9927999973297119
YER114C,YOL065C,0,-4.4053245,0.09066764265298843,0.9900000095367432,0.992900013923645
YEL042W,YCR079W,0,-4.4112854,0.09065934270620346,0.9900000095367432,0.9929999709129333
YDL035C,YPL069C,0,-4.4125676,0.09065104275941849,0.9900000095367432,0.9930999875068665
YBR006W,YGR229C,0,-4.420113,0.09064274281263351,0.9900000095367432,0.9932000041007996
YBR261C,YDL188C,0,-4.4203644,0.09063444286584854,0.9900000095367432,0.9933000206947327
YLL036C,YJL047C,1,-4.422216,0.09071768820285797,0.9909999966621399,0.9933000206947327
YBL041W,YER012W,1,-4.4230886,0.09080091863870621,0.9919999837875366,0.9933000206947327
YDR177W,YMR077C,1,-4.423629,0.09088412672281265,0.9929999709129333,0.9933000206947327
YPL086C,YPL147W,0,-4.4298215,0.09087581187486649,0.9929999709129333,0.993399977684021
YBR074W,YLL015W,0,-4.4392185,0.09086749702692032,0.9929999709129333,0.9934999942779541
YEL061C,YKL135C,0,-4.4406123,0.09085918217897415,0.9929999709129333,0.9936000108718872
YDR264C,YNL147W,0,-4.4472203,0.09085086733102798,0.9929999709129333,0.9937000274658203
YDR208W,YDR460W,0,-4.4560933,0.09084255993366241,0.9929999709129333,0.9937999844551086
YBR008C,YNL252C,0,-4.4571857,0.09083424508571625,0.9929999709129333,0.9939000010490417
YKL095W,YER050C,0,-4.4625797,0.09082593768835068,0.9929999709129333,0.9940000176429749
YPL228W,YGR163W,0,-4.464157,0.09081763029098511,0.9929999709129333,0.9940999746322632
YAL042W,YMR302C,0,-4.4691863,0.09080933034420013,0.9929999709129333,0.9941999912261963
YKL130C,YDR117C,0,-4.473973,0.09080102294683456,0.9929999709129333,0.9943000078201294
YOL148C,YPL218W,0,-4.476642,0.09079272300004959,0.9929999709129333,0.9944000244140625
YDR121W,YNL009W,0,-4.478003,0.09078442305326462,0.9929999709129333,0.9944999814033508
YIL042C,YDR440W,0,-4.4790854,0.09077612310647964,0.9929999709129333,0.9945999979972839
YGR159C,YMR030W,0,-4.47956,0.09076782315969467,0.9929999709129333,0.994700014591217
YDL153C,YJL155C,0,-4.4868007,0.0907595306634903,0.9929999709129333,0.9947999715805054
YCR017C,YER050C,0,-4.491449,0.09075123071670532,0.9929999709129333,0.9948999881744385
YBR261C,YKL064W,0,-4.491474,0.09074293822050095,0.9929999709129333,0.9950000047683716
YDR206W,YDR079W,0,-4.4999638,0.09073464572429657,0.9929999709129333,0.9951000213623047
YOR257W,YNL256W,0,-4.500735,0.09072636067867279,0.9929999709129333,0.995199978351593
YKL168C,YPL211W,0,-4.5014563,0.09071806818246841,0.9929999709129333,0.9952999949455261
YMR139W,YNL151C,0,-4.501585,0.09070978313684464,0.9929999709129333,0.9954000115394592
YDR470C,YML062C,0,-4.502702,0.09070149809122086,0.9929999709129333,0.9955000281333923
YBR201W,YLR097C,1,-4.504604,0.09078454971313477,0.9940000176429749,0.9955000281333923
YJL166W,YNR027W,0,-4.5056224,0.09077625721693039,0.9940000176429749,0.9955999851226807
YIL050W,YNL264C,0,-4.516697,0.09076796472072601,0.9940000176429749,0.9957000017166138
YDL047W,YBR289W,0,-4.524701,0.09075967967510223,0.9940000176429749,0.9958000183105469
YDR477W,YLR051C,0,-4.5322833,0.09075139462947845,0.9940000176429749,0.9958999752998352
YJL140W,YDR421W,0,-4.5325527,0.09074310958385468,0.9940000176429749,0.9959999918937683
YPL255W,YMR323W,0,-4.5481296,0.0907348245382309,0.9940000176429749,0.9961000084877014
YJR133W,YMR231W,0,-4.559738,0.09072653949260712,0.9940000176429749,0.9962000250816345
YDR507C,YKR055W,0,-4.565331,0.09071826189756393,0.9940000176429749,0.9962999820709229
YJL178C,YDR072C,0,-4.566097,0.09070998430252075,0.9940000176429749,0.996399998664856
YPL060W,YLR353W,0,-4.567518,0.09070170670747757,0.9940000176429749,0.9965000152587891
YAL038W,YDR174W,0,-4.5765862,0.09069342911243439,0.9940000176429749,0.9965999722480774
YBR236C,YDR079W,0,-4.5801835,0.0906851589679718,0.9940000176429749,0.9966999888420105
YOL045W,YPR166C,0,-4.5856366,0.09067688137292862,0.9940000176429749,0.9968000054359436
YLR362W,YJL011C,0,-4.585654,0.09066861122846603,0.9940000176429749,0.9969000220298767
YKL167C,YGL020C,0,-4.5876656,0.09066034108400345,0.9940000176429749,0.996999979019165
YLR201C,YNL119W,0,-4.5929356,0.09065207839012146,0.9940000176429749,0.9970999956130981
YLR208W,YER094C,1,-4.6042914,0.09073499590158463,0.9950000047683716,0.9970999956130981
YJR093C,YNR027W,0,-4.608336,0.09072672575712204,0.9950000047683716,0.9972000122070312
YFR004W,YDL147W,1,-4.608523,0.09080962836742401,0.9959999918937683,0.9972000122070312
YOR058C,YKR022C,0,-4.6179686,0.09080135077238083,0.9959999918937683,0.9973000288009644
YBR214W,YNR003C,0,-4.6203012,0.09079307317733765,0.9959999918937683,0.9973999857902527
YDL185W,YBR207W,0,-4.620671,0.09078479558229446,0.9959999918937683,0.9975000023841858
YJR090C,YLR097C,1,-4.6218286,0.09086766093969345,0.996999979019165,0.9975000023841858
YGL086W,YNL272C,0,-4.6346703,0.09085938334465027,0.996999979019165,0.9976000189781189
YJL164C,YGR162W,0,-4.6361256,0.09085110574960709,0.996999979019165,0.9976999759674072
YOR327C,YPL244C,0,-4.6502438,0.0908428281545639,0.996999979019165,0.9977999925613403
YDR166C,YOR275C,0,-4.6528378,0.09083455055952072,0.996999979019165,0.9979000091552734
YNL131W,YOR245C,0,-4.6530213,0.09082627296447754,0.996999979019165,0.9980000257492065
YOR028C,YOL056W,0,-4.6779895,0.09081800282001495,0.996999979019165,0.9980999827384949
YKL137W,YGL174W,0,-4.6833563,0.09080972522497177,0.996999979019165,0.998199999332428
YKR030W,YDR071C,0,-4.6941915,0.09080145508050919,0.996999979019165,0.9983000159263611
YNL047C,YJL100W,0,-4.6967044,0.0907931849360466,0.996999979019165,0.9983999729156494
YDL147W,YDR177W,1,-4.709537,0.09087597578763962,0.9980000257492065,0.9983999729156494
YDR229W,YJL124C,0,-4.710493,0.09086770564317703,0.9980000257492065,0.9984999895095825
YDR229W,YJL198W,0,-4.7208905,0.09085943549871445,0.9980000257492065,0.9986000061035156
YDR167W,YPL190C,0,-4.7218637,0.09085115790367126,0.9980000257492065,0.9987000226974487
YEL042W,YOR036W,0,-4.7656255,0.09084288775920868,0.9980000257492065,0.9987999796867371
YDR450W,YGR034W,0,-4.7797513,0.09083462506532669,0.9980000257492065,0.9988999962806702
YDL075W,YPL131W,0,-4.7802386,0.0908263549208641,0.9980000257492065,0.9990000128746033
YOR061W,YDR316W,0,-4.788665,0.09081809222698212,0.9980000257492065,0.9991000294685364
YOL038W,YER094C,1,-4.789695,0.09090081602334976,0.9990000128746033,0.9991000294685364
YKL217W,YNL129W,0,-4.8019195,0.09089254587888718,0.9990000128746033,0.9991999864578247
YDR003W,YDL217C,0,-4.8303733,0.09088428318500519,0.9990000128746033,0.9993000030517578
YDR096W,YJL002C,0,-4.870756,0.0908760130405426,0.9990000128746033,0.9994000196456909
YLR154C,YKL064W,0,-4.876286,0.09086774289608002,0.9990000128746033,0.9994999766349792
YML026C,YKR094C,0,-4.883798,0.09085948020219803,0.9990000128746033,0.9995999932289124
YKR055W,YNL149C,0,-4.932031,0.09085121750831604,0.9990000128746033,0.9997000098228455
YDR418W,YEL054C,0,-4.972208,0.09084295481443405,0.9990000128746033,0.9998000264167786
YDR177W,YMR022W,1,-4.9741354,0.09092562645673752,1.0,0.9998000264167786
YGR262C,YJL154C,0,-5.0288043,0.09091735631227493,1.0,0.9998999834060669
YML024W,YDL075W,0,-5.0482006,0.09090909361839294,1.0,1.0
