Gene A,Gene B,Label,Score,Precision,Recall,False Positive Rate
YMR134W,YAL003W,0,-2.432079,0.0,0.0,9.999999747378752e-05
YLR223C,YIL052C,0,-2.4586897,0.0,0.0,0.00019999999494757503
YGL255W,YOR381W,1,-2.4909961,0.3333333432674408,0.0010000000474974513,0.00019999999494757503
YOL156W,YPL283C,0,-2.5004938,0.25,0.0010000000474974513,0.0003000000142492354
YOR074C,YER062C,0,-2.5112622,0.20000000298023224,0.0010000000474974513,0.00039999998989515007
YIL082W-A,YIL009W,0,-2.536253,0.1666666716337204,0.0010000000474974513,0.0005000000237487257
YFR053C,YIR017C,0,-2.5584838,0.1428571492433548,0.0010000000474974513,0.0006000000284984708
YLR466W,YKL189W,0,-2.564341,0.125,0.0010000000474974513,0.000699999975040555
YMR197C,YCR102C,0,-2.572168,0.1111111119389534,0.0010000000474974513,0.0007999999797903001
YKL152C,YDR306C,0,-2.5850513,0.10000000149011612,0.0010000000474974513,0.0008999999845400453
YKR095W,YFL014W,0,-2.5996044,0.09090909361839294,0.0010000000474974513,0.0010000000474974513
YJL031C,YOR338W,0,-2.6043189,0.0833333358168602,0.0010000000474974513,0.0010999999940395355
YLR303W,YJR066W,0,-2.6059544,0.07692307978868484,0.0010000000474974513,0.0012000000569969416
YGL178W,YBL100W-B,0,-2.613651,0.0714285746216774,0.0010000000474974513,0.0013000000035390258
YBR012W-B,YDR011W,0,-2.6253612,0.06666667014360428,0.0010000000474974513,0.00139999995008111
YDR115W,YPL283C,0,-2.626595,0.0625,0.0010000000474974513,0.001500000013038516
YPL041C,YIL068C,0,-2.6291873,0.05882352963089943,0.0010000000474974513,0.0015999999595806003
YLR126C,YDR513W,0,-2.656256,0.0555555559694767,0.0010000000474974513,0.0017000000225380063
YMR039C,YML058W-A,0,-2.6738083,0.05263157933950424,0.0010000000474974513,0.0017999999690800905
YGL178W,YIL082W-A,0,-2.67651,0.05000000074505806,0.0010000000474974513,0.0019000000320374966
YJL141C,YPL276W,0,-2.678938,0.0476190485060215,0.0010000000474974513,0.0020000000949949026
YGR251W,YLR134W,0,-2.6794033,0.04545454680919647,0.0010000000474974513,0.002099999925121665
YHR094C,YLR381W,0,-2.679928,0.043478261679410934,0.0010000000474974513,0.002199999988079071
YBL078C,YPL061W,0,-2.6877499,0.0416666679084301,0.0010000000474974513,0.002300000051036477
YJR120W,YBR091C,0,-2.697038,0.03999999910593033,0.0010000000474974513,0.002400000113993883
YPL231W,YNL130C,0,-2.7007196,0.03846153989434242,0.0010000000474974513,0.0024999999441206455
YHR094C,YIL082W-A,0,-2.7055871,0.03703703731298447,0.0010000000474974513,0.0026000000070780516
YKR095W-A,YAL040C,0,-2.71006,0.0357142873108387,0.0010000000474974513,0.0027000000700354576
YNR053C,YBR253W,0,-2.7158291,0.03448275849223137,0.0010000000474974513,0.00279999990016222
YDR170W-A,YDR393W,0,-2.7297099,0.03333333507180214,0.0010000000474974513,0.002899999963119626
YCL019W,YHR074W,0,-2.7337918,0.032258063554763794,0.0010000000474974513,0.003000000026077032
YLR126C,YMR011W,0,-2.7456753,0.03125,0.0010000000474974513,0.003100000089034438
YDR170W-A,YJL141C,0,-2.7476242,0.03030303120613098,0.0010000000474974513,0.0031999999191612005
YLR312C-B,YDL174C,0,-2.751785,0.029411764815449715,0.0010000000474974513,0.0032999999821186066
YBL006C,YBR284W,0,-2.752562,0.02857142873108387,0.0010000000474974513,0.0034000000450760126
YPL241C,YBR100W,0,-2.7566192,0.02777777798473835,0.0010000000474974513,0.0035000001080334187
YCR067C,YER108C,0,-2.75792,0.027027027681469917,0.0010000000474974513,0.003599999938160181
YML058W-A,YGL086W,0,-2.7584856,0.02631578966975212,0.0010000000474974513,0.003700000001117587
YMR052W,YBL075C,0,-2.7608697,0.025641025975346565,0.0010000000474974513,0.003800000064074993
YML033W,YDR463W,0,-2.7614546,0.02500000037252903,0.0010000000474974513,0.0038999998942017555
YCR062W,YOR080W,0,-2.76321,0.024390242993831635,0.0010000000474974513,0.004000000189989805
YBR100W,YMR097C,0,-2.7650645,0.02380952425301075,0.0010000000474974513,0.004100000020116568
YOR008C-A,YLR196W,0,-2.7662442,0.023255813866853714,0.0010000000474974513,0.00419999985024333
YER087C-A,YJR153W,0,-2.7694473,0.022727273404598236,0.0010000000474974513,0.00430000014603138
YNL241C,YCR062W,0,-2.7712371,0.02222222276031971,0.0010000000474974513,0.004399999976158142
YKL006C-A,YGR122W,0,-2.7747843,0.021739130839705467,0.0010000000474974513,0.0044999998062849045
YPR128C,YML033W,0,-2.7807186,0.021276595070958138,0.0010000000474974513,0.004600000102072954
YPL087W,YCR062W,0,-2.7810633,0.02083333395421505,0.0010000000474974513,0.004699999932199717
YER087C-A,YML132W,0,-2.7815762,0.020408162847161293,0.0010000000474974513,0.004800000227987766
YJR141W,YAL015C,0,-2.7848356,0.019999999552965164,0.0010000000474974513,0.004900000058114529
YLR368W,YHR079C-B,0,-2.7864082,0.019607843831181526,0.0010000000474974513,0.004999999888241291
YOR151C,YDR210C-D,0,-2.7877238,0.01923076994717121,0.0010000000474974513,0.005100000184029341
YGL194C,YHR075C,0,-2.787776,0.01886792480945587,0.0010000000474974513,0.005200000014156103
YPR133W-A,YLR301W,0,-2.7883651,0.018518518656492233,0.0010000000474974513,0.0052999998442828655
YMR134W,YGR172C,0,-2.7885525,0.0181818176060915,0.0010000000474974513,0.005400000140070915
YHR079C-B,YLR212C,0,-2.788719,0.01785714365541935,0.0010000000474974513,0.005499999970197678
YDR170W-A,YOL117W,0,-2.7895782,0.017543859779834747,0.0010000000474974513,0.00559999980032444
YJR155W,YDR316W-A,0,-2.7925866,0.017241379246115685,0.0010000000474974513,0.00570000009611249
YPL254W,YFL035C,0,-2.7930548,0.016949152573943138,0.0010000000474974513,0.005799999926239252
YDR527W,YCR055C,0,-2.7948368,0.01666666753590107,0.0010000000474974513,0.005900000222027302
YMR184W,YDR034C-C,0,-2.7953186,0.016393441706895828,0.0010000000474974513,0.006000000052154064
YPR137C-B,YKL189W,0,-2.7957869,0.016129031777381897,0.0010000000474974513,0.006099999882280827
YBR117C,YOL103W-B,0,-2.7966714,0.01587301678955555,0.0010000000474974513,0.006200000178068876
YGR129W,YDR261C-D,0,-2.7968795,0.015625,0.0010000000474974513,0.006300000008195639
YEL051W,YOR088W,0,-2.7978349,0.015384615398943424,0.0010000000474974513,0.006399999838322401
YML074C,YGR122W,0,-2.7979481,0.01515151560306549,0.0010000000474974513,0.006500000134110451
YLR346C,YOR147W,0,-2.7989638,0.014925372786819935,0.0010000000474974513,0.006599999964237213
YCR077C,YNL250W,0,-2.7991269,0.014705882407724857,0.0010000000474974513,0.0066999997943639755
YGR027W-A,YLR084C,0,-2.8015542,0.014492753893136978,0.0010000000474974513,0.006800000090152025
YGR027W-B,YKL201C,0,-2.8016057,0.014285714365541935,0.0010000000474974513,0.006899999920278788
YOR240W,YBR265W,0,-2.8024735,0.014084506779909134,0.0010000000474974513,0.007000000216066837
YLR346C,YGR183C,0,-2.8028286,0.013888888992369175,0.0010000000474974513,0.0071000000461936
YDR120C,YGR161W-A,0,-2.8029644,0.013698630034923553,0.0010000000474974513,0.007199999876320362
YOL100W,YDR034C-C,0,-2.8032467,0.013513513840734959,0.0010000000474974513,0.007300000172108412
YDR210W-B,YDR363W-A,0,-2.8035326,0.013333333656191826,0.0010000000474974513,0.007400000002235174
YJL018W,YER022W,0,-2.8046758,0.01315789483487606,0.0010000000474974513,0.007499999832361937
YJL141C,YDR210C-D,0,-2.8051975,0.012987012974917889,0.0010000000474974513,0.007600000128149986
YGR109W-B,YNL222W,0,-2.805761,0.012820512987673283,0.0010000000474974513,0.007699999958276749
YPR187W,YFL035C,0,-2.8060737,0.012658228166401386,0.0010000000474974513,0.007799999788403511
YDR170W-A,YBR057C,0,-2.807365,0.012500000186264515,0.0010000000474974513,0.007899999618530273
YOR232W,YER137C-A,0,-2.8075287,0.012345679104328156,0.0010000000474974513,0.00800000037997961
YPL115C,YPR080W,0,-2.807566,0.012195121496915817,0.0010000000474974513,0.008100000210106373
YLL016W,YLR035C-A,0,-2.8075843,0.012048192322254181,0.0010000000474974513,0.008200000040233135
YDR365W-B,YMR219W,0,-2.8090656,0.011904762126505375,0.0010000000474974513,0.008299999870359898
YAL003W,YLR224W,0,-2.80964,0.0117647061124444,0.0010000000474974513,0.00839999970048666
YCL003W,YBR110W,0,-2.8099484,0.011627906933426857,0.0010000000474974513,0.008500000461935997
YBL105C,YHR214C-B,0,-2.8106782,0.01149425283074379,0.0010000000474974513,0.00860000029206276
YGL129C,YOR088W,0,-2.8112261,0.011363636702299118,0.0010000000474974513,0.008700000122189522
YGR027W-A,YGR103W,0,-2.8112686,0.01123595517128706,0.0010000000474974513,0.008799999952316284
YPR158C-D,YLR466W,0,-2.812729,0.011111111380159855,0.0010000000474974513,0.008899999782443047
YAR009C,YDR034C-D,0,-2.81297,0.010989011265337467,0.0010000000474974513,0.008999999612569809
YKR076W,YGR038C-B,0,-2.8134444,0.010869565419852734,0.0010000000474974513,0.009100000374019146
YLR272C,YER108C,0,-2.8137102,0.01075268816202879,0.0010000000474974513,0.009200000204145908
YLR301W,YOL071W,0,-2.8141015,0.010638297535479069,0.0010000000474974513,0.00930000003427267
YGR027W-A,YDR320C,0,-2.814274,0.010526316240429878,0.0010000000474974513,0.009399999864399433
YGL210W-A,YMR268C,0,-2.8146348,0.010416666977107525,0.0010000000474974513,0.009499999694526196
YKL070W,YER123W,0,-2.8155951,0.010309278033673763,0.0010000000474974513,0.009600000455975533
YOR344C,YCR062W,0,-2.8165884,0.010204081423580647,0.0010000000474974513,0.009700000286102295
YOL151W,YPL257W-A,0,-2.8166971,0.010101010091602802,0.0010000000474974513,0.009800000116229057
YML057W,YGR038C-A,0,-2.8168118,0.009999999776482582,0.0010000000474974513,0.00989999994635582
YOR008C-A,YKL182W,0,-2.817114,0.009900989942252636,0.0010000000474974513,0.009999999776482582
YDR210W-B,YJL090C,0,-2.817385,0.009803921915590763,0.0010000000474974513,0.010099999606609344
YJR135W-A,YLR391W-A,0,-2.8174405,0.009708737954497337,0.0010000000474974513,0.010200000368058681
YDR009W,YJR026W,0,-2.8190744,0.009615384973585606,0.0010000000474974513,0.010300000198185444
YHL009W-B,YBL055C,0,-2.820136,0.009523809887468815,0.0010000000474974513,0.010400000028312206
YJL020C,YCR080W,0,-2.8202584,0.009433962404727936,0.0010000000474974513,0.010499999858438969
YDL020C,YLR410W-A,0,-2.8209388,0.009345794096589088,0.0010000000474974513,0.010599999688565731
YMR280C,YCR055C,0,-2.8210106,0.009259259328246117,0.0010000000474974513,0.010700000450015068
YDR123C,YPR158W-A,0,-2.8211682,0.00917431153357029,0.0010000000474974513,0.01080000028014183
YJL113W,YDR263C,0,-2.8216274,0.00909090880304575,0.0010000000474974513,0.010900000110268593
YGR009C,YDR034C-D,0,-2.8217793,0.009009009227156639,0.0010000000474974513,0.010999999940395355
YDR379W,YDR034C-D,0,-2.8218558,0.008928571827709675,0.0010000000474974513,0.011099999770522118
YDR098C-B,YNL167C,0,-2.822549,0.008849557489156723,0.0010000000474974513,0.01119999960064888
YPL055C,YMR051C,0,-2.8230436,0.008771929889917374,0.0010000000474974513,0.011300000362098217
YKR039W,YLR410W-A,0,-2.823206,0.008695651777088642,0.0010000000474974513,0.01140000019222498
YOL103W-B,YDR309C,0,-2.8233726,0.008620689623057842,0.0010000000474974513,0.011500000022351742
YLR227W-A,YGR122W,0,-2.8241093,0.008547008968889713,0.0010000000474974513,0.011599999852478504
YER137C-A,YLR405W,0,-2.8241913,0.008474576286971569,0.0010000000474974513,0.011699999682605267
YDR498C,YHR079C-B,0,-2.8243263,0.008403361774981022,0.0010000000474974513,0.011800000444054604
YDR210W-B,YGR212W,0,-2.8258445,0.008333333767950535,0.0010000000474974513,0.011900000274181366
YPL011C,YLR410W-B,0,-2.8258927,0.00826446246355772,0.0010000000474974513,0.012000000104308128
YNL039W,YHR020W,0,-2.825997,0.008196720853447914,0.0010000000474974513,0.01209999993443489
YCL062W,YLR145W,0,-2.8262408,0.008130080997943878,0.0010000000474974513,0.012199999764561653
YDL126C,YOL103W-A,0,-2.8271,0.008064515888690948,0.0010000000474974513,0.012299999594688416
YFL035C,YLR268W,0,-2.8273084,0.00800000037997961,0.0010000000474974513,0.012400000356137753
YGR296W,YJR141W,0,-2.8276231,0.007936508394777775,0.0010000000474974513,0.012500000186264515
YDR073W,YDR170W-A,0,-2.828893,0.007874015718698502,0.0010000000474974513,0.012600000016391277
YHR060W,YOR356W,0,-2.8291512,0.0078125,0.0010000000474974513,0.01269999984651804
YDR448W,YLR035C-A,0,-2.8294406,0.007751937955617905,0.0010000000474974513,0.012799999676644802
YLR316C,YFL035C-A,0,-2.8301868,0.007692307699471712,0.0010000000474974513,0.012900000438094139
YLR109W,YLR224W,0,-2.830382,0.007633587811142206,0.0010000000474974513,0.013000000268220901
YCR073C,YOR142W-B,0,-2.83084,0.007575757801532745,0.0010000000474974513,0.013100000098347664
YOR299W,YPL257W-B,0,-2.83084,0.007518797181546688,0.0010000000474974513,0.013199999928474426
YML025C,YOR192C-B,0,-2.8317816,0.007462686393409967,0.0010000000474974513,0.013299999758601189
YLR097C,YGR109W-A,0,-2.8319159,0.007407407276332378,0.0010000000474974513,0.013399999588727951
YHL009W-B,YBR265W,0,-2.8320057,0.007352941203862429,0.0010000000474974513,0.013500000350177288
YEL026W,YGR272C,0,-2.8323097,0.007299270015209913,0.0010000000474974513,0.01360000018030405
YDR499W,YLR410W-B,0,-2.8333056,0.007246376946568489,0.0010000000474974513,0.013700000010430813
YLR410W-B,YJR108W,0,-2.8333504,0.007194244768470526,0.0010000000474974513,0.013799999840557575
YPL126W,YDR261W-A,0,-2.83344,0.0071428571827709675,0.0010000000474974513,0.013899999670684338
YDR206W,YFL011W-A,0,-2.834307,0.007092198356986046,0.0010000000474974513,0.014000000432133675
YFL018W-A,YFR002W,0,-2.8344133,0.007042253389954567,0.0010000000474974513,0.014100000262260437
YGR161W-B,YKL038W,0,-2.835435,0.00699300691485405,0.0010000000474974513,0.0142000000923872
YLR067C,YHR079C-B,0,-2.8365688,0.0069444444961845875,0.0010000000474974513,0.014299999922513962
YGR140W,YDR034C-D,0,-2.836847,0.006896551698446274,0.0010000000474974513,0.014399999752640724
YOR048C,YDR098C-A,0,-2.837228,0.006849315017461777,0.0010000000474974513,0.014499999582767487
YDR210C-D,YBL015W,0,-2.837385,0.006802720949053764,0.0010000000474974513,0.014600000344216824
YER159C-A,YOR174W,0,-2.8376987,0.006756756920367479,0.0010000000474974513,0.014700000174343586
YPR158C-C,YCR084C,0,-2.8379006,0.00671140942722559,0.0010000000474974513,0.014800000004470348
YDR170W-A,YKL160W,0,-2.838099,0.006666666828095913,0.0010000000474974513,0.01489999983459711
YPR067W,YLR411W,1,-2.8381472,0.013245033100247383,0.0020000000949949026,0.01489999983459711
YMR134W,YPL041C,0,-2.838436,0.01315789483487606,0.0020000000949949026,0.014999999664723873
YPL060C-A,YMR212C,0,-2.8389766,0.013071895577013493,0.0020000000949949026,0.01510000042617321
YER159C-A,YOR304W,0,-2.8395593,0.012987012974917889,0.0020000000949949026,0.015200000256299973
YDR365W-B,YER024W,0,-2.8405902,0.012903225608170033,0.0020000000949949026,0.015300000086426735
YJR035W,YNL054W-A,0,-2.8406575,0.012820512987673283,0.0020000000949949026,0.015399999916553497
YLR256W-A,YKL005C,0,-2.841509,0.012738853693008423,0.0020000000949949026,0.01549999974668026
YDR263C,YPL060C-A,0,-2.8415766,0.012658228166401386,0.0020000000949949026,0.015599999576807022
YLR340W,YDL038C,0,-2.8416786,0.012578615918755531,0.0020000000949949026,0.015699999406933784
YDR261W-B,YAR014C,0,-2.8416884,0.012500000186264515,0.0020000000949949026,0.015799999237060547
YNR023W,YDR261W-B,0,-2.8417332,0.012422360479831696,0.0020000000949949026,0.01590000092983246
YNL048W,YPR158W-A,0,-2.8423831,0.012345679104328156,0.0020000000949949026,0.01600000075995922
YDR365W-A,YAL009W,0,-2.8426301,0.012269938364624977,0.0020000000949949026,0.016100000590085983
YDR170W-A,YJR140C,0,-2.8428473,0.012195121496915817,0.0020000000949949026,0.016200000420212746
YFL018W-A,YGL180W,0,-2.8431227,0.012121211737394333,0.0020000000949949026,0.016300000250339508
YLR277C,YPL257W-B,0,-2.8438642,0.012048192322254181,0.0020000000949949026,0.01640000008046627
YOR341W,YFL035C-A,0,-2.8444207,0.011976048350334167,0.0020000000949949026,0.016499999910593033
YOR060C,YOR343W-A,0,-2.8444922,0.011904762126505375,0.0020000000949949026,0.016599999740719795
YGR161W-B,YNL182C,0,-2.8446681,0.011834319680929184,0.0020000000949949026,0.016699999570846558
YNR038W,YNL054W-B,0,-2.8447936,0.0117647061124444,0.0020000000949949026,0.01679999940097332
YAL058W,YHR214C-C,0,-2.8452208,0.011695906519889832,0.0020000000949949026,0.016899999231100082
YPR137C-B,YPR200C,0,-2.845723,0.011627906933426857,0.0020000000949949026,0.017000000923871994
YBR036C,YDR034C-D,0,-2.8467696,0.011560693383216858,0.0020000000949949026,0.017100000753998756
YPR158C-C,YER018C,0,-2.8473392,0.01149425283074379,0.0020000000949949026,0.01720000058412552
YJR141W,YLL024C,0,-2.8474867,0.011428571306169033,0.0020000000949949026,0.01730000041425228
YGR038C-B,YOR328W,0,-2.848231,0.011363636702299118,0.0020000000949949026,0.017400000244379044
YDR210W-B,YJR053W,0,-2.8491976,0.011299435049295425,0.0020000000949949026,0.017500000074505806
YDL035C,YLR035C-A,0,-2.8496563,0.01123595517128706,0.0020000000949949026,0.01759999990463257
YBR004C,YDR261C-D,0,-2.849916,0.011173184029757977,0.0020000000949949026,0.01769999973475933
YOR088W,YPL129W,0,-2.8502574,0.011111111380159855,0.0020000000949949026,0.017799999564886093
YJL012C-A,YLR321C,0,-2.8504899,0.01104972418397665,0.0020000000949949026,0.017899999395012856
YOR142W-B,YMR073C,0,-2.8505852,0.010989011265337467,0.0020000000949949026,0.017999999225139618
YMR046C,YHR086W,0,-2.850681,0.01092896144837141,0.0020000000949949026,0.01810000091791153
YBR012W-B,YOL147C,0,-2.8510027,0.010869565419852734,0.0020000000949949026,0.018200000748038292
YGL092W,YPL257W-B,0,-2.8517,0.010810811072587967,0.0020000000949949026,0.018300000578165054
YOR240W,YKL203C,0,-2.852239,0.01075268816202879,0.0020000000949949026,0.018400000408291817
YGL210W-A,YJR019C,0,-2.852369,0.010695187374949455,0.0020000000949949026,0.01850000023841858
YCR091W,YHR079C-B,0,-2.8545144,0.010638297535479069,0.0020000000949949026,0.01860000006854534
YLL056C,YDR142C,0,-2.8546607,0.010582010261714458,0.0020000000949949026,0.018699999898672104
YFR048W,YDR210C-C,0,-2.8547227,0.010526316240429878,0.0020000000949949026,0.018799999728798866
YHR098C,YGR109W-A,0,-2.8547227,0.010471204295754433,0.0020000000949949026,0.01889999955892563
YOR039W,YDR261W-B,0,-2.8549705,0.010416666977107525,0.0020000000949949026,0.01899999938905239
YDR265W,YPR158C-D,0,-2.8564076,0.010362694039940834,0.0020000000949949026,0.019099999219179153
YML033W,YBR008C,0,-2.8567111,0.010309278033673763,0.0020000000949949026,0.019200000911951065
YJR027W,YGR178C,0,-2.8570254,0.010256410576403141,0.0020000000949949026,0.019300000742077827
YFL018W-A,YBR119W,0,-2.85763,0.010204081423580647,0.0020000000949949026,0.01940000057220459
YPR188C,YFL035C-A,0,-2.8577003,0.010152284055948257,0.0020000000949949026,0.019500000402331352
YGL063W,YHR214C-C,0,-2.8578203,0.010101010091602802,0.0020000000949949026,0.019600000232458115
YFL009W,YGR161C-D,0,-2.8578694,0.01005025114864111,0.0020000000949949026,0.019700000062584877
YDR080W,YOL103W-B,0,-2.8583899,0.009999999776482582,0.0020000000949949026,0.01979999989271164
YDR098C-A,YBL045C,0,-2.8586748,0.009950248524546623,0.0020000000949949026,0.019899999722838402
YBR057C,YOR343W-A,0,-2.8588607,0.009900989942252636,0.0020000000949949026,0.019999999552965164
YDR210W-B,YGR166W,0,-2.8593066,0.009852216579020023,0.0020000000949949026,0.020099999383091927
YPL060C-A,YOR174W,0,-2.8593686,0.009803921915590763,0.0020000000949949026,0.02019999921321869
YNL192W,YPL257W-A,0,-2.859517,0.009756097570061684,0.0020000000949949026,0.0203000009059906
YHR013C,YDR210C-C,0,-2.8598888,0.009708737954497337,0.0020000000949949026,0.020400000736117363
YCR014C,YLR256W-A,0,-2.8608677,0.009661835618317127,0.0020000000949949026,0.020500000566244125
YNL054W-B,YJL173C,0,-2.8610904,0.009615384973585606,0.0020000000949949026,0.020600000396370888
YDR261C-D,YHR116W,0,-2.8613384,0.009569377638399601,0.0020000000949949026,0.02070000022649765
YLR233C,YKL088W,0,-2.8614945,0.009523809887468815,0.0020000000949949026,0.020800000056624413
YBL074C,YHR039C-B,0,-2.8626873,0.009478673338890076,0.0020000000949949026,0.020899999886751175
YPL257W-B,YDR261C-C,0,-2.8627632,0.009433962404727936,0.0020000000949949026,0.020999999716877937
YER087C-A,YOR088W,0,-2.8627949,0.009389671497046947,0.0020000000949949026,0.0210999995470047
YLR097C,YDR365W-B,0,-2.8628128,0.009345794096589088,0.0020000000949949026,0.021199999377131462
YIR013C,YDL130W,0,-2.8629286,0.009302325546741486,0.0020000000949949026,0.021299999207258224
YNL245C,YBR183W,0,-2.8630226,0.009259259328246117,0.0020000000949949026,0.021400000900030136
YOR346W,YGR109W-A,0,-2.863506,0.009216589853167534,0.0020000000949949026,0.0215000007301569
YGR027W-A,YLR114C,0,-2.86363,0.00917431153357029,0.0020000000949949026,0.02160000056028366
YOR241W,YPR158W-A,0,-2.8640482,0.00913241971284151,0.0020000000949949026,0.021700000390410423
YNL054W-B,YDR447C,0,-2.865177,0.00909090880304575,0.0020000000949949026,0.021800000220537186
YGR272C,YGR165W,0,-2.8653305,0.009049774147570133,0.0020000000949949026,0.021900000050663948
YLR227W-A,YIL038C,0,-2.8655348,0.009009009227156639,0.0020000000949949026,0.02199999988079071
YOL006C,YDR034C-D,0,-2.8655572,0.008968610316514969,0.0020000000949949026,0.022099999710917473
YGR038C-A,YAL034W-A,0,-2.865915,0.008928571827709675,0.0020000000949949026,0.022199999541044235
YFR024C,YPL131W,0,-2.8659563,0.008888889104127884,0.0020000000949949026,0.022299999371170998
YAL002W,YDR261C-C,0,-2.8660266,0.008849557489156723,0.0020000000949949026,0.02239999920129776
YLR075W,YCL012W,0,-2.8661225,0.008810572326183319,0.0020000000949949026,0.02250000089406967
YDR210C-C,YDR447C,0,-2.8663845,0.008771929889917374,0.0020000000949949026,0.022600000724196434
YIL153W,YFL035C,0,-2.8664033,0.008733624592423439,0.0020000000949949026,0.022700000554323196
YPL267W,YPL257W-B,0,-2.866608,0.008695651777088642,0.0020000000949949026,0.02280000038444996
YEL057C,YKL139W,0,-2.8668897,0.008658008649945259,0.0020000000949949026,0.02290000021457672
YGL039W,YDR365W-B,0,-2.8674185,0.008620689623057842,0.0020000000949949026,0.023000000044703484
YIR011C,YML033W,0,-2.8675344,0.008583690971136093,0.0020000000949949026,0.023099999874830246
YDR490C,YCL074W,0,-2.867817,0.008547008968889713,0.0020000000949949026,0.02319999970495701
YLR410W-B,YIL119C,0,-2.8679845,0.008510638028383255,0.0020000000949949026,0.02329999953508377
YDR171W,YER137C-A,0,-2.8681037,0.008474576286971569,0.0020000000949949026,0.023399999365210533
YPL221W,YDR316W-A,0,-2.8681436,0.008438818156719208,0.0020000000949949026,0.023499999195337296
YGL025C,YPR137C-B,0,-2.8683918,0.008403361774981022,0.0020000000949949026,0.023600000888109207
YOR192C-B,YGR252W,0,-2.868662,0.008368200622498989,0.0020000000949949026,0.02370000071823597
YIL036W,YLR227W-A,0,-2.86869,0.008333333767950535,0.0020000000949949026,0.023800000548362732
YJL157C,YER137C-A,0,-2.8689604,0.008298755623400211,0.0020000000949949026,0.023900000378489494
YDR210W-B,YMR285C,0,-2.8693707,0.00826446246355772,0.0020000000949949026,0.024000000208616257
YNL245C,YDR261W-A,0,-2.8696969,0.008230452425777912,0.0020000000949949026,0.02410000003874302
YGR135W,YDR034C-C,0,-2.869818,0.008196720853447914,0.0020000000949949026,0.02419999986886978
YOR003W,YDR365W-A,0,-2.8698366,0.008163264952600002,0.0020000000949949026,0.024299999698996544
YNL154C,YDR034C-D,0,-2.8699205,0.008130080997943878,0.0020000000949949026,0.024399999529123306
YAL032C,YER137C-A,0,-2.8699484,0.008097166195511818,0.0020000000949949026,0.02449999935925007
YOL005C,YGR038C-B,0,-2.8699577,0.008064515888690948,0.0020000000949949026,0.02459999918937683
YGR038C-A,YIL038C,0,-2.870312,0.00803212821483612,0.0020000000949949026,0.024700000882148743
YOR061W,YDR261C-C,0,-2.8708203,0.00800000037997961,0.0020000000949949026,0.024800000712275505
YDR247W,YNL210W,0,-2.8709912,0.007968127727508545,0.0020000000949949026,0.024900000542402267
YNL021W,YDR261C-C,0,-2.8714633,0.007936508394777775,0.0020000000949949026,0.02500000037252903
YGR286C,YDR365W-A,0,-2.871864,0.007905138656497002,0.0020000000949949026,0.025100000202655792
YMR184W,YDR210C-C,0,-2.8721857,0.007874015718698502,0.0020000000949949026,0.025200000032782555
YDR261W-B,YNL248C,0,-2.8724887,0.007843137718737125,0.0020000000949949026,0.025299999862909317
YPL097W,YOR343W-A,0,-2.872666,0.0078125,0.0020000000949949026,0.02539999969303608
YLR410W-B,YKL130C,0,-2.8729594,0.0077821011655032635,0.0020000000949949026,0.025499999523162842
YGR161W-B,YDR484W,0,-2.8732576,0.007751937955617905,0.0020000000949949026,0.025599999353289604
YMR134W,YGR075C,0,-2.8734593,0.0077220075763762,0.0020000000949949026,0.025699999183416367
YDR365W-B,YPL267W,0,-2.8735654,0.007692307699471712,0.0020000000949949026,0.025800000876188278
YPR007C,YDL038C,0,-2.8738139,0.007662835065275431,0.0020000000949949026,0.02590000070631504
YPR158C-D,YGL033W,0,-2.873938,0.007633587811142206,0.0020000000949949026,0.026000000536441803
YBR090C-A,YDR484W,0,-2.8742464,0.0076045626774430275,0.0020000000949949026,0.026100000366568565
YOR142W-B,YOR224C,0,-2.874623,0.007575757801532745,0.0020000000949949026,0.026200000196695328
YML033W,YOL149W,0,-2.8752432,0.007547169923782349,0.0020000000949949026,0.02630000002682209
YDR034C-D,YHR124W,0,-2.8754156,0.007518797181546688,0.0020000000949949026,0.026399999856948853
YPR070W,YDR365W-A,0,-2.8754203,0.00749063678085804,0.0020000000949949026,0.026499999687075615
YPR137C-B,YKR062W,0,-2.8757675,0.007462686393409967,0.0020000000949949026,0.026599999517202377
YOR100C,YDR316W-B,0,-2.8759234,0.0074349441565573215,0.0020000000949949026,0.02669999934732914
YPR078C,YMR095C,0,-2.8764386,0.007407407276332378,0.0020000000949949026,0.026799999177455902
YDR210C-C,YPR137W,0,-2.876448,0.007380073890089989,0.0020000000949949026,0.026900000870227814
YGR141W,YOR088W,0,-2.8772228,0.007352941203862429,0.0020000000949949026,0.027000000700354576
YDR210W-A,YAL054C,0,-2.8773797,0.007326007355004549,0.0020000000949949026,0.02710000053048134
YER036C,YDR098C-A,0,-2.8773897,0.007299270015209913,0.0020000000949949026,0.0272000003606081
YIL030C,YDR210W-B,0,-2.8774183,0.007272727321833372,0.0020000000949949026,0.027300000190734863
YBR060C,YDR261C-C,0,-2.877443,0.007246376946568489,0.0020000000949949026,0.027400000020861626
YIR028W,YGR038C-B,0,-2.877518,0.007220216561108828,0.0020000000949949026,0.027499999850988388
YPR158C-C,YNL330C,0,-2.8782089,0.007194244768470526,0.0020000000949949026,0.02759999968111515
YCL044C,YDR261C-C,0,-2.8782985,0.00716845877468586,0.0020000000949949026,0.027699999511241913
YDR386W,YDR098C-A,0,-2.8787274,0.0071428571827709675,0.0020000000949949026,0.027799999341368675
YAL043C,YGR109W-B,0,-2.8790624,0.007117437664419413,0.0020000000949949026,0.027899999171495438
YPL218W,YBR100W,0,-2.879109,0.007092198356986046,0.0020000000949949026,0.02800000086426735
YBR173C,YDR210C-C,0,-2.879257,0.007067137863487005,0.0020000000949949026,0.02810000069439411
YBR110W,YDR098C-A,0,-2.8793414,0.007042253389954567,0.0020000000949949026,0.028200000524520874
YHR107C,YPL060C-A,0,-2.8793876,0.007017544005066156,0.0020000000949949026,0.028300000354647636
YHL009W-A,YGR145W,0,-2.8794844,0.00699300691485405,0.0020000000949949026,0.0284000001847744
YDL229W,YNL284C-A,0,-2.8794844,0.006968641187995672,0.0020000000949949026,0.02850000001490116
YKR038C,YDR210W-D,0,-2.8794844,0.0069444444961845875,0.0020000000949949026,0.028599999845027924
YOR343C-B,YHR038W,0,-2.8794844,0.0069204154424369335,0.0020000000949949026,0.028699999675154686
YDR363W,YDR210W-D,0,-2.8794844,0.006896551698446274,0.0020000000949949026,0.02879999950528145
YDR210W-D,YGR172C,0,-2.8794844,0.006872852332890034,0.0020000000949949026,0.02889999933540821
YGR128C,YNL284C-A,0,-2.8794844,0.006849315017461777,0.0020000000949949026,0.028999999165534973
YDR261W-B,YER032W,0,-2.8794844,0.006825938355177641,0.0020000000949949026,0.029100000858306885
YLR329W,YDR014W-A,0,-2.8794844,0.006802720949053764,0.0020000000949949026,0.029200000688433647
YDR346C,YNL054W-A,0,-2.8794844,0.006779660936444998,0.0020000000949949026,0.02930000051856041
YLR157C-A,YDR163W,0,-2.8794844,0.006756756920367479,0.0020000000949949026,0.029400000348687172
YLR259C,YDR014W-A,0,-2.8794844,0.006734006572514772,0.0020000000949949026,0.029500000178813934
YOR343C-B,YLR231C,0,-2.8794844,0.00671140942722559,0.0020000000949949026,0.029600000008940697
YPL123C,YBL101W-B,0,-2.8794844,0.006688963156193495,0.0020000000949949026,0.02969999983906746
YML045W-A,YLR074C,0,-2.8794844,0.006666666828095913,0.0020000000949949026,0.02979999966919422
YBL101W-B,YDR261C-C,0,-2.8794844,0.006644518114626408,0.0020000000949949026,0.029899999499320984
YNL048W,YOR343C-A,0,-2.8794844,0.0066225165501236916,0.0020000000949949026,0.029999999329447746
YOR343C-A,YOR249C,0,-2.8794844,0.0066006602719426155,0.0020000000949949026,0.03009999915957451
YML045W-A,YLR376C,0,-2.8794844,0.00657894741743803,0.0020000000949949026,0.03020000085234642
YNL197C,YDR210W-C,0,-2.8794844,0.006557377055287361,0.0020000000949949026,0.030300000682473183
YDR210W-A,YPL096C-A,0,-2.8794844,0.006535947788506746,0.0020000000949949026,0.030400000512599945
YHR053C,YBL101W-B,0,-2.8794844,0.0065146577544510365,0.0020000000949949026,0.030500000342726707
YDR314C,YGR161C-D,0,-2.8794844,0.006493506487458944,0.0020000000949949026,0.03060000017285347
YER032W,YNL284C-A,0,-2.8794844,0.006472492124885321,0.0020000000949949026,0.030700000002980232
YBR098W,YNL284C-A,0,-2.8794844,0.006451612804085016,0.0020000000949949026,0.030799999833106995
YDL006W,YOR343C-A,0,-2.8794844,0.006430868059396744,0.0020000000949949026,0.030899999663233757
YOR088W,YDR261C-C,0,-2.8794844,0.006410256493836641,0.0020000000949949026,0.03099999949336052
YDL148C,YOR343C-A,0,-2.8794844,0.00638977624475956,0.0020000000949949026,0.031099999323487282
YDR320C-A,YBR284W,0,-2.8794844,0.006369426846504211,0.0020000000949949026,0.031199999153614044
YHR166C,YDR210W-C,0,-2.8794844,0.0063492064364254475,0.0020000000949949026,0.031300000846385956
YBL022C,YHL009W-A,0,-2.8794844,0.006329114083200693,0.0020000000949949026,0.03139999881386757
YJL165C,YNL284C-A,0,-2.8794844,0.0063091483898460865,0.0020000000949949026,0.03150000050663948
YOR343C-B,YGR055W,0,-2.8794844,0.006289307959377766,0.0020000000949949026,0.031599998474121094
YDR427W,YNL284C-A,0,-2.8794844,0.006269592326134443,0.0020000000949949026,0.031700000166893005
YIL110W,YBL101W-B,0,-2.8794844,0.0062500000931322575,0.0020000000949949026,0.03180000185966492
YDR210W-D,YMR216C,0,-2.8794844,0.006230529397726059,0.0020000000949949026,0.03189999982714653
YGR268C,YDR210W-C,0,-2.8794844,0.006211180239915848,0.0020000000949949026,0.03200000151991844
YJL156C,YOR343C-A,0,-2.8794844,0.006191950291395187,0.0020000000949949026,0.032099999487400055
YDR210W-D,YML052W,0,-2.8794844,0.006172839552164078,0.0020000000949949026,0.03220000118017197
YPR137C-B,YOR103C,0,-2.8794844,0.00615384615957737,0.0020000000949949026,0.03229999914765358
YKL005C,YHL009W-A,0,-2.8794844,0.0061349691823124886,0.0020000000949949026,0.03240000084042549
YKL070W,YBR233W-A,0,-2.8794844,0.006116208154708147,0.0020000000949949026,0.032499998807907104
YGR186W,YDR210W-C,0,-2.8794844,0.006097560748457909,0.0020000000949949026,0.032600000500679016
YDR210W-D,YLR035C-A,0,-2.8794844,0.006079027429223061,0.0020000000949949026,0.03269999846816063
YPL157W,YOR343C-B,0,-2.8794844,0.0060606058686971664,0.0020000000949949026,0.03280000016093254
YDR210W-C,YKR048C,0,-2.8794844,0.006042296066880226,0.0020000000949949026,0.03290000185370445
YBR090C-A,YLR035C-A,0,-2.8794844,0.0060240961611270905,0.0020000000949949026,0.032999999821186066
YDR130C,YHL009W-A,0,-2.8794844,0.006006006151437759,0.0020000000949949026,0.03310000151395798
YCR035C,YNL284C-A,0,-2.8794844,0.005988024175167084,0.0020000000949949026,0.03319999948143959
YGR027W-A,YOR103C,0,-2.8794844,0.005970149300992489,0.0020000000949949026,0.0333000011742115
YHR079C-A,YHR214C-C,0,-2.8794844,0.0059523810632526875,0.0020000000949949026,0.033399999141693115
YLR129W,YPR036W-A,0,-2.8794844,0.005934718064963818,0.0020000000949949026,0.03350000083446503
YPR133W-A,YDR014W-A,0,-2.8794844,0.005917159840464592,0.0020000000949949026,0.03359999880194664
YAL068C,YNL284C-A,0,-2.8794844,0.005899704992771149,0.0020000000949949026,0.03370000049471855
YPR036W-A,YNL169C,0,-2.8794844,0.0058823530562222,0.0020000000949949026,0.033799998462200165
YFR021W,YLR157C-A,0,-2.8794844,0.005865102633833885,0.0020000000949949026,0.033900000154972076
YDR180W,YPR036W-A,0,-2.8794844,0.005847953259944916,0.0020000000949949026,0.03400000184774399
YHR039C-A,YHL009W-A,0,-2.8794844,0.0058309040032327175,0.0020000000949949026,0.0340999998152256
YPL164C,YNL284C-A,0,-2.8794844,0.0058139534667134285,0.0020000000949949026,0.03420000150799751
YML045W-A,YHR085W,0,-2.8794844,0.005797101650387049,0.0020000000949949026,0.034299999475479126
YMR164C,YNL284C-A,0,-2.8794844,0.005780346691608429,0.0020000000949949026,0.03440000116825104
YDR014W-A,YNL278W,0,-2.8794844,0.005763688590377569,0.0020000000949949026,0.03449999913573265
YDR210W-D,YLR265C,0,-2.8794844,0.005747126415371895,0.0020000000949949026,0.03460000082850456
YLR157C-A,YJL045W,0,-2.8794844,0.005730659235268831,0.0020000000949949026,0.034699998795986176
YDR440W,YDR210W-C,0,-2.8794844,0.0057142856530845165,0.0020000000949949026,0.03480000048875809
YLR340W,YLR157C-A,0,-2.8794844,0.005698005668818951,0.0020000000949949026,0.0348999984562397
YOR353C,YOR343C-A,0,-2.8794844,0.005681818351149559,0.0020000000949949026,0.03500000014901161
YDR014W-A,YDR189W,0,-2.8794844,0.00566572230309248,0.0020000000949949026,0.035100001841783524
YHR012W,YOR343C-A,0,-2.8794844,0.005649717524647713,0.0020000000949949026,0.03519999980926514
YFL035C-A,YHL009W-A,0,-2.8794844,0.005633802618831396,0.0020000000949949026,0.03530000150203705
YPR036W-A,YDL192W,0,-2.8794844,0.00561797758564353,0.0020000000949949026,0.03539999946951866
YOR343C-B,YML058W-A,0,-2.8794844,0.005602241028100252,0.0020000000949949026,0.03550000116229057
YLR357W,YHL009W-A,0,-2.8794844,0.005586592014878988,0.0020000000949949026,0.035599999129772186
YLR157C-A,YMR049C,0,-2.8794844,0.005571030545979738,0.0020000000949949026,0.0357000008225441
YBL040C,YDR014W-A,0,-2.8794844,0.0055555556900799274,0.0020000000949949026,0.03579999879002571
YOR343C-B,YDL154W,0,-2.8794844,0.005540166050195694,0.0020000000949949026,0.03590000048279762
YLR157C-A,YJR082C,0,-2.8794844,0.005524862091988325,0.0020000000949949026,0.035999998450279236
YML045W-A,YBR010W,0,-2.8794844,0.005509641952812672,0.0020000000949949026,0.03610000014305115
YMR109W,YBL101W-B,0,-2.8794844,0.005494505632668734,0.0020000000949949026,0.03620000183582306
YDR235W,YNL284C-A,0,-2.8794844,0.005479452200233936,0.0020000000949949026,0.03629999980330467
YML045W-A,YDR164C,0,-2.8794844,0.005464480724185705,0.0020000000949949026,0.036400001496076584
YFL018W-A,YGR038C-B,0,-2.8794844,0.00544959120452404,0.0020000000949949026,0.0364999994635582
YBL055C,YPL257W-A,0,-2.8800642,0.005434782709926367,0.0020000000949949026,0.03660000115633011
YDR207C,YDR210C-C,0,-2.880254,0.00542005430907011,0.0020000000949949026,0.03669999912381172
YNL323W,YGR027W-B,0,-2.880295,0.0054054055362939835,0.0020000000949949026,0.03680000081658363
YMR188C,YDR365W-A,0,-2.880455,0.005390835460275412,0.0020000000949949026,0.03689999878406525
YKR085C,YPR158C-C,0,-2.8808672,0.005376344081014395,0.0020000000949949026,0.03700000047683716
YDR210W-A,YMR117C,0,-2.8810003,0.005361930467188358,0.0020000000949949026,0.03709999844431877
YDR261W-B,YLR265C,0,-2.8812134,0.005347593687474728,0.0020000000949949026,0.03720000013709068
YPL254W,YPR137C-A,0,-2.881336,0.005333333276212215,0.0020000000949949026,0.037300001829862595
YPR158W-A,YGR178C,0,-2.8814573,0.005319148767739534,0.0020000000949949026,0.03739999979734421
YDL043C,YDR210W-B,0,-2.8815062,0.005305039696395397,0.0020000000949949026,0.03750000149011612
YBR012W-B,YCR053W,0,-2.8820183,0.005291005130857229,0.0020000000949949026,0.03759999945759773
YNL054W-A,YIL048W,0,-2.8820713,0.0052770450711250305,0.0020000000949949026,0.037700001150369644
YGR161W-B,YKL150W,0,-2.8821256,0.005263158120214939,0.0020000000949949026,0.03779999911785126
YPL218W,YNL213C,0,-2.8828938,0.005249343812465668,0.0020000000949949026,0.03790000081062317
YDR345C,YPR137C-A,0,-2.8829768,0.005235602147877216,0.0020000000949949026,0.03799999877810478
YAL068C,YOR075W,0,-2.8831265,0.00522193219512701,0.0020000000949949026,0.038100000470876694
YGR161W-B,YML091C,0,-2.8831604,0.0052083334885537624,0.0020000000949949026,0.03819999843835831
YOR192C-B,YBR060C,0,-2.88324,0.005194805096834898,0.0020000000949949026,0.03830000013113022
YFL009W,YOL103W-A,0,-2.8833852,0.005181347019970417,0.0020000000949949026,0.03840000182390213
YJL035C,YDR210W-B,0,-2.883417,0.005167958792299032,0.0020000000949949026,0.03849999979138374
YLR229C,YDR261W-A,0,-2.8836756,0.005154639016836882,0.0020000000949949026,0.038600001484155655
YDR210W-A,YOL128C,0,-2.8840363,0.005141388159245253,0.0020000000949949026,0.03869999945163727
YDR365W-B,YER044C,0,-2.8840387,0.0051282052882015705,0.0020000000949949026,0.03880000114440918
YHR150W,YPR158W-A,0,-2.8843386,0.005115089472383261,0.0020000000949949026,0.03889999911189079
YPL043W,YDR261C-C,0,-2.884433,0.005102040711790323,0.0020000000949949026,0.039000000804662704
YBL063W,YGR109W-B,0,-2.8846257,0.005089058540761471,0.0020000000949949026,0.03909999877214432
YER111C,YDR261W-B,0,-2.884875,0.005076142027974129,0.0020000000949949026,0.03920000046491623
YGR200C,YPL060C-A,0,-2.8850772,0.005063291173428297,0.0020000000949949026,0.03929999843239784
YOR088W,YBL039C,0,-2.885166,0.005050505045801401,0.0020000000949949026,0.039400000125169754
YOR327C,YDR210W-B,0,-2.885167,0.005037783179432154,0.0020000000949949026,0.039500001817941666
YLL061W,YLR410W-B,0,-2.8860228,0.005025125574320555,0.0020000000949949026,0.03959999978542328
YLR314C,YFL035C,0,-2.886066,0.00501253129914403,0.0020000000949949026,0.03970000147819519
YCR062W,YNL126W,0,-2.8862574,0.004999999888241291,0.0020000000949949026,0.039799999445676804
YMR112C,YPL257W-A,0,-2.886338,0.004987531341612339,0.0020000000949949026,0.039900001138448715
YGR109W-A,YLR131C,0,-2.88639,0.004975124262273312,0.0020000000949949026,0.03999999910593033
YER159C-A,YNR023W,0,-2.8866813,0.004962779115885496,0.0020000000949949026,0.04010000079870224
YOR142W-B,YLR430W,0,-2.8872883,0.004950494971126318,0.0020000000949949026,0.04019999876618385
YDR115W,YJR031C,0,-2.8875554,0.004938271827995777,0.0020000000949949026,0.040300000458955765
YCL011C,YFL035C,0,-2.8876557,0.004926108289510012,0.0020000000949949026,0.04039999842643738
YOL103W-B,YPL147W,0,-2.8884313,0.004914004821330309,0.0020000000949949026,0.04050000011920929
YPL248C,YGR027W-A,0,-2.8885584,0.0049019609577953815,0.0020000000949949026,0.0406000018119812
YPR068C,YDR210C-C,0,-2.8887136,0.004889975767582655,0.0020000000949949026,0.040699999779462814
YBR090C-A,YPR103W,0,-2.8888764,0.004878048785030842,0.0020000000949949026,0.040800001472234726
YGR041W,YDR098C-A,0,-2.889222,0.004866180010139942,0.0020000000949949026,0.04089999943971634
YJR125C,YDR210W-A,0,-2.8892686,0.004854368977248669,0.0020000000949949026,0.04100000113248825
YGR091W,YCR080W,0,-2.8893278,0.004842615220695734,0.0020000000949949026,0.041099999099969864
YER137C-A,YCR038C,0,-2.8895133,0.004830917809158564,0.0020000000949949026,0.041200000792741776
YDR034C-C,YDL033C,0,-2.8896263,0.004819277208298445,0.0020000000949949026,0.04129999876022339
YJL069C,YDR034C-C,0,-2.8900309,0.004807692486792803,0.0020000000949949026,0.0414000004529953
YLR163C,YER137C-A,0,-2.890474,0.0047961631789803505,0.0020000000949949026,0.04149999842047691
YOL103W-B,YML124C,0,-2.8906558,0.0047846888191998005,0.0020000000949949026,0.041600000113248825
YOR039W,YPR137C-A,0,-2.8907921,0.00477326987311244,0.0020000000949949026,0.04170000180602074
YOR147W,YDR316W-B,0,-2.8910654,0.004761904943734407,0.0020000000949949026,0.04179999977350235
YOR210W,YCL003W,0,-2.8913624,0.0047505940310657024,0.0020000000949949026,0.04190000146627426
YPR137C-B,YLL038C,0,-2.8914516,0.004739336669445038,0.0020000000949949026,0.041999999433755875
YBR012W-B,YIL037C,0,-2.8916414,0.004728132393211126,0.0020000000949949026,0.042100001126527786
YLR132C,YAL023C,0,-2.8916981,0.004716981202363968,0.0020000000949949026,0.0421999990940094
YER093C,YLR391W-A,0,-2.8917816,0.004705882165580988,0.0020000000949949026,0.04230000078678131
YPL060C-A,YJL106W,0,-2.8923042,0.004694835748523474,0.0020000000949949026,0.042399998754262924
YLR256W-A,YGR195W,0,-2.8927362,0.004683840554207563,0.0020000000949949026,0.042500000447034836
YMR312W,YPR158W-A,0,-2.8927476,0.004672897048294544,0.0020000000949949026,0.04259999841451645
YDR261W-B,YNL078W,0,-2.8928387,0.004662004765123129,0.0020000000949949026,0.04270000010728836
YGL084C,YCL020W,0,-2.8934398,0.004651162773370743,0.0020000000949949026,0.04280000180006027
YJL069C,YIR013C,0,-2.893794,0.004640371073037386,0.0020000000949949026,0.042899999767541885
YGR109W-A,YPL167C,0,-2.8949077,0.004629629664123058,0.0020000000949949026,0.0430000014603138
YDR098C-B,YJR141W,0,-2.895044,0.004618937615305185,0.0020000000949949026,0.04309999942779541
YGR027W-B,YOR207C,0,-2.8952146,0.004608294926583767,0.0020000000949949026,0.04320000112056732
YBL085W,YCL062W,0,-2.895357,0.004597701132297516,0.0020000000949949026,0.043299999088048935
YCL012W,YPL167C,0,-2.8955746,0.004587155766785145,0.0020000000949949026,0.04340000078082085
YMR077C,YML033W,0,-2.895613,0.004576658830046654,0.0020000000949949026,0.04349999874830246
YBR135W,YPL257W-A,0,-2.8956807,0.004566209856420755,0.0020000000949949026,0.04360000044107437
YPL214C,YDR261C-C,0,-2.8957493,0.00455580884590745,0.0020000000949949026,0.043699998408555984
YJL012C-A,YNL182C,0,-2.8957899,0.004545454401522875,0.0020000000949949026,0.043800000101327896
YOR056C,YFL035C,0,-2.8958046,0.004535147454589605,0.0020000000949949026,0.04390000179409981
YOR142W-B,YAL002W,0,-2.8958967,0.004524887073785067,0.0020000000949949026,0.04399999976158142
YPL087W,YLR391W-A,0,-2.8961666,0.004514672793447971,0.0020000000949949026,0.04410000145435333
YLR035C-A,YBR080C,0,-2.8962,0.0045045046135783195,0.0020000000949949026,0.044199999421834946
YCL003W,YGL174W,0,-2.8962128,0.004494382068514824,0.0020000000949949026,0.04430000111460686
YCR106W,YDR210C-C,0,-2.8967836,0.0044843051582574844,0.0020000000949949026,0.04439999908208847
YMR047C,YGR109W-B,0,-2.8973067,0.0044742729514837265,0.0020000000949949026,0.04450000077486038
YML016C,YCL003W,0,-2.8973238,0.004464285913854837,0.0020000000949949026,0.044599998742341995
YOR031W,YLR035C-A,0,-2.8973296,0.004454343114048243,0.0020000000949949026,0.04470000043511391
YHR072W-A,YLR196W,0,-2.8986018,0.004444444552063942,0.0020000000949949026,0.04479999840259552
YPL171C,YAL068C,0,-2.8986921,0.004434589762240648,0.0020000000949949026,0.04490000009536743
YGR161W-B,YDR335W,0,-2.8991258,0.0044247787445783615,0.0020000000949949026,0.04500000178813934
YPL060C-A,YNL272C,0,-2.900001,0.004415011033415794,0.0020000000949949026,0.045099999755620956
YDR034C-C,YMR021C,0,-2.9006717,0.0044052861630916595,0.0020000000949949026,0.04520000144839287
YMR156C,YIL082W-A,0,-2.9011295,0.004395604599267244,0.0020000000949949026,0.04529999941587448
YGR161W-B,YLR254C,0,-2.901513,0.004385964944958687,0.0020000000949949026,0.04540000110864639
YPR158C-C,YGL011C,0,-2.901513,0.004376367665827274,0.0020000000949949026,0.045499999076128006
YKL075C,YIR019C,0,-2.9026356,0.0043668122962117195,0.0020000000949949026,0.04560000076889992
YDR210W-B,YPR131C,0,-2.9026499,0.004357298370450735,0.0020000000949949026,0.04569999873638153
YPR158W-A,YLR231C,0,-2.9027863,0.004347825888544321,0.0020000000949949026,0.04580000042915344
YHR158C,YCR080W,0,-2.9030468,0.004338394850492477,0.0020000000949949026,0.045899998396635056
YNL284C-B,YKL046C,0,-2.9030817,0.0043290043249726295,0.0020000000949949026,0.04600000008940697
YLR055C,YER036C,0,-2.903426,0.0043196543119847775,0.0020000000949949026,0.04610000178217888
YLR256W-A,YIL033C,0,-2.9035594,0.004310344811528921,0.0020000000949949026,0.04619999974966049
YHR039C-B,YDR211W,0,-2.904021,0.004301075357943773,0.0020000000949949026,0.046300001442432404
YLL035W,YCL012W,0,-2.9042308,0.004291845485568047,0.0020000000949949026,0.04639999940991402
YPR158C-D,YPL001W,0,-2.904378,0.004282655194401741,0.0020000000949949026,0.04650000110268593
YPL060C-A,YDR151C,0,-2.904378,0.004273504484444857,0.0020000000949949026,0.04659999907016754
YJL012C-A,YHR142W,0,-2.904578,0.004264392424374819,0.0020000000949949026,0.04670000076293945
YPR185W,YGR038C-A,0,-2.9049008,0.0042553190141916275,0.0020000000949949026,0.046799998730421066
YJL012C-A,YHR072W-A,0,-2.9049828,0.00424628471955657,0.0020000000949949026,0.04690000042319298
YKL059C,YDR210C-D,0,-2.9054012,0.0042372881434857845,0.0020000000949949026,0.04699999839067459
YDR180W,YDR210C-C,0,-2.9055603,0.004228329751640558,0.0020000000949949026,0.0471000000834465
YGL183C,YLR131C,0,-2.905567,0.004219409078359604,0.0020000000949949026,0.047200001776218414
YFL011W-A,YKL150W,0,-2.905844,0.0042105261236429214,0.0020000000949949026,0.04729999974370003
YFL011W-A,YPL241C,0,-2.9072146,0.004201680887490511,0.0020000000949949026,0.04740000143647194
YOR109W,YGR109W-B,0,-2.9077432,0.0041928719729185104,0.0020000000949949026,0.04749999940395355
YBR100W,YOR098C,0,-2.9081686,0.0041841003112494946,0.0020000000949949026,0.047600001096725464
YNR064C,YLR318W,0,-2.9082549,0.004175365436822176,0.0020000000949949026,0.04769999906420708
YCR060W,YOL103W-A,0,-2.9085844,0.004166666883975267,0.0020000000949949026,0.04780000075697899
YDR072C,YBL100W-B,0,-2.9085982,0.0041580041870474815,0.0020000000949949026,0.0478999987244606
YDR170W-A,YOR191W,0,-2.9086044,0.004149377811700106,0.0020000000949949026,0.04800000041723251
YDR098C-B,YDL102W,0,-2.9086525,0.004140786826610565,0.0020000000949949026,0.04809999838471413
YLR256W-A,YGL145W,0,-2.909221,0.00413223123177886,0.0020000000949949026,0.04820000007748604
YMR156C,YDR210C-C,0,-2.9092665,0.004123711492866278,0.0020000000949949026,0.04830000177025795
YGL255W,YLR411W,1,-2.9096305,0.006172839552164078,0.003000000026077032,0.04830000177025795
YDR170W-A,YDL137W,0,-2.9096985,0.006160164251923561,0.003000000026077032,0.04839999973773956
YML067C,YDR261W-A,0,-2.9099371,0.006147541105747223,0.003000000026077032,0.048500001430511475
YPR182W,YNL284C-B,0,-2.9099607,0.0061349691823124886,0.003000000026077032,0.04859999939799309
YFL011W-A,YBR186W,0,-2.9100027,0.006122448947280645,0.003000000026077032,0.048700001090765
YGR027W-A,YKL160W,0,-2.9103599,0.006109979469329119,0.003000000026077032,0.04879999905824661
YGR038C-A,YHR188C,0,-2.9103835,0.006097560748457909,0.003000000026077032,0.048900000751018524
YGR038C-A,YHL028W,0,-2.9104774,0.006085192784667015,0.003000000026077032,0.04899999871850014
YNL054W-B,YDL052C,0,-2.9105477,0.0060728746466338634,0.003000000026077032,0.04910000041127205
YJR019C,YCL020W,0,-2.9108465,0.0060606058686971664,0.003000000026077032,0.04919999837875366
YGR161W-A,YDR309C,0,-2.9112523,0.006048386916518211,0.003000000026077032,0.049300000071525574
YKR060W,YDR365W-A,0,-2.911628,0.006036217324435711,0.003000000026077032,0.049400001764297485
YOR142W-B,YGR119C,0,-2.911722,0.0060240961611270905,0.003000000026077032,0.0494999997317791
YLR126C,YDR297W,0,-2.9120615,0.006012023892253637,0.003000000026077032,0.04960000142455101
YDR418W,YLR391W-A,0,-2.9124253,0.006000000052154064,0.003000000026077032,0.04969999939203262
YPL118W,YDR034C-C,0,-2.9127786,0.005988024175167084,0.003000000026077032,0.049800001084804535
YGR027W-B,YDR341C,0,-2.9127786,0.005976095795631409,0.003000000026077032,0.04989999905228615
YPR158C-D,YBR160W,0,-2.912896,0.005964214913547039,0.003000000026077032,0.05000000074505806
YDR123C,YCL012W,0,-2.9128983,0.0059523810632526875,0.003000000026077032,0.05009999871253967
YCR083W,YOR356W,0,-2.913213,0.005940594244748354,0.003000000026077032,0.050200000405311584
YPL055C,YCR055C,0,-2.9134128,0.005928853526711464,0.003000000026077032,0.0502999983727932
YJR045C,YPL060C-A,0,-2.913718,0.005917159840464592,0.003000000026077032,0.05040000006556511
YDL113C,YGR122W,0,-2.9139092,0.005905511789023876,0.003000000026077032,0.05050000175833702
YKL143W,YOR088W,0,-2.9140613,0.005893909838050604,0.003000000026077032,0.050599999725818634
YOR020C,YHR214C-C,0,-2.9141407,0.0058823530562222,0.003000000026077032,0.050700001418590546
YOL103W-B,YHR042W,0,-2.9144695,0.005870841443538666,0.003000000026077032,0.05079999938607216
YPL043W,YGR161C-D,0,-2.9150565,0.005859375,0.003000000026077032,0.05090000107884407
YDR210W-A,YBR258C,0,-2.9150565,0.005847953259944916,0.003000000026077032,0.050999999046325684
YMR305C,YMR134W,0,-2.915177,0.005836575757712126,0.003000000026077032,0.051100000739097595
YBR260C,YLR410W-B,0,-2.915479,0.00582524249330163,0.003000000026077032,0.05119999870657921
YLR410W-A,YLR081W,0,-2.9157374,0.0058139534667134285,0.003000000026077032,0.05130000039935112
YHR196W,YJL012C-A,0,-2.9160433,0.005802707746624947,0.003000000026077032,0.05139999836683273
YPR187W,YGR038C-B,0,-2.9161837,0.005791505798697472,0.003000000026077032,0.051500000059604645
YOR343W-A,YKL130C,0,-2.9167235,0.005780346691608429,0.003000000026077032,0.051600001752376556
YOL103W-A,YGL173C,0,-2.9171228,0.005769230891019106,0.003000000026077032,0.05169999971985817
YHR164C,YOR142W-B,0,-2.9175456,0.005758157465606928,0.003000000026077032,0.05180000141263008
YGR027W-A,YGL195W,0,-2.9176395,0.005747126415371895,0.003000000026077032,0.051899999380111694
YPR181C,YER108C,0,-2.9178944,0.005736137740314007,0.003000000026077032,0.052000001072883606
YLR453C,YCL062W,0,-2.9184384,0.0057251909747719765,0.003000000026077032,0.05209999904036522
YMR263W,YGR109W-A,0,-2.9186494,0.0057142856530845165,0.003000000026077032,0.05220000073313713
YOL069W,YFR053C,0,-2.918702,0.005703422240912914,0.003000000026077032,0.052299998700618744
YHR205W,YGR161W-A,0,-2.9199173,0.005692599806934595,0.003000000026077032,0.052400000393390656
YPL209C,YJR141W,0,-2.9200485,0.005681818351149559,0.003000000026077032,0.05249999836087227
YGL032C,YPR137C-A,0,-2.9207628,0.005671077407896519,0.003000000026077032,0.05260000005364418
YOL103W-B,YPL046C,0,-2.9213264,0.0056603774428367615,0.003000000026077032,0.05270000174641609
YPR137C-B,YJL058C,0,-2.9215376,0.005649717524647713,0.003000000026077032,0.052799999713897705
YGR278W,YGR109W-B,0,-2.9217255,0.005639097653329372,0.003000000026077032,0.05290000140666962
YGR027W-B,YDL192W,0,-2.9217489,0.005628517828881741,0.003000000026077032,0.05299999937415123
YLL056C,YDR207C,0,-2.9217663,0.00561797758564353,0.003000000026077032,0.05310000106692314
YLR115W,YLR410W-A,0,-2.922383,0.005607476457953453,0.003000000026077032,0.053199999034404755
YNL284C-B,YJL011C,0,-2.9227822,0.005597014911472797,0.003000000026077032,0.053300000727176666
YPR158W-A,YKR042W,0,-2.9228058,0.005586592014878988,0.003000000026077032,0.05339999869465828
YDR210W-A,YDR376W,0,-2.9228528,0.005576208233833313,0.003000000026077032,0.05350000038743019
YPL060C-A,YBR177C,0,-2.9229233,0.005565862637013197,0.003000000026077032,0.053599998354911804
YMR225C,YLR312C-B,0,-2.9229884,0.0055555556900799274,0.003000000026077032,0.053700000047683716
YBR297W,YPL196W,0,-2.923112,0.00554528646171093,0.003000000026077032,0.05380000174045563
YNL054W-B,YIR019C,0,-2.9236042,0.0055350554175674915,0.003000000026077032,0.05389999970793724
YCR086W,YPR137C-A,0,-2.9236982,0.005524862091988325,0.003000000026077032,0.05400000140070915
YGR161W-B,YLR003C,0,-2.9239128,0.005514706019312143,0.003000000026077032,0.054099999368190765
YDR210W-A,YJR069C,0,-2.9244144,0.005504587199538946,0.003000000026077032,0.05420000106096268
YDR210W-A,YDR499W,0,-2.924844,0.005494505632668734,0.003000000026077032,0.05429999902844429
YOL103W-A,YPL257W-A,0,-2.9249873,0.005484460853040218,0.003000000026077032,0.0544000007212162
YFL035C,YBR006W,0,-2.9253907,0.005474452394992113,0.003000000026077032,0.054499998688697815
YDL113C,YGR161W-A,0,-2.926898,0.005464480724185705,0.003000000026077032,0.05460000038146973
YDR261W-B,YNR033W,0,-2.926898,0.005454545374959707,0.003000000026077032,0.05469999834895134
YDR131C,YGL021W,0,-2.9272509,0.005444645881652832,0.003000000026077032,0.05480000004172325
YNL054W-B,YDR259C,0,-2.9273756,0.005434782709926367,0.003000000026077032,0.05490000173449516
YMR127C,YPR078C,0,-2.9288573,0.005424954928457737,0.003000000026077032,0.054999999701976776
YOR136W,YOR343W-A,0,-2.9289038,0.0054151625372469425,0.003000000026077032,0.05510000139474869
YKL088W,YCR102C,0,-2.9289784,0.0054054055362939835,0.003000000026077032,0.0551999993622303
YLR107W,YHR214C-C,0,-2.9294293,0.0053956834599375725,0.003000000026077032,0.05530000105500221
YMR093W,YGR161C-D,0,-2.929477,0.00538599630817771,0.003000000026077032,0.055399999022483826
YMR309C,YDR034C-C,0,-2.930289,0.005376344081014395,0.003000000026077032,0.05550000071525574
YMR311C,YGR109W-A,0,-2.9306233,0.005366726312786341,0.003000000026077032,0.05559999868273735
YNL082W,YDR261W-A,0,-2.9311488,0.0053571430034935474,0.003000000026077032,0.05570000037550926
YDL116W,YGR111W,0,-2.9312804,0.005347593687474728,0.003000000026077032,0.055799998342990875
YHR214C-C,YOR173W,0,-2.9313877,0.005338078364729881,0.003000000026077032,0.05590000003576279
YPR182W,YCR080W,0,-2.9319284,0.005328597035259008,0.003000000026077032,0.0560000017285347
YDL130W-A,YCR098C,1,-2.932234,0.007092198356986046,0.004000000189989805,0.0560000017285347
YIL049W,YDR316W-A,0,-2.9323905,0.007079645991325378,0.004000000189989805,0.05609999969601631
YOL008W,YGR038C-A,0,-2.9328203,0.007067137863487005,0.004000000189989805,0.05620000138878822
YOL144W,YGR038C-B,0,-2.9338715,0.007054673507809639,0.004000000189989805,0.056299999356269836
YPL015C,YGR038C-A,0,-2.9339666,0.007042253389954567,0.004000000189989805,0.05640000104904175
YFL011W-A,YOR119C,0,-2.93397,0.007029877044260502,0.004000000189989805,0.05649999901652336
YLR350W,YDR365W-B,0,-2.9350173,0.007017544005066156,0.004000000189989805,0.05660000070929527
YDR210W-A,YBR168W,0,-2.9353042,0.007005253806710243,0.004000000189989805,0.056699998676776886
YPL235W,YDR316W-A,0,-2.9353518,0.00699300691485405,0.004000000189989805,0.0568000003695488
YDR210W-A,YBR297W,0,-2.9355428,0.0069808028638362885,0.004000000189989805,0.05689999833703041
YER159C-A,YBR183W,0,-2.9356863,0.006968641187995672,0.004000000189989805,0.05700000002980232
YGR231C,YDR261W-A,0,-2.936164,0.006956521887332201,0.004000000189989805,0.057100001722574234
YCR028C-A,YOR192C-B,0,-2.9365458,0.0069444444961845875,0.004000000189989805,0.05719999969005585
YGR027W-A,YER012W,0,-2.9373581,0.006932409014552832,0.004000000189989805,0.05730000138282776
YOR240W,YER018C,0,-2.9373615,0.0069204154424369335,0.004000000189989805,0.05739999935030937
YLR301W,YOR003W,0,-2.93764,0.0069084628485143185,0.004000000189989805,0.057500001043081284
YCL038C,YOL103W-A,0,-2.9376922,0.006896551698446274,0.004000000189989805,0.0575999990105629
YDR364C,YOR338W,0,-2.9379213,0.006884681526571512,0.004000000189989805,0.05770000070333481
YML092C,YPL060C-A,0,-2.938122,0.006872852332890034,0.004000000189989805,0.05779999867081642
YJL002C,YLR312C-B,0,-2.9381938,0.006861063651740551,0.004000000189989805,0.05790000036358833
YOR008C-A,YLR321C,0,-2.9386935,0.006849315017461777,0.004000000189989805,0.057999998331069946
YNL331C,YFL035C-A,0,-2.938722,0.006837606895714998,0.004000000189989805,0.05810000002384186
YLR227W-A,YKL046C,0,-2.9390295,0.006825938355177641,0.004000000189989805,0.05820000171661377
YBR090C-A,YMR036C,0,-2.9392643,0.006814309861510992,0.004000000189989805,0.05829999968409538
YOR240W,YMR211W,0,-2.9396226,0.006802720949053764,0.004000000189989805,0.058400001376867294
YCL019W,YOR079C,0,-2.940156,0.006791171617805958,0.004000000189989805,0.05849999934434891
YBR100W,YDR219C,0,-2.9402661,0.006779660936444998,0.004000000189989805,0.05860000103712082
YGR005C,YOR088W,0,-2.940323,0.006768189370632172,0.004000000189989805,0.05869999900460243
YCL003W,YBR160W,0,-2.940521,0.006756756920367479,0.004000000189989805,0.058800000697374344
YHR181W,YOR142W-B,0,-2.9406536,0.006745362654328346,0.004000000189989805,0.05889999866485596
YOL069W,YLR227W-A,0,-2.9407012,0.006734006572514772,0.004000000189989805,0.05900000035762787
YHR163W,YOL103W-B,0,-2.9407492,0.006722689140588045,0.004000000189989805,0.05909999832510948
YBL100W-B,YJL093C,0,-2.9408364,0.00671140942722559,0.004000000189989805,0.05920000001788139
YPL106C,YPL041C,0,-2.941818,0.006700167432427406,0.004000000189989805,0.059300001710653305
YGL210W-A,YJL127C,0,-2.942431,0.006688963156193495,0.004000000189989805,0.05939999967813492
YNL045W,YLR410W-A,0,-2.9427073,0.006677796132862568,0.004000000189989805,0.05950000137090683
YIL037C,YAR009C,0,-2.9445837,0.006666666828095913,0.004000000189989805,0.05959999933838844
YBR090C-A,YGR119C,0,-2.9447062,0.006655573844909668,0.004000000189989805,0.059700001031160355
YLR410W-A,YGL225W,0,-2.9447134,0.006644518114626408,0.004000000189989805,0.05979999899864197
YLR157C,YGR038C-A,0,-2.9462895,0.006633499171584845,0.004000000189989805,0.05990000069141388
YML120C,YNL054W-A,0,-2.946624,0.0066225165501236916,0.004000000189989805,0.05999999865889549
YKL080W,YOR343W-A,0,-2.946815,0.0066115702502429485,0.004000000189989805,0.060100000351667404
YDR170W-A,YOL086C,0,-2.9478085,0.0066006602719426155,0.004000000189989805,0.06019999831914902
YHL025W,YGR027W-A,0,-2.9480565,0.006589785683900118,0.004000000189989805,0.06030000001192093
YCR028C-A,YJR055W,0,-2.9484959,0.00657894741743803,0.004000000189989805,0.06040000170469284
YOL103W-B,YGL099W,0,-2.9485822,0.006568144541233778,0.004000000189989805,0.060499999672174454
YJR029W,YPL006W,0,-2.9488697,0.006557377055287361,0.004000000189989805,0.060600001364946365
YJR029W,YGR078C,0,-2.949038,0.00654664495959878,0.004000000189989805,0.06069999933242798
YDR363W,YNL112W,0,-2.949793,0.006535947788506746,0.004000000189989805,0.06080000102519989
YGL174W,YML033W,0,-2.9500802,0.006525285542011261,0.004000000189989805,0.0608999989926815
YFL025C,YGR161W-A,0,-2.9501584,0.0065146577544510365,0.004000000189989805,0.061000000685453415
YDR115W,YNL243W,0,-2.9505532,0.00650406489148736,0.004000000189989805,0.06109999865293503
YLR391W-A,YHR059W,0,-2.9522662,0.006493506487458944,0.004000000189989805,0.06120000034570694
YIL110W,YBR090C-A,0,-2.9523737,0.006482982076704502,0.004000000189989805,0.06129999831318855
YPR009W,YGR161W-A,0,-2.9529307,0.006472492124885321,0.004000000189989805,0.061400000005960464
YLR150W,YGR038C-B,0,-2.9543908,0.006462035700678825,0.004000000189989805,0.061500001698732376
YGL144C,YML058W-A,0,-2.9545984,0.006451612804085016,0.004000000189989805,0.06159999966621399
YCL012W,YFL003C,0,-2.9554617,0.006441223900765181,0.004000000189989805,0.0617000013589859
YLR350W,YGR038C-B,0,-2.955538,0.006430868059396744,0.004000000189989805,0.061799999326467514
YLL013C,YGR251W,0,-2.955613,0.006420545745640993,0.004000000189989805,0.061900001019239426
YFL026W,YOR089C,0,-2.9559274,0.006410256493836641,0.004000000189989805,0.06199999898672104
YHR039C-B,YLR329W,0,-2.9564762,0.006399999838322401,0.004000000189989805,0.06210000067949295
YDR329C,YCL003W,0,-2.9565074,0.00638977624475956,0.004000000189989805,0.062199998646974564
YGR238C,YCR080W,0,-2.9565399,0.00637958524748683,0.004000000189989805,0.062300000339746475
YPR137C-A,YJL025W,0,-2.956773,0.006369426846504211,0.004000000189989805,0.06239999830722809
YOR191W,YDR210C-D,0,-2.956827,0.006359300576150417,0.004000000189989805,0.0625
YLR160C,YDL130W,0,-2.9570258,0.0063492064364254475,0.004000000189989805,0.06260000169277191
YDR115W,YDR411C,0,-2.9571435,0.006339144427329302,0.004000000189989805,0.06270000338554382
YHR072W-A,YML033W,0,-2.9575102,0.006329114083200693,0.004000000189989805,0.06279999762773514
YDR306C,YBR015C,0,-2.958276,0.006319115404039621,0.004000000189989805,0.06289999932050705
YOR355W,YPR137C-A,0,-2.9587162,0.0063091483898460865,0.004000000189989805,0.06300000101327896
YFL035C,YKR029C,0,-2.959614,0.006299212574958801,0.004000000189989805,0.06310000270605087
YGL183C,YDL038C,0,-2.9596846,0.006289307959377766,0.004000000189989805,0.06319999694824219
YDR323C,YHR214C-C,0,-2.9606595,0.006279435008764267,0.004000000189989805,0.0632999986410141
YJL167W,YNR030W,0,-2.961021,0.006269592326134443,0.004000000189989805,0.06340000033378601
YJL122W,YDR210C-D,0,-2.9610374,0.006259780842810869,0.004000000189989805,0.06350000202655792
YHR039C-B,YGL175C,0,-2.9610984,0.0062500000931322575,0.004000000189989805,0.06360000371932983
YIL051C,YPL006W,0,-2.9611228,0.006240249611437321,0.004000000189989805,0.06369999796152115
YJL168C,YLR391W-A,0,-2.9612134,0.006230529397726059,0.004000000189989805,0.06379999965429306
YOR142W-B,YIL076W,0,-2.961739,0.0062208399176597595,0.004000000189989805,0.06390000134706497
YDL081C,YLR346C,0,-2.961782,0.006211180239915848,0.004000000189989805,0.06400000303983688
YHR072W-A,YPL257W-A,0,-2.9617932,0.006201550364494324,0.004000000189989805,0.0640999972820282
YDR261W-B,YPR074C,0,-2.9621708,0.006191950291395187,0.004000000189989805,0.06419999897480011
YNR064C,YPL283C,0,-2.9647007,0.006182380020618439,0.004000000189989805,0.06430000066757202
YDR299W,YDR316W-B,0,-2.9655716,0.006172839552164078,0.004000000189989805,0.06440000236034393
YCR033W,YCL062W,0,-2.9665978,0.006163328420370817,0.004000000189989805,0.06449999660253525
YOR008C,YHR096C,0,-2.9667308,0.00615384615957737,0.004000000189989805,0.06459999829530716
YPR110C,YLR391W-A,0,-2.9680376,0.006144393235445023,0.004000000189989805,0.06469999998807907
YJL114W,YPL082C,0,-2.9685812,0.0061349691823124886,0.004000000189989805,0.06480000168085098
YDR087C,YGR161C-D,0,-2.9694045,0.006125574465841055,0.004000000189989805,0.0649000033736229
YFL035C,YOL117W,0,-2.9704897,0.006116208154708147,0.004000000189989805,0.06499999761581421
YER159C-A,YLR370C,0,-2.9715097,0.006106870248913765,0.004000000189989805,0.06509999930858612
YBR012W-B,YOR209C,0,-2.97167,0.006097560748457909,0.004000000189989805,0.06520000100135803
YCL012W,YDR277C,0,-2.972736,0.006088280119001865,0.004000000189989805,0.06530000269412994
YLR175W,YPR158C-D,0,-2.9727864,0.006079027429223061,0.004000000189989805,0.06539999693632126
YBR142W,YHR048W,0,-2.9735844,0.006069802679121494,0.004000000189989805,0.06549999862909317
YMR263W,YDR210C-D,0,-2.9755483,0.0060606058686971664,0.004000000189989805,0.06560000032186508
YPL257W-B,YIL139C,0,-2.9766757,0.006051436997950077,0.004000000189989805,0.065700002014637
YJR160C,YCL074W,0,-2.9771645,0.006042296066880226,0.004000000189989805,0.0658000037074089
YDL038C,YML062C,0,-2.9778054,0.006033182609826326,0.004000000189989805,0.06589999794960022
YFL058W,YFL025C,0,-2.9786913,0.0060240961611270905,0.004000000189989805,0.06599999964237213
YML058W,YHR079C-B,0,-2.9787905,0.006015037652105093,0.004000000189989805,0.06610000133514404
YOR137C,YPR138C,1,-2.9800074,0.007507507689297199,0.004999999888241291,0.06610000133514404
YGR092W,YMR092C,0,-2.980497,0.007496251724660397,0.004999999888241291,0.06620000302791595
YKR065C,YPL257W-B,0,-2.9805086,0.007485029753297567,0.004999999888241291,0.06629999727010727
YGL039W,YML086C,0,-2.981654,0.007473841775208712,0.004999999888241291,0.06639999896287918
YAL058W,YJL059W,0,-2.982249,0.007462686393409967,0.004999999888241291,0.06650000065565109
YLR361C,YHR079C-B,0,-2.983012,0.007451565004885197,0.004999999888241291,0.066600002348423
YPR036W,YCL020W,0,-2.9832077,0.0074404762126505375,0.004999999888241291,0.06669999659061432
YFL018W-A,YGL232W,0,-2.9835937,0.007429420482367277,0.004999999888241291,0.06679999828338623
YHR060W,YHR039C-B,0,-2.9837952,0.007418397814035416,0.004999999888241291,0.06689999997615814
YBR090C-A,YOR194C,0,-2.9852839,0.007407407276332378,0.004999999888241291,0.06700000166893005
YDL038C,YOR156C,0,-2.9860342,0.00739644980058074,0.004999999888241291,0.06710000336170197
YBR112C,YCR055C,0,-2.9862356,0.007385524455457926,0.004999999888241291,0.06719999760389328
YPR078C,YDR171W,0,-2.9874237,0.007374631240963936,0.004999999888241291,0.06729999929666519
YML093W,YBR090C-A,0,-2.987472,0.00736377015709877,0.004999999888241291,0.0674000009894371
YFL018W-A,YFR001W,0,-2.9882014,0.007352941203862429,0.004999999888241291,0.06750000268220901
YPR025C,YHR020W,0,-2.9889438,0.007342143915593624,0.004999999888241291,0.06759999692440033
YFL018W-A,YOR081C,0,-2.9925005,0.0073313782922923565,0.004999999888241291,0.06769999861717224
YHR014W,YCL062W,0,-2.9931433,0.007320644333958626,0.004999999888241291,0.06780000030994415
YGL210W-A,YER073W,0,-2.9932303,0.007309941574931145,0.004999999888241291,0.06790000200271606
YOL033W,YDR306C,0,-2.993417,0.007299270015209913,0.004999999888241291,0.06800000369548798
YDL074C,YEL057C,0,-2.9937546,0.007288629654794931,0.004999999888241291,0.06809999793767929
YNL065W,YIL009C-A,0,-2.9944036,0.007278020493686199,0.004999999888241291,0.0681999996304512
YML081C-A,YOR137C,1,-2.9944415,0.00872093066573143,0.006000000052154064,0.0681999996304512
YGL210W-A,YDR379W,0,-2.996276,0.008708273060619831,0.006000000052154064,0.06830000132322311
YDR518W,YDR316W-A,0,-2.996795,0.008695651777088642,0.006000000052154064,0.06840000301599503
YAR007C,YCR055C,0,-2.9968178,0.008683067746460438,0.006000000052154064,0.06849999725818634
YER108C,YKL166C,0,-2.9979496,0.008670520037412643,0.006000000052154064,0.06859999895095825
YHR158C,YNL045W,0,-2.9980278,0.008658008649945259,0.006000000052154064,0.06870000064373016
YGR054W,YJR126C,0,-2.9980311,0.008645533584058285,0.006000000052154064,0.06880000233650208
YDR211W,YCR055C,0,-2.9981744,0.008633093908429146,0.006000000052154064,0.06889999657869339
YDL109C,YDR303C,0,-2.9989314,0.008620689623057842,0.006000000052154064,0.0689999982714653
YER127W,YPL257W-A,0,-2.9992945,0.008608321659266949,0.006000000052154064,0.06909999996423721
YPL058C,YGR144W,0,-3.000454,0.008595988154411316,0.006000000052154064,0.06920000165700912
YPL131W,YML058W-A,0,-3.000631,0.008583690971136093,0.006000000052154064,0.06930000334978104
YJR120W,YGR038W,0,-3.0009787,0.008571428246796131,0.006000000052154064,0.06939999759197235
YGR085C,YDR131C,0,-3.0010579,0.008559200912714005,0.006000000052154064,0.06949999928474426
YOR046C,YDL038C,0,-3.0011284,0.008547008968889713,0.006000000052154064,0.06960000097751617
YCR102C,YAL009W,0,-3.001279,0.008534850552678108,0.006000000052154064,0.06970000267028809
YGL210W-A,YNL153C,0,-3.0013611,0.008522727526724339,0.006000000052154064,0.0697999969124794
YMR183C,YOR088W,0,-3.0015104,0.008510638028383255,0.006000000052154064,0.06989999860525131
YPR183W,YJR026W,0,-3.0030942,0.008498583920300007,0.006000000052154064,0.07000000029802322
YHR039C-B,YHR074W,0,-3.0038955,0.008486563339829445,0.006000000052154064,0.07010000199079514
YML036W,YCL062W,0,-3.0051773,0.008474576286971569,0.006000000052154064,0.07020000368356705
YBR205W,YOR240W,0,-3.0054584,0.008462623693048954,0.006000000052154064,0.07029999792575836
YHR214C-C,YCR102C,0,-3.007604,0.008450704626739025,0.006000000052154064,0.07039999961853027
YGR172C,YDR210C-D,0,-3.0078385,0.008438818156719208,0.006000000052154064,0.07050000131130219
YBR012W-B,YNL222W,0,-3.0082166,0.008426966145634651,0.006000000052154064,0.0706000030040741
YCL008C,YBR012W-B,0,-3.0089097,0.00841514766216278,0.006000000052154064,0.07069999724626541
YDR449C,YCR062W,0,-3.0105007,0.008403361774981022,0.006000000052154064,0.07079999893903732
YGR272C,YPL006W,0,-3.0113628,0.008391608484089375,0.006000000052154064,0.07090000063180923
YDL216C,YBR090C-A,0,-3.0115445,0.008379888720810413,0.006000000052154064,0.07100000232458115
YJL012C-A,YPL234C,0,-3.0137682,0.008368200622498989,0.006000000052154064,0.07109999656677246
YHR062C,YOR343W-A,0,-3.0138261,0.008356546051800251,0.006000000052154064,0.07119999825954437
YOR056C,YBL075C,0,-3.014651,0.00834492314606905,0.006000000052154064,0.07129999995231628
YDR115W,YEL031W,0,-3.0152357,0.008333333767950535,0.006000000052154064,0.0714000016450882
YDL038C,YOR288C,0,-3.0167186,0.008321775123476982,0.006000000052154064,0.07150000333786011
YNL223W,YML132W,0,-3.017301,0.008310249075293541,0.006000000052154064,0.07159999758005142
YJL012C-A,YMR177W,0,-3.0186088,0.008298755623400211,0.006000000052154064,0.07169999927282333
YMR305C,YCL020W,0,-3.020507,0.008287292905151844,0.006000000052154064,0.07180000096559525
YPL119C,YLR391W-A,0,-3.0209565,0.008275861851871014,0.006000000052154064,0.07190000265836716
YGR161C,YPR046W,0,-3.022232,0.00826446246355772,0.006000000052154064,0.07199999690055847
YKR089C,YHR214C-B,0,-3.0242078,0.008253094740211964,0.006000000052154064,0.07209999859333038
YDL109C,YCL040W,0,-3.024337,0.008241758681833744,0.006000000052154064,0.0722000002861023
YNL027W,YHR079C-B,0,-3.0255258,0.008230452425777912,0.006000000052154064,0.0723000019788742
YDL109C,YGR103W,0,-3.02611,0.008219177834689617,0.006000000052154064,0.07240000367164612
YDL081C,YJL098W,0,-3.0271666,0.008207933977246284,0.006000000052154064,0.07249999791383743
YAR010C,YDR150W,0,-3.0274308,0.008196720853447914,0.006000000052154064,0.07259999960660934
YML132W,YLR135W,0,-3.0276706,0.008185538463294506,0.006000000052154064,0.07270000129938126
YLR223C,YGR272C,0,-3.0284815,0.00817438680678606,0.006000000052154064,0.07280000299215317
YCL019W,YJL154C,0,-3.0285447,0.008163264952600002,0.006000000052154064,0.07289999723434448
YMR117C,YGR251W,0,-3.0285604,0.008152173832058907,0.006000000052154064,0.0729999989271164
YJR022W,YIL080W,0,-3.0288525,0.008141112513840199,0.006000000052154064,0.0731000006198883
YCR020W-B,YLL016W,0,-3.0290596,0.008130080997943878,0.006000000052154064,0.07320000231266022
YDL109C,YNR064C,0,-3.0293953,0.00811908021569252,0.006000000052154064,0.07329999655485153
YJR141W,YKL160W,0,-3.0302727,0.008108108304440975,0.006000000052154064,0.07339999824762344
YEL071W,YMR050C,0,-3.0310051,0.008097166195511818,0.006000000052154064,0.07349999994039536
YNL091W,YML033W,0,-3.0326822,0.008086252957582474,0.006000000052154064,0.07360000163316727
YBR284W,YDL137W,0,-3.032931,0.008075370453298092,0.006000000052154064,0.07370000332593918
YML012W,YCR055C,0,-3.034128,0.008064515888690948,0.006000000052154064,0.0737999975681305
YKL173W,YMR051C,0,-3.0367625,0.008053691126406193,0.006000000052154064,0.0738999992609024
YJR120W,YBL058W,0,-3.0371253,0.00804289523512125,0.006000000052154064,0.07400000095367432
YKL088W,YIR037W,0,-3.0372286,0.00803212821483612,0.006000000052154064,0.07410000264644623
YOL020W,YER062C,0,-3.0379012,0.008021390065550804,0.006000000052154064,0.07419999688863754
YML033W,YLR147C,0,-3.0384862,0.0080106807872653,0.006000000052154064,0.07429999858140945
YGR048W,YNR032C-A,0,-3.04051,0.00800000037997961,0.006000000052154064,0.07440000027418137
YDR263C,YPL097W,0,-3.0408947,0.007989347912371159,0.006000000052154064,0.07450000196695328
YKL200C,YBR218C,0,-3.0420916,0.007978723384439945,0.006000000052154064,0.07460000365972519
YOR267C,YML058W-A,0,-3.0434382,0.007968127727508545,0.006000000052154064,0.0746999979019165
YMR134W,YFL018C,0,-3.043814,0.007957560010254383,0.006000000052154064,0.07479999959468842
YDR457W,YLR132C,0,-3.04402,0.00794702023267746,0.006000000052154064,0.07490000128746033
YML033W,YNR047W,0,-3.0460281,0.007936508394777775,0.006000000052154064,0.07500000298023224
YDR093W,YML033W,0,-3.046806,0.007926023565232754,0.006000000052154064,0.07509999722242355
YDL109C,YGR029W,0,-3.0475664,0.007915567606687546,0.006000000052154064,0.07519999891519547
YPL160W,YJL025W,0,-3.0480726,0.007905138656497002,0.006000000052154064,0.07530000060796738
YGL180W,YHR214C-B,0,-3.0490003,0.007894736714661121,0.006000000052154064,0.07540000230073929
YLR391W-A,YDR167W,0,-3.0492394,0.00788436271250248,0.006000000052154064,0.0754999965429306
YHR079C-B,YER177W,0,-3.0507104,0.007874015718698502,0.006000000052154064,0.07559999823570251
YKR014C,YFL035C-A,0,-3.0508852,0.007863695733249187,0.006000000052154064,0.07569999992847443
YDL109C,YDR513W,0,-3.052126,0.007853402756154537,0.006000000052154064,0.07580000162124634
YBL100W-B,YOR080W,0,-3.0558598,0.007843137718737125,0.006000000052154064,0.07590000331401825
YDR244W,YOR008C-A,0,-3.0562696,0.007832897827029228,0.006000000052154064,0.07599999755620956
YJR120W,YER009W,0,-3.0572264,0.00782268587499857,0.006000000052154064,0.07609999924898148
YIL046W,YMR210W,0,-3.0578182,0.0078125,0.006000000052154064,0.07620000094175339
YDL109C,YPL175W,0,-3.058164,0.007802340667694807,0.006000000052154064,0.0763000026345253
YML005W,YER103W,0,-3.0582945,0.007792207878082991,0.006000000052154064,0.07639999687671661
YGL089C,YIL034C,0,-3.0583513,0.0077821011655032635,0.006000000052154064,0.07649999856948853
YOL044W,YOR088W,0,-3.0587614,0.0077720205299556255,0.006000000052154064,0.07660000026226044
YJL089W,YBR297W,0,-3.0591075,0.007761966437101364,0.006000000052154064,0.07670000195503235
YKL200C,YAL042W,0,-3.059635,0.007751937955617905,0.006000000052154064,0.07680000364780426
YKL060C,YLR158C,0,-3.0604157,0.007741935551166534,0.006000000052154064,0.07689999788999557
YGL187C,YBR284W,0,-3.0622823,0.007731958758085966,0.006000000052154064,0.07699999958276749
YMR050C,YDL197C,0,-3.0632665,0.0077220075763762,0.006000000052154064,0.0771000012755394
YOL003C,YLR160C,0,-3.064054,0.007712082471698523,0.006000000052154064,0.07720000296831131
YKL011C,YCR066W,0,-3.0651693,0.00770218251273036,0.006000000052154064,0.07729999721050262
YDR306C,YLR131C,0,-3.065649,0.007692307699471712,0.006000000052154064,0.07739999890327454
YJR035W,YKL035W,0,-3.0668294,0.007682458497583866,0.006000000052154064,0.07750000059604645
YNL213C,YAL009W,0,-3.0671146,0.007672634441405535,0.006000000052154064,0.07760000228881836
YGR088W,YKL049C,0,-3.0672398,0.007662835065275431,0.006000000052154064,0.07769999653100967
YDR346C,YJR137C,0,-3.068442,0.0076530613005161285,0.006000000052154064,0.07779999822378159
YCR102C,YER024W,0,-3.0690358,0.007643312215805054,0.006000000052154064,0.0778999999165535
YHR203C,YJR027W,0,-3.069352,0.007633587811142206,0.006000000052154064,0.07800000160932541
YPR133W-A,YMR241W,0,-3.0698292,0.007623888086527586,0.006000000052154064,0.07810000330209732
YNR002C,YIL023C,1,-3.0709016,0.008883249014616013,0.007000000216066837,0.07810000330209732
YBR090C-A,YDR246W,0,-3.0713754,0.008871990256011486,0.007000000216066837,0.07819999754428864
YER103W,YHL028W,0,-3.0714064,0.008860759437084198,0.007000000216066837,0.07829999923706055
YNR007C,YCL019W,0,-3.0726848,0.008849557489156723,0.007000000216066837,0.07840000092983246
YFL011W-A,YOL145C,0,-3.0729434,0.008838383480906487,0.007000000216066837,0.07850000262260437
YDR115W,YCR028C-A,0,-3.0733252,0.008827238343656063,0.007000000216066837,0.07859999686479568
YMR263W,YFR024C,0,-3.0743086,0.008816121146082878,0.007000000216066837,0.0786999985575676
YKR095W-A,YIL017C,0,-3.0747712,0.008805031888186932,0.007000000216066837,0.07880000025033951
YGL039W,YKR029C,0,-3.0748236,0.008793969638645649,0.007000000216066837,0.07890000194311142
YPL187W,YBR154C,0,-3.07561,0.00878293626010418,0.007000000216066837,0.07900000363588333
YGL210W-A,YOR195W,0,-3.0767314,0.008771929889917374,0.007000000216066837,0.07909999787807465
YLR228C,YOR356W,0,-3.0783875,0.008760951459407806,0.007000000216066837,0.07919999957084656
YLR126C,YFR040W,0,-3.0783906,0.008750000037252903,0.007000000216066837,0.07930000126361847
YBR012W-B,YKL205W,0,-3.0788305,0.008739076554775238,0.007000000216066837,0.07940000295639038
YNR064C,YMR201C,0,-3.0804663,0.008728179149329662,0.007000000216066837,0.0794999971985817
YDR145W,YCR102C,0,-3.0806575,0.008717309683561325,0.007000000216066837,0.07959999889135361
YKL011C,YOR040W,0,-3.0813854,0.008706467226147652,0.007000000216066837,0.07970000058412552
YLR301W,YPR190C,0,-3.0825531,0.008695651777088642,0.007000000216066837,0.07980000227689743
YJL061W,YKL200C,0,-3.0836165,0.008684863336384296,0.007000000216066837,0.07989999651908875
YDR320C-A,YDR273W,0,-3.0850236,0.008674101904034615,0.007000000216066837,0.07999999821186066
YAL003W,YCL020W,0,-3.0855362,0.008663366548717022,0.007000000216066837,0.08009999990463257
YHR175W,YCR010C,1,-3.0861287,0.009888751432299614,0.00800000037997961,0.08009999990463257
YCR091W,YNL213C,0,-3.0861542,0.009876543655991554,0.00800000037997961,0.08020000159740448
YFR019W,YPL147W,0,-3.08647,0.009864364750683308,0.00800000037997961,0.08030000329017639
YBR283C,YMR210W,0,-3.088123,0.009852216579020023,0.00800000037997961,0.0803999975323677
YOR377W,YHR070W,0,-3.0895889,0.009840098209679127,0.00800000037997961,0.08049999922513962
YER174C,YHR075C,0,-3.089858,0.009828009642660618,0.00800000037997961,0.08060000091791153
YIL120W,YLR035C-A,0,-3.091292,0.009815950877964497,0.00800000037997961,0.08070000261068344
YGR092W,YHL002W,0,-3.0913122,0.009803921915590763,0.00800000037997961,0.08079999685287476
YPL110C,YPL096C-A,0,-3.0913265,0.009791921824216843,0.00800000037997961,0.08089999854564667
YNL110C,YCR102C,0,-3.09148,0.00977995153516531,0.00800000037997961,0.08100000023841858
YHR034C,YML058W-A,0,-3.0944998,0.00976801011711359,0.00800000037997961,0.08110000193119049
YGR169C,YCR102C,0,-3.0956872,0.009756097570061684,0.00800000037997961,0.0812000036239624
YNL029C,YPL096C-A,0,-3.0957348,0.009744214825332165,0.00800000037997961,0.08129999786615372
YDL081C,YLR081W,0,-3.0960567,0.009732360020279884,0.00800000037997961,0.08139999955892563
YDR283C,YMR095C,0,-3.0970562,0.009720535017549992,0.00800000037997961,0.08150000125169754
YAL032C,YJL141C,0,-3.0984201,0.009708737954497337,0.00800000037997961,0.08160000294446945
YMR232W,YBR247C,0,-3.1008818,0.009696969762444496,0.00800000037997961,0.08169999718666077
YBR012W-B,YLR313C,0,-3.102939,0.009685230441391468,0.00800000037997961,0.08179999887943268
YLR312C-B,YCR038C,0,-3.1035628,0.009673519060015678,0.00800000037997961,0.08190000057220459
YNL090W,YNL209W,0,-3.1043093,0.009661835618317127,0.00800000037997961,0.0820000022649765
YER087C-A,YGL124C,0,-3.1055048,0.009650181047618389,0.00800000037997961,0.08209999650716782
YJL026W,YML045W,0,-3.1057744,0.00963855441659689,0.00800000037997961,0.08219999819993973
YFR024C,YHR124W,0,-3.1074674,0.009626955725252628,0.00800000037997961,0.08229999989271164
YDR244W,YGL229C,0,-3.1074908,0.009615384973585606,0.00800000037997961,0.08240000158548355
YJL114W,YLR119W,0,-3.108107,0.009603841230273247,0.00800000037997961,0.08250000327825546
YML004C,YNR075W,0,-3.1105149,0.009592326357960701,0.00800000037997961,0.08259999752044678
YHR175W,YGR008C,1,-3.1105716,0.010778442956507206,0.008999999612569809,0.08259999752044678
YLR079W,YCL074W,0,-3.1106608,0.010765550658106804,0.008999999612569809,0.08269999921321869
YAR010C,YLR298C,0,-3.1125329,0.01075268816202879,0.008999999612569809,0.0828000009059906
YML045W,YBR218C,0,-3.1133559,0.010739856399595737,0.008999999612569809,0.08290000259876251
YBR289W,YJL219W,0,-3.1144285,0.010727056302130222,0.008999999612569809,0.08299999684095383
YPL276W,YGR181W,0,-3.1148078,0.010714286006987095,0.008999999612569809,0.08309999853372574
YLL056C,YDR092W,0,-3.1151233,0.010701545514166355,0.008999999612569809,0.08320000022649765
YCR102C,YGR122W,0,-3.1153452,0.010688835754990578,0.008999999612569809,0.08330000191926956
YFL026W,YIL106W,0,-3.1158583,0.010676156729459763,0.008999999612569809,0.08340000361204147
YDL130W-A,YOR381W,1,-3.1158628,0.011848341673612595,0.009999999776482582,0.08340000361204147
YLR312C-B,YCR026C,0,-3.1171873,0.011834319680929184,0.009999999776482582,0.08349999785423279
YDL109C,YKL214C,0,-3.1173718,0.01182033121585846,0.009999999776482582,0.0835999995470047
YOR112W,YAL068C,0,-3.1176972,0.011806375347077847,0.009999999776482582,0.08370000123977661
YBR012W-B,YIL004C,0,-3.1178815,0.01179245300590992,0.009999999776482582,0.08380000293254852
YPR078C,YER015W,0,-3.1186202,0.011778563261032104,0.009999999776482582,0.08389999717473984
YJL114W,YPL164C,0,-3.1190453,0.0117647061124444,0.009999999776482582,0.08399999886751175
YAL068C,YBR153W,0,-3.1200843,0.011750881560146809,0.009999999776482582,0.08410000056028366
YPL021W,YBR233W-A,0,-3.1204498,0.011737089604139328,0.009999999776482582,0.08420000225305557
YER151C,YMR308C,0,-3.1229205,0.011723329313099384,0.009999999776482582,0.08429999649524689
YOR356W,YOL054W,0,-3.1237104,0.011709601618349552,0.009999999776482582,0.0843999981880188
YGR054W,YER166W,0,-3.124738,0.011695906519889832,0.009999999776482582,0.08449999988079071
YOL067C,YBL075C,0,-3.1253176,0.011682243086397648,0.009999999776482582,0.08460000157356262
YPL041C,YIL009C-A,0,-3.1255686,0.011668611317873001,0.009999999776482582,0.08470000326633453
YAR010C,YBR015C,0,-3.1295826,0.011655011214315891,0.009999999776482582,0.08479999750852585
YOR008C-A,YML077W,0,-3.1297357,0.011641443707048893,0.009999999776482582,0.08489999920129776
YOL139C,YLR157C,0,-3.131319,0.011627906933426857,0.009999999776482582,0.08500000089406967
YHR166C,YAL068C,0,-3.1319902,0.011614401824772358,0.009999999776482582,0.08510000258684158
YLL056C,YJL138C,0,-3.1331117,0.011600928381085396,0.009999999776482582,0.0851999968290329
YER111C,YGR088W,0,-3.1343725,0.011587485671043396,0.009999999776482582,0.08529999852180481
YIL140W,YBL013W,0,-3.135021,0.011574073694646358,0.009999999776482582,0.08540000021457672
YMR308C,YER172C,0,-3.1352894,0.011560693383216858,0.009999999776482582,0.08550000190734863
YNL259C,YOL077W-A,1,-3.1354382,0.012702078558504581,0.010999999940395355,0.08550000190734863
YPL129W,YDR515W,0,-3.1359403,0.012687427923083305,0.010999999940395355,0.08560000360012054
YDR135C,YHR020W,0,-3.1360333,0.012672810815274715,0.010999999940395355,0.08569999784231186
YKR065C,YJL113W,0,-3.1368248,0.012658228166401386,0.010999999940395355,0.08579999953508377
YPL040C,YLL056C,0,-3.1369622,0.012643678113818169,0.010999999940395355,0.08590000122785568
YPL242C,YMR050C,0,-3.1390772,0.012629161588847637,0.010999999940395355,0.0860000029206276
YDR270W,YKL220C,1,-3.1399553,0.013761468231678009,0.012000000104308128,0.0860000029206276
YCL003W,YOR147W,0,-3.1400023,0.013745704665780067,0.012000000104308128,0.08609999716281891
YKL208W,YOR088W,0,-3.14078,0.013729977421462536,0.012000000104308128,0.08619999885559082
YML128C,YHR164C,0,-3.1428578,0.01371428556740284,0.012000000104308128,0.08630000054836273
YER087C-A,YJL165C,0,-3.1429894,0.013698630034923553,0.012000000104308128,0.08640000224113464
YMR184W,YPL041C,0,-3.1459005,0.013683009892702103,0.012000000104308128,0.08649999648332596
YER087C-A,YCR073W-A,0,-3.1473548,0.013667426072061062,0.012000000104308128,0.08659999817609787
YLR092W,YKR052C,1,-3.1479566,0.01478953380137682,0.013000000268220901,0.08659999817609787
YML045W,YLR075W,0,-3.1487381,0.014772727154195309,0.013000000268220901,0.08669999986886978
YPR183W,YPL006W,0,-3.1511643,0.014755958691239357,0.013000000268220901,0.0868000015616417
YDR457W,YML033W,0,-3.1511812,0.01473922934383154,0.013000000268220901,0.0869000032544136
YLR092W,YGL255W,1,-3.1511996,0.01585504040122032,0.014000000432133675,0.0869000032544136
YMR188C,YCR055C,0,-3.1515782,0.015837104991078377,0.014000000432133675,0.08699999749660492
YLR033W,YAL068C,0,-3.1542785,0.015819208696484566,0.014000000432133675,0.08709999918937683
YHR214C-B,YBR177C,0,-3.1544507,0.015801355242729187,0.014000000432133675,0.08720000088214874
YER145C,YPL036W,1,-3.1553926,0.016910934820771217,0.014999999664723873,0.08720000088214874
YCL005W-A,YNR056C,0,-3.1561453,0.01689189113676548,0.014999999664723873,0.08730000257492065
YJR141W,YBR274W,0,-3.1564503,0.016872890293598175,0.014999999664723873,0.08739999681711197
YDR018C,YDR440W,0,-3.1567187,0.016853932291269302,0.014999999664723873,0.08749999850988388
YBR012W-B,YCL044C,0,-3.1579487,0.016835017129778862,0.014999999664723873,0.08760000020265579
YLR397C,YNL210W,0,-3.1592789,0.016816142946481705,0.014999999664723873,0.0877000018954277
YMR117C,YLL016W,0,-3.16033,0.01679731160402298,0.014999999664723873,0.08780000358819962
YCL039W,YPL006W,0,-3.1605394,0.016778523102402687,0.014999999664723873,0.08789999783039093
YIL082W-A,YMR095C,0,-3.1617684,0.016759777441620827,0.014999999664723873,0.08799999952316284
YFR053C,YPL015C,0,-3.1621273,0.0167410708963871,0.014999999664723873,0.08810000121593475
YDL109C,YOR174W,0,-3.1633852,0.016722407191991806,0.014999999664723873,0.08820000290870667
YKL220C,YGR008C,1,-3.163636,0.01781737245619297,0.01600000075995922,0.08820000290870667
YPL049C,YGR225W,0,-3.1639197,0.017797552049160004,0.01600000075995922,0.08829999715089798
YGL094C,YEL057C,0,-3.164089,0.017777778208255768,0.01600000075995922,0.08839999884366989
YER157W,YLR132C,0,-3.1641867,0.017758047208189964,0.01600000075995922,0.0885000005364418
YDL149W,YAR009C,0,-3.164523,0.017738359048962593,0.01600000075995922,0.08860000222921371
YMR051C,YNL093W,0,-3.1647346,0.017718715593218803,0.01600000075995922,0.08869999647140503
YGR054W,YOR287C,0,-3.1657808,0.017699114978313446,0.01600000075995922,0.08879999816417694
YDR115W,YLR126C,0,-3.1662407,0.01767955720424652,0.01600000075995922,0.08889999985694885
YKL070W,YHR082C,0,-3.1700275,0.017660044133663177,0.01600000075995922,0.08900000154972076
YPL275W,YLR129W,0,-3.1722372,0.017640573903918266,0.01600000075995922,0.08910000324249268
YBL003C,YJR027W,0,-3.17286,0.017621144652366638,0.01600000075995922,0.08919999748468399
YOR341W,YOR140W,0,-3.1731331,0.01760176010429859,0.01600000075995922,0.0892999991774559
YGR214W,YDL105W,0,-3.1734498,0.017582418397068977,0.01600000075995922,0.08940000087022781
YPL125W,YCL020W,0,-3.1739147,0.017563117668032646,0.01600000075995922,0.08950000256299973
YDL148C,YBL075C,0,-3.1739385,0.017543859779834747,0.01600000075995922,0.08959999680519104
YBL005W-A,YOL151W,0,-3.1753337,0.01752464473247528,0.01600000075995922,0.08969999849796295
YPR133W-A,YOR079C,0,-3.1769207,0.017505470663309097,0.01600000075995922,0.08980000019073486
YBR200W,YHR075C,0,-3.1771672,0.017486339434981346,0.01600000075995922,0.08990000188350677
YNL080C,YNR019W,0,-3.177887,0.017467249184846878,0.01600000075995922,0.09000000357627869
YLR044C,YMR093W,0,-3.177913,0.017448199912905693,0.01600000075995922,0.09009999781847
YLR167W,YLR160C,0,-3.178462,0.01742919348180294,0.01600000075995922,0.09019999951124191
YER114C,YNL210W,0,-3.178866,0.01741022802889347,0.01600000075995922,0.09030000120401382
YJL114W,YEL041W,0,-3.179301,0.017391303554177284,0.01600000075995922,0.09040000289678574
YHL025W,YDR345C,0,-3.1796558,0.01737242192029953,0.01600000075995922,0.09049999713897705
YMR165C,YDL126C,0,-3.1819744,0.01735357940196991,0.01600000075995922,0.09059999883174896
YJR029W,YLR020C,0,-3.1820848,0.017334777861833572,0.01600000075995922,0.09070000052452087
YDL161W,YBR020W,0,-3.1826408,0.017316017299890518,0.01600000075995922,0.09080000221729279
YJR029W,YBR065C,0,-3.184359,0.017297297716140747,0.01600000075995922,0.0908999964594841
YDL109C,YGL084C,0,-3.1850998,0.01727861724793911,0.01600000075995922,0.09099999815225601
YKL178C,YCR089W,0,-3.1852381,0.017259977757930756,0.01600000075995922,0.09109999984502792
YNL334C,YFL057C,0,-3.1853597,0.017241379246115685,0.01600000075995922,0.09120000153779984
YGR046W,YKR095W-A,0,-3.1856143,0.017222819849848747,0.01600000075995922,0.09130000323057175
YML081C-A,YPL036W,1,-3.1858127,0.01827956922352314,0.017000000923871994,0.09130000323057175
YMR184W,YMR134W,0,-3.186184,0.018259935081005096,0.017000000923871994,0.09139999747276306
YNL250W,YER062C,0,-3.1871445,0.018240343779325485,0.017000000923871994,0.09149999916553497
YLR126C,YDL080C,0,-3.187145,0.018220793455839157,0.017000000923871994,0.09160000085830688
YOL133W,YOR230W,0,-3.1884425,0.018201284110546112,0.017000000923871994,0.0917000025510788
YNR074C,YOR194C,0,-3.1888745,0.0181818176060915,0.017000000923871994,0.09179999679327011
YLL056C,YOR094W,0,-3.1892722,0.01816239394247532,0.017000000923871994,0.09189999848604202
YBL005W-A,YIL042C,0,-3.190426,0.018143009394407272,0.017000000923871994,0.09200000017881393
YDR508C,YCL062W,0,-3.1918967,0.018123667687177658,0.017000000923871994,0.09210000187158585
YDR273W,YLR386W,0,-3.192392,0.018104366958141327,0.017000000923871994,0.09220000356435776
YDR322C-A,YLR411W,1,-3.1942713,0.0191489364951849,0.017999999225139618,0.09220000356435776
YDL130W-A,YBL099W,1,-3.19428,0.020191285759210587,0.01899999938905239,0.09220000356435776
YDR518W,YJR026W,0,-3.1944847,0.020169852301478386,0.01899999938905239,0.09229999780654907
YDR038C,YOR381W,1,-3.1947935,0.021208908408880234,0.019999999552965164,0.09229999780654907
YOR284W,YMR015C,0,-3.1950424,0.02118644118309021,0.019999999552965164,0.09239999949932098
YKL088W,YGL078C,0,-3.19518,0.021164020523428917,0.019999999552965164,0.0925000011920929
YOR237W,YBR237W,0,-3.1958895,0.021141648292541504,0.019999999552965164,0.09260000288486481
YJR029W,YER111C,0,-3.197317,0.02111932449042797,0.019999999552965164,0.09269999712705612
YDR425W,YCL066W,0,-3.1974118,0.02109704725444317,0.019999999552965164,0.09279999881982803
YDR479C,YCL020W,0,-3.1980383,0.021074814721941948,0.019999999552965164,0.09290000051259995
YJR121W,YLR411W,1,-3.1994274,0.0221052635461092,0.020999999716877937,0.09290000051259995
YPL145C,YNL126W,0,-3.1998017,0.022082019597291946,0.020999999716877937,0.09300000220537186
YFL018W-A,YCL044C,0,-3.2003272,0.022058824077248573,0.020999999716877937,0.09309999644756317
YDL083C,YBL023C,0,-3.200997,0.02203567698597908,0.020999999716877937,0.09319999814033508
YBL057C,YNL213C,0,-3.2023919,0.022012578323483467,0.020999999716877937,0.093299999833107
YHR175W,YNR002C,1,-3.2036684,0.023036649450659752,0.02199999988079071,0.093299999833107
YLR312C-B,YDR335W,0,-3.2041295,0.02301255241036415,0.02199999988079071,0.0934000015258789
YDL003W,YOR356W,0,-3.2057462,0.02298850566148758,0.02199999988079071,0.09350000321865082
YHR077C,YCR005C,0,-3.2058885,0.022964509204030037,0.02199999988079071,0.09359999746084213
YHR014W,YDR358W,0,-3.2063434,0.022940563037991524,0.02199999988079071,0.09369999915361404
YDR172W,YBR233W-A,0,-3.208182,0.02291666716337204,0.02199999988079071,0.09380000084638596
YNL327W,YAR002C-A,0,-3.2083309,0.022892819717526436,0.02199999988079071,0.09390000253915787
YNL334C,YGL105W,0,-3.2089694,0.02286902256309986,0.02199999988079071,0.09399999678134918
YHR118C,YCL020W,0,-3.209079,0.022845275700092316,0.02199999988079071,0.0940999984741211
YPL275W,YIL040W,0,-3.2091713,0.02282157726585865,0.02199999988079071,0.094200000166893
YHR012W,YMR106C,0,-3.2095008,0.022797927260398865,0.02199999988079071,0.09430000185966492
YCL074W,YOL121C,0,-3.2101493,0.02277432754635811,0.02199999988079071,0.09440000355243683
YLL056C,YDR135C,0,-3.2113345,0.022750776261091232,0.02199999988079071,0.09449999779462814
YJR137C,YML109W,0,-3.2114813,0.022727273404598236,0.02199999988079071,0.09459999948740005
YLL050C,YPL276W,0,-3.2126348,0.02270381897687912,0.02199999988079071,0.09470000118017197
YOR020C,YOR356W,0,-3.2147572,0.022680412977933884,0.02199999988079071,0.09480000287294388
YPR010C,YDR306C,0,-3.2152843,0.022657055407762527,0.02199999988079071,0.09489999711513519
YKL086W,YHR102W,0,-3.2157671,0.022633744403719902,0.02199999988079071,0.0949999988079071
YOL130W,YBR295W,1,-3.2164862,0.023638231679797173,0.023000000044703484,0.0949999988079071
YJL008C,YBL106C,0,-3.2167227,0.023613963276147842,0.023000000044703484,0.09510000050067902
YFR030W,YJR153W,0,-3.2187123,0.023589743301272392,0.023000000044703484,0.09520000219345093
YFR024C,YPL164C,0,-3.2187736,0.02356557361781597,0.023000000044703484,0.09529999643564224
YMR113W,YMR051C,0,-3.2201023,0.02354145422577858,0.023000000044703484,0.09539999812841415
YOR137C,YDR298C,1,-3.2207038,0.024539876729249954,0.024000000208616257,0.09539999812841415
YPL265W,YPR010C,0,-3.2230208,0.024514811113476753,0.024000000208616257,0.09549999982118607
YMR153W,YOR338W,0,-3.223427,0.02448979578912258,0.024000000208616257,0.09560000151395798
YKL070W,YGR181W,0,-3.2244132,0.024464832618832588,0.024000000208616257,0.09570000320672989
YDR138W,YOR328W,0,-3.2257168,0.024439917877316475,0.024000000208616257,0.0957999974489212
YMR035W,YHR020W,0,-3.2258234,0.02441505528986454,0.024000000208616257,0.09589999914169312
YOR185C,YDR126W,0,-3.2266982,0.024390242993831635,0.024000000208616257,0.09600000083446503
YLL017W,YDR447C,0,-3.2271044,0.024365482851862907,0.024000000208616257,0.09610000252723694
YDR141C,YAR010C,0,-3.2292306,0.02434077113866806,0.024000000208616257,0.09619999676942825
YOR032C,YCR055C,0,-3.2298634,0.024316109716892242,0.024000000208616257,0.09629999846220016
YLR409C,YHR048W,0,-3.230697,0.024291498586535454,0.024000000208616257,0.09640000015497208
YGR239C,YHR072W-A,0,-3.2317765,0.024266935884952545,0.024000000208616257,0.09650000184774399
YLR206W,YDR018C,0,-3.2350469,0.024242423474788666,0.024000000208616257,0.0966000035405159
YJR045C,YJL091C,0,-3.2350967,0.024217961356043816,0.024000000208616257,0.09669999778270721
YKR095W,YHR096C,0,-3.235461,0.024193547666072845,0.024000000208616257,0.09679999947547913
YLR249W,YEL022W,0,-3.235523,0.024169184267520905,0.024000000208616257,0.09690000116825104
YMR219W,YML058W-A,0,-3.2365522,0.024144869297742844,0.024000000208616257,0.09700000286102295
YMR216C,YMR046C,0,-3.2379625,0.024120602756738663,0.024000000208616257,0.09709999710321426
YKL200C,YFL005W,0,-3.2386644,0.024096384644508362,0.024000000208616257,0.09719999879598618
YLL024C,YFR030W,0,-3.2391016,0.02407221682369709,0.024000000208616257,0.09730000048875809
YOR087W,YCL020W,0,-3.2392008,0.02404809556901455,0.024000000208616257,0.09740000218153
YKR039W,YDL069C,0,-3.2407353,0.024024024605751038,0.024000000208616257,0.09749999642372131
YJR150C,YNR074C,0,-3.2409384,0.024000000208616257,0.024000000208616257,0.09759999811649323
YER045C,YNL093W,0,-3.2420723,0.023976024240255356,0.024000000208616257,0.09769999980926514
YKL148C,YBR240C,0,-3.2423592,0.023952096700668335,0.024000000208616257,0.09780000150203705
YEL002C,YLL016W,0,-3.2439072,0.023928215727210045,0.024000000208616257,0.09790000319480896
YOR231W,YCL026C-A,0,-3.2440894,0.023904383182525635,0.024000000208616257,0.09799999743700027
YNL311C,YHR193C,0,-3.2444613,0.023880597203969955,0.024000000208616257,0.09809999912977219
YDR115W,YOR231W,0,-3.2454054,0.023856859654188156,0.024000000208616257,0.0982000008225441
YPR144C,YHR048W,0,-3.2457132,0.023833168670535088,0.024000000208616257,0.09830000251531601
YGL001C,YOR143C,0,-3.2458904,0.02380952425301075,0.024000000208616257,0.09839999675750732
YGL066W,YLR132C,0,-3.2461612,0.023785926401615143,0.024000000208616257,0.09849999845027924
YFL057C,YHR074W,0,-3.2474444,0.023762376978993416,0.024000000208616257,0.09860000014305115
YJR029W,YIL033C,0,-3.2475235,0.02373887225985527,0.024000000208616257,0.09870000183582306
YBL099W,YGR008C,1,-3.2481568,0.024703556671738625,0.02500000037252903,0.09870000183582306
YJL176C,YDR306C,0,-3.2501204,0.024679170921444893,0.02500000037252903,0.09880000352859497
YGR099W,YNR053C,0,-3.2510288,0.024654831737279892,0.02500000037252903,0.09889999777078629
YML058W-A,YBL058W,0,-3.253174,0.02463054098188877,0.02500000037252903,0.0989999994635582
YDL130W-A,YOL027C,1,-3.2535555,0.025590552017092705,0.026000000536441803,0.0989999994635582
YBL005W-A,YHR188C,0,-3.255277,0.025565387681126595,0.026000000536441803,0.09910000115633011
YIL080W,YOL095C,0,-3.2565577,0.025540275499224663,0.026000000536441803,0.09920000284910202
YIL132C,YCL020W,0,-3.256742,0.02551521174609661,0.026000000536441803,0.09929999709129333
YER040W,YDR146C,0,-3.2571795,0.02549019642174244,0.026000000536441803,0.09939999878406525
YMR250W,YMR051C,0,-3.2571857,0.025465229526162148,0.026000000536441803,0.09950000047683716
YPL275W,YIR021W,0,-3.2573204,0.025440312922000885,0.026000000536441803,0.09960000216960907
YDR175C,YJR141W,0,-3.257327,0.025415444746613503,0.026000000536441803,0.09969999641180038
YPL048W,YHR214C-B,0,-3.2579033,0.025390625,0.026000000536441803,0.0997999981045723
YEL069C,YGL181W,0,-3.259106,0.025365853682160378,0.026000000536441803,0.09989999979734421
YJR047C,YHR023W,0,-3.259222,0.025341130793094635,0.026000000536441803,0.10000000149011612
YIL129C,YIL082W-A,0,-3.2603564,0.025316456332802773,0.026000000536441803,0.10010000318288803
YMR134W,YER109C,0,-3.260886,0.02529182843863964,0.026000000536441803,0.10019999742507935
YIR012W,YLR318W,0,-3.2612813,0.02526724897325039,0.026000000536441803,0.10029999911785126
YGR272C,YGR280C,0,-3.261574,0.025242717936635017,0.026000000536441803,0.10040000081062317
YDR448W,YHR072W-A,0,-3.2620385,0.025218235328793526,0.026000000536441803,0.10050000250339508
YOR095C,YBL005W-A,0,-3.2620656,0.025193799287080765,0.026000000536441803,0.1005999967455864
YGL039W,YGL011C,0,-3.262101,0.025169409811496735,0.026000000536441803,0.1006999984383583
YLL016W,YGR103W,0,-3.2621748,0.025145066902041435,0.026000000536441803,0.10080000013113022
YJL033W,YPR122W,0,-3.2624214,0.025120772421360016,0.026000000536441803,0.10090000182390213
YMR288W,YCL062W,0,-3.262728,0.025096524506807327,0.026000000536441803,0.10100000351667404
YAR008W,YOR356W,0,-3.263094,0.02507232315838337,0.026000000536441803,0.10109999775886536
YPL115C,YNR064C,0,-3.2645254,0.02504817023873329,0.026000000536441803,0.10119999945163727
YJR135W-A,YPL211W,0,-3.2652857,0.025024062022566795,0.026000000536441803,0.10130000114440918
YER087C-A,YLR048W,0,-3.2668226,0.02500000037252903,0.026000000536441803,0.10140000283718109
YOR295W,YCR028C-A,0,-3.2673547,0.024975985288619995,0.026000000536441803,0.1014999970793724
YDL213C,YAL034W-A,0,-3.2682192,0.024952014908194542,0.026000000536441803,0.10159999877214432
YNL334C,YBR057C,0,-3.2686918,0.02492809295654297,0.026000000536441803,0.10170000046491623
YER164W,YPL283C,0,-3.2699044,0.024904213845729828,0.026000000536441803,0.10180000215768814
YLR200W,YGR111W,0,-3.2703202,0.024880383163690567,0.026000000536441803,0.10189999639987946
YNR067C,YKL038W,0,-3.2711265,0.024856597185134888,0.026000000536441803,0.10199999809265137
YHL012W,YPR019W,0,-3.2734396,0.02483285591006279,0.026000000536441803,0.10209999978542328
YDR545W,YJL106W,0,-3.2749424,0.024809161201119423,0.026000000536441803,0.10220000147819519
YNR023W,YJL030W,0,-3.2763503,0.024785509333014488,0.026000000536441803,0.1023000031709671
YLR051C,YDR079C-A,0,-3.2766116,0.024761904031038284,0.026000000536441803,0.10239999741315842
YPR078C,YDL236W,0,-3.277046,0.02473834529519081,0.026000000536441803,0.10249999910593033
YER013W,YGR111W,0,-3.2777016,0.02471482940018177,0.026000000536441803,0.10260000079870224
YMR168C,YGR111W,0,-3.278042,0.02469135820865631,0.026000000536441803,0.10270000249147415
YGL028C,YIR010W,0,-3.2782145,0.024667931720614433,0.026000000536441803,0.10279999673366547
YCL008C,YLR329W,0,-3.2783215,0.024644549936056137,0.026000000536441803,0.10289999842643738
YJL010C,YLR132C,0,-3.278422,0.024621212854981422,0.026000000536441803,0.10300000011920929
YDL109C,YMR073C,0,-3.2792678,0.02459791861474514,0.026000000536441803,0.1031000018119812
YJL030W,YOL164W,0,-3.2801988,0.02457466907799244,0.026000000536441803,0.10320000350475311
YPL231W,YIR004W,0,-3.280266,0.02455146424472332,0.026000000536441803,0.10329999774694443
YDL109C,YDR295C,0,-3.2805688,0.024528302252292633,0.026000000536441803,0.10339999943971634
YKR060W,YJL114W,0,-3.281398,0.02450518310070038,0.026000000536441803,0.10350000113248825
YLR383W,YHR214C-B,0,-3.2824817,0.024482108652591705,0.026000000536441803,0.10360000282526016
YPL276W,YNL061W,0,-3.2844353,0.024459078907966614,0.026000000536441803,0.10369999706745148
YJR120W,YFL033C,0,-3.2846582,0.024436090141534805,0.026000000536441803,0.10379999876022339
YIL120W,YCR005C,0,-3.2848256,0.02441314607858658,0.026000000536441803,0.1039000004529953
YJL214W,YCR033W,0,-3.2850583,0.024390242993831635,0.026000000536441803,0.10400000214576721
YNL136W,YJL219W,0,-3.2852933,0.024367384612560272,0.026000000536441803,0.10409999638795853
YDR435C,YJR029W,0,-3.287429,0.024344569072127342,0.026000000536441803,0.10419999808073044
YLR346C,YHR075C,0,-3.2880073,0.024321796372532845,0.026000000536441803,0.10429999977350235
YLR301W,YKL057C,0,-3.2880332,0.02429906465113163,0.026000000536441803,0.10440000146627426
YJL114W,YPR122W,0,-3.289349,0.024276377633213997,0.026000000536441803,0.10450000315904617
YJR141W,YDL175C,0,-3.2898629,0.024253731593489647,0.026000000536441803,0.10459999740123749
YPL164C,YLL016W,0,-3.2899752,0.02423112839460373,0.026000000536441803,0.1046999990940094
YJL012C-A,YHR143W,0,-3.2902048,0.024208566173911095,0.026000000536441803,0.10480000078678131
YCL054W,YHR205W,0,-3.292813,0.024186046794056892,0.026000000536441803,0.10490000247955322
YNR038W,YDR356W,0,-3.2928555,0.024163568392395973,0.026000000536441803,0.10499999672174454
YER013W,YPR080W,0,-3.2928998,0.024141132831573486,0.026000000536441803,0.10509999841451645
YNL210W,YBR218C,0,-3.2934587,0.024118738248944283,0.026000000536441803,0.10520000010728836
YPR033C,YMR210W,0,-3.2936113,0.024096384644508362,0.026000000536441803,0.10530000180006027
YBR058C-A,YDL105W,0,-3.2937355,0.024074073880910873,0.026000000536441803,0.10540000349283218
YDR516C,YOR110W,0,-3.2940469,0.024051804095506668,0.026000000536441803,0.1054999977350235
YOL016C,YIL080W,0,-3.2942293,0.024029575288295746,0.026000000536441803,0.10559999942779541
YIL031W,YJL089W,0,-3.2945995,0.024007387459278107,0.026000000536441803,0.10570000112056732
YGL001C,YLR182W,0,-3.295071,0.02398524060845375,0.026000000536441803,0.10580000281333923
YGL008C,YDR298C,1,-3.2964811,0.024884792044758797,0.027000000700354576,0.10580000281333923
YNL327W,YLR319C,0,-3.296953,0.024861877784132957,0.027000000700354576,0.10589999705553055
YMR011W,YDR331W,0,-3.2974246,0.02483900636434555,0.027000000700354576,0.10599999874830246
YKL075C,YKL126W,0,-3.2976358,0.024816175922751427,0.027000000700354576,0.10610000044107437
YML132W,YKR020W,0,-3.2980976,0.024793388321995735,0.027000000700354576,0.10620000213384628
YGR192C,YBR081C,0,-3.3007488,0.024770641699433327,0.027000000700354576,0.1062999963760376
YGL028C,YBR029C,0,-3.30088,0.02474793791770935,0.027000000700354576,0.10639999806880951
YDL130W-A,YJR077C,1,-3.301656,0.025641025975346565,0.02800000086426735,0.10639999806880951
YHL012W,YGL127C,0,-3.3018692,0.025617565959692,0.02800000086426735,0.10649999976158142
YOL017W,YBL018C,0,-3.3021822,0.02559415064752102,0.02800000086426735,0.10660000145435333
YKL088W,YKL166C,0,-3.3028271,0.02557077631354332,0.02800000086426735,0.10670000314712524
YJL072C,YDR131C,0,-3.3032043,0.025547444820404053,0.02800000086426735,0.10679999738931656
YNR074C,YDR517W,0,-3.3033156,0.025524156168103218,0.02800000086426735,0.10689999908208847
YLL016W,YBR112C,0,-3.3042371,0.025500910356640816,0.02800000086426735,0.10700000077486038
YER013W,YNL112W,0,-3.304321,0.025477707386016846,0.02800000086426735,0.1071000024676323
YGR147C,YAL068C,0,-3.305036,0.02545454539358616,0.02800000086426735,0.10719999670982361
YJL113W,YCR035C,0,-3.3055918,0.025431426241993904,0.02800000086426735,0.10729999840259552
YKL126W,YGR111W,0,-3.3067048,0.025408348068594933,0.02800000086426735,0.10740000009536743
YIL121W,YGL255W,1,-3.3070471,0.02629193104803562,0.028999999165534973,0.10740000009536743
YDL003W,YBL005W-A,0,-3.30784,0.026268115267157555,0.028999999165534973,0.10750000178813934
YAL068C,YDL185W,0,-3.3078873,0.02624434418976307,0.028999999165534973,0.10760000348091125
YBR012W-B,YCL039W,0,-3.3086672,0.026220614090561867,0.028999999165534973,0.10769999772310257
YLR126C,YKL134C,0,-3.3088484,0.026196928694844246,0.028999999165534973,0.10779999941587448
YBR294W,YNR002C,1,-3.3093007,0.027075812220573425,0.029999999329447746,0.10779999941587448
YPL041C,YOR162C,0,-3.3101132,0.027051398530602455,0.029999999329447746,0.10790000110864639
YGR075C,YNR032C-A,0,-3.310551,0.027027027681469917,0.029999999329447746,0.1080000028014183
YHR020W,YOR229W,0,-3.3111653,0.027002699673175812,0.029999999329447746,0.10809999704360962
YNL323W,YPL212C,0,-3.3116329,0.026978416368365288,0.029999999329447746,0.10819999873638153
YCR020C,YNL064C,0,-3.3117373,0.026954177767038345,0.029999999329447746,0.10830000042915344
YJR141W,YDR518W,0,-3.3131137,0.026929982006549835,0.029999999329447746,0.10840000212192535
YGL162W,YNL061W,0,-3.3145323,0.026905829086899757,0.029999999329447746,0.10849999636411667
YDR272W,YAR009C,0,-3.314999,0.02688172087073326,0.029999999329447746,0.10859999805688858
YPR141C,YDL060W,0,-3.315435,0.026857653632760048,0.029999999329447746,0.10869999974966049
YER126C,YLR139C,0,-3.3178751,0.026833631098270416,0.029999999329447746,0.1088000014424324
YLR314C,YMR051C,0,-3.3183813,0.026809651404619217,0.029999999329447746,0.10890000313520432
YDR418W,YGL014W,0,-3.3186553,0.02678571455180645,0.029999999329447746,0.10899999737739563
YOL086C,YCL020W,0,-3.318699,0.026761820539832115,0.029999999329447746,0.10909999907016754
YFL014W,YBR004C,0,-3.3190527,0.026737967506051064,0.029999999329447746,0.10920000076293945
YJL156C,YFR053C,0,-3.319277,0.026714159175753593,0.029999999329447746,0.10930000245571136
YOR031W,YEL041W,0,-3.3197577,0.026690391823649406,0.029999999329447746,0.10939999669790268
YDR283C,YCR034W,0,-3.3198938,0.02666666731238365,0.029999999329447746,0.10949999839067459
YFR052W,YOR356W,0,-3.319976,0.02664298377931118,0.029999999329447746,0.1096000000834465
YGL226C-A,YDR120C,0,-3.3203418,0.02661934308707714,0.029999999329447746,0.10970000177621841
YAR002C-A,YGR158C,0,-3.3234203,0.026595745235681534,0.029999999329447746,0.10980000346899033
YOL158C,YLR130C,1,-3.3235116,0.02745792828500271,0.03099999949336052,0.10980000346899033
YPR078C,YOR295W,0,-3.3238351,0.02743362821638584,0.03099999949336052,0.10989999771118164
YDL108W,YIL017C,0,-3.3249187,0.027409372851252556,0.03099999949336052,0.10999999940395355
YHR161C,YNL078W,0,-3.3253996,0.027385158464312553,0.03099999949336052,0.11010000109672546
YLR157C,YHR006W,0,-3.3257759,0.027360988780856133,0.03099999949336052,0.11020000278949738
YDR329C,YGR080W,0,-3.3275301,0.027336860075592995,0.03099999949336052,0.11029999703168869
YER125W,YML091C,0,-3.3285224,0.02731277607381344,0.03099999949336052,0.1103999987244606
YDR346C,YKR086W,0,-3.3287632,0.027288733050227165,0.03099999949336052,0.11050000041723251
YDL227C,YOR067C,0,-3.3300292,0.027264731004834175,0.03099999949336052,0.11060000211000443
YPL265W,YKL085W,0,-3.3308628,0.027240773662924767,0.03099999949336052,0.11069999635219574
YGR157W,YLR386W,0,-3.3331566,0.02721685729920864,0.03099999949336052,0.11079999804496765
YIL030C,YCR005C,0,-3.3333428,0.0271929819136858,0.03099999949336052,0.11089999973773956
YJR137C,YPL147W,0,-3.3340538,0.02716914936900139,0.03099999949336052,0.11100000143051147
YOL023W,YPR191W,0,-3.334925,0.02714535966515541,0.03099999949336052,0.11110000312328339
YOR036W,YBR020W,0,-3.3361337,0.027121609076857567,0.03099999949336052,0.1111999973654747
YNL262W,YPL041C,0,-3.3369648,0.027097901329398155,0.03099999949336052,0.11129999905824661
YOR007C,YPR078C,0,-3.3379872,0.027074236422777176,0.03099999949336052,0.11140000075101852
YEL069C,YLR324W,0,-3.338681,0.02705061063170433,0.03099999949336052,0.11150000244379044
YGR091W,YGR284C,0,-3.338815,0.027027027681469917,0.03099999949336052,0.11159999668598175
YFL014W,YOR130C,0,-3.3393118,0.027003483846783638,0.03099999949336052,0.11169999837875366
YLR084C,YCL074W,0,-3.340071,0.02697998285293579,0.03099999949336052,0.11180000007152557
YBR247C,YNL213C,0,-3.3404033,0.026956520974636078,0.03099999949336052,0.11190000176429749
YIL129C,YMR128W,0,-3.341941,0.026933101937174797,0.03099999949336052,0.1120000034570694
YBR294W,YNL055C,1,-3.3429117,0.02777777798473835,0.03200000151991844,0.1120000034570694
YBR223C,YLR224W,0,-3.3445394,0.027753686532378197,0.03200000151991844,0.11209999769926071
YDL014W,YGL232W,0,-3.3447092,0.027729636058211327,0.03200000151991844,0.11219999939203262
YDR450W,YIL167W,0,-3.3451195,0.02770562842488289,0.03200000151991844,0.11230000108480453
YCL074W,YDR150W,0,-3.3455756,0.027681661769747734,0.03200000151991844,0.11240000277757645
YGL045W,YCL074W,0,-3.3464382,0.027657736092805862,0.03200000151991844,0.11249999701976776
YML093W,YGR122W,0,-3.346664,0.027633851394057274,0.03200000151991844,0.11259999871253967
YLR321C,YKR086W,0,-3.3471878,0.027610009536147118,0.03200000151991844,0.11270000040531158
YGR008C,YPR138C,1,-3.3485281,0.028448276221752167,0.032999999821186066,0.11270000040531158
YNR046W,YCL020W,0,-3.348714,0.028423773124814034,0.032999999821186066,0.1128000020980835
YNL078W,YDR517W,0,-3.3489087,0.028399311006069183,0.032999999821186066,0.11289999634027481
YOR123C,YLL012W,0,-3.3507526,0.028374891728162766,0.032999999821186066,0.11299999803304672
YBR284W,YNL078W,0,-3.351219,0.02835051529109478,0.032999999821186066,0.11309999972581863
YDR412W,YJR026W,0,-3.3523858,0.028326179832220078,0.032999999821186066,0.11320000141859055
YCR026C,YCL040W,0,-3.353784,0.028301887214183807,0.032999999821186066,0.11330000311136246
YDR283C,YGR123C,0,-3.3544219,0.02827763557434082,0.032999999821186066,0.11339999735355377
YER045C,YER173W,0,-3.354473,0.028253424912691116,0.032999999821186066,0.11349999904632568
YPL175W,YDR306C,0,-3.3545344,0.028229255229234695,0.032999999821186066,0.1136000007390976
YDR131C,YLR192C,0,-3.354926,0.028205128386616707,0.032999999821186066,0.1137000024318695
YPR009W,YER062C,0,-3.3555124,0.028181042522192,0.032999999821186066,0.11379999667406082
YKL070W,YOR110W,0,-3.3556612,0.02815699577331543,0.032999999821186066,0.11389999836683273
YOR362C,YCL020W,0,-3.356054,0.02813299186527729,0.032999999821186066,0.11400000005960464
YJL122W,YDR363W-A,0,-3.3576186,0.028109028935432434,0.032999999821186066,0.11410000175237656
YER087C-A,YMR161W,0,-3.357816,0.02808510698378086,0.032999999821186066,0.11420000344514847
YLR092W,YPR201W,1,-3.3578365,0.028911564499139786,0.03400000184774399,0.11420000344514847
YER172C,YOR224C,0,-3.3610032,0.028886999934911728,0.03400000184774399,0.11429999768733978
YOR322C,YDL109C,0,-3.3610845,0.028862478211522102,0.03400000184774399,0.1143999993801117
YIR006C,YOR182C,0,-3.3611333,0.02883799746632576,0.03400000184774399,0.1145000010728836
YIL046W,YPL021W,0,-3.3624127,0.02881355956196785,0.03400000184774399,0.11460000276565552
YLL016W,YPL006W,0,-3.362845,0.028789162635803223,0.03400000184774399,0.11469999700784683
YPL275W,YAL011W,0,-3.3634217,0.02876480482518673,0.03400000184774399,0.11479999870061874
YFL057C,YPL001W,0,-3.363685,0.02874048985540867,0.03400000184774399,0.11490000039339066
YNL153C,YHL012W,0,-3.3638813,0.02871621586382389,0.03400000184774399,0.11500000208616257
YIL117C,YLR132C,0,-3.3642058,0.028691982850432396,0.03400000184774399,0.11509999632835388
YLR126C,YGR156W,0,-3.3646047,0.028667790815234184,0.03400000184774399,0.1151999980211258
YIL018W,YJL025W,0,-3.3656285,0.028643639758229256,0.03400000184774399,0.1152999997138977
YKR054C,YOR340C,0,-3.3661005,0.02861952781677246,0.03400000184774399,0.11540000140666962
YNR074C,YER165W,0,-3.3663654,0.0285954587161541,0.03400000184774399,0.11550000309944153
YNL094W,YPL170W,0,-3.3667495,0.02857142873108387,0.03400000184774399,0.11559999734163284
YML099C,YER087C-A,0,-3.3667734,0.028547439724206924,0.03400000184774399,0.11569999903440475
YPL151C,YOR341W,0,-3.3669918,0.028523489832878113,0.03400000184774399,0.11580000072717667
YJL168C,YAR010C,0,-3.3671598,0.028499580919742584,0.03400000184774399,0.11590000241994858
YGR192C,YFR040W,0,-3.367511,0.02847571112215519,0.03400000184774399,0.11599999666213989
YHR065C,YLR132C,0,-3.3677573,0.028451882302761078,0.03400000184774399,0.1160999983549118
YNL075W,YDR146C,0,-3.3681219,0.02842809446156025,0.03400000184774399,0.11620000004768372
YOR237W,YPL100W,0,-3.3684542,0.028404343873262405,0.03400000184774399,0.11630000174045563
YGR111W,YDL060W,0,-3.3685586,0.028380634263157845,0.03400000184774399,0.11640000343322754
YHR119W,YPL041C,0,-3.3686173,0.028356963768601418,0.03400000184774399,0.11649999767541885
YHR196W,YDR147W,0,-3.3697102,0.028333334252238274,0.03400000184774399,0.11659999936819077
YOR039W,YKL088W,0,-3.3704994,0.028309741988778114,0.03400000184774399,0.11670000106096268
YJL116C,YBR126C,0,-3.3718064,0.02828618884086609,0.03400000184774399,0.11680000275373459
YPL060W,YDR040C,1,-3.3723915,0.02909393236041069,0.03500000014901161,0.11680000275373459
YIR012W,YNL278W,0,-3.373089,0.029069768264889717,0.03500000014901161,0.1168999969959259
YOR287C,YNL330C,0,-3.3734415,0.029045643284916878,0.03500000014901161,0.11699999868869781
YCL005W-A,YDR265W,0,-3.3735385,0.02902155928313732,0.03500000014901161,0.11710000038146973
YHR160C,YIL036W,0,-3.3735783,0.0289975143969059,0.03500000014901161,0.11720000207424164
YMR234W,YLL017W,0,-3.3741047,0.02897351048886776,0.03500000014901161,0.11729999631643295
YJL019W,YHL012W,0,-3.374569,0.028949545696377754,0.03500000014901161,0.11739999800920486
YDR057W,YGR088W,0,-3.374754,0.028925620019435883,0.03500000014901161,0.11749999970197678
YNL256W,YHR072W-A,0,-3.3748245,0.028901733458042145,0.03500000014901161,0.11760000139474869
YNR064C,YAL009W,0,-3.3757765,0.02887788787484169,0.03500000014901161,0.1177000030875206
YLR167W,YER127W,0,-3.3765576,0.02885408140718937,0.03500000014901161,0.11779999732971191
YGR289C,YEL041W,0,-3.3784697,0.028830312192440033,0.03500000014901161,0.11789999902248383
YGR169C,YJL031C,0,-3.3791966,0.02880658395588398,0.03500000014901161,0.11800000071525574
YPR201W,YLL015W,1,-3.3804533,0.029605263844132423,0.035999998450279236,0.11800000071525574
YPL128C,YNL213C,0,-3.3810728,0.029580935835838318,0.035999998450279236,0.11810000240802765
YIL066C,YMR164C,0,-3.381282,0.029556650668382645,0.035999998450279236,0.11819999665021896
YLR332W,YPL256C,0,-3.3814576,0.029532402753829956,0.035999998450279236,0.11829999834299088
YIL080W,YNL167C,0,-3.382423,0.02950819581747055,0.035999998450279236,0.11840000003576279
YDR018C,YPR083W,0,-3.3826363,0.029484029859304428,0.035999998450279236,0.1185000017285347
YGL039W,YLR051C,0,-3.3832767,0.02945990115404129,0.035999998450279236,0.11860000342130661
YPR029C,YKR095W-A,0,-3.3839464,0.029435813426971436,0.035999998450279236,0.11869999766349792
YPL209C,YBL051C,0,-3.3840454,0.029411764815449715,0.035999998450279236,0.11879999935626984
YDL130W-A,YJR121W,1,-3.3843265,0.030204081907868385,0.03700000047683716,0.11879999935626984
YER022W,YKL082C,0,-3.3843896,0.030179444700479507,0.03700000047683716,0.11890000104904175
YIL082W-A,YDL175C,0,-3.3849134,0.030154848471283913,0.03700000047683716,0.11900000274181366
YOR377W,YDL243C,0,-3.3851123,0.0301302932202816,0.03700000047683716,0.11909999698400497
YER042W,YPR154W,0,-3.3853457,0.030105777084827423,0.03700000047683716,0.11919999867677689
YKL011C,YHR016C,0,-3.3854864,0.03008130006492138,0.03700000047683716,0.1193000003695488
YKL073W,YBL005W-A,0,-3.3855174,0.030056864023208618,0.03700000047683716,0.11940000206232071
YHR160C,YLR158C,0,-3.38607,0.03003246709704399,0.03700000047683716,0.11949999630451202
YPL190C,YMR051C,0,-3.3865726,0.030008111149072647,0.03700000047683716,0.11959999799728394
YML058W-A,YHR043C,0,-3.3867042,0.029983792454004288,0.03700000047683716,0.11969999969005585
YCL039W,YIR013C,0,-3.3870072,0.02995951473712921,0.03700000047683716,0.11980000138282776
YDL130W-A,YDR298C,1,-3.387127,0.030744336545467377,0.03799999877810478,0.11980000138282776
YBL106C,YPR137W,0,-3.388003,0.030719483271241188,0.03799999877810478,0.11990000307559967
YGR005C,YDR259C,0,-3.38851,0.030694669112563133,0.03799999877810478,0.11999999731779099
YDL149W,YLR288C,0,-3.3887067,0.03066989593207836,0.03799999877810478,0.1200999990105629
YNL059C,YAL040C,0,-3.3898299,0.030645161867141724,0.03799999877810478,0.12020000070333481
YDR039C,YOR381W,1,-3.3900309,0.03142626956105232,0.039000000804662704,0.12020000070333481
YLL012W,YLR158C,0,-3.3906786,0.03140096738934517,0.039000000804662704,0.12030000239610672
YHR001W,YFL011W,0,-3.3915913,0.031375702470541,0.039000000804662704,0.12039999663829803
YFL050C,YDR038C,1,-3.3916943,0.03215434029698372,0.03999999910593033,0.12039999663829803
YBR167C,YNR032C-A,0,-3.3916986,0.03212851285934448,0.03999999910593033,0.12049999833106995
YDR138W,YPL283C,0,-3.3919258,0.03210273012518883,0.03999999910593033,0.12060000002384186
YJR132W,YGL240W,0,-3.392388,0.03207698464393616,0.03999999910593033,0.12070000171661377
YGR195W,YKL088W,0,-3.3942459,0.03205128386616707,0.03999999910593033,0.12080000340938568
YDL130W-A,YBR296C,1,-3.3943064,0.0328262597322464,0.04100000113248825,0.12080000340938568
YOR120W,YGR082W,0,-3.394585,0.03280000016093254,0.04100000113248825,0.120899997651577
YLR397C,YDR131C,0,-3.394664,0.032773781567811966,0.04100000113248825,0.12099999934434891
YBR260C,YLR433C,0,-3.394785,0.032747603952884674,0.04100000113248825,0.12110000103712082
YDL170W,YDL229W,0,-3.3951914,0.032721467316150665,0.04100000113248825,0.12120000272989273
YLR350W,YCL026C-A,0,-3.3958972,0.03269537538290024,0.04100000113248825,0.12129999697208405
YGL122C,YBR058C-A,0,-3.396083,0.032669324427843094,0.04100000113248825,0.12139999866485596
YOR033C,YGL001C,0,-3.3969443,0.032643310725688934,0.04100000113248825,0.12150000035762787
YGR141W,YFR053C,0,-3.3973873,0.032617341727018356,0.04100000113248825,0.12160000205039978
YDR412W,YAL068C,0,-3.397618,0.03259141370654106,0.04100000113248825,0.1216999962925911
YGR054W,YKL195W,0,-3.3978865,0.03256552666425705,0.04100000113248825,0.121799997985363
YOR018W,YKL088W,0,-3.3994286,0.03253968432545662,0.04100000113248825,0.12189999967813492
YGL226C-A,YLL021W,0,-3.4002848,0.032513879239559174,0.04100000113248825,0.12200000137090683
YMR288W,YLR346C,0,-3.400584,0.03248811513185501,0.04100000113248825,0.12210000306367874
YJL114W,YGR007W,0,-3.403023,0.03246239200234413,0.04100000113248825,0.12219999730587006
YOR340C,YIR022W,0,-3.4031336,0.032436709851026535,0.04100000113248825,0.12229999899864197
YNL059C,YLR039C,0,-3.4041967,0.03241106867790222,0.04100000113248825,0.12240000069141388
YNL214W,YPL026C,0,-3.4044402,0.03238546475768089,0.04100000113248825,0.12250000238418579
YLL056C,YLR291C,0,-3.4046652,0.032359905540943146,0.04100000113248825,0.1225999966263771
YMR288W,YGL039W,0,-3.4050426,0.03233438357710838,0.04100000113248825,0.12269999831914902
YML103C,YGR161C,0,-3.4058368,0.0323089063167572,0.04100000113248825,0.12280000001192093
YHR005C-A,YDR503C,0,-3.4070442,0.032283466309309006,0.04100000113248825,0.12290000170469284
YHR170W,YLR313C,0,-3.4071882,0.032258063554763794,0.04100000113248825,0.12300000339746475
YOR329C,YNR075W,0,-3.407311,0.032232705503702164,0.04100000113248825,0.12309999763965607
YKL075C,YOR221C,0,-3.407648,0.03220738470554352,0.04100000113248825,0.12319999933242798
YGL166W,YDR131C,0,-3.4079518,0.032182104885578156,0.04100000113248825,0.12330000102519989
YOL034W,YHR169W,0,-3.408214,0.03215686231851578,0.04100000113248825,0.1234000027179718
YJL045W,YER062C,0,-3.4085965,0.03213166072964668,0.04100000113248825,0.12349999696016312
YML126C,YML132W,0,-3.4085968,0.03210650011897087,0.04100000113248825,0.12359999865293503
YHR015W,YFL059W,0,-3.4088187,0.032081376761198044,0.04100000113248825,0.12370000034570694
YHR123W,YDL160C,0,-3.4097273,0.0320562943816185,0.04100000113248825,0.12380000203847885
YDR263C,YPR200C,0,-3.4097874,0.03203124925494194,0.04100000113248825,0.12389999628067017
YKR067W,YML045W,0,-3.4100018,0.032006245106458664,0.04100000113248825,0.12399999797344208
YOR355W,YCR028C-A,0,-3.4107974,0.03198127821087837,0.04100000113248825,0.12409999966621399
YCR089W,YOR208W,0,-3.4108975,0.031956352293491364,0.04100000113248825,0.1242000013589859
YDR120C,YJR055W,0,-3.4114914,0.03193146362900734,0.04100000113248825,0.12430000305175781
YDR270W,YPR020W,1,-3.4133203,0.032684825360774994,0.041999999433755875,0.12430000305175781
YGR054W,YCL074W,0,-3.4135237,0.03265940770506859,0.041999999433755875,0.12439999729394913
YOR142W,YNL045W,0,-3.4138281,0.032634031027555466,0.041999999433755875,0.12449999898672104
YMR188C,YKL038W,0,-3.4163492,0.032608695328235626,0.041999999433755875,0.12460000067949295
YIL106W,YHR020W,0,-3.4171517,0.03258339688181877,0.041999999433755875,0.12470000237226486
YGL181W,YBR183W,0,-3.41867,0.0325581394135952,0.041999999433755875,0.12479999661445618
YBR210W,YBR284W,0,-3.4193404,0.03253291919827461,0.041999999433755875,0.12489999830722809
YGR088W,YML110C,0,-3.4201217,0.03250773996114731,0.041999999433755875,0.125
YGR192C,YKL178C,0,-3.420374,0.03248259797692299,0.041999999433755875,0.1251000016927719
YAL040C,YCL040W,0,-3.4208896,0.03245749697089195,0.041999999433755875,0.12520000338554382
YCL024W,YDR343C,0,-3.4221485,0.0324324332177639,0.041999999433755875,0.12530000507831573
YDR135C,YOL101C,0,-3.4226758,0.032407406717538834,0.041999999433755875,0.12540000677108765
YOR130C,YNR032C-A,0,-3.4231708,0.03238242119550705,0.041999999433755875,0.12549999356269836
YMR273C,YPL096C-A,0,-3.4235823,0.03235747292637825,0.041999999433755875,0.12559999525547028
YGR296W,YBR236C,0,-3.4247396,0.032332561910152435,0.041999999433755875,0.1256999969482422
YFR027W,YHR053C,0,-3.4259584,0.032307691872119904,0.041999999433755875,0.1257999986410141
YDR434W,YDR131C,0,-3.4267428,0.032282859086990356,0.041999999433755875,0.125900000333786
YPR191W,YJR156C,0,-3.427019,0.032258063554763794,0.041999999433755875,0.12600000202655792
YGR171C,YMR109W,0,-3.4283812,0.032233309000730515,0.041999999433755875,0.12610000371932983
YFL050C,YGL255W,1,-3.428593,0.0329754613339901,0.0430000014603138,0.12610000371932983
YKR083C,YPL170W,0,-3.4295278,0.03295019268989563,0.0430000014603138,0.12620000541210175
YOR180C,YBL005W-A,0,-3.4296172,0.03292496129870415,0.0430000014603138,0.12630000710487366
YGR132C,YCL074W,0,-3.4299295,0.03289977088570595,0.0430000014603138,0.12639999389648438
YMR238W,YOL117W,0,-3.4299366,0.03287461772561073,0.0430000014603138,0.1264999955892563
YGL116W,YPL188W,0,-3.4302185,0.0328495018184185,0.0430000014603138,0.1265999972820282
YJL056C,YGR070W,0,-3.4309309,0.032824426889419556,0.0430000014603138,0.1266999989748001
YDL083C,YLR363C,0,-3.4323146,0.03279938921332359,0.0430000014603138,0.12680000066757202
YKL052C,YFL011W,0,-3.4324322,0.032774388790130615,0.0430000014603138,0.12690000236034393
YPL268W,YGL183C,0,-3.4332585,0.03274942934513092,0.0430000014603138,0.12700000405311584
YOR298C-A,YER019W,0,-3.433796,0.03272450715303421,0.0430000014603138,0.12710000574588776
YKL172W,YBR038W,0,-3.4338355,0.032699618488550186,0.0430000014603138,0.12720000743865967
YIL070C,YPL256C,0,-3.4346414,0.032674770802259445,0.0430000014603138,0.12729999423027039
YNL323W,YPR010C,0,-3.434882,0.03264996036887169,0.0430000014603138,0.1273999959230423
YGL093W,YLR132C,0,-3.4350107,0.032625190913677216,0.0430000014603138,0.1274999976158142
YDL024C,YJR009C,0,-3.436116,0.03260045498609543,0.0430000014603138,0.12759999930858612
YBL039C,YPL011C,0,-3.43616,0.032575756311416626,0.0430000014603138,0.12770000100135803
YNL327W,YLR291C,0,-3.4363945,0.03255109861493111,0.0430000014603138,0.12780000269412994
YDR343C,YOR356W,0,-3.4371312,0.03252647444605827,0.0430000014603138,0.12790000438690186
YCR086W,YLR324W,0,-3.439184,0.03250189125537872,0.0430000014603138,0.12800000607967377
YGL037C,YPL021W,0,-3.4401643,0.03247734159231186,0.0430000014603138,0.12809999287128448
YKR037C,YDR306C,0,-3.4405143,0.03245282918214798,0.0430000014603138,0.1281999945640564
YFL058W,YPR119W,0,-3.441119,0.03242835775017738,0.0430000014603138,0.1282999962568283
YIL129C,YFR013W,0,-3.4426982,0.03240391984581947,0.0430000014603138,0.12839999794960022
YPR200C,YLR133W,0,-3.4429476,0.03237951919436455,0.0430000014603138,0.12849999964237213
YER045C,YKR027W,0,-3.4435256,0.03235515579581261,0.0430000014603138,0.12860000133514404
YDR273W,YGR186W,0,-3.443786,0.03233082592487335,0.0430000014603138,0.12870000302791595
YCR092C,YKR081C,0,-3.44391,0.03230653703212738,0.0430000014603138,0.12880000472068787
YFL018W-A,YLR361C,0,-3.4440713,0.032282281666994095,0.0430000014603138,0.12890000641345978
YPL058C,YLR442C,0,-3.4444396,0.032258063554763794,0.0430000014603138,0.1289999932050705
YDR086C,YAR010C,0,-3.444712,0.03223388269543648,0.0430000014603138,0.1290999948978424
YIL129C,YML058W-A,0,-3.446178,0.032209739089012146,0.0430000014603138,0.12919999659061432
YNL112W,YCL066W,0,-3.4463744,0.0321856290102005,0.0430000014603138,0.12929999828338623
YLR134W,YPL093W,0,-3.4465024,0.03216155618429184,0.0430000014603138,0.12939999997615814
YLR157C,YNL302C,0,-3.4467974,0.032137516885995865,0.0430000014603138,0.12950000166893005
YJR084W,YJL058C,0,-3.446917,0.03211351856589317,0.0430000014603138,0.12960000336170197
YKR076W,YBR240C,0,-3.447048,0.03208955377340317,0.0430000014603138,0.12970000505447388
YMR055C,YOL151W,0,-3.447589,0.03206562250852585,0.0430000014603138,0.1298000067472458
YOR137C,YEL027W,1,-3.4486995,0.032786883413791656,0.04399999976158142,0.1298000067472458
YCR073C,YPR128C,0,-3.4493515,0.032762471586465836,0.04399999976158142,0.1298999935388565
YLR411W,YLR130C,1,-3.4493935,0.0334821417927742,0.04500000178813934,0.1298999935388565
YDR270W,YKL016C,1,-3.450402,0.03420074284076691,0.04600000008940697,0.1298999935388565
YGR169C,YDL052C,0,-3.4509676,0.0341753326356411,0.04600000008940697,0.12999999523162842
YDR443C,YBR284W,0,-3.452316,0.03414996340870857,0.04600000008940697,0.13009999692440033
YCL044C,YOR356W,0,-3.452397,0.03412462770938873,0.04600000008940697,0.13019999861717224
YJR070C,YNR030W,0,-3.4539354,0.034099332988262177,0.04600000008940697,0.13030000030994415
YLR138W,YHR075C,0,-3.4540954,0.034074075520038605,0.04600000008940697,0.13040000200271606
YER151C,YMR312W,0,-3.455204,0.03404885157942772,0.04600000008940697,0.13050000369548798
YGR113W,YNL112W,0,-3.4552555,0.03402366861701012,0.04600000008940697,0.1306000053882599
YPL275W,YCR057C,0,-3.4555664,0.0339985229074955,0.04600000008940697,0.1307000070810318
YCR020W-B,YBR183W,0,-3.4564118,0.03397341072559357,0.04600000008940697,0.13079999387264252
YLR424W,YOR297C,0,-3.457107,0.03394833952188492,0.04600000008940697,0.13089999556541443
YMR055C,YKL088W,0,-3.4575698,0.033923305571079254,0.04600000008940697,0.13099999725818634
YGL089C,YGL014W,0,-3.457864,0.033898305147886276,0.04600000008940697,0.13109999895095825
YBL013W,YNL302C,0,-3.4586437,0.03387334197759628,0.04600000008940697,0.13120000064373016
YBR058C-A,YHR081W,0,-3.4586775,0.03384841978549957,0.04600000008940697,0.13130000233650208
YBR069C,YGL094C,0,-3.458868,0.03382353112101555,0.04600000008940697,0.131400004029274
YDR194C,YPR119W,0,-3.4591029,0.03379867598414421,0.04600000008940697,0.1315000057220459
YOR267C,YOL095C,0,-3.459894,0.033773861825466156,0.04600000008940697,0.1316000074148178
YGL073W,YGR111W,0,-3.4608862,0.03374908119440079,0.04600000008940697,0.13169999420642853
YER045C,YIL117C,0,-3.4616904,0.0337243415415287,0.04600000008940697,0.13179999589920044
YBR121C,YPR125W,0,-3.4624672,0.0336996354162693,0.04600000008940697,0.13189999759197235
YER045C,YBR093C,0,-3.4625123,0.03367496281862259,0.04600000008940697,0.13199999928474426
YJR121W,YOR137C,1,-3.4627907,0.03438185900449753,0.04699999839067459,0.13199999928474426
YBR145W,YBR112C,0,-3.4644845,0.034356724470853806,0.04699999839067459,0.13210000097751617
YGL116W,YOR056C,0,-3.467275,0.03433162719011307,0.04699999839067459,0.13220000267028809
YJR156C,YBR233W-A,0,-3.4675753,0.03430657088756561,0.04699999839067459,0.13230000436306
YFR053C,YFL039C,0,-3.4679377,0.034281548112630844,0.04699999839067459,0.1324000060558319
YKR079C,YFL017W-A,0,-3.4688442,0.03425655886530876,0.04699999839067459,0.13249999284744263
YNL016W,YOR049C,0,-3.4688742,0.03423161059617996,0.04699999839067459,0.13259999454021454
YPR138C,YDR298C,1,-3.4693058,0.034934498369693756,0.04800000041723251,0.13259999454021454
YDR422C,YJL122W,0,-3.4693573,0.034909091889858246,0.04800000041723251,0.13269999623298645
YJR141W,YLR193C,0,-3.4694538,0.03488372266292572,0.04800000041723251,0.13279999792575836
YMR081C,YER087C-A,0,-3.4695473,0.03485838696360588,0.04800000041723251,0.13289999961853027
YMR260C,YNR030W,0,-3.4697332,0.034833092242479324,0.04800000041723251,0.13300000131130219
YHR164C,YJL059W,0,-3.469846,0.034807831048965454,0.04800000041723251,0.1331000030040741
YNL015W,YGR251W,0,-3.4698942,0.03478260710835457,0.04800000041723251,0.133200004696846
YCR028C-A,YCR035C,0,-3.4699259,0.03475742042064667,0.04800000041723251,0.13330000638961792
YEL062W,YER178W,0,-3.4700048,0.03473227098584175,0.04800000041723251,0.13339999318122864
YDR343C,YJR022W,0,-3.470171,0.03470715880393982,0.04800000041723251,0.13349999487400055
YHR203C,YOR060C,0,-3.4702675,0.034682080149650574,0.04800000041723251,0.13359999656677246
YMR250W,YHR115C,0,-3.4711933,0.03465703874826431,0.04800000041723251,0.13369999825954437
YLR126C,YML052W,0,-3.4721534,0.034632034599781036,0.04800000041723251,0.13379999995231628
YBR296C,YOR381W,1,-3.4722488,0.03532804548740387,0.04899999871850014,0.13379999995231628
YGL212W,YBR083W,0,-3.4724944,0.03530259430408478,0.04899999871850014,0.1339000016450882
YCR086W,YLR238W,0,-3.4725385,0.03527717664837837,0.04899999871850014,0.1340000033378601
YNL075W,YPL276W,0,-3.4728436,0.03525179997086525,0.04899999871850014,0.13410000503063202
YER042W,YJR027W,0,-3.4729478,0.03522645682096481,0.04899999871850014,0.13420000672340393
YER103W,YNL236W,0,-3.4732761,0.03520115092396736,0.04899999871850014,0.13429999351501465
YKL220C,YGL255W,1,-3.47372,0.0358937531709671,0.05000000074505806,0.13429999351501465
YDR283C,YOR110W,0,-3.473737,0.03586800396442413,0.05000000074505806,0.13439999520778656
YGR281W,YJL106W,0,-3.4737551,0.03584229573607445,0.05000000074505806,0.13449999690055847
YIL023C,YGR008C,1,-3.4740546,0.03653294965624809,0.050999999046325684,0.13449999690055847
YML085C,YLL008W,0,-3.4760137,0.03650680184364319,0.050999999046325684,0.13459999859333038
YOR185C,YCR005C,0,-3.4764764,0.03648068755865097,0.050999999046325684,0.1347000002861023
YJL145W,YPL283C,0,-3.4770234,0.03645461052656174,0.050999999046325684,0.1348000019788742
YMR208W,YHR094C,0,-3.4774096,0.03642857074737549,0.050999999046325684,0.13490000367164612
YGR088W,YBR223C,0,-3.4783194,0.036402568221092224,0.050999999046325684,0.13500000536441803
YDR040C,YLL015W,1,-3.478513,0.03708987310528755,0.052000001072883606,0.13500000536441803
YGR111W,YER165W,0,-3.4789822,0.03706343472003937,0.052000001072883606,0.13510000705718994
YLR295C,YNR002C,1,-3.480211,0.037749286741018295,0.05299999937415123,0.13510000705718994
YNL318C,YGR128C,0,-3.4815416,0.03772241994738579,0.05299999937415123,0.13519999384880066
YCR098C,YGL006W,1,-3.4818702,0.03840682655572891,0.05400000140070915,0.13519999384880066
YNL213C,YOR140W,0,-3.4822443,0.03837953135371208,0.05400000140070915,0.13529999554157257
YDL074C,YJR141W,0,-3.483402,0.038352273404598236,0.05400000140070915,0.13539999723434448
YMR283C,YNR049C,0,-3.484039,0.038325052708387375,0.05400000140070915,0.1354999989271164
YER020W,YJR160C,0,-3.4841626,0.0382978729903698,0.05400000140070915,0.1356000006198883
YDR244W,YNL261W,0,-3.4842002,0.0382707305252552,0.05400000140070915,0.13570000231266022
YEL069C,YDL153C,0,-3.4849465,0.038243625313043594,0.05400000140070915,0.13580000400543213
YGR088W,YDR227W,0,-3.4853253,0.03821656107902527,0.05400000140070915,0.13590000569820404
YOL077W-A,YDR038C,1,-3.4855254,0.038896746933460236,0.054999999701976776,0.13590000569820404
YKL086W,YGR163W,0,-3.485979,0.038869258016347885,0.054999999701976776,0.13600000739097595
YLR008C,YBR038W,0,-3.486232,0.03884180635213852,0.054999999701976776,0.13609999418258667
YLR346C,YPL083C,0,-3.4863484,0.038814395666122437,0.054999999701976776,0.13619999587535858
YOL142W,YBR244W,0,-3.4881463,0.03878702223300934,0.054999999701976776,0.1362999975681305
YBR284W,YHR039C,0,-3.488271,0.03875968977808952,0.054999999701976776,0.1363999992609024
YOL043C,YOR185C,0,-3.4889226,0.03873239457607269,0.054999999701976776,0.13650000095367432
YJR150C,YPL110C,0,-3.4890933,0.03870513662695885,0.054999999701976776,0.13660000264644623
YLR346C,YHR026W,0,-3.4896271,0.038677919656038284,0.054999999701976776,0.13670000433921814
YKR081C,YBR112C,0,-3.4896579,0.03865073621273041,0.054999999701976776,0.13680000603199005
YPL265W,YGR206W,0,-3.4902303,0.038623593747615814,0.054999999701976776,0.13689999282360077
YLR003C,YAL032C,0,-3.490251,0.038596492260694504,0.054999999701976776,0.13699999451637268
YER082C,YML075C,0,-3.4904664,0.03856942430138588,0.054999999701976776,0.1370999962091446
YKL075C,YPL015C,0,-3.4907258,0.03854239732027054,0.054999999701976776,0.1371999979019165
YOR144C,YBR010W,0,-3.4913046,0.03851540759205818,0.054999999701976776,0.13729999959468842
YIR041W,YPL147W,0,-3.4918025,0.03848845511674881,0.054999999701976776,0.13740000128746033
YLR186W,YBR038W,0,-3.492256,0.03846153989434242,0.054999999701976776,0.13750000298023224
YNR064C,YMR218C,0,-3.4931307,0.03843466192483902,0.054999999701976776,0.13760000467300415
YDL058W,YAL068C,0,-3.4932525,0.0384078212082386,0.054999999701976776,0.13770000636577606
YMR113W,YER165W,0,-3.4934645,0.03838101774454117,0.054999999701976776,0.13779999315738678
YEL026W,YFR002W,0,-3.4936118,0.03835425525903702,0.054999999701976776,0.1378999948501587
YBL013W,YER044C-A,0,-3.493642,0.038327526301145554,0.054999999701976776,0.1379999965429306
YHR175W,YGL006W,1,-3.4940405,0.038997214287519455,0.0560000017285347,0.1379999965429306
YEL071W,YER006W,0,-3.4940617,0.03897007554769516,0.0560000017285347,0.13809999823570251
YHR160C,YOR329C,0,-3.4949486,0.03894297778606415,0.0560000017285347,0.13819999992847443
YLR157C,YJL219W,0,-3.496128,0.03891591355204582,0.0560000017285347,0.13830000162124634
YJR035W,YDR228C,0,-3.4962907,0.03888889029622078,0.0560000017285347,0.13840000331401825
YGL105W,YAL011W,0,-3.4970741,0.03886190056800842,0.0560000017285347,0.13850000500679016
YER143W,YDR079C-A,0,-3.4975793,0.03883495181798935,0.0560000017285347,0.13860000669956207
YBR039W,YPR138C,1,-3.498995,0.039501041173934937,0.05700000002980232,0.13860000669956207
YKR037C,YER070W,0,-3.4990227,0.03947368264198303,0.05700000002980232,0.1386999934911728
YPL008W,YLL012W,0,-3.4991236,0.03944636508822441,0.05700000002980232,0.1387999951839447
YHR135C,YFR040W,0,-3.499219,0.03941908851265907,0.05700000002980232,0.1388999968767166
YLR051C,YPR189W,0,-3.4993567,0.03939184546470642,0.05700000002980232,0.13899999856948853
YBR278W,YFR030W,0,-3.4996693,0.039364639669656754,0.05700000002980232,0.13910000026226044
YMR250W,YJL165C,0,-3.4997685,0.03933747485280037,0.05700000002980232,0.13920000195503235
YEL065W,YLR130C,1,-3.5004165,0.03999999910593033,0.057999998331069946,0.13920000195503235
YDR270W,YHR175W,1,-3.5005157,0.04066161438822746,0.05900000035762787,0.13920000195503235
YDR247W,YJR120W,0,-3.5006487,0.040633607655763626,0.05900000035762787,0.13930000364780426
YDR398W,YCR020W-B,0,-3.5006773,0.04060564190149307,0.05900000035762787,0.13940000534057617
YMR068W,YLR451W,0,-3.501579,0.0405777171254158,0.05900000035762787,0.13950000703334808
YPL032C,YLL017W,0,-3.5017118,0.040549829602241516,0.05900000035762787,0.1395999938249588
YGR008C,YML121W,1,-3.5018704,0.041208792477846146,0.05999999865889549,0.1395999938249588
YLR264W,YGR181W,0,-3.502106,0.041180506348609924,0.05999999865889549,0.1396999955177307
YMR266W,YJL089W,0,-3.503012,0.041152264922857285,0.05999999865889549,0.13979999721050262
YDR343C,YAL020C,0,-3.50398,0.04112405702471733,0.05999999865889549,0.13989999890327454
YCL005W-A,YAL022C,0,-3.5047708,0.04109589010477066,0.05999999865889549,0.14000000059604645
YIL030C,YJL059W,0,-3.50481,0.041067760437726974,0.05999999865889549,0.14010000228881836
YPL123C,YPR046W,0,-3.5050356,0.04103967174887657,0.05999999865889549,0.14020000398159027
YNR064C,YOR340C,0,-3.5051138,0.04101162031292915,0.05999999865889549,0.14030000567436218
YOR168W,YDR393W,0,-3.5067697,0.04098360612988472,0.05999999865889549,0.1404000073671341
YIL018W,YNR056C,0,-3.5071454,0.04095563292503357,0.05999999865889549,0.1404999941587448
YHR158C,YLL034C,0,-3.5074613,0.040927693247795105,0.05999999865889549,0.14059999585151672
YCR073C,YJL059W,0,-3.5078657,0.040899794548749924,0.05999999865889549,0.14069999754428864
YEL053C,YJL167W,0,-3.5079424,0.04087193310260773,0.05999999865889549,0.14079999923706055
YPR144C,YMR210W,0,-3.5087512,0.040844112634658813,0.05999999865889549,0.14090000092983246
YDR138W,YNR067C,0,-3.5088756,0.040816325694322586,0.05999999865889549,0.14100000262260437
YDR320C-A,YOR340C,0,-3.5100336,0.04078857973217964,0.05999999865889549,0.14110000431537628
YJR112W,YNL310C,0,-3.5103388,0.04076087102293968,0.05999999865889549,0.1412000060081482
YGL028C,YPL160W,0,-3.5111573,0.04073319584131241,0.05999999865889549,0.1412999927997589
YJR110W,YPL096C-A,0,-3.511533,0.04070556163787842,0.05999999865889549,0.14139999449253082
YLR368W,YGL247W,0,-3.512008,0.04067796468734741,0.05999999865889549,0.14149999618530273
YDR283C,YFR002W,0,-3.512422,0.04065040498971939,0.05999999865889549,0.14159999787807465
YOR187W,YGR227W,0,-3.5125191,0.040622882544994354,0.05999999865889549,0.14169999957084656
YCR088W,YDR306C,0,-3.5135865,0.0405953973531723,0.05999999865889549,0.14180000126361847
YDR018C,YNL059C,0,-3.5152586,0.04056795313954353,0.05999999865889549,0.14190000295639038
YLR295C,YGR008C,1,-3.5183098,0.04121621698141098,0.061000000685453415,0.14190000295639038
YOR185C,YPL046C,0,-3.5190103,0.04118838533759117,0.061000000685453415,0.1420000046491623
YDL117W,YOR237W,0,-3.5193532,0.041160594671964645,0.061000000685453415,0.1421000063419342
YPL076W,YOR328W,0,-3.5195918,0.041132837533950806,0.061000000685453415,0.14219999313354492
YIR028W,YEL004W,0,-3.5196712,0.04110512137413025,0.061000000685453415,0.14229999482631683
YPL231W,YPR113W,0,-3.520193,0.04107744246721268,0.061000000685453415,0.14239999651908875
YGL240W,YDL007W,0,-3.5205982,0.04104979708790779,0.061000000685453415,0.14249999821186066
YJR141W,YLR081W,0,-3.5218842,0.04102219268679619,0.061000000685453415,0.14259999990463257
YGR216C,YBR233W-A,0,-3.5229006,0.04099462181329727,0.061000000685453415,0.14270000159740448
YJL114W,YKL007W,0,-3.5233307,0.04096709191799164,0.061000000685453415,0.1428000032901764
YMR266W,YOL031C,0,-3.5238092,0.04093959555029869,0.061000000685453415,0.1429000049829483
YIL097W,YJL045W,0,-3.524421,0.040912140160799026,0.061000000685453415,0.14300000667572021
YDL002C,YNL061W,0,-3.5251634,0.04088471829891205,0.061000000685453415,0.14309999346733093
YKL070W,YPL157W,0,-3.5253232,0.040857333689928055,0.061000000685453415,0.14319999516010284
YML011C,YML085C,0,-3.5256357,0.040829986333847046,0.061000000685453415,0.14329999685287476
YBL106C,YNL080C,0,-3.5258763,0.04080267623066902,0.061000000685453415,0.14339999854564667
YBR098W,YJL085W,0,-3.5261643,0.040775399655103683,0.061000000685453415,0.14350000023841858
YIR005W,YOR054C,0,-3.5265982,0.04074816405773163,0.061000000685453415,0.1436000019311905
YER087C-A,YCR035C,0,-3.5268025,0.04072096198797226,0.061000000685453415,0.1437000036239624
YIR013C,YPR009W,0,-3.5272398,0.040693797171115875,0.061000000685453415,0.14380000531673431
YLR398C,YNL112W,0,-3.527648,0.04066666588187218,0.061000000685453415,0.14390000700950623
YHR175W,YCR098C,1,-3.5284047,0.041305795311927795,0.06199999898672104,0.14390000700950623
YPL060W,YLR411W,1,-3.5288603,0.041944075375795364,0.06300000101327896,0.14390000700950623
YHR175W,YOL077W-A,1,-3.5289822,0.042581502348184586,0.06400000303983688,0.14390000700950623
YNR060W,YGR191W,1,-3.5291636,0.043218083679676056,0.06499999761581421,0.14390000700950623
YCR037C,YDR039C,1,-3.5291839,0.043853819370269775,0.06599999964237213,0.14390000700950623
YGR152C,YGL175C,0,-3.5299141,0.043824702501297,0.06599999964237213,0.14399999380111694
YEL037C,YLL056C,0,-3.5307677,0.043795619159936905,0.06599999964237213,0.14409999549388885
YHR055C,YKL025C,0,-3.5314448,0.043766576796770096,0.06599999964237213,0.14419999718666077
YGL006W,YLR411W,1,-3.532703,0.04440026357769966,0.06700000166893005,0.14419999718666077
YDR439W,YDR244W,0,-3.5330288,0.0443708598613739,0.06700000166893005,0.14429999887943268
YLR160C,YGL145W,0,-3.534138,0.044341497123241425,0.06700000166893005,0.1444000005722046
YDR004W,YAL034W-A,0,-3.5341861,0.044312167912721634,0.06700000166893005,0.1445000022649765
YOR033C,YMR069W,0,-3.534894,0.044282883405685425,0.06700000166893005,0.1446000039577484
YKL101W,YIL009W,0,-3.5350232,0.0442536324262619,0.06700000166893005,0.14470000565052032
YHL020C,YJL025W,0,-3.5357938,0.04422442242503166,0.06700000166893005,0.14480000734329224
YBL098W,YGR055W,0,-3.5383909,0.04419524967670441,0.06700000166893005,0.14489999413490295
YHL012W,YDR148C,0,-3.5385237,0.044166117906570435,0.06700000166893005,0.14499999582767487
YDL223C,YNL039W,0,-3.5386922,0.04413702338933945,0.06700000166893005,0.14509999752044678
YCL024W,YNR075W,0,-3.5392077,0.044107966125011444,0.06700000166893005,0.1451999992132187
YMR281W,YHR072W-A,0,-3.5414608,0.044078946113586426,0.06700000166893005,0.1453000009059906
YCR098C,YDR039C,1,-3.54198,0.04470742866396904,0.06800000369548798,0.1453000009059906
YGR257C,YGR008C,1,-3.5421462,0.045335084199905396,0.0689999982714653,0.1453000009059906
YJL072C,YOR078W,0,-3.5446484,0.045305319130420685,0.0689999982714653,0.1454000025987625
YPL124W,YIL053W,0,-3.54486,0.04527559131383896,0.0689999982714653,0.14550000429153442
YEL003W,YPR125W,0,-3.546728,0.04524590075016022,0.0689999982714653,0.14560000598430634
YML094W,YER044C-A,0,-3.5481868,0.04521625116467476,0.0689999982714653,0.14569999277591705
YDR322C-A,YNL055C,1,-3.5484364,0.0458415187895298,0.07000000029802322,0.14569999277591705
YOR130C,YEL057C,0,-3.548711,0.04581151902675629,0.07000000029802322,0.14579999446868896
YPL096C-A,YNL172W,0,-3.5495992,0.04578155651688576,0.07000000029802322,0.14589999616146088
YDR170W-A,YMR046C,0,-3.5496016,0.04575163498520851,0.07000000029802322,0.1459999978542328
YPR171W,YJL148W,0,-3.5497298,0.04572175070643425,0.07000000029802322,0.1460999995470047
YGL020C,YIL080W,0,-3.5503976,0.04569190740585327,0.07000000029802322,0.1462000012397766
YBR039W,YOR137C,1,-3.5514624,0.04631441459059715,0.07100000232458115,0.1462000012397766
YFL025C,YLR453C,0,-3.5515277,0.04628422483801842,0.07100000232458115,0.14630000293254852
YPR182W,YNL299W,0,-3.5520277,0.04625407233834267,0.07100000232458115,0.14640000462532043
YER159C,YHR124W,0,-3.5526342,0.0462239570915699,0.07100000232458115,0.14650000631809235
YDR228C,YIR005W,0,-3.5538843,0.04619388282299042,0.07100000232458115,0.14659999310970306
YNL241C,YIL155C,0,-3.5553555,0.04616384953260422,0.07100000232458115,0.14669999480247498
YMR308C,YDR301W,0,-3.5561764,0.046133853495121,0.07100000232458115,0.1467999964952469
YPL211W,YGR175C,0,-3.5561988,0.04610389471054077,0.07100000232458115,0.1468999981880188
YDR492W,YPL094C,0,-3.556917,0.046073976904153824,0.07100000232458115,0.1469999998807907
YHR119W,YMR015C,0,-3.5570672,0.04604410007596016,0.07100000232458115,0.14710000157356262
YJR060W,YJR022W,0,-3.557473,0.04601425677537918,0.07100000232458115,0.14720000326633453
YOL040C,YPL096C-A,0,-3.5577593,0.045984454452991486,0.07100000232458115,0.14730000495910645
YGL008C,YDR038C,1,-3.5582058,0.04660193994641304,0.07199999690055847,0.14730000495910645
YDR153C,YCL020W,0,-3.558604,0.046571798622608185,0.07199999690055847,0.14740000665187836
YGR056W,YBL013W,0,-3.5587928,0.046541694551706314,0.07199999690055847,0.14749999344348907
YER168C,YPR133W-A,0,-3.5588858,0.04651162773370743,0.07199999690055847,0.147599995136261
YNL259C,YLR092W,1,-3.5590475,0.04712717980146408,0.0729999989271164,0.147599995136261
YPR078C,YML077W,0,-3.5591238,0.047096773982048035,0.0729999989271164,0.1476999968290329
YLR301W,YLR020C,0,-3.559432,0.04706640914082527,0.0729999989271164,0.1477999985218048
YJL157C,YGL058W,0,-3.55952,0.04703608155250549,0.0729999989271164,0.14790000021457672
YGR152C,YCL020W,0,-3.5598152,0.047005794942379,0.0729999989271164,0.14800000190734863
YLR249W,YHR036W,0,-3.5610723,0.04697554558515549,0.0729999989271164,0.14810000360012054
YMR165C,YDR092W,0,-3.5655692,0.04694533720612526,0.0729999989271164,0.14820000529289246
YDR322C-A,YDR298C,1,-3.5658271,0.04755784198641777,0.07400000095367432,0.14820000529289246
YNR053C,YLR033W,0,-3.5661838,0.04752729460597038,0.07400000095367432,0.14830000698566437
YDR284C,YJR150C,0,-3.5666032,0.04749679192900658,0.07400000095367432,0.14839999377727509
YDR492W,YKL108W,0,-3.5677464,0.04746632277965546,0.07400000095367432,0.148499995470047
YDR018C,YHR036W,0,-3.5681,0.04743589833378792,0.07400000095367432,0.1485999971628189
YDR328C,YOL101C,0,-3.5681517,0.047405511140823364,0.07400000095367432,0.14869999885559082
YGL145W,YEL041W,0,-3.568307,0.047375161200761795,0.07400000095367432,0.14880000054836273
YMR190C,YJL219W,0,-3.5685742,0.04734484851360321,0.07400000095367432,0.14890000224113464
YER171W,YLR056W,0,-3.569434,0.04731457680463791,0.07400000095367432,0.14900000393390656
YLR157C,YOR226C,0,-3.569523,0.04728434607386589,0.07400000095367432,0.14910000562667847
YCR067C,YOR301W,0,-3.5699596,0.04725414887070656,0.07400000095367432,0.14920000731945038
YDL080C,YGL183C,0,-3.5709329,0.04722399637103081,0.07400000095367432,0.1492999941110611
YAR015W,YMR162C,0,-3.5712469,0.04719387739896774,0.07400000095367432,0.149399995803833
YNL053W,YNL045W,0,-3.5712936,0.04716379940509796,0.07400000095367432,0.14949999749660492
YBR002C,YAL034W-A,0,-3.5715268,0.047133758664131165,0.07400000095367432,0.14959999918937683
YCR106W,YHR048W,0,-3.5715601,0.04710375517606735,0.07400000095367432,0.14970000088214874
YMR186W,YOR328W,0,-3.572511,0.04707379266619682,0.07400000095367432,0.14980000257492065
YML128C,YDR254W,0,-3.5725887,0.04704386368393898,0.07400000095367432,0.14990000426769257
YPL152W,YDR163W,0,-3.573778,0.04701397567987442,0.07400000095367432,0.15000000596046448
YGR258C,YJR009C,0,-3.5738122,0.04698412865400314,0.07400000095367432,0.1500999927520752
YNL097C,YML045W,0,-3.57403,0.04695431515574455,0.07400000095367432,0.1501999944448471
YBL016W,YMR051C,0,-3.5740316,0.04692453891038895,0.07400000095367432,0.15029999613761902
YDR270W,YJR077C,1,-3.5743299,0.04752851650118828,0.07500000298023224,0.15029999613761902
YIL026C,YPR042C,0,-3.5750024,0.047498416155576706,0.07500000298023224,0.15039999783039093
YHR094C,YMR268C,0,-3.5763729,0.04746835306286812,0.07500000298023224,0.15049999952316284
YJR150C,YBR136W,0,-3.5766754,0.047438330948352814,0.07500000298023224,0.15060000121593475
YFR027W,YIL117C,0,-3.5771098,0.047408342361450195,0.07500000298023224,0.15070000290870667
YOR297C,YAL001C,0,-3.5773518,0.04737839475274086,0.07500000298023224,0.15080000460147858
YCR098C,YDR040C,1,-3.5775435,0.047979798167943954,0.07599999755620956,0.15080000460147858
YOL101C,YOR068C,0,-3.5776293,0.04794952645897865,0.07599999755620956,0.1509000062942505
YMR312W,YJR141W,0,-3.5782387,0.047919292002916336,0.07599999755620956,0.1509999930858612
YLR277C,YKL178C,0,-3.5785935,0.0478890985250473,0.07599999755620956,0.15109999477863312
YPR198W,YHR133C,0,-3.5786293,0.04785894230008125,0.07599999755620956,0.15119999647140503
YLR092W,YLR130C,1,-3.5788887,0.04845815151929855,0.07699999958276749,0.15119999647140503
YPR018W,YHR020W,0,-3.5789268,0.04842767119407654,0.07699999958276749,0.15129999816417694
YGL226C-A,YJL056C,0,-3.5791175,0.048397235572338104,0.07699999958276749,0.15139999985694885
YJR045C,YOR173W,0,-3.579251,0.04836683347821236,0.07699999958276749,0.15150000154972076
YOL091W,YIR019C,0,-3.579598,0.04833647236227989,0.07699999958276749,0.15160000324249268
YHR187W,YOR298W,0,-3.5801826,0.04830614849925041,0.07699999958276749,0.1517000049352646
YNL045W,YJL033W,0,-3.5801985,0.04827586188912392,0.07699999958276749,0.1518000066280365
YBL074C,YLR429W,0,-3.5813794,0.048245612531900406,0.07699999958276749,0.15189999341964722
YFL014W,YKR028W,0,-3.581976,0.04821540415287018,0.07699999958276749,0.15199999511241913
YOR212W,YPR200C,0,-3.58201,0.048185233026742935,0.07699999958276749,0.15209999680519104
YPL242C,YDL209C,0,-3.5822704,0.04815509542822838,0.07699999958276749,0.15219999849796295
YGR258C,YOL091W,0,-3.5831072,0.048124998807907104,0.07699999958276749,0.15230000019073486
YDR385W,YGL246C,0,-3.5833395,0.048094939440488815,0.07699999958276749,0.15240000188350677
YDR330W,YPR094W,0,-3.5838444,0.04806491732597351,0.07699999958276749,0.1525000035762787
YER173W,YKL029C,0,-3.5838568,0.04803493618965149,0.07699999958276749,0.1526000052690506
YBR112C,YPL253C,0,-3.5838869,0.048004988580942154,0.07699999958276749,0.1527000069618225
YLR051C,YBR083W,0,-3.5853963,0.0479750782251358,0.07699999958276749,0.15279999375343323
YOL077W-A,YPL036W,1,-3.5858243,0.048567868769168854,0.07800000160932541,0.15279999375343323
YNL112W,YER109C,0,-3.5868497,0.04853764921426773,0.07800000160932541,0.15289999544620514
YDL212W,YLR386W,0,-3.5875869,0.048507463186979294,0.07800000160932541,0.15299999713897705
YHL024W,YDR301W,0,-3.5884569,0.04847731441259384,0.07800000160932541,0.15309999883174896
YGR144W,YLR157C,0,-3.5887666,0.04844720661640167,0.07800000160932541,0.15320000052452087
YDR363W,YDR450W,0,-3.588774,0.04841713234782219,0.07800000160932541,0.15330000221729279
YJR143C,YMR218C,0,-3.5889945,0.04838709533214569,0.07800000160932541,0.1534000039100647
YNL012W,YDL132W,0,-3.5890415,0.048357099294662476,0.07800000160932541,0.1535000056028366
YDR311W,YMR210W,0,-3.589403,0.048327136784791946,0.07800000160932541,0.15360000729560852
YOR182C,YOL045W,0,-3.5910013,0.0482972152531147,0.07800000160932541,0.15369999408721924
YJL214W,YJR141W,0,-3.5918472,0.04826732724905014,0.07800000160932541,0.15379999577999115
YPL078C,YPR201W,1,-3.592186,0.04885590448975563,0.07900000363588333,0.15379999577999115
YAL025C,YNR030W,0,-3.5933096,0.0488257110118866,0.07900000363588333,0.15389999747276306
YGL168W,YKR079C,0,-3.5933366,0.04879555106163025,0.07900000363588333,0.15399999916553497
YJR145C,YLR131C,0,-3.5937011,0.048765432089567184,0.07900000363588333,0.15410000085830688
YDR343C,YOL086C,0,-3.5938156,0.048735350370407104,0.07900000363588333,0.1542000025510788
YKL182W,YOL017W,0,-3.594587,0.04870530217885971,0.07900000363588333,0.1543000042438507
YML085C,YLR158C,0,-3.5947158,0.0486752912402153,0.07900000363588333,0.15440000593662262
YML045W,YDL143W,0,-3.596344,0.048645321279764175,0.07900000363588333,0.15449999272823334
YGL226C-A,YAL040C,0,-3.5964224,0.048615384846925735,0.07900000363588333,0.15459999442100525
YOL121C,YDL231C,0,-3.5965152,0.04858548566699028,0.07900000363588333,0.15469999611377716
YDR382W,YLR020C,0,-3.5966775,0.04855562373995781,0.07900000363588333,0.15479999780654907
YJR029W,YMR197C,0,-3.5975745,0.04852579906582832,0.07900000363588333,0.15489999949932098
YIL135C,YDL017W,0,-3.5976973,0.04849601164460182,0.07900000363588333,0.1550000011920929
YGL112C,YDR495C,0,-3.5982015,0.04846625775098801,0.07900000363588333,0.1551000028848648
YGL068W,YPL042C,0,-3.5984106,0.048436541110277176,0.07900000363588333,0.15520000457763672
YIL154C,YAL056W,0,-3.5987675,0.04840686172246933,0.07900000363588333,0.15530000627040863
YDR244W,YOR267C,0,-3.5991645,0.04837721958756447,0.07900000363588333,0.15539999306201935
YLR303W,YBR272C,0,-3.600407,0.04834761470556259,0.07900000363588333,0.15549999475479126
YOR210W,YLR346C,0,-3.6008558,0.0483180433511734,0.07900000363588333,0.15559999644756317
YDR079C-A,YKL035W,0,-3.6012044,0.048288509249687195,0.07900000363588333,0.15569999814033508
YOR185C,YLR453C,0,-3.6012063,0.048259008675813675,0.07900000363588333,0.155799999833107
YNL053W,YGR082W,0,-3.60123,0.04822954908013344,0.07900000363588333,0.1559000015258789
YCR020C,YJL112W,0,-3.601261,0.04820012301206589,0.07900000363588333,0.15600000321865082
YPR183W,YGR213C,0,-3.6013987,0.04817073047161102,0.07900000363588333,0.15610000491142273
YDL227C,YBL051C,0,-3.6014557,0.04814137890934944,0.07900000363588333,0.15620000660419464
YJR141W,YAL040C,0,-3.6016777,0.04811205714941025,0.07900000363588333,0.15629999339580536
YJR160C,YER040W,0,-3.6029136,0.04808277636766434,0.07900000363588333,0.15639999508857727
YEL062W,YIL119C,0,-3.6031096,0.04805352911353111,0.07900000363588333,0.15649999678134918
YKL019W,YIL080W,0,-3.6034572,0.048024315387010574,0.07900000363588333,0.1565999984741211
YGL045W,YDL033C,0,-3.6035745,0.04799513891339302,0.07900000363588333,0.156700000166893
YBL106C,YJR089W,0,-3.6046994,0.04796599969267845,0.07900000363588333,0.15680000185966492
YPL283C,YBR179C,0,-3.605338,0.04793689399957657,0.07900000363588333,0.15690000355243683
YGR020C,YMR015C,0,-3.60558,0.04790782183408737,0.07900000363588333,0.15700000524520874
YAR015W,YMR069W,0,-3.605756,0.04787878692150116,0.07900000363588333,0.15710000693798065
YHR061C,YGR159C,0,-3.6078975,0.04784978926181793,0.07900000363588333,0.15719999372959137
YDR293C,YNR044W,0,-3.608225,0.04782082140445709,0.07900000363588333,0.15729999542236328
YPR081C,YLL056C,0,-3.610072,0.047791894525289536,0.07900000363588333,0.1573999971151352
YGL092W,YLR372W,0,-3.6106613,0.047762997448444366,0.07900000363588333,0.1574999988079071
YML010W,YNL286W,0,-3.6122973,0.04773413762450218,0.07900000363588333,0.15760000050067902
YKL081W,YNL286W,0,-3.6124377,0.04770531505346298,0.07900000363588333,0.15770000219345093
YDR448W,YDR225W,0,-3.612917,0.04767652228474617,0.07900000363588333,0.15780000388622284
YDL080C,YMR051C,0,-3.6144316,0.04764776676893234,0.07900000363588333,0.15790000557899475
YLR079W,YGL037C,0,-3.6148927,0.0476190485060215,0.07900000363588333,0.15800000727176666
YDR361C,YDR483W,0,-3.6154194,0.047590360045433044,0.07900000363588333,0.15809999406337738
YER147C,YOR294W,0,-3.6160376,0.047561708837747574,0.07900000363588333,0.1581999957561493
YLR130C,YOR381W,1,-3.6161704,0.04813477769494057,0.07999999821186066,0.1581999957561493
YKL086W,YNL080C,0,-3.6163101,0.04810583218932152,0.07999999821186066,0.1582999974489212
YGR141W,YPL048W,0,-3.6170478,0.048076923936605453,0.07999999821186066,0.15839999914169312
YAR015W,YGL238W,0,-3.6174827,0.048048049211502075,0.07999999821186066,0.15850000083446503
YJR009C,YDR353W,0,-3.6178472,0.04801920801401138,0.07999999821186066,0.15860000252723694
YBR182C,YHR123W,0,-3.6178675,0.04799040034413338,0.07999999821186066,0.15870000422000885
YJL207C,YOR056C,0,-3.618707,0.047961629927158356,0.07999999821186066,0.15880000591278076
YNL055C,YLR411W,1,-3.6187923,0.04853205382823944,0.08100000023841858,0.15880000591278076
YJL148W,YLR195C,0,-3.6202383,0.04850299283862114,0.08100000023841858,0.15889999270439148
YNL082W,YLR346C,0,-3.6202931,0.04847396910190582,0.08100000023841858,0.1589999943971634
YNL231C,YLR276C,0,-3.620437,0.048444975167512894,0.08100000023841858,0.1590999960899353
YGR257C,YPR067W,1,-3.6211343,0.04901374876499176,0.0820000022649765,0.1590999960899353
YNR002C,YCR098C,1,-3.6217,0.04958184063434601,0.08299999684095383,0.1590999960899353
YAR015W,YDR184C,0,-3.6223369,0.04955223947763443,0.08299999684095383,0.15919999778270721
YML036W,YNL286W,0,-3.6224854,0.04952267184853554,0.08299999684095383,0.15929999947547913
YOL105C,YJR047C,0,-3.6225796,0.04949314147233963,0.08299999684095383,0.15940000116825104
YAL001C,YKL203C,0,-3.622747,0.04946364834904671,0.08299999684095383,0.15950000286102295
YDR073W,YFL057C,0,-3.6229684,0.04943418875336647,0.08299999684095383,0.15960000455379486
YCR098C,YDR038C,1,-3.6234367,0.05000000074505806,0.08399999886751175,0.15960000455379486
YGR239C,YLR132C,0,-3.6239018,0.04997025430202484,0.08399999886751175,0.15970000624656677
YNL182C,YJR009C,0,-3.6241012,0.04994054511189461,0.08399999886751175,0.1597999930381775
YDL170W,YOR119C,0,-3.6243727,0.04991087317466736,0.08399999886751175,0.1598999947309494
YHR175W,YPR067W,1,-3.624582,0.05047506093978882,0.08500000089406967,0.1598999947309494
YDR236C,YER174C,0,-3.6245859,0.05044510215520859,0.08500000089406967,0.1599999964237213
YBL063W,YBL085W,0,-3.624975,0.05041518434882164,0.08500000089406967,0.16009999811649323
YBL041W,YJR027W,0,-3.626291,0.05038530007004738,0.08500000089406967,0.16019999980926514
YDR259C,YJL108C,0,-3.6262934,0.0503554493188858,0.08500000089406967,0.16030000150203705
YNL032W,YGR080W,0,-3.62725,0.05032563582062721,0.08500000089406967,0.16040000319480896
YJR137C,YDR518W,0,-3.627341,0.050295859575271606,0.08500000089406967,0.16050000488758087
YNR060W,YPR201W,1,-3.62759,0.050857480615377426,0.0860000029206276,0.16050000488758087
YDR040C,YFL050C,1,-3.6276805,0.05141843855381012,0.08699999749660492,0.16050000488758087
YGR276C,YBL075C,0,-3.627766,0.05138806998729706,0.08699999749660492,0.16060000658035278
YBR294W,YOL130W,1,-3.6278687,0.051948051899671555,0.08799999952316284,0.16060000658035278
YLL056C,YBR200W,0,-3.6278777,0.05191740393638611,0.08799999952316284,0.1606999933719635
YNR002C,YJR077C,1,-3.6281786,0.052476413547992706,0.08900000154972076,0.1606999933719635
YNL106C,YOR182C,0,-3.6290493,0.05244549363851547,0.08900000154972076,0.1607999950647354
YLR284C,YKL178C,0,-3.629202,0.052414607256650925,0.08900000154972076,0.16089999675750732
YER104W,YPL231W,0,-3.6299248,0.05238375440239906,0.08900000154972076,0.16099999845027924
YKL051W,YDL077C,0,-3.630098,0.052352942526340485,0.08900000154972076,0.16110000014305115
YMR112C,YER044C-A,0,-3.6302164,0.05232216417789459,0.08900000154972076,0.16120000183582306
YAL041W,YBL075C,0,-3.630303,0.052291423082351685,0.08900000154972076,0.16130000352859497
YAR033W,YHR092C,0,-3.6306489,0.05226071551442146,0.08900000154972076,0.16140000522136688
YJL030W,YEL019C,0,-3.6311932,0.052230045199394226,0.08900000154972076,0.1615000069141388
YDR009W,YBL050W,0,-3.6316,0.052199412137269974,0.08900000154972076,0.1615999937057495
YLR362W,YLR346C,0,-3.631708,0.052168816328048706,0.08900000154972076,0.16169999539852142
YER013W,YPL170W,0,-3.632606,0.052138254046440125,0.08900000154972076,0.16179999709129333
YOL130W,YLR092W,1,-3.6328008,0.0526932068169117,0.09000000357627869,0.16179999709129333
YDR293C,YKL165C,0,-3.6328225,0.05266237631440163,0.09000000357627869,0.16189999878406525
YOR040W,YKL117W,0,-3.6330657,0.05263157933950424,0.09000000357627869,0.16200000047683716
YGL090W,YGL089C,0,-3.6337502,0.05260081961750984,0.09000000357627869,0.16210000216960907
YLR154C,YNR072W,0,-3.6344242,0.05257009342312813,0.09000000357627869,0.16220000386238098
YGR144W,YHR085W,0,-3.6350935,0.0525394044816494,0.09000000357627869,0.1623000055551529
YNR002C,YNL259C,1,-3.6367888,0.05309218168258667,0.09099999815225601,0.1623000055551529
YCR014C,YOL142W,0,-3.636894,0.05306122452020645,0.09099999815225601,0.1624000072479248
YDL128W,YOR137C,1,-3.6370208,0.053613051772117615,0.09200000017881393,0.1624000072479248
YLR320W,YPL253C,0,-3.63715,0.053581830114126205,0.09200000017881393,0.16249999403953552
YBR058C-A,YLR382C,0,-3.6373227,0.05355064198374748,0.09200000017881393,0.16259999573230743
YMR142C,YPR131C,0,-3.637349,0.053519487380981445,0.09200000017881393,0.16269999742507935
YFL013C,YER019W,0,-3.6377914,0.05348837375640869,0.09200000017881393,0.16279999911785126
YHL048W,YJR004C,0,-3.637826,0.053457293659448624,0.09200000017881393,0.16290000081062317
YHR191C,YHR020W,0,-3.6380131,0.05342624709010124,0.09200000017881393,0.16300000250339508
YBR105C,YDR227W,0,-3.6380858,0.053395241498947144,0.09200000017881393,0.163100004196167
YKL051W,YDR545W,0,-3.6391797,0.05336426943540573,0.09200000017881393,0.1632000058889389
YLR084C,YBL082C,0,-3.6392965,0.0533333346247673,0.09200000017881393,0.16329999268054962
YLR314C,YML132W,0,-3.6397364,0.05330243334174156,0.09200000017881393,0.16339999437332153
YJR139C,YER103W,0,-3.6398566,0.053271569311618805,0.09200000017881393,0.16349999606609344
YLL016W,YLR145W,0,-3.6400864,0.05324074253439903,0.09200000017881393,0.16359999775886536
YLR409C,YHR039C,0,-3.6411529,0.053209949284791946,0.09200000017881393,0.16369999945163727
YLR160C,YKL046C,0,-3.641939,0.053179189562797546,0.09200000017881393,0.16380000114440918
YDL029W,YLR098C,0,-3.6429818,0.05314847081899643,0.09200000017881393,0.1639000028371811
YDR461W,YKL173W,0,-3.6434486,0.0531177818775177,0.09200000017881393,0.164000004529953
YNR049C,YML118W,0,-3.6435187,0.053087133914232254,0.09200000017881393,0.16410000622272491
YLR266C,YPL188W,0,-3.6437976,0.053056515753269196,0.09200000017881393,0.16419999301433563
YDL170W,YKL038W,0,-3.6439178,0.05302593484520912,0.09200000017881393,0.16429999470710754
YOR367W,YDL030W,0,-3.6442559,0.05299539119005203,0.09200000017881393,0.16439999639987946
YGL255W,YLL015W,1,-3.6446311,0.053540587425231934,0.09300000220537186,0.16439999639987946
YGL008C,YNL291C,1,-3.6450827,0.054085154086351395,0.09399999678134918,0.16439999639987946
YOL091W,YLR155C,0,-3.6455383,0.054054055362939835,0.09399999678134918,0.16449999809265137
YCR028C-A,YHR116W,0,-3.6455855,0.05402299016714096,0.09399999678134918,0.16459999978542328
YMR153W,YFL026W,0,-3.645731,0.05399195849895477,0.09399999678134918,0.1647000014781952
YER168C,YDR146C,0,-3.646003,0.05396096408367157,0.09399999678134918,0.1648000031709671
YDL227C,YML010W,0,-3.6460435,0.05393000692129135,0.09399999678134918,0.164900004863739
YHR039C-A,YOR144C,0,-3.646588,0.05389908328652382,0.09399999678134918,0.16500000655651093
YKR081C,YJL058C,0,-3.6470556,0.05386819317936897,0.09399999678134918,0.16509999334812164
YMR190C,YPL161C,0,-3.6476514,0.05383734405040741,0.09399999678134918,0.16519999504089355
YBR058C-A,YJR090C,0,-3.648979,0.053806524723768234,0.09399999678134918,0.16529999673366547
YHR164C,YJR156C,0,-3.6491847,0.05377574265003204,0.09399999678134918,0.16539999842643738
YDR425W,YGR041W,0,-3.6496642,0.05374499782919884,0.09399999678134918,0.1655000001192093
YKL035W,YDR515W,0,-3.649806,0.05371428653597832,0.09399999678134918,0.1656000018119812
YMR015C,YGL145W,0,-3.6499119,0.05368360877037048,0.09399999678134918,0.1657000035047531
YPL190C,YHL012W,0,-3.6505203,0.053652968257665634,0.09399999678134918,0.16580000519752502
YGL206C,YLL019C,0,-3.6505978,0.05362236127257347,0.09399999678134918,0.16590000689029694
YDR270W,YJL117W,1,-3.6507657,0.0541619174182415,0.0949999988079071,0.16590000689029694
YNL164C,YPR119W,0,-3.6510334,0.054131053388118744,0.0949999988079071,0.16599999368190765
YPL040C,YNR017W,0,-3.6511447,0.05410022661089897,0.0949999988079071,0.16609999537467957
YMR216C,YJR092W,0,-3.6515558,0.054069437086582184,0.0949999988079071,0.16619999706745148
YDL149W,YJR001W,0,-3.652055,0.05403868108987808,0.0949999988079071,0.1662999987602234
YIL167W,YDR246W,0,-3.6523316,0.05400795862078667,0.0949999988079071,0.1664000004529953
YNL126W,YPL127C,0,-3.652632,0.053977273404598236,0.0949999988079071,0.1665000021457672
YOR087W,YNR064C,0,-3.6529307,0.05394662171602249,0.0949999988079071,0.16660000383853912
YKL150W,YJR141W,0,-3.653296,0.05391600355505943,0.0949999988079071,0.16670000553131104
YGR123C,YLR170C,0,-3.653605,0.05388542264699936,0.0949999988079071,0.16680000722408295
YML011C,YLR355C,0,-3.6537242,0.05385487526655197,0.0949999988079071,0.16689999401569366
YPL125W,YHR094C,0,-3.654927,0.05382436141371727,0.0949999988079071,0.16699999570846558
YPL258C,YKL011C,0,-3.654937,0.05379388481378555,0.0949999988079071,0.1670999974012375
YLR295C,YOL077W-A,1,-3.6551678,0.05432937294244766,0.09600000083446503,0.1670999974012375
YPR183W,YNL080C,0,-3.6551893,0.05429864302277565,0.09600000083446503,0.1671999990940094
YPR199C,YBR186W,0,-3.655438,0.054267946630716324,0.09600000083446503,0.1673000007867813
YML013W,YML132W,0,-3.656439,0.05423728749155998,0.09600000083446503,0.16740000247955322
YOL126C,YHR092C,0,-3.656889,0.05420666188001633,0.09600000083446503,0.16750000417232513
YAL021C,YGR145W,0,-3.6571116,0.054176073521375656,0.09600000083446503,0.16760000586509705
YLR160C,YGR227W,0,-3.6580017,0.05414551496505737,0.09600000083446503,0.16769999265670776
YER052C,YLR067C,0,-3.6580598,0.054114993661642075,0.09600000083446503,0.16779999434947968
YJR022W,YGL014W,0,-3.6588485,0.05408450588583946,0.09600000083446503,0.1678999960422516
YJR155W,YLR430W,0,-3.6592495,0.054054055362939835,0.09600000083446503,0.1679999977350235
YLR195C,YPR190C,0,-3.6602306,0.054023634642362595,0.09600000083446503,0.1680999994277954
YDL113C,YHR056C,0,-3.6606367,0.05399325117468834,0.09600000083446503,0.16820000112056732
YLL024C,YMR218C,0,-3.6607382,0.05396290123462677,0.09600000083446503,0.16830000281333923
YKL220C,YER145C,1,-3.6608498,0.054494380950927734,0.09700000286102295,0.16830000281333923
YNL259C,YPR201W,1,-3.6618333,0.05502526834607124,0.09799999743700027,0.16830000281333923
YDR498C,YHR012W,0,-3.6623244,0.05499438941478729,0.09799999743700027,0.16840000450611115
YOR349W,YAL033W,0,-3.6633346,0.05496354401111603,0.09799999743700027,0.16850000619888306
YPL115C,YER002W,0,-3.6638398,0.05493273586034775,0.09799999743700027,0.16859999299049377
YOR261C,YHR096C,0,-3.6641307,0.054901961237192154,0.09799999743700027,0.16869999468326569
YGR188C,YLR074C,0,-3.664342,0.054871220141649246,0.09799999743700027,0.1687999963760376
YOR074C,YHR048W,0,-3.664414,0.05484051629900932,0.09799999743700027,0.1688999980688095
YKL085W,YHL036W,0,-3.6644552,0.05480984225869179,0.09799999743700027,0.16899999976158142
YPL283C,YHR206W,0,-3.664561,0.05477920547127724,0.09799999743700027,0.16910000145435333
YDR382W,YKL166C,0,-3.6645799,0.05474860221147537,0.09799999743700027,0.16920000314712524
YJR084W,YER044C-A,0,-3.6650372,0.05471803620457649,0.09799999743700027,0.16930000483989716
YOL077W-A,YOR381W,1,-3.6652858,0.0552455373108387,0.0989999994635582,0.16930000483989716
YMR055C,YJR158W,0,-3.6662447,0.05521472543478012,0.0989999994635582,0.16940000653266907
YPR119W,YOR014W,0,-3.667034,0.05518394708633423,0.0989999994635582,0.16949999332427979
YJL108C,YJL039C,0,-3.667596,0.05515320226550102,0.0989999994635582,0.1695999950170517
YAR010C,YHR214C-B,0,-3.6677115,0.0551224946975708,0.0989999994635582,0.1696999967098236
YKR101W,YDR517W,0,-3.6688216,0.055091820657253265,0.0989999994635582,0.16979999840259552
YGR257C,YLL009C,1,-3.668945,0.055617351084947586,0.10000000149011612,0.16979999840259552
YDR398W,YIR010W,0,-3.670633,0.05558643862605095,0.10000000149011612,0.16990000009536743
YPL258C,YKL008C,0,-3.670729,0.0555555559694767,0.10000000149011612,0.17000000178813934
YGR083C,YPL231W,0,-3.6712134,0.05552470684051514,0.10000000149011612,0.17010000348091125
YIR019C,YDR303C,0,-3.6714854,0.05549389496445656,0.10000000149011612,0.17020000517368317
YHR129C,YDR164C,0,-3.6720827,0.055463116616010666,0.10000000149011612,0.17030000686645508
YPR006C,YLL012W,0,-3.6730876,0.05543237179517746,0.10000000149011612,0.1703999936580658
YMR267W,YMR015C,0,-3.6733863,0.05540166050195694,0.10000000149011612,0.1704999953508377
YKL028W,YOR341W,0,-3.6737487,0.055370986461639404,0.10000000149011612,0.17059999704360962
YDL148C,YIL031W,0,-3.673942,0.05534034222364426,0.10000000149011612,0.17069999873638153
YDR039C,YOR137C,1,-3.6742833,0.05586283281445503,0.10100000351667404,0.17069999873638153
YLL050C,YDR515W,0,-3.6744473,0.05583195015788078,0.10100000351667404,0.17080000042915344
YDR079C-A,YDR513W,0,-3.6744726,0.05580110475420952,0.10100000351667404,0.17090000212192535
YER012W,YJL045W,0,-3.6745315,0.05577029287815094,0.10100000351667404,0.17100000381469727
YLL013C,YDR147W,0,-3.6745865,0.05573951452970505,0.10100000351667404,0.17110000550746918
YGL066W,YHR055C,0,-3.6746993,0.05570876970887184,0.10100000351667404,0.1712000072002411
YFL041W,YPR138C,1,-3.6754582,0.056229326874017715,0.10199999809265137,0.1712000072002411
YJL026W,YCL001W,0,-3.6754966,0.056198347359895706,0.10199999809265137,0.1712999939918518
YPL188W,YMR296C,0,-3.6758332,0.05616740137338638,0.10199999809265137,0.17139999568462372
YPR034W,YBR114W,0,-3.6766481,0.056136488914489746,0.10199999809265137,0.17149999737739563
YOR119C,YJR147W,0,-3.676769,0.056105609983205795,0.10199999809265137,0.17159999907016754
YIL023C,YGL255W,1,-3.6768167,0.05662452057003975,0.10300000011920929,0.17159999907016754
YOR334W,YPL078C,1,-3.6768954,0.05714285746216774,0.10400000214576721,0.17159999907016754
YPL164C,YHR190W,0,-3.6776,0.0571114756166935,0.10400000214576721,0.17170000076293945
YLR433C,YAL025C,0,-3.6777105,0.05708013102412224,0.10400000214576721,0.17180000245571136
YHR197W,YJR084W,0,-3.6778615,0.057048819959163666,0.10400000214576721,0.17190000414848328
YML121W,YDR384C,1,-3.6780934,0.05756578966975212,0.10499999672174454,0.17190000414848328
YFL041W,YPR201W,1,-3.6785564,0.05808219313621521,0.10599999874830246,0.17190000414848328
YLR034C,YPL001W,0,-3.6788874,0.058050382882356644,0.10599999874830246,0.1720000058412552
YLR079W,YCL026C-A,0,-3.6789033,0.05801860988140106,0.10599999874830246,0.1720999926328659
YAL058W,YNL325C,0,-3.6790488,0.057986870408058167,0.10599999874830246,0.17219999432563782
YOR136W,YKL134C,0,-3.6795046,0.057955168187618256,0.10599999874830246,0.17229999601840973
YGL005C,YJL010C,0,-3.6795926,0.05792349576950073,0.10599999874830246,0.17239999771118164
YHR014W,YGL097W,0,-3.6797888,0.057891860604286194,0.10599999874830246,0.17249999940395355
YBR127C,YPR185W,0,-3.6800609,0.05786026269197464,0.10599999874830246,0.17260000109672546
YFL013C,YEL069C,0,-3.6800635,0.057828694581985474,0.10599999874830246,0.17270000278949738
YBR198C,YOL124C,0,-3.6800792,0.05779716372489929,0.10599999874830246,0.1728000044822693
YJR031C,YOR049C,0,-3.6808736,0.057765666395425797,0.10599999874830246,0.1729000061750412
YFR041C,YOL101C,0,-3.6813858,0.057734206318855286,0.10599999874830246,0.17299999296665192
YCR086W,YCL035C,0,-3.6815763,0.05770277604460716,0.10599999874830246,0.17309999465942383
YER173W,YLR221C,0,-3.6820004,0.057671383023262024,0.10599999874830246,0.17319999635219574
YJR074W,YPL047W,0,-3.6827757,0.05764002352952957,0.10599999874830246,0.17329999804496765
YLR079W,YPR075C,0,-3.6832314,0.05760869383811951,0.10599999874830246,0.17339999973773956
YLR135W,YCR020C,0,-3.6850617,0.057577405124902725,0.10599999874830246,0.17350000143051147
YOR160W,YOR272W,0,-3.6855648,0.05754614621400833,0.10599999874830246,0.1736000031232834
YNL288W,YLR196W,0,-3.685714,0.057514920830726624,0.10599999874830246,0.1737000048160553
YCR020W-B,YGL244W,0,-3.686282,0.0574837327003479,0.10599999874830246,0.1738000065088272
YOL158C,YLL015W,1,-3.6863725,0.05799458175897598,0.10700000077486038,0.1738000065088272
YER045C,YGL016W,0,-3.6864517,0.057963162660598755,0.10700000077486038,0.17389999330043793
YGL005C,YKL143W,0,-3.6865673,0.05793178081512451,0.10700000077486038,0.17399999499320984
YCR098C,YCR010C,1,-3.6867568,0.05844155699014664,0.1080000028014183,0.17399999499320984
YKL055C,YPR080W,0,-3.6868384,0.058409951627254486,0.1080000028014183,0.17409999668598175
YCL044C,YPR080W,0,-3.6872246,0.05837837979197502,0.1080000028014183,0.17419999837875366
YEL030W,YDR216W,0,-3.6874084,0.058346837759017944,0.1080000028014183,0.17430000007152557
YOL034W,YIR041W,0,-3.6878817,0.05831533297896385,0.1080000028014183,0.17440000176429749
YCL008C,YHR133C,0,-3.6879044,0.058283865451812744,0.1080000028014183,0.1745000034570694
YOR250C,YDR508C,0,-3.68858,0.058252427726984024,0.1080000028014183,0.1746000051498413
YGR116W,YLR009W,0,-3.6888351,0.05822102352976799,0.1080000028014183,0.17470000684261322
YDR225W,YGR179C,0,-3.6900916,0.05818965658545494,0.1080000028014183,0.17479999363422394
YGR099W,YNL299W,0,-3.6909573,0.05815831944346428,0.1080000028014183,0.17489999532699585
YDR273W,YJR025C,0,-3.6912098,0.0581270195543766,0.1080000028014183,0.17499999701976776
YPR189W,YKR086W,0,-3.6915076,0.05809574946761131,0.1080000028014183,0.17509999871253967
YJR125C,YBL074C,0,-3.691569,0.05806451663374901,0.1080000028014183,0.17520000040531158
YDL130W-A,YDL128W,1,-3.6919892,0.05857066065073013,0.10899999737739563,0.17520000040531158
YBL074C,YBR217W,0,-3.692526,0.05853920429944992,0.10899999737739563,0.1753000020980835
YCL005W-A,YOR249C,0,-3.6927478,0.058507781475782394,0.10899999737739563,0.1754000037908554
YNR064C,YBR087W,0,-3.6931937,0.05847639590501785,0.10899999737739563,0.17550000548362732
YGR075C,YJL167W,0,-3.6932218,0.0584450401365757,0.10899999737739563,0.17560000717639923
YOR344C,YLR160C,0,-3.6934774,0.05841371789574623,0.10899999737739563,0.17569999396800995
YGL255W,YNL291C,1,-3.693509,0.0589180514216423,0.10999999940395355,0.17569999396800995
YML043C,YDR320C,0,-3.6937578,0.058886509388685226,0.10999999940395355,0.17579999566078186
YJR047C,YKL143W,0,-3.6937768,0.058855000883340836,0.10999999940395355,0.17589999735355377
YDR040C,YPR138C,1,-3.6938236,0.05935828760266304,0.11100000143051147,0.17589999735355377
YBL090W,YIR013C,0,-3.6939976,0.05932656303048134,0.11100000143051147,0.17599999904632568
YOR334W,YOL077W-A,1,-3.6942427,0.05982905998826027,0.1120000034570694,0.17599999904632568
YJL026W,YJL074C,0,-3.694742,0.05979711562395096,0.1120000034570694,0.1761000007390976
YPL060W,YGR008C,1,-3.6947873,0.06029882654547691,0.11299999803304672,0.1761000007390976
YHR020W,YFL039C,0,-3.6952813,0.06026666611433029,0.11299999803304672,0.1762000024318695
YOR233W,YDL069C,0,-3.6953766,0.060234542936086655,0.11299999803304672,0.17630000412464142
YNL039W,YHL024W,0,-3.6963227,0.060202449560165405,0.11299999803304672,0.17640000581741333
YLR357W,YDR165W,0,-3.6965277,0.06017039343714714,0.11299999803304672,0.17649999260902405
YGL130W,YHL003C,0,-3.6977475,0.06013837084174156,0.11299999803304672,0.17659999430179596
YGR257C,YNR002C,1,-3.6988125,0.060638297349214554,0.11400000005960464,0.17659999430179596
YDR218C,YBR126C,0,-3.6989117,0.06060606241226196,0.11400000005960464,0.17669999599456787
YOR194C,YMR229C,0,-3.6993082,0.06057385727763176,0.11400000005960464,0.17679999768733978
YKL029C,YDL120W,0,-3.6993325,0.06054168939590454,0.11400000005960464,0.1768999993801117
YMR153W,YGR094W,0,-3.7004497,0.06050955504179001,0.11400000005960464,0.1770000010728836
YLR346C,YMR285C,0,-3.700595,0.06047745421528816,0.11400000005960464,0.17710000276565552
YBR289W,YER127W,0,-3.7016332,0.060445386916399,0.11400000005960464,0.17720000445842743
YDR411C,YHR133C,0,-3.7020895,0.06041335314512253,0.11400000005960464,0.17730000615119934
YBR155W,YOR073W,0,-3.7024395,0.06038135662674904,0.11400000005960464,0.17739999294281006
YEL062W,YNL103W,0,-3.7025058,0.06034938991069794,0.11400000005960464,0.17749999463558197
YNL311C,YPL195W,0,-3.702731,0.06031746044754982,0.11400000005960464,0.17759999632835388
YKR076W,YNL257C,0,-3.7027462,0.06028556451201439,0.11400000005960464,0.1776999980211258
YDR322C-A,YPL036W,1,-3.7032816,0.06078224256634712,0.11500000208616257,0.1776999980211258
YCR039C,YML099C,0,-3.7034442,0.06075013056397438,0.11500000208616257,0.1777999997138977
YOR145C,YAL044C,0,-3.7035148,0.06071805581450462,0.11500000208616257,0.17790000140666962
YJL145W,YNR067C,0,-3.703622,0.06068601459264755,0.11500000208616257,0.17800000309944153
YML128C,YKL208W,0,-3.7038047,0.06065400689840317,0.11500000208616257,0.17810000479221344
YER151C,YLR316C,0,-3.7038128,0.06062203645706177,0.11500000208616257,0.17820000648498535
YDR093W,YOR129C,0,-3.7051718,0.060590095818042755,0.11500000208616257,0.17829999327659607
YNL039W,YER062C,0,-3.7053187,0.06055818870663643,0.11500000208616257,0.17839999496936798
YDR314C,YER044C-A,0,-3.7053268,0.06052631512284279,0.11500000208616257,0.1784999966621399
YNL039W,YGL247W,0,-3.7058253,0.060494475066661835,0.11500000208616257,0.1785999983549118
YCL039W,YCR038C,0,-3.7058344,0.060462672263383865,0.11500000208616257,0.17870000004768372
YIR026C,YNL286W,0,-3.7060227,0.060430899262428284,0.11500000208616257,0.17880000174045563
YOR316C,YPR201W,1,-3.7064135,0.06092436984181404,0.11599999666213989,0.17880000174045563
YLR092W,YPL036W,1,-3.7066152,0.06141732260584831,0.11699999868869781,0.17880000174045563
YGL028C,YHR088W,0,-3.70703,0.06138509884476662,0.11699999868869781,0.17890000343322754
YDR159W,YNL023C,0,-3.7082539,0.06135290861129761,0.11699999868869781,0.17900000512599945
YCR005C,YOL002C,0,-3.708508,0.06132075563073158,0.11699999868869781,0.17910000681877136
YPL002C,YER018C,0,-3.7085526,0.061288632452487946,0.11699999868869781,0.17919999361038208
YOL017W,YMR208W,0,-3.7097368,0.061256542801856995,0.11699999868869781,0.179299995303154
YCL004W,YIL119C,0,-3.7102706,0.06122449040412903,0.11699999868869781,0.1793999969959259
YPL164C,YER147C,0,-3.7104685,0.06119246780872345,0.11699999868869781,0.17949999868869781
YCR028C-A,YDR325W,0,-3.7108445,0.061160482466220856,0.11699999868869781,0.17960000038146973
YOR130C,YNL002C,0,-3.7109175,0.06112852692604065,0.11699999868869781,0.17970000207424164
YLR136C,YIL018W,0,-3.711542,0.06109660491347313,0.11699999868869781,0.17980000376701355
YPL242C,YMR246W,0,-3.7119186,0.061064716428518295,0.11699999868869781,0.17990000545978546
YGL001C,YMR012W,0,-3.711994,0.061032865196466446,0.11699999868869781,0.18000000715255737
YJR121W,YEL065W,1,-3.71226,0.06152242049574852,0.11800000071525574,0.18000000715255737
YFL002C,YIL167W,0,-3.7127497,0.06149036064743996,0.11800000071525574,0.1800999939441681
YBR058C-A,YKL134C,0,-3.7131171,0.06145833432674408,0.11800000071525574,0.18019999563694
YML086C,YNL248C,0,-3.7131813,0.06142634153366089,0.11800000071525574,0.18029999732971191
YEL069C,YIL098C,0,-3.7136078,0.061394382268190384,0.11800000071525574,0.18039999902248383
YLR048W,YIR023W,0,-3.7142553,0.06136245280504227,0.11800000071525574,0.18050000071525574
YIR013C,YKL165C,0,-3.7147222,0.061330560594797134,0.11800000071525574,0.18060000240802765
YBR169C,YDR138W,0,-3.7147956,0.06129870191216469,0.11800000071525574,0.18070000410079956
YEL071W,YBR154C,0,-3.714903,0.06126687303185463,0.11800000071525574,0.18080000579357147
YNL229C,YDR545W,0,-3.7151065,0.061235081404447556,0.11800000071525574,0.1808999925851822
YDR054C,YOL165C,0,-3.7154462,0.06120331957936287,0.11800000071525574,0.1809999942779541
YPL058C,YBR182C,0,-3.7163901,0.06117159128189087,0.11800000071525574,0.181099995970726
YLL013C,YER044C-A,0,-3.7172,0.061139896512031555,0.11800000071525574,0.18119999766349792
YDR481C,YAR009C,0,-3.7175212,0.06110823526978493,0.11800000071525574,0.18129999935626984
YNL334C,YGL191W,0,-3.717575,0.06107660382986069,0.11800000071525574,0.18140000104904175
YOR048C,YIL066C,0,-3.7190824,0.06104500591754913,0.11800000071525574,0.18150000274181366
YJL127C,YGR178C,0,-3.7191331,0.061013445258140564,0.11800000071525574,0.18160000443458557
YNL259C,YGR217W,1,-3.71972,0.06149870902299881,0.11900000274181366,0.18160000443458557
YGL039W,YFL005W,0,-3.7203715,0.061466943472623825,0.11900000274181366,0.18170000612735748
YMR243C,YPL036W,1,-3.720442,0.061951469630002975,0.11999999731779099,0.18170000612735748
YGL111W,YJL058C,0,-3.7204835,0.061919502913951874,0.11999999731779099,0.1817999929189682
YHL048W,YNL118C,0,-3.7208786,0.06188756972551346,0.11999999731779099,0.1818999946117401
YNL036W,YPL177C,0,-3.7211897,0.06185567006468773,0.11999999731779099,0.18199999630451202
YIL031W,YIR010W,0,-3.7212024,0.061823803931474686,0.11999999731779099,0.18209999799728394
YEL069C,YMR109W,0,-3.721407,0.06179196760058403,0.11999999731779099,0.18219999969005585
YOR182C,YNL326C,0,-3.721732,0.06176016479730606,0.11999999731779099,0.18230000138282776
YHR050W,YGL006W,1,-3.7218077,0.06224279850721359,0.12099999934434891,0.18230000138282776
YGL233W,YJL116C,0,-3.7220645,0.062210798263549805,0.12099999934434891,0.18240000307559967
YGR092W,YGR175C,0,-3.7222466,0.062178827822208405,0.12099999934434891,0.18250000476837158
YGL183C,YHR072W,0,-3.722765,0.06214689090847969,0.12099999934434891,0.1826000064611435
YNL278W,YMR079W,0,-3.723673,0.06211499124765396,0.12099999934434891,0.1826999932527542
YGR214W,YLR447C,0,-3.7238805,0.06208312138915062,0.12099999934434891,0.18279999494552612
YCR031C,YGL086W,0,-3.7241356,0.062051281332969666,0.12099999934434891,0.18289999663829803
YDR425W,YCR067C,0,-3.72438,0.062019478529691696,0.12099999934434891,0.18299999833106995
YER111C,YLR430W,0,-3.7246573,0.061987705528736115,0.12099999934434891,0.18310000002384186
YJL145W,YML098W,0,-3.7247686,0.06195596605539322,0.12099999934434891,0.18320000171661377
YLR197W,YLR132C,0,-3.7250416,0.06192425638437271,0.12099999934434891,0.18330000340938568
YGL037C,YGL065C,0,-3.7259076,0.06189258396625519,0.12099999934434891,0.1834000051021576
YHR083W,YNL160W,0,-3.7260563,0.06186094135046005,0.12099999934434891,0.1835000067949295
YGL227W,YDR219C,0,-3.7266574,0.0618293322622776,0.12099999934434891,0.18359999358654022
YOR295W,YFL022C,0,-3.7267313,0.06179775297641754,0.12099999934434891,0.18369999527931213
YDR080W,YLR423C,0,-3.7267573,0.061766207218170166,0.12099999934434891,0.18379999697208405
YGL001C,YPL018W,0,-3.7272542,0.06173469498753548,0.12099999934434891,0.18389999866485596
YCR005C,YJL167W,0,-3.727755,0.061703212559223175,0.12099999934434891,0.18400000035762787
YDR259C,YGR202C,0,-3.727776,0.06167176365852356,0.12099999934434891,0.18410000205039978
YPL231W,YDL154W,0,-3.727873,0.06164034456014633,0.12099999934434891,0.1842000037431717
YIL173W,YOL011W,0,-3.7280607,0.06160896271467209,0.12099999934434891,0.1843000054359436
YJR025C,YDL192W,0,-3.7281678,0.061577606946229935,0.12099999934434891,0.18440000712871552
YNL201C,YBL051C,0,-3.7282617,0.061546288430690765,0.12099999934434891,0.18449999392032623
YDR179C,YGR214W,0,-3.7287142,0.061514995992183685,0.12099999934434891,0.18459999561309814
YDL227C,YER095W,0,-3.7288845,0.06148374080657959,0.12099999934434891,0.18469999730587006
YER042W,YNL027W,0,-3.7297087,0.06145251542329788,0.12099999934434891,0.18479999899864197
YDL160C,YDR058C,0,-3.7299535,0.06142131984233856,0.12099999934434891,0.18490000069141388
YDR443C,YCL025C,0,-3.7300434,0.06139015778899193,0.12099999934434891,0.1850000023841858
YBL057C,YMR260C,0,-3.7301457,0.06135902553796768,0.12099999934434891,0.1851000040769577
YDL227C,YBL079W,0,-3.7310052,0.06132792681455612,0.12099999934434891,0.18520000576972961
YDL227C,YBL004W,0,-3.7314525,0.06129685789346695,0.12099999934434891,0.18529999256134033
YDR480W,YBL078C,0,-3.7319841,0.06126582249999046,0.12099999934434891,0.18539999425411224
YGR257C,YDR322C-A,1,-3.7321727,0.06174089014530182,0.12200000137090683,0.18539999425411224
YJR141W,YGR010W,0,-3.7329473,0.06170966103672981,0.12200000137090683,0.18549999594688416
YIL149C,YBR121C,0,-3.733132,0.061678461730480194,0.12200000137090683,0.18559999763965607
YGR179C,YDL213C,0,-3.7336695,0.06164729595184326,0.12200000137090683,0.18569999933242798
YKR095W,YIL002C,0,-3.7337623,0.06161615997552872,0.12200000137090683,0.1858000010251999
YBL022C,YMR106C,0,-3.7338798,0.06158505752682686,0.12200000137090683,0.1859000027179718
YNL065W,YGR047C,0,-3.734012,0.06155398488044739,0.12200000137090683,0.1860000044107437
YKL016C,YGR008C,1,-3.7342107,0.062027230858802795,0.12300000339746475,0.1860000044107437
YER018C,YLR453C,0,-3.7344472,0.0619959682226181,0.12300000339746475,0.18610000610351562
YGR280C,YDR515W,0,-3.734544,0.0619647353887558,0.12300000339746475,0.18619999289512634
YOL069W,YNL281W,0,-3.734888,0.06193353608250618,0.12300000339746475,0.18629999458789825
YLR160C,YIR008C,0,-3.735408,0.06190236657857895,0.12300000339746475,0.18639999628067017
YNR019W,YOR032C,0,-3.736055,0.061871226876974106,0.12300000339746475,0.18649999797344208
YDR334W,YOR349W,0,-3.7363026,0.06184012070298195,0.12300000339746475,0.186599999666214
YML004C,YNR049C,0,-3.7364392,0.06180904433131218,0.12300000339746475,0.1867000013589859
YGR289C,YGR280C,0,-3.737323,0.061778001487255096,0.12300000339746475,0.1868000030517578
YMR050C,YDR424C,0,-3.7378044,0.0617469884455204,0.12300000339746475,0.18690000474452972
YMR035W,YER061C,0,-3.7382004,0.06171600520610809,0.12300000339746475,0.18700000643730164
YLL041C,YLR320W,0,-3.7383552,0.06168505549430847,0.12300000339746475,0.18709999322891235
YML132W,YOL038W,0,-3.7387373,0.06165413558483124,0.12300000339746475,0.18719999492168427
YLR006C,YBR136W,0,-3.7396312,0.06162324547767639,0.12300000339746475,0.18729999661445618
YBR017C,YER036C,0,-3.7398148,0.06159238889813423,0.12300000339746475,0.1873999983072281
YJR121W,YDR039C,1,-3.7403212,0.062062062323093414,0.12399999797344208,0.1873999983072281
YOR046C,YJL058C,0,-3.7403598,0.06203101575374603,0.12399999797344208,0.1875
YCL024W,YKL035W,0,-3.74074,0.06199999898672104,0.12399999797344208,0.1876000016927719
YGL183C,YNL172W,0,-3.7408297,0.06196901574730873,0.12399999797344208,0.18770000338554382
YMR287C,YCL063W,0,-3.742457,0.06193806231021881,0.12399999797344208,0.18780000507831573
YGR183C,YDR436W,0,-3.7428524,0.06190713867545128,0.12399999797344208,0.18790000677108765
YPR065W,YOL121C,0,-3.7429082,0.06187624856829643,0.12399999797344208,0.18799999356269836
YJL109C,YBL034C,0,-3.7430441,0.061845388263463974,0.12399999797344208,0.18809999525547028
YMR065W,YHR072W-A,0,-3.7430542,0.0618145577609539,0.12399999797344208,0.1881999969482422
YHR006W,YDR151C,0,-3.7435377,0.06178375706076622,0.12399999797344208,0.1882999986410141
YBR297W,YNL250W,0,-3.7435756,0.06175298988819122,0.12399999797344208,0.188400000333786
YNR026C,YOR182C,0,-3.7447076,0.061722248792648315,0.12399999797344208,0.18850000202655792
YMR298W,YOR145C,0,-3.7448363,0.061691541224718094,0.12399999797344208,0.18860000371932983
YDR418W,YGL049C,0,-3.7452483,0.06166086345911026,0.12399999797344208,0.18870000541210175
YIL121W,YDL130W-A,1,-3.7459836,0.062127236276865005,0.125,0.18870000541210175
YAL026C,YMR208W,0,-3.7460134,0.06209637224674225,0.125,0.18880000710487366
YBR294W,YFL041W,1,-3.7464712,0.06256206333637238,0.12600000202655792,0.18880000710487366
YKL172W,YML011C,0,-3.7473047,0.062531016767025,0.12600000202655792,0.18889999389648438
YGL144C,YPR190C,0,-3.747529,0.0625,0.12600000202655792,0.1889999955892563
YPL231W,YOR074C,0,-3.7475872,0.062469013035297394,0.12600000202655792,0.1890999972820282
YJL167W,YPR190C,0,-3.7493374,0.062438055872917175,0.12600000202655792,0.1891999989748001
YDR176W,YCR057C,0,-3.7499125,0.06240713223814964,0.12600000202655792,0.18930000066757202
YMR250W,YCL004W,0,-3.7500312,0.0623762384057045,0.12600000202655792,0.18940000236034393
YCR075C,YBR093C,0,-3.7502544,0.06234537437558174,0.12600000202655792,0.18950000405311584
YKL101W,YML027W,0,-3.7509363,0.06231454014778137,0.12600000202655792,0.18960000574588776
YER019C-A,YHR048W,0,-3.750951,0.06228373572230339,0.12600000202655792,0.18970000743865967
YNL318C,YER112W,0,-3.7513769,0.062252964824438095,0.12600000202655792,0.18979999423027039
YIL129C,YHR086W,0,-3.7517407,0.06222222372889519,0.12600000202655792,0.1898999959230423
YDR080W,YGR178C,0,-3.7519345,0.06219150871038437,0.12600000202655792,0.1899999976158142
YCR018C,YOR148C,0,-3.7519727,0.06216082721948624,0.12600000202655792,0.19009999930858612
YJR135W-A,YKL214C,0,-3.7521493,0.06213017925620079,0.12600000202655792,0.19020000100135803
YOL004W,YGR094W,0,-3.753655,0.062099557369947433,0.12600000202655792,0.19030000269412994
YPL087W,YAR002C-A,0,-3.754886,0.062068965286016464,0.12600000202655792,0.19040000438690186
YOL069W,YOL144W,0,-3.7551653,0.06203840300440788,0.12600000202655792,0.19050000607967377
YJL059W,YEL015W,0,-3.755729,0.06200787425041199,0.12600000202655792,0.19059999287128448
YPL265W,YOL121C,0,-3.7562232,0.06197737157344818,0.12600000202655792,0.1906999945640564
YDR393W,YBR131W,0,-3.756452,0.06194690242409706,0.12600000202655792,0.1907999962568283
YLR431C,YER103W,0,-3.7568743,0.06191646307706833,0.12600000202655792,0.19089999794960022
YPL123C,YHR015W,0,-3.757497,0.061886049807071686,0.12600000202655792,0.19099999964237213
YOR115C,YOR237W,0,-3.7576659,0.06185567006468773,0.12600000202655792,0.19110000133514404
YMR308C,YER074W-A,0,-3.7579808,0.06182532012462616,0.12600000202655792,0.19120000302791595
YNR052C,YML047C,0,-3.7586033,0.06179499626159668,0.12600000202655792,0.19130000472068787
YLR055C,YBR244W,0,-3.7588794,0.061764705926179886,0.12600000202655792,0.19140000641345978
YLR022C,YNL310C,0,-3.7594097,0.06173444539308548,0.12600000202655792,0.1914999932050705
YLR346C,YDR508C,0,-3.7595484,0.06170421093702316,0.12600000202655792,0.1915999948978424
YPR042C,YFR030W,0,-3.7600381,0.06167401000857353,0.12600000202655792,0.19169999659061432
YNL332W,YBR244W,0,-3.760074,0.06164383515715599,0.12600000202655792,0.19179999828338623
YKL070W,YPL129W,0,-3.7605371,0.06161369010806084,0.12600000202655792,0.19189999997615814
YCR037C,YPL036W,1,-3.7605925,0.06207233667373657,0.12700000405311584,0.19189999997615814
YJR121W,YGL006W,1,-3.760729,0.0625305324792862,0.12800000607967377,0.19189999997615814
YHR053C,YJR153W,0,-3.761304,0.0625,0.12800000607967377,0.19200000166893005
YDL130W-A,YDR456W,1,-3.7613213,0.06295754015445709,0.1289999932050705,0.19200000166893005
YBR173C,YLR139C,0,-3.76146,0.06292682886123657,0.1289999932050705,0.19210000336170197
YPR181C,YPL256C,0,-3.7615483,0.06289614737033844,0.1289999932050705,0.19220000505447388
YBR188C,YGR159C,0,-3.7622828,0.0628654956817627,0.1289999932050705,0.1923000067472458
YDL033C,YJL098W,0,-3.762472,0.06283487379550934,0.1289999932050705,0.1923999935388565
YCR010C,YOR381W,1,-3.7627306,0.06329113990068436,0.12999999523162842,0.1923999935388565
YOL039W,YDR511W,0,-3.763081,0.06326033920049667,0.12999999523162842,0.19249999523162842
YGR140W,YCL020W,0,-3.763306,0.06322956830263138,0.12999999523162842,0.19259999692440033
YOR083W,YGL093W,0,-3.7635896,0.06319883465766907,0.12999999523162842,0.19269999861717224
YLR078C,YNR049C,0,-3.7636528,0.06316812336444855,0.12999999523162842,0.19280000030994415
YHR053C,YDR479C,0,-3.7636817,0.06313744187355042,0.12999999523162842,0.19290000200271606
YOR151C,YGR094W,0,-3.7643983,0.06310679763555527,0.12999999523162842,0.19300000369548798
YDL058W,YBR083W,0,-3.7644317,0.06307617574930191,0.12999999523162842,0.1931000053882599
YCL024W,YAL040C,0,-3.7646732,0.06304558366537094,0.12999999523162842,0.1932000070810318
YFL039C,YGR213C,0,-3.7654316,0.06301502883434296,0.12999999523162842,0.19329999387264252
YPL069C,YCR020C,0,-3.7660277,0.06298449635505676,0.12999999523162842,0.19339999556541443
YCR098C,YOL027C,1,-3.7662566,0.06343825906515121,0.13099999725818634,0.19339999556541443
YDR087C,YIR019C,0,-3.7665575,0.0634075477719307,0.13099999725818634,0.19349999725818634
YGR080W,YDR434W,0,-3.7669904,0.06337687373161316,0.13099999725818634,0.19359999895095825
YPL048W,YGL033W,0,-3.76722,0.06334622949361801,0.13099999725818634,0.19370000064373016
YER045C,YOR069W,0,-3.7672224,0.06331561505794525,0.13099999725818634,0.19380000233650208
YMR305C,YBR112C,0,-3.7673473,0.06328502297401428,0.13099999725818634,0.193900004029274
YEL071W,YPL243W,0,-3.768114,0.0632544681429863,0.13099999725818634,0.1940000057220459
YNL257C,YKL201C,0,-3.7681503,0.0632239356637001,0.13099999725818634,0.1941000074148178
YDR385W,YJR006W,0,-3.768257,0.0631934404373169,0.13099999725818634,0.19419999420642853
YNL053W,YBR165W,0,-3.768469,0.06316296756267548,0.13099999725818634,0.19429999589920044
YEL026W,YOR076C,0,-3.7694213,0.06313253194093704,0.13099999725818634,0.19439999759197235
YMR264W,YCL033C,0,-3.769513,0.0631021186709404,0.13099999725818634,0.19449999928474426
YGR257C,YOL158C,1,-3.7700312,0.06355319917201996,0.13199999928474426,0.19449999928474426
YHL006C,YJL219W,0,-3.7701895,0.06352261453866959,0.13199999928474426,0.19460000097751617
YDR490C,YPR001W,0,-3.7705328,0.0634920671582222,0.13199999928474426,0.19470000267028809
YJL179W,YLR150W,0,-3.7705667,0.0634615421295166,0.13199999928474426,0.19480000436306
YIR008C,YOL117W,0,-3.7707694,0.0634310394525528,0.13199999928474426,0.1949000060558319
YNL106C,YOL002C,0,-3.7708917,0.06340057402849197,0.13199999928474426,0.19499999284744263
YGL249W,YKR086W,0,-3.7710936,0.06337013840675354,0.13199999928474426,0.19509999454021454
YDR216W,YEL050C,0,-3.7712767,0.0633397325873375,0.13199999928474426,0.19519999623298645
YDR039C,YPR138C,1,-3.7716997,0.06378896534442902,0.13300000131130219,0.19519999623298645
YIL173W,YPL267W,0,-3.771805,0.06375838816165924,0.13300000131130219,0.19529999792575836
YNL053W,YDR273W,0,-3.7718968,0.06372784078121185,0.13300000131130219,0.19539999961853027
YJL030W,YNL145W,0,-3.7719615,0.06369731575250626,0.13300000131130219,0.19550000131130219
YIL144W,YBL009W,0,-3.7720306,0.06366682797670364,0.13300000131130219,0.1956000030040741
YOR334W,YGR191W,1,-3.7722094,0.06411483138799667,0.1340000033378601,0.1956000030040741
YOL039W,YBR233W-A,0,-3.772473,0.06408417224884033,0.1340000033378601,0.195700004696846
YER021W,YGR055W,0,-3.7724898,0.06405353546142578,0.1340000033378601,0.19580000638961792
YPL123C,YPL053C,0,-3.772585,0.06402293592691422,0.1340000033378601,0.19589999318122864
YDR270W,YGL255W,1,-3.7729309,0.06446991115808487,0.13500000536441803,0.19589999318122864
YDR516C,YKL149C,0,-3.7737648,0.06443914026021957,0.13500000536441803,0.19599999487400055
YBL013W,YPR112C,0,-3.7740026,0.06440839916467667,0.13500000536441803,0.19609999656677246
YDR120C,YJL025W,0,-3.7742496,0.06437768042087555,0.13500000536441803,0.19619999825954437
YOR109W,YOR018W,0,-3.7747633,0.06434699892997742,0.13500000536441803,0.19629999995231628
YOR095C,YMR313C,0,-3.7751489,0.06431633979082108,0.13500000536441803,0.1964000016450882
YLR223C,YHL034C,0,-3.775361,0.06428571790456772,0.13500000536441803,0.1965000033378601
YHR055C,YNR035C,0,-3.7755008,0.06425511837005615,0.13500000536441803,0.19660000503063202
YPR128C,YOR147W,0,-3.7758033,0.06422454863786697,0.13500000536441803,0.19670000672340393
YNL253W,YMR035W,0,-3.7758634,0.06419400870800018,0.13500000536441803,0.19679999351501465
YPR201W,YBR024W,1,-3.7773025,0.06463878601789474,0.13600000739097595,0.19679999351501465
YNL065W,YCR075C,0,-3.7779357,0.06460807472467422,0.13600000739097595,0.19689999520778656
YDL014W,YCR044C,0,-3.778087,0.06457740068435669,0.13600000739097595,0.19699999690055847
YOL108C,YPL006W,0,-3.778204,0.06454674899578094,0.13600000739097595,0.19709999859333038
YOR137C,YPR020W,1,-3.7782454,0.06499051302671432,0.13699999451637268,0.19709999859333038
YJR135W-A,YHR077C,0,-3.7782457,0.06495969742536545,0.13699999451637268,0.1972000002861023
YJL089W,YDL245C,0,-3.7782624,0.06492891162633896,0.13699999451637268,0.1973000019788742
YDR465C,YDL105W,0,-3.7785354,0.06489815562963486,0.13699999451637268,0.19740000367164612
YJR009C,YDL164C,0,-3.779209,0.06486742198467255,0.13699999451637268,0.19750000536441803
YGL187C,YOR297C,0,-3.779211,0.06483672559261322,0.13699999451637268,0.19760000705718994
YER119C,YMR182C,0,-3.779402,0.06480605155229568,0.13699999451637268,0.19769999384880066
YLR015W,YDR545W,0,-3.7796946,0.06477541476488113,0.13699999451637268,0.19779999554157257
YDR079W,YBR183W,0,-3.7797248,0.06474480032920837,0.13699999451637268,0.19789999723434448
YBR085W,YHR190W,0,-3.7799804,0.064714215695858,0.13699999451637268,0.1979999989271164
YPL091W,YGL187C,0,-3.780022,0.06468366086483002,0.13699999451637268,0.1981000006198883
YGR169C,YOL144W,0,-3.7800562,0.06465313583612442,0.13699999451637268,0.19820000231266022
YOL165C,YDL033C,0,-3.780288,0.06462264060974121,0.13699999451637268,0.19830000400543213
YNL332W,YLR056W,0,-3.7804894,0.06459217518568039,0.13699999451637268,0.19840000569820404
YAL054C,YCL033C,0,-3.7808347,0.06456173211336136,0.13699999451637268,0.19850000739097595
YOL112W,YIR017C,0,-3.780978,0.06453132629394531,0.13699999451637268,0.19859999418258667
YHR203C,YLL043W,0,-3.7813303,0.06450094282627106,0.13699999451637268,0.19869999587535858
YGR152C,YPR125W,0,-3.7814844,0.06447058916091919,0.13699999451637268,0.1987999975681305
YGL035C,YGL194C,0,-3.7818997,0.06444026529788971,0.13699999451637268,0.1988999992609024
YLR295C,YKR052C,1,-3.7823236,0.06488011032342911,0.1379999965429306,0.1988999992609024
YGR014W,YKR059W,0,-3.7830386,0.0648496225476265,0.1379999965429306,0.19900000095367432
YGL099W,YOR076C,0,-3.7831998,0.06481916457414627,0.1379999965429306,0.19910000264644623
YKR052C,YNR060W,1,-3.783614,0.0652582123875618,0.13899999856948853,0.19910000264644623
YFL058W,YLR157C,0,-3.7847054,0.06522759050130844,0.13899999856948853,0.19920000433921814
YOR068C,YAL040C,0,-3.784722,0.06519699841737747,0.13899999856948853,0.19930000603199005
YGL247W,YOR249C,0,-3.7847958,0.0651664286851883,0.13899999856948853,0.19939999282360077
YMR184W,YOL090W,0,-3.784813,0.0651358962059021,0.13899999856948853,0.19949999451637268
YDR358W,YER083C,0,-3.7848203,0.0651053860783577,0.13899999856948853,0.1995999962091446
YHR170W,YBR129C,0,-3.785152,0.06507490575313568,0.13899999856948853,0.1996999979019165
YLR329W,YBR247C,0,-3.7856095,0.06504445523023605,0.13899999856948853,0.19979999959468842
YFR047C,YPL170W,0,-3.785704,0.06501403450965881,0.13899999856948853,0.19990000128746033
YAL040C,YER036C,0,-3.7857525,0.06498363614082336,0.13899999856948853,0.20000000298023224
YGL168W,YKR057W,0,-3.7858975,0.0649532675743103,0.13899999856948853,0.20010000467300415
YGR041W,YLR210W,0,-3.7859683,0.06492293626070023,0.13899999856948853,0.20020000636577606
YEL041W,YMR095C,0,-3.786664,0.06489262729883194,0.13899999856948853,0.20029999315738678
YBR017C,YBR092C,0,-3.7869153,0.06486234068870544,0.13899999856948853,0.2003999948501587
YDR236C,YHR006W,0,-3.7870173,0.06483209133148193,0.13899999856948853,0.2004999965429306
YKL008C,YOR173W,0,-3.7871397,0.06480186432600021,0.13899999856948853,0.20059999823570251
YJR069C,YHR072W-A,0,-3.7874997,0.06477166712284088,0.13899999856948853,0.20069999992847443
YJL173C,YBR217W,0,-3.7877953,0.06474149972200394,0.13899999856948853,0.20080000162124634
YGL025C,YJR059W,0,-3.788078,0.06471136212348938,0.13899999856948853,0.20090000331401825
YGL021W,YJL011C,0,-3.788236,0.06468124687671661,0.13899999856948853,0.20100000500679016
YFL017W-A,YCL051W,0,-3.7884245,0.06465116143226624,0.13899999856948853,0.20110000669956207
YLR397C,YDL077C,0,-3.7892363,0.06462110579013824,0.13899999856948853,0.2011999934911728
YNR026C,YDR146C,0,-3.7897656,0.06459107995033264,0.13899999856948853,0.2012999951839447
YGL063W,YGL086W,0,-3.7899883,0.06456107646226883,0.13899999856948853,0.2013999968767166
YOL069W,YPR009W,0,-3.7903097,0.0645311027765274,0.13899999856948853,0.20149999856948853
YEL015W,YOR297C,0,-3.790341,0.06450115889310837,0.13899999856948853,0.20160000026226044
YPL212C,YLR117C,0,-3.7906587,0.06447124481201172,0.13899999856948853,0.20170000195503235
YJR125C,YJR022W,0,-3.7906725,0.06444135308265686,0.13899999856948853,0.20180000364780426
YDR147W,YHR042W,0,-3.7910354,0.06441149115562439,0.13899999856948853,0.20190000534057617
YLR092W,YOL077W-A,1,-3.7911558,0.06484483927488327,0.14000000059604645,0.20190000534057617
YGR191W,YPL036W,1,-3.7916257,0.06527777761220932,0.14100000262260437,0.20190000534057617
YIL023C,YLR411W,1,-3.7924116,0.06571032106876373,0.1420000046491623,0.20190000534057617
YGR195W,YOL101C,0,-3.7948415,0.06567992269992828,0.1420000046491623,0.20200000703334808
YGL129C,YMR175W,0,-3.7951438,0.06564956158399582,0.1420000046491623,0.2020999938249588
YDR259C,YDL220C,0,-3.7969978,0.06561922281980515,0.1420000046491623,0.2021999955177307
YLR277C,YOR298C-A,0,-3.7974594,0.06558891385793686,0.1420000046491623,0.20229999721050262
YOL089C,YGR186W,0,-3.7974613,0.06555863469839096,0.1420000046491623,0.20239999890327454
YAL003W,YBL009W,0,-3.7974808,0.06552837789058685,0.1420000046491623,0.20250000059604645
YGR008C,YJL094C,1,-3.797743,0.06595940887928009,0.14300000667572021,0.20250000059604645
YNR032C-A,YLR268W,0,-3.7979639,0.06592900305986404,0.14300000667572021,0.20260000228881836
YMR039C,YOR173W,0,-3.7981343,0.06589861959218979,0.14300000667572021,0.20270000398159027
YAL044C,YDL105W,0,-3.7981837,0.06586826592683792,0.14300000667572021,0.20280000567436218
YDR492W,YPR052C,0,-3.7986424,0.06583793461322784,0.14300000667572021,0.2029000073671341
YOR179C,YER044C-A,0,-3.799735,0.06580764055252075,0.14300000667572021,0.2029999941587448
YPL010W,YGR113W,0,-3.799876,0.06577736884355545,0.14300000667572021,0.20309999585151672
YIR021W,YDR058C,0,-3.800619,0.06574712693691254,0.14300000667572021,0.20319999754428864
YOL043C,YHR169W,0,-3.8007011,0.06571691483259201,0.14300000667572021,0.20329999923706055
YCR106W,YPL082C,0,-3.8010333,0.06568672508001328,0.14300000667572021,0.20340000092983246
YEL053C,YER109C,0,-3.8021252,0.06565656512975693,0.14300000667572021,0.20350000262260437
YKR089C,YCL005W-A,0,-3.802929,0.06562643498182297,0.14300000667572021,0.20360000431537628
YJL210W,YPR200C,0,-3.80309,0.0655963271856308,0.14300000667572021,0.2037000060081482
YLR160C,YLR197W,0,-3.8037379,0.06556625664234161,0.14300000667572021,0.2037999927997589
YOL077W-A,YOR316C,1,-3.8040113,0.0659945011138916,0.14399999380111694,0.2037999927997589
YDR492W,YGR063C,0,-3.804031,0.06596426665782928,0.14399999380111694,0.20389999449253082
YHR164C,YGL194C,0,-3.8040407,0.06593406945466995,0.14399999380111694,0.20399999618530273
YIR026C,YOL002C,0,-3.8044274,0.06590388715267181,0.14399999380111694,0.20409999787807465
YER172C,YAL023C,0,-3.8046005,0.06587374210357666,0.14399999380111694,0.20419999957084656
YLR092W,YOR137C,1,-3.8047485,0.06630086898803711,0.14499999582767487,0.20419999957084656
YGL035C,YMR073C,0,-3.8050184,0.06627056747674942,0.14499999582767487,0.20430000126361847
YGL226C-A,YDR113C,0,-3.8051105,0.06624029576778412,0.14499999582767487,0.20440000295639038
YDR545W,YOL045W,0,-3.8054235,0.06621004641056061,0.14499999582767487,0.2045000046491623
YLR405W,YBR093C,0,-3.8054647,0.06617982685565948,0.14499999582767487,0.2046000063419342
YDR364C,YLR167W,0,-3.8056548,0.06614963710308075,0.14499999582767487,0.20469999313354492
YER151C,YDL245C,0,-3.8072298,0.0661194697022438,0.14499999582767487,0.20479999482631683
YPL117C,YNL250W,0,-3.8073375,0.06608933210372925,0.14499999582767487,0.20489999651908875
YMR287C,YNL257C,0,-3.8073847,0.06605922430753708,0.14499999582767487,0.20499999821186066
YIL080W,YLR009W,0,-3.8075192,0.0660291463136673,0.14499999582767487,0.20509999990463257
YLR092W,YJR077C,1,-3.8076081,0.06645425409078598,0.1459999978542328,0.20509999990463257
YHR006W,YHL036W,0,-3.8080685,0.06642401963472366,0.1459999978542328,0.20520000159740448
YOR185C,YNL264C,0,-3.808236,0.06639381498098373,0.1459999978542328,0.2053000032901764
YMR162C,YFR019W,0,-3.808277,0.0663636326789856,0.1459999978542328,0.2054000049829483
YKR059W,YHR072W-A,0,-3.8088222,0.06633348762989044,0.1459999978542328,0.20550000667572021
YCR067C,YLR048W,0,-3.809029,0.06630335748195648,0.1459999978542328,0.20559999346733093
YJR006W,YOR110W,0,-3.8097956,0.0662732645869255,0.1459999978542328,0.20569999516010284
YPL241C,YHR059W,0,-3.8102596,0.06624319404363632,0.1459999978542328,0.20579999685287476
YPR171W,YML093W,0,-3.8104138,0.06621315330266953,0.1459999978542328,0.20589999854564667
YMR232W,YOL006C,0,-3.8107398,0.06618313491344452,0.1459999978542328,0.20600000023841858
YDR424C,YDR404C,0,-3.8124259,0.0661531463265419,0.1459999978542328,0.2061000019311905
YMR035W,YJR042W,0,-3.8129628,0.06612318754196167,0.1459999978542328,0.2062000036239624
YML048W,YIL066C,0,-3.8132093,0.06609325855970383,0.1459999978542328,0.20630000531673431
YKL182W,YMR266W,0,-3.8133857,0.06606335192918777,0.1459999978542328,0.20640000700950623
YNL275W,YKR039W,0,-3.8134127,0.06603346765041351,0.1459999978542328,0.20649999380111694
YHR013C,YPL269W,0,-3.8136172,0.06600361317396164,0.1459999978542328,0.20659999549388885
YOR259C,YDR009W,0,-3.8136282,0.06597378849983215,0.1459999978542328,0.20669999718666077
YDL100C,YPL093W,0,-3.8138158,0.06594399362802505,0.1459999978542328,0.20679999887943268
YCR037C,YEL065W,1,-3.8138921,0.06636568903923035,0.1469999998807907,0.20679999887943268
YER068W,YLR276C,0,-3.8142586,0.06633573770523071,0.1469999998807907,0.2069000005722046
YDL095W,YGL144C,0,-3.8148243,0.06630581617355347,0.1469999998807907,0.2070000022649765
YBR295W,YDR384C,1,-3.8154354,0.06672678142786026,0.14800000190734863,0.2070000022649765
YBR161W,YGL089C,0,-3.8157022,0.06669671088457108,0.14800000190734863,0.2071000039577484
YLL061W,YIL167W,0,-3.8163166,0.06666667014360428,0.14800000190734863,0.20720000565052032
YFR050C,YGR088W,0,-3.8165495,0.06663665175437927,0.14800000190734863,0.20730000734329224
YOR287C,YOR208W,0,-3.8170393,0.06660666316747665,0.14800000190734863,0.20739999413490295
YJL041W,YOR095C,0,-3.817268,0.06657669693231583,0.14800000190734863,0.20749999582767487
YDR358W,YLR381W,0,-3.8177507,0.06654676049947739,0.14800000190734863,0.20759999752044678
YER073W,YNL299W,0,-3.8183076,0.06651685386896133,0.14800000190734863,0.2076999992132187
YBL013W,YDR447C,0,-3.818765,0.06648696959018707,0.14800000190734863,0.2078000009059906
YIL068C,YMR016C,0,-3.818873,0.0664571151137352,0.14800000190734863,0.2079000025987625
YOR156C,YFL039C,0,-3.819176,0.06642729043960571,0.14800000190734863,0.20800000429153442
YLR107W,YBR237W,0,-3.8192718,0.06639748811721802,0.14800000190734863,0.20810000598430634
YCL008C,YGL180W,0,-3.819478,0.06636771559715271,0.14800000190734863,0.20819999277591705
YEL065W,YNR013C,1,-3.820039,0.06678619235754013,0.14900000393390656,0.20819999277591705
YEL057C,YMR229C,0,-3.820807,0.06675627082586288,0.14900000393390656,0.20829999446868896
YCR086W,YOR230W,0,-3.8211873,0.06672637909650803,0.14900000393390656,0.20839999616146088
YOR143C,YOL090W,0,-3.8211973,0.06669650971889496,0.14900000393390656,0.2084999978542328
YNL264C,YBR233W-A,0,-3.8214016,0.06666667014360428,0.14900000393390656,0.2085999995470047
YHR070W,YFL059W,0,-3.8219473,0.06663685292005539,0.14900000393390656,0.2087000012397766
YNL062C,YBR243C,0,-3.8220642,0.06660706549882889,0.14900000393390656,0.20880000293254852
YGR211W,YKL130C,0,-3.822338,0.06657730042934418,0.14900000393390656,0.20890000462532043
YFL025C,YDR479C,0,-3.8225,0.06654756516218185,0.14900000393390656,0.20900000631809235
YER083C,YLR165C,0,-3.8229182,0.06651785969734192,0.14900000393390656,0.20909999310970306
YGR078C,YKL080W,0,-3.8230922,0.06648817658424377,0.14900000393390656,0.20919999480247498
YLL041C,YGL055W,0,-3.8234477,0.06645851582288742,0.14900000393390656,0.2092999964952469
YBL040C,YCR066W,0,-3.8235347,0.06642889231443405,0.14900000393390656,0.2093999981880188
YNL161W,YBR118W,0,-3.823656,0.06639928370714188,0.14900000393390656,0.2094999998807907
YML028W,YKL025C,0,-3.8241093,0.06636971235275269,0.14900000393390656,0.20960000157356262
YIL023C,YCR098C,1,-3.824879,0.06678539514541626,0.15000000596046448,0.20960000157356262
YOR267C,YOL059W,0,-3.8255327,0.06675567477941513,0.15000000596046448,0.20970000326633453
YLR056W,YPL228W,0,-3.8257768,0.06672597676515579,0.15000000596046448,0.20980000495910645
YJR066W,YDL244W,0,-3.8263876,0.06669630855321884,0.15000000596046448,0.20990000665187836
YHR008C,YOR040W,0,-3.8266919,0.06666667014360428,0.15000000596046448,0.20999999344348907
YNR032C-A,YGR268C,0,-3.8271804,0.06663704663515091,0.15000000596046448,0.210099995136261
YCR010C,YDR456W,1,-3.827371,0.06705150753259659,0.1509999930858612,0.210099995136261
YJL058C,YOR229W,0,-3.8275473,0.06702174991369247,0.1509999930858612,0.2101999968290329
YPR110C,YJR112W,0,-3.8282964,0.06699201464653015,0.1509999930858612,0.2102999985218048
YGR080W,YER062C,0,-3.82843,0.06696230918169022,0.1509999930858612,0.21040000021457672
YMR051C,YBR247C,0,-3.8288214,0.06693262606859207,0.1509999930858612,0.21050000190734863
YHR123W,YCR005C,0,-3.8288352,0.06690296530723572,0.1509999930858612,0.21060000360012054
YML078W,YJR084W,0,-3.8295166,0.06687334179878235,0.1509999930858612,0.21070000529289246
YPL051W,YOL127W,0,-3.830135,0.06684373319149017,0.1509999930858612,0.21080000698566437
YDL170W,YNL012W,0,-3.830702,0.06681416183710098,0.1509999930858612,0.21089999377727509
YGR281W,YGL045W,0,-3.8310375,0.06678460538387299,0.1509999930858612,0.210999995470047
YBL099W,YKR052C,1,-3.8314457,0.06719717383384705,0.15199999511241913,0.210999995470047
YFL057C,YKL194C,0,-3.8315518,0.06716747581958771,0.15199999511241913,0.2110999971628189
YGR008C,YOR381W,1,-3.8335602,0.06757950782775879,0.15299999713897705,0.2110999971628189
YNL053W,YOR173W,0,-3.8336554,0.06754966825246811,0.15299999713897705,0.21119999885559082
YNL259C,YDR384C,1,-3.8338614,0.06796116381883621,0.15399999916553497,0.21119999885559082
YCR092C,YLL012W,0,-3.8338668,0.06793119013309479,0.15399999916553497,0.21130000054836273
YGR289C,YNR074C,0,-3.8345795,0.06790123134851456,0.15399999916553497,0.21140000224113464
YGR289C,YGL032C,0,-3.8347616,0.06787130981683731,0.15399999916553497,0.21150000393390656
YDR411C,YHR129C,0,-3.834819,0.06784141063690186,0.15399999916553497,0.21160000562667847
YDR448W,YMR016C,0,-3.8348236,0.06781153380870819,0.15399999916553497,0.21170000731945038
YOL082W,YNL130C,0,-3.8348877,0.06778168678283691,0.15399999916553497,0.2117999941110611
YOR027W,YEL019C,0,-3.8353336,0.06775186955928802,0.15399999916553497,0.211899995803833
YJR035W,YBL079W,0,-3.836524,0.06772207468748093,0.15399999916553497,0.21199999749660492
YNR032W,YMR023C,0,-3.8365266,0.06769230961799622,0.15399999916553497,0.21209999918937683
YDR449C,YNR056C,0,-3.8367813,0.0676625669002533,0.15399999916553497,0.21220000088214874
YGL155W,YPL202C,0,-3.8369088,0.06763284653425217,0.15399999916553497,0.21230000257492065
YKL172W,YLR126C,0,-3.8376045,0.06760316342115402,0.15399999916553497,0.21240000426769257
YLR129W,YEL018W,0,-3.8377068,0.06757349520921707,0.15399999916553497,0.21250000596046448
YDR009W,YCL038C,0,-3.837832,0.06754385679960251,0.15399999916553497,0.2125999927520752
YGL028C,YHR070W,0,-3.8382196,0.06751424819231033,0.15399999916553497,0.2126999944448471
YGL183C,YMR100W,0,-3.838606,0.06748466193675995,0.15399999916553497,0.21279999613761902
YDL227C,YOR341W,0,-3.8388205,0.06745510548353195,0.15399999916553497,0.21289999783039093
YGR257C,YGL255W,1,-3.8393314,0.06786339730024338,0.1550000011920929,0.21289999783039093
YNL327W,YNL039W,0,-3.8402874,0.06783369928598404,0.1550000011920929,0.21299999952316284
YBR289W,YLL026W,0,-3.8406663,0.06780402362346649,0.1550000011920929,0.21310000121593475
YKL220C,YBR296C,1,-3.8411186,0.068211629986763,0.15600000321865082,0.21310000121593475
YGL112C,YNL250W,0,-3.8412187,0.06818182021379471,0.15600000321865082,0.21320000290870667
YJR137C,YMR029C,0,-3.8413014,0.0681520327925682,0.15600000321865082,0.21330000460147858
YER174C,YOR361C,0,-3.841537,0.0681222677230835,0.15600000321865082,0.2134000062942505
YAL032C,YAL051W,0,-3.8417537,0.06809253245592117,0.15600000321865082,0.2134999930858612
YDR276C,YLR411W,1,-3.8420742,0.0684991255402565,0.15700000524520874,0.2134999930858612
YLR110C,YDL160C,0,-3.8421385,0.06846925616264343,0.15700000524520874,0.21359999477863312
YAL025C,YDL099W,0,-3.842353,0.06843940913677216,0.15700000524520874,0.21369999647140503
YDR159W,YKR063C,0,-3.8426,0.06840958446264267,0.15700000524520874,0.21379999816417694
YER019C-A,YJL056C,0,-3.8426416,0.06837978959083557,0.15700000524520874,0.21389999985694885
YGL162W,YMR208W,0,-3.8429048,0.06835002452135086,0.15700000524520874,0.21400000154972076
YFL013C,YHR196W,0,-3.8430743,0.06832028180360794,0.15700000524520874,0.21410000324249268
YCR031C,YOR094W,0,-3.843323,0.06829056143760681,0.15700000524520874,0.2142000049352646
YPL051W,YGL021W,0,-3.8433592,0.06826087087392807,0.15700000524520874,0.2143000066280365
YDR449C,YIR005W,0,-3.8435957,0.06823120266199112,0.15700000524520874,0.21439999341964722
YDR527W,YGL247W,0,-3.8441536,0.06820156425237656,0.15700000524520874,0.21449999511241913
YOL133W,YLR424W,0,-3.844542,0.06817194819450378,0.15700000524520874,0.21459999680519104
YLR160C,YDR300C,0,-3.8446372,0.0681423619389534,0.15700000524520874,0.21469999849796295
YHL036W,YER162C,0,-3.846156,0.0681127980351448,0.15700000524520874,0.21480000019073486
YJL106W,YOR226C,0,-3.8463397,0.0680832639336586,0.15700000524520874,0.21490000188350677
YBR037C,YJL133W,1,-3.8463838,0.06848721206188202,0.15800000727176666,0.21490000188350677
YLR141W,YPL100W,0,-3.8470223,0.06845753639936447,0.15800000727176666,0.2150000035762787
YML099C,YJR070C,0,-3.8470469,0.06842789053916931,0.15800000727176666,0.2151000052690506
YOR027W,YMR260C,0,-3.8471463,0.06839826703071594,0.15800000727176666,0.2152000069618225
YIL173W,YOL049W,0,-3.8477135,0.06836867332458496,0.15800000727176666,0.21529999375343323
YML081C-A,YFL041W,1,-3.8480284,0.06877162307500839,0.1589999943971634,0.21529999375343323
YER147C,YOR056C,0,-3.8484075,0.06874189525842667,0.1589999943971634,0.21539999544620514
YNL246W,YBR091C,0,-3.8484848,0.06871218979358673,0.1589999943971634,0.21549999713897705
YBL103C,YLR430W,0,-3.8487604,0.06868250668048859,0.1589999943971634,0.21559999883174896
YGL054C,YBL039C,0,-3.8490674,0.06865285336971283,0.1589999943971634,0.21570000052452087
YER127W,YPR101W,0,-3.8492262,0.06862322241067886,0.1589999943971634,0.21580000221729279
YFL041W,YGR008C,1,-3.849597,0.06902502477169037,0.1599999964237213,0.21580000221729279
YEL062W,YHR139C,0,-3.849851,0.06899525970220566,0.1599999964237213,0.2159000039100647
YDR270W,YBR039W,1,-3.850052,0.06939655542373657,0.16099999845027924,0.2159000039100647
YDR358W,YDR131C,0,-3.8501265,0.06936664879322052,0.16099999845027924,0.2160000056028366
YDR422C,YKL182W,0,-3.850359,0.06933677941560745,0.16099999845027924,0.21610000729560852
YGR161C,YPR161C,0,-3.8506706,0.06930693238973618,0.16099999845027924,0.21619999408721924
YBR212W,YHR048W,0,-3.8507423,0.06927710771560669,0.16099999845027924,0.21629999577999115
YHR129C,YHR056C,0,-3.851098,0.06924731284379959,0.16099999845027924,0.21639999747276306
YNR002C,YBR296C,1,-3.8511698,0.06964746117591858,0.16200000047683716,0.21639999747276306
YDR247W,YLR337C,0,-3.8513224,0.06961753219366074,0.16200000047683716,0.21649999916553497
YBL098W,YJR144W,0,-3.8513584,0.06958762556314468,0.16200000047683716,0.21660000085830688
YGR157W,YBR216C,0,-3.8514328,0.06955774873495102,0.16200000047683716,0.2167000025510788
YBR293W,YOR173W,0,-3.8514335,0.06952789425849915,0.16200000047683716,0.2168000042438507
YLR175W,YBR049C,0,-3.851558,0.06949806958436966,0.16200000047683716,0.21690000593662262
YDR419W,YBR083W,0,-3.8517425,0.06946826726198196,0.16200000047683716,0.21699999272823334
YBR171W,YHR129C,0,-3.8536408,0.06943849474191666,0.16200000047683716,0.21709999442100525
YLR167W,YML093W,0,-3.8540618,0.06940873712301254,0.16200000047683716,0.21719999611377716
YLL009C,YLR411W,1,-3.8542345,0.06980728358030319,0.16300000250339508,0.21719999611377716
YPR024W,YEL031W,0,-3.8545284,0.06977739930152893,0.16300000250339508,0.21729999780654907
YOL112W,YHR094C,0,-3.854676,0.06974753737449646,0.16300000250339508,0.21739999949932098
YEL029C,YOL101C,0,-3.8546765,0.06971770524978638,0.16300000250339508,0.2175000011920929
YBL003C,YOR079C,0,-3.8549092,0.06968790292739868,0.16300000250339508,0.2176000028848648
YBL098W,YGR135W,0,-3.8550982,0.06965812295675278,0.16300000250339508,0.21770000457763672
YOR120W,YBR167C,0,-3.8555844,0.06962836533784866,0.16300000250339508,0.21780000627040863
YMR035W,YNL286W,0,-3.8562443,0.06959863007068634,0.16300000250339508,0.21789999306201935
YPL082C,YJR145C,0,-3.8566854,0.069568932056427,0.16300000250339508,0.21799999475479126
YOR056C,YGR286C,0,-3.8567226,0.06953924894332886,0.16300000250339508,0.21809999644756317
YDR320C-A,YIL144W,0,-3.8569918,0.0695095956325531,0.16300000250339508,0.21819999814033508
YDL030W,YNL302C,0,-3.8570151,0.06947996467351913,0.16300000250339508,0.218299999833107
YGR247W,YDR219C,0,-3.8570187,0.06945036351680756,0.16300000250339508,0.2184000015258789
YGR275W,YJR147W,0,-3.857054,0.06942078471183777,0.16300000250339508,0.21850000321865082
YLR337C,YNL286W,0,-3.8574407,0.06939122825860977,0.16300000250339508,0.21860000491142273
YJL053W,YJL170C,0,-3.857614,0.06936170160770416,0.16300000250339508,0.21870000660419464
YEL004W,YPL055C,0,-3.857677,0.06933219730854034,0.16300000250339508,0.21879999339580536
YGL054C,YLR074C,0,-3.8578894,0.06930272281169891,0.16300000250339508,0.21889999508857727
YNL331C,YJL089W,0,-3.8580284,0.06927327066659927,0.16300000250339508,0.21899999678134918
YPL049C,YHR081W,0,-3.8581686,0.06924384087324142,0.16300000250339508,0.2190999984741211
YNR011C,YAL038W,0,-3.8584673,0.06921444088220596,0.16300000250339508,0.219200000166893
YLR044C,YJR002W,0,-3.858482,0.0691850557923317,0.16300000250339508,0.21930000185966492
YLR008C,YBR083W,0,-3.858735,0.06915570795536041,0.16300000250339508,0.21940000355243683
YBR289W,YBR233W-A,0,-3.858754,0.06912637501955032,0.16300000250339508,0.21950000524520874
YBR294W,YDR276C,1,-3.8589501,0.0695209801197052,0.164000004529953,0.21950000524520874
YLR131C,YLR304C,0,-3.8593905,0.06949152797460556,0.164000004529953,0.21960000693798065
YHR123W,YGR178C,0,-3.859718,0.06946209073066711,0.164000004529953,0.21969999372959137
YJL041W,YGL014W,0,-3.8597505,0.06943268328905106,0.164000004529953,0.21979999542236328
YGL105W,YFL025C,0,-3.86014,0.06940329819917679,0.164000004529953,0.2198999971151352
YFL058W,YGL092W,0,-3.8602457,0.06937394291162491,0.164000004529953,0.2199999988079071
YKL220C,YEL065W,1,-3.8603356,0.06976744532585144,0.16500000655651093,0.2199999988079071
YKR039W,YPR125W,0,-3.8604546,0.06973795592784882,0.16500000655651093,0.22010000050067902
YPR183W,YKL152C,0,-3.860479,0.06970848888158798,0.16500000655651093,0.22020000219345093
YPL078C,YOR137C,1,-3.8606195,0.07010135054588318,0.16599999368190765,0.22020000219345093
YDR270W,YKL064W,1,-3.8606927,0.07049387693405151,0.16699999570846558,0.22020000219345093
YBR037C,YKR052C,1,-3.8619688,0.07088607549667358,0.1679999977350235,0.22020000219345093
YGR008C,YLR411W,1,-3.8619783,0.07127793878316879,0.16899999976158142,0.22020000219345093
YLR362W,YNL327W,0,-3.8620446,0.0712478905916214,0.16899999976158142,0.22030000388622284
YGL033W,YIL004C,0,-3.8622706,0.0712178647518158,0.16899999976158142,0.22040000557899475
YLR277C,YDR108W,0,-3.8624513,0.07118786871433258,0.16899999976158142,0.22050000727176666
YDR299W,YGR175C,0,-3.8626134,0.07115789502859116,0.16899999976158142,0.22059999406337738
YER174C,YNL110C,0,-3.86305,0.07112794369459152,0.16899999976158142,0.2206999957561493
YFL057C,YLR384C,0,-3.8631723,0.07109802216291428,0.16899999976158142,0.2207999974489212
YDL031W,YHR039C,0,-3.8635738,0.07106812298297882,0.16899999976158142,0.22089999914169312
YPL266W,YBR244W,0,-3.863987,0.07103825360536575,0.16899999976158142,0.22100000083446503
YLR442C,YIL048W,0,-3.8640351,0.07100840657949448,0.16899999976158142,0.22110000252723694
YDR259C,YBR217W,0,-3.8647501,0.07097858190536499,0.16899999976158142,0.22120000422000885
YPR183W,YLR321C,0,-3.8661625,0.0709487795829773,0.16899999976158142,0.22130000591278076
YKR031C,YAR019C,0,-3.866194,0.07091900706291199,0.16899999976158142,0.22139999270439148
YDL132W,YML014W,0,-3.8663375,0.07088926434516907,0.16899999976158142,0.2214999943971634
YOR347C,YIL037C,0,-3.8663504,0.07085953652858734,0.16899999976158142,0.2215999960899353
YBR098W,YHR154W,0,-3.8663716,0.070829838514328,0.16899999976158142,0.22169999778270721
YKL089W,YDR300C,0,-3.8675036,0.07080017030239105,0.16899999976158142,0.22179999947547913
YDL007W,YJR084W,0,-3.867798,0.0707705169916153,0.16899999976158142,0.22190000116825104
YKL179C,YKR057W,0,-3.8682039,0.07074089348316193,0.16899999976158142,0.22200000286102295
YBR279W,YMR079W,0,-3.8684373,0.07071129977703094,0.16899999976158142,0.22210000455379486
YGL008C,YPR067W,1,-3.8685057,0.07109995931386948,0.17000000178813934,0.22210000455379486
YGR171C,YFL011W,0,-3.868547,0.07107023149728775,0.17000000178813934,0.22220000624656677
YNR057C,YKR086W,0,-3.8686779,0.07104053348302841,0.17000000178813934,0.2222999930381775
YLR272C,YHR055C,0,-3.8693304,0.07101085782051086,0.17000000178813934,0.2223999947309494
YKL042W,YGL175C,0,-3.869415,0.0709812119603157,0.17000000178813934,0.2224999964237213
YJR002W,YLR380W,0,-3.869469,0.07095158845186234,0.17000000178813934,0.22259999811649323
YFL025C,YGL097W,0,-3.869672,0.07092198729515076,0.17000000178813934,0.22269999980926514
YAR015W,YOR231W,0,-3.869763,0.07089240849018097,0.17000000178813934,0.22280000150203705
YER070W,YJL116C,0,-3.8699644,0.07086285948753357,0.17000000178813934,0.22290000319480896
YER073W,YIL079C,0,-3.8700676,0.07083333283662796,0.17000000178813934,0.22300000488758087
YIL117C,YNL101W,0,-3.870198,0.07080382853746414,0.17000000178813934,0.22310000658035278
YCR073C,YDR363W-A,0,-3.870223,0.07077435404062271,0.17000000178813934,0.2231999933719635
YGR257C,YEL065W,1,-3.8703709,0.07116104662418365,0.17100000381469727,0.2231999933719635
YER020W,YJL112W,0,-3.8704185,0.07113144546747208,0.17100000381469727,0.2232999950647354
YGL155W,YML047C,0,-3.8709779,0.07110187411308289,0.17100000381469727,0.22339999675750732
YOR143C,YLR449W,0,-3.8713167,0.07107231765985489,0.17100000381469727,0.22349999845027924
YEL012W,YOR195W,0,-3.8715513,0.07104279100894928,0.17100000381469727,0.22360000014305115
YPL269W,YKR057W,0,-3.872288,0.07101328670978546,0.17100000381469727,0.22370000183582306
YPL269W,YGL209W,0,-3.8723323,0.07098381221294403,0.17100000381469727,0.22380000352859497
YPL078C,YEL065W,1,-3.8732164,0.07136929780244827,0.1720000058412552,0.22380000352859497
YPL078C,YOL077W-A,1,-3.8733656,0.07175445556640625,0.17299999296665192,0.22380000352859497
YMR011W,YLL031C,0,-3.8734155,0.07172471284866333,0.17299999296665192,0.22390000522136688
YPL130W,YPL256C,0,-3.8738139,0.0716949850320816,0.17299999296665192,0.2240000069141388
YHR005C-A,YHL036W,0,-3.8738515,0.07166528701782227,0.17299999296665192,0.2240999937057495
YOL038W,YMR069W,0,-3.8739128,0.07163561135530472,0.17299999296665192,0.22419999539852142
YGL194C,YEL024W,0,-3.8744416,0.07160595804452896,0.17299999296665192,0.22429999709129333
YNL021W,YER126C,0,-3.876002,0.07157633453607559,0.17299999296665192,0.22439999878406525
YOR334W,YDR040C,1,-3.8760436,0.07196030020713806,0.17399999499320984,0.22439999878406525
YOL077W-A,YGR191W,1,-3.8760872,0.07234394550323486,0.17499999701976776,0.22439999878406525
YNL274C,YPL269W,0,-3.8762448,0.07231404632329941,0.17499999701976776,0.22450000047683716
YLL061W,YCR005C,0,-3.8766274,0.07228417694568634,0.17499999701976776,0.22460000216960907
YER151C,YJL091C,0,-3.8766549,0.07225433737039566,0.17499999701976776,0.22470000386238098
YJR060W,YPR080W,0,-3.876671,0.07222451269626617,0.17499999701976776,0.2248000055551529
YBL033C,YLR451W,0,-3.8769424,0.07219471782445908,0.17499999701976776,0.2249000072479248
YPL118W,YBL075C,0,-3.8775928,0.07216494530439377,0.17499999701976776,0.22499999403953552
YLR044C,YOR250C,0,-3.8777494,0.07213520258665085,0.17499999701976776,0.22509999573230743
YEL069C,YHR169W,0,-3.8778672,0.07210548222064972,0.17499999701976776,0.22519999742507935
YPL082C,YBR038W,0,-3.8779533,0.07207578420639038,0.17499999701976776,0.22529999911785126
YPL091W,YLR381W,0,-3.8781157,0.07204610854387283,0.17499999701976776,0.22540000081062317
YBR004C,YDR273W,0,-3.8787727,0.07201646268367767,0.17499999701976776,0.22550000250339508
YMR186W,YPR007C,0,-3.8787987,0.0719868391752243,0.17499999701976776,0.225600004196167
YJR135W-A,YDR301W,0,-3.87901,0.07195723801851273,0.17499999701976776,0.2257000058889389
YBR069C,YKL134C,0,-3.8790462,0.07192765921354294,0.17499999701976776,0.22579999268054962
YCL033C,YAL010C,0,-3.8799834,0.07189811021089554,0.17499999701976776,0.22589999437332153
YLR449W,YHL028W,0,-3.8800004,0.07186858355998993,0.17499999701976776,0.22599999606609344
YBL063W,YOR068C,0,-3.8801808,0.07183907926082611,0.17499999701976776,0.22609999775886536
YDR302W,YNL164C,0,-3.880281,0.07180960476398468,0.17499999701976776,0.22619999945163727
YPL078C,YLR092W,1,-3.8802855,0.07219032198190689,0.17599999904632568,0.22619999945163727
YBR272C,YER044C,0,-3.880854,0.07216072082519531,0.17599999904632568,0.22630000114440918
YGL133W,YKL042W,0,-3.881015,0.07213114947080612,0.17599999904632568,0.2264000028371811
YER072W,YJL056C,0,-3.881058,0.07210160046815872,0.17599999904632568,0.226500004529953
YMR015C,YER083C,0,-3.8815105,0.07207207381725311,0.17599999904632568,0.22660000622272491
YBR083W,YKL130C,0,-3.881617,0.0720425695180893,0.17599999904632568,0.22669999301433563
YOR117W,YPR119W,0,-3.8817313,0.07201309502124786,0.17599999904632568,0.22679999470710754
YBR294W,YML081C-A,1,-3.8823028,0.07239263504743576,0.1770000010728836,0.22679999470710754
YMR106C,YNL302C,0,-3.8827877,0.07236304134130478,0.1770000010728836,0.22689999639987946
YEL017C-A,YIL121W,1,-3.8833435,0.07274213433265686,0.17800000309944153,0.22689999639987946
YKR081C,YAL042W,0,-3.8833718,0.07271242141723633,0.17800000309944153,0.22699999809265137
YJL072C,YML024W,0,-3.8835564,0.07268273085355759,0.17800000309944153,0.22709999978542328
YGR257C,YPR201W,1,-3.883573,0.07306122779846191,0.17900000512599945,0.22709999978542328
YOR210W,YBR172C,0,-3.8847768,0.07303141802549362,0.17900000512599945,0.2272000014781952
YPL060W,YLR092W,1,-3.8848984,0.07340946048498154,0.18000000715255737,0.2272000014781952
YDR004W,YHR061C,0,-3.8849308,0.07337953895330429,0.18000000715255737,0.2273000031709671
YDR028C,YFR040W,0,-3.8852887,0.07334963232278824,0.18000000715255737,0.227400004863739
YKR089C,YPL204W,0,-3.8854103,0.07331975549459457,0.18000000715255737,0.22750000655651093
YPL209C,YNL110C,0,-3.886257,0.0732899010181427,0.18000000715255737,0.22759999334812164
YLR129W,YGR014W,0,-3.8866758,0.07326007634401321,0.18000000715255737,0.22769999504089355
YHR191C,YLR216C,0,-3.8872807,0.07323026657104492,0.18000000715255737,0.22779999673366547
YGL063W,YCL038C,0,-3.8874912,0.07320048660039902,0.18000000715255737,0.22789999842643738
YDL029W,YGL178W,0,-3.8875668,0.0731707289814949,0.18000000715255737,0.2280000001192093
YHR008C,YJR022W,0,-3.887697,0.07314100116491318,0.18000000715255737,0.2281000018119812
YIL121W,YBR106W,1,-3.887972,0.07351746410131454,0.1809999942779541,0.2281000018119812
YNL311C,YKL055C,0,-3.8885748,0.07348761707544327,0.1809999942779541,0.2282000035047531
YBR085W,YER167W,0,-3.8886037,0.07345779240131378,0.1809999942779541,0.22830000519752502
YDR147W,YHR092C,0,-3.8886297,0.07342799007892609,0.1809999942779541,0.22840000689029694
YDR450W,YMR112C,0,-3.888766,0.07339821755886078,0.1809999942779541,0.22849999368190765
YIL016W,YJL085W,0,-3.889397,0.07336846739053726,0.1809999942779541,0.22859999537467957
YOR034C,YCL026C-A,0,-3.8895125,0.07333873212337494,0.1809999942779541,0.22869999706745148
YGL008C,YDL128W,1,-3.8899448,0.07371405512094498,0.18199999630451202,0.22869999706745148
YOR334W,YGR008C,1,-3.8899767,0.07408906519412994,0.18299999833106995,0.22869999706745148
YNL250W,YFL037W,0,-3.8899987,0.07405908405780792,0.18299999833106995,0.2287999987602234
YFL058W,YPL267W,0,-3.8900616,0.07402912527322769,0.18299999833106995,0.2289000004529953
YHL003C,YMR232W,0,-3.8901696,0.07399918884038925,0.18299999833106995,0.2290000021457672
YOR261C,YGR179C,0,-3.8902407,0.0739692822098732,0.18299999833106995,0.22910000383853912
YOR344C,YGR014W,0,-3.8903239,0.07393939048051834,0.18299999833106995,0.22920000553131104
YML052W,YIL013C,0,-3.8904505,0.07390952855348587,0.18299999833106995,0.22930000722408295
YFR029W,YGR088W,0,-3.8907013,0.07387969642877579,0.18299999833106995,0.22939999401569366
YHR183W,YOL011W,0,-3.8908174,0.0738498792052269,0.18299999833106995,0.22949999570846558
YDR343C,YMR161W,0,-3.8910384,0.0738200917840004,0.18299999833106995,0.2295999974012375
YBR117C,YBR240C,0,-3.8910503,0.07379031926393509,0.18299999833106995,0.2296999990940094
YGL246C,YLR160C,0,-3.8911507,0.07376058399677277,0.18299999833106995,0.2298000007867813
YDR486C,YGL249W,0,-3.8911548,0.07373086363077164,0.18299999833106995,0.22990000247955322
YNR002C,YPR201W,1,-3.8915126,0.07410390675067902,0.18400000035762787,0.22990000247955322
YDR277C,YDL153C,0,-3.891568,0.07407407462596893,0.18400000035762787,0.23000000417232513
YIL098C,YLR200W,0,-3.8917725,0.07404426485300064,0.18400000035762787,0.23010000586509705
YGL247W,YER036C,0,-3.8920147,0.07401447743177414,0.18400000035762787,0.23019999265670776
YJR060W,YBL009W,0,-3.8920152,0.07398471981287003,0.18400000035762787,0.23029999434947968
YML011C,YGR172C,0,-3.8921473,0.0739549845457077,0.18400000035762787,0.2303999960422516
YOR083W,YKL182W,0,-3.8924255,0.07392527163028717,0.18400000035762787,0.2304999977350235
YNR002C,YDL128W,1,-3.8928049,0.07429718971252441,0.1850000023841858,0.2304999977350235
YJR074W,YHR031C,0,-3.892924,0.07426736503839493,0.1850000023841858,0.2305999994277954
YKL055C,YOL113W,0,-3.893134,0.07423756271600723,0.1850000023841858,0.23070000112056732
YOL011W,YNL031C,0,-3.8935657,0.07420778274536133,0.1850000023841858,0.23080000281333923
YCR037C,YLR411W,1,-3.8938453,0.07457899302244186,0.1860000044107437,0.23080000281333923
YKR029C,YHR066W,0,-3.8943164,0.074549101293087,0.1860000044107437,0.23090000450611115
YOR185C,YHR116W,0,-3.8945644,0.07451923191547394,0.1860000044107437,0.23100000619888306
YGL014W,YJL039C,0,-3.8950462,0.07448938488960266,0.1860000044107437,0.23109999299049377
YBL004W,YLR329W,0,-3.895734,0.07445956766605377,0.1860000044107437,0.23119999468326569
YMR216C,YGR284C,0,-3.8959472,0.07442977279424667,0.1860000044107437,0.2312999963760376
YPL209C,YKR056W,0,-3.8963416,0.07440000027418137,0.1860000044107437,0.2313999980688095
YBL106C,YNL241C,0,-3.896982,0.07437025010585785,0.1860000044107437,0.23149999976158142
YOL144W,YOR295W,0,-3.8970191,0.07434052973985672,0.1860000044107437,0.23160000145435333
YNL259C,YOL027C,1,-3.8977575,0.07471034675836563,0.18700000643730164,0.23160000145435333
YLR155C,YGR220C,0,-3.8980582,0.07468051463365555,0.18700000643730164,0.23170000314712524
YML036W,YCR075C,0,-3.8981845,0.07465069741010666,0.18700000643730164,0.23180000483989716
YCR098C,YOR316C,1,-3.8983502,0.0750199556350708,0.18799999356269836,0.23180000483989716
YDL148C,YPR183W,0,-3.8996322,0.07499002665281296,0.18799999356269836,0.23190000653266907
YLR216C,YNR057C,0,-3.90003,0.0749601274728775,0.18799999356269836,0.23199999332427979
YJR022W,YGL245W,0,-3.900727,0.07493025064468384,0.18799999356269836,0.2320999950170517
YBR057C,YLR102C,0,-3.9009264,0.07490039616823196,0.18799999356269836,0.2321999967098236
YJR053W,YNL332W,0,-3.9013453,0.07487057149410248,0.18799999356269836,0.23229999840259552
YMR231W,YIL167W,0,-3.901522,0.07484076172113419,0.18799999356269836,0.23240000009536743
YGR161C,YLR396C,0,-3.9017334,0.07481098175048828,0.18799999356269836,0.23250000178813934
YDR486C,YLR284C,0,-3.9017627,0.07478122413158417,0.18799999356269836,0.23260000348091125
YLR378C,YDR176W,0,-3.902569,0.07475148886442184,0.18799999356269836,0.23270000517368317
YLR346C,YDR146C,0,-3.9027917,0.07472178339958191,0.18799999356269836,0.23280000686645508
YBL009W,YNL186W,0,-3.903163,0.07469209283590317,0.18799999356269836,0.2328999936580658
YNL241C,YLR381W,0,-3.9031658,0.07466243207454681,0.18799999356269836,0.2329999953508377
YDR072C,YOR237W,0,-3.903228,0.07463279366493225,0.18799999356269836,0.23309999704360962
YNL053W,YFR040W,0,-3.9033213,0.07460317760705948,0.18799999356269836,0.23319999873638153
YPL078C,YCR098C,1,-3.903639,0.07497025281190872,0.1889999955892563,0.23319999873638153
YDR174W,YLR318W,0,-3.9047823,0.074940524995327,0.1889999955892563,0.23330000042915344
YNR053C,YNL121C,0,-3.9056258,0.07491081953048706,0.1889999955892563,0.23340000212192535
YDR281C,YBR129C,0,-3.9056473,0.07488114386796951,0.1889999955892563,0.23350000381469727
YJL061W,YER070W,0,-3.90565,0.07485148310661316,0.1889999955892563,0.23360000550746918
YMR052W,YGL244W,0,-3.9064252,0.0748218521475792,0.1889999955892563,0.2337000072002411
YBR058C-A,YBR129C,0,-3.9065204,0.07479224354028702,0.1889999955892563,0.2337999939918518
YNL304W,YDR479C,0,-3.9072404,0.07476265728473663,0.1889999955892563,0.23389999568462372
YGL022W,YKR099W,0,-3.9074752,0.07473309338092804,0.1889999955892563,0.23399999737739563
YLR272C,YKL035W,0,-3.9075196,0.07470355927944183,0.1889999955892563,0.23409999907016754
YNL206C,YAR015W,0,-3.9075694,0.07467404007911682,0.1889999955892563,0.23420000076293945
YOR287C,YLR219W,0,-3.9076831,0.0746445506811142,0.1889999955892563,0.23430000245571136
YNL106C,YCR073W-A,0,-3.9080431,0.07461508363485336,0.1889999955892563,0.23440000414848328
YOL069W,YIR010W,0,-3.908062,0.07458563894033432,0.1889999955892563,0.2345000058412552
YIL002C,YMR182C,0,-3.9081564,0.07455621659755707,0.1889999955892563,0.2345999926328659
YGL246C,YPL098C,0,-3.908572,0.0745268166065216,0.1889999955892563,0.23469999432563782
YML109W,YGR152C,0,-3.908594,0.07449743896722794,0.1889999955892563,0.23479999601840973
YKL040C,YBR154C,0,-3.908678,0.07446808367967606,0.1889999955892563,0.23489999771118164
YFL026W,YOL145C,0,-3.9086812,0.07443875819444656,0.1889999955892563,0.23499999940395355
YDR400W,YPR144C,0,-3.908991,0.07440944761037827,0.1889999955892563,0.23510000109672546
YOR260W,YDR515W,0,-3.9094195,0.07438016682863235,0.1889999955892563,0.23520000278949738
YFL013C,YJR022W,0,-3.909427,0.07435090839862823,0.1889999955892563,0.2353000044822693
YMR236W,YDL105W,0,-3.9102278,0.07432166486978531,0.1889999955892563,0.2354000061750412
YGL194C,YGR128C,0,-3.911128,0.07429245114326477,0.1889999955892563,0.23549999296665192
YER117W,YAR014C,0,-3.9111671,0.07426325976848602,0.1889999955892563,0.23559999465942383
YCL039W,YNL059C,0,-3.911287,0.07423409074544907,0.1889999955892563,0.23569999635219574
YPL211W,YGL257C,0,-3.9113004,0.0742049440741539,0.1889999955892563,0.23579999804496765
YMR173W,YOL105C,0,-3.911541,0.07417582720518112,0.1889999955892563,0.23589999973773956
YOL017W,YBR202W,0,-3.911556,0.07414672523736954,0.1889999955892563,0.23600000143051147
YDR481C,YGR166W,0,-3.9117482,0.07411764562129974,0.1889999955892563,0.2361000031232834
YBR294W,YEL027W,1,-3.9118025,0.07448059320449829,0.1899999976158142,0.2361000031232834
YJL089W,YEL012W,0,-3.9118047,0.07445140928030014,0.1899999976158142,0.2362000048160553
YDR080W,YOL095C,0,-3.9118316,0.07442224770784378,0.1899999976158142,0.2363000065088272
YML075C,YNL172W,0,-3.9120684,0.07439310848712921,0.1899999976158142,0.23639999330043793
YLL013C,YPL218W,0,-3.912493,0.07436399161815643,0.1899999976158142,0.23649999499320984
YIL026C,YOR233W,0,-3.9125357,0.07433489710092545,0.1899999976158142,0.23659999668598175
YIL117C,YJL112W,0,-3.9128942,0.07430582493543625,0.1899999976158142,0.23669999837875366
YGL038C,YER070W,0,-3.9129484,0.07427677512168884,0.1899999976158142,0.23680000007152557
YDR270W,YKL175W,1,-3.913401,0.07463853061199188,0.19099999964237213,0.23680000007152557
YNR053C,YDR484W,0,-3.9139755,0.07460937649011612,0.19099999964237213,0.23690000176429749
YGR088W,YPL046C,0,-3.9140158,0.07458024471998215,0.19099999964237213,0.2370000034570694
YOR267C,YOR032C,0,-3.9140432,0.07455113530158997,0.19099999964237213,0.2371000051498413
YIR019C,YOR361C,0,-3.9144895,0.07452204078435898,0.19099999964237213,0.23720000684261322
YIL101C,YDR427W,0,-3.9153097,0.07449297606945038,0.19099999964237213,0.23729999363422394
YAL026C,YDL231C,0,-3.9157386,0.07446394115686417,0.19099999964237213,0.23739999532699585
YDR492W,YNL159C,0,-3.916343,0.07443492114543915,0.19099999964237213,0.23749999701976776
YLR006C,YOR351C,0,-3.9165592,0.07440592348575592,0.19099999964237213,0.23759999871253967
YDR225W,YOR110W,0,-3.9169657,0.07437694817781448,0.19099999964237213,0.23770000040531158
YGR132C,YGL236C,0,-3.9171736,0.07434799522161484,0.19099999964237213,0.2378000020980835
YBR294W,YDR384C,1,-3.9173949,0.07470817118883133,0.19200000166893005,0.2378000020980835
YKL214C,YGR245C,0,-3.9174523,0.07467911392450333,0.19200000166893005,0.2379000037908554
YOR204W,YNL280C,0,-3.9176724,0.07465007901191711,0.19200000166893005,0.23800000548362732
YKL172W,YOL045W,0,-3.9181077,0.07462106645107269,0.19200000166893005,0.23810000717639923
YHR175W,YLR130C,1,-3.9181628,0.07498057186603546,0.19300000369548798,0.23810000717639923
YGL158W,YOR239W,0,-3.918238,0.07495145499706268,0.19300000369548798,0.23819999396800995
YBR142W,YCR044C,0,-3.91831,0.0749223604798317,0.19300000369548798,0.23829999566078186
YIL105C,YDL090C,0,-3.9183154,0.0748932883143425,0.19300000369548798,0.23839999735355377
YNL309W,YDL208W,0,-3.918552,0.07486423850059509,0.19300000369548798,0.23849999904632568
YEL063C,YHR055C,0,-3.9193528,0.07483521103858948,0.19300000369548798,0.2386000007390976
YLR014C,YAR031W,0,-3.919925,0.07480619847774506,0.19300000369548798,0.2387000024318695
YMR296C,YBR004C,0,-3.9199293,0.07477721571922302,0.19300000369548798,0.23880000412464142
YGR247W,YOR359W,0,-3.920266,0.07474825531244278,0.19300000369548798,0.23890000581741333
YAL038W,YKR063C,0,-3.920802,0.07471931725740433,0.19300000369548798,0.23899999260902405
YJL059W,YOL034W,0,-3.9210036,0.07469040155410767,0.19300000369548798,0.23909999430179596
YPR201W,YDR384C,1,-3.921903,0.07504835724830627,0.1940000057220459,0.23909999430179596
YKR022C,YGR280C,0,-3.9222953,0.07501933723688126,0.1940000057220459,0.23919999599456787
YBR254C,YLR055C,0,-3.922357,0.07499033957719803,0.1940000057220459,0.23929999768733978
YKR063C,YGL033W,0,-3.9224477,0.074961356818676,0.1940000057220459,0.2393999993801117
YPR181C,YGR175C,0,-3.9224596,0.07493240386247635,0.1940000057220459,0.2395000010728836
YHR176W,YNL274C,0,-3.9228442,0.0749034732580185,0.1940000057220459,0.23960000276565552
YOR330C,YOR113W,0,-3.9234421,0.07487456500530243,0.1940000057220459,0.23970000445842743
YMR113W,YDR037W,0,-3.9235263,0.07484567910432816,0.1940000057220459,0.23980000615119934
YJR070C,YCL055W,0,-3.9238656,0.07481681555509567,0.1940000057220459,0.23989999294281006
YDR052C,YNL130C,0,-3.924018,0.07478797435760498,0.1940000057220459,0.23999999463558197
YHR060W,YML107C,0,-3.9241178,0.07475915551185608,0.1940000057220459,0.24009999632835388
YPL124W,YNL318C,0,-3.9241974,0.07473035156726837,0.1940000057220459,0.2401999980211258
YJL156C,YIL139C,0,-3.9243128,0.07470157742500305,0.1940000057220459,0.2402999997138977
YER142C,YPL001W,0,-3.924431,0.07467282563447952,0.1940000057220459,0.24040000140666962
YNL036W,YOR132W,0,-3.9245453,0.07464409619569778,0.1940000057220459,0.24050000309944153
YPL137C,YDR272W,0,-3.9249823,0.07461538165807724,0.1940000057220459,0.24060000479221344
YDL130W-A,YGR217W,1,-3.925213,0.07497116178274155,0.19499999284744263,0.24060000479221344
YOR028C,YHR055C,0,-3.9252267,0.07494235038757324,0.19499999284744263,0.24070000648498535
YJL116C,YNL107W,0,-3.9255626,0.07491356134414673,0.19499999284744263,0.24079999327659607
YER089C,YPR189W,0,-3.9259274,0.074884794652462,0.19499999284744263,0.24089999496936798
YMR305C,YNL197C,0,-3.9265392,0.07485604286193848,0.19499999284744263,0.2409999966621399
YDR038C,YPL036W,1,-3.9267843,0.0752110481262207,0.19599999487400055,0.2409999966621399
YPR200C,YOL148C,0,-3.926792,0.07518219947814941,0.19599999487400055,0.2410999983549118
YDR308C,YLR449W,0,-3.927181,0.07515337318181992,0.19599999487400055,0.24120000004768372
YDR206W,YMR035W,0,-3.9274194,0.07512456923723221,0.19599999487400055,0.24130000174045563
YDL100C,YPL254W,0,-3.927583,0.07509578764438629,0.19599999487400055,0.24140000343322754
YNL251C,YGR268C,0,-3.9286582,0.07506702095270157,0.19599999487400055,0.24150000512599945
YPL258C,YDR320C-A,0,-3.929281,0.07503828406333923,0.19599999487400055,0.24160000681877136
YBR193C,YGL135W,0,-3.9293284,0.07500956952571869,0.19599999487400055,0.24169999361038208
YLR067C,YOR209C,0,-3.9294374,0.07498086988925934,0.19599999487400055,0.241799995303154
YBR294W,YHR175W,1,-3.9305694,0.07533460855484009,0.19699999690055847,0.241799995303154
YOL038W,YHR072W-A,0,-3.9308522,0.07530581206083298,0.19699999690055847,0.2418999969959259
YLR176C,YER172C,0,-3.9309971,0.07527703791856766,0.19699999690055847,0.24199999868869781
YCR106W,YAL015C,0,-3.9311912,0.07524827867746353,0.19699999690055847,0.24210000038146973
YMR322C,YDR288W,0,-3.9312253,0.0752195492386818,0.19699999690055847,0.24220000207424164
YJL117W,YLR411W,1,-3.932431,0.07557252049446106,0.1979999989271164,0.24220000207424164
YDR490C,YIR019C,0,-3.932841,0.07554368674755096,0.1979999989271164,0.24230000376701355
YPL131W,YPR137W,0,-3.933128,0.07551487535238266,0.1979999989271164,0.24240000545978546
YIL035C,YBL018C,0,-3.933276,0.07548608630895615,0.1979999989271164,0.24250000715255737
YNL070W,YGL014W,0,-3.9334352,0.07545731961727142,0.1979999989271164,0.2425999939441681
YCR093W,YGR188C,0,-3.9341965,0.0754285678267479,0.1979999989271164,0.24269999563694
YDR516C,YGR044C,0,-3.9342878,0.07539984583854675,0.1979999989271164,0.24279999732971191
YDR492W,YGR211W,0,-3.9345052,0.0753711462020874,0.1979999989271164,0.24289999902248383
YMR246W,YOR226C,0,-3.9347618,0.07534246891736984,0.1979999989271164,0.24300000071525574
YOR298W,YPL045W,0,-3.934851,0.07531380653381348,0.1979999989271164,0.24310000240802765
YGR192C,YCR088W,0,-3.9350772,0.0752851739525795,0.1979999989271164,0.24320000410079956
YHR205W,YIL066C,0,-3.9353511,0.07525655627250671,0.1979999989271164,0.24330000579357147
YMR052W,YER119C,0,-3.9354012,0.07522796094417572,0.1979999989271164,0.2433999925851822
YJR137C,YMR212C,0,-3.9358153,0.07519939541816711,0.1979999989271164,0.2434999942779541
YGR118W,YNR032C-A,0,-3.9358497,0.0751708447933197,0.1979999989271164,0.243599995970726
YDR306C,YNL101W,0,-3.9360244,0.07514231652021408,0.1979999989271164,0.24369999766349792
YGR119C,YLR150W,0,-3.9363258,0.07511381059885025,0.1979999989271164,0.24379999935626984
YBR213W,YDR281C,0,-3.9371197,0.07508532702922821,0.1979999989271164,0.24390000104904175
YOR344C,YHR197W,0,-3.9371276,0.07505685836076736,0.1979999989271164,0.24400000274181366
YEL017C-A,YEL065W,1,-3.937153,0.07540734857320786,0.19900000095367432,0.24400000274181366
YOR033C,YPR007C,0,-3.9374392,0.07537879049777985,0.19900000095367432,0.24410000443458557
YIL117C,YKL021C,0,-3.9375665,0.07535024732351303,0.19900000095367432,0.24420000612735748
YDR394W,YPR165W,0,-3.9376283,0.075321726500988,0.19900000095367432,0.2442999929189682
YDL148C,YOR076C,0,-3.9378684,0.07529322803020477,0.19900000095367432,0.2443999946117401
YIR013C,YNL038W,0,-3.9378889,0.07526475191116333,0.19900000095367432,0.24449999630451202
YLR155C,YGL209W,0,-3.937925,0.07523629814386368,0.19900000095367432,0.24459999799728394
YMR168C,YNL219C,0,-3.938039,0.07520785927772522,0.19900000095367432,0.24469999969005585
YNL192W,YPL194W,0,-3.9384673,0.07517945021390915,0.19900000095367432,0.24480000138282776
YGR245C,YJR139C,0,-3.9385686,0.07515105605125427,0.19900000095367432,0.24490000307559967
YDR481C,YKR059W,0,-3.938578,0.07512268424034119,0.19900000095367432,0.24500000476837158
YOL077W-A,YDR384C,1,-3.9389913,0.07547169923782349,0.20000000298023224,0.24500000476837158
YBR127C,YHR075C,0,-3.939015,0.07544323056936264,0.20000000298023224,0.2451000064611435
YIL144W,YJR112W,0,-3.939058,0.07541478425264359,0.20000000298023224,0.2451999932527542
YKR059W,YGR028W,0,-3.9391656,0.07538635283708572,0.20000000298023224,0.24529999494552612
YLR109W,YOR221C,0,-3.9393554,0.07535795122385025,0.20000000298023224,0.24539999663829803
YKL042W,YDR335W,0,-3.9398186,0.07532956451177597,0.20000000298023224,0.24549999833106995
YLR313C,YOR272W,0,-3.9401352,0.07530120760202408,0.20000000298023224,0.24560000002384186
YJL069C,YEL051W,0,-3.9402394,0.07527286559343338,0.20000000298023224,0.24570000171661377
YLR424W,YGL093W,0,-3.9404657,0.07524454593658447,0.20000000298023224,0.24580000340938568
YLR385C,YLR384C,0,-3.9408004,0.07521624863147736,0.20000000298023224,0.2459000051021576
YHR119W,YIL105C,0,-3.9408264,0.07518796622753143,0.20000000298023224,0.2460000067949295
YDR281C,YHR016C,0,-3.941108,0.0751597136259079,0.20000000298023224,0.24609999358654022
YPR133C,YMR283C,0,-3.9412699,0.07513148337602615,0.20000000298023224,0.24619999527931213
YJL108C,YGL120C,0,-3.9418695,0.0751032680273056,0.20000000298023224,0.24629999697208405
YMR069W,YIR025W,0,-3.9420404,0.07507507503032684,0.20000000298023224,0.24639999866485596
YAL058W,YHR170W,0,-3.9427736,0.07504690438508987,0.20000000298023224,0.24650000035762787
YGR258C,YPR007C,0,-3.9427893,0.0750187560915947,0.20000000298023224,0.24660000205039978
YDR087C,YBR175W,0,-3.9430919,0.07499062269926071,0.20000000298023224,0.2467000037431717
YIL023C,YPR201W,1,-3.9430943,0.07533732801675797,0.20100000500679016,0.2467000037431717
YHR072W,YLR081W,0,-3.9431708,0.07530910521745682,0.20100000500679016,0.2468000054359436
YER074W-A,YER119C,0,-3.9431865,0.07528089731931686,0.20100000500679016,0.24690000712871552
YHR175W,YOR137C,1,-3.9432273,0.07562710344791412,0.20200000703334808,0.24690000712871552
YOR334W,YOL027C,1,-3.9433515,0.07597305625677109,0.2029999941587448,0.24690000712871552
YGL022W,YIL139C,0,-3.9436226,0.07594463229179382,0.2029999941587448,0.24699999392032623
YHR175W,YOR316C,1,-3.9437907,0.07629020512104034,0.20399999618530273,0.24699999392032623
YFL059W,YKL205W,0,-3.9439166,0.07626168429851532,0.20399999618530273,0.24709999561309814
YLR368W,YHR072W-A,0,-3.9441564,0.07623318582773209,0.20399999618530273,0.24719999730587006
YNL312W,YGL187C,0,-3.9447038,0.07620470970869064,0.20399999618530273,0.24729999899864197
YGL005C,YGL245W,0,-3.9448268,0.0761762484908104,0.20399999618530273,0.24740000069141388
YJR069C,YER155C,0,-3.9462383,0.07614781707525253,0.20399999618530273,0.2475000023841858
YPL208W,YLR039C,0,-3.9469273,0.07611940056085587,0.20399999618530273,0.2476000040769577
YKR022C,YHL024W,0,-3.946988,0.07609101384878159,0.20399999618530273,0.24770000576972961
YNL075W,YAL021C,0,-3.9471357,0.0760626420378685,0.20399999618530273,0.24779999256134033
YJL024C,YMR093W,0,-3.9474118,0.0760342925786972,0.20399999618530273,0.24789999425411224
YGL124C,YPR101W,0,-3.9477842,0.0760059580206871,0.20399999618530273,0.24799999594688416
YPR139C,YLR223C,0,-3.9479947,0.07597765326499939,0.20399999618530273,0.24809999763965607
YIL023C,YLR130C,1,-3.9482124,0.07632166892290115,0.20499999821186066,0.24809999763965607
YDL036C,YNR017W,0,-3.949724,0.07629326730966568,0.20499999821186066,0.24819999933242798
YNL310C,YAL021C,0,-3.9499903,0.0762648805975914,0.20499999821186066,0.2483000010251999
YOR244W,YJR108W,0,-3.950092,0.07623651623725891,0.20499999821186066,0.2484000027179718
YMR080C,YKR031C,0,-3.950306,0.07620818167924881,0.20499999821186066,0.2485000044107437
YML132W,YGL143C,0,-3.950863,0.0761798620223999,0.20499999821186066,0.24860000610351562
YLR026C,YGR020C,0,-3.9515152,0.07615155726671219,0.20499999821186066,0.24869999289512634
YKR079C,YHR154W,0,-3.95155,0.07612328231334686,0.20499999821186066,0.24879999458789825
YDL132W,YFL004W,0,-3.9515755,0.07609502226114273,0.20499999821186066,0.24889999628067017
YLR136C,YOR109W,0,-3.951614,0.07606679201126099,0.20499999821186066,0.24899999797344208
YGR029W,YDR146C,0,-3.9519212,0.07603857666254044,0.20499999821186066,0.249099999666214
YNL245C,YDL137W,0,-3.9520643,0.07601038366556168,0.20499999821186066,0.2492000013589859
YBL018C,YOL095C,0,-3.9522073,0.07598220556974411,0.20499999821186066,0.2493000030517578
YPL202C,YBR006W,0,-3.9524045,0.07595405727624893,0.20499999821186066,0.24940000474452972
YMR280C,YIR010W,0,-3.9525158,0.07592592388391495,0.20499999821186066,0.24950000643730164
YNL223W,YHR115C,0,-3.9525857,0.07589781284332275,0.20499999821186066,0.24959999322891235
YOL004W,YLR117C,0,-3.9529994,0.07586972415447235,0.20499999821186066,0.24969999492168427
YBR105C,YDR101C,0,-3.9535744,0.07584165781736374,0.20499999821186066,0.24979999661445618
YER164W,YDR297W,0,-3.9549255,0.07581360638141632,0.20499999821186066,0.2498999983072281
YML093W,YOR144C,0,-3.9552805,0.07578558474779129,0.20499999821186066,0.25
YOR119C,YBL006C,0,-3.9554703,0.07575757801532745,0.20499999821186066,0.2500999867916107
YJR132W,YNL065W,0,-3.956072,0.07572959363460541,0.20499999821186066,0.2502000033855438
YOR002W,YHR169W,0,-3.9562693,0.07570162415504456,0.20499999821186066,0.25029999017715454
YHL003C,YNL126W,0,-3.956396,0.0756736770272255,0.20499999821186066,0.25040000677108765
YAL020C,YHR096C,0,-3.9567137,0.07564575970172882,0.20499999821186066,0.25049999356269836
YHR164C,YLR023C,0,-3.9567168,0.07561784982681274,0.20499999821186066,0.25060001015663147
YLR383W,YMR168C,0,-3.9574783,0.07558996975421906,0.20499999821186066,0.2506999969482422
YFR050C,YGR080W,0,-3.9575434,0.07556211203336716,0.20499999821186066,0.2508000135421753
YDR323C,YHR187W,0,-3.9575982,0.07553426921367645,0.20499999821186066,0.250900000333786
YPL241C,YDR495C,0,-3.9584308,0.07550644874572754,0.20499999821186066,0.25099998712539673
YJR013W,YOR272W,0,-3.9588068,0.07547864317893982,0.20499999821186066,0.25110000371932983
YFR053C,YLR170C,0,-3.958936,0.07545086741447449,0.20499999821186066,0.25119999051094055
YLR357W,YBL075C,0,-3.9589772,0.07542310655117035,0.20499999821186066,0.25130000710487366
YER119C,YFR046C,0,-3.9590013,0.075395368039608,0.20499999821186066,0.2513999938964844
YNL256W,YPR019W,0,-3.9594438,0.07536764442920685,0.20499999821186066,0.2515000104904175
YIL125W,YJL112W,0,-3.959617,0.07533995062112808,0.20499999821186066,0.2515999972820282
YOR033C,YDL185W,0,-3.95963,0.07531227171421051,0.20499999821186066,0.2517000138759613
YMR284W,YHR072W-A,0,-3.9602845,0.07528461515903473,0.20499999821186066,0.251800000667572
YHR118C,YJL034W,0,-3.9607975,0.07525697350502014,0.20499999821186066,0.25189998745918274
YLL021W,YBR010W,0,-3.9611285,0.07522935420274734,0.20499999821186066,0.25200000405311584
YDR484W,YLR429W,0,-3.96153,0.07520175725221634,0.20499999821186066,0.25209999084472656
YLR295C,YBR024W,1,-3.9621508,0.07554088532924652,0.20600000023841858,0.25209999084472656
YJR135W-A,YCL051W,0,-3.9625247,0.07551319897174835,0.20600000023841858,0.25220000743865967
YDL095W,YAL034W-A,0,-3.9633534,0.07548552751541138,0.20600000023841858,0.2522999942302704
YOL165C,YKR025W,0,-3.9636438,0.07545787841081619,0.20600000023841858,0.2524000108242035
YDR039C,YFL050C,1,-3.9637985,0.07579641044139862,0.2070000022649765,0.2524000108242035
YER019C-A,YGL089C,0,-3.964257,0.07576866447925568,0.2070000022649765,0.2524999976158142
YMR095C,YMR128W,0,-3.9643779,0.07574094086885452,0.2070000022649765,0.2526000142097473
YDL077C,YKR056W,0,-3.9646256,0.07571323961019516,0.2070000022649765,0.25270000100135803
YLR242C,YNR049C,0,-3.9647267,0.07568556070327759,0.2070000022649765,0.25279998779296875
YLR423C,YPL170W,0,-3.9652534,0.07565789669752121,0.2070000022649765,0.25290000438690186
YOR269W,YBR237W,0,-3.9654038,0.07563025504350662,0.2070000022649765,0.2529999911785126
YOR145C,YML052W,0,-3.9655144,0.07560262829065323,0.2070000022649765,0.2531000077724457
YDR039C,YDR384C,1,-3.9656122,0.07594012469053268,0.20800000429153442,0.2531000077724457
YJL041W,YLR197W,0,-3.9659889,0.07591240853071213,0.20800000429153442,0.2531999945640564
YNR046W,YLR066W,0,-3.966019,0.07588471472263336,0.20800000429153442,0.2533000111579895
YDR322C-A,YDR039C,1,-3.9664898,0.07622173428535461,0.20900000631809235,0.2533000111579895
YOR148C,YPR122W,0,-3.9665434,0.07619395107030869,0.20900000631809235,0.2533999979496002
YOR018W,YIR005W,0,-3.9670045,0.07616618275642395,0.20900000631809235,0.2535000145435333
YMR150C,YDL112W,0,-3.9670866,0.076138436794281,0.20900000631809235,0.25360000133514404
YPL266W,YOL101C,0,-3.9671285,0.07611070573329926,0.20900000631809235,0.25369998812675476
YJR150C,YMR083W,0,-3.9679506,0.0760829970240593,0.20900000631809235,0.25380000472068787
YOR123C,YLR135W,0,-3.9679837,0.07605531066656113,0.20900000631809235,0.2538999915122986
YPL036W,YJR077C,1,-3.968034,0.07639141380786896,0.20999999344348907,0.2538999915122986
YGL226C-A,YOL033W,0,-3.9681711,0.07636363804340363,0.20999999344348907,0.2540000081062317
YDR138W,YKL150W,0,-3.9688811,0.07633587718009949,0.20999999344348907,0.2540999948978424
YLR175W,YDR170C,0,-3.9696348,0.07630813866853714,0.20999999344348907,0.2542000114917755
YJL089W,YNL219C,0,-3.9697816,0.07628042250871658,0.20999999344348907,0.25429999828338623
YHR187W,YLR466W,0,-3.970275,0.07625272125005722,0.20999999344348907,0.25440001487731934
YOR003W,YBR183W,0,-3.9702973,0.07622504234313965,0.20999999344348907,0.25450000166893005
YGL063W,YOL001W,0,-3.9704072,0.07619738578796387,0.20999999344348907,0.25459998846054077
YOL156W,YKL099C,0,-3.9704447,0.07616975158452988,0.20999999344348907,0.2547000050544739
YNL048W,YOR185C,0,-3.9705825,0.07614213228225708,0.20999999344348907,0.2547999918460846
YPL237W,YBR112C,0,-3.9706151,0.07611453533172607,0.20999999344348907,0.2549000084400177
YDR322C-A,YBL099W,1,-3.970743,0.07644927501678467,0.210999995470047,0.2549000084400177
YDR263C,YPR104C,0,-3.9708803,0.0764215886592865,0.210999995470047,0.2549999952316284
YDR039C,YPR020W,1,-3.9709966,0.07675597071647644,0.21199999749660492,0.2549999952316284
YGL247W,YDL030W,0,-3.9712088,0.07672819495201111,0.21199999749660492,0.2551000118255615
YBL022C,YPL028W,0,-3.9715362,0.07670043408870697,0.21199999749660492,0.25519999861717224
YMR015C,YBR165W,0,-3.971594,0.07667269557714462,0.21199999749660492,0.25529998540878296
YPL008W,YDL031W,0,-3.972815,0.07664497196674347,0.21199999749660492,0.25540000200271606
YCR092C,YBR030W,0,-3.9730601,0.0766172781586647,0.21199999749660492,0.2554999887943268
YOL128C,YIL013C,0,-3.9731731,0.07658959180116653,0.21199999749660492,0.2556000053882599
YBL105C,YLR157C,0,-3.973235,0.07656193524599075,0.21199999749660492,0.2556999921798706
YPR128C,YAL040C,0,-3.973736,0.07653429359197617,0.21199999749660492,0.2558000087738037
YMR200W,YGR161C,0,-3.974209,0.07650667428970337,0.21199999749660492,0.25589999556541443
YLL009C,YPR201W,1,-3.974268,0.07683982700109482,0.21299999952316284,0.25589999556541443
YAL022C,YOR162C,0,-3.9746659,0.07681211829185486,0.21299999952316284,0.25600001215934753
YER089C,YOL067C,0,-3.9749076,0.07678442448377609,0.21299999952316284,0.25609999895095825
YHR203C,YPL144W,0,-3.9752707,0.07675676047801971,0.21299999952316284,0.25619998574256897
YNL223W,YDR205W,0,-3.975726,0.07672910392284393,0.21299999952316284,0.2563000023365021
YMR125W,YDR146C,0,-3.975804,0.07670147716999054,0.21299999952316284,0.2563999891281128
YKR052C,YEL027W,1,-3.975884,0.07703384011983871,0.21400000154972076,0.2563999891281128
YKR090W,YJL179W,0,-3.9759188,0.07700611650943756,0.21400000154972076,0.2565000057220459
YGL028C,YLR272C,0,-3.9764593,0.0769784152507782,0.21400000154972076,0.2565999925136566
YLR424W,YGR167W,0,-3.9772332,0.07695073634386063,0.21400000154972076,0.2567000091075897
YBR218C,YNL130C,0,-3.9772806,0.07692307978868484,0.21400000154972076,0.25679999589920044
YFL014W,YIL042C,0,-3.9781241,0.07689543813467026,0.21400000154972076,0.25690001249313354
YBL064C,YPL046C,0,-3.9782395,0.07686781883239746,0.21400000154972076,0.25699999928474426
YKR022C,YOR344C,0,-3.9786315,0.07684021443128586,0.21400000154972076,0.257099986076355
YJR160C,YOR058C,0,-3.9786353,0.07681263238191605,0.21400000154972076,0.2572000026702881
YOR334W,YMR243C,1,-3.9788153,0.07714388519525528,0.2150000035762787,0.2572000026702881
YEL063C,YHR096C,0,-3.9796216,0.0771162137389183,0.2150000035762787,0.2572999894618988
YGL163C,YDL090C,0,-3.979821,0.07708856463432312,0.2150000035762787,0.2574000060558319
YDR300C,YNL177C,0,-3.9800835,0.07706093043088913,0.2150000035762787,0.2574999928474426
YJR069C,YNL304W,0,-3.9804714,0.07703331857919693,0.2150000035762787,0.25760000944137573
YKL021C,YGR286C,0,-3.9804811,0.07700572907924652,0.2150000035762787,0.25769999623298645
YBR092C,YJR082C,0,-3.9809983,0.0769781619310379,0.2150000035762787,0.25780001282691956
YDR435C,YKL117W,0,-3.9810796,0.07695060968399048,0.2150000035762787,0.2578999996185303
YDR206W,YNL209W,0,-3.9810965,0.07692307978868484,0.2150000035762787,0.257999986410141
YDR470C,YPR001W,0,-3.98154,0.0768955647945404,0.2150000035762787,0.2581000030040741
YNL164C,YNL250W,0,-3.9818485,0.07686807215213776,0.2150000035762787,0.2581999897956848
YGL255W,YML121W,1,-3.9820442,0.07719799876213074,0.2160000056028366,0.2581999897956848
YJR059W,YHR079C-A,0,-3.982463,0.07717041671276093,0.2160000056028366,0.2583000063896179
YJL061W,YGL240W,0,-3.982934,0.0771428570151329,0.2160000056028366,0.25839999318122864
YOL144W,YLR453C,0,-3.982958,0.07711531966924667,0.2160000056028366,0.25850000977516174
YDR439W,YNL267W,0,-3.9836285,0.07708779722452164,0.2160000056028366,0.25859999656677246
YER070W,YLR056W,0,-3.983651,0.0770602896809578,0.2160000056028366,0.25870001316070557
YDR093W,YBR091C,0,-3.9839776,0.07703281193971634,0.2160000056028366,0.2587999999523163
YEL071W,YJR092W,0,-3.984664,0.07700534909963608,0.2160000056028366,0.258899986743927
YJL187C,YLR229C,0,-3.9847,0.07697790116071701,0.2160000056028366,0.2590000033378601
YGL206C,YLR102C,0,-3.9848115,0.07695048302412033,0.2160000056028366,0.2590999901294708
YOR301W,YBR247C,0,-3.9852474,0.07692307978868484,0.2160000056028366,0.25920000672340393
YGL216W,YLR451W,0,-3.985831,0.07689569145441055,0.2160000056028366,0.25929999351501465
YJR132W,YDL105W,0,-3.9861941,0.07686832547187805,0.2160000056028366,0.25940001010894775
YIL066C,YGL229C,0,-3.98631,0.07684098184108734,0.2160000056028366,0.25949999690055847
YLL015W,YPR138C,1,-3.9865956,0.0771692767739296,0.21699999272823334,0.25949999690055847
YKL160W,YER044C-A,0,-3.986604,0.07714184373617172,0.21699999272823334,0.2596000134944916
YOL124C,YBR105C,0,-3.9866889,0.07711442559957504,0.21699999272823334,0.2597000002861023
YMR096W,YBR182C,0,-3.9866989,0.07708703726530075,0.21699999272823334,0.259799987077713
YHR166C,YGL078C,0,-3.9868498,0.07705965638160706,0.21699999272823334,0.2599000036716461
YBL013W,YPL254W,0,-3.9868937,0.07703230530023575,0.21699999272823334,0.25999999046325684
YKR052C,YJR077C,1,-3.9870255,0.07735983282327652,0.21799999475479126,0.25999999046325684
YHR084W,YCL069W,0,-3.9873254,0.07733238488435745,0.21799999475479126,0.26010000705718994
YHR005C-A,YHR158C,0,-3.9880404,0.07730496674776077,0.21799999475479126,0.26019999384880066
YDR040C,YNL291C,1,-3.9880583,0.07763204723596573,0.21899999678134918,0.26019999384880066
YJR070C,YBR243C,0,-3.9883106,0.07760453224182129,0.21899999678134918,0.26030001044273376
YGR116W,YHL020C,0,-3.9886596,0.07757704704999924,0.21899999678134918,0.2603999972343445
YLR423C,YGR003W,0,-3.9887962,0.07754957675933838,0.21899999678134918,0.2605000138282776
YOR137C,YFL041W,1,-3.9890273,0.07787610590457916,0.2199999988079071,0.2605000138282776
YMR097C,YHR106W,0,-3.9892702,0.07784854620695114,0.2199999988079071,0.2606000006198883
YEL060C,YDL244W,0,-3.9895144,0.07782100886106491,0.2199999988079071,0.260699987411499
YNL245C,YER044C,0,-3.9899387,0.07779349386692047,0.2199999988079071,0.26080000400543213
YBR169C,YBL034C,0,-3.9901521,0.07776599377393723,0.2199999988079071,0.26089999079704285
YIL121W,YJL198W,1,-3.9901853,0.07809187471866608,0.22100000083446503,0.26089999079704285
YEL029C,YPL160W,0,-3.990577,0.07806428521871567,0.22100000083446503,0.26100000739097595
YDR499W,YPR080W,0,-3.9906988,0.07803672552108765,0.22100000083446503,0.26109999418258667
YJR059W,YOL164W,0,-3.9907227,0.07800918072462082,0.22100000083446503,0.2612000107765198
YBR136W,YOR221C,0,-3.9908195,0.07798165082931519,0.22100000083446503,0.2612999975681305
YAR033W,YDR353W,0,-3.9912338,0.07795414328575134,0.22100000083446503,0.2614000141620636
YOL059W,YDL130W,0,-3.9912798,0.07792665809392929,0.22100000083446503,0.2615000009536743
YBR102C,YHR098C,0,-3.9914694,0.07789918780326843,0.22100000083446503,0.26159998774528503
YMR250W,YNL286W,0,-3.9915538,0.07787173986434937,0.22100000083446503,0.26170000433921814
YPL036W,YJL198W,1,-3.9916055,0.07819654792547226,0.22200000286102295,0.26170000433921814
YDL076C,YGR248W,0,-3.991895,0.07816901057958603,0.22200000286102295,0.26179999113082886
YMR281W,YGL021W,0,-3.9919176,0.07814150303602219,0.22200000286102295,0.26190000772476196
YMR177W,YJL157C,0,-3.9921315,0.07811400294303894,0.22200000286102295,0.2619999945163727
YIL117C,YBR216C,0,-3.9921436,0.07808652520179749,0.22200000286102295,0.2621000111103058
YJR060W,YNL268W,0,-3.992914,0.07805906981229782,0.22200000286102295,0.2621999979019165
YDR359C,YBR256C,0,-3.9929407,0.07803163677453995,0.22200000286102295,0.2623000144958496
YML092C,YLR131C,0,-3.9931283,0.07800421863794327,0.22200000286102295,0.2624000012874603
YOR334W,YGR217W,1,-3.9931495,0.07832806557416916,0.22300000488758087,0.2624000012874603
YBL057C,YPR119W,0,-3.993152,0.07830056548118591,0.22300000488758087,0.26249998807907104
YOL008W,YOL117W,0,-3.9934804,0.07827308028936386,0.22300000488758087,0.26260000467300415
YGL130W,YIL066C,0,-3.9934843,0.0782456174492836,0.22300000488758087,0.26269999146461487
YKL165C,YJL013C,0,-3.993584,0.07821816951036453,0.22300000488758087,0.262800008058548
YER126C,YCL055W,0,-3.9936132,0.07819074392318726,0.22300000488758087,0.2628999948501587
YNL055C,YKR052C,1,-3.993804,0.07851384580135345,0.2240000069141388,0.2628999948501587
YBR258C,YKL053C-A,0,-3.9941642,0.07848633825778961,0.2240000069141388,0.2630000114440918
YGL063W,YLR096W,0,-3.9943676,0.07845884561538696,0.2240000069141388,0.2630999982357025
YLR102C,YBR223C,0,-3.9944336,0.0784313753247261,0.2240000069141388,0.2632000148296356
YPL130W,YMR029C,0,-3.9944854,0.07840391993522644,0.2240000069141388,0.26330000162124634
YJL143W,YBR195C,0,-3.9946773,0.07837648689746857,0.2240000069141388,0.26339998841285706
YMR175W,YGR247W,0,-3.9949958,0.07834907621145248,0.2240000069141388,0.26350000500679016
YLR201C,YDR345C,0,-3.9951298,0.0783216804265976,0.2240000069141388,0.2635999917984009
YMR296C,YOL067C,0,-3.99536,0.0782942995429039,0.2240000069141388,0.263700008392334
YLR222C,YFR040W,0,-3.9954057,0.07826694846153259,0.2240000069141388,0.2637999951839447
YOL017W,YOR034C,0,-3.9956005,0.07823961228132248,0.2240000069141388,0.2639000117778778
YNR033W,YPR128C,0,-3.995734,0.07821229100227356,0.2240000069141388,0.2639999985694885
YGL008C,YHR175W,1,-3.9959352,0.07853402942419052,0.22499999403953552,0.2639999985694885
YPL248C,YPR042C,0,-3.9959989,0.07850662618875504,0.22499999403953552,0.26409998536109924
YMR035W,YGR244C,0,-3.9960363,0.07847924530506134,0.22499999403953552,0.26420000195503235
YER074W-A,YLR212C,0,-3.9960966,0.07845187932252884,0.22499999403953552,0.26429998874664307
YMR260C,YGL238W,0,-3.9962194,0.07842453569173813,0.22499999403953552,0.26440000534057617
YBL035C,YGL022W,0,-3.9967468,0.07839721441268921,0.22499999403953552,0.2644999921321869
YLR385C,YMR083W,0,-3.996827,0.07836990803480148,0.22499999403953552,0.26460000872612
YLR092W,YGR217W,1,-3.9968297,0.07869080454111099,0.22599999606609344,0.26460000872612
YPR101W,YDL150W,0,-3.9972875,0.0786634162068367,0.22599999606609344,0.2646999955177307
YCR086W,YGL126W,0,-3.9974098,0.0786360502243042,0.22599999606609344,0.2648000121116638
YIL053W,YOL124C,0,-3.9976044,0.07860869914293289,0.22599999606609344,0.26489999890327454
YDR039C,YEL065W,1,-3.9976816,0.07892906665802002,0.22699999809265137,0.26489999890327454
YDL117W,YPR052C,0,-3.9979632,0.07890163362026215,0.22699999809265137,0.26499998569488525
YGR200C,YPR046W,0,-3.9979942,0.07887421548366547,0.22699999809265137,0.26510000228881836
YNL078W,YDL111C,0,-3.9981425,0.07884681969881058,0.22699999809265137,0.2651999890804291
YLR003C,YPR128C,0,-3.9986084,0.07881944626569748,0.22699999809265137,0.2653000056743622
YPR201W,YGR217W,1,-3.998647,0.07913918793201447,0.2280000001192093,0.2653000056743622
YGL063W,YHL024W,0,-3.9987938,0.0791117250919342,0.2280000001192093,0.2653999924659729
YKR076W,YDR028C,0,-3.998806,0.07908428460359573,0.2280000001192093,0.265500009059906
YLR256W,YER032W,0,-3.9988146,0.07905686646699905,0.2280000001192093,0.2655999958515167
YDR273W,YHR015W,0,-3.9989889,0.07902946323156357,0.2280000001192093,0.26570001244544983
YBL018C,YGL209W,0,-3.9992957,0.07900208234786987,0.2280000001192093,0.26579999923706055
YDR028C,YKR066C,0,-3.9995444,0.07897471636533737,0.2280000001192093,0.26589998602867126
YGR044C,YLR466W,0,-3.9996989,0.07894736528396606,0.2280000001192093,0.26600000262260437
YDR177W,YLR409C,0,-4.000057,0.07892004400491714,0.2280000001192093,0.2660999894142151
YPL242C,YLR233C,0,-4.0002136,0.07889273017644882,0.2280000001192093,0.2662000060081482
YOR377W,YOR351C,0,-4.000286,0.07886544615030289,0.2280000001192093,0.2662999927997589
YDR419W,YGR175C,0,-4.0003533,0.07883817702531815,0.2280000001192093,0.266400009393692
YLR363C,YLR319C,0,-4.000568,0.0788109228014946,0.2280000001192093,0.26649999618530273
YDR079C-A,YIL037C,0,-4.0005894,0.07878369092941284,0.2280000001192093,0.26660001277923584
YOR328W,YBR265W,0,-4.000751,0.07875647395849228,0.2280000001192093,0.26669999957084656
YDR382W,YNR023W,0,-4.0007634,0.07872927933931351,0.2280000001192093,0.2667999863624573
YBR010W,YGR103W,0,-4.0009003,0.07870210707187653,0.2280000001192093,0.2669000029563904
YBL023C,YCR005C,0,-4.0011444,0.07867494970560074,0.2280000001192093,0.2669999897480011
YHR175W,YNL055C,1,-4.0013943,0.07899275422096252,0.2290000021457672,0.2669999897480011
YDR018C,YER103W,0,-4.001442,0.07896551489830017,0.2290000021457672,0.2671000063419342
YGL001C,YAL038W,0,-4.0016127,0.07893829792737961,0.2290000021457672,0.2671999931335449
YBL013W,YJR047C,0,-4.001852,0.07891109585762024,0.2290000021457672,0.267300009727478
YHR005C-A,YNL032W,0,-4.002761,0.07888391613960266,0.2290000021457672,0.26739999651908875
YGL180W,YPL084W,0,-4.0029593,0.07885675132274628,0.2290000021457672,0.26750001311302185
YER093C,YBR155W,0,-4.0030417,0.07882960140705109,0.2290000021457672,0.26759999990463257
YML024W,YML010W,0,-4.003045,0.07880248129367828,0.2290000021457672,0.2676999866962433
YLL009C,YJR077C,1,-4.0031376,0.07911936938762665,0.23000000417232513,0.2676999866962433
YCR092C,YKR056W,0,-4.0038934,0.07909215986728668,0.23000000417232513,0.2678000032901764
YMR250W,YJL006C,0,-4.0040774,0.07906497269868851,0.23000000417232513,0.2678999900817871
YER105C,YLR355C,0,-4.004966,0.07903780043125153,0.23000000417232513,0.2680000066757202
YBL057C,YPL138C,0,-4.005408,0.07901065051555634,0.23000000417232513,0.26809999346733093
YMR322C,YLL012W,0,-4.006106,0.07898351550102234,0.23000000417232513,0.26820001006126404
YKR095W,YBR240C,0,-4.0066347,0.07895640283823013,0.23000000417232513,0.26829999685287476
YNL112W,YDR181C,0,-4.0067005,0.07892930507659912,0.23000000417232513,0.26840001344680786
YDR263C,YPR137W,0,-4.006792,0.0789022296667099,0.23000000417232513,0.2685000002384186
YHR102W,YFR047C,0,-4.0068474,0.07887516915798187,0.23000000417232513,0.2685999870300293
YCL033C,YFL059W,0,-4.0069537,0.07884813100099564,0.23000000417232513,0.2687000036239624
YAR015W,YGL100W,0,-4.0071697,0.0788211077451706,0.23000000417232513,0.2687999904155731
YNL032W,YKL189W,0,-4.007172,0.07879410684108734,0.23000000417232513,0.2689000070095062
YJR001W,YIL124W,0,-4.0073676,0.07876712083816528,0.23000000417232513,0.26899999380111694
YCL010C,YIL022W,0,-4.007425,0.07874015718698502,0.23000000417232513,0.26910001039505005
YKL084W,YPR017C,0,-4.007713,0.07871320843696594,0.23000000417232513,0.26919999718666077
YMR080C,YFL009W,0,-4.0079093,0.07868628203868866,0.23000000417232513,0.26930001378059387
YLR340W,YML055W,0,-4.008047,0.07865937054157257,0.23000000417232513,0.2694000005722046
YCL066W,YMR016C,0,-4.008065,0.07863248139619827,0.23000000417232513,0.2694999873638153
YLR003C,YJL090C,0,-4.0081587,0.07860560715198517,0.23000000417232513,0.2696000039577484
YCL010C,YGR128C,0,-4.0088778,0.07857874780893326,0.23000000417232513,0.26969999074935913
YCR081W,YDR515W,0,-4.0091114,0.07855191081762314,0.23000000417232513,0.26980000734329224
YER073W,YMR235C,0,-4.009164,0.07852509617805481,0.23000000417232513,0.26989999413490295
YDR324C,YPR199C,0,-4.009282,0.07849829643964767,0.23000000417232513,0.27000001072883606
YNL259C,YDR322C-A,1,-4.0094547,0.07881268858909607,0.23100000619888306,0.27000001072883606
YMR277W,YOR025W,0,-4.0096326,0.07878581434488297,0.23100000619888306,0.2700999975204468
YNL091W,YGR070W,0,-4.010224,0.07875894755125046,0.23100000619888306,0.2702000141143799
YDR331W,YGR159C,0,-4.010463,0.07873210310935974,0.23100000619888306,0.2703000009059906
YGL129C,YIL123W,0,-4.010572,0.07870528101921082,0.23100000619888306,0.2703999876976013
YPR201W,YNR013C,1,-4.0112915,0.07901907712221146,0.23199999332427979,0.2703999876976013
YML029W,YGL181W,0,-4.011305,0.07899216562509537,0.23199999332427979,0.2705000042915344
YJL214W,YDR254W,0,-4.0114665,0.07896528393030167,0.23199999332427979,0.27059999108314514
YNR002C,YEL065W,1,-4.01165,0.07927866280078888,0.2329999953508377,0.27059999108314514
YOR056C,YJL201W,0,-4.012711,0.07925169914960861,0.2329999953508377,0.27070000767707825
YMR247C,YDR172W,0,-4.0132246,0.07922475039958954,0.2329999953508377,0.27079999446868896
YLL009C,YDR038C,1,-4.01353,0.07953772693872452,0.23399999737739563,0.27079999446868896
YDR195W,YCL025C,0,-4.013629,0.07951070368289948,0.23399999737739563,0.27090001106262207
YEL050C,YER044C-A,0,-4.0136704,0.07948369532823563,0.23399999737739563,0.2709999978542328
YPL202C,YMR137C,0,-4.013709,0.07945670932531357,0.23399999737739563,0.2711000144481659
YNL032W,YMR015C,0,-4.013866,0.0794297382235527,0.23399999737739563,0.2712000012397766
YOR129C,YNL280C,0,-4.0146756,0.07940278202295303,0.23399999737739563,0.27129998803138733
YJR156C,YKL049C,0,-4.014918,0.07937584817409515,0.23399999737739563,0.27140000462532043
YGR075C,YOR298W,0,-4.0162034,0.07934892922639847,0.23399999737739563,0.27149999141693115
YDR489W,YMR042W,0,-4.0165734,0.07932203263044357,0.23399999737739563,0.27160000801086426
YML025C,YIL034C,0,-4.0165915,0.07929515093564987,0.23399999737739563,0.271699994802475
YDR244W,YOR018W,0,-4.017177,0.07926829159259796,0.23399999737739563,0.2718000113964081
YKR086W,YOR209C,0,-4.0172114,0.07924144715070724,0.23399999737739563,0.2718999981880188
YPL078C,YOL158C,1,-4.0172563,0.07955314964056015,0.23499999940395355,0.2718999981880188
YJR121W,YOR381W,1,-4.0182323,0.07986463606357574,0.23600000143051147,0.2718999981880188
YDR263C,YAR007C,0,-4.0182533,0.0798376202583313,0.23600000143051147,0.2720000147819519
YNR052C,YFR040W,0,-4.0183883,0.07981061935424805,0.23600000143051147,0.2721000015735626
YHR042W,YDL244W,0,-4.01841,0.07978364080190659,0.23600000143051147,0.27219998836517334
YGR180C,YER183C,0,-4.018437,0.07975667715072632,0.23600000143051147,0.27230000495910645
YGL071W,YCR024C-A,1,-4.0185337,0.08006756752729416,0.2370000034570694,0.27230000495910645
YBR295W,YLR130C,1,-4.0185347,0.08037824928760529,0.23800000548362732,0.27230000495910645
YLR433C,YJR055W,0,-4.018992,0.08035111427307129,0.23800000548362732,0.27239999175071716
YDR314C,YMR273C,0,-4.0190315,0.08032399415969849,0.23800000548362732,0.27250000834465027
YOL077W-A,YNR060W,1,-4.0190926,0.08063428103923798,0.23899999260902405,0.27250000834465027
YPR030W,YIL042C,0,-4.019709,0.08060707896947861,0.23899999260902405,0.272599995136261
YKL182W,YKR039W,0,-4.020306,0.08057990670204163,0.23899999260902405,0.2727000117301941
YOR367W,YGR055W,0,-4.0203357,0.08055274933576584,0.23899999260902405,0.2727999985218048
YDR369C,YGR225W,0,-4.0208063,0.08052560687065125,0.23899999260902405,0.2728999853134155
YPR201W,YDR298C,1,-4.0209384,0.08083529770374298,0.23999999463558197,0.2728999853134155
YLL015W,YOR381W,1,-4.021064,0.081144779920578,0.2409999966621399,0.2728999853134155
YER082C,YLR067C,0,-4.021216,0.08111746609210968,0.2409999966621399,0.27300000190734863
YMR001C,YDR028C,0,-4.0216923,0.08109017461538315,0.2409999966621399,0.27309998869895935
YHR014W,YJL138C,0,-4.021734,0.08106289803981781,0.2409999966621399,0.27320000529289246
YGR279C,YMR177W,0,-4.0217566,0.08103564381599426,0.2409999966621399,0.2732999920845032
YMR288W,YLR276C,0,-4.0218477,0.08100840449333191,0.2409999966621399,0.2734000086784363
YBR173C,YML109W,0,-4.0218496,0.08098118007183075,0.2409999966621399,0.273499995470047
YML028W,YPL001W,0,-4.021989,0.08095397800207138,0.2409999966621399,0.2736000120639801
YIL053W,YKL140W,0,-4.022131,0.0809267982840538,0.2409999966621399,0.2736999988555908
YLR092W,YEL027W,1,-4.0222077,0.08123531192541122,0.24199999868869781,0.2736999988555908
YJL035C,YLR098C,0,-4.0222454,0.08120805025100708,0.24199999868869781,0.27379998564720154
YEL017C-A,YJL133W,1,-4.0222945,0.08151627331972122,0.24300000071525574,0.27379998564720154
YDR484W,YLR274W,0,-4.0229144,0.08148893713951111,0.24300000071525574,0.27390000224113464
YNL029C,YAR019C,0,-4.0229764,0.08146161586046219,0.24300000071525574,0.27399998903274536
YBR213W,YDL116W,0,-4.0231395,0.08143431693315506,0.24300000071525574,0.27410000562667847
YMR069W,YGL173C,0,-4.0231814,0.08140703290700912,0.24300000071525574,0.2741999924182892
YDR524C,YLR075W,0,-4.023341,0.08137977123260498,0.24300000071525574,0.2743000090122223
YOR057W,YJR145C,0,-4.0234804,0.08135252445936203,0.24300000071525574,0.274399995803833
YDL024C,YNL318C,0,-4.023544,0.08132530003786087,0.24300000071525574,0.2745000123977661
YGL033W,YMR112C,0,-4.024019,0.0812980905175209,0.24300000071525574,0.27459999918937683
YLR363C,YJL033W,0,-4.024758,0.08127090334892273,0.24300000071525574,0.27469998598098755
YPL106C,YAR002C-A,0,-4.025185,0.08124373108148575,0.24300000071525574,0.27480000257492065
YBR283C,YAL026C,0,-4.025355,0.08121658116579056,0.24300000071525574,0.27489998936653137
YBR177C,YPL196W,0,-4.025472,0.08118943870067596,0.24300000071525574,0.2750000059604645
YGL180W,YBR008C,0,-4.027248,0.08116232603788376,0.24300000071525574,0.2750999927520752
YER147C,YDL007W,0,-4.0282,0.08113522827625275,0.24300000071525574,0.2752000093460083
YGL084C,YOR320C,0,-4.028384,0.08110814541578293,0.24300000071525574,0.275299996137619
YGR296W,YHR086W,0,-4.0287337,0.0810810774564743,0.24300000071525574,0.2754000127315521
YHR154W,YDR227W,0,-4.028855,0.08105403929948807,0.24300000071525574,0.27549999952316284
YKR079C,YHR061C,0,-4.0291796,0.08102700859308243,0.24300000071525574,0.27559998631477356
YNL259C,YNR060W,1,-4.0293627,0.08133333176374435,0.24400000274181366,0.27559998631477356
YMR234W,YPL144W,0,-4.029411,0.08130623400211334,0.24400000274181366,0.27570000290870667
YIL023C,YDR322C-A,1,-4.0295444,0.08161225914955139,0.24500000476837158,0.27570000290870667
YMR052W,YJL167W,0,-4.029587,0.08158507943153381,0.24500000476837158,0.2757999897003174
YGL226C-A,YBR199W,0,-4.0300865,0.08155792206525803,0.24500000476837158,0.2759000062942505
YBR132C,YJR131W,0,-4.030232,0.08153077960014343,0.24500000476837158,0.2759999930858612
YGL144C,YAL044C,0,-4.030628,0.08150365948677063,0.24500000476837158,0.2761000096797943
YPL209C,YNL062C,0,-4.030889,0.08147655427455902,0.24500000476837158,0.27619999647140503
YNL327W,YDL154W,0,-4.031358,0.0814494714140892,0.24500000476837158,0.27630001306533813
YML052W,YCL035C,0,-4.031367,0.08142239600419998,0.24500000476837158,0.27639999985694885
YLL043W,YPR075C,0,-4.031508,0.08139535039663315,0.24500000476837158,0.27649998664855957
YBR117C,YBR017C,0,-4.0315566,0.08136831969022751,0.24500000476837158,0.2766000032424927
YBR037C,YJR077C,1,-4.0315604,0.08167330920696259,0.2460000067949295,0.2766000032424927
YBR136W,YDL213C,0,-4.0315895,0.08164619654417038,0.2460000067949295,0.2766999900341034
YOL038W,YGL075C,0,-4.0315986,0.08161911368370056,0.2460000067949295,0.2768000066280365
YDL149W,YCR075C,0,-4.0316224,0.08159203827381134,0.2460000067949295,0.2768999934196472
YBR084W,YLR023C,0,-4.03168,0.08156498521566391,0.2460000067949295,0.2770000100135803
YEL036C,YDR465C,0,-4.032011,0.08153795450925827,0.2460000067949295,0.27709999680519104
YOR330C,YOR046C,0,-4.0322475,0.08151093125343323,0.2460000067949295,0.27720001339912415
YDR270W,YFL050C,1,-4.032541,0.08181516826152802,0.24699999392032623,0.27720001339912415
YIL118W,YER040W,0,-4.0330253,0.0817880779504776,0.24699999392032623,0.27730000019073486
YPL266W,YNL286W,0,-4.0330405,0.08176100999116898,0.24699999392032623,0.2773999869823456
YFL022C,YGL014W,0,-4.033153,0.08173394948244095,0.24699999392032623,0.2775000035762787
YOL023W,YEL041W,0,-4.0333962,0.08170691132545471,0.24699999392032623,0.2775999903678894
YGL124C,YKL150W,0,-4.033551,0.08167989552021027,0.24699999392032623,0.2777000069618225
YIR019C,YPR178W,0,-4.033831,0.08165289461612701,0.24699999392032623,0.2777999937534332
YNL231C,YKL122C,0,-4.0338717,0.08162590861320496,0.24699999392032623,0.27790001034736633
YJL060W,YDL030W,0,-4.0340776,0.08159894496202469,0.24699999392032623,0.27799999713897705
YDR270W,YOL027C,1,-4.034112,0.08190224319696426,0.24799999594688416,0.27799999713897705
YGR075C,YIL009C-A,0,-4.0342436,0.08187520503997803,0.24799999594688416,0.27810001373291016
YHR008C,YJL112W,0,-4.0344124,0.08184818178415298,0.24799999594688416,0.2782000005245209
YJR150C,YGR200C,0,-4.0346212,0.08182118088006973,0.24799999594688416,0.2782999873161316
YPL042C,YAL040C,0,-4.034702,0.08179419487714767,0.24799999594688416,0.2784000039100647
YHL025W,YPR073C,0,-4.0351653,0.08176722377538681,0.24799999594688416,0.2784999907016754
YPL015C,YAL040C,0,-4.035607,0.08174027502536774,0.24799999594688416,0.2786000072956085
YJR150C,YDR224C,0,-4.036044,0.08171334117650986,0.24799999594688416,0.27869999408721924
YPL060W,YKR052C,1,-4.036057,0.08201581239700317,0.24899999797344208,0.27869999408721924
YBR136W,YMR238W,0,-4.0363855,0.08198880404233932,0.24899999797344208,0.27880001068115234
YGR285C,YMR052W,0,-4.0365095,0.08196181803941727,0.24899999797344208,0.27889999747276306
YLR034C,YGL194C,0,-4.0367637,0.0819348469376564,0.24899999797344208,0.27900001406669617
YAR033W,YHR081W,0,-4.03677,0.08190789818763733,0.24899999797344208,0.2791000008583069
YPL227C,YGL048C,0,-4.036996,0.08188095688819885,0.24899999797344208,0.2791999876499176
YOR032C,YJR158W,0,-4.0372305,0.08185404539108276,0.24899999797344208,0.2793000042438507
YMR312W,YJL034W,0,-4.037423,0.08182714134454727,0.24899999797344208,0.2793999910354614
YDR079C-A,YMR100W,0,-4.037451,0.08180025964975357,0.24899999797344208,0.27950000762939453
YDL029W,YCL025C,0,-4.0374804,0.08177340030670166,0.24899999797344208,0.27959999442100525
YBR221C,YDR138W,0,-4.037511,0.08174655586481094,0.24899999797344208,0.27970001101493835
YGL180W,YPR021C,0,-4.037579,0.08171972632408142,0.24899999797344208,0.2797999978065491
YER073W,YJR147W,0,-4.037617,0.08169291168451309,0.24899999797344208,0.2799000144004822
YML081C-A,YGL006W,1,-4.0379643,0.08199409395456314,0.25,0.2799000144004822
YBL103C,YOL127W,0,-4.038005,0.08196721225976944,0.25,0.2800000011920929
YLR117C,YCL026C-A,0,-4.0380297,0.08194034546613693,0.25,0.2800999879837036
YMR308C,YDR320C-A,0,-4.0380964,0.08191350102424622,0.25,0.2802000045776367
YOL088C,YGL229C,0,-4.038287,0.0818866714835167,0.25,0.28029999136924744
YDL017W,YNL166C,0,-4.039107,0.08185985684394836,0.25,0.28040000796318054
YJR047C,YKL201C,0,-4.039274,0.08183305710554123,0.25,0.28049999475479126
YER173W,YDL192W,0,-4.0393734,0.08180627971887589,0.25,0.28060001134872437
YKL201C,YOR054C,0,-4.039469,0.08177952468395233,0.25,0.2806999981403351
YGL105W,YGR179C,0,-4.039477,0.08175277709960938,0.25,0.2808000147342682
YLR079W,YMR022W,0,-4.040027,0.08172605186700821,0.25,0.2809000015258789
YNL206C,YDR299W,0,-4.0400634,0.08169934898614883,0.25,0.2809999883174896
YLR154C,YDR324C,0,-4.040417,0.08167265355587006,0.25,0.28110000491142273
YDR323C,YPL100W,0,-4.0405703,0.08164598047733307,0.25,0.28119999170303345
YMR246W,YGL229C,0,-4.041043,0.08161932975053787,0.25,0.28130000829696655
YIL026C,YLR009W,0,-4.041154,0.08159268647432327,0.25,0.28139999508857727
YIL106W,YOL040C,0,-4.041221,0.08156606554985046,0.25,0.2815000116825104
YGL038C,YFL058W,0,-4.0415387,0.08153946697711945,0.25,0.2815999984741211
YFL002C,YGL022W,0,-4.0416675,0.08151287585496902,0.25,0.2816999852657318
YIL065C,YJL207C,0,-4.0419216,0.0814863070845604,0.25,0.2818000018596649
YJL148W,YBR161W,0,-4.0422125,0.08145976066589355,0.25,0.28189998865127563
YER127W,YJL201W,0,-4.0422173,0.08143322169780731,0.25,0.28200000524520874
YGR165W,YLR370C,0,-4.042399,0.08140670508146286,0.25,0.28209999203681946
YOR206W,YDR309C,0,-4.0425153,0.0813802108168602,0.25,0.28220000863075256
YOR332W,YJL219W,0,-4.04283,0.08135372400283813,0.25,0.2822999954223633
YOR347C,YNL078W,0,-4.0428753,0.08132725954055786,0.25,0.2824000120162964
YDL014W,YDR434W,0,-4.043371,0.08130080997943878,0.25,0.2824999988079071
YJR121W,YKR052C,1,-4.04339,0.08159948140382767,0.25099998712539673,0.2824999988079071
YOL108C,YOR287C,0,-4.043414,0.08157295733690262,0.25099998712539673,0.2825999855995178
YML078W,YHR116W,0,-4.043725,0.08154645562171936,0.25099998712539673,0.2827000021934509
YPR188C,YER110C,0,-4.043813,0.0815199762582779,0.25099998712539673,0.28279998898506165
YHR005C-A,YMR065W,0,-4.0445757,0.08149350434541702,0.25099998712539673,0.28290000557899475
YNL107W,YJL219W,0,-4.0446043,0.08146705478429794,0.25099998712539673,0.28299999237060547
YLR355C,YBR279W,0,-4.0448422,0.08144062012434006,0.25099998712539673,0.2831000089645386
YDR293C,YGL150C,0,-4.0450163,0.08141420781612396,0.25099998712539673,0.2831999957561493
YDR038C,YNL291C,1,-4.0451307,0.08171205967664719,0.25200000405311584,0.2831999957561493
YLR079W,YGR158C,0,-4.0455956,0.08168557286262512,0.25200000405311584,0.2833000123500824
YDR484W,YCL029C,0,-4.045972,0.08165910840034485,0.25200000405311584,0.2833999991416931
YGL241W,YDL020C,0,-4.046508,0.08163265138864517,0.25200000405311584,0.28349998593330383
YML016C,YOR156C,0,-4.0468106,0.08160621672868729,0.25200000405311584,0.28360000252723694
YDL117W,YOR140W,0,-4.046818,0.0815797969698906,0.25200000405311584,0.28369998931884766
YPL060W,YNL055C,1,-4.0474744,0.08187702298164368,0.2529999911785126,0.28369998931884766
YOR137C,YCR010C,1,-4.047733,0.08217405527830124,0.2540000081062317,0.28369998931884766
YDR276C,YPR201W,1,-4.0477977,0.08247089385986328,0.2549999952316284,0.28369998931884766
YMR125W,YGL078C,0,-4.047911,0.08244422823190689,0.2549999952316284,0.28380000591278076
YDL223C,YMR016C,0,-4.048048,0.08241758495569229,0.2549999952316284,0.2838999927043915
YOR362C,YPR001W,0,-4.0481696,0.08239095658063889,0.2549999952316284,0.2840000092983246
YDR292C,YCR031C,0,-4.048205,0.08236434310674667,0.2549999952316284,0.2840999960899353
YJL138C,YIL119C,0,-4.0482974,0.08233774453401566,0.2549999952316284,0.2842000126838684
YHL034C,YLR361C,0,-4.0484076,0.08231116831302643,0.2549999952316284,0.2842999994754791
YGL130W,YJL053W,0,-4.0487776,0.0822846069931984,0.2549999952316284,0.28439998626708984
YDL083C,YBL004W,0,-4.0488486,0.08225806802511215,0.2549999952316284,0.28450000286102295
YGR193C,YPL147W,0,-4.048884,0.0822315365076065,0.2549999952316284,0.28459998965263367
YMR298W,YML075C,0,-4.049221,0.08220502734184265,0.2549999952316284,0.2847000062465668
YMR096W,YKL197C,0,-4.0493937,0.08217854052782059,0.2549999952316284,0.2847999930381775
YBR069C,YJR053W,0,-4.0502048,0.08215206116437912,0.2549999952316284,0.2849000096321106
YLR459W,YLR044C,0,-4.050685,0.08212560415267944,0.2549999952316284,0.2849999964237213
YGL071W,YEL065W,1,-4.0509853,0.08242112398147583,0.25600001215934753,0.2849999964237213
YPL078C,YPL036W,1,-4.05186,0.0827164500951767,0.25699999928474426,0.2849999964237213
YGR244C,YDR379W,0,-4.052204,0.08268982917070389,0.25699999928474426,0.2851000130176544
YOL126C,YMR172W,0,-4.052224,0.08266323804855347,0.25699999928474426,0.28519999980926514
YGL136C,YBR038W,0,-4.0524683,0.08263665437698364,0.25699999928474426,0.28529998660087585
YBL022C,YMR015C,0,-4.052534,0.08261009305715561,0.25699999928474426,0.28540000319480896
YDR481C,YDR146C,0,-4.0525875,0.08258354663848877,0.25699999928474426,0.2854999899864197
YDL043C,YPL124W,0,-4.052674,0.08255702257156372,0.25699999928474426,0.2856000065803528
YER073W,YIL040W,0,-4.0533843,0.08253050595521927,0.25699999928474426,0.2856999933719635
YHR135C,YLR451W,0,-4.0534396,0.08250401169061661,0.25699999928474426,0.2858000099658966
YBR296C,YGL255W,1,-4.053569,0.08279845863580704,0.257999986410141,0.2858000099658966
YDR079C-A,YLR176C,0,-4.054181,0.082771897315979,0.257999986410141,0.2858999967575073
YJR066W,YPL006W,0,-4.054398,0.08274535089731216,0.257999986410141,0.28600001335144043
YMR070W,YGL055W,0,-4.0544286,0.08271881937980652,0.257999986410141,0.28610000014305115
YCR020W-B,YOR094W,0,-4.054804,0.08269231021404266,0.257999986410141,0.28619998693466187
YJL117W,YPL036W,1,-4.055163,0.08298622071743011,0.2590000033378601,0.28619998693466187
YDL105W,YGL238W,0,-4.0555983,0.08295964449644089,0.2590000033378601,0.28630000352859497
YLR295C,YBR296C,1,-4.055724,0.08325327932834625,0.25999999046325684,0.28630000352859497
YCR086W,YGR005C,0,-4.055726,0.08322663605213165,0.25999999046325684,0.2863999903202057
YGR239C,YPR191W,0,-4.055965,0.08320000022649765,0.25999999046325684,0.2865000069141388
YCR057C,YER166W,0,-4.055993,0.08317338675260544,0.25999999046325684,0.2865999937057495
YGR166W,YBR038W,0,-4.0561304,0.08314678817987442,0.25999999046325684,0.2867000102996826
YOL158C,YFL050C,1,-4.0564904,0.0834398940205574,0.26100000739097595,0.2867000102996826
YJR045C,YBL034C,0,-4.056678,0.08341322839260101,0.26100000739097595,0.28679999709129333
YGR275W,YDR440W,0,-4.0569015,0.08338658511638641,0.26100000739097595,0.28690001368522644
YOR330C,YNL130C,0,-4.056929,0.08335994929075241,0.26100000739097595,0.28700000047683716
YCR082W,YMR015C,0,-4.05708,0.0833333358168602,0.26100000739097595,0.2870999872684479
YKR039W,YGR186W,0,-4.057548,0.08330673724412918,0.26100000739097595,0.287200003862381
YCL044C,YNL078W,0,-4.0575933,0.08328015357255936,0.26100000739097595,0.2872999906539917
YCR035C,YBR112C,0,-4.0578732,0.08325358480215073,0.26100000739097595,0.2874000072479248
YLR262C,YHR023W,0,-4.0580196,0.08322703838348389,0.26100000739097595,0.2874999940395355
YNR008W,YOR025W,0,-4.058067,0.08320050686597824,0.26100000739097595,0.28760001063346863
YDR435C,YCL044C,0,-4.0582967,0.08317399770021439,0.26100000739097595,0.28769999742507935
YCL044C,YPR125W,0,-4.0583277,0.08314749598503113,0.26100000739097595,0.28780001401901245
YAL054C,YJL041W,0,-4.058782,0.08312101662158966,0.26100000739097595,0.28790000081062317
YJL035C,YDL014W,0,-4.0589905,0.08309455215930939,0.26100000739097595,0.2879999876022339
YCR098C,YJR121W,1,-4.059108,0.0833863765001297,0.2619999945163727,0.2879999876022339
YER142C,YOR249C,0,-4.059589,0.08335984498262405,0.2619999945163727,0.288100004196167
YOL063C,YER177W,0,-4.0597353,0.0833333358168602,0.2619999945163727,0.2881999909877777
YBR294W,YBR037C,1,-4.0600295,0.08362480252981186,0.2630000114440918,0.2881999909877777
YNL065W,YOL151W,0,-4.0605526,0.08359821885824203,0.2630000114440918,0.2883000075817108
YMR268C,YDL243C,0,-4.061328,0.083571657538414,0.2630000114440918,0.28839999437332153
YKL019W,YNL164C,0,-4.0614343,0.08354511111974716,0.2630000114440918,0.28850001096725464
YBL099W,YOR381W,1,-4.0614953,0.0838361382484436,0.2639999985694885,0.28850001096725464
YIL140W,YIR013C,0,-4.061614,0.08380952477455139,0.2639999985694885,0.28859999775886536
YJR091C,YKL085W,0,-4.061806,0.08378292620182037,0.2639999985694885,0.28870001435279846
YEL019C,YPL131W,0,-4.06193,0.08375634253025055,0.2639999985694885,0.2888000011444092
YCR088W,YKL166C,0,-4.0622973,0.08372978121042252,0.2639999985694885,0.2888999879360199
YDL198C,YKR056W,0,-4.0622983,0.08370323479175568,0.2639999985694885,0.289000004529953
YMR247C,YMR164C,0,-4.062865,0.08367670327425003,0.2639999985694885,0.2890999913215637
YDR207C,YNL209W,0,-4.063007,0.08365018665790558,0.2639999985694885,0.2892000079154968
YOL111C,YOR160W,0,-4.0632315,0.08362369239330292,0.2639999985694885,0.28929999470710754
YBR136W,YGL073W,0,-4.0632668,0.08359721302986145,0.2639999985694885,0.28940001130104065
YOL158C,YHR050W,1,-4.063275,0.08388730883598328,0.26499998569488525,0.28940001130104065
YLR310C,YIL068C,0,-4.063562,0.08386076241731644,0.26499998569488525,0.28949999809265137
YGL090W,YPL160W,0,-4.0637937,0.08383423089981079,0.26499998569488525,0.2896000146865845
YIR018W,YLR081W,0,-4.0638113,0.08380771428346634,0.26499998569488525,0.2897000014781952
YMR001C,YMR091C,0,-4.0639,0.08378122001886368,0.26499998569488525,0.2897999882698059
YOR334W,YJR121W,1,-4.0639515,0.08407079428434372,0.26600000262260437,0.2897999882698059
YJL050W,YOR160W,0,-4.064177,0.08404423296451569,0.26600000262260437,0.289900004863739
YIL022W,YIR026C,0,-4.064486,0.08401768654584885,0.26600000262260437,0.28999999165534973
YCR018C,YHR056C,0,-4.0645733,0.0839911624789238,0.26600000262260437,0.29010000824928284
YLR266C,YHR150W,0,-4.0650296,0.08396464586257935,0.26600000262260437,0.29019999504089355
YJR035W,YNL164C,0,-4.0656967,0.08393815159797668,0.26600000262260437,0.29030001163482666
YBR037C,YOL027C,1,-4.0657735,0.08422712981700897,0.2669999897480011,0.29030001163482666
YPL048W,YCR093W,0,-4.0659513,0.08420056849718094,0.2669999897480011,0.2903999984264374
YPL087W,YHR079C-A,0,-4.066037,0.0841740220785141,0.2669999897480011,0.2904999852180481
YKL175W,YDR276C,1,-4.066477,0.08446265012025833,0.2680000066757202,0.2904999852180481
YFL004W,YOL002C,0,-4.066512,0.08443604409694672,0.2680000066757202,0.2906000018119812
YML126C,YGR199W,0,-4.0666127,0.0844094455242157,0.2680000066757202,0.2906999886035919
YKL014C,YHR015W,0,-4.066796,0.08438286930322647,0.2680000066757202,0.290800005197525
YBR188C,YHR004C,0,-4.0671363,0.08435630798339844,0.2680000066757202,0.29089999198913574
YPL188W,YKL214C,0,-4.067264,0.0843297690153122,0.2680000066757202,0.29100000858306885
YOR257W,YPL037C,0,-4.067269,0.08430323749780655,0.2680000066757202,0.29109999537467957
YDR481C,YCR073C,0,-4.0674143,0.0842767283320427,0.2680000066757202,0.29120001196861267
YOL077W-A,YGL255W,1,-4.0676613,0.08456460386514664,0.26899999380111694,0.29120001196861267
YCL004W,YER119C,0,-4.0677233,0.08453802764415741,0.26899999380111694,0.2912999987602234
YLR056W,YPL100W,0,-4.0677757,0.08451146632432938,0.26899999380111694,0.2913999855518341
YHR107C,YDL208W,0,-4.067862,0.08448492735624313,0.26899999380111694,0.2915000021457672
YIL121W,YDL128W,1,-4.0679016,0.08477237075567245,0.27000001072883606,0.2915000021457672
YLR398C,YOR074C,0,-4.068276,0.08474576473236084,0.27000001072883606,0.29159998893737793
YIL026C,YIL017C,0,-4.068338,0.08471917361021042,0.27000001072883606,0.29170000553131104
YGR212W,YLL060C,0,-4.068443,0.08469259738922119,0.27000001072883606,0.29179999232292175
YBL050W,YJL034W,0,-4.0689087,0.08466603606939316,0.27000001072883606,0.29190000891685486
YDR231C,YFL014W,0,-4.0689735,0.08463949710130692,0.27000001072883606,0.2919999957084656
YOR267C,YBR008C,0,-4.0693593,0.08461297303438187,0.27000001072883606,0.2921000123023987
YDL083C,YLR272C,0,-4.0697494,0.08458646386861801,0.27000001072883606,0.2921999990940094
YER089C,YPR200C,0,-4.0698023,0.08455997705459595,0.27000001072883606,0.2922999858856201
YKR052C,YPR201W,1,-4.07033,0.08484658598899841,0.2709999978542328,0.2922999858856201
YOR060C,YFL005W,0,-4.0703416,0.08482003211975098,0.2709999978542328,0.2924000024795532
YOR299W,YPL131W,0,-4.0704036,0.08479349315166473,0.2709999978542328,0.29249998927116394
YER155C,YDL090C,0,-4.070493,0.08476696908473969,0.2709999978542328,0.29260000586509705
YNL037C,YGR072W,0,-4.070715,0.08474045991897583,0.2709999978542328,0.29269999265670776
YNL001W,YLR238W,0,-4.0709424,0.08471397310495377,0.2709999978542328,0.29280000925064087
YPR020W,YOR381W,1,-4.0713706,0.08500000089406967,0.2720000147819519,0.29280000925064087
YEL065W,YPL036W,1,-4.071507,0.08528584986925125,0.27300000190734863,0.29280000925064087
YNR008W,YOL082W,0,-4.071933,0.08525921404361725,0.27300000190734863,0.2928999960422516
YGR116W,YIL119C,0,-4.0721684,0.08523259311914444,0.27300000190734863,0.2930000126361847
YEL069C,YAL022C,0,-4.0721993,0.08520599454641342,0.27300000190734863,0.2930999994277954
YDR422C,YPR107C,0,-4.07276,0.0851794108748436,0.27300000190734863,0.29319998621940613
YNL299W,YFL004W,0,-4.0728374,0.08515284210443497,0.27300000190734863,0.29330000281333923
YNL012W,YNR033W,0,-4.072984,0.08512628823518753,0.27300000190734863,0.29339998960494995
YOR083W,YFR033C,0,-4.073008,0.08509974926710129,0.27300000190734863,0.29350000619888306
YCR098C,YOL158C,1,-4.0736365,0.08538485318422318,0.27399998903274536,0.29350000619888306
YKL006C-A,YCR073C,0,-4.0741124,0.08535825461149216,0.27399998903274536,0.2935999929904938
YKL052C,YDL209C,0,-4.074437,0.08533167093992233,0.27399998903274536,0.2937000095844269
YOL038W,YGR028W,0,-4.074481,0.0853051021695137,0.27399998903274536,0.2937999963760376
YKL182W,YDR334W,0,-4.074606,0.08527855575084686,0.27399998903274536,0.2939000129699707
YLR183C,YEL071W,0,-4.0748878,0.08525202423334122,0.27399998903274536,0.2939999997615814
YPL010W,YGR158C,0,-4.0750356,0.08522550761699677,0.27399998903274536,0.29409998655319214
YKL042W,YHR066W,0,-4.0750885,0.08519900590181351,0.27399998903274536,0.29420000314712524
YKR022C,YLR056W,0,-4.0755477,0.08517251908779144,0.27399998903274536,0.29429998993873596
YKL182W,YKL042W,0,-4.075554,0.08514605462551117,0.27399998903274536,0.29440000653266907
YDR123C,YBL045C,0,-4.0760303,0.08511960506439209,0.27399998903274536,0.2944999933242798
YGR085C,YPR083W,0,-4.0760736,0.0850931704044342,0.27399998903274536,0.2946000099182129
YNL123W,YIL167W,0,-4.0762973,0.08506675064563751,0.27399998903274536,0.2946999967098236
YOL130W,YLL015W,1,-4.076354,0.08535071462392807,0.2750000059604645,0.2946999967098236
YBR161W,YLR176C,0,-4.0764523,0.0853242352604866,0.2750000059604645,0.2948000133037567
YGR238C,YDL243C,0,-4.0764594,0.08529776334762573,0.2750000059604645,0.29490000009536743
YPL139C,YLR134W,0,-4.0764813,0.08527132123708725,0.2750000059604645,0.29499998688697815
YDL161W,YPL240C,0,-4.076664,0.08524488657712936,0.2750000059604645,0.29510000348091125
YLR324W,YKR097W,0,-4.0769415,0.08521846681833267,0.2750000059604645,0.295199990272522
YOR033C,YIR025W,0,-4.077047,0.08519206941127777,0.2750000059604645,0.2953000068664551
YML014W,YGL178W,0,-4.0772314,0.08516568690538406,0.2750000059604645,0.2953999936580658
YDL117W,YDR457W,0,-4.0772467,0.08513931930065155,0.2750000059604645,0.2955000102519989
YKR054C,YPL159C,0,-4.0778117,0.08511296659708023,0.2750000059604645,0.2955999970436096
YER012W,YDR113C,0,-4.077953,0.0850866362452507,0.2750000059604645,0.2957000136375427
YPL258C,YEL041W,0,-4.0779924,0.08506031334400177,0.2750000059604645,0.29580000042915344
YIL121W,YNR060W,1,-4.078149,0.08534322679042816,0.2759999930858612,0.29580000042915344
YLR175W,YKR086W,0,-4.0782847,0.08531684428453445,0.2759999930858612,0.29589998722076416
YLR223C,YGR072W,0,-4.0783653,0.08529048413038254,0.2759999930858612,0.29600000381469727
YNR019W,YDR281C,0,-4.0786257,0.08526413142681122,0.2759999930858612,0.296099990606308
YLR154C,YBR247C,0,-4.0786366,0.08523780107498169,0.2759999930858612,0.2962000072002411
YIL106W,YPL267W,0,-4.0789223,0.08521148562431335,0.2759999930858612,0.2962999939918518
YPL144W,YMR268C,0,-4.078952,0.08518518507480621,0.2759999930858612,0.2964000105857849
YOR341W,YCR028C,0,-4.079091,0.08515889942646027,0.2759999930858612,0.29649999737739563
YBR254C,YER006W,0,-4.0792823,0.08513263612985611,0.2759999930858612,0.29660001397132874
YGL019W,YLR231C,0,-4.0792933,0.08510638028383255,0.2759999930858612,0.29670000076293945
YDR176W,YFL002C,0,-4.0792985,0.08508014678955078,0.2759999930858612,0.29679998755455017
YOR212W,YER044C,0,-4.07939,0.0850539281964302,0.2759999930858612,0.2969000041484833
YPL209C,YIL051C,0,-4.0794473,0.08502772450447083,0.2759999930858612,0.296999990940094
YBR145W,YIL002C,0,-4.079576,0.08500154316425323,0.2759999930858612,0.2971000075340271
YDL223C,YJL173C,0,-4.079997,0.08497536927461624,0.2759999930858612,0.2971999943256378
YGL054C,YJL108C,0,-4.080266,0.08494921773672104,0.2759999930858612,0.2973000109195709
YER074W-A,YHR193C,0,-4.0805364,0.08492307364940643,0.2759999930858612,0.29739999771118164
YPR007C,YJL116C,0,-4.080613,0.08489695191383362,0.2759999930858612,0.29750001430511475
YCR066W,YPL021W,0,-4.081021,0.084870845079422,0.2759999930858612,0.29760000109672546
YCR098C,YLL015W,1,-4.0815787,0.08515216410160065,0.2770000100135803,0.29760000109672546
YDR409W,YLR207W,0,-4.0816455,0.08512599766254425,0.2770000100135803,0.2976999878883362
YPL131W,YIL106W,0,-4.081778,0.08509984612464905,0.2770000100135803,0.2978000044822693
YGL048C,YKR097W,0,-4.0819106,0.08507370948791504,0.2770000100135803,0.29789999127388
YAR031W,YHR169W,0,-4.0822372,0.08504758775234222,0.2770000100135803,0.2980000078678131
YER125W,YDR171W,0,-4.0823703,0.0850214883685112,0.2770000100135803,0.29809999465942383
YPL145C,YNL169C,0,-4.0826163,0.08499539643526077,0.2770000100135803,0.29820001125335693
YPR101W,YDL243C,0,-4.0826325,0.08496932685375214,0.2770000100135803,0.29829999804496765
YPR034W,YGR030C,0,-4.082888,0.0849432721734047,0.2770000100135803,0.29840001463890076
YMR162C,YNL201C,0,-4.082931,0.08491723239421844,0.2770000100135803,0.2985000014305115
YGR002C,YIL124W,0,-4.083144,0.08489120751619339,0.2770000100135803,0.2985999882221222
YDR527W,YPR104C,0,-4.08322,0.08486519753932953,0.2770000100135803,0.2987000048160553
YNR072W,YKL049C,0,-4.0836797,0.08483920246362686,0.2770000100135803,0.298799991607666
YOL027C,YPL036W,1,-4.083737,0.08511941134929657,0.27799999713897705,0.298799991607666
YDR459C,YOR068C,0,-4.0838947,0.08509335666894913,0.27799999713897705,0.2989000082015991
YGL226C-A,YDL245C,0,-4.084146,0.08506731688976288,0.27799999713897705,0.29899999499320984
YMR298W,YIL079C,0,-4.084432,0.08504129946231842,0.27799999713897705,0.29910001158714294
YOL082W,YMR179W,0,-4.0848665,0.08501528948545456,0.27799999713897705,0.29919999837875366
YJR022W,YDR092W,0,-4.085033,0.08498930186033249,0.27799999713897705,0.2992999851703644
YPR188C,YFL039C,0,-4.0852957,0.08496332168579102,0.27799999713897705,0.2994000017642975
YIL154C,YOL165C,0,-4.0854545,0.08493736386299133,0.27799999713897705,0.2994999885559082
YHR083W,YDR436W,0,-4.0855927,0.08491142094135284,0.27799999713897705,0.2996000051498413
YHR175W,YJL133W,1,-4.0856156,0.08519084006547928,0.27900001406669617,0.2996000051498413
YHR023W,YHR081W,0,-4.086241,0.08516483753919601,0.27900001406669617,0.299699991941452
YIR037W,YKR086W,0,-4.086318,0.08513884991407394,0.27900001406669617,0.29980000853538513
YDL013W,YFL033C,0,-4.0864396,0.08511287719011307,0.27900001406669617,0.29989999532699585
YKL150W,YKL160W,0,-4.0868096,0.08508691936731339,0.27900001406669617,0.30000001192092896
YHR152W,YNL214W,0,-4.087116,0.0850609764456749,0.27900001406669617,0.3000999987125397
YML011C,YDL115C,0,-4.0871396,0.0850350484251976,0.27900001406669617,0.3001999855041504
YIL101C,YNL267W,0,-4.087324,0.0850091427564621,0.27900001406669617,0.3003000020980835
YHR160C,YDR235W,0,-4.0882835,0.08498324453830719,0.27900001406669617,0.3003999888896942
YPR036W,YJR147W,0,-4.088434,0.08495736867189407,0.27900001406669617,0.3005000054836273
YCL033C,YIL040W,0,-4.088765,0.08493150770664215,0.27900001406669617,0.30059999227523804
YPL157W,YMR033W,0,-4.089115,0.08490566164255142,0.27900001406669617,0.30070000886917114
YOR120W,YGR048W,0,-4.08914,0.08487983047962189,0.27900001406669617,0.30079999566078186
YFL050C,YLR411W,1,-4.0891447,0.08515815436840057,0.2800000011920929,0.30079999566078186
YOL108C,YMR096W,0,-4.0893197,0.08513225615024567,0.2800000011920929,0.30090001225471497
YLR163C,YKL038W,0,-4.089688,0.08510638028383255,0.2800000011920929,0.3009999990463257
YBR039W,YLR092W,1,-4.0901084,0.08538438379764557,0.2809999883174896,0.3009999990463257
YPL057C,YAL001C,0,-4.09016,0.08535844832658768,0.2809999883174896,0.3010999858379364
YFL014W,YHR118C,0,-4.0901856,0.08533252030611038,0.2809999883174896,0.3012000024318695
YGL240W,YJR084W,0,-4.0901875,0.08530661463737488,0.2809999883174896,0.3012999892234802
YPR183W,YPR188C,0,-4.090718,0.08528073132038116,0.2809999883174896,0.30140000581741333
YPR095C,YIL033C,0,-4.0907826,0.08525485545396805,0.2809999883174896,0.30149999260902405
YER093C,YLR009W,0,-4.0908456,0.08522899448871613,0.2809999883174896,0.30160000920295715
YIL122W,YMR168C,0,-4.0913973,0.085203155875206,0.2809999883174896,0.30169999599456787
YPL118W,YCR018C,0,-4.0914717,0.08517732471227646,0.2809999883174896,0.301800012588501
YIL026C,YMR163C,0,-4.0915456,0.08515151590108871,0.2809999883174896,0.3018999993801117
YOL090W,YMR128W,0,-4.0921755,0.08512572199106216,0.2809999883174896,0.3019999861717224
YMR264W,YKL084W,0,-4.092208,0.08509994298219681,0.2809999883174896,0.3021000027656555
YGR166W,YHR072W,0,-4.0925164,0.08507417142391205,0.2809999883174896,0.30219998955726624
YDR299W,YIL126W,0,-4.0930247,0.08504842966794968,0.2809999883174896,0.30230000615119934
YOR299W,YNR032C-A,0,-4.093305,0.0850226953625679,0.2809999883174896,0.30239999294281006
YGL155W,YPR119W,0,-4.093498,0.08499697595834732,0.2809999883174896,0.30250000953674316
YGR225W,YOR359W,0,-4.0936737,0.08497127145528793,0.2809999883174896,0.3025999963283539
YIL123W,YGR157W,0,-4.0938625,0.08494558930397034,0.2809999883174896,0.302700012922287
YJR059W,YER104W,0,-4.0940585,0.08491991460323334,0.2809999883174896,0.3027999997138977
YJL085W,YOR272W,0,-4.094128,0.08489426225423813,0.2809999883174896,0.3028999865055084
YPL258C,YPL152W,0,-4.09448,0.08486861735582352,0.2809999883174896,0.30300000309944153
YFR031C,YML132W,0,-4.094733,0.0848429948091507,0.2809999883174896,0.30309998989105225
YNR075W,YKL166C,0,-4.0947785,0.08481738716363907,0.2809999883174896,0.30320000648498535
YOR078W,YPL153C,0,-4.094869,0.08479179441928864,0.2809999883174896,0.30329999327659607
YLR433C,YLR212C,0,-4.0952845,0.0847662165760994,0.2809999883174896,0.3034000098705292
YDR039C,YLL015W,1,-4.0957313,0.08504221588373184,0.28200000524520874,0.3034000098705292
YLR397C,YIL038C,0,-4.0960197,0.08501657843589783,0.28200000524520874,0.3034999966621399
YDL223C,YFL017W-A,0,-4.096096,0.084990955889225,0.28200000524520874,0.303600013256073
YLL009C,YJL133W,1,-4.096394,0.08526664972305298,0.28299999237060547,0.303600013256073
YDR386W,YDL208W,0,-4.096415,0.08524096757173538,0.28299999237060547,0.3037000000476837
YDR028C,YJR144W,0,-4.096525,0.08521530032157898,0.28299999237060547,0.30379998683929443
YBR294W,YCR010C,1,-4.096613,0.08549066632986069,0.2840000092983246,0.30379998683929443
YDR498C,YDL090C,0,-4.096792,0.08546493947505951,0.2840000092983246,0.30390000343322754
YAR015W,YML047C,0,-4.097361,0.08543922752141953,0.2840000092983246,0.30399999022483826
YNL012W,YMR095C,0,-4.0974193,0.08541353046894073,0.2840000092983246,0.30410000681877136
YIL149C,YEL053C,0,-4.0974393,0.08538785576820374,0.2840000092983246,0.3041999936103821
YBR106W,YOL027C,1,-4.097881,0.08566275984048843,0.2849999964237213,0.3041999936103821
YJL143W,YDR236C,0,-4.097962,0.08563701808452606,0.2849999964237213,0.3043000102043152
YOR084W,YBL052C,0,-4.098272,0.08561129122972488,0.2849999964237213,0.3043999969959259
YGR183C,YBL015W,0,-4.0991864,0.0855855867266655,0.2849999964237213,0.304500013589859
YLL013C,YFL025C,0,-4.099199,0.0855598896741867,0.2849999964237213,0.3046000003814697
YJL209W,YKL139W,0,-4.099461,0.08553421497344971,0.2849999964237213,0.30469998717308044
YPR200C,YDR447C,0,-4.099585,0.0855085477232933,0.2849999964237213,0.30480000376701355
YNL078W,YNR017W,0,-4.100527,0.08548290282487869,0.2849999964237213,0.30489999055862427
YCL055W,YGL195W,0,-4.100543,0.08545727282762527,0.2849999964237213,0.3050000071525574
YNL126W,YIR026C,0,-4.1007648,0.08543165773153305,0.2849999964237213,0.3050999939441681
YLR115W,YPL093W,0,-4.101043,0.08540605008602142,0.2849999964237213,0.3052000105381012
YJL214W,YKL017C,0,-4.101086,0.08538046479225159,0.2849999964237213,0.3052999973297119
YHR197W,YJL039C,0,-4.101203,0.08535489439964294,0.2849999964237213,0.305400013923645
YEL030W,YGR286C,0,-4.101387,0.0853293389081955,0.2849999964237213,0.30550000071525574
YBL003C,YMR091C,0,-4.1021624,0.08530379831790924,0.2849999964237213,0.30559998750686646
YKL011C,YOL095C,0,-4.102165,0.08527828007936478,0.2849999964237213,0.30570000410079956
YDR171W,YLR096W,0,-4.1024776,0.08525276929140091,0.2849999964237213,0.3057999908924103
YOL158C,YLR092W,1,-4.1028247,0.08552631735801697,0.28600001335144043,0.3057999908924103
YOR084W,YIR011C,0,-4.1028953,0.08550074696540833,0.28600001335144043,0.3059000074863434
YGR257C,YDR298C,1,-4.1029778,0.08577405661344528,0.28700000047683716,0.3059000074863434
YOR074C,YNL236W,0,-4.1034236,0.08574843406677246,0.28700000047683716,0.3059999942779541
YBL009W,YDR508C,0,-4.103688,0.08572281897068024,0.28700000047683716,0.3061000108718872
YGR195W,YNL135C,0,-4.104274,0.0856972262263298,0.28700000047683716,0.3061999976634979
YDR192C,YHR188C,0,-4.104546,0.08567164093255997,0.28700000047683716,0.30630001425743103
YPR138C,YBR024W,1,-4.104571,0.08594449609518051,0.2879999876022339,0.30630001425743103
YDR385W,YLR242C,0,-4.104902,0.0859188511967659,0.2879999876022339,0.30640000104904175
YOR269W,YPR021C,0,-4.104924,0.08589322865009308,0.2879999876022339,0.30649998784065247
YGL226C-A,YNL250W,0,-4.1050053,0.08586762100458145,0.2879999876022339,0.30660000443458557
YLR003C,YHR123W,0,-4.1050816,0.08584202826023102,0.2879999876022339,0.3066999912261963
YOR329C,YKR101W,0,-4.1059246,0.08581645041704178,0.2879999876022339,0.3068000078201294
YBR069C,YIL048W,0,-4.106287,0.08579088747501373,0.2879999876022339,0.3068999946117401
YFL013C,YOR004W,0,-4.1062946,0.08576533943414688,0.2879999876022339,0.3070000112056732
YDR151C,YPL082C,0,-4.106987,0.08573980629444122,0.2879999876022339,0.30709999799728394
YGR047C,YDR122W,0,-4.107144,0.08571428805589676,0.2879999876022339,0.30720001459121704
YGL028C,YGL162W,0,-4.1073656,0.08568878471851349,0.2879999876022339,0.30730000138282776
YNR074C,YPR030W,0,-4.1073675,0.08566329628229141,0.2879999876022339,0.3073999881744385
YGR152C,YHR015W,0,-4.1073685,0.08563782274723053,0.2879999876022339,0.3075000047683716
YCR067C,YBL078C,0,-4.1074367,0.08561236411333084,0.2879999876022339,0.3075999915599823
YAL038W,YLR405W,0,-4.107756,0.08558692783117294,0.2879999876022339,0.3077000081539154
YMR173W,YPR095C,0,-4.107993,0.08556149899959564,0.2879999876022339,0.3077999949455261
YPR111W,YGR028W,0,-4.108101,0.08553608506917953,0.2879999876022339,0.30790001153945923
YMR216C,YCR035C,0,-4.1082687,0.08551068603992462,0.2879999876022339,0.30799999833106995
YGL030W,YGL172W,0,-4.1084085,0.0854853093624115,0.2879999876022339,0.30809998512268066
YLR075W,YDL002C,0,-4.1084676,0.08545994013547897,0.2879999876022339,0.30820000171661377
YBR295W,YDR456W,1,-4.1085033,0.08573123812675476,0.289000004529953,0.30820000171661377
YLR292C,YKR099W,0,-4.1086764,0.08570580929517746,0.289000004529953,0.3082999885082245
YAR015W,YCR060W,0,-4.108842,0.08568040281534195,0.289000004529953,0.3084000051021576
YLR240W,YMR095C,0,-4.1089683,0.08565501123666763,0.289000004529953,0.3084999918937683
YKR095W,YBL003C,0,-4.1097794,0.08562962710857391,0.289000004529953,0.3086000084877014
YML016C,YHR142W,0,-4.1098137,0.08560426533222198,0.289000004529953,0.30869999527931213
YKL064W,YOR381W,1,-4.1099753,0.08587503433227539,0.28999999165534973,0.30869999527931213
YOR083W,YLR206W,0,-4.110159,0.08584961295127869,0.28999999165534973,0.30880001187324524
YBR030W,YJL087C,0,-4.11027,0.08582420647144318,0.28999999165534973,0.30889999866485596
YPR034W,YLR056W,0,-4.1104274,0.08579881489276886,0.28999999165534973,0.3089999854564667
YJL194W,YBL013W,0,-4.1106663,0.08577343821525574,0.28999999165534973,0.3091000020503998
YEL071W,YIR019C,0,-4.1107264,0.08574807643890381,0.28999999165534973,0.3091999888420105
YDR101C,YKL046C,0,-4.110803,0.08572272956371307,0.28999999165534973,0.3093000054359436
YDL132W,YGR028W,0,-4.1108527,0.08569739758968353,0.28999999165534973,0.3093999922275543
YDR057W,YGL229C,0,-4.110943,0.08567208051681519,0.28999999165534973,0.3095000088214874
YOR129C,YKR061W,0,-4.111198,0.08564677834510803,0.28999999165534973,0.30959999561309814
YPL212C,YGL019W,0,-4.1113567,0.08562149107456207,0.28999999165534973,0.30970001220703125
YDR411C,YLR155C,0,-4.1115494,0.08559621870517731,0.28999999165534973,0.30979999899864197
YPL010W,YOR201C,0,-4.1115623,0.08557096123695374,0.28999999165534973,0.3098999857902527
YGL122C,YBL007C,0,-4.1117716,0.08554572612047195,0.28999999165534973,0.3100000023841858
YNL282W,YOR307C,0,-4.1119437,0.08552049845457077,0.28999999165534973,0.3100999891757965
YER005W,YGL126W,0,-4.1119504,0.08549528568983078,0.28999999165534973,0.3102000057697296
YOR129C,YNL231C,0,-4.1124454,0.08547008782625198,0.28999999165534973,0.31029999256134033
YIL149C,YJR118C,0,-4.112499,0.08544490486383438,0.28999999165534973,0.31040000915527344
YLR385C,YCL063W,0,-4.1127267,0.08541973680257797,0.28999999165534973,0.31049999594688416
YAR007C,YDR409W,0,-4.1128674,0.08539458364248276,0.28999999165534973,0.31060001254081726
YPL096W,YPL125W,0,-4.1128817,0.08536944538354874,0.28999999165534973,0.310699999332428
YJR091C,YCL029C,0,-4.1131973,0.08534432202577591,0.28999999165534973,0.3107999861240387
YNL223W,YBR126C,0,-4.113257,0.08531921356916428,0.28999999165534973,0.3109000027179718
YGL030W,YLR268W,0,-4.113844,0.08529412001371384,0.28999999165534973,0.3109999895095825
YJL031C,YMR238W,0,-4.113853,0.08526904135942459,0.28999999165534973,0.3111000061035156
YIL101C,YLR320W,0,-4.11422,0.08524397760629654,0.28999999165534973,0.31119999289512634
YPR185W,YOR075W,0,-4.114398,0.08521892130374908,0.28999999165534973,0.31130000948905945
YNL059C,YAL003W,0,-4.114429,0.08519388735294342,0.28999999165534973,0.31139999628067017
YML052W,YGR063C,0,-4.114487,0.08516886830329895,0.28999999165534973,0.31150001287460327
YOR330C,YML113W,0,-4.114528,0.08514386415481567,0.28999999165534973,0.311599999666214
YOL091W,YOR004W,0,-4.1148567,0.08511887490749359,0.28999999165534973,0.3116999864578247
YNL332W,YJR063W,0,-4.1148643,0.0850938931107521,0.28999999165534973,0.3118000030517578
YDL004W,YDL130W-A,1,-4.1159496,0.0853622779250145,0.29100000858306885,0.3118000030517578
YLR233C,YER049W,0,-4.116187,0.08533724397420883,0.29100000858306885,0.31189998984336853
YMR015C,YPR101W,0,-4.1164165,0.08531222492456436,0.29100000858306885,0.31200000643730164
YOR334W,YDR039C,1,-4.1176434,0.08558030426502228,0.2919999957084656,0.31200000643730164
YDR130C,YMR093W,0,-4.1176467,0.08555523306131363,0.2919999957084656,0.31209999322891235
YOR284W,YNL294C,0,-4.118202,0.08553016930818558,0.2919999957084656,0.31220000982284546
YJL056C,YKL052C,0,-4.1182117,0.08550512790679932,0.2919999957084656,0.3122999966144562
YBR245C,YLR133W,0,-4.118977,0.08548009395599365,0.2919999957084656,0.3124000132083893
YJL116C,YDR163W,0,-4.119199,0.08545507490634918,0.2919999957084656,0.3125
YOL156W,YIR008C,0,-4.119319,0.0854300782084465,0.2919999957084656,0.3125999867916107
YLR249W,YEL066W,0,-4.119329,0.08540508896112442,0.2919999957084656,0.3127000033855438
YNL110C,YGR056W,0,-4.119555,0.08538011461496353,0.2919999957084656,0.31279999017715454
YMR190C,YOR307C,0,-4.11959,0.08535516262054443,0.2919999957084656,0.31290000677108765
YPL202C,YPL203W,0,-4.11974,0.08533021807670593,0.2919999957084656,0.31299999356269836
YNR044W,YHR133C,0,-4.1200275,0.08530528843402863,0.2919999957084656,0.31310001015663147
YOR032C,YHR016C,0,-4.1203446,0.08528037369251251,0.2919999957084656,0.3131999969482422
YOL127W,YGL019W,0,-4.12068,0.08525547385215759,0.2919999957084656,0.3133000135421753
YGL200C,YMR042W,0,-4.1207237,0.08523058891296387,0.2919999957084656,0.313400000333786
YLR129W,YMR235C,0,-4.120724,0.08520571887493134,0.2919999957084656,0.31349998712539673
YLL061W,YNL222W,0,-4.121018,0.08518086373806,0.2919999957084656,0.31360000371932983
YLR303W,YOL113W,0,-4.1210313,0.08515602350234985,0.2919999957084656,0.31369999051094055
YBR295W,YLL015W,1,-4.1211457,0.08542273938655853,0.2930000126361847,0.31369999051094055
YPL049C,YGL095C,0,-4.121477,0.08539783954620361,0.2930000126361847,0.31380000710487366
YMR267W,YGL229C,0,-4.1214833,0.08537296205759048,0.2930000126361847,0.3138999938964844
YKL028W,YKL042W,0,-4.1216936,0.08534809201955795,0.2930000126361847,0.3140000104904175
YBR098W,YCR038C,0,-4.122756,0.08532323688268661,0.2930000126361847,0.3140999972820282
YBL099W,YDR039C,1,-4.1229053,0.08558952063322067,0.2939999997615814,0.3140999972820282
YDR484W,YNL075W,0,-4.123036,0.08556461334228516,0.2939999997615814,0.3142000138759613
YGR239C,YPL164C,0,-4.1238003,0.08553971350193024,0.2939999997615814,0.314300000667572
YMR047C,YDR353W,0,-4.124088,0.08551483601331711,0.2939999997615814,0.31439998745918274
YCR037C,YPR020W,1,-4.124232,0.08578074723482132,0.29499998688697815,0.31439998745918274
YIL140W,YML052W,0,-4.1250362,0.08575581759214401,0.29499998688697815,0.31450000405311584
YNL244C,YDR419W,0,-4.1253333,0.0857308954000473,0.29499998688697815,0.31459999084472656
YPL117C,YJL138C,0,-4.125336,0.08570598810911179,0.29499998688697815,0.31470000743865967
YMR092C,YMR091C,0,-4.126462,0.08568109571933746,0.29499998688697815,0.3147999942302704
YGL071W,YJL198W,1,-4.1264825,0.08594657480716705,0.29600000381469727,0.3147999942302704
YIL154C,YJR001W,0,-4.1267757,0.08592162281274796,0.29600000381469727,0.3149000108242035
YNL082W,YFL033C,0,-4.1268864,0.08589669317007065,0.29600000381469727,0.3149999976158142
YGR183C,YOL071W,0,-4.127078,0.08587177097797394,0.29600000381469727,0.3151000142097473
YEL017C-A,YML121W,1,-4.1271667,0.08613689243793488,0.296999990940094,0.3151000142097473
YPR132W,YJL111W,0,-4.1271944,0.08611191809177399,0.296999990940094,0.31520000100135803
YHR067W,YBR038W,0,-4.1273193,0.08608695864677429,0.296999990940094,0.31529998779296875
YGR289C,YBR244W,0,-4.127481,0.08606201410293579,0.296999990940094,0.31540000438690186
YDL188C,YDR216W,0,-4.1275,0.08603707700967789,0.296999990940094,0.3154999911785126
YLR048W,YPL167C,0,-4.127606,0.08601216226816177,0.296999990940094,0.3156000077724457
YDR120C,YGL065C,0,-4.127944,0.08598726242780685,0.296999990940094,0.3156999945640564
YHR062C,YDR450W,0,-4.1282783,0.08596237003803253,0.296999990940094,0.3158000111579895
YBR278W,YNL325C,0,-4.1289463,0.0859375,0.296999990940094,0.3158999979496002
YDL077C,YPR094W,0,-4.1291842,0.08591263741254807,0.296999990940094,0.3160000145435333
YNL021W,YMR065W,0,-4.1292543,0.08588779717683792,0.296999990940094,0.31610000133514404
YGL226C-A,YBR095C,0,-4.1292863,0.08586296439170837,0.296999990940094,0.31619998812675476
YBR017C,YPR199C,0,-4.129318,0.08583815395832062,0.296999990940094,0.31630000472068787
YKR039W,YBR129C,0,-4.129426,0.08581335097551346,0.296999990940094,0.3163999915122986
YDR259C,YNL101W,0,-4.129589,0.08578856289386749,0.296999990940094,0.3165000081062317
YCR018C,YKL203C,0,-4.129658,0.08576378971338272,0.296999990940094,0.3165999948978424
YBR121C,YOR171C,0,-4.129853,0.08573903143405914,0.296999990940094,0.3167000114917755
YNR002C,YKL175W,1,-4.1300364,0.0860028862953186,0.2980000078678131,0.3167000114917755
YOR079C,YML127W,0,-4.1300483,0.08597807586193085,0.2980000078678131,0.31679999828338623
YPL057C,YBL032W,0,-4.130133,0.08595327287912369,0.2980000078678131,0.31690001487731934
YHR098C,YKR062W,0,-4.1303115,0.08592849224805832,0.2980000078678131,0.31700000166893005
YLR433C,YGL216W,0,-4.130379,0.08590371906757355,0.2980000078678131,0.31709998846054077
YCR098C,YPR067W,1,-4.1304717,0.08616714924573898,0.29899999499320984,0.31709998846054077
YDL014W,YKL165C,0,-4.1305985,0.08614232391119003,0.29899999499320984,0.3172000050544739
YDR263C,YNL177C,0,-4.1308036,0.08611751347780228,0.29899999499320984,0.3172999918460846
YDR072C,YHR077C,0,-4.131368,0.08609271794557571,0.29899999499320984,0.3174000084400177
YDR335W,YCL035C,0,-4.1314416,0.08606792986392975,0.29899999499320984,0.3174999952316284
YPL167C,YBR172C,0,-4.1314855,0.08604316413402557,0.29899999499320984,0.3176000118255615
YNL294C,YOR226C,0,-4.13154,0.08601841330528259,0.29899999499320984,0.31769999861717224
YCR067C,YDR218C,0,-4.1316032,0.08599366992712021,0.29899999499320984,0.31779998540878296
YMR055C,YLR176C,0,-4.1316833,0.08596894890069962,0.29899999499320984,0.31790000200271606
YAR031W,YJR040W,0,-4.1319165,0.08594423532485962,0.29899999499320984,0.3179999887943268
YBR212W,YPL018W,0,-4.1322904,0.08591953665018082,0.29899999499320984,0.3181000053882599
YFL058W,YGR179C,0,-4.1325827,0.0858948603272438,0.29899999499320984,0.3181999921798706
YDL188C,YBL003C,0,-4.1328344,0.08587019145488739,0.29899999499320984,0.3183000087738037
YHL003C,YOR359W,0,-4.132895,0.08584553748369217,0.29899999499320984,0.31839999556541443
YMR308C,YJL025W,0,-4.1337447,0.08582089841365814,0.29899999499320984,0.31850001215934753
YDR456W,YOR381W,1,-4.1340566,0.08608321100473404,0.30000001192092896,0.31850001215934753
YPL078C,YPR067W,1,-4.134117,0.0863453820347786,0.3009999990463257,0.31850001215934753
YHR006W,YPR042C,0,-4.134413,0.08632061630487442,0.3009999990463257,0.31859999895095825
YOR230W,YKL038W,0,-4.134597,0.08629587292671204,0.3009999990463257,0.31869998574256897
YCR024C-A,YLL009C,1,-4.134643,0.08655775338411331,0.3019999861717224,0.31869998574256897
YEL065W,YDR456W,1,-4.1347027,0.08681948482990265,0.30300000309944153,0.31869998574256897
YNL106C,YHR015W,0,-4.13524,0.08679461479187012,0.30300000309944153,0.3188000023365021
YCL063W,YAL021C,0,-4.136469,0.08676975965499878,0.30300000309944153,0.3188999891281128
YHR135C,YMR246W,0,-4.1369376,0.08674491941928864,0.30300000309944153,0.3190000057220459
YML132W,YBR093C,0,-4.136992,0.08672009408473969,0.30300000309944153,0.3190999925136566
YKL017C,YNL002C,0,-4.137213,0.08669527620077133,0.30300000309944153,0.3192000091075897
YBL023C,YDL069C,0,-4.1373863,0.08667048066854477,0.30300000309944153,0.31929999589920044
YDL188C,YPL047W,0,-4.1373982,0.0866456925868988,0.30300000309944153,0.31940001249313354
YKL014C,YLR158C,0,-4.1374054,0.08662092685699463,0.30300000309944153,0.31949999928474426
YHR166C,YIL002C,0,-4.1374497,0.08659616857767105,0.30300000309944153,0.319599986076355
YOR028C,YLR157C,0,-4.137673,0.08657142519950867,0.30300000309944153,0.3197000026702881
YHL038C,YBR217W,0,-4.1378655,0.08654670417308807,0.30300000309944153,0.3197999894618988
YBL007C,YLR158C,0,-4.1388426,0.08652199059724808,0.30300000309944153,0.3199000060558319
YDR147W,YKL197C,0,-4.13921,0.08649728447198868,0.30300000309944153,0.3199999928474426
YDR393W,YMR093W,0,-4.139214,0.08647260069847107,0.30300000309944153,0.32010000944137573
YOR136W,YPL267W,0,-4.13947,0.08644793182611465,0.30300000309944153,0.32019999623298645
YLR200W,YHL020C,0,-4.140038,0.08642327785491943,0.30300000309944153,0.32030001282691956
YER173W,YEL063C,0,-4.1401777,0.08639863133430481,0.30300000309944153,0.3203999996185303
YPR057W,YBR155W,0,-4.14085,0.08637399971485138,0.30300000309944153,0.320499986410141
YIR017C,YBR086C,0,-4.1413393,0.08634939044713974,0.30300000309944153,0.3206000030040741
YNL121C,YOR095C,0,-4.14141,0.0863247886300087,0.30300000309944153,0.3206999897956848
YLL009C,YFL041W,1,-4.1422033,0.08658501505851746,0.30399999022483826,0.3206999897956848
YHR196W,YLR033W,0,-4.142545,0.08656036108732224,0.30399999022483826,0.3208000063896179
YNR043W,YJR042W,0,-4.143096,0.08653572201728821,0.30399999022483826,0.32089999318122864
YOL130W,YER145C,1,-4.1431694,0.08679567277431488,0.3050000071525574,0.32089999318122864
YBR006W,YGR284C,0,-4.1433353,0.08677098155021667,0.3050000071525574,0.32100000977516174
YPR067W,YDR298C,1,-4.1436014,0.08703071624040604,0.3059999942779541,0.32100000977516174
YMR305C,YBR036C,0,-4.1436253,0.08700597286224365,0.3059999942779541,0.32109999656677246
YGL008C,YJL117W,1,-4.1436396,0.0872654914855957,0.3070000112056732,0.32109999656677246
YKL160W,YKR097W,0,-4.1439447,0.08724069595336914,0.3070000112056732,0.32120001316070557
YBL098W,YGR284C,0,-4.144013,0.08721590787172318,0.3070000112056732,0.3212999999523163
YOL043C,YJL058C,0,-4.144058,0.087191142141819,0.3070000112056732,0.321399986743927
YBR168W,YPL241C,0,-4.1444635,0.08716638386249542,0.3070000112056732,0.3215000033378601
YOL027C,YGL255W,1,-4.1444693,0.08742549270391464,0.30799999833106995,0.3215000033378601
YDR244W,YPL181W,0,-4.1447086,0.08740068227052689,0.30799999833106995,0.3215999901294708
YML013W,YDR297W,0,-4.145365,0.08737588673830032,0.30799999833106995,0.32170000672340393
YLR051C,YBR173C,0,-4.145813,0.08735110610723495,0.30799999833106995,0.32179999351501465
YMR186W,YOR355W,0,-4.1458416,0.08732634037733078,0.30799999833106995,0.32190001010894775
YOR259C,YAL010C,0,-4.1462073,0.0873015895485878,0.30799999833106995,0.32199999690055847
YPL115C,YMR177W,0,-4.146415,0.08727684617042542,0.30799999833106995,0.3221000134944916
YLR085C,YGL178W,0,-4.1464586,0.08725212514400482,0.30799999833106995,0.3222000002861023
YPL187W,YDR052C,0,-4.1465693,0.08722741156816483,0.30799999833106995,0.322299987077713
YER013W,YGL016W,0,-4.146722,0.08720272034406662,0.30799999833106995,0.3224000036716461
YMR117C,YOR328W,0,-4.146729,0.08717803657054901,0.30799999833106995,0.32249999046325684
YOL156W,YMR047C,0,-4.146795,0.0871533676981926,0.30799999833106995,0.32260000705718994
YDL113C,YHR001W-A,0,-4.1468387,0.08712871372699738,0.30799999833106995,0.32269999384880066
YOR083W,YFL004W,0,-4.1468983,0.08710407465696335,0.30799999833106995,0.32280001044273376
YBR198C,YLR141W,0,-4.14739,0.08707944303750992,0.30799999833106995,0.3228999972343445
YFL048C,YIL139C,0,-4.1475377,0.08705483376979828,0.30799999833106995,0.3230000138282776
YNL328C,YNR049C,0,-4.1475534,0.08703023195266724,0.30799999833106995,0.3231000006198883
YGL133W,YML011C,0,-4.1478844,0.08700565248727798,0.30799999833106995,0.323199987411499
YGR281W,YPL212C,0,-4.148086,0.08698108047246933,0.30799999833106995,0.32330000400543213
YPR088C,YDL112W,0,-4.148176,0.08695652335882187,0.30799999833106995,0.32339999079704285
YNL275W,YCL051W,0,-4.1482434,0.0869319811463356,0.30799999833106995,0.32350000739097595
YOL043C,YKL029C,0,-4.148366,0.08690744638442993,0.30799999833106995,0.32359999418258667
YBL024W,YER133W,0,-4.1484327,0.08688293397426605,0.30799999833106995,0.3237000107765198
YGR238C,YLR223C,0,-4.148497,0.08685842901468277,0.30799999833106995,0.3237999975681305
YPR081C,YBR275C,0,-4.1485004,0.08683394640684128,0.30799999833106995,0.3239000141620636
YMR070W,YML128C,0,-4.148703,0.08680947124958038,0.30799999833106995,0.3240000009536743
YDR027C,YDR013W,0,-4.1487775,0.08678501099348068,0.30799999833106995,0.32409998774528503
YGL005C,YNR038W,0,-4.148942,0.08676056563854218,0.30799999833106995,0.32420000433921814
YPL237W,YHR206W,0,-4.1489697,0.08673612773418427,0.30799999833106995,0.32429999113082886
YBR136W,YIL079C,0,-4.14904,0.08671171218156815,0.30799999833106995,0.32440000772476196
YNL041C,YFR030W,0,-4.149311,0.08668730407953262,0.30799999833106995,0.3244999945163727
YPL139C,YHL034C,0,-4.1493344,0.08666291832923889,0.30799999833106995,0.3246000111103058
YLR295C,YIL121W,1,-4.149345,0.08691982924938202,0.3089999854564667,0.3246000111103058
YJL019W,YDR324C,0,-4.1494102,0.08689539134502411,0.3089999854564667,0.3246999979019165
YJR160C,YNL332W,0,-4.149589,0.0868709608912468,0.3089999854564667,0.3248000144958496
YFL013C,YPR188C,0,-4.150241,0.08684654533863068,0.3089999854564667,0.3249000012874603
YER040W,YFL017W-A,0,-4.150979,0.08682214468717575,0.3089999854564667,0.32499998807907104
YJL133W,YPR067W,1,-4.1509867,0.08707865327596664,0.3100000023841858,0.32499998807907104
YLR026C,YLR119W,0,-4.151299,0.08705420047044754,0.3100000023841858,0.32510000467300415
YDR038C,YBR290W,1,-4.1513405,0.08731050044298172,0.3109999895095825,0.32510000467300415
YMR001C,YPL194W,0,-4.1513896,0.08728599548339844,0.3109999895095825,0.32519999146461487
YAR015W,YLL024C,0,-4.1520367,0.08726150542497635,0.3109999895095825,0.325300008058548
YCR024C-A,YML081C-A,1,-4.152054,0.08751752972602844,0.31200000643730164,0.325300008058548
YOR142W,YDL044C,0,-4.1522217,0.08749298751354218,0.31200000643730164,0.3253999948501587
YDR002W,YMR001C,0,-4.1522236,0.0874684602022171,0.31200000643730164,0.3255000114440918
YER089C,YMR198W,0,-4.1525106,0.08744394779205322,0.31200000643730164,0.3255999982357025
YKL125W,YGL175C,0,-4.152515,0.08741944283246994,0.31200000643730164,0.3257000148296356
YHR098C,YBL074C,0,-4.152861,0.08739496022462845,0.31200000643730164,0.32580000162124634
YGR092W,YDR440W,0,-4.1531644,0.08737048506736755,0.31200000643730164,0.32589998841285706
YDR385W,YMR150C,0,-4.1537986,0.08734602481126785,0.31200000643730164,0.32600000500679016
YLR055C,YBR216C,0,-4.153959,0.08732157945632935,0.31200000643730164,0.3260999917984009
YOR259C,YJR091C,0,-4.1541796,0.08729714900255203,0.31200000643730164,0.326200008392334
YLR084C,YJR145C,0,-4.1544056,0.08727272599935532,0.31200000643730164,0.3262999951839447
YIL135C,YHR154W,0,-4.1545453,0.08724832534790039,0.31200000643730164,0.3264000117778778
YGR244C,YGR165W,0,-4.154616,0.08722393214702606,0.31200000643730164,0.3264999985694885
YNL262W,YNR072W,0,-4.154707,0.08719955384731293,0.31200000643730164,0.32659998536109924
YPL241C,YKL029C,0,-4.155154,0.08717519044876099,0.31200000643730164,0.32670000195503235
YPL096W,YIR021W,0,-4.155452,0.08715083450078964,0.31200000643730164,0.32679998874664307
YER126C,YLR274W,0,-4.155491,0.08712650090456009,0.31200000643730164,0.32690000534057617
YBR037C,YKL016C,1,-4.1555862,0.08738134801387787,0.31299999356269836,0.32690000534057617
YLR136C,YGL086W,0,-4.1557684,0.08735696226358414,0.31299999356269836,0.3269999921321869
YGR200C,YDR353W,0,-4.1560197,0.0873325914144516,0.31299999356269836,0.32710000872612
YMR190C,YDR037W,0,-4.1563997,0.08730822801589966,0.31299999356269836,0.3271999955177307
YLR256W,YGL181W,0,-4.1566257,0.08728387951850891,0.31299999356269836,0.3273000121116638
YGR258C,YML062C,0,-4.157492,0.08725954592227936,0.31299999356269836,0.32739999890327454
YHR084W,YOR226C,0,-4.157613,0.087235227227211,0.31299999356269836,0.32749998569488525
YHR070W,YGL225W,0,-4.157998,0.08721092343330383,0.31299999356269836,0.32760000228881836
YMR281W,YPL209C,0,-4.1580014,0.08718662708997726,0.31299999356269836,0.3276999890804291
YHR023W,YPR032W,0,-4.1584644,0.08716235309839249,0.31299999356269836,0.3278000056743622
YOL130W,YNL259C,1,-4.1586313,0.08741647750139236,0.3140000104904175,0.3278000056743622
YOR120W,YPR189W,0,-4.158654,0.08739215135574341,0.3140000104904175,0.3278999924659729
YEL019C,YHL024W,0,-4.1590266,0.08736783266067505,0.3140000104904175,0.328000009059906
YJR066W,YDL153C,0,-4.159073,0.08734353631734848,0.3140000104904175,0.3280999958515167
YNL274C,YNR057C,0,-4.1595774,0.08731923997402191,0.3140000104904175,0.32820001244544983
YDR456W,YPL036W,1,-4.1599884,0.08757297694683075,0.3149999976158142,0.32820001244544983
YNL222W,YER027C,0,-4.1602945,0.0875486359000206,0.3149999976158142,0.32829999923706055
YDR490C,YGR028W,0,-4.160303,0.08752430975437164,0.3149999976158142,0.32839998602867126
YER111C,YJL154C,0,-4.160307,0.08749999850988388,0.3149999976158142,0.32850000262260437
YJL109C,YGR020C,0,-4.1603417,0.08747570216655731,0.3149999976158142,0.3285999894142151
YGR123C,YNL090W,0,-4.160514,0.08745141327381134,0.3149999976158142,0.3287000060081482
YER005W,YDR045C,0,-4.1605215,0.08742714673280716,0.3149999976158142,0.3287999927997589
YGL130W,YGR091W,0,-4.160635,0.08740288764238358,0.3149999976158142,0.328900009393692
YPL268W,YIR026C,0,-4.160852,0.08737864345312119,0.3149999976158142,0.32899999618530273
YGL194C,YMR172W,0,-4.160998,0.08735440671443939,0.3149999976158142,0.32910001277923584
YGR214W,YIR022W,0,-4.1612287,0.08733019232749939,0.3149999976158142,0.32919999957084656
YMR068W,YDL007W,0,-4.1614614,0.08730598539113998,0.3149999976158142,0.3292999863624573
YLR157C,YMR146C,0,-4.161563,0.08728179335594177,0.3149999976158142,0.3294000029563904
YAL030W,YGL166W,0,-4.1626463,0.08725761622190475,0.3149999976158142,0.3294999897480011
YNL129W,YLR221C,0,-4.162744,0.08723345398902893,0.3149999976158142,0.3296000063419342
YCL039W,YGL162W,0,-4.1627517,0.0872092992067337,0.3149999976158142,0.3296999931335449
YBR244W,YJL013C,0,-4.1627827,0.08718516677618027,0.3149999976158142,0.329800009727478
YKR031C,YML028W,0,-4.163306,0.08716104179620743,0.3149999976158142,0.32989999651908875
YLR107W,YPL112C,0,-4.1634703,0.08713693171739578,0.3149999976158142,0.33000001311302185
YFL013C,YDL055C,0,-4.163702,0.08711282908916473,0.3149999976158142,0.33009999990463257
YGL116W,YMR179W,0,-4.1637993,0.08708874881267548,0.3149999976158142,0.3301999866962433
YDR283C,YPL214C,0,-4.1639514,0.08706467598676682,0.3149999976158142,0.3303000032901764
YER061C,YML011C,0,-4.1639986,0.08704061806201935,0.3149999976158142,0.3303999900817871
YCR061W,YML011C,0,-4.16419,0.08701657503843307,0.3149999976158142,0.3305000066757202
YOR112W,YOR113W,0,-4.1643085,0.086992546916008,0.3149999976158142,0.33059999346733093
YDL014W,YIR015W,0,-4.1644,0.08696852624416351,0.3149999976158142,0.33070001006126404
YNL065W,YGL216W,0,-4.164558,0.08694452047348022,0.3149999976158142,0.33079999685287476
YJR112W,YKR083C,0,-4.164646,0.08692052960395813,0.3149999976158142,0.33090001344680786
YML027W,YJL003W,0,-4.1648645,0.08689655363559723,0.3149999976158142,0.3310000002384186
YKL046C,YOR103C,0,-4.165185,0.08687258511781693,0.3149999976158142,0.3310999870300293
YDR138W,YKL179C,0,-4.165411,0.08684863895177841,0.3149999976158142,0.3312000036239624
YDR040C,YDR384C,1,-4.1656017,0.08710033446550369,0.3160000145435333,0.3312000036239624
YCR024C-A,YOR381W,1,-4.1657825,0.08735188841819763,0.31700000166893005,0.3312000036239624
YGR289C,YLR384C,0,-4.1660414,0.08732782304286957,0.31700000166893005,0.3312999904155731
YHR036W,YDR434W,0,-4.1662564,0.0873037725687027,0.31700000166893005,0.3314000070095062
YPL171C,YGL048C,0,-4.166451,0.08727973699569702,0.31700000166893005,0.33149999380111694
YFR050C,YIL167W,0,-4.1665726,0.08725570887327194,0.31700000166893005,0.33160001039505005
YGR129W,YNL068C,0,-4.1666245,0.08723170310258865,0.31700000166893005,0.33169999718666077
YOR231W,YDL126C,0,-4.1668925,0.08720770478248596,0.31700000166893005,0.33180001378059387
YLR008C,YOL145C,0,-4.1668997,0.08718372136354446,0.31700000166893005,0.3319000005722046
YHR001W,YKR081C,0,-4.166995,0.08715974539518356,0.31700000166893005,0.3319999873638153
YBL090W,YOR340C,0,-4.1672177,0.08713579177856445,0.31700000166893005,0.3321000039577484
YOR334W,YNR060W,1,-4.167221,0.08738664537668228,0.3179999887943268,0.3321000039577484
YPL040C,YDR331W,0,-4.167239,0.08736263960599899,0.3179999887943268,0.33219999074935913
YBR132C,YBR081C,0,-4.167496,0.0873386412858963,0.3179999887943268,0.33230000734329224
YEL030W,YOR074C,0,-4.1675425,0.0873146653175354,0.3179999887943268,0.33239999413490295
YAR015W,YNL002C,0,-4.167697,0.0872906967997551,0.3179999887943268,0.33250001072883606
YGL008C,YBL099W,1,-4.167738,0.08754116296768188,0.3190000057220459,0.33250001072883606
YMR012W,YMR089C,0,-4.167813,0.087517149746418,0.3190000057220459,0.3325999975204468
YKL175W,YLR130C,1,-4.1678433,0.08776741474866867,0.3199999928474426,0.3325999975204468
YDR411C,YJR025C,0,-4.168069,0.0877433493733406,0.3199999928474426,0.3327000141143799
YNL039W,YJR043C,0,-4.1682744,0.08771929889917374,0.3199999928474426,0.3328000009059906
YGR165W,YDL137W,0,-4.1683207,0.08769525587558746,0.3199999928474426,0.3328999876976013
YML105C,YLR009W,0,-4.1684937,0.08767123520374298,0.3199999928474426,0.3330000042915344
YGL127C,YEL041W,0,-4.1685266,0.0876472219824791,0.3199999928474426,0.33309999108314514
YOR241W,YLR386W,0,-4.168559,0.0876232236623764,0.3199999928474426,0.33320000767707825
YEL042W,YHL020C,0,-4.1692266,0.08759923279285431,0.3199999928474426,0.33329999446868896
YOR245C,YOL068C,0,-4.169436,0.08757525682449341,0.3199999928474426,0.33340001106262207
YOR334W,YLR092W,1,-4.1701264,0.08782489597797394,0.32100000977516174,0.33340001106262207
YDR273W,YLR431C,0,-4.170727,0.08780087530612946,0.32100000977516174,0.3334999978542328
YGR097W,YHR139C,0,-4.170801,0.08777686953544617,0.32100000977516174,0.3336000144481659
YLR228C,YOR172W,0,-4.170842,0.08775287121534348,0.32100000977516174,0.3337000012397766
YML061C,YGL200C,0,-4.171525,0.08772888779640198,0.32100000977516174,0.33379998803138733
YMR236W,YGL191W,0,-4.1715307,0.08770491927862167,0.32100000977516174,0.33390000462532043
YNR060W,YMR243C,1,-4.171629,0.08795411139726639,0.32199999690055847,0.33390000462532043
YFR019W,YJR158W,0,-4.171706,0.0879300907254219,0.32199999690055847,0.33399999141693115
YKL170W,YBR213W,0,-4.171791,0.08790608495473862,0.32199999690055847,0.33410000801086426
YLR075W,YBR244W,0,-4.17229,0.08788209408521652,0.32199999690055847,0.334199994802475
YPR008W,YFR040W,0,-4.1723194,0.08785811811685562,0.32199999690055847,0.3343000113964081
YLR228C,YDR246W,0,-4.172403,0.08783414959907532,0.32199999690055847,0.3343999981880188
YHR123W,YBR233W-A,0,-4.1724076,0.08781019598245621,0.32199999690055847,0.3345000147819519
YOR180C,YPR131C,0,-4.1727486,0.08778625726699829,0.32199999690055847,0.3346000015735626
YDR270W,YGL006W,1,-4.1730127,0.08803489059209824,0.3230000138282776,0.3346000015735626
YNL130C,YNL085W,0,-4.1732645,0.08801089972257614,0.3230000138282776,0.33469998836517334
YNL327W,YMR081C,0,-4.173558,0.08798692375421524,0.3230000138282776,0.33480000495910645
YIR008C,YJL167W,0,-4.173665,0.08796296268701553,0.3230000138282776,0.33489999175071716
YNL084C,YOR332W,0,-4.174412,0.08793901652097702,0.3230000138282776,0.33500000834465027
YDL095W,YOR109W,0,-4.174542,0.0879150778055191,0.3230000138282776,0.335099995136261
YDR017C,YER162C,0,-4.174626,0.08789115399122238,0.3230000138282776,0.3352000117301941
YGR005C,YDR163W,0,-4.1746373,0.08786724507808685,0.3230000138282776,0.3352999985218048
YCR077C,YOL117W,0,-4.1748705,0.08784335106611252,0.3230000138282776,0.3353999853134155
YDR224C,YLR117C,0,-4.174925,0.08781946450471878,0.3230000138282776,0.33550000190734863
YDR126W,YLR240W,0,-4.174974,0.08779560029506683,0.3230000138282776,0.33559998869895935
YMR117C,YMR006C,0,-4.174995,0.08777173608541489,0.3230000138282776,0.33570000529289246
YKL108W,YNR019W,0,-4.1750026,0.08774789422750473,0.3230000138282776,0.3357999920845032
YKR022C,YIL079C,0,-4.175042,0.08772405982017517,0.3230000138282776,0.3359000086784363
YCR020C,YAL042W,0,-4.175125,0.0877002477645874,0.3230000138282776,0.335999995470047
YOL016C,YER042W,0,-4.175171,0.08767643570899963,0.3230000138282776,0.3361000120639801
YDR182W,YER052C,0,-4.1751833,0.08765264600515366,0.3230000138282776,0.3361999988555908
YBR228W,YGL073W,0,-4.175288,0.08762886375188828,0.3230000138282776,0.33629998564720154
YOL086C,YGL162W,0,-4.1755714,0.08760509639978409,0.3230000138282776,0.33640000224113464
YDR087C,YNL250W,0,-4.1761394,0.0875813439488411,0.3230000138282776,0.33649998903274536
YLR183C,YIL031W,0,-4.1761823,0.0875576063990593,0.3230000138282776,0.33660000562667847
YKL175W,YGR191W,1,-4.1763563,0.08780487626791,0.3240000009536743,0.33660000562667847
YDR492W,YOR171C,0,-4.1769276,0.08778108656406403,0.3240000009536743,0.3366999924182892
YDR038C,YGL006W,1,-4.1772895,0.08802817016839981,0.32499998807907104,0.3366999924182892
YGL130W,YGL206C,0,-4.177587,0.08800433576107025,0.32499998807907104,0.3368000090122223
YOR320C,YLR139C,0,-4.1778235,0.08798050880432129,0.32499998807907104,0.336899995803833
YJR040W,YDR335W,0,-4.1785765,0.08795669674873352,0.32499998807907104,0.3370000123977661
YOR304W,YER172C,0,-4.179276,0.08793289959430695,0.32499998807907104,0.33709999918937683
YBR294W,YGL008C,1,-4.1795287,0.08817960321903229,0.32600000500679016,0.33709999918937683
YER171W,YLR023C,0,-4.1798215,0.08815576136112213,0.32600000500679016,0.33719998598098755
YMR236W,YLR022C,0,-4.180153,0.08813192695379257,0.32600000500679016,0.33730000257492065
YCR073C,YLR291C,0,-4.1802692,0.0881081074476242,0.32600000500679016,0.33739998936653137
YML081C-A,YJL117W,1,-4.1804247,0.08835449814796448,0.3269999921321869,0.33739998936653137
YDR195W,YDR045C,0,-4.1806345,0.08833063393831253,0.3269999921321869,0.3375000059604645
YFR019W,YMR293C,0,-4.181364,0.08830677717924118,0.3269999921321869,0.3375999927520752
YOL130W,YKR052C,1,-4.181402,0.08855291455984116,0.328000009059906,0.3375999927520752
YHL020C,YML074C,0,-4.181404,0.08852901309728622,0.328000009059906,0.3377000093460083
YDL108W,YJL204C,0,-4.181539,0.08850512653589249,0.328000009059906,0.337799996137619
YDL005C,YPL130W,0,-4.1816854,0.08848125487565994,0.328000009059906,0.3379000127315521
YDR288W,YHR081W,0,-4.1817455,0.088457390666008,0.328000009059906,0.33799999952316284
YDR087C,YJL138C,0,-4.1817803,0.08843354135751724,0.328000009059906,0.33809998631477356
YBR081C,YFR047C,0,-4.181953,0.08840970695018768,0.328000009059906,0.33820000290870667
YJL133W,YOL158C,1,-4.1820455,0.08865535259246826,0.32899999618530273,0.33820000290870667
YGR097W,YHR118C,0,-4.182263,0.08863146603107452,0.32899999618530273,0.3382999897003174
YBR069C,YCR075C,0,-4.1823034,0.08860759437084198,0.32899999618530273,0.3384000062942505
YLR369W,YLR318W,0,-4.182332,0.08858373761177063,0.32899999618530273,0.3384999930858612
YDR093W,YKR086W,0,-4.1825256,0.08855989575386047,0.32899999618530273,0.3386000096797943
YCR067C,YDL235C,0,-4.182618,0.08853606134653091,0.32899999618530273,0.33869999647140503
YBR290W,YLR411W,1,-4.1827044,0.08878127485513687,0.33000001311302185,0.33869999647140503
YJR076C,YDR299W,0,-4.1827397,0.08875739574432373,0.33000001311302185,0.33880001306533813
YGL016W,YIL044C,0,-4.182742,0.08873353153467178,0.33000001311302185,0.33889999985694885
YML092C,YOR185C,0,-4.182909,0.08870967477560043,0.33000001311302185,0.33899998664855957
YOR160W,YHR088W,0,-4.183223,0.08868584036827087,0.33000001311302185,0.3391000032424927
YOR353C,YGL105W,0,-4.183268,0.08866200596094131,0.33000001311302185,0.3391999900341034
YPR088C,YOR185C,0,-4.1833773,0.08863819390535355,0.33000001311302185,0.3393000066280365
YLR316C,YPL026C,0,-4.183408,0.08861439675092697,0.33000001311302185,0.3393999934196472
YOR332W,YMR190C,0,-4.1835327,0.088590607047081,0.33000001311302185,0.3395000100135803
YJL111W,YNL302C,0,-4.1835814,0.08856682479381561,0.33000001311302185,0.33959999680519104
YLR378C,YKL144C,0,-4.1835995,0.08854306489229202,0.33000001311302185,0.33970001339912415
YIR028W,YOR233W,0,-4.1837983,0.08851931244134903,0.33000001311302185,0.33980000019073486
YOR179C,YHR092C,0,-4.18415,0.08849557489156723,0.33000001311302185,0.3398999869823456
YDR364C,YHR042W,0,-4.184186,0.08847185224294662,0.33000001311302185,0.3400000035762787
YGL252C,YDR335W,0,-4.1842084,0.08844813704490662,0.33000001311302185,0.3400999903678894
YOR018W,YBR058C,0,-4.1844754,0.0884244367480278,0.33000001311302185,0.3402000069618225
YNR053C,YJL165C,0,-4.1847987,0.08840075135231018,0.33000001311302185,0.3402999937534332
YGR231C,YGR213C,0,-4.184978,0.08837707340717316,0.33000001311302185,0.34040001034736633
YPL214C,YBL015W,0,-4.1850457,0.08835341036319733,0.33000001311302185,0.34049999713897705
YHR077C,YGL018C,0,-4.185087,0.08832976222038269,0.33000001311302185,0.34060001373291016
YPL211W,YOR179C,0,-4.1850977,0.08830612897872925,0.33000001311302185,0.3407000005245209
YBR117C,YPR173C,0,-4.1851583,0.0882825031876564,0.33000001311302185,0.3407999873161316
YIL135C,YLR117C,0,-4.185545,0.08825889229774475,0.33000001311302185,0.3409000039100647
YHR016C,YER007W,0,-4.1861773,0.0882352963089943,0.33000001311302185,0.3409999907016754
YIL154C,YGR183C,0,-4.1863165,0.08821170777082443,0.33000001311302185,0.3411000072956085
YOR100C,YBR186W,0,-4.186342,0.08818813413381577,0.33000001311302185,0.34119999408721924
YER164W,YGR128C,0,-4.18649,0.08816457539796829,0.33000001311302185,0.34130001068115234
YLR014C,YAL040C,0,-4.1865726,0.08814102411270142,0.33000001311302185,0.34139999747276306
YDL008W,YOL039W,0,-4.186884,0.08811748772859573,0.33000001311302185,0.34150001406669617
YER116C,YKL008C,0,-4.1869154,0.08809396624565125,0.33000001311302185,0.3416000008583069
YFR048W,YPR034W,0,-4.18699,0.08807045966386795,0.33000001311302185,0.3416999876499176
YMR247C,YNL066W,0,-4.1870995,0.08804696053266525,0.33000001311302185,0.3418000042438507
YNL164C,YKL002W,0,-4.1872067,0.08802347630262375,0.33000001311302185,0.3418999910354614
YAR042W,YDL197C,0,-4.1873093,0.08799999952316284,0.33000001311302185,0.34200000762939453
YKL170W,YEL060C,0,-4.187543,0.08797653764486313,0.33000001311302185,0.34209999442100525
YDR359C,YPL126W,0,-4.1875525,0.08795309066772461,0.33000001311302185,0.34220001101493835
YDL170W,YOR372C,0,-4.187562,0.08792965859174728,0.33000001311302185,0.3422999978065491
YNL006W,YCL026C-A,0,-4.1876388,0.08790623396635056,0.33000001311302185,0.3424000144004822
YAL026C,YGL127C,0,-4.1877584,0.08788282424211502,0.33000001311302185,0.3425000011920929
YHR042W,YGR172C,0,-4.1881886,0.08785942196846008,0.33000001311302185,0.3425999879837036
YIL070C,YJL074C,0,-4.188323,0.08783604204654694,0.33000001311302185,0.3427000045776367
YCL054W,YGR186W,0,-4.188364,0.08781266957521439,0.33000001311302185,0.34279999136924744
YGR285C,YNL248C,0,-4.188509,0.08778930455446243,0.33000001311302185,0.34290000796318054
YHR014W,YHL024W,0,-4.1886773,0.08776595443487167,0.33000001311302185,0.34299999475479126
YML091C,YCL063W,0,-4.1889896,0.08774261921644211,0.33000001311302185,0.34310001134872437
YPL032C,YLR110C,0,-4.189291,0.08771929889917374,0.33000001311302185,0.3431999981403351
YBR243C,YPL126W,0,-4.1899257,0.08769598603248596,0.33000001311302185,0.3433000147342682
YCR037C,YDR322C-A,1,-4.19018,0.08793836086988449,0.3310000002384186,0.3433000147342682
YOL130W,YEL017C-A,1,-4.1902018,0.08818060904741287,0.3319999873638153,0.3433000147342682
YNL282W,YBR038W,0,-4.1903152,0.08815719932317734,0.3319999873638153,0.3434000015258789
YDL008W,YPL138C,0,-4.191211,0.0881337970495224,0.3319999873638153,0.3434999883174896
YDR362C,YGL048C,0,-4.191317,0.08811040222644806,0.3319999873638153,0.34360000491142273
YGR056W,YDR524C,0,-4.1916046,0.08808702230453491,0.3319999873638153,0.34369999170303345
YML034W,YJL219W,0,-4.19191,0.08806365728378296,0.3319999873638153,0.34380000829696655
YDR236C,YLR316C,0,-4.1919746,0.0880403071641922,0.3319999873638153,0.34389999508857727
YML128C,YML023C,0,-4.192075,0.08801696449518204,0.3319999873638153,0.3440000116825104
YLL050C,YJR156C,0,-4.1921306,0.08799363672733307,0.3319999873638153,0.3440999984741211
YLR100W,YPL253C,0,-4.192391,0.0879703238606453,0.3319999873638153,0.3441999852657318
YBR110W,YJL039C,0,-4.1928654,0.08794701844453812,0.3319999873638153,0.3443000018596649
YOR048C,YPL209C,0,-4.1929855,0.08792372792959213,0.3319999873638153,0.34439998865127563
YDR507C,YDR122W,0,-4.193015,0.08790045231580734,0.3319999873638153,0.34450000524520874
YIL140W,YKR034W,0,-4.193247,0.08787718415260315,0.3319999873638153,0.34459999203681946
YAL002W,YDR515W,0,-4.193263,0.08785393089056015,0.3319999873638153,0.34470000863075256
YJL008C,YDL033C,0,-4.193845,0.08783068507909775,0.3319999873638153,0.3447999954223633
YLR276C,YDR113C,0,-4.194279,0.08780746161937714,0.3319999873638153,0.3449000120162964
YML128C,YML061C,0,-4.194298,0.08778423815965652,0.3319999873638153,0.3449999988079071
YBL064C,YEL063C,0,-4.1944985,0.0877610370516777,0.3319999873638153,0.3450999855995178
YLR115W,YKL002W,0,-4.1945267,0.08773784339427948,0.3319999873638153,0.3452000021934509
YML038C,YLR310C,0,-4.195428,0.08771466463804245,0.3319999873638153,0.34529998898506165
YOL165C,YDL150W,0,-4.195988,0.08769149333238602,0.3319999873638153,0.34540000557899475
YDR138W,YKR028W,0,-4.1964397,0.08766833692789078,0.3319999873638153,0.34549999237060547
YDR300C,YMR044W,0,-4.1966763,0.08764519542455673,0.3319999873638153,0.3456000089645386
YOR353C,YPR189W,0,-4.1968937,0.08762206137180328,0.3319999873638153,0.3456999957561493
YMR183C,YOR069W,0,-4.1969385,0.08759894222021103,0.3319999873638153,0.3458000123500824
YCR014C,YOR298W,0,-4.1970925,0.08757583796977997,0.3319999873638153,0.3458999991416931
YPL106C,YDR122W,0,-4.1971655,0.0875527411699295,0.3319999873638153,0.34599998593330383
YPL078C,YJL094C,1,-4.1971974,0.08779330551624298,0.3330000042915344,0.34599998593330383
YGR158C,YDL120W,0,-4.197432,0.08777016401290894,0.3330000042915344,0.34610000252723694
YDR276C,YDR298C,1,-4.1975803,0.08801054209470749,0.33399999141693115,0.34610000252723694
YKL220C,YFL041W,1,-4.1976385,0.0882507935166359,0.33500000834465027,0.34610000252723694
YOR074C,YEL024W,0,-4.198244,0.08822754770517349,0.33500000834465027,0.34619998931884766
YHR164C,YGL163C,0,-4.198261,0.08820431679487228,0.33500000834465027,0.34630000591278076
YGL016W,YCR034W,0,-4.1982694,0.08818110078573227,0.33500000834465027,0.3463999927043915
YDL132W,YHR143W,0,-4.1982884,0.08815789222717285,0.33500000834465027,0.3465000092983246
YPR025C,YPL076W,0,-4.1982923,0.08813469856977463,0.33500000834465027,0.3465999960899353
YOL042W,YHR043C,0,-4.19841,0.0881115198135376,0.33500000834465027,0.3467000126838684
YJL031C,YOL031C,0,-4.198825,0.08808834850788116,0.33500000834465027,0.3467999994754791
YMR268C,YBR240C,0,-4.1988955,0.08806519210338593,0.33500000834465027,0.34689998626708984
YPL097W,YML055W,0,-4.1994257,0.08804205060005188,0.33500000834465027,0.34700000286102295
YGL063W,YOR142W,0,-4.1995234,0.08801891654729843,0.33500000834465027,0.34709998965263367
YCL055W,YPL129W,0,-4.1997466,0.08799579739570618,0.33500000834465027,0.3472000062465668
YLR206W,YMR232W,0,-4.199872,0.08797268569469452,0.33500000834465027,0.3472999930381775
YFL041W,YDR384C,1,-4.2000074,0.08821213245391846,0.335999995470047,0.3472999930381775
YPR032W,YMR128W,0,-4.2002063,0.08818897604942322,0.335999995470047,0.3474000096321106
YGL135W,YLR316C,0,-4.200242,0.08816583454608917,0.335999995470047,0.3474999964237213
YIL046W,YFL008W,0,-4.2002516,0.08814270794391632,0.335999995470047,0.3476000130176544
YDR135C,YDR028C,0,-4.2004786,0.08811958879232407,0.335999995470047,0.34769999980926514
YDL069C,YNL126W,0,-4.2006087,0.088096484541893,0.335999995470047,0.34779998660087585
YOL158C,YOR137C,1,-4.200679,0.08833551406860352,0.3370000123977661,0.34779998660087585
YCR089W,YKR097W,0,-4.200791,0.08831237256526947,0.3370000123977661,0.34790000319480896
YML073C,YML091C,0,-4.200899,0.08828923106193542,0.3370000123977661,0.3479999899864197
YMR076C,YNL037C,0,-4.2011266,0.08826610445976257,0.3370000123977661,0.3481000065803528
YBR039W,YDR038C,1,-4.201146,0.0885048434138298,0.33799999952316284,0.3481000065803528
YNR023W,YOR224C,0,-4.2013817,0.08848167210817337,0.33799999952316284,0.3481999933719635
YGL135W,YBR183W,0,-4.2015476,0.08845851570367813,0.33799999952316284,0.3483000099658966
YNL274C,YOR377W,0,-4.201644,0.08843537420034409,0.33799999952316284,0.3483999967575073
YDR038C,YGR217W,1,-4.2017546,0.08867381513118744,0.33899998664855957,0.3483999967575073
YJL133W,YOR381W,1,-4.2023787,0.08891213685274124,0.3400000035762787,0.3483999967575073
YLR378C,YLR357W,0,-4.202428,0.08888889104127884,0.3400000035762787,0.34850001335144043
YBR145W,YHR142W,0,-4.2025213,0.08886565268039703,0.3400000035762787,0.34860000014305115
YKL214C,YDR277C,0,-4.202636,0.08884243667125702,0.3400000035762787,0.34869998693466187
YDR140W,YML052W,0,-4.2028017,0.0888192281126976,0.3400000035762787,0.34880000352859497
YOL086C,YGR247W,0,-4.203326,0.08879602700471878,0.3400000035762787,0.3488999903202057
YGL116W,YLR442C,0,-4.2034135,0.08877284824848175,0.3400000035762787,0.3490000069141388
YPR162C,YBR060C,0,-4.203516,0.08874967694282532,0.3400000035762787,0.3490999937057495
YKL099C,YKL018W,0,-4.203818,0.08872651308774948,0.3400000035762787,0.3492000102996826
YKL166C,YAL021C,0,-4.2038827,0.08870336413383484,0.3400000035762787,0.34929999709129333
YOL044W,YOR173W,0,-4.2039576,0.08868023008108139,0.3400000035762787,0.34940001368522644
YJR025C,YMR033W,0,-4.2041593,0.08865710347890854,0.3400000035762787,0.34950000047683716
YDR276C,YLL015W,1,-4.2043533,0.08889468014240265,0.3409999907016754,0.34950000047683716
YOR298C-A,YBR218C,0,-4.2044253,0.08887151628732681,0.3409999907016754,0.3495999872684479
YOR334W,YEL027W,1,-4.204447,0.0891089141368866,0.34200000762939453,0.3495999872684479
YHR143W-A,YKL192C,0,-4.204564,0.08908569812774658,0.34200000762939453,0.349700003862381
YMR083W,YNL112W,0,-4.204581,0.08906249701976776,0.34200000762939453,0.3497999906539917
YGR238C,YLR131C,0,-4.204681,0.08903931081295013,0.34200000762939453,0.3499000072479248
YMR284W,YFL017W-A,0,-4.204688,0.0890161395072937,0.34200000762939453,0.3499999940395355
YBR043C,YBR186W,0,-4.204912,0.08899297565221786,0.34200000762939453,0.35010001063346863
YGR257C,YDR040C,1,-4.2049212,0.08922997117042542,0.34299999475479126,0.35010001063346863
YGR008C,YEL027W,1,-4.2050824,0.08946684002876282,0.3440000116825104,0.35010001063346863
YDR443C,YLR102C,0,-4.2053604,0.08944357931613922,0.3440000116825104,0.35019999742507935
YHR187W,YNL267W,0,-4.205592,0.08942032605409622,0.3440000116825104,0.35030001401901245
YBR004C,YMR112C,0,-4.2056103,0.08939708769321442,0.3440000116825104,0.35040000081062317
YJR070C,YDR228C,0,-4.2059393,0.0893738642334938,0.3440000116825104,0.3504999876022339
YKL028W,YEL002C,0,-4.206209,0.08935064822435379,0.3440000116825104,0.350600004196167
YLR044C,YPL239W,0,-4.2064333,0.08932744711637497,0.3440000116825104,0.3506999909877777
YDR515W,YER165W,0,-4.2069206,0.08930426090955734,0.3440000116825104,0.3508000075817108
YFL009W,YAL021C,0,-4.2069874,0.08928108215332031,0.3440000116825104,0.35089999437332153
YEL015W,YHR061C,0,-4.206999,0.08925791084766388,0.3440000116825104,0.35100001096725464
YPL128C,YLR160C,0,-4.207101,0.08923476189374924,0.3440000116825104,0.35109999775886536
YMR161W,YBL015W,0,-4.207138,0.08921162039041519,0.3440000116825104,0.35120001435279846
YLR466W,YAL009W,0,-4.2072587,0.08918848633766174,0.3440000116825104,0.3513000011444092
YDL117W,YDR489W,0,-4.20745,0.08916536718606949,0.3440000116825104,0.3513999879360199
YJL053W,YKL134C,0,-4.207954,0.08914226293563843,0.3440000116825104,0.351500004529953
YDR225W,YBR070C,0,-4.20799,0.08911917358636856,0.3440000116825104,0.3515999913215637
YOL158C,YPR138C,1,-4.208152,0.08935508877038956,0.3449999988079071,0.3515999913215637
YAR019C,YJL085W,0,-4.208165,0.08933195471763611,0.3449999988079071,0.3517000079154968
YDR378C,YGL037C,0,-4.208521,0.08930882811546326,0.3449999988079071,0.35179999470710754
YER093C,YPR122W,0,-4.2090545,0.0892857164144516,0.3449999988079071,0.35190001130104065
YFL005W,YIL021W,0,-4.2091656,0.08926261216402054,0.3449999988079071,0.35199999809265137
YLL021W,YGR166W,0,-4.209256,0.08923952281475067,0.3449999988079071,0.3521000146865845
YGR225W,YPL153C,0,-4.209571,0.089216448366642,0.3449999988079071,0.3522000014781952
YNL053W,YBR070C,0,-4.209647,0.08919338136911392,0.3449999988079071,0.3522999882698059
YBR198C,YHR072W,0,-4.209692,0.08917032927274704,0.3449999988079071,0.352400004863739
YDL227C,YDR318W,0,-4.209918,0.08914728462696075,0.3449999988079071,0.35249999165534973
YFR027W,YGR112W,0,-4.210041,0.08912425488233566,0.3449999988079071,0.35260000824928284
YDL227C,YBR119W,0,-4.2100573,0.08910124003887177,0.3449999988079071,0.35269999504089355
YNR052C,YLR117C,0,-4.2100906,0.08907823264598846,0.3449999988079071,0.35280001163482666
YHL025W,YNL103W,0,-4.2104607,0.08905524015426636,0.3449999988079071,0.3528999984264374
YJR160C,YGR082W,0,-4.210555,0.08903225511312485,0.3449999988079071,0.3529999852180481
YPL202C,YLR355C,0,-4.2106075,0.08900928497314453,0.3449999988079071,0.3531000018119812
YDL198C,YDR345C,0,-4.210799,0.08898632973432541,0.3449999988079071,0.3531999886035919
YKL086W,YCR060W,0,-4.210801,0.08896338194608688,0.3449999988079071,0.353300005197525
YMR073C,YPR190C,0,-4.211216,0.08894044905900955,0.3449999988079071,0.35339999198913574
YIR017C,YER112W,0,-4.21144,0.08891752362251282,0.3449999988079071,0.35350000858306885
YKL208W,YIL065C,0,-4.211535,0.08889461308717728,0.3449999988079071,0.35359999537467957
YMR247C,YER003C,0,-4.212199,0.08887171745300293,0.3449999988079071,0.35370001196861267
YDR330W,YOL017W,0,-4.212465,0.08884882926940918,0.3449999988079071,0.3537999987602234
YPL195W,YIL034C,0,-4.212561,0.08882595598697662,0.3449999988079071,0.3538999855518341
YPR006C,YNR019W,0,-4.2129116,0.08880309015512466,0.3449999988079071,0.3540000021457672
YIL063C,YLR003C,0,-4.2138243,0.0887802392244339,0.3449999988079071,0.35409998893737793
YDR481C,YNL186W,0,-4.213868,0.08875739574432373,0.3449999988079071,0.35420000553131104
YLR228C,YGL095C,0,-4.213949,0.08873456716537476,0.3449999988079071,0.35429999232292175
YMR273C,YJR131W,0,-4.2140627,0.08871175348758698,0.3449999988079071,0.35440000891685486
YDR361C,YGR239C,0,-4.2141504,0.08868894726037979,0.3449999988079071,0.3544999957084656
YKL175W,YCR098C,1,-4.2142963,0.08892315626144409,0.34599998593330383,0.3544999957084656
YNL123W,YJR139C,0,-4.214473,0.08890030533075333,0.34599998593330383,0.3546000123023987
YBR057C,YOL113W,0,-4.214653,0.08887746930122375,0.34599998593330383,0.3546999990940094
YDR072C,YKL154W,0,-4.214682,0.08885464817285538,0.34599998593330383,0.3547999858856201
YMR179W,YLR150W,0,-4.2149,0.0888318344950676,0.34599998593330383,0.3549000024795532
YOR145C,YMR272C,0,-4.215121,0.08880903571844101,0.34599998593330383,0.35499998927116394
YNL192W,YGL229C,0,-4.2154713,0.08878624439239502,0.34599998593330383,0.35510000586509705
YJL026W,YNL026W,0,-4.215506,0.08876346796751022,0.34599998593330383,0.35519999265670776
YDL069C,YER025W,0,-4.2155485,0.08874070644378662,0.34599998593330383,0.35530000925064087
YLR223C,YBL063W,0,-4.2158103,0.08871795237064362,0.34599998593330383,0.3553999960422516
YDL130W-A,YML081C-A,1,-4.215892,0.08895155042409897,0.34700000286102295,0.3553999960422516
YKR009C,YGL191W,0,-4.2160616,0.08892875164747238,0.34700000286102295,0.3555000126361847
YJR135W-A,YLR176C,0,-4.2163305,0.08890596777200699,0.34700000286102295,0.3555999994277954
YLR201C,YKL057C,0,-4.216486,0.08888319879770279,0.34700000286102295,0.35569998621940613
YKL172W,YDR302W,0,-4.2170715,0.08886043727397919,0.34700000286102295,0.35580000281333923
YFL050C,YGR191W,1,-4.2170763,0.08909370005130768,0.3479999899864197,0.35580000281333923
YDR183W,YER040W,0,-4.2171755,0.08907090127468109,0.3479999899864197,0.35589998960494995
YHR082C,YDR151C,0,-4.2173815,0.0890481099486351,0.3479999899864197,0.35600000619888306
YNL099C,YBR114W,0,-4.2174025,0.08902532607316971,0.3479999899864197,0.3560999929904938
YER013W,YOL091W,0,-4.2174964,0.08900255709886551,0.3479999899864197,0.3562000095844269
YER061C,YPL253C,0,-4.2175045,0.0889798030257225,0.3479999899864197,0.3562999963760376
YNL259C,YOL158C,1,-4.217636,0.08921267837285995,0.3490000069141388,0.3562999963760376
YNL288W,YDL007W,0,-4.2177253,0.08918987959623337,0.3490000069141388,0.3564000129699707
YMR305C,YNL009W,0,-4.2178774,0.08916709572076797,0.3490000069141388,0.3564999997615814
YNL282W,YDR429C,0,-4.2182183,0.08914431929588318,0.3490000069141388,0.35659998655319214
YGL252C,YLR431C,0,-4.218278,0.08912155032157898,0.3490000069141388,0.35670000314712524
YNL188W,YOL127W,0,-4.218334,0.08909880369901657,0.3490000069141388,0.35679998993873596
YHR098C,YNR046W,0,-4.2185783,0.08907605707645416,0.3490000069141388,0.35690000653266907
YLR288C,YBR092C,0,-4.218677,0.08905333280563354,0.3490000069141388,0.3569999933242798
YOR179C,YOR261C,0,-4.218772,0.08903060853481293,0.3490000069141388,0.3571000099182129
YBR085W,YLR078C,0,-4.2189355,0.0890079066157341,0.3490000069141388,0.3571999967098236
YDR323C,YOR210W,0,-4.2189713,0.08898521214723587,0.3490000069141388,0.3573000133037567
YHR053C,YJL074C,0,-4.219213,0.08896252512931824,0.3490000069141388,0.35740000009536743
YHR086W,YAL015C,0,-4.219442,0.0889398604631424,0.3490000069141388,0.35749998688697815
YGR063C,YLR009W,0,-4.219573,0.08891719579696655,0.3490000069141388,0.35760000348091125
YCR093W,YDR301W,0,-4.219611,0.0888945460319519,0.3490000069141388,0.357699990272522
YBR295W,YER145C,1,-4.2196984,0.08912655711174011,0.3499999940395355,0.357699990272522
YLR222C,YBR228W,0,-4.220424,0.08910387009382248,0.3499999940395355,0.3578000068664551
YBL099W,YPL036W,1,-4.220582,0.08933570981025696,0.35100001096725464,0.3578000068664551
YDR443C,YPR162C,0,-4.2206907,0.08931297808885574,0.35100001096725464,0.3578999936580658
YBR296C,YNR013C,1,-4.220734,0.08954464644193649,0.35199999809265137,0.3578999936580658
YPL049C,YDR343C,0,-4.2210093,0.0895218700170517,0.35199999809265137,0.3580000102519989
YML085C,YGL216W,0,-4.221015,0.0894991084933281,0.35199999809265137,0.3580999970436096
YFL058W,YPL053C,0,-4.221032,0.08947636187076569,0.35199999809265137,0.3582000136375427
YIL018W,YBR199W,0,-4.221044,0.08945362269878387,0.35199999809265137,0.35830000042915344
YDR039C,YJL117W,1,-4.2212977,0.08968495577573776,0.3529999852180481,0.35830000042915344
YPL112C,YKL189W,0,-4.2217584,0.08966217935085297,0.3529999852180481,0.35839998722076416
YKL021C,YDR483W,0,-4.2217627,0.08963941037654877,0.3529999852180481,0.35850000381469727
YML127W,YLR009W,0,-4.222197,0.08961665630340576,0.3529999852180481,0.358599990606308
YGL071W,YDR384C,1,-4.222251,0.08984771370887756,0.3540000021457672,0.358599990606308
YLR079W,YPR052C,0,-4.2225375,0.08982491493225098,0.3540000021457672,0.3587000072002411
YOR110W,YPL130W,0,-4.222911,0.08980213105678558,0.3540000021457672,0.3587999939918518
YJR031C,YML060W,0,-4.2229557,0.08977935463190079,0.3540000021457672,0.3589000105857849
YDR320C,YBR131W,0,-4.223277,0.08975659310817719,0.3540000021457672,0.35899999737739563
YGR281W,YOL011W,0,-4.223405,0.08973383903503418,0.3540000021457672,0.35910001397132874
YCR037C,YJL133W,1,-4.223504,0.08996452391147614,0.35499998927116394,0.35910001397132874
YGL054C,YFL058W,0,-4.2237597,0.08994172513484955,0.35499998927116394,0.35920000076293945
YCR061W,YOR194C,0,-4.2238965,0.08991894870996475,0.35499998927116394,0.35929998755455017
YPL096W,YCR081W,0,-4.2239566,0.08989617973566055,0.35499998927116394,0.3594000041484833
YLR186W,YLR020C,0,-4.2242,0.08987341821193695,0.35499998927116394,0.359499990940094
YBR161W,YDL069C,0,-4.224281,0.08985067158937454,0.35499998927116394,0.3596000075340271
YJL122W,YGL150C,0,-4.2244062,0.08982793241739273,0.35499998927116394,0.3596999943256378
YHR082C,YMR301C,0,-4.224617,0.08980520814657211,0.35499998927116394,0.3598000109195709
YGL116W,YHR053C,0,-4.2246184,0.08978249877691269,0.35499998927116394,0.35989999771118164
YKL220C,YOR137C,1,-4.2265034,0.09001263976097107,0.35600000619888306,0.35989999771118164
YGR171C,YBR211C,0,-4.2266116,0.08998988568782806,0.35600000619888306,0.36000001430511475
YNL325C,YCL035C,0,-4.226771,0.08996714651584625,0.35600000619888306,0.36010000109672546
YBR043C,YLR165C,0,-4.226774,0.08994441479444504,0.35600000619888306,0.3601999878883362
YPL048W,YBL032W,0,-4.226895,0.08992169797420502,0.35600000619888306,0.3603000044822693
YJR025C,YBR279W,0,-4.226917,0.0898989886045456,0.35600000619888306,0.36039999127388
YNL053W,YPR125W,0,-4.2270026,0.08987629413604736,0.35600000619888306,0.3605000078678131
YDL148C,YHR031C,0,-4.2270737,0.08985360711812973,0.35600000619888306,0.36059999465942383
YPL076W,YOL091W,0,-4.227482,0.08983093500137329,0.35600000619888306,0.36070001125335693
YBR117C,YPL209C,0,-4.2281675,0.08980827778577805,0.35600000619888306,0.36079999804496765
YOR304W,YAL025C,0,-4.2282257,0.0897856205701828,0.35600000619888306,0.36090001463890076
YPL227C,YDR297W,0,-4.228313,0.08976298570632935,0.35600000619888306,0.3610000014305115
YGL028C,YKL148C,0,-4.2284813,0.08974035829305649,0.35600000619888306,0.3610999882221222
YGL133W,YIL002C,0,-4.2284813,0.08971773833036423,0.35600000619888306,0.3612000048160553
YGR147C,YOR046C,0,-4.228739,0.08969514071941376,0.35600000619888306,0.361299991607666
YLR466W,YKR039W,0,-4.22908,0.08967254310846329,0.35600000619888306,0.3614000082015991
YBR084W,YDL150W,0,-4.229132,0.08964996039867401,0.35600000619888306,0.36149999499320984
YDR363W,YER147C,0,-4.2294135,0.08962739259004593,0.35600000619888306,0.36160001158714294
YLL050C,YMR218C,0,-4.2294416,0.08960483223199844,0.35600000619888306,0.36169999837875366
YBL106C,YBR154C,0,-4.22945,0.08958228677511215,0.35600000619888306,0.3617999851703644
YDR194C,YMR049C,0,-4.2296352,0.08955974876880646,0.35600000619888306,0.3619000017642975
YPL097W,YEL015W,0,-4.2297664,0.08953722566366196,0.35600000619888306,0.3619999885559082
YDL106C,YDR147W,0,-4.230321,0.08951471000909805,0.35600000619888306,0.3621000051498413
YDR356W,YBR093C,0,-4.2304115,0.08949220925569534,0.35600000619888306,0.362199991941452
YOR259C,YNL286W,0,-4.2304163,0.08946971595287323,0.35600000619888306,0.36230000853538513
YNL097C,YLR055C,0,-4.2306037,0.08944723755121231,0.35600000619888306,0.36239999532699585
YCR061W,YLR039C,0,-4.2306414,0.08942476660013199,0.35600000619888306,0.36250001192092896
YDL153C,YHL028W,0,-4.2308292,0.08940231055021286,0.35600000619888306,0.3625999987125397
YER082C,YBR228W,0,-4.2309055,0.08937986195087433,0.35600000619888306,0.3626999855041504
YBL022C,YPR105C,0,-4.230967,0.08935742825269699,0.35600000619888306,0.3628000020980835
YJL026W,YOL069W,0,-4.2310038,0.08933500945568085,0.35600000619888306,0.3628999888896942
YJR076C,YGR091W,0,-4.2313704,0.0893125906586647,0.35600000619888306,0.3630000054836273
YNL250W,YNL038W,0,-4.231554,0.08929019421339035,0.35600000619888306,0.36309999227523804
YMR184W,YDR295C,0,-4.2315817,0.0892678052186966,0.35600000619888306,0.36320000886917114
YHR175W,YGR257C,1,-4.2318172,0.08949611335992813,0.3569999933242798,0.36320000886917114
YEL017C-A,YNR013C,1,-4.2318645,0.08972430974245071,0.3580000102519989,0.36320000886917114
YDL223C,YMR313C,0,-4.231906,0.0897018313407898,0.3580000102519989,0.36329999566078186
YOR084W,YDL117W,0,-4.232177,0.08967936038970947,0.3580000102519989,0.36340001225471497
YOL130W,YKL064W,1,-4.232394,0.08990734070539474,0.35899999737739563,0.36340001225471497
YGL201C,YGL035C,0,-4.232416,0.08988482505083084,0.35899999737739563,0.3634999990463257
YDL154W,YOR001W,0,-4.2324505,0.08986232429742813,0.35899999737739563,0.3635999858379364
YMR179W,YNL272C,0,-4.2330775,0.08983983844518661,0.35899999737739563,0.3637000024318695
YLR015W,YOR095C,0,-4.2333126,0.0898173600435257,0.35899999737739563,0.3637999892234802
YDR330W,YGL238W,0,-4.233487,0.08979489654302597,0.35899999737739563,0.36390000581741333
YKL134C,YDR303C,0,-4.2336006,0.08977244049310684,0.35899999737739563,0.36399999260902405
YNL304W,YJL204C,0,-4.2337565,0.08974999934434891,0.35899999737739563,0.36410000920295715
YDL014W,YDL079C,0,-4.233862,0.08972756564617157,0.35899999737739563,0.36419999599456787
YDL065C,YCL035C,0,-4.2339077,0.08970514684915543,0.35899999737739563,0.364300012588501
YPR185W,YOL090W,0,-4.2339125,0.08968273550271988,0.35899999737739563,0.3643999993801117
YLR026C,YHR081W,0,-4.2339516,0.08966033905744553,0.35899999737739563,0.3644999861717224
YAL044C,YCR038C,0,-4.234316,0.08963795006275177,0.35899999737739563,0.3646000027656555
YDL088C,YOR074C,0,-4.234323,0.08961557596921921,0.35899999737739563,0.36469998955726624
YOL039W,YMR287C,0,-4.23464,0.08959320932626724,0.35899999737739563,0.36480000615119934
YOR048C,YPR188C,0,-4.234664,0.08957085758447647,0.35899999737739563,0.36489999294281006
YNR026C,YNL229C,0,-4.2346897,0.0895485132932663,0.35899999737739563,0.36500000953674316
YML099C,YBL019W,0,-4.2348003,0.08952618390321732,0.35899999737739563,0.3650999963283539
YDR435C,YPL135W,0,-4.2351046,0.08950386196374893,0.35899999737739563,0.365200012922287
YNL309W,YNR057C,0,-4.235203,0.08948155492544174,0.35899999737739563,0.3652999997138977
YDR461W,YGL135W,0,-4.2352858,0.08945925533771515,0.35899999737739563,0.3653999865055084
YMR200W,YIL125W,0,-4.235466,0.08943697065114975,0.35899999737739563,0.36550000309944153
YML094W,YOR147W,0,-4.235672,0.08941469341516495,0.35899999737739563,0.36559998989105225
YGL142C,YHL006C,0,-4.235735,0.08939243108034134,0.35899999737739563,0.36570000648498535
YIR012W,YNL329C,0,-4.235849,0.08937017619609833,0.35899999737739563,0.36579999327659607
YJL053W,YHR107C,0,-4.2363596,0.08934793621301651,0.35899999737739563,0.3659000098705292
YML099C,YOL113W,0,-4.2366304,0.08932570368051529,0.35899999737739563,0.3659999966621399
YOR098C,YGL173C,0,-4.2369423,0.08930348604917526,0.35899999737739563,0.366100013256073
YER005W,YIL040W,0,-4.236985,0.08928127586841583,0.35899999737739563,0.3662000000476837
YJR069C,YLR067C,0,-4.237254,0.089259073138237,0.35899999737739563,0.36629998683929443
YLR096W,YHR031C,0,-4.2375565,0.08923688530921936,0.35899999737739563,0.36640000343322754
YPR070W,YOR233W,0,-4.23757,0.08921471238136292,0.35899999737739563,0.36649999022483826
YIR005W,YBR127C,0,-4.237602,0.08919254690408707,0.35899999737739563,0.36660000681877136
YGL247W,YMR309C,0,-4.237781,0.08917038887739182,0.35899999737739563,0.3666999936103821
YER032W,YJL167W,0,-4.237941,0.08914824575185776,0.35899999737739563,0.3668000102043152
YIL049W,YGL181W,0,-4.23814,0.0891261175274849,0.35899999737739563,0.3668999969959259
YCR010C,YGL006W,1,-4.238145,0.08935219794511795,0.36000001430511475,0.3668999969959259
YJR143C,YFR034C,0,-4.2382975,0.0893300250172615,0.36000001430511475,0.367000013589859
YNL262W,YGL163C,0,-4.2384586,0.08930786699056625,0.36000001430511475,0.3671000003814697
YMR225C,YOR084W,0,-4.238652,0.0892857164144516,0.36000001430511475,0.36719998717308044
YDR194C,YMR218C,0,-4.23874,0.08926357328891754,0.36000001430511475,0.36730000376701355
YEL018W,YBL034C,0,-4.239004,0.08924144506454468,0.36000001430511475,0.36739999055862427
YCR028C-A,YBR058C,0,-4.2391367,0.08921933174133301,0.36000001430511475,0.3675000071525574
YKL028W,YMR296C,0,-4.2391777,0.08919722586870193,0.36000001430511475,0.3675999939441681
YOR210W,YPL188W,0,-4.2393894,0.08917512744665146,0.36000001430511475,0.3677000105381012
YDR159W,YHR084W,0,-4.239415,0.08915304392576218,0.36000001430511475,0.3677999973297119
YPL124W,YKL206C,0,-4.239567,0.08913097530603409,0.36000001430511475,0.367900013923645
YDR147W,YER025W,0,-4.239682,0.0891089141368866,0.36000001430511475,0.36800000071525574
YOL063C,YLR453C,0,-4.239843,0.0890868604183197,0.36000001430511475,0.36809998750686646
YIL031W,YOR204W,0,-4.240196,0.089064821600914,0.36000001430511475,0.36820000410079956
YDL024C,YNR056C,0,-4.240244,0.0890427902340889,0.36000001430511475,0.3682999908924103
YKR079C,YMR208W,0,-4.2403626,0.08902077376842499,0.36000001430511475,0.3684000074863434
YFL058W,YKL140W,0,-4.2411394,0.08899876475334167,0.36000001430511475,0.3684999942779541
YLR048W,YOR002W,0,-4.2412376,0.08897677063941956,0.36000001430511475,0.3686000108718872
YNL209W,YMR091C,0,-4.2413464,0.08895478397607803,0.36000001430511475,0.3686999976634979
YMR055C,YGR239C,0,-4.2415156,0.08893280476331711,0.36000001430511475,0.36880001425743103
YKL175W,YCR024C-A,1,-4.241599,0.0891578197479248,0.3610000014305115,0.36880001425743103
YEL065W,YBR024W,1,-4.241785,0.08938271552324295,0.3619999885559082,0.36880001425743103
YNR002C,YNR060W,1,-4.2418804,0.08960750699043274,0.3630000054836273,0.36880001425743103
YIL023C,YDR040C,1,-4.2418814,0.08983217924833298,0.36399999260902405,0.36880001425743103
YMR312W,YPL254W,0,-4.2419972,0.08981001377105713,0.36399999260902405,0.36890000104904175
YNR002C,YJL094C,1,-4.2420883,0.09003453701734543,0.36500000953674316,0.36890000104904175
YGL236C,YOL031C,0,-4.242139,0.090012326836586,0.36500000953674316,0.36899998784065247
YIL154C,YJL187C,0,-4.2426624,0.08999013900756836,0.36500000953674316,0.36910000443458557
YGR090W,YIR026C,0,-4.242898,0.08996795862913132,0.36500000953674316,0.3691999912261963
YML005W,YKR101W,0,-4.242913,0.08994578570127487,0.36500000953674316,0.3693000078201294
YLR207W,YKL020C,0,-4.243044,0.08992362767457962,0.36500000953674316,0.3693999946117401
YLR303W,YNL066W,0,-4.2431507,0.08990147709846497,0.36500000953674316,0.3695000112056732
YBL103C,YPL022W,0,-4.24332,0.0898793414235115,0.36500000953674316,0.36959999799728394
YGR281W,YAL044C,0,-4.2437363,0.08985721319913864,0.36500000953674316,0.36970001459121704
YGL008C,YNL259C,1,-4.244064,0.09008122235536575,0.3659999966621399,0.36970001459121704
YGL178W,YCR035C,0,-4.2442045,0.0900590568780899,0.3659999966621399,0.36980000138282776
YPL145C,YLR355C,0,-4.244269,0.09003689885139465,0.3659999966621399,0.3698999881744385
YNL029C,YGL225W,0,-4.244485,0.0900147557258606,0.3659999966621399,0.3700000047683716
YLR453C,YMR211W,0,-4.2446604,0.08999262005090714,0.3659999966621399,0.3700999915599823
YGL105W,YFR030W,0,-4.244693,0.08997049927711487,0.3659999966621399,0.3702000081539154
YJL210W,YLR075W,0,-4.245427,0.0899483934044838,0.3659999966621399,0.3702999949455261
YGL240W,YCR089W,0,-4.245617,0.08992628753185272,0.3659999966621399,0.37040001153945923
YML004C,YCL016C,0,-4.2456193,0.08990420401096344,0.3659999966621399,0.37049999833106995
YJR126C,YNL214W,0,-4.2459617,0.08988212049007416,0.3659999966621399,0.37059998512268066
YIL124W,YPL008W,0,-4.2464294,0.08986005187034607,0.3659999966621399,0.37070000171661377
YFR004W,YPL043W,0,-4.2470255,0.08983799815177917,0.3659999966621399,0.3707999885082245
YBR258C,YOL113W,0,-4.2474422,0.08981595188379288,0.3659999966621399,0.3709000051021576
YPR068C,YLR424W,0,-4.247979,0.08979391306638718,0.3659999966621399,0.3709999918937683
YDR159W,YIL008W,0,-4.247999,0.08977188915014267,0.3659999966621399,0.3711000084877014
YOL063C,YBR015C,0,-4.248003,0.08974988013505936,0.3659999966621399,0.37119999527931213
YMR029C,YDL245C,0,-4.2481756,0.08972787111997604,0.3659999966621399,0.37130001187324524
YOL017W,YCR035C,0,-4.248282,0.08970588445663452,0.3659999966621399,0.37139999866485596
YLR310C,YKL051W,0,-4.2484674,0.089683897793293,0.3659999966621399,0.3714999854564667
YCR014C,YPR042C,0,-4.2485733,0.08966193348169327,0.3659999966621399,0.3716000020503998
YPL231W,YAL055W,0,-4.248584,0.08963996917009354,0.3659999966621399,0.3716999888420105
YEL063C,YMR287C,0,-4.2485933,0.089618019759655,0.3659999966621399,0.3718000054359436
YGL028C,YCR075C,0,-4.2488375,0.08959608525037766,0.3659999966621399,0.3718999922275543
YHL034C,YPL059W,0,-4.248965,0.08957415819168091,0.3659999966621399,0.3720000088214874
YMR012W,YOL095C,0,-4.2490244,0.08955223858356476,0.3659999966621399,0.37209999561309814
YGL201C,YBL019W,0,-4.2496824,0.0895303338766098,0.3659999966621399,0.37220001220703125
YKL144C,YDL244W,0,-4.25023,0.08950843662023544,0.3659999966621399,0.37229999899864197
YDL078C,YML032C,0,-4.2506757,0.08948655426502228,0.3659999966621399,0.3723999857902527
YPL018W,YBR199W,0,-4.250756,0.08946467936038971,0.3659999966621399,0.3725000023841858
YOR109W,YGR227W,0,-4.2509604,0.08944281190633774,0.3659999966621399,0.3725999891757965
YGL180W,YDL019C,0,-4.2511206,0.08942095935344696,0.3659999966621399,0.3727000057697296
YDR322C-A,YOL158C,1,-4.2512674,0.08964338153600693,0.367000013589859,0.3727000057697296
YNL253W,YPL209C,0,-4.251598,0.08962149173021317,0.367000013589859,0.37279999256134033
YPL195W,YNL023C,0,-4.2517767,0.089599609375,0.367000013589859,0.37290000915527344
YNL153C,YIR022W,0,-4.2522135,0.08957774192094803,0.367000013589859,0.37299999594688416
YKL213C,YKR020W,0,-4.2523727,0.08955588191747665,0.367000013589859,0.37310001254081726
YPR182W,YNL047C,0,-4.252407,0.08953402936458588,0.367000013589859,0.373199999332428
YLR020C,YHR043C,0,-4.252426,0.08951219171285629,0.367000013589859,0.3732999861240387
YDR323C,YMR153W,0,-4.2525144,0.0894903689622879,0.367000013589859,0.3734000027179718
YHR119W,YOR194C,0,-4.2527943,0.08946855366230011,0.367000013589859,0.3734999895095825
YBR296C,YPL036W,1,-4.252913,0.08969046920537949,0.36800000071525574,0.3734999895095825
YDR411C,YIL155C,0,-4.2530856,0.08966861665248871,0.36800000071525574,0.3736000061035156
YKL052C,YDL065C,0,-4.2532034,0.08964677155017853,0.36800000071525574,0.37369999289512634
YGL232W,YCL069W,0,-4.2532797,0.08962494134902954,0.36800000071525574,0.37380000948905945
YDR411C,YLR274W,0,-4.253645,0.08960311859846115,0.36800000071525574,0.37389999628067017
YNL328C,YOR040W,0,-4.2538605,0.08958130329847336,0.36800000071525574,0.37400001287460327
YJL058C,YPR094W,0,-4.254239,0.08955950289964676,0.36800000071525574,0.374099999666214
YBL004W,YPR042C,0,-4.2542796,0.08953770995140076,0.36800000071525574,0.3741999864578247
YKL035W,YPL164C,0,-4.254408,0.08951593190431595,0.36800000071525574,0.3743000030517578
YML121W,YNL291C,1,-4.254541,0.08973735570907593,0.36899998784065247,0.3743000030517578
YLR320W,YKL112W,0,-4.2546244,0.08971553295850754,0.36899998784065247,0.37439998984336853
YDL080C,YGR248W,0,-4.2549357,0.08969372510910034,0.36899998784065247,0.37450000643730164
YGL063W,YLR274W,0,-4.255145,0.08967193216085434,0.36899998784065247,0.37459999322891235
YBL105C,YIR005W,0,-4.2557793,0.08965014666318893,0.36899998784065247,0.37470000982284546
YGL105W,YOR001W,0,-4.2558837,0.08962836861610413,0.36899998784065247,0.3747999966144562
YNL082W,YDR259C,0,-4.2559004,0.08960660547018051,0.36899998784065247,0.3749000132083893
YLR332W,YDL229W,0,-4.256018,0.0895848497748375,0.36899998784065247,0.375
YER065C,YKR056W,0,-4.256152,0.08956310898065567,0.36899998784065247,0.3750999867916107
YNL334C,YPR111W,0,-4.257064,0.08954137563705444,0.36899998784065247,0.3752000033855438
YPL048W,YOR004W,0,-4.257199,0.08951964974403381,0.36899998784065247,0.37529999017715454
YHR005C-A,YCR031C,0,-4.2572675,0.08949793875217438,0.36899998784065247,0.37540000677108765
YNL259C,YPR067W,1,-4.2573237,0.08971872180700302,0.3700000047683716,0.37540000677108765
YLR026C,YER027C,0,-4.257697,0.08969696611166,0.3700000047683716,0.37549999356269836
YHR175W,YKL064W,1,-4.2578063,0.08991759270429611,0.3709999918937683,0.37549999356269836
YGL116W,YJR131W,0,-4.2578926,0.0898958072066307,0.3709999918937683,0.37560001015663147
YCR018C,YKL170W,0,-4.258074,0.0898740291595459,0.3709999918937683,0.3756999969482422
YJL089W,YLR313C,0,-4.2582397,0.08985226601362228,0.3709999918937683,0.3758000135421753
YLR228C,YML085C,0,-4.258486,0.08983051031827927,0.3709999918937683,0.375900000333786
YEL022W,YJL013C,0,-4.2589107,0.08980876207351685,0.3709999918937683,0.37599998712539673
YCL044C,YOR014W,0,-4.25905,0.08978702872991562,0.3709999918937683,0.37610000371932983
YPR188C,YKL008C,0,-4.2593822,0.08976530283689499,0.3709999918937683,0.37619999051094055
YGR056W,YCR106W,0,-4.259488,0.08974359184503555,0.3709999918937683,0.37630000710487366
YOR210W,YEL015W,0,-4.259858,0.08972188830375671,0.3709999918937683,0.3763999938964844
YBR073W,YDR295C,0,-4.2599545,0.08970019221305847,0.3709999918937683,0.3765000104904175
YGL120C,YBR243C,0,-4.260209,0.08967851102352142,0.3709999918937683,0.3765999972820282
YPL051W,YLR098C,0,-4.260435,0.08965683728456497,0.3709999918937683,0.3767000138759613
YHR119W,YPL228W,0,-4.260743,0.08963517844676971,0.3709999918937683,0.376800000667572
YCR067C,YHR043C,0,-4.261089,0.08961352705955505,0.3709999918937683,0.37689998745918274
YJR066W,YLR216C,0,-4.261113,0.08959188312292099,0.3709999918937683,0.37700000405311584
YDR207C,YLR316C,0,-4.261821,0.08957025408744812,0.3709999918937683,0.37709999084472656
YKR025W,YJL013C,0,-4.261895,0.08954863995313644,0.3709999918937683,0.37720000743865967
YPL037C,YOR244W,0,-4.2620993,0.08952702581882477,0.3709999918937683,0.3772999942302704
YPL048W,YDR259C,0,-4.2629585,0.08950542658567429,0.3709999918937683,0.3774000108242035
YLL043W,YOL090W,0,-4.2629814,0.089483842253685,0.3709999918937683,0.3774999976158142
YLR008C,YLR200W,0,-4.2630453,0.0894622653722763,0.3709999918937683,0.3776000142097473
YDR123C,YEL060C,0,-4.263263,0.08944069594144821,0.3709999918937683,0.37770000100135803
YER019C-A,YKR079C,0,-4.2633553,0.08941913396120071,0.3709999918937683,0.37779998779296875
YCR044C,YOR145C,0,-4.263457,0.08939758688211441,0.3709999918937683,0.37790000438690186
YBR168W,YPL047W,0,-4.2635603,0.0893760547041893,0.3709999918937683,0.3779999911785126
YNL259C,YOR137C,1,-4.263624,0.08959537744522095,0.3720000088214874,0.3779999911785126
YDR080W,YAL021C,0,-4.263835,0.08957380056381226,0.3720000088214874,0.3781000077724457
YDR384C,YLR411W,1,-4.2638507,0.08979297429323196,0.37299999594688416,0.3781000077724457
YKL041W,YLR318W,0,-4.263934,0.08977136015892029,0.37299999594688416,0.3781999945640564
YOR115C,YBR160W,0,-4.263997,0.0897497609257698,0.37299999594688416,0.3783000111579895
YNL243W,YOL121C,0,-4.26407,0.08972816914319992,0.37299999594688416,0.3783999979496002
YFR019W,YDL007W,0,-4.2641606,0.08970659226179123,0.37299999594688416,0.3785000145435333
YBR039W,YOR381W,1,-4.2642198,0.08992546051740646,0.37400001287460327,0.3785000145435333
YGL233W,YLR346C,0,-4.264478,0.08990384638309479,0.37400001287460327,0.37860000133514404
YPR046W,YHR206W,0,-4.2645664,0.08988223969936371,0.37400001287460327,0.37869998812675476
YIR013C,YHR031C,0,-4.264767,0.08986064046621323,0.37400001287460327,0.37880000472068787
YOR180C,YDR207C,0,-4.264809,0.08983905613422394,0.37400001287460327,0.3788999915122986
YBL090W,YDR300C,0,-4.264898,0.08981748670339584,0.37400001287460327,0.3790000081062317
YDR489W,YER044C,0,-4.2649393,0.08979591727256775,0.37400001287460327,0.3790999948978424
YDR385W,YOR320C,0,-4.266202,0.08977436274290085,0.37400001287460327,0.3792000114917755
YHR068W,YMR236W,0,-4.266616,0.08975282311439514,0.37400001287460327,0.37929999828338623
YDL004W,YJL133W,1,-4.266769,0.08997120708227158,0.375,0.37929999828338623
YLR067C,YLR238W,0,-4.26697,0.08994963020086288,0.375,0.37940001487731934
YFL057C,YJL072C,0,-4.2670994,0.08992806077003479,0.375,0.37950000166893005
YGR163W,YKR101W,0,-4.2671065,0.08990649878978729,0.375,0.37959998846054077
YGR141W,YKL173W,0,-4.2672033,0.08988494426012039,0.375,0.3797000050544739
YDL077C,YPL127C,0,-4.267384,0.08986340463161469,0.375,0.3797999918460846
YOR032C,YDR163W,0,-4.267406,0.08984187990427017,0.375,0.3799000084400177
YLR242C,YKR042W,0,-4.267485,0.08982036262750626,0.375,0.3799999952316284
YKL035W,YIL040W,0,-4.267702,0.08979885280132294,0.375,0.3801000118255615
YKL150W,YER003C,0,-4.267762,0.08977735042572021,0.375,0.38019999861717224
YPR188C,YDR184C,0,-4.2678638,0.08975586295127869,0.375,0.38029998540878296
YGL181W,YAR014C,0,-4.268175,0.08973438292741776,0.375,0.38040000200271606
YDR400W,YCR020C,0,-4.268544,0.08971291780471802,0.375,0.3804999887943268
YAL022C,YPR074C,0,-4.2690487,0.08969146013259888,0.375,0.3806000053882599
YMR039C,YDR450W,0,-4.269148,0.08967001736164093,0.375,0.3806999921798706
YDL128W,YDR040C,1,-4.269334,0.08988764137029648,0.37599998712539673,0.3806999921798706
YDR052C,YML032C,0,-4.269407,0.08986615389585495,0.37599998712539673,0.3808000087738037
YOR054C,YLR193C,0,-4.2695475,0.08984468132257462,0.37599998712539673,0.38089999556541443
YKL175W,YOR381W,1,-4.2697945,0.09006211161613464,0.37700000405311584,0.38089999556541443
YER045C,YPR171W,0,-4.2700267,0.09004060178995132,0.37700000405311584,0.38100001215934753
YKR076W,YKL042W,0,-4.270169,0.0900190994143486,0.37700000405311584,0.38109999895095825
YCR065W,YGR222W,0,-4.270256,0.08999761193990707,0.37700000405311584,0.38119998574256897
YNL160W,YBR234C,0,-4.270279,0.08997613191604614,0.37700000405311584,0.3813000023365021
YOR377W,YNL002C,0,-4.2704306,0.0899546667933464,0.37700000405311584,0.3813999891281128
YKL213C,YDR379W,0,-4.270458,0.08993320912122726,0.37700000405311584,0.3815000057220459
YBL040C,YIL073C,0,-4.270728,0.08991175889968872,0.37700000405311584,0.3815999925136566
YCR018C,YKL046C,0,-4.2710953,0.08989031612873077,0.37700000405311584,0.3817000091075897
YCR067C,YGR116W,0,-4.2715216,0.08986888825893402,0.37700000405311584,0.38179999589920044
YLR183C,YDL095W,0,-4.2719674,0.08984747529029846,0.37700000405311584,0.38190001249313354
YHR197W,YHR015W,0,-4.2720194,0.0898260697722435,0.37700000405311584,0.38199999928474426
YKL057C,YIL008W,0,-4.272449,0.08980467170476913,0.37700000405311584,0.382099986076355
YNL304W,YGL238W,0,-4.272488,0.08978328108787537,0.37700000405311584,0.3822000026702881
YOR056C,YGL225W,0,-4.27273,0.08976190537214279,0.37700000405311584,0.3822999894618988
YHR004C,YIL155C,0,-4.2728367,0.08974053710699081,0.37700000405311584,0.3824000060558319
YOL144W,YPR188C,0,-4.272855,0.08971918374300003,0.37700000405311584,0.3824999928474426
YGR091W,YKL018W,0,-4.272885,0.08969783782958984,0.37700000405311584,0.38260000944137573
YDR386W,YDL090C,0,-4.273099,0.08967649936676025,0.37700000405311584,0.38269999623298645
YML105C,YOR359W,0,-4.2733364,0.08965517580509186,0.37700000405311584,0.38280001282691956
YGR078C,YNL097C,0,-4.2734795,0.08963385969400406,0.37700000405311584,0.3828999996185303
YBR073W,YKR101W,0,-4.2736626,0.08961255103349686,0.37700000405311584,0.382999986410141
YDR363W,YAL007C,0,-4.2736673,0.08959125727415085,0.37700000405311584,0.3831000030040741
YMR219W,YGL049C,0,-4.2741885,0.08956997096538544,0.37700000405311584,0.3831999897956848
YLR141W,YBL024W,0,-4.274273,0.08954869210720062,0.37700000405311584,0.3833000063896179
YEL022W,YBR010W,0,-4.2742763,0.089527428150177,0.37700000405311584,0.38339999318122864
YCR093W,YOR073W,0,-4.274376,0.08950617164373398,0.37700000405311584,0.38350000977516174
YKL165C,YIL022W,0,-4.274717,0.08948493003845215,0.37700000405311584,0.38359999656677246
YPL087W,YGL126W,0,-4.274865,0.08946369588375092,0.37700000405311584,0.38370001316070557
YKR055W,YAL040C,0,-4.2748775,0.08944246917963028,0.37700000405311584,0.3837999999523163
YGR029W,YOL008W,0,-4.27503,0.08942124992609024,0.37700000405311584,0.383899986743927
YKR063C,YER109C,0,-4.2753844,0.0894000455737114,0.37700000405311584,0.3840000033378601
YIL053W,YJL072C,0,-4.275692,0.08937885612249374,0.37700000405311584,0.3840999901294708
YJR132W,YIR012W,0,-4.2760572,0.08935766667127609,0.37700000405311584,0.38420000672340393
YGL008C,YDR384C,1,-4.2760773,0.0895734578371048,0.3779999911785126,0.38420000672340393
YDL087C,YBR029C,0,-4.2764177,0.08955223858356476,0.3779999911785126,0.38429999351501465
YKL052C,YLR131C,0,-4.2768283,0.08953102678060532,0.3779999911785126,0.38440001010894775
YNL068C,YDR457W,0,-4.277002,0.08950982987880707,0.3779999911785126,0.38449999690055847
YJR035W,YDR059C,0,-4.2772784,0.08948863297700882,0.3779999911785126,0.3846000134944916
YDR244W,YOR207C,0,-4.27751,0.08946745842695236,0.3779999911785126,0.3847000002861023
YBR105C,YML031W,0,-4.2775116,0.0894462838768959,0.3779999911785126,0.384799987077713
YDR205W,YFR003C,0,-4.277522,0.08942512422800064,0.3779999911785126,0.3849000036716461
YDR323C,YCR009C,0,-4.2777863,0.08940397202968597,0.3779999911785126,0.38499999046325684
YPL209C,YNL118C,0,-4.278003,0.0893828347325325,0.3779999911785126,0.38510000705718994
YKL007W,YPL011C,0,-4.2780433,0.08936170488595963,0.3779999911785126,0.38519999384880066
YER013W,YER162C,0,-4.278081,0.08934058248996735,0.3779999911785126,0.38530001044273376
YPL265W,YGR072W,0,-4.278474,0.08931946754455566,0.3779999911785126,0.3853999972343445
YJR060W,YFL018C,0,-4.2786064,0.08929836750030518,0.3779999911785126,0.3855000138282776
YER110C,YHR042W,0,-4.2786856,0.08927728235721588,0.3779999911785126,0.3856000006198883
YCR024C-A,YDR298C,1,-4.2790504,0.0894923284649849,0.3790000081062317,0.3856000006198883
YCL004W,YPR119W,0,-4.2793365,0.08947119861841202,0.3790000081062317,0.385699987411499
YNL097C,YGL063W,0,-4.2794275,0.08945008367300034,0.3790000081062317,0.38580000400543213
YPL212C,YIL139C,0,-4.27944,0.08942897617816925,0.3790000081062317,0.38589999079704285
YDL245C,YMR161W,0,-4.2797627,0.08940787613391876,0.3790000081062317,0.38600000739097595
YDR235W,YGR010W,0,-4.2799873,0.08938679099082947,0.3790000081062317,0.38609999418258667
YMR113W,YBR010W,0,-4.2799892,0.08936571329832077,0.3790000081062317,0.3862000107765198
YGL142C,YCR075C,0,-4.280054,0.08934465050697327,0.3790000081062317,0.3862999975681305
YCR098C,YJL094C,1,-4.280061,0.08955927193164825,0.3799999952316284,0.3862999975681305
YGR216C,YDR309C,0,-4.280092,0.08953817188739777,0.3799999952316284,0.3864000141620636
YJR022W,YIL153W,0,-4.280453,0.08951707929372787,0.3799999952316284,0.3865000009536743
YDL100C,YHR023W,0,-4.2805347,0.08949599415063858,0.3799999952316284,0.38659998774528503
YDR328C,YPL008W,0,-4.2808475,0.08947492390871048,0.3799999952316284,0.38670000433921814
YDR116C,YER025W,0,-4.280891,0.08945386111736298,0.3799999952316284,0.38679999113082886
YER072W,YGR152C,0,-4.2809587,0.08943280577659607,0.3799999952316284,0.38690000772476196
YNL064C,YGL209W,0,-4.281106,0.08941176533699036,0.3799999952316284,0.3869999945163727
YIR005W,YBL006C,0,-4.2812967,0.08939073234796524,0.3799999952316284,0.3871000111103058
YBR183W,YER161C,0,-4.281618,0.08936970680952072,0.3799999952316284,0.3871999979019165
YHL025W,YGR179C,0,-4.281845,0.0893486961722374,0.3799999952316284,0.3873000144958496
YGL255W,YHR050W,1,-4.281867,0.08956276625394821,0.38100001215934753,0.3873000144958496
YPL028W,YDR171W,0,-4.2823067,0.0895417183637619,0.38100001215934753,0.3874000012874603
YEL069C,YOR061W,0,-4.2825575,0.08952067792415619,0.38100001215934753,0.38749998807907104
YFR041C,YAL034W-A,0,-4.2826943,0.08949964493513107,0.38100001215934753,0.38760000467300415
YGR171C,YIR005W,0,-4.2827272,0.08947862684726715,0.38100001215934753,0.38769999146461487
YLR212C,YGL175C,0,-4.2834244,0.08945761620998383,0.38100001215934753,0.387800008058548
YNL262W,YNL041C,0,-4.283431,0.0894366204738617,0.38100001215934753,0.3878999948501587
YLR092W,YFL050C,1,-4.2834916,0.08965031802654266,0.38199999928474426,0.3878999948501587
YBR043C,YKR086W,0,-4.2835355,0.08962928503751755,0.38199999928474426,0.3880000114440918
YNL291C,YDR298C,1,-4.2835736,0.08984283357858658,0.382999986410141,0.3880000114440918
YBR030W,YPR083W,0,-4.2836156,0.08982176333665848,0.382999986410141,0.3880999982357025
YOL069W,YBR298C,0,-4.283633,0.08980070054531097,0.382999986410141,0.3882000148296356
YDR140W,YIL018W,0,-4.2838993,0.08977965265512466,0.382999986410141,0.38830000162124634
YMR305C,YJR059W,0,-4.284069,0.08975861221551895,0.382999986410141,0.38839998841285706
YGL201C,YHR030C,0,-4.284197,0.08973757922649384,0.382999986410141,0.38850000500679016
YDR489W,YOR034C,0,-4.2851863,0.08971656113862991,0.382999986410141,0.3885999917984009
YCR086W,YLR158C,0,-4.285218,0.08969555050134659,0.382999986410141,0.388700008392334
YMR022W,YLR182W,0,-4.285659,0.08967454731464386,0.382999986410141,0.3887999951839447
YPL060W,YDR298C,1,-4.2859707,0.08988764137029648,0.3840000033378601,0.3887999951839447
YGR113W,YKR055W,0,-4.286301,0.08986660093069077,0.3840000033378601,0.3889000117778778
YKR095W,YFR003C,0,-4.28664,0.08984557539224625,0.3840000033378601,0.3889999985694885
YGL063W,YHR074W,0,-4.286846,0.08982456475496292,0.3840000033378601,0.38909998536109924
YAL023C,YOR103C,0,-4.286925,0.0898035541176796,0.3840000033378601,0.38920000195503235
YLR195C,YKR048C,0,-4.28706,0.08978255838155746,0.3840000033378601,0.38929998874664307
YDR174W,YJL214W,0,-4.287074,0.08976157009601593,0.3840000033378601,0.38940000534057617
YPL211W,YJL024C,0,-4.2871175,0.08974059671163559,0.3840000033378601,0.3894999921321869
YKR024C,YPR198W,0,-4.2872696,0.08971962332725525,0.3840000033378601,0.38960000872612
YLL009C,YDR298C,1,-4.287364,0.08993225544691086,0.38499999046325684,0.38960000872612
YGL246C,YDL077C,0,-4.287586,0.08991125971078873,0.38499999046325684,0.3896999955177307
YBR020W,YER003C,0,-4.2877045,0.0898902639746666,0.38499999046325684,0.3898000121116638
YDR384C,YPR138C,1,-4.2883277,0.09010270982980728,0.38600000739097595,0.3898000121116638
YML126C,YNL138W,0,-4.288338,0.09008167684078217,0.38600000739097595,0.38989999890327454
YPL131W,YPL006W,0,-4.2884593,0.09006066620349884,0.38600000739097595,0.38999998569488525
YDR296W,YCL051W,0,-4.2885747,0.09003965556621552,0.38600000739097595,0.39010000228881836
YHR055C,YDR508C,0,-4.2886667,0.09001865983009338,0.38600000739097595,0.3901999890804291
YER166W,YDR440W,0,-4.288805,0.08999767154455185,0.38600000739097595,0.3903000056743622
YKL084W,YDL051W,0,-4.2891684,0.08997669070959091,0.38600000739097595,0.3903999924659729
YDR194C,YGR028W,0,-4.2898674,0.08995572477579117,0.38600000739097595,0.390500009059906
YBR295W,YBR037C,1,-4.2900186,0.09016775339841843,0.3869999945163727,0.390500009059906
YKL053C-A,YNL169C,0,-4.2900653,0.0901467502117157,0.3869999945163727,0.3905999958515167
YML092C,YML010W,0,-4.2902303,0.09012575447559357,0.3869999945163727,0.39070001244544983
YBR214W,YPR122W,0,-4.2904253,0.09010477364063263,0.3869999945163727,0.39079999923706055
YKL175W,YDR038C,1,-4.290552,0.09031657129526138,0.3880000114440918,0.39079999923706055
YLR394W,YGR186W,0,-4.290775,0.09029555320739746,0.3880000114440918,0.39089998602867126
YKR034W,YMR260C,0,-4.290839,0.09027455002069473,0.3880000114440918,0.39100000262260437
YFR053C,YHR115C,0,-4.2909927,0.090253546833992,0.3880000114440918,0.3910999894142151
YPL159C,YLR165C,0,-4.2918057,0.09023255854845047,0.3880000114440918,0.3912000060081482
YNL059C,YJL074C,0,-4.291894,0.09021157771348953,0.3880000114440918,0.3912999927997589
YJR063W,YOR368W,0,-4.291937,0.09019061177968979,0.3880000114440918,0.391400009393692
YDR212W,YGR186W,0,-4.29212,0.09016964584589005,0.3880000114440918,0.39149999618530273
YGL241W,YPR095C,0,-4.292433,0.09014870226383209,0.3880000114440918,0.39160001277923584
YPL151C,YBR023C,0,-4.2926927,0.09012775868177414,0.3880000114440918,0.39169999957084656
YNR002C,YOL027C,1,-4.2927856,0.0903390645980835,0.3889999985694885,0.39169999957084656
YBR295W,YHR050W,1,-4.293269,0.0905502662062645,0.38999998569488525,0.39169999957084656
YLR095C,YKL144C,0,-4.293497,0.09052924811840057,0.38999998569488525,0.3917999863624573
YOR074C,YJR068W,0,-4.293568,0.09050823748111725,0.38999998569488525,0.3919000029563904
YDR516C,YOR261C,0,-4.2936196,0.09048724174499512,0.38999998569488525,0.3919999897480011
YGR140W,YPL047W,0,-4.293847,0.09046624600887299,0.38999998569488525,0.3921000063419342
YIL132C,YDR201W,0,-4.293952,0.09044527262449265,0.38999998569488525,0.3921999931335449
YMR088C,YNL299W,0,-4.294142,0.0904242992401123,0.38999998569488525,0.392300009727478
YCR024C-A,YGR217W,1,-4.2943573,0.09063514322042465,0.39100000262260437,0.392300009727478
YDR120C,YER159C,0,-4.2944126,0.09061414003372192,0.39100000262260437,0.39239999651908875
YKR007W,YOR237W,0,-4.295231,0.09059314429759979,0.39100000262260437,0.39250001311302185
YML028W,YOR144C,0,-4.295518,0.09057215601205826,0.39100000262260437,0.39259999990463257
YOR033C,YBR058C,0,-4.295929,0.09055118262767792,0.39100000262260437,0.3926999866962433
YPL097W,YNL283C,0,-4.2961936,0.09053021669387817,0.39100000262260437,0.3928000032901764
YDR191W,YGL126W,0,-4.2964873,0.09050925821065903,0.39100000262260437,0.3928999900817871
YJL214W,YOL113W,0,-4.296565,0.09048831462860107,0.39100000262260437,0.3930000066757202
YPL265W,YFR031C,0,-4.2965794,0.09046737849712372,0.39100000262260437,0.39309999346733093
YDR078C,YHR066W,0,-4.2965956,0.09044644981622696,0.39100000262260437,0.39320001006126404
YKL038W,YGR063C,0,-4.296609,0.0904255285859108,0.39100000262260437,0.39329999685287476
YFR041C,YBR142W,0,-4.2966647,0.09040462225675583,0.39100000262260437,0.39340001344680786
YKL093W,YJL090C,0,-4.296744,0.09038372337818146,0.39100000262260437,0.3935000002384186
YLR079W,YJL034W,0,-4.2970924,0.09036283940076828,0.39100000262260437,0.3935999870300293
YDR039C,YJR077C,1,-4.2972355,0.0905730128288269,0.3919999897480011,0.3935999870300293
YPR144C,YLR020C,0,-4.2972593,0.09055209159851074,0.3919999897480011,0.3937000036239624
YNL053W,YOR112W,0,-4.2972975,0.09053117781877518,0.3919999897480011,0.3937999904155731
YHR073W,YLL038C,0,-4.297617,0.09051027148962021,0.3919999897480011,0.3939000070095062
YBL050W,YGL135W,0,-4.297889,0.09048938006162643,0.3919999897480011,0.39399999380111694
YJR091C,YER147C,0,-4.2979608,0.09046849608421326,0.3919999897480011,0.39410001039505005
YDL008W,YNL243W,0,-4.2979956,0.09044762700796127,0.3919999897480011,0.39419999718666077
YPR067W,YJR077C,1,-4.298444,0.09065744280815125,0.3930000066757202,0.39419999718666077
YLR231C,YDR372C,0,-4.2985835,0.09063652902841568,0.3930000066757202,0.39430001378059387
YHR005C,YDR005C,0,-4.2988396,0.09061563014984131,0.3930000066757202,0.3944000005722046
YER143W,YAR002W,0,-4.298854,0.09059474617242813,0.3930000066757202,0.3944999873638153
YBR004C,YPR104C,0,-4.298875,0.09057386219501495,0.3930000066757202,0.3946000039577484
YGR055W,YMR023C,0,-4.2989106,0.09055299311876297,0.3930000066757202,0.39469999074935913
YKL172W,YNR023W,0,-4.298937,0.09053213894367218,0.3930000066757202,0.39480000734329224
YOR083W,YGR188C,0,-4.300009,0.09051128476858139,0.3930000066757202,0.39489999413490295
YER061C,YLR186W,0,-4.30004,0.0904904454946518,0.3930000066757202,0.39500001072883606
YNL048W,YJL050W,0,-4.300212,0.0904696136713028,0.3930000066757202,0.3950999975204468
YGR091W,YAL023C,0,-4.300597,0.0904487892985344,0.3930000066757202,0.3952000141143799
YMR273C,YNR033W,0,-4.3006725,0.09042797982692719,0.3930000066757202,0.3953000009059906
YPR009W,YOL008W,0,-4.3008957,0.09040717780590057,0.3930000066757202,0.3953999876976013
YGR257C,YGR191W,1,-4.301365,0.090616375207901,0.39399999380111694,0.3953999876976013
YPL157W,YBR165W,0,-4.301387,0.0905955359339714,0.39399999380111694,0.3955000042915344
YHR084W,YDR434W,0,-4.3013906,0.090574711561203,0.39399999380111694,0.39559999108314514
YGL028C,YMR264W,0,-4.3015385,0.0905538946390152,0.39399999380111694,0.39570000767707825
YGL073W,YDL120W,0,-4.3015833,0.09053308516740799,0.39399999380111694,0.39579999446868896
YPL097W,YOR018W,0,-4.301747,0.09051229059696198,0.39399999380111694,0.39590001106262207
YOR233W,YHR129C,0,-4.3018293,0.09049150347709656,0.39399999380111694,0.3959999978542328
YDL188C,YHL020C,0,-4.3020773,0.09047072380781174,0.39399999380111694,0.3961000144481659
YGR123C,YMR016C,0,-4.302391,0.09044995158910751,0.39399999380111694,0.3962000012397766
YKL178C,YPR103W,0,-4.3024373,0.09042919427156448,0.39399999380111694,0.39629998803138733
YHR072W-A,YPL083C,0,-4.30245,0.09040844440460205,0.39399999380111694,0.39640000462532043
YOR079C,YOR153W,0,-4.3026767,0.09038770198822021,0.39399999380111694,0.39649999141693115
YMR309C,YIL052C,0,-4.303283,0.09036697447299957,0.39399999380111694,0.39660000801086426
YIR018W,YPL093W,0,-4.3039565,0.09034625440835953,0.39399999380111694,0.396699994802475
YGR082W,YPR075C,0,-4.304137,0.09032554179430008,0.39399999380111694,0.3968000113964081
YNL053W,YPR112C,0,-4.304327,0.09030483663082123,0.39399999380111694,0.3968999981880188
YOL130W,YHR050W,1,-4.3044176,0.09051328897476196,0.39500001072883606,0.3968999981880188
YGL028C,YFL009W,0,-4.3044353,0.09049255400896072,0.39500001072883606,0.3970000147819519
YIL121W,YDR276C,1,-4.304515,0.09070087224245071,0.3959999978542328,0.3970000147819519
YIL036W,YGL073W,0,-4.3045487,0.09068010002374649,0.3959999978542328,0.3971000015735626
YDR013W,YOR265W,0,-4.3046894,0.09065934270620346,0.3959999978542328,0.39719998836517334
YOR123C,YKL179C,0,-4.304925,0.09063859283924103,0.3959999978542328,0.39730000495910645
YDR364C,YIL122W,0,-4.304977,0.09061785042285919,0.3959999978542328,0.39739999175071716
YGR091W,YNR032W,0,-4.3051624,0.09059711545705795,0.3959999978542328,0.39750000834465027
YDR479C,YKL079W,0,-4.3056726,0.09057639539241791,0.3959999978542328,0.397599995136261
YPL049C,YJR070C,0,-4.305768,0.09055568277835846,0.3959999978542328,0.3977000117301941
YHR050W,YEL065W,1,-4.305817,0.09076360613107681,0.3970000147819519,0.3977000117301941
YNL066W,YHR079C-A,0,-4.305901,0.09074285626411438,0.3970000147819519,0.3977999985218048
YPR107C,YDR167W,0,-4.3061523,0.09072212129831314,0.3970000147819519,0.3978999853134155
YOR025W,YNL177C,0,-4.306242,0.0907013937830925,0.3970000147819519,0.39800000190734863
YOR212W,YBR213W,0,-4.3064976,0.09068067371845245,0.3970000147819519,0.39809998869895935
YKL073W,YGL124C,0,-4.3069077,0.0906599685549736,0.3970000147819519,0.39820000529289246
YJL019W,YER103W,0,-4.307167,0.09063927084207535,0.3970000147819519,0.3982999920845032
YMR165C,YMR168C,0,-4.3072,0.09061858057975769,0.3970000147819519,0.3984000086784363
YHR014W,YGR155W,0,-4.3073072,0.09059789776802063,0.3970000147819519,0.398499995470047
YCR067C,YGR009C,0,-4.307428,0.09057722985744476,0.3970000147819519,0.3986000120639801
YDR147W,YOR007C,0,-4.3074636,0.0905565693974495,0.3970000147819519,0.3986999988555908
YGL212W,YKR056W,0,-4.3084803,0.09053591638803482,0.3970000147819519,0.39879998564720154
YLR372W,YNL078W,0,-4.3089423,0.09051527827978134,0.3970000147819519,0.39890000224113464
YJR059W,YHR073W,0,-4.309184,0.09049464017152786,0.3970000147819519,0.39899998903274536
YLR075W,YKL085W,0,-4.309561,0.09047401696443558,0.3970000147819519,0.39910000562667847
YOR355W,YLR102C,0,-4.3096547,0.09045340865850449,0.3970000147819519,0.3991999924182892
YNL148C,YPL032C,0,-4.309723,0.0904328003525734,0.3970000147819519,0.3993000090122223
YGL122C,YNL153C,0,-4.3100457,0.0904122069478035,0.3970000147819519,0.399399995803833
YDR489W,YNL078W,0,-4.3101006,0.0903916209936142,0.3970000147819519,0.3995000123977661
YPR187W,YJR118C,0,-4.310175,0.0903710424900055,0.3970000147819519,0.39959999918937683
YMR186W,YJL085W,0,-4.3105474,0.09035047888755798,0.3970000147819519,0.39969998598098755
YHR083W,YPL194W,0,-4.3106036,0.09032992273569107,0.3970000147819519,0.39980000257492065
YJR150C,YKR034W,0,-4.3107657,0.09030937403440475,0.3970000147819519,0.39989998936653137
YDR227W,YDL137W,0,-4.310896,0.09028883278369904,0.3970000147819519,0.4000000059604645
YHR154W,YOR038C,0,-4.310907,0.09026830643415451,0.3970000147819519,0.4000999927520752
YPL076W,YNL214W,0,-4.31094,0.09024778008460999,0.3970000147819519,0.4002000093460083
YBR212W,YGR028W,0,-4.3111506,0.09022727608680725,0.3970000147819519,0.400299996137619
YOL112W,YML118W,0,-4.3114586,0.09020677208900452,0.3970000147819519,0.4004000127315521
YIL031W,YGR195W,0,-4.311495,0.09018627554178238,0.3970000147819519,0.40049999952316284
YGL162W,YAR008W,0,-4.3117023,0.09016579389572144,0.3970000147819519,0.40059998631477356
YPL237W,YNR056C,0,-4.3120995,0.09014531970024109,0.3970000147819519,0.40070000290870667
YAL032C,YHR116W,0,-4.312151,0.09012486040592194,0.3970000147819519,0.4007999897003174
YBR182C,YBR004C,0,-4.312157,0.09010440111160278,0.3970000147819519,0.4009000062942505
YJL194W,YIL119C,0,-4.3121576,0.09008395671844482,0.3970000147819519,0.4009999930858612
YBL035C,YIL008W,0,-4.3121753,0.09006351977586746,0.3970000147819519,0.4011000096797943
YDR425W,YDR490C,0,-4.312606,0.0900430902838707,0.3970000147819519,0.40119999647140503
YCR077C,YLR355C,0,-4.3127494,0.09002267569303513,0.3970000147819519,0.40130001306533813
YCR020W-B,YPR131C,0,-4.312931,0.09000226855278015,0.3970000147819519,0.40139999985694885
YHR116W,YPL181W,0,-4.3131504,0.08998186886310577,0.3970000147819519,0.40149998664855957
YCR092C,YBL009W,0,-4.313244,0.089961476624012,0.3970000147819519,0.4016000032424927
YDR004W,YDR037W,0,-4.3133373,0.0899410992860794,0.3970000147819519,0.4016999900341034
YDR195W,YLR186W,0,-4.313346,0.08992072194814682,0.3970000147819519,0.4018000066280365
YER147C,YHR072W,0,-4.3135915,0.08990035951137543,0.3970000147819519,0.4018999934196472
YPL209C,YDL013W,0,-4.313681,0.08988001197576523,0.3970000147819519,0.4020000100135803
YNR072W,YIL009C-A,0,-4.313682,0.08985966444015503,0.3970000147819519,0.40209999680519104
YPL137C,YDR126W,0,-4.3136964,0.08983933180570602,0.3970000147819519,0.40220001339912415
YBL106C,YFL048C,0,-4.314248,0.08981900662183762,0.3970000147819519,0.40230000019073486
YOL130W,YHR175W,1,-4.3142834,0.09002488106489182,0.39800000190734863,0.40230000019073486
YML025C,YJL201W,0,-4.314369,0.09000452607870102,0.39800000190734863,0.4023999869823456
YPL058C,YGL032C,0,-4.314437,0.08998417109251022,0.39800000190734863,0.4025000035762787
YGL005C,YMR190C,0,-4.3145533,0.08996383100748062,0.39800000190734863,0.4025999903678894
YGR092W,YBL003C,0,-4.314633,0.08994350582361221,0.39800000190734863,0.4027000069618225
YGR191W,YPR138C,1,-4.3148165,0.09014911949634552,0.39899998903274536,0.4027000069618225
YMR183C,YPR080W,0,-4.3154745,0.09012875705957413,0.39899998903274536,0.4027999937534332
YOL063C,YMR056C,0,-4.3156285,0.09010840207338333,0.39899998903274536,0.40290001034736633
YMR263W,YNL009W,0,-4.3160467,0.09008805453777313,0.39899998903274536,0.40299999713897705
YGR257C,YMR243C,1,-4.316352,0.09029345214366913,0.4000000059604645,0.40299999713897705
YHR060W,YER109C,0,-4.3164835,0.09027307480573654,0.4000000059604645,0.40310001373291016
YGL145W,YLR382C,0,-4.316538,0.09025270491838455,0.4000000059604645,0.4032000005245209
YLR337C,YOL113W,0,-4.3165956,0.09023234993219376,0.4000000059604645,0.4032999873161316
YGL226C-A,YGL216W,0,-4.316886,0.09021199494600296,0.4000000059604645,0.4034000039100647
YAL041W,YER122C,0,-4.316926,0.09019165486097336,0.4000000059604645,0.4034999907016754
YOR036W,YKL055C,0,-4.3173604,0.09017132222652435,0.4000000059604645,0.4036000072956085
YNL112W,YOR153W,0,-4.317501,0.09015100449323654,0.4000000059604645,0.40369999408721924
YGR008C,YPR067W,1,-4.3175426,0.0903560146689415,0.4009999930858612,0.40369999408721924
YMR201C,YPL177C,0,-4.3176136,0.0903356596827507,0.4009999930858612,0.40380001068115234
YMR163C,YDL020C,0,-4.3177867,0.0903153121471405,0.4009999930858612,0.40389999747276306
YDR192C,YHR024C,0,-4.3178854,0.0902949795126915,0.4009999930858612,0.40400001406669617
YER114C,YDR507C,0,-4.3181577,0.09027465432882309,0.4009999930858612,0.4041000008583069
YLR110C,YLR442C,0,-4.318235,0.09025432914495468,0.4009999930858612,0.4041999876499176
YOL130W,YDR384C,1,-4.318318,0.09045904874801636,0.4020000100135803,0.4041999876499176
YLL043W,YNR056C,0,-4.3183517,0.09043869376182556,0.4020000100135803,0.4043000042438507
YGR257C,YJL117W,1,-4.3185573,0.0906432718038559,0.40299999713897705,0.4043000042438507
YPR029C,YPL240C,0,-4.3186493,0.09062289446592331,0.40299999713897705,0.4043999910354614
YIL098C,YML118W,0,-4.319055,0.09060251712799072,0.40299999713897705,0.40450000762939453
YOR136W,YPR113W,0,-4.319249,0.09058215469121933,0.40299999713897705,0.40459999442100525
YDR358W,YLR337C,0,-4.319404,0.09056179970502853,0.40299999713897705,0.40470001101493835
YOL034W,YDR027C,0,-4.3194118,0.09054145216941833,0.40299999713897705,0.4047999978065491
YLR417W,YOR250C,0,-4.319429,0.09052111208438873,0.40299999713897705,0.4049000144004822
YJR035W,YLR370C,0,-4.320137,0.09050078690052032,0.40299999713897705,0.4050000011920929
YGL229C,YKL049C,0,-4.320305,0.09048046916723251,0.40299999713897705,0.4050999879837036
YPR173C,YBR286W,0,-4.320681,0.0904601588845253,0.40299999713897705,0.4052000045776367
YHR124W,YPL147W,0,-4.320714,0.09043985605239868,0.40299999713897705,0.40529999136924744
YLL043W,YIL097W,0,-4.3208346,0.09041956812143326,0.40299999713897705,0.40540000796318054
YNL330C,YGL200C,0,-4.3208776,0.09039928019046783,0.40299999713897705,0.40549999475479126
YNL294C,YNL236W,0,-4.320977,0.0903790071606636,0.40299999713897705,0.40560001134872437
YFR047C,YFL018C,0,-4.321036,0.09035874158143997,0.40299999713897705,0.4056999981403351
YDL006W,YGR024C,0,-4.32119,0.09033849090337753,0.40299999713897705,0.4058000147342682
YDR361C,YHR042W,0,-4.3213453,0.0903182402253151,0.40299999713897705,0.4059000015258789
YPL123C,YNL044W,0,-4.3216352,0.09029800444841385,0.40299999713897705,0.4059999883174896
YER072W,YMR218C,0,-4.3218555,0.0902777761220932,0.40299999713897705,0.40610000491142273
YLR265C,YOL011W,0,-4.3220615,0.09025755524635315,0.40299999713897705,0.40619999170303345
YDR142C,YMR089C,0,-4.322073,0.09023734927177429,0.40299999713897705,0.40630000829696655
YGR158C,YDL209C,0,-4.3224783,0.09021715074777603,0.40299999713897705,0.40639999508857727
YIL073C,YGR091W,0,-4.3224993,0.09019695967435837,0.40299999713897705,0.4065000116825104
YBR154C,YOR194C,0,-4.3225026,0.0901767760515213,0.40299999713897705,0.4065999984741211
YOR046C,YNR044W,0,-4.3226805,0.09015659987926483,0.40299999713897705,0.4066999852657318
YLR176C,YER178W,0,-4.3227205,0.09013643115758896,0.40299999713897705,0.4068000018596649
YFL009W,YOR230W,0,-4.3233376,0.09011627733707428,0.40299999713897705,0.40689998865127563
YHR164C,YOL005C,0,-4.323572,0.0900961309671402,0.40299999713897705,0.40700000524520874
YBR283C,YGL092W,0,-4.3240213,0.09007599204778671,0.40299999713897705,0.40709999203681946
YOL054W,YHR106W,0,-4.3242865,0.09005586802959442,0.40299999713897705,0.40720000863075256
YBL052C,YLR055C,0,-4.3243895,0.09003574401140213,0.40299999713897705,0.4072999954223633
YGL163C,YOR250C,0,-4.3243995,0.09001563489437103,0.40299999713897705,0.4074000120162964
YLR284C,YGR028W,0,-4.3244,0.08999553322792053,0.40299999713897705,0.4074999988079071
YLL012W,YMR036C,0,-4.32452,0.08997543901205063,0.40299999713897705,0.4075999855995178
YCR073C,YNL164C,0,-4.324575,0.08995535969734192,0.40299999713897705,0.4077000021934509
YKL194C,YDR116C,0,-4.324778,0.08993528038263321,0.40299999713897705,0.40779998898506165
YMR281W,YNL169C,0,-4.3252153,0.0899152159690857,0.40299999713897705,0.40790000557899475
YGL094C,YCL031C,0,-4.325475,0.08989515900611877,0.40299999713897705,0.40799999237060547
YHR118C,YLR085C,0,-4.32579,0.08987510949373245,0.40299999713897705,0.4081000089645386
YIL049W,YDR255C,0,-4.325842,0.08985507488250732,0.40299999713897705,0.4081999957561493
YLR206W,YBL005W,0,-4.3258758,0.0898350402712822,0.40299999713897705,0.4083000123500824
YNR011C,YHR077C,0,-4.3259506,0.08981502056121826,0.40299999713897705,0.4083999991416931
YPL204W,YLR119W,0,-4.326013,0.08979500830173492,0.40299999713897705,0.40849998593330383
YNL145W,YNR047W,0,-4.3264112,0.08977500349283218,0.40299999713897705,0.40860000252723694
YPL045W,YDR503C,0,-4.326613,0.08975501358509064,0.40299999713897705,0.40869998931884766
YBL064C,YOR080W,0,-4.326633,0.08973502367734909,0.40299999713897705,0.40880000591278076
YHL025W,YHR098C,0,-4.326804,0.08971504867076874,0.40299999713897705,0.4088999927043915
YKL006C-A,YGR063C,0,-4.3270817,0.08969508111476898,0.40299999713897705,0.4090000092983246
YDR179C,YFL005W,0,-4.327177,0.08967512100934982,0.40299999713897705,0.4090999960899353
YNL246W,YOL008W,0,-4.3272686,0.08965517580509186,0.40299999713897705,0.4092000126838684
YPR009W,YPR173C,0,-4.3272915,0.08963523060083389,0.40299999713897705,0.4092999994754791
YOR301W,YAL044C,0,-4.327368,0.08961530029773712,0.40299999713897705,0.40939998626708984
YCR086W,YHR107C,0,-4.328579,0.08959537744522095,0.40299999713897705,0.40950000286102295
YOR362C,YEL012W,0,-4.3286734,0.08957546204328537,0.40299999713897705,0.40959998965263367
YBR093C,YER162C,0,-4.3291645,0.08955555409193039,0.40299999713897705,0.4097000062465668
YNL032W,YNL286W,0,-4.32922,0.0895356610417366,0.40299999713897705,0.4097999930381775
YJR066W,YHR148W,0,-4.3292646,0.08951576799154282,0.40299999713897705,0.4099000096321106
YPR183W,YHR043C,0,-4.329343,0.08949588984251022,0.40299999713897705,0.4099999964237213
YOR377W,YHR194W,0,-4.3294477,0.08947601914405823,0.40299999713897705,0.4101000130176544
YGL143C,YKL117W,0,-4.329628,0.08945616334676743,0.40299999713897705,0.41019999980926514
YIL153W,YER019W,0,-4.329758,0.08943630754947662,0.40299999713897705,0.41029998660087585
YPR046W,YDL060W,0,-4.3298793,0.08941646665334702,0.40299999713897705,0.41040000319480896
YLR084C,YPR024W,0,-4.33014,0.08939662575721741,0.40299999713897705,0.4104999899864197
YKL165C,YHL028W,0,-4.330145,0.08937679976224899,0.40299999713897705,0.4106000065803528
YGL106W,YKR056W,0,-4.330245,0.08935698121786118,0.40299999713897705,0.4106999933719635
YLR167W,YML051W,0,-4.330343,0.08933717757463455,0.40299999713897705,0.4108000099658966
YDR345C,YDL108W,0,-4.330408,0.08931737393140793,0.40299999713897705,0.4108999967575073
YHR020W,YFR003C,0,-4.3306365,0.0892975851893425,0.40299999713897705,0.41100001335144043
YBR234C,YER040W,0,-4.330822,0.08927780389785767,0.40299999713897705,0.41110000014305115
YKL064W,YOL077W-A,1,-4.331007,0.08947951346635818,0.40400001406669617,0.41110000014305115
YCR035C,YDL212W,0,-4.3310747,0.08945970237255096,0.40400001406669617,0.41119998693466187
YNL003C,YKR089C,0,-4.331198,0.08943989127874374,0.40400001406669617,0.41130000352859497
YPL060W,YIL114C,1,-4.3314404,0.08964143693447113,0.4050000011920929,0.41130000352859497
YCR028C-A,YOR281C,0,-4.3314505,0.08962159603834152,0.4050000011920929,0.4113999903202057
YDL004W,YOL077W-A,1,-4.331624,0.08982300758361816,0.4059999883174896,0.4113999903202057
YML093W,YPR178W,0,-4.3318996,0.08980314433574677,0.4059999883174896,0.4115000069141388
YCR018C,YLL043W,0,-4.3320303,0.08978328108787537,0.4059999883174896,0.4115999937057495
YDR276C,YPR138C,1,-4.3321314,0.08998452126979828,0.40700000524520874,0.4115999937057495
YKL144C,YLR020C,0,-4.3321657,0.08996463567018509,0.40700000524520874,0.4117000102996826
YDR330W,YGL144C,0,-4.332237,0.0899447500705719,0.40700000524520874,0.41179999709129333
YPL152W,YDR303C,0,-4.332805,0.0899248793721199,0.40700000524520874,0.41190001368522644
YGR231C,YBR240C,0,-4.3328404,0.0899050161242485,0.40700000524520874,0.41200000047683716
YCR037C,YDR040C,1,-4.3329105,0.09010601043701172,0.40799999237060547,0.41200000047683716
YPL157W,YCL038C,0,-4.3333015,0.09008610993623734,0.40799999237060547,0.4120999872684479
YHR005C-A,YGR286C,0,-4.333533,0.09006622433662415,0.40799999237060547,0.412200003862381
YJL053W,YNL059C,0,-4.333779,0.09004634618759155,0.40799999237060547,0.4122999906539917
YPR178W,YGR063C,0,-4.333829,0.09002647548913956,0.40799999237060547,0.4124000072479248
YJR001W,YJL087C,0,-4.333832,0.09000661969184875,0.40799999237060547,0.4124999940395355
YDL088C,YKR061W,0,-4.333934,0.08998676389455795,0.40799999237060547,0.41260001063346863
YGR132C,YEL066W,0,-4.3343105,0.08996692299842834,0.40799999237060547,0.41269999742507935
YDR072C,YAL009W,0,-4.3347144,0.08994708955287933,0.40799999237060547,0.41280001401901245
YMR305C,YDL137W,0,-4.334876,0.08992726355791092,0.40799999237060547,0.41290000081062317
YHR082C,YNL093W,0,-4.3351393,0.0899074450135231,0.40799999237060547,0.4129999876022339
YOR089C,YOR226C,0,-4.335255,0.08988764137029648,0.40799999237060547,0.413100004196167
YLL021W,YPL160W,0,-4.335456,0.08986783772706985,0.40799999237060547,0.4131999909877777
YOR057W,YLR386W,0,-4.3355055,0.08984804898500443,0.40799999237060547,0.4133000075817108
YGL162W,YNL325C,0,-4.335999,0.08982826769351959,0.40799999237060547,0.41339999437332153
YER061C,YIL097W,0,-4.3360605,0.08980849385261536,0.40799999237060547,0.41350001096725464
YPL117C,YJL108C,0,-4.3362017,0.08978873491287231,0.40799999237060547,0.41359999775886536
YCR010C,YPR138C,1,-4.3364778,0.08998899906873703,0.4090000092983246,0.41359999775886536
YJL133W,YKR052C,1,-4.3366528,0.09018917381763458,0.4099999964237213,0.41359999775886536
YDR346C,YAL054C,0,-4.3366694,0.09016934037208557,0.4099999964237213,0.41370001435279846
YGL257C,YLR318W,0,-4.3366838,0.09014951437711716,0.4099999964237213,0.4138000011444092
YDR216W,YIL068C,0,-4.3367186,0.09012969583272934,0.4099999964237213,0.4138999879360199
YPL140C,YDL212W,0,-4.336752,0.09010989218950272,0.4099999964237213,0.414000004529953
YML007W,YDL137W,0,-4.337346,0.09009008854627609,0.4099999964237213,0.4140999913215637
YJL194W,YGL075C,0,-4.337368,0.09007029980421066,0.4099999964237213,0.4142000079154968
YDR236C,YPL269W,0,-4.337471,0.09005051851272583,0.4099999964237213,0.41429999470710754
YNL003C,YHL002W,0,-4.337636,0.0900307446718216,0.4099999964237213,0.41440001130104065
YBR037C,YPR020W,1,-4.3378773,0.09023051708936691,0.41100001335144043,0.41440001130104065
YGR281W,YKL014C,0,-4.3378973,0.09021071344614029,0.41100001335144043,0.41449999809265137
YHR175W,YJR077C,1,-4.3380013,0.09041035920381546,0.41200000047683716,0.41449999809265137
YCL034W,YKL197C,0,-4.3381643,0.09039052575826645,0.41200000047683716,0.4146000146865845
YOR004W,YGL223C,0,-4.3383064,0.09037069231271744,0.41200000047683716,0.4147000014781952
YPL115C,YMR106C,0,-4.338382,0.09035087376832962,0.41200000047683716,0.4147999882698059
YDR495C,YOR328W,0,-4.338396,0.090331070125103,0.41200000047683716,0.414900004863739
YNL055C,YDR039C,1,-4.3385015,0.09053047001361847,0.4129999876022339,0.414900004863739
YJR158W,YMR137C,0,-4.338548,0.09051062911748886,0.4129999876022339,0.41499999165534973
YMR175W,YIL013C,0,-4.338627,0.09049079567193985,0.4129999876022339,0.41510000824928284
YAL038W,YBR237W,0,-4.3392677,0.09047097712755203,0.4129999876022339,0.41519999504089355
YLR265C,YBR237W,0,-4.3393145,0.09045115858316422,0.4129999876022339,0.41530001163482666
YER157W,YDL031W,0,-4.339416,0.09043135493993759,0.4129999876022339,0.4153999984264374
YMR227C,YBR188C,0,-4.33947,0.09041155874729156,0.4129999876022339,0.4154999852180481
YMR312W,YPL177C,0,-4.3395605,0.09039177000522614,0.4129999876022339,0.4156000018119812
YJL034W,YBR293W,0,-4.3396096,0.0903719887137413,0.4129999876022339,0.4156999886035919
YDR040C,YEL027W,1,-4.339903,0.09057099372148514,0.414000004529953,0.4156999886035919
YLR277C,YBL004W,0,-4.33991,0.09055118262767792,0.414000004529953,0.415800005197525
YAL042W,YNL129W,0,-4.339959,0.0905313789844513,0.414000004529953,0.41589999198913574
YEL024W,YNR017W,0,-4.3401737,0.09051159024238586,0.414000004529953,0.41600000858306885
YBR002C,YLR228C,0,-4.3402967,0.09049180150032043,0.414000004529953,0.41609999537467957
YIL106W,YOR194C,0,-4.3403,0.0904720276594162,0.414000004529953,0.41620001196861267
YDR439W,YGR244C,0,-4.340617,0.09045226126909256,0.414000004529953,0.4162999987602234
YBR214W,YHR139C,0,-4.3406553,0.09043250232934952,0.414000004529953,0.4163999855518341
YOL090W,YBR275C,0,-4.3407702,0.09041275084018707,0.414000004529953,0.4165000021457672
YDR477W,YJL093C,0,-4.3410606,0.09039301425218582,0.414000004529953,0.41659998893737793
YNL323W,YDR346C,0,-4.341196,0.09037327766418457,0.414000004529953,0.41670000553131104
YOR137C,YGR191W,1,-4.3413835,0.0905718058347702,0.41499999165534973,0.41670000553131104
YFL013C,YBL034C,0,-4.341523,0.09055203944444656,0.41499999165534973,0.41679999232292175
YLR272C,YJL041W,0,-4.341568,0.09053228795528412,0.41499999165534973,0.41690000891685486
YMR238W,YDL105W,0,-4.3418007,0.09051254391670227,0.41499999165534973,0.4169999957084656
YGL130W,YBL019W,0,-4.3419914,0.09049280732870102,0.41499999165534973,0.4171000123023987
YGR144W,YOR182C,0,-4.3420362,0.09047307819128036,0.41499999165534973,0.4171999990940094
YLR362W,YJR153W,0,-4.3422422,0.09045335650444031,0.41499999165534973,0.4172999858856201
YMR081C,YDR527W,0,-4.3423495,0.09043364226818085,0.41499999165534973,0.4174000024795532
YDL245C,YHR081W,0,-4.3424945,0.09041394293308258,0.41499999165534973,0.41749998927116394
YMR047C,YOR349W,0,-4.3425055,0.09039425104856491,0.41499999165534973,0.41760000586509705
YKR076W,YDR116C,0,-4.342588,0.09037456661462784,0.41499999165534973,0.41769999265670776
YOL006C,YCR089W,0,-4.3426323,0.09035488963127136,0.41499999165534973,0.41780000925064087
YMR309C,YJR047C,0,-4.3426585,0.09033522009849548,0.41499999165534973,0.4178999960422516
YPL214C,YHL020C,0,-4.3427114,0.0903155580163002,0.41499999165534973,0.4180000126361847
YJL111W,YKL139W,0,-4.3429604,0.09029591083526611,0.41499999165534973,0.4180999994277954
YML121W,YPR138C,1,-4.343032,0.09049379825592041,0.41600000858306885,0.4180999994277954
YBR228W,YNL250W,0,-4.343584,0.09047412127256393,0.41600000858306885,0.41819998621940613
YLR459W,YCL054W,0,-4.3436847,0.09045444428920746,0.41600000858306885,0.41830000281333923
YLL015W,YGL006W,1,-4.3438187,0.09065217524766922,0.4169999957084656,0.41830000281333923
YNL197C,YFL005W,0,-4.3441734,0.09063246846199036,0.4169999957084656,0.41839998960494995
YOR307C,YBR218C,0,-4.3442264,0.09061277657747269,0.4169999957084656,0.41850000619888306
YML132W,YKR086W,0,-4.344282,0.09059309214353561,0.4169999957084656,0.4185999929904938
YOL111C,YHR053C,0,-4.344973,0.09057341516017914,0.4169999957084656,0.4187000095844269
YNR060W,YOR316C,1,-4.3452497,0.0907709002494812,0.4180000126361847,0.4187000095844269
YMR083W,YDL090C,0,-4.345433,0.09075119346380234,0.4180000126361847,0.4187999963760376
YMR012W,YPL083C,0,-4.3456197,0.09073149412870407,0.4180000126361847,0.4189000129699707
YNL148C,YKL095W,0,-4.3456693,0.0907118022441864,0.4180000126361847,0.4189999997615814
YGL241W,YDR255C,0,-4.345832,0.09069212526082993,0.4180000126361847,0.41909998655319214
YHR107C,YEL024W,0,-4.3458376,0.09067244827747345,0.4180000126361847,0.41920000314712524
YDR498C,YJR127C,0,-4.346337,0.09065278619527817,0.4180000126361847,0.41929998993873596
YDR195W,YDR075W,0,-4.346525,0.09063313156366348,0.4180000126361847,0.41940000653266907
YKL007W,YNL090W,0,-4.3466234,0.0906134843826294,0.4180000126361847,0.4194999933242798
YCR067C,YBR168W,0,-4.346927,0.0905938446521759,0.4180000126361847,0.4196000099182129
YJR135W-A,YNL192W,0,-4.3469753,0.09057421237230301,0.4180000126361847,0.4196999967098236
YDR270W,YOL158C,1,-4.3469834,0.09077122807502747,0.4189999997615814,0.4196999967098236
YLR107W,YJR068W,0,-4.347061,0.09075157344341278,0.4189999997615814,0.4198000133037567
YKR076W,YLR096W,0,-4.3473845,0.0907319188117981,0.4189999997615814,0.41990000009536743
YNL021W,YMR287C,0,-4.3475723,0.0907122790813446,0.4189999997615814,0.41999998688697815
YNL299W,YDL185W,0,-4.3477592,0.09069263935089111,0.4189999997615814,0.42010000348091125
YFL013C,YNL031C,0,-4.347849,0.09067301452159882,0.4189999997615814,0.420199990272522
YOR119C,YDR362C,0,-4.347878,0.09065339714288712,0.4189999997615814,0.4203000068664551
YHR005C,YHR204W,0,-4.347883,0.09063378721475601,0.4189999997615814,0.4203999936580658
YOR112W,YBL074C,0,-4.347884,0.0906141847372055,0.4189999997615814,0.4205000102519989
YOR119C,YPL008W,0,-4.348037,0.09059459716081619,0.4189999997615814,0.4205999970436096
YEL042W,YPR131C,0,-4.3483143,0.09057500958442688,0.4189999997615814,0.4207000136375427
YDR263C,YNL253W,0,-4.3484955,0.09055543690919876,0.4189999997615814,0.42080000042915344
YPL232W,YDL132W,0,-4.348573,0.09053587168455124,0.4189999997615814,0.42089998722076416
YAL002W,YLR431C,0,-4.349186,0.09051631391048431,0.4189999997615814,0.42100000381469727
YKR095W,YML036W,0,-4.3496017,0.09049676358699799,0.4189999997615814,0.421099990606308
YER155C,YGR192C,0,-4.349923,0.09047722071409225,0.4189999997615814,0.4212000072002411
YBL099W,YML121W,1,-4.350255,0.09067357331514359,0.41999998688697815,0.4212000072002411
YLR260W,YOR332W,0,-4.350321,0.09065400063991547,0.41999998688697815,0.4212999939918518
YMR305C,YLR228C,0,-4.3504186,0.09063444286584854,0.41999998688697815,0.4214000105857849
YOR033C,YDR465C,0,-4.3505025,0.09061488509178162,0.41999998688697815,0.42149999737739563
YGR014W,YFL039C,0,-4.350586,0.09059534221887589,0.41999998688697815,0.42160001397132874
YOR250C,YDR515W,0,-4.350643,0.09057580679655075,0.41999998688697815,0.42170000076293945
YDR384C,YJR077C,1,-4.350728,0.09077188372612,0.42100000381469727,0.42170000076293945
YHR098C,YER042W,0,-4.350731,0.09075231850147247,0.42100000381469727,0.42179998755455017
YLR098C,YIR015W,0,-4.3507357,0.09073276072740555,0.42100000381469727,0.4219000041484833
YNL121C,YJR017C,0,-4.3508596,0.09071321040391922,0.42100000381469727,0.421999990940094
YOR334W,YNR013C,1,-4.3508625,0.09090909361839294,0.421999990940094,0.421999990940094
YLL061W,YDR277C,0,-4.3511133,0.09088951349258423,0.421999990940094,0.4221000075340271
YLR154C,YCR038C,0,-4.351163,0.09086994081735611,0.421999990940094,0.4221999943256378
YOL068C,YJR156C,0,-4.3512983,0.09085037559270859,0.421999990940094,0.4223000109195709
YKR090W,YNR032C-A,0,-4.3515887,0.09083082526922226,0.421999990940094,0.42239999771118164
YDR382W,YDR318W,0,-4.351629,0.09081127494573593,0.421999990940094,0.42250001430511475
YDR009W,YHR038W,0,-4.35168,0.0907917395234108,0.421999990940094,0.42260000109672546
YJR076C,YDR165W,0,-4.351982,0.09077221155166626,0.421999990940094,0.4226999878883362
YKL005C,YOL126C,0,-4.351986,0.09075269103050232,0.421999990940094,0.4228000044822693
YDR356W,YML031W,0,-4.352347,0.09073317795991898,0.421999990940094,0.42289999127388
YNL312W,YDL185W,0,-4.353001,0.09071367233991623,0.421999990940094,0.4230000078678131
YPL128C,YML034W,0,-4.353099,0.09069417417049408,0.421999990940094,0.42309999465942383
YPL227C,YKL134C,0,-4.3532686,0.09067469090223312,0.421999990940094,0.42320001125335693
YOL082W,YDR218C,0,-4.353271,0.09065520763397217,0.421999990940094,0.42329999804496765
YER126C,YOL020W,0,-4.353287,0.0906357392668724,0.421999990940094,0.42340001463890076
YPR133C,YNL148C,0,-4.35345,0.09061627835035324,0.421999990940094,0.4235000014305115
YDL149W,YNL310C,0,-4.3534594,0.09059682488441467,0.421999990940094,0.4235999882221222
YMR219W,YBR223C,0,-4.353761,0.0905773788690567,0.421999990940094,0.4237000048160553
YER143W,YPL195W,0,-4.3539276,0.09055794030427933,0.421999990940094,0.423799991607666
YDR091C,YGL106W,0,-4.354177,0.09053850919008255,0.421999990940094,0.4239000082015991
YOL130W,YBR296C,1,-4.354319,0.0907335877418518,0.4230000078678131,0.4239000082015991
YNL016W,YLR138W,0,-4.3545394,0.09071413427591324,0.4230000078678131,0.42399999499320984
YLR034C,YFL034C-B,0,-4.3547497,0.09069468080997467,0.4230000078678131,0.42410001158714294
YDR499W,YKR099W,0,-4.3550596,0.0906752422451973,0.4230000078678131,0.42419999837875366
YJR160C,YHR133C,0,-4.355338,0.09065581113100052,0.4230000078678131,0.4242999851703644
YKL006C-A,YLR316C,0,-4.3558416,0.09063638001680374,0.4230000078678131,0.4244000017642975
YNL197C,YLR381W,0,-4.3559117,0.09061696380376816,0.4230000078678131,0.4244999885559082
YML048W,YNL275W,0,-4.3561616,0.09059755504131317,0.4230000078678131,0.4246000051498413
YHR142W,YKR099W,0,-4.3564353,0.09057816118001938,0.4230000078678131,0.424699991941452
YOR031W,YNL094W,0,-4.3565617,0.09055876731872559,0.4230000078678131,0.42480000853538513
YGL032C,YML014W,0,-4.3565664,0.09053938090801239,0.4230000078678131,0.42489999532699585
YJR089W,YOR231W,0,-4.356971,0.09052000939846039,0.4230000078678131,0.42500001192092896
YOR212W,YGL086W,0,-4.3570266,0.09050064533948898,0.4230000078678131,0.4250999987125397
YFR027W,YMR068W,0,-4.3570747,0.09048128128051758,0.4230000078678131,0.4251999855041504
YOR269W,YKL192C,0,-4.3572335,0.09046193212270737,0.4230000078678131,0.4253000020980835
YLL006W,YFL004W,0,-4.3580403,0.09044259041547775,0.4230000078678131,0.4253999888896942
YER020W,YMR168C,0,-4.358132,0.09042325615882874,0.4230000078678131,0.4255000054836273
YNL244C,YOR081C,0,-4.3581343,0.09040392935276031,0.4230000078678131,0.42559999227523804
YLR107W,YDR153C,0,-4.3581634,0.09038461744785309,0.4230000078678131,0.42570000886917114
YKL084W,YJR092W,0,-4.358226,0.09036530554294586,0.4230000078678131,0.42579999566078186
YCL004W,YJR025C,0,-4.358326,0.09034600853919983,0.4230000078678131,0.42590001225471497
YPL268W,YEL004W,0,-4.3587036,0.0903267115354538,0.4230000078678131,0.4259999990463257
YBR170C,YGL075C,0,-4.359317,0.09030742943286896,0.4230000078678131,0.4260999858379364
YIL114C,YMR243C,1,-4.3593636,0.09050159901380539,0.42399999499320984,0.4260999858379364
YDR419W,YMR061W,0,-4.3594823,0.09048228710889816,0.42399999499320984,0.4262000024318695
YGL233W,YOL135C,0,-4.3595524,0.09046298265457153,0.42399999499320984,0.4262999892234802
YMR227C,YJR053W,0,-4.359862,0.0904436856508255,0.42399999499320984,0.42640000581741333
YCR037C,YJR121W,1,-4.3599753,0.09063766151666641,0.42500001192092896,0.42640000581741333
YCR098C,YDL128W,1,-4.3601227,0.09083155542612076,0.4259999990463257,0.42640000581741333
YOR156C,YKL085W,0,-4.360517,0.09081219136714935,0.4259999990463257,0.42649999260902405
YPL151C,YJL167W,0,-4.3606744,0.09079284220933914,0.4259999990463257,0.42660000920295715
YDR378C,YPR191W,0,-4.36094,0.09077349305152893,0.4259999990463257,0.42669999599456787
YLR015W,YPR200C,0,-4.3611107,0.09075415134429932,0.4259999990463257,0.426800012588501
YOL105C,YBR041W,0,-4.3613806,0.0907348245382309,0.4259999990463257,0.4268999993801117
YBL090W,YJL025W,0,-4.3613997,0.09071550518274307,0.4259999990463257,0.4269999861717224
YHR152W,YML014W,0,-4.3617077,0.09069618582725525,0.4259999990463257,0.4271000027656555
YDL130W-A,YPR020W,1,-4.3619614,0.09088973701000214,0.4269999861717224,0.4271000027656555
YJL138C,YKR025W,0,-4.361999,0.09087039530277252,0.4269999861717224,0.42719998955726624
YKR022C,YHR004C,0,-4.3620033,0.0908510610461235,0.4269999861717224,0.42730000615119934
YOR295W,YDL201W,0,-4.362378,0.09083173424005508,0.4269999861717224,0.42739999294281006
YOL165C,YGR030C,0,-4.362625,0.09081242233514786,0.4269999861717224,0.42750000953674316
YJL060W,YJL165C,0,-4.3627644,0.09079311043024063,0.4269999861717224,0.4275999963283539
YOR120W,YGL065C,0,-4.362811,0.090773805975914,0.4269999861717224,0.427700012922287
YOL111C,YLR196W,0,-4.3628297,0.09075451642274857,0.4269999861717224,0.4277999997138977
YPL268W,YCR020C,0,-4.363,0.09073523432016373,0.4269999861717224,0.4278999865055084
YDR108W,YGR145W,0,-4.3631706,0.09071595221757889,0.4269999861717224,0.42800000309944153
YLR117C,YMR016C,0,-4.3633018,0.09069668501615524,0.4269999861717224,0.42809998989105225
YOR083W,YAL042W,0,-4.363431,0.0906774252653122,0.4269999861717224,0.42820000648498535
YPR107C,YOR067C,0,-4.3635283,0.09065817296504974,0.4269999861717224,0.42829999327659607
YCR088W,YLR276C,0,-4.363763,0.09063892811536789,0.4269999861717224,0.4284000098705292
YBL022C,YLL024C,0,-4.363997,0.09061969071626663,0.4269999861717224,0.4284999966621399
YMR316W,YBR177C,0,-4.3641148,0.09060046821832657,0.4269999861717224,0.428600013256073
YGR008C,YGR217W,1,-4.3642073,0.09079337865114212,0.42800000309944153,0.428600013256073
YHR092C,YGR145W,0,-4.3642187,0.09077412635087967,0.42800000309944153,0.4287000000476837
YDR490C,YKL002W,0,-4.3643284,0.09075487405061722,0.42800000309944153,0.42879998683929443
YOR002W,YHR106W,0,-4.3647256,0.09073563665151596,0.42800000309944153,0.42890000343322754
YKL194C,YBR126C,0,-4.3647294,0.0907164067029953,0.42800000309944153,0.42899999022483826
YHR115C,YMR277W,0,-4.364747,0.09069718420505524,0.42800000309944153,0.42910000681877136
YDL087C,YGL244W,0,-4.3649664,0.09067796915769577,0.42800000309944153,0.4291999936103821
YGR278W,YDR300C,0,-4.364999,0.0906587615609169,0.42800000309944153,0.4293000102043152
YDR322C-A,YBR296C,1,-4.3650627,0.09085133671760559,0.42899999022483826,0.4293000102043152
YHR203C,YOL089C,0,-4.3652534,0.09083209931850433,0.42899999022483826,0.4293999969959259
YGL008C,YPL036W,1,-4.365635,0.09102455526590347,0.4300000071525574,0.4293999969959259
YDL004W,YCR037C,1,-4.3656616,0.09121692925691605,0.4309999942779541,0.4293999969959259
YPR067W,YPR201W,1,-4.3659267,0.09140922874212265,0.4320000112056732,0.4293999969959259
YLR034C,YHR166C,0,-4.3660116,0.09138988703489304,0.4320000112056732,0.429500013589859
YOR334W,YJL198W,1,-4.366046,0.09158206731081009,0.43299999833106995,0.429500013589859
YNL274C,YGL145W,0,-4.366113,0.09156269580125809,0.43299999833106995,0.4296000003814697
YOR284W,YMR190C,0,-4.366352,0.09154333919286728,0.43299999833106995,0.42969998717308044
YPL202C,YDR198C,0,-4.3664584,0.09152399003505707,0.43299999833106995,0.42980000376701355
YKL093W,YOR162C,0,-4.3665495,0.09150464832782745,0.43299999833106995,0.42989999055862427
YIL121W,YDR298C,1,-4.366583,0.091696597635746,0.4339999854564667,0.42989999055862427
YOL009C,YCL063W,0,-4.3668528,0.091677226126194,0.4339999854564667,0.4300000071525574
YOR257W,YJR009C,0,-4.3668947,0.09165786951780319,0.4339999854564667,0.4300999939441681
YMR070W,YBL078C,0,-4.3669376,0.09163851290941238,0.4339999854564667,0.4302000105381012
YOR027W,YHR154W,0,-4.3672166,0.09161917120218277,0.4339999854564667,0.4302999973297119
YNL245C,YDR318W,0,-4.3673964,0.09159982949495316,0.4339999854564667,0.430400013923645
YAL032C,YPR024W,0,-4.367572,0.09158050268888474,0.4339999854564667,0.43050000071525574
YHR191C,YLR372W,0,-4.3677983,0.09156118333339691,0.4339999854564667,0.43059998750686646
YEL031W,YHR194W,0,-4.368025,0.09154187142848969,0.4339999854564667,0.43070000410079956
YDL036C,YDL033C,0,-4.3681917,0.09152256697416306,0.4339999854564667,0.4307999908924103
YLR195C,YMR268C,0,-4.3683157,0.09150326997041702,0.4339999854564667,0.4309000074863434
YEL051W,YCL039W,0,-4.3684783,0.09148398041725159,0.4339999854564667,0.4309999942779541
YDR385W,YBR244W,0,-4.368659,0.09146469831466675,0.4339999854564667,0.4311000108718872
YOR187W,YIR013C,0,-4.369199,0.0914454311132431,0.4339999854564667,0.4311999976634979
YJR137C,YOR377W,0,-4.3694124,0.09142616391181946,0.4339999854564667,0.43130001425743103
YKL143W,YKL134C,0,-4.3694143,0.091406911611557,0.4339999854564667,0.43140000104904175
YMR238W,YKL062W,0,-4.3694277,0.09138765931129456,0.4339999854564667,0.43149998784065247
YDR296W,YLR221C,0,-4.369704,0.0913684219121933,0.4339999854564667,0.43160000443458557
YDR323C,YML099C,0,-4.3697057,0.09134919196367264,0.4339999854564667,0.4316999912261963
YGL093W,YMR021C,0,-4.3697486,0.09132996946573257,0.4339999854564667,0.4318000078201294
YOR334W,YLR130C,1,-4.3701735,0.09152114391326904,0.4350000023841858,0.4318000078201294
YIL129C,YML115C,0,-4.3702846,0.09150189161300659,0.4350000023841858,0.4318999946117401
YDR140W,YNL250W,0,-4.370365,0.09148264676332474,0.4350000023841858,0.4320000112056732
YGR029W,YOR179C,0,-4.370412,0.09146341681480408,0.4350000023841858,0.43209999799728394
YPL265W,YOL088C,0,-4.3704658,0.09144418686628342,0.4350000023841858,0.43220001459121704
YMR070W,YOR145C,0,-4.370656,0.09142497181892395,0.4350000023841858,0.43230000138282776
YLR459W,YIL118W,0,-4.3707027,0.09140575677156448,0.4350000023841858,0.4323999881744385
YPL212C,YOR156C,0,-4.370867,0.09138655662536621,0.4350000023841858,0.4325000047683716
YBL064C,YHR020W,0,-4.3711605,0.09136735647916794,0.4350000023841858,0.4325999915599823
YLL061W,YOR332W,0,-4.3712506,0.09134817123413086,0.4350000023841858,0.4327000081539154
YMR133W,YOR361C,0,-4.371302,0.09132899343967438,0.4350000023841858,0.4327999949455261
YGL144C,YLR229C,0,-4.3717637,0.09130982309579849,0.4350000023841858,0.43290001153945923
YIL121W,YNL259C,1,-4.3720517,0.09150052815675735,0.4359999895095825,0.43290001153945923
YBR173C,YBR167C,0,-4.3722,0.09148132801055908,0.4359999895095825,0.43299999833106995
YFR013W,YER154W,0,-4.372711,0.0914621353149414,0.4359999895095825,0.43309998512268066
YKL220C,YGR217W,1,-4.3727913,0.09165268391370773,0.43700000643730164,0.43309998512268066
YEL066W,YLR200W,0,-4.3728843,0.09163346886634827,0.43700000643730164,0.43320000171661377
YBR037C,YGR008C,1,-4.3728857,0.09182389825582504,0.43799999356269836,0.43320000171661377
YNL323W,YHR084W,0,-4.373126,0.09180465340614319,0.43799999356269836,0.4332999885082245
YER008C,YGL238W,0,-4.373145,0.09178541600704193,0.43799999356269836,0.4334000051021576
YJL052W,YPL138C,0,-4.373267,0.09176618605852127,0.43799999356269836,0.4334999918937683
YPL124W,YGR192C,0,-4.3735514,0.09174696356058121,0.43799999356269836,0.4336000084877014
YLR381W,YOR132W,0,-4.3737955,0.09172774851322174,0.43799999356269836,0.43369999527931213
YKL201C,YNL031C,0,-4.373914,0.09170854091644287,0.43799999356269836,0.43380001187324524
YDR227W,YIR023W,0,-4.3739676,0.0916893482208252,0.43799999356269836,0.43389999866485596
YDR138W,YLR298C,0,-4.3741655,0.09167015552520752,0.43799999356269836,0.4339999854564667
YGL130W,YOL086C,0,-4.374823,0.09165097028017044,0.43799999356269836,0.4341000020503998
YML121W,YLR411W,1,-4.374832,0.09184100478887558,0.4390000104904175,0.4341000020503998
YCR098C,YJL133W,1,-4.375309,0.09203095734119415,0.4399999976158142,0.4341000020503998
YGL236C,YBR080C,0,-4.3757987,0.0920117124915123,0.4399999976158142,0.4341999888420105
YGR097W,YLR361C,0,-4.3762856,0.09199247509241104,0.4399999976158142,0.4343000054359436
YJR108W,YOL071W,0,-4.376335,0.09197324514389038,0.4399999976158142,0.4343999922275543
YKR095W,YLR107W,0,-4.376574,0.09195402264595032,0.4399999976158142,0.4345000088214874
YNR048W,YBR213W,0,-4.3768163,0.09193480759859085,0.4399999976158142,0.43459999561309814
YBR106W,YLR092W,1,-4.376899,0.09212450683116913,0.4410000145435333,0.43459999561309814
YCL039W,YGL126W,0,-4.3770685,0.09210526198148727,0.4410000145435333,0.43470001220703125
YEL022W,YGR213C,0,-4.377148,0.09208603203296661,0.4410000145435333,0.43479999899864197
YBR289W,YMR109W,0,-4.3773317,0.09206680953502655,0.4410000145435333,0.4348999857902527
YBL106C,YMR273C,0,-4.3774567,0.09204758703708649,0.4410000145435333,0.4350000023841858
YNL221C,YKL040C,0,-4.3778505,0.09202837944030762,0.4410000145435333,0.4350999891757965
YIR013C,YJL167W,0,-4.3779373,0.09200917929410934,0.4410000145435333,0.4352000057697296
YLR355C,YNR030W,0,-4.3785496,0.09198998659849167,0.4410000145435333,0.43529999256134033
YDR039C,YNL291C,1,-4.3786106,0.09217935055494308,0.44200000166893005,0.43529999256134033
YLR136C,YJL179W,0,-4.378674,0.09216013550758362,0.44200000166893005,0.43540000915527344
YHR060W,YGR227W,0,-4.3787436,0.09214092046022415,0.44200000166893005,0.43549999594688416
YGL180W,YBR183W,0,-4.3787956,0.09212172031402588,0.44200000166893005,0.43560001254081726
YJL133W,YEL027W,1,-4.3789635,0.09231089800596237,0.4429999887943268,0.43560001254081726
YPL209C,YOR241W,0,-4.3790045,0.09229166805744171,0.4429999887943268,0.435699999332428
YNL241C,YBR185C,0,-4.3790417,0.09227244555950165,0.4429999887943268,0.4357999861240387
YHR191C,YLL060C,0,-4.379616,0.09225323051214218,0.4429999887943268,0.4359000027179718
YMR076C,YAR002C-A,0,-4.3796296,0.09223402291536331,0.4429999887943268,0.4359999895095825
YGL229C,YBR126C,0,-4.37965,0.09221482276916504,0.4429999887943268,0.4361000061035156
YOL040C,YPL043W,0,-4.379709,0.09219563007354736,0.4429999887943268,0.43619999289512634
YOR008C,YJL098W,0,-4.3803067,0.09217644482851028,0.4429999887943268,0.43630000948905945
YHR065C,YER159C,0,-4.381058,0.0921572670340538,0.4429999887943268,0.43639999628067017
YNL331C,YLR133W,0,-4.381068,0.09213810414075851,0.4429999887943268,0.43650001287460327
YDR040C,YFL041W,1,-4.3813334,0.09232688695192337,0.4440000057220459,0.43650001287460327
YNL012W,YNL197C,0,-4.3815613,0.0923076942563057,0.4440000057220459,0.436599999666214
YJL133W,YOR316C,1,-4.3819666,0.0924963653087616,0.4449999928474426,0.436599999666214
YDR201W,YNL268W,0,-4.3822355,0.09247714281082153,0.4449999928474426,0.4366999864578247
YER036C,YPL083C,0,-4.3823695,0.09245792776346207,0.4449999928474426,0.4368000030517578
YNL182C,YNL064C,0,-4.3825374,0.0924387201666832,0.4449999928474426,0.43689998984336853
YJL008C,YLL034C,0,-4.382659,0.09241952002048492,0.4449999928474426,0.43700000643730164
YGR200C,YLR066W,0,-4.3828974,0.09240033477544785,0.4449999928474426,0.43709999322891235
YPL195W,YLR221C,0,-4.383017,0.09238114953041077,0.4449999928474426,0.43720000982284546
YMR219W,YOL054W,0,-4.3831444,0.09236197918653488,0.4449999928474426,0.4372999966144562
YPL106C,YLR319C,0,-4.3837028,0.092342808842659,0.4449999928474426,0.4374000132083893
YDR160W,YBR092C,0,-4.3838353,0.0923236533999443,0.4449999928474426,0.4375
YDL004W,YFL041W,1,-4.383892,0.09251192957162857,0.44600000977516174,0.4375
YPR007C,YPR021C,0,-4.384223,0.09249274432659149,0.44600000977516174,0.4375999867916107
YNR011C,YGR056W,0,-4.3842506,0.09247356653213501,0.44600000977516174,0.4377000033855438
YHR160C,YPR019W,0,-4.384354,0.09245439618825912,0.44600000977516174,0.43779999017715454
YJL176C,YCR073W-A,0,-4.3848343,0.09243523329496384,0.44600000977516174,0.43790000677108765
YCR063W,YOR224C,0,-4.3849287,0.09241607785224915,0.44600000977516174,0.43799999356269836
YGR257C,YJR077C,1,-4.384958,0.09260410070419312,0.44699999690055847,0.43799999356269836
YGL249W,YPL160W,0,-4.3851843,0.09258492290973663,0.44699999690055847,0.43810001015663147
YOR191W,YBR244W,0,-4.385296,0.09256574511528015,0.44699999690055847,0.4381999969482422
YLR092W,YPR020W,1,-4.385492,0.09275362640619278,0.4480000138282776,0.4381999969482422
YJL116C,YDL192W,0,-4.385593,0.0927344262599945,0.4480000138282776,0.4383000135421753
YKL084W,YOR367W,0,-4.385751,0.09271523356437683,0.4480000138282776,0.438400000333786
YGL243W,YBR030W,0,-4.3858337,0.09269604831933975,0.4480000138282776,0.43849998712539673
YLR153C,YLR274W,0,-4.386163,0.09267687052488327,0.4480000138282776,0.43860000371932983
YGL090W,YGL207W,0,-4.3863754,0.09265770763158798,0.4480000138282776,0.43869999051094055
YGL038C,YAL007C,0,-4.3863993,0.0926385447382927,0.4480000138282776,0.43880000710487366
YHL038C,YPR125W,0,-4.386419,0.092619389295578,0.4480000138282776,0.4388999938964844
YER174C,YOR347C,0,-4.3868246,0.0926002487540245,0.4480000138282776,0.4390000104904175
YPL055C,YML061C,0,-4.3868275,0.09258110821247101,0.4480000138282776,0.4390999972820282
YDR091C,YNL325C,0,-4.3868856,0.0925619825720787,0.4480000138282776,0.4392000138759613
YOL133W,YDR359C,0,-4.387197,0.092542864382267,0.4480000138282776,0.439300000667572
YLR397C,YLR433C,0,-4.3873005,0.09252375364303589,0.4480000138282776,0.43939998745918274
YDR225W,YKR079C,0,-4.387311,0.09250464290380478,0.4480000138282776,0.43950000405311584
YBR211C,YKL084W,0,-4.387581,0.09248554706573486,0.4480000138282776,0.43959999084472656
YER073W,YIR012W,0,-4.387581,0.09246645867824554,0.4480000138282776,0.43970000743865967
YGR113W,YHR092C,0,-4.3880005,0.09244737774133682,0.4480000138282776,0.4397999942302704
YMR200W,YOL117W,0,-4.3880486,0.0924283042550087,0.4480000138282776,0.4399000108242035
YOL077W-A,YLR130C,1,-4.3882647,0.0926155149936676,0.4490000009536743,0.4399000108242035
YNL016W,YPR133C,0,-4.38844,0.09259641170501709,0.4490000009536743,0.4399999976158142
YNL012W,YNL304W,0,-4.3891945,0.09257731586694717,0.4490000009536743,0.4401000142097473
YPL094C,YDR314C,0,-4.3894863,0.09255823493003845,0.4490000009536743,0.44020000100135803
YER119C,YDR325W,0,-4.3895025,0.09253916144371033,0.4490000009536743,0.44029998779296875
YOR156C,YFR014C,0,-4.3895783,0.0925200879573822,0.4490000009536743,0.44040000438690186
YPL210C,YBL051C,0,-4.3896046,0.09250102937221527,0.4490000009536743,0.4404999911785126
YHR203C,YLR009W,0,-4.3896904,0.09248197823762894,0.4490000009536743,0.4406000077724457
YCR024C-A,YOL077W-A,1,-4.3899155,0.09266886115074158,0.44999998807907104,0.4406000077724457
YMR049C,YDR167W,0,-4.389944,0.09264978021383286,0.44999998807907104,0.4406999945640564
YJL072C,YHL006C,0,-4.3899946,0.09263071417808533,0.44999998807907104,0.4408000111579895
YLR222C,YER167W,0,-4.39014,0.0926116481423378,0.44999998807907104,0.4408999979496002
YBL023C,YML113W,0,-4.390896,0.09259258955717087,0.44999998807907104,0.4410000145435333
YDR108W,YDR013W,0,-4.3908973,0.09257354587316513,0.44999998807907104,0.44110000133514404
YLR228C,YDR013W,0,-4.390911,0.0925545021891594,0.44999998807907104,0.44119998812675476
YFR001W,YDL209C,0,-4.3909435,0.09253547340631485,0.44999998807907104,0.44130000472068787
YPL204W,YHR154W,0,-4.390955,0.0925164446234703,0.44999998807907104,0.4413999915122986
YGR083C,YCL026C-A,0,-4.3911214,0.09249743074178696,0.44999998807907104,0.4415000081062317
YPR052C,YLR238W,0,-4.3911324,0.0924784243106842,0.44999998807907104,0.4415999948978424
YDR147W,YER174C,0,-4.3913426,0.09245941787958145,0.44999998807907104,0.4417000114917755
YLL043W,YKL014C,0,-4.3914046,0.09244042634963989,0.44999998807907104,0.44179999828338623
YBR260C,YLR449W,0,-4.391461,0.09242144227027893,0.44999998807907104,0.44190001487731934
YJL002C,YBL098W,0,-4.391508,0.09240246564149857,0.44999998807907104,0.44200000166893005
YPL022W,YGR103W,0,-4.391525,0.0923834964632988,0.44999998807907104,0.44209998846054077
YGR075C,YDR309C,0,-4.391688,0.09236453473567963,0.44999998807907104,0.4422000050544739
YMR277W,YAL001C,0,-4.391885,0.09234558045864105,0.44999998807907104,0.4422999918460846
YDL102W,YOR153W,0,-4.391894,0.09232663363218307,0.44999998807907104,0.4424000084400177
YML105C,YDR495C,0,-4.3919616,0.0923076942563057,0.44999998807907104,0.4424999952316284
YDL227C,YPL140C,0,-4.392123,0.09228876233100891,0.44999998807907104,0.4426000118255615
YGR112W,YFR047C,0,-4.3922834,0.09226983785629272,0.44999998807907104,0.44269999861717224
YNL121C,YHR036W,0,-4.3923874,0.09225092083215714,0.44999998807907104,0.44279998540878296
YDR363W,YPL001W,0,-4.392397,0.09223201125860214,0.44999998807907104,0.44290000200271606
YIL121W,YNL291C,1,-4.392433,0.09241802990436554,0.45100000500679016,0.44290000200271606
YPL161C,YOR014W,0,-4.3926926,0.09239909797906876,0.45100000500679016,0.4429999887943268
YLR313C,YCL035C,0,-4.3927007,0.09238017350435257,0.45100000500679016,0.4431000053882599
YLR114C,YHR066W,0,-4.3927865,0.09236125648021698,0.45100000500679016,0.4431999921798706
YKL051W,YNL182C,0,-4.3929453,0.09234233945608139,0.45100000500679016,0.4433000087738037
YDR494W,YGR161C,0,-4.3932,0.092323437333107,0.45100000500679016,0.44339999556541443
YJL154C,YCR028C-A,0,-4.3932295,0.0923045426607132,0.45100000500679016,0.44350001215934753
YPR049C,YKL152C,0,-4.3934093,0.0922856554389,0.45100000500679016,0.44359999895095825
YGL116W,YMR188C,0,-4.3934717,0.09226677566766739,0.45100000500679016,0.44369998574256897
YOR079C,YJR139C,0,-4.393677,0.09224790334701538,0.45100000500679016,0.4438000023365021
YHR203C,YOL129W,0,-4.3936954,0.09222903847694397,0.45100000500679016,0.4438999891281128
YJR083C,YBR155W,0,-4.3939295,0.09221018105745316,0.45100000500679016,0.4440000057220459
YGL065C,YER165W,0,-4.394578,0.09219133108854294,0.45100000500679016,0.4440999925136566
YAR014C,YMR137C,0,-4.3945823,0.09217248857021332,0.45100000500679016,0.4442000091075897
YBR098W,YPR131C,0,-4.3946257,0.09215366095304489,0.45100000500679016,0.44429999589920044
YAL051W,YHR106W,0,-4.395028,0.09213483333587646,0.45100000500679016,0.44440001249313354
YPL010W,YLR329W,0,-4.395285,0.09211601316928864,0.45100000500679016,0.44449999928474426
YPR065W,YLR144C,0,-4.3953543,0.0920972004532814,0.45100000500679016,0.444599986076355
YLR222C,YOR172W,0,-4.3954287,0.09207840263843536,0.45100000500679016,0.4447000026702881
YLR357W,YDL120W,0,-4.3954496,0.09205960482358932,0.45100000500679016,0.4447999894618988
YIR037W,YGR224W,0,-4.395499,0.09204081445932388,0.45100000500679016,0.4449000060558319
YLR115W,YFL011W,0,-4.3956385,0.09202203899621964,0.45100000500679016,0.4449999928474426
YOR089C,YER177W,0,-4.3956547,0.09200326353311539,0.45100000500679016,0.44510000944137573
YPL123C,YGL172W,0,-4.3956885,0.09198450297117233,0.45100000500679016,0.44519999623298645
YIL114C,YPL036W,1,-4.395721,0.09216965734958649,0.4519999921321869,0.44519999623298645
YNL118C,YCL069W,0,-4.3957634,0.09215086698532104,0.4519999921321869,0.44530001282691956
YJL173C,YER040W,0,-4.395858,0.0921320840716362,0.4519999921321869,0.4453999996185303
YFL009W,YOR231W,0,-4.3959007,0.09211330860853195,0.4519999921321869,0.445499986410141
YCL011C,YDL243C,0,-4.3959875,0.0920945405960083,0.4519999921321869,0.4456000030040741
YMR035W,YDR175C,0,-4.3961186,0.09207578003406525,0.4519999921321869,0.4456999897956848
YGL028C,YDR201W,0,-4.3961687,0.09205702692270279,0.4519999921321869,0.4458000063896179
YLR262C,YPL008W,0,-4.396181,0.09203828126192093,0.4519999921321869,0.44589999318122864
YMR076C,YKL129C,0,-4.396332,0.09201954305171967,0.4519999921321869,0.44600000977516174
YBR188C,YDR524C,0,-4.3964663,0.092000812292099,0.4519999921321869,0.44609999656677246
YJL039C,YOL011W,0,-4.3965855,0.09198208898305893,0.4519999921321869,0.44620001316070557
YNL311C,YBR211C,0,-4.3969235,0.09196338057518005,0.4519999921321869,0.4462999999523163
YPR199C,YPR094W,0,-4.3969755,0.09194467216730118,0.4519999921321869,0.446399986743927
YBL074C,YPL110C,0,-4.397013,0.0919259712100029,0.4519999921321869,0.4465000033378601
YDL137W,YJR158W,0,-4.3970747,0.09190727770328522,0.4519999921321869,0.4465999901294708
YHR129C,YOR209C,0,-4.397139,0.09188859164714813,0.4519999921321869,0.44670000672340393
YJL069C,YIR023W,0,-4.397144,0.09186992049217224,0.4519999921321869,0.44679999351501465
YAR042W,YLR382C,0,-4.3973913,0.09185124933719635,0.4519999921321869,0.44690001010894775
YDL128W,YEL065W,1,-4.3974457,0.09203575551509857,0.453000009059906,0.44690001010894775
YDR207C,YLR096W,0,-4.397762,0.09201706200838089,0.453000009059906,0.44699999690055847
YGL126W,YMR150C,0,-4.3977633,0.0919983759522438,0.453000009059906,0.4471000134944916
YDR208W,YGL194C,0,-4.398367,0.09197969734668732,0.453000009059906,0.4472000002861023
YJR121W,YOL077W-A,1,-4.398881,0.09216402471065521,0.45399999618530273,0.4472000002861023
YIR028W,YNL126W,0,-4.399,0.09214532375335693,0.45399999618530273,0.447299987077713
YCL010C,YHR154W,0,-4.399178,0.09212662279605865,0.45399999618530273,0.4474000036716461
YNL229C,YNR056C,0,-4.399198,0.09210792928934097,0.45399999618530273,0.44749999046325684
YGR141W,YGL014W,0,-4.399295,0.09208925068378448,0.45399999618530273,0.44760000705718994
YOR028C,YDR447C,0,-4.3993196,0.092070572078228,0.45399999618530273,0.44769999384880066
YJL143W,YOR100C,0,-4.3993387,0.0920519083738327,0.45399999618530273,0.44780001044273376
YPL118W,YPL042C,0,-4.3994427,0.09203324466943741,0.45399999618530273,0.4478999972343445
YNL259C,YDR298C,1,-4.399637,0.09221726655960083,0.45500001311302185,0.4478999972343445
YIL031W,YGL136C,0,-4.399681,0.09219858050346375,0.45500001311302185,0.4480000138282776
YMR083W,YJL087C,0,-4.3997145,0.09217990189790726,0.45500001311302185,0.4481000006198883
YMR054W,YGL206C,0,-4.40012,0.09216123074293137,0.45500001311302185,0.448199987411499
YDL188C,YNL329C,0,-4.400165,0.09214256703853607,0.45500001311302185,0.44830000400543213
YPL256C,YLR134W,0,-4.4002028,0.09212391078472137,0.45500001311302185,0.44839999079704285
YDL145C,YPL126W,0,-4.4003935,0.09210526198148727,0.45500001311302185,0.44850000739097595
YDL130W-A,YDR322C-A,1,-4.40059,0.09228900820016861,0.4560000002384186,0.44850000739097595
YIL008W,YFL008W,0,-4.4007945,0.09227033704519272,0.4560000002384186,0.44859999418258667
YGL092W,YNL330C,0,-4.401216,0.09225166589021683,0.4560000002384186,0.4487000107765198
YFL002C,YMR137C,0,-4.4013467,0.09223300963640213,0.4560000002384186,0.4487999975681305
YGL033W,YGR202C,0,-4.4014072,0.09221436083316803,0.4560000002384186,0.4489000141620636
YKL179C,YER162C,0,-4.4014792,0.09219571202993393,0.4560000002384186,0.4490000009536743
YJL104W,YML052W,0,-4.4014807,0.09217707812786102,0.4560000002384186,0.44909998774528503
YMR054W,YBR161W,0,-4.4020915,0.09215844422578812,0.4560000002384186,0.44920000433921814
YBR023C,YLR196W,0,-4.402386,0.0921398252248764,0.4560000002384186,0.44929999113082886
YLR277C,YOR100C,0,-4.402487,0.09212121367454529,0.4560000002384186,0.44940000772476196
YDR323C,YFR021W,0,-4.4026985,0.09210260212421417,0.4560000002384186,0.4494999945163727
YOL020W,YNL331C,0,-4.4027143,0.09208400547504425,0.4560000002384186,0.4496000111103058
YFR002W,YDL105W,0,-4.4027176,0.09206541627645493,0.4560000002384186,0.4496999979019165
YIL147C,YBR198C,0,-4.4028497,0.0920468345284462,0.4560000002384186,0.4498000144958496
YGL158W,YGR183C,0,-4.4028835,0.09202825278043747,0.4560000002384186,0.4499000012874603
YOR191W,YER119C,0,-4.4029064,0.09200968593358994,0.4560000002384186,0.44999998807907104
YMR029C,YPL140C,0,-4.4031525,0.091991126537323,0.4560000002384186,0.45010000467300415
YDR121W,YCL026C-A,0,-4.4034305,0.09197256714105606,0.4560000002384186,0.45019999146461487
YHR030C,YAL015C,0,-4.403487,0.09195402264595032,0.4560000002384186,0.450300008058548
YIL049W,YJR035W,0,-4.4036264,0.09193548560142517,0.4560000002384186,0.4503999948501587
YPR200C,YDL175C,0,-4.403756,0.09191694855690002,0.4560000002384186,0.4505000114440918
YOL130W,YOL077W-A,1,-4.4042125,0.09209995716810226,0.4569999873638153,0.4505000114440918
YGR095C,YNL222W,0,-4.4043007,0.09208140522241592,0.4569999873638153,0.4505999982357025
YNL015W,YER042W,0,-4.404328,0.09206285327672958,0.4569999873638153,0.4507000148296356
YMR055C,YBL058W,0,-4.404455,0.09204430878162384,0.4569999873638153,0.45080000162124634
YGL255W,YGR217W,1,-4.4044623,0.09222714602947235,0.4580000042915344,0.45080000162124634
YNL182C,YBR119W,0,-4.404467,0.09220857918262482,0.4580000042915344,0.45089998841285706
YBL003C,YDR272W,0,-4.404472,0.09219001978635788,0.4580000042915344,0.45100000500679016
YNL012W,YOL042W,0,-4.4045057,0.09217146039009094,0.4580000042915344,0.4510999917984009
YDL223C,YMR030W,0,-4.4047184,0.0921529158949852,0.4580000042915344,0.451200008392334
YPL195W,YJL010C,0,-4.40477,0.09213437885046005,0.4580000042915344,0.4512999951839447
YIL110W,YHL034C,0,-4.404846,0.0921158492565155,0.4580000042915344,0.4514000117778778
YGL011C,YIL021W,0,-4.4049087,0.09209732711315155,0.4580000042915344,0.4514999985694885
YFR052W,YOR288C,0,-4.404973,0.0920788124203682,0.4580000042915344,0.45159998536109924
YIL124W,YPR080W,0,-4.405013,0.09206030517816544,0.4580000042915344,0.45170000195503235
YEL036C,YKR020W,0,-4.4051127,0.09204179793596268,0.4580000042915344,0.45179998874664307
YHR143W-A,YGR284C,0,-4.4051795,0.09202330559492111,0.4580000042915344,0.45190000534057617
YBR296C,YDR298C,1,-4.4051857,0.0922057032585144,0.45899999141693115,0.45190000534057617
YBL023C,YER111C,0,-4.4053235,0.09218718856573105,0.45899999141693115,0.4519999921321869
YGL054C,YGL126W,0,-4.4053583,0.09216867387294769,0.45899999141693115,0.45210000872612
YGR092W,YGL233W,0,-4.405615,0.09215017408132553,0.45899999141693115,0.4521999955177307
YML093W,YGL051W,0,-4.4062696,0.09213167428970337,0.45899999141693115,0.4523000121116638
YAR031W,YHR194W,0,-4.406311,0.0921131819486618,0.45899999141693115,0.45239999890327454
YDR461W,YJR108W,0,-4.406517,0.09209470450878143,0.45899999141693115,0.45249998569488525
YPR081C,YIL122W,0,-4.406869,0.09207622706890106,0.45899999141693115,0.45260000228881836
YGR289C,YLR129W,0,-4.4071116,0.09205776453018188,0.45899999141693115,0.4526999890804291
YER005W,YKL053C-A,0,-4.4072604,0.09203930199146271,0.45899999141693115,0.4528000056743622
YGL144C,YDL111C,0,-4.4073095,0.09202084690332413,0.45899999141693115,0.4528999924659729
YGL255W,YBR024W,1,-4.4075966,0.09220284968614578,0.46000000834465027,0.4528999924659729
YOL016C,YFL017W-A,0,-4.407955,0.09218437224626541,0.46000000834465027,0.453000009059906
YBR294W,YPL078C,1,-4.4080048,0.09236625581979752,0.460999995470047,0.453000009059906
YGR195W,YDL192W,0,-4.408017,0.09234775602817535,0.460999995470047,0.4530999958515167
YLR350W,YOL031C,0,-4.408127,0.09232926368713379,0.460999995470047,0.45320001244544983
YKL148C,YPL026C,0,-4.4081736,0.09231077134609222,0.460999995470047,0.45329999923706055
YJL059W,YEL041W,0,-4.4084053,0.09229229390621185,0.460999995470047,0.45339998602867126
YCR018C,YDR141C,0,-4.4084415,0.09227381646633148,0.460999995470047,0.45350000262260437
YNL075W,YER103W,0,-4.408532,0.0922553539276123,0.460999995470047,0.4535999894142151
YDL006W,YLR291C,0,-4.4087257,0.09223689138889313,0.460999995470047,0.4537000060081482
YPL232W,YLR165C,0,-4.4093637,0.09221844375133514,0.460999995470047,0.4537999927997589
YDR425W,YGL075C,0,-4.40981,0.09220000356435776,0.460999995470047,0.453900009393692
YOL069W,YER104W,0,-4.4098244,0.09218156337738037,0.460999995470047,0.45399999618530273
YAR031W,YER126C,0,-4.4100904,0.09216313809156418,0.460999995470047,0.45410001277923584
YGR220C,YJL093C,0,-4.4100933,0.09214471280574799,0.460999995470047,0.45419999957084656
YDR276C,YDR040C,1,-4.410223,0.09232614189386368,0.4620000123977661,0.45419999957084656
YDL153C,YKL134C,0,-4.4103546,0.0923076942563057,0.4620000123977661,0.4542999863624573
YOR098C,YBR095C,0,-4.410437,0.09228925406932831,0.4620000123977661,0.4544000029563904
YDR078C,YPL153C,0,-4.4105196,0.09227082133293152,0.4620000123977661,0.4544999897480011
YDR341C,YOL033W,0,-4.4105997,0.09225239604711533,0.4620000123977661,0.4546000063419342
YAL012W,YOR239W,0,-4.4106407,0.09223397821187973,0.4620000123977661,0.4546999931335449
YAL012W,YJL201W,0,-4.4107833,0.09221556782722473,0.4620000123977661,0.454800009727478
YOR003W,YBR185C,0,-4.410796,0.09219716489315033,0.4620000123977661,0.45489999651908875
YJL127C,YOL071W,0,-4.4109254,0.09217876940965652,0.4620000123977661,0.45500001311302185
YNL003C,YPR101W,0,-4.4110103,0.09216038137674332,0.4620000123977661,0.45509999990463257
YMR060C,YNL009W,0,-4.4113913,0.0921420007944107,0.4620000123977661,0.4551999866962433
YPR178W,YGL075C,0,-4.411486,0.09212362766265869,0.4620000123977661,0.4553000032901764
YNL037C,YDR243C,0,-4.411686,0.09210526198148727,0.4620000123977661,0.4553999900817871
YLR262C,YBR070C,0,-4.411997,0.09208690375089645,0.4620000123977661,0.4555000066757202
YPR155C,YJL106W,0,-4.4120145,0.09206855297088623,0.4620000123977661,0.45559999346733093
YLR266C,YDR194C,0,-4.412878,0.0920502096414566,0.4620000123977661,0.45570001006126404
YLR139C,YKL203C,0,-4.4130416,0.09203187376260757,0.4620000123977661,0.45579999685287476
YKR037C,YOR074C,0,-4.4130526,0.09201354533433914,0.4620000123977661,0.45590001344680786
YEL017C-A,YOR381W,1,-4.4132767,0.09219434857368469,0.46299999952316284,0.45590001344680786
YJR013W,YNL186W,0,-4.41339,0.09217599034309387,0.46299999952316284,0.4560000002384186
YAL043C,YBR217W,0,-4.413703,0.09215764701366425,0.46299999952316284,0.4560999870300293
YGL249W,YLR075W,0,-4.4137053,0.09213930368423462,0.46299999952316284,0.4562000036239624
YJR043C,YOR210W,0,-4.413943,0.09212096780538559,0.46299999952316284,0.4562999904155731
YOL112W,YIL002C,0,-4.4141674,0.09210264682769775,0.46299999952316284,0.4564000070095062
YOL043C,YPR103W,0,-4.41422,0.09208432585000992,0.46299999952316284,0.45649999380111694
YJL026W,YBR091C,0,-4.4142475,0.09206601977348328,0.46299999952316284,0.45660001039505005
YDR192C,YMR197C,0,-4.4143133,0.09204771369695663,0.46299999952316284,0.45669999718666077
YJL026W,YGL150C,0,-4.4145436,0.09202941507101059,0.46299999952316284,0.45680001378059387
YHR154W,YBR112C,0,-4.4147973,0.09201113134622574,0.46299999952316284,0.4569000005722046
YER032W,YER123W,0,-4.4150605,0.09199284762144089,0.46299999952316284,0.4569999873638153
YDR283C,YBR210W,0,-4.415162,0.09197457134723663,0.46299999952316284,0.4571000039577484
YPL098C,YPL011C,0,-4.4151907,0.09195630252361298,0.46299999952316284,0.45719999074935913
YJL029C,YPL147W,0,-4.4152775,0.09193804860115051,0.46299999952316284,0.45730000734329224
YBR188C,YNL129W,0,-4.415391,0.09191979467868805,0.46299999952316284,0.45739999413490295
YDR322C-A,YDR384C,1,-4.415445,0.09210003912448883,0.46399998664855957,0.45739999413490295
YIL068C,YDR296W,0,-4.4163914,0.09208176285028458,0.46399998664855957,0.45750001072883606
YBL023C,YGR281W,0,-4.4163923,0.09206349402666092,0.46399998664855957,0.4575999975204468
YLR210W,YDR227W,0,-4.4166274,0.09204523265361786,0.46399998664855957,0.4577000141143799
YGL112C,YCR020C,0,-4.4166617,0.0920269712805748,0.46399998664855957,0.4578000009059906
YGR244C,YPL144W,0,-4.417083,0.09200872480869293,0.46399998664855957,0.4578999876976013
YKL040C,YDR198C,0,-4.417317,0.09199048578739166,0.46399998664855957,0.4580000042915344
YGR285C,YBR153W,0,-4.417386,0.0919722467660904,0.46399998664855957,0.45809999108314514
YNL251C,YDL231C,0,-4.417403,0.09195402264595032,0.46399998664855957,0.45820000767707825
YDL069C,YOR023C,0,-4.41745,0.09193580597639084,0.46399998664855957,0.45829999446868896
YDR385W,YIL138C,0,-4.4180984,0.09191758930683136,0.46399998664855957,0.45840001106262207
YER072W,YPR181C,0,-4.4183397,0.09189938753843307,0.46399998664855957,0.4584999978542328
YPR111W,YBL007C,0,-4.4186454,0.09188118577003479,0.46399998664855957,0.4586000144481659
YLR369W,YJL204C,0,-4.4188175,0.0918629989027977,0.46399998664855957,0.4587000012397766
YDR205W,YER172C,0,-4.41882,0.09184481203556061,0.46399998664855957,0.45879998803138733
YER145C,YCR098C,1,-4.418846,0.0920245423913002,0.4650000035762787,0.45879998803138733
YDL102W,YPL147W,0,-4.4189167,0.09200633317232132,0.4650000035762787,0.45890000462532043
YGR163W,YBR114W,0,-4.418992,0.09198813140392303,0.4650000035762787,0.45899999141693115
YBR171W,YDR228C,0,-4.4196696,0.09196993708610535,0.4650000035762787,0.45910000801086426
YOR123C,YNL041C,0,-4.4197497,0.09195175021886826,0.4650000035762787,0.459199994802475
YGL243W,YDL188C,0,-4.4197993,0.09193357080221176,0.4650000035762787,0.4593000113964081
YDL087C,YOR075W,0,-4.419888,0.09191539883613586,0.4650000035762787,0.4593999981880188
YGL048C,YOL149W,0,-4.4201326,0.09189723432064056,0.4650000035762787,0.4595000147819519
YOL031C,YJL170C,0,-4.4203277,0.09187907725572586,0.4650000035762787,0.4596000015735626
YGL124C,YIR025W,0,-4.4203367,0.09186092764139175,0.4650000035762787,0.45969998836517334
YKR022C,YMR266W,0,-4.4203677,0.09184277802705765,0.4650000035762787,0.45980000495910645
YLL043W,YPL202C,0,-4.420908,0.09182464331388474,0.4650000035762787,0.45989999175071716
YGR279C,YOR081C,0,-4.421067,0.09180651605129242,0.4650000035762787,0.46000000834465027
YBL005W,YHR123W,0,-4.4211187,0.0917883962392807,0.4650000035762787,0.460099995136261
YBR037C,YDR276C,1,-4.4211717,0.0919676348567009,0.4659999907016754,0.460099995136261
YDL058W,YOR295W,0,-4.4213886,0.09194948524236679,0.4659999907016754,0.4602000117301941
YBL090W,YPL126W,0,-4.4215302,0.09193135052919388,0.4659999907016754,0.4602999985218048
YPR034W,YGL120C,0,-4.4216022,0.09191321581602097,0.4659999907016754,0.4603999853134155
YOR299W,YMR106C,0,-4.4216175,0.09189508855342865,0.4659999907016754,0.46050000190734863
YBR106W,YDR039C,1,-4.4217916,0.09207413345575333,0.46700000762939453,0.46050000190734863
YCR063W,YDR440W,0,-4.4219313,0.09205598384141922,0.46700000762939453,0.46059998869895935
YIL114C,YDR384C,1,-4.421989,0.09223492443561554,0.46799999475479126,0.46059998869895935
YPR046W,YER095W,0,-4.4221873,0.09221675246953964,0.46799999475479126,0.46070000529289246
YPR155C,YIL048W,0,-4.4222455,0.09219858050346375,0.46799999475479126,0.4607999920845032
YDR039C,YGL006W,1,-4.4223633,0.09237738698720932,0.4690000116825104,0.4607999920845032
YPR019W,YMR079W,0,-4.4225745,0.09235920011997223,0.4690000116825104,0.4609000086784363
YPL069C,YHR014W,0,-4.422592,0.09234101325273514,0.4690000116825104,0.460999995470047
YOL156W,YBR127C,0,-4.422698,0.09232283383607864,0.4690000116825104,0.4611000120639801
YOR288C,YDR279W,0,-4.422783,0.09230466187000275,0.4690000116825104,0.4611999988555908
YGL008C,YLR130C,1,-4.422893,0.0924832746386528,0.4699999988079071,0.4611999988555908
YJL141C,YPL267W,0,-4.4234996,0.09246508032083511,0.4699999988079071,0.46129998564720154
YJL108C,YJR139C,0,-4.4242167,0.09244689345359802,0.4699999988079071,0.46140000224113464
YER154W,YNL075W,0,-4.4247675,0.09242871403694153,0.4699999988079071,0.46149998903274536
YBR131W,YGR186W,0,-4.4249563,0.09241054207086563,0.4699999988079071,0.46160000562667847
YEL066W,YJR009C,0,-4.42525,0.09239237010478973,0.4699999988079071,0.4616999924182892
YDR334W,YPL231W,0,-4.4253798,0.09237421303987503,0.4699999988079071,0.4618000090122223
YGL071W,YOR316C,1,-4.4253874,0.0925525650382042,0.47099998593330383,0.4618000090122223
YKL175W,YPR201W,1,-4.4253874,0.09273084253072739,0.47200000286102295,0.4618000090122223
YMR280C,YKR028W,0,-4.425502,0.0927126333117485,0.47200000286102295,0.461899995803833
YML113W,YKL025C,0,-4.425664,0.09269442409276962,0.47200000286102295,0.4620000123977661
YGL240W,YNL280C,0,-4.426184,0.09267622232437134,0.47200000286102295,0.46209999918937683
YER143W,YPL167C,0,-4.4263,0.09265802800655365,0.47200000286102295,0.46219998598098755
YNL044W,YJL025W,0,-4.426733,0.09263984113931656,0.47200000286102295,0.46230000257492065
YOR007C,YLR134W,0,-4.4267817,0.09262166172266006,0.47200000286102295,0.46239998936653137
YHR039C-A,YEL063C,0,-4.426874,0.09260348975658417,0.47200000286102295,0.4625000059604645
YKL182W,YLR102C,0,-4.4270396,0.09258532524108887,0.47200000286102295,0.4625999927520752
YPR201W,YGR191W,1,-4.4271197,0.09276328980922699,0.4729999899864197,0.4625999927520752
YHR074W,YDR513W,0,-4.427309,0.0927450954914093,0.4729999899864197,0.4627000093460083
YBL103C,YPL240C,0,-4.4274187,0.09272691607475281,0.4729999899864197,0.462799996137619
YDR177W,YJL204C,0,-4.4275,0.09270874410867691,0.4729999899864197,0.4629000127315521
YGL136C,YHR190W,0,-4.4275017,0.09269057214260101,0.4729999899864197,0.46299999952316284
YER127W,YLR431C,0,-4.4276433,0.09267241507768631,0.4729999899864197,0.46309998631477356
YKL068W,YMR089C,0,-4.427747,0.0926542580127716,0.4729999899864197,0.46320000290870667
YLR259C,YJL053W,0,-4.427757,0.0926361158490181,0.4729999899864197,0.4632999897003174
YIL023C,YOR137C,1,-4.427791,0.09281378239393234,0.4740000069141388,0.4632999897003174
YIR018W,YEL024W,0,-4.4278584,0.09279561787843704,0.4740000069141388,0.4634000062942505
YJR077C,YPR020W,1,-4.4278774,0.09297318756580353,0.4749999940395355,0.4634000062942505
YPR161C,YDR331W,0,-4.4282722,0.09295499324798584,0.4749999940395355,0.4634999930858612
YPR181C,YKL213C,0,-4.4283066,0.09293680638074875,0.4749999940395355,0.4636000096797943
YGR163W,YDL220C,0,-4.428488,0.09291861951351166,0.4749999940395355,0.46369999647140503
YBR198C,YNL070W,0,-4.428499,0.09290044754743576,0.4749999940395355,0.46380001306533813
YGR097W,YGL055W,0,-4.4288483,0.09288228303194046,0.4749999940395355,0.46389999985694885
YDL128W,YNR060W,1,-4.42925,0.09305962920188904,0.47600001096725464,0.46389999985694885
YDR470C,YLR175W,0,-4.4294105,0.09304144233465195,0.47600001096725464,0.46399998664855957
YOL023W,YGL099W,0,-4.429639,0.09302325546741486,0.47600001096725464,0.4641000032424927
YPR133C,YGR047C,0,-4.429884,0.09300508350133896,0.47600001096725464,0.4641999900341034
YLR329W,YER002W,0,-4.4303536,0.09298691153526306,0.47600001096725464,0.4643000066280365
YBR095C,YOR249C,0,-4.430689,0.09296874701976776,0.47600001096725464,0.4643999934196472
YNR060W,YJL117W,1,-4.430799,0.09314586967229843,0.47699999809265137,0.4643999934196472
YIL135C,YLR044C,0,-4.431188,0.09312768280506134,0.47699999809265137,0.4645000100135803
YPL227C,YOR049C,0,-4.4314346,0.09310950338840485,0.47699999809265137,0.46459999680519104
YER024W,YNR032W,0,-4.431799,0.09309133142232895,0.47699999809265137,0.46470001339912415
YDR346C,YPL097W,0,-4.432167,0.09307317435741425,0.47699999809265137,0.46480000019073486
YNL328C,YGL162W,0,-4.432541,0.09305501729249954,0.47699999809265137,0.4648999869823456
YOR194C,YHR092C,0,-4.4328012,0.09303686022758484,0.47699999809265137,0.4650000035762787
YPL187W,YHR074W,0,-4.4329824,0.09301871806383133,0.47699999809265137,0.4650999903678894
YDL043C,YNR056C,0,-4.4331245,0.09300058335065842,0.47699999809265137,0.4652000069618225
YNR038W,YJR140C,0,-4.4332194,0.0929824560880661,0.47699999809265137,0.4652999937534332
YDR515W,YPR125W,0,-4.433272,0.09296433627605438,0.47699999809265137,0.46540001034736633
YDR356W,YNL118C,0,-4.433282,0.09294621646404266,0.47699999809265137,0.46549999713897705
YGL244W,YJL085W,0,-4.4333386,0.09292811155319214,0.47699999809265137,0.46560001373291016
YER032W,YPR073C,0,-4.433357,0.09291001409292221,0.47699999809265137,0.4657000005245209
YMR093W,YLR298C,0,-4.433362,0.09289191663265228,0.47699999809265137,0.4657999873161316
YKL007W,YGR178C,0,-4.433621,0.09287383407354355,0.47699999809265137,0.4659000039100647
YCR028C,YGR070W,0,-4.4336395,0.09285575151443481,0.47699999809265137,0.4659999907016754
YDR311W,YGR212W,0,-4.4339476,0.09283767640590668,0.47699999809265137,0.4661000072956085
YGR123C,YML051W,0,-4.433987,0.09281961619853973,0.47699999809265137,0.46619999408721924
YAL033W,YJL013C,0,-4.4344416,0.09280155599117279,0.47699999809265137,0.46630001068115234
YGL063W,YPL204W,0,-4.4344525,0.09278350323438644,0.47699999809265137,0.46639999747276306
YJR013W,YLR240W,0,-4.4344544,0.0927654579281807,0.47699999809265137,0.46650001406669617
YNL312W,YPL043W,0,-4.4344854,0.09274742007255554,0.47699999809265137,0.4666000008583069
YHR024C,YBL078C,0,-4.4346876,0.09272939711809158,0.47699999809265137,0.4666999876499176
YDR386W,YKL099C,0,-4.434782,0.09271136671304703,0.47699999809265137,0.4668000042438507
YBR205W,YGL084C,0,-4.4350348,0.09269335120916367,0.47699999809265137,0.4668999910354614
YEL018W,YHR061C,0,-4.4350576,0.0926753431558609,0.47699999809265137,0.46700000762939453
YPL211W,YHR142W,0,-4.435319,0.09265734255313873,0.47699999809265137,0.46709999442100525
YDR486C,YIL167W,0,-4.4355965,0.09263934940099716,0.47699999809265137,0.46720001101493835
YNL244C,YDR301W,0,-4.4356422,0.09262135624885559,0.47699999809265137,0.4672999978065491
YLR051C,YMR298W,0,-4.435794,0.09260337799787521,0.47699999809265137,0.4674000144004822
YNL054W,YMR177W,0,-4.4359236,0.09258540719747543,0.47699999809265137,0.4675000011920929
YDR320C,YJL052W,0,-4.436125,0.09256743639707565,0.47699999809265137,0.4675999879837036
YBR234C,YBL051C,0,-4.4363728,0.09254947304725647,0.47699999809265137,0.4677000045776367
YOR209C,YJL167W,0,-4.4368076,0.09253152459859848,0.47699999809265137,0.46779999136924744
YAL041W,YHR133C,0,-4.436937,0.09251357614994049,0.47699999809265137,0.46790000796318054
YML005W,YKR048C,0,-4.4369845,0.0924956351518631,0.47699999809265137,0.46799999475479126
YDR334W,YOR025W,0,-4.437058,0.0924777016043663,0.47699999809265137,0.46810001134872437
YBR221C,YDR517W,0,-4.4372797,0.0924597755074501,0.47699999809265137,0.4681999981403351
YBR168W,YOL129W,0,-4.437788,0.0924418568611145,0.47699999809265137,0.4683000147342682
YMR172W,YIR026C,0,-4.4378414,0.0924239456653595,0.47699999809265137,0.4684000015258789
YKL018W,YER040W,0,-4.4380617,0.09240604192018509,0.47699999809265137,0.4684999883174896
YFL057C,YPL045W,0,-4.438394,0.09238814562559128,0.47699999809265137,0.46860000491142273
YOL105C,YGL004C,0,-4.4385667,0.09237025678157806,0.47699999809265137,0.46869999170303345
YNL290W,YHL036W,0,-4.4385715,0.09235237538814545,0.47699999809265137,0.46880000829696655
YBL022C,YLR127C,0,-4.438669,0.09233449399471283,0.47699999809265137,0.46889999508857727
YJL176C,YER118C,0,-4.438863,0.0923166275024414,0.47699999809265137,0.4690000116825104
YOR253W,YLR098C,0,-4.4394097,0.09229876101016998,0.47699999809265137,0.4690999984741211
YFR027W,YAR014C,0,-4.439564,0.09228090196847916,0.47699999809265137,0.4691999852657318
YGR135W,YHR056C,0,-4.439799,0.09226305782794952,0.47699999809265137,0.4693000018596649
YDR276C,YNR060W,1,-4.4399643,0.09243860095739365,0.4779999852180481,0.4693000018596649
YGR099W,YOL165C,0,-4.4401436,0.09242072701454163,0.4779999852180481,0.46939998865127563
YDR398W,YPL128C,0,-4.4402614,0.0924028605222702,0.4779999852180481,0.46950000524520874
YDR162C,YDR372C,0,-4.440361,0.09238500148057938,0.4779999852180481,0.46959999203681946
YCR020C-A,YJR025C,0,-4.440942,0.09236714988946915,0.4779999852180481,0.46970000863075256
YER074W-A,YLR144C,0,-4.4416037,0.09234930574893951,0.4779999852180481,0.4697999954223633
YPR178W,YLR193C,0,-4.4417105,0.09233146905899048,0.4779999852180481,0.4699000120162964
YDL155W,YIR018W,0,-4.442027,0.09231363236904144,0.4779999852180481,0.4699999988079071
YKL062W,YOR054C,0,-4.4421163,0.0922958105802536,0.4779999852180481,0.4700999855995178
YNL219C,YBR038W,0,-4.442238,0.09227798879146576,0.4779999852180481,0.4702000021934509
YBL041W,YPL051W,0,-4.4422865,0.09226018190383911,0.4779999852180481,0.47029998898506165
YBR188C,YDR224C,0,-4.4426517,0.09224237501621246,0.4779999852180481,0.47040000557899475
YNR060W,YBR290W,1,-4.4426694,0.09241751581430435,0.4790000021457672,0.47040000557899475
YBR106W,YNR060W,1,-4.442993,0.09259258955717087,0.47999998927116394,0.47040000557899475
YOL144W,YHR181W,0,-4.443202,0.09257473796606064,0.47999998927116394,0.47049999237060547
YCR014C,YOL005C,0,-4.4432793,0.09255688637495041,0.47999998927116394,0.4706000089645386
YML024W,YKR048C,0,-4.4432964,0.09253904223442078,0.47999998927116394,0.4706999957561493
YJL209W,YOR069W,0,-4.4433455,0.09252120554447174,0.47999998927116394,0.4708000123500824
YCR077C,YDR334W,0,-4.443451,0.0925033688545227,0.47999998927116394,0.4708999991416931
YBR098W,YNL207W,0,-4.4438515,0.09248554706573486,0.47999998927116394,0.47099998593330383
YPL042C,YAL009W,0,-4.4441056,0.09246773272752762,0.47999998927116394,0.47110000252723694
YPR188C,YJL089W,0,-4.4446197,0.09244992583990097,0.47999998927116394,0.47119998931884766
YKL192C,YDR150W,0,-4.4446535,0.09243211895227432,0.47999998927116394,0.47130000591278076
YPL037C,YGR181W,0,-4.445177,0.09241432696580887,0.47999998927116394,0.4713999927043915
YJL035C,YKL057C,0,-4.4453106,0.09239653497934341,0.47999998927116394,0.4715000092983246
YKL081W,YML109W,0,-4.445392,0.09237875044345856,0.47999998927116394,0.4715999960899353
YGR212W,YDL212W,0,-4.4460936,0.0923609808087349,0.47999998927116394,0.4717000126838684
YEL062W,YFR031C,0,-4.446143,0.09234321117401123,0.47999998927116394,0.4717999994754791
YDR189W,YCL029C,0,-4.446226,0.09232544898986816,0.47999998927116394,0.47189998626708984
YMR298W,YAR008W,0,-4.446253,0.0923076942563057,0.47999998927116394,0.47200000286102295
YOR056C,YOR151C,0,-4.446496,0.09228994697332382,0.47999998927116394,0.47209998965263367
YER147C,YNL107W,0,-4.4465365,0.09227219969034195,0.47999998927116394,0.4722000062465668
YLR100W,YDR218C,0,-4.446794,0.09225446730852127,0.47999998927116394,0.4722999930381775
YDR369C,YDR255C,0,-4.4468007,0.09223674237728119,0.47999998927116394,0.4724000096321106
YJR053W,YPR108W,0,-4.4473214,0.09221901744604111,0.47999998927116394,0.4724999964237213
YLR272C,YDR165W,0,-4.4473248,0.09220130741596222,0.47999998927116394,0.4726000130176544
YLR044C,YOL008W,0,-4.4473705,0.09218359738588333,0.47999998927116394,0.47269999980926514
YOR046C,YOR079C,0,-4.4475484,0.09216590225696564,0.47999998927116394,0.47279998660087585
YBR198C,YNL282W,0,-4.447894,0.09214820712804794,0.47999998927116394,0.47290000319480896
YDR184C,YAL023C,0,-4.448158,0.09213051944971085,0.47999998927116394,0.4729999899864197
YGR123C,YMR280C,0,-4.448222,0.09211283922195435,0.47999998927116394,0.4731000065803528
YDR385W,YIL106W,0,-4.4482756,0.09209516644477844,0.47999998927116394,0.4731999933719635
YIL126W,YGR188C,0,-4.4482822,0.09207750111818314,0.47999998927116394,0.4733000099658966
YDL130W-A,YGL255W,1,-4.448353,0.09225162863731384,0.48100000619888306,0.4733000099658966
YJL133W,YCR010C,1,-4.4484053,0.09242569655179977,0.4819999933242798,0.4733000099658966
YIR006C,YOR160W,0,-4.448681,0.09240797907114029,0.4819999933242798,0.4733999967575073
YMR080C,YOL016C,0,-4.448731,0.0923902615904808,0.4819999933242798,0.47350001335144043
YGL133W,YPL128C,0,-4.4493513,0.09237255901098251,0.4819999933242798,0.47360000014305115
YLR092W,YFL041W,1,-4.449457,0.09254646301269531,0.4830000102519989,0.47360000014305115
YDL128W,YPL036W,1,-4.449524,0.09272030740976334,0.48399999737739563,0.47360000014305115
YGR048W,YBR223C,0,-4.4498053,0.09270254522562027,0.48399999737739563,0.47369998693466187
YJL116C,YBR293W,0,-4.4500027,0.0926847979426384,0.48399999737739563,0.47380000352859497
YDL130W-A,YLR130C,1,-4.4501014,0.09285850822925568,0.48500001430511475,0.47380000352859497
YER111C,YKL189W,0,-4.450306,0.09284073859453201,0.48500001430511475,0.4738999903202057
YDR172W,YDR075W,0,-4.4503193,0.09282296895980835,0.48500001430511475,0.4740000069141388
YGR085C,YMR150C,0,-4.450433,0.09280520677566528,0.48500001430511475,0.4740999937057495
YMR201C,YGL172W,0,-4.4509916,0.09278745204210281,0.48500001430511475,0.4742000102996826
YGR128C,YMR106C,0,-4.4510736,0.09276970475912094,0.48500001430511475,0.47429999709129333
YNL029C,YIL068C,0,-4.451707,0.09275195747613907,0.48500001430511475,0.47440001368522644
YGL116W,YDL044C,0,-4.45275,0.09273422509431839,0.48500001430511475,0.47450000047683716
YJL146W,YNR072W,0,-4.453412,0.09271650016307831,0.48500001430511475,0.4745999872684479
YHR030C,YDR436W,0,-4.4534883,0.09269877523183823,0.48500001430511475,0.474700003862381
YIR019C,YLR228C,0,-4.453687,0.09268106520175934,0.48500001430511475,0.4747999906539917
YBR210W,YML023C,0,-4.4538407,0.09266335517168045,0.48500001430511475,0.4749000072479248
YJR132W,YLR274W,0,-4.4539924,0.09264565259218216,0.48500001430511475,0.4749999940395355
YDR140W,YOL117W,0,-4.4539943,0.09262795746326447,0.48500001430511475,0.47510001063346863
YGR262C,YMR201C,0,-4.4541616,0.09261026978492737,0.48500001430511475,0.47519999742507935
YNL222W,YJR131W,0,-4.4541645,0.09259258955717087,0.48500001430511475,0.47530001401901245
YHR060W,YPR009W,0,-4.4544153,0.09257491677999496,0.48500001430511475,0.47540000081062317
YNL257C,YKL042W,0,-4.454567,0.09255725145339966,0.48500001430511475,0.4754999876022339
YGR257C,YCR024C-A,1,-4.454865,0.09273039549589157,0.4860000014305115,0.4754999876022339
YPL058C,YER112W,0,-4.4549694,0.09271270781755447,0.4860000014305115,0.475600004196167
YDR028C,YLR165C,0,-4.455047,0.09269502013921738,0.4860000014305115,0.4756999909877777
YNL239W,YFR030W,0,-4.455188,0.09267734736204147,0.4860000014305115,0.4758000075817108
YLR084C,YGL078C,0,-4.4552655,0.09265967458486557,0.4860000014305115,0.47589999437332153
YNL001W,YLR233C,0,-4.4554996,0.09264200925827026,0.4860000014305115,0.47600001096725464
YGL201C,YKL108W,0,-4.455633,0.09262435883283615,0.4860000014305115,0.47609999775886536
YMR225C,YFL033C,0,-4.4557643,0.09260670840740204,0.4860000014305115,0.47620001435279846
YPR187W,YNL032W,0,-4.455855,0.09258906543254852,0.4860000014305115,0.4763000011444092
YCR067C,YBL019W,0,-4.4560328,0.0925714299082756,0.4860000014305115,0.4763999879360199
YPR141C,YHR036W,0,-4.4560895,0.09255380183458328,0.4860000014305115,0.476500004529953
YDR141C,YDL188C,0,-4.4563346,0.09253617376089096,0.4860000014305115,0.4765999913215637
YPL042C,YKL201C,0,-4.4564443,0.09251856058835983,0.4860000014305115,0.4767000079154968
YKL064W,YNR002C,1,-4.4564714,0.09269127994775772,0.4869999885559082,0.4767000079154968
YPR139C,YBL004W,0,-4.4569926,0.0926736444234848,0.4869999885559082,0.47679999470710754
YGR116W,YDR411C,0,-4.4570694,0.09265600889921188,0.4869999885559082,0.47690001130104065
YJL122W,YLR410W,0,-4.4572296,0.09263838827610016,0.4869999885559082,0.47699999809265137
YOR347C,YBR236C,0,-4.457264,0.09262076765298843,0.4869999885559082,0.4771000146865845
YPL049C,YLR075W,0,-4.457349,0.0926031544804573,0.4869999885559082,0.4772000014781952
YLL026W,YMR231W,0,-4.457385,0.09258554875850677,0.4869999885559082,0.4772999882698059
YMR247C,YKR090W,0,-4.45759,0.09256795048713684,0.4869999885559082,0.477400004863739
YER070W,YDL079C,0,-4.4575963,0.0925503596663475,0.4869999885559082,0.47749999165534973
YIL106W,YKL201C,0,-4.4578724,0.09253277629613876,0.4869999885559082,0.47760000824928284
YAL047C,YHR039C,0,-4.4578834,0.09251520037651062,0.4869999885559082,0.47769999504089355
YBL035C,YPL094C,0,-4.4580965,0.09249762445688248,0.4869999885559082,0.47780001163482666
YGL051W,YJR025C,0,-4.4583464,0.09248006343841553,0.4869999885559082,0.4778999984264374
YGL071W,YDR039C,1,-4.4584084,0.09265236556529999,0.4880000054836273,0.4778999984264374
YDL014W,YNL245C,0,-4.458478,0.09263477474451065,0.4880000054836273,0.4779999852180481
YCR034W,YLR039C,0,-4.4585953,0.09261719137430191,0.4880000054836273,0.4781000018119812
YBR296C,YMR243C,1,-4.458665,0.09278937429189682,0.48899999260902405,0.4781000018119812
YDL092W,YHR170W,0,-4.4589567,0.09277176856994629,0.48899999260902405,0.4781999886035919
YDL055C,YAL040C,0,-4.458996,0.09275417029857635,0.48899999260902405,0.478300005197525
YPL202C,YDR045C,0,-4.4590435,0.09273657947778702,0.48899999260902405,0.47839999198913574
YKL175W,YLR092W,1,-4.4590483,0.09290860593318939,0.49000000953674316,0.47839999198913574
YOR231W,YBL024W,0,-4.4591784,0.09289099276065826,0.49000000953674316,0.47850000858306885
YLR034C,YBL063W,0,-4.459468,0.09287338703870773,0.49000000953674316,0.47859999537467957
YLR141W,YNL312W,0,-4.4594803,0.0928557887673378,0.49000000953674316,0.47870001196861267
YGR132C,YOL020W,0,-4.459534,0.09283819794654846,0.49000000953674316,0.4787999987602234
YDR322C-A,YHR050W,1,-4.4595404,0.09301003813743591,0.4909999966621399,0.4787999987602234
YIL044C,YIL009C-A,0,-4.4596004,0.09299242496490479,0.4909999966621399,0.4788999855518341
YGR155W,YDR254W,0,-4.459868,0.09297481179237366,0.4909999966621399,0.4790000021457672
YLR304C,YOR229W,0,-4.4598937,0.09295721352100372,0.4909999966621399,0.47909998893737793
YGL095C,YKR099W,0,-4.460058,0.09293961524963379,0.4909999966621399,0.47920000553131104
YBR164C,YDR440W,0,-4.4602966,0.09292203187942505,0.4909999966621399,0.47929999232292175
YLR423C,YKL152C,0,-4.460882,0.09290444850921631,0.4909999966621399,0.47940000891685486
YDR449C,YJL108C,0,-4.460903,0.09288687258958817,0.4909999966621399,0.4794999957084656
YDL198C,YLR324W,0,-4.460951,0.09286930412054062,0.4909999966621399,0.4796000123023987
YJL089W,YGR063C,0,-4.4612465,0.09285174310207367,0.4909999966621399,0.4796999990940094
YGR082W,YIR004W,0,-4.461834,0.09283418208360672,0.4909999966621399,0.4797999858856201
YNL231C,YPR173C,0,-4.4623785,0.09281663596630096,0.4909999966621399,0.4799000024795532
YHR039C-A,YPR042C,0,-4.4623814,0.09279908984899521,0.4909999966621399,0.47999998927116394
YIL120W,YNL074C,0,-4.462571,0.09278155863285065,0.4909999966621399,0.48010000586509705
YMR234W,YJR147W,0,-4.4625893,0.09276402741670609,0.4909999966621399,0.48019999265670776
YDR231C,YMR175W,0,-4.462718,0.09274650365114212,0.4909999966621399,0.48030000925064087
YDR498C,YGR094W,0,-4.4627957,0.09272898733615875,0.4909999966621399,0.4803999960422516
YHR098C,YGR007W,0,-4.463124,0.09271147847175598,0.4909999966621399,0.4805000126361847
YGL068W,YBR129C,0,-4.4631343,0.09269397705793381,0.4909999966621399,0.4805999994277954
YCR081W,YDL132W,0,-4.4632125,0.09267648309469223,0.4909999966621399,0.48069998621940613
YER020W,YNL304W,0,-4.463319,0.09265898913145065,0.4909999966621399,0.48080000281333923
YBR294W,YML121W,1,-4.463765,0.09283018857240677,0.492000013589859,0.48080000281333923
YBR098W,YKL017C,0,-4.46435,0.092812679708004,0.492000013589859,0.48089998960494995
YIL147C,YDR424C,0,-4.4647093,0.09279517084360123,0.492000013589859,0.48100000619888306
YMR006C,YHR066W,0,-4.46482,0.09277766942977905,0.492000013589859,0.4810999929904938
YGR003W,YOR351C,0,-4.46485,0.09276018291711807,0.492000013589859,0.4812000095844269
YNL012W,YMR125W,0,-4.4648933,0.09274269640445709,0.492000013589859,0.4812999963760376
YOR136W,YBR029C,0,-4.465021,0.09272521734237671,0.492000013589859,0.4814000129699707
YDR270W,YNR002C,1,-4.4651237,0.09289617836475372,0.49300000071525574,0.4814000129699707
YAL003W,YKL134C,0,-4.4652596,0.09287867695093155,0.49300000071525574,0.4814999997615814
YNL012W,YGL136C,0,-4.4654093,0.09286117553710938,0.49300000071525574,0.48159998655319214
YJR104C,YEL018W,0,-4.4654264,0.0928436890244484,0.49300000071525574,0.48170000314712524
YDL117W,YGR231C,0,-4.465628,0.09282620996236801,0.49300000071525574,0.48179998993873596
YFR041C,YGR289C,0,-4.4657483,0.09280873835086823,0.49300000071525574,0.48190000653266907
YAR007C,YPL139C,0,-4.46579,0.09279126673936844,0.49300000071525574,0.4819999933242798
YJR135W-A,YNL329C,0,-4.4658422,0.09277380257844925,0.49300000071525574,0.4821000099182129
YPR141C,YMR012W,0,-4.466093,0.09275635331869125,0.49300000071525574,0.4821999967098236
YLR222C,YPL083C,0,-4.4661145,0.09273890405893326,0.49300000071525574,0.4823000133037567
YDR038C,YGR191W,1,-4.4663544,0.09290953725576401,0.49399998784065247,0.4823000133037567
YDR004W,YER019W,0,-4.4663897,0.09289206564426422,0.49399998784065247,0.48240000009536743
YDR494W,YMR229C,0,-4.4664197,0.09287460148334503,0.49399998784065247,0.48249998688697815
YJR052W,YNL261W,0,-4.466474,0.09285714477300644,0.49399998784065247,0.48260000348091125
YBL050W,YKL160W,0,-4.466885,0.09283968806266785,0.49399998784065247,0.482699990272522
YDR027C,YLL008W,0,-4.4669967,0.09282224625349045,0.49399998784065247,0.4828000068664551
YKL125W,YPL123C,0,-4.4671392,0.09280481189489365,0.49399998784065247,0.4828999936580658
YMR198W,YMR047C,0,-4.467191,0.09278737753629684,0.49399998784065247,0.4830000102519989
YBL033C,YBR168W,0,-4.4673257,0.09276995062828064,0.49399998784065247,0.4830999970436096
YNL062C,YDL003W,0,-4.4675074,0.09275253117084503,0.49399998784065247,0.4832000136375427
YFR029W,YNR035C,0,-4.4675827,0.09273512661457062,0.49399998784065247,0.48330000042915344
YHR016C,YOR076C,0,-4.467598,0.0927177146077156,0.49399998784065247,0.48339998722076416
YPR191W,YKL029C,0,-4.4676223,0.09270031750202179,0.49399998784065247,0.48350000381469727
YGR244C,YBR173C,0,-4.4676633,0.09268292784690857,0.49399998784065247,0.483599990606308
YLR447C,YIR026C,0,-4.4678783,0.09266553819179535,0.49399998784065247,0.4837000072002411
YGL144C,YOR142W,0,-4.468071,0.09264816343784332,0.49399998784065247,0.4837999939918518
YMR308C,YGR285C,0,-4.4685698,0.0926307886838913,0.49399998784065247,0.4839000105857849
YGR175C,YOL071W,0,-4.46871,0.09261342138051987,0.49399998784065247,0.48399999737739563
YOR103C,YOR081C,0,-4.4687176,0.09259606152772903,0.49399998784065247,0.48410001397132874
YGR070W,YHR106W,0,-4.4687505,0.0925787091255188,0.49399998784065247,0.48420000076293945
YPL100W,YHR106W,0,-4.468779,0.09256136417388916,0.49399998784065247,0.48429998755455017
YMR250W,YNL229C,0,-4.4688377,0.09254402667284012,0.49399998784065247,0.4844000041484833
YMR190C,YHR026W,0,-4.469006,0.09252668917179108,0.49399998784065247,0.484499990940094
YER111C,YCR106W,0,-4.4692674,0.09250936657190323,0.49399998784065247,0.4846000075340271
YOR316C,YDR298C,1,-4.4694214,0.09267927706241608,0.4950000047683716,0.4846000075340271
YKR082W,YNL101W,0,-4.469628,0.09266192466020584,0.4950000047683716,0.4846999943256378
YLR095C,YER154W,0,-4.470263,0.0926445797085762,0.4950000047683716,0.4848000109195709
YPR029C,YKL089W,0,-4.470499,0.09262724220752716,0.4950000047683716,0.48489999771118164
YHL020C,YER110C,0,-4.4709687,0.09260991215705872,0.4950000047683716,0.48500001430511475
YOR344C,YOR076C,0,-4.471208,0.09259258955717087,0.4950000047683716,0.48510000109672546
YEL063C,YKL051W,0,-4.471333,0.09257527440786362,0.4950000047683716,0.4851999878883362
YIL066C,YDL077C,0,-4.471375,0.09255796670913696,0.4950000047683716,0.4853000044822693
YML126C,YNL272C,0,-4.471593,0.09254065901041031,0.4950000047683716,0.48539999127388
YIR019C,YIR015W,0,-4.471615,0.09252336621284485,0.4950000047683716,0.4855000078678131
YJL143W,YCR035C,0,-4.4722,0.09250607341527939,0.4950000047683716,0.48559999465942383
YKR001C,YNL293W,0,-4.4723043,0.09248878806829453,0.4950000047683716,0.48570001125335693
YDR308C,YLR429W,0,-4.4723434,0.09247151017189026,0.4950000047683716,0.48579999804496765
YCR035C,YOL145C,0,-4.472386,0.09245423972606659,0.4950000047683716,0.48590001463890076
YJL010C,YER171W,0,-4.47264,0.09243697673082352,0.4950000047683716,0.4860000014305115
YNL330C,YPR190C,0,-4.472701,0.09241971373558044,0.4950000047683716,0.4860999882221222
YCR026C,YGL232W,0,-4.4727516,0.09240246564149857,0.4950000047683716,0.4862000048160553
YKL084W,YOR363C,0,-4.4729595,0.09238521754741669,0.4950000047683716,0.486299991607666
YNL055C,YPL036W,1,-4.4730644,0.09255458414554596,0.4959999918937683,0.486299991607666
YDR235W,YPL110C,0,-4.47311,0.09253731369972229,0.4959999918937683,0.4864000082015991
YGR002C,YHL006C,0,-4.473139,0.09252005070447922,0.4959999918937683,0.48649999499320984
YGR165W,YHL006C,0,-4.473313,0.09250279515981674,0.4959999918937683,0.48660001158714294
YOR084W,YNL009W,0,-4.4733276,0.09248554706573486,0.4959999918937683,0.48669999837875366
YML024W,YLR170C,0,-4.4734797,0.09246830642223358,0.4959999918937683,0.4867999851703644
YIL063C,YGL145W,0,-4.4736705,0.0924510732293129,0.4959999918937683,0.4869000017642975
YLR088W,YOR232W,0,-4.474591,0.09243384003639221,0.4959999918937683,0.4869999885559082
YER005W,YNL192W,0,-4.474654,0.09241662174463272,0.4959999918937683,0.4871000051498413
YLR003C,YOR304W,0,-4.4752245,0.09239940345287323,0.4959999918937683,0.487199991941452
YBR002C,YKL017C,0,-4.4754324,0.09238219261169434,0.4959999918937683,0.48730000853538513
YML109W,YPL202C,0,-4.47589,0.09236498922109604,0.4959999918937683,0.48739999532699585
YKL170W,YAR019C,0,-4.476072,0.09234779328107834,0.4959999918937683,0.48750001192092896
YDR320C-A,YDL002C,0,-4.476361,0.09233060479164124,0.4959999918937683,0.4875999987125397
YML047C,YMR089C,0,-4.476882,0.09231341630220413,0.4959999918937683,0.4876999855041504
YHR077C,YPR073C,0,-4.476901,0.09229624271392822,0.4959999918937683,0.4878000020980835
YKL194C,YER019W,0,-4.477003,0.09227906912565231,0.4959999918937683,0.4878999888896942
YML116W,YBR127C,0,-4.47728,0.092261902987957,0.4959999918937683,0.4880000054836273
YDR078C,YLR266C,0,-4.4773955,0.09224474430084229,0.4959999918937683,0.48809999227523804
YML128C,YOL002C,0,-4.4775295,0.09222759306430817,0.4959999918937683,0.48820000886917114
YKL101W,YDR092W,0,-4.477665,0.09221044927835464,0.4959999918937683,0.48829999566078186
YEL051W,YOL088C,0,-4.477832,0.09219330549240112,0.4959999918937683,0.48840001225471497
YMR055C,YGL129C,0,-4.4779434,0.0921761766076088,0.4959999918937683,0.4884999990463257
YLR264W,YKR068C,0,-4.4779615,0.09215904772281647,0.4959999918937683,0.4885999858379364
YDL161W,YOR132W,0,-4.478183,0.09214192628860474,0.4959999918937683,0.4887000024318695
YDR323C,YDR075W,0,-4.478191,0.0921248123049736,0.4959999918937683,0.4887999892234802
YDR461W,YOR351C,0,-4.4783,0.09210770577192307,0.4959999918937683,0.48890000581741333
YGR003W,YCL011C,0,-4.4785385,0.09209060668945312,0.4959999918937683,0.48899999260902405
YOL027C,YOR381W,1,-4.478781,0.09225913882255554,0.4970000088214874,0.48899999260902405
YLR003C,YBR127C,0,-4.479101,0.09224201738834381,0.4970000088214874,0.48910000920295715
YJL034W,YPL153C,0,-4.479423,0.09222490340471268,0.4970000088214874,0.48919999599456787
YMR284W,YKR068C,0,-4.479577,0.09220778942108154,0.4970000088214874,0.489300012588501
YNL309W,YMR219W,0,-4.479619,0.0921906903386116,0.4970000088214874,0.4893999993801117
YBR030W,YCR063W,0,-4.4796724,0.09217359125614166,0.4970000088214874,0.4894999861717224
YPR137W,YPR165W,0,-4.4799776,0.09215649962425232,0.4970000088214874,0.4896000027656555
YDR481C,YOR067C,0,-4.4800277,0.09213941544294357,0.4970000088214874,0.48969998955726624
YER116C,YNL148C,0,-4.480049,0.09212233871221542,0.4970000088214874,0.48980000615119934
YMR081C,YMR168C,0,-4.4801364,0.09210526198148727,0.4970000088214874,0.48989999294281006
YPR154W,YMR016C,0,-4.480317,0.09208820015192032,0.4970000088214874,0.49000000953674316
YOL158C,YOR381W,1,-4.4806147,0.09225638955831528,0.49799999594688416,0.49000000953674316
YGR183C,YOR363C,0,-4.48068,0.09223930537700653,0.49799999594688416,0.4900999963283539
YLR048W,YFL004W,0,-4.480687,0.09222222119569778,0.49799999594688416,0.490200012922287
YLR324W,YHR042W,0,-4.480732,0.09220514446496964,0.49799999594688416,0.4902999997138977
YKR024C,YGR135W,0,-4.4811788,0.09218807518482208,0.49799999594688416,0.4903999865055084
YDR166C,YMR164C,0,-4.4812603,0.09217101335525513,0.49799999594688416,0.49050000309944153
YBL019W,YJL098W,0,-4.4812613,0.09215395897626877,0.49799999594688416,0.49059998989105225
YHR183W,YHR070W,0,-4.4813313,0.092136912047863,0.49799999594688416,0.49070000648498535
YOR354C,YIL073C,0,-4.4814043,0.09211986511945724,0.49799999594688416,0.49079999327659607
YER073W,YCL040W,0,-4.481828,0.09210283309221268,0.49799999594688416,0.4909000098705292
YFR013W,YGR155W,0,-4.482168,0.09208580106496811,0.49799999594688416,0.4909999966621399
YKL220C,YJR121W,1,-4.4821787,0.09225364774465561,0.49900001287460327,0.4909999966621399
YHR175W,YPR020W,1,-4.482725,0.09242144227027893,0.5,0.4909999966621399
YJL141C,YOR363C,0,-4.482762,0.09240435808897018,0.5,0.491100013256073
YDR334W,YBR288C,0,-4.482837,0.09238728880882263,0.5,0.4912000000476837
YOR294W,YDL108W,0,-4.482892,0.09237021952867508,0.5,0.49129998683929443
YCR010C,YGR217W,1,-4.4829082,0.09253786504268646,0.5009999871253967,0.49129998683929443
YMR246W,YDL174C,0,-4.4829473,0.09252077341079712,0.5009999871253967,0.49140000343322754
YCR034W,YKR029C,0,-4.4832478,0.09250368922948837,0.5009999871253967,0.49149999022483826
YGR029W,YOR281C,0,-4.483255,0.09248661249876022,0.5009999871253967,0.49160000681877136
YOL034W,YDR221W,0,-4.4832964,0.09246954321861267,0.5009999871253967,0.4916999936103821
YDL079C,YDR463W,0,-4.483531,0.09245248138904572,0.5009999871253967,0.4918000102043152
YFL009W,YBR177C,0,-4.483843,0.09243542701005936,0.5009999871253967,0.4918999969959259
YKR001C,YPR104C,0,-4.4839077,0.092418372631073,0.5009999871253967,0.492000013589859
YBR002C,YOR191W,0,-4.4839916,0.09240132570266724,0.5009999871253967,0.4921000003814697
YGR118W,YKL068W,0,-4.484007,0.09238428622484207,0.5009999871253967,0.49219998717308044
YOL128C,YMR083W,0,-4.484153,0.0923672541975975,0.5009999871253967,0.49230000376701355
YLR201C,YHR056C,0,-4.4843726,0.09235022962093353,0.5009999871253967,0.49239999055862427
YMR150C,YDL185W,0,-4.484378,0.09233321249485016,0.5009999871253967,0.4925000071525574
YJR040W,YDL030W,0,-4.4844522,0.09231619536876678,0.5009999871253967,0.4925999939441681
YIL026C,YHR066W,0,-4.484462,0.09229918569326401,0.5009999871253967,0.4927000105381012
YAR007C,YNL038W,0,-4.4844723,0.09228219091892242,0.5009999871253967,0.4927999973297119
YGL068W,YIL018W,0,-4.4844904,0.09226519614458084,0.5009999871253967,0.492900013923645
YOR109W,YPR122W,0,-4.484538,0.09224820137023926,0.5009999871253967,0.49300000071525574
YNL003C,YGR224W,0,-4.4850936,0.09223122149705887,0.5009999871253967,0.49309998750686646
YCR020W-B,YAL042W,0,-4.485592,0.09221424907445908,0.5009999871253967,0.49320000410079956
YOR007C,YDR138W,0,-4.4856625,0.09219727665185928,0.5009999871253967,0.4932999908924103
YMR216C,YMR001C,0,-4.4859133,0.09218031167984009,0.5009999871253967,0.4934000074863434
YBL018C,YBR114W,0,-4.4861217,0.09216335415840149,0.5009999871253967,0.4934999942779541
YAR031W,YCR086W,0,-4.4863954,0.09214640408754349,0.5009999871253967,0.4936000108718872
YDR184C,YDL175C,0,-4.4864216,0.09212946146726608,0.5009999871253967,0.4936999976634979
YCR039C,YER162C,0,-4.486547,0.09211251884698868,0.5009999871253967,0.49380001425743103
YLR109W,YLR409C,0,-4.4868207,0.09209559112787247,0.5009999871253967,0.49390000104904175
YER036C,YGL018C,0,-4.487089,0.09207866340875626,0.5009999871253967,0.49399998784065247
YKL125W,YBR265W,0,-4.4871397,0.09206174314022064,0.5009999871253967,0.49410000443458557
YDL078C,YLR139C,0,-4.4872327,0.09204483032226562,0.5009999871253967,0.4941999912261963
YER173W,YNL098C,0,-4.4874344,0.09202791750431061,0.5009999871253967,0.4943000078201294
YDR322C-A,YJR077C,1,-4.4875493,0.09219467639923096,0.5019999742507935,0.4943000078201294
YHR060W,YPR200C,0,-4.487606,0.09217774868011475,0.5019999742507935,0.4943999946117401
YMR077C,YMR190C,0,-4.48771,0.09216082096099854,0.5019999742507935,0.4945000112056732
YGR244C,YJL030W,0,-4.488293,0.09214390814304352,0.5019999742507935,0.49459999799728394
YER005W,YJR112W,0,-4.488926,0.0921269953250885,0.5019999742507935,0.49470001459121704
YOR033C,YPL087W,0,-4.4889746,0.09211008995771408,0.5019999742507935,0.49480000138282776
YNL026W,YOR351C,0,-4.488975,0.09209319204092026,0.5019999742507935,0.4948999881744385
YDR459C,YLR249W,0,-4.4892707,0.09207630157470703,0.5019999742507935,0.4950000047683716
YDR171W,YER167W,0,-4.489605,0.0920594185590744,0.5019999742507935,0.4950999915599823
YMR068W,YDL143W,0,-4.4898224,0.09204253554344177,0.5019999742507935,0.4952000081539154
YAL054C,YDR379W,0,-4.490013,0.09202566742897034,0.5019999742507935,0.4952999949455261
YER013W,YIR019C,0,-4.490524,0.0920087993144989,0.5019999742507935,0.49540001153945923
YER100W,YDR331W,0,-4.4905477,0.09199193865060806,0.5019999742507935,0.49549999833106995
YOR257W,YPR183W,0,-4.490557,0.09197508543729782,0.5019999742507935,0.49559998512268066
YJL204C,YOR157C,0,-4.490727,0.09195823222398758,0.5019999742507935,0.49570000171661377
YNL263C,YGL078C,0,-4.490836,0.09194139391183853,0.5019999742507935,0.4957999885082245
YBR195C,YLL031C,0,-4.4909525,0.09192455559968948,0.5019999742507935,0.4959000051021576
YLR176C,YPR075C,0,-4.491185,0.09190772473812103,0.5019999742507935,0.4959999918937683
YDR126W,YPL147W,0,-4.4912996,0.09189090132713318,0.5019999742507935,0.4961000084877014
YGR262C,YGL078C,0,-4.4913096,0.09187408536672592,0.5019999742507935,0.49619999527931213
YJL209W,YDL174C,0,-4.491439,0.09185727685689926,0.5019999742507935,0.49630001187324524
YGL163C,YMR061W,0,-4.491471,0.0918404683470726,0.5019999742507935,0.49639999866485596
YDR376W,YNL329C,0,-4.4916377,0.09182366728782654,0.5019999742507935,0.4964999854564667
YPR018W,YFL004W,0,-4.491695,0.09180687367916107,0.5019999742507935,0.4966000020503998
YGL180W,YDR508C,0,-4.491765,0.0917900875210762,0.5019999742507935,0.4966999888420105
YPL060W,YPR138C,1,-4.4925437,0.09195612370967865,0.503000020980835,0.4966999888420105
YLR223C,YMR313C,0,-4.4925804,0.09193931519985199,0.503000020980835,0.4968000054359436
YPL248C,YIR022W,0,-4.4927845,0.09192251414060593,0.503000020980835,0.4968999922275543
YBR077C,YOR054C,0,-4.4929113,0.09190572053194046,0.503000020980835,0.4970000088214874
YCR020C,YGL022W,0,-4.4929748,0.091888926923275,0.503000020980835,0.49709999561309814
YHR191C,YMR296C,0,-4.493011,0.09187214821577072,0.503000020980835,0.49720001220703125
YDR341C,YNL066W,0,-4.493541,0.09185536950826645,0.503000020980835,0.49729999899864197
YBR290W,YDR384C,1,-4.493641,0.09202118217945099,0.5040000081062317,0.49729999899864197
YPR065W,YGL223C,0,-4.4937544,0.09200438112020493,0.5040000081062317,0.4973999857902527
YCR086W,YKL068W,0,-4.493774,0.09198758751153946,0.5040000081062317,0.4975000023841858
YOL130W,YDR456W,1,-4.4941025,0.09215328097343445,0.5049999952316284,0.4975000023841858
YNL229C,YLR044C,0,-4.4946694,0.09213647246360779,0.5049999952316284,0.4975999891757965
YDL013W,YBL015W,0,-4.494784,0.09211966395378113,0.5049999952316284,0.4977000057697296
YEL037C,YOL040C,0,-4.4948826,0.09210286289453506,0.5049999952316284,0.49779999256134033
YKL179C,YPL240C,0,-4.4950047,0.0920860692858696,0.5049999952316284,0.49790000915527344
YDL235C,YGL097W,0,-4.4951487,0.09206928312778473,0.5049999952316284,0.49799999594688416
YER025W,YGR284C,0,-4.495202,0.09205249696969986,0.5049999952316284,0.49810001254081726
YPR046W,YCR060W,0,-4.4954233,0.09203571826219559,0.5049999952316284,0.498199999332428
YCL024W,YOR354C,0,-4.495456,0.09201894700527191,0.5049999952316284,0.4982999861240387
YBL033C,YLR430W,0,-4.496142,0.09200218319892883,0.5049999952316284,0.4984000027179718
YOR033C,YOR368W,0,-4.4962883,0.09198542684316635,0.5049999952316284,0.4984999895095825
YLR022C,YOR307C,0,-4.496638,0.09196867793798447,0.5049999952316284,0.4986000061035156
YLR200W,YHR116W,0,-4.496806,0.09195192903280258,0.5049999952316284,0.49869999289512634
YOL021C,YPR185W,0,-4.496851,0.0919351875782013,0.5049999952316284,0.49880000948905945
YGL136C,YDL069C,0,-4.4968953,0.0919184535741806,0.5049999952316284,0.49889999628067017
YGL240W,YNR056C,0,-4.4969044,0.09190172702074051,0.5049999952316284,0.49900001287460327
YIL110W,YDL081C,0,-4.4969745,0.09188500791788101,0.5049999952316284,0.499099999666214
YNL128W,YML124C,0,-4.497032,0.09186828881502151,0.5049999952316284,0.4991999864578247
YAR007C,YLR048W,0,-4.4972696,0.09185158461332321,0.5049999952316284,0.4993000030517578
YKL016C,YPR201W,1,-4.4972825,0.09201672673225403,0.5059999823570251,0.4993000030517578
YBR023C,YOR026W,0,-4.497336,0.09200000017881393,0.5059999823570251,0.49939998984336853
YJL060W,YGL216W,0,-4.4974003,0.09198327362537384,0.5059999823570251,0.49950000643730164
YLR285W,YJR042W,0,-4.497496,0.09196655452251434,0.5059999823570251,0.49959999322891235
YOR119C,YIL016W,0,-4.4978695,0.09194984287023544,0.5059999823570251,0.49970000982284546
YKR014C,YPR107C,0,-4.4979167,0.09193313866853714,0.5059999823570251,0.4997999966144562
YDR092W,YLR139C,0,-4.4979715,0.09191644191741943,0.5059999823570251,0.4999000132083893
YMR216C,YPR122W,0,-4.498088,0.09189974516630173,0.5059999823570251,0.5
YDR381W,YGR030C,0,-4.498161,0.09188305586576462,0.5059999823570251,0.5001000165939331
YBL035C,YOR002W,0,-4.4986105,0.0918663740158081,0.5059999823570251,0.5001999735832214
YML081C-A,YJR077C,1,-4.498826,0.09203121811151505,0.5070000290870667,0.5001999735832214
YPL145C,YGR152C,0,-4.498897,0.09201452136039734,0.5070000290870667,0.5002999901771545
YOR153W,YDL236W,0,-4.499036,0.09199782460927963,0.5070000290870667,0.5004000067710876
YPR198W,YIL013C,0,-4.499038,0.09198113530874252,0.5070000290870667,0.5005000233650208
YGL158W,YJR004C,0,-4.4992466,0.09196444600820541,0.5070000290870667,0.5005999803543091
YHR072W,YOR368W,0,-4.499373,0.0919477716088295,0.5070000290870667,0.5006999969482422
YOL123W,YLR249W,0,-4.4997797,0.09193109720945358,0.5070000290870667,0.5008000135421753
YBR081C,YLR055C,0,-4.4998293,0.09191443026065826,0.5070000290870667,0.5008999705314636
YPL069C,YNL136W,0,-4.5000415,0.09189777076244354,0.5070000290870667,0.5009999871253967
YPL097W,YER167W,0,-4.5002975,0.09188111871480942,0.5070000290870667,0.5011000037193298
YIL121W,YLR092W,1,-4.5004163,0.09204565733671188,0.5080000162124634,0.5011000037193298
YGL130W,YOR195W,0,-4.5005465,0.09202898293733597,0.5080000162124634,0.5012000203132629
YLR135W,YDR379W,0,-4.500561,0.09201231598854065,0.5080000162124634,0.5012999773025513
YCR098C,YML081C-A,1,-4.5005784,0.09217675030231476,0.5090000033378601,0.5012999773025513
YOR316C,YPR020W,1,-4.500725,0.0923411175608635,0.5099999904632568,0.5012999773025513
YNL084C,YML032C,0,-4.5009356,0.0923244059085846,0.5099999904632568,0.5013999938964844
YBR121C,YNL119W,0,-4.501127,0.0923076942563057,0.5099999904632568,0.5015000104904175
YPL076W,YMR182C,0,-4.5011945,0.09229099005460739,0.5099999904632568,0.5016000270843506
YOR087W,YDR369C,0,-4.5012393,0.09227429330348969,0.5099999904632568,0.5016999840736389
YOR157C,YKL134C,0,-4.501535,0.09225759655237198,0.5099999904632568,0.501800000667572
YIL114C,YOR381W,1,-4.50156,0.09242177754640579,0.5109999775886536,0.501800000667572
YGL025C,YOR329C,0,-4.501573,0.09240506589412689,0.5109999775886536,0.5019000172615051
YGL030W,YDR334W,0,-4.5016823,0.09238835424184799,0.5109999775886536,0.5019999742507935
YOR083W,YLR429W,0,-4.501841,0.09237165749073029,0.5109999775886536,0.5020999908447266
YGL020C,YJR009C,0,-4.501874,0.09235496073961258,0.5109999775886536,0.5022000074386597
YDL006W,YNR030W,0,-4.502039,0.09233827143907547,0.5109999775886536,0.5023000240325928
YLR006C,YGL194C,0,-4.5021644,0.09232158958911896,0.5109999775886536,0.5023999810218811
YKL057C,YMR036C,0,-4.502386,0.09230491518974304,0.5109999775886536,0.5024999976158142
YDR283C,YDR515W,0,-4.502561,0.09228824079036713,0.5109999775886536,0.5026000142097473
YDL017W,YKR025W,0,-4.502665,0.0922715812921524,0.5109999775886536,0.5026999711990356
YGR193C,YCR020W-B,0,-4.502863,0.09225492179393768,0.5109999775886536,0.5027999877929688
YCR077C,YDR121W,0,-4.502885,0.09223826974630356,0.5109999775886536,0.5029000043869019
YGR092W,YLR134W,0,-4.502988,0.09222161769866943,0.5109999775886536,0.503000020980835
YOR344C,YFL022C,0,-4.5031037,0.0922049805521965,0.5109999775886536,0.5030999779701233
YJR112W,YNL278W,0,-4.5036683,0.09218834340572357,0.5109999775886536,0.5031999945640564
YKR022C,YDR091C,0,-4.503791,0.09217171370983124,0.5109999775886536,0.5033000111579895
YLR008C,YER061C,0,-4.5040426,0.0921550914645195,0.5109999775886536,0.5034000277519226
YDL087C,YMR298W,0,-4.504069,0.09213847666978836,0.5109999775886536,0.5034999847412109
YOR046C,YLR321C,0,-4.504076,0.09212186932563782,0.5109999775886536,0.503600001335144
YJR110W,YGR181W,0,-4.5041013,0.09210526198148727,0.5109999775886536,0.5037000179290771
YBL079W,YKL018W,0,-4.504147,0.09208866208791733,0.5109999775886536,0.5037999749183655
YGR005C,YJL029C,0,-4.5043154,0.09207206964492798,0.5109999775886536,0.5038999915122986
YDR072C,YBR275C,0,-4.5046234,0.09205548465251923,0.5109999775886536,0.5040000081062317
YBR015C,YMR095C,0,-4.5047784,0.09203890711069107,0.5109999775886536,0.5041000247001648
YGR257C,YJL094C,1,-4.504854,0.09220241010189056,0.5120000243186951,0.5041000247001648
YKR079C,YGL145W,0,-4.5052195,0.09218581020832062,0.5120000243186951,0.5041999816894531
YNL169C,YBL075C,0,-4.505263,0.09216921776533127,0.5120000243186951,0.5042999982833862
YOR334W,YPL036W,1,-4.505522,0.0923326164484024,0.5130000114440918,0.5042999982833862
YFL003C,YNL298W,0,-4.5055776,0.09231599420309067,0.5130000114440918,0.5044000148773193
YGL111W,YMR011W,0,-4.505604,0.09229938685894012,0.5130000114440918,0.5044999718666077
YGL045W,YOR229W,0,-4.505853,0.09228278696537018,0.5130000114440918,0.5045999884605408
YPR128C,YDR508C,0,-4.5067396,0.09226618707180023,0.5130000114440918,0.5047000050544739
YOR253W,YBL098W,0,-4.506838,0.09224959462881088,0.5130000114440918,0.504800021648407
YMR316W,YKL205W,0,-4.5068398,0.09223300963640213,0.5130000114440918,0.5048999786376953
YDR087C,YMR283C,0,-4.5070353,0.09221643209457397,0.5130000114440918,0.5049999952316284
YNL015W,YDR108W,0,-4.5073233,0.09219985455274582,0.5130000114440918,0.5051000118255615
YDR040C,YOL158C,1,-4.507411,0.09236298501491547,0.5139999985694885,0.5051000118255615
YGL129C,YJL001W,0,-4.5075636,0.09234638512134552,0.5139999985694885,0.5052000284194946
YIR006C,YNL148C,0,-4.507713,0.09232980012893677,0.5139999985694885,0.505299985408783
YKL220C,YEL027W,1,-4.508032,0.09249281883239746,0.5149999856948853,0.505299985408783
YDR311W,YGL048C,0,-4.5083237,0.09247620403766632,0.5149999856948853,0.5054000020027161
YIL135C,YOL002C,0,-4.5085683,0.09245960414409637,0.5149999856948853,0.5055000185966492
YJL053W,YOR076C,0,-4.5086894,0.09244301170110703,0.5149999856948853,0.5055999755859375
YOR221C,YLR274W,0,-4.50908,0.09242641925811768,0.5149999856948853,0.5056999921798706
YPL091W,YDR059C,0,-4.5095434,0.09240983426570892,0.5149999856948853,0.5058000087738037
YEL002C,YBR092C,0,-4.509965,0.09239325672388077,0.5149999856948853,0.5059000253677368
YJR132W,YDR353W,0,-4.510127,0.09237667918205261,0.5149999856948853,0.5059999823570251
YIL120W,YMR284W,0,-4.5102835,0.09236011654138565,0.5149999856948853,0.5060999989509583
YLR154C,YGR172C,0,-4.510318,0.09234355390071869,0.5149999856948853,0.5062000155448914
YPL212C,YKR007W,0,-4.510356,0.09232699871063232,0.5149999856948853,0.5062999725341797
YDR039C,YGR008C,1,-4.510578,0.09248969703912735,0.515999972820282,0.5062999725341797
YDR180W,YHR031C,0,-4.5108027,0.0924731194972992,0.515999972820282,0.5063999891281128
YKL086W,YAR014C,0,-4.5108714,0.09245654940605164,0.515999972820282,0.5065000057220459
YDR052C,YGL099W,0,-4.511201,0.09243998676538467,0.515999972820282,0.506600022315979
YBL069W,YGL090W,0,-4.511302,0.09242343157529831,0.515999972820282,0.5066999793052673
YBR086C,YOR003W,0,-4.511433,0.09240687638521194,0.515999972820282,0.5067999958992004
YNL288W,YLL035W,0,-4.5114937,0.09239032864570618,0.515999972820282,0.5069000124931335
YNL206C,YPL032C,0,-4.511716,0.092373788356781,0.515999972820282,0.5070000290870667
YNL070W,YDR453C,0,-4.511772,0.09235725551843643,0.515999972820282,0.507099986076355
YCL010C,YIL052C,0,-4.511818,0.09234073013067245,0.515999972820282,0.5072000026702881
YML103C,YCR009C,0,-4.5118723,0.09232420474290848,0.515999972820282,0.5073000192642212
YGR090W,YKL139W,0,-4.5119305,0.0923076942563057,0.515999972820282,0.5073999762535095
YBR070C,YDR395W,0,-4.5120316,0.09229118376970291,0.515999972820282,0.5074999928474426
YEL050C,YML010W,0,-4.5123444,0.09227468073368073,0.515999972820282,0.5076000094413757
YPL177C,YHR193C,0,-4.512396,0.09225817769765854,0.515999972820282,0.5077000260353088
YCR039C,YPR133C,0,-4.5126433,0.09224168956279755,0.515999972820282,0.5077999830245972
YBR135W,YGR129W,0,-4.512846,0.09222520142793655,0.515999972820282,0.5078999996185303
YDR369C,YPL032C,0,-4.513222,0.09220872074365616,0.515999972820282,0.5080000162124634
YGR239C,YOR372C,0,-4.513235,0.09219224750995636,0.515999972820282,0.5080999732017517
YBR234C,YOL088C,0,-4.5134525,0.09217577427625656,0.515999972820282,0.5081999897956848
YNL098C,YDR177W,0,-4.5135403,0.09215931594371796,0.515999972820282,0.5083000063896179
YMR055C,YCR020W-B,0,-4.5137057,0.09214285761117935,0.515999972820282,0.508400022983551
YDR225W,YPR165W,0,-4.513902,0.09212640672922134,0.515999972820282,0.5084999799728394
YGR099W,YBR118W,0,-4.514434,0.09210996329784393,0.515999972820282,0.5085999965667725
YPL137C,YPL026C,0,-4.5146027,0.09209351986646652,0.515999972820282,0.5087000131607056
YCR081W,YOR249C,0,-4.514687,0.0920770913362503,0.515999972820282,0.5088000297546387
YGR020C,YJR055W,0,-4.5148573,0.09206066280603409,0.515999972820282,0.508899986743927
YPR144C,YPL045W,0,-4.5151625,0.09204424172639847,0.515999972820282,0.5090000033378601
YMR281W,YKL166C,0,-4.5153527,0.09202782064676285,0.515999972820282,0.5091000199317932
YOL038W,YJR156C,0,-4.5155516,0.09201141446828842,0.515999972820282,0.5091999769210815
YJL069C,YJL030W,0,-4.5157905,0.091995008289814,0.515999972820282,0.5092999935150146
YLR233C,YPL083C,0,-4.5158978,0.09197860956192017,0.515999972820282,0.5094000101089478
YDR180W,YNL281W,0,-4.515957,0.09196221828460693,0.515999972820282,0.5095000267028809
YAR002C-A,YBR175W,0,-4.515972,0.0919458270072937,0.515999972820282,0.5095999836921692
YGL054C,YKL113C,0,-4.516075,0.09192945063114166,0.515999972820282,0.5097000002861023
YNL153C,YLR210W,0,-4.516441,0.09191307425498962,0.515999972820282,0.5098000168800354
YJL204C,YMR030W,0,-4.516553,0.09189670532941818,0.515999972820282,0.5098999738693237
YDR263C,YAL024C,0,-4.5165854,0.09188034385442734,0.515999972820282,0.5099999904632568
YEL069C,YPL177C,0,-4.5166388,0.09186398237943649,0.515999972820282,0.5101000070571899
YJR006W,YGR202C,0,-4.516833,0.09184763580560684,0.515999972820282,0.510200023651123
YJR118C,YPR185W,0,-4.5168915,0.09183128923177719,0.515999972820282,0.5102999806404114
YMR081C,YGR209C,0,-4.5168962,0.09181495010852814,0.515999972820282,0.5103999972343445
YDL170W,YLR298C,0,-4.5169725,0.09179861098527908,0.515999972820282,0.5105000138282776
YCR024C-A,YNR060W,1,-4.517008,0.09196015447378159,0.5170000195503235,0.5105000138282776
YJL039C,YML051W,0,-4.517262,0.09194380044937134,0.5170000195503235,0.5105999708175659
YJR140C,YMR036C,0,-4.517406,0.09192745387554169,0.5170000195503235,0.510699987411499
YLR084C,YNL110C,0,-4.517661,0.09191111475229263,0.5170000195503235,0.5108000040054321
YER094C,YMR156C,0,-4.5177603,0.09189477562904358,0.5170000195503235,0.5109000205993652
YBR295W,YOL158C,1,-4.518013,0.09205615520477295,0.5180000066757202,0.5109000205993652
YHR163W,YCR009C,0,-4.518376,0.0920398011803627,0.5180000066757202,0.5109999775886536
YOL049W,YER103W,0,-4.518527,0.09202344715595245,0.5180000066757202,0.5110999941825867
YDR311W,YPL269W,0,-4.518813,0.0920071080327034,0.5180000066757202,0.5112000107765198
YFL057C,YOR259C,0,-4.518893,0.09199076890945435,0.5180000066757202,0.5113000273704529
YDL083C,YBR257W,0,-4.51913,0.09197442978620529,0.5180000066757202,0.5113999843597412
YJL024C,YDR057W,0,-4.5191383,0.09195810556411743,0.5180000066757202,0.5115000009536743
YLR295C,YER145C,1,-4.5192223,0.09211927652359009,0.5189999938011169,0.5115000009536743
YHR119W,YNR033W,0,-4.519353,0.09210292994976044,0.5189999938011169,0.5116000175476074
YOR095C,YPR137W,0,-4.5196996,0.09208658337593079,0.5189999938011169,0.5116999745368958
YER013W,YEL060C,0,-4.519805,0.09207025170326233,0.5189999938011169,0.5117999911308289
YJL108C,YDL244W,0,-4.519995,0.09205392003059387,0.5189999938011169,0.511900007724762
YER151C,YMR184W,0,-4.520422,0.09203759580850601,0.5189999938011169,0.5120000243186951
YGR090W,YNL290W,0,-4.520521,0.09202127903699875,0.5189999938011169,0.5120999813079834
YNL154C,YLR144C,0,-4.5206027,0.09200496226549149,0.5189999938011169,0.5121999979019165
YLR292C,YNL299W,0,-4.520715,0.09198865294456482,0.5189999938011169,0.5123000144958496
YAL030W,YIL048W,0,-4.520844,0.09197235852479935,0.5189999938011169,0.5123999714851379
YKR076W,YNL128W,0,-4.521022,0.09195605665445328,0.5189999938011169,0.512499988079071
YPR065W,YGR055W,0,-4.521067,0.0919397696852684,0.5189999938011169,0.5126000046730042
YDR086C,YOR353C,0,-4.521148,0.09192348271608353,0.5189999938011169,0.5127000212669373
YER154W,YOL126C,0,-4.521278,0.09190721064805984,0.5189999938011169,0.5127999782562256
YIL154C,YDL130W,0,-4.521385,0.09189093112945557,0.5189999938011169,0.5128999948501587
YBR212W,YOR368W,0,-4.521593,0.09187466651201248,0.5189999938011169,0.5130000114440918
YBR136W,YDR129C,0,-4.521648,0.09185840934515,0.5189999938011169,0.5131000280380249
YKR101W,YDR303C,0,-4.5217533,0.0918421521782875,0.5189999938011169,0.5131999850273132
YKL144C,YGR038W,0,-4.5220823,0.09182590246200562,0.5189999938011169,0.5133000016212463
YPR199C,YML051W,0,-4.5222716,0.09180966019630432,0.5189999938011169,0.5134000182151794
YMR225C,YDL192W,0,-4.522285,0.09179341793060303,0.5189999938011169,0.5134999752044678
YDR494W,YGL166W,0,-4.522319,0.09177719056606293,0.5189999938011169,0.5135999917984009
YLL013C,YBR114W,0,-4.5223722,0.09176096320152283,0.5189999938011169,0.513700008392334
YCL066W,YOR281C,0,-4.522391,0.09174474328756332,0.5189999938011169,0.5138000249862671
YJL186W,YBR073W,0,-4.5229597,0.09172852337360382,0.5189999938011169,0.5138999819755554
YGR048W,YMR182C,0,-4.523043,0.09171231836080551,0.5189999938011169,0.5139999985694885
YDR062W,YGL144C,0,-4.5231314,0.0916961133480072,0.5189999938011169,0.5141000151634216
YDR345C,YBR127C,0,-4.523219,0.09167991578578949,0.5189999938011169,0.51419997215271
YBR295W,YNR002C,1,-4.523472,0.09184034168720245,0.5199999809265137,0.51419997215271
YBL105C,YGR258C,0,-4.523514,0.09182412177324295,0.5199999809265137,0.5142999887466431
YLR135W,YDR099W,0,-4.5236363,0.09180790930986404,0.5199999809265137,0.5144000053405762
YLR295C,YML081C-A,1,-4.52385,0.09196822345256805,0.5210000276565552,0.5144000053405762
YCR018C,YPL137C,0,-4.523875,0.09195199608802795,0.5210000276565552,0.5145000219345093
YGL207W,YBR202W,0,-4.524008,0.09193576872348785,0.5210000276565552,0.5145999789237976
YLR105C,YLR081W,0,-4.5241017,0.09191954880952835,0.5210000276565552,0.5146999955177307
YBR039W,YOL027C,1,-4.5245247,0.09207972884178162,0.5220000147819519,0.5146999955177307
YNL182C,YLR153C,0,-4.5249677,0.09206349402666092,0.5220000147819519,0.5148000121116638
YOR347C,YDR376W,0,-4.525022,0.09204725921154022,0.5220000147819519,0.5149000287055969
YFR041C,YOR195W,0,-4.52518,0.09203103184700012,0.5220000147819519,0.5149999856948853
YOR079C,YNR017W,0,-4.525245,0.09201480448246002,0.5220000147819519,0.5151000022888184
YER159C,YMR079W,0,-4.5254564,0.09199859201908112,0.5220000147819519,0.5152000188827515
YOR040W,YDL231C,0,-4.525457,0.09198237955570221,0.5220000147819519,0.5152999758720398
YDL223C,YDL024C,0,-4.525614,0.0919661745429039,0.5220000147819519,0.5153999924659729
YGL090W,YFL008W,0,-4.525834,0.09194997698068619,0.5220000147819519,0.515500009059906
YHR073W,YMR229C,0,-4.5259914,0.09193377941846848,0.5220000147819519,0.5156000256538391
YOL123W,YDR517W,0,-4.5260696,0.09191758930683136,0.5220000147819519,0.5156999826431274
YIL124W,YGR070W,0,-4.5261364,0.09190140664577484,0.5220000147819519,0.5157999992370605
YBL063W,YHR085W,0,-4.526162,0.09188523143529892,0.5220000147819519,0.5159000158309937
YJL133W,YPR138C,1,-4.5267773,0.09204505383968353,0.5230000019073486,0.5159000158309937
YHR187W,YBR038W,0,-4.5269027,0.09202885627746582,0.5230000019073486,0.515999972820282
YJR069C,YHR206W,0,-4.526931,0.0920126661658287,0.5230000019073486,0.5160999894142151
YLR006C,YBL085W,0,-4.5270576,0.09199648350477219,0.5230000019073486,0.5162000060081482
YCR024C-A,YLL015W,1,-4.527158,0.09215617179870605,0.5239999890327454,0.5162000060081482
YBR030W,YDR165W,0,-4.527314,0.09213996678590775,0.5239999890327454,0.5163000226020813
YPR111W,YNL281W,0,-4.527444,0.09212376922369003,0.5239999890327454,0.5163999795913696
YKL220C,YLR092W,1,-4.527831,0.09228335320949554,0.5249999761581421,0.5163999795913696
YDR176W,YGL173C,0,-4.527836,0.09226713329553604,0.5249999761581421,0.5164999961853027
YCL038C,YJL167W,0,-4.528283,0.09225092083215714,0.5249999761581421,0.5166000127792358
YKL214C,YMR106C,0,-4.5283766,0.09223471581935883,0.5249999761581421,0.516700029373169
YLR329W,YNL330C,0,-4.528408,0.09221851080656052,0.5249999761581421,0.5167999863624573
YCR089W,YJL087C,0,-4.528429,0.0922023206949234,0.5249999761581421,0.5169000029563904
YJL094C,YDR456W,1,-4.5286207,0.09236171841621399,0.5260000228881836,0.5169000029563904
YKR054C,YFR014C,0,-4.5289307,0.09234550595283508,0.5260000228881836,0.5170000195503235
YER145C,YCR037C,1,-4.529127,0.0925048291683197,0.5270000100135803,0.5170000195503235
YPL110C,YIR037W,0,-4.529238,0.092488594353199,0.5270000100135803,0.5170999765396118
YNL243W,YCL016C,0,-4.529331,0.0924723669886589,0.5270000100135803,0.5171999931335449
YJR143C,YPL057C,0,-4.5293565,0.0924561396241188,0.5270000100135803,0.517300009727478
YJL133W,YBR296C,1,-4.529728,0.09261532872915268,0.527999997138977,0.517300009727478
YBR004C,YGR222W,0,-4.529807,0.09259908646345139,0.527999997138977,0.5174000263214111
YMR156C,YDL197C,0,-4.5298257,0.09258285164833069,0.527999997138977,0.5174999833106995
YCR106W,YLR430W,0,-4.5302625,0.09256661683320999,0.527999997138977,0.5175999999046326
YPR141C,YGL129C,0,-4.5303755,0.09255039691925049,0.527999997138977,0.5177000164985657
YGL191W,YNL031C,0,-4.530385,0.09253417700529099,0.527999997138977,0.517799973487854
YDL069C,YOR195W,0,-4.5304937,0.09251795709133148,0.527999997138977,0.5178999900817871
YDR386W,YDR142C,0,-4.530519,0.09250175207853317,0.527999997138977,0.5180000066757202
YNL246W,YBR167C,0,-4.530776,0.09248554706573486,0.527999997138977,0.5181000232696533
YGL030W,YKL182W,0,-4.53079,0.09246934950351715,0.527999997138977,0.5181999802589417
YNL015W,YPR068C,0,-4.530829,0.09245315939188004,0.527999997138977,0.5182999968528748
YPR057W,YOR361C,0,-4.531034,0.09243697673082352,0.527999997138977,0.5184000134468079
YEL015W,YHR016C,0,-4.5310755,0.092420794069767,0.527999997138977,0.5184999704360962
YAL051W,YLR158C,0,-4.5311055,0.09240461885929108,0.527999997138977,0.5185999870300293
YER145C,YDL130W-A,1,-4.531744,0.09256342798471451,0.5289999842643738,0.5185999870300293
YER109C,YJL112W,0,-4.531909,0.09254723787307739,0.5289999842643738,0.5187000036239624
YOR232W,YAL023C,0,-4.5320706,0.09253104776144028,0.5289999842643738,0.5188000202178955
YPL097W,YER110C,0,-4.5322633,0.09251486510038376,0.5289999842643738,0.5188999772071838
YLL021W,YBR041W,0,-4.532613,0.09249868988990784,0.5289999842643738,0.5189999938011169
YLR378C,YHR077C,0,-4.532721,0.09248251467943192,0.5289999842643738,0.51910001039505
YIL046W,YDL069C,0,-4.532942,0.09246635437011719,0.5289999842643738,0.5192000269889832
YOL086C,YNR017W,0,-4.533177,0.09245019406080246,0.5289999842643738,0.5192999839782715
YER082C,YHR119W,0,-4.5333586,0.09243404120206833,0.5289999842643738,0.5194000005722046
YNL082W,YGR245C,0,-4.533539,0.0924178883433342,0.5289999842643738,0.5195000171661377
YPL144W,YNL182C,0,-4.5336137,0.09240175038576126,0.5289999842643738,0.519599974155426
YGL227W,YLR163C,0,-4.533679,0.09238561242818832,0.5289999842643738,0.5196999907493591
YOR330C,YLR150W,0,-4.533685,0.09236947447061539,0.5289999842643738,0.5198000073432922
YBR082C,YER040W,0,-4.534678,0.09235335141420364,0.5289999842643738,0.5199000239372253
YNL197C,YDL102W,0,-4.5353312,0.0923372283577919,0.5289999842643738,0.5199999809265137
YKR037C,YJR050W,0,-4.5353527,0.09232112020254135,0.5289999842643738,0.5200999975204468
YJL106W,YNL326C,0,-4.535463,0.0923050045967102,0.5289999842643738,0.5202000141143799
YBR175W,YHR194W,0,-4.535528,0.09228890389204025,0.5289999842643738,0.5202999711036682
YPR051W,YNL107W,0,-4.5359435,0.0922728031873703,0.5289999842643738,0.5203999876976013
YPR110C,YGR211W,0,-4.5359755,0.09225671738386154,0.5289999842643738,0.5205000042915344
YDR263C,YGR279C,0,-4.5360928,0.09224062412977219,0.5289999842643738,0.5206000208854675
YOL038W,YLR133W,0,-4.5361586,0.09222454577684402,0.5289999842643738,0.5206999778747559
YLR313C,YLR096W,0,-4.536181,0.09220847487449646,0.5289999842643738,0.520799994468689
YJR135W-A,YIL076W,0,-4.5364013,0.0921924039721489,0.5289999842643738,0.5209000110626221
YNL259C,YCR037C,1,-4.5365024,0.09235058724880219,0.5299999713897705,0.5209000110626221
YEL002C,YEL071W,0,-4.536757,0.09233449399471283,0.5299999713897705,0.5210000276565552
YKR052C,YGL006W,1,-4.5368567,0.09249259531497955,0.531000018119812,0.5210000276565552
YGL068W,YNR033W,0,-4.5371723,0.092476487159729,0.531000018119812,0.5210999846458435
YLR022C,YDR300C,0,-4.5373106,0.09246038645505905,0.531000018119812,0.5212000012397766
YDR040C,YGR191W,1,-4.5375056,0.09261838346719742,0.5320000052452087,0.5212000012397766
YDR225W,YMR097C,0,-4.53752,0.09260226041078568,0.5320000052452087,0.5213000178337097
YBR037C,YBR296C,1,-4.5377426,0.09276018291711807,0.5329999923706055,0.5213000178337097
YNL222W,YNL031C,0,-4.5377693,0.09274403750896454,0.5329999923706055,0.521399974822998
YDR080W,YGL030W,0,-4.5378284,0.0927279070019722,0.5329999923706055,0.5214999914169312
YPR141C,YKL213C,0,-4.5378666,0.09271177649497986,0.5329999923706055,0.5216000080108643
YKR039W,YDR150W,0,-4.5379295,0.09269565343856812,0.5329999923706055,0.5217000246047974
YDL155W,YNR048W,0,-4.5379906,0.09267953038215637,0.5329999923706055,0.5217999815940857
YKR095W,YDL002C,0,-4.5379996,0.09266342222690582,0.5329999923706055,0.5218999981880188
YNL192W,YGL245W,0,-4.5380006,0.09264731407165527,0.5329999923706055,0.5220000147819519
YBR017C,YNL088W,0,-4.538522,0.09263121336698532,0.5329999923706055,0.5220999717712402
YOL008W,YGR159C,0,-4.5385456,0.09261512011289597,0.5329999923706055,0.5221999883651733
YIL063C,YBR240C,0,-4.5388885,0.09259902685880661,0.5329999923706055,0.5223000049591064
YNL275W,YMR218C,0,-4.5390134,0.09258294105529785,0.5329999923706055,0.5224000215530396
YOR328W,YOR144C,0,-4.539195,0.09256686270236969,0.5329999923706055,0.5224999785423279
YDR159W,YML118W,0,-4.5392113,0.09255079180002213,0.5329999923706055,0.522599995136261
YCR024C-A,YNL291C,1,-4.5393996,0.09270833432674408,0.5339999794960022,0.522599995136261
YPR141C,YCL014W,0,-4.5394444,0.09269224107265472,0.5339999794960022,0.5227000117301941
YIL144W,YBR177C,0,-4.539534,0.09267615526914597,0.5339999794960022,0.5228000283241272
YDR386W,YPL125W,0,-4.5399394,0.09266006946563721,0.5339999794960022,0.5228999853134155
YPL221W,YER073W,0,-4.539946,0.09264399856328964,0.5339999794960022,0.5230000019073486
YPL212C,YBR216C,0,-4.5405264,0.09262792766094208,0.5339999794960022,0.5231000185012817
YER005W,YBR038W,0,-4.540946,0.09261186420917511,0.5339999794960022,0.5231999754905701
YJL108C,YGR202C,0,-4.5411015,0.09259580075740814,0.5339999794960022,0.5232999920845032
YEL017C-A,YJL094C,1,-4.541119,0.09275311976671219,0.5350000262260437,0.5232999920845032
YBL039C,YNL167C,0,-4.541313,0.09273704141378403,0.5350000262260437,0.5234000086784363
YFR053C,YGL172W,0,-4.5413265,0.09272097051143646,0.5350000262260437,0.5235000252723694
YGR165W,YBR253W,0,-4.5414915,0.0927049070596695,0.5350000262260437,0.5235999822616577
YDR300C,YDL208W,0,-4.5418673,0.09268884360790253,0.5350000262260437,0.5236999988555908
YIL066C,YFR040W,0,-4.5421042,0.09267278760671616,0.5350000262260437,0.5238000154495239
YHR012W,YDL164C,0,-4.542247,0.09265673905611038,0.5350000262260437,0.5238999724388123
YDR243C,YAL010C,0,-4.5423098,0.09264069050550461,0.5350000262260437,0.5239999890327454
YDR073W,YDL047W,0,-4.542459,0.09262465685606003,0.5350000262260437,0.5241000056266785
YLR397C,YKR085C,0,-4.542609,0.09260862320661545,0.5350000262260437,0.5242000222206116
YKR085C,YMR296C,0,-4.5427384,0.09259258955717087,0.5350000262260437,0.5242999792098999
YJR121W,YOL027C,1,-4.5427804,0.09274961054325104,0.5360000133514404,0.5242999792098999
YLR051C,YLR231C,0,-4.543024,0.09273356199264526,0.5360000133514404,0.524399995803833
YGL068W,YGR256W,0,-4.5430565,0.09271752089262009,0.5360000133514404,0.5245000123977661
YJL173C,YBR119W,0,-4.543108,0.0927014872431755,0.5360000133514404,0.5246000289916992
YGL178W,YHR206W,0,-4.5433264,0.09268546104431152,0.5360000133514404,0.5246999859809875
YLR008C,YOR295W,0,-4.5434656,0.09266943484544754,0.5360000133514404,0.5248000025749207
YDR429C,YPL240C,0,-4.5436697,0.09265341609716415,0.5360000133514404,0.5249000191688538
YDR301W,YPR122W,0,-4.543901,0.09263739734888077,0.5360000133514404,0.5249999761581421
YHR143W-A,YLR453C,0,-4.544175,0.09262139350175858,0.5360000133514404,0.5250999927520752
YPR183W,YNL066W,0,-4.544367,0.09260538965463638,0.5360000133514404,0.5252000093460083
YNL037C,YJL091C,0,-4.544463,0.09258939325809479,0.5360000133514404,0.5253000259399414
YFR041C,YER006W,0,-4.545019,0.09257340431213379,0.5360000133514404,0.5253999829292297
YNL098C,YGR206W,0,-4.5452056,0.09255741536617279,0.5360000133514404,0.5254999995231628
YGR278W,YAR031W,0,-4.5454493,0.09254143387079239,0.5360000133514404,0.525600016117096
YNL253W,YPR065W,0,-4.5455017,0.09252545982599258,0.5360000133514404,0.5256999731063843
YPR181C,YML126C,0,-4.545519,0.09250949323177338,0.5360000133514404,0.5257999897003174
YBL023C,YOR230W,0,-4.5458565,0.09249352663755417,0.5360000133514404,0.5259000062942505
YDL043C,YKL140W,0,-4.545858,0.09247756749391556,0.5360000133514404,0.5260000228881836
YDL079C,YHR188C,0,-4.5460873,0.09246161580085754,0.5360000133514404,0.5260999798774719
YFR046C,YJR153W,0,-4.5460877,0.09244567155838013,0.5360000133514404,0.526199996471405
YGR244C,YLR410W,0,-4.5461717,0.09242972731590271,0.5360000133514404,0.5263000130653381
YJR143C,YER083C,0,-4.5465164,0.09241379052400589,0.5360000133514404,0.5264000296592712
YOR334W,YCR037C,1,-4.5466785,0.0925702452659607,0.5370000004768372,0.5264000296592712
YDR276C,YGR008C,1,-4.5467978,0.09272664785385132,0.5379999876022339,0.5264000296592712
YPL270W,YIL068C,0,-4.547169,0.09271066635847092,0.5379999876022339,0.5264999866485596
YLR260W,YOR007C,0,-4.5475664,0.09269469231367111,0.5379999876022339,0.5266000032424927
YBR257W,YOR180C,0,-4.547591,0.0926787257194519,0.5379999876022339,0.5267000198364258
YLR008C,YPL127C,0,-4.5478306,0.0926627591252327,0.5379999876022339,0.5267999768257141
YML065W,YER027C,0,-4.5479774,0.09264680743217468,0.5379999876022339,0.5268999934196472
YMR232W,YPR189W,0,-4.5484624,0.09263085573911667,0.5379999876022339,0.5270000100135803
YPR113W,YGR248W,0,-4.5490756,0.09261491149663925,0.5379999876022339,0.5271000266075134
YOR304W,YHR193C,0,-4.549428,0.09259896725416183,0.5379999876022339,0.5271999835968018
YNL147W,YER025W,0,-4.5495224,0.09258303046226501,0.5379999876022339,0.5273000001907349
YER093C,YGL048C,0,-4.549648,0.09256710112094879,0.5379999876022339,0.527400016784668
YCL024W,YPL211W,0,-4.5496716,0.09255117923021317,0.5379999876022339,0.5274999737739563
YNL082W,YBL098W,0,-4.5500245,0.09253525733947754,0.5379999876022339,0.5275999903678894
YLR314C,YFL003C,0,-4.5503902,0.09251934289932251,0.5379999876022339,0.5277000069618225
YGR192C,YNL070W,0,-4.550538,0.09250343590974808,0.5379999876022339,0.5278000235557556
YER100W,YDR045C,0,-4.5505548,0.09248753637075424,0.5379999876022339,0.527899980545044
YBL034C,YHL036W,0,-4.5507,0.0924716368317604,0.5379999876022339,0.527999997138977
YNL309W,YGL105W,0,-4.5507197,0.09245574474334717,0.5379999876022339,0.5281000137329102
YGR129W,YDR296W,0,-4.551015,0.09243986010551453,0.5379999876022339,0.5281999707221985
YML021C,YGR213C,0,-4.551406,0.09242398291826248,0.5379999876022339,0.5282999873161316
YGL212W,YBR081C,0,-4.5515375,0.09240810573101044,0.5379999876022339,0.5284000039100647
YAL056W,YJL013C,0,-4.5516777,0.09239223599433899,0.5379999876022339,0.5285000205039978
YER061C,YIL173W,0,-4.5518203,0.09237637370824814,0.5379999876022339,0.5285999774932861
YGR078C,YIR004W,0,-4.551864,0.09236051142215729,0.5379999876022339,0.5286999940872192
YKR090W,YOL117W,0,-4.552083,0.09234466403722763,0.5379999876022339,0.5288000106811523
YLR033W,YLL008W,0,-4.5521293,0.09232881665229797,0.5379999876022339,0.5289000272750854
YOR057W,YDR489W,0,-4.5524015,0.09231296926736832,0.5379999876022339,0.5289999842643738
YPL078C,YDR384C,1,-4.552478,0.09246869385242462,0.5389999747276306,0.5289999842643738
YAL025C,YJL111W,0,-4.5525417,0.09245283156633377,0.5389999747276306,0.5291000008583069
YCL066W,YJR126C,0,-4.5525656,0.09243697673082352,0.5389999747276306,0.52920001745224
YBR106W,YPR067W,1,-4.552645,0.09259258955717087,0.5400000214576721,0.52920001745224
YGR078C,YNL101W,0,-4.55268,0.09257671982049942,0.5400000214576721,0.5292999744415283
YJL134W,YDR146C,0,-4.552809,0.09256085008382797,0.5400000214576721,0.5293999910354614
YNL032W,YCL039W,0,-4.552946,0.09254498779773712,0.5400000214576721,0.5295000076293945
YLR383W,YKL080W,0,-4.5529766,0.09252913296222687,0.5400000214576721,0.5296000242233276
YPL151C,YIL106W,0,-4.5530005,0.09251327812671661,0.5400000214576721,0.529699981212616
YDL161W,YBL039C,0,-4.553058,0.09249743074178696,0.5400000214576721,0.5297999978065491
YMR322C,YJL194W,0,-4.553204,0.0924815908074379,0.5400000214576721,0.5299000144004822
YOR080W,YGL209W,0,-4.5534186,0.09246575087308884,0.5400000214576721,0.5299999713897705
YLR246W,YHR001W-A,0,-4.5535374,0.09244992583990097,0.5400000214576721,0.5300999879837036
YKL099C,YPR131C,0,-4.5542526,0.0924341008067131,0.5400000214576721,0.5302000045776367
YHR050W,YBR024W,1,-4.554283,0.09258942306041718,0.5410000085830688,0.5302000045776367
YCR081W,YLL050C,0,-4.554289,0.09257358312606812,0.5410000085830688,0.5303000211715698
YPL128C,YNR046W,0,-4.554397,0.09255774319171906,0.5410000085830688,0.5303999781608582
YPL210C,YBR155W,0,-4.554473,0.09254191070795059,0.5410000085830688,0.5304999947547913
YGR275W,YER009W,0,-4.5545435,0.09252607822418213,0.5410000085830688,0.5306000113487244
YNL001W,YDR300C,0,-4.5545874,0.09251026064157486,0.5410000085830688,0.5307000279426575
YLR319C,YPL243W,0,-4.5546193,0.09249444305896759,0.5410000085830688,0.5307999849319458
YGR211W,YGL051W,0,-4.554632,0.09247863292694092,0.5410000085830688,0.5309000015258789
YBR223C,YKR066C,0,-4.55467,0.09246283024549484,0.5410000085830688,0.531000018119812
YDR218C,YLL038C,0,-4.554764,0.09244702756404877,0.5410000085830688,0.5310999751091003
YNR019W,YPR131C,0,-4.554861,0.09243123233318329,0.5410000085830688,0.5311999917030334
YHR053C,YDR296W,0,-4.5550146,0.09241544455289841,0.5410000085830688,0.5313000082969666
YNL293W,YGL244W,0,-4.5554,0.09239965677261353,0.5410000085830688,0.5314000248908997
YHR164C,YGR279C,0,-4.555439,0.09238387644290924,0.5410000085830688,0.531499981880188
YGL019W,YDL111C,0,-4.5555186,0.09236810356378555,0.5410000085830688,0.5315999984741211
YOR160W,YOR034C,0,-4.555561,0.09235233813524246,0.5410000085830688,0.5317000150680542
YLR424W,YDL245C,0,-4.5557756,0.09233657270669937,0.5410000085830688,0.5317999720573425
YMR142C,YNR017W,0,-4.5559835,0.09232082217931747,0.5410000085830688,0.5318999886512756
YPR006C,YNL070W,0,-4.5566783,0.09230506420135498,0.5410000085830688,0.5320000052452087
YLR433C,YGL033W,0,-4.5566807,0.09228932112455368,0.5410000085830688,0.5321000218391418
YJR006W,YEL003W,0,-4.5567107,0.09227357804775238,0.5410000085830688,0.5321999788284302
YDR040C,YOL027C,1,-4.556719,0.09242837876081467,0.5419999957084656,0.5321999788284302
YDL155W,YOR207C,0,-4.556746,0.09241262078285217,0.5419999957084656,0.5322999954223633
YDR363W-A,YJR083C,0,-4.5567484,0.09239686280488968,0.5419999957084656,0.5324000120162964
YNL068C,YOL095C,0,-4.5570765,0.09238111227750778,0.5419999957084656,0.5325000286102295
YOR288C,YPL240C,0,-4.5571055,0.09236536920070648,0.5419999957084656,0.5325999855995178
YGR281W,YPR034W,0,-4.557131,0.09234963357448578,0.5419999957084656,0.5327000021934509
YMR088C,YDL229W,0,-4.558066,0.09233389794826508,0.5419999957084656,0.532800018787384
YER145C,YML081C-A,1,-4.5581107,0.09248850494623184,0.5429999828338623,0.532800018787384
YBR117C,YNL012W,0,-4.558166,0.09247275441884995,0.5429999828338623,0.5328999757766724
YPL040C,YHR152W,0,-4.558459,0.09245700389146805,0.5429999828338623,0.5329999923706055
YJR135W-A,YJL034W,0,-4.558602,0.09244126826524734,0.5429999828338623,0.5331000089645386
YAR031W,YLL031C,0,-4.558703,0.09242553263902664,0.5429999828338623,0.5332000255584717
YER145C,YNR060W,1,-4.5587773,0.09257998317480087,0.5440000295639038,0.5332000255584717
YFR021W,YNL080C,0,-4.5588503,0.09256423264741898,0.5440000295639038,0.53329998254776
YML091C,YDL115C,0,-4.5591874,0.09254848957061768,0.5440000295639038,0.5333999991416931
YNR002C,YPL036W,1,-4.559188,0.09270284324884415,0.5450000166893005,0.5333999991416931
YML004C,YFL018C,0,-4.5593452,0.09268707782030106,0.5450000166893005,0.5335000157356262
YOL009C,YDR331W,0,-4.5593977,0.09267131239175797,0.5450000166893005,0.5335999727249146
YDR181C,YJR118C,0,-4.559693,0.09265556186437607,0.5450000166893005,0.5336999893188477
YGL106W,YGR165W,0,-4.5600004,0.09263981133699417,0.5450000166893005,0.5338000059127808
YPR095C,YBR244W,0,-4.560325,0.09262406826019287,0.5450000166893005,0.5339000225067139
YJR091C,YNL263C,0,-4.5606503,0.09260832518339157,0.5450000166893005,0.5339999794960022
YFR041C,YJR143C,0,-4.5611024,0.09259258955717087,0.5450000166893005,0.5340999960899353
YIL049W,YDR072C,0,-4.561158,0.09257686138153076,0.5450000166893005,0.5342000126838684
YHR118C,YDR178W,0,-4.561387,0.09256114065647125,0.5450000166893005,0.5343000292778015
YML099C,YNL106C,0,-4.5617614,0.09254542738199234,0.5450000166893005,0.5343999862670898
YNL054W,YML074C,0,-4.5618124,0.09252971410751343,0.5450000166893005,0.534500002861023
YBR082C,YOL002C,0,-4.5619802,0.09251400083303452,0.5450000166893005,0.534600019454956
YCL066W,YJL033W,0,-4.56242,0.0924983024597168,0.5450000166893005,0.5346999764442444
YGR112W,YFL037W,0,-4.5625076,0.09248260408639908,0.5450000166893005,0.5347999930381775
YML058W,YPR173C,0,-4.5626426,0.09246691316366196,0.5450000166893005,0.5349000096321106
YLR210W,YJR110W,0,-4.5626593,0.09245122969150543,0.5450000166893005,0.5350000262260437
YNL281W,YGL172W,0,-4.5627413,0.09243554621934891,0.5450000166893005,0.535099983215332
YGR072W,YOR162C,0,-4.5627937,0.09241987764835358,0.5450000166893005,0.5351999998092651
YER013W,YNR056C,0,-4.562912,0.09240420162677765,0.5450000166893005,0.5353000164031982
YNL037C,YAR008W,0,-4.5630975,0.09238854050636292,0.5450000166893005,0.5353999733924866
YDL106C,YLR276C,0,-4.5632076,0.09237287938594818,0.5450000166893005,0.5354999899864197
YDL074C,YNL070W,0,-4.5632815,0.09235722571611404,0.5450000166893005,0.5356000065803528
YNL293W,YBR186W,0,-4.563634,0.0923415794968605,0.5450000166893005,0.5357000231742859
YBR017C,YBR160W,0,-4.5636806,0.09232593327760696,0.5450000166893005,0.5357999801635742
YGL122C,YLR332W,0,-4.5638647,0.09231029450893402,0.5450000166893005,0.5358999967575073
YDR486C,YDR490C,0,-4.5638695,0.09229466319084167,0.5450000166893005,0.5360000133514404
YNL048W,YBR161W,0,-4.5638895,0.09227903932332993,0.5450000166893005,0.5360999703407288
YOR301W,YNL192W,0,-4.5639443,0.09226341545581818,0.5450000166893005,0.5361999869346619
YLR068W,YER177W,0,-4.564084,0.09224779903888702,0.5450000166893005,0.536300003528595
YKR009C,YHR077C,0,-4.564231,0.09223219007253647,0.5450000166893005,0.5364000201225281
YPR139C,YBR135W,0,-4.564255,0.09221658110618591,0.5450000166893005,0.5364999771118164
YOR083W,YDR062W,0,-4.564654,0.09220097959041595,0.5450000166893005,0.5365999937057495
YHR111W,YCL040W,0,-4.564666,0.09218538552522659,0.5450000166893005,0.5367000102996826
YNL291C,YJL198W,1,-4.564685,0.0923389121890068,0.5460000038146973,0.5367000102996826
YNL259C,YJL198W,1,-4.5652957,0.09249239414930344,0.546999990940094,0.5367000102996826
YLR096W,YDL208W,0,-4.5654345,0.0924767553806305,0.546999990940094,0.5368000268936157
YOR137C,YJL117W,1,-4.5656,0.09263015538454056,0.5479999780654907,0.5368000268936157
YIL114C,YEL065W,1,-4.565654,0.09278350323438644,0.5490000247955322,0.5368000268936157
YBR132C,YOL089C,0,-4.565807,0.09276782721281052,0.5490000247955322,0.536899983882904
YMR001C,YGR075C,0,-4.5658345,0.09275215119123459,0.5490000247955322,0.5370000004768372
YGL219C,YFL017W-A,0,-4.566071,0.09273649007081985,0.5490000247955322,0.5371000170707703
YBR131W,YGR284C,0,-4.5661306,0.09272082149982452,0.5490000247955322,0.5371999740600586
YLR362W,YBR127C,0,-4.5663605,0.09270516782999039,0.5490000247955322,0.5372999906539917
YER159C,YGR030C,0,-4.5664186,0.09268951416015625,0.5490000247955322,0.5374000072479248
YGL225W,YPR021C,0,-4.5664554,0.09267386794090271,0.5490000247955322,0.5375000238418579
YCR037C,YOL027C,1,-4.5664945,0.09282700717449188,0.550000011920929,0.5375000238418579
YHR060W,YNL080C,0,-4.5665264,0.09281133860349655,0.550000011920929,0.5375999808311462
YGR147C,YHR107C,0,-4.566758,0.09279567748308182,0.550000011920929,0.5376999974250793
YOL027C,YDR039C,1,-4.5669546,0.09294871985912323,0.5509999990463257,0.5376999974250793
YBR082C,YFL037W,0,-4.5674105,0.0929330438375473,0.5509999990463257,0.5378000140190125
YGL200C,YML127W,0,-4.5674195,0.09291736781597137,0.5509999990463257,0.5378999710083008
YNL323W,YNL278W,0,-4.567589,0.09290169924497604,0.5509999990463257,0.5379999876022339
YPL123C,YIL132C,0,-4.5676355,0.09288603812456131,0.5509999990463257,0.538100004196167
YAL002W,YNL177C,0,-4.5677247,0.09287038445472717,0.5509999990463257,0.5382000207901001
YLL050C,YNL159C,0,-4.567725,0.09285473823547363,0.5509999990463257,0.5382999777793884
YDR489W,YBR008C,0,-4.5679336,0.09283909201622009,0.5509999990463257,0.5383999943733215
YLR136C,YOR008C,0,-4.567998,0.09282345324754715,0.5509999990463257,0.5385000109672546
YNL331C,YMR005W,0,-4.568194,0.0928078144788742,0.5509999990463257,0.5386000275611877
YAL007C,YKL068W,0,-4.5683794,0.09279218316078186,0.5509999990463257,0.5386999845504761
YDR153C,YAL042W,0,-4.5686836,0.09277655929327011,0.5509999990463257,0.5388000011444092
YGL071W,YDR298C,1,-4.56875,0.09292929619550705,0.5519999861717224,0.5388000011444092
YPL060W,YBL099W,1,-4.5691333,0.09308197349309921,0.5529999732971191,0.5388000011444092
YMR197C,YMR015C,0,-4.5693583,0.09306630492210388,0.5529999732971191,0.5389000177383423
YLL043W,YOR023C,0,-4.5701323,0.09305065125226974,0.5529999732971191,0.5389999747276306
YPR070W,YBR193C,0,-4.5709085,0.09303499013185501,0.5529999732971191,0.5390999913215637
YHR084W,YML085C,0,-4.571016,0.09301934391260147,0.5529999732971191,0.5392000079154968
YDR130C,YER147C,0,-4.571311,0.09300369769334793,0.5529999732971191,0.5393000245094299
YNL253W,YIR006C,0,-4.571524,0.09298805892467499,0.5529999732971191,0.5393999814987183
YOR094W,YER177W,0,-4.5717764,0.09297242760658264,0.5529999732971191,0.5394999980926514
YKR022C,YHR012W,0,-4.571838,0.0929567962884903,0.5529999732971191,0.5396000146865845
YDR135C,YPL164C,0,-4.5721664,0.09294117987155914,0.5529999732971191,0.5396999716758728
YBR170C,YGR286C,0,-4.5724506,0.0929255560040474,0.5529999732971191,0.5397999882698059
YDL004W,YNL055C,1,-4.572475,0.09307795763015747,0.5540000200271606,0.5397999882698059
YJL156C,YOR153W,0,-4.5726604,0.09306231886148453,0.5540000200271606,0.539900004863739
YPR182W,YMR184W,0,-4.5729604,0.09304669499397278,0.5540000200271606,0.5400000214576721
YCR018C,YML124C,0,-4.573297,0.09303106367588043,0.5540000200271606,0.5400999784469604
YLR097C,YOR075W,0,-4.573392,0.09301544725894928,0.5540000200271606,0.5401999950408936
YJL133W,YLR092W,1,-4.5737104,0.09316769987344742,0.5550000071525574,0.5401999950408936
YNR026C,YMR190C,0,-4.573805,0.09315206110477448,0.5550000071525574,0.5403000116348267
YHR115C,YDR379W,0,-4.5738244,0.09313642978668213,0.5550000071525574,0.5404000282287598
YGR211W,YLR157C,0,-4.57386,0.09312080591917038,0.5550000071525574,0.5404999852180481
YDR113C,YDR503C,0,-4.5742316,0.09310518205165863,0.5550000071525574,0.5406000018119812
YGR003W,YJL098W,0,-4.574283,0.09308956563472748,0.5550000071525574,0.5407000184059143
YDR320C-A,YPL117C,0,-4.5745316,0.09307395666837692,0.5550000071525574,0.5407999753952026
YBR173C,YJL157C,0,-4.5746636,0.09305834770202637,0.5550000071525574,0.5408999919891357
YPR111W,YGL097W,0,-4.5746813,0.09304274618625641,0.5550000071525574,0.5410000085830688
YOR267C,YDR479C,0,-4.5747404,0.09302715212106705,0.5550000071525574,0.541100025177002
YML011C,YNL243W,0,-4.5747747,0.09301156550645828,0.5550000071525574,0.5411999821662903
YPL241C,YDR211W,0,-4.574788,0.09299597889184952,0.5550000071525574,0.5412999987602234
YIL023C,YEL065W,1,-4.575199,0.09314793348312378,0.5559999942779541,0.5412999987602234
YGR092W,YLL022C,0,-4.575243,0.09313233196735382,0.5559999942779541,0.5414000153541565
YMR235C,YNL186W,0,-4.57528,0.09311673045158386,0.5559999942779541,0.5414999723434448
YPR132W,YIR004W,0,-4.5754704,0.0931011363863945,0.5559999942779541,0.5415999889373779
YOR123C,YFR034C,0,-4.575651,0.09308554977178574,0.5559999942779541,0.541700005531311
YDL078C,YDR235W,0,-4.5757213,0.09306997060775757,0.5559999942779541,0.5418000221252441
YCL034W,YBR161W,0,-4.5759006,0.0930543914437294,0.5559999942779541,0.5418999791145325
YKL008C,YNL002C,0,-4.576034,0.09303881973028183,0.5559999942779541,0.5419999957084656
YFL037W,YBR060C,0,-4.5762486,0.09302325546741486,0.5559999942779541,0.5421000123023987
YHR004C,YER110C,0,-4.576283,0.09300769120454788,0.5559999942779541,0.5422000288963318
YKL040C,YKR097W,0,-4.5764365,0.0929921418428421,0.5559999942779541,0.5422999858856201
YLR228C,YHR154W,0,-4.5766163,0.09297658503055573,0.5559999942779541,0.5424000024795532
YKR014C,YOR182C,0,-4.5766478,0.09296104311943054,0.5559999942779541,0.5425000190734863
YDR524C,YKR056W,0,-4.57691,0.09294550120830536,0.5559999942779541,0.5425999760627747
YML092C,YDR178W,0,-4.5769453,0.09292996674776077,0.5559999942779541,0.5426999926567078
YNR026C,YDR027C,0,-4.5769873,0.09291443973779678,0.5559999942779541,0.5428000092506409
YKL051W,YDL244W,0,-4.577074,0.0928989127278328,0.5559999942779541,0.542900025844574
YDL044C,YGR009C,0,-4.5772142,0.0928833931684494,0.5559999942779541,0.5429999828338623
YML031W,YHL036W,0,-4.57723,0.0928678810596466,0.5559999942779541,0.5430999994277954
YDL106C,YNL257C,0,-4.5773287,0.09285236895084381,0.5559999942779541,0.5432000160217285
YEL053C,YBR237W,0,-4.578137,0.09283686429262161,0.5559999942779541,0.5432999730110168
YJR110W,YPL127C,0,-4.578243,0.09282136708498001,0.5559999942779541,0.54339998960495
YJR006W,YDR120C,0,-4.57845,0.092805877327919,0.5559999942779541,0.5435000061988831
YKL160W,YDL031W,0,-4.578665,0.092790387570858,0.5559999942779541,0.5436000227928162
YPR017C,YAL015C,0,-4.5787745,0.0927749052643776,0.5559999942779541,0.5436999797821045
YNL264C,YNL101W,0,-4.5790143,0.09275942295789719,0.5559999942779541,0.5437999963760376
YMR076C,YPL160W,0,-4.5796266,0.09274395555257797,0.5559999942779541,0.5439000129699707
YJR035W,YHR081W,0,-4.5799093,0.09272848814725876,0.5559999942779541,0.5440000295639038
YOR119C,YOR156C,0,-4.579997,0.09271302074193954,0.5559999942779541,0.5440999865531921
YDR013W,YNL261W,0,-4.580009,0.09269756823778152,0.5559999942779541,0.5442000031471252
YJL176C,YBR218C,0,-4.5803246,0.0926821157336235,0.5559999942779541,0.5443000197410583
YGL127C,YBR185C,0,-4.580394,0.09266666322946548,0.5559999942779541,0.5443999767303467
YCR098C,YBR106W,1,-4.5804234,0.09281786531209946,0.5569999814033508,0.5443999767303467
YDR263C,YGR128C,0,-4.5804453,0.09280239790678024,0.5569999814033508,0.5444999933242798
YDR027C,YDL137W,0,-4.580637,0.09278693795204163,0.5569999814033508,0.5446000099182129
YML048W,YDR427W,0,-4.580729,0.0927714854478836,0.5569999814033508,0.544700026512146
YOR028C,YAL015C,0,-4.5809293,0.09275603294372559,0.5569999814033508,0.5447999835014343
YML128C,YOR332W,0,-4.581049,0.09274059534072876,0.5569999814033508,0.5449000000953674
YDL077C,YIL013C,0,-4.5812855,0.09272515028715134,0.5569999814033508,0.5450000166893005
YDR206W,YIR006C,0,-4.5813875,0.09270972013473511,0.5569999814033508,0.5450999736785889
YGL126W,YIL126W,0,-4.5814333,0.09269428998231888,0.5569999814033508,0.545199990272522
YJR143C,YLL050C,0,-4.5815635,0.09267886728048325,0.5569999814033508,0.5453000068664551
YJL168C,YCL001W,0,-4.581696,0.09266345202922821,0.5569999814033508,0.5454000234603882
YEL060C,YKL140W,0,-4.582029,0.09264803677797318,0.5569999814033508,0.5454999804496765
YMR142C,YFL004W,0,-4.5821867,0.09263262897729874,0.5569999814033508,0.5455999970436096
YGR166W,YBR060C,0,-4.582286,0.0926172286272049,0.5569999814033508,0.5457000136375427
YNR002C,YBR290W,1,-4.5826287,0.09276808053255081,0.5580000281333923,0.5457000136375427
YDR490C,YOR347C,0,-4.582657,0.09275265783071518,0.5580000281333923,0.545799970626831
YNL310C,YOL129W,0,-4.582672,0.09273724257946014,0.5580000281333923,0.5458999872207642
YPR052C,YIL009C-A,0,-4.5828905,0.0927218347787857,0.5580000281333923,0.5460000038146973
YPL076W,YDL090C,0,-4.582904,0.09270642697811127,0.5580000281333923,0.5461000204086304
YPL048W,YBR218C,0,-4.58311,0.09269102662801743,0.5580000281333923,0.5461999773979187
YKL059C,YER172C,0,-4.5833817,0.09267563372850418,0.5580000281333923,0.5462999939918518
YGR157W,YPR033C,0,-4.583651,0.09266024827957153,0.5580000281333923,0.5464000105857849
YLR008C,YIL013C,0,-4.5836997,0.09264486283063889,0.5580000281333923,0.546500027179718
YKR052C,YJL117W,1,-4.583728,0.0927954837679863,0.5590000152587891,0.546500027179718
YGL055W,YCR066W,0,-4.5839376,0.09278008341789246,0.5590000152587891,0.5465999841690063
YDR040C,YPL036W,1,-4.584076,0.0929306373000145,0.5600000023841858,0.5465999841690063
YDR281C,YJR108W,0,-4.5841312,0.09291521459817886,0.5600000023841858,0.5467000007629395
YJL041W,YBR161W,0,-4.584348,0.09289979934692383,0.5600000023841858,0.5468000173568726
YDR039C,YBR296C,1,-4.5846977,0.09305025637149811,0.5609999895095825,0.5468000173568726
YLL021W,YOL095C,0,-4.5848327,0.09303482621908188,0.5609999895095825,0.5468999743461609
YBL004W,YNL201C,0,-4.584908,0.09301939606666565,0.5609999895095825,0.546999990940094
YGR097W,YLL024C,0,-4.5850034,0.09300398081541061,0.5609999895095825,0.5471000075340271
YIL023C,YLL015W,1,-4.5850215,0.09315431863069534,0.5619999766349792,0.5471000075340271
YPL218W,YNL243W,0,-4.585196,0.09313888102769852,0.5619999766349792,0.5472000241279602
YER049W,YNL136W,0,-4.585303,0.09312344342470169,0.5619999766349792,0.5472999811172485
YKL008C,YCR083W,0,-4.585678,0.09310802072286606,0.5619999766349792,0.5473999977111816
YDL013W,YHR015W,0,-4.585683,0.09309259802103043,0.5619999766349792,0.5475000143051147
YNL312W,YPR185W,0,-4.5858755,0.0930771753191948,0.5619999766349792,0.5475999712944031
YEL053C,YJL025W,0,-4.585881,0.09306176751852036,0.5619999766349792,0.5476999878883362
YGR119C,YIL021W,0,-4.585885,0.09304635971784592,0.5619999766349792,0.5478000044822693
YKR065C,YOR298C-A,0,-4.586035,0.09303095191717148,0.5619999766349792,0.5479000210762024
YDR087C,YDR372C,0,-4.5860415,0.09301555901765823,0.5619999766349792,0.5479999780654907
YMR168C,YBR114W,0,-4.586095,0.09300016611814499,0.5619999766349792,0.5480999946594238
YMR012W,YBR253W,0,-4.58624,0.09298478066921234,0.5619999766349792,0.5482000112533569
YOL008W,YNL126W,0,-4.5864053,0.0929693952202797,0.5619999766349792,0.54830002784729
YIL114C,YJL117W,1,-4.5864058,0.09311942011117935,0.5630000233650208,0.54830002784729
YPR199C,YDR331W,0,-4.58647,0.09310401976108551,0.5630000233650208,0.5483999848365784
YNR053C,YDR470C,0,-4.5865088,0.09308862686157227,0.5630000233650208,0.5485000014305115
YOR334W,YJL117W,1,-4.5866675,0.09323855489492416,0.5640000104904175,0.5485000014305115
YLR394W,YDL069C,0,-4.5867586,0.09322313964366913,0.5640000104904175,0.5486000180244446
YGL038C,YCL010C,0,-4.586863,0.09320773184299469,0.5640000104904175,0.5486999750137329
YJR125C,YER065C,0,-4.586881,0.09319233149290085,0.5640000104904175,0.548799991607666
YCL011C,YDR418W,0,-4.586977,0.0931769385933876,0.5640000104904175,0.5489000082015991
YOR320C,YKR057W,0,-4.586982,0.09316154569387436,0.5640000104904175,0.5490000247955322
YCR066W,YKL113C,0,-4.587082,0.09314616024494171,0.5640000104904175,0.5490999817848206
YOL130W,YNL291C,1,-4.587134,0.09329590201377869,0.5649999976158142,0.5490999817848206
YML081C-A,YHR050W,1,-4.587326,0.09344559907913208,0.5659999847412109,0.5490999817848206
YLR417W,YFR001W,0,-4.587406,0.09343017637729645,0.5659999847412109,0.5491999983787537
YEL002C,YLR318W,0,-4.5878463,0.09341475367546082,0.5659999847412109,0.5493000149726868
YMR127C,YNL253W,0,-4.588101,0.09339933842420578,0.5659999847412109,0.5493999719619751
YIL114C,YGL255W,1,-4.588108,0.09354891628026962,0.5669999718666077,0.5493999719619751
YKR060W,YGL143C,0,-4.5881863,0.0935334861278534,0.5669999718666077,0.5494999885559082
YGL201C,YJL106W,0,-4.5882063,0.09351806342601776,0.5669999718666077,0.5496000051498413
YGR167W,YOR244W,0,-4.5883594,0.09350264072418213,0.5669999718666077,0.5497000217437744
YEL013W,YER003C,0,-4.5885353,0.0934872254729271,0.5669999718666077,0.5497999787330627
YGL071W,YLR411W,1,-4.5888467,0.0936366617679596,0.5680000185966492,0.5497999787330627
YKR027W,YJL165C,0,-4.588863,0.09362123161554337,0.5680000185966492,0.5498999953269958
YNL288W,YGR268C,0,-4.588867,0.09360580146312714,0.5680000185966492,0.550000011920929
YBL082C,YPL167C,0,-4.588909,0.0935903787612915,0.5680000185966492,0.5501000285148621
YPR139C,YDR283C,0,-4.5889497,0.09357495605945587,0.5680000185966492,0.5501999855041504
YIR010W,YHR041C,0,-4.5889506,0.09355954825878143,0.5680000185966492,0.5503000020980835
YJR013W,YER133W,0,-4.5891333,0.093544140458107,0.5680000185966492,0.5504000186920166
YJL106W,YIR025W,0,-4.5892086,0.09352873265743256,0.5680000185966492,0.5504999756813049
YPL151C,YCR089W,0,-4.589238,0.09351333230733871,0.5680000185966492,0.550599992275238
YPL097W,YGR231C,0,-4.5892696,0.09349793940782547,0.5680000185966492,0.5507000088691711
YEL071W,YOR067C,0,-4.589587,0.09348255395889282,0.5680000185966492,0.5508000254631042
YOR288C,YOR117W,0,-4.5901637,0.09346716850996017,0.5680000185966492,0.5508999824523926
YNL074C,YJR108W,0,-4.590472,0.09345179051160812,0.5680000185966492,0.5509999990463257
YDR470C,YPL242C,0,-4.590496,0.09343641996383667,0.5680000185966492,0.5511000156402588
YIL154C,YDR254W,0,-4.590529,0.09342104941606522,0.5680000185966492,0.5511999726295471
YER127W,YGR284C,0,-4.5906525,0.09340568631887436,0.5680000185966492,0.5512999892234802
YGL066W,YBL015W,0,-4.5909324,0.0933903306722641,0.5680000185966492,0.5514000058174133
YDR108W,YPR140W,0,-4.5911465,0.09337498247623444,0.5680000185966492,0.5515000224113464
YPR141C,YGL219C,0,-4.5913115,0.09335963428020477,0.5680000185966492,0.5515999794006348
YKL006C-A,YNR074C,0,-4.591418,0.09334428608417511,0.5680000185966492,0.5516999959945679
YEL069C,YJR068W,0,-4.5917373,0.09332895278930664,0.5680000185966492,0.551800012588501
YDR123C,YGL018C,0,-4.591965,0.09331361949443817,0.5680000185966492,0.5519000291824341
YMR164C,YBR093C,0,-4.591983,0.0932982936501503,0.5680000185966492,0.5519999861717224
YMR236W,YNL061W,0,-4.59201,0.09328296780586243,0.5680000185966492,0.5521000027656555
YDL194W,YGR186W,0,-4.592198,0.09326764941215515,0.5680000185966492,0.5522000193595886
YKR076W,YPL181W,0,-4.5923314,0.09325233846902847,0.5680000185966492,0.552299976348877
YIL023C,YOL158C,1,-4.5924406,0.09340117871761322,0.5690000057220459,0.552299976348877
YFL002C,YBL006C,0,-4.592638,0.09338585287332535,0.5690000057220459,0.5523999929428101
YKL220C,YCR037C,1,-4.592653,0.09353462606668472,0.5699999928474426,0.5523999929428101
YGR199W,YLR381W,0,-4.592713,0.09351927787065506,0.5699999928474426,0.5525000095367432
YOR078W,YGL173C,0,-4.592828,0.093503937125206,0.5699999928474426,0.5526000261306763
YIR005W,YDR219C,0,-4.592857,0.09348860383033752,0.5699999928474426,0.5526999831199646
YGR141W,YPR019W,0,-4.592888,0.09347327053546906,0.5699999928474426,0.5527999997138977
YER155C,YGR211W,0,-4.592948,0.09345794469118118,0.5699999928474426,0.5529000163078308
YNL126W,YIL042C,0,-4.5934296,0.09344262629747391,0.5699999928474426,0.5529999732971191
YEL029C,YER118C,0,-4.593457,0.09342730790376663,0.5699999928474426,0.5530999898910522
YKL160W,YOR335C,0,-4.5938177,0.09341199696063995,0.5699999928474426,0.5532000064849854
YLR264W,YKL165C,0,-4.5939407,0.09339669346809387,0.5699999928474426,0.5533000230789185
YMR296C,YBR200W,0,-4.593961,0.09338138997554779,0.5699999928474426,0.5533999800682068
YGL249W,YIL126W,0,-4.5942483,0.0933660939335823,0.5699999928474426,0.5534999966621399
YGR278W,YPR046W,0,-4.594322,0.09335080534219742,0.5699999928474426,0.553600013256073
YDL099W,YOL145C,0,-4.5946436,0.09333551675081253,0.5699999928474426,0.5536999702453613
YLR051C,YDR013W,0,-4.594739,0.09332023561000824,0.5699999928474426,0.5537999868392944
YJL146W,YHR098C,0,-4.594906,0.09330496191978455,0.5699999928474426,0.5539000034332275
YIL035C,YDL069C,0,-4.594982,0.09328968822956085,0.5699999928474426,0.5540000200271606
YLR242C,YGL019W,0,-4.5950007,0.09327442198991776,0.5699999928474426,0.554099977016449
YPR094W,YOR351C,0,-4.5954094,0.09325916320085526,0.5699999928474426,0.5541999936103821
YIR028W,YNL283C,0,-4.595689,0.09324390441179276,0.5699999928474426,0.5543000102043152
YOR020C,YGR213C,0,-4.5960245,0.09322865307331085,0.5699999928474426,0.5544000267982483
YDR195W,YDR381W,0,-4.5960827,0.09321340918540955,0.5699999928474426,0.5544999837875366
YJR135W-A,YPL218W,0,-4.5962124,0.09319816529750824,0.5699999928474426,0.5546000003814697
YDR270W,YML121W,1,-4.5962377,0.09334640949964523,0.5709999799728394,0.5546000003814697
YNL214W,YNL239W,0,-4.596254,0.09333115071058273,0.5709999799728394,0.5547000169754028
YGL020C,YMR177W,0,-4.596286,0.09331589937210083,0.5709999799728394,0.5547999739646912
YNL312W,YBR155W,0,-4.5964346,0.09330065548419952,0.5709999799728394,0.5548999905586243
YMR247C,YER114C,0,-4.5971346,0.09328541159629822,0.5709999799728394,0.5550000071525574
YCR089W,YML031W,0,-4.597624,0.09327017515897751,0.5709999799728394,0.5551000237464905
YDL220C,YLR114C,0,-4.5978317,0.0932549387216568,0.5709999799728394,0.5551999807357788
YAL040C,YMR095C,0,-4.5978727,0.09323970973491669,0.5709999799728394,0.5552999973297119
YLR154C,YPL129W,0,-4.5981045,0.09322448819875717,0.5709999799728394,0.555400013923645
YKR061W,YLR265C,0,-4.598133,0.09320927411317825,0.5709999799728394,0.5554999709129333
YPL019C,YER019W,0,-4.5982265,0.09319406002759933,0.5709999799728394,0.5555999875068665
YDL106C,YDR122W,0,-4.598295,0.09317885339260101,0.5709999799728394,0.5557000041007996
YOR340C,YKL130C,0,-4.598399,0.09316364675760269,0.5709999799728394,0.5558000206947327
YKL213C,YML110C,0,-4.5985165,0.09314844757318497,0.5709999799728394,0.555899977684021
YDR159W,YEL013W,0,-4.598609,0.09313325583934784,0.5709999799728394,0.5559999942779541
YPL235W,YJR083C,0,-4.5988345,0.09311807155609131,0.5709999799728394,0.5561000108718872
YDL047W,YOL017W,0,-4.5990286,0.09310288727283478,0.5709999799728394,0.5562000274658203
YLR384C,YDR205W,0,-4.599136,0.09308771044015884,0.5709999799728394,0.5562999844551086
YMR127C,YMR260C,0,-4.599359,0.09307253360748291,0.5709999799728394,0.5564000010490417
YMR012W,YMR175W,0,-4.599373,0.09305736422538757,0.5709999799728394,0.5565000176429749
YDR130C,YPR032W,0,-4.5993776,0.09304220229387283,0.5709999799728394,0.5565999746322632
YLL019C,YDR146C,0,-4.5996733,0.09302704781293869,0.5709999799728394,0.5566999912261963
YBR024W,YLR411W,1,-4.599737,0.09317478537559509,0.5720000267028809,0.5566999912261963
YCL029C,YOL049W,0,-4.599818,0.09315960854291916,0.5720000267028809,0.5568000078201294
YMR298W,YFR030W,0,-4.600337,0.09314443916082382,0.5720000267028809,0.5569000244140625
YKL214C,YBR154C,0,-4.6004677,0.09312927722930908,0.5720000267028809,0.5569999814033508
YOL027C,YOR137C,1,-4.6006,0.09327690303325653,0.5730000138282776,0.5569999814033508
YDR205W,YGR227W,0,-4.6006775,0.09326171875,0.5730000138282776,0.5570999979972839
YPL060W,YLR130C,1,-4.6007257,0.09340927749872208,0.5740000009536743,0.5570999979972839
YPL125W,YGL105W,0,-4.600802,0.09339407831430435,0.5740000009536743,0.557200014591217
YCR098C,YJR077C,1,-4.6009626,0.09354156255722046,0.574999988079071,0.557200014591217
YGL201C,YOR335C,0,-4.6010637,0.09352634847164154,0.574999988079071,0.5572999715805054
YNR043W,YKL204W,0,-4.601095,0.09351114183664322,0.574999988079071,0.5573999881744385
YPR068C,YPL164C,0,-4.6011467,0.0934959352016449,0.574999988079071,0.5575000047683716
YDR492W,YDR280W,0,-4.6012506,0.09348073601722717,0.574999988079071,0.5576000213623047
YGR075C,YGR188C,0,-4.601488,0.09346553683280945,0.574999988079071,0.557699978351593
YJR040W,YOR231W,0,-4.6015143,0.09345035254955292,0.574999988079071,0.5577999949455261
YMR246W,YIL042C,0,-4.6016107,0.09343516081571579,0.574999988079071,0.5579000115394592
YOR028C,YGR231C,0,-4.6017013,0.09341998398303986,0.574999988079071,0.5580000281333923
YNL161W,YOR040W,0,-4.601742,0.09340480715036392,0.574999988079071,0.5580999851226807
YGL168W,YBL098W,0,-4.6017637,0.09338963776826859,0.574999988079071,0.5582000017166138
YGL051W,YNL281W,0,-4.6017704,0.09337447583675385,0.574999988079071,0.5583000183105469
YER036C,YOL002C,0,-4.601818,0.0933593139052391,0.574999988079071,0.5583999752998352
YIL132C,YGR225W,0,-4.601945,0.09334415942430496,0.574999988079071,0.5584999918937683
YIL098C,YJL207C,0,-4.601956,0.09332900494337082,0.574999988079071,0.5586000084877014
YLR254C,YHR193C,0,-4.602472,0.09331385791301727,0.574999988079071,0.5587000250816345
YIL118W,YBR131W,0,-4.6025147,0.09329871833324432,0.574999988079071,0.5587999820709229
YML120C,YKL053C-A,0,-4.6026034,0.09328357875347137,0.574999988079071,0.558899998664856
YCL024W,YDL197C,0,-4.602816,0.09326845407485962,0.574999988079071,0.5590000152587891
YMR298W,YLR318W,0,-4.603049,0.09325332194566727,0.574999988079071,0.5590999722480774
YLR277C,YMR197C,0,-4.6039495,0.09323820471763611,0.574999988079071,0.5591999888420105
YBR037C,YGR217W,1,-4.604034,0.09338521212339401,0.5759999752044678,0.5591999888420105
YLR424W,YDR013W,0,-4.6042414,0.09337007254362106,0.5759999752044678,0.5593000054359436
YDL095W,YLR340W,0,-4.604431,0.09335494041442871,0.5759999752044678,0.5594000220298767
YOL165C,YPR019W,0,-4.6044426,0.09333981573581696,0.5759999752044678,0.559499979019165
YML010W,YKL179C,0,-4.604477,0.0933246910572052,0.5759999752044678,0.5595999956130981
YNL251C,YGL004C,0,-4.6045885,0.09330957382917404,0.5759999752044678,0.5597000122070312
YLR397C,YDL002C,0,-4.604823,0.09329446405172348,0.5759999752044678,0.5598000288009644
YPL274W,YDR301W,0,-4.6050262,0.09327935427427292,0.5759999752044678,0.5598999857902527
YLL006W,YIL034C,0,-4.605363,0.09326425194740295,0.5759999752044678,0.5600000023841858
YGR209C,YOR004W,0,-4.605423,0.09324914962053299,0.5759999752044678,0.5601000189781189
YGR278W,YPR088C,0,-4.6054435,0.09323405474424362,0.5759999752044678,0.5601999759674072
YKL064W,YNL259C,1,-4.6055098,0.09338080883026123,0.5770000219345093,0.5601999759674072
YGL181W,YMR146C,0,-4.6055903,0.09336569905281067,0.5770000219345093,0.5602999925613403
YOR157C,YOR226C,0,-4.6061974,0.09335058927536011,0.5770000219345093,0.5604000091552734
YPL042C,YER164W,0,-4.6064286,0.09333548694849014,0.5770000219345093,0.5605000257492065
YDL128W,YOL077W-A,1,-4.606532,0.0934821292757988,0.578000009059906,0.5605000257492065
YDR054C,YDL197C,0,-4.606811,0.09346701204776764,0.578000009059906,0.5605999827384949
YKR054C,YIL033C,0,-4.606909,0.09345190227031708,0.578000009059906,0.560699999332428
YKL095W,YNL278W,0,-4.6070833,0.09343679249286652,0.578000009059906,0.5608000159263611
YER123W,YBR023C,0,-4.6071444,0.09342169016599655,0.578000009059906,0.5608999729156494
YHR204W,YDL112W,0,-4.6071815,0.09340659528970718,0.578000009059906,0.5609999895095825
YGL158W,YAL007C,0,-4.6074266,0.09339150041341782,0.578000009059906,0.5611000061035156
YPR068C,YER165W,0,-4.607665,0.09337641298770905,0.578000009059906,0.5612000226974487
YDR459C,YNL304W,0,-4.6077557,0.09336133301258087,0.578000009059906,0.5612999796867371
YOR020C,YIL009W,0,-4.6078744,0.0933462530374527,0.578000009059906,0.5613999962806702
YPR189W,YBL085W,0,-4.608053,0.09333118051290512,0.578000009059906,0.5615000128746033
YBR171W,YBR272C,0,-4.60811,0.09331611543893814,0.578000009059906,0.5616000294685364
YGL227W,YPL020C,0,-4.6082587,0.09330105036497116,0.578000009059906,0.5616999864578247
YHR191C,YPL239W,0,-4.608573,0.09328599274158478,0.578000009059906,0.5618000030517578
YBR171W,YJL209W,0,-4.608856,0.0932709351181984,0.578000009059906,0.5619000196456909
YGR245C,YCL051W,0,-4.6089954,0.0932558923959732,0.578000009059906,0.5619999766349792
YNL029C,YJR108W,0,-4.6090546,0.09324084222316742,0.578000009059906,0.5620999932289124
YKL172W,YHR181W,0,-4.6091967,0.09322580695152283,0.578000009059906,0.5622000098228455
YJL020C,YNL325C,0,-4.609453,0.09321077167987823,0.578000009059906,0.5623000264167786
YOR250C,YNL325C,0,-4.609506,0.09319574385881424,0.578000009059906,0.5623999834060669
YLR068W,YDL115C,0,-4.60955,0.09318071603775024,0.578000009059906,0.5625
YBR119W,YOL095C,0,-4.609641,0.09316570311784744,0.578000009059906,0.5626000165939331
YDR087C,YNL330C,0,-4.6098924,0.09315068274736404,0.578000009059906,0.5626999735832214
YIL017C,YOL151W,0,-4.6103525,0.09313567727804184,0.578000009059906,0.5627999901771545
YKL040C,YOR191W,0,-4.6103964,0.09312067180871964,0.578000009059906,0.5629000067710876
YCR077C,YJR144W,0,-4.6104794,0.09310567378997803,0.578000009059906,0.5630000233650208
YHR175W,YDR040C,1,-4.610608,0.09325173497200012,0.5789999961853027,0.5630000233650208
YGR135W,YDR440W,0,-4.611059,0.09323671460151672,0.5789999961853027,0.5630999803543091
YGR024C,YJR153W,0,-4.6112194,0.09322170168161392,0.5789999961853027,0.5631999969482422
YKL093W,YOR075W,0,-4.6112394,0.09320669621229172,0.5789999961853027,0.5633000135421753
YNL257C,YCR063W,0,-4.611689,0.09319169819355011,0.5789999961853027,0.5633999705314636
YER151C,YLR229C,0,-4.6118584,0.0931767001748085,0.5789999961853027,0.5634999871253967
YDR276C,YOL077W-A,1,-4.6118703,0.09332260489463806,0.5799999833106995,0.5634999871253967
YNL246W,YPL256C,0,-4.6119986,0.09330759197473526,0.5799999833106995,0.5636000037193298
YOR335C,YDR013W,0,-4.6120734,0.09329258650541306,0.5799999833106995,0.5637000203132629
YJL133W,YGR008C,1,-4.612219,0.09343840181827545,0.5809999704360962,0.5637000203132629
YBR298C,YOL088C,0,-4.612297,0.09342338144779205,0.5809999704360962,0.5637999773025513
YDR463W,YGR202C,0,-4.612521,0.09340836107730865,0.5809999704360962,0.5638999938964844
YNL006W,YPR075C,0,-4.612619,0.09339334815740585,0.5809999704360962,0.5640000104904175
YPL031C,YPL177C,0,-4.6129875,0.09337833523750305,0.5809999704360962,0.5641000270843506
YLR262C,YBR188C,0,-4.6132183,0.09336332976818085,0.5809999704360962,0.5641999840736389
YBR295W,YDL128W,1,-4.613482,0.0935089960694313,0.5820000171661377,0.5641999840736389
YJR132W,YGL092W,0,-4.613605,0.0934939756989479,0.5820000171661377,0.564300000667572
YDR364C,YBR160W,0,-4.613701,0.0934789627790451,0.5820000171661377,0.5644000172615051
YIL098C,YBR164C,0,-4.6137633,0.0934639498591423,0.5820000171661377,0.5644999742507935
YOL108C,YDR427W,0,-4.6141253,0.0934489369392395,0.5820000171661377,0.5645999908447266
YKL108W,YCR092C,0,-4.614135,0.0934339389204979,0.5820000171661377,0.5647000074386597
YPL010W,YDR398W,0,-4.614259,0.09341894090175629,0.5820000171661377,0.5648000240325928
YGL249W,YOR094W,0,-4.6142893,0.09340395033359528,0.5820000171661377,0.5648999810218811
YML099C,YOR113W,0,-4.6143346,0.09338895976543427,0.5820000171661377,0.5649999976158142
YPR171W,YNR067C,0,-4.6147203,0.09337397664785385,0.5820000171661377,0.5651000142097473
YBR043C,YBR214W,0,-4.6147833,0.09335900098085403,0.5820000171661377,0.5651999711990356
YDR362C,YNL135C,0,-4.614806,0.09334402531385422,0.5820000171661377,0.5652999877929688
YMR277W,YMR093W,0,-4.615712,0.093329057097435,0.5820000171661377,0.5654000043869019
YGR155W,YOR174W,0,-4.615738,0.09331409633159637,0.5820000171661377,0.565500020980835
YNL262W,YPL218W,0,-4.615939,0.09329913556575775,0.5820000171661377,0.5655999779701233
YBR069C,YPR042C,0,-4.6160583,0.09328418225049973,0.5820000171661377,0.5656999945640564
YKL084W,YLR039C,0,-4.6160727,0.0932692289352417,0.5820000171661377,0.5658000111579895
YKR052C,YPL036W,1,-4.6164045,0.09341451525688171,0.5830000042915344,0.5658000111579895
YOL043C,YER164W,0,-4.6165504,0.09339955449104309,0.5830000042915344,0.5659000277519226
YHR005C,YDL175C,0,-4.61722,0.09338459372520447,0.5830000042915344,0.5659999847412109
YPL221W,YHR133C,0,-4.617258,0.09336963295936584,0.5830000042915344,0.566100001335144
YOL127W,YBL006C,0,-4.618017,0.09335468709468842,0.5830000042915344,0.5662000179290771
YLR423C,YPL269W,0,-4.618293,0.09333973377943039,0.5830000042915344,0.5662999749183655
YJR052W,YPR049C,0,-4.618355,0.09332479536533356,0.5830000042915344,0.5663999915122986
YEL036C,YPL110C,0,-4.6184206,0.09330985695123672,0.5830000042915344,0.5665000081062317
YCR077C,YHL020C,0,-4.6185255,0.09329492598772049,0.5830000042915344,0.5666000247001648
YHR124W,YMR030W,0,-4.6185856,0.09328000247478485,0.5830000042915344,0.5666999816894531
YLR355C,YNL129W,0,-4.6186957,0.09326507896184921,0.5830000042915344,0.5667999982833862
YEL012W,YJL091C,0,-4.6187096,0.09325016289949417,0.5830000042915344,0.5669000148773193
YJR104C,YLR233C,0,-4.618739,0.09323524683713913,0.5830000042915344,0.5669999718666077
YNL093W,YHR111W,0,-4.618799,0.09322033822536469,0.5830000042915344,0.5670999884605408
YAL024C,YIR021W,0,-4.618865,0.09320543706417084,0.5830000042915344,0.5672000050544739
YFL041W,YGL255W,1,-4.618929,0.0933503806591034,0.5839999914169312,0.5672000050544739
YKL175W,YNL055C,1,-4.618932,0.09349528700113297,0.5849999785423279,0.5672000050544739
YGL071W,YGR008C,1,-4.6191106,0.09364014118909836,0.5860000252723694,0.5672000050544739
YML098W,YJR126C,0,-4.6191506,0.09362518042325974,0.5860000252723694,0.567300021648407
YOL158C,YJR077C,1,-4.6192236,0.09376996755599976,0.5870000123977661,0.567300021648407
YKL016C,YKR052C,1,-4.6192284,0.0939147099852562,0.5879999995231628,0.567300021648407
YOR230W,YGL195W,0,-4.6198397,0.09389971196651459,0.5879999995231628,0.5673999786376953
YML010W,YHR129C,0,-4.620287,0.09388472139835358,0.5879999995231628,0.5674999952316284
YOL086C,YJL219W,0,-4.6207542,0.09386973083019257,0.5879999995231628,0.5676000118255615
YNL047C,YMR296C,0,-4.620925,0.09385474771261215,0.5879999995231628,0.5677000284194946
YBR106W,YPR138C,1,-4.620959,0.09399936348199844,0.5889999866485596,0.5677000284194946
YDR108W,YGR047C,0,-4.6210155,0.09398436546325684,0.5889999866485596,0.567799985408783
YGL212W,YHR013C,0,-4.621025,0.09396936744451523,0.5889999866485596,0.5679000020027161
YBR029C,YPL161C,0,-4.6212406,0.09395437687635422,0.5889999866485596,0.5680000185966492
YDL078C,YDR443C,0,-4.621251,0.0939393937587738,0.5889999866485596,0.5680999755859375
YER157W,YLR355C,0,-4.6215215,0.09392441064119339,0.5889999866485596,0.5681999921798706
YDR330W,YML110C,0,-4.621902,0.09390944242477417,0.5889999866485596,0.5683000087738037
YNL267W,YOR014W,0,-4.6219215,0.09389446675777435,0.5889999866485596,0.5684000253677368
YNL112W,YOR040W,0,-4.6220536,0.09387950599193573,0.5889999866485596,0.5684999823570251
YNL318C,YOR061W,0,-4.62213,0.0938645452260971,0.5889999866485596,0.5685999989509583
YJL122W,YBR119W,0,-4.6221304,0.09384958446025848,0.5889999866485596,0.5687000155448914
YDR216W,YER062C,0,-4.622244,0.09383463114500046,0.5889999866485596,0.5687999725341797
YPR201W,YDR456W,1,-4.622309,0.09397897124290466,0.5899999737739563,0.5687999725341797
YGR083C,YLR319C,0,-4.62234,0.09396401047706604,0.5899999737739563,0.5688999891281128
YPL137C,YBR114W,0,-4.622542,0.09394904226064682,0.5899999737739563,0.5690000057220459
YPR036W,YBL015W,0,-4.6225824,0.0939340889453888,0.5899999737739563,0.569100022315979
YDL029W,YGL219C,0,-4.6227593,0.09391913563013077,0.5899999737739563,0.5691999793052673
YAL002W,YPL234C,0,-4.623167,0.09390418231487274,0.5899999737739563,0.5692999958992004
YGR147C,YDR078C,0,-4.62336,0.09388924390077591,0.5899999737739563,0.5694000124931335
YDR378C,YAL042W,0,-4.6239457,0.09387430548667908,0.5899999737739563,0.5695000290870667
YLR295C,YCR037C,1,-4.6239953,0.09401845186948776,0.5910000205039978,0.5695000290870667
YER143W,YDR295C,0,-4.624015,0.09400349855422974,0.5910000205039978,0.569599986076355
YCR092C,YPL083C,0,-4.6240244,0.09398855268955231,0.5910000205039978,0.5697000026702881
YCR031C,YOR249C,0,-4.6240797,0.09397360682487488,0.5910000205039978,0.5698000192642212
YER093C,YMR309C,0,-4.624202,0.09395866096019745,0.5910000205039978,0.5698999762535095
YPR065W,YFR029W,0,-4.624359,0.09394372999668121,0.5910000205039978,0.5699999928474426
YMR081C,YKR001C,0,-4.6243753,0.09392879903316498,0.5910000205039978,0.5701000094413757
YGR155W,YNL177C,0,-4.6247835,0.09391387552022934,0.5910000205039978,0.5702000260353088
YBR290W,YPR138C,1,-4.624875,0.0940578356385231,0.5920000076293945,0.5702000260353088
YFL005W,YHR059W,0,-4.624875,0.09404288977384567,0.5920000076293945,0.5702999830245972
YBR039W,YDR039C,1,-4.625001,0.09418678283691406,0.5929999947547913,0.5702999830245972
YOR149C,YAL003W,0,-4.6252327,0.09417182952165604,0.5929999947547913,0.5703999996185303
YOR028C,YDR184C,0,-4.6252546,0.09415687620639801,0.5929999947547913,0.5705000162124634
YDR259C,YOL147C,0,-4.625392,0.09414193034172058,0.5929999947547913,0.5705999732017517
YPL020C,YNL064C,0,-4.625514,0.09412698447704315,0.5929999947547913,0.5706999897956848
YIL143C,YLR081W,0,-4.625561,0.09411204606294632,0.5929999947547913,0.5708000063896179
YOL021C,YJR063W,0,-4.625592,0.09409711509943008,0.5929999947547913,0.570900022983551
YBR289W,YCR033W,0,-4.625954,0.09408218413591385,0.5929999947547913,0.5709999799728394
YNL055C,YOL158C,1,-4.626059,0.09422589093446732,0.593999981880188,0.5709999799728394
YLL026W,YLR396C,0,-4.6260624,0.09421094506978989,0.593999981880188,0.5710999965667725
YER065C,YOL008W,0,-4.626316,0.09419600665569305,0.593999981880188,0.5712000131607056
YML127W,YKL139W,0,-4.6269484,0.09418106824159622,0.593999981880188,0.5713000297546387
YNL280C,YMR211W,0,-4.6276684,0.09416613727807999,0.593999981880188,0.571399986743927
YDR384C,YDR456W,1,-4.628004,0.0943097174167633,0.5950000286102295,0.571399986743927
YKL144C,YGL092W,0,-4.6280046,0.09429477155208588,0.5950000286102295,0.5715000033378601
YPL144W,YML132W,0,-4.6282263,0.09427982568740845,0.5950000286102295,0.5716000199317932
YBR221C,YGR279C,0,-4.628956,0.09426489472389221,0.5950000286102295,0.5716999769210815
YLR206W,YNL130C,0,-4.6290755,0.09424996376037598,0.5950000286102295,0.5717999935150146
YLR266C,YDL185W,0,-4.6291776,0.09423503279685974,0.5950000286102295,0.5719000101089478
YBR004C,YKL093W,0,-4.6291785,0.0942201092839241,0.5950000286102295,0.5720000267028809
YOR362C,YHR196W,0,-4.6296473,0.09420519322156906,0.5950000286102295,0.5720999836921692
YCL008C,YJR131W,0,-4.629854,0.09419027715921402,0.5950000286102295,0.5722000002861023
YEL050C,YBR186W,0,-4.630481,0.09417536854743958,0.5950000286102295,0.5723000168800354
YOR244W,YML091C,0,-4.63051,0.09416046738624573,0.5950000286102295,0.5723999738693237
YBL056W,YBR161W,0,-4.6307745,0.09414556622505188,0.5950000286102295,0.5724999904632568
YOL130W,YJL198W,1,-4.6308246,0.09428887814283371,0.5960000157356262,0.5724999904632568
YPR025C,YER019W,0,-4.630909,0.09427396208047867,0.5960000157356262,0.5726000070571899
YLR249W,YPL177C,0,-4.631062,0.09425905346870422,0.5960000157356262,0.572700023651123
YJR006W,YML086C,0,-4.6317286,0.09424415230751038,0.5960000157356262,0.5727999806404114
YNL299W,YJL001W,0,-4.6318293,0.09422925114631653,0.5960000157356262,0.5728999972343445
YDR221W,YGL209W,0,-4.632201,0.09421434998512268,0.5960000157356262,0.5730000138282776
YOR241W,YHR061C,0,-4.632449,0.09419946372509003,0.5960000157356262,0.5730999708175659
YHR107C,YER133W,0,-4.632502,0.09418457746505737,0.5960000157356262,0.573199987411499
YAR031W,YIL030C,0,-4.6326675,0.09416969865560532,0.5960000157356262,0.5733000040054321
YGR186W,YGR103W,0,-4.632825,0.09415481984615326,0.5960000157356262,0.5734000205993652
YBR236C,YBR105C,0,-4.632866,0.0941399484872818,0.5960000157356262,0.5734999775886536
YKL085W,YMR272C,0,-4.6329846,0.09412507712841034,0.5960000157356262,0.5735999941825867
YBL098W,YIL105C,0,-4.6330833,0.09411021322011948,0.5960000157356262,0.5737000107765198
YCL024W,YIR015W,0,-4.6331587,0.09409535676240921,0.5960000157356262,0.5738000273704529
YDL194W,YJL146W,0,-4.6331882,0.09408050775527954,0.5960000157356262,0.5738999843597412
YKR072C,YIR041W,0,-4.633499,0.09406565874814987,0.5960000157356262,0.5740000009536743
YDL161W,YNR038W,0,-4.633854,0.0940508097410202,0.5960000157356262,0.5741000175476074
YBR289W,YPL015C,0,-4.634203,0.09403597563505173,0.5960000157356262,0.5741999745368958
YML078W,YPL159C,0,-4.6342382,0.09402114152908325,0.5960000157356262,0.5742999911308289
YML021C,YGL100W,0,-4.6342382,0.09400630742311478,0.5960000157356262,0.574400007724762
YEL024W,YGR202C,0,-4.634302,0.0939914807677269,0.5960000157356262,0.5745000243186951
YJL061W,YKL108W,0,-4.6343164,0.09397666156291962,0.5960000157356262,0.5745999813079834
YFL041W,YJL094C,1,-4.634475,0.09411950409412384,0.597000002861023,0.5745999813079834
YIR005W,YDL220C,0,-4.6352644,0.09410466253757477,0.597000002861023,0.5746999979019165
YDR212W,YJR063W,0,-4.635295,0.09408983588218689,0.597000002861023,0.5748000144958496
YER145C,YNL259C,1,-4.635563,0.09423258900642395,0.5979999899864197,0.5748000144958496
YHR102W,YDL079C,0,-4.6356883,0.09421773999929428,0.5979999899864197,0.5748999714851379
YDR480W,YMR238W,0,-4.635714,0.09420289844274521,0.5979999899864197,0.574999988079071
YJL034W,YCR053W,0,-4.6358747,0.09418806433677673,0.5979999899864197,0.5751000046730042
YDR244W,YOL135C,0,-4.6361365,0.09417323023080826,0.5979999899864197,0.5752000212669373
YKL064W,YKR052C,1,-4.6361556,0.09431585669517517,0.5989999771118164,0.5752000212669373
YPL128C,YDR212W,0,-4.6363044,0.0943010076880455,0.5989999771118164,0.5752999782562256
YOR087W,YDR148C,0,-4.636669,0.09428616613149643,0.5989999771118164,0.5753999948501587
YIL135C,YEL030W,0,-4.6368084,0.09427132457494736,0.5989999771118164,0.5755000114440918
YKR072C,YJL061W,0,-4.636831,0.09425649046897888,0.5989999771118164,0.5756000280380249
YER032W,YML028W,0,-4.6368856,0.094241663813591,0.5989999771118164,0.5756999850273132
YOL139C,YPR019W,0,-4.637168,0.09422683715820312,0.5989999771118164,0.5758000016212463
YMR096W,YCR060W,0,-4.6375866,0.09421201795339584,0.5989999771118164,0.5759000182151794
YFL034C-B,YDL030W,0,-4.637746,0.09419719874858856,0.5989999771118164,0.5759999752044678
YCL010C,YDR296W,0,-4.637862,0.09418238699436188,0.5989999771118164,0.5760999917984009
YNL032W,YIR018W,0,-4.6383843,0.09416758269071579,0.5989999771118164,0.576200008392334
YGL124C,YGR075C,0,-4.638545,0.0941527858376503,0.5989999771118164,0.5763000249862671
YPR141C,YML025C,0,-4.638885,0.09413798153400421,0.5989999771118164,0.5763999819755554
YJR059W,YGL143C,0,-4.6389017,0.09412319213151932,0.5989999771118164,0.5764999985694885
YER045C,YDL047W,0,-4.639201,0.09410840272903442,0.5989999771118164,0.5766000151634216
YHL038C,YNL283C,0,-4.640289,0.09409362077713013,0.5989999771118164,0.57669997215271
YLR284C,YDR129C,0,-4.6407175,0.09407884627580643,0.5989999771118164,0.5767999887466431
YML016C,YHR006W,0,-4.641101,0.09406407177448273,0.5989999771118164,0.5769000053405762
YHR098C,YLR210W,0,-4.641138,0.09404930472373962,0.5989999771118164,0.5770000219345093
YGR092W,YLR396C,0,-4.641182,0.09403453767299652,0.5989999771118164,0.5770999789237976
YMR083W,YOL063C,0,-4.6419935,0.09401977807283401,0.5989999771118164,0.5771999955177307
YGL252C,YPL138C,0,-4.6425757,0.09400501847267151,0.5989999771118164,0.5773000121116638
YBR037C,YDR040C,1,-4.642765,0.09414718300104141,0.6000000238418579,0.5773000121116638
YJL061W,YOR230W,0,-4.643131,0.09413241595029831,0.6000000238418579,0.5774000287055969
YGL122C,YJL039C,0,-4.6436253,0.0941176488995552,0.6000000238418579,0.5774999856948853
YMR227C,YGL124C,0,-4.6438117,0.0941028892993927,0.6000000238418579,0.5776000022888184
YLR097C,YPL008W,0,-4.6438146,0.0940881296992302,0.6000000238418579,0.5777000188827515
YGL054C,YNL062C,0,-4.644041,0.09407337754964828,0.6000000238418579,0.5777999758720398
YMR311C,YPR095C,0,-4.644203,0.09405863285064697,0.6000000238418579,0.5778999924659729
YMR163C,YIL022W,0,-4.6442137,0.09404388815164566,0.6000000238418579,0.578000009059906
YDR255C,YOR195W,0,-4.6443624,0.09402915090322495,0.6000000238418579,0.5781000256538391
YPL078C,YIL121W,1,-4.6444044,0.09417110681533813,0.6010000109672546,0.5781000256538391
YHR143W-A,YAL023C,0,-4.644448,0.09415635466575623,0.6010000109672546,0.5781999826431274
YBR289W,YOL002C,0,-4.644457,0.09414160251617432,0.6010000109672546,0.5782999992370605
YNL311C,YPL083C,0,-4.6444917,0.094126857817173,0.6010000109672546,0.5784000158309937
YGL249W,YLR285W,0,-4.644684,0.09411212056875229,0.6010000109672546,0.578499972820282
YNL001W,YAL007C,0,-4.644691,0.09409738332033157,0.6010000109672546,0.5785999894142151
YBR106W,YPR201W,1,-4.6449695,0.09423919767141342,0.6019999980926514,0.5785999894142151
YML005W,YOR231W,0,-4.6449933,0.09422444552183151,0.6019999980926514,0.5787000060081482
YPR072W,YML060W,0,-4.645206,0.0942097008228302,0.6019999980926514,0.5788000226020813
YLR088W,YJL025W,0,-4.6452727,0.09419496357440948,0.6019999980926514,0.5788999795913696
YML126C,YGL236C,0,-4.645599,0.09418022632598877,0.6019999980926514,0.5789999961853027
YGR144W,YBL082C,0,-4.645871,0.09416549652814865,0.6019999980926514,0.5791000127792358
YOL144W,YDL164C,0,-4.646038,0.09415076673030853,0.6019999980926514,0.579200029373169
YDR080W,YJL176C,0,-4.646239,0.09413604438304901,0.6019999980926514,0.5792999863624573
YBL016W,YPL011C,0,-4.646583,0.09412132948637009,0.6019999980926514,0.5794000029563904
YDR057W,YDR184C,0,-4.6467733,0.09410661458969116,0.6019999980926514,0.5795000195503235
YNL309W,YPL127C,0,-4.6472034,0.09409190714359283,0.6019999980926514,0.5795999765396118
YIL143C,YJR147W,0,-4.6477795,0.0940771996974945,0.6019999980926514,0.5796999931335449
YCR098C,YHR050W,1,-4.6478205,0.09421875327825546,0.6029999852180481,0.5796999931335449
YOR011W,YLR039C,0,-4.648077,0.09420403093099594,0.6029999852180481,0.579800009727478
YIL143C,YJR084W,0,-4.648191,0.09418931603431702,0.6029999852180481,0.5799000263214111
YBR177C,YGL065C,0,-4.648262,0.09417460858821869,0.6029999852180481,0.5799999833106995
YHR176W,YIL031W,0,-4.648476,0.09415990114212036,0.6029999852180481,0.5800999999046326
YNL149C,YGL194C,0,-4.648757,0.09414520114660263,0.6029999852180481,0.5802000164985657
YNL201C,YOL127W,0,-4.6490946,0.0941305011510849,0.6029999852180481,0.580299973487854
YPL037C,YPR165W,0,-4.6491976,0.09411580860614777,0.6029999852180481,0.5803999900817871
YCR073W-A,YHR133C,0,-4.6492143,0.09410112351179123,0.6029999852180481,0.5805000066757202
YBR173C,YHR086W,0,-4.6492143,0.09408643841743469,0.6029999852180481,0.5806000232696533
YCR026C,YOR003W,0,-4.64945,0.09407176077365875,0.6029999852180481,0.5806999802589417
YML004C,YDR483W,0,-4.64959,0.09405709058046341,0.6029999852180481,0.5807999968528748
YML098W,YBR112C,0,-4.649622,0.09404242038726807,0.6029999852180481,0.5809000134468079
YOL158C,YBR024W,1,-4.6497107,0.09418369084596634,0.6039999723434448,0.5809000134468079
YML103C,YDL143W,0,-4.6497173,0.0941690057516098,0.6039999723434448,0.5809999704360962
YNL167C,YMR089C,0,-4.649817,0.09415432810783386,0.6039999723434448,0.5810999870300293
YGR140W,YIL079C,0,-4.6499853,0.09413965046405792,0.6039999723434448,0.5812000036239624
YER142C,YMR255W,0,-4.6500006,0.09412498027086258,0.6039999723434448,0.5813000202178955
YOR137C,YOR316C,1,-4.6500416,0.0942661240696907,0.6050000190734863,0.5813000202178955
YPR132W,YPR051W,0,-4.6500945,0.09425143897533417,0.6050000190734863,0.5813999772071838
YHR163W,YFR030W,0,-4.6501102,0.09423676133155823,0.6050000190734863,0.5814999938011169
YGR009C,YDL126C,0,-4.6502953,0.09422208368778229,0.6050000190734863,0.58160001039505
YLR026C,YJR091C,0,-4.6504507,0.09420741349458694,0.6050000190734863,0.5817000269889832
YLR410W,YLR409C,0,-4.6507964,0.0941927433013916,0.6050000190734863,0.5817999839782715
YNL009W,YER040W,0,-4.6508584,0.09417808055877686,0.6050000190734863,0.5819000005722046
YPL118W,YAL007C,0,-4.6512747,0.0941634252667427,0.6050000190734863,0.5820000171661377
YCR098C,YCR037C,1,-4.651339,0.0943043902516365,0.6060000061988831,0.5820000171661377
YHR175W,YJR121W,1,-4.6513443,0.09444531053304672,0.6069999933242798,0.5820000171661377
YDR140W,YHL028W,0,-4.651444,0.09443061798810959,0.6069999933242798,0.582099974155426
YOL142W,YOR148C,0,-4.651551,0.09441592544317245,0.6069999933242798,0.5821999907493591
YPL040C,YOR109W,0,-4.651832,0.09440124779939651,0.6069999933242798,0.5823000073432922
YEL029C,YOL003C,0,-4.651866,0.09438656270503998,0.6069999933242798,0.5824000239372253
YBR136W,YIL022W,0,-4.6518745,0.09437189251184464,0.6069999933242798,0.5824999809265137
YNL023C,YGR145W,0,-4.6519427,0.09435722231864929,0.6069999933242798,0.5825999975204468
YPL235W,YHR041C,0,-4.651991,0.09434255212545395,0.6069999933242798,0.5827000141143799
YKL019W,YJR055W,0,-4.6521177,0.0943278968334198,0.6069999933242798,0.5827999711036682
YGR030C,YOR061W,0,-4.6521254,0.09431324154138565,0.6069999933242798,0.5828999876976013
YOL135C,YLR319C,0,-4.65213,0.0942985862493515,0.6069999933242798,0.5830000042915344
YDR284C,YMR109W,0,-4.6521378,0.09428393840789795,0.6069999933242798,0.5831000208854675
YDR038C,YNR013C,1,-4.6522536,0.09442459791898727,0.6079999804496765,0.5831000208854675
YDR381W,YGL127C,0,-4.652522,0.09440993517637253,0.6079999804496765,0.5831999778747559
YDL087C,YOR355W,0,-4.652657,0.09439527988433838,0.6079999804496765,0.583299994468689
YNL312W,YNL006W,0,-4.6526804,0.09438062459230423,0.6079999804496765,0.5834000110626221
YKL089W,YGL219C,0,-4.652888,0.09436597675085068,0.6079999804496765,0.5835000276565552
YDR382W,YBL024W,0,-4.6529202,0.09435133635997772,0.6079999804496765,0.5835999846458435
YPL258C,YIL110W,0,-4.653036,0.09433669596910477,0.6079999804496765,0.5837000012397766
YML078W,YOR068C,0,-4.653171,0.09432206302881241,0.6079999804496765,0.5838000178337097
YPR057W,YNL064C,0,-4.6533747,0.09430743008852005,0.6079999804496765,0.583899974822998
YNL206C,YDR296W,0,-4.65369,0.09429280459880829,0.6079999804496765,0.5839999914169312
YLR361C,YKR082W,0,-4.6537066,0.09427817910909653,0.6079999804496765,0.5841000080108643
YGR113W,YDL229W,0,-4.653734,0.09426356852054596,0.6079999804496765,0.5842000246047974
YOR212W,YER165W,0,-4.65388,0.0942489504814148,0.6079999804496765,0.5842999815940857
YOR084W,YKL108W,0,-4.654093,0.09423434734344482,0.6079999804496765,0.5843999981880188
YKL189W,YDL120W,0,-4.654375,0.09421974420547485,0.6079999804496765,0.5845000147819519
YDR330W,YOR232W,0,-4.6544237,0.09420514106750488,0.6079999804496765,0.5845999717712402
YDR418W,YIR012W,0,-4.654475,0.0941905528306961,0.6079999804496765,0.5846999883651733
YKL089W,YOL129W,0,-4.654476,0.09417595714330673,0.6079999804496765,0.5848000049591064
YGR097W,YPL015C,0,-4.654571,0.09416137635707855,0.6079999804496765,0.5849000215530396
YMR161W,YIL038C,0,-4.654686,0.09414679557085037,0.6079999804496765,0.5849999785423279
YBR295W,YPL036W,1,-4.654736,0.09428703784942627,0.609000027179718,0.5849999785423279
YPL018W,YKL166C,0,-4.6548185,0.0942724421620369,0.609000027179718,0.585099995136261
YLR363C,YEL024W,0,-4.654997,0.09425785392522812,0.609000027179718,0.5852000117301941
YGR222W,YCL035C,0,-4.655049,0.09424326568841934,0.609000027179718,0.5853000283241272
YDR484W,YML011C,0,-4.6551104,0.09422868490219116,0.609000027179718,0.5853999853134155
YGL212W,YAR002C-A,0,-4.6552114,0.09421411156654358,0.609000027179718,0.5855000019073486
YNL201C,YLR319C,0,-4.6552353,0.094199538230896,0.609000027179718,0.5856000185012817
YKR022C,YEL004W,0,-4.655675,0.09418496489524841,0.609000027179718,0.5856999754905701
YJL210W,YBR278W,0,-4.6559935,0.09417040646076202,0.609000027179718,0.5857999920845032
YHR065C,YDL209C,0,-4.656001,0.09415584057569504,0.609000027179718,0.5859000086784363
YOR130C,YML010W,0,-4.65603,0.09414128959178925,0.609000027179718,0.5860000252723694
YBR091C,YNL298W,0,-4.6564283,0.09412673860788345,0.609000027179718,0.5860999822616577
YMR035W,YDL092W,0,-4.656521,0.09411219507455826,0.609000027179718,0.5861999988555908
YNL188W,YIL016W,0,-4.6565924,0.09409765154123306,0.609000027179718,0.5863000154495239
YML099C,YPL164C,0,-4.656598,0.09408311545848846,0.609000027179718,0.5863999724388123
YMR022W,YBL058W,0,-4.6568975,0.09406857937574387,0.609000027179718,0.5864999890327454
YMR243C,YDR384C,1,-4.6569166,0.0942084938287735,0.6100000143051147,0.5864999890327454
YGR085C,YIL021W,0,-4.6569443,0.0941939502954483,0.6100000143051147,0.5866000056266785
YJL194W,YBR234C,0,-4.657102,0.09417940676212311,0.6100000143051147,0.5867000222206116
YDR227W,YJR068W,0,-4.6571155,0.09416486322879791,0.6100000143051147,0.5867999792098999
YDL198C,YDR429C,0,-4.6571302,0.09415033459663391,0.6100000143051147,0.586899995803833
YNL221C,YDL209C,0,-4.6572595,0.09413580596446991,0.6100000143051147,0.5870000123977661
YDR009W,YNL136W,0,-4.657553,0.09412127733230591,0.6100000143051147,0.5871000289916992
YGR132C,YDR378C,0,-4.657753,0.0941067561507225,0.6100000143051147,0.5871999859809875
YCR066W,YJR131W,0,-4.6579094,0.0940922424197197,0.6100000143051147,0.5873000025749207
YHR005C,YJL112W,0,-4.65814,0.09407772868871689,0.6100000143051147,0.5874000191688538
YLL035W,YIL138C,0,-4.6582727,0.09406322240829468,0.6100000143051147,0.5874999761581421
YKR079C,YPL082C,0,-4.6586113,0.09404872357845306,0.6100000143051147,0.5875999927520752
YML029W,YDR164C,0,-4.6586356,0.09403422474861145,0.6100000143051147,0.5877000093460083
YOR117W,YLR238W,0,-4.6587358,0.09401972591876984,0.6100000143051147,0.5878000259399414
YDR314C,YOL049W,0,-4.6591253,0.09400524199008942,0.6100000143051147,0.5878999829292297
YDR011W,YDL112W,0,-4.659319,0.093990758061409,0.6100000143051147,0.5879999995231628
YDR527W,YJL008C,0,-4.6593323,0.09397627413272858,0.6100000143051147,0.588100016117096
YOR320C,YLR442C,0,-4.6593914,0.09396179765462875,0.6100000143051147,0.5881999731063843
YDR341C,YDL028C,0,-4.6599092,0.09394732862710953,0.6100000143051147,0.5882999897003174
YPR139C,YKL089W,0,-4.6599216,0.0939328595995903,0.6100000143051147,0.5884000062942505
YPL076W,YDR363W-A,0,-4.6599455,0.09391839802265167,0.6100000143051147,0.5885000228881836
YLR256W,YPL015C,0,-4.660312,0.09390394389629364,0.6100000143051147,0.5885999798774719
YGL030W,YML012W,0,-4.66057,0.09388948976993561,0.6100000143051147,0.588699996471405
YOL105C,YIR006C,0,-4.660708,0.09387503564357758,0.6100000143051147,0.5888000130653381
YDR192C,YNL044W,0,-4.6612964,0.09386059641838074,0.6100000143051147,0.5889000296592712
YDL170W,YBL007C,0,-4.661498,0.0938461571931839,0.6100000143051147,0.5889999866485596
YDR418W,YPR094W,0,-4.661804,0.09383171796798706,0.6100000143051147,0.5891000032424927
YMR312W,YOL017W,0,-4.661931,0.09381728619337082,0.6100000143051147,0.5892000198364258
YGR211W,YNL192W,0,-4.661976,0.09380286186933517,0.6100000143051147,0.5892999768257141
YDR207C,YGL225W,0,-4.6620955,0.09378843754529953,0.6100000143051147,0.5893999934196472
YJR069C,YPR095C,0,-4.66225,0.09377402067184448,0.6100000143051147,0.5895000100135803
YKL040C,YPL254W,0,-4.6624312,0.09375960379838943,0.6100000143051147,0.5896000266075134
YGL225W,YLR020C,0,-4.6626325,0.09374519437551498,0.6100000143051147,0.5896999835968018
YOL105C,YNR072W,0,-4.662941,0.09373079240322113,0.6100000143051147,0.5898000001907349
YGL241W,YLR292C,0,-4.663265,0.09371639043092728,0.6100000143051147,0.589900016784668
YJL106W,YKL139W,0,-4.66337,0.09370199590921402,0.6100000143051147,0.5899999737739563
YOR260W,YNL280C,0,-4.663379,0.09368760883808136,0.6100000143051147,0.5900999903678894
YOR194C,YJL090C,0,-4.6634455,0.0936732217669487,0.6100000143051147,0.5902000069618225
YIL114C,YGL006W,1,-4.6635504,0.09381237626075745,0.6110000014305115,0.5902000069618225
YOR112W,YGL018C,0,-4.663721,0.09379797428846359,0.6110000014305115,0.5903000235557556
YNL231C,YLR240W,0,-4.663953,0.09378357976675034,0.6110000014305115,0.590399980545044
YGL073W,YGR007W,0,-4.664037,0.09376918524503708,0.6110000014305115,0.590499997138977
YMR055C,YDR108W,0,-4.6641746,0.09375479817390442,0.6110000014305115,0.5906000137329102
YLR223C,YLR370C,0,-4.664226,0.09374041110277176,0.6110000014305115,0.5906999707221985
YLR384C,YBR093C,0,-4.6642933,0.0937260314822197,0.6110000014305115,0.5907999873161316
YKL165C,YLR431C,0,-4.66444,0.09371165931224823,0.6110000014305115,0.5909000039100647
YHR083W,YPR080W,0,-4.664449,0.09369728714227676,0.6110000014305115,0.5910000205039978
YLR310C,YGL130W,0,-4.6649876,0.0936829224228859,0.6110000014305115,0.5910999774932861
YML103C,YOR195W,0,-4.665066,0.09366855770349503,0.6110000014305115,0.5911999940872192
YLR272C,YDR334W,0,-4.665321,0.09365420043468475,0.6110000014305115,0.5913000106811523
YMR264W,YBR200W,0,-4.6654897,0.09363984316587448,0.6110000014305115,0.5914000272750854
YBR095C,YLR139C,0,-4.6654935,0.0936255007982254,0.6110000014305115,0.5914999842643738
YLR430W,YGL099W,0,-4.6661034,0.09361115097999573,0.6110000014305115,0.5916000008583069
YOR136W,YDR507C,0,-4.666214,0.09359681606292725,0.6110000014305115,0.59170001745224
YNR003C,YBR083W,0,-4.666462,0.09358248114585876,0.6110000014305115,0.5917999744415283
YNL032W,YKL041W,0,-4.6666527,0.09356814622879028,0.6110000014305115,0.5918999910354614
YBR294W,YIL023C,1,-4.66671,0.09370693564414978,0.6119999885559082,0.5918999910354614
YIL065C,YPR173C,0,-4.6667223,0.0936925932765007,0.6119999885559082,0.5920000076293945
YML028W,YAL044C,0,-4.6672897,0.09367825090885162,0.6119999885559082,0.5921000242233276
YIL124W,YCR082W,0,-4.667593,0.09366390854120255,0.6119999885559082,0.592199981212616
YLR459W,YNL334C,0,-4.667603,0.09364958107471466,0.6119999885559082,0.5922999978065491
YPR009W,YNL326C,0,-4.6681576,0.09363525360822678,0.6119999885559082,0.5924000144004822
YDR425W,YDL229W,0,-4.6684103,0.09362092614173889,0.6119999885559082,0.5924999713897705
YBR297W,YGR181W,0,-4.6684747,0.0936066061258316,0.6119999885559082,0.5925999879837036
YMR316W,YKL005C,0,-4.668669,0.09359229356050491,0.6119999885559082,0.5927000045776367
YKR066C,YOL054W,0,-4.6691475,0.09357798099517822,0.6119999885559082,0.5928000211715698
YKL149C,YMR061W,0,-4.6691637,0.09356367588043213,0.6119999885559082,0.5928999781608582
YIL147C,YGR116W,0,-4.669297,0.09354937076568604,0.6119999885559082,0.5929999947547913
YCR037C,YDR456W,1,-4.669586,0.09368791431188583,0.6129999756813049,0.5929999947547913
YJL053W,YDR311W,0,-4.6698637,0.09367359429597855,0.6129999756813049,0.5931000113487244
YKR001C,YER177W,0,-4.6704903,0.09365928173065186,0.6129999756813049,0.5932000279426575
YOL020W,YNR026C,0,-4.670617,0.09364497661590576,0.6129999756813049,0.5932999849319458
YIL117C,YJL014W,0,-4.6707153,0.09363067150115967,0.6129999756813049,0.5934000015258789
YLR357W,YOL004W,0,-4.6709514,0.09361637383699417,0.6129999756813049,0.593500018119812
YDL188C,YJR050W,0,-4.671184,0.09360207617282867,0.6129999756813049,0.5935999751091003
YBR283C,YKL014C,0,-4.6715345,0.09358778595924377,0.6129999756813049,0.5936999917030334
YMR312W,YER154W,0,-4.6719465,0.09357350319623947,0.6129999756813049,0.5938000082969666
YLR034C,YDR153C,0,-4.672056,0.09355922043323517,0.6129999756813049,0.5939000248908997
YDR192C,YHR030C,0,-4.672225,0.09354493767023087,0.6129999756813049,0.593999981880188
YJL024C,YDR219C,0,-4.672491,0.09353066980838776,0.6129999756813049,0.5940999984741211
YEL036C,YOR075W,0,-4.6728745,0.09351640194654465,0.6129999756813049,0.5942000150680542
YPL203W,YDR453C,0,-4.6733837,0.09350213408470154,0.6129999756813049,0.5942999720573425
YAR007C,YIL073C,0,-4.673402,0.09348787367343903,0.6129999756813049,0.5943999886512756
YNL259C,YOR316C,1,-4.673636,0.09362610429525375,0.6140000224113464,0.5943999886512756
YKL208W,YBR006W,0,-4.6737995,0.09361182898283005,0.6140000224113464,0.5945000052452087
YJL024C,YHR119W,0,-4.67387,0.09359756112098694,0.6140000224113464,0.5946000218391418
YKL084W,YOL068C,0,-4.673972,0.09358329325914383,0.6140000224113464,0.5946999788284302
YBR023C,YLR144C,0,-4.6744204,0.09356903284788132,0.6140000224113464,0.5947999954223633
YKR061W,YMR106C,0,-4.674623,0.0935547798871994,0.6140000224113464,0.5949000120162964
YMR073C,YOR074C,0,-4.67478,0.09354052692651749,0.6140000224113464,0.5950000286102295
YPR088C,YOR058C,0,-4.6757565,0.09352627396583557,0.6140000224113464,0.5950999855995178
YIL049W,YDL077C,0,-4.6760483,0.09351202845573425,0.6140000224113464,0.5952000021934509
YOR048C,YLR212C,0,-4.6760836,0.09349779039621353,0.6140000224113464,0.595300018787384
YBR164C,YDR045C,0,-4.6761446,0.09348355978727341,0.6140000224113464,0.5953999757766724
YPL049C,YIL018W,0,-4.6761937,0.09346932917833328,0.6140000224113464,0.5954999923706055
YGL168W,YNL225C,0,-4.6762714,0.09345509856939316,0.6140000224113464,0.5956000089645386
YKR022C,YLR176C,0,-4.6765647,0.09344087541103363,0.6140000224113464,0.5957000255584717
YDR231C,YJL167W,0,-4.6766496,0.0934266597032547,0.6140000224113464,0.59579998254776
YKL051W,YDL185W,0,-4.6768026,0.09341244399547577,0.6140000224113464,0.5958999991416931
YLR135W,YOR201C,0,-4.676971,0.09339823573827744,0.6140000224113464,0.5960000157356262
YHR098C,YLR429W,0,-4.6777973,0.0933840274810791,0.6140000224113464,0.5960999727249146
YKR020W,YDR113C,0,-4.6783447,0.09336982667446136,0.6140000224113464,0.5961999893188477
YPR083W,YOL151W,0,-4.678488,0.09335563331842422,0.6140000224113464,0.5963000059127808
YGL016W,YBR236C,0,-4.679079,0.09334143996238708,0.6140000224113464,0.5964000225067139
YBR188C,YBR015C,0,-4.679285,0.09332725405693054,0.6140000224113464,0.5964999794960022
YOR001W,YGR063C,0,-4.6793723,0.093313068151474,0.6140000224113464,0.5965999960899353
YML093W,YOR301W,0,-4.679373,0.09329888969659805,0.6140000224113464,0.5967000126838684
YIL023C,YDR276C,1,-4.6795526,0.09343664348125458,0.6150000095367432,0.5967000126838684
YGR135W,YDR295C,0,-4.6796455,0.09342245012521744,0.6150000095367432,0.5968000292778015
YMR305C,YBR218C,0,-4.6798205,0.0934082642197609,0.6150000095367432,0.5968999862670898
YNL291C,YDR456W,1,-4.680025,0.09354593604803085,0.6159999966621399,0.5968999862670898
YCR093W,YNL145W,0,-4.680108,0.09353173524141312,0.6159999966621399,0.597000002861023
YNL259C,YDR040C,1,-4.6801147,0.0936693474650383,0.6169999837875366,0.597000002861023
YLL009C,YDR384C,1,-4.6801324,0.0938069224357605,0.6179999709129333,0.597000002861023
YJL003W,YDR279W,0,-4.680197,0.09379268437623978,0.6179999709129333,0.597100019454956
YLR242C,YIL068C,0,-4.6803246,0.09377845376729965,0.6179999709129333,0.5971999764442444
YJR132W,YOR123C,0,-4.6806364,0.09376422315835953,0.6179999709129333,0.5972999930381775
YFL034C-B,YDR171W,0,-4.6809897,0.09375,0.6179999709129333,0.5974000096321106
YBR182C,YAL011W,0,-4.680997,0.09373577684164047,0.6179999709129333,0.5975000262260437
YCR106W,YOR377W,0,-4.6811953,0.09372156858444214,0.6179999709129333,0.597599983215332
YGR216C,YBR060C,0,-4.681268,0.09370735287666321,0.6179999709129333,0.5976999998092651
YMR077C,YJL035C,0,-4.6822224,0.09369314461946487,0.6179999709129333,0.5978000164031982
YPR104C,YLR396C,0,-4.682444,0.09367894381284714,0.6179999709129333,0.5978999733924866
YDL087C,YBR081C,0,-4.682481,0.09366475045681,0.6179999709129333,0.5979999899864197
YLR200W,YKL060C,0,-4.6825714,0.09365054965019226,0.6179999709129333,0.5981000065803528
YBR118W,YAL033W,0,-4.6828785,0.09363636374473572,0.6179999709129333,0.5982000231742859
YER173W,YEL019C,0,-4.68308,0.09362217783927917,0.6179999709129333,0.5982999801635742
YLR295C,YDL128W,1,-4.6835117,0.09375946968793869,0.6190000176429749,0.5982999801635742
YLR292C,YOR367W,0,-4.6836424,0.09374526888132095,0.6190000176429749,0.5983999967575073
YPL097W,YNL159C,0,-4.6839776,0.09373107552528381,0.6190000176429749,0.5985000133514404
YLR266C,YJL034W,0,-4.6840906,0.09371688216924667,0.6190000176429749,0.5985999703407288
YDL120W,YDR198C,0,-4.684098,0.09370269626379013,0.6190000176429749,0.5986999869346619
YBR037C,YDR038C,1,-4.6844196,0.0938398689031601,0.6200000047683716,0.5986999869346619
YMR208W,YKL020C,0,-4.6846075,0.09382566809654236,0.6200000047683716,0.598800003528595
YEL037C,YER025W,0,-4.6849737,0.09381146728992462,0.6200000047683716,0.5989000201225281
YLR378C,YOR049C,0,-4.6851215,0.09379727393388748,0.6200000047683716,0.5989999771118164
YNL153C,YML132W,0,-4.6855707,0.09378308802843094,0.6200000047683716,0.5990999937057495
YNL259C,YPL036W,1,-4.6856074,0.09392014890909195,0.6209999918937683,0.5990999937057495
YBR002C,YDR434W,0,-4.685689,0.09390594065189362,0.6209999918937683,0.5992000102996826
YMR283C,YDR164C,0,-4.6857514,0.09389174729585648,0.6209999918937683,0.5993000268936157
YPL151C,YDR450W,0,-4.6861663,0.09387755393981934,0.6209999918937683,0.599399983882904
YBL078C,YIR025W,0,-4.6861897,0.0938633605837822,0.6209999918937683,0.5995000004768372
YJL179W,YDR297W,0,-4.68628,0.09384917467832565,0.6209999918937683,0.5996000170707703
YKR052C,YMR243C,1,-4.686388,0.09398610144853592,0.621999979019165,0.5996000170707703
YKL122C,YFL022C,0,-4.6864796,0.09397190064191818,0.621999979019165,0.5996999740600586
YOR098C,YPR032W,0,-4.686591,0.09395770728588104,0.621999979019165,0.5997999906539917
YOL077W-A,YCR010C,1,-4.687299,0.09409454464912415,0.6230000257492065,0.5997999906539917
YER049W,YHR142W,0,-4.6873183,0.09408033639192581,0.6230000257492065,0.5999000072479248
YLR370C,YNL090W,0,-4.6878595,0.09406613558530807,0.6230000257492065,0.6000000238418579
YIR006C,YDR179C,0,-4.687997,0.09405193477869034,0.6230000257492065,0.6000999808311462
YKL101W,YNL201C,0,-4.6883616,0.0940377339720726,0.6230000257492065,0.6001999974250793
YKR079C,YKL179C,0,-4.6884174,0.09402354061603546,0.6230000257492065,0.6003000140190125
YEL027W,YLR130C,1,-4.6885962,0.09416025131940842,0.6240000128746033,0.6003000140190125
YPL118W,YOL127W,0,-4.6890335,0.09414605051279068,0.6240000128746033,0.6003999710083008
YDR300C,YMR023C,0,-4.689163,0.09413184225559235,0.6240000128746033,0.6004999876022339
YDR078C,YHR067W,0,-4.6892023,0.0941176488995552,0.6240000128746033,0.600600004196167
YCL011C,YLR381W,0,-4.6894484,0.09410345554351807,0.6240000128746033,0.6007000207901001
YDR412W,YLR088W,0,-4.6895905,0.09408926218748093,0.6240000128746033,0.6007999777793884
YEL029C,YGL126W,0,-4.689678,0.09407507628202438,0.6240000128746033,0.6008999943733215
YMR006C,YMR172W,0,-4.6897826,0.09406089782714844,0.6240000128746033,0.6010000109672546
YML081C-A,YJL094C,1,-4.68993,0.09419743716716766,0.625,0.6010000109672546
YLR277C,YBR010W,0,-4.6899757,0.09418324381113052,0.625,0.6011000275611877
YOR185C,YNL075W,0,-4.690145,0.09416905045509338,0.625,0.6011999845504761
YBL003C,YMR100W,0,-4.690254,0.09415486454963684,0.625,0.6013000011444092
YLR328W,YGL187C,0,-4.690323,0.0941406860947609,0.625,0.6014000177383423
YNL148C,YLR442C,0,-4.6904593,0.09412650763988495,0.625,0.6014999747276306
YCR034W,YGR225W,0,-4.690768,0.094112329185009,0.625,0.6015999913215637
YOL005C,YBR020W,0,-4.6907964,0.09409816563129425,0.625,0.6017000079154968
YOR171C,YPL170W,0,-4.6909785,0.0940839946269989,0.625,0.6018000245094299
YAL012W,YHL003C,0,-4.69108,0.09406983852386475,0.625,0.6018999814987183
YNL291C,YEL027W,1,-4.691257,0.09420616924762726,0.6259999871253967,0.6018999814987183
YBR081C,YJR140C,0,-4.6914654,0.09419199824333191,0.6259999871253967,0.6019999980926514
YOL130W,YGR191W,1,-4.691743,0.09432826936244965,0.6269999742507935,0.6019999980926514
YMR186W,YFL017W-A,0,-4.6919327,0.0943140760064125,0.6269999742507935,0.6021000146865845
YGR118W,YHR088W,0,-4.6920023,0.09429989755153656,0.6269999742507935,0.6021999716758728
YDR299W,YBR297W,0,-4.6920404,0.09428571164608002,0.6269999742507935,0.6022999882698059
YKL060C,YCL063W,0,-4.6922407,0.09427154064178467,0.6269999742507935,0.602400004863739
YAR015W,YOR226C,0,-4.6922517,0.09425736963748932,0.6269999742507935,0.6025000214576721
YJL140W,YLR376C,0,-4.692646,0.09424319863319397,0.6269999742507935,0.6025999784469604
YJR121W,YML121W,1,-4.6928806,0.09437932074069977,0.628000020980835,0.6025999784469604
YDL143W,YOR226C,0,-4.693059,0.09436514228582382,0.628000020980835,0.6026999950408936
YIR028W,YGL144C,0,-4.6931167,0.09435096383094788,0.628000020980835,0.6028000116348267
YFL041W,YNL291C,1,-4.693767,0.09448700398206711,0.6290000081062317,0.6028000116348267
YDR191W,YBR223C,0,-4.6941953,0.09447281807661057,0.6290000081062317,0.6029000282287598
YCR081W,YDR148C,0,-4.6942363,0.09445862472057343,0.6290000081062317,0.6029999852180481
YER094C,YDR059C,0,-4.694457,0.09444444626569748,0.6290000081062317,0.6031000018119812
YNL328C,YKL040C,0,-4.694619,0.09443026781082153,0.6290000081062317,0.6032000184059143
YGL116W,YIL154C,0,-4.6947017,0.09441608935594559,0.6290000081062317,0.6032999753952026
YCR077C,YGR216C,0,-4.694739,0.09440191835165024,0.6290000081062317,0.6033999919891357
YAL043C,YNL207W,0,-4.694748,0.09438775479793549,0.6290000081062317,0.6035000085830688
YPL248C,YIL149C,0,-4.6947803,0.09437359124422073,0.6290000081062317,0.603600025177002
YDR231C,YCL039W,0,-4.6948805,0.09435943514108658,0.6290000081062317,0.6036999821662903
YKL062W,YGL143C,0,-4.6951275,0.09434527903795242,0.6290000081062317,0.6037999987602234
YPR141C,YLL038C,0,-4.6952963,0.09433113038539886,0.6290000081062317,0.6039000153541565
YPL057C,YGR213C,0,-4.6953554,0.0943169891834259,0.6290000081062317,0.6039999723434448
YDL106C,YDR513W,0,-4.695658,0.09430284798145294,0.6290000081062317,0.6040999889373779
YNL123W,YBR243C,0,-4.695761,0.09428871423006058,0.6290000081062317,0.604200005531311
YLR015W,YNL309W,0,-4.6958637,0.09427458047866821,0.6290000081062317,0.6043000221252441
YDR062W,YBR160W,0,-4.6962385,0.09426045417785645,0.6290000081062317,0.6043999791145325
YNL023C,YGR072W,0,-4.6963243,0.09424632787704468,0.6290000081062317,0.6044999957084656
YNL192W,YLR141W,0,-4.696593,0.09423220902681351,0.6290000081062317,0.6046000123023987
YIL063C,YAL021C,0,-4.6970797,0.09421809762716293,0.6290000081062317,0.6047000288963318
YML043C,YNL123W,0,-4.6972585,0.09420398622751236,0.6290000081062317,0.6047999858856201
YJL143W,YGL200C,0,-4.6973014,0.09418987482786179,0.6290000081062317,0.6049000024795532
YDR299W,YBR084W,0,-4.697378,0.0941757783293724,0.6290000081062317,0.6050000190734863
YNR056C,YLR119W,0,-4.697479,0.09416167438030243,0.6290000081062317,0.6050999760627747
YGR135W,YDL060W,0,-4.697577,0.09414758533239365,0.6290000081062317,0.6051999926567078
YDR039C,YBR024W,1,-4.6977825,0.09428314864635468,0.6299999952316284,0.6051999926567078
YOR001W,YDL137W,0,-4.6979275,0.0942690372467041,0.6299999952316284,0.6053000092506409
YPR183W,YLR150W,0,-4.6984415,0.09425494074821472,0.6299999952316284,0.605400025844574
YBR212W,YCR044C,0,-4.6985254,0.09424083679914474,0.6299999952316284,0.6054999828338623
YOR057W,YNL006W,0,-4.6988163,0.09422674030065536,0.6299999952316284,0.6055999994277954
YOR048C,YBR289W,0,-4.6992292,0.09421265125274658,0.6299999952316284,0.6057000160217285
YKL055C,YMR079W,0,-4.6995916,0.0941985622048378,0.6299999952316284,0.6057999730110168
YNL201C,YJL025W,0,-4.6997147,0.09418448060750961,0.6299999952316284,0.60589998960495
YGR289C,YKR090W,0,-4.6998234,0.09417040646076202,0.6299999952316284,0.6060000061988831
YOR322C,YOR226C,0,-4.700308,0.09415633231401443,0.6299999952316284,0.6061000227928162
YGL073W,YPL239W,0,-4.700402,0.09414225816726685,0.6299999952316284,0.6061999797821045
YJL133W,YBR024W,1,-4.7004404,0.09427760541439056,0.6309999823570251,0.6061999797821045
YMR092C,YER012W,0,-4.7004685,0.09426351636648178,0.6309999823570251,0.6062999963760376
YGL243W,YLR144C,0,-4.70076,0.09424944221973419,0.6309999823570251,0.6064000129699707
YIL062C,YKL214C,0,-4.700782,0.0942353680729866,0.6309999823570251,0.6065000295639038
YMR022W,YPR128C,0,-4.7011313,0.09422129392623901,0.6309999823570251,0.6065999865531921
YPL006W,YNL085W,0,-4.7013683,0.09420722723007202,0.6309999823570251,0.6067000031471252
YBR114W,YML052W,0,-4.701601,0.09419316053390503,0.6309999823570251,0.6068000197410583
YGL142C,YDL216C,0,-4.701621,0.09417910128831863,0.6309999823570251,0.6068999767303467
YHR030C,YHR094C,0,-4.701784,0.09416504949331284,0.6309999823570251,0.6069999933242798
YGR239C,YNL166C,0,-4.70216,0.09415099769830704,0.6309999823570251,0.6071000099182129
YPR182W,YOR136W,0,-4.7024107,0.09413695335388184,0.6309999823570251,0.607200026512146
YCR024C-A,YDL128W,1,-4.702428,0.09427207708358765,0.6320000290870667,0.607200026512146
YKL042W,YOL151W,0,-4.702976,0.09425801783800125,0.6320000290870667,0.6072999835014343
YDR177W,YML006C,0,-4.7031727,0.09424395859241486,0.6320000290870667,0.6074000000953674
YBL023C,YNL329C,0,-4.703212,0.09422990679740906,0.6320000290870667,0.6075000166893005
YGL122C,YGL084C,0,-4.703252,0.09421586245298386,0.6320000290870667,0.6075999736785889
YNR017W,YOR361C,0,-4.703444,0.09420181810855865,0.6320000290870667,0.607699990272522
YHR176W,YNL278W,0,-4.7034683,0.09418778121471405,0.6320000290870667,0.6078000068664551
YDR486C,YKL213C,0,-4.7036734,0.09417374432086945,0.6320000290870667,0.6079000234603882
YOL100W,YDR099W,0,-4.703702,0.09415971487760544,0.6320000290870667,0.6079999804496765
YCR034W,YGL048C,0,-4.7038054,0.09414568543434143,0.6320000290870667,0.6080999970436096
YGR163W,YNL312W,0,-4.7038593,0.09413166344165802,0.6320000290870667,0.6082000136375427
YIL023C,YOR381W,1,-4.7038827,0.09426657110452652,0.6330000162124634,0.6082000136375427
YDR498C,YLR350W,0,-4.7047434,0.09425253421068192,0.6330000162124634,0.608299970626831
YJR031C,YLR451W,0,-4.70527,0.09423849731683731,0.6330000162124634,0.6083999872207642
YPL040C,YNL078W,0,-4.705741,0.0942244678735733,0.6330000162124634,0.6085000038146973
YGL130W,YCR083W,0,-4.7060966,0.09421044588088989,0.6330000162124634,0.6086000204086304
YFL041W,YLR130C,1,-4.7063665,0.09434524178504944,0.6340000033378601,0.6086000204086304
YOR335C,YNL107W,0,-4.706484,0.09433119744062424,0.6340000033378601,0.6086999773979187
YCR026C,YDL051W,0,-4.706942,0.09431716799736023,0.6340000033378601,0.6087999939918518
YNL257C,YPL256C,0,-4.7070355,0.09430313855409622,0.6340000033378601,0.6089000105857849
YJL117W,YGL006W,1,-4.707404,0.09443783760070801,0.6349999904632568,0.6089000105857849
YJL143W,YER024W,0,-4.707472,0.0944237932562828,0.6349999904632568,0.609000027179718
YDR324C,YDR427W,0,-4.7076902,0.0944097563624382,0.6349999904632568,0.6090999841690063
YLL061W,YFL059W,0,-4.707858,0.0943957194685936,0.6349999904632568,0.6092000007629395
YDR486C,YGR206W,0,-4.70837,0.09438169002532959,0.6349999904632568,0.6093000173568726
YER172C,YDR162C,0,-4.7083955,0.09436766058206558,0.6349999904632568,0.6093999743461609
YHR008C,YDL197C,0,-4.708683,0.09435363858938217,0.6349999904632568,0.609499990940094
YMR163C,YDL236W,0,-4.708716,0.09433962404727936,0.6349999904632568,0.6096000075340271
YOR076C,YBR041W,0,-4.709249,0.09432560950517654,0.6349999904632568,0.6097000241279602
YPL235W,YOR207C,0,-4.70934,0.09431160241365433,0.6349999904632568,0.6097999811172485
YPL190C,YKL182W,0,-4.709423,0.09429759532213211,0.6349999904632568,0.6098999977111816
YBR293W,YKL154W,0,-4.7095594,0.09428359568119049,0.6349999904632568,0.6100000143051147
YFR031C,YOR320C,0,-4.7098846,0.09426959604024887,0.6349999904632568,0.6100999712944031
YIL147C,YNR072W,0,-4.709944,0.09425560384988785,0.6349999904632568,0.6101999878883362
YGR193C,YKR039W,0,-4.7100754,0.09424161165952682,0.6349999904632568,0.6103000044822693
YDR330W,YAR014C,0,-4.710207,0.0942276269197464,0.6349999904632568,0.6104000210762024
YPL087W,YIL139C,0,-4.710219,0.09421364963054657,0.6349999904632568,0.6104999780654907
YMR247C,YDR518W,0,-4.7102995,0.09419967234134674,0.6349999904632568,0.6105999946594238
YGR116W,YOR174W,0,-4.7103605,0.09418570250272751,0.6349999904632568,0.6107000112533569
YNL044W,YHR088W,0,-4.710509,0.09417173266410828,0.6349999904632568,0.61080002784729
YHR014W,YNL085W,0,-4.7114134,0.09415777027606964,0.6349999904632568,0.6108999848365784
YOR115C,YER022W,0,-4.711437,0.094143807888031,0.6349999904632568,0.6110000014305115
YHR005C,YAL056W,0,-4.711575,0.09412985295057297,0.6349999904632568,0.6111000180244446
YKL080W,YDR404C,0,-4.71177,0.09411590546369553,0.6349999904632568,0.6111999750137329
YKR037C,YLR265C,0,-4.712023,0.09410195797681808,0.6349999904632568,0.611299991607666
YNR011C,YML013W,0,-4.712061,0.09408801048994064,0.6349999904632568,0.6114000082015991
YDR078C,YDR153C,0,-4.712311,0.0940740704536438,0.6349999904632568,0.6115000247955322
YER114C,YPL190C,0,-4.712324,0.09406013786792755,0.6349999904632568,0.6115999817848206
YDR270W,YNR013C,1,-4.7124724,0.09419431537389755,0.6359999775886536,0.6115999817848206
YPR001W,YHR042W,0,-4.7125316,0.09418036788702011,0.6359999775886536,0.6116999983787537
YMR234W,YGL233W,0,-4.71255,0.09416642040014267,0.6359999775886536,0.6118000149726868
YNR053C,YPL061W,0,-4.712687,0.09415248036384583,0.6359999775886536,0.6118999719619751
YIL098C,YAL051W,0,-4.712825,0.09413854032754898,0.6359999775886536,0.6119999885559082
YBR211C,YML036W,0,-4.7128763,0.09412461519241333,0.6359999775886536,0.6121000051498413
YPR068C,YDR320C,0,-4.7129765,0.09411068260669708,0.6359999775886536,0.6122000217437744
YDR495C,YER015W,0,-4.713189,0.09409675747156143,0.6359999775886536,0.6122999787330627
YPL060W,YFL041W,1,-4.713506,0.0942307710647583,0.6370000243186951,0.6122999787330627
YLR424W,YLR370C,0,-4.7135944,0.09421683102846146,0.6370000243186951,0.6123999953269958
YJL207C,YGL238W,0,-4.7136536,0.09420289844274521,0.6370000243186951,0.612500011920929
YNL164C,YLR165C,0,-4.713785,0.09418896585702896,0.6370000243186951,0.6126000285148621
YCR106W,YJR042W,0,-4.7138906,0.09417504072189331,0.6370000243186951,0.6126999855041504
YJR104C,YDR123C,0,-4.714082,0.09416112303733826,0.6370000243186951,0.6128000020980835
YHR084W,YKL113C,0,-4.714137,0.0941472053527832,0.6370000243186951,0.6129000186920166
YCL016C,YBR237W,0,-4.714153,0.09413329511880875,0.6370000243186951,0.6129999756813049
YLR081W,YOL006C,0,-4.7141604,0.09411938488483429,0.6370000243186951,0.613099992275238
YDR457W,YDR099W,0,-4.714269,0.09410548210144043,0.6370000243186951,0.6132000088691711
YJL194W,YOR368W,0,-4.7144,0.09409157931804657,0.6370000243186951,0.6133000254631042
YGR262C,YHR023W,0,-4.7146273,0.0940776839852333,0.6370000243186951,0.6133999824523926
YOL144W,YNL070W,0,-4.714817,0.09406378865242004,0.6370000243186951,0.6134999990463257
YER089C,YER111C,0,-4.7151093,0.09404990077018738,0.6370000243186951,0.6136000156402588
YFR027W,YDR465C,0,-4.715114,0.09403602033853531,0.6370000243186951,0.6136999726295471
YML126C,YOR151C,0,-4.7152586,0.09402213990688324,0.6370000243186951,0.6137999892234802
YCL031C,YFL008W,0,-4.715267,0.09400826692581177,0.6370000243186951,0.6139000058174133
YHR160C,YLR201C,0,-4.715314,0.0939943939447403,0.6370000243186951,0.6140000224113464
YOR294W,YLR350W,0,-4.715545,0.09398052841424942,0.6370000243186951,0.6140999794006348
YJL014W,YBR038W,0,-4.7155867,0.09396666288375854,0.6370000243186951,0.6141999959945679
YOL039W,YPR032W,0,-4.7156415,0.09395280480384827,0.6370000243186951,0.614300012588501
YGR030C,YBR008C,0,-4.7159643,0.09393894672393799,0.6370000243186951,0.6144000291824341
YBL023C,YOR272W,0,-4.7159705,0.0939250960946083,0.6370000243186951,0.6144999861717224
YML067C,YLR409C,0,-4.716069,0.09391124546527863,0.6370000243186951,0.6146000027656555
YPL241C,YPR165W,0,-4.716241,0.09389740228652954,0.6370000243186951,0.6147000193595886
YKL101W,YHR106W,0,-4.716325,0.09388356655836105,0.6370000243186951,0.614799976348877
YBR298C,YER024W,0,-4.7164907,0.09386973083019257,0.6370000243186951,0.6148999929428101
YBL063W,YKL068W,0,-4.716648,0.09385590255260468,0.6370000243186951,0.6150000095367432
YOR027W,YGL233W,0,-4.7167997,0.09384207427501678,0.6370000243186951,0.6151000261306763
YLR008C,YBR200W,0,-4.7168036,0.09382825344800949,0.6370000243186951,0.6151999831199646
YOR330C,YOR140W,0,-4.717173,0.0938144326210022,0.6370000243186951,0.6152999997138977
YDR208W,YGR091W,0,-4.717224,0.0938006192445755,0.6370000243186951,0.6154000163078308
YKR020W,YIL033C,0,-4.7176046,0.0937868058681488,0.6370000243186951,0.6154999732971191
YPR187W,YJR043C,0,-4.717689,0.0937729999423027,0.6370000243186951,0.6155999898910522
YOL105C,YDR254W,0,-4.718222,0.0937592014670372,0.6370000243186951,0.6157000064849854
YNL288W,YFR019W,0,-4.718319,0.0937454029917717,0.6370000243186951,0.6158000230789185
YFR031C,YBR218C,0,-4.718628,0.0937316045165062,0.6370000243186951,0.6158999800682068
YOL045W,YER109C,0,-4.7187634,0.09371781349182129,0.6370000243186951,0.6159999966621399
YFR052W,YFR002W,0,-4.7190003,0.09370402991771698,0.6370000243186951,0.616100013256073
YOR288C,YOR067C,0,-4.719343,0.09369024634361267,0.6370000243186951,0.6161999702453613
YDL106C,YPL243W,0,-4.7193565,0.09367647022008896,0.6370000243186951,0.6162999868392944
YBL055C,YDL209C,0,-4.7198706,0.09366269409656525,0.6370000243186951,0.6164000034332275
YGR286C,YPR095C,0,-4.7202516,0.09364892542362213,0.6370000243186951,0.6165000200271606
YBR221C,YDL111C,0,-4.7203608,0.09363516420125961,0.6370000243186951,0.616599977016449
YLR195C,YOR288C,0,-4.720417,0.0936213955283165,0.6370000243186951,0.6166999936103821
YML092C,YKR090W,0,-4.7205315,0.09360764175653458,0.6370000243186951,0.6168000102043152
YER005W,YOR191W,0,-4.720873,0.09359388798475266,0.6370000243186951,0.6169000267982483
YMR127C,YBR081C,0,-4.7210884,0.09358014166355133,0.6370000243186951,0.6169999837875366
YGL241W,YLR201C,0,-4.7211366,0.09356639534235,0.6370000243186951,0.6171000003814697
YKL016C,YCR098C,1,-4.7212386,0.09369951486587524,0.6380000114440918,0.6171000003814697
YMR065W,YGL014W,0,-4.72206,0.09368575364351273,0.6380000114440918,0.6172000169754028
YMR212C,YDL213C,0,-4.722577,0.0936719998717308,0.6380000114440918,0.6172999739646912
YLR219W,YHR086W,0,-4.7226934,0.09365825355052948,0.6380000114440918,0.6173999905586243
YLR226W,YDR443C,0,-4.7228594,0.09364449977874756,0.6380000114440918,0.6175000071525574
YDR135C,YPR073C,0,-4.723071,0.09363076090812683,0.6380000114440918,0.6176000237464905
YPR133C,YBL052C,0,-4.7231054,0.0936170220375061,0.6380000114440918,0.6176999807357788
YGR088W,YOL006C,0,-4.723153,0.09360328316688538,0.6380000114440918,0.6177999973297119
YOR033C,YPR008W,0,-4.72318,0.09358955919742584,0.6380000114440918,0.617900013923645
YMR308C,YLR264W,0,-4.7232122,0.09357582777738571,0.6380000114440918,0.6179999709129333
YDR527W,YLR196W,0,-4.7233653,0.09356210380792618,0.6380000114440918,0.6180999875068665
YKL046C,YDR404C,0,-4.723622,0.09354838728904724,0.6380000114440918,0.6182000041007996
YOR185C,YBR244W,0,-4.723915,0.0935346707701683,0.6380000114440918,0.6183000206947327
YCL066W,YLR386W,0,-4.724016,0.09352096170186996,0.6380000114440918,0.618399977684021
YDR172W,YDR045C,0,-4.72413,0.09350725263357162,0.6380000114440918,0.6184999942779541
YKR028W,YFR047C,0,-4.724304,0.09349355101585388,0.6380000114440918,0.6186000108718872
YML014W,YML011C,0,-4.724327,0.09347985684871674,0.6380000114440918,0.6187000274658203
YNL036W,YKL166C,0,-4.7247033,0.09346615523099899,0.6380000114440918,0.6187999844551086
YMR184W,YMR172W,0,-4.7247467,0.09345246851444244,0.6380000114440918,0.6189000010490417
YOL038W,YPR042C,0,-4.724861,0.0934387817978859,0.6380000114440918,0.6190000176429749
YBL026W,YEL024W,0,-4.724989,0.09342510253190994,0.6380000114440918,0.6190999746322632
YLR141W,YOR011W,0,-4.724999,0.09341142326593399,0.6380000114440918,0.6191999912261963
YDR320C,YNL318C,0,-4.7251024,0.09339774399995804,0.6380000114440918,0.6193000078201294
YGL207W,YKL007W,0,-4.725276,0.09338407218456268,0.6380000114440918,0.6194000244140625
YLR355C,YJR158W,0,-4.7253966,0.09337040781974792,0.6380000114440918,0.6194999814033508
YBR037C,YHR050W,1,-4.725474,0.09350307285785675,0.6389999985694885,0.6194999814033508
YEL069C,YPL157W,0,-4.7256637,0.0934893935918808,0.6389999985694885,0.6195999979972839
YDL077C,YLR221C,0,-4.72635,0.09347571432590485,0.6389999985694885,0.619700014591217
YJR092W,YNL085W,0,-4.7264605,0.09346204251050949,0.6389999985694885,0.6197999715805054
YMR163C,YKL189W,0,-4.726507,0.09344837814569473,0.6389999985694885,0.6198999881744385
YMR117C,YFR040W,0,-4.72668,0.09343471378087997,0.6389999985694885,0.6200000047683716
YKR001C,YER123W,0,-4.7266927,0.09342104941606522,0.6389999985694885,0.6201000213623047
YGL226C-A,YDL175C,0,-4.7272167,0.09340739995241165,0.6389999985694885,0.620199978351593
YLL013C,YNL177C,0,-4.7273493,0.09339374303817749,0.6389999985694885,0.6202999949455261
YKL220C,YBR039W,1,-4.72738,0.09352622926235199,0.6399999856948853,0.6202999949455261
YJR135W-A,YFL029C,0,-4.727621,0.09351256489753723,0.6399999856948853,0.6204000115394592
YMR231W,YML074C,0,-4.7276545,0.09349890798330307,0.6399999856948853,0.6205000281333923
YNL097C,YPR073C,0,-4.727776,0.09348524361848831,0.6399999856948853,0.6205999851226807
YMR293C,YGR224W,0,-4.7278967,0.09347159415483475,0.6399999856948853,0.6207000017166138
YOL130W,YDR276C,1,-4.728133,0.09360396862030029,0.640999972820282,0.6207000017166138
YJL167W,YML124C,0,-4.7281666,0.09359030425548553,0.640999972820282,0.6208000183105469
YPR088C,YCR106W,0,-4.728467,0.09357663989067078,0.640999972820282,0.6208999752998352
YOR347C,YOL067C,0,-4.7286143,0.09356298297643661,0.640999972820282,0.6209999918937683
YBR084W,YER083C,0,-4.7288175,0.09354932606220245,0.640999972820282,0.6211000084877014
YPR181C,YBR171W,0,-4.728878,0.09353567659854889,0.640999972820282,0.6212000250816345
YJR150C,YKL017C,0,-4.7289977,0.09352203458547592,0.640999972820282,0.6212999820709229
YHR012W,YMR073C,0,-4.729329,0.09350838512182236,0.640999972820282,0.621399998664856
YPL059W,YDR099W,0,-4.7298465,0.09349475055932999,0.640999972820282,0.6215000152587891
YDR379W,YPL235W,0,-4.729872,0.09348111599683762,0.640999972820282,0.6215999722480774
YOL158C,YGL006W,1,-4.729938,0.09361329674720764,0.6420000195503235,0.6215999722480774
YNL282W,YGR280C,0,-4.7301598,0.09359964728355408,0.6420000195503235,0.6216999888420105
YGL144C,YER027C,0,-4.730241,0.09358600527048111,0.6420000195503235,0.6218000054359436
YDR283C,YPR125W,0,-4.7302513,0.09357236325740814,0.6420000195503235,0.6219000220298767
YPL087W,YIL044C,0,-4.730331,0.09355872869491577,0.6420000195503235,0.621999979019165
YNR033W,YIL013C,0,-4.730435,0.0935450941324234,0.6420000195503235,0.6220999956130981
YJL176C,YGL150C,0,-4.730546,0.09353146702051163,0.6420000195503235,0.6222000122070312
YPR189W,YDR069C,0,-4.7306337,0.09351784735918045,0.6420000195503235,0.6223000288009644
YGR179C,YMR095C,0,-4.730673,0.09350422024726868,0.6420000195503235,0.6223999857902527
YDR302W,YGR231C,0,-4.7309885,0.0934906080365181,0.6420000195503235,0.6225000023841858
YEL053C,YBL045C,0,-4.7311206,0.09347699582576752,0.6420000195503235,0.6226000189781189
YLR133W,YHR059W,0,-4.7313113,0.09346338361501694,0.6420000195503235,0.6226999759674072
YNL283C,YJL011C,0,-4.731504,0.09344977885484695,0.6420000195503235,0.6227999925613403
YJL210W,YBR065C,0,-4.731664,0.09343618154525757,0.6420000195503235,0.6229000091552734
YDR518W,YDR281C,0,-4.7317963,0.09342258423566818,0.6420000195503235,0.6230000257492065
YLR285W,YDR227W,0,-4.731903,0.0934089943766594,0.6420000195503235,0.6230999827384949
YPL098C,YGR284C,0,-4.7319083,0.0933954045176506,0.6420000195503235,0.623199999332428
YDR346C,YJR069C,0,-4.73201,0.09338181465864182,0.6420000195503235,0.6233000159263611
YGR075C,YOL146W,0,-4.732142,0.09336823970079422,0.6420000195503235,0.6233999729156494
YJL186W,YBR223C,0,-4.7321777,0.09335465729236603,0.6420000195503235,0.6234999895095825
YEL062W,YOL127W,0,-4.732219,0.09334108978509903,0.6420000195503235,0.6236000061035156
YGR078C,YOR153W,0,-4.7322206,0.09332751482725143,0.6420000195503235,0.6237000226974487
YDL043C,YNL186W,0,-4.732588,0.09331395477056503,0.6420000195503235,0.6237999796867371
YCR067C,YOL089C,0,-4.732794,0.09330039471387863,0.6420000195503235,0.6238999962806702
YIL052C,YOR232W,0,-4.73358,0.09328683465719223,0.6420000195503235,0.6240000128746033
YBR213W,YGL098W,0,-4.733743,0.09327328205108643,0.6420000195503235,0.6241000294685364
YOR330C,YDR409W,0,-4.734084,0.09325972944498062,0.6420000195503235,0.6241999864578247
YLL009C,YCR010C,1,-4.73426,0.09339143335819244,0.6430000066757202,0.6241999864578247
YCL024W,YKL195W,0,-4.734368,0.09337786585092545,0.6430000066757202,0.6243000030517578
YOR334W,YOR381W,1,-4.734763,0.09350951015949249,0.6439999938011169,0.6243000030517578
YCR018C,YNL256W,0,-4.734953,0.0934959352016449,0.6439999938011169,0.6244000196456909
YCL011C,YNL101W,0,-4.7351913,0.0934823602437973,0.6439999938011169,0.6244999766349792
YBR037C,YBR039W,1,-4.735221,0.09361393004655838,0.6449999809265137,0.6244999766349792
YBL023C,YAL047C,0,-4.7354336,0.09360034763813019,0.6449999809265137,0.6245999932289124
YJR001W,YEL031W,0,-4.735716,0.093586765229702,0.6449999809265137,0.6247000098228455
YEL041W,YJR090C,0,-4.736046,0.0935731902718544,0.6449999809265137,0.6248000264167786
YOR168W,YDR279W,0,-4.736063,0.0935596153140068,0.6449999809265137,0.6248999834060669
YKR027W,YLR200W,0,-4.736075,0.09354604780673981,0.6449999809265137,0.625
YNR048W,YDR099W,0,-4.7362556,0.09353248029947281,0.6449999809265137,0.6251000165939331
YGL122C,YGL143C,0,-4.7366953,0.09351892024278641,0.6449999809265137,0.6251999735832214
YDR486C,YLR182W,0,-4.736903,0.0935053601861,0.6449999809265137,0.6252999901771545
YER159C,YDR295C,0,-4.7369704,0.0934918075799942,0.6449999809265137,0.6254000067710876
YKL086W,YGR135W,0,-4.7369766,0.093478262424469,0.6449999809265137,0.6255000233650208
YMR225C,YBL035C,0,-4.737005,0.09346471726894379,0.6449999809265137,0.6255999803543091
YOR334W,YOR137C,1,-4.7371454,0.09359605610370636,0.6460000276565552,0.6255999803543091
YGL124C,YDL154W,0,-4.7376413,0.09358250349760056,0.6460000276565552,0.6256999969482422
YDL201W,YDL244W,0,-4.7380247,0.09356894344091415,0.6460000276565552,0.6258000135421753
YGL240W,YAL022C,0,-4.7382445,0.09355539828538895,0.6460000276565552,0.6258999705314636
YNL323W,YMR106C,0,-4.7386327,0.09354184567928314,0.6460000276565552,0.6259999871253967
YOR174W,YOR014W,0,-4.7386885,0.09352830797433853,0.6460000276565552,0.6261000037193298
YLL021W,YBL098W,0,-4.738984,0.09351476281881332,0.6460000276565552,0.6262000203132629
YGL105W,YDR219C,0,-4.739081,0.09350123256444931,0.6460000276565552,0.6262999773025513
YGL212W,YML007W,0,-4.739165,0.0934877023100853,0.6460000276565552,0.6263999938964844
YOL003C,YJL085W,0,-4.7396,0.09347417205572128,0.6460000276565552,0.6265000104904175
YEL017C-A,YFL050C,1,-4.739636,0.09360532462596893,0.6470000147819519,0.6265000104904175
YBR043C,YBL032W,0,-4.73964,0.09359178692102432,0.6470000147819519,0.6266000270843506
YBR036C,YKL134C,0,-4.7397113,0.09357824921607971,0.6470000147819519,0.6266999840736389
YFR004W,YLR396C,0,-4.7398853,0.0935647115111351,0.6470000147819519,0.626800000667572
YLR383W,YOR057W,0,-4.7400274,0.09355118870735168,0.6470000147819519,0.6269000172615051
YIL149C,YDR515W,0,-4.7400627,0.09353765845298767,0.6470000147819519,0.6269999742507935
YOR237W,YNL177C,0,-4.740156,0.09352414309978485,0.6470000147819519,0.6270999908447266
YIL073C,YGL100W,0,-4.740347,0.09351062029600143,0.6470000147819519,0.6272000074386597
YOL123W,YLL050C,0,-4.740587,0.09349711239337921,0.6470000147819519,0.6273000240325928
YDR039C,YLR130C,1,-4.7406464,0.09362808614969254,0.6480000019073486,0.6273000240325928
YNL272C,YKR029C,0,-4.740981,0.09361456334590912,0.6480000019073486,0.6273999810218811
YIL031W,YDR177W,0,-4.7412176,0.0936010405421257,0.6480000019073486,0.6274999976158142
YNL023C,YGL145W,0,-4.741781,0.09358752518892288,0.6480000019073486,0.6276000142097473
YNR038W,YDL188C,0,-4.741797,0.09357400983572006,0.6480000019073486,0.6276999711990356
YFR021W,YJL108C,0,-4.7418556,0.09356049448251724,0.6480000019073486,0.6277999877929688
YOL156W,YNL154C,0,-4.741987,0.09354698657989502,0.6480000019073486,0.6279000043869019
YCR073W-A,YGR284C,0,-4.7420416,0.0935334861278534,0.6480000019073486,0.628000020980835
YOR046C,YOL142W,0,-4.7424173,0.09351998567581177,0.6480000019073486,0.6280999779701233
YJL008C,YOL043C,0,-4.742521,0.09350649267435074,0.6480000019073486,0.6281999945640564
YJR063W,YGL095C,0,-4.742531,0.09349299967288971,0.6480000019073486,0.6283000111579895
YBR037C,YPL060W,1,-4.742593,0.09362377226352692,0.6489999890327454,0.6283000111579895
YBR228W,YGR007W,0,-4.7430587,0.09361027181148529,0.6489999890327454,0.6284000277519226
YGL162W,YNL330C,0,-4.7431097,0.09359677135944366,0.6489999890327454,0.6284999847412109
YDR017C,YLR451W,0,-4.7432756,0.09358327090740204,0.6489999890327454,0.628600001335144
YBR228W,YDL105W,0,-4.743323,0.09356977790594101,0.6489999890327454,0.6287000179290771
YGR178C,YLR193C,0,-4.7433505,0.09355629235506058,0.6489999890327454,0.6287999749183655
YJL141C,YLR429W,0,-4.7435417,0.09354280680418015,0.6489999890327454,0.6288999915122986
YER145C,YDR038C,1,-4.7435713,0.09367343783378601,0.6499999761581421,0.6288999915122986
YGL243W,YCR020C-A,0,-4.7435865,0.09365994483232498,0.6499999761581421,0.6290000081062317
YKL125W,YPR112C,0,-4.743593,0.09364645183086395,0.6499999761581421,0.6291000247001648
YPL094C,YFR047C,0,-4.7437134,0.09363295882940292,0.6499999761581421,0.6291999816894531
YPR024W,YGL089C,0,-4.743808,0.09361947327852249,0.6499999761581421,0.6292999982833862
YNL093W,YLR410W,0,-4.7438555,0.09360598772764206,0.6499999761581421,0.6294000148773193
YBR177C,YOR244W,0,-4.7439756,0.09359250962734222,0.6499999761581421,0.6294999718666077
YGL037C,YNL261W,0,-4.7440467,0.09357903897762299,0.6499999761581421,0.6295999884605408
YBR245C,YMR029C,0,-4.7442536,0.09356556832790375,0.6499999761581421,0.6297000050544739
YDR300C,YLR074C,0,-4.7444515,0.09355209767818451,0.6499999761581421,0.629800021648407
YLR138W,YHR026W,0,-4.7445345,0.09353864192962646,0.6499999761581421,0.6298999786376953
YMR241W,YNL312W,0,-4.7449174,0.09352517873048782,0.6499999761581421,0.6299999952316284
YDR386W,YOL068C,0,-4.744981,0.09351172298192978,0.6499999761581421,0.6301000118255615
YJR043C,YEL019C,0,-4.745531,0.09349827468395233,0.6499999761581421,0.6302000284194946
YMR183C,YNL280C,0,-4.745545,0.09348482638597488,0.6499999761581421,0.630299985408783
YGR279C,YNR035C,0,-4.745674,0.09347138553857803,0.6499999761581421,0.6304000020027161
YPL051W,YNL214W,0,-4.745684,0.09345794469118118,0.6499999761581421,0.6305000185966492
YGR222W,YNL123W,0,-4.7456975,0.09344451129436493,0.6499999761581421,0.6305999755859375
YMR311C,YGR005C,0,-4.7458344,0.09343107789754868,0.6499999761581421,0.6306999921798706
YKR095W,YFR046C,0,-4.7465725,0.09341765195131302,0.6499999761581421,0.6308000087738037
YKR055W,YKL213C,0,-4.746744,0.09340422600507736,0.6499999761581421,0.6309000253677368
YFR033C,YCR073W-A,0,-4.7469344,0.0933908075094223,0.6499999761581421,0.6309999823570251
YOR057W,YDR179C,0,-4.7470865,0.09337738901376724,0.6499999761581421,0.6310999989509583
YIL070C,YLR386W,0,-4.747167,0.09336397796869278,0.6499999761581421,0.6312000155448914
YCR081W,YFL029C,0,-4.7472143,0.09335056692361832,0.6499999761581421,0.6312999725341797
YJL179W,YKL206C,0,-4.747549,0.09333716332912445,0.6499999761581421,0.6313999891281128
YML036W,YJR091C,0,-4.7477484,0.09332375973463058,0.6499999761581421,0.6315000057220459
YBR243C,YMR285C,0,-4.747759,0.09331036359071732,0.6499999761581421,0.631600022315979
YOL148C,YOR206W,0,-4.7479014,0.09329697489738464,0.6499999761581421,0.6316999793052673
YOR112W,YMR006C,0,-4.747904,0.09328357875347137,0.6499999761581421,0.6317999958992004
YGR099W,YAL034W-A,0,-4.748033,0.0932701975107193,0.6499999761581421,0.6319000124931335
YPR008W,YER166W,0,-4.7483916,0.09325681626796722,0.6499999761581421,0.6320000290870667
YNL278W,YDR477W,0,-4.7484093,0.09324343502521515,0.6499999761581421,0.632099986076355
YJR059W,YPL240C,0,-4.7485075,0.09323006123304367,0.6499999761581421,0.6322000026702881
YEL050C,YNL118C,0,-4.7485843,0.09321669489145279,0.6499999761581421,0.6323000192642212
YNL091W,YKL134C,0,-4.748747,0.09320332854986191,0.6499999761581421,0.6323999762535095
YKL194C,YCL069W,0,-4.749729,0.09318996220827103,0.6499999761581421,0.6324999928474426
YEL063C,YPL266W,0,-4.749778,0.09317660331726074,0.6499999761581421,0.6326000094413757
YPR133C,YGL257C,0,-4.74985,0.09316325187683105,0.6499999761581421,0.6327000260353088
YDL008W,YGR172C,0,-4.7499185,0.09314990043640137,0.6499999761581421,0.6327999830245972
YAL056W,YKR083C,0,-4.7500067,0.09313654899597168,0.6499999761581421,0.6328999996185303
YJL030W,YKL020C,0,-4.750123,0.09312321245670319,0.6499999761581421,0.6330000162124634
YHR059W,YGL257C,0,-4.7504635,0.0931098684668541,0.6499999761581421,0.6330999732017517
YNL328C,YOR032C,0,-4.7505636,0.0930965319275856,0.6499999761581421,0.6331999897956848
YPL096W,YPL235W,0,-4.750764,0.0930832028388977,0.6499999761581421,0.6333000063896179
YLR398C,YNL304W,0,-4.7509713,0.09306987375020981,0.6499999761581421,0.633400022983551
YGL243W,YLR015W,0,-4.751195,0.09305655211210251,0.6499999761581421,0.6334999799728394
YPL112C,YHR077C,0,-4.7514157,0.09304323047399521,0.6499999761581421,0.6335999965667725
YLR170C,YLR229C,0,-4.751438,0.0930299162864685,0.6499999761581421,0.6337000131607056
YBR037C,YCR024C-A,1,-4.7515726,0.09315970540046692,0.6510000228881836,0.6337000131607056
YKL084W,YLR433C,0,-4.7519927,0.09314637631177902,0.6510000228881836,0.6338000297546387
YGR195W,YKL119C,0,-4.7520924,0.09313304722309113,0.6510000228881836,0.633899986743927
YGR132C,YHR043C,0,-4.752457,0.09311972558498383,0.6510000228881836,0.6340000033378601
YCL004W,YPR072W,0,-4.752601,0.09310640394687653,0.6510000228881836,0.6341000199317932
YPR201W,YFL050C,1,-4.752669,0.09323609620332718,0.6520000100135803,0.6341000199317932
YGR191W,YGL006W,1,-4.7530904,0.09336574375629425,0.652999997138977,0.6341000199317932
YBR020W,YMR268C,0,-4.753599,0.09335239231586456,0.652999997138977,0.6341999769210815
YOL111C,YNL243W,0,-4.753941,0.09333904832601547,0.652999997138977,0.6342999935150146
YDR212W,YGL244W,0,-4.754127,0.09332571178674698,0.652999997138977,0.6344000101089478
YER100W,YOR281C,0,-4.754165,0.09331237524747849,0.652999997138977,0.6345000267028809
YDL194W,YDR507C,0,-4.754664,0.09329904615879059,0.652999997138977,0.6345999836921692
YDL078C,YHR148W,0,-4.7548003,0.09328571707010269,0.652999997138977,0.6347000002861023
YCL001W,YBR155W,0,-4.754977,0.0932723879814148,0.652999997138977,0.6348000168800354
YMR263W,YBL024W,0,-4.755197,0.0932590663433075,0.652999997138977,0.6348999738693237
YBR169C,YKL080W,0,-4.755642,0.09324575215578079,0.652999997138977,0.6349999904632568
YOR221C,YDR045C,0,-4.7556605,0.09323243796825409,0.652999997138977,0.6351000070571899
YOR334W,YDR276C,1,-4.7560444,0.09336188435554504,0.6539999842643738,0.6351000070571899
YLR314C,YJR153W,0,-4.7565336,0.09334855526685715,0.6539999842643738,0.635200023651123
YBL006C,YAL051W,0,-4.7566934,0.09333523362874985,0.6539999842643738,0.6352999806404114
YBR254C,YNL312W,0,-4.7569494,0.09332191944122314,0.6539999842643738,0.6353999972343445
YNR054C,YML031W,0,-4.757174,0.09330860525369644,0.6539999842643738,0.6355000138282776
YIR012W,YGR038W,0,-4.757355,0.09329529106616974,0.6539999842643738,0.6355999708175659
YKL191W,YLR442C,0,-4.757476,0.09328198432922363,0.6539999842643738,0.635699987411499
YPR007C,YCR009C,0,-4.7574778,0.09326868504285812,0.6539999842643738,0.6358000040054321
YNR026C,YKR082W,0,-4.7575016,0.09325538575649261,0.6539999842643738,0.6359000205993652
YDR073W,YML047C,0,-4.7575893,0.0932420864701271,0.6539999842643738,0.6359999775886536
YBR057C,YIR022W,0,-4.7578163,0.0932287946343422,0.6539999842643738,0.6360999941825867
YHR181W,YDL031W,0,-4.758235,0.09321551024913788,0.6539999842643738,0.6362000107765198
YOL027C,YJL198W,1,-4.7582455,0.09334473311901093,0.6549999713897705,0.6362000107765198
YKL194C,YGR179C,0,-4.7585335,0.09333143383264542,0.6549999713897705,0.6363000273704529
YFR033C,YOR143C,0,-4.7586412,0.09331813454627991,0.6549999713897705,0.6363999843597412
YKR052C,YOR381W,1,-4.7587705,0.09344729036092758,0.656000018119812,0.6363999843597412
YDL076C,YNR067C,0,-4.758865,0.09343398362398148,0.656000018119812,0.6365000009536743
YPL195W,YPR104C,0,-4.7590027,0.09342067688703537,0.656000018119812,0.6366000175476074
YPL010W,YMR088C,0,-4.7590904,0.09340737760066986,0.656000018119812,0.6366999745368958
YLR114C,YMR030W,0,-4.759144,0.09339407831430435,0.656000018119812,0.6367999911308289
YOL003C,YBR217W,0,-4.7592773,0.09338078647851944,0.656000018119812,0.636900007724762
YBR006W,YLR431C,0,-4.7592983,0.09336749464273453,0.656000018119812,0.6370000243186951
YNL099C,YGL093W,0,-4.7594543,0.09335420280694962,0.656000018119812,0.6370999813079834
YFL034C-B,YIL008W,0,-4.759471,0.0933409184217453,0.656000018119812,0.6371999979019165
YOR322C,YPL031C,0,-4.7595387,0.09332764148712158,0.656000018119812,0.6373000144958496
YDR429C,YLR105C,0,-4.7596674,0.09331436455249786,0.656000018119812,0.6373999714851379
YOL086C,YNL225C,0,-4.759687,0.09330109506845474,0.656000018119812,0.637499988079071
YKL062W,YJL001W,0,-4.759913,0.09328782558441162,0.656000018119812,0.6376000046730042
YDL128W,YML081C-A,1,-4.7599735,0.09341675043106079,0.6570000052452087,0.6376000046730042
YDR270W,YKR052C,1,-4.760828,0.09354563802480698,0.6579999923706055,0.6376000046730042
YEL050C,YBR070C,0,-4.7609124,0.09353233873844147,0.6579999923706055,0.6377000212669373
YOR094W,YPR074C,0,-4.761177,0.09351904690265656,0.6579999923706055,0.6377999782562256
YLR246W,YHR115C,0,-4.761234,0.09350575506687164,0.6579999923706055,0.6378999948501587
YDR176W,YPL026C,0,-4.76155,0.09349247068166733,0.6579999923706055,0.6380000114440918
YLR285W,YOL129W,0,-4.761718,0.09347918629646301,0.6579999923706055,0.6381000280380249
YGL028C,YHR043C,0,-4.7617297,0.0934659093618393,0.6579999923706055,0.6381999850273132
YNL259C,YJL094C,1,-4.761861,0.09359466284513474,0.6589999794960022,0.6381999850273132
YFR031C,YOR117W,0,-4.7620845,0.09358137100934982,0.6589999794960022,0.6383000016212463
YOR334W,YIL023C,1,-4.7622166,0.09371006488800049,0.6600000262260437,0.6383000016212463
YER154W,YJR144W,0,-4.7622776,0.09369676560163498,0.6600000262260437,0.6384000182151794
YOR212W,YNL267W,0,-4.762871,0.09368346631526947,0.6600000262260437,0.6384999752044678
YHR065C,YIL118W,0,-4.7628956,0.09367016702890396,0.6600000262260437,0.6385999917984009
YBR290W,YGR217W,1,-4.762967,0.09379877895116806,0.6610000133514404,0.6385999917984009
YPL214C,YNR067C,0,-4.763033,0.09378547221422195,0.6610000133514404,0.638700008392334
YFL048C,YKL189W,0,-4.7631335,0.09377216547727585,0.6610000133514404,0.6388000249862671
YOR039W,YPL241C,0,-4.763201,0.09375886619091034,0.6610000133514404,0.6388999819755554
YMR216C,YAL009W,0,-4.7632055,0.09374556690454483,0.6610000133514404,0.6389999985694885
YOR033C,YAL001C,0,-4.763752,0.09373227506875992,0.6610000133514404,0.6391000151634216
YPL060W,YHR050W,1,-4.7640853,0.09386076778173447,0.6620000004768372,0.6391000151634216
YEL024W,YLR009W,0,-4.76425,0.09384746104478836,0.6620000004768372,0.63919997215271
YOR119C,YLR066W,0,-4.76437,0.09383416175842285,0.6620000004768372,0.6392999887466431
YDL005C,YGL206C,0,-4.764564,0.09382086247205734,0.6620000004768372,0.6394000053405762
YHR004C,YPL051W,0,-4.764575,0.09380757063627243,0.6620000004768372,0.6395000219345093
YLR254C,YKL117W,0,-4.765168,0.09379427880048752,0.6620000004768372,0.6395999789237976
YIL117C,YPR019W,0,-4.7652187,0.0937809869647026,0.6620000004768372,0.6396999955177307
YIL018W,YHR194W,0,-4.765523,0.09376770257949829,0.6620000004768372,0.6398000121116638
YFR013W,YGR209C,0,-4.765741,0.09375442564487457,0.6620000004768372,0.6399000287055969
YOR261C,YCL026C-A,0,-4.7658606,0.09374114871025085,0.6620000004768372,0.6399999856948853
YPL078C,YGL255W,1,-4.7661552,0.09386946260929108,0.6629999876022339,0.6399999856948853
YMR288W,YNL278W,0,-4.7661886,0.09385617077350616,0.6629999876022339,0.6401000022888184
YMR308C,YPR107C,0,-4.7662864,0.09384288638830185,0.6629999876022339,0.6402000188827515
YKR001C,YKL002W,0,-4.766469,0.09382960945367813,0.6629999876022339,0.6402999758720398
YGL201C,YIR011C,0,-4.7665234,0.09381633251905441,0.6629999876022339,0.6403999924659729
YGL028C,YOR079C,0,-4.7670655,0.0938030555844307,0.6629999876022339,0.640500009059906
YDR141C,YGR030C,0,-4.7670794,0.09378978610038757,0.6629999876022339,0.6406000256538391
YOR149C,YHR085W,0,-4.767433,0.09377652406692505,0.6629999876022339,0.6406999826431274
YPL145C,YMR069W,0,-4.767542,0.09376326203346252,0.6629999876022339,0.6407999992370605
YJR069C,YBL026W,0,-4.767562,0.09375,0.6629999876022339,0.6409000158309937
YJR052W,YIR037W,0,-4.767667,0.09373674541711807,0.6629999876022339,0.640999972820282
YMR312W,YEL031W,0,-4.767677,0.09372349083423615,0.6629999876022339,0.6410999894142151
YDL031W,YER015W,0,-4.768015,0.09371024370193481,0.6629999876022339,0.6412000060081482
YDR175C,YBR081C,0,-4.7681637,0.09369700402021408,0.6629999876022339,0.6413000226020813
YNL331C,YOR147W,0,-4.768289,0.09368376433849335,0.6629999876022339,0.6413999795913696
YDL128W,YPR020W,1,-4.768648,0.09381181001663208,0.6639999747276306,0.6413999795913696
YLR264W,YBR247C,0,-4.7687716,0.09379855543375015,0.6639999747276306,0.6414999961853027
YOR230W,YBR010W,0,-4.768889,0.09378530830144882,0.6639999747276306,0.6416000127792358
YCR073C,YDR296W,0,-4.7691345,0.09377206861972809,0.6639999747276306,0.641700029373169
YJL098W,YMR023C,0,-4.7691994,0.09375882148742676,0.6639999747276306,0.6417999863624573
YER036C,YDL244W,0,-4.76941,0.09374558925628662,0.6639999747276306,0.6419000029563904
YDL031W,YMR079W,0,-4.7700768,0.09373235702514648,0.6639999747276306,0.6420000195503235
YLR310C,YPL234C,0,-4.770176,0.09371912479400635,0.6639999747276306,0.6420999765396118
YKL144C,YDR167W,0,-4.770277,0.09370590001344681,0.6639999747276306,0.6421999931335449
YNR026C,YOR191W,0,-4.770359,0.09369267523288727,0.6639999747276306,0.642300009727478
YDR481C,YBR065C,0,-4.770564,0.09367945790290833,0.6639999747276306,0.6424000263214111
YCR026C,YNR056C,0,-4.7705784,0.09366624057292938,0.6639999747276306,0.6424999833106995
YDL013W,YJR050W,0,-4.7707367,0.09365303069353104,0.6639999747276306,0.6425999999046326
YIL065C,YMR301C,0,-4.770871,0.09363982826471329,0.6639999747276306,0.6427000164985657
YDR273W,YKR028W,0,-4.7712073,0.09362661838531494,0.6639999747276306,0.642799973487854
YDR180W,YMR150C,0,-4.771252,0.09361342340707779,0.6639999747276306,0.6428999900817871
YDR052C,YFL033C,0,-4.7714605,0.09360022842884064,0.6639999747276306,0.6430000066757202
YNL192W,YBR004C,0,-4.771462,0.09358703345060349,0.6639999747276306,0.6431000232696533
YKR090W,YOR363C,0,-4.771492,0.09357384592294693,0.6639999747276306,0.6431999802589417
YGR216C,YEL018W,0,-4.771577,0.09356065839529037,0.6639999747276306,0.6432999968528748
YOR142W,YDL132W,0,-4.7722454,0.09354747831821442,0.6639999747276306,0.6434000134468079
YFL041W,YGR217W,1,-4.7726946,0.0936751663684845,0.6650000214576721,0.6434000134468079
YNL094W,YGR178C,0,-4.772702,0.09366197139024734,0.6650000214576721,0.6434999704360962
YDR195W,YJL176C,0,-4.7727933,0.09364878386259079,0.6650000214576721,0.6435999870300293
YLR276C,YIL048W,0,-4.773025,0.09363559633493423,0.6650000214576721,0.6437000036239624
YML065W,YDR463W,0,-4.7731667,0.09362241625785828,0.6650000214576721,0.6438000202178955
YJR069C,YOR153W,0,-4.773196,0.09360923618078232,0.6650000214576721,0.6438999772071838
YLR084C,YFL029C,0,-4.7732153,0.09359605610370636,0.6650000214576721,0.6439999938011169
YGL200C,YDR279W,0,-4.7732677,0.0935828909277916,0.6650000214576721,0.64410001039505
YJL061W,YDR320C,0,-4.7733054,0.09356971830129623,0.6650000214576721,0.6442000269889832
YMR277W,YBR272C,0,-4.7733326,0.09355655312538147,0.6650000214576721,0.6442999839782715
YER065C,YPR199C,0,-4.7733393,0.0935433954000473,0.6650000214576721,0.6444000005722046
YLR295C,YNR060W,1,-4.7733517,0.09367088973522186,0.6660000085830688,0.6444000005722046
YOR120W,YLR398C,0,-4.773711,0.0936577171087265,0.6660000085830688,0.6445000171661377
YDR183W,YAL040C,0,-4.7737594,0.09364454448223114,0.6660000085830688,0.644599974155426
YDR343C,YNL248C,0,-4.7737837,0.09363137930631638,0.6660000085830688,0.6446999907493591
YHR135C,YOL021C,0,-4.773798,0.09361821413040161,0.6660000085830688,0.6448000073432922
YOR294W,YGR080W,0,-4.7738886,0.09360505640506744,0.6660000085830688,0.6449000239372253
YNR027W,YOR156C,0,-4.7739916,0.09359190613031387,0.6660000085830688,0.6449999809265137
YLR385C,YIL105C,0,-4.774208,0.0935787558555603,0.6660000085830688,0.6450999975204468
YDR457W,YJL165C,0,-4.774327,0.09356560558080673,0.6660000085830688,0.6452000141143799
YLR314C,YML118W,0,-4.7746506,0.09355246275663376,0.6660000085830688,0.6452999711036682
YDR508C,YOR208W,0,-4.774719,0.09353932738304138,0.6660000085830688,0.6453999876976013
YGR002C,YDL105W,0,-4.7748394,0.093526192009449,0.6660000085830688,0.6455000042915344
YGL194C,YGR038W,0,-4.7753944,0.09351305663585663,0.6660000085830688,0.6456000208854675
YMR184W,YIL105C,0,-4.775401,0.09349992871284485,0.6660000085830688,0.6456999778747559
YJR076C,YDR279W,0,-4.7754297,0.09348680824041367,0.6660000085830688,0.645799994468689
YBL050W,YCR091W,0,-4.775662,0.09347368776798248,0.6660000085830688,0.6459000110626221
YJL008C,YGL236C,0,-4.775716,0.0934605672955513,0.6660000085830688,0.6460000276565552
YDR057W,YER118C,0,-4.7757726,0.09344745427370071,0.6660000085830688,0.6460999846458435
YGR285C,YOL068C,0,-4.7758017,0.09343434125185013,0.6660000085830688,0.6462000012397766
YPL083C,YDR309C,0,-4.775806,0.09342123568058014,0.6660000085830688,0.6463000178337097
YHR176W,YCL063W,0,-4.7759523,0.09340813755989075,0.6660000085830688,0.646399974822998
YOR347C,YGR144W,0,-4.7760625,0.09339503943920135,0.6660000085830688,0.6464999914169312
YBR060C,YCL026C-A,0,-4.7760935,0.09338194131851196,0.6660000085830688,0.6466000080108643
YOR332W,YGR212W,0,-4.7765923,0.09336885064840317,0.6660000085830688,0.6467000246047974
YGR002C,YMR236W,0,-4.7768373,0.09335575997829437,0.6660000085830688,0.6467999815940857
YMR156C,YAL051W,0,-4.7770743,0.09334267675876617,0.6660000085830688,0.6468999981880188
YDR120C,YNL177C,0,-4.777523,0.09332959353923798,0.6660000085830688,0.6470000147819519
YPL048W,YBL007C,0,-4.777855,0.09331651777029037,0.6660000085830688,0.6470999717712402
YBR161W,YNL006W,0,-4.7781496,0.09330344945192337,0.6660000085830688,0.6471999883651733
YJL157C,YOL149W,0,-4.778185,0.09329037368297577,0.6660000085830688,0.6473000049591064
YHR042W,YNL268W,0,-4.7781935,0.09327731281518936,0.6660000085830688,0.6474000215530396
YDL145C,YML091C,0,-4.7782154,0.09326425194740295,0.6660000085830688,0.6474999785423279
YGR092W,YGL025C,0,-4.7784324,0.09325119107961655,0.6660000085830688,0.647599995136261
YPR200C,YJL091C,0,-4.7785716,0.09323813766241074,0.6660000085830688,0.6477000117301941
YOR316C,YNR013C,1,-4.7790422,0.09336505830287933,0.6669999957084656,0.6477000117301941
YBR073W,YKL041W,0,-4.779165,0.09335199743509293,0.6669999957084656,0.6478000283241272
YLR319C,YDL243C,0,-4.779443,0.09333892911672592,0.6669999957084656,0.6478999853134155
YGR024C,YKR027W,0,-4.779601,0.09332586824893951,0.6669999957084656,0.6480000019073486
YGL019W,YFR014C,0,-4.779877,0.0933128148317337,0.6669999957084656,0.6481000185012817
YOR020C,YHR088W,0,-4.780301,0.0932997614145279,0.6669999957084656,0.6481999754905701
YML013W,YFL022C,0,-4.7803326,0.09328671544790268,0.6669999957084656,0.6482999920845032
YBR211C,YGL180W,0,-4.780468,0.09327366948127747,0.6669999957084656,0.6484000086784363
YGR056W,YNR017W,0,-4.7807055,0.09326062351465225,0.6669999957084656,0.6485000252723694
YAL022C,YER051W,0,-4.781231,0.09324758499860764,0.6669999957084656,0.6485999822616577
YIL063C,YPR057W,0,-4.781637,0.09323455393314362,0.6669999957084656,0.6486999988555908
YDR459C,YJR035W,0,-4.781975,0.0932215228676796,0.6669999957084656,0.6488000154495239
YIL076W,YDL185W,0,-4.782229,0.09320849925279617,0.6669999957084656,0.6488999724388123
YBR036C,YOR344C,0,-4.782361,0.09319547563791275,0.6669999957084656,0.6489999890327454
YDR459C,YDR447C,0,-4.7824354,0.09318245202302933,0.6669999957084656,0.6491000056266785
YNL272C,YGL238W,0,-4.7826395,0.0931694358587265,0.6669999957084656,0.6492000222206116
YER015W,YBL032W,0,-4.782736,0.09315642714500427,0.6669999957084656,0.6492999792098999
YDR270W,YLR411W,1,-4.7828054,0.09328306466341019,0.6679999828338623,0.6492999792098999
YDR527W,YGR209C,0,-4.7830267,0.09327003359794617,0.6679999828338623,0.649399995803833
YBL057C,YBL056W,0,-4.7832613,0.09325701743364334,0.6679999828338623,0.6495000123977661
YGR092W,YHR193C,0,-4.7833652,0.09324400126934052,0.6679999828338623,0.6496000289916992
YJR031C,YDR198C,0,-4.783508,0.09323098510503769,0.6679999828338623,0.6496999859809875
YIL051C,YKL052C,0,-4.7836914,0.09321797639131546,0.6679999828338623,0.6498000025749207
YNR033W,YBR114W,0,-4.783719,0.09320496767759323,0.6679999828338623,0.6499000191688538
YFL033C,YOR229W,0,-4.7839003,0.0931919664144516,0.6679999828338623,0.6499999761581421
YGR002C,YLR274W,0,-4.784047,0.09317896515130997,0.6679999828338623,0.6500999927520752
YGR193C,YGR245C,0,-4.78411,0.09316597133874893,0.6679999828338623,0.6502000093460083
YOR185C,YBL075C,0,-4.7842703,0.0931529775261879,0.6679999828338623,0.6503000259399414
YDR072C,YLR417W,0,-4.7843356,0.09313999116420746,0.6679999828338623,0.6503999829292297
YBR082C,YKL195W,0,-4.7843866,0.09312700480222702,0.6679999828338623,0.6504999995231628
YBR109C,YOR144C,0,-4.784448,0.09311402589082718,0.6679999828338623,0.650600016117096
YDR483W,YOR049C,0,-4.7846985,0.09310104697942734,0.6679999828338623,0.6506999731063843
YNL003C,YDL115C,0,-4.7848325,0.0930880680680275,0.6679999828338623,0.6507999897003174
YMR088C,YIL021W,0,-4.784837,0.09307510405778885,0.6679999828338623,0.6509000062942505
YER068W,YKL020C,0,-4.785423,0.0930621325969696,0.6679999828338623,0.6510000228881836
YPR162C,YMR272C,0,-4.7855444,0.09304916858673096,0.6679999828338623,0.6510999798774719
YLR321C,YGR284C,0,-4.7857857,0.0930362120270729,0.6679999828338623,0.651199996471405
YDR002W,YDR207C,0,-4.7857943,0.09302325546741486,0.6679999828338623,0.6513000130653381
YJR022W,YGR047C,0,-4.7858133,0.0930103063583374,0.6679999828338623,0.6514000296592712
YMR068W,YLR039C,0,-4.7858963,0.09299735724925995,0.6679999828338623,0.6514999866485596
YOL059W,YKL032C,0,-4.786159,0.0929844081401825,0.6679999828338623,0.6516000032424927
YBR037C,YDL128W,1,-4.7862816,0.09311065077781677,0.6690000295639038,0.6516000032424927
YLR154C,YKR065C,0,-4.7866383,0.09309768676757812,0.6690000295639038,0.6517000198364258
YDR170C,YCR106W,0,-4.786705,0.09308473765850067,0.6690000295639038,0.6517999768257141
YPL019C,YCR009C,0,-4.7867165,0.09307178854942322,0.6690000295639038,0.6518999934196472
YBR295W,YML121W,1,-4.7868176,0.09319794178009033,0.6700000166893005,0.6518999934196472
YGR099W,YBR145W,0,-4.7868347,0.09318497776985168,0.6700000166893005,0.6520000100135803
YER022W,YLR396C,0,-4.787025,0.09317202121019363,0.6700000166893005,0.6521000266075134
YDR328C,YDR311W,0,-4.787094,0.09315906465053558,0.6700000166893005,0.6521999835968018
YDR110W,YOR340C,0,-4.7871494,0.09314611554145813,0.6700000166893005,0.6523000001907349
YKR052C,YPR020W,1,-4.7876043,0.09327217191457748,0.6710000038146973,0.6523000001907349
YOR182C,YLR009W,0,-4.7876306,0.09325920790433884,0.6710000038146973,0.652400016784668
YER083C,YJR083C,0,-4.787794,0.09324625134468079,0.6710000038146973,0.6524999737739563
YBL074C,YPR095C,0,-4.787884,0.09323329478502274,0.6710000038146973,0.6525999903678894
YOR232W,YOR076C,0,-4.787897,0.09322033822536469,0.6710000038146973,0.6527000069618225
YDR151C,YBR091C,0,-4.7881675,0.09320738911628723,0.6710000038146973,0.6528000235557556
YOR328W,YIR022W,0,-4.78822,0.09319444745779037,0.6710000038146973,0.652899980545044
YBL006C,YCL051W,0,-4.7882676,0.09318150579929352,0.6710000038146973,0.652999997138977
YGL241W,YDR228C,0,-4.788316,0.09316856414079666,0.6710000038146973,0.6531000137329102
YGL086W,YMR164C,0,-4.78833,0.0931556299328804,0.6710000038146973,0.6531999707221985
YDR080W,YKL017C,0,-4.7884903,0.09314269572496414,0.6710000038146973,0.6532999873161316
YMR060C,YKL201C,0,-4.7887597,0.09312976896762848,0.6710000038146973,0.6534000039100647
YJL176C,YPL254W,0,-4.7891054,0.09311684966087341,0.6710000038146973,0.6535000205039978
YNR023W,YJL170C,0,-4.789219,0.09310393035411835,0.6710000038146973,0.6535999774932861
YDR189W,YER171W,0,-4.7894855,0.09309101104736328,0.6710000038146973,0.6536999940872192
YDR195W,YJR104C,0,-4.7901835,0.09307809919118881,0.6710000038146973,0.6538000106811523
YIL051C,YMR313C,0,-4.7903976,0.09306518733501434,0.6710000038146973,0.6539000272750854
YBR160W,YBR274W,0,-4.790421,0.09305228292942047,0.6710000038146973,0.6539999842643738
YKR031C,YJL187C,0,-4.791236,0.0930393785238266,0.6710000038146973,0.6541000008583069
YLR262C,YGL011C,0,-4.7915425,0.09302648156881332,0.6710000038146973,0.65420001745224
YDR201W,YDR099W,0,-4.791558,0.09301358461380005,0.6710000038146973,0.6542999744415283
YLR383W,YOL090W,0,-4.7916937,0.09300069510936737,0.6710000038146973,0.6543999910354614
YAR008W,YLR221C,0,-4.7917423,0.09298780560493469,0.6710000038146973,0.6545000076293945
YDR181C,YML062C,0,-4.791846,0.09297492355108261,0.6710000038146973,0.6546000242233276
YPL060W,YOL077W-A,1,-4.792238,0.09310058504343033,0.671999990940094,0.6546000242233276
YCR098C,YLR130C,1,-4.7922683,0.09322620928287506,0.6729999780654907,0.6546000242233276
YDR141C,YHR065C,0,-4.7925367,0.09321329742670059,0.6729999780654907,0.654699981212616
YKR029C,YIL138C,0,-4.7927217,0.09320038557052612,0.6729999780654907,0.6547999978065491
YML031W,YGR152C,0,-4.792801,0.09318748116493225,0.6729999780654907,0.6549000144004822
YBR210W,YGR284C,0,-4.7929764,0.09317458420991898,0.6729999780654907,0.6549999713897705
YIL076W,YPR080W,0,-4.7932305,0.0931616798043251,0.6729999780654907,0.6550999879837036
YNL016W,YNL272C,0,-4.793602,0.09314879029989243,0.6729999780654907,0.6552000045776367
YGL252C,YMR229C,0,-4.793935,0.09313590079545975,0.6729999780654907,0.6553000211715698
YPL242C,YJR144W,0,-4.793945,0.09312301129102707,0.6729999780654907,0.6553999781608582
YJR126C,YLR134W,0,-4.7946396,0.09311012923717499,0.6729999780654907,0.6554999947547913
YAL030W,YKL079W,0,-4.794755,0.0930972471833229,0.6729999780654907,0.6556000113487244
YPR009W,YNR054C,0,-4.794905,0.09308437258005142,0.6729999780654907,0.6557000279426575
YBR198C,YIL044C,0,-4.795026,0.09307149797677994,0.6729999780654907,0.6557999849319458
YER157W,YPR033C,0,-4.795041,0.09305863082408905,0.6729999780654907,0.6559000015258789
YNL027W,YDR216W,0,-4.795097,0.09304576367139816,0.6729999780654907,0.656000018119812
YLR262C,YOR210W,0,-4.7953973,0.09303289651870728,0.6729999780654907,0.6560999751091003
YOR147W,YPR083W,0,-4.795513,0.09302004426717758,0.6729999780654907,0.6561999917030334
YNL012W,YKR079C,0,-4.7957344,0.09300718456506729,0.6729999780654907,0.6563000082969666
YMR039C,YJL041W,0,-4.7957993,0.0929943323135376,0.6729999780654907,0.6564000248908997
YGL241W,YHR081W,0,-4.7958,0.0929814875125885,0.6729999780654907,0.656499981880188
YDR398W,YGR009C,0,-4.796051,0.0929686427116394,0.6729999780654907,0.6565999984741211
YLR055C,YDR254W,0,-4.796209,0.09295579791069031,0.6729999780654907,0.6567000150680542
YJR069C,YIR017C,0,-4.7967043,0.09294296056032181,0.6729999780654907,0.6567999720573425
YML105C,YGL136C,0,-4.796711,0.0929301306605339,0.6729999780654907,0.6568999886512756
YDL029W,YOL011W,0,-4.7969294,0.092917300760746,0.6729999780654907,0.6570000052452087
YKL172W,YFL034C-B,0,-4.796936,0.0929044708609581,0.6729999780654907,0.6571000218391418
YNL066W,YJR050W,0,-4.797269,0.0928916484117508,0.6729999780654907,0.6571999788284302
YGR216C,YKR025W,0,-4.797821,0.09287883341312408,0.6729999780654907,0.6572999954223633
YBL063W,YMR285C,0,-4.798097,0.09286601096391678,0.6729999780654907,0.6574000120162964
YMR267W,YJL006C,0,-4.798306,0.09285320341587067,0.6729999780654907,0.6575000286102295
YOR201C,YGL018C,0,-4.7984095,0.09284038841724396,0.6729999780654907,0.6575999855995178
YOR295W,YGL093W,0,-4.798543,0.09282758831977844,0.6729999780654907,0.6577000021934509
YKL175W,YJL094C,1,-4.7991447,0.09295269846916199,0.6740000247955322,0.6577000021934509
YNL121C,YHR102W,0,-4.799579,0.09293987601995468,0.6740000247955322,0.657800018787384
YHR077C,YGL173C,0,-4.799597,0.09292706102132797,0.6740000247955322,0.6578999757766724
YPR105C,YML029W,0,-4.799703,0.09291425347328186,0.6740000247955322,0.6579999923706055
YPL078C,YFL041W,1,-4.799945,0.09303928166627884,0.675000011920929,0.6579999923706055
YEL066W,YEL018W,0,-4.8002276,0.09302645921707153,0.675000011920929,0.6581000089645386
YNL192W,YDR179C,0,-4.8005753,0.09301364421844482,0.675000011920929,0.6582000255584717
YJL140W,YLR051C,0,-4.800783,0.09300082921981812,0.675000011920929,0.65829998254776
YGR128C,YER021W,0,-4.8013062,0.0929880142211914,0.675000011920929,0.6583999991416931
YPR171W,YKR048C,0,-4.8023024,0.0929752066731453,0.675000011920929,0.6585000157356262
YFR027W,YGL252C,0,-4.8025365,0.09296239912509918,0.675000011920929,0.6585999727249146
YLR363C,YER157W,0,-4.80285,0.09294959902763367,0.675000011920929,0.6586999893188477
YDR503C,YGR275W,0,-4.802895,0.09293680638074875,0.675000011920929,0.6588000059127808
YIL140W,YOL059W,0,-4.802911,0.09292400628328323,0.675000011920929,0.6589000225067139
YGL243W,YLL060C,0,-4.8030176,0.09291122108697891,0.675000011920929,0.6589999794960022
YNL003C,YKL117W,0,-4.803049,0.092898428440094,0.675000011920929,0.6590999960899353
YJR110W,YMR030W,0,-4.8030777,0.09288565069437027,0.675000011920929,0.6592000126838684
YPL118W,YIL021W,0,-4.80335,0.09287286549806595,0.675000011920929,0.6593000292778015
YDR418W,YLR192C,0,-4.803422,0.09286008775234222,0.675000011920929,0.6593999862670898
YDR052C,YKL046C,0,-4.8037024,0.0928473174571991,0.675000011920929,0.659500002861023
YDR087C,YJR068W,0,-4.804451,0.09283454716205597,0.675000011920929,0.659600019454956
YBR212W,YPR173C,0,-4.8044844,0.09282178431749344,0.675000011920929,0.6596999764442444
YGR211W,YOR054C,0,-4.8048177,0.09280902147293091,0.675000011920929,0.6597999930381775
YPL060W,YEL027W,1,-4.805255,0.09293373674154282,0.6759999990463257,0.6597999930381775
YBL079W,YDR518W,0,-4.8052998,0.09292095899581909,0.6759999990463257,0.6599000096321106
YLR095C,YLR350W,0,-4.8055186,0.09290818870067596,0.6759999990463257,0.6600000262260437
YDR218C,YIL004C,0,-4.8056965,0.09289542585611343,0.6759999990463257,0.660099983215332
YDR322C-A,YPR067W,1,-4.8059034,0.09302005916833878,0.6769999861717224,0.660099983215332
YIL140W,YOR153W,0,-4.806125,0.09300728142261505,0.6769999861717224,0.6601999998092651
YEL018W,YNL126W,0,-4.806179,0.09299450367689133,0.6769999861717224,0.6603000164031982
YLL035W,YLL008W,0,-4.806274,0.0929817333817482,0.6769999861717224,0.6603999733924866
YBR198C,YFR028C,0,-4.806355,0.09296896308660507,0.6769999861717224,0.6604999899864197
YDL035C,YDR028C,0,-4.806475,0.09295620024204254,0.6769999861717224,0.6606000065803528
YER147C,YPR131C,0,-4.806495,0.09294343739748001,0.6769999861717224,0.6607000231742859
YLR006C,YLR183C,0,-4.8066835,0.09293068200349808,0.6769999861717224,0.6607999801635742
YDR281C,YDL208W,0,-4.806901,0.09291792660951614,0.6769999861717224,0.6608999967575073
YJR104C,YOL146W,0,-4.8073134,0.09290517121553421,0.6769999861717224,0.6610000133514404
YGR258C,YPL093W,0,-4.80813,0.09289242327213287,0.6769999861717224,0.6610999703407288
YML013W,YBR084W,0,-4.80825,0.09287968277931213,0.6769999861717224,0.6611999869346619
YLL043W,YLR355C,0,-4.8084574,0.0928669422864914,0.6769999861717224,0.661300003528595
YDR141C,YGL020C,0,-4.808938,0.09285420179367065,0.6769999861717224,0.6614000201225281
YHR135C,YBL024W,0,-4.8089523,0.09284146875143051,0.6769999861717224,0.6614999771118164
YBR182C,YBR010W,0,-4.809343,0.09282874315977097,0.6769999861717224,0.6615999937057495
YOR327C,YIL065C,0,-4.809387,0.09281601011753082,0.6769999861717224,0.6617000102996826
YER024W,YDR447C,0,-4.809613,0.09280329197645187,0.6769999861717224,0.6618000268936157
YPL221W,YGL032C,0,-4.809708,0.09279057383537292,0.6769999861717224,0.661899983882904
YJL176C,YNR017W,0,-4.8097563,0.09277785569429398,0.6769999861717224,0.6620000004768372
YGL247W,YEL041W,0,-4.8099003,0.09276513755321503,0.6769999861717224,0.6621000170707703
YGL142C,YOL146W,0,-4.809921,0.09275243431329727,0.6769999861717224,0.6621999740600586
YOL165C,YLR193C,0,-4.809926,0.09273972362279892,0.6769999861717224,0.6622999906539917
YNL173C,YIL138C,0,-4.8101406,0.09272702038288116,0.6769999861717224,0.6624000072479248
YOR054C,YJL025W,0,-4.8103333,0.092714324593544,0.6769999861717224,0.6625000238418579
YLR201C,YGR244C,0,-4.810359,0.09270162880420685,0.6769999861717224,0.6625999808311462
YOL148C,YFL059W,0,-4.8106513,0.09268894046545029,0.6769999861717224,0.6626999974250793
YBR290W,YDR298C,1,-4.8107796,0.09281314164400101,0.6779999732971191,0.6626999974250793
YBL040C,YPL059W,0,-4.8107963,0.09280043840408325,0.6779999732971191,0.6628000140190125
YHR161C,YDR150W,0,-4.8112006,0.0927877351641655,0.6779999732971191,0.6628999710083008
YGL144C,YGR161C,0,-4.811913,0.09277503937482834,0.6779999732971191,0.6629999876022339
YBL102W,YBL032W,0,-4.8119297,0.09276235103607178,0.6779999732971191,0.663100004196167
YDR498C,YDR054C,0,-4.8123045,0.09274965524673462,0.6779999732971191,0.6632000207901001
YOR281C,YPL093W,0,-4.8124228,0.09273697435855865,0.6779999732971191,0.6632999777793884
YFR013W,YDR429C,0,-4.8124533,0.0927242860198021,0.6779999732971191,0.6633999943733215
YLR068W,YML005W,0,-4.812499,0.09271161258220673,0.6779999732971191,0.6635000109672546
YPL119C,YNL222W,0,-4.812557,0.09269893169403076,0.6779999732971191,0.6636000275611877
YGR212W,YFL003C,0,-4.8125725,0.0926862582564354,0.6779999732971191,0.6636999845504761
YLL060C,YDR447C,0,-4.8127613,0.09267359226942062,0.6779999732971191,0.6638000011444092
YGR085C,YBR154C,0,-4.812812,0.09266092628240585,0.6779999732971191,0.6639000177383423
YLR138W,YAL051W,0,-4.8128195,0.09264826774597168,0.6779999732971191,0.6639999747276306
YPL195W,YER123W,0,-4.813008,0.0926356092095375,0.6779999732971191,0.6640999913215637
YBR198C,YGR113W,0,-4.8131175,0.09262295067310333,0.6779999732971191,0.6642000079154968
YNL259C,YDL128W,1,-4.8132334,0.09274689108133316,0.6790000200271606,0.6642000079154968
YDL100C,YHR088W,0,-4.8132606,0.09273422509431839,0.6790000200271606,0.6643000245094299
YFR028C,YLR291C,0,-4.8133144,0.09272155910730362,0.6790000200271606,0.6643999814987183
YDR170C,YDR489W,0,-4.8133183,0.09270890057086945,0.6790000200271606,0.6644999980926514
YBL041W,YPL049C,0,-4.8134093,0.09269624203443527,0.6790000200271606,0.6646000146865845
YLR378C,YKL053C-A,0,-4.8134193,0.0926835909485817,0.6790000200271606,0.6646999716758728
YLR295C,YCR098C,1,-4.8137116,0.09280742704868317,0.6800000071525574,0.6646999716758728
YBR198C,YJL165C,0,-4.814329,0.0927947610616684,0.6800000071525574,0.6647999882698059
YDR191W,YCL004W,0,-4.8145685,0.09278209507465363,0.6800000071525574,0.664900004863739
YML021C,YLR384C,0,-4.8148327,0.09276944398880005,0.6800000071525574,0.6650000214576721
YKR052C,YLR130C,1,-4.8151627,0.09289319068193436,0.6809999942779541,0.6650000214576721
YDR486C,YBL004W,0,-4.8151884,0.09288052469491959,0.6809999942779541,0.6650999784469604
YJL002C,YHR030C,0,-4.8151927,0.09286785870790482,0.6809999942779541,0.6651999950408936
YER020W,YPL042C,0,-4.815318,0.09285519272089005,0.6809999942779541,0.6653000116348267
YDL106C,YOR079C,0,-4.8154964,0.09284253418445587,0.6809999942779541,0.6654000282287598
YGR158C,YJL112W,0,-4.815678,0.0928298830986023,0.6809999942779541,0.6654999852180481
YNL154C,YLR068W,0,-4.815807,0.09281722456216812,0.6809999942779541,0.6656000018119812
YCR014C,YDL036C,0,-4.8158507,0.09280458092689514,0.6809999942779541,0.6657000184059143
YHR008C,YGL068W,0,-4.8159375,0.09279192984104156,0.6809999942779541,0.6657999753952026
YDR393W,YDL102W,0,-4.816269,0.09277929365634918,0.6809999942779541,0.6658999919891357
YDR011W,YBL006C,0,-4.816415,0.0927666500210762,0.6809999942779541,0.6660000085830688
YDR527W,YLR067C,0,-4.816584,0.09275402128696442,0.6809999942779541,0.666100025177002
YOR068C,YOL042W,0,-4.8166203,0.09274138510227203,0.6809999942779541,0.6661999821662903
YLR136C,YDR167W,0,-4.8169985,0.09272875636816025,0.6809999942779541,0.6662999987602234
YOR148C,YLR382C,0,-4.817081,0.09271613508462906,0.6809999942779541,0.6664000153541565
YNL068C,YML085C,0,-4.817176,0.09270351380109787,0.6809999942779541,0.6664999723434448
YBR286W,YDR427W,0,-4.8171883,0.09269089251756668,0.6809999942779541,0.6665999889373779
YGL071W,YJR121W,1,-4.817274,0.0928143709897995,0.6819999814033508,0.6665999889373779
YAL047C,YOR320C,0,-4.817315,0.09280174225568771,0.6819999814033508,0.666700005531311
YGR083C,YER133W,0,-4.817588,0.09278911352157593,0.6819999814033508,0.6668000221252441
YBL039C,YPR021C,0,-4.817781,0.09277649223804474,0.6819999814033508,0.6668999791145325
YNL098C,YPR074C,0,-4.817974,0.09276387095451355,0.6819999814033508,0.6669999957084656
YGR186W,YCL025C,0,-4.8183684,0.09275125712156296,0.6819999814033508,0.6671000123023987
YMR112C,YGR284C,0,-4.8184137,0.09273864328861237,0.6819999814033508,0.6672000288963318
YIL023C,YPL060W,1,-4.8184686,0.09286199510097504,0.6830000281333923,0.6672000288963318
YIL140W,YNL061W,0,-4.818836,0.09284937381744385,0.6830000281333923,0.6672999858856201
YOR253W,YGR167W,0,-4.81884,0.09283675253391266,0.6830000281333923,0.6674000024795532
YEL015W,YDR246W,0,-4.8189497,0.09282413870096207,0.6830000281333923,0.6675000190734863
YBL019W,YDR164C,0,-4.8194237,0.09281152486801147,0.6830000281333923,0.6675999760627747
YER118C,YDR279W,0,-4.8195395,0.09279891103506088,0.6830000281333923,0.6676999926567078
YDR378C,YKL017C,0,-4.819577,0.09278630465269089,0.6830000281333923,0.6678000092506409
YEL051W,YOL129W,0,-4.8197794,0.09277370572090149,0.6830000281333923,0.667900025844574
YLR109W,YPR190C,0,-4.8198924,0.0927610993385315,0.6830000281333923,0.6679999828338623
YBR160W,YGL236C,0,-4.8202085,0.09274850785732269,0.6830000281333923,0.6680999994277954
YLR321C,YMR012W,0,-4.8205757,0.09273591637611389,0.6830000281333923,0.6682000160217285
YOR354C,YPR001W,0,-4.820746,0.09272332489490509,0.6830000281333923,0.6682999730110168
YGL145W,YPL057C,0,-4.82104,0.09271073341369629,0.6830000281333923,0.66839998960495
YGR212W,YNL261W,0,-4.8215423,0.09269815683364868,0.6830000281333923,0.6685000061988831
YDR216W,YFR002W,0,-4.821814,0.09268557280302048,0.6830000281333923,0.6686000227928162
YLR397C,YJL186W,0,-4.8220606,0.09267299622297287,0.6830000281333923,0.6686999797821045
YFR004W,YHR143W,0,-4.822185,0.09266042709350586,0.6830000281333923,0.6687999963760376
YER116C,YPR173C,0,-4.8224177,0.09264785796403885,0.6830000281333923,0.6689000129699707
YMR006C,YBR167C,0,-4.8225393,0.09263528883457184,0.6830000281333923,0.6690000295639038
YCL051W,YER167W,0,-4.8229947,0.09262272715568542,0.6830000281333923,0.6690999865531921
YOR046C,YJR156C,0,-4.823014,0.09261017292737961,0.6830000281333923,0.6692000031471252
YMR022W,YLR288C,0,-4.8230906,0.0925976112484932,0.6830000281333923,0.6693000197410583
YMR322C,YGL014W,0,-4.823209,0.09258506447076797,0.6830000281333923,0.6693999767303467
YER143W,YMR246W,0,-4.8233194,0.09257251024246216,0.6830000281333923,0.6694999933242798
YPR029C,YPL170W,0,-4.823351,0.09255997091531754,0.6830000281333923,0.6696000099182129
YOL112W,YDL099W,0,-4.8233995,0.09254742413759232,0.6830000281333923,0.669700026512146
YDL036C,YBR297W,0,-4.823419,0.09253488481044769,0.6830000281333923,0.6697999835014343
YDR448W,YOR299W,0,-4.823632,0.09252235293388367,0.6830000281333923,0.6699000000953674
YDR073W,YPL051W,0,-4.8236847,0.09250982105731964,0.6830000281333923,0.6700000166893005
YDR002W,YML094W,0,-4.8238225,0.09249728918075562,0.6830000281333923,0.6700999736785889
YLR048W,YDL244W,0,-4.824061,0.09248476475477219,0.6830000281333923,0.670199990272522
YPR185W,YPL243W,0,-4.824318,0.09247224777936935,0.6830000281333923,0.6703000068664551
YBR283C,YBL018C,0,-4.8243904,0.09245972335338593,0.6830000281333923,0.6704000234603882
YNL177C,YHR169W,0,-4.8244967,0.09244721382856369,0.6830000281333923,0.6704999804496765
YPL204W,YDL236W,0,-4.825261,0.09243469685316086,0.6830000281333923,0.6705999970436096
YKL160W,YPR108W,0,-4.825444,0.09242219477891922,0.6830000281333923,0.6707000136375427
YPR025C,YGR094W,0,-4.8255925,0.09240968525409698,0.6830000281333923,0.670799970626831
YDL223C,YHR148W,0,-4.8259835,0.09239718317985535,0.6830000281333923,0.6708999872207642
YOR115C,YLR228C,0,-4.8260055,0.0923846885561943,0.6830000281333923,0.6710000038146973
YER065C,YBR081C,0,-4.8261623,0.09237219393253326,0.6830000281333923,0.6711000204086304
YLR370C,YPL001W,0,-4.8262305,0.09235969930887222,0.6830000281333923,0.6711999773979187
YPL055C,YAL021C,0,-4.8263907,0.09234721213579178,0.6830000281333923,0.6712999939918518
YLR088W,YNL074C,0,-4.8264246,0.09233473241329193,0.6830000281333923,0.6714000105857849
YGR048W,YOR261C,0,-4.8269954,0.09232225269079208,0.6830000281333923,0.671500027179718
YMR200W,YJL091C,0,-4.827283,0.09230977296829224,0.6830000281333923,0.6715999841690063
YMR081C,YDR126W,0,-4.8274117,0.09229730069637299,0.6830000281333923,0.6717000007629395
YML078W,YML048W,0,-4.827737,0.09228482842445374,0.6830000281333923,0.6718000173568726
YDL003W,YHR061C,0,-4.8280272,0.09227235615253448,0.6830000281333923,0.6718999743461609
YDR182W,YLR423C,0,-4.828229,0.09225989133119583,0.6830000281333923,0.671999990940094
YLR329W,YNR047W,0,-4.8284893,0.09224743396043777,0.6830000281333923,0.6721000075340271
YOR261C,YPL239W,0,-4.828702,0.09223497658967972,0.6830000281333923,0.6722000241279602
YNL055C,YEL027W,1,-4.8290324,0.09235754609107971,0.6840000152587891,0.6722000241279602
YER012W,YBL039C,0,-4.82932,0.09234508126974106,0.6840000152587891,0.6722999811172485
YJL146W,YNL328C,0,-4.829553,0.0923326164484024,0.6840000152587891,0.6723999977111816
YBR002C,YDR246W,0,-4.830275,0.09232015162706375,0.6840000152587891,0.6725000143051147
YBR280C,YDR116C,0,-4.8303165,0.0923076942563057,0.6840000152587891,0.6725999712944031
YFR050C,YOR007C,0,-4.8306456,0.09229523688554764,0.6840000152587891,0.6726999878883362
YDR363W,YAR008W,0,-4.8308215,0.09228278696537018,0.6840000152587891,0.6728000044822693
YLR249W,YLR193C,0,-4.8312225,0.09227033704519272,0.6840000152587891,0.6729000210762024
YCR098C,YJL117W,1,-4.8314056,0.09239277243614197,0.6850000023841858,0.6729000210762024
YJR155W,YJR001W,0,-4.8320017,0.09238030761480331,0.6850000023841858,0.6729999780654907
YDR318W,YIL013C,0,-4.8322515,0.09236785024404526,0.6850000023841858,0.6730999946594238
YBR221C,YIR021W,0,-4.8323736,0.0923554003238678,0.6850000023841858,0.6732000112533569
YIL018W,YDR489W,0,-4.8325386,0.09234295040369034,0.6850000023841858,0.67330002784729
YPR007C,YNL280C,0,-4.8325725,0.09233050048351288,0.6850000023841858,0.6733999848365784
YEL042W,YPL127C,0,-4.8328104,0.09231805801391602,0.6850000023841858,0.6735000014305115
YFR021W,YJR040W,0,-4.832863,0.09230561554431915,0.6850000023841858,0.6736000180244446
YGR082W,YDR027C,0,-4.8329706,0.09229318052530289,0.6850000023841858,0.6736999750137329
YGL005C,YDR057W,0,-4.8329935,0.09228074550628662,0.6850000023841858,0.673799991607666
YHR024C,YHR015W,0,-4.8330593,0.09226831793785095,0.6850000023841858,0.6739000082015991
YIL122W,YNL167C,0,-4.833092,0.09225589036941528,0.6850000023841858,0.6740000247955322
YMR054W,YDL079C,0,-4.833216,0.09224347025156021,0.6850000023841858,0.6740999817848206
YPL268W,YML120C,0,-4.833224,0.09223105013370514,0.6850000023841858,0.6741999983787537
YBL052C,YDR045C,0,-4.8334155,0.09221863001585007,0.6850000023841858,0.6743000149726868
YHR152W,YNL041C,0,-4.833518,0.09220621734857559,0.6850000023841858,0.6743999719619751
YPL032C,YJR082C,0,-4.8336105,0.09219381213188171,0.6850000023841858,0.6744999885559082
YNL206C,YLL038C,0,-4.8340206,0.09218139946460724,0.6850000023841858,0.6746000051498413
YDL100C,YMR088C,0,-4.8340597,0.09216900169849396,0.6850000023841858,0.6747000217437744
YFR050C,YLR144C,0,-4.8343596,0.09215659648180008,0.6850000023841858,0.6747999787330627
YDL017W,YFL005W,0,-4.834443,0.0921441987156868,0.6850000023841858,0.6748999953269958
YBR037C,YGL255W,1,-4.8345804,0.09226630628108978,0.6859999895095825,0.6748999953269958
YJL214W,YCL014W,0,-4.834691,0.0922539010643959,0.6859999895095825,0.675000011920929
YDR492W,YAL025C,0,-4.8348374,0.09224149584770203,0.6859999895095825,0.6751000285148621
YLR430W,YNL031C,0,-4.835209,0.09222909063100815,0.6859999895095825,0.6751999855041504
YML113W,YBR182C,0,-4.835229,0.09221669286489487,0.6859999895095825,0.6753000020980835
YGR140W,YNR017W,0,-4.835351,0.09220430254936218,0.6859999895095825,0.6754000186920166
YDR465C,YNL135C,0,-4.8354034,0.0921919122338295,0.6859999895095825,0.6754999756813049
YKL051W,YJL167W,0,-4.8357143,0.09217952191829681,0.6859999895095825,0.675599992275238
YGR029W,YML055W,0,-4.835871,0.09216713905334473,0.6859999895095825,0.6757000088691711
YOR149C,YER019W,0,-4.836049,0.09215475618839264,0.6859999895095825,0.6758000254631042
YML025C,YGL212W,0,-4.836127,0.09214238077402115,0.6859999895095825,0.6758999824523926
YKL112W,YNL332W,0,-4.836238,0.09213000535964966,0.6859999895095825,0.6759999990463257
YNL003C,YKL007W,0,-4.8362865,0.09211762994527817,0.6859999895095825,0.6761000156402588
YOR048C,YBR073W,0,-4.83649,0.09210526198148727,0.6859999895095825,0.6761999726295471
YMR263W,YCL039W,0,-4.836771,0.09209290146827698,0.6859999895095825,0.6762999892234802
YML011C,YGL216W,0,-4.836782,0.09208053350448608,0.6859999895095825,0.6764000058174133
YNL047C,YNL332W,0,-4.836797,0.09206818044185638,0.6859999895095825,0.6765000224113464
YMR061W,YKL205W,0,-4.8369627,0.09205582737922668,0.6859999895095825,0.6765999794006348
YJL157C,YLR264W,0,-4.8369756,0.09204347431659698,0.6859999895095825,0.6766999959945679
YNL080C,YIL040W,0,-4.8372316,0.09203112125396729,0.6859999895095825,0.676800012588501
YER145C,YKR052C,1,-4.8373623,0.0921529158949852,0.6869999766349792,0.676800012588501
YJL192C,YBR158W,0,-4.837464,0.0921405553817749,0.6869999766349792,0.6769000291824341
YHR175W,YKL016C,1,-4.837681,0.09226230531930923,0.6880000233650208,0.6769000291824341
YLR288C,YIR037W,0,-4.837969,0.09224992990493774,0.6880000233650208,0.6769999861717224
YGR048W,YKR090W,0,-4.8381824,0.09223756194114685,0.6880000233650208,0.6771000027656555
YML061C,YDL212W,0,-4.838334,0.09222520142793655,0.6880000233650208,0.6772000193595886
YNL272C,YLR318W,0,-4.838557,0.09221284091472626,0.6880000233650208,0.677299976348877
YLR167W,YHR115C,0,-4.8386593,0.09220048040151596,0.6880000233650208,0.6773999929428101
YOR269W,YLR081W,0,-4.8387485,0.09218812733888626,0.6880000233650208,0.6775000095367432
YER173W,YFL009W,0,-4.8391533,0.09217577427625656,0.6880000233650208,0.6776000261306763
YDR254W,YHR041C,0,-4.8392,0.09216342866420746,0.6880000233650208,0.6776999831199646
YML014W,YPL093W,0,-4.8395085,0.09215108305215836,0.6880000233650208,0.6777999997138977
YKL101W,YBR272C,0,-4.8395424,0.09213874489068985,0.6880000233650208,0.6779000163078308
YMR153W,YIL076W,0,-4.839652,0.09212640672922134,0.6880000233650208,0.6779999732971191
YDR236C,YKL052C,0,-4.8397293,0.09211406856775284,0.6880000233650208,0.6780999898910522
YGL028C,YDR122W,0,-4.839963,0.09210173785686493,0.6880000233650208,0.6782000064849854
YER116C,YLR369W,0,-4.840001,0.09208941459655762,0.6880000233650208,0.6783000230789185
YLL050C,YOL121C,0,-4.840012,0.0920770913362503,0.6880000233650208,0.6783999800682068
YDR171W,YKR086W,0,-4.8400707,0.092064768075943,0.6880000233650208,0.6784999966621399
YDR072C,YJR050W,0,-4.840225,0.09205244481563568,0.6880000233650208,0.678600013256073
YCR098C,YML121W,1,-4.8402376,0.09217391163110733,0.6890000104904175,0.678600013256073
YIL035C,YDR219C,0,-4.840645,0.09216158092021942,0.6890000104904175,0.6786999702453613
YIR017C,YLR276C,0,-4.8407097,0.09214925765991211,0.6890000104904175,0.6787999868392944
YNL001W,YML103C,0,-4.8408623,0.0921369343996048,0.6890000104904175,0.6789000034332275
YDR091C,YBR160W,0,-4.8408947,0.09212461858987808,0.6890000104904175,0.6790000200271606
YLL024C,YER167W,0,-4.8409214,0.09211230278015137,0.6890000104904175,0.679099977016449
YPL031C,YLL024C,0,-4.840951,0.09209998697042465,0.6890000104904175,0.6791999936103821
YOR036W,YOR187W,0,-4.841199,0.09208767861127853,0.6890000104904175,0.6793000102043152
YLR074C,YLR274W,0,-4.8413486,0.09207537025213242,0.6890000104904175,0.6794000267982483
YKR029C,YIL112W,0,-4.8414526,0.0920630693435669,0.6890000104904175,0.6794999837875366
YHL003C,YKR101W,0,-4.8417063,0.09205076843500137,0.6890000104904175,0.6796000003814697
YML025C,YLL006W,0,-4.841789,0.09203847497701645,0.6890000104904175,0.6797000169754028
YNL059C,YGL245W,0,-4.841975,0.09202618151903152,0.6890000104904175,0.6797999739646912
YBR002C,YGL145W,0,-4.8420124,0.0920138880610466,0.6890000104904175,0.6798999905586243
YKL214C,YMR073C,0,-4.842186,0.09200160205364227,0.6890000104904175,0.6800000071525574
YOL043C,YBR153W,0,-4.842203,0.09198931604623795,0.6890000104904175,0.6801000237464905
YMR266W,YMR091C,0,-4.8422823,0.09197703748941422,0.6890000104904175,0.6801999807357788
YDR429C,YHL006C,0,-4.8423295,0.09196475893259048,0.6890000104904175,0.6802999973297119
YLR223C,YPR190C,0,-4.8425045,0.09195248782634735,0.6890000104904175,0.680400013923645
YNL259C,YBR290W,1,-4.8427486,0.09207365661859512,0.6899999976158142,0.680400013923645
YKR055W,YKR029C,0,-4.8430376,0.0920613706111908,0.6899999976158142,0.6804999709129333
YMR035W,YDR146C,0,-4.84311,0.09204909205436707,0.6899999976158142,0.6805999875068665
YIL063C,YPR042C,0,-4.8431683,0.09203681349754333,0.6899999976158142,0.6807000041007996
YIL035C,YBR160W,0,-4.8437614,0.0920245423913002,0.6899999976158142,0.6808000206947327
YGR046W,YEL071W,0,-4.8440495,0.09201227128505707,0.6899999976158142,0.680899977684021
YJL156C,YDR058C,0,-4.844452,0.09200000017881393,0.6899999976158142,0.6809999942779541
YPL119C,YPR046W,0,-4.8444543,0.0919877365231514,0.6899999976158142,0.6811000108718872
YIR010W,YFL018C,0,-4.844789,0.09197547286748886,0.6899999976158142,0.6812000274658203
YOL034W,YJL029C,0,-4.8448586,0.09196321666240692,0.6899999976158142,0.6812999844551086
YFR019W,YOR243C,0,-4.8449426,0.09195096045732498,0.6899999976158142,0.6814000010490417
YDL078C,YPL235W,0,-4.844948,0.09193870425224304,0.6899999976158142,0.6815000176429749
YMR054W,YMR056C,0,-4.845067,0.0919264554977417,0.6899999976158142,0.6815999746322632
YDR192C,YCL014W,0,-4.8452682,0.09191421419382095,0.6899999976158142,0.6816999912261963
YGR261C,YBL085W,0,-4.8454323,0.09190197288990021,0.6899999976158142,0.6818000078201294
YGL124C,YBL032W,0,-4.8454895,0.09188973158597946,0.6899999976158142,0.6819000244140625
YLR084C,YDR485C,0,-4.8459153,0.09187749773263931,0.6899999976158142,0.6819999814033508
YDL035C,YPR140W,0,-4.846098,0.09186526387929916,0.6899999976158142,0.6820999979972839
YLR459W,YMR150C,0,-4.8461313,0.09185303747653961,0.6899999976158142,0.682200014591217
YPR068C,YGR252W,0,-4.8461914,0.09184081107378006,0.6899999976158142,0.6822999715805054
YKR090W,YGL127C,0,-4.84624,0.09182858467102051,0.6899999976158142,0.6823999881744385
YNL149C,YBR092C,0,-4.846241,0.09181636571884155,0.6899999976158142,0.6825000047683716
YMR260C,YKL054C,0,-4.846403,0.0918041542172432,0.6899999976158142,0.6826000213623047
YBL090W,YOR130C,0,-4.84643,0.09179193526506424,0.6899999976158142,0.682699978351593
YLR385C,YOL147C,0,-4.8464994,0.09177973121404648,0.6899999976158142,0.6827999949455261
YOL067C,YJL111W,0,-4.846516,0.09176751971244812,0.6899999976158142,0.6829000115394592
YBL040C,YBR057C,0,-4.8465447,0.09175531566143036,0.6899999976158142,0.6830000281333923
YMR296C,YGL150C,0,-4.8468065,0.0917431190609932,0.6899999976158142,0.6830999851226807
YLR324W,YDL192W,0,-4.846994,0.09173092246055603,0.6899999976158142,0.6832000017166138
YKL099C,YOR233W,0,-4.847335,0.09171872586011887,0.6899999976158142,0.6833000183105469
YMR277W,YKL025C,0,-4.8473716,0.0917065367102623,0.6899999976158142,0.6833999752998352
YOR040W,YKL194C,0,-4.8474083,0.09169435501098633,0.6899999976158142,0.6834999918937683
YAL001C,YMR146C,0,-4.8474326,0.09168216586112976,0.6899999976158142,0.6836000084877014
YOL043C,YDR166C,0,-4.8475137,0.09166999161243439,0.6899999976158142,0.6837000250816345
YER178W,YNL280C,0,-4.8483496,0.09165780991315842,0.6899999976158142,0.6837999820709229
YOR109W,YHR111W,0,-4.8488593,0.09164563566446304,0.6899999976158142,0.683899998664856
YMR198W,YMR188C,0,-4.849118,0.09163346886634827,0.6899999976158142,0.6840000152587891
YJL008C,YCR088W,0,-4.8496847,0.09162130206823349,0.6899999976158142,0.6840999722480774
YDR005C,YLR442C,0,-4.8500304,0.09160913527011871,0.6899999976158142,0.6841999888420105
YLR078C,YBR193C,0,-4.850041,0.09159697592258453,0.6899999976158142,0.6843000054359436
YDL108W,YJL167W,0,-4.8502655,0.09158481657505035,0.6899999976158142,0.6844000220298767
YCL038C,YDR404C,0,-4.850271,0.09157265722751617,0.6899999976158142,0.684499979019165
YMR073C,YGL120C,0,-4.8503475,0.09156051278114319,0.6899999976158142,0.6845999956130981
YPR046W,YMR047C,0,-4.8507094,0.0915483608841896,0.6899999976158142,0.6847000122070312
YNL263C,YDR116C,0,-4.85094,0.09153621643781662,0.6899999976158142,0.6848000288009644
YIR018W,YLR240W,0,-4.851011,0.09152407199144363,0.6899999976158142,0.6848999857902527
YPL010W,YNL275W,0,-4.8511343,0.09151193499565125,0.6899999976158142,0.6850000023841858
YHR123W,YLR135W,0,-4.85142,0.09149979799985886,0.6899999976158142,0.6851000189781189
YKL073W,YDR086C,0,-4.8514977,0.09148766845464706,0.6899999976158142,0.6851999759674072
YPR070W,YNL023C,0,-4.8517685,0.09147553890943527,0.6899999976158142,0.6852999925613403
YIL143C,YPR104C,0,-4.851939,0.09146341681480408,0.6899999976158142,0.6854000091552734
YFR031C,YNL294C,0,-4.8522167,0.09145129472017288,0.6899999976158142,0.6855000257492065
YOR230W,YAL022C,0,-4.8522224,0.09143917262554169,0.6899999976158142,0.6855999827384949
YDR381W,YNL070W,0,-4.8523307,0.09142705798149109,0.6899999976158142,0.685699999332428
YGR024C,YPL139C,0,-4.8523374,0.09141494333744049,0.6899999976158142,0.6858000159263611
YDL065C,YJR002W,0,-4.8524637,0.09140283614397049,0.6899999976158142,0.6858999729156494
YBL040C,YOR032C,0,-4.852581,0.09139072895050049,0.6899999976158142,0.6859999895095825
YEL063C,YNL047C,0,-4.852965,0.09137862175703049,0.6899999976158142,0.6861000061035156
YMR273C,YHR188C,0,-4.8531265,0.09136652201414108,0.6899999976158142,0.6862000226974487
YBR114W,YDR517W,0,-4.8532963,0.09135442972183228,0.6899999976158142,0.6862999796867371
YOR129C,YOR089C,0,-4.8533144,0.09134233742952347,0.6899999976158142,0.6863999962806702
YGL111W,YDR328C,0,-4.8533387,0.09133024513721466,0.6899999976158142,0.6865000128746033
YFR041C,YDR517W,0,-4.853674,0.09131816029548645,0.6899999976158142,0.6866000294685364
YNL037C,YJL029C,0,-4.8538303,0.09130607545375824,0.6899999976158142,0.6866999864578247
YNR002C,YJL117W,1,-4.853947,0.0914263054728508,0.6909999847412109,0.6866999864578247
YGL008C,YNL055C,1,-4.853974,0.09154649823904037,0.6919999718666077,0.6866999864578247
YGL122C,YHR084W,0,-4.8540025,0.09153439104557037,0.6919999718666077,0.6868000030517578
YGL071W,YIL114C,1,-4.8541784,0.09165454655885696,0.6930000185966492,0.6868000030517578
YOR143C,YBR165W,0,-4.8542504,0.09164242446422577,0.6930000185966492,0.6869000196456909
YHR204W,YMR161W,0,-4.8543587,0.09163030236959457,0.6930000185966492,0.6869999766349792
YLL009C,YGR191W,1,-4.854723,0.09175039827823639,0.6940000057220459,0.6869999766349792
YMR030W,YOR372C,0,-4.8547573,0.0917382687330246,0.6940000057220459,0.6870999932289124
YGL194C,YML031W,0,-4.8549547,0.0917261466383934,0.6940000057220459,0.6872000098228455
YDR376W,YJL013C,0,-4.8549547,0.09171402454376221,0.6940000057220459,0.6873000264167786
YLL001W,YKR061W,0,-4.8551416,0.09170190244913101,0.6940000057220459,0.6873999834060669
YOL067C,YDR179C,0,-4.8551893,0.09168978780508041,0.6940000057220459,0.6875
YBR279W,YIL042C,0,-4.855209,0.09167767316102982,0.6940000057220459,0.6876000165939331
YHR175W,YDR038C,1,-4.855358,0.09179764986038208,0.6949999928474426,0.6876000165939331
YIL153W,YKL032C,0,-4.8556814,0.09178552776575089,0.6949999928474426,0.6876999735832214
YGR191W,YGR217W,1,-4.855929,0.09190545231103897,0.6959999799728394,0.6876999735832214
YLL015W,YNR013C,1,-4.8559356,0.09202534705400467,0.6970000267028809,0.6876999735832214
YOR069W,YNL167C,0,-4.8559856,0.09201320260763168,0.6970000267028809,0.6877999901771545
YPL112C,YER122C,0,-4.8559957,0.0920010581612587,0.6970000267028809,0.6879000067710876
YKL062W,YPR021C,0,-4.8561273,0.09198891371488571,0.6970000267028809,0.6880000233650208
YGR099W,YJR153W,0,-4.856246,0.09197677671909332,0.6970000267028809,0.6880999803543091
YER005W,YBL034C,0,-4.856594,0.09196463972330093,0.6970000267028809,0.6881999969482422
YLR075W,YEL024W,0,-4.8566895,0.09195251017808914,0.6970000267028809,0.6883000135421753
YFL041W,YJR077C,1,-4.856711,0.09207228571176529,0.6980000138282776,0.6883000135421753
YOR037W,YGR202C,0,-4.856764,0.0920601412653923,0.6980000138282776,0.6883999705314636
YGR140W,YPR113W,0,-4.856803,0.09204800426959991,0.6980000138282776,0.6884999871253967
YGL136C,YDR017C,0,-4.8569107,0.09203586727380753,0.6980000138282776,0.6886000037193298
YGR245C,YHR150W,0,-4.856924,0.09202373027801514,0.6980000138282776,0.6887000203132629
YML081C-A,YEL027W,1,-4.8569465,0.09214342385530472,0.6990000009536743,0.6887000203132629
YGL100W,YDR372C,0,-4.8575144,0.09213127940893173,0.6990000009536743,0.6887999773025513
YLR081W,YHR031C,0,-4.8579655,0.09211913496255875,0.6990000009536743,0.6888999938964844
YNR046W,YKL204W,0,-4.8580365,0.09210699796676636,0.6990000009536743,0.6890000104904175
YEL019C,YBR278W,0,-4.8584356,0.09209486097097397,0.6990000009536743,0.6891000270843506
YOR028C,YER183C,0,-4.8587093,0.09208273142576218,0.6990000009536743,0.6891999840736389
YMR005W,YLR221C,0,-4.8588705,0.09207060188055038,0.6990000009536743,0.689300000667572
YKR001C,YPL112C,0,-4.859021,0.09205847233533859,0.6990000009536743,0.6894000172615051
YDR439W,YBR273C,0,-4.859109,0.0920463502407074,0.6990000009536743,0.6894999742507935
YER145C,YIL121W,1,-4.859188,0.09216590225696564,0.699999988079071,0.6894999742507935
YOR353C,YOL113W,0,-4.859748,0.09215376526117325,0.699999988079071,0.6895999908447266
YNL078W,YIL042C,0,-4.859906,0.09214163571596146,0.699999988079071,0.6897000074386597
YNL107W,YNR030W,0,-4.8600044,0.09212950617074966,0.699999988079071,0.6898000240325928
YPR070W,YLR361C,0,-4.860247,0.09211738407611847,0.699999988079071,0.6898999810218811
YGL112C,YGR048W,0,-4.860401,0.09210526198148727,0.699999988079071,0.6899999976158142
YLR088W,YNR072W,0,-4.8607454,0.09209314733743668,0.699999988079071,0.6901000142097473
YMR006C,YNL173C,0,-4.860799,0.09208103269338608,0.699999988079071,0.6901999711990356
YOR244W,YGR227W,0,-4.8608246,0.09206891804933548,0.699999988079071,0.6902999877929688
YOL105C,YGL100W,0,-4.8608856,0.09205681085586548,0.699999988079071,0.6904000043869019
YIL039W,YPL001W,0,-4.860969,0.09204471111297607,0.699999988079071,0.690500020980835
YKL064W,YGL255W,1,-4.8610907,0.09216408431529999,0.7009999752044678,0.690500020980835
YGR239C,YGL126W,0,-4.8611107,0.09215196222066879,0.7009999752044678,0.6905999779701233
YOR212W,YPL190C,0,-4.8611174,0.09213985502719879,0.7009999752044678,0.6906999945640564
YNL192W,YGR158C,0,-4.8613944,0.0921277403831482,0.7009999752044678,0.6908000111579895
YLR260W,YOR056C,0,-4.861414,0.09211564064025879,0.7009999752044678,0.6909000277519226
YEL042W,YOR294W,0,-4.8614354,0.09210353344678879,0.7009999752044678,0.6909999847412109
YKL060C,YDR309C,0,-4.8617516,0.09209143370389938,0.7009999752044678,0.691100001335144
YCR060W,YOR113W,0,-4.862032,0.09207934141159058,0.7009999752044678,0.6912000179290771
YOR299W,YML004C,0,-4.862092,0.09206724166870117,0.7009999752044678,0.6912999749183655
YIL118W,YPR074C,0,-4.862214,0.09205515682697296,0.7009999752044678,0.6913999915122986
YKL007W,YJL165C,0,-4.862651,0.09204306453466415,0.7009999752044678,0.6915000081062317
YDR425W,YPR199C,0,-4.86268,0.09203097969293594,0.7009999752044678,0.6916000247001648
YBL082C,YGL150C,0,-4.8632803,0.09201890230178833,0.7009999752044678,0.6916999816894531
YPR138C,YLR130C,1,-4.863302,0.09213807433843613,0.7020000219345093,0.6916999816894531
YGL008C,YMR243C,1,-4.863545,0.09225721657276154,0.703000009059906,0.6916999816894531
YKL021C,YLR158C,0,-4.863548,0.09224510937929153,0.703000009059906,0.6917999982833862
YLR368W,YER147C,0,-4.863844,0.09223300963640213,0.703000009059906,0.6919000148773193
YBR298C,YLR096W,0,-4.863911,0.09222090989351273,0.703000009059906,0.6919999718666077
YER117W,YNL135C,0,-4.863929,0.09220881760120392,0.703000009059906,0.6920999884605408
YBL041W,YLR449W,0,-4.864113,0.09219671785831451,0.703000009059906,0.6922000050544739
YLR295C,YML121W,1,-4.864218,0.09231576323509216,0.7039999961853027,0.6922000050544739
YBL023C,YOR188W,0,-4.8642664,0.09230365604162216,0.7039999961853027,0.692300021648407
YMR235C,YDR228C,0,-4.864333,0.09229155629873276,0.7039999961853027,0.6923999786376953
YOR245C,YPL127C,0,-4.8649635,0.09227945655584335,0.7039999961853027,0.6924999952316284
YLR310C,YML103C,0,-4.8649936,0.09226736426353455,0.7039999961853027,0.6926000118255615
YHR024C,YIL079C,0,-4.865074,0.09225527197122574,0.7039999961853027,0.6927000284194946
YBR030W,YDL090C,0,-4.8650894,0.09224318712949753,0.7039999961853027,0.692799985408783
YDR393W,YPR165W,0,-4.8651752,0.09223110228776932,0.7039999961853027,0.6929000020027161
YGR091W,YPL177C,0,-4.865494,0.09221901744604111,0.7039999961853027,0.6930000185966492
YJL140W,YPL266W,0,-4.8655252,0.0922069400548935,0.7039999961853027,0.6930999755859375
YDR207C,YLR298C,0,-4.865557,0.09219487011432648,0.7039999961853027,0.6931999921798706
YCR024C-A,YOL158C,1,-4.865673,0.0923137366771698,0.7049999833106995,0.6931999921798706
YNL246W,YPR161C,0,-4.865786,0.09230165183544159,0.7049999833106995,0.6933000087738037
YHR067W,YKR062W,0,-4.866405,0.09228956699371338,0.7049999833106995,0.6934000253677368
YLR433C,YKL079W,0,-4.8668203,0.09227748960256577,0.7049999833106995,0.6934999823570251
YJR091C,YOR207C,0,-4.866935,0.09226541221141815,0.7049999833106995,0.6935999989509583
YIL039W,YER123W,0,-4.8670807,0.09225333482027054,0.7049999833106995,0.6937000155448914
YIL140W,YNL298W,0,-4.8671684,0.09224126487970352,0.7049999833106995,0.6937999725341797
YAL030W,YGL207W,0,-4.8672075,0.0922292023897171,0.7049999833106995,0.6938999891281128
YDR486C,YOR377W,0,-4.8678617,0.09221713244915009,0.7049999833106995,0.6940000057220459
YKL201C,YJR090C,0,-4.868079,0.09220507740974426,0.7049999833106995,0.694100022315979
YBR288C,YJR042W,0,-4.868083,0.09219301491975784,0.7049999833106995,0.6941999793052673
YKL016C,YOR381W,1,-4.8681374,0.09231171756982803,0.7059999704360962,0.6941999793052673
YIR037W,YBR279W,0,-4.868192,0.09229964762926102,0.7059999704360962,0.6942999958992004
YPL106C,YHR014W,0,-4.868384,0.0922875851392746,0.7059999704360962,0.6944000124931335
YBR257W,YJR076C,0,-4.8686852,0.09227552264928818,0.7059999704360962,0.6945000290870667
YGL129C,YDR177W,0,-4.8690143,0.09226346015930176,0.7059999704360962,0.694599986076355
YMR127C,YNL110C,0,-4.8690877,0.09225140511989594,0.7059999704360962,0.6947000026702881
YNL206C,YIL008W,0,-4.869176,0.09223935008049011,0.7059999704360962,0.6948000192642212
YNL206C,YEL066W,0,-4.8692417,0.09222730249166489,0.7059999704360962,0.6948999762535095
YOR259C,YOR089C,0,-4.8692846,0.09221525490283966,0.7059999704360962,0.6949999928474426
YNL128W,YDL111C,0,-4.869488,0.09220321476459503,0.7059999704360962,0.6951000094413757
YJL094C,YHR050W,1,-4.8696413,0.09232175350189209,0.7070000171661377,0.6951000094413757
YBR037C,YJL117W,1,-4.869889,0.09244026988744736,0.7080000042915344,0.6951000094413757
YGR024C,YMR231W,0,-4.8699136,0.09242819994688034,0.7080000042915344,0.6952000260353088
YFL009W,YCL010C,0,-4.8700466,0.09241613000631332,0.7080000042915344,0.6952999830245972
YNL330C,YDR518W,0,-4.870358,0.0924040749669075,0.7080000042915344,0.6953999996185303
YIL037C,YJR153W,0,-4.8707485,0.09239201247692108,0.7080000042915344,0.6955000162124634
YNR043W,YGL136C,0,-4.8709655,0.09237995743751526,0.7080000042915344,0.6955999732017517
YDR503C,YBR275C,0,-4.871176,0.09236790239810944,0.7080000042915344,0.6956999897956848
YMR080C,YPR029C,0,-4.871373,0.09235585480928421,0.7080000042915344,0.6958000063896179
YAL002W,YNL310C,0,-4.871602,0.09234381467103958,0.7080000042915344,0.695900022983551
YGR041W,YGL049C,0,-4.8716307,0.09233176708221436,0.7080000042915344,0.6959999799728394
YPL254W,YOR151C,0,-4.8716745,0.09231972694396973,0.7080000042915344,0.6960999965667725
YLR069C,YGR211W,0,-4.8717604,0.0923076942563057,0.7080000042915344,0.6962000131607056
YNL110C,YNL070W,0,-4.8722043,0.09229566156864166,0.7080000042915344,0.6963000297546387
YDR221W,YNL037C,0,-4.8722115,0.09228362888097763,0.7080000042915344,0.696399986743927
YNR011C,YPL049C,0,-4.8726206,0.0922716036438942,0.7080000042915344,0.6965000033378601
YAR033W,YOL128C,0,-4.8732185,0.09225957840681076,0.7080000042915344,0.6966000199317932
YOL027C,YKR052C,1,-4.873342,0.09237784892320633,0.7089999914169312,0.6966000199317932
YJR060W,YMR268C,0,-4.8738146,0.0923658162355423,0.7089999914169312,0.6966999769210815
YOR137C,YLR411W,1,-4.8743677,0.09248404204845428,0.7099999785423279,0.6966999769210815
YER094C,YOR073W,0,-4.874593,0.09247199445962906,0.7099999785423279,0.6967999935150146
YLR192C,YGR252W,0,-4.875328,0.09245995432138443,0.7099999785423279,0.6969000101089478
YDR494W,YOR230W,0,-4.8755684,0.0924479141831398,0.7099999785423279,0.6970000267028809
YGL236C,YGL100W,0,-4.875619,0.09243588149547577,0.7099999785423279,0.6970999836921692
YLR150W,YLL031C,0,-4.875698,0.09242384880781174,0.7099999785423279,0.6972000002861023
YBR160W,YKL032C,0,-4.8760896,0.0924118161201477,0.7099999785423279,0.6973000168800354
YFL029C,YER167W,0,-4.8761964,0.09239979088306427,0.7099999785423279,0.6973999738693237
YKL170W,YCR093W,0,-4.8763137,0.09238776564598083,0.7099999785423279,0.6974999904632568
YOR080W,YCL051W,0,-4.8764286,0.092375747859478,0.7099999785423279,0.6976000070571899
YNR043W,YHR039C,0,-4.8764944,0.09236373007297516,0.7099999785423279,0.697700023651123
YDR092W,YMR219W,0,-4.8764963,0.09235171973705292,0.7099999785423279,0.6977999806404114
YOL049W,YDR477W,0,-4.876608,0.09233970940113068,0.7099999785423279,0.6978999972343445
YDR490C,YEL031W,0,-4.8767166,0.09232769906520844,0.7099999785423279,0.6980000138282776
YDL058W,YNL029C,0,-4.8767285,0.09231569617986679,0.7099999785423279,0.6980999708175659
YDR329C,YDR434W,0,-4.8767657,0.09230369329452515,0.7099999785423279,0.698199987411499
YKL170W,YHR187W,0,-4.8769226,0.0922916904091835,0.7099999785423279,0.6983000040054321
YKL032C,YPR051W,0,-4.8771276,0.09227969497442245,0.7099999785423279,0.6984000205993652
YJR089W,YIL022W,0,-4.8773355,0.092267706990242,0.7099999785423279,0.6984999775886536
YMR208W,YHR143W,0,-4.877394,0.09225571900606155,0.7099999785423279,0.6985999941825867
YER022W,YNL241C,0,-4.877658,0.0922437310218811,0.7099999785423279,0.6987000107765198
YDL036C,YOR034C,0,-4.877969,0.09223175048828125,0.7099999785423279,0.6988000273704529
YPL218W,YOL127W,0,-4.8779936,0.0922197699546814,0.7099999785423279,0.6988999843597412
YML036W,YJL011C,0,-4.8780956,0.09220778942108154,0.7099999785423279,0.6990000009536743
YGL227W,YEL037C,0,-4.8781195,0.09219581633806229,0.7099999785423279,0.6991000175476074
YEL022W,YKL085W,0,-4.8781843,0.09218385070562363,0.7099999785423279,0.6991999745368958
YKL006C-A,YIR022W,0,-4.878223,0.09217187762260437,0.7099999785423279,0.6992999911308289
YJL061W,YGR281W,0,-4.8782473,0.09215991944074631,0.7099999785423279,0.699400007724762
YDR225W,YJL104W,0,-4.8786287,0.09214795380830765,0.7099999785423279,0.6995000243186951
YMR236W,YOR233W,0,-4.8789883,0.09213599562644958,0.7099999785423279,0.6995999813079834
YPL112C,YPR034W,0,-4.879077,0.09212404489517212,0.7099999785423279,0.6996999979019165
YNL044W,YBR168W,0,-4.8793087,0.09211209416389465,0.7099999785423279,0.6998000144958496
YDL005C,YDR093W,0,-4.8796844,0.09210014343261719,0.7099999785423279,0.6998999714851379
YOR353C,YPL153C,0,-4.8800607,0.09208820015192032,0.7099999785423279,0.699999988079071
YER005W,YPL268W,0,-4.8800755,0.09207625687122345,0.7099999785423279,0.7001000046730042
YLR260W,YGR014W,0,-4.8800874,0.09206431359052658,0.7099999785423279,0.7002000212669373
YIL120W,YIL079C,0,-4.880145,0.09205237776041031,0.7099999785423279,0.7002999782562256
YMR308C,YER164W,0,-4.8801637,0.09204044938087463,0.7099999785423279,0.7003999948501587
YKL040C,YMR125W,0,-4.8806033,0.09202851355075836,0.7099999785423279,0.7005000114440918
YKL007W,YGL066W,0,-4.881055,0.09201659262180328,0.7099999785423279,0.7006000280380249
YLR303W,YLR085C,0,-4.8816824,0.09200466424226761,0.7099999785423279,0.7006999850273132
YAL042W,YNR017W,0,-4.882169,0.09199274331331253,0.7099999785423279,0.7008000016212463
YIL063C,YFR033C,0,-4.8826923,0.09198082983493805,0.7099999785423279,0.7009000182151794
YKR054C,YIR023W,0,-4.8827543,0.09196890890598297,0.7099999785423279,0.7009999752044678
YIL023C,YNL259C,1,-4.8827715,0.09208651632070541,0.7110000252723694,0.7009999752044678
YBR136W,YER015W,0,-4.8828716,0.09207459539175034,0.7110000252723694,0.7010999917984009
YIL018W,YGL097W,0,-4.883157,0.09206266701221466,0.7110000252723694,0.701200008392334
YBR244W,YDL197C,0,-4.883395,0.09205075353384018,0.7110000252723694,0.7013000249862671
YER005W,YCL024W,0,-4.8837204,0.0920388326048851,0.7110000252723694,0.7013999819755554
YEL017C-A,YOR316C,1,-4.8839717,0.09215635806322098,0.7120000123977661,0.7013999819755554
YDR194C,YHR081W,0,-4.8840513,0.0921444296836853,0.7120000123977661,0.7014999985694885
YOR301W,YBR161W,0,-4.884093,0.09213250875473022,0.7120000123977661,0.7016000151634216
YER145C,YCR010C,1,-4.8841805,0.09224996715784073,0.7129999995231628,0.7016000151634216
YDL005C,YNR057C,0,-4.8843484,0.09223803132772446,0.7129999995231628,0.70169997215271
YDL004W,YOR381W,1,-4.8843913,0.09235545247793198,0.7139999866485596,0.70169997215271
YDR527W,YDL092W,0,-4.884516,0.09234350919723511,0.7139999866485596,0.7017999887466431
YFL005W,YLR431C,0,-4.8847227,0.09233156591653824,0.7139999866485596,0.7019000053405762
YLR069C,YOR244W,0,-4.884817,0.09231963008642197,0.7139999866485596,0.7020000219345093
YLR197W,YJR108W,0,-4.8849297,0.0923076942563057,0.7139999866485596,0.7020999789237976
YDL060W,YBL045C,0,-4.8851233,0.09229575842618942,0.7139999866485596,0.7021999955177307
YIL035C,YAR015W,0,-4.8853006,0.09228383004665375,0.7139999866485596,0.7023000121116638
YKL170W,YNL090W,0,-4.8853183,0.09227190166711807,0.7139999866485596,0.7024000287055969
YFL003C,YDR013W,0,-4.885391,0.092259980738163,0.7139999866485596,0.7024999856948853
YJL041W,YDL208W,0,-4.885391,0.09224805980920792,0.7139999866485596,0.7026000022888184
YJL194W,YAR008W,0,-4.8854256,0.09223614633083344,0.7139999866485596,0.7027000188827515
YJR047C,YDR379W,0,-4.8857265,0.09222423285245895,0.7139999866485596,0.7027999758720398
YOR346W,YMR091C,0,-4.886338,0.09221231937408447,0.7139999866485596,0.7028999924659729
YBL040C,YHR116W,0,-4.8863597,0.09220041334629059,0.7139999866485596,0.703000009059906
YER111C,YLR078C,0,-4.88667,0.0921885073184967,0.7139999866485596,0.7031000256538391
YOL009C,YNL153C,0,-4.887169,0.09217660874128342,0.7139999866485596,0.7031999826431274
YNL246W,YDR228C,0,-4.8875084,0.09216471016407013,0.7139999866485596,0.7032999992370605
YOL130W,YCR024C-A,1,-4.8878126,0.09228187799453735,0.7149999737739563,0.7032999992370605
YPL053C,YDL236W,0,-4.8880534,0.09226997196674347,0.7149999737739563,0.7034000158309937
YPL241C,YPL084W,0,-4.8882008,0.09225806593894958,0.7149999737739563,0.703499972820282
YML092C,YOR123C,0,-4.8882875,0.0922461599111557,0.7149999737739563,0.7035999894142151
YKL172W,YKL206C,0,-4.888547,0.09223426133394241,0.7149999737739563,0.7037000060081482
YHR175W,YFL041W,1,-4.8886404,0.09235134720802307,0.7160000205039978,0.7037000060081482
YIL135C,YER123W,0,-4.8889656,0.09233944118022919,0.7160000205039978,0.7038000226020813
YDR330W,YIL122W,0,-4.889038,0.0923275277018547,0.7160000205039978,0.7038999795913696
YDR069C,YOR249C,0,-4.8893456,0.09231562912464142,0.7160000205039978,0.7039999961853027
YJL035C,YDL220C,0,-4.8893538,0.09230372309684753,0.7160000205039978,0.7041000127792358
YMR236W,YMR285C,0,-4.889519,0.09229182451963425,0.7160000205039978,0.704200029373169
YOL009C,YDR178W,0,-4.8897376,0.09227993339300156,0.7160000205039978,0.7042999863624573
YDR279W,YBR060C,0,-4.8897533,0.09226804226636887,0.7160000205039978,0.7044000029563904
YGL129C,YMR056C,0,-4.8898373,0.09225615113973618,0.7160000205039978,0.7045000195503235
YNL032W,YML023C,0,-4.89001,0.09224426746368408,0.7160000205039978,0.7045999765396118
YPR017C,YDR309C,0,-4.8900957,0.09223238378763199,0.7160000205039978,0.7046999931335449
YCR014C,YLR066W,0,-4.890155,0.09222050756216049,0.7160000205039978,0.704800009727478
YGR007W,YJR158W,0,-4.890285,0.092208631336689,0.7160000205039978,0.7049000263214111
YDR092W,YKR042W,0,-4.89046,0.0921967551112175,0.7160000205039978,0.7049999833106995
YEL017C-A,YEL027W,1,-4.8906865,0.09231363236904144,0.7170000076293945,0.7049999833106995
YDR284C,YBR020W,0,-4.890746,0.09230174869298935,0.7170000076293945,0.7050999999046326
YPR029C,YMR177W,0,-4.8910704,0.09228987246751785,0.7170000076293945,0.7052000164985657
YML036W,YER172C,0,-4.891223,0.09227798879146576,0.7170000076293945,0.705299973487854
YKL064W,YLR130C,1,-4.8913255,0.09239479899406433,0.7179999947547913,0.705299973487854
YNL044W,YDL208W,0,-4.8915386,0.09238291531801224,0.7179999947547913,0.7053999900817871
YER157W,YER105C,0,-4.8916416,0.09237103164196014,0.7179999947547913,0.7055000066757202
YGL133W,YDR177W,0,-4.8919,0.09235914796590805,0.7179999947547913,0.7056000232696533
YOR078W,YDL115C,0,-4.8921046,0.09234726428985596,0.7179999947547913,0.7056999802589417
YDR299W,YOR195W,0,-4.892322,0.09233538806438446,0.7179999947547913,0.7057999968528748
YBL006C,YJL192C,0,-4.8923616,0.09232351928949356,0.7179999947547913,0.7059000134468079
YGR285C,YJL030W,0,-4.8926563,0.09231165051460266,0.7179999947547913,0.7059999704360962
YGR279C,YOR281C,0,-4.892811,0.09229978173971176,0.7179999947547913,0.7060999870300293
YLR362W,YJL145W,0,-4.8928185,0.09228792041540146,0.7179999947547913,0.7062000036239624
YNL160W,YLR023C,0,-4.8928523,0.09227605909109116,0.7179999947547913,0.7063000202178955
YDR160W,YOR259C,0,-4.8928986,0.09226419776678085,0.7179999947547913,0.7063999772071838
YDL080C,YJL073W,0,-4.893209,0.09225234389305115,0.7179999947547913,0.7064999938011169
YGR193C,YLR044C,0,-4.8933096,0.09224049001932144,0.7179999947547913,0.70660001039505
YNL327W,YER178W,0,-4.8935757,0.09222864359617233,0.7179999947547913,0.7067000269889832
YDL113C,YPR021C,0,-4.8938313,0.09221679717302322,0.7179999947547913,0.7067999839782715
YPR111W,YNL085W,0,-4.893939,0.09220495820045471,0.7179999947547913,0.7069000005722046
YMR313C,YDR325W,0,-4.8940334,0.0921931192278862,0.7179999947547913,0.7070000171661377
YLR170C,YOL151W,0,-4.894122,0.09218128025531769,0.7179999947547913,0.707099974155426
YPR185W,YIL021W,0,-4.8941965,0.09216944873332977,0.7179999947547913,0.7071999907493591
YDR507C,YOR079C,0,-4.89423,0.09215761721134186,0.7179999947547913,0.7073000073432922
YJL030W,YER073W,0,-4.8943806,0.09214579313993454,0.7179999947547913,0.7074000239372253
YGL116W,YHR084W,0,-4.8944163,0.09213396906852722,0.7179999947547913,0.7074999809265137
YIL132C,YPR083W,0,-4.89449,0.0921221449971199,0.7179999947547913,0.7075999975204468
YKL008C,YGR152C,0,-4.8946023,0.09211032837629318,0.7179999947547913,0.7077000141143799
YPL049C,YER174C,0,-4.8948393,0.09209851175546646,0.7179999947547913,0.7077999711036682
YEL065W,YGL006W,1,-4.895269,0.09221495687961578,0.718999981880188,0.7077999711036682
YLR357W,YDR211W,0,-4.895271,0.09220312535762787,0.718999981880188,0.7078999876976013
YKL021C,YLR268W,0,-4.8956814,0.09219130873680115,0.718999981880188,0.7080000042915344
YOR048C,YGR209C,0,-4.895749,0.09217948466539383,0.718999981880188,0.7081000208854675
YDR078C,YMR227C,0,-4.895755,0.09216766804456711,0.718999981880188,0.7081999778747559
YKR063C,YBR218C,0,-4.8958426,0.09215585887432098,0.718999981880188,0.708299994468689
YML105C,YDR228C,0,-4.895922,0.09214404970407486,0.718999981880188,0.7084000110626221
YDR507C,YOR377W,0,-4.896194,0.09213224053382874,0.718999981880188,0.7085000276565552
YGR157W,YJR047C,0,-4.896268,0.09212043881416321,0.718999981880188,0.7085999846458435
YJR092W,YOR008C,0,-4.8964806,0.09210863709449768,0.718999981880188,0.7087000012397766
YMR264W,YJL167W,0,-4.8965425,0.09209683537483215,0.718999981880188,0.7088000178337097
YPL227C,YDR450W,0,-4.8966503,0.09208504110574722,0.718999981880188,0.708899974822998
YCL033C,YDL031W,0,-4.896722,0.09207324683666229,0.718999981880188,0.7089999914169312
YHR098C,YCL051W,0,-4.8970065,0.09206146001815796,0.718999981880188,0.7091000080108643
YCR098C,YNL291C,1,-4.8971076,0.09217769652605057,0.7200000286102295,0.7091000080108643
YCR067C,YDR167W,0,-4.8971343,0.09216590225696564,0.7200000286102295,0.7092000246047974
YKL101W,YBR167C,0,-4.897154,0.09215410053730011,0.7200000286102295,0.7092999815940857
YBL006C,YDL175C,0,-4.897583,0.09214230626821518,0.7200000286102295,0.7093999981880188
YDR276C,YEL027W,1,-4.8976007,0.09225847572088242,0.7210000157356262,0.7093999981880188
YBR114W,YDR058C,0,-4.8980412,0.09224667400121689,0.7210000157356262,0.7095000147819519
YER143W,YDL161W,0,-4.8980446,0.09223487228155136,0.7210000157356262,0.7095999717712402
YFR041C,YMR075W,0,-4.898205,0.09222307801246643,0.7210000157356262,0.7096999883651733
YGR129W,YHR088W,0,-4.8983974,0.0922112837433815,0.7210000157356262,0.7098000049591064
YNR027W,YPR105C,0,-4.8984604,0.09219948947429657,0.7210000157356262,0.7099000215530396
YMR293C,YPR083W,0,-4.8984623,0.09218770265579224,0.7210000157356262,0.7099999785423279
YKL126W,YDL164C,0,-4.8986187,0.0921759158372879,0.7210000157356262,0.710099995136261
YPR070W,YLL034C,0,-4.8986416,0.09216412901878357,0.7210000157356262,0.7102000117301941
YLR310C,YNL009W,0,-4.8988366,0.09215234965085983,0.7210000157356262,0.7103000283241272
YPL096W,YDR361C,0,-4.898903,0.0921405777335167,0.7210000157356262,0.7103999853134155
YHR196W,YDL212W,0,-4.899004,0.09212879836559296,0.7210000157356262,0.7105000019073486
YHR204W,YLR170C,0,-4.899294,0.09211703389883041,0.7210000157356262,0.7106000185012817
YPR008W,YDR218C,0,-4.8993793,0.09210526198148727,0.7210000157356262,0.7106999754905701
YDL128W,YEL027W,1,-4.8996024,0.0922212302684784,0.722000002861023,0.7106999754905701
YIL149C,YDL115C,0,-4.899702,0.09220945090055466,0.722000002861023,0.7107999920845032
YHR107C,YPR165W,0,-4.899889,0.09219767898321152,0.722000002861023,0.7109000086784363
YDR481C,YKL204W,0,-4.899917,0.09218590706586838,0.722000002861023,0.7110000252723694
YLR109W,YMR172W,0,-4.900038,0.09217413514852524,0.722000002861023,0.7110999822616577
YBR109C,YJR118C,0,-4.9010677,0.0921623706817627,0.722000002861023,0.7111999988555908
YER070W,YLR369W,0,-4.9011307,0.09215060621500015,0.722000002861023,0.7113000154495239
YPL267W,YDL229W,0,-4.901233,0.0921388491988182,0.722000002861023,0.7113999724388123
YDL092W,YGR224W,0,-4.9017534,0.09212709218263626,0.722000002861023,0.7114999890327454
YML065W,YCL029C,0,-4.9017906,0.09211533516645432,0.722000002861023,0.7116000056266785
YHR163W,YGL127C,0,-4.901802,0.09210358560085297,0.722000002861023,0.7117000222206116
YKL017C,YGL065C,0,-4.9019833,0.09209183603525162,0.722000002861023,0.7117999792098999
YOR367W,YLR212C,0,-4.9020724,0.09208009392023087,0.722000002861023,0.711899995803833
YER019C-A,YGR020C,0,-4.9023633,0.09206835180521011,0.722000002861023,0.7120000123977661
YER147C,YHR115C,0,-4.9024954,0.09205660969018936,0.722000002861023,0.7121000289916992
YPR132W,YLR447C,0,-4.9027963,0.0920448750257492,0.722000002861023,0.7121999859809875
YKR022C,YDR092W,0,-4.902803,0.09203314036130905,0.722000002861023,0.7123000025749207
YPL212C,YDR129C,0,-4.903337,0.0920214131474495,0.722000002861023,0.7124000191688538
YGR113W,YJL085W,0,-4.9036417,0.09200968593358994,0.722000002861023,0.7124999761581421
YLR321C,YPR125W,0,-4.9037213,0.09199795871973038,0.722000002861023,0.7125999927520752
YJR019C,YAL021C,0,-4.903756,0.09198623895645142,0.722000002861023,0.7127000093460083
YDR508C,YNL031C,0,-4.903803,0.09197451919317245,0.722000002861023,0.7128000259399414
YBR036C,YOR037W,0,-4.904045,0.09196280688047409,0.722000002861023,0.7128999829292297
YGR200C,YJL201W,0,-4.9041147,0.09195109456777573,0.722000002861023,0.7129999995231628
YML028W,YIR022W,0,-4.9047203,0.09193938970565796,0.722000002861023,0.713100016117096
YDL132W,YCL014W,0,-4.9047484,0.0919276773929596,0.722000002861023,0.7131999731063843
YPL214C,YLR165C,0,-4.9049788,0.09191597998142242,0.722000002861023,0.7132999897003174
YNL149C,YOL001W,0,-4.904991,0.09190427511930466,0.722000002861023,0.7134000062942505
YPR183W,YPL053C,0,-4.9055037,0.09189257770776749,0.722000002861023,0.7135000228881836
YER142C,YNR026C,0,-4.9056764,0.09188088774681091,0.722000002861023,0.7135999798774719
YDL088C,YML051W,0,-4.9061465,0.09186919778585434,0.722000002861023,0.713699996471405
YMR263W,YDR172W,0,-4.9061747,0.09185750782489777,0.722000002861023,0.7138000130653381
YKL005C,YDL045C,0,-4.9062276,0.09184581786394119,0.722000002861023,0.7139000296592712
YBR106W,YML081C-A,1,-4.906627,0.0919613316655159,0.7229999899864197,0.7139000296592712
YGR141W,YNL207W,0,-4.9067583,0.09194963425397873,0.7229999899864197,0.7139999866485596
YOL147C,YGR186W,0,-4.906985,0.09193794429302216,0.7229999899864197,0.7141000032424927
YHR098C,YER133W,0,-4.9070973,0.09192625433206558,0.7229999899864197,0.7142000198364258
YAL022C,YML023C,0,-4.9073,0.0919145718216896,0.7229999899864197,0.7142999768257141
YBR258C,YKR001C,0,-4.907363,0.09190288186073303,0.7229999899864197,0.7143999934196472
YPL118W,YGL201C,0,-4.9074106,0.09189120680093765,0.7229999899864197,0.7145000100135803
YHR034C,YLR200W,0,-4.907575,0.09187952429056168,0.7229999899864197,0.7146000266075134
YER145C,YBL099W,1,-4.907795,0.09199491888284683,0.7239999771118164,0.7146000266075134
YHR070W,YDL120W,0,-4.9078407,0.09198322892189026,0.7239999771118164,0.7146999835968018
YML113W,YCL038C,0,-4.907983,0.09197154641151428,0.7239999771118164,0.7148000001907349
YFR004W,YPL059W,0,-4.9081287,0.0919598639011383,0.7239999771118164,0.714900016784668
YLR262C,YOL020W,0,-4.9083276,0.09194818139076233,0.7239999771118164,0.7149999737739563
YIL121W,YCR037C,1,-4.908437,0.09206349402666092,0.7250000238418579,0.7149999737739563
YOR187W,YIL153W,0,-4.9084487,0.09205180406570435,0.7250000238418579,0.7150999903678894
YFL039C,YBL045C,0,-4.908618,0.09204011410474777,0.7250000238418579,0.7152000069618225
YNL068C,YDR376W,0,-4.9086256,0.0920284315943718,0.7250000238418579,0.7153000235557556
YPL227C,YJL093C,0,-4.908782,0.09201675653457642,0.7250000238418579,0.715399980545044
YGR141W,YJL056C,0,-4.909062,0.09200507402420044,0.7250000238418579,0.715499997138977
YDR369C,YDL056W,0,-4.9091015,0.09199339896440506,0.7250000238418579,0.7156000137329102
YJR092W,YBR298C,0,-4.9091444,0.09198173135519028,0.7250000238418579,0.7156999707221985
YDR219C,YBR210W,0,-4.9092593,0.0919700637459755,0.7250000238418579,0.7157999873161316
YIR006C,YDL192W,0,-4.909333,0.09195839613676071,0.7250000238418579,0.7159000039100647
YMR022W,YPL117C,0,-4.910116,0.09194673597812653,0.7250000238418579,0.7160000205039978
YDL024C,YBR002C,0,-4.9102807,0.09193507581949234,0.7250000238418579,0.7160999774932861
YKR022C,YGR129W,0,-4.9104614,0.09192341566085815,0.7250000238418579,0.7161999940872192
YGL129C,YKL045W,0,-4.9118366,0.09191176295280457,0.7250000238418579,0.7163000106811523
YLR410W,YLR238W,0,-4.912161,0.09190011769533157,0.7250000238418579,0.7164000272750854
YGL066W,YDR372C,0,-4.912201,0.09188846498727798,0.7250000238418579,0.7164999842643738
YLR355C,YDL111C,0,-4.912924,0.09187681972980499,0.7250000238418579,0.7166000008583069
YJL029C,YMR023C,0,-4.9129825,0.0918651819229126,0.7250000238418579,0.71670001745224
YCL055W,YGR179C,0,-4.9133797,0.0918535441160202,0.7250000238418579,0.7167999744415283
YGL247W,YDR164C,0,-4.913671,0.09184190630912781,0.7250000238418579,0.7168999910354614
YKL020C,YOR073W,0,-4.9139614,0.09183027595281601,0.7250000238418579,0.7170000076293945
YLL013C,YOR069W,0,-4.9140043,0.09181864559650421,0.7250000238418579,0.7171000242233276
YOL082W,YCR084C,0,-4.914156,0.09180701524019241,0.7250000238418579,0.717199981212616
YHL002W,YLR170C,0,-4.914218,0.09179539233446121,0.7250000238418579,0.7172999978065491
YJL072C,YNL159C,0,-4.914219,0.09178376942873001,0.7250000238418579,0.7174000144004822
YOR057W,YBR216C,0,-4.914233,0.0917721539735794,0.7250000238418579,0.7174999713897705
YPR171W,YLR078C,0,-4.9147243,0.0917605385184288,0.7250000238418579,0.7175999879837036
YJL116C,YPL110C,0,-4.9147644,0.0917489230632782,0.7250000238418579,0.7177000045776367
YML024W,YFL018C,0,-4.9148564,0.09173731505870819,0.7250000238418579,0.7178000211715698
YML113W,YCR061W,0,-4.9149146,0.09172570705413818,0.7250000238418579,0.7178999781608582
YJR118C,YER167W,0,-4.9150505,0.09171410650014877,0.7250000238418579,0.7179999947547913
YOR259C,YPL015C,0,-4.9154196,0.09170250594615936,0.7250000238418579,0.7181000113487244
YGR088W,YML077W,0,-4.9154496,0.09169090539216995,0.7250000238418579,0.7182000279426575
YKR037C,YCR053W,0,-4.9161463,0.09167931228876114,0.7250000238418579,0.7182999849319458
YDR236C,YKR060W,0,-4.9161663,0.09166771918535233,0.7250000238418579,0.7184000015258789
YDR335W,YNL031C,0,-4.9164104,0.09165613353252411,0.7250000238418579,0.718500018119812
YKL017C,YKL130C,0,-4.9166236,0.09164454787969589,0.7250000238418579,0.7185999751091003
YIL030C,YIR022W,0,-4.9168205,0.09163296222686768,0.7250000238418579,0.7186999917030334
YIL167W,YKR097W,0,-4.9170823,0.09162138402462006,0.7250000238418579,0.7188000082969666
YDL015C,YLR067C,0,-4.917084,0.09160980582237244,0.7250000238418579,0.7189000248908997
YLR084C,YDL175C,0,-4.9175253,0.09159822762012482,0.7250000238418579,0.718999981880188
YGL120C,YLR304C,0,-4.918086,0.0915866568684578,0.7250000238418579,0.7190999984741211
YPL051W,YCR053W,0,-4.918272,0.09157509356737137,0.7250000238418579,0.7192000150680542
YJR121W,YGL255W,1,-4.9188275,0.0916898176074028,0.7260000109672546,0.7192000150680542
YEL062W,YHR038W,0,-4.9188967,0.09167823940515518,0.7260000109672546,0.7192999720573425
YCR091W,YMR042W,0,-4.919215,0.09166666865348816,0.7260000109672546,0.7193999886512756
YJR025C,YDL154W,0,-4.91925,0.09165509045124054,0.7260000109672546,0.7195000052452087
YJR084W,YPL159C,0,-4.919712,0.09164352715015411,0.7260000109672546,0.7196000218391418
YGL129C,YAL051W,0,-4.9199553,0.09163195639848709,0.7260000109672546,0.7196999788284302
YLR292C,YMR172W,0,-4.9200706,0.09162039309740067,0.7260000109672546,0.7197999954223633
YNL282W,YDR201W,0,-4.9207687,0.09160882979631424,0.7260000109672546,0.7199000120162964
YLR226W,YNL188W,0,-4.9208055,0.09159727394580841,0.7260000109672546,0.7200000286102295
YOL108C,YGL116W,0,-4.9213996,0.09158571809530258,0.7260000109672546,0.7200999855995178
YKL220C,YDR298C,1,-4.9215207,0.09170030057430267,0.7269999980926514,0.7200999855995178
YNL290W,YBR126C,0,-4.9217224,0.09168873727321625,0.7269999980926514,0.7202000021934509
YPL171C,YOR182C,0,-4.9219203,0.09167717397212982,0.7269999980926514,0.720300018787384
YBR106W,YFL050C,1,-4.922232,0.09179170429706573,0.7279999852180481,0.720300018787384
YER061C,YLR102C,0,-4.922291,0.09178013354539871,0.7279999852180481,0.7203999757766724
YDR281C,YDR165W,0,-4.922505,0.09176856279373169,0.7279999852180481,0.7204999923706055
YGR083C,YDL116W,0,-4.9225426,0.09175699204206467,0.7279999852180481,0.7206000089645386
YBL006C,YHR188C,0,-4.9227576,0.09174542874097824,0.7279999852180481,0.7207000255584717
YOR363C,YCL063W,0,-4.922859,0.09173387289047241,0.7279999852180481,0.72079998254776
YML032C,YMR049C,0,-4.923004,0.09172230958938599,0.7279999852180481,0.7208999991416931
YKR052C,YOR316C,1,-4.9233994,0.09183673560619354,0.7289999723434448,0.7208999991416931
YBR247C,YOR359W,0,-4.923693,0.09182516485452652,0.7289999723434448,0.7210000157356262
YMR247C,YPR188C,0,-4.924267,0.0918136015534401,0.7289999723434448,0.7210999727249146
YML098W,YNR001C,0,-4.924283,0.09180203825235367,0.7289999723434448,0.7211999893188477
YLR295C,YHR050W,1,-4.9252863,0.09191639721393585,0.7300000190734863,0.7211999893188477
YBR289W,YML074C,0,-4.925436,0.09190481901168823,0.7300000190734863,0.7213000059127808
YOR142W,YNL091W,0,-4.9255366,0.0918932557106018,0.7300000190734863,0.7214000225067139
YLL021W,YGR186W,0,-4.926565,0.09188168495893478,0.7300000190734863,0.7214999794960022
YNL135C,YDR150W,0,-4.926653,0.09187012165784836,0.7300000190734863,0.7215999960899353
YBL026W,YJR118C,0,-4.9274125,0.09185856580734253,0.7300000190734863,0.7217000126838684
YDR499W,YJR025C,0,-4.9274445,0.0918470025062561,0.7300000190734863,0.7218000292778015
YIR004W,YDL231C,0,-4.927467,0.09183545410633087,0.7300000190734863,0.7218999862670898
YDR378C,YDR145W,0,-4.927651,0.09182389825582504,0.7300000190734863,0.722000002861023
YNL325C,YHR111W,0,-4.9281416,0.09181234985589981,0.7300000190734863,0.722100019454956
YEL002C,YMR268C,0,-4.928218,0.09180080145597458,0.7300000190734863,0.7221999764442444
YAL047C,YBR091C,0,-4.9283624,0.09178926050662994,0.7300000190734863,0.7222999930381775
YKL016C,YCR037C,1,-4.9283867,0.0919034481048584,0.7310000061988831,0.7222999930381775
YCR020C-A,YNL031C,0,-4.9285865,0.09189189225435257,0.7310000061988831,0.7224000096321106
YDR470C,YPL032C,0,-4.9286118,0.09188034385442734,0.7310000061988831,0.7225000262260437
YPL235W,YGR248W,0,-4.9289317,0.0918687954545021,0.7310000061988831,0.722599983215332
YNL288W,YCR075C,0,-4.928997,0.09185724705457687,0.7310000061988831,0.7226999998092651
YDL198C,YBL032W,0,-4.929226,0.09184570610523224,0.7310000061988831,0.7228000164031982
YIL123W,YGR206W,0,-4.9294376,0.0918341726064682,0.7310000061988831,0.7228999733924866
YPR018W,YER073W,0,-4.9294596,0.09182263165712357,0.7310000061988831,0.7229999899864197
YGL201C,YIL105C,0,-4.9303794,0.09181110560894012,0.7310000061988831,0.7231000065803528
YNL098C,YCR009C,0,-4.930492,0.09179957211017609,0.7310000061988831,0.7232000231742859
YCR024C-A,YFL050C,1,-4.9306183,0.0919136106967926,0.7319999933242798,0.7232000231742859
YLR129W,YPR006C,0,-4.930688,0.09190206974744797,0.7319999933242798,0.7232999801635742
YDR486C,YPL144W,0,-4.930712,0.09189053624868393,0.7319999933242798,0.7233999967575073
YJL209W,YOR002W,0,-4.931431,0.09187900274991989,0.7319999933242798,0.7235000133514404
YJR074W,YKL134C,0,-4.9318323,0.09186746925115585,0.7319999933242798,0.7235999703407288
YJL060W,YFL022C,0,-4.931877,0.09185594320297241,0.7319999933242798,0.7236999869346619
YLR268W,YNL138W,0,-4.931923,0.09184441715478897,0.7319999933242798,0.723800003528595
YDR330W,YMR042W,0,-4.9320626,0.09183289110660553,0.7319999933242798,0.7239000201225281
YBR195C,YGL054C,0,-4.9322176,0.09182137250900269,0.7319999933242798,0.7239999771118164
YPR133C,YLR096W,0,-4.932266,0.09180986136198044,0.7319999933242798,0.7240999937057495
YNR067C,YPL002C,0,-4.932272,0.0917983427643776,0.7319999933242798,0.7242000102996826
YPL031C,YBR253W,0,-4.9323225,0.09178683161735535,0.7319999933242798,0.7243000268936157
YIL026C,YJL052W,0,-4.9328403,0.0917753279209137,0.7319999933242798,0.724399983882904
YMR029C,YJL201W,0,-4.933035,0.09176382422447205,0.7319999933242798,0.7245000004768372
YPR006C,YJL050W,0,-4.9334254,0.0917523205280304,0.7319999933242798,0.7246000170707703
YLR259C,YPL262W,0,-4.9336095,0.09174081683158875,0.7319999933242798,0.7246999740600586
YPR074C,YHR085W,0,-4.934024,0.09172932058572769,0.7319999933242798,0.7247999906539917
YLR363C,YPL214C,0,-4.9340434,0.09171783179044724,0.7319999933242798,0.7249000072479248
YIL063C,YKL040C,0,-4.9342613,0.09170633554458618,0.7319999933242798,0.7250000238418579
YNR003C,YOL031C,0,-4.9344177,0.09169485419988632,0.7319999933242798,0.7250999808311462
YEL062W,YDR206W,0,-4.9345284,0.09168336540460587,0.7319999933242798,0.7251999974250793
YPL060W,YBR290W,1,-4.934985,0.0917971208691597,0.7329999804496765,0.7251999974250793
YGL129C,YMR079W,0,-4.935699,0.09178562462329865,0.7329999804496765,0.7253000140190125
YLR023C,YDR198C,0,-4.9359107,0.09177413582801819,0.7329999804496765,0.7253999710083008
YPR019W,YIR010W,0,-4.9361286,0.09176264703273773,0.7329999804496765,0.7254999876022339
YDL002C,YBR049C,0,-4.9364624,0.09175115823745728,0.7329999804496765,0.725600004196167
YMR163C,YGR007W,0,-4.93655,0.09173967689275742,0.7329999804496765,0.7257000207901001
YGL035C,YER019W,0,-4.9366827,0.09172819554805756,0.7329999804496765,0.7257999777793884
YHR008C,YKL101W,0,-4.9367914,0.0917167142033577,0.7329999804496765,0.7258999943733215
YML036W,YDR101C,0,-4.937238,0.09170524030923843,0.7329999804496765,0.7260000109672546
YMR039C,YBR236C,0,-4.9372563,0.09169377386569977,0.7329999804496765,0.7261000275611877
YDR243C,YOR098C,0,-4.937544,0.0916822999715805,0.7329999804496765,0.7261999845504761
YNL251C,YNL330C,0,-4.937589,0.09167083352804184,0.7329999804496765,0.7263000011444092
YKL113C,YMR093W,0,-4.9376483,0.09165937453508377,0.7329999804496765,0.7264000177383423
YKR063C,YGL174W,0,-4.9376593,0.0916479155421257,0.7329999804496765,0.7264999747276306
YPL055C,YLR357W,0,-4.9378347,0.09163645654916763,0.7329999804496765,0.7265999913215637
YBR289W,YLR008C,0,-4.937873,0.09162499755620956,0.7329999804496765,0.7267000079154968
YML036W,YPL022W,0,-4.9386067,0.09161354601383209,0.7329999804496765,0.7268000245094299
YJL127C,YBR154C,0,-4.938895,0.09160210192203522,0.7329999804496765,0.7268999814987183
YLR292C,YOR299W,0,-4.939123,0.09159065037965775,0.7329999804496765,0.7269999980926514
YBR182C,YBL055C,0,-4.9391966,0.09157921373844147,0.7329999804496765,0.7271000146865845
YKL175W,YNL291C,1,-4.939528,0.09169269353151321,0.734000027179718,0.7271000146865845
YEL012W,YDR017C,0,-4.939732,0.09168124198913574,0.734000027179718,0.7271999716758728
YPL270W,YMR293C,0,-4.939979,0.09166979044675827,0.734000027179718,0.7272999882698059
YCR088W,YDR303C,0,-4.9404445,0.0916583389043808,0.734000027179718,0.727400004863739
YLR221C,YNL038W,0,-4.9404488,0.09164689481258392,0.734000027179718,0.7275000214576721
YKR079C,YML085C,0,-4.9407535,0.09163545817136765,0.734000027179718,0.7275999784469604
YKR079C,YJR144W,0,-4.9411087,0.09162401407957077,0.734000027179718,0.7276999950408936
YMR075W,YBR253W,0,-4.941393,0.09161257743835449,0.734000027179718,0.7278000116348267
YLR260W,YLR459W,0,-4.9414353,0.09160114824771881,0.734000027179718,0.7279000282287598
YDR439W,YDR511W,0,-4.941694,0.09158971905708313,0.734000027179718,0.7279999852180481
YPL053C,YDR013W,0,-4.942126,0.09157828986644745,0.734000027179718,0.7281000018119812
YNL084C,YLR430W,0,-4.942158,0.09156686812639236,0.734000027179718,0.7282000184059143
YBL023C,YJR144W,0,-4.942441,0.09155544638633728,0.734000027179718,0.7282999753952026
YOL123W,YOR299W,0,-4.942484,0.0915440246462822,0.734000027179718,0.7283999919891357
YIL106W,YLR337C,0,-4.942751,0.09153261035680771,0.734000027179718,0.7285000085830688
YDL014W,YKL029C,0,-4.9427624,0.09152119606733322,0.734000027179718,0.728600025177002
YDL074C,YJL170C,0,-4.94305,0.09150978922843933,0.734000027179718,0.7286999821662903
YDR394W,YGL207W,0,-4.9430842,0.09149838238954544,0.734000027179718,0.7287999987602234
YLR314C,YCL025C,0,-4.9434214,0.09148697555065155,0.734000027179718,0.7289000153541565
YJR052W,YDL231C,0,-4.9437733,0.09147557616233826,0.734000027179718,0.7289999723434448
YFR027W,YKL046C,0,-4.944359,0.09146417677402496,0.734000027179718,0.7290999889373779
YMR188C,YDR453C,0,-4.9444895,0.09145277738571167,0.734000027179718,0.729200005531311
YEL053C,YDR272W,0,-4.944582,0.09144138544797897,0.734000027179718,0.7293000221252441
YLR354C,YOR328W,0,-4.9446297,0.09142999351024628,0.734000027179718,0.7293999791145325
YAL041W,YOR174W,0,-4.944943,0.09141860902309418,0.734000027179718,0.7294999957084656
YER147C,YIL040W,0,-4.9452844,0.09140722453594208,0.734000027179718,0.7296000123023987
YAL041W,YOR194C,0,-4.945477,0.09139584004878998,0.734000027179718,0.7297000288963318
YGL025C,YLR350W,0,-4.94551,0.09138446301221848,0.734000027179718,0.7297999858856201
YIL036W,YOR174W,0,-4.9459896,0.09137308597564697,0.734000027179718,0.7299000024795532
YPL098C,YLR451W,0,-4.946609,0.09136171638965607,0.734000027179718,0.7300000190734863
YLR314C,YOL063C,0,-4.9468737,0.09135033935308456,0.734000027179718,0.7300999760627747
YNL054W,YJR112W,0,-4.9475574,0.09133897721767426,0.734000027179718,0.7301999926567078
YGR132C,YER119C,0,-4.9476156,0.09132760763168335,0.734000027179718,0.7303000092506409
YIL044C,YDR028C,0,-4.9478073,0.09131624549627304,0.734000027179718,0.730400025844574
YNR011C,YBR272C,0,-4.948282,0.09130489081144333,0.734000027179718,0.7304999828338623
YMR165C,YML011C,0,-4.948518,0.09129352867603302,0.734000027179718,0.7305999994277954
YJL053W,YML032C,0,-4.948765,0.0912821814417839,0.734000027179718,0.7307000160217285
YOR057W,YDR301W,0,-4.948824,0.0912708267569542,0.734000027179718,0.7307999730110168
YPR171W,YML078W,0,-4.9488397,0.09125947952270508,0.734000027179718,0.73089998960495
YLR197W,YKR056W,0,-4.949583,0.09124813228845596,0.734000027179718,0.7310000061988831
YNL222W,YDL028C,0,-4.94976,0.09123679250478745,0.734000027179718,0.7311000227928162
YDR302W,YDR166C,0,-4.950713,0.09122545272111893,0.734000027179718,0.7311999797821045
YKL099C,YLL031C,0,-4.9507227,0.091214120388031,0.734000027179718,0.7312999963760376
YGL226C-A,YHR193C,0,-4.9508386,0.09120278060436249,0.734000027179718,0.7314000129699707
YDR329C,YKL046C,0,-4.9509826,0.09119145572185516,0.734000027179718,0.7315000295639038
YBL105C,YDR453C,0,-4.951323,0.09118012338876724,0.734000027179718,0.7315999865531921
YNL149C,YDR153C,0,-4.951551,0.09116879850625992,0.734000027179718,0.7317000031471252
YPR133W-A,YDL113C,0,-4.951613,0.0911574736237526,0.734000027179718,0.7318000197410583
YLR335W,YKR020W,0,-4.951815,0.09114615619182587,0.734000027179718,0.7318999767303467
YOL093W,YBL026W,0,-4.952079,0.09113483875989914,0.734000027179718,0.7319999933242798
YLR069C,YBR218C,0,-4.952355,0.09112352877855301,0.734000027179718,0.7321000099182129
YOL077W-A,YJL094C,1,-4.9523745,0.09123634546995163,0.7350000143051147,0.7321000099182129
YPL164C,YLR193C,0,-4.9524846,0.0912250205874443,0.7350000143051147,0.732200026512146
YBR073W,YDR059C,0,-4.9524956,0.09121370315551758,0.7350000143051147,0.7322999835014343
YMR250W,YOR094W,0,-4.9525332,0.09120238572359085,0.7350000143051147,0.7324000000953674
YMR287C,YOR075W,0,-4.9529047,0.09119106829166412,0.7350000143051147,0.7325000166893005
YOR334W,YKL064W,1,-4.9535933,0.09130381047725677,0.7360000014305115,0.7325000166893005
YPL221W,YCR053W,0,-4.953824,0.09129248559474945,0.7360000014305115,0.7325999736785889
YPR042C,YLR231C,0,-4.9541187,0.09128116071224213,0.7360000014305115,0.732699990272522
YMR308C,YOR123C,0,-4.954231,0.0912698432803154,0.7360000014305115,0.7328000068664551
YLR363C,YER002W,0,-4.9542975,0.09125852584838867,0.7360000014305115,0.7329000234603882
YKL220C,YMR243C,1,-4.9544573,0.09137118607759476,0.7369999885559082,0.7329000234603882
YKR022C,YLR337C,0,-4.9548125,0.09135986119508743,0.7369999885559082,0.7329999804496765
YDR078C,YKL126W,0,-4.9548244,0.09134853631258011,0.7369999885559082,0.7330999970436096
YAL038W,YOL071W,0,-4.9550858,0.09133721888065338,0.7369999885559082,0.7332000136375427
YBR073W,YHR031C,0,-4.9551067,0.09132590144872665,0.7369999885559082,0.733299970626831
YIL149C,YOR098C,0,-4.9554563,0.09131458401679993,0.7369999885559082,0.7333999872207642
YMR298W,YGR135W,0,-4.9559674,0.0913032740354538,0.7369999885559082,0.7335000038146973
YBR217W,YNL172W,0,-4.956007,0.09129196405410767,0.7369999885559082,0.7336000204086304
YML085C,YHR124W,0,-4.956052,0.09128065407276154,0.7369999885559082,0.7336999773979187
YPL055C,YAL026C,0,-4.9563994,0.091269351541996,0.7369999885559082,0.7337999939918518
YMR150C,YGL232W,0,-4.956593,0.09125804901123047,0.7369999885559082,0.7339000105857849
YGL008C,YBR037C,1,-4.9565988,0.09137056022882462,0.7379999756813049,0.7339000105857849
YOR067C,YGL244W,0,-4.956625,0.09135925024747849,0.7379999756813049,0.734000027179718
YBR295W,YBR024W,1,-4.9568863,0.09147171676158905,0.7390000224113464,0.734000027179718
YOL149W,YBR153W,0,-4.9569845,0.09146039932966232,0.7390000224113464,0.7340999841690063
YDR218C,YBR210W,0,-4.956995,0.091449074447155,0.7390000224113464,0.7342000007629395
YML014W,YGL097W,0,-4.957198,0.09143776446580887,0.7390000224113464,0.7343000173568726
YBL056W,YCR084C,0,-4.957261,0.09142644703388214,0.7390000224113464,0.7343999743461609
YIL110W,YOR149C,0,-4.957262,0.09141514450311661,0.7390000224113464,0.734499990940094
YGR191W,YEL027W,1,-4.9573174,0.09152752161026001,0.7400000095367432,0.734499990940094
YPL096W,YNL021W,0,-4.9573526,0.09151620417833328,0.7400000095367432,0.7346000075340271
YNL032W,YMR272C,0,-4.9574795,0.09150488674640656,0.7400000095367432,0.7347000241279602
YJL003W,YDR424C,0,-4.9578037,0.09149356931447983,0.7400000095367432,0.7347999811172485
YDR465C,YKR097W,0,-4.9580793,0.0914822593331337,0.7400000095367432,0.7348999977111816
YDR153C,YKR057W,0,-4.958082,0.09147094935178757,0.7400000095367432,0.7350000143051147
YNL003C,YOL016C,0,-4.958093,0.09145964682102203,0.7400000095367432,0.7350999712944031
YGR163W,YKL017C,0,-4.9585323,0.0914483442902565,0.7400000095367432,0.7351999878883362
YBR160W,YCR093W,0,-4.958662,0.09143704175949097,0.7400000095367432,0.7353000044822693
YJL134W,YJL053W,0,-4.9590664,0.09142574667930603,0.7400000095367432,0.7354000210762024
YGL094C,YBR154C,0,-4.959239,0.0914144515991211,0.7400000095367432,0.7354999780654907
YMR200W,YBR110W,0,-4.9597473,0.09140316396951675,0.7400000095367432,0.7355999946594238
YNR007C,YNL148C,0,-4.9598064,0.09139187633991241,0.7400000095367432,0.7357000112533569
YBL023C,YER143W,0,-4.960398,0.09138058871030807,0.7400000095367432,0.73580002784729
YBR142W,YNL290W,0,-4.960412,0.09136930853128433,0.7400000095367432,0.7358999848365784
YNL041C,YLR155C,0,-4.960593,0.09135802835226059,0.7400000095367432,0.7360000014305115
YDR295C,YDL143W,0,-4.960606,0.09134674817323685,0.7400000095367432,0.7361000180244446
YMR173W,YPL128C,0,-4.9608536,0.0913354754447937,0.7400000095367432,0.7361999750137329
YBL057C,YFR033C,0,-4.960902,0.09132420271635056,0.7400000095367432,0.736299991607666
YKR085C,YOL148C,0,-4.960956,0.09131292998790741,0.7400000095367432,0.7364000082015991
YHR065C,YGR135W,0,-4.961257,0.09130166471004486,0.7400000095367432,0.7365000247955322
YKR034W,YDL236W,0,-4.9613266,0.09129039943218231,0.7400000095367432,0.7365999817848206
YLR259C,YDR183W,0,-4.96175,0.09127914160490036,0.7400000095367432,0.7366999983787537
YGL127C,YPL001W,0,-4.9618816,0.09126788377761841,0.7400000095367432,0.7368000149726868
YOL005C,YLR078C,0,-4.9619093,0.09125662595033646,0.7400000095367432,0.7368999719619751
YMR288W,YNL243W,0,-4.9619627,0.0912453755736351,0.7400000095367432,0.7369999885559082
YKR054C,YDL045C,0,-4.9627666,0.09123412519693375,0.7400000095367432,0.7371000051498413
YNL304W,YGL004C,0,-4.9629574,0.09122288227081299,0.7400000095367432,0.7372000217437744
YOR367W,YKL052C,0,-4.963284,0.09121163934469223,0.7400000095367432,0.7372999787330627
YDL108W,YJR084W,0,-4.9635897,0.09120039641857147,0.7400000095367432,0.7373999953269958
YNL257C,YPL084W,0,-4.964402,0.09118915349245071,0.7400000095367432,0.737500011920929
YGR007W,YOR035C,0,-4.9644523,0.09117791801691055,0.7400000095367432,0.7376000285148621
YDR382W,YDL188C,0,-4.964837,0.09116668999195099,0.7400000095367432,0.7376999855041504
YPL096W,YPL254W,0,-4.9649034,0.09115545451641083,0.7400000095367432,0.7378000020980835
YBR182C,YMR113W,0,-4.964923,0.09114422649145126,0.7400000095367432,0.7379000186920166
YJL019W,YLR385C,0,-4.9650536,0.0911330059170723,0.7400000095367432,0.7379999756813049
YPL268W,YOL156W,0,-4.9656887,0.09112178534269333,0.7400000095367432,0.738099992275238
YPL019C,YNL219C,0,-4.9660406,0.09111056476831436,0.7400000095367432,0.7382000088691711
YBR295W,YJR121W,1,-4.966172,0.09122245758771896,0.7409999966621399,0.7382000088691711
YGL008C,YEL017C-A,1,-4.96651,0.09133432060480118,0.7419999837875366,0.7382000088691711
YFL058W,YCL010C,0,-4.9665403,0.09132307767868042,0.7419999837875366,0.7383000254631042
YLR015W,YKR068C,0,-4.967497,0.09131184220314026,0.7419999837875366,0.7383999824523926
YLR310C,YOL043C,0,-4.9676294,0.0913005992770195,0.7419999837875366,0.7384999990463257
YBR036C,YBL032W,0,-4.967641,0.09128937125205994,0.7419999837875366,0.7386000156402588
YDR297W,YGR070W,0,-4.9676986,0.09127814322710037,0.7419999837875366,0.7386999726295471
YDR160W,YBL069W,0,-4.96775,0.09126691520214081,0.7419999837875366,0.7387999892234802
YEL018W,YPL011C,0,-4.96803,0.09125568717718124,0.7419999837875366,0.7389000058174133
YDL155W,YHR188C,0,-4.968082,0.09124446660280228,0.7419999837875366,0.7390000224113464
YGL020C,YDR280W,0,-4.9686255,0.09123324602842331,0.7419999837875366,0.7390999794006348
YKL189W,YHR148W,0,-4.9689417,0.09122203290462494,0.7419999837875366,0.7391999959945679
YML113W,YDL019C,0,-4.969127,0.09121081978082657,0.7419999837875366,0.739300012588501
YLR337C,YDL112W,0,-4.9691844,0.0911996066570282,0.7419999837875366,0.7394000291824341
YKR038C,YIL122W,0,-4.9695973,0.09118840098381042,0.7419999837875366,0.7394999861717224
YNR060W,YDR456W,1,-4.96968,0.09130007028579712,0.7429999709129333,0.7394999861717224
YLR362W,YFL008W,0,-4.969854,0.09128885716199875,0.7429999709129333,0.7396000027656555
YJL194W,YJR068W,0,-4.9700522,0.09127764403820038,0.7429999709129333,0.7397000193595886
YER145C,YPR138C,1,-4.970155,0.0913892611861229,0.7440000176429749,0.7397000193595886
YMR075W,YBR060C,0,-4.9709888,0.09137804061174393,0.7440000176429749,0.739799976348877
YIL129C,YML034W,0,-4.9715977,0.09136682003736496,0.7440000176429749,0.7398999929428101
YKL016C,YGR217W,1,-4.971743,0.0914783924818039,0.7450000047683716,0.7398999929428101
YDL194W,YDR164C,0,-4.9719453,0.09146715700626373,0.7450000047683716,0.7400000095367432
YNR019W,YGR220C,0,-4.9724236,0.09145592898130417,0.7450000047683716,0.7401000261306763
YPR019W,YPL140C,0,-4.9725575,0.0914447009563446,0.7450000047683716,0.7401999831199646
YLR115W,YEL003W,0,-4.9725876,0.09143348038196564,0.7450000047683716,0.7402999997138977
YNL079C,YPL160W,0,-4.9726624,0.09142225980758667,0.7450000047683716,0.7404000163078308
YPL203W,YCL051W,0,-4.9728775,0.0914110392332077,0.7450000047683716,0.7404999732971191
YJL073W,YIR019C,0,-4.9729877,0.09139982610940933,0.7450000047683716,0.7405999898910522
YDR219C,YDR300C,0,-4.9735336,0.09138861298561096,0.7450000047683716,0.7407000064849854
YGR072W,YHR150W,0,-4.973609,0.09137740731239319,0.7450000047683716,0.7408000230789185
YEL066W,YKL154W,0,-4.973738,0.09136620163917542,0.7450000047683716,0.7408999800682068
YDR363W,YJL104W,0,-4.9739017,0.09135499596595764,0.7450000047683716,0.7409999966621399
YPR042C,YOL071W,0,-4.9740725,0.09134379774332047,0.7450000047683716,0.741100013256073
YIL135C,YNL262W,0,-4.9740987,0.09133259952068329,0.7450000047683716,0.7411999702453613
YHR133C,YOL117W,0,-4.9742355,0.09132140129804611,0.7450000047683716,0.7412999868392944
YGL133W,YDR485C,0,-4.9745393,0.09131021052598953,0.7450000047683716,0.7414000034332275
YOR020C,YDR164C,0,-4.9746456,0.09129901975393295,0.7450000047683716,0.7415000200271606
YLR264W,YPR198W,0,-4.9747043,0.09128782898187637,0.7450000047683716,0.741599977016449
YAR008W,YPL100W,0,-4.9747334,0.09127664566040039,0.7450000047683716,0.7416999936103821
YCL008C,YKL041W,0,-4.975357,0.091265469789505,0.7450000047683716,0.7418000102043152
YGR195W,YJL074C,0,-4.9754953,0.09125428646802902,0.7450000047683716,0.7419000267982483
YLR417W,YOR073W,0,-4.9757705,0.09124311059713364,0.7450000047683716,0.7419999837875366
YHR015W,YDR511W,0,-4.976152,0.09123193472623825,0.7450000047683716,0.7421000003814697
YER164W,YMR083W,0,-4.9762564,0.09122076630592346,0.7450000047683716,0.7422000169754028
YPL118W,YDR288W,0,-4.976495,0.09120959788560867,0.7450000047683716,0.7422999739646912
YBR296C,YPR020W,1,-4.976507,0.09132084995508194,0.7459999918937683,0.7422999739646912
YDL108W,YHR042W,0,-4.9765935,0.09130966663360596,0.7459999918937683,0.7423999905586243
YBR164C,YJR082C,0,-4.976655,0.09129849821329117,0.7459999918937683,0.7425000071525574
YOR368W,YJL074C,0,-4.976681,0.09128732234239578,0.7459999918937683,0.7426000237464905
YDL153C,YOR067C,0,-4.9768014,0.091276153922081,0.7459999918937683,0.7426999807357788
YLR368W,YAR008W,0,-4.977235,0.0912649855017662,0.7459999918937683,0.7427999973297119
YML007W,YLR005W,0,-4.977266,0.09125382453203201,0.7459999918937683,0.742900013923645
YLR384C,YBR060C,0,-4.9774036,0.09124266356229782,0.7459999918937683,0.7429999709129333
YAR014C,YPL127C,0,-4.9774346,0.09123150259256363,0.7459999918937683,0.7430999875068665
YBR211C,YNL082W,0,-4.977663,0.09122034907341003,0.7459999918937683,0.7432000041007996
YPR024W,YKR029C,0,-4.977844,0.09120919555425644,0.7459999918937683,0.7433000206947327
YDL030W,YBR095C,0,-4.97795,0.09119804203510284,0.7459999918937683,0.743399977684021
YOR109W,YPL008W,0,-4.9782124,0.09118689596652985,0.7459999918937683,0.7434999942779541
YLL021W,YDL029W,0,-4.9785166,0.09117574989795685,0.7459999918937683,0.7436000108718872
YDR123C,YLR145W,0,-4.9785376,0.09116461127996445,0.7459999918937683,0.7437000274658203
YGR268C,YPL022W,0,-4.9785547,0.09115347266197205,0.7459999918937683,0.7437999844551086
YLR383W,YBL007C,0,-4.978957,0.09114233404397964,0.7459999918937683,0.7439000010490417
YDR212W,YLR221C,0,-4.979002,0.09113120287656784,0.7459999918937683,0.7440000176429749
YCR091W,YOR182C,0,-4.9793177,0.09112007170915604,0.7459999918937683,0.7440999746322632
YFR027W,YML126C,0,-4.9793835,0.09110894054174423,0.7459999918937683,0.7441999912261963
YBL103C,YOR003W,0,-4.9795766,0.09109781682491302,0.7459999918937683,0.7443000078201294
YPL115C,YHR123W,0,-4.979646,0.09108669310808182,0.7459999918937683,0.7444000244140625
YML048W,YIL106W,0,-4.979764,0.09107556939125061,0.7459999918937683,0.7444999814033508
YIL098C,YLR246W,0,-4.9797993,0.091064453125,0.7459999918937683,0.7445999979972839
YBR153W,YER025W,0,-4.9798603,0.09105333685874939,0.7459999918937683,0.744700014591217
YKR034W,YMR211W,0,-4.98026,0.09104222804307938,0.7459999918937683,0.7447999715805054
YNL312W,YMR211W,0,-4.98062,0.09103111922740936,0.7459999918937683,0.7448999881744385
YLR114C,YNL219C,0,-4.9808893,0.09102001041173935,0.7459999918937683,0.7450000047683716
YPR187W,YDR224C,0,-4.981061,0.09100890904664993,0.7459999918937683,0.7451000213623047
YLR260W,YKR001C,0,-4.981115,0.09099780768156052,0.7459999918937683,0.745199978351593
YLR459W,YNL149C,0,-4.9813776,0.0909867063164711,0.7459999918937683,0.7452999949455261
YNR046W,YPL082C,0,-4.981595,0.09097561240196228,0.7459999918937683,0.7454000115394592
YMR216C,YJL020C,0,-4.9819727,0.09096451848745346,0.7459999918937683,0.7455000281333923
YDL128W,YDR298C,1,-4.98233,0.0910753458738327,0.746999979019165,0.7455000281333923
YML034W,YDL019C,0,-4.982436,0.09106424450874329,0.746999979019165,0.7455999851226807
YKL170W,YGR156W,0,-4.982637,0.09105314314365387,0.746999979019165,0.7457000017166138
YLR141W,YOR363C,0,-4.98279,0.09104204922914505,0.746999979019165,0.7458000183105469
YDL216C,YHR206W,0,-4.983427,0.09103095531463623,0.746999979019165,0.7458999752998352
YER105C,YGR020C,0,-4.983611,0.09101986140012741,0.746999979019165,0.7459999918937683
YKL208W,YNL312W,0,-4.983651,0.09100877493619919,0.746999979019165,0.7461000084877014
YGR258C,YHR161C,0,-4.983879,0.09099768847227097,0.746999979019165,0.7462000250816345
YHR024C,YIR008C,0,-4.9840875,0.09098660200834274,0.746999979019165,0.7462999820709229
YER168C,YIR028W,0,-4.9841576,0.09097552299499512,0.746999979019165,0.746399998664856
YOR084W,YBL058W,0,-4.9842243,0.09096444398164749,0.746999979019165,0.7465000152587891
YNL161W,YGL032C,0,-4.9845266,0.09095336496829987,0.746999979019165,0.7465999722480774
YGR157W,YIL106W,0,-4.985017,0.09094229340553284,0.746999979019165,0.7466999888420105
YLR362W,YGR075C,0,-4.9852552,0.09093122184276581,0.746999979019165,0.7468000054359436
YOR100C,YLL031C,0,-4.9853783,0.09092015773057938,0.746999979019165,0.7469000220298767
YIL143C,YIL009W,0,-4.985469,0.09090909361839294,0.746999979019165,0.746999979019165
YEL017C-A,YHR050W,1,-4.9855633,0.09101971238851547,0.7480000257492065,0.746999979019165
YKR031C,YKL139W,0,-4.9857244,0.09100864082574844,0.7480000257492065,0.7470999956130981
YDR054C,YBR158W,0,-4.9858885,0.09099756926298141,0.7480000257492065,0.7472000122070312
YHR205W,YMR313C,0,-4.985905,0.09098649770021439,0.7480000257492065,0.7473000288009644
YLR256W,YGR085C,0,-4.9860225,0.09097543358802795,0.7480000257492065,0.7473999857902527
YOL043C,YAL002W,0,-4.9861526,0.09096436947584152,0.7480000257492065,0.7475000023841858
YOL077W-A,YIL114C,1,-4.9864936,0.09107490628957748,0.7490000128746033,0.7475000023841858
YIL121W,YKL016C,1,-4.986767,0.09118541330099106,0.75,0.7475000023841858
YBR211C,YLR385C,0,-4.986876,0.09117432683706284,0.75,0.7476000189781189
YDR328C,YKL179C,0,-4.986953,0.09116324037313461,0.75,0.7476999759674072
YKL073W,YIR017C,0,-4.9874306,0.09115216135978699,0.75,0.7477999925613403
YOR119C,YMR026C,0,-4.9877744,0.09114108979701996,0.75,0.7479000091552734
YOR179C,YLR350W,0,-4.9879365,0.09113001078367233,0.75,0.7480000257492065
YML029W,YPL011C,0,-4.9880714,0.0911189392209053,0.75,0.7480999827384949
YML012W,YLR376C,0,-4.9883366,0.09110787510871887,0.75,0.748199999332428
YBR205W,YPR009W,0,-4.9884543,0.09109680354595184,0.75,0.7483000159263611
YFR021W,YNL248C,0,-4.9884996,0.09108573943376541,0.75,0.7483999729156494
YPR042C,YJL111W,0,-4.9886894,0.09107468277215958,0.75,0.7484999895095825
YMR227C,YGL209W,0,-4.988702,0.09106362611055374,0.75,0.7486000061035156
YKL089W,YML062C,0,-4.9891853,0.0910525694489479,0.75,0.7487000226974487
YKL020C,YLR145W,0,-4.9893007,0.09104151278734207,0.75,0.7487999796867371
YBR087W,YKL165C,0,-4.9893246,0.09103046357631683,0.75,0.7488999962806702
YDR494W,YLR372W,0,-4.9896817,0.0910194143652916,0.75,0.7490000128746033
YOL105C,YIL126W,0,-4.9899178,0.09100837260484695,0.75,0.7491000294685364
YNL323W,YML115C,0,-4.9899387,0.09099733084440231,0.75,0.7491999864578247
YOR194C,YKL002W,0,-4.990245,0.09098628908395767,0.75,0.7493000030517578
YDR175C,YGR212W,0,-4.990736,0.09097525477409363,0.75,0.7494000196456909
YDR251W,YGL073W,0,-4.990906,0.09096422046422958,0.75,0.7494999766349792
YPR049C,YGL166W,0,-4.990967,0.09095318615436554,0.75,0.7495999932289124
YPL274W,YPL026C,0,-4.9910455,0.09094215929508209,0.75,0.7497000098228455
YBR095C,YBR153W,0,-4.9912214,0.09093113243579865,0.75,0.7498000264167786
YBL069W,YLR240W,0,-4.9915686,0.0909201130270958,0.75,0.7498999834060669
YOR149C,YCR033W,0,-4.9924903,0.09090909361839294,0.75,0.75
YKL053C-A,YBR058C,0,-4.992756,0.0908980742096901,0.75,0.7501000165939331
YNL280C,YDL229W,0,-4.992777,0.09088705480098724,0.75,0.7501999735832214
YGL216W,YNL147W,0,-4.992838,0.09087604284286499,0.75,0.7502999901771545
YDL223C,YPL243W,0,-4.992958,0.09086503833532333,0.75,0.7504000067710876
YBL026W,YDR164C,0,-4.9931793,0.09085402637720108,0.75,0.7505000233650208
YBR087W,YGL195W,0,-4.993342,0.09084302186965942,0.75,0.7505999803543091
YDL008W,YFR014C,0,-4.99356,0.09083202481269836,0.75,0.7506999969482422
YPL253C,YDL120W,0,-4.993889,0.09082102030515671,0.75,0.7508000135421753
YPL055C,YMR049C,0,-4.994042,0.09081002324819565,0.75,0.7508999705314636
YLR423C,YGR211W,0,-4.994173,0.09079903364181519,0.75,0.7509999871253967
YLL019C,YKL001C,0,-4.9943886,0.09078803658485413,0.75,0.7511000037193298
YIL052C,YMR026C,0,-4.994821,0.09077705442905426,0.75,0.7512000203132629
YGR147C,YKL042W,0,-4.995158,0.0907660648226738,0.75,0.7512999773025513
YPL204W,YLR318W,0,-4.9952517,0.09075508266687393,0.75,0.7513999938964844
YPR018W,YCR033W,0,-4.9954615,0.09074410051107407,0.75,0.7515000104904175
YBR295W,YGL006W,1,-4.9957085,0.09085410088300705,0.7509999871253967,0.7515000104904175
YEL017C-A,YMR243C,1,-4.9958835,0.09096407145261765,0.7519999742507935,0.7515000104904175
YNL293W,YDL105W,0,-4.9958863,0.09095307439565659,0.7519999742507935,0.7516000270843506
YOR212W,YLR223C,0,-4.996344,0.09094206988811493,0.7519999742507935,0.7516999840736389
YGL241W,YMR073C,0,-4.9963884,0.09093107283115387,0.7519999742507935,0.751800000667572
YGR029W,YIL140W,0,-4.996494,0.09092008322477341,0.7519999742507935,0.7519000172615051
YGR167W,YKL054C,0,-4.9968624,0.09090909361839294,0.7519999742507935,0.7519999742507935
YPL048W,YDL197C,0,-4.9968767,0.09089810401201248,0.7519999742507935,0.7520999908447266
YLR314C,YMR035W,0,-4.996914,0.09088711440563202,0.7519999742507935,0.7522000074386597
YLL021W,YBR086C,0,-4.9973054,0.09087613224983215,0.7519999742507935,0.7523000240325928
YIL121W,YDR456W,1,-4.9977603,0.0909859836101532,0.753000020980835,0.7523000240325928
YMR212C,YAL055W,0,-4.997972,0.09097499400377274,0.753000020980835,0.7523999810218811
YFR052W,YNL164C,0,-4.998005,0.09096400439739227,0.753000020980835,0.7524999976158142
YOR320C,YBR272C,0,-4.998043,0.09095301479101181,0.753000020980835,0.7526000142097473
YLR201C,YEL030W,0,-4.998103,0.09094203263521194,0.753000020980835,0.7526999711990356
YDR330W,YPR075C,0,-4.9986854,0.09093105047941208,0.753000020980835,0.7527999877929688
YML128C,YPL011C,0,-4.9987373,0.09092006832361221,0.753000020980835,0.7529000043869019
YNL082W,YNL304W,0,-4.998882,0.09090909361839294,0.753000020980835,0.753000020980835
YJR066W,YJR052W,0,-4.9989033,0.09089811891317368,0.753000020980835,0.7530999779701233
YDR378C,YLR329W,0,-4.998931,0.0908871442079544,0.753000020980835,0.7531999945640564
YBR106W,YLR130C,1,-4.9989533,0.09099686145782471,0.7540000081062317,0.7531999945640564
YDR480W,YLR127C,0,-4.9991193,0.09098587930202484,0.7540000081062317,0.7533000111579895
YOR362C,YOR026W,0,-4.999234,0.09097490459680557,0.7540000081062317,0.7534000277519226
YLR079W,YDL058W,0,-4.999378,0.0909639298915863,0.7540000081062317,0.7534999847412109
YDR224C,YDL147W,0,-4.9993796,0.09095295518636703,0.7540000081062317,0.753600001335144
YNL310C,YPR094W,0,-4.99938,0.09094198793172836,0.7540000081062317,0.7537000179290771
YOR353C,YLR222C,0,-5.0003376,0.09093102067708969,0.7540000081062317,0.7537999749183655
YGL246C,YPL211W,0,-5.0004835,0.09092005342245102,0.7540000081062317,0.7538999915122986
YAR031W,YGR181W,0,-5.000747,0.09090909361839294,0.7540000081062317,0.7540000081062317
YEL019C,YCR020C,0,-5.0008764,0.09089813381433487,0.7540000081062317,0.7541000247001648
YLR167W,YFR029W,0,-5.001095,0.0908871740102768,0.7540000081062317,0.7541999816894531
YBR077C,YDL198C,0,-5.00218,0.09087622165679932,0.7540000081062317,0.7542999982833862
YBR077C,YNL192W,0,-5.0022483,0.09086526930332184,0.7540000081062317,0.7544000148773193
YMR235C,YJL219W,0,-5.0025387,0.09085431694984436,0.7540000081062317,0.7544999718666077
YGR281W,YDL076C,0,-5.0026093,0.09084337204694748,0.7540000081062317,0.7545999884605408
YPR075C,YDL065C,0,-5.0028744,0.0908324271440506,0.7540000081062317,0.7547000050544739
YOR194C,YHR081W,0,-5.0030828,0.09082148969173431,0.7540000081062317,0.754800021648407
YMR162C,YBR200W,0,-5.0032063,0.09081055223941803,0.7540000081062317,0.7548999786376953
YLR447C,YOR207C,0,-5.003315,0.09079961478710175,0.7540000081062317,0.7549999952316284
YPL125W,YKL205W,0,-5.0036144,0.09078868478536606,0.7540000081062317,0.7551000118255615
YBL051C,YNL219C,0,-5.003713,0.09077774733304977,0.7540000081062317,0.7552000284194946
YGR214W,YPR080W,0,-5.003961,0.09076682478189468,0.7540000081062317,0.755299985408783
YGL048C,YPL084W,0,-5.004042,0.090755894780159,0.7540000081062317,0.7554000020027161
YDR492W,YGR280C,0,-5.004252,0.0907449722290039,0.7540000081062317,0.7555000185966492
YGL247W,YKL062W,0,-5.0048437,0.09073405712842941,0.7540000081062317,0.7555999755859375
YGR014W,YHR150W,0,-5.005356,0.09072313457727432,0.7540000081062317,0.7556999921798706
YJL148W,YAL033W,0,-5.0054846,0.09071222692728043,0.7540000081062317,0.7558000087738037
YOL077W-A,YBR290W,1,-5.0058703,0.09082160145044327,0.7549999952316284,0.7558000087738037
YOL027C,YFL041W,1,-5.0059566,0.09093096107244492,0.7559999823570251,0.7558000087738037
YNL145W,YOR208W,0,-5.006022,0.09092002362012863,0.7559999823570251,0.7559000253677368
YLR222C,YDR485C,0,-5.00608,0.09090909361839294,0.7559999823570251,0.7559999823570251
YOL027C,YLL015W,1,-5.006262,0.09101839363574982,0.7570000290870667,0.7559999823570251
YBL023C,YPL028W,0,-5.0063877,0.09100745618343353,0.7570000290870667,0.7560999989509583
YMR311C,YGL048C,0,-5.0066223,0.09099651128053665,0.7570000290870667,0.7562000155448914
YLR363C,YBR172C,0,-5.0066366,0.09098557382822037,0.7570000290870667,0.7562999725341797
YER032W,YJR019C,0,-5.006922,0.09097464382648468,0.7570000290870667,0.7563999891281128
YKR090W,YDL143W,0,-5.0071144,0.09096371382474899,0.7570000290870667,0.7565000057220459
YNL084C,YFL033C,0,-5.0071654,0.0909527838230133,0.7570000290870667,0.756600022315979
YGL227W,YBR165W,0,-5.007201,0.09094185382127762,0.7570000290870667,0.7566999793052673
YNL221C,YPL011C,0,-5.007273,0.09093093127012253,0.7570000290870667,0.7567999958992004
YNL021W,YHR158C,0,-5.0073023,0.09092000871896744,0.7570000290870667,0.7569000124931335
YKL175W,YBR296C,1,-5.007344,0.09102918207645416,0.7580000162124634,0.7569000124931335
YGL174W,YJL001W,0,-5.007436,0.09101825207471848,0.7580000162124634,0.7570000290870667
YHR129C,YDR376W,0,-5.007627,0.09100732207298279,0.7580000162124634,0.757099986076355
YGR172C,YOR025W,0,-5.007706,0.0909963995218277,0.7580000162124634,0.7572000026702881
YNL173C,YGR188C,0,-5.0081215,0.09098547697067261,0.7580000162124634,0.7573000192642212
YLR376C,YCR033W,0,-5.008129,0.09097455441951752,0.7580000162124634,0.7573999762535095
YMR241W,YPR006C,0,-5.0082917,0.09096363931894302,0.7580000162124634,0.7574999928474426
YJR155W,YGL095C,0,-5.00869,0.09095272421836853,0.7580000162124634,0.7576000094413757
YBR173C,YGL078C,0,-5.0091963,0.09094180911779404,0.7580000162124634,0.7577000260353088
YOL158C,YDR298C,1,-5.009263,0.09105086326599121,0.7590000033378601,0.7577000260353088
YLL031C,YIR022W,0,-5.0093164,0.09103994071483612,0.7590000033378601,0.7577999830245972
YHR073W,YGR063C,0,-5.0096073,0.09102902561426163,0.7590000033378601,0.7578999996185303
YHR004C,YDR341C,0,-5.009856,0.09101811051368713,0.7590000033378601,0.7580000162124634
YDL164C,YOL113W,0,-5.0100374,0.09100719541311264,0.7590000033378601,0.7580999732017517
YMR153W,YOR002W,0,-5.010741,0.09099628031253815,0.7590000033378601,0.7581999897956848
YPL139C,YMR097C,0,-5.010786,0.09098537266254425,0.7590000033378601,0.7583000063896179
YPL078C,YBR295W,1,-5.010915,0.09109432995319366,0.7599999904632568,0.7583000063896179
YPL139C,YLL038C,0,-5.011034,0.09108341485261917,0.7599999904632568,0.758400022983551
YDR208W,YKL192C,0,-5.011199,0.09107249975204468,0.7599999904632568,0.7584999799728394
YAL007C,YNL222W,0,-5.01123,0.09106158465147018,0.7599999904632568,0.7585999965667725
YBL023C,YBR237W,0,-5.011429,0.09105067700147629,0.7599999904632568,0.7587000131607056
YHR163W,YJR156C,0,-5.0116086,0.09103976935148239,0.7599999904632568,0.7588000297546387
YGL158W,YGL066W,0,-5.012118,0.09102886915206909,0.7599999904632568,0.758899986743927
YLR026C,YBR131W,0,-5.0122175,0.0910179615020752,0.7599999904632568,0.7590000033378601
YJR125C,YJR069C,0,-5.012505,0.0910070613026619,0.7599999904632568,0.7591000199317932
YGL130W,YJL087C,0,-5.0125656,0.0909961685538292,0.7599999904632568,0.7591999769210815
YOR007C,YOR221C,0,-5.0131164,0.09098527580499649,0.7599999904632568,0.7592999935150146
YML074C,YDL150W,0,-5.0135593,0.09097438305616379,0.7599999904632568,0.7594000101089478
YOR212W,YDR443C,0,-5.0135827,0.09096349775791168,0.7599999904632568,0.7595000267028809
YKR001C,YPR199C,0,-5.013808,0.09095261245965958,0.7599999904632568,0.7595999836921692
YHR012W,YGR163W,0,-5.0139976,0.09094172716140747,0.7599999904632568,0.7597000002861023
YDL004W,YBR024W,1,-5.014372,0.09105049073696136,0.7609999775886536,0.7597000002861023
YNL253W,YKL017C,0,-5.015042,0.09103959798812866,0.7609999775886536,0.7598000168800354
YNL225C,YHR102W,0,-5.0153584,0.09102870523929596,0.7609999775886536,0.7598999738693237
YMR301C,YCL038C,0,-5.0153713,0.09101781994104385,0.7609999775886536,0.7599999904632568
YDL080C,YOR103C,0,-5.017029,0.09100693464279175,0.7609999775886536,0.7601000070571899
YKL040C,YNL074C,0,-5.017032,0.09099605679512024,0.7609999775886536,0.760200023651123
YNL153C,YKR029C,0,-5.0171638,0.09098517149686813,0.7609999775886536,0.7602999806404114
YOR160W,YLR023C,0,-5.0175686,0.09097430109977722,0.7609999775886536,0.7603999972343445
YGR047C,YKL046C,0,-5.017868,0.09096342325210571,0.7609999775886536,0.7605000138282776
YLR079W,YDL236W,0,-5.0180187,0.0909525528550148,0.7609999775886536,0.7605999708175659
YGL005C,YDR177W,0,-5.0187273,0.09094168245792389,0.7609999775886536,0.760699987411499
YGR048W,YML012W,0,-5.018816,0.09093081951141357,0.7609999775886536,0.7608000040054321
YKL053C-A,YLR144C,0,-5.0189314,0.09091994911432266,0.7609999775886536,0.7609000205993652
YDR412W,YKL166C,0,-5.0190115,0.09090909361839294,0.7609999775886536,0.7609999775886536
YGR171C,YDR211W,0,-5.0192914,0.09089823067188263,0.7609999775886536,0.7610999941825867
YKL029C,YOR361C,0,-5.0193954,0.09088737517595291,0.7609999775886536,0.7612000107765198
YHR102W,YOR113W,0,-5.0195184,0.0908765196800232,0.7609999775886536,0.7613000273704529
YER072W,YDR183W,0,-5.019598,0.09086567163467407,0.7609999775886536,0.7613999843597412
YCR082W,YNL103W,0,-5.0196495,0.09085482358932495,0.7609999775886536,0.7615000009536743
YDR398W,YOL016C,0,-5.0200753,0.09084397554397583,0.7609999775886536,0.7616000175476074
YDR208W,YGL245W,0,-5.0202446,0.0908331349492073,0.7609999775886536,0.7616999745368958
YDL116W,YDL143W,0,-5.020539,0.09082229435443878,0.7609999775886536,0.7617999911308289
YDR110W,YPR137W,0,-5.0206337,0.09081145375967026,0.7609999775886536,0.761900007724762
YDR448W,YDR183W,0,-5.020893,0.09080062061548233,0.7609999775886536,0.7620000243186951
YDR459C,YAL011W,0,-5.0209713,0.0907897874712944,0.7609999775886536,0.7620999813079834
YGL223C,YDR453C,0,-5.021633,0.09077895432710648,0.7609999775886536,0.7621999979019165
YML067C,YOR232W,0,-5.021737,0.09076812863349915,0.7609999775886536,0.7623000144958496
YKR101W,YAL051W,0,-5.021892,0.09075730293989182,0.7609999775886536,0.7623999714851379
YFL004W,YGL098W,0,-5.022064,0.09074648469686508,0.7609999775886536,0.762499988079071
YIR010W,YIR041W,0,-5.0221367,0.09073565900325775,0.7609999775886536,0.7626000046730042
YGL233W,YDR404C,0,-5.022267,0.09072484821081161,0.7609999775886536,0.7627000212669373
YOL091W,YKL079W,0,-5.0231333,0.09071402996778488,0.7609999775886536,0.7627999782562256
YJL073W,YJR112W,0,-5.0232496,0.09070321917533875,0.7609999775886536,0.7628999948501587
YLR212C,YNL094W,0,-5.023912,0.09069240838289261,0.7609999775886536,0.7630000114440918
YBR182C,YML091C,0,-5.024024,0.09068160504102707,0.7609999775886536,0.7631000280380249
YNR043W,YER027C,0,-5.02424,0.09067079424858093,0.7609999775886536,0.7631999850273132
YOR083W,YGL247W,0,-5.0242486,0.09065999835729599,0.7609999775886536,0.7633000016212463
YDR448W,YPL159C,0,-5.025165,0.09064919501543045,0.7609999775886536,0.7634000182151794
YDR419W,YMR037C,0,-5.025343,0.09063839912414551,0.7609999775886536,0.7634999752044678
YML055W,YDL108W,0,-5.025769,0.09062760323286057,0.7609999775886536,0.7635999917984009
YDR400W,YDR212W,0,-5.025813,0.09061681479215622,0.7609999775886536,0.763700008392334
YGL051W,YKL122C,0,-5.0259733,0.09060602635145187,0.7609999775886536,0.7638000249862671
YDR251W,YGL019W,0,-5.0260506,0.09059523791074753,0.7609999775886536,0.7638999819755554
YOR084W,YOL148C,0,-5.02705,0.09058445692062378,0.7609999775886536,0.7639999985694885
YGR097W,YDL092W,0,-5.0272455,0.09057367593050003,0.7609999775886536,0.7641000151634216
YLR459W,YDR369C,0,-5.0273476,0.09056289494037628,0.7609999775886536,0.76419997215271
YML126C,YBR237W,0,-5.0273685,0.09055212140083313,0.7609999775886536,0.7642999887466431
YNL148C,YGR188C,0,-5.027376,0.09054134786128998,0.7609999775886536,0.7644000053405762
YJL108C,YIL016W,0,-5.027817,0.09053057432174683,0.7609999775886536,0.7645000219345093
YLR138W,YJL011C,0,-5.028281,0.09051980823278427,0.7609999775886536,0.7645999789237976
YKL220C,YKL175W,1,-5.0286274,0.09062797576189041,0.7620000243186951,0.7645999789237976
YGR200C,YMR137C,0,-5.0286307,0.09061719477176666,0.7620000243186951,0.7646999955177307
YDR040C,YJL133W,1,-5.0287676,0.09072532504796982,0.7630000114440918,0.7646999955177307
YNL026W,YIL036W,0,-5.0288377,0.09071454405784607,0.7630000114440918,0.7648000121116638
YPR009W,YDL235C,0,-5.028964,0.09070375561714172,0.7630000114440918,0.7649000287055969
YKL064W,YIL023C,1,-5.02903,0.0908118411898613,0.7639999985694885,0.7649000287055969
YPR025C,YPR199C,0,-5.02921,0.09080104529857635,0.7639999985694885,0.7649999856948853
YPL119C,YDR153C,0,-5.0292635,0.09079025685787201,0.7639999985694885,0.7651000022888184
YDR361C,YMR201C,0,-5.029395,0.09077946841716766,0.7639999985694885,0.7652000188827515
YOL111C,YBR036C,0,-5.029593,0.09076867997646332,0.7639999985694885,0.7652999758720398
YBL090W,YOR232W,0,-5.0297146,0.09075789898633957,0.7639999985694885,0.7653999924659729
YFL009W,YNL169C,0,-5.029856,0.09074711799621582,0.7639999985694885,0.765500009059906
YBL041W,YGL174W,0,-5.0306997,0.09073634445667267,0.7639999985694885,0.7656000256538391
YBR257W,YPR161C,0,-5.030767,0.09072556346654892,0.7639999985694885,0.7656999826431274
YMR029C,YNL088W,0,-5.030964,0.09071479737758636,0.7639999985694885,0.7657999992370605
YNL244C,YMR283C,0,-5.031296,0.09070402383804321,0.7639999985694885,0.7659000158309937
YNL097C,YLR066W,0,-5.0314646,0.09069325774908066,0.7639999985694885,0.765999972820282
YDR484W,YMR219W,0,-5.0315657,0.0906824916601181,0.7639999985694885,0.7660999894142151
YDR363W,YER021W,0,-5.0322504,0.09067173302173615,0.7639999985694885,0.7662000060081482
YML109W,YPR036W,0,-5.0322843,0.09066097438335419,0.7639999985694885,0.7663000226020813
YBR006W,YGR248W,0,-5.032568,0.09065021574497223,0.7639999985694885,0.7663999795913696
YLR115W,YPL084W,0,-5.03258,0.09063945710659027,0.7639999985694885,0.7664999961853027
YDL174C,YOR002W,0,-5.0327625,0.09062870591878891,0.7639999985694885,0.7666000127792358
YBR253W,YPL208W,0,-5.0328894,0.09061795473098755,0.7639999985694885,0.766700029373169
YDR182W,YGR163W,0,-5.0330615,0.09060721099376678,0.7639999985694885,0.7667999863624573
YFL002C,YOR113W,0,-5.033305,0.09059646725654602,0.7639999985694885,0.7669000029563904
YHR205W,YML004C,0,-5.0333366,0.09058572351932526,0.7639999985694885,0.7670000195503235
YPR018W,YDR485C,0,-5.0334973,0.09057498723268509,0.7639999985694885,0.7670999765396118
YPL145C,YPR001W,0,-5.034252,0.09056425094604492,0.7639999985694885,0.7671999931335449
YLR340W,YKL020C,0,-5.034318,0.09055351465940475,0.7639999985694885,0.767300009727478
YOR347C,YNL275W,0,-5.034629,0.09054278582334518,0.7639999985694885,0.7674000263214111
YNL015W,YJR042W,0,-5.0347795,0.09053205698728561,0.7639999985694885,0.7674999833106995
YDL065C,YBR008C,0,-5.0354776,0.09052132815122604,0.7639999985694885,0.7675999999046326
YNL082W,YLR361C,0,-5.0358963,0.09051059931516647,0.7639999985694885,0.7677000164985657
YHR067W,YDR303C,0,-5.035989,0.0904998779296875,0.7639999985694885,0.767799973487854
YNL054W,YER173W,0,-5.036104,0.09048916399478912,0.7639999985694885,0.7678999900817871
YML126C,YNL293W,0,-5.0361834,0.09047844260931015,0.7639999985694885,0.7680000066757202
YDR461W,YMR241W,0,-5.03632,0.09046772867441177,0.7639999985694885,0.7681000232696533
YHR204W,YLR020C,0,-5.036578,0.090457022190094,0.7639999985694885,0.7681999802589417
YGL068W,YPR122W,0,-5.036708,0.09044631570577621,0.7639999985694885,0.7682999968528748
YDR418W,YOR284W,0,-5.036744,0.09043560922145844,0.7639999985694885,0.7684000134468079
YPL115C,YCR044C,0,-5.0369034,0.09042490273714066,0.7639999985694885,0.7684999704360962
YNL263C,YPL161C,0,-5.0370283,0.09041420370340347,0.7639999985694885,0.7685999870300293
YAL056W,YBL055C,0,-5.0370655,0.09040350466966629,0.7639999985694885,0.7687000036239624
YIL114C,YCR010C,1,-5.0371714,0.09051112085580826,0.7649999856948853,0.7687000036239624
YEL029C,YIL153W,0,-5.037275,0.09050041437149048,0.7649999856948853,0.7688000202178955
YGL038C,YDR518W,0,-5.0373616,0.0904897078871727,0.7649999856948853,0.7688999772071838
YBL051C,YBR223C,0,-5.037675,0.09047900885343552,0.7649999856948853,0.7689999938011169
YOR241W,YJL093C,0,-5.0380015,0.09046830981969833,0.7649999856948853,0.76910001039505
YPL098C,YPL129W,0,-5.038197,0.09045761078596115,0.7649999856948853,0.7692000269889832
YCR039C,YML126C,0,-5.0389276,0.09044691175222397,0.7649999856948853,0.7692999839782715
YJR089W,YLR285W,0,-5.0390377,0.09043622016906738,0.7649999856948853,0.7694000005722046
YPL268W,YCR082W,0,-5.039155,0.0904255285859108,0.7649999856948853,0.7695000171661377
YLL061W,YKR062W,0,-5.0392175,0.09041484445333481,0.7649999856948853,0.769599974155426
YOR191W,YGR135W,0,-5.039439,0.09040416032075882,0.7649999856948853,0.7696999907493591
YCR037C,YOR316C,1,-5.039567,0.09051164239645004,0.765999972820282,0.7696999907493591
YDR481C,YLL038C,0,-5.0396676,0.09050094336271286,0.765999972820282,0.7698000073432922
YKR063C,YHR001W-A,0,-5.039851,0.09049025177955627,0.765999972820282,0.7699000239372253
YBL019W,YPL084W,0,-5.0403757,0.09047956764698029,0.765999972820282,0.7699999809265137
YGR191W,YLL015W,1,-5.0407467,0.09058698266744614,0.7670000195503235,0.7699999809265137
YOR201C,YER167W,0,-5.0413113,0.09057628363370895,0.7670000195503235,0.7700999975204468
YFL050C,YMR243C,1,-5.041524,0.09068366885185242,0.7680000066757202,0.7700999975204468
YKL197C,YML055W,0,-5.0416102,0.09067296236753464,0.7680000066757202,0.7702000141143799
YKL095W,YGL187C,0,-5.0420165,0.09066225588321686,0.7680000066757202,0.7702999711036682
YNL001W,YDR427W,0,-5.0426245,0.09065155684947968,0.7680000066757202,0.7703999876976013
YPR107C,YGL014W,0,-5.0426865,0.09064085781574249,0.7680000066757202,0.7705000042915344
YPL048W,YPL032C,0,-5.0427237,0.09063016623258591,0.7680000066757202,0.7706000208854675
YOR233W,YML110C,0,-5.0428576,0.09061946719884872,0.7680000066757202,0.7706999778747559
YPL262W,YKL082C,0,-5.0428934,0.09060877561569214,0.7680000066757202,0.770799994468689
YHR183W,YBR095C,0,-5.0431676,0.09059809148311615,0.7680000066757202,0.7709000110626221
YDR425W,YOR129C,0,-5.0432873,0.09058739989995956,0.7680000066757202,0.7710000276565552
YIR006C,YOL100W,0,-5.043592,0.09057671576738358,0.7680000066757202,0.7710999846458435
YGR216C,YLR357W,0,-5.0439277,0.09056603908538818,0.7680000066757202,0.7712000012397766
YPR034W,YDR311W,0,-5.04399,0.09055536240339279,0.7680000066757202,0.7713000178337097
YPL177C,YML023C,0,-5.044013,0.0905446857213974,0.7680000066757202,0.771399974822998
YOR316C,YNL291C,1,-5.044059,0.09065189212560654,0.7689999938011169,0.771399974822998
YDL076C,YAL047C,0,-5.0440807,0.09064120799303055,0.7689999938011169,0.7714999914169312
YDL074C,YGL178W,0,-5.0442333,0.09063052386045456,0.7689999938011169,0.7716000080108643
YMR316W,YNL330C,0,-5.0446587,0.09061984717845917,0.7689999938011169,0.7717000246047974
YGR091W,YDR477W,0,-5.0460634,0.09060917049646378,0.7689999938011169,0.7717999815940857
YDR080W,YNL207W,0,-5.0460734,0.09059849381446838,0.7689999938011169,0.7718999981880188
YGL142C,YDR092W,0,-5.0466533,0.09058781713247299,0.7689999938011169,0.7720000147819519
YDR284C,YOL068C,0,-5.046814,0.0905771479010582,0.7689999938011169,0.7720999717712402
YLR370C,YAR008W,0,-5.04684,0.0905664786696434,0.7689999938011169,0.7721999883651733
YBR106W,YDR040C,1,-5.0471888,0.09067357331514359,0.7699999809265137,0.7721999883651733
YLR288C,YOR148C,0,-5.0473385,0.0906628966331482,0.7699999809265137,0.7723000049591064
YMR016C,YLR380W,0,-5.0473857,0.0906522274017334,0.7699999809265137,0.7724000215530396
YNL244C,YNL093W,0,-5.047854,0.090641550719738,0.7699999809265137,0.7724999785423279
YDR219C,YKL140W,0,-5.0484595,0.09063088148832321,0.7699999809265137,0.772599995136261
YHR062C,YNL186W,0,-5.0491724,0.09062021970748901,0.7699999809265137,0.7727000117301941
YIL167W,YCL035C,0,-5.0492373,0.09060955792665482,0.7699999809265137,0.7728000283241272
YOR243C,YHR188C,0,-5.0495696,0.09059889614582062,0.7699999809265137,0.7728999853134155
YEL030W,YIL016W,0,-5.0496016,0.09058823436498642,0.7699999809265137,0.7730000019073486
YLR262C,YER051W,0,-5.049785,0.09057758003473282,0.7699999809265137,0.7731000185012817
YIL062C,YDR353W,0,-5.050114,0.09056692570447922,0.7699999809265137,0.7731999754905701
YBL056W,YMR201C,0,-5.0507746,0.09055627137422562,0.7699999809265137,0.7732999920845032
YBR135W,YDR243C,0,-5.0508604,0.09054562449455261,0.7699999809265137,0.7734000086784363
YER145C,YHR050W,1,-5.05124,0.09065255522727966,0.7710000276565552,0.7734000086784363
YDL188C,YKL060C,0,-5.051679,0.09064190089702606,0.7710000276565552,0.7735000252723694
YMR247C,YHR041C,0,-5.051884,0.09063124656677246,0.7710000276565552,0.7735999822616577
YDL088C,YNR048W,0,-5.0519295,0.09062059223651886,0.7710000276565552,0.7736999988555908
YDR038C,YLR130C,1,-5.052239,0.09072746336460114,0.7720000147819519,0.7736999988555908
YFL029C,YJR059W,0,-5.05228,0.09071680158376694,0.7720000147819519,0.7738000154495239
YOL123W,YGR284C,0,-5.0529203,0.09070614725351334,0.7720000147819519,0.7738999724388123
YOL021C,YML034W,0,-5.05352,0.09069548547267914,0.7720000147819519,0.7739999890327454
YDR394W,YAL023C,0,-5.053627,0.09068483859300613,0.7720000147819519,0.7741000056266785
YJL133W,YFL041W,1,-5.053734,0.09079163521528244,0.7730000019073486,0.7741000056266785
YGL112C,YOL039W,0,-5.0538363,0.09078097343444824,0.7730000019073486,0.7742000222206116
YBR173C,YAR008W,0,-5.0540113,0.09077031165361404,0.7730000019073486,0.7742999792098999
YOR239W,YDR179C,0,-5.0540433,0.09075965732336044,0.7730000019073486,0.774399995803833
YJL026W,YIL065C,0,-5.0540657,0.09074900299310684,0.7730000019073486,0.7745000123977661
YNL048W,YLR005W,0,-5.054098,0.09073834866285324,0.7730000019073486,0.7746000289916992
YBR234C,YBR087W,0,-5.0545645,0.09072770178318024,0.7730000019073486,0.7746999859809875
YMR044W,YER167W,0,-5.054615,0.09071705490350723,0.7730000019073486,0.7748000025749207
YMR264W,YIL049W,0,-5.054887,0.09070640802383423,0.7730000019073486,0.7749000191688538
YLR376C,YOR361C,0,-5.0549927,0.09069576114416122,0.7730000019073486,0.7749999761581421
YMR267W,YGR200C,0,-5.0557103,0.09068512171506882,0.7730000019073486,0.7750999927520752
YER083C,YLR268W,0,-5.05609,0.090674489736557,0.7730000019073486,0.7752000093460083
YLR295C,YGR217W,1,-5.056299,0.09078113734722137,0.7739999890327454,0.7752000093460083
YDR394W,YGR227W,0,-5.056382,0.09077049046754837,0.7739999890327454,0.7753000259399414
YBR129C,YMR056C,0,-5.05641,0.09075985103845596,0.7739999890327454,0.7753999829292297
YML011C,YMR089C,0,-5.0568624,0.09074921160936356,0.7739999890327454,0.7754999995231628
YMR112C,YAL044C,0,-5.057266,0.09073857218027115,0.7739999890327454,0.775600016117096
YIL118W,YDL154W,0,-5.057437,0.09072793275117874,0.7739999890327454,0.7756999731063843
YNL082W,YLR051C,0,-5.0575056,0.09071730077266693,0.7739999890327454,0.7757999897003174
YJR144W,YDR463W,0,-5.057693,0.09070666879415512,0.7739999890327454,0.7759000062942505
YHR116W,YDR372C,0,-5.057781,0.09069603681564331,0.7739999890327454,0.7760000228881836
YMR267W,YDR489W,0,-5.0578847,0.0906854122877121,0.7739999890327454,0.7760999798774719
YNL304W,YJL106W,0,-5.058352,0.09067478775978088,0.7739999890327454,0.776199996471405
YGL025C,YDL087C,0,-5.058369,0.09066417068243027,0.7739999890327454,0.7763000130653381
YMR227C,YGR056W,0,-5.058445,0.09065354615449905,0.7739999890327454,0.7764000296592712
YDR281C,YIL016W,0,-5.058812,0.09064292907714844,0.7739999890327454,0.7764999866485596
YDR486C,YDR243C,0,-5.058819,0.09063231945037842,0.7739999890327454,0.7766000032424927
YGL011C,YIL008W,0,-5.0588293,0.0906217098236084,0.7739999890327454,0.7767000198364258
YPR110C,YIL002C,0,-5.0589542,0.09061110019683838,0.7739999890327454,0.7767999768257141
YIL120W,YBL105C,0,-5.058983,0.09060049057006836,0.7739999890327454,0.7768999934196472
YNL290W,YOL088C,0,-5.0594797,0.09058988839387894,0.7739999890327454,0.7770000100135803
YDR236C,YGR132C,0,-5.0597787,0.09057928621768951,0.7739999890327454,0.7771000266075134
YBR170C,YDR300C,0,-5.0601363,0.09056868404150009,0.7739999890327454,0.7771999835968018
YDL024C,YKR083C,0,-5.0601425,0.09055808931589127,0.7739999890327454,0.7773000001907349
YLL031C,YGR220C,0,-5.060251,0.09054749459028244,0.7739999890327454,0.777400016784668
YNL107W,YBL018C,0,-5.060486,0.09053690731525421,0.7739999890327454,0.7774999737739563
YER094C,YGL094C,0,-5.060562,0.09052631258964539,0.7739999890327454,0.7775999903678894
YDL106C,YDR418W,0,-5.061397,0.09051573276519775,0.7739999890327454,0.7777000069618225
YGL129C,YIL122W,0,-5.0617065,0.09050514549016953,0.7739999890327454,0.7778000235557556
YMR227C,YDL164C,0,-5.0618143,0.0904945656657219,0.7739999890327454,0.777899980545044
YER089C,YKL051W,0,-5.0618343,0.09048398584127426,0.7739999890327454,0.777999997138977
YJL134W,YOL016C,0,-5.0626516,0.09047340601682663,0.7739999890327454,0.7781000137329102
YCR026C,YMR161W,0,-5.062769,0.0904628336429596,0.7739999890327454,0.7781999707221985
YGR140W,YPL015C,0,-5.0629354,0.09045226126909256,0.7739999890327454,0.7782999873161316
YKR076W,YKL089W,0,-5.0632753,0.09044168889522552,0.7739999890327454,0.7784000039100647
YDR270W,YIL023C,1,-5.063283,0.09054796397686005,0.7749999761581421,0.7784000039100647
YOR299W,YLR350W,0,-5.0635605,0.09053738415241241,0.7749999761581421,0.7785000205039978
YOL112W,YLR242C,0,-5.063616,0.09052680432796478,0.7749999761581421,0.7785999774932861
YAL043C,YCR028C,0,-5.0639553,0.09051623195409775,0.7749999761581421,0.7786999940872192
YCR044C,YJL074C,0,-5.0649834,0.09050566703081131,0.7749999761581421,0.7788000106811523
YOL111C,YHR188C,0,-5.0651016,0.09049509465694427,0.7749999761581421,0.7789000272750854
YLL001W,YGL172W,0,-5.0651703,0.09048452973365784,0.7749999761581421,0.7789999842643738
YDL130W-A,YGR008C,1,-5.0657816,0.0905907079577446,0.7760000228881836,0.7789999842643738
YNR033W,YOR363C,0,-5.0662827,0.09058013558387756,0.7760000228881836,0.7791000008583069
YBR164C,YDL056W,0,-5.0664015,0.09056956321001053,0.7760000228881836,0.77920001745224
YGL191W,YGR227W,0,-5.0664134,0.0905589908361435,0.7760000228881836,0.7792999744415283
YLR260W,YKR038C,0,-5.066536,0.09054842591285706,0.7760000228881836,0.7793999910354614
YMR022W,YPL138C,0,-5.0669785,0.09053786098957062,0.7760000228881836,0.7795000076293945
YAL051W,YBR080C,0,-5.0671816,0.09052729606628418,0.7760000228881836,0.7796000242233276
YGR095C,YDL149W,0,-5.06745,0.09051673859357834,0.7760000228881836,0.779699981212616
YJL029C,YML094W,0,-5.0681,0.0905061811208725,0.7760000228881836,0.7797999978065491
YMR039C,YNL031C,0,-5.0682425,0.09049562364816666,0.7760000228881836,0.7799000144004822
YDL008W,YNL082W,0,-5.068285,0.09048507362604141,0.7760000228881836,0.7799999713897705
YAL032C,YCR106W,0,-5.0690804,0.09047452360391617,0.7760000228881836,0.7800999879837036
YBR288C,YNL093W,0,-5.0691757,0.09046398103237152,0.7760000228881836,0.7802000045776367
YGL106W,YER133W,0,-5.0692234,0.09045343101024628,0.7760000228881836,0.7803000211715698
YBR132C,YBL004W,0,-5.0694246,0.09044288843870163,0.7760000228881836,0.7803999781608582
YIL040W,YMR212C,0,-5.0694294,0.09043235331773758,0.7760000228881836,0.7804999947547913
YLR226W,YJL052W,0,-5.0696774,0.09042181074619293,0.7760000228881836,0.7806000113487244
YBR168W,YBR086C,0,-5.0698557,0.09041127562522888,0.7760000228881836,0.7807000279426575
YIL143C,YLR167W,0,-5.0700045,0.09040074795484543,0.7760000228881836,0.7807999849319458
YBR043C,YPR032W,0,-5.0703144,0.09039021283388138,0.7760000228881836,0.7809000015258789
YNL309W,YJR110W,0,-5.0703793,0.09037968516349792,0.7760000228881836,0.781000018119812
YPL262W,YHR206W,0,-5.070583,0.09036916494369507,0.7760000228881836,0.7810999751091003
YPL262W,YDL197C,0,-5.0711,0.09035863727331161,0.7760000228881836,0.7811999917030334
YLR182W,YHR102W,0,-5.0712776,0.09034811705350876,0.7760000228881836,0.7813000082969666
YJL053W,YJL087C,0,-5.0723233,0.0903376042842865,0.7760000228881836,0.7814000248908997
YDL145C,YBR280C,0,-5.0724344,0.09032708406448364,0.7760000228881836,0.781499981880188
YIL114C,YPR138C,1,-5.07336,0.09043296426534653,0.7770000100135803,0.781499981880188
YIL098C,YKL205W,0,-5.073406,0.09042243659496307,0.7770000100135803,0.7815999984741211
YBR004C,YJR068W,0,-5.073417,0.09041191637516022,0.7770000100135803,0.7817000150680542
YDL192W,YCR033W,0,-5.0735397,0.09040139615535736,0.7770000100135803,0.7817999720573425
YER019C-A,YBR223C,0,-5.073608,0.0903908759355545,0.7770000100135803,0.7818999886512756
YDR182W,YKL025C,0,-5.0736117,0.09038036316633224,0.7770000100135803,0.7820000052452087
YPL011C,YHR001W-A,0,-5.074788,0.09036985039710999,0.7770000100135803,0.7821000218391418
YDR086C,YDR341C,0,-5.074809,0.09035934507846832,0.7770000100135803,0.7821999788284302
YDL005C,YJL167W,0,-5.074997,0.09034883975982666,0.7770000100135803,0.7822999954223633
YMR232W,YER021W,0,-5.075239,0.090338334441185,0.7770000100135803,0.7824000120162964
YGR200C,YPR165W,0,-5.0753345,0.09032782912254333,0.7770000100135803,0.7825000286102295
YEL037C,YER024W,0,-5.0760098,0.09031733125448227,0.7770000100135803,0.7825999855995178
YBR296C,YJL094C,1,-5.076083,0.09042306244373322,0.777999997138977,0.7825999855995178
YFR027W,YCR038C,0,-5.076213,0.09041254967451096,0.777999997138977,0.7827000021934509
YNL059C,YDR372C,0,-5.0764003,0.0904020443558693,0.777999997138977,0.782800018787384
YGL206C,YML074C,0,-5.0766997,0.09039153903722763,0.777999997138977,0.7828999757766724
YGR046W,YNL021W,0,-5.0768247,0.09038104116916656,0.777999997138977,0.7829999923706055
YIL026C,YOR332W,0,-5.076844,0.0903705433011055,0.777999997138977,0.7831000089645386
YBL034C,YKL079W,0,-5.0770254,0.09036004543304443,0.777999997138977,0.7832000255584717
YIR011C,YOL088C,0,-5.0772305,0.09034955501556396,0.777999997138977,0.78329998254776
YPL002C,YJL112W,0,-5.077425,0.0903390645980835,0.777999997138977,0.7833999991416931
YOR334W,YCR098C,1,-5.0774574,0.09044467657804489,0.7789999842643738,0.7833999991416931
YOL033W,YMR016C,0,-5.077825,0.09043417870998383,0.7789999842643738,0.7835000157356262
YGL223C,YDR058C,0,-5.0778894,0.09042368084192276,0.7789999842643738,0.7835999727249146
YGL004C,YMR021C,0,-5.0778923,0.0904131829738617,0.7789999842643738,0.7836999893188477
YBR169C,YKR085C,0,-5.078031,0.09040269255638123,0.7789999842643738,0.7838000059127808
YOR020C,YPR021C,0,-5.078164,0.09039220213890076,0.7789999842643738,0.7839000225067139
YDR328C,YHR098C,0,-5.0788827,0.09038171172142029,0.7789999842643738,0.7839999794960022
YKR072C,YBR254C,0,-5.079131,0.09037122875452042,0.7789999842643738,0.7840999960899353
YGR090W,YPR033C,0,-5.079202,0.09036074578762054,0.7789999842643738,0.7842000126838684
YML058W,YFL048C,0,-5.079477,0.09035027027130127,0.7789999842643738,0.7843000292778015
YLR424W,YIR015W,0,-5.0794983,0.0903397873044014,0.7789999842643738,0.7843999862670898
YLR092W,YNL291C,1,-5.0796027,0.09044527262449265,0.7799999713897705,0.7843999862670898
YDL083C,YLR006C,0,-5.080143,0.09043478220701218,0.7799999713897705,0.784500002861023
YML021C,YOL113W,0,-5.080245,0.0904242992401123,0.7799999713897705,0.784600019454956
YNL291C,YNR013C,1,-5.081246,0.09052973240613937,0.781000018119812,0.784600019454956
YOR191W,YOR008C,0,-5.0815783,0.0905192419886589,0.781000018119812,0.7846999764442444
YLL009C,YNL055C,1,-5.082432,0.09062463790178299,0.7820000052452087,0.7846999764442444
YLR033W,YER001W,0,-5.0824428,0.09061414003372192,0.7820000052452087,0.7847999930381775
YGR009C,YPL152W,0,-5.0826445,0.09060363471508026,0.7820000052452087,0.7849000096321106
YNL262W,YKR007W,0,-5.0831013,0.09059314429759979,0.7820000052452087,0.7850000262260437
YNL206C,YGR112W,0,-5.0831423,0.09058264642953873,0.7820000052452087,0.785099983215332
YOR354C,YBL007C,0,-5.083353,0.09057215601205826,0.7820000052452087,0.7851999998092651
YJL140W,YML091C,0,-5.08336,0.09056166559457779,0.7820000052452087,0.7853000164031982
YOR307C,YBR256C,0,-5.084111,0.09055118262767792,0.7820000052452087,0.7853999733924866
YCR018C,YKR055W,0,-5.084134,0.09054069966077805,0.7820000052452087,0.7854999899864197
YML081C-A,YLR130C,1,-5.0842266,0.09064598381519318,0.7829999923706055,0.7854999899864197
YHR024C,YML074C,0,-5.0843015,0.09063549339771271,0.7829999923706055,0.7856000065803528
YOL027C,YBR024W,1,-5.084436,0.09074074029922485,0.7839999794960022,0.7856000065803528
YGL144C,YDR272W,0,-5.0844374,0.09073024243116379,0.7839999794960022,0.7857000231742859
YPL078C,YJR077C,1,-5.084547,0.09083545207977295,0.7850000262260437,0.7857000231742859
YOL021C,YOR075W,0,-5.084696,0.09082494676113129,0.7850000262260437,0.7857999801635742
YOR257W,YNL097C,0,-5.0850773,0.09081444144248962,0.7850000262260437,0.7858999967575073
YBR272C,YBL034C,0,-5.085467,0.09080393612384796,0.7850000262260437,0.7860000133514404
YKL148C,YFL048C,0,-5.0855484,0.0907934308052063,0.7850000262260437,0.7860999703407288
YLL006W,YOR080W,0,-5.0856166,0.09078293293714523,0.7850000262260437,0.7861999869346619
YNL221C,YBR070C,0,-5.0857534,0.09077243506908417,0.7850000262260437,0.786300003528595
YLL013C,YLR095C,0,-5.0860057,0.0907619372010231,0.7850000262260437,0.7864000201225281
YIL112W,YER007W,0,-5.0861917,0.09075144678354263,0.7850000262260437,0.7864999771118164
YPR200C,YAL021C,0,-5.086646,0.09074095636606216,0.7850000262260437,0.7865999937057495
YDR170C,YHL034C,0,-5.0866756,0.0907304659485817,0.7850000262260437,0.7867000102996826
YOL021C,YDR324C,0,-5.0868354,0.09071998298168182,0.7850000262260437,0.7868000268936157
YLR354C,YDR427W,0,-5.087256,0.09070950001478195,0.7850000262260437,0.786899983882904
YDL106C,YLR051C,0,-5.087698,0.09069901704788208,0.7850000262260437,0.7870000004768372
YER143W,YGR211W,0,-5.0879436,0.0906885415315628,0.7850000262260437,0.7871000170707703
YOL123W,YLR229C,0,-5.0881267,0.09067806601524353,0.7850000262260437,0.7871999740600586
YPR141C,YGR262C,0,-5.08813,0.09066759049892426,0.7850000262260437,0.7872999906539917
YAL030W,YDR450W,0,-5.088434,0.09065712243318558,0.7850000262260437,0.7874000072479248
YIR017C,YHR085W,0,-5.0884404,0.0906466543674469,0.7850000262260437,0.7875000238418579
YOR078W,YGR030C,0,-5.0889893,0.09063618630170822,0.7850000262260437,0.7875999808311462
YMR022W,YOL144W,0,-5.089568,0.09062571823596954,0.7850000262260437,0.7876999974250793
YKR038C,YNL261W,0,-5.0900216,0.09061525762081146,0.7850000262260437,0.7878000140190125
YGL245W,YGR225W,0,-5.0900397,0.09060480445623398,0.7850000262260437,0.7878999710083008
YOR057W,YER018C,0,-5.0912294,0.0905943438410759,0.7850000262260437,0.7879999876022339
YAL042W,YMR293C,0,-5.091238,0.09058389067649841,0.7850000262260437,0.788100004196167
YDR092W,YIR023W,0,-5.0916443,0.09057343751192093,0.7850000262260437,0.7882000207901001
YDR322C-A,YGL255W,1,-5.091696,0.09067835658788681,0.7860000133514404,0.7882000207901001
YMR012W,YDL079C,0,-5.0917683,0.09066789597272873,0.7860000133514404,0.7882999777793884
YMR247C,YGR216C,0,-5.0919323,0.09065744280815125,0.7860000133514404,0.7883999943733215
YFL048C,YDR126W,0,-5.0921135,0.09064698219299316,0.7860000133514404,0.7885000109672546
YLR292C,YBR265W,0,-5.092181,0.09063652902841568,0.7860000133514404,0.7886000275611877
YOR241W,YBR091C,0,-5.0922523,0.09062608331441879,0.7860000133514404,0.7886999845504761
YIL114C,YOR316C,1,-5.0928307,0.09073092043399811,0.7870000004768372,0.7886999845504761
YGR014W,YER127W,0,-5.0929728,0.09072045981884003,0.7870000004768372,0.7888000011444092
YDL216C,YOR079C,0,-5.0934005,0.09071000665426254,0.7870000004768372,0.7889000177383423
YOL031C,YOL146W,0,-5.0936966,0.09069955348968506,0.7870000004768372,0.7889999747276306
YJL002C,YOR299W,0,-5.0937414,0.09068910032510757,0.7870000004768372,0.7890999913215637
YOR115C,YHR070W,0,-5.0937505,0.09067864716053009,0.7870000004768372,0.7892000079154968
YFL034C-B,YER112W,0,-5.093767,0.0906682014465332,0.7870000004768372,0.7893000245094299
YDL197C,YDL130W,0,-5.0944147,0.09065775573253632,0.7870000004768372,0.7893999814987183
YPL051W,YML036W,0,-5.094553,0.09064731746912003,0.7870000004768372,0.7894999980926514
YJR002W,YOL146W,0,-5.0945787,0.09063687920570374,0.7870000004768372,0.7896000146865845
YOL009C,YCL010C,0,-5.094672,0.09062644094228745,0.7870000004768372,0.7896999716758728
YJL072C,YKL051W,0,-5.094681,0.09061600267887115,0.7870000004768372,0.7897999882698059
YMR250W,YJL141C,0,-5.09494,0.09060557186603546,0.7870000004768372,0.789900004863739
YLL009C,YNL291C,1,-5.09539,0.09071025997400284,0.7879999876022339,0.789900004863739
YER065C,YJR050W,0,-5.0955777,0.09069981426000595,0.7879999876022339,0.7900000214576721
YDR486C,YGL005C,0,-5.095578,0.09068937599658966,0.7879999876022339,0.7900999784469604
YFL022C,YER177W,0,-5.095729,0.09067893773317337,0.7879999876022339,0.7901999950408936
YAR002C-A,YGL073W,0,-5.095731,0.09066850692033768,0.7879999876022339,0.7903000116348267
YLR340W,YGL097W,0,-5.0958195,0.09065807610750198,0.7879999876022339,0.7904000282287598
YCR020C-A,YDR513W,0,-5.096168,0.09064764529466629,0.7879999876022339,0.7904999852180481
YER145C,YKL175W,1,-5.096373,0.0907522439956665,0.7889999747276306,0.7904999852180481
YAL043C,YOR153W,0,-5.0964646,0.09074180573225021,0.7889999747276306,0.7906000018119812
YDR265W,YDR378C,0,-5.097139,0.09073136746883392,0.7889999747276306,0.7907000184059143
YBL090W,YBR049C,0,-5.097282,0.09072093665599823,0.7889999747276306,0.7907999753952026
YPR008W,YOL004W,0,-5.097518,0.09071050584316254,0.7889999747276306,0.7908999919891357
YMR054W,YLR186W,0,-5.0975256,0.09070008248090744,0.7889999747276306,0.7910000085830688
YEL037C,YGL098W,0,-5.09758,0.09068965166807175,0.7889999747276306,0.791100025177002
YOR037W,YEL030W,0,-5.0975857,0.09067923575639725,0.7889999747276306,0.7911999821662903
YPL177C,YNL038W,0,-5.0975876,0.09066881239414215,0.7889999747276306,0.7912999987602234
YHR163W,YEL060C,0,-5.0975885,0.09065839648246765,0.7889999747276306,0.7914000153541565
YCR082W,YPL208W,0,-5.0976996,0.09064798057079315,0.7889999747276306,0.7914999723434448
YNL197C,YNL219C,0,-5.0981336,0.09063756465911865,0.7889999747276306,0.7915999889373779
YFR021W,YBR199W,0,-5.0981636,0.09062715619802475,0.7889999747276306,0.791700005531311
YHR135C,YER164W,0,-5.0996447,0.09061674773693085,0.7889999747276306,0.7918000221252441
YDR159W,YOL149W,0,-5.099723,0.09060633927583694,0.7889999747276306,0.7918999791145325
YLR088W,YOR187W,0,-5.099979,0.09059593826532364,0.7889999747276306,0.7919999957084656
YPL031C,YDL154W,0,-5.099992,0.09058553725481033,0.7889999747276306,0.7921000123023987
YHR004C,YPL053C,0,-5.100072,0.09057513624429703,0.7889999747276306,0.7922000288963318
YOR160W,YMR044W,0,-5.1002245,0.09056473523378372,0.7889999747276306,0.7922999858856201
YDR075W,YJR002W,0,-5.100351,0.09055434167385101,0.7889999747276306,0.7924000024795532
YNL016W,YER116C,0,-5.100517,0.0905439555644989,0.7889999747276306,0.7925000190734863
YGL252C,YCR082W,0,-5.1006565,0.09053356200456619,0.7889999747276306,0.7925999760627747
YPR033C,YKR048C,0,-5.100822,0.09052317589521408,0.7889999747276306,0.7926999926567078
YMR142C,YPR103W,0,-5.100984,0.09051278978586197,0.7889999747276306,0.7928000092506409
YCR031C,YDL090C,0,-5.1010437,0.09050241112709045,0.7889999747276306,0.792900025844574
YJR045C,YGR005C,0,-5.101054,0.09049203246831894,0.7889999747276306,0.7929999828338623
YLR350W,YDR121W,0,-5.101219,0.09048165380954742,0.7889999747276306,0.7930999994277954
YBR039W,YNL291C,1,-5.1013155,0.09058593958616257,0.7900000214576721,0.7930999994277954
YPL106C,YMR182C,0,-5.101617,0.09057555347681046,0.7900000214576721,0.7932000160217285
YLR078C,YPR083W,0,-5.101802,0.09056517481803894,0.7900000214576721,0.7932999730110168
YPL128C,YDR459C,0,-5.1021714,0.09055478870868683,0.7900000214576721,0.79339998960495
YDR078C,YBL040C,0,-5.102229,0.09054441004991531,0.7900000214576721,0.7935000061988831
YCL011C,YOR003W,0,-5.1023054,0.0905340388417244,0.7900000214576721,0.7936000227928162
YFR031C,YCL040W,0,-5.102804,0.09052366018295288,0.7900000214576721,0.7936999797821045
YCL035C,YPR125W,0,-5.103333,0.09051328897476196,0.7900000214576721,0.7937999963760376
YHR163W,YDR059C,0,-5.103778,0.09050291776657104,0.7900000214576721,0.7939000129699707
YDL079C,YGL075C,0,-5.1039567,0.09049255400896072,0.7900000214576721,0.7940000295639038
YCR077C,YML036W,0,-5.104036,0.0904821902513504,0.7900000214576721,0.7940999865531921
YHR042W,YDL201W,0,-5.1041794,0.09047182649374008,0.7900000214576721,0.7942000031471252
YKL032C,YDR489W,0,-5.1045437,0.09046147018671036,0.7900000214576721,0.7943000197410583
YER159C,YDL120W,0,-5.1051064,0.09045111387968063,0.7900000214576721,0.7943999767303467
YNL121C,YGL173C,0,-5.105322,0.09044075757265091,0.7900000214576721,0.7944999933242798
YOR033C,YHR038W,0,-5.105831,0.09043040126562119,0.7900000214576721,0.7946000099182129
YNR001C,YDL212W,0,-5.106288,0.09042005240917206,0.7900000214576721,0.794700026512146
YHR082C,YBL056W,0,-5.1063514,0.09040970355272293,0.7900000214576721,0.7947999835014343
YGR083C,YOL126C,0,-5.106654,0.0903993621468544,0.7900000214576721,0.7949000000953674
YKR085C,YJL014W,0,-5.106919,0.09038901329040527,0.7900000214576721,0.7950000166893005
YNR027W,YOL126C,0,-5.1072145,0.09037867188453674,0.7900000214576721,0.7950999736785889
YDR346C,YMR235C,0,-5.1081686,0.09036833792924881,0.7900000214576721,0.795199990272522
YNL091W,YGL219C,0,-5.10824,0.09035800397396088,0.7900000214576721,0.7953000068664551
YOL156W,YPL083C,0,-5.108323,0.09034767001867294,0.7900000214576721,0.7954000234603882
YDL170W,YKL134C,0,-5.1084075,0.09033733606338501,0.7900000214576721,0.7954999804496765
YDL079C,YKL154W,0,-5.1091037,0.09032700955867767,0.7900000214576721,0.7955999970436096
YPR105C,YMR188C,0,-5.1093845,0.09031668305397034,0.7900000214576721,0.7957000136375427
YIL120W,YKL143W,0,-5.1094713,0.090306356549263,0.7900000214576721,0.795799970626831
YGR278W,YDR309C,0,-5.1095486,0.09029603749513626,0.7900000214576721,0.7958999872207642
YBR106W,YKR052C,1,-5.1096745,0.09040000289678574,0.7910000085830688,0.7958999872207642
YNL149C,YDL115C,0,-5.1096992,0.0903896689414978,0.7910000085830688,0.7960000038146973
YNL275W,YMR232W,0,-5.110061,0.09037934243679047,0.7910000085830688,0.7961000204086304
YGR181W,YGR156W,0,-5.110363,0.09036901593208313,0.7910000085830688,0.7961999773979187
YJL179W,YDL007W,0,-5.1107025,0.09035869687795639,0.7910000085830688,0.7962999939918518
YIL098C,YDR164C,0,-5.1107674,0.09034837037324905,0.7910000085830688,0.7964000105857849
YIL132C,YKL160W,0,-5.110943,0.09033805131912231,0.7910000085830688,0.796500027179718
YPL258C,YBR154C,0,-5.111462,0.09032773971557617,0.7910000085830688,0.7965999841690063
YDR207C,YML029W,0,-5.11173,0.09031742066144943,0.7910000085830688,0.7967000007629395
YKR052C,YIL114C,1,-5.111808,0.09042128175497055,0.7919999957084656,0.7967000007629395
YOL147C,YNL038W,0,-5.112081,0.09041095525026321,0.7919999957084656,0.7968000173568726
YDL015C,YHR001W-A,0,-5.112529,0.09040063619613647,0.7919999957084656,0.7968999743461609
YDR224C,YDL031W,0,-5.1127014,0.09039032459259033,0.7919999957084656,0.796999990940094
YGL227W,YEL060C,0,-5.112852,0.09038000553846359,0.7919999957084656,0.7971000075340271
YCR086W,YMR088C,0,-5.112862,0.09036969393491745,0.7919999957084656,0.7972000241279602
YGR278W,YGR145W,0,-5.1130934,0.09035938233137131,0.7919999957084656,0.7972999811172485
YGL011C,YKR028W,0,-5.113288,0.09034907817840576,0.7919999957084656,0.7973999977111816
YOL023W,YLR398C,0,-5.1136456,0.09033877402544022,0.7919999957084656,0.7975000143051147
YBR290W,YJL094C,1,-5.113713,0.09044251590967178,0.7929999828338623,0.7975000143051147
YLR079W,YGR075C,0,-5.113739,0.09043220430612564,0.7929999828338623,0.7975999712944031
YFR048W,YLR357W,0,-5.1140056,0.0904218927025795,0.7929999828338623,0.7976999878883362
YGR276C,YCL063W,0,-5.114185,0.09041158109903336,0.7929999828338623,0.7978000044822693
YBR020W,YNL009W,0,-5.1142025,0.09040127694606781,0.7929999828338623,0.7979000210762024
YCL039W,YDR045C,0,-5.1144495,0.09039097279310226,0.7929999828338623,0.7979999780654907
YFL050C,YHR050W,1,-5.1146345,0.09049464017152786,0.7940000295639038,0.7979999780654907
YFR048W,YER143W,0,-5.114904,0.09048432856798172,0.7940000295639038,0.7980999946594238
YBR073W,YKL046C,0,-5.1152234,0.09047401696443558,0.7940000295639038,0.7982000112533569
YNL084C,YLR141W,0,-5.115255,0.09046371281147003,0.7940000295639038,0.79830002784729
YML058W,YKL130C,0,-5.1153946,0.09045340865850449,0.7940000295639038,0.7983999848365784
YLR115W,YDL047W,0,-5.1155953,0.09044310450553894,0.7940000295639038,0.7985000014305115
YEL062W,YCL004W,0,-5.1159983,0.0904328003525734,0.7940000295639038,0.7986000180244446
YOR241W,YML004C,0,-5.1165047,0.09042250365018845,0.7940000295639038,0.7986999750137329
YOL088C,YOR001W,0,-5.118137,0.0904122069478035,0.7940000295639038,0.798799991607666
YMR188C,YLR170C,0,-5.11815,0.09040191024541855,0.7940000295639038,0.7989000082015991
YMR083W,YNL118C,0,-5.1181707,0.0903916209936142,0.7940000295639038,0.7990000247955322
YGL084C,YNL138W,0,-5.1183805,0.09038133174180984,0.7940000295639038,0.7990999817848206
YKR014C,YDL108W,0,-5.1191344,0.0903710424900055,0.7940000295639038,0.7991999983787537
YCR067C,YPL112C,0,-5.1194377,0.09036076068878174,0.7940000295639038,0.7993000149726868
YDL002C,YIL068C,0,-5.1199694,0.09035047888755798,0.7940000295639038,0.7993999719619751
YPL267W,YBR179C,0,-5.1203,0.09034019708633423,0.7940000295639038,0.7994999885559082
YOL009C,YIL022W,0,-5.120511,0.09032992273569107,0.7940000295639038,0.7996000051498413
YOR332W,YIL105C,0,-5.120777,0.09031964838504791,0.7940000295639038,0.7997000217437744
YKL064W,YGR257C,1,-5.1208444,0.0904231145977974,0.7950000166893005,0.7997000217437744
YIL125W,YIL139C,0,-5.120946,0.09041282534599304,0.7950000166893005,0.7997999787330627
YPR007C,YER003C,0,-5.1212416,0.09040254354476929,0.7950000166893005,0.7998999953269958
YNL106C,YLL024C,0,-5.12133,0.09039226919412613,0.7950000166893005,0.800000011920929
YGR262C,YKL139W,0,-5.1214094,0.09038199484348297,0.7950000166893005,0.8001000285148621
YOL034W,YER147C,0,-5.121482,0.09037172049283981,0.7950000166893005,0.8001999855041504
YMR022W,YML062C,0,-5.1217012,0.09036144614219666,0.7950000166893005,0.8003000020980835
YJL209W,YHR043C,0,-5.121717,0.0903511792421341,0.7950000166893005,0.8004000186920166
YFL009W,YLR109W,0,-5.1217694,0.09034091234207153,0.7950000166893005,0.8004999756813049
YOR036W,YPL135W,0,-5.1218157,0.09033064544200897,0.7950000166893005,0.800599992275238
YMR125W,YKL130C,0,-5.121863,0.09032037854194641,0.7950000166893005,0.8007000088691711
YGL127C,YER007W,0,-5.1219597,0.09031011909246445,0.7950000166893005,0.8008000254631042
YOR129C,YOR080W,0,-5.1222878,0.09029986709356308,0.7950000166893005,0.8008999824523926
YML105C,YDR164C,0,-5.1227326,0.09028960764408112,0.7950000166893005,0.8009999990463257
YAL054C,YBR175W,0,-5.1227913,0.09027935564517975,0.7950000166893005,0.8011000156402588
YGR048W,YOR110W,0,-5.1228533,0.09026910364627838,0.7950000166893005,0.8011999726295471
YOR003W,YDR477W,0,-5.1236,0.09025885909795761,0.7950000166893005,0.8012999892234802
YNL256W,YML113W,0,-5.1237216,0.09024860709905624,0.7950000166893005,0.8014000058174133
YMR054W,YBR153W,0,-5.1239495,0.09023836255073547,0.7950000166893005,0.8015000224113464
YDR228C,YNL201C,0,-5.124263,0.0902281254529953,0.7950000166893005,0.8015999794006348
YCL063W,YKL140W,0,-5.124271,0.09021788835525513,0.7950000166893005,0.8016999959945679
YDR419W,YNL207W,0,-5.1243024,0.09020765125751495,0.7950000166893005,0.801800012588501
YOR115C,YOR179C,0,-5.124494,0.09019741415977478,0.7950000166893005,0.8019000291824341
YML016C,YAL051W,0,-5.1246653,0.0901871845126152,0.7950000166893005,0.8019999861717224
YAL002W,YMR137C,0,-5.1250286,0.09017694741487503,0.7950000166893005,0.8021000027656555
YGR214W,YDR129C,0,-5.125255,0.09016672521829605,0.7950000166893005,0.8022000193595886
YNR026C,YIR015W,0,-5.1252866,0.09015649557113647,0.7950000166893005,0.802299976348877
YJR022W,YPL167C,0,-5.125494,0.0901462733745575,0.7950000166893005,0.8023999929428101
YOR120W,YDR418W,0,-5.125598,0.09013605117797852,0.7950000166893005,0.8025000095367432
YOR087W,YKL049C,0,-5.125603,0.09012583643198013,0.7950000166893005,0.8026000261306763
YDR422C,YPL228W,0,-5.125676,0.09011562168598175,0.7950000166893005,0.8026999831199646
YLR048W,YOR100C,0,-5.126106,0.09010540693998337,0.7950000166893005,0.8027999997138977
YDL043C,YML013W,0,-5.126614,0.09009519219398499,0.7950000166893005,0.8029000163078308
YJL198W,YLR130C,1,-5.126627,0.09019830077886581,0.7960000038146973,0.8029000163078308
YDR412W,YOR109W,0,-5.1266603,0.09018807858228683,0.7960000038146973,0.8029999732971191
YBR109C,YDR092W,0,-5.1267176,0.09017786383628845,0.7960000038146973,0.8030999898910522
YML094W,YNL325C,0,-5.1268997,0.09016764909029007,0.7960000038146973,0.8032000064849854
YMR075W,YBR010W,0,-5.12696,0.09015743434429169,0.7960000038146973,0.8033000230789185
YBR210W,YOR162C,0,-5.127143,0.0901472270488739,0.7960000038146973,0.8033999800682068
YDR498C,YKL051W,0,-5.1275153,0.09013701975345612,0.7960000038146973,0.8034999966621399
YDL197C,YNR047W,0,-5.1275826,0.09012681245803833,0.7960000038146973,0.803600013256073
YDR320C,YHR183W,0,-5.1281204,0.09011660516262054,0.7960000038146973,0.8036999702453613
YPR049C,YDR069C,0,-5.1281967,0.09010640531778336,0.7960000038146973,0.8037999868392944
YCR024C-A,YEL027W,1,-5.1282587,0.09020939469337463,0.796999990940094,0.8037999868392944
YDL051W,YBR265W,0,-5.128272,0.09019918739795685,0.796999990940094,0.8039000034332275
YOR180C,YDL153C,0,-5.128878,0.09018898010253906,0.796999990940094,0.8040000200271606
YHR161C,YDL120W,0,-5.129058,0.09017877280712128,0.796999990940094,0.804099977016449
YOL027C,YPR067W,1,-5.129307,0.09028170257806778,0.7979999780654907,0.804099977016449
YEL003W,YLL038C,0,-5.129566,0.09027149528265,0.7979999780654907,0.8041999936103821
YPL218W,YOR260W,0,-5.129687,0.09026128053665161,0.7979999780654907,0.8043000102043152
YBL064C,YPR161C,0,-5.1300507,0.09025107324123383,0.7979999780654907,0.8044000267982483
YLR259C,YDR176W,0,-5.130948,0.09024086594581604,0.7979999780654907,0.8044999837875366
YHR118C,YHR001W-A,0,-5.1315966,0.09023066610097885,0.7979999780654907,0.8046000003814697
YNL253W,YJR112W,0,-5.131709,0.09022046625614166,0.7979999780654907,0.8047000169754028
YPR070W,YHR060W,0,-5.1319113,0.09021026641130447,0.7979999780654907,0.8047999739646912
YPR103W,YNL290W,0,-5.1320715,0.09020006656646729,0.7979999780654907,0.8048999905586243
YDR359C,YPL032C,0,-5.1323466,0.0901898741722107,0.7979999780654907,0.8050000071525574
YDR400W,YGR231C,0,-5.133054,0.0901796817779541,0.7979999780654907,0.8051000237464905
YPR025C,YIL016W,0,-5.1331506,0.09016948938369751,0.7979999780654907,0.8051999807357788
YBR121C,YCR028C,0,-5.1340504,0.09015930444002151,0.7979999780654907,0.8052999973297119
YLR176C,YNR035C,0,-5.134237,0.09014911949634552,0.7979999780654907,0.805400013923645
YFR041C,YAL020C,0,-5.134346,0.09013893455266953,0.7979999780654907,0.8054999709129333
YCL024W,YOR335C,0,-5.1343584,0.09012875705957413,0.7979999780654907,0.8055999875068665
YLR105C,YBR223C,0,-5.134595,0.09011857956647873,0.7979999780654907,0.8057000041007996
YNL053W,YOR028C,0,-5.1346607,0.09010840207338333,0.7979999780654907,0.8058000206947327
YDL047W,YNR027W,0,-5.1348424,0.09009822458028793,0.7979999780654907,0.805899977684021
YNL311C,YLR165C,0,-5.1360035,0.09008805453777313,0.7979999780654907,0.8059999942779541
YDR160W,YOR136W,0,-5.136065,0.09007788449525833,0.7979999780654907,0.8061000108718872
YIL023C,YDL128W,1,-5.1362653,0.09018058329820633,0.7990000247955322,0.8061000108718872
YMR035W,YER155C,0,-5.13639,0.09017041325569153,0.7990000247955322,0.8062000274658203
YLR429W,YLR268W,0,-5.136529,0.09016023576259613,0.7990000247955322,0.8062999844551086
YGR238C,YLR165C,0,-5.1366854,0.09015006572008133,0.7990000247955322,0.8064000010490417
YGL243W,YDR334W,0,-5.137274,0.09013988822698593,0.7990000247955322,0.8065000176429749
YGR085C,YLR060W,0,-5.1375494,0.09012972563505173,0.7990000247955322,0.8065999746322632
YPL237W,YOR206W,0,-5.1375766,0.09011955559253693,0.7990000247955322,0.8066999912261963
YPR030W,YDR069C,0,-5.137911,0.09010939300060272,0.7990000247955322,0.8068000078201294
YBL004W,YPR021C,0,-5.1382046,0.09009923040866852,0.7990000247955322,0.8069000244140625
YER166W,YLR229C,0,-5.1383886,0.09008907526731491,0.7990000247955322,0.8069999814033508
YER125W,YOL040C,0,-5.1386023,0.0900789201259613,0.7990000247955322,0.8070999979972839
YNL001W,YOL003C,0,-5.139481,0.0900687649846077,0.7990000247955322,0.807200014591217
YGL187C,YDL153C,0,-5.139906,0.09005860984325409,0.7990000247955322,0.8072999715805054
YMR070W,YGL130W,0,-5.14015,0.09004846215248108,0.7990000247955322,0.8073999881744385
YJL003W,YKR025W,0,-5.1402035,0.09003831446170807,0.7990000247955322,0.8075000047683716
YNL047C,YOL067C,0,-5.1417513,0.09002816677093506,0.7990000247955322,0.8076000213623047
YMR243C,YDR298C,1,-5.1419063,0.09013068675994873,0.800000011920929,0.8076000213623047
YPR095C,YNL177C,0,-5.1419997,0.09012053906917572,0.800000011920929,0.807699978351593
YDR207C,YMR054W,0,-5.1422434,0.09011038392782211,0.800000011920929,0.8077999949455261
YKL038W,YGR178C,0,-5.1423545,0.0901002362370491,0.800000011920929,0.8079000115394592
YAR033W,YDR146C,0,-5.1424966,0.09009008854627609,0.800000011920929,0.8080000281333923
YEL051W,YLR268W,0,-5.142829,0.09007994830608368,0.800000011920929,0.8080999851226807
YER068W,YKR025W,0,-5.14283,0.09006980061531067,0.800000011920929,0.8082000017166138
YBR039W,YBR024W,1,-5.1430483,0.09017223864793777,0.8009999990463257,0.8082000017166138
YDR329C,YNR027W,0,-5.143466,0.09016209095716476,0.8009999990463257,0.8083000183105469
YGR163W,YGR028W,0,-5.1435165,0.09015194326639175,0.8009999990463257,0.8083999752998352
YDR040C,YPR020W,1,-5.143797,0.09025432914495468,0.8019999861717224,0.8083999752998352
YMR070W,YBR293W,0,-5.1438017,0.09024417400360107,0.8019999861717224,0.8084999918937683
YNR003C,YER009W,0,-5.143857,0.09023402631282806,0.8019999861717224,0.8086000084877014
YER125W,YIR023W,0,-5.1438727,0.09022387117147446,0.8019999861717224,0.8087000250816345
YPL049C,YML024W,0,-5.1446476,0.09021372348070145,0.8019999861717224,0.8087999820709229
YGL055W,YDR027C,0,-5.144843,0.09020357578992844,0.8019999861717224,0.808899998664856
YMR165C,YOR094W,0,-5.14494,0.09019343554973602,0.8019999861717224,0.8090000152587891
YGL025C,YKR034W,0,-5.144987,0.09018328785896301,0.8019999861717224,0.8090999722480774
YOR068C,YKL203C,0,-5.145692,0.0901731476187706,0.8019999861717224,0.8091999888420105
YER112W,YIR021W,0,-5.1458416,0.09016301482915878,0.8019999861717224,0.8093000054359436
YJL168C,YLR368W,0,-5.146083,0.09015287458896637,0.8019999861717224,0.8094000220298767
YLR153C,YDL130W,0,-5.1465416,0.09014274179935455,0.8019999861717224,0.809499979019165
YKL148C,YDR507C,0,-5.146695,0.09013261646032333,0.8019999861717224,0.8095999956130981
YLR318W,YBR274W,0,-5.1472077,0.09012248367071152,0.8019999861717224,0.8097000122070312
YLR075W,YDL212W,0,-5.14784,0.0901123583316803,0.8019999861717224,0.8098000288009644
YDL150W,YOR372C,0,-5.147868,0.09010223299264908,0.8019999861717224,0.8098999857902527
YDR110W,YDL197C,0,-5.1480045,0.09009211510419846,0.8019999861717224,0.8100000023841858
YLR167W,YIL051C,0,-5.1481357,0.09008199721574783,0.8019999861717224,0.8101000189781189
YNL223W,YHR023W,0,-5.149441,0.09007187932729721,0.8019999861717224,0.8101999759674072
YAL056W,YNR057C,0,-5.149793,0.09006176143884659,0.8019999861717224,0.8102999925613403
YHR196W,YOR210W,0,-5.1506352,0.09005165100097656,0.8019999861717224,0.8104000091552734
YPL262W,YDR058C,0,-5.150693,0.09004154056310654,0.8019999861717224,0.8105000257492065
YMR065W,YDR453C,0,-5.151073,0.09003143012523651,0.8019999861717224,0.8105999827384949
YHR006W,YPR108W,0,-5.151317,0.09002132713794708,0.8019999861717224,0.810699999332428
YPL028W,YJR055W,0,-5.151436,0.09001122415065765,0.8019999861717224,0.8108000159263611
YLR424W,YDR362C,0,-5.151844,0.09000112116336823,0.8019999861717224,0.8108999729156494
YMR227C,YDR459C,0,-5.1524787,0.0899910256266594,0.8019999861717224,0.8109999895095825
YGL155W,YNL188W,0,-5.1524878,0.08998093008995056,0.8019999861717224,0.8111000061035156
YIL023C,YJL133W,1,-5.152588,0.09008301794528961,0.8029999732971191,0.8111000061035156
YDL043C,YDR412W,0,-5.153078,0.09007290750741959,0.8029999732971191,0.8112000226974487
YLR357W,YJL045W,0,-5.153142,0.09006281197071075,0.8029999732971191,0.8112999796867371
YMR235C,YNL330C,0,-5.153236,0.09005270898342133,0.8029999732971191,0.8113999962806702
YNL103W,YJL001W,0,-5.153384,0.0900426134467125,0.8029999732971191,0.8115000128746033
YNL161W,YPL212C,0,-5.1535716,0.09003251791000366,0.8029999732971191,0.8116000294685364
YPR155C,YGR224W,0,-5.1538467,0.09002242237329483,0.8029999732971191,0.8116999864578247
YPR009W,YLR117C,0,-5.154066,0.090012326836586,0.8029999732971191,0.8118000030517578
YER125W,YLR195C,0,-5.154598,0.09000223875045776,0.8029999732971191,0.8119000196456909
YFL033C,YNL147W,0,-5.1547565,0.08999215811491013,0.8029999732971191,0.8119999766349792
YER093C,YOR002W,0,-5.154764,0.08998207002878189,0.8029999732971191,0.8120999932289124
YGL032C,YGL016W,0,-5.155116,0.08997198939323425,0.8029999732971191,0.8122000098228455
YJR091C,YKL099C,0,-5.155388,0.08996190875768661,0.8029999732971191,0.8123000264167786
YPR191W,YMR212C,0,-5.1555085,0.08995182812213898,0.8029999732971191,0.8123999834060669
YGR191W,YPR020W,1,-5.155673,0.09005376696586609,0.8040000200271606,0.8123999834060669
YDR429C,YHR150W,0,-5.1556935,0.09004367887973785,0.8040000200271606,0.8125
YKR085C,YMR146C,0,-5.155923,0.09003359824419022,0.8040000200271606,0.8126000165939331
YLR067C,YHR038W,0,-5.156197,0.09002351015806198,0.8040000200271606,0.8126999735832214
YDR028C,YDL143W,0,-5.1563625,0.09001343697309494,0.8040000200271606,0.8127999901771545
YOR179C,YAL055W,0,-5.1564484,0.0900033563375473,0.8040000200271606,0.8129000067710876
YGR209C,YMR175W,0,-5.1565046,0.08999328315258026,0.8040000200271606,0.8130000233650208
YNL206C,YDR205W,0,-5.1568446,0.08998320996761322,0.8040000200271606,0.8130999803543091
YNL080C,YIR023W,0,-5.1577864,0.08997314423322678,0.8040000200271606,0.8131999969482422
YHR067W,YJL091C,0,-5.157839,0.08996307849884033,0.8040000200271606,0.8133000135421753
YMR263W,YLR304C,0,-5.1578546,0.08995301276445389,0.8040000200271606,0.8133999705314636
YBR154C,YDR427W,0,-5.1580515,0.08994294703006744,0.8040000200271606,0.8134999871253967
YOR115C,YNR046W,0,-5.158679,0.0899328887462616,0.8040000200271606,0.8136000037193298
YGL201C,YKR066C,0,-5.1591663,0.08992283046245575,0.8040000200271606,0.8137000203132629
YDR276C,YML121W,1,-5.159708,0.09002460539340973,0.8050000071525574,0.8137000203132629
YOR037W,YGL048C,0,-5.1597896,0.09001453965902328,0.8050000071525574,0.8137999773025513
YHR143W-A,YGR082W,0,-5.1600466,0.09000447392463684,0.8050000071525574,0.8138999938964844
YCL024W,YKL117W,0,-5.160471,0.0899944081902504,0.8050000071525574,0.8140000104904175
YLR212C,YOR014W,0,-5.1607866,0.08998434990644455,0.8050000071525574,0.8141000270843506
YDR346C,YLR127C,0,-5.1613464,0.0899742916226387,0.8050000071525574,0.8141999840736389
YNL003C,YPL010W,0,-5.1621203,0.08996424078941345,0.8050000071525574,0.814300000667572
YLR272C,YPL083C,0,-5.162383,0.0899541825056076,0.8050000071525574,0.8144000172615051
YDL128W,YBR106W,1,-5.1623907,0.09005586802959442,0.8059999942779541,0.8144000172615051
YML126C,YHR042W,0,-5.1624775,0.09004580229520798,0.8059999942779541,0.8144999742507935
YGR180C,YBR283C,0,-5.1626163,0.09003574401140213,0.8059999942779541,0.8145999908447266
YKL059C,YIL051C,0,-5.1626544,0.09002569317817688,0.8059999942779541,0.8147000074386597
YGR278W,YPL098C,0,-5.162863,0.09001563489437103,0.8059999942779541,0.8148000240325928
YOR332W,YPR140W,0,-5.162917,0.09000558406114578,0.8059999942779541,0.8148999810218811
YFR013W,YER166W,0,-5.163224,0.08999553322792053,0.8059999942779541,0.8149999976158142
YGR140W,YDL031W,0,-5.163245,0.08998548984527588,0.8059999942779541,0.8151000142097473
YMR165C,YER003C,0,-5.16355,0.08997543901205063,0.8059999942779541,0.8151999711990356
YLR362W,YHR072W,0,-5.1640043,0.08996539562940598,0.8059999942779541,0.8152999877929688
YMR234W,YMR311C,0,-5.1641674,0.08995535969734192,0.8059999942779541,0.8154000043869019
YOL043C,YLR192C,0,-5.1643476,0.08994531631469727,0.8059999942779541,0.815500020980835
YPL123C,YNL166C,0,-5.1644034,0.08993528038263321,0.8059999942779541,0.8155999779701233
YGL090W,YNR046W,0,-5.1646185,0.08992525190114975,0.8059999942779541,0.8156999945640564
YGR046W,YDR005C,0,-5.1646624,0.0899152159690857,0.8059999942779541,0.8158000111579895
YLR068W,YDR443C,0,-5.164857,0.08990518748760223,0.8059999942779541,0.8159000277519226
YOR322C,YOR265W,0,-5.16537,0.08989515900611877,0.8059999942779541,0.8159999847412109
YHR166C,YGR220C,0,-5.165576,0.08988513797521591,0.8059999942779541,0.816100001335144
YDR439W,YGL038C,0,-5.165671,0.08987510949373245,0.8059999942779541,0.8162000179290771
YFL029C,YBR272C,0,-5.166315,0.08986508846282959,0.8059999942779541,0.8162999749183655
YML038C,YML074C,0,-5.1666436,0.08985507488250732,0.8059999942779541,0.8163999915122986
YGL071W,YPL078C,1,-5.166744,0.08995652943849564,0.8069999814033508,0.8163999915122986
YKR083C,YDL116W,0,-5.1669874,0.08994650095701218,0.8069999814033508,0.8165000081062317
YEL026W,YMR093W,0,-5.1670218,0.08993647247552872,0.8069999814033508,0.8166000247001648
YNL160W,YDL052C,0,-5.1671095,0.08992645144462585,0.8069999814033508,0.8166999816894531
YPL204W,YOR221C,0,-5.1674724,0.08991643786430359,0.8069999814033508,0.8167999982833862
YDR054C,YNR067C,0,-5.1674814,0.08990641683340073,0.8069999814033508,0.8169000148773193
YFL050C,YDR456W,1,-5.1677923,0.09000779688358307,0.8080000281333923,0.8169000148773193
YER155C,YLL031C,0,-5.1678286,0.0899977758526802,0.8080000281333923,0.8169999718666077
YNL263C,YMR030W,0,-5.1678357,0.08998774737119675,0.8080000281333923,0.8170999884605408
YNR046W,YER167W,0,-5.167844,0.08997772634029388,0.8080000281333923,0.8172000050544739
YGR238C,YDR330W,0,-5.1680274,0.08996771275997162,0.8080000281333923,0.817300021648407
YDL020C,YLR276C,0,-5.168095,0.08995769172906876,0.8080000281333923,0.8173999786376953
YBR106W,YGL255W,1,-5.1684866,0.09005899727344513,0.8090000152587891,0.8173999786376953
YEL071W,YOR068C,0,-5.168707,0.09004897624254227,0.8090000152587891,0.8174999952316284
YDR079W,YDL081C,0,-5.168739,0.0900389552116394,0.8090000152587891,0.8176000118255615
YLR340W,YHR194W,0,-5.16917,0.09002893418073654,0.8090000152587891,0.8177000284194946
YPL232W,YJL194W,0,-5.169817,0.09001891314983368,0.8090000152587891,0.817799985408783
YKL080W,YKL122C,0,-5.1698594,0.09000889956951141,0.8090000152587891,0.8179000020027161
YDR189W,YBR275C,0,-5.1699247,0.08999888598918915,0.8090000152587891,0.8180000185966492
YJR001W,YBR293W,0,-5.170304,0.08998887985944748,0.8090000152587891,0.8180999755859375
YLR362W,YIL120W,0,-5.1703362,0.08997886627912521,0.8090000152587891,0.8181999921798706
YLR153C,YOR080W,0,-5.1703997,0.08996886014938354,0.8090000152587891,0.8183000087738037
YBR004C,YPL203W,0,-5.170628,0.08995885401964188,0.8090000152587891,0.8184000253677368
YKL204W,YLR238W,0,-5.1708994,0.0899488553404808,0.8090000152587891,0.8184999823570251
YGR211W,YNL298W,0,-5.171587,0.08993885666131973,0.8090000152587891,0.8185999989509583
YNL068C,YKL049C,0,-5.1718826,0.08992885798215866,0.8090000152587891,0.8187000155448914
YDR394W,YKL029C,0,-5.172164,0.08991885930299759,0.8090000152587891,0.8187999725341797
YLR417W,YDR178W,0,-5.1724076,0.08990886807441711,0.8090000152587891,0.8188999891281128
YHR024C,YDR167W,0,-5.1727157,0.08989887684583664,0.8090000152587891,0.8190000057220459
YMR268C,YDR427W,0,-5.1730595,0.08988888561725616,0.8090000152587891,0.819100022315979
YIL021W,YHR142W,0,-5.1731997,0.08987890183925629,0.8090000152587891,0.8191999793052673
YDL080C,YER027C,0,-5.1732473,0.08986891806125641,0.8090000152587891,0.8192999958992004
YNL080C,YML127W,0,-5.173285,0.08985893428325653,0.8090000152587891,0.8194000124931335
YBR297W,YKL046C,0,-5.1734223,0.08984895795583725,0.8090000152587891,0.8195000290870667
YFR027W,YBL022C,0,-5.173491,0.08983898162841797,0.8090000152587891,0.819599986076355
YOR057W,YDR216W,0,-5.174124,0.08982900530099869,0.8090000152587891,0.8197000026702881
YIL126W,YOL113W,0,-5.17447,0.0898190289735794,0.8090000152587891,0.8198000192642212
YNL009W,YLR396C,0,-5.1745915,0.08980906009674072,0.8090000152587891,0.8198999762535095
YMR243C,YCR010C,1,-5.175151,0.08991008996963501,0.8100000023841858,0.8198999762535095
YNL055C,YDR384C,1,-5.175345,0.0900110974907875,0.8109999895095825,0.8198999762535095
YLR136C,YDL076C,0,-5.1762886,0.09000110626220703,0.8109999895095825,0.8199999928474426
YPL094C,YDL235C,0,-5.176575,0.08999112248420715,0.8109999895095825,0.8201000094413757
YBR200W,YOR117W,0,-5.1767006,0.08998113870620728,0.8109999895095825,0.8202000260353088
YGL219C,YOR229W,0,-5.177144,0.0899711549282074,0.8109999895095825,0.8202999830245972
YHR001W,YOR233W,0,-5.178257,0.08996117860078812,0.8109999895095825,0.8203999996185303
YGL241W,YGR082W,0,-5.178342,0.08995119482278824,0.8109999895095825,0.8205000162124634
YGR141W,YDR162C,0,-5.178444,0.08994121849536896,0.8109999895095825,0.8205999732017517
YPL203W,YDL120W,0,-5.1789656,0.08993124961853027,0.8109999895095825,0.8206999897956848
YIL135C,YML074C,0,-5.1794205,0.08992128074169159,0.8109999895095825,0.8208000063896179
YBR272C,YJL111W,0,-5.1800976,0.0899113118648529,0.8109999895095825,0.820900022983551
YML092C,YNR046W,0,-5.180142,0.08990134298801422,0.8109999895095825,0.8209999799728394
YCR082W,YGL200C,0,-5.18027,0.08989137411117554,0.8109999895095825,0.8210999965667725
YPL151C,YDR303C,0,-5.180349,0.08988141268491745,0.8109999895095825,0.8212000131607056
YIL124W,YNR001C,0,-5.1803885,0.08987145125865936,0.8109999895095825,0.8213000297546387
YER125W,YGL032C,0,-5.1804447,0.08986149728298187,0.8109999895095825,0.821399986743927
YJL002C,YKL068W,0,-5.180578,0.08985154330730438,0.8109999895095825,0.8215000033378601
YAL047C,YOR002W,0,-5.1806016,0.08984158933162689,0.8109999895095825,0.8216000199317932
YDR322C-A,YML121W,1,-5.18159,0.08994240313768387,0.8119999766349792,0.8216000199317932
YHR116W,YFL004W,0,-5.1815968,0.08993244171142578,0.8119999766349792,0.8216999769210815
YPL212C,YER104W,0,-5.181648,0.0899224802851677,0.8119999766349792,0.8217999935150146
YNL294C,YDL150W,0,-5.1817284,0.0899125263094902,0.8119999766349792,0.8219000101089478
YER073W,YOR320C,0,-5.1822424,0.08990257233381271,0.8119999766349792,0.8220000267028809
YLR048W,YCR053W,0,-5.1823387,0.08989261835813522,0.8119999766349792,0.8220999836921692
YML094W,YLL008W,0,-5.182537,0.08988266438245773,0.8119999766349792,0.8222000002861023
YMR234W,YPR017C,0,-5.1829414,0.08987271785736084,0.8119999766349792,0.8223000168800354
YBL019W,YIR037W,0,-5.183036,0.08986277133226395,0.8119999766349792,0.8223999738693237
YPL175W,YML014W,0,-5.1831613,0.08985282480716705,0.8119999766349792,0.8224999904632568
YHR206W,YER167W,0,-5.1831794,0.08984288573265076,0.8119999766349792,0.8226000070571899
YNR044W,YDR463W,0,-5.183759,0.08983294665813446,0.8119999766349792,0.822700023651123
YAR042W,YDR483W,0,-5.184075,0.08982300758361816,0.8119999766349792,0.8227999806404114
YOR269W,YML031W,0,-5.1848245,0.08981307595968246,0.8119999766349792,0.8228999972343445
YFL041W,YOR316C,1,-5.1857643,0.0899137333035469,0.8130000233650208,0.8228999972343445
YGR048W,YGR209C,0,-5.1857963,0.08990379422903061,0.8130000233650208,0.8230000138282776
YKR028W,YAR002W,0,-5.1859627,0.08989385515451431,0.8130000233650208,0.8230999708175659
YDR378C,YLR285W,0,-5.1861525,0.08988391607999802,0.8130000233650208,0.823199987411499
YNL121C,YEL012W,0,-5.1864514,0.08987397700548172,0.8130000233650208,0.8233000040054321
YKR090W,YAR019C,0,-5.1865215,0.08986404538154602,0.8130000233650208,0.8234000205993652
YMR052W,YKL154W,0,-5.1868014,0.08985411375761032,0.8130000233650208,0.8234999775886536
YMR183C,YDR150W,0,-5.187024,0.08984418213367462,0.8130000233650208,0.8235999941825867
YDR164C,YMR272C,0,-5.187117,0.08983425050973892,0.8130000233650208,0.8237000107765198
YDR195W,YOL111C,0,-5.1874914,0.08982432633638382,0.8130000233650208,0.8238000273704529
YOR089C,YPL021W,0,-5.1877294,0.08981440216302872,0.8130000233650208,0.8238999843597412
YPL270W,YJL156C,0,-5.188146,0.08980448544025421,0.8130000233650208,0.8240000009536743
YCR060W,YLR207W,0,-5.1883945,0.0897945687174797,0.8130000233650208,0.8241000175476074
YIL026C,YBR030W,0,-5.188427,0.0897846519947052,0.8130000233650208,0.8241999745368958
YBL005W,YHR193C,0,-5.1884785,0.0897747352719307,0.8130000233650208,0.8242999911308289
YBR127C,YIR025W,0,-5.1885204,0.08976482599973679,0.8130000233650208,0.824400007724762
YPL112C,YDR443C,0,-5.1891613,0.08975490927696228,0.8130000233650208,0.8245000243186951
YJR140C,YOL149W,0,-5.1904383,0.08974500745534897,0.8130000233650208,0.8245999813079834
YML048W,YDR045C,0,-5.1906033,0.08973509818315506,0.8130000233650208,0.8246999979019165
YNL169C,YBR155W,0,-5.190649,0.08972519636154175,0.8130000233650208,0.8248000144958496
YGR046W,YPL087W,0,-5.19092,0.08971529453992844,0.8130000233650208,0.8248999714851379
YJL140W,YHR181W,0,-5.1909347,0.08970539271831512,0.8130000233650208,0.824999988079071
YOR253W,YFR004W,0,-5.1915064,0.08969549834728241,0.8130000233650208,0.8251000046730042
YHR191C,YGL055W,0,-5.191825,0.0896856039762497,0.8130000233650208,0.8252000212669373
YDR265W,YOR261C,0,-5.19192,0.08967570960521698,0.8130000233650208,0.8252999782562256
YGL247W,YLR039C,0,-5.192111,0.08966582268476486,0.8130000233650208,0.8253999948501587
YGL136C,YLR453C,0,-5.192301,0.08965593576431274,0.8130000233650208,0.8255000114440918
YMR216C,YPL204W,0,-5.192499,0.08964604884386063,0.8130000233650208,0.8256000280380249
YFR001W,YML031W,0,-5.192584,0.08963616192340851,0.8130000233650208,0.8256999850273132
YPL040C,YDR243C,0,-5.1925964,0.08962628245353699,0.8130000233650208,0.8258000016212463
YNL263C,YHR102W,0,-5.1926136,0.08961640298366547,0.8130000233650208,0.8259000182151794
YHR115C,YNR030W,0,-5.1928396,0.08960652351379395,0.8130000233650208,0.8259999752044678
YHL025W,YGR132C,0,-5.1931033,0.08959665149450302,0.8130000233650208,0.8260999917984009
YHR001W,YCR057C,0,-5.1932015,0.0895867794752121,0.8130000233650208,0.826200008392334
YFL003C,YHR086W,0,-5.193681,0.08957690745592117,0.8130000233650208,0.8263000249862671
YOL038W,YDR418W,0,-5.193843,0.08956703543663025,0.8130000233650208,0.8263999819755554
YGL207W,YBR073W,0,-5.1941576,0.08955717086791992,0.8130000233650208,0.8264999985694885
YOR180C,YDL143W,0,-5.195351,0.0895473062992096,0.8130000233650208,0.8266000151634216
YHR077C,YIL138C,0,-5.1955557,0.08953744173049927,0.8130000233650208,0.82669997215271
YJL143W,YDR174W,0,-5.1960297,0.08952758461236954,0.8130000233650208,0.8267999887466431
YDL015C,YGL127C,0,-5.1961455,0.08951772749423981,0.8130000233650208,0.8269000053405762
YNL054W,YGL129C,0,-5.1967764,0.08950787037611008,0.8130000233650208,0.8270000219345093
YML116W,YJR052W,0,-5.197036,0.08949802070856094,0.8130000233650208,0.8270999789237976
YDR276C,YJR077C,1,-5.1972694,0.08959823846817017,0.8140000104904175,0.8270999789237976
YMR153W,YNL047C,0,-5.1972723,0.08958838135004044,0.8140000104904175,0.8271999955177307
YML048W,YDL051W,0,-5.197611,0.08957851678133011,0.8140000104904175,0.8273000121116638
YGL252C,YLR268W,0,-5.1981416,0.08956865966320038,0.8140000104904175,0.8274000287055969
YPL181W,YOL146W,0,-5.1981635,0.08955880999565125,0.8140000104904175,0.8274999856948853
YPL270W,YJR052W,0,-5.1984835,0.08954895287752151,0.8140000104904175,0.8276000022888184
YOR174W,YGL098W,0,-5.198799,0.08953910320997238,0.8140000104904175,0.8277000188827515
YMR182C,YJL085W,0,-5.199217,0.08952925354242325,0.8140000104904175,0.8277999758720398
YPR007C,YNL070W,0,-5.199319,0.08951941132545471,0.8140000104904175,0.8278999924659729
YDR276C,YDR322C-A,1,-5.199331,0.08961953222751617,0.8149999976158142,0.8278999924659729
YHL025W,YCR044C,0,-5.200057,0.08960967510938644,0.8149999976158142,0.828000009059906
YPR067W,YGL006W,1,-5.2005854,0.08970976620912552,0.8159999847412109,0.828000009059906
YKL006C-A,YGR199W,0,-5.200904,0.08969990164041519,0.8159999847412109,0.8281000256538391
YHR135C,YGR020C,0,-5.201332,0.08969004452228546,0.8159999847412109,0.8281999826431274
YJR052W,YKL203C,0,-5.201558,0.08968018740415573,0.8159999847412109,0.8282999992370605
YNR008W,YAR033W,0,-5.202765,0.089670330286026,0.8159999847412109,0.8284000158309937
YBL009W,YPL100W,0,-5.202966,0.08966047316789627,0.8159999847412109,0.828499972820282
YFR031C,YCL011C,0,-5.203395,0.08965062350034714,0.8159999847412109,0.8285999894142151
YIL026C,YDL231C,0,-5.2041492,0.0896407812833786,0.8159999847412109,0.8287000060081482
YKL213C,YAL033W,0,-5.204599,0.08963093161582947,0.8159999847412109,0.8288000226020813
YPL177C,YGL173C,0,-5.2046394,0.08962108939886093,0.8159999847412109,0.8288999795913696
YER040W,YJL112W,0,-5.2046595,0.0896112471818924,0.8159999847412109,0.8289999961853027
YIL036W,YER159C,0,-5.205079,0.08960140496492386,0.8159999847412109,0.8291000127792358
YJL117W,YHR050W,1,-5.205135,0.08970136195421219,0.8169999718666077,0.8291000127792358
YBR175W,YCR033W,0,-5.2052813,0.08969151228666306,0.8169999718666077,0.829200029373169
YBR106W,YJL198W,1,-5.205289,0.089791439473629,0.8180000185966492,0.829200029373169
YJL109C,YKL140W,0,-5.2054048,0.08978158235549927,0.8180000185966492,0.8292999863624573
YBR280C,YCR060W,0,-5.205613,0.08977173268795013,0.8180000185966492,0.8294000029563904
YDR093W,YJL173C,0,-5.20572,0.0897618755698204,0.8180000185966492,0.8295000195503235
YER168C,YDR279W,0,-5.205835,0.08975203335285187,0.8180000185966492,0.8295999765396118
YNL267W,YNL298W,0,-5.205847,0.08974218368530273,0.8180000185966492,0.8296999931335449
YEL062W,YLR266C,0,-5.206158,0.0897323414683342,0.8180000185966492,0.829800009727478
YLR219W,YJL041W,0,-5.2069635,0.08972249925136566,0.8180000185966492,0.8299000263214111
YLR256W,YGR072W,0,-5.2073317,0.08971265703439713,0.8180000185966492,0.8299999833106995
YGR028W,YML127W,0,-5.2080746,0.08970281481742859,0.8180000185966492,0.8300999999046326
YGL112C,YHR206W,0,-5.208128,0.08969298005104065,0.8180000185966492,0.8302000164985657
YHL006C,YMR218C,0,-5.2087226,0.08968314528465271,0.8180000185966492,0.830299973487854
YBR070C,YMR030W,0,-5.2092447,0.08967331796884537,0.8180000185966492,0.8303999900817871
YMR179W,YMR125W,0,-5.209317,0.08966349065303802,0.8180000185966492,0.8305000066757202
YOR038C,YOR014W,0,-5.2095666,0.08965366333723068,0.8180000185966492,0.8306000232696533
YLR266C,YEL019C,0,-5.2096024,0.08964383602142334,0.8180000185966492,0.8306999802589417
YDR481C,YGR085C,0,-5.2097883,0.0896340161561966,0.8180000185966492,0.8307999968528748
YPR171W,YGL178W,0,-5.2099066,0.08962418884038925,0.8180000185966492,0.8309000134468079
YBR109C,YBL074C,0,-5.2100735,0.0896143764257431,0.8180000185966492,0.8309999704360962
YNL159C,YOR201C,0,-5.2102365,0.08960455656051636,0.8180000185966492,0.8310999870300293
YPL262W,YPL243W,0,-5.2110043,0.08959474414587021,0.8180000185966492,0.8312000036239624
YIL046W,YDR292C,0,-5.211232,0.08958493173122406,0.8180000185966492,0.8313000202178955
YDR435C,YLR363C,0,-5.2112966,0.08957511931657791,0.8180000185966492,0.8313999772071838
YOL086C,YLR020C,0,-5.2114244,0.08956531435251236,0.8180000185966492,0.8314999938011169
YMR235C,YIR041W,0,-5.2121506,0.08955550938844681,0.8180000185966492,0.83160001039505
YFR027W,YMR109W,0,-5.212863,0.08954570442438126,0.8180000185966492,0.8317000269889832
YLR097C,YER022W,0,-5.2129626,0.0895358994603157,0.8180000185966492,0.8317999839782715
YOR267C,YDL208W,0,-5.21319,0.08952610194683075,0.8180000185966492,0.8319000005722046
YHR050W,YNL291C,1,-5.2144594,0.08962573856115341,0.8190000057220459,0.8319000005722046
YGR231C,YDR489W,0,-5.214538,0.08961593359708786,0.8190000057220459,0.8320000171661377
YKL172W,YOL033W,0,-5.214985,0.08960612863302231,0.8190000057220459,0.832099974155426
YFR013W,YMR188C,0,-5.215166,0.08959632366895676,0.8190000057220459,0.8321999907493591
YJR118C,YPR083W,0,-5.2152195,0.0895865261554718,0.8190000057220459,0.8323000073432922
YDR328C,YIL062C,0,-5.2154627,0.08957672864198685,0.8190000057220459,0.8324000239372253
YOR068C,YOR372C,0,-5.2158117,0.08956693112850189,0.8190000057220459,0.8324999809265137
YOR002W,YGL238W,0,-5.215978,0.08955713361501694,0.8190000057220459,0.8325999975204468
YKL182W,YOR194C,0,-5.216091,0.08954734355211258,0.8190000057220459,0.8327000141143799
YEL050C,YFL039C,0,-5.216273,0.08953755348920822,0.8190000057220459,0.8327999711036682
YLR051C,YNL248C,0,-5.2163105,0.08952776342630386,0.8190000057220459,0.8328999876976013
YDL058W,YER095W,0,-5.2165546,0.0895179808139801,0.8190000057220459,0.8330000042915344
YKL189W,YJL006C,0,-5.2166295,0.08950819820165634,0.8190000057220459,0.8331000208854675
YKL170W,YMR068W,0,-5.216798,0.08949841558933258,0.8190000057220459,0.8331999778747559
YMR125W,YPL204W,0,-5.2170296,0.08948863297700882,0.8190000057220459,0.833299994468689
YJL141C,YMR285C,0,-5.2170925,0.08947885781526566,0.8190000057220459,0.8334000110626221
YER019C-A,YDR099W,0,-5.2171326,0.08946908265352249,0.8190000057220459,0.8335000276565552
YPL190C,YBR164C,0,-5.2174225,0.08945931494235992,0.8190000057220459,0.8335999846458435
YOR188W,YKL140W,0,-5.2178144,0.08944953978061676,0.8190000057220459,0.8337000012397766
YOR073W,YDR477W,0,-5.218185,0.0894397720694542,0.8190000057220459,0.8338000178337097
YCR077C,YOR151C,0,-5.2182636,0.08943000435829163,0.8190000057220459,0.833899974822998
YGL236C,YOR208W,0,-5.218369,0.08942024409770966,0.8190000057220459,0.8339999914169312
YDR341C,YOR340C,0,-5.218424,0.08941048383712769,0.8190000057220459,0.8341000080108643
YLR183C,YOR129C,0,-5.218798,0.08940072357654572,0.8190000057220459,0.8342000246047974
YNL186W,YOR272W,0,-5.219453,0.08939096331596375,0.8190000057220459,0.8342999815940857
YOR209C,YOR103C,0,-5.219867,0.08938121050596237,0.8190000057220459,0.8343999981880188
YBR272C,YBR049C,0,-5.219943,0.0893714502453804,0.8190000057220459,0.8345000147819519
YLR200W,YNL173C,0,-5.22079,0.08936170488595963,0.8190000057220459,0.8345999717712402
YGR005C,YDR037W,0,-5.22087,0.08935195207595825,0.8190000057220459,0.8346999883651733
YKL093W,YBL051C,0,-5.220994,0.08934220671653748,0.8190000057220459,0.8348000049591064
YGR262C,YBL006C,0,-5.2211094,0.0893324613571167,0.8190000057220459,0.8349000215530396
YER116C,YNL177C,0,-5.2212067,0.08932271599769592,0.8190000057220459,0.8349999785423279
YKL175W,YOL027C,1,-5.22151,0.08942202478647232,0.8199999928474426,0.8349999785423279
YOR137C,YPR067W,1,-5.2221847,0.08952131867408752,0.8209999799728394,0.8349999785423279
YOL113W,YGR159C,0,-5.222192,0.08951155841350555,0.8209999799728394,0.835099995136261
YGL025C,YCL031C,0,-5.2222996,0.08950179815292358,0.8209999799728394,0.8352000117301941
YGR279C,YDR341C,0,-5.222328,0.08949204534292221,0.8209999799728394,0.8353000283241272
YDR507C,YDR485C,0,-5.222709,0.08948229253292084,0.8209999799728394,0.8353999853134155
YGL187C,YDR166C,0,-5.2229357,0.08947253972291946,0.8209999799728394,0.8355000019073486
YPL042C,YJL090C,0,-5.2229824,0.08946278691291809,0.8209999799728394,0.8356000185012817
YPL042C,YHR072W,0,-5.2231245,0.08945304155349731,0.8209999799728394,0.8356999754905701
YDL108W,YJR140C,0,-5.2232,0.08944329619407654,0.8209999799728394,0.8357999920845032
YNL221C,YNL177C,0,-5.2236605,0.08943355083465576,0.8209999799728394,0.8359000086784363
YLR378C,YPL235W,0,-5.224249,0.08942381292581558,0.8209999799728394,0.8360000252723694
YMR156C,YMR026C,0,-5.2249947,0.0894140675663948,0.8209999799728394,0.8360999822616577
YKL175W,YJR077C,1,-5.22513,0.08951322734355927,0.8220000267028809,0.8360999822616577
YEL022W,YIL112W,0,-5.2252245,0.08950348198413849,0.8220000267028809,0.8361999988555908
YDR490C,YGR284C,0,-5.225665,0.08949373662471771,0.8220000267028809,0.8363000154495239
YLR088W,YDL243C,0,-5.225708,0.08948399871587753,0.8220000267028809,0.8363999724388123
YGR261C,YDR457W,0,-5.2261972,0.08947426080703735,0.8220000267028809,0.8364999890327454
YNL282W,YBR298C,0,-5.2265472,0.08946451544761658,0.8220000267028809,0.8366000056266785
YGL105W,YJL165C,0,-5.2266746,0.089454784989357,0.8220000267028809,0.8367000222206116
YJL176C,YLR246W,0,-5.227264,0.08944504708051682,0.8220000267028809,0.8367999792098999
YDR231C,YPL243W,0,-5.2275257,0.08943531662225723,0.8220000267028809,0.836899995803833
YER112W,YGR135W,0,-5.2275667,0.08942558616399765,0.8220000267028809,0.8370000123977661
YAL051W,YJL087C,0,-5.2277074,0.08941586315631866,0.8220000267028809,0.8371000289916992
YKL108W,YER007W,0,-5.2279577,0.08940613269805908,0.8220000267028809,0.8371999859809875
YBL009W,YFR046C,0,-5.2285223,0.0893964096903801,0.8220000267028809,0.8373000025749207
YBR260C,YMR212C,0,-5.228751,0.08938668668270111,0.8220000267028809,0.8374000191688538
YDR005C,YDL105W,0,-5.229253,0.08937697112560272,0.8220000267028809,0.8374999761581421
YDR457W,YOR368W,0,-5.229704,0.08936725556850433,0.8220000267028809,0.8375999927520752
YLR100W,YDR062W,0,-5.2298436,0.08935754001140594,0.8220000267028809,0.8377000093460083
YER032W,YDR517W,0,-5.2299757,0.08934782445430756,0.8220000267028809,0.8378000259399414
YFL029C,YDR092W,0,-5.2301273,0.08933811634778976,0.8220000267028809,0.8378999829292297
YLR259C,YLR335W,0,-5.230284,0.08932840824127197,0.8220000267028809,0.8379999995231628
YGR024C,YAL010C,0,-5.23086,0.08931870013475418,0.8220000267028809,0.838100016117096
YOR037W,YBL085W,0,-5.2312737,0.08930899947881699,0.8220000267028809,0.8381999731063843
YBR037C,YDR456W,1,-5.2314415,0.08940792828798294,0.8230000138282776,0.8381999731063843
YER157W,YLR210W,0,-5.2317123,0.08939822018146515,0.8230000138282776,0.8382999897003174
YOR018W,YMR079W,0,-5.232312,0.08938851207494736,0.8230000138282776,0.8384000062942505
YPL135W,YHL003C,0,-5.2323246,0.08937880396842957,0.8230000138282776,0.8385000228881836
YJR125C,YCR060W,0,-5.232591,0.08936909586191177,0.8230000138282776,0.8385999798774719
YCR035C,YDR404C,0,-5.232654,0.08935939520597458,0.8230000138282776,0.838699996471405
YLR085C,YNL094W,0,-5.2328887,0.08934968709945679,0.8230000138282776,0.8388000130653381
YBR121C,YDR121W,0,-5.232897,0.08933999389410019,0.8230000138282776,0.8389000296592712
YGL073W,YHR206W,0,-5.232923,0.089330293238163,0.8230000138282776,0.8389999866485596
YKR072C,YGL037C,0,-5.232974,0.0893206000328064,0.8230000138282776,0.8391000032424927
YIL023C,YOR316C,1,-5.2330456,0.089419424533844,0.8240000009536743,0.8391000032424927
YPR025C,YDR231C,0,-5.23339,0.0894097238779068,0.8240000009536743,0.8392000198364258
YNL088W,YJR131W,0,-5.234078,0.0894000232219696,0.8240000009536743,0.8392999768257141
YML051W,YDL185W,0,-5.2342257,0.08939032256603241,0.8240000009536743,0.8393999934196472
YHL048W,YDL150W,0,-5.234966,0.08938062936067581,0.8240000009536743,0.8395000100135803
YIL106W,YIL051C,0,-5.235041,0.08937093615531921,0.8240000009536743,0.8396000266075134
YHR074W,YPL126W,0,-5.2351284,0.08936124294996262,0.8240000009536743,0.8396999835968018
YMR273C,YLR409C,0,-5.235453,0.08935154974460602,0.8240000009536743,0.8398000001907349
YHR024C,YLR265C,0,-5.2358646,0.08934186398983002,0.8240000009536743,0.839900016784668
YNL048W,YJL002C,0,-5.23626,0.08933217823505402,0.8240000009536743,0.8399999737739563
YBR212W,YGL045W,0,-5.2363214,0.08932249248027802,0.8240000009536743,0.8400999903678894
YPL119C,YHR006W,0,-5.236572,0.08931281417608261,0.8240000009536743,0.8402000069618225
YEL051W,YNR033W,0,-5.236888,0.08930312842130661,0.8240000009536743,0.8403000235557556
YDR494W,YMR113W,0,-5.2369833,0.0892934575676918,0.8240000009536743,0.840399980545044
YPR081C,YBR273C,0,-5.237196,0.0892837792634964,0.8240000009536743,0.840499997138977
YNL062C,YDL079C,0,-5.2375956,0.08927410840988159,0.8240000009536743,0.8406000137329102
YDR486C,YGR029W,0,-5.2382145,0.08926443755626678,0.8240000009536743,0.8406999707221985
YJL192C,YMR211W,0,-5.23832,0.08925476670265198,0.8240000009536743,0.8407999873161316
YNL027W,YOL148C,0,-5.239018,0.08924509584903717,0.8240000009536743,0.8409000039100647
YDR494W,YDR429C,0,-5.239085,0.08923543244600296,0.8240000009536743,0.8410000205039978
YKL126W,YOR157C,0,-5.239171,0.08922576904296875,0.8240000009536743,0.8410999774932861
YHR098C,YPL262W,0,-5.2392673,0.08921611309051514,0.8240000009536743,0.8411999940872192
YGL168W,YGR097W,0,-5.23946,0.08920644968748093,0.8240000009536743,0.8413000106811523
YGR119C,YIL042C,0,-5.2399993,0.08919679373502731,0.8240000009536743,0.8414000272750854
YBR036C,YMR301C,0,-5.2400956,0.0891871377825737,0.8240000009536743,0.8414999842643738
YOR239W,YPR103W,0,-5.240286,0.08917748928070068,0.8240000009536743,0.8416000008583069
YPR009W,YOL063C,0,-5.240349,0.08916784077882767,0.8240000009536743,0.84170001745224
YKL073W,YDL106C,0,-5.240388,0.08915819227695465,0.8240000009536743,0.8417999744415283
YLR376C,YCR009C,0,-5.240613,0.08914854377508163,0.8240000009536743,0.8418999910354614
YGR118W,YER051W,0,-5.2408333,0.08913890272378922,0.8240000009536743,0.8420000076293945
YNL090W,YOR011W,0,-5.2412934,0.0891292616724968,0.8240000009536743,0.8421000242233276
YIL023C,YOL027C,1,-5.2417955,0.08922777324914932,0.824999988079071,0.8421000242233276
YLR295C,YDR038C,1,-5.2425666,0.08932626992464066,0.8259999752044678,0.8421000242233276
YFL050C,YML121W,1,-5.24345,0.0894247367978096,0.8270000219345093,0.8421000242233276
YHR196W,YPR024W,0,-5.243468,0.08941507339477539,0.8270000219345093,0.842199981212616
YBR296C,YPR067W,1,-5.2436686,0.08951351046562195,0.828000009059906,0.842199981212616
YMR231W,YPL153C,0,-5.2437286,0.08950383961200714,0.828000009059906,0.8422999978065491
YMR183C,YAL056W,0,-5.243903,0.08949416130781174,0.828000009059906,0.8424000144004822
YBR036C,YML107C,0,-5.244066,0.08948449045419693,0.828000009059906,0.8424999713897705
YDL005C,YJL098W,0,-5.2443204,0.08947481960058212,0.828000009059906,0.8425999879837036
YLR175W,YDR017C,0,-5.244741,0.08946515619754791,0.828000009059906,0.8427000045776367
YOL021C,YIL079C,0,-5.245369,0.0894554853439331,0.828000009059906,0.8428000211715698
YPR067W,YBR024W,1,-5.245462,0.0895538479089737,0.8289999961853027,0.8428000211715698
YJL011C,YOR172W,0,-5.2455425,0.08954417705535889,0.8289999961853027,0.8428999781608582
YJL156C,YBL105C,0,-5.245595,0.08953450620174408,0.8289999961853027,0.8429999947547913
YOR109W,YIR011C,0,-5.245763,0.08952483534812927,0.8289999961853027,0.8431000113487244
YNL062C,YGR010W,0,-5.245855,0.08951517194509506,0.8289999961853027,0.8432000279426575
YGL111W,YOR080W,0,-5.246374,0.08950550854206085,0.8289999961853027,0.8432999849319458
YOL059W,YOR035C,0,-5.2464733,0.08949584513902664,0.8289999961853027,0.8434000015258789
YLR141W,YNL261W,0,-5.2465696,0.08948618173599243,0.8289999961853027,0.843500018119812
YDR362C,YIR010W,0,-5.2472687,0.08947652578353882,0.8289999961853027,0.8435999751091003
YOR039W,YIL106W,0,-5.2478895,0.0894668698310852,0.8289999961853027,0.8436999917030334
YML055W,YOR221C,0,-5.247993,0.08945721387863159,0.8289999961853027,0.8438000082969666
YDR490C,YDR224C,0,-5.248044,0.08944755792617798,0.8289999961853027,0.8439000248908997
YKL195W,YKL014C,0,-5.248088,0.08943790942430496,0.8289999961853027,0.843999981880188
YMR255W,YGR145W,0,-5.24823,0.08942826092243195,0.8289999961853027,0.8440999984741211
YOL044W,YJL201W,0,-5.248273,0.08941861987113953,0.8289999961853027,0.8442000150680542
YPL175W,YPL177C,0,-5.2485466,0.08940897136926651,0.8289999961853027,0.8442999720573425
YNL070W,YKL017C,0,-5.248603,0.08939933031797409,0.8289999961853027,0.8443999886512756
YIR011C,YPL161C,0,-5.24874,0.08938968926668167,0.8289999961853027,0.8445000052452087
YDR435C,YHR205W,0,-5.248857,0.08938005566596985,0.8289999961853027,0.8446000218391418
YLR447C,YBR114W,0,-5.24936,0.08937041461467743,0.8289999961853027,0.8446999788284302
YDR178W,YBR273C,0,-5.2494106,0.0893607810139656,0.8289999961853027,0.8447999954223633
YNL149C,YDR311W,0,-5.249669,0.08935115486383438,0.8289999961853027,0.8449000120162964
YMR288W,YGL209W,0,-5.249756,0.08934152126312256,0.8289999961853027,0.8450000286102295
YPL118W,YGL130W,0,-5.24977,0.08933189511299133,0.8289999961853027,0.8450999855995178
YBL016W,YGL173C,0,-5.2502093,0.08932226896286011,0.8289999961853027,0.8452000021934509
YDL145C,YHR193C,0,-5.2510123,0.08931265026330948,0.8289999961853027,0.845300018787384
YMR200W,YHR190W,0,-5.251234,0.08930302411317825,0.8289999961853027,0.8453999757766724
YML093W,YGL181W,0,-5.2520113,0.08929340541362762,0.8289999961853027,0.8454999923706055
YGR202C,YDL120W,0,-5.2525067,0.08928379416465759,0.8289999961853027,0.8456000089645386
YML057W,YOL113W,0,-5.252653,0.08927417546510696,0.8289999961853027,0.8457000255584717
YER089C,YOR061W,0,-5.2526855,0.08926456421613693,0.8289999961853027,0.84579998254776
YMR183C,YNL091W,0,-5.2532225,0.0892549529671669,0.8289999961853027,0.8458999991416931
YER003C,YDR059C,0,-5.2535143,0.08924534171819687,0.8289999961853027,0.8460000157356262
YLR127C,YPL228W,0,-5.254081,0.08923573791980743,0.8289999961853027,0.8460999727249146
YJL072C,YOR061W,0,-5.2541833,0.089226134121418,0.8289999961853027,0.8461999893188477
YGL054C,YNL188W,0,-5.254602,0.08921653032302856,0.8289999961853027,0.8463000059127808
YPL214C,YOL044W,0,-5.256057,0.08920692652463913,0.8289999961853027,0.8464000225067139
YHR102W,YHR088W,0,-5.2561064,0.08919733017683029,0.8289999961853027,0.8464999794960022
YDR324C,YIL048W,0,-5.2568436,0.08918773382902145,0.8289999961853027,0.8465999960899353
YLR212C,YDL143W,0,-5.2575245,0.08917813748121262,0.8289999961853027,0.8467000126838684
YPL008W,YHR006W,0,-5.258188,0.08916854858398438,0.8289999961853027,0.8468000292778015
YMR075W,YOR147W,0,-5.2586784,0.08915895968675613,0.8289999961853027,0.8468999862670898
YGL155W,YDL143W,0,-5.2588387,0.0891493707895279,0.8289999961853027,0.847000002861023
YDR364C,YDR153C,0,-5.2589407,0.08913978189229965,0.8289999961853027,0.847100019454956
YLR115W,YJL090C,0,-5.259005,0.08913020044565201,0.8289999961853027,0.8471999764442444
YDR192C,YNL118C,0,-5.259097,0.08912061899900436,0.8289999961853027,0.8472999930381775
YBL082C,YGL127C,0,-5.2591043,0.08911103755235672,0.8289999961853027,0.8474000096321106
YER019W,YPL243W,0,-5.2594466,0.08910146355628967,0.8289999961853027,0.8475000262260437
YNL099C,YGL238W,0,-5.2600746,0.08909188956022263,0.8289999961853027,0.847599983215332
YLR340W,YPR108W,0,-5.2600946,0.08908231556415558,0.8289999961853027,0.8476999998092651
YER094C,YJL014W,0,-5.2602673,0.08907274156808853,0.8289999961853027,0.8478000164031982
YER104W,YGL223C,0,-5.2607365,0.08906317502260208,0.8289999961853027,0.8478999733924866
YKL122C,YKR025W,0,-5.261651,0.08905360102653503,0.8289999961853027,0.8479999899864197
YER013W,YNL038W,0,-5.2627077,0.08904404193162918,0.8289999961853027,0.8481000065803528
YDR341C,YBR288C,0,-5.262761,0.08903447538614273,0.8289999961853027,0.8482000231742859
YKL064W,YPL078C,1,-5.262834,0.08913230150938034,0.8299999833106995,0.8482000231742859
YGL158W,YJR131W,0,-5.263297,0.08912273496389389,0.8299999833106995,0.8482999801635742
YLR254C,YJR082C,0,-5.2633333,0.08911316096782684,0.8299999833106995,0.8483999967575073
YBL099W,YPR020W,1,-5.2635846,0.08921094983816147,0.8309999704360962,0.8483999967575073
YDR228C,YLR023C,0,-5.263727,0.08920137584209442,0.8309999704360962,0.8485000133514404
YBR036C,YHR161C,0,-5.2639875,0.08919180184602737,0.8309999704360962,0.8485999703407288
YOR354C,YMR012W,0,-5.264534,0.08918222784996033,0.8309999704360962,0.8486999869346619
YML010W,YHR150W,0,-5.2646017,0.08917266130447388,0.8309999704360962,0.848800003528595
YDL116W,YGR227W,0,-5.2649746,0.08916308730840683,0.8309999704360962,0.8489000201225281
YNL055C,YNR060W,1,-5.2650814,0.08926080912351608,0.8320000171661377,0.8489000201225281
YNL282W,YPL032C,0,-5.265219,0.08925123512744904,0.8320000171661377,0.8489999771118164
YNR001C,YLR229C,0,-5.2657127,0.08924166113138199,0.8320000171661377,0.8490999937057495
YCR081W,YHR166C,0,-5.2657776,0.08923208713531494,0.8320000171661377,0.8492000102996826
YBR121C,YLR145W,0,-5.2661448,0.08922252058982849,0.8320000171661377,0.8493000268936157
YML025C,YCL010C,0,-5.2665052,0.08921295404434204,0.8320000171661377,0.849399983882904
YML048W,YGR030C,0,-5.2665114,0.08920338749885559,0.8320000171661377,0.8495000004768372
YBR280C,YMR039C,0,-5.2669015,0.08919382840394974,0.8320000171661377,0.8496000170707703
YDR494W,YHR031C,0,-5.2674527,0.08918426185846329,0.8320000171661377,0.8496999740600586
YNL294C,YFL017W-A,0,-5.2674646,0.08917470276355743,0.8320000171661377,0.8497999906539917
YKR066C,YLR193C,0,-5.267658,0.08916515111923218,0.8320000171661377,0.8499000072479248
YKL189W,YGR020C,0,-5.26781,0.08915559202432632,0.8320000171661377,0.8500000238418579
YGR129W,YBL026W,0,-5.268427,0.08914604038000107,0.8320000171661377,0.8500999808311462
YPR068C,YDR288W,0,-5.2684464,0.08913648873567581,0.8320000171661377,0.8501999974250793
YDL188C,YDR207C,0,-5.268569,0.08912694454193115,0.8320000171661377,0.8503000140190125
YPL055C,YIL022W,0,-5.2689476,0.0891173928976059,0.8320000171661377,0.8503999710083008
YKR083C,YNL268W,0,-5.2691016,0.08910784870386124,0.8320000171661377,0.8504999876022339
YLR340W,YPL100W,0,-5.269878,0.08909830451011658,0.8320000171661377,0.850600004196167
YMR088C,YNL325C,0,-5.2703485,0.08908876776695251,0.8320000171661377,0.8507000207901001
YLR033W,YLR361C,0,-5.270442,0.08907923102378845,0.8320000171661377,0.8507999777793884
YHR176W,YKR028W,0,-5.2706857,0.08906969428062439,0.8320000171661377,0.8508999943733215
YER145C,YJR077C,1,-5.2707787,0.08916720002889633,0.8330000042915344,0.8508999943733215
YCR075C,YOR145C,0,-5.270865,0.08915765583515167,0.8330000042915344,0.8510000109672546
YHR187W,YNL036W,0,-5.270982,0.08914811909198761,0.8330000042915344,0.8511000275611877
YOR151C,YJL192C,0,-5.271143,0.08913857489824295,0.8330000042915344,0.8511999845504761
YKR089C,YGR020C,0,-5.2713604,0.08912903815507889,0.8330000042915344,0.8513000011444092
YER154W,YLR285W,0,-5.2717834,0.08911950141191483,0.8330000042915344,0.8514000177383423
YBR070C,YJL192C,0,-5.271906,0.08910997211933136,0.8330000042915344,0.8514999747276306
YJL008C,YJR082C,0,-5.272244,0.0891004353761673,0.8330000042915344,0.8515999913215637
YMR150C,YPR042C,0,-5.272283,0.08909090608358383,0.8330000042915344,0.8517000079154968
YNL048W,YNL298W,0,-5.272725,0.08908138424158096,0.8330000042915344,0.8518000245094299
YJR060W,YDR489W,0,-5.2728033,0.0890718549489975,0.8330000042915344,0.8518999814987183
YPL094C,YER025W,0,-5.2736654,0.08906233310699463,0.8330000042915344,0.8519999980926514
YPL175W,YMR037C,0,-5.2739954,0.08905281126499176,0.8330000042915344,0.8521000146865845
YIL023C,YGR191W,1,-5.274475,0.08915019035339355,0.8339999914169312,0.8521000146865845
YDL192W,YDR489W,0,-5.2749567,0.08914066106081009,0.8339999914169312,0.8521999716758728
YDR017C,YFL018C,0,-5.2753325,0.08913113176822662,0.8339999914169312,0.8522999882698059
YJL002C,YDR409W,0,-5.275419,0.08912160992622375,0.8339999914169312,0.852400004863739
YLR321C,YDR151C,0,-5.275488,0.08911208808422089,0.8339999914169312,0.8525000214576721
YMR216C,YER040W,0,-5.2755537,0.08910256624221802,0.8339999914169312,0.8525999784469604
YDR135C,YGL127C,0,-5.2761316,0.08909304440021515,0.8339999914169312,0.8526999950408936
YDR394W,YKR099W,0,-5.276187,0.08908353000879288,0.8339999914169312,0.8528000116348267
YBR193C,YNL219C,0,-5.2763634,0.0890740156173706,0.8339999914169312,0.8529000282287598
YEL017C-A,YKR052C,1,-5.276396,0.08917129784822464,0.8349999785423279,0.8529000282287598
YOR033C,YLR329W,0,-5.2765512,0.08916177600622177,0.8349999785423279,0.8529999852180481
YJL041W,YDL201W,0,-5.276956,0.0891522541642189,0.8349999785423279,0.8531000018119812
YMR200W,YOR080W,0,-5.276987,0.08914273232221603,0.8349999785423279,0.8532000184059143
YGL112C,YML110C,0,-5.277739,0.08913321793079376,0.8349999785423279,0.8532999753952026
YLR259C,YBL035C,0,-5.277769,0.08912370353937149,0.8349999785423279,0.8533999919891357
YJR091C,YGL106W,0,-5.2779903,0.08911419659852982,0.8349999785423279,0.8535000085830688
YJL154C,YIL044C,0,-5.2785463,0.08910468220710754,0.8349999785423279,0.853600025177002
YDR073W,YLR231C,0,-5.278588,0.08909517526626587,0.8349999785423279,0.8536999821662903
YJR060W,YJL002C,0,-5.278597,0.0890856683254242,0.8349999785423279,0.8537999987602234
YLR385C,YMR097C,0,-5.278678,0.08907616883516312,0.8349999785423279,0.8539000153541565
YLR147C,YER027C,0,-5.2787256,0.08906666934490204,0.8349999785423279,0.8539999723434448
YPL221W,YAL055W,0,-5.2797747,0.08905716985464096,0.8349999785423279,0.8540999889373779
YNR003C,YPL218W,0,-5.2798157,0.08904767036437988,0.8349999785423279,0.854200005531311
YDR062W,YGL155W,0,-5.2805715,0.0890381708741188,0.8349999785423279,0.8543000221252441
YDR092W,YDR301W,0,-5.281073,0.08902867883443832,0.8349999785423279,0.8543999791145325
YHR163W,YPL204W,0,-5.281145,0.08901918679475784,0.8349999785423279,0.8544999957084656
YMR288W,YJR108W,0,-5.281266,0.08900970220565796,0.8349999785423279,0.8546000123023987
YKR072C,YNL123W,0,-5.281371,0.08900021016597748,0.8349999785423279,0.8547000288963318
YGR003W,YDL235C,0,-5.281385,0.0889907255768776,0.8349999785423279,0.8547999858856201
YKR063C,YGL216W,0,-5.2817864,0.08898124098777771,0.8349999785423279,0.8549000024795532
YDL013W,YDR517W,0,-5.281869,0.08897176384925842,0.8349999785423279,0.8550000190734863
YBR039W,YGR191W,1,-5.2818727,0.08906882256269455,0.8360000252723694,0.8550000190734863
YML038C,YBL023C,0,-5.282027,0.08905933797359467,0.8360000252723694,0.8550999760627747
YFR048W,YDR099W,0,-5.2824345,0.08904985338449478,0.8360000252723694,0.8551999926567078
YLL043W,YMR033W,0,-5.28244,0.0890403687953949,0.8360000252723694,0.8553000092506409
YGL129C,YIL126W,0,-5.282771,0.08903088420629501,0.8360000252723694,0.855400025844574
YPR110C,YKL068W,0,-5.283221,0.08902140706777573,0.8360000252723694,0.8554999828338623
YGL054C,YML115C,0,-5.2832956,0.08901192247867584,0.8360000252723694,0.8555999994277954
YJL146W,YPR006C,0,-5.2840405,0.08900244534015656,0.8360000252723694,0.8557000160217285
YGL247W,YNR001C,0,-5.2847843,0.08899297565221786,0.8360000252723694,0.8557999730110168
YKL143W,YNL186W,0,-5.284871,0.08898349851369858,0.8360000252723694,0.85589998960495
YNR035C,YMR146C,0,-5.2852936,0.08897402882575989,0.8360000252723694,0.8560000061988831
YNL153C,YML061C,0,-5.2857847,0.0889645665884018,0.8360000252723694,0.8561000227928162
YLR259C,YJL087C,0,-5.2864285,0.0889550969004631,0.8360000252723694,0.8561999797821045
YGL008C,YCR098C,1,-5.2864695,0.08905202895402908,0.8370000123977661,0.8561999797821045
YGL048C,YDR513W,0,-5.286519,0.0890425518155098,0.8370000123977661,0.8562999963760376
YKL016C,YDL128W,1,-5.2869186,0.08913945406675339,0.8379999995231628,0.8562999963760376
YNR023W,YPR049C,0,-5.287596,0.0891299694776535,0.8379999995231628,0.8564000129699707
YGL174W,YJL045W,0,-5.2876477,0.08912049233913422,0.8379999995231628,0.8565000295639038
YDR346C,YLR423C,0,-5.28784,0.08911101520061493,0.8379999995231628,0.8565999865531921
YGR014W,YIL008W,0,-5.2878575,0.08910153806209564,0.8379999995231628,0.8567000031471252
YDL148C,YIL034C,0,-5.287945,0.08909206837415695,0.8379999995231628,0.8568000197410583
YDL092W,YOL146W,0,-5.2887406,0.08908259868621826,0.8379999995231628,0.8568999767303467
YDL044C,YMR301C,0,-5.288784,0.08907312899827957,0.8379999995231628,0.8569999933242798
YML038C,YBL035C,0,-5.2895007,0.08906365931034088,0.8379999995231628,0.8571000099182129
YNL293W,YER165W,0,-5.289721,0.08905419707298279,0.8379999995231628,0.857200026512146
YMR227C,YFR021W,0,-5.290006,0.0890447348356247,0.8379999995231628,0.8572999835014343
YDL003W,YPL147W,0,-5.2904477,0.0890352725982666,0.8379999995231628,0.8574000000953674
YBR294W,YNL291C,1,-5.290726,0.08913204818964005,0.8389999866485596,0.8574000000953674
YDR265W,YDR331W,0,-5.291131,0.08912258595228195,0.8389999866485596,0.8575000166893005
YMR200W,YJL209W,0,-5.2911887,0.08911311626434326,0.8389999866485596,0.8575999736785889
YDR208W,YLR405W,0,-5.2915926,0.08910365402698517,0.8389999866485596,0.857699990272522
YBR058C,YJR156C,0,-5.2917304,0.08909419178962708,0.8389999866485596,0.8578000068664551
YLL021W,YOR174W,0,-5.2917876,0.08908472955226898,0.8389999866485596,0.8579000234603882
YLR154C,YNL103W,0,-5.2919126,0.08907527476549149,0.8389999866485596,0.8579999804496765
YPR021C,YNL085W,0,-5.2920294,0.08906581997871399,0.8389999866485596,0.8580999970436096
YOR039W,YMR186W,0,-5.2920465,0.08905636519193649,0.8389999866485596,0.8582000136375427
YBR211C,YGR129W,0,-5.292244,0.089046910405159,0.8389999866485596,0.858299970626831
YGR239C,YHR111W,0,-5.2925777,0.0890374630689621,0.8389999866485596,0.8583999872207642
YER154W,YOL148C,0,-5.2927485,0.0890280157327652,0.8389999866485596,0.8585000038146973
YOL040C,YPL181W,0,-5.2932334,0.0890185683965683,0.8389999866485596,0.8586000204086304
YBL090W,YOR174W,0,-5.2934284,0.0890091210603714,0.8389999866485596,0.8586999773979187
YJR104C,YGL063W,0,-5.293893,0.0889996811747551,0.8389999866485596,0.8587999939918518
YIL036W,YNL064C,0,-5.2940445,0.0889902412891388,0.8389999866485596,0.8589000105857849
YMR264W,YGL227W,0,-5.294129,0.08898080140352249,0.8389999866485596,0.859000027179718
YNR046W,YKL143W,0,-5.2944713,0.08897136896848679,0.8389999866485596,0.8590999841690063
YBL007C,YPR073C,0,-5.2955112,0.08896193653345108,0.8389999866485596,0.8592000007629395
YOR353C,YPL145C,0,-5.2955866,0.08895250409841537,0.8389999866485596,0.8593000173568726
YDL044C,YOL063C,0,-5.295588,0.08894307166337967,0.8389999866485596,0.8593999743461609
YLR362W,YJL019W,0,-5.2960725,0.08893364667892456,0.8389999866485596,0.859499990940094
YDR483W,YPL046C,0,-5.2961183,0.08892422169446945,0.8389999866485596,0.8596000075340271
YMR234W,YDL019C,0,-5.296418,0.08891479671001434,0.8389999866485596,0.8597000241279602
YIL114C,YPR067W,1,-5.2964263,0.08901134133338928,0.8399999737739563,0.8597000241279602
YLR362W,YBL085W,0,-5.2970057,0.08900190889835358,0.8399999737739563,0.8597999811172485
YDR329C,YOL127W,0,-5.297007,0.08899247646331787,0.8399999737739563,0.8598999977111816
YIL122W,YIL038C,0,-5.297868,0.08898305147886276,0.8399999737739563,0.8600000143051147
YJL156C,YNL167C,0,-5.297947,0.08897362649440765,0.8399999737739563,0.8600999712944031
YGL194C,YAL042W,0,-5.300164,0.08896420150995255,0.8399999737739563,0.8601999878883362
YGR132C,YER105C,0,-5.300313,0.08895478397607803,0.8399999737739563,0.8603000044822693
YOR136W,YBL102W,0,-5.300515,0.08894535899162292,0.8399999737739563,0.8604000210762024
YBR211C,YGR172C,0,-5.3007307,0.08893594145774841,0.8399999737739563,0.8604999780654907
YGR262C,YDL212W,0,-5.3009357,0.0889265313744545,0.8399999737739563,0.8605999946594238
YER112W,YGL097W,0,-5.301003,0.08891711384057999,0.8399999737739563,0.8607000112533569
YER154W,YNL268W,0,-5.3012524,0.08890770375728607,0.8399999737739563,0.86080002784729
YBL064C,YGR268C,0,-5.3012905,0.08889829367399216,0.8399999737739563,0.8608999848365784
YJL002C,YPR189W,0,-5.301358,0.08888889104127884,0.8399999737739563,0.8610000014305115
YOR002W,YGR063C,0,-5.301404,0.08887948095798492,0.8399999737739563,0.8611000180244446
YBR165W,YOL129W,0,-5.3014116,0.0888700783252716,0.8399999737739563,0.8611999750137329
YNR046W,YDR058C,0,-5.301565,0.08886067569255829,0.8399999737739563,0.861299991607666
YKR063C,YAR014C,0,-5.3015833,0.08885128051042557,0.8399999737739563,0.8614000082015991
YOR269W,YJR004C,0,-5.301763,0.08884188532829285,0.8399999737739563,0.8615000247955322
YMR173W,YBR058C,0,-5.302405,0.08883249014616013,0.8399999737739563,0.8615999817848206
YHR008C,YDL185W,0,-5.3030157,0.0888230949640274,0.8399999737739563,0.8616999983787537
YAL043C,YFR002W,0,-5.303322,0.08881369978189468,0.8399999737739563,0.8618000149726868
YPR029C,YDL047W,0,-5.303743,0.08880431205034256,0.8399999737739563,0.8618999719619751
YPR042C,YLR221C,0,-5.3037996,0.08879492431879044,0.8399999737739563,0.8619999885559082
YCR014C,YPR083W,0,-5.303892,0.08878554403781891,0.8399999737739563,0.8621000051498413
YAR033W,YJL073W,0,-5.304104,0.08877615630626678,0.8399999737739563,0.8622000217437744
YLL006W,YLR176C,0,-5.30423,0.08876677602529526,0.8399999737739563,0.8622999787330627
YBR109C,YDL035C,0,-5.304393,0.08875739574432373,0.8399999737739563,0.8623999953269958
YKR055W,YDR376W,0,-5.3051143,0.0887480154633522,0.8399999737739563,0.862500011920929
YCR106W,YLR023C,0,-5.3056474,0.08873864263296127,0.8399999737739563,0.8626000285148621
YPR007C,YGR227W,0,-5.3061404,0.08872926980257034,0.8399999737739563,0.8626999855041504
YKL149C,YJL204C,0,-5.3062057,0.08871989697217941,0.8399999737739563,0.8628000020980835
YLR368W,YGR082W,0,-5.3062477,0.08871053159236908,0.8399999737739563,0.8629000186920166
YNL084C,YHR135C,0,-5.306278,0.08870115876197815,0.8399999737739563,0.8629999756813049
YFL039C,YPR072W,0,-5.306587,0.08869179338216782,0.8399999737739563,0.863099992275238
YCR037C,YDR276C,1,-5.306806,0.08878801017999649,0.8410000205039978,0.863099992275238
YIL070C,YOR241W,0,-5.3071175,0.08877863734960556,0.8410000205039978,0.8632000088691711
YOR210W,YBR274W,0,-5.307144,0.08876926451921463,0.8410000205039978,0.8633000254631042
YLR066W,YGR010W,0,-5.307772,0.0887598916888237,0.8410000205039978,0.8633999824523926
YDR073W,YPL119C,0,-5.30797,0.08875052630901337,0.8410000205039978,0.8634999990463257
YGR202C,YDR129C,0,-5.3080425,0.08874116092920303,0.8410000205039978,0.8636000156402588
YDR434W,YDR443C,0,-5.3085666,0.0887318029999733,0.8410000205039978,0.8636999726295471
YJL014W,YOR149C,0,-5.308689,0.08872243762016296,0.8410000205039978,0.8637999892234802
YJR006W,YIL126W,0,-5.3087387,0.08871307969093323,0.8410000205039978,0.8639000058174133
YFL022C,YPL026C,0,-5.3090363,0.08870372176170349,0.8410000205039978,0.8640000224113464
YIL122W,YMR163C,0,-5.3092394,0.08869437128305435,0.8410000205039978,0.8640999794006348
YHR096C,YJL025W,0,-5.3092394,0.08868501335382462,0.8410000205039978,0.8641999959945679
YGR046W,YGL150C,0,-5.309262,0.08867566287517548,0.8410000205039978,0.864300012588501
YDL020C,YBR084W,0,-5.3093233,0.08866631239652634,0.8410000205039978,0.8644000291824341
YGR002C,YDR447C,0,-5.3097353,0.0886569693684578,0.8410000205039978,0.8644999861717224
YDR247W,YDR189W,0,-5.310112,0.08864762634038925,0.8410000205039978,0.8646000027656555
YDL106C,YLR246W,0,-5.310219,0.08863828331232071,0.8410000205039978,0.8647000193595886
YER018C,YMR146C,0,-5.310339,0.08862894028425217,0.8410000205039978,0.864799976348877
YDR080W,YOR210W,0,-5.3105016,0.08861959725618362,0.8410000205039978,0.8648999929428101
YOL044W,YHR038W,0,-5.310755,0.08861026167869568,0.8410000205039978,0.8650000095367432
YDR045C,YLR193C,0,-5.311453,0.08860092610120773,0.8410000205039978,0.8651000261306763
YAL030W,YLR195C,0,-5.3117466,0.08859159052371979,0.8410000205039978,0.8651999831199646
YJL154C,YGR047C,0,-5.3122983,0.08858226239681244,0.8410000205039978,0.8652999997138977
YKL099C,YPR072W,0,-5.312955,0.08857293426990509,0.8410000205039978,0.8654000163078308
YJR118C,YFL033C,0,-5.3131366,0.08856360614299774,0.8410000205039978,0.8654999732971191
YHR012W,YKL029C,0,-5.313325,0.0885542780160904,0.8410000205039978,0.8655999898910522
YCL024W,YDL030W,0,-5.3140116,0.08854495733976364,0.8410000205039978,0.8657000064849854
YLR397C,YOR001W,0,-5.314272,0.08853563666343689,0.8410000205039978,0.8658000230789185
YDR002W,YOR113W,0,-5.31507,0.08852631598711014,0.8410000205039978,0.8658999800682068
YPR056W,YOR117W,0,-5.3151517,0.08851699531078339,0.8410000205039978,0.8659999966621399
YDR052C,YGR028W,0,-5.3153615,0.08850768208503723,0.8410000205039978,0.866100013256073
YLR100W,YHR150W,0,-5.3155065,0.08849836885929108,0.8410000205039978,0.8661999702453613
YNL253W,YDR172W,0,-5.3159833,0.08848905563354492,0.8410000205039978,0.8662999868392944
YDR145W,YJR025C,0,-5.3164053,0.08847974985837936,0.8410000205039978,0.8664000034332275
YNL282W,YOR174W,0,-5.317542,0.08847043663263321,0.8410000205039978,0.8665000200271606
YIL121W,YBR296C,1,-5.317809,0.08856631815433502,0.8420000076293945,0.8665000200271606
YDR231C,YBL032W,0,-5.318251,0.08855700492858887,0.8420000076293945,0.866599977016449
YJR013W,YML034W,0,-5.319725,0.08854769170284271,0.8420000076293945,0.8666999936103821
YHR072W,YGR220C,0,-5.3203206,0.08853837847709656,0.8420000076293945,0.8668000102043152
YJR077C,YDR298C,1,-5.3214073,0.08863421529531479,0.8429999947547913,0.8668000102043152
YDL188C,YEL071W,0,-5.321513,0.08862489461898804,0.8429999947547913,0.8669000267982483
YAR033W,YBR279W,0,-5.322463,0.08861558139324188,0.8429999947547913,0.8669999837875366
YOL105C,YLR361C,0,-5.3228073,0.08860626816749573,0.8429999947547913,0.8671000003814697
YDR073W,YIL106W,0,-5.3228083,0.08859695494174957,0.8429999947547913,0.8672000169754028
YPL140C,YMR293C,0,-5.3228445,0.08858764171600342,0.8429999947547913,0.8672999739646912
YPL274W,YMR208W,0,-5.3230896,0.08857833594083786,0.8429999947547913,0.8673999905586243
YPL040C,YBR218C,0,-5.3233356,0.0885690301656723,0.8429999947547913,0.8675000071525574
YOL105C,YNL304W,0,-5.3234057,0.08855972439050674,0.8429999947547913,0.8676000237464905
YNL275W,YOR080W,0,-5.3234496,0.08855041861534119,0.8429999947547913,0.8676999807357788
YBL050W,YIR026C,0,-5.3235106,0.08854112029075623,0.8429999947547913,0.8677999973297119
YBR121C,YPR094W,0,-5.323997,0.08853182196617126,0.8429999947547913,0.867900013923645
YMR070W,YFR052W,0,-5.32459,0.0885225236415863,0.8429999947547913,0.8679999709129333
YER116C,YDL192W,0,-5.3247356,0.08851323276758194,0.8429999947547913,0.8680999875068665
YFR041C,YDL198C,0,-5.324825,0.08850393444299698,0.8429999947547913,0.8682000041007996
YPL042C,YER161C,0,-5.325108,0.08849464356899261,0.8429999947547913,0.8683000206947327
YPL115C,YER162C,0,-5.3252172,0.08848536014556885,0.8429999947547913,0.868399977684021
YOR204W,YDL197C,0,-5.3258085,0.08847606927156448,0.8429999947547913,0.8684999942779541
YGR024C,YIL105C,0,-5.326924,0.08846678584814072,0.8429999947547913,0.8686000108718872
YPR033C,YKR083C,0,-5.327092,0.08845750242471695,0.8429999947547913,0.8687000274658203
YOL135C,YFL034C-B,0,-5.32734,0.08844821900129318,0.8429999947547913,0.8687999844551086
YHR030C,YOR335C,0,-5.327512,0.08843894302845001,0.8429999947547913,0.8689000010490417
YBR286W,YJL090C,0,-5.3275976,0.08842966705560684,0.8429999947547913,0.8690000176429749
YNR057C,YLL038C,0,-5.328242,0.08842039108276367,0.8429999947547913,0.8690999746322632
YOL033W,YJR068W,0,-5.328277,0.0884111151099205,0.8429999947547913,0.8691999912261963
YPR111W,YOR160W,0,-5.328817,0.08840184658765793,0.8429999947547913,0.8693000078201294
YOL135C,YAR002W,0,-5.3301826,0.08839257806539536,0.8429999947547913,0.8694000244140625
YPL119C,YNL328C,0,-5.330357,0.08838330954313278,0.8429999947547913,0.8694999814033508
YDL108W,YKL166C,0,-5.3303995,0.08837404102087021,0.8429999947547913,0.8695999979972839
YAL041W,YJR160C,0,-5.331383,0.08836477994918823,0.8429999947547913,0.869700014591217
YBR098W,YGL223C,0,-5.3314514,0.08835551887750626,0.8429999947547913,0.8697999715805054
YMR054W,YDL115C,0,-5.3314734,0.08834625780582428,0.8429999947547913,0.8698999881744385
YBR295W,YIL114C,1,-5.3318934,0.08844178915023804,0.843999981880188,0.8698999881744385
YGR183C,YNL002C,0,-5.331914,0.08843252062797546,0.843999981880188,0.8700000047683716
YLR003C,YOR288C,0,-5.3322725,0.08842325955629349,0.843999981880188,0.8701000213623047
YGL195W,YIL042C,0,-5.33235,0.08841399848461151,0.843999981880188,0.870199978351593
YKL108W,YIL004C,0,-5.332712,0.08840473741292953,0.843999981880188,0.8702999949455261
YJL210W,YLR221C,0,-5.3328404,0.08839547634124756,0.843999981880188,0.8704000115394592
YLR368W,YKL025C,0,-5.333248,0.08838621526956558,0.843999981880188,0.8705000281333923
YHR102W,YNL094W,0,-5.33389,0.0883769616484642,0.843999981880188,0.8705999851226807
YER133W,YCL051W,0,-5.333905,0.08836770802736282,0.843999981880188,0.8707000017166138
YGR262C,YGL143C,0,-5.3340454,0.08835846185684204,0.843999981880188,0.8708000183105469
YIL039W,YOR067C,0,-5.3350496,0.08834920823574066,0.843999981880188,0.8708999752998352
YNL192W,YJR126C,0,-5.335135,0.08833996206521988,0.843999981880188,0.8709999918937683
YLR314C,YOR100C,0,-5.33544,0.0883307158946991,0.843999981880188,0.8711000084877014
YKR037C,YGR199W,0,-5.3355875,0.08832146972417831,0.843999981880188,0.8712000250816345
YJL143W,YOR372C,0,-5.335804,0.08831223100423813,0.843999981880188,0.8712999820709229
YKL117W,YMR026C,0,-5.335836,0.08830299228429794,0.843999981880188,0.871399998664856
YDR073W,YGL223C,0,-5.335911,0.08829375356435776,0.843999981880188,0.8715000152587891
YHR050W,YJL198W,1,-5.3370943,0.08838912099599838,0.8450000286102295,0.8715000152587891
YJR070C,YLL006W,0,-5.3371897,0.0883798748254776,0.8450000286102295,0.8715999722480774
YHR026W,YMR285C,0,-5.337215,0.08837063610553741,0.8450000286102295,0.8716999888420105
YPR008W,YOR056C,0,-5.3384557,0.08836138993501663,0.8450000286102295,0.8718000054359436
YNL280C,YPL228W,0,-5.3390756,0.08835215121507645,0.8450000286102295,0.8719000220298767
YBR247C,YOR224C,0,-5.3396387,0.08834291994571686,0.8450000286102295,0.871999979019165
YBR254C,YJL052W,0,-5.3401766,0.08833368122577667,0.8450000286102295,0.8720999956130981
YCL011C,YLR192C,0,-5.340271,0.08832444995641708,0.8450000286102295,0.8722000122070312
YPL028W,YHR015W,0,-5.3416815,0.0883152186870575,0.8450000286102295,0.8723000288009644
YGL143C,YKL113C,0,-5.3427343,0.0883059874176979,0.8450000286102295,0.8723999857902527
YNR003C,YDL120W,0,-5.3429003,0.08829676359891891,0.8450000286102295,0.8725000023841858
YEL017C-A,YPL060W,1,-5.343209,0.08839201927185059,0.8460000157356262,0.8725000023841858
YOR039W,YDL116W,0,-5.343288,0.0883827805519104,0.8460000157356262,0.8726000189781189
YHR041C,YHL028W,0,-5.3435817,0.08837354928255081,0.8460000157356262,0.8726999759674072
YGL025C,YGL233W,0,-5.343716,0.08836431801319122,0.8460000157356262,0.8727999925613403
YEL037C,YKL165C,0,-5.344614,0.08835509419441223,0.8460000157356262,0.8729000091552734
YIL147C,YOR327C,0,-5.3450136,0.08834586292505264,0.8460000157356262,0.8730000257492065
YKL101W,YDR318W,0,-5.3451357,0.08833663910627365,0.8460000157356262,0.8730999827384949
YOL130W,YOL027C,1,-5.345846,0.08843182027339935,0.847000002861023,0.8730999827384949
YCR067C,YGL207W,0,-5.3458557,0.08842258900403976,0.847000002861023,0.873199999332428
YLR398C,YNL068C,0,-5.3459325,0.08841335773468018,0.847000002861023,0.8733000159263611
YGL129C,YMR006C,0,-5.3472843,0.08840413391590118,0.847000002861023,0.8733999729156494
YPL011C,YFL004W,0,-5.3476734,0.08839491009712219,0.847000002861023,0.8734999895095825
YDR140W,YPL203W,0,-5.3482323,0.0883856862783432,0.847000002861023,0.8736000061035156
YEL017C-A,YBR037C,1,-5.348315,0.08848080039024353,0.8479999899864197,0.8736000061035156
YGR193C,YOR023C,0,-5.3483744,0.08847156912088394,0.8479999899864197,0.8737000226974487
YOR179C,YDR341C,0,-5.3489375,0.08846233785152435,0.8479999899864197,0.8737999796867371
YOR171C,YGR156W,0,-5.3493342,0.08845311403274536,0.8479999899864197,0.8738999962806702
YLR006C,YPL008W,0,-5.349565,0.08844389021396637,0.8479999899864197,0.8740000128746033
YCR038C,YNL219C,0,-5.349919,0.08843466639518738,0.8479999899864197,0.8741000294685364
YOR260W,YDL065C,0,-5.3499675,0.08842544257640839,0.8479999899864197,0.8741999864578247
YLR201C,YNL331C,0,-5.3503156,0.08841622620820999,0.8479999899864197,0.8743000030517578
YKL191W,YPL239W,0,-5.3507476,0.088407002389431,0.8479999899864197,0.8744000196456909
YJL008C,YMR156C,0,-5.3510346,0.0883977934718132,0.8479999899864197,0.8744999766349792
YKR022C,YLR034C,0,-5.3511295,0.08838857710361481,0.8479999899864197,0.8745999932289124
YKL064W,YGR191W,1,-5.351286,0.08848358690738678,0.8489999771118164,0.8745999932289124
YLR459W,YKL101W,0,-5.351388,0.08847436308860779,0.8489999771118164,0.8747000098228455
YDL035C,YDR113C,0,-5.3518653,0.0884651467204094,0.8489999771118164,0.8748000264167786
YLR222C,YBL004W,0,-5.3518705,0.088455930352211,0.8489999771118164,0.8748999834060669
YIL023C,YBR024W,1,-5.3521276,0.08855088800191879,0.8500000238418579,0.8748999834060669
YGL124C,YML024W,0,-5.3524637,0.0885416641831398,0.8500000238418579,0.875
YLR069C,YPL153C,0,-5.3526545,0.0885324478149414,0.8500000238418579,0.8751000165939331
YDR040C,YML121W,1,-5.3549175,0.08862736821174622,0.8510000109672546,0.8751000165939331
YJL165C,YNL038W,0,-5.3550925,0.08861813694238663,0.8510000109672546,0.8751999735832214
YKL172W,YBR035C,0,-5.355211,0.08860891312360764,0.8510000109672546,0.8752999901771545
YAL041W,YIR015W,0,-5.355337,0.08859968930482864,0.8510000109672546,0.8754000067710876
YBR087W,YPL237W,0,-5.3554068,0.08859046548604965,0.8510000109672546,0.8755000233650208
YOL043C,YGR155W,0,-5.355957,0.08858124166727066,0.8510000109672546,0.8755999803543091
YPL020C,YMR211W,0,-5.35661,0.08857202529907227,0.8510000109672546,0.8756999969482422
YDR177W,YMR005W,0,-5.3572135,0.08856280893087387,0.8510000109672546,0.8758000135421753
YIL114C,YNR013C,1,-5.358612,0.08865764737129211,0.8519999980926514,0.8758000135421753
YGL005C,YEL030W,0,-5.358901,0.08864842355251312,0.8519999980926514,0.8758999705314636
YPL164C,YPR104C,0,-5.3589334,0.08863919973373413,0.8519999980926514,0.8759999871253967
YDR160W,YJL019W,0,-5.3591356,0.08862998336553574,0.8519999980926514,0.8761000037193298
YMR077C,YGR261C,0,-5.359339,0.08862075954675674,0.8519999980926514,0.8762000203132629
YPL069C,YJL073W,0,-5.359426,0.08861154317855835,0.8519999980926514,0.8762999773025513
YDR126W,YKL134C,0,-5.359527,0.08860232681035995,0.8519999980926514,0.8763999938964844
YNL197C,YCR066W,0,-5.3596067,0.08859311789274216,0.8519999980926514,0.8765000104904175
YOL005C,YKL140W,0,-5.3598356,0.08858390152454376,0.8519999980926514,0.8766000270843506
YGL068W,YGL004C,0,-5.3600855,0.08857469260692596,0.8519999980926514,0.8766999840736389
YNL015W,YGL201C,0,-5.3605056,0.08856549113988876,0.8519999980926514,0.876800000667572
YNL061W,YLR165C,0,-5.360666,0.08855628222227097,0.8519999980926514,0.8769000172615051
YOR334W,YML121W,1,-5.360977,0.08865100890398026,0.8529999852180481,0.8769000172615051
YGR183C,YOR011W,0,-5.3622446,0.08864179253578186,0.8529999852180481,0.8769999742507935
YBL019W,YGR038W,0,-5.3627777,0.08863258361816406,0.8529999852180481,0.8770999908447266
YER155C,YGR268C,0,-5.36333,0.08862337470054626,0.8529999852180481,0.8772000074386597
YDR322C-A,YNL291C,1,-5.3634276,0.08871805667877197,0.8539999723434448,0.8772000074386597
YMR298W,YDR142C,0,-5.365627,0.08870884031057358,0.8539999723434448,0.8773000240325928
YKL170W,YOR329C,0,-5.3664427,0.08869962394237518,0.8539999723434448,0.8773999810218811
YHR061C,YPL153C,0,-5.366494,0.08869041502475739,0.8539999723434448,0.8774999976158142
YBR295W,YGR257C,1,-5.36656,0.08878504484891891,0.8550000190734863,0.8774999976158142
YGR216C,YLR026C,0,-5.367098,0.08877582848072052,0.8550000190734863,0.8776000142097473
YJL134W,YMR201C,0,-5.3671284,0.08876661211252213,0.8550000190734863,0.8776999711990356
YKL064W,YML121W,1,-5.367197,0.08886120468378067,0.8560000061988831,0.8776999711990356
YBL099W,YHR050W,1,-5.3673096,0.08895578235387802,0.8569999933242798,0.8776999711990356
YKL099C,YDR037W,0,-5.367386,0.08894655108451843,0.8569999933242798,0.8777999877929688
YJL002C,YML127W,0,-5.367507,0.08893731981515884,0.8569999933242798,0.8779000043869019
YIL110W,YPL177C,0,-5.367589,0.08892808854579926,0.8569999933242798,0.878000020980835
YGR038W,YIR010W,0,-5.3682137,0.08891886472702026,0.8569999933242798,0.8780999779701233
YCR061W,YOR207C,0,-5.369022,0.08890964090824127,0.8569999933242798,0.8781999945640564
YDR422C,YNR011C,0,-5.369131,0.08890041708946228,0.8569999933242798,0.8783000111579895
YDR236C,YDL019C,0,-5.369464,0.08889119327068329,0.8569999933242798,0.8784000277519226
YOL133W,YGR285C,0,-5.3695054,0.0888819769024849,0.8569999933242798,0.8784999847412109
YDR494W,YGL066W,0,-5.369521,0.0888727605342865,0.8569999933242798,0.878600001335144
YOR040W,YNL038W,0,-5.3695784,0.0888635441660881,0.8569999933242798,0.8787000179290771
YPL175W,YLR350W,0,-5.3698416,0.08885432779788971,0.8569999933242798,0.8787999749183655
YKL016C,YML081C-A,1,-5.3700256,0.08894878625869751,0.8579999804496765,0.8787999749183655
YMR305C,YML007W,0,-5.3701873,0.08893956989049911,0.8579999804496765,0.8788999915122986
YPL221W,YJR019C,0,-5.3704424,0.08893034607172012,0.8579999804496765,0.8790000081062317
YNL291C,YPR138C,1,-5.3705134,0.08902476727962494,0.859000027179718,0.8790000081062317
YER061C,YOR320C,0,-5.370736,0.08901554346084595,0.859000027179718,0.8791000247001648
YDR486C,YGR002C,0,-5.370973,0.08900631964206696,0.859000027179718,0.8791999816894531
YOR341W,YGR010W,0,-5.3712754,0.08899709582328796,0.859000027179718,0.8792999982833862
YJR019C,YLR165C,0,-5.371305,0.08898787945508957,0.859000027179718,0.8794000148773193
YGR008C,YGR191W,1,-5.3717318,0.0890822485089302,0.8600000143051147,0.8794000148773193
YJL207C,YLR394W,0,-5.3723454,0.08907301723957062,0.8600000143051147,0.8794999718666077
YHR001W,YNL044W,0,-5.3731213,0.08906379342079163,0.8600000143051147,0.8795999884605408
YGR002C,YGL098W,0,-5.3735685,0.08905456960201263,0.8600000143051147,0.8797000050544739
YBR260C,YIL073C,0,-5.37422,0.08904535323381424,0.8600000143051147,0.879800021648407
YDL004W,YIL023C,1,-5.3743715,0.0891396626830101,0.8610000014305115,0.879800021648407
YNR043W,YGR163W,0,-5.3743725,0.08913043141365051,0.8610000014305115,0.8798999786376953
YNR027W,YBR275C,0,-5.374383,0.08912120759487152,0.8610000014305115,0.8799999952316284
YML058W,YHR041C,0,-5.3744426,0.08911198377609253,0.8610000014305115,0.8801000118255615
YIR004W,YPL234C,0,-5.374802,0.08910275995731354,0.8610000014305115,0.8802000284194946
YKL119C,YBR288C,0,-5.374812,0.08909354358911514,0.8610000014305115,0.880299985408783
YML057W,YDR440W,0,-5.374855,0.08908432722091675,0.8610000014305115,0.8804000020027161
YDL185W,YDR404C,0,-5.375306,0.08907511085271835,0.8610000014305115,0.8805000185966492
YKR072C,YBR195C,0,-5.375571,0.08906589448451996,0.8610000014305115,0.8805999755859375
YDL055C,YBR164C,0,-5.375786,0.08905667811632156,0.8610000014305115,0.8806999921798706
YGL006W,YBR024W,1,-5.3762774,0.08915089815855026,0.8619999885559082,0.8806999921798706
YLR265C,YNR030W,0,-5.3763256,0.08914167433977127,0.8619999885559082,0.8808000087738037
YBR043C,YNL268W,0,-5.3763294,0.08913245797157288,0.8619999885559082,0.8809000253677368
YDL074C,YGL200C,0,-5.3763614,0.08912324160337448,0.8619999885559082,0.8809999823570251
YLR141W,YMR023C,0,-5.377755,0.08911402523517609,0.8619999885559082,0.8810999989509583
YOR069W,YNL278W,0,-5.3781075,0.08910481631755829,0.8619999885559082,0.8812000155448914
YDR499W,YEL018W,0,-5.378799,0.08909560739994049,0.8619999885559082,0.8812999725341797
YIL052C,YPL240C,0,-5.3788586,0.08908639848232269,0.8619999885559082,0.8813999891281128
YAR033W,YFR046C,0,-5.3795853,0.08907719701528549,0.8619999885559082,0.8815000057220459
YDR206W,YPL098C,0,-5.3797398,0.0890679880976677,0.8619999885559082,0.881600022315979
YJL140W,YNL082W,0,-5.380492,0.0890587866306305,0.8619999885559082,0.8816999793052673
YKL194C,YLR119W,0,-5.3814874,0.08904958516359329,0.8619999885559082,0.8817999958992004
YKL206C,YJL187C,0,-5.3817883,0.08904039114713669,0.8619999885559082,0.8819000124931335
YDR293C,YDR440W,0,-5.382372,0.08903118968009949,0.8619999885559082,0.8820000290870667
YMR006C,YEL026W,0,-5.3825197,0.08902199566364288,0.8619999885559082,0.882099986076355
YAL007C,YJL052W,0,-5.3833942,0.08901280164718628,0.8619999885559082,0.8822000026702881
YGR141W,YLL006W,0,-5.3836412,0.08900361508131027,0.8619999885559082,0.8823000192642212
YNL066W,YLR096W,0,-5.3840766,0.08899442851543427,0.8619999885559082,0.8823999762535095
YKR037C,YOR194C,0,-5.384292,0.08898523449897766,0.8619999885559082,0.8824999928474426
YOR327C,YER061C,0,-5.384577,0.08897605538368225,0.8619999885559082,0.8826000094413757
YOL135C,YDR113C,0,-5.384914,0.08896686881780624,0.8619999885559082,0.8827000260353088
YML093W,YGR156W,0,-5.3854647,0.08895768970251083,0.8619999885559082,0.8827999830245972
YLR292C,YLR453C,0,-5.3856726,0.08894851058721542,0.8619999885559082,0.8828999996185303
YPL117C,YLR163C,0,-5.385762,0.08893933147192001,0.8619999885559082,0.8830000162124634
YCR039C,YDR062W,0,-5.386051,0.0889301523566246,0.8619999885559082,0.8830999732017517
YFR041C,YPL058C,0,-5.386201,0.08892098069190979,0.8619999885559082,0.8831999897956848
YJL210W,YMR231W,0,-5.3864145,0.08891180902719498,0.8619999885559082,0.8833000063896179
YBR195C,YOL043C,0,-5.387141,0.08890263736248016,0.8619999885559082,0.883400022983551
YLR200W,YLR361C,0,-5.38743,0.08889347314834595,0.8619999885559082,0.8834999799728394
YLR079W,YOR354C,0,-5.3877535,0.08888430893421173,0.8619999885559082,0.8835999965667725
YDR208W,YOL068C,0,-5.3885317,0.08887514472007751,0.8619999885559082,0.8837000131607056
YAL009W,YPR125W,0,-5.3887815,0.0888659805059433,0.8619999885559082,0.8838000297546387
YCL031C,YGL011C,0,-5.3888416,0.08885681629180908,0.8619999885559082,0.883899986743927
YLR246W,YIR011C,0,-5.3891873,0.08884765952825546,0.8619999885559082,0.8840000033378601
YIL063C,YML078W,0,-5.3892393,0.08883850276470184,0.8619999885559082,0.8841000199317932
YLR369W,YLR165C,0,-5.389261,0.08882934600114822,0.8619999885559082,0.8841999769210815
YLR369W,YNL009W,0,-5.389641,0.0888201966881752,0.8619999885559082,0.8842999935150146
YJL165C,YBR060C,0,-5.390135,0.08881104737520218,0.8619999885559082,0.8844000101089478
YOL130W,YJL117W,1,-5.390266,0.08890491724014282,0.8629999756813049,0.8844000101089478
YHR183W,YDR151C,0,-5.391262,0.0888957530260086,0.8629999756813049,0.8845000267028809
YNL241C,YDR362C,0,-5.3912807,0.08888660371303558,0.8629999756813049,0.8845999836921692
YMR039C,YBR293W,0,-5.392153,0.08887744694948196,0.8629999756813049,0.8847000002861023
YDR453C,YMR128W,0,-5.392503,0.08886829018592834,0.8629999756813049,0.8848000168800354
YFR027W,YDR075W,0,-5.39382,0.08885914087295532,0.8629999756813049,0.8848999738693237
YDR005C,YBR273C,0,-5.3939114,0.0888499915599823,0.8629999756813049,0.8849999904632568
YJR076C,YMR054W,0,-5.3939285,0.08884084969758987,0.8629999756813049,0.8851000070571899
YDR091C,YKL049C,0,-5.394055,0.08883170038461685,0.8629999756813049,0.885200023651123
YBL019W,YBR095C,0,-5.3941784,0.08882255852222443,0.8629999756813049,0.8852999806404114
YDL035C,YNR046W,0,-5.3945966,0.088813416659832,0.8629999756813049,0.8853999972343445
YDR236C,YBR165W,0,-5.3947535,0.08880428224802017,0.8629999756813049,0.8855000138282776
YGL051W,YPR083W,0,-5.3950815,0.08879514038562775,0.8629999756813049,0.8855999708175659
YBR212W,YOL042W,0,-5.39515,0.08878600597381592,0.8629999756813049,0.885699987411499
YER145C,YNL055C,1,-5.395857,0.08887974172830582,0.8640000224113464,0.885699987411499
YJL117W,YFL050C,1,-5.3960395,0.08897346258163452,0.8650000095367432,0.885699987411499
YDR251W,YBR253W,0,-5.3964777,0.0889643132686615,0.8650000095367432,0.8858000040054321
YJL029C,YIR022W,0,-5.396891,0.08895516395568848,0.8650000095367432,0.8859000205993652
YHR190W,YHR026W,0,-5.3975086,0.08894601464271545,0.8650000095367432,0.8859999775886536
YLR417W,YDR311W,0,-5.3980346,0.08893687278032303,0.8650000095367432,0.8860999941825867
YLR417W,YLR340W,0,-5.3982706,0.08892772346735,0.8650000095367432,0.8862000107765198
YOR353C,YIR004W,0,-5.398281,0.08891858905553818,0.8650000095367432,0.8863000273704529
YIL147C,YML067C,0,-5.3985662,0.08890944719314575,0.8650000095367432,0.8863999843597412
YOR243C,YDR037W,0,-5.399454,0.08890030533075333,0.8650000095367432,0.8865000009536743
YML120C,YHR111W,0,-5.3994646,0.0888911709189415,0.8650000095367432,0.8866000175476074
YBR254C,YNL268W,0,-5.399501,0.08888203650712967,0.8650000095367432,0.8866999745368958
YGL142C,YGL257C,0,-5.400196,0.08887290954589844,0.8650000095367432,0.8867999911308289
YBR039W,YFL050C,1,-5.400976,0.08896651118993759,0.8659999966621399,0.8867999911308289
YNL084C,YHR031C,0,-5.4012327,0.08895736932754517,0.8659999966621399,0.886900007724762
YGR099W,YLL038C,0,-5.4017515,0.08894823491573334,0.8659999966621399,0.8870000243186951
YKL126W,YEL013W,0,-5.4020085,0.08893910050392151,0.8659999966621399,0.8870999813079834
YPR068C,YPL115C,0,-5.402705,0.08892996609210968,0.8659999966621399,0.8871999979019165
YNL264C,YHR116W,0,-5.4030046,0.08892083168029785,0.8659999966621399,0.8873000144958496
YLR079W,YML062C,0,-5.403081,0.08891170471906662,0.8659999966621399,0.8873999714851379
YKL189W,YDL003W,0,-5.403245,0.08890257775783539,0.8659999966621399,0.887499988079071
YEL037C,YNL031C,0,-5.403274,0.08889345079660416,0.8659999966621399,0.8876000046730042
YNL003C,YBL074C,0,-5.4032927,0.08888432383537292,0.8659999966621399,0.8877000212669373
YLR079W,YDR211W,0,-5.4036083,0.08887520432472229,0.8659999966621399,0.8877999782562256
YDR456W,YLR130C,1,-5.4044013,0.08896870166063309,0.8669999837875366,0.8877999782562256
YPL049C,YNL135C,0,-5.4045963,0.08895957469940186,0.8669999837875366,0.8878999948501587
YGL020C,YIL037C,0,-5.404775,0.08895044773817062,0.8669999837875366,0.8880000114440918
YNL055C,YNR013C,1,-5.4050446,0.08904390782117844,0.8679999709129333,0.8880000114440918
YGL223C,YDL115C,0,-5.4051895,0.08903477340936661,0.8679999709129333,0.8881000280380249
YOR095C,YBR223C,0,-5.4053135,0.08902563899755478,0.8679999709129333,0.8881999850273132
YLL006W,YPR132W,0,-5.405347,0.08901651203632355,0.8679999709129333,0.8883000016212463
YIL018W,YOR335C,0,-5.40547,0.08900738507509232,0.8679999709129333,0.8884000182151794
YBR132C,YGL100W,0,-5.4055233,0.08899825811386108,0.8679999709129333,0.8884999752044678
YLR277C,YMR183C,0,-5.406404,0.08898913115262985,0.8679999709129333,0.8885999917984009
YDR292C,YOL042W,0,-5.4064093,0.08898001164197922,0.8679999709129333,0.888700008392334
YNL055C,YBR024W,1,-5.4070706,0.08907338976860046,0.8690000176429749,0.888700008392334
YPR009W,YGR112W,0,-5.407157,0.08906426280736923,0.8690000176429749,0.8888000249862671
YPL190C,YGL245W,0,-5.407192,0.089055135846138,0.8690000176429749,0.8888999819755554
YJR074W,YOR089C,0,-5.4072795,0.08904600888490677,0.8690000176429749,0.8889999985694885
YDL076C,YCR084C,0,-5.407402,0.08903688192367554,0.8690000176429749,0.8891000151634216
YBR245C,YIL106W,0,-5.4076443,0.0890277624130249,0.8690000176429749,0.88919997215271
YBR023C,YMR100W,0,-5.407679,0.08901864290237427,0.8690000176429749,0.8892999887466431
YKL016C,YNL055C,1,-5.4080954,0.08911195397377014,0.8700000047683716,0.8892999887466431
YGL162W,YDL045C,0,-5.4090767,0.08910282701253891,0.8700000047683716,0.8894000053405762
YPL118W,YLR272C,0,-5.409424,0.08909370005130768,0.8700000047683716,0.8895000219345093
YLR380W,YJL001W,0,-5.4094296,0.08908458054065704,0.8700000047683716,0.8895999789237976
YBR295W,YNL291C,1,-5.410009,0.08917784690856934,0.8709999918937683,0.8895999789237976
YJL041W,YPL218W,0,-5.410162,0.08916871249675751,0.8709999918937683,0.8896999955177307
YGL144C,YNL079C,0,-5.4108443,0.08915958553552628,0.8709999918937683,0.8898000121116638
YOL001W,YPL011C,0,-5.411261,0.08915045857429504,0.8709999918937683,0.8899000287055969
YPL118W,YGR278W,0,-5.411311,0.08914133906364441,0.8709999918937683,0.8899999856948853
YKL189W,YGL022W,0,-5.411401,0.08913221210241318,0.8709999918937683,0.8901000022888184
YOL006C,YCL014W,0,-5.411789,0.08912309259176254,0.8709999918937683,0.8902000188827515
YOR210W,YJL179W,0,-5.4118204,0.08911397308111191,0.8709999918937683,0.8902999758720398
YIL018W,YBR177C,0,-5.411873,0.08910486102104187,0.8709999918937683,0.8903999924659729
YPL232W,YDR404C,0,-5.4123363,0.08909574151039124,0.8709999918937683,0.890500009059906
YPL274W,YPL138C,0,-5.4125147,0.0890866294503212,0.8709999918937683,0.8906000256538391
YLR246W,YGL223C,0,-5.412623,0.08907751739025116,0.8709999918937683,0.8906999826431274
YML074C,YDL231C,0,-5.412792,0.08906841278076172,0.8709999918937683,0.8907999992370605
YHR158C,YOR249C,0,-5.413068,0.08905930817127228,0.8709999918937683,0.8909000158309937
YBR002C,YDL019C,0,-5.4134645,0.08905019611120224,0.8709999918937683,0.890999972820282
YML007W,YLR066W,0,-5.413851,0.0890410989522934,0.8709999918937683,0.8910999894142151
YHR041C,YOR075W,0,-5.4140368,0.08903199434280396,0.8709999918937683,0.8912000060081482
YOR123C,YDL236W,0,-5.41438,0.08902289718389511,0.8709999918937683,0.8913000226020813
YMR266W,YBL102W,0,-5.4144344,0.08901380002498627,0.8709999918937683,0.8913999795913696
YPR139C,YOR260W,0,-5.4145303,0.08900470286607742,0.8709999918937683,0.8914999961853027
YJL165C,YFR034C,0,-5.41491,0.08899560570716858,0.8709999918937683,0.8916000127792358
YKL060C,YKL054C,0,-5.4155397,0.08898651599884033,0.8709999918937683,0.891700029373169
YNL248C,YIL048W,0,-5.416279,0.08897742629051208,0.8709999918937683,0.8917999863624573
YBR289W,YIL118W,0,-5.416546,0.08896833658218384,0.8709999918937683,0.8919000029563904
YMR183C,YBR210W,0,-5.416679,0.08895924687385559,0.8709999918937683,0.8920000195503235
YML014W,YJR090C,0,-5.4167376,0.08895016461610794,0.8709999918937683,0.8920999765396118
YML024W,YDL208W,0,-5.41679,0.08894108235836029,0.8709999918937683,0.8921999931335449
YJL106W,YGL244W,0,-5.4170027,0.08893200010061264,0.8709999918937683,0.892300009727478
YKR072C,YLR085C,0,-5.4170103,0.08892291784286499,0.8709999918937683,0.8924000263214111
YFR052W,YGL030W,0,-5.4170475,0.08891384303569794,0.8709999918937683,0.8924999833106995
YGL174W,YHR070W,0,-5.4172907,0.08890476822853088,0.8709999918937683,0.8925999999046326
YNL239W,YDR372C,0,-5.4178143,0.08889569342136383,0.8709999918937683,0.8927000164985657
YMR060C,YMR212C,0,-5.4185667,0.08888661861419678,0.8709999918937683,0.892799973487854
YML025C,YGR252W,0,-5.4201975,0.08887755125761032,0.8709999918937683,0.8928999900817871
YJL165C,YIL016W,0,-5.420379,0.08886848390102386,0.8709999918937683,0.8930000066757202
YMR022W,YGL097W,0,-5.421361,0.08885941654443741,0.8709999918937683,0.8931000232696533
YBR109C,YDL092W,0,-5.4215803,0.08885034918785095,0.8709999918937683,0.8931999802589417
YJL138C,YIR037W,0,-5.4219227,0.08884128928184509,0.8709999918937683,0.8932999968528748
YJL026W,YLR355C,0,-5.421974,0.08883222937583923,0.8709999918937683,0.8934000134468079
YDL197C,YKL203C,0,-5.422021,0.08882316946983337,0.8709999918937683,0.8934999704360962
YLR097C,YDR062W,0,-5.4221826,0.08881410956382751,0.8709999918937683,0.8935999870300293
YOR334W,YLL015W,1,-5.4228516,0.08890701830387115,0.871999979019165,0.8935999870300293
YBL105C,YDR013W,0,-5.423164,0.0888979509472847,0.871999979019165,0.8937000036239624
YBR295W,YEL017C-A,1,-5.423208,0.08899082243442535,0.8730000257492065,0.8937000036239624
YGR097W,YPL127C,0,-5.424909,0.0889817550778389,0.8730000257492065,0.8938000202178955
YDR425W,YNL244C,0,-5.425252,0.08897268772125244,0.8730000257492065,0.8938999772071838
YPL115C,YBR278W,0,-5.4259586,0.08896362036466599,0.8730000257492065,0.8939999938011169
YBR037C,YNL291C,1,-5.4260244,0.08905644714832306,0.8740000128746033,0.8939999938011169
YDR086C,YGR118W,0,-5.426115,0.0890473797917366,0.8740000128746033,0.89410001039505
YCR037C,YFL050C,1,-5.426146,0.08914017677307129,0.875,0.89410001039505
YFR052W,YJL072C,0,-5.4262176,0.08913110196590424,0.875,0.8942000269889832
YDR073W,YNL027W,0,-5.426985,0.08912201970815659,0.875,0.8942999839782715
YCR037C,YPL060W,1,-5.427004,0.08921478688716888,0.8759999871253967,0.8942999839782715
YMR312W,YOR172W,0,-5.4274683,0.08920570462942123,0.8759999871253967,0.8944000005722046
YBR168W,YOL044W,0,-5.4281335,0.08919662237167358,0.8759999871253967,0.8945000171661377
YBR168W,YLR102C,0,-5.4284544,0.08918754011392593,0.8759999871253967,0.894599974155426
YPR140W,YMR285C,0,-5.428584,0.08917845785617828,0.8759999871253967,0.8946999907493591
YOL043C,YPR052C,0,-5.4286947,0.08916938304901123,0.8759999871253967,0.8948000073432922
YIL147C,YMR113W,0,-5.4292684,0.08916030824184418,0.8759999871253967,0.8949000239372253
YDL088C,YDL212W,0,-5.429819,0.08915123343467712,0.8759999871253967,0.8949999809265137
YPL262W,YPL167C,0,-5.43003,0.08914215862751007,0.8759999871253967,0.8950999975204468
YFR046C,YOL045W,0,-5.430338,0.08913309127092361,0.8759999871253967,0.8952000141143799
YBR106W,YBL099W,1,-5.430805,0.08922576159238815,0.8769999742507935,0.8952000141143799
YBR168W,YML031W,0,-5.4313064,0.0892166867852211,0.8769999742507935,0.8952999711036682
YMR238W,YLR369W,0,-5.431719,0.08920761197805405,0.8769999742507935,0.8953999876976013
YDL198C,YCR060W,0,-5.431735,0.089198537170887,0.8769999742507935,0.8955000042915344
YOL158C,YJL094C,1,-5.4317994,0.08929116278886795,0.878000020980835,0.8955000042915344
YBR260C,YGL225W,0,-5.432638,0.0892820805311203,0.878000020980835,0.8956000208854675
YPL274W,YHR148W,0,-5.434065,0.08927300572395325,0.878000020980835,0.8956999778747559
YLR321C,YDR376W,0,-5.4345713,0.0892639309167862,0.878000020980835,0.895799994468689
YPL060W,YBR106W,1,-5.435399,0.08935651183128357,0.8790000081062317,0.895799994468689
YIL144W,YDR057W,0,-5.4356213,0.08934742957353592,0.8790000081062317,0.8959000110626221
YLR051C,YNL207W,0,-5.4358587,0.08933834731578827,0.8790000081062317,0.8960000276565552
YIL023C,YDR456W,1,-5.435998,0.08943089097738266,0.8799999952316284,0.8960000276565552
YOR377W,YNL298W,0,-5.4360676,0.08942180871963501,0.8799999952316284,0.8960999846458435
YNL160W,YPR008W,0,-5.4360933,0.08941271901130676,0.8799999952316284,0.8962000012397766
YIL038C,YJL093C,0,-5.4364305,0.08940363675355911,0.8799999952316284,0.8963000178337097
YGL227W,YGR216C,0,-5.4365788,0.08939455449581146,0.8799999952316284,0.896399974822998
YJR125C,YJL098W,0,-5.4369874,0.08938547223806381,0.8799999952316284,0.8964999914169312
YKL191W,YNL243W,0,-5.437499,0.08937639743089676,0.8799999952316284,0.8966000080108643
YOR067C,YPR122W,0,-5.4375267,0.0893673226237297,0.8799999952316284,0.8967000246047974
YDL212W,YBR010W,0,-5.4375443,0.08935824781656265,0.8799999952316284,0.8967999815940857
YMR225C,YGR129W,0,-5.4381733,0.0893491730093956,0.8799999952316284,0.8968999981880188
YOL113W,YLR127C,0,-5.438661,0.08934009820222855,0.8799999952316284,0.8970000147819519
YNR035C,YNL261W,0,-5.4390283,0.08933103084564209,0.8799999952316284,0.8970999717712402
YMR075W,YDR166C,0,-5.4391003,0.08932196348905563,0.8799999952316284,0.8971999883651733
YDR219C,YLR409C,0,-5.440032,0.08931289613246918,0.8799999952316284,0.8973000049591064
YHR001W,YBR153W,0,-5.4404187,0.08930383622646332,0.8799999952316284,0.8974000215530396
YPL118W,YLR385C,0,-5.4406815,0.08929477632045746,0.8799999952316284,0.8974999785423279
YCR010C,YNL291C,1,-5.440812,0.08938717842102051,0.8809999823570251,0.8974999785423279
YPL270W,YBR170C,0,-5.4413204,0.08937810361385345,0.8809999823570251,0.897599995136261
YBR058C,YJR090C,0,-5.441394,0.0893690437078476,0.8809999823570251,0.8977000117301941
YMR012W,YDL236W,0,-5.4419985,0.08935997635126114,0.8809999823570251,0.8978000283241272
YPL232W,YBR170C,0,-5.4423156,0.08935091644525528,0.8809999823570251,0.8978999853134155
YGR285C,YHR197W,0,-5.4423914,0.08934184908866882,0.8809999823570251,0.8980000019073486
YPL270W,YBR202W,0,-5.4429054,0.08933278918266296,0.8809999823570251,0.8981000185012817
YDL194W,YGR020C,0,-5.4432087,0.0893237367272377,0.8809999823570251,0.8981999754905701
YKL073W,YDR045C,0,-5.443326,0.08931467682123184,0.8809999823570251,0.8982999920845032
YMR035W,YGL216W,0,-5.44408,0.08930562436580658,0.8809999823570251,0.8984000086784363
YBR211C,YER065C,0,-5.444392,0.08929657191038132,0.8809999823570251,0.8985000252723694
YCL010C,YDL143W,0,-5.4447455,0.08928752690553665,0.8809999823570251,0.8985999822616577
YLL006W,YER112W,0,-5.4455023,0.08927847445011139,0.8809999823570251,0.8986999988555908
YBR213W,YPR032W,0,-5.4458094,0.08926942944526672,0.8809999823570251,0.8988000154495239
YFL041W,YEL065W,1,-5.4459457,0.08936170488595963,0.8820000290870667,0.8988000154495239
YOR210W,YGL073W,0,-5.446865,0.08935265243053436,0.8820000290870667,0.8988999724388123
YKR038C,YMR125W,0,-5.4469566,0.0893435999751091,0.8820000290870667,0.8989999890327454
YMR225C,YGR095C,0,-5.44707,0.08933454751968384,0.8820000290870667,0.8991000056266785
YGR128C,YLR133W,0,-5.447154,0.08932550251483917,0.8820000290870667,0.8992000222206116
YMR125W,YBR293W,0,-5.4475803,0.0893164575099945,0.8820000290870667,0.8992999792098999
YDR057W,YJL025W,0,-5.4479294,0.08930741250514984,0.8820000290870667,0.899399995803833
YPL270W,YPR029C,0,-5.448429,0.08929836750030518,0.8820000290870667,0.8995000123977661
YBR036C,YMR146C,0,-5.4484434,0.08928932994604111,0.8820000290870667,0.8996000289916992
YJL008C,YOR003W,0,-5.4507694,0.08928029239177704,0.8820000290870667,0.8996999859809875
YOL130W,YBL099W,1,-5.4508963,0.08937247097492218,0.8830000162124634,0.8996999859809875
YOR288C,YIL112W,0,-5.451494,0.08936342597007751,0.8830000162124634,0.8998000025749207
YDR224C,YOR232W,0,-5.4517536,0.08935438096523285,0.8830000162124634,0.8999000191688538
YMR112C,YBR275C,0,-5.452046,0.08934534341096878,0.8830000162124634,0.8999999761581421
YMR081C,YCL054W,0,-5.4524117,0.08933629840612411,0.8830000162124634,0.9000999927520752
YOR136W,YCR083W,0,-5.452567,0.08932726085186005,0.8830000162124634,0.9002000093460083
YNL129W,YNL103W,0,-5.4530306,0.08931823074817657,0.8830000162124634,0.9003000259399414
YMR229C,YDR395W,0,-5.4539776,0.0893091931939125,0.8830000162124634,0.9003999829292297
YPL083C,YDR167W,0,-5.454006,0.08930016309022903,0.8830000162124634,0.9004999995231628
YKL220C,YNL291C,1,-5.455471,0.08939225226640701,0.8840000033378601,0.9004999995231628
YLR095C,YNL009W,0,-5.455517,0.08938321471214294,0.8840000033378601,0.900600016117096
YJL041W,YCL051W,0,-5.4555225,0.08937417715787888,0.8840000033378601,0.9006999731063843
YDR160W,YGR047C,0,-5.455596,0.0893651470541954,0.8840000033378601,0.9007999897003174
YJL207C,YMR255W,0,-5.4558268,0.08935610949993134,0.8840000033378601,0.9009000062942505
YDR170C,YGL051W,0,-5.4564486,0.08934707939624786,0.8840000033378601,0.9010000228881836
YPR025C,YGR262C,0,-5.456999,0.08933804929256439,0.8840000033378601,0.9010999798774719
YBR039W,YDR276C,1,-5.458838,0.089430071413517,0.8849999904632568,0.9010999798774719
YFL041W,YJL117W,1,-5.4589996,0.08952207863330841,0.8859999775886536,0.9010999798774719
YOR239W,YPR140W,0,-5.4593053,0.08951303362846375,0.8859999775886536,0.901199996471405
YMR200W,YPL214C,0,-5.459723,0.08950398862361908,0.8859999775886536,0.9013000130653381
YGR007W,YDR069C,0,-5.459996,0.08949495106935501,0.8859999775886536,0.9014000296592712
YHR160C,YGR245C,0,-5.460148,0.08948591351509094,0.8859999775886536,0.9014999866485596
YNL282W,YGL181W,0,-5.461022,0.08947687596082687,0.8859999775886536,0.9016000032424927
YGL168W,YIL122W,0,-5.4615574,0.0894678384065628,0.8859999775886536,0.9017000198364258
YLL006W,YKL154W,0,-5.4616747,0.08945880085229874,0.8859999775886536,0.9017999768257141
YHR166C,YLL024C,0,-5.462135,0.08944977074861526,0.8859999775886536,0.9018999934196472
YMR309C,YIL118W,0,-5.4634976,0.0894407406449318,0.8859999775886536,0.9020000100135803
YPL177C,YDL060W,0,-5.464595,0.08943171799182892,0.8859999775886536,0.9021000266075134
YDR177W,YHR043C,0,-5.4647284,0.08942268788814545,0.8859999775886536,0.9021999835968018
YNL015W,YNL173C,0,-5.4647694,0.08941366523504257,0.8859999775886536,0.9023000001907349
YGR090W,YOR032C,0,-5.464919,0.0894046425819397,0.8859999775886536,0.902400016784668
YML010W,YBR256C,0,-5.4653053,0.08939561992883682,0.8859999775886536,0.9024999737739563
YMR035W,YLL043W,0,-5.465532,0.08938660472631454,0.8859999775886536,0.9025999903678894
YDL194W,YOL117W,0,-5.4659696,0.08937758207321167,0.8859999775886536,0.9027000069618225
YGR278W,YER114C,0,-5.4662166,0.08936856687068939,0.8859999775886536,0.9028000235557556
YPL232W,YMR208W,0,-5.4666815,0.08935955911874771,0.8859999775886536,0.902899980545044
YPL242C,YDL116W,0,-5.466826,0.08935054391622543,0.8859999775886536,0.902999997138977
YEL030W,YMR044W,0,-5.4669,0.08934153616428375,0.8859999775886536,0.9031000137329102
YGL068W,YCR060W,0,-5.4674473,0.08933252841234207,0.8859999775886536,0.9031999707221985
YPR009W,YJR053W,0,-5.468417,0.08932352066040039,0.8859999775886536,0.9032999873161316
YOL038W,YBR041W,0,-5.4684467,0.08931451290845871,0.8859999775886536,0.9034000039100647
YLR335W,YGL166W,0,-5.468503,0.08930551260709763,0.8859999775886536,0.9035000205039978
YIR008C,YPR056W,0,-5.4695826,0.08929651230573654,0.8859999775886536,0.9035999774932861
YOL108C,YBR091C,0,-5.4699435,0.08928751200437546,0.8859999775886536,0.9036999940872192
YLR459W,YKR029C,0,-5.470087,0.08927851915359497,0.8859999775886536,0.9038000106811523
YPR033C,YGL181W,0,-5.470298,0.08926951885223389,0.8859999775886536,0.9039000272750854
YER125W,YGL086W,0,-5.4703665,0.0892605260014534,0.8859999775886536,0.9039999842643738
YDL076C,YIL008W,0,-5.4728146,0.08925153315067291,0.8859999775886536,0.9041000008583069
YCR024C-A,YBR290W,1,-5.473005,0.08934327214956284,0.8870000243186951,0.9041000008583069
YPL087W,YGL219C,0,-5.4736576,0.08933427184820175,0.8870000243186951,0.90420001745224
YER147C,YOR153W,0,-5.4738607,0.08932527899742126,0.8870000243186951,0.9042999744415283
YFR050C,YBR008C,0,-5.4740505,0.08931627869606018,0.8870000243186951,0.9043999910354614
YOL021C,YLR246W,0,-5.474624,0.0893072858452797,0.8870000243186951,0.9045000076293945
YDL031W,YOR288C,0,-5.4747024,0.0892983004450798,0.8870000243186951,0.9046000242233276
YBR170C,YJL109C,0,-5.4747844,0.08928930759429932,0.8870000243186951,0.904699981212616
YDR470C,YLR186W,0,-5.474801,0.08928032219409943,0.8870000243186951,0.9047999978065491
YNL169C,YDL115C,0,-5.474938,0.08927133679389954,0.8870000243186951,0.9049000144004822
YBR294W,YMR243C,1,-5.4751816,0.0893629863858223,0.8880000114440918,0.9049000144004822
YBL099W,YJL117W,1,-5.4754114,0.08945462107658386,0.8889999985694885,0.9049000144004822
YKL191W,YDR142C,0,-5.475515,0.08944562077522278,0.8889999985694885,0.9049999713897705
YKL028W,YOR001W,0,-5.4755597,0.0894366204738617,0.8889999985694885,0.9050999879837036
YLR102C,YDL236W,0,-5.4756966,0.08942762017250061,0.8889999985694885,0.9052000045776367
YML081C-A,YMR243C,1,-5.4765315,0.0895192101597786,0.8899999856948853,0.9052000045776367
YNL084C,YPR032W,0,-5.476632,0.08951020985841751,0.8899999856948853,0.9053000211715698
YDR265W,YNL283C,0,-5.476632,0.08950120955705643,0.8899999856948853,0.9053999781608582
YDL130W-A,YBR106W,1,-5.477645,0.08959276229143143,0.890999972820282,0.9053999781608582
YGR257C,YJL198W,1,-5.4782968,0.08968429267406464,0.8920000195503235,0.9053999781608582
YML094W,YPR122W,0,-5.4787116,0.08967527747154236,0.8920000195503235,0.9054999947547913
YPL060W,YPL036W,1,-5.478881,0.08976678550243378,0.8930000066757202,0.9054999947547913
YKL028W,YKR038C,0,-5.4789395,0.0897577628493309,0.8930000066757202,0.9056000113487244
YAL033W,YMR030W,0,-5.479036,0.08974874019622803,0.8930000066757202,0.9057000279426575
YML055W,YJR140C,0,-5.479455,0.08973972499370575,0.8930000066757202,0.9057999849319458
YJL134W,YKL038W,0,-5.479968,0.08973070979118347,0.8930000066757202,0.9059000015258789
YBL005W,YIR010W,0,-5.4803495,0.0897216945886612,0.8930000066757202,0.906000018119812
YNL161W,YMR026C,0,-5.480546,0.08971267938613892,0.8930000066757202,0.9060999751091003
YPL190C,YOL038W,0,-5.481062,0.08970366418361664,0.8930000066757202,0.9061999917030334
YDL004W,YGL255W,1,-5.4811826,0.08979509770870209,0.8939999938011169,0.9061999917030334
YBL078C,YKL113C,0,-5.4815874,0.08978608250617981,0.8939999938011169,0.9063000082969666
YMR263W,YNL325C,0,-5.4820385,0.08977706730365753,0.8939999938011169,0.9064000248908997
YBR077C,YOR288C,0,-5.482478,0.08976805210113525,0.8939999938011169,0.906499981880188
YJL014W,YOR136W,0,-5.482847,0.08975903689861298,0.8939999938011169,0.9065999984741211
YPL061W,YER036C,0,-5.483019,0.0897500216960907,0.8939999938011169,0.9067000150680542
YOR033C,YLR008C,0,-5.4831467,0.08974101394414902,0.8939999938011169,0.9067999720573425
YGR002C,YKR079C,0,-5.4831743,0.08973200619220734,0.8939999938011169,0.9068999886512756
YEL002C,YIL013C,0,-5.483395,0.08972300589084625,0.8939999938011169,0.9070000052452087
YLR022C,YDR150W,0,-5.484396,0.08971399813890457,0.8939999938011169,0.9071000218391418
YBR036C,YPL221W,0,-5.4847183,0.08970499783754349,0.8939999938011169,0.9071999788284302
YKL016C,YOR316C,1,-5.485608,0.08979632705450058,0.8949999809265137,0.9071999788284302
YBR278W,YOR038C,0,-5.485626,0.0897873193025589,0.8949999809265137,0.9072999954223633
YPL069C,YNL128W,0,-5.4859085,0.08977831155061722,0.8949999809265137,0.9074000120162964
YGR083C,YBL090W,0,-5.4865923,0.08976931124925613,0.8949999809265137,0.9075000286102295
YPR056W,YLR229C,0,-5.4868956,0.08976030349731445,0.8949999809265137,0.9075999855995178
YML036W,YOR179C,0,-5.487029,0.08975130319595337,0.8949999809265137,0.9077000021934509
YGL098W,YMR146C,0,-5.487342,0.08974230289459229,0.8949999809265137,0.907800018787384
YDL002C,YJR139C,0,-5.4881945,0.0897333100438118,0.8949999809265137,0.9078999757766724
YDR207C,YML115C,0,-5.4884253,0.08972430974245071,0.8949999809265137,0.9079999923706055
YDR225W,YDR017C,0,-5.4894295,0.08971531689167023,0.8949999809265137,0.9081000089645386
YPL128C,YDR189W,0,-5.489646,0.08970632404088974,0.8949999809265137,0.9082000255584717
YPL008W,YKR031C,0,-5.4897056,0.08969733119010925,0.8949999809265137,0.90829998254776
YBR109C,YFL005W,0,-5.489765,0.08968834578990936,0.8949999809265137,0.9083999991416931
YGL111W,YLR337C,0,-5.4904933,0.08967936038970947,0.8949999809265137,0.9085000157356262
YBL041W,YDL153C,0,-5.490553,0.08967037498950958,0.8949999809265137,0.9085999727249146
YDR494W,YLR170C,0,-5.4906282,0.08966138958930969,0.8949999809265137,0.9086999893188477
YDR208W,YDL074C,0,-5.4908495,0.0896524116396904,0.8949999809265137,0.9088000059127808
YJL061W,YNR052C,0,-5.491732,0.08964342623949051,0.8949999809265137,0.9089000225067139
YFR041C,YOR033C,0,-5.4919987,0.08963444828987122,0.8949999809265137,0.9089999794960022
YJR145C,YPL147W,0,-5.492859,0.08962547779083252,0.8949999809265137,0.9090999960899353
YKL093W,YDL212W,0,-5.493183,0.08961649984121323,0.8949999809265137,0.9092000126838684
YDR079W,YLR242C,0,-5.493557,0.08960752934217453,0.8949999809265137,0.9093000292778015
YJR002W,YDR058C,0,-5.4941063,0.08959855884313583,0.8949999809265137,0.9093999862670898
YDR116C,YNR044W,0,-5.4942293,0.08958958834409714,0.8949999809265137,0.909500002861023
YDR299W,YGR028W,0,-5.49425,0.08958062529563904,0.8949999809265137,0.909600019454956
YOR204W,YFL008W,0,-5.4942956,0.08957165479660034,0.8949999809265137,0.9096999764442444
YMR026C,YBR129C,0,-5.4943285,0.08956269174814224,0.8949999809265137,0.9097999930381775
YML065W,YML014W,0,-5.495104,0.08955372869968414,0.8949999809265137,0.9099000096321106
YOL027C,YFL050C,1,-5.495124,0.08964481949806213,0.8960000276565552,0.9099000096321106
YPL060W,YJL133W,1,-5.4953575,0.08973589539527893,0.8970000147819519,0.9099000096321106
YNL098C,YHR197W,0,-5.49553,0.08972691744565964,0.8970000147819519,0.9100000262260437
YDR320C,YOL113W,0,-5.496212,0.08971794694662094,0.8970000147819519,0.910099983215332
YDR182W,YDR463W,0,-5.4962573,0.08970896899700165,0.8970000147819519,0.9101999998092651
YKL073W,YDL013W,0,-5.4965878,0.08969999849796295,0.8970000147819519,0.9103000164031982
YKL148C,YLL035W,0,-5.496928,0.08969102799892426,0.8970000147819519,0.9103999733924866
YLR097C,YDR045C,0,-5.4969826,0.08968206495046616,0.8970000147819519,0.9104999899864197
YIL120W,YOR020C,0,-5.4976625,0.08967309445142746,0.8970000147819519,0.9106000065803528
YLR246W,YOR182C,0,-5.498169,0.08966413140296936,0.8970000147819519,0.9107000231742859
YGL090W,YDR477W,0,-5.498507,0.08965517580509186,0.8970000147819519,0.9107999801635742
YOR023C,YDR325W,0,-5.4985657,0.08964621275663376,0.8970000147819519,0.9108999967575073
YEL062W,YKL191W,0,-5.499934,0.08963725715875626,0.8970000147819519,0.9110000133514404
YCR082W,YOL127W,0,-5.500206,0.08962829411029816,0.8970000147819519,0.9110999703407288
YBL069W,YKL149C,0,-5.5005636,0.08961934596300125,0.8970000147819519,0.9111999869346619
YPL119C,YIL073C,0,-5.5007124,0.08961039036512375,0.8970000147819519,0.911300003528595
YML058W,YGL168W,0,-5.5011473,0.08960143476724625,0.8970000147819519,0.9114000201225281
YHR197W,YLR193C,0,-5.5013695,0.08959248661994934,0.8970000147819519,0.9114999771118164
YPR133C,YDR069C,0,-5.5015864,0.08958353847265244,0.8970000147819519,0.9115999937057495
YNL098C,YOR078W,0,-5.5017776,0.08957459777593613,0.8970000147819519,0.9117000102996826
YBR002C,YOL145C,0,-5.5024805,0.08956564962863922,0.8970000147819519,0.9118000268936157
YJR104C,YLR153C,0,-5.5029454,0.08955670893192291,0.8970000147819519,0.911899983882904
YDR480W,YDR198C,0,-5.503768,0.0895477682352066,0.8970000147819519,0.9120000004768372
YDR465C,YLR240W,0,-5.504285,0.0895388275384903,0.8970000147819519,0.9121000170707703
YKL032C,YPR017C,0,-5.5045004,0.08952989429235458,0.8970000147819519,0.9121999740600586
YOL038W,YGL022W,0,-5.504782,0.08952096104621887,0.8970000147819519,0.9122999906539917
YOL091W,YML115C,0,-5.5050135,0.08951202780008316,0.8970000147819519,0.9124000072479248
YAL047C,YLR396C,0,-5.5053515,0.08950309455394745,0.8970000147819519,0.9125000238418579
YMR060C,YEL015W,0,-5.5056887,0.08949416130781174,0.8970000147819519,0.9125999808311462
YNL036W,YOR233W,0,-5.505847,0.08948523551225662,0.8970000147819519,0.9126999974250793
YDR361C,YJR001W,0,-5.506034,0.08947630971670151,0.8970000147819519,0.9128000140190125
YPL190C,YPR032W,0,-5.5062675,0.08946738392114639,0.8970000147819519,0.9128999710083008
YLR097C,YBL040C,0,-5.5063343,0.08945846557617188,0.8970000147819519,0.9129999876022339
YMR288W,YJL087C,0,-5.5067234,0.08944953978061676,0.8970000147819519,0.913100004196167
YBR216C,YHR061C,0,-5.507212,0.08944062143564224,0.8970000147819519,0.9132000207901001
YMR227C,YPL001W,0,-5.5074377,0.08943170309066772,0.8970000147819519,0.9132999777793884
YHR166C,YBR035C,0,-5.5078325,0.0894227921962738,0.8970000147819519,0.9133999943733215
YER082C,YBR170C,0,-5.508706,0.08941387385129929,0.8970000147819519,0.9135000109672546
YNL106C,YKL052C,0,-5.5092545,0.08940496295690536,0.8970000147819519,0.9136000275611877
YDR513W,YDL231C,0,-5.509335,0.08939605206251144,0.8970000147819519,0.9136999845504761
YPL123C,YML105C,0,-5.5094814,0.08938714861869812,0.8970000147819519,0.9138000011444092
YMR241W,YOL001W,0,-5.509697,0.0893782377243042,0.8970000147819519,0.9139000177383423
YDR480W,YOR207C,0,-5.510302,0.08936933428049088,0.8970000147819519,0.9139999747276306
YNL145W,YER009W,0,-5.510445,0.08936043083667755,0.8970000147819519,0.9140999913215637
YNL330C,YKL038W,0,-5.510626,0.08935152739286423,0.8970000147819519,0.9142000079154968
YJL141C,YML115C,0,-5.511422,0.0893426313996315,0.8970000147819519,0.9143000245094299
YMR012W,YCR009C,0,-5.5120544,0.08933373540639877,0.8970000147819519,0.9143999814987183
YOR168W,YOL044W,0,-5.512394,0.08932483941316605,0.8970000147819519,0.9144999980926514
YFL005W,YHR026W,0,-5.514592,0.08931594341993332,0.8970000147819519,0.9146000146865845
YOR284W,YDR255C,0,-5.514817,0.08930704742670059,0.8970000147819519,0.9146999716758728
YJL141C,YNL029C,0,-5.5149145,0.08929815888404846,0.8970000147819519,0.9147999882698059
YOL009C,YLR291C,0,-5.5151806,0.08928927034139633,0.8970000147819519,0.914900004863739
YDR425W,YER009W,0,-5.5156817,0.0892803817987442,0.8970000147819519,0.9150000214576721
YOR362C,YML110C,0,-5.5158443,0.08927149325609207,0.8970000147819519,0.9150999784469604
YFR004W,YEL053C,0,-5.515852,0.08926261216402054,0.8970000147819519,0.9151999950408936
YGL243W,YNL169C,0,-5.51606,0.089253731071949,0.8970000147819519,0.9153000116348267
YDR361C,YHR082C,0,-5.5179076,0.08924484997987747,0.8970000147819519,0.9154000282287598
YJL140W,YNL272C,0,-5.518053,0.08923597633838654,0.8970000147819519,0.9154999852180481
YCL031C,YGL098W,0,-5.5182176,0.089227095246315,0.8970000147819519,0.9156000018119812
YLL035W,YBR167C,0,-5.5182924,0.08921822160482407,0.8970000147819519,0.9157000184059143
YCL051W,YGR156W,0,-5.518367,0.08920934796333313,0.8970000147819519,0.9157999753952026
YDR057W,YDR207C,0,-5.5199695,0.0892004743218422,0.8970000147819519,0.9158999919891357
YLR069C,YBR253W,0,-5.520034,0.08919160813093185,0.8970000147819519,0.9160000085830688
YPR155C,YBL050W,0,-5.5203586,0.08918274194002151,0.8970000147819519,0.916100025177002
YDL092W,YPL147W,0,-5.5204535,0.08917387574911118,0.8970000147819519,0.9161999821662903
YMR076C,YJL024C,0,-5.5209193,0.08916500955820084,0.8970000147819519,0.9162999987602234
YGR085C,YMR313C,0,-5.521136,0.0891561508178711,0.8970000147819519,0.9164000153541565
YER127W,YNL167C,0,-5.521412,0.08914728462696075,0.8970000147819519,0.9164999723434448
YDR182W,YCR009C,0,-5.5214205,0.08913842588663101,0.8970000147819519,0.9165999889373779
YNL075W,YJL001W,0,-5.521818,0.08912956714630127,0.8970000147819519,0.916700005531311
YHR008C,YEL071W,0,-5.523347,0.08912071585655212,0.8970000147819519,0.9168000221252441
YKR037C,YNL288W,0,-5.5234494,0.08911186456680298,0.8970000147819519,0.9168999791145325
YKL064W,YOR316C,1,-5.523649,0.08920234441757202,0.8980000019073486,0.9168999791145325
YER114C,YGL032C,0,-5.524221,0.08919348567724228,0.8980000019073486,0.9169999957084656
YJL156C,YNL310C,0,-5.525106,0.08918462693691254,0.8980000019073486,0.9171000123023987
YPR046W,YKR007W,0,-5.525778,0.0891757681965828,0.8980000019073486,0.9172000288963318
YLR449W,YOL129W,0,-5.5258007,0.08916691690683365,0.8980000019073486,0.9172999858856201
YGR155W,YHR041C,0,-5.5264254,0.0891580656170845,0.8980000019073486,0.9174000024795532
YDL004W,YJL117W,1,-5.527297,0.08924848586320877,0.8989999890327454,0.9174000024795532
YNL091W,YKL017C,0,-5.5274415,0.08923962712287903,0.8989999890327454,0.9175000190734863
YMR177W,YOL113W,0,-5.5275764,0.08923076838254929,0.8989999890327454,0.9175999760627747
YLR219W,YHR084W,0,-5.5275946,0.08922191709280014,0.8989999890327454,0.9176999926567078
YOR257W,YHR001W,0,-5.52781,0.0892130583524704,0.8989999890327454,0.9178000092506409
YPL128C,YKL108W,0,-5.527812,0.08920420706272125,0.8989999890327454,0.917900025844574
YNL169C,YPL228W,0,-5.528103,0.0891953557729721,0.8989999890327454,0.9179999828338623
YOR316C,YJL117W,1,-5.528566,0.0892857164144516,0.8999999761581421,0.9179999828338623
YHR005C,YER013W,0,-5.528715,0.08927685767412186,0.8999999761581421,0.9180999994277954
YBR258C,YDR362C,0,-5.5292435,0.08926799893379211,0.8999999761581421,0.9182000160217285
YGL181W,YDR101C,0,-5.5305314,0.08925914764404297,0.8999999761581421,0.9182999730110168
YER005W,YEL015W,0,-5.5310435,0.08925029635429382,0.8999999761581421,0.91839998960495
YER164W,YDR379W,0,-5.531745,0.08924144506454468,0.8999999761581421,0.9185000061988831
YGL071W,YNL055C,1,-5.53176,0.0893317461013794,0.9010000228881836,0.9185000061988831
YBL024W,YER103W,0,-5.532365,0.08932288736104965,0.9010000228881836,0.9186000227928162
YJR126C,YPL228W,0,-5.5331664,0.0893140360713005,0.9010000228881836,0.9186999797821045
YDR079W,YNL209W,0,-5.533495,0.08930518478155136,0.9010000228881836,0.9187999963760376
YDL007W,YDL192W,0,-5.534141,0.08929633349180222,0.9010000228881836,0.9189000129699707
YER105C,YOL117W,0,-5.534719,0.08928748220205307,0.9010000228881836,0.9190000295639038
YLR397C,YMR188C,0,-5.5350075,0.08927863836288452,0.9010000228881836,0.9190999865531921
YAL007C,YGL011C,0,-5.5350533,0.08926979452371597,0.9010000228881836,0.9192000031471252
YLR192C,YNL085W,0,-5.5360785,0.08926095068454742,0.9010000228881836,0.9193000197410583
YCR024C-A,YMR243C,1,-5.536479,0.08935116231441498,0.9020000100135803,0.9193000197410583
YGL207W,YBR293W,0,-5.5364933,0.08934231102466583,0.9020000100135803,0.9193999767303467
YIL023C,YJR121W,1,-5.5371323,0.08943250775337219,0.902999997138977,0.9193999767303467
YPL059W,YKL205W,0,-5.5377483,0.08942364901304245,0.902999997138977,0.9194999933242798
YGL129C,YDL058W,0,-5.5397105,0.08941479027271271,0.902999997138977,0.9196000099182129
YER051W,YGR038W,0,-5.5399666,0.08940593898296356,0.902999997138977,0.919700026512146
YLR284C,YMR125W,0,-5.5408,0.08939708769321442,0.902999997138977,0.9197999835014343
YBR030W,YER018C,0,-5.541474,0.08938823640346527,0.902999997138977,0.9199000000953674
YLR369W,YKL122C,0,-5.5422072,0.08937939256429672,0.902999997138977,0.9200000166893005
YPR155C,YHR065C,0,-5.542433,0.08937054872512817,0.902999997138977,0.9200999736785889
YIL023C,YGR217W,1,-5.5425167,0.08946066349744797,0.9039999842643738,0.9200999736785889
YBL082C,YJR090C,0,-5.5427227,0.08945181220769882,0.9039999842643738,0.920199990272522
YNL118C,YGL219C,0,-5.543024,0.08944296091794968,0.9039999842643738,0.9203000068664551
YHR006W,YGL232W,0,-5.5432205,0.08943410962820053,0.9039999842643738,0.9204000234603882
YBR182C,YMR235C,0,-5.5434804,0.08942526578903198,0.9039999842643738,0.9204999804496765
YNL161W,YDR150W,0,-5.5439286,0.08941642194986343,0.9039999842643738,0.9205999970436096
YDL130W,YPL127C,0,-5.5440235,0.08940757811069489,0.9039999842643738,0.9207000136375427
YLL021W,YGR256W,0,-5.5444164,0.08939873427152634,0.9039999842643738,0.920799970626831
YML091C,YHR048W,0,-5.5444593,0.08938989788293839,0.9039999842643738,0.9208999872207642
YNL299W,YLR304C,0,-5.5451865,0.08938105404376984,0.9039999842643738,0.9210000038146973
YPR057W,YNL278W,0,-5.545406,0.08937221765518188,0.9039999842643738,0.9211000204086304
YER006W,YPR140W,0,-5.5460515,0.08936338126659393,0.9039999842643738,0.9211999773979187
YBR106W,YJL094C,1,-5.5470448,0.08945339173078537,0.9049999713897705,0.9211999773979187
YJR125C,YMR235C,0,-5.54707,0.08944455534219742,0.9049999713897705,0.9212999939918518
YDR123C,YMR182C,0,-5.5472965,0.08943571150302887,0.9049999713897705,0.9214000105857849
YOR260W,YBR183W,0,-5.5479245,0.08942687511444092,0.9049999713897705,0.921500027179718
YIL035C,YPL135W,0,-5.548217,0.08941803872585297,0.9049999713897705,0.9215999841690063
YCR037C,YIL114C,1,-5.5484266,0.08950800448656082,0.906000018119812,0.9215999841690063
YMR142C,YER024W,0,-5.5487843,0.08949916064739227,0.906000018119812,0.9217000007629395
YBR086C,YNL169C,0,-5.548896,0.08949031680822372,0.906000018119812,0.9218000173568726
YLR340W,YDL045C,0,-5.5489154,0.08948148041963577,0.906000018119812,0.9218999743461609
YBL099W,YJR077C,1,-5.5493097,0.08957140147686005,0.9070000052452087,0.9218999743461609
YPR029C,YLR163C,0,-5.5504932,0.0895625576376915,0.9070000052452087,0.921999990940094
YPL078C,YDR298C,1,-5.5506897,0.08965244889259338,0.9079999923706055,0.921999990940094
YIL023C,YBR039W,1,-5.550726,0.08974232524633408,0.9089999794960022,0.921999990940094
YDL029W,YOR073W,0,-5.5515575,0.08973346650600433,0.9089999794960022,0.9221000075340271
YDR228C,YPR056W,0,-5.5516105,0.08972460776567459,0.9089999794960022,0.9222000241279602
YMR109W,YOR001W,0,-5.5516577,0.08971574902534485,0.9089999794960022,0.9222999811172485
YJL146W,YBL055C,0,-5.551827,0.0897068977355957,0.9089999794960022,0.9223999977111816
YBL090W,YDL143W,0,-5.5541253,0.08969804644584656,0.9089999794960022,0.9225000143051147
YBR036C,YOR249C,0,-5.5554047,0.08968919515609741,0.9089999794960022,0.9225999712944031
YGR216C,YOR244W,0,-5.556176,0.08968034386634827,0.9089999794960022,0.9226999878883362
YPL237W,YJR156C,0,-5.556654,0.08967150002717972,0.9089999794960022,0.9228000044822693
YOR257W,YKL059C,0,-5.5569477,0.08966265618801117,0.9089999794960022,0.9229000210762024
YBR290W,YPR020W,1,-5.5572577,0.0897524431347847,0.9100000262260437,0.9229000210762024
YDL004W,YDR276C,1,-5.557343,0.08984220772981644,0.9110000133514404,0.9229000210762024
YMR225C,YMR298W,0,-5.557424,0.0898333489894867,0.9110000133514404,0.9229999780654907
YLR246W,YML115C,0,-5.557455,0.08982449024915695,0.9110000133514404,0.9230999946594238
YJL141C,YGL065C,0,-5.5579534,0.0898156389594078,0.9110000133514404,0.9232000112533569
YKL108W,YGR082W,0,-5.5598907,0.08980678021907806,0.9110000133514404,0.92330002784729
YBR002C,YIL002C,0,-5.560191,0.08979792892932892,0.9110000133514404,0.9233999848365784
YMR301C,YOL149W,0,-5.5606756,0.08978907763957977,0.9110000133514404,0.9235000014305115
YDR486C,YBR212W,0,-5.5608377,0.08978023380041122,0.9110000133514404,0.9236000180244446
YIL149C,YLR363C,0,-5.56091,0.08977138251066208,0.9110000133514404,0.9236999750137329
YFR050C,YPL269W,0,-5.562213,0.08976253867149353,0.9110000133514404,0.923799991607666
YKR060W,YDR335W,0,-5.5623317,0.08975369483232498,0.9110000133514404,0.9239000082015991
YML055W,YDL126C,0,-5.562746,0.08974485099315643,0.9110000133514404,0.9240000247955322
YKL101W,YNL263C,0,-5.563489,0.08973601460456848,0.9110000133514404,0.9240999817848206
YDR272W,YJL201W,0,-5.5636506,0.08972717076539993,0.9110000133514404,0.9241999983787537
YNL256W,YBR023C,0,-5.5637684,0.08971833437681198,0.9110000133514404,0.9243000149726868
YPR006C,YML024W,0,-5.5638123,0.08970950543880463,0.9110000133514404,0.9243999719619751
YJR043C,YOR061W,0,-5.5646257,0.08970066905021667,0.9110000133514404,0.9244999885559082
YHR060W,YNL094W,0,-5.5650992,0.08969184011220932,0.9110000133514404,0.9246000051498413
YGL084C,YGL066W,0,-5.565119,0.08968301117420197,0.9110000133514404,0.9247000217437744
YPL002C,YMR049C,0,-5.565981,0.08967418223619461,0.9110000133514404,0.9247999787330627
YNL244C,YJL029C,0,-5.566519,0.08966535329818726,0.9110000133514404,0.9248999953269958
YPL060W,YMR243C,1,-5.5668344,0.08975494652986526,0.9120000004768372,0.9248999953269958
YBR294W,YIL114C,1,-5.5670867,0.08984451740980148,0.9129999876022339,0.9248999953269958
YHR073W,YKL046C,0,-5.5673575,0.08983568102121353,0.9129999876022339,0.925000011920929
YGL008C,YBR290W,1,-5.56855,0.08992522954940796,0.9139999747276306,0.925000011920929
YHR004C,YEL050C,0,-5.5686445,0.08991637825965881,0.9139999747276306,0.9251000285148621
YML034W,YIL016W,0,-5.5692787,0.08990753442049026,0.9139999747276306,0.9251999855041504
YBL007C,YJL006C,0,-5.5702143,0.08989869058132172,0.9139999747276306,0.9253000020980835
YPL015C,YOR026W,0,-5.571453,0.08988985419273376,0.9139999747276306,0.9254000186920166
YJL210W,YGR261C,0,-5.5722704,0.08988101035356522,0.9139999747276306,0.9254999756813049
YIL044C,YOR061W,0,-5.5733576,0.08987217396497726,0.9139999747276306,0.925599992275238
YHR081W,YER025W,0,-5.5745506,0.08986333757638931,0.9139999747276306,0.9257000088691711
YML121W,YPR020W,1,-5.5747123,0.08995281159877777,0.9150000214576721,0.9257000088691711
YML014W,YKR031C,0,-5.575919,0.08994396775960922,0.9150000214576721,0.9258000254631042
YLR129W,YDR280W,0,-5.5771227,0.08993513137102127,0.9150000214576721,0.9258999824523926
YMR070W,YBR210W,0,-5.5787086,0.08992628753185272,0.9150000214576721,0.9259999990463257
YJL198W,YNR013C,1,-5.5787115,0.0900157243013382,0.9160000085830688,0.9259999990463257
YLR384C,YOR272W,0,-5.578734,0.09000688046216965,0.9160000085830688,0.9261000156402588
YJR068W,YBR080C,0,-5.579729,0.0899980366230011,0.9160000085830688,0.9261999726295471
YOR269W,YLR006C,0,-5.5808315,0.08998919278383255,0.9160000085830688,0.9262999892234802
YDR435C,YDL112W,0,-5.580895,0.0899803563952446,0.9160000085830688,0.9264000058174133
YLR100W,YOR136W,0,-5.581028,0.08997151255607605,0.9160000085830688,0.9265000224113464
YLR005W,YDR150W,0,-5.5811377,0.0899626761674881,0.9160000085830688,0.9265999794006348
YFR052W,YDR099W,0,-5.5813756,0.08995384722948074,0.9160000085830688,0.9266999959945679
YDR381W,YIL004C,0,-5.581465,0.08994501084089279,0.9160000085830688,0.926800012588501
YNL090W,YBL015W,0,-5.5815635,0.08993618190288544,0.9160000085830688,0.9269000291824341
YJL176C,YDR166C,0,-5.581919,0.08992735296487808,0.9160000085830688,0.9269999861717224
YBR106W,YOR137C,1,-5.5819902,0.0900166854262352,0.9169999957084656,0.9269999861717224
YNL119W,YDL243C,0,-5.5820417,0.09000784903764725,0.9169999957084656,0.9271000027656555
YLL050C,YAL042W,0,-5.5820436,0.08999902009963989,0.9169999957084656,0.9272000193595886
YLR097C,YHR170W,0,-5.582075,0.08999018371105194,0.9169999957084656,0.927299976348877
YPR029C,YLR067C,0,-5.5831566,0.08998135477304459,0.9169999957084656,0.9273999929428101
YER082C,YOR018W,0,-5.5833945,0.08997252583503723,0.9169999957084656,0.9275000095367432
YOR109W,YOR372C,0,-5.583475,0.08996369689702988,0.9169999957084656,0.9276000261306763
YBR169C,YGL135W,0,-5.5839314,0.08995487540960312,0.9169999957084656,0.9276999831199646
YHR073W,YGR211W,0,-5.583986,0.08994605392217636,0.9169999957084656,0.9277999997138977
YIL135C,YNL282W,0,-5.5842657,0.0899372324347496,0.9169999957084656,0.9279000163078308
YHR008C,YNL126W,0,-5.5844917,0.08992841094732285,0.9169999957084656,0.9279999732971191
YJL014W,YDL192W,0,-5.584493,0.08991958945989609,0.9169999957084656,0.9280999898910522
YPR081C,YCR057C,0,-5.5844955,0.08991077542304993,0.9169999957084656,0.9282000064849854
YIL035C,YFR033C,0,-5.5848074,0.08990196138620377,0.9169999957084656,0.9283000230789185
YOL003C,YOR171C,0,-5.5850544,0.0898931473493576,0.9169999957084656,0.9283999800682068
YMR197C,YOR162C,0,-5.5850716,0.08988433331251144,0.9169999957084656,0.9284999966621399
YLR022C,YMR054W,0,-5.5856333,0.08987552672624588,0.9169999957084656,0.928600013256073
YHR161C,YBR185C,0,-5.5898724,0.08986672013998032,0.9169999957084656,0.9286999702453613
YPL137C,YKR068C,0,-5.590459,0.08985791355371475,0.9169999957084656,0.9287999868392944
YGR262C,YBR185C,0,-5.591214,0.08984910696744919,0.9169999957084656,0.9289000034332275
YDR486C,YDR123C,0,-5.591504,0.08984030783176422,0.9169999957084656,0.9290000200271606
YKR055W,YER154W,0,-5.591792,0.08983150124549866,0.9169999957084656,0.929099977016449
YOR079C,YHR150W,0,-5.5928316,0.08982270210981369,0.9169999957084656,0.9291999936103821
YKL195W,YMR177W,0,-5.5935974,0.08981391042470932,0.9169999957084656,0.9293000102043152
YBR205W,YOR067C,0,-5.5937953,0.08980511128902435,0.9169999957084656,0.9294000267982483
YPR067W,YBR290W,1,-5.594289,0.08989424258470535,0.9179999828338623,0.9294000267982483
YEL062W,YOR078W,0,-5.59431,0.08988544344902039,0.9179999828338623,0.9294999837875366
YMR083W,YMR079W,0,-5.595174,0.08987663686275482,0.9179999828338623,0.9296000003814697
YPL045W,YCR053W,0,-5.5953293,0.08986783772706985,0.9179999828338623,0.9297000169754028
YIL039W,YJR108W,0,-5.595454,0.08985904604196548,0.9179999828338623,0.9297999739646912
YGR155W,YER025W,0,-5.595828,0.08985024690628052,0.9179999828338623,0.9298999905586243
YDR499W,YFL018C,0,-5.5968795,0.08984145522117615,0.9179999828338623,0.9300000071525574
YDR459C,YNL147W,0,-5.5970154,0.08983266353607178,0.9179999828338623,0.9301000237464905
YNL149C,YKL017C,0,-5.597105,0.08982387185096741,0.9179999828338623,0.9301999807357788
YER089C,YLR105C,0,-5.598291,0.08981508761644363,0.9179999828338623,0.9302999973297119
YGR129W,YOR320C,0,-5.5983443,0.08980630338191986,0.9179999828338623,0.930400013923645
YGL016W,YBL015W,0,-5.598772,0.08979751169681549,0.9179999828338623,0.9304999709129333
YMR188C,YBR172C,0,-5.5991383,0.08978873491287231,0.9179999828338623,0.9305999875068665
YNL298W,YMR079W,0,-5.599448,0.08977995067834854,0.9179999828338623,0.9307000041007996
YDR057W,YOR243C,0,-5.6001067,0.08977117389440536,0.9179999828338623,0.9308000206947327
YER022W,YML067C,0,-5.600456,0.08976239711046219,0.9179999828338623,0.930899977684021
YLR295C,YPL060W,1,-5.6011877,0.08985138684511185,0.9190000295639038,0.930899977684021
YML006C,YPR030W,0,-5.6032653,0.08984260261058807,0.9190000295639038,0.9309999942779541
YGR171C,YNL099C,0,-5.6032963,0.0898338183760643,0.9190000295639038,0.9311000108718872
YLR078C,YPL061W,0,-5.6034927,0.08982504159212112,0.9190000295639038,0.9312000274658203
YCR063W,YPR072W,0,-5.60495,0.08981626480817795,0.9190000295639038,0.9312999844551086
YLR362W,YDR477W,0,-5.6058416,0.08980748802423477,0.9190000295639038,0.9314000010490417
YMR153W,YGL142C,0,-5.6058784,0.0897987112402916,0.9190000295639038,0.9315000176429749
YDR470C,YOR078W,0,-5.6063504,0.08978993445634842,0.9190000295639038,0.9315999746322632
YNL239W,YOR076C,0,-5.6071362,0.08978116512298584,0.9190000295639038,0.9316999912261963
YOL130W,YDR322C-A,1,-5.607294,0.08987008035182953,0.9200000166893005,0.9316999912261963
YCR082W,YLR229C,0,-5.608901,0.08986130356788635,0.9200000166893005,0.9318000078201294
YFR002W,YPL203W,0,-5.609657,0.08985252678394318,0.9200000166893005,0.9319000244140625
YLR163C,YBR247C,0,-5.6098375,0.08984375,0.9200000166893005,0.9319999814033508
YOR056C,YDL150W,0,-5.6099997,0.08983498066663742,0.9200000166893005,0.9320999979972839
YKL016C,YJR077C,1,-5.611283,0.08992384374141693,0.9210000038146973,0.9320999979972839
YIL070C,YKL046C,0,-5.612629,0.08991506695747375,0.9210000038146973,0.932200014591217
YOR191W,YLR298C,0,-5.6129303,0.08990629017353058,0.9210000038146973,0.9322999715805054
YBR294W,YEL017C-A,1,-5.613047,0.0899951159954071,0.921999990940094,0.9322999715805054
YPR139C,YGL163C,0,-5.6135764,0.08998633921146393,0.921999990940094,0.9323999881744385
YLR265C,YDR404C,0,-5.613754,0.08997755497694016,0.921999990940094,0.9325000047683716
YNL244C,YMR068W,0,-5.6137886,0.08996877074241638,0.921999990940094,0.9326000213623047
YOR018W,YLR196W,0,-5.6151934,0.0899599939584732,0.921999990940094,0.932699978351593
YGL045W,YHR148W,0,-5.615402,0.08995121717453003,0.921999990940094,0.9327999949455261
YGR258C,YGL073W,0,-5.6159325,0.08994244784116745,0.921999990940094,0.9329000115394592
YNL223W,YLR144C,0,-5.616157,0.08993367105722427,0.921999990940094,0.9330000281333923
YDR498C,YHR206W,0,-5.61944,0.0899249017238617,0.921999990940094,0.9330999851226807
YDL149W,YOR046C,0,-5.6203165,0.08991613239049911,0.921999990940094,0.9332000017166138
YJL165C,YNL272C,0,-5.6212025,0.08990736305713654,0.921999990940094,0.9333000183105469
YDL047W,YMR137C,0,-5.6220436,0.08989859372377396,0.921999990940094,0.9333999752998352
YDR435C,YDR418W,0,-5.622074,0.08988983184099197,0.921999990940094,0.9334999918937683
YLR003C,YPL177C,0,-5.6228285,0.08988106995820999,0.921999990940094,0.9336000084877014
YLR350W,YIL068C,0,-5.623099,0.08987230807542801,0.921999990940094,0.9337000250816345
YCR037C,YPR067W,1,-5.6245155,0.08996101468801498,0.9229999780654907,0.9337000250816345
YPL211W,YML014W,0,-5.6266565,0.0899522453546524,0.9229999780654907,0.9337999820709229
YMR225C,YJR040W,0,-5.626881,0.08994348347187042,0.9229999780654907,0.933899998664856
YJR118C,YBR278W,0,-5.627155,0.08993471413850784,0.9229999780654907,0.9340000152587891
YOR210W,YOL071W,0,-5.6284437,0.08992595225572586,0.9229999780654907,0.9340999722480774
YJL069C,YIL036W,0,-5.628645,0.08991719782352448,0.9229999780654907,0.9341999888420105
YIL153W,YLR067C,0,-5.6288657,0.08990843594074249,0.9229999780654907,0.9343000054359436
YOR002W,YOR103C,0,-5.6290836,0.08989968150854111,0.9229999780654907,0.9344000220298767
YIL098C,YKL046C,0,-5.6292677,0.08989091962575912,0.9229999780654907,0.934499979019165
YNL263C,YIR004W,0,-5.6308317,0.08988217264413834,0.9229999780654907,0.9345999956130981
YGL120C,YCR073W-A,0,-5.631323,0.08987341821193695,0.9229999780654907,0.9347000122070312
YDR318W,YNL219C,0,-5.6314,0.08986467123031616,0.9229999780654907,0.9348000288009644
YML048W,YER165W,0,-5.6319227,0.08985591679811478,0.9229999780654907,0.9348999857902527
YOR269W,YGL191W,0,-5.6324344,0.08984716981649399,0.9229999780654907,0.9350000023841858
YJL003W,YLR380W,0,-5.6326427,0.0898384302854538,0.9229999780654907,0.9351000189781189
YPR030W,YPL243W,0,-5.6327524,0.08982968330383301,0.9229999780654907,0.9351999759674072
YBR006W,YJR068W,0,-5.6328597,0.08982094377279282,0.9229999780654907,0.9352999925613403
YDR484W,YDR400W,0,-5.632864,0.08981220424175262,0.9229999780654907,0.9354000091552734
YOR023C,YNL088W,0,-5.633705,0.08980346471071243,0.9229999780654907,0.9355000257492065
YIL070C,YOR245C,0,-5.635141,0.08979472517967224,0.9229999780654907,0.9355999827384949
YIL039W,YMR182C,0,-5.6360765,0.08978599309921265,0.9229999780654907,0.935699999332428
YPR009W,YMR182C,0,-5.6366606,0.08977726101875305,0.9229999780654907,0.9358000159263611
YOL038W,YBR070C,0,-5.63789,0.08976852893829346,0.9229999780654907,0.9358999729156494
YNL091W,YOL151W,0,-5.638034,0.08975979685783386,0.9229999780654907,0.9359999895095825
YDR039C,YDR038C,1,-5.638396,0.08984830975532532,0.9240000247955322,0.9359999895095825
YKL175W,YCR037C,1,-5.6384177,0.08993680030107498,0.925000011920929,0.9359999895095825
YHR024C,YPL203W,0,-5.6386495,0.08992806077003479,0.925000011920929,0.9361000061035156
YGL073W,YPL234C,0,-5.6389294,0.089919313788414,0.925000011920929,0.9362000226974487
YGR216C,YMR183C,0,-5.639418,0.08991057425737381,0.925000011920929,0.9362999796867371
YIR037W,YIR010W,0,-5.6401396,0.08990183472633362,0.925000011920929,0.9363999962806702
YER126C,YFL033C,0,-5.640705,0.08989310264587402,0.925000011920929,0.9365000128746033
YPL060W,YNR013C,1,-5.641012,0.08998153358697891,0.9259999990463257,0.9365000128746033
YGR262C,YDR027C,0,-5.641865,0.08997279405593872,0.9259999990463257,0.9366000294685364
YGR186W,YBR153W,0,-5.642374,0.08996405452489853,0.9259999990463257,0.9366999864578247
YPL221W,YLR005W,0,-5.643532,0.08995531499385834,0.9259999990463257,0.9368000030517578
YDR486C,YPR056W,0,-5.6443176,0.08994657546281815,0.9259999990463257,0.9369000196456909
YOL130W,YPR020W,1,-5.644491,0.09003496170043945,0.9269999861717224,0.9369000196456909
YHR176W,YOR129C,0,-5.6449633,0.09002622216939926,0.9269999861717224,0.9369999766349792
YCR063W,YDL120W,0,-5.6451483,0.09001748263835907,0.9269999861717224,0.9370999932289124
YNL251C,YAR008W,0,-5.647414,0.09000873565673828,0.9269999861717224,0.9372000098228455
YBL019W,YML067C,0,-5.648294,0.09000000357627869,0.9269999861717224,0.9373000264167786
YJR066W,YPL243W,0,-5.64846,0.0899912640452385,0.9269999861717224,0.9373999834060669
YML058W,YBL105C,0,-5.6491184,0.0899825245141983,0.9269999861717224,0.9375
YGR199W,YER166W,0,-5.6496415,0.08997379243373871,0.9269999861717224,0.9376000165939331
YNL298W,YOR081C,0,-5.6500998,0.08996506035327911,0.9269999861717224,0.9376999735832214
YJL060W,YML093W,0,-5.650958,0.08995632827281952,0.9269999861717224,0.9377999901771545
YPR132W,YIL105C,0,-5.6514235,0.08994760364294052,0.9269999861717224,0.9379000067710876
YIR008C,YMR313C,0,-5.6517515,0.08993887901306152,0.9269999861717224,0.9380000233650208
YBR283C,YPR036W,0,-5.651852,0.08993015438318253,0.9269999861717224,0.9380999803543091
YNL264C,YDR059C,0,-5.6522074,0.08992142975330353,0.9269999861717224,0.9381999969482422
YDL130W-A,YJL198W,1,-5.652778,0.09000969678163528,0.9279999732971191,0.9381999969482422
YDR322C-A,YDR456W,1,-5.6531525,0.09009795635938644,0.9290000200271606,0.9381999969482422
YOL146W,YDL120W,0,-5.654549,0.09008921682834625,0.9290000200271606,0.9383000135421753
YHR036W,YBR214W,0,-5.655163,0.09008047729730606,0.9290000200271606,0.9383999705314636
YBL035C,YMR197C,0,-5.655801,0.09007174521684647,0.9290000200271606,0.9384999871253967
YBR214W,YFR002W,0,-5.656107,0.09006301313638687,0.9290000200271606,0.9386000037193298
YMR182C,YMR146C,0,-5.656283,0.09005428105592728,0.9290000200271606,0.9387000203132629
YLR079W,YJR043C,0,-5.6567607,0.09004555642604828,0.9290000200271606,0.9387999773025513
YBR211C,YDR170C,0,-5.657624,0.09003683179616928,0.9290000200271606,0.9388999938964844
YNL016W,YPL234C,0,-5.6586323,0.09002810716629028,0.9290000200271606,0.9390000104904175
YEL017C-A,YNR002C,1,-5.6587653,0.09011627733707428,0.9300000071525574,0.9390000104904175
YHR024C,YEL036C,0,-5.6602387,0.09010754525661469,0.9300000071525574,0.9391000270843506
YBR109C,YMR188C,0,-5.6605263,0.09009882062673569,0.9300000071525574,0.9391999840736389
YGR193C,YPL020C,0,-5.661262,0.09009008854627609,0.9300000071525574,0.939300000667572
YHR042W,YGR231C,0,-5.661375,0.0900813639163971,0.9300000071525574,0.9394000172615051
YMR077C,YDR484W,0,-5.6628203,0.0900726392865181,0.9300000071525574,0.9394999742507935
YNL246W,YGL219C,0,-5.6633625,0.0900639146566391,0.9300000071525574,0.9395999908447266
YNL302C,YIL042C,0,-5.6637163,0.0900551974773407,0.9300000071525574,0.9397000074386597
YJL176C,YER161C,0,-5.6650705,0.0900464728474617,0.9300000071525574,0.9398000240325928
YLR005W,YLR117C,0,-5.66533,0.0900377556681633,0.9300000071525574,0.9398999810218811
YDR419W,YDR194C,0,-5.665524,0.0900290384888649,0.9300000071525574,0.9399999976158142
YLR350W,YNL177C,0,-5.6658006,0.0900203287601471,0.9300000071525574,0.9401000142097473
YFR029W,YDL143W,0,-5.6664476,0.0900116115808487,0.9300000071525574,0.9401999711990356
YLR130C,YDR298C,1,-5.667079,0.09009967744350433,0.9309999942779541,0.9401999711990356
YIL036W,YDR211W,0,-5.6671705,0.09009096026420593,0.9309999942779541,0.9402999877929688
YKL160W,YOR151C,0,-5.6687145,0.09008224308490753,0.9309999942779541,0.9404000043869019
YOR089C,YLR229C,0,-5.6699057,0.09007352590560913,0.9309999942779541,0.940500020980835
YFL009W,YER133W,0,-5.6714973,0.09006481617689133,0.9309999942779541,0.9405999779701233
YPL049C,YOR079C,0,-5.672367,0.09005610644817352,0.9309999942779541,0.9406999945640564
YMR182C,YDR372C,0,-5.672613,0.09004739671945572,0.9309999942779541,0.9408000111579895
YCR083W,YJL006C,0,-5.673625,0.09003868699073792,0.9309999942779541,0.9409000277519226
YLR129W,YHR066W,0,-5.6748157,0.09002997726202011,0.9309999942779541,0.9409999847412109
YIL101C,YNR027W,0,-5.6750326,0.0900212749838829,0.9309999942779541,0.941100001335144
YDR480W,YCR057C,0,-5.6762466,0.0900125652551651,0.9309999942779541,0.9412000179290771
YBR212W,YOR089C,0,-5.6772394,0.09000387042760849,0.9309999942779541,0.9412999749183655
YDL002C,YDR167W,0,-5.677541,0.08999516814947128,0.9309999942779541,0.9413999915122986
YNL223W,YKL192C,0,-5.677792,0.08998646587133408,0.9309999942779541,0.9415000081062317
YGR038W,YKL002W,0,-5.680542,0.08997777104377747,0.9309999942779541,0.9416000247001648
YHR181W,YMR075W,0,-5.680617,0.08996907621622086,0.9309999942779541,0.9416999816894531
YOR260W,YLR145W,0,-5.6818295,0.08996038138866425,0.9309999942779541,0.9417999982833862
YNL201C,YKL129C,0,-5.6826715,0.08995169401168823,0.9309999942779541,0.9419000148773193
YFR050C,YDR507C,0,-5.683402,0.08994299918413162,0.9309999942779541,0.9419999718666077
YHL002W,YOR079C,0,-5.6848106,0.08993431180715561,0.9309999942779541,0.9420999884605408
YLR096W,YBR223C,0,-5.6892705,0.0899256244301796,0.9309999942779541,0.9422000050544739
YMR225C,YNL128W,0,-5.6893177,0.08991693705320358,0.9309999942779541,0.942300021648407
YER173W,YNL106C,0,-5.6905346,0.08990825712680817,0.9309999942779541,0.9423999786376953
YNL016W,YMR197C,0,-5.6906238,0.08989957720041275,0.9309999942779541,0.9424999952316284
YPR072W,YKL054C,0,-5.6910853,0.08989089727401733,0.9309999942779541,0.9426000118255615
YPL262W,YDR211W,0,-5.691685,0.08988221734762192,0.9309999942779541,0.9427000284194946
YJL019W,YJL085W,0,-5.6919737,0.0898735374212265,0.9309999942779541,0.942799985408783
YGR257C,YPL036W,1,-5.692484,0.08996138721704483,0.9319999814033508,0.942799985408783
YOR008C,YER166W,0,-5.692702,0.08995270729064941,0.9319999814033508,0.9429000020027161
YNL121C,YBR004C,0,-5.6935277,0.089944027364254,0.9319999814033508,0.9430000185966492
YNL275W,YLR238W,0,-5.694688,0.08993534743785858,0.9319999814033508,0.9430999755859375
YDR459C,YCL031C,0,-5.6948085,0.08992666751146317,0.9319999814033508,0.9431999921798706
YKL064W,YKL175W,1,-5.6967287,0.09001447260379791,0.9330000281333923,0.9431999921798706
YML105C,YLR369W,0,-5.6968956,0.0900057852268219,0.9330000281333923,0.9433000087738037
YLR254C,YDR353W,0,-5.6972117,0.08999710530042648,0.9330000281333923,0.9434000253677368
YNL323W,YMR316W,0,-5.6977625,0.08998842537403107,0.9330000281333923,0.9434999823570251
YOR316C,YFL050C,1,-5.6980987,0.09007618576288223,0.9340000152587891,0.9434999823570251
YOR145C,YDL150W,0,-5.6981297,0.09006750583648682,0.9340000152587891,0.9435999989509583
YBR024W,YLR130C,1,-5.698435,0.09015524387359619,0.9350000023841858,0.9435999989509583
YBR236C,YCR053W,0,-5.6986914,0.09014654904603958,0.9350000023841858,0.9437000155448914
YOR261C,YML115C,0,-5.699768,0.09013785421848297,0.9350000023841858,0.9437999725341797
YLR417W,YNL099C,0,-5.6998878,0.09012916684150696,0.9350000023841858,0.9438999891281128
YPR144C,YDL111C,0,-5.701168,0.09012047946453094,0.9350000023841858,0.9440000057220459
YPL159C,YBR065C,0,-5.7020817,0.09011179953813553,0.9350000023841858,0.944100022315979
YIL018W,YOR035C,0,-5.7020826,0.09010311216115952,0.9350000023841858,0.9441999793052673
YNL039W,YLL001W,0,-5.703229,0.0900944322347641,0.9350000023841858,0.9442999958992004
YMR060C,YKL062W,0,-5.7033567,0.09008575230836868,0.9350000023841858,0.9444000124931335
YNL251C,YNL188W,0,-5.7034225,0.09007707238197327,0.9350000023841858,0.9445000290870667
YLR006C,YML094W,0,-5.7034955,0.09006839245557785,0.9350000023841858,0.944599986076355
YDL128W,YJL117W,1,-5.703699,0.09015604108572006,0.9359999895095825,0.944599986076355
YNL331C,YML024W,0,-5.7038593,0.09014735370874405,0.9359999895095825,0.9447000026702881
YOL128C,YBR179C,0,-5.7052855,0.09013867378234863,0.9359999895095825,0.9448000192642212
YJL154C,YDL188C,0,-5.705312,0.09012999385595322,0.9359999895095825,0.9448999762535095
YHR188C,YDR037W,0,-5.705472,0.0901213139295578,0.9359999895095825,0.9449999928474426
YPR029C,YIL008W,0,-5.7067814,0.09011264145374298,0.9359999895095825,0.9451000094413757
YGR140W,YMR091C,0,-5.708551,0.09010396897792816,0.9359999895095825,0.9452000260353088
YML038C,YFR052W,0,-5.709956,0.09009529650211334,0.9359999895095825,0.9452999830245972
YDL004W,YPL060W,1,-5.710454,0.09018287062644958,0.9369999766349792,0.9452999830245972
YEL017C-A,YIL114C,1,-5.7115107,0.09027042984962463,0.9380000233650208,0.9452999830245972
YDL128W,YOR316C,1,-5.71325,0.09035796672105789,0.9390000104904175,0.9452999830245972
YEL013W,YGR199W,0,-5.713661,0.09034927189350128,0.9390000104904175,0.9453999996185303
YDL128W,YFL041W,1,-5.713846,0.09043679386377335,0.9399999976158142,0.9453999996185303
YIR011C,YDR211W,0,-5.714334,0.09042809158563614,0.9399999976158142,0.9455000162124634
YBR179C,YBR265W,0,-5.715824,0.09041938930749893,0.9399999976158142,0.9455999732017517
YNL159C,YKL068W,0,-5.7159853,0.09041069447994232,0.9399999976158142,0.9456999897956848
YBL023C,YNL293W,0,-5.71698,0.09040199965238571,0.9399999976158142,0.9458000063896179
YDR175C,YLR246W,0,-5.7179008,0.0903933048248291,0.9399999976158142,0.945900022983551
YBR002C,YGR141W,0,-5.7179165,0.09038461744785309,0.9399999976158142,0.9459999799728394
YAL022C,YER133W,0,-5.718476,0.09037592262029648,0.9399999976158142,0.9460999965667725
YMR022W,YCR038C,0,-5.7195344,0.09036723524332047,0.9399999976158142,0.9462000131607056
YIR011C,YBR218C,0,-5.7202206,0.09035854786634445,0.9399999976158142,0.9463000297546387
YKR068C,YDR427W,0,-5.7203856,0.09034986793994904,0.9399999976158142,0.946399986743927
YBL041W,YOR363C,0,-5.7213416,0.09034118056297302,0.9399999976158142,0.9465000033378601
YPL117C,YJL010C,0,-5.7215414,0.0903325006365776,0.9399999976158142,0.9466000199317932
YIL026C,YPL015C,0,-5.7215633,0.09032382071018219,0.9399999976158142,0.9466999769210815
YGR261C,YPL057C,0,-5.721586,0.09031514078378677,0.9399999976158142,0.9467999935150146
YOR257W,YPR019W,0,-5.7216625,0.09030646830797195,0.9399999976158142,0.9469000101089478
YER126C,YJL001W,0,-5.72185,0.09029778838157654,0.9399999976158142,0.9470000267028809
YOR327C,YLR350W,0,-5.7221527,0.09028911590576172,0.9399999976158142,0.9470999836921692
YNL323W,YNL261W,0,-5.722338,0.0902804434299469,0.9399999976158142,0.9472000002861023
YKL108W,YML078W,0,-5.7225323,0.09027177840471268,0.9399999976158142,0.9473000168800354
YIL153W,YOR359W,0,-5.722646,0.09026310592889786,0.9399999976158142,0.9473999738693237
YPL211W,YIL062C,0,-5.7240033,0.09025444090366364,0.9399999976158142,0.9474999904632568
YOL130W,YNR013C,1,-5.724406,0.09034178406000137,0.9409999847412109,0.9474999904632568
YLR163C,YPL267W,0,-5.7248898,0.09033311158418655,0.9409999847412109,0.9476000070571899
YML105C,YJL089W,0,-5.7250433,0.09032443910837173,0.9409999847412109,0.947700023651123
YLL009C,YNR013C,1,-5.725144,0.09041174501180649,0.9419999718666077,0.947700023651123
YFR029W,YBL052C,0,-5.7256527,0.09040307253599167,0.9419999718666077,0.9477999806404114
YDR465C,YIL008W,0,-5.726099,0.09039439260959625,0.9419999718666077,0.9478999972343445
YBR210W,YBR049C,0,-5.7264304,0.09038572013378143,0.9419999718666077,0.9480000138282776
YJL117W,YLL015W,1,-5.7270136,0.0904729887843132,0.9430000185966492,0.9480000138282776
YDL004W,YKL220C,1,-5.7273536,0.09056024253368378,0.9440000057220459,0.9480000138282776
YOL016C,YJR131W,0,-5.7273836,0.09055155515670776,0.9440000057220459,0.9480999708175659
YBR179C,YGR202C,0,-5.7277937,0.09054287523031235,0.9440000057220459,0.948199987411499
YMR255W,YDR211W,0,-5.7281666,0.09053418785333633,0.9440000057220459,0.9483000040054321
YNL084C,YOR355W,0,-5.728943,0.09052550792694092,0.9440000057220459,0.9484000205993652
YGR044C,YLR291C,0,-5.729489,0.0905168280005455,0.9440000057220459,0.9484999775886536
YNR023W,YML034W,0,-5.729536,0.09050814807415009,0.9440000057220459,0.9485999941825867
YFR041C,YPL042C,0,-5.7296276,0.09049947559833527,0.9440000057220459,0.9487000107765198
YPL106C,YDR427W,0,-5.7318306,0.09049079567193985,0.9440000057220459,0.9488000273704529
YNL206C,YER159C,0,-5.7320457,0.09048212319612503,0.9440000057220459,0.9488999843597412
YBR091C,YOR075W,0,-5.733978,0.09047345072031021,0.9440000057220459,0.9490000009536743
YOR304W,YMR140W,0,-5.734235,0.09046478569507599,0.9440000057220459,0.9491000175476074
YJR121W,YNR013C,1,-5.7352786,0.0905519351363182,0.9449999928474426,0.9491000175476074
YNL023C,YIL042C,0,-5.736036,0.09054326266050339,0.9449999928474426,0.9491999745368958
YOR171C,YDL235C,0,-5.7364626,0.09053458273410797,0.9449999928474426,0.9492999911308289
YGR083C,YDR122W,0,-5.736579,0.09052591025829315,0.9449999928474426,0.949400007724762
YMR255W,YHR183W,0,-5.737048,0.09051723778247833,0.9449999928474426,0.9495000243186951
YJR121W,YHR050W,1,-5.7373104,0.09060434997081757,0.9459999799728394,0.9495000243186951
YOR036W,YGR020C,0,-5.738449,0.09059567004442215,0.9459999799728394,0.9495999813079834
YJL020C,YCR035C,0,-5.738535,0.09058699756860733,0.9459999799728394,0.9496999979019165
YBR117C,YNL188W,0,-5.7388887,0.09057832509279251,0.9459999799728394,0.9498000144958496
YOR241W,YMR211W,0,-5.7395587,0.09056965261697769,0.9459999799728394,0.9498999714851379
YFR050C,YML032C,0,-5.7415133,0.09056098014116287,0.9459999799728394,0.949999988079071
YFL002C,YML062C,0,-5.7417126,0.09055231511592865,0.9459999799728394,0.9501000046730042
YCR034W,YDL115C,0,-5.742879,0.09054364264011383,0.9459999799728394,0.9502000212669373
YLR314C,YDR483W,0,-5.745707,0.09053497761487961,0.9459999799728394,0.9502999782562256
YDL007W,YBR202W,0,-5.7457113,0.09052631258964539,0.9459999799728394,0.9503999948501587
YCR081W,YPR017C,0,-5.7479353,0.09051765501499176,0.9459999799728394,0.9505000114440918
YPR025C,YDL056W,0,-5.7481704,0.09050898998975754,0.9459999799728394,0.9506000280380249
YML025C,YNL154C,0,-5.7483554,0.09050033241510391,0.9459999799728394,0.9506999850273132
YJL117W,YBR024W,1,-5.748439,0.09058733284473419,0.9470000267028809,0.9506999850273132
YER002W,YEL024W,0,-5.749386,0.09057866781949997,0.9470000267028809,0.9508000016212463
YJL141C,YBR087W,0,-5.749442,0.09057001024484634,0.9470000267028809,0.9509000182151794
YMR039C,YOL148C,0,-5.7498465,0.09056134521961212,0.9470000267028809,0.9509999752044678
YOR341W,YGR080W,0,-5.7507076,0.0905526876449585,0.9470000267028809,0.9510999917984009
YOR143C,YKL093W,0,-5.750745,0.09054403007030487,0.9470000267028809,0.951200008392334
YHL003C,YOR329C,0,-5.750849,0.09053537249565125,0.9470000267028809,0.9513000249862671
YMR188C,YKR048C,0,-5.7521334,0.09052671492099762,0.9470000267028809,0.9513999819755554
YDR177W,YIR004W,0,-5.7525334,0.09051806479692459,0.9470000267028809,0.9514999985694885
YJL002C,YBR023C,0,-5.7527714,0.09050941467285156,0.9470000267028809,0.9516000151634216
YOR341W,YGR028W,0,-5.753864,0.09050076454877853,0.9470000267028809,0.95169997215271
YOL144W,YJL148W,0,-5.7557507,0.0904921144247055,0.9470000267028809,0.9517999887466431
YKL040C,YJL127C,0,-5.7569304,0.09048347175121307,0.9470000267028809,0.9519000053405762
YPR034W,YPL061W,0,-5.7575793,0.09047482907772064,0.9470000267028809,0.9520000219345093
YOR253W,YDR162C,0,-5.75875,0.09046617895364761,0.9470000267028809,0.9520999789237976
YDR398W,YMR056C,0,-5.7597775,0.09045754373073578,0.9470000267028809,0.9521999955177307
YJR110W,YBR065C,0,-5.760726,0.09044890105724335,0.9470000267028809,0.9523000121116638
YDR329C,YDR309C,0,-5.761301,0.09044026583433151,0.9470000267028809,0.9524000287055969
YNR038W,YOR018W,0,-5.761775,0.09043163061141968,0.9470000267028809,0.9524999856948853
YGL136C,YKR082W,0,-5.763339,0.09042299538850784,0.9470000267028809,0.9526000022888184
YLR262C,YLR259C,0,-5.7661166,0.09041436016559601,0.9470000267028809,0.9527000188827515
YLL043W,YOR201C,0,-5.7668943,0.09040572494268417,0.9470000267028809,0.9527999758720398
YER126C,YGR070W,0,-5.7669053,0.09039709717035294,0.9470000267028809,0.9528999924659729
YER143W,YDR299W,0,-5.767029,0.0903884693980217,0.9470000267028809,0.953000009059906
YGR002C,YGL004C,0,-5.7671885,0.09037984162569046,0.9470000267028809,0.9531000256538391
YBR043C,YOR144C,0,-5.767293,0.09037122130393982,0.9470000267028809,0.9531999826431274
YLR410W,YGL172W,0,-5.7678504,0.09036259353160858,0.9470000267028809,0.9532999992370605
YKL059C,YBR265W,0,-5.768646,0.09035397320985794,0.9470000267028809,0.9534000158309937
YOL112W,YPR056W,0,-5.7726574,0.0903453528881073,0.9470000267028809,0.953499972820282
YJL094C,YNL291C,1,-5.7728395,0.09043212980031967,0.9480000138282776,0.953499972820282
YGR193C,YCL011C,0,-5.774603,0.09042350202798843,0.9480000138282776,0.9535999894142151
YPL243W,YOR173W,0,-5.7748194,0.09041488170623779,0.9480000138282776,0.9537000060081482
YDR470C,YPL112C,0,-5.7751946,0.09040625393390656,0.9480000138282776,0.9538000226020813
YLR175W,YIL079C,0,-5.775201,0.09039763361215591,0.9480000138282776,0.9538999795913696
YLR097C,YLR249W,0,-5.7773795,0.09038901329040527,0.9480000138282776,0.9539999961853027
YDR293C,YNL029C,0,-5.7776365,0.09038040041923523,0.9480000138282776,0.9541000127792358
YDR174W,YKL060C,0,-5.781349,0.09037178009748459,0.9480000138282776,0.954200029373169
YJR043C,YKL005C,0,-5.7821684,0.09036316722631454,0.9480000138282776,0.9542999863624573
YIL040W,YNL239W,0,-5.7829905,0.0903545543551445,0.9480000138282776,0.9544000029563904
YPR067W,YJL198W,1,-5.7834024,0.0904412493109703,0.9490000009536743,0.9544000029563904
YEL013W,YKL195W,0,-5.784083,0.09043262898921967,0.9490000009536743,0.9545000195503235
YJL194W,YBR273C,0,-5.7862043,0.09042400866746902,0.9490000009536743,0.9545999765396118
YOL133W,YDR358W,0,-5.7866077,0.09041539579629898,0.9490000009536743,0.9546999931335449
YGR209C,YGL225W,0,-5.78694,0.09040678292512894,0.9490000009536743,0.954800009727478
YBL041W,YMR083W,0,-5.7882667,0.09039817005395889,0.9490000009536743,0.9549000263214111
YPL227C,YJR126C,0,-5.7885346,0.09038956463336945,0.9490000009536743,0.9549999833106995
YPR144C,YDR099W,0,-5.7891784,0.0903809517621994,0.9490000009536743,0.9550999999046326
YGL168W,YNL275W,0,-5.789379,0.09037234634160995,0.9490000009536743,0.9552000164985657
YPR088C,YML091C,0,-5.789506,0.09036374092102051,0.9490000009536743,0.955299973487854
YGL054C,YKL060C,0,-5.7896223,0.09035513550043106,0.9490000009536743,0.9553999900817871
YDL100C,YGR010W,0,-5.7903185,0.09034653753042221,0.9490000009536743,0.9555000066757202
YJL134W,YKR085C,0,-5.7919703,0.09033793210983276,0.9490000009536743,0.9556000232696533
YDR175C,YBR216C,0,-5.792191,0.09032933413982391,0.9490000009536743,0.9556999802589417
YBR173C,YML115C,0,-5.7922063,0.09032073616981506,0.9490000009536743,0.9557999968528748
YNL074C,YKR082W,0,-5.7926826,0.09031214565038681,0.9490000009536743,0.9559000134468079
YLR183C,YOR363C,0,-5.792845,0.09030354768037796,0.9490000009536743,0.9559999704360962
YNL280C,YLR229C,0,-5.793009,0.09029495716094971,0.9490000009536743,0.9560999870300293
YDR480W,YER164W,0,-5.7933273,0.09028636664152145,0.9490000009536743,0.9562000036239624
YBR117C,YOR243C,0,-5.793339,0.0902777761220932,0.9490000009536743,0.9563000202178955
YOR142W,YKL166C,0,-5.793892,0.09026919305324554,0.9490000009536743,0.9563999772071838
YBR290W,YEL027W,1,-5.795209,0.09035571664571762,0.949999988079071,0.9563999772071838
YOR243C,YJR063W,0,-5.795677,0.09034712612628937,0.949999988079071,0.9564999938011169
YDR175C,YKL019W,0,-5.7959986,0.09033852815628052,0.949999988079071,0.95660001039505
YPL091W,YLR264W,0,-5.7969837,0.09032994508743286,0.949999988079071,0.9567000269889832
YKL019W,YKR082W,0,-5.797803,0.09032135456800461,0.949999988079071,0.9567999839782715
YFL041W,YHR050W,1,-5.801427,0.0904078334569931,0.9509999752044678,0.9567999839782715
YOL027C,YNR013C,1,-5.802863,0.0904942974448204,0.9520000219345093,0.9567999839782715
YDL108W,YGL049C,0,-5.8029146,0.09048569202423096,0.9520000219345093,0.9569000005722046
YNL251C,YMR005W,0,-5.8038173,0.0904770940542221,0.9520000219345093,0.9570000171661377
YGR214W,YIR025W,0,-5.804017,0.09046849608421326,0.9520000219345093,0.957099974155426
YDR039C,YML121W,1,-5.8040686,0.09055492281913757,0.953000009059906,0.957099974155426
YJL146W,YOL044W,0,-5.804219,0.09054631739854813,0.953000009059906,0.9571999907493591
YJL045W,YKL179C,0,-5.805337,0.09053771942853928,0.953000009059906,0.9573000073432922
YLR272C,YDR009W,0,-5.8064175,0.09052911400794983,0.953000009059906,0.9574000239372253
YGR002C,YOL054W,0,-5.8075147,0.09052051603794098,0.953000009059906,0.9574999809265137
YBR077C,YBR171W,0,-5.809677,0.09051191806793213,0.953000009059906,0.9575999975204468
YIL149C,YLR459W,0,-5.8105197,0.09050332754850388,0.953000009059906,0.9577000141143799
YOR014W,YLR145W,0,-5.811638,0.09049472957849503,0.953000009059906,0.9577999711036682
YOL027C,YBR290W,1,-5.812072,0.09058108925819397,0.9539999961853027,0.9577999711036682
YML034W,YIL076W,0,-5.8134813,0.09057248383760452,0.9539999961853027,0.9578999876976013
YDR484W,YDR166C,0,-5.8142195,0.09056388586759567,0.9539999961853027,0.9580000042915344
YNL097C,YER024W,0,-5.8170447,0.09055529534816742,0.9539999961853027,0.9581000208854675
YFR029W,YHR204W,0,-5.821746,0.09054669737815857,0.9539999961853027,0.9581999778747559
YNL027W,YLR380W,0,-5.8225684,0.09053810685873032,0.9539999961853027,0.958299994468689
YCL039W,YOR206W,0,-5.823657,0.09052950888872147,0.9539999961853027,0.9584000110626221
YHL002W,YML067C,0,-5.8240347,0.09052092581987381,0.9539999961853027,0.9585000276565552
YLR291C,YPR113W,0,-5.825012,0.09051233530044556,0.9539999961853027,0.9585999846458435
YKL192C,YMR285C,0,-5.825095,0.0905037447810173,0.9539999961853027,0.9587000012397766
YBR112C,YIL033C,0,-5.8269663,0.09049516171216965,0.9539999961853027,0.9588000178337097
YOL045W,YOR201C,0,-5.827821,0.09048657864332199,0.9539999961853027,0.958899974822998
YNL161W,YNL103W,0,-5.8286505,0.09047799557447433,0.9539999961853027,0.9589999914169312
YPL190C,YKL206C,0,-5.829708,0.09046941995620728,0.9539999961853027,0.9591000080108643
YJR143C,YGL180W,0,-5.830058,0.09046083688735962,0.9539999961853027,0.9592000246047974
YLR378C,YGL172W,0,-5.830584,0.09045226126909256,0.9539999961853027,0.9592999815940857
YDL020C,YIL052C,0,-5.8320503,0.0904436856508255,0.9539999961853027,0.9593999981880188
YPR009W,YNL091W,0,-5.832653,0.09043511003255844,0.9539999961853027,0.9595000147819519
YPL042C,YDR113C,0,-5.8327837,0.09042654186487198,0.9539999961853027,0.9595999717712402
YGR014W,YMR255W,0,-5.833561,0.09041796624660492,0.9539999961853027,0.9596999883651733
YML036W,YBR298C,0,-5.8351727,0.09040939807891846,0.9539999961853027,0.9598000049591064
YNL294C,YNL061W,0,-5.835217,0.09040083736181259,0.9539999961853027,0.9599000215530396
YJL117W,YDR298C,1,-5.836541,0.09048701822757721,0.9549999833106995,0.9599000215530396
YDR062W,YBR086C,0,-5.8384733,0.09047844260931015,0.9549999833106995,0.9599999785423279
YJL140W,YDR299W,0,-5.839058,0.09046987444162369,0.9549999833106995,0.960099995136261
YOL011W,YMR044W,0,-5.8391504,0.09046130627393723,0.9549999833106995,0.9602000117301941
YNR046W,YDL126C,0,-5.8395576,0.09045273810625076,0.9549999833106995,0.9603000283241272
YHR008C,YHR016C,0,-5.8411016,0.0904441699385643,0.9549999833106995,0.9603999853134155
YFR004W,YKL080W,0,-5.8419123,0.09043560922145844,0.9549999833106995,0.9605000019073486
YIL125W,YBR087W,0,-5.8421135,0.09042704105377197,0.9549999833106995,0.9606000185012817
YIL039W,YOR038C,0,-5.8425055,0.09041848033666611,0.9549999833106995,0.9606999754905701
YIL114C,YLL015W,1,-5.8447876,0.09050459414720535,0.9559999704360962,0.9606999754905701
YDR494W,YLR380W,0,-5.8449593,0.09049602597951889,0.9559999704360962,0.9607999920845032
YOL149W,YLR020C,0,-5.845689,0.09048745781183243,0.9559999704360962,0.9609000086784363
YPR171W,YPL190C,0,-5.846348,0.09047889709472656,0.9559999704360962,0.9610000252723694
YOL043C,YMR054W,0,-5.85116,0.0904703289270401,0.9559999704360962,0.9610999822616577
YDR364C,YJR019C,0,-5.8521132,0.09046176820993423,0.9559999704360962,0.9611999988555908
YAL007C,YDR246W,0,-5.85219,0.09045321494340897,0.9559999704360962,0.9613000154495239
YDR142C,YLR409C,0,-5.8548975,0.0904446542263031,0.9559999704360962,0.9613999724388123
YDR470C,YHR150W,0,-5.855576,0.09043610095977783,0.9559999704360962,0.9614999890327454
YOR115C,YML062C,0,-5.857575,0.09042754769325256,0.9559999704360962,0.9616000056266785
YER109C,YGL004C,0,-5.859221,0.0904189944267273,0.9559999704360962,0.9617000222206116
YDL128W,YIL114C,1,-5.859797,0.09050501137971878,0.9570000171661377,0.9617000222206116
YNL207W,YKL143W,0,-5.8602,0.09049645066261292,0.9570000171661377,0.9617999792098999
YIL118W,YLR240W,0,-5.862609,0.09048789739608765,0.9570000171661377,0.961899995803833
YIL098C,YIL126W,0,-5.8647614,0.09047934412956238,0.9570000171661377,0.9620000123977661
YNL012W,YOR281C,0,-5.8650203,0.09047079086303711,0.9570000171661377,0.9621000289916992
YBR106W,YEL027W,1,-5.8665147,0.09055676311254501,0.9580000042915344,0.9621000289916992
YPL227C,YDR017C,0,-5.8667045,0.09054820239543915,0.9580000042915344,0.9621999859809875
YBR065C,YDR150W,0,-5.8669486,0.09053964912891388,0.9580000042915344,0.9623000025749207
YDR160W,YNL207W,0,-5.86725,0.09053108841180801,0.9580000042915344,0.9624000191688538
YBR109C,YMR083W,0,-5.8694243,0.09052253514528275,0.9580000042915344,0.9624999761581421
YNL293W,YJL050W,0,-5.8696623,0.09051398187875748,0.9580000042915344,0.9625999927520752
YGR083C,YOL044W,0,-5.870041,0.09050542861223221,0.9580000042915344,0.9627000093460083
YDR486C,YBR210W,0,-5.8724904,0.09049688279628754,0.9580000042915344,0.9628000259399414
YJR043C,YNR035C,0,-5.8732514,0.09048833698034286,0.9580000042915344,0.9628999829292297
YER145C,YMR243C,1,-5.8735285,0.0905742347240448,0.9589999914169312,0.9628999829292297
YJL210W,YNL182C,0,-5.8748507,0.09056568145751953,0.9589999914169312,0.9629999995231628
YKL073W,YDL065C,0,-5.875068,0.09055712819099426,0.9589999914169312,0.963100016117096
YLR295C,YKL016C,1,-5.8760443,0.09064299613237381,0.9599999785423279,0.963100016117096
YLR222C,YDR216W,0,-5.8764772,0.09063444286584854,0.9599999785423279,0.9631999731063843
YGR112W,YMR260C,0,-5.877139,0.09062588214874268,0.9599999785423279,0.9632999897003174
YKR067W,YML031W,0,-5.8786306,0.09061732888221741,0.9599999785423279,0.9634000062942505
YBR169C,YKL191W,0,-5.878778,0.09060877561569214,0.9599999785423279,0.9635000228881836
YBL105C,YDL015C,0,-5.879387,0.09060022979974747,0.9599999785423279,0.9635999798774719
YDL074C,YFL034C-B,0,-5.881338,0.0905916765332222,0.9599999785423279,0.963699996471405
YOR142W,YOR241W,0,-5.881361,0.09058313071727753,0.9599999785423279,0.9638000130653381
YMR243C,YDR456W,1,-5.8829365,0.0906689316034317,0.9610000252723694,0.9638000130653381
YDL065C,YOL146W,0,-5.883714,0.09066037833690643,0.9610000252723694,0.9639000296592712
YDR322C-A,YMR243C,1,-5.8837585,0.09074615687131882,0.9620000123977661,0.9639000296592712
YIL114C,YJR077C,1,-5.8839207,0.09083192050457001,0.9629999995231628,0.9639000296592712
YIL153W,YHR150W,0,-5.8840666,0.09082335233688354,0.9629999995231628,0.9639999866485596
YJL053W,YER100W,0,-5.884342,0.09081478416919708,0.9629999995231628,0.9641000032424927
YDL065C,YLR229C,0,-5.884555,0.09080622345209122,0.9629999995231628,0.9642000198364258
YLR138W,YKL140W,0,-5.8849916,0.09079766273498535,0.9629999995231628,0.9642999768257141
YER145C,YDR276C,1,-5.887039,0.09088338166475296,0.9639999866485596,0.9642999768257141
YKL059C,YGR262C,0,-5.8872848,0.0908748134970665,0.9639999866485596,0.9643999934196472
YPR065W,YJL111W,0,-5.888758,0.09086624532938004,0.9639999866485596,0.9645000100135803
YDR221W,YDL147W,0,-5.890812,0.09085768461227417,0.9639999866485596,0.9646000266075134
YHR115C,YMR188C,0,-5.8919272,0.09084911644458771,0.9639999866485596,0.9646999835968018
YBR084W,YOR208W,0,-5.894601,0.09084055572748184,0.9639999866485596,0.9648000001907349
YGL136C,YNL038W,0,-5.894622,0.09083199501037598,0.9639999866485596,0.964900016784668
YNR007C,YOR002W,0,-5.8947525,0.09082344174385071,0.9639999866485596,0.9649999737739563
YAL002W,YHR148W,0,-5.895545,0.09081488102674484,0.9639999866485596,0.9650999903678894
YGR128C,YBR298C,0,-5.8957443,0.09080632776021957,0.9639999866485596,0.9652000069618225
YJR140C,YNL222W,0,-5.896656,0.0907977744936943,0.9639999866485596,0.9653000235557556
YER093C,YOR061W,0,-5.8982515,0.09078922867774963,0.9639999866485596,0.965399980545044
YLR201C,YNL164C,0,-5.898937,0.09078067541122437,0.9639999866485596,0.965499997138977
YPL060W,YGR191W,1,-5.8993907,0.09086629003286362,0.9649999737739563,0.965499997138977
YER171W,YCR083W,0,-5.9005637,0.09085773676633835,0.9649999737739563,0.9656000137329102
YLR291C,YJR019C,0,-5.900721,0.09084918349981308,0.9649999737739563,0.9656999707221985
YIL008W,YGR070W,0,-5.90115,0.09084063023328781,0.9649999737739563,0.9657999873161316
YER166W,YDL185W,0,-5.9025702,0.09083207696676254,0.9649999737739563,0.9659000039100647
YPL059W,YKR099W,0,-5.903614,0.09082353115081787,0.9649999737739563,0.9660000205039978
YCL054W,YIL017C,0,-5.904149,0.0908149853348732,0.9649999737739563,0.9660999774932861
YJR121W,YDR298C,1,-5.9060845,0.09090053290128708,0.9660000205039978,0.9660999774932861
YDR330W,YMR212C,0,-5.906144,0.09089198708534241,0.9660000205039978,0.9661999940872192
YBR273C,YKL029C,0,-5.9065347,0.09088343381881714,0.9660000205039978,0.9663000106811523
YGR118W,YJL001W,0,-5.9083004,0.09087488055229187,0.9660000205039978,0.9664000272750854
YDR087C,YDL150W,0,-5.9090133,0.0908663347363472,0.9660000205039978,0.9664999842643738
YGL025C,YGR216C,0,-5.910095,0.09085778892040253,0.9660000205039978,0.9666000008583069
YLR259C,YHR170W,0,-5.910529,0.09084924310445786,0.9660000205039978,0.96670001745224
YJR144W,YNL239W,0,-5.9105387,0.09084069728851318,0.9660000205039978,0.9667999744415283
YLR222C,YDR251W,0,-5.911233,0.09083215892314911,0.9660000205039978,0.9668999910354614
YDL058W,YKR068C,0,-5.911459,0.09082362055778503,0.9660000205039978,0.9670000076293945
YOL003C,YLR228C,0,-5.912558,0.09081508219242096,0.9660000205039978,0.9671000242233276
YLR264W,YOR329C,0,-5.913399,0.09080654382705688,0.9660000205039978,0.967199981212616
YKL016C,YPR067W,1,-5.9157248,0.0908920019865036,0.9670000076293945,0.967199981212616
YLR186W,YDL019C,0,-5.9161596,0.09088345617055893,0.9670000076293945,0.9672999978065491
YLR200W,YBR126C,0,-5.917596,0.09087491780519485,0.9670000076293945,0.9674000144004822
YER145C,YJR121W,1,-5.918332,0.09096034616231918,0.9679999947547913,0.9674000144004822
YGR129W,YKL046C,0,-5.9185176,0.09095180034637451,0.9679999947547913,0.9674999713897705
YEL012W,YML115C,0,-5.918894,0.09094325453042984,0.9679999947547913,0.9675999879837036
YER008C,YLR363C,0,-5.9204235,0.09093470871448517,0.9679999947547913,0.9677000045776367
YER119C,YAL033W,0,-5.9233117,0.0909261703491211,0.9679999947547913,0.9678000211715698
YBL019W,YER123W,0,-5.923428,0.09091763198375702,0.9679999947547913,0.9678999781608582
YJR059W,YLL021W,0,-5.923732,0.09090909361839294,0.9679999947547913,0.9679999947547913
YLR219W,YIL018W,0,-5.9246354,0.09090055525302887,0.9679999947547913,0.9681000113487244
YPR171W,YGL051W,0,-5.9260025,0.0908920168876648,0.9679999947547913,0.9682000279426575
YFR050C,YGR214W,0,-5.9269457,0.09088348597288132,0.9679999947547913,0.9682999849319458
YGR002C,YNR003C,0,-5.9299774,0.09087495505809784,0.9679999947547913,0.9684000015258789
YPL212C,YGL174W,0,-5.930339,0.09086642414331436,0.9679999947547913,0.968500018119812
YNL001W,YDR079W,0,-5.930778,0.09085789322853088,0.9679999947547913,0.9685999751091003
YDR516C,YLL035W,0,-5.932448,0.090849369764328,0.9679999947547913,0.9686999917030334
YAL038W,YOL127W,0,-5.932889,0.09084083884954453,0.9679999947547913,0.9688000082969666
YPR067W,YLL015W,1,-5.9330473,0.0909261554479599,0.968999981880188,0.9688000082969666
YGR044C,YHR170W,0,-5.9332066,0.09091761708259583,0.968999981880188,0.9689000248908997
YKR009C,YKL014C,0,-5.9358425,0.09090909361839294,0.968999981880188,0.968999981880188
YOR137C,YJL198W,1,-5.936165,0.09099437296390533,0.9700000286102295,0.968999981880188
YNR003C,YBR142W,0,-5.9392776,0.09098583459854126,0.9700000286102295,0.9690999984741211
YOR007C,YIR037W,0,-5.9395185,0.09097730368375778,0.9700000286102295,0.9692000150680542
YFR013W,YCR060W,0,-5.9419985,0.0909687727689743,0.9700000286102295,0.9692999720573425
YPL123C,YBR169C,0,-5.9428964,0.09096024185419083,0.9700000286102295,0.9693999886512756
YGR044C,YKL122C,0,-5.9431114,0.09095171093940735,0.9700000286102295,0.9695000052452087
YGR211W,YAL022C,0,-5.944827,0.09094318747520447,0.9700000286102295,0.9696000218391418
YML013W,YBR049C,0,-5.9454384,0.09093465656042099,0.9700000286102295,0.9696999788284302
YGR141W,YOR143C,0,-5.945977,0.09092613309621811,0.9700000286102295,0.9697999954223633
YPL157W,YPL203W,0,-5.947538,0.09091760963201523,0.9700000286102295,0.9699000120162964
YBR132C,YNR027W,0,-5.949279,0.09090909361839294,0.9700000286102295,0.9700000286102295
YER126C,YHR082C,0,-5.953528,0.09090057015419006,0.9700000286102295,0.9700999855995178
YEL037C,YOR347C,0,-5.959627,0.09089205414056778,0.9700000286102295,0.9702000021934509
YMR200W,YDL150W,0,-5.9600735,0.0908835381269455,0.9700000286102295,0.970300018787384
YML062C,YDL028C,0,-5.962982,0.09087502211332321,0.9700000286102295,0.9703999757766724
YOR014W,YMR285C,0,-5.96571,0.09086651355028152,0.9700000286102295,0.9704999923706055
YDL045C,YAL023C,0,-5.965747,0.09085799753665924,0.9700000286102295,0.9706000089645386
YML057W,YIL097W,0,-5.966302,0.09084948897361755,0.9700000286102295,0.9707000255584717
YOL093W,YOR206W,0,-5.9673862,0.09084098041057587,0.9700000286102295,0.97079998254776
YGL071W,YBR290W,1,-5.975352,0.09092611819505692,0.9710000157356262,0.97079998254776
YOR284W,YDL197C,0,-5.975436,0.09091760218143463,0.9710000157356262,0.9708999991416931
YJR070C,YOR208W,0,-5.975585,0.09090909361839294,0.9710000157356262,0.9710000157356262
YDL076C,YIL076W,0,-5.976776,0.09090057760477066,0.9710000157356262,0.9710999727249146
YOR089C,YMR188C,0,-5.977046,0.09089206904172897,0.9710000157356262,0.9711999893188477
YBR037C,YNR013C,1,-5.978887,0.09097716212272644,0.972000002861023,0.9711999893188477
YDR323C,YGR275W,0,-5.9793234,0.09096864610910416,0.972000002861023,0.9713000059127808
YFL033C,YER109C,0,-5.9794464,0.09096013754606247,0.972000002861023,0.9714000225067139
YNR008W,YFR050C,0,-5.9795556,0.09095162153244019,0.972000002861023,0.9714999794960022
YIL118W,YER024W,0,-5.9802923,0.0909431129693985,0.972000002861023,0.9715999960899353
YJR040W,YOR372C,0,-5.9829226,0.09093460440635681,0.972000002861023,0.9717000126838684
YPR025C,YGL127C,0,-5.986013,0.09092609584331512,0.972000002861023,0.9718000292778015
YGL112C,YLR376C,0,-5.9874563,0.09091759473085403,0.972000002861023,0.9718999862670898
YBR228W,YDL002C,0,-5.9874673,0.09090909361839294,0.972000002861023,0.972000002861023
YCL038C,YCR053W,0,-5.9904785,0.09090059250593185,0.972000002861023,0.972100019454956
YGL142C,YLR405W,0,-5.9933343,0.09089209139347076,0.972000002861023,0.9721999764442444
YPL237W,YBL015W,0,-5.993514,0.09088359028100967,0.972000002861023,0.9722999930381775
YOR168W,YBR223C,0,-5.9947796,0.09087509661912918,0.972000002861023,0.9724000096321106
YMR311C,YER118C,0,-5.9952407,0.09086659550666809,0.972000002861023,0.9725000262260437
YEL012W,YGR158C,0,-5.997223,0.0908581018447876,0.972000002861023,0.972599983215332
YOR078W,YNL248C,0,-5.9975824,0.0908496156334877,0.972000002861023,0.9726999998092651
YMR100W,YCR038C,0,-5.9976606,0.09084112197160721,0.972000002861023,0.9728000164031982
YOR354C,YJR126C,0,-5.9984903,0.09083263576030731,0.972000002861023,0.9728999733924866
YML121W,YJL094C,1,-6.001568,0.09091758728027344,0.9729999899864197,0.9728999733924866
YIL008W,YOR208W,0,-6.004883,0.09090909361839294,0.9729999899864197,0.9729999899864197
YNL177C,YDL175C,0,-6.0064774,0.09090059995651245,0.9729999899864197,0.9731000065803528
YPR183W,YHR001W,0,-6.0088396,0.09089210629463196,0.9729999899864197,0.9732000231742859
YLR150W,YFR014C,0,-6.009888,0.09088362008333206,0.9729999899864197,0.9732999801635742
YDL031W,YGR159C,0,-6.010824,0.09087512642145157,0.9729999899864197,0.9733999967575073
YKL019W,YOR194C,0,-6.0108843,0.09086664021015167,0.9729999899864197,0.9735000133514404
YJL179W,YCL038C,0,-6.0117836,0.09085815399885178,0.9729999899864197,0.9735999703407288
YDR429C,YNL031C,0,-6.0120378,0.09084967523813248,0.9729999899864197,0.9736999869346619
YJR063W,YOR132W,0,-6.012559,0.09084118902683258,0.9729999899864197,0.973800003528595
YDR079W,YMR183C,0,-6.014345,0.09083271026611328,0.9729999899864197,0.9739000201225281
YJL019W,YPL239W,0,-6.018875,0.09082423150539398,0.9729999899864197,0.9739999771118164
YGL038C,YLR291C,0,-6.0213404,0.09081575274467468,0.9729999899864197,0.9740999937057495
YJL140W,YBR205W,0,-6.023133,0.09080728143453598,0.9729999899864197,0.9742000102996826
YDR086C,YGL054C,0,-6.02366,0.09079880267381668,0.9729999899864197,0.9743000268936157
YGR119C,YDR017C,0,-6.024678,0.09079033136367798,0.9729999899864197,0.974399983882904
YLR409C,YOR208W,0,-6.0249467,0.09078186005353928,0.9729999899864197,0.9745000004768372
YNL039W,YOL100W,0,-6.026339,0.09077339619398117,0.9729999899864197,0.9746000170707703
YCR028C,YNL272C,0,-6.026649,0.09076492488384247,0.9729999899864197,0.9746999740600586
YGL018C,YOR026W,0,-6.0289,0.09075646102428436,0.9729999899864197,0.9747999906539917
YOR239W,YIL033C,0,-6.0301847,0.09074799716472626,0.9729999899864197,0.9749000072479248
YPL078C,YKL016C,1,-6.030986,0.09083279222249985,0.9739999771118164,0.9749000072479248
YOR299W,YGL150C,0,-6.0317354,0.09082432091236115,0.9739999771118164,0.9750000238418579
YIL097W,YGR020C,0,-6.032301,0.09081584960222244,0.9739999771118164,0.9750999808311462
YNL239W,YLR405W,0,-6.0332294,0.09080738574266434,0.9739999771118164,0.9751999974250793
YOR078W,YOL117W,0,-6.0335665,0.09079892188310623,0.9739999771118164,0.9753000140190125
YLR051C,YOL124C,0,-6.0340776,0.09079045802354813,0.9739999771118164,0.9753999710083008
YKL093W,YPR113W,0,-6.034718,0.09078199416399002,0.9739999771118164,0.9754999876022339
YFL039C,YLR291C,0,-6.035536,0.09077353030443192,0.9739999771118164,0.975600004196167
YKR056W,YLR196W,0,-6.036616,0.0907650738954544,0.9739999771118164,0.9757000207901001
YEL030W,YBL102W,0,-6.0383573,0.0907566174864769,0.9739999771118164,0.9757999777793884
YNL225C,YGL236C,0,-6.038845,0.09074816107749939,0.9739999771118164,0.9758999943733215
YJR076C,YIL033C,0,-6.040698,0.09073970466852188,0.9739999771118164,0.9760000109672546
YHR008C,YBR121C,0,-6.042257,0.09073125571012497,0.9739999771118164,0.9761000275611877
YLL022C,YLR378C,0,-6.0434647,0.09072279930114746,0.9739999771118164,0.9761999845504761
YDL076C,YMR100W,0,-6.0435905,0.09071435034275055,0.9739999771118164,0.9763000011444092
YOL039W,YBR121C,0,-6.045433,0.09070590138435364,0.9739999771118164,0.9764000177383423
YHR204W,YGL172W,0,-6.0468626,0.09069745987653732,0.9739999771118164,0.9764999747276306
YBR106W,YDR456W,1,-6.0508156,0.09078212082386017,0.9750000238418579,0.9764999747276306
YMR054W,YOL145C,0,-6.0523415,0.09077367186546326,0.9750000238418579,0.9765999913215637
YHR160C,YDR037W,0,-6.053275,0.09076522290706635,0.9750000238418579,0.9767000079154968
YML004C,YPR112C,0,-6.0533895,0.09075677394866943,0.9750000238418579,0.9768000245094299
YCR037C,YLR130C,1,-6.0551405,0.0908413976430893,0.9760000109672546,0.9768000245094299
YER155C,YNL239W,0,-6.056049,0.09083294868469238,0.9760000109672546,0.9768999814987183
YNL112W,YIL042C,0,-6.0577297,0.09082449227571487,0.9760000109672546,0.9769999980926514
YJR121W,YJL198W,1,-6.060063,0.09090909361839294,0.9769999980926514,0.9769999980926514
YDR177W,YER123W,0,-6.062544,0.09090062975883484,0.9769999980926514,0.9771000146865845
YGR112W,YBR265W,0,-6.065321,0.09089217334985733,0.9769999980926514,0.9771999716758728
YER142C,YDR299W,0,-6.0678506,0.09088372439146042,0.9769999980926514,0.9772999882698059
YBR228W,YMR313C,0,-6.072267,0.09087526798248291,0.9769999980926514,0.977400004863739
YDR409W,YGL004C,0,-6.0730114,0.090866819024086,0.9769999980926514,0.9775000214576721
YJL210W,YJR144W,0,-6.0757003,0.09085836261510849,0.9769999980926514,0.9775999784469604
YPR154W,YIR026C,0,-6.07648,0.09084991365671158,0.9769999980926514,0.9776999950408936
YJL176C,YHR150W,0,-6.0772853,0.09084147214889526,0.9769999980926514,0.9778000116348267
YHR197W,YNL009W,0,-6.0791965,0.09083302319049835,0.9769999980926514,0.9779000282287598
YLR183C,YOR040W,0,-6.080436,0.09082458168268204,0.9769999980926514,0.9779999852180481
YKL005C,YDL052C,0,-6.0812697,0.09081614017486572,0.9769999980926514,0.9781000018119812
YGL129C,YDL013W,0,-6.0820208,0.09080769866704941,0.9769999980926514,0.9782000184059143
YBL004W,YOR035C,0,-6.0825324,0.0907992571592331,0.9769999980926514,0.9782999753952026
YPL078C,YBR039W,1,-6.0827494,0.09088374674320221,0.9779999852180481,0.9782999753952026
YMR183C,YDL015C,0,-6.088414,0.0908753052353859,0.9779999852180481,0.9783999919891357
YPL119C,YDR091C,0,-6.0892057,0.09086685627698898,0.9779999852180481,0.9785000085830688
YIL097W,YML024W,0,-6.0907564,0.09085841476917267,0.9779999852180481,0.978600025177002
YPL212C,YIL033C,0,-6.0920525,0.09084997326135635,0.9779999852180481,0.9786999821662903
YMR060C,YJL127C,0,-6.0983944,0.09084153920412064,0.9779999852180481,0.9787999987602234
YLR459W,YLR145W,0,-6.0988374,0.09083309769630432,0.9779999852180481,0.9789000153541565
YGR123C,YAL025C,0,-6.098945,0.0908246636390686,0.9779999852180481,0.9789999723434448
YLL021W,YDL108W,0,-6.099751,0.09081622958183289,0.9779999852180481,0.9790999889373779
YGR038W,YOR080W,0,-6.100234,0.09080780297517776,0.9779999852180481,0.979200005531311
YBL035C,YLL019C,0,-6.1008916,0.09079936891794205,0.9779999852180481,0.9793000221252441
YMR096W,YLR268W,0,-6.10231,0.09079094231128693,0.9779999852180481,0.9793999791145325
YJR144W,YER051W,0,-6.103179,0.09078250825405121,0.9779999852180481,0.9794999957084656
YNL098C,YBR202W,0,-6.1035857,0.09077408909797668,0.9779999852180481,0.9796000123023987
YMR267W,YHR206W,0,-6.1050806,0.09076566249132156,0.9779999852180481,0.9797000288963318
YFL014W,YPR009W,0,-6.107418,0.09075723588466644,0.9779999852180481,0.9797999858856201
YGR047C,YAL010C,0,-6.1093073,0.09074881672859192,0.9779999852180481,0.9799000024795532
YMR186W,YML012W,0,-6.109825,0.0907403975725174,0.9779999852180481,0.9800000190734863
YML016C,YML006C,0,-6.1107144,0.09073197841644287,0.9779999852180481,0.9800999760627747
YIL120W,YOR332W,0,-6.114873,0.09072355926036835,0.9779999852180481,0.9801999926567078
YDR486C,YNL080C,0,-6.115037,0.09071514755487442,0.9779999852180481,0.9803000092506409
YMR243C,YBR290W,1,-6.1157017,0.090799480676651,0.9789999723434448,0.9803000092506409
YKL172W,YER025W,0,-6.119506,0.09079106152057648,0.9789999723434448,0.980400025844574
YNL003C,YLR175W,0,-6.1216536,0.09078264236450195,0.9789999723434448,0.9804999828338623
YDR176W,YOR377W,0,-6.122014,0.09077422320842743,0.9789999723434448,0.9805999994277954
YPL040C,YNL136W,0,-6.123572,0.0907658040523529,0.9789999723434448,0.9807000160217285
YER049W,YBR298C,0,-6.123955,0.09075739234685898,0.9789999723434448,0.9807999730110168
YDR172W,YMR100W,0,-6.124107,0.09074898064136505,0.9789999723434448,0.98089998960495
YKR076W,YIL097W,0,-6.126023,0.09074056893587112,0.9789999723434448,0.9810000061988831
YGR116W,YER104W,0,-6.133677,0.0907321572303772,0.9789999723434448,0.9811000227928162
YNL093W,YDL111C,0,-6.1352983,0.09072375297546387,0.9789999723434448,0.9811999797821045
YLR078C,YOL149W,0,-6.1398516,0.09071534126996994,0.9789999723434448,0.9812999963760376
YML013W,YOR115C,0,-6.142851,0.09070693701505661,0.9789999723434448,0.9814000129699707
YPL031C,YPR112C,0,-6.1429567,0.09069853276014328,0.9789999723434448,0.9815000295639038
YJR019C,YNL209W,0,-6.1455584,0.09069013595581055,0.9789999723434448,0.9815999865531921
YMR308C,YOR173W,0,-6.1482005,0.09068173170089722,0.9789999723434448,0.9817000031471252
YKL059C,YOR301W,0,-6.151862,0.09067333489656448,0.9789999723434448,0.9818000197410583
YDR276C,YLR130C,1,-6.1536093,0.09075754880905151,0.9800000190734863,0.9818000197410583
YNL282W,YMR054W,0,-6.1549077,0.09074914455413818,0.9800000190734863,0.9818999767303467
YKL182W,YMR285C,0,-6.1571293,0.09074074029922485,0.9800000190734863,0.9819999933242798
YMR173W,YLR109W,0,-6.1657457,0.09073233604431152,0.9800000190734863,0.9821000099182129
YCR034W,YMR030W,0,-6.166522,0.09072393923997879,0.9800000190734863,0.982200026512146
YLR219W,YEL018W,0,-6.1670885,0.09071554243564606,0.9800000190734863,0.9822999835014343
YKR014C,YNL182C,0,-6.1722326,0.09070714563131332,0.9800000190734863,0.9824000000953674
YBR283C,YDR429C,0,-6.17383,0.09069874882698059,0.9800000190734863,0.9825000166893005
YKL084W,YDR148C,0,-6.1794567,0.09069035947322845,0.9800000190734863,0.9825999736785889
YOR245C,YGR158C,0,-6.1808667,0.09068196266889572,0.9800000190734863,0.982699990272522
YMR243C,YGL006W,1,-6.1851034,0.09076610207557678,0.9810000061988831,0.982699990272522
YDR231C,YGR116W,0,-6.1869564,0.09075770527124405,0.9810000061988831,0.9828000068664551
YNR007C,YOR207C,0,-6.1922593,0.09074930846691132,0.9810000061988831,0.9829000234603882
YGR275W,YMR030W,0,-6.1938305,0.09074091166257858,0.9810000061988831,0.9829999804496765
YBR260C,YNL027W,0,-6.194311,0.09073252230882645,0.9810000061988831,0.9830999970436096
YNL003C,YMR229C,0,-6.196494,0.09072412550449371,0.9810000061988831,0.9832000136375427
YKL007W,YHR206W,0,-6.2024884,0.09071573615074158,0.9810000061988831,0.983299970626831
YER168C,YKL085W,0,-6.205183,0.09070735424757004,0.9810000061988831,0.9833999872207642
YLR105C,YJL201W,0,-6.2062135,0.0906989648938179,0.9810000061988831,0.9835000038146973
YDR176W,YLR431C,0,-6.208336,0.09069058299064636,0.9810000061988831,0.9836000204086304
YHR008C,YBR154C,0,-6.2122364,0.09068219363689423,0.9810000061988831,0.9836999773979187
YDR040C,YDR039C,1,-6.2178674,0.09076624363660812,0.9819999933242798,0.9836999773979187
YIL147C,YOL068C,0,-6.219077,0.09075785428285599,0.9819999933242798,0.9837999939918518
YCR035C,YMR030W,0,-6.221796,0.09074946492910385,0.9819999933242798,0.9839000105857849
YHL025W,YJL002C,0,-6.223342,0.09074108302593231,0.9819999933242798,0.984000027179718
YLR259C,YPL204W,0,-6.2290745,0.09073270112276077,0.9819999933242798,0.9840999841690063
YJL019W,YMR197C,0,-6.240261,0.09072431921958923,0.9819999933242798,0.9842000007629395
YBR086C,YIR011C,0,-6.2407093,0.0907159373164177,0.9819999933242798,0.9843000173568726
YBR036C,YER100W,0,-6.251358,0.09070755541324615,0.9819999933242798,0.9843999743461609
YHR158C,YNL099C,0,-6.259551,0.09069918096065521,0.9819999933242798,0.984499990940094
YCR091W,YOR340C,0,-6.260853,0.09069079905748367,0.9819999933242798,0.9846000075340271
YGR083C,YBR223C,0,-6.260933,0.09068242460489273,0.9819999933242798,0.9847000241279602
YGR132C,YIR026C,0,-6.262327,0.09067405015230179,0.9819999933242798,0.9847999811172485
YMR301C,YPL059W,0,-6.2651815,0.09066568315029144,0.9819999933242798,0.9848999977111816
YMR308C,YDL045C,0,-6.265191,0.0906573086977005,0.9819999933242798,0.9850000143051147
YLR447C,YDR148C,0,-6.2899523,0.09064894169569016,0.9819999933242798,0.9850999712944031
YOR354C,YHR150W,0,-6.2902613,0.09064057469367981,0.9819999933242798,0.9851999878883362
YOR039W,YLR144C,0,-6.2936106,0.09063220769166946,0.9819999933242798,0.9853000044822693
YLL026W,YPL237W,0,-6.2938933,0.09062384814023972,0.9819999933242798,0.9854000210762024
YJL053W,YOR206W,0,-6.294877,0.09061548113822937,0.9819999933242798,0.9854999780654907
YIL122W,YPL028W,0,-6.29824,0.09060712158679962,0.9819999933242798,0.9855999946594238
YOL100W,YNL207W,0,-6.298764,0.09059876203536987,0.9819999933242798,0.9857000112533569
YCL034W,YHR085W,0,-6.2999907,0.09059040248394012,0.9819999933242798,0.98580002784729
YPL147W,YGR159C,0,-6.305626,0.09058205038309097,0.9819999933242798,0.9858999848365784
YDR324C,YDR120C,0,-6.3065825,0.09057369828224182,0.9819999933242798,0.9860000014305115
YNL244C,YDR148C,0,-6.308296,0.09056533873081207,0.9819999933242798,0.9861000180244446
YLL009C,YIL114C,1,-6.312695,0.09064920991659164,0.9829999804496765,0.9861000180244446
YMR250W,YKR076W,0,-6.316989,0.0906408503651619,0.9829999804496765,0.9861999750137329
YPR008W,YNL099C,0,-6.3173857,0.09063249081373215,0.9829999804496765,0.986299991607666
YNL123W,YGL191W,0,-6.3176622,0.090624138712883,0.9829999804496765,0.9864000082015991
YHR150W,YOR117W,0,-6.3222504,0.09061577916145325,0.9829999804496765,0.9865000247955322
YDR376W,YNL088W,0,-6.324134,0.0906074270606041,0.9829999804496765,0.9865999817848206
YGR245C,YGR028W,0,-6.3252106,0.09059907495975494,0.9829999804496765,0.9866999983787537
YOR098C,YOL117W,0,-6.3273306,0.09059073030948639,0.9829999804496765,0.9868000149726868
YJR147W,YDR513W,0,-6.340502,0.09058237820863724,0.9829999804496765,0.9868999719619751
YHR062C,YNL074C,0,-6.341345,0.09057403355836868,0.9829999804496765,0.9869999885559082
YOL130W,YKL016C,1,-6.3418317,0.09065782278776169,0.984000027179718,0.9869999885559082
YER117W,YOL040C,0,-6.3421593,0.09064947068691254,0.984000027179718,0.9871000051498413
YPL100W,YDR211W,0,-6.3464303,0.09064111858606339,0.984000027179718,0.9872000217437744
YDL014W,YHR106W,0,-6.3469677,0.09063277393579483,0.984000027179718,0.9872999787330627
YLR272C,YBR223C,0,-6.354616,0.09062442183494568,0.984000027179718,0.9873999953269958
YHR004C,YIL008W,0,-6.35717,0.09061607718467712,0.984000027179718,0.987500011920929
YMR247C,YLR246W,0,-6.3576784,0.09060773253440857,0.984000027179718,0.9876000285148621
YPR056W,YBR223C,0,-6.3612905,0.09059939533472061,0.984000027179718,0.9876999855041504
YOR171C,YER159C,0,-6.3706985,0.09059105068445206,0.984000027179718,0.9878000020980835
YMR049C,YJR019C,0,-6.3734183,0.0905827134847641,0.984000027179718,0.9879000186920166
YDR276C,YMR243C,1,-6.374401,0.09066642075777054,0.9850000143051147,0.9879000186920166
YDR299W,YLR409C,0,-6.3851223,0.09065807610750198,0.9850000143051147,0.9879999756813049
YBR247C,YIL042C,0,-6.3858347,0.09064973145723343,0.9850000143051147,0.988099992275238
YKR060W,YOR132W,0,-6.3894453,0.09064139425754547,0.9850000143051147,0.9882000088691711
YHR062C,YPR112C,0,-6.395543,0.09063304960727692,0.9850000143051147,0.9883000254631042
YDL004W,YJL198W,1,-6.409177,0.09071671962738037,0.9860000014305115,0.9883000254631042
YOR245C,YLR372W,0,-6.409343,0.09070837497711182,0.9860000014305115,0.9883999824523926
YPL152W,YHR085W,0,-6.409857,0.09070003032684326,0.9860000014305115,0.9884999990463257
YLR295C,YNR013C,1,-6.412467,0.09078366309404373,0.9869999885559082,0.9884999990463257
YCL038C,YLR192C,0,-6.4151545,0.09077531844377518,0.9869999885559082,0.9886000156402588
YJL069C,YNL160W,0,-6.41554,0.09076696634292603,0.9869999885559082,0.9886999726295471
YDR265W,YBR154C,0,-6.415854,0.09075862169265747,0.9869999885559082,0.9887999892234802
YBR039W,YBR290W,1,-6.420472,0.09084222465753555,0.9879999756813049,0.9887999892234802
YDR398W,YLR074C,0,-6.4279957,0.0908338725566864,0.9879999756813049,0.9889000058174133
YPR187W,YBR126C,0,-6.428506,0.09082552045583725,0.9879999756813049,0.9890000224113464
YDR072C,YPL204W,0,-6.4286118,0.0908171683549881,0.9879999756813049,0.9890999794006348
YDR140W,YLR138W,0,-6.4286413,0.09080882370471954,0.9879999756813049,0.9891999959945679
YGL120C,YML118W,0,-6.434662,0.09080047905445099,0.9879999756813049,0.989300012588501
YPR144C,YLR449W,0,-6.4413815,0.09079213440418243,0.9879999756813049,0.9894000291824341
YBR077C,YGR135W,0,-6.442506,0.09078378975391388,0.9879999756813049,0.9894999861717224
YKL172W,YDR513W,0,-6.45312,0.09077545255422592,0.9879999756813049,0.9896000027656555
YBR171W,YML120C,0,-6.4565907,0.09076710790395737,0.9879999756813049,0.9897000193595886
YPL152W,YGR145W,0,-6.4585524,0.09075877070426941,0.9879999756813049,0.989799976348877
YMR049C,YOR035C,0,-6.4599366,0.09075043350458145,0.9879999756813049,0.9898999929428101
YHR016C,YDR211W,0,-6.4620676,0.09074210375547409,0.9879999756813049,0.9900000095367432
YHR203C,YPR132W,0,-6.474168,0.09073376655578613,0.9879999756813049,0.9901000261306763
YEL053C,YJR068W,0,-6.474477,0.09072543680667877,0.9879999756813049,0.9901999831199646
YOL144W,YJR002W,0,-6.4749184,0.09071710705757141,0.9879999756813049,0.9902999997138977
YPL087W,YDR429C,0,-6.4786453,0.09070877730846405,0.9879999756813049,0.9904000163078308
YLR051C,YNL075W,0,-6.479147,0.09070044755935669,0.9879999756813049,0.9904999732971191
YOR123C,YDR148C,0,-6.4864,0.09069212526082993,0.9879999756813049,0.9905999898910522
YPL069C,YNL239W,0,-6.491059,0.09068380296230316,0.9879999756813049,0.9907000064849854
YMR142C,YDR479C,0,-6.4953203,0.0906754806637764,0.9879999756813049,0.9908000230789185
YJL033W,YIR026C,0,-6.4969797,0.09066715836524963,0.9879999756813049,0.9908999800682068
YIL114C,YDR298C,1,-6.497825,0.09075059741735458,0.9890000224113464,0.9908999800682068
YNL015W,YPR033C,0,-6.49963,0.09074226766824722,0.9890000224113464,0.9909999966621399
YBL102W,YJL011C,0,-6.5019946,0.09073394536972046,0.9890000224113464,0.991100013256073
YBR030W,YDR148C,0,-6.5085945,0.0907256230711937,0.9890000224113464,0.9911999702453613
YPL119C,YOL149W,0,-6.5150714,0.09071730077266693,0.9890000224113464,0.9912999868392944
YDL113C,YLR372W,0,-6.516174,0.09070897847414017,0.9890000224113464,0.9914000034332275
YKL122C,YNL239W,0,-6.517846,0.090700663626194,0.9890000224113464,0.9915000200271606
YNR002C,YMR243C,1,-6.524335,0.09078404307365417,0.9900000095367432,0.9915000200271606
YIL097W,YPL160W,0,-6.5345087,0.09077572077512741,0.9900000095367432,0.991599977016449
YLR003C,YDL213C,0,-6.5347166,0.09076739847660065,0.9900000095367432,0.9916999936103821
YOR004W,YHR096C,0,-6.536646,0.09075907617807388,0.9900000095367432,0.9918000102043152
YIL110W,YDL149W,0,-6.539614,0.09075075387954712,0.9900000095367432,0.9919000267982483
YER095W,YPR132W,0,-6.5399714,0.09074243903160095,0.9900000095367432,0.9919999837875366
YNL206C,YDR099W,0,-6.5452824,0.09073412418365479,0.9900000095367432,0.9921000003814697
YOR004W,YOR054C,0,-6.5484667,0.09072580933570862,0.9900000095367432,0.9922000169754028
YPR155C,YBR154C,0,-6.5546107,0.09071749448776245,0.9900000095367432,0.9922999739646912
YGR024C,YKL085W,0,-6.5729713,0.09070917963981628,0.9900000095367432,0.9923999905586243
YPR070W,YNL177C,0,-6.5753355,0.09070087224245071,0.9900000095367432,0.9925000071525574
YMR235C,YOR054C,0,-6.5866227,0.09069256484508514,0.9900000095367432,0.9926000237464905
YEL012W,YOR207C,0,-6.589262,0.09068425744771957,0.9900000095367432,0.9926999807357788
YPR110C,YML004C,0,-6.5915313,0.090675950050354,0.9900000095367432,0.9927999973297119
YMR022W,YML067C,0,-6.592971,0.09066764265298843,0.9900000095367432,0.992900013923645
YDR361C,YIR037W,0,-6.597498,0.09065934270620346,0.9900000095367432,0.9929999709129333
YER125W,YGR167W,0,-6.602001,0.09065104275941849,0.9900000095367432,0.9930999875068665
YOR212W,YHR008C,0,-6.608882,0.09064274281263351,0.9900000095367432,0.9932000041007996
YJR070C,YFR014C,0,-6.6119595,0.09063444286584854,0.9900000095367432,0.9933000206947327
YDL201W,YNR047W,0,-6.6146164,0.09062614291906357,0.9900000095367432,0.993399977684021
YDR255C,YLR196W,0,-6.6261954,0.09061785042285919,0.9900000095367432,0.9934999942779541
YOR340C,YPL147W,0,-6.6262493,0.09060955792665482,0.9900000095367432,0.9936000108718872
YBR247C,YBR126C,0,-6.6275797,0.09060126543045044,0.9900000095367432,0.9937000274658203
YDR162C,YMR037C,0,-6.6420717,0.09059297293424606,0.9900000095367432,0.9937999844551086
YDL004W,YOL130W,1,-6.64227,0.09067618101835251,0.9909999966621399,0.9937999844551086
YGL038C,YNL298W,0,-6.6521406,0.09066788852214813,0.9909999966621399,0.9939000010490417
YNL041C,YKR007W,0,-6.656218,0.09065958857536316,0.9909999966621399,0.9940000176429749
YKL143W,YDL213C,0,-6.6636534,0.09065129607915878,0.9909999966621399,0.9940999746322632
YPL131W,YLR075W,0,-6.6742496,0.090643011033535,0.9909999966621399,0.9941999912261963
YFR004W,YBR060C,0,-6.682326,0.09063471853733063,0.9909999966621399,0.9943000078201294
YKL064W,YBR106W,1,-6.683022,0.09071788191795349,0.9919999837875366,0.9943000078201294
YDR449C,YGR088W,0,-6.684538,0.09070958197116852,0.9919999837875366,0.9944000244140625
YMR153W,YKR066C,0,-6.690724,0.09070128947496414,0.9919999837875366,0.9944999814033508
YGL022W,YKL002W,0,-6.7069693,0.09069299697875977,0.9919999837875366,0.9945999979972839
YKR079C,YBR126C,0,-6.7085543,0.09068470448255539,0.9919999837875366,0.994700014591217
YBR106W,YBR024W,1,-6.714566,0.09076782315969467,0.9929999709129333,0.994700014591217
YKR067W,YPL160W,0,-6.718029,0.0907595306634903,0.9929999709129333,0.9947999715805054
YPR033C,YMR030W,0,-6.720941,0.09075123071670532,0.9929999709129333,0.9948999881744385
YDR412W,YFR001W,0,-6.723387,0.09074293822050095,0.9929999709129333,0.9950000047683716
YMR243C,YBR024W,1,-6.7524166,0.09082602709531784,0.9940000176429749,0.9950000047683716
YNL062C,YNR047W,0,-6.769001,0.09081772714853287,0.9940000176429749,0.9951000213623047
YNR007C,YLR009W,0,-6.7713385,0.0908094272017479,0.9940000176429749,0.995199978351593
YPL098C,YNL261W,0,-6.777666,0.09080113470554352,0.9940000176429749,0.9952999949455261
YDR361C,YLR133W,0,-6.7898126,0.09079284220933914,0.9940000176429749,0.9954000115394592
YER006W,YFR003C,0,-6.802535,0.09078454971313477,0.9940000176429749,0.9955000281333923
YPR110C,YOR341W,0,-6.806902,0.09077625721693039,0.9940000176429749,0.9955999851226807
YIL125W,YGR195W,0,-6.8081903,0.09076796472072601,0.9940000176429749,0.9957000017166138
YDR120C,YLL008W,0,-6.826823,0.09075967967510223,0.9940000176429749,0.9958000183105469
YBR121C,YMR260C,0,-6.8311567,0.09075139462947845,0.9940000176429749,0.9958999752998352
YDL004W,YBR039W,1,-6.834889,0.09083440154790878,0.9950000047683716,0.9958999752998352
YNL075W,YHR170W,0,-6.8390164,0.0908261090517044,0.9950000047683716,0.9959999918937683
YLR397C,YIL033C,0,-6.868041,0.09081781655550003,0.9950000047683716,0.9961000084877014
YLR254C,YNL121C,0,-6.875199,0.09080953150987625,0.9950000047683716,0.9962000250816345
YPR110C,YKR081C,0,-6.88381,0.09080123901367188,0.9950000047683716,0.9962999820709229
YHR161C,YPR137W,0,-6.8915114,0.0907929539680481,0.9950000047683716,0.996399998664856
YNL274C,YDR280W,0,-6.91339,0.09078466892242432,0.9950000047683716,0.9965000152587891
YOL124C,YMR197C,0,-6.9216347,0.09077639132738113,0.9950000047683716,0.9965999722480774
YOR036W,YPL211W,0,-6.945299,0.09076810628175735,0.9950000047683716,0.9966999888420105
YHR193C,YKR057W,0,-6.949644,0.09075982868671417,0.9950000047683716,0.9968000054359436
YOR004W,YBR273C,0,-6.967208,0.09075155109167099,0.9950000047683716,0.9969000220298767
YKL148C,YGL120C,0,-6.970948,0.09074327349662781,0.9950000047683716,0.996999979019165
YML057W,YDR165W,0,-6.993593,0.09073499590158463,0.9950000047683716,0.9970999956130981
YDR059C,YPL043W,0,-7.0092945,0.09072672575712204,0.9950000047683716,0.9972000122070312
YGR008C,YJL198W,1,-7.019946,0.09080962836742401,0.9959999918937683,0.9972000122070312
YHR181W,YER105C,0,-7.032362,0.09080135077238083,0.9959999918937683,0.9973000288009644
YIL097W,YOR272W,0,-7.0446625,0.09079307317733765,0.9959999918937683,0.9973999857902527
YNL248C,YPL093W,0,-7.066878,0.09078479558229446,0.9959999918937683,0.9975000023841858
YGL037C,YLR068W,0,-7.067518,0.09077652543783188,0.9959999918937683,0.9976000189781189
YDL004W,YFL050C,1,-7.068761,0.09085938334465027,0.996999979019165,0.9976000189781189
YKR009C,YIL052C,0,-7.1348743,0.09085110574960709,0.996999979019165,0.9976999759674072
YKL016C,YIL114C,1,-7.1379657,0.09093394130468369,0.9980000257492065,0.9976999759674072
YNL001W,YBR214W,0,-7.1587563,0.0909256562590599,0.9980000257492065,0.9977999925613403
YLL034C,YGR128C,0,-7.1755133,0.09091737121343613,0.9980000257492065,0.9979000091552734
YPR001W,YPR112C,0,-7.1870522,0.09090909361839294,0.9980000257492065,0.9980000257492065
YPL237W,YGR256W,0,-7.191905,0.09090080857276917,0.9980000257492065,0.9980999827384949
YJR121W,YMR243C,1,-7.2116237,0.09098360687494278,0.9990000128746033,0.9980999827384949
YOR145C,YCL040W,0,-7.224838,0.090975321829319,0.9990000128746033,0.998199999332428
YPR110C,YLR196W,0,-7.26159,0.09096703678369522,0.9990000128746033,0.9983000159263611
YDR412W,YPL087W,0,-7.264736,0.09095875173807144,0.9990000128746033,0.9983999729156494
YPR187W,YNR007C,0,-7.2789526,0.09095047414302826,0.9990000128746033,0.9984999895095825
YGL111W,YGR268C,0,-7.308401,0.09094219654798508,0.9990000128746033,0.9986000061035156
YPL266W,YOR173W,0,-7.3153195,0.0909339189529419,0.9990000128746033,0.9987000226974487
YNL119W,YOL117W,0,-7.3156943,0.09092564135789871,0.9990000128746033,0.9987999796867371
YGR112W,YBR155W,0,-7.3221064,0.09091736376285553,0.9990000128746033,0.9988999962806702
YLR219W,YOR001W,0,-7.3917255,0.09090909361839294,0.9990000128746033,0.9990000128746033
YDR171W,YPL237W,0,-7.420149,0.09090081602334976,0.9990000128746033,0.9991000294685364
YJR121W,YBL099W,1,-7.420361,0.09098353236913681,1.0,0.9991000294685364
YGL111W,YHR170W,0,-7.4731264,0.09097525477409363,1.0,0.9991999864578247
YBR280C,YDR101C,0,-7.5374537,0.09096697717905045,1.0,0.9993000030517578
YML093W,YOR340C,0,-7.5441647,0.09095870703458786,1.0,0.9994000196456909
YDL083C,YIL018W,0,-7.5655165,0.09095042943954468,1.0,0.9994999766349792
YDR300C,YOR173W,0,-7.697044,0.09094215929508209,1.0,0.9995999932289124
YOR036W,YPR137W,0,-7.7628756,0.0909338891506195,1.0,0.9997000098228455
YGL037C,YGR145W,0,-7.8227534,0.09092562645673752,1.0,0.9998000264167786
YPL131W,YOL040C,0,-7.9811044,0.09091735631227493,1.0,0.9998999834060669
YLR003C,YBR280C,0,-8.493443,0.09090909361839294,1.0,1.0
