Gene A,Gene B,Label,Score,Precision,Recall,False Positive Rate
YGR030C,YBR167C,1,-6.127117,1.0,0.009523809887468815,0.0
YPR072W,YBR087W,0,-6.406956,0.5,0.009523809887468815,0.0009523809421807528
YHR013C,YDL150W,0,-6.4082184,0.3333333432674408,0.009523809887468815,0.0019047618843615055
YNL282W,YLR105C,1,-6.4882345,0.5,0.01904761977493763,0.0019047618843615055
YKL205W,YGR030C,1,-6.590417,0.6000000238418579,0.02857142873108387,0.0019047618843615055
YKL205W,YBR167C,1,-6.661045,0.6666666865348816,0.03809523954987526,0.0019047618843615055
YOR217W,YJL011C,0,-6.808098,0.5714285969734192,0.03809523954987526,0.0028571428265422583
YGL092W,YNL282W,1,-6.8500586,0.625,0.0476190485060215,0.0028571428265422583
YML077W,YML023C,0,-6.868825,0.5555555820465088,0.0476190485060215,0.003809523768723011
YGL092W,YKR079C,1,-6.8752546,0.6000000238418579,0.05714285746216774,0.003809523768723011
YGL092W,YGR030C,1,-6.8904824,0.6363636255264282,0.06666667014360428,0.003809523768723011
YGR030C,YLR105C,1,-6.9040704,0.6666666865348816,0.07619047909975052,0.003809523768723011
YGL092W,YBR167C,1,-6.9094462,0.692307710647583,0.08571428805589676,0.003809523768723011
YKL205W,YGL092W,1,-6.9118247,0.7142857313156128,0.095238097012043,0.003809523768723011
YGR030C,YJL087C,1,-6.9250946,0.7333333492279053,0.10476190596818924,0.003809523768723011
YBL018C,YLR105C,1,-6.927266,0.75,0.11428571492433548,0.003809523768723011
YJR097W,YKR038C,0,-6.949624,0.7058823704719543,0.11428571492433548,0.004761904943734407
YDL042C,YCR060W,0,-6.9603176,0.6666666865348816,0.11428571492433548,0.0057142856530845165
YOL017W,YGL241W,0,-6.9788446,0.6315789222717285,0.11428571492433548,0.006666666828095913
YMR042W,YGL063W,0,-7.0057983,0.6000000238418579,0.11428571492433548,0.007619047537446022
YNR013C,YKL212W,0,-7.0112557,0.5714285969734192,0.11428571492433548,0.008571428246796131
YLR275W,YKL173W,0,-7.0408077,0.5454545617103577,0.11428571492433548,0.009523809887468815
YNL282W,YKR079C,1,-7.0426702,0.5652173757553101,0.12380952388048172,0.009523809887468815
YPR017C,YDR450W,0,-7.0490584,0.5416666865348816,0.12380952388048172,0.010476190596818924
YPL061W,YBL002W,0,-7.0865784,0.5199999809265137,0.12380952388048172,0.011428571306169033
YGR030C,YKR079C,1,-7.147594,0.5384615659713745,0.13333334028720856,0.011428571306169033
YPL181W,YDR465C,0,-7.1495214,0.5185185074806213,0.13333334028720856,0.012380952015519142
YGL086W,YDR449C,0,-7.1607084,0.5,0.13333334028720856,0.013333333656191826
YBR167C,YBL018C,1,-7.166301,0.517241358757019,0.1428571492433548,0.013333333656191826
YLR263W,YLR200W,0,-7.1696796,0.5,0.1428571492433548,0.014285714365541935
YOR058C,YDR083W,0,-7.1820297,0.4838709533214569,0.1428571492433548,0.015238095074892044
YJR097W,YPR041W,0,-7.194274,0.46875,0.1428571492433548,0.016190476715564728
YML036W,YIR022W,0,-7.1958876,0.4545454680919647,0.1428571492433548,0.017142856493592262
YEL003W,YNL147W,0,-7.219523,0.44117647409439087,0.1428571492433548,0.018095238134264946
YBR142W,YMR080C,0,-7.240837,0.4285714328289032,0.1428571492433548,0.01904761977493763
YBR167C,YLR105C,1,-7.242261,0.4444444477558136,0.15238095819950104,0.01904761977493763
YCL061C,YMR216C,0,-7.2438326,0.4324324429035187,0.15238095819950104,0.019999999552965164
YDR448W,YGR072W,0,-7.258949,0.42105263471603394,0.15238095819950104,0.020952381193637848
YBR286W,YAR042W,0,-7.261057,0.41025641560554504,0.15238095819950104,0.02190476283431053
YBR167C,YKR079C,1,-7.2800636,0.42500001192092896,0.16190476715564728,0.02190476283431053
YGL092W,YBL018C,1,-7.281229,0.4390243887901306,0.17142857611179352,0.02190476283431053
YGL092W,YDL006W,1,-7.287365,0.4523809552192688,0.18095238506793976,0.02190476283431053
YBR167C,YJL087C,1,-7.2942457,0.4651162922382355,0.190476194024086,0.02190476283431053
YJL125C,YMR283C,0,-7.3010206,0.4545454680919647,0.190476194024086,0.022857142612338066
YML046W,YBL020W,0,-7.3202457,0.4444444477558136,0.190476194024086,0.02380952425301075
YDR040C,YPL089C,0,-7.336399,0.43478259444236755,0.190476194024086,0.024761904031038284
YKL205W,YNL282W,1,-7.357211,0.44680851697921753,0.20000000298023224,0.024761904031038284
YBR022W,YLR105C,1,-7.36637,0.4583333432674408,0.20952381193637848,0.024761904031038284
YDR118W,YAL058W,0,-7.3712974,0.44897958636283875,0.20952381193637848,0.025714285671710968
YEL037C,YGR095C,0,-7.371427,0.4399999976158142,0.20952381193637848,0.02666666731238365
YLR384C,YDL108W,0,-7.375373,0.4313725531101227,0.20952381193637848,0.027619047090411186
YOR330C,YJL061W,0,-7.3849635,0.42307692766189575,0.20952381193637848,0.02857142873108387
YPR070W,YHL009C,0,-7.385003,0.4150943458080292,0.20952381193637848,0.029523810371756554
YHR077C,YHL006C,0,-7.389063,0.40740740299224854,0.20952381193637848,0.030476190149784088
YLR430W,YLR105C,1,-7.4020243,0.41818180680274963,0.21904762089252472,0.030476190149784088
YER168C,YIL030C,0,-7.4135637,0.4107142984867096,0.21904762089252472,0.03142857179045677
YPL227C,YMR125W,0,-7.415214,0.4035087823867798,0.21904762089252472,0.032380953431129456
YPL194W,YIL014W,0,-7.436699,0.3965517282485962,0.21904762089252472,0.03333333507180214
YLR405W,YOR076C,0,-7.438189,0.38983049988746643,0.21904762089252472,0.034285712987184525
YNL172W,YBR009C,0,-7.4383783,0.38333332538604736,0.21904762089252472,0.03523809462785721
YNL068C,YDR176W,0,-7.4534736,0.37704917788505554,0.21904762089252472,0.03619047626852989
YHR059W,YGL246C,0,-7.453857,0.3709677457809448,0.21904762089252472,0.037142857909202576
YDR446W,YDL111C,0,-7.454047,0.3650793731212616,0.21904762089252472,0.03809523954987526
YCL029C,YPL069C,0,-7.471592,0.359375,0.21904762089252472,0.039047617465257645
YJL209W,YMR078C,0,-7.473074,0.35384616255760193,0.21904762089252472,0.03999999910593033
YMR127C,YER147C,0,-7.4732695,0.3484848439693451,0.21904762089252472,0.04095238074660301
YBL018C,YDL006W,1,-7.477011,0.35820895433425903,0.22857142984867096,0.04095238074660301
YBL082C,YLR353W,0,-7.479046,0.3529411852359772,0.22857142984867096,0.041904762387275696
YDR439W,YGL183C,0,-7.4791784,0.3478260934352875,0.22857142984867096,0.04285714402794838
YER114C,YPR175W,0,-7.4799266,0.34285715222358704,0.22857142984867096,0.04380952566862106
YCL029C,YER029C,0,-7.4852457,0.3380281627178192,0.22857142984867096,0.04476190358400345
YNL282W,YJL087C,1,-7.490101,0.3472222089767456,0.2380952388048172,0.04476190358400345
YPL082C,YBR165W,0,-7.5018067,0.34246575832366943,0.2380952388048172,0.04571428522467613
YKL205W,YLR105C,1,-7.502199,0.3513513505458832,0.24761904776096344,0.04571428522467613
YLR114C,YOR299W,0,-7.502715,0.3466666638851166,0.24761904776096344,0.046666666865348816
YOR269W,YCR037C,0,-7.5096674,0.34210526943206787,0.24761904776096344,0.0476190485060215
YDR217C,YDR303C,0,-7.5114603,0.33766233921051025,0.24761904776096344,0.04857143014669418
YDL069C,YDL013W,0,-7.5118785,0.3333333432674408,0.24761904776096344,0.04952380806207657
YER032W,YDR292C,0,-7.5193043,0.3291139304637909,0.24761904776096344,0.05047618970274925
YGL020C,YDR086C,0,-7.5242357,0.32499998807907104,0.24761904776096344,0.051428571343421936
YKL114C,YJR135C,0,-7.5352507,0.32098764181137085,0.24761904776096344,0.05238095298409462
YKR036C,YLR275W,0,-7.5408273,0.31707316637039185,0.24761904776096344,0.0533333346247673
YPL008W,YCR044C,0,-7.545161,0.3132530152797699,0.24761904776096344,0.05428571254014969
YKR086W,YDR180W,0,-7.5504456,0.3095238208770752,0.24761904776096344,0.05523809418082237
YDR295C,YIR009W,0,-7.5530295,0.30588236451148987,0.24761904776096344,0.056190475821495056
YBR167C,YDL006W,1,-7.563442,0.3139534890651703,0.2571428716182709,0.056190475821495056
YGR003W,YGR179C,0,-7.5684566,0.3103448152542114,0.2571428716182709,0.05714285746216774
YIL009C-A,YOR221C,0,-7.5814013,0.3068181872367859,0.2571428716182709,0.058095239102840424
YGL092W,YLR105C,1,-7.5911207,0.31460675597190857,0.2666666805744171,0.058095239102840424
YJL179W,YOR075W,0,-7.6030054,0.31111112236976624,0.2666666805744171,0.05904762074351311
YOR362C,YMR060C,0,-7.6164393,0.3076923191547394,0.2666666805744171,0.05999999865889549
YCR066W,YKL099C,0,-7.61874,0.30434781312942505,0.2666666805744171,0.060952380299568176
YGL092W,YJL087C,1,-7.6195035,0.31182795763015747,0.27619048953056335,0.060952380299568176
YFL034C-B,YNL246W,0,-7.625706,0.3085106313228607,0.27619048953056335,0.06190476194024086
YKL205W,YDL006W,1,-7.6341743,0.31578946113586426,0.2857142984867096,0.06190476194024086
YBL018C,YKR079C,1,-7.6366243,0.3229166567325592,0.29523810744285583,0.06190476194024086
YBL018C,YJL087C,1,-7.640722,0.3298968970775604,0.3047619163990021,0.06190476194024086
YOR299W,YDR245W,0,-7.6445303,0.3265306055545807,0.3047619163990021,0.06285714358091354
YGL167C,YPL020C,0,-7.656197,0.3232323229312897,0.3047619163990021,0.06380952149629593
YOL144W,YDR472W,0,-7.658657,0.3199999928474426,0.3047619163990021,0.06476190686225891
YOL094C,YML098W,0,-7.679721,0.31683167815208435,0.3047619163990021,0.0657142847776413
YER114C,YNL330C,0,-7.684541,0.3137255012989044,0.3047619163990021,0.06666667014360428
YNL219C,YHR158C,0,-7.697472,0.3106796145439148,0.3047619163990021,0.06761904805898666
YBR236C,YMR239C,0,-7.6986785,0.3076923191547394,0.3047619163990021,0.06857142597436905
YDR527W,YHR119W,0,-7.699624,0.3047619163990021,0.3047619163990021,0.06952381134033203
YML031W,YMR218C,0,-7.700947,0.30188679695129395,0.3047619163990021,0.07047618925571442
YJL039C,YGR123C,0,-7.7206793,0.29906541109085083,0.3047619163990021,0.0714285746216774
YLR363C,YPR088C,0,-7.7250767,0.29629629850387573,0.3047619163990021,0.07238095253705978
YHR061C,YDR146C,0,-7.7266955,0.29357796907424927,0.3047619163990021,0.07333333045244217
YHR077C,YGR047C,0,-7.7315273,0.290909081697464,0.3047619163990021,0.07428571581840515
YLR105C,YJL087C,1,-7.732342,0.29729729890823364,0.3142857253551483,0.07428571581840515
YBL047C,YMR167W,0,-7.7355843,0.2946428656578064,0.3142857253551483,0.07523809373378754
YDR361C,YBL020W,0,-7.7374454,0.29203540086746216,0.3142857253551483,0.07619047909975052
YMR075W,YOR116C,0,-7.7401376,0.28947368264198303,0.3142857253551483,0.0771428570151329
YDL052C,YML085C,0,-7.7442017,0.2869565188884735,0.3142857253551483,0.07809523493051529
YPR083W,YMR268C,0,-7.7492247,0.2844827473163605,0.3142857253551483,0.07904762029647827
YNL102W,YBR002C,0,-7.7497067,0.28205129504203796,0.3142857253551483,0.07999999821186066
YDR279W,YML109W,0,-7.752838,0.27966102957725525,0.3142857253551483,0.08095238357782364
YDR414C,YNL287W,0,-7.7565603,0.27731093764305115,0.3142857253551483,0.08190476149320602
YJL104W,YDL036C,0,-7.763213,0.2750000059604645,0.3142857253551483,0.08285713940858841
YGL005C,YOR005C,0,-7.7636185,0.27272728085517883,0.3142857253551483,0.08380952477455139
YNL282W,YGR030C,1,-7.764329,0.2786885201931,0.32380953431129456,0.08380952477455139
YER149C,YOR048C,0,-7.76649,0.27642276883125305,0.32380953431129456,0.08476190268993378
YOR299W,YOR359W,0,-7.769601,0.27419355511665344,0.32380953431129456,0.08571428805589676
YJR031C,YOR025W,0,-7.772624,0.2720000147819519,0.32380953431129456,0.08666666597127914
YGR200C,YHR152W,0,-7.773443,0.2698412835597992,0.32380953431129456,0.08761905133724213
YBR022W,YBL018C,1,-7.7822247,0.27559053897857666,0.3333333432674408,0.08761905133724213
YPL193W,YDR311W,0,-7.7886014,0.2734375,0.3333333432674408,0.08857142925262451
YKL205W,YBR022W,1,-7.793096,0.27906978130340576,0.34285715222358704,0.08857142925262451
YER030W,YBR244W,0,-7.7974825,0.2769230902194977,0.34285715222358704,0.0895238071680069
YGR030C,YLR430W,1,-7.8026347,0.28244274854660034,0.3523809611797333,0.0895238071680069
YLR105C,YKR079C,1,-7.805295,0.28787878155708313,0.3619047701358795,0.0895238071680069
YOR188W,YNR026C,0,-7.80912,0.2857142984867096,0.3619047701358795,0.09047619253396988
YJL087C,YKR079C,1,-7.8093085,0.29104477167129517,0.37142857909202576,0.09047619253396988
YIL040W,YJL024C,0,-7.8096895,0.2888889014720917,0.37142857909202576,0.09142857044935226
YPL082C,YLR197W,0,-7.818557,0.2867647111415863,0.37142857909202576,0.09238095581531525
YML060W,YEL037C,0,-7.8190317,0.2846715450286865,0.37142857909202576,0.09333333373069763
YLR172C,YBR188C,0,-7.822929,0.28260868787765503,0.37142857909202576,0.09428571164608002
YNL282W,YLR430W,1,-7.823247,0.28776979446411133,0.380952388048172,0.09428571164608002
YPR021C,YIR022W,0,-7.8317738,0.2857142984867096,0.380952388048172,0.095238097012043
YHR082C,YKL020C,0,-7.841838,0.283687949180603,0.380952388048172,0.09619047492742538
YOR130C,YIL167W,0,-7.8625393,0.28169015049934387,0.380952388048172,0.09714286029338837
YDL213C,YER029C,0,-7.871217,0.279720276594162,0.380952388048172,0.09809523820877075
YLR342W,YNR023W,0,-7.87138,0.2777777910232544,0.380952388048172,0.09904761612415314
YGR036C,YGR120C,0,-7.87772,0.27586206793785095,0.380952388048172,0.10000000149011612
YBR200W,YER146W,0,-7.8790197,0.27397260069847107,0.380952388048172,0.1009523794054985
YKL205W,YLR430W,1,-7.887884,0.2789115607738495,0.39047619700431824,0.1009523794054985
YLR145W,YGR118W,0,-7.893292,0.27702704071998596,0.39047619700431824,0.10190476477146149
YLR226W,YDL069C,0,-7.895364,0.2751677930355072,0.39047619700431824,0.10285714268684387
YGR188C,YPL137C,0,-7.8995223,0.273333340883255,0.39047619700431824,0.10380952060222626
YPR057W,YFR048W,0,-7.9017196,0.2715231776237488,0.39047619700431824,0.10476190596818924
YPL213W,YBR129C,0,-7.9047766,0.2697368562221527,0.39047619700431824,0.10571428388357162
YIL126W,YMR241W,0,-7.910081,0.2679738700389862,0.39047619700431824,0.1066666692495346
YKL001C,YFR034C,0,-7.9151,0.26623377203941345,0.39047619700431824,0.10761904716491699
YCR038C,YMR052W,0,-7.916264,0.26451611518859863,0.39047619700431824,0.10857142508029938
YPR175W,YDR312W,0,-7.9168997,0.2628205120563507,0.39047619700431824,0.10952381044626236
YKL205W,YBL018C,1,-7.917569,0.2675159275531769,0.4000000059604645,0.10952381044626236
YOR195W,YNR023W,0,-7.9186344,0.26582279801368713,0.4000000059604645,0.11047618836164474
YCL031C,YGR241C,0,-7.9246283,0.2641509473323822,0.4000000059604645,0.11142857372760773
YLR242C,YCR066W,0,-7.92925,0.26249998807907104,0.4000000059604645,0.11238095164299011
YJR040W,YFR005C,0,-7.933629,0.260869562625885,0.4000000059604645,0.1133333370089531
YJL204C,YPR125W,0,-7.9413233,0.25925925374031067,0.4000000059604645,0.11428571492433548
YGR030C,YDL006W,1,-7.9531474,0.2638036906719208,0.4095238149166107,0.11428571492433548
YNL282W,YDL006W,1,-7.9532804,0.26829269528388977,0.41904762387275696,0.11428571492433548
YGR085C,YGR229C,0,-7.953953,0.2666666805744171,0.41904762387275696,0.11523809283971786
YLR138W,YHR170W,0,-7.955793,0.2650602459907532,0.41904762387275696,0.11619047820568085
YBR167C,YLR430W,1,-7.959625,0.269461065530777,0.4285714328289032,0.11619047820568085
YBR022W,YGR030C,1,-7.9596806,0.2738095223903656,0.43809524178504944,0.11619047820568085
YOR078W,YIR009W,0,-7.965335,0.27218934893608093,0.43809524178504944,0.11714285612106323
YIR019C,YGR056W,0,-7.966675,0.2705882489681244,0.43809524178504944,0.11809524148702621
YDR420W,YDR429C,0,-7.967785,0.26900583505630493,0.43809524178504944,0.1190476194024086
YPL100W,YDR103W,0,-7.9696712,0.26744186878204346,0.43809524178504944,0.11999999731779099
YKL114C,YLR381W,0,-7.970362,0.2658959627151489,0.43809524178504944,0.12095238268375397
YMR161W,YHL011C,0,-7.9795637,0.26436781883239746,0.43809524178504944,0.12190476059913635
YGR003W,YDR473C,0,-7.9797006,0.2628571391105652,0.43809524178504944,0.12285714596509933
YDR377W,YDL069C,0,-7.981207,0.2613636255264282,0.43809524178504944,0.12380952388048172
YLR096W,YML123C,0,-7.9905224,0.2598870098590851,0.43809524178504944,0.1247619017958641
YHR024C,YHR098C,0,-7.994865,0.2584269642829895,0.43809524178504944,0.1257142871618271
YBR022W,YJL087C,1,-7.9968877,0.2625698447227478,0.4476190507411957,0.1257142871618271
YNL339C,YML109W,0,-7.997823,0.2611111104488373,0.4476190507411957,0.12666666507720947
YDR524C,YHR089C,0,-7.998071,0.2596684992313385,0.4476190507411957,0.12761904299259186
YPR178W,YMR227C,0,-8.008272,0.25824177265167236,0.4476190507411957,0.12857143580913544
YDR515W,YKR056W,0,-8.009111,0.2568306028842926,0.4476190507411957,0.12952381372451782
YBR022W,YBR167C,1,-8.019179,0.260869562625885,0.4571428596973419,0.12952381372451782
YNL282W,YBL018C,1,-8.027467,0.26486486196517944,0.46666666865348816,0.12952381372451782
YBL097W,YGL153W,0,-8.027599,0.2634408473968506,0.46666666865348816,0.1304761916399002
YPR029C,YGL173C,0,-8.030889,0.26203209161758423,0.46666666865348816,0.1314285695552826
YNL282W,YBR167C,1,-8.035888,0.26595744490623474,0.4761904776096344,0.1314285695552826
YLR238W,YBL050W,0,-8.036219,0.26455026865005493,0.4761904776096344,0.13238094747066498
YPL235W,YDR213W,0,-8.039002,0.2631579041481018,0.4761904776096344,0.13333334028720856
YIL132C,YGR060W,0,-8.044165,0.26178011298179626,0.4761904776096344,0.13428571820259094
YIL009W,YHR005C,0,-8.046564,0.2604166567325592,0.4761904776096344,0.13523809611797333
YNL001W,YIR008C,0,-8.050178,0.2590673565864563,0.4761904776096344,0.1361904740333557
YDR289C,YJL098W,0,-8.050463,0.25773194432258606,0.4761904776096344,0.1371428519487381
YML061C,YDR091C,0,-8.060133,0.25641027092933655,0.4761904776096344,0.13809524476528168
YPL167C,YDR362C,0,-8.066149,0.2551020383834839,0.4761904776096344,0.13904762268066406
YNL073W,YPL026C,0,-8.066927,0.25380709767341614,0.4761904776096344,0.14000000059604645
YPL188W,YGR002C,0,-8.069629,0.2525252401828766,0.4761904776096344,0.14095237851142883
YOR250C,YDR346C,0,-8.070796,0.2512562870979309,0.4761904776096344,0.14190475642681122
YMR033W,YKR020W,0,-8.074653,0.25,0.4761904776096344,0.1428571492433548
YIL106W,YIL118W,0,-8.087949,0.24875621497631073,0.4761904776096344,0.14380952715873718
YOR011W,YBL020W,0,-8.090859,0.24752475321292877,0.4761904776096344,0.14476190507411957
YGR113W,YOR151C,0,-8.092721,0.2463054209947586,0.4761904776096344,0.14571428298950195
YHR118C,YGL095C,0,-8.093774,0.2450980395078659,0.4761904776096344,0.14666666090488434
YPL140C,YOL003C,0,-8.097322,0.24390244483947754,0.4761904776096344,0.14761905372142792
YDR030C,YLR403W,0,-8.0994835,0.24271844327449799,0.4761904776096344,0.1485714316368103
YER040W,YER065C,0,-8.099514,0.2415459007024765,0.4761904776096344,0.1495238095521927
YPR199C,YDL212W,0,-8.103497,0.24038460850715637,0.4761904776096344,0.15047618746757507
YER036C,YOL125W,0,-8.105955,0.23923444747924805,0.4761904776096344,0.15142856538295746
YJL073W,YNL103W,0,-8.113311,0.2380952388048172,0.4761904776096344,0.15238095819950104
YGR179C,YMR214W,0,-8.116809,0.2369668185710907,0.4761904776096344,0.15333333611488342
YBR188C,YOR213C,0,-8.118031,0.2358490526676178,0.4761904776096344,0.1542857140302658
YER122C,YBL057C,0,-8.122606,0.23474177718162537,0.4761904776096344,0.1552380919456482
YNL090W,YER123W,0,-8.123321,0.23364485800266266,0.4761904776096344,0.15619046986103058
YEL042W,YEL002C,0,-8.1284685,0.23255814611911774,0.4761904776096344,0.15714286267757416
YJR143C,YKL028W,0,-8.128622,0.23148147761821747,0.4761904776096344,0.15809524059295654
YGR140W,YNL139C,0,-8.139321,0.2304147481918335,0.4761904776096344,0.15904761850833893
YER183C,YCR089W,0,-8.1437,0.2293577939271927,0.4761904776096344,0.1599999964237213
YBR236C,YDR213W,0,-8.150876,0.2283104956150055,0.4761904776096344,0.1609523743391037
YPR070W,YLR382C,0,-8.152838,0.22727273404598236,0.4761904776096344,0.16190476715564728
YGL092W,YLR430W,1,-8.159773,0.23076923191547394,0.48571428656578064,0.16190476715564728
YBR200W,YGL090W,0,-8.162919,0.22972972691059113,0.48571428656578064,0.16285714507102966
YFR031C,YDR398W,0,-8.170633,0.22869955003261566,0.48571428656578064,0.16380952298641205
YKL046C,YOR328W,0,-8.174768,0.2276785671710968,0.48571428656578064,0.16476190090179443
YJL115W,YDR238C,0,-8.176349,0.2266666740179062,0.48571428656578064,0.16571427881717682
YBR022W,YKR079C,1,-8.179426,0.2300885021686554,0.4952380955219269,0.16571427881717682
YER087C-A,YDL058W,0,-8.185009,0.2290748953819275,0.4952380955219269,0.1666666716337204
YIL142W,YOR231W,0,-8.189396,0.22807016968727112,0.4952380955219269,0.16761904954910278
YLR078C,YML059C,0,-8.190375,0.22707423567771912,0.4952380955219269,0.16857142746448517
YER169W,YHR098C,0,-8.196298,0.22608695924282074,0.4952380955219269,0.16952380537986755
YLR229C,YGL251C,0,-8.197313,0.22510822117328644,0.4952380955219269,0.17047618329524994
YFR027W,YGL013C,0,-8.202035,0.22413793206214905,0.4952380955219269,0.17142857611179352
YPR175W,YMR128W,0,-8.206178,0.22317597270011902,0.4952380955219269,0.1723809540271759
YDL006W,YJL087C,1,-8.207587,0.22649572789669037,0.5047619342803955,0.1723809540271759
YLR328W,YML073C,0,-8.211953,0.2255319207906723,0.5047619342803955,0.1733333319425583
YIR008C,YHL034C,0,-8.213924,0.22457626461982727,0.5047619342803955,0.17428570985794067
YOR298W,YGL044C,0,-8.229722,0.2236286848783493,0.5047619342803955,0.17523810267448425
YPL008W,YHR019C,0,-8.230798,0.22268907725811005,0.5047619342803955,0.17619048058986664
YDR437W,YML001W,0,-8.237972,0.22175732254981995,0.5047619342803955,0.17714285850524902
YGR108W,YJR102C,0,-8.2455015,0.22083333134651184,0.5047619342803955,0.1780952364206314
YGL116W,YMR186W,0,-8.245707,0.21991701424121857,0.5047619342803955,0.1790476143360138
YFR028C,YOL033W,0,-8.246198,0.21900826692581177,0.5047619342803955,0.18000000715255737
YDL106C,YGL233W,0,-8.2477665,0.21810699999332428,0.5047619342803955,0.18095238506793976
YFL005W,YDL235C,0,-8.251641,0.21721310913562775,0.5047619342803955,0.18190476298332214
YNL085W,YLR197W,0,-8.252502,0.2163265347480774,0.5047619342803955,0.18285714089870453
YHR116W,YBL063W,0,-8.252855,0.21544715762138367,0.5047619342803955,0.18380951881408691
YHR115C,YJL179W,0,-8.257615,0.2145749032497406,0.5047619342803955,0.1847619116306305
YOR313C,YOR129C,0,-8.259339,0.21370968222618103,0.5047619342803955,0.18571428954601288
YMR316W,YOR274W,0,-8.266831,0.2128514051437378,0.5047619342803955,0.18666666746139526
YHR084W,YGR241C,0,-8.267174,0.21199999749660492,0.5047619342803955,0.18761904537677765
YDL006W,YKR079C,1,-8.26912,0.2151394486427307,0.5142857432365417,0.18761904537677765
YBR160W,YER109C,0,-8.273285,0.2142857164144516,0.5142857432365417,0.18857142329216003
YMR153W,YLL024C,0,-8.273601,0.2134387344121933,0.5142857432365417,0.1895238161087036
YLR430W,YJL087C,1,-8.2772875,0.21653543412685394,0.523809552192688,0.1895238161087036
YOR288C,YLL024C,0,-8.281116,0.21568627655506134,0.523809552192688,0.190476194024086
YGL092W,YBR022W,1,-8.283343,0.21875,0.5333333611488342,0.190476194024086
YER056C,YGL168W,0,-8.285302,0.21789883077144623,0.5333333611488342,0.19142857193946838
YDR448W,YJL012C,0,-8.289922,0.21705426275730133,0.5333333611488342,0.19238094985485077
YPL270W,YIL073C,0,-8.2945,0.21621622145175934,0.5333333611488342,0.19333332777023315
YLL031C,YML016C,0,-8.295879,0.2153846174478531,0.5333333611488342,0.19428572058677673
YAL003W,YDR013W,0,-8.298217,0.2145593911409378,0.5333333611488342,0.19523809850215912
YFR028C,YER056C,0,-8.299144,0.21374045312404633,0.5333333611488342,0.1961904764175415
YGL254W,YDL159W,0,-8.299251,0.21292775869369507,0.5333333611488342,0.1971428543329239
YPR138C,YHR042W,0,-8.2998495,0.21212121844291687,0.5333333611488342,0.19809523224830627
YOL044W,YPL208W,0,-8.300883,0.21132075786590576,0.5333333611488342,0.19904762506484985
YLR405W,YNL079C,0,-8.302182,0.21052631735801697,0.5333333611488342,0.20000000298023224
YGL065C,YLL006W,0,-8.305472,0.20973782241344452,0.5333333611488342,0.20095238089561462
YBR098W,YIL022W,0,-8.306653,0.20895522832870483,0.5333333611488342,0.201904758810997
YLL035W,YDL128W,0,-8.315703,0.20817844569683075,0.5333333611488342,0.2028571367263794
YGL033W,YKR038C,0,-8.317524,0.2074074000120163,0.5333333611488342,0.20380952954292297
YML091C,YJL087C,1,-8.320037,0.21033211052417755,0.5428571701049805,0.20380952954292297
YEL042W,YPR056W,0,-8.32269,0.20955882966518402,0.5428571701049805,0.20476190745830536
YGL240W,YPR175W,0,-8.323964,0.20879121124744415,0.5428571701049805,0.20571428537368774
YCL029C,YKL032C,0,-8.3277235,0.20802919566631317,0.5428571701049805,0.20666666328907013
YNL288W,YHR090C,0,-8.329706,0.2072727233171463,0.5428571701049805,0.20761904120445251
YER042W,YDL058W,0,-8.330295,0.20652173459529877,0.5428571701049805,0.2085714340209961
YHR116W,YJR082C,0,-8.330855,0.2057761698961258,0.5428571701049805,0.20952381193637848
YDR183W,YDL128W,0,-8.332995,0.2050359696149826,0.5428571701049805,0.21047618985176086
YLR206W,YMR164C,0,-8.335626,0.20430107414722443,0.5428571701049805,0.21142856776714325
YDL003W,YHR077C,0,-8.336633,0.20357142388820648,0.5428571701049805,0.21238094568252563
YGR036C,YJL013C,0,-8.336878,0.2028469741344452,0.5428571701049805,0.2133333384990692
YPL124W,YDL064W,0,-8.338328,0.20212766528129578,0.5428571701049805,0.2142857164144516
YGR156W,YCR053W,0,-8.341843,0.20141342282295227,0.5428571701049805,0.21523809432983398
YMR172W,YLR116W,0,-8.343095,0.20070423185825348,0.5428571701049805,0.21619047224521637
YJL133W,YOR206W,0,-8.343591,0.20000000298023224,0.5428571701049805,0.21714285016059875
YMR065W,YML052W,0,-8.350624,0.19930070638656616,0.5428571701049805,0.21809524297714233
YHR120W,YGR245C,0,-8.352414,0.19860626757144928,0.5428571701049805,0.21904762089252472
YFL003C,YGR143W,0,-8.353818,0.1979166716337204,0.5428571701049805,0.2199999988079071
YER014C-A,YDR389W,0,-8.358053,0.19723182916641235,0.5428571701049805,0.2209523767232895
YDL006W,YMR087W,1,-8.35836,0.20000000298023224,0.5523809790611267,0.2209523767232895
YLR401C,YIL122W,0,-8.36139,0.1993127167224884,0.5523809790611267,0.22190475463867188
YNL027W,YKL008C,0,-8.371272,0.19863013923168182,0.5523809790611267,0.22285714745521545
YPL075W,YGL086W,0,-8.37162,0.19795222580432892,0.5523809790611267,0.22380952537059784
YJL178C,YGR135W,0,-8.381074,0.1972789168357849,0.5523809790611267,0.22476190328598022
YOR025W,YHR027C,0,-8.381917,0.19661016762256622,0.5523809790611267,0.2257142812013626
YDL227C,YOR361C,0,-8.384385,0.19594594836235046,0.5523809790611267,0.2266666740179062
YJR017C,YHR074W,0,-8.390254,0.19528619945049286,0.5523809790611267,0.22761905193328857
YNR027W,YGR179C,0,-8.391292,0.19463087618350983,0.5523809790611267,0.22857142984867096
YOL121C,YJL035C,0,-8.393519,0.19397993385791779,0.5523809790611267,0.22952380776405334
YOL002C,YMR285C,0,-8.394421,0.19333332777023315,0.5523809790611267,0.23047618567943573
YPR176C,YLR266C,0,-8.394456,0.19269102811813354,0.5523809790611267,0.2314285784959793
YOL123W,YMR125W,0,-8.394595,0.19205297529697418,0.5523809790611267,0.2323809564113617
YIL109C,YOR089C,0,-8.396054,0.19141913950443268,0.5523809790611267,0.23333333432674408
YHR115C,YDR436W,0,-8.398707,0.19078947603702545,0.5523809790611267,0.23428571224212646
YLR011W,YKR014C,0,-8.409236,0.19016394019126892,0.5523809790611267,0.23523809015750885
YDR375C,YLR399C,0,-8.409972,0.1895424872636795,0.5523809790611267,0.23619048297405243
YMR290C,YGR272C,0,-8.410073,0.18892508745193481,0.5523809790611267,0.23714286088943481
YER040W,YGR033C,0,-8.412036,0.18831168115139008,0.5523809790611267,0.2380952388048172
YPL241C,YDL095W,0,-8.414004,0.1877022683620453,0.5523809790611267,0.23904761672019958
YDR375C,YNR046W,0,-8.420258,0.18709677457809448,0.5523809790611267,0.23999999463558197
YDL039C,YKL203C,0,-8.422114,0.18649516999721527,0.5523809790611267,0.24095238745212555
YBR086C,YEL050C,0,-8.4223385,0.18589743971824646,0.5523809790611267,0.24190476536750793
YNL250W,YML115C,0,-8.4358635,0.18530350923538208,0.5523809790611267,0.24285714328289032
YKR062W,YML001W,0,-8.436863,0.18471337854862213,0.5523809790611267,0.2438095211982727
YDR414C,YLR148W,0,-8.443172,0.18412698805332184,0.5523809790611267,0.2447618991136551
YDL113C,YOR274W,0,-8.450979,0.1835443079471588,0.5523809790611267,0.24571429193019867
YDR331W,YMR156C,0,-8.454059,0.18296529352664948,0.5523809790611267,0.24666666984558105
YOR037W,YAL031C,0,-8.457058,0.18238992989063263,0.5523809790611267,0.24761904776096344
YMR211W,YML045W,0,-8.45708,0.1818181872367859,0.5523809790611267,0.24857142567634583
YMR138W,YLR150W,0,-8.459621,0.18125000596046448,0.5523809790611267,0.2495238035917282
YPL082C,YPR178W,0,-8.46099,0.180685356259346,0.5523809790611267,0.2504761815071106
YCR107W,YKR022C,0,-8.460995,0.1801242232322693,0.5523809790611267,0.2514285743236542
YNL230C,YHR072W,0,-8.464277,0.17956656217575073,0.5523809790611267,0.25238096714019775
YGR218W,YNL006W,0,-8.47231,0.17901234328746796,0.5523809790611267,0.25333333015441895
YOR371C,YGL169W,0,-8.473098,0.17846153676509857,0.5523809790611267,0.2542857229709625
YFR040W,YGR072W,0,-8.474919,0.1779141128063202,0.5523809790611267,0.2552380859851837
YIL033C,YOL060C,0,-8.475227,0.17737002670764923,0.5523809790611267,0.2561904788017273
YFL024C,YGL241W,0,-8.475293,0.1768292635679245,0.5523809790611267,0.2571428716182709
YOR150W,YML001W,0,-8.475412,0.1762917935848236,0.5523809790611267,0.25809523463249207
YHR118C,YBR256C,0,-8.479059,0.17575757205486298,0.5523809790611267,0.25904762744903564
YDL006W,YLR430W,1,-8.482173,0.17824773490428925,0.561904788017273,0.25904762744903564
YBL074C,YOL112W,0,-8.485227,0.17771084606647491,0.561904788017273,0.25999999046325684
YKL052C,YDR301W,0,-8.4864855,0.17717717587947845,0.561904788017273,0.2609523832798004
YER014C-A,YGL173C,0,-8.488539,0.17664670944213867,0.561904788017273,0.261904776096344
YFR033C,YIL031W,0,-8.4887,0.17611940205097198,0.561904788017273,0.2628571391105652
YKL022C,YML105C,0,-8.491336,0.1755952388048172,0.561904788017273,0.26380953192710876
YJR135W-A,YLR200W,0,-8.4985695,0.17507418990135193,0.561904788017273,0.26476189494132996
YGL166W,YDR469W,0,-8.49964,0.1745562106370926,0.561904788017273,0.26571428775787354
YBR022W,YMR087W,1,-8.510736,0.17699114978313446,0.5714285969734192,0.26571428775787354
YOR080W,YGL233W,0,-8.513458,0.1764705926179886,0.5714285969734192,0.2666666805744171
YLR329W,YPL033C,0,-8.521085,0.17595307528972626,0.5714285969734192,0.2676190435886383
YGR144W,YDR027C,0,-8.526083,0.17543859779834747,0.5714285969734192,0.2685714364051819
YMR312W,YLR350W,0,-8.526857,0.17492711544036865,0.5714285969734192,0.2695237994194031
YOR058C,YOR224C,0,-8.527751,0.1744185984134674,0.5714285969734192,0.27047619223594666
YIL010W,YMR292W,0,-8.5278845,0.17391304671764374,0.5714285969734192,0.27142858505249023
YJL031C,YPL016W,0,-8.530395,0.17341040074825287,0.5714285969734192,0.2723809480667114
YHR170W,YJL129C,0,-8.535607,0.1729106605052948,0.5714285969734192,0.273333340883255
YLR340W,YOR172W,0,-8.541626,0.17241379618644714,0.5714285969734192,0.2742857038974762
YML046W,YHL012W,0,-8.541736,0.1719197779893875,0.5714285969734192,0.2752380967140198
YEL009C,YOL112W,0,-8.543222,0.17142857611179352,0.5714285969734192,0.27619048953056335
YLR430W,YKR079C,1,-8.546885,0.17378917336463928,0.5809524059295654,0.27619048953056335
YHR036W,YIR033W,0,-8.548842,0.17329545319080353,0.5809524059295654,0.27714285254478455
YBR010W,YKL059C,0,-8.5491,0.17280453443527222,0.5809524059295654,0.2780952453613281
YGL028C,YIL123W,0,-8.550238,0.17231638729572296,0.5809524059295654,0.2790476083755493
YBR057C,YMR227C,0,-8.554226,0.17183098196983337,0.5809524059295654,0.2800000011920929
YLR207W,YDL097C,0,-8.558707,0.17134831845760345,0.5809524059295654,0.2809523940086365
YLL004W,YPR108W,0,-8.56271,0.17086835205554962,0.5809524059295654,0.28190475702285767
YPR181C,YPL144W,0,-8.567452,0.17039106786251068,0.5809524059295654,0.28285714983940125
YDL165W,YNL163C,0,-8.569095,0.16991643607616425,0.5809524059295654,0.28380951285362244
YNR008W,YOR150W,0,-8.573102,0.16944444179534912,0.5809524059295654,0.284761905670166
YDR264C,YIL040W,0,-8.573876,0.1689750701189041,0.5809524059295654,0.2857142984867096
YPR019W,YCL055W,0,-8.575699,0.16850829124450684,0.5809524059295654,0.2866666615009308
YPL146C,YLR329W,0,-8.580359,0.1680440753698349,0.5809524059295654,0.28761905431747437
YGL178W,YNL154C,0,-8.586466,0.1675824224948883,0.5809524059295654,0.28857141733169556
YDL149W,YER160C,0,-8.586947,0.16712328791618347,0.5809524059295654,0.28952381014823914
YBR233W-A,YGR133W,0,-8.596816,0.1666666716337204,0.5809524059295654,0.2904762029647827
YBR136W,YGR214W,0,-8.600162,0.1662125289440155,0.5809524059295654,0.2914285659790039
YJL087C,YMR087W,1,-8.600193,0.16847826540470123,0.5904762148857117,0.2914285659790039
YBR022W,YLR430W,1,-8.604135,0.17073170840740204,0.6000000238418579,0.2914285659790039
YHR007C,YKR063C,0,-8.606088,0.17027026414871216,0.6000000238418579,0.2923809587955475
YDL097C,YNL229C,0,-8.609922,0.16981132328510284,0.6000000238418579,0.2933333218097687
YNL161W,YHR090C,0,-8.61069,0.16935484111309052,0.6000000238418579,0.29428571462631226
YML105C,YMR190C,0,-8.611642,0.16890080273151398,0.6000000238418579,0.29523810744285583
YCR098C,YBR273C,0,-8.615407,0.16844919323921204,0.6000000238418579,0.296190470457077
YKL172W,YCL075W,0,-8.619334,0.1679999977350235,0.6000000238418579,0.2971428632736206
YJL062W,YDR312W,0,-8.622899,0.16755318641662598,0.6000000238418579,0.2980952262878418
YBR022W,YDL006W,1,-8.624112,0.1697612702846527,0.6095238327980042,0.2980952262878418
YIL079C,YHR024C,0,-8.629431,0.16931216418743134,0.6095238327980042,0.2990476191043854
YAL021C,YGL068W,0,-8.632714,0.16886544227600098,0.6095238327980042,0.30000001192092896
YJL030W,YDL065C,0,-8.633197,0.16842105984687805,0.6095238327980042,0.30095237493515015
YOR240W,YGR120C,0,-8.633398,0.16797900199890137,0.6095238327980042,0.3019047677516937
YER030W,YOR243C,0,-8.633676,0.16753926873207092,0.6095238327980042,0.3028571307659149
YHR007C,YNR048W,0,-8.63392,0.16710183024406433,0.6095238327980042,0.3038095235824585
YLL031C,YBR098W,0,-8.637095,0.1666666716337204,0.6095238327980042,0.3047619163990021
YGL142C,YIL144W,0,-8.637709,0.16623376309871674,0.6095238327980042,0.30571427941322327
YDR153C,YMR051C,0,-8.647701,0.16580310463905334,0.6095238327980042,0.30666667222976685
YJR118C,YDR113C,0,-8.648134,0.16537468135356903,0.6095238327980042,0.30761903524398804
YLR110C,YJL204C,0,-8.649646,0.1649484485387802,0.6095238327980042,0.3085714280605316
YPL155C,YDL052C,0,-8.652051,0.16452442109584808,0.6095238327980042,0.3095238208770752
YAL016W,YLR020C,0,-8.652476,0.16410256922245026,0.6095238327980042,0.3104761838912964
YIR023W,YDL097C,0,-8.654517,0.16368286311626434,0.6095238327980042,0.31142857670783997
YDR492W,YML103C,0,-8.660592,0.16326530277729034,0.6095238327980042,0.31238093972206116
YBL097W,YBR159W,0,-8.660986,0.16284987330436707,0.6095238327980042,0.31333333253860474
YKL205W,YMR087W,1,-8.662237,0.1649746149778366,0.6190476417541504,0.31333333253860474
YDL153C,YDR422C,0,-8.665344,0.16455696523189545,0.6190476417541504,0.3142857253551483
YGR183C,YHL022C,0,-8.665952,0.16414141654968262,0.6190476417541504,0.3152380883693695
YBR211C,YHR170W,0,-8.667243,0.16372795403003693,0.6190476417541504,0.3161904811859131
YDR362C,YDL185W,0,-8.668092,0.16331657767295837,0.6190476417541504,0.3171428442001343
YDR295C,YDR345C,0,-8.669661,0.16290727257728577,0.6190476417541504,0.31809523701667786
YGR248W,YCL074W,0,-8.671137,0.16249999403953552,0.6190476417541504,0.31904762983322144
YGL175C,YBR172C,0,-8.674312,0.16209475696086884,0.6190476417541504,0.3199999928474426
YKL152C,YIR022W,0,-8.676969,0.1616915464401245,0.6190476417541504,0.3209523856639862
YLR417W,YER138C,0,-8.677337,0.16129031777381897,0.6190476417541504,0.3219047486782074
YJR064W,YMR149W,0,-8.6787815,0.1608910858631134,0.6190476417541504,0.322857141494751
YGR229C,YPL124W,0,-8.680259,0.16049382090568542,0.6190476417541504,0.32380953431129456
YOR117W,YLR034C,0,-8.68056,0.16009852290153503,0.6190476417541504,0.32476189732551575
YNR067C,YGL142C,0,-8.683888,0.15970516204833984,0.6190476417541504,0.3257142901420593
YCR048W,YLL061W,0,-8.687539,0.15931372344493866,0.6190476417541504,0.3266666531562805
YLR014C,YOR367W,0,-8.687862,0.15892420709133148,0.6190476417541504,0.3276190459728241
YCL074W,YNR048W,0,-8.688221,0.15853658318519592,0.6190476417541504,0.3285714387893677
YNR030W,YNR058W,0,-8.688541,0.15815085172653198,0.6190476417541504,0.32952380180358887
YBR106W,YDR312W,0,-8.68856,0.15776698291301727,0.6190476417541504,0.33047619462013245
YPL125W,YCL005W-A,0,-8.688817,0.157384991645813,0.6190476417541504,0.33142855763435364
YOR025W,YGL095C,0,-8.691417,0.15700483322143555,0.6190476417541504,0.3323809504508972
YPL137C,YJL091C,0,-8.696563,0.15662650763988495,0.6190476417541504,0.3333333432674408
YLR394W,YLR084C,0,-8.707573,0.15625,0.6190476417541504,0.334285706281662
YDR060W,YHL012W,0,-8.7083025,0.1558752954006195,0.6190476417541504,0.33523809909820557
YER019W,YKL214C,0,-8.710452,0.15550239384174347,0.6190476417541504,0.33619046211242676
YGR030C,YBL018C,1,-8.713251,0.15751789510250092,0.6285714507102966,0.33619046211242676
YGL209W,YDR362C,0,-8.71577,0.15714286267757416,0.6285714507102966,0.33714285492897034
YOR080W,YNL123W,0,-8.717847,0.15676960349082947,0.6285714507102966,0.3380952477455139
YLR391W-A,YKL085W,0,-8.718513,0.15639810264110565,0.6285714507102966,0.3390476107597351
YPL194W,YGL216W,0,-8.727884,0.1560283750295639,0.6285714507102966,0.3400000035762787
YNL328C,YMR285C,0,-8.733249,0.15566037595272064,0.6285714507102966,0.3409523665904999
YMR033W,YMR197C,0,-8.736474,0.15529412031173706,0.6285714507102966,0.34190475940704346
YMR198W,YNL272C,0,-8.737672,0.15492957830429077,0.6285714507102966,0.34285715222358704
YGR086C,YPR189W,0,-8.737859,0.15456674993038177,0.6285714507102966,0.3438095152378082
YGL018C,YER003C,0,-8.739371,0.15420560538768768,0.6285714507102966,0.3447619080543518
YLL018C-A,YMR060C,0,-8.741742,0.1538461595773697,0.6285714507102966,0.345714271068573
YMR058W,YNL106C,0,-8.742681,0.1534883677959442,0.6285714507102966,0.3466666638851166
YDR446W,YIL105C,0,-8.747941,0.15313224494457245,0.6285714507102966,0.34761905670166016
YHR152W,YBL005W-A,0,-8.7481365,0.1527777761220932,0.6285714507102966,0.34857141971588135
YGL155W,YOL103W-A,0,-8.751296,0.15242494642734528,0.6285714507102966,0.3495238125324249
YDL024C,YCL061C,0,-8.751718,0.1520737260580063,0.6285714507102966,0.3504762053489685
YKR019C,YGR144W,0,-8.756353,0.15172414481639862,0.6285714507102966,0.3514285683631897
YBR145W,YHL034C,0,-8.757021,0.1513761430978775,0.6285714507102966,0.3523809611797333
YJL145W,YNL313C,0,-8.759343,0.15102975070476532,0.6285714507102966,0.35333332419395447
YPR128C,YDR365W-A,0,-8.760514,0.15068493783473969,0.6285714507102966,0.35428571701049805
YBR092C,YDR320C,0,-8.763059,0.1503416895866394,0.6285714507102966,0.3552381098270416
YNL280C,YML069W,0,-8.764528,0.15000000596046448,0.6285714507102966,0.3561904728412628
YOR232W,YAR044W,0,-8.766705,0.14965985715389252,0.6285714507102966,0.3571428656578064
YJR040W,YOR142W,0,-8.770579,0.1493212729692459,0.6285714507102966,0.3580952286720276
YHL020C,YLR313C,0,-8.772107,0.14898419380187988,0.6285714507102966,0.35904762148857117
YJR084W,YCL066W,0,-8.777543,0.14864864945411682,0.6285714507102966,0.36000001430511475
YJL110C,YDR251W,0,-8.77788,0.14831461012363434,0.6285714507102966,0.36095237731933594
YOR080W,YNL330C,0,-8.778124,0.14798206090927124,0.6285714507102966,0.3619047701358795
YGL018C,YMR117C,0,-8.780716,0.14765100181102753,0.6285714507102966,0.3628571331501007
YPR057W,YPR138C,0,-8.781203,0.1473214328289032,0.6285714507102966,0.3638095259666443
YPL194W,YDR210W-A,0,-8.781563,0.14699332416057587,0.6285714507102966,0.36476191878318787
YMR058W,YDR365W-B,0,-8.78191,0.14666666090488434,0.6285714507102966,0.36571428179740906
YGL129C,YER120W,0,-8.782117,0.1463414579629898,0.6285714507102966,0.36666667461395264
YPL224C,YDR210C-C,0,-8.786151,0.14601770043373108,0.6285714507102966,0.36761903762817383
YOR120W,YOR343W-A,0,-8.786391,0.14569535851478577,0.6285714507102966,0.3685714304447174
YOR064C,YER137C-A,0,-8.786657,0.14537444710731506,0.6285714507102966,0.369523823261261
YHR204W,YBR218C,0,-8.787023,0.14505495131015778,0.6285714507102966,0.3704761862754822
YBR079C,YDR098C-A,0,-8.787925,0.14473684132099152,0.6285714507102966,0.37142857909202576
YER073W,YPL171C,0,-8.78845,0.14442013204097748,0.6285714507102966,0.37238094210624695
YBL080C,YER005W,0,-8.790595,0.14410480856895447,0.6285714507102966,0.3733333349227905
YLR391W-A,YBR254C,0,-8.792796,0.1437908560037613,0.6285714507102966,0.3742857277393341
YOR116C,YDR034C-D,0,-8.792966,0.14347825944423676,0.6285714507102966,0.3752380907535553
YOL078W,YOR343W-B,0,-8.793498,0.14316703379154205,0.6285714507102966,0.3761904835700989
YLR138W,YDL116W,0,-8.7940645,0.1428571492433548,0.6285714507102966,0.37714284658432007
YBR089C-A,YDR210W-A,0,-8.79778,0.1425485908985138,0.6285714507102966,0.37809523940086365
YDR281C,YNL054W-B,0,-8.79986,0.14224137365818024,0.6285714507102966,0.3790476322174072
YIL155C,YOR142W-B,0,-8.801454,0.14193548262119293,0.6285714507102966,0.3799999952316284
YOR112W,YMR078C,0,-8.801953,0.14163090288639069,0.6285714507102966,0.380952388048172
YMR072W,YOR112W,0,-8.804031,0.1413276195526123,0.6285714507102966,0.3819047510623932
YCR014C,YOR081C,0,-8.804264,0.14102564752101898,0.6285714507102966,0.38285714387893677
YKR037C,YGR161C-C,0,-8.804502,0.14072494208812714,0.6285714507102966,0.38380953669548035
YNL199C,YLR256W-A,0,-8.805108,0.14042553305625916,0.6285714507102966,0.38476189970970154
YHR023W,YGR109W-A,0,-8.807542,0.14012739062309265,0.6285714507102966,0.3857142925262451
YJR074W,YOR343W-A,0,-8.808365,0.13983051478862762,0.6285714507102966,0.3866666555404663
YNL131W,YOL006C,0,-8.810391,0.13953489065170288,0.6285714507102966,0.3876190483570099
YGL063W,YNL054W-A,0,-8.811619,0.13924050331115723,0.6285714507102966,0.38857144117355347
YOL147C,YOR142W-B,0,-8.814099,0.13894736766815186,0.6285714507102966,0.38952380418777466
YLL018C-A,YDR210W-C,0,-8.815037,0.13865546882152557,0.6285714507102966,0.39047619700431824
YGL175C,YML045W-A,0,-8.815037,0.138364776968956,0.6285714507102966,0.39142856001853943
YKL200C,YHL009W-B,0,-8.815037,0.1380753070116043,0.6285714507102966,0.392380952835083
YML103C,YBL101W-B,0,-8.815037,0.13778705894947052,0.6285714507102966,0.3933333456516266
YBR218C,YBL101W-A,0,-8.815037,0.13750000298023224,0.6285714507102966,0.3942857086658478
YAL029C,YPR036W-A,0,-8.815037,0.13721413910388947,0.6285714507102966,0.39523810148239136
YIR002C,YLR157C-A,0,-8.815037,0.1369294673204422,0.6285714507102966,0.39619046449661255
YIL009C-A,YJL113W,0,-8.815138,0.13664595782756805,0.6285714507102966,0.39714285731315613
YHR020W,YNL054W-A,0,-8.815188,0.13636364042758942,0.6285714507102966,0.3980952501296997
YNR011C,YDR261C-C,0,-8.815681,0.1360824704170227,0.6285714507102966,0.3990476131439209
YPR108W,YOR192C-B,0,-8.816524,0.1358024626970291,0.6285714507102966,0.4000000059604645
YMR011W,YCR080W,0,-8.817002,0.13552361726760864,0.6285714507102966,0.40095236897468567
YJL110C,YPR158C-C,0,-8.817439,0.1352459043264389,0.6285714507102966,0.40190476179122925
YDR301W,YOR380W,0,-8.818718,0.1349693238735199,0.6285714507102966,0.4028571546077728
YOR329C,YDR210C-C,0,-8.82299,0.13469387590885162,0.6285714507102966,0.403809517621994
YDR120C,YLR410W-A,0,-8.823865,0.1344195455312729,0.6285714507102966,0.4047619104385376
YJL034W,YDL038C,0,-8.824738,0.13414634764194489,0.6285714507102966,0.4057142734527588
YPL026C,YDR210W-A,0,-8.825145,0.13387423753738403,0.6285714507102966,0.40666666626930237
YJL110C,YPR158W-B,0,-8.825412,0.13360324501991272,0.6285714507102966,0.40761905908584595
YDR130C,YNL054W-B,0,-8.828492,0.13333334028720856,0.6285714507102966,0.40857142210006714
YLR329W,YPR137C-B,0,-8.8285,0.13306452333927155,0.6285714507102966,0.4095238149166107
YKL141W,YGR161C-C,0,-8.829013,0.1327967792749405,0.6285714507102966,0.4104761779308319
YDR419W,YIL077C,0,-8.829272,0.1325301229953766,0.6285714507102966,0.4114285707473755
YGL071W,YGR040W,0,-8.830918,0.13226452469825745,0.6285714507102966,0.41238096356391907
YPL049C,YOR343W-A,0,-8.83152,0.13199999928474426,0.6285714507102966,0.41333332657814026
YKR086W,YGR109W-A,0,-8.8341875,0.13173653185367584,0.6285714507102966,0.41428571939468384
YJR002W,YPL257W-B,0,-8.836348,0.131474107503891,0.6285714507102966,0.41523808240890503
YDR478W,YNL284C-B,0,-8.84043,0.1312127262353897,0.6285714507102966,0.4161904752254486
YER056C,YOL103W-B,0,-8.840603,0.130952388048172,0.6285714507102966,0.4171428680419922
YNL106C,YOR269W,0,-8.84097,0.13069306313991547,0.6285714507102966,0.4180952310562134
YJL156C,YLR227W-B,0,-8.841323,0.1304347813129425,0.6285714507102966,0.41904762387275696
YBL023C,YER137C-A,0,-8.842456,0.13017751276493073,0.6285714507102966,0.41999998688697815
YMR220W,YJR046W,0,-8.842638,0.12992125749588013,0.6285714507102966,0.42095237970352173
YJL003W,YPR158C-C,0,-8.843123,0.1296660155057907,0.6285714507102966,0.4219047725200653
YDL188C,YJL056C,0,-8.843414,0.12941177189350128,0.6285714507102966,0.4228571355342865
YJR082C,YOL124C,0,-8.844312,0.12915851175785065,0.6285714507102966,0.4238095283508301
YLR172C,YDR210C-D,0,-8.846245,0.12890625,0.6285714507102966,0.42476189136505127
YPL029W,YDR002W,0,-8.8479395,0.12865497171878815,0.6285714507102966,0.42571428418159485
YKL205W,YJL087C,1,-8.8484955,0.13035018742084503,0.6380952596664429,0.42571428418159485
YNL123W,YBL007C,0,-8.849139,0.13009709119796753,0.6380952596664429,0.4266666769981384
YHR123W,YOR142W-A,0,-8.852273,0.12984496355056763,0.6380952596664429,0.4276190400123596
YML105C,YOR192C-B,0,-8.8524065,0.12959380447864532,0.6380952596664429,0.4285714328289032
YMR113W,YER169W,0,-8.853314,0.12934362888336182,0.6380952596664429,0.4295237958431244
YLR354C,YLR410W-A,0,-8.853368,0.12909440696239471,0.6380952596664429,0.43047618865966797
YOR294W,YLR157C-B,0,-8.8539,0.1288461536169052,0.6380952596664429,0.43142858147621155
YOR287C,YPR158W-B,0,-8.856223,0.12859885394573212,0.6380952596664429,0.43238094449043274
YOR362C,YHL009W-B,0,-8.856553,0.12835249304771423,0.6380952596664429,0.4333333373069763
YDR376W,YOR192C-B,0,-8.860899,0.12810707092285156,0.6380952596664429,0.4342857003211975
YKL114C,YDR437W,0,-8.86148,0.1278626024723053,0.6380952596664429,0.4352380931377411
YMR005W,YLR410W-A,0,-8.863181,0.12761904299259186,0.6380952596664429,0.43619048595428467
YHR096C,YGL216W,0,-8.864171,0.12737642228603363,0.6380952596664429,0.43714284896850586
YGL166W,YBL020W,0,-8.864732,0.12713472545146942,0.6380952596664429,0.43809524178504944
YLR391W-A,YDL227C,0,-8.865055,0.12689393758773804,0.6380952596664429,0.43904760479927063
YBL018C,YMR087W,1,-8.865062,0.128544420003891,0.6476190686225891,0.43904760479927063
YKL205W,YKR079C,1,-8.874148,0.13018867373466492,0.6571428775787354,0.43904760479927063
YJL178C,YNL031C,0,-8.876632,0.12994350492954254,0.6571428775787354,0.4399999976158142
YLL018C-A,YBR009C,0,-8.87796,0.129699245095253,0.6571428775787354,0.4409523904323578
YLL018C-A,YKL086W,0,-8.878209,0.12945590913295746,0.6571428775787354,0.441904753446579
YJL113W,YPL041C,0,-8.880342,0.12921348214149475,0.6571428775787354,0.44285714626312256
YEL050C,YLR227W-B,0,-8.88081,0.12897196412086487,0.6571428775787354,0.44380950927734375
YCR066W,YER021W,0,-8.883441,0.12873134016990662,0.6571428775787354,0.44476190209388733
YGR175C,YPL112C,0,-8.886788,0.1284916251897812,0.6571428775787354,0.4457142949104309
YML016C,YLR035C-A,0,-8.888879,0.1282527893781662,0.6571428775787354,0.4466666579246521
YGL092W,YMR087W,1,-8.893365,0.12987013161182404,0.6666666865348816,0.4466666579246521
YNR056C,YJL125C,0,-8.893867,0.12962962687015533,0.6666666865348816,0.4476190507411957
YDL216C,YNL026W,0,-8.898398,0.12939001619815826,0.6666666865348816,0.44857141375541687
YNL129W,YHR075C,0,-8.901082,0.12915128469467163,0.6666666865348816,0.44952380657196045
YKL146W,YLL031C,0,-8.905323,0.12891344726085663,0.6666666865348816,0.45047619938850403
YJR094C,YKL025C,0,-8.910082,0.12867647409439087,0.6666666865348816,0.4514285624027252
YLR206W,YPR164W,0,-8.91335,0.12844036519527435,0.6666666865348816,0.4523809552192688
YOR250C,YMR246W,0,-8.91409,0.12820513546466827,0.6666666865348816,0.4533333480358124
YNR034W,YJL087C,1,-8.91412,0.12979890406131744,0.6761904954910278,0.4533333480358124
YBR100W,YKL041W,0,-8.9143715,0.12956205010414124,0.6761904954910278,0.45428571105003357
YKR095W,YHR012W,0,-8.915849,0.12932604551315308,0.6761904954910278,0.45523810386657715
YNR075W,YPL138C,0,-8.919013,0.12909090518951416,0.6761904954910278,0.45619046688079834
YNL282W,YML091C,1,-8.928052,0.13067150115966797,0.6857143044471741,0.45619046688079834
YPL112C,YAR044W,0,-8.933245,0.1304347813129425,0.6857143044471741,0.4571428596973419
YFL018W-A,YOR081C,0,-8.934222,0.1301989108324051,0.6857143044471741,0.4580952525138855
YML081C-A,YDR191W,0,-8.937153,0.12996390461921692,0.6857143044471741,0.4590476155281067
YMR065W,YHR039C-B,0,-8.938239,0.1297297328710556,0.6857143044471741,0.46000000834465027
YER125W,YNL025C,0,-8.939748,0.12949639558792114,0.6857143044471741,0.46095237135887146
YDR414C,YML008C,0,-8.941014,0.12926390767097473,0.6857143044471741,0.46190476417541504
YPR199C,YKL182W,0,-8.946239,0.12903225421905518,0.6857143044471741,0.4628571569919586
YDL098C,YKL119C,0,-8.946816,0.12880143523216248,0.6857143044471741,0.4638095200061798
YJL112W,YHR197W,0,-8.947183,0.12857143580913544,0.6857143044471741,0.4647619128227234
YNL078W,YDR166C,0,-8.9477415,0.12834224104881287,0.6857143044471741,0.4657142758369446
YPL117C,YHL006C,0,-8.947835,0.12811388075351715,0.6857143044471741,0.46666666865348816
YPR183W,YPL248C,0,-8.952025,0.1278863251209259,0.6857143044471741,0.46761906147003174
YAL056W,YLR126C,0,-8.952536,0.12765957415103912,0.6857143044471741,0.46857142448425293
YAR019C,YBL005W-B,0,-8.953908,0.1274336278438568,0.6857143044471741,0.4695238173007965
YDL190C,YER005W,0,-8.95434,0.12720848619937897,0.6857143044471741,0.4704761803150177
YJL157C,YLR119W,0,-8.954569,0.1269841343164444,0.6857143044471741,0.4714285731315613
YJR160C,YMR210W,0,-8.955779,0.1267605572938919,0.6857143044471741,0.47238096594810486
YAL038W,YMR149W,0,-8.955918,0.12653778493404388,0.6857143044471741,0.47333332896232605
YML062C,YOR354C,0,-8.960856,0.12631578743457794,0.6857143044471741,0.47428572177886963
YDR039C,YMR043W,0,-8.96251,0.12609456479549408,0.6857143044471741,0.4752380847930908
YHL038C,YJL012C-A,0,-8.963154,0.1258741319179535,0.6857143044471741,0.4761904776096344
YHR092C,YNL102W,0,-8.966964,0.1256544440984726,0.6857143044471741,0.477142870426178
YDL006W,YLR105C,1,-8.970505,0.12717770040035248,0.6952381134033203,0.477142870426178
YOR005C,YGL144C,0,-8.973952,0.1269565224647522,0.6952381134033203,0.47809523344039917
YGL192W,YLL056C,0,-8.977285,0.1267361044883728,0.6952381134033203,0.47904762625694275
YDR218C,YJR120W,0,-8.977431,0.1265164613723755,0.6952381134033203,0.47999998927116394
YCR055C,YDR322C-A,0,-8.977499,0.12629757821559906,0.6952381134033203,0.4809523820877075
YDL108W,YGR156W,0,-8.980995,0.12607944011688232,0.6952381134033203,0.4819047749042511
YKL045W,YHL006C,0,-8.982548,0.12586206197738647,0.6952381134033203,0.4828571379184723
YMR041C,YEL061C,0,-8.984757,0.1256454437971115,0.6952381134033203,0.48380953073501587
YBL018C,YLR430W,1,-8.986159,0.12714776396751404,0.7047619223594666,0.48380953073501587
YGL020C,YMR112C,0,-8.987678,0.12692967057228088,0.7047619223594666,0.48476189374923706
YIL044C,YFL060C,0,-8.988935,0.12671232223510742,0.7047619223594666,0.48571428656578064
YBL002W,YNL113W,0,-8.993367,0.12649573385715485,0.7047619223594666,0.4866666793823242
YBL080C,YJL129C,0,-8.998408,0.12627986073493958,0.7047619223594666,0.4876190423965454
YOL039W,YKL196C,0,-9.003036,0.126064732670784,0.7047619223594666,0.488571435213089
YHR094C,YOL125W,0,-9.003652,0.12585033476352692,0.7047619223594666,0.4895237982273102
YER110C,YNL139C,0,-9.003722,0.12563666701316833,0.7047619223594666,0.49047619104385376
YPR176C,YBR297W,0,-9.005439,0.12542372941970825,0.7047619223594666,0.49142858386039734
YHR001W-A,YDL118W,0,-9.012849,0.12521150708198547,0.7047619223594666,0.49238094687461853
YHR123W,YNR011C,0,-9.015551,0.125,0.7047619223594666,0.4933333396911621
YMR137C,YJR127C,0,-9.022463,0.12478920817375183,0.7047619223594666,0.4942857027053833
YHL036W,YPL274W,0,-9.023666,0.12457912415266037,0.7047619223594666,0.4952380955219269
YJR057W,YBL005W-A,0,-9.02505,0.12436974793672562,0.7047619223594666,0.49619048833847046
YFR024C,YOR217W,0,-9.028001,0.12416107207536697,0.7047619223594666,0.49714285135269165
YGR225W,YLR370C,0,-9.029188,0.12395309656858444,0.7047619223594666,0.49809524416923523
YLR397C,YBR097W,0,-9.031182,0.12374582141637802,0.7047619223594666,0.4990476071834564
YJL178C,YDR110W,0,-9.0322895,0.12353923171758652,0.7047619223594666,0.5
YNR032C-A,YEL024W,0,-9.03308,0.12333333492279053,0.7047619223594666,0.5009523630142212
YDR118W,YER109C,0,-9.036313,0.12312811613082886,0.7047619223594666,0.5019047856330872
YOR028C,YKR050W,0,-9.036897,0.1229235902428627,0.7047619223594666,0.5028571486473083
YFL011W-A,YIL101C,0,-9.037824,0.12271973490715027,0.7047619223594666,0.5038095116615295
YCR038C,YLR032W,0,-9.038585,0.12251655757427216,0.7047619223594666,0.5047619342803955
YLR013W,YFR003C,0,-9.0391035,0.12231405079364777,0.7047619223594666,0.5057142972946167
YJR064W,YJR028W,0,-9.041372,0.1221122145652771,0.7047619223594666,0.5066666603088379
YPR199C,YGL144C,0,-9.04275,0.12191104143857956,0.7047619223594666,0.5076190233230591
YBR202W,YDR115W,0,-9.044349,0.12171052396297455,0.7047619223594666,0.508571445941925
YKL189W,YGR192C,0,-9.045964,0.12151066958904266,0.7047619223594666,0.5095238089561462
YGL251C,YOL009C,0,-9.046354,0.1213114783167839,0.7047619223594666,0.5104761719703674
YER112W,YMR241W,0,-9.046481,0.12111292779445648,0.7047619223594666,0.5114285945892334
YBR102C,YGR241C,0,-9.046542,0.12091503292322159,0.7047619223594666,0.5123809576034546
YPL076W,YDR082W,0,-9.052011,0.12071777880191803,0.7047619223594666,0.5133333206176758
YLR410W,YKL095W,0,-9.052534,0.1205211728811264,0.7047619223594666,0.5142857432365417
YIL131C,YDR447C,0,-9.053331,0.12032520025968552,0.7047619223594666,0.5152381062507629
YPL101W,YOR150W,0,-9.054436,0.12012986838817596,0.7047619223594666,0.5161904692649841
YOR212W,YNL246W,0,-9.055809,0.11993516981601715,0.7047619223594666,0.5171428322792053
YHR055C,YKR034W,0,-9.057776,0.11974109709262848,0.7047619223594666,0.5180952548980713
YPR141C,YJL002C,0,-9.060461,0.11954765766859055,0.7047619223594666,0.5190476179122925
YFL035C-A,YIL173W,0,-9.063056,0.11935483664274216,0.7047619223594666,0.5199999809265137
YBR129C,YOL001W,0,-9.065684,0.11916264146566391,0.7047619223594666,0.5209524035453796
YPR082C,YOR354C,0,-9.068196,0.11897106468677521,0.7047619223594666,0.5219047665596008
YER009W,YCL008C,0,-9.068473,0.11878009885549545,0.7047619223594666,0.522857129573822
YLR075W,YML114C,0,-9.06907,0.11858974397182465,0.7047619223594666,0.523809552192688
YNL280C,YCR040W,0,-9.075615,0.11840000003576279,0.7047619223594666,0.5247619152069092
YHR058C,YIL082W-A,0,-9.078179,0.11821085959672928,0.7047619223594666,0.5257142782211304
YDR040C,YDL195W,0,-9.079234,0.11802233010530472,0.7047619223594666,0.5266666412353516
YJR060W,YIL135C,0,-9.082478,0.11783439666032791,0.7047619223594666,0.5276190638542175
YGR213C,YKR020W,0,-9.089955,0.11764705926179886,0.7047619223594666,0.5285714268684387
YOL156W,YPR191W,0,-9.090344,0.11746031790971756,0.7047619223594666,0.5295237898826599
YER119C,YDR055W,0,-9.090529,0.11727416515350342,0.7047619223594666,0.5304762125015259
YDR166C,YOR087W,0,-9.092723,0.11708860844373703,0.7047619223594666,0.5314285755157471
YKL208W,YCR044C,0,-9.094765,0.1169036328792572,0.7047619223594666,0.5323809385299683
YGL071W,YKL060C,0,-9.095672,0.11671924591064453,0.7047619223594666,0.5333333611488342
YML121W,YHR021C,0,-9.102527,0.11653543263673782,0.7047619223594666,0.5342857241630554
YAL003W,YCR062W,0,-9.102967,0.11635220050811768,0.7047619223594666,0.5352380871772766
YJL106W,YMR061W,0,-9.104719,0.11616954207420349,0.7047619223594666,0.5361904501914978
YLR370C,YDR141C,0,-9.104754,0.11598745733499527,0.7047619223594666,0.5371428728103638
YIL132C,YKR062W,0,-9.105487,0.11580594629049301,0.7047619223594666,0.538095235824585
YDR295C,YMR051C,0,-9.107668,0.11562500149011612,0.7047619223594666,0.5390475988388062
YDR259C,YNL313C,0,-9.108566,0.115444615483284,0.7047619223594666,0.5400000214576721
YDR087C,YIR011C,0,-9.111627,0.11526479572057724,0.7047619223594666,0.5409523844718933
YKL138C-A,YBL041W,0,-9.115144,0.11508553475141525,0.7047619223594666,0.5419047474861145
YOL164W,YKL204W,0,-9.115283,0.11490683257579803,0.7047619223594666,0.5428571701049805
YDR168W,YLR106C,0,-9.11536,0.11472868174314499,0.7047619223594666,0.5438095331192017
YOR361C,YIL129C,0,-9.117157,0.11455108225345612,0.7047619223594666,0.5447618961334229
YFR027W,YDR170C,0,-9.118218,0.11437403410673141,0.7047619223594666,0.545714259147644
YDR164C,YIR026C,0,-9.118651,0.11419752985239029,0.7047619223594666,0.54666668176651
YGR183C,YLR032W,0,-9.12892,0.11402156949043274,0.7047619223594666,0.5476190447807312
YNR016C,YAR010C,0,-9.1293125,0.11384615302085876,0.7047619223594666,0.5485714077949524
YDR122W,YGL039W,0,-9.129643,0.11367127299308777,0.7047619223594666,0.5495238304138184
YMR213W,YHR011W,0,-9.136796,0.11349692940711975,0.7047619223594666,0.5504761934280396
YKL200C,YGL094C,0,-9.144689,0.11332312226295471,0.7047619223594666,0.5514285564422607
YLR011W,YPL007C,0,-9.150219,0.11314984411001205,0.7047619223594666,0.5523809790611267
YML129C,YPR140W,0,-9.151123,0.11297710239887238,0.7047619223594666,0.5533333420753479
YOR083W,YDR532C,0,-9.151313,0.11280487477779388,0.7047619223594666,0.5542857050895691
YOR321W,YKL018W,0,-9.151898,0.11263318359851837,0.7047619223594666,0.5552380681037903
YLR238W,YDR279W,0,-9.153911,0.11246200650930405,0.7047619223594666,0.5561904907226562
YLR384C,YER116C,0,-9.158422,0.1122913509607315,0.7047619223594666,0.5571428537368774
YOR001W,YGR221C,0,-9.160889,0.11212120950222015,0.7047619223594666,0.5580952167510986
YLL043W,YNL061W,0,-9.162195,0.11195158958435059,0.7047619223594666,0.5590476393699646
YOR026W,YKR054C,0,-9.163163,0.11178247630596161,0.7047619223594666,0.5600000023841858
YJL201W,YCR040W,0,-9.168454,0.11161387711763382,0.7047619223594666,0.560952365398407
YMR281W,YBR133C,0,-9.172402,0.11144578456878662,0.7047619223594666,0.561904788017273
YIL121W,YLL024C,0,-9.175025,0.11127819865942001,0.7047619223594666,0.5628571510314941
YGL065C,YDR407C,0,-9.182441,0.1111111119389534,0.7047619223594666,0.5638095140457153
YKL011C,YNL066W,0,-9.1834345,0.11094452440738678,0.7047619223594666,0.5647618770599365
YNL282W,YMR087W,1,-9.183587,0.11227545142173767,0.7142857313156128,0.5647618770599365
YOL051W,YNL107W,0,-9.185566,0.11210761964321136,0.7142857313156128,0.5657142996788025
YJL157C,YBR098W,0,-9.18878,0.11194030195474625,0.7142857313156128,0.5666666626930237
YOR168W,YMR026C,0,-9.189475,0.11177347600460052,0.7142857313156128,0.5676190257072449
YDR091C,YNL330C,0,-9.190896,0.1116071417927742,0.7142857313156128,0.5685714483261108
YOR316C,YLR340W,0,-9.19465,0.11144130676984787,0.7142857313156128,0.569523811340332
YLR430W,YMR087W,1,-9.195249,0.11275964230298996,0.723809540271759,0.569523811340332
YER032W,YOR341W,0,-9.195369,0.11259259283542633,0.723809540271759,0.5704761743545532
YLR043C,YHR135C,0,-9.202952,0.1124260351061821,0.723809540271759,0.5714285969734192
YLR310C,YOL133W,0,-9.205159,0.11225996911525726,0.723809540271759,0.5723809599876404
YGR175C,YGR156W,0,-9.206075,0.11209439486265182,0.723809540271759,0.5733333230018616
YKL068W,YHR079C-A,0,-9.207854,0.11192930489778519,0.723809540271759,0.5742856860160828
YGL033W,YIL125W,0,-9.208634,0.11176470667123795,0.723809540271759,0.5752381086349487
YGR204W,YLR033W,0,-9.211013,0.11160058528184891,0.723809540271759,0.5761904716491699
YKR042W,YPL019C,0,-9.214946,0.11143694818019867,0.723809540271759,0.5771428346633911
YOR018W,YJL140W,0,-9.219895,0.11127379536628723,0.723809540271759,0.5780952572822571
YOR232W,YMR030W,0,-9.22458,0.1111111119389534,0.723809540271759,0.5790476202964783
YDR448W,YOR127W,0,-9.225887,0.11094890534877777,0.723809540271759,0.5799999833106995
YCR058C,YBR258C,0,-9.23298,0.11078717559576035,0.723809540271759,0.5809524059295654
YGL073W,YDR498C,0,-9.233931,0.11062590777873993,0.723809540271759,0.5819047689437866
YIL132C,YOR027W,0,-9.236697,0.11046511679887772,0.723809540271759,0.5828571319580078
YBL098W,YDR379W,0,-9.240078,0.11030478775501251,0.723809540271759,0.583809494972229
YBR107C,YLR196W,0,-9.247931,0.11014492809772491,0.723809540271759,0.584761917591095
YGR289C,YKL200C,0,-9.24926,0.10998553037643433,0.723809540271759,0.5857142806053162
YER168C,YHR030C,0,-9.25611,0.10982658714056015,0.723809540271759,0.5866666436195374
YNL133C,YDR382W,0,-9.258811,0.10966811329126358,0.723809540271759,0.5876190662384033
YML057W,YLR452C,0,-9.259781,0.10951008647680283,0.723809540271759,0.5885714292526245
YGL173C,YDR469W,0,-9.260557,0.10935252159833908,0.723809540271759,0.5895237922668457
YPL248C,YNL313C,0,-9.260936,0.10919540375471115,0.723809540271759,0.5904762148857117
YPR183W,YPL110C,0,-9.261355,0.10903874039649963,0.723809540271759,0.5914285778999329
YOL021C,YGL008C,0,-9.265843,0.10888252407312393,0.723809540271759,0.592380940914154
YGL005C,YJR090C,0,-9.270422,0.10872675478458405,0.723809540271759,0.5933333039283752
YAL059W,YOR068C,0,-9.272326,0.10857142508029938,0.723809540271759,0.5942857265472412
YJR150C,YDR529C,0,-9.2741995,0.10841654986143112,0.723809540271759,0.5952380895614624
YLR449W,YMR281W,0,-9.277012,0.10826210677623749,0.723809540271759,0.5961904525756836
YLR105C,YMR087W,1,-9.277163,0.10953058302402496,0.7333333492279053,0.5961904525756836
YJR153W,YGR229C,0,-9.277546,0.109375,0.7333333492279053,0.5971428751945496
YAR019C,YHL048W,0,-9.279675,0.10921985656023026,0.7333333492279053,0.5980952382087708
YMR165C,YDR407C,0,-9.279956,0.10906515270471573,0.7333333492279053,0.5990476012229919
YOR148C,YDL128W,0,-9.283384,0.10891088843345642,0.7333333492279053,0.6000000238418579
YKL205W,YNR034W,1,-9.283528,0.11016949266195297,0.7428571581840515,0.6000000238418579
YPL270W,YDL106C,0,-9.283752,0.11001410335302353,0.7428571581840515,0.6009523868560791
YMR092C,YDR040C,0,-9.284154,0.1098591536283493,0.7428571581840515,0.6019047498703003
YDR369C,YJR120W,0,-9.295945,0.1097046434879303,0.7428571581840515,0.6028571724891663
YAR015W,YDL225W,0,-9.296778,0.10955056548118591,0.7428571581840515,0.6038095355033875
YPR120C,YEL026W,0,-9.29852,0.10939691215753555,0.7428571581840515,0.6047618985176086
YBL023C,YML047C,0,-9.299609,0.10924369841814041,0.7428571581840515,0.6057142615318298
YMR025W,YGL195W,0,-9.303792,0.1090909093618393,0.7428571581840515,0.6066666841506958
YCR048W,YDR273W,0,-9.303845,0.1089385449886322,0.7428571581840515,0.607619047164917
YBR167C,YMR087W,1,-9.306233,0.1101813092827797,0.7523809671401978,0.607619047164917
YGR077C,YLR467W,0,-9.306878,0.11002785712480545,0.7523809671401978,0.6085714101791382
YOR023C,YHL009C,0,-9.310356,0.10987482964992523,0.7523809671401978,0.6095238327980042
YGL066W,YBR294W,0,-9.310988,0.10972221940755844,0.7523809671401978,0.6104761958122253
YDL006W,YML091C,1,-9.312251,0.11095700412988663,0.761904776096344,0.6104761958122253
YJL019W,YDR080W,0,-9.322541,0.11080332100391388,0.761904776096344,0.6114285588264465
YJL011C,YMR273C,0,-9.327464,0.11065007001161575,0.761904776096344,0.6123809814453125
YLR148W,YDR115W,0,-9.332351,0.11049723625183105,0.761904776096344,0.6133333444595337
YBR167C,YNR034W,1,-9.332376,0.1117241382598877,0.7714285850524902,0.6133333444595337
YLR342W,YML006C,0,-9.337745,0.11157024651765823,0.7714285850524902,0.6142857074737549
YBL056W,YER173W,0,-9.344916,0.1114167794585228,0.7714285850524902,0.6152380704879761
YMR030W,YDR190C,0,-9.347794,0.11126373708248138,0.7714285850524902,0.616190493106842
YIL079C,YPR008W,0,-9.351302,0.1111111119389534,0.7714285850524902,0.6171428561210632
YGR145W,YDR221W,0,-9.352724,0.11095890402793884,0.7714285850524902,0.6180952191352844
YML115C,YGL095C,0,-9.353725,0.11080711334943771,0.7714285850524902,0.6190476417541504
YMR145C,YOR089C,0,-9.354476,0.11065573990345001,0.7714285850524902,0.6200000047683716
YCR089W,YIL066C,0,-9.354749,0.11050477623939514,0.7714285850524902,0.6209523677825928
YFR019W,YLL002W,0,-9.35507,0.1103542223572731,0.7714285850524902,0.6219047904014587
YKR079C,YMR087W,1,-9.355454,0.11156462877988815,0.7809523940086365,0.6219047904014587
YOR033C,YJL139C,0,-9.355932,0.11141304671764374,0.7809523940086365,0.6228571534156799
YPL271W,YDL118W,0,-9.35922,0.11126187443733215,0.7809523940086365,0.6238095164299011
YPL254W,YOR083W,0,-9.364341,0.1111111119389534,0.7809523940086365,0.6247618794441223
YMR033W,YGL208W,0,-9.366044,0.11096075922250748,0.7809523940086365,0.6257143020629883
YDR147W,YAR009C,0,-9.368404,0.11081080883741379,0.7809523940086365,0.6266666650772095
YGL144C,YLR183C,0,-9.368598,0.11066126823425293,0.7809523940086365,0.6276190280914307
YOR381W,YIL150C,0,-9.369754,0.1105121299624443,0.7809523940086365,0.6285714507102966
YBL069W,YBR188C,0,-9.372357,0.11036339402198792,0.7809523940086365,0.6295238137245178
YML091C,YMR087W,1,-9.372759,0.11155913770198822,0.7904762029647827,0.6295238137245178
YIL070C,YDR025W,0,-9.37842,0.11140939593315125,0.7904762029647827,0.630476176738739
YNR034W,YMR087W,1,-9.381099,0.11260053515434265,0.800000011920929,0.630476176738739
YMR083W,YNL186W,0,-9.38411,0.11244980245828629,0.800000011920929,0.631428599357605
YDR459C,YBR114W,0,-9.38907,0.11229946464300156,0.800000011920929,0.6323809623718262
YIL036W,YNL216W,0,-9.394531,0.11214952915906906,0.800000011920929,0.6333333253860474
YKL009W,YGR047C,0,-9.395364,0.1120000034570694,0.800000011920929,0.6342856884002686
YOR014W,YIL123W,0,-9.39924,0.11185086518526077,0.800000011920929,0.6352381110191345
YNL326C,YGL233W,0,-9.40025,0.11170212924480438,0.800000011920929,0.6361904740333557
YDR492W,YJR028W,0,-9.402554,0.11155378818511963,0.800000011920929,0.6371428370475769
YMR048W,YHR006W,0,-9.407201,0.11140583455562592,0.800000011920929,0.6380952596664429
YNL073W,YBR129C,0,-9.407893,0.11125827580690384,0.800000011920929,0.6390476226806641
YFL018W-A,YNL093W,0,-9.413466,0.1111111119389534,0.800000011920929,0.6399999856948853
YPR175W,YGL008C,0,-9.414632,0.110964335501194,0.800000011920929,0.6409524083137512
YNL251C,YOR122C,0,-9.417311,0.11081793904304504,0.800000011920929,0.6419047713279724
YLR172C,YMR088C,0,-9.420232,0.11067193746566772,0.800000011920929,0.6428571343421936
YMR038C,YLR276C,0,-9.420403,0.11052631586790085,0.800000011920929,0.6438094973564148
YOL003C,YNL283C,0,-9.423684,0.11038107424974442,0.800000011920929,0.6447619199752808
YDL099W,YML032C,0,-9.42805,0.11023622006177902,0.800000011920929,0.645714282989502
YDR069C,YBL040C,0,-9.428567,0.11009174585342407,0.800000011920929,0.6466666460037231
YHR204W,YNL156C,0,-9.432338,0.10994764417409897,0.800000011920929,0.6476190686225891
YLR133W,YFL060C,0,-9.440365,0.10980392247438431,0.800000011920929,0.6485714316368103
YLR220W,YBL046W,0,-9.45184,0.1096605733036995,0.800000011920929,0.6495237946510315
YBL026W,YNL007C,0,-9.458072,0.10951760411262512,0.800000011920929,0.6504762172698975
YCR010C,YDR289C,0,-9.465754,0.109375,0.800000011920929,0.6514285802841187
YPL118W,YGR129W,0,-9.466994,0.10923276841640472,0.800000011920929,0.6523809432983398
YGR030C,YMR087W,1,-9.474557,0.11038961261510849,0.8095238208770752,0.6523809432983398
YGL130W,YNL055C,0,-9.474801,0.1102464348077774,0.8095238208770752,0.653333306312561
YOR028C,YKR008W,0,-9.480447,0.11010362952947617,0.8095238208770752,0.654285728931427
YGR155W,YMR299C,0,-9.483349,0.10996118932962418,0.8095238208770752,0.6552380919456482
YOR011W,YJL191W,0,-9.484435,0.10981912165880203,0.8095238208770752,0.6561904549598694
YOR371C,YPR005C,0,-9.4857,0.10967741906642914,0.8095238208770752,0.6571428775787354
YMR083W,YLR384C,0,-9.486262,0.1095360815525055,0.8095238208770752,0.6580952405929565
YDR162C,YLR363C,0,-9.488399,0.1093951091170311,0.8095238208770752,0.6590476036071777
YBR098W,YLR136C,0,-9.489099,0.10925450176000595,0.8095238208770752,0.6600000262260437
YLL008W,YDR079W,0,-9.489402,0.10911425203084946,0.8095238208770752,0.6609523892402649
YOR335C,YLR045C,0,-9.490591,0.10897435992956161,0.8095238208770752,0.6619047522544861
YNL110C,YIL129C,0,-9.490661,0.10883482545614243,0.8095238208770752,0.6628571152687073
YJL041W,YNR064C,0,-9.492982,0.10869564861059189,0.8095238208770752,0.6638095378875732
YLR288C,YIL073C,0,-9.494741,0.10855682939291,0.8095238208770752,0.6647619009017944
YDL148C,YDR080W,0,-9.499056,0.10841836780309677,0.8095238208770752,0.6657142639160156
YJL094C,YLR372W,0,-9.505115,0.1082802563905716,0.8095238208770752,0.6666666865348816
YEL069C,YJR103W,0,-9.507564,0.10814249515533447,0.8095238208770752,0.6676190495491028
YLR353W,YMR246W,0,-9.516644,0.1080050840973854,0.8095238208770752,0.668571412563324
YBR022W,YNL282W,1,-9.523392,0.10913705825805664,0.8190476298332214,0.668571412563324
YBR199W,YDR314C,0,-9.523738,0.10899873077869415,0.8190476298332214,0.6695238351821899
YDL188C,YGR144W,0,-9.528714,0.10886076092720032,0.8190476298332214,0.6704761981964111
YLR098C,YIL066C,0,-9.529595,0.10872313380241394,0.8190476298332214,0.6714285612106323
YOL077W-A,YLR172C,0,-9.530894,0.10858585685491562,0.8190476298332214,0.6723809242248535
YDR317W,YHR204W,0,-9.533337,0.10844893008470535,0.8190476298332214,0.6733333468437195
YHR107C,YOR075W,0,-9.533845,0.10831234604120255,0.8190476298332214,0.6742857098579407
YLR158C,YJL129C,0,-9.53546,0.1081760972738266,0.8190476298332214,0.6752380728721619
YHR089C,YDR318W,0,-9.5367155,0.10804019868373871,0.8190476298332214,0.6761904954910278
YPL037C,YDR507C,0,-9.539205,0.10790464282035828,0.8190476298332214,0.677142858505249
YMR083W,YLR260W,0,-9.540323,0.1077694222331047,0.8190476298332214,0.6780952215194702
YIL072W,YGR172C,0,-9.542323,0.1076345443725586,0.8190476298332214,0.6790476441383362
YLR221C,YNL257C,0,-9.542531,0.10750000178813934,0.8190476298332214,0.6800000071525574
YDR179C,YER042W,0,-9.546012,0.10736579447984695,0.8190476298332214,0.6809523701667786
YKL052C,YIL138C,0,-9.546487,0.10723192244768143,0.8190476298332214,0.6819047331809998
YDL174C,YPL082C,0,-9.553908,0.10709837824106216,0.8190476298332214,0.6828571557998657
YOR275C,YLR316C,0,-9.561755,0.10696517676115036,0.8190476298332214,0.6838095188140869
YIL044C,YMR311C,0,-9.562265,0.10683229565620422,0.8190476298332214,0.6847618818283081
YBR022W,YML091C,1,-9.568391,0.10794045031070709,0.8285714387893677,0.6847618818283081
YLR201C,YOR256C,0,-9.573923,0.10780669003725052,0.8285714387893677,0.6857143044471741
YNR023W,YDL170W,0,-9.576423,0.1076732650399208,0.8285714387893677,0.6866666674613953
YML006C,YHL024W,0,-9.585343,0.10754017531871796,0.8285714387893677,0.6876190304756165
YMR137C,YDL190C,0,-9.587447,0.10740740597248077,0.8285714387893677,0.6885714530944824
YPL237W,YOL097C,0,-9.589543,0.10727497190237045,0.8285714387893677,0.6895238161087036
YMR072W,YMR281W,0,-9.590693,0.1071428582072258,0.8285714387893677,0.6904761791229248
YOR354C,YOL104C,0,-9.591237,0.10701107233762741,0.8285714387893677,0.691428542137146
YLR133W,YNL281W,0,-9.596473,0.10687960684299469,0.8285714387893677,0.692380964756012
YNR074C,YPR020W,0,-9.614468,0.10674846917390823,0.8285714387893677,0.6933333277702332
YLR117C,YNL231C,0,-9.615073,0.10661764442920685,0.8285714387893677,0.6942856907844543
YPL110C,YBL026W,0,-9.617938,0.10648714751005173,0.8285714387893677,0.6952381134033203
YJL034W,YIL061C,0,-9.621184,0.10635697096586227,0.8285714387893677,0.6961904764175415
YCR038C,YGR014W,0,-9.623384,0.10622710734605789,0.8285714387893677,0.6971428394317627
YJL091C,YIL129C,0,-9.630938,0.10609756410121918,0.8285714387893677,0.6980952620506287
YBR236C,YDR055W,0,-9.633563,0.10596833378076553,0.8285714387893677,0.6990476250648499
YPR171W,YAL031C,0,-9.635112,0.10583941638469696,0.8285714387893677,0.699999988079071
YJR021C,YBL102W,0,-9.638123,0.10571081191301346,0.8285714387893677,0.700952410697937
YER002W,YAL005C,0,-9.638856,0.10558252781629562,0.8285714387893677,0.7019047737121582
YNL048W,YKR024C,0,-9.64056,0.10545454174280167,0.8285714387893677,0.7028571367263794
YFR019W,YHR070W,0,-9.640951,0.10532687604427338,0.8285714387893677,0.7038094997406006
YJL081C,YIR002C,0,-9.640976,0.10519951581954956,0.8285714387893677,0.7047619223594666
YOR249C,YHR042W,0,-9.646961,0.10507246106863022,0.8285714387893677,0.7057142853736877
YBR057C,YMR156C,0,-9.6469965,0.10494571924209595,0.8285714387893677,0.7066666483879089
YBR290W,YGR179C,0,-9.658154,0.10481927543878555,0.8285714387893677,0.7076190710067749
YJR155W,YDL030W,0,-9.659862,0.10469313710927963,0.8285714387893677,0.7085714340209961
YBR167C,YML091C,1,-9.666051,0.10576923191547394,0.8380952477455139,0.7085714340209961
YMR287C,YLR205C,0,-9.670075,0.10564225912094116,0.8380952477455139,0.7095237970352173
YPR122W,YOL008W,0,-9.670203,0.10551558434963226,0.8380952477455139,0.7104762196540833
YDR375C,YML046W,0,-9.677045,0.10538922250270844,0.8380952477455139,0.7114285826683044
YKL041W,YLR090W,0,-9.681368,0.10526315867900848,0.8380952477455139,0.7123809456825256
YNR038W,YOR287C,0,-9.683882,0.10513739287853241,0.8380952477455139,0.7133333086967468
YER061C,YPR110C,0,-9.686505,0.10501193255186081,0.8380952477455139,0.7142857313156128
YBR009C,YAL030W,0,-9.690275,0.10488677024841309,0.8380952477455139,0.715238094329834
YOL039W,YOL122C,0,-9.694005,0.10476190596818924,0.8380952477455139,0.7161904573440552
YER025W,YBR084W,0,-9.697291,0.10463733971118927,0.8380952477455139,0.7171428799629211
YBR170C,YDR478W,0,-9.697871,0.10451306402683258,0.8380952477455139,0.7180952429771423
YNL112W,YKL064W,0,-9.699449,0.10438908636569977,0.8380952477455139,0.7190476059913635
YKL170W,YGL011C,0,-9.6998005,0.10426539927721024,0.8380952477455139,0.7200000286102295
YOR126C,YFR040W,0,-9.701623,0.10414201021194458,0.8380952477455139,0.7209523916244507
YNR030W,YPL117C,0,-9.711363,0.1040189117193222,0.8380952477455139,0.7219047546386719
YDL006W,YNR034W,1,-9.716692,0.10507674515247345,0.8476190567016602,0.7219047546386719
YDR122W,YLR410W,0,-9.7198305,0.10495282709598541,0.8476190567016602,0.7228571176528931
YIL002C,YLL041C,0,-9.722462,0.10482921451330185,0.8476190567016602,0.723809540271759
YKL032C,YPL019C,0,-9.727699,0.10470588505268097,0.8476190567016602,0.7247619032859802
YGR086C,YKL034W,0,-9.730432,0.10458284616470337,0.8476190567016602,0.7257142663002014
YPL119C,YEL003W,0,-9.733047,0.10446009039878845,0.8476190567016602,0.7266666889190674
YAL012W,YNL339C,0,-9.7347,0.10433763265609741,0.8476190567016602,0.7276190519332886
YOR047C,YDL015C,0,-9.744108,0.10421545803546906,0.8476190567016602,0.7285714149475098
YNL242W,YML069W,0,-9.7465315,0.10409356653690338,0.8476190567016602,0.7295238375663757
YCR040W,YOR380W,0,-9.747854,0.10397196561098099,0.8476190567016602,0.7304762005805969
YOR347C,YML015C,0,-9.748288,0.10385064035654068,0.8476190567016602,0.7314285635948181
YKL135C,YER042W,0,-9.748464,0.10372960567474365,0.8476190567016602,0.7323809266090393
YPR199C,YDR289C,0,-9.748487,0.10360884666442871,0.8476190567016602,0.7333333492279053
YIL066C,YOR063W,0,-9.75427,0.10348837077617645,0.8476190567016602,0.7342857122421265
YDR517W,YML062C,0,-9.763812,0.10336817800998688,0.8476190567016602,0.7352380752563477
YHL038C,YJR153W,0,-9.766879,0.10324826091527939,0.8476190567016602,0.7361904978752136
YNL223W,YNL085W,0,-9.768441,0.10312861949205399,0.8476190567016602,0.7371428608894348
YMR312W,YOR003W,0,-9.769282,0.10300926119089127,0.8476190567016602,0.738095223903656
YJR040W,YFL013C,0,-9.769954,0.10289017111063004,0.8476190567016602,0.739047646522522
YFL060C,YJL048C,0,-9.771962,0.10277136415243149,0.8476190567016602,0.7400000095367432
YER089C,YNL330C,0,-9.77347,0.10265282541513443,0.8476190567016602,0.7409523725509644
YER093C,YOR003W,0,-9.775578,0.10253456234931946,0.8476190567016602,0.7419047355651855
YDR236C,YDR279W,0,-9.77788,0.10241656750440598,0.8476190567016602,0.7428571581840515
YMR070W,YGR180C,0,-9.783704,0.10229884833097458,0.8476190567016602,0.7438095211982727
YPR023C,YJR091C,0,-9.784606,0.10218139737844467,0.8476190567016602,0.7447618842124939
YLR098C,YLR405W,0,-9.787322,0.10206422209739685,0.8476190567016602,0.7457143068313599
YNL192W,YLR005W,0,-9.792814,0.10194730758666992,0.8476190567016602,0.746666669845581
YKR087C,YNL026W,0,-9.794204,0.10183066129684448,0.8476190567016602,0.7476190328598022
YOR237W,YPL276W,0,-9.795302,0.10171428322792053,0.8476190567016602,0.7485714554786682
YLR011W,YBR043C,0,-9.79943,0.10159817337989807,0.8476190567016602,0.7495238184928894
YDR270W,YKL040C,0,-9.799503,0.1014823243021965,0.8476190567016602,0.7504761815071106
YMR052W,YMR080C,0,-9.806758,0.10136674344539642,0.8476190567016602,0.7514285445213318
YKL182W,YOL117W,0,-9.808467,0.10125142335891724,0.8476190567016602,0.7523809671401978
YPL069C,YJR092W,0,-9.815119,0.10113636404275894,0.8476190567016602,0.753333330154419
YLR157C,YIL036W,0,-9.815246,0.10102156549692154,0.8476190567016602,0.7542856931686401
YER127W,YKL196C,0,-9.821358,0.10090702772140503,0.8476190567016602,0.7552381157875061
YBR036C,YGR092W,0,-9.821422,0.10079275071620941,0.8476190567016602,0.7561904788017273
YDR376W,YHR178W,0,-9.824094,0.10067873448133469,0.8476190567016602,0.7571428418159485
YBR065C,YML004C,0,-9.828215,0.10056497156620026,0.8476190567016602,0.7580952644348145
YJR017C,YPL125W,0,-9.829247,0.10045146942138672,0.8476190567016602,0.7590476274490356
YNL027W,YJL019W,0,-9.830684,0.10033822059631348,0.8476190567016602,0.7599999904632568
YHR052W,YKL002W,0,-9.8391285,0.10022522509098053,0.8476190567016602,0.760952353477478
YNL259C,YOR156C,0,-9.851924,0.10011248290538788,0.8476190567016602,0.761904776096344
YNL317W,YOR279C,0,-9.854438,0.10000000149011612,0.8476190567016602,0.7628571391105652
YGL092W,YML091C,1,-9.854688,0.10101009905338287,0.8571428656578064,0.7628571391105652
YJL184W,YIL105C,0,-9.863633,0.10089685767889023,0.8571428656578064,0.7638095021247864
YFL023W,YDR218C,0,-9.865574,0.10078387707471848,0.8571428656578064,0.7647619247436523
YNR044W,YPL170W,0,-9.867761,0.10067114233970642,0.8571428656578064,0.7657142877578735
YHR148W,YDR487C,0,-9.873471,0.10055866092443466,0.8571428656578064,0.7666666507720947
YER155C,YOL143C,0,-9.894168,0.1004464253783226,0.8571428656578064,0.7676190733909607
YLL031C,YDR453C,0,-9.8943815,0.10033445060253143,0.8571428656578064,0.7685714364051819
YMR100W,YPR007C,0,-9.899562,0.10022271424531937,0.8571428656578064,0.7695237994194031
YPR137W,YAL009W,0,-9.901526,0.1001112312078476,0.8571428656578064,0.7704761624336243
YDR363W,YPR065W,0,-9.906951,0.10000000149011612,0.8571428656578064,0.7714285850524902
YHL048W,YFR051C,0,-9.90853,0.09988901019096375,0.8571428656578064,0.7723809480667114
YLR097C,YER007W,0,-9.908725,0.09977827221155167,0.8571428656578064,0.7733333110809326
YMR303C,YNL030W,0,-9.909745,0.09966777265071869,0.8571428656578064,0.7742857336997986
YPL110C,YER126C,0,-9.91235,0.09955751895904541,0.8571428656578064,0.7752380967140198
YLL024C,YGR296W,0,-9.917507,0.09944751113653183,0.8571428656578064,0.776190459728241
YML091C,YLR105C,1,-9.920434,0.10044150054454803,0.8666666746139526,0.776190459728241
YER026C,YAL003W,0,-9.933151,0.10033076256513596,0.8666666746139526,0.7771428823471069
YLR195C,YMR051C,0,-9.935397,0.10022026300430298,0.8666666746139526,0.7780952453613281
YFL057C,YLR117C,0,-9.937531,0.1001100093126297,0.8666666746139526,0.7790476083755493
YLR105C,YNR034W,1,-9.9389105,0.10109890252351761,0.8761904835700989,0.7790476083755493
YML110C,YDR073W,0,-9.94852,0.10098792612552643,0.8761904835700989,0.7799999713897705
YPL084W,YGR284C,0,-9.957843,0.10087719559669495,0.8761904835700989,0.7809523940086365
YGR244C,YDL194W,0,-9.964349,0.10076670348644257,0.8761904835700989,0.7819047570228577
YDR217C,YEL041W,0,-9.967471,0.10065645724534988,0.8761904835700989,0.7828571200370789
YNL173C,YNL218W,0,-9.970748,0.1005464494228363,0.8761904835700989,0.7838095426559448
YGR118W,YLR167W,0,-9.97339,0.10043668001890182,0.8761904835700989,0.784761905670166
YOL123W,YHR015W,0,-9.973947,0.10032715648412704,0.8761904835700989,0.7857142686843872
YMR015C,YPL144W,0,-9.979791,0.10021786391735077,0.8761904835700989,0.7866666913032532
YNL020C,YPR134W,0,-9.982139,0.10010881721973419,0.8761904835700989,0.7876190543174744
YLR098C,YHR196W,0,-9.984797,0.10000000149011612,0.8761904835700989,0.7885714173316956
YHR011W,YML092C,0,-9.985868,0.09989142417907715,0.8761904835700989,0.7895237803459167
YLR133W,YJL041W,0,-9.986619,0.09978307783603668,0.8761904835700989,0.7904762029647827
YLR048W,YCR008W,0,-9.992579,0.09967496991157532,0.8761904835700989,0.7914285659790039
YER044C,YGR099W,0,-9.99854,0.09956710040569305,0.8761904835700989,0.7923809289932251
YOL164W,YDR337W,0,-10.001954,0.0994594618678093,0.8761904835700989,0.7933333516120911
YIL110W,YJR063W,0,-10.009389,0.09935205429792404,0.8761904835700989,0.7942857146263123
YER007W,YLR248W,0,-10.011138,0.09924487769603729,0.8761904835700989,0.7952380776405334
YBR022W,YNR034W,1,-10.013692,0.10021551698446274,0.8857142925262451,0.7952380776405334
YGL209W,YNL129W,0,-10.017784,0.10010764002799988,0.8857142925262451,0.7961905002593994
YML064C,YKR089C,0,-10.025931,0.10000000149011612,0.8857142925262451,0.7971428632736206
YPL231W,YMR039C,0,-10.028732,0.09989258646965027,0.8857142925262451,0.7980952262878418
YNL084C,YOR127W,0,-10.028884,0.09978540986776352,0.8857142925262451,0.799047589302063
YBR196C,YML015C,0,-10.031562,0.09967845678329468,0.8857142925262451,0.800000011920929
YGL183C,YHR021C,0,-10.034867,0.09957173466682434,0.8857142925262451,0.8009523749351501
YGL008C,YPL239W,0,-10.049737,0.09946524351835251,0.8857142925262451,0.8019047379493713
YPR176C,YOR145C,0,-10.0519285,0.09935897588729858,0.8857142925262451,0.8028571605682373
YHR036W,YGR192C,0,-10.054414,0.09925293177366257,0.8857142925262451,0.8038095235824585
YGL201C,YLR043C,0,-10.061013,0.09914711862802505,0.8857142925262451,0.8047618865966797
YAR015W,YPL127C,0,-10.068242,0.09904153645038605,0.8857142925262451,0.8057143092155457
YKR009C,YDR486C,0,-10.069224,0.09893617033958435,0.8857142925262451,0.8066666722297668
YLR080W,YFL005W,0,-10.073384,0.09883102774620056,0.8857142925262451,0.807619035243988
YER026C,YGR090W,0,-10.07389,0.09872611612081528,0.8857142925262451,0.808571457862854
YDL003W,YGR193C,0,-10.0801325,0.0986214205622673,0.8857142925262451,0.8095238208770752
YGL151W,YJR045C,0,-10.085858,0.09851694852113724,0.8857142925262451,0.8104761838912964
YDR270W,YIR021W,0,-10.088277,0.09841269999742508,0.8857142925262451,0.8114285469055176
YPL076W,YKL026C,0,-10.09574,0.09830866754055023,0.8857142925262451,0.8123809695243835
YKL152C,YDL135C,0,-10.096341,0.09820485860109329,0.8857142925262451,0.8133333325386047
YJL173C,YOR341W,0,-10.10739,0.09810126572847366,0.8857142925262451,0.8142856955528259
YOR099W,YPR110C,0,-10.112858,0.09799788892269135,0.8857142925262451,0.8152381181716919
YHL027W,YDR394W,0,-10.124345,0.09789473563432693,0.8857142925262451,0.8161904811859131
YPR134W,YDL020C,0,-10.130702,0.09779179841279984,0.8857142925262451,0.8171428442001343
YNL282W,YNR034W,1,-10.142211,0.09873949736356735,0.8952381014823914,0.8171428442001343
YPL181W,YNL003C,0,-10.142672,0.09863588958978653,0.8952381014823914,0.8180952668190002
YNL257C,YHR030C,0,-10.148749,0.09853249788284302,0.8952381014823914,0.8190476298332214
YLR139C,YOR003W,0,-10.157643,0.09842932224273682,0.8952381014823914,0.8199999928474426
YOL104C,YOR279C,0,-10.164493,0.09832636266946793,0.8952381014823914,0.8209523558616638
YHR116W,YBR254C,0,-10.164622,0.09822361916303635,0.8952381014823914,0.8219047784805298
YFR008W,YKL101W,0,-10.170646,0.09812108427286148,0.8952381014823914,0.822857141494751
YMR025W,YER125W,0,-10.171293,0.09801877290010452,0.8952381014823914,0.8238095045089722
YMR068W,YLR193C,0,-10.174525,0.09791667014360428,0.8952381014823914,0.8247619271278381
YKL205W,YML091C,1,-10.184384,0.09885536134243011,0.9047619104385376,0.8247619271278381
YDL207W,YPL203W,0,-10.185879,0.09875259548425674,0.9047619104385376,0.8257142901420593
YFR030W,YIL144W,0,-10.19801,0.09865005314350128,0.9047619104385376,0.8266666531562805
YMR136W,YKL203C,0,-10.211471,0.09854771941900253,0.9047619104385376,0.8276190757751465
YLR423C,YML005W,0,-10.213231,0.0984455943107605,0.9047619104385376,0.8285714387893677
YBR297W,YJL192C,0,-10.213402,0.09834368526935577,0.9047619104385376,0.8295238018035889
YDL014W,YOR261C,0,-10.215608,0.09824198484420776,0.9047619104385376,0.8304761648178101
YGL061C,YPL020C,0,-10.226549,0.09814049303531647,0.9047619104385376,0.831428587436676
YHR152W,YJL139C,0,-10.228068,0.09803921729326248,0.9047619104385376,0.8323809504508972
YOL111C,YLR200W,0,-10.237986,0.09793814271688461,0.9047619104385376,0.8333333134651184
YDR148C,YHR098C,0,-10.245976,0.09783728420734406,0.9047619104385376,0.8342857360839844
YKR034W,YMR229C,0,-10.251401,0.09773662686347961,0.9047619104385376,0.8352380990982056
YER052C,YJL036W,0,-10.259322,0.09763617813587189,0.9047619104385376,0.8361904621124268
YDL079C,YGR296W,0,-10.262232,0.09753593057394028,0.9047619104385376,0.8371428847312927
YGL180W,YPL147W,0,-10.264603,0.09743589907884598,0.9047619104385376,0.8380952477455139
YDR436W,YGL112C,0,-10.27377,0.0973360687494278,0.9047619104385376,0.8390476107597351
YLR102C,YNL271C,0,-10.286066,0.09723643958568573,0.9047619104385376,0.8399999737739563
YGL021W,YIL017C,0,-10.291223,0.09713701158761978,0.9047619104385376,0.8409523963928223
YBL093C,YKL058W,0,-10.294345,0.09703779220581055,0.9047619104385376,0.8419047594070435
YBR059C,YJR021C,0,-10.294486,0.09693877398967743,0.9047619104385376,0.8428571224212646
YHR001W-A,YOL094C,0,-10.297681,0.09683995693922043,0.9047619104385376,0.8438095450401306
YDR247W,YKL119C,0,-10.307675,0.09674134105443954,0.9047619104385376,0.8447619080543518
YNL328C,YNL142W,0,-10.314127,0.09664292633533478,0.9047619104385376,0.845714271068573
YOR267C,YGR040W,0,-10.324031,0.09654471278190613,0.9047619104385376,0.846666693687439
YPR154W,YLR176C,0,-10.325528,0.0964467003941536,0.9047619104385376,0.8476190567016602
YLR044C,YGR112W,0,-10.327865,0.09634888172149658,0.9047619104385376,0.8485714197158813
YNR032W,YPL087W,0,-10.329129,0.09625126421451569,0.9047619104385376,0.8495237827301025
YOL082W,YMR055C,0,-10.334344,0.09615384787321091,0.9047619104385376,0.8504762053489685
YJL089W,YDL064W,0,-10.334949,0.09605662524700165,0.9047619104385376,0.8514285683631897
YBR036C,YDR082W,0,-10.340308,0.09595959633588791,0.9047619104385376,0.8523809313774109
YMR198W,YOR122C,0,-10.347781,0.09586276859045029,0.9047619104385376,0.8533333539962769
YML091C,YKR079C,1,-10.353062,0.09677419066429138,0.9142857193946838,0.8533333539962769
YLR226W,YIL098C,0,-10.365773,0.09667673707008362,0.9142857193946838,0.854285717010498
YLL042C,YPL159C,0,-10.374154,0.09657947719097137,0.9142857193946838,0.8552380800247192
YJL122W,YJL080C,0,-10.379356,0.09648241102695465,0.9142857193946838,0.8561905026435852
YCR107W,YGR041W,0,-10.379973,0.09638553857803345,0.9142857193946838,0.8571428656578064
YHR001W-A,YJR009C,0,-10.395459,0.09628886729478836,0.9142857193946838,0.8580952286720276
YJR137C,YNL031C,0,-10.4002905,0.0961923822760582,0.9142857193946838,0.8590475916862488
YKL213C,YMR268C,0,-10.408886,0.09609609842300415,0.9142857193946838,0.8600000143051147
YBL018C,YML091C,1,-10.41496,0.09700000286102295,0.9238095283508301,0.8600000143051147
YBL022C,YBR294W,0,-10.417901,0.09690310060977936,0.9238095283508301,0.8609523773193359
YPR030W,YLR426W,0,-10.42179,0.09680638462305069,0.9238095283508301,0.8619047403335571
YNL133C,YIL023C,0,-10.447076,0.09670986980199814,0.9238095283508301,0.8628571629524231
YML069W,YPR107C,0,-10.451031,0.09661354869604111,0.9238095283508301,0.8638095259666443
YDL223C,YIL031W,0,-10.451989,0.096517413854599,0.9238095283508301,0.8647618889808655
YOR181W,YPR108W,0,-10.46021,0.09642147272825241,0.9238095283508301,0.8657143115997314
YMR303C,YPR021C,0,-10.465508,0.09632571786642075,0.9238095283508301,0.8666666746139526
YKR066C,YPL192C,0,-10.4656,0.0962301567196846,0.9238095283508301,0.8676190376281738
YLR081W,YPL118W,0,-10.467303,0.09613478928804398,0.9238095283508301,0.868571400642395
YER040W,YGR132C,0,-10.487416,0.09603960067033768,0.9238095283508301,0.869523823261261
YLR157C,YBR186W,0,-10.492896,0.0959446057677269,0.9238095283508301,0.8704761862754822
YGL092W,YNR034W,1,-10.5043955,0.09683794528245926,0.9333333373069763,0.8704761862754822
YIL049W,YDR276C,0,-10.504781,0.09674234688282013,0.9333333373069763,0.8714285492897034
YPL221W,YJR069C,0,-10.509774,0.09664694219827652,0.9333333373069763,0.8723809719085693
YCR005C,YJR022W,0,-10.511741,0.09655172377824783,0.9333333373069763,0.8733333349227905
YDR255C,YGL208W,0,-10.51876,0.09645669162273407,0.9333333373069763,0.8742856979370117
YCL025C,YNR010W,0,-10.524455,0.09636184573173523,0.9333333373069763,0.8752381205558777
YDR251W,YNL160W,0,-10.531532,0.09626719355583191,0.9333333373069763,0.8761904835700989
YPR068C,YJR009C,0,-10.533432,0.09617272019386292,0.9333333373069763,0.8771428465843201
YDL198C,YBR093C,0,-10.543533,0.09607843309640884,0.9333333373069763,0.8780952095985413
YKR022C,YOR162C,0,-10.548816,0.0959843322634697,0.9333333373069763,0.8790476322174072
YLR139C,YGR144W,0,-10.549966,0.09589041024446487,0.9333333373069763,0.8799999952316284
YNR034W,YKR079C,1,-10.553392,0.09677419066429138,0.9428571462631226,0.8799999952316284
YHL031C,YNL123W,0,-10.568582,0.0966796875,0.9428571462631226,0.8809523582458496
YBR280C,YBR254C,0,-10.570279,0.09658536314964294,0.9428571462631226,0.8819047808647156
YNL294C,YOR295W,0,-10.573952,0.09649122506380081,0.9428571462631226,0.8828571438789368
YOR100C,YLR067C,0,-10.573989,0.0963972732424736,0.9428571462631226,0.883809506893158
YOL071W,YBR010W,0,-10.576253,0.09630350023508072,0.9428571462631226,0.8847619295120239
YLR340W,YHR111W,0,-10.576514,0.09620991349220276,0.9428571462631226,0.8857142925262451
YKL002W,YNL317W,0,-10.58339,0.09611650556325912,0.9428571462631226,0.8866666555404663
YLR430W,YNR034W,1,-10.584044,0.09699320793151855,0.9523809552192688,0.8866666555404663
YGR010W,YPR190C,0,-10.59458,0.09689922630786896,0.9523809552192688,0.8876190185546875
YJR084W,YDR247W,0,-10.596875,0.09680542349815369,0.9523809552192688,0.8885714411735535
YGR221C,YMR089C,0,-10.613921,0.09671179950237274,0.9523809552192688,0.8895238041877747
YOR130C,YER103W,0,-10.61394,0.09661835432052612,0.9523809552192688,0.8904761672019958
YGR214W,YDR395W,0,-10.618771,0.09652509540319443,0.9523809552192688,0.8914285898208618
YJR091C,YGR183C,0,-10.62108,0.09643201529979706,0.9523809552192688,0.892380952835083
YJR125C,YNL280C,0,-10.623933,0.09633911401033401,0.9523809552192688,0.8933333158493042
YPR176C,YLR079W,0,-10.626372,0.0962463915348053,0.9523809552192688,0.8942857384681702
YHR011W,YGL255W,0,-10.62679,0.09615384787321091,0.9523809552192688,0.8952381014823914
YNR046W,YNL241C,0,-10.648694,0.09606148302555084,0.9523809552192688,0.8961904644966125
YER167W,YIL098C,0,-10.65874,0.0959692895412445,0.9523809552192688,0.8971428275108337
YKR063C,YEL012W,0,-10.663615,0.0958772748708725,0.9523809552192688,0.8980952501296997
YPR105C,YIL036W,0,-10.664168,0.09578543901443481,0.9523809552192688,0.8990476131439209
YNL048W,YNL173C,0,-10.668971,0.09569378197193146,0.9523809552192688,0.8999999761581421
YKL213C,YLR002C,0,-10.681985,0.09560229629278183,0.9523809552192688,0.9009523987770081
YDR101C,YML131W,0,-10.682195,0.09551098197698593,0.9523809552192688,0.9019047617912292
YDL165W,YOR320C,0,-10.68255,0.09541984647512436,0.9523809552192688,0.9028571248054504
YOR249C,YDR513W,0,-10.696788,0.09532888233661652,0.9523809552192688,0.9038095474243164
YML086C,YLL001W,0,-10.697511,0.095238097012043,0.9523809552192688,0.9047619104385376
YGL062W,YEL013W,0,-10.708186,0.09514747560024261,0.9523809552192688,0.9057142734527588
YMR303C,YGL232W,0,-10.729697,0.09505703300237656,0.9523809552192688,0.9066666960716248
YGL210W,YPL206C,0,-10.748567,0.09496676176786423,0.9523809552192688,0.907619059085846
YGR028W,YER147C,0,-10.749862,0.09487666189670563,0.9523809552192688,0.9085714221000671
YFL016C,YMR165C,0,-10.754869,0.09478673338890076,0.9523809552192688,0.9095237851142883
YPL132W,YKL150W,0,-10.771246,0.09469696879386902,0.9523809552192688,0.9104762077331543
YOR341W,YDL201W,0,-10.774882,0.0946073830127716,0.9523809552192688,0.9114285707473755
YDL130W,YPL026C,0,-10.778888,0.09451796114444733,0.9523809552192688,0.9123809337615967
YLL041C,YER029C,0,-10.781386,0.09442870318889618,0.9523809552192688,0.9133333563804626
YJR074W,YBR169C,0,-10.825844,0.09433962404727936,0.9523809552192688,0.9142857193946838
YKL085W,YNL003C,0,-10.849116,0.09425070881843567,0.9523809552192688,0.915238082408905
YCR010C,YMR093W,0,-10.856355,0.09416195750236511,0.9523809552192688,0.916190505027771
YJR001W,YLR350W,0,-10.894719,0.09407337754964828,0.9523809552192688,0.9171428680419922
YOR080W,YML130C,0,-10.92106,0.09398496150970459,0.9523809552192688,0.9180952310562134
YAL038W,YNL111C,0,-10.939494,0.09389671683311462,0.9523809552192688,0.9190475940704346
YPL170W,YKL214C,0,-10.944242,0.0938086286187172,0.9523809552192688,0.9200000166893005
YDL113C,YIL036W,0,-10.947598,0.09372071176767349,0.9523809552192688,0.9209523797035217
YGR030C,YML091C,1,-10.979093,0.09456928819417953,0.961904764175415,0.9209523797035217
YDR273W,YDR472W,0,-10.986529,0.09448082000017166,0.961904764175415,0.9219047427177429
YML042W,YJR137C,0,-10.998412,0.09439252316951752,0.961904764175415,0.9228571653366089
YLR370C,YDL166C,0,-10.998997,0.0943043902516365,0.961904764175415,0.9238095283508301
YNL129W,YMR139W,0,-11.003028,0.09421642124652863,0.961904764175415,0.9247618913650513
YOL038W,YGR048W,0,-11.008946,0.09412860870361328,0.961904764175415,0.9257143139839172
YBL047C,YOR347C,0,-11.009448,0.09404096752405167,0.961904764175415,0.9266666769981384
YPL132W,YKL129C,0,-11.015349,0.09395349025726318,0.961904764175415,0.9276190400123596
YER168C,YDL181W,0,-11.020819,0.09386616945266724,0.961904764175415,0.9285714030265808
YCL026C-A,YJR019C,0,-11.021199,0.09377901256084442,0.961904764175415,0.9295238256454468
YER133W,YBR169C,0,-11.044139,0.09369201958179474,0.961904764175415,0.930476188659668
YNL271C,YBL075C,0,-11.049069,0.09360519051551819,0.961904764175415,0.9314285516738892
YBL064C,YIL139C,0,-11.075633,0.09351851791143417,0.961904764175415,0.9323809742927551
YLR189C,YCL029C,0,-11.088231,0.09343200922012329,0.961904764175415,0.9333333373069763
YML091C,YLR430W,1,-11.088973,0.09426987171173096,0.9714285731315613,0.9333333373069763
YPR001W,YLR452C,0,-11.0910845,0.0941828265786171,0.9714285731315613,0.9342857003211975
YLR295C,YOR085W,0,-11.096612,0.09409593790769577,0.9714285731315613,0.9352381229400635
YNL239W,YLR350W,0,-11.121077,0.09400921314954758,0.9714285731315613,0.9361904859542847
YGL013C,YPL096W,0,-11.13616,0.09392265230417252,0.9714285731315613,0.9371428489685059
YPL237W,YDR059C,0,-11.156894,0.09383624792098999,0.9714285731315613,0.938095211982727
YDL113C,YPL147W,0,-11.170298,0.09375,0.9714285731315613,0.939047634601593
YOR377W,YER103W,0,-11.179971,0.09366390854120255,0.9714285731315613,0.9399999976158142
YNR013C,YBR126C,0,-11.207259,0.09357798099517822,0.9714285731315613,0.9409523606300354
YJR091C,YHR157W,0,-11.207561,0.09349220991134644,0.9714285731315613,0.9419047832489014
YDR456W,YHR012W,0,-11.225845,0.09340659528970718,0.9714285731315613,0.9428571462631226
YGR177C,YBR272C,0,-11.233207,0.09332113713026047,0.9714285731315613,0.9438095092773438
YPR187W,YNR047W,0,-11.244912,0.09323583543300629,0.9714285731315613,0.9447619318962097
YKR046C,YJL035C,0,-11.269269,0.09315068274736404,0.9714285731315613,0.9457142949104309
YDR025W,YJL036W,0,-11.32988,0.09306569397449493,0.9714285731315613,0.9466666579246521
YPL110C,YMR016C,0,-11.336101,0.09298085421323776,0.9714285731315613,0.9476190209388733
YPR132W,YMR175W,0,-11.341968,0.09289617836475372,0.9714285731315613,0.9485714435577393
YOR149C,YNL332W,0,-11.382969,0.09281164407730103,0.9714285731315613,0.9495238065719604
YAL013W,YKR076W,0,-11.384656,0.09272727370262146,0.9714285731315613,0.9504761695861816
YER035W,YNL002C,0,-11.385858,0.09264305233955383,0.9714285731315613,0.9514285922050476
YCL016C,YMR053C,0,-11.392767,0.09255897998809814,0.9714285731315613,0.9523809552192688
YDL045C,YJL121C,0,-11.395165,0.09247507154941559,0.9714285731315613,0.95333331823349
YOR245C,YPL042C,0,-11.403742,0.09239130467176437,0.9714285731315613,0.954285740852356
YLR074C,YLR097C,0,-11.404492,0.0923076942563057,0.9714285731315613,0.9552381038665771
YDR072C,YDR486C,0,-11.416113,0.09222423285245895,0.9714285731315613,0.9561904668807983
YJL109C,YEL041W,0,-11.427588,0.09214092046022415,0.9714285731315613,0.9571428298950195
YMR199W,YJL148W,0,-11.432597,0.09205776453018188,0.9714285731315613,0.9580952525138855
YOR120W,YML016C,0,-11.43303,0.09197475016117096,0.9714285731315613,0.9590476155281067
YLR009W,YDR312W,0,-11.470022,0.09189189225435257,0.9714285731315613,0.9599999785423279
YMR212C,YPL240C,0,-11.528419,0.09180918335914612,0.9714285731315613,0.9609524011611938
YJL146W,YDL247W,0,-11.531683,0.09172661602497101,0.9714285731315613,0.961904764175415
YEL015W,YOR348C,0,-11.533347,0.09164420515298843,0.9714285731315613,0.9628571271896362
YNL029C,YNL117W,0,-11.565516,0.0915619358420372,0.9714285731315613,0.9638095498085022
YBR129C,YOR162C,0,-11.566903,0.0914798229932785,0.9714285731315613,0.9647619128227234
YOR241W,YGR044C,0,-11.569913,0.09139785170555115,0.9714285731315613,0.9657142758369446
YPR154W,YMR089C,0,-11.579536,0.09131602197885513,0.9714285731315613,0.9666666388511658
YFL057C,YLR166C,0,-11.595501,0.09123434871435165,0.9714285731315613,0.9676190614700317
YDR214W,YER159C,0,-11.614008,0.09115281701087952,0.9714285731315613,0.9685714244842529
YFL016C,YFL003C,0,-11.630828,0.09107142686843872,0.9714285731315613,0.9695237874984741
YNL159C,YPL119C,0,-11.715072,0.09099018573760986,0.9714285731315613,0.9704762101173401
YHR108W,YFR003C,0,-11.732621,0.09090909361839294,0.9714285731315613,0.9714285731315613
YBR145W,YGR078C,0,-11.742031,0.09082813560962677,0.9714285731315613,0.9723809361457825
YLR286C,YMR093W,0,-11.760695,0.09074733406305313,0.9714285731315613,0.9733333587646484
YPL059W,YPR154W,0,-11.772076,0.09066666662693024,0.9714285731315613,0.9742857217788696
YNL239W,YKR085C,0,-11.837705,0.09058614820241928,0.9714285731315613,0.9752380847930908
YCL016C,YKL035W,0,-11.863868,0.09050576388835907,0.9714285731315613,0.976190447807312
YLR097C,YGL011C,0,-11.878343,0.0904255285859108,0.9714285731315613,0.977142870426178
YBR059C,YBR247C,0,-11.892401,0.09034543484449387,0.9714285731315613,0.9780952334403992
YOR100C,YBL047C,0,-11.902068,0.09026549011468887,0.9714285731315613,0.9790475964546204
YOR100C,YDL216C,0,-11.904286,0.09018567949533463,0.9714285731315613,0.9800000190734863
YER054C,YHR183W,0,-12.06789,0.09010601043701172,0.9714285731315613,0.9809523820877075
YML091C,YNR034W,1,-12.105742,0.09090909361839294,0.9809523820877075,0.9809523820877075
YML080W,YGL006W,0,-12.135572,0.09082892537117004,0.9809523820877075,0.9819047451019287
YDR435C,YOR362C,0,-12.212489,0.09074889868497849,0.9809523820877075,0.9828571677207947
YBL018C,YNR034W,1,-12.231695,0.09154929220676422,0.9904761910438538,0.9828571677207947
YPL196W,YER049W,0,-12.255836,0.09146877378225327,0.9904761910438538,0.9838095307350159
YGL191W,YPL019C,0,-12.384184,0.09138840436935425,0.9904761910438538,0.9847618937492371
YDR492W,YFL005W,0,-12.492299,0.09130816161632538,0.9904761910438538,0.9857142567634583
YNL023C,YBR183W,0,-12.565486,0.09122806787490845,0.9904761910438538,0.9866666793823242
YKL150W,YEL050C,0,-12.585779,0.09114811569452286,0.9904761910438538,0.9876190423965454
YGR030C,YNR034W,1,-12.691762,0.09194395691156387,1.0,0.9876190423965454
YGL187C,YBR185C,0,-12.833109,0.09186352044343948,1.0,0.9885714054107666
YDR361C,YER103W,0,-12.880984,0.09178321808576584,1.0,0.9895238280296326
YBR200W,YCL040W,0,-12.887571,0.09170305728912354,1.0,0.9904761910438538
YKL007W,YER117W,0,-12.966413,0.09162303805351257,1.0,0.991428554058075
YDL137W,YJL048C,0,-13.0745325,0.09154315292835236,1.0,0.9923809766769409
YOR145C,YOL129W,0,-13.093995,0.09146341681480408,1.0,0.9933333396911621
YDL174C,YFR053C,0,-13.212457,0.09138381481170654,1.0,0.9942857027053833
YBR296C,YML007W,0,-13.356744,0.09130434691905975,1.0,0.9952380657196045
YGR109C,YER053C,0,-13.412879,0.0912250205874443,1.0,0.9961904883384705
YBR126C,YOL097C,0,-13.476768,0.0911458358168602,1.0,0.9971428513526917
YJL125C,YFR053C,0,-13.482791,0.09106678515672684,1.0,0.9980952143669128
YHR096C,YOR297C,0,-13.663209,0.09098786860704422,1.0,0.9990476369857788
YKR060W,YNL160W,0,-14.073312,0.09090909361839294,1.0,1.0
