Gene A,Gene B,Label,Score,Precision,Recall,False Positive Rate
YMR316W,YOR080W,1,-5.6094384,1.0,0.02222222276031971,0.0
YHR115C,YPL137C,0,-5.618622,0.5,0.02222222276031971,0.002222222276031971
YBL093C,YGL066W,0,-5.6403584,0.3333333432674408,0.02222222276031971,0.004444444552063942
YOL026C,YDR488C,0,-5.6790204,0.25,0.02222222276031971,0.006666666828095913
YIR023W,YMR070W,0,-5.9086323,0.20000000298023224,0.02222222276031971,0.008888889104127884
YNL159C,YIL002C,0,-5.9215393,0.1666666716337204,0.02222222276031971,0.011111111380159855
YMR316W,YDR392W,1,-5.9263577,0.2857142984867096,0.04444444552063942,0.011111111380159855
YER088C,YMR089C,0,-5.9530525,0.25,0.04444444552063942,0.013333333656191826
YFR021W,YNL042W,0,-5.95391,0.2222222238779068,0.04444444552063942,0.015555555932223797
YML014W,YLR193C,0,-5.9600534,0.20000000298023224,0.04444444552063942,0.017777778208255768
YHR073W,YDR379W,1,-6.008156,0.27272728085517883,0.06666667014360428,0.017777778208255768
YDR488C,YNR026C,0,-6.0138407,0.25,0.06666667014360428,0.019999999552965164
YLL015W,YPL196W,0,-6.0148067,0.23076923191547394,0.06666667014360428,0.02222222276031971
YGR193C,YDR460W,0,-6.029814,0.2142857164144516,0.06666667014360428,0.024444444105029106
YOR058C,YKL101W,0,-6.12275,0.20000000298023224,0.06666667014360428,0.02666666731238365
YKL112W,YIR023W,0,-6.1602182,0.1875,0.06666667014360428,0.028888888657093048
YKR086W,YLR417W,0,-6.1653,0.1764705926179886,0.06666667014360428,0.031111111864447594
YDR166C,YIL138C,0,-6.1753883,0.1666666716337204,0.06666667014360428,0.03333333507180214
YJL024C,YPR122W,0,-6.1761093,0.15789473056793213,0.06666667014360428,0.035555556416511536
YDL245C,YOL060C,0,-6.192799,0.15000000596046448,0.06666667014360428,0.03777777776122093
YMR072W,YER154W,0,-6.231018,0.1428571492433548,0.06666667014360428,0.03999999910593033
YCL025C,YLR011W,0,-6.246325,0.13636364042758942,0.06666667014360428,0.042222220450639725
YER040W,YPR179C,0,-6.2581215,0.1304347813129425,0.06666667014360428,0.04444444552063942
YNL242W,YOR087W,0,-6.267171,0.125,0.06666667014360428,0.046666666865348816
YAR042W,YBR273C,0,-6.2781,0.11999999731779099,0.06666667014360428,0.04888888821005821
YKL112W,YMR190C,0,-6.2815804,0.11538461595773697,0.06666667014360428,0.05111110955476761
YJL048C,YGR048W,0,-6.2980666,0.1111111119389534,0.06666667014360428,0.0533333346247673
YIL044C,YPL232W,0,-6.299851,0.1071428582072258,0.06666667014360428,0.0555555559694767
YKL032C,YKR072C,0,-6.3131475,0.1034482792019844,0.06666667014360428,0.057777777314186096
YHR005C,YGR274C,0,-6.3191333,0.10000000149011612,0.06666667014360428,0.05999999865889549
YOR349W,YKL068W,0,-6.325109,0.09677419066429138,0.06666667014360428,0.06222222372889519
YDR168W,YGL066W,0,-6.346125,0.09375,0.06666667014360428,0.06444444507360458
YPL202C,YCR089W,0,-6.3485656,0.09090909361839294,0.06666667014360428,0.06666667014360428
YNL051W,YLR011W,0,-6.357319,0.0882352963089943,0.06666667014360428,0.06888888776302338
YJL089W,YDR392W,1,-6.3585815,0.11428571492433548,0.08888889104127884,0.06888888776302338
YOL108C,YNL330C,0,-6.3640995,0.1111111119389534,0.08888889104127884,0.07111111283302307
YBL046W,YLR417W,0,-6.366785,0.10810811072587967,0.08888889104127884,0.07333333045244217
YML057W,YDR076W,0,-6.3701897,0.10526315867900848,0.08888889104127884,0.07555555552244186
YGR029W,YPL196W,0,-6.3746834,0.10256410390138626,0.08888889104127884,0.07777778059244156
YLR163C,YGL068W,0,-6.3802204,0.10000000149011612,0.08888889104127884,0.07999999821186066
YOR275C,YDR392W,1,-6.394707,0.12195122241973877,0.1111111119389534,0.07999999821186066
YDR329C,YPL193W,0,-6.397171,0.1190476194024086,0.1111111119389534,0.08222222328186035
YIL131C,YHR091C,0,-6.406313,0.11627907305955887,0.1111111119389534,0.08444444090127945
YOL135C,YML109W,0,-6.4097466,0.11363636702299118,0.1111111119389534,0.08666666597127914
YNL042W,YMR030W,0,-6.420581,0.1111111119389534,0.1111111119389534,0.08888889104127884
YOL135C,YBL018C,0,-6.432411,0.10869564861059189,0.1111111119389534,0.09111110866069794
YJL031C,YMR190C,0,-6.437148,0.10638298094272614,0.1111111119389534,0.09333333373069763
YOR080W,YOR275C,1,-6.4401994,0.125,0.13333334028720856,0.09333333373069763
YNR030W,YNR007C,0,-6.4421434,0.12244898080825806,0.13333334028720856,0.09555555880069733
YHR073W,YDR392W,1,-6.4422755,0.14000000059604645,0.15555556118488312,0.09555555880069733
YLR098C,YDR464W,0,-6.4423776,0.13725490868091583,0.15555556118488312,0.09777777642011642
YNL123W,YDR164C,0,-6.442432,0.13461539149284363,0.15555556118488312,0.10000000149011612
YDR295C,YBR061C,0,-6.4502325,0.1320754736661911,0.15555556118488312,0.10222221910953522
YKR022C,YMR075W,0,-6.457089,0.12962962687015533,0.15555556118488312,0.10444444417953491
YJR084W,YOL128C,0,-6.4590926,0.12727272510528564,0.15555556118488312,0.1066666692495346
YPR122W,YOR347C,0,-6.461527,0.125,0.15555556118488312,0.1088888868689537
YOR275C,YGL208W,1,-6.464604,0.14035087823867798,0.17777778208255768,0.1088888868689537
YER112W,YPL237W,0,-6.465204,0.13793103396892548,0.17777778208255768,0.1111111119389534
YIL035C,YOR089C,0,-6.4756546,0.1355932205915451,0.17777778208255768,0.1133333370089531
YPR018W,YPL232W,0,-6.4782653,0.13333334028720856,0.17777778208255768,0.11555555462837219
YKR086W,YER148W,0,-6.4839344,0.13114753365516663,0.17777778208255768,0.11777777969837189
YMR316W,YIR019C,1,-6.4917703,0.14516128599643707,0.20000000298023224,0.11777777969837189
YMR220W,YLR182W,0,-6.5068808,0.1428571492433548,0.20000000298023224,0.11999999731779099
YOR245C,YDL198C,0,-6.507767,0.140625,0.20000000298023224,0.12222222238779068
YFR013W,YGL112C,0,-6.5090523,0.13846154510974884,0.20000000298023224,0.12444444745779037
YOR294W,YDR289C,0,-6.523604,0.13636364042758942,0.20000000298023224,0.12666666507720947
YOL086C,YHL020C,0,-6.5244346,0.13432836532592773,0.20000000298023224,0.12888889014720917
YFL050C,YGR036C,0,-6.525128,0.13235294818878174,0.20000000298023224,0.13111111521720886
YKL020C,YDR407C,0,-6.525231,0.1304347813129425,0.20000000298023224,0.13333334028720856
YOR347C,YNL330C,0,-6.5254383,0.12857143580913544,0.20000000298023224,0.13555555045604706
YHR073W,YGL208W,1,-6.530258,0.14084507524967194,0.2222222238779068,0.13555555045604706
YHR043C,YBR196C,0,-6.5359225,0.1388888955116272,0.2222222238779068,0.13777777552604675
YGR179C,YNL026W,0,-6.537712,0.13698630034923553,0.2222222238779068,0.14000000059604645
YHR158C,YBR093C,0,-6.547838,0.13513512909412384,0.2222222238779068,0.14222222566604614
YHR073W,YOR275C,1,-6.5548143,0.14666666090488434,0.24444444477558136,0.14222222566604614
YBR008C,YPL159C,0,-6.555027,0.14473684132099152,0.24444444477558136,0.14444445073604584
YNL026W,YPR161C,0,-6.5561604,0.1428571492433548,0.24444444477558136,0.14666666090488434
YPR199C,YCL067C,0,-6.561821,0.14102564752101898,0.24444444477558136,0.14888888597488403
YJL134W,YOL135C,0,-6.563951,0.13924050331115723,0.24444444477558136,0.15111111104488373
YLR114C,YDR072C,0,-6.5673275,0.13750000298023224,0.24444444477558136,0.15333333611488342
YBR218C,YMR216C,0,-6.5806656,0.1358024626970291,0.24444444477558136,0.15555556118488312
YFL021W,YHR074W,0,-6.5824156,0.13414634764194489,0.24444444477558136,0.15777777135372162
YHR073W,YJL089W,1,-6.582597,0.14457830786705017,0.2666666805744171,0.15777777135372162
YLR377C,YDR073W,0,-6.5864315,0.1428571492433548,0.2666666805744171,0.1599999964237213
YOL108C,YDR481C,0,-6.5917664,0.1411764770746231,0.2666666805744171,0.162222221493721
YLR107W,YGR099W,0,-6.595658,0.13953489065170288,0.2666666805744171,0.1644444465637207
YEL029C,YDL056W,0,-6.596986,0.13793103396892548,0.2666666805744171,0.1666666716337204
YMR316W,YGL208W,1,-6.5985126,0.14772726595401764,0.2888889014720917,0.1666666716337204
YDL059C,YNL330C,0,-6.6076875,0.14606741070747375,0.2888889014720917,0.1688888818025589
YMR055C,YCL067C,0,-6.621367,0.14444445073604584,0.2888889014720917,0.1711111068725586
YDR318W,YGR296W,0,-6.6305356,0.1428571492433548,0.2888889014720917,0.1733333319425583
YNR032C-A,YCR044C,0,-6.636141,0.14130434393882751,0.2888889014720917,0.17555555701255798
YIL044C,YKL196C,0,-6.6402063,0.13978494703769684,0.2888889014720917,0.17777778208255768
YGL208W,YJL089W,1,-6.646719,0.1489361673593521,0.31111112236976624,0.17777778208255768
YLR399C,YDL097C,0,-6.6490283,0.1473684161901474,0.31111112236976624,0.18000000715255737
YGR218W,YDR394W,0,-6.6562414,0.1458333283662796,0.31111112236976624,0.18222221732139587
YOL016C,YGR113W,0,-6.658675,0.14432989060878754,0.31111112236976624,0.18444444239139557
YGR029W,YIL121W,0,-6.659793,0.1428571492433548,0.31111112236976624,0.18666666746139526
YHR158C,YMR022W,0,-6.6651316,0.14141413569450378,0.31111112236976624,0.18888889253139496
YHR116W,YJR052W,0,-6.673432,0.14000000059604645,0.31111112236976624,0.19111111760139465
YHR091C,YPR108W,0,-6.674185,0.13861386477947235,0.31111112236976624,0.19333332777023315
YIR019C,YGL208W,1,-6.6794415,0.14705882966518402,0.3333333432674408,0.19333332777023315
YGL130W,YIR011C,0,-6.681164,0.1456310749053955,0.3333333432674408,0.19555555284023285
YPR107C,YNR047W,0,-6.6836286,0.14423076808452606,0.3333333432674408,0.19777777791023254
YPR186C,YGL093W,0,-6.6875553,0.1428571492433548,0.3333333432674408,0.20000000298023224
YOR031W,YDR150W,0,-6.69129,0.14150942862033844,0.3333333432674408,0.20222222805023193
YLL003W,YOR295W,0,-6.7000804,0.14018692076206207,0.3333333432674408,0.20444443821907043
YMR198W,YNR032W,0,-6.7069626,0.1388888955116272,0.3333333432674408,0.20666666328907013
YOR080W,YDR392W,1,-6.7079926,0.14678898453712463,0.35555556416511536,0.20666666328907013
YDL105W,YOR269W,0,-6.7170405,0.145454540848732,0.35555556416511536,0.20888888835906982
YMR128W,YMR218C,0,-6.7191772,0.14414414763450623,0.35555556416511536,0.21111111342906952
YBR236C,YHR115C,0,-6.721663,0.1428571492433548,0.35555556416511536,0.2133333384990692
YKR054C,YPR108W,0,-6.7358093,0.14159291982650757,0.35555556416511536,0.21555554866790771
YOR047C,YNL088W,0,-6.7394466,0.14035087823867798,0.35555556416511536,0.2177777737379074
YDL192W,YMR213W,0,-6.7395325,0.13913042843341827,0.35555556416511536,0.2199999988079071
YGL166W,YLR430W,0,-6.7397766,0.13793103396892548,0.35555556416511536,0.2222222238779068
YMR161W,YPL159C,0,-6.7421064,0.1367521435022354,0.35555556416511536,0.2244444489479065
YLR078C,YDL052C,0,-6.7426567,0.1355932205915451,0.35555556416511536,0.2266666740179062
YJR076C,YLR025W,0,-6.7480116,0.13445378839969635,0.35555556416511536,0.2288888841867447
YLR102C,YMR238W,0,-6.7501945,0.13333334028720856,0.35555556416511536,0.23111110925674438
YFR041C,YMR101C,0,-6.7551804,0.13223139941692352,0.35555556416511536,0.23333333432674408
YGR033C,YNL241C,0,-6.762684,0.13114753365516663,0.35555556416511536,0.23555555939674377
YPR082C,YOL067C,0,-6.764752,0.13008129596710205,0.35555556416511536,0.23777778446674347
YBR008C,YMR255W,0,-6.765537,0.12903225421905518,0.35555556416511536,0.23999999463558197
YGR078C,YKR086W,0,-6.7689457,0.12800000607967377,0.35555556416511536,0.24222221970558167
YBR109C,YGR254W,0,-6.771838,0.1269841343164444,0.35555556416511536,0.24444444477558136
YMR065W,YCL061C,0,-6.7754226,0.12598425149917603,0.35555556416511536,0.24666666984558105
YDR168W,YPR161C,0,-6.7756634,0.125,0.35555556416511536,0.24888889491558075
YML057W,YIL061C,0,-6.785099,0.12403100728988647,0.35555556416511536,0.25111111998558044
YFR021W,YBR298C,0,-6.787758,0.1230769231915474,0.35555556416511536,0.25333333015441895
YMR204C,YOL065C,0,-6.790698,0.1221374049782753,0.35555556416511536,0.25555557012557983
YMR213W,YMR026C,0,-6.802149,0.12121212482452393,0.35555556416511536,0.25777778029441833
YOR279C,YNL334C,0,-6.8051724,0.12030075490474701,0.35555556416511536,0.25999999046325684
YLR229C,YDR379W,1,-6.8053613,0.1268656700849533,0.3777777850627899,0.25999999046325684
YDL058W,YLR200W,0,-6.8203187,0.1259259283542633,0.3777777850627899,0.2622222304344177
YJL003W,YGL212W,0,-6.8255033,0.125,0.3777777850627899,0.2644444406032562
YNL325C,YKL032C,0,-6.826894,0.12408759444952011,0.3777777850627899,0.2666666805744171
YAL013W,YGL115W,0,-6.831406,0.12318840622901917,0.3777777850627899,0.2688888907432556
YGL243W,YIL173W,0,-6.833258,0.12230215966701508,0.3777777850627899,0.2711111009120941
YPR185W,YIR023W,0,-6.834341,0.12142857164144516,0.3777777850627899,0.273333340883255
YDR488C,YCR077C,0,-6.8359394,0.12056737393140793,0.3777777850627899,0.2755555510520935
YPR183W,YCR024C-A,0,-6.8429146,0.11971831321716309,0.3777777850627899,0.2777777910232544
YPL118W,YBL025W,0,-6.8503494,0.11888112127780914,0.3777777850627899,0.2800000011920929
YOR275C,YJL089W,1,-6.850801,0.125,0.4000000059604645,0.2800000011920929
YGL208W,YDR392W,1,-6.863085,0.1310344785451889,0.42222222685813904,0.2800000011920929
YLR216C,YNL267W,0,-6.863385,0.13013698160648346,0.42222222685813904,0.2822222113609314
YER093C,YMR197C,0,-6.866832,0.12925170361995697,0.42222222685813904,0.2844444513320923
YDR059C,YDR486C,0,-6.868868,0.12837837636470795,0.42222222685813904,0.2866666615009308
YNL242W,YGR057C,0,-6.8771815,0.12751677632331848,0.42222222685813904,0.2888889014720917
YGL143C,YDR259C,0,-6.8776097,0.12666666507720947,0.42222222685813904,0.2911111116409302
YDR151C,YCL063W,0,-6.88103,0.125827819108963,0.42222222685813904,0.2933333218097687
YOR067C,YOR162C,0,-6.8925257,0.125,0.42222222685813904,0.29555556178092957
YKL068W,YLR357W,0,-6.899497,0.12418300658464432,0.42222222685813904,0.29777777194976807
YDR481C,YPL176C,0,-6.8996696,0.12337662279605865,0.42222222685813904,0.30000001192092896
YOR049C,YLR354C,0,-6.9019823,0.1225806474685669,0.42222222685813904,0.30222222208976746
YDR085C,YBR272C,0,-6.9034867,0.12179487198591232,0.42222222685813904,0.30444443225860596
YIL035C,YBR179C,0,-6.9104004,0.12101911008358002,0.42222222685813904,0.30666667222976685
YAL032C,YMR075W,0,-6.910437,0.12025316804647446,0.42222222685813904,0.30888888239860535
YLR109W,YBL047C,0,-6.9112186,0.11949685215950012,0.42222222685813904,0.31111112236976624
YDR270W,YPL231W,0,-6.9164233,0.11874999850988388,0.42222222685813904,0.31333333253860474
YGR028W,YMR022W,0,-6.917187,0.11801242083311081,0.42222222685813904,0.31555554270744324
YOR080W,YJL089W,1,-6.923151,0.12345679104328156,0.4444444477558136,0.31555554270744324
YFR041C,YIR011C,0,-6.9251957,0.12269938737154007,0.4444444477558136,0.3177777826786041
YKL026C,YML062C,0,-6.926746,0.12195122241973877,0.4444444477558136,0.3199999928474426
YJL091C,YMR204C,0,-6.927012,0.12121212482452393,0.4444444477558136,0.3222222328186035
YPL118W,YEL041W,0,-6.927029,0.1204819306731224,0.4444444477558136,0.324444442987442
YIR019C,YJL089W,1,-6.9288173,0.12574850022792816,0.46666666865348816,0.324444442987442
YKL017C,YOR049C,0,-6.934125,0.125,0.46666666865348816,0.3266666531562805
YGR072W,YKL196C,0,-6.9388804,0.12426035851240158,0.46666666865348816,0.3288888931274414
YLR229C,YOR080W,1,-6.9400144,0.12941177189350128,0.4888888895511627,0.3288888931274414
YGR083C,YDR135C,0,-6.94118,0.12865497171878815,0.4888888895511627,0.3311111032962799
YJR076C,YDR323C,0,-6.942416,0.12790697813034058,0.4888888895511627,0.3333333432674408
YIL138C,YHR161C,0,-6.949649,0.12716762721538544,0.4888888895511627,0.3355555534362793
YHR143W,YMR293C,0,-6.949826,0.12643678486347198,0.4888888895511627,0.3377777636051178
YFR048W,YPL232W,0,-6.9542027,0.1257142871618271,0.4888888895511627,0.3400000035762787
YMR179W,YEL012W,0,-6.954633,0.125,0.4888888895511627,0.3422222137451172
YMR277W,YHR165C,0,-6.9557295,0.12429378181695938,0.4888888895511627,0.3444444537162781
YMR316W,YHR073W,1,-6.956273,0.12921348214149475,0.5111111402511597,0.3444444537162781
YMR316W,YJL089W,1,-6.959387,0.1340782195329666,0.5333333611488342,0.3444444537162781
YLR022C,YPL041C,0,-6.9594464,0.13333334028720856,0.5333333611488342,0.3466666638851166
YLR295C,YER110C,0,-6.959976,0.1325966864824295,0.5333333611488342,0.3488888740539551
YOR330C,YLR360W,0,-6.9601955,0.1318681389093399,0.5333333611488342,0.35111111402511597
YMR213W,YER049W,0,-6.965118,0.13114753365516663,0.5333333611488342,0.35333332419395447
YER073W,YLR193C,0,-6.9675136,0.1304347813129425,0.5333333611488342,0.35555556416511536
YCR055C,YEL024W,0,-6.968798,0.1297297328710556,0.5333333611488342,0.35777777433395386
YDR345C,YIL121W,0,-6.9724703,0.12903225421905518,0.5333333611488342,0.36000001430511475
YDR379W,YGL208W,1,-6.9803705,0.13368983566761017,0.5555555820465088,0.36000001430511475
YOR080W,YGL208W,1,-6.9807606,0.13829787075519562,0.5777778029441833,0.36000001430511475
YHR143W,YBR273C,0,-6.985002,0.13756613433361053,0.5777778029441833,0.36222222447395325
YMR023C,YLR298C,0,-6.9888806,0.13684210181236267,0.5777778029441833,0.36444443464279175
YBR200W,YAL035W,0,-6.992497,0.13612565398216248,0.5777778029441833,0.36666667461395264
YHL020C,YNR032W,0,-7.002363,0.1354166716337204,0.5777778029441833,0.36888888478279114
YIL044C,YDR419W,0,-7.0073595,0.1347150206565857,0.5777778029441833,0.371111124753952
YDR231C,YML062C,0,-7.011488,0.1340206116437912,0.5777778029441833,0.3733333349227905
YDR379W,YDR392W,1,-7.0123796,0.13846154510974884,0.6000000238418579,0.3733333349227905
YIL098C,YGR133W,0,-7.0125513,0.13775509595870972,0.6000000238418579,0.37555554509162903
YKL179C,YLR378C,0,-7.014539,0.13705584406852722,0.6000000238418579,0.3777777850627899
YER133W,YCL061C,0,-7.0154886,0.13636364042758942,0.6000000238418579,0.3799999952316284
YNL325C,YJR086W,0,-7.0162063,0.13567839562892914,0.6000000238418579,0.3822222352027893
YOR194C,YOR287C,0,-7.0169954,0.13500000536441803,0.6000000238418579,0.3844444453716278
YBR199W,YOR194C,0,-7.0221004,0.13432836532592773,0.6000000238418579,0.3866666555404663
YDR251W,YDR322C-A,0,-7.0221996,0.1336633712053299,0.6000000238418579,0.3888888955116272
YDR221W,YCR044C,0,-7.023949,0.13300491869449615,0.6000000238418579,0.3911111056804657
YMR316W,YOR275C,1,-7.028826,0.13725490868091583,0.6222222447395325,0.3911111056804657
YDR184C,YLR193C,0,-7.028984,0.13658536970615387,0.6222222447395325,0.3933333456516266
YNR032C-A,YOR194C,0,-7.033571,0.13592232763767242,0.6222222447395325,0.3955555558204651
YBR050C,YKR008W,0,-7.0347013,0.13526569306850433,0.6222222447395325,0.3977777659893036
YFR014C,YDR460W,0,-7.043019,0.13461539149284363,0.6222222447395325,0.4000000059604645
YHL006C,YMR117C,0,-7.0430307,0.13397128880023956,0.6222222447395325,0.402222216129303
YDR264C,YMR013C,0,-7.0434103,0.13333334028720856,0.6222222447395325,0.40444445610046387
YER093C,YNR064C,0,-7.043663,0.13270142674446106,0.6222222447395325,0.40666666626930237
YDR091C,YOR087W,0,-7.0457454,0.1320754736661911,0.6222222447395325,0.40888887643814087
YFL011W-A,YDR478W,0,-7.045974,0.13145539164543152,0.6222222447395325,0.41111111640930176
YGL092W,YOR089C,0,-7.0494466,0.13084112107753754,0.6222222447395325,0.41333332657814026
YER073W,YER075C,0,-7.051161,0.1302325576543808,0.6222222447395325,0.41555556654930115
YOR224C,YHR135C,0,-7.0615726,0.12962962687015533,0.6222222447395325,0.41777777671813965
YHR115C,YOR261C,0,-7.066827,0.12903225421905518,0.6222222447395325,0.41999998688697815
YER062C,YOL122C,0,-7.0682364,0.12844036519527435,0.6222222447395325,0.42222222685813904
YDL148C,YOR068C,0,-7.0703306,0.1278538852930069,0.6222222447395325,0.42444443702697754
YOR080W,YDR379W,1,-7.0706377,0.13181817531585693,0.644444465637207,0.42444443702697754
YJR144W,YKL058W,0,-7.0732994,0.1312217265367508,0.644444465637207,0.4266666769981384
YGL166W,YGR028W,0,-7.077074,0.13063062727451324,0.644444465637207,0.42888888716697693
YJR143C,YIL023C,0,-7.0781736,0.1300448477268219,0.644444465637207,0.43111109733581543
YDR072C,YGL115W,0,-7.0794907,0.1294642835855484,0.644444465637207,0.4333333373069763
YMR080C,YLR312C-B,0,-7.0818453,0.12888889014720917,0.644444465637207,0.4355555474758148
YBR109C,YHR043C,0,-7.083123,0.12831857800483704,0.644444465637207,0.4377777874469757
YBR286W,YBR109C,0,-7.08404,0.12775330245494843,0.644444465637207,0.4399999976158142
YPR183W,YDR115W,0,-7.084358,0.12719298899173737,0.644444465637207,0.4422222077846527
YNL123W,YFL002W-A,0,-7.085381,0.1266375482082367,0.644444465637207,0.4444444477558136
YBR102C,YER160C,0,-7.0853915,0.12608695030212402,0.644444465637207,0.4466666579246521
YGL005C,YHL006C,0,-7.0874825,0.12554112076759338,0.644444465637207,0.448888897895813
YMR138W,YIL002C,0,-7.09064,0.125,0.644444465637207,0.4511111080646515
YOL112W,YDR217C,0,-7.0908613,0.1244635209441185,0.644444465637207,0.4533333480358124
YLR163C,YCR066W,0,-7.092179,0.12393162399530411,0.644444465637207,0.4555555582046509
YPL171C,YMR293C,0,-7.092231,0.12340425699949265,0.644444465637207,0.4577777683734894
YBR109C,YDR040C,0,-7.092641,0.12288135290145874,0.644444465637207,0.46000000834465027
YGL018C,YOR075W,0,-7.095918,0.12236286699771881,0.644444465637207,0.46222221851348877
YCR089W,YER160C,0,-7.0961437,0.12184873968362808,0.644444465637207,0.46444445848464966
YDR382W,YMR089C,0,-7.0968695,0.12133891135454178,0.644444465637207,0.46666666865348816
YDR224C,YDR447C,0,-7.099529,0.12083332985639572,0.644444465637207,0.46888887882232666
YLR229C,YJL089W,1,-7.1046114,0.12448132783174515,0.6666666865348816,0.46888887882232666
YKL182W,YLR467W,0,-7.1064396,0.12396693974733353,0.6666666865348816,0.47111111879348755
YHR072W-A,YML052W,0,-7.109778,0.12345679104328156,0.6666666865348816,0.47333332896232605
YKL206C,YGR296W,0,-7.116864,0.12295082211494446,0.6666666865348816,0.47555556893348694
YPR186C,YER173W,0,-7.1213703,0.12244898080825806,0.6666666865348816,0.47777777910232544
YLR229C,YGL208W,1,-7.124688,0.1260162591934204,0.6888889074325562,0.47777777910232544
YPL204W,YPL154C,0,-7.125027,0.12550607323646545,0.6888889074325562,0.47999998927116394
YML008C,YAL007C,0,-7.1274853,0.125,0.6888889074325562,0.48222222924232483
YCL061C,YDR135C,0,-7.137882,0.12449799478054047,0.6888889074325562,0.48444443941116333
YLR417W,YBL005W-B,0,-7.139775,0.12399999797344208,0.6888889074325562,0.4866666793823242
YDL149W,YDR170W-A,0,-7.143167,0.12350597977638245,0.6888889074325562,0.4888888895511627
YJL048C,YPR158W-B,0,-7.14496,0.1230158731341362,0.6888889074325562,0.4911110997200012
YDR040C,YKL173W,0,-7.145834,0.12252964079380035,0.6888889074325562,0.4933333396911621
YHR102W,YLR410W-A,0,-7.1458797,0.12204724550247192,0.6888889074325562,0.4955555498600006
YGR254W,YGR161C-C,0,-7.1460695,0.12156862765550613,0.6888889074325562,0.4977777898311615
YDR025W,YHL009W-B,0,-7.146136,0.12109375,0.6888889074325562,0.5
YDR264C,YGR038C-A,0,-7.1462755,0.12062256783246994,0.6888889074325562,0.5022222399711609
YMR190C,YDR098C-A,0,-7.1463127,0.12015503644943237,0.6888889074325562,0.504444420337677
YAL026C,YNL284C-B,0,-7.1464963,0.11969111859798431,0.6888889074325562,0.5066666603088379
YJL031C,YPL257W-A,0,-7.1468678,0.11923076957464218,0.6888889074325562,0.5088889002799988
YPL266W,YNR064C,0,-7.146922,0.1187739446759224,0.6888889074325562,0.5111111402511597
YMR156C,YLR157C-B,0,-7.147748,0.11832061409950256,0.6888889074325562,0.5133333206176758
YHR061C,YDR014W-A,0,-7.1485853,0.11787072569131851,0.6888889074325562,0.5155555605888367
YML014W,YPR036W-A,0,-7.1485853,0.11742424219846725,0.6888889074325562,0.5177778005599976
YLR353W,YHL009W-A,0,-7.1485853,0.1169811338186264,0.6888889074325562,0.5199999809265137
YDR329C,YLR157C-A,0,-7.1485853,0.11654135584831238,0.6888889074325562,0.5222222208976746
YGL005C,YDR210W-A,0,-7.1490793,0.11610487103462219,0.6888889074325562,0.5244444608688354
YHR005C,YDR098C-A,0,-7.149371,0.11567164212465286,0.6888889074325562,0.5266666412353516
YLR385C,YNL284C-B,0,-7.149536,0.115241639316082,0.6888889074325562,0.5288888812065125
YLR214W,YDR034C-D,0,-7.149618,0.11481481790542603,0.6888889074325562,0.5311111211776733
YDR162C,YDR034C-D,0,-7.149714,0.11439114063978195,0.6888889074325562,0.5333333611488342
YEL029C,YGR161C-C,0,-7.150335,0.11397058516740799,0.6888889074325562,0.5355555415153503
YHR092C,YLR410W-A,0,-7.150737,0.11355311423540115,0.6888889074325562,0.5377777814865112
YFL055W,YPR120C,0,-7.152895,0.11313868314027786,0.6888889074325562,0.5400000214576721
YLR098C,YNL093W,0,-7.156741,0.11272726953029633,0.6888889074325562,0.5422222018241882
YLR022C,YER100W,0,-7.159452,0.11231884360313416,0.6888889074325562,0.5444444417953491
YPR120C,YBR188C,0,-7.16032,0.11191336065530777,0.6888889074325562,0.54666668176651
YGL247W,YKR060W,0,-7.1608787,0.11151079088449478,0.6888889074325562,0.5488888621330261
YBR179C,YKR025W,0,-7.162684,0.1111111119389534,0.6888889074325562,0.551111102104187
YDR151C,YER190W,0,-7.164814,0.11071428656578064,0.6888889074325562,0.5533333420753479
YDR173C,YKR042W,0,-7.1696997,0.11032028496265411,0.6888889074325562,0.5555555820465088
YKL101W,YDR353W,0,-7.171524,0.10992907732725143,0.6888889074325562,0.5577777624130249
YER054C,YDL105W,0,-7.175079,0.10954063385725021,0.6888889074325562,0.5600000023841858
YAL007C,YGR099W,0,-7.1796455,0.10915493220090866,0.6888889074325562,0.5622222423553467
YAL015C,YOL069W,0,-7.1810894,0.1087719276547432,0.6888889074325562,0.5644444227218628
YPL254W,YML045W,0,-7.1814594,0.10839160531759262,0.6888889074325562,0.5666666626930237
YOR083W,YNR064C,0,-7.182065,0.10801393538713455,0.6888889074325562,0.5688889026641846
YJL094C,YJL134W,0,-7.184925,0.1076388880610466,0.6888889074325562,0.5711110830307007
YBR175W,YJL045W,0,-7.1877203,0.10726643353700638,0.6888889074325562,0.5733333230018616
YER054C,YAR031W,0,-7.1884108,0.1068965494632721,0.6888889074325562,0.5755555629730225
YJR144W,YFL035C,0,-7.189285,0.10652920603752136,0.6888889074325562,0.5777778029441833
YNR075W,YNL241C,0,-7.1925497,0.10616438090801239,0.6888889074325562,0.5799999833106995
YOR295W,YOR338W,0,-7.194236,0.10580204427242279,0.6888889074325562,0.5822222232818604
YMR281W,YDR486C,0,-7.194319,0.10544217377901077,0.6888889074325562,0.5844444632530212
YLR170C,YFL011W-A,0,-7.2007093,0.10508474707603455,0.6888889074325562,0.5866666436195374
YOR080W,YIR019C,1,-7.200942,0.10810811072587967,0.7111111283302307,0.5866666436195374
YHR143W,YLR214W,0,-7.201309,0.10774410516023636,0.7111111283302307,0.5888888835906982
YJL134W,YBL046W,0,-7.2037826,0.10738255083560944,0.7111111283302307,0.5911111235618591
YDR318W,YDL058W,0,-7.2091503,0.10702341049909592,0.7111111283302307,0.5933333039283752
YNL016W,YPR132W,0,-7.214394,0.1066666692495346,0.7111111283302307,0.5955555438995361
YJL031C,YMR218C,0,-7.2237215,0.10631228983402252,0.7111111283302307,0.597777783870697
YBR256C,YPR086W,0,-7.2242556,0.10596026480197906,0.7111111283302307,0.6000000238418579
YML008C,YOR288C,0,-7.228475,0.10561056435108185,0.7111111283302307,0.602222204208374
YPL094C,YGR197C,0,-7.230338,0.10526315867900848,0.7111111283302307,0.6044444441795349
YJL114W,YOR287C,0,-7.2308817,0.10491803288459778,0.7111111283302307,0.6066666841506958
YPR183W,YDR314C,0,-7.2314215,0.10457516461610794,0.7111111283302307,0.6088888645172119
YAR007C,YPL232W,0,-7.2322927,0.10423452407121658,0.7111111283302307,0.6111111044883728
YDL137W,YNR010W,0,-7.235761,0.10389610379934311,0.7111111283302307,0.6133333444595337
YKL200C,YMR089C,0,-7.239684,0.10355987399816513,0.7111111283302307,0.6155555844306946
YGR109C,YER160C,0,-7.2444453,0.10322580486536026,0.7111111283302307,0.6177777647972107
YDR447C,YDR289C,0,-7.250058,0.1028938889503479,0.7111111283302307,0.6200000047683716
YGR217W,YFR005C,0,-7.250693,0.10256410390138626,0.7111111283302307,0.6222222447395325
YLR229C,YMR316W,1,-7.251079,0.10543131083250046,0.7333333492279053,0.6222222447395325
YFL011W-A,YIL155C,0,-7.2532763,0.10509554296731949,0.7333333492279053,0.6244444251060486
YLR170C,YJR137C,0,-7.256137,0.10476190596818924,0.7333333492279053,0.6266666650772095
YGL167C,YPR074C,0,-7.2651305,0.10443037748336792,0.7333333492279053,0.6288889050483704
YBR023C,YKL017C,0,-7.265233,0.10410095006227493,0.7333333492279053,0.6311110854148865
YPL154C,YOL072W,0,-7.26637,0.1037735864520073,0.7333333492279053,0.6333333253860474
YFL056C,YMR076C,0,-7.2664437,0.1034482792019844,0.7333333492279053,0.6355555653572083
YKR025W,YGR296W,0,-7.27001,0.10312499850988388,0.7333333492279053,0.6377778053283691
YIL016W,YBR198C,0,-7.272356,0.10280373692512512,0.7333333492279053,0.6399999856948853
YMR128W,YCL008C,0,-7.27287,0.10248447209596634,0.7333333492279053,0.6422222256660461
YIR019C,YOR275C,1,-7.278999,0.10526315867900848,0.7555555701255798,0.6422222256660461
YJR132W,YDL201W,0,-7.2791343,0.10493826866149902,0.7555555701255798,0.644444465637207
YCL025C,YBR131W,0,-7.279931,0.10461538285017014,0.7555555701255798,0.6466666460037231
YIR019C,YDR379W,1,-7.2800484,0.10736196488142014,0.7777777910232544,0.6466666460037231
YAL013W,YKR042W,0,-7.280973,0.1070336401462555,0.7777777910232544,0.648888885974884
YPL084W,YDR013W,0,-7.287472,0.10670731961727142,0.7777777910232544,0.6511111259460449
YFL055W,YLR385C,0,-7.2881374,0.10638298094272614,0.7777777910232544,0.653333306312561
YDR298C,YLR214W,0,-7.2892666,0.10606060922145844,0.7777777910232544,0.6555555462837219
YDR507C,YNR026C,0,-7.2902937,0.10574018210172653,0.7777777910232544,0.6577777862548828
YCR091W,YBR199W,0,-7.2926455,0.10542168468236923,0.7777777910232544,0.6600000262260437
YLR206W,YIL039W,0,-7.2934856,0.10510510206222534,0.7777777910232544,0.6622222065925598
YGR133W,YMR227C,0,-7.294408,0.10479041934013367,0.7777777910232544,0.6644444465637207
YNR032W,YJL025W,0,-7.2957754,0.10447761416435242,0.7777777910232544,0.6666666865348816
YML008C,YKL068W,0,-7.2969294,0.1041666641831398,0.7777777910232544,0.6688888669013977
YGR036C,YDL235C,0,-7.2978725,0.10385756939649582,0.7777777910232544,0.6711111068725586
YLR423C,YLR078C,0,-7.303502,0.10355029255151749,0.7777777910232544,0.6733333468437195
YNR016C,YGL158W,0,-7.3085375,0.1032448410987854,0.7777777910232544,0.6755555272102356
YPL149W,YGR213C,0,-7.314843,0.10294117778539658,0.7777777910232544,0.6777777671813965
YDR138W,YEL037C,0,-7.317851,0.10263929516077042,0.7777777910232544,0.6800000071525574
YGL167C,YBR130C,0,-7.3202596,0.10233917832374573,0.7777777910232544,0.6822222471237183
YOR239W,YBR093C,0,-7.3208294,0.10204081982374191,0.7777777910232544,0.6844444274902344
YPR110C,YBL005W-B,0,-7.3262777,0.10174418240785599,0.7777777910232544,0.6866666674613953
YBR093C,YOR194C,0,-7.326545,0.10144927352666855,0.7777777910232544,0.6888889074325562
YCR057C,YPL276W,0,-7.3292847,0.1011560708284378,0.7777777910232544,0.6911110877990723
YML095C,YBR172C,0,-7.33235,0.10086455196142197,0.7777777910232544,0.6933333277702332
YDL143W,YNL192W,0,-7.3324676,0.10057470947504044,0.7777777910232544,0.695555567741394
YMR213W,YLR044C,0,-7.3439093,0.10028653591871262,0.7777777910232544,0.6977777481079102
YJL122W,YPR078C,0,-7.3441305,0.10000000149011612,0.7777777910232544,0.699999988079071
YFR024C-A,YJL041W,0,-7.3441644,0.09971509873867035,0.7777777910232544,0.7022222280502319
YGR140W,YLR354C,0,-7.3472376,0.09943182021379471,0.7777777910232544,0.7044444680213928
YKL204W,YHR096C,0,-7.3536215,0.0991501435637474,0.7777777910232544,0.7066666483879089
YPL061W,YJR073C,0,-7.3616457,0.09887005388736725,0.7777777910232544,0.7088888883590698
YBR050C,YMR227C,0,-7.3617754,0.09859155118465424,0.7777777910232544,0.7111111283302307
YFR021W,YEL029C,0,-7.36205,0.09831460565328598,0.7777777910232544,0.7133333086967468
YOL108C,YNL123W,0,-7.3659225,0.09803921729326248,0.7777777910232544,0.7155555486679077
YER001W,YMR143W,0,-7.378834,0.09776536375284195,0.7777777910232544,0.7177777886390686
YMR316W,YDR379W,1,-7.3838644,0.10027854889631271,0.800000011920929,0.7177777886390686
YKR034W,YHR005C,0,-7.3859396,0.10000000149011612,0.800000011920929,0.7200000286102295
YMR092C,YDR168W,0,-7.3883667,0.09972298890352249,0.800000011920929,0.7222222089767456
YMR005W,YDR341C,0,-7.3957124,0.09944751113653183,0.800000011920929,0.7244444489479065
YLR078C,YOR136W,0,-7.398864,0.09917355328798294,0.800000011920929,0.7266666889190674
YGR109C,YML046W,0,-7.400671,0.09890110045671463,0.800000011920929,0.7288888692855835
YLR197W,YBR012W-B,0,-7.407229,0.0986301377415657,0.800000011920929,0.7311111092567444
YLR229C,YHR073W,1,-7.408835,0.10109289735555649,0.8222222328186035,0.7311111092567444
YAR015W,YKL017C,0,-7.4192038,0.10081744194030762,0.8222222328186035,0.7333333492279053
YLR109W,YMR001C,0,-7.422638,0.10054347664117813,0.8222222328186035,0.7355555295944214
YPL170W,YKL006C-A,0,-7.432642,0.10027100145816803,0.8222222328186035,0.7377777695655823
YBR102C,YMR113W,0,-7.4377184,0.10000000149011612,0.8222222328186035,0.7400000095367432
YBR160W,YIL125W,0,-7.4384756,0.0997304618358612,0.8222222328186035,0.742222249507904
YPR023C,YAL007C,0,-7.4408455,0.0994623675942421,0.8222222328186035,0.7444444298744202
YIR019C,YDR392W,1,-7.44281,0.10187667608261108,0.8444444537162781,0.7444444298744202
YPR023C,YDR189W,0,-7.456925,0.10160427540540695,0.8444444537162781,0.746666669845581
YDR189W,YNR064C,0,-7.459588,0.10133333504199982,0.8444444537162781,0.7488889098167419
YDL079C,YDR135C,0,-7.4615526,0.10106383264064789,0.8444444537162781,0.7511110901832581
YLR044C,YAR042W,0,-7.4743614,0.10079575330018997,0.8444444537162781,0.753333330154419
YPL015C,YOR001W,0,-7.475644,0.10052909702062607,0.8444444537162781,0.7555555701255798
YLR438C-A,YHR204W,0,-7.4823227,0.10026384890079498,0.8444444537162781,0.757777750492096
YAR018C,YGR156W,0,-7.484016,0.10000000149011612,0.8444444537162781,0.7599999904632568
YGL143C,YKR060W,0,-7.488071,0.09973753243684769,0.8444444537162781,0.7622222304344177
YLR229C,YDR392W,1,-7.4896502,0.10209424048662186,0.8666666746139526,0.7622222304344177
YDR379W,YJL089W,1,-7.489866,0.10443864017724991,0.8888888955116272,0.7622222304344177
YKL092C,YML107C,0,-7.4933853,0.1041666641831398,0.8888888955116272,0.7644444704055786
YGR036C,YNR038W,0,-7.494689,0.10389610379934311,0.8888888955116272,0.7666666507720947
YOL165C,YOR058C,0,-7.496659,0.10362694412469864,0.8888888955116272,0.7688888907432556
YHR143W,YBR143C,0,-7.503065,0.1033591702580452,0.8888888955116272,0.7711111307144165
YJR092W,YKL046C,0,-7.5065465,0.10309278219938278,0.8888888955116272,0.7733333110809326
YLR268W,YDL092W,0,-7.5075707,0.1028277650475502,0.8888888955116272,0.7755555510520935
YGR245C,YDR478W,0,-7.515518,0.10256410390138626,0.8888888955116272,0.7777777910232544
YER029C,YNL202W,0,-7.517972,0.10230179131031036,0.8888888955116272,0.7799999713897705
YNL159C,YOR359W,0,-7.524077,0.10204081982374191,0.8888888955116272,0.7822222113609314
YJR137C,YHR061C,0,-7.5471983,0.10178116708993912,0.8888888955116272,0.7844444513320923
YLR438C-A,YDR005C,0,-7.5494614,0.10152284055948257,0.8888888955116272,0.7866666913032532
YMR190C,YGR272C,0,-7.5497093,0.10126582533121109,0.8888888955116272,0.7888888716697693
YKL141W,YDR346C,0,-7.552553,0.10101009905338287,0.8888888955116272,0.7911111116409302
YDR151C,YNL113W,0,-7.562095,0.10075566917657852,0.8888888955116272,0.7933333516120911
YGL251C,YBR143C,0,-7.5691566,0.10050251334905624,0.8888888955116272,0.7955555319786072
YMR128W,YOL110W,0,-7.5700274,0.10025062412023544,0.8888888955116272,0.7977777719497681
YNL229C,YHR196W,0,-7.57681,0.10000000149011612,0.8888888955116272,0.800000011920929
YGL254W,YKL006C-A,0,-7.58041,0.09975062310695648,0.8888888955116272,0.8022222518920898
YCL035C,YGL144C,0,-7.5821514,0.09950248897075653,0.8888888955116272,0.804444432258606
YGL190C,YCL040W,0,-7.583292,0.09925558418035507,0.8888888955116272,0.8066666722297668
YJR137C,YML103C,0,-7.5911407,0.09900990128517151,0.8888888955116272,0.8088889122009277
YER110C,YKR086W,0,-7.601207,0.09876543283462524,0.8888888955116272,0.8111110925674438
YFR050C,YGL115W,0,-7.6075063,0.09852216392755508,0.8888888955116272,0.8133333325386047
YJR143C,YEL020W-A,0,-7.6081066,0.09828009456396103,0.8888888955116272,0.8155555725097656
YMR211W,YOL065C,0,-7.6086063,0.09803921729326248,0.8888888955116272,0.8177777528762817
YMR198W,YAR031W,0,-7.6138744,0.09779950976371765,0.8888888955116272,0.8199999928474426
YPL118W,YNL113W,0,-7.6148043,0.09756097197532654,0.8888888955116272,0.8222222328186035
YNL074C,YPL097W,0,-7.6342034,0.09732360392808914,0.8888888955116272,0.8244444727897644
YNL202W,YOR359W,0,-7.6403794,0.09708737581968307,0.8888888955116272,0.8266666531562805
YDR518W,YKL101W,0,-7.640747,0.09685230255126953,0.8888888955116272,0.8288888931274414
YPL121C,YMR260C,0,-7.65124,0.09661835432052612,0.8888888955116272,0.8311111330986023
YLR397C,YGR188C,0,-7.653269,0.09638553857803345,0.8888888955116272,0.8333333134651184
YHR142W,YLR214W,0,-7.6672072,0.09615384787321091,0.8888888955116272,0.8355555534362793
YOR080W,YHR073W,1,-7.670554,0.0983213409781456,0.9111111164093018,0.8355555534362793
YML102W,YER049W,0,-7.676708,0.09808612614870071,0.9111111164093018,0.8377777934074402
YHL003C,YLR386W,0,-7.6866035,0.09785202890634537,0.9111111164093018,0.8399999737739563
YOR046C,YMR013C,0,-7.688713,0.09761904925107956,0.9111111164093018,0.8422222137451172
YMR030W,YGR245C,0,-7.6991014,0.0973871722817421,0.9111111164093018,0.8444444537162781
YDL148C,YPR031W,0,-7.7028093,0.09715639799833298,0.9111111164093018,0.846666693687439
YJL036W,YPL237W,0,-7.7053266,0.09692671149969101,0.9111111164093018,0.8488888740539551
YCL035C,YFR050C,0,-7.7078047,0.09669811278581619,0.9111111164093018,0.851111114025116
YPL061W,YDR138W,0,-7.712929,0.09647058695554733,0.9111111164093018,0.8533333539962769
YPL061W,YOR115C,0,-7.717538,0.09624413400888443,0.9111111164093018,0.855555534362793
YNL073W,YDR382W,0,-7.7244844,0.09601873904466629,0.9111111164093018,0.8577777743339539
YDR379W,YOR275C,1,-7.726181,0.09813084453344345,0.9333333373069763,0.8577777743339539
YLR229C,YIR019C,1,-7.7264028,0.10023310035467148,0.9555555582046509,0.8577777743339539
YMR026C,YDL052C,0,-7.7295427,0.10000000149011612,0.9555555582046509,0.8600000143051147
YBR286W,YJL013C,0,-7.7389297,0.09976798295974731,0.9555555582046509,0.8622221946716309
YFR021W,YJL191W,0,-7.739901,0.09953703731298447,0.9555555582046509,0.8644444346427917
YLR210W,YDR082W,0,-7.745348,0.09930715709924698,0.9555555582046509,0.8666666746139526
YIR019C,YHR073W,1,-7.758484,0.10138248652219772,0.9777777791023254,0.8666666746139526
YLL015W,YDR478W,0,-7.759186,0.10114942491054535,0.9777777791023254,0.8688889145851135
YCL061C,YGL143C,0,-7.762122,0.10091742873191833,0.9777777791023254,0.8711110949516296
YMR275C,YGR108W,0,-7.763599,0.10068649798631668,0.9777777791023254,0.8733333349227905
YLR266C,YEL037C,0,-7.770276,0.1004566177725792,0.9777777791023254,0.8755555748939514
YLR229C,YOR275C,1,-7.783364,0.10250569134950638,1.0,0.8755555748939514
YDL227C,YPR075C,0,-7.785235,0.10227272659540176,1.0,0.8777777552604675
YDR108W,YOR321W,0,-7.7939267,0.10204081982374191,1.0,0.8799999952316284
YJR073C,YER075C,0,-7.8122487,0.10180995613336563,1.0,0.8822222352027893
YFR030W,YLR378C,0,-7.8222494,0.10158013552427292,1.0,0.8844444155693054
YGL158W,YDR025W,0,-7.8261404,0.10135135054588318,1.0,0.8866666555404663
YJR143C,YPR108W,0,-7.826532,0.10112359374761581,1.0,0.8888888955116272
YPR005C,YDR091C,0,-7.8270392,0.10089685767889023,1.0,0.8911111354827881
YKR086W,YKL148C,0,-7.868144,0.10067114233970642,1.0,0.8933333158493042
YLR098C,YJR073C,0,-7.8685126,0.1004464253783226,1.0,0.8955555558204651
YPR164W,YDR025W,0,-7.8706617,0.10022271424531937,1.0,0.897777795791626
YGR230W,YDR245W,0,-7.8718176,0.10000000149011612,1.0,0.8999999761581421
YKR067W,YNL186W,0,-7.896631,0.09977827221155167,1.0,0.902222216129303
YOL165C,YHR152W,0,-7.9244013,0.09955751895904541,1.0,0.9044444561004639
YBR042C,YML001W,0,-7.9247637,0.09933774918317795,1.0,0.9066666960716248
YPL231W,YEL037C,0,-7.927642,0.09911894053220749,1.0,0.9088888764381409
YGL243W,YHR196W,0,-7.9564333,0.09890110045671463,1.0,0.9111111164093018
YDL083C,YKL173W,0,-7.9801807,0.09868421405553818,1.0,0.9133333563804626
YJL134W,YKR060W,0,-7.9977407,0.09846827387809753,1.0,0.9155555367469788
YPR183W,YDL013W,0,-8.000634,0.0982532724738121,1.0,0.9177777767181396
YLR150W,YOL128C,0,-8.001096,0.09803921729326248,1.0,0.9200000166893005
YAR015W,YLL022C,0,-8.028739,0.09782608598470688,1.0,0.9222221970558167
YJL002C,YBR143C,0,-8.044968,0.09761388599872589,1.0,0.9244444370269775
YGR109C,YOR224C,0,-8.0515785,0.09740259498357773,1.0,0.9266666769981384
YER110C,YBR188C,0,-8.053404,0.09719222784042358,1.0,0.9288889169692993
YKL101W,YDR037W,0,-8.06627,0.09698276221752167,1.0,0.9311110973358154
YDL148C,YOR269W,0,-8.069391,0.09677419066429138,1.0,0.9333333373069763
YEL054C,YIL126W,0,-8.090238,0.09656652063131332,1.0,0.9355555772781372
YGR109C,YIL117C,0,-8.097375,0.0963597446680069,1.0,0.9377777576446533
YIL002C,YBR084W,0,-8.104714,0.09615384787321091,1.0,0.9399999976158142
YHR005C,YDL084W,0,-8.153824,0.09594883024692535,1.0,0.9422222375869751
YMR093W,YNL339C,0,-8.160518,0.09574468433856964,1.0,0.9444444179534912
YLR266C,YMR093W,0,-8.191698,0.09554140269756317,1.0,0.9466666579246521
YDR138W,YOL097C,0,-8.223725,0.09533898532390594,1.0,0.948888897895813
YGR029W,YDL201W,0,-8.2350235,0.09513741731643677,1.0,0.9511111378669739
YFR030W,YHR152W,0,-8.249675,0.09493670612573624,1.0,0.95333331823349
YOL069W,YOR182C,0,-8.289778,0.09473684430122375,1.0,0.9555555582046509
YMR127C,YDR353W,0,-8.295513,0.09453781694173813,1.0,0.9577777981758118
YER127W,YNL241C,0,-8.300645,0.09433962404727936,1.0,0.9599999785423279
YBR272C,YCL059C,0,-8.352803,0.09414225816726685,1.0,0.9622222185134888
YBR084W,YLL024C,0,-8.366208,0.09394571930170059,1.0,0.9644444584846497
YGR118W,YGR072W,0,-8.388507,0.09375,1.0,0.9666666388511658
YDL148C,YLR378C,0,-8.416877,0.09355509281158447,1.0,0.9688888788223267
YHR023W,YMR143W,0,-8.682787,0.09336099773645401,1.0,0.9711111187934875
YBR084W,YDL084W,0,-8.716199,0.09316769987344742,1.0,0.9733333587646484
YNL085W,YGR123C,0,-8.886163,0.0929752066731453,1.0,0.9755555391311646
YMR116C,YAL007C,0,-8.998705,0.09278350323438644,1.0,0.9777777791023254
YMR143W,YMR243C,0,-9.084588,0.09259258955717087,1.0,0.9800000190734863
YCL059C,YIL016W,0,-9.309802,0.09240246564149857,1.0,0.9822221994400024
YHR052W,YPR088C,0,-9.318865,0.09221311658620834,1.0,0.9844444394111633
YNL113W,YCL054W,0,-10.029624,0.0920245423913002,1.0,0.9866666793823242
YBR154C,YNL113W,0,-10.030187,0.09183673560619354,1.0,0.9888888597488403
YBR084W,YMR143W,0,-10.071723,0.09164969623088837,1.0,0.9911110997200012
YKL009W,YEL054C,0,-10.332673,0.09146341681480408,1.0,0.9933333396911621
YPL043W,YBR172C,0,-10.346359,0.09127788990736008,1.0,0.995555579662323
YDL213C,YNL113W,0,-10.620609,0.09109311550855637,1.0,0.9977777600288391
YGL099W,YKR060W,0,-10.785956,0.09090909361839294,1.0,1.0
