Gene A,Gene B,Label,Score,Precision,Recall,False Positive Rate
YBR059C,YHR114W,1,-2.9834864,1.0,0.005263158120214939,0.0
YHR114W,YDL019C,1,-3.0072162,1.0,0.010526316240429878,0.0
YAL056W,YAL016W,0,-3.1123152,0.6666666865348816,0.010526316240429878,0.0005263157654553652
YBR059C,YDL019C,1,-3.1565359,0.75,0.015789473429322243,0.0005263157654553652
YDR456W,YKR055W,0,-3.2084758,0.6000000238418579,0.015789473429322243,0.0010526315309107304
YGL011C,YDR238C,0,-3.411573,0.5,0.015789473429322243,0.0015789474127814174
YBR059C,YGR167W,1,-3.4935055,0.5714285969734192,0.021052632480859756,0.0015789474127814174
YPL145C,YBL007C,1,-3.505357,0.625,0.02631578966975212,0.0015789474127814174
YDR238C,YIL076W,0,-3.5143788,0.5555555820465088,0.02631578966975212,0.0021052630618214607
YGR167W,YOR008C,1,-3.5457053,0.6000000238418579,0.031578946858644485,0.0021052630618214607
YBR059C,YOR008C,1,-3.587474,0.6363636255264282,0.03684210404753685,0.0021052630618214607
YBR059C,YBL007C,1,-3.648308,0.6666666865348816,0.04210526496171951,0.0021052630618214607
YIL040W,YGL084C,0,-3.6952105,0.6153846383094788,0.04210526496171951,0.0026315790601074696
YDR294C,YNL293W,0,-3.7198908,0.5714285969734192,0.04210526496171951,0.0031578948255628347
YDL019C,YBL007C,1,-3.7273464,0.6000000238418579,0.04736842215061188,0.0031578948255628347
YHR019C,YOR035C,0,-3.8127005,0.5625,0.04736842215061188,0.0036842105910182
YPL145C,YNL154C,1,-3.8271887,0.5882353186607361,0.05263157933950424,0.0036842105910182
YKL016C,YGR010W,0,-3.8285792,0.5555555820465088,0.05263157933950424,0.0042105261236429214
YBL099W,YPR182W,0,-3.8350809,0.5263158082962036,0.05263157933950424,0.00473684212192893
YKL016C,YGR175C,0,-3.835104,0.5,0.05263157933950424,0.005263158120214939
YGL020C,YLR328W,0,-3.8507879,0.4761904776096344,0.05263157933950424,0.005789473652839661
YGR167W,YDL019C,1,-3.861581,0.5,0.057894736528396606,0.005789473652839661
YDR375C,YHR150W,0,-3.928767,0.47826087474823,0.057894736528396606,0.0063157896511256695
YGR167W,YGR086C,1,-3.9314725,0.5,0.06315789371728897,0.0063157896511256695
YAL056W,YDL128W,0,-3.9543622,0.47999998927116394,0.06315789371728897,0.006842105183750391
YIL040W,YPL042C,0,-3.9653118,0.4615384638309479,0.06315789371728897,0.0073684211820364
YOR099W,YLR328W,0,-3.965388,0.4444444477558136,0.06315789371728897,0.007894736714661121
YGR167W,YBL007C,1,-3.9706147,0.4642857015132904,0.06842105090618134,0.007894736714661121
YMR081C,YDL085W,0,-3.9727461,0.4482758641242981,0.06842105090618134,0.008421052247285843
YGL037C,YAL016W,0,-3.9854743,0.4333333373069763,0.06842105090618134,0.008947368711233139
YDR276C,YNL044W,0,-3.9869735,0.4193548262119293,0.06842105090618134,0.00947368424385786
YGL084C,YKL085W,0,-4.0060725,0.40625,0.06842105090618134,0.009999999776482582
YIL033C,YDL226C,0,-4.0073113,0.39393940567970276,0.06842105090618134,0.010526316240429878
YBR059C,YGR086C,1,-4.02847,0.4117647111415863,0.0736842080950737,0.010526316240429878
YGR167W,YGR241C,1,-4.0631227,0.4285714328289032,0.07894736528396606,0.010526316240429878
YKL129C,YDL019C,1,-4.089706,0.4444444477558136,0.08421052992343903,0.010526316240429878
YJL186W,YDR477W,0,-4.104301,0.4324324429035187,0.08421052992343903,0.0110526317730546
YDL019C,YGR086C,1,-4.1107097,0.44736841320991516,0.08947368711233139,0.0110526317730546
YKR055W,YKL193C,0,-4.118957,0.43589743971824646,0.08947368711233139,0.011578947305679321
YGL054C,YNR043W,0,-4.1247535,0.42500001192092896,0.08947368711233139,0.012105262838304043
YBL007C,YOR008C,1,-4.1467977,0.4390243887901306,0.09473684430122375,0.012105262838304043
YOR241W,YML058W,0,-4.15908,0.4285714328289032,0.09473684430122375,0.012631579302251339
YHR027C,YBL102W,0,-4.17279,0.41860464215278625,0.09473684430122375,0.01315789483487606
YCR075C,YOL013C,0,-4.1868706,0.40909090638160706,0.09473684430122375,0.013684210367500782
YKR028W,YDR238C,0,-4.1919093,0.4000000059604645,0.09473684430122375,0.014210525900125504
YDL019C,YOR008C,1,-4.1963444,0.41304346919059753,0.10000000149011612,0.014210525900125504
YIL048W,YOR008C,1,-4.2073317,0.42553192377090454,0.10526315867900848,0.014210525900125504
YER087C-B,YPR181C,0,-4.2093554,0.4166666567325592,0.10526315867900848,0.0147368423640728
YHR024C,YNL294C,0,-4.227724,0.40816327929496765,0.10526315867900848,0.015263157896697521
YDR484W,YGL104C,0,-4.2304816,0.4000000059604645,0.10526315867900848,0.015789473429322243
YFL013C,YHR027C,0,-4.2458525,0.3921568691730499,0.10526315867900848,0.01631578989326954
YLR328W,YGL028C,0,-4.255074,0.38461539149284363,0.10526315867900848,0.016842104494571686
YBR289W,YDR293C,0,-4.2618484,0.37735849618911743,0.10526315867900848,0.017368420958518982
YKL129C,YHR016C,1,-4.2632003,0.3888888955116272,0.11052631586790085,0.017368420958518982
YLR100W,YBR289W,0,-4.2641845,0.38181817531585693,0.11052631586790085,0.017894737422466278
YIL048W,YDL019C,1,-4.267818,0.3928571343421936,0.11578947305679321,0.017894737422466278
YPR057W,YAL042W,0,-4.2771792,0.38596490025520325,0.11578947305679321,0.018421052023768425
YGR167W,YCL034W,1,-4.2818975,0.3965517282485962,0.12105263024568558,0.018421052023768425
YBR039W,YBR037C,0,-4.291184,0.38983049988746643,0.12105263024568558,0.01894736848771572
YDL132W,YDL154W,0,-4.298127,0.38333332538604736,0.12105263024568558,0.019473684951663017
YDR378C,YGL097W,0,-4.302792,0.37704917788505554,0.12105263024568558,0.019999999552965164
YHR114W,YBL007C,1,-4.3034754,0.3870967626571655,0.12631578743457794,0.019999999552965164
YHR114W,YNL154C,1,-4.3059025,0.3968254029750824,0.1315789520740509,0.019999999552965164
YHR114W,YHR016C,1,-4.3066897,0.40625,0.13684210181236267,0.019999999552965164
YJR155W,YDR276C,0,-4.3095365,0.4000000059604645,0.13684210181236267,0.02052631601691246
YHR114W,YOR008C,1,-4.314323,0.40909090638160706,0.14210526645183563,0.02052631601691246
YGR086C,YNL032W,1,-4.325584,0.41791045665740967,0.1473684161901474,0.02052631601691246
YDR294C,YNL294C,0,-4.327187,0.4117647111415863,0.1473684161901474,0.021052632480859756
YCR075C,YGR252W,0,-4.331332,0.4057970941066742,0.1473684161901474,0.021578947082161903
YIL033C,YOR241W,0,-4.338936,0.4000000059604645,0.1473684161901474,0.0221052635461092
YLR148W,YPR133C,0,-4.3511944,0.39436620473861694,0.1473684161901474,0.022631578147411346
YLR207W,YDR255C,0,-4.3535147,0.3888888955116272,0.1473684161901474,0.023157894611358643
YMR246W,YOR099W,0,-4.3621774,0.3835616409778595,0.1473684161901474,0.02368421107530594
YBR059C,YCL034W,1,-4.3623343,0.3918918967247009,0.15263158082962036,0.02368421107530594
YMR025W,YOR328W,0,-4.362477,0.3866666555404663,0.15263158082962036,0.024210525676608086
YHL019C,YJR057W,0,-4.373369,0.3815789520740509,0.15263158082962036,0.024736842140555382
YHR114W,YGR167W,1,-4.378317,0.3896103799343109,0.15789473056793213,0.024736842140555382
YLR060W,YKR062W,0,-4.3816924,0.38461539149284363,0.15789473056793213,0.025263158604502678
YBR161W,YDR294C,0,-4.3901963,0.37974682450294495,0.15789473056793213,0.025789473205804825
YCL011C,YLR096W,0,-4.400435,0.375,0.15789473056793213,0.02631578966975212
YLR342W,YNL154C,1,-4.4084916,0.3827160596847534,0.1631578952074051,0.02631578966975212
YJL060W,YOR209C,0,-4.4110503,0.37804877758026123,0.1631578952074051,0.026842106133699417
YML067C,YGR252W,0,-4.4202657,0.3734939694404602,0.1631578952074051,0.027368420735001564
YBR059C,YKL129C,1,-4.4238563,0.380952388048172,0.16842105984687805,0.027368420735001564
YHR114W,YNL032W,1,-4.4275694,0.38823530077934265,0.17368420958518982,0.027368420735001564
YGL044C,YOL005C,0,-4.4422674,0.38372093439102173,0.17368420958518982,0.02789473719894886
YOR099W,YBR168W,0,-4.4529862,0.37931033968925476,0.17368420958518982,0.028421051800251007
YBL007C,YHR016C,1,-4.4538236,0.3863636255264282,0.17894737422466278,0.028421051800251007
YJR118C,YOR099W,0,-4.4562426,0.3820224702358246,0.17894737422466278,0.028947368264198303
YIL048W,YGR241C,1,-4.4598856,0.3888888955116272,0.18421052396297455,0.028947368264198303
YGR167W,YHR016C,1,-4.4634194,0.3956044018268585,0.1894736886024475,0.028947368264198303
YOR112W,YOR099W,0,-4.4687176,0.3913043439388275,0.1894736886024475,0.0294736847281456
YCR012W,YER087C-B,0,-4.470386,0.3870967626571655,0.1894736886024475,0.029999999329447746
YPL145C,YDL019C,1,-4.47246,0.39361703395843506,0.19473683834075928,0.029999999329447746
YDL008W,YGR220C,0,-4.4733906,0.38947367668151855,0.19473683834075928,0.030526315793395042
YGR178C,YJL173C,0,-4.4767094,0.3854166567325592,0.19473683834075928,0.03105263225734234
YOL051W,YOL143C,0,-4.487395,0.3814432919025421,0.19473683834075928,0.031578946858644485
YDR375C,YBR097W,0,-4.491681,0.37755101919174194,0.19473683834075928,0.03210526332259178
YLR095C,YGL097W,0,-4.4930606,0.3737373650074005,0.19473683834075928,0.03263157978653908
YJL183W,YGR220C,0,-4.4946957,0.3700000047683716,0.19473683834075928,0.033157896250486374
YOR316C,YKL214C,0,-4.5033636,0.3663366436958313,0.19473683834075928,0.03368420898914337
YBR059C,YNL154C,1,-4.5049276,0.37254902720451355,0.20000000298023224,0.03368420898914337
YGL025C,YML029W,0,-4.5065103,0.3689320385456085,0.20000000298023224,0.03421052545309067
YEL060C,YML092C,0,-4.516515,0.36538460850715637,0.20000000298023224,0.034736841917037964
YMR068W,YJL128C,0,-4.5188212,0.3619047701358795,0.20000000298023224,0.03526315838098526
YCL034W,YDL019C,1,-4.519683,0.3679245412349701,0.205263152718544,0.03526315838098526
YAL042W,YER087C-B,0,-4.527948,0.3644859790802002,0.205263152718544,0.035789474844932556
YLR207W,YIL122W,0,-4.53196,0.3611111044883728,0.205263152718544,0.03631579130887985
YOL051W,YBR002C,0,-4.534056,0.35779815912246704,0.205263152718544,0.03684210404753685
YKL085W,YOR036W,0,-4.536611,0.3545454442501068,0.205263152718544,0.037368420511484146
YOR008C,YHR016C,1,-4.542814,0.36036035418510437,0.21052631735801697,0.037368420511484146
YDL019C,YNL154C,1,-4.5429068,0.3660714328289032,0.21578946709632874,0.037368420511484146
YHR114W,YGR086C,1,-4.543202,0.37168142199516296,0.2210526317358017,0.037368420511484146
YDL065C,YBR289W,0,-4.544514,0.3684210479259491,0.2210526317358017,0.03789473697543144
YIL048W,YGR086C,1,-4.545052,0.373913049697876,0.22631579637527466,0.03789473697543144
YDL019C,YGR241C,1,-4.5501056,0.37931033968925476,0.23157894611358643,0.03789473697543144
YPR019W,YJR118C,0,-4.5518384,0.3760683834552765,0.23157894611358643,0.03842105343937874
YER016W,YHL031C,0,-4.553993,0.37288135290145874,0.23157894611358643,0.038947369903326035
YJR064W,YIL105C,0,-4.5590324,0.36974790692329407,0.23157894611358643,0.03947368264198303
YPR019W,YGR047C,0,-4.564999,0.36666667461395264,0.23157894611358643,0.03999999910593033
YNL118C,YKL035W,0,-4.5659647,0.3636363744735718,0.23157894611358643,0.040526315569877625
YLR342W,YOR008C,1,-4.567515,0.3688524663448334,0.2368421107530594,0.040526315569877625
YGR252W,YJL138C,0,-4.570894,0.3658536672592163,0.2368421107530594,0.04105263203382492
YPL115C,YGL151W,0,-4.577514,0.3629032373428345,0.2368421107530594,0.04157894849777222
YJL124C,YIL109C,0,-4.58194,0.36000001430511475,0.2368421107530594,0.04210526496171951
YGR199W,YGR009C,0,-4.5842624,0.3571428656578064,0.2368421107530594,0.04263157770037651
YDR141C,YLR095C,0,-4.586651,0.35433071851730347,0.2368421107530594,0.04315789416432381
YOR209C,YML124C,0,-4.587059,0.3515625,0.2368421107530594,0.0436842106282711
YDR375C,YFL036W,0,-4.587539,0.3488371968269348,0.2368421107530594,0.0442105270922184
YIL142W,YHL031C,0,-4.5877557,0.3461538553237915,0.2368421107530594,0.044736843556165695
YLR100W,YNL044W,0,-4.5940056,0.3435114622116089,0.2368421107530594,0.04526315629482269
YNL099C,YDL188C,0,-4.5945654,0.34090909361839294,0.2368421107530594,0.04578947275876999
YDR255C,YOR014W,0,-4.5957117,0.33834585547447205,0.2368421107530594,0.046315789222717285
YGL054C,YNL244C,0,-4.596335,0.33582088351249695,0.2368421107530594,0.04684210568666458
YPL112C,YJR059W,0,-4.6020026,0.3333333432674408,0.2368421107530594,0.04736842215061188
YKL007W,YKL150W,0,-4.603081,0.33088234066963196,0.2368421107530594,0.047894738614559174
YER095W,YIL076W,0,-4.607032,0.32846716046333313,0.2368421107530594,0.04842105135321617
YLR390W-A,YBR210W,0,-4.613441,0.32608696818351746,0.2368421107530594,0.04894736781716347
YPL145C,YGR241C,1,-4.622348,0.3309352397918701,0.24210526049137115,0.04894736781716347
YOR208W,YDR369C,0,-4.6246104,0.3285714387893677,0.24210526049137115,0.049473684281110764
YFL031W,YAL016W,0,-4.635842,0.326241135597229,0.24210526049137115,0.05000000074505806
YMR008C,YDL188C,0,-4.644919,0.3239436745643616,0.24210526049137115,0.050526317209005356
YBL099W,YER087C-B,0,-4.6466813,0.3216783106327057,0.24210526049137115,0.051052629947662354
YLR328W,YGL246C,0,-4.649934,0.3194444477558136,0.24210526049137115,0.05157894641160965
YPL221W,YKL113C,0,-4.652659,0.317241370677948,0.24210526049137115,0.052105262875556946
YBR059C,YHR016C,1,-4.654223,0.3219178020954132,0.24736842513084412,0.052105262875556946
YGR167W,YPL145C,1,-4.654978,0.3265306055545807,0.2526315748691559,0.052105262875556946
YGR060W,YPR100W,0,-4.65887,0.3243243098258972,0.2526315748691559,0.05263157933950424
YMR192W,YJL165C,0,-4.665324,0.3221476376056671,0.2526315748691559,0.05315789580345154
YPL145C,YOR008C,1,-4.667954,0.3266666531562805,0.25789472460746765,0.05315789580345154
YDL207W,YMR008C,0,-4.6686816,0.3245033025741577,0.25789472460746765,0.053684212267398834
YMR048W,YKL060C,0,-4.6697555,0.32236841320991516,0.25789472460746765,0.05421052500605583
YAL042W,YLR033W,0,-4.6729417,0.3202614486217499,0.25789472460746765,0.05473684147000313
YCL034W,YHR016C,1,-4.673429,0.3246753215789795,0.2631579041481018,0.05473684147000313
YKL025C,YCR083W,0,-4.6761565,0.32258063554763794,0.2631579041481018,0.055263157933950424
YER019W,YPL112C,0,-4.679838,0.3205128312110901,0.2631579041481018,0.05578947439789772
YOL088C,YJR059W,0,-4.6806464,0.31847134232521057,0.2631579041481018,0.056315790861845016
YOR023C,YOR099W,0,-4.6842113,0.3164556920528412,0.2631579041481018,0.056842103600502014
YIL049W,YKL059C,0,-4.6855307,0.31446540355682373,0.2631579041481018,0.05736842006444931
YJR025C,YKL001C,0,-4.686502,0.3125,0.2631579041481018,0.057894736528396606
YDL113C,YBL099W,0,-4.694047,0.3105590045452118,0.2631579041481018,0.0584210529923439
YPL145C,YGR086C,1,-4.6985726,0.31481480598449707,0.2684210538864136,0.0584210529923439
YJL053W,YKL214C,0,-4.700195,0.3128834366798401,0.2684210538864136,0.0589473694562912
YOL143C,YCR060W,0,-4.7029843,0.3109756112098694,0.2684210538864136,0.059473685920238495
YKL007W,YAL051W,0,-4.7040267,0.30909091234207153,0.2684210538864136,0.05999999865889549
YPL156C,YNL294C,0,-4.7081475,0.3072289228439331,0.2684210538864136,0.06052631512284279
YDR062W,YOR171C,0,-4.7134347,0.3053892254829407,0.2684210538864136,0.061052631586790085
YKR028W,YGR143W,0,-4.7167897,0.3035714328289032,0.2684210538864136,0.06157894805073738
YGR167W,YKL129C,1,-4.719888,0.3076923191547394,0.27368420362472534,0.06157894805073738
YER117W,YDR328C,0,-4.7239804,0.30588236451148987,0.27368420362472534,0.06210526451468468
YGL119W,YMR305C,0,-4.7246294,0.3040935695171356,0.27368420362472534,0.06263157725334167
YNL219C,YPR016C,0,-4.7314343,0.302325576543808,0.27368420362472534,0.06315789371728897
YJR118C,YDR337W,0,-4.7327757,0.3005780279636383,0.27368420362472534,0.06368421018123627
YGR143W,YHR008C,0,-4.7467365,0.29885056614875793,0.27368420362472534,0.06421052664518356
YBL007C,YGR241C,1,-4.7490106,0.3028571307659149,0.2789473831653595,0.06421052664518356
YGR086C,YGR241C,1,-4.7523046,0.3068181872367859,0.28421053290367126,0.06421052664518356
YHL019C,YGL073W,0,-4.759816,0.3050847351551056,0.28421053290367126,0.06473684310913086
YGR086C,YBL007C,1,-4.762314,0.3089887499809265,0.28947368264198303,0.06473684310913086
YER042W,YPL203W,0,-4.76362,0.3072625696659088,0.28947368264198303,0.06526315957307816
YIL109C,YDR328C,0,-4.7659736,0.3055555522441864,0.28947368264198303,0.06578947603702545
YPL271W,YOR028C,0,-4.7719116,0.3038673996925354,0.28947368264198303,0.06631579250097275
YGR241C,YHR016C,1,-4.7764845,0.3076923191547394,0.2947368323802948,0.06631579250097275
YOR185C,YER042W,0,-4.779052,0.3060109317302704,0.2947368323802948,0.06684210896492004
YML092C,YDL230W,0,-4.7798104,0.30434781312942505,0.2947368323802948,0.06736841797828674
YGL216W,YPR072W,0,-4.7861714,0.3027026951313019,0.2947368323802948,0.06789473444223404
YGR086C,YOR327C,1,-4.786262,0.30645161867141724,0.30000001192092896,0.06789473444223404
YHR114W,YKL129C,1,-4.788992,0.31016042828559875,0.3052631616592407,0.06789473444223404
YBL007C,YNL154C,1,-4.7944694,0.31382977962493896,0.3105263113975525,0.06789473444223404
YPL098C,YLR079W,0,-4.795505,0.31216931343078613,0.3105263113975525,0.06842105090618134
YLR342W,YOR327C,1,-4.79652,0.31578946113586426,0.31578946113586426,0.06842105090618134
YPL006W,YCR083W,0,-4.797115,0.3141361176967621,0.31578946113586426,0.06894736737012863
YGR086C,YOR008C,1,-4.798646,0.3177083432674408,0.3210526406764984,0.06894736737012863
YLR342W,YPL145C,1,-4.798823,0.3212435245513916,0.3263157904148102,0.06894736737012863
YHL031C,YBL050W,0,-4.8063493,0.3195876181125641,0.3263157904148102,0.06947368383407593
YGR167W,YNL154C,1,-4.8072233,0.32307693362236023,0.33157894015312195,0.06947368383407593
YDL099W,YOR216C,0,-4.8072767,0.3214285671710968,0.33157894015312195,0.07000000029802322
YPL036W,YGL210W,0,-4.819177,0.31979694962501526,0.33157894015312195,0.07052631676197052
YGR167W,YIL048W,1,-4.821999,0.3232323229312897,0.3368421196937561,0.07052631676197052
YPR072W,YGL151W,0,-4.8241124,0.3216080367565155,0.3368421196937561,0.07105263322591782
YBR068C,YGR119C,0,-4.827408,0.3199999928474426,0.3368421196937561,0.07157894968986511
YDL132W,YDR325W,0,-4.843382,0.31840795278549194,0.3368421196937561,0.07210526615381241
YJR064W,YDL132W,0,-4.845164,0.31683167815208435,0.3368421196937561,0.0726315826177597
YLR390W-A,YIL063C,0,-4.8509545,0.31527093052864075,0.3368421196937561,0.0731578916311264
YDR375C,YLR006C,0,-4.8524623,0.3137255012989044,0.3368421196937561,0.0736842080950737
YPR081C,YER052C,0,-4.853364,0.3121951222419739,0.3368421196937561,0.074210524559021
YLR342W,YBL007C,1,-4.853725,0.31553396582603455,0.34210526943206787,0.074210524559021
YEL009C,YOR159C,0,-4.8548045,0.3140096664428711,0.34210526943206787,0.07473684102296829
YHR086W,YER087C-B,0,-4.874353,0.3125,0.34210526943206787,0.07526315748691559
YML077W,YKL059C,0,-4.878123,0.31100478768348694,0.34210526943206787,0.07578947395086288
YKL016C,YOL013C,0,-4.8789597,0.3095238208770752,0.34210526943206787,0.07631579041481018
YIL048W,YOR327C,1,-4.89104,0.3127962052822113,0.34736841917037964,0.07631579041481018
YGL032C,YKL059C,0,-4.8939147,0.3113207519054413,0.34736841917037964,0.07684210687875748
YML077W,YPL181W,0,-4.9035354,0.30985915660858154,0.34736841917037964,0.07736842334270477
YOL013C,YJL073W,0,-4.9072404,0.30841121077537537,0.34736841917037964,0.07789473980665207
YLR342W,YGR241C,1,-4.908569,0.31162789463996887,0.3526315689086914,0.07789473980665207
YIL040W,YGL191W,0,-4.908591,0.31018519401550293,0.3526315689086914,0.07842105627059937
YDR030C,YJR156C,0,-4.912871,0.3087557554244995,0.3526315689086914,0.07894736528396606
YKL170W,YGR183C,0,-4.9129105,0.30733945965766907,0.3526315689086914,0.07947368174791336
YMR184W,YFL005W,0,-4.9184737,0.3059360682964325,0.3526315689086914,0.07999999821186066
YOR316C,YGR003W,0,-4.919236,0.30454546213150024,0.3526315689086914,0.08052631467580795
YNL256W,YDL140C,0,-4.9252105,0.3031674325466156,0.3526315689086914,0.08105263113975525
YMR008C,YOR266W,0,-4.9285913,0.30180180072784424,0.3526315689086914,0.08157894760370255
YGR167W,YNL032W,1,-4.929659,0.30493274331092834,0.35789474844932556,0.08157894760370255
YDL140C,YKL214C,0,-4.929706,0.3035714328289032,0.35789474844932556,0.08210526406764984
YNR002C,YBR294W,0,-4.9318547,0.30222222208976746,0.35789474844932556,0.08263158053159714
YIL026C,YDR238C,0,-4.9363017,0.3008849620819092,0.35789474844932556,0.08315789699554443
YJL179W,YPR198W,0,-4.9379983,0.29955947399139404,0.35789474844932556,0.08368421345949173
YCR048W,YJR068W,0,-4.9408226,0.2982456088066101,0.35789474844932556,0.08421052992343903
YDR276C,YML124C,0,-4.9484878,0.29694321751594543,0.35789474844932556,0.08473683893680573
YOR243C,YCR084C,0,-4.949658,0.2956521809101105,0.35789474844932556,0.08526315540075302
YBR059C,YIL048W,1,-4.9520926,0.29870128631591797,0.36315789818763733,0.08526315540075302
YGR284C,YCL033C,0,-4.953999,0.29741379618644714,0.36315789818763733,0.08578947186470032
YDR058C,YML029W,0,-4.954277,0.29613733291625977,0.36315789818763733,0.08631578832864761
YJR059W,YML064C,0,-4.95439,0.29487180709838867,0.36315789818763733,0.08684210479259491
YJR118C,YPL129W,0,-4.955032,0.29361701011657715,0.36315789818763733,0.0873684212565422
YPL129W,YER005W,0,-4.9588027,0.2923728823661804,0.36315789818763733,0.0878947377204895
YGR167W,YOR327C,1,-4.963583,0.29535865783691406,0.3684210479259491,0.0878947377204895
YGR119C,YDR238C,0,-4.9654727,0.29411765933036804,0.3684210479259491,0.0884210541844368
YGR241C,YNL154C,1,-4.965474,0.2970711290836334,0.37368419766426086,0.0884210541844368
YDR294C,YAR003W,0,-4.9671535,0.2958333194255829,0.37368419766426086,0.0889473706483841
YGR010W,YGR239C,0,-4.9675274,0.2946058213710785,0.37368419766426086,0.08947368711233139
YBR161W,YIL147C,0,-4.9679513,0.2933884263038635,0.37368419766426086,0.09000000357627869
YPL098C,YKR055W,0,-4.9680285,0.2921810746192932,0.37368419766426086,0.09052631258964539
YHR114W,YOR327C,1,-4.9687057,0.2950819730758667,0.378947377204895,0.09052631258964539
YJL076W,YGR020C,0,-4.976243,0.2938775420188904,0.378947377204895,0.09105262905359268
YDR258C,YOR036W,0,-4.976764,0.2926829159259796,0.378947377204895,0.09157894551753998
YJL165C,YIL051C,0,-4.9770465,0.29149797558784485,0.378947377204895,0.09210526198148727
YCL034W,YBL007C,1,-4.978661,0.2943548262119293,0.3842105269432068,0.09210526198148727
YDL174C,YFR033C,0,-4.9814005,0.293172687292099,0.3842105269432068,0.09263157844543457
YLR246W,YPR133W-A,0,-4.982869,0.2919999957084656,0.3842105269432068,0.09315789490938187
YKL060C,YKR037C,0,-4.9890456,0.2908366620540619,0.3842105269432068,0.09368421137332916
YGR009C,YML058W,0,-4.991223,0.289682537317276,0.3842105269432068,0.09421052783727646
YOR127W,YGR085C,0,-4.993014,0.28853756189346313,0.3842105269432068,0.09473684430122375
YGL135W,YML085C,0,-4.9943933,0.28740158677101135,0.3842105269432068,0.09526316076517105
YJL030W,YDL065C,0,-4.9945264,0.2862745225429535,0.3842105269432068,0.09578947722911835
YCL034W,YIL048W,1,-4.998304,0.2890625,0.38947367668151855,0.09578947722911835
YDL115C,YIL105C,0,-5.000606,0.287937730550766,0.38947367668151855,0.09631578624248505
YFL041W,YLR207W,0,-5.0079618,0.2868216931819916,0.38947367668151855,0.09684210270643234
YJR059W,YOR230W,0,-5.0116587,0.2857142984867096,0.38947367668151855,0.09736841917037964
YKR037C,YLR130C,0,-5.012302,0.2846153974533081,0.38947367668151855,0.09789473563432693
YBL026W,YGL219C,0,-5.0130935,0.28352490067481995,0.38947367668151855,0.09842105209827423
YHR027C,YFL036W,0,-5.013123,0.28244274854660034,0.38947367668151855,0.09894736856222153
YJR013W,YDR331W,0,-5.013498,0.28136882185935974,0.38947367668151855,0.09947368502616882
YIL048W,YBL007C,1,-5.0136256,0.28409090638160706,0.3947368562221527,0.09947368502616882
YCR010C,YNL231C,0,-5.015541,0.2830188572406769,0.3947368562221527,0.10000000149011612
YNR023W,YKL119C,0,-5.01588,0.28195488452911377,0.3947368562221527,0.10052631795406342
YDL154W,YBR073W,0,-5.0162616,0.2808988690376282,0.3947368562221527,0.10105263441801071
YGR252W,YOL005C,0,-5.0188212,0.2798507511615753,0.3947368562221527,0.10157895088195801
YOR328W,YLR079W,0,-5.020098,0.27881041169166565,0.3947368562221527,0.10210525989532471
YIL026C,YML120C,0,-5.0212603,0.2777777910232544,0.3947368562221527,0.102631576359272
YBL007C,YOR327C,1,-5.0257974,0.2804428040981293,0.4000000059604645,0.102631576359272
YHR111W,YGL210W,0,-5.0280848,0.27941176295280457,0.4000000059604645,0.1031578928232193
YOR180C,YBR043C,0,-5.0282054,0.27838829159736633,0.4000000059604645,0.1036842092871666
YIL048W,YNL154C,1,-5.0297184,0.2810218930244446,0.40526315569877625,0.1036842092871666
YNL239W,YKL113C,0,-5.0301666,0.2800000011920929,0.40526315569877625,0.10421052575111389
YER119C,YPR083W,0,-5.0352035,0.27898550033569336,0.40526315569877625,0.10473684221506119
YHR114W,YGR241C,1,-5.0379343,0.28158843517303467,0.410526305437088,0.10473684221506119
YNL293W,YER162C,0,-5.0389476,0.28057554364204407,0.410526305437088,0.10526315867900848
YHR008C,YPL042C,0,-5.0441265,0.2795698940753937,0.410526305437088,0.10578947514295578
YOR113W,YGL025C,0,-5.0441613,0.2785714268684387,0.410526305437088,0.10631579160690308
YOR099W,YDR545W,0,-5.045527,0.2775800824165344,0.410526305437088,0.10684210807085037
YGR014W,YLR452C,0,-5.046373,0.27659574151039124,0.410526305437088,0.10736842453479767
YPL100W,YHR150W,0,-5.0464797,0.27561837434768677,0.410526305437088,0.10789473354816437
YDR375C,YHR034C,0,-5.0474215,0.27464789152145386,0.410526305437088,0.10842105001211166
YER016W,YKL035W,0,-5.049731,0.27368420362472534,0.410526305437088,0.10894736647605896
YPL048W,YER042W,0,-5.050264,0.27272728085517883,0.410526305437088,0.10947368294000626
YDL095W,YGR047C,0,-5.050408,0.2717770040035248,0.410526305437088,0.10999999940395355
YMR015C,YHR027C,0,-5.0509505,0.2708333432674408,0.410526305437088,0.11052631586790085
YER009W,YGR143W,0,-5.054262,0.26989617943763733,0.410526305437088,0.11105263233184814
YHR072W,YDL111C,0,-5.062611,0.2689655125141144,0.410526305437088,0.11157894879579544
YDR375C,YJL121C,0,-5.0636816,0.2680412232875824,0.410526305437088,0.11210526525974274
YML081C-A,YGL219C,0,-5.0637503,0.267123281955719,0.410526305437088,0.11263158172369003
YER035W,YPR182W,0,-5.064863,0.266211599111557,0.410526305437088,0.11315789818763733
YDL019C,YOR327C,1,-5.0691714,0.2687074840068817,0.41578948497772217,0.11315789818763733
YLR350W,YDR515W,0,-5.0713544,0.2677966058254242,0.41578948497772217,0.11368420720100403
YOR142W,YKR062W,0,-5.0727572,0.2668918967247009,0.41578948497772217,0.11421052366495132
YHR024C,YGL037C,0,-5.073651,0.26599326729774475,0.41578948497772217,0.11473684012889862
YLR148W,YOR179C,0,-5.076998,0.2651006579399109,0.41578948497772217,0.11526315659284592
YCL034W,YKL129C,1,-5.082888,0.2675585150718689,0.42105263471603394,0.11526315659284592
YPL048W,YKL193C,0,-5.083079,0.2666666805744171,0.42105263471603394,0.11578947305679321
YIL159W,YKL074C,0,-5.083603,0.2657807171344757,0.42105263471603394,0.11631578952074051
YBR009C,YER019W,0,-5.0880594,0.26490065455436707,0.42105263471603394,0.1168421059846878
YLR207W,YGL104C,0,-5.0892334,0.264026403427124,0.42105263471603394,0.1173684224486351
YDR516C,YKL214C,0,-5.090267,0.2631579041481018,0.42105263471603394,0.1178947389125824
YOR153W,YMR060C,0,-5.09037,0.26229506731033325,0.42105263471603394,0.1184210553765297
YOL063C,YGR101W,0,-5.0904064,0.26143792271614075,0.42105263471603394,0.11894737184047699
YLR095C,YER162C,0,-5.097401,0.26058632135391235,0.42105263471603394,0.11947368085384369
YLR201C,YJL053W,0,-5.101251,0.25974026322364807,0.42105263471603394,0.11999999731779099
YOR008C,YGR241C,1,-5.101605,0.26213592290878296,0.4263157844543457,0.11999999731779099
YOR328W,YNL131W,0,-5.102138,0.2612903118133545,0.4263157844543457,0.12052631378173828
YFR027W,YOL002C,0,-5.1035457,0.260450154542923,0.4263157844543457,0.12105263024568558
YNL270C,YNL118C,0,-5.1038117,0.25961539149284363,0.4263157844543457,0.12157894670963287
YMR192W,YOL094C,0,-5.1040936,0.2587859332561493,0.4263157844543457,0.12210526317358017
YPR008W,YOR208W,0,-5.105203,0.25796177983283997,0.4263157844543457,0.12263157963752747
YER053C,YHR027C,0,-5.1124024,0.2571428716182709,0.4263157844543457,0.12315789610147476
YEL060C,YGL095C,0,-5.1129265,0.25632911920547485,0.4263157844543457,0.12368421256542206
YIL122W,YCL001W,0,-5.114829,0.2555204927921295,0.4263157844543457,0.12421052902936935
YBL079W,YDR297W,0,-5.117806,0.25471699237823486,0.4263157844543457,0.12473684549331665
YDR141C,YLR376C,0,-5.120359,0.25391849875450134,0.4263157844543457,0.12526315450668335
YGL084C,YGR185C,0,-5.1220226,0.25312501192092896,0.4263157844543457,0.12578947842121124
YIL040W,YKR028W,0,-5.122644,0.25233644247055054,0.4263157844543457,0.12631578743457794
YGL032C,YNL283C,0,-5.1335974,0.2515527904033661,0.4263157844543457,0.12684211134910583
YLR390W-A,YDL135C,0,-5.134894,0.25077399611473083,0.4263157844543457,0.12736842036247253
YGR101W,YDL090C,0,-5.1352777,0.25,0.4263157844543457,0.12789474427700043
YJL165C,YGR047C,0,-5.14339,0.2492307722568512,0.4263157844543457,0.12842105329036713
YOR173W,YIL056W,0,-5.1444135,0.24846625328063965,0.4263157844543457,0.12894736230373383
YOR008C,YKL203C,1,-5.1446733,0.25076451897621155,0.43157893419265747,0.12894736230373383
YGL153W,YDL230W,0,-5.146398,0.25,0.43157893419265747,0.12947368621826172
YGR284C,YLR238W,0,-5.1648006,0.24924011528491974,0.43157893419265747,0.12999999523162842
YMR021C,YML034W,0,-5.166466,0.24848484992980957,0.43157893419265747,0.1305263191461563
YKL093W,YKL119C,0,-5.1684003,0.24773414433002472,0.43157893419265747,0.131052628159523
YLR376C,YIL063C,0,-5.1694474,0.2469879537820816,0.43157893419265747,0.1315789520740509
YMR299C,YHR123W,0,-5.170004,0.24624624848365784,0.43157893419265747,0.1321052610874176
YBR059C,YPL145C,1,-5.176319,0.24850299954414368,0.4368421137332916,0.1321052610874176
YLR347C,YGL044C,0,-5.178093,0.24776118993759155,0.4368421137332916,0.1326315850019455
YHR129C,YKR001C,0,-5.1793866,0.247023805975914,0.4368421137332916,0.1331578940153122
YFR033C,YIL118W,0,-5.1803346,0.24629080295562744,0.4368421137332916,0.1336842179298401
YHR114W,YIL048W,1,-5.180657,0.24852071702480316,0.4421052634716034,0.1336842179298401
YCL011C,YOR153W,0,-5.1833,0.24778760969638824,0.4421052634716034,0.1342105269432068
YGR167W,YLR342W,1,-5.1849637,0.25,0.44736841320991516,0.1342105269432068
YGL003C,YFL005W,0,-5.1867633,0.2492668628692627,0.44736841320991516,0.1347368359565735
YCL034W,YOR008C,1,-5.18806,0.2514619827270508,0.4526315927505493,0.1347368359565735
YJL140W,YDR260C,0,-5.1928983,0.25072887539863586,0.4526315927505493,0.13526315987110138
YBR210W,YDL005C,0,-5.1977715,0.25,0.4526315927505493,0.13578946888446808
YHR150W,YDL188C,0,-5.1980042,0.2492753565311432,0.4526315927505493,0.13631579279899597
YLR148W,YEL060C,0,-5.1984468,0.24855491518974304,0.4526315927505493,0.13684210181236267
YGL119W,YNL023C,0,-5.198772,0.24783861637115479,0.4526315927505493,0.13736842572689056
YIL048W,YKL203C,1,-5.1989636,0.25,0.4578947424888611,0.13736842572689056
YNL090W,YML124C,0,-5.2020984,0.24928367137908936,0.4578947424888611,0.13789473474025726
YOR008C,YOR327C,1,-5.202673,0.2514285743236542,0.46315789222717285,0.13789473474025726
YCL034W,YGR241C,1,-5.2117057,0.25356125831604004,0.4684210419654846,0.13789473474025726
YCR002C,YNL293W,0,-5.2120705,0.25284090638160706,0.4684210419654846,0.13842105865478516
YOR266W,YLR448W,0,-5.2143874,0.2521246373653412,0.4684210419654846,0.13894736766815186
YER042W,YBL102W,0,-5.215185,0.25141242146492004,0.4684210419654846,0.13947369158267975
YBR245C,YPR032W,0,-5.2171373,0.25070422887802124,0.4684210419654846,0.14000000059604645
YDR512C,YEL060C,0,-5.2173038,0.25,0.4684210419654846,0.14052630960941315
YMR246W,YAL031C,0,-5.2194514,0.24929971992969513,0.4684210419654846,0.14105263352394104
YBL026W,YPR181C,0,-5.221819,0.24860335886478424,0.4684210419654846,0.14157894253730774
YEL015W,YBR009C,0,-5.2269382,0.24791085720062256,0.4684210419654846,0.14210526645183563
YCR075C,YLL061W,0,-5.228843,0.24722221493721008,0.4684210419654846,0.14263157546520233
YKL004W,YDL085W,0,-5.232836,0.24653740227222443,0.4684210419654846,0.14315789937973022
YML067C,YDR484W,0,-5.233885,0.2458563596010208,0.4684210419654846,0.14368420839309692
YLR201C,YKR097W,0,-5.2356515,0.24517905712127686,0.4684210419654846,0.14421053230762482
YML120C,YBR294W,0,-5.236509,0.24450549483299255,0.4684210419654846,0.14473684132099152
YKR063C,YLR130C,0,-5.237132,0.24383561313152313,0.4684210419654846,0.1452631652355194
YDL135C,YGR144W,0,-5.237885,0.2431693971157074,0.4684210419654846,0.1457894742488861
YDR484W,YML007W,0,-5.2500405,0.24250681698322296,0.4684210419654846,0.1463157832622528
YEL032W,YGL028C,0,-5.2506704,0.24184782803058624,0.4684210419654846,0.1468421071767807
YPL174C,YOR230W,0,-5.2527184,0.24119241535663605,0.4684210419654846,0.1473684161901474
YJL184W,YBL057C,0,-5.2557216,0.2405405342578888,0.4684210419654846,0.1478947401046753
YDL019C,YHR016C,1,-5.256225,0.2425875961780548,0.4736842215061188,0.1478947401046753
YEL050C,YBR289W,0,-5.2674813,0.24193547666072845,0.4736842215061188,0.148421049118042
YOR142W,YER162C,0,-5.2712255,0.24128685891628265,0.4736842215061188,0.14894737303256989
YHL031C,YPL242C,0,-5.2733226,0.24064171314239502,0.4736842215061188,0.14947368204593658
YPL069C,YLR285W,0,-5.273932,0.23999999463558197,0.4736842215061188,0.15000000596046448
YKL129C,YOR327C,1,-5.2746644,0.24202127754688263,0.47894737124443054,0.15000000596046448
YLR314C,YML120C,0,-5.2786317,0.24137930572032928,0.47894737124443054,0.15052631497383118
YKL129C,YOR008C,1,-5.279746,0.24338623881340027,0.4842105209827423,0.15052631497383118
YJL128C,YDR276C,0,-5.2801576,0.2427440583705902,0.4842105209827423,0.15105263888835907
YLR060W,YNL273W,0,-5.2825093,0.24210526049137115,0.4842105209827423,0.15157894790172577
YDL140C,YDR325W,0,-5.282759,0.24146981537342072,0.4842105209827423,0.15210525691509247
YDR141C,YIL063C,0,-5.284123,0.2408376932144165,0.4842105209827423,0.15263158082962036
YLR342W,YGR086C,1,-5.28463,0.24281984567642212,0.4894736707210541,0.15263158082962036
YHR114W,YPL145C,1,-5.285697,0.2447916716337204,0.49473685026168823,0.15263158082962036
YPR001W,YDR294C,0,-5.28627,0.24415583908557892,0.49473685026168823,0.15315788984298706
YER019W,YDR176W,0,-5.287508,0.24352331459522247,0.49473685026168823,0.15368421375751495
YOR028C,YDR436W,0,-5.2903724,0.24289405345916748,0.49473685026168823,0.15421052277088165
YOR380W,YBR165W,0,-5.290571,0.24226804077625275,0.49473685026168823,0.15473684668540955
YHR191C,YER056C,0,-5.2914834,0.24164524674415588,0.49473685026168823,0.15526315569877625
YOL126C,YJL121C,0,-5.293112,0.2410256415605545,0.49473685026168823,0.15578947961330414
YJR059W,YOR151C,0,-5.2934546,0.24040921032428741,0.49473685026168823,0.15631578862667084
YBR088C,YGR082W,0,-5.296344,0.23979592323303223,0.49473685026168823,0.15684211254119873
YKL004W,YDR456W,0,-5.2963786,0.23918575048446655,0.49473685026168823,0.15736842155456543
YPR008W,YDL014W,0,-5.299064,0.2385786771774292,0.49473685026168823,0.15789473056793213
YBL079W,YGL008C,0,-5.300428,0.23797468841075897,0.49473685026168823,0.15842105448246002
YML080W,YPR181C,0,-5.3015065,0.2373737394809723,0.49473685026168823,0.15894736349582672
YHR114W,YLR342W,1,-5.3017354,0.23929470777511597,0.5,0.15894736349582672
YOR028C,YBL050W,0,-5.3042326,0.2386934608221054,0.5,0.15947368741035461
YBR165W,YPL206C,0,-5.308388,0.2380952388048172,0.5,0.1599999964237213
YKL060C,YPR083W,0,-5.316229,0.23749999701976776,0.5,0.1605263203382492
YMR184W,YKL120W,0,-5.3224435,0.2369077354669571,0.5,0.1610526293516159
YLR342W,YIL048W,1,-5.323603,0.23880596458911896,0.5052631497383118,0.1610526293516159
YBR059C,YGR241C,1,-5.3237333,0.2406947910785675,0.5105262994766235,0.1610526293516159
YKL129C,YKL203C,1,-5.3284616,0.24257425963878632,0.5157894492149353,0.1610526293516159
YLR207W,YGL025C,0,-5.330707,0.2419753074645996,0.5157894492149353,0.1615789532661438
YMR129W,YKL079W,0,-5.330723,0.24137930572032928,0.5157894492149353,0.1621052622795105
YER119C,YNL273W,0,-5.333629,0.24078623950481415,0.5157894492149353,0.1626315861940384
YNL008C,YOR185C,0,-5.3377557,0.2401960790157318,0.5157894492149353,0.1631578952074051
YPL145C,YHR016C,1,-5.340718,0.2420537918806076,0.5210526585578918,0.1631578952074051
YPL181W,YOR142W,0,-5.340938,0.24146340787410736,0.5210526585578918,0.1636842042207718
YDR260C,YCR084C,0,-5.3409467,0.24087591469287872,0.5210526585578918,0.16421052813529968
YPL224C,YBR237W,0,-5.3419623,0.2402912676334381,0.5210526585578918,0.16473683714866638
YPL145C,YNL032W,1,-5.342556,0.24213075637817383,0.5263158082962036,0.16473683714866638
YMR305C,YPL042C,0,-5.343117,0.2415459007024765,0.5263158082962036,0.16526316106319427
YNR008W,YDL230W,0,-5.343205,0.2409638613462448,0.5263158082962036,0.16578947007656097
YPL271W,YDR312W,0,-5.3471394,0.24038460850715637,0.5263158082962036,0.16631579399108887
YAL016W,YKL095W,0,-5.3510623,0.23980815708637238,0.5263158082962036,0.16684210300445557
YBR097W,YOR230W,0,-5.3518834,0.23923444747924805,0.5263158082962036,0.16736842691898346
YDL230W,YPL138C,0,-5.3546586,0.2386634796857834,0.5263158082962036,0.16789473593235016
YOL063C,YFL036W,0,-5.354986,0.2380952388048172,0.5263158082962036,0.16842105984687805
YEL009C,YKL014C,0,-5.3564095,0.2375296950340271,0.5263158082962036,0.16894736886024475
YDR331W,YOL002C,0,-5.357178,0.2369668185710907,0.5263158082962036,0.16947367787361145
YKL203C,YHR016C,1,-5.357581,0.23877067863941193,0.5315789580345154,0.16947367787361145
YGR229C,YPR009W,0,-5.3637877,0.23820754885673523,0.5315789580345154,0.17000000178813934
YGL084C,YJL073W,0,-5.3754907,0.23764705657958984,0.5315789580345154,0.17052631080150604
YBR002C,YDR532C,0,-5.3766847,0.23708920180797577,0.5315789580345154,0.17105263471603394
YOL033W,YMR008C,0,-5.3774543,0.23653395473957062,0.5315789580345154,0.17157894372940063
YGR167W,YKL203C,1,-5.378844,0.23831775784492493,0.5368421077728271,0.17157894372940063
YLR350W,YKR001C,0,-5.3796983,0.2377622425556183,0.5368421077728271,0.17210526764392853
YFL031W,YBR088C,0,-5.380255,0.23720930516719818,0.5368421077728271,0.17263157665729523
YPL110C,YPL129W,0,-5.3812785,0.23665893077850342,0.5368421077728271,0.17315790057182312
YBR039W,YGR009C,0,-5.383336,0.2361111044883728,0.5368421077728271,0.17368420958518982
YGL020C,YGR081C,0,-5.3839207,0.23556582629680634,0.5368421077728271,0.1742105334997177
YBL099W,YLL012W,0,-5.3862443,0.23502303659915924,0.5368421077728271,0.1747368425130844
YBR029C,YLR006C,0,-5.387963,0.2344827651977539,0.5368421077728271,0.1752631515264511
YOR260W,YPL002C,0,-5.3901916,0.23394495248794556,0.5368421077728271,0.175789475440979
YGR010W,YMR125W,0,-5.3914237,0.23340961337089539,0.5368421077728271,0.1763157844543457
YKL093W,YDL188C,0,-5.396114,0.232876718044281,0.5368421077728271,0.1768421083688736
YGR010W,YCR083W,0,-5.396799,0.23234623670578003,0.5368421077728271,0.1773684173822403
YAL056W,YOR036W,0,-5.3999147,0.23181818425655365,0.5368421077728271,0.1778947412967682
YLR390W-A,YOL063C,0,-5.4012465,0.2312925159931183,0.5368421077728271,0.1784210503101349
YGL020C,YFR033C,0,-5.407252,0.23076923191547394,0.5368421077728271,0.17894737422466278
YMR184W,YOL005C,0,-5.4074683,0.23024830222129822,0.5368421077728271,0.17947368323802948
YDR512C,YPR198W,0,-5.4083533,0.22972972691059113,0.5368421077728271,0.18000000715255737
YAL051W,YPL156C,0,-5.40868,0.22921347618103027,0.5368421077728271,0.18052631616592407
YEL060C,YKR055W,0,-5.4099574,0.22869955003261566,0.5368421077728271,0.18105262517929077
YHR114W,YCL034W,1,-5.412679,0.23042505979537964,0.5421052575111389,0.18105262517929077
YFR019W,YHR111W,0,-5.4131255,0.2299107164144516,0.5421052575111389,0.18157894909381866
YDL085W,YJL076W,0,-5.413766,0.2293986678123474,0.5421052575111389,0.18210525810718536
YNL219C,YNL061W,0,-5.413889,0.2288888841867447,0.5421052575111389,0.18263158202171326
YNL032W,YBL007C,1,-5.414862,0.23059867322444916,0.5473684072494507,0.18263158202171326
YGL174W,YMR311C,0,-5.415344,0.2300885021686554,0.5473684072494507,0.18315789103507996
YJL219W,YBL058W,0,-5.417014,0.2295805811882019,0.5473684072494507,0.18368421494960785
YOR099W,YDR244W,0,-5.4217424,0.2290748953819275,0.5473684072494507,0.18421052396297455
YJL138C,YIL063C,0,-5.422049,0.22857142984867096,0.5473684072494507,0.18473684787750244
YER146W,YGL210W,0,-5.4235826,0.22807016968727112,0.5473684072494507,0.18526315689086914
YLR129W,YPL036W,0,-5.431426,0.22757111489772797,0.5473684072494507,0.18578948080539703
YBR029C,YBR165W,0,-5.431461,0.22707423567771912,0.5473684072494507,0.18631578981876373
YPL115C,YER149C,0,-5.4325137,0.22657951712608337,0.5473684072494507,0.18684209883213043
YLL060C,YPL242C,0,-5.4362454,0.22608695924282074,0.5473684072494507,0.18736842274665833
YKR028W,YLR425W,0,-5.44146,0.22559653222560883,0.5473684072494507,0.18789473176002502
YKL074C,YJL121C,0,-5.4420877,0.22510822117328644,0.5473684072494507,0.18842105567455292
YGL073W,YOL005C,0,-5.446753,0.22462202608585358,0.5473684072494507,0.18894736468791962
YIL048W,YNL032W,1,-5.447744,0.22629310190677643,0.5526315569877625,0.18894736468791962
YLR390W-A,YML065W,0,-5.450361,0.22580644488334656,0.5526315569877625,0.1894736886024475
YDR517W,YCR060W,0,-5.4503627,0.22532188892364502,0.5526315569877625,0.1899999976158142
YJR013W,YNL291C,0,-5.4509363,0.22483940422534943,0.5526315569877625,0.1905263215303421
YCR005C,YJL165C,0,-5.4522595,0.22435897588729858,0.5526315569877625,0.1910526305437088
YBL007C,YKL203C,1,-5.4541783,0.22601279616355896,0.557894766330719,0.1910526305437088
YOR142W,YNL317W,0,-5.4565845,0.2255319207906723,0.557894766330719,0.1915789544582367
YHR024C,YEL065W,0,-5.4585176,0.225053071975708,0.557894766330719,0.1921052634716034
YJR105W,YGL192W,0,-5.458645,0.22457626461982727,0.557894766330719,0.1926315724849701
YMR165C,YGR199W,0,-5.460214,0.2241014838218689,0.557894766330719,0.19315789639949799
YBR073W,YKR055W,0,-5.4619975,0.2236286848783493,0.557894766330719,0.19368420541286469
YLR079W,YLR043C,0,-5.462049,0.22315789759159088,0.557894766330719,0.19421052932739258
YDL055C,YBL102W,0,-5.4707503,0.22268907725811005,0.557894766330719,0.19473683834075928
YLR096W,YKL041W,0,-5.4709163,0.2222222238779068,0.557894766330719,0.19526316225528717
YJR035W,YBL050W,0,-5.4726996,0.22175732254981995,0.557894766330719,0.19578947126865387
YKL016C,YKL040C,0,-5.4729404,0.2212943583726883,0.557894766330719,0.19631579518318176
YNL256W,YDL188C,0,-5.473963,0.22083333134651184,0.557894766330719,0.19684210419654846
YDR039C,YML034W,0,-5.4775705,0.2203742265701294,0.557894766330719,0.19736842811107635
YAL031C,YNR023W,0,-5.477725,0.21991701424121857,0.557894766330719,0.19789473712444305
YOR112W,YKL086W,0,-5.478884,0.21946169435977936,0.557894766330719,0.19842104613780975
YEL015W,YDR378C,0,-5.4837584,0.21900826692581177,0.557894766330719,0.19894737005233765
YGL153W,YJL059W,0,-5.486869,0.2185567021369934,0.557894766330719,0.19947367906570435
YLL061W,YBL079W,0,-5.4880524,0.21810699999332428,0.557894766330719,0.20000000298023224
YMR168C,YDR258C,0,-5.4883103,0.217659130692482,0.557894766330719,0.20052631199359894
YOL013C,YLR006C,0,-5.490048,0.21721310913562775,0.557894766330719,0.20105263590812683
YKL129C,YBL007C,1,-5.491854,0.2188139110803604,0.5631579160690308,0.20105263590812683
YNR002C,YJL030W,0,-5.491868,0.21836735308170319,0.5631579160690308,0.20157894492149353
YFR019W,YDR030C,0,-5.4923134,0.2179226130247116,0.5631579160690308,0.20210526883602142
YCL034W,YNL032W,1,-5.4951663,0.2195121943950653,0.5684210658073425,0.20210526883602142
YLR314C,YHR008C,0,-5.4975395,0.21906693279743195,0.5684210658073425,0.20263157784938812
YDL019C,YNL032W,1,-5.4987135,0.22064776718616486,0.5736842155456543,0.20263157784938812
YGL073W,YGL104C,0,-5.502197,0.2202020138502121,0.5736842155456543,0.20315790176391602
YIL115C,YKL043W,0,-5.502822,0.2197580635547638,0.5736842155456543,0.20368421077728271
YPL145C,YCL034W,1,-5.505157,0.22132796049118042,0.5789473652839661,0.20368421077728271
YFR053C,YGR010W,0,-5.5051675,0.2208835333585739,0.5789473652839661,0.20421051979064941
YGR178C,YDL007W,0,-5.5089674,0.22044087946414948,0.5789473652839661,0.2047368437051773
YFL013C,YNL236W,0,-5.509685,0.2199999988079071,0.5789473652839661,0.205263152718544
YDL090C,YIL105C,0,-5.5135,0.2195608764886856,0.5789473652839661,0.2057894766330719
YER036C,YEL003W,0,-5.514292,0.21912351250648499,0.5789473652839661,0.2063157856464386
YML116W,YGR119C,0,-5.51491,0.21868787705898285,0.5789473652839661,0.2068421095609665
YDL224C,YIL063C,0,-5.517498,0.2182539701461792,0.5789473652839661,0.2073684185743332
YML081C-A,YIL122W,0,-5.518661,0.21782177686691284,0.5789473652839661,0.20789474248886108
YML077W,YKL018W,0,-5.51907,0.21739129722118378,0.5789473652839661,0.20842105150222778
YBR002C,YDR545W,0,-5.5235724,0.216962531208992,0.5789473652839661,0.20894737541675568
YMR048W,YMR311C,0,-5.524985,0.21653543412685394,0.5789473652839661,0.20947368443012238
YCR106W,YOR213C,0,-5.5263515,0.2161100208759308,0.5789473652839661,0.20999999344348907
YJR042W,YGL028C,0,-5.527494,0.21568627655506134,0.5789473652839661,0.21052631735801697
YEL015W,YPL206C,0,-5.530255,0.2152641862630844,0.5789473652839661,0.21105262637138367
YGL194C,YML085C,0,-5.5321245,0.21484375,0.5789473652839661,0.21157895028591156
YDL174C,YAL042W,0,-5.532559,0.2144249528646469,0.5789473652839661,0.21210525929927826
YIL124W,YDR011W,0,-5.5331187,0.21400777995586395,0.5789473652839661,0.21263158321380615
YMR246W,YBL105C,0,-5.5364194,0.21359223127365112,0.5789473652839661,0.21315789222717285
YFL031W,YKR001C,0,-5.53648,0.21317829191684723,0.5789473652839661,0.21368421614170074
YOR180C,YDR335W,0,-5.5383563,0.21276596188545227,0.5789473652839661,0.21421052515506744
YKL085W,YBL106C,0,-5.543073,0.21235521137714386,0.5789473652839661,0.21473684906959534
YNR008W,YBL026W,0,-5.5443616,0.2119460552930832,0.5789473652839661,0.21526315808296204
YOR243C,YML034W,0,-5.5453763,0.21153846383094788,0.5789473652839661,0.21578946709632874
YGR178C,YDL030W,0,-5.5470405,0.21113243699073792,0.5789473652839661,0.21631579101085663
YDL008W,YJR147W,0,-5.547409,0.2107279747724533,0.5789473652839661,0.21684210002422333
YLR390W-A,YLR376C,0,-5.5490904,0.21032504737377167,0.5789473652839661,0.21736842393875122
YGL071W,YHL025W,0,-5.549578,0.2099236696958542,0.5789473652839661,0.21789473295211792
YBL026W,YPR182W,0,-5.550801,0.20952381193637848,0.5789473652839661,0.2184210568666458
YKL114C,YML019W,0,-5.552959,0.20912547409534454,0.5789473652839661,0.2189473658800125
YDR142C,YOR243C,0,-5.5569825,0.20872865617275238,0.5789473652839661,0.2194736897945404
YPR019W,YDL085W,0,-5.5575166,0.2083333283662796,0.5789473652839661,0.2199999988079071
YAL051W,YPR007C,0,-5.557726,0.2079395055770874,0.5789473652839661,0.220526322722435
YJR025C,YBR162C,0,-5.5596385,0.2075471729040146,0.5789473652839661,0.2210526317358017
YER119C,YDR484W,0,-5.560427,0.20715631544589996,0.5789473652839661,0.2215789407491684
YJR105W,YPL221W,0,-5.5607014,0.20676691830158234,0.5789473652839661,0.2221052646636963
YBL105C,YOR159C,0,-5.5648484,0.2063789814710617,0.5789473652839661,0.222631573677063
YBR142W,YCR012W,0,-5.5654197,0.20599250495433807,0.5789473652839661,0.22315789759159088
YGL021W,YNL131W,0,-5.5690246,0.20560747385025024,0.5789473652839661,0.22368420660495758
YNR008W,YPR189W,0,-5.5691285,0.20522387325763702,0.5789473652839661,0.22421053051948547
YOL009C,YDR092W,0,-5.572066,0.2048417180776596,0.5789473652839661,0.22473683953285217
YKR062W,YOR069W,0,-5.57243,0.2044609636068344,0.5789473652839661,0.22526316344738007
YJR155W,YPR138C,0,-5.5745587,0.20408163964748383,0.5789473652839661,0.22578947246074677
YNL118C,YDR277C,0,-5.575752,0.20370370149612427,0.5789473652839661,0.22631579637527466
YNL032W,YHR016C,1,-5.576032,0.20517559349536896,0.5842105150222778,0.22631579637527466
YMR311C,YNL131W,0,-5.5772014,0.20479704439640045,0.5842105150222778,0.22684210538864136
YHR011W,YLL061W,0,-5.5824056,0.20441989600658417,0.5842105150222778,0.22736841440200806
YLR097C,YPR056W,0,-5.58363,0.20404411852359772,0.5842105150222778,0.22789473831653595
YGL021W,YML120C,0,-5.5838437,0.2036697268486023,0.5842105150222778,0.22842104732990265
YKL129C,YNL032W,1,-5.586053,0.20512820780277252,0.5894736647605896,0.22842104732990265
YNL032W,YGR241C,1,-5.5878053,0.20658135414123535,0.5947368144989014,0.22842104732990265
YML034W,YGR020C,0,-5.588007,0.2062043845653534,0.5947368144989014,0.22894737124443054
YPR100W,YJR110W,0,-5.588615,0.20582878589630127,0.5947368144989014,0.22947368025779724
YJR105W,YKL060C,0,-5.590977,0.20545454323291779,0.5947368144989014,0.23000000417232513
YOR081C,YHR111W,0,-5.5922794,0.20508167147636414,0.5947368144989014,0.23052631318569183
YDR297W,YLR466W,0,-5.594108,0.20471014082431793,0.5947368144989014,0.23105263710021973
YPR093C,YAL029C,0,-5.594482,0.20433996617794037,0.5947368144989014,0.23157894611358643
YKL129C,YGR086C,1,-5.5950437,0.2057761698961258,0.6000000238418579,0.23157894611358643
YOR023C,YPL242C,0,-5.5959177,0.20540539920330048,0.6000000238418579,0.23210527002811432
YPR193C,YNR008W,0,-5.5967345,0.2050359696149826,0.6000000238418579,0.23263157904148102
YKL154W,YOR081C,0,-5.5985017,0.204667866230011,0.6000000238418579,0.23315788805484772
YIL033C,YIL159W,0,-5.6029754,0.20430107414722443,0.6000000238418579,0.2336842119693756
YBR009C,YBL026W,0,-5.6040683,0.20393559336662292,0.6000000238418579,0.2342105209827423
YDR122W,YGR047C,0,-5.60489,0.20357142388820648,0.6000000238418579,0.2347368448972702
YKL129C,YGR241C,1,-5.605672,0.20499108731746674,0.6052631735801697,0.2347368448972702
YPL242C,YDL188C,0,-5.608793,0.20462633669376373,0.6052631735801697,0.2352631539106369
YER009W,YOL020W,0,-5.6089997,0.2042628824710846,0.6052631735801697,0.2357894778251648
YGL054C,YAL031C,0,-5.609497,0.20390070974826813,0.6052631735801697,0.2363157868385315
YGL191W,YML121W,0,-5.611466,0.20353981852531433,0.6052631735801697,0.2368421107530594
YLR138W,YFL036W,0,-5.613154,0.2031802088022232,0.6052631735801697,0.2373684197664261
YLR342W,YNL032W,1,-5.614477,0.20458553731441498,0.6105263233184814,0.2373684197664261
YOR145C,YKR062W,0,-5.6174493,0.2042253464460373,0.6105263233184814,0.23789474368095398
YHR019C,YPL133C,0,-5.6194005,0.20386643707752228,0.6105263233184814,0.23842105269432068
YOR185C,YER053C,0,-5.6211753,0.20350876450538635,0.6105263233184814,0.23894736170768738
YBR037C,YDR146C,0,-5.621404,0.2031523585319519,0.6105263233184814,0.23947368562221527
YPL156C,YDR498C,0,-5.6220927,0.20279720425605774,0.6105263233184814,0.23999999463558197
YAL024C,YML058W,0,-5.622837,0.20244328677654266,0.6105263233184814,0.24052631855010986
YMR129W,YKL086W,0,-5.627687,0.20209059119224548,0.6105263233184814,0.24105262756347656
YLL061W,YDR208W,0,-5.629788,0.2017391324043274,0.6105263233184814,0.24157895147800446
YNL293W,YGL013C,0,-5.6309934,0.2013888955116272,0.6105263233184814,0.24210526049137115
YML081C-A,YGR185C,0,-5.633141,0.2010398656129837,0.6105263233184814,0.24263158440589905
YGL044C,YBR037C,0,-5.634301,0.2006920427083969,0.6105263233184814,0.24315789341926575
YGL045W,YPR189W,0,-5.6349096,0.20034542679786682,0.6105263233184814,0.24368421733379364
YPL145C,YKL129C,1,-5.6447988,0.20172414183616638,0.6157894730567932,0.24368421733379364
YCR012W,YLR130C,0,-5.6449904,0.20137692987918854,0.6157894730567932,0.24421052634716034
YGL032C,YML029W,0,-5.6462145,0.2010309249162674,0.6157894730567932,0.24473683536052704
YBR068C,YDR240C,0,-5.6472287,0.20068611204624176,0.6157894730567932,0.24526315927505493
YNL112W,YGL008C,0,-5.6473246,0.20034246146678925,0.6157894730567932,0.24578946828842163
YJL076W,YLR340W,0,-5.648214,0.20000000298023224,0.6157894730567932,0.24631579220294952
YJL062W,YGR082W,0,-5.648847,0.19965870678424835,0.6157894730567932,0.24684210121631622
YPL100W,YNL001W,0,-5.6489077,0.19931857287883759,0.6157894730567932,0.24736842513084412
YGR041W,YAL016W,0,-5.6509523,0.19897958636283875,0.6157894730567932,0.24789473414421082
YDR375C,YKL093W,0,-5.652547,0.19864176213741302,0.6157894730567932,0.2484210580587387
YNL281W,YNL293W,0,-5.657762,0.19830508530139923,0.6157894730567932,0.2489473670721054
YCR002C,YOL005C,0,-5.6590376,0.19796954095363617,0.6157894730567932,0.2494736909866333
YBR068C,YGR094W,0,-5.660875,0.19763512909412384,0.6157894730567932,0.25
YJL081C,YKL120W,0,-5.6620364,0.19730184972286224,0.6157894730567932,0.2505263090133667
YDL008W,YJL165C,0,-5.6651397,0.19696970283985138,0.6157894730567932,0.2510526180267334
YLL041C,YJR110W,0,-5.667773,0.19663865864276886,0.6157894730567932,0.2515789568424225
YKL074C,YJL140W,0,-5.667835,0.19630873203277588,0.6157894730567932,0.2521052658557892
YKR083C,YNR052C,0,-5.6682897,0.19597989320755005,0.6157894730567932,0.2526315748691559
YHR059W,YDR523C,0,-5.670771,0.19565217196941376,0.6157894730567932,0.2531578838825226
YKL185W,YDR498C,0,-5.671595,0.19532553851604462,0.6157894730567932,0.25368422269821167
YDR255C,YNL236W,0,-5.6724515,0.19499999284744263,0.6157894730567932,0.25421053171157837
YGL073W,YGR178C,0,-5.6728683,0.1946755349636078,0.6157894730567932,0.25473684072494507
YOR327C,YHR016C,1,-5.67293,0.19601328670978546,0.621052622795105,0.25473684072494507
YDR258C,YIR009W,0,-5.6759796,0.19568823277950287,0.621052622795105,0.25526314973831177
YKR028W,YDR311W,0,-5.676018,0.19536423683166504,0.621052622795105,0.25578948855400085
YLR390W-A,YBL105C,0,-5.67818,0.19504132866859436,0.621052622795105,0.25631579756736755
YIL048W,YHR016C,1,-5.680139,0.19636963307857513,0.6263157725334167,0.25631579756736755
YNR002C,YMR165C,0,-5.6829762,0.1960461288690567,0.6263157725334167,0.25684210658073425
YJL039C,YPL036W,0,-5.6830297,0.19572368264198303,0.6263157725334167,0.25736841559410095
YOR284W,YML058W,0,-5.6852508,0.19540229439735413,0.6263157725334167,0.25789472460746765
YOR380W,YGL113W,0,-5.6861863,0.19508196413516998,0.6263157725334167,0.25842106342315674
YDR176W,YGR046W,0,-5.687143,0.1947626769542694,0.6263157725334167,0.25894737243652344
YKL074C,YNL036W,0,-5.687265,0.1944444477558136,0.6263157725334167,0.25947368144989014
YDL135C,YPL124W,0,-5.687595,0.19412724673748016,0.6263157725334167,0.25999999046325684
YDR208W,YPL156C,0,-5.688636,0.1938110738992691,0.6263157725334167,0.2605263292789459
YLR172C,YOR328W,0,-5.691383,0.19349592924118042,0.6263157725334167,0.2610526382923126
YHR114W,YKL203C,1,-5.693886,0.19480518996715546,0.6315789222717285,0.2610526382923126
YNR044W,YOL020W,0,-5.6942253,0.1944894641637802,0.6315789222717285,0.2615789473056793
YBR073W,YDR145W,0,-5.695581,0.19417475163936615,0.6315789222717285,0.262105256319046
YLR376C,YDL224C,0,-5.695886,0.19386106729507446,0.6315789222717285,0.2626315653324127
YER019W,YGL051W,0,-5.6969843,0.19354838132858276,0.6315789222717285,0.2631579041481018
YJR089W,YPR032W,0,-5.7030396,0.19323670864105225,0.6315789222717285,0.2636842131614685
YML077W,YDR281C,0,-5.7036495,0.1929260492324829,0.6315789222717285,0.2642105221748352
YCL016C,YDL115C,0,-5.705995,0.19261637330055237,0.6315789222717285,0.2647368311882019
YJR119C,YJR059W,0,-5.7081647,0.19230769574642181,0.6315789222717285,0.265263170003891
YJR147W,YLR328W,0,-5.708342,0.19200000166893005,0.6315789222717285,0.2657894790172577
YOL003C,YOR380W,0,-5.7117367,0.1916932910680771,0.6315789222717285,0.2663157880306244
YCL034W,YGR086C,1,-5.7124634,0.19298245012760162,0.6368421316146851,0.2663157880306244
YJR057W,YPR072W,0,-5.712507,0.1926751583814621,0.6368421316146851,0.2668420970439911
YJL062W,YDR113C,0,-5.713651,0.19236883521080017,0.6368421316146851,0.2673684358596802
YAR019C,YGL191W,0,-5.7150493,0.19206349551677704,0.6368421316146851,0.2678947448730469
YIL115C,YGL025C,0,-5.7170587,0.1917591094970703,0.6368421316146851,0.2684210538864136
YGL003C,YJR145C,0,-5.723285,0.1914556920528412,0.6368421316146851,0.2689473628997803
YPR019W,YML098W,0,-5.7264876,0.19115324318408966,0.6368421316146851,0.269473671913147
YOR327C,YNL154C,1,-5.727638,0.19242902100086212,0.6421052813529968,0.269473671913147
YNL250W,YOR230W,0,-5.728165,0.19212599098682404,0.6421052813529968,0.27000001072883606
YCR002C,YDR145W,0,-5.7288556,0.19182389974594116,0.6421052813529968,0.27052631974220276
YBL050W,YPL144W,0,-5.7294545,0.1915227621793747,0.6421052813529968,0.27105262875556946
YML065W,YGR047C,0,-5.732466,0.19122256338596344,0.6421052813529968,0.27157893776893616
YKL129C,YIL048W,1,-5.732468,0.19248826801776886,0.6473684310913086,0.27157893776893616
YKR083C,YPL049C,0,-5.73617,0.19218750298023224,0.6473684310913086,0.27210527658462524
YHL047C,YDL230W,0,-5.7369633,0.19188767671585083,0.6473684310913086,0.27263158559799194
YEL015W,YOR230W,0,-5.7381186,0.19158878922462463,0.6473684310913086,0.27315789461135864
YGL116W,YOL063C,0,-5.7414203,0.19129082560539246,0.6473684310913086,0.27368420362472534
YPR189W,YGR020C,0,-5.7417436,0.1909937858581543,0.6473684310913086,0.27421051263809204
YHR011W,YJL183W,0,-5.7425046,0.19069766998291016,0.6473684310913086,0.27473685145378113
YPL048W,YGL194C,0,-5.743088,0.19040247797966003,0.6473684310913086,0.2752631604671478
YNL133C,YJL186W,0,-5.7449427,0.19010819494724274,0.6473684310913086,0.2757894694805145
YPR104C,YMR125W,0,-5.7462745,0.18981482088565826,0.6473684310913086,0.2763157784938812
YNR008W,YLR425W,0,-5.751576,0.18952234089374542,0.6473684310913086,0.2768421173095703
YPL125W,YOR153W,0,-5.7523923,0.1892307698726654,0.6473684310913086,0.277368426322937
YPL224C,YLR425W,0,-5.752832,0.18894009292125702,0.6473684310913086,0.2778947353363037
YOR008C,YNL154C,1,-5.7532134,0.19018404185771942,0.6526315808296204,0.2778947353363037
YGL045W,YDR297W,0,-5.7585597,0.18989279866218567,0.6526315808296204,0.2784210443496704
YLL018C-A,YLR223C,0,-5.7586904,0.18960244953632355,0.6526315808296204,0.2789473831653595
YNL133C,YMR270C,0,-5.760815,0.18931297957897186,0.6526315808296204,0.2794736921787262
YMR202W,YGR094W,0,-5.762959,0.18902438879013062,0.6526315808296204,0.2800000011920929
YCR048W,YDR130C,0,-5.764897,0.1887366771697998,0.6526315808296204,0.2805263102054596
YBR065C,YKR028W,0,-5.766628,0.18844984471797943,0.6526315808296204,0.2810526192188263
YDR130C,YGL048C,0,-5.7667885,0.1881638914346695,0.6526315808296204,0.2815789580345154
YGL095C,YLR466W,0,-5.770414,0.1878787875175476,0.6526315808296204,0.2821052670478821
YBR155W,YNL036W,0,-5.771759,0.18759454786777496,0.6526315808296204,0.2826315760612488
YKL007W,YAL056W,0,-5.77283,0.18731117248535156,0.6526315808296204,0.2831578850746155
YML013W,YPL122C,0,-5.7754655,0.1870286613702774,0.6526315808296204,0.28368422389030457
YJL121C,YLR079W,0,-5.7760644,0.1867469847202301,0.6526315808296204,0.28421053290367126
YIL070C,YCR042C,0,-5.7787147,0.18646617233753204,0.6526315808296204,0.28473684191703796
YBR088C,YOR035C,0,-5.779268,0.18618617951869965,0.6526315808296204,0.28526315093040466
YIR009W,YBL050W,0,-5.780396,0.1859070509672165,0.6526315808296204,0.28578945994377136
YJL173C,YGR009C,0,-5.781668,0.185628741979599,0.6526315808296204,0.28631579875946045
YDL029W,YJR147W,0,-5.7830977,0.18535126745700836,0.6526315808296204,0.28684210777282715
YML081C-A,YMR068W,0,-5.784228,0.18507462739944458,0.6526315808296204,0.28736841678619385
YGL153W,YNL273W,0,-5.785193,0.18479880690574646,0.6526315808296204,0.28789472579956055
YCR002C,YER009W,0,-5.786126,0.184523805975914,0.6526315808296204,0.28842106461524963
YNR027W,YDR021W,0,-5.7874994,0.1842496246099472,0.6526315808296204,0.28894737362861633
YOR074C,YPL133C,0,-5.7902727,0.18397626280784607,0.6526315808296204,0.28947368264198303
YMR246W,YHR119W,0,-5.7920885,0.1837037056684494,0.6526315808296204,0.28999999165534973
YJL201W,YHL031C,0,-5.792983,0.1834319531917572,0.6526315808296204,0.2905263304710388
YBR009C,YDR335W,0,-5.796295,0.18316100537776947,0.6526315808296204,0.2910526394844055
YJL165C,YOR209C,0,-5.7978225,0.1828908622264862,0.6526315808296204,0.2915789484977722
YGR085C,YGR059W,0,-5.7985277,0.18262150883674622,0.6526315808296204,0.2921052575111389
YDR297W,YOR129C,0,-5.8003793,0.1823529452085495,0.6526315808296204,0.2926315665245056
YJL071W,YLR130C,0,-5.801904,0.18208517134189606,0.6526315808296204,0.2931579053401947
YOR236W,YHL036W,0,-5.805786,0.1818181872367859,0.6526315808296204,0.2936842143535614
YPL112C,YPL156C,0,-5.8069596,0.1815519779920578,0.6526315808296204,0.2942105233669281
YCL034W,YOR327C,1,-5.8074536,0.18274854123592377,0.6578947305679321,0.2942105233669281
YBR059C,YOR327C,1,-5.807618,0.18394160270690918,0.6631578803062439,0.2942105233669281
YDR260C,YNL246W,0,-5.8097773,0.18367347121238708,0.6631578803062439,0.2947368323802948
YIL040W,YGR009C,0,-5.8109045,0.18340611457824707,0.6631578803062439,0.2952631711959839
YDL207W,YMR305C,0,-5.8114285,0.18313953280448914,0.6631578803062439,0.2957894802093506
YDL008W,YKL093W,0,-5.8115087,0.18287372589111328,0.6631578803062439,0.2963157892227173
YBL026W,YAL051W,0,-5.8130474,0.1826086938381195,0.6631578803062439,0.296842098236084
YBL061C,YHR030C,0,-5.815047,0.18234442174434662,0.6631578803062439,0.2973684072494507
YPL271W,YOR216C,0,-5.815277,0.1820809245109558,0.6631578803062439,0.29789474606513977
YPR083W,YNL231C,0,-5.8182592,0.1818181872367859,0.6631578803062439,0.29842105507850647
YJL006C,YPL128C,0,-5.821423,0.18155619502067566,0.6631578803062439,0.29894736409187317
YBL085W,YLR207W,0,-5.82231,0.18129496276378632,0.6631578803062439,0.29947367310523987
YPL042C,YOR129C,0,-5.8226695,0.18103447556495667,0.6631578803062439,0.30000001192092896
YKL048C,YDL085W,0,-5.82272,0.1807747483253479,0.6631578803062439,0.30052632093429565
YLR342W,YCL034W,1,-5.823929,0.18194842338562012,0.6684210300445557,0.30052632093429565
YER016W,YGL020C,0,-5.825322,0.181688129901886,0.6684210300445557,0.30105262994766235
YPL242C,YAR003W,0,-5.8269715,0.18142856657505035,0.6684210300445557,0.30157893896102905
YGL071W,YBR228W,0,-5.828199,0.1811697632074356,0.6684210300445557,0.30210527777671814
YOR208W,YML058W,0,-5.8302517,0.18091167509555817,0.6684210300445557,0.30263158679008484
YHR170W,YML034W,0,-5.837394,0.18065433204174042,0.6684210300445557,0.30315789580345154
YIL040W,YPL200W,0,-5.8386016,0.18039773404598236,0.6684210300445557,0.30368420481681824
YDR337W,YPR182W,0,-5.839539,0.1801418513059616,0.6684210300445557,0.30421051383018494
YGL192W,YOR216C,0,-5.8406143,0.17988668382167816,0.6684210300445557,0.304736852645874
YML067C,YNL036W,0,-5.841332,0.1796322464942932,0.6684210300445557,0.3052631616592407
YFL034C-B,YJR160C,0,-5.844255,0.17937852442264557,0.6684210300445557,0.3057894706726074
YJL053W,YLL041C,0,-5.844739,0.17912553250789642,0.6684210300445557,0.3063157796859741
YDL019C,YKL203C,1,-5.8458447,0.18028168380260468,0.6736842393875122,0.3063157796859741
YCR106W,YLR166C,0,-5.848554,0.18002812564373016,0.6736842393875122,0.3068421185016632
YAR033W,YGR046W,0,-5.8498287,0.17977528274059296,0.6736842393875122,0.3073684275150299
YHR019C,YKL150W,0,-5.8499465,0.17952314019203186,0.6736842393875122,0.3078947365283966
YJR118C,YPL144W,0,-5.851002,0.17927171289920807,0.6736842393875122,0.3084210455417633
YMR290C,YCR012W,0,-5.8519664,0.1790209859609604,0.6736842393875122,0.30894735455513
YLL009C,YFR031C,0,-5.855432,0.17877094447612762,0.6736842393875122,0.3094736933708191
YNL293W,YLR425W,0,-5.8572497,0.17852161824703217,0.6736842393875122,0.3100000023841858
YOR035C,YNL273W,0,-5.858805,0.17827297747135162,0.6736842393875122,0.3105263113975525
YGR060W,YLL060C,0,-5.8589296,0.1780250370502472,0.6736842393875122,0.3110526204109192
YDR375C,YER109C,0,-5.8599668,0.17777778208255768,0.6736842393875122,0.3115789592266083
YDL207W,YOR036W,0,-5.861277,0.17753121256828308,0.6736842393875122,0.312105268239975
YLR390W-A,YKL150W,0,-5.861661,0.1772853136062622,0.6736842393875122,0.3126315772533417
YGR175C,YLR238W,0,-5.8618793,0.17704011499881744,0.6736842393875122,0.3131578862667084
YDL024C,YDR030C,0,-5.863271,0.1767955869436264,0.6736842393875122,0.31368422508239746
YOR151C,YBR289W,0,-5.863383,0.1765517294406891,0.6736842393875122,0.31421053409576416
YMR056C,YDL140C,0,-5.8649373,0.1763085424900055,0.6736842393875122,0.31473684310913086
YJL124C,YHR024C,0,-5.867053,0.17606602609157562,0.6736842393875122,0.31526315212249756
YLR145W,YLR340W,0,-5.8676205,0.17582418024539948,0.6736842393875122,0.31578946113586426
YJR064W,YJL039C,0,-5.8706174,0.17558299005031586,0.6736842393875122,0.31631579995155334
YBR247C,YKL079W,0,-5.871159,0.17534247040748596,0.6736842393875122,0.31684210896492004
YBR233W-A,YDL226C,0,-5.8719354,0.1751026064157486,0.6736842393875122,0.31736841797828674
YGL175C,YPL175W,0,-5.873275,0.17486338317394257,0.6736842393875122,0.31789472699165344
YBR059C,YLR342W,1,-5.874269,0.1759890913963318,0.678947389125824,0.31789472699165344
YEL015W,YHR111W,0,-5.874763,0.17574931681156158,0.678947389125824,0.31842106580734253
YER020W,YGL051W,0,-5.8751855,0.1755101978778839,0.678947389125824,0.31894737482070923
YOR151C,YHR111W,0,-5.877025,0.17527173459529877,0.678947389125824,0.3194736838340759
YGL061C,YGL194C,0,-5.8783526,0.17503392696380615,0.678947389125824,0.3199999928474426
YHR027C,YDR312W,0,-5.879166,0.17479674518108368,0.678947389125824,0.3205263018608093
YNL256W,YGR014W,0,-5.8808465,0.17456021904945374,0.678947389125824,0.3210526406764984
YHR011W,YER068W,0,-5.882018,0.17432431876659393,0.678947389125824,0.3215789496898651
YHR123W,YPL203W,0,-5.8825507,0.17408907413482666,0.678947389125824,0.3221052587032318
YER045C,YML065W,0,-5.882603,0.17385444045066833,0.678947389125824,0.3226315677165985
YPR072W,YEL050C,0,-5.882625,0.17362046241760254,0.678947389125824,0.3231579065322876
YLR342W,YKL203C,1,-5.88382,0.17473118007183075,0.6842105388641357,0.3231579065322876
YHL038C,YDR294C,0,-5.8854747,0.17449665069580078,0.6842105388641357,0.3236842155456543
YNL032W,YNL154C,1,-5.887799,0.1756032109260559,0.6894736886024475,0.3236842155456543
YCR005C,YPL036W,0,-5.8879557,0.17536814510822296,0.6894736886024475,0.324210524559021
YKL008C,YDR279W,0,-5.888389,0.17513369023799896,0.6894736886024475,0.3247368335723877
YPR001W,YDR378C,0,-5.888778,0.1748998612165451,0.6894736886024475,0.3252631723880768
YOR173W,YHR004C,0,-5.888784,0.17466667294502258,0.6894736886024475,0.3257894814014435
YOR185C,YDR498C,0,-5.889904,0.17443408071994781,0.6894736886024475,0.3263157904148102
YNR008W,YPL042C,0,-5.890674,0.17420212924480438,0.6894736886024475,0.3268420994281769
YGL013C,YHR034C,0,-5.891406,0.1739707887172699,0.6894736886024475,0.3273684084415436
YDR062W,YGL113W,0,-5.893893,0.17374005913734436,0.6894736886024475,0.32789474725723267
YGR086C,YKL203C,1,-5.893911,0.17483443021774292,0.6947368383407593,0.32789474725723267
YFR019W,YJR110W,0,-5.8957925,0.1746031790971756,0.6947368383407593,0.32842105627059937
YFL031W,YGR143W,0,-5.896412,0.17437252402305603,0.6947368383407593,0.32894736528396606
YBR068C,YOR127W,0,-5.8975644,0.1741424798965454,0.6947368383407593,0.32947367429733276
YCR012W,YPL133C,0,-5.8982,0.17391304671764374,0.6947368383407593,0.33000001311302185
YBR059C,YNL032W,1,-5.8997107,0.17499999701976776,0.699999988079071,0.33000001311302185
YGR086C,YNL154C,1,-5.9001055,0.17608410120010376,0.7052631378173828,0.33000001311302185
YFL031W,YEL026W,0,-5.9026704,0.17585301399230957,0.7052631378173828,0.33052632212638855
YLR390W-A,YDR238C,0,-5.9044895,0.17562253773212433,0.7052631378173828,0.33105263113975525
YNR002C,YDR092W,0,-5.90529,0.17539267241954803,0.7052631378173828,0.33157894015312195
YML064C,YER005W,0,-5.9054446,0.1751634031534195,0.7052631378173828,0.33210524916648865
YPL069C,YER068W,0,-5.9080997,0.1749347299337387,0.7052631378173828,0.33263158798217773
YMR042W,YGR081C,0,-5.909668,0.17470665276050568,0.7052631378173828,0.33315789699554443
YIR021W,YDL195W,0,-5.910396,0.1744791716337204,0.7052631378173828,0.33368420600891113
YBR142W,YML058W,0,-5.9109244,0.17425227165222168,0.7052631378173828,0.33421051502227783
YOR267C,YGL073W,0,-5.910989,0.17402596771717072,0.7052631378173828,0.3347368538379669
YMR250W,YPR113W,0,-5.913458,0.1738002598285675,0.7052631378173828,0.3352631628513336
YOL088C,YFR040W,0,-5.9139876,0.17357513308525085,0.7052631378173828,0.3357894718647003
YDR337W,YPL175W,0,-5.9144616,0.17335058748722076,0.7052631378173828,0.336315780878067
YDR456W,YPL174C,0,-5.9149523,0.17312660813331604,0.7052631378173828,0.3368421196937561
YDR113C,YNL139C,0,-5.9151,0.17290322482585907,0.7052631378173828,0.3373684287071228
YFR031C,YKL041W,0,-5.916984,0.17268040776252747,0.7052631378173828,0.3378947377204895
YNL032W,YOR008C,1,-5.917315,0.17374517023563385,0.7105262875556946,0.3378947377204895
YNL117W,YMR305C,0,-5.9173627,0.17352184653282166,0.7105262875556946,0.3384210467338562
YPL036W,YCR106W,0,-5.917537,0.17329910397529602,0.7105262875556946,0.3389473557472229
YER056C,YDR145W,0,-5.917587,0.17307692766189575,0.7105262875556946,0.339473694562912
YER042W,YLL004W,0,-5.9194255,0.17285531759262085,0.7105262875556946,0.3400000035762787
YOR171C,YOR216C,0,-5.921042,0.1726342737674713,0.7105262875556946,0.3405263125896454
YML069W,YPL122C,0,-5.92143,0.17241379618644714,0.7105262875556946,0.3410526216030121
YHR072W,YOL005C,0,-5.921508,0.17219388484954834,0.7105262875556946,0.34157896041870117
YJR042W,YDL055C,0,-5.9217663,0.1719745248556137,0.7105262875556946,0.34210526943206787
YKL004W,YBR165W,0,-5.921801,0.17175573110580444,0.7105262875556946,0.34263157844543457
YLL035W,YML059C,0,-5.9224477,0.17153748869895935,0.7105262875556946,0.34315788745880127
YJR025C,YML067C,0,-5.9226136,0.17131979763507843,0.7105262875556946,0.34368419647216797
YGL051W,YOL104C,0,-5.924668,0.17110265791416168,0.7105262875556946,0.34421053528785706
YKL093W,YGR159C,0,-5.927136,0.1708860695362091,0.7105262875556946,0.34473684430122375
YDR503C,YNR023W,0,-5.927586,0.1706700325012207,0.7105262875556946,0.34526315331459045
YML058W,YEL026W,0,-5.9326034,0.17045454680919647,0.7105262875556946,0.34578946232795715
YPL112C,YDR198C,0,-5.9391785,0.17023959755897522,0.7105262875556946,0.34631580114364624
YKL120W,YDR311W,0,-5.9400973,0.17002518475055695,0.7105262875556946,0.34684211015701294
YPR021C,YGL084C,0,-5.9401474,0.16981132328510284,0.7105262875556946,0.34736841917037964
YBR142W,YGR183C,0,-5.9408784,0.16959798336029053,0.7105262875556946,0.34789472818374634
YDR028C,YDR058C,0,-5.943555,0.16938519477844238,0.7105262875556946,0.3484210669994354
YPL145C,YOR327C,1,-5.9440575,0.17042607069015503,0.7157894968986511,0.3484210669994354
YNL148C,YDL224C,0,-5.9447823,0.1702127605676651,0.7157894968986511,0.3489473760128021
YIL033C,YIR021W,0,-5.9473796,0.17000000178813934,0.7157894968986511,0.3494736850261688
YOR099W,YDL159W,0,-5.949655,0.16978776454925537,0.7157894968986511,0.3499999940395355
YLL060C,YDR092W,0,-5.9522815,0.16957606375217438,0.7157894968986511,0.3505263030529022
YLL042C,YDR293C,0,-5.952846,0.16936488449573517,0.7157894968986511,0.3510526418685913
YBR039W,YOL020W,0,-5.955343,0.16915422677993774,0.7157894968986511,0.351578950881958
YNL032W,YOR327C,1,-5.9593883,0.1701863408088684,0.7210526466369629,0.351578950881958
YJL173C,YGR229C,0,-5.9604387,0.1699751913547516,0.7210526466369629,0.3521052598953247
YDL115C,YKR001C,0,-5.9604864,0.16976456344127655,0.7210526466369629,0.3526315689086914
YKL203C,YNL154C,1,-5.9608693,0.17079207301139832,0.7263157963752747,0.3526315689086914
YDL069C,YGL084C,0,-5.9622836,0.17058096826076508,0.7263157963752747,0.3531579077243805
YNR008W,YFL034C-B,0,-5.964606,0.17037037014961243,0.7263157963752747,0.3536842167377472
YDR276C,YNL090W,0,-5.9656944,0.17016029357910156,0.7263157963752747,0.3542105257511139
YNL036W,YGR020C,0,-5.967276,0.16995073854923248,0.7263157963752747,0.3547368347644806
YDL117W,YNL127W,0,-5.968477,0.169741690158844,0.7263157963752747,0.3552631437778473
YDL003W,YIL076W,0,-5.9748526,0.1695331633090973,0.7263157963752747,0.3557894825935364
YER035W,YLR328W,0,-5.975264,0.16932515799999237,0.7263157963752747,0.3563157916069031
YLL042C,YFL005W,0,-5.976453,0.16911764442920685,0.7263157963752747,0.3568421006202698
YER020W,YKL074C,0,-5.9806294,0.1689106523990631,0.7263157963752747,0.3573684096336365
YCL034W,YKL203C,1,-5.9806848,0.16992664337158203,0.7315789461135864,0.3573684096336365
YAR033W,YML065W,0,-5.9816074,0.1697191745042801,0.7315789461135864,0.35789474844932556
YGR003W,YGL194C,0,-5.982095,0.16951219737529755,0.7315789461135864,0.35842105746269226
YAR033W,YMR270C,0,-5.9830613,0.1693057268857956,0.7315789461135864,0.35894736647605896
YCR075C,YER109C,0,-5.983544,0.16909976303577423,0.7315789461135864,0.35947367548942566
YJR068W,YLR166C,0,-5.987848,0.16889429092407227,0.7315789461135864,0.36000001430511475
YDR517W,YPR138C,0,-5.9883723,0.1686893254518509,0.7315789461135864,0.36052632331848145
YLL061W,YOR266W,0,-5.9890685,0.1684848517179489,0.7315789461135864,0.36105263233184814
YIL033C,YPL095C,0,-5.99217,0.16828086972236633,0.7315789461135864,0.36157894134521484
YPL069C,YBL026W,0,-5.992248,0.16807739436626434,0.7315789461135864,0.36210525035858154
YPR070W,YIL051C,0,-5.993757,0.16787439584732056,0.7315789461135864,0.36263158917427063
YCL034W,YNL154C,1,-5.995923,0.16887816786766052,0.7368420958518982,0.36263158917427063
YIL142W,YJL219W,0,-5.999095,0.16867469251155853,0.7368420958518982,0.36315789818763733
YAL031C,YAL011W,0,-6.00017,0.16847172379493713,0.7368420958518982,0.36368420720100403
YGR086C,YHR016C,1,-6.002795,0.1694711595773697,0.74210524559021,0.36368420720100403
YJL198W,YNL273W,0,-6.002909,0.1692677140235901,0.74210524559021,0.3642105162143707
YDR516C,YML007W,0,-6.0030828,0.1690647453069687,0.74210524559021,0.3647368550300598
YCR098C,YOR209C,0,-6.0031853,0.1688622683286667,0.74210524559021,0.3652631640434265
YAL056W,YNL082W,0,-6.0038853,0.16866028308868408,0.74210524559021,0.3657894730567932
YER020W,YDR260C,0,-6.004264,0.16845877468585968,0.74210524559021,0.3663157820701599
YBR009C,YNL099C,0,-6.0050035,0.16825775802135468,0.74210524559021,0.3668420910835266
YER146W,YNL236W,0,-6.008055,0.16805721819400787,0.74210524559021,0.3673684298992157
YDL005C,YML092C,0,-6.0083985,0.16785714030265808,0.74210524559021,0.3678947389125824
YGL073W,YLR096W,0,-6.0102963,0.16765755414962769,0.74210524559021,0.3684210479259491
YDL031W,YEL009C,0,-6.0117087,0.1674584299325943,0.74210524559021,0.3689473569393158
YBR043C,YLR033W,0,-6.0127397,0.16725978255271912,0.74210524559021,0.3694736957550049
YER016W,YLL061W,0,-6.013291,0.16706161201000214,0.74210524559021,0.3700000047683716
YJL186W,YOR216C,0,-6.0154853,0.16686390340328217,0.74210524559021,0.3705263137817383
YKL002W,YDR325W,0,-6.016543,0.1666666716337204,0.74210524559021,0.371052622795105
YOR037W,YOL126C,0,-6.018231,0.16646988689899445,0.74210524559021,0.37157896161079407
YER068W,YEL065W,0,-6.0191245,0.1662735790014267,0.74210524559021,0.37210527062416077
YLL004W,YDL188C,0,-6.0206957,0.16607773303985596,0.74210524559021,0.37263157963752747
YGL061C,YHR027C,0,-6.021175,0.16588234901428223,0.74210524559021,0.37315788865089417
YHR027C,YCR060W,0,-6.022183,0.1656874269247055,0.74210524559021,0.37368419766426086
YGR145W,YCR012W,0,-6.022622,0.1654929518699646,0.74210524559021,0.37421053647994995
YDR477W,YJL035C,0,-6.0241475,0.1652989387512207,0.74210524559021,0.37473684549331665
YDR255C,YER072W,0,-6.026061,0.16510538756847382,0.74210524559021,0.37526315450668335
YMR038C,YEL003W,0,-6.0262322,0.16491228342056274,0.74210524559021,0.37578946352005005
YDR375C,YBR247C,0,-6.0275235,0.1647196263074875,0.74210524559021,0.37631580233573914
YGL025C,YKL045W,0,-6.0276113,0.16452741622924805,0.74210524559021,0.37684211134910583
YOR327C,YGR241C,1,-6.027629,0.1655011624097824,0.7473683953285217,0.37684211134910583
YNR002C,YIL159W,0,-6.0276694,0.16530850529670715,0.7473683953285217,0.37736842036247253
YPR093C,YOR209C,0,-6.0299296,0.16511628031730652,0.7473683953285217,0.37789472937583923
YPR019W,YLL004W,0,-6.0307174,0.1649245023727417,0.7473683953285217,0.37842103838920593
YOL164W,YDR285W,0,-6.030951,0.1647331714630127,0.7473683953285217,0.378947377204895
YLR158C,YER122C,0,-6.0310655,0.1645422875881195,0.7473683953285217,0.3794736862182617
YBL098W,YGR284C,0,-6.0311294,0.16435185074806213,0.7473683953285217,0.3799999952316284
YJR160C,YPL002C,0,-6.031418,0.16416184604167938,0.7473683953285217,0.3805263042449951
YIL033C,YER005W,0,-6.032659,0.16397228837013245,0.7473683953285217,0.3810526430606842
YFL031W,YGL028C,0,-6.034897,0.16378316283226013,0.7473683953285217,0.3815789520740509
YLR314C,YNL142W,0,-6.0363803,0.16359446942806244,0.7473683953285217,0.3821052610874176
YNL172W,YPL125W,0,-6.0383677,0.16340620815753937,0.7473683953285217,0.3826315701007843
YNL127W,YIL105C,0,-6.0389123,0.1632183939218521,0.7473683953285217,0.3831579089164734
YNL008C,YIL122W,0,-6.0397525,0.16303099691867828,0.7473683953285217,0.3836842179298401
YDR429C,YLR130C,0,-6.0398993,0.16284403204917908,0.7473683953285217,0.3842105269432068
YOR208W,YJL173C,0,-6.0399985,0.1626574993133545,0.7473683953285217,0.3847368359565735
YMR219W,YDR532C,0,-6.040646,0.16247139871120453,0.7473683953285217,0.3852631449699402
YGL216W,YDR479C,0,-6.04562,0.162285715341568,0.7473683953285217,0.3857894837856293
YCL011C,YNL061W,0,-6.0468874,0.16210044920444489,0.7473683953285217,0.38631579279899597
YBL085W,YHL031C,0,-6.0497513,0.1619156152009964,0.7473683953285217,0.38684210181236267
YEL015W,YGR014W,0,-6.051005,0.16173121333122253,0.7473683953285217,0.38736841082572937
YBR168W,YGL028C,0,-6.051677,0.1615472137928009,0.7473683953285217,0.38789474964141846
YKL114C,YCL001W,0,-6.0534205,0.1613636314868927,0.7473683953285217,0.38842105865478516
YGL037C,YDL159W,0,-6.0552163,0.16118048131465912,0.7473683953285217,0.38894736766815186
YML019W,YPR133C,0,-6.0553794,0.16099773347377777,0.7473683953285217,0.38947367668151855
YDR375C,YGL037C,0,-6.055782,0.16081540286540985,0.7473683953285217,0.38999998569488525
YKL186C,YEL065W,0,-6.057133,0.16063348948955536,0.7473683953285217,0.39052632451057434
YGL135W,YEL065W,0,-6.0581613,0.1604519784450531,0.7473683953285217,0.39105263352394104
YGL142C,YNL273W,0,-6.0583405,0.16027088463306427,0.7473683953285217,0.39157894253730774
YIL122W,YJL187C,0,-6.060855,0.16009019315242767,0.7473683953285217,0.39210525155067444
YML120C,YNL326C,0,-6.062243,0.1599099040031433,0.7473683953285217,0.3926315903663635
YDL005C,YDR058C,0,-6.062553,0.15973003208637238,0.7473683953285217,0.3931578993797302
YPL100W,YGR059W,0,-6.0626283,0.15955056250095367,0.7473683953285217,0.3936842083930969
YBL079W,YDR436W,0,-6.0632915,0.1593714952468872,0.7473683953285217,0.3942105174064636
YML049C,YHR012W,0,-6.063507,0.15919283032417297,0.7473683953285217,0.3947368562221527
YEL003W,YBL061C,0,-6.0639443,0.15901455283164978,0.7473683953285217,0.3952631652355194
YOL063C,YOR236W,0,-6.065475,0.15883669257164001,0.7473683953285217,0.3957894742488861
YPL006W,YGR178C,0,-6.0668344,0.1586592197418213,0.7473683953285217,0.3963157832622528
YKR083C,YDR311W,0,-6.0676374,0.1584821492433548,0.7473683953285217,0.3968420922756195
YHR129C,YML092C,0,-6.0695806,0.15830546617507935,0.7473683953285217,0.3973684310913086
YBR060C,YLL041C,0,-6.069976,0.15812917053699493,0.7473683953285217,0.3978947401046753
YNL129W,YDR293C,0,-6.072263,0.15795327723026276,0.7473683953285217,0.398421049118042
YPL145C,YIL048W,1,-6.0740747,0.15888889133930206,0.7526316046714783,0.398421049118042
YHR072W,YER117W,0,-6.074127,0.15871253609657288,0.7526316046714783,0.3989473581314087
YJL006C,YGL051W,0,-6.0748734,0.15853658318519592,0.7526316046714783,0.3994736969470978
YDL132W,YLR145W,0,-6.075708,0.15836101770401,0.7526316046714783,0.4000000059604645
YDL154W,YER149C,0,-6.0759654,0.15818583965301514,0.7526316046714783,0.4005263149738312
YKL045W,YPL133C,0,-6.076036,0.1580110490322113,0.7526316046714783,0.4010526239871979
YCR098C,YPL129W,0,-6.076918,0.1578366458415985,0.7526316046714783,0.4015789330005646
YOL013C,YLR320W,0,-6.077909,0.15766263008117676,0.7526316046714783,0.40210527181625366
YPL270W,YMR125W,0,-6.0797796,0.15748898684978485,0.7526316046714783,0.40263158082962036
YLR342W,YDL019C,1,-6.080848,0.15841583907604218,0.75789475440979,0.40263158082962036
YNL118C,YLR448W,0,-6.081003,0.15824176371097565,0.75789475440979,0.40315788984298706
YML081C-A,YHR170W,0,-6.0813694,0.15806806087493896,0.75789475440979,0.40368419885635376
YKR083C,YNL294C,0,-6.0827413,0.15789473056793213,0.75789475440979,0.40421053767204285
YML067C,YLR425W,0,-6.084325,0.15772180259227753,0.75789475440979,0.40473684668540955
YGL071W,YKL007W,0,-6.089355,0.15754923224449158,0.75789475440979,0.40526315569877625
YDR195W,YBL050W,0,-6.089702,0.15737704932689667,0.75789475440979,0.40578946471214294
YLR097C,YLL041C,0,-6.0905347,0.1572052389383316,0.75789475440979,0.40631580352783203
YDR113C,YLR130C,0,-6.090582,0.1570338010787964,0.75789475440979,0.40684211254119873
YLR238W,YML013W,0,-6.0920405,0.1568627506494522,0.75789475440979,0.40736842155456543
YGL116W,YDR293C,0,-6.0929894,0.15669205784797668,0.75789475440979,0.40789473056793213
YGL045W,YPR056W,0,-6.0931315,0.156521737575531,0.75789475440979,0.40842103958129883
YDR512C,YKL042W,0,-6.093371,0.15635178983211517,0.75789475440979,0.4089473783969879
YFL013C,YPR182W,0,-6.0938506,0.1561822146177292,0.75789475440979,0.4094736874103546
YOL009C,YGL151W,0,-6.0950503,0.15601299703121185,0.75789475440979,0.4099999964237213
YNL008C,YMR292W,0,-6.0961146,0.15584415197372437,0.75789475440979,0.410526305437088
YJR089W,YGR081C,0,-6.096272,0.15567567944526672,0.75789475440979,0.4110526442527771
YMR299C,YNL090W,0,-6.0991826,0.15550756454467773,0.75789475440979,0.4115789532661438
YML013W,YJR110W,0,-6.0997825,0.1553398072719574,0.75789475440979,0.4121052622795105
YOR026W,YGR220C,0,-6.099842,0.1551724076271057,0.75789475440979,0.4126315712928772
YOR014W,YGR229C,0,-6.100227,0.15500538051128387,0.75789475440979,0.4131578803062439
YGL153W,YDL064W,0,-6.100773,0.1548387110233307,0.75789475440979,0.413684219121933
YGL142C,YML049C,0,-6.1008644,0.15467239916324615,0.75789475440979,0.4142105281352997
YJR057W,YAL031C,0,-6.1008973,0.15450644493103027,0.75789475440979,0.4147368371486664
YER109C,YDR258C,0,-6.1039166,0.15434083342552185,0.75789475440979,0.4152631461620331
YMR048W,YJL186W,0,-6.1056423,0.15417559444904327,0.75789475440979,0.41578948497772217
YKL002W,YKL059C,0,-6.107017,0.15401069819927216,0.75789475440979,0.41631579399108887
YDR113C,YOR035C,0,-6.1116652,0.1538461595773697,0.75789475440979,0.41684210300445557
YMR202W,YJL165C,0,-6.1120825,0.15368196368217468,0.75789475440979,0.41736841201782227
YDR461W,YIR021W,0,-6.112294,0.15351812541484833,0.75789475440979,0.41789475083351135
YPL192C,YJL098W,0,-6.1137147,0.15335462987422943,0.75789475440979,0.41842105984687805
YLR166C,YLR383W,0,-6.114495,0.1531914919614792,0.75789475440979,0.41894736886024475
YBR065C,YCL033C,0,-6.1149783,0.1530286967754364,0.75789475440979,0.41947367787361145
YOL077W-A,YML098W,0,-6.116249,0.15286624431610107,0.75789475440979,0.41999998688697815
YPL255W,YGR010W,0,-6.118275,0.1527041345834732,0.75789475440979,0.42052632570266724
YDR214W,YDL140C,0,-6.119871,0.1525423675775528,0.75789475440979,0.42105263471603394
YPL095C,YPL006W,0,-6.1210837,0.15238095819950104,0.75789475440979,0.42157894372940063
YKL120W,YGL104C,0,-6.1218805,0.15221987664699554,0.75789475440979,0.42210525274276733
YCR010C,YMR192W,0,-6.122783,0.1520591378211975,0.75789475440979,0.4226315915584564
YER119C,YNR027W,0,-6.123142,0.15189872682094574,0.75789475440979,0.4231579005718231
YGL021W,YCR083W,0,-6.1233315,0.15173867344856262,0.75789475440979,0.4236842095851898
YMR056C,YPL181W,0,-6.128364,0.15157894790172577,0.75789475440979,0.4242105185985565
YOR185C,YML069W,0,-6.1306148,0.15141956508159637,0.75789475440979,0.4247368276119232
YGR060W,YPR193C,0,-6.130752,0.15126051008701324,0.75789475440979,0.4252631664276123
YGR200C,YJR160C,0,-6.131713,0.15110178291797638,0.75789475440979,0.425789475440979
YCL011C,YJL179W,0,-6.133356,0.15094339847564697,0.75789475440979,0.4263157844543457
YPL255W,YML085C,0,-6.1348233,0.15078534185886383,0.75789475440979,0.4268420934677124
YPL122C,YPL206C,0,-6.1352134,0.15062761306762695,0.75789475440979,0.4273684322834015
YGL222C,YPL036W,0,-6.1352534,0.15047021210193634,0.75789475440979,0.4278947412967682
YMR303C,YPR093C,0,-6.137123,0.15031315386295319,0.75789475440979,0.4284210503101349
YOR209C,YBR289W,0,-6.1376777,0.1501564085483551,0.75789475440979,0.4289473593235016
YGR088W,YDR176W,0,-6.143075,0.15000000596046448,0.75789475440979,0.4294736981391907
YNL027W,YGL016W,0,-6.143324,0.14984391629695892,0.75789475440979,0.4300000071525574
YOR113W,YHR012W,0,-6.14442,0.14968815445899963,0.75789475440979,0.4305263161659241
YNR008W,YPR083W,0,-6.1469245,0.14953270554542542,0.75789475440979,0.43105262517929077
YPL270W,YJR141W,0,-6.148253,0.14937759935855865,0.75789475440979,0.43157893419265747
YML042W,YJR060W,0,-6.149632,0.14922279119491577,0.75789475440979,0.43210527300834656
YOL013C,YOR036W,0,-6.150739,0.14906832575798035,0.75789475440979,0.43263158202171326
YER117W,YIL068C,0,-6.1515045,0.14891417324543,0.75789475440979,0.43315789103507996
YGR010W,YNL283C,0,-6.151763,0.1487603336572647,0.75789475440979,0.43368420004844666
YGL061C,YLR145W,0,-6.1524377,0.1486068069934845,0.75789475440979,0.43421053886413574
YFL013C,YKR053C,0,-6.1542764,0.14845360815525055,0.75789475440979,0.43473684787750244
YHR171W,YNR002C,0,-6.1542892,0.14830072224140167,0.75789475440979,0.43526315689086914
YBR059C,YKL203C,1,-6.1545043,0.1491769552230835,0.7631579041481018,0.43526315689086914
YJR155W,YGL210W,0,-6.1556134,0.14902363717556,0.7631579041481018,0.43578946590423584
YDR375C,YGL174W,0,-6.158157,0.14887063205242157,0.7631579041481018,0.43631577491760254
YLR376C,YPR189W,0,-6.1610656,0.1487179547548294,0.7631579041481018,0.4368421137332916
YPR021C,YNR008W,0,-6.1612024,0.14856557548046112,0.7631579041481018,0.4373684227466583
YGR046W,YLL012W,0,-6.16348,0.1484135091304779,0.7631579041481018,0.437894731760025
YHL019C,YHR059W,0,-6.1644993,0.14826175570487976,0.7631579041481018,0.4384210407733917
YMR199W,YKL025C,0,-6.167626,0.1481103152036667,0.7631579041481018,0.4389473795890808
YGL051W,YPL036W,0,-6.168079,0.14795918762683868,0.7631579041481018,0.4394736886024475
YCR020W-B,YKL170W,0,-6.168739,0.14780835807323456,0.7631579041481018,0.4399999976158142
YHR072W,YPL129W,0,-6.1690507,0.1476578414440155,0.7631579041481018,0.4405263066291809
YJL219W,YDL140C,0,-6.170406,0.14750762283802032,0.7631579041481018,0.44105264544487
YBR237W,YBL075C,0,-6.171819,0.14735771715641022,0.7631579041481018,0.4415789544582367
YPL133C,YLR340W,0,-6.173737,0.14720812439918518,0.7631579041481018,0.4421052634716034
YGL151W,YHR008C,0,-6.173862,0.14705882966518402,0.7631579041481018,0.4426315724849701
YOL020W,YOL129W,0,-6.174439,0.14690983295440674,0.7631579041481018,0.4431578814983368
YMR025W,YBR022W,0,-6.1760526,0.14676113426685333,0.7631579041481018,0.4436842203140259
YMR015C,YCR075C,0,-6.18084,0.1466127336025238,0.7631579041481018,0.4442105293273926
YPL100W,YER009W,0,-6.1808457,0.14646464586257935,0.7631579041481018,0.4447368383407593
YOR023C,YIL109C,0,-6.1809444,0.14631685614585876,0.7631579041481018,0.445263147354126
YCR020W-B,YKL021C,0,-6.1828113,0.14616934955120087,0.7631579041481018,0.44578948616981506
YKL021C,YHR030C,0,-6.1849365,0.14602215588092804,0.7631579041481018,0.44631579518318176
YBR085W,YDR375C,0,-6.185693,0.1458752453327179,0.7631579041481018,0.44684210419654846
YKL045W,YDR279W,0,-6.1878552,0.14572864770889282,0.7631579041481018,0.44736841320991516
YPR007C,YDL159W,0,-6.189207,0.14558233320713043,0.7631579041481018,0.44789472222328186
YNL127W,YCR084C,0,-6.1898637,0.14543630182743073,0.7631579041481018,0.44842106103897095
YMR042W,YIL051C,0,-6.1919947,0.1452905833721161,0.7631579041481018,0.44894737005233765
YLR342W,YHR016C,1,-6.1922193,0.14614614844322205,0.7684210538864136,0.44894737005233765
YDL115C,YGL104C,0,-6.194968,0.1459999978542328,0.7684210538864136,0.44947367906570435
YHR079C,YBL061C,0,-6.197036,0.1458541452884674,0.7684210538864136,0.44999998807907104
YNL082W,YBR167C,0,-6.1972785,0.1457085758447647,0.7684210538864136,0.45052632689476013
YJR135C,YOR014W,0,-6.1977935,0.1455633044242859,0.7684210538864136,0.45105263590812683
YJL006C,YAL011W,0,-6.1986313,0.14541833102703094,0.7684210538864136,0.45157894492149353
YMR081C,YDR004W,0,-6.200083,0.1452736258506775,0.7684210538864136,0.45210525393486023
YML081C-A,YMR048W,0,-6.2007155,0.1451292186975479,0.7684210538864136,0.4526315927505493
YGL021W,YOR380W,0,-6.201856,0.1449851095676422,0.7684210538864136,0.453157901763916
YML065W,YGL095C,0,-6.204545,0.144841268658638,0.7684210538864136,0.4536842107772827
YFR053C,YDR498C,0,-6.2060285,0.14469772577285767,0.7684210538864136,0.4542105197906494
YER119C,YHR012W,0,-6.2066073,0.14455445110797882,0.7684210538864136,0.4547368288040161
YIR021W,YCR106W,0,-6.2099776,0.14441147446632385,0.7684210538864136,0.4552631676197052
YDL085W,YER009W,0,-6.2102675,0.14426878094673157,0.7684210538864136,0.4557894766330719
YMR292W,YBR022W,0,-6.21144,0.14412635564804077,0.7684210538864136,0.4563157856464386
YKL185W,YDR312W,0,-6.2169876,0.14398421347141266,0.7684210538864136,0.4568420946598053
YDR311W,YDL064W,0,-6.218981,0.14384236931800842,0.7684210538864136,0.4573684334754944
YJR155W,YJL076W,0,-6.2210703,0.14370079338550568,0.7684210538864136,0.4578947424888611
YPL049C,YGR183C,0,-6.222719,0.14355948567390442,0.7684210538864136,0.4584210515022278
YJL006C,YIR009W,0,-6.22391,0.14341846108436584,0.7684210538864136,0.4589473605155945
YGL090W,YPL098C,0,-6.224529,0.14327771961688995,0.7684210538864136,0.4594736695289612
YGL194C,YER028C,0,-6.2248783,0.14313726127147675,0.7684210538864136,0.46000000834465027
YLL018C-A,YBR167C,0,-6.2262797,0.14299705624580383,0.7684210538864136,0.46052631735801697
YLR186W,YGL048C,0,-6.2271643,0.1428571492433548,0.7684210538864136,0.46105262637138367
YCR098C,YKL150W,0,-6.2277303,0.14271749556064606,0.7684210538864136,0.46157893538475037
YDR524C,YGL037C,0,-6.2279167,0.142578125,0.7684210538864136,0.46210527420043945
YGL071W,YCR098C,0,-6.230433,0.14243902266025543,0.7684210538864136,0.46263158321380615
YJL035C,YCR083W,0,-6.2308536,0.14230018854141235,0.7684210538864136,0.46315789222717285
YMR025W,YMR015C,0,-6.234197,0.14216163754463196,0.7684210538864136,0.46368420124053955
YHR079C,YJL039C,0,-6.2414174,0.14202333986759186,0.7684210538864136,0.46421054005622864
YOL164W,YKL113C,0,-6.242211,0.14188532531261444,0.7684210538864136,0.46473684906959534
YNL153C,YJL062W,0,-6.242308,0.1417475789785385,0.7684210538864136,0.46526315808296204
YPL112C,YNL090W,0,-6.245828,0.14161008596420288,0.7684210538864136,0.46578946709632874
YJL183W,YPR016C,0,-6.246948,0.14147286117076874,0.7684210538864136,0.46631577610969543
YDL226C,YGR119C,0,-6.2469983,0.14133591949939728,0.7684210538864136,0.4668421149253845
YDL115C,YJL140W,0,-6.253038,0.1411992311477661,0.7684210538864136,0.4673684239387512
YMR038C,YDL005C,0,-6.2532163,0.14106279611587524,0.7684210538864136,0.4678947329521179
YOR127W,YDR532C,0,-6.2551885,0.14092664420604706,0.7684210538864136,0.4684210419654846
YER056C,YLR450W,0,-6.257395,0.14079074561595917,0.7684210538864136,0.4689473807811737
YBR289W,YJL187C,0,-6.2580957,0.14065510034561157,0.7684210538864136,0.4694736897945404
YER045C,YOR035C,0,-6.25983,0.14051972329616547,0.7684210538864136,0.4699999988079071
YPL048W,YBL004W,0,-6.2603908,0.14038461446762085,0.7684210538864136,0.4705263078212738
YLR314C,YNL236W,0,-6.2623324,0.14024975895881653,0.7684210538864136,0.4710526168346405
YPL100W,YJR025C,0,-6.2655644,0.1401151567697525,0.7684210538864136,0.4715789556503296
YHR058C,YIL051C,0,-6.2712865,0.13998082280158997,0.7684210538864136,0.4721052646636963
YDR030C,YPR133W-A,0,-6.2721553,0.13984674215316772,0.7684210538864136,0.472631573677063
YDR516C,YLR320W,0,-6.2726245,0.13971291482448578,0.7684210538864136,0.4731578826904297
YEL026W,YML131W,0,-6.2739806,0.13957935571670532,0.7684210538864136,0.4736842215061188
YJL184W,YLR148W,0,-6.274035,0.13944603502750397,0.7684210538864136,0.4742105305194855
YLR320W,YOR328W,0,-6.2759023,0.1393129825592041,0.7684210538864136,0.4747368395328522
YPL221W,YML049C,0,-6.2770987,0.13918016850948334,0.7684210538864136,0.47526314854621887
YJL186W,YIR026C,0,-6.278873,0.13904762268066406,0.7684210538864136,0.47578948736190796
YCR098C,YGL011C,0,-6.279346,0.1389153152704239,0.7684210538864136,0.47631579637527466
YLR347C,YGL153W,0,-6.282436,0.1387832760810852,0.7684210538864136,0.47684210538864136
YBL099W,YLR238W,0,-6.284648,0.13865147531032562,0.7684210538864136,0.47736841440200806
YMR168C,YDR062W,0,-6.2850366,0.13851992785930634,0.7684210538864136,0.47789472341537476
YGR119C,YML093W,0,-6.2865705,0.13838861882686615,0.7684210538864136,0.47842106223106384
YDR004W,YPR181C,0,-6.287458,0.13825757801532745,0.7684210538864136,0.47894737124443054
YPL200W,YOR209C,0,-6.2893224,0.13812677562236786,0.7684210538864136,0.47947368025779724
YOL164W,YGR101W,0,-6.2905717,0.13799622654914856,0.7684210538864136,0.47999998927116394
YJL165C,YMR125W,0,-6.291822,0.13786591589450836,0.7684210538864136,0.480526328086853
YBL026W,YDL098C,0,-6.299372,0.13773584365844727,0.7684210538864136,0.4810526371002197
YMR184W,YIR021W,0,-6.2994003,0.13760602474212646,0.7684210538864136,0.4815789461135864
YML098W,YGR144W,0,-6.3005867,0.13747645914554596,0.7684210538864136,0.4821052551269531
YLR288C,YDL140C,0,-6.30093,0.13734713196754456,0.7684210538864136,0.4826315641403198
YKL120W,YER095W,0,-6.302284,0.13721804320812225,0.7684210538864136,0.4831579029560089
YDL115C,YDL153C,0,-6.303722,0.13708920776844025,0.7684210538864136,0.4836842119693756
YBR161W,YOL009C,0,-6.3085914,0.13696059584617615,0.7684210538864136,0.4842105209827423
YMR290C,YGR178C,0,-6.3088846,0.13683223724365234,0.7684210538864136,0.484736829996109
YFL014W,YDL115C,0,-6.3118157,0.13670411705970764,0.7684210538864136,0.4852631688117981
YHR011W,YKR028W,0,-6.3155856,0.13657623529434204,0.7684210538864136,0.4857894778251648
YGL194C,YPR113W,0,-6.3189554,0.13644859194755554,0.7684210538864136,0.4863157868385315
YDR195W,YGR009C,0,-6.320255,0.13632120192050934,0.7684210538864136,0.4868420958518982
YER109C,YPL138C,0,-6.3239417,0.13619403541088104,0.7684210538864136,0.4873684346675873
YLL018C-A,YBR245C,0,-6.32421,0.13606710731983185,0.7684210538864136,0.487894743680954
YJL062W,YPL128C,0,-6.328899,0.13594040274620056,0.7684210538864136,0.4884210526943207
YNL142W,YGR020C,0,-6.329672,0.13581395149230957,0.7684210538864136,0.4889473617076874
YPL125W,YPL208W,0,-6.329903,0.13568773865699768,0.7684210538864136,0.4894736707210541
YFL041W,YDR461W,0,-6.330649,0.1355617493391037,0.7684210538864136,0.49000000953674316
YKR097W,YHR034C,0,-6.3308606,0.13543599843978882,0.7684210538864136,0.49052631855010986
YMR056C,YPR113W,0,-6.3324304,0.13531047105789185,0.7684210538864136,0.49105262756347656
YAR033W,YLR425W,0,-6.3327403,0.13518518209457397,0.7684210538864136,0.49157893657684326
YKL074C,YGL104C,0,-6.3341756,0.1350601315498352,0.7684210538864136,0.49210527539253235
YPR007C,YKL095W,0,-6.3342633,0.13493530452251434,0.7684210538864136,0.49263158440589905
YJR064W,YOL033W,0,-6.3355384,0.13481071591377258,0.7684210538864136,0.49315789341926575
YLR242C,YGL054C,0,-6.3367906,0.13468635082244873,0.7684210538864136,0.49368420243263245
YAR019C,YCR040W,0,-6.33742,0.13456220924854279,0.7684210538864136,0.49421051144599915
YBR065C,YMR021C,0,-6.3374867,0.13443830609321594,0.7684210538864136,0.49473685026168823
YFL013C,YPR083W,0,-6.3427353,0.134314626455307,0.7684210538864136,0.49526315927505493
YNL099C,YPL175W,0,-6.3433437,0.13419117033481598,0.7684210538864136,0.49578946828842163
YMR303C,YAL042W,0,-6.346731,0.13406795263290405,0.7684210538864136,0.49631577730178833
YMR168C,YIR026C,0,-6.3474936,0.13394495844841003,0.7684210538864136,0.4968421161174774
YKL150W,YGR251W,0,-6.349852,0.13382218778133392,0.7684210538864136,0.4973684251308441
YMR173W,YJL124C,0,-6.3503284,0.13369964063167572,0.7684210538864136,0.4978947341442108
YLL004W,YJL198W,0,-6.351381,0.13357731699943542,0.7684210538864136,0.4984210431575775
YOR284W,YKL018W,0,-6.3526425,0.13345521688461304,0.7684210538864136,0.4989473819732666
YBR213W,YGR046W,0,-6.3532367,0.13333334028720856,0.7684210538864136,0.4994736909866333
YMR025W,YKL220C,0,-6.353385,0.1332116723060608,0.7684210538864136,0.5
YNL219C,YGR145W,0,-6.354079,0.13309024274349213,0.7684210538864136,0.5005263090133667
YPR057W,YDL188C,0,-6.355717,0.13296903669834137,0.7684210538864136,0.5010526180267334
YNL006W,YJL179W,0,-6.357451,0.13284803926944733,0.7684210538864136,0.5015789270401001
YGR041W,YOR027W,0,-6.3578253,0.1327272653579712,0.7684210538864136,0.5021052360534668
YAL056W,YPL192C,0,-6.357865,0.13260671496391296,0.7684210538864136,0.5026316046714783
YBR213W,YDL195W,0,-6.3590455,0.13248638808727264,0.7684210538864136,0.503157913684845
YNL294C,YGL175C,0,-6.359142,0.13236626982688904,0.7684210538864136,0.5036842226982117
YKL059C,YBR167C,0,-6.3633237,0.13224637508392334,0.7684210538864136,0.5042105317115784
YDL099W,YOR027W,0,-6.363661,0.13212670385837555,0.7684210538864136,0.5047368407249451
YEL026W,YLR130C,0,-6.3642545,0.13200722634792328,0.7684210538864136,0.5052631497383118
YGL116W,YLR166C,0,-6.364942,0.1318879872560501,0.7684210538864136,0.5057894587516785
YGL116W,YKL150W,0,-6.3655477,0.13176895678043365,0.7684210538864136,0.5063157677650452
YGL044C,YPL122C,0,-6.3677526,0.1316501349210739,0.7684210538864136,0.5068420767784119
YLL018C-A,YNR052C,0,-6.374755,0.13153153657913208,0.7684210538864136,0.5073684453964233
YDR198C,YJR156C,0,-6.375032,0.13141314685344696,0.7684210538864136,0.50789475440979
YNL029C,YLR106C,0,-6.3810744,0.13129496574401855,0.7684210538864136,0.5084210634231567
YBR065C,YCL001W,0,-6.3815603,0.13117699325084686,0.7684210538864136,0.5089473724365234
YBR155W,YGR220C,0,-6.381701,0.13105924427509308,0.7684210538864136,0.5094736814498901
YKL220C,YJR013W,0,-6.384944,0.130941703915596,0.7684210538864136,0.5099999904632568
YPL275W,YHR139C,0,-6.385617,0.13082437217235565,0.7684210538864136,0.5105262994766235
YPL271W,YOR316C,0,-6.3858314,0.130707249045372,0.7684210538864136,0.5110526084899902
YPR200C,YPL128C,0,-6.3895645,0.13059033453464508,0.7684210538864136,0.5115789771080017
YGL071W,YDR498C,0,-6.3904233,0.13047364354133606,0.7684210538864136,0.5121052861213684
YIL026C,YOL033W,0,-6.39113,0.13035714626312256,0.7684210538864136,0.5126315951347351
YJR042W,YDL135C,0,-6.391477,0.13024085760116577,0.7684210538864136,0.5131579041481018
YOL003C,YDR058C,0,-6.392014,0.1301247775554657,0.7684210538864136,0.5136842131614685
YPR181C,YOL124C,0,-6.392735,0.13000890612602234,0.7684210538864136,0.5142105221748352
YPL146C,YDR142C,0,-6.3936753,0.1298932433128357,0.7684210538864136,0.5147368311882019
YLR401C,YLR328W,0,-6.3937173,0.12977777421474457,0.7684210538864136,0.5152631402015686
YNR027W,YDL064W,0,-6.393883,0.12966252863407135,0.7684210538864136,0.5157894492149353
YMR246W,YPR138C,0,-6.3962555,0.12954747676849365,0.7684210538864136,0.5163158178329468
YAL025C,YDR477W,0,-6.396279,0.12943261861801147,0.7684210538864136,0.5168421268463135
YLR095C,YGR014W,0,-6.3972487,0.1293179839849472,0.7684210538864136,0.5173684358596802
YGL027C,YKL086W,0,-6.3975472,0.12920354306697845,0.7684210538864136,0.5178947448730469
YLR231C,YBL079W,0,-6.39861,0.12908929586410522,0.7684210538864136,0.5184210538864136
YKR028W,YDR165W,0,-6.404625,0.1289752721786499,0.7684210538864136,0.5189473628997803
YER068W,YIR009W,0,-6.404709,0.1288614273071289,0.7684210538864136,0.519473671913147
YDL138W,YPL012W,0,-6.4053836,0.12874779105186462,0.7684210538864136,0.5199999809265137
YLR401C,YNL239W,0,-6.4087305,0.12863436341285706,0.7684210538864136,0.5205262899398804
YBL102W,YPL163C,0,-6.410004,0.128521129488945,0.7684210538864136,0.5210526585578918
YKL186C,YJR145C,0,-6.4102197,0.12840808928012848,0.7684210538864136,0.5215789675712585
YNL291C,YHR120W,0,-6.4120746,0.12829525768756866,0.7684210538864136,0.5221052765846252
YJR119C,YGL048C,0,-6.4132304,0.12818261981010437,0.7684210538864136,0.5226315855979919
YER056C,YDR331W,0,-6.413386,0.1280701756477356,0.7684210538864136,0.5231578946113586
YFR040W,YOR159C,0,-6.4134965,0.12795792520046234,0.7684210538864136,0.5236842036247253
YKL086W,YKL095W,0,-6.4136715,0.1278458833694458,0.7684210538864136,0.524210512638092
YBR002C,YBL004W,0,-6.4149313,0.12773403525352478,0.7684210538864136,0.5247368216514587
YJL140W,YDR058C,0,-6.4160657,0.12762238085269928,0.7684210538864136,0.5252631306648254
YOR023C,YLR320W,0,-6.417435,0.1275109201669693,0.7684210538864136,0.5257894992828369
YPR104C,YKL166C,0,-6.419623,0.12739965319633484,0.7684210538864136,0.5263158082962036
YDL069C,YBR168W,0,-6.419651,0.1272885799407959,0.7684210538864136,0.5268421173095703
YER162C,YLR145W,0,-6.4207115,0.12717770040035248,0.7684210538864136,0.527368426322937
YPL271W,YLR381W,0,-6.421289,0.12706701457500458,0.7684210538864136,0.5278947353363037
YLR342W,YKL129C,1,-6.4224114,0.12782607972621918,0.7736842036247253,0.5278947353363037
YOR014W,YER087C-A,0,-6.4225755,0.12771503627300262,0.7736842036247253,0.5284210443496704
YNL032W,YKL203C,1,-6.4245396,0.1284722238779068,0.7789473533630371,0.5284210443496704
YGL094C,YCR106W,0,-6.4267106,0.1283607929944992,0.7789473533630371,0.5289473533630371
YOR113W,YBR029C,0,-6.428815,0.12824957072734833,0.7789473533630371,0.5294736623764038
YML116W,YDL128W,0,-6.4306703,0.12813852727413177,0.7789473533630371,0.5299999713897705
YLR221C,YIL056W,0,-6.432042,0.12802767753601074,0.7789473533630371,0.530526340007782
YPL125W,YBR060C,0,-6.43236,0.12791702151298523,0.7789473533630371,0.5310526490211487
YBR065C,YML092C,0,-6.434774,0.12780655920505524,0.7789473533630371,0.5315789580345154
YLR242C,YPL101W,0,-6.4359756,0.12769629061222076,0.7789473533630371,0.5321052670478821
YOL020W,YNL044W,0,-6.4378552,0.12758620083332062,0.7789473533630371,0.5326315760612488
YMR299C,YPL046C,0,-6.4399004,0.12747631967067719,0.7789473533630371,0.5331578850746155
YJL030W,YMR133W,0,-6.4400525,0.12736660242080688,0.7789473533630371,0.5336841940879822
YGL025C,YEL050C,0,-6.4402657,0.1272570937871933,0.7789473533630371,0.5342105031013489
YJR057W,YKL170W,0,-6.4418283,0.12714776396751404,0.7789473533630371,0.5347368717193604
YER168C,YBR002C,0,-6.442948,0.1270386278629303,0.7789473533630371,0.535263180732727
YBL098W,YOR035C,0,-6.4440885,0.12692967057228088,0.7789473533630371,0.5357894897460938
YBR294W,YGL095C,0,-6.4453864,0.126820906996727,0.7789473533630371,0.5363157987594604
YPL242C,YPL192C,0,-6.44645,0.12671232223510742,0.7789473533630371,0.5368421077728271
YER168C,YOR209C,0,-6.446607,0.12660393118858337,0.7789473533630371,0.5373684167861938
YGL054C,YDL055C,0,-6.447544,0.12649573385715485,0.7789473533630371,0.5378947257995605
YCR020W-B,YDR456W,0,-6.447906,0.12638770043849945,0.7789473533630371,0.5384210348129272
YPR144C,YLR043C,0,-6.4485373,0.12627986073493958,0.7789473533630371,0.538947343826294
YOL126C,YBR168W,0,-6.4487853,0.12617221474647522,0.7789473533630371,0.5394737124443054
YPL265W,YGR082W,0,-6.448892,0.126064732670784,0.7789473533630371,0.5400000214576721
YHR086W,YGL246C,0,-6.45057,0.1259574443101883,0.7789473533630371,0.5405263304710388
YLR100W,YJR035W,0,-6.4509425,0.12585033476352692,0.7789473533630371,0.5410526394844055
YHL047C,YDR174W,0,-6.4523587,0.12574341893196106,0.7789473533630371,0.5415789484977722
YHR079C,YER072W,0,-6.4549985,0.12563666701316833,0.7789473533630371,0.5421052575111389
YNL001W,YER162C,0,-6.455081,0.12553010880947113,0.7789473533630371,0.5426315665245056
YKL203C,YGR241C,1,-6.455367,0.12627118825912476,0.7842105031013489,0.5426315665245056
YIR009W,YPR009W,0,-6.4571023,0.1261642724275589,0.7842105031013489,0.5431578755378723
YGL216W,YGR047C,0,-6.4585347,0.12605753540992737,0.7842105031013489,0.543684184551239
YDL188C,YDR472W,0,-6.4586573,0.12595097720623016,0.7842105031013489,0.5442105531692505
YDR039C,YHR099W,0,-6.4592013,0.12584459781646729,0.7842105031013489,0.5447368621826172
YDL174C,YAL011W,0,-6.459804,0.12573839724063873,0.7842105031013489,0.5452631711959839
YLR158C,YDR258C,0,-6.459922,0.1256323754787445,0.7842105031013489,0.5457894802093506
YFL034C-B,YOL033W,0,-6.462998,0.1255265325307846,0.7842105031013489,0.5463157892227173
YPL119C,YBR073W,0,-6.463845,0.12542086839675903,0.7842105031013489,0.546842098236084
YPL265W,YIL105C,0,-6.464211,0.12531539797782898,0.7842105031013489,0.5473684072494507
YKL129C,YNL154C,1,-6.46678,0.1260504275560379,0.7894737124443054,0.5473684072494507
YAL012W,YCR075C,0,-6.4667935,0.125944584608078,0.7894737124443054,0.5478947162628174
YBR065C,YDR429C,0,-6.4744077,0.12583892047405243,0.7894737124443054,0.5484210252761841
YDR294C,YDR113C,0,-6.4746366,0.12573345005512238,0.7894737124443054,0.5489473938941956
YOR260W,YAR003W,0,-6.474704,0.12562814354896545,0.7894737124443054,0.5494737029075623
YJR155W,YJL179W,0,-6.4762597,0.12552301585674286,0.7894737124443054,0.550000011920929
YHR019C,YBL105C,0,-6.476298,0.1254180669784546,0.7894737124443054,0.5505263209342957
YCR048W,YGR280C,0,-6.477002,0.12531328201293945,0.7894737124443054,0.5510526299476624
YGR178C,YLR126C,0,-6.4771047,0.12520867586135864,0.7894737124443054,0.551578938961029
YJL201W,YBL106C,0,-6.479957,0.12510424852371216,0.7894737124443054,0.5521052479743958
YMR081C,YML069W,0,-6.480635,0.125,0.7894737124443054,0.5526315569877625
YER016W,YCL027W,0,-6.4823985,0.12489592283964157,0.7894737124443054,0.5531578660011292
YIR028W,YJL073W,0,-6.482661,0.12479200959205627,0.7894737124443054,0.5536842346191406
YDR113C,YOR081C,0,-6.4865575,0.1246882826089859,0.7894737124443054,0.5542105436325073
YOR036W,YGL045W,0,-6.4871173,0.12458471953868866,0.7894737124443054,0.554736852645874
YPL119C,YPR016C,0,-6.490181,0.12448132783174515,0.7894737124443054,0.5552631616592407
YLR288C,YDR011W,0,-6.4943404,0.12437810748815536,0.7894737124443054,0.5557894706726074
YBL026W,YPL144W,0,-6.4977164,0.12427505850791931,0.7894737124443054,0.5563157796859741
YDL132W,YCR020W-B,0,-6.5013266,0.12417218834161758,0.7894737124443054,0.5568420886993408
YML121W,YPL163C,0,-6.502145,0.12406948208808899,0.7894737124443054,0.5573683977127075
YKR052C,YGR082W,0,-6.50311,0.12396693974733353,0.7894737124443054,0.557894766330719
YKR037C,YOR027W,0,-6.505566,0.12386457622051239,0.7894737124443054,0.5584210753440857
YHR072W,YFL031W,0,-6.508554,0.12376237660646439,0.7894737124443054,0.5589473843574524
YNR044W,YER149C,0,-6.508621,0.12366034835577011,0.7894737124443054,0.5594736933708191
YLR158C,YPL128C,0,-6.513712,0.12355848401784897,0.7894737124443054,0.5600000023841858
YBR233W-A,YDL098C,0,-6.513727,0.12345679104328156,0.7894737124443054,0.5605263113975525
YDL099W,YDL055C,0,-6.513813,0.12335526198148727,0.7894737124443054,0.5610526204109192
YOR026W,YGR143W,0,-6.5144305,0.12325390428304672,0.7894737124443054,0.5615789294242859
YNR052C,YDR030C,0,-6.5146008,0.1231527104973793,0.7894737124443054,0.5621052384376526
YOL033W,YLR138W,0,-6.5159626,0.12305168062448502,0.7894737124443054,0.5626316070556641
YJR135C,YBL075C,0,-6.5164304,0.12295082211494446,0.7894737124443054,0.5631579160690308
YJL219W,YLR448W,0,-6.51959,0.12285012006759644,0.7894737124443054,0.5636842250823975
YPL125W,YGL169W,0,-6.52007,0.12274958938360214,0.7894737124443054,0.5642105340957642
YHR024C,YGR128C,0,-6.521701,0.12264922261238098,0.7894737124443054,0.5647368431091309
YDR191W,YHR119W,0,-6.5225406,0.12254901975393295,0.7894737124443054,0.5652631521224976
YPR021C,YBR155W,0,-6.5229974,0.12244898080825806,0.7894737124443054,0.5657894611358643
YMR015C,YOR003W,0,-6.5285144,0.12234910577535629,0.7894737124443054,0.566315770149231
YML121W,YPR137W,0,-6.528561,0.12224938720464706,0.7894737124443054,0.5668420791625977
YBR060C,YLR079W,0,-6.5287347,0.12214983999729156,0.7894737124443054,0.5673684477806091
YDL207W,YKL018W,0,-6.5292053,0.1220504492521286,0.7894737124443054,0.5678947567939758
YGR175C,YMR133W,0,-6.5307064,0.12195122241973877,0.7894737124443054,0.5684210658073425
YPL242C,YMR165C,0,-6.533381,0.12185215204954147,0.7894737124443054,0.5689473748207092
YDL135C,YDL111C,0,-6.5365863,0.12175324559211731,0.7894737124443054,0.5694736838340759
YGL194C,YGR264C,0,-6.5372543,0.12165450304746628,0.7894737124443054,0.5699999928474426
YML116W,YGR175C,0,-6.538037,0.12155591696500778,0.7894737124443054,0.5705263018608093
YBR155W,YML034W,0,-6.5429177,0.12145748734474182,0.7894737124443054,0.571052610874176
YNL153C,YPL124W,0,-6.5466137,0.12135922163724899,0.7894737124443054,0.5715789198875427
YHR191C,YMR125W,0,-6.5478272,0.1212611123919487,0.7894737124443054,0.5721052885055542
YPR200C,YNL090W,0,-6.549481,0.12116316705942154,0.7894737124443054,0.5726315975189209
YMR287C,YCR040W,0,-6.555819,0.12106537818908691,0.7894737124443054,0.5731579065322876
YGL071W,YCR002C,0,-6.556285,0.12096773833036423,0.7894737124443054,0.5736842155456543
YLR401C,YER052C,0,-6.556648,0.12087026238441467,0.7894737124443054,0.574210524559021
YOL001W,YDR311W,0,-6.556785,0.12077295035123825,0.7894737124443054,0.5747368335723877
YLR129W,YMR319C,0,-6.5584927,0.12067578732967377,0.7894737124443054,0.5752631425857544
YIL070C,YLR126C,0,-6.558674,0.12057878077030182,0.7894737124443054,0.5757894515991211
YIL026C,YDR244W,0,-6.558678,0.1204819306731224,0.7894737124443054,0.5763157606124878
YPR144C,YCR058C,0,-6.5597396,0.12038522958755493,0.7894737124443054,0.5768421292304993
YML092C,YGR059W,0,-6.560573,0.12028869241476059,0.7894737124443054,0.577368438243866
YBR029C,YAL012W,0,-6.562151,0.12019230425357819,0.7894737124443054,0.5778947472572327
YPR112C,YHR111W,0,-6.5636144,0.12009608000516891,0.7894737124443054,0.5784210562705994
YJL006C,YMR060C,0,-6.5636773,0.11999999731779099,0.7894737124443054,0.5789473652839661
YNL118C,YBR213W,0,-6.5662,0.11990407854318619,0.7894737124443054,0.5794736742973328
YKL016C,YLR320W,0,-6.571388,0.11980830878019333,0.7894737124443054,0.5799999833106995
YIL053W,YDR545W,0,-6.573586,0.11971268802881241,0.7894737124443054,0.5805262923240662
YNL236W,YBR289W,0,-6.57418,0.11961722373962402,0.7894737124443054,0.5810526609420776
YCR010C,YGR047C,0,-6.5749683,0.11952191591262817,0.7894737124443054,0.5815789699554443
YLR452C,YBR294W,0,-6.575131,0.11942674964666367,0.7894737124443054,0.582105278968811
YLR231C,YBR233W-A,0,-6.5780687,0.1193317398428917,0.7894737124443054,0.5826315879821777
YBR195C,YKL045W,0,-6.5789332,0.11923688650131226,0.7894737124443054,0.5831578969955444
YER068W,YMR229C,0,-6.579196,0.11914217472076416,0.7894737124443054,0.5836842060089111
YGL033W,YDR192C,0,-6.5806484,0.1190476194024086,0.7894737124443054,0.5842105150222778
YKL114C,YLR246W,0,-6.5811133,0.11895321309566498,0.7894737124443054,0.5847368240356445
YOR112W,YNL061W,0,-6.5852966,0.1188589558005333,0.7894737124443054,0.5852631330490112
YDR277C,YPL188W,0,-6.5894732,0.11876484751701355,0.7894737124443054,0.5857895016670227
YDL003W,YGR009C,0,-6.5910134,0.11867088824510574,0.7894737124443054,0.5863158106803894
YJR147W,YNL236W,0,-6.5922194,0.11857707798480988,0.7894737124443054,0.5868421196937561
YML113W,YDR456W,0,-6.596431,0.11848340928554535,0.7894737124443054,0.5873684287071228
YDL236W,YML064C,0,-6.5983973,0.11838989704847336,0.7894737124443054,0.5878947377204895
YFL031W,YHR120W,0,-6.5994954,0.11829652637243271,0.7894737124443054,0.5884210467338562
YDL230W,YGL063W,0,-6.602367,0.1182033121585846,0.7894737124443054,0.5889473557472229
YDR011W,YGL095C,0,-6.6042266,0.11811023950576782,0.7894737124443054,0.5894736647605896
YGL020C,YGL153W,0,-6.6069417,0.11801730841398239,0.7894737124443054,0.5899999737739563
YER168C,YML131W,0,-6.607339,0.1179245263338089,0.7894737124443054,0.5905263423919678
YMR173W,YJL076W,0,-6.608775,0.11783189326524734,0.7894737124443054,0.5910526514053345
YDR311W,YPR016C,0,-6.608851,0.11773940175771713,0.7894737124443054,0.5915789604187012
YLR172C,YGL142C,0,-6.6092916,0.11764705926179886,0.7894737124443054,0.5921052694320679
YDR503C,YLL017W,0,-6.6094074,0.11755485832691193,0.7894737124443054,0.5926315784454346
YMR219W,YKL220C,0,-6.6108313,0.11746280640363693,0.7894737124443054,0.5931578874588013
YLR246W,YKL086W,0,-6.6133137,0.11737088859081268,0.7894737124443054,0.593684196472168
YDL132W,YJR120W,0,-6.614552,0.11727912724018097,0.7894737124443054,0.5942105054855347
YNL154C,YHR016C,1,-6.6150537,0.11796875298023224,0.7947368621826172,0.5942105054855347
YGR046W,YGL249W,0,-6.61552,0.11787665635347366,0.7947368621826172,0.5947368144989014
YJL076W,YML124C,0,-6.615679,0.11778470873832703,0.7947368621826172,0.5952631831169128
YNL256W,YOR129C,0,-6.620875,0.11769291013479233,0.7947368621826172,0.5957894921302795
YGL021W,YLR466W,0,-6.62163,0.11760124564170837,0.7947368621826172,0.5963158011436462
YMR056C,YHR160C,0,-6.623733,0.11750973016023636,0.7947368621826172,0.5968421101570129
YKL114C,YOR250C,0,-6.627083,0.11741834878921509,0.7947368621826172,0.5973684191703796
YOR033C,YOL143C,0,-6.628694,0.11732711642980576,0.7947368621826172,0.5978947281837463
YBR059C,YAR044W,1,-6.630525,0.11801242083311081,0.800000011920929,0.5978947281837463
YPL200W,YPL208W,0,-6.63237,0.11792086809873581,0.800000011920929,0.598421037197113
YNL133C,YBR186W,0,-6.635041,0.11782945692539215,0.800000011920929,0.5989473462104797
YJR042W,YEL026W,0,-6.6390195,0.11773818731307983,0.800000011920929,0.5994736552238464
YJR155W,YDL098C,0,-6.6412907,0.11764705926179886,0.800000011920929,0.6000000238418579
YJL138C,YDR449C,0,-6.642027,0.11755607277154922,0.800000011920929,0.6005263328552246
YLR242C,YGL008C,0,-6.646599,0.11746522039175034,0.800000011920929,0.6010526418685913
YPL069C,YJL138C,0,-6.6486483,0.11737451702356339,0.800000011920929,0.601578950881958
YPL271W,YHR019C,0,-6.6496096,0.11728394776582718,0.800000011920929,0.6021052598953247
YDR130C,YNR043W,0,-6.651299,0.11719352006912231,0.800000011920929,0.6026315689086914
YBR009C,YLR383W,0,-6.6541066,0.11710323393344879,0.800000011920929,0.6031578779220581
YER036C,YOR127W,0,-6.655126,0.11701308935880661,0.800000011920929,0.6036841869354248
YJL006C,YGL153W,0,-6.655581,0.11692307889461517,0.800000011920929,0.6042105555534363
YML067C,YLR145W,0,-6.6557717,0.11683320254087448,0.800000011920929,0.604736864566803
YLR207W,YPR016C,0,-6.6563983,0.11674347519874573,0.800000011920929,0.6052631735801697
YGL174W,YCL033C,0,-6.6567945,0.11665387451648712,0.800000011920929,0.6057894825935364
YPL265W,YDR378C,0,-6.6592717,0.11656441539525986,0.800000011920929,0.6063157916069031
YGL194C,YBR002C,0,-6.662616,0.11647509783506393,0.800000011920929,0.6068421006202698
YGL135W,YGR047C,0,-6.6684546,0.11638591438531876,0.800000011920929,0.6073684096336365
YLR201C,YLL018C-A,0,-6.668482,0.11629686504602432,0.800000011920929,0.6078947186470032
YBR210W,YML098W,0,-6.6718593,0.11620794981718063,0.800000011920929,0.6084210276603699
YGR119C,YOR243C,0,-6.6728063,0.11611917614936829,0.800000011920929,0.6089473962783813
YGL222C,YPR081C,0,-6.673505,0.11603053659200668,0.800000011920929,0.609473705291748
YLR172C,YGL094C,0,-6.674725,0.11594203114509583,0.800000011920929,0.6100000143051147
YPR056W,YDR306C,0,-6.67594,0.11585365980863571,0.800000011920929,0.6105263233184814
YGL175C,YKR001C,0,-6.6804442,0.11576542258262634,0.800000011920929,0.6110526323318481
YBR245C,YPL125W,0,-6.683209,0.11567731946706772,0.800000011920929,0.6115789413452148
YKR087C,YGL063W,0,-6.6834025,0.11558935046195984,0.800000011920929,0.6121052503585815
YNL148C,YKL114C,0,-6.6873097,0.1155015230178833,0.800000011920929,0.6126315593719482
YHR191C,YDR532C,0,-6.688969,0.11541382223367691,0.800000011920929,0.6131578683853149
YDL174C,YOR341W,0,-6.6907697,0.11532625555992126,0.800000011920929,0.6136842370033264
YLR320W,YMR133W,0,-6.693001,0.11523881554603577,0.800000011920929,0.6142105460166931
YKL048C,YJL140W,0,-6.694188,0.11515151709318161,0.800000011920929,0.6147368550300598
YCL016C,YPL265W,0,-6.6964164,0.1150643453001976,0.800000011920929,0.6152631640434265
YMR303C,YGR101W,0,-6.69684,0.11497730761766434,0.800000011920929,0.6157894730567932
YDR192C,YOR341W,0,-6.6987295,0.11489040404558182,0.800000011920929,0.6163157820701599
YIL066C,YDR145W,0,-6.6992354,0.11480362713336945,0.800000011920929,0.6168420910835266
YNL117W,YDR140W,0,-6.7004333,0.11471698433160782,0.800000011920929,0.6173684000968933
YDL207W,YML007W,0,-6.7011538,0.11463046818971634,0.800000011920929,0.61789470911026
YER036C,YNL283C,0,-6.7023673,0.1145440861582756,0.800000011920929,0.6184210777282715
YKR028W,YBR294W,0,-6.704355,0.11445783078670502,0.800000011920929,0.6189473867416382
YDR309C,YNL090W,0,-6.7046914,0.11437170952558517,0.800000011920929,0.6194736957550049
YHR072W,YPL042C,0,-6.70472,0.11428571492433548,0.800000011920929,0.6200000047683716
YMR219W,YKL119C,0,-6.7056003,0.11419984698295593,0.800000011920929,0.6205263137817383
YDR331W,YDR279W,0,-6.7069774,0.11411411315202713,0.800000011920929,0.621052622795105
YMR287C,YHR119W,0,-6.707071,0.11402850598096848,0.800000011920929,0.6215789318084717
YGL028C,YFR031C,0,-6.708647,0.11394302546977997,0.800000011920929,0.6221052408218384
YER014C-A,YOR151C,0,-6.709652,0.1138576790690422,0.800000011920929,0.6226315498352051
YPL155C,YOL126C,0,-6.7102003,0.113772451877594,0.800000011920929,0.6231579184532166
YLR006C,YKL014C,0,-6.7107916,0.11368735879659653,0.800000011920929,0.6236842274665833
YLR233C,YBL061C,0,-6.721489,0.11360239237546921,0.800000011920929,0.62421053647995
YGR094W,YDR065W,0,-6.7228236,0.11351755261421204,0.800000011920929,0.6247368454933167
YKR001C,YPL144W,0,-6.7254357,0.11343283951282501,0.800000011920929,0.6252631545066833
YCR010C,YOL001W,0,-6.7259946,0.11334824562072754,0.800000011920929,0.62578946352005
YHR197W,YML085C,0,-6.7265754,0.11326378583908081,0.800000011920929,0.6263157725334167
YGR145W,YGL249W,0,-6.7274203,0.11317945271730423,0.800000011920929,0.6268420815467834
YER036C,YNL291C,0,-6.728877,0.1130952388048172,0.800000011920929,0.6273684501647949
YOR213C,YLR135W,0,-6.7326646,0.11301115155220032,0.800000011920929,0.6278947591781616
YGL061C,YHL036W,0,-6.733641,0.11292719095945358,0.800000011920929,0.6284210681915283
YNL272C,YNL332W,0,-6.7359967,0.112843357026577,0.800000011920929,0.628947377204895
YOR145C,YDR325W,0,-6.736572,0.11275964230298996,0.800000011920929,0.6294736862182617
YML077W,YDR195W,0,-6.7376184,0.11267605423927307,0.800000011920929,0.6299999952316284
YLR233C,YPR113W,0,-6.744743,0.11259259283542633,0.800000011920929,0.6305263042449951
YAL059W,YER056C,0,-6.747353,0.11250925064086914,0.800000011920929,0.6310526132583618
YMR038C,YDR306C,0,-6.7481594,0.1124260351061821,0.800000011920929,0.6315789222717285
YLR158C,YGL095C,0,-6.7497134,0.1123429387807846,0.800000011920929,0.63210529088974
YER045C,YBR162C,0,-6.7534437,0.11225996911525726,0.800000011920929,0.6326315999031067
YOR243C,YOR230W,0,-6.7541056,0.11217711865901947,0.800000011920929,0.6331579089164734
YFR040W,YDR285W,0,-6.7572703,0.11209439486265182,0.800000011920929,0.6336842179298401
YPL181W,YLR425W,0,-6.757522,0.11201179027557373,0.800000011920929,0.6342105269432068
YDR516C,YOL104C,0,-6.7612433,0.11192930489778519,0.800000011920929,0.6347368359565735
YOR327C,YKL203C,1,-6.7635455,0.11258278042078018,0.8052631616592407,0.6347368359565735
YCR040W,YNL061W,0,-6.766524,0.11249999701976776,0.8052631616592407,0.6352631449699402
YOL002C,YJL179W,0,-6.766763,0.11241734027862549,0.8052631616592407,0.6357894539833069
YKL025C,YDL098C,0,-6.7690196,0.11233480274677277,0.8052631616592407,0.6363157629966736
YPL265W,YKL048C,0,-6.7698894,0.1122523844242096,0.8052631616592407,0.6368421316146851
YOR113W,YGR264C,0,-6.770302,0.11217008531093597,0.8052631616592407,0.6373684406280518
YLR448W,YNL332W,0,-6.7706494,0.1120879128575325,0.8052631616592407,0.6378947496414185
YOR240W,YDR028C,0,-6.779115,0.11200585961341858,0.8052631616592407,0.6384210586547852
YLR242C,YPR144C,0,-6.779155,0.11192391812801361,0.8052631616592407,0.6389473676681519
YGR081C,YLL012W,0,-6.780829,0.11184210330247879,0.8052631616592407,0.6394736766815186
YGL051W,YEL065W,0,-6.783737,0.11176040768623352,0.8052631616592407,0.6399999856948853
YBR159W,YCL033C,0,-6.7841735,0.1116788312792778,0.8052631616592407,0.640526294708252
YHR079C,YOR003W,0,-6.7858415,0.11159737408161163,0.8052631616592407,0.6410526037216187
YEL065W,YKL042W,0,-6.786265,0.11151603609323502,0.8052631616592407,0.6415789723396301
YLR172C,YLL060C,0,-6.7881837,0.11143481731414795,0.8052631616592407,0.6421052813529968
YGL094C,YML093W,0,-6.788994,0.11135371029376984,0.8052631616592407,0.6426315903663635
YIR028W,YBR228W,0,-6.789785,0.11127272993326187,0.8052631616592407,0.6431578993797302
YDR503C,YBR237W,0,-6.7907014,0.11119186133146286,0.8052631616592407,0.6436842083930969
YLR288C,YGR183C,0,-6.7915254,0.1111111119389534,0.8052631616592407,0.6442105174064636
YNL061W,YDR523C,0,-6.791538,0.11103048175573349,0.8052631616592407,0.6447368264198303
YNR044W,YDR276C,0,-6.7918267,0.11094996333122253,0.8052631616592407,0.645263135433197
YML121W,YJR119C,0,-6.7948375,0.11086956411600113,0.8052631616592407,0.6457894444465637
YMR042W,YKL043W,0,-6.7954674,0.11078928411006927,0.8052631616592407,0.6463158130645752
YBL079W,YNL082W,0,-6.796476,0.11070911586284637,0.8052631616592407,0.6468421220779419
YBR159W,YBR245C,0,-6.7986073,0.11062906682491302,0.8052631616592407,0.6473684310913086
YOL164W,YNR023W,0,-6.803662,0.11054912954568863,0.8052631616592407,0.6478947401046753
YNL256W,YGR101W,0,-6.8077364,0.11046931147575378,0.8052631616592407,0.648421049118042
YDL090C,YER117W,0,-6.8082957,0.11038961261510849,0.8052631616592407,0.6489473581314087
YIR021W,YJL035C,0,-6.8093915,0.11031001806259155,0.8052631616592407,0.6494736671447754
YGL119W,YJR002W,0,-6.8118134,0.11023055016994476,0.8052631616592407,0.6499999761581421
YDL085W,YOL124C,0,-6.814408,0.11015118658542633,0.8052631616592407,0.6505263447761536
YGL241W,YCR084C,0,-6.8178935,0.11007194221019745,0.8052631616592407,0.6510526537895203
YNL008C,YOL164W,0,-6.8201222,0.10999280959367752,0.8052631616592407,0.651578962802887
YDR312W,YKL041W,0,-6.8204336,0.10991379618644714,0.8052631616592407,0.6521052718162537
YGL027C,YBR167C,0,-6.8213954,0.10983488708734512,0.8052631616592407,0.6526315808296204
YGL241W,YHL025W,0,-6.8249297,0.10975609719753265,0.8052631616592407,0.6531578898429871
YDL174C,YBR022W,0,-6.8318033,0.10967741906642914,0.8052631616592407,0.6536841988563538
YLR381W,YLL004W,0,-6.8351893,0.10959885269403458,0.8052631616592407,0.6542105078697205
YEL026W,YOR129C,0,-6.83566,0.10952039808034897,0.8052631616592407,0.6547368168830872
YJR155W,YML069W,0,-6.83637,0.10944206267595291,0.8052631616592407,0.6552631855010986
YML042W,YGL033W,0,-6.8444653,0.10936383157968521,0.8052631616592407,0.6557894945144653
YOR027W,YDR545W,0,-6.8453374,0.10928571224212646,0.8052631616592407,0.656315803527832
YHR072W,YJL073W,0,-6.8473163,0.10920771211385727,0.8052631616592407,0.6568421125411987
YOR028C,YDR279W,0,-6.848001,0.10912981629371643,0.8052631616592407,0.6573684215545654
YPL242C,YDR065W,0,-6.848007,0.10905203223228455,0.8052631616592407,0.6578947305679321
YIL048W,YAR044W,1,-6.8492613,0.10968661308288574,0.8105263113975525,0.6578947305679321
YCR048W,YBR155W,0,-6.851434,0.10960853844881058,0.8105263113975525,0.6584210395812988
YMR056C,YER052C,0,-6.8543515,0.10953058302402496,0.8105263113975525,0.6589473485946655
YCL027W,YJR042W,0,-6.8557806,0.1094527393579483,0.8105263113975525,0.6594736576080322
YBR233W-A,YBR088C,0,-6.8577485,0.109375,0.8105263113975525,0.6600000262260437
YJR097W,YBR186W,0,-6.862103,0.10929737240076065,0.8105263113975525,0.6605263352394104
YBL097W,YNL117W,0,-6.866032,0.10921985656023026,0.8105263113975525,0.6610526442527771
YML113W,YIL115C,0,-6.867546,0.10914245247840881,0.8105263113975525,0.6615789532661438
YJR119C,YPL122C,0,-6.8701186,0.10906515270471573,0.8105263113975525,0.6621052622795105
YER146W,YDL005C,0,-6.8719196,0.1089879721403122,0.8105263113975525,0.6626315712928772
YGL073W,YDR244W,0,-6.8760953,0.10891088843345642,0.8105263113975525,0.6631578803062439
YIL033C,YPR137W,0,-6.877434,0.1088339239358902,0.8105263113975525,0.6636841893196106
YGL027C,YGR060W,0,-6.878305,0.10875706374645233,0.8105263113975525,0.6642104983329773
YJR013W,YHL027W,0,-6.8791356,0.10868030786514282,0.8105263113975525,0.6647368669509888
YLL018C-A,YNR008W,0,-6.8801036,0.10860366374254227,0.8105263113975525,0.6652631759643555
YJR090C,YPR010C,0,-6.8802032,0.10852713137865067,0.8105263113975525,0.6657894849777222
YGL071W,YKL154W,0,-6.883336,0.10845070332288742,0.8105263113975525,0.6663157939910889
YNL129W,YBR073W,0,-6.8945813,0.10837438702583313,0.8105263113975525,0.6668421030044556
YDR192C,YGL028C,0,-6.8961344,0.1082981750369072,0.8105263113975525,0.6673684120178223
YGL014W,YMR133W,0,-6.898029,0.10822206735610962,0.8105263113975525,0.667894721031189
YGL016W,YCR058C,0,-6.8995767,0.1081460639834404,0.8105263113975525,0.6684210300445557
YDR375C,YIR021W,0,-6.9016337,0.10807017236948013,0.8105263113975525,0.6689473390579224
YKR099W,YAR033W,0,-6.902955,0.10799439251422882,0.8105263113975525,0.6694737076759338
YJL039C,YKL214C,0,-6.9034896,0.10791870951652527,0.8105263113975525,0.6700000166893005
YIL053W,YGR047C,0,-6.903663,0.10784313827753067,0.8105263113975525,0.6705263257026672
YOL009C,YGR280C,0,-6.9039035,0.10776767134666443,0.8105263113975525,0.6710526347160339
YHR120W,YDL135C,0,-6.9040017,0.10769230872392654,0.8105263113975525,0.6715789437294006
YEL003W,YCL055W,0,-6.906168,0.10761705040931702,0.8105263113975525,0.6721052527427673
YEL015W,YDR527W,0,-6.9083047,0.10754189640283585,0.8105263113975525,0.672631561756134
YPR093C,YHR066W,0,-6.910649,0.10746685415506363,0.8105263113975525,0.6731578707695007
YNR074C,YBR165W,0,-6.911134,0.10739190876483917,0.8105263113975525,0.6736842393875122
YPL163C,YPR056W,0,-6.913302,0.10731707513332367,0.8105263113975525,0.6742105484008789
YML080W,YDR130C,0,-6.915898,0.10724233835935593,0.8105263113975525,0.6747368574142456
YEL060C,YPL192C,0,-6.9167523,0.10716771334409714,0.8105263113975525,0.6752631664276123
YNL118C,YGR264C,0,-6.9174123,0.10709318518638611,0.8105263113975525,0.675789475440979
YER056C,YGL249W,0,-6.918341,0.10701876133680344,0.8105263113975525,0.6763157844543457
YOL164W,YER087C-B,0,-6.920232,0.10694444179534912,0.8105263113975525,0.6768420934677124
YOR240W,YCR084C,0,-6.9231296,0.10687022656202316,0.8105263113975525,0.6773684024810791
YLR186W,YFR040W,0,-6.9231563,0.10679611563682556,0.8105263113975525,0.6778947114944458
YPL042C,YPL144W,0,-6.9234133,0.10672210901975632,0.8105263113975525,0.6784210801124573
YGL061C,YDR030C,0,-6.923735,0.10664819926023483,0.8105263113975525,0.678947389125824
YFL013C,YGL039W,0,-6.9238434,0.1065743938088417,0.8105263113975525,0.6794736981391907
YDL019C,YAR044W,1,-6.9246755,0.1071922555565834,0.8157894611358643,0.6794736981391907
YGL238W,YKL214C,0,-6.924869,0.10711817443370819,0.8157894611358643,0.6800000071525574
YNL148C,YOR236W,0,-6.9261107,0.10704419761896133,0.8157894611358643,0.6805263161659241
YGL238W,YEL026W,0,-6.9265785,0.10697032511234283,0.8157894611358643,0.6810526251792908
YOL010W,YGL249W,0,-6.926761,0.1068965494632721,0.8157894611358643,0.6815789341926575
YPL192C,YKL119C,0,-6.928103,0.10682287812232971,0.8157894611358643,0.6821052432060242
YNR044W,YPL133C,0,-6.930469,0.10674931108951569,0.8157894611358643,0.6826315522193909
YJL219W,YOL002C,0,-6.935601,0.10667584091424942,0.8157894611358643,0.6831579208374023
YHR129C,YIL115C,0,-6.936456,0.10660247504711151,0.8157894611358643,0.683684229850769
YKL008C,YBR213W,0,-6.9384656,0.10652920603752136,0.8157894611358643,0.6842105388641357
YHR066W,YGL039W,0,-6.939075,0.10645604133605957,0.8157894611358643,0.6847368478775024
YKL021C,YJL187C,0,-6.940113,0.10638298094272614,0.8157894611358643,0.6852631568908691
YMR133W,YKL042W,0,-6.9414334,0.10631001740694046,0.8157894611358643,0.6857894659042358
YJL030W,YIR026C,0,-6.9441066,0.10623715072870255,0.8157894611358643,0.6863157749176025
YDR142C,YJL148W,0,-6.950753,0.10616438090801239,0.8157894611358643,0.6868420839309692
YOL124C,YJR110W,0,-6.953706,0.10609171539545059,0.8157894611358643,0.6873683929443359
YDR461W,YDR065W,0,-6.9540963,0.10601915419101715,0.8157894611358643,0.6878947615623474
YDR378C,YIL066C,0,-6.954389,0.10594668239355087,0.8157894611358643,0.6884210705757141
YPR112C,YDR311W,0,-6.955211,0.10587431490421295,0.8157894611358643,0.6889473795890808
YDR309C,YIL122W,0,-6.9552813,0.10580204427242279,0.8157894611358643,0.6894736886024475
YOR028C,YPL095C,0,-6.956013,0.10572987794876099,0.8157894611358643,0.6899999976158142
YNL244C,YML093W,0,-6.9572043,0.10565780848264694,0.8157894611358643,0.6905263066291809
YKL150W,YOL104C,0,-6.9609165,0.10558582842350006,0.8157894611358643,0.6910526156425476
YJR059W,YLR448W,0,-6.9653196,0.10551395267248154,0.8157894611358643,0.6915789246559143
YLR145W,YDL098C,0,-6.9672217,0.10544217377901077,0.8157894611358643,0.692105233669281
YIL066C,YER005W,0,-6.967503,0.10537049919366837,0.8157894611358643,0.6926316022872925
YBL097W,YCL005W-A,0,-6.9679036,0.10529891401529312,0.8157894611358643,0.6931579113006592
YPR083W,YIL115C,0,-6.969059,0.10522742569446564,0.8157894611358643,0.6936842203140259
YNR056C,YER035W,0,-6.96938,0.10515604168176651,0.8157894611358643,0.6942105293273926
YBR092C,YJL173C,0,-6.970979,0.10508474707603455,0.8157894611358643,0.6947368383407593
YNR067C,YLR224W,0,-6.97154,0.10501354932785034,0.8157894611358643,0.695263147354126
YMR025W,YJR002W,0,-6.97362,0.1049424484372139,0.8157894611358643,0.6957894563674927
YPL012W,YKL035W,0,-6.9762516,0.10487144440412521,0.8157894611358643,0.6963157653808594
YKL185W,YGL135W,0,-6.976297,0.10480053722858429,0.8157894611358643,0.6968421339988708
YLR320W,YNL317W,0,-6.9792647,0.10472972691059113,0.8157894611358643,0.6973684430122375
YBR228W,YDL159W,0,-6.9806886,0.10465901345014572,0.8157894611358643,0.6978947520256042
YLL042C,YJL201W,0,-6.9810963,0.10458839684724808,0.8157894611358643,0.698421061038971
YNL328C,YDL224C,0,-6.9815297,0.1045178696513176,0.8157894611358643,0.6989473700523376
YHR019C,YPR009W,0,-6.982585,0.10444743931293488,0.8157894611358643,0.6994736790657043
YFL031W,YDR004W,0,-6.983273,0.10437710583209991,0.8157894611358643,0.699999988079071
YER052C,YJL203W,0,-6.986594,0.10430686175823212,0.8157894611358643,0.7005262970924377
YGR264C,YNL044W,0,-6.987166,0.10423671454191208,0.8157894611358643,0.7010526061058044
YLR288C,YOR081C,0,-6.9879775,0.1041666641831398,0.8157894611358643,0.7015789747238159
YDR512C,YPL096C-A,0,-6.988361,0.10409671068191528,0.8157894611358643,0.7021052837371826
YOR340C,YGR059W,0,-6.9908814,0.10402684658765793,0.8157894611358643,0.7026315927505493
YDR378C,YOR341W,0,-6.9922748,0.10395707935094833,0.8157894611358643,0.703157901763916
YPR007C,YLR224W,0,-6.9928603,0.1038874015212059,0.8157894611358643,0.7036842107772827
YHR099W,YMR051C,0,-6.994848,0.10381781309843063,0.8157894611358643,0.7042105197906494
YML116W,YMR165C,0,-6.9962955,0.10374832898378372,0.8157894611358643,0.7047368288040161
YOR036W,YAL011W,0,-6.9978356,0.10367892682552338,0.8157894611358643,0.7052631378173828
YGL003C,YIR028W,0,-6.99857,0.10360962897539139,0.8157894611358643,0.7057894468307495
YBR088C,YLL017W,0,-7.0053697,0.10354041308164597,0.8157894611358643,0.706315815448761
YDL065C,YMR051C,0,-7.006338,0.1034712940454483,0.8157894611358643,0.7068421244621277
YNL172W,YMR068W,0,-7.0085936,0.1034022718667984,0.8157894611358643,0.7073684334754944
YKR099W,YDL014W,0,-7.0133085,0.10333333164453506,0.8157894611358643,0.7078947424888611
YPL119C,YLR033W,0,-7.013643,0.10326448827981949,0.8157894611358643,0.7084210515022278
YHR114W,YAR044W,1,-7.0169854,0.10386151820421219,0.821052610874176,0.7084210515022278
YDL174C,YFR040W,0,-7.017922,0.10379241406917572,0.821052610874176,0.7089473605155945
YOR171C,YJL098W,0,-7.0189953,0.10372340679168701,0.821052610874176,0.7094736695289612
YOR028C,YLR221C,0,-7.019556,0.10365448147058487,0.821052610874176,0.7099999785423279
YOR250C,YER028C,0,-7.020247,0.10358566045761108,0.821052610874176,0.7105262875556946
YBR155W,YOL143C,0,-7.0236745,0.10351692140102386,0.821052610874176,0.711052656173706
YER168C,YDR515W,0,-7.0244493,0.1034482792019844,0.821052610874176,0.7115789651870728
YOR026W,YDR484W,0,-7.0247316,0.10337971895933151,0.821052610874176,0.7121052742004395
YJR042W,YAR003W,0,-7.025226,0.10331125557422638,0.821052610874176,0.7126315832138062
YEL050C,YMR051C,0,-7.0267873,0.103242889046669,0.821052610874176,0.7131578922271729
YMR303C,YNL326C,0,-7.0274997,0.1031746044754982,0.821052610874176,0.7136842012405396
YPL095C,YDL003W,0,-7.0280128,0.10310640931129456,0.821052610874176,0.7142105102539062
YDL024C,YDR122W,0,-7.028262,0.10303831100463867,0.821052610874176,0.714736819267273
YGL180W,YHR118C,0,-7.028501,0.10297029465436935,0.821052610874176,0.7152631282806396
YAR044W,YHR016C,1,-7.030562,0.10356200486421585,0.8263157606124878,0.7152631282806396
YHR059W,YBR142W,0,-7.0320477,0.10349373519420624,0.8263157606124878,0.7157894968986511
YGR086C,YAR044W,1,-7.0323176,0.1040843203663826,0.8315789699554443,0.7157894968986511
YBR073W,YAL011W,0,-7.0352736,0.10401579737663269,0.8315789699554443,0.7163158059120178
YNL061W,YBR186W,0,-7.0377297,0.10394737124443054,0.8315789699554443,0.7168421149253845
YLR158C,YDR337W,0,-7.0389395,0.10387902706861496,0.8315789699554443,0.7173684239387512
YER122C,YGL249W,0,-7.0392995,0.10381077229976654,0.8315789699554443,0.7178947329521179
YDL081C,YLR425W,0,-7.0407753,0.10374261438846588,0.8315789699554443,0.7184210419654846
YDL030W,YLR383W,0,-7.041872,0.10367453843355179,0.8315789699554443,0.7189473509788513
YBL105C,YOR313C,0,-7.042979,0.10360655933618546,0.8315789699554443,0.719473659992218
YGL222C,YJR110W,0,-7.0433683,0.10353866219520569,0.8315789699554443,0.7200000286102295
YOR328W,YLR212C,0,-7.05302,0.10347085446119308,0.8315789699554443,0.7205263376235962
YOR250C,YJR120W,0,-7.054959,0.10340314358472824,0.8315789699554443,0.7210526466369629
YJR042W,YNL317W,0,-7.055578,0.10333551466464996,0.8315789699554443,0.7215789556503296
YHR148W,YDR306C,0,-7.056284,0.10326797515153885,0.8315789699554443,0.7221052646636963
YER072W,YGR251W,0,-7.0566792,0.1032005250453949,0.8315789699554443,0.722631573677063
YOR173W,YKL048C,0,-7.057502,0.10313315689563751,0.8315789699554443,0.7231578826904297
YBR029C,YDL174C,0,-7.0585637,0.10306588560342789,0.8315789699554443,0.7236841917037964
YCR020W-B,YCL005W-A,0,-7.0647388,0.10299869626760483,0.8315789699554443,0.7242105007171631
YPL145C,YKL203C,1,-7.0650783,0.10358306020498276,0.8368421196937561,0.7242105007171631
YLR223C,YKL120W,0,-7.069166,0.103515625,0.8368421196937561,0.7247368693351746
YPR001W,YMR129W,0,-7.069294,0.1034482792019844,0.8368421196937561,0.7252631783485413
YOR173W,YGR252W,0,-7.0692983,0.10338101536035538,0.8368421196937561,0.725789487361908
YCR020W-B,YPL012W,0,-7.0754237,0.10331384092569351,0.8368421196937561,0.7263157963752747
YLR043C,YDR449C,0,-7.0755715,0.10324675589799881,0.8368421196937561,0.7268421053886414
YMR303C,YMR210W,0,-7.077045,0.10317975282669067,0.8368421196937561,0.7273684144020081
YDL014W,YKL043W,0,-7.0777245,0.1031128391623497,0.8368421196937561,0.7278947234153748
YML113W,YPL129W,0,-7.0842433,0.10304601490497589,0.8368421196937561,0.7284210324287415
YLR084C,YOR014W,0,-7.085645,0.10297927260398865,0.8368421196937561,0.7289473414421082
YHR197W,YLL041C,0,-7.088688,0.10291261970996857,0.8368421196937561,0.7294737100601196
YDR331W,YNL110C,0,-7.0903726,0.10284605622291565,0.8368421196937561,0.7300000190734863
YKL220C,YML049C,0,-7.0909896,0.1027795746922493,0.8368421196937561,0.730526328086853
YBR009C,YDR011W,0,-7.0930667,0.10271317511796951,0.8368421196937561,0.7310526371002197
YML019W,YJR035W,0,-7.099938,0.10264687240123749,0.8368421196937561,0.7315789461135864
YNL023C,YPL093W,0,-7.1010613,0.10258064419031143,0.8368421196937561,0.7321052551269531
YNL219C,YBR065C,0,-7.102063,0.10251450538635254,0.8368421196937561,0.7326315641403198
YML113W,YNL328C,0,-7.1020856,0.10244845598936081,0.8368421196937561,0.7331578731536865
YPL275W,YML058W,0,-7.1025434,0.10238248854875565,0.8368421196937561,0.7336841821670532
YGL238W,YJL187C,0,-7.1026244,0.10231660306453705,0.8368421196937561,0.7342105507850647
YBL097W,YMR210W,0,-7.1047287,0.10225080698728561,0.8368421196937561,0.7347368597984314
YER019W,YLR145W,0,-7.1072164,0.10218509286642075,0.8368421196937561,0.7352631688117981
YLL035W,YGR264C,0,-7.1076565,0.10211946070194244,0.8368421196937561,0.7357894778251648
YCR075C,YKR063C,0,-7.109219,0.1020539179444313,0.8368421196937561,0.7363157868385315
YNL172W,YAR019C,0,-7.1096516,0.10198845714330673,0.8368421196937561,0.7368420958518982
YMR056C,YDL069C,0,-7.111642,0.10192307829856873,0.8368421196937561,0.7373684048652649
YOR054C,YDR306C,0,-7.111969,0.10185778141021729,0.8368421196937561,0.7378947138786316
YEL050C,YEL065W,0,-7.114244,0.10179257392883301,0.8368421196937561,0.7384210228919983
YDR503C,YBL026W,0,-7.115268,0.1017274484038353,0.8368421196937561,0.7389473915100098
YDL069C,YDR004W,0,-7.118033,0.10166240483522415,0.8368421196937561,0.7394737005233765
YDL081C,YBL061C,0,-7.122812,0.10159744322299957,0.8368421196937561,0.7400000095367432
YLL008W,YNL036W,0,-7.1236596,0.10153256356716156,0.8368421196937561,0.7405263185501099
YDR195W,YGR094W,0,-7.126716,0.10146777331829071,0.8368421196937561,0.7410526275634766
YMR081C,YDL060W,0,-7.126906,0.10140305757522583,0.8368421196937561,0.7415789365768433
YPR181C,YDR472W,0,-7.1296983,0.10133843123912811,0.8368421196937561,0.74210524559021
YLR158C,YKL018W,0,-7.133116,0.10127388685941696,0.8368421196937561,0.7426315546035767
YKR063C,YBL057C,0,-7.134352,0.10120942443609238,0.8368421196937561,0.7431579232215881
YHL038C,YKL166C,0,-7.135148,0.10114503651857376,0.8368421196937561,0.7436842322349548
YAR044W,YNL154C,1,-7.139364,0.10171646624803543,0.8421052694320679,0.7436842322349548
YEL015W,YEL032W,0,-7.1396737,0.10165183991193771,0.8421052694320679,0.7442105412483215
YOR014W,YBL100W-A,0,-7.145825,0.10158730298280716,0.8421052694320679,0.7447368502616882
YBR100W,YJL183W,0,-7.14854,0.10152284055948257,0.8421052694320679,0.7452631592750549
YGL249W,YMR051C,0,-7.152327,0.10145846754312515,0.8421052694320679,0.7457894682884216
YKL114C,YKR087C,0,-7.1562324,0.1013941690325737,0.8421052694320679,0.7463157773017883
YDR130C,YPL175W,0,-7.1569653,0.10132995247840881,0.8421052694320679,0.746842086315155
YGL153W,YDL039C,0,-7.1574864,0.10126582533121109,0.8421052694320679,0.7473683953285217
YNL231C,YOR313C,0,-7.15813,0.10120177268981934,0.8421052694320679,0.7478947639465332
YMR292W,YBR294W,0,-7.1586456,0.10113780200481415,0.8421052694320679,0.7484210729598999
YKL185W,YCR012W,0,-7.1601853,0.10107391327619553,0.8421052694320679,0.7489473819732666
YCL016C,YPL208W,0,-7.1654468,0.10101009905338287,0.8421052694320679,0.7494736909866333
YFR028C,YBL058W,0,-7.16797,0.10094637423753738,0.8421052694320679,0.75
YHR011W,YLL004W,0,-7.170315,0.10088272392749786,0.8421052694320679,0.7505263090133667
YDR277C,YKL120W,0,-7.171454,0.10081915557384491,0.8421052694320679,0.7510526180267334
YGL021W,YGL014W,0,-7.1789775,0.10075566917657852,0.8421052694320679,0.7515789270401001
YJL006C,YGR060W,0,-7.1800528,0.1006922572851181,0.8421052694320679,0.7521052360534668
YJR002W,YGR047C,0,-7.180489,0.10062892735004425,0.8421052694320679,0.7526316046714783
YPL270W,YLR224W,0,-7.182568,0.10056567937135696,0.8421052694320679,0.753157913684845
YOR240W,YLR138W,0,-7.1854267,0.10050251334905624,0.8421052694320679,0.7536842226982117
YIL026C,YKR037C,0,-7.1865025,0.10043942183256149,0.8421052694320679,0.7542105317115784
YNR056C,YDR479C,0,-7.1869807,0.10037641227245331,0.8421052694320679,0.7547368407249451
YLR238W,YOL002C,0,-7.1885285,0.10031347721815109,0.8421052694320679,0.7552631497383118
YOL001W,YDR532C,0,-7.1895366,0.10025062412023544,0.8421052694320679,0.7557894587516785
YDR532C,YLL017W,0,-7.19005,0.10018785297870636,0.8421052694320679,0.7563157677650452
YPL275W,YEL060C,0,-7.197566,0.10012515634298325,0.8421052694320679,0.7568420767784119
YLR158C,YNL293W,0,-7.197793,0.1000625416636467,0.8421052694320679,0.7573684453964233
YGR159C,YEL065W,0,-7.198137,0.10000000149011612,0.8421052694320679,0.75789475440979
YMR202W,YGL169W,0,-7.198418,0.09993753582239151,0.8421052694320679,0.7584210634231567
YPL275W,YBR165W,0,-7.201454,0.09987515956163406,0.8421052694320679,0.7589473724365234
YOL104C,YJR141W,0,-7.202555,0.09981285035610199,0.8421052694320679,0.7594736814498901
YER056C,YNL246W,0,-7.20274,0.09975062310695648,0.8421052694320679,0.7599999904632568
YDR113C,YKL079W,0,-7.203056,0.09968847036361694,0.8421052694320679,0.7605262994766235
YML081C-A,YGL174W,0,-7.203157,0.09962639957666397,0.8421052694320679,0.7610526084899902
YDR281C,YCR058C,0,-7.2088904,0.09956440329551697,0.8421052694320679,0.7615789771080017
YLR285W,YJR120W,0,-7.208923,0.09950248897075653,0.8421052694320679,0.7621052861213684
YNL112W,YAL056W,0,-7.210748,0.09944064915180206,0.8421052694320679,0.7626315951347351
YMR199W,YDR297W,0,-7.212293,0.09937888383865356,0.8421052694320679,0.7631579041481018
YPR100W,YDR065W,0,-7.213063,0.09931719303131104,0.8421052694320679,0.7636842131614685
YBR009C,YDR122W,0,-7.213628,0.09925558418035507,0.8421052694320679,0.7642105221748352
YJR147W,YGR009C,0,-7.216002,0.09919404983520508,0.8421052694320679,0.7647368311882019
YBL098W,YER019W,0,-7.218146,0.09913258999586105,0.8421052694320679,0.7652631402015686
YDR130C,YDR545W,0,-7.2249913,0.099071204662323,0.8421052694320679,0.7657894492149353
YPL181W,YGR280C,0,-7.2280073,0.09900990128517151,0.8421052694320679,0.7663158178329468
YBR029C,YDL014W,0,-7.2303557,0.09894867241382599,0.8421052694320679,0.7668421268463135
YMR246W,YJL035C,0,-7.2324567,0.09888751804828644,0.8421052694320679,0.7673684358596802
YOR240W,YML019W,0,-7.2331347,0.09882643818855286,0.8421052694320679,0.7678947448730469
YCL027W,YPR032W,0,-7.2331676,0.09876543283462524,0.8421052694320679,0.7684210538864136
YGL222C,YLR084C,0,-7.2365413,0.0987045019865036,0.8421052694320679,0.7689473628997803
YAR044W,YGR241C,1,-7.240003,0.09926017373800278,0.8473684191703796,0.7689473628997803
YDR524C,YDR060W,0,-7.242473,0.09919901192188263,0.8473684191703796,0.769473671913147
YDR512C,YNL153C,0,-7.2430854,0.09913793206214905,0.8473684191703796,0.7699999809265137
YGR010W,YDR523C,0,-7.2451763,0.09907692670822144,0.8473684191703796,0.7705262899398804
YFL031W,YLR126C,0,-7.247013,0.0990159884095192,0.8473684191703796,0.7710526585578918
YHR011W,YER087C-A,0,-7.247728,0.09895513206720352,0.8473684191703796,0.7715789675712585
YJR057W,YER061C,0,-7.2515917,0.09889435023069382,0.8473684191703796,0.7721052765846252
YER036C,YDR523C,0,-7.251944,0.09883364289999008,0.8473684191703796,0.7726315855979919
YBR088C,YMR133W,0,-7.2541976,0.09877300262451172,0.8473684191703796,0.7731578946113586
YEL032W,YGL246C,0,-7.2571855,0.09871244430541992,0.8473684191703796,0.7736842036247253
YDR176W,YJR027W,0,-7.258145,0.0986519604921341,0.8473684191703796,0.774210512638092
YDL113C,YJR145C,0,-7.258823,0.09859155118465424,0.8473684191703796,0.7747368216514587
YGL192W,YKR081C,0,-7.2606497,0.09853120893239975,0.8473684191703796,0.7752631306648254
YJR160C,YPL012W,0,-7.2643027,0.09847094863653183,0.8473684191703796,0.7757894992828369
YLR060W,YKL166C,0,-7.268908,0.09841075539588928,0.8473684191703796,0.7763158082962036
YLL060C,YLL004W,0,-7.273681,0.0983506441116333,0.8473684191703796,0.7768421173095703
YBR029C,YOR243C,0,-7.2746315,0.09829059988260269,0.8473684191703796,0.777368426322937
YBL097W,YDL098C,0,-7.2766623,0.09823063015937805,0.8473684191703796,0.7778947353363037
YDR195W,YMR051C,0,-7.276755,0.09817073494195938,0.8473684191703796,0.7784210443496704
YAR019C,YER126C,0,-7.2768764,0.09811090677976608,0.8473684191703796,0.7789473533630371
YDR484W,YLR126C,0,-7.277188,0.09805116057395935,0.8473684191703796,0.7794736623764038
YOR266W,YDR306C,0,-7.281524,0.09799148142337799,0.8473684191703796,0.7799999713897705
YHR157W,YGL044C,0,-7.285133,0.0979318767786026,0.8473684191703796,0.780526340007782
YOL002C,YCL005W-A,0,-7.286282,0.09787233918905258,0.8473684191703796,0.7810526490211487
YBR060C,YDR472W,0,-7.2895713,0.09781287610530853,0.8473684191703796,0.7815789580345154
YDL117W,YOR313C,0,-7.2897706,0.09775348752737045,0.8473684191703796,0.7821052670478821
YGL090W,YGR081C,0,-7.2900825,0.09769417345523834,0.8473684191703796,0.7826315760612488
YJL179W,YBR002C,0,-7.290228,0.0976349338889122,0.8473684191703796,0.7831578850746155
YCR083W,YJR120W,0,-7.2908053,0.09757575392723083,0.8473684191703796,0.7836841940879822
YMR287C,YDR018C,0,-7.295935,0.09751665592193604,0.8473684191703796,0.7842105031013489
YPL101W,YGR059W,0,-7.296797,0.09745762497186661,0.8473684191703796,0.7847368717193604
YNL153C,YPL006W,0,-7.2968044,0.09739866852760315,0.8473684191703796,0.785263180732727
YOR327C,YAR044W,1,-7.296874,0.09794437885284424,0.8526315689086914,0.785263180732727
YPR016C,YPR133W-A,0,-7.2972083,0.09788519889116287,0.8526315689086914,0.7857894897460938
YPL138C,YCL005W-A,0,-7.297764,0.09782608598470688,0.8526315689086914,0.7863157987594604
YCR005C,YLL061W,0,-7.300604,0.09776704758405685,0.8526315689086914,0.7868421077728271
YNL270C,YLR224W,0,-7.3067646,0.0977080836892128,0.8526315689086914,0.7873684167861938
YGL183C,YOR341W,0,-7.3074574,0.09764918684959412,0.8526315689086914,0.7878947257995605
YNL082W,YNL244C,0,-7.307553,0.0975903645157814,0.8526315689086914,0.7884210348129272
YBL097W,YDR484W,0,-7.3125563,0.09753160923719406,0.8526315689086914,0.788947343826294
YNL153C,YLR126C,0,-7.3151493,0.09747292101383209,0.8526315689086914,0.7894737124443054
YML113W,YLR347C,0,-7.3172383,0.09741431474685669,0.8526315689086914,0.7900000214576721
YDR004W,YKR053C,0,-7.3180413,0.09735576808452606,0.8526315689086914,0.7905263304710388
YER087C-A,YGR143W,0,-7.319217,0.0972972959280014,0.8526315689086914,0.7910526394844055
YDL174C,YLR223C,0,-7.3193955,0.09723889827728271,0.8526315689086914,0.7915789484977722
YIL142W,YOR236W,0,-7.3196397,0.0971805602312088,0.8526315689086914,0.7921052575111389
YHL025W,YDR429C,0,-7.3198915,0.09712230414152145,0.8526315689086914,0.7926315665245056
YLR347C,YHR157W,0,-7.325009,0.09706410765647888,0.8526315689086914,0.7931578755378723
YFR031C,YJR027W,0,-7.32604,0.09700598567724228,0.8526315689086914,0.793684184551239
YLR342W,YLR337W,1,-7.3298864,0.09754637628793716,0.8578947186470032,0.793684184551239
YDR436W,YCR058C,0,-7.3316245,0.09748803824186325,0.8578947186470032,0.7942105531692505
YDR030C,YPL129W,0,-7.3334756,0.09742976725101471,0.8578947186470032,0.7947368621826172
YBR092C,YHL025W,0,-7.33517,0.09737156331539154,0.8578947186470032,0.7952631711959839
YKL048C,YPR009W,0,-7.3376513,0.09731343388557434,0.8578947186470032,0.7957894802093506
YHR094C,YMR129W,0,-7.33866,0.09725537151098251,0.8578947186470032,0.7963157892227173
YJR105W,YCL005W-A,0,-7.3416543,0.09719737619161606,0.8578947186470032,0.796842098236084
YDR279W,YER087C-A,0,-7.348094,0.09713945537805557,0.8578947186470032,0.7973684072494507
YKL129C,YAR044W,1,-7.348754,0.09767718613147736,0.8631578683853149,0.7973684072494507
YKL060C,YNL328C,0,-7.3531485,0.09761904925107956,0.8631578683853149,0.7978947162628174
YJL173C,YLR126C,0,-7.3549533,0.09756097197532654,0.8631578683853149,0.7984210252761841
YJR057W,YPR056W,0,-7.3565707,0.09750296920537949,0.8631578683853149,0.7989473938941956
YDL060W,YKL041W,0,-7.358848,0.0974450409412384,0.8631578683853149,0.7994737029075623
YBR100W,YKL113C,0,-7.362514,0.0973871722817421,0.8631578683853149,0.800000011920929
YLR320W,YOR129C,0,-7.3640084,0.09732937812805176,0.8631578683853149,0.8005263209342957
YLR166C,YLL017W,0,-7.365992,0.09727165102958679,0.8631578683853149,0.8010526299476624
YPL255W,YHL027W,0,-7.3676267,0.0972139909863472,0.8631578683853149,0.801578938961029
YPL110C,YBR100W,0,-7.3738737,0.09715639799833298,0.8631578683853149,0.8021052479743958
YKL129C,YLR337W,1,-7.374958,0.09769093990325928,0.8684210777282715,0.8021052479743958
YKL016C,YCR106W,0,-7.3762183,0.09763313829898834,0.8684210777282715,0.8026315569877625
YLR337W,YHR016C,1,-7.377381,0.09816676378250122,0.8736842274665833,0.8026315569877625
YDL029W,YBR244W,0,-7.380092,0.09810874611139297,0.8736842274665833,0.8031578660011292
YER020W,YHR039C-B,0,-7.3816757,0.0980507954955101,0.8736842274665833,0.8036842346191406
YMR250W,YER126C,0,-7.3823147,0.0979929193854332,0.8736842274665833,0.8042105436325073
YBL097W,YOR112W,0,-7.3846374,0.09793510288000107,0.8736842274665833,0.804736852645874
YGL033W,YOR230W,0,-7.387239,0.09787736088037491,0.8736842274665833,0.8052631616592407
YOL002C,YPL124W,0,-7.3883185,0.09781967848539352,0.8736842274665833,0.8057894706726074
YPL048W,YPL275W,0,-7.3891177,0.09776207059621811,0.8736842274665833,0.8063157796859741
YER068W,YAR009C,0,-7.390571,0.09770452976226807,0.8736842274665833,0.8068420886993408
YCL027W,YJR135C,0,-7.3908134,0.0976470559835434,0.8736842274665833,0.8073683977127075
YMR081C,YJL148W,0,-7.391122,0.0975896567106247,0.8736842274665833,0.807894766330719
YOR028C,YBR088C,0,-7.3923707,0.09753231704235077,0.8736842274665833,0.8084210753440857
YHR059W,YJR135C,0,-7.3934956,0.09747504442930222,0.8736842274665833,0.8089473843574524
YDR039C,YBL100W-A,0,-7.396841,0.09741783887147903,0.8736842274665833,0.8094736933708191
YKL120W,YPR007C,0,-7.399448,0.09736070036888123,0.8736842274665833,0.8100000023841858
YPL096C-A,YOR127W,0,-7.4000716,0.09730363637208939,0.8736842274665833,0.8105263113975525
YLR391W,YOR208W,0,-7.4021506,0.09724663197994232,0.8736842274665833,0.8110526204109192
YLR172C,YJL012C-A,0,-7.403048,0.09718969464302063,0.8736842274665833,0.8115789294242859
YNR056C,YJR064W,0,-7.4035354,0.09713282436132431,0.8736842274665833,0.8121052384376526
YAL042W,YMR011W,0,-7.4076223,0.09707602113485336,0.8736842274665833,0.8126316070556641
YML077W,YGR128C,0,-7.40838,0.09701928496360779,0.8736842274665833,0.8131579160690308
YMR060C,YDR545W,0,-7.408624,0.09696261584758759,0.8736842274665833,0.8136842250823975
YBR100W,YOR380W,0,-7.4095025,0.09690601378679276,0.8736842274665833,0.8142105340957642
YBR142W,YCL005W-A,0,-7.4096828,0.0968494713306427,0.8736842274665833,0.8147368431091309
YLR337W,YGR241C,1,-7.409711,0.09737609326839447,0.878947377204895,0.8147368431091309
YKR099W,YOR074C,0,-7.410251,0.0973193496465683,0.878947377204895,0.8152631521224976
YKL203C,YLR337W,1,-7.41067,0.09784507751464844,0.8842105269432068,0.8152631521224976
YPL275W,YOL094C,0,-7.413683,0.09778812527656555,0.8842105269432068,0.8157894611358643
YAL059W,YPL275W,0,-7.4168487,0.09773124009370804,0.8842105269432068,0.816315770149231
YAL024C,YLR448W,0,-7.4182177,0.0976744219660759,0.8842105269432068,0.8168420791625977
YKL185W,YPL093W,0,-7.4182925,0.09761766344308853,0.8842105269432068,0.8173684477806091
YLR242C,YIL147C,0,-7.4183555,0.09756097197532654,0.8842105269432068,0.8178947567939758
YFL034C-B,YDR527W,0,-7.4206347,0.09750435501337051,0.8842105269432068,0.8184210658073425
YGL180W,YJL198W,0,-7.421914,0.09744779765605927,0.8842105269432068,0.8189473748207092
YMR056C,YJR120W,0,-7.423511,0.09739130735397339,0.8842105269432068,0.8194736838340759
YMR173W,YBL100W-A,0,-7.4248157,0.09733487665653229,0.8842105269432068,0.8199999928474426
YBL097W,YOR380W,0,-7.4266014,0.09727852046489716,0.8842105269432068,0.8205263018608093
YGR200C,YLR448W,0,-7.4362164,0.0972222238779068,0.8842105269432068,0.821052610874176
YAL031C,YJR141W,0,-7.439955,0.09716599434614182,0.8842105269432068,0.8215789198875427
YJR147W,YLR148W,0,-7.446036,0.0971098244190216,0.8842105269432068,0.8221052885055542
YLR276C,YCL060C,0,-7.4463315,0.09705372899770737,0.8842105269432068,0.8226315975189209
YPL145C,YAR044W,1,-7.4468756,0.09757506102323532,0.8894736766815186,0.8226315975189209
YGL219C,YJL148W,0,-7.4505982,0.09751875698566437,0.8894736766815186,0.8231579065322876
YMR129W,YGR085C,0,-7.4521213,0.09746251255273819,0.8894736766815186,0.8236842155456543
YAR033W,YMR133W,0,-7.4526486,0.09740634262561798,0.8894736766815186,0.824210524559021
YBR059C,YLR337W,1,-7.4543653,0.09792626649141312,0.8947368264198303,0.824210524559021
YHR114W,YLR337W,1,-7.4548,0.0984455943107605,0.8999999761581421,0.824210524559021
YKR097W,YDR240C,0,-7.4556227,0.09838895499706268,0.8999999761581421,0.8247368335723877
YBR195C,YLR212C,0,-7.456706,0.09833237528800964,0.8999999761581421,0.8252631425857544
YHL019C,YMR199W,0,-7.457379,0.09827586263418198,0.8999999761581421,0.8257894515991211
YGL094C,YGR251W,0,-7.4577737,0.09821941703557968,0.8999999761581421,0.8263157606124878
YIR028W,YNL153C,0,-7.4583364,0.09816303104162216,0.8999999761581421,0.8268421292304993
YDR060W,YKL193C,0,-7.459094,0.09810671210289001,0.8999999761581421,0.827368438243866
YJR068W,YHR197W,0,-7.460593,0.09805046021938324,0.8999999761581421,0.8278947472572327
YDR524C,YLL017W,0,-7.461119,0.09799426794052124,0.8999999761581421,0.8284210562705994
YLR084C,YMR270C,0,-7.462297,0.09793814271688461,0.8999999761581421,0.8289473652839661
YLR212C,YMR051C,0,-7.463012,0.09788208454847336,0.8999999761581421,0.8294736742973328
YLR391W,YMR173W,0,-7.463571,0.09782608598470688,0.8999999761581421,0.8299999833106995
YOL051W,YGL246C,0,-7.4654365,0.09777015447616577,0.8999999761581421,0.8305262923240662
YPR100W,YDR058C,0,-7.465444,0.09771428257226944,0.8999999761581421,0.8310526609420776
YGR095C,YER087C-A,0,-7.465504,0.09765847772359848,0.8999999761581421,0.8315789699554443
YCR058C,YJR035W,0,-7.4667625,0.0976027399301529,0.8999999761581421,0.832105278968811
YDR165W,YML029W,0,-7.4696937,0.09754706174135208,0.8999999761581421,0.8326315879821777
YOR250C,YBR244W,0,-7.472017,0.09749145060777664,0.8999999761581421,0.8331578969955444
YLR129W,YMR015C,0,-7.473169,0.09743589907884598,0.8999999761581421,0.8336842060089111
YAR044W,YKL203C,1,-7.4754004,0.09794988483190536,0.9052631855010986,0.8336842060089111
YOL164W,YNL291C,0,-7.475762,0.09789413958787918,0.9052631855010986,0.8342105150222778
YBR092C,YML049C,0,-7.4771695,0.09783845394849777,0.9052631855010986,0.8347368240356445
YCR058C,YDR532C,0,-7.478929,0.09778282791376114,0.9052631855010986,0.8352631330490112
YKL021C,YOR036W,0,-7.4793053,0.09772727638483047,0.9052631855010986,0.8357895016670227
YCL034W,YLR337W,1,-7.481866,0.09823963791131973,0.9105263352394104,0.8357895016670227
YBL097W,YJR141W,0,-7.4831934,0.09818388521671295,0.9105263352394104,0.8363158106803894
YMR129W,YDR165W,0,-7.4864984,0.09812819212675095,0.9105263352394104,0.8368421196937561
YLR276C,YNL117W,0,-7.4890056,0.09807255864143372,0.9105263352394104,0.8373684287071228
YLL035W,YDR515W,0,-7.490602,0.09801699966192245,0.9105263352394104,0.8378947377204895
YPR083W,YOL010W,0,-7.4958944,0.09796149283647537,0.9105263352394104,0.8384210467338562
YOR240W,YER068W,0,-7.4959493,0.09790605306625366,0.9105263352394104,0.8389473557472229
YGL119W,YAR009C,0,-7.4963536,0.09785068035125732,0.9105263352394104,0.8394736647605896
YFL013C,YCL060C,0,-7.4977026,0.09779536724090576,0.9105263352394104,0.8399999737739563
YPL192C,YHR039C-B,0,-7.499578,0.09774011373519897,0.9105263352394104,0.8405263423919678
YER019W,YHR039C-B,0,-7.501777,0.09768492728471756,0.9105263352394104,0.8410526514053345
YJL203W,YIL105C,0,-7.50212,0.09762980043888092,0.9105263352394104,0.8415789604187012
YOR179C,YJR027W,0,-7.5049834,0.09757473319768906,0.9105263352394104,0.8421052694320679
YNL023C,YLR285W,0,-7.5067844,0.09751973301172256,0.9105263352394104,0.8426315784454346
YHR148W,YER087C-A,0,-7.507538,0.09746479243040085,0.9105263352394104,0.8431578874588013
YPR193C,YDR065W,0,-7.513574,0.09740991145372391,0.9105263352394104,0.843684196472168
YLR233C,YDR429C,0,-7.5146284,0.09735509008169174,0.9105263352394104,0.8442105054855347
YKL004W,YKL154W,0,-7.517384,0.09730033576488495,0.9105263352394104,0.8447368144989014
YLR347C,YOR328W,0,-7.5200877,0.09724564105272293,0.9105263352394104,0.8452631831169128
YDL024C,YBR162C,0,-7.524747,0.09719101339578629,0.9105263352394104,0.8457894921302795
YOL010W,YMR133W,0,-7.5247955,0.09713643789291382,0.9105263352394104,0.8463158011436462
YCL034W,YAR044W,1,-7.526068,0.09764309972524643,0.9157894849777222,0.8463158011436462
YIL048W,YLR337W,1,-7.527695,0.09814918786287308,0.9210526347160339,0.8463158011436462
YER045C,YNL102W,0,-7.527741,0.09809417277574539,0.9210526347160339,0.8468421101570129
YCL060C,YBR195C,0,-7.534,0.09803921729326248,0.9210526347160339,0.8473684191703796
YNL317W,YJR068W,0,-7.536023,0.09798432141542435,0.9210526347160339,0.8478947281837463
YPL145C,YLR337W,1,-7.536262,0.09848909080028534,0.9263157844543457,0.8478947281837463
YER036C,YDL117W,0,-7.539149,0.09843400120735168,0.9263157844543457,0.848421037197113
YBL007C,YLR337W,1,-7.542228,0.09893795102834702,0.9315789341926575,0.848421037197113
YBR167C,YJR068W,0,-7.54295,0.09888268262147903,0.9315789341926575,0.8489473462104797
YGL238W,YJL012C-A,0,-7.544028,0.09882747381925583,0.9315789341926575,0.8494736552238464
YLR391W,YHR059W,0,-7.551293,0.0987723246216774,0.9315789341926575,0.8500000238418579
YMR246W,YGL063W,0,-7.552662,0.09871723502874374,0.9315789341926575,0.8505263328552246
YBL007C,YAR044W,1,-7.552729,0.09921962022781372,0.9368420839309692,0.8505263328552246
YEL026W,YDR261C-D,0,-7.5543985,0.09916434437036514,0.9368420839309692,0.8510526418685913
YJL071W,YHR058C,0,-7.5558376,0.09910912811756134,0.9368420839309692,0.851578950881958
YER061C,YLL060C,0,-7.556212,0.09905397891998291,0.9368420839309692,0.8521052598953247
YBR159W,YKL170W,0,-7.557986,0.09899888932704926,0.9368420839309692,0.8526315689086914
YML121W,YCL060C,0,-7.565578,0.09894385933876038,0.9368420839309692,0.8531578779220581
YKR097W,YPR009W,0,-7.5659766,0.09888888895511627,0.9368420839309692,0.8536841869354248
YOR008C,YLR337W,1,-7.569122,0.0993892252445221,0.942105233669281,0.8536841869354248
YGL135W,YOL103W-B,0,-7.5699835,0.09933407604694366,0.942105233669281,0.8542105555534363
YFL041W,YDR365W-B,0,-7.5701165,0.09927897900342941,0.942105233669281,0.854736864566803
YCR012W,YML049C,0,-7.5715003,0.09922394901514053,0.942105233669281,0.8552631735801697
YAR019C,YLR401C,0,-7.575111,0.09916897863149643,0.942105233669281,0.8557894825935364
YGR185C,YGL039W,0,-7.575661,0.0991140678524971,0.942105233669281,0.8563157916069031
YOR113W,YOL020W,0,-7.5802226,0.09905921667814255,0.942105233669281,0.8568421006202698
YPL146C,YNL044W,0,-7.580591,0.09900442510843277,0.942105233669281,0.8573684096336365
YOR036W,YPR009W,0,-7.580856,0.09894969314336777,0.942105233669281,0.8578947186470032
YCL060C,YDL188C,0,-7.584251,0.09889502823352814,0.942105233669281,0.8584210276603699
YPL012W,YLR410W-B,0,-7.5844636,0.09884042292833328,0.942105233669281,0.8589473962783813
YNR008W,YOL124C,0,-7.5870647,0.0987858697772026,0.942105233669281,0.859473705291748
YGR047C,YOR192C-B,0,-7.5904837,0.0987313836812973,0.942105233669281,0.8600000143051147
YOR327C,YLR337W,1,-7.5911098,0.09922822564840317,0.9473684430122375,0.8600000143051147
YPL221W,YGR027W-A,0,-7.592256,0.09917355328798294,0.9473684430122375,0.8605263233184814
YOR250C,YOR142W-B,0,-7.5963364,0.09911894053220749,0.9473684430122375,0.8610526323318481
YLR337W,YNL154C,1,-7.597073,0.09961474686861038,0.9526315927505493,0.8610526323318481
YDR365W-B,YPL144W,0,-7.5987782,0.0995599552989006,0.9526315927505493,0.8615789413452148
YJL035C,YDR261C-D,0,-7.599179,0.0995052233338356,0.9526315927505493,0.8621052503585815
YGR060W,YCL060C,0,-7.600564,0.09945055097341537,0.9526315927505493,0.8626315593719482
YDL019C,YLR337W,1,-7.6023088,0.0999450832605362,0.9578947424888611,0.8626315593719482
YBR213W,YFR031C,0,-7.6026177,0.09989023208618164,0.9578947424888611,0.8631578683853149
YGR167W,YLR337W,1,-7.603622,0.10038398206233978,0.9631578922271729,0.8631578683853149
YGR086C,YLR337W,1,-7.6059155,0.10087719559669495,0.9684210419654846,0.8631578683853149
YJR105W,YKL120W,0,-7.605971,0.10082191973924637,0.9684210419654846,0.8636842370033264
YLL009C,YDR436W,0,-7.606277,0.10076670348644257,0.9684210419654846,0.8642105460166931
YJL140W,YOL103W-B,0,-7.6064363,0.10071154683828354,0.9684210419654846,0.8647368550300598
YFR033C,YOL103W-B,0,-7.6082416,0.10065645724534988,0.9684210419654846,0.8652631640434265
YGR047C,YDR365W-B,0,-7.610316,0.10060141980648041,0.9684210419654846,0.8657894730567932
YCR084C,YLR227W-B,0,-7.6105666,0.1005464494228363,0.9684210419654846,0.8663157820701599
YNL029C,YFL002W-B,0,-7.6111183,0.10049153119325638,0.9684210419654846,0.8668420910835266
YBR142W,YLR227W-B,0,-7.6120377,0.10043668001890182,0.9684210419654846,0.8673684000968933
YML121W,YNL054W-A,0,-7.6148133,0.10038188844919205,0.9684210419654846,0.86789470911026
YLR238W,YOR192C-B,0,-7.617021,0.10032715648412704,0.9684210419654846,0.8684210777282715
YDR021W,YLR227W-B,0,-7.617222,0.10027247667312622,0.9684210419654846,0.8689473867416382
YKL035W,YDR065W,0,-7.6189256,0.10021786391735077,0.9684210419654846,0.8694736957550049
YGR167W,YAR044W,1,-7.619211,0.10070767253637314,0.9736841917037964,0.8694736957550049
YEL009C,YLR227W-B,0,-7.6192946,0.10065288096666336,0.9736841917037964,0.8700000047683716
YJR068W,YOR142W-B,0,-7.6204486,0.10059814900159836,0.9736841917037964,0.8705263137817383
YML060W,YFL002W-B,0,-7.6206994,0.10054347664117813,0.9736841917037964,0.871052622795105
YNL236W,YGR027W-A,0,-7.62075,0.10048886388540268,0.9736841917037964,0.8715789318084717
YDL003W,YDL030W,0,-7.621405,0.100434310734272,0.9736841917037964,0.8721052408218384
YMR021C,YDR065W,0,-7.623779,0.1003798171877861,0.9736841917037964,0.8726315498352051
YFR028C,YGL037C,0,-7.6252394,0.10032538324594498,0.9736841917037964,0.8731579184532166
YLR342W,YAR044W,1,-7.625936,0.10081300884485245,0.9789473414421082,0.8731579184532166
YOR028C,YOR192C-B,0,-7.626284,0.100758396089077,0.9789473414421082,0.8736842274665833
YDR191W,YDR365W-B,0,-7.627606,0.10070384293794632,0.9789473414421082,0.87421053647995
YKL042W,YDR365W-B,0,-7.6287513,0.10064934939146042,0.9789473414421082,0.8747368454933167
YOR008C,YAR044W,1,-7.6302385,0.1011357456445694,0.9842105507850647,0.8747368454933167
YGR101W,YGL255W,0,-7.631436,0.10108108073472977,0.9842105507850647,0.8752631545066833
YIR021W,YOR341W,0,-7.6333947,0.10102647542953491,0.9842105507850647,0.87578946352005
YOR033C,YEL003W,0,-7.633777,0.10097192227840424,0.9842105507850647,0.8763157725334167
YDL031W,YDR261C-D,0,-7.634621,0.10091742873191833,0.9842105507850647,0.8768420815467834
YHR148W,YOL005C,0,-7.6382256,0.1008630022406578,0.9842105507850647,0.8773684501647949
YPL271W,YOL103W-B,0,-7.638512,0.10080862790346146,0.9842105507850647,0.8778947591781616
YOL143C,YDR365W-B,0,-7.639216,0.10075431317090988,0.9842105507850647,0.8784210681915283
YER087C-B,YOR192C-B,0,-7.643107,0.10070005059242249,0.9842105507850647,0.878947377204895
YBR085W,YNL284C-A,0,-7.643107,0.10064585506916046,0.9842105507850647,0.8794736862182617
YEL032W,YNL054W-A,0,-7.643107,0.10059171915054321,0.9842105507850647,0.8799999952316284
YIL159W,YOL103W-B,0,-7.643107,0.10053763538599014,0.9842105507850647,0.8805263042449951
YPR057W,YNL284C-A,0,-7.643107,0.10048361122608185,0.9842105507850647,0.8810526132583618
YBR100W,YDR306C,0,-7.643107,0.10042964667081833,0.9842105507850647,0.8815789222717285
YKL021C,YOR192C-B,0,-7.643533,0.10037574172019958,0.9842105507850647,0.88210529088974
YGL192W,YNL054W-A,0,-7.643662,0.10032188892364502,0.9842105507850647,0.8826315999031067
YCR106W,YBL100W-A,0,-7.6444764,0.10026809573173523,0.9842105507850647,0.8831579089164734
YLR391W,YDL039C,0,-7.645435,0.10021436214447021,0.9842105507850647,0.8836842179298401
YGL094C,YOL124C,0,-7.6462455,0.10016068816184998,0.9842105507850647,0.8842105269432068
YIL033C,YLR410W-B,0,-7.646274,0.10010706633329391,0.9842105507850647,0.8847368359565735
YJR160C,YNL054W-A,0,-7.6463947,0.10005350410938263,0.9842105507850647,0.8852631449699402
YNL032W,YLR337W,1,-7.646402,0.10053475946187973,0.9894737005233765,0.8852631449699402
YHR012W,YFL002W-B,0,-7.6475863,0.10048102587461472,0.9894737005233765,0.8857894539833069
YML120C,YDR261C-D,0,-7.6486945,0.10042735189199448,0.9894737005233765,0.8863157629966736
YOR036W,YOR129C,0,-7.650067,0.10037373006343842,0.9894737005233765,0.8868421316146851
YPR104C,YDR258C,0,-7.6501184,0.10032016783952713,0.9894737005233765,0.8873684406280518
YLR145W,YGR027W-A,0,-7.650182,0.10026666522026062,0.9894737005233765,0.8878947496414185
YDR545W,YLR126C,0,-7.652144,0.10021322220563889,0.9894737005233765,0.8884210586547852
YLR148W,YLR227W-B,0,-7.6539645,0.10015983134508133,0.9894737005233765,0.8889473676681519
YOL033W,YPR158C-C,0,-7.655898,0.10010649263858795,0.9894737005233765,0.8894736766815186
YPR198W,YHR039C-B,0,-7.656261,0.10005322098731995,0.9894737005233765,0.8899999856948853
YKL001C,YLR227W-B,0,-7.656673,0.10000000149011612,0.9894737005233765,0.890526294708252
YMR021C,YFL002W-B,0,-7.65679,0.09994683414697647,0.9894737005233765,0.8910526037216187
YDR311W,YOR142W-B,0,-7.6569476,0.0998937264084816,0.9894737005233765,0.8915789723396301
YJL039C,YFL002W-B,0,-7.658021,0.0998406782746315,0.9894737005233765,0.8921052813529968
YBL102W,YLR227W-B,0,-7.6580873,0.09978768229484558,0.9894737005233765,0.8926315903663635
YDL031W,YNL054W-A,0,-7.6597095,0.09973474591970444,0.9894737005233765,0.8931578993797302
YML049C,YGR027W-A,0,-7.6604323,0.09968186914920807,0.9894737005233765,0.8936842083930969
YOR328W,YLR410W-B,0,-7.660682,0.09962903708219528,0.9894737005233765,0.8942105174064636
YGR088W,YOR192C-B,0,-7.6608653,0.09957627207040787,0.9894737005233765,0.8947368264198303
YKL150W,YCR072C,0,-7.6610303,0.09952355921268463,0.9894737005233765,0.895263135433197
YDL132W,YDR261C-D,0,-7.6619463,0.09947089850902557,0.9894737005233765,0.8957894444465637
YDL060W,YLR224W,0,-7.6630874,0.09941829741001129,0.9894737005233765,0.8963158130645752
YDL007W,YDR261C-D,0,-7.666036,0.09936574846506119,0.9894737005233765,0.8968421220779419
YPL110C,YNL244C,0,-7.6711917,0.09931325912475586,0.9894737005233765,0.8973684310913086
YER052C,YOR313C,0,-7.6724586,0.09926082193851471,0.9894737005233765,0.8978947401046753
YPR144C,YNL129W,0,-7.672638,0.09920844435691833,0.9894737005233765,0.898421049118042
YER036C,YPR081C,0,-7.6731553,0.09915611892938614,0.9894737005233765,0.8989473581314087
YDR512C,YDR261C-D,0,-7.675095,0.09910384565591812,0.9894737005233765,0.8994736671447754
YJL186W,YGR027W-A,0,-7.676472,0.09905163198709488,0.9894737005233765,0.8999999761581421
YJL073W,YDR365W-B,0,-7.6765046,0.09899947047233582,0.9894737005233765,0.9005263447761536
YDR214W,YGR280C,0,-7.6790237,0.09894736856222153,0.9894737005233765,0.9010526537895203
YOR074C,YMR250W,0,-7.679098,0.09889531880617142,0.9894737005233765,0.901578962802887
YML019W,YNL054W-A,0,-7.679624,0.09884332120418549,0.9894737005233765,0.9021052718162537
YNL054W-A,YOL103W-B,0,-7.6817813,0.09879138320684433,0.9894737005233765,0.9026315808296204
YAR044W,YLR337W,1,-7.6825175,0.0992647036910057,0.9947368502616882,0.9026315808296204
YLR129W,YIL026C,0,-7.683289,0.09921260178089142,0.9947368502616882,0.9031578898429871
YCL027W,YDL060W,0,-7.6834226,0.09916054457426071,0.9947368502616882,0.9036841988563538
YER109C,YOR192C-B,0,-7.6837726,0.09910854697227478,0.9947368502616882,0.9042105078697205
YDR130C,YOR340C,0,-7.6840134,0.09905660152435303,0.9947368502616882,0.9047368168830872
YOR180C,YJL012C-A,0,-7.6845136,0.09900471568107605,0.9947368502616882,0.9052631855010986
YNL032W,YAR044W,1,-7.6846833,0.09947644174098969,1.0,0.9052631855010986
YGR003W,YNL054W-A,0,-7.6850667,0.09942438453435898,1.0,0.9057894945144653
YOR250C,YDR060W,0,-7.685135,0.09937238693237305,1.0,0.906315803527832
YGL116W,YOL124C,0,-7.6874943,0.0993204414844513,1.0,0.9068421125411987
YCR038C,YPL146C,0,-7.6914916,0.09926854819059372,1.0,0.9073684215545654
YER016W,YGL238W,0,-7.692946,0.09921670705080032,1.0,0.9078947305679321
YBL085W,YIR009W,0,-7.6937127,0.0991649255156517,1.0,0.9084210395812988
YPR093C,YDR261C-D,0,-7.6949887,0.09911319613456726,1.0,0.9089473485946655
YPL255W,YPL012W,0,-7.6952558,0.099061518907547,1.0,0.9094736576080322
YDL005C,YOR142W-B,0,-7.7000656,0.09900990128517151,1.0,0.9100000262260437
YER014C-A,YNL328C,0,-7.700506,0.0989583358168602,1.0,0.9105263352394104
YJR097W,YGR027W-A,0,-7.700729,0.09890682250261307,1.0,0.9110526442527771
YNL236W,YBL100W-A,0,-7.7035584,0.09885536134243011,1.0,0.9115789532661438
YKL040C,YOR129C,0,-7.7087226,0.09880395233631134,1.0,0.9121052622795105
YLL018C-A,YJL203W,0,-7.713511,0.09875259548425674,1.0,0.9126315712928772
YPR193C,YJL012C-A,0,-7.715591,0.09870129823684692,1.0,0.9131578803062439
YDR437W,YLR450W,0,-7.716079,0.09865005314350128,1.0,0.9136841893196106
YGL032C,YDL003W,0,-7.720075,0.09859886020421982,1.0,0.9142104983329773
YGL169W,YBL100W-A,0,-7.722491,0.09854771941900253,1.0,0.9147368669509888
YDR130C,YGL028C,0,-7.7230363,0.09849663078784943,1.0,0.9152631759643555
YBR155W,YFR031C,0,-7.7328267,0.0984455943107605,1.0,0.9157894849777222
YOL164W,YER052C,0,-7.73624,0.09839461743831635,1.0,0.9163157939910889
YML042W,YDR261C-D,0,-7.7409472,0.09834368526935577,1.0,0.9168421030044556
YDR004W,YML124C,0,-7.742129,0.09829281270503998,1.0,0.9173684120178223
YDR021W,YDR297W,0,-7.7443166,0.09824198484420776,1.0,0.917894721031189
YJL073W,YPL012W,0,-7.7457495,0.09819121658802032,1.0,0.9184210300445557
YLR227W-B,YOL103W-B,0,-7.748447,0.09814049303531647,1.0,0.9189473390579224
YLR233C,YDR021W,0,-7.761085,0.09808982908725739,1.0,0.9194737076759338
YJL203W,YGL246C,0,-7.764557,0.09803921729326248,1.0,0.9200000166893005
YPL112C,YBR183W,0,-7.7648344,0.09798865765333176,1.0,0.9205263257026672
YMR303C,YGR041W,0,-7.7755294,0.09793814271688461,1.0,0.9210526347160339
YML113W,YLR060W,0,-7.7816157,0.09788768738508224,1.0,0.9215789437294006
YJR155W,YJL148W,0,-7.7839785,0.09783728420734406,1.0,0.9221052527427673
YNL148C,YDL153C,0,-7.786954,0.09778692573308945,1.0,0.922631561756134
YBR233W-A,YFL014W,0,-7.789547,0.09773662686347961,1.0,0.9231578707695007
YKR081C,YHR027C,0,-7.792216,0.09768637269735336,1.0,0.9236842393875122
YLR158C,YOR159C,0,-7.793963,0.09763617813587189,1.0,0.9242105484008789
YDL031W,YBR186W,0,-7.7953043,0.09758602827787399,1.0,0.9247368574142456
YMR202W,YKL120W,0,-7.799318,0.09753593057394028,1.0,0.9252631664276123
YLR201C,YPL093W,0,-7.8009686,0.09748589247465134,1.0,0.925789475440979
YNL112W,YMR173W,0,-7.802166,0.09743589907884598,1.0,0.9263157844543457
YMR202W,YDR191W,0,-7.8036437,0.0973859578371048,1.0,0.9268420934677124
YGL116W,YBR092C,0,-7.806174,0.0973360687494278,1.0,0.9273684024810791
YJR057W,YJL124C,0,-7.807811,0.09728622436523438,1.0,0.9278947114944458
YHR066W,YPR056W,0,-7.8096642,0.09723643958568573,1.0,0.9284210801124573
YLR390W-A,YJR120W,0,-7.8134665,0.09718669950962067,1.0,0.928947389125824
YKL042W,YKL014C,0,-7.8172364,0.09713701158761978,1.0,0.9294736981391907
YMR165C,YGL028C,0,-7.821053,0.09708737581968307,1.0,0.9300000071525574
YDR437W,YBR183W,0,-7.8231225,0.09703779220581055,1.0,0.9305263161659241
YGL183C,YBL100W-A,0,-7.8388357,0.0969882607460022,1.0,0.9310526251792908
YHR148W,YJR027W,0,-7.846694,0.09693877398967743,1.0,0.9315789341926575
YDL113C,YER014C-A,0,-7.84701,0.09688933938741684,1.0,0.9321052432060242
YOR180C,YMR133W,0,-7.848515,0.09683995693922043,1.0,0.9326315522193909
YCR038C,YJR042W,0,-7.8553395,0.0967906266450882,1.0,0.9331579208374023
YNL001W,YLL012W,0,-7.8554387,0.09674134105443954,1.0,0.933684229850769
YFL014W,YGL183C,0,-7.8579063,0.09669211506843567,1.0,0.9342105388641357
YKR081C,YBR289W,0,-7.861725,0.09664292633533478,1.0,0.9347368478775024
YLR201C,YML060W,0,-7.871906,0.09659379720687866,1.0,0.9352631568908691
YMR129W,YGR251W,0,-7.871917,0.09654471278190613,1.0,0.9357894659042358
YML116W,YDL003W,0,-7.873177,0.09649568051099777,1.0,0.9363157749176025
YLR221C,YEL065W,0,-7.8755217,0.0964467003941536,1.0,0.9368420839309692
YIR021W,YEL065W,0,-7.8765445,0.096397764980793,1.0,0.9373683929443359
YJL173C,YJL148W,0,-7.8876643,0.09634888172149658,1.0,0.9378947615623474
YJL012C,YLL012W,0,-7.8909464,0.09630005061626434,1.0,0.9384210705757141
YKL045W,YGL246C,0,-7.9045043,0.09625126421451569,1.0,0.9389473795890808
YER045C,YDR165W,0,-7.917684,0.09620252996683121,1.0,0.9394736886024475
YHR008C,YMR210W,0,-7.921924,0.09615384787321091,1.0,0.9399999976158142
YBR245C,YPR010C,0,-7.9226747,0.09610521048307419,1.0,0.9405263066291809
YDL008W,YDL060W,0,-7.923099,0.09605662524700165,1.0,0.9410526156425476
YOR173W,YDR018C,0,-7.923948,0.09600808471441269,1.0,0.9415789246559143
YER146W,YPR144C,0,-7.930282,0.09595959633588791,1.0,0.942105233669281
YJL148W,YLR006C,0,-7.9405513,0.09591115266084671,1.0,0.9426316022872925
YPL124W,YDR545W,0,-7.9408326,0.09586276859045029,1.0,0.9431579113006592
YKL120W,YKR097W,0,-7.9464173,0.09581442177295685,1.0,0.9436842203140259
YPL255W,YML080W,0,-7.9546466,0.09576612710952759,1.0,0.9442105293273926
YDR113C,YOR145C,0,-7.959623,0.0957178846001625,1.0,0.9447368383407593
YNL142W,YDR312W,0,-7.960686,0.095669686794281,1.0,0.945263147354126
YML060W,YAR009C,0,-7.9611316,0.09562154114246368,1.0,0.9457894563674927
YDR039C,YPL138C,0,-7.9652934,0.09557344019412994,1.0,0.9463157653808594
YPL096C-A,YMR270C,0,-7.966641,0.09552539139986038,1.0,0.9468421339988708
YLL035W,YJR027W,0,-7.9676776,0.0954773873090744,1.0,0.9473684430122375
YAL059W,YDL005C,0,-7.971659,0.0954294353723526,1.0,0.9478947520256042
YKR099W,YDL099W,0,-7.977218,0.09538152813911438,1.0,0.948421061038971
YDR021W,YGR264C,0,-7.9773097,0.09533366560935974,1.0,0.9489473700523376
YGL048C,YLR221C,0,-7.994861,0.09528585523366928,1.0,0.9494736790657043
YLR060W,YLL012W,0,-7.9969,0.095238097012043,1.0,0.949999988079071
YOR026W,YGR251W,0,-8.025596,0.0951903834939003,1.0,0.9505262970924377
YMR290C,YDR484W,0,-8.033057,0.09514271467924118,1.0,0.9510526061058044
YGL183C,YHL025W,0,-8.035745,0.09509509801864624,1.0,0.9515789747238159
YOR241W,YGL255W,0,-8.03852,0.09504752606153488,1.0,0.9521052837371826
YNL061W,YMR060C,0,-8.051958,0.0949999988079071,1.0,0.9526315927505493
YHR148W,YDL095W,0,-8.068121,0.0949525237083435,1.0,0.953157901763916
YKL113C,YGR128C,0,-8.072734,0.09490509331226349,1.0,0.9536842107772827
YMR011W,YDR503C,0,-8.0864105,0.09485771507024765,1.0,0.9542105197906494
YOR036W,YDL039C,0,-8.089023,0.0948103815317154,1.0,0.9547368288040161
YJL148W,YDR165W,0,-8.106168,0.09476309269666672,1.0,0.9552631378173828
YGR175C,YGL255W,0,-8.111345,0.09471585601568222,1.0,0.9557894468307495
YML042W,YGR094W,0,-8.118294,0.09466865658760071,1.0,0.956315815448761
YHR157W,YIL053W,0,-8.119647,0.09462151676416397,1.0,0.9568421244621277
YMR303C,YDR004W,0,-8.122033,0.09457441419363022,1.0,0.9573684334754944
YOR033C,YPL146C,0,-8.122407,0.09452736377716064,1.0,0.9578947424888611
YKL120W,YNL250W,0,-8.122611,0.09448035806417465,1.0,0.9584210515022278
YJR147W,YNL061W,0,-8.150803,0.09443339705467224,1.0,0.9589473605155945
YER045C,YMR038C,0,-8.168212,0.09438648819923401,1.0,0.9594736695289612
YJL030W,YML060W,0,-8.172851,0.09433962404727936,1.0,0.9599999785423279
YLL008W,YJR147W,0,-8.176743,0.09429280459880829,1.0,0.9605262875556946
YJR042W,YHR197W,0,-8.185545,0.0942460298538208,1.0,0.961052656173706
YOR216C,YNL244C,0,-8.185775,0.09419930726289749,1.0,0.9615789651870728
YGL021W,YCR072C,0,-8.186259,0.09415262937545776,1.0,0.9621052742004395
YLR129W,YML019W,0,-8.198263,0.09410599619150162,1.0,0.9626315832138062
YGL116W,YPL093W,0,-8.206546,0.09405940771102905,1.0,0.9631578922271729
YNR023W,YDR449C,0,-8.206574,0.09401286393404007,1.0,0.9636842012405396
YOR310C,YKR053C,0,-8.20869,0.09396637231111526,1.0,0.9642105102539062
YLR186W,YDR198C,0,-8.223165,0.09391991794109344,1.0,0.964736819267273
YOL013C,YOR145C,0,-8.241558,0.0938735157251358,1.0,0.9652631282806396
YBR244W,YOR003W,0,-8.253493,0.09382715821266174,1.0,0.9657894968986511
YGL246C,YGL113W,0,-8.27819,0.09378084540367126,1.0,0.9663158059120178
YPL093W,YBR088C,0,-8.282765,0.09373458474874496,1.0,0.9668421149253845
YML116W,YPL256C,0,-8.282983,0.09368836134672165,1.0,0.9673684239387512
YOR340C,YBR289W,0,-8.28953,0.09364219009876251,1.0,0.9678947329521179
YIL105C,YDR449C,0,-8.293104,0.09359605610370636,1.0,0.9684210419654846
YNL153C,YGR095C,0,-8.294452,0.09354997426271439,1.0,0.9689473509788513
YKL004W,YBL097W,0,-8.302052,0.093503937125206,1.0,0.969473659992218
YER109C,YPL093W,0,-8.302446,0.09345794469118118,1.0,0.9700000286102295
YDR436W,YHR066W,0,-8.322094,0.09341199696063995,1.0,0.9705263376235962
YJR002W,YML015C,0,-8.334056,0.0933660939335823,1.0,0.9710526466369629
YJL198W,YGL255W,0,-8.339206,0.09332023561000824,1.0,0.9715789556503296
YOR033C,YOR340C,0,-8.352046,0.09327442198991776,1.0,0.9721052646636963
YNL008C,YML080W,0,-8.352464,0.09322865307331085,1.0,0.972631573677063
YPR200C,YJL148W,0,-8.352878,0.09318293631076813,1.0,0.9731578826904297
YPR083W,YOL124C,0,-8.353301,0.09313725680112839,1.0,0.9736841917037964
YPL124W,YJL138C,0,-8.358052,0.09309162199497223,1.0,0.9742105007171631
YPR010C,YMR060C,0,-8.456941,0.09304603189229965,1.0,0.9747368693351746
YDR198C,YOR340C,0,-8.463879,0.09300048649311066,1.0,0.9752631783485413
YMR042W,YOR236W,0,-8.491033,0.09295499324798584,1.0,0.975789487361908
YDL003W,YGR185C,0,-8.493293,0.09290953725576401,1.0,0.9763157963752747
YDR165W,YLR126C,0,-8.496707,0.09286412596702576,1.0,0.9768421053886414
YLL008W,YKL021C,0,-8.498151,0.09281875938177109,1.0,0.9773684144020081
YLL008W,YJL124C,0,-8.521227,0.0927734375,1.0,0.9778947234153748
YPR112C,YKL045W,0,-8.521313,0.0927281603217125,1.0,0.9784210324287415
YLL018C-A,YGL183C,0,-8.547119,0.09268292784690857,1.0,0.9789473414421082
YNL102W,YKL113C,0,-8.550553,0.09263774007558823,1.0,0.9794737100601196
YOL094C,YHR066W,0,-8.550732,0.09259258955717087,1.0,0.9800000190734863
YJL201W,YLR223C,0,-8.556817,0.09254749119281769,1.0,0.980526328086853
YMR290C,YIL066C,0,-8.606343,0.09250243753194809,1.0,0.9810526371002197
YLR276C,YOL088C,0,-8.612206,0.09245742112398148,1.0,0.9815789461135864
YNL110C,YJL203W,0,-8.652095,0.09241244941949844,1.0,0.9821052551269531
YML080W,YOR260W,0,-8.67891,0.09236752241849899,1.0,0.9826315641403198
YKR026C,YGL255W,0,-8.6817045,0.09232264012098312,1.0,0.9831578731536865
YNL023C,YHR170W,0,-8.72646,0.09227780252695084,1.0,0.9836841821670532
YML042W,YCR072C,0,-8.743524,0.09223300963640213,1.0,0.9842105507850647
YIL070C,YEL050C,0,-8.754722,0.092188261449337,1.0,0.9847368597984314
YER036C,YGR145W,0,-8.800937,0.09214355051517487,1.0,0.9852631688117981
YBR244W,YDL030W,0,-8.854224,0.09209888428449631,1.0,0.9857894778251648
YGR159C,YKL166C,0,-8.8581,0.09205426275730133,1.0,0.9863157868385315
YOR340C,YBL106C,0,-8.882115,0.09200968593358994,1.0,0.9868420958518982
YIL142W,YOR340C,0,-8.891516,0.09196514636278152,1.0,0.9873684048652649
YBR167C,YKL014C,0,-8.913819,0.09192065894603729,1.0,0.9878947138786316
YPL093W,YOR054C,0,-8.9480505,0.09187620878219604,1.0,0.9884210228919983
YLR060W,YDL081C,0,-8.983243,0.09183180332183838,1.0,0.9889473915100098
YGR145W,YPL242C,0,-8.984736,0.0917874425649643,1.0,0.9894737005233765
YNL317W,YHR197W,0,-9.11728,0.0917431190609932,1.0,0.9900000095367432
YNL112W,YDR174W,0,-9.130708,0.09169884026050568,1.0,0.9905263185501099
YPL012W,YIR026C,0,-9.14325,0.09165460616350174,1.0,0.9910526275634766
YHR171W,YGR081C,0,-9.160168,0.09161041676998138,1.0,0.9915789365768433
YJR097W,YML065W,0,-9.206395,0.09156626462936401,1.0,0.99210524559021
YML065W,YMR229C,0,-9.228401,0.09152215719223022,1.0,0.9926315546035767
YBR247C,YPR016C,0,-9.2508745,0.09147809445858002,1.0,0.9931579232215881
YNL112W,YNL332W,0,-9.261397,0.0914340689778328,1.0,0.9936842322349548
YBL075C,YPL163C,0,-9.3527155,0.09139008820056915,1.0,0.9942105412483215
YOR236W,YDR312W,0,-9.48585,0.09134615212678909,1.0,0.9947368502616882
YER053C,YKR081C,0,-9.553129,0.09130226075649261,1.0,0.9952631592750549
YML113W,YGR280C,0,-9.60617,0.09125840663909912,1.0,0.9957894682884216
YOR341W,YDL060W,0,-9.6390505,0.09121459722518921,1.0,0.9963157773017883
YDL031W,YML080W,0,-9.754577,0.09117082506418228,1.0,0.996842086315155
YMR290C,YJR002W,0,-10.041751,0.09112709760665894,1.0,0.9973683953285217
YHR148W,YGR159C,0,-10.3901825,0.09108341485261917,1.0,0.9978947639465332
YOR236W,YML093W,0,-10.580329,0.09103976935148239,1.0,0.9984210729598999
YBR142W,YPL146C,0,-10.598271,0.0909961685538292,1.0,0.9989473819732666
YAL025C,YPR144C,0,-10.655778,0.09095261245965958,1.0,0.9994736909866333
YOR340C,YIR026C,0,-11.498473,0.09090909361839294,1.0,1.0
