Gene A,Gene B,Label,Score,Precision,Recall,False Positive Rate
YGL047W,YJR143C,1,15.720427,1.0,0.0009980039903894067,0.0
YGL047W,YAL023C,1,14.893863,1.0,0.0019960079807788134,0.0
YIL085C,YKL035W,1,14.218916,1.0,0.002994012087583542,0.0
YML019W,YGL047W,1,14.181928,1.0,0.003992015961557627,0.0
YGR008C,YLR372W,0,12.3395195,0.800000011920929,0.003992015961557627,0.00010002000635722652
YJR143C,YKL035W,1,11.501183,0.8333333134651184,0.004990019835531712,0.00010002000635722652
YJR131W,YMR116C,0,11.335823,0.7142857313156128,0.004990019835531712,0.00020004001271445304
YBR243C,YGL047W,1,11.134275,0.75,0.005988024175167084,0.00020004001271445304
YIL085C,YGL027C,1,11.096396,0.7777777910232544,0.006986028049141169,0.00020004001271445304
YBL064C,YHR019C,0,10.972065,0.699999988079071,0.006986028049141169,0.0003000600263476372
YJL002C,YKL035W,1,10.949713,0.7272727489471436,0.007984031923115253,0.0003000600263476372
YEL042W,YGL047W,1,10.842512,0.75,0.008982036262750626,0.0003000600263476372
YOR120W,YOR234C,0,10.66805,0.692307710647583,0.008982036262750626,0.0004000800254289061
YDL193W,YJR143C,1,10.665089,0.7142857313156128,0.009980039671063423,0.0004000800254289061
YDL193W,YAL023C,1,10.6503935,0.7333333492279053,0.010978044010698795,0.0004000800254289061
YJR131W,YJL183W,1,10.602276,0.75,0.011976048350334167,0.0004000800254289061
YOR273C,YLR293C,0,10.336718,0.7058823704719543,0.011976048350334167,0.000500100024510175
YBL082C,YGL047W,1,10.318325,0.7222222089767456,0.012974051758646965,0.000500100024510175
YDR483W,YGL047W,1,10.198732,0.7368420958518982,0.013972056098282337,0.000500100024510175
YOR099W,YGL047W,1,9.733122,0.75,0.014970059506595135,0.000500100024510175
YJR143C,YNR059W,1,9.685955,0.761904776096344,0.015968063846230507,0.000500100024510175
YGR014W,YNR001C,0,9.681368,0.7272727489471436,0.015968063846230507,0.0006001200526952744
YGL225W,YKL035W,1,9.599366,0.739130437374115,0.016966067254543304,0.0006001200526952744
YDR221W,YJL183W,1,9.509628,0.75,0.01796407252550125,0.0006001200526952744
YKL035W,YGR036C,1,9.204554,0.7599999904632568,0.01896207593381405,0.0006001200526952744
YMR013C,YGL047W,1,9.140766,0.7692307829856873,0.019960079342126846,0.0006001200526952744
YDL193W,YER003C,1,9.115094,0.7777777910232544,0.020958084613084793,0.0006001200526952744
YPR151C,YOR234C,0,9.107561,0.75,0.020958084613084793,0.0007001400226727128
YNR059W,YPR183W,1,8.627363,0.7586206793785095,0.02195608802139759,0.0007001400226727128
YLR175W,YPL203W,0,8.601799,0.7333333492279053,0.02195608802139759,0.0008001600508578122
YPR081C,YLR333C,0,8.525358,0.7096773982048035,0.02195608802139759,0.0009001800208352506
YDR221W,YPR183W,1,8.41058,0.71875,0.022954091429710388,0.0009001800208352506
YGL047W,YGL257C,1,8.395775,0.7272727489471436,0.023952096700668335,0.0009001800208352506
YEL002C,YKL035W,1,8.357962,0.7352941036224365,0.024950100108981133,0.0009001800208352506
YBL082C,YNR059W,1,8.334675,0.7428571581840515,0.02594810351729393,0.0009001800208352506
YGL179C,YLR378C,0,8.332377,0.7222222089767456,0.02594810351729393,0.00100020004902035
YJL002C,YJR131W,1,8.248558,0.7297297120094299,0.026946106925606728,0.00100020004902035
YBR110W,YAL023C,1,8.235804,0.7368420958518982,0.027944112196564674,0.00100020004902035
YMR101C,YEL002C,1,8.201298,0.7435897588729858,0.028942115604877472,0.00100020004902035
YPL227C,YJR131W,1,8.185996,0.75,0.02994011901319027,0.00100020004902035
YIL014W,YGL047W,1,8.146809,0.7560975551605225,0.030938124284148216,0.00100020004902035
YBR205W,YER001W,1,8.088307,0.761904776096344,0.031936127692461014,0.00100020004902035
YNL062C,YDL110C,0,8.072254,0.7441860437393188,0.031936127692461014,0.0011002200189977884
YLR367W,YPL004C,0,8.031078,0.7272727489471436,0.031936127692461014,0.0012002401053905487
YBR205W,YNR059W,1,8.024885,0.7333333492279053,0.03293413296341896,0.0012002401053905487
YER001W,YOR067C,1,8.002682,0.739130437374115,0.03393213450908661,0.0012002401053905487
YER001W,YJR131W,1,7.99518,0.7446808218955994,0.034930139780044556,0.0012002401053905487
YJR044C,YDR382W,0,7.991912,0.7291666865348816,0.034930139780044556,0.0013002600753679872
YEL036C,YKL035W,1,7.8958983,0.7346938848495483,0.0359281450510025,0.0013002600753679872
YGL022W,YER001W,1,7.79791,0.7400000095367432,0.03692614659667015,0.0013002600753679872
YGL257C,YJL183W,1,7.7819157,0.7450980544090271,0.0379241518676281,0.0013002600753679872
YGL022W,YKR061W,1,7.7587595,0.75,0.038922157138586044,0.0013002600753679872
YDR418W,YLR306W,0,7.695681,0.7358490824699402,0.038922157138586044,0.0014002800453454256
YMR311C,YNL301C,0,7.6603017,0.7222222089767456,0.038922157138586044,0.001500300015322864
YGL027C,YOR320C,1,7.6415806,0.7272727489471436,0.03992015868425369,0.001500300015322864
YEL002C,YNR059W,1,7.64142,0.7321428656578064,0.04091816395521164,0.001500300015322864
YGL167C,YBL082C,1,7.636838,0.7368420958518982,0.041916169226169586,0.001500300015322864
YNR030W,YER001W,1,7.568468,0.7413793206214905,0.042914170771837234,0.001500300015322864
YNL025C,YNL061W,0,7.546378,0.7288135886192322,0.042914170771837234,0.0016003201017156243
YNL183C,YLR367W,0,7.545531,0.7166666388511658,0.042914170771837234,0.0017003400716930628
YDR221W,YJR143C,1,7.5373273,0.7213114500045776,0.04391217604279518,0.0017003400716930628
YDL095W,YER003C,1,7.450948,0.725806474685669,0.04491018131375313,0.0017003400716930628
YDR221W,YIL085C,1,7.422756,0.7301587462425232,0.045908182859420776,0.0017003400716930628
YBR199W,YJL186W,1,7.4209347,0.734375,0.04690618813037872,0.0017003400716930628
YDL232W,YKL035W,1,7.3946185,0.7384615540504456,0.04790419340133667,0.0017003400716930628
YIL014W,YJL183W,1,7.3760357,0.7424242496490479,0.04890219494700432,0.0017003400716930628
YBR243C,YKL035W,1,7.368804,0.746268630027771,0.049900200217962265,0.0017003400716930628
YER003C,YKR061W,1,7.3490734,0.75,0.05089820176362991,0.0017003400716930628
YJL164C,YBR091C,0,7.315277,0.739130437374115,0.05089820176362991,0.0018003600416705012
YAL030W,YMR242C,0,7.3071012,0.7285714149475098,0.05089820176362991,0.0019003801280632615
YPL053C,YDL093W,1,7.279107,0.7323943376541138,0.05189620703458786,0.0019003801280632615
YJL139C,YML019W,1,7.25931,0.7361111044883728,0.05289421230554581,0.0019003801280632615
YGL027C,YMR149W,1,7.234824,0.7397260069847107,0.053892213851213455,0.0019003801280632615
YNL256W,YDL200C,0,7.2216053,0.7297297120094299,0.053892213851213455,0.0020004000980407
YJL139C,YDL095W,1,7.20332,0.7333333492279053,0.0548902191221714,0.0020004000980407
YBL082C,YOR067C,1,7.160039,0.7368420958518982,0.05588822439312935,0.0020004000980407
YPL227C,YGL257C,1,7.150911,0.7402597665786743,0.056886225938797,0.0020004000980407
YEL042W,YER003C,1,7.132163,0.7435897588729858,0.057884231209754944,0.0020004000980407
YBR110W,YNR059W,1,7.126674,0.746835470199585,0.05888223648071289,0.0020004000980407
YNL331C,YER091C,0,7.0158257,0.737500011920929,0.05888223648071289,0.0021004201844334602
YOR067C,YKL035W,1,7.003319,0.7407407164573669,0.05988023802638054,0.0021004201844334602
YNR030W,YGL225W,1,7.0010486,0.7439024448394775,0.060878243297338486,0.0021004201844334602
YDL095W,YGL038C,1,6.976544,0.7469879388809204,0.06187624856829643,0.0021004201844334602
YBL082C,YBR015C,1,6.97619,0.75,0.06287425011396408,0.0021004201844334602
YJR131W,YJR143C,1,6.958031,0.7529411911964417,0.06387225538492203,0.0021004201844334602
YOR320C,YGL225W,1,6.9441013,0.7558139562606812,0.06487026065587997,0.0021004201844334602
YMR101C,YER003C,1,6.9186096,0.7586206793785095,0.06586826592683792,0.0021004201844334602
YNR048W,YEL038W,0,6.918421,0.75,0.06586826592683792,0.002200440037995577
YEL042W,YFR044C,0,6.9182987,0.7415730357170105,0.06586826592683792,0.002300460124388337
YPL227C,YDL193W,1,6.9180527,0.7444444298744202,0.06686626374721527,0.002300460124388337
YEL042W,YBR199W,1,6.9100122,0.7472527623176575,0.06786426901817322,0.002300460124388337
YGL167C,YDR221W,1,6.9075456,0.75,0.06886227428913116,0.002300460124388337
YDR368W,YDL212W,0,6.896424,0.7419354915618896,0.06886227428913116,0.0024004802107810974
YDL193W,YHR019C,0,6.8928385,0.7340425252914429,0.06886227428913116,0.002500500064343214
YGL027C,YAL023C,1,6.8791404,0.7368420958518982,0.06986027956008911,0.002500500064343214
YMR116C,YER004W,0,6.869647,0.7291666865348816,0.06986027956008911,0.0026005201507359743
YPL050C,YOR320C,1,6.8080425,0.7319587469100952,0.07085828483104706,0.0026005201507359743
YBL082C,YBR199W,1,6.801683,0.7346938848495483,0.071856290102005,0.0026005201507359743
YDL014W,YIL154C,0,6.789502,0.7272727489471436,0.071856290102005,0.002700540004298091
YBR158W,YDL243C,0,6.7790565,0.7200000286102295,0.071856290102005,0.002800560090690851
YOR103C,YDR221W,1,6.758317,0.7227723002433777,0.07285428792238235,0.002800560090690851
YLL006W,YOR133W,0,6.752281,0.7156862616539001,0.07285428792238235,0.0029005801770836115
YMR105C,YFR037C,0,6.723133,0.708737850189209,0.07285428792238235,0.003000600030645728
YEL002C,YOR320C,1,6.679488,0.7115384340286255,0.0738522931933403,0.003000600030645728
YGL126W,YNL301C,0,6.6517344,0.7047619223594666,0.0738522931933403,0.0031006201170384884
YAL059W,YNL183C,0,6.6400747,0.698113203048706,0.0738522931933403,0.0032006402034312487
YGL027C,YJR143C,1,6.5989113,0.7009345889091492,0.07485029846429825,0.0032006402034312487
YDR418W,YOL013C,0,6.597256,0.6944444179534912,0.07485029846429825,0.0033006600569933653
YOR085W,YKL035W,1,6.5847654,0.6972476840019226,0.0758483037352562,0.0033006600569933653
YNL279W,YNL169C,0,6.574279,0.6909090876579285,0.0758483037352562,0.0034006801433861256
YMR013C,YNR030W,1,6.5534983,0.6936936974525452,0.07684630900621414,0.0034006801433861256
YOR063W,YER004W,0,6.542163,0.6875,0.07684630900621414,0.003500700229778886
YER001W,YKR061W,1,6.540839,0.6902654767036438,0.07784431427717209,0.003500700229778886
YDL193W,YER001W,1,6.534624,0.6929824352264404,0.07884231209754944,0.003500700229778886
YIL014W,YBR110W,1,6.53396,0.695652186870575,0.07984031736850739,0.003500700229778886
YBL082C,YIL085C,1,6.526209,0.6982758641242981,0.08083832263946533,0.003500700229778886
YPL053C,YOR336W,1,6.5245333,0.7008547186851501,0.08183632791042328,0.003500700229778886
YHR064C,YBR005W,0,6.515914,0.694915235042572,0.08183632791042328,0.0036007200833410025
YBR205W,YBR015C,1,6.5154133,0.6974790096282959,0.08283433318138123,0.0036007200833410025
YMR119W,YLR061W,0,6.506341,0.6916666626930237,0.08283433318138123,0.0037007401697337627
YIL131C,YMR110C,0,6.500592,0.6859503984451294,0.08283433318138123,0.003800760256126523
YOR099W,YKL035W,1,6.496381,0.688524603843689,0.08383233845233917,0.003800760256126523
YNL029C,YGL047W,1,6.491863,0.6910569071769714,0.08483033627271652,0.003800760256126523
YMR101C,YOR320C,1,6.460902,0.6935483813285828,0.08582834154367447,0.003800760256126523
YEL002C,YPL227C,1,6.4268894,0.6959999799728394,0.08682634681463242,0.003800760256126523
YER003C,YPR183W,1,6.410519,0.6984127163887024,0.08782435208559036,0.003800760256126523
YAL055W,YOL080C,0,6.410309,0.6929134130477905,0.08782435208559036,0.0039007801096886396
YOR103C,YDL193W,1,6.4083047,0.6953125,0.08882235735654831,0.0039007801096886396
YAL023C,YPR183W,1,6.4010863,0.6976743936538696,0.08982036262750626,0.0039007801096886396
YGL022W,YNR059W,1,6.3929973,0.699999988079071,0.0908183604478836,0.0039007801096886396
YJL186W,YOR067C,1,6.389659,0.7022900581359863,0.09181636571884155,0.0039007801096886396
YER001W,YMR149W,1,6.3777647,0.7045454382896423,0.0928143709897995,0.0039007801096886396
YER070W,YBR286W,0,6.377489,0.6992481350898743,0.0928143709897995,0.0040008001960814
YGL022W,YDL093W,1,6.3522673,0.7014925479888916,0.09381237626075745,0.0040008001960814
YOR153W,YLR155C,0,6.349962,0.6962962746620178,0.09381237626075745,0.0041008200496435165
YJL183W,YDL093W,1,6.348095,0.6985294222831726,0.0948103815317154,0.0041008200496435165
YBR054W,YNL139C,0,6.338728,0.6934306621551514,0.0948103815317154,0.0042008403688669205
YEL002C,YJL186W,1,6.3349466,0.695652186870575,0.09580838680267334,0.0042008403688669205
YBR199W,YBR015C,1,6.3262844,0.6978417038917542,0.09680638462305069,0.0042008403688669205
YNL048W,YKL035W,1,6.3237696,0.699999988079071,0.09780438989400864,0.0042008403688669205
YJL002C,YKR061W,1,6.279213,0.7021276354789734,0.09880239516496658,0.0042008403688669205
YKR013W,YOR386W,0,6.2382708,0.6971830725669861,0.09880239516496658,0.004300860222429037
YJR145C,YBR273C,0,6.225852,0.692307710647583,0.09880239516496658,0.004400880075991154
YDL095W,YMR149W,1,6.211856,0.6944444179534912,0.09980040043592453,0.004400880075991154
YIL085C,YAL023C,1,6.2040644,0.6965517401695251,0.10079840570688248,0.004400880075991154
YNR059W,YJL183W,1,6.190234,0.698630154132843,0.10179640352725983,0.004400880075991154
YNR030W,YJL186W,1,6.1902094,0.7006802558898926,0.10279440879821777,0.004400880075991154
YGL022W,YJL186W,1,6.1803017,0.7027027010917664,0.10379241406917572,0.004400880075991154
YPL050C,YOR336W,1,6.1703854,0.7046979665756226,0.10479041934013367,0.004400880075991154
YOR099W,YGR227W,1,6.1661196,0.7066666483879089,0.10578842461109161,0.004400880075991154
YPR052C,YPL206C,0,6.1605954,0.7019867300987244,0.10578842461109161,0.004500900395214558
YAL023C,YDL093W,1,6.157818,0.7039473652839661,0.10678642988204956,0.004500900395214558
YER102W,YMR105C,0,6.1505976,0.6993464231491089,0.10678642988204956,0.004600920248776674
YMR068W,YLR355C,0,6.1400027,0.6948052048683167,0.10678642988204956,0.004700940102338791
YEL042W,YDL095W,1,6.138258,0.6967741847038269,0.10778442770242691,0.004700940102338791
YBR070C,YAL023C,1,6.1212835,0.6987179517745972,0.10878243297338486,0.004700940102338791
YBR070C,YKL035W,1,6.113035,0.7006369233131409,0.1097804382443428,0.004700940102338791
YDR221W,YBR015C,1,6.1107874,0.702531635761261,0.11077844351530075,0.004700940102338791
YOL017W,YDR023W,0,6.103819,0.698113203048706,0.11077844351530075,0.004800960421562195
YPL053C,YJL002C,1,6.10376,0.699999988079071,0.1117764487862587,0.004800960421562195
YIL085C,YPR183W,1,6.0953865,0.7018633484840393,0.11277445405721664,0.004800960421562195
YMR101C,YDL095W,1,6.094201,0.7037037014961243,0.113772451877594,0.004800960421562195
YBR035C,YPR010C,0,6.0914145,0.699386477470398,0.113772451877594,0.0049009802751243114
YGR008C,YPL036W,0,6.0501213,0.6951219439506531,0.113772451877594,0.005001000128686428
YKL008C,YGR142W,0,6.0446367,0.6909090876579285,0.113772451877594,0.005101019982248545
YML115C,YKL035W,1,6.0318236,0.6927710771560669,0.11477045714855194,0.005101019982248545
YJL139C,YJR143C,1,6.0294294,0.6946107745170593,0.11576846241950989,0.005101019982248545
YEL002C,YJR143C,1,6.0248528,0.6964285969734192,0.11676646769046783,0.005101019982248545
YGL225W,YAL023C,1,6.017484,0.6982248425483704,0.11776447296142578,0.005101019982248545
YPL050C,YKL035W,1,6.013774,0.699999988079071,0.11876247823238373,0.005101019982248545
YER001W,YER003C,1,6.0070777,0.7017543911933899,0.11976047605276108,0.005101019982248545
YJL212C,YHR043C,0,5.9972205,0.6976743936538696,0.11976047605276108,0.005201040301471949
YBR243C,YKR061W,1,5.995101,0.6994219422340393,0.12075848132371902,0.005201040301471949
YDR001C,YNR048W,0,5.9811225,0.6954023241996765,0.12075848132371902,0.005301060155034065
YBR085W,YAR007C,0,5.959592,0.691428542137146,0.12075848132371902,0.005401080008596182
YNL048W,YOR320C,1,5.9454217,0.6931818127632141,0.12175648659467697,0.005401080008596182
YGL022W,YJR143C,1,5.911112,0.694915235042572,0.12275449186563492,0.005401080008596182
YIL085C,YER001W,1,5.871786,0.6966292262077332,0.12375249713659286,0.005401080008596182
YJR131W,YMR149W,1,5.8629026,0.6983240246772766,0.12475050240755081,0.005401080008596182
YOR264W,YIL062C,0,5.862552,0.6944444179534912,0.12475050240755081,0.005501100327819586
YMR052W,YER091C,0,5.848604,0.6906077265739441,0.12475050240755081,0.005601120181381702
YNR030W,YJR131W,1,5.845647,0.692307710647583,0.12574850022792816,0.005601120181381702
YMR101C,YMR149W,1,5.840415,0.693989098072052,0.1267465054988861,0.005601120181381702
YOR175C,YDR023W,0,5.8279643,0.6902173757553101,0.1267465054988861,0.005701140034943819
YOR321W,YMR149W,1,5.8200893,0.6918919086456299,0.12774451076984406,0.005701140034943819
YDR221W,YGL022W,1,5.8085327,0.6935483813285828,0.128742516040802,0.005701140034943819
YOR336W,YAL023C,1,5.7944155,0.6951871514320374,0.12974052131175995,0.005701140034943819
YOR321W,YDR221W,1,5.791765,0.6968085169792175,0.1307385265827179,0.005701140034943819
YEL042W,YBL082C,1,5.7864122,0.6984127163887024,0.13173653185367584,0.005701140034943819
YMR101C,YAL023C,1,5.768981,0.699999988079071,0.1327345371246338,0.005701140034943819
YPL144W,YDR236C,0,5.7661,0.6963350772857666,0.1327345371246338,0.005801160354167223
YNL029C,YER003C,1,5.765831,0.6979166865348816,0.13373252749443054,0.005801160354167223
YJL198W,YDL230W,0,5.7618556,0.6943005323410034,0.13373252749443054,0.00590118020772934
YOR320C,YJL183W,1,5.7499957,0.6958763003349304,0.1347305327653885,0.00590118020772934
YEL036C,YJR131W,1,5.742767,0.6974359154701233,0.13572853803634644,0.00590118020772934
YOL105C,YIL124W,0,5.7382917,0.6938775777816772,0.13572853803634644,0.006001200061291456
YOR321W,YAL023C,1,5.736575,0.6954314708709717,0.13672654330730438,0.006001200061291456
YGL027C,YDL193W,1,5.7359705,0.6969696879386902,0.13772454857826233,0.006001200061291456
YBR110W,YDL055C,1,5.7236204,0.6984924674034119,0.13872255384922028,0.006001200061291456
YDR399W,YDL091C,0,5.7127805,0.6949999928474426,0.13872255384922028,0.00610122038051486
YBR291C,YMR297W,0,5.6956954,0.6915422677993774,0.13872255384922028,0.006201240234076977
YIL014W,YJR143C,1,5.6924644,0.6930692791938782,0.13972055912017822,0.006201240234076977
YML031W,YIL007C,0,5.690629,0.6896551847457886,0.13972055912017822,0.006301260087639093
YEL002C,YGL027C,1,5.674961,0.6911764740943909,0.14071856439113617,0.006301260087639093
YBR205W,YOR067C,1,5.661937,0.6926829218864441,0.14171656966209412,0.006301260087639093
YNL331C,YOL127W,0,5.660471,0.6893203854560852,0.14171656966209412,0.006401280406862497
YDR500C,YDR100W,0,5.6598015,0.6859903335571289,0.14171656966209412,0.006501300260424614
YGL141W,YPL124W,0,5.6565638,0.682692289352417,0.14171656966209412,0.006601320113986731
YDR221W,YDR119W,0,5.655238,0.679425835609436,0.14171656966209412,0.0067013404332101345
YBL082C,YDL193W,1,5.647662,0.6809523701667786,0.14271457493305206,0.0067013404332101345
YMR015C,YGR254W,0,5.6455646,0.6777251362800598,0.14271457493305206,0.006801360286772251
YIL085C,YMR149W,1,5.6397862,0.6792452931404114,0.14371258020401,0.006801360286772251
YDL095W,YOR085W,1,5.615896,0.6807511448860168,0.14471058547496796,0.006801360286772251
YBR205W,YER005W,1,5.6154275,0.6822429895401001,0.1457085758447647,0.006801360286772251
YNL219C,YBL082C,1,5.6011677,0.6837209463119507,0.14670658111572266,0.006801360286772251
YGR234W,YDR252W,0,5.600524,0.6805555820465088,0.14670658111572266,0.006901380140334368
YGL038C,YKR061W,1,5.5780916,0.6820276379585266,0.1477045863866806,0.006901380140334368
YIR012W,YLR093C,0,5.5751286,0.6788991093635559,0.1477045863866806,0.007001400459557772
YKL035W,YDL093W,1,5.5748997,0.6803653240203857,0.14870259165763855,0.007001400459557772
YNL048W,YGL257C,1,5.5550203,0.6818181872367859,0.1497005969285965,0.007001400459557772
YEL071W,YLL036C,0,5.5428276,0.6787330508232117,0.1497005969285965,0.007101420313119888
YOR321W,YEL042W,1,5.500887,0.6801801919937134,0.15069860219955444,0.007101420313119888
YDR483W,YKL035W,1,5.497159,0.681614339351654,0.1516966074705124,0.007101420313119888
YDR221W,YDL093W,1,5.4836397,0.6830357313156128,0.15269461274147034,0.007101420313119888
YNL048W,YBR199W,1,5.4799476,0.6844444274902344,0.15369261801242828,0.007101420313119888
YML019W,YBR243C,1,5.4757366,0.6858407258987427,0.15469062328338623,0.007101420313119888
YNL062C,YOR130C,0,5.473853,0.6828193664550781,0.15469062328338623,0.007201440166682005
YBL027W,YOR057W,0,5.4699965,0.6798245906829834,0.15469062328338623,0.007301460485905409
YNR049C,YFL039C,0,5.4600487,0.6768559217453003,0.15469062328338623,0.0074014803394675255
YML023C,YKL109W,0,5.457965,0.6739130616188049,0.15469062328338623,0.007501500193029642
YAL023C,YKR061W,1,5.454811,0.6753246784210205,0.15568862855434418,0.007501500193029642
YER001W,YGR036C,1,5.4524236,0.6767241358757019,0.15668663382530212,0.007501500193029642
YOR002W,YGL047W,1,5.452018,0.6781116127967834,0.15768462419509888,0.007501500193029642
YGL038C,YJR143C,1,5.4444532,0.6794871687889099,0.15868262946605682,0.007501500193029642
YDL110C,YLR310C,0,5.4402323,0.6765957474708557,0.15868262946605682,0.007601520512253046
YBR110W,YOR067C,1,5.4355354,0.6779661178588867,0.15968063473701477,0.007601520512253046
YBR211C,YJR145C,0,5.427355,0.6751055121421814,0.15968063473701477,0.007701540365815163
YLR083C,YDR268W,0,5.422476,0.6722689270973206,0.15968063473701477,0.007801560219377279
YOR320C,YGR036C,1,5.4056187,0.6736401915550232,0.16067864000797272,0.007801560219377279
YDR399W,YMR261C,0,5.3965116,0.6708333492279053,0.16067864000797272,0.007901580072939396
YDL232W,YAL023C,1,5.381113,0.6721991896629333,0.16167664527893066,0.007901580072939396
YGR284C,YLR459W,0,5.378042,0.6694214940071106,0.16167664527893066,0.0080016003921628
YGL096W,YNL061W,0,5.375491,0.6666666865348816,0.16167664527893066,0.008101620711386204
YGL027C,YPR183W,1,5.373459,0.6680327653884888,0.1626746505498886,0.008101620711386204
YBL020W,YBR199W,1,5.3657846,0.6693877577781677,0.16367265582084656,0.008101620711386204
YEL002C,YGL257C,1,5.356888,0.6707317233085632,0.1646706610918045,0.008101620711386204
YDR028C,YGR108W,0,5.3567276,0.6680161952972412,0.1646706610918045,0.008201640099287033
YGR199W,YKR061W,1,5.3556595,0.6693548560142517,0.16566866636276245,0.008201640099287033
YER005W,YJR143C,1,5.354637,0.6706827282905579,0.1666666716337204,0.008201640099287033
YER001W,YPR183W,1,5.3526473,0.671999990940094,0.16766467690467834,0.008201640099287033
YDL193W,YBR015C,1,5.3507032,0.6733067631721497,0.1686626672744751,0.008201640099287033
YER001W,YJR143C,1,5.3492246,0.6746031641960144,0.16966067254543304,0.008201640099287033
YJR123W,YKR014C,0,5.347166,0.6719367504119873,0.16966067254543304,0.008301660418510437
YOR002W,YAL023C,1,5.3399544,0.6732283234596252,0.170658677816391,0.008301660418510437
YBL082C,YDL093W,1,5.3367805,0.6745098233222961,0.17165668308734894,0.008301660418510437
YER031C,YHR160C,0,5.3356485,0.671875,0.17165668308734894,0.008401680737733841
YDR324C,YNL265C,0,5.324085,0.6692606806755066,0.17165668308734894,0.00850170012563467
YGL022W,YER003C,1,5.323004,0.6705426573753357,0.17265468835830688,0.00850170012563467
YMR013C,YBR205W,1,5.318773,0.6718146800994873,0.17365269362926483,0.00850170012563467
YNL029C,YJR131W,1,5.313987,0.6730769276618958,0.17465069890022278,0.00850170012563467
YPL206C,YLR249W,0,5.313053,0.6704980731010437,0.17465069890022278,0.008601720444858074
YEL038W,YNL207W,0,5.3116875,0.6679389476776123,0.17465069890022278,0.008701740764081478
YER001W,YOR320C,1,5.3109426,0.6692014932632446,0.17564870417118073,0.008701740764081478
YLR286C,YBL042C,0,5.299921,0.6666666865348816,0.17564870417118073,0.008801760151982307
YOR099W,YEL042W,1,5.29525,0.6679245233535767,0.17664670944213867,0.008801760151982307
YNL128W,YPL037C,0,5.282282,0.6654135584831238,0.17664670944213867,0.008901780471205711
YNR030W,YBR015C,1,5.2803545,0.6666666865348816,0.17764471471309662,0.008901780471205711
YGL027C,YOR085W,1,5.2795315,0.6679104566574097,0.17864271998405457,0.008901780471205711
YKL140W,YDL212W,0,5.2773542,0.6654275059700012,0.17864271998405457,0.009001800790429115
YOR103C,YGL047W,1,5.275075,0.6666666865348816,0.1796407252550125,0.009001800790429115
YOR056C,YGL137W,0,5.2697306,0.6642066240310669,0.1796407252550125,0.009101820178329945
YKL140W,YKL081W,0,5.26229,0.6617646813392639,0.1796407252550125,0.009201840497553349
YBR199W,YOR067C,1,5.255335,0.66300368309021,0.18063871562480927,0.009201840497553349
YHR024C,YCL030C,0,5.249876,0.6605839133262634,0.18063871562480927,0.009301860816776752
YJL062W,YJL080C,0,5.2493453,0.6581818461418152,0.18063871562480927,0.009401880204677582
YOR103C,YNL029C,1,5.2444773,0.6594203114509583,0.1816367208957672,0.009401880204677582
YBR142W,YNL007C,0,5.2388725,0.6570397019386292,0.1816367208957672,0.009501900523900986
YDL019C,YJL122W,0,5.2380133,0.6546762585639954,0.1816367208957672,0.00960192084312439
YGL161C,YJR145C,0,5.2123375,0.6523297429084778,0.1816367208957672,0.009701940231025219
YOR099W,YDR221W,1,5.202985,0.6535714268684387,0.18263472616672516,0.009701940231025219
YML012W,YDR358W,0,5.1998625,0.6512455344200134,0.18263472616672516,0.009801960550248623
YGL027C,YGR227W,1,5.1967583,0.652482271194458,0.1836327314376831,0.009801960550248623
YEL002C,YER001W,1,5.171961,0.6537102460861206,0.18463073670864105,0.009801960550248623
YOR153W,YJL026W,0,5.167762,0.6514084339141846,0.18463073670864105,0.009901979938149452
YJL002C,YER005W,1,5.15455,0.6526315808296204,0.185628741979599,0.009901979938149452
YGR199W,YEL002C,1,5.1545014,0.6538461446762085,0.18662674725055695,0.009901979938149452
YML115C,YBR070C,1,5.1517205,0.6550522446632385,0.1876247525215149,0.009901979938149452
YNR030W,YOR153W,0,5.148403,0.6527777910232544,0.1876247525215149,0.010002000257372856
YOR293W,YDR479C,0,5.1341305,0.6505190134048462,0.1876247525215149,0.01010202057659626
YBR110W,YJL183W,1,5.133833,0.6517241597175598,0.18862275779247284,0.01010202057659626
YOL130W,YIL111W,0,5.12467,0.6494845151901245,0.18862275779247284,0.01020203996449709
YPL050C,YBR199W,1,5.1199846,0.6506849527359009,0.1896207630634308,0.01020203996449709
YNL048W,YAL023C,1,5.1059217,0.6518771052360535,0.19061876833438873,0.01020203996449709
YOR004W,YDL103C,0,5.0896025,0.6496598720550537,0.19061876833438873,0.010302060283720493
YDL091C,YGR128C,0,5.0683813,0.6474575996398926,0.19061876833438873,0.010402080602943897
YJL014W,YDR013W,0,5.0650964,0.6452702879905701,0.19061876833438873,0.010502099990844727
YJR075W,YGL245W,0,5.063324,0.6430976390838623,0.19061876833438873,0.01060212031006813
YGR157W,YOR143C,0,5.0564675,0.6409395933151245,0.19061876833438873,0.010702140629291534
YDR165W,YDR256C,0,5.043828,0.6387959718704224,0.19061876833438873,0.010802160017192364
YGL022W,YBR015C,1,5.034378,0.6399999856948853,0.19161677360534668,0.010802160017192364
YPL050C,YGL027C,1,5.0336246,0.6411960124969482,0.19261476397514343,0.010802160017192364
YDR224C,YJR066W,0,5.025117,0.639072835445404,0.19261476397514343,0.010902180336415768
YJL139C,YAL023C,1,5.0215445,0.6402640342712402,0.19361276924610138,0.010902180336415768
YJL002C,YEL042W,1,5.0069823,0.6414473652839661,0.19461077451705933,0.010902180336415768
YPL050C,YEL002C,1,4.9939966,0.6426229476928711,0.19560877978801727,0.010902180336415768
YDR221W,YML019W,1,4.9924626,0.6437908411026001,0.19660678505897522,0.010902180336415768
YML021C,YMR092C,0,4.984868,0.6416938304901123,0.19660678505897522,0.011002200655639172
YDL055C,YGL257C,1,4.978129,0.6428571343421936,0.19760479032993317,0.011002200655639172
YOL077C,YNL041C,0,4.9731374,0.6407766938209534,0.19760479032993317,0.011102220043540001
YBL020W,YAL023C,1,4.968703,0.6419354677200317,0.1986027956008911,0.011102220043540001
YML019W,YPR183W,1,4.9616604,0.6430867910385132,0.19960080087184906,0.011102220043540001
YER177W,YDR135C,0,4.9571333,0.6410256624221802,0.19960080087184906,0.011202240362763405
YLR249W,YPL186C,0,4.9400434,0.6389776468276978,0.19960080087184906,0.011302260681986809
YOR056C,YFR024C-A,0,4.9378805,0.6369426846504211,0.19960080087184906,0.011402280069887638
YHL001W,YIL124W,0,4.929718,0.6349206566810608,0.19960080087184906,0.011502300389111042
YHR104W,YPL032C,0,4.926348,0.6329113841056824,0.19960080087184906,0.011602320708334446
YPL160W,YOL019W,0,4.917996,0.6309148073196411,0.19960080087184906,0.011702340096235275
YAL023C,YMR149W,1,4.916834,0.6320754885673523,0.200598806142807,0.011702340096235275
YMR013C,YOR320C,1,4.9147806,0.6332288384437561,0.20159681141376495,0.011702340096235275
YEL002C,YOR336W,1,4.909228,0.6343749761581421,0.2025948166847229,0.011702340096235275
YER086W,YLR133W,0,4.9077845,0.6323987245559692,0.2025948166847229,0.01180236041545868
YDL055C,YGL027C,1,4.897155,0.6335403919219971,0.20359280705451965,0.01180236041545868
YDL193W,YOR320C,1,4.8932347,0.6346749067306519,0.2045908123254776,0.01180236041545868
YJL057C,YGR108W,0,4.8931828,0.6327160596847534,0.2045908123254776,0.011902380734682083
YML115C,YBL082C,1,4.890212,0.6338461637496948,0.20558881759643555,0.011902380734682083
YEL058W,YHL001W,0,4.8897076,0.6319018602371216,0.20558881759643555,0.012002400122582912
YNL219C,YKL035W,1,4.8857975,0.6330274939537048,0.2065868228673935,0.012002400122582912
YOL039W,YPL005W,0,4.8854866,0.6310975551605225,0.2065868228673935,0.012102420441806316
YIL014W,YOR320C,1,4.8833857,0.6322188377380371,0.20758482813835144,0.012102420441806316
YGL027C,YER001W,1,4.880747,0.6333333253860474,0.2085828334093094,0.012102420441806316
YDR058C,YAL003W,0,4.878315,0.6314199566841125,0.2085828334093094,0.01220244076102972
YJL186W,YAL023C,1,4.8733635,0.6325300931930542,0.20958083868026733,0.01220244076102972
YJR143C,YKR061W,1,4.872836,0.6336336135864258,0.21057884395122528,0.01220244076102972
YPL227C,YJL002C,1,4.8722453,0.6347305178642273,0.21157684922218323,0.01220244076102972
YOR099W,YGR036C,1,4.8641834,0.6358209252357483,0.21257485449314117,0.01220244076102972
YGL027C,YGL225W,1,4.861762,0.636904776096344,0.21357285976409912,0.01220244076102972
YIL014W,YPL227C,1,4.8593626,0.637982189655304,0.21457086503505707,0.01220244076102972
YOR321W,YER003C,1,4.8439703,0.639053225517273,0.21556885540485382,0.01220244076102972
YKR003W,YLR185W,0,4.842145,0.6371681690216064,0.21556885540485382,0.01230246014893055
YNR030W,YDL232W,1,4.8393235,0.6382352709770203,0.21656686067581177,0.01230246014893055
YJR016C,YEL039C,0,4.8389034,0.6363636255264282,0.21656686067581177,0.012402480468153954
YER063W,YGL171W,0,4.8287754,0.6345029473304749,0.21656686067581177,0.012502500787377357
YDR261C,YML106W,0,4.8286414,0.6326530575752258,0.21656686067581177,0.012602520175278187
YHR149C,YIL036W,0,4.819907,0.6308139562606812,0.21656686067581177,0.01270254049450159
YER007W,YPL079W,0,4.8197036,0.6289855241775513,0.21656686067581177,0.012802560813724995
YDL212W,YPR154W,0,4.8163834,0.6271676421165466,0.21656686067581177,0.012902580201625824
YOR256C,YOR369C,0,4.8161154,0.6253602504730225,0.21656686067581177,0.013002600520849228
YPR016C,YHR194W,0,4.8074317,0.6235632300376892,0.21656686067581177,0.013102620840072632
YBL082C,YOR320C,1,4.800738,0.6246418356895447,0.21756486594676971,0.013102620840072632
YIL126W,YHR016C,0,4.7960978,0.6228571534156799,0.21756486594676971,0.013202640227973461
YLR336C,YJL047C,0,4.794465,0.621082603931427,0.21756486594676971,0.013302660547196865
YGL047W,YPL157W,0,4.7940774,0.6193181872367859,0.21756486594676971,0.013402680866420269
YOR321W,YJL183W,1,4.7937174,0.620396614074707,0.21856287121772766,0.013402680866420269
YOL127W,YOL011W,0,4.7898827,0.6186440587043762,0.21856287121772766,0.013502700254321098
YPL053C,YML019W,1,4.779094,0.6197183132171631,0.2195608764886856,0.013502700254321098
YER099C,YGL250W,0,4.7721386,0.617977499961853,0.2195608764886856,0.013602720573544502
YJR016C,YNR019W,0,4.7616005,0.6162465214729309,0.2195608764886856,0.013702740892767906
YPR036W,YBL064C,0,4.7613106,0.6145251393318176,0.2195608764886856,0.013802760280668736
YDR221W,YDR483W,1,4.7555094,0.6155988574028015,0.22055888175964355,0.013802760280668736
YBL082C,YBR070C,1,4.754441,0.6166666746139526,0.2215568870306015,0.013802760280668736
YGL027C,YDL093W,1,4.7520075,0.6177285313606262,0.22255489230155945,0.013802760280668736
YEL002C,YAL023C,1,4.7493467,0.6187845468521118,0.2235528975725174,0.013802760280668736
YOR103C,YOR336W,1,4.749235,0.6198347210884094,0.22455090284347534,0.013802760280668736
YJR131W,YDL093W,1,4.748273,0.6208791136741638,0.2255489081144333,0.013802760280668736
YBR198C,YDR358W,0,4.747995,0.619178056716919,0.2255489081144333,0.01390278059989214
YBR110W,YER001W,1,4.7463064,0.6202185750007629,0.22654691338539124,0.01390278059989214
YDL193W,YOR067C,1,4.73917,0.6212534308433533,0.227544903755188,0.01390278059989214
YGL226C-A,YOR336W,1,4.738284,0.6222826242446899,0.22854290902614594,0.01390278059989214
YBL020W,YDL095W,1,4.7180815,0.6233062148094177,0.22954091429710388,0.01390278059989214
YNL048W,YEL042W,1,4.7135444,0.6243243217468262,0.23053891956806183,0.01390278059989214
YBR205W,YGL027C,1,4.713441,0.6253369450569153,0.23153692483901978,0.01390278059989214
YMR110C,YBR015C,0,4.7072015,0.6236559152603149,0.23153692483901978,0.014002800919115543
YPL100W,YIL019W,0,4.701499,0.6219838857650757,0.23153692483901978,0.014102820307016373
YPL227C,YNR059W,1,4.7001944,0.6229946613311768,0.23253493010997772,0.014102820307016373
YOR103C,YGL038C,1,4.6999187,0.6240000128746033,0.23353293538093567,0.014102820307016373
YNL048W,YDL093W,1,4.6971993,0.625,0.23453094065189362,0.014102820307016373
YPL226W,YBR001C,0,4.697115,0.6233421564102173,0.23453094065189362,0.014202840626239777
YNL209W,YHR188C,0,4.695371,0.6216931343078613,0.23453094065189362,0.01430286094546318
YBR213W,YNR001C,0,4.693739,0.6200527548789978,0.23453094065189362,0.01440288033336401
YNR030W,YDL093W,1,4.686988,0.621052622795105,0.23552894592285156,0.01440288033336401
YDR221W,YPL227C,1,4.6861744,0.6220472455024719,0.2365269511938095,0.01440288033336401
YNR030W,YPR183W,1,4.6845474,0.6230366230010986,0.23752495646476746,0.01440288033336401
YDR483W,YAL023C,1,4.684526,0.6240208745002747,0.2385229468345642,0.01440288033336401
YFR028C,YGL022W,0,4.683061,0.6223958134651184,0.2385229468345642,0.014502900652587414
YPR201W,YDR385W,0,4.6788826,0.6207792162895203,0.2385229468345642,0.014602920971810818
YOR321W,YML115C,1,4.675741,0.621761679649353,0.23952095210552216,0.014602920971810818
YLR095C,YEL011W,0,4.672387,0.6201550364494324,0.23952095210552216,0.014702940359711647
YGR227W,YJR143C,1,4.6711464,0.6211340427398682,0.2405189573764801,0.014702940359711647
YIL085C,YJR143C,1,4.6687136,0.622107982635498,0.24151696264743805,0.014702940359711647
YOR288C,YBR283C,0,4.6631184,0.620512843132019,0.24151696264743805,0.014802960678935051
YNL287W,YMR125W,0,4.6627502,0.6189258098602295,0.24151696264743805,0.014902980998158455
YML019W,YKR061W,1,4.6623945,0.6198979616165161,0.242514967918396,0.014902980998158455
YMR149W,YGR036C,1,4.6595545,0.6208651661872864,0.24351297318935394,0.014902980998158455
YNL113W,YPL053C,0,4.659423,0.6192893385887146,0.24351297318935394,0.015003000386059284
YBR205W,YGL038C,1,4.656838,0.6202531456947327,0.2445109784603119,0.015003000386059284
YNL048W,YOR099W,1,4.652089,0.6212121248245239,0.24550898373126984,0.015003000386059284
YBL082C,YJR143C,1,4.6513357,0.6221662759780884,0.24650698900222778,0.015003000386059284
YKL185W,YOR288C,0,4.6449704,0.6206030249595642,0.24650698900222778,0.015103020705282688
YEL002C,YBR199W,1,4.644684,0.621553897857666,0.24750499427318573,0.015103020705282688
YDR182W,YPL032C,0,4.640736,0.6200000047683716,0.24750499427318573,0.015203041024506092
YPL105C,YCR021C,0,4.640336,0.618453860282898,0.24750499427318573,0.015303060412406921
YBR191W,YPL005W,0,4.63245,0.6169154047966003,0.24750499427318573,0.015403080731630325
YOR321W,YBR002C,1,4.631631,0.6178659796714783,0.24850299954414368,0.015403080731630325
YGR199W,YPL053C,1,4.6195784,0.6188119053840637,0.24950100481510162,0.015403080731630325
YOR028C,YJR086W,0,4.611017,0.6172839403152466,0.24950100481510162,0.01550310105085373
YOL041C,YBL050W,0,4.6002827,0.6157635450363159,0.24950100481510162,0.015603120438754559
YDR483W,YDL232W,1,4.5936365,0.6167076230049133,0.25049901008605957,0.015603120438754559
YBR110W,YIL085C,1,4.5919657,0.6176470518112183,0.2514970004558563,0.015603120438754559
YBL020W,YOR067C,1,4.5915756,0.6185818910598755,0.25249502062797546,0.015603120438754559
YGR199W,YGL047W,1,4.5851507,0.6195122003555298,0.2534930109977722,0.015603120438754559
YDR221W,YNL029C,1,4.5821133,0.6204379796981812,0.25449103116989136,0.015603120438754559
YBR199W,YNL080C,1,4.5803957,0.6213592290878296,0.2554890215396881,0.015603120438754559
YOR002W,YDL232W,1,4.5801096,0.6222760081291199,0.25648701190948486,0.015603120438754559
YBR199W,YER003C,1,4.5787416,0.6231883764266968,0.257485032081604,0.015603120438754559
YJL059W,YOR224C,0,4.573156,0.6216867566108704,0.257485032081604,0.015703139826655388
YAL014C,YOR234C,0,4.565537,0.620192289352417,0.257485032081604,0.015803160145878792
YDR242W,YNR038W,0,4.5592527,0.6187050342559814,0.257485032081604,0.015903180465102196
YGL022W,YGL225W,1,4.549074,0.619617223739624,0.25848302245140076,0.015903180465102196
YPL053C,YGL257C,1,4.542224,0.620525062084198,0.2594810426235199,0.015903180465102196
YCL038C,YBR068C,0,4.527504,0.6190476417541504,0.2594810426235199,0.0160032007843256
YBR205W,YGR036C,1,4.52598,0.6199524998664856,0.26047903299331665,0.0160032007843256
YBR015C,YPR183W,1,4.519925,0.620853066444397,0.2614770531654358,0.0160032007843256
YOR336W,YKL035W,1,4.5169015,0.6217494010925293,0.26247504353523254,0.0160032007843256
YBR290W,YML024W,0,4.513393,0.6202830076217651,0.26247504353523254,0.016103221103549004
YLR008C,YER143W,0,4.5126724,0.6188235282897949,0.26247504353523254,0.016203241422772408
YER170W,YAL023C,0,4.5109735,0.6173709034919739,0.26247504353523254,0.016303259879350662
YJL177W,YAR007C,0,4.508478,0.6159250736236572,0.26247504353523254,0.016403280198574066
YMR101C,YBR205W,1,4.5071993,0.6168224215507507,0.2634730637073517,0.016403280198574066
YMR289W,YMR230W,0,4.5049915,0.6153846383094788,0.2634730637073517,0.01650330051779747
YEL042W,YIL085C,1,4.504032,0.6162790656089783,0.26447105407714844,0.01650330051779747
YEL002C,YGL047W,1,4.496891,0.6171693801879883,0.2654690742492676,0.01650330051779747
YGL038C,YGR036C,1,4.4943447,0.6180555820465088,0.26646706461906433,0.01650330051779747
YBL064C,YHR149C,0,4.491993,0.6166281700134277,0.26646706461906433,0.016603320837020874
YNL093W,YBR106W,0,4.485286,0.6152073740959167,0.26646706461906433,0.016703341156244278
YMR101C,YGL022W,1,4.4813585,0.6160919666290283,0.2674650549888611,0.016703341156244278
YOR321W,YBR243C,1,4.469658,0.6169725060462952,0.2684630751609802,0.016703341156244278
YGL047W,YGR098C,0,4.4677167,0.6155606508255005,0.2684630751609802,0.016803361475467682
YBL082C,YBR205W,1,4.4634423,0.6164383292198181,0.269461065530777,0.016803361475467682
YJR131W,YNL080C,1,4.453108,0.6173120737075806,0.2704590857028961,0.016803361475467682
YOR099W,YDL232W,1,4.4485736,0.6181818246841431,0.27145707607269287,0.016803361475467682
YIL085C,YOR067C,1,4.438445,0.6190476417541504,0.272455096244812,0.016803361475467682
YBR002C,YER003C,1,4.436277,0.6199095249176025,0.27345308661460876,0.016803361475467682
YMR149W,YJL183W,1,4.432417,0.6207674741744995,0.2744511067867279,0.016803361475467682
YGL226C-A,YMR149W,1,4.43161,0.6216216087341309,0.27544909715652466,0.016803361475467682
YJL186W,YOR085W,1,4.4305553,0.6224719285964966,0.2764471173286438,0.016803361475467682
YBR199W,YGL257C,1,4.430502,0.6233183741569519,0.27744510769844055,0.016803361475467682
YOR002W,YGL225W,1,4.4266014,0.6241610646247864,0.2784431278705597,0.016803361475467682
YGL167C,YKR061W,1,4.425101,0.625,0.27944111824035645,0.016803361475467682
YEL031W,YKL035W,1,4.424837,0.6258351802825928,0.2804391086101532,0.016803361475467682
YPL051W,YPR102C,0,4.4236345,0.6244444251060486,0.2804391086101532,0.016903379932045937
YDR434W,YHR106W,0,4.415983,0.623059868812561,0.2804391086101532,0.01700340025126934
YGR199W,YIL085C,1,4.4138145,0.6238937973976135,0.28143712878227234,0.01700340025126934
YNL048W,YEL002C,1,4.4123354,0.6247240900993347,0.2824351191520691,0.01700340025126934
YGL195W,YNL300W,0,4.409608,0.6233479976654053,0.2824351191520691,0.017103420570492744
YDR251W,YPL079W,0,4.4050846,0.6219780445098877,0.2824351191520691,0.01720344088971615
YDR300C,YNL126W,0,4.404841,0.6206140518188477,0.2824351191520691,0.017303461208939552
YLR060W,YHR050W,0,4.4003696,0.6192560195922852,0.2824351191520691,0.017403481528162956
YBL082C,YJR131W,1,4.3982005,0.6200873255729675,0.28343313932418823,0.017403481528162956
YEL005C,YLR229C,0,4.3945346,0.6187363862991333,0.28343313932418823,0.01750349998474121
YPL227C,YBR205W,1,4.3883142,0.6195651888847351,0.284431129693985,0.01750349998474121
YBL020W,YDL193W,1,4.3797474,0.6203904747962952,0.2854291498661041,0.01750349998474121
YOR125C,YML014W,0,4.37605,0.6190476417541504,0.2854291498661041,0.017603520303964615
YPL053C,YOR002W,1,4.3718576,0.6198704242706299,0.2864271402359009,0.017603520303964615
YOR321W,YPL227C,1,4.371702,0.6206896305084229,0.28742516040802,0.017603520303964615
YLR286C,YHR167W,0,4.3690314,0.6193548440933228,0.28742516040802,0.01770354062318802
YOR059C,YDR037W,0,4.3620434,0.6180257797241211,0.28742516040802,0.017803560942411423
YDL243C,YJL138C,0,4.36081,0.6167023777961731,0.28742516040802,0.017903581261634827
YOR136W,YPR052C,0,4.3507185,0.6153846383094788,0.28742516040802,0.01800360158085823
YAR007C,YKR059W,0,4.344288,0.6140725016593933,0.28742516040802,0.018103620037436485
YNL154C,YGL196W,0,4.344209,0.6127659678459167,0.28742516040802,0.01820364035665989
YLR409C,YDL072C,0,4.3418493,0.6114649772644043,0.28742516040802,0.018303660675883293
YGR227W,YOR085W,1,4.3413773,0.6122881174087524,0.2884231507778168,0.018303660675883293
YDL213C,YHR083W,0,4.338638,0.6109936833381653,0.2884231507778168,0.018403680995106697
YOR321W,YPL050C,1,4.335164,0.6118143200874329,0.2894211709499359,0.018403680995106697
YIL052C,YGL053W,0,4.3348823,0.6105263233184814,0.2894211709499359,0.0185037013143301
YBL082C,YKR061W,1,4.33318,0.6113445162773132,0.29041916131973267,0.0185037013143301
YGL022W,YNL080C,1,4.326544,0.6121593117713928,0.2914171516895294,0.0185037013143301
YOR336W,YER005W,1,4.326535,0.6129707098007202,0.29241517186164856,0.0185037013143301
YCR097W,YLR075W,0,4.3256025,0.6116909980773926,0.29241517186164856,0.018603721633553505
YPL227C,YDL232W,1,4.325306,0.612500011920929,0.2934131622314453,0.018603721633553505
YCR004C,YGL135W,0,4.3195753,0.6112266182899475,0.2934131622314453,0.01870374009013176
YML019W,YBR199W,1,4.318508,0.6120331883430481,0.29441118240356445,0.01870374009013176
YOR099W,YGL257C,1,4.317301,0.6128364205360413,0.2954091727733612,0.01870374009013176
YEL002C,YDL095W,1,4.3149676,0.6136363744735718,0.29640719294548035,0.01870374009013176
YJR143C,YAL023C,1,4.314044,0.6144329905509949,0.2974051833152771,0.01870374009013176
YOR241W,YBR272C,0,4.3131075,0.6131687164306641,0.2974051833152771,0.018803760409355164
YGL257C,YDL093W,1,4.309873,0.6139630675315857,0.29840320348739624,0.018803760409355164
YNL156C,YPL157W,0,4.3077326,0.6127049326896667,0.29840320348739624,0.018903780728578568
YIL014W,YOR002W,1,4.307251,0.6134969592094421,0.299401193857193,0.018903780728578568
YER001W,YGL257C,1,4.3053823,0.6142857074737549,0.30039921402931213,0.018903780728578568
YIL014W,YBR015C,1,4.2943087,0.6150712966918945,0.3013972043991089,0.018903780728578568
YOR103C,YGR036C,1,4.293675,0.6158536672592163,0.30239519476890564,0.018903780728578568
YDL055C,YKL035W,1,4.291032,0.616632878780365,0.3033932149410248,0.018903780728578568
YJL002C,YJL139C,1,4.290141,0.6174089312553406,0.30439120531082153,0.018903780728578568
YGR227W,YGL047W,1,4.2900085,0.6181818246841431,0.3053892254829407,0.018903780728578568
YDR500C,YOR175C,0,4.287462,0.6169354915618896,0.3053892254829407,0.01900380104780197
YPL031C,YDR117C,0,4.285819,0.6156941652297974,0.3053892254829407,0.019103821367025375
YDL232W,YOR320C,1,4.28117,0.6164658665657043,0.3063872158527374,0.019103821367025375
YJL097W,YGR062C,0,4.28001,0.6152304410934448,0.3063872158527374,0.01920384168624878
YOR002W,YGR036C,1,4.276543,0.6159999966621399,0.30738523602485657,0.01920384168624878
YIL014W,YOR067C,1,4.275054,0.6167664527893066,0.3083832263946533,0.01920384168624878
YBR035C,YGL155W,0,4.272253,0.6155378222465515,0.3083832263946533,0.019303860142827034
YBR023C,YOR217W,0,4.268971,0.6143141388893127,0.3083832263946533,0.019403880462050438
YGL022W,YAL023C,1,4.2657204,0.6150793433189392,0.30938124656677246,0.019403880462050438
YIL069C,YOL071W,0,4.2609377,0.6138613820075989,0.30938124656677246,0.019503900781273842
YPL050C,YNR059W,1,4.258718,0.6146245002746582,0.3103792369365692,0.019503900781273842
YNL048W,YER001W,1,4.257534,0.6153846383094788,0.31137725710868835,0.019503900781273842
YJR013W,YGR218W,0,4.2527065,0.6141732335090637,0.31137725710868835,0.019603921100497246
YPR081C,YGL076C,0,4.239988,0.6129665970802307,0.31137725710868835,0.01970394141972065
YIL075C,YPR110C,0,4.239717,0.6117647290229797,0.31137725710868835,0.019803959876298904
YOR103C,YJR143C,1,4.2376175,0.6125244498252869,0.3123752474784851,0.019803959876298904
YGL167C,YOR085W,1,4.2345486,0.61328125,0.31337326765060425,0.019803959876298904
YGR199W,YOR320C,1,4.2316575,0.6140350699424744,0.314371258020401,0.019803959876298904
YDR447C,YJR161C,0,4.230733,0.612840473651886,0.314371258020401,0.01990398019552231
YDR483W,YOR067C,1,4.2281904,0.6135922074317932,0.31536924839019775,0.01990398019552231
YNL029C,YBR205W,1,4.225733,0.6143410801887512,0.3163672685623169,0.01990398019552231
YGR097W,YPL154C,0,4.2118,0.613152801990509,0.3163672685623169,0.020004000514745712
YLL039C,YJL052W,0,4.2091746,0.6119691133499146,0.3163672685623169,0.020104020833969116
YML101C,YNL123W,0,4.2046413,0.610789954662323,0.3163672685623169,0.02020404115319252
YLR441C,YEL059C-A,0,4.2040133,0.6096153855323792,0.3163672685623169,0.020304061472415924
YDL095W,YBR110W,1,4.203046,0.6103646755218506,0.31736525893211365,0.020304061472415924
YJR016C,YKR088C,0,4.2001595,0.6091954112052917,0.31736525893211365,0.02040407992899418
YEL042W,YKR061W,1,4.1912937,0.609942615032196,0.3183632791042328,0.02040407992899418
YNL219C,YGL047W,1,4.1865883,0.6106870174407959,0.31936126947402954,0.02040407992899418
YJR041C,YDL110C,0,4.181418,0.6095238327980042,0.31936126947402954,0.020504100248217583
YMR026C,YLR060W,0,4.1758156,0.608364999294281,0.31936126947402954,0.020604120567440987
YOR002W,YGL022W,1,4.17413,0.6091081500053406,0.3203592896461487,0.020604120567440987
YBR023C,YKL127W,0,4.1698675,0.6079545617103577,0.3203592896461487,0.02070414088666439
YIL014W,YGL022W,1,4.1686335,0.6086956262588501,0.32135728001594543,0.02070414088666439
YPL028W,YFR003C,0,4.1674232,0.6075471639633179,0.32135728001594543,0.020804161205887794
YDR221W,YNR059W,1,4.165066,0.6082862615585327,0.3223553001880646,0.020804161205887794
YIL014W,YKL035W,1,4.161749,0.6090225577354431,0.32335329055786133,0.020804161205887794
YOR336W,YBR015C,1,4.159754,0.6097561120986938,0.32435131072998047,0.020804161205887794
YIL018W,YEL059C-A,0,4.1521773,0.6086142063140869,0.32435131072998047,0.0209041815251112
YDL055C,YGR036C,1,4.1464825,0.6093457937240601,0.3253493010997772,0.0209041815251112
YJL104W,YJR073C,0,4.1393538,0.608208954334259,0.3253493010997772,0.021004199981689453
YGR007W,YDR341C,0,4.138464,0.6070763468742371,0.3253493010997772,0.021104220300912857
YER001W,YER005W,1,4.137105,0.6078066825866699,0.326347291469574,0.021104220300912857
YDR276C,YKR093W,0,4.1336594,0.6066790223121643,0.326347291469574,0.02120424062013626
YBL020W,YJR131W,1,4.129575,0.6074073910713196,0.3273453116416931,0.02120424062013626
YKL156W,YBR214W,0,4.123204,0.6062846779823303,0.3273453116416931,0.021304260939359665
YGL059W,YGR103W,0,4.121956,0.6051660776138306,0.3273453116416931,0.02140428125858307
YBL082C,YER005W,1,4.1195126,0.6058931946754456,0.32834330201148987,0.02140428125858307
YLR260W,YDL082W,0,4.1171274,0.6047794222831726,0.32834330201148987,0.021504301577806473
YPL183C,YDL200C,0,4.115984,0.6036697030067444,0.32834330201148987,0.021604320034384727
YOR003W,YNL113W,0,4.1141686,0.6025640964508057,0.32834330201148987,0.02170434035360813
YMR004W,YJL080C,0,4.1084614,0.6014625430107117,0.32834330201148987,0.021804360672831535
YDR074W,YHR133C,0,4.102992,0.6003649830818176,0.32834330201148987,0.02190438099205494
YCL040W,YLR186W,0,4.0980873,0.5992714166641235,0.32834330201148987,0.022004401311278343
YPL050C,YPL053C,1,4.0962687,0.6000000238418579,0.329341322183609,0.022004401311278343
YBL020W,YJR143C,1,4.0916147,0.6007259488105774,0.33033931255340576,0.022004401311278343
YOR320C,YOR067C,1,4.0818386,0.6014492511749268,0.3313373327255249,0.022004401311278343
YPL176C,YHR019C,0,4.081261,0.6003616452217102,0.3313373327255249,0.022104421630501747
YNR030W,YGL027C,1,4.080499,0.6010830402374268,0.33233532309532166,0.022104421630501747
YML023C,YPR023C,0,4.070047,0.6000000238418579,0.33233532309532166,0.022204440087080002
YMR013C,YDR221W,1,4.0620265,0.6007194519042969,0.3333333432674408,0.022204440087080002
YDR221W,YNL300W,0,4.0613317,0.5996409058570862,0.3333333432674408,0.022304460406303406
YOL071W,YNL300W,0,4.0607824,0.5985662937164307,0.3333333432674408,0.02240448072552681
YGR194C,YJL167W,0,4.060103,0.5974955558776855,0.3333333432674408,0.022504501044750214
YOL078W,YFL005W,0,4.0514727,0.5964285731315613,0.3333333432674408,0.022604521363973618
YBR126C,YGR200C,0,4.046631,0.5953654050827026,0.3333333432674408,0.02270454168319702
YMR015C,YDR297W,0,4.0458994,0.5943060517311096,0.3333333432674408,0.022804560139775276
YJL002C,YGL027C,1,4.0456247,0.5950266718864441,0.33433133363723755,0.022804560139775276
YNL219C,YJR131W,1,4.0442824,0.5957446694374084,0.3353293538093567,0.022804560139775276
YLR216C,YJL197W,0,4.0343328,0.5946902632713318,0.3353293538093567,0.02290458045899868
YGR261C,YPL161C,0,4.031517,0.5936395525932312,0.3353293538093567,0.023004600778222084
YNR008W,YJL048C,0,4.0311384,0.5925925970077515,0.3353293538093567,0.023104621097445488
YPL030W,YNL005C,0,4.0240088,0.591549277305603,0.3353293538093567,0.023204641416668892
YNL167C,YOR045W,0,4.023782,0.5905096530914307,0.3353293538093567,0.023304661735892296
YOR336W,YLR083C,0,4.014602,0.5894736647605896,0.3353293538093567,0.02340468019247055
YBR002C,YOR002W,1,4.0088024,0.5901926159858704,0.33632734417915344,0.02340468019247055
YNL025C,YNL177C,0,4.0029297,0.5891608595848083,0.33632734417915344,0.023504700511693954
YLR276C,YDR098C,0,3.998848,0.5881326198577881,0.33632734417915344,0.02360472083091736
YNL186W,YCR036W,0,3.9948235,0.5871080160140991,0.33632734417915344,0.023704741150140762
YFR004W,YPL126W,0,3.990228,0.5860869288444519,0.33632734417915344,0.023804761469364166
YDR292C,YKR088C,0,3.9901476,0.5850694179534912,0.33632734417915344,0.02390478178858757
YOR375C,YLR431C,0,3.9888167,0.584055483341217,0.33632734417915344,0.024004800245165825
YOR103C,YPR183W,1,3.9873571,0.5847750902175903,0.3373253345489502,0.024004800245165825
YBR171W,YLR398C,0,3.9867425,0.5837650895118713,0.3373253345489502,0.02410482056438923
YIL014W,YOR085W,1,3.9839962,0.584482729434967,0.33832335472106934,0.02410482056438923
YEL002C,YDL193W,1,3.9804897,0.585197925567627,0.3393213450908661,0.02410482056438923
YOR336W,YOR067C,1,3.9796515,0.5859106779098511,0.34031936526298523,0.02410482056438923
YLR066W,YDR197W,0,3.961516,0.5849056839942932,0.34031936526298523,0.024204840883612633
YNL316C,YJR131W,0,3.9556198,0.5839040875434875,0.34031936526298523,0.024304861202836037
YJR137C,YOR039W,0,3.9545462,0.5829060077667236,0.34031936526298523,0.02440488152205944
YBR205W,YER003C,1,3.9537053,0.5836177468299866,0.341317355632782,0.02440488152205944
YPL227C,YIL085C,1,3.9502711,0.5843271017074585,0.3423153758049011,0.02440488152205944
YLR117C,YGL009C,0,3.9496436,0.5833333134651184,0.3423153758049011,0.024504901841282845
YEL002C,YDR483W,1,3.9455602,0.5840407609939575,0.3433133661746979,0.024504901841282845
YMR029C,YGR271C-A,0,3.9442358,0.5830508470535278,0.3433133661746979,0.0246049202978611
YGL137W,YJR118C,0,3.9434109,0.5820642709732056,0.3433133661746979,0.024704940617084503
YPL106C,YMR232W,0,3.942418,0.5810810923576355,0.3433133661746979,0.024804960936307907
YJL050W,YDL030W,0,3.9412527,0.5801011919975281,0.3433133661746979,0.02490498125553131
YOR096W,YHR005C,0,3.9393373,0.5791245698928833,0.3433133661746979,0.025005001574754715
YML019W,YBR070C,1,3.9390347,0.5798319578170776,0.344311386346817,0.025005001574754715
YNL029C,YJL186W,1,3.9385977,0.5805369019508362,0.34530937671661377,0.025005001574754715
YFR042W,YIL014W,0,3.9370408,0.5795645117759705,0.34530937671661377,0.02510502189397812
YOR103C,YBR110W,1,3.9369926,0.5802675485610962,0.3463073968887329,0.02510502189397812
YLR406C,YMR060C,0,3.932011,0.5792988538742065,0.3463073968887329,0.025205040350556374
YDL055C,YNR030W,1,3.9314203,0.5799999833106995,0.34730538725852966,0.025205040350556374
YOR244W,YJL026W,0,3.922569,0.5790349245071411,0.34730538725852966,0.025305060669779778
YOR375C,YML100W,0,3.9180622,0.5780730843544006,0.34730538725852966,0.02540508098900318
YDL095W,YPR183W,1,3.916722,0.578772783279419,0.3483034074306488,0.02540508098900318
YOR321W,YGR227W,1,3.9150825,0.5794702172279358,0.34930139780044556,0.02540508098900318
YJL139C,YGR227W,1,3.9120665,0.5801652669906616,0.3502993881702423,0.02540508098900318
YEL002C,YLR340W,0,3.9119267,0.5792078971862793,0.3502993881702423,0.025505101308226585
YPR183W,YJL183W,1,3.9115832,0.5799011588096619,0.35129740834236145,0.025505101308226585
YDL213C,YPR121W,0,3.9057817,0.5789473652839661,0.35129740834236145,0.02560512162744999
YKR060W,YDR330W,0,3.9054244,0.5779967308044434,0.35129740834236145,0.025705141946673393
YKL099C,YJL048C,0,3.9047585,0.577049195766449,0.35129740834236145,0.025805160403251648
YLR259C,YGR046W,0,3.9031217,0.5761047601699829,0.35129740834236145,0.025905180722475052
YAL023C,YIL051C,0,3.8972788,0.5751634240150452,0.35129740834236145,0.026005201041698456
YEL055C,YHR001W,0,3.8939366,0.574225127696991,0.35129740834236145,0.02610522136092186
YOR374W,YHR204W,0,3.8873692,0.5732899308204651,0.35129740834236145,0.026205241680145264
YBR110W,YGL022W,1,3.8824773,0.5739837288856506,0.3522953987121582,0.026205241680145264
YOR099W,YBR243C,1,3.8815744,0.5746753215789795,0.35329341888427734,0.026205241680145264
YBR205W,YNL080C,1,3.880333,0.5753646492958069,0.3542914092540741,0.026205241680145264
YGR008C,YLR136C,0,3.878211,0.5744336843490601,0.3542914092540741,0.02630526013672352
YOR341W,YDR256C,0,3.8740227,0.5735056400299072,0.3542914092540741,0.026405280455946922
YPL029W,YML104C,0,3.873708,0.5725806355476379,0.3542914092540741,0.026505300775170326
YNL029C,YDR483W,1,3.8708408,0.5732689499855042,0.35528942942619324,0.026505300775170326
YPL053C,YDR483W,1,3.8704386,0.5739549994468689,0.35628741979599,0.026505300775170326
YGL167C,YJL139C,1,3.8652894,0.574638843536377,0.35728543996810913,0.026505300775170326
YOR227W,YBR160W,0,3.8651414,0.5737179517745972,0.35728543996810913,0.02660532109439373
YML115C,YPL227C,1,3.8632934,0.574400007724762,0.3582834303379059,0.02660532109439373
YIL014W,YGL257C,1,3.8622813,0.5750798583030701,0.359281450510025,0.02660532109439373
YBR243C,YJL186W,1,3.861843,0.5757575631141663,0.3602794408798218,0.02660532109439373
YLR286C,YPL209C,0,3.8606048,0.574840784072876,0.3602794408798218,0.026705341413617134
YDR110W,YDR421W,0,3.8553061,0.5739268660545349,0.3602794408798218,0.026805361732840538
YOR336W,YGL038C,1,3.8518276,0.5746031999588013,0.36127743124961853,0.026805361732840538
YML115C,YJL002C,1,3.8498883,0.5752773284912109,0.36227545142173767,0.026805361732840538
YIL014W,YML019W,1,3.8430028,0.5759493708610535,0.3632734417915344,0.026805361732840538
YGL038C,YER003C,1,3.8401282,0.5766192674636841,0.36427146196365356,0.026805361732840538
YKR061W,YPR183W,1,3.8346624,0.5772870779037476,0.3652694523334503,0.026805361732840538
YPL212C,YHR194W,0,3.8277206,0.5763779282569885,0.3652694523334503,0.026905380189418793
YDR001C,YOL078W,0,3.8158216,0.5754716992378235,0.3652694523334503,0.027005400508642197
YBR164C,YIL124W,0,3.8072176,0.5745682716369629,0.3652694523334503,0.0271054208278656
YJL198W,YMR072W,0,3.8041904,0.5736677050590515,0.3652694523334503,0.027205441147089005
YDR264C,YER007C-A,0,3.8028822,0.5727699398994446,0.3652694523334503,0.02730546146631241
YOR103C,YNR059W,1,3.79986,0.573437511920929,0.36626747250556946,0.02730546146631241
YDR093W,YPR102C,0,3.7992687,0.5725429058074951,0.36626747250556946,0.027405481785535812
YML078W,YLR340W,0,3.7984886,0.5716511011123657,0.36626747250556946,0.027505500242114067
YGL054C,YNR055C,0,3.7939973,0.570762038230896,0.36626747250556946,0.02760552056133747
YPL227C,YOR336W,1,3.7938888,0.5714285969734192,0.3672654628753662,0.02760552056133747
YNL048W,YML019W,1,3.7938652,0.5720930099487305,0.36826348304748535,0.02760552056133747
YJL002C,YNR030W,1,3.793075,0.5727553963661194,0.3692614734172821,0.02760552056133747
YKL141W,YGR101W,0,3.7875323,0.5718701481819153,0.3692614734172821,0.027705540880560875
YOR271C,YBR103W,0,3.7872787,0.5709876418113708,0.3692614734172821,0.02780556119978428
YBR243C,YGR036C,1,3.78644,0.5716487169265747,0.37025949358940125,0.02780556119978428
YKL084W,YBR048W,0,3.785571,0.5707692503929138,0.37025949358940125,0.027905581519007683
YDR483W,YNL080C,1,3.7848911,0.5714285969734192,0.371257483959198,0.027905581519007683
YOR321W,YGL257C,1,3.7847905,0.5720859169960022,0.37225547432899475,0.027905581519007683
YPR102C,YNL088W,0,3.7826457,0.5712097883224487,0.37225547432899475,0.028005601838231087
YGL225W,YGL257C,1,3.781067,0.571865439414978,0.3732534945011139,0.028005601838231087
YBR243C,YIL085C,1,3.7808547,0.572519063949585,0.37425148487091064,0.028005601838231087
YFL018C,YDR345C,0,3.7805161,0.5716463327407837,0.37425148487091064,0.02810562029480934
YHL003C,YHL031C,0,3.779913,0.5707762837409973,0.37425148487091064,0.028205640614032745
YGL141W,YIR021W,0,3.7790241,0.5699087977409363,0.37425148487091064,0.02830566093325615
YKL004W,YDR148C,0,3.7741413,0.5690439939498901,0.37425148487091064,0.028405681252479553
YBR198C,YKL080W,0,3.7715106,0.5681818127632141,0.37425148487091064,0.028505701571702957
YJL002C,YGL022W,1,3.7702994,0.5688350796699524,0.3752495050430298,0.028505701571702957
YGL038C,YOR067C,1,3.7677007,0.5694863796234131,0.37624749541282654,0.028505701571702957
YDL193W,YJL186W,1,3.7658584,0.570135772228241,0.3772455155849457,0.028505701571702957
YML031W,YDR158W,0,3.7641292,0.5692771077156067,0.3772455155849457,0.02860572189092636
YML019W,YJR143C,1,3.7640772,0.5699248313903809,0.37824350595474243,0.02860572189092636
YMR101C,YPL227C,1,3.763022,0.5705705881118774,0.3792415261268616,0.02860572189092636
YPL053C,YNR030W,1,3.7617607,0.5712143778800964,0.3802395164966583,0.02860572189092636
YPL050C,YGL038C,1,3.761034,0.5718562602996826,0.38123753666877747,0.02860572189092636
YGL141W,YML014W,0,3.758895,0.5710014700889587,0.38123753666877747,0.028705740347504616
YJL139C,YER005W,1,3.7542877,0.5716418027877808,0.3822355270385742,0.028705740347504616
YOR103C,YGL257C,1,3.7523007,0.5722801685333252,0.38323354721069336,0.028705740347504616
YKR088C,YGR212W,0,3.749907,0.5714285969734192,0.38323354721069336,0.02880576066672802
YOR099W,YGL022W,1,3.749086,0.5720653533935547,0.3842315375804901,0.02880576066672802
YDR221W,YER005W,1,3.7467928,0.5727003216743469,0.38522952795028687,0.02880576066672802
YPL050C,YGL257C,1,3.7454705,0.5733333230018616,0.386227548122406,0.02880576066672802
YMR237W,YBR104W,0,3.7454348,0.5724852085113525,0.386227548122406,0.028905780985951424
YOR103C,YJL183W,1,3.7434163,0.5731167197227478,0.38722553849220276,0.028905780985951424
YMR322C,YHR203C,0,3.7390735,0.5722714066505432,0.38722553849220276,0.029005801305174828
YPL100W,YNL119W,0,3.7367258,0.5714285969734192,0.38722553849220276,0.02910582162439823
YPL146C,YOR124C,0,3.7318182,0.570588231086731,0.38722553849220276,0.029205841943621635
YJL002C,YOR320C,1,3.728313,0.5712187886238098,0.3882235586643219,0.029205841943621635
YGL123W,YPL100W,0,3.7250762,0.570381224155426,0.3882235586643219,0.02930586040019989
YGR121C,YBR086C,0,3.7233796,0.569546103477478,0.3882235586643219,0.029405880719423294
YDR158W,YNL212W,0,3.7217364,0.5687134265899658,0.3882235586643219,0.029505901038646698
YBR069C,YKL157W,0,3.7193012,0.5678831934928894,0.3882235586643219,0.029605921357870102
YOR320C,YGL038C,1,3.71687,0.5685130953788757,0.38922154903411865,0.029605921357870102
YOR067C,YMR149W,1,3.7164207,0.5691412091255188,0.3902195692062378,0.029605921357870102
YOR307C,YHL033C,0,3.716297,0.5683139562606812,0.3902195692062378,0.029705941677093506
YBR035C,YOL096C,0,3.7031674,0.5674890875816345,0.3902195692062378,0.02980596199631691
YOR002W,YER005W,1,3.7000442,0.5681159496307373,0.39121755957603455,0.02980596199631691
YEL002C,YDL232W,1,3.6939397,0.568740963935852,0.3922155797481537,0.02980596199631691
YJL139C,YBL082C,1,3.6915486,0.5693641901016235,0.39321357011795044,0.02980596199631691
YJL186W,YBR070C,1,3.690331,0.569985568523407,0.3942115902900696,0.02980596199631691
YJL002C,YGL225W,1,3.689528,0.5706051588058472,0.39520958065986633,0.02980596199631691
YLR210W,YOR090C,0,3.6885517,0.5697841644287109,0.39520958065986633,0.029905980452895164
YOR354C,YBR048W,0,3.6821046,0.568965494632721,0.39520958065986633,0.03000600077211857
YGL047W,YGR036C,1,3.6810765,0.5695839524269104,0.3962075710296631,0.03000600077211857
YDL226C,YHR204W,0,3.6788197,0.5687679052352905,0.3962075710296631,0.030106021091341972
YGR199W,YKL035W,1,3.6772184,0.5693848133087158,0.3972055912017822,0.030106021091341972
YDR169C,YPL160W,0,3.67623,0.5685714483261108,0.3972055912017822,0.030206041410565376
YPL019C,YNL049C,0,3.6751237,0.5677603483200073,0.3972055912017822,0.03030606172978878
YNR030W,YKR061W,1,3.672779,0.5683760643005371,0.398203581571579,0.03030606172978878
YDL185W,YIL157C,0,3.6720393,0.5675675868988037,0.398203581571579,0.030406082049012184
YML029W,YEL024W,0,3.6710596,0.5667613744735718,0.398203581571579,0.03050610050559044
YGL027C,YBR070C,1,3.664712,0.567375898361206,0.3992016017436981,0.03050610050559044
YJR131W,YGL038C,1,3.6640887,0.5679886937141418,0.4001995921134949,0.03050610050559044
YFR010W,YPL241C,0,3.6638632,0.5671852827072144,0.4001995921134949,0.030606120824813843
YNL002C,YFR014C,0,3.6634836,0.5663841962814331,0.4001995921134949,0.030706141144037247
YJL139C,YOR067C,1,3.6599953,0.5669957399368286,0.401197612285614,0.030706141144037247
YBR002C,YGL022W,1,3.659647,0.5676056146621704,0.40219560265541077,0.030706141144037247
YMR013C,YEL042W,1,3.6545534,0.5682137608528137,0.4031936228275299,0.030706141144037247
YDR395W,YER021W,0,3.651575,0.567415714263916,0.4031936228275299,0.03080616146326065
YOR103C,YIL014W,1,3.6507993,0.5680224299430847,0.40419161319732666,0.03080616146326065
YMR013C,YDL093W,1,3.6495874,0.5686274766921997,0.4051896333694458,0.03080616146326065
YMR231W,YJL122W,0,3.649106,0.5678321719169617,0.4051896333694458,0.030906181782484055
YGL226C-A,YDR483W,1,3.648499,0.5684357285499573,0.40618762373924255,0.030906181782484055
YOR315W,YJR033C,0,3.640277,0.5676429271697998,0.40618762373924255,0.03100620210170746
YEL002C,YBL020W,1,3.639954,0.5682451128959656,0.4071856141090393,0.03100620210170746
YOR099W,YJR143C,1,3.6375237,0.5688456296920776,0.40818363428115845,0.03100620210170746
YPL148C,YBR127C,0,3.6334143,0.5680555701255798,0.40818363428115845,0.031106220558285713
YDR074W,YOR167C,0,3.6272054,0.567267656326294,0.40818363428115845,0.031206240877509117
YDL020C,YEL001C,0,3.6260686,0.5664820075035095,0.40818363428115845,0.03130626305937767
YBR168W,YGR094W,0,3.6182709,0.565698504447937,0.40818363428115845,0.031406279653310776
YDR256C,YPR169W,0,3.6154213,0.5649171471595764,0.40818363428115845,0.03150629997253418
YBL006C,YDR330W,0,3.6125987,0.5641379356384277,0.40818363428115845,0.031606320291757584
YGR274C,YHR121W,0,3.6052074,0.563360869884491,0.40818363428115845,0.03170634061098099
YDR513W,YPR070W,0,3.6023707,0.5625859498977661,0.40818363428115845,0.03180636093020439
YER086W,YFR051C,0,3.6002855,0.5618131756782532,0.40818363428115845,0.031906381249427795
YOR113W,YHL015W,0,3.5954788,0.5610425472259521,0.40818363428115845,0.0320064015686512
YMR013C,YBR015C,1,3.5942693,0.5616438388824463,0.4091816246509552,0.0320064015686512
YER099C,YNL159C,0,3.593419,0.5608755350112915,0.4091816246509552,0.0321064218878746
YML019W,YGL257C,1,3.5932586,0.561475396156311,0.41017964482307434,0.0321064218878746
YPR121W,YOR116C,0,3.5911884,0.5607094168663025,0.41017964482307434,0.03220644220709801
YOR321W,YKR061W,1,3.5899754,0.5613079071044922,0.4111776351928711,0.03220644220709801
YPR016C,YAL062W,0,3.5896664,0.5605441927909851,0.4111776351928711,0.03230646252632141
YOR271C,YDR362C,0,3.5833488,0.5597826242446899,0.4111776351928711,0.032406482845544815
YIL062C,YDL212W,0,3.5828936,0.5590230822563171,0.4111776351928711,0.03250649943947792
YGR199W,YNR030W,1,3.5793436,0.5596206188201904,0.41217565536499023,0.03250649943947792
YBR199W,YGL027C,1,3.5792642,0.56021648645401,0.413173645734787,0.03250649943947792
YML004C,YLL052C,0,3.5783,0.5594594478607178,0.413173645734787,0.032606519758701324
YOR320C,YNR059W,1,3.5769682,0.5600540041923523,0.41417166590690613,0.032606519758701324
YML007W,YDL135C,0,3.5768175,0.5592991709709167,0.41417166590690613,0.03270654007792473
YLR372W,YDR513W,0,3.5755405,0.5585464239120483,0.41417166590690613,0.03280656039714813
YBR243C,YEL031W,1,3.5735438,0.5591397881507874,0.4151696562767029,0.03280656039714813
YGL167C,YEL002C,1,3.5685954,0.5597315430641174,0.416167676448822,0.03280656039714813
YKR061W,YNR059W,1,3.5674624,0.5603216886520386,0.4171656668186188,0.03280656039714813
YHR110W,YKL216W,0,3.5604677,0.5595716238021851,0.4171656668186188,0.032906580716371536
YNL048W,YOR002W,1,3.5595722,0.5601603984832764,0.4181636869907379,0.032906580716371536
YDL100C,YML043C,0,3.558074,0.5594125390052795,0.4181636869907379,0.03300660103559494
YNL029C,YNR059W,1,3.557269,0.5600000023841858,0.41916167736053467,0.03300660103559494
YKR060W,YPR180W,0,3.553258,0.5592543482780457,0.41916167736053467,0.033106621354818344
YML115C,YEL002C,1,3.5532517,0.5598404407501221,0.4201596677303314,0.033106621354818344
YKL120W,YOR386W,0,3.552097,0.5590969324111938,0.4201596677303314,0.03320664167404175
YHR176W,YNL189W,0,3.5520878,0.558355450630188,0.4201596677303314,0.03330666199326515
YNL051W,YPR082C,0,3.5519443,0.5576158761978149,0.4201596677303314,0.033406682312488556
YDR221W,YGL225W,1,3.550387,0.5582010746002197,0.42115768790245056,0.033406682312488556
YCR010C,YNR008W,0,3.5486612,0.5574636459350586,0.42115768790245056,0.03350670263171196
YJL204C,YDR257C,0,3.5482335,0.5567282438278198,0.42115768790245056,0.033606722950935364
YBR149W,YBR296C,0,3.5480864,0.5559947490692139,0.42115768790245056,0.03370673954486847
YOL020W,YFL062W,0,3.5456865,0.5552631616592407,0.42115768790245056,0.03380675986409187
YOR099W,YAL023C,1,3.539514,0.5558475852012634,0.4221556782722473,0.03380675986409187
YKR059W,YMR311C,0,3.538997,0.5551180839538574,0.4221556782722473,0.03390678018331528
YLR222C,YPL149W,0,3.5379856,0.554390549659729,0.4221556782722473,0.03400680050253868
YAL026C,YEL051W,0,3.5328841,0.5536649227142334,0.4221556782722473,0.034106820821762085
YOR103C,YEL036C,1,3.531794,0.5542483925819397,0.42315369844436646,0.034106820821762085
YDR358W,YHR089C,0,3.5315514,0.5535247921943665,0.42315369844436646,0.03420684114098549
YGL225W,YJL186W,1,3.5292654,0.5541068911552429,0.4241516888141632,0.03420684114098549
YLR459W,YDR231C,0,3.5284858,0.5533854365348816,0.4241516888141632,0.03430686146020889
YML077W,YJL167W,0,3.5255084,0.5526657700538635,0.4241516888141632,0.0344068817794323
YJL002C,YBR199W,1,3.5248137,0.5532467365264893,0.42514970898628235,0.0344068817794323
YPL227C,YML019W,1,3.5233982,0.5538262128829956,0.4261476993560791,0.0344068817794323
YER003C,YKL148C,0,3.5225549,0.553108811378479,0.4261476993560791,0.0345069020986557
YPL268W,YDR276C,0,3.5194612,0.5523932576179504,0.4261476993560791,0.034606922417879105
YER005W,YER042W,0,3.516351,0.5516796112060547,0.4261476993560791,0.03470694273710251
YBR288C,YDR400W,0,3.515168,0.5509677529335022,0.4261476993560791,0.03480696305632591
YML124C,YDR158W,0,3.51122,0.5502577424049377,0.4261476993560791,0.03490697965025902
YIL014W,YDL232W,1,3.5050552,0.5508365631103516,0.42714571952819824,0.03490697965025902
YNL048W,YDL055C,1,3.5049276,0.551413893699646,0.428143709897995,0.03490697965025902
YNL329C,YPL246C,0,3.5046983,0.5507060289382935,0.428143709897995,0.03500699996948242
YMR013C,YMR149W,1,3.5012078,0.5512820482254028,0.42914173007011414,0.03500699996948242
YIL043C,YMR274C,0,3.4982753,0.5505762100219727,0.42914173007011414,0.035107020288705826
YOR320C,YOR085W,1,3.4966397,0.551150918006897,0.4301397204399109,0.035107020288705826
YLR459W,YDR436W,0,3.4951901,0.5504469871520996,0.4301397204399109,0.03520704060792923
YPL183C,YNL041C,0,3.4895713,0.5497449040412903,0.4301397204399109,0.035307060927152634
YCR004C,YGL078C,0,3.4873157,0.5490446090698242,0.4301397204399109,0.03540708124637604
YEL031W,YER001W,1,3.4871,0.5496183037757874,0.43113771080970764,0.03540708124637604
YJR117W,YLL050C,0,3.48359,0.5489199757575989,0.43113771080970764,0.03550710156559944
YBR070C,YBR015C,1,3.480637,0.549492359161377,0.4321357309818268,0.03550710156559944
YLR286C,YCR054C,0,3.480555,0.5487959384918213,0.4321357309818268,0.035607121884822845
YDL232W,YJR143C,1,3.4789245,0.5493670701980591,0.43313372135162354,0.035607121884822845
YJR143C,YOR067C,1,3.4751763,0.5499367713928223,0.4341317415237427,0.035607121884822845
YOR103C,YEL002C,1,3.4738643,0.5505050420761108,0.43512973189353943,0.035607121884822845
YML129C,YDR450W,0,3.4696546,0.5498108267784119,0.43512973189353943,0.03570714220404625
YJR143C,YGR178C,0,3.4695215,0.5491183996200562,0.43512973189353943,0.03580716252326965
YBL020W,YBR110W,1,3.4671795,0.549685537815094,0.43612775206565857,0.03580716252326965
YBR097W,YOR372C,0,3.466657,0.5489949584007263,0.43612775206565857,0.03590718284249306
YMR013C,YGL257C,1,3.46657,0.5495608448982239,0.4371257424354553,0.03590718284249306
YBR023C,YOL116W,0,3.4634697,0.548872172832489,0.4371257424354553,0.03600720316171646
YGR199W,YJL183W,1,3.46217,0.5494368076324463,0.43812376260757446,0.03600720316171646
YMR101C,YOR099W,1,3.461493,0.550000011920929,0.4391217529773712,0.03600720316171646
YBR133C,YDL201W,0,3.4599519,0.5493133664131165,0.4391217529773712,0.03610721975564957
YHR014W,YMR092C,0,3.458291,0.5486284494400024,0.4391217529773712,0.03620724007487297
YDR221W,YNL080C,1,3.451918,0.5491905212402344,0.44011977314949036,0.03620724007487297
YDR160W,YJL138C,0,3.4512305,0.5485074520111084,0.44011977314949036,0.036307260394096375
YNL048W,YOR103C,1,3.4506936,0.5490683317184448,0.4411177635192871,0.036307260394096375
YDR074W,YNR046W,0,3.4500296,0.5483871102333069,0.4411177635192871,0.03640728071331978
YBR289W,YIL124W,0,3.4479032,0.5477075576782227,0.4411177635192871,0.03650730103254318
YBR191W,YNL305C,0,3.4472551,0.5470296740531921,0.4411177635192871,0.036607321351766586
YPR023C,YGR083C,0,3.4454508,0.5463535189628601,0.4411177635192871,0.03670734167098999
YMR015C,YPL227C,0,3.4438567,0.5456790328025818,0.4411177635192871,0.036807361990213394
YBL055C,YDR432W,0,3.4421873,0.5450061559677124,0.4411177635192871,0.0369073823094368
YMR080C,YDR148C,0,3.440535,0.5443349480628967,0.4411177635192871,0.0370074026286602
YGR227W,YMR149W,1,3.4381623,0.5448954701423645,0.44211575388908386,0.0370074026286602
YJR113C,YOL019W,0,3.4365873,0.5442260503768921,0.44211575388908386,0.037107422947883606
YOR085W,YKR061W,1,3.434674,0.5447852611541748,0.443113774061203,0.037107422947883606
YGL059W,YBR153W,0,3.4312694,0.5441176295280457,0.443113774061203,0.03720744326710701
YOR087W,YKL035W,0,3.42863,0.5434516668319702,0.443113774061203,0.037307459861040115
YOR046C,YOL095C,0,3.4271617,0.5427873134613037,0.443113774061203,0.03740748018026352
YGR199W,YBR110W,1,3.4259703,0.54334557056427,0.44411176443099976,0.03740748018026352
YGR133W,YOR063W,0,3.4247427,0.542682945728302,0.44411176443099976,0.03750750049948692
YGR178C,YDR381W,0,3.4210048,0.5420219302177429,0.44411176443099976,0.03760752081871033
YHR098C,YOR386W,0,3.4193842,0.5413625240325928,0.44411176443099976,0.03770754113793373
YBR133C,YGR078C,0,3.4135082,0.5407047271728516,0.44411176443099976,0.037807561457157135
YBR015C,YMR149W,1,3.4075193,0.541262149810791,0.4451097846031189,0.037807561457157135
YDR093W,YMR215W,0,3.4056597,0.5406060814857483,0.4451097846031189,0.03790758177638054
YER141W,YDR339C,0,3.4038072,0.5399515628814697,0.4451097846031189,0.03800760209560394
YPL198W,YBR211C,0,3.4030528,0.5392986536026001,0.4451097846031189,0.03810762241482735
YDR221W,YGR227W,1,3.4020782,0.5398550629615784,0.44610777497291565,0.03810762241482735
YNR030W,YKL035W,1,3.401268,0.5404101610183716,0.4471057951450348,0.03810762241482735
YOR103C,YAL023C,1,3.3971913,0.5409638285636902,0.44810378551483154,0.03810762241482735
YFL044C,YGR279C,0,3.3900404,0.5403128862380981,0.44810378551483154,0.03820764273405075
YNL219C,YAL023C,1,3.3877482,0.5408653616905212,0.4491018056869507,0.03820764273405075
YLR019W,YHR216W,0,3.3868685,0.5402160882949829,0.4491018056869507,0.038307663053274155
YPL227C,YJR143C,1,3.3848448,0.5407673716545105,0.45009979605674744,0.038307663053274155
YGR217W,YJL002C,0,3.3820355,0.5401197671890259,0.45009979605674744,0.03840768337249756
YAL035W,YKL134C,0,3.3803964,0.5394737124443054,0.45009979605674744,0.038507699966430664
YBR069C,YBR265W,0,3.379203,0.5388291478157043,0.45009979605674744,0.03860772028565407
YBR055C,YHR016C,0,3.3785675,0.5381861329078674,0.45009979605674744,0.03870774060487747
YEL002C,YBR243C,1,3.3742156,0.5387365818023682,0.4510978162288666,0.03870774060487747
YEL036C,YBR243C,1,3.3712454,0.5392857193946838,0.45209580659866333,0.03870774060487747
YBL082C,YBR243C,1,3.3709726,0.5398335456848145,0.45309382677078247,0.03870774060487747
YDL188C,YDR399W,0,3.369956,0.5391923785209656,0.45309382677078247,0.038807760924100876
YGL161C,YBL009W,0,3.3691506,0.5385527610778809,0.45309382677078247,0.03890778124332428
YBR199W,YDL093W,1,3.365697,0.5390995144844055,0.4540918171405792,0.03890778124332428
YPL050C,YBR243C,1,3.3642893,0.5396449565887451,0.455089807510376,0.03890778124332428
YBR015C,YDR414C,1,3.3578203,0.5401891469955444,0.4560878276824951,0.03890778124332428
YLR343W,YGR208W,0,3.3541949,0.5395513772964478,0.4560878276824951,0.039007801562547684
YGL226C-A,YER001W,1,3.3537183,0.5400943160057068,0.45708581805229187,0.039007801562547684
YKL213C,YMR307W,0,3.3531723,0.5394582152366638,0.45708581805229187,0.03910782188177109
YML019W,YDL093W,1,3.3522334,0.5400000214576721,0.458083838224411,0.03910782188177109
YNL265C,YML104C,0,3.3512168,0.5393654704093933,0.458083838224411,0.03920784220099449
YGL167C,YDR483W,1,3.3501246,0.5399060845375061,0.45908182859420776,0.03920784220099449
YMR119W,YPL053C,0,3.345281,0.5392731428146362,0.45908182859420776,0.039307862520217896
YPR140W,YKR093W,0,3.3450153,0.5386416912078857,0.45908182859420776,0.0394078828394413
YHR042W,YNL063W,0,3.344549,0.5380116701126099,0.45908182859420776,0.0395079031586647
YBL040C,YFR025C,0,3.343312,0.5373831987380981,0.45908182859420776,0.03960791975259781
YGL211W,YKR027W,0,3.3404894,0.5367560982704163,0.45908182859420776,0.03970794007182121
YDL232W,YBR070C,1,3.3388107,0.5372960567474365,0.4600798487663269,0.03970794007182121
YPR154W,YER023W,0,3.3388035,0.5366705656051636,0.4600798487663269,0.03980796039104462
YPR183W,YDR135C,0,3.3376522,0.5360465049743652,0.4600798487663269,0.03990798071026802
YJL002C,YBL082C,1,3.3365374,0.5365853905677795,0.46107783913612366,0.03990798071026802
YGL167C,YGL226C-A,1,3.3365316,0.5371229648590088,0.4620758593082428,0.03990798071026802
YER001W,YGL038C,1,3.3354163,0.5376593470573425,0.46307384967803955,0.03990798071026802
YMR044W,YMR298W,0,3.3348117,0.5370370149612427,0.46307384967803955,0.040008001029491425
YBR199W,YER001W,1,3.3341134,0.5375722646713257,0.4640718698501587,0.040008001029491425
YPL249C-A,YBL008W,0,3.330947,0.53695148229599,0.4640718698501587,0.04010802134871483
YML019W,YOR067C,1,3.3264437,0.5374855995178223,0.46506986021995544,0.04010802134871483
YMR013C,YJL139C,1,3.32489,0.5380184054374695,0.4660678505897522,0.04010802134871483
YGR061C,YIL050W,0,3.3248487,0.5373992919921875,0.4660678505897522,0.04020804166793823
YBR191W,YDL025C,0,3.3195078,0.5367816090583801,0.4660678505897522,0.040308061987161636
YNL173C,YBR135W,0,3.3141327,0.5361653566360474,0.4660678505897522,0.04040808230638504
YDR483W,YPR183W,1,3.31248,0.536697268486023,0.46706587076187134,0.04040808230638504
YPL050C,YEL036C,1,3.309774,0.5372279286384583,0.4680638611316681,0.04040808230638504
YHL001W,YDR148C,0,3.3058062,0.5366132855415344,0.4680638611316681,0.040508102625608444
YGL105W,YDR524C,0,3.3050559,0.5360000133514404,0.4680638611316681,0.04060812294483185
YJL186W,YMR149W,1,3.304943,0.5365296602249146,0.46906188130378723,0.04060812294483185
YBR015C,YOR085W,1,3.3034668,0.5370581746101379,0.470059871673584,0.04060812294483185
YMR211W,YHR106W,0,3.3011847,0.5364464521408081,0.470059871673584,0.04070814326405525
YLR039C,YER114C,0,3.3009145,0.5358361601829529,0.470059871673584,0.04080815985798836
YDL081C,YBR015C,0,3.29931,0.5352272987365723,0.470059871673584,0.04090818017721176
YDL193W,YOR085W,1,3.2954612,0.5357547998428345,0.4710578918457031,0.04090818017721176
YOL077C,YPL004C,0,3.293024,0.5351473689079285,0.4710578918457031,0.041008200496435165
YBR092C,YOR095C,0,3.29148,0.5345413088798523,0.4710578918457031,0.04110822081565857
YNL048W,YKR061W,1,3.2908459,0.5350678563117981,0.4720558822154999,0.04110822081565857
YJL019W,YAL030W,0,3.2884905,0.5344632863998413,0.4720558822154999,0.04120824113488197
YFL062W,YBR021W,0,3.2870755,0.5338600277900696,0.4720558822154999,0.04130826145410538
YER133W,YLL009C,0,3.2869716,0.5332581996917725,0.4720558822154999,0.04140828177332878
YOR312C,YHR005C,0,3.2810214,0.5326576828956604,0.4720558822154999,0.041508302092552185
YLR378C,YGR106C,0,3.2804747,0.5320584774017334,0.4720558822154999,0.04160832241177559
YBR149W,YLR433C,0,3.275943,0.531460702419281,0.4720558822154999,0.04170834273099899
YBR243C,YER001W,1,3.273912,0.5319865345954895,0.473053902387619,0.04170834273099899
YAL051W,YAL005C,0,3.2733078,0.5313901305198669,0.473053902387619,0.0418083630502224
YIL069C,YJL020C,0,3.2717772,0.5307950973510742,0.473053902387619,0.0419083833694458
YER095W,YGL058W,0,3.271245,0.5302013158798218,0.473053902387619,0.042008399963378906
YDR221W,YOR004W,0,3.2711053,0.529608964920044,0.473053902387619,0.04210842028260231
YBR280C,YJR144W,0,3.2662425,0.5290178656578064,0.473053902387619,0.042208440601825714
YAL008W,YBL017C,0,3.2638857,0.5284280776977539,0.473053902387619,0.04230846092104912
YJL121C,YJR161C,0,3.2603216,0.5278396606445312,0.473053902387619,0.04240848124027252
YGR152C,YHR204W,0,3.2600503,0.5272524952888489,0.473053902387619,0.042508501559495926
YCR021C,YFL049W,0,3.2585897,0.5266666412353516,0.473053902387619,0.04260852187871933
YNR030W,YGL038C,1,3.2578633,0.5271919965744019,0.47405189275741577,0.04260852187871933
YIL052C,YKL059C,0,3.2569942,0.5266075134277344,0.47405189275741577,0.042708542197942734
YDL232W,YIR022W,0,3.253472,0.526024341583252,0.47405189275741577,0.04280856251716614
YER157W,YOR357C,0,3.2525373,0.5254424810409546,0.47405189275741577,0.04290858283638954
YBR085W,YGL013C,0,3.2518811,0.5248618721961975,0.47405189275741577,0.043008603155612946
YOL018C,YKL143W,0,3.2517083,0.5242825746536255,0.47405189275741577,0.04310862347483635
YBL082C,YGR227W,1,3.2511606,0.5248070359230042,0.4750499129295349,0.04310862347483635
YDL194W,YHR007C,0,3.2507262,0.5242290496826172,0.4750499129295349,0.043208640068769455
YBR199W,YGL226C-A,1,3.248979,0.5247524976730347,0.47604790329933167,0.043208640068769455
YBR205W,YDR483W,1,3.2457356,0.5252747535705566,0.4770458936691284,0.043208640068769455
YDR242W,YBR153W,0,3.244233,0.5246981382369995,0.4770458936691284,0.04330866038799286
YOR002W,YDR483W,1,3.2438974,0.5252193212509155,0.47804391384124756,0.04330866038799286
YHR031C,YOL120C,0,3.2435386,0.5246440172195435,0.47804391384124756,0.04340868070721626
YNR049C,YJL196C,0,3.2418342,0.5240700244903564,0.47804391384124756,0.04350870102643967
YKL017C,YLR432W,0,3.239201,0.5234972834587097,0.47804391384124756,0.04360872134566307
YJR019C,YLR332W,0,3.2334116,0.5229257345199585,0.47804391384124756,0.043708741664886475
YOR249C,YKL173W,0,3.232205,0.5223554968833923,0.47804391384124756,0.04380876198410988
YJL186W,YPR183W,1,3.2309833,0.5228758454322815,0.4790419042110443,0.04380876198410988
YDL081C,YHR181W,0,3.2287827,0.5223068594932556,0.4790419042110443,0.04390878230333328
YNL132W,YGL227W,0,3.2281404,0.52173912525177,0.4790419042110443,0.044008802622556686
YDR432W,YIL157C,0,3.2277927,0.5211726427078247,0.4790419042110443,0.04410882294178009
YBR237W,YDR023W,0,3.2272644,0.5206073522567749,0.4790419042110443,0.044208843261003494
YGR199W,YPL050C,1,3.2232375,0.5211267471313477,0.48003992438316345,0.044208843261003494
YEL002C,YDL055C,1,3.2229323,0.5216450095176697,0.4810379147529602,0.044208843261003494
YOR103C,YBR205W,1,3.2227206,0.522162139415741,0.48203593492507935,0.044208843261003494
YDR294C,YOL059W,0,3.2182078,0.5215982794761658,0.48203593492507935,0.0443088635802269
YNL219C,YBR199W,1,3.2131371,0.5221143364906311,0.4830339252948761,0.0443088635802269
YER044C,YOL060C,0,3.2117558,0.5215517282485962,0.4830339252948761,0.044408880174160004
YGR055W,YPR075C,0,3.2093983,0.5209903120994568,0.4830339252948761,0.04450890049338341
YKL011C,YLR376C,0,3.2036483,0.5204300880432129,0.4830339252948761,0.04460892081260681
YBR121C,YLR019W,0,3.2022126,0.5198711156845093,0.4830339252948761,0.044708941131830215
YGL167C,YMR149W,1,3.2009912,0.520386278629303,0.48403194546699524,0.044708941131830215
YJL069C,YPR095C,0,3.1920538,0.5198284983634949,0.48403194546699524,0.04480896145105362
YOL018C,YDR341C,0,3.1909914,0.519271969795227,0.48403194546699524,0.04490898177027702
YOR321W,YBL020W,1,3.189866,0.5197861194610596,0.485029935836792,0.04490898177027702
YHR114W,YPL146C,0,3.1890762,0.5192307829856873,0.485029935836792,0.04500900208950043
YDL106C,YNL188W,0,3.1864357,0.5186766386032104,0.485029935836792,0.04510902240872383
YJL177W,YPL033C,0,3.1857085,0.5181236863136292,0.485029935836792,0.045209042727947235
YMR101C,YNL219C,1,3.1837504,0.5186368227005005,0.48602795600891113,0.045209042727947235
YIL078W,YNL063W,0,3.1814818,0.5180851221084595,0.48602795600891113,0.04530906304717064
YDR219C,YBR087W,0,3.1761737,0.5175345540046692,0.48602795600891113,0.04540908336639404
YGL225W,YJR143C,1,3.174209,0.5180467367172241,0.4870259463787079,0.04540908336639404
YOR103C,YDL093W,1,3.1734262,0.5185577869415283,0.488023966550827,0.04540908336639404
YNL048W,YNR059W,1,3.1730886,0.5190678238868713,0.4890219569206238,0.04540908336639404
YBL082C,YDR483W,1,3.1686394,0.5195767283439636,0.49001994729042053,0.04540908336639404
YOR384W,YGL077C,0,3.1683807,0.5190274715423584,0.49001994729042053,0.04550909996032715
YPR128C,YOL013C,0,3.162969,0.5184794068336487,0.49001994729042053,0.04560912027955055
YNL048W,YBL078C,0,3.1565948,0.5179324746131897,0.49001994729042053,0.045709140598773956
YOR321W,YER001W,1,3.155408,0.5184404850006104,0.4910179674625397,0.045709140598773956
YAR015W,YOR380W,0,3.155073,0.5178947448730469,0.4910179674625397,0.04580916091799736
YKR046C,YNL339C,0,3.151437,0.5173501372337341,0.4910179674625397,0.045909181237220764
YDR213W,YBR040W,0,3.148673,0.5168067216873169,0.4910179674625397,0.04600920155644417
YIL053W,YHR116W,0,3.1475768,0.5162644386291504,0.4910179674625397,0.04610922187566757
YOR099W,YGL027C,1,3.1446676,0.5167714953422546,0.4920159578323364,0.04610922187566757
YMR149W,YDR414C,1,3.1445374,0.5172774791717529,0.49301397800445557,0.04610922187566757
YOR099W,YBR002C,1,3.1440673,0.51778244972229,0.4940119683742523,0.04610922187566757
YJL186W,YKR061W,1,3.1433382,0.5182862877845764,0.49500998854637146,0.04610922187566757
YNL048W,YOR085W,1,3.1392853,0.5187891721725464,0.4960079789161682,0.04610922187566757
YNR030W,YBR070C,1,3.1372223,0.5192909240722656,0.49700599908828735,0.04610922187566757
YLL005C,YJL174W,0,3.1333919,0.518750011920929,0.49700599908828735,0.046209242194890976
YJL002C,YBR205W,1,3.1327002,0.5192508101463318,0.4980039894580841,0.046209242194890976
YBR205W,YJL002C,1,3.1327002,0.5197505354881287,0.49900200963020325,0.046209242194890976
YBL020W,YMR149W,1,3.1307359,0.5202492475509644,0.5,0.046209242194890976
YPL145C,YJL151C,0,3.1282725,0.5197095274925232,0.5,0.04630926251411438
YBL027W,YKL188C,0,3.1273246,0.5191709995269775,0.5,0.046409282833337784
YOR336W,YOR002W,1,3.1206076,0.5196687579154968,0.5009980201721191,0.046409282833337784
YMR083W,YKL113C,0,3.1205816,0.5191313624382019,0.5009980201721191,0.04650930315256119
YDR414C,YDL093W,1,3.1203496,0.51962810754776,0.5019959807395935,0.04650930315256119
YPL106C,YJR108W,0,3.1192155,0.5190918445587158,0.5019959807395935,0.04660932347178459
YPL053C,YGR036C,1,3.1153808,0.5195876359939575,0.5029940009117126,0.04660932347178459
YML019W,YER003C,1,3.113543,0.520082414150238,0.5039920210838318,0.04660932347178459
YHR005C,YJR086W,0,3.1129823,0.5195473432540894,0.5039920210838318,0.0467093400657177
YML019W,YGR227W,1,3.110114,0.5200411081314087,0.5049900412559509,0.0467093400657177
YOR067C,YDR414C,1,3.1097493,0.5205338597297668,0.5059880018234253,0.0467093400657177
YOR321W,YGL022W,1,3.1075068,0.5210256576538086,0.5069860219955444,0.0467093400657177
YDR221W,YNR030W,1,3.1070237,0.5215163826942444,0.5079840421676636,0.0467093400657177
YBL020W,YGL027C,1,3.1054854,0.5220061540603638,0.5089820623397827,0.0467093400657177
YOR085W,YGL257C,1,3.1003096,0.522494912147522,0.5099800229072571,0.0467093400657177
YCR067C,YKL069W,0,3.0997448,0.5219612121582031,0.5099800229072571,0.0468093603849411
YGR227W,YPR183W,1,3.0995321,0.5224489569664001,0.5109780430793762,0.0468093603849411
YOR028C,YDL101C,0,3.0985305,0.521916389465332,0.5109780430793762,0.046909380704164505
YGL226C-A,YDL093W,1,3.0982914,0.5224032402038574,0.5119760632514954,0.046909380704164505
YBR243C,YER005W,1,3.0975206,0.5228891372680664,0.5129740238189697,0.046909380704164505
YJL002C,YBR070C,1,3.0966043,0.5233739614486694,0.5139720439910889,0.046909380704164505
YBR110W,YKL035W,1,3.0883052,0.5238578915596008,0.514970064163208,0.046909380704164505
YJR075W,YEL050C,0,3.083991,0.523326575756073,0.514970064163208,0.04700940102338791
YOR103C,YPL053C,1,3.0781956,0.523809552192688,0.5159680843353271,0.04700940102338791
YGL224C,YDR036C,0,3.0759156,0.5232793688774109,0.5159680843353271,0.04710942134261131
YPL172C,YDR358W,0,3.0752354,0.5227502584457397,0.5159680843353271,0.04720944166183472
YNL029C,YDL093W,1,3.0731106,0.5232323408126831,0.5169660449028015,0.04720944166183472
YDL014W,YBL007C,0,3.0709543,0.5227043628692627,0.5169660449028015,0.04730946198105812
YGL250W,YGL155W,0,3.0705051,0.5221773982048035,0.5169660449028015,0.047409482300281525
YPR183W,YDL093W,1,3.0667193,0.5226585865020752,0.5179640650749207,0.047409482300281525
YDR103W,YKL016C,0,3.066324,0.5221328139305115,0.5179640650749207,0.04750950261950493
YGL061C,YJR086W,0,3.0660586,0.5216080546379089,0.5179640650749207,0.04760952293872833
YBL020W,YLR069C,0,3.0601783,0.5210843086242676,0.5179640650749207,0.047709543257951736
YPL050C,YER003C,1,3.059898,0.5215647220611572,0.5189620852470398,0.047709543257951736
YBL002W,YNL305C,0,3.0589194,0.5210421085357666,0.5189620852470398,0.04780956357717514
YGL100W,YGR106C,0,3.0485182,0.5205205082893372,0.5189620852470398,0.047909580171108246
YBR110W,YGR200C,0,3.0430846,0.5199999809265137,0.5189620852470398,0.04800960049033165
YMR278W,YLL048C,0,3.0391393,0.5194805264472961,0.5189620852470398,0.048109620809555054
YJL002C,YEL036C,1,3.0389585,0.5199601054191589,0.5199601054191589,0.048109620809555054
YGL027C,YKR061W,1,3.0384755,0.5204386711120605,0.5209580659866333,0.048109620809555054
YGR286C,YAL056W,0,3.0355725,0.519920289516449,0.5209580659866333,0.04820964112877846
YBR085W,YML127W,0,3.034388,0.5194029808044434,0.5209580659866333,0.04830966144800186
YGL142C,YIR034C,0,3.033712,0.5188866853713989,0.5209580659866333,0.048409681767225266
YIL052C,YLR093C,0,3.0333347,0.5183714032173157,0.5209580659866333,0.04850970208644867
YNL029C,YDL232W,1,3.0326996,0.5188491940498352,0.5219560861587524,0.04850970208644867
YER005W,YGL257C,1,3.0318666,0.5193260908126831,0.5229541063308716,0.04850970208644867
YCR021C,YHR200W,0,3.030401,0.5188118815422058,0.5229541063308716,0.04860972240567207
YPR019W,YPR145W,0,3.0295613,0.5182986855506897,0.5229541063308716,0.04870974272489548
YDR385W,YJL002C,0,3.0211496,0.5177865624427795,0.5229541063308716,0.04880976304411888
YIL049W,YPR165W,0,3.020106,0.5172753930091858,0.5229541063308716,0.048909783363342285
YER005W,YPR183W,1,3.0165992,0.5177514553070068,0.523952066898346,0.048909783363342285
YGL144C,YDR377W,0,3.0155883,0.517241358757019,0.523952066898346,0.04900980368256569
YER005W,YOR085W,1,3.013803,0.5177165269851685,0.5249500870704651,0.04900980368256569
YDR033W,YKL148C,0,3.0136988,0.5172074437141418,0.5249500870704651,0.049109820276498795
YNR037C,YAR071W,0,3.0125833,0.5166994333267212,0.5249500870704651,0.0492098405957222
YNR030W,YPL038W,0,3.0114622,0.5161923170089722,0.5249500870704651,0.0493098609149456
YPL258C,YML026C,0,3.0110865,0.5156862735748291,0.5249500870704651,0.049409881234169006
YDL095W,YBR205W,1,3.010254,0.5161606073379517,0.5259481072425842,0.049409881234169006
YIL085C,YBR070C,1,3.0065298,0.5166340470314026,0.5269461274147034,0.049409881234169006
YLL039C,YHL031C,0,3.001697,0.5161290168762207,0.5269461274147034,0.04950990155339241
YGL226C-A,YGL038C,1,2.9994621,0.5166015625,0.5279440879821777,0.04950990155339241
YML101C,YBR175W,0,2.9953063,0.5160975456237793,0.5279440879821777,0.049609921872615814
YPL050C,YGL167C,1,2.9949322,0.516569197177887,0.5289421081542969,0.049609921872615814
YOL065C,YNL197C,0,2.9921873,0.5160661935806274,0.5289421081542969,0.04970994219183922
YMR261C,YLR274W,0,2.99033,0.5155642032623291,0.5289421081542969,0.04980996251106262
YGR140W,YGL096W,0,2.9901633,0.5150631666183472,0.5289421081542969,0.049909982830286026
YNL080C,YJL186W,1,2.9838045,0.515533983707428,0.529940128326416,0.049909982830286026
YNL012W,YKL004W,0,2.9814448,0.5150339603424072,0.529940128326416,0.05001000314950943
YOL030W,YDR354W,0,2.9804778,0.5145348906517029,0.529940128326416,0.050110023468732834
YFR051C,YER053C,0,2.9801629,0.5140367746353149,0.529940128326416,0.05021004378795624
YAL051W,YEL009C,0,2.980049,0.5135396718978882,0.529940128326416,0.05031006038188934
YEL036C,YJR143C,1,2.9787712,0.5140096545219421,0.5309381484985352,0.05031006038188934
YNL219C,YJL139C,1,2.975201,0.5144787430763245,0.5319361090660095,0.05031006038188934
YHR133C,YJL013C,0,2.972783,0.5139826536178589,0.5319361090660095,0.05041008070111275
YIL014W,YBR243C,1,2.9720447,0.5144508481025696,0.5329341292381287,0.05041008070111275
YJL156C,YML110C,0,2.970417,0.5139557123184204,0.5329341292381287,0.05051010102033615
YPL152W,YML065W,0,2.9636676,0.5134615302085876,0.5329341292381287,0.050610121339559555
YML019W,YDL095W,1,2.962377,0.5139288902282715,0.5339321494102478,0.050610121339559555
YBR199W,YNR059W,1,2.9603977,0.5143954157829285,0.5349301099777222,0.050610121339559555
YDL095W,YGL226C-A,1,2.960333,0.514860987663269,0.5359281301498413,0.050610121339559555
YMR152W,YDR402C,0,2.959187,0.5143678188323975,0.5359281301498413,0.05071014165878296
YEL054C,YBR283C,0,2.9586618,0.5138756036758423,0.5359281301498413,0.05081016197800636
YOR150W,YLL052C,0,2.9576359,0.5133843421936035,0.5359281301498413,0.05091018229722977
YNL067W,YOL126C,0,2.9565492,0.5128939747810364,0.5359281301498413,0.05101020261645317
YGL141W,YML060W,0,2.9499583,0.5124045610427856,0.5359281301498413,0.051110222935676575
YPL266W,YDR524C,0,2.948018,0.5119161009788513,0.5359281301498413,0.05121024325489998
YJL019W,YJR161C,0,2.94796,0.5114285945892334,0.5359281301498413,0.05131026357412338
YNL243W,YOR234C,0,2.943119,0.5109419822692871,0.5359281301498413,0.051410283893346786
YNR038W,YLR006C,0,2.9401822,0.5104562640190125,0.5359281301498413,0.05151030048727989
YPL242C,YKL081W,0,2.938934,0.5099714994430542,0.5359281301498413,0.051610320806503296
YML001W,YDR440W,0,2.9383183,0.5094876885414124,0.5359281301498413,0.0517103411257267
YBR015C,YGL257C,1,2.9382071,0.5099526047706604,0.5369261503219604,0.0517103411257267
YBL054W,YNL209W,0,2.9364629,0.5094696879386902,0.5369261503219604,0.051810361444950104
YNL029C,YEL031W,1,2.935452,0.5099337697029114,0.5379241704940796,0.051810361444950104
YBR243C,YJL183W,1,2.9280248,0.5103969573974609,0.538922131061554,0.051810361444950104
YOR241W,YPL164C,0,2.9242373,0.5099149942398071,0.538922131061554,0.05191038176417351
YNL206C,YGR254W,0,2.921367,0.5094339847564697,0.538922131061554,0.05201040208339691
YOR103C,YOR320C,1,2.9204504,0.5098963379859924,0.5399201512336731,0.05201040208339691
YEL042W,YMR149W,1,2.9175518,0.5103577971458435,0.5409181714057922,0.05201040208339691
YNL219C,YDL193W,1,2.9168582,0.5108184218406677,0.5419161915779114,0.05201040208339691
YLR134W,YOR363C,0,2.9157739,0.5103383660316467,0.5419161915779114,0.052110422402620316
YLR360W,YMR274C,0,2.9140937,0.5098591446876526,0.5419161915779114,0.05221044272184372
YCR053W,YPL232W,0,2.911623,0.5093808770179749,0.5419161915779114,0.05231046304106712
YML019W,YBR015C,1,2.911356,0.5098406672477722,0.5429141521453857,0.05231046304106712
YMR237W,YDR016C,0,2.9109035,0.5093632936477661,0.5429141521453857,0.05241048336029053
YMR119W,YJL065C,0,2.9096632,0.5088868141174316,0.5429141521453857,0.05251050367951393
YMR208W,YJL092W,0,2.9090014,0.5084112286567688,0.5429141521453857,0.05261052027344704
YDR483W,YGL225W,1,2.9088054,0.5088702440261841,0.5439121723175049,0.05261052027344704
YCR106W,YLR089C,0,2.908367,0.5083954930305481,0.5439121723175049,0.05271054059267044
YCR004C,YGR063C,0,2.902811,0.5079216957092285,0.5439121723175049,0.052810560911893845
YBR158W,YOL126C,0,2.9010315,0.5074487924575806,0.5439121723175049,0.05291058123111725
YOR002W,YMR149W,1,2.9005117,0.507906973361969,0.544910192489624,0.05291058123111725
YJL059W,YFL016C,0,2.8987918,0.5074349641799927,0.544910192489624,0.05301060155034065
YOR016C,YOR156C,0,2.8954656,0.5069637894630432,0.544910192489624,0.053110621869564056
YLR144C,YNL336W,0,2.895348,0.5064935088157654,0.544910192489624,0.05321064218878746
YNL025C,YOR247W,0,2.8945997,0.5060241222381592,0.544910192489624,0.053310662508010864
YML058W,YGR257C,0,2.8931904,0.5055555701255798,0.544910192489624,0.05341068282723427
YJL073W,YBR126C,0,2.8866827,0.5050878524780273,0.544910192489624,0.05351070314645767
YDL232W,YDL093W,1,2.8863397,0.5055452585220337,0.5459082126617432,0.05351070314645767
YOR085W,YOR067C,1,2.8838317,0.5060018301010132,0.5469061732292175,0.05351070314645767
YNL118C,YHL033C,0,2.8782372,0.5055350661277771,0.5469061732292175,0.053610723465681076
YJR019C,YDR507C,0,2.870378,0.5050691366195679,0.5469061732292175,0.05371074378490448
YML115C,YML019W,1,2.8695607,0.5055248737335205,0.5479041934013367,0.05371074378490448
YHR190W,YGR082W,0,2.864973,0.5050597786903381,0.5479041934013367,0.053810760378837585
YFR047C,YMR079W,0,2.8624022,0.5045955777168274,0.5479041934013367,0.05391078069806099
YML048W,YOR278W,0,2.8617835,0.5041322112083435,0.5479041934013367,0.05401080101728439
YER099C,YLR085C,0,2.8615904,0.5036697387695312,0.5479041934013367,0.0541108213365078
YGL047W,YPR183W,1,2.8607063,0.504124641418457,0.5489022135734558,0.0541108213365078
YOR099W,YBR205W,1,2.852927,0.5045787692070007,0.5499001741409302,0.0541108213365078
YLR148W,YDR469W,0,2.8504581,0.5041171312332153,0.5499001741409302,0.0542108416557312
YER157W,YJR131W,0,2.8478618,0.5036563277244568,0.5499001741409302,0.054310861974954605
YLR229C,YAL042W,0,2.8453307,0.5031963586807251,0.5499001741409302,0.05441088229417801
YER073W,YLR120C,0,2.8387313,0.5027372241020203,0.5499001741409302,0.05451090261340141
YNL048W,YGL167C,1,2.833398,0.5031905174255371,0.5508981943130493,0.05451090261340141
YNL029C,YJR143C,1,2.8317177,0.5036429762840271,0.5518962144851685,0.05451090261340141
YBR205W,YBR109C,0,2.8300395,0.5031847357749939,0.5518962144851685,0.05461092293262482
YDR017C,YOR335C,0,2.8285217,0.5027272701263428,0.5518962144851685,0.05471094325184822
YGL226C-A,YBR015C,1,2.8281968,0.5031789541244507,0.5528942346572876,0.05471094325184822
YGL142C,YGR062C,0,2.8267236,0.5027223229408264,0.5528942346572876,0.054810963571071625
YDR031W,YPL217C,0,2.8260794,0.502266526222229,0.5528942346572876,0.05491098389029503
YNL286W,YMR012W,0,2.825366,0.5018116235733032,0.5528942346572876,0.055011000484228134
YML012W,YCL017C,0,2.823408,0.5013574957847595,0.5528942346572876,0.05511102080345154
YIL160C,YML038C,0,2.822384,0.5009041428565979,0.5528942346572876,0.05521104112267494
YDR325W,YLR167W,0,2.822239,0.5004516839981079,0.5528942346572876,0.055311061441898346
YJR158W,YNL263C,0,2.8218942,0.5,0.5528942346572876,0.05541108176112175
YNR046W,YCR075C,0,2.8203635,0.49954915046691895,0.5528942346572876,0.055511102080345154
YIL039W,YPL241C,0,2.8195987,0.49909910559654236,0.5528942346572876,0.05561112239956856
YBL027W,YOR179C,0,2.8193378,0.49864986538887024,0.5528942346572876,0.05571114271879196
YKL192C,YIL123W,0,2.818532,0.4982014298439026,0.5528942346572876,0.055811163038015366
YHR133C,YPL246C,0,2.8174438,0.4977538287639618,0.5528942346572876,0.05591118335723877
YBR070C,YGR036C,1,2.8167534,0.49820467829704285,0.553892195224762,0.05591118335723877
YNL186W,YLL024C,0,2.8162527,0.49775785207748413,0.553892195224762,0.05601120367646217
YDR028C,YNL001W,0,2.8145728,0.4973118305206299,0.553892195224762,0.05611122399568558
YAL055W,YCR053W,0,2.8138928,0.4968666136264801,0.553892195224762,0.05621124058961868
YEL031W,YJR143C,1,2.8129401,0.4973166286945343,0.5548902153968811,0.05621124058961868
YBR110W,YNR030W,1,2.8128328,0.4977658689022064,0.5558882355690002,0.05621124058961868
YDR251W,YDL014W,0,2.801375,0.4973214268684387,0.5558882355690002,0.05631126090884209
YBR133C,YKL184W,0,2.8012605,0.4968777894973755,0.5558882355690002,0.05641128122806549
YAL002W,YLL050C,0,2.800931,0.49643492698669434,0.5558882355690002,0.056511301547288895
YMR197C,YLL052C,0,2.8002648,0.49599286913871765,0.5558882355690002,0.0566113218665123
YER001W,YOR085W,1,2.7984111,0.4964412748813629,0.5568862557411194,0.0566113218665123
YOR336W,YGL027C,1,2.7944512,0.4968888759613037,0.5578842163085938,0.0566113218665123
YKL091C,YLR061W,0,2.7914362,0.4964475929737091,0.5578842163085938,0.0567113421857357
YPL254W,YDL103C,0,2.7896886,0.4960070848464966,0.5578842163085938,0.056811362504959106
YPL059W,YJL091C,0,2.789185,0.4955673813819885,0.5578842163085938,0.05691138282418251
YGR199W,YNL029C,1,2.7889657,0.49601417779922485,0.5588822364807129,0.05691138282418251
YJL186W,YJL183W,1,2.7860029,0.4964601695537567,0.559880256652832,0.05691138282418251
YNL048W,YOR067C,1,2.783323,0.4969053864479065,0.5608782172203064,0.05691138282418251
YML016C,YDR122W,0,2.780474,0.49646642804145813,0.5608782172203064,0.057011403143405914
YER036C,YMR171C,0,2.7784033,0.49602824449539185,0.5608782172203064,0.05711142346262932
YPL050C,YBL082C,1,2.7740026,0.49647265672683716,0.5618762373924255,0.05711142346262932
YDR483W,YER001W,1,2.7732458,0.4969162940979004,0.5628742575645447,0.05711142346262932
YDR456W,YOL077C,0,2.7726398,0.4964788854122162,0.5628742575645447,0.05721144378185272
YBR078W,YOR205C,0,2.772048,0.4960422217845917,0.5628742575645447,0.057311464101076126
YOR099W,YPL050C,1,2.7706707,0.49648505449295044,0.5638722777366638,0.057311464101076126
YMR101C,YEL042W,1,2.770348,0.4969271421432495,0.5648702383041382,0.057311464101076126
YLR175W,YHL031C,0,2.7695594,0.4964912235736847,0.5648702383041382,0.05741148069500923
YLR017W,YNL263C,0,2.768115,0.49605607986450195,0.5648702383041382,0.057511501014232635
YMR013C,YGL038C,1,2.7670593,0.49649736285209656,0.5658682584762573,0.057511501014232635
YMR205C,YIR036C,0,2.7659693,0.4960629940032959,0.5658682584762573,0.05761152133345604
YML016C,YDR430C,0,2.7642195,0.49562937021255493,0.5658682584762573,0.05771154165267944
YNL080C,YPR183W,1,2.7633562,0.49606987833976746,0.5668662786483765,0.05771154165267944
YNR049C,YKL096W,0,2.7619975,0.4956369996070862,0.5668662786483765,0.05781156197190285
YKR079C,YJR009C,0,2.76075,0.495204895734787,0.5668662786483765,0.05791158229112625
YER099C,YNL075W,0,2.7607312,0.4947735071182251,0.5668662786483765,0.058011602610349655
YCR036W,YMR044W,0,2.7603374,0.4943428933620453,0.5668662786483765,0.05811162292957306
YGR004W,YOL052C-A,0,2.7596445,0.49391305446624756,0.5668662786483765,0.05821164324879646
YJL125C,YDR027C,0,2.7582045,0.49348393082618713,0.5668662786483765,0.05831166356801987
YML115C,YNL080C,1,2.75283,0.4939236044883728,0.5678642988204956,0.05831166356801987
YDR182W,YAL035W,0,2.7523246,0.49349522590637207,0.5678642988204956,0.05841168388724327
YPL262W,YLR136C,0,2.7512393,0.49306759238243103,0.5678642988204956,0.058511700481176376
YMR288W,YHL015W,0,2.7499266,0.4926407039165497,0.5678642988204956,0.05861172080039978
YML019W,YOR320C,1,2.7479258,0.4930795729160309,0.56886225938797,0.05861172080039978
YJL050W,YJL212C,0,2.745978,0.49265339970588684,0.56886225938797,0.058711741119623184
YBL061C,YLR133W,0,2.7455013,0.4922279715538025,0.56886225938797,0.05881176143884659
YGR162W,YOR007C,0,2.745251,0.49180328845977783,0.56886225938797,0.05891178175806999
YGL167C,YNR030W,1,2.7420263,0.49224138259887695,0.5698602795600891,0.05891178175806999
YML115C,YOR085W,1,2.7385244,0.4926787316799164,0.5708582997322083,0.05891178175806999
YNL265C,YJL002C,0,2.7368493,0.49225473403930664,0.5708582997322083,0.059011802077293396
YKL143W,YKL213C,0,2.7351456,0.4918314814567566,0.5708582997322083,0.0591118223965168
YIL085C,YBR015C,1,2.7347865,0.49226805567741394,0.5718562602996826,0.0591118223965168
YFL039C,YHR188C,0,2.734283,0.4918454885482788,0.5718562602996826,0.059211842715740204
YEL036C,YBR199W,1,2.7310617,0.49228131771087646,0.5728542804718018,0.059211842715740204
YBL091C,YLR430W,0,2.7307725,0.49185946583747864,0.5728542804718018,0.05931186303496361
YER148W,YML057W,0,2.7300773,0.4914383590221405,0.5728542804718018,0.05941188335418701
YPL008W,YER177W,0,2.727687,0.4910179674625397,0.5728542804718018,0.059511903673410416
YPR055W,YMR298W,0,2.7255487,0.49059829115867615,0.5728542804718018,0.05961192399263382
YDR358W,YEL004W,0,2.7218223,0.4901793301105499,0.5728542804718018,0.059711940586566925
YKL154W,YER001W,0,2.7183032,0.489761084318161,0.5728542804718018,0.05981196090579033
YPL053C,YDL095W,1,2.7178433,0.4901960790157318,0.5738523006439209,0.05981196090579033
YMR013C,YBR199W,1,2.7161603,0.4906303286552429,0.57485032081604,0.05981196090579033
YLL011W,YKL145W,0,2.7122264,0.4902127683162689,0.57485032081604,0.05991198122501373
YPL053C,YNR059W,1,2.7096095,0.49064627289772034,0.5758482813835144,0.05991198122501373
YOR321W,YML019W,1,2.709569,0.4910790026187897,0.5768463015556335,0.05991198122501373
YNL321W,YPR184W,0,2.7082958,0.4906621277332306,0.5768463015556335,0.06001200154423714
YNL229C,YDR019C,0,2.7070463,0.4902459681034088,0.5768463015556335,0.06011202186346054
YBR171W,YGL022W,0,2.7069967,0.48983049392700195,0.5768463015556335,0.060212042182683945
YOR079C,YAR003W,0,2.7065523,0.4894157350063324,0.5768463015556335,0.06031206250190735
YGL047W,YJR131W,1,2.7024903,0.48984771966934204,0.5778443217277527,0.06031206250190735
YOR227W,YGL123W,0,2.701337,0.4894336462020874,0.5778443217277527,0.06041208282113075
YEL031W,YGR227W,1,2.700389,0.48986485600471497,0.5788423418998718,0.06041208282113075
YOR066W,YGL179C,0,2.6985607,0.48945146799087524,0.5788423418998718,0.060512103140354156
YNL048W,YDL193W,1,2.6978521,0.4898819625377655,0.5798403024673462,0.060512103140354156
YOR336W,YGR036C,1,2.6970572,0.49031171202659607,0.5808383226394653,0.060512103140354156
YBL088C,YDL130W,0,2.6970477,0.4898989796638489,0.5808383226394653,0.06061212345957756
YEL031W,YAL023C,1,2.6970215,0.49032801389694214,0.5818363428115845,0.06061212345957756
YPR023C,YGL111W,0,2.694179,0.48991596698760986,0.5818363428115845,0.060712143778800964
YOR002W,YDL093W,1,2.693123,0.49034425616264343,0.5828343033790588,0.060712143778800964
YML115C,YNR030W,1,2.6909485,0.4907718002796173,0.583832323551178,0.060712143778800964
YGL100W,YBR001C,0,2.6905966,0.49036043882369995,0.583832323551178,0.06081216409802437
YPL227C,YDR483W,1,2.6896458,0.4907872676849365,0.5848303437232971,0.06081216409802437
YDL143W,YFL062W,0,2.6862674,0.4903765618801117,0.5848303437232971,0.060912180691957474
YBR110W,YGL225W,1,2.682925,0.49080267548561096,0.5858283638954163,0.060912180691957474
YNL299W,YJL099W,0,2.6794586,0.49039265513420105,0.5858283638954163,0.06101220101118088
YGL243W,YMR142C,0,2.6767874,0.48998332023620605,0.5858283638954163,0.06111222133040428
YGR132C,YGL142C,0,2.673153,0.4895746409893036,0.5858283638954163,0.061212241649627686
YPR151C,YPL043W,0,2.6710763,0.4891666769981384,0.5858283638954163,0.06131226196885109
YDR298C,YKL148C,0,2.6701655,0.4887593686580658,0.5858283638954163,0.06141228228807449
YLR361C,YER060W,0,2.6700156,0.4883527457714081,0.5858283638954163,0.0615123026072979
YPL050C,YDR414C,1,2.669845,0.4887780547142029,0.5868263244628906,0.0615123026072979
YML115C,YOR067C,1,2.6692877,0.4892026484012604,0.5878243446350098,0.0615123026072979
YOR307C,YHR133C,0,2.6676102,0.4887966811656952,0.5878243446350098,0.0616123229265213
YDR438W,YIL004C,0,2.6656485,0.48839136958122253,0.5878243446350098,0.061712343245744705
YER005W,YOR067C,1,2.6645818,0.4888152480125427,0.5888223648071289,0.061712343245744705
YDR097C,YNL123W,0,2.663187,0.4884105920791626,0.5888223648071289,0.06181236356496811
YJL139C,YNR030W,1,2.6619372,0.4888337552547455,0.589820384979248,0.06181236356496811
YAR019C,YDR441C,0,2.6613789,0.4884297549724579,0.589820384979248,0.06191238388419151
YPL227C,YJL139C,1,2.6606355,0.48885220289230347,0.5908183455467224,0.06191238388419151
YBR110W,YER005W,1,2.6590471,0.48927393555641174,0.5918163657188416,0.06191238388419151
YJL008C,YBR070C,0,2.65891,0.4888705611228943,0.5918163657188416,0.06201240420341492
YBR189W,YIL085C,0,2.6554222,0.48846787214279175,0.5918163657188416,0.06211242079734802
YIL014W,YNR030W,1,2.6547909,0.4888888895511627,0.5928143858909607,0.06211242079734802
YDR406W,YJR113C,0,2.6542282,0.4884868562221527,0.5928143858909607,0.062212441116571426
YOL149W,YMR230W,0,2.650024,0.48808544874191284,0.5928143858909607,0.06231246143579483
YML115C,YBL020W,1,2.6475043,0.4885057508945465,0.5938123464584351,0.06231246143579483
YML124C,YIL106W,0,2.6468143,0.48810499906539917,0.5938123464584351,0.062412481755018234
YBL078C,YJR076C,0,2.6462097,0.48770493268966675,0.5938123464584351,0.06251250207424164
YML016C,YNL005C,0,2.646092,0.48730549216270447,0.5938123464584351,0.06261252611875534
YGL226C-A,YGL027C,1,2.6457617,0.48772504925727844,0.5948103666305542,0.06261252611875534
YBR085W,YPL233W,0,2.645408,0.4873262345790863,0.5948103666305542,0.06271254271268845
YDR432W,YLR133W,0,2.6440015,0.4869281053543091,0.5948103666305542,0.06281255930662155
YGR199W,YML019W,1,2.6430082,0.48734694719314575,0.5958083868026733,0.06281255930662155
YOR073W,YJL154C,0,2.6379163,0.48694944381713867,0.5958083868026733,0.06291258335113525
YPR023C,YAR008W,0,2.6371489,0.48655256628990173,0.5958083868026733,0.06301259994506836
YMR109W,YKR065C,0,2.6341133,0.4861563444137573,0.5958083868026733,0.06311262398958206
YNL219C,YBL020W,1,2.6331291,0.4865744411945343,0.5968064069747925,0.06311262398958206
YCR028C,YDL020C,0,2.6325166,0.4861788749694824,0.5968064069747925,0.06321264058351517
YNL077W,YMR088C,0,2.632349,0.4857839047908783,0.5968064069747925,0.06331266462802887
YBL054W,YNL041C,0,2.631481,0.4853896200656891,0.5968064069747925,0.06341268122196198
YNL219C,YGL027C,1,2.6303158,0.48580697178840637,0.5978043675422668,0.06341268122196198
YBR015C,YJL183W,1,2.6283755,0.48622366786003113,0.598802387714386,0.06341268122196198
YGL167C,YBR243C,1,2.6270995,0.48663967847824097,0.5998004078865051,0.06341268122196198
YMR205C,YPL226W,0,2.6261377,0.4862459599971771,0.5998004078865051,0.06351270526647568
YGL238W,YJR158W,0,2.6260185,0.4858528673648834,0.5998004078865051,0.06361272186040878
YBR110W,YGL226C-A,1,2.624196,0.48626816272735596,0.6007984280586243,0.06361272186040878
YPR081C,YER025W,0,2.6240418,0.4858756959438324,0.6007984280586243,0.06371274590492249
YPL227C,YDL095W,1,2.6237297,0.4862903356552124,0.6017963886260986,0.06371274590492249
YBR110W,YGL027C,1,2.6233592,0.4867042601108551,0.6027944087982178,0.06371274590492249
YDR443C,YDL236W,0,2.622867,0.4863123893737793,0.6027944087982178,0.06381276249885559
YOR233W,YPL178W,0,2.619395,0.48592114448547363,0.6027944087982178,0.0639127790927887
YJL148W,YPL117C,0,2.6161017,0.4855305552482605,0.6027944087982178,0.0640128031373024
YDL014W,YLR172C,0,2.610311,0.4851405620574951,0.6027944087982178,0.0641128197312355
YMR101C,YML019W,1,2.61018,0.4855537712574005,0.6037924289703369,0.0641128197312355
YBR169C,YLR381W,0,2.6093783,0.4851644039154053,0.6037924289703369,0.0642128437757492
YBR002C,YBR015C,1,2.60784,0.48557692766189575,0.6047903895378113,0.0642128437757492
YHR010W,YDR329C,0,2.6077933,0.48518815636634827,0.6047903895378113,0.06431286036968231
YNL148C,YNL116W,0,2.6030145,0.4848000109195709,0.6047903895378113,0.06441288441419601
YNL091W,YOR198C,0,2.601573,0.48441246151924133,0.6047903895378113,0.06451290100812912
YPL053C,YBR015C,1,2.6013668,0.4848242700099945,0.6057884097099304,0.06451290100812912
YNL148C,YMR208W,0,2.5998015,0.48443734645843506,0.6057884097099304,0.06461292505264282
YMR292W,YOR229W,0,2.5961833,0.48405104875564575,0.6057884097099304,0.06471294164657593
YIL014W,YDR414C,1,2.5919917,0.4844621419906616,0.6067864298820496,0.06471294164657593
YLR336C,YGR092W,0,2.5919888,0.48407644033432007,0.6067864298820496,0.06481296569108963
YBL003C,YEL064C,0,2.5903041,0.48369133472442627,0.6067864298820496,0.06491298228502274
YDL191W,YDR097C,0,2.5884438,0.4833068251609802,0.6067864298820496,0.06501299887895584
YBR243C,YPR183W,1,2.5880654,0.4837172329425812,0.6077844500541687,0.06501299887895584
YNL148C,YPL235W,0,2.587325,0.4833333194255829,0.6077844500541687,0.06511302292346954
YHR031C,YEL051W,0,2.5868845,0.48295003175735474,0.6077844500541687,0.06521303951740265
YPL227C,YGR036C,1,2.580178,0.48335975408554077,0.6087824106216431,0.06521303951740265
YNL162W,YMR211W,0,2.5801759,0.482977032661438,0.6087824106216431,0.06531306356191635
YEL038W,YPR132W,0,2.5766244,0.48259493708610535,0.6087824106216431,0.06541308015584946
YGL047W,YKL035W,1,2.5752115,0.4830039441585541,0.6097804307937622,0.06541308015584946
YGR199W,YAL023C,1,2.574891,0.48341232538223267,0.6107784509658813,0.06541308015584946
YDR456W,YGR218W,0,2.5729227,0.4830307960510254,0.6107784509658813,0.06551310420036316
YNL219C,YER003C,1,2.57239,0.48343849182128906,0.6117764711380005,0.06551310420036316
YOR173W,YPL237W,0,2.5721974,0.48305752873420715,0.6117764711380005,0.06561312079429626
YNL029C,YGR227W,1,2.5715165,0.4834645688533783,0.6127744317054749,0.06561312079429626
YGR199W,YOR103C,1,2.5695581,0.4838709533214569,0.613772451877594,0.06561312079429626
YBR237W,YPL063W,0,2.5686607,0.48349055647850037,0.613772451877594,0.06571314483880997
YBL020W,YGL038C,1,2.5676718,0.48389631509780884,0.6147704720497131,0.06571314483880997
YAR015W,YGR183C,0,2.5642366,0.48351648449897766,0.6147704720497131,0.06581316143274307
YMR298W,YNL315C,0,2.5632105,0.48313724994659424,0.6147704720497131,0.06591318547725677
YGR253C,YPL220W,0,2.5611196,0.48275861144065857,0.6147704720497131,0.06601320207118988
YML106W,YDL165W,0,2.558321,0.48238056898117065,0.6147704720497131,0.06611322611570358
YAL010C,YFR032C-A,0,2.5572886,0.4820031225681305,0.6147704720497131,0.06621324270963669
YLL013C,YPL091W,0,2.55646,0.4816262722015381,0.6147704720497131,0.0663132593035698
YHR114W,YIL124W,0,2.5553787,0.48124998807907104,0.6147704720497131,0.0664132833480835
YIL162W,YGL115W,0,2.553082,0.48087432980537415,0.6147704720497131,0.0665132999420166
YOR103C,YJL002C,1,2.5519967,0.48127925395965576,0.6157684922218323,0.0665132999420166
YDL174C,YOR227W,0,2.551896,0.48090413212776184,0.6157684922218323,0.0666133239865303
YDL193W,YKL035W,1,2.550725,0.4813084006309509,0.6167664527893066,0.0666133239865303
YLR048W,YDR440W,0,2.5466762,0.4809338450431824,0.6167664527893066,0.06671334058046341
YFL037W,YKL163W,0,2.540993,0.4805598855018616,0.6167664527893066,0.06681336462497711
YCR054C,YOR118W,0,2.5400424,0.48018649220466614,0.6167664527893066,0.06691338121891022
YJR131W,YKL035W,1,2.5399568,0.4805900752544403,0.6177644729614258,0.06691338121891022
YER056C-A,YER095W,0,2.5399027,0.48021721839904785,0.6177644729614258,0.06701340526342392
YDR483W,YDL193W,1,2.5389686,0.4806201457977295,0.6187624931335449,0.06701340526342392
YPL266W,YER031C,0,2.5366406,0.4802478551864624,0.6187624931335449,0.06711342185735703
YDR168W,YGL027C,0,2.5360124,0.47987616062164307,0.6187624931335449,0.06721344590187073
YFL004W,YIL052C,0,2.5354078,0.4795050323009491,0.6187624931335449,0.06731346249580383
YMR055C,YOL103W,0,2.533531,0.4791344702243805,0.6187624931335449,0.06741347908973694
YPL221W,YHR194W,0,2.532806,0.47876447439193726,0.6187624931335449,0.06751350313425064
YNL220W,YJR126C,0,2.5324295,0.4783950746059418,0.6187624931335449,0.06761351972818375
YBR205W,YGR200C,0,2.5317175,0.47802621126174927,0.6187624931335449,0.06771354377269745
YPR128C,YNL254C,0,2.5295753,0.4776579439640045,0.6187624931335449,0.06781356036663055
YBR029C,YML104C,0,2.527554,0.47729021310806274,0.6187624931335449,0.06791358441114426
YJL108C,YOR332W,0,2.5270493,0.4769230782985687,0.6187624931335449,0.06801360100507736
YPR103W,YJR158W,0,2.5238218,0.4765565097332001,0.6187624931335449,0.06811362504959106
YBR243C,YDR414C,1,2.5227265,0.4769585132598877,0.6197604537010193,0.06811362504959106
YMR205C,YKL132C,0,2.5213163,0.476592481136322,0.6197604537010193,0.06821364164352417
YJR137C,YER020W,0,2.5207264,0.4762269854545593,0.6197604537010193,0.06831366568803787
YJL180C,YJR025C,0,2.5160823,0.475862056016922,0.6197604537010193,0.06841368228197098
YIL113W,YIL110W,0,2.513639,0.47549769282341003,0.6197604537010193,0.06851370632648468
YDR256C,YHR143W-A,0,2.5128734,0.47513389587402344,0.6197604537010193,0.06861372292041779
YMR150C,YML088W,0,2.5097475,0.4747706353664398,0.6197604537010193,0.06871373951435089
YDL103C,YPL079W,0,2.509008,0.47440794110298157,0.6197604537010193,0.0688137635588646
YGL156W,YHR001W-A,0,2.5060005,0.4740458130836487,0.6197604537010193,0.0689137801527977
YML115C,YIL014W,1,2.5046854,0.47444698214530945,0.6207584738731384,0.0689137801527977
YJL125C,YDR100W,0,2.5044098,0.47408536076545715,0.6207584738731384,0.0690138041973114
YBR110W,YOR336W,1,2.5043254,0.4744859039783478,0.6217564940452576,0.0690138041973114
YBR253W,YDR303C,0,2.5016458,0.47412481904029846,0.6217564940452576,0.0691138207912445
YDR388W,YGL077C,0,2.500597,0.4737642705440521,0.6217564940452576,0.06921384483575821
YAR015W,YML061C,0,2.4978423,0.47340425848960876,0.6217564940452576,0.06931386142969131
YIL014W,YJL139C,1,2.4964724,0.4738040864467621,0.6227545142173767,0.06931386142969131
YHR142W,YIL036W,0,2.4945984,0.4734446108341217,0.6227545142173767,0.06941388547420502
YNL316C,YDR438W,0,2.4939442,0.4730856716632843,0.6227545142173767,0.06951390206813812
YPL227C,YJL183W,1,2.492886,0.4734848439693451,0.6237524747848511,0.06951390206813812
YPR145W,YLR131C,0,2.4907026,0.4731264114379883,0.6237524747848511,0.06961392611265182
YIL147C,YPR042C,0,2.4894962,0.47276854515075684,0.6237524747848511,0.06971394270658493
YOL016C,YDR023W,0,2.4885435,0.472411185503006,0.6237524747848511,0.06981395930051804
YGL167C,YML019W,1,2.4880607,0.47280967235565186,0.6247504949569702,0.06981395930051804
YGR199W,YBR015C,1,2.4879546,0.4732075333595276,0.6257485151290894,0.06981395930051804
YDR221W,YGL226C-A,1,2.4875188,0.47360482811927795,0.6267465353012085,0.06981395930051804
YMR092C,YGL022W,0,2.4853277,0.4732479155063629,0.6267465353012085,0.06991398334503174
YDL092W,YDR294C,0,2.4809108,0.47289156913757324,0.6267465353012085,0.07001399993896484
YGL100W,YJR067C,0,2.480148,0.47253572940826416,0.6267465353012085,0.07011402398347855
YGL016W,YOR253W,0,2.4789019,0.47218045592308044,0.6267465353012085,0.07021404057741165
YPR081C,YLL039C,0,2.4788308,0.4718256890773773,0.6267465353012085,0.07031406462192535
YDR204W,YDR437W,0,2.4774594,0.4714714586734772,0.6267465353012085,0.07041408121585846
YGL087C,YNR043W,0,2.4768078,0.47111776471138,0.6267465353012085,0.07051410526037216
YPL227C,YBL082C,1,2.4743834,0.4715142548084259,0.6277444958686829,0.07051410526037216
YER007W,YBR102C,0,2.4736915,0.47116103768348694,0.6277444958686829,0.07061412185430527
YNL080C,YAL023C,1,2.4725838,0.4715568721294403,0.628742516040802,0.07061412185430527
YEL036C,YOR085W,1,2.472457,0.4719521403312683,0.6297405362129211,0.07061412185430527
YEL002C,YNL080C,1,2.471168,0.47234678268432617,0.6307384967803955,0.07061412185430527
YNL275W,YPL160W,0,2.4708638,0.471994012594223,0.6307384967803955,0.07071414589881897
YDR228C,YDR529C,0,2.4648633,0.47164177894592285,0.6307384967803955,0.07081416249275208
YMR101C,YGR227W,1,2.4648232,0.47203579545021057,0.6317365169525146,0.07081416249275208
YDR478W,YNL263C,0,2.4646974,0.471684068441391,0.6317365169525146,0.07091418653726578
YPR058W,YGR048W,0,2.4644265,0.471332848072052,0.6317365169525146,0.07101420313119888
YDR322W,YNL325C,0,2.464123,0.4709821343421936,0.6317365169525146,0.07111421972513199
YCR024C,YBR279W,0,2.4640472,0.4706319570541382,0.6317365169525146,0.07121424376964569
YAR018C,YKL167C,0,2.4638088,0.47028231620788574,0.6317365169525146,0.0713142603635788
YHL001W,YPR061C,0,2.4630837,0.4699331820011139,0.6317365169525146,0.0714142844080925
YEL031W,YGL027C,1,2.4623175,0.47032642364501953,0.6327345371246338,0.0714142844080925
YBR162C,YOR250C,0,2.461548,0.4699777662754059,0.6327345371246338,0.0715143010020256
YER003C,YOL154W,0,2.4612846,0.4696296155452728,0.6327345371246338,0.0716143250465393
YCR020C,YER131W,0,2.4602137,0.46928200125694275,0.6327345371246338,0.07171434164047241
YNL020C,YGL245W,0,2.4598188,0.46893492341041565,0.6327345371246338,0.07181436568498611
YMR125W,YDL235C,0,2.4576988,0.46858832240104675,0.6327345371246338,0.07191438227891922
YDR221W,YOR336W,1,2.456781,0.4689807891845703,0.6337325572967529,0.07191438227891922
YCR069W,YOR233W,0,2.4544277,0.468634694814682,0.6337325572967529,0.07201440632343292
YML104C,YDL066W,0,2.454132,0.4682890772819519,0.6337325572967529,0.07211442291736603
YDL168W,YGL245W,0,2.4501367,0.4679439961910248,0.6337325572967529,0.07221443951129913
YML115C,YBR199W,1,2.4476917,0.4683357775211334,0.6347305178642273,0.07221443951129913
YOR284W,YPL053C,0,2.445733,0.4679911732673645,0.6347305178642273,0.07231446355581284
YGR109C,YJL001W,0,2.4442816,0.4676470458507538,0.6347305178642273,0.07241448014974594
YBR078W,YLR310C,0,2.4425762,0.46730345487594604,0.6347305178642273,0.07251450419425964
YGL167C,YJL002C,1,2.4420664,0.46769458055496216,0.6357285380363464,0.07251450419425964
YIL085C,YNR059W,1,2.4378035,0.4680851101875305,0.6367265582084656,0.07251450419425964
YCR067C,YOR179C,0,2.437057,0.4677419364452362,0.6367265582084656,0.07261452078819275
YGL208W,YMR036C,0,2.434657,0.4673992693424225,0.6367265582084656,0.07271454483270645
YMR251W-A,YMR216C,0,2.4334567,0.46705710887908936,0.6367265582084656,0.07281456142663956
YAL044C,YIL156W,0,2.4320893,0.46671542525291443,0.6367265582084656,0.07291458547115326
YKL213C,YPL012W,0,2.4307823,0.4663742780685425,0.6367265582084656,0.07301460206508636
YGR132C,YMR224C,0,2.4299607,0.46603360772132874,0.6367265582084656,0.07311462610960007
YER041W,YDR540C,0,2.4280882,0.4656934440135956,0.6367265582084656,0.07321464270353317
YJL170C,YKL176C,0,2.427754,0.46535375714302063,0.6367265582084656,0.07331465929746628
YBL037W,YOL116W,0,2.4275494,0.46501457691192627,0.6367265582084656,0.07341468334197998
YNL180C,YER036C,0,2.4257061,0.4646759033203125,0.6367265582084656,0.07351469993591309
YNL216W,YPL037C,0,2.4219182,0.46433770656585693,0.6367265582084656,0.07361472398042679
YOL031C,YDR261C,0,2.4213793,0.46399998664855957,0.6367265582084656,0.0737147405743599
YBR199W,YKL035W,1,2.421351,0.46438953280448914,0.6377245783805847,0.0737147405743599
YLR118C,YMR161W,0,2.4196062,0.46405228972435,0.6377245783805847,0.0738147646188736
YGL156W,YLR058C,0,2.418212,0.463715523481369,0.6377245783805847,0.0739147812128067
YIL111W,YDR237W,0,2.4180555,0.46337926387786865,0.6377245783805847,0.0740148052573204
YDR264C,YOR224C,0,2.4138093,0.4630434811115265,0.6377245783805847,0.07411482185125351
YNL280C,YER102W,0,2.4121814,0.46270817518234253,0.6377245783805847,0.07421484589576721
YDL112W,YOL130W,0,2.4110575,0.46237337589263916,0.6377245783805847,0.07431486248970032
YPL152W,YMR127C,0,2.4043317,0.462039053440094,0.6377245783805847,0.07441488653421402
YPR028W,YPR017C,0,2.3970761,0.46170520782470703,0.6377245783805847,0.07451490312814713
YER005W,YBR070C,1,2.396226,0.46209385991096497,0.6387225389480591,0.07451490312814713
YML129C,YER070W,0,2.3951797,0.4617604613304138,0.6387225389480591,0.07461491972208023
YOL128C,YDR036C,0,2.3950133,0.4614275395870209,0.6387225389480591,0.07471494376659393
YNL029C,YGL257C,1,2.3949533,0.46181556582450867,0.6397205591201782,0.07471494376659393
YER148W,YDL135C,0,2.3945968,0.46148309111595154,0.6397205591201782,0.07481496036052704
YNL005C,YPL169C,0,2.3886778,0.4611510932445526,0.6397205591201782,0.07491498440504074
YDR483W,YJL093C,0,2.3871315,0.4608195424079895,0.6397205591201782,0.07501500099897385
YOL149W,YDR447C,0,2.383284,0.460488498210907,0.6397205591201782,0.07511502504348755
YJR104C,YDR437W,0,2.3826852,0.46015793085098267,0.6397205591201782,0.07521504163742065
YBL027W,YFR038W,0,2.3808093,0.45982784032821655,0.6397205591201782,0.07531506568193436
YNL219C,YNL029C,1,2.3780553,0.4602150619029999,0.6407185792922974,0.07531506568193436
YDL093W,YPL230W,0,2.3762913,0.4598853886127472,0.6407185792922974,0.07541508227586746
YJR019C,YER041W,0,2.3754334,0.4595561921596527,0.6407185792922974,0.07551510632038116
YDR519W,YMR290C,0,2.3747525,0.45922747254371643,0.6407185792922974,0.07561512291431427
YGR260W,YPL156C,0,2.3739913,0.45889919996261597,0.6407185792922974,0.07571513950824738
YBR135W,YKL146W,0,2.3739376,0.4585714340209961,0.6407185792922974,0.07581516355276108
YNL189W,YNL005C,0,2.3738732,0.45824411511421204,0.6407185792922974,0.07591518014669418
YBR131W,YML048W,0,2.3731813,0.4579172730445862,0.6407185792922974,0.07601520419120789
YCR071C,YIL109C,0,2.372924,0.45759087800979614,0.6407185792922974,0.07611522078514099
YJL186W,YAL028W,0,2.3728147,0.4572649598121643,0.6407185792922974,0.0762152448296547
YFR007W,YLR221C,0,2.3725505,0.4569394886493683,0.6407185792922974,0.0763152614235878
YLR288C,YDL122W,0,2.3699954,0.45661452412605286,0.6407185792922974,0.0764152854681015
YFL037W,YDR025W,0,2.3604546,0.45628997683525085,0.6407185792922974,0.0765153020620346
YER070W,YBR214W,0,2.3578744,0.45596590638160706,0.6407185792922974,0.07661532610654831
YBR227C,YHR011W,0,2.356976,0.45564231276512146,0.6407185792922974,0.07671534270048141
YJR065C,YML048W,0,2.3567777,0.4553191363811493,0.6407185792922974,0.07681536674499512
YNR036C,YMR230W,0,2.356214,0.4549964666366577,0.6407185792922974,0.07691538333892822
YDR430C,YDL130W,0,2.355817,0.45467421412467957,0.6407185792922974,0.07701539993286133
YLR441C,YOR208W,0,2.3551674,0.4543524384498596,0.6407185792922974,0.07711542397737503
YBR243C,YGL225W,1,2.3546038,0.4547383189201355,0.6417165398597717,0.07711542397737503
YHR178W,YCR037C,0,2.3543293,0.454416960477829,0.6417165398597717,0.07721544057130814
YDR375C,YHR123W,0,2.3538802,0.4540960490703583,0.6417165398597717,0.07731546461582184
YOL152W,YGR234W,0,2.351934,0.4537755846977234,0.6417165398597717,0.07741548120975494
YIL014W,YIL085C,1,2.3505175,0.45416077971458435,0.6427145600318909,0.07741548120975494
YPR108W,YJL052W,0,2.3490407,0.4538407325744629,0.6427145600318909,0.07751550525426865
YJL136C,YHR091C,0,2.3477862,0.45352113246917725,0.6427145600318909,0.07761552184820175
YPL060W,YGR157W,0,2.3470998,0.4532019793987274,0.6427145600318909,0.07771554589271545
YER003C,YHL031C,0,2.3452623,0.4528832733631134,0.6427145600318909,0.07781556248664856
YMR149W,YFL031W,0,2.3420613,0.4525650143623352,0.6427145600318909,0.07791558653116226
YGL226C-A,YJR131W,1,2.3407707,0.4529494345188141,0.64371258020401,0.07791558653116226
YOR103C,YCR081W,0,2.3385582,0.4526315927505493,0.64371258020401,0.07801560312509537
YHR129C,YOR158W,0,2.3382568,0.452314168214798,0.64371258020401,0.07811561971902847
YBR201W,YLR150W,0,2.337221,0.45199719071388245,0.64371258020401,0.07821564376354218
YNR048W,YDL230W,0,2.334699,0.45168066024780273,0.64371258020401,0.07831566035747528
YIL031W,YDL110C,0,2.3337686,0.45136457681655884,0.64371258020401,0.07841568440198898
YDR430C,YLR378C,0,2.3325744,0.45104894042015076,0.64371258020401,0.07851570099592209
YOR103C,YDL232W,1,2.3322017,0.45143255591392517,0.6447106003761292,0.07851570099592209
YBR003W,YHR013C,0,2.3308682,0.45111730694770813,0.6447106003761292,0.07861572504043579
YDR221W,YKL035W,1,2.328252,0.4515003561973572,0.6457085609436035,0.07861572504043579
YDR110W,YIL017C,0,2.327288,0.4511854946613312,0.6457085609436035,0.0787157416343689
YGR286C,YGL116W,0,2.3264692,0.450871080160141,0.6457085609436035,0.0788157656788826
YDL145C,YMR161W,0,2.326447,0.4505571126937866,0.6457085609436035,0.0789157822728157
YNL072W,YDL243C,0,2.313937,0.4502435624599457,0.6457085609436035,0.0790158063173294
YJL139C,YBR199W,1,2.3087087,0.45062586665153503,0.6467065811157227,0.0790158063173294
YNR054C,YGR148C,0,2.3084543,0.45031270384788513,0.6467065811157227,0.07911582291126251
YHR114W,YPL210C,0,2.3081036,0.44999998807907104,0.6467065811157227,0.07921583950519562
YER021W,YOR195W,0,2.30786,0.4496877193450928,0.6467065811157227,0.07931586354970932
YKR039W,YMR081C,0,2.3050017,0.44937586784362793,0.6467065811157227,0.07941588014364243
YCR067C,YBL103C,0,2.302258,0.4490644633769989,0.6467065811157227,0.07951590418815613
YLR066W,YNR043W,0,2.3022523,0.4487534761428833,0.6467065811157227,0.07961592078208923
YGL038C,YOR085W,1,2.300913,0.4491349458694458,0.6477046012878418,0.07961592078208923
YPL176C,YDR341C,0,2.300836,0.44882434606552124,0.6477046012878418,0.07971594482660294
YER157W,YHR183W,0,2.2990332,0.4485141634941101,0.6477046012878418,0.07981596142053604
YKL051W,YOR182C,0,2.2983484,0.4482044279575348,0.6477046012878418,0.07991598546504974
YCR094W,YDL132W,0,2.2981524,0.4478951096534729,0.6477046012878418,0.08001600205898285
YOR367W,YDR390C,0,2.298027,0.44758620858192444,0.6477046012878418,0.08011602610349655
YGL167C,YGL257C,1,2.2978292,0.44796693325042725,0.6487026214599609,0.08011602610349655
YGL022W,YBR070C,1,2.2978225,0.4483471214771271,0.6497005820274353,0.08011602610349655
YOL105C,YOR332W,0,2.2972832,0.4480385482311249,0.6497005820274353,0.08021604269742966
YBR205W,YDL232W,1,2.296235,0.44841817021369934,0.6506986021995544,0.08021604269742966
YDL143W,YOR332W,0,2.295435,0.4481099545955658,0.6506986021995544,0.08031606674194336
YNL268W,YGL016W,0,2.2953415,0.44780218601226807,0.6506986021995544,0.08041608333587646
YML130C,YER146W,0,2.2924452,0.44749486446380615,0.6506986021995544,0.08051609992980957
YCR028C,YLR364W,0,2.2915485,0.4471879303455353,0.6506986021995544,0.08061612397432327
YGR240C,YLL006W,0,2.2899327,0.44688141345977783,0.6506986021995544,0.08071614056825638
YLR004C,YFL036W,0,2.2899194,0.4465753436088562,0.6506986021995544,0.08081616461277008
YDR179C,YER007C-A,0,2.289678,0.446269690990448,0.6506986021995544,0.08091618120670319
YPR036W,YLR277C,0,2.2885213,0.44596442580223083,0.6506986021995544,0.08101620525121689
YEL047C,YBL082C,0,2.2871423,0.4456596076488495,0.6506986021995544,0.08111622184515
YKL150W,YLR363C,0,2.2870762,0.4453551769256592,0.6506986021995544,0.0812162458896637
YMR013C,YBL082C,1,2.2854276,0.44573378562927246,0.6516966223716736,0.0812162458896637
YMR177W,YDR236C,0,2.2828374,0.4454297423362732,0.6516966223716736,0.0813162624835968
YML019W,YNR059W,1,2.2827744,0.4458077847957611,0.652694582939148,0.0813162624835968
YBR234C,YHR052W,0,2.281641,0.4455040991306305,0.652694582939148,0.0814162865281105
YNL020C,YLR115W,0,2.2812154,0.4452008306980133,0.652694582939148,0.08151630312204361
YDR390C,YBL016W,0,2.2809727,0.44489794969558716,0.652694582939148,0.08161631971597672
YOR103C,YDR414C,1,2.2763777,0.44527533650398254,0.6536926031112671,0.08161631971597672
YKR061W,YGR036C,1,2.2714193,0.44565218687057495,0.6546906232833862,0.08161631971597672
YBR199W,YER005W,1,2.2681985,0.4460285007953644,0.6556886434555054,0.08161631971597672
YAL047C,YDL147W,0,2.2675407,0.4457259178161621,0.6556886434555054,0.08171634376049042
YML001W,YGL253W,0,2.266148,0.4454237222671509,0.6556886434555054,0.08181636035442352
YPL050C,YJL002C,1,2.2648177,0.44579946994781494,0.6566866040229797,0.08181636035442352
YHR141C,YIL124W,0,2.2641904,0.44549763202667236,0.6566866040229797,0.08191638439893723
YLR265C,YDL122W,0,2.2640834,0.4451962113380432,0.6566866040229797,0.08201640099287033
YPL214C,YNL264C,0,2.2639356,0.4448952078819275,0.6566866040229797,0.08211642503738403
YML077W,YIL111W,0,2.2638593,0.4445945918560028,0.6566866040229797,0.08221644163131714
YDR005C,YGL107C,0,2.2611334,0.44429439306259155,0.6566866040229797,0.08231646567583084
YDR221W,YPL053C,1,2.2600718,0.44466936588287354,0.6576846241950989,0.08231646567583084
YBR210W,YNL055C,0,2.2591035,0.44436952471733093,0.6576846241950989,0.08241648226976395
YMR125W,YJR145C,0,2.2590525,0.44407007098197937,0.6576846241950989,0.08251650631427765
YML001W,YJL121C,0,2.2585163,0.44377103447914124,0.6576846241950989,0.08261652290821075
YHR215W,YDR238C,0,2.2574894,0.44347241520881653,0.6576846241950989,0.08271654695272446
YER004W,YGR257C,0,2.2568946,0.44317418336868286,0.6576846241950989,0.08281656354665756
YHR123W,YJR052W,0,2.254193,0.44287633895874023,0.6576846241950989,0.08291658014059067
YGR227W,YBR070C,1,2.2497149,0.44325050711631775,0.658682644367218,0.08291658014059067
YMR149W,YKL201C,1,2.2491193,0.4436241686344147,0.6596806645393372,0.08291658014059067
YOR321W,YBR110W,1,2.24719,0.443997323513031,0.6606786251068115,0.08291658014059067
YLR328W,YER100W,0,2.2456956,0.4436997175216675,0.6606786251068115,0.08301660418510437
YPR151C,YDL080C,0,2.2455304,0.44340255856513977,0.6606786251068115,0.08311662077903748
YKL213C,YHR013C,0,2.2424598,0.4431057572364807,0.6606786251068115,0.08321664482355118
YPR164W,YMR002W,0,2.241452,0.4428093731403351,0.6606786251068115,0.08331666141748428
YNL029C,YBR199W,1,2.2404847,0.4431818127632141,0.6616766452789307,0.08331666141748428
YPL227C,YBL020W,1,2.2404413,0.44355377554893494,0.6626746654510498,0.08331666141748428
YDR375C,YBR127C,0,2.2398872,0.4432576894760132,0.6626746654510498,0.08341668546199799
YJL174W,YNR045W,0,2.237208,0.4429619610309601,0.6626746654510498,0.08351670205593109
YDL095W,YJR035W,0,2.233901,0.4426666796207428,0.6626746654510498,0.0836167261004448
YOR103C,YMR149W,1,2.232565,0.4430379867553711,0.6636726260185242,0.0836167261004448
YDR471W,YCR091W,0,2.2322855,0.4427430033683777,0.6636726260185242,0.0837167426943779
YGL038C,YGL257C,1,2.2304857,0.443113774061203,0.6646706461906433,0.0837167426943779
YPL227C,YGL225W,1,2.2288537,0.44348403811454773,0.6656686663627625,0.0837167426943779
YNL286W,YBR235W,0,2.2278857,0.4431893825531006,0.6656686663627625,0.0838167667388916
YEL002C,YBR014C,0,2.226706,0.4428950846195221,0.6656686663627625,0.08391678333282471
YBL020W,YDL232W,1,2.226215,0.44326475262641907,0.6666666865348816,0.08391678333282471
YGL047W,YKR061W,1,2.2247899,0.44363394379615784,0.667664647102356,0.08391678333282471
YJR065C,YMR161W,0,2.2246485,0.4433399736881256,0.667664647102356,0.08401679992675781
YPL266W,YDR214W,0,2.2244425,0.44304636120796204,0.667664647102356,0.08411682397127151
YEL031W,YMR149W,1,2.2203894,0.44341495633125305,0.6686626672744751,0.08411682397127151
YEL002C,YIL066C,0,2.2159529,0.44312170147895813,0.6686626672744751,0.08421684056520462
YKL010C,YPR112C,0,2.2129533,0.44282880425453186,0.6686626672744751,0.08431686460971832
YDR412W,YDL212W,0,2.2115781,0.442536324262619,0.6686626672744751,0.08441688120365143
YDR103W,YNL286W,0,2.2111917,0.4422442317008972,0.6686626672744751,0.08451690524816513
YPL050C,YNL029C,1,2.210934,0.4426121413707733,0.6696606874465942,0.08451690524816513
YOR336W,YJL186W,1,2.209396,0.4429795742034912,0.6706587076187134,0.08451690524816513
YOR321W,YGL167C,1,2.2056851,0.4433465003967285,0.6716566681861877,0.08451690524816513
YGR195W,YBL056W,0,2.203967,0.4430546462535858,0.6716566681861877,0.08461692184209824
YMR043W,YDR231C,0,2.201877,0.44276314973831177,0.6716566681861877,0.08471694588661194
YLR233C,YBR126C,0,2.201714,0.44247207045555115,0.6716566681861877,0.08481696248054504
YGR165W,YGL028C,0,2.20153,0.4421813488006592,0.6716566681861877,0.08491698652505875
YPL227C,YOR320C,1,2.2007496,0.44254758954048157,0.6726546883583069,0.08491698652505875
YNL048W,YPL050C,1,2.1991997,0.44291338324546814,0.673652708530426,0.08491698652505875
YBL019W,YBR127C,0,2.1941268,0.44262295961380005,0.673652708530426,0.08501700311899185
YMR101C,YOR321W,1,2.1930861,0.44298821687698364,0.6746506690979004,0.08501700311899185
YGR199W,YDR483W,1,2.192918,0.44335296750068665,0.6756486892700195,0.08501700311899185
YPL057C,YHR006W,0,2.1913252,0.44306284189224243,0.6756486892700195,0.08511701971292496
YLR212C,YHL006C,0,2.1910746,0.4427730441093445,0.6756486892700195,0.08521704375743866
YOR109W,YER131W,0,2.1905332,0.44248366355895996,0.6756486892700195,0.08531706035137177
YOR033C,YLR192C,0,2.1905127,0.4421946406364441,0.6756486892700195,0.08541708439588547
YHR216W,YLR054C,0,2.1900756,0.44190600514411926,0.6756486892700195,0.08551710098981857
YMR277W,YDL230W,0,2.1875186,0.4416177570819855,0.6756486892700195,0.08561712503433228
YMR026C,YLR390W-A,0,2.1847982,0.44132986664772034,0.6756486892700195,0.08571714162826538
YFR010W,YPR025C,0,2.1843383,0.44104233384132385,0.6756486892700195,0.08581716567277908
YBR015C,YKL201C,1,2.1814854,0.44140625,0.6766467094421387,0.08581716567277908
YKR064W,YKL039W,0,2.1765566,0.44111907482147217,0.6766467094421387,0.08591718226671219
YJL139C,YGL047W,1,2.176227,0.44148245453834534,0.6776447296142578,0.08591718226671219
YOR312C,YDR381W,0,2.1742325,0.4411955773830414,0.6776447296142578,0.08601720631122589
YDR483W,YGR036C,1,2.1711884,0.44155845046043396,0.6786426901817322,0.08601720631122589
YOR136W,YGR092W,0,2.169618,0.44127190113067627,0.6786426901817322,0.086117222905159
YMR224C,YMR012W,0,2.1659315,0.4409857392311096,0.6786426901817322,0.0862172469496727
YNL025C,YER164W,0,2.1648178,0.4406999349594116,0.6786426901817322,0.0863172635436058
YBR185C,YBR286W,0,2.164114,0.44041451811790466,0.6786426901817322,0.08641728013753891
YBR133C,YNR055C,0,2.1638846,0.44012945890426636,0.6786426901817322,0.08651730418205261
YPL194W,YPL090C,0,2.1611555,0.4398447573184967,0.6786426901817322,0.08661732077598572
YGR199W,YJR131W,1,2.1591573,0.4402068555355072,0.6796407103538513,0.08661732077598572
YBL020W,YJL186W,1,2.1585708,0.4405684769153595,0.6806387305259705,0.08661732077598572
YCR054C,YBL063W,0,2.158174,0.44028404355049133,0.6806387305259705,0.08671734482049942
YDR302W,YPL028W,0,2.1546783,0.4399999976158142,0.6806387305259705,0.08681736141443253
YDR434W,YOR133W,0,2.1545956,0.43971630930900574,0.6806387305259705,0.08691738545894623
YFR028C,YGR078C,0,2.1542559,0.4394329786300659,0.6806387305259705,0.08701740205287933
YBR045C,YNL119W,0,2.1530986,0.43915003538131714,0.6806387305259705,0.08711742609739304
YMR035W,YBR293W,0,2.15235,0.438867449760437,0.6806387305259705,0.08721744269132614
YPR118W,YNR008W,0,2.1523352,0.43858522176742554,0.6806387305259705,0.08731746673583984
YMR312W,YER001W,0,2.1480808,0.4383033514022827,0.6806387305259705,0.08741748332977295
YPL224C,YER016W,0,2.1436372,0.43802183866500854,0.6806387305259705,0.08751749992370605
YNL243W,YOL095C,0,2.143591,0.437740683555603,0.6806387305259705,0.08761752396821976
YLL026W,YOR320C,0,2.1425204,0.43745991587638855,0.6806387305259705,0.08771754056215286
YOR278W,YOL056W,0,2.1412807,0.43717947602272034,0.6806387305259705,0.08781756460666656
YBR003W,YHR052W,0,2.1401489,0.43689942359924316,0.6806387305259705,0.08791758120059967
YEL036C,YDR414C,1,2.1397545,0.4372599124908447,0.6816367506980896,0.08791758120059967
YNL164C,YDL100C,0,2.138865,0.43698015809059143,0.6816367506980896,0.08801760524511337
YDR105C,YER112W,0,2.137285,0.4367007613182068,0.6816367506980896,0.08811762183904648
YMR101C,YOR085W,1,2.13532,0.43706071376800537,0.682634711265564,0.08811762183904648
YMR220W,YIL131C,0,2.1344142,0.4367816150188446,0.682634711265564,0.08821764588356018
YEL031W,YNR059W,1,2.128767,0.4371410310268402,0.6836327314376831,0.08821764588356018
YML069W,YOR205C,0,2.1285303,0.4368622303009033,0.6836327314376831,0.08831766247749329
YBL027W,YNL156C,0,2.127936,0.43658381700515747,0.6836327314376831,0.08841768652200699
YOR081C,YLR299W,0,2.127823,0.4363057315349579,0.6836327314376831,0.0885177031159401
YDR395W,YDR214W,0,2.1266463,0.43602800369262695,0.6836327314376831,0.0886177271604538
YAR033W,YML121W,0,2.1262288,0.4357506334781647,0.6836327314376831,0.0887177437543869
YGR023W,YER166W,0,2.1247692,0.43547362089157104,0.6836327314376831,0.08881776034832001
YGL166W,YAL005C,0,2.1242528,0.4351969361305237,0.6836327314376831,0.08891778439283371
YPL050C,YIL014W,1,2.1234448,0.4355555474758148,0.6846307516098022,0.08891778439283371
YOR092W,YBL040C,0,2.12278,0.4352791905403137,0.6846307516098022,0.08901780098676682
YBR018C,YHR017W,0,2.122098,0.4350031614303589,0.6846307516098022,0.08911782503128052
YCR024C-A,YML019W,0,2.122013,0.4347274899482727,0.6846307516098022,0.08921784162521362
YIL085C,YOR090C,0,2.1214528,0.4344521760940552,0.6846307516098022,0.08931786566972733
YBR205W,YOR322C,0,2.1208901,0.4341772198677063,0.6846307516098022,0.08941788226366043
YDR221W,YDR414C,1,2.1203375,0.43453511595726013,0.6856287717819214,0.08941788226366043
YBR085W,YGR094W,0,2.1202989,0.43426042795181274,0.6856287717819214,0.08951790630817413
YGR227W,YNR059W,1,2.1198065,0.434617817401886,0.6866267323493958,0.08951790630817413
YGL031C,YOR321W,0,2.1190367,0.4343434274196625,0.6866267323493958,0.08961792290210724
YMR195W,YIL150C,0,2.1168401,0.4340693950653076,0.6866267323493958,0.08971794694662094
YER095W,YLR449W,0,2.1160402,0.4337957203388214,0.6866267323493958,0.08981796354055405
YLR239C,YPL207W,0,2.1144264,0.43352237343788147,0.6866267323493958,0.08991798013448715
YMR080C,YDR084C,0,2.1087964,0.4332493841648102,0.6866267323493958,0.09001800417900085
YOR334W,YDR238C,0,2.1075358,0.43297672271728516,0.6866267323493958,0.09011802077293396
YNL065W,YDL005C,0,2.1066077,0.4327043890953064,0.6866267323493958,0.09021804481744766
YHR072W,YAL059W,0,2.1063924,0.4324324429035187,0.6866267323493958,0.09031806141138077
YDR276C,YDL105W,0,2.1042929,0.43216079473495483,0.6866267323493958,0.09041808545589447
YLR058C,YPL017C,0,2.1040235,0.43188950419425964,0.6866267323493958,0.09051810204982758
YIL051C,YNL218W,0,2.1003907,0.4316185712814331,0.6866267323493958,0.09061812609434128
YBL075C,YGR098C,0,2.0993092,0.43134796619415283,0.6866267323493958,0.09071814268827438
YDR065W,YLR276C,0,2.0987015,0.4310776889324188,0.6866267323493958,0.09081816673278809
YOL109W,YML041C,0,2.0984392,0.43080776929855347,0.6866267323493958,0.09091818332672119
YBR050C,YGR024C,0,2.0977445,0.4305381774902344,0.6866267323493958,0.0910181999206543
YGR212W,YNR026C,0,2.0963163,0.43026891350746155,0.6866267323493958,0.091118223965168
YER106W,YMR251W-A,0,2.0951374,0.4300000071525574,0.6866267323493958,0.0912182405591011
YBR107C,YDL066W,0,2.094068,0.42973142862319946,0.6866267323493958,0.09131826460361481
YNL219C,YIL014W,1,2.0917547,0.4300873875617981,0.6876247525215149,0.09131826460361481
YHR203C,YOL121C,0,2.0911136,0.4298190772533417,0.6876247525215149,0.09141828119754791
YGR199W,YBL082C,1,2.0910654,0.4301745593547821,0.688622772693634,0.09141828119754791
YGL100W,YPL212C,0,2.0909038,0.42990654706954956,0.688622772693634,0.09151830524206161
YIL130W,YPR175W,0,2.0897818,0.4296388626098633,0.688622772693634,0.09161832183599472
YCR065W,YHR116W,0,2.0872304,0.42937150597572327,0.688622772693634,0.09171834588050842
YMR271C,YFR032C-A,0,2.0869462,0.4291044771671295,0.688622772693634,0.09181836247444153
YMR116C,YLR181C,0,2.0869074,0.42883777618408203,0.688622772693634,0.09191838651895523
YPL227C,YPR183W,1,2.0860543,0.42919254302978516,0.6896207332611084,0.09191838651895523
YEL036C,YBR015C,1,2.0847383,0.42954686284065247,0.6906187534332275,0.09191838651895523
YPR131C,YOL030W,0,2.0843987,0.4292804002761841,0.6906187534332275,0.09201840311288834
YJL048C,YBR009C,0,2.0834742,0.42901426553726196,0.6906187534332275,0.09211842715740204
YJL002C,YMR149W,1,2.0831373,0.4293680191040039,0.6916167736053467,0.09211842715740204
YOL146W,YBR122C,0,2.0827599,0.4291021525859833,0.6916167736053467,0.09221844375133514
YGL011C,YJL072C,0,2.0821059,0.4288366436958313,0.6916167736053467,0.09231846034526825
YKL156W,YDR237W,0,2.0816903,0.4285714328289032,0.6916167736053467,0.09241848438978195
YOL021C,YLR006C,0,2.0802822,0.42830654978752136,0.6916167736053467,0.09251850098371506
YBL020W,YBL082C,1,2.0801435,0.42865967750549316,0.6926147937774658,0.09251850098371506
YPL227C,YHR128W,0,2.0794618,0.4283950626850128,0.6926147937774658,0.09261852502822876
YML126C,YPL079W,0,2.0794065,0.42813077569007874,0.6926147937774658,0.09271854162216187
YDR326C,YGR165W,0,2.0790267,0.4278668165206909,0.6926147937774658,0.09281856566667557
YER129W,YOR080W,0,2.0785356,0.42760321497917175,0.6926147937774658,0.09291858226060867
YBR086C,YLR333C,0,2.0766673,0.42733991146087646,0.6926147937774658,0.09301860630512238
YDL243C,YPL160W,0,2.0745835,0.42707693576812744,0.6926147937774658,0.09311862289905548
YIL014W,YGR227W,1,2.0722096,0.42742928862571716,0.6936127543449402,0.09311862289905548
YOR341W,YBR244W,0,2.0695555,0.42716655135154724,0.6936127543449402,0.09321864694356918
YOL080C,YJR059W,0,2.0689378,0.42690417170524597,0.6936127543449402,0.09331866353750229
YBR035C,YLL062C,0,2.0659184,0.42664211988449097,0.6936127543449402,0.0934186801314354
YPL095C,YBR231C,0,2.0629878,0.42638036608695984,0.6936127543449402,0.0935187041759491
YER133W,YML043C,0,2.0626373,0.426118940114975,0.6936127543449402,0.0936187207698822
YBR193C,YOR044W,0,2.060307,0.4258578419685364,0.6936127543449402,0.0937187448143959
YML120C,YOR306C,0,2.0568585,0.42559707164764404,0.6936127543449402,0.09381876140832901
YOR224C,YDL229W,0,2.0559049,0.4253365993499756,0.6936127543449402,0.09391878545284271
YGR165W,YML107C,0,2.0528564,0.4250764548778534,0.6936127543449402,0.09401880204677582
YOR197W,YBR293W,0,2.0500293,0.42481663823127747,0.6936127543449402,0.09411882609128952
YNR037C,YCL033C,0,2.0491607,0.4245571196079254,0.6936127543449402,0.09421884268522263
YDL043C,YDR363W-A,0,2.0466862,0.42429792881011963,0.6936127543449402,0.09431886672973633
YLR223C,YFL018C,0,2.0460784,0.4240390360355377,0.6936127543449402,0.09441888332366943
YGR223C,YPL265W,0,2.0448837,0.42378050088882446,0.6936127543449402,0.09451890736818314
YDR150W,YIL110W,0,2.0433304,0.4235222339630127,0.6936127543449402,0.09461892396211624
YEL031W,YKR061W,1,2.0397253,0.42387333512306213,0.6946107745170593,0.09461892396211624
YOR002W,YOR320C,1,2.0394328,0.42422398924827576,0.6956087946891785,0.09461892396211624
YBL055C,YLL021W,0,2.0386865,0.4239659309387207,0.6956087946891785,0.09471894055604935
YCL038C,YOL007C,0,2.0364876,0.4237082004547119,0.6956087946891785,0.09481896460056305
YGR227W,YDL193W,1,2.036203,0.42405831813812256,0.6966068148612976,0.09481896460056305
YLR192C,YGL044C,0,2.0361311,0.42380085587501526,0.6966068148612976,0.09491898119449615
YGL257C,YLR155C,0,2.0341656,0.42354369163513184,0.6966068148612976,0.09501900523900986
YJL189W,YPL024W,0,2.0339355,0.4232868552207947,0.6966068148612976,0.09511902183294296
YBL020W,YDR414C,1,2.031983,0.42363637685775757,0.697604775428772,0.09511902183294296
YBR162W-A,YBR299W,0,2.03027,0.4233797788619995,0.697604775428772,0.09521904587745667
YFL024C,YOL095C,0,2.0299797,0.42312347888946533,0.697604775428772,0.09531906247138977
YBL027W,YGL077C,0,2.028473,0.4228675067424774,0.697604775428772,0.09541908651590347
YJR132W,YDR438W,0,2.0283926,0.42261186242103577,0.697604775428772,0.09551910310983658
YIL008W,YMR048W,0,2.0263917,0.4223564863204956,0.697604775428772,0.09561912715435028
YDR315C,YDR086C,0,2.0260954,0.4221014380455017,0.697604775428772,0.09571914374828339
YEL058W,YGL173C,0,2.02525,0.4218467175960541,0.697604775428772,0.09581916034221649
YDR044W,YPL091W,0,2.0245533,0.42159226536750793,0.697604775428772,0.0959191843867302
YKL194C,YHR206W,0,2.0241308,0.42133814096450806,0.697604775428772,0.0960192009806633
YBR166C,YPR175W,0,2.0239449,0.42108434438705444,0.697604775428772,0.096119225025177
YER118C,YNL090W,0,2.0230186,0.4208308160305023,0.697604775428772,0.09621924161911011
YHR026W,YKL046C,0,2.0221984,0.42057761549949646,0.697604775428772,0.09631926566362381
YEL002C,YGL226C-A,1,2.0209365,0.420926034450531,0.6986027956008911,0.09631926566362381
YJR102C,YOR233W,0,2.019486,0.42067307233810425,0.6986027956008911,0.09641928225755692
YLR355C,YDR162C,0,2.0173616,0.42042040824890137,0.6986027956008911,0.09651930630207062
YHR110W,YDL098C,0,2.0171123,0.42016807198524475,0.6986027956008911,0.09661932289600372
YDR177W,YDR376W,0,2.0165973,0.4199160039424896,0.6986027956008911,0.09671934694051743
YOR060C,YOL103W,0,2.0154412,0.41966426372528076,0.6986027956008911,0.09681936353445053
YHL040C,YNL252C,0,2.0152447,0.4194128215312958,0.6986027956008911,0.09691938757896423
YMR303C,YMR205C,0,2.0137794,0.41916167736053467,0.6986027956008911,0.09701940417289734
YML019W,YBL082C,1,2.0122266,0.41950926184654236,0.6996008157730103,0.09701940417289734
YLR328W,YBL020W,0,2.0120785,0.41925838589668274,0.6996008157730103,0.09711942076683044
YJR064W,YNL082W,0,2.0118527,0.4190077781677246,0.6996008157730103,0.09721944481134415
YNL186W,YHR076W,0,2.0112631,0.41875746846199036,0.6996008157730103,0.09731946140527725
YLR367W,YDR345C,0,2.0075076,0.41850745677948,0.6996008157730103,0.09741948544979095
YOR085W,YNR059W,1,2.0070317,0.41885441541671753,0.7005987763404846,0.09741948544979095
YGR068C,YDL064W,0,2.006104,0.41860464215278625,0.7005987763404846,0.09751950204372406
YGL232W,YLR007W,0,2.0038457,0.41835519671440125,0.7005987763404846,0.09761952608823776
YJR131W,YGR120C,0,2.0027263,0.4181060194969177,0.7005987763404846,0.09771954268217087
YDR032C,YOR153W,0,2.0020106,0.4178571403026581,0.7005987763404846,0.09781956672668457
YEL032W,YNL007C,0,2.00114,0.4176085591316223,0.7005987763404846,0.09791958332061768
YLR287C-A,YBR073W,0,2.0000744,0.4173602759838104,0.7005987763404846,0.09801960736513138
YDL232W,YJL183W,1,1.9996219,0.4177064895629883,0.7015967965126038,0.09801960736513138
YFR037C,YCL061C,0,1.9967015,0.4174584448337555,0.7015967965126038,0.09811962395906448
YDL055C,YGL225W,1,1.9961168,0.41780415177345276,0.7025948166847229,0.09811962395906448
YNL229C,YGR004W,0,1.9952884,0.4175563454627991,0.7025948166847229,0.09821964055299759
YML115C,YBR015C,1,1.995125,0.4179016053676605,0.703592836856842,0.09821964055299759
YLR084C,YOR369C,0,1.9936845,0.41765403747558594,0.703592836856842,0.09831966459751129
YLR196W,YHR034C,0,1.9875941,0.41740673780441284,0.703592836856842,0.0984196811914444
YMR233W,YPL265W,0,1.9861617,0.417159765958786,0.703592836856842,0.0985197052359581
YGR108W,YPL224C,0,1.9857936,0.41691306233406067,0.703592836856842,0.0986197218298912
YOR256C,YDL230W,0,1.9847057,0.4166666567325592,0.703592836856842,0.09871974587440491
YOR144C,YDL141W,0,1.9846923,0.4164205491542816,0.703592836856842,0.09881976246833801
YOL044W,YPL010W,0,1.9841614,0.4161747395992279,0.703592836856842,0.09891978651285172
YDR145W,YHR001W,0,1.9834552,0.4159291982650757,0.703592836856842,0.09901980310678482
YLR188W,YCL001W,0,1.980613,0.41568395495414734,0.703592836856842,0.09911982715129852
YMR026C,YGR104C,0,1.9796957,0.41543900966644287,0.703592836856842,0.09921984374523163
YIL144W,YLR039C,0,1.9767208,0.4151943325996399,0.703592836856842,0.09931986033916473
YDR198C,YNL129W,0,1.9745973,0.4149499833583832,0.703592836856842,0.09941988438367844
YGL070C,YML021C,0,1.9735978,0.41470587253570557,0.703592836856842,0.09951990097761154
YBR070C,YKR061W,1,1.973496,0.4150499701499939,0.7045907974243164,0.09951990097761154
YMR013C,YBR110W,1,1.973084,0.4153936505317688,0.7055888175964355,0.09951990097761154
YGL167C,YNR059W,1,1.9730294,0.41573694348335266,0.7065868377685547,0.09951990097761154
YDR188W,YHR084W,0,1.9723005,0.4154929518699646,0.7065868377685547,0.09961992502212524
YHL050C,YBL078C,0,1.969887,0.4152492582798004,0.7065868377685547,0.09971994161605835
YGR055W,YBR107C,0,1.9696012,0.4150058627128601,0.7065868377685547,0.09981996566057205
YDL168W,YOR067C,0,1.9613222,0.4147627353668213,0.7065868377685547,0.09991998225450516
YOR273C,YKL167C,0,1.9612904,0.41451990604400635,0.7065868377685547,0.10002000629901886
YJL139C,YGL226C-A,1,1.9606822,0.4148624837398529,0.7075848579406738,0.10002000629901886
YDR212W,YOR039W,0,1.9605126,0.41461989283561707,0.7075848579406738,0.10012002289295197
YMR197C,YPL028W,0,1.9598728,0.4143775701522827,0.7075848579406738,0.10022004693746567
YPL227C,YBR243C,1,1.9585541,0.4147196114063263,0.7085828185081482,0.10022004693746567
YOR033C,YCR075C,0,1.9581134,0.41447752714157104,0.7085828185081482,0.10032006353139877
YGR227W,YJL186W,1,1.9576322,0.4148191511631012,0.7095808386802673,0.10032006353139877
YMR100W,YGR082W,0,1.956042,0.4145772457122803,0.7095808386802673,0.10042008757591248
YBR189W,YDR176W,0,1.9543309,0.4143356680870056,0.7095808386802673,0.10052010416984558
YDL190C,YKR010C,0,1.9533758,0.41409435868263245,0.7095808386802673,0.10062012076377869
YJL210W,YBR248C,0,1.9524498,0.41385331749916077,0.7095808386802673,0.10072014480829239
YNL310C,YOR179C,0,1.9523048,0.41361257433891296,0.7095808386802673,0.1008201614022255
YML129C,YBR036C,0,1.9483953,0.41337209939956665,0.7095808386802673,0.1009201854467392
YML058W,YJL008C,0,1.9478894,0.4131318926811218,0.7095808386802673,0.1010202020406723
YER033C,YEL050C,0,1.9476635,0.4128919839859009,0.7095808386802673,0.101120226085186
YDR326C,YDR510W,0,1.9474111,0.4126523435115814,0.7095808386802673,0.10122024267911911
YOR086C,YPL012W,0,1.9470818,0.41241300106048584,0.7095808386802673,0.10132026672363281
YPR131C,YNR033W,0,1.946032,0.41217392683029175,0.7095808386802673,0.10142028331756592
YMR303C,YBL051C,0,1.9422866,0.41193512082099915,0.7095808386802673,0.10152030736207962
YGR078C,YDL155W,0,1.9417757,0.41169658303260803,0.7095808386802673,0.10162032395601273
YDL055C,YDR414C,1,1.9377975,0.41203704476356506,0.7105788588523865,0.10162032395601273
YNL020C,YGL201C,0,1.9335511,0.41179871559143066,0.7105788588523865,0.10172034054994583
YOR298C-A,YJL189W,0,1.9332619,0.41156068444252014,0.7105788588523865,0.10182036459445953
YPR010C,YER146W,0,1.932406,0.4113229215145111,0.7105788588523865,0.10192038118839264
YOR149C,YGR204W,0,1.9297689,0.41108545660972595,0.7105788588523865,0.10202040523290634
YMR205C,YPR141C,0,1.9292264,0.4108482301235199,0.7105788588523865,0.10212042182683945
YHR181W,YKL056C,0,1.9284933,0.4106113016605377,0.7105788588523865,0.10222044587135315
YBR199W,YGL038C,1,1.9279201,0.41095101833343506,0.7115768194198608,0.10222044587135315
YNL291C,YPL246C,0,1.9259686,0.4107142984867096,0.7115768194198608,0.10232046246528625
YLR060W,YBR215W,0,1.9257841,0.4104778468608856,0.7115768194198608,0.10242048650979996
YLR342W,YPL235W,0,1.9255164,0.41024166345596313,0.7115768194198608,0.10252050310373306
YOR175C,YMR163C,0,1.9253068,0.41000574827194214,0.7115768194198608,0.10262052714824677
YIL110W,YDR294C,0,1.9230508,0.40977010130882263,0.7115768194198608,0.10272054374217987
YDR532C,YOR179C,0,1.9226395,0.409534752368927,0.7115768194198608,0.10282056778669357
YGL243W,YDR139C,0,1.9191597,0.4092996418476105,0.7115768194198608,0.10292058438062668
YDL178W,YAL042W,0,1.9184563,0.4090648293495178,0.7115768194198608,0.10302060097455978
YNL151C,YMR098C,0,1.9162753,0.40883028507232666,0.7115768194198608,0.10312062501907349
YOL149W,YBL057C,0,1.9157256,0.4085959792137146,0.7115768194198608,0.10322064161300659
YPR132W,YOR110W,0,1.9157081,0.4083619713783264,0.7115768194198608,0.1033206656575203
YCL011C,YBL035C,0,1.9144521,0.4081282317638397,0.7115768194198608,0.1034206822514534
YDR519W,YKL137W,0,1.9122043,0.40789473056793213,0.7115768194198608,0.1035207062959671
YKR053C,YGR098C,0,1.9121666,0.4076615273952484,0.7115768194198608,0.10362072288990021
YDR141C,YPL106C,0,1.9110379,0.4074285626411438,0.7115768194198608,0.10372074693441391
YOR321W,YJL143W,0,1.910516,0.40719589591026306,0.7115768194198608,0.10382076352834702
YLR019W,YDL236W,0,1.91011,0.4069634675979614,0.7115768194198608,0.10392078757286072
YDR052C,YOL076W,0,1.906998,0.4067313075065613,0.7115768194198608,0.10402080416679382
YDR047W,YNL001W,0,1.90194,0.4064994156360626,0.7115768194198608,0.10412082076072693
YOR346W,YNL015W,0,1.9008983,0.40626779198646545,0.7115768194198608,0.10422084480524063
YJL139C,YBR110W,1,1.8999202,0.40660592913627625,0.71257483959198,0.10422084480524063
YPL050C,YDR483W,1,1.899131,0.4069436490535736,0.7135728597640991,0.10422084480524063
YEL031W,YGL225W,1,1.8979743,0.4072810113430023,0.7145708799362183,0.10422084480524063
YBR110W,YMR153W,0,1.8936611,0.4070494472980499,0.7145708799362183,0.10432086139917374
YOR122C,YOR236W,0,1.8934138,0.4068181812763214,0.7145708799362183,0.10442088544368744
YER099C,YML121W,0,1.8913506,0.406587153673172,0.7145708799362183,0.10452090203762054
YJL180C,YBR106W,0,1.8858168,0.40635642409324646,0.7145708799362183,0.10462092608213425
YEL042W,YDR483W,1,1.8850374,0.40669313073158264,0.7155688405036926,0.10462092608213425
YDL149W,YHL013C,0,1.8830397,0.40646257996559143,0.7155688405036926,0.10472094267606735
YNR022C,YNL188W,0,1.8821967,0.4062322974205017,0.7155688405036926,0.10482096672058105
YOR096W,YCR040W,0,1.8820362,0.4060022532939911,0.7155688405036926,0.10492098331451416
YPR068C,YNL169C,0,1.8819972,0.40577250719070435,0.7155688405036926,0.10502100735902786
YPR169W,YOR117W,0,1.8816137,0.4055429995059967,0.7155688405036926,0.10512102395296097
YIL014W,YGL226C-A,1,1.8794246,0.40587902069091797,0.7165668606758118,0.10512102395296097
YDL232W,YGL225W,1,1.877924,0.4062146842479706,0.7175648808479309,0.10512102395296097
YOR085W,YGR036C,1,1.8775977,0.40654996037483215,0.71856290102005,0.10512102395296097
YHR141C,YIL036W,0,1.877512,0.4063205420970917,0.71856290102005,0.10522104054689407
YPL100W,YDR153C,0,1.8770778,0.4060913622379303,0.71856290102005,0.10532106459140778
YHL011C,YPL230W,0,1.8760458,0.4058624505996704,0.71856290102005,0.10542108118534088
YPL220W,YDR088C,0,1.8756435,0.405633807182312,0.71856290102005,0.10552110522985458
YDL193W,YDL229W,0,1.8724163,0.4054054021835327,0.71856290102005,0.10562112182378769
YLR132C,YGR106C,0,1.8722212,0.4051772654056549,0.71856290102005,0.10572114586830139
YAR042W,YMR170C,0,1.8707345,0.4049493670463562,0.71856290102005,0.1058211624622345
YGL167C,YOR002W,1,1.8684391,0.4052838683128357,0.7195608615875244,0.1058211624622345
YDR043C,YGR059W,0,1.8679471,0.4050561785697937,0.7195608615875244,0.1059211865067482
YJL151C,YDR477W,0,1.8675898,0.4048287570476532,0.7195608615875244,0.1060212031006813
YPL060W,YBR091C,0,1.8659096,0.4046015739440918,0.7195608615875244,0.10612122714519501
YNL241C,YER005W,0,1.86451,0.4043746590614319,0.7195608615875244,0.10622124373912811
YOR081C,YML048W,0,1.864298,0.4041479825973511,0.7195608615875244,0.10632126778364182
YJL139C,YOR002W,1,1.8638003,0.40448179841041565,0.7205588817596436,0.10632126778364182
YDR101C,YHR007C,0,1.8618937,0.40425533056259155,0.7205588817596436,0.10642128437757492
YDR110W,YDL030W,0,1.8583468,0.40402910113334656,0.7205588817596436,0.10652130097150803
YAL058W,YMR305C,0,1.8572366,0.40380313992500305,0.7205588817596436,0.10662132501602173
YPL138C,YOR070C,0,1.8567957,0.40357741713523865,0.7205588817596436,0.10672134160995483
YDL188C,YCR034W,0,1.8534985,0.40335196256637573,0.7205588817596436,0.10682136565446854
YKL149C,YAL042W,0,1.8529556,0.4031267464160919,0.7205588817596436,0.10692138224840164
YOR103C,YAL015C,0,1.8513777,0.4029017984867096,0.7205588817596436,0.10702140629291534
YJL173C,YBR109C,0,1.8512652,0.40267708897590637,0.7205588817596436,0.10712142288684845
YBR212W,YBL087C,0,1.8512461,0.40245261788368225,0.7205588817596436,0.10722144693136215
YPL183C,YPL153C,0,1.8510063,0.4022284150123596,0.7205588817596436,0.10732146352529526
YHL035C,YDL147W,0,1.8508316,0.4020044505596161,0.7205588817596436,0.10742148756980896
YML101C,YLR027C,0,1.8495154,0.40178075432777405,0.7205588817596436,0.10752150416374207
YLR262C,YNL252C,0,1.8471923,0.4015572965145111,0.7205588817596436,0.10762152075767517
YNL221C,YHR161C,0,1.8464622,0.40133407711982727,0.7205588817596436,0.10772154480218887
YIR028W,YNR026C,0,1.842724,0.4011111259460449,0.7205588817596436,0.10782156139612198
YMR101C,YBR015C,1,1.8417053,0.40144363045692444,0.7215569019317627,0.10782156139612198
YGR227W,YGL038C,1,1.8401449,0.4017758071422577,0.7225548624992371,0.10782156139612198
YLR449W,YNR061C,0,1.8398147,0.4015529751777649,0.7225548624992371,0.10792158544063568
YBR199W,YKR061W,1,1.8383821,0.40188470482826233,0.7235528826713562,0.10792158544063568
YAL055W,YDR424C,0,1.8377609,0.40166205167770386,0.7235528826713562,0.10802160203456879
YPL118W,YPL169C,0,1.8369298,0.4014396369457245,0.7235528826713562,0.10812162607908249
YNL289W,YBR024W,0,1.8362896,0.4012174904346466,0.7235528826713562,0.1082216426730156
YDL232W,YDL193W,1,1.8353213,0.40154868364334106,0.7245509028434753,0.1082216426730156
YDR158W,YBR021W,0,1.8351915,0.4013266861438751,0.7245509028434753,0.1083216667175293
YPR183W,YGR036C,1,1.8346448,0.40165746212005615,0.7255489230155945,0.1083216667175293
YCR047C,YNL246W,0,1.8340766,0.4014356732368469,0.7255489230155945,0.1084216833114624
YGL001C,YPR094W,0,1.8312526,0.4012141227722168,0.7255489230155945,0.1085217073559761
YBR041W,YKR027W,0,1.8296459,0.40099284052848816,0.7255489230155945,0.10862172394990921
YKL017C,YJL035C,0,1.8287044,0.40077176690101624,0.7255489230155945,0.10872174799442291
YAL003W,YIL005W,0,1.827565,0.4005509614944458,0.7255489230155945,0.10882176458835602
YGL020C,YGR195W,0,1.8267696,0.40033039450645447,0.7255489230155945,0.10892178118228912
YNL080C,YDR414C,1,1.8256176,0.4006604254245758,0.7265468835830688,0.10892178118228912
YPL148C,YLR038C,0,1.825207,0.4004400372505188,0.7265468835830688,0.10902180522680283
YER089C,YOR116C,0,1.82508,0.4002198874950409,0.7265468835830688,0.10912182182073593
YLR067C,YMR251W-A,0,1.824913,0.4000000059604645,0.7265468835830688,0.10922184586524963
YDR393W,YBR272C,0,1.8233716,0.3997803330421448,0.7265468835830688,0.10932186245918274
YJL186W,YER003C,1,1.8222512,0.40010976791381836,0.727544903755188,0.10932186245918274
YGR058W,YNL209W,0,1.8220255,0.39989030361175537,0.727544903755188,0.10942188650369644
YOL119C,YOR210W,0,1.8209991,0.3996710479259491,0.727544903755188,0.10952190309762955
YJR044C,YKL191W,0,1.8193215,0.3994520604610443,0.727544903755188,0.10962192714214325
YKL149C,YPL206C,0,1.818927,0.39923331141471863,0.727544903755188,0.10972194373607635
YGR091W,YDR529C,0,1.817895,0.39901477098464966,0.727544903755188,0.10982196778059006
YPL227C,YDL093W,1,1.8170686,0.3993435502052307,0.7285429239273071,0.10982196778059006
YGL006W,YPL206C,0,1.8158162,0.39912521839141846,0.7285429239273071,0.10992198437452316
YNL071W,YLR127C,0,1.8134742,0.3989070951938629,0.7285429239273071,0.11002200096845627
YFR046C,YLR332W,0,1.8133379,0.39868924021720886,0.7285429239273071,0.11012202501296997
YOL123W,YOR217W,0,1.8116164,0.3984716236591339,0.7285429239273071,0.11022204160690308
YOR321W,YOR320C,1,1.8111854,0.3987997770309448,0.7295409440994263,0.11022204160690308
YBR070C,YOR085W,1,1.8103572,0.3991276025772095,0.7305389046669006,0.11022204160690308
YPL204W,YDR198C,0,1.8098936,0.3989100754261017,0.7305389046669006,0.11032206565141678
YJR010C-A,YEL011W,0,1.8096745,0.3986928164958954,0.7305389046669006,0.11042208224534988
YER005W,YGR036C,1,1.8092465,0.39902013540267944,0.7315369248390198,0.11042208224534988
YNL264C,YPL090C,0,1.8089747,0.39880305528640747,0.7315369248390198,0.11052210628986359
YDL055C,YJR143C,1,1.8081723,0.3991299569606781,0.7325349450111389,0.11052210628986359
YGL093W,YBR189W,0,1.8047733,0.39891305565834045,0.7325349450111389,0.11062212288379669
YKR062W,YLR357W,0,1.8025445,0.3986963629722595,0.7325349450111389,0.1107221469283104
YDL226C,YJL168C,0,1.8024697,0.3984799087047577,0.7325349450111389,0.1108221635222435
YDR325W,YJR090C,0,1.8015351,0.39826369285583496,0.7325349450111389,0.1109221875667572
YNR032W,YGL115W,0,1.8011056,0.39804771542549133,0.7325349450111389,0.11102220416069031
YJL002C,YGL226C-A,1,1.7994747,0.3983739912509918,0.7335329055786133,0.11102220416069031
YDR168W,YLR319C,0,1.7992706,0.3981581926345825,0.7335329055786133,0.11112222075462341
YDR345C,YLR038C,0,1.7976916,0.39794260263442993,0.7335329055786133,0.11122224479913712
YER056C-A,YPL178W,0,1.796963,0.39772728085517883,0.7335329055786133,0.11132226139307022
YBR029C,YKL039W,0,1.7946129,0.39751216769218445,0.7335329055786133,0.11142228543758392
YGR199W,YDL232W,1,1.7945743,0.3978378474712372,0.7345309257507324,0.11142228543758392
YGL226C-A,YGL257C,1,1.7943823,0.39816316962242126,0.7355289459228516,0.11142228543758392
YMR041C,YGL187C,0,1.7938201,0.39794817566871643,0.7355289459228516,0.11152230203151703
YEL002C,YBR002C,1,1.7937262,0.3982730805873871,0.7365269660949707,0.11152230203151703
YGL027C,YJL186W,1,1.792489,0.3985976278781891,0.7375249266624451,0.11152230203151703
YBR104W,YOL067C,0,1.7902081,0.3983827531337738,0.7375249266624451,0.11162232607603073
YBL106C,YML021C,0,1.7899547,0.3981681168079376,0.7375249266624451,0.11172234266996384
YKL196C,YHR121W,0,1.7892998,0.39795368909835815,0.7375249266624451,0.11182236671447754
YML088W,YKL191W,0,1.789134,0.3977394998073578,0.7375249266624451,0.11192238330841064
YML067C,YPL155C,0,1.788855,0.3975255489349365,0.7375249266624451,0.11202240735292435
YKL060C,YNL076W,0,1.7874734,0.39731183648109436,0.7375249266624451,0.11212242394685745
YDR110W,YMR119W,0,1.7871867,0.3970983326435089,0.7375249266624451,0.11222244799137115
YLR119W,YPR082C,0,1.7871761,0.39688506722450256,0.7375249266624451,0.11232246458530426
YLR405W,YLR238W,0,1.7863085,0.3966720402240753,0.7375249266624451,0.11242248117923737
YFL044C,YJR001W,0,1.7834346,0.3964592218399048,0.7375249266624451,0.11252250522375107
YJL157C,YLL026W,0,1.7823875,0.39624664187431335,0.7375249266624451,0.11262252181768417
YBR045C,YNL053W,0,1.7807769,0.396034300327301,0.7375249266624451,0.11272254586219788
YDR051C,YOR171C,0,1.779667,0.3958221673965454,0.7375249266624451,0.11282256245613098
YHR142W,YDR409W,0,1.7774916,0.3956102728843689,0.7375249266624451,0.11292258650064468
YJR131W,YGR036C,1,1.7734431,0.3959336578845978,0.7385229468345642,0.11292258650064468
YML115C,YNR059W,1,1.7728283,0.396256685256958,0.7395209670066833,0.11292258650064468
YLR361C,YKR079C,0,1.7690691,0.39604490995407104,0.7395209670066833,0.11302260309457779
YNL331C,YNL055C,0,1.7682484,0.3958333432674408,0.7395209670066833,0.11312262713909149
YPR029C,YJL062W,0,1.7676558,0.39562198519706726,0.7395209670066833,0.1132226437330246
YOR014W,YHR203C,0,1.76758,0.3954108953475952,0.7395209670066833,0.1133226677775383
YDR246W,YNL315C,0,1.7661376,0.3952000141143799,0.7395209670066833,0.1134226843714714
YLR085C,YKL160W,0,1.7651465,0.39498934149742126,0.7395209670066833,0.11352270096540451
YOL149W,YDR422C,0,1.7640313,0.39477890729904175,0.7395209670066833,0.11362272500991821
YOR320C,YNL080C,1,1.7636733,0.3951011598110199,0.7405189871788025,0.11362272500991821
YMR199W,YHL001W,0,1.7633586,0.3948909044265747,0.7405189871788025,0.11372274160385132
YKL154W,YDL188C,0,1.7627623,0.39468085765838623,0.7405189871788025,0.11382276564836502
YGR162W,YPL164C,0,1.7616925,0.39447101950645447,0.7405189871788025,0.11392278224229813
YBR014C,YGR208W,0,1.7604777,0.3942614197731018,0.7405189871788025,0.11402280628681183
YDR045C,YHR017W,0,1.7596574,0.39405205845832825,0.7405189871788025,0.11412282288074493
YLR093C,YJR099W,0,1.759479,0.393842875957489,0.7405189871788025,0.11422284692525864
YGL116W,YKR027W,0,1.7568169,0.39363396167755127,0.7405189871788025,0.11432286351919174
YKL218C,YFL002C,0,1.7543757,0.39342522621154785,0.7405189871788025,0.11442288756370544
YEL002C,YEL031W,1,1.7540083,0.39374667406082153,0.7415169477462769,0.11442288756370544
YOR080W,YGR172C,0,1.7495234,0.39353814721107483,0.7415169477462769,0.11452290415763855
YGL006W,YIL084C,0,1.748712,0.39332979917526245,0.7415169477462769,0.11462292820215225
YDL204W,YKR095W,0,1.7464104,0.3931216895580292,0.7415169477462769,0.11472294479608536
YER004W,YCL050C,0,1.7441995,0.3929137885570526,0.7415169477462769,0.11482296139001846
YGR060W,YJR047C,0,1.7431722,0.39270612597465515,0.7415169477462769,0.11492298543453217
YML067C,YER019W,0,1.7431443,0.3924986720085144,0.7415169477462769,0.11502300202846527
YKL192C,YML041C,0,1.7423611,0.39229145646095276,0.7415169477462769,0.11512302607297897
YKL029C,YKR050W,0,1.7415065,0.39208441972732544,0.7415169477462769,0.11522304266691208
YAL042W,YDR303C,0,1.7406743,0.3918776512145996,0.7415169477462769,0.11532306671142578
YLR432W,YPR199C,0,1.7367991,0.3916710615158081,0.7415169477462769,0.11542308330535889
YPL050C,YJL186W,1,1.7356877,0.3919915556907654,0.742514967918396,0.11542308330535889
YIR031C,YDL189W,0,1.7354995,0.3917851448059082,0.742514967918396,0.11552310734987259
YLR221C,YMR202W,0,1.7342217,0.39157894253730774,0.742514967918396,0.1156231239438057
YDR047W,YDR382W,0,1.7306712,0.391372948884964,0.742514967918396,0.1157231479883194
YCL011C,YNL001W,0,1.7300243,0.39116719365119934,0.742514967918396,0.1158231645822525
YHR154W,YDR450W,0,1.7284516,0.3909616470336914,0.742514967918396,0.11592318117618561
YNL242W,YHR043C,0,1.728348,0.3907563090324402,0.742514967918396,0.11602320522069931
YAL068C,YJR121W,0,1.7280647,0.3905511796474457,0.742514967918396,0.11612322181463242
YBL003C,YDR002W,0,1.7268491,0.3903462886810303,0.742514967918396,0.11622324585914612
YER056C,YLR324W,0,1.7264279,0.3901415765285492,0.742514967918396,0.11632326245307922
YML115C,YJL186W,1,1.7245287,0.3904612064361572,0.7435129880905151,0.11632326245307922
YIL118W,YGL107C,0,1.7233285,0.3902566730976105,0.7435129880905151,0.11642328649759293
YER122C,YCR027C,0,1.7231059,0.39005234837532043,0.7435129880905151,0.11652330309152603
YNL218W,YLR388W,0,1.7217494,0.3898482322692871,0.7435129880905151,0.11662332713603973
YKR007W,YLR167W,0,1.7167034,0.3896443545818329,0.7435129880905151,0.11672334372997284
YDL191W,YDL159W,0,1.7165349,0.389440655708313,0.7435129880905151,0.11682336777448654
YNL029C,YGL226C-A,1,1.7162321,0.3897596597671509,0.7445109486579895,0.11682336777448654
YNL128W,YDR400W,0,1.7157011,0.3895561397075653,0.7445109486579895,0.11692338436841965
YBR205W,YEL031W,1,1.7154623,0.38987472653388977,0.7455089688301086,0.11692338436841965
YOR265W,YDR002W,0,1.7150512,0.38967135548591614,0.7455089688301086,0.11702340096235275
YNL219C,YOR103C,1,1.7141737,0.38998958468437195,0.7465069890022278,0.11702340096235275
YPR081C,YMR125W,0,1.7111953,0.38978633284568787,0.7465069890022278,0.11712342500686646
YNL048W,YGR199W,1,1.709955,0.39010417461395264,0.7475050091743469,0.11712342500686646
YMR029C,YKL032C,0,1.7099142,0.3899011015892029,0.7475050091743469,0.11722344160079956
YML061C,YDR368W,0,1.7084987,0.38969823718070984,0.7475050091743469,0.11732346564531326
YHR133C,YOL069W,0,1.705632,0.3894955813884735,0.7475050091743469,0.11742348223924637
YCR044C,YLL005C,0,1.704643,0.3892931342124939,0.7475050091743469,0.11752350628376007
YML064C,YIL051C,0,1.7038686,0.389090895652771,0.7475050091743469,0.11762352287769318
YJL204C,YLR248W,0,1.7030088,0.3888888955116272,0.7475050091743469,0.11772354692220688
YNL312W,YNL301C,0,1.7009157,0.3886870741844177,0.7475050091743469,0.11782356351613998
YHR065C,YGL025C,0,1.6995662,0.38848549127578735,0.7475050091743469,0.11792358756065369
YBR253W,YDL192W,0,1.6990721,0.3882840871810913,0.7475050091743469,0.11802360415458679
YHR028C,YGL142C,0,1.6986389,0.388082891702652,0.7475050091743469,0.1181236281991005
YNL048W,YMR149W,1,1.6973274,0.38839977979660034,0.7485029697418213,0.1181236281991005
YML069W,YDR189W,0,1.6965698,0.38819876313209534,0.7485029697418213,0.1182236447930336
YNL029C,YOR067C,1,1.6960058,0.38851526379585266,0.7495009899139404,0.1182236447930336
YGR184C,YDR122W,0,1.6955336,0.3883143663406372,0.7495009899139404,0.1183236613869667
YJL139C,YJL183W,1,1.6954813,0.3886304795742035,0.7504990100860596,0.1183236613869667
YNR047W,YML048W,0,1.695041,0.38842976093292236,0.7504990100860596,0.11842368543148041
YDR169C,YDL210W,0,1.6942787,0.38822922110557556,0.7504990100860596,0.11852370202541351
YGR008C,YGL222C,0,1.6935973,0.3880288898944855,0.7504990100860596,0.11862372606992722
YGR033C,YPL198W,0,1.6917388,0.3878287672996521,0.7504990100860596,0.11872374266386032
YOL115W,YHR157W,0,1.6914479,0.38762885332107544,0.7504990100860596,0.11882376670837402
YHR076W,YNR038W,0,1.684674,0.3874291479587555,0.7504990100860596,0.11892378330230713
YJR135C,YNL036W,0,1.6842508,0.38722965121269226,0.7504990100860596,0.11902380734682083
YGL226C-A,YDR414C,1,1.6835088,0.38754501938819885,0.7514970302581787,0.11902380734682083
YDL232W,YOR085W,1,1.6826324,0.38786008954048157,0.7524949908256531,0.11902380734682083
YGR194C,YDR055W,0,1.6822922,0.3876606822013855,0.7524949908256531,0.11912382394075394
YBR002C,YBR070C,1,1.6810529,0.3879753351211548,0.7534930109977722,0.11912382394075394
YJL139C,YBR070C,1,1.678238,0.3882896900177002,0.7544910311698914,0.11912382394075394
YPR165W,YDR237W,0,1.6775081,0.3880903422832489,0.7544910311698914,0.11922384798526764
YAL023C,YKL201C,1,1.6774349,0.38840430974960327,0.7554890513420105,0.11922384798526764
YDR021W,YBR216C,0,1.677419,0.3882051408290863,0.7554890513420105,0.11932386457920074
YDR471W,YLR327C,0,1.6772586,0.38800615072250366,0.7554890513420105,0.11942388117313385
YOR099W,YGL167C,1,1.6772269,0.3883196711540222,0.7564870119094849,0.11942388117313385
YGR132C,YDR318W,0,1.6765493,0.3881208300590515,0.7564870119094849,0.11952390521764755
YOR046C,YMR098C,0,1.6756034,0.3879221975803375,0.7564870119094849,0.11962392181158066
YML115C,YGL167C,1,1.675103,0.38823530077934265,0.757485032081604,0.11962392181158066
YLR216C,YCR044C,0,1.6734236,0.3880368173122406,0.757485032081604,0.11972394585609436
YOR118W,YOL095C,0,1.6713718,0.38783854246139526,0.757485032081604,0.11982396245002747
YJL151C,YLR258W,0,1.6707683,0.38764044642448425,0.757485032081604,0.11992398649454117
YOR384W,YDR513W,0,1.670671,0.38744255900382996,0.757485032081604,0.12002400308847427
YOR293W,YBL066C,0,1.667452,0.38724491000175476,0.757485032081604,0.12012402713298798
YPL266W,YOR236W,0,1.6673573,0.3870474100112915,0.757485032081604,0.12022404372692108
YKL058W,YKL084W,0,1.6659518,0.38685014843940735,0.757485032081604,0.12032406777143478
YOR339C,YFL022C,0,1.6657478,0.3866530954837799,0.757485032081604,0.12042408436536789
YDL092W,YDR516C,0,1.6652048,0.3864562213420868,0.757485032081604,0.12052410840988159
YOL005C,YMR163C,0,1.664644,0.3862595558166504,0.757485032081604,0.1206241250038147
YBR110W,YBR199W,1,1.6636455,0.3865717053413391,0.7584830522537231,0.1206241250038147
YDL188C,YEL016C,0,1.6632657,0.38637518882751465,0.7584830522537231,0.1207241415977478
YMR013C,YBL020W,1,1.6620921,0.3866869807243347,0.7594810128211975,0.1207241415977478
YML115C,YJL139C,1,1.6599422,0.3869984745979309,0.7604790329933167,0.1207241415977478
YNL029C,YPR183W,1,1.6582032,0.38730964064598083,0.7614770531654358,0.1207241415977478
YJL057C,YJL197W,0,1.6553488,0.38711315393447876,0.7614770531654358,0.1208241656422615
YCL027W,YOL146W,0,1.6542809,0.386916846036911,0.7614770531654358,0.12092418223619461
YMR274C,YBR229C,0,1.6533303,0.3867207169532776,0.7614770531654358,0.12102420628070831
YER021W,YPL045W,0,1.6523156,0.38652482628822327,0.7614770531654358,0.12112422287464142
YMR052W,YPL106C,0,1.6509364,0.38632911443710327,0.7614770531654358,0.12122424691915512
YPR009W,YLR262C,0,1.6504569,0.38613361120224,0.7614770531654358,0.12132426351308823
YJL019W,YIL093C,0,1.649669,0.38593828678131104,0.7614770531654358,0.12142428755760193
YCR020C,YPR102C,0,1.6494718,0.3857431709766388,0.7614770531654358,0.12152430415153503
YLR450W,YKL052C,0,1.6491392,0.38554826378822327,0.7614770531654358,0.12162432819604874
YDR279W,YGR292W,0,1.6488233,0.38535353541374207,0.7614770531654358,0.12172434478998184
YDR212W,YML072C,0,1.6481818,0.3851590156555176,0.7614770531654358,0.12182436138391495
YBR245C,YPL183C,0,1.6462742,0.3849646747112274,0.7614770531654358,0.12192438542842865
YKL033W,YDL200C,0,1.6440983,0.38477054238319397,0.7614770531654358,0.12202440202236176
YBR045C,YPL227C,0,1.6434875,0.38457661867141724,0.7614770531654358,0.12212442606687546
YPR052C,YDL205C,0,1.6431665,0.38438287377357483,0.7614770531654358,0.12222444266080856
YBR085W,YKL160W,0,1.641732,0.38418933749198914,0.7614770531654358,0.12232446670532227
YKL178C,YOL013C,0,1.6396958,0.38399598002433777,0.7614770531654358,0.12242448329925537
YNL099C,YPL203W,0,1.6390278,0.3838028311729431,0.7614770531654358,0.12252450734376907
YGL195W,YCL038C,0,1.6384261,0.3836098611354828,0.7614770531654358,0.12262452393770218
YBR035C,YJL133W,0,1.6375227,0.3834170997142792,0.7614770531654358,0.12272454798221588
YIL050W,YLR013W,0,1.6373221,0.3832245171070099,0.7614770531654358,0.12282456457614899
YBR070C,YPR183W,1,1.6367751,0.38353413343429565,0.7624750733375549,0.12282456457614899
YOL089C,YDR091C,0,1.6359506,0.3833416998386383,0.7624750733375549,0.12292458862066269
YPL181W,YBL023C,0,1.6349672,0.3831494450569153,0.7624750733375549,0.1230246052145958
YLR002C,YLR247C,0,1.6347001,0.382957398891449,0.7624750733375549,0.1231246218085289
YKL011C,YJL054W,0,1.6337769,0.382765531539917,0.7624750733375549,0.1232246458530426
YJR134C,YBR126C,0,1.6337463,0.3825738728046417,0.7624750733375549,0.12332466244697571
YFL004W,YNL149C,0,1.6334729,0.3823823928833008,0.7624750733375549,0.12342468649148941
YNL227C,YER012W,0,1.6331011,0.38219109177589417,0.7624750733375549,0.12352470308542252
YDL069C,YGR128C,0,1.6329014,0.38199999928474426,0.7624750733375549,0.12362472712993622
YBR237W,YEL051W,0,1.631866,0.3818090856075287,0.7624750733375549,0.12372474372386932
YKL135C,YDR408C,0,1.6314908,0.3816183805465698,0.7624750733375549,0.12382476776838303
YGR223C,YMR216C,0,1.6284587,0.3814278542995453,0.7624750733375549,0.12392478436231613
YOR144C,YNR026C,0,1.628454,0.38123753666877747,0.7624750733375549,0.12402480840682983
YLR216C,YBR057C,0,1.6284242,0.3810473680496216,0.7624750733375549,0.12412482500076294
YOR205C,YER069W,0,1.6282997,0.3808574378490448,0.7624750733375549,0.12422484159469604
YJL074C,YDR346C,0,1.6271604,0.38066765666007996,0.7624750733375549,0.12432486563920975
YBL020W,YER005W,1,1.6267557,0.3809760808944702,0.7634730339050293,0.12432486563920975
YDL178W,YDL230W,0,1.6266063,0.3807864487171173,0.7634730339050293,0.12442488223314285
YMR047C,YML110C,0,1.6241933,0.3805970251560211,0.7634730339050293,0.12452490627765656
YOR058C,YLR341W,0,1.6235158,0.38040775060653687,0.7634730339050293,0.12462492287158966
YDR180W,YNL048W,0,1.623483,0.3802186846733093,0.7634730339050293,0.12472494691610336
YJL139C,YDR050C,0,1.6232485,0.3800297975540161,0.7634730339050293,0.12482496351003647
YBR243C,YGL226C-A,1,1.6222155,0.3803376257419586,0.7644710540771484,0.12482496351003647
YLR128W,YOR044W,0,1.6222055,0.38014888763427734,0.7644710540771484,0.12492498755455017
YDR478W,YMR195W,0,1.6203856,0.3799603283405304,0.7644710540771484,0.12502500414848328
YBL017C,YBR058C,0,1.6203771,0.3797719478607178,0.7644710540771484,0.12512502074241638
YGR253C,YML041C,0,1.6199715,0.3795837461948395,0.7644710540771484,0.12522505223751068
YCR024C-A,YBR289W,0,1.6197181,0.3793957531452179,0.7644710540771484,0.1253250688314438
YDR436W,YKL052C,0,1.618304,0.37920790910720825,0.7644710540771484,0.1254250854253769
YGL167C,YMR013C,1,1.6171784,0.3795150816440582,0.7654690742492676,0.1254250854253769
YDR017C,YCL031C,0,1.6163756,0.3793273866176605,0.7654690742492676,0.12552510201931
YER122C,YNL154C,0,1.6148598,0.37913990020751953,0.7654690742492676,0.1256251186132431
YML016C,YBR078W,0,1.6146221,0.3789525628089905,0.7654690742492676,0.1257251501083374
YJR059W,YDR528W,0,1.6134207,0.37876543402671814,0.7654690742492676,0.1258251667022705
YMR237W,YCR071C,0,1.6129484,0.3785784840583801,0.7654690742492676,0.1259251832962036
YER045C,YDR382W,0,1.6128993,0.37839171290397644,0.7654690742492676,0.12602519989013672
YBR205W,YPR183W,1,1.6112721,0.3786982297897339,0.7664670944213867,0.12602519989013672
YHR134W,YOL019W,0,1.6108173,0.37851157784461975,0.7664670944213867,0.12612523138523102
YIL023C,YDR436W,0,1.6080091,0.37832513451576233,0.7664670944213867,0.12622524797916412
YGL226W,YML038C,0,1.6060264,0.37813884019851685,0.7664670944213867,0.12632526457309723
YOR099W,YNR059W,1,1.6058271,0.3784448802471161,0.7674650549888611,0.12632526457309723
YOL077C,YJR013W,0,1.604339,0.37825873494148254,0.7674650549888611,0.12642528116703033
YKL092C,YPL268W,0,1.6028526,0.3780727684497833,0.7674650549888611,0.12652529776096344
YHR005C,YBL106C,0,1.6026871,0.37788698077201843,0.7674650549888611,0.12662532925605774
YIR036C,YEL027W,0,1.6018689,0.37770137190818787,0.7674650549888611,0.12672534584999084
YML046W,YBL018C,0,1.601667,0.3775159418582916,0.7674650549888611,0.12682536244392395
YAL058W,YOR002W,0,1.6003368,0.3773307204246521,0.7674650549888611,0.12692537903785706
YOL009C,YKL137W,0,1.599885,0.3771456480026245,0.7674650549888611,0.12702541053295135
YLR448W,YER007W,0,1.5988398,0.37696078419685364,0.7674650549888611,0.12712542712688446
YBL020W,YGR036C,1,1.5986376,0.3772660493850708,0.7684630751609802,0.12712542712688446
YER119C,YPL265W,0,1.5980237,0.3770813047885895,0.7684630751609802,0.12722544372081757
YOL034W,YDR292C,0,1.5972444,0.3768967092037201,0.7684630751609802,0.12732546031475067
YDL112W,YKL181W,0,1.5960126,0.3767123222351074,0.7684630751609802,0.12742549180984497
YPL028W,YER019W,0,1.5954211,0.3765281140804291,0.7684630751609802,0.12752550840377808
YFR010W,YKR010C,0,1.5915515,0.37634408473968506,0.7684630751609802,0.12762552499771118
YMR195W,YHR046C,0,1.5910817,0.37616023421287537,0.7684630751609802,0.1277255415916443
YBL038W,YHR186C,0,1.5909033,0.3759765625,0.7684630751609802,0.1278255581855774
YML086C,YLR144C,0,1.5905775,0.37579306960105896,0.7684630751609802,0.1279255896806717
YBR193C,YMR142C,0,1.5894632,0.37560975551605225,0.7684630751609802,0.1280256062746048
YHR072W,YAL009W,0,1.5892506,0.37542662024497986,0.7684630751609802,0.1281256228685379
YIL115C,YGL031C,0,1.58673,0.3752436637878418,0.7684630751609802,0.128225639462471
YMR316W,YOR048C,0,1.5856773,0.37506088614463806,0.7684630751609802,0.1283256709575653
YMR013C,YIL085C,1,1.5854018,0.37536513805389404,0.7694610953330994,0.1283256709575653
YLR263W,YCL039W,0,1.5846006,0.37518247961997986,0.7694610953330994,0.1284256875514984
YDR443C,YDL092W,0,1.58381,0.375,0.7694610953330994,0.12852570414543152
YML027W,YER023W,0,1.5799321,0.37481769919395447,0.7694610953330994,0.12862572073936462
YOR028C,YLR098C,0,1.5789609,0.37463557720184326,0.7694610953330994,0.12872575223445892
YPL227C,YER005W,1,1.5788791,0.37493929266929626,0.7704590559005737,0.12872575223445892
YDR450W,YNL301C,0,1.5774702,0.3747572898864746,0.7704590559005737,0.12882576882839203
YHL009C,YOR143C,0,1.5753272,0.3745754361152649,0.7704590559005737,0.12892578542232513
YDR430C,YPR169W,0,1.5749702,0.3743937909603119,0.7704590559005737,0.12902580201625824
YDL201W,YBR244W,0,1.5741463,0.3742123246192932,0.7704590559005737,0.12912581861019135
YHR011W,YNL088W,0,1.5733018,0.3740310072898865,0.7704590559005737,0.12922585010528564
YBR228W,YGR209C,0,1.5726761,0.37384986877441406,0.7704590559005737,0.12932586669921875
YDR194C,YDR084C,0,1.5698,0.37366893887519836,0.7704590559005737,0.12942588329315186
YJR143C,YJL183W,1,1.5697222,0.37397193908691406,0.7714570760726929,0.12942588329315186
YAL055W,YDR483W,0,1.5683933,0.3737910985946655,0.7714570760726929,0.12952589988708496
YDR418W,YNL112W,0,1.5672861,0.3736104369163513,0.7714570760726929,0.12962593138217926
YIL026C,YLR003C,0,1.5666838,0.37342995405197144,0.7714570760726929,0.12972594797611237
YML101C,YDR440W,0,1.5660893,0.3732496500015259,0.7714570760726929,0.12982596457004547
YGR262C,YHR161C,0,1.5656942,0.37306949496269226,0.7714570760726929,0.12992598116397858
YOL140W,YGR257C,0,1.5656857,0.37288951873779297,0.7714570760726929,0.13002599775791168
YKL138C,YNL339C,0,1.5648447,0.3727097511291504,0.7714570760726929,0.13012602925300598
YBL051C,YLR185W,0,1.5639408,0.37253013253211975,0.7714570760726929,0.1302260458469391
YOL006C,YMR158W,0,1.5632974,0.37235066294670105,0.7714570760726929,0.1303260624408722
YBL027W,YNL218W,0,1.5617627,0.37217140197753906,0.7714570760726929,0.1304260790348053
YGR003W,YGR178C,0,1.5611986,0.371992290019989,0.7714570760726929,0.1305261105298996
YMR021C,YBR107C,0,1.558559,0.3718133866786957,0.7714570760726929,0.1306261271238327
YOR249C,YPL045W,0,1.5575308,0.3716346025466919,0.7714570760726929,0.1307261437177658
YER127W,YFR040W,0,1.557308,0.3714560270309448,0.7714570760726929,0.1308261603116989
YDL232W,YHR067W,0,1.5550565,0.3712776303291321,0.7714570760726929,0.1309261918067932
YER157W,YIL078W,0,1.5543945,0.3710993826389313,0.7714570760726929,0.13102620840072632
YOR033C,YLR288C,0,1.5535792,0.3709213137626648,0.7714570760726929,0.13112622499465942
YLR192C,YHR020W,0,1.5528225,0.37074339389801025,0.7714570760726929,0.13122624158859253
YLR364W,YIL056W,0,1.5500749,0.3705656826496124,0.7714570760726929,0.13132625818252563
YPR151C,YDR060W,0,1.5483897,0.37038812041282654,0.7714570760726929,0.13142628967761993
YFL062W,YNR039C,0,1.5481135,0.370210736989975,0.7714570760726929,0.13152630627155304
YER044C,YIL005W,0,1.5470654,0.37003350257873535,0.7714570760726929,0.13162632286548615
YBR133C,YHR089C,0,1.5469854,0.36985644698143005,0.7714570760726929,0.13172633945941925
YFL002C,YLL015W,0,1.5469337,0.3696795701980591,0.7714570760726929,0.13182637095451355
YGR284C,YEL054C,0,1.546097,0.36950287222862244,0.7714570760726929,0.13192638754844666
YGL211W,YHR025W,0,1.5450847,0.36932632327079773,0.7714570760726929,0.13202640414237976
YCR071C,YFR037C,0,1.5446187,0.36914995312690735,0.7714570760726929,0.13212642073631287
YDR221W,YDR376W,0,1.5425794,0.3689737617969513,0.7714570760726929,0.13222645223140717
YER122C,YLR015W,0,1.538079,0.3687977194786072,0.7714570760726929,0.13232646882534027
YDR093W,YFL047W,0,1.5376081,0.368621826171875,0.7714570760726929,0.13242648541927338
YMR207C,YIL085C,0,1.5365243,0.36844614148139954,0.7714570760726929,0.13252650201320648
YHL033C,YGL224C,0,1.5355167,0.368270605802536,0.7714570760726929,0.1326265186071396
YGR193C,YBR264C,0,1.5335674,0.3680952489376068,0.7714570760726929,0.1327265501022339
YDR308C,YDR342C,0,1.5316792,0.36792004108428955,0.7714570760726929,0.132826566696167
YPL031C,YHR013C,0,1.5307121,0.3677450120449066,0.7714570760726929,0.1329265832901001
YDL069C,YGL139W,0,1.5291634,0.3675701320171356,0.7714570760726929,0.1330265998840332
YNL029C,YDR078C,0,1.5276968,0.36739543080329895,0.7714570760726929,0.1331266313791275
YNL316C,YDR017C,0,1.527674,0.3672209084033966,0.7714570760726929,0.1332266479730606
YNL134C,YGR286C,0,1.5269399,0.3670465350151062,0.7714570760726929,0.1333266645669937
YGL011C,YGL064C,0,1.526726,0.3668723404407501,0.7714570760726929,0.13342668116092682
YCL017C,YNL065W,0,1.5259356,0.366698294878006,0.7714570760726929,0.13352671265602112
YML115C,YPL050C,1,1.5251291,0.3669985830783844,0.772455096244812,0.13352671265602112
YDL055C,YOR085W,1,1.525063,0.36729857325553894,0.7734531164169312,0.13352671265602112
YLR287C-A,YBR084C-A,0,1.5242004,0.3671245872974396,0.7734531164169312,0.13362672924995422
YOR259C,YNL264C,0,1.5241084,0.36695075035095215,0.7734531164169312,0.13372674584388733
YMR170C,YPL144W,0,1.5225859,0.36677709221839905,0.7734531164169312,0.13382676243782043
YOL097C,YGR218W,0,1.5210531,0.3666035830974579,0.7734531164169312,0.13392677903175354
YBR133C,YLR441C,0,1.5200307,0.36643025279045105,0.7734531164169312,0.13402681052684784
YPL048W,YJR017C,0,1.5196465,0.36625710129737854,0.7734531164169312,0.13412682712078094
YDR028C,YJL052W,0,1.5185795,0.3660840690135956,0.7734531164169312,0.13422684371471405
YGR041W,YPL169C,0,1.5182264,0.36591124534606934,0.7734531164169312,0.13432686030864716
YER172C,YBR001C,0,1.5172265,0.36573857069015503,0.7734531164169312,0.13442689180374146
YBL039C,YHR115C,0,1.5143497,0.36556604504585266,0.7734531164169312,0.13452690839767456
YDR251W,YOL003C,0,1.5142093,0.36539366841316223,0.7734531164169312,0.13462692499160767
YJR050W,YOR198C,0,1.514107,0.3652215003967285,0.7734531164169312,0.13472694158554077
YPR164W,YOL113W,0,1.5131278,0.36504945158958435,0.7734531164169312,0.13482695817947388
YJL157C,YLR098C,0,1.5123372,0.3648775815963745,0.7734531164169312,0.13492698967456818
YOR061W,YNL242W,0,1.5115904,0.364705890417099,0.7734531164169312,0.13502700626850128
YNR047W,YIL162W,0,1.5113165,0.3645343482494354,0.7734531164169312,0.1351270228624344
YEL031W,YNL080C,1,1.5087903,0.3648330867290497,0.7744510769844055,0.1351270228624344
YGR133W,YOR234C,0,1.5085484,0.36466166377067566,0.7744510769844055,0.1352270394563675
YBR002C,YNR030W,1,1.5079968,0.36496007442474365,0.7754490971565247,0.1352270394563675
YHR025W,YEL050C,0,1.5069675,0.3647887408733368,0.7754490971565247,0.1353270709514618
YDR130C,YDR127W,0,1.5057132,0.36461755633354187,0.7754490971565247,0.1354270875453949
YGL137W,YER028C,0,1.503999,0.3644465208053589,0.7754490971565247,0.135527104139328
YML115C,YGL225W,1,1.502876,0.36474448442459106,0.7764471173286438,0.135527104139328
YJR013W,YDL236W,0,1.4990488,0.36457356810569763,0.7764471173286438,0.1356271207332611
YOR266W,YER083C,0,1.4964623,0.36440280079841614,0.7764471173286438,0.1357271522283554
YOR027W,YPL226W,0,1.4953794,0.36423221230506897,0.7764471173286438,0.1358271688222885
YDL126C,YIL040W,0,1.4947608,0.36406177282333374,0.7764471173286438,0.13592718541622162
YEL042W,YEL031W,1,1.4944191,0.36435920000076294,0.7774451375007629,0.13592718541622162
YKL096W,YDR522C,0,1.4932146,0.36418887972831726,0.7774451375007629,0.13602720201015472
YBR023C,YMR278W,0,1.4929903,0.36401867866516113,0.7774451375007629,0.13612721860408783
YMR230W,YDL240W,0,1.4927373,0.36384865641593933,0.7774451375007629,0.13622725009918213
YBR084W,YOR101W,0,1.4921083,0.36367881298065186,0.7774451375007629,0.13632726669311523
YMR121C,YJL001W,0,1.4916649,0.36350908875465393,0.7774451375007629,0.13642728328704834
YOR129C,YDR148C,0,1.4901774,0.36333954334259033,0.7774451375007629,0.13652729988098145
YNL126W,YPL217C,0,1.4881047,0.36317017674446106,0.7774451375007629,0.13662733137607574
YDR158W,YOL109W,0,1.4876884,0.36300092935562134,0.7774451375007629,0.13672734797000885
YBR029C,YLR148W,0,1.4876168,0.36283186078071594,0.7774451375007629,0.13682736456394196
YPL234C,YPR120C,0,1.4868367,0.3626629412174225,0.7774451375007629,0.13692738115787506
YDR532C,YHR043C,0,1.48679,0.36249417066574097,0.7774451375007629,0.13702741265296936
YNR032C-A,YHR083W,0,1.4864873,0.3623255789279938,0.7774451375007629,0.13712742924690247
YLR017W,YDR177W,0,1.4859824,0.3621571362018585,0.7774451375007629,0.13722744584083557
YLR201C,YOR236W,0,1.4857895,0.3619888424873352,0.7774451375007629,0.13732746243476868
YGR218W,YOL056W,0,1.4829004,0.3618207275867462,0.7774451375007629,0.13742747902870178
YBL020W,YGL226C-A,1,1.482225,0.3621169924736023,0.7784430980682373,0.13742747902870178
YGR206W,YKL081W,0,1.4814485,0.36194896697998047,0.7784430980682373,0.13752751052379608
YKL004W,YDR503C,0,1.4812323,0.3617810904979706,0.7784430980682373,0.1376275271177292
YDL192W,YBR087W,0,1.4809706,0.36161336302757263,0.7784430980682373,0.1377275437116623
YOR298C-A,YPL239W,0,1.4806839,0.3614457845687866,0.7784430980682373,0.1378275603055954
YPL050C,YAL023C,1,1.4790919,0.3617415428161621,0.7794411182403564,0.1378275603055954
YER004W,YHR116W,0,1.4771117,0.36157408356666565,0.7794411182403564,0.1379275918006897
YPR169W,YDR294C,0,1.4744768,0.36140674352645874,0.7794411182403564,0.1380276083946228
YER148W,YMR150C,0,1.4743916,0.36123958230018616,0.7794411182403564,0.1381276249885559
YNL189W,YBR098W,0,1.4733887,0.3610725700855255,0.7794411182403564,0.138227641582489
YDR123C,YOR083W,0,1.4723022,0.3609057366847992,0.7794411182403564,0.13832765817642212
YNL080C,YER003C,1,1.470989,0.3612009286880493,0.7804391384124756,0.13832765817642212
YMR230W,YDR318W,0,1.4702096,0.3610341548919678,0.7804391384124756,0.13842768967151642
YMR192W,YCR072C,0,1.467906,0.36086755990982056,0.7804391384124756,0.13852770626544952
YCR079W,YHL040C,0,1.4668713,0.3607011139392853,0.7804391384124756,0.13862772285938263
YMR183C,YOR354C,0,1.4657307,0.36053481698036194,0.7804391384124756,0.13872773945331573
YHR197W,YOL078W,0,1.4654372,0.36036866903305054,0.7804391384124756,0.13882777094841003
YHL033C,YNL225C,0,1.4649123,0.3602026700973511,0.7804391384124756,0.13892778754234314
YGL119W,YHR150W,0,1.4648931,0.36003682017326355,0.7804391384124756,0.13902780413627625
YBR188C,YPR108W,0,1.4644926,0.35987114906311035,0.7804391384124756,0.13912782073020935
YER082C,YJL014W,0,1.4629223,0.3597055971622467,0.7804391384124756,0.13922785222530365
YGL100W,YDL072C,0,1.4594133,0.3595402240753174,0.7804391384124756,0.13932786881923676
YDR500C,YER031C,0,1.4588361,0.359375,0.7804391384124756,0.13942788541316986
YOR002W,YEL031W,1,1.4579539,0.3596692681312561,0.78143709897995,0.13942788541316986
YDR434W,YDL110C,0,1.4558462,0.3595041334629059,0.78143709897995,0.13952790200710297
YBL075C,YLR067C,0,1.4557909,0.3593391478061676,0.78143709897995,0.13962791860103607
YKR013W,YNL280C,0,1.455303,0.35917431116104126,0.78143709897995,0.13972795009613037
YOR017W,YDL134C,0,1.4549406,0.35900962352752686,0.78143709897995,0.13982796669006348
YKL059C,YIL009C-A,0,1.4543618,0.3588450849056244,0.78143709897995,0.13992798328399658
YPR058W,YCR073C,0,1.4533536,0.35868072509765625,0.78143709897995,0.1400279998779297
YBL004W,YER028C,0,1.4529724,0.35851648449897766,0.78143709897995,0.140128031373024
YNL186W,YMR274C,0,1.4515386,0.358352392911911,0.78143709897995,0.1402280479669571
YOR059C,YNL099C,0,1.4514428,0.3581884801387787,0.78143709897995,0.1403280645608902
YMR109W,YDL046W,0,1.4511719,0.3580246865749359,0.78143709897995,0.1404280811548233
YLL018C,YMR288W,0,1.4506755,0.35786107182502747,0.78143709897995,0.1405281126499176
YGL021W,YBL007C,0,1.4502726,0.35769757628440857,0.78143709897995,0.1406281292438507
YHR207C,YKL039W,0,1.4473552,0.357534259557724,0.78143709897995,0.1407281458377838
YML126C,YPL076W,0,1.4455997,0.357371062040329,0.78143709897995,0.14082816243171692
YMR233W,YPR107C,0,1.4447477,0.3572080433368683,0.78143709897995,0.14092817902565002
YOR337W,YDR501W,0,1.4438604,0.35704514384269714,0.78143709897995,0.14102821052074432
YFL022C,YOR335C,0,1.4424677,0.35688239336013794,0.78143709897995,0.14112822711467743
YDR221W,YDL055C,1,1.4416051,0.35717540979385376,0.7824351191520691,0.14112822711467743
YMR125W,YLR410W,0,1.4413474,0.3570127487182617,0.7824351191520691,0.14122824370861053
YDR297W,YER003C,0,1.4392581,0.3568502366542816,0.7824351191520691,0.14132826030254364
YDR328C,YDR075W,0,1.4382944,0.35668790340423584,0.7824351191520691,0.14142829179763794
YJR117W,YIL015W,0,1.437612,0.3565256893634796,0.7824351191520691,0.14152830839157104
YDR176W,YML041C,0,1.4365191,0.3563636243343353,0.7824351191520691,0.14162832498550415
YJR137C,YOL030W,0,1.4352005,0.35620173811912537,0.7824351191520691,0.14172834157943726
YML072C,YIL084C,0,1.4348105,0.35603997111320496,0.7824351191520691,0.14182837307453156
YEL036C,YBL020W,1,1.4336005,0.35633227229118347,0.7834331393241882,0.14182837307453156
YGR199W,YJL186W,1,1.4331763,0.3566243052482605,0.7844311594963074,0.14182837307453156
YML077W,YNL312W,0,1.4314227,0.35646259784698486,0.7844311594963074,0.14192838966846466
YBR215W,YLR176C,0,1.4307737,0.3563010096549988,0.7844311594963074,0.14202840626239777
YGL008C,YOL138C,0,1.4296817,0.35613957047462463,0.7844311594963074,0.14212842285633087
YBR110W,YGL047W,1,1.4274698,0.35643115639686584,0.7854291200637817,0.14212842285633087
YHR110W,YOR090C,0,1.4268885,0.35626980662345886,0.7854291200637817,0.14222843945026398
YNL219C,YER005W,1,1.4254837,0.3565610945224762,0.7864271402359009,0.14222843945026398
YIR019C,YDR038C,0,1.4245814,0.356399804353714,0.7864271402359009,0.14232847094535828
YOR136W,YOL103W,0,1.424243,0.3562386929988861,0.7864271402359009,0.14242848753929138
YJL154C,YDR440W,0,1.4241316,0.35607773065567017,0.7864271402359009,0.1425285041332245
YHR044C,YDR038C,0,1.4236152,0.3559168875217438,0.7864271402359009,0.1426285207271576
YML019W,YNL080C,1,1.4225082,0.3562076687812805,0.78742516040802,0.1426285207271576
YOL138C,YOR344C,0,1.4214389,0.3560469448566437,0.78742516040802,0.1427285522222519
YDR158W,YNL161W,0,1.4202764,0.3558863401412964,0.78742516040802,0.142828568816185
YGL225W,YBR070C,1,1.4201734,0.3561767339706421,0.7884231805801392,0.142828568816185
YPR151C,YJL035C,0,1.4201624,0.35601621866226196,0.7884231805801392,0.1429285854101181
YBR221C,YEL024W,0,1.4200542,0.3558558523654938,0.7884231805801392,0.1430286020040512
YKL178C,YGL131C,0,1.4197353,0.3556956350803375,0.7884231805801392,0.14312861859798431
YJL183W,YGR036C,1,1.4184029,0.3559856116771698,0.7894211411476135,0.14312861859798431
YLR343W,YMR081C,0,1.4179412,0.3558254539966583,0.7894211411476135,0.1432286500930786
YCR067C,YIL051C,0,1.4173571,0.3556654751300812,0.7894211411476135,0.14332866668701172
YMR081C,YKR001C,0,1.4173166,0.3555056154727936,0.7894211411476135,0.14342868328094482
YAL044C,YFL009W,0,1.4168758,0.3553459048271179,0.7894211411476135,0.14352869987487793
YPL258C,YPL051W,0,1.4154453,0.3551863431930542,0.7894211411476135,0.14362873136997223
YNL062C,YJL020C,0,1.412883,0.3550269305706024,0.7894211411476135,0.14372874796390533
YGR199W,YMR013C,1,1.4123716,0.35531628131866455,0.7904191613197327,0.14372874796390533
YMR139W,YDR117C,0,1.4118726,0.35515695810317993,0.7904191613197327,0.14382876455783844
YML016C,YKR077W,0,1.4110317,0.35499775409698486,0.7904191613197327,0.14392878115177155
YGR068C,YPL206C,0,1.4091249,0.35483869910240173,0.7904191613197327,0.14402881264686584
YDR288W,YJL137C,0,1.4089595,0.35467979311943054,0.7904191613197327,0.14412882924079895
YHR001W-A,YDR343C,0,1.4079242,0.3545210361480713,0.7904191613197327,0.14422884583473206
YDL143W,YJR035W,0,1.4078789,0.354362428188324,0.7904191613197327,0.14432886242866516
YEL017C-A,YBL082C,0,1.4066972,0.3542039394378662,0.7904191613197327,0.14442887902259827
YGL142C,YCR036W,0,1.4059362,0.3540455996990204,0.7904191613197327,0.14452891051769257
YML037C,YFR053C,0,1.4055331,0.3538874089717865,0.7904191613197327,0.14462892711162567
YKL055C,YDR085C,0,1.4040344,0.35372933745384216,0.7904191613197327,0.14472894370555878
YNL069C,YKR030W,0,1.4031795,0.35357141494750977,0.7904191613197327,0.14482896029949188
YBL050W,YLR055C,0,1.4029751,0.3534136414527893,0.7904191613197327,0.14492899179458618
YMR307W,YPL020C,0,1.4013969,0.3532560169696808,0.7904191613197327,0.1450290083885193
YER036C,YML072C,0,1.4013907,0.3530985414981842,0.7904191613197327,0.1451290249824524
YBR164C,YMR044W,0,1.3986087,0.3529411852359772,0.7904191613197327,0.1452290415763855
YPR052C,YPL029W,0,1.3976576,0.3527839779853821,0.7904191613197327,0.1453290730714798
YNR032C-A,YML026C,0,1.395469,0.35262688994407654,0.7904191613197327,0.1454290896654129
YML115C,YEL031W,1,1.3940895,0.3529149889945984,0.7914171814918518,0.1454290896654129
YBL014C,YGL131C,0,1.3940263,0.3527580201625824,0.7914171814918518,0.145529106259346
YPR151C,YNL294C,0,1.393858,0.35260117053985596,0.7914171814918518,0.1456291228532791
YNR027W,YDR354W,0,1.3933644,0.35244444012641907,0.7914171814918518,0.14572913944721222
YNL048W,YJL002C,1,1.3932592,0.3527321219444275,0.7924151420593262,0.14572913944721222
YBR058C,YIR012W,0,1.3932192,0.35257548093795776,0.7924151420593262,0.14582917094230652
YJL180C,YNR052C,0,1.392479,0.3524189889431,0.7924151420593262,0.14592918753623962
YDL126C,YOR381W,0,1.3924456,0.3522626459598541,0.7924151420593262,0.14602920413017273
YKR030W,YHR181W,0,1.3923669,0.3521064221858978,0.7924151420593262,0.14612922072410583
YDR234W,YKL046C,0,1.3920028,0.35195034742355347,0.7924151420593262,0.14622925221920013
YDR298C,YDR099W,0,1.3919032,0.35179442167282104,0.7924151420593262,0.14632926881313324
YCR035C,YNL166C,0,1.3898251,0.3516386151313782,0.7924151420593262,0.14642928540706635
YGR135W,YGR286C,0,1.3891022,0.35148295760154724,0.7924151420593262,0.14652930200099945
YMR192W,YNL126W,0,1.3883045,0.35132741928100586,0.7924151420593262,0.14662931859493256
YGL119W,YGR261C,0,1.3876725,0.3511720597743988,0.7924151420593262,0.14672935009002686
YDL193W,YGR036C,1,1.3850293,0.351458877325058,0.7934131622314453,0.14672935009002686
YMR048W,YNL222W,0,1.380584,0.3513035774230957,0.7934131622314453,0.14682936668395996
YEL019C,YPL006W,0,1.3802526,0.351148396730423,0.7934131622314453,0.14692938327789307
YNL219C,YKR061W,1,1.3794312,0.3514348864555359,0.7944111824035645,0.14692938327789307
YDR447C,YKR034W,0,1.3789539,0.3512797951698303,0.7944111824035645,0.14702939987182617
YKL017C,YKL160W,0,1.3776273,0.3511248230934143,0.7944111824035645,0.14712943136692047
YNL099C,YOR046C,0,1.3765273,0.3509700298309326,0.7944111824035645,0.14722944796085358
YDR178W,YOL105C,0,1.3761585,0.3508153259754181,0.7944111824035645,0.14732946455478668
YJL104W,YPL004C,0,1.3759177,0.3506608009338379,0.7944111824035645,0.1474294811487198
YGR135W,YJR161C,0,1.3746569,0.35050639510154724,0.7944111824035645,0.1475295126438141
YKL040C,YPL253C,0,1.3743335,0.35035210847854614,0.7944111824035645,0.1476295292377472
YOL120C,YML116W,0,1.3733954,0.350197970867157,0.7944111824035645,0.1477295458316803
YNL069C,YOR018W,0,1.3732288,0.35004398226737976,0.7944111824035645,0.1478295624256134
YDL136W,YLR333C,0,1.3730934,0.3498901128768921,0.7944111824035645,0.1479295790195465
YGL225W,YOR085W,1,1.3718535,0.35017573833465576,0.7954092025756836,0.1479295790195465
YER006W,YDR158W,0,1.3717318,0.35002195835113525,0.7954092025756836,0.1480296105146408
YDL046W,YOR236W,0,1.3711212,0.3498682975769043,0.7954092025756836,0.1481296271085739
YGR227W,YPL036W,0,1.3705709,0.3497147858142853,0.7954092025756836,0.14822964370250702
YGL147C,YDR050C,0,1.3695827,0.3495613932609558,0.7954092025756836,0.14832966029644012
YNL173C,YEL051W,0,1.3689839,0.3494081497192383,0.7954092025756836,0.14842969179153442
YML127W,YMR211W,0,1.3678672,0.3492550253868103,0.7954092025756836,0.14852970838546753
YKR046C,YFR034C,0,1.3677584,0.34910205006599426,0.7954092025756836,0.14862972497940063
YKL034W,YER032W,0,1.3673017,0.34894922375679016,0.7954092025756836,0.14872974157333374
YCR102C,YLR361C,0,1.3659914,0.3487964868545532,0.7954092025756836,0.14882977306842804
YPL036W,YJL099W,0,1.3658732,0.3486439287662506,0.7954092025756836,0.14892978966236115
YLL024C,YGR061C,0,1.3656995,0.34849146008491516,0.7954092025756836,0.14902980625629425
YER133W,YER003C,0,1.363338,0.34833917021751404,0.7954092025756836,0.14912982285022736
YMR101C,YBR243C,1,1.3631865,0.3486238420009613,0.796407163143158,0.14912982285022736
YML074C,YOL103W,0,1.3617699,0.34847161173820496,0.796407163143158,0.14922983944416046
YEL036C,YDL193W,1,1.3598864,0.34875601530075073,0.7974051833152771,0.14922983944416046
YDL178W,YML116W,0,1.3581136,0.34860384464263916,0.7974051833152771,0.14932987093925476
YOR336W,YNR059W,1,1.3571763,0.34888792037963867,0.7984032034873962,0.14932987093925476
YJL002C,YOR085W,1,1.3566136,0.3491717576980591,0.7994012236595154,0.14932987093925476
YNL181W,YHR193C,0,1.3551431,0.3490196168422699,0.7994012236595154,0.14942988753318787
YNL218W,YPR141C,0,1.3539706,0.34886759519577026,0.7994012236595154,0.14952990412712097
YBL047C,YOR336W,0,1.3529731,0.34871572256088257,0.7994012236595154,0.14962992072105408
YGL226C-A,YER003C,1,1.3527403,0.34899914264678955,0.8003991842269897,0.14962992072105408
YGL187C,YIL067C,0,1.3515749,0.34884732961654663,0.8003991842269897,0.14972995221614838
YCR017C,YPL258C,0,1.3491298,0.34869566559791565,0.8003991842269897,0.14982996881008148
YOR189W,YJR137C,0,1.3486218,0.3485441207885742,0.8003991842269897,0.1499299854040146
YKR085C,YDR540C,0,1.3485278,0.34839269518852234,0.8003991842269897,0.1500300019979477
YMR149W,YBR199W,1,1.3454572,0.3486756384372711,0.8013972043991089,0.1500300019979477
YBR199W,YMR149W,1,1.3454572,0.3489583432674408,0.802395224571228,0.1500300019979477
YGR244C,YIR017C,0,1.3448311,0.3488069474697113,0.802395224571228,0.1501300185918808
YOR337W,YCR044C,0,1.3448119,0.34865567088127136,0.802395224571228,0.1502300500869751
YDR481C,YBR153W,0,1.3427705,0.34850454330444336,0.802395224571228,0.1503300666809082
YGR135W,YOR039W,0,1.3414848,0.3483535647392273,0.802395224571228,0.1504300832748413
YCL031C,YNL036W,0,1.3409796,0.3482026755809784,0.802395224571228,0.15053009986877441
YLR158C,YGR040W,0,1.3396797,0.34805193543434143,0.802395224571228,0.1506301313638687
YNL219C,YOR336W,1,1.3380629,0.34833404421806335,0.8033931851387024,0.1506301313638687
YDL134C,YPR070W,0,1.3360536,0.34818339347839355,0.8033931851387024,0.15073014795780182
YJL058C,YDL130W,0,1.3345008,0.3480328619480133,0.8033931851387024,0.15083016455173492
YJL174W,YCR088W,0,1.3336644,0.3478824496269226,0.8033931851387024,0.15093018114566803
YMR247C,YLR039C,0,1.3322716,0.34773218631744385,0.8033931851387024,0.15103021264076233
YNL162W,YNL088W,0,1.3312898,0.34758204221725464,0.8033931851387024,0.15113022923469543
YKL002W,YPL058C,0,1.3299302,0.347432017326355,0.8033931851387024,0.15123024582862854
YDR069C,YOL130W,0,1.329119,0.34728214144706726,0.8033931851387024,0.15133026242256165
YDR390C,YNL206C,0,1.3291173,0.3471323847770691,0.8033931851387024,0.15143027901649475
YNL063W,YDR027C,0,1.3282144,0.3469827473163605,0.8033931851387024,0.15153031051158905
YDR390C,YDR143C,0,1.3276856,0.3468332588672638,0.8033931851387024,0.15163032710552216
YOL149W,YJL196C,0,1.3273406,0.34668388962745667,0.8033931851387024,0.15173034369945526
YNL025C,YGL017W,0,1.3269904,0.3465346395969391,0.8033931851387024,0.15183036029338837
YLR090W,YJL048C,0,1.3262253,0.34638553857803345,0.8033931851387024,0.15193039178848267
YOL042W,YMR070W,0,1.3250036,0.34623655676841736,0.8033931851387024,0.15203040838241577
YGL178W,YLL001W,0,1.3242478,0.3460876941680908,0.8033931851387024,0.15213042497634888
YOL020W,YJL054W,0,1.3238492,0.3459389805793762,0.8033931851387024,0.15223044157028198
YGL226C-A,YGL022W,1,1.3237368,0.346219927072525,0.8043912053108215,0.15223044157028198
YDR261C,YLR249W,0,1.3232634,0.3460712730884552,0.8043912053108215,0.15233047306537628
YDR190C,YHR070W,0,1.3225291,0.3459227383136749,0.8043912053108215,0.1524304896593094
YDR361C,YOR245C,0,1.3188024,0.3457743525505066,0.8043912053108215,0.1525305062532425
YOR259C,YER054C,0,1.3154341,0.3456260859966278,0.8043912053108215,0.1526305228471756
YMR013C,YPL227C,1,1.3150856,0.3459065556526184,0.8053892254829407,0.1526305228471756
YDL232W,YOL154W,0,1.3125014,0.3457583487033844,0.8053892254829407,0.1527305394411087
YDR328C,YJL098W,0,1.3123055,0.34561029076576233,0.8053892254829407,0.152830570936203
YNL148C,YNL263C,0,1.3096313,0.3454623222351074,0.8053892254829407,0.1529305875301361
YJL123C,YKL042W,0,1.3094113,0.34531450271606445,0.8053892254829407,0.1530306041240692
YGR060W,YNR041C,0,1.3093207,0.34516680240631104,0.8053892254829407,0.15313062071800232
YBR243C,YDL055C,1,1.308743,0.34544676542282104,0.8063872456550598,0.15313062071800232
YGL047W,YGL038C,1,1.3084176,0.34572649002075195,0.8073852062225342,0.15313062071800232
YKL176C,YIL015W,0,1.3081846,0.3455788195133209,0.8073852062225342,0.15323065221309662
YMR274C,YIL138C,0,1.3070003,0.34543126821517944,0.8073852062225342,0.15333066880702972
YOR122C,YAR018C,0,1.3067952,0.3452838361263275,0.8073852062225342,0.15343068540096283
YDR432W,YOR270C,0,1.3062139,0.34513652324676514,0.8073852062225342,0.15353070199489594
YMR109W,YHL006C,0,1.3042134,0.3449893295764923,0.8073852062225342,0.15363073348999023
YML022W,YNL323W,0,1.3038335,0.3448422849178314,0.8073852062225342,0.15373075008392334
YOR354C,YJL002C,0,1.3034343,0.3446953594684601,0.8073852062225342,0.15383076667785645
YMR198W,YIR037W,0,1.3034256,0.3445485532283783,0.8073852062225342,0.15393078327178955
YNL142W,YKL193C,0,1.3032842,0.34440186619758606,0.8073852062225342,0.15403079986572266
YNL183C,YHR013C,0,1.3015096,0.34425532817840576,0.8073852062225342,0.15413083136081696
YJL204C,YKR062W,0,1.3012229,0.3441088795661926,0.8073852062225342,0.15423084795475006
YNL159C,YBL045C,0,1.3005316,0.34396257996559143,0.8073852062225342,0.15433086454868317
YDR511W,YDR022C,0,1.3003265,0.3438163995742798,0.8073852062225342,0.15443088114261627
YDR450W,YIL072W,0,1.3000138,0.3436703383922577,0.8073852062225342,0.15453091263771057
YDL232W,YNL080C,1,1.2999308,0.3439490497112274,0.8083832263946533,0.15453091263771057
YMR237W,YHR088W,0,1.2994279,0.3438030481338501,0.8083832263946533,0.15463092923164368
YBR110W,YDL193W,1,1.2981119,0.34408146142959595,0.8093812465667725,0.15463092923164368
YDR119W,YBR290W,0,1.2964778,0.3439355492591858,0.8093812465667725,0.15473094582557678
YNR051C,YGL059W,0,1.2961197,0.3437897562980652,0.8093812465667725,0.1548309624195099
YCR065W,YHR206W,0,1.2951834,0.34364408254623413,0.8093812465667725,0.154930979013443
YDL019C,YMR083W,0,1.2930453,0.3434985280036926,0.8093812465667725,0.1550310105085373
YFR050C,YBR153W,0,1.2921557,0.3433530926704407,0.8093812465667725,0.1551310271024704
YJL111W,YML057W,0,1.291237,0.34320777654647827,0.8093812465667725,0.1552310436964035
YOR374W,YAL035W,0,1.2904444,0.3430626094341278,0.8093812465667725,0.1553310602903366
YDL095W,YOR032C,0,1.2884371,0.3429175615310669,0.8093812465667725,0.1554310917854309
YOR002W,YNL080C,1,1.2882426,0.34319525957107544,0.8103792667388916,0.1554310917854309
YKL184W,YMR243C,0,1.2876127,0.3430502712726593,0.8103792667388916,0.155531108379364
YMR056C,YBR181C,0,1.283972,0.3429054021835327,0.8103792667388916,0.15563112497329712
YBR193C,YER148W,0,1.2835815,0.3427606523036957,0.8103792667388916,0.15573114156723022
YIR004W,YKR042W,0,1.2831221,0.3426160216331482,0.8103792667388916,0.15583117306232452
YMR154C,YOR288C,0,1.2830739,0.34247153997421265,0.8103792667388916,0.15593118965625763
YDL112W,YJL156C,0,1.282933,0.34232714772224426,0.8103792667388916,0.15603120625019073
YNL280C,YFR032C-A,0,1.2825873,0.3421829044818878,0.8103792667388916,0.15613122284412384
YLR189C,YGR162W,0,1.2819338,0.34203875064849854,0.8103792667388916,0.15623123943805695
YBL040C,YLR337C,0,1.2819022,0.3418947458267212,0.8103792667388916,0.15633127093315125
YMR013C,YER005W,1,1.2816768,0.34217172861099243,0.811377227306366,0.15633127093315125
YOL042W,YER183C,0,1.2804356,0.3420277535915375,0.811377227306366,0.15643128752708435
YIL068C,YBL103C,0,1.2799721,0.34188392758369446,0.811377227306366,0.15653130412101746
YHR206W,YDR513W,0,1.2788587,0.341740220785141,0.811377227306366,0.15663132071495056
YGR074W,YNL301C,0,1.2786556,0.3415966331958771,0.811377227306366,0.15673135221004486
YNL219C,YPL227C,1,1.2786543,0.3418731689453125,0.8123752474784851,0.15673135221004486
YBR002C,YEL031W,1,1.2785896,0.3421494662761688,0.8133732676506042,0.15673135221004486
YNL133C,YHR010W,0,1.2783065,0.3420058786869049,0.8133732676506042,0.15683136880397797
YNL173C,YDR243C,0,1.2775476,0.34186241030693054,0.8133732676506042,0.15693138539791107
YNL330C,YKL191W,0,1.2765586,0.3417190909385681,0.8133732676506042,0.15703140199184418
YOR321W,YPL249C,0,1.2764323,0.34157586097717285,0.8133732676506042,0.15713143348693848
YOR099W,YOR002W,1,1.2760098,0.34185171127319336,0.8143712282180786,0.15713143348693848
YPL047W,YML025C,0,1.2759831,0.34170854091644287,0.8143712282180786,0.15723145008087158
YKR065C,YMR106C,0,1.2747031,0.3415655195713043,0.8143712282180786,0.1573314666748047
YLR201C,YJL033W,0,1.2741193,0.34142258763313293,0.8143712282180786,0.1574314832687378
YGR249W,YLR100W,0,1.2733896,0.3412798047065735,0.8143712282180786,0.1575314998626709
YEL024W,YLR237W,0,1.273277,0.3411371111869812,0.8143712282180786,0.1576315313577652
YLR372W,YGR083C,0,1.2705965,0.34099456667900085,0.8143712282180786,0.1577315479516983
YOR004W,YDR388W,0,1.269698,0.34085214138031006,0.8143712282180786,0.1578315645456314
YLR147C,YML055W,0,1.2696438,0.3407098054885864,0.8143712282180786,0.15793158113956451
YBL102W,YPR175W,0,1.267878,0.34056761860847473,0.8143712282180786,0.1580316126346588
YPR019W,YPR121W,0,1.2673186,0.3404255211353302,0.8143712282180786,0.15813162922859192
YCR024C,YHR203C,0,1.2668574,0.3402835726737976,0.8143712282180786,0.15823164582252502
YKL051W,YER001W,0,1.2665317,0.3401417136192322,0.8143712282180786,0.15833166241645813
YOR198C,YLR055C,0,1.2661383,0.3400000035762787,0.8143712282180786,0.15843167901039124
YPL227C,YBR002C,1,1.2657485,0.3402749001979828,0.8153692483901978,0.15843167901039124
YER131W,YMR012W,0,1.2652988,0.3401332199573517,0.8153692483901978,0.15853171050548553
YDL150W,YPR056W,0,1.265223,0.3399916887283325,0.8153692483901978,0.15863172709941864
YBR253W,YKL014C,0,1.263701,0.3398502469062805,0.8153692483901978,0.15873174369335175
YDR120C,YIL145C,0,1.2626197,0.33970895409584045,0.8153692483901978,0.15883176028728485
YEL042W,YLR449W,0,1.262208,0.33956775069236755,0.8153692483901978,0.15893179178237915
YGL219C,YIL004C,0,1.2598958,0.3394266664981842,0.8153692483901978,0.15903180837631226
YIR003W,YHL001W,0,1.2596312,0.3392857015132904,0.8153692483901978,0.15913182497024536
YML063W,YLR388W,0,1.2558632,0.33914488554000854,0.8153692483901978,0.15923184156417847
YHR153C,YBR153W,0,1.2541535,0.33900415897369385,0.8153692483901978,0.15933187305927277
YPL118W,YER176W,0,1.2528898,0.3388635516166687,0.8153692483901978,0.15943188965320587
YMR202W,YPR165W,0,1.2526104,0.3387230634689331,0.8153692483901978,0.15953190624713898
YPL026C,YCR024C-A,0,1.2525982,0.3385826647281647,0.8153692483901978,0.15963192284107208
YNL312W,YML012W,0,1.2507919,0.3384424149990082,0.8153692483901978,0.1597319394350052
YLR324W,YOL007C,0,1.2507284,0.33830228447914124,0.8153692483901978,0.1598319709300995
YPR143W,YFL029C,0,1.2484252,0.33816224336624146,0.8153692483901978,0.1599319875240326
YHR143W,YNR039C,0,1.2475197,0.3380223512649536,0.8153692483901978,0.1600320041179657
YDR013W,YBR039W,0,1.2464328,0.33788254857063293,0.8153692483901978,0.1601320207118988
YGL133W,YLR133W,0,1.2452307,0.3377428650856018,0.8153692483901978,0.1602320522069931
YCR089W,YNL005C,0,1.2422825,0.33760330080986023,0.8153692483901978,0.1603320688009262
YGR074W,YDR394W,0,1.2420576,0.3374638557434082,0.8153692483901978,0.16043208539485931
YOR273C,YLR051C,0,1.2415606,0.3373245298862457,0.8153692483901978,0.16053210198879242
YFR050C,YDR538W,0,1.2408288,0.3371852934360504,0.8153692483901978,0.16063213348388672
YMR023C,YDR478W,0,1.2396307,0.33704620599746704,0.8153692483901978,0.16073215007781982
YNL133C,YLL022C,0,1.238253,0.33690720796585083,0.8153692483901978,0.16083216667175293
YLR393W,YIL023C,0,1.2376442,0.33676832914352417,0.8153692483901978,0.16093218326568604
YDR418W,YNL098C,0,1.2374828,0.33662956953048706,0.8153692483901978,0.16103219985961914
YDR292C,YDR341C,0,1.2354083,0.3364909291267395,0.8153692483901978,0.16113223135471344
YLR409C,YLR193C,0,1.23235,0.3363524079322815,0.8153692483901978,0.16123224794864655
YKL048C,YGL090W,0,1.2299511,0.33621400594711304,0.8153692483901978,0.16133226454257965
YMR281W,YDL164C,0,1.2289478,0.33607569336891174,0.8153692483901978,0.16143228113651276
YHR138C,YDL042C,0,1.2287977,0.3359375,0.8153692483901978,0.16153231263160706
YHL016C,YML042W,0,1.2286322,0.3357994258403778,0.8153692483901978,0.16163232922554016
YDL192W,YAL020C,0,1.2283735,0.33566147089004517,0.8153692483901978,0.16173234581947327
YGL167C,YDL055C,1,1.2273533,0.33593428134918213,0.8163672685623169,0.16173234581947327
YML085C,YJL090C,0,1.2228308,0.33579638600349426,0.8163672685623169,0.16183236241340637
YBL009W,YLR368W,0,1.2218384,0.33565860986709595,0.8163672685623169,0.16193239390850067
YJR086W,YHR021C,0,1.2211502,0.3355209231376648,0.8163672685623169,0.16203241050243378
YBR043C,YMR083W,0,1.2208412,0.3353833556175232,0.8163672685623169,0.16213242709636688
YOR321W,YGL226C-A,1,1.2192714,0.33565574884414673,0.817365288734436,0.16213242709636688
YBR087W,YML021C,0,1.2192323,0.3355182409286499,0.817365288734436,0.1622324436903
YHR128W,YDR122W,0,1.2190657,0.33538082242012024,0.817365288734436,0.1623324602842331
YOR211C,YBR104W,0,1.2182976,0.3352435529232025,0.817365288734436,0.1624324917793274
YDR242W,YLL050C,0,1.2182696,0.33510637283325195,0.817365288734436,0.1625325083732605
YBR039W,YCR066W,0,1.2169493,0.33496931195259094,0.817365288734436,0.1626325249671936
YMR127C,YMR071C,0,1.2161766,0.3348323702812195,0.817365288734436,0.1627325415611267
YIL121W,YDR189W,0,1.2157688,0.3346955478191376,0.817365288734436,0.162832573056221
YNL055C,YMR042W,0,1.2137786,0.3345588147640228,0.817365288734436,0.1629325896501541
YLR066W,YPL016W,0,1.2119136,0.33442220091819763,0.817365288734436,0.16303260624408722
YGL243W,YNL310C,0,1.2115259,0.334285706281662,0.817365288734436,0.16313262283802032
YPL262W,YLR371W,0,1.2114756,0.3341493308544159,0.817365288734436,0.16323263943195343
YNL113W,YNL225C,0,1.211381,0.33401304483413696,0.817365288734436,0.16333267092704773
YPR086W,YJL196C,0,1.2112396,0.3338768780231476,0.817365288734436,0.16343268752098083
YMR118C,YIL122W,0,1.2110736,0.33374083042144775,0.817365288734436,0.16353270411491394
YEL017C-A,YMR150C,0,1.2095008,0.3336049020290375,0.817365288734436,0.16363272070884705
YGL219C,YDL145C,0,1.2085731,0.33346906304359436,0.817365288734436,0.16373275220394135
YOL049W,YMR243C,0,1.2074499,0.3333333432674408,0.817365288734436,0.16383276879787445
YPR005C,YGR170W,0,1.2062399,0.3331977128982544,0.817365288734436,0.16393278539180756
YLR299W,YHL033C,0,1.2045676,0.33306223154067993,0.817365288734436,0.16403280198574066
YGR058W,YLR196W,0,1.203593,0.33292683959007263,0.817365288734436,0.16413283348083496
YIL014W,YMR013C,1,1.2031932,0.3331978917121887,0.8183632493019104,0.16413283348083496
YHR063C,YHR025W,0,1.2015004,0.3330625593662262,0.8183632493019104,0.16423285007476807
YHR148W,YDR302W,0,1.2014811,0.33292731642723083,0.8183632493019104,0.16433286666870117
YCR004C,YDL046W,0,1.2010396,0.3327922224998474,0.8183632493019104,0.16443288326263428
YGL119W,YDR227W,0,1.20063,0.33265718817710876,0.8183632493019104,0.16453289985656738
YDR325W,YPL266W,0,1.1987787,0.33252230286598206,0.8183632493019104,0.16463293135166168
YGL227W,YMR012W,0,1.198524,0.3323875069618225,0.8183632493019104,0.1647329479455948
YMR234W,YOR057W,0,1.1984515,0.3322528302669525,0.8183632493019104,0.1648329645395279
YCR028C-A,YLL001W,0,1.1980139,0.33211827278137207,0.8183632493019104,0.164932981133461
YER011W,YPL086C,0,1.1960897,0.3319838047027588,0.8183632493019104,0.1650330126285553
YBR156C,YLR288C,0,1.1923392,0.33184945583343506,0.8183632493019104,0.1651330292224884
YPL227C,YEL031W,1,1.1923256,0.33211973309516907,0.8193612694740295,0.1651330292224884
YJL148W,YDL056W,0,1.1917809,0.3319854438304901,0.8193612694740295,0.1652330458164215
YPL097W,YDR368W,0,1.191257,0.3318512439727783,0.8193612694740295,0.16533306241035461
YPL051W,YER146W,0,1.1905205,0.3317171633243561,0.8193612694740295,0.1654330939054489
YLR147C,YFL018C,0,1.1902167,0.3315832018852234,0.8193612694740295,0.16553311049938202
YOL149W,YGL116W,0,1.1883421,0.33144932985305786,0.8193612694740295,0.16563312709331512
YDL160C,YNL091W,0,1.1874955,0.3313155770301819,0.8193612694740295,0.16573314368724823
YJL212C,YER001W,0,1.1864365,0.33118191361427307,0.8193612694740295,0.16583316028118134
YML012W,YHL001W,0,1.1858435,0.3310483992099762,0.8193612694740295,0.16593319177627563
YNL189W,YBR039W,0,1.1843545,0.3309149444103241,0.8193612694740295,0.16603320837020874
YDL117W,YPL008W,0,1.1838009,0.33078163862228394,0.8193612694740295,0.16613322496414185
YDR234W,YGL099W,0,1.1835734,0.33064842224121094,0.8193612694740295,0.16623324155807495
YNL066W,YPL111W,0,1.1828825,0.3305152952671051,0.8193612694740295,0.16633327305316925
YHR133C,YDR440W,0,1.1807144,0.3303822875022888,0.8193612694740295,0.16643328964710236
YOL088C,YMR158W,0,1.1793096,0.3302493989467621,0.8193612694740295,0.16653330624103546
YER169W,YCL051W,0,1.1789141,0.3301165997982025,0.8193612694740295,0.16663332283496857
YGL226C-A,YJL186W,1,1.1748588,0.33038586378097534,0.8203592896461487,0.16663332283496857
YMR060C,YEL001C,0,1.1747118,0.33025312423706055,0.8203592896461487,0.16673333942890167
YLL018C-A,YER069W,0,1.1743675,0.3301204741001129,0.8203592896461487,0.16683337092399597
YBR227C,YEL001C,0,1.1741557,0.32998794317245483,0.8203592896461487,0.16693338751792908
YDR483W,YER005W,1,1.1734223,0.3302568197250366,0.8213573098182678,0.16693338751792908
YOL008W,YKL127W,0,1.1725333,0.3301243484020233,0.8213573098182678,0.16703340411186218
YMR149W,YPR183W,1,1.1716156,0.3303929567337036,0.8223552703857422,0.16703340411186218
YOR086C,YDR376W,0,1.1694164,0.3302605152130127,0.8223552703857422,0.1671334207057953
YIR006C,YBR162W-A,0,1.1681118,0.33012819290161133,0.8223552703857422,0.1672334522008896
YPL144W,YLR327C,0,1.1673226,0.3299959897994995,0.8223552703857422,0.1673334687948227
YFL049W,YNL164C,0,1.1660702,0.32986390590667725,0.8223552703857422,0.1674334853887558
YDR119W,YMR091C,0,1.1658379,0.32973188161849976,0.8223552703857422,0.1675335019826889
YPL079W,YAL020C,0,1.1638665,0.3296000063419342,0.8223552703857422,0.1676335334777832
YNL106C,YDR036C,0,1.1620425,0.3294682204723358,0.8223552703857422,0.1677335500717163
YDR519W,YGL195W,0,1.1605808,0.3293365240097046,0.8223552703857422,0.16783356666564941
YNL156C,YKL112W,0,1.1604846,0.3292049467563629,0.8223552703857422,0.16793358325958252
YDR293C,YLL018C-A,0,1.1602397,0.3290734887123108,0.8223552703857422,0.16803359985351562
YML115C,YEL036C,1,1.1594961,0.329341322183609,0.8233532905578613,0.16803359985351562
YPR131C,YOR371C,0,1.1593571,0.3292098939418793,0.8233532905578613,0.16813363134860992
YDL149W,YHR200W,0,1.1592036,0.3290785849094391,0.8233532905578613,0.16823364794254303
YPL086C,YOL137W,0,1.1564474,0.32894736528396606,0.8233532905578613,0.16833366453647614
YNL133C,YDR325W,0,1.1522454,0.3288162648677826,0.8233532905578613,0.16843368113040924
YMR204C,YOR143C,0,1.1502312,0.3286852538585663,0.8233532905578613,0.16853371262550354
YAL041W,YDL010W,0,1.1501181,0.3285543620586395,0.8233532905578613,0.16863372921943665
YDR448W,YGR209C,0,1.1492325,0.32842355966567993,0.8233532905578613,0.16873374581336975
YIL014W,YNL080C,1,1.1485907,0.3286907970905304,0.8243513107299805,0.16873374581336975
YCR008W,YPR141C,0,1.147402,0.3285600543022156,0.8243513107299805,0.16883376240730286
YJR131W,YPR175W,0,1.1467419,0.3284294307231903,0.8243513107299805,0.16893379390239716
YGL213C,YOR361C,0,1.1452944,0.3282988965511322,0.8243513107299805,0.16903381049633026
YML019W,YOR085W,1,1.1448033,0.3285657465457916,0.8253493309020996,0.16903381049633026
YLR034C,YDL091C,0,1.1444588,0.3284352719783783,0.8253493309020996,0.16913382709026337
YOR101W,YBL016W,0,1.1439025,0.32830488681793213,0.8253493309020996,0.16923384368419647
YMR264W,YLR204W,0,1.1438005,0.3281745910644531,0.8253493309020996,0.16933386027812958
YPL206C,YBR123C,0,1.143414,0.32804441452026367,0.8253493309020996,0.16943389177322388
YLR109W,YGL022W,0,1.1425767,0.32791435718536377,0.8253493309020996,0.16953390836715698
YML078W,YDL188C,0,1.1420016,0.32778438925743103,0.8253493309020996,0.1696339249610901
YGL207W,YJL162C,0,1.1400144,0.32765451073646545,0.8253493309020996,0.1697339415550232
YNR037C,YER095W,0,1.1399356,0.32752475142478943,0.8253493309020996,0.1698339730501175
YBR201W,YBL074C,0,1.1393126,0.32739508152008057,0.8253493309020996,0.1699339896440506
YDR005C,YNL061W,0,1.1390809,0.32726553082466125,0.8253493309020996,0.1700340062379837
YNR016C,YOR270C,0,1.1388916,0.3271360695362091,0.8253493309020996,0.1701340228319168
YLR109W,YDR248C,0,1.138491,0.3270067274570465,0.8253493309020996,0.17023403942584991
YPL086C,YML013W,0,1.1383688,0.3268774747848511,0.8253493309020996,0.1703340709209442
YHR108W,YHL001W,0,1.1382895,0.3267483115196228,0.8253493309020996,0.17043408751487732
YOR253W,YKL211C,0,1.1380382,0.3266192674636841,0.8253493309020996,0.17053410410881042
YBR149W,YEL004W,0,1.1376598,0.3264903128147125,0.8253493309020996,0.17063412070274353
YGL001C,YJL001W,0,1.1372902,0.3263614773750305,0.8253493309020996,0.17073415219783783
YGL067W,YMR217W,0,1.1368985,0.3262327313423157,0.8253493309020996,0.17083416879177094
YMR071C,YOR175C,0,1.136832,0.3261041045188904,0.8253493309020996,0.17093418538570404
YNL081C,YBL078C,0,1.1367476,0.32597556710243225,0.8253493309020996,0.17103420197963715
YEL034W,YER020W,0,1.1365814,0.3258471190929413,0.8253493309020996,0.17113423347473145
YBR191W,YGL100W,0,1.1362321,0.32571879029273987,0.8253493309020996,0.17123425006866455
YGR194C,YNL063W,0,1.1305544,0.3255905508995056,0.8253493309020996,0.17133426666259766
YPL126W,YHR073W,0,1.1288264,0.3254624307155609,0.8253493309020996,0.17143428325653076
YGL031C,YML098W,0,1.1288227,0.325334370136261,0.8253493309020996,0.17153429985046387
YOL011W,YLR340W,0,1.1286367,0.325206458568573,0.8253493309020996,0.17163433134555817
YLR355C,YAL019W,0,1.1273763,0.3250786066055298,0.8253493309020996,0.17173434793949127
YLR405W,YDR086C,0,1.1256967,0.3249508738517761,0.8253493309020996,0.17183436453342438
YEL017C-A,YPL063W,0,1.1251862,0.324823260307312,0.8253493309020996,0.17193438112735748
YBR146W,YIL050W,0,1.1229689,0.3246957063674927,0.8253493309020996,0.17203441262245178
YJL002C,YPL005W,0,1.1218085,0.3245683014392853,0.8253493309020996,0.1721344292163849
YLR229C,YDL126C,0,1.1214145,0.32444095611572266,0.8253493309020996,0.172234445810318
YJR065C,YOR290C,0,1.1168451,0.3243137300014496,0.8253493309020996,0.1723344624042511
YJL181W,YDR284C,0,1.1166717,0.3241865932941437,0.8253493309020996,0.1724344938993454
YGR033C,YJL138C,0,1.1149113,0.3240595757961273,0.8253493309020996,0.1725345104932785
YBL072C,YER018C,0,1.1097851,0.32393261790275574,0.8253493309020996,0.1726345270872116
YLR347C,YCR077C,0,1.1062729,0.3238058090209961,0.8253493309020996,0.17273454368114471
YPL075W,YDR510W,0,1.1059935,0.3236790597438812,0.8253493309020996,0.17283456027507782
YHR104W,YOR174W,0,1.1056036,0.3235524296760559,0.8253493309020996,0.17293459177017212
YLR328W,YDR462W,0,1.1052936,0.32342588901519775,0.8253493309020996,0.17303460836410522
YAL002W,YJR158W,0,1.1044686,0.32329946756362915,0.8253493309020996,0.17313462495803833
YEL032W,YDR489W,0,1.1044376,0.3231731057167053,0.8253493309020996,0.17323464155197144
YJL012C,YKL014C,0,1.1030737,0.32304686307907104,0.8253493309020996,0.17333467304706573
YPL057C,YPL270W,0,1.1024966,0.3229207396507263,0.8253493309020996,0.17343468964099884
YLR189C,YOL121C,0,1.1010139,0.32279470562934875,0.8253493309020996,0.17353470623493195
YOR103C,YML048W,0,1.1004606,0.32266876101493835,0.8253493309020996,0.17363472282886505
YJL154C,YBR123C,0,1.0994165,0.3225429058074951,0.8253493309020996,0.17373475432395935
YNL148C,YKL069W,0,1.098444,0.32241714000701904,0.8253493309020996,0.17383477091789246
YGL226C-A,YGR227W,1,1.0978761,0.3226812183856964,0.826347291469574,0.17383477091789246
YLR451W,YBR103W,0,1.0967546,0.3225555121898651,0.826347291469574,0.17393478751182556
YOR035C,YDR033W,0,1.0951278,0.322429895401001,0.826347291469574,0.17403480410575867
YLR066W,YOR241W,0,1.094917,0.3223043978214264,0.826347291469574,0.17413482069969177
YOR321W,YBR199W,1,1.0933565,0.3225680887699127,0.8273453116416931,0.17413482069969177
YHR153C,YEL027W,0,1.0930566,0.3224426209926605,0.8273453116416931,0.17423485219478607
YPL059W,YPR107C,0,1.0926964,0.3223172724246979,0.8273453116416931,0.17433486878871918
YJL198W,YDR099W,0,1.0926094,0.32219198346138,0.8273453116416931,0.17443488538265228
YCL054W,YCL050C,0,1.0923638,0.3220668137073517,0.8273453116416931,0.1745349019765854
YLL048C,YKL134C,0,1.0913358,0.3219417333602905,0.8273453116416931,0.1746349334716797
YHR050W,YFR051C,0,1.0902842,0.3218167722225189,0.8273453116416931,0.1747349500656128
YDR231C,YLR431C,0,1.0890198,0.3216919004917145,0.8273453116416931,0.1748349666595459
YPL249C-A,YDR489W,0,1.0863088,0.3215671181678772,0.8273453116416931,0.174934983253479
YFR007W,YJR132W,0,1.0854497,0.3214424252510071,0.8273453116416931,0.1750349998474121
YLR435W,YLR373C,0,1.0832818,0.3213178217411041,0.8273453116416931,0.1751350313425064
YCR053W,YOR201C,0,1.0816119,0.3211933374404907,0.8273453116416931,0.17523504793643951
YJL183W,YNL164C,0,1.0781112,0.3210689425468445,0.8273453116416931,0.17533506453037262
YNL029C,YIL085C,1,1.0767089,0.32133179903030396,0.8283433318138123,0.17533506453037262
YER112W,YDL214C,0,1.0766314,0.3212074339389801,0.8283433318138123,0.17543508112430573
YML127W,YDR376W,0,1.0763763,0.3210831582546234,0.8283433318138123,0.17553511261940002
YNL029C,YBR110W,1,1.0756525,0.321345716714859,0.8293412923812866,0.17553511261940002
YNL106C,YHL031C,0,1.0747154,0.3212215006351471,0.8293412923812866,0.17563512921333313
YPL227C,YNL080C,1,1.0730655,0.3214837610721588,0.8303393125534058,0.17563512921333313
YLR147C,YDL178W,0,1.0724623,0.3213596045970917,0.8303393125534058,0.17573514580726624
YMR091C,YHR083W,0,1.0708567,0.3212355077266693,0.8303393125534058,0.17583516240119934
YDR418W,YGR257C,0,1.0708032,0.3211115300655365,0.8303393125534058,0.17593519389629364
YDL226C,YKR100C,0,1.0684037,0.32098764181137085,0.8303393125534058,0.17603521049022675
YPL118W,YBR103W,0,1.0666162,0.32086387276649475,0.8303393125534058,0.17613522708415985
YDR077W,YLR459W,0,1.066605,0.3207401633262634,0.8303393125534058,0.17623524367809296
YOR217W,YPL029W,0,1.0648406,0.32061657309532166,0.8303393125534058,0.17633526027202606
YDR147W,YPL198W,0,1.0647049,0.32049307227134705,0.8303393125534058,0.17643529176712036
YDR143C,YBR251W,0,1.0641721,0.3203696608543396,0.8303393125534058,0.17653530836105347
YPL105C,YOL067C,0,1.0631233,0.3202463388442993,0.8303393125534058,0.17663532495498657
YLR398C,YLR357W,0,1.062697,0.3201231360435486,0.8303393125534058,0.17673534154891968
YOR100C,YDR276C,0,1.0625,0.3199999928474426,0.8303393125534058,0.17683537304401398
YDR013W,YDR524C,0,1.0597837,0.3198769688606262,0.8303393125534058,0.17693538963794708
YDR219C,YOR264W,0,1.0591775,0.319754034280777,0.8303393125534058,0.1770354062318802
YDR326C,YIL040W,0,1.0590965,0.3196311891078949,0.8303393125534058,0.1771354228258133
YML007W,YGL076C,0,1.0590854,0.31950846314430237,0.8303393125534058,0.1772354543209076
YLR377C,YIR017C,0,1.0585777,0.3193857967853546,0.8303393125534058,0.1773354709148407
YER014W,YKR025W,0,1.0574048,0.3192632496356964,0.8303393125534058,0.1774354875087738
YJL026W,YLR384C,0,1.0571606,0.319140762090683,0.8303393125534058,0.1775355041027069
YNR030W,YJR086W,0,1.0568185,0.3190183937549591,0.8303393125534058,0.17763552069664001
YEL031W,YJL183W,1,1.0564386,0.31927943229675293,0.8313373327255249,0.17763552069664001
YML019W,YGL038C,1,1.0555581,0.31954023241996765,0.832335352897644,0.17763552069664001
YDR178W,YGR099W,0,1.0551975,0.3194178342819214,0.832335352897644,0.17773555219173431
YCR018C,YGL076C,0,1.0547796,0.3192955553531647,0.832335352897644,0.17783556878566742
YPL155C,YLR262C,0,1.0531714,0.3191733658313751,0.832335352897644,0.17793558537960052
YHR215W,YGR080W,0,1.0512778,0.31905126571655273,0.832335352897644,0.17803560197353363
YLR048W,YMR198W,0,1.0504102,0.3189292550086975,0.832335352897644,0.17813563346862793
YGR162W,YBL035C,0,1.0495211,0.31880733370780945,0.832335352897644,0.17823565006256104
YPR061C,YMR216C,0,1.0487947,0.31868553161621094,0.832335352897644,0.17833566665649414
YDR097C,YKL208W,0,1.0487119,0.3185637891292572,0.832335352897644,0.17843568325042725
YBR168W,YJL092W,0,1.0475496,0.318442165851593,0.832335352897644,0.17853569984436035
YKR042W,YJR089W,0,1.0474187,0.3183206021785736,0.832335352897644,0.17863573133945465
YPR155C,YKR087C,0,1.0473269,0.31819915771484375,0.832335352897644,0.17873574793338776
YJR131W,YKR061W,1,1.0468962,0.3184591829776764,0.8333333134651184,0.17873574793338776
YPL029W,YPL220W,0,1.0468278,0.3183377683162689,0.8333333134651184,0.17883576452732086
YOR189W,YBL045C,0,1.0459139,0.318216472864151,0.8333333134651184,0.17893578112125397
YER179W,YDR071C,0,1.0453641,0.31809523701667786,0.8333333134651184,0.17903581261634827
YGR263C,YLR070C,0,1.0453476,0.3179740905761719,0.8333333134651184,0.17913582921028137
YDR395W,YPL091W,0,1.0446184,0.31785306334495544,0.8333333134651184,0.17923584580421448
YEL031W,YDR414C,1,1.043081,0.31811264157295227,0.8343313336372375,0.17923584580421448
YML016C,YKL051W,0,1.0429919,0.3179916441440582,0.8343313336372375,0.17933586239814758
YBR265W,YDL231C,0,1.0429031,0.31787073612213135,0.8343313336372375,0.17943589389324188
YMR275C,YDL051W,0,1.0425687,0.31774991750717163,0.8343313336372375,0.179535910487175
YFR053C,YLR127C,0,1.0422738,0.3176291882991791,0.8343313336372375,0.1796359270811081
YPR029C,YPL256C,0,1.041509,0.3175085484981537,0.8343313336372375,0.1797359436750412
YBR088C,YPL088W,0,1.0394478,0.31738799810409546,0.8343313336372375,0.1798359602689743
YNL243W,YNL227C,0,1.0374658,0.3172675669193268,0.8343313336372375,0.1799359917640686
YPR180W,YHR007C,0,1.0374348,0.3171471953392029,0.8343313336372375,0.1800360083580017
YML106W,YAL009W,0,1.037284,0.31702691316604614,0.8343313336372375,0.18013602495193481
YJR014W,YMR286W,0,1.0372009,0.31690675020217896,0.8343313336372375,0.18023604154586792
YBL046W,YPR010C,0,1.0365967,0.31678664684295654,0.8343313336372375,0.18033607304096222
YKL140W,YMR288W,0,1.0356342,0.3166666626930237,0.8343313336372375,0.18043608963489532
YMR109W,YMR006C,0,1.0348027,0.316546767950058,0.8343313336372375,0.18053610622882843
YLR421C,YER124C,0,1.0334511,0.31642696261405945,0.8343313336372375,0.18063612282276154
YCR077C,YEL064C,0,1.0325576,0.3163072168827057,0.8343313336372375,0.18073615431785583
YOL125W,YLR015W,0,1.0319458,0.3161875903606415,0.8343313336372375,0.18083617091178894
YCR033W,YMR161W,0,1.0308558,0.31606805324554443,0.8343313336372375,0.18093618750572205
YPR173C,YPR032W,0,1.0307876,0.31594860553741455,0.8343313336372375,0.18103620409965515
YGR033C,YLR100W,0,1.0305035,0.31582924723625183,0.8343313336372375,0.18113622069358826
YDL101C,YDR309C,0,1.0301714,0.3157099783420563,0.8343313336372375,0.18123625218868256
YDL191W,YHR010W,0,1.0290568,0.3155907988548279,0.8343313336372375,0.18133626878261566
YNL265C,YKL049C,0,1.0288401,0.31547170877456665,0.8343313336372375,0.18143628537654877
YOR101W,YPL178W,0,1.0281168,0.3153527081012726,0.8343313336372375,0.18153630197048187
YEL002C,YEL036C,1,1.0278565,0.3156108558177948,0.8353293538093567,0.18153630197048187
YDR052C,YDR086C,0,1.0276182,0.3154918849468231,0.8353293538093567,0.18163633346557617
YIL030C,YNL263C,0,1.0269425,0.315373033285141,0.8353293538093567,0.18173635005950928
YBR068C,YLR299W,0,1.0259533,0.31525424122810364,0.8353293538093567,0.18183636665344238
YFL018C,YML013W,0,1.0256635,0.31513553857803345,0.8353293538093567,0.1819363832473755
YMR006C,YLR175W,0,1.0240539,0.3150169253349304,0.8353293538093567,0.1820363998413086
YNL300W,YDR238C,0,1.0237865,0.31489843130111694,0.8353293538093567,0.1821364313364029
YNL009W,YOR210W,0,1.0235966,0.31477999687194824,0.8353293538093567,0.182236447930336
YOR099W,YER005W,1,1.0235537,0.3150376081466675,0.8363273739814758,0.182236447930336
YDR045C,YOL005C,0,1.0228292,0.31491920351982117,0.8363273739814758,0.1823364645242691
YLL018C,YGR204W,0,1.0222319,0.314800888299942,0.8363273739814758,0.1824364811182022
YKR060W,YNL214W,0,1.0222121,0.3146826922893524,0.8363273739814758,0.1825365126132965
YNL219C,YEL031W,1,1.0207261,0.314939945936203,0.8373253345489502,0.1825365126132965
YMR211W,YHR017W,0,1.0203074,0.3148217499256134,0.8373253345489502,0.18263652920722961
YMR247C,YKL101W,0,1.0197475,0.31470367312431335,0.8373253345489502,0.18273654580116272
YOR109W,YML026C,0,1.0196828,0.31458568572998047,0.8373253345489502,0.18283656239509583
YKL143W,YDR098C,0,1.0190444,0.31446775794029236,0.8373253345489502,0.18293659389019012
YHL031C,YPL024W,0,1.018241,0.3143499493598938,0.8373253345489502,0.18303661048412323
YGR003W,YLR215C,0,1.017454,0.31423220038414,0.8373253345489502,0.18313662707805634
YBR084W,YDR402C,0,1.0162127,0.3141145706176758,0.8373253345489502,0.18323664367198944
YPL053C,YBR199W,1,1.0139045,0.314371258020401,0.8383233547210693,0.18323664367198944
YGR123C,YDR237W,0,1.0135528,0.31425365805625916,0.8383233547210693,0.18333666026592255
YBR131W,YMR268C,0,1.0134486,0.3141361176967621,0.8383233547210693,0.18343669176101685
YBR254C,YDR490C,0,1.0130341,0.31401869654655457,0.8383233547210693,0.18353670835494995
YMR001C,YGR054W,0,1.0126362,0.3139013350009918,0.8383233547210693,0.18363672494888306
YJL148W,YDR501W,0,1.0121279,0.31378409266471863,0.8383233547210693,0.18373674154281616
YFL034C-B,YML092C,0,1.0113118,0.3136669099330902,0.8383233547210693,0.18383677303791046
YML065W,YNL076W,0,1.0099734,0.31354984641075134,0.8383233547210693,0.18393678963184357
YDR177W,YDL122W,0,1.0095422,0.31343284249305725,0.8383233547210693,0.18403680622577667
YGR075C,YER048C,0,1.0092669,0.3133159279823303,0.8383233547210693,0.18413682281970978
YHL050C,YNL063W,0,1.0091393,0.31319910287857056,0.8383233547210693,0.18423685431480408
YMR153W,YBR086C,0,1.0085623,0.31308236718177795,0.8383233547210693,0.18433687090873718
YOR073W,YOR039W,0,1.0081697,0.3129657208919525,0.8383233547210693,0.1844368875026703
YMR029C,YLR115W,0,1.0077474,0.31284916400909424,0.8383233547210693,0.1845369040966034
YIR026C,YDR256C,0,1.0075817,0.3127326965332031,0.8383233547210693,0.1846369206905365
YER173W,YDR116C,0,1.0073155,0.3126162886619568,0.8383233547210693,0.1847369521856308
YGR220C,YJL025W,0,1.0073144,0.3125,0.8383233547210693,0.1848369687795639
YPL069C,YLR066W,0,1.007166,0.312383770942688,0.8383233547210693,0.184936985373497
YOR011W,YKL056C,0,1.0070128,0.3122676610946655,0.8383233547210693,0.18503700196743011
YKL058W,YJR143C,0,1.006819,0.31215161085128784,0.8383233547210693,0.18513703346252441
YGR033C,YPR161C,0,1.0066254,0.3120356500148773,0.8383233547210693,0.18523705005645752
YBR198C,YER048C,0,1.0058405,0.31191977858543396,0.8383233547210693,0.18533706665039062
YPL140C,YCR036W,0,1.0050676,0.31180399656295776,0.8383233547210693,0.18543708324432373
YMR022W,YML009C,0,1.0048543,0.31168830394744873,0.8383233547210693,0.18553711473941803
YCR024C,YDR315C,0,1.0040648,0.31157270073890686,0.8383233547210693,0.18563713133335114
YER141W,YMR207C,0,1.0031501,0.31145718693733215,0.8383233547210693,0.18573714792728424
YDR039C,YIL019W,0,1.0023504,0.3113417327404022,0.8383233547210693,0.18583716452121735
YBL009W,YHR181W,0,1.0021292,0.31122636795043945,0.8383233547210693,0.18593718111515045
YGL049C,YPL040C,0,1.0002984,0.31111112236976624,0.8383233547210693,0.18603721261024475
YGL067W,YGL142C,0,0.9990164,0.3109959363937378,0.8383233547210693,0.18613722920417786
YDR450W,YHL015W,0,0.99757653,0.3108808398246765,0.8383233547210693,0.18623724579811096
YDL043C,YNL097C,0,0.99734974,0.31076580286026,0.8383233547210693,0.18633726239204407
YDR180W,YER172C,0,0.99730885,0.31065088510513306,0.8383233547210693,0.18643729388713837
YJL008C,YGR211W,0,0.9969959,0.31053605675697327,0.8383233547210693,0.18653731048107147
YNL081C,YPL100W,0,0.99692744,0.31042128801345825,0.8383233547210693,0.18663732707500458
YMR205C,YNL177C,0,0.99654853,0.3103066086769104,0.8383233547210693,0.18673734366893768
YDR190C,YER072W,0,0.9950252,0.3101920187473297,0.8383233547210693,0.1868373602628708
YBL020W,YBR243C,1,0.9932965,0.3104466497898102,0.8393213748931885,0.1868373602628708
YHR018C,YDR238C,0,0.9929841,0.3103320896625519,0.8393213748931885,0.1869373917579651
YER155C,YOL009C,0,0.9926145,0.31021761894226074,0.8393213748931885,0.1870374083518982
YPR056W,YCL055W,0,0.9923688,0.31010323762893677,0.8393213748931885,0.1871374249458313
YOR380W,YJL065C,0,0.9922461,0.30998894572257996,0.8393213748931885,0.1872374415397644
YBR218C,YCR069W,0,0.9918736,0.3098747134208679,0.8393213748931885,0.1873374730348587
YLR077W,YJR143C,0,0.9917131,0.30976060032844543,0.8393213748931885,0.1874374896287918
YMR009W,YKL056C,0,0.99069864,0.3096465468406677,0.8393213748931885,0.18753750622272491
YDR194C,YML065W,0,0.99062085,0.3095325827598572,0.8393213748931885,0.18763752281665802
YIL126W,YPR143W,0,0.98861045,0.3094186782836914,0.8393213748931885,0.18773755431175232
YHR190W,YDR347W,0,0.9886085,0.3093048930168152,0.8393213748931885,0.18783757090568542
YGL065C,YDR312W,0,0.9878191,0.30919116735458374,0.8393213748931885,0.18793758749961853
YOR384W,YIR036C,0,0.98768926,0.30907753109931946,0.8393213748931885,0.18803760409355164
YJL115W,YPL220W,0,0.9874843,0.30896398425102234,0.8393213748931885,0.18813762068748474
YBL055C,YDR443C,0,0.98682904,0.3088505268096924,0.8393213748931885,0.18823765218257904
YMR313C,YDR345C,0,0.9853991,0.3087371587753296,0.8393213748931885,0.18833766877651215
YHR207C,YMR216C,0,0.9847502,0.3086238503456116,0.8393213748931885,0.18843768537044525
YOR337W,YPR178W,0,0.9834051,0.3085106313228607,0.8393213748931885,0.18853770196437836
YER086W,YLR071C,0,0.98293996,0.308397501707077,0.8393213748931885,0.18863773345947266
YNL219C,YOR085W,1,0.9828939,0.30865103006362915,0.8403193354606628,0.18863773345947266
YPR037C,YML041C,0,0.9824265,0.30853793025016785,0.8403193354606628,0.18873775005340576
YDR097C,YBL007C,0,0.98083043,0.3084249198436737,0.8403193354606628,0.18883776664733887
YGL195W,YJL212C,0,0.9806675,0.30831196904182434,0.8403193354606628,0.18893778324127197
YPR104C,YNR011C,0,0.98055506,0.30819910764694214,0.8403193354606628,0.18903781473636627
YIR026C,YGL099W,0,0.97890455,0.3080863654613495,0.8403193354606628,0.18913783133029938
YER119C,YLR214W,0,0.9785361,0.3079736530780792,0.8403193354606628,0.18923784792423248
YEL036C,YGL027C,1,0.9785045,0.30822670459747314,0.841317355632782,0.18923784792423248
YGL038C,YDR414C,1,0.97838676,0.30847951769828796,0.8423153758049011,0.18923784792423248
YGR157W,YJR073C,0,0.97838026,0.3083668351173401,0.8423153758049011,0.1893378645181656
YAL002W,YMR205C,0,0.97651744,0.308254212141037,0.8423153758049011,0.1894378811120987
YOR255W,YDL214C,0,0.97455925,0.30814164876937866,0.8423153758049011,0.189537912607193
YGL155W,YGL111W,0,0.9745478,0.3080292046070099,0.8423153758049011,0.1896379292011261
YAR003W,YOL116W,0,0.97397196,0.3079168200492859,0.8423153758049011,0.1897379457950592
YML031W,YPL120W,0,0.9736832,0.30780452489852905,0.8423153758049011,0.1898379623889923
YDR265W,YOR036W,0,0.9733244,0.3076923191547394,0.8423153758049011,0.1899379938840866
YER086W,YAL058W,0,0.9731768,0.3075801730155945,0.8423153758049011,0.19003801047801971
YEL018W,YGR065C,0,0.97254205,0.30746811628341675,0.8423153758049011,0.19013802707195282
YML081W,YIL018W,0,0.97209877,0.3073561489582062,0.8423153758049011,0.19023804366588593
YDR322W,YOR143C,0,0.97164446,0.30724427103996277,0.8423153758049011,0.19033806025981903
YER095W,YGR096W,0,0.9706004,0.30713245272636414,0.8423153758049011,0.19043809175491333
YIL014W,YLR396C,0,0.96996814,0.30702072381973267,0.8423153758049011,0.19053810834884644
YLR286C,YPR100W,0,0.9691697,0.30690908432006836,0.8423153758049011,0.19063812494277954
YBR002C,YNL080C,1,0.9686465,0.30716103315353394,0.8433133959770203,0.19063812494277954
YNR054C,YAL001C,0,0.9684316,0.307049423456192,0.8433133959770203,0.19073814153671265
YGR103W,YIL036W,0,0.9674889,0.3069378733634949,0.8433133959770203,0.19083817303180695
YDR485C,YEL059C-A,0,0.9661932,0.3068264424800873,0.8433133959770203,0.19093818962574005
YLR292C,YCR097W,0,0.96607506,0.30671507120132446,0.8433133959770203,0.19103820621967316
YPL266W,YGR108W,0,0.9658165,0.3066037595272064,0.8433133959770203,0.19113822281360626
YML004C,YDL098C,0,0.9657502,0.30649256706237793,0.8433133959770203,0.19123825430870056
YMR283C,YCR003W,0,0.96560955,0.3063814342021942,0.8433133959770203,0.19133827090263367
YOR103C,YBR002C,1,0.96426916,0.3066328465938568,0.8443113565444946,0.19133827090263367
YFR010W,YNL007C,0,0.9634317,0.3065217435359955,0.8443113565444946,0.19143828749656677
YGL195W,YER029C,0,0.9633233,0.3064107298851013,0.8443113565444946,0.19153830409049988
YAL009W,YBR024W,0,0.96330285,0.30629977583885193,0.8443113565444946,0.19163832068443298
YGL206C,YKR003W,0,0.9624784,0.3061889111995697,0.8443113565444946,0.19173835217952728
YLR174W,YBR094W,0,0.9610967,0.30607813596725464,0.8443113565444946,0.1918383687734604
YNL094W,YNL323W,0,0.95959127,0.30596745014190674,0.8443113565444946,0.1919383853673935
YBR057C,YHR083W,0,0.95939296,0.3058568239212036,0.8443113565444946,0.1920384019613266
YKL149C,YHR129C,0,0.95917726,0.30574628710746765,0.8443113565444946,0.1921384334564209
YGL104C,YBR102C,0,0.9587958,0.30563583970069885,0.8443113565444946,0.192238450050354
YDR022C,YDR346C,0,0.9568627,0.30552545189857483,0.8443113565444946,0.1923384666442871
YNL049C,YML115C,0,0.9563654,0.30541515350341797,0.8443113565444946,0.19243848323822021
YHR098C,YJR135C,0,0.9547278,0.30530494451522827,0.8443113565444946,0.19253851473331451
YPL022W,YDR017C,0,0.95350635,0.30519479513168335,0.8443113565444946,0.19263853132724762
YBL042C,YOR044W,0,0.9530757,0.3050847351551056,0.8443113565444946,0.19273854792118073
YDR395W,YBR040W,0,0.95303625,0.304974764585495,0.8443113565444946,0.19283856451511383
YNL031C,YNL254C,0,0.95247006,0.3048648536205292,0.8443113565444946,0.19293858110904694
YCR096C,YKL005C,0,0.95203555,0.3047550320625305,0.8443113565444946,0.19303861260414124
YBR084C-A,YGR208W,0,0.9519451,0.304645299911499,0.8443113565444946,0.19313862919807434
YNL219C,YGL257C,1,0.95137227,0.3048956096172333,0.8453093767166138,0.19313862919807434
YBR109C,YPR073C,0,0.9509509,0.30478590726852417,0.8453093767166138,0.19323864579200745
YLL001W,YIR002C,0,0.950682,0.30467626452445984,0.8453093767166138,0.19333866238594055
YML077W,YDL193W,0,0.9502406,0.30456671118736267,0.8453093767166138,0.19343869388103485
YML115C,YDL232W,1,0.94770664,0.30481669306755066,0.8463073968887329,0.19343869388103485
YDR246W,YKL048C,0,0.9470434,0.3047071397304535,0.8463073968887329,0.19353871047496796
YOR358W,YJL062W,0,0.94588256,0.3045977056026459,0.8463073968887329,0.19363872706890106
YBR103W,YPR047W,0,0.94527006,0.30448833107948303,0.8463073968887329,0.19373874366283417
YPL145C,YDL008W,0,0.9440479,0.30437904596328735,0.8463073968887329,0.19383877515792847
YGR124W,YGL126W,0,0.9436736,0.30426982045173645,0.8463073968887329,0.19393879175186157
YBR253W,YJR094W-A,0,0.94367254,0.3041606843471527,0.8463073968887329,0.19403880834579468
YMR220W,YGL167C,0,0.9427874,0.30405163764953613,0.8463073968887329,0.19413882493972778
YER119C,YNR073C,0,0.94195235,0.30394265055656433,0.8463073968887329,0.1942388415336609
YGR133W,YLR193C,0,0.94140565,0.3038337528705597,0.8463073968887329,0.1943388730287552
YOR046C,YDR052C,0,0.94130325,0.30372491478919983,0.8463073968887329,0.1944388896226883
YDL134C,YOR319W,0,0.94115597,0.3036161959171295,0.8463073968887329,0.1945389062166214
YEL031W,YOR320C,1,0.9406496,0.3038654327392578,0.847305417060852,0.1945389062166214
YER109C,YDL007W,0,0.93931746,0.3037567138671875,0.847305417060852,0.1946389228105545
YAR014C,YJL162C,0,0.9380233,0.30364805459976196,0.847305417060852,0.1947389543056488
YJR104C,YPL145C,0,0.937182,0.303539514541626,0.847305417060852,0.1948389708995819
YLR423C,YBR228W,0,0.9367494,0.30343103408813477,0.847305417060852,0.19493898749351501
YDR234W,YIL014W,0,0.93638504,0.30332261323928833,0.847305417060852,0.19503900408744812
YOR368W,YKR010C,0,0.93638194,0.30321428179740906,0.847305417060852,0.19513902068138123
YOL110W,YGR040W,0,0.93571246,0.30310603976249695,0.847305417060852,0.19523905217647552
YMR053C,YGL013C,0,0.93487346,0.3029978573322296,0.847305417060852,0.19533906877040863
YGR223C,YML027W,0,0.9330921,0.30288976430892944,0.847305417060852,0.19543908536434174
YOR128C,YBR038W,0,0.9324477,0.30278173089027405,0.847305417060852,0.19553910195827484
YLR078C,YNL329C,0,0.9320218,0.3026737868785858,0.847305417060852,0.19563913345336914
YKR042W,YBR210W,0,0.9317837,0.30256593227386475,0.847305417060852,0.19573915004730225
YLR097C,YPR029C,0,0.93020475,0.30245813727378845,0.847305417060852,0.19583916664123535
YJR153W,YOR193W,0,0.92999077,0.3023504316806793,0.847305417060852,0.19593918323516846
YAL042W,YNL075W,0,0.9296852,0.30224278569221497,0.847305417060852,0.19603921473026276
YGL048C,YDR311W,0,0.9291177,0.3021352291107178,0.847305417060852,0.19613923132419586
YDR515W,YJL092W,0,0.92838275,0.30202776193618774,0.847305417060852,0.19623924791812897
YGL161C,YER044C,0,0.928167,0.3019203543663025,0.847305417060852,0.19633926451206207
YIR006C,YBR107C,0,0.926386,0.301813006401062,0.847305417060852,0.19643928110599518
YLR035C,YDR004W,0,0.9243071,0.3017057478427887,0.847305417060852,0.19653931260108948
YLR039C,YDR427W,0,0.92257214,0.30159857869148254,0.847305417060852,0.19663932919502258
YER157W,YOR293W,0,0.9219659,0.30149146914482117,0.847305417060852,0.1967393457889557
YML013W,YDR189W,0,0.92123926,0.30138444900512695,0.847305417060852,0.1968393623828888
YML062C,YJR129C,0,0.92105275,0.3012774884700775,0.847305417060852,0.1969393938779831
YGL161C,YPR068C,0,0.92099845,0.30117061734199524,0.847305417060852,0.1970394104719162
YPL105C,YHL015W,0,0.9202044,0.3010638356208801,0.847305417060852,0.1971394270658493
YBL075C,YIL034C,0,0.9201523,0.3009571135044098,0.847305417060852,0.1972394436597824
YOR122C,YNR045W,0,0.9201225,0.30085045099258423,0.847305417060852,0.1973394751548767
YDR400W,YPR120C,0,0.919983,0.30074387788772583,0.847305417060852,0.19743949174880981
YDR500C,YLR373C,0,0.91929525,0.3006373941898346,0.847305417060852,0.19753950834274292
YHR166C,YOR094W,0,0.91885144,0.30053097009658813,0.847305417060852,0.19763952493667603
YCR038C,YML081C-A,0,0.9186112,0.30042463541030884,0.847305417060852,0.19773954153060913
YLR362W,YKL150W,0,0.9179711,0.3003183603286743,0.847305417060852,0.19783957302570343
YMR215W,YBR021W,0,0.91657186,0.30021217465400696,0.847305417060852,0.19793958961963654
YDL126C,YPR100W,0,0.91475487,0.3001060485839844,0.847305417060852,0.19803960621356964
YNL229C,YDL149W,0,0.9147241,0.30000001192092896,0.847305417060852,0.19813962280750275
YGR103W,YNL317W,0,0.9135629,0.2998940348625183,0.847305417060852,0.19823965430259705
YJL153C,YOR269W,0,0.91224444,0.29978814721107483,0.847305417060852,0.19833967089653015
YER086W,YDL087C,0,0.9109317,0.2996823191642761,0.847305417060852,0.19843968749046326
YGL006W,YCR036W,0,0.9106215,0.2995765805244446,0.847305417060852,0.19853970408439636
YMR101C,YGL257C,1,0.9099498,0.2998236417770386,0.8483033776283264,0.19853970408439636
YGL229C,YMR119W,0,0.9092575,0.29971790313720703,0.8483033776283264,0.19863972067832947
YML101C,YDR119W,0,0.90877914,0.29961225390434265,0.8483033776283264,0.19873975217342377
YNL038W,YFL026W,0,0.9085857,0.29950669407844543,0.8483033776283264,0.19883976876735687
YGR263C,YMR105C,0,0.9072629,0.299401193857193,0.8483033776283264,0.19893978536128998
YPR049C,YJL143W,0,0.9056344,0.2992957830429077,0.8483033776283264,0.19903980195522308
YBR191W,YNL328C,0,0.9051429,0.2991904318332672,0.8483033776283264,0.19913983345031738
YPL181W,YER091C,0,0.90484643,0.2990851402282715,0.8483033776283264,0.1992398500442505
YJR043C,YIL111W,0,0.90479285,0.2989799380302429,0.8483033776283264,0.1993398666381836
YOR028C,YDR464W,0,0.9044856,0.2988748252391815,0.8483033776283264,0.1994398832321167
YLR459W,YML092C,0,0.90418243,0.2987697720527649,0.8483033776283264,0.199539914727211
YER003C,YIL004C,0,0.90403104,0.29866477847099304,0.8483033776283264,0.1996399313211441
YJL069C,YMR135C,0,0.9038625,0.29855987429618835,0.8483033776283264,0.1997399479150772
YPL105C,YJR084W,0,0.90330267,0.29845505952835083,0.8483033776283264,0.19983996450901031
YHR153C,YPL224C,0,0.9032688,0.2983503043651581,0.8483033776283264,0.19993998110294342
YGR104C,YEL051W,0,0.90311927,0.2982456088066101,0.8483033776283264,0.20004001259803772
YOL140W,YNL129W,0,0.9026175,0.2981410026550293,0.8483033776283264,0.20014002919197083
YJL035C,YGR098C,0,0.902044,0.29803645610809326,0.8483033776283264,0.20024004578590393
YOR321W,YEL031W,1,0.9019256,0.2982825040817261,0.8493013978004456,0.20024004578590393
YOR308C,YPL248C,0,0.9017856,0.2981779873371124,0.8493013978004456,0.20034006237983704
YIL085C,YGL226C-A,1,0.9013501,0.2984238266944885,0.8502994179725647,0.20034006237983704
YOR073W,YOL072W,0,0.8997817,0.29831933975219727,0.8502994179725647,0.20044009387493134
YBR193C,YDR293C,0,0.8997437,0.2982149124145508,0.8502994179725647,0.20054011046886444
YML022W,YBR044C,0,0.8985748,0.29811057448387146,0.8502994179725647,0.20064012706279755
YKL035W,YKL201C,1,0.8984754,0.2983560562133789,0.8512973785400391,0.20064012706279755
YBL061C,YNL098C,0,0.8983526,0.298251748085022,0.8512973785400391,0.20074014365673065
YLR084C,YPL028W,0,0.8981112,0.2981474995613098,0.8512973785400391,0.20084017515182495
YLR014C,YIL097W,0,0.89788723,0.2980433404445648,0.8512973785400391,0.20094019174575806
YER144C,YNR043W,0,0.89739645,0.2979392111301422,0.8512973785400391,0.20104020833969116
YKL073W,YCR053W,0,0.896763,0.29783520102500916,0.8512973785400391,0.20114022493362427
YDL201W,YBR069C,0,0.89598984,0.2977312505245209,0.8512973785400391,0.20124024152755737
YGL167C,YIL014W,1,0.8959428,0.2979762852191925,0.8522953987121582,0.20124024152755737
YGL240W,YER072W,0,0.8953134,0.2978723347187042,0.8522953987121582,0.20134027302265167
YBL042C,YKL108W,0,0.8951753,0.2977684736251831,0.8522953987121582,0.20144028961658478
YDR031W,YER081W,0,0.894533,0.29766470193862915,0.8522953987121582,0.20154030621051788
YJL184W,YDR294C,0,0.89450264,0.29756098985671997,0.8522953987121582,0.201640322804451
YML058W,YHR118C,0,0.89423275,0.29745733737945557,0.8522953987121582,0.2017403542995453
YEL034W,YNR043W,0,0.89369565,0.2973537743091583,0.8522953987121582,0.2018403708934784
YDL065C,YMR201C,0,0.89303505,0.29725027084350586,0.8522953987121582,0.2019403874874115
YBL020W,YJR042W,0,0.8917934,0.29714682698249817,0.8522953987121582,0.2020404040813446
YPL176C,YDR268W,0,0.8915253,0.29704347252845764,0.8522953987121582,0.2021404206752777
YPR071W,YKL152C,0,0.89148533,0.2969402074813843,0.8522953987121582,0.202240452170372
YFR037C,YER007C-A,0,0.89122546,0.2968369722366333,0.8522953987121582,0.20234046876430511
YGL105W,YHR094C,0,0.8911798,0.2967338562011719,0.8522953987121582,0.20244048535823822
YNL071W,YHR067W,0,0.89052844,0.29663076996803284,0.8522953987121582,0.20254050195217133
YLR060W,YER019W,0,0.88832736,0.29652777314186096,0.8522953987121582,0.20264053344726562
YDR302W,YPL013C,0,0.8879622,0.29642486572265625,0.8522953987121582,0.20274055004119873
YLR083C,YCR008W,0,0.8872349,0.2963219881057739,0.8522953987121582,0.20284056663513184
YKL025C,YPL253C,0,0.8852063,0.29621922969818115,0.8522953987121582,0.20294058322906494
YGR289C,YGL139W,0,0.884944,0.29611650109291077,0.8522953987121582,0.20304061472415924
YOR086C,YEL006W,0,0.88429767,0.29601386189460754,0.8522953987121582,0.20314063131809235
YPL019C,YOR188W,0,0.8837828,0.2959112823009491,0.8522953987121582,0.20324064791202545
YHR187W,YHR194W,0,0.87996656,0.2958087921142578,0.8522953987121582,0.20334066450595856
YDL093W,YDR393W,0,0.87884694,0.2957063615322113,0.8522953987121582,0.20344068109989166
YOR249C,YKR087C,0,0.8785586,0.29560402035713196,0.8522953987121582,0.20354071259498596
YMR100W,YNL272C,0,0.8770629,0.2955017387866974,0.8522953987121582,0.20364072918891907
YNR033W,YOR196C,0,0.8756732,0.2953995168209076,0.8522953987121582,0.20374074578285217
YGL128C,YMR101C,0,0.8756691,0.29529738426208496,0.8522953987121582,0.20384076237678528
YBR168W,YNL094W,0,0.8753226,0.2951953113079071,0.8522953987121582,0.20394079387187958
YHR124W,YML066C,0,0.8739928,0.295093297958374,0.8522953987121582,0.20404081046581268
YJL174W,YHR007C,0,0.8737523,0.2949913740158081,0.8522953987121582,0.2041408270597458
YNL219C,YBR070C,1,0.87363523,0.2952347993850708,0.8532934188842773,0.2041408270597458
YDR208W,YHL015W,0,0.873434,0.29513290524482727,0.8532934188842773,0.2042408436536789
YIL014W,YPR041W,0,0.8725275,0.2950310707092285,0.8532934188842773,0.2043408751487732
YER005W,YDR414C,1,0.87086487,0.2952742278575897,0.8542914390563965,0.2043408751487732
YJL058C,YDR349C,0,0.87062585,0.29517242312431335,0.8542914390563965,0.2044408917427063
YLR090W,YGR183C,0,0.8705274,0.29507067799568176,0.8542914390563965,0.2045409083366394
YER070W,YEL009C,0,0.8696713,0.29496899247169495,0.8542914390563965,0.2046409249305725
YER155C,YBR299W,0,0.8682284,0.2948673665523529,0.8542914390563965,0.20474094152450562
YKL029C,YKL191W,0,0.8676832,0.294765830039978,0.8542914390563965,0.20484097301959991
YNL020C,YDR354W,0,0.86762697,0.2946643829345703,0.8542914390563965,0.20494098961353302
YBR035C,YPL172C,0,0.8658908,0.294562965631485,0.8542914390563965,0.20504100620746613
YAL014C,YNL037C,0,0.86504275,0.2944616377353668,0.8542914390563965,0.20514102280139923
YML081C-A,YJL080C,0,0.8647202,0.2943603992462158,0.8542914390563965,0.20524105429649353
YPL237W,YGL025C,0,0.8613673,0.2942591905593872,0.8542914390563965,0.20534107089042664
YML010W,YPL075W,0,0.8608744,0.29415807127952576,0.8542914390563965,0.20544108748435974
YOR308C,YML127W,0,0.8608235,0.2940570116043091,0.8542914390563965,0.20554110407829285
YOR149C,YLR099C,0,0.8606438,0.29395604133605957,0.8542914390563965,0.20564113557338715
YNL029C,YMR149W,1,0.8593272,0.2941984236240387,0.8552893996238708,0.20564113557338715
YMR223W,YOR195W,0,0.85930455,0.2940974533557892,0.8552893996238708,0.20574115216732025
YPL008W,YOR260W,0,0.85770184,0.29399657249450684,0.8552893996238708,0.20584116876125336
YLR147C,YCR069W,0,0.8573622,0.29389575123786926,0.8552893996238708,0.20594118535518646
YDR293C,YOR036W,0,0.8558013,0.29379498958587646,0.8552893996238708,0.20604120194911957
YPR067W,YDL230W,0,0.855689,0.29369431734085083,0.8552893996238708,0.20614123344421387
YPL010W,YHR105W,0,0.8550627,0.29359370470046997,0.8552893996238708,0.20624125003814697
YGL251C,YAL013W,0,0.85370815,0.2934931516647339,0.8552893996238708,0.20634126663208008
YPL050C,YDL055C,1,0.8527751,0.2937350273132324,0.85628741979599,0.20634126663208008
YDR287W,YMR214W,0,0.85101986,0.2936345040798187,0.85628741979599,0.20644128322601318
YOR271C,YLR083C,0,0.8510139,0.2935340404510498,0.85628741979599,0.20654131472110748
YGL142C,YPL233W,0,0.8507862,0.29343366622924805,0.85628741979599,0.2066413313150406
YGL135W,YGR156W,0,0.8502708,0.2933333218097687,0.85628741979599,0.2067413479089737
YDR046C,YOR178C,0,0.8491579,0.29323309659957886,0.85628741979599,0.2068413645029068
YGR005C,YDR520C,0,0.849017,0.2931329011917114,0.85628741979599,0.2069413810968399
YER174C,YOL138C,0,0.84885454,0.29303279519081116,0.85628741979599,0.2070414125919342
YFL049W,YFL022C,0,0.8473871,0.29293274879455566,0.85628741979599,0.2071414291858673
YKR001C,YPL161C,0,0.8472401,0.29283276200294495,0.85628741979599,0.20724144577980042
YOR144C,YLL018C,0,0.8464228,0.2927328646183014,0.85628741979599,0.20734146237373352
YIL160C,YLR265C,0,0.84640354,0.2926330268383026,0.85628741979599,0.20744149386882782
YCR098C,YFL039C,0,0.8461473,0.2925332486629486,0.85628741979599,0.20754151046276093
YIL105C,YKL208W,0,0.8456535,0.2924335300922394,0.85628741979599,0.20764152705669403
YCR102C,YHR017W,0,0.84560645,0.2923339009284973,0.85628741979599,0.20774154365062714
YBR022W,YKL059C,0,0.8453632,0.2922343313694,0.85628741979599,0.20784157514572144
YDR292C,YGL155W,0,0.84496534,0.2921348214149475,0.85628741979599,0.20794159173965454
YMR013C,YDR414C,1,0.8443357,0.292375773191452,0.8572854399681091,0.20794159173965454
YGR123C,YOR195W,0,0.84402806,0.2922762930393219,0.8572854399681091,0.20804160833358765
YOR359W,YOR372C,0,0.84219664,0.29217687249183655,0.8572854399681091,0.20814162492752075
YMR167W,YBL039C,0,0.84202564,0.29207751154899597,0.8572854399681091,0.20824164152145386
YNL080C,YGR036C,1,0.841884,0.2923181653022766,0.8582834601402283,0.20824164152145386
YAL051W,YBR103W,0,0.840819,0.2922188341617584,0.8582834601402283,0.20834167301654816
YPR151C,YFL037W,0,0.8396081,0.292119562625885,0.8582834601402283,0.20844168961048126
YJL091C,YER053C,0,0.8366965,0.29202038049697876,0.8582834601402283,0.20854170620441437
YOR357C,YDR314C,0,0.83515483,0.2919212579727173,0.8582834601402283,0.20864172279834747
YEL002C,YDR439W,0,0.83479726,0.2918221950531006,0.8582834601402283,0.20874175429344177
YDL150W,YLR207W,0,0.83475864,0.29172319173812866,0.8582834601402283,0.20884177088737488
YPL047W,YGL211W,0,0.83194494,0.2916242778301239,0.8582834601402283,0.20894178748130798
YER086W,YBL055C,0,0.8306236,0.2915254235267639,0.8582834601402283,0.2090418040752411
YNL219C,YBR243C,1,0.830086,0.2917655110359192,0.8592814207077026,0.2090418040752411
YGR033C,YMR044W,0,0.8292339,0.2916666567325592,0.8592814207077026,0.2091418355703354
YPR155C,YDR452W,0,0.82773376,0.2915678918361664,0.8592814207077026,0.2092418521642685
YDR386W,YML115C,0,0.82611436,0.29146918654441833,0.8592814207077026,0.2093418687582016
YGR202C,YJR118C,0,0.8245449,0.29137057065963745,0.8592814207077026,0.2094418853521347
YMR127C,YDR238C,0,0.8238994,0.29127198457717896,0.8592814207077026,0.2095419019460678
YJL002C,YDR414C,1,0.8225796,0.2915116548538208,0.8602794408798218,0.2095419019460678
YER141W,YJR073C,0,0.8224571,0.2914131283760071,0.8602794408798218,0.2096419334411621
YBR218C,YPR061C,0,0.82109725,0.29131463170051575,0.8602794408798218,0.20974195003509521
YJR109C,YNR045W,0,0.8201763,0.2912162244319916,0.8602794408798218,0.20984196662902832
YGR275W,YGR083C,0,0.8200029,0.2911178767681122,0.8602794408798218,0.20994198322296143
YLR007W,YPR165W,0,0.81996405,0.29101958870887756,0.8602794408798218,0.21004201471805573
YIL097W,YML072C,0,0.81935096,0.2909213602542877,0.8602794408798218,0.21014203131198883
YDL033C,YOR143C,0,0.816674,0.29082322120666504,0.8602794408798218,0.21024204790592194
YDR234W,YPR065W,0,0.8153638,0.29072511196136475,0.8602794408798218,0.21034206449985504
YML075C,YPR082C,0,0.81449366,0.290627121925354,0.8602794408798218,0.21044208109378815
YOR344C,YBR005W,0,0.81308985,0.29052916169166565,0.8602794408798218,0.21054211258888245
YDL143W,YBR283C,0,0.81302065,0.29043126106262207,0.8602794408798218,0.21064212918281555
YNL289W,YHR067W,0,0.81227064,0.29033344984054565,0.8602794408798218,0.21074214577674866
YOL020W,YLR356W,0,0.81211644,0.290235698223114,0.8602794408798218,0.21084216237068176
YGR037C,YER124C,0,0.80990636,0.29013800621032715,0.8602794408798218,0.21094219386577606
YPR019W,YGL028C,0,0.80880404,0.29004037380218506,0.8602794408798218,0.21104221045970917
YDR197W,YBL039C,0,0.8080766,0.28994283080101013,0.8602794408798218,0.21114222705364227
YBL006C,YCL039W,0,0.80721223,0.2898453176021576,0.8602794408798218,0.21124224364757538
YDR314C,YKL185W,0,0.80577207,0.2897478938102722,0.8602794408798218,0.21134227514266968
YML086C,YDR118W,0,0.8045662,0.2896505296230316,0.8602794408798218,0.21144229173660278
YPL269W,YPL206C,0,0.8026371,0.2895532548427582,0.8602794408798218,0.2115423083305359
YER155C,YDR346C,0,0.8009155,0.28945600986480713,0.8602794408798218,0.211642324924469
YNL149C,YAR008W,0,0.7975046,0.28935885429382324,0.8602794408798218,0.2117423415184021
YGL123W,YDL147W,0,0.7967008,0.28926175832748413,0.8602794408798218,0.2118423730134964
YNL173C,YHR206W,0,0.7961409,0.2891647219657898,0.8602794408798218,0.2119423896074295
YNL091W,YEL009C,0,0.7954629,0.28906774520874023,0.8602794408798218,0.2120424062013626
YAL003W,YOR197W,0,0.79451966,0.28897082805633545,0.8602794408798218,0.21214242279529572
YPL050C,YGR036C,1,0.79400927,0.28920912742614746,0.8612774610519409,0.21214242279529572
YLR328W,YJR068W,0,0.7925066,0.28911224007606506,0.8612774610519409,0.21224245429039001
YER110C,YLR367W,0,0.7912371,0.28901541233062744,0.8612774610519409,0.21234247088432312
YGR054W,YOR250C,0,0.7907058,0.2889186441898346,0.8612774610519409,0.21244248747825623
YIL009W,YNL294C,0,0.7901604,0.2888219654560089,0.8612774610519409,0.21254250407218933
YOR103C,YDR009W,0,0.7894203,0.2887253165245056,0.8612774610519409,0.21264253556728363
YLR430W,YHR086W,0,0.78932333,0.2886287569999695,0.8612774610519409,0.21274255216121674
YDR182W,YDR279W,0,0.7887665,0.2885322570800781,0.8612774610519409,0.21284256875514984
YOR037W,YLR176C,0,0.7884834,0.28843581676483154,0.8612774610519409,0.21294258534908295
YER032W,YLR238W,0,0.7881921,0.2883394658565521,0.8612774610519409,0.21304260194301605
YLR265C,YBL042C,0,0.7877559,0.2882431447505951,0.8612774610519409,0.21314263343811035
YCL010C,YHR216W,0,0.78767586,0.2881469130516052,0.8612774610519409,0.21324265003204346
YHR036W,YDL229W,0,0.7874714,0.28805074095726013,0.8612774610519409,0.21334266662597656
YDR007W,YHR181W,0,0.78700304,0.2879546284675598,0.8612774610519409,0.21344268321990967
YLR067C,YMR101C,0,0.78684783,0.2878585755825043,0.8612774610519409,0.21354271471500397
YDR409W,YMR283C,0,0.78674376,0.2877625823020935,0.8612774610519409,0.21364273130893707
YGL226C-A,YOR320C,1,0.78416514,0.2879999876022339,0.8622754216194153,0.21364273130893707
YBR297W,YHR091C,0,0.78359866,0.2879040241241455,0.8622754216194153,0.21374274790287018
YNL227C,YDR088C,0,0.7824733,0.2878081202507019,0.8622754216194153,0.21384276449680328
YGL167C,YKL201C,1,0.7822803,0.2880452871322632,0.8632734417915344,0.21384276449680328
YAL055W,YDL184C,0,0.78192174,0.28794941306114197,0.8632734417915344,0.21394279599189758
YDR098C,YNL039W,0,0.78168565,0.28785356879234314,0.8632734417915344,0.2140428125858307
YMR275C,YMR235C,0,0.7801518,0.2877578139305115,0.8632734417915344,0.2141428291797638
YKL055C,YMR166C,0,0.7779871,0.2876621186733246,0.8632734417915344,0.2142428457736969
YPL234C,YLR238W,0,0.7777426,0.28756648302078247,0.8632734417915344,0.21434286236763
YMR127C,YPR166C,0,0.7766965,0.28747090697288513,0.8632734417915344,0.2144428938627243
YGL243W,YDR212W,0,0.7764312,0.28737542033195496,0.8632734417915344,0.2145429104566574
YNL080C,YOR085W,1,0.77618945,0.28761208057403564,0.8642714619636536,0.2145429104566574
YBR199W,YOR336W,1,0.77485824,0.2878485918045044,0.8652694821357727,0.2145429104566574
YER148W,YBR161W,0,0.7739966,0.28775307536125183,0.8652694821357727,0.21464292705059052
YKL181W,YFL002C,0,0.7721243,0.28765758872032166,0.8652694821357727,0.21474294364452362
YKR039W,YPL253C,0,0.7715375,0.28756219148635864,0.8652694821357727,0.21484297513961792
YIL127C,YFR003C,0,0.7687347,0.2874668538570404,0.8652694821357727,0.21494299173355103
YPR161C,YDL236W,0,0.76870894,0.28737157583236694,0.8652694821357727,0.21504300832748413
YMR220W,YPL069C,0,0.7677539,0.28727632761001587,0.8652694821357727,0.21514302492141724
YER061C,YLR075W,0,0.7671764,0.28718119859695435,0.8652694821357727,0.21524304151535034
YDR096W,YCR091W,0,0.7665846,0.2870860993862152,0.8652694821357727,0.21534307301044464
YDR103W,YLR396C,0,0.7659373,0.28699105978012085,0.8652694821357727,0.21544308960437775
YEL034W,YOR178C,0,0.7630397,0.28689610958099365,0.8652694821357727,0.21554310619831085
YLR328W,YDR163W,0,0.7618388,0.28680118918418884,0.8652694821357727,0.21564312279224396
YPR164W,YGL084C,0,0.76168025,0.2867063581943512,0.8652694821357727,0.21574315428733826
YML110C,YBR040W,0,0.7610897,0.28661155700683594,0.8652694821357727,0.21584317088127136
YDR197W,YJL092W,0,0.75961924,0.28651684522628784,0.8652694821357727,0.21594318747520447
YLR409C,YHR170W,0,0.75887215,0.2864221930503845,0.8652694821357727,0.21604320406913757
YOR032C,YDL192W,0,0.7580441,0.286327600479126,0.8652694821357727,0.21614323556423187
YGR157W,YLR150W,0,0.7578697,0.2862330675125122,0.8652694821357727,0.21624325215816498
YPR101W,YDR489W,0,0.7575332,0.2861386239528656,0.8652694821357727,0.21634326875209808
YDL007W,YLR190W,0,0.75742954,0.2860442101955414,0.8652694821357727,0.2164432853460312
YNL087W,YDR407C,0,0.7567968,0.28594985604286194,0.8652694821357727,0.2165433019399643
YJR086W,YLL021W,0,0.75464773,0.28585559129714966,0.8652694821357727,0.2166433334350586
YNL002C,YML115C,0,0.754063,0.28576135635375977,0.8652694821357727,0.2167433500289917
YMR072W,YGL092W,0,0.7537545,0.28566721081733704,0.8652694821357727,0.2168433666229248
YAL014C,YCR044C,0,0.75262284,0.2855731248855591,0.8652694821357727,0.2169433832168579
YLR308W,YPL045W,0,0.75226396,0.2854790985584259,0.8652694821357727,0.2170434147119522
YHL036W,YML048W,0,0.7520628,0.2853851318359375,0.8652694821357727,0.21714343130588531
YGR188C,YOR007C,0,0.7517468,0.28529122471809387,0.8652694821357727,0.21724344789981842
YBR139W,YML029W,0,0.7490288,0.285197377204895,0.8652694821357727,0.21734346449375153
YKL149C,YCR106W,0,0.7487875,0.28510358929634094,0.8652694821357727,0.21744349598884583
YIL171W,YHL050C,0,0.74544066,0.28500986099243164,0.8652694821357727,0.21754351258277893
YLR336C,YBR109C,0,0.74524814,0.2849161922931671,0.8652694821357727,0.21764352917671204
YLR292C,YJR139C,0,0.7427622,0.28482261300086975,0.8652694821357727,0.21774354577064514
YDR322W,YOL115W,0,0.74217296,0.2847290635108948,0.8652694821357727,0.21784356236457825
YOR207C,YDL004W,0,0.74104965,0.2846355736255646,0.8652694821357727,0.21794359385967255
YBR245C,YBL046W,0,0.74044013,0.28454217314720154,0.8652694821357727,0.21804361045360565
YOL115W,YOR014W,0,0.7395873,0.2844488322734833,0.8652694821357727,0.21814362704753876
YJR135C,YOL138C,0,0.73867446,0.2843555212020874,0.8652694821357727,0.21824364364147186
YPR049C,YPL128C,0,0.7379073,0.2842622995376587,0.8652694821357727,0.21834367513656616
YLL024C,YJL080C,0,0.73759496,0.28416913747787476,0.8652694821357727,0.21844369173049927
YJR044C,YDR191W,0,0.73727286,0.2840760052204132,0.8652694821357727,0.21854370832443237
YDL209C,YGL047W,0,0.7367274,0.2839829623699188,0.8652694821357727,0.21864372491836548
YCR020C,YPR166C,0,0.7365211,0.2838899791240692,0.8652694821357727,0.21874374151229858
YPL060W,YPL270W,0,0.73590255,0.2837970554828644,0.8652694821357727,0.21884377300739288
YNL219C,YMR149W,1,0.7356486,0.2840314209461212,0.8662674427032471,0.21884377300739288
YLR048W,YNL047C,0,0.7347111,0.2839384973049164,0.8662674427032471,0.218943789601326
YAL025C,YNR012W,0,0.73439467,0.2838456630706787,0.8662674427032471,0.2190438061952591
YLR004C,YBR254C,0,0.7341953,0.2837528586387634,0.8662674427032471,0.2191438227891922
YDL232W,YPR141C,0,0.7339108,0.2836601436138153,0.8662674427032471,0.2192438542842865
YBL002W,YGR280C,0,0.73324174,0.2835674583911896,0.8662674427032471,0.2193438708782196
YLR204W,YFR032C-A,0,0.732953,0.283474862575531,0.8662674427032471,0.2194438874721527
YJR121W,YOR030W,0,0.73142976,0.2833822965621948,0.8662674427032471,0.21954390406608582
YNL025C,YLL039C,0,0.7307338,0.2832898199558258,0.8662674427032471,0.21964393556118011
YCR009C,YNL061W,0,0.73002875,0.28319740295410156,0.8662674427032471,0.21974395215511322
YOL011W,YLR357W,0,0.72958153,0.2831050157546997,0.8662674427032471,0.21984396874904633
YOR211C,YDL178W,0,0.7287724,0.283012717962265,0.8662674427032471,0.21994398534297943
YKR052C,YLR398C,0,0.7275151,0.2829204797744751,0.8662674427032471,0.22004400193691254
YGL106W,YLR019W,0,0.7243387,0.28282827138900757,0.8662674427032471,0.22014403343200684
YPL115C,YJL110C,0,0.72432953,0.2827361524105072,0.8662674427032471,0.22024405002593994
YKL149C,YHR203C,0,0.7241949,0.2826440930366516,0.8662674427032471,0.22034406661987305
YDR519W,YGL150C,0,0.72377914,0.2825520932674408,0.8662674427032471,0.22044408321380615
YFR031C-A,YEL001C,0,0.7237748,0.28246012330055237,0.8662674427032471,0.22054411470890045
YBR176W,YNL323W,0,0.7228495,0.2823682427406311,0.8662674427032471,0.22064413130283356
YOL094C,YKL116C,0,0.7226447,0.2822764217853546,0.8662674427032471,0.22074414789676666
YHR143W,YHR158C,0,0.72207385,0.2821846604347229,0.8662674427032471,0.22084416449069977
YHR065C,YDR162C,0,0.7217604,0.28209295868873596,0.8662674427032471,0.22094419598579407
YKL033W,YNL129W,0,0.7206066,0.2820012867450714,0.8662674427032471,0.22104421257972717
YOL125W,YCL027W,0,0.7203007,0.281909704208374,0.8662674427032471,0.22114422917366028
YIL038C,YDR421W,0,0.72003484,0.2818181812763214,0.8662674427032471,0.22124424576759338
YJR013W,YLR019W,0,0.7176624,0.2817267179489136,0.8662674427032471,0.2213442623615265
YAL048C,YPL100W,0,0.7162956,0.2816353142261505,0.8662674427032471,0.2214442938566208
YPL140C,YNL056W,0,0.7140708,0.28154394030570984,0.8662674427032471,0.2215443104505539
YGL013C,YML014W,0,0.71339536,0.28145265579223633,0.8662674427032471,0.221644327044487
YMR202W,YHL016C,0,0.71205354,0.2813614308834076,0.8662674427032471,0.2217443436384201
YOR073W,YEL020C,0,0.7119373,0.28127026557922363,0.8662674427032471,0.2218443751335144
YLR188W,YGR076C,0,0.7116826,0.28117913007736206,0.8662674427032471,0.2219443917274475
YGL201C,YLR138W,0,0.7112168,0.28108808398246765,0.8662674427032471,0.22204440832138062
YER060W-A,YHR073W,0,0.7111008,0.280997097492218,0.8662674427032471,0.22214442491531372
YOL011W,YGL077C,0,0.7102495,0.28090614080429077,0.8662674427032471,0.22224444150924683
YML078W,YDL207W,0,0.7102085,0.2808152735233307,0.8662674427032471,0.22234447300434113
YDL150W,YBL046W,0,0.7099539,0.280724436044693,0.8662674427032471,0.22244448959827423
YMR059W,YJL180C,0,0.7093578,0.28063368797302246,0.8662674427032471,0.22254450619220734
YBL060W,YDR189W,0,0.7081516,0.2805429995059967,0.8662674427032471,0.22264452278614044
YOR130C,YMR162C,0,0.7067076,0.28045234084129333,0.8662674427032471,0.22274455428123474
YPL214C,YBR029C,0,0.70654964,0.28036177158355713,0.8662674427032471,0.22284457087516785
YGR212W,YMR292W,0,0.7060188,0.2802712321281433,0.8662674427032471,0.22294458746910095
YBR299W,YIL124W,0,0.70583034,0.28018075227737427,0.8662674427032471,0.22304460406303406
YNL206C,YMR101C,0,0.70572114,0.2800903618335724,0.8662674427032471,0.22314463555812836
YDL014W,YDL115C,0,0.70546484,0.2800000011920929,0.8662674427032471,0.22324465215206146
YMR059W,YGR047C,0,0.703696,0.2799097001552582,0.8662674427032471,0.22334466874599457
YER118C,YLL018C-A,0,0.70331126,0.27981945872306824,0.8662674427032471,0.22344468533992767
YAL005C,YML027W,0,0.7030846,0.27972930669784546,0.8662674427032471,0.22354470193386078
YDR315C,YDR252W,0,0.70286894,0.27963918447494507,0.8662674427032471,0.22364473342895508
YMR207C,YMR298W,0,0.7026478,0.27954912185668945,0.8662674427032471,0.22374475002288818
YPR009W,YPL016W,0,0.70207685,0.2794591188430786,0.8662674427032471,0.2238447666168213
YKL108W,YDR276C,0,0.7016555,0.27936917543411255,0.8662674427032471,0.2239447832107544
YNL186W,YDR354W,0,0.699574,0.27927929162979126,0.8662674427032471,0.2240448147058487
YML094W,YKR083C,0,0.69943696,0.27918943762779236,0.8662674427032471,0.2241448312997818
YMR101C,YPR183W,1,0.69925416,0.27942121028900146,0.8672654628753662,0.2241448312997818
YJL121C,YGR198W,0,0.69886273,0.27933141589164734,0.8672654628753662,0.2242448478937149
YOR061W,YOR236W,0,0.69866383,0.2792416512966156,0.8672654628753662,0.224344864487648
YGL040C,YBR030W,0,0.69808936,0.27915194630622864,0.8672654628753662,0.2244448959827423
YPR133C,YNL214W,0,0.6979816,0.27906230092048645,0.8672654628753662,0.22454491257667542
YJL139C,YOR336W,1,0.6978503,0.2792937457561493,0.8682634830474854,0.22454491257667542
YER040W,YPR165W,0,0.69665664,0.2792041003704071,0.8682634830474854,0.22464492917060852
YDR204W,YER072W,0,0.6963172,0.2791145443916321,0.8682634830474854,0.22474494576454163
YDL240W,YOR090C,0,0.69403005,0.27902501821517944,0.8682634830474854,0.22484496235847473
YNL268W,YBR049C,0,0.69394976,0.2789355516433716,0.8682634830474854,0.22494499385356903
YER081W,YML027W,0,0.6936338,0.2788461446762085,0.8682634830474854,0.22504501044750214
YOL006C,YBR049C,0,0.6935632,0.2787567973136902,0.8682634830474854,0.22514502704143524
YGL023C,YML054C,0,0.69288427,0.27866750955581665,0.8682634830474854,0.22524504363536835
YBL020W,YDR483W,1,0.6922113,0.2788985073566437,0.8692615032196045,0.22524504363536835
YFL018C,YPR140W,0,0.69149554,0.27880921959877014,0.8692615032196045,0.22534507513046265
YPL176C,YJL096W,0,0.69148797,0.2787199914455414,0.8692615032196045,0.22544509172439575
YJR094W-A,YHR027C,0,0.68889827,0.2786308526992798,0.8692615032196045,0.22554510831832886
YEL036C,YML019W,1,0.688679,0.27886152267456055,0.8702594637870789,0.22554510831832886
YGL027C,YMR184W,0,0.68843913,0.27877238392829895,0.8702594637870789,0.22564512491226196
YGR129W,YPR100W,0,0.6882825,0.27868327498435974,0.8702594637870789,0.22574515640735626
YNL136W,YER112W,0,0.68820983,0.2785942554473877,0.8702594637870789,0.22584517300128937
YNL206C,YMR198W,0,0.68791276,0.27850526571273804,0.8702594637870789,0.22594518959522247
YMR052W,YJR118C,0,0.6875566,0.27841633558273315,0.8702594637870789,0.22604520618915558
YER082C,YOR103C,0,0.68745625,0.27832749485969543,0.8702594637870789,0.22614522278308868
YBR082C,YNR048W,0,0.6873071,0.2782386839389801,0.8702594637870789,0.22624525427818298
YIL033C,YKR093W,0,0.6871269,0.27814993262290955,0.8702594637870789,0.2263452708721161
YIL126W,YOR132W,0,0.6864457,0.2780612111091614,0.8702594637870789,0.2264452874660492
YPL092W,YDR255C,0,0.68468404,0.27797257900238037,0.8702594637870789,0.2265453040599823
YNL210W,YGR004W,0,0.6846808,0.27788400650024414,0.8702594637870789,0.2266453355550766
YDR182W,YGL226W,0,0.6818471,0.2777954638004303,0.8702594637870789,0.2267453521490097
YDR204W,YOL137W,0,0.6814991,0.2777070105075836,0.8702594637870789,0.2268453687429428
YGL213C,YER023W,0,0.68115187,0.2776185870170593,0.8702594637870789,0.22694538533687592
YCR069W,YHR037W,0,0.680537,0.2775302231311798,0.8702594637870789,0.22704540193080902
YAL034W-A,YDL231C,0,0.6795199,0.27744194865226746,0.8702594637870789,0.22714543342590332
YHL021C,YIR019C,0,0.6788083,0.2773537039756775,0.8702594637870789,0.22724545001983643
YNL177C,YGL150C,0,0.6768196,0.2772654891014099,0.8702594637870789,0.22734546661376953
YML062C,YGR076C,0,0.6763434,0.2771773636341095,0.8702594637870789,0.22744548320770264
YFL044C,YLR085C,0,0.6755398,0.27708929777145386,0.8702594637870789,0.22754551470279694
YML029W,YJR059W,0,0.6751617,0.2770012617111206,0.8702594637870789,0.22764553129673004
YLR360W,YDR104C,0,0.67515016,0.2769133150577545,0.8702594637870789,0.22774554789066315
YBR185C,YDR236C,0,0.6734513,0.2768253982067108,0.8702594637870789,0.22784556448459625
YML078W,YOR068C,0,0.6724035,0.2767375409603119,0.8702594637870789,0.22794559597969055
YPL097W,YLR007W,0,0.6704569,0.27664974331855774,0.8702594637870789,0.22804561257362366
YPR151C,YKL211C,0,0.6701312,0.27656200528144836,0.8702594637870789,0.22814562916755676
YNL194C,YEL050C,0,0.6697227,0.27647432684898376,0.8702594637870789,0.22824564576148987
YDR117C,YMR091C,0,0.66941386,0.27638667821884155,0.8702594637870789,0.22834566235542297
YML092C,YBR283C,0,0.66888136,0.2762991189956665,0.8702594637870789,0.22844569385051727
YML124C,YNL212W,0,0.66878915,0.27621158957481384,0.8702594637870789,0.22854571044445038
YBR218C,YGR178C,0,0.66822505,0.27612411975860596,0.8702594637870789,0.22864572703838348
YOR357C,YNL021W,0,0.6680432,0.27603670954704285,0.8702594637870789,0.2287457436323166
YPL181W,YNL272C,0,0.66774017,0.2759493589401245,0.8702594637870789,0.2288457751274109
YGR199W,YDL055C,1,0.6676593,0.27617841958999634,0.871257483959198,0.2288457751274109
YBR133C,YML004C,0,0.6675783,0.276091068983078,0.871257483959198,0.228945791721344
YHR062C,YMR079W,0,0.66675323,0.27600380778312683,0.871257483959198,0.2290458083152771
YOL128C,YPL177C,0,0.66570234,0.27591654658317566,0.871257483959198,0.2291458249092102
YPR105C,YPR055W,0,0.6647283,0.27582937479019165,0.871257483959198,0.2292458564043045
YHR165C,YPL230W,0,0.66472065,0.2757422626018524,0.871257483959198,0.2293458729982376
YGL192W,YDR258C,0,0.66440976,0.27565518021583557,0.871257483959198,0.22944588959217072
YAL008W,YHR092C,0,0.6643969,0.2755681872367859,0.871257483959198,0.22954590618610382
YBR227C,YLR055C,0,0.66412187,0.2754812240600586,0.871257483959198,0.22964592278003693
YDR298C,YBL040C,0,0.6637143,0.2753943204879761,0.871257483959198,0.22974595427513123
YGL067W,YBR018C,0,0.6633317,0.27530747652053833,0.871257483959198,0.22984597086906433
YHR023W,YPL224C,0,0.6623349,0.27522069215774536,0.871257483959198,0.22994598746299744
YDR129C,YDL072C,0,0.66132385,0.2751339375972748,0.871257483959198,0.23004600405693054
YIL168W,YKL173W,0,0.6611014,0.27504727244377136,0.871257483959198,0.23014603555202484
YDR420W,YDR529C,0,0.66034275,0.27496063709259033,0.871257483959198,0.23024605214595795
YNL325C,YOR179C,0,0.66013527,0.2748740613460541,0.871257483959198,0.23034606873989105
YNL135C,YPR180W,0,0.6586465,0.2747875452041626,0.871257483959198,0.23044608533382416
YDL168W,YJL174W,0,0.65855527,0.2747010588645935,0.871257483959198,0.23054610192775726
YBL067C,YDL190C,0,0.65855426,0.2746146619319916,0.871257483959198,0.23064613342285156
YIL011W,YOR332W,0,0.65789974,0.27452829480171204,0.871257483959198,0.23074615001678467
YNL009W,YOL078W,0,0.6577986,0.27444198727607727,0.871257483959198,0.23084616661071777
YNL051W,YFL062W,0,0.6565008,0.2743557393550873,0.871257483959198,0.23094618320465088
YGL084C,YPR106W,0,0.655978,0.27426955103874207,0.871257483959198,0.23104621469974518
YNL048W,YNL029C,1,0.6555772,0.27449747920036316,0.8722555041313171,0.23104621469974518
YIL078W,YPL091W,0,0.6555051,0.27441129088401794,0.8722555041313171,0.23114623129367828
YPL053C,YGL226C-A,1,0.6547978,0.2746390402317047,0.8732534646987915,0.23114623129367828
YBR189W,YDR421W,0,0.6545251,0.2745528817176819,0.8732534646987915,0.2312462478876114
YER157W,YAL008W,0,0.6537372,0.27446675300598145,0.8732534646987915,0.2313462644815445
YGR284C,YBL020W,0,0.6533953,0.2743806838989258,0.8732534646987915,0.2314462959766388
YLR117C,YOL061W,0,0.65289605,0.2742946743965149,0.8732534646987915,0.2315463125705719
YDL150W,YOR116C,0,0.6523114,0.2742087244987488,0.8732534646987915,0.231646329164505
YMR072W,YML024W,0,0.65186405,0.27412280440330505,0.8732534646987915,0.2317463457584381
YGL207W,YOR375C,0,0.65061176,0.2740369439125061,0.8732534646987915,0.23184636235237122
YER113C,YCL016C,0,0.6480745,0.2739511728286743,0.8732534646987915,0.23194639384746552
YLR449W,YGR200C,0,0.6472446,0.27386540174484253,0.8732534646987915,0.23204641044139862
YOR091W,YLR011W,0,0.6466401,0.2737797200679779,0.8732534646987915,0.23214642703533173
YHR161C,YFR051C,0,0.64558154,0.27369409799575806,0.8732534646987915,0.23224644362926483
YPL097W,YIR008C,0,0.645377,0.2736085057258606,0.8732534646987915,0.23234647512435913
YGL033W,YGL150C,0,0.64517474,0.2735229730606079,0.8732534646987915,0.23244649171829224
YAL012W,YPL100W,0,0.6445632,0.2734375,0.8732534646987915,0.23254650831222534
YOL041C,YOR372C,0,0.644042,0.27335208654403687,0.8732534646987915,0.23264652490615845
YDR126W,YOL059W,0,0.64397866,0.2732667028903961,0.8732534646987915,0.23274655640125275
YPR183W,YLR288C,0,0.6434308,0.27318137884140015,0.8732534646987915,0.23284657299518585
YAR033W,YLR286C,0,0.64207697,0.27309614419937134,0.8732534646987915,0.23294658958911896
YDL185W,YLR186W,0,0.6415763,0.27301090955734253,0.8732534646987915,0.23304660618305206
YFL022C,YDR382W,0,0.64149964,0.2729257643222809,0.8732534646987915,0.23314662277698517
YLR409C,YKL139W,0,0.639735,0.2728406488895416,0.8732534646987915,0.23324665427207947
YOR363C,YDL017W,0,0.6396094,0.27275562286376953,0.8732534646987915,0.23334667086601257
YDR121W,YKR001C,0,0.63922083,0.2726706266403198,0.8732534646987915,0.23344668745994568
YLR118C,YAL030W,0,0.6391937,0.2725856602191925,0.8732534646987915,0.23354670405387878
YJL059W,YKL148C,0,0.6388991,0.27250078320503235,0.8732534646987915,0.23364673554897308
YEL058W,YCR073C,0,0.63852173,0.2724159359931946,0.8732534646987915,0.2337467521429062
YIL050W,YBR094W,0,0.6380496,0.2723311483860016,0.8732534646987915,0.2338467687368393
YNR056C,YDR311W,0,0.63801736,0.27224642038345337,0.8732534646987915,0.2339467853307724
YML082W,YKL107W,0,0.63776076,0.2721617519855499,0.8732534646987915,0.2340468019247055
YIL160C,YER093C,0,0.6343147,0.27207711338996887,0.8732534646987915,0.2341468334197998
YLR307W,YOL138C,0,0.63384765,0.2719925343990326,0.8732534646987915,0.2342468500137329
YHR153C,YIL005W,0,0.63313437,0.2719080150127411,0.8732534646987915,0.23434686660766602
YBL102W,YFR030W,0,0.63236624,0.27182355523109436,0.8732534646987915,0.23444688320159912
YMR268C,YER096W,0,0.63233554,0.27173912525177,0.8732534646987915,0.23454691469669342
YFR034C,YPL270W,0,0.6316222,0.27165475487709045,0.8732534646987915,0.23464693129062653
YDR385W,YDR510W,0,0.62604177,0.27157044410705566,0.8732534646987915,0.23474694788455963
YER038C,YAL047C,0,0.6257627,0.27148619294166565,0.8732534646987915,0.23484696447849274
YBL037W,YNR039C,0,0.62572837,0.271401971578598,0.8732534646987915,0.23494699597358704
YHR187W,YFL026W,0,0.6253031,0.27131783962249756,0.8732534646987915,0.23504701256752014
YJL210W,YMR251W-A,0,0.6251668,0.2712337374687195,0.8732534646987915,0.23514702916145325
YER114C,YLR006C,0,0.62481296,0.2711496651172638,0.8732534646987915,0.23524704575538635
YPR188C,YGR184C,0,0.6245005,0.27106568217277527,0.8732534646987915,0.23534706234931946
YCR028C,YER183C,0,0.62443537,0.27098172903060913,0.8732534646987915,0.23544709384441376
YGR029W,YDR464W,0,0.6235885,0.27089783549308777,0.8732534646987915,0.23554711043834686
YPL179W,YJL076W,0,0.62345994,0.2708140015602112,0.8732534646987915,0.23564712703227997
YOR109W,YDL178W,0,0.6233443,0.270730197429657,0.8732534646987915,0.23574714362621307
YJR139C,YCR003W,0,0.6231231,0.27064645290374756,0.8732534646987915,0.23584717512130737
YAR018C,YLR194C,0,0.6228664,0.2705627679824829,0.8732534646987915,0.23594719171524048
YHR039C,YJR060W,0,0.6225574,0.27047914266586304,0.8732534646987915,0.23604720830917358
YGR162W,YOR171C,0,0.61942786,0.27039554715156555,0.8732534646987915,0.2361472249031067
YNL244C,YGL055W,0,0.61887157,0.27031201124191284,0.8732534646987915,0.236247256398201
YER118C,YKL184W,0,0.6187357,0.2702285349369049,0.8732534646987915,0.2363472729921341
YGR099W,YMR163C,0,0.6175729,0.27014511823654175,0.8732534646987915,0.2364472895860672
YIL043C,YLR433C,0,0.6165345,0.270061731338501,0.8732534646987915,0.2365473061800003
YGR292W,YGR098C,0,0.61525285,0.269978404045105,0.8732534646987915,0.2366473227739334
YPL170W,YLR240W,0,0.61125326,0.26989513635635376,0.8732534646987915,0.2367473542690277
YKL194C,YML007W,0,0.61120033,0.2698118984699249,0.8732534646987915,0.23684737086296082
YER060W,YDR126W,0,0.6104099,0.26972872018814087,0.8732534646987915,0.23694738745689392
YLR409C,YEL054C,0,0.61009645,0.2696456015110016,0.8732534646987915,0.23704740405082703
YDL200C,YCR039C,0,0.60844177,0.2695625424385071,0.8732534646987915,0.23714743554592133
YBR237W,YOL139C,0,0.60841656,0.26947951316833496,0.8732534646987915,0.23724745213985443
YDR264C,YPR184W,0,0.6078314,0.2693965435028076,0.8732534646987915,0.23734746873378754
YMR215W,YHR044C,0,0.6078031,0.26931363344192505,0.8732534646987915,0.23744748532772064
YNL099C,YPR169W,0,0.6074881,0.26923078298568726,0.8732534646987915,0.23754751682281494
YHL021C,YDR368W,0,0.6059376,0.26914796233177185,0.8732534646987915,0.23764753341674805
YER169W,YIL150C,0,0.6047629,0.2690652012825012,0.8732534646987915,0.23774755001068115
YGL012W,YGL253W,0,0.60451764,0.268982470035553,0.8732534646987915,0.23784756660461426
YFL011W,YDR517W,0,0.604334,0.2688998281955719,0.8732534646987915,0.23794758319854736
YBR227C,YLR306W,0,0.6037976,0.2688172161579132,0.8732534646987915,0.23804761469364166
YDR069C,YAL002W,0,0.6037328,0.2687346339225769,0.8732534646987915,0.23814763128757477
YFR041C,YIL030C,0,0.60318744,0.26865214109420776,0.8732534646987915,0.23824764788150787
YOL121C,YDR362C,0,0.6031574,0.268569678068161,0.8732534646987915,0.23834766447544098
YOR312C,YPL124W,0,0.6029977,0.26848727464675903,0.8732534646987915,0.23844769597053528
YOR336W,YJR131W,1,0.6025023,0.268711656332016,0.8742514848709106,0.23844769597053528
YJL186W,YGL257C,1,0.60182035,0.2689359188079834,0.8752495050430298,0.23844769597053528
YJR041C,YDR056C,0,0.6018015,0.26885345578193665,0.8752495050430298,0.23854771256446838
YOL115W,YCR097W,0,0.60166645,0.26877108216285706,0.8752495050430298,0.2386477291584015
YJR014W,YOR064C,0,0.6014768,0.26868873834609985,0.8752495050430298,0.2387477457523346
YJR118C,YKR072C,0,0.6014156,0.26860642433166504,0.8752495050430298,0.2388477623462677
YMR001C,YIL111W,0,0.6011537,0.2685241997241974,0.8752495050430298,0.238947793841362
YOL088C,YBR103W,0,0.6011293,0.2684420049190521,0.8752495050430298,0.2390478104352951
YLR086W,YGL129C,0,0.60111284,0.26835983991622925,0.8752495050430298,0.2391478270292282
YBR299W,YOR048C,0,0.6008162,0.26827776432037354,0.8752495050430298,0.23924784362316132
YBR079C,YBR023C,0,0.6005343,0.2681957185268402,0.8752495050430298,0.23934787511825562
YDL019C,YML075C,0,0.60048395,0.26811373233795166,0.8752495050430298,0.23944789171218872
YER038C,YGR092W,0,0.59946907,0.2680317759513855,0.8752495050430298,0.23954790830612183
YOR092W,YKR090W,0,0.5988032,0.2679498791694641,0.8752495050430298,0.23964792490005493
YMR015C,YDR463W,0,0.59798145,0.2678680419921875,0.8752495050430298,0.23974795639514923
YPL085W,YKR058W,0,0.5969552,0.26778626441955566,0.8752495050430298,0.23984797298908234
YBR254C,YIL122W,0,0.59604,0.2677045166492462,0.8752495050430298,0.23994798958301544
YGL038C,YNL080C,1,0.595674,0.26792797446250916,0.8762475252151489,0.23994798958301544
YLR239C,YNL300W,0,0.5955454,0.2678462564945221,0.8762475252151489,0.24004800617694855
YFL002C,YDR520C,0,0.5953684,0.2677645683288574,0.8762475252151489,0.24014802277088165
YFR049W,YCR040W,0,0.59499365,0.2676829397678375,0.8762475252151489,0.24024805426597595
YML005W,YPL235W,0,0.5944375,0.26760134100914,0.8762475252151489,0.24034807085990906
YGL013C,YGL253W,0,0.59436816,0.2675198018550873,0.8762475252151489,0.24044808745384216
YDR320C,YLR095C,0,0.59363264,0.2674383223056793,0.8762475252151489,0.24054810404777527
YBR158W,YCR010C,0,0.5931805,0.26735687255859375,0.8762475252151489,0.24064813554286957
YNL020C,YJR129C,0,0.592937,0.26727548241615295,0.8762475252151489,0.24074815213680267
YIL041W,YNL003C,0,0.5927076,0.26719415187835693,0.8762475252151489,0.24084816873073578
YDL060W,YNR024W,0,0.5921575,0.2671128809452057,0.8762475252151489,0.24094818532466888
YNL210W,YPR156C,0,0.59164727,0.26703163981437683,0.8762475252151489,0.24104821681976318
YOL103W,YEL047C,0,0.5913416,0.26695042848587036,0.8762475252151489,0.2411482334136963
YFR046C,YHR123W,0,0.59020305,0.26686930656433105,0.8762475252151489,0.2412482500076294
YMR309C,YNL003C,0,0.58969426,0.26678821444511414,0.8762475252151489,0.2413482666015625
YPL012W,YLR277C,0,0.5887117,0.266707181930542,0.8762475252151489,0.2414482831954956
YKL034W,YDR098C,0,0.58786666,0.26662617921829224,0.8762475252151489,0.2415483146905899
YCL035C,YLR023C,0,0.5874301,0.26654523611068726,0.8762475252151489,0.241648331284523
YGR041W,YNL301C,0,0.5866505,0.26646435260772705,0.8762475252151489,0.24174834787845612
YNL280C,YOL110W,0,0.5860953,0.26638349890708923,0.8762475252151489,0.24184836447238922
YPL040C,YLR298C,0,0.5858451,0.2663027048110962,0.8762475252151489,0.24194839596748352
YNR030W,YBR211C,0,0.58575094,0.26622194051742554,0.8762475252151489,0.24204841256141663
YKL157W,YHR193C,0,0.5856042,0.26614126563072205,0.8762475252151489,0.24214842915534973
YDR051C,YNL096C,0,0.5853629,0.26606062054634094,0.8762475252151489,0.24224844574928284
YGL006W,YOR208W,0,0.58430487,0.2659800052642822,0.8762475252151489,0.24234846234321594
YDR111C,YLR207W,0,0.5842477,0.2658994495868683,0.8762475252151489,0.24244849383831024
YPL030W,YJL197W,0,0.58413625,0.2658189535140991,0.8762475252151489,0.24254851043224335
YGR004W,YNL221C,0,0.58361644,0.26573848724365234,0.8762475252151489,0.24264852702617645
YOR002W,YER166W,0,0.5832901,0.26565808057785034,0.8762475252151489,0.24274854362010956
YMR205C,YOR371C,0,0.5830411,0.2655777335166931,0.8762475252151489,0.24284857511520386
YGR135W,YPR103W,0,0.582831,0.2654974162578583,0.8762475252151489,0.24294859170913696
YJL035C,YDL190C,0,0.5825794,0.2654171586036682,0.8762475252151489,0.24304860830307007
YNL180C,YLR071C,0,0.5806597,0.2653369605541229,0.8762475252151489,0.24314862489700317
YGR003W,YGR208W,0,0.58057106,0.2652567923069,0.8762475252151489,0.24324865639209747
YBR036C,YGR254W,0,0.57951087,0.2651766836643219,0.8762475252151489,0.24334867298603058
YBR236C,YGR198W,0,0.5785304,0.26509660482406616,0.8762475252151489,0.24344868957996368
YHR098C,YOR201C,0,0.5783879,0.2650166153907776,0.8762475252151489,0.2435487061738968
YKL017C,YKL080W,0,0.5783063,0.264936625957489,0.8762475252151489,0.2436487227678299
YDR244W,YDR087C,0,0.5766719,0.2648567259311676,0.8762475252151489,0.2437487542629242
YIL115C,YEL039C,0,0.57573676,0.2647768259048462,0.8762475252151489,0.2438487708568573
YHL021C,YML129C,0,0.57559574,0.26469701528549194,0.8762475252151489,0.2439487874507904
YPR086W,YLR432W,0,0.5743046,0.2646172344684601,0.8762475252151489,0.2440488040447235
YNL038W,YMR214W,0,0.57429767,0.264537513256073,0.8762475252151489,0.2441488355398178
YMR017W,YDL212W,0,0.57293093,0.2644578218460083,0.8762475252151489,0.24424885213375092
YJL115W,YCR033W,0,0.5728312,0.2643781900405884,0.8762475252151489,0.24434886872768402
YGL257C,YJL209W,0,0.5714321,0.26429861783981323,0.8762475252151489,0.24444888532161713
YDL191W,YLR045C,0,0.5713024,0.2642190754413605,0.8762475252151489,0.24454891681671143
YOR202W,YDL229W,0,0.5712513,0.2641395926475525,0.8762475252151489,0.24464893341064453
YGL147C,YLR128W,0,0.5704539,0.2640601396560669,0.8762475252151489,0.24474895000457764
YKR099W,YJL162C,0,0.5702723,0.2639807462692261,0.8762475252151489,0.24484896659851074
YPL050C,YGL226C-A,1,0.5692855,0.26420196890830994,0.8772454857826233,0.24484896659851074
YOR014W,YPL117C,0,0.5691654,0.2641226053237915,0.8772454857826233,0.24494898319244385
YPR103W,YGL185C,0,0.56673384,0.26404324173927307,0.8772454857826233,0.24504901468753815
YGL097W,YOR096W,0,0.56559837,0.2639639675617218,0.8772454857826233,0.24514903128147125
YNL001W,YPL051W,0,0.5643338,0.2638847231864929,0.8772454857826233,0.24524904787540436
YMR164C,YOR321W,0,0.56368124,0.2638055086135864,0.8772454857826233,0.24534906446933746
YBR227C,YGR202C,0,0.5622984,0.2637263834476471,0.8772454857826233,0.24544909596443176
YLL011W,YLR089C,0,0.56212205,0.26364725828170776,0.8772454857826233,0.24554911255836487
YIL075C,YLR398C,0,0.56124455,0.2635682225227356,0.8772454857826233,0.24564912915229797
YBL099W,YML130C,0,0.56120217,0.2634892165660858,0.8772454857826233,0.24574914574623108
YMR192W,YPL232W,0,0.5606748,0.2634102404117584,0.8772454857826233,0.24584917724132538
YCR081W,YEL016C,0,0.5604433,0.2633313238620758,0.8772454857826233,0.24594919383525848
YOR005C,YDL052C,0,0.559721,0.26325246691703796,0.8772454857826233,0.2460492104291916
YNL136W,YLL057C,0,0.5584397,0.2631736397743225,0.8772454857826233,0.2461492270231247
YBL020W,YBR002C,1,0.5582607,0.26339420676231384,0.8782435059547424,0.2461492270231247
YIL084C,YIL034C,0,0.5581264,0.2633153796195984,0.8782435059547424,0.2462492436170578
YNL310C,YGR208W,0,0.5574038,0.2632366120815277,0.8782435059547424,0.2463492751121521
YPL157W,YDL137W,0,0.55725557,0.2631579041481018,0.8782435059547424,0.2464492917060852
YPL231W,YBR030W,0,0.5558307,0.2630792260169983,0.8782435059547424,0.2465493083000183
YFL050C,YLR411W,0,0.55578434,0.26300060749053955,0.8782435059547424,0.24664932489395142
YKR025W,YBR069C,0,0.5550349,0.2629220187664032,0.8782435059547424,0.24674935638904572
YGL201C,YDR252W,0,0.5548949,0.2628434896469116,0.8782435059547424,0.24684937298297882
YGR013W,YLR431C,0,0.55436873,0.26276499032974243,0.8782435059547424,0.24694938957691193
YGL100W,YAR008W,0,0.554356,0.2626865804195404,0.8782435059547424,0.24704940617084503
YOR321W,YJL186W,1,0.55318403,0.26290658116340637,0.8792415261268616,0.24704940617084503
YDR009W,YBR251W,0,0.55231035,0.26282817125320435,0.8792415261268616,0.24714942276477814
YNL177C,YLR292C,0,0.5519374,0.2627497911453247,0.8792415261268616,0.24724945425987244
YJR099W,YCL045C,0,0.5515867,0.26267144083976746,0.8792415261268616,0.24734947085380554
YOL011W,YML055W,0,0.5496654,0.262593150138855,0.8792415261268616,0.24744948744773865
YBR280C,YGL129C,0,0.5480177,0.2625148892402649,0.8792415261268616,0.24754950404167175
YOR384W,YJL063C,0,0.5478736,0.2624366879463196,0.8792415261268616,0.24764953553676605
YBR221C,YDR234W,0,0.54751253,0.26235854625701904,0.8792415261268616,0.24774955213069916
YPL183C,YGR278W,0,0.5469409,0.2622804343700409,0.8792415261268616,0.24784956872463226
YOL119C,YLR430W,0,0.54679286,0.2622023820877075,0.8792415261268616,0.24794958531856537
YGL049C,YGR157W,0,0.5463122,0.26212435960769653,0.8792415261268616,0.24804961681365967
YLR085C,YBR041W,0,0.5461993,0.2620463967323303,0.8792415261268616,0.24814963340759277
YJR013W,YNL134C,0,0.54543304,0.2619684934616089,0.8792415261268616,0.24824965000152588
YFR032C-A,YLR038C,0,0.5450926,0.26189061999320984,0.8792415261268616,0.24834966659545898
YBR185C,YEL017C-A,0,0.5447174,0.2618127763271332,0.8792415261268616,0.2484496831893921
YDR322W,YCL064C,0,0.5444542,0.2617349922657013,0.8792415261268616,0.2485497146844864
YOL020W,YNL293W,0,0.5444038,0.2616572678089142,0.8792415261268616,0.2486497312784195
YKL026C,YHR115C,0,0.5441606,0.26157957315444946,0.8792415261268616,0.2487497478723526
YKL027W,YDR503C,0,0.543086,0.2615019381046295,0.8792415261268616,0.2488497644662857
YGR224W,YMR021C,0,0.5430789,0.26142433285713196,0.8792415261268616,0.24894979596138
YPL248C,YKL035W,0,0.5430659,0.2613467872142792,0.8792415261268616,0.2490498125553131
YIL117C,YBL039C,0,0.54257137,0.2612692713737488,0.8792415261268616,0.24914982914924622
YNL069C,YMR224C,0,0.5425215,0.26119181513786316,0.8792415261268616,0.24924984574317932
YDL031W,YBR127C,0,0.54219645,0.2611144185066223,0.8792415261268616,0.24934987723827362
YIL105C,YNL306W,0,0.541646,0.26103705167770386,0.8792415261268616,0.24944989383220673
YHR023W,YFR049W,0,0.54123795,0.2609597146511078,0.8792415261268616,0.24954991042613983
YBL019W,YEL021W,0,0.54107744,0.2608824372291565,0.8792415261268616,0.24964992702007294
YOR131C,YBL030C,0,0.5400216,0.26080521941185,0.8792415261268616,0.24974994361400604
YOR308C,YOR001W,0,0.5390582,0.26072803139686584,0.8792415261268616,0.24984997510910034
YDR536W,YJL098W,0,0.5384529,0.2606508731842041,0.8792415261268616,0.24994999170303345
YPL010W,YMR281W,0,0.5382521,0.2605738043785095,0.8792415261268616,0.25005000829696655
YDR118W,YOR231W,0,0.5380555,0.26049673557281494,0.8792415261268616,0.25015002489089966
YDL043C,YMR014W,0,0.5371105,0.2604197561740875,0.8792415261268616,0.25025004148483276
YDR325W,YNL124W,0,0.5369009,0.2603427767753601,0.8792415261268616,0.25035005807876587
YLR083C,YNL212W,0,0.5348667,0.26026588678359985,0.8792415261268616,0.25045010447502136
YJL139C,YNR059W,1,0.5343076,0.26048433780670166,0.8802395462989807,0.25045010447502136
YPL143W,YER089C,0,0.53411543,0.2604074478149414,0.8802395462989807,0.25055012106895447
YCR071C,YBR123C,0,0.53396004,0.26033058762550354,0.8802395462989807,0.2506501376628876
YDR118W,YOR182C,0,0.5338739,0.26025375723838806,0.8802395462989807,0.2507501542568207
YOR284W,YDR407C,0,0.53378624,0.26017698645591736,0.8802395462989807,0.2508501708507538
YPL053C,YKR061W,1,0.5330007,0.2603951692581177,0.8812375068664551,0.2508501708507538
YKL183W,YFR053C,0,0.5321906,0.260318398475647,0.8812375068664551,0.2509501874446869
YJL148W,YBR235W,0,0.53186333,0.26024168729782104,0.8812375068664551,0.25105020403862
YKL146W,YOR205C,0,0.5305046,0.2601650059223175,0.8812375068664551,0.2511502206325531
YJR041C,YBR014C,0,0.5296193,0.26008835434913635,0.8812375068664551,0.2512502372264862
YBL009W,YGL155W,0,0.5292785,0.26001179218292236,0.8812375068664551,0.2513502836227417
YDR156W,YEL009C,0,0.5292437,0.2599352300167084,0.8812375068664551,0.2514503002166748
YDL174C,YGL232W,0,0.5284615,0.25985872745513916,0.8812375068664551,0.2515503168106079
YMR133W,YBR229C,0,0.52780753,0.2597822844982147,0.8812375068664551,0.251650333404541
YGR217W,YIL105C,0,0.5264945,0.25970587134361267,0.8812375068664551,0.2517503499984741
YHR114W,YPR143W,0,0.5260783,0.2596295177936554,0.8812375068664551,0.2518503665924072
YDR308C,YBR236C,0,0.525369,0.2595531940460205,0.8812375068664551,0.25195038318634033
YNL336W,YDR393W,0,0.52490497,0.2594769299030304,0.8812375068664551,0.25205039978027344
YER183C,YML107C,0,0.5248856,0.25940069556236267,0.8812375068664551,0.25215041637420654
YNL083W,YOR217W,0,0.52481234,0.2593245208263397,0.8812375068664551,0.25225046277046204
YOR130C,YOR295W,0,0.52380943,0.25924837589263916,0.8812375068664551,0.25235047936439514
YLR286C,YLR432W,0,0.52244836,0.2591722905635834,0.8812375068664551,0.25245049595832825
YDL223C,YHR115C,0,0.522179,0.25909623503685,0.8812375068664551,0.25255051255226135
YDR441C,YDR166C,0,0.52153623,0.25902023911476135,0.8812375068664551,0.25265052914619446
YLR453C,YJL189W,0,0.520573,0.2589442729949951,0.8812375068664551,0.25275054574012756
YOR060C,YOR371C,0,0.52042377,0.25886836647987366,0.8812375068664551,0.25285056233406067
YDL135C,YOR157C,0,0.51934445,0.2587924897670746,0.8812375068664551,0.2529505789279938
YGL033W,YOR014W,0,0.5193103,0.2587166726589203,0.8812375068664551,0.2530505955219269
YJR105W,YNL098C,0,0.5178871,0.2586408853530884,0.8812375068664551,0.2531506419181824
YLR342W,YJR009C,0,0.5178395,0.25856515765190125,0.8812375068664551,0.2532506585121155
YAR014C,YKR049C,0,0.5175658,0.2584894597530365,0.8812375068664551,0.2533506751060486
YNR052C,YNR070W,0,0.51579607,0.25841382145881653,0.8812375068664551,0.2534506916999817
YMR026C,YER063W,0,0.51563835,0.25833821296691895,0.8812375068664551,0.2535507082939148
YOL027C,YNL265C,0,0.51562554,0.25826266407966614,0.8812375068664551,0.2536507248878479
YAR018C,YDR464W,0,0.51475173,0.2581871449947357,0.8812375068664551,0.253750741481781
YNL336W,YDR432W,0,0.5145632,0.2581116557121277,0.8812375068664551,0.2538507580757141
YKL116C,YHR091C,0,0.5139418,0.25803622603416443,0.8812375068664551,0.2539508044719696
YCR094W,YIL157C,0,0.51371783,0.25796085596084595,0.8812375068664551,0.2540508210659027
YLR002C,YJR042W,0,0.51280993,0.25788551568984985,0.8812375068664551,0.2541508376598358
YML005W,YGL231C,0,0.51252097,0.25781020522117615,0.8812375068664551,0.2542508542537689
YNL037C,YKR001C,0,0.5122326,0.2577349543571472,0.8812375068664551,0.254350870847702
YNL221C,YMR113W,0,0.511967,0.25765976309776306,0.8812375068664551,0.25445088744163513
YCR035C,YNR061C,0,0.51030844,0.2575846016407013,0.8812375068664551,0.25455090403556824
YCR021C,YHR214W,0,0.5091896,0.2575094699859619,0.8812375068664551,0.25465092062950134
YBL099W,YPL246C,0,0.50899804,0.2574343979358673,0.8812375068664551,0.25475093722343445
YKL137W,YGR123C,0,0.5081643,0.2573593556880951,0.8812375068664551,0.25485098361968994
YGR135W,YMR091C,0,0.50711876,0.25728437304496765,0.8812375068664551,0.25495100021362305
YMR207C,YPR041W,0,0.5065794,0.257209450006485,0.8812375068664551,0.25505101680755615
YBR188C,YOR030W,0,0.5061215,0.2571345269680023,0.8812375068664551,0.25515103340148926
YIL075C,YGR152C,0,0.50589466,0.2570596933364868,0.8812375068664551,0.25525104999542236
YLR226W,YER033C,0,0.50511885,0.2569848597049713,0.8812375068664551,0.25535106658935547
YEL031W,YDL093W,1,0.5050477,0.25720104575157166,0.8822355270385742,0.25535106658935547
YMR104C,YLR256W,0,0.5035105,0.25712624192237854,0.8822355270385742,0.2554510831832886
YLR188W,YPR037C,0,0.5031487,0.2570514678955078,0.8822355270385742,0.2555510997772217
YHR142W,YPR101W,0,0.49993065,0.25697675347328186,0.8822355270385742,0.2556511163711548
YGL191W,YGR292W,0,0.49967122,0.2569020688533783,0.8822355270385742,0.2557511627674103
YLR193C,YER166W,0,0.4988914,0.2568274140357971,0.8822355270385742,0.2558511793613434
YIL010W,YML041C,0,0.49883413,0.2567528188228607,0.8822355270385742,0.2559511959552765
YAL005C,YMR201C,0,0.49870738,0.2566782832145691,0.8822355270385742,0.2560512125492096
YDR507C,YLR337C,0,0.49836743,0.25660377740859985,0.8822355270385742,0.2561512291431427
YKR025W,YBR084C-A,0,0.49800164,0.256529301404953,0.8822355270385742,0.2562512457370758
YPL138C,YIL016W,0,0.49796087,0.2564548850059509,0.8822355270385742,0.2563512623310089
YBR212W,YJL097W,0,0.49778232,0.25638049840927124,0.8822355270385742,0.256451278924942
YNR041C,YER106W,0,0.4974907,0.25630617141723633,0.8822355270385742,0.2565512955188751
YOL017W,YBR175W,0,0.49702078,0.2562318742275238,0.8822355270385742,0.2566513419151306
YGL168W,YMR161W,0,0.4967184,0.25615763664245605,0.8822355270385742,0.2567513585090637
YJR135C,YER003C,0,0.49547687,0.2560834288597107,0.8822355270385742,0.2568513751029968
YGL142C,YBR231C,0,0.4947376,0.2560092806816101,0.8822355270385742,0.25695139169692993
YKR060W,YIL093C,0,0.49469113,0.2559351623058319,0.8822355270385742,0.25705140829086304
YGR199W,YDR414C,1,0.49275598,0.2561505138874054,0.8832335472106934,0.25705140829086304
YLR259C,YGR082W,0,0.49245653,0.2560763955116272,0.8832335472106934,0.25715142488479614
YOL135C,YOR329C,0,0.49228066,0.2560023069381714,0.8832335472106934,0.25725144147872925
YBR044C,YLR089C,0,0.49140987,0.25592827796936035,0.8832335472106934,0.25735145807266235
YLR459W,YOR329C,0,0.4909918,0.2558542788028717,0.8832335472106934,0.25745150446891785
YLR448W,YIL150C,0,0.49000677,0.25578033924102783,0.8832335472106934,0.25755152106285095
YLR393W,YLL001W,0,0.4899804,0.25570642948150635,0.8832335472106934,0.25765153765678406
YDL055C,YEL031W,1,0.48994294,0.2559214234352112,0.8842315077781677,0.25765153765678406
YKL002W,YAL009W,0,0.4893216,0.2558475434780121,0.8842315077781677,0.25775155425071716
YHR167W,YGL137W,0,0.48930222,0.255773663520813,0.8842315077781677,0.25785157084465027
YOR063W,YBR203W,0,0.4889804,0.25569984316825867,0.8842315077781677,0.2579515874385834
YJL179W,YDL108W,0,0.48826808,0.2556260824203491,0.8842315077781677,0.2580516040325165
YGR284C,YCR020C,0,0.48818243,0.25555235147476196,0.8842315077781677,0.2581516206264496
YIL171W,YML133C,0,0.48805743,0.2554786503314972,0.8842315077781677,0.2582516372203827
YNL025C,YLR027C,0,0.48752075,0.2554050087928772,0.8842315077781677,0.2583516836166382
YAL013W,YMR297W,0,0.48649487,0.255331426858902,0.8842315077781677,0.2584517002105713
YHR113W,YBR040W,0,0.48567063,0.25525784492492676,0.8842315077781677,0.2585517168045044
YLR119W,YPL266W,0,0.48563474,0.2551843225955963,0.8842315077781677,0.2586517333984375
YMR197C,YGR231C,0,0.48506427,0.25511085987091064,0.8842315077781677,0.2587517499923706
YBR069C,YLR406C,0,0.4850019,0.25503742694854736,0.8842315077781677,0.2588517665863037
YOR172W,YOR043W,0,0.48425904,0.25496402382850647,0.8842315077781677,0.2589517831802368
YHR194W,YDL122W,0,0.48313773,0.25489068031311035,0.8842315077781677,0.2590517997741699
YNR019W,YMR022W,0,0.4830795,0.2548173666000366,0.8842315077781677,0.259151816368103
YFR046C,YIR036C,0,0.48304567,0.25474411249160767,0.8842315077781677,0.2592518627643585
YMR237W,YGR026W,0,0.48180377,0.2546708881855011,0.8842315077781677,0.2593518793582916
YLR204W,YKR095W,0,0.48100692,0.2545976936817169,0.8842315077781677,0.25945189595222473
YER155C,YLR017W,0,0.48062223,0.2545245587825775,0.8842315077781677,0.25955191254615784
YBR180W,YDR466W,0,0.479923,0.2544514536857605,0.8842315077781677,0.25965192914009094
YER118C,YOR380W,0,0.47982258,0.25437840819358826,0.8842315077781677,0.25975194573402405
YEL017C-A,YLR120C,0,0.47925073,0.2543053925037384,0.8842315077781677,0.25985196232795715
YDL136W,YDR071C,0,0.4792481,0.2542324364185333,0.8842315077781677,0.25995197892189026
YOR065W,YNL317W,0,0.47861362,0.25415948033332825,0.8842315077781677,0.26005199551582336
YBR302C,YNL136W,0,0.47819972,0.25408661365509033,0.8842315077781677,0.26015204191207886
YJR131W,YMR014W,0,0.47797483,0.2540137469768524,0.8842315077781677,0.26025205850601196
YDL161W,YKL197C,0,0.4771403,0.25394096970558167,0.8842315077781677,0.26035207509994507
YLR120C,YCL030C,0,0.47674972,0.2538681924343109,0.8842315077781677,0.2604520916938782
YPL195W,YHR079C-A,0,0.47669607,0.25379547476768494,0.8842315077781677,0.2605521082878113
YDR080W,YML070W,0,0.47499532,0.25372278690338135,0.8842315077781677,0.2606521248817444
YNL069C,YGL100W,0,0.47490418,0.25365015864372253,0.8842315077781677,0.2607521414756775
YNL038W,YOR009W,0,0.47457746,0.2535775601863861,0.8842315077781677,0.2608521580696106
YNL287W,YDR052C,0,0.47445878,0.25350502133369446,0.8842315077781677,0.2609522044658661
YOR202W,YPL028W,0,0.47349197,0.2534324824810028,0.8842315077781677,0.2610522210597992
YNL180C,YPR110C,0,0.472474,0.2533600330352783,0.8842315077781677,0.2611522376537323
YLR266C,YFL008W,0,0.47181296,0.25328758358955383,0.8842315077781677,0.2612522542476654
YDR456W,YBL091C,0,0.4717242,0.2532151937484741,0.8842315077781677,0.2613522708415985
YPR100W,YMR261C,0,0.47065923,0.2531428635120392,0.8842315077781677,0.2614522874355316
YAR003W,YPR154W,0,0.47050533,0.25307056307792664,0.8842315077781677,0.2615523040294647
YBR077C,YPR175W,0,0.46978572,0.2529982924461365,0.8842315077781677,0.2616523206233978
YKL213C,YGR038W,0,0.46863014,0.2529260516166687,0.8842315077781677,0.26175233721733093
YMR026C,YDR116C,0,0.4685971,0.2528538703918457,0.8842315077781677,0.2618523836135864
YKL184W,YJL054W,0,0.46823066,0.2527817487716675,0.8842315077781677,0.26195240020751953
YOR091W,YKR034W,0,0.4676759,0.25270962715148926,0.8842315077781677,0.26205241680145264
YGL086W,YKR083C,0,0.46742213,0.2526375949382782,0.8842315077781677,0.26215243339538574
YMR264W,YCR071C,0,0.4667721,0.25256556272506714,0.8842315077781677,0.26225244998931885
YMR101C,YDR414C,1,0.46621564,0.252778559923172,0.8852295279502869,0.26225244998931885
YNL310C,YFR025C,0,0.46552044,0.2527065575122833,0.8852295279502869,0.26235246658325195
YBR070C,YDL093W,1,0.46484792,0.25291940569877625,0.886227548122406,0.26235246658325195
YBR002C,YDR483W,1,0.46464714,0.2531321048736572,0.8872255682945251,0.26235246658325195
YMR101C,YDL232W,1,0.46378356,0.25334471464157104,0.8882235288619995,0.26235246658325195
YGL003C,YDL229W,0,0.46362227,0.2532726228237152,0.8882235288619995,0.26245248317718506
YPR161C,YLR148W,0,0.46354765,0.25320056080818176,0.8882235288619995,0.26255249977111816
YBR035C,YKL092C,0,0.46176428,0.2531285583972931,0.8882235288619995,0.26265251636505127
YDR298C,YPR168W,0,0.45959145,0.2530565857887268,0.8882235288619995,0.26275256276130676
YGL229C,YPL015C,0,0.45844287,0.2529846429824829,0.8882235288619995,0.26285257935523987
YLR239C,YPL074W,0,0.45841575,0.2529127597808838,0.8882235288619995,0.262952595949173
YMR139W,YOL152W,0,0.45831263,0.25284090638160706,0.8882235288619995,0.2630526125431061
YIL049W,YLL050C,0,0.4570715,0.2527691125869751,0.8882235288619995,0.2631526291370392
YER006W,YOR026W,0,0.45559776,0.25269731879234314,0.8882235288619995,0.2632526457309723
YMR023C,YKL160W,0,0.45528108,0.25262561440467834,0.8882235288619995,0.2633526623249054
YNL002C,YPL015C,0,0.45458058,0.25255391001701355,0.8882235288619995,0.2634526789188385
YNR019W,YOR270C,0,0.45374793,0.25248226523399353,0.8882235288619995,0.263552725315094
YAR014C,YNL206C,0,0.4535557,0.2524106502532959,0.8882235288619995,0.2636527419090271
YGR261C,YER012W,0,0.45311925,0.25233909487724304,0.8882235288619995,0.2637527585029602
YDR511W,YHR031C,0,0.45205146,0.2522675693035126,0.8882235288619995,0.2638527750968933
YDR515W,YDL075W,0,0.4517715,0.2521961033344269,0.8882235288619995,0.2639527916908264
YDR284C,YKL178C,0,0.45134622,0.2521246373653412,0.8882235288619995,0.2640528082847595
YPR049C,YCR042C,0,0.4509077,0.25205323100090027,0.8882235288619995,0.2641528248786926
YER157W,YIL019W,0,0.45083374,0.2519818842411041,0.8882235288619995,0.26425284147262573
YLL038C,YDL087C,0,0.44862133,0.25191056728363037,0.8882235288619995,0.26435285806655884
YAR009C,YIL070C,0,0.4483685,0.251839280128479,0.8882235288619995,0.26445290446281433
YHR031C,YKL116C,0,0.44827586,0.25176802277565,0.8882235288619995,0.26455292105674744
YGR247W,YJL111W,0,0.44690388,0.2516968250274658,0.8882235288619995,0.26465293765068054
YNL197C,YPL036W,0,0.44659358,0.251625657081604,0.8882235288619995,0.26475295424461365
YBL022C,YDL046W,0,0.44590536,0.25155454874038696,0.8882235288619995,0.26485297083854675
YJR097W,YOR109W,0,0.44540322,0.2514834702014923,0.8882235288619995,0.26495298743247986
YJR097W,YGR286C,0,0.4452062,0.25141242146492004,0.8882235288619995,0.26505300402641296
YLR189C,YML091C,0,0.4437502,0.25134143233299255,0.8882235288619995,0.26515302062034607
YCR072C,YPL088W,0,0.44313496,0.25127047300338745,0.8882235288619995,0.2652530372142792
YNL082W,YOR344C,0,0.4430322,0.25119954347610474,0.8882235288619995,0.26535308361053467
YLR188W,YBR016W,0,0.44281447,0.2511286735534668,0.8882235288619995,0.2654531002044678
YGR060W,YFL037W,0,0.44237006,0.25105783343315125,0.8882235288619995,0.2655531167984009
YBR104W,YGR004W,0,0.44167176,0.2509870231151581,0.8882235288619995,0.265653133392334
YHR010W,YJR033C,0,0.44120806,0.2509162724018097,0.8882235288619995,0.2657531499862671
YPL057C,YPL186C,0,0.4410395,0.2508455514907837,0.8882235288619995,0.2658531665802002
YPR186C,YAL047C,0,0.44019383,0.2507748603820801,0.8882235288619995,0.2659531831741333
YLL009C,YCR003W,0,0.4399935,0.25070422887802124,0.8882235288619995,0.2660531997680664
YHR161C,YCL033C,0,0.4382865,0.2506336271762848,0.8882235288619995,0.2661532163619995
YDR308C,YER126C,0,0.43798277,0.2505630552768707,0.8882235288619995,0.266253262758255
YJR059W,YIL013C,0,0.43741864,0.25049254298210144,0.8882235288619995,0.2663532793521881
YFR046C,YOR369C,0,0.43599325,0.25042206048965454,0.8882235288619995,0.2664532959461212
YMR086W,YER093C,0,0.4348181,0.25035160779953003,0.8882235288619995,0.2665533125400543
YKL125W,YOR221C,0,0.43473572,0.2502812147140503,0.8882235288619995,0.2666533291339874
YFL031W,YJL159W,0,0.4340615,0.25021085143089294,0.8882235288619995,0.26675334572792053
YKL138C,YKL051W,0,0.43332255,0.250140517950058,0.8882235288619995,0.26685336232185364
YMR101C,YGL226C-A,1,0.43258992,0.250351220369339,0.8892215490341187,0.26685336232185364
YMR024W,YPR108W,0,0.43188882,0.25028088688850403,0.8892215490341187,0.26695337891578674
YOL115W,YPL103C,0,0.4318301,0.25021061301231384,0.8892215490341187,0.26705342531204224
YBL004W,YOL042W,0,0.43040475,0.25014036893844604,0.8892215490341187,0.26715344190597534
YOL017W,YKR039W,0,0.42972448,0.25007015466690063,0.8892215490341187,0.26725345849990845
YER056C,YJR135C,0,0.4292228,0.25,0.8892215490341187,0.26735347509384155
YNL133C,YOR307C,0,0.42839015,0.24992987513542175,0.8892215490341187,0.26745349168777466
YLR205C,YGR156W,0,0.4267732,0.2498597800731659,0.8892215490341187,0.26755350828170776
YNL254C,YJL096W,0,0.42672896,0.2497897446155548,0.8892215490341187,0.26765352487564087
YLR242C,YAL051W,0,0.42588115,0.24971972405910492,0.8892215490341187,0.267753541469574
YER179W,YGR234W,0,0.42377114,0.2496497631072998,0.8892215490341187,0.2678535580635071
YLR275W,YDR424C,0,0.42285562,0.24957983195781708,0.8892215490341187,0.2679536044597626
YJR109C,YKR014C,0,0.4212792,0.24950994551181793,0.8892215490341187,0.2680536210536957
YHR028C,YBR136W,0,0.42127547,0.24944008886814117,0.8892215490341187,0.2681536376476288
YDR069C,YML072C,0,0.42068914,0.249370276927948,0.8892215490341187,0.2682536542415619
YBR084W,YHR215W,0,0.4202685,0.2493005096912384,0.8892215490341187,0.268353670835495
YKL080W,YNL113W,0,0.41716966,0.2492307722568512,0.8892215490341187,0.2684536874294281
YJR093C,YLR418C,0,0.41694427,0.24916107952594757,0.8892215490341187,0.2685537040233612
YBL022C,YDR032C,0,0.4162839,0.24909141659736633,0.8892215490341187,0.2686537206172943
YGR193C,YNR070W,0,0.41600707,0.24902179837226868,0.8892215490341187,0.2687537372112274
YDR074W,YMR029C,0,0.41577694,0.2489522248506546,0.8892215490341187,0.2688537836074829
YMR216C,YIR023W,0,0.41540933,0.24888268113136292,0.8892215490341187,0.268953800201416
YDR141C,YGL150C,0,0.4148333,0.2488131821155548,0.8892215490341187,0.2690538167953491
YER102W,YDL018C,0,0.41402656,0.2487437129020691,0.8892215490341187,0.2691538333892822
YLR081W,YML095C,0,0.41378522,0.24867428839206696,0.8892215490341187,0.26925384998321533
YDL193W,YKL201C,1,0.41367576,0.2488839328289032,0.8902195692062378,0.26925384998321533
YNR011C,YBR179C,0,0.4131461,0.24881450831890106,0.8902195692062378,0.26935386657714844
YGR116W,YGR038W,0,0.4129088,0.2487451136112213,0.8902195692062378,0.26945388317108154
YDR180W,YGR002C,0,0.41257322,0.24867577850818634,0.8902195692062378,0.26955389976501465
YMR035W,YKR029C,0,0.4125136,0.24860647320747375,0.8902195692062378,0.26965391635894775
YGL238W,YER167W,0,0.41182685,0.24853719770908356,0.8902195692062378,0.26975396275520325
YOR330C,YPL169C,0,0.41153145,0.24846796691417694,0.8902195692062378,0.26985397934913635
YGR068C,YDR481C,0,0.41037357,0.2483987808227539,0.8902195692062378,0.26995399594306946
YBL090W,YOR207C,0,0.4086276,0.24832962453365326,0.8902195692062378,0.27005401253700256
YOR221C,YJL110C,0,0.40785757,0.2482605129480362,0.8902195692062378,0.27015402913093567
YMR230W,YNL125C,0,0.40770915,0.24819143116474152,0.8902195692062378,0.2702540457248688
YDL226C,YGR231C,0,0.4071308,0.24812239408493042,0.8902195692062378,0.2703540623188019
YKR053C,YDR155C,0,0.4070689,0.2480533868074417,0.8902195692062378,0.270454078912735
YAL051W,YCR037C,0,0.4069736,0.24798442423343658,0.8902195692062378,0.2705541253089905
YER007C-A,YLR207W,0,0.4062013,0.24791550636291504,0.8902195692062378,0.2706541419029236
YAL058W,YGL257C,0,0.4061845,0.24784661829471588,0.8902195692062378,0.2707541584968567
YDR118W,YJR022W,0,0.40535003,0.2477777749300003,0.8902195692062378,0.2708541750907898
YNL113W,YNL272C,0,0.4043011,0.2477089762687683,0.8902195692062378,0.2709541916847229
YNL020C,YDR309C,0,0.4041843,0.2476401925086975,0.8902195692062378,0.271054208278656
YOR133W,YMR063W,0,0.40374342,0.24757146835327148,0.8902195692062378,0.2711542248725891
YGR271C-A,YGL073W,0,0.4017552,0.24750277400016785,0.8902195692062378,0.2712542414665222
YEL047C,YEL003W,0,0.4010186,0.2474341243505478,0.8902195692062378,0.2713542580604553
YGR154C,YIR022W,0,0.4009125,0.24736550450325012,0.8902195692062378,0.2714543044567108
YPR081C,YML088W,0,0.40070352,0.24729692935943604,0.8902195692062378,0.2715543210506439
YGR263C,YBR097W,0,0.40029797,0.24722838401794434,0.8902195692062378,0.271654337644577
YPL283C,YJL133W,0,0.40021235,0.24715988337993622,0.8902195692062378,0.27175435423851013
YJR150C,YKL141W,0,0.39902395,0.2470914125442505,0.8902195692062378,0.27185437083244324
YML016C,YGL206C,0,0.3983146,0.24702298641204834,0.8902195692062378,0.27195438742637634
YCR107W,YGL126W,0,0.39742976,0.24695459008216858,0.8902195692062378,0.27205440402030945
YMR043W,YBR021W,0,0.39723307,0.2468862384557724,0.8902195692062378,0.27215442061424255
YOL033W,YPR023C,0,0.3971437,0.2468179315328598,0.8902195692062378,0.27225443720817566
YMR233W,YDL147W,0,0.3962979,0.2467496544122696,0.8902195692062378,0.27235448360443115
YLR239C,YOR119C,0,0.39584416,0.24668142199516296,0.8902195692062378,0.27245450019836426
YPR108W,YPR061C,0,0.39481348,0.24661321938037872,0.8902195692062378,0.27255451679229736
YBR110W,YPL254W,0,0.3943584,0.24654504656791687,0.8902195692062378,0.27265453338623047
YFL018C,YDR080W,0,0.39307684,0.2464769333600998,0.8902195692062378,0.2727545499801636
YNR052C,YBL080C,0,0.3926581,0.2464088350534439,0.8902195692062378,0.2728545665740967
YML082W,YLR142W,0,0.39241314,0.2463407963514328,0.8902195692062378,0.2729545831680298
YMR306W,YIR008C,0,0.39132303,0.24627277255058289,0.8902195692062378,0.2730545997619629
YPL237W,YDL240W,0,0.39094824,0.24620480835437775,0.8902195692062378,0.273154616355896
YKL065C,YER170W,0,0.39080513,0.2461368590593338,0.8902195692062378,0.2732546627521515
YHR076W,YHR031C,0,0.39074138,0.24606896936893463,0.8902195692062378,0.2733546793460846
YPL008W,YMR183C,0,0.38943753,0.24600110948085785,0.8902195692062378,0.2734546959400177
YIR028W,YOR028C,0,0.389421,0.24593327939510345,0.8902195692062378,0.2735547125339508
YGR278W,YAL034W-A,0,0.38854605,0.24586549401283264,0.8902195692062378,0.2736547291278839
YLR127C,YJL096W,0,0.38779208,0.24579773843288422,0.8902195692062378,0.273754745721817
YAL044C,YEL047C,0,0.38676333,0.24573002755641937,0.8902195692062378,0.2738547623157501
YKR060W,YCR072C,0,0.38643187,0.24566234648227692,0.8902195692062378,0.2739547789096832
YPL179W,YGL025C,0,0.38611093,0.24559471011161804,0.8902195692062378,0.2740548253059387
YDL120W,YBR086C,0,0.3860967,0.24552711844444275,0.8902195692062378,0.2741548418998718
YDR165W,YJL044C,0,0.3844575,0.24545954167842865,0.8902195692062378,0.27425485849380493
YHR120W,YHR205W,0,0.38411078,0.24539202451705933,0.8902195692062378,0.27435487508773804
YGL002W,YJL010C,0,0.38237196,0.2453245371580124,0.8902195692062378,0.27445489168167114
YBL105C,YPR047W,0,0.38136262,0.24525707960128784,0.8902195692062378,0.27455490827560425
YKL154W,YOR045W,0,0.38131127,0.24518966674804688,0.8902195692062378,0.27465492486953735
YGL153W,YIL052C,0,0.38080585,0.2451222836971283,0.8902195692062378,0.27475494146347046
YNR032W,YBR058C,0,0.37970534,0.2450549453496933,0.8902195692062378,0.27485495805740356
YIL075C,YBL039C,0,0.37934402,0.2449876368045807,0.8902195692062378,0.27495500445365906
YFL008W,YMR235C,0,0.37916744,0.24492037296295166,0.8902195692062378,0.27505502104759216
YCL039W,YKL221W,0,0.37879902,0.24485313892364502,0.8902195692062378,0.27515503764152527
YNL049C,YHR216W,0,0.37878796,0.24478594958782196,0.8902195692062378,0.2752550542354584
YJL014W,YOR057W,0,0.37822962,0.2447187900543213,0.8902195692062378,0.2753550708293915
YDR469W,YJR076C,0,0.3778084,0.2446516752243042,0.8902195692062378,0.2754550874233246
YBR254C,YCR003W,0,0.3771604,0.2445845901966095,0.8902195692062378,0.2755551040172577
YDL209C,YIL056W,0,0.37647104,0.24451754987239838,0.8902195692062378,0.2756551206111908
YGL020C,YHR065C,0,0.37500617,0.24445053935050964,0.8902195692062378,0.2757551372051239
YGL048C,YDR107C,0,0.37497485,0.2443835586309433,0.8902195692062378,0.2758551836013794
YML069W,YHR117W,0,0.37445864,0.24431662261486053,0.8902195692062378,0.2759552001953125
YNR032W,YKL039W,0,0.3741601,0.24424973130226135,0.8902195692062378,0.2760552167892456
YNL130C,YDR065W,0,0.3739028,0.24418286979198456,0.8902195692062378,0.2761552333831787
YGR029W,YDR039C,0,0.37331975,0.24411603808403015,0.8902195692062378,0.2762552499771118
YJR158W,YBR009C,0,0.3732382,0.24404925107955933,0.8902195692062378,0.2763552665710449
YKL042W,YOR354C,0,0.3731058,0.2439824938774109,0.8902195692062378,0.276455283164978
YPL103C,YMR121C,0,0.3718891,0.24391578137874603,0.8902195692062378,0.27655529975891113
YDR495C,YOR249C,0,0.3718241,0.24384909868240356,0.8902195692062378,0.27665531635284424
YIL173W,YOR201C,0,0.37175035,0.24378246068954468,0.8902195692062378,0.27675536274909973
YDR279W,YJL197W,0,0.3716693,0.24371585249900818,0.8902195692062378,0.27685537934303284
YDR324C,YLR460C,0,0.37110645,0.24364927411079407,0.8902195692062378,0.27695539593696594
YMR205C,YDR441C,0,0.37107778,0.24358274042606354,0.8902195692062378,0.27705541253089905
YNL177C,YER172C,0,0.3699596,0.2435162365436554,0.8902195692062378,0.27715542912483215
YIL039W,YBL102W,0,0.36994198,0.24344977736473083,0.8902195692062378,0.27725544571876526
YGL035C,YKL100C,0,0.36920053,0.24338336288928986,0.8902195692062378,0.27735546231269836
YNL136W,YEL024W,0,0.3685905,0.24331696331501007,0.8902195692062378,0.27745547890663147
YDR298C,YBL066C,0,0.367867,0.24325060844421387,0.8902195692062378,0.27755552530288696
YOR339C,YNL045W,0,0.36774716,0.24318429827690125,0.8902195692062378,0.27765554189682007
YCL035C,YDL018C,0,0.36723015,0.243118017911911,0.8902195692062378,0.2777555584907532
YFL009W,YPR132W,0,0.3671055,0.24305176734924316,0.8902195692062378,0.2778555750846863
YNL167C,YGR163W,0,0.36678573,0.2429855614900589,0.8902195692062378,0.2779555916786194
YDR490C,YML041C,0,0.36526537,0.24291938543319702,0.8902195692062378,0.2780556082725525
YDL195W,YCL066W,0,0.36469212,0.24285325407981873,0.8902195692062378,0.2781556248664856
YOL039W,YHR003C,0,0.36459237,0.24278715252876282,0.8902195692062378,0.2782556414604187
YER106W,YGR217W,0,0.36400646,0.2427210956811905,0.8902195692062378,0.2783556580543518
YOL041C,YJL033W,0,0.3638249,0.24265505373477936,0.8902195692062378,0.2784557044506073
YGR133W,YOR070C,0,0.36380377,0.242589071393013,0.8902195692062378,0.2785557210445404
YNL243W,YML100W,0,0.36239514,0.24252310395240784,0.8902195692062378,0.2786557376384735
YJR094W-A,YHR067W,0,0.36129066,0.24245719611644745,0.8902195692062378,0.2787557542324066
YGR104C,YKL116C,0,0.360973,0.24239130318164825,0.8902195692062378,0.2788557708263397
YJL210W,YDL247W,0,0.3609354,0.24232545495033264,0.8902195692062378,0.2789557874202728
YDR435C,YPL270W,0,0.3606474,0.24225963652133942,0.8902195692062378,0.27905580401420593
YFR010W,YPL144W,0,0.35822383,0.24219386279582977,0.8902195692062378,0.27915582060813904
YOL127W,YER071C,0,0.35800865,0.24212811887264252,0.8902195692062378,0.27925583720207214
YER032W,YNL088W,0,0.35724202,0.24206241965293884,0.8902195692062378,0.27935588359832764
YNL312W,YOL072W,0,0.3567605,0.24199675023555756,0.8902195692062378,0.27945590019226074
YLR170C,YLR239C,0,0.3524028,0.24193111062049866,0.8902195692062378,0.27955591678619385
YGR220C,YOR077W,0,0.3518237,0.24186551570892334,0.8902195692062378,0.27965593338012695
YKL045W,YDL010W,0,0.35127676,0.2417999505996704,0.8902195692062378,0.27975594997406006
YHR166C,YDL052C,0,0.35117382,0.24173441529273987,0.8902195692062378,0.27985596656799316
YDL069C,YDR099W,0,0.35028732,0.2416689246892929,0.8902195692062378,0.27995598316192627
YHR081W,YBR214W,0,0.34888625,0.24160346388816833,0.8902195692062378,0.2800559997558594
YGL058W,YGR040W,0,0.34877762,0.24153804779052734,0.8902195692062378,0.2801560163497925
YLR004C,YHR118C,0,0.3484515,0.24147266149520874,0.8902195692062378,0.280256062746048
YNL142W,YPR151C,0,0.34492737,0.24140730500221252,0.8902195692062378,0.2803560793399811
YDR116C,YMR048W,0,0.3436541,0.2413419932126999,0.8902195692062378,0.2804560959339142
YPL089C,YFL008W,0,0.3428309,0.24127671122550964,0.8902195692062378,0.2805561125278473
YPL227C,YOR085W,1,0.34173852,0.24148188531398773,0.8912175893783569,0.2805561125278473
YGR055W,YGR208W,0,0.34146953,0.24141660332679749,0.8912175893783569,0.2806561291217804
YAL042W,YJR076C,0,0.3414206,0.24135135114192963,0.8912175893783569,0.2807561457157135
YNL056W,YPR108W,0,0.34130058,0.24128614366054535,0.8912175893783569,0.2808561623096466
YIL053W,YER042W,0,0.34121796,0.24122096598148346,0.8912175893783569,0.2809561789035797
YOL109W,YJL207C,0,0.34120744,0.24115581810474396,0.8912175893783569,0.2810562252998352
YIR009W,YPL239W,0,0.3407961,0.24109071493148804,0.8912175893783569,0.2811562418937683
YDR175C,YKL059C,0,0.3401707,0.2410256415605545,0.8912175893783569,0.2812562584877014
YER006W,YLR055C,0,0.33970866,0.24096059799194336,0.8912175893783569,0.2813562750816345
YJR113C,YDL017W,0,0.33910912,0.2408955991268158,0.8912175893783569,0.2814562916755676
YPR122W,YIL160C,0,0.33903483,0.24083063006401062,0.8912175893783569,0.28155630826950073
YPR017C,YMR215W,0,0.33781695,0.24076570570468903,0.8912175893783569,0.28165632486343384
YPR025C,YHR021C,0,0.33578962,0.24070081114768982,0.8912175893783569,0.28175634145736694
YPR052C,YCR092C,0,0.33541468,0.240635946393013,0.8912175893783569,0.28185635805130005
YML124C,YFR006W,0,0.3353747,0.24057112634181976,0.8912175893783569,0.28195640444755554
YDR130C,YNL180C,0,0.33351314,0.2405063360929489,0.8912175893783569,0.28205642104148865
YML091C,YPR082C,0,0.3330085,0.24044157564640045,0.8912175893783569,0.28215643763542175
YOR241W,YGL104C,0,0.33274883,0.24037684500217438,0.8912175893783569,0.28225645422935486
YKL054C,YDR210W,0,0.33089885,0.24031215906143188,0.8912175893783569,0.28235647082328796
YKR061W,YDR414C,1,0.32976818,0.2405165433883667,0.8922155499458313,0.28235647082328796
YKR059W,YMR037C,0,0.3288676,0.2404518574476242,0.8922155499458313,0.28245648741722107
YLR019W,YGR198W,0,0.3286074,0.2403872013092041,0.8922155499458313,0.2825565040111542
YOR005C,YBR009C,0,0.32845634,0.24032257497310638,0.8922155499458313,0.2826565206050873
YIL103W,YGL139W,0,0.32802638,0.24025799334049225,0.8922155499458313,0.2827565371990204
YER118C,YDL220C,0,0.3276525,0.2401934415102005,0.8922155499458313,0.2828565835952759
YNL280C,YPL016W,0,0.326434,0.24012893438339233,0.8922155499458313,0.282956600189209
YKR062W,YGR227W,0,0.3255746,0.24006444215774536,0.8922155499458313,0.2830566167831421
YEL036C,YNL080C,1,0.32542735,0.24026845395565033,0.8932135701179504,0.2830566167831421
YBR088C,YBR273C,0,0.32536685,0.24020397663116455,0.8932135701179504,0.2831566333770752
YAR042W,YLR212C,0,0.32497564,0.24013952910900116,0.8932135701179504,0.2832566499710083
YDR177W,YOR174W,0,0.32482702,0.24007511138916016,0.8932135701179504,0.2833566665649414
YBR136W,YMR101C,0,0.32474577,0.24001072347164154,0.8932135701179504,0.2834566831588745
YLR002C,YFL008W,0,0.32415137,0.2399463802576065,0.8932135701179504,0.2835566997528076
YBR162C,YMR286W,0,0.3241137,0.23988206684589386,0.8932135701179504,0.2836567461490631
YNR075W,YDR084C,0,0.32332677,0.2398177981376648,0.8932135701179504,0.2837567627429962
YDR288W,YEL004W,0,0.32324255,0.23975354433059692,0.8932135701179504,0.2838567793369293
YDR443C,YBL002W,0,0.32308203,0.23968933522701263,0.8932135701179504,0.2839567959308624
YJR123W,YEL051W,0,0.32306072,0.23962517082691193,0.8932135701179504,0.28405681252479553
YCR072C,YOR056C,0,0.32293385,0.2395610213279724,0.8932135701179504,0.28415682911872864
YDR443C,YEL006W,0,0.3229323,0.23949691653251648,0.8932135701179504,0.28425684571266174
YIR004W,YDL232W,0,0.32268512,0.23943285644054413,0.8932135701179504,0.28435686230659485
YOL020W,YPR066W,0,0.32196218,0.23936881124973297,0.8932135701179504,0.28445687890052795
YNL067W,YNL082W,0,0.32158807,0.2393048107624054,0.8932135701179504,0.28455692529678345
YJL100W,YHR106W,0,0.32129395,0.2392408400774002,0.8932135701179504,0.28465694189071655
YGL111W,YPL217C,0,0.31979376,0.2391769140958786,0.8932135701179504,0.28475695848464966
YAR033W,YMR290C,0,0.31937954,0.23911301791667938,0.8932135701179504,0.28485697507858276
YNL219C,YBR002C,1,0.31937927,0.23931623995304108,0.8942115902900696,0.28485697507858276
YAL059W,YHR121W,0,0.3185429,0.23925234377384186,0.8942115902900696,0.28495699167251587
YML077W,YBR273C,0,0.3181234,0.23918846249580383,0.8942115902900696,0.285057008266449
YDR326C,YLR052W,0,0.31764126,0.2391246259212494,0.8942115902900696,0.2851570248603821
YLR233C,YKL132C,0,0.31728065,0.23906083405017853,0.8942115902900696,0.2852570414543152
YKL200C,YDL232W,1,0.31618434,0.23926380276679993,0.8952096104621887,0.2852570414543152
YLR190W,YCL063W,0,0.3158513,0.23919999599456787,0.8952096104621887,0.2853570580482483
YLR246W,YMR313C,0,0.3153996,0.2391362339258194,0.8952096104621887,0.2854571044445038
YNL210W,YOR049C,0,0.31427187,0.2390725016593933,0.8952096104621887,0.2855571210384369
YPR128C,YML104C,0,0.3142323,0.2390087991952896,0.8952096104621887,0.28565713763237
YER155C,YGL090W,0,0.31419,0.2389451265335083,0.8952096104621887,0.2857571542263031
YGR067C,YHR111W,0,0.31327602,0.23888149857521057,0.8952096104621887,0.2858571708202362
YNL241C,YPR057W,0,0.31312504,0.23881788551807404,0.8952096104621887,0.2859571874141693
YDL149W,YJL208C,0,0.31253526,0.23875433206558228,0.8952096104621887,0.2860572040081024
YPL178W,YOR326W,0,0.31146097,0.2386907935142517,0.8952096104621887,0.2861572206020355
YHR215W,YER028C,0,0.31017277,0.23862729966640472,0.8952096104621887,0.28625723719596863
YHR023W,YBR267W,0,0.30933324,0.23856383562088013,0.8952096104621887,0.2863572835922241
YMR142C,YLR060W,0,0.30918512,0.23850040137767792,0.8952096104621887,0.2864573001861572
YCR054C,YDL175C,0,0.30891654,0.2384369969367981,0.8952096104621887,0.28655731678009033
YNR048W,YBL027W,0,0.30847234,0.23837363719940186,0.8952096104621887,0.28665733337402344
YMR068W,YDL005C,0,0.30834153,0.238310307264328,0.8952096104621887,0.28675734996795654
YGR260W,YPR079W,0,0.30831063,0.23824700713157654,0.8952096104621887,0.28685736656188965
YHL003C,YPL008W,0,0.30710563,0.23818375170230865,0.8952096104621887,0.28695738315582275
YIL063C,YOL005C,0,0.3059717,0.23812052607536316,0.8952096104621887,0.28705739974975586
YPL010W,YPR067W,0,0.3050123,0.23805733025074005,0.8952096104621887,0.28715744614601135
YPR100W,YBL103C,0,0.3048916,0.23799416422843933,0.8952096104621887,0.28725746273994446
YIL009W,YNL154C,0,0.3048281,0.237931028008461,0.8952096104621887,0.28735747933387756
YBR154C,YDR092W,0,0.30455405,0.23786793649196625,0.8952096104621887,0.28745749592781067
YDR200C,YNL263C,0,0.30447286,0.23780487477779388,0.8952096104621887,0.2875575125217438
YDR439W,YDL033C,0,0.30401772,0.2377418428659439,0.8952096104621887,0.2876575291156769
YAL021C,YIL093C,0,0.30390108,0.23767885565757751,0.8952096104621887,0.28775754570961
YGL142C,YDR148C,0,0.30338946,0.2376158982515335,0.8952096104621887,0.2878575623035431
YOR381W,YDR528W,0,0.3024799,0.2375529706478119,0.8952096104621887,0.2879575788974762
YMR184W,YMR139W,0,0.30221546,0.23749007284641266,0.8952096104621887,0.2880576252937317
YKL099C,YDL056W,0,0.30188847,0.23742720484733582,0.8952096104621887,0.2881576418876648
YEL002C,YNL176C,0,0.30014247,0.23736438155174255,0.8952096104621887,0.2882576584815979
YBL082C,YNL080C,1,0.2992219,0.23756614327430725,0.8962075710296631,0.2882576584815979
YDL191W,YEL009C,0,0.29741722,0.2375033050775528,0.8962075710296631,0.288357675075531
YOR099W,YKL201C,1,0.296565,0.23770491778850555,0.8972055912017822,0.288357675075531
YMR053C,YEL001C,0,0.29589432,0.2376420795917511,0.8972055912017822,0.2884576916694641
YPR095C,YJL162C,0,0.29564393,0.23757928609848022,0.8972055912017822,0.2885577082633972
YOR128C,YDR528W,0,0.29471016,0.23751650750637054,0.8972055912017822,0.2886577248573303
YML024W,YML021C,0,0.2939346,0.23745377361774445,0.8972055912017822,0.2887577414512634
YLR413W,YPR169W,0,0.2934152,0.23739106953144073,0.8972055912017822,0.28885775804519653
YOL005C,YKL120W,0,0.29321846,0.2373284101486206,0.8972055912017822,0.288957804441452
YNL327W,YDR046C,0,0.29254693,0.23726576566696167,0.8972055912017822,0.28905782103538513
YDL108W,YER041W,0,0.29250598,0.23720316588878632,0.8972055912017822,0.28915783762931824
YDL117W,YHR031C,0,0.2923107,0.23714059591293335,0.8972055912017822,0.28925785422325134
YNL080C,YER005W,1,0.2918058,0.2373417764902115,0.8982036113739014,0.28925785422325134
YBR296C,YMR110C,0,0.29116687,0.23727919161319733,0.8982036113739014,0.28935787081718445
YPL116W,YOR116C,0,0.29083073,0.23721665143966675,0.8982036113739014,0.28945788741111755
YHR136C,YKL120W,0,0.28872105,0.23715415596961975,0.8982036113739014,0.28955790400505066
YCR089W,YGR204W,0,0.28814024,0.23709167540073395,0.8982036113739014,0.28965792059898376
YHR143W-A,YKR034W,0,0.2879603,0.23702923953533173,0.8982036113739014,0.28975793719291687
YPL021W,YCR017C,0,0.28733373,0.2369668185710907,0.8982036113739014,0.28985798358917236
YPR029C,YDL230W,0,0.28681698,0.23690444231033325,0.8982036113739014,0.28995800018310547
YKR046C,YER177W,0,0.28561154,0.2368421107530594,0.8982036113739014,0.2900580167770386
YML081W,YGL079W,0,0.2850388,0.23677979409694672,0.8982036113739014,0.2901580333709717
YLL013C,YPR184W,0,0.2842818,0.23671752214431763,0.8982036113739014,0.2902580499649048
YNL061W,YIL087C,0,0.28417963,0.23665526509284973,0.8982036113739014,0.2903580665588379
YLR081W,YPR106W,0,0.2839362,0.23659305274486542,0.8982036113739014,0.290458083152771
YMR289W,YLR081W,0,0.28251338,0.23653088510036469,0.8982036113739014,0.2905580997467041
YGR205W,YJR145C,0,0.2809298,0.23646873235702515,0.8982036113739014,0.2906581461429596
YPL100W,YIL150C,0,0.28067613,0.2364066243171692,0.8982036113739014,0.2907581627368927
YMR041C,YEL032W,0,0.27987778,0.23634453117847443,0.8982036113739014,0.2908581793308258
YJL002C,YKL201C,1,0.27957997,0.23654502630233765,0.8992015719413757,0.2908581793308258
YMR153W,YGL070C,0,0.27938408,0.23648293316364288,0.8992015719413757,0.2909581959247589
YJR088C,YHR043C,0,0.27916586,0.2364208847284317,0.8992015719413757,0.291058212518692
YJR144W,YLR260W,0,0.27908608,0.2363588660955429,0.8992015719413757,0.2911582291126251
YGR278W,YBL046W,0,0.27871296,0.2362968772649765,0.8992015719413757,0.2912582457065582
YDR307W,YDL072C,0,0.27827924,0.23623491823673248,0.8992015719413757,0.29135826230049133
YGL006W,YLR064W,0,0.27771062,0.23617300391197205,0.8992015719413757,0.29145827889442444
YNL031C,YPR009W,0,0.27769384,0.2361111044883728,0.8992015719413757,0.29155832529067993
YJR007W,YPR017C,0,0.27768633,0.23604924976825714,0.8992015719413757,0.29165834188461304
YDR322C-A,YJR076C,0,0.27711773,0.23598742485046387,0.8992015719413757,0.29175835847854614
YDL092W,YPL161C,0,0.2770453,0.23592562973499298,0.8992015719413757,0.29185837507247925
YHR206W,YGL171W,0,0.27635282,0.23586387932300568,0.8992015719413757,0.29195839166641235
YOR078W,YDR047W,0,0.27552435,0.23580214381217957,0.8992015719413757,0.29205840826034546
YDR531W,YCR054C,0,0.27513987,0.23574045300483704,0.8992015719413757,0.29215842485427856
YFR006W,YHL019C,0,0.27436268,0.2356787919998169,0.8992015719413757,0.29225844144821167
YJR102C,YPR100W,0,0.2731746,0.23561716079711914,0.8992015719413757,0.2923584580421448
YBR119W,YNL188W,0,0.27275687,0.23555555939674377,0.8992015719413757,0.29245850443840027
YJR104C,YML046W,0,0.27275014,0.2354939877986908,0.8992015719413757,0.2925585210323334
YPL059W,YLL022C,0,0.27195334,0.2354324609041214,0.8992015719413757,0.2926585376262665
YOR191W,YDR002W,0,0.2689581,0.2353709489107132,0.8992015719413757,0.2927585542201996
YBR146W,YPR016C,0,0.26866794,0.23530948162078857,0.8992015719413757,0.2928585708141327
YBR227C,YOL003C,0,0.2684279,0.23524804413318634,0.8992015719413757,0.2929585874080658
YKL099C,YPL086C,0,0.2678314,0.2351866364479065,0.8992015719413757,0.2930586040019989
YGL147C,YER183C,0,0.26757693,0.23512525856494904,0.8992015719413757,0.293158620595932
YMR056C,YLL067C,0,0.26725358,0.23506392538547516,0.8992015719413757,0.2932586371898651
YMR318C,YNL015W,0,0.26653975,0.23500260710716248,0.8992015719413757,0.2933586835861206
YDR284C,YHR050W,0,0.26564756,0.23494133353233337,0.8992015719413757,0.2934587001800537
YNL080C,YKR061W,1,0.264933,0.23514077067375183,0.9001995921134949,0.2934587001800537
YBR258C,YDR422C,0,0.26382178,0.23507948219776154,0.9001995921134949,0.2935587167739868
YOL009C,YNL119W,0,0.26358846,0.23501823842525482,0.9001995921134949,0.2936587333679199
YLR139C,YBR171W,0,0.26334202,0.2349570244550705,0.9001995921134949,0.293758749961853
YEL038W,YBR106W,0,0.26256368,0.23489584028720856,0.9001995921134949,0.29385876655578613
YOR357C,YDR201W,0,0.2620633,0.2348346710205078,0.9001995921134949,0.29395878314971924
YLR085C,YJR060W,0,0.2613215,0.23477356135845184,0.9001995921134949,0.29405879974365234
YDR347W,YDR377W,0,0.26069036,0.23471246659755707,0.9001995921134949,0.29415884613990784
YHL009C,YJR049C,0,0.2599702,0.23465140163898468,0.9001995921134949,0.29425886273384094
YDL190C,YNR023W,0,0.25891054,0.23459038138389587,0.9001995921134949,0.29435887932777405
YJL190C,YOR229W,0,0.2588597,0.23452937602996826,0.9001995921134949,0.29445889592170715
YJL210W,YBL071W-A,0,0.25809354,0.23446841537952423,0.9001995921134949,0.29455891251564026
YNL148C,YLR075W,0,0.25772443,0.2344074845314026,0.9001995921134949,0.29465892910957336
YNL331C,YCR106W,0,0.25746894,0.23434658348560333,0.9001995921134949,0.29475894570350647
YKL063C,YKR065C,0,0.25617933,0.23428571224212646,0.9001995921134949,0.2948589622974396
YGR181W,YAL013W,0,0.255996,0.23422487080097198,0.9001995921134949,0.2949589788913727
YMR166C,YMR011W,0,0.25529137,0.2341640740633011,0.9001995921134949,0.2950590252876282
YKL099C,YGR033C,0,0.25490138,0.23410329222679138,0.9001995921134949,0.2951590418815613
YDR331W,YDL147W,0,0.25463724,0.23404255509376526,0.9001995921134949,0.2952590584754944
YMR293C,YKL113C,0,0.25457203,0.23398184776306152,0.9001995921134949,0.2953590750694275
YDR421W,YJR095W,0,0.253834,0.23392115533351898,0.9001995921134949,0.2954590916633606
YKL092C,YDL004W,0,0.25341153,0.23386050760746002,0.9001995921134949,0.2955591082572937
YKL002W,YML095C,0,0.25302476,0.23379988968372345,0.9001995921134949,0.2956591248512268
YOL128C,YDL137W,0,0.25301522,0.23373931646347046,0.9001995921134949,0.2957591414451599
YGR104C,YPL024W,0,0.25217855,0.23367875814437866,0.9001995921134949,0.295859158039093
YOR356W,YDR117C,0,0.25212198,0.23361822962760925,0.9001995921134949,0.2959592044353485
YOR063W,YMR113W,0,0.25199205,0.23355774581432343,0.9001995921134949,0.2960592210292816
YDR116C,YGL173C,0,0.2519736,0.2334972769021988,0.9001995921134949,0.2961592376232147
YHR090C,YJL093C,0,0.2515577,0.23343685269355774,0.9001995921134949,0.2962592542171478
YAL051W,YDL076C,0,0.2515371,0.23337645828723907,0.9001995921134949,0.29635927081108093
YDR298C,YDL006W,0,0.251419,0.2333160936832428,0.9001995921134949,0.29645928740501404
YNL278W,YGL211W,0,0.2512187,0.2332557588815689,0.9001995921134949,0.29655930399894714
YNL263C,YDL122W,0,0.25113064,0.2331954538822174,0.9001995921134949,0.29665932059288025
YMR002W,YJL160C,0,0.25096092,0.2331351786851883,0.9001995921134949,0.29675933718681335
YIR036C,YDR368W,0,0.25023818,0.23307493329048157,0.9001995921134949,0.29685938358306885
YML111W,YGL134W,0,0.2495709,0.23301471769809723,0.9001995921134949,0.29695940017700195
YML095C,YGR208W,0,0.24901778,0.23295454680919647,0.9001995921134949,0.29705941677093506
YPR018W,YBL045C,0,0.24821687,0.2328943908214569,0.9001995921134949,0.29715943336486816
YBR135W,YOR391C,0,0.24740648,0.23283427953720093,0.9001995921134949,0.29725944995880127
YPR049C,YOR124C,0,0.247368,0.23277419805526733,0.9001995921134949,0.2973594665527344
YOL076W,YLR090W,0,0.24736157,0.23271413147449493,0.9001995921134949,0.2974594831466675
YMR192W,YLR007W,0,0.24679357,0.23265410959720612,0.9001995921134949,0.2975594997406006
YKL154W,YER126C,0,0.24637024,0.23259411752223969,0.9001995921134949,0.2976595461368561
YDR096W,YLR204W,0,0.24566162,0.23253415524959564,0.9001995921134949,0.2977595627307892
YDR040C,YHR204W,0,0.24423026,0.232474222779274,0.9001995921134949,0.2978595793247223
YNL225C,YOL059W,0,0.24320596,0.23241432011127472,0.9001995921134949,0.2979595959186554
YOL030W,YGL173C,0,0.2421639,0.23235446214675903,0.9001995921134949,0.2980596125125885
YAL028W,YKL185W,0,0.24163023,0.23229461908340454,0.9001995921134949,0.2981596291065216
YMR026C,YDR256C,0,0.24064916,0.23223480582237244,0.9001995921134949,0.2982596457004547
YOR109W,YBR200W,0,0.24059972,0.2321750372648239,0.9001995921134949,0.2983596622943878
YMR149W,YLR166C,0,0.24050407,0.23211528360843658,0.9001995921134949,0.2984596788883209
YPR086W,YDR341C,0,0.23719934,0.23205557465553284,0.9001995921134949,0.2985597252845764
YKL129C,YOL051W,0,0.23637646,0.23199588060379028,0.9001995921134949,0.2986597418785095
YDR101C,YDR407C,0,0.23633447,0.2319362312555313,0.9001995921134949,0.2987597584724426
YML034W,YOR256C,0,0.23454882,0.23187661170959473,0.9001995921134949,0.29885977506637573
YBR087W,YPL179W,0,0.23403761,0.23181700706481934,0.9001995921134949,0.29895979166030884
YJL083W,YBL023C,0,0.23388404,0.23175744712352753,0.9001995921134949,0.29905980825424194
YDR097C,YNL036W,0,0.23385274,0.2316979169845581,0.9001995921134949,0.29915982484817505
YOR336W,YOR320C,1,0.23364004,0.23189522325992584,0.901197612285614,0.29915982484817505
YNL244C,YHR146W,0,0.23161313,0.23183569312095642,0.901197612285614,0.29925984144210815
YMR101C,YNL029C,1,0.23092353,0.23203285038471222,0.9021956324577332,0.29925984144210815
YJL204C,YPL001W,0,0.23044637,0.2319733202457428,0.9021956324577332,0.29935985803604126
YML101C,YCR018C,0,0.22972274,0.23191380500793457,0.9021956324577332,0.29945990443229675
YGR094W,YPL005W,0,0.2295751,0.23185431957244873,0.9021956324577332,0.29955992102622986
YGL254W,YJL101C,0,0.22948182,0.23179487884044647,0.9021956324577332,0.29965993762016296
YCR072C,YER061C,0,0.22914279,0.2317354530096054,0.9021956324577332,0.29975995421409607
YDR255C,YJL101C,0,0.22666012,0.23167605698108673,0.9021956324577332,0.2998599708080292
YMR243C,YIL037C,0,0.22605823,0.23161670565605164,0.9021956324577332,0.2999599874019623
YPL133C,YBR160W,0,0.2252273,0.23155738413333893,0.9021956324577332,0.3000600039958954
YCR053W,YPR166C,0,0.22402726,0.23149807751178741,0.9021956324577332,0.3001600205898285
YBR085W,YLR181C,0,0.22399409,0.23143881559371948,0.9021956324577332,0.3002600371837616
YOL039W,YPR056W,0,0.22384496,0.23137956857681274,0.9021956324577332,0.3003600835800171
YJL221C,YNL294C,0,0.22347589,0.2313203662633896,0.9021956324577332,0.3004601001739502
YIR004W,YGL044C,0,0.22297719,0.23126119375228882,0.9021956324577332,0.3005601167678833
YCR102C,YBL045C,0,0.22127071,0.23120205104351044,0.9021956324577332,0.3006601333618164
YML016C,YPL117C,0,0.22033603,0.23114292323589325,0.9021956324577332,0.3007601499557495
YPL137C,YPR141C,0,0.22010168,0.23108384013175964,0.9021956324577332,0.3008601665496826
YPR086W,YBR175W,0,0.21924922,0.23102478682994843,0.9021956324577332,0.3009601831436157
YJR117W,YOR077W,0,0.21897167,0.2309657633304596,0.9021956324577332,0.30106019973754883
YER073W,YPL256C,0,0.2181828,0.23090676963329315,0.9021956324577332,0.3011602461338043
YOR191W,YDR520C,0,0.21727124,0.2308478057384491,0.9021956324577332,0.3012602627277374
YPR021C,YER170W,0,0.21638395,0.23078887164592743,0.9021956324577332,0.30136027932167053
YKL073W,YDR446W,0,0.2161979,0.23072996735572815,0.9021956324577332,0.30146029591560364
YPL227C,YDL055C,1,0.2161419,0.2309262603521347,0.9031935930252075,0.30146029591560364
YPR145W,YOR007C,0,0.21540213,0.23086734116077423,0.9031935930252075,0.30156031250953674
YDL185W,YCR081W,0,0.21483067,0.23080846667289734,0.9031935930252075,0.30166032910346985
YGR120C,YLR181C,0,0.21409978,0.23074962198734283,0.9031935930252075,0.30176034569740295
YOR172W,YJL076W,0,0.21254976,0.23069079220294952,0.9031935930252075,0.30186036229133606
YIL122W,YDR524C,0,0.21117276,0.2306320071220398,0.9031935930252075,0.30196037888526917
YGR224W,YPL003W,0,0.21112294,0.23057325184345245,0.9031935930252075,0.30206042528152466
YMR215W,YNL129W,0,0.20999426,0.2305145114660263,0.9031935930252075,0.30216044187545776
YDL192W,YJR015W,0,0.20906709,0.23045581579208374,0.9031935930252075,0.30226045846939087
YPR048W,YPL186C,0,0.20889574,0.23039714992046356,0.9031935930252075,0.302360475063324
YPL145C,YPR184W,0,0.20828824,0.23033851385116577,0.9031935930252075,0.3024604916572571
YDL232W,YER005W,1,0.20809343,0.23053434491157532,0.9041916131973267,0.3024604916572571
YDL025C,YGR254W,0,0.20775765,0.23047570884227753,0.9041916131973267,0.3025605082511902
YFR010W,YGL128C,0,0.20735975,0.23041708767414093,0.9041916131973267,0.3026605248451233
YBL019W,YGR071C,0,0.20728669,0.23035851120948792,0.9041916131973267,0.3027605414390564
YKL073W,YOR174W,0,0.2058125,0.2302999496459961,0.9041916131973267,0.3028605580329895
YJR093C,YNL216W,0,0.20555076,0.23024141788482666,0.9041916131973267,0.302960604429245
YKL042W,YJL209W,0,0.20549446,0.2301829308271408,0.9041916131973267,0.3030606210231781
YIL078W,YOL068C,0,0.20521092,0.23012445867061615,0.9041916131973267,0.3031606376171112
YDL143W,YLR034C,0,0.204103,0.23006601631641388,0.9041916131973267,0.3032606542110443
YDR376W,YDR301W,0,0.20343697,0.2300076186656952,0.9041916131973267,0.3033606708049774
YGR206W,YNL041C,0,0.20297891,0.2299492359161377,0.9041916131973267,0.3034606873989105
YDL184C,YLR431C,0,0.20244643,0.22989089787006378,0.9041916131973267,0.30356070399284363
YJR043C,YGL128C,0,0.20202589,0.22983257472515106,0.9041916131973267,0.30366072058677673
YLR194C,YBL066C,0,0.20027575,0.22977428138256073,0.9041916131973267,0.3037607669830322
YDL192W,YIL084C,0,0.1991691,0.22971601784229279,0.9041916131973267,0.30386078357696533
YJL012C,YBL039C,0,0.19878751,0.22965779900550842,0.9041916131973267,0.30396080017089844
YCR044C,YOL133W,0,0.1985299,0.22959959506988525,0.9041916131973267,0.30406081676483154
YGR001C,YFL049W,0,0.19827616,0.22954142093658447,0.9041916131973267,0.30416083335876465
YOR210W,YIL150C,0,0.19718787,0.22948327660560608,0.9041916131973267,0.30426084995269775
YAL068C,YEL021W,0,0.19714464,0.22942517697811127,0.9041916131973267,0.30436086654663086
YML055W,YDR318W,0,0.19680423,0.22936709225177765,0.9041916131973267,0.30446088314056396
YML069W,YGR163W,0,0.19640386,0.22930903732776642,0.9041916131973267,0.30456089973449707
YNL152W,YCR003W,0,0.19533311,0.22925101220607758,0.9041916131973267,0.30466094613075256
YLR372W,YBL039C,0,0.19532722,0.22919301688671112,0.9041916131973267,0.30476096272468567
YHR098C,YOL139C,0,0.19515723,0.22913505136966705,0.9041916131973267,0.3048609793186188
YLR259C,YGR166W,0,0.19364469,0.22907711565494537,0.9041916131973267,0.3049609959125519
YOL138C,YBL074C,0,0.19348267,0.22901920974254608,0.9041916131973267,0.305061012506485
YJR102C,YPL177C,0,0.19316092,0.22896133363246918,0.9041916131973267,0.3051610291004181
YPR086W,YGL128C,0,0.19203171,0.22890348732471466,0.9041916131973267,0.3052610456943512
YGL016W,YIL068C,0,0.19202852,0.22884567081928253,0.9041916131973267,0.3053610622882843
YER170W,YOL103W,0,0.19182473,0.2287878841161728,0.9041916131973267,0.3054610788822174
YML023C,YNR027W,0,0.19044918,0.22873011231422424,0.9041916131973267,0.3055611252784729
YBL055C,YNR038W,0,0.19040763,0.22867238521575928,0.9041916131973267,0.305661141872406
YDR500C,YDL003W,0,0.19030955,0.2286146879196167,0.9041916131973267,0.3057611584663391
YLR266C,YDL099W,0,0.19012988,0.2285570204257965,0.9041916131973267,0.3058611750602722
YFL018C,YLR200W,0,0.19006546,0.2284993678331375,0.9041916131973267,0.3059611916542053
YMR023C,YDR041W,0,0.18992798,0.2284417599439621,0.9041916131973267,0.3060612082481384
YCL066W,YJL101C,0,0.18966079,0.22838416695594788,0.9041916131973267,0.30616122484207153
YIL018W,YKL188C,0,0.18920386,0.22832661867141724,0.9041916131973267,0.30626124143600464
YOR175C,YCL067C,0,0.18849078,0.2282690852880478,0.9041916131973267,0.30636125802993774
YER099C,YGR128C,0,0.18811503,0.22821158170700073,0.9041916131973267,0.30646130442619324
YOR244W,YIL050W,0,0.18787056,0.22815412282943726,0.9041916131973267,0.30656132102012634
YBR180W,YBR264C,0,0.18715581,0.22809667885303497,0.9041916131973267,0.30666133761405945
YGL087C,YPL157W,0,0.18537635,0.22803926467895508,0.9041916131973267,0.30676135420799255
YLL018C,YCR079W,0,0.18439522,0.22798188030719757,0.9041916131973267,0.30686137080192566
YJL092W,YDR092W,0,0.18347728,0.22792452573776245,0.9041916131973267,0.30696138739585876
YDL174C,YIL031W,0,0.18345714,0.22786720097064972,0.9041916131973267,0.30706140398979187
YAR009C,YOR059C,0,0.1818542,0.22780990600585938,0.9041916131973267,0.307161420583725
YOL088C,YNL224C,0,0.18070643,0.22775264084339142,0.9041916131973267,0.30726146697998047
YDR018C,YDR315C,0,0.18038218,0.22769540548324585,0.9041916131973267,0.3073614835739136
YLR259C,YHR086W,0,0.18000656,0.22763818502426147,0.9041916131973267,0.3074615001678467
YDR317W,YPR041W,0,0.1799396,0.22758100926876068,0.9041916131973267,0.3075615167617798
YDL161W,YDR078C,0,0.1783274,0.22752386331558228,0.9041916131973267,0.3076615333557129
YDR105C,YML092C,0,0.17808086,0.22746673226356506,0.9041916131973267,0.307761549949646
YNL152W,YNL326C,0,0.17725942,0.22740964591503143,0.9041916131973267,0.3078615665435791
YNL209W,YDL012C,0,0.17699224,0.227352574467659,0.9041916131973267,0.3079615831375122
YMR040W,YIL109C,0,0.17482331,0.22729553282260895,0.9041916131973267,0.3080615997314453
YOL157C,YGR067C,0,0.1735363,0.2272385209798813,0.9041916131973267,0.3081616461277008
YPR108W,YNL209W,0,0.17304094,0.227181538939476,0.9041916131973267,0.3082616627216339
YPR029C,YLR064W,0,0.17154515,0.22712458670139313,0.9041916131973267,0.308361679315567
YDR292C,YLR384C,0,0.17125766,0.22706766426563263,0.9041916131973267,0.3084616959095001
YPL128C,YFR050C,0,0.17097561,0.22701077163219452,0.9041916131973267,0.3085617125034332
YFR046C,YPL037C,0,0.1709532,0.2269539088010788,0.9041916131973267,0.30866172909736633
YNL062C,YPL023C,0,0.17072254,0.22689707577228546,0.9041916131973267,0.30876174569129944
YGL207W,YDR039C,0,0.17018357,0.22684025764465332,0.9041916131973267,0.30886176228523254
YBL037W,YHR205W,0,0.16924696,0.22678348422050476,0.9041916131973267,0.30896177887916565
YNR075W,YIR023W,0,0.16892289,0.2267267256975174,0.9041916131973267,0.30906182527542114
YCR038C,YOL078W,0,0.16855991,0.22666999697685242,0.9041916131973267,0.30916184186935425
YER112W,YDL138W,0,0.16826683,0.22661331295967102,0.9041916131973267,0.30926185846328735
YIL050W,YKR049C,0,0.165553,0.22655664384365082,0.9041916131973267,0.30936187505722046
YFL061W,YKL178C,0,0.16493356,0.226500004529953,0.9041916131973267,0.30946189165115356
YPR028W,YDR165W,0,0.16478956,0.22644339501857758,0.9041916131973267,0.30956190824508667
YLR450W,YOR158W,0,0.16457693,0.22638680040836334,0.9041916131973267,0.3096619248390198
YKR031C,YPR141C,0,0.16421959,0.2263302505016327,0.9041916131973267,0.3097619414329529
YDR477W,YDR400W,0,0.16205916,0.22627373039722443,0.9041916131973267,0.309861958026886
YGR284C,YMR233W,0,0.16205347,0.22621722519397736,0.9041916131973267,0.3099620044231415
YMR289W,YBR122C,0,0.16203794,0.22616076469421387,0.9041916131973267,0.3100620210170746
YJL020C,YJR048W,0,0.16182682,0.22610431909561157,0.9041916131973267,0.3101620376110077
YML004C,YAR003W,0,0.15846479,0.22604790329933167,0.9041916131973267,0.3102620542049408
YOR075W,YOR034C,0,0.15812469,0.22599151730537415,0.9041916131973267,0.3103620707988739
YGR082W,YPL162C,0,0.15809673,0.225935161113739,0.9041916131973267,0.310462087392807
YGL208W,YPR112C,0,0.15774843,0.22587883472442627,0.9041916131973267,0.3105621039867401
YBR060C,YDL044C,0,0.15761414,0.2258225381374359,0.9041916131973267,0.3106621205806732
YPL227C,YBR216C,0,0.15758827,0.22576625645160675,0.9041916131973267,0.3107621669769287
YBR189W,YHR007C,0,0.15749812,0.22571001946926117,0.9041916131973267,0.3108621835708618
YOL027C,YMR139W,0,0.15694577,0.22565379738807678,0.9041916131973267,0.3109622001647949
YMR153W,YJR113C,0,0.1566449,0.22559760510921478,0.9041916131973267,0.311062216758728
YOR136W,YIL105C,0,0.15609854,0.22554144263267517,0.9041916131973267,0.31116223335266113
YMR101C,YEL036C,1,0.15550925,0.2257341891527176,0.9051896333694458,0.31116223335266113
YPL270W,YML057W,0,0.15515465,0.22567802667617798,0.9051896333694458,0.31126224994659424
YKL054C,YHR128W,0,0.15473324,0.22562189400196075,0.9051896333694458,0.31136226654052734
YML082W,YNL106C,0,0.1546466,0.22556577622890472,0.9051896333694458,0.31146228313446045
YIL015W,YLR398C,0,0.15409966,0.22550970315933228,0.9051896333694458,0.31156229972839355
YLR066W,YJR047C,0,0.15405773,0.22545364499092102,0.9051896333694458,0.31166234612464905
YGL136C,YCL016C,0,0.15392281,0.22539761662483215,0.9051896333694458,0.31176236271858215
YHR028C,YKL027W,0,0.15326712,0.22534161806106567,0.9051896333694458,0.31186237931251526
YBR022W,YDR363W-A,0,0.15179956,0.22528564929962158,0.9051896333694458,0.31196239590644836
YDL025C,YGL040C,0,0.15153565,0.22522969543933868,0.9051896333694458,0.31206241250038147
YKL222C,YGL086W,0,0.15148894,0.22517378628253937,0.9051896333694458,0.3121624290943146
YPL040C,YML025C,0,0.15115333,0.22511789202690125,0.9051896333694458,0.3122624456882477
YNL053W,YML012W,0,0.15111014,0.2250620275735855,0.9051896333694458,0.3123624622821808
YDR289C,YJL002C,0,0.15088363,0.22500620782375336,0.9051896333694458,0.3124624788761139
YHR023W,YMR184W,0,0.14969325,0.2249504029750824,0.9051896333694458,0.3125625252723694
YDR348C,YJR025C,0,0.14955121,0.22489461302757263,0.9051896333694458,0.3126625418663025
YBL009W,YPR031W,0,0.1489422,0.22483886778354645,0.9051896333694458,0.3127625584602356
YBR253W,YCR086W,0,0.14847453,0.22478315234184265,0.9051896333694458,0.3128625750541687
YPR112C,YMR167W,0,0.1482194,0.22472745180130005,0.9051896333694458,0.3129625916481018
YLR078C,YML133C,0,0.14790973,0.22467178106307983,0.9051896333694458,0.3130626082420349
YJL113W,YLR023C,0,0.1473359,0.224616140127182,0.9051896333694458,0.313162624835968
YDR368W,YOR117W,0,0.14715156,0.22456052899360657,0.9051896333694458,0.3132626414299011
YBL038W,YDL043C,0,0.14703907,0.22450494766235352,0.9051896333694458,0.31336265802383423
YDR074W,YBR046C,0,0.14688319,0.22444939613342285,0.9051896333694458,0.3134627044200897
YGL213C,YPL194W,0,0.14648438,0.22439385950565338,0.9051896333694458,0.3135627210140228
YOR259C,YER001W,0,0.1455264,0.2243383675813675,0.9051896333694458,0.31366273760795593
YDR466W,YPL224C,0,0.14544542,0.2242828905582428,0.9051896333694458,0.31376275420188904
YBR044C,YNL224C,0,0.14505385,0.2242274433374405,0.9051896333694458,0.31386277079582214
YGR278W,YJL044C,0,0.14503494,0.22417202591896057,0.9051896333694458,0.31396278738975525
YGL067W,YMR205C,0,0.14492029,0.22411662340164185,0.9051896333694458,0.31406280398368835
YKR086W,YIL039W,0,0.14488433,0.2240612655878067,0.9051896333694458,0.31416282057762146
YMR202W,YPL024W,0,0.14428043,0.22400592267513275,0.9051896333694458,0.31426286697387695
YHR064C,YLR003C,0,0.14304353,0.22395062446594238,0.9051896333694458,0.31436288356781006
YOL077C,YOL127W,0,0.1418925,0.2238953411579132,0.9051896333694458,0.31446290016174316
YAL059W,YNL199C,0,0.14142954,0.22384007275104523,0.9051896333694458,0.31456291675567627
YER114C,YJR025C,0,0.14119044,0.22378484904766083,0.9051896333694458,0.3146629333496094
YDR297W,YPL045W,0,0.14030507,0.22372965514659882,0.9051896333694458,0.3147629499435425
YMR040W,YPR055W,0,0.13942307,0.223674476146698,0.9051896333694458,0.3148629665374756
YPR079W,YLR246W,0,0.13894431,0.22361932694911957,0.9051896333694458,0.3149629831314087
YGL087C,YLR466W,0,0.13867304,0.22356420755386353,0.9051896333694458,0.3150629997253418
YBR002C,YMR149W,1,0.13836372,0.22375553846359253,0.9061876535415649,0.3150629997253418
YOL012C,YDR427W,0,0.13801867,0.2237004190683365,0.9061876535415649,0.3151630461215973
YNL099C,YHR034C,0,0.13729095,0.22364531457424164,0.9061876535415649,0.3152630627155304
YDL190C,YGL115W,0,0.13727807,0.22359025478363037,0.9061876535415649,0.3153630793094635
YLR293C,YCL067C,0,0.13697244,0.2235352098941803,0.9061876535415649,0.3154630959033966
YGR174C,YOR002W,0,0.13689138,0.22348017990589142,0.9061876535415649,0.3155631124973297
YPL124W,YGL207W,0,0.13604924,0.22342519462108612,0.9061876535415649,0.3156631290912628
YFL022C,YGR103W,0,0.13452002,0.2233702391386032,0.9061876535415649,0.3157631456851959
YBR085W,YOR202W,0,0.13449544,0.2233152985572815,0.9061876535415649,0.31586316227912903
YOR368W,YPL103C,0,0.13426128,0.22326038777828217,0.9061876535415649,0.31596317887306213
YNL221C,YGR198W,0,0.13271534,0.22320550680160522,0.9061876535415649,0.3160632252693176
YOR047C,YMR022W,0,0.13199192,0.22315065562725067,0.9061876535415649,0.31616324186325073
YER060W-A,YMR088C,0,0.13069782,0.2230958193540573,0.9061876535415649,0.31626325845718384
YJR073C,YPL024W,0,0.13008454,0.22304102778434753,0.9061876535415649,0.31636327505111694
YDR108W,YMR198W,0,0.12974283,0.22298625111579895,0.9061876535415649,0.31646329164505005
YPL193W,YBR049C,0,0.127779,0.22293150424957275,0.9061876535415649,0.31656330823898315
YMR263W,YKL035W,0,0.12763917,0.22287677228450775,0.9061876535415649,0.31666332483291626
YOR375C,YDR359C,0,0.12738195,0.22282208502292633,0.9061876535415649,0.31676334142684937
YLR313C,YDR200C,0,0.12711221,0.2227674126625061,0.9061876535415649,0.31686335802078247
YGL017W,YNR059W,0,0.12703791,0.22271278500556946,0.9061876535415649,0.31696340441703796
YGL065C,YMR016C,0,0.12696633,0.222658172249794,0.9061876535415649,0.31706342101097107
YML085C,YDR139C,0,0.12674442,0.22260357439517975,0.9061876535415649,0.3171634376049042
YCR094W,YKL004W,0,0.12591706,0.22254902124404907,0.9061876535415649,0.3172634541988373
YKL112W,YMR091C,0,0.12541565,0.2224944829940796,0.9061876535415649,0.3173634707927704
YLR045C,YNL103W,0,0.12523508,0.2224399745464325,0.9061876535415649,0.3174634873867035
YBL023C,YPR120C,0,0.12433251,0.2223854959011078,0.9061876535415649,0.3175635039806366
YBL020W,YML021C,0,0.1241394,0.22233104705810547,0.9061876535415649,0.3176635205745697
YBL006C,YDR443C,0,0.1240051,0.22227662801742554,0.9061876535415649,0.3177635669708252
YDR058C,YNL094W,0,0.12359469,0.2222222238779068,0.9061876535415649,0.3178635835647583
YPL106C,YBR217W,0,0.123075396,0.22216784954071045,0.9061876535415649,0.3179636001586914
YMR013C,YNL029C,1,0.122754365,0.2223581224679947,0.9071856141090393,0.3179636001586914
YGL012W,YOR144C,0,0.121573925,0.22230374813079834,0.9071856141090393,0.3180636167526245
YKR096W,YNL252C,0,0.12121901,0.22224938869476318,0.9071856141090393,0.3181636333465576
YBR131W,YIR037W,0,0.12084532,0.22219505906105042,0.9071856141090393,0.3182636499404907
YBR002C,YBR205W,1,0.12055862,0.22238513827323914,0.9081836342811584,0.3182636499404907
YER129W,YGL049C,0,0.11950663,0.22233080863952637,0.9081836342811584,0.31836366653442383
YAR066W,YPL173W,0,0.11944678,0.222276508808136,0.9081836342811584,0.31846368312835693
YIL075C,YMR286W,0,0.11848563,0.2222222238779068,0.9081836342811584,0.31856369972229004
YPL159C,YPR161C,0,0.11805302,0.22216796875,0.9081836342811584,0.31866374611854553
YDR080W,YKL026C,0,0.11801329,0.2221137434244156,0.9081836342811584,0.31876376271247864
YMR251W-A,YDR099W,0,0.11745538,0.22205954790115356,0.9081836342811584,0.31886377930641174
YER062C,YMR288W,0,0.11583775,0.22200536727905273,0.9081836342811584,0.31896379590034485
YLR423C,YLR356W,0,0.11542221,0.2219512164592743,0.9081836342811584,0.31906381249427795
YOL017W,YIR012W,0,0.11522734,0.22189709544181824,0.9081836342811584,0.31916382908821106
YCR073C,YJR139C,0,0.11463365,0.22184300422668457,0.9081836342811584,0.31926384568214417
YER129W,YER023W,0,0.113808826,0.2217889279127121,0.9081836342811584,0.31936386227607727
YAR014C,YFR024C-A,0,0.113379,0.2217348963022232,0.9081836342811584,0.3194638788700104
YGL181W,YMR189W,0,0.11328581,0.2216808795928955,0.9081836342811584,0.31956392526626587
YJR093C,YLR011W,0,0.11191404,0.2216268926858902,0.9081836342811584,0.319663941860199
YDL193W,YKR034W,0,0.11135262,0.22157292068004608,0.9081836342811584,0.3197639584541321
YGL245W,YGL025C,0,0.110691875,0.22151899337768555,0.9081836342811584,0.3198639750480652
YER155C,YPL040C,0,0.110551,0.2214650809764862,0.9081836342811584,0.3199639916419983
YDR469W,YPL235W,0,0.10962328,0.22141119837760925,0.9081836342811584,0.3200640082359314
YFR024C-A,YDR377W,0,0.104912825,0.2213573306798935,0.9081836342811584,0.3201640248298645
YPR122W,YDL124W,0,0.104272306,0.22130350768566132,0.9081836342811584,0.3202640414237976
YNL265C,YER083C,0,0.10325078,0.22124969959259033,0.9081836342811584,0.3203640580177307
YJR075W,YML130C,0,0.103204966,0.22119592130184174,0.9081836342811584,0.3204641044139862
YCR086W,YLR167W,0,0.10304487,0.22114215791225433,0.9081836342811584,0.3205641210079193
YLR131C,YOR363C,0,0.10281944,0.2210884392261505,0.9081836342811584,0.3206641376018524
YKL140W,YGR125W,0,0.10251244,0.22103473544120789,0.9081836342811584,0.3207641541957855
YDR244W,YDL136W,0,0.10245648,0.22098106145858765,0.9081836342811584,0.32086417078971863
YMR139W,YPR047W,0,0.10240084,0.2209274023771286,0.9081836342811584,0.32096418738365173
YML082W,YKL132C,0,0.102158435,0.22087378799915314,0.9081836342811584,0.32106420397758484
YGR284C,YCR094W,0,0.10192031,0.22082018852233887,0.9081836342811584,0.32116422057151794
YDR206W,YBR044C,0,0.10183367,0.22076661884784698,0.9081836342811584,0.32126426696777344
YKL077W,YOR115C,0,0.101080924,0.2207130789756775,0.9081836342811584,0.32136428356170654
YKL179C,YGR120C,0,0.1006293,0.2206595540046692,0.9081836342811584,0.32146430015563965
YDL005C,YKR001C,0,0.10026252,0.22060605883598328,0.9081836342811584,0.32156431674957275
YPL053C,YBR110W,1,0.10000512,0.22079496085643768,0.9091816544532776,0.32156431674957275
YNL288W,YDL135C,0,0.099898875,0.22074146568775177,0.9091816544532776,0.32166433334350586
YNL136W,YDR027C,0,0.099645,0.22068798542022705,0.9091816544532776,0.32176434993743896
YOR018W,YLR431C,0,0.09872493,0.22063453495502472,0.9091816544532776,0.32186436653137207
YHL009C,YKL108W,0,0.098077044,0.22058111429214478,0.9091816544532776,0.3219643831253052
YBR161W,YLR099C,0,0.095541105,0.22052772343158722,0.9091816544532776,0.3220643997192383
YMR262W,YDL229W,0,0.094566,0.22047434747219086,0.9091816544532776,0.3221644461154938
YDR040C,YPR128C,0,0.09432783,0.22042100131511688,0.9091816544532776,0.3222644627094269
YDR280W,YPR165W,0,0.09422463,0.2203676849603653,0.9091816544532776,0.32236447930336
YNR011C,YKR087C,0,0.09334329,0.2203143835067749,0.9091816544532776,0.3224644958972931
YML014W,YER114C,0,0.093259215,0.2202611267566681,0.9091816544532776,0.3225645124912262
YMR058W,YPL090C,0,0.09290919,0.22020788490772247,0.9091816544532776,0.3226645290851593
YPR108W,YDR446W,0,0.09224872,0.22015465795993805,0.9091816544532776,0.3227645456790924
YHR064C,YCR020W-B,0,0.09185465,0.2201014757156372,0.9091816544532776,0.3228645622730255
YLR369W,YLR323C,0,0.0908142,0.22004830837249756,0.9091816544532776,0.3229645788669586
YBR171W,YIL066C,0,0.09062664,0.2199951708316803,0.9091816544532776,0.3230646252632141
YJR007W,YDR484W,0,0.09050283,0.21994206309318542,0.9091816544532776,0.3231646418571472
YLL006W,YGR038W,0,0.08914748,0.21988897025585175,0.9091816544532776,0.3232646584510803
YER081W,YGR274C,0,0.08913404,0.21983590722084045,0.9091816544532776,0.3233646750450134
YLR286C,YDL098C,0,0.08682582,0.21978287398815155,0.9091816544532776,0.32346469163894653
YJR135W-A,YBR106W,0,0.086136,0.21972985565662384,0.9091816544532776,0.32356470823287964
YKL010C,YKL108W,0,0.08584149,0.2196768820285797,0.9091816544532776,0.32366472482681274
YHL006C,YOR090C,0,0.08292627,0.21962390840053558,0.9091816544532776,0.32376474142074585
YOR158W,YEL001C,0,0.08274862,0.21957097947597504,0.9091816544532776,0.32386478781700134
YOR103C,YBL093C,0,0.08237633,0.21951806545257568,0.9091816544532776,0.32396480441093445
YMR199W,YMR290C,0,0.081545144,0.2194651961326599,0.9091816544532776,0.32406482100486755
YLR417W,YDR363W,0,0.081158005,0.21941232681274414,0.9091816544532776,0.32416483759880066
YLR276C,YGR274C,0,0.080498695,0.21935950219631195,0.9091816544532776,0.32426485419273376
YGR002C,YOL137W,0,0.080465585,0.21930669248104095,0.9091816544532776,0.32436487078666687
YGR121C,YIL039W,0,0.080209255,0.21925391256809235,0.9091816544532776,0.3244648873806
YKL183W,YMR274C,0,0.07989669,0.21920114755630493,0.9091816544532776,0.3245649039745331
YNL288W,YLR220W,0,0.07893646,0.2191484272480011,0.9091816544532776,0.3246649205684662
YBR234C,YPL232W,0,0.07669395,0.21909572184085846,0.9091816544532776,0.3247649669647217
YPL081W,YPR169W,0,0.07563278,0.2190430462360382,0.9091816544532776,0.3248649835586548
YNL292W,YIL173W,0,0.07496062,0.21899038553237915,0.9091816544532776,0.3249650001525879
YEL020C,YFL056C,0,0.07449113,0.21893775463104248,0.9091816544532776,0.325065016746521
YLR364W,YGL025C,0,0.07425997,0.2188851535320282,0.9091816544532776,0.3251650333404541
YLR188W,YBL023C,0,0.0731892,0.2188325673341751,0.9091816544532776,0.3252650499343872
YHR028C,YPL249C,0,0.073174,0.2187800258398056,0.9091816544532776,0.3253650665283203
YBR199W,YDR292C,0,0.07307604,0.2187274843454361,0.9091816544532776,0.3254650831222534
YML111W,YJL207C,0,0.07269689,0.21867498755455017,0.9091816544532776,0.3255650997161865
YJR150C,YML091C,0,0.07253654,0.21862250566482544,0.9091816544532776,0.325665146112442
YMR235C,YOR014W,0,0.07224709,0.2185700535774231,0.9091816544532776,0.3257651627063751
YGL021W,YBL088C,0,0.07128854,0.21851763129234314,0.9091816544532776,0.3258651793003082
YHR154W,YPL008W,0,0.07094014,0.21846522390842438,0.9091816544532776,0.32596519589424133
YEL015W,YGR092W,0,0.0703022,0.218412846326828,0.9091816544532776,0.32606521248817444
YBR211C,YDL020C,0,0.06940238,0.21836049854755402,0.9091816544532776,0.32616522908210754
YML104C,YNL139C,0,0.06903423,0.21830816566944122,0.9091816544532776,0.32626524567604065
YNL291C,YJL162C,0,0.068917334,0.21825586259365082,0.9091816544532776,0.32636526226997375
YMR202W,YDR007W,0,0.068912566,0.2182035893201828,0.9091816544532776,0.32646527886390686
YNL145W,YPL133C,0,0.06841013,0.21815134584903717,0.9091816544532776,0.32656532526016235
YNL206C,YDR253C,0,0.06621933,0.21809911727905273,0.9091816544532776,0.32666534185409546
YER078C,YBR094W,0,0.064289145,0.21804691851139069,0.9091816544532776,0.32676535844802856
YLR084C,YLR423C,0,0.06385642,0.21799473464488983,0.9091816544532776,0.32686537504196167
YNL015W,YMR288W,0,0.063286915,0.21794258058071136,0.9091816544532776,0.3269653916358948
YKL138C,YGL031C,0,0.063105345,0.21789045631885529,0.9091816544532776,0.3270654082298279
YIL109C,YER007W,0,0.062787116,0.2178383618593216,0.9091816544532776,0.327165424823761
YOL077W-A,YOR027W,0,0.062379807,0.2177862823009491,0.9091816544532776,0.3272654414176941
YDL003W,YHL031C,0,0.0620943,0.217734232544899,0.9091816544532776,0.3273654878139496
YLR100W,YFR005C,0,0.06135446,0.21768219769001007,0.9091816544532776,0.3274655044078827
YDR213W,YNL047C,0,0.06130106,0.21763019263744354,0.9091816544532776,0.3275655210018158
YPL170W,YDL075W,0,0.059912995,0.2175782173871994,0.9091816544532776,0.3276655375957489
YCR069W,YBL050W,0,0.05884614,0.21752627193927765,0.9091816544532776,0.327765554189682
YGR244C,YGR099W,0,0.057838038,0.2174743413925171,0.9091816544532776,0.3278655707836151
YKL185W,YKR014C,0,0.056643575,0.21742244064807892,0.9091816544532776,0.3279655873775482
YOR109W,YNL167C,0,0.056306504,0.21737055480480194,0.9091816544532776,0.3280656039714813
YNL280C,YML095C,0,0.05503749,0.21731869876384735,0.9091816544532776,0.32816562056541443
YGL192W,YNL286W,0,0.054903626,0.21726687252521515,0.9091816544532776,0.3282656669616699
YLR262C,YGL130W,0,0.054712296,0.21721507608890533,0.9091816544532776,0.328365683555603
YIR019C,YIL122W,0,0.05466664,0.2171632945537567,0.9091816544532776,0.32846570014953613
YER020W,YOR298C-A,0,0.054243997,0.2171115279197693,0.9091816544532776,0.32856571674346924
YHR124W,YNL222W,0,0.053800195,0.21705980598926544,0.9091816544532776,0.32866573333740234
YKL077W,YBR122C,0,0.05351103,0.2170080989599228,0.9091816544532776,0.32876574993133545
YBR103W,YDR078C,0,0.052272107,0.21695642173290253,0.9091816544532776,0.32886576652526855
YER045C,YDL008W,0,0.05119671,0.21690475940704346,0.9091816544532776,0.32896578311920166
YHR052W,YMR012W,0,0.051139582,0.21685312688350677,0.9091816544532776,0.32906579971313477
YOR073W,YPR009W,0,0.050777227,0.21680152416229248,0.9091816544532776,0.32916584610939026
YNL206C,YDR398W,0,0.050533228,0.21674993634223938,0.9091816544532776,0.32926586270332336
YBR085W,YKL091C,0,0.05043453,0.21669837832450867,0.9091816544532776,0.32936587929725647
YOR356W,YGL043W,0,0.049457192,0.21664685010910034,0.9091816544532776,0.3294658958911896
YER007C-A,YHR112C,0,0.04863865,0.2165953367948532,0.9091816544532776,0.3295659124851227
YDR231C,YDL098C,0,0.044887036,0.21654385328292847,0.9091816544532776,0.3296659290790558
YHL013C,YHR019C,0,0.0438423,0.2164923995733261,0.9091816544532776,0.3297659456729889
YJL139C,YNL080C,1,0.043454982,0.21667854487895966,0.910179615020752,0.3297659456729889
YBR216C,YIL124W,0,0.04344164,0.2166270762681961,0.910179615020752,0.329865962266922
YGR075C,YDR246W,0,0.04202494,0.21657563745975494,0.910179615020752,0.3299659788608551
YIL014W,YGL225W,1,0.039862067,0.21676163375377655,0.9111776351928711,0.3299659788608551
YGL187C,YGR215W,0,0.039717093,0.2167101800441742,0.9111776351928711,0.3300660252571106
YDL031W,YNL254C,0,0.038682878,0.21665875613689423,0.9111776351928711,0.3301660418510437
YDR178W,YDR014W,0,0.03861072,0.21660736203193665,0.9111776351928711,0.3302660584449768
YKL055C,YDR016C,0,0.038195044,0.21655598282814026,0.9111776351928711,0.3303660750389099
YPL231W,YNL246W,0,0.03796637,0.21650461852550507,0.9111776351928711,0.330466091632843
YDR084C,YLR034C,0,0.03779859,0.21645329892635345,0.9111776351928711,0.3305661082267761
YGL025C,YNL214W,0,0.03664508,0.21640199422836304,0.9111776351928711,0.33066612482070923
YPL175W,YNR059W,0,0.035327703,0.2163507044315338,0.9111776351928711,0.33076614141464233
YOL044W,YPL174C,0,0.034869224,0.21629945933818817,0.9111776351928711,0.3308661878108978
YNL130C,YOL051W,0,0.0338372,0.21624822914600372,0.9111776351928711,0.33096620440483093
YIL010W,YOR372C,0,0.033819914,0.21619701385498047,0.9111776351928711,0.33106622099876404
YOL005C,YKR072C,0,0.033227414,0.2161458283662796,0.9111776351928711,0.33116623759269714
YDL166C,YLR327C,0,0.032585025,0.21609467267990112,0.9111776351928711,0.33126625418663025
YJL164C,YJL020C,0,0.032545194,0.21604354679584503,0.9111776351928711,0.33136627078056335
YLR060W,YEL001C,0,0.032222964,0.21599243581295013,0.9111776351928711,0.33146628737449646
YHL032C,YDL105W,0,0.03012342,0.21594133973121643,0.9111776351928711,0.33156630396842957
YAL053W,YIL137C,0,0.0299052,0.2158902883529663,0.9111776351928711,0.33166632056236267
YPL018W,YJR033C,0,0.029818185,0.2158392369747162,0.9111776351928711,0.33176636695861816
YOL072W,YPL237W,0,0.029729098,0.21578823029994965,0.9111776351928711,0.33186638355255127
YMR224C,YBR162W-A,0,0.029453587,0.2157372385263443,0.9111776351928711,0.3319664001464844
YCR102C,YDR253C,0,0.02942536,0.21568627655506134,0.9111776351928711,0.3320664167404175
YPL116W,YLR408C,0,0.029226378,0.21563532948493958,0.9111776351928711,0.3321664333343506
YMR053C,YIL091C,0,0.028129458,0.2155844122171402,0.9111776351928711,0.3322664499282837
YOR158W,YOL023W,0,0.028044462,0.2155335247516632,0.9111776351928711,0.3323664665222168
YLR426W,YCL019W,0,0.027575165,0.2154826521873474,0.9111776351928711,0.3324664831161499
YOR083W,YOR271C,0,0.027422786,0.215431809425354,0.9111776351928711,0.332566499710083
YNL217W,YOR079C,0,0.027294537,0.2153809815645218,0.9111776351928711,0.3326665461063385
YPL049C,YPL158C,0,0.0268853,0.21533018350601196,0.9111776351928711,0.3327665627002716
YLR067C,YNR039C,0,0.024819888,0.21527941524982452,0.9111776351928711,0.3328665792942047
YGR198W,YJR033C,0,0.024674863,0.21522866189479828,0.9111776351928711,0.3329665958881378
YHR016C,YOR383C,0,0.024577096,0.21517793834209442,0.9111776351928711,0.3330666124820709
YER086W,YBR103W,0,0.02440226,0.21512724459171295,0.9111776351928711,0.33316662907600403
YAL021C,YPR075C,0,0.022607327,0.21507656574249268,0.9111776351928711,0.33326664566993713
YHR110W,YOR197W,0,0.02207496,0.2150259017944336,0.9111776351928711,0.33336666226387024
YGR037C,YER044C-A,0,0.021031916,0.2149752825498581,0.9111776351928711,0.33346667885780334
YBR191W,YCR009C,0,0.019302845,0.2149246633052826,0.9111776351928711,0.33356672525405884
YBR149W,YJL057C,0,0.018928349,0.21487408876419067,0.9111776351928711,0.33366674184799194
YCR066W,YML111W,0,0.018826965,0.21482352912425995,0.9111776351928711,0.33376675844192505
YJR131W,YLR214W,0,0.01801978,0.2147729992866516,0.9111776351928711,0.33386677503585815
YBR106W,YML047C,0,0.017761394,0.21472248435020447,0.9111776351928711,0.33396679162979126
YPR161C,YLR215C,0,0.017668068,0.2146719992160797,0.9111776351928711,0.33406680822372437
YBR043C,YKR049C,0,0.017271966,0.21462152898311615,0.9111776351928711,0.33416682481765747
YBR121C,YMR221C,0,0.017234012,0.21457108855247498,0.9111776351928711,0.3342668414115906
YHL004W,YGL166W,0,0.0170407,0.2145206779241562,0.9111776351928711,0.33436688780784607
YLR058C,YOL061W,0,0.016940504,0.2144702821969986,0.9111776351928711,0.3344669044017792
YDR384C,YLR002C,0,0.016694903,0.2144199162721634,0.9111776351928711,0.3345669209957123
YDR409W,YEL058W,0,0.016595893,0.21436956524848938,0.9111776351928711,0.3346669375896454
YOR347C,YJL092W,0,0.016534984,0.21431924402713776,0.9111776351928711,0.3347669541835785
YFR041C,YPL063W,0,0.016501911,0.21426895260810852,0.9111776351928711,0.3348669707775116
YPR156C,YPL230W,0,0.015673965,0.21421867609024048,0.9111776351928711,0.3349669873714447
YMR188C,YIL118W,0,0.014330015,0.21416842937469482,0.9111776351928711,0.3350670039653778
YER001W,YNL080C,1,0.014312282,0.21435272693634033,0.9121756553649902,0.3350670039653778
YMR225C,YJL137C,0,0.014292181,0.21430246531963348,0.9121756553649902,0.3351670205593109
YDR244W,YDL082W,0,0.012975551,0.21425223350524902,0.9121756553649902,0.3352670669555664
YML120C,YLR234W,0,0.012967348,0.21420201659202576,0.9121756553649902,0.3353670835494995
YHR170W,YNL251C,0,0.012470126,0.21415182948112488,0.9121756553649902,0.3354671001434326
YOR109W,YBR301W,0,0.012178134,0.2141016572713852,0.9121756553649902,0.3355671167373657
YOR149C,YLR090W,0,0.011974692,0.2140515148639679,0.9121756553649902,0.33566713333129883
YLR102C,YKL120W,0,0.011598058,0.21400140225887299,0.9121756553649902,0.33576714992523193
YDR098C,YGL128C,0,0.0112555325,0.21395130455493927,0.9121756553649902,0.33586716651916504
YAL002W,YNL116W,0,0.01123248,0.21390123665332794,0.9121756553649902,0.33596718311309814
YBL002W,YGR162W,0,0.010569215,0.213851198554039,0.9121756553649902,0.33606719970703125
YLR134W,YGL171W,0,0.010106206,0.21380117535591125,0.9121756553649902,0.33616724610328674
YFR014C,YOR044W,0,0.009588629,0.2137511670589447,0.9121756553649902,0.33626726269721985
YDL010W,YGR215W,0,0.009250216,0.21370118856430054,0.9121756553649902,0.33636727929115295
YJR088C,YOR193W,0,0.00892286,0.21365123987197876,0.9121756553649902,0.33646729588508606
YIL072W,YDL120W,0,0.007347107,0.21360130608081818,0.9121756553649902,0.33656731247901917
YGL249W,YPL141C,0,0.006800428,0.21355140209197998,0.9121756553649902,0.33666732907295227
YKL089W,YOL065C,0,0.006003514,0.21350151300430298,0.9121756553649902,0.3367673456668854
YEL002C,YKL201C,1,0.005761385,0.21368519961833954,0.9131736755371094,0.3367673456668854
YLR220W,YLL021W,0,0.0041693896,0.21363529562950134,0.9131736755371094,0.3368673622608185
YDR328C,YJL102W,0,0.0037304908,0.21358543634414673,0.9131736755371094,0.3369673788547516
YGL131C,YHR044C,0,0.0036782809,0.2135355919599533,0.9131736755371094,0.3370674252510071
YLR181C,YIL019W,0,0.0035188198,0.21348576247692108,0.9131736755371094,0.3371674418449402
YPR023C,YOR381W,0,0.0032103956,0.21343596279621124,0.9131736755371094,0.3372674584388733
YKR049C,YGR024C,0,0.0026415586,0.2133861929178238,0.9131736755371094,0.3373674750328064
YLR360W,YNL311C,0,0.000787206,0.21333643794059753,0.9131736755371094,0.3374674916267395
YLR287C-A,YJL104W,0,-0.0007805526,0.21328671276569366,0.9131736755371094,0.3375675082206726
YDR482C,YLL015W,0,-0.00079731643,0.213237002491951,0.9131736755371094,0.3376675248146057
YIL070C,YGL087C,0,-0.0016547889,0.2131873220205307,0.9131736755371094,0.3377675414085388
YNR050C,YBR016W,0,-0.002230525,0.2131376713514328,0.9131736755371094,0.3378675878047943
YNL053W,YPL173W,0,-0.0029720813,0.2130880355834961,0.9131736755371094,0.3379676043987274
YLR307W,YFR028C,0,-0.0030328184,0.21303841471672058,0.9131736755371094,0.3380676209926605
YIL131C,YAL041W,0,-0.003666982,0.21298882365226746,0.9131736755371094,0.33816763758659363
YBR146W,YKR024C,0,-0.0049010515,0.21293926239013672,0.9131736755371094,0.33826765418052673
YLR427W,YOR090C,0,-0.0051230416,0.21288971602916718,0.9131736755371094,0.33836767077445984
YNL264C,YKL055C,0,-0.005328402,0.21284019947052002,0.9131736755371094,0.33846768736839294
YLR066W,YPL225W,0,-0.005652491,0.21279069781303406,0.9131736755371094,0.33856770396232605
YML074C,YOR372C,0,-0.006957501,0.21274122595787048,0.9131736755371094,0.33866772055625916
YML029W,YCR106W,0,-0.0070282854,0.2126917690038681,0.9131736755371094,0.33876776695251465
YPR017C,YPR133C,0,-0.0072084665,0.2126423418521881,0.9131736755371094,0.33886778354644775
YER157W,YLR266C,0,-0.007613033,0.2125929296016693,0.9131736755371094,0.33896780014038086
YHL032C,YKL005C,0,-0.007624354,0.2125435471534729,0.9131736755371094,0.33906781673431396
YER178W,YKL054C,0,-0.008554565,0.21249419450759888,0.9131736755371094,0.33916783332824707
YOR221C,YBR068C,0,-0.008806825,0.21244485676288605,0.9131736755371094,0.3392678499221802
YBR168W,YPL138C,0,-0.009129941,0.2123955488204956,0.9131736755371094,0.3393678665161133
YLR097C,YER005W,0,-0.0094534755,0.21234625577926636,0.9131736755371094,0.3394678831100464
YHR201C,YGL009C,0,-0.0097281635,0.2122969776391983,0.9131736755371094,0.3395678997039795
YGR296W,YIL041W,0,-0.009869069,0.21224774420261383,0.9131736755371094,0.339667946100235
YNL118C,YOR094W,0,-0.0113938,0.21219851076602936,0.9131736755371094,0.3397679626941681
YHR149C,YGL003C,0,-0.011397243,0.21214932203292847,0.9131736755371094,0.3398679792881012
YIL147C,YLR450W,0,-0.012420177,0.21210013329982758,0.9131736755371094,0.3399679958820343
YOR014W,YML072C,0,-0.013471156,0.21205098927021027,0.9131736755371094,0.3400680124759674
YNL158W,YHR086W,0,-0.013622642,0.21200186014175415,0.9131736755371094,0.3401680290699005
YBR110W,YGL020C,0,-0.014723122,0.21195274591445923,0.9131736755371094,0.3402680456638336
YPL248C,YPR047W,0,-0.014824145,0.2119036614894867,0.9131736755371094,0.3403680622577667
YPL008W,YDR242W,0,-0.014824659,0.21185459196567535,0.9131736755371094,0.34046807885169983
YJL051W,YPL266W,0,-0.015057981,0.2118055522441864,0.9131736755371094,0.3405681252479553
YML062C,YPR141C,0,-0.015127003,0.21175654232501984,0.9131736755371094,0.3406681418418884
YMR207C,YIR010W,0,-0.016249806,0.21170754730701447,0.9131736755371094,0.34076815843582153
YBR003W,YBL088C,0,-0.0165281,0.2116585671901703,0.9131736755371094,0.34086817502975464
YGL250W,YMR125W,0,-0.016815312,0.2116096168756485,0.9131736755371094,0.34096819162368774
YGL167C,YBR002C,1,-0.017055035,0.21179190278053284,0.9141716361045837,0.34096819162368774
YEL017C-A,YMR236W,0,-0.017143026,0.21174295246601105,0.9141716361045837,0.34106820821762085
YER011W,YGR183C,0,-0.01768545,0.21169401705265045,0.9141716361045837,0.34116822481155396
YOR322C,YMR281W,0,-0.017797709,0.21164509654045105,0.9141716361045837,0.34126824140548706
YLR320W,YPR168W,0,-0.019429803,0.21159620583057404,0.9141716361045837,0.34136828780174255
YAL010C,YJR120W,0,-0.019860685,0.2115473449230194,0.9141716361045837,0.34146830439567566
YLR074C,YKL181W,0,-0.019951582,0.21149849891662598,0.9141716361045837,0.34156832098960876
YHR128W,YDR482C,0,-0.020308316,0.21144968271255493,0.9141716361045837,0.34166833758354187
YOR374W,YML078W,0,-0.020363867,0.21140088140964508,0.9141716361045837,0.341768354177475
YDR237W,YBL080C,0,-0.020503193,0.21135209500789642,0.9141716361045837,0.3418683707714081
YDR069C,YGR184C,0,-0.020713925,0.21130333840847015,0.9141716361045837,0.3419683873653412
YEL017C-A,YOR269W,0,-0.020937793,0.21125461161136627,0.9141716361045837,0.3420684039592743
YIL041W,YDL134C,0,-0.021193236,0.21120589971542358,0.9141716361045837,0.3421684205532074
YDL135C,YKL014C,0,-0.02130428,0.21115721762180328,0.9141716361045837,0.3422684669494629
YOL071W,YKL006C-A,0,-0.02226505,0.21110855042934418,0.9141716361045837,0.342368483543396
YDR432W,YJR126C,0,-0.024117932,0.21105991303920746,0.9141716361045837,0.3424685001373291
YMR306W,YEL061C,0,-0.025287174,0.21101129055023193,0.9141716361045837,0.3425685167312622
YOR321W,YDL055C,1,-0.026126266,0.2111929953098297,0.9151696562767029,0.3425685167312622
YOR026W,YBR049C,0,-0.026217327,0.2111443728208542,0.9151696562767029,0.3426685333251953
YOL002C,YER149C,0,-0.02624172,0.21109576523303986,0.9151696562767029,0.3427685499191284
YBL067C,YGL064C,0,-0.026330084,0.2110471874475479,0.9151696562767029,0.3428685665130615
YBR103W,YHR210C,0,-0.026357174,0.21099862456321716,0.9151696562767029,0.34296858310699463
YDL069C,YDR171W,0,-0.02819109,0.2109500765800476,0.9151696562767029,0.34306859970092773
YKL011C,YOR011W,0,-0.0282,0.21090155839920044,0.9151696562767029,0.3431686460971832
YMR233W,YDR236C,0,-0.02925235,0.21085307002067566,0.9151696562767029,0.34326866269111633
YLR077W,YKL079W,0,-0.0301494,0.21080459654331207,0.9151696562767029,0.34336867928504944
YMR235C,YDL190C,0,-0.030257627,0.21075615286827087,0.9151696562767029,0.34346869587898254
YBR291C,YIL117C,0,-0.030679703,0.21070772409439087,0.9151696562767029,0.34356871247291565
YBR199W,YKR050W,0,-0.030688018,0.21065931022167206,0.9151696562767029,0.34366872906684875
YDR139C,YOR039W,0,-0.033274055,0.21061092615127563,0.9151696562767029,0.34376874566078186
YMR015C,YBR164C,0,-0.03343676,0.2105625718832016,0.9151696562767029,0.34386876225471497
YFR031C-A,YGR156W,0,-0.03438041,0.21051423251628876,0.9151696562767029,0.34396880865097046
YHL017W,YKL152C,0,-0.035010494,0.2104659229516983,0.9151696562767029,0.34406882524490356
YCL063W,YOL139C,0,-0.035898328,0.21041762828826904,0.9151696562767029,0.34416884183883667
YMR080C,YDR487C,0,-0.03608811,0.21036934852600098,0.9151696562767029,0.3442688584327698
YJL076W,YBR153W,0,-0.036271945,0.2103210985660553,0.9151696562767029,0.3443688750267029
YIL038C,YLR215C,0,-0.03628242,0.210272878408432,0.9151696562767029,0.344468891620636
YNL130C,YMR163C,0,-0.03651218,0.2102246731519699,0.9151696562767029,0.3445689082145691
YDL232W,YJL186W,1,-0.036667533,0.21040567755699158,0.916167676448822,0.3445689082145691
YGL210W,YBR106W,0,-0.037371814,0.21035747230052948,0.916167676448822,0.3446689248085022
YGL219C,YDL056W,0,-0.037623756,0.21030928194522858,0.916167676448822,0.3447689414024353
YKL034W,YLR361C,0,-0.037922688,0.21026110649108887,0.916167676448822,0.3448689877986908
YOR371C,YNR008W,0,-0.038273662,0.21021296083927155,0.916167676448822,0.3449690043926239
YIL145C,YBR169C,0,-0.038363755,0.21016483008861542,0.916167676448822,0.345069020986557
YGR001C,YOL094C,0,-0.038420424,0.21011672914028168,0.916167676448822,0.3451690375804901
YOR032C,YDR122W,0,-0.038643688,0.21006864309310913,0.916167676448822,0.3452690541744232
YNL149C,YDR257C,0,-0.038794987,0.21002058684825897,0.916167676448822,0.3453690707683563
YPL152W,YDR302W,0,-0.039115455,0.20997254550457,0.916167676448822,0.34546908736228943
YDL226C,YOL068C,0,-0.041657627,0.20992453396320343,0.916167676448822,0.34556910395622253
YDR519W,YMR221C,0,-0.042348728,0.20987653732299805,0.916167676448822,0.34566912055015564
YDR307W,YER179W,0,-0.042405248,0.20982857048511505,0.916167676448822,0.34576916694641113
YBR056W,YCR023C,0,-0.04302083,0.20978061854839325,0.916167676448822,0.34586918354034424
YPL050C,YBR002C,1,-0.043480173,0.2099611610174179,0.9171656966209412,0.34586918354034424
YKR105C,YPR124W,0,-0.04400602,0.2099132090806961,0.9171656966209412,0.34596920013427734
YMR012W,YBL018C,0,-0.044980764,0.2098652720451355,0.9171656966209412,0.34606921672821045
YGL166W,YPL106C,0,-0.046754703,0.20981734991073608,0.9171656966209412,0.34616923332214355
YDL134C,YPR054W,0,-0.0468868,0.20976945757865906,0.9171656966209412,0.34626924991607666
YLR110C,YEL004W,0,-0.047000557,0.20972159504890442,0.9171656966209412,0.34636926651000977
YNL292W,YER122C,0,-0.04716043,0.20967373251914978,0.9171656966209412,0.34646928310394287
YDR515W,YMR014W,0,-0.047626376,0.20962591469287872,0.9171656966209412,0.346569299697876
YDR435C,YLR178C,0,-0.04813209,0.20957811176776886,0.9171656966209412,0.34666934609413147
YDL117W,YCR037C,0,-0.04986337,0.2095303237438202,0.9171656966209412,0.3467693626880646
YMR316W,YOR047C,0,-0.05105701,0.2094825655221939,0.9171656966209412,0.3468693792819977
YPR104C,YOL034W,0,-0.051442802,0.20943482220172882,0.9171656966209412,0.3469693958759308
YDR014W,YNL311C,0,-0.05163309,0.20938710868358612,0.9171656966209412,0.3470694124698639
YMR101C,YDR221W,1,-0.052176893,0.20956720411777496,0.9181636571884155,0.3470694124698639
YPL043W,YOR241W,0,-0.052200943,0.20951947569847107,0.9181636571884155,0.347169429063797
YGR200C,YHL022C,0,-0.052615292,0.20947176218032837,0.9181636571884155,0.3472694456577301
YGL198W,YBL050W,0,-0.052619845,0.20942407846450806,0.9181636571884155,0.3473694622516632
YGL020C,YBR034C,0,-0.052713875,0.20937642455101013,0.9181636571884155,0.3474695086479187
YPR041W,YMR060C,0,-0.05452743,0.2093287855386734,0.9181636571884155,0.3475695252418518
YDL106C,YJL162C,0,-0.057127766,0.20928116142749786,0.9181636571884155,0.3476695418357849
YDR519W,YNL099C,0,-0.0574255,0.20923356711864471,0.9181636571884155,0.347769558429718
YGR004W,YDR464W,0,-0.058991432,0.20918598771095276,0.9181636571884155,0.3478695750236511
YFL034C-B,YPL085W,0,-0.059388757,0.2091384381055832,0.9181636571884155,0.34796959161758423
YOL041C,YHL050C,0,-0.059515446,0.20909090340137482,0.9181636571884155,0.34806960821151733
YDL200C,YJL208C,0,-0.059628487,0.20904339849948883,0.9181636571884155,0.34816962480545044
YPL233W,YOL097C,0,-0.05969441,0.20899590849876404,0.9181636571884155,0.34826964139938354
YML010W,YIL040W,0,-0.060388654,0.20894844830036163,0.9181636571884155,0.34836968779563904
YOR101W,YDR266C,0,-0.060771525,0.20890100300312042,0.9181636571884155,0.34846970438957214
YBL101C,YBL103C,0,-0.060939968,0.2088535726070404,0.9181636571884155,0.34856972098350525
YDR506C,YPR037C,0,-0.061577335,0.20880617201328278,0.9181636571884155,0.34866973757743835
YOR035C,YOR044W,0,-0.061706215,0.20875878632068634,0.9181636571884155,0.34876975417137146
YDR179C,YMR306W,0,-0.06171447,0.2087114304304123,0.9181636571884155,0.34886977076530457
YDR438W,YJL047C,0,-0.06241014,0.20866408944129944,0.9181636571884155,0.34896978735923767
YJL177W,YOL139C,0,-0.06283978,0.20861677825450897,0.9181636571884155,0.3490698039531708
YOR336W,YKL201C,1,-0.063617036,0.2087961882352829,0.9191616773605347,0.3490698039531708
YPR105C,YBR234C,0,-0.06369421,0.20874886214733124,0.9191616773605347,0.3491698205471039
YDR520C,YJR118C,0,-0.064795196,0.20870156586170197,0.9191616773605347,0.3492698669433594
YJR042W,YMR251W-A,0,-0.06651211,0.2086542844772339,0.9191616773605347,0.3493698835372925
YEL051W,YDR483W,0,-0.06923832,0.208607017993927,0.9191616773605347,0.3494699001312256
YDR141C,YGR008C,0,-0.06949991,0.2085597813129425,0.9191616773605347,0.3495699167251587
YDL098C,YBR065C,0,-0.07044028,0.2085125595331192,0.9191616773605347,0.3496699333190918
YKL216W,YNL058C,0,-0.07109843,0.2084653675556183,0.9191616773605347,0.3497699499130249
YGR174C,YJR158W,0,-0.07154461,0.20841819047927856,0.9191616773605347,0.349869966506958
YEL002C,YIR006C,0,-0.07187642,0.20837104320526123,0.9191616773605347,0.3499699831008911
YKL005C,YBR273C,0,-0.071949326,0.2083239108324051,0.9191616773605347,0.3500699996948242
YML086C,YPR029C,0,-0.072416246,0.20827679336071014,0.9191616773605347,0.3501700460910797
YOR211C,YNL103W,0,-0.07284389,0.20822970569133759,0.9191616773605347,0.3502700626850128
YML104C,YLR382C,0,-0.07346244,0.20818263292312622,0.9191616773605347,0.3503700792789459
YBR210W,YBR102C,0,-0.07503706,0.20813558995723724,0.9191616773605347,0.35047009587287903
YMR285C,YMR029C,0,-0.07506333,0.20808856189250946,0.9191616773605347,0.35057011246681213
YDR388W,YJL026W,0,-0.0753236,0.20804156363010406,0.9191616773605347,0.35067012906074524
YMR302C,YCR003W,0,-0.07545647,0.20799458026885986,0.9191616773605347,0.35077014565467834
YCL035C,YIR037W,0,-0.07620993,0.20794761180877686,0.9191616773605347,0.35087016224861145
YNL256W,YMR235C,0,-0.07680598,0.20790067315101624,0.9191616773605347,0.35097020864486694
YPL128C,YER114C,0,-0.07722342,0.207853764295578,0.9191616773605347,0.35107022523880005
YDR298C,YLR423C,0,-0.077574745,0.20780685544013977,0.9191616773605347,0.35117024183273315
YFL009W,YML026C,0,-0.078179315,0.20775997638702393,0.9191616773605347,0.35127025842666626
YLR262C,YCR040W,0,-0.07844159,0.20771312713623047,0.9191616773605347,0.35137027502059937
YOL088C,YGL257C,0,-0.07868989,0.2076662927865982,0.9191616773605347,0.35147029161453247
YOR017W,YMR139W,0,-0.07872195,0.20761947333812714,0.9191616773605347,0.3515703082084656
YNL064C,YOR267C,0,-0.0790016,0.20757268369197845,0.9191616773605347,0.3516703248023987
YJL180C,YER044C,0,-0.07949108,0.20752590894699097,0.9191616773605347,0.3517703413963318
YLR212C,YIL157C,0,-0.07984257,0.20747916400432587,0.9191616773605347,0.3518703877925873
YJL089W,YJL001W,0,-0.07985884,0.20743243396282196,0.9191616773605347,0.3519704043865204
YJR077C,YCR037C,0,-0.08068201,0.20738571882247925,0.9191616773605347,0.3520704209804535
YPR028W,YJR126C,0,-0.08121947,0.20733903348445892,0.9191616773605347,0.3521704375743866
YOR005C,YHR161C,0,-0.081262335,0.2072923630475998,0.9191616773605347,0.3522704541683197
YCR072C,YCR034W,0,-0.08139465,0.20724572241306305,0.9191616773605347,0.3523704707622528
YOR265W,YDR435C,0,-0.0822575,0.2071990966796875,0.9191616773605347,0.3524704873561859
YDR122W,YNL185C,0,-0.08267653,0.20715250074863434,0.9191616773605347,0.352570503950119
YNL229C,YFL016C,0,-0.08316998,0.20710591971874237,0.9191616773605347,0.3526705205440521
YAL030W,YDR397C,0,-0.083173364,0.2070593535900116,0.9191616773605347,0.3527705669403076
YAL058W,YER166W,0,-0.08323264,0.2070128172636032,0.9191616773605347,0.3528705835342407
YGL098W,YPL204W,0,-0.08357991,0.20696629583835602,0.9191616773605347,0.35297060012817383
YNL289W,YCR107W,0,-0.08381912,0.20691978931427002,0.9191616773605347,0.35307061672210693
YDR156W,YKL209C,0,-0.08416024,0.2068733125925064,0.9191616773605347,0.35317063331604004
YGL142C,YGL035C,0,-0.08416626,0.20682686567306519,0.9191616773605347,0.35327064990997314
YDR479C,YDL069C,0,-0.084400535,0.20678041875362396,0.9191616773605347,0.35337066650390625
YJL094C,YLR092W,0,-0.08616233,0.20673400163650513,0.9191616773605347,0.35347068309783936
YJL057C,YGR078C,0,-0.08634888,0.20668761432170868,0.9191616773605347,0.35357069969177246
YPR019W,YIL022W,0,-0.08789796,0.20664124190807343,0.9191616773605347,0.35367074608802795
YGR262C,YLR039C,0,-0.08898705,0.20659488439559937,0.9191616773605347,0.35377076268196106
YER040W,YPL190C,0,-0.08977929,0.2065485566854477,0.9191616773605347,0.35387077927589417
YLR096W,YPL001W,0,-0.09115338,0.20650224387645721,0.9191616773605347,0.35397079586982727
YHR197W,YJL041W,0,-0.091467366,0.20645594596862793,0.9191616773605347,0.3540708124637604
YIL062C,YHR134W,0,-0.09165755,0.20640967786312103,0.9191616773605347,0.3541708290576935
YHR113W,YLR310C,0,-0.09237072,0.20636343955993652,0.9191616773605347,0.3542708456516266
YNL151C,YGL173C,0,-0.09248087,0.20631720125675201,0.9191616773605347,0.3543708622455597
YNL049C,YBR105C,0,-0.09265083,0.2062709927558899,0.9191616773605347,0.3544709086418152
YOL031C,YDR139C,0,-0.093233794,0.20622481405735016,0.9191616773605347,0.3545709252357483
YDL112W,YCR028C-A,0,-0.09369448,0.20617865025997162,0.9191616773605347,0.3546709418296814
YDR437W,YOR344C,0,-0.09385425,0.20613250136375427,0.9191616773605347,0.3547709584236145
YMR220W,YMR230W,0,-0.09483093,0.20608636736869812,0.9191616773605347,0.3548709750175476
YKR105C,YDR356W,0,-0.09487423,0.20604026317596436,0.9191616773605347,0.3549709916114807
YBR131W,YNL218W,0,-0.095102355,0.20599418878555298,0.9191616773605347,0.3550710082054138
YHR210C,YOR039W,0,-0.095668845,0.2059481143951416,0.9191616773605347,0.3551710247993469
YPR140W,YIL044C,0,-0.096320644,0.2059020847082138,0.9191616773605347,0.35527104139328003
YBR215W,YER053C,0,-0.09670945,0.205856055021286,0.9191616773605347,0.3553710877895355
YKL140W,YGR209C,0,-0.09721495,0.2058100551366806,0.9191616773605347,0.35547110438346863
YNL256W,YLR071C,0,-0.09743997,0.2057640701532364,0.9191616773605347,0.35557112097740173
YMR282C,YDL082W,0,-0.09815346,0.20571811497211456,0.9191616773605347,0.35567113757133484
YKR095W,YFL005W,0,-0.09843989,0.20567217469215393,0.9191616773605347,0.35577115416526794
YKR031C,YBR044C,0,-0.09851085,0.2056262493133545,0.9191616773605347,0.35587117075920105
YNL025C,YGR096W,0,-0.09876703,0.20558035373687744,0.9191616773605347,0.35597118735313416
YKL143W,YDR311W,0,-0.0994913,0.20553447306156158,0.9191616773605347,0.35607120394706726
YCR004C,YDR484W,0,-0.10073361,0.20548862218856812,0.9191616773605347,0.35617122054100037
YLR109W,YLR019W,0,-0.10119888,0.20544278621673584,0.9191616773605347,0.35627126693725586
YPL019C,YOR196C,0,-0.1013553,0.20539696514606476,0.9191616773605347,0.35637128353118896
YPL155C,YBR073W,0,-0.10149605,0.20535117387771606,0.9191616773605347,0.35647130012512207
YHR142W,YDR197W,0,-0.101750165,0.20530539751052856,0.9191616773605347,0.3565713167190552
YDR479C,YBR265W,0,-0.10240793,0.20525963604450226,0.9191616773605347,0.3566713333129883
YPL045W,YPL084W,0,-0.10300684,0.20521390438079834,0.9191616773605347,0.3567713499069214
YDR118W,YDL120W,0,-0.103680134,0.20516818761825562,0.9191616773605347,0.3568713665008545
YPL019C,YOR116C,0,-0.10470517,0.20512250065803528,0.9191616773605347,0.3569713830947876
YDR078C,YOL122C,0,-0.10572615,0.20507681369781494,0.9191616773605347,0.3570713996887207
YJL210W,YLR193C,0,-0.10632546,0.20503117144107819,0.9191616773605347,0.3571714460849762
YHL007C,YGR024C,0,-0.10644966,0.20498552918434143,0.9191616773605347,0.3572714626789093
YPL202C,YLR115W,0,-0.1071718,0.20493991672992706,0.9191616773605347,0.3573714792728424
YDR414C,YGR036C,1,-0.107297,0.20511679351329803,0.9201596975326538,0.3573714792728424
YDR105C,YCR065W,0,-0.107352674,0.20507118105888367,0.9201596975326538,0.3574714958667755
YAL010C,YOL154W,0,-0.108520985,0.2050255686044693,0.9201596975326538,0.3575715124607086
YPL242C,YHR113W,0,-0.110357575,0.20497998595237732,0.9201596975326538,0.3576715290546417
YGL144C,YCL039W,0,-0.11064547,0.20493443310260773,0.9201596975326538,0.35777154564857483
YDR317W,YDR255C,0,-0.11099376,0.20488889515399933,0.9201596975326538,0.35787156224250793
YDL065C,YGL043W,0,-0.11118077,0.20484337210655212,0.9201596975326538,0.3579716086387634
YGL107C,YBR044C,0,-0.111462384,0.2047978639602661,0.9201596975326538,0.35807162523269653
YOL113W,YER020W,0,-0.112057924,0.2047523856163025,0.9201596975326538,0.35817164182662964
YFL044C,YOL119C,0,-0.11262715,0.20470692217350006,0.9201596975326538,0.35827165842056274
YOL096C,YLR238W,0,-0.11371818,0.20466148853302002,0.9201596975326538,0.35837167501449585
YAR010C,YGL032C,0,-0.11377173,0.20461606979370117,0.9201596975326538,0.35847169160842896
YPL174C,YGL211W,0,-0.11412011,0.20457066595554352,0.9201596975326538,0.35857170820236206
YKR078W,YIL162W,0,-0.11433942,0.20452529191970825,0.9201596975326538,0.35867172479629517
YHL001W,YMR128W,0,-0.11527628,0.20447993278503418,0.9201596975326538,0.35877174139022827
YGR220C,YIL147C,0,-0.11587085,0.2044345885515213,0.9201596975326538,0.35887178778648376
YOL113W,YDL019C,0,-0.11605045,0.2043892741203308,0.9201596975326538,0.35897180438041687
YNL161W,YDR406W,0,-0.116264746,0.2043439745903015,0.9201596975326538,0.35907182097435
YLR019W,YBL080C,0,-0.117487386,0.2042986899614334,0.9201596975326538,0.3591718375682831
YIL031W,YBR019C,0,-0.1189335,0.2042534351348877,0.9201596975326538,0.3592718541622162
YPL172C,YIL173W,0,-0.11899164,0.20420819520950317,0.9201596975326538,0.3593718707561493
YLR450W,YDL067C,0,-0.12047678,0.20416297018527985,0.9201596975326538,0.3594718873500824
YMR043W,YBR015C,0,-0.12127513,0.2041177749633789,0.9201596975326538,0.3595719039440155
YHR042W,YNL068C,0,-0.12194217,0.20407259464263916,0.9201596975326538,0.3596719205379486
YKL052C,YNL059C,0,-0.12216826,0.2040274441242218,0.9201596975326538,0.3597719669342041
YER023W,YNL272C,0,-0.12445542,0.20398229360580444,0.9201596975326538,0.3598719835281372
YJR150C,YOR144C,0,-0.12592536,0.20393718779087067,0.9201596975326538,0.3599720001220703
YPL174C,YGR162W,0,-0.1262213,0.2038920819759369,0.9201596975326538,0.3600720167160034
YGR142W,YKL132C,0,-0.1270715,0.2038470059633255,0.9201596975326538,0.3601720333099365
YOR375C,YGR181W,0,-0.12773275,0.2038019448518753,0.9201596975326538,0.36027204990386963
YBR002C,YDR414C,1,-0.12775275,0.20397789776325226,0.9211576581001282,0.36027204990386963
YKL048C,YDR422C,0,-0.12781182,0.20393283665180206,0.9211576581001282,0.36037206649780273
YGL032C,YBR046C,0,-0.1283755,0.20388779044151306,0.9211576581001282,0.36047208309173584
YOL032W,YBR264C,0,-0.128468,0.20384275913238525,0.9211576581001282,0.36057209968566895
YLL013C,YOR065W,0,-0.12890026,0.20379774272441864,0.9211576581001282,0.36067214608192444
YDL079C,YLR077W,0,-0.12890393,0.20375275611877441,0.9211576581001282,0.36077216267585754
YDR227W,YLR155C,0,-0.1292552,0.20370778441429138,0.9211576581001282,0.36087217926979065
YMR291W,YKR098C,0,-0.12965865,0.20366284251213074,0.9211576581001282,0.36097219586372375
YPL008W,YPL164C,0,-0.12971774,0.2036179155111313,0.9211576581001282,0.36107221245765686
YKL101W,YJR065C,0,-0.1312005,0.20357300341129303,0.9211576581001282,0.36117222905158997
YGL002W,YPR025C,0,-0.13256034,0.20352812111377716,0.9211576581001282,0.36127224564552307
YLR034C,YOR158W,0,-0.13268563,0.2034832388162613,0.9211576581001282,0.3613722622394562
YDL243C,YBR208C,0,-0.13279623,0.203438401222229,0.9211576581001282,0.36147230863571167
YBR077C,YNL097C,0,-0.13317423,0.20339356362819672,0.9211576581001282,0.3615723252296448
YBR110W,YKL201C,1,-0.13368359,0.20356906950473785,0.9221556782722473,0.3615723252296448
YGL208W,YJL059W,0,-0.13416001,0.20352423191070557,0.9221556782722473,0.3616723418235779
YNL025C,YIL093C,0,-0.13532415,0.20347940921783447,0.9221556782722473,0.361772358417511
YHR207C,YER149C,0,-0.13552457,0.20343461632728577,0.9221556782722473,0.3618723750114441
YPL255W,YKR099W,0,-0.13811237,0.20338982343673706,0.9221556782722473,0.3619723916053772
YML004C,YNL083W,0,-0.13869734,0.20334507524967194,0.9221556782722473,0.3620724081993103
YKR088C,YIL082W-A,0,-0.1396503,0.2033003270626068,0.9221556782722473,0.3621724247932434
YNL229C,YJR014W,0,-0.13980915,0.20325560867786407,0.9221556782722473,0.3622724413871765
YKR025W,YBR166C,0,-0.14286712,0.20321090519428253,0.9221556782722473,0.362372487783432
YPL086C,YBR215W,0,-0.14305206,0.20316623151302338,0.9221556782722473,0.3624725043773651
YOR027W,YDL105W,0,-0.1431497,0.20312155783176422,0.9221556782722473,0.3625725209712982
YGL133W,YIL087C,0,-0.14336807,0.20307692885398865,0.9221556782722473,0.3626725375652313
YKL091C,YIR014W,0,-0.14348,0.20303229987621307,0.9221556782722473,0.36277255415916443
YKL079W,YGL134W,0,-0.14502567,0.2029877007007599,0.9221556782722473,0.36287257075309753
YAL014C,YMR153W,0,-0.14805818,0.2029431164264679,0.9221556782722473,0.36297258734703064
YGL006W,YNR001C,0,-0.14834726,0.2028985470533371,0.9221556782722473,0.36307260394096375
YLR201C,YNL308C,0,-0.14851585,0.2028540074825287,0.9221556782722473,0.36317262053489685
YBR058C,YMR266W,0,-0.1492446,0.20280948281288147,0.9221556782722473,0.36327266693115234
YNL275W,YGR040W,0,-0.14979386,0.20276497304439545,0.9221556782722473,0.36337268352508545
YOR380W,YKL016C,0,-0.15004086,0.2027204930782318,0.9221556782722473,0.36347270011901855
YHR070W,YJL047C,0,-0.15087178,0.20267602801322937,0.9221556782722473,0.36357271671295166
YAL011W,YDL188C,0,-0.15101057,0.20263157784938812,0.9221556782722473,0.36367273330688477
YNL106C,YDL087C,0,-0.15184334,0.20258715748786926,0.9221556782722473,0.36377274990081787
YCR038C,YMR002W,0,-0.15187865,0.2025427371263504,0.9221556782722473,0.363872766494751
YDR234W,YNL096C,0,-0.15189981,0.20249836146831512,0.9221556782722473,0.3639727830886841
YLR405W,YJL168C,0,-0.15287618,0.20245398581027985,0.9221556782722473,0.3640727996826172
YIL098C,YKR095W,0,-0.15332529,0.20240963995456696,0.9221556782722473,0.3641728460788727
YNL154C,YDR427W,0,-0.15453191,0.20236530900001526,0.9221556782722473,0.3642728626728058
YBR199W,YGL047W,1,-0.1547776,0.20253996551036835,0.9231536984443665,0.3642728626728058
YKL160W,YML046W,0,-0.15497276,0.20249561965465546,0.9231536984443665,0.3643728792667389
YGR017W,YDR023W,0,-0.15516481,0.20245130360126495,0.9231536984443665,0.364472895860672
YER148W,YNR046W,0,-0.1554995,0.20240700244903564,0.9231536984443665,0.3645729124546051
YER093C,YOL122C,0,-0.15575051,0.20236271619796753,0.9231536984443665,0.3646729290485382
YBR079C,YOR391C,0,-0.15667573,0.2023184597492218,0.9231536984443665,0.3647729456424713
YML082W,YHR086W,0,-0.15671122,0.20227421820163727,0.9231536984443665,0.3648729622364044
YJR007W,YPL105C,0,-0.15678504,0.20222999155521393,0.9231536984443665,0.3649730086326599
YML014W,YLR167W,0,-0.15685642,0.20218579471111298,0.9231536984443665,0.365073025226593
YGR047C,YJL054W,0,-0.15686306,0.20214161276817322,0.9231536984443665,0.3651730418205261
YBR016W,YDL189W,0,-0.1569471,0.20209744572639465,0.9231536984443665,0.36527305841445923
YDR004W,YHL020C,0,-0.15738916,0.20205329358577728,0.9231536984443665,0.36537307500839233
YJL104W,YOR080W,0,-0.15759127,0.2020091712474823,0.9231536984443665,0.36547309160232544
YOR242C,YDR299W,0,-0.15797117,0.2019650638103485,0.9231536984443665,0.36557310819625854
YKL058W,YIR036C,0,-0.15888254,0.20192097127437592,0.9231536984443665,0.36567312479019165
YOR322C,YHR033W,0,-0.15931326,0.2018769085407257,0.9231536984443665,0.36577314138412476
YMR283C,YPL269W,0,-0.1597588,0.2018328607082367,0.9231536984443665,0.36587318778038025
YFL002C,YNL007C,0,-0.15987647,0.20178882777690887,0.9231536984443665,0.36597320437431335
YFR010W,YLR284C,0,-0.16129592,0.20174482464790344,0.9231536984443665,0.36607322096824646
YER102W,YFL041W,0,-0.16149023,0.201700821518898,0.9231536984443665,0.36617323756217957
YCR028C,YKR001C,0,-0.16205278,0.20165686309337616,0.9231536984443665,0.36627325415611267
YPR185W,YPL169C,0,-0.1620754,0.2016129046678543,0.9231536984443665,0.3663732707500458
YLL018C-A,YBR048W,0,-0.16212165,0.20156897604465485,0.9231536984443665,0.3664732873439789
YFL009W,YMR290C,0,-0.16216803,0.20152504742145538,0.9231536984443665,0.366573303937912
YJL072C,YML130C,0,-0.1621957,0.2014811635017395,0.9231536984443665,0.3666733205318451
YBR068C,YJL028W,0,-0.16401216,0.20143727958202362,0.9231536984443665,0.3667733669281006
YDR121W,YFR015C,0,-0.16448161,0.20139342546463013,0.9231536984443665,0.3668733835220337
YGR154C,YGR083C,0,-0.16448271,0.20134958624839783,0.9231536984443665,0.3669734001159668
YNL197C,YKR050W,0,-0.1646805,0.20130576193332672,0.9231536984443665,0.3670734167098999
YJR014W,YDR439W,0,-0.16474909,0.201261967420578,0.9231536984443665,0.367173433303833
YBR203W,YKL052C,0,-0.16520593,0.20121818780899048,0.9231536984443665,0.3672734498977661
YPR174C,YIL113W,0,-0.16590846,0.20117442309856415,0.9231536984443665,0.3673734664916992
YMR118C,YPR017C,0,-0.16601878,0.201130673289299,0.9231536984443665,0.3674734830856323
YER065C,YDL138W,0,-0.16640842,0.20108695328235626,0.9231536984443665,0.3675735294818878
YMR119W,YDL231C,0,-0.16671467,0.2010432481765747,0.9231536984443665,0.3676735460758209
YGL192W,YMR081C,0,-0.16709086,0.20099955797195435,0.9231536984443665,0.36777356266975403
YER099C,YOR241W,0,-0.16717304,0.20095589756965637,0.9231536984443665,0.36787357926368713
YDL008W,YHR046C,0,-0.16759479,0.2009122520685196,0.9231536984443665,0.36797359585762024
YHR017W,YKL156W,0,-0.16837472,0.200868621468544,0.9231536984443665,0.36807361245155334
YHR154W,YMR242C,0,-0.16981173,0.20082500576972961,0.9231536984443665,0.36817362904548645
YIR026C,YNR024W,0,-0.17058483,0.2007814198732376,0.9231536984443665,0.36827364563941956
YLL038C,YIL009W,0,-0.17078531,0.2007378488779068,0.9231536984443665,0.36837366223335266
YER074W-A,YLR115W,0,-0.17145939,0.20069429278373718,0.9231536984443665,0.36847370862960815
YDL226C,YGL240W,0,-0.173399,0.20065076649188995,0.9231536984443665,0.36857372522354126
YBR098W,YJL080C,0,-0.17424649,0.20060724020004272,0.9231536984443665,0.36867374181747437
YDR147W,YGR083C,0,-0.17435205,0.20056374371051788,0.9231536984443665,0.36877375841140747
YMR184W,YPL241C,0,-0.17472774,0.20052026212215424,0.9231536984443665,0.3688737750053406
YER113C,YOR284W,0,-0.1751908,0.20047681033611298,0.9231536984443665,0.3689737915992737
YPL135W,YGL025C,0,-0.17540327,0.2004333734512329,0.9231536984443665,0.3690738081932068
YNL031C,YDR116C,0,-0.17624032,0.20038995146751404,0.9231536984443665,0.3691738247871399
YHR101C,YHR103W,0,-0.17669612,0.20034654438495636,0.9231536984443665,0.369273841381073
YPR183W,YCL019W,0,-0.17740265,0.20030316710472107,0.9231536984443665,0.3693738877773285
YNL158W,YGR108W,0,-0.17786396,0.20025978982448578,0.9231536984443665,0.3694739043712616
YCR047C,YMR048W,0,-0.17818964,0.20021645724773407,0.9231536984443665,0.3695739209651947
YBL097W,YGL238W,0,-0.17820239,0.20017312467098236,0.9231536984443665,0.3696739375591278
YDR235W,YJR010C-A,0,-0.17939264,0.20012980699539185,0.9231536984443665,0.3697739541530609
YBL036C,YDR528W,0,-0.1794585,0.20008651912212372,0.9231536984443665,0.369873970746994
YLR450W,YDR440W,0,-0.18029648,0.20004324615001678,0.9231536984443665,0.3699739873409271
YJL165C,YOR076C,0,-0.18076602,0.20000000298023224,0.9231536984443665,0.37007400393486023
YLR410W,YJR033C,0,-0.18087532,0.1999567598104477,0.9231536984443665,0.37017402052879333
YHR128W,YKL046C,0,-0.18092662,0.19991354644298553,0.9231536984443665,0.37027406692504883
YMR130W,YDR540C,0,-0.18114987,0.19987034797668457,0.9231536984443665,0.37037408351898193
YDR495C,YER030W,0,-0.18115732,0.199827179312706,0.9231536984443665,0.37047410011291504
YNL210W,YDR412W,0,-0.18219429,0.19978401064872742,0.9231536984443665,0.37057411670684814
YGL251C,YCR009C,0,-0.18344173,0.19974087178707123,0.9231536984443665,0.37067413330078125
YAL007C,YGR208W,0,-0.18529876,0.19969774782657623,0.9231536984443665,0.37077414989471436
YNL096C,YHR169W,0,-0.18642329,0.19965465366840363,0.9231536984443665,0.37087416648864746
YOR049C,YKL046C,0,-0.18672717,0.19961155951023102,0.9231536984443665,0.37097418308258057
YPL013C,YDR528W,0,-0.18674985,0.1995684951543808,0.9231536984443665,0.37107422947883606
YDR065W,YIL068C,0,-0.18718566,0.19952544569969177,0.9231536984443665,0.37117424607276917
YER129W,YDR242W,0,-0.18736558,0.19948242604732513,0.9231536984443665,0.37127426266670227
YNR036C,YOR049C,0,-0.1876514,0.1994394063949585,0.9231536984443665,0.3713742792606354
YLR132C,YJR019C,0,-0.18789764,0.19939641654491425,0.9231536984443665,0.3714742958545685
YAL028W,YDR352W,0,-0.18937254,0.1993534415960312,0.9231536984443665,0.3715743124485016
YLR229C,YER094C,0,-0.191482,0.19931049644947052,0.9231536984443665,0.3716743290424347
YDR307W,YOR354C,0,-0.19149804,0.19926755130290985,0.9231536984443665,0.3717743456363678
YJL127C,YMR092C,0,-0.19166371,0.19922463595867157,0.9231536984443665,0.3718743622303009
YER086W,YKL059C,0,-0.19257772,0.19918173551559448,0.9231536984443665,0.3719744086265564
YDL046W,YGL099W,0,-0.1939654,0.19913886487483978,0.9231536984443665,0.3720744252204895
YLR142W,YGR088W,0,-0.19401388,0.19909599423408508,0.9231536984443665,0.3721744418144226
YKR013W,YOR181W,0,-0.1944068,0.19905315339565277,0.9231536984443665,0.3722744584083557
YAL042W,YNL252C,0,-0.19530734,0.19901032745838165,0.9231536984443665,0.3723744750022888
YJL221C,YGL025C,0,-0.19576342,0.19896751642227173,0.9231536984443665,0.3724744915962219
YDR541C,YGL128C,0,-0.1959197,0.1989247351884842,0.9231536984443665,0.37257450819015503
YBR002C,YGL038C,1,-0.19629724,0.19909696280956268,0.9241517186164856,0.37257450819015503
YGR220C,YNR012W,0,-0.19647323,0.19905416667461395,0.9241517186164856,0.37267452478408813
YJR131W,YJR159W,0,-0.19697148,0.19901138544082642,0.9241517186164856,0.37277454137802124
YML116W,YJL098W,0,-0.197238,0.19896863400936127,0.9241517186164856,0.37287458777427673
YHR098C,YNL045W,0,-0.19809513,0.19892588257789612,0.9241517186164856,0.37297460436820984
YMR302C,YBR050C,0,-0.19848701,0.19888316094875336,0.9241517186164856,0.37307462096214294
YJL115W,YHL026C,0,-0.19851685,0.1988404542207718,0.9241517186164856,0.37317463755607605
YMR036C,YDL072C,0,-0.19922155,0.19879776239395142,0.9241517186164856,0.37327465415000916
YDR317W,YCL045C,0,-0.19971313,0.19875510036945343,0.9241517186164856,0.37337467074394226
YLL067C,YDL004W,0,-0.19983879,0.19871245324611664,0.9241517186164856,0.37347468733787537
YIL109C,YLR126C,0,-0.20056492,0.19866980612277985,0.9241517186164856,0.37357470393180847
YDR236C,YCL048W,0,-0.20076239,0.19862720370292664,0.9241517186164856,0.3736747205257416
YCR027C,YNL176C,0,-0.20142101,0.19858460128307343,0.9241517186164856,0.37377476692199707
YIL130W,YGL035C,0,-0.20147544,0.1985420286655426,0.9241517186164856,0.3738747835159302
YOR255W,YIL056W,0,-0.20157972,0.19849947094917297,0.9241517186164856,0.3739748001098633
YLR427W,YLR027C,0,-0.20166296,0.19845692813396454,0.9241517186164856,0.3740748167037964
YJR161C,YBR105C,0,-0.20172518,0.1984144002199173,0.9241517186164856,0.3741748332977295
YGR195W,YCL045C,0,-0.20178217,0.19837188720703125,0.9241517186164856,0.3742748498916626
YJL014W,YOR065W,0,-0.20185533,0.1983294039964676,0.9241517186164856,0.3743748664855957
YKR060W,YGL134W,0,-0.20260392,0.19828693568706512,0.9241517186164856,0.3744748830795288
YDL232W,YBR015C,1,-0.20396091,0.19845856726169586,0.92514967918396,0.3744748830795288
YDR500C,YLR272C,0,-0.2042431,0.1984160989522934,0.92514967918396,0.3745749294757843
YHL028W,YOR233W,0,-0.20483789,0.19837363064289093,0.92514967918396,0.3746749460697174
YGR001C,YPR165W,0,-0.20596507,0.19833119213581085,0.92514967918396,0.3747749626636505
YIL078W,YIL138C,0,-0.20612994,0.19828876852989197,0.92514967918396,0.3748749792575836
YGR090W,YMR105C,0,-0.20627493,0.19824635982513428,0.92514967918396,0.3749749958515167
YNL012W,YMR104C,0,-0.20629081,0.19820398092269897,0.92514967918396,0.37507501244544983
YIL052C,YKL113C,0,-0.20668705,0.19816160202026367,0.92514967918396,0.37517502903938293
YHR072W-A,YGL077C,0,-0.20680416,0.19811925292015076,0.92514967918396,0.37527504563331604
YNL031C,YGL196W,0,-0.20719966,0.19807691872119904,0.92514967918396,0.37537506222724915
YOL103W,YCL033C,0,-0.20773041,0.1980346143245697,0.92514967918396,0.37547510862350464
YER173W,YDR005C,0,-0.20799631,0.19799230992794037,0.92514967918396,0.37557512521743774
YPL242C,YOL133W,0,-0.20836928,0.19795003533363342,0.92514967918396,0.37567514181137085
YMR171C,YOR030W,0,-0.20846419,0.19790777564048767,0.92514967918396,0.37577515840530396
YGR133W,YGL129C,0,-0.20880958,0.1978655308485031,0.92514967918396,0.37587517499923706
YPL021W,YHL022C,0,-0.20941707,0.19782330095767975,0.92514967918396,0.37597519159317017
YIL162W,YFR032C-A,0,-0.21060383,0.19778110086917877,0.92514967918396,0.37607520818710327
YLR200W,YGL115W,0,-0.21114334,0.1977389007806778,0.92514967918396,0.3761752247810364
YHR165C,YPR140W,0,-0.21153419,0.1976967304944992,0.92514967918396,0.3762752413749695
YIL090W,YMR190C,0,-0.21185184,0.197654590010643,0.92514967918396,0.376375287771225
YJR155W,YML095C,0,-0.21207169,0.1976124495267868,0.92514967918396,0.3764753043651581
YOR358W,YPR033C,0,-0.21209618,0.197570338845253,0.92514967918396,0.3765753209590912
YPR112C,YBR009C,0,-0.21218583,0.19752822816371918,0.92514967918396,0.3766753375530243
YDR330W,YDL005C,0,-0.21294364,0.19748614728450775,0.92514967918396,0.3767753541469574
YDR288W,YDR020C,0,-0.2134881,0.1974440962076187,0.92514967918396,0.3768753707408905
YJL145W,YFR041C,0,-0.214459,0.19740204513072968,0.92514967918396,0.3769753873348236
YKL010C,YJL106W,0,-0.21468884,0.19736002385616302,0.92514967918396,0.3770754039287567
YJL148W,YER058W,0,-0.2152293,0.19731800258159637,0.92514967918396,0.3771754205226898
YLR433C,YLR034C,0,-0.2153526,0.1972760111093521,0.92514967918396,0.3772754669189453
YPL040C,YDL082W,0,-0.21545297,0.19723404943943024,0.92514967918396,0.3773754835128784
YIL014W,YKL201C,1,-0.21887815,0.19740480184555054,0.9261476993560791,0.3773754835128784
YML077W,YLR377C,0,-0.21889198,0.19736282527446747,0.9261476993560791,0.3774755001068115
YNL312W,YIR022W,0,-0.2189518,0.1973208636045456,0.9261476993560791,0.37757551670074463
YKL012W,YCR075C,0,-0.21918213,0.1972789168357849,0.9261476993560791,0.37767553329467773
YPR148C,YEL051W,0,-0.22010541,0.19723698496818542,0.9261476993560791,0.37777554988861084
YCR067C,YHL011C,0,-0.22070433,0.19719506800174713,0.9261476993560791,0.37787556648254395
YER001W,YBR070C,1,-0.22079502,0.1973656266927719,0.9271457195281982,0.37787556648254395
YMR197C,YLR288C,0,-0.22147205,0.19732370972633362,0.9271457195281982,0.37797558307647705
YDL043C,YMR063W,0,-0.22170973,0.19728180766105652,0.9271457195281982,0.37807562947273254
YML016C,YKL193C,0,-0.22235328,0.1972399204969406,0.9271457195281982,0.37817564606666565
YIL033C,YJL008C,0,-0.22314157,0.1971980482339859,0.9271457195281982,0.37827566266059875
YOR320C,YBR070C,1,-0.22379375,0.19736842811107635,0.9281437397003174,0.37827566266059875
YGR030C,YBR167C,0,-0.2238973,0.19732654094696045,0.9281437397003174,0.37837567925453186
YAR033W,YLR121C,0,-0.22448081,0.19728468358516693,0.9281437397003174,0.37847569584846497
YER074W-A,YPL148C,0,-0.22454959,0.1972428411245346,0.9281437397003174,0.37857571244239807
YJL025W,YDR050C,0,-0.22467548,0.19720101356506348,0.9281437397003174,0.3786757290363312
YBR110W,YBR002C,1,-0.22470081,0.1973712146282196,0.9291417002677917,0.3786757290363312
YDL025C,YCR053W,0,-0.22509983,0.19732937216758728,0.9291417002677917,0.3787757456302643
YOR254C,YKL129C,0,-0.2252655,0.19728755950927734,0.9291417002677917,0.3788757622241974
YER127W,YNL242W,0,-0.22539377,0.1972457617521286,0.9291417002677917,0.3789758086204529
YDL201W,YNL111C,0,-0.22543454,0.19720397889614105,0.9291417002677917,0.379075825214386
YDR334W,YLR340W,0,-0.2255123,0.1971622258424759,0.9291417002677917,0.3791758418083191
YIR028W,YDR503C,0,-0.22740552,0.19712047278881073,0.9291417002677917,0.3792758584022522
YGR026W,YMR204C,0,-0.22787067,0.19707874953746796,0.9291417002677917,0.3793758749961853
YDR005C,YNL066W,0,-0.22900483,0.19703704118728638,0.9291417002677917,0.3794758915901184
YHR153C,YER025W,0,-0.22941358,0.196995347738266,0.9291417002677917,0.3795759081840515
YDR456W,YER160C,0,-0.22997114,0.1969536691904068,0.9291417002677917,0.3796759247779846
YJR097W,YLR373C,0,-0.23019981,0.19691202044487,0.9291417002677917,0.3797759413719177
YKL179C,YML037C,0,-0.23134276,0.1968703716993332,0.9291417002677917,0.3798759877681732
YDR046C,YOR061W,0,-0.23195207,0.19682875275611877,0.9291417002677917,0.3799760043621063
YAL012W,YNL325C,0,-0.23246506,0.19678714871406555,0.9291417002677917,0.38007602095603943
YPL031C,YDR212W,0,-0.2326271,0.19674555957317352,0.9291417002677917,0.38017603754997253
YLR287C-A,YJL096W,0,-0.23337433,0.19670400023460388,0.9291417002677917,0.38027605414390564
YHL047C,YBR235W,0,-0.23366882,0.19666244089603424,0.9291417002677917,0.38037607073783875
YLR117C,YDL141W,0,-0.2339659,0.196620911359787,0.9291417002677917,0.38047608733177185
YMR044W,YHR143W-A,0,-0.23429611,0.19657939672470093,0.9291417002677917,0.38057610392570496
YPL174C,YOL068C,0,-0.23465529,0.19653789699077606,0.9291417002677917,0.38067612051963806
YBL082C,YKL201C,1,-0.23724037,0.19670747220516205,0.9301397204399109,0.38067612051963806
YBR078W,YOR027W,0,-0.23738858,0.196665957570076,0.9301397204399109,0.38077616691589355
YJR002W,YOR037W,0,-0.2384314,0.19662447273731232,0.9301397204399109,0.38087618350982666
YOR258W,YJL138C,0,-0.2387645,0.19658300280570984,0.9301397204399109,0.38097620010375977
YNL001W,YBR038W,0,-0.23904228,0.19654154777526855,0.9301397204399109,0.38107621669769287
YKL008C,YNL214W,0,-0.23936762,0.19650010764598846,0.9301397204399109,0.381176233291626
YOR171C,YKL160W,0,-0.23943701,0.19645868241786957,0.9301397204399109,0.3812762498855591
YJR022W,YJL168C,0,-0.2394427,0.19641728699207306,0.9301397204399109,0.3813762664794922
YER170W,YCL001W,0,-0.23980856,0.19637589156627655,0.9301397204399109,0.3814762830734253
YLR057W,YJR126C,0,-0.23986267,0.19633452594280243,0.9301397204399109,0.3815763294696808
YHR101C,YER142C,0,-0.24044827,0.1962931752204895,0.9301397204399109,0.3816763460636139
YDR111C,YLR240W,0,-0.24080019,0.19625183939933777,0.9301397204399109,0.381776362657547
YOR059C,YDR016C,0,-0.24145061,0.19621053338050842,0.9301397204399109,0.3818763792514801
YKR013W,YBR248C,0,-0.24148533,0.19616922736167908,0.9301397204399109,0.3819763958454132
YCR058C,YDL138W,0,-0.24210095,0.19612795114517212,0.9301397204399109,0.3820764124393463
YBR058C-A,YPL235W,0,-0.24238446,0.19608667492866516,0.9301397204399109,0.3821764290332794
YDR093W,YIL051C,0,-0.24395418,0.1960454285144806,0.9301397204399109,0.3822764456272125
YDR279W,YDR118W,0,-0.24529001,0.1960042119026184,0.9301397204399109,0.38237646222114563
YOR075W,YGR083C,0,-0.24601775,0.19596299529075623,0.9301397204399109,0.3824765086174011
YGL155W,YKL155C,0,-0.24634214,0.19592179358005524,0.9301397204399109,0.38257652521133423
YPR104C,YKL120W,0,-0.24686332,0.19588062167167664,0.9301397204399109,0.38267654180526733
YFL039C,YML046W,0,-0.2472151,0.19583946466445923,0.9301397204399109,0.38277655839920044
YPL221W,YBR161W,0,-0.24733073,0.19579832255840302,0.9301397204399109,0.38287657499313354
YDR069C,YOR007C,0,-0.24766964,0.195757195353508,0.9301397204399109,0.38297659158706665
YGR162W,YDL194W,0,-0.24858147,0.19571608304977417,0.9301397204399109,0.38307660818099976
YDR328C,YBR279W,0,-0.2487186,0.19567500054836273,0.9301397204399109,0.38317662477493286
YNL330C,YDL164C,0,-0.25031903,0.1956339180469513,0.9301397204399109,0.38327664136886597
YPR132W,YNL082W,0,-0.25145423,0.19559286534786224,0.9301397204399109,0.38337668776512146
YER142C,YJL001W,0,-0.25284317,0.1955518275499344,0.9301397204399109,0.38347670435905457
YCR029C-A,YDL209C,0,-0.2528836,0.19551080465316772,0.9301397204399109,0.38357672095298767
YLR286C,YNL118C,0,-0.25296807,0.19546979665756226,0.9301397204399109,0.3836767375469208
YNL225C,YKR094C,0,-0.2531192,0.19542881846427917,0.9301397204399109,0.3837767541408539
YPR128C,YPL215W,0,-0.25361127,0.1953878402709961,0.9301397204399109,0.383876770734787
YBR254C,YGL125W,0,-0.2546317,0.1953468918800354,0.9301397204399109,0.3839767873287201
YDR456W,YGR231C,0,-0.2551337,0.1953059583902359,0.9301397204399109,0.3840768039226532
YGL065C,YCR073C,0,-0.2560283,0.1952650398015976,0.9301397204399109,0.3841768205165863
YPR112C,YPL225W,0,-0.25613827,0.19522413611412048,0.9301397204399109,0.3842768669128418
YMR026C,YML046W,0,-0.25724426,0.19518324732780457,0.9301397204399109,0.3843768835067749
YDR450W,YOR198C,0,-0.2576881,0.19514237344264984,0.9301397204399109,0.384476900100708
YHR138C,YLR077W,0,-0.25779977,0.1951015293598175,0.9301397204399109,0.3845769166946411
YJR159W,YGL005C,0,-0.25820976,0.19506070017814636,0.9301397204399109,0.3846769332885742
YAL002W,YIR002C,0,-0.25823596,0.1950198858976364,0.9301397204399109,0.3847769498825073
YKL146W,YBL080C,0,-0.25849396,0.19497908651828766,0.9301397204399109,0.38487696647644043
YDL007W,YGL040C,0,-0.25902846,0.1949383020401001,0.9301397204399109,0.38497698307037354
YPL217C,YNL207W,0,-0.2597581,0.19489753246307373,0.9301397204399109,0.38507702946662903
YOR056C,YDR538W,0,-0.26047128,0.19485677778720856,0.9301397204399109,0.38517704606056213
YLR453C,YIL044C,0,-0.26070666,0.19481605291366577,0.9301397204399109,0.38527706265449524
YKL042W,YAL041W,0,-0.26122802,0.19477534294128418,0.9301397204399109,0.38537707924842834
YDL130W,YKL086W,0,-0.26153532,0.19473464787006378,0.9301397204399109,0.38547709584236145
YNL158W,YAL035W,0,-0.262319,0.19469396770000458,0.9301397204399109,0.38557711243629456
YMR188C,YHR204W,0,-0.26281983,0.19465330243110657,0.9301397204399109,0.38567712903022766
YBR175W,YGL128C,0,-0.2630154,0.19461265206336975,0.9301397204399109,0.38577714562416077
YLR098C,YDL155W,0,-0.2631538,0.19457203149795532,0.9301397204399109,0.38587716221809387
YLR100W,YGR181W,0,-0.26324797,0.1945314109325409,0.9301397204399109,0.38597720861434937
YPL030W,YKL046C,0,-0.26338005,0.19449082016944885,0.9301397204399109,0.38607722520828247
YGL067W,YML009C,0,-0.26500428,0.194450244307518,0.9301397204399109,0.3861772418022156
YPL217C,YNR046W,0,-0.26537508,0.19440968334674835,0.9301397204399109,0.3862772583961487
YML055W,YDL230W,0,-0.26548508,0.1943691372871399,0.9301397204399109,0.3863772749900818
YOR303W,YPL103C,0,-0.26711392,0.19432860612869263,0.9301397204399109,0.3864772915840149
YDR037W,YNL096C,0,-0.26794985,0.19428808987140656,0.9301397204399109,0.386577308177948
YOR236W,YER051W,0,-0.2682432,0.19424760341644287,0.9301397204399109,0.3866773247718811
YHL004W,YJL136C,0,-0.26824462,0.19420713186264038,0.9301397204399109,0.3867773413658142
YBL047C,YLR099C,0,-0.26865852,0.1941666603088379,0.9301397204399109,0.3868773877620697
YAL025C,YOR075W,0,-0.2692229,0.1941262185573578,0.9301397204399109,0.3869774043560028
YPL231W,YJR013W,0,-0.26935387,0.19408579170703888,0.9301397204399109,0.3870774209499359
YDR200C,YDR359C,0,-0.26947957,0.19404539465904236,0.9301397204399109,0.387177437543869
YKL183W,YGL234W,0,-0.26983872,0.19400499761104584,0.9301397204399109,0.3872774541378021
YLR433C,YPL084W,0,-0.27072924,0.1939646154642105,0.9301397204399109,0.38737747073173523
YGR200C,YOL144W,0,-0.27156866,0.19392426311969757,0.9301397204399109,0.38747748732566833
YPL177C,YGR046W,0,-0.27187034,0.19388392567634583,0.9301397204399109,0.38757750391960144
YDR221W,YBR204C,0,-0.27196693,0.19384358823299408,0.9301397204399109,0.38767755031585693
YGR245C,YDL019C,0,-0.2720924,0.19380328059196472,0.9301397204399109,0.38777756690979004
YAL055W,YDL231C,0,-0.27222896,0.19376298785209656,0.9301397204399109,0.38787758350372314
YLR044C,YEL020C,0,-0.2733013,0.19372272491455078,0.9301397204399109,0.38797760009765625
YPR094W,YML019W,0,-0.27332076,0.193682461977005,0.9301397204399109,0.38807761669158936
YKR059W,YGR205W,0,-0.27353883,0.19364221394062042,0.9301397204399109,0.38817763328552246
YPR009W,YNL326C,0,-0.2736861,0.19360199570655823,0.9301397204399109,0.38827764987945557
YER063W,YML098W,0,-0.27378088,0.19356179237365723,0.9301397204399109,0.38837766647338867
YAL032C,YBR132C,0,-0.2750976,0.19352158904075623,0.9301397204399109,0.3884776830673218
YBR158W,YOL123W,0,-0.27557814,0.1934814155101776,0.9301397204399109,0.38857772946357727
YGL008C,YER074W-A,0,-0.27595943,0.1934412568807602,0.9301397204399109,0.3886777460575104
YDR093W,YLR200W,0,-0.2761721,0.19340111315250397,0.9301397204399109,0.3887777626514435
YGR090W,YGL077C,0,-0.27640095,0.19336099922657013,0.9301397204399109,0.3888777792453766
YHR089C,YKL208W,0,-0.2771966,0.1933208853006363,0.9301397204399109,0.3889777958393097
YPL242C,YDL006W,0,-0.27731287,0.19328080117702484,0.9301397204399109,0.3890778124332428
YCL029C,YER005W,0,-0.27788818,0.1932407170534134,0.9301397204399109,0.3891778290271759
YNL216W,YOR326W,0,-0.2779224,0.19320066273212433,0.9301397204399109,0.389277845621109
YPL008W,YMR063W,0,-0.279034,0.19316062331199646,0.9301397204399109,0.3893778622150421
YLR406C,YLR185W,0,-0.2792252,0.19312059879302979,0.9301397204399109,0.3894779086112976
YJL033W,YOL097C,0,-0.2802101,0.1930805891752243,0.9301397204399109,0.3895779252052307
YLR193C,YML009C,0,-0.28057444,0.19304059445858002,0.9301397204399109,0.3896779417991638
YIL098C,YER143W,0,-0.28082693,0.19300061464309692,0.9301397204399109,0.3897779583930969
YBL020W,YGL032C,0,-0.28091615,0.19296066462993622,0.9301397204399109,0.38987797498703003
YBR283C,YFR030W,0,-0.28094006,0.1929207146167755,0.9301397204399109,0.38997799158096313
YPR036W,YNL199C,0,-0.28126508,0.1928807944059372,0.9301397204399109,0.39007800817489624
YBR050C,YAL047C,0,-0.2821771,0.19284088909626007,0.9301397204399109,0.39017802476882935
YPR104C,YDL247W,0,-0.28347442,0.19280099868774414,0.9301397204399109,0.39027804136276245
YLR370C,YDR488C,0,-0.2845985,0.1927611231803894,0.9301397204399109,0.39037808775901794
YPL248C,YOR118W,0,-0.2853479,0.19272126257419586,0.9301397204399109,0.39047810435295105
YGL251C,YIL022W,0,-0.28624976,0.1926814168691635,0.9301397204399109,0.39057812094688416
YBR119W,YNL166C,0,-0.2867428,0.19264158606529236,0.9301397204399109,0.39067813754081726
YGR041W,YLL009C,0,-0.28714392,0.1926017701625824,0.9301397204399109,0.39077815413475037
YPL066W,YEL059C-A,0,-0.28779903,0.19256198406219482,0.9301397204399109,0.39087817072868347
YKR038C,YMR098C,0,-0.28906384,0.19252221286296844,0.9301397204399109,0.3909781873226166
YJL133W,YDR289C,0,-0.28945142,0.19248244166374207,0.9301397204399109,0.3910782039165497
YLR247C,YDR236C,0,-0.28967696,0.19244270026683807,0.9301397204399109,0.3911782503128052
YAL053W,YLR064W,0,-0.29044217,0.19240297377109528,0.9301397204399109,0.3912782669067383
YLR039C,YOR270C,0,-0.2911232,0.19236326217651367,0.9301397204399109,0.3913782835006714
YLR417W,YOL052C-A,0,-0.29117393,0.19232356548309326,0.9301397204399109,0.3914783000946045
YBL093C,YPL144W,0,-0.29140702,0.19228388369083405,0.9301397204399109,0.3915783166885376
YKL040C,YHL031C,0,-0.29212272,0.19224423170089722,0.9301397204399109,0.3916783332824707
YIL144W,YBR073W,0,-0.29266363,0.1922045797109604,0.9301397204399109,0.3917783498764038
YDR425W,YOR044W,0,-0.29326463,0.19216494262218475,0.9301397204399109,0.3918783664703369
YIL109C,YLR357W,0,-0.29387456,0.1921253353357315,0.9301397204399109,0.39197838306427
YKL211C,YJL090C,0,-0.29751027,0.19208574295043945,0.9301397204399109,0.3920784294605255
YLR293C,YNL323W,0,-0.29751027,0.1920461505651474,0.9301397204399109,0.3921784460544586
YDR356W,YJL209W,0,-0.29757848,0.19200658798217773,0.9301397204399109,0.3922784626483917
YBR146W,YCR071C,0,-0.2976479,0.19196704030036926,0.9301397204399109,0.39237847924232483
YER123W,YLR398C,0,-0.29837376,0.19192750751972198,0.9301397204399109,0.39247849583625793
YLR008C,YBR279W,0,-0.29851002,0.1918879896402359,0.9301397204399109,0.39257851243019104
YNL029C,YCR020W-B,0,-0.3004343,0.1918485015630722,0.9301397204399109,0.39267852902412415
YJL056C,YOR120W,0,-0.30088782,0.1918090134859085,0.9301397204399109,0.39277854561805725
YKL026C,YPL235W,0,-0.30089223,0.191769540309906,0.9301397204399109,0.39287856221199036
YBL067C,YHR134W,0,-0.30106091,0.1917300969362259,0.9301397204399109,0.39297860860824585
YBR301W,YER073W,0,-0.30147317,0.19169066846370697,0.9301397204399109,0.39307862520217896
YOR167C,YJL098W,0,-0.3021582,0.19165123999118805,0.9301397204399109,0.39317864179611206
YIL010W,YDR051C,0,-0.30252707,0.19161184132099152,0.9301397204399109,0.39327865839004517
YFL011W,YIL078W,0,-0.3027084,0.19157245755195618,0.9301397204399109,0.39337867498397827
YOR175C,YHR086W,0,-0.30343273,0.19153308868408203,0.9301397204399109,0.3934786915779114
YDL239C,YMR268C,0,-0.3037269,0.19149373471736908,0.9301397204399109,0.3935787081718445
YOL128C,YKL197C,0,-0.30417138,0.19145439565181732,0.9301397204399109,0.3936787247657776
YGL227W,YML133C,0,-0.3042785,0.19141507148742676,0.9301397204399109,0.3937787413597107
YOL032W,YHR070W,0,-0.30538875,0.19137577712535858,0.9301397204399109,0.3938787877559662
YDR121W,YLR248W,0,-0.306036,0.1913364827632904,0.9301397204399109,0.3939788043498993
YDR060W,YGL104C,0,-0.30618078,0.19129720330238342,0.9301397204399109,0.3940788209438324
YGR284C,YNL248C,0,-0.30647737,0.19125795364379883,0.9301397204399109,0.3941788375377655
YOR011W,YHR171W,0,-0.30697238,0.19121871888637543,0.9301397204399109,0.3942788541316986
YGL211W,YNL090W,0,-0.30733144,0.19117948412895203,0.9301397204399109,0.3943788707256317
YGL187C,YPR132W,0,-0.3083816,0.191140279173851,0.9301397204399109,0.3944788873195648
YHR045W,YPL175W,0,-0.30946708,0.1911010891199112,0.9301397204399109,0.3945789039134979
YIL063C,YLR453C,0,-0.30952328,0.19106191396713257,0.9301397204399109,0.3946789503097534
YDR014W,YBL080C,0,-0.31055155,0.19102275371551514,0.9301397204399109,0.3947789669036865
YPR128C,YDL159W,0,-0.310933,0.1909836083650589,0.9301397204399109,0.39487898349761963
YKL021C,YIL078W,0,-0.31206352,0.19094447791576385,0.9301397204399109,0.39497900009155273
YML023C,YFL056C,0,-0.31256744,0.19090536236763,0.9301397204399109,0.39507901668548584
YKL139W,YGL104C,0,-0.31286925,0.19086627662181854,0.9301397204399109,0.39517903327941895
YGL253W,YHR140W,0,-0.31336665,0.19082719087600708,0.9301397204399109,0.39527904987335205
YKL200C,YBR110W,1,-0.3134918,0.1909928321838379,0.93113774061203,0.39527904987335205
YPL269W,YPL203W,0,-0.31370535,0.19095374643802643,0.93113774061203,0.39537906646728516
YGR241C,YDL006W,0,-0.31401104,0.19091467559337616,0.93113774061203,0.39547908306121826
YML016C,YMR053C,0,-0.3142302,0.19087561964988708,0.93113774061203,0.39557912945747375
YDL209C,YHR033W,0,-0.31470618,0.1908365786075592,0.93113774061203,0.39567914605140686
YBR002C,YKR061W,1,-0.31518897,0.1910020411014557,0.9321357011795044,0.39567914605140686
YIL126W,YNL194C,0,-0.3159075,0.1909630000591278,0.9321357011795044,0.39577916264533997
YPL254W,YCR048W,0,-0.31621748,0.19092395901679993,0.9321357011795044,0.39587917923927307
YJR001W,YHR024C,0,-0.31622213,0.19088493287563324,0.9321357011795044,0.3959791958332062
YPL019C,YCR035C,0,-0.3163794,0.19084593653678894,0.9321357011795044,0.3960792124271393
YDR217C,YDL124W,0,-0.31692174,0.19080694019794464,0.9321357011795044,0.3961792290210724
YCR069W,YDR464W,0,-0.3176782,0.19076797366142273,0.9321357011795044,0.3962792456150055
YIR004W,YOR357C,0,-0.3180005,0.190729022026062,0.9321357011795044,0.3963792622089386
YDR120C,YLR095C,0,-0.31870872,0.1906900703907013,0.9321357011795044,0.3964793086051941
YLR045C,YER179W,0,-0.31949478,0.19065114855766296,0.9321357011795044,0.3965793251991272
YLR427W,YDR036C,0,-0.3206531,0.19061224162578583,0.9321357011795044,0.3966793417930603
YBR028C,YPL141C,0,-0.32092023,0.19057334959506989,0.9321357011795044,0.3967793583869934
YGL207W,YDR299W,0,-0.32332316,0.19053447246551514,0.9321357011795044,0.3968793749809265
YML024W,YPR118W,0,-0.3241499,0.19049561023712158,0.9321357011795044,0.3969793915748596
YLR299W,YNL039W,0,-0.32441062,0.19045676290988922,0.9321357011795044,0.3970794081687927
YDR409W,YKL208W,0,-0.32448488,0.19041794538497925,0.9321357011795044,0.39717942476272583
YPL254W,YBR030W,0,-0.32528302,0.19037912786006927,0.9321357011795044,0.39727944135665894
YGL249W,YPL220W,0,-0.3253432,0.1903403252363205,0.9321357011795044,0.39737948775291443
YBR002C,YPR183W,1,-0.326155,0.19050529599189758,0.9331337213516235,0.39737948775291443
YIL038C,YNR012W,0,-0.3267426,0.1904664933681488,0.9331337213516235,0.39747950434684753
YGR121C,YNL139C,0,-0.3279014,0.19042770564556122,0.9331337213516235,0.39757952094078064
YOR018W,YCR036W,0,-0.32873324,0.19038891792297363,0.9331337213516235,0.39767953753471375
YIR006C,YOR359W,0,-0.32932615,0.19035016000270844,0.9331337213516235,0.39777955412864685
YLR376C,YJR139C,0,-0.32998636,0.19031141698360443,0.9331337213516235,0.39787957072257996
YOR131C,YER038C,0,-0.3301551,0.19027268886566162,0.9331337213516235,0.39797958731651306
YDR261C,YJL208C,0,-0.33060032,0.19023397564888,0.9331337213516235,0.39807960391044617
YDL117W,YCR020C,0,-0.33227164,0.19019527733325958,0.9331337213516235,0.39817965030670166
YOR303W,YDR354W,0,-0.3334395,0.19015659391880035,0.9331337213516235,0.39827966690063477
YJR102C,YDR166C,0,-0.3336283,0.1901179403066635,0.9331337213516235,0.39837968349456787
YNL256W,YPL096C-A,0,-0.33424827,0.19007928669452667,0.9331337213516235,0.398479700088501
YLR095C,YBL035C,0,-0.33454728,0.19004064798355103,0.9331337213516235,0.3985797166824341
YGR033C,YDR080W,0,-0.33498713,0.19000203907489777,0.9331337213516235,0.3986797332763672
YOL064C,YJR135C,0,-0.33502582,0.1899634301662445,0.9331337213516235,0.3987797498703003
YOL077W-A,YGR116W,0,-0.33504736,0.18992483615875244,0.9331337213516235,0.3988797664642334
YPL096C-A,YDR100W,0,-0.33535525,0.18988627195358276,0.9331337213516235,0.3989797830581665
YML077W,YLR212C,0,-0.33719876,0.18984772264957428,0.9331337213516235,0.399079829454422
YDR308C,YDR246W,0,-0.33793366,0.1898091733455658,0.9331337213516235,0.3991798460483551
YMR156C,YDR479C,0,-0.33806604,0.1897706538438797,0.9331337213516235,0.3992798626422882
YJR077C,YML126C,0,-0.33959326,0.1897321492433548,0.9331337213516235,0.3993798792362213
YDR379W,YLR185W,0,-0.34089327,0.1896936446428299,0.9331337213516235,0.3994798958301544
YHL015W,YGR170W,0,-0.3423733,0.18965516984462738,0.9331337213516235,0.3995799124240875
YIL008W,YBR003W,0,-0.34370023,0.18961670994758606,0.9331337213516235,0.39967992901802063
YNL038W,YNL224C,0,-0.34410632,0.18957826495170593,0.9331337213516235,0.39977994561195374
YPL060W,YPL045W,0,-0.34440672,0.189539834856987,0.9331337213516235,0.39987996220588684
YKL055C,YLR238W,0,-0.34686822,0.18950141966342926,0.9331337213516235,0.39998000860214233
YDR303C,YML015C,0,-0.34723997,0.18946301937103271,0.9331337213516235,0.40008002519607544
YKR080W,YPL262W,0,-0.34747595,0.18942463397979736,0.9331337213516235,0.40018004179000854
YHR033W,YAR015W,0,-0.34762594,0.1893862634897232,0.9331337213516235,0.40028005838394165
YKR007W,YNL252C,0,-0.34876662,0.18934790790081024,0.9331337213516235,0.40038007497787476
YPR105C,YDL190C,0,-0.34883326,0.18930958211421967,0.9331337213516235,0.40048009157180786
YLR287C-A,YGL054C,0,-0.3496446,0.1892712563276291,0.9331337213516235,0.40058010816574097
YBL025W,YMR092C,0,-0.35183632,0.1892329454421997,0.9331337213516235,0.4006801247596741
YNR032W,YFR014C,0,-0.35188732,0.1891946643590927,0.9331337213516235,0.4007801413536072
YKL146W,YDR482C,0,-0.35235786,0.18915638327598572,0.9331337213516235,0.40088018774986267
YNL257C,YGL131C,0,-0.35328525,0.18911811709403992,0.9331337213516235,0.4009802043437958
YNL062C,YOR396W,0,-0.35436785,0.1890798807144165,0.9331337213516235,0.4010802209377289
YNL339C,YLR089C,0,-0.35453913,0.1890416443347931,0.9331337213516235,0.401180237531662
YDR485C,YPL239W,0,-0.35552725,0.18900343775749207,0.9331337213516235,0.4012802541255951
YDR182W,YPL020C,0,-0.35569853,0.18896523118019104,0.9331337213516235,0.4013802707195282
YBR036C,YJR120W,0,-0.35576597,0.1889270544052124,0.9331337213516235,0.4014802873134613
YDR224C,YPL210C,0,-0.35591456,0.18888889253139496,0.9331337213516235,0.4015803039073944
YAL030W,YFR008W,0,-0.35596675,0.18885073065757751,0.9331337213516235,0.4016803503036499
YFL035C-A,YKL012W,0,-0.35598394,0.18881259858608246,0.9331337213516235,0.401780366897583
YNL311C,YPL086C,0,-0.35681996,0.1887744814157486,0.9331337213516235,0.4018803834915161
YNL227C,YDR050C,0,-0.3571818,0.18873637914657593,0.9331337213516235,0.4019804000854492
YNL048W,YBR002C,1,-0.3574801,0.18890009820461273,0.9341317415237427,0.4019804000854492
YJR132W,YJR045C,0,-0.35982352,0.18886198103427887,0.9341317415237427,0.4020804166793823
YBL097W,YMR119W,0,-0.36035424,0.1888238787651062,0.9341317415237427,0.40218043327331543
YKL152C,YNL305C,0,-0.36045867,0.18878580629825592,0.9341317415237427,0.40228044986724854
YDR077W,YOR224C,0,-0.36048734,0.18874773383140564,0.9341317415237427,0.40238046646118164
YOR110W,YLR277C,0,-0.36069506,0.18870967626571655,0.9341317415237427,0.40248048305511475
YBR002C,YDL232W,1,-0.36158305,0.18887321650981903,0.9351297616958618,0.40248048305511475
YMR234W,YNL213C,0,-0.36165693,0.18883514404296875,0.9351297616958618,0.40258052945137024
YHR190W,YER074W-A,0,-0.36192644,0.18879710137844086,0.9351297616958618,0.40268054604530334
YGL168W,YHR091C,0,-0.36351848,0.18875905871391296,0.9351297616958618,0.40278056263923645
YLR343W,YLR324W,0,-0.36360124,0.18872104585170746,0.9351297616958618,0.40288057923316956
YAL055W,YDL005C,0,-0.3636275,0.18868304789066315,0.9351297616958618,0.40298059582710266
YOR228C,YKL193C,0,-0.36377043,0.18864504992961884,0.9351297616958618,0.40308061242103577
YPL130W,YLL066C,0,-0.3640343,0.1886070817708969,0.9351297616958618,0.40318062901496887
YGR254W,YHL011C,0,-0.3648315,0.18856912851333618,0.9351297616958618,0.403280645608902
YNL280C,YLR067C,0,-0.36588055,0.18853119015693665,0.9351297616958618,0.4033806622028351
YGL020C,YKL048C,0,-0.3664853,0.1884932667016983,0.9351297616958618,0.4034807085990906
YBR245C,YDL200C,0,-0.36803296,0.18845534324645996,0.9351297616958618,0.4035807251930237
YDL150W,YBR088C,0,-0.36816227,0.188417449593544,0.9351297616958618,0.4036807417869568
YJL196C,YDL012C,0,-0.36827385,0.18837957084178925,0.9351297616958618,0.4037807583808899
YER041W,YHR158C,0,-0.36842433,0.18834170699119568,0.9351297616958618,0.403880774974823
YML086C,YNR053C,0,-0.368519,0.1883038580417633,0.9351297616958618,0.4039807915687561
YMR026C,YMR205C,0,-0.3691951,0.18826602399349213,0.9351297616958618,0.4040808081626892
YMR220W,YHR091C,0,-0.36928993,0.18822820484638214,0.9351297616958618,0.4041808247566223
YLR189C,YBR038W,0,-0.37034744,0.18819040060043335,0.9351297616958618,0.4042808413505554
YER061C,YLR167W,0,-0.37105203,0.18815261125564575,0.9351297616958618,0.4043808877468109
YNL130C,YOL075C,0,-0.37148392,0.18811483681201935,0.9351297616958618,0.404480904340744
YHL007C,YOR120W,0,-0.3721448,0.18807707726955414,0.9351297616958618,0.4045809209346771
YBR119W,YPR175W,0,-0.37312788,0.18803933262825012,0.9351297616958618,0.40468093752861023
YHR117W,YNL315C,0,-0.37494195,0.1880016028881073,0.9351297616958618,0.40478095412254333
YGL226C-A,YDL193W,1,-0.37624025,0.18816448748111725,0.9361277222633362,0.40478095412254333
YJL179W,YOL080C,0,-0.37732422,0.18812675774097443,0.9361277222633362,0.40488097071647644
YDR448W,YPR192W,0,-0.37744004,0.1880890280008316,0.9361277222633362,0.40498098731040955
YDR065W,YDR365C,0,-0.37979114,0.18805132806301117,0.9361277222633362,0.40508100390434265
YER033C,YNL146W,0,-0.38047093,0.18801362812519073,0.9361277222633362,0.40518105030059814
YDR057W,YGR186W,0,-0.38062197,0.1879759579896927,0.9361277222633362,0.40528106689453125
YLR223C,YDR386W,0,-0.3819221,0.18793828785419464,0.9361277222633362,0.40538108348846436
YDL188C,YLR055C,0,-0.38197386,0.18790064752101898,0.9361277222633362,0.40548110008239746
YER095W,YDR314C,0,-0.38255477,0.18786300718784332,0.9361277222633362,0.40558111667633057
YGR041W,YJL170C,0,-0.38260302,0.18782539665699005,0.9361277222633362,0.40568113327026367
YGR024C,YLR090W,0,-0.38310844,0.18778778612613678,0.9361277222633362,0.4057811498641968
YOR122C,YNL312W,0,-0.38321653,0.1877502053976059,0.9361277222633362,0.4058811664581299
YDL168W,YOL123W,0,-0.38342085,0.187712624669075,0.9361277222633362,0.405981183052063
YML094W,YDR345C,0,-0.38398072,0.18767507374286652,0.9361277222633362,0.4060812294483185
YDR194C,YGL018C,0,-0.3849741,0.18763752281665802,0.9361277222633362,0.4061812460422516
YER119C,YNL245C,0,-0.38547924,0.1876000016927719,0.9361277222633362,0.4062812626361847
YPL204W,YNL036W,0,-0.3860628,0.1875624805688858,0.9361277222633362,0.4063812792301178
YOL042W,YGL240W,0,-0.38633043,0.18752498924732208,0.9361277222633362,0.4064812958240509
YER177W,YER180C,0,-0.3868581,0.18748751282691956,0.9361277222633362,0.406581312417984
YLL016W,YLR459W,0,-0.387213,0.18745003640651703,0.9361277222633362,0.4066813290119171
YNL288W,YDR126W,0,-0.3872276,0.1874125897884369,0.9361277222633362,0.4067813456058502
YDR200C,YCL055W,0,-0.3872519,0.18737514317035675,0.9361277222633362,0.4068813621997833
YKL010C,YOR244W,0,-0.38753116,0.187337726354599,0.9361277222633362,0.4069814085960388
YMR029C,YGR133W,0,-0.38763297,0.18730032444000244,0.9361277222633362,0.4070814251899719
YNL217W,YJL122W,0,-0.3877643,0.18726292252540588,0.9361277222633362,0.40718144178390503
YML072C,YBR273C,0,-0.38793376,0.1872255504131317,0.9361277222633362,0.40728145837783813
YKR095W-A,YDL098C,0,-0.38821352,0.18718819320201874,0.9361277222633362,0.40738147497177124
YOR057W,YPR073C,0,-0.3886067,0.18715083599090576,0.9361277222633362,0.40748149156570435
YDR060W,YFL016C,0,-0.3886693,0.18711350858211517,0.9361277222633362,0.40758150815963745
YJR144W,YHR193C,0,-0.3887158,0.18707618117332458,0.9361277222633362,0.40768152475357056
YDR150W,YJL104W,0,-0.38908398,0.18703888356685638,0.9361277222633362,0.40778157114982605
YDR320C-A,YDR280W,0,-0.38943845,0.18700160086154938,0.9361277222633362,0.40788158774375916
YHL017W,YDR356W,0,-0.3896195,0.18696431815624237,0.9361277222633362,0.40798160433769226
YJR089W,YBR065C,0,-0.39082965,0.18692706525325775,0.9361277222633362,0.40808162093162537
YNL279W,YNL245C,0,-0.39103627,0.18688981235027313,0.9361277222633362,0.40818163752555847
YBR161W,YDL184C,0,-0.39116836,0.1868525892496109,0.9361277222633362,0.4082816541194916
YJR094W-A,YAL041W,0,-0.39119986,0.18681538105010986,0.9361277222633362,0.4083816707134247
YPL153C,YKL014C,0,-0.39146277,0.18677817285060883,0.9361277222633362,0.4084816873073578
YMR080C,YBR084C-A,0,-0.39183944,0.18674099445343018,0.9361277222633362,0.4085817039012909
YPL081W,YJR077C,0,-0.3926998,0.18670381605625153,0.9361277222633362,0.4086817502975464
YIL119C,YMR231W,0,-0.3928496,0.18666666746139526,0.9361277222633362,0.4087817668914795
YKL065C,YKL129C,0,-0.39290053,0.1866295337677002,0.9361277222633362,0.4088817834854126
YGL012W,YDL014W,0,-0.39380008,0.18659240007400513,0.9361277222633362,0.4089818000793457
YHL013C,YHL007C,0,-0.39437425,0.18655529618263245,0.9361277222633362,0.4090818166732788
YLR109W,YBR215W,0,-0.39530876,0.18651819229125977,0.9361277222633362,0.4091818332672119
YDL165W,YDR088C,0,-0.39593625,0.18648111820220947,0.9361277222633362,0.409281849861145
YJR117W,YHR035W,0,-0.39613202,0.18644404411315918,0.9361277222633362,0.4093818664550781
YDR054C,YDL042C,0,-0.3966491,0.18640699982643127,0.9361277222633362,0.40948188304901123
YLR266C,YBL036C,0,-0.3971423,0.18636995553970337,0.9361277222633362,0.4095819294452667
YML048W,YGL025C,0,-0.39879578,0.18633294105529785,0.9361277222633362,0.40968194603919983
YER088C,YMR051C,0,-0.39884388,0.18629592657089233,0.9361277222633362,0.40978196263313293
YKR087C,YJR091C,0,-0.39938873,0.1862589418888092,0.9361277222633362,0.40988197922706604
YOR132W,YOR144C,0,-0.40087864,0.18622195720672607,0.9361277222633362,0.40998199582099915
YGR275W,YLR460C,0,-0.40125448,0.18618498742580414,0.9361277222633362,0.41008201241493225
YOL113W,YMR116C,0,-0.40138316,0.1861480474472046,0.9361277222633362,0.41018202900886536
YHL016C,YLR382C,0,-0.401459,0.18611110746860504,0.9361277222633362,0.41028204560279846
YGL254W,YOR269W,0,-0.40194657,0.18607419729232788,0.9361277222633362,0.41038206219673157
YJR102C,YAL009W,0,-0.4028402,0.18603728711605072,0.9361277222633362,0.41048210859298706
YBR130C,YGL227W,0,-0.40313837,0.18600039184093475,0.9361277222633362,0.41058212518692017
YDR031W,YNL041C,0,-0.40519175,0.18596352636814117,0.9361277222633362,0.41068214178085327
YBL003C,YOL033W,0,-0.4054651,0.1859266608953476,0.9361277222633362,0.4107821583747864
YBL013W,YLL048C,0,-0.40628588,0.1858898103237152,0.9361277222633362,0.4108821749687195
YIL173W,YHR118C,0,-0.40806285,0.18585297465324402,0.9361277222633362,0.4109821915626526
YJL046W,YMR243C,0,-0.40839747,0.18581616878509521,0.9361277222633362,0.4110822081565857
YOL068C,YML018C,0,-0.40908426,0.1857793629169464,0.9361277222633362,0.4111822247505188
YMR029C,YGL008C,0,-0.40946096,0.1857425719499588,0.9361277222633362,0.4112822711467743
YDR060W,YOR329C,0,-0.40969974,0.18570579588413239,0.9361277222633362,0.4113822877407074
YLR013W,YGR215W,0,-0.40978968,0.18566903471946716,0.9361277222633362,0.4114823043346405
YKL179C,YDR441C,0,-0.4098174,0.18563230335712433,0.9361277222633362,0.4115823209285736
YOR359W,YKL100C,0,-0.41020232,0.1855955719947815,0.9361277222633362,0.4116823375225067
YDR280W,YBR189W,0,-0.4125714,0.18555885553359985,0.9361277222633362,0.4117823541164398
YCR058C,YNL103W,0,-0.41341054,0.1855221539735794,0.9361277222633362,0.4118823707103729
YJR104C,YKL012W,0,-0.4148518,0.18548546731472015,0.9361277222633362,0.41198238730430603
YJR056C,YBR241C,0,-0.4148675,0.1854487955570221,0.9361277222633362,0.41208240389823914
YJL145W,YGR074W,0,-0.41564533,0.18541213870048523,0.9361277222633362,0.41218245029449463
YOR083W,YGL017W,0,-0.4157038,0.18537549674510956,0.9361277222633362,0.41228246688842773
YHR186C,YLR207W,0,-0.4168604,0.18533886969089508,0.9361277222633362,0.41238248348236084
YCL029C,YER033C,0,-0.4173996,0.1853022575378418,0.9361277222633362,0.41248250007629395
YBR234C,YDR438W,0,-0.41770458,0.1852656453847885,0.9361277222633362,0.41258251667022705
YHR150W,YKR022C,0,-0.41819704,0.18522906303405762,0.9361277222633362,0.41268253326416016
YER093C,YOR192C,0,-0.41843873,0.18519249558448792,0.9361277222633362,0.41278254985809326
YNL216W,YJL180C,0,-0.419166,0.1851559430360794,0.9361277222633362,0.41288256645202637
YBR112C,YPL230W,0,-0.41918892,0.1851194053888321,0.9361277222633362,0.4129825830459595
YML029W,YHR113W,0,-0.41983226,0.18508286774158478,0.9361277222633362,0.41308262944221497
YGL211W,YJL042W,0,-0.41983762,0.18504635989665985,0.9361277222633362,0.41318264603614807
YIL114C,YMR106C,0,-0.42125946,0.18500986695289612,0.9361277222633362,0.4132826626300812
YOL130W,YDL105W,0,-0.4221507,0.18497337400913239,0.9361277222633362,0.4133826792240143
YLR362W,YOR372C,0,-0.42254058,0.18493691086769104,0.9361277222633362,0.4134826958179474
YHR178W,YEL011W,0,-0.42367974,0.1849004477262497,0.9361277222633362,0.4135827124118805
YPR178W,YOR270C,0,-0.42476234,0.18486401438713074,0.9361277222633362,0.4136827290058136
YIR003W,YJL083W,0,-0.4252838,0.18482758104801178,0.9361277222633362,0.4137827455997467
YDR534C,YLR221C,0,-0.42539218,0.1847911775112152,0.9361277222633362,0.4138827621936798
YDR400W,YPR041W,0,-0.4255256,0.18475477397441864,0.9361277222633362,0.4139828085899353
YIR004W,YKL184W,0,-0.42616457,0.18471840023994446,0.9361277222633362,0.4140828251838684
YJR134C,YHR027C,0,-0.4262124,0.18468202650547028,0.9361277222633362,0.4141828417778015
YBR152W,YBR033W,0,-0.4272011,0.1846456676721573,0.9361277222633362,0.4142828583717346
YOL113W,YDR270W,0,-0.427469,0.1846093237400055,0.9361277222633362,0.4143828749656677
YJR044C,YPL029W,0,-0.43026114,0.1845730096101761,0.9361277222633362,0.41448289155960083
YLR067C,YNR027W,0,-0.430291,0.18453669548034668,0.9361277222633362,0.41458290815353394
YLR086W,YNR019W,0,-0.43088403,0.18450039625167847,0.9361277222633362,0.41468292474746704
YER061C,YEL003W,0,-0.4315365,0.18446411192417145,0.9361277222633362,0.41478297114372253
YLR070C,YGL157W,0,-0.4317272,0.18442784249782562,0.9361277222633362,0.41488298773765564
YJL174W,YLL015W,0,-0.4325628,0.184391587972641,0.9361277222633362,0.41498300433158875
YMR156C,YJL044C,0,-0.43268788,0.18435534834861755,0.9361277222633362,0.41508302092552185
YIR028W,YDR236C,0,-0.43299335,0.1843191236257553,0.9361277222633362,0.41518303751945496
YIL147C,YDL168W,0,-0.43321738,0.18428291380405426,0.9361277222633362,0.41528305411338806
YKL096W,YHR134W,0,-0.4332713,0.1842467039823532,0.9361277222633362,0.41538307070732117
YDR080W,YNL188W,0,-0.43339968,0.18421052396297455,0.9361277222633362,0.4154830873012543
YCR054C,YLR035C,0,-0.43350887,0.18417435884475708,0.9361277222633362,0.4155831038951874
YPL158C,YOR257W,0,-0.43490425,0.1841382086277008,0.9361277222633362,0.41568315029144287
YJR067C,YOR044W,0,-0.4360945,0.18410205841064453,0.9361277222633362,0.415783166885376
YMR289W,YBR193C,0,-0.4364502,0.18406593799591064,0.9361277222633362,0.4158831834793091
YDR523C,YOR034C,0,-0.43688303,0.18402981758117676,0.9361277222633362,0.4159832000732422
YGL223C,YDR382W,0,-0.43831658,0.18399372696876526,0.9361277222633362,0.4160832166671753
YKL048C,YML070W,0,-0.4383642,0.18395763635635376,0.9361277222633362,0.4161832332611084
YER148W,YBL027W,0,-0.43882316,0.18392157554626465,0.9361277222633362,0.4162832498550415
YPL174C,YDR086C,0,-0.43971246,0.18388551473617554,0.9361277222633362,0.4163832664489746
YDL201W,YBR050C,0,-0.4414758,0.18384946882724762,0.9361277222633362,0.4164832830429077
YGL064C,YMR113W,0,-0.44242293,0.1838134378194809,0.9361277222633362,0.4165833294391632
YDR394W,YPL225W,0,-0.44247788,0.18377743661403656,0.9361277222633362,0.4166833460330963
YHR091C,YGR046W,0,-0.4444682,0.18374143540859222,0.9361277222633362,0.4167833626270294
YMR293C,YMR171C,0,-0.44450223,0.18370544910430908,0.9361277222633362,0.4168833792209625
YPL198W,YGR074W,0,-0.44505477,0.18366947770118713,0.9361277222633362,0.41698339581489563
YLR092W,YNL176C,0,-0.44523835,0.18363352119922638,0.9361277222633362,0.41708341240882874
YAR018C,YLR212C,0,-0.4454581,0.18359757959842682,0.9361277222633362,0.41718342900276184
YNR030W,YML107C,0,-0.44585967,0.18356163799762726,0.9361277222633362,0.41728344559669495
YDR080W,YDR019C,0,-0.4467253,0.18352572619915009,0.9361277222633362,0.41738346219062805
YDL180W,YCR043C,0,-0.44699365,0.1834898293018341,0.9361277222633362,0.41748350858688354
YNL152W,YER039C,0,-0.44760314,0.18345394730567932,0.9361277222633362,0.41758352518081665
YDR322C-A,YOR205C,0,-0.44807,0.18341806530952454,0.9361277222633362,0.41768354177474976
YKR095W-A,YJL096W,0,-0.4486708,0.18338221311569214,0.9361277222633362,0.41778355836868286
YGR162W,YOR249C,0,-0.44923833,0.18334636092185974,0.9361277222633362,0.41788357496261597
YIL030C,YNL136W,0,-0.44988525,0.18331053853034973,0.9361277222633362,0.4179835915565491
YGL250W,YER016W,0,-0.45001495,0.18327471613883972,0.9361277222633362,0.4180836081504822
YGR206W,YFL008W,0,-0.45021835,0.1832389086484909,0.9361277222633362,0.4181836247444153
YPL145C,YGL189C,0,-0.45058125,0.18320313096046448,0.9361277222633362,0.4182836711406708
YLR166C,YDL230W,0,-0.45064494,0.18316735327243805,0.9361277222633362,0.4183836877346039
YCR029C-A,YLR249W,0,-0.45100138,0.18313159048557281,0.9361277222633362,0.418483704328537
YDL003W,YNL326C,0,-0.45121017,0.18309584259986877,0.9361277222633362,0.4185837209224701
YJL094C,YGL040C,0,-0.45231527,0.18306010961532593,0.9361277222633362,0.4186837375164032
YHR072W-A,YHR025W,0,-0.4530795,0.18302439153194427,0.9361277222633362,0.4187837541103363
YJR064W,YOR094W,0,-0.45347568,0.18298868834972382,0.9361277222633362,0.4188837707042694
YNL091W,YKL113C,0,-0.45358503,0.18295300006866455,0.9361277222633362,0.4189837872982025
YGR241C,YMR098C,0,-0.45369893,0.18291731178760529,0.9361277222633362,0.4190838038921356
YDR045C,YEL059C-A,0,-0.4541394,0.1828816533088684,0.9361277222633362,0.4191838502883911
YPR173C,YDR528W,0,-0.45470122,0.18284600973129272,0.9361277222633362,0.4192838668823242
YKL008C,YLR263W,0,-0.45521843,0.18281036615371704,0.9361277222633362,0.4193838834762573
YBR215W,YNL097C,0,-0.4566745,0.18277475237846375,0.9361277222633362,0.41948390007019043
YGR174C,YEL027W,0,-0.4570893,0.18273913860321045,0.9361277222633362,0.41958391666412354
YBL088C,YDR510W,0,-0.4583951,0.18270353972911835,0.9361277222633362,0.41968393325805664
YLR239C,YGR120C,0,-0.45859623,0.18266797065734863,0.9361277222633362,0.41978394985198975
YHR044C,YOR332W,0,-0.45904636,0.18263240158557892,0.9361277222633362,0.41988396644592285
YIL112W,YLR371W,0,-0.45926842,0.1825968474149704,0.9361277222633362,0.41998398303985596
YDR435C,YIL068C,0,-0.4601947,0.18256130814552307,0.9361277222633362,0.42008402943611145
YKR061W,YHR099W,0,-0.4627214,0.18252578377723694,0.9361277222633362,0.42018404603004456
YJR161C,YLL021W,0,-0.46287853,0.182490274310112,0.9361277222633362,0.42028406262397766
YIR002C,YBR086C,0,-0.46346185,0.18245477974414825,0.9361277222633362,0.42038407921791077
YER129W,YDR194C,0,-0.46390492,0.1824192851781845,0.9361277222633362,0.42048409581184387
YPR056W,YLR274W,0,-0.46444565,0.18238382041454315,0.9361277222633362,0.420584112405777
YDR350C,YOL147C,0,-0.4645776,0.182348370552063,0.9361277222633362,0.4206841289997101
YGL127C,YKL146W,0,-0.4661439,0.18231292068958282,0.9361277222633362,0.4207841455936432
YMR280C,YDR078C,0,-0.4670739,0.18227750062942505,0.9361277222633362,0.4208841621875763
YIL117C,YOL071W,0,-0.4673413,0.18224208056926727,0.9361277222633362,0.4209842085838318
YPR017C,YGL087C,0,-0.46893454,0.1822066754102707,0.9361277222633362,0.4210842251777649
YPL021W,YGR208W,0,-0.46901166,0.1821713000535965,0.9361277222633362,0.421184241771698
YMR285C,YNL023C,0,-0.46983021,0.1821359246969223,0.9361277222633362,0.4212842583656311
YPL096C-A,YKL024C,0,-0.46983898,0.1821005642414093,0.9361277222633362,0.4213842749595642
YLR097C,YDR490C,0,-0.46995938,0.1820652186870575,0.9361277222633362,0.4214842915534973
YDR018C,YML111W,0,-0.4710961,0.18202988803386688,0.9361277222633362,0.4215843081474304
YDL079C,YDR255C,0,-0.47120246,0.18199457228183746,0.9361277222633362,0.4216843247413635
YHL032C,YOL030W,0,-0.47135103,0.18195925652980804,0.9361277222633362,0.421784371137619
YLR239C,YNL164C,0,-0.472737,0.181923970580101,0.9361277222633362,0.4218843877315521
YDL110C,YPR154W,0,-0.4727683,0.18188869953155518,0.9361277222633362,0.42198440432548523
YDL145C,YLR240W,0,-0.47285348,0.18185342848300934,0.9361277222633362,0.42208442091941833
YKL065C,YBL103C,0,-0.47369948,0.1818181872367859,0.9361277222633362,0.42218443751335144
YMR224C,YGR007W,0,-0.47464183,0.18178294599056244,0.9361277222633362,0.42228445410728455
YPL049C,YMR105C,0,-0.47485673,0.18174771964550018,0.9361277222633362,0.42238447070121765
YOR374W,YKR014C,0,-0.47521776,0.18171250820159912,0.9361277222633362,0.42248448729515076
YIL167W,YOL154W,0,-0.47556335,0.18167732656002045,0.9361277222633362,0.42258450388908386
YGL147C,YHR141C,0,-0.4763735,0.18164214491844177,0.9361277222633362,0.42268455028533936
YOR210W,YKL040C,0,-0.47687382,0.1816069632768631,0.9361277222633362,0.42278456687927246
YBR236C,YNL166C,0,-0.47690624,0.1815718114376068,0.9361277222633362,0.42288458347320557
YDR045C,YER065C,0,-0.47780228,0.18153667449951172,0.9361277222633362,0.42298460006713867
YNL049C,YER015W,0,-0.47782707,0.18150155246257782,0.9361277222633362,0.4230846166610718
YJR002W,YJR065C,0,-0.47809735,0.18146643042564392,0.9361277222633362,0.4231846332550049
YML038C,YPL045W,0,-0.4781008,0.1814313381910324,0.9361277222633362,0.423284649848938
YER082C,YGL005C,0,-0.4781626,0.1813962459564209,0.9361277222633362,0.4233846664428711
YLR176C,YBR122C,0,-0.4782124,0.18136116862297058,0.9361277222633362,0.4234846830368042
YBR002C,YBR199W,1,-0.4782596,0.18151943385601044,0.9371257424354553,0.4234846830368042
YKL060C,YDR309C,0,-0.47854233,0.18148434162139893,0.9371257424354553,0.4235847294330597
YJL181W,YNR020C,0,-0.47915792,0.1814492791891098,0.9371257424354553,0.4236847460269928
YBL071W-A,YPL084W,0,-0.47949848,0.18141421675682068,0.9371257424354553,0.4237847626209259
YOR059C,YGR026W,0,-0.48002177,0.18137918412685394,0.9371257424354553,0.423884779214859
YOR236W,YPL169C,0,-0.48056966,0.1813441514968872,0.9371257424354553,0.4239847958087921
YJL104W,YDL044C,0,-0.48092055,0.18130913376808167,0.9371257424354553,0.4240848124027252
YHR197W,YMR128W,0,-0.48154098,0.18127413094043732,0.9371257424354553,0.4241848289966583
YMR231W,YKL069W,0,-0.48177817,0.18123914301395416,0.9371257424354553,0.42428484559059143
YGL111W,YNL166C,0,-0.48235294,0.1812041699886322,0.9371257424354553,0.42438486218452454
YBR302C,YPR048W,0,-0.48290017,0.18116921186447144,0.9371257424354553,0.42448490858078003
YCR073C,YBR101C,0,-0.48445725,0.18113425374031067,0.9371257424354553,0.42458492517471313
YDR244W,YBR296C,0,-0.48554718,0.1810993254184723,0.9371257424354553,0.42468494176864624
YGR194C,YMR297W,0,-0.48554838,0.1810643970966339,0.9371257424354553,0.42478495836257935
YGR220C,YMR072W,0,-0.48566255,0.18102949857711792,0.9371257424354553,0.42488497495651245
YIL043C,YPR075C,0,-0.48674044,0.18099460005760193,0.9371257424354553,0.42498499155044556
YJL167W,YML107C,0,-0.48793805,0.18095971643924713,0.9371257424354553,0.42508500814437866
YEL036C,YIL085C,1,-0.48899156,0.18111753463745117,0.9381237626075745,0.42508500814437866
YGL028C,YIR008C,0,-0.48910415,0.18108263611793518,0.9381237626075745,0.42518502473831177
YBR162C,YHR089C,0,-0.489447,0.18104776740074158,0.9381237626075745,0.42528507113456726
YER058W,YDR289C,0,-0.4897431,0.18101289868354797,0.9381237626075745,0.42538508772850037
YOL128C,YHR103W,0,-0.49011165,0.18097804486751556,0.9381237626075745,0.42548510432243347
YGL135W,YML014W,0,-0.49037987,0.18094322085380554,0.9381237626075745,0.4255851209163666
YCR096C,YIL091C,0,-0.49038392,0.18090839684009552,0.9381237626075745,0.4256851375102997
YAL044C,YCR048W,0,-0.4906216,0.1808735877275467,0.9381237626075745,0.4257851541042328
YPL050C,YKL201C,1,-0.4912837,0.18103116750717163,0.9391217827796936,0.4257851541042328
YOR391C,YDR312W,0,-0.49141872,0.1809963434934616,0.9391217827796936,0.4258851706981659
YGL137W,YMR016C,0,-0.49157882,0.18096153438091278,0.9391217827796936,0.425985187292099
YER119C,YML111W,0,-0.49193907,0.18092674016952515,0.9391217827796936,0.4260852038860321
YKL002W,YGL059W,0,-0.49243993,0.1808919608592987,0.9391217827796936,0.4261852502822876
YKL063C,YMR292W,0,-0.4929851,0.18085719645023346,0.9391217827796936,0.4262852668762207
YMR293C,YNL183C,0,-0.4937704,0.1808224469423294,0.9391217827796936,0.4263852834701538
YDR379W,YJR135W-A,0,-0.49378702,0.18078769743442535,0.9391217827796936,0.4264853000640869
YBR136W,YPL138C,0,-0.493957,0.1807529777288437,0.9391217827796936,0.42658531665802
YER091C,YPL121C,0,-0.4944093,0.18071825802326202,0.9391217827796936,0.4266853332519531
YPL006W,YGL253W,0,-0.49447542,0.18068356812000275,0.9391217827796936,0.42678534984588623
YMR188C,YOR196C,0,-0.49516013,0.18064887821674347,0.9391217827796936,0.42688536643981934
YGL104C,YLR064W,0,-0.495435,0.18061420321464539,0.9391217827796936,0.42698538303375244
YOR363C,YDR080W,0,-0.49608272,0.1805795431137085,0.9391217827796936,0.42708542943000793
YDR190C,YPL148C,0,-0.4965779,0.1805448979139328,0.9391217827796936,0.42718544602394104
YMR149W,YGL049C,0,-0.49668723,0.1805102676153183,0.9391217827796936,0.42728546261787415
YFR005C,YML057W,0,-0.4975877,0.1804756373167038,0.9391217827796936,0.42738547921180725
YIR035C,YHR123W,0,-0.49953204,0.18044103682041168,0.9391217827796936,0.42748549580574036
YKL140W,YOR127W,0,-0.49974933,0.18040643632411957,0.9391217827796936,0.42758551239967346
YIR003W,YGR240C,0,-0.50077456,0.18037186563014984,0.9391217827796936,0.42768552899360657
YJR027W,YDR085C,0,-0.5012923,0.18033729493618011,0.9391217827796936,0.4277855455875397
YJL102W,YFR049W,0,-0.5013924,0.18030273914337158,0.9391217827796936,0.42788559198379517
YLR174W,YLR373C,0,-0.5016246,0.18026819825172424,0.9391217827796936,0.42798560857772827
YDR331W,YLR421C,0,-0.5023458,0.1802336722612381,0.9391217827796936,0.4280856251716614
YCR008W,YOR110W,0,-0.5030093,0.18019916117191315,0.9391217827796936,0.4281856417655945
YPR007C,YNL244C,0,-0.5034907,0.1801646500825882,0.9391217827796936,0.4282856583595276
YOR005C,YNR023W,0,-0.5040558,0.18013016879558563,0.9391217827796936,0.4283856749534607
YGL226C-A,YKL201C,1,-0.5045564,0.18028707802295685,0.940119743347168,0.4283856749534607
YLR421C,YER166W,0,-0.5045735,0.1802525818347931,0.940119743347168,0.4284856915473938
YOR250C,YOL154W,0,-0.504683,0.18021810054779053,0.940119743347168,0.4285857081413269
YDL051W,YGL002W,0,-0.5047291,0.18018361926078796,0.940119743347168,0.42868572473526
YCL026C-A,YHL050C,0,-0.5054507,0.1801491677761078,0.940119743347168,0.4287857711315155
YMR302C,YOR245C,0,-0.5055492,0.1801147162914276,0.940119743347168,0.4288857877254486
YKL158W,YLR405W,0,-0.5056338,0.18008029460906982,0.940119743347168,0.4289858043193817
YNL020C,YKL132C,0,-0.5071232,0.18004587292671204,0.940119743347168,0.4290858209133148
YIL112W,YPL053C,0,-0.50750625,0.18001146614551544,0.940119743347168,0.4291858375072479
YDR303C,YJL065C,0,-0.50782937,0.17997707426548004,0.940119743347168,0.42928585410118103
YGL246C,YKL018W,0,-0.509002,0.17994269728660583,0.940119743347168,0.42938587069511414
YGR152C,YNL246W,0,-0.50921535,0.17990832030773163,0.940119743347168,0.42948588728904724
YOL018C,YHR091C,0,-0.50929457,0.1798739731311798,0.940119743347168,0.42958590388298035
YMR243C,YKR094C,0,-0.51192176,0.17983964085578918,0.940119743347168,0.42968595027923584
YBR084W,YDR237W,0,-0.5125209,0.17980530858039856,0.940119743347168,0.42978596687316895
YBL099W,YBR094W,0,-0.5128387,0.17977099120616913,0.940119743347168,0.42988598346710205
YFR046C,YLR034C,0,-0.5130477,0.1797366887331009,0.940119743347168,0.42998600006103516
YBR103W,YPL091W,0,-0.51353824,0.17970240116119385,0.940119743347168,0.43008601665496826
YDR165W,YMR011W,0,-0.51372147,0.179668128490448,0.940119743347168,0.43018603324890137
YNL139C,YLR064W,0,-0.51386976,0.17963387072086334,0.940119743347168,0.4302860498428345
YGR060W,YBR070C,0,-0.51422757,0.1795996129512787,0.940119743347168,0.4303860664367676
YOR221C,YCR079W,0,-0.5147518,0.17956538498401642,0.940119743347168,0.4304860830307007
YPR028W,YOR337W,0,-0.5150784,0.17953115701675415,0.940119743347168,0.4305861294269562
YDR018C,YLR019W,0,-0.51575136,0.17949694395065308,0.940119743347168,0.4306861460208893
YER068W,YPL177C,0,-0.5166015,0.1794627606868744,0.940119743347168,0.4307861626148224
YCL005W-A,YLR185W,0,-0.517918,0.1794285774230957,0.940119743347168,0.4308861792087555
YGR091W,YOR027W,0,-0.5187712,0.17939439415931702,0.940119743347168,0.4309861958026886
YDR322C-A,YPL046C,0,-0.5188238,0.17936024069786072,0.940119743347168,0.4310862123966217
YLR369W,YJL001W,0,-0.5202566,0.1793261021375656,0.940119743347168,0.4311862289905548
YCL038C,YER030W,0,-0.5203566,0.1792919635772705,0.940119743347168,0.4312862455844879
YBR239C,YHR089C,0,-0.5219707,0.1792578548192978,0.940119743347168,0.4313862919807434
YBR186W,YIL051C,0,-0.5220369,0.17922374606132507,0.940119743347168,0.4314863085746765
YBR290W,YDR036C,0,-0.5236707,0.17918965220451355,0.940119743347168,0.4315863251686096
YER109C,YPL061W,0,-0.52371955,0.17915557324886322,0.940119743347168,0.4316863417625427
YER056C-A,YPL001W,0,-0.5242976,0.17912150919437408,0.940119743347168,0.43178635835647583
YOR191W,YJL121C,0,-0.5244874,0.17908744513988495,0.940119743347168,0.43188637495040894
YGL187C,YGR116W,0,-0.52469116,0.1790534108877182,0.940119743347168,0.43198639154434204
YJL115W,YPL032C,0,-0.52488077,0.17901939153671265,0.940119743347168,0.43208640813827515
YGR128C,YHR160C,0,-0.5249528,0.1789853721857071,0.940119743347168,0.43218642473220825
YGR061C,YFR051C,0,-0.52547836,0.17895136773586273,0.940119743347168,0.43228647112846375
YOL097C,YHR194W,0,-0.52567613,0.17891737818717957,0.940119743347168,0.43238648772239685
YLR413W,YBR070C,0,-0.52585995,0.1788834035396576,0.940119743347168,0.43248650431632996
YBR211C,YPR141C,0,-0.52646226,0.17884944379329681,0.940119743347168,0.43258652091026306
YGL243W,YAL003W,0,-0.5265294,0.17881548404693604,0.940119743347168,0.43268653750419617
YIL070C,YBL018C,0,-0.52739656,0.17878155410289764,0.940119743347168,0.4327865540981293
YCR028C,YML004C,0,-0.52755207,0.17874762415885925,0.940119743347168,0.4328865706920624
YGL251C,YOR224C,0,-0.5285926,0.17871370911598206,0.940119743347168,0.4329865872859955
YML116W,YAL009W,0,-0.52891946,0.17867982387542725,0.940119743347168,0.4330866038799286
YHL024W,YFR027W,0,-0.52932286,0.17864593863487244,0.940119743347168,0.4331866502761841
YGR202C,YBR265W,0,-0.53030354,0.17861205339431763,0.940119743347168,0.4332866668701172
YKL181W,YPR082C,0,-0.53037333,0.1785781979560852,0.940119743347168,0.4333866834640503
YKR003W,YML029W,0,-0.5307601,0.17854435741901398,0.940119743347168,0.4334867000579834
YOR150W,YCR008W,0,-0.5310069,0.17851051688194275,0.940119743347168,0.4335867166519165
YBR237W,YNR039C,0,-0.5318086,0.17847669124603271,0.940119743347168,0.4336867332458496
YDR208W,YLR283W,0,-0.53266126,0.17844288051128387,0.940119743347168,0.4337867498397827
YGR005C,YOR172W,0,-0.5332511,0.17840908467769623,0.940119743347168,0.4338867664337158
YLR266C,YGR211W,0,-0.5338097,0.17837530374526978,0.940119743347168,0.4339867830276489
YMR305C,YLR067C,0,-0.5346559,0.17834153771400452,0.940119743347168,0.4340868294239044
YPL017C,YHR116W,0,-0.53531146,0.17830778658390045,0.940119743347168,0.4341868460178375
YLR266C,YNL038W,0,-0.53570426,0.1782740354537964,0.940119743347168,0.43428686261177063
YMR165C,YMR251W-A,0,-0.5361438,0.17824029922485352,0.940119743347168,0.43438687920570374
YNR019W,YKR095W,0,-0.536896,0.17820657789707184,0.940119743347168,0.43448689579963684
YKR072C,YDR160W,0,-0.53724974,0.17817287147045135,0.940119743347168,0.43458691239356995
YJR131W,YDL164C,0,-0.53770006,0.17813917994499207,0.940119743347168,0.43468692898750305
YDR358W,YJL054W,0,-0.53772193,0.17810550332069397,0.940119743347168,0.43478694558143616
YBL067C,YGR189C,0,-0.53892165,0.17807182669639587,0.940119743347168,0.43488699197769165
YOR005C,YNL173C,0,-0.53922594,0.17803817987442017,0.940119743347168,0.43498700857162476
YMR184W,YMR063W,0,-0.5395764,0.17800453305244446,0.940119743347168,0.43508702516555786
YNR071C,YLR467W,0,-0.53983355,0.17797090113162994,0.940119743347168,0.43518704175949097
YDR145W,YMR150C,0,-0.5405521,0.17793728411197662,0.940119743347168,0.4352870583534241
YKL200C,YNR059W,1,-0.5406014,0.17809253931045532,0.9411177635192871,0.4352870583534241
YOR356W,YMR106C,0,-0.54073745,0.1780589073896408,0.9411177635192871,0.4353870749473572
YNR023W,YDL042C,0,-0.540818,0.1780252903699875,0.9411177635192871,0.4354870915412903
YPR049C,YPR023C,0,-0.54142404,0.17799168825149536,0.9411177635192871,0.4355871081352234
YPL255W,YGR062C,0,-0.541747,0.17795810103416443,0.9411177635192871,0.4356871247291565
YOL009C,YKL113C,0,-0.5422034,0.1779245287179947,0.9411177635192871,0.435787171125412
YGL115W,YDR469W,0,-0.54241854,0.17789097130298615,0.9411177635192871,0.4358871877193451
YNR048W,YBL045C,0,-0.5424877,0.1778574138879776,0.9411177635192871,0.4359872043132782
YOR368W,YDR354W,0,-0.5442141,0.17782387137413025,0.9411177635192871,0.4360872209072113
YKL178C,YLR332W,0,-0.54514575,0.1777903437614441,0.9411177635192871,0.4361872375011444
YHR142W,YOR319W,0,-0.54517347,0.17775683104991913,0.9411177635192871,0.4362872540950775
YJL157C,YHL001W,0,-0.54592985,0.17772333323955536,0.9411177635192871,0.4363872706890106
YMR188C,YDR507C,0,-0.5461765,0.17768985033035278,0.9411177635192871,0.4364872872829437
YMR101C,YBR002C,1,-0.546595,0.17784476280212402,0.9421157836914062,0.4364872872829437
YOR092W,YKL173W,0,-0.5468564,0.17781126499176025,0.9421157836914062,0.43658730387687683
YNR040W,YIR014W,0,-0.54776037,0.17777778208255768,0.9421157836914062,0.4366873502731323
YPR101W,YLR337W,0,-0.54877484,0.1777442991733551,0.9421157836914062,0.43678736686706543
YBL004W,YHR026W,0,-0.5490298,0.17771084606647491,0.9421157836914062,0.43688738346099854
YOR064C,YJR118C,0,-0.54903376,0.17767739295959473,0.9421157836914062,0.43698740005493164
YAL015C,YDR398W,0,-0.5494256,0.17764395475387573,0.9421157836914062,0.43708741664886475
YBR205W,YBR034C,0,-0.5494723,0.17761053144931793,0.9421157836914062,0.43718743324279785
YGL134W,YMR076C,0,-0.54955065,0.17757712304592133,0.9421157836914062,0.43728744983673096
YOL122C,YOR228C,0,-0.5496479,0.1775437295436859,0.9421157836914062,0.43738746643066406
YCR079W,YCL044C,0,-0.5500509,0.1775103360414505,0.9421157836914062,0.43748748302459717
YCR107W,YHR043C,0,-0.55006385,0.17747697234153748,0.9421157836914062,0.43758752942085266
YJL094C,YHR143W,0,-0.5504776,0.17744360864162445,0.9421157836914062,0.43768754601478577
YAL015C,YMR012W,0,-0.5509305,0.17741025984287262,0.9421157836914062,0.43778756260871887
YNR047W,YDR246W,0,-0.5517558,0.17737692594528198,0.9421157836914062,0.437887579202652
YKL200C,YNL080C,1,-0.55200016,0.17753146588802338,0.9431137442588806,0.437887579202652
YFL003C,YJR144W,0,-0.55240566,0.17749811708927155,0.9431137442588806,0.4379875957965851
YLR097C,YOL007C,0,-0.5527388,0.1774647831916809,0.9431137442588806,0.4380876123905182
YMR080C,YMR040W,0,-0.5528431,0.17743146419525146,0.9431137442588806,0.4381876289844513
YML026C,YEL046C,0,-0.55385476,0.17739816009998322,0.9431137442588806,0.4382876455783844
YFR047C,YKL138C-A,0,-0.5538678,0.17736487090587616,0.9431137442588806,0.4383876919746399
YPR096C,YHL015W,0,-0.5547243,0.1773315817117691,0.9431137442588806,0.438487708568573
YPL181W,YFR027W,0,-0.5550586,0.17729830741882324,0.9431137442588806,0.4385877251625061
YMR118C,YKL062W,0,-0.5550747,0.17726504802703857,0.9431137442588806,0.4386877417564392
YOR389W,YBR169C,0,-0.5555267,0.1772318035364151,0.9431137442588806,0.4387877583503723
YMR070W,YGL249W,0,-0.5564263,0.17719857394695282,0.9431137442588806,0.4388877749443054
YGR029W,YHR191C,0,-0.5571637,0.17716535925865173,0.9431137442588806,0.4389877915382385
YDR359C,YNL061W,0,-0.55726886,0.17713214457035065,0.9431137442588806,0.43908780813217163
YGL133W,YDR237W,0,-0.55737656,0.17709894478321075,0.9431137442588806,0.43918782472610474
YMR059W,YJL160C,0,-0.5593732,0.17706575989723206,0.9431137442588806,0.43928787112236023
YGL040C,YHL016C,0,-0.5594199,0.17703258991241455,0.9431137442588806,0.43938788771629333
YJR123W,YOR396W,0,-0.5596297,0.17699943482875824,0.9431137442588806,0.43948790431022644
YOR391C,YGR227W,0,-0.5600948,0.17696629464626312,0.9431137442588806,0.43958792090415955
YBR253W,YPR108W,0,-0.5607455,0.176933154463768,0.9431137442588806,0.43968793749809265
YGL187C,YJR035W,0,-0.5607938,0.17690004408359528,0.9431137442588806,0.43978795409202576
YPR094W,YKL096W,0,-0.560855,0.17686693370342255,0.9431137442588806,0.43988797068595886
YLR044C,YPL168W,0,-0.56105614,0.176833838224411,0.9431137442588806,0.43998798727989197
YDR308C,YDR427W,0,-0.5615095,0.17680074274539948,0.9431137442588806,0.4400880038738251
YNL123W,YDR208W,0,-0.5618363,0.17676767706871033,0.9431137442588806,0.44018805027008057
YHL044W,YPL023C,0,-0.5618863,0.17673461139202118,0.9431137442588806,0.44028806686401367
YDR287W,YDL004W,0,-0.5625821,0.17670157551765442,0.9431137442588806,0.4403880834579468
YER155C,YIL123W,0,-0.5627891,0.17666853964328766,0.9431137442588806,0.4404881000518799
YFR010W,YJR126C,0,-0.5633075,0.1766355186700821,0.9431137442588806,0.440588116645813
YGR007W,YHL006C,0,-0.56370527,0.17660249769687653,0.9431137442588806,0.4406881332397461
YKR062W,YBR092C,0,-0.5641494,0.17656950652599335,0.9431137442588806,0.4407881498336792
YIL106W,YHR115C,0,-0.56429845,0.17653651535511017,0.9431137442588806,0.4408881664276123
YNR075W,YLR304C,0,-0.5646863,0.17650355398654938,0.9431137442588806,0.4409881830215454
YPL189C-A,YDR297W,0,-0.56523436,0.1764705926179886,0.9431137442588806,0.4410882294178009
YNL142W,YDR175C,0,-0.5654637,0.176437646150589,0.9431137442588806,0.441188246011734
YGR125W,YGL055W,0,-0.56570494,0.1764046996831894,0.9431137442588806,0.4412882626056671
YDR213W,YOR070C,0,-0.56604356,0.17637178301811218,0.9431137442588806,0.4413882791996002
YLR078C,YPL141C,0,-0.5661511,0.17633886635303497,0.9431137442588806,0.4414882957935333
YKR092C,YPL206C,0,-0.5663897,0.17630596458911896,0.9431137442588806,0.44158831238746643
YBL004W,YBR094W,0,-0.5668621,0.17627307772636414,0.9431137442588806,0.44168832898139954
YDR096W,YMR307W,0,-0.5672692,0.1762402057647705,0.9431137442588806,0.44178834557533264
YGL207W,YDR027C,0,-0.56732106,0.17620734870433807,0.9431137442588806,0.44188839197158813
YMR220W,YER063W,0,-0.5682855,0.17617449164390564,0.9431137442588806,0.44198840856552124
YOR083W,YLR079W,0,-0.56844884,0.1761416643857956,0.9431137442588806,0.44208842515945435
YGR044C,YCR070W,0,-0.56935775,0.17610883712768555,0.9431137442588806,0.44218844175338745
YJL164C,YKL113C,0,-0.57008755,0.1760760247707367,0.9431137442588806,0.44228845834732056
YBR035C,YNR070W,0,-0.5701959,0.17604321241378784,0.9431137442588806,0.44238847494125366
YMR316W,YJL153C,0,-0.57088697,0.17601042985916138,0.9431137442588806,0.44248849153518677
YML026C,YMR309C,0,-0.57208884,0.1759776473045349,0.9431137442588806,0.4425885081291199
YNL191W,YKL049C,0,-0.57354045,0.17594489455223083,0.9431137442588806,0.442688524723053
YGR123C,YLR045C,0,-0.5738003,0.17591214179992676,0.9431137442588806,0.44278857111930847
YOR315W,YOR019W,0,-0.5743407,0.17587940394878387,0.9431137442588806,0.4428885877132416
YDL103C,YKL081W,0,-0.5751618,0.175846666097641,0.9431137442588806,0.4429886043071747
YBL051C,YER143W,0,-0.5753081,0.1758139580488205,0.9431137442588806,0.4430886209011078
YDR016C,YKL032C,0,-0.57630557,0.17578125,0.9431137442588806,0.4431886374950409
YEL034W,YHR019C,0,-0.57652605,0.1757485568523407,0.9431137442588806,0.443288654088974
YMR261C,YMR268C,0,-0.57668096,0.1757158786058426,0.9431137442588806,0.4433886706829071
YML063W,YPL088W,0,-0.57711935,0.17568321526050568,0.9431137442588806,0.4434886872768402
YKL198C,YER166W,0,-0.5772797,0.17565055191516876,0.9431137442588806,0.4435887038707733
YML081C-A,YGL124C,0,-0.57729596,0.17561791837215424,0.9431137442588806,0.4436887502670288
YGL006W,YKR001C,0,-0.5788509,0.1755852848291397,0.9431137442588806,0.4437887668609619
YPR166C,YKL056C,0,-0.5791276,0.17555266618728638,0.9431137442588806,0.443888783454895
YOR026W,YCR020W-B,0,-0.58004725,0.17552006244659424,0.9431137442588806,0.4439888000488281
YKR039W,YPL084W,0,-0.58078045,0.1754874587059021,0.9431137442588806,0.44408881664276123
YJR050W,YOL095C,0,-0.5811275,0.17545488476753235,0.9431137442588806,0.44418883323669434
YKL042W,YOR064C,0,-0.5823859,0.1754223108291626,0.9431137442588806,0.44428884983062744
YDR190C,YKL208W,0,-0.58501244,0.17538975179195404,0.9431137442588806,0.44438886642456055
YGR235C,YGR279C,0,-0.5853852,0.17535720765590668,0.9431137442588806,0.44448888301849365
YCR066W,YLR234W,0,-0.58562225,0.1753246784210205,0.9431137442588806,0.44458892941474915
YHR024C,YLR275W,0,-0.58568645,0.17529214918613434,0.9431137442588806,0.44468894600868225
YJR014W,YGL211W,0,-0.5866083,0.17525964975357056,0.9431137442588806,0.44478896260261536
YFL050C,YPL148C,0,-0.5874045,0.17522715032100677,0.9431137442588806,0.44488897919654846
YLR226W,YER074W-A,0,-0.5875198,0.1751946657896042,0.9431137442588806,0.44498899579048157
YPR086W,YER020W,0,-0.5881376,0.1751621812582016,0.9431137442588806,0.4450890123844147
YDR221W,YEL036C,1,-0.58897495,0.17531505227088928,0.9441117644309998,0.4450890123844147
YKL125W,YKL110C,0,-0.5890887,0.1752825677394867,0.9441117644309998,0.4451890289783478
YCL044C,YDR538W,0,-0.5890906,0.1752500981092453,0.9441117644309998,0.4452890455722809
YML065W,YOL069W,0,-0.58964646,0.1752176284790039,0.9441117644309998,0.4453890919685364
YGL097W,YHR044C,0,-0.59015876,0.1751851886510849,0.9441117644309998,0.4454891085624695
YBL078C,YNL305C,0,-0.5911375,0.1751527488231659,0.9441117644309998,0.4455891251564026
YMR164C,YDR439W,0,-0.5914051,0.17512032389640808,0.9441117644309998,0.4456891417503357
YGR263C,YOR149C,0,-0.5923059,0.17508791387081146,0.9441117644309998,0.4457891583442688
YHR101C,YJL044C,0,-0.5929253,0.17505551874637604,0.9441117644309998,0.4458891749382019
YDL106C,YOR022C,0,-0.5931817,0.1750231236219406,0.9441117644309998,0.445989191532135
YFR015C,YPR175W,0,-0.59383494,0.17499075829982758,0.9441117644309998,0.4460892081260681
YML076C,YLR399C,0,-0.5940151,0.17495839297771454,0.9441117644309998,0.4461892247200012
YMR021C,YHR086W,0,-0.5941553,0.1749260425567627,0.9441117644309998,0.4462892711162567
YGL035C,YGR076C,0,-0.5948433,0.17489369213581085,0.9441117644309998,0.4463892877101898
YMR110C,YPR031W,0,-0.5949575,0.1748613715171814,0.9441117644309998,0.4464893043041229
YGR183C,YDR318W,0,-0.5960869,0.17482905089855194,0.9441117644309998,0.44658932089805603
YDL043C,YDR331W,0,-0.59610283,0.17479674518108368,0.9441117644309998,0.44668933749198914
YDL155W,YDR153C,0,-0.5965176,0.1747644543647766,0.9441117644309998,0.44678935408592224
YGR041W,YFL061W,0,-0.59654975,0.17473217844963074,0.9441117644309998,0.44688937067985535
YJL062W,YHR136C,0,-0.5966456,0.17469990253448486,0.9441117644309998,0.44698938727378845
YOR048C,YCL051W,0,-0.59684795,0.17466765642166138,0.9441117644309998,0.44708940386772156
YOR214C,YOR234C,0,-0.5972506,0.1746354103088379,0.9441117644309998,0.44718945026397705
YNL037C,YBL020W,0,-0.59736216,0.1746031790971756,0.9441117644309998,0.44728946685791016
YBR239C,YBL102W,0,-0.59782076,0.1745709478855133,0.9441117644309998,0.44738948345184326
YGL120C,YOL068C,0,-0.597837,0.1745387464761734,0.9441117644309998,0.44748950004577637
YCR028C-A,YCR040W,0,-0.5983331,0.1745065450668335,0.9441117644309998,0.4475895166397095
YLR448W,YMR281W,0,-0.5991698,0.17447435855865479,0.9441117644309998,0.4476895332336426
YJL057C,YHR214W,0,-0.59971225,0.17444218695163727,0.9441117644309998,0.4477895498275757
YGL047W,YBR070C,1,-0.601049,0.17459440231323242,0.9451097846031189,0.4477895498275757
YDR264C,YPL146C,0,-0.6013351,0.1745622158050537,0.9451097846031189,0.4478895664215088
YPR110C,YDR117C,0,-0.6021846,0.1745300441980362,0.9451097846031189,0.4479896128177643
YDR439W,YJR125C,0,-0.6032429,0.17449788749217987,0.9451097846031189,0.4480896294116974
YNL180C,YLR430W,0,-0.6046295,0.17446573078632355,0.9451097846031189,0.4481896460056305
YIR008C,YDR489W,0,-0.6051465,0.1744336038827896,0.9451097846031189,0.4482896625995636
YIR009W,YHR200W,0,-0.60546905,0.17440147697925568,0.9451097846031189,0.4483896791934967
YBR018C,YNL289W,0,-0.60585415,0.17436936497688293,0.9451097846031189,0.4484896957874298
YHR120W,YGL141W,0,-0.6058737,0.1743372678756714,0.9451097846031189,0.4485897123813629
YDR135C,YHL007C,0,-0.6060449,0.17430517077445984,0.9451097846031189,0.448689728975296
YEL034W,YPL135W,0,-0.60624504,0.17427308857440948,0.9451097846031189,0.4487897455692291
YDR356W,YEL011W,0,-0.6063448,0.17424103617668152,0.9451097846031189,0.4488897919654846
YBR136W,YDR435C,0,-0.6067474,0.17420898377895355,0.9451097846031189,0.4489898085594177
YDL104C,YKR100C,0,-0.6069954,0.17417693138122559,0.9451097846031189,0.44908982515335083
YBR208C,YDL069C,0,-0.60724676,0.17414490878582,0.9451097846031189,0.44918984174728394
YNL152W,YGR007W,0,-0.60742307,0.17411288619041443,0.9451097846031189,0.44928985834121704
YLR246W,YPL169C,0,-0.6075908,0.17408087849617004,0.9451097846031189,0.44938987493515015
YGR030C,YNL272C,0,-0.6084534,0.17404888570308685,0.9451097846031189,0.44948989152908325
YOR367W,YDR330W,0,-0.60904515,0.17401690781116486,0.9451097846031189,0.44958990812301636
YKR067W,YNL076W,0,-0.6093809,0.17398492991924286,0.9451097846031189,0.44968992471694946
YMR237W,YJR033C,0,-0.6096872,0.17395298182964325,0.9451097846031189,0.44978997111320496
YGR094W,YJL165C,0,-0.61098397,0.17392103374004364,0.9451097846031189,0.44988998770713806
YGR152C,YAL020C,0,-0.6114775,0.17388908565044403,0.9451097846031189,0.44999000430107117
YPR028W,YER180C,0,-0.6118407,0.1738571673631668,0.9451097846031189,0.4500900208950043
YOR375C,YOL095C,0,-0.6128979,0.17382526397705078,0.9451097846031189,0.4501900374889374
YMR041C,YBL088C,0,-0.61353403,0.17379336059093475,0.9451097846031189,0.4502900540828705
YOL008W,YCR039C,0,-0.6142374,0.17376147210597992,0.9451097846031189,0.4503900706768036
YHL032C,YDR148C,0,-0.6142884,0.17372958362102509,0.9451097846031189,0.4504900872707367
YER155C,YGR002C,0,-0.6144158,0.17369772493839264,0.9451097846031189,0.4505901038646698
YBR110W,YJR035W,0,-0.6148575,0.1736658662557602,0.9451097846031189,0.4506901502609253
YJL058C,YKL114C,0,-0.61656415,0.17363403737545013,0.9451097846031189,0.4507901668548584
YNL293W,YPL120W,0,-0.6189065,0.17360219359397888,0.9451097846031189,0.4508901834487915
YLR079W,YPL175W,0,-0.62053376,0.17357037961483002,0.9451097846031189,0.4509902000427246
YNR033W,YBL100W-B,0,-0.6212617,0.17353858053684235,0.9451097846031189,0.4510902166366577
YER091C,YNL188W,0,-0.62320364,0.17350678145885468,0.9451097846031189,0.4511902332305908
YHL025W,YGL073W,0,-0.6236099,0.1734749972820282,0.9451097846031189,0.4512902498245239
YBL025W,YJL098W,0,-0.62400144,0.17344322800636292,0.9451097846031189,0.45139026641845703
YOR249C,YOR391C,0,-0.6246935,0.17341145873069763,0.9451097846031189,0.4514903128147125
YPL030W,YOR140W,0,-0.6256829,0.17337971925735474,0.9451097846031189,0.45159032940864563
YLR093C,YOL001W,0,-0.6259447,0.17334797978401184,0.9451097846031189,0.45169034600257874
YPR156C,YDR243C,0,-0.62700254,0.17331625521183014,0.9451097846031189,0.45179036259651184
YKL213C,YLL062C,0,-0.62714475,0.17328453063964844,0.9451097846031189,0.45189037919044495
YPL146C,YNL272C,0,-0.6281012,0.17325283586978912,0.9451097846031189,0.45199039578437805
YGL061C,YKL193C,0,-0.62816495,0.1732211410999298,0.9451097846031189,0.45209041237831116
YOL008W,YGR278W,0,-0.63044465,0.1731894612312317,0.9451097846031189,0.45219042897224426
YGL061C,YHL019C,0,-0.63051414,0.17315779626369476,0.9451097846031189,0.45229044556617737
YER089C,YAL009W,0,-0.6307471,0.17312614619731903,0.9451097846031189,0.45239049196243286
YOL140W,YCL033C,0,-0.6312843,0.1730944961309433,0.9451097846031189,0.45249050855636597
YIL144W,YKL113C,0,-0.63132304,0.17306286096572876,0.9451097846031189,0.4525905251502991
YER006W,YPL005W,0,-0.63144356,0.17303124070167542,0.9451097846031189,0.4526905417442322
YBR295W,YDL056W,0,-0.63146996,0.17299963533878326,0.9451097846031189,0.4527905583381653
YBR085W,YML027W,0,-0.631531,0.1729680299758911,0.9451097846031189,0.4528905749320984
YNL242W,YJR139C,0,-0.6317245,0.17293645441532135,0.9451097846031189,0.4529905915260315
YDR421W,YDR490C,0,-0.6325628,0.1729048788547516,0.9451097846031189,0.4530906081199646
YPL159C,YHR167W,0,-0.632766,0.17287331819534302,0.9451097846031189,0.4531906247138977
YLR435W,YDL008W,0,-0.63293755,0.17284175753593445,0.9451097846031189,0.4532906711101532
YGR244C,YJR132W,0,-0.63361645,0.17281021177768707,0.9451097846031189,0.4533906877040863
YOR255W,YOR250C,0,-0.6336416,0.17277869582176208,0.9451097846031189,0.4534907042980194
YPL072W,YJR099W,0,-0.6345089,0.1727471798658371,0.9451097846031189,0.4535907208919525
YMR017W,YIL005W,0,-0.6353102,0.1727156639099121,0.9451097846031189,0.4536907374858856
YPL174C,YNL082W,0,-0.63610685,0.1726841777563095,0.9451097846031189,0.4537907540798187
YPL190C,YGL064C,0,-0.6367663,0.1726526916027069,0.9451097846031189,0.45389077067375183
YNL031C,YNL214W,0,-0.6377567,0.1726212203502655,0.9451097846031189,0.45399078726768494
YOR022C,YGR163W,0,-0.637843,0.1725897639989853,0.9451097846031189,0.45409080386161804
YCR018C,YOR330C,0,-0.638042,0.17255830764770508,0.9451097846031189,0.45419085025787354
YHR136C,YOL059W,0,-0.6382649,0.17252686619758606,0.9451097846031189,0.45429086685180664
YLR210W,YJR158W,0,-0.63835543,0.17249543964862823,0.9451097846031189,0.45439088344573975
YNL265C,YOR076C,0,-0.63878244,0.1724640280008316,0.9451097846031189,0.45449090003967285
YNL197C,YKL112W,0,-0.6394944,0.17243263125419617,0.9451097846031189,0.45459091663360596
YLR287C-A,YBL017C,0,-0.6395742,0.17240123450756073,0.9451097846031189,0.45469093322753906
YIL009W,YLR442C,0,-0.6396647,0.1723698526620865,0.9451097846031189,0.45479094982147217
YPL189C-A,YGR061C,0,-0.64032865,0.17233848571777344,0.9451097846031189,0.4548909664154053
YER129W,YOR386W,0,-0.6404284,0.17230713367462158,0.9451097846031189,0.45499101281166077
YCR105W,YPL173W,0,-0.6407155,0.17227578163146973,0.9451097846031189,0.45509102940559387
YER170W,YNL135C,0,-0.64200455,0.17224445939064026,0.9451097846031189,0.455191045999527
YBR133C,YHR187W,0,-0.6420747,0.1722131222486496,0.9451097846031189,0.4552910625934601
YOL110W,YOL100W,0,-0.6421704,0.17218181490898132,0.9451097846031189,0.4553910791873932
YPL115C,YPL157W,0,-0.64263046,0.17215052247047424,0.9451097846031189,0.4554910957813263
YDL209C,YIR037W,0,-0.6440634,0.17211923003196716,0.9451097846031189,0.4555911123752594
YOR018W,YPL173W,0,-0.64458644,0.17208795249462128,0.9451097846031189,0.4556911289691925
YDR018C,YBL050W,0,-0.64526975,0.17205668985843658,0.9451097846031189,0.4557911455631256
YHL021C,YLR318W,0,-0.6454961,0.1720254272222519,0.9451097846031189,0.4558911919593811
YJR121W,YLR368W,0,-0.6455724,0.1719941943883896,0.9451097846031189,0.4559912085533142
YOR122C,YJR113C,0,-0.6459147,0.17196296155452728,0.9451097846031189,0.4560912251472473
YMR277W,YCL044C,0,-0.6465893,0.17193172872066498,0.9451097846031189,0.4561912417411804
YDL025C,YHR147C,0,-0.6468152,0.17190052568912506,0.9451097846031189,0.4562912583351135
YDR487C,YDR380W,0,-0.64779,0.17186932265758514,0.9451097846031189,0.45639127492904663
YBR112C,YDR400W,0,-0.6482835,0.17183813452720642,0.9451097846031189,0.45649129152297974
YMR055C,YJR077C,0,-0.64832294,0.1718069612979889,0.9451097846031189,0.45659130811691284
YER014W,YGR207C,0,-0.6484036,0.17177580296993256,0.9451097846031189,0.45669132471084595
YLR188W,YDL205C,0,-0.6503634,0.17174464464187622,0.9451097846031189,0.45679137110710144
YOL115W,YOR290C,0,-0.65083635,0.17171350121498108,0.9451097846031189,0.45689138770103455
YKL222C,YOR359W,0,-0.65090156,0.17168237268924713,0.9451097846031189,0.45699140429496765
YCR024C,YDL127W,0,-0.65090865,0.17165125906467438,0.9451097846031189,0.45709142088890076
YOR156C,YHR117W,0,-0.65139705,0.17162014544010162,0.9451097846031189,0.45719143748283386
YGR223C,YBR090C-A,0,-0.6514332,0.17158906161785126,0.9451097846031189,0.45729145407676697
YJL019W,YMR106C,0,-0.65234923,0.1715579777956009,0.9451097846031189,0.4573914706707001
YDR377W,YEL063C,0,-0.652861,0.17152689397335052,0.9451097846031189,0.4574914872646332
YPL118W,YKR098C,0,-0.6531355,0.17149583995342255,0.9451097846031189,0.4575915038585663
YPL262W,YPR097W,0,-0.65381104,0.17146478593349457,0.9451097846031189,0.4576915502548218
YCR081W,YBR231C,0,-0.65441906,0.17143374681472778,0.9451097846031189,0.4577915668487549
YGL167C,YPR133C,0,-0.6551385,0.171402707695961,0.9451097846031189,0.457891583442688
YOL123W,YKL196C,0,-0.65547365,0.1713716983795166,0.9451097846031189,0.4579916000366211
YIL014W,YLR200W,0,-0.6556392,0.1713406890630722,0.9451097846031189,0.4580916166305542
YDR046C,YHR160C,0,-0.6564262,0.171309694647789,0.9451097846031189,0.4581916332244873
YLR010C,YDR153C,0,-0.6566299,0.171278715133667,0.9451097846031189,0.4582916498184204
YMR053C,YPR108W,0,-0.6567927,0.17124773561954498,0.9451097846031189,0.4583916664123535
YML110C,YLL023C,0,-0.6571625,0.17121677100658417,0.9451097846031189,0.458491712808609
YCL010C,YKL163W,0,-0.65750754,0.17118582129478455,0.9451097846031189,0.4585917294025421
YOR047C,YGR188C,0,-0.65801495,0.17115488648414612,0.9451097846031189,0.4586917459964752
YIR006C,YBL016W,0,-0.65822756,0.17112396657466888,0.9451097846031189,0.4587917625904083
YOL088C,YGR098C,0,-0.6586015,0.17109304666519165,0.9451097846031189,0.45889177918434143
YLR320W,YPL232W,0,-0.6589691,0.1710621416568756,0.9451097846031189,0.45899179577827454
YJL184W,YKL006C-A,0,-0.65909004,0.17103125154972076,0.9451097846031189,0.45909181237220764
YEL034W,YOR259C,0,-0.6592417,0.17100036144256592,0.9451097846031189,0.45919182896614075
YHR123W,YBR176W,0,-0.66076386,0.17096948623657227,0.9451097846031189,0.45929184556007385
YDR427W,YGL043W,0,-0.6611171,0.1709386259317398,0.9451097846031189,0.45939189195632935
YJL219W,YMR166C,0,-0.66146713,0.17090778052806854,0.9451097846031189,0.45949190855026245
YMR004W,YER032W,0,-0.66170233,0.17087693512439728,0.9451097846031189,0.45959192514419556
YDL146W,YJL063C,0,-0.66251034,0.1708461195230484,0.9451097846031189,0.45969194173812866
YNR032W,YGL223C,0,-0.6626749,0.17081528902053833,0.9451097846031189,0.45979195833206177
YJR065C,YEL046C,0,-0.66420424,0.17078448832035065,0.9451097846031189,0.4598919749259949
YPL089C,YOL005C,0,-0.66479117,0.17075370252132416,0.9451097846031189,0.459991991519928
YGL013C,YDR538W,0,-0.66532314,0.17072291672229767,0.9451097846031189,0.4600920081138611
YDL051W,YNL129W,0,-0.6655873,0.17069214582443237,0.9451097846031189,0.4601920247077942
YER139C,YJL065C,0,-0.66606694,0.17066137492656708,0.9451097846031189,0.4602920711040497
YBR185C,YML057W,0,-0.66640484,0.17063063383102417,0.9451097846031189,0.4603920876979828
YFR007W,YHR121W,0,-0.6669336,0.17059989273548126,0.9451097846031189,0.4604921042919159
YDL211C,YOR348C,0,-0.6677369,0.17056916654109955,0.9451097846031189,0.460592120885849
YDR443C,YKL198C,0,-0.6684375,0.17053844034671783,0.9451097846031189,0.4606921374797821
YPL048W,YCR040W,0,-0.6685879,0.1705077439546585,0.9451097846031189,0.4607921540737152
YOL097C,YBR244W,0,-0.6686823,0.17047704756259918,0.9451097846031189,0.4608921706676483
YPL015C,YNL209W,0,-0.6687264,0.17044636607170105,0.9451097846031189,0.4609921872615814
YGL185C,YBL014C,0,-0.66890126,0.17041568458080292,0.9451097846031189,0.4610922038555145
YKL059C,YPL126W,0,-0.66897476,0.17038503289222717,0.9451097846031189,0.46119225025177
YKR029C,YDR085C,0,-0.6692029,0.17035438120365143,0.9451097846031189,0.4612922668457031
YOR227W,YHR106W,0,-0.6694033,0.17032374441623688,0.9451097846031189,0.46139228343963623
YNL134C,YNL159C,0,-0.67003816,0.17029310762882233,0.9451097846031189,0.46149230003356934
YDR322W,YPL132W,0,-0.6703028,0.17026250064373016,0.9451097846031189,0.46159231662750244
YBR133C,YMR316W,0,-0.6707525,0.170231893658638,0.9451097846031189,0.46169233322143555
YJL097W,YBR228W,0,-0.6723416,0.17020128667354584,0.9451097846031189,0.46179234981536865
YGR058W,YCR003W,0,-0.67270815,0.17017070949077606,0.9451097846031189,0.46189236640930176
YOL138C,YDR363W,0,-0.6732704,0.1701401323080063,0.9451097846031189,0.46199241280555725
YMR281W,YLL001W,0,-0.67348933,0.1701095700263977,0.9451097846031189,0.46209242939949036
YDL209C,YOR077W,0,-0.67364883,0.17007902264595032,0.9451097846031189,0.46219244599342346
YLR265C,YNL021W,0,-0.67389405,0.17004847526550293,0.9451097846031189,0.46229246258735657
YGL067W,YOR075W,0,-0.6743684,0.17001795768737793,0.9451097846031189,0.4623924791812897
YHR138C,YLR369W,0,-0.6762711,0.16998744010925293,0.9451097846031189,0.4624924957752228
YBR204C,YNR075W,0,-0.6766182,0.16995692253112793,0.9451097846031189,0.4625925123691559
YPL048W,YCR058C,0,-0.67699814,0.16992643475532532,0.9451097846031189,0.462692528963089
YGR061C,YOR383C,0,-0.6772281,0.1698959469795227,0.9451097846031189,0.4627925455570221
YCR045C,YKL109W,0,-0.67826104,0.1698654741048813,0.9451097846031189,0.4628925919532776
YFR024C,YDR536W,0,-0.6786111,0.16983500123023987,0.9451097846031189,0.4629926085472107
YMR197C,YDL180W,0,-0.6786622,0.16980455815792084,0.9451097846031189,0.4630926251411438
YBR169C,YBR214W,0,-0.6787866,0.1697741150856018,0.9451097846031189,0.4631926417350769
YBR264C,YML057W,0,-0.6788373,0.16974368691444397,0.9451097846031189,0.46329265832901
YOR039W,YGR046W,0,-0.6790441,0.16971325874328613,0.9451097846031189,0.4633926749229431
YGL061C,YHR128W,0,-0.67935574,0.1696828454732895,0.9451097846031189,0.4634926915168762
YKR095W,YOL121C,0,-0.6795269,0.16965244710445404,0.9451097846031189,0.4635927081108093
YDR430C,YKL208W,0,-0.68064064,0.16962206363677979,0.9451097846031189,0.46369272470474243
YKL200C,YBR243C,1,-0.6810942,0.16977077722549438,0.946107804775238,0.46369272470474243
YMR067C,YDL175C,0,-0.68163943,0.16974037885665894,0.946107804775238,0.4637927711009979
YNL256W,YFR032C-A,0,-0.6817953,0.16970999538898468,0.946107804775238,0.46389278769493103
YNL151C,YMR091C,0,-0.68209,0.16967961192131042,0.946107804775238,0.46399280428886414
YLR170C,YOR087W,0,-0.6823379,0.16964924335479736,0.946107804775238,0.46409282088279724
YKR096W,YBR265W,0,-0.6832849,0.1696188896894455,0.946107804775238,0.46419283747673035
YOR374W,YOR233W,0,-0.6833348,0.16958855092525482,0.946107804775238,0.46429285407066345
YOR266W,YJR033C,0,-0.6838037,0.16955821216106415,0.946107804775238,0.46439287066459656
YNL183C,YBR014C,0,-0.6841415,0.16952790319919586,0.946107804775238,0.46449288725852966
YML016C,YML066C,0,-0.6847049,0.16949757933616638,0.946107804775238,0.46459290385246277
YDR483W,YKL201C,1,-0.68531966,0.16964605450630188,0.9471057653427124,0.46459290385246277
YER007W,YKL195W,0,-0.68554205,0.1696157306432724,0.9471057653427124,0.46469295024871826
YOR369C,YFR038W,0,-0.6862334,0.1695854216814041,0.9471057653427124,0.46479296684265137
YDR244W,YBR156C,0,-0.68625563,0.16955511271953583,0.9471057653427124,0.4648929834365845
YBR154C,YOR124C,0,-0.6866392,0.16952483355998993,0.9471057653427124,0.4649930000305176
YGR090W,YKR099W,0,-0.68688583,0.16949455440044403,0.9471057653427124,0.4650930166244507
YOR059C,YGR014W,0,-0.6872453,0.16946429014205933,0.9471057653427124,0.4651930332183838
YOL058W,YOR383C,0,-0.6876131,0.16943402588367462,0.9471057653427124,0.4652930498123169
YLR131C,YPL194W,0,-0.6883014,0.1694037914276123,0.9471057653427124,0.46539306640625
YDR308C,YDL112W,0,-0.6888994,0.16937355697155,0.9471057653427124,0.4654931128025055
YDR163W,YCR003W,0,-0.68940634,0.16934332251548767,0.9471057653427124,0.4655931293964386
YPR132W,YCR037C,0,-0.68944514,0.16931311786174774,0.9471057653427124,0.4656931459903717
YMR171C,YOR347C,0,-0.6896996,0.1692829132080078,0.9471057653427124,0.4657931625843048
YCR094W,YBR279W,0,-0.690679,0.16925272345542908,0.9471057653427124,0.4658931791782379
YLR426W,YPR131C,0,-0.69194454,0.16922253370285034,0.9471057653427124,0.465993195772171
YBR146W,YDR386W,0,-0.6922489,0.169192373752594,0.9471057653427124,0.4660932123661041
YGR099W,YOR056C,0,-0.69227284,0.16916221380233765,0.9471057653427124,0.46619322896003723
YDR003W,YER170W,0,-0.6926105,0.1691320687532425,0.9471057653427124,0.46629324555397034
YNL091W,YPR082C,0,-0.69358706,0.16910192370414734,0.9471057653427124,0.46639329195022583
YDR087C,YNL024C,0,-0.6941934,0.16907179355621338,0.9471057653427124,0.46649330854415894
YMR302C,YNL154C,0,-0.6942965,0.1690416783094406,0.9471057653427124,0.46659332513809204
YAL010C,YDL207W,0,-0.69582987,0.16901157796382904,0.9471057653427124,0.46669334173202515
YMR262W,YBR127C,0,-0.69598955,0.16898147761821747,0.9471057653427124,0.46679335832595825
YPL242C,YOL144W,0,-0.6962145,0.1689513921737671,0.9471057653427124,0.46689337491989136
YJL106W,YDR485C,0,-0.69639736,0.1689213216304779,0.9471057653427124,0.46699339151382446
YOL148C,YDR481C,0,-0.69655025,0.16889126598834991,0.9471057653427124,0.46709340810775757
YDR456W,YOL068C,0,-0.6968734,0.16886121034622192,0.9471057653427124,0.4671934247016907
YMR192W,YMR302C,0,-0.69749,0.16883116960525513,0.9471057653427124,0.46729347109794617
YGR275W,YNL159C,0,-0.69753677,0.16880114376544952,0.9471057653427124,0.4673934876918793
YHR027C,YJL203W,0,-0.6981698,0.16877111792564392,0.9471057653427124,0.4674935042858124
YGL251C,YML055W,0,-0.69842815,0.1687411069869995,0.9471057653427124,0.4675935208797455
YOR384W,YLR099C,0,-0.69864345,0.1687111109495163,0.9471057653427124,0.4676935374736786
YHR186C,YMR225C,0,-0.69865,0.16868112981319427,0.9471057653427124,0.4677935540676117
YGL208W,YOR347C,0,-0.699406,0.16865114867687225,0.9471057653427124,0.4678935706615448
YDR012W,YKL049C,0,-0.6996555,0.16862118244171143,0.9471057653427124,0.4679935872554779
YCR018C,YPL162C,0,-0.70020354,0.1685912311077118,0.9471057653427124,0.468093603849411
YMR053C,YHR014W,0,-0.7005524,0.16856127977371216,0.9471057653427124,0.4681936502456665
YPL138C,YIL148W,0,-0.70060474,0.16853134334087372,0.9471057653427124,0.4682936668395996
YKR048C,YER131W,0,-0.7019433,0.16850142180919647,0.9471057653427124,0.4683936834335327
YNL280C,YGR098C,0,-0.70204884,0.16847150027751923,0.9471057653427124,0.4684937000274658
YDR057W,YDL030W,0,-0.7026061,0.16844160854816437,0.9471057653427124,0.4685937166213989
YML087C,YER091C,0,-0.7034184,0.1684117168188095,0.9471057653427124,0.46869373321533203
YIR003W,YLR083C,0,-0.70358515,0.16838182508945465,0.9471057653427124,0.46879374980926514
YPL066W,YKL039W,0,-0.70374,0.16835196316242218,0.9471057653427124,0.46889376640319824
YLR373C,YGR183C,0,-0.7045834,0.1683221012353897,0.9471057653427124,0.46899381279945374
YLR037C,YCR016W,0,-0.70578873,0.16829225420951843,0.9471057653427124,0.46909382939338684
YOR092W,YDR224C,0,-0.7071887,0.16826240718364716,0.9471057653427124,0.46919384598731995
YLR362W,YEL050C,0,-0.70739985,0.16823258996009827,0.9471057653427124,0.46929386258125305
YOR167C,YPR082C,0,-0.7102223,0.16820275783538818,0.9471057653427124,0.46939387917518616
YOR150W,YPL117C,0,-0.7103237,0.1681729555130005,0.9471057653427124,0.46949389576911926
YDL104C,YBR273C,0,-0.71082836,0.168143168091774,0.9471057653427124,0.46959391236305237
YGL040C,YHR183W,0,-0.7109667,0.16811338067054749,0.9471057653427124,0.4696939289569855
YMR226C,YDL189W,0,-0.71096724,0.16808359324932098,0.9471057653427124,0.4697939455509186
YDR541C,YGR028W,0,-0.71229535,0.16805383563041687,0.9471057653427124,0.4698939919471741
YML010W,YML013W,0,-0.7131741,0.16802407801151276,0.9471057653427124,0.4699940085411072
YDR235W,YPL158C,0,-0.7137331,0.16799433529376984,0.9471057653427124,0.4700940251350403
YBL038W,YDR382W,0,-0.71374214,0.1679646074771881,0.9471057653427124,0.4701940417289734
YDL095W,YKL201C,1,-0.7142059,0.16811184585094452,0.9481037855148315,0.4701940417289734
YPL018W,YCL016C,0,-0.7150259,0.1680820882320404,0.9481037855148315,0.4702940583229065
YPR186C,YER007C-A,0,-0.71529245,0.16805236041545868,0.9481037855148315,0.4703940749168396
YLL013C,YKL005C,0,-0.71579194,0.16802263259887695,0.9481037855148315,0.4704940915107727
YOR246C,YLR178C,0,-0.715899,0.16799291968345642,0.9481037855148315,0.4705941081047058
YMR226C,YOL128C,0,-0.7161697,0.16796322166919708,0.9481037855148315,0.4706941246986389
YER157W,YER014W,0,-0.7163501,0.16793353855609894,0.9481037855148315,0.4707941710948944
YOR088W,YDL098C,0,-0.71655154,0.1679038554430008,0.9481037855148315,0.4708941876888275
YJL115W,YGL065C,0,-0.71721494,0.16787418723106384,0.9481037855148315,0.4709942042827606
YIL144W,YPL158C,0,-0.71936274,0.1678445190191269,0.9481037855148315,0.4710942208766937
YKL058W,YDL100C,0,-0.719754,0.16781488060951233,0.9481037855148315,0.47119423747062683
YBR070C,YML114C,0,-0.7199531,0.16778524219989777,0.9481037855148315,0.47129425406455994
YMR053C,YOR035C,0,-0.7200155,0.1677556037902832,0.9481037855148315,0.47139427065849304
YLR006C,YOR234C,0,-0.7200589,0.16772599518299103,0.9481037855148315,0.47149428725242615
YHL017W,YLR297W,0,-0.72079587,0.16769638657569885,0.9481037855148315,0.47159433364868164
YGL206C,YOR258W,0,-0.72085726,0.16766677796840668,0.9481037855148315,0.47169435024261475
YLR442C,YDR073W,0,-0.72144073,0.1676371991634369,0.9481037855148315,0.47179436683654785
YGR104C,YGL092W,0,-0.7223999,0.1676076203584671,0.9481037855148315,0.47189438343048096
YJL186W,YLL057C,0,-0.7224381,0.1675780564546585,0.9481037855148315,0.47199440002441406
YMR056C,YLR308W,0,-0.72262514,0.1675485074520111,0.9481037855148315,0.47209441661834717
YDR206W,YOR373W,0,-0.72311354,0.1675189584493637,0.9481037855148315,0.4721944332122803
YGL013C,YIL112W,0,-0.72473884,0.1674894243478775,0.9481037855148315,0.4722944498062134
YPL258C,YGL023C,0,-0.7247671,0.1674599051475525,0.9481037855148315,0.4723944664001465
YLR215C,YER120W,0,-0.7247741,0.16743038594722748,0.9481037855148315,0.472494512796402
YKL178C,YCR068W,0,-0.7256518,0.16740088164806366,0.9481037855148315,0.4725945293903351
YBR237W,YPL100W,0,-0.7258632,0.16737139225006104,0.9481037855148315,0.4726945459842682
YIL160C,YAL030W,0,-0.7259554,0.1673419028520584,0.9481037855148315,0.4727945625782013
YGL156W,YDR080W,0,-0.72793126,0.16731242835521698,0.9481037855148315,0.4728945791721344
YDR047W,YOL148C,0,-0.72827667,0.16728296875953674,0.9481037855148315,0.4729945957660675
YOR132W,YDR126W,0,-0.72853136,0.1672535240650177,0.9481037855148315,0.4730946123600006
YBR131W,YDL012C,0,-0.7287144,0.16722407937049866,0.9481037855148315,0.4731946289539337
YPR009W,YKL056C,0,-0.7308975,0.1671946495771408,0.9481037855148315,0.4732946455478668
YDR156W,YNL137C,0,-0.731167,0.16716523468494415,0.9481037855148315,0.4733946919441223
YNL099C,YMR264W,0,-0.73129827,0.1671358197927475,0.9481037855148315,0.4734947085380554
YNL124W,YJL069C,0,-0.731737,0.16710641980171204,0.9481037855148315,0.4735947251319885
YPL172C,YLR377C,0,-0.7325505,0.16707703471183777,0.9481037855148315,0.47369474172592163
YKL173W,YJL098W,0,-0.732614,0.1670476496219635,0.9481037855148315,0.47379475831985474
YFR008W,YGR040W,0,-0.7327083,0.16701827943325043,0.9481037855148315,0.47389477491378784
YHR117W,YER176W,0,-0.73519593,0.16698892414569855,0.9481037855148315,0.47399479150772095
YGR071C,YBR244W,0,-0.73671186,0.16695958375930786,0.9481037855148315,0.47409480810165405
YJR014W,YBR244W,0,-0.7368511,0.16693024337291718,0.9481037855148315,0.47419482469558716
YKR080W,YBR100W,0,-0.7369976,0.16690091788768768,0.9481037855148315,0.47429487109184265
YOL144W,YDR237W,0,-0.73719984,0.1668715924024582,0.9481037855148315,0.47439488768577576
YKL194C,YGR076C,0,-0.7377813,0.1668422967195511,0.9481037855148315,0.47449490427970886
YDL130W-A,YLR006C,0,-0.7384544,0.16681300103664398,0.9481037855148315,0.47459492087364197
YNL055C,YDR342C,0,-0.73884743,0.16678370535373688,0.9481037855148315,0.4746949374675751
YOL140W,YOR391C,0,-0.73912305,0.16675443947315216,0.9481037855148315,0.4747949540615082
YOR252W,YAL032C,0,-0.7394521,0.16672517359256744,0.9481037855148315,0.4748949706554413
YBL005W-A,YOR328W,0,-0.739455,0.16669590771198273,0.9481037855148315,0.4749949872493744
YER086W,YOR033C,0,-0.7398052,0.1666666716337204,0.9481037855148315,0.4750950336456299
YOR271C,YDR179C,0,-0.74027365,0.16663743555545807,0.9481037855148315,0.475195050239563
YGL006W,YCR105W,0,-0.7411618,0.16660821437835693,0.9481037855148315,0.4752950668334961
YBR188C,YLR262C,0,-0.7418761,0.1665789932012558,0.9481037855148315,0.4753950834274292
YCR047C,YDR210W,0,-0.74210155,0.16654978692531586,0.9481037855148315,0.4754951000213623
YJL050W,YPR055W,0,-0.7422545,0.1665205955505371,0.9481037855148315,0.4755951166152954
YDR421W,YER023W,0,-0.74363375,0.16649141907691956,0.9481037855148315,0.4756951332092285
YLR265C,YHR118C,0,-0.74380314,0.166462242603302,0.9481037855148315,0.4757951498031616
YKL065C,YML033W,0,-0.7440511,0.16643308103084564,0.9481037855148315,0.4758951663970947
YPL168W,YMR243C,0,-0.7440772,0.16640391945838928,0.9481037855148315,0.4759952127933502
YGL067W,YDL139C,0,-0.7448303,0.1663747876882553,0.9481037855148315,0.4760952293872833
YDL103C,YBL082C,0,-0.74563384,0.16634565591812134,0.9481037855148315,0.47619524598121643
YKL077W,YJL153C,0,-0.747142,0.16631652414798737,0.9481037855148315,0.47629526257514954
YKL088W,YKR095W-A,0,-0.7474316,0.1662874072790146,0.9481037855148315,0.47639527916908264
YIL162W,YHL015W,0,-0.74748456,0.1662583202123642,0.9481037855148315,0.47649529576301575
YDR086C,YKR077W,0,-0.7475402,0.1662292182445526,0.9481037855148315,0.47659531235694885
YHR031C,YLR019W,0,-0.7475843,0.16620014607906342,0.9481037855148315,0.47669532895088196
YPL115C,YGR161C-D,0,-0.74806976,0.16617107391357422,0.9481037855148315,0.47679534554481506
YDR261C-C,YDR284C,0,-0.7480887,0.16614200174808502,0.9481037855148315,0.47689539194107056
YKR013W,YDR210W-B,0,-0.7481648,0.1661129593849182,0.9481037855148315,0.47699540853500366
YGR161C-C,YDL130W,0,-0.7482388,0.1660839170217514,0.9481037855148315,0.47709542512893677
YJL089W,YCR107W,0,-0.74824333,0.1660548895597458,0.9481037855148315,0.4771954417228699
YHR214C-C,YBR161W,0,-0.7486697,0.16602586209774017,0.9481037855148315,0.477295458316803
YCR058C,YKL167C,0,-0.7487074,0.16599684953689575,0.9481037855148315,0.4773954749107361
YOL116W,YNL284C-B,0,-0.74873745,0.16596785187721252,0.9481037855148315,0.4774954915046692
YBR105C,YML018C,0,-0.74879456,0.1659388691186905,0.9481037855148315,0.4775955080986023
YOL133W,YDR365W-B,0,-0.7489431,0.16590988636016846,0.9481037855148315,0.4776955246925354
YDR534C,YPR158C-D,0,-0.7490481,0.16588091850280762,0.9481037855148315,0.4777955710887909
YPL060C-A,YML115C,0,-0.7491319,0.16585195064544678,0.9481037855148315,0.477895587682724
YMR055C,YKL196C,0,-0.7492094,0.16582301259040833,0.9481037855148315,0.4779956042766571
YDR201W,YJR015W,0,-0.74959964,0.16579405963420868,0.9481037855148315,0.4780956208705902
YDR495C,YGR038C-A,0,-0.7497354,0.16576513648033142,0.9481037855148315,0.4781956374645233
YOL113W,YBR167C,0,-0.75052404,0.16573621332645416,0.9481037855148315,0.4782956540584564
YAL043C,YCR037C,0,-0.7505598,0.1657073050737381,0.9481037855148315,0.4783956706523895
YGL043W,YNL054W-B,0,-0.7506784,0.16567841172218323,0.9481037855148315,0.47849568724632263
YDL243C,YPR141C,0,-0.75141114,0.16564951837062836,0.9481037855148315,0.4785957336425781
YNR020C,YPL249C,0,-0.7514965,0.16562063992023468,0.9481037855148315,0.47869575023651123
YDR210W-A,YGR098C,0,-0.7515687,0.1655917763710022,0.9481037855148315,0.47879576683044434
YGR295C,YOL086W-A,0,-0.7515986,0.16556291282176971,0.9481037855148315,0.47889578342437744
YMR162C,YPR042C,0,-0.75164706,0.16553406417369843,0.9481037855148315,0.47899580001831055
YPR158W-B,YDR054C,0,-0.75167453,0.16550523042678833,0.9481037855148315,0.47909581661224365
YDR034C-C,YML045W,0,-0.75184435,0.16547639667987823,0.9481037855148315,0.47919583320617676
YNR036C,YPL040C,0,-0.7519183,0.16544757783412933,0.9481037855148315,0.47929584980010986
YDL160C,YIL154C,0,-0.7520203,0.16541877388954163,0.9481037855148315,0.47939586639404297
YLR426W,YLL023C,0,-0.7523316,0.16538996994495392,0.9481037855148315,0.47949591279029846
YCR105W,YNL272C,0,-0.75244325,0.1653611809015274,0.9481037855148315,0.47959592938423157
YKL188C,YOR192C-B,0,-0.7528982,0.16533240675926208,0.9481037855148315,0.4796959459781647
YBR188C,YMR205C,0,-0.7530212,0.16530363261699677,0.9481037855148315,0.4797959625720978
YIL127C,YBL008W-A,0,-0.7530284,0.16527487337589264,0.9481037855148315,0.4798959791660309
YMR318C,YBL008W-A,0,-0.7530284,0.1652461290359497,0.9481037855148315,0.479995995759964
YHL026C,YDL134C-A,0,-0.7530284,0.16521738469600677,0.9481037855148315,0.4800960123538971
YAR066W,YCL048W-A,0,-0.7530284,0.16518867015838623,0.9481037855148315,0.4801960289478302
YFL061W,YOR343C-A,0,-0.7530284,0.1651599407196045,0.9481037855148315,0.4802960455417633
YBR200W-A,YGL086W,0,-0.7530284,0.16513124108314514,0.9481037855148315,0.4803960919380188
YJL051W,YBR200W-A,0,-0.7530284,0.1651025414466858,0.9481037855148315,0.4804961085319519
YCL069W,YGL258W-A,0,-0.7530284,0.16507384181022644,0.9481037855148315,0.480596125125885
YNL312W,YBL008W-A,0,-0.7530284,0.16504517197608948,0.9481037855148315,0.4806961417198181
YDR365W-A,YBR200W-A,0,-0.7530284,0.16501650214195251,0.9481037855148315,0.4807961583137512
YDR210W-D,YGL097W,0,-0.7530284,0.16498784720897675,0.9481037855148315,0.4808961749076843
YOR343C-B,YDL235C,0,-0.7530284,0.16495919227600098,0.9481037855148315,0.48099619150161743
YMR220W,YDR210W-D,0,-0.7530284,0.1649305522441864,0.9481037855148315,0.48109620809555054
YOR240W,YOR131C,0,-0.7530284,0.16490192711353302,0.9481037855148315,0.48119622468948364
YDR178W,YDR210W-C,0,-0.7530284,0.16487330198287964,0.9481037855148315,0.48129627108573914
YBL101W-A,YFR006W,0,-0.7530284,0.16484469175338745,0.9481037855148315,0.48139628767967224
YBR200W-A,YLR093C,0,-0.7530284,0.16481609642505646,0.9481037855148315,0.48149630427360535
YKR095W-A,YGR038C-A,0,-0.7530284,0.16478751599788666,0.9481037855148315,0.48159632086753845
YLR157C-A,YDL236W,0,-0.7530284,0.16475893557071686,0.9481037855148315,0.48169633746147156
YNL024C-A,YLR150W,0,-0.7530284,0.16473035514354706,0.9481037855148315,0.48179635405540466
YBL101W-A,YPL232W,0,-0.7530284,0.16470180451869965,0.9481037855148315,0.48189637064933777
YDR210W-D,YPL100W,0,-0.7530284,0.16467325389385223,0.9481037855148315,0.4819963872432709
YPL271W,YDR524C-B,0,-0.7530284,0.16464471817016602,0.9481037855148315,0.48209643363952637
YBL101W-A,YHR065C,0,-0.7530284,0.1646161824464798,0.9481037855148315,0.4821964502334595
YMR139W,YAR070W-A,0,-0.7530284,0.16458766162395477,0.9481037855148315,0.4822964668273926
YGR038C-B,YLL016W,0,-0.7530284,0.16455915570259094,0.9481037855148315,0.4823964834213257
YHL009W-A,YIR035C,0,-0.7530284,0.1645306497812271,0.9481037855148315,0.4824965000152588
YBR200W-A,YBR208C,0,-0.7530284,0.16450215876102448,0.9481037855148315,0.4825965166091919
YDR524C-B,YLR067C,0,-0.7530284,0.16447368264198303,0.9481037855148315,0.482696533203125
YER053C-A,YDR483W,0,-0.7530284,0.1644452065229416,0.9481037855148315,0.4827965497970581
YDR134C,YOR396W,0,-0.7530284,0.16441676020622253,0.9481037855148315,0.4828965663909912
YBR146W,YAR070W-A,0,-0.7530284,0.16438829898834229,0.9481037855148315,0.4829966127872467
YIL168W,YJL021C,0,-0.7530284,0.16435986757278442,0.9481037855148315,0.4830966293811798
YHL025W,YLR157C-A,0,-0.7530284,0.16433143615722656,0.9481037855148315,0.4831966459751129
YDR206W,YDR365W-B,0,-0.7530284,0.1643030047416687,0.9481037855148315,0.483296662569046
YNL024C-A,YPL103C,0,-0.7530284,0.16427460312843323,0.9481037855148315,0.4833966791629791
YER053C-A,YKR059W,0,-0.7530284,0.16424620151519775,0.9481037855148315,0.48349669575691223
YGL126W,YGL258W-A,0,-0.7530284,0.16421779990196228,0.9481037855148315,0.48359671235084534
YDR210W-D,YLR382C,0,-0.7530284,0.1641894280910492,0.9481037855148315,0.48369672894477844
YCR020C,YBR200W-A,0,-0.7530284,0.1641610562801361,0.9481037855148315,0.48379674553871155
YBR200W-A,YLR399C,0,-0.7530284,0.16413268446922302,0.9481037855148315,0.48389679193496704
YDR420W,YGL258W-A,0,-0.7530284,0.16410434246063232,0.9481037855148315,0.48399680852890015
YMR063W,YCL048W-A,0,-0.7530284,0.16407600045204163,0.9481037855148315,0.48409682512283325
YJR110W,YNL054W-B,0,-0.7530284,0.16404765844345093,0.9481037855148315,0.48419684171676636
YMR244C-A,YGL210W-A,0,-0.7530284,0.16401933133602142,0.9481037855148315,0.48429685831069946
YJL133W,YCL048W-A,0,-0.7530284,0.1639910191297531,0.9481037855148315,0.48439687490463257
YHL009W-A,YML121W,0,-0.7530284,0.163962721824646,0.9481037855148315,0.4844968914985657
YLR188W,YDR210W-C,0,-0.7530284,0.16393442451953888,0.9481037855148315,0.4845969080924988
YDR313C,YHL009W-A,0,-0.7530284,0.16390614211559296,0.9481037855148315,0.4846969246864319
YOL133W,YJL133C-A,0,-0.7530284,0.16387787461280823,0.9481037855148315,0.4847969710826874
YDR481C,YHR214W-G,0,-0.7530284,0.1638496071100235,0.9481037855148315,0.4848969876766205
YHL009W-A,YBL040C,0,-0.7530284,0.16382135450839996,0.9481037855148315,0.4849970042705536
YHR098C,YLR157C-A,0,-0.7530284,0.16379310190677643,0.9481037855148315,0.4850970208644867
YOR343C-B,YGR046W,0,-0.7530284,0.1637648642063141,0.9481037855148315,0.4851970374584198
YLR418C,YJL133C-A,0,-0.7530284,0.16373664140701294,0.9481037855148315,0.4852970540523529
YDL181W,YBL101W-A,0,-0.7530284,0.16370843350887299,0.9481037855148315,0.485397070646286
YOR343C-B,YMR037C,0,-0.7530284,0.16368022561073303,0.9481037855148315,0.4854970872402191
YBR199W,YOR343C-B,0,-0.7530284,0.16365201771259308,0.9481037855148315,0.4855971336364746
YML077W,YHR214W-G,0,-0.7530284,0.1636238396167755,0.9481037855148315,0.4856971502304077
YER119C,YGL258W-A,0,-0.7530284,0.16359566152095795,0.9481037855148315,0.4857971668243408
YOR060C,YAR070W-A,0,-0.7530284,0.16356749832630157,0.9481037855148315,0.4858971834182739
YDR016C,YOR343C-A,0,-0.7530284,0.1635393351316452,0.9481037855148315,0.48599720001220703
YCL019W,YDR079C-A,0,-0.7530284,0.16351118683815002,0.9481037855148315,0.48609721660614014
YER159C-A,YGR272C,0,-0.7530284,0.16348305344581604,0.9481037855148315,0.48619723320007324
YER159C-A,YDR208W,0,-0.7530284,0.16345492005348206,0.9481037855148315,0.48629724979400635
YFR024C,YHL026C,0,-0.7530284,0.16342680156230927,0.9481037855148315,0.48639726638793945
YIR003W,YHL009W-A,0,-0.7530284,0.16339869797229767,0.9481037855148315,0.48649731278419495
YML009C,YOR343C-A,0,-0.7530284,0.16337059438228607,0.9481037855148315,0.48659732937812805
YDR524C-B,YFR034C,0,-0.7530284,0.16334250569343567,0.9481037855148315,0.48669734597206116
YML081W,YAR070W-A,0,-0.7530284,0.16331441700458527,0.9481037855148315,0.48679736256599426
YJL035C,YBR200W-A,0,-0.7530284,0.16328635811805725,0.9481037855148315,0.48689737915992737
YMR177W,YDR210W-C,0,-0.7530284,0.16325829923152924,0.9481037855148315,0.4869973957538605
YDR214W,YOR343C-A,0,-0.7530284,0.16323024034500122,0.9481037855148315,0.4870974123477936
YDR210W-C,YEL061C,0,-0.7530284,0.1632021963596344,0.9481037855148315,0.4871974289417267
YKR078W,YER108C,0,-0.7530284,0.16317416727542877,0.9481037855148315,0.4872974455356598
YDR162C,YCL048W-A,0,-0.7530284,0.16314613819122314,0.9481037855148315,0.4873974919319153
YOR244W,YBL008W-A,0,-0.7530284,0.1631181389093399,0.9481037855148315,0.4874975085258484
YCR071C,YDR210W-C,0,-0.7530284,0.16309012472629547,0.9481037855148315,0.4875975251197815
YFL035C-A,YGR027W-B,0,-0.7530284,0.16306214034557343,0.9481037855148315,0.4876975417137146
YDL239C,YHL009W-A,0,-0.7530284,0.16303415596485138,0.9481037855148315,0.4877975583076477
YLR157C-A,YFL031W,0,-0.7530284,0.16300617158412933,0.9481037855148315,0.4878975749015808
YNL321W,YOR343C-A,0,-0.7530284,0.16297821700572968,0.9481037855148315,0.4879975914955139
YHL009W-A,YNL242W,0,-0.7530284,0.16295026242733002,0.9481037855148315,0.488097608089447
YER053C-A,YOR181W,0,-0.7530284,0.16292230784893036,0.9481037855148315,0.4881976246833801
YGL095C,YHR214W-G,0,-0.7530284,0.1628943830728531,0.9481037855148315,0.4882976710796356
YPR103W,YBR200W-A,0,-0.7530284,0.16286644339561462,0.9481037855148315,0.4883976876735687
YNL024C-A,YLR449W,0,-0.7530284,0.16283853352069855,0.9481037855148315,0.48849770426750183
YHR033W,YDR524C-B,0,-0.7530284,0.16281062364578247,0.9481037855148315,0.48859772086143494
YCL048W-A,YGL171W,0,-0.7530284,0.1627827286720276,0.9481037855148315,0.48869773745536804
YHR114W,YOR343C-B,0,-0.7530284,0.1627548336982727,0.9481037855148315,0.48879775404930115
YOR094W,YGL258W-A,0,-0.7530284,0.1627269685268402,0.9481037855148315,0.48889777064323425
YDR524C-B,YGL245W,0,-0.7530284,0.16269908845424652,0.9481037855148315,0.48899778723716736
YER053C-A,YER041W,0,-0.7530284,0.16267123818397522,0.9481037855148315,0.48909783363342285
YHL028W,YER053C-A,0,-0.7530284,0.16264338791370392,0.9481037855148315,0.48919785022735596
YNL024C-A,YDR071C,0,-0.7530284,0.16261553764343262,0.9481037855148315,0.48929786682128906
YHL009W-A,YER179W,0,-0.7530284,0.1625877171754837,0.9481037855148315,0.48939788341522217
YNL024C-A,YDL141W,0,-0.7530284,0.1625598967075348,0.9481037855148315,0.4894979000091553
YGR060W,YJL133C-A,0,-0.7530284,0.16253207623958588,0.9481037855148315,0.4895979166030884
YDL093W,YBL008W-A,0,-0.7530284,0.16250427067279816,0.9481037855148315,0.4896979331970215
YCR058C,YEL077C,0,-0.7530284,0.16247648000717163,0.9481037855148315,0.4897979497909546
YKL137W,YBL008W-A,0,-0.7530284,0.1624487042427063,0.9481037855148315,0.4898979663848877
YPR003C,YOR396W,0,-0.7530284,0.16242092847824097,0.9481037855148315,0.4899980127811432
YGR035C,YFL018W-A,0,-0.7530284,0.16239316761493683,0.9481037855148315,0.4900980293750763
YOR343C-B,YBL035C,0,-0.7530284,0.1623654067516327,0.9481037855148315,0.4901980459690094
YDR261C-C,YLR013W,0,-0.7530284,0.16233766078948975,0.9481037855148315,0.4902980625629425
YJL157C,YCL048W-A,0,-0.7530284,0.162309929728508,0.9481037855148315,0.4903980791568756
YFL056C,YJL133C-A,0,-0.7530284,0.16228219866752625,0.9481037855148315,0.4904980957508087
YGR061C,YLR227W-A,0,-0.7530284,0.1622544825077057,0.9481037855148315,0.4905981123447418
YFL003C,YNL054W-A,0,-0.7530284,0.16222678124904633,0.9481037855148315,0.4906981289386749
YBR200W-A,YDL092W,0,-0.7530284,0.16219907999038696,0.9481037855148315,0.49079814553260803
YFR007W,YBR200W-A,0,-0.7530284,0.1621713936328888,0.9481037855148315,0.4908981919288635
YHR202W,YLR154W-C,0,-0.7530284,0.16214370727539062,0.9481037855148315,0.49099820852279663
YBL008W-A,YCL057C-A,0,-0.7530284,0.16211603581905365,0.9481037855148315,0.49109822511672974
YLR157C-A,YDR056C,0,-0.7530284,0.16208837926387787,0.9481037855148315,0.49119824171066284
YPL283C,YHR214W-G,0,-0.7530284,0.1620607227087021,0.9481037855148315,0.49129825830459595
YAR070W-A,YPR082C,0,-0.7530284,0.1620330959558487,0.9481037855148315,0.49139827489852905
YDR098C-B,YLR410W,0,-0.7530762,0.1620054543018341,0.9481037855148315,0.49149829149246216
YBL064C,YML001W,0,-0.75340253,0.1619778275489807,0.9481037855148315,0.49159830808639526
YDR098C-A,YOR348C,0,-0.7535801,0.1619502156972885,0.9481037855148315,0.49169835448265076
YPR158W-A,YMR048W,0,-0.7537118,0.1619226187467575,0.9481037855148315,0.49179837107658386
YBR119W,YDR080W,0,-0.75380886,0.1618950217962265,0.9481037855148315,0.49189838767051697
YLR288C,YDR316W-B,0,-0.75504285,0.1618674397468567,0.9481037855148315,0.4919984042644501
YKL179C,YJR097W,0,-0.7553221,0.16183985769748688,0.9481037855148315,0.4920984208583832
YGL049C,YPR158W-B,0,-0.7555639,0.16181229054927826,0.9481037855148315,0.4921984374523163
YPR158C-D,YML011C,0,-0.7564024,0.16178473830223083,0.9481037855148315,0.4922984540462494
YKL200C,YBR205W,1,-0.7571585,0.1619274616241455,0.9491018056869507,0.4922984540462494
YPR158W-A,YBL022C,0,-0.7576096,0.1618998944759369,0.9491018056869507,0.4923984706401825
YOR254C,YLR421C,0,-0.7576284,0.16187234222888947,0.9491018056869507,0.4924984872341156
YBR049C,YDR316W-B,0,-0.75846946,0.16184478998184204,0.9491018056869507,0.4925985336303711
YLR188W,YDR163W,0,-0.7586072,0.1618172526359558,0.9491018056869507,0.4926985502243042
YGR099W,YBL007C,0,-0.7591133,0.16178973019123077,0.9491018056869507,0.4927985668182373
YBL025W,YNL176C,0,-0.7592934,0.16176220774650574,0.9491018056869507,0.4928985834121704
YOR081C,YJR064W,0,-0.7593721,0.1617347002029419,0.9491018056869507,0.4929986000061035
YGR161C,YPL271W,0,-0.7596947,0.16170719265937805,0.9491018056869507,0.4930986166000366
YGL229C,YEL047C,0,-0.75980854,0.1616797000169754,0.9491018056869507,0.4931986331939697
YFL052W,YBR003W,0,-0.7600088,0.16165222227573395,0.9491018056869507,0.49329864978790283
YNL030W,YPL158C,0,-0.7601258,0.1616247445344925,0.9491018056869507,0.49339866638183594
YMR164C,YLR167W,0,-0.7606862,0.16159728169441223,0.9491018056869507,0.49349871277809143
YGR027W-A,YPL173W,0,-0.7610574,0.16156983375549316,0.9491018056869507,0.49359872937202454
YKR014C,YPL084W,0,-0.76147854,0.1615423858165741,0.9491018056869507,0.49369874596595764
YOR010C,YPL138C,0,-0.76169175,0.16151495277881622,0.9491018056869507,0.49379876255989075
YLR121C,YJR044C,0,-0.7618289,0.16148751974105835,0.9491018056869507,0.49389877915382385
YLR085C,YDR210W-A,0,-0.7619649,0.16146010160446167,0.9491018056869507,0.49399879574775696
YAL026C,YER033C,0,-0.7620207,0.16143269836902618,0.9491018056869507,0.49409881234169006
YKL200C,YMR149W,1,-0.76219267,0.16157501935958862,0.9500998258590698,0.49409881234169006
YPL036W,YIL017C,0,-0.76248777,0.16154760122299194,0.9500998258590698,0.49419882893562317
YDR365W-B,YOR036W,0,-0.7632006,0.16152018308639526,0.9500998258590698,0.4942988455295563
YGR240C,YOR192C-B,0,-0.76343715,0.16149279475212097,0.9500998258590698,0.49439889192581177
YKR046C,YGL022W,0,-0.763742,0.16146540641784668,0.9500998258590698,0.4944989085197449
YNL054W-A,YPL175W,0,-0.7638794,0.1614380180835724,0.9500998258590698,0.494598925113678
YBR056W,YIR036C,0,-0.7640741,0.1614106446504593,0.9500998258590698,0.4946989417076111
YOL033W,YPR063C,0,-0.7641485,0.16138328611850739,0.9500998258590698,0.4947989583015442
YJR093C,YBR244W,0,-0.7642629,0.16135592758655548,0.9500998258590698,0.4948989748954773
YDL064W,YHR092C,0,-0.76455915,0.16132858395576477,0.9500998258590698,0.4949989914894104
YDR468C,YDR316W-B,0,-0.76479375,0.16130125522613525,0.9500998258590698,0.4950990080833435
YKR046C,YPL265W,0,-0.7651833,0.16127392649650574,0.9500998258590698,0.495199054479599
YPL153C,YCL027C-A,0,-0.7653674,0.16124661266803741,0.9500998258590698,0.4952990710735321
YDR210W-A,YDL190C,0,-0.7657246,0.1612192988395691,0.9500998258590698,0.4953990876674652
YLR373C,YOL154W,0,-0.76651406,0.16119201481342316,0.9500998258590698,0.4954991042613983
YMR004W,YIL068C,0,-0.7668177,0.16116471588611603,0.9500998258590698,0.4955991208553314
YGR013W,YPL211W,0,-0.7668713,0.1611374467611313,0.9500998258590698,0.4956991374492645
YGR027W-A,YMR166C,0,-0.7671966,0.16111017763614655,0.9500998258590698,0.49579915404319763
YHR033W,YOL077W-A,0,-0.7675973,0.1610829085111618,0.9500998258590698,0.49589917063713074
YBR253W,YDR316W-A,0,-0.76861566,0.16105565428733826,0.9500998258590698,0.49599918723106384
YGL238W,YGR292W,0,-0.7686633,0.1610284149646759,0.9500998258590698,0.49609923362731934
YDR098C-B,YMR264W,0,-0.7686841,0.16100119054317474,0.9500998258590698,0.49619925022125244
YIL127C,YOR192C-B,0,-0.7687011,0.16097396612167358,0.9500998258590698,0.49629926681518555
YDR210W-A,YPR056W,0,-0.769484,0.16094674170017242,0.9500998258590698,0.49639928340911865
YPR056W,YEL050C,0,-0.7695429,0.16091954708099365,0.9500998258590698,0.49649930000305176
YNL049C,YGL178W,0,-0.7700727,0.1608923375606537,0.9500998258590698,0.49659931659698486
YDR210W-A,YLR126C,0,-0.7704818,0.1608651578426361,0.9500998258590698,0.49669933319091797
YGR038C-B,YDR522C,0,-0.7707205,0.16083797812461853,0.9500998258590698,0.4967993497848511
YPR028W,YKL178C,0,-0.7715262,0.16081081330776215,0.9500998258590698,0.4968993663787842
YJL183W,YGR009C,0,-0.7715807,0.16078364849090576,0.9500998258590698,0.4969994127750397
YCR042C,YIL037C,0,-0.77162397,0.16075649857521057,0.9500998258590698,0.4970994293689728
YNL049C,YHR170W,0,-0.77184486,0.16072936356067657,0.9500998258590698,0.4971994459629059
YMR026C,YJR126C,0,-0.7718507,0.16070222854614258,0.9500998258590698,0.497299462556839
YJL026W,YPR052C,0,-0.7719201,0.16067510843276978,0.9500998258590698,0.4973994791507721
YGR027W-B,YLR064W,0,-0.7726299,0.16064798831939697,0.9500998258590698,0.4974994957447052
YGL219C,YJR058C,0,-0.77293813,0.16062088310718536,0.9500998258590698,0.4975995123386383
YNL339C,YGR211W,0,-0.7730323,0.16059379279613495,0.9500998258590698,0.4976995289325714
YKL199C,YBR009C,0,-0.7730688,0.16056670248508453,0.9500998258590698,0.4977995455265045
YPL089C,YMR015C,0,-0.7736186,0.1605396270751953,0.9500998258590698,0.49789959192276
YGR174C,YBL050W,0,-0.7745639,0.16051256656646729,0.9500998258590698,0.4979996085166931
YBL067C,YDR210W-A,0,-0.7747861,0.16048550605773926,0.9500998258590698,0.4980996251106262
YLR393W,YOR343W-A,0,-0.7748601,0.16045844554901123,0.9500998258590698,0.4981996417045593
YDR155C,YER012W,0,-0.7752406,0.1604314148426056,0.9500998258590698,0.49829965829849243
YNL293W,YPL005W,0,-0.77553266,0.16040438413619995,0.9500998258590698,0.49839967489242554
YKL089W,YJR033C,0,-0.7756132,0.1603773534297943,0.9500998258590698,0.49849969148635864
YDR098C-A,YDL127W,0,-0.775805,0.16035035252571106,0.9500998258590698,0.49859970808029175
YCR102C,YGL064C,0,-0.7758057,0.1603233367204666,0.9500998258590698,0.49869975447654724
YOR018W,YBL103C,0,-0.7759517,0.16029635071754456,0.9500998258590698,0.49879977107048035
YBR288C,YDR322C-A,0,-0.7768773,0.1602693647146225,0.9500998258590698,0.49889978766441345
YBL010C,YPR199C,0,-0.7769332,0.16024237871170044,0.9500998258590698,0.49899980425834656
YPL210C,YGR027W-B,0,-0.7770146,0.16021542251110077,0.9500998258590698,0.49909982085227966
YLR059C,YCL011C,0,-0.7771409,0.1601884514093399,0.9500998258590698,0.49919983744621277
YIL156W,YEL001C,0,-0.77780366,0.16016151010990143,0.9500998258590698,0.4992998540401459
YOR136W,YPL096C-A,0,-0.77790076,0.16013456881046295,0.9500998258590698,0.499399870634079
YDR261W-B,YHL031C,0,-0.7784405,0.16010764241218567,0.9500998258590698,0.4994998872280121
YDR303C,YOR057W,0,-0.7790934,0.1600807160139084,0.9500998258590698,0.4995999336242676
YNL054W-A,YML042W,0,-0.779107,0.1600538045167923,0.9500998258590698,0.4996999502182007
YML023C,YMR088C,0,-0.77994525,0.1600268930196762,0.9500998258590698,0.4997999668121338
YGR227W,YLR176C,0,-0.7806282,0.1599999964237213,0.9500998258590698,0.4998999834060669
YDL211C,YGR166W,0,-0.7810184,0.1599731147289276,0.9500998258590698,0.5
YML012W,YPL096C-A,0,-0.7811661,0.1599462330341339,0.9500998258590698,0.5001000165939331
YLR132C,YOR343W-A,0,-0.7813444,0.1599193662405014,0.9500998258590698,0.5002000331878662
YCR071C,YBL060W,0,-0.7815317,0.1598925143480301,0.9500998258590698,0.5003000497817993
YOR264W,YMR235C,0,-0.7815498,0.15986566245555878,0.9500998258590698,0.5004000663757324
YGR038C-A,YCL020W,0,-0.7816665,0.15983881056308746,0.9500998258590698,0.5005000829696655
YDR080W,YCR039C,0,-0.7818543,0.15981198847293854,0.9500998258590698,0.5006000995635986
YNL229C,YLL001W,0,-0.78191125,0.1597851663827896,0.9500998258590698,0.5007001161575317
YMR053C,YMR278W,0,-0.78271097,0.15975834429264069,0.9500998258590698,0.5008001327514648
YPR071W,YOL103W-A,0,-0.7828219,0.15973153710365295,0.9500998258590698,0.5009002089500427
YPL242C,YPL257W-A,0,-0.78288674,0.15970474481582642,0.9500998258590698,0.5010002255439758
YHR184W,YIR036C,0,-0.7829034,0.15967796742916107,0.9500998258590698,0.5011002421379089
YGR161C-D,YBL017C,0,-0.7830084,0.15965117514133453,0.9500998258590698,0.501200258731842
YGR037C,YGR161C-C,0,-0.78303003,0.15962441265583038,0.9500998258590698,0.5013002753257751
YJR075W,YDR261C-C,0,-0.7831606,0.15959765017032623,0.9500998258590698,0.5014002919197083
YMR021C,YOR058C,0,-0.78391767,0.15957090258598328,0.9500998258590698,0.5015003085136414
YBL022C,YLR234W,0,-0.7844837,0.15954415500164032,0.9500998258590698,0.5016003251075745
YDR098C-A,YDR073W,0,-0.78463316,0.15951742231845856,0.9500998258590698,0.5017003417015076
YDR219C,YPL096C-A,0,-0.7849384,0.159490704536438,0.9500998258590698,0.5018003582954407
YHR018C,YAL062W,0,-0.7866942,0.15946398675441742,0.9500998258590698,0.5019003748893738
YIL026C,YLR432W,0,-0.7873335,0.15943728387355804,0.9500998258590698,0.5020003914833069
YNR022C,YKL039W,0,-0.7888745,0.15941058099269867,0.9500998258590698,0.50210040807724
YNL054W-A,YJL094C,0,-0.78898215,0.1593838930130005,0.9500998258590698,0.5022004246711731
YLL018C,YGL070C,0,-0.78943586,0.1593572199344635,0.9500998258590698,0.5023004412651062
YPL069C,YOR358W,0,-0.79002535,0.1593305468559265,0.9500998258590698,0.5024004578590393
YDR365W-B,YPL160W,0,-0.7902558,0.15930388867855072,0.9500998258590698,0.5025004744529724
YBR186W,YDR261W-B,0,-0.79035705,0.15927723050117493,0.9500998258590698,0.5026004910469055
YKL134C,YML075C,0,-0.7909989,0.15925058722496033,0.9500998258590698,0.5027005672454834
YOR245C,YGL005C,0,-0.7931744,0.15922394394874573,0.9500998258590698,0.5028005838394165
YMR312W,YDR301W,0,-0.7942243,0.15919733047485352,0.9500998258590698,0.5029006004333496
YPR017C,YER011W,0,-0.79437006,0.1591707020998001,0.9500998258590698,0.5030006170272827
YOL113W,YKL005C,0,-0.79453945,0.1591441035270691,0.9500998258590698,0.5031006336212158
YFL050C,YPL171C,0,-0.79470634,0.15911750495433807,0.9500998258590698,0.5032006502151489
YPL059W,YLR070C,0,-0.7950226,0.15909090638160706,0.9500998258590698,0.503300666809082
YOR069W,YER124C,0,-0.79510546,0.15906432271003723,0.9500998258590698,0.5034006834030151
YLR157C-B,YOL013C,0,-0.79529846,0.1590377539396286,0.9500998258590698,0.5035006999969482
YDR261W-B,YNL112W,0,-0.79548955,0.15901118516921997,0.9500998258590698,0.5036007165908813
YHR214C-C,YLR368W,0,-0.7955986,0.15898463129997253,0.9500998258590698,0.5037007331848145
YER014W,YOL086W-A,0,-0.79682004,0.1589580923318863,0.9500998258590698,0.5038007497787476
YPR158C-D,YAL009W,0,-0.79688454,0.15893155336380005,0.9500998258590698,0.5039007663726807
YGR038C-A,YDR406W,0,-0.797636,0.158905029296875,0.9500998258590698,0.5040007829666138
YDR261C-C,YCR023C,0,-0.7978087,0.15887850522994995,0.9500998258590698,0.5041007995605469
YNL278W,YOR259C,0,-0.7984386,0.1588519960641861,0.9500998258590698,0.50420081615448
YNR007C,YPR056W,0,-0.7986218,0.15882548689842224,0.9500998258590698,0.5043008327484131
YIL160C,YML005W,0,-0.7987263,0.15879899263381958,0.9500998258590698,0.504400908946991
YDR050C,YLR120C,0,-0.7992208,0.1587725132703781,0.9500998258590698,0.5045009255409241
YGR109W-A,YPL069C,0,-0.799331,0.15874603390693665,0.9500998258590698,0.5046009421348572
YNL054W,YPR070W,0,-0.7993926,0.15871956944465637,0.9500998258590698,0.5047009587287903
YLR004C,YBR231C,0,-0.7998739,0.1586931198835373,0.9500998258590698,0.5048009753227234
YER039C,YML066C,0,-0.800667,0.1586666703224182,0.9500998258590698,0.5049009919166565
YJL143W,YPR118W,0,-0.8008071,0.15864022076129913,0.9500998258590698,0.5050010085105896
YDR326C,YOR030W,0,-0.80098456,0.15861380100250244,0.9500998258590698,0.5051010251045227
YER177W,YNL265C,0,-0.8012242,0.15858736634254456,0.9500998258590698,0.5052010416984558
YIR034C,YKR018C,0,-0.80156004,0.15856096148490906,0.9500998258590698,0.5053010582923889
YNL224C,YHR079C-B,0,-0.80192137,0.15853455662727356,0.9500998258590698,0.505401074886322
YDR331W,YDL138W,0,-0.80216146,0.15850815176963806,0.9500998258590698,0.5055010914802551
YBR210W,YOR341W,0,-0.8023984,0.15848177671432495,0.9500998258590698,0.5056011080741882
YFL036W,YJR042W,0,-0.8028282,0.15845538675785065,0.9500998258590698,0.5057011246681213
YER159C-A,YKL058W,0,-0.8029171,0.15842902660369873,0.9500998258590698,0.5058011412620544
YDR439W,YMR257C,0,-0.80338013,0.15840266644954681,0.9500998258590698,0.5059011578559875
YGL142C,YLR227W-A,0,-0.80379796,0.1583763062953949,0.9500998258590698,0.5060011744499207
YAL058W,YEL044W,0,-0.8038016,0.15834996104240417,0.9500998258590698,0.5061011910438538
YNL256W,YBR068C,0,-0.8039443,0.15832363069057465,0.9500998258590698,0.5062012672424316
YFL050C,YPR118W,0,-0.80410707,0.15829730033874512,0.9500998258590698,0.5063012838363647
YGL210W,YBR167C,0,-0.8041791,0.15827098488807678,0.9500998258590698,0.5064013004302979
YKL099C,YOR043W,0,-0.8042093,0.15824468433856964,0.9500998258590698,0.506501317024231
YER159C-A,YNL081C,0,-0.8045403,0.1582183837890625,0.9500998258590698,0.5066013336181641
YMR165C,YOL013C,0,-0.80471057,0.15819208323955536,0.9500998258590698,0.5067013502120972
YGR287C,YML118W,0,-0.8048207,0.1581658124923706,0.9500998258590698,0.5068013668060303
YCL068C,YLR357W,0,-0.80499667,0.15813954174518585,0.9500998258590698,0.5069013833999634
YDR060W,YGR046W,0,-0.8052199,0.1581132709980011,0.9500998258590698,0.5070013999938965
YHR167W,YPR020W,0,-0.8052242,0.15808701515197754,0.9500998258590698,0.5071014165878296
YPL158C,YKL032C,0,-0.80571336,0.15806077420711517,0.9500998258590698,0.5072014331817627
YPL152W,YOR334W,0,-0.8064116,0.1580345332622528,0.9500998258590698,0.5073014497756958
YGL167C,YLR368W,0,-0.8071573,0.15800829231739044,0.9500998258590698,0.5074014663696289
YPL192C,YJL153C,0,-0.8075021,0.15798208117485046,0.9500998258590698,0.507501482963562
YJL062W-A,YDL030W,0,-0.80761385,0.15795587003231049,0.9500998258590698,0.5076014995574951
YLL053C,YGR106C,0,-0.80793583,0.1579296588897705,0.9500998258590698,0.5077015161514282
YKL127W,YKL113C,0,-0.80802596,0.15790346264839172,0.9500998258590698,0.5078015327453613
YDR034C-C,YOR032C,0,-0.8080832,0.15787728130817413,0.9500998258590698,0.5079016089439392
YDR379W,YGR026W,0,-0.8084022,0.15785109996795654,0.9500998258590698,0.5080016255378723
YOL008W,YNL054W-B,0,-0.8086448,0.15782493352890015,0.9500998258590698,0.5081016421318054
YAR008W,YGR280C,0,-0.8087805,0.15779876708984375,0.9500998258590698,0.5082016587257385
YHR064C,YOR260W,0,-0.8094688,0.15777261555194855,0.9500998258590698,0.5083016753196716
YDR313C,YLR069C,0,-0.8096336,0.15774647891521454,0.9500998258590698,0.5084016919136047
YCL027C-A,YFL016C,0,-0.8096396,0.15772034227848053,0.9500998258590698,0.5085017085075378
YOR358W,YJL139C,0,-0.80996394,0.15769422054290771,0.9500998258590698,0.508601725101471
YDR210W-A,YHR016C,0,-0.8108382,0.1576680988073349,0.9500998258590698,0.508701741695404
YGL139W,YOR117W,0,-0.8108462,0.15764199197292328,0.9500998258590698,0.5088017582893372
YKL157W,YIL068C,0,-0.8111463,0.15761590003967285,0.9500998258590698,0.5089017748832703
YOL157C,YBR217W,0,-0.8112779,0.15758980810642242,0.9500998258590698,0.5090017914772034
YOR132W,YHR116W,0,-0.8126519,0.157563716173172,0.9500998258590698,0.5091018080711365
YMR068W,YHR191C,0,-0.8132701,0.15753765404224396,0.9500998258590698,0.5092018246650696
YFL009W,YNL128W,0,-0.81346905,0.15751157701015472,0.9500998258590698,0.5093018412590027
YBR018C,YML057W,0,-0.81381017,0.15748552978038788,0.9500998258590698,0.5094018578529358
YER081W,YKR065C,0,-0.81393224,0.15745948255062103,0.9500998258590698,0.5095018744468689
YPL170W,YML015C,0,-0.81429964,0.1574334353208542,0.9500998258590698,0.509601891040802
YDR379W,YKL134C,0,-0.81437486,0.15740740299224854,0.9500998258590698,0.5097019672393799
YGL127C,YCR017C,0,-0.8151239,0.15738138556480408,0.9500998258590698,0.509801983833313
YFR004W,YDL115C,0,-0.8152672,0.15735536813735962,0.9500998258590698,0.5099020004272461
YGR038C-B,YNL103W,0,-0.8156812,0.15732936561107635,0.9500998258590698,0.5100020170211792
YML116W,YDL075W,0,-0.8159256,0.15730337798595428,0.9500998258590698,0.5101020336151123
YPL202C,YLR189C,0,-0.8160181,0.15727739036083221,0.9500998258590698,0.5102020502090454
YLR188W,YNL118C,0,-0.81617725,0.15725140273571014,0.9500998258590698,0.5103020668029785
YPL148C,YLR439W,0,-0.81642956,0.15722543001174927,0.9500998258590698,0.5104020833969116
YBR168W,YCR010C,0,-0.81688154,0.15719947218894958,0.9500998258590698,0.5105020999908447
YML059C,YER040W,0,-0.8175273,0.1571735143661499,0.9500998258590698,0.5106021165847778
YMR122W-A,YGL145W,0,-0.818369,0.1571475714445114,0.9500998258590698,0.5107021331787109
YNL331C,YKR049C,0,-0.8187198,0.15712164342403412,0.9500998258590698,0.510802149772644
YDR034C-D,YGR008C,0,-0.81899536,0.15709571540355682,0.9500998258590698,0.5109021663665771
YJR058C,YOR316C,0,-0.81927884,0.15706978738307953,0.9500998258590698,0.5110021829605103
YNL135C,YCR018C,0,-0.82165474,0.15704387426376343,0.9500998258590698,0.5111021995544434
YGR124W,YAL010C,0,-0.8219655,0.15701797604560852,0.9500998258590698,0.5112022161483765
YDR398W,YKR061W,0,-0.82237506,0.1569920778274536,0.9500998258590698,0.5113022327423096
YCL069W,YHR025W,0,-0.82255787,0.1569661945104599,0.9500998258590698,0.5114023089408875
YOL039W,YDL136W,0,-0.82279646,0.15694032609462738,0.9500998258590698,0.5115023255348206
YKL185W,YPR061C,0,-0.82292026,0.15691445767879486,0.9500998258590698,0.5116023421287537
YGL038C,YPR066W,0,-0.8232517,0.15688858926296234,0.9500998258590698,0.5117023587226868
YNL024C,YJR084W,0,-0.8235585,0.1568627506494522,0.9500998258590698,0.5118023753166199
YFL037W,YBL006C,0,-0.82377154,0.15683689713478088,0.9500998258590698,0.511902391910553
YLR297W,YNR051C,0,-0.8238192,0.15681107342243195,0.9500998258590698,0.5120024085044861
YHR031C,YHR214W,0,-0.8240601,0.156785249710083,0.9500998258590698,0.5121024250984192
YNL056W,YKL100C,0,-0.8246163,0.15675942599773407,0.9500998258590698,0.5122024416923523
YFL029C,YNL272C,0,-0.82514066,0.15673361718654633,0.9500998258590698,0.5123024582862854
YGR099W,YDR541C,0,-0.8251567,0.15670782327651978,0.9500998258590698,0.5124024748802185
YBR012W-B,YOL030W,0,-0.82600415,0.15668202936649323,0.9500998258590698,0.5125024914741516
YHR023W,YNL091W,0,-0.8260291,0.15665625035762787,0.9500998258590698,0.5126025080680847
YCR039C,YHR200W,0,-0.8265907,0.1566304713487625,0.9500998258590698,0.5127025246620178
YDR386W,YDR091C,0,-0.827151,0.15660470724105835,0.9500998258590698,0.5128025412559509
YML045W,YDR073W,0,-0.8297544,0.1565789431333542,0.9500998258590698,0.512902557849884
YKL221W,YML033W,0,-0.83025074,0.15655319392681122,0.9500998258590698,0.5130025744438171
YMR244C-A,YBL055C,0,-0.830309,0.15652745962142944,0.9500998258590698,0.5131025910377502
YOL029C,YGR059W,0,-0.8313769,0.15650172531604767,0.9500998258590698,0.5132026672363281
YHL050C,YML066C,0,-0.8317957,0.1564760059118271,0.9500998258590698,0.5133026838302612
YFR007W,YDL003W,0,-0.8320515,0.1564502865076065,0.9500998258590698,0.5134027004241943
YLR188W,YDL194W,0,-0.8321806,0.15642458200454712,0.9500998258590698,0.5135027170181274
YDR434W,YBR208C,0,-0.8322113,0.15639887750148773,0.9500998258590698,0.5136027336120605
YPL169C,YER124C,0,-0.8324336,0.15637318789958954,0.9500998258590698,0.5137027502059937
YMR083W,YBR153W,0,-0.83262885,0.15634751319885254,0.9500998258590698,0.5138027667999268
YDR418W,YML008C,0,-0.83273584,0.15632183849811554,0.9500998258590698,0.5139027833938599
YBR045C,YOR039W,0,-0.83305293,0.15629617869853973,0.9500998258590698,0.514002799987793
YOR149C,YKR025W,0,-0.83330536,0.15627051889896393,0.9500998258590698,0.5141028165817261
YER159C-A,YLR015W,0,-0.83479387,0.15624487400054932,0.9500998258590698,0.5142028331756592
YDR303C,YHR007C,0,-0.8350425,0.1562192291021347,0.9500998258590698,0.5143028497695923
YGL092W,YPL158C,0,-0.83541733,0.1561935991048813,0.9500998258590698,0.5144028663635254
YLR453C,YHR116W,0,-0.83608794,0.15616798400878906,0.9500998258590698,0.5145028829574585
YOR016C,YNL054W-B,0,-0.83712566,0.15614236891269684,0.9500998258590698,0.5146028995513916
YDL168W,YCR036W,0,-0.83717334,0.15611675381660461,0.9500998258590698,0.5147029161453247
YDR522C,YNL113W,0,-0.837998,0.15609116852283478,0.9500998258590698,0.5148029327392578
YER173W,YIL036W,0,-0.8382628,0.15606556832790375,0.9500998258590698,0.5149030089378357
YPR122W,YNL256W,0,-0.8383844,0.1560399979352951,0.9500998258590698,0.5150030255317688
YKR104W,YLR381W,0,-0.838441,0.15601442754268646,0.9500998258590698,0.5151030421257019
YDL127W,YBR012W-A,0,-0.8391476,0.15598885715007782,0.9500998258590698,0.515203058719635
YOR339C,YDL180W,0,-0.83923745,0.15596330165863037,0.9500998258590698,0.5153030753135681
YPR201W,YDL192W,0,-0.8396168,0.15593776106834412,0.9500998258590698,0.5154030919075012
YFL039C,YOR332W,0,-0.8399265,0.15591222047805786,0.9500998258590698,0.5155031085014343
YNL091W,YLR133W,0,-0.8401961,0.1558866947889328,0.9500998258590698,0.5156031250953674
YPR158W-A,YPL171C,0,-0.8405191,0.15586116909980774,0.9500998258590698,0.5157031416893005
YGL029W,YIL150C,0,-0.8412752,0.15583565831184387,0.9500998258590698,0.5158031582832336
YML081C-A,YDR522C,0,-0.8417641,0.15581014752388,0.9500998258590698,0.5159031748771667
YDL042C,YMR190C,0,-0.8420088,0.15578465163707733,0.9500998258590698,0.5160031914710999
YER139C,YBR029C,0,-0.84206665,0.15575915575027466,0.9500998258590698,0.516103208065033
YKL200C,YBR199W,1,-0.8421004,0.15589727461338043,0.9510977864265442,0.516103208065033
YDR322W,YOR265W,0,-0.8425379,0.15587176382541656,0.9510977864265442,0.5162032246589661
YNL161W,YNL224C,0,-0.84293044,0.15584628283977509,0.9510977864265442,0.5163032412528992
YCL010C,YLR327C,0,-0.84334195,0.1558208018541336,0.9510977864265442,0.5164032578468323
YNL041C,YER078C,0,-0.8433538,0.15579532086849213,0.9510977864265442,0.5165032744407654
YPR158C-D,YBL018C,0,-0.84340274,0.15576985478401184,0.9510977864265442,0.5166032910346985
YLR246W,YDL066W,0,-0.84348035,0.15574440360069275,0.9510977864265442,0.5167033672332764
YNL310C,YIL022W,0,-0.8436178,0.15571895241737366,0.9510977864265442,0.5168033838272095
YLR190W,YKR027W,0,-0.84407544,0.15569351613521576,0.9510977864265442,0.5169034004211426
YDR221W,YDR261C-C,0,-0.84446925,0.15566807985305786,0.9510977864265442,0.5170034170150757
YJL181W,YOR049C,0,-0.84480643,0.15564265847206116,0.9510977864265442,0.5171034336090088
YGL119W,YER112W,0,-0.84498894,0.15561723709106445,0.9510977864265442,0.5172034502029419
YFR031C-A,YPL060C-A,0,-0.84514457,0.15559183061122894,0.9510977864265442,0.517303466796875
YGL092W,YER144C,0,-0.8453635,0.15556643903255463,0.9510977864265442,0.5174034833908081
YPL074W,YAL020C,0,-0.8454313,0.1555410474538803,0.9510977864265442,0.5175034999847412
YPL153C,YGL025C,0,-0.8454672,0.1555156707763672,0.9510977864265442,0.5176035165786743
YLR007W,YLR237W,0,-0.8459172,0.15549029409885406,0.9510977864265442,0.5177035331726074
YAL002W,YBR217W,0,-0.846028,0.15546493232250214,0.9510977864265442,0.5178035497665405
YGR161C-D,YNL030W,0,-0.84698534,0.1554395705461502,0.9510977864265442,0.5179035663604736
YMR041C,YHR050W,0,-0.8475205,0.15541422367095947,0.9510977864265442,0.5180035829544067
YDR468C,YML064C,0,-0.8476255,0.15538887679576874,0.9510977864265442,0.5181035995483398
YJR046W,YOR269W,0,-0.848472,0.1553635448217392,0.9510977864265442,0.518203616142273
YCR058C,YJL168C,0,-0.84926224,0.15533822774887085,0.9510977864265442,0.518303632736206
YGL119W,YOR202W,0,-0.84949356,0.1553129106760025,0.9510977864265442,0.5184037089347839
YLL066C,YPL074W,0,-0.8502865,0.15528759360313416,0.9510977864265442,0.518503725528717
YHR063C,YCL027C-A,0,-0.8505882,0.1552623063325882,0.9510977864265442,0.5186037421226501
YBL090W,YHL050C,0,-0.85115814,0.15523700416088104,0.9510977864265442,0.5187037587165833
YGL079W,YBL019W,0,-0.85220987,0.15521173179149628,0.9510977864265442,0.5188037753105164
YNR071C,YDR538W,0,-0.8525054,0.15518644452095032,0.9510977864265442,0.5189037919044495
YLR013W,YDL115C,0,-0.85366905,0.15516118705272675,0.9510977864265442,0.5190038084983826
YER123W,YDR365W-B,0,-0.85368776,0.15513592958450317,0.9510977864265442,0.5191038250923157
YML091C,YBR208C,0,-0.8538525,0.1551106721162796,0.9510977864265442,0.5192038416862488
YJL062W-A,YKR022C,0,-0.853893,0.15508542954921722,0.9510977864265442,0.5193038582801819
YLR139C,YCR068W,0,-0.8555455,0.15506020188331604,0.9510977864265442,0.519403874874115
YKL077W,YDR425W,0,-0.8568018,0.15503497421741486,0.9510977864265442,0.5195038914680481
YMR101C,YBR070C,1,-0.85759985,0.1551724076271057,0.9520958065986633,0.5195038914680481
YDR020C,YEL001C,0,-0.8579359,0.15514717996120453,0.9520958065986633,0.5196039080619812
YML062C,YDL168W,0,-0.85798955,0.15512195229530334,0.9520958065986633,0.5197039246559143
YIL125W,YPL225W,0,-0.85830414,0.15509673953056335,0.9520958065986633,0.5198039412498474
YDL092W,YOR087W,0,-0.85837734,0.15507152676582336,0.9520958065986633,0.5199039578437805
YPR094W,YKL160W,0,-0.8595172,0.15504631400108337,0.9520958065986633,0.5200039744377136
YJL062W,YPL060C-A,0,-0.860118,0.15502113103866577,0.9520958065986633,0.5201039910316467
YKL200C,YGR036C,1,-0.8606853,0.1551584005355835,0.9530938267707825,0.5201039910316467
YGR063C,YOR043W,0,-0.8615457,0.1551332026720047,0.9530938267707825,0.5202040672302246
YGR033C,YPL040C,0,-0.86170584,0.1551080048084259,0.9530938267707825,0.5203040838241577
YNL219C,YKL200C,1,-0.8620383,0.15524521470069885,0.9540917873382568,0.5203040838241577
YPL137C,YML057W,0,-0.86215246,0.15522000193595886,0.9540917873382568,0.5204041004180908
YER164W,YJR059W,0,-0.86232543,0.15519480407238007,0.9540917873382568,0.5205041170120239
YDR376W,YDR256C,0,-0.862487,0.15516962110996246,0.9540917873382568,0.520604133605957
YGR109W-A,YNL063W,0,-0.86248803,0.15514443814754486,0.9540917873382568,0.5207041501998901
YDR436W,YOL013C,0,-0.8627914,0.15511925518512726,0.9540917873382568,0.5208041667938232
YPL043W,YDR316W-B,0,-0.86374855,0.15509410202503204,0.9540917873382568,0.5209041833877563
YNL083W,YHR128W,0,-0.8638908,0.15506893396377563,0.9540917873382568,0.5210041999816895
YGL257C,YDR402C,0,-0.8654884,0.1550437957048416,0.9540917873382568,0.5211042165756226
YOR140W,YPR124W,0,-0.8654961,0.1550186425447464,0.9540917873382568,0.5212042331695557
YJR010C-A,YGL090W,0,-0.86597526,0.15499351918697357,0.9540917873382568,0.5213042497634888
YJL021C,YDR289C,0,-0.8660958,0.15496839582920074,0.9540917873382568,0.5214042663574219
YLR013W,YGR055W,0,-0.86752105,0.15494327247142792,0.9540917873382568,0.521504282951355
YJL129C,YLL053C,0,-0.8681328,0.15491816401481628,0.9540917873382568,0.5216042995452881
YOL135C,YGR027W-A,0,-0.86823356,0.15489307045936584,0.9540917873382568,0.5217043161392212
YCR081W,YDR342C,0,-0.8683536,0.1548679769039154,0.9540917873382568,0.5218043327331543
YHR149C,YPR096C,0,-0.8689355,0.15484288334846497,0.9540917873382568,0.5219044089317322
YJL051W,YHL044W,0,-0.8696651,0.15481781959533691,0.9540917873382568,0.5220044255256653
YLR116W,YPR049C,0,-0.87037057,0.15479274094104767,0.9540917873382568,0.5221044421195984
YBR002C,YGL226C-A,1,-0.8705964,0.15492957830429077,0.955089807510376,0.5221044421195984
YDR258C,YDR524C,0,-0.87101257,0.15490449965000153,0.955089807510376,0.5222044587135315
YMR170C,YDR358W,0,-0.8711959,0.15487943589687347,0.955089807510376,0.5223044753074646
YGR223C,YBR040W,0,-0.8714262,0.15485437214374542,0.955089807510376,0.5224044919013977
YDR534C,YOR344C,0,-0.872043,0.15482930839061737,0.955089807510376,0.5225045084953308
YDR098C-A,YLR368W,0,-0.87205994,0.1548042744398117,0.955089807510376,0.5226045250892639
YDR261C-C,YBR084C-A,0,-0.8737386,0.15477924048900604,0.955089807510376,0.522704541683197
YDL093W,YPL225W,0,-0.8747674,0.15475420653820038,0.955089807510376,0.5228045582771301
YPR145W,YNL056W,0,-0.8752595,0.1547291874885559,0.955089807510376,0.5229045748710632
YHR079C-B,YPL173W,0,-0.87532496,0.15470416843891144,0.955089807510376,0.5230045914649963
YDR430C,YLR023C,0,-0.87583137,0.15467916429042816,0.955089807510376,0.5231046080589294
YGL131C,YGL157W,0,-0.87596965,0.15465417504310608,0.955089807510376,0.5232046246528625
YDL065C,YLR154W-C,0,-0.87606186,0.154629185795784,0.955089807510376,0.5233046412467957
YHL016C,YOL137W,0,-0.8763383,0.15460419654846191,0.955089807510376,0.5234046578407288
YNL158W,YIL044C,0,-0.87665975,0.15457922220230103,0.955089807510376,0.5235046744346619
YBR135W,YPL253C,0,-0.8768981,0.15455426275730133,0.955089807510376,0.5236047506332397
YGR087C,YIL044C,0,-0.8773537,0.15452930331230164,0.955089807510376,0.5237047672271729
YDR501W,YGR211W,0,-0.87735975,0.15450435876846313,0.955089807510376,0.523804783821106
YLR372W,YOR269W,0,-0.87758815,0.15447941422462463,0.955089807510376,0.5239048004150391
YLR227W-A,YLR357W,0,-0.8779605,0.15445448458194733,0.955089807510376,0.5240048170089722
YJL216C,YNR022C,0,-0.8783128,0.1544295698404312,0.955089807510376,0.5241048336029053
YMR101C,YGR036C,1,-0.8791201,0.1545659899711609,0.9560878276824951,0.5241048336029053
YOL128C,YKL028W,0,-0.88039505,0.15454106032848358,0.9560878276824951,0.5242048501968384
YNL012W,YNL088W,0,-0.88051677,0.15451613068580627,0.9560878276824951,0.5243048667907715
YAR015W,YOL059W,0,-0.8812063,0.15449121594429016,0.9560878276824951,0.5244048833847046
YGR220C,YML114C,0,-0.881269,0.15446630120277405,0.9560878276824951,0.5245048999786377
YDR028C,YMR243C,0,-0.88128275,0.15444140136241913,0.9560878276824951,0.5246049165725708
YEL077C,YMR195W,0,-0.8814428,0.1544165015220642,0.9560878276824951,0.5247049331665039
YLR102C,YDL190C,0,-0.881987,0.15439161658287048,0.9560878276824951,0.524804949760437
YGL136C,YDL193W,0,-0.88216484,0.15436674654483795,0.9560878276824951,0.5249049663543701
YLL031C,YBR208C,0,-0.8828821,0.15434187650680542,0.9560878276824951,0.5250049829483032
YGR038C-B,YBR127C,0,-0.8832991,0.1543170064687729,0.9560878276824951,0.5251049995422363
YJL042W,YOR167C,0,-0.8834654,0.15429215133190155,0.9560878276824951,0.5252050161361694
YNR056C,YER161C,0,-0.8837127,0.1542673110961914,0.9560878276824951,0.5253050327301025
YBR301W,YDR349C,0,-0.88413846,0.15424247086048126,0.9560878276824951,0.5254051089286804
YOL086W-A,YML100W,0,-0.8842099,0.1542176455259323,0.9560878276824951,0.5255051255226135
YLR450W,YMR081C,0,-0.88482505,0.15419282019138336,0.9560878276824951,0.5256051421165466
YJL051W,YKR090W,0,-0.8852608,0.1541680097579956,0.9560878276824951,0.5257051587104797
YHL002W,YKR087C,0,-0.88556236,0.15414319932460785,0.9560878276824951,0.5258051753044128
YER074W-A,YML092C,0,-0.88562566,0.1541184037923813,0.9560878276824951,0.525905191898346
YOL012C,YLR312C-B,0,-0.8865918,0.15409360826015472,0.9560878276824951,0.526005208492279
YLR132C,YHR001W,0,-0.8867213,0.15406882762908936,0.9560878276824951,0.5261052250862122
YNR041C,YPL271W,0,-0.8877059,0.15404406189918518,0.9560878276824951,0.5262052416801453
YDR034C-C,YML065W,0,-0.88807094,0.154019296169281,0.9560878276824951,0.5263052582740784
YJL118W,YJR060W,0,-0.8886336,0.15399453043937683,0.9560878276824951,0.5264052748680115
YDR409W,YOL095C,0,-0.88876414,0.15396977961063385,0.9560878276824951,0.5265052914619446
YBR028C,YHR106W,0,-0.8889183,0.15394504368305206,0.9560878276824951,0.5266053080558777
YNL254C,YDR079C-A,0,-0.89018625,0.15392030775547028,0.9560878276824951,0.5267053246498108
YGL207W,YDR439W,0,-0.89075196,0.15389558672904968,0.9560878276824951,0.5268053412437439
YJL111W,YOR075W,0,-0.8911357,0.1538708657026291,0.9560878276824951,0.526905357837677
YAR009C,YER044C,0,-0.8915511,0.1538461595773697,0.9560878276824951,0.5270053744316101
YCL029C,YOL013C,0,-0.89252245,0.1538214534521103,0.9560878276824951,0.527105450630188
YJL198W,YML060W,0,-0.8925669,0.15379676222801208,0.9560878276824951,0.5272054672241211
YFL003C,YHR083W,0,-0.8933066,0.15377207100391388,0.9560878276824951,0.5273054838180542
YOR191W,YPL049C,0,-0.89343774,0.15374739468097687,0.9560878276824951,0.5274055004119873
YDL207W,YBL007C,0,-0.89344007,0.15372271835803986,0.9560878276824951,0.5275055170059204
YGL119W,YIL167W,0,-0.8936938,0.15369805693626404,0.9560878276824951,0.5276055335998535
YKL195W,YIL065C,0,-0.89382136,0.15367341041564941,0.9560878276824951,0.5277055501937866
YEL042W,YDR179C,0,-0.89417887,0.1536487638950348,0.9560878276824951,0.5278055667877197
YML082W,YNL278W,0,-0.8955534,0.15362411737442017,0.9560878276824951,0.5279055833816528
YDR210W-A,YOR067C,0,-0.89610577,0.15359948575496674,0.9560878276824951,0.5280055999755859
YIL014W,YLR371W,0,-0.89638734,0.1535748690366745,0.9560878276824951,0.528105616569519
YOR155C,YDR488C,0,-0.8964801,0.15355025231838226,0.9560878276824951,0.5282056331634521
YPR029C,YLR095C,0,-0.89842975,0.15352563560009003,0.9560878276824951,0.5283056497573853
YEL034W,YHR124W,0,-0.89930624,0.15350104868412018,0.9560878276824951,0.5284056663513184
YGL086W,YPL060C-A,0,-0.8994341,0.15347644686698914,0.9560878276824951,0.5285056829452515
YMR113W,YOR117W,0,-0.9007471,0.1534518599510193,0.9560878276824951,0.5286056995391846
YDR040C,YHL021C,0,-0.9014678,0.15342728793621063,0.9560878276824951,0.5287057161331177
YER129W,YDR450W,0,-0.9028309,0.15340271592140198,0.9560878276824951,0.5288057327270508
YER179W,YMR243C,0,-0.90295374,0.15337815880775452,0.9560878276824951,0.5289058089256287
YGR133W,YBL010C,0,-0.90308505,0.15335361659526825,0.9560878276824951,0.5290058255195618
YOR368W,YNL148C,0,-0.9044104,0.1533290594816208,0.9560878276824951,0.5291058421134949
YBR212W,YLR011W,0,-0.9044703,0.15330453217029572,0.9560878276824951,0.529205858707428
YIL162W,YPR140W,0,-0.9052786,0.15328000485897064,0.9560878276824951,0.5293058753013611
YLR085C,YJR067C,0,-0.90559065,0.15325547754764557,0.9560878276824951,0.5294058918952942
YOL135C,YOL113W,0,-0.90561056,0.1532309651374817,0.9560878276824951,0.5295059084892273
YCL047C,YCL059C,0,-0.90577495,0.153206467628479,0.9560878276824951,0.5296059250831604
YIL075C,YNL126W,0,-0.90600336,0.15318197011947632,0.9560878276824951,0.5297059416770935
YJL210W,YBR231C,0,-0.9063796,0.15315747261047363,0.9560878276824951,0.5298059582710266
YLR210W,YKR014C,0,-0.90688896,0.15313299000263214,0.9560878276824951,0.5299059748649597
YEL058W,YPL121C,0,-0.90832245,0.15310852229595184,0.9560878276824951,0.5300059914588928
YBR297W,YIR022W,0,-0.9088557,0.15308405458927155,0.9560878276824951,0.5301060080528259
YKR086W,YMR283C,0,-0.9090167,0.15305958688259125,0.9560878276824951,0.530206024646759
YFR014C,YKR014C,0,-0.91007686,0.15303514897823334,0.9560878276824951,0.5303060412406921
YER099C,YCR058C,0,-0.9113917,0.15301069617271423,0.9560878276824951,0.5304060578346252
YMR023C,YLR446W,0,-0.91161823,0.15298627316951752,0.9560878276824951,0.5305060744285583
YNL149C,YDL103C,0,-0.91165733,0.1529618352651596,0.9560878276824951,0.5306061506271362
YGR158C,YPL047W,0,-0.9119066,0.15293742716312408,0.9560878276824951,0.5307061672210693
YDR323C,YDR122W,0,-0.9122115,0.15291300415992737,0.9560878276824951,0.5308061838150024
YKL004W,YHR035W,0,-0.91267145,0.15288861095905304,0.9560878276824951,0.5309062004089355
YHR122W,YPL088W,0,-0.9127184,0.15286420285701752,0.9560878276824951,0.5310062170028687
YIL144W,YLR227W-A,0,-0.91279364,0.15283982455730438,0.9560878276824951,0.5311062335968018
YOL140W,YGR080W,0,-0.9130904,0.15281544625759125,0.9560878276824951,0.5312062501907349
YGL135W,YJL212C,0,-0.9135456,0.1527910679578781,0.9560878276824951,0.531306266784668
YNL162W,YPL162C,0,-0.9141743,0.15276670455932617,0.9560878276824951,0.5314062833786011
YNL241C,YBR003W,0,-0.9147055,0.15274234116077423,0.9560878276824951,0.5315062999725342
YIL062C,YDR210C-D,0,-0.9152939,0.15271799266338348,0.9560878276824951,0.5316063165664673
YDR001C,YML129C,0,-0.91548765,0.15269365906715393,0.9560878276824951,0.5317063331604004
YNL111C,YBL023C,0,-0.9155998,0.15266932547092438,0.9560878276824951,0.5318063497543335
YLR266C,YNL054W,0,-0.91589075,0.15264499187469482,0.9560878276824951,0.5319063663482666
YER087C-A,YLR356W,0,-0.91589916,0.15262067317962646,0.9560878276824951,0.5320063829421997
YMR074C,YOR288C,0,-0.91604143,0.1525963693857193,0.9560878276824951,0.5321063995361328
YGR097W,YJL180C,0,-0.9165546,0.15257206559181213,0.9560878276824951,0.5322064161300659
YMR275C,YGL189C,0,-0.91683835,0.15254777669906616,0.9560878276824951,0.532306432723999
YLR222C,YNL071W,0,-0.91781104,0.1525234878063202,0.9560878276824951,0.5324065089225769
YGL100W,YCR107W,0,-0.9179961,0.15249919891357422,0.9560878276824951,0.53250652551651
YGL086W,YHR187W,0,-0.9180249,0.15247492492198944,0.9560878276824951,0.5326065421104431
YMR134W,YGL135W,0,-0.9184781,0.15245066583156586,0.9560878276824951,0.5327065587043762
YER118C,YDR427W,0,-0.9191532,0.15242640674114227,0.9560878276824951,0.5328065752983093
YPR184W,YCL047C,0,-0.9199565,0.15240216255187988,0.9560878276824951,0.5329065918922424
YER173W,YHL022C,0,-0.92015606,0.1523779183626175,0.9560878276824951,0.5330066084861755
YNR019W,YOR348C,0,-0.9201979,0.1523536890745163,0.9560878276824951,0.5331066250801086
YPL249C-A,YDR375C,0,-0.92030966,0.1523294597864151,0.9560878276824951,0.5332066416740417
YHR172W,YCR027C,0,-0.9205173,0.1523052453994751,0.9560878276824951,0.5333066582679749
YDR430C,YML085C,0,-0.92057914,0.1522810310125351,0.9560878276824951,0.533406674861908
YDL104C,YLR368W,0,-0.920603,0.1522568315267563,0.9560878276824951,0.5335066914558411
YNL224C,YLR138W,0,-0.9206587,0.15223263204097748,0.9560878276824951,0.5336067080497742
YMR135C,YHR106W,0,-0.92092204,0.15220844745635986,0.9560878276824951,0.5337067246437073
YCR072C,YIL065C,0,-0.92106795,0.15218427777290344,0.9560878276824951,0.5338067412376404
YGR125W,YGR128C,0,-0.92195904,0.15216010808944702,0.9560878276824951,0.5339067578315735
YJL057C,YIL136W,0,-0.921967,0.1521359384059906,0.9560878276824951,0.5340067744255066
YOR010C,YJL054W,0,-0.92202854,0.15211178362369537,0.9560878276824951,0.5341068506240845
YFR041C,YHR086W,0,-0.9222415,0.15208762884140015,0.9560878276824951,0.5342068672180176
YGL238W,YMR063W,0,-0.92233294,0.1520634889602661,0.9560878276824951,0.5343068838119507
YOL027C,YGR152C,0,-0.9231388,0.15203936398029327,0.9560878276824951,0.5344069004058838
YGL077C,YDR312W,0,-0.9238613,0.15201523900032043,0.9560878276824951,0.5345069169998169
YOL086W-A,YLR299W,0,-0.9247363,0.1519911140203476,0.9560878276824951,0.53460693359375
YOR208W,YLR070C,0,-0.92491114,0.15196700394153595,0.9560878276824951,0.5347069501876831
YPR007C,YJL158C,0,-0.9251878,0.1519429087638855,0.9560878276824951,0.5348069667816162
YLR362W,YPR180W,0,-0.9252585,0.15191881358623505,0.9560878276824951,0.5349069833755493
YGR202C,YPL120W,0,-0.92555606,0.1518947184085846,0.9560878276824951,0.5350069999694824
YHR188C,YPL158C,0,-0.9256971,0.15187063813209534,0.9560878276824951,0.5351070165634155
YKR092C,YER029C,0,-0.9261082,0.15184657275676727,0.9560878276824951,0.5352070331573486
YKL200C,YBR002C,1,-0.9261934,0.15198098123073578,0.9570858478546143,0.5352070331573486
YMR281W,YPL161C,0,-0.9265005,0.15195690095424652,0.9570858478546143,0.5353070497512817
YPR158C-D,YCR068W,0,-0.9266206,0.15193282067775726,0.9570858478546143,0.5354070663452148
YMR177W,YML114C,0,-0.926691,0.1519087553024292,0.9570858478546143,0.535507082939148
YMR024W,YHR115C,0,-0.9269806,0.15188470482826233,0.9570858478546143,0.535607099533081
YJL035C,YJL174W,0,-0.92713284,0.15186065435409546,0.9570858478546143,0.5357071161270142
YDR050C,YKR089C,0,-0.927829,0.1518366038799286,0.9570858478546143,0.5358071327209473
YBR156C,YER060W,0,-0.92852175,0.1518125683069229,0.9570858478546143,0.5359072089195251
YJL137C,YLR432W,0,-0.9285289,0.15178854763507843,0.9570858478546143,0.5360072255134583
YLR414C,YLL018C-A,0,-0.9288987,0.15176452696323395,0.9570858478546143,0.5361072421073914
YGL038C,YJL047C,0,-0.92955446,0.15174050629138947,0.9570858478546143,0.5362072587013245
YBR254C,YPL246C,0,-0.9302541,0.15171650052070618,0.9570858478546143,0.5363072752952576
YDL153C,YGR104C,0,-0.930476,0.15169250965118408,0.9570858478546143,0.5364072918891907
YOL126C,YDR073W,0,-0.9306523,0.151668518781662,0.9570858478546143,0.5365073084831238
YDL104C,YLR215C,0,-0.9308627,0.1516445279121399,0.9570858478546143,0.5366073250770569
YBL069W,YPR137C-B,0,-0.9309529,0.151620551943779,0.9570858478546143,0.53670734167099
YBR213W,YMR171C,0,-0.9311482,0.15159659087657928,0.9570858478546143,0.5368073582649231
YMR110C,YDL012C,0,-0.9314918,0.15157262980937958,0.9570858478546143,0.5369073748588562
YLR040C,YDR104C,0,-0.931685,0.15154866874217987,0.9570858478546143,0.5370073914527893
YER061C,YOR116C,0,-0.9333764,0.15152472257614136,0.9570858478546143,0.5371074080467224
YDR231C,YOL059W,0,-0.93372226,0.15150079131126404,0.9570858478546143,0.5372074246406555
YJR131W,YKL201C,1,-0.9340853,0.1516348123550415,0.9580838084220886,0.5372074246406555
YDR287W,YJR159W,0,-0.9343794,0.151610866189003,0.9580838084220886,0.5373074412345886
YBR164C,YOL051W,0,-0.934402,0.15158692002296448,0.9580838084220886,0.5374074578285217
YLR226W,YDR197W,0,-0.9358727,0.15156298875808716,0.9580838084220886,0.5375074744224548
YGR035C,YJL101C,0,-0.93616676,0.15153907239437103,0.9580838084220886,0.5376075506210327
YBR235W,YHR039C,0,-0.9362178,0.1515151560306549,0.9580838084220886,0.5377075672149658
YNL082W,YLR277C,0,-0.9367375,0.15149123966693878,0.9580838084220886,0.5378075838088989
YLR132C,YDR052C,0,-0.9372449,0.15146733820438385,0.9580838084220886,0.537907600402832
YLR286C,YOR192C-A,0,-0.9374559,0.1514434516429901,0.9580838084220886,0.5380076169967651
YNL316C,YCL050C,0,-0.9375792,0.15141956508159637,0.9580838084220886,0.5381076335906982
YLR239C,YLL001W,0,-0.9378784,0.15139567852020264,0.9580838084220886,0.5382076501846313
YNL049C,YKL012W,0,-0.9382542,0.1513718068599701,0.9580838084220886,0.5383076667785645
YOR255W,YGR038C-A,0,-0.9393719,0.15134793519973755,0.9580838084220886,0.5384076833724976
YHR062C,YIR021W,0,-0.9398161,0.1513240784406662,0.9580838084220886,0.5385076999664307
YGR027W-A,YPL132W,0,-0.9401232,0.15130023658275604,0.9580838084220886,0.5386077165603638
YHL031C,YHL009W-B,0,-0.9402221,0.1512763947248459,0.9580838084220886,0.5387077331542969
YPL181W,YDR346C,0,-0.94025934,0.15125255286693573,0.9580838084220886,0.53880774974823
YOR246C,YMR076C,0,-0.9403156,0.15122874081134796,0.9580838084220886,0.5389077663421631
YGR087C,YPL096C-A,0,-0.94039416,0.151204913854599,0.9580838084220886,0.5390077829360962
YBL060W,YEL064C,0,-0.94101965,0.15118110179901123,0.9580838084220886,0.5391077995300293
YOR240W,YMR081C,0,-0.9415432,0.15115730464458466,0.9580838084220886,0.5392078161239624
YNL055C,YBR040W,0,-0.9420953,0.15113350749015808,0.9580838084220886,0.5393078327178955
YDR032C,YOL056W,0,-0.94229835,0.1511097103357315,0.9580838084220886,0.5394079089164734
YGL035C,YFL041W,0,-0.94252586,0.15108592808246613,0.9580838084220886,0.5395079255104065
YMR092C,YHR140W,0,-0.943116,0.15106216073036194,0.9580838084220886,0.5396079421043396
YBR204C,YBR254C,0,-0.94318473,0.15103839337825775,0.9580838084220886,0.5397079586982727
YBR191W,YHL009W-B,0,-0.9433255,0.15101462602615356,0.9580838084220886,0.5398079752922058
YMR009W,YPL020C,0,-0.9435041,0.15099087357521057,0.9580838084220886,0.5399079918861389
YLR318W,YNL225C,0,-0.94424987,0.15096713602542877,0.9580838084220886,0.540008008480072
YJR001W,YGR055W,0,-0.9443871,0.15094339847564697,0.9580838084220886,0.5401080250740051
YLL035W,YDR450W,0,-0.94447845,0.15091966092586517,0.9580838084220886,0.5402080416679382
YDL123W,YHR214W,0,-0.9451658,0.15089593827724457,0.9580838084220886,0.5403080582618713
YGR038C-B,YJL158C,0,-0.945186,0.15087223052978516,0.9580838084220886,0.5404080748558044
YBR189W,YPL253C,0,-0.9458721,0.15084852278232574,0.9580838084220886,0.5405080914497375
YPL210C,YOL138C,0,-0.9460741,0.15082482993602753,0.9580838084220886,0.5406081080436707
YKR038C,YGL053W,0,-0.94623303,0.1508011370897293,0.9580838084220886,0.5407081246376038
YMR264W,YDR012W,0,-0.9462624,0.1507774442434311,0.9580838084220886,0.5408081412315369
YLR259C,YGR038C-A,0,-0.9465644,0.15075376629829407,0.9580838084220886,0.54090815782547
YLR342W,YHR034C,0,-0.9470812,0.15073010325431824,0.9580838084220886,0.5410081744194031
YDR179C,YPL046C,0,-0.9479649,0.1507064402103424,0.9580838084220886,0.541108250617981
YER088C,YNL075W,0,-0.9481436,0.15068277716636658,0.9580838084220886,0.5412082672119141
YKL146W,YBR264C,0,-0.94830835,0.15065912902355194,0.9580838084220886,0.5413082838058472
YJR017C,YGR108W,0,-0.94898236,0.1506354957818985,0.9580838084220886,0.5414083003997803
YLR081W,YCL057C-A,0,-0.94973105,0.15061186254024506,0.9580838084220886,0.5415083169937134
YDL119C,YJL003W,0,-0.9502802,0.1505882292985916,0.9580838084220886,0.5416083335876465
YAR042W,YHR202W,0,-0.9512681,0.15056461095809937,0.9580838084220886,0.5417083501815796
YMR047C,YOR316C,0,-0.9512905,0.1505410075187683,0.9580838084220886,0.5418083667755127
YCL005W-A,YCR072C,0,-0.95144784,0.15051740407943726,0.9580838084220886,0.5419083833694458
YHR129C,YJR022W,0,-0.95241296,0.1504938006401062,0.9580838084220886,0.5420083999633789
YBL078C,YJR060W,0,-0.953083,0.15047021210193634,0.9580838084220886,0.542108416557312
YML046W,YOR044W,0,-0.9531821,0.15044663846492767,0.9580838084220886,0.5422084331512451
YMR175W,YKR034W,0,-0.9536378,0.150423064827919,0.9580838084220886,0.5423084497451782
YNL152W,YPL120W,0,-0.9539783,0.15039950609207153,0.9580838084220886,0.5424084663391113
YKL138C-A,YPL268W,0,-0.95464945,0.15037593245506287,0.9580838084220886,0.5425084829330444
YBL090W,YLR095C,0,-0.95482045,0.1503523886203766,0.9580838084220886,0.5426084995269775
YKR067W,YGL020C,0,-0.9550423,0.1503288447856903,0.9580838084220886,0.5427085161209106
YGR038C-B,YNL233W,0,-0.9552096,0.15030530095100403,0.9580838084220886,0.5428085327148438
YBL002W,YOR075W,0,-0.95594835,0.15028177201747894,0.9580838084220886,0.5429086089134216
YJL167W,YLR337W,0,-0.95597845,0.15025825798511505,0.9580838084220886,0.5430086255073547
YCL005W-A,YKL185W,0,-0.95619977,0.15023474395275116,0.9580838084220886,0.5431086421012878
YIL167W,YCL016C,0,-0.95647776,0.15021122992038727,0.9580838084220886,0.543208658695221
YGL167C,YGL181W,0,-0.9566156,0.15018773078918457,0.9580838084220886,0.543308675289154
YNL053W,YOL149W,0,-0.95802844,0.15016424655914307,0.9580838084220886,0.5434086918830872
YOR339C,YGL234W,0,-0.9580591,0.15014076232910156,0.9580838084220886,0.5435087084770203
YPR068C,YNL039W,0,-0.9582757,0.15011727809906006,0.9580838084220886,0.5436087250709534
YBL101C,YIL037C,0,-0.95830953,0.15009380877017975,0.9580838084220886,0.5437087416648865
YHL047C,YPL224C,0,-0.9591856,0.15007033944129944,0.9580838084220886,0.5438087582588196
YER056C,YPR102C,0,-0.95974314,0.15004688501358032,0.9580838084220886,0.5439087748527527
YDR495C,YOR298C-A,0,-0.95988965,0.1500234454870224,0.9580838084220886,0.5440087914466858
YLR287C-A,YBR234C,0,-0.96000063,0.15000000596046448,0.9580838084220886,0.5441088080406189
YAR008W,YDR160W,0,-0.9609055,0.14997656643390656,0.9580838084220886,0.544208824634552
YBR079C,YOL123W,0,-0.96107185,0.14995314180850983,0.9580838084220886,0.5443088412284851
YCL035C,YHL017W,0,-0.9611023,0.1499297171831131,0.9580838084220886,0.5444088578224182
YER100W,YER078C,0,-0.96235967,0.14990630745887756,0.9580838084220886,0.5445088744163513
YNL247W,YLR178C,0,-0.96299267,0.14988289773464203,0.9580838084220886,0.5446089506149292
YNL212W,YHR092C,0,-0.96382535,0.1498595029115677,0.9580838084220886,0.5447089672088623
YOL147C,YLR138W,0,-0.9642757,0.14983612298965454,0.9580838084220886,0.5448089838027954
YPR097W,YCL030C,0,-0.9643396,0.1498127281665802,0.9580838084220886,0.5449090003967285
YGR098C,YOR129C,0,-0.9645525,0.14978936314582825,0.9580838084220886,0.5450090169906616
YNR049C,YDR257C,0,-0.965937,0.1497659832239151,0.9580838084220886,0.5451090335845947
YMR207C,YDR189W,0,-0.9662255,0.14974263310432434,0.9580838084220886,0.5452090501785278
YLR435W,YJL021C,0,-0.9664896,0.14971928298473358,0.9580838084220886,0.5453090667724609
YEL015W,YBL080C,0,-0.9665396,0.14969593286514282,0.9580838084220886,0.545409083366394
YJR135C,YMR291W,0,-0.96673715,0.14967259764671326,0.9580838084220886,0.5455090999603271
YML087C,YLR242C,0,-0.96681035,0.1496492624282837,0.9580838084220886,0.5456091165542603
YPL269W,YGR170W,0,-0.9668369,0.14962594211101532,0.9580838084220886,0.5457091331481934
YLR222C,YDR166C,0,-0.9668404,0.14960262179374695,0.9580838084220886,0.5458091497421265
YBL006C,YOL061W,0,-0.9669688,0.14957930147647858,0.9580838084220886,0.5459091663360596
YDL231C,YFR027W,0,-0.96882385,0.1495560109615326,0.9580838084220886,0.5460091829299927
YNL185C,YPR054W,0,-0.9692553,0.14953270554542542,0.9580838084220886,0.5461091995239258
YML106W,YDR365W-A,0,-0.9698427,0.14950941503047943,0.9580838084220886,0.5462092161178589
YKL200C,YJL183W,1,-0.9699265,0.14964185655117035,0.9590818285942078,0.5462092161178589
YNL130C,YOR068C,0,-0.9704628,0.14961855113506317,0.9590818285942078,0.546309232711792
YJL028W,YBR005W,0,-0.97065693,0.1495952606201172,0.9590818285942078,0.5464093089103699
YJR041C,YMR233W,0,-0.97087866,0.1495719850063324,0.9590818285942078,0.546509325504303
YDR210W-A,YPR052C,0,-0.9709553,0.1495487093925476,0.9590818285942078,0.5466093420982361
YMR264W,YCL031C,0,-0.97114116,0.14952543377876282,0.9590818285942078,0.5467093586921692
YPL017C,YMR011W,0,-0.97125477,0.14950217306613922,0.9590818285942078,0.5468093752861023
YOR374W,YGL201C,0,-0.9724262,0.14947892725467682,0.9590818285942078,0.5469093918800354
YOL018C,YAR003W,0,-0.9724324,0.14945568144321442,0.9590818285942078,0.5470094084739685
YOR361C,YGR217W,0,-0.9738127,0.14943243563175201,0.9590818285942078,0.5471094250679016
YLR336C,YBR057C,0,-0.9740958,0.1494092047214508,0.9590818285942078,0.5472094416618347
YDR381W,YIR022W,0,-0.9741164,0.1493859738111496,0.9590818285942078,0.5473094582557678
YAL068C,YAR015W,0,-0.97541213,0.14936275780200958,0.9590818285942078,0.5474094748497009
YIL156W,YFR024C,0,-0.97571325,0.14933955669403076,0.9590818285942078,0.547509491443634
YGR161C-C,YCL051W,0,-0.9761858,0.14931634068489075,0.9590818285942078,0.5476095080375671
YML096W,YDR316W-A,0,-0.9771386,0.14929315447807312,0.9590818285942078,0.5477095246315002
YHR185C,YJR067C,0,-0.9771743,0.1492699533700943,0.9590818285942078,0.5478095412254333
YOR158W,YNL323W,0,-0.977659,0.14924678206443787,0.9590818285942078,0.5479095578193665
YBR213W,YOR192C-B,0,-0.97784585,0.14922359585762024,0.9590818285942078,0.5480095744132996
YNL177C,YHL006C,0,-0.97787523,0.149200439453125,0.9590818285942078,0.5481096506118774
YJR088C,YDR511W,0,-0.97804105,0.14917726814746857,0.9590818285942078,0.5482096672058105
YPR158W-A,YHR005C,0,-0.9785743,0.14915412664413452,0.9590818285942078,0.5483096837997437
YLR157C-B,YGL210W,0,-0.9785743,0.14913097023963928,0.9590818285942078,0.5484097003936768
YHL025W,YKL004W,0,-0.97858787,0.14910782873630524,0.9590818285942078,0.5485097169876099
YJR056C,YKL062W,0,-0.97895193,0.14908470213413239,0.9590818285942078,0.548609733581543
YNL046W,YNR055C,0,-0.9791212,0.14906157553195953,0.9590818285942078,0.5487097501754761
YPL020C,YMR048W,0,-0.97920775,0.14903846383094788,0.9590818285942078,0.5488097667694092
YHR207C,YNR056C,0,-0.97927934,0.14901535212993622,0.9590818285942078,0.5489097833633423
YOR131C,YOR001W,0,-0.97962224,0.14899225533008575,0.9590818285942078,0.5490097999572754
YOR017W,YNL064C,0,-0.9801706,0.1489691585302353,0.9590818285942078,0.5491098165512085
YOR253W,YPL241C,0,-0.9806685,0.14894606173038483,0.9590818285942078,0.5492098331451416
YOL100W,YBR279W,0,-0.9808036,0.14892297983169556,0.9590818285942078,0.5493098497390747
YOL086W-A,YGL040C,0,-0.9810383,0.14889991283416748,0.9590818285942078,0.5494098663330078
YLR037C,YOR329C,0,-0.9823169,0.1488768458366394,0.9590818285942078,0.5495098829269409
YNL054W-A,YNR061C,0,-0.98232764,0.14885377883911133,0.9590818285942078,0.549609899520874
YER118C,YML088W,0,-0.98287356,0.14883072674274445,0.9590818285942078,0.5497099161148071
YHR096C,YHR214C-C,0,-0.98332137,0.14880767464637756,0.9590818285942078,0.5498099327087402
YLR430W,YLR413W,0,-0.9833268,0.14878463745117188,0.9590818285942078,0.5499100089073181
YJL143W,YIR014W,0,-0.98351735,0.14876161515712738,0.9590818285942078,0.5500100255012512
YCL040W,YNR033W,0,-0.9837488,0.1487385779619217,0.9590818285942078,0.5501100420951843
YLR023C,YDL018C,0,-0.98404735,0.1487155705690384,0.9590818285942078,0.5502100586891174
YMR175W,YER108C,0,-0.9842591,0.1486925631761551,0.9590818285942078,0.5503100752830505
YKR046C,YGL226W,0,-0.9842738,0.1486695557832718,0.9590818285942078,0.5504100918769836
YMR156C,YMR133W,0,-0.9847183,0.14864656329154968,0.9590818285942078,0.5505101084709167
YLR459W,YHR044C,0,-0.9850457,0.14862357079982758,0.9590818285942078,0.5506101250648499
YPL143W,YMR022W,0,-0.9853369,0.14860059320926666,0.9590818285942078,0.550710141658783
YLR413W,YOR326W,0,-0.9859896,0.14857761561870575,0.9590818285942078,0.5508101582527161
YOR127W,YLR038C,0,-0.9863478,0.14855463802814484,0.9590818285942078,0.5509101748466492
YDR253C,YIL005W,0,-0.9868526,0.1485316902399063,0.9590818285942078,0.5510101914405823
YHR172W,YCL030C,0,-0.98696715,0.1485087275505066,0.9590818285942078,0.5511102080345154
YCR065W,YDL155W,0,-0.9875357,0.14848577976226807,0.9590818285942078,0.5512102246284485
YKL183W,YHR143W-A,0,-0.9875511,0.14846284687519073,0.9590818285942078,0.5513102412223816
YOR242C,YOL086W-A,0,-0.98778665,0.1484399139881134,0.9590818285942078,0.5514102578163147
YCR066W,YNL051W,0,-0.98846066,0.14841698110103607,0.9590818285942078,0.5515102744102478
YGR244C,YLR147C,0,-0.9887532,0.14839406311511993,0.9590818285942078,0.5516103506088257
YGR109W-A,YPR145W,0,-0.9887607,0.148371160030365,0.9590818285942078,0.5517103672027588
YMR104C,YOL086W-A,0,-0.9887694,0.14834825694561005,0.9590818285942078,0.5518103837966919
YGL196W,YGR272C,0,-0.988952,0.1483253538608551,0.9590818285942078,0.551910400390625
YJL160C,YPL220W,0,-0.9890005,0.14830246567726135,0.9590818285942078,0.5520104169845581
YER081W,YKL216W,0,-0.9890387,0.1482795923948288,0.9590818285942078,0.5521104335784912
YML127W,YPR048W,0,-0.990418,0.14825670421123505,0.9590818285942078,0.5522104501724243
YBR002C,YJL183W,1,-0.991415,0.1483880877494812,0.9600798487663269,0.5522104501724243
YDR150W,YOR356W,0,-0.9921192,0.14836519956588745,0.9600798487663269,0.5523104667663574
YLR220W,YMR189W,0,-0.99301577,0.1483423262834549,0.9600798487663269,0.5524104833602905
YCR038C,YDL130W,0,-0.9930414,0.14831945300102234,0.9600798487663269,0.5525104999542236
YKL158W,YJL216C,0,-0.99321604,0.14829659461975098,0.9600798487663269,0.5526105165481567
YDR098C-A,YDR291W,0,-0.993312,0.14827373623847961,0.9600798487663269,0.5527105331420898
YLR157C-B,YPR105C,0,-0.9935687,0.14825089275836945,0.9600798487663269,0.552810549736023
YBR090C-A,YKL024C,0,-0.9950965,0.14822804927825928,0.9600798487663269,0.552910566329956
YBR175W,YOR381W,0,-0.9972116,0.1482052057981491,0.9600798487663269,0.5530105829238892
YBR018C,YGL124C,0,-0.99743915,0.14818237721920013,0.9600798487663269,0.5531105995178223
YDR113C,YLR190W,0,-0.9976138,0.14815956354141235,0.9600798487663269,0.5532106161117554
YJL021C,YGL157W,0,-0.9978612,0.14813673496246338,0.9600798487663269,0.5533106327056885
YNL082W,YBL103C,0,-0.9980952,0.1481139361858368,0.9600798487663269,0.5534107089042664
YPR097W,YNL199C,0,-0.9981501,0.1480911374092102,0.9600798487663269,0.5535107254981995
YOR153W,YLL023C,0,-0.9986054,0.14806833863258362,0.9600798487663269,0.5536107420921326
YDL195W,YEL032W,0,-0.9987241,0.14804555475711823,0.9600798487663269,0.5537107586860657
YLR435W,YGL049C,0,-0.9990486,0.14802277088165283,0.9600798487663269,0.5538107752799988
YJR007W,YHR007C,0,-0.9991261,0.14800000190734863,0.9600798487663269,0.5539107918739319
YGL077C,YNL176C,0,-0.99958694,0.14797723293304443,0.9600798487663269,0.554010808467865
YML125C,YDR382W,0,-0.9999012,0.14795447885990143,0.9600798487663269,0.5541108250617981
YDL168W,YML026C,0,-1.0000684,0.14793172478675842,0.9600798487663269,0.5542108416557312
YHR072W-A,YBR016W,0,-1.0005744,0.1479089856147766,0.9600798487663269,0.5543108582496643
YLR190W,YPL137C,0,-1.0007371,0.1478862464427948,0.9600798487663269,0.5544108748435974
YER026C,YPR057W,0,-1.0014049,0.147863507270813,0.9600798487663269,0.5545108914375305
YDR123C,YNL293W,0,-1.002477,0.14784078299999237,0.9600798487663269,0.5546109080314636
YBR039W,YBL087C,0,-1.002655,0.14781807363033295,0.9600798487663269,0.5547109246253967
YPL053C,YKL200C,1,-1.0041116,0.1479489952325821,0.961077868938446,0.5547109246253967
YNL062C,YOL092W,0,-1.0047144,0.14792627096176147,0.961077868938446,0.5548109412193298
YBL067C,YFR037C,0,-1.0048279,0.14790354669094086,0.961077868938446,0.5549109578132629
YBR146W,YPR137C-B,0,-1.0049369,0.14788083732128143,0.961077868938446,0.555010974407196
YDR150W,YER110C,0,-1.0060152,0.147858127951622,0.961077868938446,0.5551110506057739
YOR056C,YDR201W,0,-1.0079663,0.14783543348312378,0.961077868938446,0.555211067199707
YJL210W,YFR010W,0,-1.008395,0.14781273901462555,0.961077868938446,0.5553110837936401
YDR300C,YKL129C,0,-1.0087247,0.1477900594472885,0.961077868938446,0.5554111003875732
YNL327W,YMR118C,0,-1.0087823,0.14776737987995148,0.961077868938446,0.5555111169815063
YOR244W,YLR413W,0,-1.0088155,0.14774470031261444,0.961077868938446,0.5556111335754395
YMR131C,YLR035C-A,0,-1.009014,0.1477220505475998,0.961077868938446,0.5557111501693726
YER170W,YKR085C,0,-1.0092982,0.14769938588142395,0.961077868938446,0.5558111667633057
YGR109W-A,YPL008W,0,-1.0095099,0.1476767361164093,0.961077868938446,0.5559111833572388
YPL105C,YCR003W,0,-1.0097528,0.14765410125255585,0.961077868938446,0.5560111999511719
YOR346W,YJL162C,0,-1.0101061,0.1476314514875412,0.961077868938446,0.556111216545105
YPR005C,YJL164C,0,-1.010219,0.14760883152484894,0.961077868938446,0.5562112331390381
YJR117W,YJL197W,0,-1.0102717,0.14758621156215668,0.961077868938446,0.5563112497329712
YBL067C,YPL117C,0,-1.0114048,0.14756359159946442,0.961077868938446,0.5564112663269043
YPR086W,YPR158W-B,0,-1.0114356,0.14754098653793335,0.961077868938446,0.5565112829208374
YNL123W,YOR001W,0,-1.0124633,0.14751838147640228,0.961077868938446,0.5566112995147705
YBR050C,YDR481C,0,-1.0126352,0.1474957913160324,0.961077868938446,0.5567113161087036
YJL125C,YNL024C,0,-1.0126767,0.14747320115566254,0.961077868938446,0.5568113327026367
YBR016W,YER172C,0,-1.0130216,0.14745062589645386,0.961077868938446,0.5569114089012146
YMR233W,YGL085W,0,-1.0133188,0.14742805063724518,0.961077868938446,0.5570114254951477
YKL152C,YNR033W,0,-1.0134518,0.1474054753780365,0.961077868938446,0.5571114420890808
YGR132C,YPR075C,0,-1.0151002,0.147382915019989,0.961077868938446,0.5572114586830139
YML034W,YFL035C-B,0,-1.0157902,0.14736036956310272,0.961077868938446,0.557311475276947
YPR108W,YMR243C,0,-1.0162528,0.14733782410621643,0.961077868938446,0.5574114918708801
YIL153W,YBR280C,0,-1.016479,0.14731527864933014,0.961077868938446,0.5575115084648132
YMR059W,YBR289W,0,-1.0164999,0.14729274809360504,0.961077868938446,0.5576115250587463
YPR183W,YPL183C,0,-1.017194,0.14727021753787994,0.961077868938446,0.5577115416526794
YPR028W,YBR123C,0,-1.0178131,0.14724770188331604,0.961077868938446,0.5578115582466125
YKR092C,YGR200C,0,-1.0180874,0.14722520112991333,0.961077868938446,0.5579115748405457
YLR367W,YHR112C,0,-1.0186872,0.14720268547534943,0.961077868938446,0.5580115914344788
YLR221C,YNL149C,0,-1.019583,0.1471801996231079,0.961077868938446,0.5581116080284119
YBR058C-A,YGR198W,0,-1.0204599,0.1471576988697052,0.961077868938446,0.558211624622345
YNR048W,YCL031C,0,-1.0207375,0.14713521301746368,0.961077868938446,0.5583116412162781
YDR412W,YIL004C,0,-1.0215034,0.14711274206638336,0.961077868938446,0.5584116578102112
YLR377C,YFL029C,0,-1.0215293,0.14709027111530304,0.961077868938446,0.5585116744041443
YPL055C,YGR027W-B,0,-1.0217106,0.14706780016422272,0.961077868938446,0.5586117506027222
YLR242C,YJL076W,0,-1.0218827,0.1470453441143036,0.961077868938446,0.5587117671966553
YGR284C,YBR291C,0,-1.0223601,0.14702290296554565,0.961077868938446,0.5588117837905884
YMR291W,YGL150C,0,-1.0226653,0.14700046181678772,0.961077868938446,0.5589118003845215
YKL154W,YHR013C,0,-1.02367,0.14697802066802979,0.961077868938446,0.5590118169784546
YGR142W,YPL076W,0,-1.0237063,0.14695559442043304,0.961077868938446,0.5591118335723877
YJL062W-A,YLR215C,0,-1.0240564,0.1469331681728363,0.961077868938446,0.5592118501663208
YDR261W-B,YDL091C,0,-1.0242066,0.14691075682640076,0.961077868938446,0.5593118667602539
YDR253C,YLR438C-A,0,-1.0254296,0.1468883454799652,0.961077868938446,0.559411883354187
YBL069W,YIR008C,0,-1.0256512,0.14686594903469086,0.961077868938446,0.5595118999481201
YOR271C,YDR450W,0,-1.0260684,0.1468435525894165,0.961077868938446,0.5596119165420532
YNR036C,YDR227W,0,-1.0271187,0.14682115614414215,0.961077868938446,0.5597119331359863
YMR053C,YBR077C,0,-1.0277259,0.146798774600029,0.961077868938446,0.5598119497299194
YNL038W,YGL181W,0,-1.0277586,0.14677640795707703,0.961077868938446,0.5599119663238525
YNL180C,YDR375C,0,-1.0277677,0.14675404131412506,0.961077868938446,0.5600119829177856
YOL103W-A,YIL007C,0,-1.0282308,0.1467316746711731,0.961077868938446,0.5601119995117188
YCL068C,YLR259C,0,-1.028612,0.14670932292938232,0.961077868938446,0.5602120161056519
YMR101C,YER005W,1,-1.0287819,0.14683930575847626,0.9620758295059204,0.5602120161056519
YNL286W,YOR049C,0,-1.029181,0.1468169391155243,0.9620758295059204,0.560312032699585
YNL210W,YGR029W,0,-1.0292978,0.14679457247257233,0.9620758295059204,0.5604121088981628
YDR156W,YBR058C,0,-1.0295006,0.14677223563194275,0.9620758295059204,0.560512125492096
YLR023C,YAL009W,0,-1.0315282,0.14674988389015198,0.9620758295059204,0.560612142086029
YNL197C,YIL122W,0,-1.0322309,0.1467275470495224,0.9620758295059204,0.5607121586799622
YER153C,YMR286W,0,-1.032231,0.14670522511005402,0.9620758295059204,0.5608121752738953
YJR088C,YDR212W,0,-1.0335057,0.14668290317058563,0.9620758295059204,0.5609121918678284
YOR241W,YJL020C,0,-1.0344858,0.14666058123111725,0.9620758295059204,0.5610122084617615
YPL043W,YPL009C,0,-1.0345721,0.14663827419281006,0.9620758295059204,0.5611122250556946
YOR130C,YHR025W,0,-1.0349343,0.14661596715450287,0.9620758295059204,0.5612122416496277
YPR034W,YHR149C,0,-1.0361757,0.14659367501735687,0.9620758295059204,0.5613122582435608
YCL005W-A,YOL044W,0,-1.0364718,0.14657138288021088,0.9620758295059204,0.5614122748374939
YGR092W,YLL039C,0,-1.0365951,0.14654910564422607,0.9620758295059204,0.561512291431427
YER148W,YGL253W,0,-1.0369582,0.14652682840824127,0.9620758295059204,0.5616123080253601
YBR119W,YGR027W-B,0,-1.0374341,0.14650456607341766,0.9620758295059204,0.5617123246192932
YLR453C,YDR485C,0,-1.0374993,0.14648230373859406,0.9620758295059204,0.5618123412132263
YDR284C,YML131W,0,-1.0382682,0.14646004140377045,0.9620758295059204,0.5619123578071594
YNR032C-A,YGR163W,0,-1.038439,0.14643779397010803,0.9620758295059204,0.5620123744010925
YJR056C,YMR247C,0,-1.0388925,0.14641554653644562,0.9620758295059204,0.5621124505996704
YDR300C,YLR109W,0,-1.0392332,0.1463933140039444,0.9620758295059204,0.5622124671936035
YOL006C,YBR083W,0,-1.0401919,0.14637109637260437,0.9620758295059204,0.5623124837875366
YDR365W-B,YML064C,0,-1.0407798,0.14634886384010315,0.9620758295059204,0.5624125003814697
YDR294C,YFR025C,0,-1.0416554,0.14632666110992432,0.9620758295059204,0.5625125169754028
YJR064W,YHR099W,0,-1.042051,0.1463044434785843,0.9620758295059204,0.5626125335693359
YPL262W,YOR288C,0,-1.0427905,0.14628224074840546,0.9620758295059204,0.562712550163269
YML130C,YGL171W,0,-1.0431249,0.14626005291938782,0.9620758295059204,0.5628125667572021
YDL205C,YBR024W,0,-1.0432267,0.14623786509037018,0.9620758295059204,0.5629125833511353
YJL129C,YBR019C,0,-1.0432404,0.14621567726135254,0.9620758295059204,0.5630125999450684
YGR027W-B,YKL100C,0,-1.0436013,0.1461935043334961,0.9620758295059204,0.5631126165390015
YGR244C,YHR084W,0,-1.043854,0.14617134630680084,0.9620758295059204,0.5632126331329346
YHR138C,YDL204W,0,-1.0438942,0.1461491882801056,0.9620758295059204,0.5633126497268677
YGL226W,YGR223C,0,-1.0439336,0.14612703025341034,0.9620758295059204,0.5634126663208008
YBR083W,YOR236W,0,-1.0441324,0.14610488712787628,0.9620758295059204,0.5635126829147339
YDR394W,YHR112C,0,-1.0444584,0.14608274400234222,0.9620758295059204,0.563612699508667
YDL098C,YBL018C,0,-1.0444715,0.14606060087680817,0.9620758295059204,0.5637127161026001
YLR117C,YMR275C,0,-1.0447437,0.1460384726524353,0.9620758295059204,0.563812792301178
YKL150W,YBL056W,0,-1.0450783,0.14601635932922363,0.9620758295059204,0.5639128088951111
YLR110C,YDR316W-B,0,-1.0451345,0.14599424600601196,0.9620758295059204,0.5640128254890442
YML086C,YPL207W,0,-1.0451671,0.1459721326828003,0.9620758295059204,0.5641128420829773
YGL232W,YGR104C,0,-1.0456202,0.14595003426074982,0.9620758295059204,0.5642128586769104
YLR189C,YBR234C,0,-1.0457894,0.14592795073986053,0.9620758295059204,0.5643128752708435
YCR065W,YML037C,0,-1.045807,0.14590585231781006,0.9620758295059204,0.5644128918647766
YDR316W-A,YOR329C,0,-1.0463221,0.14588378369808197,0.9620758295059204,0.5645129084587097
YMR100W,YOR077W,0,-1.0464625,0.1458617001771927,0.9620758295059204,0.5646129250526428
YIL118W,YLL014W,0,-1.0467355,0.1458396315574646,0.9620758295059204,0.5647129416465759
YIL126W,YBR104W,0,-1.0468402,0.1458175778388977,0.9620758295059204,0.564812958240509
YOR343W-A,YGR062C,0,-1.0471829,0.1457955241203308,0.9620758295059204,0.5649129748344421
YFL018W-A,YFL004W,0,-1.0472338,0.14577347040176392,0.9620758295059204,0.5650129914283752
YFL002W-A,YIL085C,0,-1.0477906,0.14575143158435822,0.9620758295059204,0.5651130080223083
YKL158W,YDR087C,0,-1.0481604,0.1457294076681137,0.9620758295059204,0.5652130246162415
YFR028C,YIR007W,0,-1.0483843,0.145707368850708,0.9620758295059204,0.5653130412101746
YDR034C-C,YNL002C,0,-1.0484681,0.1456853598356247,0.9620758295059204,0.5654130578041077
YDR143C,YML111W,0,-1.04873,0.1456633359193802,0.9620758295059204,0.5655130743980408
YMR293C,YNL294C,0,-1.0491216,0.14564134180545807,0.9620758295059204,0.5656131505966187
YEL016C,YOR344C,0,-1.0491284,0.14561933279037476,0.9620758295059204,0.5657131671905518
YKR059W,YLR078C,0,-1.0491827,0.14559733867645264,0.9620758295059204,0.5658131837844849
YBR201W,YPR031W,0,-1.0494071,0.1455753594636917,0.9620758295059204,0.565913200378418
YLR117C,YJL063C,0,-1.0494124,0.1455533802509308,0.9620758295059204,0.5660132169723511
YMR225C,YIR014W,0,-1.0514109,0.14553140103816986,0.9620758295059204,0.5661132335662842
YHR186C,YIL016W,0,-1.0518434,0.14550943672657013,0.9620758295059204,0.5662132501602173
YMR051C,YNR052C,0,-1.0520155,0.1454874724149704,0.9620758295059204,0.5663132667541504
YPR036W,YDR091C,0,-1.0525932,0.14546552300453186,0.9620758295059204,0.5664132833480835
YHR186C,YHL009W-B,0,-1.0531716,0.14544357359409332,0.9620758295059204,0.5665132999420166
YGR108W,YDR247W,0,-1.0532936,0.14542163908481598,0.9620758295059204,0.5666133165359497
YIL075C,YDR246W,0,-1.0534011,0.14539970457553864,0.9620758295059204,0.5667133331298828
YGL124C,YOR036W,0,-1.0537487,0.1453777700662613,0.9620758295059204,0.5668133497238159
YOR227W,YFL035C-B,0,-1.054034,0.14535585045814514,0.9620758295059204,0.566913366317749
YDR032C,YGL043W,0,-1.0542697,0.145333930850029,0.9620758295059204,0.5670133829116821
YER004W,YDR148C,0,-1.0545049,0.14531202614307404,0.9620758295059204,0.5671133995056152
YOR348C,YMR256C,0,-1.0545883,0.14529012143611908,0.9620758295059204,0.5672134160995483
YHR172W,YNL111C,0,-1.05487,0.14526823163032532,0.9620758295059204,0.5673134922981262
YDL087C,YDL080C,0,-1.0551065,0.14524634182453156,0.9620758295059204,0.5674135088920593
YNL331C,YER065C,0,-1.055111,0.145224466919899,0.9620758295059204,0.5675135254859924
YDR307W,YGR194C,0,-1.0552511,0.14520259201526642,0.9620758295059204,0.5676135420799255
YPL198W,YJL162C,0,-1.0554798,0.14518071711063385,0.9620758295059204,0.5677135586738586
YER091C,YLR069C,0,-1.0558565,0.14515885710716248,0.9620758295059204,0.5678135752677917
YPR104C,YGR181W,0,-1.056037,0.1451370120048523,0.9620758295059204,0.5679135918617249
YAL058W,YIL009W,0,-1.0573928,0.14511515200138092,0.9620758295059204,0.568013608455658
YDR339C,YGL211W,0,-1.057499,0.14509332180023193,0.9620758295059204,0.5681136250495911
YNL099C,YDL141W,0,-1.0586585,0.14507147669792175,0.9620758295059204,0.5682136416435242
YOR043W,YMR016C,0,-1.059091,0.14504964649677277,0.9620758295059204,0.5683136582374573
YNL299W,YML064C,0,-1.0593004,0.14502783119678497,0.9620758295059204,0.5684136748313904
YDR150W,YIL068C,0,-1.0598947,0.14500601589679718,0.9620758295059204,0.5685136914253235
YBR212W,YLL010C,0,-1.0601091,0.14498421549797058,0.9620758295059204,0.5686137080192566
YGR254W,YBR214W,0,-1.0605102,0.1449624001979828,0.9620758295059204,0.5687137246131897
YLR323C,YDR085C,0,-1.0607166,0.14494061470031738,0.9620758295059204,0.5688137412071228
YKL158W,YPR057W,0,-1.0611537,0.14491881430149078,0.9620758295059204,0.5689137578010559
YBR100W,YPR140W,0,-1.0613344,0.14489704370498657,0.9620758295059204,0.569013774394989
YDR323C,YLL013C,0,-1.0613685,0.14487525820732117,0.9620758295059204,0.5691138505935669
YBR133C,YBR161W,0,-1.0615433,0.14485348761081696,0.9620758295059204,0.5692138671875
YKL200C,YER005W,1,-1.061964,0.1449819654226303,0.9630738496780396,0.5692138671875
YML106W,YLR089C,0,-1.062148,0.1449601948261261,0.9630738496780396,0.5693138837814331
YMR017W,YOR284W,0,-1.062964,0.1449384242296219,0.9630738496780396,0.5694139003753662
YIL051C,YDR088C,0,-1.0630677,0.14491665363311768,0.9630738496780396,0.5695139169692993
YNL012W,YML107C,0,-1.0631417,0.14489489793777466,0.9630738496780396,0.5696139335632324
YPR137C-B,YLR337C,0,-1.0631903,0.14487314224243164,0.9630738496780396,0.5697139501571655
YDR538W,YDR092W,0,-1.0631956,0.14485140144824982,0.9630738496780396,0.5698139667510986
YDR013W,YPR097W,0,-1.0637221,0.144829660654068,0.9630738496780396,0.5699139833450317
YCR016W,YBR048W,0,-1.0637817,0.14480791985988617,0.9630738496780396,0.5700139999389648
YKL135C,YLL014W,0,-1.0647228,0.14478619396686554,0.9630738496780396,0.570114016532898
YDR424C,YEL061C,0,-1.0649301,0.1447644829750061,0.9630738496780396,0.570214033126831
YDL019C,YLL010C,0,-1.0650084,0.14474275708198547,0.9630738496780396,0.5703140497207642
YDR202C,YLR079W,0,-1.0657008,0.14472106099128723,0.9630738496780396,0.5704140663146973
YDR210C-D,YPL157W,0,-1.0660636,0.1446993499994278,0.9630738496780396,0.5705140829086304
YMR197C,YOR036W,0,-1.0661061,0.14467765390872955,0.9630738496780396,0.5706140995025635
YOR010C,YMR257C,0,-1.0663286,0.1446559727191925,0.9630738496780396,0.5707141160964966
YJL089W,YPL236C,0,-1.0664425,0.14463429152965546,0.9630738496780396,0.5708141922950745
YOR240W,YOR272W,0,-1.0665982,0.1446126252412796,0.9630738496780396,0.5709142088890076
YMR192W,YDR466W,0,-1.0667517,0.14459094405174255,0.9630738496780396,0.5710142254829407
YCL001W,YJR049C,0,-1.0667934,0.1445692926645279,0.9630738496780396,0.5711142420768738
YJL041W,YGR205W,0,-1.0668168,0.14454762637615204,0.9630738496780396,0.5712142586708069
YLR126C,YPL088W,0,-1.0669925,0.14452598989009857,0.9630738496780396,0.57131427526474
YPR101W,YDR490C,0,-1.0671471,0.1445043385028839,0.9630738496780396,0.5714142918586731
YFL011W,YML087C,0,-1.0674856,0.14448270201683044,0.9630738496780396,0.5715143084526062
YGL003C,YGL111W,0,-1.0675018,0.14446108043193817,0.9630738496780396,0.5716143250465393
YGR157W,YNL112W,0,-1.0680982,0.1444394588470459,0.9630738496780396,0.5717143416404724
YGL058W,YLL021W,0,-1.0681434,0.14441783726215363,0.9630738496780396,0.5718143582344055
YDR069C,YDL194W,0,-1.0684066,0.14439623057842255,0.9630738496780396,0.5719143748283386
YPR174C,YLL067C,0,-1.0686421,0.14437462389469147,0.9630738496780396,0.5720143914222717
YDR130C,YDR258C,0,-1.0692363,0.14435303211212158,0.9630738496780396,0.5721144080162048
YFL003C,YER061C,0,-1.070107,0.1443314403295517,0.9630738496780396,0.5722144246101379
YLR040C,YNL136W,0,-1.0703354,0.1443098485469818,0.9630738496780396,0.572314441204071
YMR044W,YHR111W,0,-1.0711972,0.14428827166557312,0.9630738496780396,0.5724144577980042
YJR109C,YOL100W,0,-1.0720401,0.14426670968532562,0.9630738496780396,0.5725144743919373
YDR034C-D,YLR011W,0,-1.0720887,0.14424514770507812,0.9630738496780396,0.5726145505905151
YDR359C,YLR323C,0,-1.0728538,0.14422358572483063,0.9630738496780396,0.5727145671844482
YAL068C,YDL123W,0,-1.0743208,0.14420203864574432,0.9630738496780396,0.5728145837783813
YHR076W,YKL108W,0,-1.0753533,0.14418049156665802,0.9630738496780396,0.5729146003723145
YGL223C,YLR061W,0,-1.0756958,0.14415894448757172,0.9630738496780396,0.5730146169662476
YDL031W,YGL039W,0,-1.0759263,0.1441374123096466,0.9630738496780396,0.5731146335601807
YGL067W,YJR067C,0,-1.0767517,0.1441158950328827,0.9630738496780396,0.5732146501541138
YLR060W,YCL016C,0,-1.0767759,0.14409437775611877,0.9630738496780396,0.5733146667480469
YGL238W,YAL056W,0,-1.0768771,0.14407286047935486,0.9630738496780396,0.57341468334198
YMR309C,YHR194W,0,-1.0769563,0.14405135810375214,0.9630738496780396,0.5735146999359131
YNL029C,YKL201C,1,-1.0777432,0.144179105758667,0.9640718698501587,0.5735146999359131
YKL051W,YHR009C,0,-1.0791467,0.14415758848190308,0.9640718698501587,0.5736147165298462
YKL108W,YML100W,0,-1.07978,0.14413608610630035,0.9640718698501587,0.5737147331237793
YIL030C,YDR363W-A,0,-1.0800915,0.14411456882953644,0.9640718698501587,0.5738147497177124
YLR057W,YJR022W,0,-1.0801115,0.1440930813550949,0.9640718698501587,0.5739147663116455
YFL034C-A,YIL084C,0,-1.0802224,0.14407159388065338,0.9640718698501587,0.5740147829055786
YPL266W,YDR231C,0,-1.0802271,0.14405010640621185,0.9640718698501587,0.5741147994995117
YML016C,YKL026C,0,-1.0803493,0.14402863383293152,0.9640718698501587,0.5742148160934448
YPL126W,YDR420W,0,-1.0804443,0.14400716125965118,0.9640718698501587,0.5743148922920227
YGL136C,YHR104W,0,-1.0804446,0.14398568868637085,0.9640718698501587,0.5744149088859558
YJR029W,YDR317W,0,-1.0806758,0.1439642310142517,0.9640718698501587,0.5745149254798889
YNL009W,YDR153C,0,-1.080922,0.14394277334213257,0.9640718698501587,0.574614942073822
YCR058C,YDR007W,0,-1.0816997,0.14392133057117462,0.9640718698501587,0.5747149586677551
YLR170C,YMR243C,0,-1.0819279,0.14389990270137787,0.9640718698501587,0.5748149752616882
YLR265C,YIR015W,0,-1.0825253,0.14387845993041992,0.9640718698501587,0.5749149918556213
YER157W,YDR425W,0,-1.0825274,0.14385703206062317,0.9640718698501587,0.5750150084495544
YHR171W,YBL100W-B,0,-1.0827811,0.1438356190919876,0.9640718698501587,0.5751150250434875
YDR486C,YDR122W,0,-1.0832964,0.14381420612335205,0.9640718698501587,0.5752150416374207
YOR099W,YKL200C,1,-1.0842003,0.14394165575504303,0.9650698900222778,0.5752150416374207
YDR103W,YBR044C,0,-1.0843315,0.14392022788524628,0.9650698900222778,0.5753150582313538
YDL200C,YCR092C,0,-1.0851033,0.14389881491661072,0.9650698900222778,0.5754150748252869
YBL087C,YPL111W,0,-1.0855862,0.14387740194797516,0.9650698900222778,0.57551509141922
YGR001C,YCR024C-A,0,-1.0856278,0.1438559889793396,0.9650698900222778,0.5756151080131531
YNL099C,YHR039C-B,0,-1.085726,0.14383459091186523,0.9650698900222778,0.5757151246070862
YML074C,YKR100C,0,-1.0857484,0.14381320774555206,0.9650698900222778,0.5758151412010193
YLR414C,YOL064C,0,-1.0859716,0.1437918245792389,0.9650698900222778,0.5759151577949524
YPL255W,YDL180W,0,-1.0860907,0.14377044141292572,0.9650698900222778,0.5760151743888855
YOR061W,YIL013C,0,-1.0862461,0.14374907314777374,0.9650698900222778,0.5761152505874634
YJL125C,YDL229W,0,-1.0863746,0.14372770488262177,0.9650698900222778,0.5762152671813965
YDR201W,YLR315W,0,-1.0864892,0.14370635151863098,0.9650698900222778,0.5763152837753296
YBR146W,YGR029W,0,-1.087033,0.1436849981546402,0.9650698900222778,0.5764153003692627
YJR121W,YBR265W,0,-1.0873281,0.14366364479064941,0.9650698900222778,0.5765153169631958
YKL099C,YER164W,0,-1.0874856,0.14364230632781982,0.9650698900222778,0.5766153335571289
YCR045C,YIL073C,0,-1.0875723,0.14362096786499023,0.9650698900222778,0.576715350151062
YGL039W,YGR062C,0,-1.087901,0.14359964430332184,0.9650698900222778,0.5768153667449951
YNR051C,YJR099W,0,-1.0883245,0.14357832074165344,0.9650698900222778,0.5769153833389282
YAL010C,YHR014W,0,-1.0885487,0.14355701208114624,0.9650698900222778,0.5770153999328613
YDL193W,YKL199C,0,-1.0888817,0.14353570342063904,0.9650698900222778,0.5771154165267944
YNL015W,YIL017C,0,-1.0896199,0.14351439476013184,0.9650698900222778,0.5772154331207275
YKR078W,YIL111W,0,-1.0900733,0.14349310100078583,0.9650698900222778,0.5773154497146606
YDR018C,YHL020C,0,-1.0914356,0.14347180724143982,0.9650698900222778,0.5774154663085938
YDR121W,YDL042C,0,-1.0916765,0.143450528383255,0.9650698900222778,0.5775154829025269
YHR036W,YDL156W,0,-1.0918964,0.1434292495250702,0.9650698900222778,0.57761549949646
YDL175C,YCR040W,0,-1.0925138,0.14340798556804657,0.9650698900222778,0.5777155160903931
YBR135W,YFR030W,0,-1.092766,0.14338670670986176,0.9650698900222778,0.577815592288971
YDR317W,YER120W,0,-1.09358,0.14336545765399933,0.9650698900222778,0.577915608882904
YOR384W,YJR145C,0,-1.0944273,0.1433442085981369,0.9650698900222778,0.5780156254768372
YDR170W-A,YPL015C,0,-1.0945977,0.14332295954227448,0.9650698900222778,0.5781156420707703
YPL206C,YPL060C-A,0,-1.0948223,0.14330172538757324,0.9650698900222778,0.5782156586647034
YNR051C,YPL005W,0,-1.0951834,0.143280491232872,0.9650698900222778,0.5783156752586365
YOR384W,YDR288W,0,-1.0954721,0.14325925707817078,0.9650698900222778,0.5784156918525696
YMR053C,YDR311W,0,-1.0967317,0.14323803782463074,0.9650698900222778,0.5785157084465027
YNL287W,YOR193W,0,-1.0969908,0.1432168185710907,0.9650698900222778,0.5786157250404358
YOL056W,YGR101W,0,-1.097028,0.14319561421871185,0.9650698900222778,0.5787157416343689
YGL085W,YMR323W,0,-1.097065,0.143174409866333,0.9650698900222778,0.578815758228302
YLR174W,YCR066W,0,-1.0971352,0.14315322041511536,0.9650698900222778,0.5789157748222351
YKL158W,YBR019C,0,-1.0971794,0.1431320309638977,0.9650698900222778,0.5790157914161682
YBR159W,YLR102C,0,-1.0972725,0.14311084151268005,0.9650698900222778,0.5791158080101013
YDR261W-B,YJR076C,0,-1.0981244,0.1430896669626236,0.9650698900222778,0.5792158246040344
YGR159C,YLR138W,0,-1.0981851,0.14306850731372833,0.9650698900222778,0.5793158411979675
YPL116W,YDR264C,0,-1.0987632,0.14304733276367188,0.9650698900222778,0.5794158577919006
YLR048W,YJL096W,0,-1.0991312,0.1430261731147766,0.9650698900222778,0.5795158743858337
YCR070W,YMR214W,0,-1.0992982,0.14300502836704254,0.9650698900222778,0.5796159505844116
YNL288W,YPL249C,0,-1.099569,0.14298388361930847,0.9650698900222778,0.5797159671783447
YDR021W,YKL087C,0,-1.1004516,0.1429627388715744,0.9650698900222778,0.5798159837722778
YMR063W,YHR039C,0,-1.1005251,0.14294160902500153,0.9650698900222778,0.5799160003662109
YDR031W,YGR038C-A,0,-1.1006886,0.14292047917842865,0.9650698900222778,0.580016016960144
YMR149W,YML025C,0,-1.1012425,0.14289936423301697,0.9650698900222778,0.5801160335540771
YKL008C,YJL216C,0,-1.1013342,0.14287824928760529,0.9650698900222778,0.5802160501480103
YHL032C,YDL117W,0,-1.1015438,0.1428571492433548,0.9650698900222778,0.5803160667419434
YHR064C,YKL129C,0,-1.1016061,0.14283603429794312,0.9650698900222778,0.5804160833358765
YDL065C,YGL208W,0,-1.1017834,0.14281494915485382,0.9650698900222778,0.5805160999298096
YEL054C,YDR446W,0,-1.1023473,0.14279386401176453,0.9650698900222778,0.5806161165237427
YFL018W-A,YMR214W,0,-1.1026051,0.14277277886867523,0.9650698900222778,0.5807161331176758
YMR050C,YOR110W,0,-1.102784,0.14275169372558594,0.9650698900222778,0.5808161497116089
YHR020W,YNL336W,0,-1.1030748,0.14273062348365784,0.9650698900222778,0.580916166305542
YHR098C,YLR448W,0,-1.1035396,0.14270956814289093,0.9650698900222778,0.5810161828994751
YAL030W,YJR043C,0,-1.103788,0.14268849790096283,0.9650698900222778,0.5811161994934082
YIL148W,YPR037C,0,-1.1041961,0.14266745746135712,0.9650698900222778,0.5812162160873413
YPL149W,YBR090C-A,0,-1.1042101,0.1426464021205902,0.9650698900222778,0.5813162922859192
YPR165W,YNL209W,0,-1.1043491,0.1426253616809845,0.9650698900222778,0.5814163088798523
YLR121C,YBR268W,0,-1.1051991,0.14260433614253998,0.9650698900222778,0.5815163254737854
YDR307W,YPL175W,0,-1.105872,0.14258331060409546,0.9650698900222778,0.5816163420677185
YNL194C,YNR069C,0,-1.1059783,0.14256228506565094,0.9650698900222778,0.5817163586616516
YDR463W,YER126C,0,-1.1075478,0.14254127442836761,0.9650698900222778,0.5818163752555847
YPL020C,YIL017C,0,-1.1080179,0.1425202637910843,0.9650698900222778,0.5819163918495178
YNL191W,YKL163W,0,-1.1081929,0.14249926805496216,0.9650698900222778,0.5820164084434509
YDR469W,YLR055C,0,-1.1087883,0.14247827231884003,0.9650698900222778,0.582116425037384
YOR011W,YFR027W,0,-1.1088333,0.1424572765827179,0.9650698900222778,0.5822164416313171
YBR058C-A,YHR121W,0,-1.1090829,0.14243629574775696,0.9650698900222778,0.5823164582252502
YOL100W,YKR089C,0,-1.1092246,0.14241531491279602,0.9650698900222778,0.5824164748191833
YHR178W,YCR070W,0,-1.1093861,0.14239434897899628,0.9650698900222778,0.5825164914131165
YFR040W,YDL214C,0,-1.1098913,0.14237338304519653,0.9650698900222778,0.5826165080070496
YNL246W,YNR023W,0,-1.1099312,0.1423524171113968,0.9650698900222778,0.5827165246009827
YOR211C,YMR101C,0,-1.1102386,0.14233146607875824,0.9650698900222778,0.5828165411949158
YNL212W,YIL044C,0,-1.1113868,0.1423105150461197,0.9650698900222778,0.5829165577888489
YBR215W,YGR280C,0,-1.1117206,0.14228957891464233,0.9650698900222778,0.583016574382782
YDL193W,YFL008W,0,-1.1120636,0.14226864278316498,0.9650698900222778,0.5831166505813599
YLR266C,YMR009W,0,-1.1122333,0.14224772155284882,0.9650698900222778,0.583216667175293
YKL112W,YLR439W,0,-1.1124036,0.14222680032253265,0.9650698900222778,0.5833166837692261
YML019W,YKL201C,1,-1.11277,0.14235293865203857,0.9660678505897522,0.5833166837692261
YOR073W,YBR028C,0,-1.1153208,0.1423320174217224,0.9660678505897522,0.5834167003631592
YJR137C,YDR406W,0,-1.1157199,0.14231108129024506,0.9660678505897522,0.5835167169570923
YMR074C,YDR054C,0,-1.1163075,0.1422901600599289,0.9660678505897522,0.5836167335510254
YMR083W,YNL308C,0,-1.1165469,0.14226925373077393,0.9660678505897522,0.5837167501449585
YNL263C,YDL147W,0,-1.116741,0.14224834740161896,0.9660678505897522,0.5838167667388916
YIR026C,YGR266W,0,-1.1173991,0.142227441072464,0.9660678505897522,0.5839167833328247
YIL173W,YPR041W,0,-1.1181499,0.14220654964447021,0.9660678505897522,0.5840167999267578
YLL066C,YGR279C,0,-1.119176,0.14218565821647644,0.9660678505897522,0.5841168165206909
YOR189W,YOL012C,0,-1.1191841,0.14216478168964386,0.9660678505897522,0.584216833114624
YIL040W,YML014W,0,-1.1194322,0.14214390516281128,0.9660678505897522,0.5843168497085571
YOR149C,YCR020W-B,0,-1.1203637,0.1421230435371399,0.9660678505897522,0.5844168663024902
YPR094W,YKL042W,0,-1.1204526,0.1421021670103073,0.9660678505897522,0.5845168828964233
YGR086C,YBR049C,0,-1.1218706,0.14208132028579712,0.9660678505897522,0.5846168994903564
YOR118W,YPR181C,0,-1.1224508,0.14206045866012573,0.9660678505897522,0.5847169160842896
YDL060W,YBR001C,0,-1.1225623,0.14203961193561554,0.9660678505897522,0.5848169922828674
YGR023W,YIL125W,0,-1.1226444,0.14201878011226654,0.9660678505897522,0.5849170088768005
YDR400W,YBL008W,0,-1.1231902,0.14199794828891754,0.9660678505897522,0.5850170254707336
YNL152W,YGR223C,0,-1.1234205,0.14197711646556854,0.9660678505897522,0.5851170420646667
YCL012W,YAL009W,0,-1.1242976,0.14195629954338074,0.9660678505897522,0.5852170586585999
YFL022C,YIL073C,0,-1.1245534,0.14193548262119293,0.9660678505897522,0.585317075252533
YCL066W,YGL054C,0,-1.1253033,0.14191468060016632,0.9660678505897522,0.5854170918464661
YBR185C,YNL284C-B,0,-1.1258117,0.1418938785791397,0.9660678505897522,0.5855171084403992
YBR296C,YDR363W,0,-1.1259392,0.1418730765581131,0.9660678505897522,0.5856171250343323
YCR058C,YIL073C,0,-1.1262858,0.14185228943824768,0.9660678505897522,0.5857171416282654
YHR035W,YAL056W,0,-1.1266912,0.14183150231838226,0.9660678505897522,0.5858171582221985
YJR152W,YMR050C,0,-1.1270823,0.14181073009967804,0.9660678505897522,0.5859171748161316
YDL042C,YBR004C,0,-1.1271012,0.14178995788097382,0.9660678505897522,0.5860171914100647
YFR024C,YLR319C,0,-1.1274863,0.1417691856622696,0.9660678505897522,0.5861172080039978
YJL186W,YML014W,0,-1.1285486,0.14174842834472656,0.9660678505897522,0.5862172245979309
YIR004W,YLR074C,0,-1.1287172,0.14172767102718353,0.9660678505897522,0.586317241191864
YJR002W,YBR078W,0,-1.1292071,0.1417069286108017,0.9660678505897522,0.5864172577857971
YKL158W,YLR061W,0,-1.1301037,0.14168618619441986,0.9660678505897522,0.5865172743797302
YLL054C,YGL073W,0,-1.1304142,0.14166544377803802,0.9660678505897522,0.5866173505783081
YFL035C-A,YIL093C,0,-1.1304446,0.14164471626281738,0.9660678505897522,0.5867173671722412
YHR101C,YDR334W,0,-1.1310954,0.14162398874759674,0.9660678505897522,0.5868173837661743
YGR075C,YJR050W,0,-1.1319175,0.1416032761335373,0.9660678505897522,0.5869174003601074
YDL166C,YER048W-A,0,-1.1321146,0.14158256351947784,0.9660678505897522,0.5870174169540405
YER081W,YDR191W,0,-1.1322342,0.1415618658065796,0.9660678505897522,0.5871174335479736
YKR080W,YDL135C,0,-1.1323013,0.14154116809368134,0.9660678505897522,0.5872174501419067
YDL079C,YGR280C,0,-1.1325396,0.14152047038078308,0.9660678505897522,0.5873174667358398
YMR074C,YLR081W,0,-1.1328948,0.14149978756904602,0.9660678505897522,0.587417483329773
YFL044C,YKL100C,0,-1.1329954,0.14147910475730896,0.9660678505897522,0.587517499923706
YOL100W,YOR076C,0,-1.1333916,0.1414584219455719,0.9660678505897522,0.5876175165176392
YLR299W,YCL055W,0,-1.1338648,0.14143775403499603,0.9660678505897522,0.5877175331115723
YBR139W,YJR068W,0,-1.1339618,0.14141708612442017,0.9660678505897522,0.5878175497055054
YGL254W,YLR127C,0,-1.1341333,0.1413964331150055,0.9660678505897522,0.5879175662994385
YPL029W,YDL134C-A,0,-1.1356838,0.14137578010559082,0.9660678505897522,0.5880175828933716
YOR181W,YKL027W,0,-1.1359546,0.14135514199733734,0.9660678505897522,0.5881175994873047
YDR264C,YBL031W,0,-1.1363658,0.14133450388908386,0.9660678505897522,0.5882176160812378
YFR047C,YNR027W,0,-1.1365199,0.14131386578083038,0.9660678505897522,0.5883176922798157
YDL043C,YDR532C,0,-1.1381469,0.1412932425737381,0.9660678505897522,0.5884177088737488
YIL130W,YKL054C,0,-1.1382015,0.1412726193666458,0.9660678505897522,0.5885177254676819
YNL194C,YLR337C,0,-1.1384287,0.14125201106071472,0.9660678505897522,0.588617742061615
YBR142W,YDR210C-D,0,-1.1384729,0.14123140275478363,0.9660678505897522,0.5887177586555481
YAR003W,YGL085W,0,-1.1390296,0.14121079444885254,0.9660678505897522,0.5888177752494812
YDR142C,YGL213C,0,-1.1394005,0.14119020104408264,0.9660678505897522,0.5889177918434143
YLR450W,YPR048W,0,-1.1398017,0.14116960763931274,0.9660678505897522,0.5890178084373474
YDR141C,YPL092W,0,-1.1398518,0.14114902913570404,0.9660678505897522,0.5891178250312805
YIL026C,YIR017C,0,-1.1411836,0.14112845063209534,0.9660678505897522,0.5892178416252136
YER147C,YJR045C,0,-1.1418862,0.14110787212848663,0.9660678505897522,0.5893178582191467
YDL124W,YDR084C,0,-1.1440675,0.14108730852603912,0.9660678505897522,0.5894178748130798
YNL317W,YHR083W,0,-1.1441338,0.1410667449235916,0.9660678505897522,0.5895178914070129
YGR183C,YER126C,0,-1.1450173,0.1410461962223053,0.9660678505897522,0.589617908000946
YJL111W,YGL155W,0,-1.1451471,0.14102564752101898,0.9660678505897522,0.5897179245948792
YER030W,YHR170W,0,-1.1454437,0.14100509881973267,0.9660678505897522,0.5898179411888123
YER045C,YPL101W,0,-1.1456729,0.14098456501960754,0.9660678505897522,0.5899179577827454
YJL167W,YDR316W-B,0,-1.1462023,0.14096403121948242,0.9660678505897522,0.5900179743766785
YOR127W,YJL021C,0,-1.146436,0.1409435123205185,0.9660678505897522,0.5901180505752563
YLR312C-B,YPL001W,0,-1.1475582,0.14092299342155457,0.9660678505897522,0.5902180671691895
YJL129C,YNL246W,0,-1.1476518,0.14090247452259064,0.9660678505897522,0.5903180837631226
YPL209C,YPL074W,0,-1.148362,0.1408819705247879,0.9660678505897522,0.5904181003570557
YBR189W,YPR096C,0,-1.1484039,0.14086146652698517,0.9660678505897522,0.5905181169509888
YEL020C,YBR103W,0,-1.148663,0.14084097743034363,0.9660678505897522,0.5906181335449219
YOL140W,YLR246W,0,-1.1487743,0.1408204883337021,0.9660678505897522,0.590718150138855
YHL044W,YER020W,0,-1.1488314,0.14079999923706055,0.9660678505897522,0.5908181667327881
YML004C,YMR042W,0,-1.1492717,0.1407795250415802,0.9660678505897522,0.5909181833267212
YDR265W,YIL087C,0,-1.1493592,0.14075905084609985,0.9660678505897522,0.5910181999206543
YOR079C,YHR039C-B,0,-1.1499665,0.1407385915517807,0.9660678505897522,0.5911182165145874
YOR149C,YER179W,0,-1.1500592,0.14071813225746155,0.9660678505897522,0.5912182331085205
YFL018W-A,YNL093W,0,-1.1517782,0.1406976729631424,0.9660678505897522,0.5913182497024536
YDL006W,YIR002C,0,-1.1518071,0.14067722856998444,0.9660678505897522,0.5914182662963867
YMR192W,YLR074C,0,-1.1522542,0.14065678417682648,0.9660678505897522,0.5915182828903198
YDL004W,YLR212C,0,-1.1526445,0.1406363546848297,0.9660678505897522,0.5916182994842529
YJL108C,YOR058C,0,-1.1541336,0.14061592519283295,0.9660678505897522,0.591718316078186
YLR057W,YOL056W,0,-1.1542394,0.14059549570083618,0.9660678505897522,0.5918183922767639
YOR375C,YDR365W-B,0,-1.154731,0.1405750811100006,0.9660678505897522,0.591918408870697
YJR123W,YGR121C,0,-1.1564023,0.14055466651916504,0.9660678505897522,0.5920184254646301
YPL058C,YCR092C,0,-1.1564939,0.14053426682949066,0.9660678505897522,0.5921184420585632
YGR284C,YPL135W,0,-1.1568687,0.14051386713981628,0.9660678505897522,0.5922184586524963
YHR111W,YBR046C,0,-1.1568803,0.1404934674501419,0.9660678505897522,0.5923184752464294
YNL118C,YER169W,0,-1.1570523,0.14047308266162872,0.9660678505897522,0.5924184918403625
YDL079C,YER039C,0,-1.1573203,0.14045269787311554,0.9660678505897522,0.5925185084342957
YFR007W,YML033W,0,-1.1573516,0.14043232798576355,0.9660678505897522,0.5926185250282288
YMR119W,YPL060W,0,-1.1574147,0.14041195809841156,0.9660678505897522,0.5927185416221619
YML059C,YOR045W,0,-1.1574597,0.14039158821105957,0.9660678505897522,0.592818558216095
YOR130C,YDL105W,0,-1.1576682,0.14037123322486877,0.9660678505897522,0.5929185748100281
YNL291C,YOR316C,0,-1.1579207,0.14035087823867798,0.9660678505897522,0.5930185914039612
YGL219C,YML037C,0,-1.1580338,0.14033052325248718,0.9660678505897522,0.5931186079978943
YDL109C,YKL113C,0,-1.1590145,0.14031018316745758,0.9660678505897522,0.5932186245918274
YLL009C,YMR100W,0,-1.1593392,0.14028985798358917,0.9660678505897522,0.5933186411857605
YGL006W,YLR178C,0,-1.1595435,0.14026953279972076,0.9660678505897522,0.5934186577796936
YML027W,YNL030W,0,-1.1601218,0.14024920761585236,0.9660678505897522,0.5935186743736267
YKL028W,YLR032W,0,-1.1602013,0.14022888243198395,0.9660678505897522,0.5936187505722046
YGR121C,YMR268C,0,-1.1605315,0.14020857214927673,0.9660678505897522,0.5937187671661377
YLR099C,YPL135W,0,-1.1606247,0.1401882767677307,0.9660678505897522,0.5938187837600708
YDR316W-A,YMR158W,0,-1.1615078,0.1401679664850235,0.9660678505897522,0.5939188003540039
YDR069C,YMR170C,0,-1.1619389,0.14014767110347748,0.9660678505897522,0.594018816947937
YMR045C,YNL330C,0,-1.1623132,0.14012739062309265,0.9660678505897522,0.5941188335418701
YHL044W,YGR083C,0,-1.162436,0.14010711014270782,0.9660678505897522,0.5942188501358032
YDR217C,YKL052C,0,-1.162507,0.140086829662323,0.9660678505897522,0.5943188667297363
YDR365W-B,YGL090W,0,-1.1625395,0.14006656408309937,0.9660678505897522,0.5944188833236694
YHR096C,YGL085W,0,-1.1630764,0.14004629850387573,0.9660678505897522,0.5945188999176025
YDR276C,YOR316C,0,-1.1638432,0.1400260329246521,0.9660678505897522,0.5946189165115356
YOR255W,YMR156C,0,-1.1642709,0.14000578224658966,0.9660678505897522,0.5947189331054688
YJL069C,YBR154C,0,-1.164402,0.13998553156852722,0.9660678505897522,0.5948189496994019
YGR283C,YCL001W,0,-1.1648386,0.13996529579162598,0.9660678505897522,0.594918966293335
YIL096C,YDL008W,0,-1.1649415,0.13994506001472473,0.9660678505897522,0.5950189828872681
YKL129C,YBR200W,0,-1.1652243,0.13992483913898468,0.9660678505897522,0.5951189994812012
YNL305C,YBL040C,0,-1.1652315,0.13990460336208344,0.9660678505897522,0.5952190160751343
YPL101W,YBL035C,0,-1.1652565,0.13988439738750458,0.9660678505897522,0.5953190922737122
YBR302C,YOR298C-A,0,-1.165783,0.13986417651176453,0.9660678505897522,0.5954191088676453
YPL096C-A,YDR382W,0,-1.1658229,0.13984397053718567,0.9660678505897522,0.5955191254615784
YFR003C,YER071C,0,-1.1666076,0.139823779463768,0.9660678505897522,0.5956191420555115
YOR033C,YDR484W,0,-1.1666961,0.13980358839035034,0.9660678505897522,0.5957191586494446
YCR058C,YKL185W,0,-1.1670096,0.13978339731693268,0.9660678505897522,0.5958191752433777
YMR139W,YPR180W,0,-1.1673789,0.13976320624351501,0.9660678505897522,0.5959191918373108
YIL098C,YHL006C,0,-1.1674416,0.13974303007125854,0.9660678505897522,0.5960192084312439
YNL062C,YHR043C,0,-1.16752,0.13972286880016327,0.9660678505897522,0.596119225025177
YGL126W,YHR079C-B,0,-1.1676552,0.1397026926279068,0.9660678505897522,0.5962192416191101
YDR495C,YKR031C,0,-1.1679491,0.13968254625797272,0.9660678505897522,0.5963192582130432
YLR052W,YOR198C,0,-1.1680374,0.13966238498687744,0.9660678505897522,0.5964192748069763
YER184C,YPL179W,0,-1.1695807,0.13964223861694336,0.9660678505897522,0.5965192914009094
YGR038C-A,YML088W,0,-1.1696744,0.13962209224700928,0.9660678505897522,0.5966193079948425
YAL021C,YKL155C,0,-1.1698902,0.1396019607782364,0.9660678505897522,0.5967193245887756
YHL036W,YGR125W,0,-1.1708677,0.1395818293094635,0.9660678505897522,0.5968193411827087
YDR468C,YHR065C,0,-1.1709,0.1395617127418518,0.9660678505897522,0.5969193577766418
YKL028W,YMR232W,0,-1.1709204,0.13954158127307892,0.9660678505897522,0.597019374370575
YAR066W,YKL045W,0,-1.1709592,0.13952147960662842,0.9660678505897522,0.5971194505691528
YOR245C,YOR090C,0,-1.1718317,0.13950136303901672,0.9660678505897522,0.5972194671630859
YER153C,YNL159C,0,-1.1729667,0.13948126137256622,0.9660678505897522,0.597319483757019
YIL040W,YPR097W,0,-1.1740329,0.13946117460727692,0.9660678505897522,0.5974195003509521
YOL072W,YNR001C,0,-1.1747699,0.1394410878419876,0.9660678505897522,0.5975195169448853
YNL257C,YLR150W,0,-1.176345,0.1394210010766983,0.9660678505897522,0.5976195335388184
YDR148C,YBR033W,0,-1.1764684,0.139400914311409,0.9660678505897522,0.5977195501327515
YGR007W,YPL162C,0,-1.1765584,0.13938084244728088,0.9660678505897522,0.5978195667266846
YBR139W,YOL027C,0,-1.1771873,0.13936078548431396,0.9660678505897522,0.5979195833206177
YGL018C,YKL016C,0,-1.1776723,0.13934072852134705,0.9660678505897522,0.5980195999145508
YFR053C,YDR365W-B,0,-1.1777766,0.13932067155838013,0.9660678505897522,0.5981196165084839
YHR039C-B,YLR371W,0,-1.1779189,0.1393006145954132,0.9660678505897522,0.598219633102417
YNL301C,YPL162C,0,-1.1782322,0.13928057253360748,0.9660678505897522,0.5983196496963501
YLL024C,YLR229C,0,-1.1786189,0.13926054537296295,0.9660678505897522,0.5984196662902832
YGL151W,YMR058W,0,-1.1786405,0.13924050331115723,0.9660678505897522,0.5985196828842163
YFL011W,YIR017C,0,-1.1793453,0.1392204761505127,0.9660678505897522,0.5986196994781494
YML014W,YCR073C,0,-1.1797738,0.13920046389102936,0.9660678505897522,0.5987197160720825
YCR008W,YPL091W,0,-1.1811604,0.13918045163154602,0.9660678505897522,0.5988197922706604
YMR058W,YPR192W,0,-1.1824155,0.13916043937206268,0.9660678505897522,0.5989198088645935
YDR361C,YBR258C,0,-1.1837337,0.13914042711257935,0.9660678505897522,0.5990198254585266
YPR086W,YBL007C,0,-1.1838729,0.1391204297542572,0.9660678505897522,0.5991198420524597
YJR150C,YMR205C,0,-1.1841472,0.13910044729709625,0.9660678505897522,0.5992198586463928
YGR206W,YHR086W,0,-1.1842006,0.1390804648399353,0.9660678505897522,0.5993198752403259
YDR252W,YER111C,0,-1.1846546,0.13906048238277435,0.9660678505897522,0.599419891834259
YLR439W,YKR001C,0,-1.1851552,0.1390404999256134,0.9660678505897522,0.5995199084281921
YER170W,YML100W,0,-1.1860238,0.13902053236961365,0.9660678505897522,0.5996199250221252
YML082W,YDR039C,0,-1.1865981,0.13900057971477509,0.9660678505897522,0.5997199416160583
YBR018C,YOR156C,0,-1.1875168,0.13898061215877533,0.9660678505897522,0.5998199582099915
YER038C,YJR096W,0,-1.1881194,0.13896065950393677,0.9660678505897522,0.5999199748039246
YBR160W,YAL009W,0,-1.1887432,0.1389407217502594,0.9660678505897522,0.6000199913978577
YNL128W,YDL076C,0,-1.1887836,0.13892078399658203,0.9660678505897522,0.6001200079917908
YGR044C,YMR323W,0,-1.1888647,0.13890084624290466,0.9660678505897522,0.6002200245857239
YPL056C,YNR055C,0,-1.1889608,0.1388809233903885,0.9660678505897522,0.600320041179657
YPR148C,YNL035C,0,-1.1896968,0.13886100053787231,0.9660678505897522,0.6004200577735901
YPL021W,YNL158W,0,-1.1897018,0.13884107768535614,0.9660678505897522,0.6005200743675232
YDR139C,YLR385C,0,-1.1906512,0.13882116973400116,0.9660678505897522,0.6006201505661011
YML011C,YIL087C,0,-1.1910881,0.13880126178264618,0.9660678505897522,0.6007201671600342
YPL255W,YML042W,0,-1.1911905,0.1387813687324524,0.9660678505897522,0.6008201837539673
YGR261C,YDR365C,0,-1.1923647,0.1387614607810974,0.9660678505897522,0.6009202003479004
YJL190C,YHR205W,0,-1.192378,0.13874158263206482,0.9660678505897522,0.6010202169418335
YFL052W,YDL130W,0,-1.1933947,0.13872168958187103,0.9660678505897522,0.6011202335357666
YGR186W,YMR298W,0,-1.193956,0.13870182633399963,0.9660678505897522,0.6012202501296997
YHR072W-A,YJR065C,0,-1.1946722,0.13868194818496704,0.9660678505897522,0.6013202667236328
YHR072W-A,YBR098W,0,-1.1947737,0.13866208493709564,0.9660678505897522,0.6014202833175659
YFL024C,YGR033C,0,-1.1954526,0.13864222168922424,0.9660678505897522,0.601520299911499
YKR062W,YLR185W,0,-1.195538,0.13862237334251404,0.9660678505897522,0.6016203165054321
YER004W,YOR245C,0,-1.1955805,0.13860252499580383,0.9660678505897522,0.6017203330993652
YHL013C,YOR247W,0,-1.1962025,0.13858267664909363,0.9660678505897522,0.6018203496932983
YDR443C,YHR034C,0,-1.1971874,0.13856284320354462,0.9660678505897522,0.6019203662872314
YDR119W,YLR035C-A,0,-1.19741,0.1385430097579956,0.9660678505897522,0.6020203828811646
YJL025W,YBL030C,0,-1.1976367,0.1385231763124466,0.9660678505897522,0.6021203994750977
YPL193W,YLR057W,0,-1.1983972,0.13850335776805878,0.9660678505897522,0.6022204160690308
YDR213W,YPL189W,0,-1.1985021,0.13848355412483215,0.9660678505897522,0.6023204922676086
YHR098C,YPL190C,0,-1.199372,0.13846373558044434,0.9660678505897522,0.6024205088615417
YAR050W,YLR417W,0,-1.2003381,0.1384439319372177,0.9660678505897522,0.6025205254554749
YBR077C,YDR104C,0,-1.2013274,0.13842414319515228,0.9660678505897522,0.602620542049408
YLR283W,YOL011W,0,-1.2020106,0.13840433955192566,0.9660678505897522,0.6027205586433411
YMR283C,YOR344C,0,-1.2020186,0.13838456571102142,0.9660678505897522,0.6028205752372742
YBL037W,YOL128C,0,-1.2023883,0.138364776968956,0.9660678505897522,0.6029205918312073
YIL008W,YBR212W,0,-1.202841,0.13834500312805176,0.9660678505897522,0.6030206084251404
YPL280W,YDR073W,0,-1.2033565,0.13832522928714752,0.9660678505897522,0.6031206250190735
YFL022C,YPL169C,0,-1.2049196,0.13830547034740448,0.9660678505897522,0.6032206416130066
YMR156C,YJL118W,0,-1.205376,0.13828571140766144,0.9660678505897522,0.6033206582069397
YPR122W,YOR001W,0,-1.2057471,0.1382659673690796,0.9660678505897522,0.6034206748008728
YBR100W,YIR037W,0,-1.2062099,0.13824620842933655,0.9660678505897522,0.6035206913948059
YDR170W-A,YDL056W,0,-1.2062316,0.1382264792919159,0.9660678505897522,0.603620707988739
YJL078C,YBR049C,0,-1.2070559,0.13820673525333405,0.9660678505897522,0.6037207245826721
YDR077W,YGL097W,0,-1.2073799,0.1381870061159134,0.9660678505897522,0.6038207411766052
YHR210C,YDL082W,0,-1.2075853,0.13816729187965393,0.9660678505897522,0.6039207577705383
YMR166C,YDR359C,0,-1.207794,0.13814756274223328,0.9660678505897522,0.6040207743644714
YJL173C,YJL111W,0,-1.2078769,0.13812784850597382,0.9660678505897522,0.6041208505630493
YOR049C,YKL141W,0,-1.2084013,0.13810814917087555,0.9660678505897522,0.6042208671569824
YOL072W,YPL146C,0,-1.2086186,0.13808844983577728,0.9660678505897522,0.6043208837509155
YDR507C,YKL056C,0,-1.2088273,0.13806875050067902,0.9660678505897522,0.6044209003448486
YMR001C,YOL034W,0,-1.2088633,0.13804906606674194,0.9660678505897522,0.6045209169387817
YOR095C,YER054C,0,-1.2089437,0.13802936673164368,0.9660678505897522,0.6046209335327148
YDR482C,YIL157C,0,-1.2091643,0.1380096971988678,0.9660678505897522,0.604720950126648
YDL149W,YGL096W,0,-1.2102082,0.13799002766609192,0.9660678505897522,0.604820966720581
YDR387C,YDR528W,0,-1.2107074,0.13797035813331604,0.9660678505897522,0.6049209833145142
YLR362W,YDR510W,0,-1.2112514,0.13795068860054016,0.9660678505897522,0.6050209999084473
YGR215W,YCL027C-A,0,-1.2119977,0.13793103396892548,0.9660678505897522,0.6051210165023804
YDL019C,YCR018C,0,-1.2128022,0.1379113793373108,0.9660678505897522,0.6052210330963135
YDR021W,YDR013W,0,-1.2133121,0.1378917396068573,0.9660678505897522,0.6053210496902466
YBR121C,YGR235C,0,-1.2139978,0.1378720998764038,0.9660678505897522,0.6054210662841797
YMR118C,YHL044W,0,-1.2146453,0.13785246014595032,0.9660678505897522,0.6055210828781128
YGR260W,YJR035W,0,-1.2148302,0.13783283531665802,0.9660678505897522,0.6056210994720459
YNL194C,YNL101W,0,-1.2150838,0.13781321048736572,0.9660678505897522,0.605721116065979
YGL187C,YKL059C,0,-1.2152997,0.13779360055923462,0.9660678505897522,0.6058211922645569
YBR227C,YEL038W,0,-1.215338,0.13777397572994232,0.9660678505897522,0.60592120885849
YOR202W,YNL151C,0,-1.2165451,0.1377543807029724,0.9660678505897522,0.6060212254524231
YKL125W,YCL062W,0,-1.216773,0.1377347707748413,0.9660678505897522,0.6061212420463562
YLR318W,YCR035C,0,-1.2181771,0.1377151757478714,0.9660678505897522,0.6062212586402893
YAL021C,YGL208W,0,-1.2186193,0.13769559562206268,0.9660678505897522,0.6063212752342224
YER020W,YDR465C,0,-1.2194155,0.13767600059509277,0.9660678505897522,0.6064212918281555
YDR259C,YOR076C,0,-1.2201169,0.13765642046928406,0.9660678505897522,0.6065213084220886
YMR104C,YGR071C,0,-1.2204652,0.13763685524463654,0.9660678505897522,0.6066213250160217
YNL145W,YKR014C,0,-1.2204732,0.137617290019989,0.9660678505897522,0.6067213416099548
YOL089C,YOL125W,0,-1.2218071,0.1375977247953415,0.9660678505897522,0.6068213582038879
YBL087C,YER012W,0,-1.2226441,0.13757817447185516,0.9660678505897522,0.606921374797821
YDR322C-A,YMR214W,0,-1.2238667,0.13755862414836884,0.9660678505897522,0.6070213913917542
YEL064C,YJR052W,0,-1.2249633,0.1375390738248825,0.9660678505897522,0.6071214079856873
YLR292C,YGR009C,0,-1.2250698,0.13751953840255737,0.9660678505897522,0.6072214245796204
YPL137C,YIR035C,0,-1.2251924,0.13750000298023224,0.9660678505897522,0.6073214411735535
YLR131C,YDR016C,0,-1.2254208,0.1374804675579071,0.9660678505897522,0.6074214577674866
YGL049C,YBR290W,0,-1.2254281,0.13746094703674316,0.9660678505897522,0.6075215339660645
YMR076C,YCR037C,0,-1.2255062,0.13744142651557922,0.9660678505897522,0.6076215505599976
YMR013C,YBR002C,1,-1.2255167,0.13756388425827026,0.9670658707618713,0.6076215505599976
YJL062W,YML033W,0,-1.2260392,0.13754436373710632,0.9670658707618713,0.6077215671539307
YLL066C,YPR031W,0,-1.2264183,0.13752484321594238,0.9670658707618713,0.6078215837478638
YBL030C,YGL210W-A,0,-1.227175,0.13750532269477844,0.9670658707618713,0.6079216003417969
YNR040W,YDR210C-D,0,-1.2272921,0.1374858170747757,0.9670658707618713,0.60802161693573
YJR046W,YHR118C,0,-1.2278003,0.13746631145477295,0.9670658707618713,0.6081216335296631
YDR003W,YML014W,0,-1.227922,0.1374468058347702,0.9670658707618713,0.6082216501235962
YOR173W,YKR098C,0,-1.2281549,0.13742731511592865,0.9670658707618713,0.6083216667175293
YAL008W,YMR139W,0,-1.2284243,0.1374078243970871,0.9670658707618713,0.6084216833114624
YMR142C,YEL061C,0,-1.2285311,0.13738834857940674,0.9670658707618713,0.6085216999053955
YBL046W,YPL096C-A,0,-1.228982,0.13736887276172638,0.9670658707618713,0.6086217164993286
YNL021W,YMR163C,0,-1.2290852,0.13734939694404602,0.9670658707618713,0.6087217330932617
YHR001W-A,YJR015W,0,-1.2306387,0.13732993602752686,0.9670658707618713,0.6088217496871948
YOR010C,YEL038W,0,-1.2309891,0.1373104751110077,0.9670658707618713,0.6089217662811279
YPL281C,YEL077C,0,-1.2311502,0.13729101419448853,0.9670658707618713,0.609021782875061
YNL189W,YDL144C,0,-1.2314827,0.13727156817913055,0.9670658707618713,0.6091217994689941
YLR132C,YNL134C,0,-1.2316768,0.13725212216377258,0.9670658707618713,0.6092218160629272
YNL062C,YDR452W,0,-1.2319368,0.1372326910495758,0.9670658707618713,0.6093218922615051
YPR183W,YCL027C-A,0,-1.2326238,0.13721325993537903,0.9670658707618713,0.6094219088554382
YLR293C,YNL244C,0,-1.2338753,0.13719382882118225,0.9670658707618713,0.6095219254493713
YMR021C,YKL221W,0,-1.2339418,0.13717441260814667,0.9670658707618713,0.6096219420433044
YDL235C,YPL024W,0,-1.2340844,0.13715499639511108,0.9670658707618713,0.6097219586372375
YLR225C,YJL106W,0,-1.2363038,0.1371355801820755,0.9670658707618713,0.6098219752311707
YCL005W-A,YKL181W,0,-1.2366595,0.1371161788702011,0.9670658707618713,0.6099219918251038
YHR108W,YML023C,0,-1.2371585,0.13709677755832672,0.9670658707618713,0.6100220084190369
YPR158W-B,YJL093C,0,-1.2388488,0.13707737624645233,0.9670658707618713,0.61012202501297
YKL129C,YJR158W,0,-1.2393398,0.13705798983573914,0.9670658707618713,0.6102220416069031
YHR184W,YBL106C,0,-1.239538,0.13703860342502594,0.9670658707618713,0.6103220582008362
YGR038C-B,YCR068W,0,-1.2398139,0.13701923191547394,0.9670658707618713,0.6104220747947693
YBR239C,YFL035C-B,0,-1.240032,0.13699986040592194,0.9670658707618713,0.6105220913887024
YBR228W,YLR427W,0,-1.2403731,0.13698048889636993,0.9670658707618713,0.6106221079826355
YGL166W,YIL167W,0,-1.2418215,0.13696113228797913,0.9670658707618713,0.6107221245765686
YKL139W,YBL106C,0,-1.2420582,0.13694177567958832,0.9670658707618713,0.6108221411705017
YEL013W,YER108C,0,-1.2428648,0.1369224190711975,0.9670658707618713,0.6109221577644348
YOR389W,YLR207W,0,-1.2435353,0.1369030773639679,0.9670658707618713,0.6110222339630127
YNL278W,YGR013W,0,-1.2442997,0.13688373565673828,0.9670658707618713,0.6111222505569458
YNL299W,YHR190W,0,-1.244602,0.13686440885066986,0.9670658707618713,0.6112222671508789
YIL117C,YOR120W,0,-1.2448275,0.13684508204460144,0.9670658707618713,0.611322283744812
YOL071W,YAR044W,0,-1.2458656,0.13682575523853302,0.9670658707618713,0.6114223003387451
YPR164W,YPL280W,0,-1.246137,0.1368064433336258,0.9670658707618713,0.6115223169326782
YFL044C,YGL018C,0,-1.2464623,0.13678713142871857,0.9670658707618713,0.6116223335266113
YPR158W-A,YLR293C,0,-1.2469461,0.13676781952381134,0.9670658707618713,0.6117223501205444
YHR070W,YMR217W,0,-1.247122,0.1367485225200653,0.9670658707618713,0.6118223667144775
YDL146W,YCL012W,0,-1.2473451,0.13672922551631927,0.9670658707618713,0.6119223833084106
YKL062W,YPR005C,0,-1.2474566,0.13670992851257324,0.9670658707618713,0.6120223999023438
YPR100W,YER035W,0,-1.2475078,0.1366906464099884,0.9670658707618713,0.6121224164962769
YPR145W,YNL064C,0,-1.2475495,0.13667136430740356,0.9670658707618713,0.61222243309021
YGL219C,YAL055W,0,-1.2476149,0.13665209710597992,0.9670658707618713,0.6123224496841431
YHR202W,YNL190W,0,-1.2481818,0.13663282990455627,0.9670658707618713,0.6124224662780762
YHL044W,YBR231C,0,-1.2491693,0.13661356270313263,0.9670658707618713,0.6125224828720093
YJR155W,YDL164C,0,-1.2497896,0.13659431040287018,0.9670658707618713,0.6126224994659424
YLL067C,YDL008W,0,-1.2498013,0.13657505810260773,0.9670658707618713,0.6127225160598755
YMR225C,YIL065C,0,-1.250141,0.13655580580234528,0.9670658707618713,0.6128225922584534
YBL022C,YJR049C,0,-1.2501713,0.13653656840324402,0.9670658707618713,0.6129226088523865
YOR144C,YHR090C,0,-1.2504138,0.13651733100414276,0.9670658707618713,0.6130226254463196
YGR254W,YPR124W,0,-1.2504313,0.1364980936050415,0.9670658707618713,0.6131226420402527
YFL025C,YHR146W,0,-1.2517525,0.13647887110710144,0.9670658707618713,0.6132226586341858
YOL156W,YDL205C,0,-1.2518553,0.13645964860916138,0.9670658707618713,0.6133226752281189
YLR135W,YML040W,0,-1.2518761,0.1364404410123825,0.9670658707618713,0.613422691822052
YGR202C,YKL027W,0,-1.2523168,0.13642123341560364,0.9670658707618713,0.6135227084159851
YHR042W,YBR291C,0,-1.2523404,0.13640202581882477,0.9670658707618713,0.6136227250099182
YDR210C-D,YHL031C,0,-1.252814,0.1363828331232071,0.9670658707618713,0.6137227416038513
YMR236W,YDR307W,0,-1.2528489,0.13636364042758942,0.9670658707618713,0.6138227581977844
YCR072C,YLR442C,0,-1.2530147,0.13634444773197174,0.9670658707618713,0.6139227747917175
YGR103W,YAL023C,0,-1.2532191,0.13632526993751526,0.9670658707618713,0.6140227913856506
YGR132C,YGL222C,0,-1.2533339,0.13630609214305878,0.9670658707618713,0.6141228079795837
YCL054W,YBR016W,0,-1.254564,0.1362869143486023,0.9670658707618713,0.6142228245735168
YDL119C,YMR163C,0,-1.2554929,0.136267751455307,0.9670658707618713,0.61432284116745
YHR148W,YDR225W,0,-1.255718,0.13624858856201172,0.9670658707618713,0.6144228577613831
YGL167C,YPL275W,0,-1.2558272,0.13622944056987762,0.9670658707618713,0.6145229339599609
YDL191W,YIL106W,0,-1.255948,0.13621029257774353,0.9670658707618713,0.614622950553894
YGL084C,YOL071W,0,-1.2562703,0.13619114458560944,0.9670658707618713,0.6147229671478271
YLR408C,YLR306W,0,-1.2565044,0.13617201149463654,0.9670658707618713,0.6148229837417603
YGL249W,YFL016C,0,-1.2571435,0.13615287840366364,0.9670658707618713,0.6149230003356934
YPR102C,YPL215W,0,-1.2572615,0.13613374531269073,0.9670658707618713,0.6150230169296265
YGR027W-A,YMR092C,0,-1.2577776,0.13611462712287903,0.9670658707618713,0.6151230335235596
YJR125C,YPR166C,0,-1.2579558,0.13609550893306732,0.9670658707618713,0.6152230501174927
YLR196W,YJR134C,0,-1.2581931,0.13607639074325562,0.9670658707618713,0.6153230667114258
YMR086W,YGR200C,0,-1.2582977,0.1360572874546051,0.9670658707618713,0.6154230833053589
YCR079W,YHL007C,0,-1.2585316,0.1360381841659546,0.9670658707618713,0.615523099899292
YML074C,YLR367W,0,-1.2587879,0.13601909577846527,0.9670658707618713,0.6156231164932251
YDR298C,YOR101W,0,-1.2588826,0.13600000739097595,0.9670658707618713,0.6157231330871582
YIR031C,YPL055C,0,-1.2591786,0.13598091900348663,0.9670658707618713,0.6158231496810913
YCR021C,YBR030W,0,-1.2597222,0.13596183061599731,0.9670658707618713,0.6159231662750244
YGL067W,YCL026C-A,0,-1.2605674,0.1359427571296692,0.9670658707618713,0.6160231828689575
YDR084C,YLL026W,0,-1.261619,0.13592369854450226,0.9670658707618713,0.6161231994628906
YNL229C,YCL068C,0,-1.2621336,0.13590462505817413,0.9670658707618713,0.6162232160568237
YLR275W,YLR186W,0,-1.2625769,0.1358855664730072,0.9670658707618713,0.6163232922554016
YNL025C,YOR181W,0,-1.2626418,0.13586652278900146,0.9670658707618713,0.6164233088493347
YDR093W,YGR205W,0,-1.2639163,0.13584746420383453,0.9670658707618713,0.6165233254432678
YOL033W,YEL063C,0,-1.2642441,0.1358284205198288,0.9670658707618713,0.6166233420372009
YGR090W,YBR106W,0,-1.2643694,0.13580939173698425,0.9670658707618713,0.616723358631134
YLL016W,YML070W,0,-1.2645603,0.1357903629541397,0.9670658707618713,0.6168233752250671
YBL038W,YNL252C,0,-1.2647039,0.13577133417129517,0.9670658707618713,0.6169233918190002
YIL008W,YKL146W,0,-1.2647167,0.13575230538845062,0.9670658707618713,0.6170234084129333
YGR247W,YER044C-A,0,-1.2655412,0.13573329150676727,0.9670658707618713,0.6171234250068665
YPL189C-A,YKL025C,0,-1.2656552,0.13571429252624512,0.9670658707618713,0.6172234416007996
YIR007W,YHL022C,0,-1.2658591,0.13569527864456177,0.9670658707618713,0.6173234581947327
YCR047C,YHL009W-B,0,-1.2660205,0.1356762796640396,0.9670658707618713,0.6174234747886658
YOR032C,YDR088C,0,-1.2660457,0.13565728068351746,0.9670658707618713,0.6175234913825989
YCR043C,YPR070W,0,-1.2666509,0.1356382966041565,0.9670658707618713,0.617623507976532
YMR318C,YOL076W,0,-1.2670724,0.13561931252479553,0.9670658707618713,0.6177235245704651
YBR079C,YMR134W,0,-1.26717,0.13560032844543457,0.9670658707618713,0.6178235411643982
YGL251C,YBR088C,0,-1.2673929,0.1355813592672348,0.9670658707618713,0.6179235577583313
YBR056W,YJL054W,0,-1.2677865,0.13556239008903503,0.9670658707618713,0.6180236339569092
YGL054C,YBR090C-A,0,-1.2683,0.13554343581199646,0.9670658707618713,0.6181236505508423
YDL160C,YOR094W,0,-1.2684164,0.13552448153495789,0.9670658707618713,0.6182236671447754
YKR045C,YGR108W,0,-1.2684705,0.1355055272579193,0.9670658707618713,0.6183236837387085
YLR040C,YFR015C,0,-1.2686133,0.13548657298088074,0.9670658707618713,0.6184237003326416
YCL062W,YGR046W,0,-1.2691246,0.13546763360500336,0.9670658707618713,0.6185237169265747
YKL092C,YLR061W,0,-1.2702978,0.13544869422912598,0.9670658707618713,0.6186237335205078
YHL032C,YDL069C,0,-1.2707133,0.1354297697544098,0.9670658707618713,0.6187237501144409
YCR024C,YFL052W,0,-1.2710521,0.1354108452796936,0.9670658707618713,0.618823766708374
YDR379W,YHR185C,0,-1.2715656,0.13539192080497742,0.9670658707618713,0.6189237833023071
YKL096W,YLR058C,0,-1.2718468,0.13537301123142242,0.9670658707618713,0.6190237998962402
YMR318C,YJL168C,0,-1.2720089,0.13535410165786743,0.9670658707618713,0.6191238164901733
YDR313C,YMR139W,0,-1.2720399,0.13533519208431244,0.9670658707618713,0.6192238330841064
YLR319C,YDL052C,0,-1.2722325,0.13531629741191864,0.9670658707618713,0.6193238496780396
YGL013C,YDR075W,0,-1.2730983,0.13529740273952484,0.9670658707618713,0.6194238662719727
YBR204C,YJR017C,0,-1.2731018,0.13527850806713104,0.9670658707618713,0.6195238828659058
YNL106C,YMR171C,0,-1.2731386,0.13525962829589844,0.9670658707618713,0.6196238994598389
YDL129W,YCL019W,0,-1.2737665,0.13524074852466583,0.9670658707618713,0.619723916053772
YGR109W-A,YKR085C,0,-1.2738059,0.13522188365459442,0.9670658707618713,0.6198239922523499
YAL028W,YOR075W,0,-1.2738802,0.135203018784523,0.9670658707618713,0.619924008846283
YJL021C,YOR116C,0,-1.274036,0.1351841539144516,0.9670658707618713,0.6200240254402161
YDR376W,YAL062W,0,-1.2750359,0.1351652890443802,0.9670658707618713,0.6201240420341492
YKL051W,YER053C,0,-1.2751453,0.13514643907546997,0.9670658707618713,0.6202240586280823
YGL061C,YHR152W,0,-1.2756461,0.13512760400772095,0.9670658707618713,0.6203240752220154
YKL002W,YGL012W,0,-1.2756643,0.13510875403881073,0.9670658707618713,0.6204240918159485
YER159C-A,YBL088C,0,-1.2759498,0.1350899189710617,0.9670658707618713,0.6205241084098816
YKL200C,YAL023C,1,-1.2763791,0.13521048426628113,0.9680638909339905,0.6205241084098816
YNL129W,YLR298C,0,-1.2763902,0.1351916342973709,0.9680638909339905,0.6206241250038147
YNL257C,YJL099W,0,-1.2768009,0.1351727992296219,0.9680638909339905,0.6207241415977478
YOR060C,YJL052W,0,-1.2769144,0.13515396416187286,0.9680638909339905,0.6208241581916809
YNL278W,YCR063W,0,-1.2773739,0.13513512909412384,0.9680638909339905,0.620924174785614
YHR050W,YDR075W,0,-1.2773999,0.135116308927536,0.9680638909339905,0.6210241913795471
YHR081W,YIL038C,0,-1.2775033,0.13509748876094818,0.9680638909339905,0.6211242079734802
YOR267C,YHL009W-B,0,-1.2777953,0.13507868349552155,0.9680638909339905,0.6212242245674133
YLL010C,YPL225W,0,-1.2789906,0.1350598782300949,0.9680638909339905,0.6213242411613464
YKL010C,YGL111W,0,-1.2798625,0.13504107296466827,0.9680638909339905,0.6214242577552795
YDR287W,YMR261C,0,-1.2799336,0.13502226769924164,0.9680638909339905,0.6215243339538574
YEL002C,YKL200C,1,-1.2801027,0.13514265418052673,0.9690618515014648,0.6215243339538574
YLR004C,YKL197C,0,-1.2801788,0.1351238489151001,0.9690618515014648,0.6216243505477905
YHR129C,YCL062W,0,-1.2804261,0.13510504364967346,0.9690618515014648,0.6217243671417236
YNR040W,YKL116C,0,-1.2805603,0.13508625328540802,0.9690618515014648,0.6218243837356567
YOR245C,YHL009W-B,0,-1.2812424,0.13506746292114258,0.9690618515014648,0.6219244003295898
YPL145C,YOR141C,0,-1.2818067,0.13504867255687714,0.9690618515014648,0.622024416923523
YDR130C,YLR175W,0,-1.2819359,0.1350298970937729,0.9690618515014648,0.622124433517456
YOR066W,YML131W,0,-1.2820873,0.13501112163066864,0.9690618515014648,0.6222244501113892
YKL164C,YOL147C,0,-1.2834744,0.13499236106872559,0.9690618515014648,0.6223244667053223
YCR024C-A,YDL099W,0,-1.2835076,0.13497358560562134,0.9690618515014648,0.6224244832992554
YPL181W,YKR010C,0,-1.2839922,0.13495482504367828,0.9690618515014648,0.6225244998931885
YDL230W,YLR064W,0,-1.2840154,0.13493607938289642,0.9690618515014648,0.6226245164871216
YCR106W,YOR044W,0,-1.2849398,0.13491733372211456,0.9690618515014648,0.6227245330810547
YOL086W-A,YGR083C,0,-1.2852414,0.1348985880613327,0.9690618515014648,0.6228245496749878
YJR134C,YBR021W,0,-1.2852619,0.13487984240055084,0.9690618515014648,0.6229245662689209
YBL009W,YLL054C,0,-1.2852882,0.13486111164093018,0.9690618515014648,0.623024582862854
YLR040C,YFL022C,0,-1.2854476,0.1348423808813095,0.9690618515014648,0.6231245994567871
YPL095C,YML104C,0,-1.285913,0.13482366502285004,0.9690618515014648,0.6232246160507202
YNL330C,YCL033C,0,-1.2859418,0.13480494916439056,0.9690618515014648,0.6233246922492981
YKL045W,YPL190C,0,-1.2860723,0.1347862333059311,0.9690618515014648,0.6234247088432312
YNL300W,YBR090C-A,0,-1.2866099,0.13476751744747162,0.9690618515014648,0.6235247254371643
YER159C-A,YJL072C,0,-1.2867863,0.13474881649017334,0.9690618515014648,0.6236247420310974
YDR197W,YNL090W,0,-1.2869139,0.13473013043403625,0.9690618515014648,0.6237247586250305
YAR014C,YBL100W-A,0,-1.287462,0.13471142947673798,0.9690618515014648,0.6238247752189636
YPL198W,YKR085C,0,-1.2878218,0.1346927434206009,0.9690618515014648,0.6239247918128967
YOR065W,YER140W,0,-1.2881825,0.1346740573644638,0.9690618515014648,0.6240248084068298
YLL035W,YJR135C,0,-1.2884382,0.13465538620948792,0.9690618515014648,0.6241248250007629
YDR077W,YPR082C,0,-1.2889575,0.13463671505451202,0.9690618515014648,0.624224841594696
YBR090C-A,YLR340W,0,-1.2892503,0.13461804389953613,0.9690618515014648,0.6243248581886292
YGL207W,YPL135W,0,-1.2893385,0.13459938764572144,0.9690618515014648,0.6244248747825623
YPL227C,YDR123C,0,-1.2895126,0.13458073139190674,0.9690618515014648,0.6245248913764954
YBR012W-B,YPR042C,0,-1.2897682,0.13456209003925323,0.9690618515014648,0.6246249079704285
YOR086C,YLR194C,0,-1.2907224,0.13454343378543854,0.9690618515014648,0.6247249245643616
YPL262W,YHR017W,0,-1.2909217,0.13452479243278503,0.9690618515014648,0.6248249411582947
YMR156C,YNL317W,0,-1.292493,0.13450616598129272,0.9690618515014648,0.6249249577522278
YOR171C,YKL164C,0,-1.29311,0.13448753952980042,0.9690618515014648,0.6250250339508057
YPR201W,YCL057C-A,0,-1.2934679,0.1344689130783081,0.9690618515014648,0.6251250505447388
YMR288W,YOR195W,0,-1.293525,0.1344502866268158,0.9690618515014648,0.6252250671386719
YDR363W,YGR191W,0,-1.2956475,0.13443167507648468,0.9690618515014648,0.625325083732605
YPR137C-B,YPL033C,0,-1.2960553,0.13441306352615356,0.9690618515014648,0.6254251003265381
YGR132C,YDL113C,0,-1.2961113,0.13439446687698364,0.9690618515014648,0.6255251169204712
YOR236W,YAL013W,0,-1.2970495,0.13437587022781372,0.9690618515014648,0.6256251335144043
YLR004C,YGR163W,0,-1.2971689,0.1343572735786438,0.9690618515014648,0.6257251501083374
YDR316W,YJL159W,0,-1.2972107,0.13433867692947388,0.9690618515014648,0.6258251667022705
YDR130C,YHR118C,0,-1.2996323,0.13432009518146515,0.9690618515014648,0.6259251832962036
YMR047C,YCR086W,0,-1.299996,0.13430152833461761,0.9690618515014648,0.6260251998901367
YOR091W,YNR052C,0,-1.3001478,0.1342829465866089,0.9690618515014648,0.6261252164840698
YOR240W,YCL033C,0,-1.3007867,0.13426437973976135,0.9690618515014648,0.6262252330780029
YPR145W,YLR377C,0,-1.301646,0.13424581289291382,0.9690618515014648,0.626325249671936
YER110C,YOR192C,0,-1.3016748,0.13422726094722748,0.9690618515014648,0.6264252662658691
YDR217C,YDR257C,0,-1.3018479,0.13420870900154114,0.9690618515014648,0.6265252828598022
YMR070W,YPR063C,0,-1.3021874,0.1341901570558548,0.9690618515014648,0.6266252994537354
YFL018W-A,YIL009W,0,-1.3026342,0.13417162001132965,0.9690618515014648,0.6267253160476685
YER172C,YPL079W,0,-1.3036306,0.1341530829668045,0.9690618515014648,0.6268253922462463
YKL221W,YLR312C-B,0,-1.3060067,0.13413454592227936,0.9690618515014648,0.6269254088401794
YOL042W,YNL093W,0,-1.3062439,0.1341160237789154,0.9690618515014648,0.6270254254341125
YMR156C,YML076C,0,-1.30656,0.13409750163555145,0.9690618515014648,0.6271254420280457
YNL162W,YLL038C,0,-1.3066545,0.1340789794921875,0.9690618515014648,0.6272254586219788
YKR046C,YIL097W,0,-1.3067932,0.13406047224998474,0.9690618515014648,0.6273254752159119
YPL018W,YPL257W-A,0,-1.3088046,0.13404196500778198,0.9690618515014648,0.627425491809845
YIL041W,YBR041W,0,-1.3097613,0.13402345776557922,0.9690618515014648,0.6275255084037781
YGR205W,YDR385W,0,-1.310102,0.13400496542453766,0.9690618515014648,0.6276255249977112
YJR035W,YOL116W,0,-1.3103967,0.1339864730834961,0.9690618515014648,0.6277255415916443
YGL018C,YBR241C,0,-1.3108935,0.13396799564361572,0.9690618515014648,0.6278255581855774
YJL143W,YLR373C,0,-1.3115537,0.13394950330257416,0.9690618515014648,0.6279255747795105
YJL094C,YKL052C,0,-1.3117139,0.13393104076385498,0.9690618515014648,0.6280255913734436
YKL220C,YDR044W,0,-1.3124619,0.1339125633239746,0.9690618515014648,0.6281256079673767
YIL113W,YLL053C,0,-1.314231,0.13389410078525543,0.9690618515014648,0.6282256245613098
YDR361C,YDR273W,0,-1.3144639,0.13387563824653625,0.9690618515014648,0.6283256411552429
YOR380W,YKR093W,0,-1.3151066,0.13385717570781708,0.9690618515014648,0.628425657749176
YML014W,YKL025C,0,-1.3165915,0.1338387280702591,0.9690618515014648,0.6285257339477539
YCL012W,YML048W,0,-1.3166595,0.1338202804327011,0.9690618515014648,0.628625750541687
YDR103W,YER109C,0,-1.3169742,0.13380184769630432,0.9690618515014648,0.6287257671356201
YHR150W,YDR517W,0,-1.3171473,0.13378341495990753,0.9690618515014648,0.6288257837295532
YDR170W-A,YKL029C,0,-1.3176761,0.13376498222351074,0.9690618515014648,0.6289258003234863
YHR088W,YDR388W,0,-1.3179194,0.13374654948711395,0.9690618515014648,0.6290258169174194
YMR076C,YHL015W,0,-1.3180801,0.13372813165187836,0.9690618515014648,0.6291258335113525
YKL065C,YDR520C,0,-1.3188004,0.13370972871780396,0.9690618515014648,0.6292258501052856
YOL123W,YDL159W,0,-1.3195987,0.13369131088256836,0.9690618515014648,0.6293258666992188
YNL021W,YDL105W,0,-1.3200576,0.13367290794849396,0.9690618515014648,0.6294258832931519
YBR084C-A,YPR168W,0,-1.3202574,0.13365450501441956,0.9690618515014648,0.629525899887085
YGL016W,YKR039W,0,-1.3202693,0.13363611698150635,0.9690618515014648,0.6296259164810181
YDL064W,YDR075W,0,-1.3207378,0.13361772894859314,0.9690618515014648,0.6297259330749512
YPR022C,YDR177W,0,-1.3209931,0.13359934091567993,0.9690618515014648,0.6298259496688843
YNR049C,YDR464W,0,-1.321153,0.13358095288276672,0.9690618515014648,0.6299259662628174
YER048W-A,YBR073W,0,-1.3215514,0.1335625797510147,0.9690618515014648,0.6300259828567505
YDR182W,YKL138C-A,0,-1.3219466,0.1335442215204239,0.9690618515014648,0.6301259994506836
YMR312W,YML015C,0,-1.322473,0.13352584838867188,0.9690618515014648,0.6302260160446167
YKL069W,YLR308W,0,-1.3229113,0.13350749015808105,0.9690618515014648,0.6303260922431946
YER155C,YMR268C,0,-1.3230715,0.13348914682865143,0.9690618515014648,0.6304261088371277
YBR235W,YGR178C,0,-1.3232739,0.1334707885980606,0.9690618515014648,0.6305261254310608
YML024W,YMR162C,0,-1.3243072,0.13345244526863098,0.9690618515014648,0.6306261420249939
YDR121W,YCL069W,0,-1.3244965,0.13343410193920135,0.9690618515014648,0.630726158618927
YJL002C,YKL200C,1,-1.3247501,0.1335531771183014,0.970059871673584,0.630726158618927
YPL057C,YNL213C,0,-1.3247886,0.13353481888771057,0.970059871673584,0.6308261752128601
YMR263W,YBR211C,0,-1.3249857,0.13351649045944214,0.970059871673584,0.6309261918067932
YLL050C,YDR056C,0,-1.3258611,0.1334981471300125,0.970059871673584,0.6310262084007263
YPL092W,YOR192C-A,0,-1.3263392,0.13347981870174408,0.970059871673584,0.6311262249946594
YIL173W,YHL011C,0,-1.327299,0.13346149027347565,0.970059871673584,0.6312262415885925
YHR153C,YKL146W,0,-1.3281729,0.13344316184520721,0.970059871673584,0.6313262581825256
YDR264C,YBR279W,0,-1.3287092,0.13342484831809998,0.970059871673584,0.6314262747764587
YKL145W,YJR015W,0,-1.3289162,0.13340653479099274,0.970059871673584,0.6315262913703918
YHR098C,YGL033W,0,-1.3293009,0.1333882212638855,0.970059871673584,0.631626307964325
YDR302W,YNL225C,0,-1.3298181,0.13336992263793945,0.970059871673584,0.6317263245582581
YAR009C,YPL066W,0,-1.3298409,0.1333516240119934,0.970059871673584,0.6318263411521912
YPL128C,YNL059C,0,-1.3305954,0.13333334028720856,0.970059871673584,0.6319263577461243
YOR026W,YBL017C,0,-1.330751,0.1333150416612625,0.970059871673584,0.6320264339447021
YJL145W,YDR098C-B,0,-1.3307929,0.13329675793647766,0.970059871673584,0.6321264505386353
YPL040C,YNL207W,0,-1.3310094,0.133278489112854,0.970059871673584,0.6322264671325684
YNL325C,YLL042C,0,-1.3314412,0.13326022028923035,0.970059871673584,0.6323264837265015
YGR060W,YHR096C,0,-1.3328371,0.1332419514656067,0.970059871673584,0.6324265003204346
YPR183W,YNL264C,0,-1.3328471,0.13322368264198303,0.970059871673584,0.6325265169143677
YKR086W,YFL047W,0,-1.3333687,0.13320542871952057,0.970059871673584,0.6326265335083008
YIL043C,YPR133C,0,-1.3336371,0.1331871747970581,0.970059871673584,0.6327265501022339
YOR196C,YNL115C,0,-1.334339,0.13316892087459564,0.970059871673584,0.632826566696167
YAL042W,YFR038W,0,-1.334476,0.13315068185329437,0.970059871673584,0.6329265832901001
YBL060W,YNL318C,0,-1.3348387,0.1331324428319931,0.970059871673584,0.6330265998840332
YPL069C,YKR052C,0,-1.3355418,0.13311421871185303,0.970059871673584,0.6331266164779663
YBR302C,YER160C,0,-1.3357008,0.13309599459171295,0.970059871673584,0.6332266330718994
YHL036W,YEL016C,0,-1.335885,0.13307777047157288,0.970059871673584,0.6333266496658325
YHR009C,YLR054C,0,-1.3360337,0.1330595463514328,0.970059871673584,0.6334266662597656
YGL222C,YER142C,0,-1.3363059,0.13304133713245392,0.970059871673584,0.6335266828536987
YML025C,YGR040W,0,-1.3365097,0.13302312791347504,0.970059871673584,0.6336266994476318
YCR063W,YHR152W,0,-1.3365226,0.13300491869449615,0.970059871673584,0.6337267160415649
YLR037C,YKL145W,0,-1.3366648,0.13298672437667847,0.970059871673584,0.6338267922401428
YKL200C,YKL035W,1,-1.336766,0.1331053376197815,0.9710578918457031,0.6338267922401428
YBL005W-A,YPL060W,0,-1.3372283,0.1330871284008026,0.9710578918457031,0.6339268088340759
YDR307W,YDR019C,0,-1.3373314,0.13306893408298492,0.9710578918457031,0.634026825428009
YPR158W-A,YFR008W,0,-1.3378241,0.13305072486400604,0.9710578918457031,0.6341268420219421
YMR030W,YBL022C,0,-1.3382012,0.13303254544734955,0.9710578918457031,0.6342268586158752
YKL218C,YEL024W,0,-1.3389347,0.13301435112953186,0.9710578918457031,0.6343268752098083
YMR086W,YOR088W,0,-1.3390708,0.13299617171287537,0.9710578918457031,0.6344268918037415
YGL061C,YLL014W,0,-1.3392189,0.13297799229621887,0.9710578918457031,0.6345269083976746
YDR384C,YLL001W,0,-1.339248,0.13295982778072357,0.9710578918457031,0.6346269249916077
YDR441C,YDR237W,0,-1.3393892,0.13294166326522827,0.9710578918457031,0.6347269415855408
YOR227W,YEL004W,0,-1.3398623,0.13292349874973297,0.9710578918457031,0.6348269581794739
YGR004W,YGL133W,0,-1.3402219,0.13290533423423767,0.9710578918457031,0.634926974773407
YHL017W,YCR053W,0,-1.3402915,0.13288718461990356,0.9710578918457031,0.6350269913673401
YMR118C,YHR101C,0,-1.340503,0.13286904990673065,0.9710578918457031,0.6351270079612732
YLR341W,YOL003C,0,-1.3405707,0.13285090029239655,0.9710578918457031,0.6352270245552063
YPL170W,YLL057C,0,-1.3412033,0.13283276557922363,0.9710578918457031,0.6353270411491394
YPR003C,YHR108W,0,-1.3423994,0.13281463086605072,0.9710578918457031,0.6354270577430725
YHR020W,YIL168W,0,-1.342971,0.132796511054039,0.9710578918457031,0.6355271339416504
YDL135C,YGL251C,0,-1.3431935,0.13277839124202728,0.9710578918457031,0.6356271505355835
YOR202W,YGL139W,0,-1.3436532,0.13276027143001556,0.9710578918457031,0.6357271671295166
YPR086W,YGL147C,0,-1.343964,0.13274215161800385,0.9710578918457031,0.6358271837234497
YDL136W,YFR044C,0,-1.3447433,0.13272404670715332,0.9710578918457031,0.6359272003173828
YBR245C,YIL013C,0,-1.345205,0.1327059417963028,0.9710578918457031,0.6360272169113159
YML013W,YDR162C,0,-1.3452744,0.13268785178661346,0.9710578918457031,0.636127233505249
YAL068C,YMR051C,0,-1.3458948,0.13266976177692413,0.9710578918457031,0.6362272500991821
YBR180W,YMR014W,0,-1.3463422,0.1326516717672348,0.9710578918457031,0.6363272666931152
YMR053C,YDR129C,0,-1.3466327,0.13263358175754547,0.9710578918457031,0.6364272832870483
YMR127C,YHR123W,0,-1.3469127,0.13261550664901733,0.9710578918457031,0.6365272998809814
YDR471W,YGL099W,0,-1.3474226,0.1325974315404892,0.9710578918457031,0.6366273164749146
YHR034C,YOL001W,0,-1.3474836,0.13257937133312225,0.9710578918457031,0.6367273330688477
YNL077W,YOL103W-A,0,-1.3478862,0.1325613111257553,0.9710578918457031,0.6368273496627808
YCL029C,YDR510W,0,-1.3479542,0.13254325091838837,0.9710578918457031,0.6369273662567139
YNL206C,YGL253W,0,-1.3485603,0.13252519071102142,0.9710578918457031,0.637027382850647
YJL094C,YGL135W,0,-1.3499147,0.13250714540481567,0.9710578918457031,0.6371273994445801
YPR164W,YDL160C,0,-1.350403,0.13248910009860992,0.9710578918457031,0.6372274160385132
YGL232W,YFR028C,0,-1.3504326,0.13247106969356537,0.9710578918457031,0.6373274922370911
YNL012W,YPL045W,0,-1.350704,0.1324530392885208,0.9710578918457031,0.6374275088310242
YGL253W,YDR176W,0,-1.3510364,0.13243500888347626,0.9710578918457031,0.6375275254249573
YCL012W,YNL041C,0,-1.351364,0.1324169784784317,0.9710578918457031,0.6376275420188904
YDL213C,YHR203C,0,-1.3516033,0.13239896297454834,0.9710578918457031,0.6377275586128235
YPL193W,YNL098C,0,-1.351715,0.13238094747066498,0.9710578918457031,0.6378275752067566
YER169W,YCL055W,0,-1.352056,0.1323629468679428,0.9710578918457031,0.6379275918006897
YKR105C,YMR119W,0,-1.3530614,0.13234494626522064,0.9710578918457031,0.6380276083946228
YLR234W,YOR034C,0,-1.3533624,0.13232694566249847,0.9710578918457031,0.6381276249885559
YJL094C,YBR265W,0,-1.3542264,0.1323089450597763,0.9710578918457031,0.638227641582489
YML082W,YJL001W,0,-1.3545433,0.13229095935821533,0.9710578918457031,0.6383276581764221
YNL318C,YKL195W,0,-1.3546207,0.13227297365665436,0.9710578918457031,0.6384276747703552
YMR023C,YOR088W,0,-1.3559973,0.13225498795509338,0.9710578918457031,0.6385276913642883
YDL159W,YLR035C-A,0,-1.3560382,0.1322370171546936,0.9710578918457031,0.6386277079582214
YCR039C,YBR114W,0,-1.3561195,0.13221904635429382,0.9710578918457031,0.6387277245521545
YOR266W,YHR039C-B,0,-1.3563843,0.13220109045505524,0.9710578918457031,0.6388277411460876
YOR356W,YNL251C,0,-1.3568423,0.13218313455581665,0.9710578918457031,0.6389277577400208
YCR004C,YML018C,0,-1.3569963,0.13216517865657806,0.9710578918457031,0.6390278339385986
YLR299W,YGL005C,0,-1.3576369,0.13214722275733948,0.9710578918457031,0.6391278505325317
YOR284W,YOR048C,0,-1.358219,0.13212928175926208,0.9710578918457031,0.6392278671264648
YGR090W,YHL018W,0,-1.358231,0.1321113407611847,0.9710578918457031,0.639327883720398
YER155C,YMR163C,0,-1.3588221,0.1320933997631073,0.9710578918457031,0.639427900314331
YPL193W,YPL123C,0,-1.3590956,0.1320754736661911,0.9710578918457031,0.6395279169082642
YDR341C,YNL068C,0,-1.3595637,0.1320575475692749,0.9710578918457031,0.6396279335021973
YBR239C,YLL050C,0,-1.3600273,0.1320396214723587,0.9710578918457031,0.6397279500961304
YJR045C,YPL203W,0,-1.360228,0.1320217102766037,0.9710578918457031,0.6398279666900635
YBL025W,YOL007C,0,-1.3607967,0.1320037990808487,0.9710578918457031,0.6399279832839966
YOL098C,YNR023W,0,-1.3608305,0.1319858878850937,0.9710578918457031,0.6400279998779297
YCR016W,YDR088C,0,-1.3624189,0.13196799159049988,0.9710578918457031,0.6401280164718628
YHR184W,YJL074C,0,-1.3633227,0.13195009529590607,0.9710578918457031,0.6402280330657959
YGR080W,YBL016W,0,-1.3638623,0.13193219900131226,0.9710578918457031,0.640328049659729
YBR135W,YDL144C,0,-1.3640103,0.13191431760787964,0.9710578918457031,0.6404280662536621
YFL055W,YOR063W,0,-1.364625,0.13189643621444702,0.9710578918457031,0.6405280828475952
YDL060W,YKL042W,0,-1.3646669,0.1318785548210144,0.9710578918457031,0.6406280994415283
YDL156W,YOR070C,0,-1.364676,0.13186068832874298,0.9710578918457031,0.6407281160354614
YMR226C,YLR304C,0,-1.3652562,0.13184282183647156,0.9710578918457031,0.6408281922340393
YDL110C,YPL106C,0,-1.3653855,0.13182495534420013,0.9710578918457031,0.6409282088279724
YKL049C,YNL308C,0,-1.3660375,0.1318071037530899,0.9710578918457031,0.6410282254219055
YNL154C,YJL092W,0,-1.3667477,0.13178925216197968,0.9710578918457031,0.6411282420158386
YDR117C,YDL240W,0,-1.3671412,0.13177140057086945,0.9710578918457031,0.6412282586097717
YIL066C,YGR253C,0,-1.3674572,0.13175354897975922,0.9710578918457031,0.6413282752037048
YGR128C,YNL272C,0,-1.3678508,0.13173571228981018,0.9710578918457031,0.6414282917976379
YIL062C,YOL103W-A,0,-1.3687061,0.13171787559986115,0.9710578918457031,0.641528308391571
YMR237W,YNL035C,0,-1.3688315,0.1317000538110733,0.9710578918457031,0.6416283249855042
YKL158W,YOR257W,0,-1.3689384,0.13168223202228546,0.9710578918457031,0.6417283415794373
YPL090C,YLR200W,0,-1.3693625,0.13166441023349762,0.9710578918457031,0.6418283581733704
YKL192C,YER146W,0,-1.3695377,0.13164660334587097,0.9710578918457031,0.6419283747673035
YOR368W,YER065C,0,-1.3695903,0.13162878155708313,0.9710578918457031,0.6420283913612366
YNR007C,YOR343W-A,0,-1.3705624,0.13161098957061768,0.9710578918457031,0.6421284079551697
YNL123W,YLR040C,0,-1.3707674,0.13159318268299103,0.9710578918457031,0.6422284245491028
YOR191W,YOR192C-B,0,-1.3711369,0.13157539069652557,0.9710578918457031,0.6423284411430359
YML034W,YIL103W,0,-1.3715299,0.13155759871006012,0.9710578918457031,0.642428457736969
YGL178W,YNL209W,0,-1.3729233,0.13153980672359467,0.9710578918457031,0.6425285339355469
YOR254C,YCL062W,0,-1.3730184,0.1315220296382904,0.9710578918457031,0.64262855052948
YHR036W,YDR536W,0,-1.3735087,0.13150425255298615,0.9710578918457031,0.6427285671234131
YER133W,YNR046W,0,-1.3739287,0.13148649036884308,0.9710578918457031,0.6428285837173462
YNL053W,YOR260W,0,-1.3742962,0.13146871328353882,0.9710578918457031,0.6429286003112793
YNL250W,YGL245W,0,-1.3748934,0.13145096600055695,0.9710578918457031,0.6430286169052124
YIL172C,YMR205C,0,-1.3751745,0.13143320381641388,0.9710578918457031,0.6431286334991455
YGR076C,YBR267W,0,-1.375339,0.131415456533432,0.9710578918457031,0.6432286500930786
YOL044W,YNL030W,0,-1.3753697,0.13139770925045013,0.9710578918457031,0.6433286666870117
YBR248C,YPR107C,0,-1.3754678,0.13137996196746826,0.9710578918457031,0.6434286832809448
YKL099C,YMR192W,0,-1.3764,0.13136222958564758,0.9710578918457031,0.6435286998748779
YOL121C,YCL062W,0,-1.3765976,0.1313444972038269,0.9710578918457031,0.643628716468811
YKL084W,YBL018C,0,-1.3768983,0.13132676482200623,0.9710578918457031,0.6437287330627441
YDL220C,YHR141C,0,-1.3786263,0.13130904734134674,0.9710578918457031,0.6438287496566772
YPL116W,YIR014W,0,-1.3788593,0.13129132986068726,0.9710578918457031,0.6439287662506104
YMR134W,YCR106W,0,-1.3796734,0.13127361238002777,0.9710578918457031,0.6440287828445435
YPL175W,YHL022C,0,-1.3801982,0.1312558948993683,0.9710578918457031,0.6441287994384766
YBR039W,YIL120W,0,-1.3818998,0.13123819231987,0.9710578918457031,0.6442288160324097
YJL170C,YGL255W,0,-1.3824253,0.1312205046415329,0.9710578918457031,0.6443288922309875
YDR412W,YOR326W,0,-1.3830698,0.1312028020620346,0.9710578918457031,0.6444289088249207
YDR358W,YPL186C,0,-1.3831112,0.1311851143836975,0.9710578918457031,0.6445289254188538
YHR033W,YPR114W,0,-1.3833952,0.1311674267053604,0.9710578918457031,0.6446289420127869
YML008C,YDL223C,0,-1.3834096,0.1311497539281845,0.9710578918457031,0.64472895860672
YKR095W-A,YDR046C,0,-1.3837881,0.1311320811510086,0.9710578918457031,0.6448289752006531
YMR167W,YML042W,0,-1.3838952,0.1311144083738327,0.9710578918457031,0.6449289917945862
YNL312W,YPL249C,0,-1.3844192,0.1310967355966568,0.9710578918457031,0.6450290083885193
YER030W,YJL059W,0,-1.3866756,0.1310790777206421,0.9710578918457031,0.6451290249824524
YBL047C,YDL200C,0,-1.3875915,0.13106141984462738,0.9710578918457031,0.6452290415763855
YMR164C,YPL257W-A,0,-1.3877056,0.13104377686977386,0.9710578918457031,0.6453290581703186
YPR007C,YNR032W,0,-1.3880849,0.13102611899375916,0.9710578918457031,0.6454290747642517
YHR024C,YBL014C,0,-1.3880874,0.13100847601890564,0.9710578918457031,0.6455290913581848
YGL119W,YDR420W,0,-1.3880885,0.13099084794521332,0.9710578918457031,0.6456291079521179
YBR090C-A,YML118W,0,-1.3882113,0.130973219871521,0.9710578918457031,0.645729124546051
YJL021C,YBL071W-A,0,-1.3886611,0.13095559179782867,0.9710578918457031,0.6458291411399841
YPL204W,YDR021W,0,-1.3888192,0.13093796372413635,0.9710578918457031,0.6459291577339172
YDR324C,YIL053W,0,-1.3893766,0.13092035055160522,0.9710578918457031,0.6460292339324951
YIL147C,YCL020W,0,-1.3893824,0.1309027373790741,0.9710578918457031,0.6461292505264282
YJL051W,YHR149C,0,-1.3899584,0.13088512420654297,0.9710578918457031,0.6462292671203613
YBR198C,YHL020C,0,-1.389988,0.13086752593517303,0.9710578918457031,0.6463292837142944
YBR290W,YOR035C,0,-1.3900385,0.1308499127626419,0.9710578918457031,0.6464293003082275
YGL047W,YDR122W,0,-1.3901678,0.13083232939243317,0.9710578918457031,0.6465293169021606
YDL066W,YIL017C,0,-1.3904116,0.13081473112106323,0.9710578918457031,0.6466293334960938
YJL221C,YGL059W,0,-1.390891,0.1307971477508545,0.9710578918457031,0.6467293500900269
YLR423C,YGR161C-D,0,-1.3911936,0.13077956438064575,0.9710578918457031,0.64682936668396
YPR066W,YDL017W,0,-1.3919375,0.1307619959115982,0.9710578918457031,0.6469293832778931
YLL024C,YAR010C,0,-1.3927298,0.13074442744255066,0.9710578918457031,0.6470293998718262
YMR134W,YGR035C,0,-1.3928075,0.1307268589735031,0.9710578918457031,0.6471294164657593
YDR169C,YPR199C,0,-1.3928138,0.13070929050445557,0.9710578918457031,0.6472294330596924
YOL117W,YLR006C,0,-1.3940551,0.1306917369365692,0.9710578918457031,0.6473294496536255
YLL021W,YOR076C,0,-1.3953531,0.13067418336868286,0.9710578918457031,0.6474294662475586
YER032W,YDR485C,0,-1.3955435,0.1306566447019577,0.9710578918457031,0.6475294828414917
YKL010C,YPL192C,0,-1.3962345,0.13063909113407135,0.9710578918457031,0.6476294994354248
YHR201C,YGL079W,0,-1.3978959,0.13062156736850739,0.9710578918457031,0.6477295756340027
YLR096W,YIL070C,0,-1.3992792,0.13060402870178223,0.9710578918457031,0.6478295922279358
YIL172C,YLR048W,0,-1.3993202,0.13058650493621826,0.9710578918457031,0.6479296088218689
YER141W,YDL104C,0,-1.4000273,0.1305689811706543,0.9710578918457031,0.648029625415802
YBR227C,YNL029C,0,-1.4002277,0.13055145740509033,0.9710578918457031,0.6481296420097351
YNL240C,YOR247W,0,-1.4003868,0.13053394854068756,0.9710578918457031,0.6482296586036682
YGR017W,YLR367W,0,-1.400944,0.1305164247751236,0.9710578918457031,0.6483296751976013
YNL311C,YDL243C,0,-1.4011227,0.13049893081188202,0.9710578918457031,0.6484296917915344
YPR046W,YKL139W,0,-1.4012903,0.13048142194747925,0.9710578918457031,0.6485297083854675
YLR176C,YNL139C,0,-1.4014064,0.13046392798423767,0.9710578918457031,0.6486297249794006
YGL104C,YHR106W,0,-1.4014308,0.1304464340209961,0.9710578918457031,0.6487297415733337
YDL247W,YOR080W,0,-1.4024723,0.1304289549589157,0.9710578918457031,0.6488297581672668
YOR078W,YMR045C,0,-1.4028392,0.13041147589683533,0.9710578918457031,0.6489297747612
YKL107W,YDR341C,0,-1.4036348,0.13039399683475494,0.9710578918457031,0.6490297913551331
YCR107W,YKR100C,0,-1.4040928,0.13037651777267456,0.9710578918457031,0.6491298079490662
YOR192C-B,YNL088W,0,-1.4041109,0.13035905361175537,0.9710578918457031,0.6492298245429993
YNL197C,YDL058W,0,-1.4043287,0.13034158945083618,0.9710578918457031,0.6493298411369324
YKR038C,YJL110C,0,-1.4045591,0.13032414019107819,0.9710578918457031,0.6494298577308655
YEL036C,YDL232W,1,-1.4073951,0.1304406076669693,0.9720559120178223,0.6494298577308655
YPL161C,YNR059W,0,-1.4076111,0.1304231435060501,0.9720559120178223,0.6495299339294434
YOR091W,YIL009C-A,0,-1.4093369,0.13040567934513092,0.9720559120178223,0.6496299505233765
YNL186W,YOR171C,0,-1.4099498,0.13038821518421173,0.9720559120178223,0.6497299671173096
YNR041C,YMR275C,0,-1.4102714,0.13037076592445374,0.9720559120178223,0.6498299837112427
YNL053W,YBR297W,0,-1.4106112,0.13035331666469574,0.9720559120178223,0.6499300003051758
YHR023W,YLR433C,0,-1.4106984,0.13033588230609894,0.9720559120178223,0.6500300168991089
YKR039W,YBR100W,0,-1.410794,0.13031843304634094,0.9720559120178223,0.650130033493042
YIL106W,YDR301W,0,-1.4108833,0.13030099868774414,0.9720559120178223,0.6502300500869751
YPL061W,YNL068C,0,-1.4117383,0.13028357923030853,0.9720559120178223,0.6503300666809082
YPR049C,YBR107C,0,-1.4119874,0.13026614487171173,0.9720559120178223,0.6504300832748413
YNR069C,YGR035C,0,-1.4121985,0.13024872541427612,0.9720559120178223,0.6505300998687744
YKR078W,YDL098C,0,-1.4124389,0.1302313208580017,0.9720559120178223,0.6506301164627075
YDR178W,YMR162C,0,-1.4124486,0.1302139014005661,0.9720559120178223,0.6507301330566406
YJL143W,YPL173W,0,-1.4131374,0.1301964968442917,0.9720559120178223,0.6508301496505737
YML125C,YNL045W,0,-1.4134945,0.13017909228801727,0.9720559120178223,0.6509301662445068
YOR155C,YDL099W,0,-1.4135469,0.13016170263290405,0.9720559120178223,0.6510301828384399
YGL191W,YHR065C,0,-1.4137133,0.13014431297779083,0.9720559120178223,0.651130199432373
YAL042W,YGL210W-A,0,-1.4139731,0.1301269233226776,0.9720559120178223,0.6512302756309509
YBR280C,YPL161C,0,-1.4140944,0.1301095336675644,0.9720559120178223,0.651330292224884
YDL209C,YBL036C,0,-1.4142542,0.13009215891361237,0.9720559120178223,0.6514303088188171
YNL206C,YDL008W,0,-1.4152033,0.13007478415966034,0.9720559120178223,0.6515303254127502
YOR250C,YLR299W,0,-1.4155096,0.1300574243068695,0.9720559120178223,0.6516303420066833
YDL195W,YJR129C,0,-1.4159148,0.13004004955291748,0.9720559120178223,0.6517303586006165
YBR179C,YGR271C-A,0,-1.4160652,0.13002268970012665,0.9720559120178223,0.6518303751945496
YJR001W,YGR287C,0,-1.4165856,0.130005344748497,0.9720559120178223,0.6519303917884827
YJR001W,YNL035C,0,-1.4168051,0.12998798489570618,0.9720559120178223,0.6520304083824158
YHR107C,YMR290C,0,-1.4174563,0.12997063994407654,0.9720559120178223,0.6521304249763489
YPL186C,YPL101W,0,-1.4178121,0.1299532949924469,0.9720559120178223,0.652230441570282
YGL198W,YNL097C,0,-1.4182,0.12993596494197845,0.9720559120178223,0.6523304581642151
YJL069C,YIL037C,0,-1.4182357,0.12991863489151,0.9720559120178223,0.6524304747581482
YPR201W,YDR100W,0,-1.4183897,0.12990130484104156,0.9720559120178223,0.6525304913520813
YCR033W,YNR063W,0,-1.4183931,0.12988398969173431,0.9720559120178223,0.6526305079460144
YDR462W,YCR037C,0,-1.4209002,0.12986665964126587,0.9720559120178223,0.6527305245399475
YBR239C,YHR009C,0,-1.4213166,0.1298493593931198,0.9720559120178223,0.6528305411338806
YBR135W,YLR115W,0,-1.4215794,0.12983204424381256,0.9720559120178223,0.6529305577278137
YOR307C,YOL013C,0,-1.4219885,0.1298147439956665,0.9720559120178223,0.6530306339263916
YCL059C,YNL284C-B,0,-1.4221258,0.12979744374752045,0.9720559120178223,0.6531306505203247
YFL029C,YPL173W,0,-1.4234279,0.1297801434993744,0.9720559120178223,0.6532306671142578
YBR086C,YPR175W,0,-1.4235091,0.12976285815238953,0.9720559120178223,0.6533306837081909
YLL014W,YKL100C,0,-1.4236934,0.12974557280540466,0.9720559120178223,0.653430700302124
YFR006W,YDL017W,0,-1.4237485,0.1297282874584198,0.9720559120178223,0.6535307168960571
YPR185W,YGL059W,0,-1.4250691,0.12971101701259613,0.9720559120178223,0.6536307334899902
YGL166W,YHR052W,0,-1.4258006,0.12969374656677246,0.9720559120178223,0.6537307500839233
YDL191W,YKL077W,0,-1.4258918,0.1296764761209488,0.9720559120178223,0.6538307666778564
YDL065C,YDR236C,0,-1.4264939,0.12965920567512512,0.9720559120178223,0.6539307832717896
YOR358W,YLR237W,0,-1.4266453,0.12964195013046265,0.9720559120178223,0.6540307998657227
YOR247W,YIR035C,0,-1.4272768,0.12962469458580017,0.9720559120178223,0.6541308164596558
YNL134C,YDR533C,0,-1.4273195,0.1296074539422989,0.9720559120178223,0.6542308330535889
YDR390C,YOR234C,0,-1.4282833,0.1295902132987976,0.9720559120178223,0.654330849647522
YPL236C,YDL138W,0,-1.429374,0.12957297265529633,0.9720559120178223,0.6544308662414551
YNL280C,YKR087C,0,-1.4304657,0.12955573201179504,0.9720559120178223,0.6545308828353882
YLR154W-C,YNL252C,0,-1.4307458,0.12953850626945496,0.9720559120178223,0.6546308994293213
YDR533C,YPR096C,0,-1.4314482,0.12952128052711487,0.9720559120178223,0.6547309756278992
YDR034C-D,YDR101C,0,-1.4321961,0.12950405478477478,0.9720559120178223,0.6548309922218323
YGL226W,YML111W,0,-1.4322639,0.1294868439435959,0.9720559120178223,0.6549310088157654
YMR166C,YNL225C,0,-1.4332924,0.129469633102417,0.9720559120178223,0.6550310254096985
YBL097W,YMR302C,0,-1.4334662,0.1294524222612381,0.9720559120178223,0.6551310420036316
YBR069C,YJL219W,0,-1.4337208,0.1294352114200592,0.9720559120178223,0.6552310585975647
YMR004W,YPL256C,0,-1.4338442,0.1294180154800415,0.9720559120178223,0.6553310751914978
YOR103C,YDR113C,0,-1.4346378,0.1294008195400238,0.9720559120178223,0.6554310917854309
YNL001W,YPR042C,0,-1.4348646,0.1293836385011673,0.9720559120178223,0.655531108379364
YAL015C,YIL136W,0,-1.4355619,0.1293664425611496,0.9720559120178223,0.6556311249732971
YIL033C,YOR026W,0,-1.4359165,0.12934927642345428,0.9720559120178223,0.6557311415672302
YOR273C,YOR037W,0,-1.4359335,0.12933209538459778,0.9720559120178223,0.6558311581611633
YHL038C,YNL176C,0,-1.4359779,0.12931492924690247,0.9720559120178223,0.6559311747550964
YGL123W,YPL158C,0,-1.4373183,0.12929776310920715,0.9720559120178223,0.6560311913490295
YPL266W,YPR114W,0,-1.438947,0.12928059697151184,0.9720559120178223,0.6561312079429626
YDL127W,YNL128W,0,-1.4389508,0.12926343083381653,0.9720559120178223,0.6562312245368958
YER099C,YPL036W,0,-1.4396129,0.1292462795972824,0.9720559120178223,0.6563312411308289
YBR205W,YPR137C-B,0,-1.4400612,0.12922914326190948,0.9720559120178223,0.656431257724762
YGR206W,YNL207W,0,-1.4405384,0.12921199202537537,0.9720559120178223,0.6565313339233398
YDR251W,YDR239C,0,-1.4405522,0.12919485569000244,0.9720559120178223,0.656631350517273
YLL006W,YDR438W,0,-1.4405575,0.12917771935462952,0.9720559120178223,0.656731367111206
YMR312W,YPL281C,0,-1.4409008,0.1291605830192566,0.9720559120178223,0.6568313837051392
YGR253C,YDR342C,0,-1.4413283,0.12914346158504486,0.9720559120178223,0.6569314002990723
YPL266W,YIL145C,0,-1.443074,0.12912634015083313,0.9720559120178223,0.6570314168930054
YDR202C,YOL100W,0,-1.4434402,0.1291092187166214,0.9720559120178223,0.6571314334869385
YOR178C,YKL026C,0,-1.4436318,0.12909211218357086,0.9720559120178223,0.6572314500808716
YIL103W,YDR359C,0,-1.444006,0.12907500565052032,0.9720559120178223,0.6573314666748047
YNL311C,YGL003C,0,-1.4440777,0.1290578991174698,0.9720559120178223,0.6574314832687378
YKL200C,YDR483W,1,-1.4441025,0.12917329370975494,0.9730538725852966,0.6574314832687378
YJR058C,YLR256W,0,-1.4448473,0.1291561722755432,0.9730538725852966,0.6575314998626709
YGL043W,YDR465C,0,-1.4449706,0.12913906574249268,0.9730538725852966,0.657631516456604
YJR047C,YJR126C,0,-1.4449983,0.12912197411060333,0.9730538725852966,0.6577315330505371
YCL020W,YHR043C,0,-1.4451916,0.1291048675775528,0.9730538725852966,0.6578315496444702
YDR110W,YHR158C,0,-1.4454643,0.12908777594566345,0.9730538725852966,0.6579315662384033
YER123W,YML023C,0,-1.4454818,0.1290706843137741,0.9730538725852966,0.6580315828323364
YGL012W,YHR118C,0,-1.4455967,0.12905360758304596,0.9730538725852966,0.6581315994262695
YPR122W,YKL148C,0,-1.4463009,0.1290365308523178,0.9730538725852966,0.6582316756248474
YGR148C,YFR025C,0,-1.4471819,0.12901945412158966,0.9730538725852966,0.6583316922187805
YLR442C,YDR248C,0,-1.4472028,0.1290023773908615,0.9730538725852966,0.6584317088127136
YKL200C,YJL186W,1,-1.4474444,0.12911760807037354,0.9740518927574158,0.6584317088127136
YNL240C,YMR037C,0,-1.4478831,0.12910053133964539,0.9740518927574158,0.6585317254066467
YOR227W,YMR170C,0,-1.4479209,0.12908345460891724,0.9740518927574158,0.6586317420005798
YFL018W-A,YLR292C,0,-1.4479862,0.1290663778781891,0.9740518927574158,0.6587317585945129
YJL089W,YDR120C,0,-1.4482813,0.12904931604862213,0.9740518927574158,0.658831775188446
YBR065C,YGL210W-A,0,-1.448482,0.12903225421905518,0.9740518927574158,0.6589317917823792
YPL066W,YDL231C,0,-1.4486614,0.12901520729064941,0.9740518927574158,0.6590318083763123
YKL018W,YNL284C-B,0,-1.4490976,0.12899814546108246,0.9740518927574158,0.6591318249702454
YLR086W,YCR058C,0,-1.4495636,0.1289810985326767,0.9740518927574158,0.6592318415641785
YKR024C,YOR330C,0,-1.4495697,0.12896406650543213,0.9740518927574158,0.6593318581581116
YFR024C,YOL016C,0,-1.4500463,0.12894701957702637,0.9740518927574158,0.6594318747520447
YPR104C,YOR295W,0,-1.4502556,0.1289299875497818,0.9740518927574158,0.6595318913459778
YGL085W,YFR030W,0,-1.4503722,0.12891295552253723,0.9740518927574158,0.6596319079399109
YLR288C,YLR093C,0,-1.4509156,0.12889593839645386,0.9740518927574158,0.659731924533844
YDR118W,YPL176C,0,-1.4510736,0.1288789063692093,0.9740518927574158,0.6598319411277771
YOL140W,YLR323C,0,-1.4515548,0.12886188924312592,0.9740518927574158,0.6599319577217102
YDR077W,YIR008C,0,-1.4516397,0.12884488701820374,0.9740518927574158,0.6600320339202881
YIL074C,YHR171W,0,-1.4526811,0.12882788479328156,0.9740518927574158,0.6601320505142212
YHR183W,YOR007C,0,-1.452702,0.12881086766719818,0.9740518927574158,0.6602320671081543
YOR253W,YDR329C,0,-1.4527373,0.1287938803434372,0.9740518927574158,0.6603320837020874
YCR068W,YBR046C,0,-1.4527762,0.12877687811851501,0.9740518927574158,0.6604321002960205
YFL003C,YJL045W,0,-1.4531455,0.12875989079475403,0.9740518927574158,0.6605321168899536
YKL028W,YOR319W,0,-1.4544518,0.12874290347099304,0.9740518927574158,0.6606321334838867
YCR036W,YJL118W,0,-1.4556392,0.12872593104839325,0.9740518927574158,0.6607321500778198
YHL009C,YKR010C,0,-1.4559329,0.12870895862579346,0.9740518927574158,0.6608321666717529
YPL152W,YHL024W,0,-1.4562958,0.12869198620319366,0.9740518927574158,0.660932183265686
YKR053C,YOR363C,0,-1.457521,0.12867501378059387,0.9740518927574158,0.6610321998596191
YDL209C,YGR092W,0,-1.4576678,0.12865805625915527,0.9740518927574158,0.6611322164535522
YDR074W,YDR487C,0,-1.4580188,0.12864109873771667,0.9740518927574158,0.6612322330474854
YNL133C,YLR345W,0,-1.4580412,0.12862414121627808,0.9740518927574158,0.6613322496414185
YJL111W,YML055W,0,-1.4580739,0.12860719859600067,0.9740518927574158,0.6614322662353516
YJL104W,YOR140W,0,-1.4583297,0.12859025597572327,0.9740518927574158,0.6615322828292847
YDR316W-B,YDL229W,0,-1.4584763,0.12857331335544586,0.9740518927574158,0.6616322994232178
YAL001C,YOR043W,0,-1.4588629,0.12855637073516846,0.9740518927574158,0.6617323756217957
YHL017W,YDR022C,0,-1.4588878,0.12853944301605225,0.9740518927574158,0.6618323922157288
YKR049C,YDR122W,0,-1.4589704,0.12852251529693604,0.9740518927574158,0.6619324088096619
YLR446W,YER172C,0,-1.4607852,0.12850560247898102,0.9740518927574158,0.662032425403595
YNL248C,YBR058C-A,0,-1.461037,0.1284886747598648,0.9740518927574158,0.6621324419975281
YJL197W,YBR001C,0,-1.461702,0.1284717619419098,0.9740518927574158,0.6622324585914612
YMR288W,YGL224C,0,-1.4617608,0.12845484912395477,0.9740518927574158,0.6623324751853943
YGR087C,YGR191W,0,-1.461917,0.12843795120716095,0.9740518927574158,0.6624324917793274
YBL093C,YOR348C,0,-1.4621923,0.12842105329036713,0.9740518927574158,0.6625325083732605
YDR397C,YER167W,0,-1.4623538,0.1284041553735733,0.9740518927574158,0.6626325249671936
YKL014C,YCL027C-A,0,-1.4623814,0.12838727235794067,0.9740518927574158,0.6627325415611267
YLR011W,YOR065W,0,-1.4636749,0.12837037444114685,0.9740518927574158,0.6628325581550598
YLR370C,YDR532C,0,-1.4637653,0.12835349142551422,0.9740518927574158,0.6629325747489929
YPR161C,YML025C,0,-1.4640908,0.12833662331104279,0.9740518927574158,0.663032591342926
YGL144C,YDL085W,0,-1.4641106,0.12831974029541016,0.9740518927574158,0.6631326079368591
YER127W,YEL077C,0,-1.4641699,0.12830287218093872,0.9740518927574158,0.6632326245307922
YDR349C,YKR094C,0,-1.4643306,0.12828601896762848,0.9740518927574158,0.6633326411247253
YJR120W,YKR077W,0,-1.4644885,0.12826915085315704,0.9740518927574158,0.6634326577186584
YLR432W,YIL084C,0,-1.46494,0.1282522976398468,0.9740518927574158,0.6635327339172363
YJR041C,YFL018W-A,0,-1.4650443,0.12823544442653656,0.9740518927574158,0.6636327505111694
YJL219W,YJR135W-A,0,-1.465205,0.1282186061143875,0.9740518927574158,0.6637327671051025
YLR430W,YGR027W-A,0,-1.4652473,0.12820175290107727,0.9740518927574158,0.6638327836990356
YNL278W,YPL016W,0,-1.4656076,0.12818492949008942,0.9740518927574158,0.6639328002929688
YBL004W,YHR036W,0,-1.4658501,0.12816809117794037,0.9740518927574158,0.6640328168869019
YMR152W,YPR192W,0,-1.4683312,0.12815126776695251,0.9740518927574158,0.664132833480835
YIL147C,YNL227C,0,-1.4684026,0.12813442945480347,0.9740518927574158,0.6642328500747681
YIL167W,YHR090C,0,-1.4691304,0.1281176209449768,0.9740518927574158,0.6643328666687012
YKR014C,YLL042C,0,-1.4695919,0.12810079753398895,0.9740518927574158,0.6644328832626343
YGR195W,YPR137C-B,0,-1.469713,0.1280839890241623,0.9740518927574158,0.6645328998565674
YDR147W,YCR021C,0,-1.470206,0.12806718051433563,0.9740518927574158,0.6646329164505005
YPR158W-B,YGR038W,0,-1.4703428,0.12805038690567017,0.9740518927574158,0.6647329330444336
YJR043C,YLR055C,0,-1.4712816,0.1280335783958435,0.9740518927574158,0.6648329496383667
YER159C-A,YIL117C,0,-1.471283,0.12801678478717804,0.9740518927574158,0.6649329662322998
YBR297W,YBL018C,0,-1.4713469,0.12800000607967377,0.9740518927574158,0.6650329828262329
YPL214C,YJR046W,0,-1.4717801,0.1279832124710083,0.9740518927574158,0.665132999420166
YOR011W,YGL086W,0,-1.4725163,0.12796643376350403,0.9740518927574158,0.6652330756187439
YHR142W,YPL226W,0,-1.472849,0.12794965505599976,0.9740518927574158,0.665333092212677
YFL052W,YER094C,0,-1.4729937,0.12793289124965668,0.9740518927574158,0.6654331088066101
YGR245C,YPL239W,0,-1.4741169,0.1279161274433136,0.9740518927574158,0.6655331254005432
YML081C-A,YOL109W,0,-1.4742618,0.12789936363697052,0.9740518927574158,0.6656331419944763
YDL180W,YOR288C,0,-1.4743989,0.12788259983062744,0.9740518927574158,0.6657331585884094
YLR347C,YGL111W,0,-1.4747417,0.12786585092544556,0.9740518927574158,0.6658331751823425
YDR482C,YLR356W,0,-1.4749272,0.12784910202026367,0.9740518927574158,0.6659331917762756
YNL181W,YJR118C,0,-1.4751518,0.1278323531150818,0.9740518927574158,0.6660332083702087
YMR131C,YKL134C,0,-1.4752963,0.1278156042098999,0.9740518927574158,0.6661332249641418
YDR219C,YML094W,0,-1.4763709,0.1277988702058792,0.9740518927574158,0.666233241558075
YLL038C,YMR197C,0,-1.4767151,0.12778213620185852,0.9740518927574158,0.6663332581520081
YAR010C,YHR081W,0,-1.4772341,0.12776541709899902,0.9740518927574158,0.6664332747459412
YLL009C,YER051W,0,-1.4772992,0.12774869799613953,0.9740518927574158,0.6665332913398743
YPL189C-A,YDR348C,0,-1.4782064,0.12773197889328003,0.9740518927574158,0.6666333079338074
YNR019W,YFL050C,0,-1.4785674,0.12771525979042053,0.9740518927574158,0.6667333245277405
YJL154C,YER028C,0,-1.478842,0.12769854068756104,0.9740518927574158,0.6668333411216736
YDR004W,YHR111W,0,-1.4790559,0.12768183648586273,0.9740518927574158,0.6669333577156067
YDL085W,YDR299W,0,-1.4810133,0.12766514718532562,0.9740518927574158,0.6670334339141846
YER081W,YCR005C,0,-1.4821291,0.12764844298362732,0.9740518927574158,0.6671334505081177
YGR204W,YGR096W,0,-1.4824431,0.1276317536830902,0.9740518927574158,0.6672334671020508
YDR349C,YLL021W,0,-1.4824557,0.1276150643825531,0.9740518927574158,0.6673334836959839
YDR121W,YOL110W,0,-1.4833782,0.127598375082016,0.9740518927574158,0.667433500289917
YCR045C,YGL213C,0,-1.4846005,0.12758170068264008,0.9740518927574158,0.6675335168838501
YEL058W,YNL190W,0,-1.4848325,0.12756502628326416,0.9740518927574158,0.6676335334777832
YBR204C,YPR005C,0,-1.4854541,0.12754835188388824,0.9740518927574158,0.6677335500717163
YBL021C,YCR047C,0,-1.4856682,0.12753169238567352,0.9740518927574158,0.6678335666656494
YDR314C,YML133C,0,-1.4865463,0.1275150179862976,0.9740518927574158,0.6679335832595825
YDR326C,YBR055C,0,-1.4879503,0.12749837338924408,0.9740518927574158,0.6680335998535156
YGR006W,YMR292W,0,-1.4880023,0.12748171389102936,0.9740518927574158,0.6681336164474487
YOR092W,YKL086W,0,-1.4880686,0.12746506929397583,0.9740518927574158,0.6682336330413818
YML010W,YDL210W,0,-1.489635,0.1274484246969223,0.9740518927574158,0.6683336496353149
YGR003W,YER114C,0,-1.4897825,0.12743178009986877,0.9740518927574158,0.668433666229248
YDR178W,YJL014W,0,-1.4899269,0.12741515040397644,0.9740518927574158,0.6685336828231812
YNR049C,YHR157W,0,-1.4899293,0.1273985058069229,0.9740518927574158,0.6686336994171143
YPR005C,YGR133W,0,-1.4900335,0.12738189101219177,0.9740518927574158,0.6687337756156921
YHR031C,YBR160W,0,-1.4902236,0.12736526131629944,0.9740518927574158,0.6688337922096252
YMR013C,YKL201C,1,-1.4921191,0.12747912108898163,0.9750499129295349,0.6688337922096252
YNL194C,YGL126W,0,-1.4934372,0.1274624913930893,0.9750499129295349,0.6689338088035583
YNL181W,YJL104W,0,-1.4936204,0.12744586169719696,0.9750499129295349,0.6690338253974915
YOL113W,YOL008W,0,-1.4954028,0.12742924690246582,0.9750499129295349,0.6691338419914246
YJL179W,YIL065C,0,-1.4959493,0.1274126172065735,0.9750499129295349,0.6692338585853577
YER140W,YJL157C,0,-1.4959496,0.12739601731300354,0.9750499129295349,0.6693338751792908
YOR150W,YCL062W,0,-1.4959581,0.1273794025182724,0.9750499129295349,0.6694338917732239
YGL035C,YIL065C,0,-1.4960198,0.12736278772354126,0.9750499129295349,0.669533908367157
YBL004W,YML085C,0,-1.4963835,0.1273461878299713,0.9750499129295349,0.6696339249610901
YFL050C,YLR323C,0,-1.4965041,0.12732960283756256,0.9750499129295349,0.6697339415550232
YJL074C,YGL096W,0,-1.4966629,0.12731300294399261,0.9750499129295349,0.6698339581489563
YDR025W,YDR073W,0,-1.4975517,0.12729641795158386,0.9750499129295349,0.6699339747428894
YOR343W-A,YOR143C,0,-1.4984533,0.1272798329591751,0.9750499129295349,0.6700339913368225
YGL219C,YLR345W,0,-1.4984741,0.12726324796676636,0.9750499129295349,0.6701340079307556
YGR133W,YIR008C,0,-1.4986279,0.1272466778755188,0.9750499129295349,0.6702340245246887
YNL071W,YCR020W-B,0,-1.498816,0.12723010778427124,0.9750499129295349,0.6703340411186218
YPR110C,YGL151W,0,-1.4990294,0.12721353769302368,0.9750499129295349,0.6704340577125549
YPR100W,YER146W,0,-1.499174,0.12719698250293732,0.9750499129295349,0.6705341339111328
YFR006W,YER015W,0,-1.5000818,0.12718042731285095,0.9750499129295349,0.6706341505050659
YDR261C,YAL068C,0,-1.5012902,0.1271638721227646,0.9750499129295349,0.670734167098999
YML085C,YJR050W,0,-1.5015292,0.12714731693267822,0.9750499129295349,0.6708341836929321
YDR323C,YOR246C,0,-1.5042084,0.12713077664375305,0.9750499129295349,0.6709342002868652
YGR199W,YKL200C,1,-1.5052524,0.12724433839321136,0.976047933101654,0.6709342002868652
YGR184C,YNR075W,0,-1.5054358,0.127227783203125,0.976047933101654,0.6710342168807983
YHR202W,YOR153W,0,-1.5064573,0.12721124291419983,0.976047933101654,0.6711342334747314
YER159C-A,YPR188C,0,-1.5066402,0.12719468772411346,0.976047933101654,0.6712342500686646
YMR043W,YNL113W,0,-1.5076011,0.1271781474351883,0.976047933101654,0.6713342666625977
YMR302C,YDR212W,0,-1.5081673,0.12716162204742432,0.976047933101654,0.6714342832565308
YBR253W,YAL011W,0,-1.5083641,0.12714508175849915,0.976047933101654,0.6715342998504639
YJL100W,YER029C,0,-1.5094274,0.12712855637073517,0.976047933101654,0.671634316444397
YIL049W,YDL038C,0,-1.510455,0.1271120309829712,0.976047933101654,0.6717343330383301
YJL102W,YOR396W,0,-1.5113311,0.1270955204963684,0.976047933101654,0.6718343496322632
YPL159C,YDL042C,0,-1.5116453,0.12707899510860443,0.976047933101654,0.6719343662261963
YNL316C,YDR143C,0,-1.5117455,0.12706248462200165,0.976047933101654,0.6720343828201294
YBL105C,YLR214W,0,-1.5130079,0.12704598903656006,0.976047933101654,0.6721343994140625
YBL005W-A,YER051W,0,-1.5136869,0.12702947854995728,0.976047933101654,0.6722344756126404
YPR102C,YMR313C,0,-1.513794,0.12701298296451569,0.976047933101654,0.6723344922065735
YOR214C,YFR004W,0,-1.5156244,0.1269964873790741,0.976047933101654,0.6724345088005066
YDL194W,YLR411W,0,-1.5156586,0.1269800066947937,0.976047933101654,0.6725345253944397
YDR180W,YPR096C,0,-1.5156786,0.1269635260105133,0.976047933101654,0.6726345419883728
YKL200C,YGL022W,1,-1.5159817,0.12707684934139252,0.9770458936691284,0.6726345419883728
YDL082W,YDR166C,0,-1.5159998,0.12706035375595093,0.9770458936691284,0.6727345585823059
YGR207C,YIL084C,0,-1.5165646,0.12704385817050934,0.9770458936691284,0.672834575176239
YLR154W-C,YMR242C,0,-1.5167451,0.12702737748622894,0.9770458936691284,0.6729345917701721
YDR111C,YMR050C,0,-1.5168037,0.12701089680194855,0.9770458936691284,0.6730346083641052
YOR391C,YHR200W,0,-1.5180945,0.12699441611766815,0.9770458936691284,0.6731346249580383
YMR156C,YNL054W-B,0,-1.5188959,0.12697795033454895,0.9770458936691284,0.6732346415519714
YHL013C,YNL284C-B,0,-1.5196948,0.12696148455142975,0.9770458936691284,0.6733346581459045
YBL003C,YJL046W,0,-1.521345,0.12694501876831055,0.9770458936691284,0.6734346747398376
YOR127W,YBR033W,0,-1.5215319,0.12692856788635254,0.9770458936691284,0.6735346913337708
YFL034C-B,YNR023W,0,-1.5216675,0.12691210210323334,0.9770458936691284,0.6736347079277039
YMR175W,YPL220W,0,-1.5217472,0.12689565122127533,0.9770458936691284,0.673734724521637
YBR045C,YFL016C,0,-1.521856,0.12687921524047852,0.9770458936691284,0.6738347411155701
YLR361C,YPR124W,0,-1.5222867,0.1268627643585205,0.9770458936691284,0.6739347577095032
YDR069C,YBR279W,0,-1.5232377,0.1268463283777237,0.9770458936691284,0.674034833908081
YBR077C,YGL181W,0,-1.5243295,0.12682990729808807,0.9770458936691284,0.6741348505020142
YMR131C,YDR276C,0,-1.5252067,0.12681347131729126,0.9770458936691284,0.6742348670959473
YOR227W,YDL010W,0,-1.5266737,0.12679705023765564,0.9770458936691284,0.6743348836898804
YMR068W,YER176W,0,-1.5267893,0.12678062915802002,0.9770458936691284,0.6744349002838135
YLL054C,YPR199C,0,-1.5269506,0.1267642080783844,0.9770458936691284,0.6745349168777466
YMR231W,YIL122W,0,-1.5273485,0.12674780189990997,0.9770458936691284,0.6746349334716797
YKL084W,YDR020C,0,-1.5279326,0.12673139572143555,0.9770458936691284,0.6747349500656128
YLR368W,YDL114W,0,-1.5287795,0.12671498954296112,0.9770458936691284,0.6748349666595459
YIL172C,YBR189W,0,-1.5297318,0.1266985833644867,0.9770458936691284,0.674934983253479
YKR042W,YMR043W,0,-1.5298457,0.12668219208717346,0.9770458936691284,0.6750349998474121
YPR166C,YJR126C,0,-1.529949,0.12666580080986023,0.9770458936691284,0.6751350164413452
YML075C,YOR326W,0,-1.530329,0.1266494244337082,0.9770458936691284,0.6752350330352783
YBR162C,YBL100W-B,0,-1.5308198,0.12663303315639496,0.9770458936691284,0.6753350496292114
YOR086C,YER112W,0,-1.530875,0.12661665678024292,0.9770458936691284,0.6754350662231445
YEL026W,YML018C,0,-1.5314801,0.12660028040409088,0.9770458936691284,0.6755350828170776
YOL076W,YOL075C,0,-1.5317721,0.12658391892910004,0.9770458936691284,0.6756350994110107
YIL050W,YOL123W,0,-1.5324094,0.1265675574541092,0.9770458936691284,0.6757351756095886
YFL052W,YOL122C,0,-1.533068,0.12655119597911835,0.9770458936691284,0.6758351922035217
YBR088C,YBR251W,0,-1.5333447,0.1265348345041275,0.9770458936691284,0.6759352087974548
YHR138C,YMR216C,0,-1.5334251,0.12651847302913666,0.9770458936691284,0.6760352253913879
YDR150W,YAL042W,0,-1.5336176,0.126502126455307,0.9770458936691284,0.676135241985321
YDL031W,YNL240C,0,-1.5339525,0.12648579478263855,0.9770458936691284,0.6762352585792542
YGR038C-A,YML022W,0,-1.5340139,0.1264694482088089,0.9770458936691284,0.6763352751731873
YJL097W,YGL160W,0,-1.5341552,0.12645311653614044,0.9770458936691284,0.6764352917671204
YPL092W,YDR033W,0,-1.5347565,0.12643678486347198,0.9770458936691284,0.6765353083610535
YHR067W,YDR259C,0,-1.5349834,0.12642045319080353,0.9770458936691284,0.6766353249549866
YMR221C,YMR232W,0,-1.5351598,0.12640413641929626,0.9770458936691284,0.6767353415489197
YJR097W,YBR021W,0,-1.5354679,0.126387819647789,0.9770458936691284,0.6768353581428528
YPR067W,YDR465C,0,-1.5355225,0.12637150287628174,0.9770458936691284,0.6769353747367859
YDL025C,YFL056C,0,-1.5355647,0.12635518610477448,0.9770458936691284,0.677035391330719
YGL049C,YKR072C,0,-1.5356386,0.1263388842344284,0.9770458936691284,0.6771354079246521
YLR013W,YJR086W,0,-1.535862,0.12632258236408234,0.9770458936691284,0.6772354245185852
YMR042W,YMR198W,0,-1.5362629,0.12630628049373627,0.9770458936691284,0.6773354411125183
YDL033C,YGL175C,0,-1.5371134,0.1262899935245514,0.9770458936691284,0.6774354577064514
YLR170C,YBL039C,0,-1.5375175,0.12627370655536652,0.9770458936691284,0.6775355339050293
YIL041W,YDR148C,0,-1.5377591,0.12625741958618164,0.9770458936691284,0.6776355504989624
YLL016W,YDR329C,0,-1.5390204,0.12624113261699677,0.9770458936691284,0.6777355670928955
YFR042W,YGL175C,0,-1.539405,0.12622486054897308,0.9770458936691284,0.6778355836868286
YDL149W,YJL036W,0,-1.5395384,0.1262085884809494,0.9770458936691284,0.6779356002807617
YER025W,YKL199C,0,-1.5395958,0.12619231641292572,0.9770458936691284,0.6780356168746948
YOR375C,YEL027W,0,-1.5398488,0.12617605924606323,0.9770458936691284,0.6781356334686279
YER060W-A,YBL103C,0,-1.5403699,0.12615978717803955,0.9770458936691284,0.678235650062561
YPR063C,YOL071W,0,-1.5405822,0.12614354491233826,0.9770458936691284,0.6783356666564941
YDR255C,YJL098W,0,-1.5405917,0.12612728774547577,0.9770458936691284,0.6784356832504272
YHR107C,YGR057C,0,-1.5407152,0.12611104547977448,0.9770458936691284,0.6785356998443604
YNR026C,YAL047C,0,-1.5407393,0.12609480321407318,0.9770458936691284,0.6786357164382935
YOR078W,YLL023C,0,-1.5411553,0.1260785609483719,0.9770458936691284,0.6787357330322266
YJL012C,YIL098C,0,-1.5413209,0.1260623186826706,0.9770458936691284,0.6788357496261597
YDL038C,YLR099C,0,-1.5413979,0.1260460913181305,0.9770458936691284,0.6789357662200928
YNR036C,YGR183C,0,-1.5441647,0.1260298639535904,0.9770458936691284,0.6790357828140259
YOR032C,YDR033W,0,-1.5446973,0.1260136365890503,0.9770458936691284,0.679135799407959
YPR071W,YGL039W,0,-1.5452247,0.1259974241256714,0.9770458936691284,0.6792358756065369
YGL222C,YHL020C,0,-1.5466354,0.12598121166229248,0.9770458936691284,0.67933589220047
YDR128W,YJR015W,0,-1.5477211,0.12596499919891357,0.9770458936691284,0.6794359087944031
YJL184W,YOR383C,0,-1.5483856,0.12594880163669586,0.9770458936691284,0.6795359253883362
YMR197C,YOR190W,0,-1.5487725,0.12593258917331696,0.9770458936691284,0.6796359419822693
YLR181C,YDL235C,0,-1.5493021,0.12591639161109924,0.9770458936691284,0.6797359585762024
YLL057C,YGL173C,0,-1.549607,0.12590020895004272,0.9770458936691284,0.6798359751701355
YPR071W,YOR334W,0,-1.5500231,0.125884011387825,0.9770458936691284,0.6799359917640686
YKL154W,YLR423C,0,-1.5516322,0.1258678287267685,0.9770458936691284,0.6800360083580017
YGL061C,YPL177C,0,-1.5518849,0.12585164606571198,0.9770458936691284,0.6801360249519348
YJL041W,YDR408C,0,-1.551964,0.12583547830581665,0.9770458936691284,0.6802360415458679
YNL173C,YBR022W,0,-1.5527704,0.12581931054592133,0.9770458936691284,0.680336058139801
YBL042C,YGR128C,0,-1.553016,0.125803142786026,0.9770458936691284,0.6804360747337341
YMR235C,YLR357W,0,-1.55305,0.12578697502613068,0.9770458936691284,0.6805360913276672
YCL059C,YPL203W,0,-1.5533612,0.12577080726623535,0.9770458936691284,0.6806361079216003
YPL020C,YNL097C,0,-1.5535197,0.12575465440750122,0.9770458936691284,0.6807361245155334
YHL018W,YJL098W,0,-1.5537145,0.1257385015487671,0.9770458936691284,0.6808361411094666
YMR192W,YDR119W,0,-1.5542843,0.12572236359119415,0.9770458936691284,0.6809361577033997
YGR212W,YMR190C,0,-1.5546006,0.12570621073246002,0.9770458936691284,0.6810362339019775
YKL140W,YOL067C,0,-1.5548599,0.12569007277488708,0.9770458936691284,0.6811362504959106
YGL201C,YNR046W,0,-1.5548847,0.12567393481731415,0.9770458936691284,0.6812362670898438
YNL146W,YIL013C,0,-1.555512,0.1256578117609024,0.9770458936691284,0.6813362836837769
YCL044C,YDL072C,0,-1.5570806,0.12564168870449066,0.9770458936691284,0.68143630027771
YGL012W,YLR396C,0,-1.5571907,0.12562556564807892,0.9770458936691284,0.6815363168716431
YGL229C,YLR421C,0,-1.5580314,0.12560944259166718,0.9770458936691284,0.6816363334655762
YKR039W,YGL238W,0,-1.5587898,0.12559333443641663,0.9770458936691284,0.6817363500595093
YPL233W,YNR056C,0,-1.5595238,0.12557722628116608,0.9770458936691284,0.6818363666534424
YDR478W,YIL073C,0,-1.5603693,0.12556111812591553,0.9770458936691284,0.6819363832473755
YGR286C,YLL062C,0,-1.5604215,0.12554500997066498,0.9770458936691284,0.6820363998413086
YGL035C,YBR089C-A,0,-1.5610275,0.12552891671657562,0.9770458936691284,0.6821364164352417
YDR242W,YFR028C,0,-1.5612462,0.12551282346248627,0.9770458936691284,0.6822364330291748
YKL065C,YDR501W,0,-1.5614498,0.1254967302083969,0.9770458936691284,0.6823364496231079
YMR142C,YJR035W,0,-1.5620687,0.12548065185546875,0.9770458936691284,0.682436466217041
YBR018C,YGR287C,0,-1.5625815,0.1254645586013794,0.9770458936691284,0.6825364828109741
YNL330C,YOR391C,0,-1.5626663,0.12544849514961243,0.9770458936691284,0.6826364994049072
YKL089W,YER111C,0,-1.5629295,0.12543241679668427,0.9770458936691284,0.6827365756034851
YDR121W,YPL076W,0,-1.563041,0.1254163533449173,0.9770458936691284,0.6828365921974182
YHR214C-C,YBR280C,0,-1.5632907,0.12540027499198914,0.9770458936691284,0.6829366087913513
YLR234W,YOR076C,0,-1.5637066,0.12538422644138336,0.9770458936691284,0.6830366253852844
YDL185W,YMR162C,0,-1.5643828,0.1253681629896164,0.9770458936691284,0.6831366419792175
YIL167W,YHR191C,0,-1.5644524,0.12535211443901062,0.9770458936691284,0.6832366585731506
YNR040W,YPL061W,0,-1.564466,0.12533606588840485,0.9770458936691284,0.6833366751670837
YDR105C,YOR356W,0,-1.5648451,0.12532001733779907,0.9770458936691284,0.6834366917610168
YOR374W,YBL105C,0,-1.5651963,0.1253039836883545,0.9770458936691284,0.68353670835495
YHL008C,YDR345C,0,-1.5658848,0.1252879500389099,0.9770458936691284,0.6836367249488831
YIR003W,YOR227W,0,-1.5658852,0.12527191638946533,0.9770458936691284,0.6837367415428162
YML007W,YDL127W,0,-1.5662746,0.12525588274002075,0.9770458936691284,0.6838367581367493
YER040W,YJR048W,0,-1.5667338,0.12523986399173737,0.9770458936691284,0.6839367747306824
YCR105W,YNL323W,0,-1.5680182,0.12522384524345398,0.9770458936691284,0.6840367913246155
YLR170C,YGR203W,0,-1.5680276,0.1252078264951706,0.9770458936691284,0.6841368079185486
YLL013C,YNR063W,0,-1.5687046,0.1251918226480484,0.9770458936691284,0.6842368245124817
YGR286C,YGL173C,0,-1.5691042,0.12517580389976501,0.9770458936691284,0.6843368411064148
YBR159W,YMR048W,0,-1.5692804,0.12515980005264282,0.9770458936691284,0.6844368577003479
YNL096C,YKL086W,0,-1.5699751,0.12514381110668182,0.9770458936691284,0.6845369338989258
YHR033W,YGL033W,0,-1.5700502,0.12512780725955963,0.9770458936691284,0.6846369504928589
YPL059W,YHR070W,0,-1.5704951,0.12511181831359863,0.9770458936691284,0.684736967086792
YHL008C,YPL012W,0,-1.571231,0.12509582936763763,0.9770458936691284,0.6848369836807251
YJR014W,YGL155W,0,-1.5712436,0.12507985532283783,0.9770458936691284,0.6849370002746582
YCL005W-A,YDR111C,0,-1.5715486,0.12506386637687683,0.9770458936691284,0.6850370168685913
YIL113W,YGL011C,0,-1.5715978,0.12504789233207703,0.9770458936691284,0.6851370334625244
YOR192C-B,YPL173W,0,-1.5716279,0.12503193318843842,0.9770458936691284,0.6852370500564575
YOR321W,YCL012W,0,-1.5733035,0.1250159591436386,0.9770458936691284,0.6853370666503906
YBL045C,YDR162C,0,-1.5742601,0.125,0.9770458936691284,0.6854370832443237
YDR316W-A,YDR400W,0,-1.5743791,0.12498404085636139,0.9770458936691284,0.6855370998382568
YHR024C,YCR105W,0,-1.5747551,0.12496808916330338,0.9770458936691284,0.6856371164321899
YDR365W-A,YOR270C,0,-1.5755763,0.12495213747024536,0.9770458936691284,0.685737133026123
YJR155W,YBR258C,0,-1.5763193,0.12493619322776794,0.9770458936691284,0.6858371496200562
YPR122W,YLR239C,0,-1.5769677,0.12492024898529053,0.9770458936691284,0.6859371662139893
YIL014W,YER184C,0,-1.5780749,0.12490431219339371,0.9770458936691284,0.6860371828079224
YHR190W,YGL160W,0,-1.5783882,0.12488837540149689,0.9770458936691284,0.6861371994018555
YGR026W,YGR096W,0,-1.5784839,0.12487244606018066,0.9770458936691284,0.6862372756004333
YFL035C-B,YGR082W,0,-1.5786556,0.12485652416944504,0.9770458936691284,0.6863372921943665
YDR005C,YDR466W,0,-1.5801644,0.12484060227870941,0.9770458936691284,0.6864373087882996
YJR144W,YCL044C,0,-1.5805517,0.12482468783855438,0.9770458936691284,0.6865373253822327
YNL246W,YBR160W,0,-1.5809311,0.12480877339839935,0.9770458936691284,0.6866373419761658
YJL154C,YPL006W,0,-1.5812888,0.12479285895824432,0.9770458936691284,0.6867373585700989
YDL069C,YBR241C,0,-1.581675,0.12477695941925049,0.9770458936691284,0.686837375164032
YBL042C,YFR028C,0,-1.5818114,0.12476105242967606,0.9770458936691284,0.6869373917579651
YGL243W,YPL047W,0,-1.5824314,0.12474516034126282,0.9770458936691284,0.6870374083518982
YBR215W,YMR022W,0,-1.5826172,0.12472926825284958,0.9770458936691284,0.6871374249458313
YJL021C,YPL005W,0,-1.5831568,0.12471337616443634,0.9770458936691284,0.6872374415397644
YGR090W,YIL068C,0,-1.5838852,0.1246974915266037,0.9770458936691284,0.6873374581336975
YNL167C,YDR080W,0,-1.5853841,0.12468160688877106,0.9770458936691284,0.6874374747276306
YPL149W,YOL077W-A,0,-1.5854542,0.12466572970151901,0.9770458936691284,0.6875374913215637
YCL027W,YHR099W,0,-1.5864303,0.12464985996484756,0.9770458936691284,0.6876375079154968
YLR312C-B,YKL197C,0,-1.5870552,0.12463399022817612,0.9770458936691284,0.6877375245094299
YIL098C,YLL018C-A,0,-1.5871105,0.12461812794208527,0.9770458936691284,0.687837541103363
YCL069W,YJL208C,0,-1.5872617,0.12460226565599442,0.9770458936691284,0.6879376173019409
YPR046W,YOL137W,0,-1.5873048,0.12458641082048416,0.9770458936691284,0.688037633895874
YDR228C,YJL018W,0,-1.5878056,0.12457055598497391,0.9770458936691284,0.6881376504898071
YBR186W,YDL124W,0,-1.58812,0.12455470860004425,0.9770458936691284,0.6882376670837402
YBR288C,YML008C,0,-1.5885017,0.1245388612151146,0.9770458936691284,0.6883376836776733
YKL077W,YBR240C,0,-1.5886095,0.12452302128076553,0.9770458936691284,0.6884377002716064
YBL097W,YPL076W,0,-1.5887868,0.12450718879699707,0.9770458936691284,0.6885377168655396
YOL061W,YBR105C,0,-1.5894367,0.12449135631322861,0.9770458936691284,0.6886377334594727
YML087C,YDR365W-A,0,-1.5908799,0.12447552382946014,0.9770458936691284,0.6887377500534058
YML096W,YCR010C,0,-1.5911455,0.12445969879627228,0.9770458936691284,0.6888377666473389
YDL092W,YLR090W,0,-1.5911591,0.12444388121366501,0.9770458936691284,0.688937783241272
YFL018W-A,YKL198C,0,-1.5913424,0.12442806363105774,0.9770458936691284,0.6890377998352051
YDR480W,YMR074C,0,-1.591768,0.12441225349903107,0.9770458936691284,0.6891378164291382
YLR453C,YMR211W,0,-1.5928917,0.1243964433670044,0.9770458936691284,0.6892378330230713
YHR023W,YOR224C,0,-1.5929372,0.12438064068555832,0.9770458936691284,0.6893378496170044
YGR135W,YOR328W,0,-1.5936973,0.12436483800411224,0.9770458936691284,0.6894378662109375
YDR312W,YGR046W,0,-1.5937073,0.12434904277324677,0.9770458936691284,0.6895378828048706
YPL004C,YIL065C,0,-1.5940273,0.12433324754238129,0.9770458936691284,0.6896378993988037
YNR033W,YHR116W,0,-1.5942595,0.1243174597620964,0.9770458936691284,0.6897379755973816
YIR003W,YJL090C,0,-1.5957952,0.12430167943239212,0.9770458936691284,0.6898379921913147
YCL039W,YFL025C,0,-1.5960025,0.12428589910268784,0.9770458936691284,0.6899380087852478
YBR056W,YLR237W,0,-1.5972426,0.12427011877298355,0.9770458936691284,0.6900380253791809
YER184C,YBR289W,0,-1.5972484,0.12425434589385986,0.9770458936691284,0.690138041973114
YAL026C,YPL157W,0,-1.5979346,0.12423858046531677,0.9770458936691284,0.6902380585670471
YGR207C,YPL020C,0,-1.5982369,0.12422281503677368,0.9770458936691284,0.6903380751609802
YLR035C,YEL013W,0,-1.598454,0.12420705705881119,0.9770458936691284,0.6904380917549133
YKL216W,YPL175W,0,-1.6000361,0.1241912990808487,0.9770458936691284,0.6905381083488464
YMR006C,YJR139C,0,-1.6003226,0.1241755485534668,0.9770458936691284,0.6906381249427795
YGR090W,YNL240C,0,-1.6004705,0.1241597980260849,0.9770458936691284,0.6907381415367126
YGL073W,YPR067W,0,-1.6005468,0.1241440549492836,0.9770458936691284,0.6908381581306458
YDR439W,YNL317W,0,-1.6006305,0.1241283118724823,0.9770458936691284,0.6909381747245789
YCR058C,YPL258C,0,-1.6008713,0.1241125762462616,0.9770458936691284,0.691038191318512
YKR030W,YHR065C,0,-1.6017078,0.1240968406200409,0.9770458936691284,0.6911382079124451
YER102W,YOR343W-A,0,-1.6024394,0.12408111244440079,0.9770458936691284,0.6912382245063782
YNL206C,YPL017C,0,-1.6025074,0.12406539171934128,0.9770458936691284,0.6913382411003113
YCR028C,YLR453C,0,-1.6027038,0.12404967099428177,0.9770458936691284,0.6914383172988892
YNR008W,YBR009C,0,-1.6033638,0.12403395771980286,0.9770458936691284,0.6915383338928223
YAR009C,YGL005C,0,-1.6039679,0.12401824444532394,0.9770458936691284,0.6916383504867554
YMR261C,YLR431C,0,-1.6045029,0.12400253117084503,0.9770458936691284,0.6917383670806885
YMR224C,YIL065C,0,-1.6056292,0.12398682534694672,0.9770458936691284,0.6918383836746216
YLR078C,YMR012W,0,-1.6062372,0.123971126973629,0.9770458936691284,0.6919384002685547
YBR083W,YGR231C,0,-1.606521,0.12395542860031128,0.9770458936691284,0.6920384168624878
YPR110C,YLR106C,0,-1.6070178,0.12393973767757416,0.9770458936691284,0.6921384334564209
YDR479C,YLR299W,0,-1.6075072,0.12392405420541763,0.9770458936691284,0.692238450050354
YER112W,YDR387C,0,-1.6076789,0.12390836328268051,0.9770458936691284,0.6923384666442871
YPL254W,YJL097W,0,-1.6076847,0.12389268726110458,0.9770458936691284,0.6924384832382202
YGR165W,YDR375C,0,-1.6077902,0.12387701123952866,0.9770458936691284,0.6925384998321533
YGR296W,YPL066W,0,-1.6079009,0.12386133521795273,0.9770458936691284,0.6926385164260864
YDR328C,YNL037C,0,-1.6081221,0.1238456666469574,0.9770458936691284,0.6927385330200195
YFL050C,YDL156W,0,-1.6087176,0.12383000552654266,0.9770458936691284,0.6928385496139526
YLL066C,YAR008W,0,-1.6098175,0.12381434440612793,0.9770458936691284,0.6929385662078857
YFL018W-A,YBR038W,0,-1.6098747,0.1237986832857132,0.9770458936691284,0.6930385828018188
YBR041W,YDR485C,0,-1.6106861,0.12378302961587906,0.9770458936691284,0.693138599395752
YGL206C,YOR217W,0,-1.6109533,0.12376738339662552,0.9770458936691284,0.6932386755943298
YBR133C,YKL026C,0,-1.6114477,0.12375173717737198,0.9770458936691284,0.6933386921882629
YBL008W,YDR122W,0,-1.6122943,0.12373609840869904,0.9770458936691284,0.693438708782196
YHL002W,YDL119C,0,-1.6123384,0.12372045964002609,0.9770458936691284,0.6935387253761292
YKL084W,YJL208C,0,-1.6132376,0.12370482832193375,0.9770458936691284,0.6936387419700623
YFL003C,YHR141C,0,-1.6138294,0.1236891970038414,0.9770458936691284,0.6937387585639954
YMR306W,YNR059W,0,-1.6142702,0.12367357313632965,0.9770458936691284,0.6938387751579285
YKL222C,YNR043W,0,-1.6144772,0.1236579492688179,0.9770458936691284,0.6939387917518616
YMR122W-A,YEL039C,0,-1.6148902,0.12364233285188675,0.9770458936691284,0.6940388083457947
YOR011W,YHR161C,0,-1.6152496,0.1236267238855362,0.9770458936691284,0.6941388249397278
YGL121C,YBR100W,0,-1.6163201,0.12361110746860504,0.9770458936691284,0.6942388415336609
YDL181W,YJL151C,0,-1.6165099,0.12359550595283508,0.9770458936691284,0.694338858127594
YDR511W,YPL262W,0,-1.6167027,0.12357990443706512,0.9770458936691284,0.6944388747215271
YGL131C,YFL025C,0,-1.6181602,0.12356430292129517,0.9770458936691284,0.6945388913154602
YDL065C,YMR158W,0,-1.6184628,0.1235487163066864,0.9770458936691284,0.6946389079093933
YBR162W-A,YGL090W,0,-1.6185465,0.12353312224149704,0.9770458936691284,0.6947389245033264
YER123W,YLR367W,0,-1.6190051,0.12351753562688828,0.9770458936691284,0.6948389410972595
YML093W,YGL033W,0,-1.6190423,0.12350195646286011,0.9770458936691284,0.6949390172958374
YGL208W,YGL120C,0,-1.619103,0.12348637729883194,0.9770458936691284,0.6950390338897705
YCR033W,YGL039W,0,-1.6196419,0.12347080558538437,0.9770458936691284,0.6951390504837036
YPL116W,YHL008C,0,-1.6196601,0.1234552338719368,0.9770458936691284,0.6952390670776367
YDR500C,YBR244W,0,-1.6199207,0.12343966960906982,0.9770458936691284,0.6953390836715698
YDR058C,YLR115W,0,-1.6202004,0.12342410534620285,0.9770458936691284,0.6954391002655029
YLR225C,YPL095C,0,-1.6202115,0.12340854853391647,0.9770458936691284,0.695539116859436
YPL157W,YOR335C,0,-1.6205306,0.1233929917216301,0.9770458936691284,0.6956391334533691
YKR059W,YKL191W,0,-1.6210506,0.12337744235992432,0.9770458936691284,0.6957391500473022
YMR225C,YGR078C,0,-1.6211056,0.12336189299821854,0.9770458936691284,0.6958391666412354
YAR044W,YDR216W,0,-1.6212542,0.12334635108709335,0.9770458936691284,0.6959391832351685
YBR290W,YNL125C,0,-1.6214714,0.12333081662654877,0.9770458936691284,0.6960391998291016
YLR265C,YNL039W,0,-1.6217182,0.12331528216600418,0.9770458936691284,0.6961392164230347
YDR221W,YFR040W,0,-1.6226847,0.1232997477054596,0.9770458936691284,0.6962392330169678
YDR317W,YDR143C,0,-1.6238571,0.1232842206954956,0.9770458936691284,0.6963392496109009
YDR541C,YDR447C,0,-1.6252164,0.12326870113611221,0.9770458936691284,0.696439266204834
YMR101C,YKL200C,1,-1.6252875,0.12337907403707504,0.9780439138412476,0.696439266204834
YPL089C,YLR093C,0,-1.6255175,0.12336354702711105,0.9780439138412476,0.6965392827987671
YDR439W,YFL026W,0,-1.6256475,0.12334802001714706,0.9780439138412476,0.6966392993927002
YFR015C,YGL231C,0,-1.6257031,0.12333249300718307,0.9780439138412476,0.6967393755912781
YIL162W,YDR247W,0,-1.6272147,0.12331697344779968,0.9780439138412476,0.6968393921852112
YGR122W,YNL076W,0,-1.6273093,0.12330146133899689,0.9780439138412476,0.6969394087791443
YDR407C,YNL308C,0,-1.627337,0.12328594923019409,0.9780439138412476,0.6970394253730774
YGL031C,YGR161C-D,0,-1.6275151,0.1232704371213913,0.9780439138412476,0.6971394419670105
YFL056C,YBR114W,0,-1.6293402,0.1232549399137497,0.9780439138412476,0.6972394585609436
YKR075C,YOR270C,0,-1.6302655,0.1232394352555275,0.9780439138412476,0.6973394751548767
YJL116C,YLR442C,0,-1.6307325,0.1232239380478859,0.9780439138412476,0.6974394917488098
YAR018C,YKL212W,0,-1.6312854,0.12320844829082489,0.9780439138412476,0.6975395083427429
YGL079W,YNL075W,0,-1.6313056,0.12319295853376389,0.9780439138412476,0.697639524936676
YJR029W,YPL255W,0,-1.6313196,0.12317747622728348,0.9780439138412476,0.6977395415306091
YNL064C,YGR280C,0,-1.6317368,0.12316199392080307,0.9780439138412476,0.6978395581245422
YDL019C,YGL185C,0,-1.6322851,0.12314651906490326,0.9780439138412476,0.6979395747184753
YOR357C,YJL121C,0,-1.6327151,0.12313104420900345,0.9780439138412476,0.6980395913124084
YKR090W,YLR214W,0,-1.633223,0.12311557680368423,0.9780439138412476,0.6981396079063416
YDR308C,YNL058C,0,-1.6336952,0.12310010939836502,0.9780439138412476,0.6982396245002747
YGL093W,YOR391C,0,-1.6337619,0.1230846494436264,0.9780439138412476,0.6983396410942078
YOR356W,YGL028C,0,-1.6342094,0.12306919693946838,0.9780439138412476,0.6984397172927856
YMR293C,YDL124W,0,-1.6346979,0.12305374443531036,0.9780439138412476,0.6985397338867188
YLR157C-B,YPR120C,0,-1.636016,0.12303829193115234,0.9780439138412476,0.6986397504806519
YIL082W-A,YBR123C,0,-1.6366667,0.12302284687757492,0.9780439138412476,0.698739767074585
YML093W,YLR413W,0,-1.6369205,0.1230074018239975,0.9780439138412476,0.6988397836685181
YMR305C,YDL164C,0,-1.6372582,0.12299196422100067,0.9780439138412476,0.6989398002624512
YMR086W,YKR094C,0,-1.6377041,0.12297653406858444,0.9780439138412476,0.6990398168563843
YDR487C,YLR214W,0,-1.6378839,0.12296110391616821,0.9780439138412476,0.6991398334503174
YAL048C,YDL134C-A,0,-1.6379232,0.12294568121433258,0.9780439138412476,0.6992398500442505
YDR247W,YJR129C,0,-1.638194,0.12293025851249695,0.9780439138412476,0.6993398666381836
YGR202C,YJL174W,0,-1.6390979,0.12291483581066132,0.9780439138412476,0.6994398832321167
YDR221W,YHR032W,0,-1.6398796,0.12289942055940628,0.9780439138412476,0.6995398998260498
YIL096C,YDL214C,0,-1.6419692,0.12288401275873184,0.9780439138412476,0.6996399164199829
YGL038C,YBR070C,1,-1.6419771,0.12299398332834244,0.9790419340133667,0.6996399164199829
YKL183W,YGL013C,0,-1.642486,0.1229785606265068,0.9790419340133667,0.699739933013916
YHL047C,YNL128W,0,-1.6432476,0.12296314537525177,0.9790419340133667,0.6998399496078491
YCL026C-A,YHR194W,0,-1.6437039,0.12294773757457733,0.9790419340133667,0.6999399662017822
YBR035C,YGL115W,0,-1.6443373,0.1229323297739029,0.9790419340133667,0.7000399827957153
YJL179W,YML098W,0,-1.6446038,0.12291692942380905,0.9790419340133667,0.7001399993896484
YNL194C,YBR298C,0,-1.6450107,0.12290152907371521,0.9790419340133667,0.7002400755882263
YLR110C,YCL062W,0,-1.6451106,0.12288613617420197,0.9790419340133667,0.7003400921821594
YOR175C,YGR266W,0,-1.645134,0.12287074327468872,0.9790419340133667,0.7004401087760925
YJL208C,YNL086W,0,-1.6464682,0.12285535037517548,0.9790419340133667,0.7005401253700256
YHR062C,YDL105W,0,-1.6468861,0.12283997237682343,0.9790419340133667,0.7006401419639587
YNL065W,YJL018W,0,-1.6469713,0.12282458692789078,0.9790419340133667,0.7007401585578918
YGL006W,YGL089C,0,-1.6469958,0.12280921638011932,0.9790419340133667,0.700840175151825
YPR071W,YHR086W,0,-1.6471901,0.12279383838176727,0.9790419340133667,0.7009401917457581
YIL107C,YBR105C,0,-1.6474577,0.12277847528457642,0.9790419340133667,0.7010402083396912
YNL289W,YOR381W,0,-1.6476746,0.12276311218738556,0.9790419340133667,0.7011402249336243
YER058W,YMR012W,0,-1.6486847,0.1227477490901947,0.9790419340133667,0.7012402415275574
YJL180C,YCR077C,0,-1.6490068,0.12273239344358444,0.9790419340133667,0.7013402581214905
YER112W,YIL136W,0,-1.6498673,0.12271703779697418,0.9790419340133667,0.7014402747154236
YER148W,YCL045C,0,-1.6500318,0.12270168960094452,0.9790419340133667,0.7015402913093567
YOR056C,YBL017C,0,-1.6509024,0.12268634140491486,0.9790419340133667,0.7016403079032898
YLR370C,YHL026C,0,-1.6514418,0.12267100065946579,0.9790419340133667,0.7017403244972229
YLR059C,YML125C,0,-1.6518681,0.12265566736459732,0.9790419340133667,0.701840341091156
YKL200C,YGR227W,1,-1.6521974,0.12276534736156464,0.9800398945808411,0.701840341091156
YGL111W,YKL032C,0,-1.6527665,0.12274999916553497,0.9800398945808411,0.7019404172897339
YPL028W,YHL040C,0,-1.6532153,0.12273465842008591,0.9800398945808411,0.702040433883667
YBR245C,YGR183C,0,-1.6533818,0.12271931767463684,0.9800398945808411,0.7021404504776001
YNL031C,YHR153C,0,-1.6543362,0.12270398437976837,0.9800398945808411,0.7022404670715332
YLR413W,YMR081C,0,-1.6549577,0.1226886585354805,0.9800398945808411,0.7023404836654663
YNL248C,YFR032C-A,0,-1.6551608,0.12267333269119263,0.9800398945808411,0.7024405002593994
YOL064C,YMR110C,0,-1.655916,0.12265800684690475,0.9800398945808411,0.7025405168533325
YAR010C,YDL192W,0,-1.6560276,0.12264268845319748,0.9800398945808411,0.7026405334472656
YML075C,YNL188W,0,-1.6561507,0.1226273700594902,0.9800398945808411,0.7027405500411987
YNR030W,YKR093W,0,-1.6568339,0.12261205911636353,0.9800398945808411,0.7028405666351318
YEL042W,YIL107C,0,-1.6568949,0.12259675562381744,0.9800398945808411,0.7029405832290649
YER129W,YIR015W,0,-1.6569033,0.12258145213127136,0.9800398945808411,0.703040599822998
YBR254C,YGL157W,0,-1.6579355,0.12256614863872528,0.9800398945808411,0.7031406164169312
YGL161C,YDR019C,0,-1.6580151,0.1225508525967598,0.9800398945808411,0.7032406330108643
YCR031C,YGR161C-D,0,-1.6582856,0.12253556400537491,0.9800398945808411,0.7033406496047974
YKR087C,YIL155C,0,-1.6583915,0.12252027541399002,0.9800398945808411,0.7034406661987305
YLR393W,YBR090C-A,0,-1.6584232,0.12250498682260513,0.9800398945808411,0.7035406827926636
YIL172C,YFL035C-B,0,-1.658524,0.12248970568180084,0.9800398945808411,0.7036406993865967
YKR031C,YDR258C,0,-1.6591961,0.12247443199157715,0.9800398945808411,0.7037407755851746
YML124C,YGR140W,0,-1.6599145,0.12245915830135345,0.9800398945808411,0.7038407921791077
YKL132C,YLL021W,0,-1.6616504,0.12244389206171036,0.9800398945808411,0.7039408087730408
YDR522C,YIL082W-A,0,-1.6618674,0.12242862582206726,0.9800398945808411,0.7040408253669739
YDR210C-D,YMR183C,0,-1.6620264,0.12241335958242416,0.9800398945808411,0.704140841960907
YBL100W-A,YPL266W,0,-1.6627893,0.12239810824394226,0.9800398945808411,0.7042408585548401
YML129C,YGR235C,0,-1.6630702,0.12238284945487976,0.9800398945808411,0.7043408751487732
YMR006C,YDL103C,0,-1.6631881,0.12236759811639786,0.9800398945808411,0.7044408917427063
YPR017C,YKL100C,0,-1.6641207,0.12235235422849655,0.9800398945808411,0.7045409083366394
YER153C,YPL269W,0,-1.6654329,0.12233711034059525,0.9800398945808411,0.7046409249305725
YHR039C-B,YGR062C,0,-1.6668822,0.12232187390327454,0.9800398945808411,0.7047409415245056
YDR169C,YGL133W,0,-1.6673454,0.12230663746595383,0.9800398945808411,0.7048409581184387
YNL035C,YLR274W,0,-1.66794,0.12229140847921371,0.9800398945808411,0.7049409747123718
YNL164C,YLR154W-C,0,-1.6683834,0.1222761794924736,0.9800398945808411,0.7050409913063049
YIL117C,YER063W,0,-1.6683955,0.12226095795631409,0.9800398945808411,0.705141007900238
YLR393W,YIL101C,0,-1.6684232,0.12224573642015457,0.9800398945808411,0.7052410244941711
YJR144W,YJR113C,0,-1.6697309,0.12223052233457565,0.9800398945808411,0.7053410410881042
YBL091C,YPR107C,0,-1.670178,0.12221530824899673,0.9800398945808411,0.7054411172866821
YGL232W,YDL139C,0,-1.6703569,0.12220010161399841,0.9800398945808411,0.7055411338806152
YDL239C,YHR017W,0,-1.6708349,0.12218489497900009,0.9800398945808411,0.7056411504745483
YGR023W,YOR130C,0,-1.670909,0.12216969579458237,0.9800398945808411,0.7057411670684814
YMR290C,YIL004C,0,-1.6723213,0.12215449661016464,0.9800398945808411,0.7058411836624146
YBR082C,YBR291C,0,-1.6724157,0.12213930487632751,0.9800398945808411,0.7059412002563477
YLR403W,YGL238W,0,-1.6726661,0.12212411314249039,0.9800398945808411,0.7060412168502808
YHR171W,YNL082W,0,-1.6737819,0.12210892885923386,0.9800398945808411,0.7061412334442139
YKL051W,YNR001C,0,-1.6741567,0.12209374457597733,0.9800398945808411,0.706241250038147
YGR035C,YGR227W,0,-1.6749449,0.12207856774330139,0.9800398945808411,0.7063412666320801
YGL144C,YER033C,0,-1.675672,0.12206339091062546,0.9800398945808411,0.7064412832260132
YFL003C,YGL107C,0,-1.6769272,0.12204822152853012,0.9800398945808411,0.7065412998199463
YMR307W,YKL155C,0,-1.6773022,0.12203305214643478,0.9800398945808411,0.7066413164138794
YNL217W,YHR172W,0,-1.6778145,0.12201789021492004,0.9800398945808411,0.7067413330078125
YGL100W,YPR097W,0,-1.679005,0.1220027357339859,0.9800398945808411,0.7068413496017456
YDR231C,YLR172C,0,-1.6790777,0.12198758125305176,0.9800398945808411,0.7069413661956787
YLR143W,YNL024C,0,-1.6815742,0.12197242677211761,0.9800398945808411,0.7070413827896118
YOR360C,YDL046W,0,-1.6819448,0.12195727974176407,0.9800398945808411,0.7071413993835449
YKL034W,YGR272C,0,-1.6821685,0.12194213271141052,0.9800398945808411,0.7072414755821228
YGR156W,YPL088W,0,-1.6845441,0.12192699313163757,0.9800398945808411,0.7073414921760559
YBR154C,YOR224C,0,-1.6846268,0.12191185355186462,0.9800398945808411,0.707441508769989
YHR118C,YGL150C,0,-1.68484,0.12189672142267227,0.9800398945808411,0.7075415253639221
YBR130C,YGL096W,0,-1.6849073,0.12188159674406052,0.9800398945808411,0.7076415419578552
YML054C,YNL284C-B,0,-1.6854737,0.12186646461486816,0.9800398945808411,0.7077415585517883
YDR313C,YCR040W,0,-1.6857402,0.121851347386837,0.9800398945808411,0.7078415751457214
YCR070W,YBR065C,0,-1.6859123,0.12183623015880585,0.9800398945808411,0.7079415917396545
YLR143W,YPR008W,0,-1.6863152,0.12182111293077469,0.9800398945808411,0.7080416083335876
YGR278W,YIL072W,0,-1.6895549,0.12180600315332413,0.9800398945808411,0.7081416249275208
YDR050C,YJL018W,0,-1.689742,0.12179089337587357,0.9800398945808411,0.7082416415214539
YBR159W,YOR249C,0,-1.6901267,0.1217757910490036,0.9800398945808411,0.708341658115387
YLR059C,YHR118C,0,-1.6909161,0.12176069617271423,0.9800398945808411,0.7084416747093201
YOR065W,YNL272C,0,-1.6916449,0.12174560129642487,0.9800398945808411,0.7085416913032532
YJR152W,YJL019W,0,-1.6917892,0.1217305064201355,0.9800398945808411,0.7086417078971863
YMR044W,YDR402C,0,-1.6921699,0.12171541899442673,0.9800398945808411,0.7087417244911194
YDR228C,YCL048W,0,-1.692201,0.12170033156871796,0.9800398945808411,0.7088417410850525
YDR244W,YPL059W,0,-1.6923642,0.12168525159358978,0.9800398945808411,0.7089418172836304
YHR072W-A,YIL168W,0,-1.6927657,0.1216701790690422,0.9800398945808411,0.7090418338775635
YLR121C,YDR264C,0,-1.6949297,0.12165510654449463,0.9800398945808411,0.7091418504714966
YML081W,YOL123W,0,-1.6950204,0.12164003401994705,0.9800398945808411,0.7092418670654297
YML061C,YCR040W,0,-1.6955239,0.12162496894598007,0.9800398945808411,0.7093418836593628
YAL058W,YOR017W,0,-1.6955417,0.12160990387201309,0.9800398945808411,0.7094419002532959
YDR393W,YPR137C-B,0,-1.6960397,0.12159484624862671,0.9800398945808411,0.709541916847229
YLR189C,YGL049C,0,-1.6960555,0.12157979607582092,0.9800398945808411,0.7096419334411621
YMR171C,YFR032C-A,0,-1.6966944,0.12156474590301514,0.9800398945808411,0.7097419500350952
YML095C,YMR091C,0,-1.697056,0.12154969573020935,0.9800398945808411,0.7098419666290283
YOL115W,YBR019C,0,-1.6971121,0.12153465300798416,0.9800398945808411,0.7099419832229614
YLR451W,YGL092W,0,-1.6972821,0.12151961028575897,0.9800398945808411,0.7100419998168945
YBR204C,YDR313C,0,-1.6972944,0.12150457501411438,0.9800398945808411,0.7101420164108276
YGL061C,YJL125C,0,-1.6973424,0.12148954719305038,0.9800398945808411,0.7102420330047607
YPL170W,YOR316C,0,-1.6978384,0.12147451937198639,0.9800398945808411,0.7103420495986938
YER106W,YIL101C,0,-1.6990621,0.1214594915509224,0.9800398945808411,0.710442066192627
YER054C,YLR158C,0,-1.6994905,0.121444471180439,0.9800398945808411,0.7105420827865601
YFR024C,YDR388W,0,-1.7000777,0.1214294582605362,0.9800398945808411,0.7106420993804932
YDR110W,YDR299W,0,-1.7006274,0.1214144378900528,0.9800398945808411,0.710742175579071
YPR151C,YER068W,0,-1.7006714,0.12139943242073059,0.9800398945808411,0.7108421921730042
YML111W,YER019W,0,-1.7007616,0.12138442695140839,0.9800398945808411,0.7109422087669373
YLR056W,YOR117W,0,-1.7010959,0.12136942148208618,0.9800398945808411,0.7110422253608704
YKL010C,YOR354C,0,-1.7015864,0.12135442346334457,0.9800398945808411,0.7111422419548035
YJL072C,YOR076C,0,-1.7019665,0.12133942544460297,0.9800398945808411,0.7112422585487366
YCL031C,YGR163W,0,-1.7026725,0.12132443487644196,0.9800398945808411,0.7113422751426697
YAR009C,YIL022W,0,-1.7031364,0.12130945175886154,0.9800398945808411,0.7114422917366028
YLR170C,YER028C,0,-1.7035608,0.12129446864128113,0.9800398945808411,0.7115423083305359
YMR314W,YGR017W,0,-1.7047024,0.12127948552370071,0.9800398945808411,0.711642324924469
YDL017W,YPL137C,0,-1.7049351,0.1212645098567009,0.9800398945808411,0.7117423415184021
YER075C,YNL146W,0,-1.7060711,0.12124953418970108,0.9800398945808411,0.7118423581123352
YAL011W,YMR166C,0,-1.7063293,0.12123456597328186,0.9800398945808411,0.7119423747062683
YNL001W,YOR290C,0,-1.7065058,0.12121960520744324,0.9800398945808411,0.7120423913002014
YGR188C,YER044C-A,0,-1.7090192,0.12120464444160461,0.9800398945808411,0.7121424078941345
YLL001W,YOR140W,0,-1.7093778,0.12118968367576599,0.9800398945808411,0.7122424244880676
YKL150W,YHR009C,0,-1.7097101,0.12117473036050797,0.9800398945808411,0.7123424410820007
YGR017W,YDL049C,0,-1.7103906,0.12115977704524994,0.9800398945808411,0.7124425172805786
YBL087C,YGL210W-A,0,-1.7105677,0.12114483118057251,0.9800398945808411,0.7125425338745117
YIL074C,YLR356W,0,-1.7110772,0.12112988531589508,0.9800398945808411,0.7126425504684448
YLR052W,YPL207W,0,-1.7118933,0.12111494690179825,0.9800398945808411,0.7127425670623779
YOR356W,YKL141W,0,-1.7128814,0.12110001593828201,0.9800398945808411,0.712842583656311
YER164W,YMR167W,0,-1.7133254,0.12108507752418518,0.9800398945808411,0.7129426002502441
YOR368W,YLR040C,0,-1.7135506,0.12107015401124954,0.9800398945808411,0.7130426168441772
YNL247W,YOR241W,0,-1.7137945,0.1210552304983139,0.9800398945808411,0.7131426334381104
YLR403W,YJR045C,0,-1.7141805,0.12104030698537827,0.9800398945808411,0.7132426500320435
YJL111W,YLR136C,0,-1.7148359,0.12102539092302322,0.9800398945808411,0.7133426666259766
YNL275W,YHR033W,0,-1.7148364,0.12101047486066818,0.9800398945808411,0.7134426832199097
YOL148C,YPR133C,0,-1.7150359,0.12099556624889374,0.9800398945808411,0.7135426998138428
YCR105W,YOR391C,0,-1.7151276,0.1209806576371193,0.9800398945808411,0.7136427164077759
YDL144C,YIR022W,0,-1.7153606,0.12096575647592545,0.9800398945808411,0.713742733001709
YER164W,YKR022C,0,-1.7156229,0.1209508553147316,0.9800398945808411,0.7138427495956421
YJL106W,YLR234W,0,-1.716115,0.12093596160411835,0.9800398945808411,0.7139427661895752
YJR014W,YBL080C,0,-1.7187457,0.1209210678935051,0.9800398945808411,0.7140427827835083
YPL214C,YGR203W,0,-1.7187902,0.12090618163347244,0.9800398945808411,0.7141427993774414
YHR098C,YHR020W,0,-1.718893,0.12089129537343979,0.9800398945808411,0.7142428755760193
YER014W,YER060W-A,0,-1.7190623,0.12087641656398773,0.9800398945808411,0.7143428921699524
YMR202W,YKR022C,0,-1.7191567,0.12086153775453568,0.9800398945808411,0.7144429087638855
YOR088W,YKR077W,0,-1.7196805,0.12084666639566422,0.9800398945808411,0.7145429253578186
YER025W,YGR063C,0,-1.7207062,0.12083179503679276,0.9800398945808411,0.7146429419517517
YMR086W,YDR463W,0,-1.7207487,0.12081693112850189,0.9800398945808411,0.7147429585456848
YBR198C,YDL119C,0,-1.7209793,0.12080206722021103,0.9800398945808411,0.7148429751396179
YGR007W,YBR229C,0,-1.7215216,0.12078721076250076,0.9800398945808411,0.714942991733551
YGL008C,YKR001C,0,-1.7216293,0.1207723543047905,0.9800398945808411,0.7150430083274841
YPL176C,YHR214W,0,-1.7226169,0.12075749784708023,0.9800398945808411,0.7151430249214172
YML076C,YDL004W,0,-1.7230165,0.12074265629053116,0.9800398945808411,0.7152430415153503
YOL006C,YKL087C,0,-1.723079,0.12072780728340149,0.9800398945808411,0.7153430581092834
YBR088C,YKR022C,0,-1.723933,0.12071296572685242,0.9800398945808411,0.7154430747032166
YBR077C,YLR238W,0,-1.7246706,0.12069813162088394,0.9800398945808411,0.7155430912971497
YMR199W,YPR066W,0,-1.7254329,0.12068329751491547,0.9800398945808411,0.7156431078910828
YPL266W,YNL139C,0,-1.7260481,0.12066847085952759,0.9800398945808411,0.7157431244850159
YEL019C,YCR043C,0,-1.7261044,0.12065364420413971,0.9800398945808411,0.715843141078949
YNL156C,YJL003W,0,-1.726422,0.12063881754875183,0.9800398945808411,0.7159432172775269
YDR288W,YDR248C,0,-1.7265221,0.12062399834394455,0.9800398945808411,0.71604323387146
YHR190W,YPL140C,0,-1.7266561,0.12060918658971786,0.9800398945808411,0.7161432504653931
YPL193W,YMR217W,0,-1.7270987,0.12059437483549118,0.9800398945808411,0.7162432670593262
YLR194C,YDL229W,0,-1.7275836,0.12057957053184509,0.9800398945808411,0.7163432836532593
YNL217W,YDR382W,0,-1.7279334,0.120564766228199,0.9800398945808411,0.7164433002471924
YOL137W,YCL062W,0,-1.7294794,0.12054996192455292,0.9800398945808411,0.7165433168411255
YMR192W,YBL069W,0,-1.7298654,0.12053516507148743,0.9800398945808411,0.7166433334350586
YGL166W,YDR412W,0,-1.7302749,0.12052037566900253,0.9800398945808411,0.7167433500289917
YBL097W,YPR183W,0,-1.7314463,0.12050558626651764,0.9800398945808411,0.7168433666229248
YEL048C,YDR490C,0,-1.7317235,0.12049079686403275,0.9800398945808411,0.7169433832168579
YOL039W,YAL044C,0,-1.7322408,0.12047601491212845,0.9800398945808411,0.717043399810791
YDR227W,YER114C,0,-1.732521,0.12046123296022415,0.9800398945808411,0.7171434164047241
YMR183C,YEL061C,0,-1.7329688,0.12044645845890045,0.9800398945808411,0.7172434329986572
YER078C,YNR012W,0,-1.733077,0.12043169140815735,0.9800398945808411,0.7173434495925903
YOR011W,YHR112C,0,-1.7331053,0.12041692435741425,0.9800398945808411,0.7174434661865234
YOR354C,YMR076C,0,-1.7343228,0.12040215730667114,0.9800398945808411,0.7175434827804565
YDL092W,YGR059W,0,-1.7353611,0.12038739770650864,0.9800398945808411,0.7176434993743896
YDL180W,YOL156W,0,-1.7359536,0.12037263810634613,0.9800398945808411,0.7177435755729675
YMR302C,YML065W,0,-1.7361706,0.12035788595676422,0.9800398945808411,0.7178435921669006
YKL158W,YBR102C,0,-1.7363575,0.12034313380718231,0.9800398945808411,0.7179436087608337
YGL012W,YER111C,0,-1.7368287,0.120328389108181,0.9800398945808411,0.7180436253547668
YPL152W,YJL003W,0,-1.7373259,0.12031365185976028,0.9800398945808411,0.7181436419487
YGR223C,YCL047C,0,-1.7382207,0.12029890716075897,0.9800398945808411,0.7182436585426331
YBR201W,YHR009C,0,-1.738863,0.12028417736291885,0.9800398945808411,0.7183436751365662
YGR247W,YCR037C,0,-1.7398119,0.12026944011449814,0.9800398945808411,0.7184436917304993
YML082W,YDL154W,0,-1.7409133,0.12025471776723862,0.9800398945808411,0.7185437083244324
YGR026W,YLR298C,0,-1.741092,0.1202399879693985,0.9800398945808411,0.7186437249183655
YER157W,YLR019W,0,-1.7411387,0.12022526562213898,0.9800398945808411,0.7187437415122986
YGR097W,YIR002C,0,-1.7414725,0.12021055072546005,0.9800398945808411,0.7188437581062317
YDL175C,YPL033C,0,-1.7428287,0.12019583582878113,0.9800398945808411,0.7189437747001648
YKL055C,YKL012W,0,-1.7433541,0.1201811283826828,0.9800398945808411,0.7190437912940979
YAL009W,YPL171C,0,-1.7441279,0.12016642093658447,0.9800398945808411,0.719143807888031
YDR540C,YPL016W,0,-1.7442474,0.12015172094106674,0.9800398945808411,0.7192438244819641
YOR247W,YDR529C,0,-1.7443867,0.12013702094554901,0.9800398945808411,0.7193438410758972
YBR215W,YOR228C,0,-1.7447082,0.12012232095003128,0.9800398945808411,0.7194439172744751
YJR110W,YGL240W,0,-1.7448665,0.12010762840509415,0.9800398945808411,0.7195439338684082
YMR293C,YLR343W,0,-1.7455938,0.12009294331073761,0.9800398945808411,0.7196439504623413
YOR059C,YDR264C,0,-1.7459114,0.12007825821638107,0.9800398945808411,0.7197439670562744
YHR003C,YCR063W,0,-1.7462533,0.12006358057260513,0.9800398945808411,0.7198439836502075
YGL240W,YPR048W,0,-1.747584,0.1200489029288292,0.9800398945808411,0.7199440002441406
YJR088C,YEL059C-A,0,-1.7477412,0.12003422528505325,0.9800398945808411,0.7200440168380737
YIR015W,YNL252C,0,-1.7478456,0.12001955509185791,0.9800398945808411,0.7201440334320068
YCR045C,YER110C,0,-1.7479786,0.12000488489866257,0.9800398945808411,0.7202440500259399
YGL022W,YER044C-A,0,-1.7482607,0.11999022215604782,0.9800398945808411,0.720344066619873
YOR254C,YGL064C,0,-1.7501541,0.11997556686401367,0.9800398945808411,0.7204440832138062
YNL156C,YBL018C,0,-1.7512019,0.11996091157197952,0.9800398945808411,0.7205440998077393
YNL152W,YMR048W,0,-1.7512708,0.11994625627994537,0.9800398945808411,0.7206441164016724
YKL002W,YMR091C,0,-1.7532362,0.11993160843849182,0.9800398945808411,0.7207441329956055
YJR016C,YGR152C,0,-1.7533805,0.11991696059703827,0.9800398945808411,0.7208441495895386
YFL052W,YNL076W,0,-1.7535083,0.11990232020616531,0.9800398945808411,0.7209441661834717
YDR323C,YCR070W,0,-1.7548001,0.11988767981529236,0.9800398945808411,0.7210441827774048
YHR202W,YML026C,0,-1.7549796,0.119873046875,0.9800398945808411,0.7211441993713379
YPR161C,YGR082W,0,-1.7551689,0.11985841393470764,0.9800398945808411,0.7212442755699158
YNR038W,YJL045W,0,-1.75668,0.11984378844499588,0.9800398945808411,0.7213442921638489
YOR100C,YIR021W,0,-1.7570405,0.11982916295528412,0.9800398945808411,0.721444308757782
YDR224C,YDR073W,0,-1.7579136,0.11981454491615295,0.9800398945808411,0.7215443253517151
YJR150C,YAL020C,0,-1.7586412,0.11979992687702179,0.9800398945808411,0.7216443419456482
YLL013C,YHR011W,0,-1.7589244,0.11978531628847122,0.9800398945808411,0.7217443585395813
YDR235W,YGL181W,0,-1.7589266,0.11977070569992065,0.9800398945808411,0.7218443751335144
YPR019W,YML070W,0,-1.759434,0.11975609511137009,0.9800398945808411,0.7219443917274475
YOR103C,YKL200C,1,-1.7598572,0.11986342817544937,0.9810379147529602,0.7219443917274475
YNL071W,YER167W,0,-1.7599111,0.1198488175868988,0.9810379147529602,0.7220444083213806
YKR078W,YOR192C,0,-1.7599492,0.11983420699834824,0.9810379147529602,0.7221444249153137
YCR073C,YNR063W,0,-1.7602342,0.11981960386037827,0.9810379147529602,0.7222444415092468
YDR280W,YNL035C,0,-1.7608612,0.1198049932718277,0.9810379147529602,0.7223444581031799
YGR054W,YGL128C,0,-1.7608991,0.11979039758443832,0.9810379147529602,0.722444474697113
YBL101C,YBR133C,0,-1.7609502,0.11977580189704895,0.9810379147529602,0.7225444912910461
YDR480W,YHR099W,0,-1.7636346,0.11976120620965958,0.9810379147529602,0.7226445078849792
YDR365W-A,YBL051C,0,-1.7641101,0.1197466179728508,0.9810379147529602,0.7227445244789124
YKL040C,YPL111W,0,-1.7651768,0.11973203718662262,0.9810379147529602,0.7228445410728455
YIL106W,YBR265W,0,-1.7652559,0.11971744894981384,0.9810379147529602,0.7229446172714233
YNR071C,YKL184W,0,-1.7652879,0.11970287561416626,0.9810379147529602,0.7230446338653564
YHR020W,YBL003C,0,-1.7653084,0.11968830227851868,0.9810379147529602,0.7231446504592896
YDL043C,YNL191W,0,-1.7654957,0.1196737289428711,0.9810379147529602,0.7232446670532227
YKL005C,YHR007C,0,-1.7655786,0.11965916305780411,0.9810379147529602,0.7233446836471558
YLR174W,YML072C,0,-1.7661891,0.11964459717273712,0.9810379147529602,0.7234447002410889
YGL151W,YAL023C,0,-1.766233,0.11963003873825073,0.9810379147529602,0.723544716835022
YLR131C,YNL220W,0,-1.7669073,0.11961548030376434,0.9810379147529602,0.7236447334289551
YBR087W,YPL132W,0,-1.7670912,0.11960092186927795,0.9810379147529602,0.7237447500228882
YJL196C,YDL017W,0,-1.7675529,0.11958637833595276,0.9810379147529602,0.7238447666168213
YJL160C,YBR008C,0,-1.7680833,0.11957182735204697,0.9810379147529602,0.7239447832107544
YML125C,YIL037C,0,-1.7681538,0.11955728381872177,0.9810379147529602,0.7240447998046875
YKL181W,YML040W,0,-1.7695212,0.11954274773597717,0.9810379147529602,0.7241448163986206
YLL009C,YJL045W,0,-1.7698283,0.11952821165323257,0.9810379147529602,0.7242448329925537
YGR068C,YDL106C,0,-1.7711535,0.11951367557048798,0.9810379147529602,0.7243448495864868
YDL123W,YGR198W,0,-1.7719353,0.11949914693832397,0.9810379147529602,0.7244448661804199
YHL004W,YKL195W,0,-1.7719712,0.11948462575674057,0.9810379147529602,0.724544882774353
YEL019C,YER083C,0,-1.7727368,0.11947010457515717,0.9810379147529602,0.7246448993682861
YOR144C,YOL005C,0,-1.7728432,0.11945558339357376,0.9810379147529602,0.724744975566864
YJR123W,YFL029C,0,-1.7730653,0.11944106966257095,0.9810379147529602,0.7248449921607971
YPL212C,YNL146W,0,-1.774404,0.11942655593156815,0.9810379147529602,0.7249450087547302
YAL068C,YIL027C,0,-1.7745762,0.11941204965114594,0.9810379147529602,0.7250450253486633
YNL289W,YDR101C,0,-1.7746853,0.11939754337072372,0.9810379147529602,0.7251450419425964
YER069W,YBR041W,0,-1.775123,0.11938304454088211,0.9810379147529602,0.7252450585365295
YBL045C,YGR083C,0,-1.7759316,0.1193685457110405,0.9810379147529602,0.7253450751304626
YGL181W,YOR306C,0,-1.7763401,0.11935405433177948,0.9810379147529602,0.7254450917243958
YPL233W,YHR166C,0,-1.7766137,0.11933956295251846,0.9810379147529602,0.7255451083183289
YOL029C,YOR383C,0,-1.7768012,0.11932507902383804,0.9810379147529602,0.725645124912262
YPL066W,YMR166C,0,-1.7771606,0.11931059509515762,0.9810379147529602,0.7257451415061951
YBR131W,YJL028W,0,-1.7776494,0.1192961186170578,0.9810379147529602,0.7258451581001282
YGL229C,YLR178C,0,-1.7777379,0.11928164213895798,0.9810379147529602,0.7259451746940613
YMR122W-A,YDL014W,0,-1.7785414,0.11926716566085815,0.9810379147529602,0.7260451912879944
YPL283C,YDL156W,0,-1.7788708,0.11925269663333893,0.9810379147529602,0.7261452078819275
YMR122W-A,YDR481C,0,-1.779437,0.1192382350564003,0.9810379147529602,0.7262452244758606
YHR186C,YCL001W,0,-1.7794714,0.11922377347946167,0.9810379147529602,0.7263452410697937
YPL280W,YBL016W,0,-1.7797711,0.11920931190252304,0.9810379147529602,0.7264453172683716
YDR534C,YOR177C,0,-1.7798328,0.11919485777616501,0.9810379147529602,0.7265453338623047
YMR045C,YMR311C,0,-1.7798706,0.11918040364980698,0.9810379147529602,0.7266453504562378
YMR192W,YDL115C,0,-1.7808831,0.11916595697402954,0.9810379147529602,0.7267453670501709
YGR227W,YML040W,0,-1.781209,0.1191515177488327,0.9810379147529602,0.726845383644104
YDL038C,YBR176W,0,-1.7833369,0.11913707107305527,0.9810379147529602,0.7269454002380371
YKR087C,YBR056W,0,-1.7833419,0.11912263929843903,0.9810379147529602,0.7270454168319702
YDR051C,YPL154C,0,-1.783504,0.11910820007324219,0.9810379147529602,0.7271454334259033
YDR096W,YOR335C,0,-1.783876,0.11909377574920654,0.9810379147529602,0.7272454500198364
YDR039C,YPL241C,0,-1.783963,0.1190793439745903,0.9810379147529602,0.7273454666137695
YBR083W,YPL175W,0,-1.784311,0.11906491965055466,0.9810379147529602,0.7274454832077026
YOR069W,YLR093C,0,-1.7848843,0.11905050277709961,0.9810379147529602,0.7275454998016357
YLL066C,YDR424C,0,-1.7869842,0.11903608590364456,0.9810379147529602,0.7276455163955688
YJR123W,YGR277C,0,-1.7874119,0.11902167648077011,0.9810379147529602,0.727745532989502
YDR012W,YNL046W,0,-1.7875874,0.11900726705789566,0.9810379147529602,0.7278455495834351
YBL037W,YLR376C,0,-1.7892605,0.11899285763502121,0.9810379147529602,0.7279455661773682
YOR136W,YLR008C,0,-1.7903217,0.11897845566272736,0.9810379147529602,0.7280455827713013
YEL003W,YEL064C,0,-1.7914323,0.1189640536904335,0.9810379147529602,0.7281455993652344
YAL026C,YBR100W,0,-1.7915771,0.11894965916872025,0.9810379147529602,0.7282456755638123
YER147C,YKR086W,0,-1.7917335,0.11893527209758759,0.9810379147529602,0.7283456921577454
YML129C,YKL148C,0,-1.7926171,0.11892087757587433,0.9810379147529602,0.7284457087516785
YJL139C,YPL193W,0,-1.7933898,0.11890649795532227,0.9810379147529602,0.7285457253456116
YDR323C,YDR150W,0,-1.7934016,0.1188921108841896,0.9810379147529602,0.7286457419395447
YER133W,YJR016C,0,-1.7941724,0.11887773871421814,0.9810379147529602,0.7287457585334778
YBL038W,YEL003W,0,-1.7947242,0.11886335909366608,0.9810379147529602,0.7288457751274109
YER180C,YEL021W,0,-1.7947389,0.11884898692369461,0.9810379147529602,0.728945791721344
YHL013C,YML011C,0,-1.7949977,0.11883462220430374,0.9810379147529602,0.7290458083152771
YNR020C,YDR358W,0,-1.7952461,0.11882025748491287,0.9810379147529602,0.7291458249092102
YOR116C,YGR183C,0,-1.7956045,0.1188059002161026,0.9810379147529602,0.7292458415031433
YGL063W,YFR016C,0,-1.7962219,0.11879154294729233,0.9810379147529602,0.7293458580970764
YBL020W,YIL067C,0,-1.7971387,0.11877718567848206,0.9810379147529602,0.7294458746910095
YLL009C,YIR013C,0,-1.7978764,0.11876283586025238,0.9810379147529602,0.7295458912849426
YDR506C,YOR201C,0,-1.7980939,0.1187484934926033,0.9810379147529602,0.7296459078788757
YDR341C,YML100W,0,-1.7984409,0.11873414367437363,0.9810379147529602,0.7297459244728088
YMR001C,YDR127W,0,-1.7985255,0.11871980875730515,0.9810379147529602,0.7298459410667419
YBR253W,YGL134W,0,-1.7988925,0.11870547384023666,0.9810379147529602,0.7299460172653198
YDR231C,YLR238W,0,-1.7990205,0.11869113892316818,0.9810379147529602,0.7300460338592529
YCR028C,YCR066W,0,-1.799356,0.1186768114566803,0.9810379147529602,0.730146050453186
YKL138C-A,YJR139C,0,-1.7996385,0.11866248399019241,0.9810379147529602,0.7302460670471191
YIL033C,YBL084C,0,-1.7998008,0.11864815652370453,0.9810379147529602,0.7303460836410522
YPR105C,YJR059W,0,-1.7999976,0.11863383650779724,0.9810379147529602,0.7304461002349854
YGL187C,YKL191W,0,-1.8002396,0.11861952394247055,0.9810379147529602,0.7305461168289185
YAR014C,YHR017W,0,-1.8003364,0.11860521137714386,0.9810379147529602,0.7306461334228516
YKL025C,YNL112W,0,-1.8010125,0.11859090626239777,0.9810379147529602,0.7307461500167847
YPR071W,YHR150W,0,-1.8025837,0.11857660114765167,0.9810379147529602,0.7308461666107178
YIL036W,YPL232W,0,-1.8029734,0.11856229603290558,0.9810379147529602,0.7309461832046509
YGL168W,YNL007C,0,-1.803379,0.11854799836874008,0.9810379147529602,0.731046199798584
YCR058C,YBL030C,0,-1.8053286,0.11853370070457458,0.9810379147529602,0.7311462163925171
YBR091C,YDR489W,0,-1.8056247,0.11851941049098969,0.9810379147529602,0.7312462329864502
YIR003W,YLR127C,0,-1.8070006,0.11850512027740479,0.9810379147529602,0.7313462495803833
YPR046W,YDR113C,0,-1.8070796,0.11849083751440048,0.9810379147529602,0.7314462661743164
YER144C,YPR037C,0,-1.8076303,0.11847655475139618,0.9810379147529602,0.7315462827682495
YDR234W,YOR329C,0,-1.8083322,0.11846227943897247,0.9810379147529602,0.7316463589668274
YDR377W,YML045W,0,-1.808927,0.11844800412654877,0.9810379147529602,0.7317463755607605
YHL035C,YLR414C,0,-1.8090167,0.11843373626470566,0.9810379147529602,0.7318463921546936
YFL037W,YKR078W,0,-1.8092266,0.11841946840286255,0.9810379147529602,0.7319464087486267
YDR078C,YKL209C,0,-1.8098948,0.11840520054101944,0.9810379147529602,0.7320464253425598
YGL153W,YDR058C,0,-1.8114743,0.11839094012975693,0.9810379147529602,0.7321464419364929
YDR178W,YOR307C,0,-1.8116143,0.11837668716907501,0.9810379147529602,0.732246458530426
YDR322C-A,YNL339C,0,-1.8118229,0.1183624342083931,0.9810379147529602,0.7323464751243591
YOL097C,YOR174W,0,-1.8123037,0.11834818124771118,0.9810379147529602,0.7324464917182922
YMR230W,YLR337W,0,-1.8129838,0.11833393573760986,0.9810379147529602,0.7325465083122253
YDR016C,YBR009C,0,-1.8131552,0.11831969022750854,0.9810379147529602,0.7326465249061584
YPL057C,YNL036W,0,-1.8139446,0.11830545216798782,0.9810379147529602,0.7327465415000916
YNL243W,YGL130W,0,-1.8142475,0.1182912141084671,0.9810379147529602,0.7328465580940247
YPL003W,YOR290C,0,-1.8143516,0.11827698349952698,0.9810379147529602,0.7329465746879578
YPL202C,YKL143W,0,-1.8156991,0.11826275289058685,0.9810379147529602,0.7330465912818909
YOL049W,YIL121W,0,-1.8165841,0.11824852973222733,0.9810379147529602,0.733146607875824
YKL071W,YPL053C,0,-1.8187475,0.1182343065738678,0.9810379147529602,0.7332466244697571
YLR352W,YCL027W,0,-1.8189838,0.11822008341550827,0.9810379147529602,0.7333466410636902
YLR451W,YGL003C,0,-1.8217666,0.11820586770772934,0.9810379147529602,0.7334467172622681
YOL103W,YOR192C,0,-1.8217794,0.11819165199995041,0.9810379147529602,0.7335467338562012
YCR073C,YJR145C,0,-1.822659,0.11817744374275208,0.9810379147529602,0.7336467504501343
YOR171C,YER023W,0,-1.8236566,0.11816324293613434,0.9810379147529602,0.7337467670440674
YCR010C,YGL135W,0,-1.8238165,0.1181490421295166,0.9810379147529602,0.7338467836380005
YOL103W,YBR217W,0,-1.82637,0.11813484132289886,0.9810379147529602,0.7339468002319336
YBR211C,YPL269W,0,-1.8271515,0.11812064051628113,0.9810379147529602,0.7340468168258667
YMR030W,YLR186W,0,-1.8272744,0.11810645461082458,0.9810379147529602,0.7341468334197998
YIL099W,YEL006W,0,-1.828232,0.11809226125478745,0.9810379147529602,0.7342468500137329
YGR092W,YGL005C,0,-1.8290794,0.1180780753493309,0.9810379147529602,0.734346866607666
YLR118C,YER062C,0,-1.8293388,0.11806389689445496,0.9810379147529602,0.7344468832015991
YHL018W,YGR163W,0,-1.8304226,0.11804971843957901,0.9810379147529602,0.7345468997955322
YLR090W,YML025C,0,-1.831223,0.11803553998470306,0.9810379147529602,0.7346469163894653
YGL061C,YBL035C,0,-1.8320353,0.11802136898040771,0.9810379147529602,0.7347469329833984
YMR023C,YDR073W,0,-1.8326705,0.11800720542669296,0.9810379147529602,0.7348469495773315
YPL097W,YPL215W,0,-1.8327554,0.11799303442239761,0.9810379147529602,0.7349469661712646
YOR091W,YJL136C,0,-1.8337524,0.11797887831926346,0.9810379147529602,0.7350469827651978
YLR074C,YGR098C,0,-1.8342162,0.1179647222161293,0.9810379147529602,0.7351470589637756
YDL223C,YER023W,0,-1.8347237,0.11795056611299515,0.9810379147529602,0.7352470755577087
YBL082C,YLR075W,0,-1.8362254,0.11793641000986099,0.9810379147529602,0.7353470921516418
YDL192W,YBR090C-A,0,-1.8370452,0.11792226135730743,0.9810379147529602,0.735447108745575
YDR359C,YLR385C,0,-1.8376458,0.11790812015533447,0.9810379147529602,0.7355471253395081
YML016C,YPL133C,0,-1.8382208,0.11789397895336151,0.9810379147529602,0.7356471419334412
YPL036W,YPL056C,0,-1.8383949,0.11787984520196915,0.9810379147529602,0.7357471585273743
YOR122C,YDL051W,0,-1.8394059,0.11786570399999619,0.9810379147529602,0.7358471751213074
YNL094W,YMR071C,0,-1.8404529,0.11785157769918442,0.9810379147529602,0.7359471917152405
YDR522C,YLR158C,0,-1.8405589,0.11783745139837265,0.9810379147529602,0.7360472083091736
YOR375C,YLR022C,0,-1.8416116,0.11782332509756088,0.9810379147529602,0.7361472249031067
YGR026W,YOR156C,0,-1.8420544,0.11780920624732971,0.9810379147529602,0.7362472414970398
YER069W,YPL056C,0,-1.8423257,0.11779508739709854,0.9810379147529602,0.7363472580909729
YMR293C,YCL033C,0,-1.8435162,0.11778097599744797,0.9810379147529602,0.736447274684906
YGR271C-A,YHR165C,0,-1.8442771,0.1177668645977974,0.9810379147529602,0.7365472912788391
YFL011W,YHR122W,0,-1.8451221,0.11775275319814682,0.9810379147529602,0.7366473078727722
YDR358W,YIL121W,0,-1.8466872,0.11773864924907684,0.9810379147529602,0.7367473244667053
YOL132W,YDR397C,0,-1.8475755,0.11772455275058746,0.9810379147529602,0.7368473410606384
YDR001C,YHR035W,0,-1.8477963,0.11771045625209808,0.9810379147529602,0.7369474172592163
YLR143W,YJL100W,0,-1.8478736,0.1176963597536087,0.9810379147529602,0.7370474338531494
YDL055C,YBR070C,1,-1.8481628,0.11780198663473129,0.9820359349250793,0.7370474338531494
YBR239C,YLL036C,0,-1.849271,0.11778788268566132,0.9820359349250793,0.7371474504470825
YLR377C,YOR034C,0,-1.8496695,0.11777378618717194,0.9820359349250793,0.7372474670410156
YML040W,YJL093C,0,-1.850484,0.11775969713926315,0.9820359349250793,0.7373474836349487
YKR095W-A,YGL047W,0,-1.850673,0.11774560064077377,0.9820359349250793,0.7374475002288818
YDR047W,YNL058C,0,-1.8508389,0.11773151159286499,0.9820359349250793,0.7375475168228149
YLR084C,YDR436W,0,-1.8512635,0.1177174299955368,0.9820359349250793,0.737647533416748
YDR276C,YJR084W,0,-1.8515844,0.11770334839820862,0.9820359349250793,0.7377475500106812
YNR051C,YGL116W,0,-1.8516693,0.11768927425146103,0.9820359349250793,0.7378475666046143
YEL015W,YOL086W-A,0,-1.8518741,0.11767520010471344,0.9820359349250793,0.7379475831985474
YPR114W,YDR482C,0,-1.8526194,0.11766112595796585,0.9820359349250793,0.7380475997924805
YLR453C,YER004W,0,-1.8526325,0.11764705926179886,0.9820359349250793,0.7381476163864136
YOL042W,YPR075C,0,-1.8528254,0.11763299256563187,0.9820359349250793,0.7382476329803467
YBR221C,YDL114W,0,-1.8535135,0.11761893332004547,0.9820359349250793,0.7383476495742798
YMR134W,YJR025C,0,-1.8540372,0.11760487407445908,0.9820359349250793,0.7384476661682129
YML091C,YPL059W,0,-1.8541875,0.11759082227945328,0.9820359349250793,0.738547682762146
YKR078W,YNL169C,0,-1.8542345,0.11757677048444748,0.9820359349250793,0.7386477589607239
YGL178W,YJL018W,0,-1.8543286,0.11756272614002228,0.9820359349250793,0.738747775554657
YOR131C,YDR020C,0,-1.8547522,0.11754868179559708,0.9820359349250793,0.7388477921485901
YIR031C,YDR264C,0,-1.854912,0.11753463745117188,0.9820359349250793,0.7389478087425232
YNL180C,YHR113W,0,-1.855181,0.11752060055732727,0.9820359349250793,0.7390478253364563
YGL063W,YPL177C,0,-1.8559753,0.11750657111406326,0.9820359349250793,0.7391478419303894
YIL075C,YNR040W,0,-1.8582613,0.11749253422021866,0.9820359349250793,0.7392478585243225
YKL222C,YDL147W,0,-1.8591005,0.11747851222753525,0.9820359349250793,0.7393478751182556
YLL036C,YIL019W,0,-1.8592446,0.11746448278427124,0.9820359349250793,0.7394478917121887
YBL018C,YCL064C,0,-1.8596245,0.11745046824216843,0.9820359349250793,0.7395479083061218
YNL229C,YJR015W,0,-1.8600137,0.11743644624948502,0.9820359349250793,0.7396479249000549
YHR098C,YKL178C,0,-1.8608264,0.1174224317073822,0.9820359349250793,0.739747941493988
YML125C,YPL225W,0,-1.8625054,0.11740842461585999,0.9820359349250793,0.7398479580879211
YAL048C,YJR134C,0,-1.8634926,0.11739441752433777,0.9820359349250793,0.7399479746818542
YMR262W,YBL040C,0,-1.8634949,0.11738041043281555,0.9820359349250793,0.7400479912757874
YGR194C,YOL154W,0,-1.8637242,0.11736641079187393,0.9820359349250793,0.7401480078697205
YGL095C,YKL021C,0,-1.863868,0.11735241860151291,0.9820359349250793,0.7402480244636536
YKL143W,YJR108W,0,-1.8651273,0.11733841896057129,0.9820359349250793,0.7403480410575867
YKR067W,YKL173W,0,-1.865355,0.11732443422079086,0.9820359349250793,0.7404481172561646
YJL139C,YKL200C,1,-1.8658986,0.11742965877056122,0.9830339550971985,0.7404481172561646
YHL018W,YNL090W,0,-1.8662522,0.1174156665802002,0.9830339550971985,0.7405481338500977
YFR024C-A,YDR163W,0,-1.8662807,0.11740166693925858,0.9830339550971985,0.7406481504440308
YOL075C,YBR038W,0,-1.8667396,0.11738767474889755,0.9830339550971985,0.7407481670379639
YKL005C,YLL066C,0,-1.8669608,0.11737369000911713,0.9830339550971985,0.740848183631897
YNR020C,YBL024W,0,-1.8685818,0.1173597052693367,0.9830339550971985,0.7409482002258301
YPL021W,YPL075W,0,-1.8689368,0.11734572052955627,0.9830339550971985,0.7410482168197632
YLR132C,YNL311C,0,-1.8696855,0.11733174324035645,0.9830339550971985,0.7411482334136963
YJL177W,YLR427W,0,-1.8707495,0.11731777340173721,0.9830339550971985,0.7412482500076294
YBR088C,YDR256C,0,-1.8708587,0.11730379611253738,0.9830339550971985,0.7413482666015625
YJR160C,YKR049C,0,-1.8712437,0.11728983372449875,0.9830339550971985,0.7414482831954956
YOR272W,YDL235C,0,-1.8715315,0.11727586388587952,0.9830339550971985,0.7415482997894287
YDR178W,YBR273C,0,-1.8715868,0.11726190149784088,0.9830339550971985,0.7416483163833618
YGL194C,YNL077W,0,-1.872564,0.11724794656038284,0.9830339550971985,0.7417483329772949
YPL190C,YGR207C,0,-1.8733158,0.1172339916229248,0.9830339550971985,0.741848349571228
YLL016W,YKL221W,0,-1.8738241,0.11722004413604736,0.9830339550971985,0.7419483661651611
YCL019W,YGR048W,0,-1.8740964,0.11720608919858932,0.9830339550971985,0.7420483827590942
YHR010W,YOL092W,0,-1.8745184,0.11719214916229248,0.9830339550971985,0.7421484589576721
YPL026C,YIL157C,0,-1.8749447,0.11717820912599564,0.9830339550971985,0.7422484755516052
YOR266W,YER028C,0,-1.875061,0.11716426908969879,0.9830339550971985,0.7423484921455383
YPR071W,YFL008W,0,-1.8754978,0.11715033650398254,0.9830339550971985,0.7424485087394714
YGR006W,YLR240W,0,-1.8759604,0.1171364039182663,0.9830339550971985,0.7425485253334045
YHR152W,YGR125W,0,-1.8764117,0.11712247133255005,0.9830339550971985,0.7426485419273376
YLR204W,YGL028C,0,-1.876518,0.1171085461974144,0.9830339550971985,0.7427485585212708
YDL033C,YFR024C-A,0,-1.8766528,0.11709462851285934,0.9830339550971985,0.7428485751152039
YIR022W,YPL230W,0,-1.8775494,0.11708071082830429,0.9830339550971985,0.742948591709137
YIL173W,YDR200C,0,-1.8777544,0.11706679314374924,0.9830339550971985,0.7430486083030701
YOR078W,YEL027W,0,-1.8784031,0.11705288290977478,0.9830339550971985,0.7431486248970032
YOR307C,YKL216W,0,-1.8791754,0.11703897267580032,0.9830339550971985,0.7432486414909363
YIL126W,YPL256C,0,-1.8806634,0.11702506989240646,0.9830339550971985,0.7433486580848694
YLR174W,YFR006W,0,-1.8835356,0.1170111671090126,0.9830339550971985,0.7434486746788025
YHR139C,YGR249W,0,-1.8845303,0.11699727177619934,0.9830339550971985,0.7435486912727356
YOL034W,YER167W,0,-1.8852172,0.11698337644338608,0.9830339550971985,0.7436487078666687
YLR068W,YPL009C,0,-1.8873821,0.11696948111057281,0.9830339550971985,0.7437487244606018
YCL057C-A,YGL022W,0,-1.8896371,0.11695559322834015,0.9830339550971985,0.7438487410545349
YLR399C,YLR010C,0,-1.8897549,0.11694170534610748,0.9830339550971985,0.7439488172531128
YBR221C,YJR099W,0,-1.8899643,0.11692782491445541,0.9830339550971985,0.7440488338470459
YKL200C,YDL055C,1,-1.8904235,0.11703263968229294,0.9840319156646729,0.7440488338470459
YJR109C,YBL006C,0,-1.8932078,0.11701875180006027,0.9840319156646729,0.744148850440979
YNL048W,YKL200C,1,-1.8935833,0.11712352931499481,0.985029935836792,0.744148850440979
YKL017C,YDL087C,0,-1.8935986,0.11710963398218155,0.985029935836792,0.7442488670349121
YBR105C,YDR079C-A,0,-1.8941559,0.11709573864936829,0.985029935836792,0.7443488836288452
YOL098C,YDR259C,0,-1.8950093,0.11708185076713562,0.985029935836792,0.7444489002227783
YOL011W,YBR008C,0,-1.8951186,0.11706796288490295,0.985029935836792,0.7445489168167114
YKR045C,YPR057W,0,-1.8956983,0.11705408245325089,0.985029935836792,0.7446489334106445
YMR170C,YGR249W,0,-1.8958757,0.11704020202159882,0.985029935836792,0.7447489500045776
YMR312W,YNR046W,0,-1.8960207,0.11702632158994675,0.985029935836792,0.7448489665985107
YCL069W,YBR073W,0,-1.8960466,0.11701244860887527,0.985029935836792,0.7449489831924438
YOL128C,YJL216C,0,-1.8968798,0.1169985756278038,0.985029935836792,0.745048999786377
YKR031C,YKR090W,0,-1.8976576,0.11698471009731293,0.985029935836792,0.7451490163803101
YDR110W,YOR234C,0,-1.8983462,0.11697084456682205,0.985029935836792,0.7452490329742432
YOR017W,YPL173W,0,-1.8983573,0.11695698648691177,0.985029935836792,0.7453490495681763
YER166W,YJR095W,0,-1.8987396,0.1169431284070015,0.985029935836792,0.7454490661621094
YDL069C,YLR299W,0,-1.8992562,0.11692927032709122,0.985029935836792,0.7455490827560425
YCR098C,YDL020C,0,-1.9028672,0.11691541969776154,0.985029935836792,0.7456491589546204
YBR185C,YAL032C,0,-1.9030238,0.11690157651901245,0.985029935836792,0.7457491755485535
YOR189W,YLR226W,0,-1.9033079,0.11688773334026337,0.985029935836792,0.7458491921424866
YML067C,YDR153C,0,-1.9039294,0.11687389016151428,0.985029935836792,0.7459492087364197
YBL057C,YER033C,0,-1.9048233,0.1168600544333458,0.985029935836792,0.7460492253303528
YGL073W,YOL078W,0,-1.9053667,0.11684621870517731,0.985029935836792,0.7461492419242859
YKR081C,YLR385C,0,-1.9060082,0.11683238297700882,0.985029935836792,0.746249258518219
YPL236C,YDR039C,0,-1.9063342,0.11681855469942093,0.985029935836792,0.7463492751121521
YLR226W,YNL280C,0,-1.9070551,0.11680473387241364,0.985029935836792,0.7464492917060852
YNL287W,YDL166C,0,-1.9073007,0.11679091304540634,0.985029935836792,0.7465493083000183
YML005W,YML046W,0,-1.9073195,0.11677709221839905,0.985029935836792,0.7466493248939514
YCR048W,YCL055W,0,-1.9074876,0.11676327884197235,0.985029935836792,0.7467493414878845
YDL051W,YIL082W-A,0,-1.9074981,0.11674946546554565,0.985029935836792,0.7468493580818176
YHR026W,YNL225C,0,-1.9075109,0.11673565953969955,0.985029935836792,0.7469493746757507
YNL037C,YDR071C,0,-1.9076791,0.11672185361385345,0.985029935836792,0.7470493912696838
YGR087C,YDR350C,0,-1.9083252,0.11670805513858795,0.985029935836792,0.7471494078636169
YGL201C,YNL058C,0,-1.9084878,0.11669425666332245,0.985029935836792,0.74724942445755
YGR067C,YNL317W,0,-1.908714,0.11668045818805695,0.985029935836792,0.7473494410514832
YOR244W,YOR032C,0,-1.9105393,0.11666666716337204,0.985029935836792,0.747449517250061
YNR054C,YDL033C,0,-1.9107976,0.11665287613868713,0.985029935836792,0.7475495338439941
YGL144C,YNL056W,0,-1.9111247,0.11663909256458282,0.985029935836792,0.7476495504379272
YPL124W,YGR028W,0,-1.9128306,0.11662530899047852,0.985029935836792,0.7477495670318604
YLR408C,YPL155C,0,-1.9138209,0.1166115328669548,0.985029935836792,0.7478495836257935
YKL218C,YNL116W,0,-1.9141977,0.11659775674343109,0.985029935836792,0.7479496002197266
YBL097W,YHR140W,0,-1.9154584,0.11658398061990738,0.985029935836792,0.7480496168136597
YDR103W,YIL082W-A,0,-1.915621,0.11657021194696426,0.985029935836792,0.7481496334075928
YMR153W,YLR390W-A,0,-1.9157491,0.11655645072460175,0.985029935836792,0.7482496500015259
YLR143W,YMR037C,0,-1.9158005,0.11654268205165863,0.985029935836792,0.748349666595459
YER018C,YDL240W,0,-1.9165025,0.11652892827987671,0.985029935836792,0.7484496831893921
YPL012W,YHR143W-A,0,-1.9177606,0.11651516705751419,0.985029935836792,0.7485496997833252
YPL175W,YNL305C,0,-1.918827,0.11650141328573227,0.985029935836792,0.7486497163772583
YLL054C,YKL051W,0,-1.9190505,0.11648766696453094,0.985029935836792,0.7487497329711914
YMR043W,YCR034W,0,-1.9193561,0.11647392064332962,0.985029935836792,0.7488497495651245
YKL158W,YGR215W,0,-1.9196589,0.1164601743221283,0.985029935836792,0.7489497661590576
YDL146W,YHR001W,0,-1.9210091,0.11644643545150757,0.985029935836792,0.7490497827529907
YOR091W,YJR094W-A,0,-1.9221842,0.11643269658088684,0.985029935836792,0.7491498589515686
YGL006W,YHR120W,0,-1.9232938,0.11641896516084671,0.985029935836792,0.7492498755455017
YGR263C,YER169W,0,-1.9236846,0.11640523374080658,0.985029935836792,0.7493498921394348
YHR197W,YLL010C,0,-1.9243686,0.11639150977134705,0.985029935836792,0.7494499087333679
YBR244W,YPR096C,0,-1.9246848,0.11637778580188751,0.985029935836792,0.749549925327301
YPR174C,YPL164C,0,-1.9253631,0.11636406183242798,0.985029935836792,0.7496499419212341
YDL085W,YNL086W,0,-1.9261672,0.11635034531354904,0.985029935836792,0.7497499585151672
YLR054C,YLR308W,0,-1.9271811,0.1163366362452507,0.985029935836792,0.7498499751091003
YOL044W,YHR206W,0,-1.9286691,0.11632291972637177,0.985029935836792,0.7499499917030334
YGR121C,YPR031W,0,-1.9286733,0.11630921810865402,0.985029935836792,0.7500500082969666
YPL283C,YBL018C,0,-1.9287915,0.11629550904035568,0.985029935836792,0.7501500248908997
YMR264W,YNL082W,0,-1.9295309,0.11628180742263794,0.985029935836792,0.7502500414848328
YHR152W,YBR283C,0,-1.9300153,0.1162681132555008,0.985029935836792,0.7503500580787659
YPL152W,YIL114C,0,-1.9309468,0.11625441908836365,0.985029935836792,0.750450074672699
YPL026C,YDR397C,0,-1.9325612,0.1162407249212265,0.985029935836792,0.7505500912666321
YLR210W,YNL048W,0,-1.9328499,0.11622703820466995,0.985029935836792,0.7506501078605652
YAR042W,YOL056W,0,-1.9330095,0.1162133514881134,0.985029935836792,0.7507501244544983
YJL143W,YNL185C,0,-1.9334862,0.11619967222213745,0.985029935836792,0.7508501410484314
YMR150C,YKL029C,0,-1.9343294,0.1161859929561615,0.985029935836792,0.7509502172470093
YDR194C,YLR439W,0,-1.9349926,0.11617231369018555,0.985029935836792,0.7510502338409424
YDR465C,YNL103W,0,-1.9353812,0.11615864187479019,0.985029935836792,0.7511502504348755
YOR391C,YBR012W-A,0,-1.9354124,0.11614497750997543,0.985029935836792,0.7512502670288086
YOR262W,YJL010C,0,-1.935502,0.11613131314516068,0.985029935836792,0.7513502836227417
YAR066W,YHR106W,0,-1.9360235,0.11611764878034592,0.985029935836792,0.7514503002166748
YBL019W,YBR005W,0,-1.9366522,0.11610398441553116,0.985029935836792,0.7515503168106079
YDR184C,YNL049C,0,-1.9367287,0.1160903349518776,0.985029935836792,0.751650333404541
YPL195W,YPL088W,0,-1.9371686,0.11607667803764343,0.985029935836792,0.7517503499984741
YLR426W,YKR014C,0,-1.9383712,0.11606302857398987,0.985029935836792,0.7518503665924072
YDR001C,YDR043C,0,-1.9386435,0.1160493791103363,0.985029935836792,0.7519503831863403
YNL293W,YMR101C,0,-1.9407007,0.11603573709726334,0.985029935836792,0.7520503997802734
YPL179W,YLR381W,0,-1.9407916,0.11602210253477097,0.985029935836792,0.7521504163742065
YNR007C,YML098W,0,-1.9411579,0.116008460521698,0.985029935836792,0.7522504329681396
YHR186C,YFL034C-A,0,-1.9427563,0.11599482595920563,0.985029935836792,0.7523504495620728
YGL136C,YHR146W,0,-1.9468707,0.11598119884729385,0.985029935836792,0.7524504661560059
YPL268W,YJL165C,0,-1.947276,0.11596757173538208,0.985029935836792,0.752550482749939
YDR084C,YGR142W,0,-1.9474894,0.1159539446234703,0.985029935836792,0.7526505589485168
YDL143W,YJR108W,0,-1.9479864,0.11594032496213913,0.985029935836792,0.75275057554245
YML015C,YLR385C,0,-1.9487288,0.11592670530080795,0.985029935836792,0.7528505921363831
YPR145W,YDR507C,0,-1.9490523,0.11591309309005737,0.985029935836792,0.7529506087303162
YDR541C,YDL052C,0,-1.9495554,0.1158994808793068,0.985029935836792,0.7530506253242493
YFR014C,YER161C,0,-1.9498441,0.11588587611913681,0.985029935836792,0.7531506419181824
YLL010C,YNL243W,0,-1.9502394,0.11587227135896683,0.985029935836792,0.7532506585121155
YNR053C,YNL077W,0,-1.9503516,0.11585866659879684,0.985029935836792,0.7533506751060486
YOR233W,YBR200W,0,-1.9514828,0.11584506928920746,0.985029935836792,0.7534506916999817
YMR188C,YDR326C,0,-1.9514937,0.11583147197961807,0.985029935836792,0.7535507082939148
YNL286W,YGL079W,0,-1.951594,0.11581788212060928,0.985029935836792,0.7536507248878479
YHR104W,YJR158W,0,-1.951963,0.1158042922616005,0.985029935836792,0.753750741481781
YIL038C,YLR432W,0,-1.9530149,0.1157907098531723,0.985029935836792,0.7538507580757141
YLR116W,YMR283C,0,-1.953448,0.11577712744474411,0.985029935836792,0.7539507746696472
YDR255C,YLR205C,0,-1.9543091,0.11576354503631592,0.985029935836792,0.7540507912635803
YER160C,YBR055C,0,-1.9555596,0.11574997007846832,0.985029935836792,0.7541508078575134
YDR011W,YCL062W,0,-1.9555919,0.11573639512062073,0.985029935836792,0.7542508244514465
YER086W,YPL156C,0,-1.9559045,0.11572282761335373,0.985029935836792,0.7543508410453796
YPL221W,YOR205C,0,-1.9561301,0.11570926010608673,0.985029935836792,0.7544509172439575
YML081W,YHR207C,0,-1.9569238,0.11569570004940033,0.985029935836792,0.7545509338378906
YML055W,YDL247W,0,-1.9597099,0.11568213999271393,0.985029935836792,0.7546509504318237
YJR035W,YIL013C,0,-1.9598968,0.11566857993602753,0.985029935836792,0.7547509670257568
YML063W,YHR001W-A,0,-1.961034,0.11565502732992172,0.985029935836792,0.7548509836196899
YOR315W,YHL047C,0,-1.9623288,0.11564147472381592,0.985029935836792,0.754951000213623
YLR074C,YLR200W,0,-1.96276,0.11562792956829071,0.985029935836792,0.7550510168075562
YOR064C,YPL258C,0,-1.9631338,0.1156143844127655,0.985029935836792,0.7551510334014893
YBR112C,YPL158C,0,-1.9637079,0.11560084670782089,0.985029935836792,0.7552510499954224
YIL160C,YHR099W,0,-1.9637171,0.11558730900287628,0.985029935836792,0.7553510665893555
YNL023C,YLL026W,0,-1.9640534,0.11557377129793167,0.985029935836792,0.7554510831832886
YKL084W,YJR099W,0,-1.9650793,0.11556024104356766,0.985029935836792,0.7555510997772217
YDR121W,YPL001W,0,-1.9653172,0.11554671078920364,0.985029935836792,0.7556511163711548
YHR167W,YBR152W,0,-1.9654231,0.11553318798542023,0.985029935836792,0.7557511329650879
YLR286C,YDR142C,0,-1.9667753,0.11551966518163681,0.985029935836792,0.755851149559021
YDL085W,YOL116W,0,-1.9684279,0.1155061423778534,0.985029935836792,0.7559511661529541
YGR128C,YBR091C,0,-1.9694288,0.11549262702465057,0.985029935836792,0.7560511827468872
YPR003C,YNL166C,0,-1.9699342,0.11547911912202835,0.985029935836792,0.7561512589454651
YBL005W-A,YDR469W,0,-1.9704783,0.11546560376882553,0.985029935836792,0.7562512755393982
YMR268C,YDL236W,0,-1.9707558,0.1154521033167839,0.985029935836792,0.7563512921333313
YBL037W,YLR459W,0,-1.9708565,0.11543859541416168,0.985029935836792,0.7564513087272644
YMR074C,YNR045W,0,-1.9715698,0.11542509496212006,0.985029935836792,0.7565513253211975
YDR123C,YER122C,0,-1.9731274,0.11541160196065903,0.985029935836792,0.7566513419151306
YCR018C,YJR120W,0,-1.973511,0.115398108959198,0.985029935836792,0.7567513585090637
YAL068C,YMR197C,0,-1.9737654,0.11538461595773697,0.985029935836792,0.7568513751029968
YCR106W,YNL066W,0,-1.9741774,0.11537113040685654,0.985029935836792,0.7569513916969299
YDR534C,YML014W,0,-1.9753743,0.1153576448559761,0.985029935836792,0.757051408290863
YBR016W,YDR463W,0,-1.9755572,0.11534415930509567,0.985029935836792,0.7571514248847961
YOL115W,YOL020W,0,-1.9763693,0.11533068120479584,0.985029935836792,0.7572514414787292
YDL109C,YPL037C,0,-1.9768025,0.1153172105550766,0.985029935836792,0.7573514580726624
YOR375C,YGR078C,0,-1.9770312,0.11530373990535736,0.985029935836792,0.7574514746665955
YGL194C,YOL059W,0,-1.9770333,0.11529026925563812,0.985029935836792,0.7575514912605286
YBR079C,YPL058C,0,-1.9773599,0.11527680605649948,0.985029935836792,0.7576515078544617
YOR188W,YER161C,0,-1.9774244,0.11526334285736084,0.985029935836792,0.7577515244483948
YML045W,YGL077C,0,-1.978162,0.1152498796582222,0.985029935836792,0.7578515410423279
YER122C,YLR071C,0,-1.9791269,0.11523642390966415,0.985029935836792,0.7579516172409058
YMR224C,YLR370C,0,-1.9793333,0.1152229756116867,0.985029935836792,0.7580516338348389
YDR139C,YLR064W,0,-1.9797447,0.11520952731370926,0.985029935836792,0.758151650428772
YJR090C,YGL125W,0,-1.9802924,0.11519607901573181,0.985029935836792,0.7582516670227051
YOR189W,YGR062C,0,-1.9834534,0.11518263816833496,0.985029935836792,0.7583516836166382
YDR365C,YNL059C,0,-1.9841654,0.11516919732093811,0.985029935836792,0.7584517002105713
YNL152W,YKR089C,0,-1.9855785,0.11515575647354126,0.985029935836792,0.7585517168045044
YML059C,YML115C,0,-1.9859607,0.115142323076725,0.985029935836792,0.7586517333984375
YEL015W,YJL208C,0,-1.9861798,0.11512888967990875,0.985029935836792,0.7587517499923706
YNL137C,YKR018C,0,-1.9861975,0.1151154637336731,0.985029935836792,0.7588517665863037
YMR285C,YOL051W,0,-1.9866328,0.11510203778743744,0.985029935836792,0.7589517831802368
YLL050C,YDR163W,0,-1.9872019,0.11508861929178238,0.985029935836792,0.7590517997741699
YKR096W,YKL176C,0,-1.9874055,0.11507520079612732,0.985029935836792,0.759151816368103
YKR092C,YOR141C,0,-1.9887303,0.11506178230047226,0.985029935836792,0.7592518329620361
YGL178W,YPL012W,0,-1.9888568,0.1150483712553978,0.985029935836792,0.7593518495559692
YPR028W,YML131W,0,-1.9890698,0.11503496766090393,0.985029935836792,0.7594518661499023
YOL032W,YMR133W,0,-1.9891809,0.11502155661582947,0.985029935836792,0.7595518827438354
YLR040C,YER025W,0,-1.9910619,0.1150081530213356,0.985029935836792,0.7596519589424133
YFL029C,YGL021W,0,-1.9912374,0.11499475687742233,0.985029935836792,0.7597519755363464
YNL213C,YHR017W,0,-1.9933175,0.11498136073350906,0.985029935836792,0.7598519921302795
YPR134W,YLL053C,0,-1.9952028,0.1149679645895958,0.985029935836792,0.7599520087242126
YDR534C,YHR113W,0,-1.9958851,0.11495457589626312,0.985029935836792,0.7600520253181458
YPR081C,YOR391C,0,-1.9962292,0.11494118720293045,0.985029935836792,0.7601520419120789
YML059C,YGR007W,0,-1.9970685,0.11492780596017838,0.985029935836792,0.760252058506012
YBL100W-A,YLL052C,0,-1.9971291,0.1149144247174263,0.985029935836792,0.7603520750999451
YOL072W,YKL028W,0,-1.9979777,0.11490105092525482,0.985029935836792,0.7604520916938782
YKR077W,YIL007C,0,-1.9994627,0.11488766968250275,0.985029935836792,0.7605521082878113
YMR307W,YPL239W,0,-1.9996703,0.11487430334091187,0.985029935836792,0.7606521248817444
YFL029C,YMR071C,0,-1.9997057,0.11486093699932098,0.985029935836792,0.7607521414756775
YLL053C,YJL208C,0,-2.0006409,0.1148475706577301,0.985029935836792,0.7608521580696106
YDR483W,YLR382C,0,-2.0006423,0.11483420431613922,0.985029935836792,0.7609521746635437
YPL221W,YKR083C,0,-2.0032997,0.11482084542512894,0.985029935836792,0.7610521912574768
YDR479C,YOR030W,0,-2.0043194,0.11480749398469925,0.985029935836792,0.7611522078514099
YCR021C,YJL184W,0,-2.0047436,0.11479413509368896,0.985029935836792,0.761252224445343
YBR043C,YML033W,0,-2.0048149,0.11478079110383987,0.985029935836792,0.7613522410392761
YPR067W,YPR057W,0,-2.0060325,0.11476743966341019,0.985029935836792,0.761452317237854
YLR287C-A,YML093W,0,-2.0063198,0.1147540956735611,0.985029935836792,0.7615523338317871
YGR035C,YMR167W,0,-2.0066168,0.1147407591342926,0.985029935836792,0.7616523504257202
YOL128C,YOR369C,0,-2.0066652,0.11472742259502411,0.985029935836792,0.7617523670196533
YDL104C,YLR438C-A,0,-2.0069413,0.11471408605575562,0.985029935836792,0.7618523836135864
YFR028C,YDR225W,0,-2.007222,0.11470075696706772,0.985029935836792,0.7619524002075195
YLR166C,YDL051W,0,-2.0072734,0.11468742787837982,0.985029935836792,0.7620524168014526
YLR196W,YDR545W,0,-2.0082815,0.11467409878969193,0.985029935836792,0.7621524333953857
YML116W,YDR348C,0,-2.0083015,0.11466077715158463,0.985029935836792,0.7622524499893188
YDR253C,YBR103W,0,-2.010549,0.11464746296405792,0.985029935836792,0.762352466583252
YKL154W,YOR113W,0,-2.010715,0.11463414877653122,0.985029935836792,0.7624524831771851
YOR156C,YLR142W,0,-2.0110836,0.11462083458900452,0.985029935836792,0.7625524997711182
YOR250C,YGR165W,0,-2.0123851,0.11460752785205841,0.985029935836792,0.7626525163650513
YPR134W,YBL024W,0,-2.0142298,0.1145942211151123,0.985029935836792,0.7627525329589844
YDL060W,YER167W,0,-2.0156915,0.1145809143781662,0.985029935836792,0.7628525495529175
YLR223C,YJR135W-A,0,-2.015891,0.11456761509180069,0.985029935836792,0.7629525661468506
YFR027W,YER019W,0,-2.0162237,0.11455431580543518,0.985029935836792,0.7630525827407837
YKL092C,YCL026C-A,0,-2.0165956,0.11454102396965027,0.985029935836792,0.7631526589393616
YMR322C,YPL209C,0,-2.0166464,0.11452773213386536,0.985029935836792,0.7632526755332947
YIL117C,YJR096W,0,-2.0176435,0.11451444774866104,0.985029935836792,0.7633526921272278
YER006W,YGL085W,0,-2.0176666,0.11450116336345673,0.985029935836792,0.7634527087211609
YFL052W,YDR331W,0,-2.0180662,0.11448787897825241,0.985029935836792,0.763552725315094
YLR248W,YLR006C,0,-2.018389,0.11447460204362869,0.985029935836792,0.7636527419090271
YDL081C,YMR190C,0,-2.0185122,0.11446132510900497,0.985029935836792,0.7637527585029602
YNL194C,YJL125C,0,-2.0188837,0.11444805562496185,0.985029935836792,0.7638527750968933
YBR055C,YIL106W,0,-2.0195785,0.11443478614091873,0.985029935836792,0.7639527916908264
YLR056W,YPL162C,0,-2.0198681,0.11442151665687561,0.985029935836792,0.7640528082847595
YER160C,YLR200W,0,-2.0206177,0.11440825462341309,0.985029935836792,0.7641528248786926
YBR201W,YMR074C,0,-2.0210567,0.11439499258995056,0.985029935836792,0.7642528414726257
YCL029C,YNR055C,0,-2.0210693,0.11438173800706863,0.985029935836792,0.7643528580665588
YOR242C,YML023C,0,-2.0212665,0.1143684834241867,0.985029935836792,0.7644528746604919
YLL016W,YGL045W,0,-2.022234,0.11435522884130478,0.985029935836792,0.764552891254425
YNL250W,YHR165C,0,-2.024023,0.11434198170900345,0.985029935836792,0.7646529078483582
YAL044C,YGR004W,0,-2.0243025,0.11432874202728271,0.985029935836792,0.7647529244422913
YNL210W,YFL062W,0,-2.0243173,0.11431549489498138,0.985029935836792,0.7648529410362244
YDR322W,YER119C,0,-2.0247378,0.11430225521326065,0.985029935836792,0.7649530172348022
YIL155C,YGL087C,0,-2.0272195,0.11428902298212051,0.985029935836792,0.7650530338287354
YBR210W,YOR018W,0,-2.0280457,0.11427579075098038,0.985029935836792,0.7651530504226685
YOR373W,YGR138C,0,-2.0282056,0.11426255851984024,0.985029935836792,0.7652530670166016
YKL077W,YHR139C,0,-2.0290146,0.1142493337392807,0.985029935836792,0.7653530836105347
YOR233W,YKL032C,0,-2.0291145,0.11423610895872116,0.985029935836792,0.7654531002044678
YGR044C,YHR016C,0,-2.0299249,0.11422289162874222,0.985029935836792,0.7655531167984009
YNL116W,YLR357W,0,-2.0306573,0.11420967429876328,0.985029935836792,0.765653133392334
YCL005W-A,YGL073W,0,-2.0311666,0.11419645696878433,0.985029935836792,0.7657531499862671
YHR028C,YDR466W,0,-2.0312004,0.11418324708938599,0.985029935836792,0.7658531665802002
YHR178W,YBR005W,0,-2.0323744,0.11417003720998764,0.985029935836792,0.7659531831741333
YER118C,YHR143W-A,0,-2.033671,0.11415683478116989,0.985029935836792,0.7660531997680664
YBR139W,YJL100W,0,-2.0346618,0.11414363235235214,0.985029935836792,0.7661532163619995
YGL136C,YEL061C,0,-2.0346632,0.11413043737411499,0.985029935836792,0.7662532329559326
YNL035C,YOR075W,0,-2.035587,0.11411724239587784,0.985029935836792,0.7663532495498657
YMR285C,YBR040W,0,-2.036964,0.11410404741764069,0.985029935836792,0.7664532661437988
YGR054W,YKL139W,0,-2.038961,0.11409085988998413,0.985029935836792,0.7665532827377319
YBR212W,YHR204W,0,-2.0389757,0.11407767236232758,0.985029935836792,0.7666533589363098
YOR371C,YKL120W,0,-2.0399199,0.11406448483467102,0.985029935836792,0.7667533755302429
YLR399C,YNL047C,0,-2.0405025,0.11405130475759506,0.985029935836792,0.766853392124176
YMR015C,YDR439W,0,-2.041347,0.1140381246805191,0.985029935836792,0.7669534087181091
YPR122W,YJL133W,0,-2.0416708,0.11402495205402374,0.985029935836792,0.7670534253120422
YBR040W,YKL109W,0,-2.0424733,0.11401177942752838,0.985029935836792,0.7671534419059753
YHR184W,YML043C,0,-2.0426922,0.11399861425161362,0.985029935836792,0.7672534584999084
YML037C,YMR016C,0,-2.0427895,0.11398544907569885,0.985029935836792,0.7673534750938416
YDL194W,YDL082W,0,-2.0439906,0.11397228389978409,0.985029935836792,0.7674534916877747
YPR174C,YGR078C,0,-2.044034,0.11395912617444992,0.985029935836792,0.7675535082817078
YBR156C,YOL029C,0,-2.0448267,0.11394596844911575,0.985029935836792,0.7676535248756409
YDR018C,YGL070C,0,-2.0449603,0.11393281817436218,0.985029935836792,0.767753541469574
YBL078C,YLR035C-A,0,-2.045324,0.11391966789960861,0.985029935836792,0.7678535580635071
YPL123C,YDR268W,0,-2.0460544,0.11390651762485504,0.985029935836792,0.7679535746574402
YNL094W,YLR212C,0,-2.0460718,0.11389337480068207,0.985029935836792,0.7680535912513733
YPR075C,YHR045W,0,-2.046774,0.1138802319765091,0.985029935836792,0.7681536078453064
YLL032C,YJL207C,0,-2.046782,0.11386709660291672,0.985029935836792,0.7682536244392395
YNR069C,YER062C,0,-2.0470157,0.11385396122932434,0.985029935836792,0.7683536410331726
YDR057W,YNL002C,0,-2.0471914,0.11384083330631256,0.985029935836792,0.7684537172317505
YOR026W,YGR142W,0,-2.050107,0.11382769793272018,0.985029935836792,0.7685537338256836
YKL024C,YCL064C,0,-2.0510175,0.113814577460289,0.985029935836792,0.7686537504196167
YPL130W,YPL153C,0,-2.0511255,0.11380144953727722,0.985029935836792,0.7687537670135498
YAR033W,YER071C,0,-2.051219,0.11378833651542664,0.985029935836792,0.7688537836074829
YKL179C,YGR287C,0,-2.05151,0.11377521604299545,0.985029935836792,0.768953800201416
YJR007W,YDR522C,0,-2.0523214,0.11376210302114487,0.985029935836792,0.7690538167953491
YDL079C,YDR397C,0,-2.0524507,0.11374898999929428,0.985029935836792,0.7691538333892822
YOL135C,YEL004W,0,-2.0539467,0.11373588442802429,0.985029935836792,0.7692538499832153
YOR308C,YGL192W,0,-2.0540001,0.1137227788567543,0.985029935836792,0.7693538665771484
YBR191W,YER093C,0,-2.0557277,0.11370968073606491,0.985029935836792,0.7694538831710815
YBR041W,YGL246C,0,-2.0568736,0.11369657516479492,0.985029935836792,0.7695538997650146
YGR188C,YML115C,0,-2.057413,0.11368348449468613,0.985029935836792,0.7696539163589478
YDL175C,YIR008C,0,-2.0581632,0.11367039382457733,0.985029935836792,0.7697539329528809
YKL138C-A,YLR372W,0,-2.0582495,0.11365730315446854,0.985029935836792,0.769853949546814
YNL222W,YLR089C,0,-2.0597,0.11364421248435974,0.985029935836792,0.7699539661407471
YMR306W,YNR027W,0,-2.059856,0.11363112926483154,0.985029935836792,0.7700539827346802
YNL278W,YKR060W,0,-2.060278,0.11361805349588394,0.985029935836792,0.7701540589332581
YML086C,YDR299W,0,-2.060531,0.11360497027635574,0.985029935836792,0.7702540755271912
YBR098W,YNL071W,0,-2.0610938,0.11359189450740814,0.985029935836792,0.7703540921211243
YOR369C,YOR228C,0,-2.0617852,0.11357882618904114,0.985029935836792,0.7704541087150574
YBR121C,YBL074C,0,-2.0631757,0.11356575787067413,0.985029935836792,0.7705541253089905
YER153C,YPL141C,0,-2.063311,0.11355268955230713,0.985029935836792,0.7706541419029236
YGR060W,YJL076W,0,-2.067822,0.11353962868452072,0.985029935836792,0.7707541584968567
YDL144C,YGR204W,0,-2.0679915,0.11352656781673431,0.985029935836792,0.7708541750907898
YHR154W,YLR266C,0,-2.068246,0.1135135143995285,0.985029935836792,0.7709541916847229
YIL144W,YJR041C,0,-2.068931,0.11350046098232269,0.985029935836792,0.771054208278656
YLR010C,YDR528W,0,-2.0699434,0.11348740756511688,0.985029935836792,0.7711542248725891
YFR024C,YGL018C,0,-2.0699542,0.11347436159849167,0.985029935836792,0.7712542414665222
YJR153W,YHL017W,0,-2.0699944,0.11346131563186646,0.985029935836792,0.7713542580604553
YDR367W,YHR160C,0,-2.0704305,0.11344827711582184,0.985029935836792,0.7714542746543884
YBR079C,YDR386W,0,-2.0715027,0.11343523859977722,0.985029935836792,0.7715542912483215
YMR289W,YBR235W,0,-2.0736902,0.1134222000837326,0.985029935836792,0.7716543078422546
YDR430C,YGR205W,0,-2.0742855,0.11340916901826859,0.985029935836792,0.7717543244361877
YGR125W,YPL023C,0,-2.0746844,0.11339613795280457,0.985029935836792,0.7718544006347656
YHL024W,YHL026C,0,-2.0760272,0.11338311433792114,0.985029935836792,0.7719544172286987
YEL018W,YGL053W,0,-2.0770068,0.11337009072303772,0.985029935836792,0.7720544338226318
YPL038W,YJL048C,0,-2.0779943,0.1133570671081543,0.985029935836792,0.7721544504165649
YJR158W,YLR089C,0,-2.0781922,0.11334405094385147,0.985029935836792,0.772254467010498
YLR143W,YMR170C,0,-2.0784981,0.11333103477954865,0.985029935836792,0.7723544836044312
YAL014C,YHR079C-A,0,-2.0784988,0.11331802606582642,0.985029935836792,0.7724545001983643
YCL068C,YMR204C,0,-2.0790427,0.11330501735210419,0.985029935836792,0.7725545167922974
YNL268W,YJR099W,0,-2.0795832,0.11329200863838196,0.985029935836792,0.7726545333862305
YHR153C,YHR037W,0,-2.0810509,0.11327900737524033,0.985029935836792,0.7727545499801636
YDL046W,YIL053W,0,-2.081647,0.1132660061120987,0.985029935836792,0.7728545665740967
YDL135C,YDR055W,0,-2.0816517,0.11325301229953766,0.985029935836792,0.7729545831680298
YOL067C,YDR490C,0,-2.081962,0.11324001848697662,0.985029935836792,0.7730545997619629
YJR091C,YMR044W,0,-2.0821028,0.11322702467441559,0.985029935836792,0.773154616355896
YHR098C,YJL160C,0,-2.082298,0.11321403831243515,0.985029935836792,0.7732546329498291
YPR166C,YLR069C,0,-2.082365,0.11320105195045471,0.985029935836792,0.7733546495437622
YGR274C,YLR356W,0,-2.0849237,0.11318807303905487,0.985029935836792,0.7734546661376953
YJL221C,YER028C,0,-2.085545,0.11317509412765503,0.985029935836792,0.7735546827316284
YPR145W,YIL051C,0,-2.08646,0.11316211521625519,0.985029935836792,0.7736547589302063
YPL281C,YLR467W,0,-2.0866847,0.11314914375543594,0.985029935836792,0.7737547755241394
YDR324C,YGR189C,0,-2.087068,0.1131361797451973,0.985029935836792,0.7738547921180725
YDR412W,YCR097W,0,-2.087354,0.11312320828437805,0.985029935836792,0.7739548087120056
YPL155C,YDR197W,0,-2.0875173,0.1131102442741394,0.985029935836792,0.7740548253059387
YLR143W,YJL158C,0,-2.0876195,0.11309728771448135,0.985029935836792,0.7741548418998718
YOR100C,YJR054W,0,-2.0879426,0.1130843237042427,0.985029935836792,0.7742548584938049
YCR043C,YJR159W,0,-2.0880828,0.11307137459516525,0.985029935836792,0.774354875087738
YJL100W,YCL047C,0,-2.0881376,0.1130584180355072,0.985029935836792,0.7744548916816711
YLR170C,YOR267C,0,-2.0881815,0.11304546892642975,0.985029935836792,0.7745549082756042
YOL042W,YER184C,0,-2.089521,0.11303252726793289,0.985029935836792,0.7746549248695374
YMR234W,YLR054C,0,-2.0895977,0.11301957815885544,0.985029935836792,0.7747549414634705
YHR042W,YDR520C,0,-2.0898476,0.11300664395093918,0.985029935836792,0.7748549580574036
YDL038C,YPL018W,0,-2.090421,0.11299370229244232,0.985029935836792,0.7749549746513367
YJR014W,YLR376C,0,-2.0906453,0.11298076808452606,0.985029935836792,0.7750549912452698
YDL220C,YNL047C,0,-2.091317,0.1129678413271904,0.985029935836792,0.7751550078392029
YOR010C,YDR422C,0,-2.091651,0.11295490711927414,0.985029935836792,0.775255024433136
YER119C,YNR023W,0,-2.092379,0.11294198781251907,0.985029935836792,0.7753551006317139
YDL002C,YHR106W,0,-2.0924027,0.11292906105518341,0.985029935836792,0.775455117225647
YBL099W,YHR031C,0,-2.0924988,0.11291614174842834,0.985029935836792,0.7755551338195801
YPL227C,YEL036C,1,-2.0929654,0.11301761865615845,0.9860279560089111,0.7755551338195801
YOR004W,YDR214W,0,-2.0933428,0.11300469189882278,0.9860279560089111,0.7756551504135132
YKR095W-A,YLR022C,0,-2.0936468,0.11299176514148712,0.9860279560089111,0.7757551670074463
YJR068W,YCR092C,0,-2.0938215,0.11297884583473206,0.9860279560089111,0.7758551836013794
YKR048C,YDR495C,0,-2.0943122,0.11296592652797699,0.9860279560089111,0.7759552001953125
YLL067C,YNL322C,0,-2.0967128,0.11295301467180252,0.9860279560089111,0.7760552167892456
YBR168W,YBR033W,0,-2.096979,0.11294010281562805,0.9860279560089111,0.7761552333831787
YAL003W,YOR224C,0,-2.097272,0.11292719095945358,0.9860279560089111,0.7762552499771118
YDR103W,YPL108W,0,-2.0973518,0.11291428655385971,0.9860279560089111,0.7763552665710449
YKL107W,YIL050W,0,-2.097371,0.11290138214826584,0.9860279560089111,0.776455283164978
YGL198W,YLR237W,0,-2.0983772,0.11288848519325256,0.9860279560089111,0.7765552997589111
YLR131C,YEL054C,0,-2.0988104,0.11287558823823929,0.9860279560089111,0.7766553163528442
YKL091C,YFR027W,0,-2.099773,0.11286269128322601,0.9860279560089111,0.7767553329467773
YHR092C,YGR272C,0,-2.1001134,0.11284980177879333,0.9860279560089111,0.7768553495407104
YGL027C,YDL211C,0,-2.1012459,0.11283691227436066,0.9860279560089111,0.7769553661346436
YDR012W,YJR033C,0,-2.1029267,0.11282402276992798,0.9860279560089111,0.7770553827285767
YLR220W,YDR533C,0,-2.1050775,0.1128111407160759,0.9860279560089111,0.7771554589271545
YMR071C,YPL084W,0,-2.1051056,0.11279826611280441,0.9860279560089111,0.7772554755210876
YKL025C,YCR020W-B,0,-2.1051922,0.11278539150953293,0.9860279560089111,0.7773554921150208
YKL059C,YMR323W,0,-2.1052103,0.11277251690626144,0.9860279560089111,0.7774555087089539
YAR014C,YLR312C-B,0,-2.105223,0.11275964230298996,0.9860279560089111,0.777555525302887
YHR185C,YIR035C,0,-2.1102545,0.11274677515029907,0.9860279560089111,0.7776555418968201
YGL020C,YGL131C,0,-2.1104264,0.11273390799760818,0.9860279560089111,0.7777555584907532
YMR072W,YER161C,0,-2.1106763,0.1127210482954979,0.9860279560089111,0.7778555750846863
YER014W,YOR245C,0,-2.1115158,0.1127081885933876,0.9860279560089111,0.7779555916786194
YGR140W,YLL066C,0,-2.1126451,0.11269533634185791,0.9860279560089111,0.7780556082725525
YPL160W,YIR010W,0,-2.1130753,0.11268248409032822,0.9860279560089111,0.7781556248664856
YPL159C,YML081W,0,-2.1137633,0.11266963183879852,0.9860279560089111,0.7782556414604187
YBR288C,YIL082W-A,0,-2.114495,0.11265678703784943,0.9860279560089111,0.7783556580543518
YOR373W,YBL100W-B,0,-2.1155508,0.11264394223690033,0.9860279560089111,0.7784556746482849
YDL109C,YBR273C,0,-2.1156638,0.11263109743595123,0.9860279560089111,0.778555691242218
YNL240C,YPL177C,0,-2.115668,0.11261826008558273,0.9860279560089111,0.7786557078361511
YGR204W,YBL023C,0,-2.115864,0.11260542273521423,0.9860279560089111,0.7787557244300842
YBR002C,YKL201C,1,-2.1159165,0.11270654946565628,0.9870259761810303,0.7787557244300842
YDR032C,YNL051W,0,-2.116498,0.11269371211528778,0.9870259761810303,0.7788558006286621
YER095W,YPL100W,0,-2.1207273,0.11268086731433868,0.9870259761810303,0.7789558172225952
YOL125W,YDR056C,0,-2.1207967,0.11266803741455078,0.9870259761810303,0.7790558338165283
YML010W,YGR257C,0,-2.121231,0.11265520006418228,0.9870259761810303,0.7791558504104614
YPR140W,YNR063W,0,-2.1212926,0.11264237016439438,0.9870259761810303,0.7792558670043945
YJR150C,YOR116C,0,-2.1225603,0.11262954026460648,0.9870259761810303,0.7793558835983276
YGR125W,YDL139C,0,-2.1231935,0.11261671781539917,0.9870259761810303,0.7794559001922607
YFL049W,YGR272C,0,-2.1233048,0.11260389536619186,0.9870259761810303,0.7795559167861938
YDR450W,YOR250C,0,-2.1244345,0.11259107291698456,0.9870259761810303,0.779655933380127
YIL050W,YLR126C,0,-2.1244788,0.11257825791835785,0.9870259761810303,0.7797559499740601
YAL044C,YDR538W,0,-2.1263576,0.11256544291973114,0.9870259761810303,0.7798559665679932
YLR154C,YDR006C,0,-2.126398,0.11255263537168503,0.9870259761810303,0.7799559831619263
YBR088C,YHL022C,0,-2.1264355,0.11253982782363892,0.9870259761810303,0.7800559997558594
YPR094W,YGL253W,0,-2.1266332,0.1125270202755928,0.9870259761810303,0.7801560163497925
YDR425W,YDR368W,0,-2.1273327,0.11251422017812729,0.9870259761810303,0.7802560329437256
YHR152W,YOL098C,0,-2.1285205,0.11250142008066177,0.9870259761810303,0.7803560495376587
YPL157W,YML107C,0,-2.1297655,0.11248862743377686,0.9870259761810303,0.7804560661315918
YEL020C,YDR481C,0,-2.1314683,0.11247583478689194,0.9870259761810303,0.7805560827255249
YNR069C,YLR410W,0,-2.1324005,0.11246304214000702,0.9870259761810303,0.7806561589241028
YJL116C,YBL056W,0,-2.1328688,0.1124502569437027,0.9870259761810303,0.7807561755180359
YJL173C,YOR076C,0,-2.133583,0.11243747174739838,0.9870259761810303,0.780856192111969
YJR153W,YBR240C,0,-2.134393,0.11242468655109406,0.9870259761810303,0.7809562087059021
YLR142W,YKL018W,0,-2.1350045,0.11241190880537033,0.9870259761810303,0.7810562252998352
YDR463W,YNL308C,0,-2.1350644,0.1123991385102272,0.9870259761810303,0.7811562418937683
YDL232W,YEL077C,0,-2.1360633,0.11238636076450348,0.9870259761810303,0.7812562584877014
YKL184W,YIR017C,0,-2.1362882,0.11237359046936035,0.9870259761810303,0.7813562750816345
YGR207C,YLR181C,0,-2.1363525,0.11236082762479782,0.9870259761810303,0.7814562916755676
YGL145W,YHR035W,0,-2.136677,0.11234806478023529,0.9870259761810303,0.7815563082695007
YIL171W,YJL207C,0,-2.1367,0.11233530193567276,0.9870259761810303,0.7816563248634338
YPR151C,YNR049C,0,-2.136726,0.11232254654169083,0.9870259761810303,0.7817563414573669
YOR361C,YMR076C,0,-2.138458,0.11230979114770889,0.9870259761810303,0.7818563580513
YJR010C-A,YPL137C,0,-2.1387305,0.11229703575372696,0.9870259761810303,0.7819563746452332
YPR098C,YLR004C,0,-2.1402116,0.11228428781032562,0.9870259761810303,0.7820563912391663
YNR055C,YCL064C,0,-2.1405158,0.11227153986692429,0.9870259761810303,0.7821564078330994
YNR071C,YMR022W,0,-2.141121,0.11225879937410355,0.9870259761810303,0.7822564244270325
YOL127W,YLL014W,0,-2.1413517,0.1122460588812828,0.9870259761810303,0.7823565006256104
YDR515W,YKR085C,0,-2.1426105,0.11223331838846207,0.9870259761810303,0.7824565172195435
YBL055C,YGL064C,0,-2.1439075,0.11222058534622192,0.9870259761810303,0.7825565338134766
YDR014W,YBR295W,0,-2.144392,0.11220785230398178,0.9870259761810303,0.7826565504074097
YMR134W,YNL293W,0,-2.1458576,0.11219511926174164,0.9870259761810303,0.7827565670013428
YLR059C,YLR172C,0,-2.146114,0.11218239367008209,0.9870259761810303,0.7828565835952759
YMR104C,YOR257W,0,-2.1461563,0.11216967552900314,0.9870259761810303,0.782956600189209
YDR141C,YKL148C,0,-2.1465135,0.1121569499373436,0.9870259761810303,0.7830566167831421
YJR137C,YGR200C,0,-2.1469018,0.11214423179626465,0.9870259761810303,0.7831566333770752
YCR047C,YJR129C,0,-2.1470802,0.1121315211057663,0.9870259761810303,0.7832566499710083
YPL181W,YGR125W,0,-2.1482563,0.11211881041526794,0.9870259761810303,0.7833566665649414
YOR095C,YBR090C-A,0,-2.1489105,0.11210609972476959,0.9870259761810303,0.7834566831588745
YLR095C,YNR056C,0,-2.1493504,0.11209338903427124,0.9870259761810303,0.7835566997528076
YBR179C,YGL205W,0,-2.149445,0.11208068579435349,0.9870259761810303,0.7836567163467407
YOL080C,YDR469W,0,-2.1502562,0.11206799000501633,0.9870259761810303,0.7837567329406738
YLR004C,YBL014C,0,-2.1502578,0.11205529421567917,0.9870259761810303,0.7838567495346069
YGR140W,YNL220W,0,-2.1506555,0.11204259842634201,0.9870259761810303,0.78395676612854
YKR095W-A,YPR121W,0,-2.1506736,0.11202990263700485,0.9870259761810303,0.7840567827224731
YDL214C,YDR252W,0,-2.1507816,0.11201721429824829,0.9870259761810303,0.784156858921051
YOR026W,YPL206C,0,-2.1515274,0.11200453341007233,0.9870259761810303,0.7842568755149841
YLR068W,YNR027W,0,-2.1519883,0.11199184507131577,0.9870259761810303,0.7843568921089172
YBR211C,YGR287C,0,-2.1529574,0.1119791641831398,0.9870259761810303,0.7844569087028503
YNL056W,YGL160W,0,-2.154079,0.11196649074554443,0.9870259761810303,0.7845569252967834
YMR122W-A,YBR288C,0,-2.1546562,0.11195381730794907,0.9870259761810303,0.7846569418907166
YLR126C,YPL235W,0,-2.1555905,0.1119411438703537,0.9870259761810303,0.7847569584846497
YKL176C,YER073W,0,-2.1571596,0.11192847788333893,0.9870259761810303,0.7848569750785828
YLR275W,YEL077C,0,-2.1580558,0.11191581189632416,0.9870259761810303,0.7849569916725159
YKL065C,YDL056W,0,-2.158575,0.11190314590930939,0.9870259761810303,0.785057008266449
YBR301W,YIL067C,0,-2.1591241,0.11189048737287521,0.9870259761810303,0.7851570248603821
YJR056C,YBR065C,0,-2.16065,0.11187782883644104,0.9870259761810303,0.7852570414543152
YPR022C,YLR297W,0,-2.1608448,0.11186517030000687,0.9870259761810303,0.7853570580482483
YLR014C,YPL169C,0,-2.1609993,0.11185251921415329,0.9870259761810303,0.7854570746421814
YJR001W,YNL190W,0,-2.1615787,0.11183987557888031,0.9870259761810303,0.7855570912361145
YMR101C,YGL027C,1,-2.1616037,0.11194030195474625,0.9880239367485046,0.7855570912361145
YOR189W,YOL135C,0,-2.1633408,0.11192764341831207,0.9880239367485046,0.7856571078300476
YPL038W,YPL203W,0,-2.163356,0.1119149923324585,0.9880239367485046,0.7857571244239807
YFL037W,YDL235C,0,-2.1634536,0.11190234124660492,0.9880239367485046,0.7858572006225586
YOR073W,YIL091C,0,-2.1635973,0.11188969016075134,0.9880239367485046,0.7859572172164917
YOR073W,YCR068W,0,-2.164043,0.11187704652547836,0.9880239367485046,0.7860572338104248
YER133W,YNL280C,0,-2.1652174,0.11186441034078598,0.9880239367485046,0.7861572504043579
YMR045C,YKL029C,0,-2.1659966,0.111851766705513,0.9880239367485046,0.786257266998291
YBL004W,YGR191W,0,-2.1662169,0.11183913052082062,0.9880239367485046,0.7863572835922241
YLR115W,YOR076C,0,-2.1664147,0.11182650178670883,0.9880239367485046,0.7864573001861572
YDL076C,YFR044C,0,-2.1689448,0.11181387305259705,0.9880239367485046,0.7865573167800903
YDR054C,YHL016C,0,-2.1693106,0.11180124431848526,0.9880239367485046,0.7866573333740234
YMR009W,YNL088W,0,-2.1694655,0.11178861558437347,0.9880239367485046,0.7867573499679565
YMR224C,YHR006W,0,-2.1699734,0.11177599430084229,0.9880239367485046,0.7868573665618896
YLL018C,YOL084W,0,-2.170123,0.1117633804678917,0.9880239367485046,0.7869573831558228
YGL035C,YML065W,0,-2.1703558,0.1117507591843605,0.9880239367485046,0.7870573997497559
YML040W,YPL079W,0,-2.170701,0.11173814535140991,0.9880239367485046,0.787157416343689
YGR046W,YER023W,0,-2.1714115,0.11172553896903992,0.9880239367485046,0.7872574329376221
YKR045C,YGL133W,0,-2.1719432,0.11171293258666992,0.9880239367485046,0.7873574495315552
YDL166C,YPL198W,0,-2.1755927,0.11170032620429993,0.9880239367485046,0.7874574661254883
YDR037W,YPL275W,0,-2.1763577,0.11168772727251053,0.9880239367485046,0.7875574827194214
YMR017W,YGR257C,0,-2.1772156,0.11167512834072113,0.9880239367485046,0.7876575589179993
YEL019C,YGR094W,0,-2.1785774,0.11166252940893173,0.9880239367485046,0.7877575755119324
YGL079W,YCL045C,0,-2.1786857,0.11164993792772293,0.9880239367485046,0.7878575921058655
YBR162C,YER148W,0,-2.1794066,0.11163734644651413,0.9880239367485046,0.7879576086997986
YJL019W,YBR100W,0,-2.1807513,0.11162476241588593,0.9880239367485046,0.7880576252937317
YLR288C,YDR163W,0,-2.1813035,0.11161217838525772,0.9880239367485046,0.7881576418876648
YOL049W,YGL035C,0,-2.1814399,0.11159959435462952,0.9880239367485046,0.7882576584815979
YPL149W,YOR329C,0,-2.1815405,0.11158701777458191,0.9880239367485046,0.788357675075531
YPL198W,YPR063C,0,-2.1816816,0.1115744411945343,0.9880239367485046,0.7884576916694641
YNL076W,YNL242W,0,-2.1819556,0.1115618646144867,0.9880239367485046,0.7885577082633972
YNL009W,YDR510W,0,-2.1823921,0.11154929548501968,0.9880239367485046,0.7886577248573303
YPL155C,YGR090W,0,-2.1834307,0.11153672635555267,0.9880239367485046,0.7887577414512634
YPL233W,YEL077C,0,-2.1837056,0.11152416467666626,0.9880239367485046,0.7888577580451965
YKR072C,YHR116W,0,-2.1848068,0.11151160299777985,0.9880239367485046,0.7889577746391296
YGL127C,YLL042C,0,-2.1848497,0.11149904131889343,0.9880239367485046,0.7890577912330627
YLR188W,YLL053C,0,-2.184959,0.11148648709058762,0.9880239367485046,0.7891578078269958
YOR092W,YHR079C-A,0,-2.186214,0.1114739328622818,0.9880239367485046,0.789257824420929
YDR028C,YBL071W-A,0,-2.1862352,0.11146138608455658,0.9880239367485046,0.7893579006195068
YMR040W,YPL096C-A,0,-2.1864352,0.11144883185625076,0.9880239367485046,0.7894579172134399
YOR079C,YLR438C-A,0,-2.1868696,0.11143629252910614,0.9880239367485046,0.789557933807373
YJL058C,YIL093C,0,-2.1869376,0.11142374575138092,0.9880239367485046,0.7896579504013062
YLR134W,YKL110C,0,-2.1872087,0.1114112064242363,0.9880239367485046,0.7897579669952393
YCR027C,YLR234W,0,-2.187625,0.11139867454767227,0.9880239367485046,0.7898579835891724
YOR130C,YGR086C,0,-2.188901,0.11138613522052765,0.9880239367485046,0.7899580001831055
YOL029C,YNL035C,0,-2.1899009,0.11137361079454422,0.9880239367485046,0.7900580167770386
YKL222C,YPL095C,0,-2.1901872,0.1113610789179802,0.9880239367485046,0.7901580333709717
YPL075W,YDR437W,0,-2.1904535,0.11134855449199677,0.9880239367485046,0.7902580499649048
YJL073W,YBR012W-A,0,-2.190524,0.11133603006601334,0.9880239367485046,0.7903580665588379
YPL045W,YPL158C,0,-2.1921017,0.1113235130906105,0.9880239367485046,0.790458083152771
YBR254C,YNL115C,0,-2.1937053,0.11131099611520767,0.9880239367485046,0.7905580997467041
YDL064W,YHR021C,0,-2.1938648,0.11129847913980484,0.9880239367485046,0.7906581163406372
YDR163W,YPL235W,0,-2.1950526,0.1112859696149826,0.9880239367485046,0.7907581329345703
YHR142W,YER061C,0,-2.1950881,0.11127346009016037,0.9880239367485046,0.7908581495285034
YJL179W,YHR166C,0,-2.1957386,0.11126095801591873,0.9880239367485046,0.7909581661224365
YBL060W,YBR161W,0,-2.195909,0.1112484559416771,0.9880239367485046,0.7910581827163696
YBL084C,YAL020C,0,-2.1962905,0.11123595386743546,0.9880239367485046,0.7911582589149475
YDR013W,YDR126W,0,-2.1970937,0.11122345924377441,0.9880239367485046,0.7912582755088806
YPL069C,YHL004W,0,-2.1997333,0.11121096462011337,0.9880239367485046,0.7913582921028137
YKL181W,YBL008W,0,-2.1998134,0.11119846999645233,0.9880239367485046,0.7914583086967468
YAL030W,YOR088W,0,-2.2002099,0.11118598282337189,0.9880239367485046,0.7915583252906799
YLR066W,YKL157W,0,-2.200272,0.11117349565029144,0.9880239367485046,0.791658341884613
YDL115C,YJL052W,0,-2.2013578,0.1111610159277916,0.9880239367485046,0.7917583584785461
YNL180C,YOR153W,0,-2.2018514,0.11114853620529175,0.9880239367485046,0.7918583750724792
YGR198W,YDL213C,0,-2.202669,0.1111360564827919,0.9880239367485046,0.7919583916664124
YPR022C,YDL165W,0,-2.2029066,0.11112358421087265,0.9880239367485046,0.7920584082603455
YAL048C,YOL098C,0,-2.203605,0.1111111119389534,0.9880239367485046,0.7921584248542786
YIL145C,YDR402C,0,-2.2044187,0.11109863966703415,0.9880239367485046,0.7922584414482117
YGR048W,YCR075C,0,-2.2044256,0.1110861748456955,0.9880239367485046,0.7923584580421448
YNR032W,YOR201C,0,-2.2046924,0.11107371002435684,0.9880239367485046,0.7924584746360779
YBR050C,YGL246C,0,-2.2051876,0.11106125265359879,0.9880239367485046,0.792558491230011
YJL186W,YKL201C,1,-2.205339,0.11116096377372742,0.9890219569206238,0.792558491230011
YJR120W,YDR238C,0,-2.205344,0.11114849895238876,0.9890219569206238,0.7926585078239441
YGL207W,YMR050C,0,-2.206226,0.11113603413105011,0.9890219569206238,0.7927585244178772
YOR341W,YJR108W,0,-2.2072172,0.11112356930971146,0.9890219569206238,0.7928586006164551
YBR018C,YPL024W,0,-2.208104,0.1111111119389534,0.9890219569206238,0.7929586172103882
YKR080W,YHL007C,0,-2.2082753,0.11109865456819534,0.9890219569206238,0.7930586338043213
YHR186C,YKL071W,0,-2.212821,0.11108620464801788,0.9890219569206238,0.7931586503982544
YOR246C,YNL071W,0,-2.2152271,0.11107374727725983,0.9890219569206238,0.7932586669921875
YGR123C,YML018C,0,-2.2160115,0.11106130480766296,0.9890219569206238,0.7933586835861206
YNL217W,YOR201C,0,-2.2161021,0.1110488548874855,0.9890219569206238,0.7934587001800537
YGL219C,YDR270W,0,-2.216228,0.11103641241788864,0.9890219569206238,0.7935587167739868
YFL052W,YNL209W,0,-2.2172904,0.11102397739887238,0.9890219569206238,0.7936587333679199
YIL172C,YLR371W,0,-2.2178023,0.11101153492927551,0.9890219569206238,0.793758749961853
YJR086W,YOR019W,0,-2.2180886,0.11099910736083984,0.9890219569206238,0.7938587665557861
YBR298C,YNL317W,0,-2.2182918,0.11098667234182358,0.9890219569206238,0.7939587831497192
YDL010W,YER053C,0,-2.2195225,0.11097424477338791,0.9890219569206238,0.7940587997436523
YHL002W,YMR298W,0,-2.2200756,0.11096181720495224,0.9890219569206238,0.7941588163375854
YDR198C,YIL066C,0,-2.2200866,0.11094939708709717,0.9890219569206238,0.7942588329315186
YIL049W,YGR057C,0,-2.2207265,0.1109369769692421,0.9890219569206238,0.7943588495254517
YOR273C,YIL097W,0,-2.221634,0.11092455685138702,0.9890219569206238,0.7944588661193848
YBR240C,YGL053W,0,-2.222251,0.11091214418411255,0.9890219569206238,0.7945588827133179
YIL144W,YIR019C,0,-2.2232368,0.11089973151683807,0.9890219569206238,0.7946589589118958
YCR029C-A,YPL055C,0,-2.223658,0.1108873188495636,0.9890219569206238,0.7947589755058289
YDR334W,YAR015W,0,-2.2238069,0.11087491363286972,0.9890219569206238,0.794858992099762
YJL099W,YNL306W,0,-2.2247949,0.11086251586675644,0.9890219569206238,0.7949590086936951
YGR235C,YLR398C,0,-2.224811,0.11085011065006256,0.9890219569206238,0.7950590252876282
YJL145W,YBL005W-A,0,-2.2254295,0.11083771288394928,0.9890219569206238,0.7951590418815613
YBL061C,YLR363C,0,-2.2273114,0.110825315117836,0.9890219569206238,0.7952590584754944
YHR098C,YKL138C-A,0,-2.227374,0.11081292480230331,0.9890219569206238,0.7953590750694275
YMR171C,YLL026W,0,-2.2274413,0.11080053448677063,0.9890219569206238,0.7954590916633606
YPL053C,YKL201C,1,-2.2275426,0.11089994758367538,0.9900199770927429,0.7954590916633606
YCR023C,YOR043W,0,-2.2277422,0.1108875498175621,0.9900199770927429,0.7955591082572937
YBR079C,YPR186C,0,-2.2312717,0.11087515205144882,0.9900199770927429,0.7956591248512268
YLR014C,YCL051W,0,-2.2313938,0.11086276173591614,0.9900199770927429,0.7957591414451599
YBL097W,YGL061C,0,-2.2322247,0.11085037142038345,0.9900199770927429,0.795859158039093
YCR063W,YCL016C,0,-2.2327142,0.11083798855543137,0.9900199770927429,0.7959591746330261
YOL067C,YCR036W,0,-2.2335687,0.11082560569047928,0.9900199770927429,0.7960591912269592
YPR005C,YOL019W,0,-2.2352667,0.11081322282552719,0.9900199770927429,0.7961592078208923
YDR242W,YNL311C,0,-2.2362976,0.1108008474111557,0.9900199770927429,0.7962592244148254
YKL008C,YDR264C,0,-2.2373946,0.11078847199678421,0.9900199770927429,0.7963593006134033
YAL034W-A,YKR090W,0,-2.2382243,0.11077610403299332,0.9900199770927429,0.7964593172073364
YBR139W,YPL092W,0,-2.2385921,0.11076373606920242,0.9900199770927429,0.7965593338012695
YER161C,YJR059W,0,-2.239122,0.11075136810541153,0.9900199770927429,0.7966593503952026
YHR009C,YPR140W,0,-2.2392402,0.11073900759220123,0.9900199770927429,0.7967593669891357
YGR026W,YER183C,0,-2.2395878,0.11072664707899094,0.9900199770927429,0.7968593835830688
YLR057W,YKL141W,0,-2.2396283,0.11071428656578064,0.9900199770927429,0.796959400177002
YFL029C,YGR249W,0,-2.2401428,0.11070193350315094,0.9900199770927429,0.7970594167709351
YPL198W,YDR420W,0,-2.2405646,0.11068958044052124,0.9900199770927429,0.7971594333648682
YIR021W,YOR158W,0,-2.2407155,0.11067722737789154,0.9900199770927429,0.7972594499588013
YLR265C,YGL134W,0,-2.2411013,0.11066488176584244,0.9900199770927429,0.7973594665527344
YKL088W,YCR009C,0,-2.241456,0.11065253615379333,0.9900199770927429,0.7974594831466675
YBR204C,YMR205C,0,-2.2430243,0.11064019799232483,0.9900199770927429,0.7975594997406006
YDR234W,YDR311W,0,-2.2437758,0.11062785983085632,0.9900199770927429,0.7976595163345337
YBR288C,YHR214W,0,-2.2441316,0.11061552166938782,0.9900199770927429,0.7977595329284668
YEL054C,YJL072C,0,-2.24475,0.11060319095849991,0.9900199770927429,0.7978595495223999
YFL024C,YLR186W,0,-2.2457306,0.110590860247612,0.9900199770927429,0.797959566116333
YBR153W,YML057W,0,-2.245922,0.11057852953672409,0.9900199770927429,0.7980595827102661
YEL036C,YDL055C,1,-2.2461615,0.11067766696214676,0.9910179376602173,0.7980595827102661
YNL037C,YPL241C,0,-2.2465148,0.11066532880067825,0.9910179376602173,0.798159658908844
YGL127C,YNL252C,0,-2.248633,0.11065299808979034,0.9910179376602173,0.7982596755027771
YMR163C,YHR013C,0,-2.2486656,0.11064066737890244,0.9910179376602173,0.7983596920967102
YAL008W,YBR211C,0,-2.2488818,0.11062834411859512,0.9910179376602173,0.7984597086906433
YHR016C,YML107C,0,-2.2498834,0.11061602085828781,0.9910179376602173,0.7985597252845764
YER078C,YLR385C,0,-2.2501163,0.1106036975979805,0.9910179376602173,0.7986597418785095
YNL310C,YBR039W,0,-2.2501469,0.11059138178825378,0.9910179376602173,0.7987597584724426
YML074C,YOR319W,0,-2.251098,0.11057906597852707,0.9910179376602173,0.7988597750663757
YPR071W,YER072W,0,-2.252175,0.11056675016880035,0.9910179376602173,0.7989597916603088
YNL118C,YMR092C,0,-2.2524803,0.11055444180965424,0.9910179376602173,0.7990598082542419
YGL043W,YKR018C,0,-2.2524986,0.11054213345050812,0.9910179376602173,0.799159824848175
YJL136C,YCR088W,0,-2.2525098,0.1105298325419426,0.9910179376602173,0.7992598414421082
YKL158W,YDR105C,0,-2.2532082,0.11051753163337708,0.9910179376602173,0.7993598580360413
YPR121W,YDR099W,0,-2.2540472,0.11050523072481155,0.9910179376602173,0.7994598746299744
YBR258C,YHR026W,0,-2.2542496,0.11049293726682663,0.9910179376602173,0.7995598912239075
YLR363C,YDR524C,0,-2.2552683,0.1104806438088417,0.9910179376602173,0.7996599078178406
YFL008W,YHL050C,0,-2.256065,0.11046835035085678,0.9910179376602173,0.7997599244117737
YBR175W,YDR439W,0,-2.2561421,0.11045606434345245,0.9910179376602173,0.7998600006103516
YJR052W,YLR064W,0,-2.2563987,0.11044377833604813,0.9910179376602173,0.7999600172042847
YMR051C,YIR023W,0,-2.257278,0.1104314923286438,0.9910179376602173,0.8000600337982178
YBL042C,YCR020W-B,0,-2.2577925,0.11041921377182007,0.9910179376602173,0.8001600503921509
YKR059W,YDR006C,0,-2.2598035,0.11040693521499634,0.9910179376602173,0.800260066986084
YML027W,YPR118W,0,-2.2598972,0.1103946641087532,0.9910179376602173,0.8003600835800171
YDR328C,YEL020C,0,-2.2602901,0.11038239300251007,0.9910179376602173,0.8004601001739502
YLL032C,YLR381W,0,-2.2608402,0.11037012189626694,0.9910179376602173,0.8005601167678833
YJL069C,YPL036W,0,-2.2616644,0.1103578582406044,0.9910179376602173,0.8006601333618164
YLR059C,YOL091W,0,-2.2634661,0.11034559458494186,0.9910179376602173,0.8007601499557495
YKL099C,YKL150W,0,-2.264171,0.11033333092927933,0.9910179376602173,0.8008601665496826
YKL200C,YOR067C,1,-2.264265,0.11043217778205872,0.9920159578323364,0.8008601665496826
YIR003W,YKR060W,0,-2.2649388,0.11041990667581558,0.9920159578323364,0.8009601831436157
YGR278W,YLR240W,0,-2.265226,0.11040764302015305,0.9920159578323364,0.8010601997375488
YDL156W,YPR168W,0,-2.2667613,0.11039537936449051,0.9920159578323364,0.8011602163314819
YEL058W,YPL038W,0,-2.2693162,0.11038312315940857,0.9920159578323364,0.801260232925415
YER056C-A,YIL091C,0,-2.269384,0.11037086695432663,0.9920159578323364,0.8013602495193481
YPR161C,YHR123W,0,-2.2696981,0.11035861074924469,0.9920159578323364,0.8014602661132812
YKL043W,YDR004W,0,-2.2723644,0.11034636199474335,0.9920159578323364,0.8015602827072144
YLR426W,YLR381W,0,-2.272819,0.110334113240242,0.9920159578323364,0.8016603589057922
YOR315W,YNL318C,0,-2.273889,0.11032186448574066,0.9920159578323364,0.8017603754997253
YBR204C,YJL044C,0,-2.274888,0.11030962318181992,0.9920159578323364,0.8018603920936584
YMR063W,YML046W,0,-2.2750587,0.11029738187789917,0.9920159578323364,0.8019604086875916
YHR207C,YML011C,0,-2.2765236,0.11028514057397842,0.9920159578323364,0.8020604252815247
YBR100W,YLR288C,0,-2.277041,0.11027290672063828,0.9920159578323364,0.8021604418754578
YKR096W,YDR464W,0,-2.2770982,0.11026068031787872,0.9920159578323364,0.8022604584693909
YOL029C,YLR132C,0,-2.2772882,0.11024844646453857,0.9920159578323364,0.802360475063324
YLR352W,YDR142C,0,-2.2786474,0.11023622006177902,0.9920159578323364,0.8024604916572571
YCR029C-A,YCR066W,0,-2.2787776,0.11022399365901947,0.9920159578323364,0.8025605082511902
YCL063W,YOR295W,0,-2.2792883,0.11021177470684052,0.9920159578323364,0.8026605248451233
YGL016W,YER184C,0,-2.2795453,0.11019955575466156,0.9920159578323364,0.8027605414390564
YER177W,YHR113W,0,-2.2798843,0.1101873442530632,0.9920159578323364,0.8028605580329895
YMR234W,YFR016C,0,-2.280075,0.11017512530088425,0.9920159578323364,0.8029605746269226
YJR155W,YMR088C,0,-2.2810416,0.11016291379928589,0.9920159578323364,0.8030605912208557
YDR452W,YNL213C,0,-2.2814112,0.11015070974826813,0.9920159578323364,0.8031606078147888
YGL063W,YHR150W,0,-2.2819266,0.11013850569725037,0.9920159578323364,0.8032606244087219
YKL141W,YHR143W-A,0,-2.2826223,0.1101263016462326,0.9920159578323364,0.8033607006072998
YKR013W,YHR032W,0,-2.28295,0.11011410504579544,0.9920159578323364,0.8034607172012329
YDL144C,YML057W,0,-2.2841868,0.11010190844535828,0.9920159578323364,0.803560733795166
YNL270C,YPL020C,0,-2.2853684,0.11008971184492111,0.9920159578323364,0.8036607503890991
YOL119C,YOR348C,0,-2.285925,0.11007752269506454,0.9920159578323364,0.8037607669830322
YNL294C,YBR012W-A,0,-2.2865086,0.11006533354520798,0.9920159578323364,0.8038607835769653
YOR202W,YML012W,0,-2.2891724,0.11005314439535141,0.9920159578323364,0.8039608001708984
YBL019W,YIL056W,0,-2.2896185,0.11004096269607544,0.9920159578323364,0.8040608167648315
YDL201W,YCL069W,0,-2.2914069,0.11002878099679947,0.9920159578323364,0.8041608333587646
YHR016C,YOR087W,0,-2.2917807,0.1100165992975235,0.9920159578323364,0.8042608499526978
YCL047C,YLR034C,0,-2.2923856,0.11000442504882812,0.9920159578323364,0.8043608665466309
YAL051W,YBR005W,0,-2.2925568,0.10999225080013275,0.9920159578323364,0.804460883140564
YLR377C,YLL005C,0,-2.2937179,0.10998008400201797,0.9920159578323364,0.8045608997344971
YNL077W,YDL138W,0,-2.2952545,0.1099679172039032,0.9920159578323364,0.8046609163284302
YPL254W,YDR299W,0,-2.2963738,0.10995575040578842,0.9920159578323364,0.8047609329223633
YJL173C,YGR280C,0,-2.2964332,0.10994359105825424,0.9920159578323364,0.8048609495162964
YBR302C,YIL167W,0,-2.2985246,0.10993143171072006,0.9920159578323364,0.8049609661102295
YJR007W,YER109C,0,-2.298626,0.10991927236318588,0.9920159578323364,0.8050609827041626
YDR268W,YDL247W,0,-2.300124,0.1099071204662323,0.9920159578323364,0.8051610589027405
YLR189C,YBR161W,0,-2.30078,0.10989496856927872,0.9920159578323364,0.8052610754966736
YLR081W,YLR298C,0,-2.3009527,0.10988282412290573,0.9920159578323364,0.8053610920906067
YJR010C-A,YHR079C-A,0,-2.30134,0.10987067222595215,0.9920159578323364,0.8054611086845398
YHR181W,YIR010W,0,-2.3029013,0.10985853523015976,0.9920159578323364,0.8055611252784729
YPR178W,YBR033W,0,-2.3041215,0.10984639078378677,0.9920159578323364,0.805661141872406
YDL064W,YPL275W,0,-2.304638,0.10983425378799438,0.9920159578323364,0.8057611584663391
YOL033W,YNL068C,0,-2.3060932,0.109822116792202,0.9920159578323364,0.8058611750602722
YPL038W,YPR082C,0,-2.306154,0.1098099872469902,0.9920159578323364,0.8059611916542053
YGR245C,YDR127W,0,-2.3065147,0.10979785770177841,0.9920159578323364,0.8060612082481384
YCL068C,YLR341W,0,-2.3068013,0.10978572815656662,0.9920159578323364,0.8061612248420715
YBR302C,YKR053C,0,-2.3073392,0.10977360606193542,0.9920159578323364,0.8062612414360046
YOR010C,YLR324W,0,-2.3082712,0.10976148396730423,0.9920159578323364,0.8063612580299377
YDL126C,YMR051C,0,-2.3087506,0.10974936187267303,0.9920159578323364,0.8064612746238708
YNL321W,YML047C,0,-2.3095262,0.10973724722862244,0.9920159578323364,0.806561291217804
YGR014W,YDR541C,0,-2.309957,0.10972513258457184,0.9920159578323364,0.8066613078117371
YBL031W,YBR055C,0,-2.3104389,0.10971302539110184,0.9920159578323364,0.8067613244056702
YJR093C,YOR073W,0,-2.3107498,0.10970091819763184,0.9920159578323364,0.806861400604248
YJL145W,YMR230W,0,-2.312667,0.10968881100416183,0.9920159578323364,0.8069614171981812
YML077W,YOR246C,0,-2.3140721,0.10967670381069183,0.9920159578323364,0.8070614337921143
YFR034C,YBR240C,0,-2.3180954,0.10966460406780243,0.9920159578323364,0.8071614503860474
YHR129C,YBL057C,0,-2.319801,0.10965251177549362,0.9920159578323364,0.8072614669799805
YLL018C,YFR040W,0,-2.319919,0.10964041203260422,0.9920159578323364,0.8073614835739136
YLR446W,YPL207W,0,-2.3201883,0.10962831974029541,0.9920159578323364,0.8074615001678467
YLR004C,YIR013C,0,-2.321653,0.1096162348985672,0.9920159578323364,0.8075615167617798
YDR044W,YFR008W,0,-2.3218243,0.10960414260625839,0.9920159578323364,0.8076615333557129
YLR128W,YBL035C,0,-2.322177,0.10959206521511078,0.9920159578323364,0.807761549949646
YNL190W,YLR215C,0,-2.3224006,0.10957998037338257,0.9920159578323364,0.8078615665435791
YAR010C,YBL105C,0,-2.3229773,0.10956790298223495,0.9920159578323364,0.8079615831375122
YER109C,YER140W,0,-2.3238163,0.10955582559108734,0.9920159578323364,0.8080615997314453
YFR028C,YKL025C,0,-2.3245502,0.10954374819993973,0.9920159578323364,0.8081616163253784
YHR120W,YBL055C,0,-2.324562,0.10953167825937271,0.9920159578323364,0.8082616329193115
YGR152C,YBR286W,0,-2.325297,0.10951961576938629,0.9920159578323364,0.8083616495132446
YOR334W,YGR103W,0,-2.3267124,0.10950754582881927,0.9920159578323364,0.8084616661071777
YGL100W,YOR255W,0,-2.327777,0.10949548333883286,0.9920159578323364,0.8085616827011108
YCR039C,YJR027W,0,-2.3288083,0.10948342084884644,0.9920159578323364,0.8086617588996887
YEL011W,YLR308W,0,-2.3291829,0.10947136580944061,0.9920159578323364,0.8087617754936218
YJR137C,YFL035C-A,0,-2.3323967,0.10945931077003479,0.9920159578323364,0.8088617920875549
YDR313C,YDR256C,0,-2.3339312,0.10944725573062897,0.9920159578323364,0.808961808681488
YPR071W,YPR186C,0,-2.337729,0.10943520814180374,0.9920159578323364,0.8090618252754211
YBR161W,YLR369W,0,-2.3389883,0.10942316055297852,0.9920159578323364,0.8091618418693542
YHR197W,YDR191W,0,-2.3390532,0.10941112041473389,0.9920159578323364,0.8092618584632874
YGL142C,YDL114W,0,-2.3396144,0.10939907282590866,0.9920159578323364,0.8093618750572205
YCR079W,YKL211C,0,-2.3399477,0.10938704013824463,0.9920159578323364,0.8094618916511536
YJR110W,YOL065C,0,-2.3416262,0.109375,0.9920159578323364,0.8095619082450867
YDR256C,YPR199C,0,-2.3430414,0.10936296731233597,0.9920159578323364,0.8096619248390198
YKL058W,YJL118W,0,-2.3431077,0.10935093462467194,0.9920159578323364,0.8097619414329529
YMR165C,YPL088W,0,-2.343805,0.1093389093875885,0.9920159578323364,0.809861958026886
YMR044W,YOL060C,0,-2.3440099,0.10932688415050507,0.9920159578323364,0.8099619746208191
YHR088W,YBR088C,0,-2.345665,0.10931485891342163,0.9920159578323364,0.8100619912147522
YJL180C,YGR289C,0,-2.3457828,0.1093028336763382,0.9920159578323364,0.8101620078086853
YPL116W,YNL294C,0,-2.3457994,0.10929081588983536,0.9920159578323364,0.8102620244026184
YIR031C,YDR009W,0,-2.3466578,0.10927880555391312,0.9920159578323364,0.8103621006011963
YMR121C,YGR078C,0,-2.3489318,0.10926678776741028,0.9920159578323364,0.8104621171951294
YIL172C,YJR132W,0,-2.349174,0.10925478488206863,0.9920159578323364,0.8105621337890625
YMR040W,YHR001W,0,-2.350278,0.10924277454614639,0.9920159578323364,0.8106621503829956
YGR122W,YBR084W,0,-2.3510747,0.10923077166080475,0.9920159578323364,0.8107621669769287
YOR133W,YJL203W,0,-2.35117,0.1092187687754631,0.9920159578323364,0.8108621835708618
YPR018W,YBL030C,0,-2.3521717,0.10920676589012146,0.9920159578323364,0.8109622001647949
YLL016W,YJR091C,0,-2.3533502,0.10919477045536041,0.9920159578323364,0.811062216758728
YOR003W,YDR368W,0,-2.3535118,0.10918277502059937,0.9920159578323364,0.8111622333526611
YKL146W,YML065W,0,-2.3550348,0.10917078703641891,0.9920159578323364,0.8112622499465942
YDR463W,YHR062C,0,-2.3555238,0.10915879905223846,0.9920159578323364,0.8113622665405273
YLL024C,YKL155C,0,-2.356504,0.10914681106805801,0.9920159578323364,0.8114622831344604
YJL210W,YPR106W,0,-2.3572412,0.10913482308387756,0.9920159578323364,0.8115622997283936
YLR318W,YKL005C,0,-2.35752,0.10912284255027771,0.9920159578323364,0.8116623163223267
YDR080W,YGL131C,0,-2.3586838,0.10911086946725845,0.9920159578323364,0.8117623329162598
YKL004W,YGR215W,0,-2.3589025,0.1090988889336586,0.9920159578323364,0.8118623495101929
YKL129C,YDR117C,0,-2.358971,0.10908691585063934,0.9920159578323364,0.811962366104126
YOR100C,YPL016W,0,-2.3618817,0.10907495021820068,0.9920159578323364,0.8120623826980591
YDR436W,YIR010W,0,-2.3621747,0.10906297713518143,0.9920159578323364,0.812162458896637
YKL034W,YOR298C-A,0,-2.3626044,0.10905101150274277,0.9920159578323364,0.8122624754905701
YOR236W,YDL210W,0,-2.363731,0.1090390533208847,0.9920159578323364,0.8123624920845032
YBR185C,YMR189W,0,-2.36408,0.10902709513902664,0.9920159578323364,0.8124625086784363
YLL011W,YOL051W,0,-2.3649654,0.10901513695716858,0.9920159578323364,0.8125625252723694
YGR283C,YNL002C,0,-2.3649662,0.10900317877531052,0.9920159578323364,0.8126625418663025
YPR019W,YLR136C,0,-2.3673372,0.10899122804403305,0.9920159578323364,0.8127625584602356
YKL062W,YHR088W,0,-2.367618,0.10897927731275558,0.9920159578323364,0.8128625750541687
YFL024C,YDR256C,0,-2.367981,0.10896733403205872,0.9920159578323364,0.8129625916481018
YPR096C,YER015W,0,-2.368959,0.10895539075136185,0.9920159578323364,0.8130626082420349
YGR006W,YER140W,0,-2.3696337,0.10894344747066498,0.9920159578323364,0.813162624835968
YJL045W,YDR273W,0,-2.3696404,0.10893150418996811,0.9920159578323364,0.8132626414299011
YPL047W,YNL039W,0,-2.3725674,0.10891956835985184,0.9920159578323364,0.8133626580238342
YOR322C,YER058W,0,-2.373372,0.10890763998031616,0.9920159578323364,0.8134626746177673
YOR363C,YJR086W,0,-2.3736432,0.10889570415019989,0.9920159578323364,0.8135626912117004
YGL063W,YJR048W,0,-2.3747516,0.10888377577066422,0.9920159578323364,0.8136627078056335
YHR140W,YBR106W,0,-2.3754869,0.10887184739112854,0.9920159578323364,0.8137627243995667
YDR253C,YML009C,0,-2.3760173,0.10885992646217346,0.9920159578323364,0.8138628005981445
YDR235W,YGL013C,0,-2.3763885,0.10884800553321838,0.9920159578323364,0.8139628171920776
YKL221W,YGR204W,0,-2.3769784,0.1088360920548439,0.9920159578323364,0.8140628337860107
YBR121C,YMR042W,0,-2.3770113,0.10882417112588882,0.9920159578323364,0.8141628503799438
YER093C,YER058W,0,-2.3776088,0.10881225764751434,0.9920159578323364,0.814262866973877
YPR110C,YDR126W,0,-2.37811,0.10880035161972046,0.9920159578323364,0.8143628835678101
YKL107W,YJR139C,0,-2.37821,0.10878844559192657,0.9920159578323364,0.8144629001617432
YIL155C,YNL048W,0,-2.3789291,0.10877653956413269,0.9920159578323364,0.8145629167556763
YIL118W,YNL318C,0,-2.3790703,0.1087646335363388,0.9920159578323364,0.8146629333496094
YPR100W,YPL084W,0,-2.3802624,0.10875273495912552,0.9920159578323364,0.8147629499435425
YPL141C,YCL055W,0,-2.3806372,0.10874083638191223,0.9920159578323364,0.8148629665374756
YLR320W,YOR039W,0,-2.3817647,0.10872894525527954,0.9920159578323364,0.8149629831314087
YMR142C,YIL167W,0,-2.3819723,0.10871705412864685,0.9920159578323364,0.8150629997253418
YHR031C,YNL126W,0,-2.3840804,0.10870516300201416,0.9920159578323364,0.8151630163192749
YPL227C,YKR099W,0,-2.385192,0.10869327187538147,0.9920159578323364,0.815263032913208
YDR177W,YNL024C,0,-2.385243,0.10868138819932938,0.9920159578323364,0.8153630495071411
YCR009C,YDR079C-A,0,-2.385796,0.10866951197385788,0.9920159578323364,0.8154630661010742
YPR028W,YCR086W,0,-2.3868685,0.10865762829780579,0.9920159578323364,0.8155631422996521
YGR035C,YDR247W,0,-2.3871717,0.10864575207233429,0.9920159578323364,0.8156631588935852
YJR029W,YBR171W,0,-2.3877423,0.10863388329744339,0.9920159578323364,0.8157631754875183
YPL255W,YIL084C,0,-2.3916678,0.1086220070719719,0.9920159578323364,0.8158631920814514
YGR027W-A,YOL103W-A,0,-2.392024,0.108610138297081,0.9920159578323364,0.8159632086753845
YKL158W,YIL073C,0,-2.392364,0.10859827697277069,0.9920159578323364,0.8160632252693176
YLR446W,YLR214W,0,-2.3939533,0.10858640819787979,0.9920159578323364,0.8161632418632507
YGL008C,YLL011W,0,-2.394275,0.10857454687356949,0.9920159578323364,0.8162632584571838
YOR356W,YJL090C,0,-2.3966792,0.10856269299983978,0.9920159578323364,0.8163632750511169
YPL224C,YBR073W,0,-2.3970442,0.10855083912611008,0.9920159578323364,0.81646329164505
YPL055C,YPL168W,0,-2.3998234,0.10853898525238037,0.9920159578323364,0.8165633082389832
YLL038C,YDR101C,0,-2.3998728,0.10852713137865067,0.9920159578323364,0.8166633248329163
YDL019C,YOR131C,0,-2.401052,0.10851528495550156,0.9920159578323364,0.8167633414268494
YGR080W,YPL215W,0,-2.4021444,0.10850343853235245,0.9920159578323364,0.8168633580207825
YBR241C,YMR113W,0,-2.402899,0.10849159210920334,0.9920159578323364,0.8169633746147156
YOR389W,YOR258W,0,-2.4060197,0.10847975313663483,0.9920159578323364,0.8170633912086487
YGR121C,YGL028C,0,-2.4104226,0.10846792161464691,0.9920159578323364,0.8171634078025818
YCL020W,YFR031C-A,0,-2.4113185,0.1084560826420784,0.9920159578323364,0.8172634243965149
YDR485C,YMR110C,0,-2.4129622,0.10844425112009048,0.9920159578323364,0.8173635005950928
YKL065C,YDR316W,0,-2.4130971,0.10843241959810257,0.9920159578323364,0.8174635171890259
YDR228C,YHL050C,0,-2.4140038,0.10842059552669525,0.9920159578323364,0.817563533782959
YDR348C,YBL088C,0,-2.415104,0.10840877145528793,0.9920159578323364,0.8176635503768921
YHL028W,YOR380W,0,-2.4163752,0.10839694738388062,0.9920159578323364,0.8177635669708252
YCR024C,YGL097W,0,-2.4180722,0.1083851233124733,0.9920159578323364,0.8178635835647583
YEL011W,YER078C,0,-2.4190762,0.10837330669164658,0.9920159578323364,0.8179636001586914
YDR239C,YCR028C-A,0,-2.4192235,0.10836149752140045,0.9920159578323364,0.8180636167526245
YOL115W,YER039C,0,-2.4193075,0.10834968090057373,0.9920159578323364,0.8181636333465576
YKL042W,YLL014W,0,-2.4202833,0.1083378717303276,0.9920159578323364,0.8182636499404907
YMR125W,YLR027C,0,-2.4209323,0.10832607001066208,0.9920159578323364,0.8183636665344238
YDR178W,YGL240W,0,-2.4212275,0.10831426084041595,0.9920159578323364,0.8184636831283569
YGR206W,YAR044W,0,-2.4216352,0.10830245912075043,0.9920159578323364,0.81856369972229
YKR053C,YKL114C,0,-2.421667,0.1082906648516655,0.9920159578323364,0.8186637163162231
YOR022C,YBR105C,0,-2.4223795,0.10827887058258057,0.9920159578323364,0.8187637329101562
YDR267C,YKL141W,0,-2.4234445,0.10826707631349564,0.9920159578323364,0.8188637495040894
YBR193C,YPR018W,0,-2.4238162,0.1082552820444107,0.9920159578323364,0.8189637660980225
YHR202W,YGR278W,0,-2.424119,0.10824349522590637,0.9920159578323364,0.8190638422966003
YDL209C,YJL069C,0,-2.4245439,0.10823170840740204,0.9920159578323364,0.8191638588905334
YNL299W,YDL194W,0,-2.424981,0.1082199215888977,0.9920159578323364,0.8192638754844666
YCL016C,YNR039C,0,-2.4254804,0.10820814222097397,0.9920159578323364,0.8193638920783997
YPL281C,YBL025W,0,-2.4254851,0.10819636285305023,0.9920159578323364,0.8194639086723328
YJR014W,YLR064W,0,-2.4279876,0.10818459093570709,0.9920159578323364,0.8195639252662659
YGR286C,YNL190W,0,-2.428358,0.10817281901836395,0.9920159578323364,0.819663941860199
YIR013C,YKL039W,0,-2.4301326,0.10816104710102081,0.9920159578323364,0.8197639584541321
YER118C,YKR096W,0,-2.4311275,0.10814927518367767,0.9920159578323364,0.8198639750480652
YKR099W,YGR163W,0,-2.4313233,0.10813751071691513,0.9920159578323364,0.8199639916419983
YER173W,YKL045W,0,-2.43279,0.10812574625015259,0.9920159578323364,0.8200640082359314
YDR298C,YGL179C,0,-2.4328465,0.10811398923397064,0.9920159578323364,0.8201640248298645
YDR531W,YDR434W,0,-2.4328556,0.1081022322177887,0.9920159578323364,0.8202640414237976
YJL221C,YLR384C,0,-2.4334397,0.10809047520160675,0.9920159578323364,0.8203640580177307
YDL117W,YKR095W-A,0,-2.4339964,0.1080787181854248,0.9920159578323364,0.8204640746116638
YBL074C,YKL052C,0,-2.4347858,0.10806696861982346,0.9920159578323364,0.8205640912055969
YIL009W,YGL246C,0,-2.43483,0.1080552265048027,0.9920159578323364,0.82066410779953
YPL265W,YDR248C,0,-2.4350095,0.10804347693920135,0.9920159578323364,0.8207641243934631
YCR091W,YPL056C,0,-2.436717,0.1080317348241806,0.9920159578323364,0.820864200592041
YNL275W,YMR175W,0,-2.436803,0.10801999270915985,0.9920159578323364,0.8209642171859741
YIL160C,YDR443C,0,-2.4370255,0.1080082580447197,0.9920159578323364,0.8210642337799072
YEL038W,YOR178C,0,-2.4372778,0.10799652338027954,0.9920159578323364,0.8211642503738403
YNL224C,YHR124W,0,-2.437681,0.10798478871583939,0.9920159578323364,0.8212642669677734
YMR072W,YHR104W,0,-2.4378076,0.10797306150197983,0.9920159578323364,0.8213642835617065
YDR170W-A,YOR196C,0,-2.4379716,0.10796133428812027,0.9920159578323364,0.8214643001556396
YPL198W,YLR035C-A,0,-2.4381971,0.10794960707426071,0.9920159578323364,0.8215643167495728
YDR182W,YER065C,0,-2.4382348,0.10793788731098175,0.9920159578323364,0.8216643333435059
YLR057W,YPL266W,0,-2.4392164,0.10792616754770279,0.9920159578323364,0.821764349937439
YHR165C,YBL008W,0,-2.439727,0.10791444778442383,0.9920159578323364,0.8218643665313721
YKR096W,YDR214W,0,-2.4408474,0.10790273547172546,0.9920159578323364,0.8219643831253052
YLR139C,YBR251W,0,-2.4413943,0.1078910231590271,0.9920159578323364,0.8220643997192383
YHR166C,YBR065C,0,-2.4422185,0.10787931084632874,0.9920159578323364,0.8221644163131714
YJL094C,YHR166C,0,-2.4435797,0.10786760598421097,0.9920159578323364,0.8222644329071045
YLR037C,YOR182C,0,-2.443841,0.1078559011220932,0.9920159578323364,0.8223644495010376
YKR046C,YBL088C,0,-2.444828,0.10784420371055603,0.9920159578323364,0.8224644660949707
YOR192C,YJR052W,0,-2.4460912,0.10783249884843826,0.9920159578323364,0.8225645422935486
YOR017W,YJR159W,0,-2.446094,0.10782080143690109,0.9920159578323364,0.8226645588874817
YDR307W,YDR080W,0,-2.4463983,0.10780911147594452,0.9920159578323364,0.8227645754814148
YHL018W,YPR095C,0,-2.447011,0.10779742151498795,0.9920159578323364,0.8228645920753479
YCR010C,YER069W,0,-2.4475222,0.10778573155403137,0.9920159578323364,0.822964608669281
YNL123W,YMR022W,0,-2.4476984,0.1077740415930748,0.9920159578323364,0.8230646252632141
YOR367W,YOL058W,0,-2.4477377,0.10776235908269882,0.9920159578323364,0.8231646418571472
YKL101W,YPL177C,0,-2.449029,0.10775067657232285,0.9920159578323364,0.8232646584510803
YJL186W,YMR063W,0,-2.4495387,0.10773900151252747,0.9920159578323364,0.8233646750450134
YOR288C,YMR323W,0,-2.4501128,0.10772731900215149,0.9920159578323364,0.8234646916389465
YGL130W,YDR387C,0,-2.4512444,0.1077156513929367,0.9920159578323364,0.8235647082328796
YPL280W,YCR037C,0,-2.45131,0.10770397633314133,0.9920159578323364,0.8236647248268127
YER173W,YDR288W,0,-2.4517112,0.10769230872392654,0.9920159578323364,0.8237647414207458
YCR072C,YNL214W,0,-2.4524264,0.10768064111471176,0.9920159578323364,0.823864758014679
YNL286W,YKL071W,0,-2.4531884,0.10766898095607758,0.9920159578323364,0.8239647746086121
YLR148W,YCR070W,0,-2.4539292,0.10765731334686279,0.9920159578323364,0.8240647912025452
YGR075C,YMR291W,0,-2.4539857,0.1076456606388092,0.9920159578323364,0.8241648077964783
YNL312W,YNR001C,0,-2.455385,0.10763400048017502,0.9920159578323364,0.8242648243904114
YCR043C,YGL181W,0,-2.4558353,0.10762234777212143,0.9920159578323364,0.8243649005889893
YEL020C,YJR096W,0,-2.4564383,0.10761069506406784,0.9920159578323364,0.8244649171829224
YJL190C,YPL217C,0,-2.4571848,0.10759904980659485,0.9920159578323364,0.8245649337768555
YLR048W,YML045W,0,-2.459238,0.10758740454912186,0.9920159578323364,0.8246649503707886
YDR178W,YDL058W,0,-2.4593265,0.10757575929164886,0.9920159578323364,0.8247649669647217
YOR231W,YLR323C,0,-2.4597926,0.10756411403417587,0.9920159578323364,0.8248649835586548
YLR368W,YBL100W-B,0,-2.4605632,0.10755247622728348,0.9920159578323364,0.8249650001525879
YMR030W,YMR060C,0,-2.4605865,0.10754083842039108,0.9920159578323364,0.825065016746521
YDR437W,YFR025C,0,-2.4613042,0.10752920806407928,0.9920159578323364,0.8251650333404541
YMR104C,YLR035C-A,0,-2.4620392,0.10751757770776749,0.9920159578323364,0.8252650499343872
YHR036W,YHL004W,0,-2.4624577,0.10750594735145569,0.9920159578323364,0.8253650665283203
YNL247W,YAR003W,0,-2.46309,0.10749432444572449,0.9920159578323364,0.8254650831222534
YMR199W,YDL099W,0,-2.4664993,0.10748270153999329,0.9920159578323364,0.8255650997161865
YPL009C,YLR115W,0,-2.4679108,0.10747107863426208,0.9920159578323364,0.8256651163101196
YER147C,YJL133W,0,-2.468406,0.10745946317911148,0.9920159578323364,0.8257651329040527
YGL144C,YGL077C,0,-2.4685264,0.10744784027338028,0.9920159578323364,0.8258651494979858
YIR036C,YHR205W,0,-2.4688587,0.10743623226881027,0.9920159578323364,0.825965166091919
YDR155C,YLR069C,0,-2.4702368,0.10742461681365967,0.9920159578323364,0.8260652422904968
YFL011W,YER044C,0,-2.4709353,0.10741300880908966,0.9920159578323364,0.8261652588844299
YPL159C,YNL292W,0,-2.471622,0.10740140825510025,0.9920159578323364,0.826265275478363
YKR038C,YPL141C,0,-2.4716282,0.10738980025053024,0.9920159578323364,0.8263652920722961
YPL236C,YDR289C,0,-2.4733202,0.10737819969654083,0.9920159578323364,0.8264653086662292
YEL048C,YIL111W,0,-2.4747105,0.10736659914255142,0.9920159578323364,0.8265653252601624
YOR086C,YGL045W,0,-2.475272,0.10735500603914261,0.9920159578323364,0.8266653418540955
YOR191W,YLR185W,0,-2.479321,0.1073434129357338,0.9920159578323364,0.8267653584480286
YPR164W,YPL038W,0,-2.4801564,0.10733181983232498,0.9920159578323364,0.8268653750419617
YDR541C,YBR001C,0,-2.480507,0.10732023417949677,0.9920159578323364,0.8269653916358948
YLR320W,YLR421C,0,-2.4808617,0.10730864852666855,0.9920159578323364,0.8270654082298279
YGR266W,YPL164C,0,-2.481713,0.10729706287384033,0.9920159578323364,0.827165424823761
YIL070C,YFL008W,0,-2.4823053,0.10728548467159271,0.9920159578323364,0.8272654414176941
YJR152W,YJL018W,0,-2.4837232,0.10727390646934509,0.9920159578323364,0.8273654580116272
YDR142C,YKL100C,0,-2.4845505,0.10726232826709747,0.9920159578323364,0.8274654746055603
YLL016W,YFR053C,0,-2.4861236,0.10725075751543045,0.9920159578323364,0.8275654911994934
YHR176W,YGR283C,0,-2.4862094,0.10723918676376343,0.9920159578323364,0.8276655077934265
YPL021W,YPL153C,0,-2.486353,0.1072276160120964,0.9920159578323364,0.8277655243873596
YHR045W,YOR116C,0,-2.4880776,0.10721605271100998,0.9920159578323364,0.8278656005859375
YER099C,YCL075W,0,-2.488257,0.10720448940992355,0.9920159578323364,0.8279656171798706
YGR192C,YBR070C,0,-2.4902108,0.10719292610883713,0.9920159578323364,0.8280656337738037
YBL090W,YNL294C,0,-2.4916916,0.1071813702583313,0.9920159578323364,0.8281656503677368
YNL321W,YFR010W,0,-2.4925494,0.10716981440782547,0.9920159578323364,0.8282656669616699
YPR046W,YLR051C,0,-2.4943242,0.10715825855731964,0.9920159578323364,0.828365683555603
YPL275W,YGL023C,0,-2.494497,0.10714671015739441,0.9920159578323364,0.8284657001495361
YOR335C,YPR073C,0,-2.4963527,0.10713516175746918,0.9920159578323364,0.8285657167434692
YLR192C,YLR332W,0,-2.4977345,0.10712361335754395,0.9920159578323364,0.8286657333374023
YHR021C,YPR168W,0,-2.4977384,0.10711207240819931,0.9920159578323364,0.8287657499313354
YOR295W,YBR065C,0,-2.4985662,0.10710053145885468,0.9920159578323364,0.8288657665252686
YER045C,YCR097W,0,-2.4989424,0.10708899050951004,0.9920159578323364,0.8289657831192017
YJR064W,YPL225W,0,-2.499537,0.107077457010746,0.9920159578323364,0.8290657997131348
YDR534C,YOR214C,0,-2.500297,0.10706592351198196,0.9920159578323364,0.8291658163070679
YHL025W,YJR088C,0,-2.5015,0.10705439001321793,0.9920159578323364,0.829265832901001
YPL058C,YBR046C,0,-2.5016682,0.10704285651445389,0.9920159578323364,0.8293658494949341
YDR322W,YMR016C,0,-2.5019631,0.10703133046627045,0.9920159578323364,0.8294658660888672
YDR225W,YBR012W-A,0,-2.503109,0.1070198118686676,0.9920159578323364,0.8295659422874451
YGL141W,YGL192W,0,-2.50388,0.10700828582048416,0.9920159578323364,0.8296659588813782
YDR393W,YGL099W,0,-2.5048742,0.10699676722288132,0.9920159578323364,0.8297659754753113
YOR244W,YLL053C,0,-2.5053647,0.10698525607585907,0.9920159578323364,0.8298659920692444
YMR131C,YDR248C,0,-2.5054994,0.10697373747825623,0.9920159578323364,0.8299660086631775
YGR161C,YDR326C,0,-2.5065112,0.10696222633123398,0.9920159578323364,0.8300660252571106
YNL025C,YGL168W,0,-2.506948,0.10695072263479233,0.9920159578323364,0.8301660418510437
YNR056C,YER053C,0,-2.508408,0.10693921148777008,0.9920159578323364,0.8302660584449768
YJL139C,YDR545W,0,-2.509833,0.10692770779132843,0.9920159578323364,0.8303660750389099
YDR113C,YNR056C,0,-2.509942,0.10691621154546738,0.9920159578323364,0.830466091632843
YER164W,YOL100W,0,-2.510381,0.10690470784902573,0.9920159578323364,0.8305661082267761
YHR080C,YHR039C,0,-2.5128052,0.10689321160316467,0.9920159578323364,0.8306661248207092
YIL112W,YDR160W,0,-2.51439,0.10688172280788422,0.9920159578323364,0.8307661414146423
YBR050C,YIL103W,0,-2.514433,0.10687022656202316,0.9920159578323364,0.8308661580085754
YBR215W,YKL197C,0,-2.5149798,0.1068587377667427,0.9920159578323364,0.8309661746025085
YOL039W,YPR070W,0,-2.516422,0.10684725642204285,0.9920159578323364,0.8310661911964417
YER140W,YLR333C,0,-2.5168657,0.10683576762676239,0.9920159578323364,0.8311662077903748
YDR184C,YPL126W,0,-2.5183334,0.10682428628206253,0.9920159578323364,0.8312662243843079
YNL106C,YER045C,0,-2.5187583,0.10681281238794327,0.9920159578323364,0.8313663005828857
YGR086C,YIL007C,0,-2.5188107,0.10680133104324341,0.9920159578323364,0.8314663171768188
YIL096C,YBR012W-B,0,-2.5191762,0.10678985714912415,0.9920159578323364,0.831566333770752
YFR051C,YER029C,0,-2.5203214,0.10677838325500488,0.9920159578323364,0.8316663503646851
YJL076W,YFR016C,0,-2.5212011,0.10676691681146622,0.9920159578323364,0.8317663669586182
YBR237W,YIR037W,0,-2.5215158,0.10675545036792755,0.9920159578323364,0.8318663835525513
YAL021C,YNL308C,0,-2.5228636,0.10674398392438889,0.9920159578323364,0.8319664001464844
YJL198W,YLR315W,0,-2.5236702,0.10673252493143082,0.9920159578323364,0.8320664167404175
YML131W,YDR212W,0,-2.5248704,0.10672106593847275,0.9920159578323364,0.8321664333343506
YOL008W,YBR003W,0,-2.5261784,0.10670960694551468,0.9920159578323364,0.8322664499282837
YPL085W,YIL013C,0,-2.5277972,0.10669815540313721,0.9920159578323364,0.8323664665222168
YGL104C,YPR175W,0,-2.5278082,0.10668670386075974,0.9920159578323364,0.8324664831161499
YDR288W,YHR009C,0,-2.5280643,0.10667525231838226,0.9920159578323364,0.832566499710083
YDR323C,YFR053C,0,-2.5284152,0.10666380822658539,0.9920159578323364,0.8326665163040161
YIL112W,YML027W,0,-2.528629,0.10665236413478851,0.9920159578323364,0.8327665328979492
YIR004W,YLR092W,0,-2.529232,0.10664092004299164,0.9920159578323364,0.8328665494918823
YDR377W,YDR441C,0,-2.5301838,0.10662947595119476,0.9920159578323364,0.8329665660858154
YLR297W,YDR427W,0,-2.5306752,0.10661803930997849,0.9920159578323364,0.8330666422843933
YPR156C,YDR385W,0,-2.5316863,0.1066066101193428,0.9920159578323364,0.8331666588783264
YJL148W,YEL059C-A,0,-2.5317936,0.10659517347812653,0.9920159578323364,0.8332666754722595
YHR149C,YHR014W,0,-2.5323308,0.10658374428749084,0.9920159578323364,0.8333666920661926
YJR091C,YGL245W,0,-2.5326898,0.10657231509685516,0.9920159578323364,0.8334667086601257
YDR119W,YLL006W,0,-2.5344415,0.10656089335680008,0.9920159578323364,0.8335667252540588
YEL077C,YGR040W,0,-2.5353408,0.106549471616745,0.9920159578323364,0.8336667418479919
YIR007W,YJL036W,0,-2.5362046,0.10653804987668991,0.9920159578323364,0.833766758441925
YHR003C,YLL006W,0,-2.537714,0.10652662813663483,0.9920159578323364,0.8338667750358582
YDR123C,YNL005C,0,-2.537737,0.10651521384716034,0.9920159578323364,0.8339667916297913
YNL069C,YLR023C,0,-2.5397084,0.10650380700826645,0.9920159578323364,0.8340668082237244
YOR067C,YKL201C,1,-2.5410395,0.10659953206777573,0.9930139780044556,0.8340668082237244
YDL101C,YER054C,0,-2.5413766,0.10658811032772064,0.9930139780044556,0.8341668248176575
YDR253C,YPL135W,0,-2.543511,0.10657669603824615,0.9930139780044556,0.8342668414115906
YNL191W,YPL092W,0,-2.5449152,0.10656527429819107,0.9930139780044556,0.8343668580055237
YPR096C,YLR214W,0,-2.5450668,0.10655386745929718,0.9930139780044556,0.8344668745994568
YOL125W,YNL058C,0,-2.5457125,0.10654245316982269,0.9930139780044556,0.8345668911933899
YLR388W,YBR012W-A,0,-2.5462134,0.1065310463309288,0.9930139780044556,0.834666907787323
YFR006W,YPL207W,0,-2.547495,0.10651964694261551,0.9930139780044556,0.8347669243812561
YIR028W,YHR037W,0,-2.5487459,0.10650824010372162,0.9930139780044556,0.834867000579834
YMR226C,YKR027W,0,-2.5489485,0.10649684071540833,0.9930139780044556,0.8349670171737671
YCR021C,YDR510W,0,-2.549068,0.10648544877767563,0.9930139780044556,0.8350670337677002
YLR247C,YNL305C,0,-2.549346,0.10647404938936234,0.9930139780044556,0.8351670503616333
YNL152W,YOR267C,0,-2.5503507,0.10646265745162964,0.9930139780044556,0.8352670669555664
YMR263W,YBR046C,0,-2.5517306,0.10645126551389694,0.9930139780044556,0.8353670835494995
YDR021W,YML014W,0,-2.5525622,0.10643988102674484,0.9930139780044556,0.8354671001434326
YER065C,YKL188C,0,-2.5538716,0.10642849653959274,0.9930139780044556,0.8355671167373657
YMR280C,YOR288C,0,-2.554962,0.10641711205244064,0.9930139780044556,0.8356671333312988
YAL010C,YMR152W,0,-2.555014,0.10640573501586914,0.9930139780044556,0.8357671499252319
YCR038C,YDL103C,0,-2.555017,0.10639435052871704,0.9930139780044556,0.835867166519165
YDR179C,YGR188C,0,-2.5552704,0.10638298094272614,0.9930139780044556,0.8359671831130981
YCR045C,YGL249W,0,-2.555529,0.10637160390615463,0.9930139780044556,0.8360671997070312
YJL025W,YMR225C,0,-2.5561728,0.10636023432016373,0.9930139780044556,0.8361672163009644
YDR446W,YDL012C,0,-2.5569177,0.10634886473417282,0.9930139780044556,0.8362672328948975
YPR016C,YOR193W,0,-2.558704,0.10633750259876251,0.9930139780044556,0.8363672494888306
YKR090W,YLR283W,0,-2.5611506,0.1063261404633522,0.9930139780044556,0.8364672660827637
YDR003W,YPL241C,0,-2.5624356,0.1063147783279419,0.9930139780044556,0.8365673422813416
YGL011C,YNL036W,0,-2.5628648,0.10630341619253159,0.9930139780044556,0.8366673588752747
YPL156C,YLR205C,0,-2.5668106,0.10629206150770187,0.9930139780044556,0.8367673754692078
YER148W,YPR004C,0,-2.5689645,0.10628070682287216,0.9930139780044556,0.8368673920631409
YBR228W,YDR341C,0,-2.5701323,0.10626935958862305,0.9930139780044556,0.836967408657074
YOR177C,YDR243C,0,-2.572012,0.10625801235437393,0.9930139780044556,0.8370674252510071
YER069W,YML019W,0,-2.5740328,0.10624666512012482,0.9930139780044556,0.8371674418449402
YGR054W,YKL197C,0,-2.5742297,0.1062353178858757,0.9930139780044556,0.8372674584388733
YNR050C,YNL096C,0,-2.5759418,0.10622397810220718,0.9930139780044556,0.8373674750328064
YER177W,YLR341W,0,-2.5766976,0.10621263831853867,0.9930139780044556,0.8374674916267395
YEL048C,YMR307W,0,-2.5768294,0.10620129853487015,0.9930139780044556,0.8375675082206726
YIL155C,YDR259C,0,-2.577166,0.10618996620178223,0.9930139780044556,0.8376675248146057
YDR145W,YDR490C,0,-2.580017,0.1061786338686943,0.9930139780044556,0.8377675414085388
YOL092W,YLR136C,0,-2.5801454,0.10616730898618698,0.9930139780044556,0.8378675580024719
YPR036W,YOL016C,0,-2.5805254,0.10615597665309906,0.9930139780044556,0.837967574596405
YOR043W,YLR155C,0,-2.5812924,0.10614465177059174,0.9930139780044556,0.8380675911903381
YGR067C,YOR080W,0,-2.5823488,0.10613333433866501,0.9930139780044556,0.8381676077842712
YBR152W,YDR421W,0,-2.583641,0.10612201690673828,0.9930139780044556,0.8382676243782043
YCR094W,YBR005W,0,-2.5847306,0.10611069947481155,0.9930139780044556,0.8383677005767822
YCL026C-A,YIL121W,0,-2.584877,0.10609938204288483,0.9930139780044556,0.8384677171707153
YMR322C,YKL112W,0,-2.5858054,0.1060880720615387,0.9930139780044556,0.8385677337646484
YDL188C,YMR130W,0,-2.5878477,0.10607676208019257,0.9930139780044556,0.8386677503585815
YOR321W,YMR036C,0,-2.5886736,0.10606545209884644,0.9930139780044556,0.8387677669525146
YDR447C,YFR027W,0,-2.5889263,0.1060541495680809,0.9930139780044556,0.8388677835464478
YCR094W,YDR532C,0,-2.5891833,0.10604284703731537,0.9930139780044556,0.8389678001403809
YKR080W,YDR478W,0,-2.5928068,0.10603154450654984,0.9930139780044556,0.839067816734314
YEL077C,YKL056C,0,-2.5942657,0.1060202419757843,0.9930139780044556,0.8391678333282471
YDL081C,YER073W,0,-2.5945845,0.10600894689559937,0.9930139780044556,0.8392678499221802
YDR406W,YMR214W,0,-2.5950184,0.10599765926599503,0.9930139780044556,0.8393678665161133
YML009C,YBR267W,0,-2.5958316,0.10598636418581009,0.9930139780044556,0.8394678831100464
YMR094W,YKL197C,0,-2.5971727,0.10597507655620575,0.9930139780044556,0.8395678997039795
YDL161W,YHR102W,0,-2.5976996,0.10596378892660141,0.9930139780044556,0.8396679162979126
YPR131C,YOL011W,0,-2.5981627,0.10595250874757767,0.9930139780044556,0.8397679328918457
YJL148W,YHL007C,0,-2.5987506,0.10594122856855392,0.9930139780044556,0.8398679494857788
YGL187C,YOL097C,0,-2.5994716,0.10592994838953018,0.9930139780044556,0.8399679660797119
YLR307W,YMR217W,0,-2.6005871,0.10591866821050644,0.9930139780044556,0.8400680422782898
YDR506C,YCL031C,0,-2.601883,0.1059073954820633,0.9930139780044556,0.8401680588722229
YPL195W,YML087C,0,-2.6020465,0.10589612275362015,0.9930139780044556,0.840268075466156
YGL095C,YKL157W,0,-2.6052632,0.1058848574757576,0.9930139780044556,0.8403680920600891
YOL123W,YIR013C,0,-2.605704,0.10587359219789505,0.9930139780044556,0.8404681086540222
YER058W,YDL214C,0,-2.6057868,0.1058623269200325,0.9930139780044556,0.8405681252479553
YGL184C,YDL212W,0,-2.605993,0.10585106164216995,0.9930139780044556,0.8406681418418884
YGR058W,YFR027W,0,-2.6063466,0.105839803814888,0.9930139780044556,0.8407681584358215
YLR242C,YGL178W,0,-2.6063557,0.10582854598760605,0.9930139780044556,0.8408681750297546
YOR264W,YIR035C,0,-2.6063676,0.1058172956109047,0.9930139780044556,0.8409681916236877
YHR207C,YGL211W,0,-2.6067317,0.10580603778362274,0.9930139780044556,0.8410682082176208
YLR315W,YJR076C,0,-2.6090326,0.10579478740692139,0.9930139780044556,0.841168224811554
YNL152W,YGL238W,0,-2.6093493,0.10578354448080063,0.9930139780044556,0.8412682414054871
YLL054C,YOL121C,0,-2.6101933,0.10577229410409927,0.9930139780044556,0.8413682579994202
YDR011W,YPR114W,0,-2.6106327,0.10576105117797852,0.9930139780044556,0.8414682745933533
YPL089C,YPR114W,0,-2.6106553,0.10574981570243835,0.9930139780044556,0.8415682911872864
YIL158W,YDL092W,0,-2.6119013,0.1057385727763176,0.9930139780044556,0.8416683077812195
YGR029W,YJR145C,0,-2.612238,0.10572733730077744,0.9930139780044556,0.8417683243751526
YOL152W,YGR083C,0,-2.612731,0.10571610927581787,0.9930139780044556,0.8418684005737305
YHR018C,YBR039W,0,-2.6127472,0.10570487380027771,0.9930139780044556,0.8419684171676636
YDR040C,YOR140W,0,-2.6133752,0.10569364577531815,0.9930139780044556,0.8420684337615967
YHR043C,YLR064W,0,-2.6135793,0.10568242520093918,0.9930139780044556,0.8421684503555298
YLR139C,YGL227W,0,-2.6139152,0.10567119717597961,0.9930139780044556,0.8422684669494629
YML098W,YMR017W,0,-2.6139565,0.10565997660160065,0.9930139780044556,0.842368483543396
YMR045C,YER025W,0,-2.6142151,0.10564875602722168,0.9930139780044556,0.8424685001373291
YDR456W,YDR501W,0,-2.6145906,0.10563754290342331,0.9930139780044556,0.8425685167312622
YLR393W,YFL016C,0,-2.6151237,0.10562632977962494,0.9930139780044556,0.8426685333251953
YLL016W,YJL008C,0,-2.6176925,0.10561511665582657,0.9930139780044556,0.8427685499191284
YLR287C-A,YAL025C,0,-2.6177483,0.1056039035320282,0.9930139780044556,0.8428685665130615
YNR016C,YHR073W,0,-2.6183386,0.10559269785881042,0.9930139780044556,0.8429685831069946
YKL138C-A,YHR039C,0,-2.6183858,0.10558149218559265,0.9930139780044556,0.8430685997009277
YGR163W,YHR160C,0,-2.618574,0.10557029396295547,0.9930139780044556,0.8431686162948608
YPR007C,YOR272W,0,-2.6185923,0.1055590882897377,0.9930139780044556,0.843268632888794
YOR258W,YDL033C,0,-2.619676,0.10554789751768112,0.9930139780044556,0.843368649482727
YKL077W,YKL146W,0,-2.6205492,0.10553669929504395,0.9930139780044556,0.8434686660766602
YIR009W,YDL004W,0,-2.6222959,0.10552550852298737,0.9930139780044556,0.843568742275238
YOR361C,YDR490C,0,-2.622398,0.10551431775093079,0.9930139780044556,0.8436687588691711
YDR506C,YOR267C,0,-2.6228042,0.1055031269788742,0.9930139780044556,0.8437687754631042
YHR036W,YOR156C,0,-2.6229951,0.10549194365739822,0.9930139780044556,0.8438687920570374
YPR056W,YPL137C,0,-2.6232328,0.10548076033592224,0.9930139780044556,0.8439688086509705
YGR026W,YAL062W,0,-2.6243463,0.10546957701444626,0.9930139780044556,0.8440688252449036
YJR150C,YGL086W,0,-2.6244707,0.10545840114355087,0.9930139780044556,0.8441688418388367
YPR007C,YHL022C,0,-2.6253133,0.10544722527265549,0.9930139780044556,0.8442688584327698
YNL327W,YDR515W,0,-2.6254005,0.1054360494017601,0.9930139780044556,0.8443688750267029
YDR058C,YNL087W,0,-2.625414,0.10542488098144531,0.9930139780044556,0.844468891620636
YLL054C,YGL021W,0,-2.6256564,0.10541371256113052,0.9930139780044556,0.8445689082145691
YGL121C,YJL099W,0,-2.6258595,0.10540254414081573,0.9930139780044556,0.8446689248085022
YHR207C,YLR032W,0,-2.6262867,0.10539137572050095,0.9930139780044556,0.8447689414024353
YDL243C,YIL082W-A,0,-2.6268759,0.10538021475076675,0.9930139780044556,0.8448689579963684
YKR104W,YPL187W,0,-2.6273298,0.10536905378103256,0.9930139780044556,0.8449689745903015
YHR185C,YDR115W,0,-2.6279235,0.10535790026187897,0.9930139780044556,0.8450689911842346
YDR379W,YHR050W,0,-2.6293917,0.10534674674272537,0.9930139780044556,0.8451690077781677
YHR152W,YPR004C,0,-2.6304877,0.10533559322357178,0.9930139780044556,0.8452690243721008
YNL014W,YHR143W-A,0,-2.6304908,0.10532443970441818,0.9930139780044556,0.8453691005706787
YDL174C,YDR096W,0,-2.6307974,0.10531329363584518,0.9930139780044556,0.8454691171646118
YBR056W,YPR097W,0,-2.632108,0.10530214756727219,0.9930139780044556,0.8455691337585449
YDR113C,YHR158C,0,-2.633589,0.10529100894927979,0.9930139780044556,0.845669150352478
YGR247W,YBR040W,0,-2.6344914,0.10527986288070679,0.9930139780044556,0.8457691669464111
YCR018C,YLR424W,0,-2.6345057,0.10526872426271439,0.9930139780044556,0.8458691835403442
YNL316C,YGL211W,0,-2.6354895,0.10525759309530258,0.9930139780044556,0.8459692001342773
YGR129W,YKL135C,0,-2.6357327,0.10524645447731018,0.9930139780044556,0.8460692167282104
YBR139W,YDL044C,0,-2.6363134,0.10523532330989838,0.9930139780044556,0.8461692333221436
YKL220C,YGR156W,0,-2.6363358,0.10522419959306717,0.9930139780044556,0.8462692499160767
YJL179W,YBR248C,0,-2.6387396,0.10521306842565536,0.9930139780044556,0.8463692665100098
YML081W,YGL192W,0,-2.639609,0.10520194470882416,0.9930139780044556,0.8464692831039429
YGL222C,YOR250C,0,-2.6396267,0.10519082099199295,0.9930139780044556,0.846569299697876
YBL067C,YNL244C,0,-2.6396418,0.10517970472574234,0.9930139780044556,0.8466693162918091
YDL030W,YIL051C,0,-2.6405737,0.10516858845949173,0.9930139780044556,0.8467693328857422
YMR286W,YBR057C,0,-2.6432555,0.10515747219324112,0.9930139780044556,0.8468693494796753
YMR041C,YHR178W,0,-2.643539,0.10514635592699051,0.9930139780044556,0.8469693660736084
YLR058C,YER026C,0,-2.6440427,0.1051352471113205,0.9930139780044556,0.8470694422721863
YMR167W,YGR009C,0,-2.6445332,0.10512413829565048,0.9930139780044556,0.8471694588661194
YGR289C,YBR268W,0,-2.6458805,0.10511303693056107,0.9930139780044556,0.8472694754600525
YOL123W,YIL027C,0,-2.6463575,0.10510193556547165,0.9930139780044556,0.8473694920539856
YJR160C,YNL199C,0,-2.6464982,0.10509083420038223,0.9930139780044556,0.8474695086479187
YER140W,YBL046W,0,-2.6495755,0.10507973283529282,0.9930139780044556,0.8475695252418518
YBL087C,YKR072C,0,-2.649609,0.105068638920784,0.9930139780044556,0.8476695418357849
YCR024C,YNL037C,0,-2.6508093,0.10505754500627518,0.9930139780044556,0.847769558429718
YBR132C,YLL026W,0,-2.6511307,0.10504645109176636,0.9930139780044556,0.8478695750236511
YGR062C,YDR071C,0,-2.65168,0.10503536462783813,0.9930139780044556,0.8479695916175842
YDR110W,YAL003W,0,-2.6520739,0.10502427816390991,0.9930139780044556,0.8480696082115173
YPL162C,YGL128C,0,-2.652405,0.10501319169998169,0.9930139780044556,0.8481696248054504
YHR020W,YGL201C,0,-2.652507,0.10500211268663406,0.9930139780044556,0.8482696413993835
YLR154C,YDL139C,0,-2.6537914,0.10499103367328644,0.9930139780044556,0.8483696579933167
YDL174C,YDL099W,0,-2.6544347,0.10497995465993881,0.9930139780044556,0.8484696745872498
YOL034W,YOL092W,0,-2.6549594,0.10496887564659119,0.9930139780044556,0.8485696911811829
YNR051C,YER184C,0,-2.6550555,0.10495780408382416,0.9930139780044556,0.848669707775116
YPR164W,YOR019W,0,-2.6552796,0.10494673252105713,0.9930139780044556,0.8487697243690491
YJL221C,YHR143W,0,-2.6557128,0.1049356684088707,0.9930139780044556,0.848869800567627
YOL003C,YER048C,0,-2.6560686,0.10492460429668427,0.9930139780044556,0.8489698171615601
YKL164C,YBR046C,0,-2.6564035,0.10491354018449783,0.9930139780044556,0.8490698337554932
YOR363C,YIL016W,0,-2.658266,0.1049024760723114,0.9930139780044556,0.8491698503494263
YOR061W,YMR051C,0,-2.6586993,0.10489141941070557,0.9930139780044556,0.8492698669433594
YHL006C,YGR078C,0,-2.6605527,0.10488036274909973,0.9930139780044556,0.8493698835372925
YOR265W,YLL042C,0,-2.6619596,0.1048693060874939,0.9930139780044556,0.8494699001312256
YDL201W,YDR420W,0,-2.6652875,0.10485825687646866,0.9930139780044556,0.8495699167251587
YKL200C,YOR320C,1,-2.66681,0.10495258122682571,0.9940119981765747,0.8495699167251587
YOR189W,YOR201C,0,-2.6674488,0.10494152456521988,0.9940119981765747,0.8496699333190918
YBR159W,YHR166C,0,-2.6691227,0.10493046790361404,0.9940119981765747,0.8497699499130249
YDR087C,YHL006C,0,-2.6692657,0.10491941124200821,0.9940119981765747,0.849869966506958
YLR081W,YDR338C,0,-2.6701283,0.10490836203098297,0.9940119981765747,0.8499699831008911
YBR049C,YIL013C,0,-2.670512,0.10489731281995773,0.9940119981765747,0.8500699996948242
YKL179C,YBL030C,0,-2.6705213,0.10488627105951309,0.9940119981765747,0.8501700162887573
YML081W,YJL153C,0,-2.6712432,0.10487522184848785,0.9940119981765747,0.8502700328826904
YAR050W,YOL098C,0,-2.67187,0.10486418008804321,0.9940119981765747,0.8503700494766235
YDR303C,YGL126W,0,-2.6728404,0.10485314577817917,0.9940119981765747,0.8504700660705566
YGL028C,YPL162C,0,-2.672994,0.10484210401773453,0.9940119981765747,0.8505701422691345
YGR205W,YIL037C,0,-2.6734295,0.10483106970787048,0.9940119981765747,0.8506701588630676
YPR046W,YLR388W,0,-2.6740613,0.10482003539800644,0.9940119981765747,0.8507701754570007
YPL009C,YML041C,0,-2.6748037,0.10480900853872299,0.9940119981765747,0.8508701920509338
YLR223C,YLL011W,0,-2.6750195,0.10479798167943954,0.9940119981765747,0.8509702086448669
YEL019C,YKL113C,0,-2.677372,0.1047869548201561,0.9940119981765747,0.8510702252388
YPL075W,YEL061C,0,-2.6780453,0.10477592796087265,0.9940119981765747,0.8511702418327332
YMR055C,YJL118W,0,-2.678619,0.1047649085521698,0.9940119981765747,0.8512702584266663
YPR143W,YLL015W,0,-2.679633,0.10475388914346695,0.9940119981765747,0.8513702750205994
YOL075C,YGL078C,0,-2.6839333,0.1047428771853447,0.9940119981765747,0.8514702916145325
YPL179W,YER161C,0,-2.6852436,0.10473185777664185,0.9940119981765747,0.8515703082084656
YOR156C,YLR055C,0,-2.6863704,0.10472084581851959,0.9940119981765747,0.8516703248023987
YML096W,YFR041C,0,-2.6866305,0.10470984131097794,0.9940119981765747,0.8517703413963318
YKL183W,YGL086W,0,-2.6871028,0.10469883680343628,0.9940119981765747,0.8518703579902649
YNL181W,YNL305C,0,-2.6875954,0.10468782484531403,0.9940119981765747,0.851970374584198
YGR207C,YPL023C,0,-2.6893764,0.10467682778835297,0.9940119981765747,0.8520703911781311
YER099C,YHR202W,0,-2.6897807,0.10466582328081131,0.9940119981765747,0.8521704077720642
YHR184W,YLR215C,0,-2.691435,0.10465482622385025,0.9940119981765747,0.8522704243659973
YPL135W,YNR055C,0,-2.6917543,0.10464382916688919,0.9940119981765747,0.8523705005645752
YKL045W,YOL001W,0,-2.6934772,0.10463283956050873,0.9940119981765747,0.8524705171585083
YPR020W,YGR013W,0,-2.6937482,0.10462184995412827,0.9940119981765747,0.8525705337524414
YER184C,YLR120C,0,-2.6939445,0.1046108603477478,0.9940119981765747,0.8526705503463745
YPL283C,YPL038W,0,-2.694314,0.10459987074136734,0.9940119981765747,0.8527705669403076
YLR466W,YOR175C,0,-2.6960254,0.10458888858556747,0.9940119981765747,0.8528705835342407
YER056C,YGL175C,0,-2.702127,0.10457790642976761,0.9940119981765747,0.8529706001281738
YJR096W,YMR214W,0,-2.7029228,0.10456693172454834,0.9940119981765747,0.8530706167221069
YDL025C,YDL091C,0,-2.7030897,0.10455594956874847,0.9940119981765747,0.85317063331604
YGL205W,YBL018C,0,-2.7041538,0.1045449748635292,0.9940119981765747,0.8532706499099731
YML082W,YJR033C,0,-2.7062285,0.10453400760889053,0.9940119981765747,0.8533706665039062
YGR128C,YML066C,0,-2.7073169,0.10452303290367126,0.9940119981765747,0.8534706830978394
YBL105C,YNR024W,0,-2.7075057,0.10451206564903259,0.9940119981765747,0.8535706996917725
YHR101C,YBL088C,0,-2.7079225,0.10450109839439392,0.9940119981765747,0.8536707162857056
YLR439W,YOL095C,0,-2.7081943,0.10449013859033585,0.9940119981765747,0.8537707328796387
YFR028C,YCL026C-A,0,-2.7089872,0.10447917878627777,0.9940119981765747,0.8538707494735718
YPL275W,YMR014W,0,-2.7092853,0.1044682189822197,0.9940119981765747,0.8539707660675049
YAL012W,YLR357W,0,-2.710976,0.10445725917816162,0.9940119981765747,0.8540708422660828
YPR174C,YDR020C,0,-2.713852,0.10444630682468414,0.9940119981765747,0.8541708588600159
YPR134W,YGR174C,0,-2.713974,0.10443535447120667,0.9940119981765747,0.854270875453949
YGR275W,YMR204C,0,-2.715267,0.10442440956830978,0.9940119981765747,0.8543708920478821
YDR425W,YGL168W,0,-2.716731,0.1044134572148323,0.9940119981765747,0.8544709086418152
YGL045W,YMR014W,0,-2.717178,0.10440251231193542,0.9940119981765747,0.8545709252357483
YOR189W,YOL157C,0,-2.719455,0.10439157485961914,0.9940119981765747,0.8546709418296814
YOR110W,YDR019C,0,-2.720826,0.10438062995672226,0.9940119981765747,0.8547709584236145
YLR003C,YJR098C,0,-2.7208638,0.10436969250440598,0.9940119981765747,0.8548709750175476
YMR139W,YJL096W,0,-2.7216914,0.10435876250267029,0.9940119981765747,0.8549709916114807
YDR480W,YIR014W,0,-2.721704,0.104347825050354,0.9940119981765747,0.8550710082054138
YBL039C,YJR048W,0,-2.723425,0.10433689504861832,0.9940119981765747,0.8551710247993469
YGL002W,YJR159W,0,-2.723647,0.10432596504688263,0.9940119981765747,0.85527104139328
YGL194C,YLR204W,0,-2.7236493,0.10431504249572754,0.9940119981765747,0.8553710579872131
YDR253C,YMR004W,0,-2.7238798,0.10430411249399185,0.9940119981765747,0.8554710745811462
YGR148C,YFR053C,0,-2.72399,0.10429319739341736,0.9940119981765747,0.8555710911750793
YPL236C,YGL073W,0,-2.7244966,0.10428227484226227,0.9940119981765747,0.8556711077690125
YJL160C,YMR014W,0,-2.7246761,0.10427135974168777,0.9940119981765747,0.8557711839675903
YBR008C,YIR002C,0,-2.724952,0.10426044464111328,0.9940119981765747,0.8558712005615234
YMR071C,YNR063W,0,-2.7258177,0.10424952954053879,0.9940119981765747,0.8559712171554565
YOL033W,YNL245C,0,-2.726149,0.10423862189054489,0.9940119981765747,0.8560712337493896
YJR135W-A,YLR023C,0,-2.7267363,0.1042277067899704,0.9940119981765747,0.8561712503433228
YHR185C,YOR117W,0,-2.7279792,0.1042168065905571,0.9940119981765747,0.8562712669372559
YLR201C,YHR143W-A,0,-2.7287583,0.1042058989405632,0.9940119981765747,0.856371283531189
YLL053C,YJL209W,0,-2.7291398,0.1041949987411499,0.9940119981765747,0.8564713001251221
YFL053W,YLR376C,0,-2.7292988,0.1041840985417366,0.9940119981765747,0.8565713167190552
YLR097C,YCL066W,0,-2.7298918,0.1041732057929039,0.9940119981765747,0.8566713333129883
YER123W,YDR224C,0,-2.73006,0.1041623055934906,0.9940119981765747,0.8567713499069214
YPL202C,YBR286W,0,-2.7303443,0.1041514202952385,0.9940119981765747,0.8568713665008545
YDR408C,YMR101C,0,-2.73342,0.10414052754640579,0.9940119981765747,0.8569713830947876
YKL071W,YDR160W,0,-2.7336519,0.10412964224815369,0.9940119981765747,0.8570713996887207
YDR511W,YLR343W,0,-2.7340696,0.10411875694990158,0.9940119981765747,0.8571714162826538
YMR131C,YIR015W,0,-2.7340832,0.10410787165164948,0.9940119981765747,0.8572714328765869
YPL020C,YEL059C-A,0,-2.7354534,0.10409698635339737,0.9940119981765747,0.85737144947052
YLR276C,YEL016C,0,-2.735908,0.10408610850572586,0.9940119981765747,0.8574714660644531
YDR376W,YGL028C,0,-2.7359972,0.10407523810863495,0.9940119981765747,0.857571542263031
YIL064W,YDL076C,0,-2.7382393,0.10406436026096344,0.9940119981765747,0.8576715588569641
YHL032C,YDR002W,0,-2.7396865,0.10405348986387253,0.9940119981765747,0.8577715754508972
YJL170C,YMR076C,0,-2.7407045,0.10404261946678162,0.9940119981765747,0.8578715920448303
YDL087C,YDR343C,0,-2.741216,0.1040317490696907,0.9940119981765747,0.8579716086387634
YPL183C,YCL026C-A,0,-2.7422197,0.10402088612318039,0.9940119981765747,0.8580716252326965
YNL321W,YCL048W,0,-2.74263,0.10401002317667007,0.9940119981765747,0.8581716418266296
YLL005C,YHR206W,0,-2.7428024,0.10399916768074036,0.9940119981765747,0.8582716584205627
YOL092W,YBR167C,0,-2.7441611,0.10398830473423004,0.9940119981765747,0.8583716750144958
YDL101C,YER039C,0,-2.7444477,0.10397744923830032,0.9940119981765747,0.858471691608429
YLR419W,YKR001C,0,-2.7475877,0.1039665937423706,0.9940119981765747,0.8585717082023621
YJR002W,YBR029C,0,-2.7486284,0.10395574569702148,0.9940119981765747,0.8586717247962952
YBR212W,YLR313C,0,-2.7490416,0.10394489765167236,0.9940119981765747,0.8587717413902283
YJL089W,YER144C,0,-2.7501829,0.10393404960632324,0.9940119981765747,0.8588717579841614
YOL075C,YPR096C,0,-2.7507226,0.10392320901155472,0.9940119981765747,0.8589717745780945
YLR297W,YGR080W,0,-2.7513294,0.1039123609662056,0.9940119981765747,0.8590717911720276
YBR229C,YOL056W,0,-2.752787,0.10390152037143707,0.9940119981765747,0.8591718077659607
YGL251C,YGR192C,0,-2.7535357,0.10389068722724915,0.9940119981765747,0.8592718839645386
YNL072W,YBR299W,0,-2.754312,0.10387984663248062,0.9940119981765747,0.8593719005584717
YMR091C,YKL086W,0,-2.75448,0.1038690134882927,0.9940119981765747,0.8594719171524048
YNL058C,YNR073C,0,-2.7546287,0.10385818779468536,0.9940119981765747,0.8595719337463379
YML101C,YDR216W,0,-2.755022,0.10384735465049744,0.9940119981765747,0.859671950340271
YGR076C,YBR033W,0,-2.7555978,0.1038365289568901,0.9940119981765747,0.8597719669342041
YBR239C,YDR134C,0,-2.7556696,0.10382570326328278,0.9940119981765747,0.8598719835281372
YJR134C,YBR265W,0,-2.7563782,0.10381488502025604,0.9940119981765747,0.8599720001220703
YGR189C,YLR324W,0,-2.7578087,0.10380406677722931,0.9940119981765747,0.8600720167160034
YOL041C,YDR490C,0,-2.7578447,0.10379324853420258,0.9940119981765747,0.8601720333099365
YNR051C,YLL021W,0,-2.7581239,0.10378243029117584,0.9940119981765747,0.8602720499038696
YPL069C,YBR212W,0,-2.7595377,0.1037716194987297,0.9940119981765747,0.8603720664978027
YLR352W,YLR306W,0,-2.7596414,0.10376080870628357,0.9940119981765747,0.8604720830917358
YDR323C,YKR094C,0,-2.7598078,0.10374999791383743,0.9940119981765747,0.860572099685669
YGR026W,YMR135C,0,-2.760668,0.1037391945719719,0.9940119981765747,0.860672116279602
YPL049C,YLR333C,0,-2.761475,0.10372839123010635,0.9940119981765747,0.8607721328735352
YJL165C,YBR087W,0,-2.7623258,0.10371758788824081,0.9940119981765747,0.8608721494674683
YGL243W,YDR307W,0,-2.7624745,0.10370679199695587,0.9940119981765747,0.8609721660614014
YGL179C,YPL144W,0,-2.7628365,0.10369598865509033,0.9940119981765747,0.8610722422599792
YOR004W,YBR289W,0,-2.7628918,0.10368520021438599,0.9940119981765747,0.8611722588539124
YDL004W,YIL019W,0,-2.7631085,0.10367440432310104,0.9940119981765747,0.8612722754478455
YAL008W,YLR446W,0,-2.7634697,0.1036636158823967,0.9940119981765747,0.8613722920417786
YDR018C,YOL126C,0,-2.7637348,0.10365282744169235,0.9940119981765747,0.8614723086357117
YKL006W,YNL058C,0,-2.7659078,0.103642039000988,0.9940119981765747,0.8615723252296448
YMR134W,YKL193C,0,-2.7660265,0.10363125801086426,0.9940119981765747,0.8616723418235779
YCR021C,YOL092W,0,-2.766654,0.10362047702074051,0.9940119981765747,0.861772358417511
YDR234W,YJL180C,0,-2.767847,0.10360969603061676,0.9940119981765747,0.8618723750114441
YPR042C,YDR402C,0,-2.7684264,0.10359891504049301,0.9940119981765747,0.8619723916053772
YOR018W,YIL171W,0,-2.768545,0.10358814150094986,0.9940119981765747,0.8620724081993103
YOR073W,YGL156W,0,-2.7702627,0.10357736796140671,0.9940119981765747,0.8621724247932434
YGR129W,YBR159W,0,-2.7728496,0.10356660187244415,0.9940119981765747,0.8622724413871765
YDR201W,YOR262W,0,-2.7777572,0.1035558357834816,0.9940119981765747,0.8623724579811096
YIL125W,YOR009W,0,-2.779199,0.10354506969451904,0.9940119981765747,0.8624724745750427
YJL116C,YIR014W,0,-2.7795687,0.10353430360555649,0.9940119981765747,0.8625724911689758
YDL079C,YHR170W,0,-2.7805886,0.10352354496717453,0.9940119981765747,0.8626725077629089
YML019W,YOR344C,0,-2.7820055,0.10351278632879257,0.9940119981765747,0.8627725839614868
YJL051W,YIL070C,0,-2.7845798,0.10350202769041061,0.9940119981765747,0.8628726005554199
YJR121W,YOR295W,0,-2.7847202,0.10349126905202866,0.9940119981765747,0.862972617149353
YML027W,YGR101W,0,-2.7863202,0.1034805178642273,0.9940119981765747,0.8630726337432861
YDR436W,YDL056W,0,-2.7864017,0.10346976667642593,0.9940119981765747,0.8631726503372192
YLR446W,YNR045W,0,-2.7881231,0.10345902293920517,0.9940119981765747,0.8632726669311523
YKR079C,YEL046C,0,-2.7895162,0.1034482792019844,0.9940119981765747,0.8633726835250854
YDR291W,YAL002W,0,-2.7905884,0.10343753546476364,0.9940119981765747,0.8634727001190186
YLR362W,YOR316C,0,-2.7911487,0.10342679172754288,0.9940119981765747,0.8635727167129517
YPR007C,YLR181C,0,-2.791997,0.10341605544090271,0.9940119981765747,0.8636727333068848
YLR128W,YER078C,0,-2.7945352,0.10340531915426254,0.9940119981765747,0.8637727499008179
YAR010C,YOR080W,0,-2.794586,0.10339458286762238,0.9940119981765747,0.863872766494751
YGR220C,YGR283C,0,-2.7947469,0.10338384658098221,0.9940119981765747,0.8639727830886841
YHR157W,YDL222C,0,-2.79543,0.10337311774492264,0.9940119981765747,0.8640727996826172
YLR435W,YMR125W,0,-2.7957568,0.10336238890886307,0.9940119981765747,0.8641728162765503
YER099C,YOR188W,0,-2.7965136,0.1033516675233841,0.9940119981765747,0.8642728328704834
YMR040W,YBR265W,0,-2.7969584,0.10334093868732452,0.9940119981765747,0.8643728494644165
YHR113W,YNL272C,0,-2.7972388,0.10333021730184555,0.9940119981765747,0.8644728660583496
YOR059C,YDL214C,0,-2.7983346,0.10331950336694717,0.9940119981765747,0.8645729422569275
YGL141W,YDR160W,0,-2.7985606,0.1033087819814682,0.9940119981765747,0.8646729588508606
YPR049C,YIR015W,0,-2.8021536,0.10329806804656982,0.9940119981765747,0.8647729754447937
YHR118C,YNL103W,0,-2.8023725,0.10328736156225204,0.9940119981765747,0.8648729920387268
YDL143W,YKL148C,0,-2.8026397,0.10327664762735367,0.9940119981765747,0.8649730086326599
YBR280C,YDR065W,0,-2.8043382,0.10326594114303589,0.9940119981765747,0.865073025226593
YHL028W,YPL168W,0,-2.804659,0.10325523465871811,0.9940119981765747,0.8651730418205261
YGR292W,YLR092W,0,-2.8048332,0.10324453562498093,0.9940119981765747,0.8652730584144592
YMR070W,YKL056C,0,-2.8062108,0.10323382914066315,0.9940119981765747,0.8653730750083923
YIR033W,YGR235C,0,-2.8064542,0.10322313010692596,0.9940119981765747,0.8654730916023254
YJR007W,YLR075W,0,-2.8098187,0.10321243852376938,0.9940119981765747,0.8655731081962585
YDR191W,YGR256W,0,-2.8117192,0.1032017394900322,0.9940119981765747,0.8656731247901917
YOL152W,YPL005W,0,-2.8118222,0.10319104790687561,0.9940119981765747,0.8657731413841248
YJL078C,YLR403W,0,-2.812361,0.10318035632371902,0.9940119981765747,0.8658731579780579
YJL113W,YPL269W,0,-2.8145661,0.10316967219114304,0.9940119981765747,0.865973174571991
YMR134W,YBR033W,0,-2.8149676,0.10315898805856705,0.9940119981765747,0.8660731911659241
YDR447C,YPL209C,0,-2.8153117,0.10314830392599106,0.9940119981765747,0.8661732077598572
YIL127C,YHR166C,0,-2.8160353,0.10313761979341507,0.9940119981765747,0.8662732839584351
YDR123C,YDR441C,0,-2.8164837,0.10312694311141968,0.9940119981765747,0.8663733005523682
YJR097W,YGR287C,0,-2.8174956,0.10311626642942429,0.9940119981765747,0.8664733171463013
YNR036C,YOR182C,0,-2.8176765,0.1031055897474289,0.9940119981765747,0.8665733337402344
YBL082C,YDL235C,0,-2.8182933,0.1030949205160141,0.9940119981765747,0.8666733503341675
YBR139W,YML054C,0,-2.8184962,0.1030842512845993,0.9940119981765747,0.8667733669281006
YAR007C,YLR194C,0,-2.8187914,0.10307358205318451,0.9940119981765747,0.8668733835220337
YIL064W,YLR388W,0,-2.8190818,0.10306291282176971,0.9940119981765747,0.8669734001159668
YLR408C,YOR211C,0,-2.8226519,0.10305225104093552,0.9940119981765747,0.8670734167098999
YML011C,YJL098W,0,-2.8252482,0.10304158926010132,0.9940119981765747,0.867173433303833
YAL058W,YJL157C,0,-2.8253007,0.10303092747926712,0.9940119981765747,0.8672734498977661
YGL029W,YKL192C,0,-2.8262362,0.10302027314901352,0.9940119981765747,0.8673734664916992
YNL191W,YPL038W,0,-2.8265083,0.10300961881875992,0.9940119981765747,0.8674734830856323
YNL191W,YMR040W,0,-2.8273792,0.10299896448850632,0.9940119981765747,0.8675734996795654
YDR251W,YPR178W,0,-2.827465,0.10298831760883331,0.9940119981765747,0.8676735162734985
YPL133C,YGL231C,0,-2.827551,0.10297767072916031,0.9940119981765747,0.8677735328674316
YPL283C,YBR298C,0,-2.8283854,0.1029670238494873,0.9940119981765747,0.8678735494613647
YKL183W,YMR162C,0,-2.8284554,0.1029563769698143,0.9940119981765747,0.8679735660552979
YPL281C,YBR213W,0,-2.8285012,0.1029457375407219,0.9940119981765747,0.8680736422538757
YJL179W,YNL197C,0,-2.8286276,0.10293509811162949,0.9940119981765747,0.8681736588478088
YDR117C,YPL171C,0,-2.8295474,0.10292445868253708,0.9940119981765747,0.8682736754417419
YBL036C,YJR098C,0,-2.829646,0.10291382670402527,0.9940119981765747,0.868373692035675
YNR047W,YHR090C,0,-2.8307767,0.10290319472551346,0.9940119981765747,0.8684737086296082
YKL073W,YGL099W,0,-2.8308299,0.10289256274700165,0.9940119981765747,0.8685737252235413
YGL106W,YJL113W,0,-2.8315501,0.10288193076848984,0.9940119981765747,0.8686737418174744
YJR150C,YCR063W,0,-2.834456,0.10287130624055862,0.9940119981765747,0.8687737584114075
YER177W,YLR102C,0,-2.8356428,0.10286068171262741,0.9940119981765747,0.8688737750053406
YOR141C,YDL067C,0,-2.8384805,0.1028500646352768,0.9940119981765747,0.8689737915992737
YPL249C-A,YJR027W,0,-2.8407338,0.10283944010734558,0.9940119981765747,0.8690738081932068
YMR040W,YLR382C,0,-2.843448,0.10282882302999496,0.9940119981765747,0.8691738247871399
YNL190W,YGR071C,0,-2.8438907,0.10281821340322495,0.9940119981765747,0.869273841381073
YBL047C,YKL029C,0,-2.8449082,0.10280759632587433,0.9940119981765747,0.8693738579750061
YGR202C,YGR205W,0,-2.84518,0.10279698669910431,0.9940119981765747,0.8694738745689392
YOL061W,YJR022W,0,-2.8455734,0.10278637707233429,0.9940119981765747,0.8695738911628723
YHR023W,YOR384W,0,-2.845593,0.10277577489614487,0.9940119981765747,0.8696739077568054
YPL159C,YBR073W,0,-2.8467278,0.10276516526937485,0.9940119981765747,0.8697739839553833
YML082W,YIL127C,0,-2.8468542,0.10275456309318542,0.9940119981765747,0.8698740005493164
YEL005C,YIL019W,0,-2.848095,0.1027439683675766,0.9940119981765747,0.8699740171432495
YLR223C,YML075C,0,-2.8488913,0.10273336619138718,0.9940119981765747,0.8700740337371826
YLR116W,YNR075W,0,-2.8493052,0.10272277146577835,0.9940119981765747,0.8701740503311157
YGL016W,YNL191W,0,-2.8494513,0.10271217674016953,0.9940119981765747,0.8702740669250488
YJL123C,YHL044W,0,-2.849513,0.1027015894651413,0.9940119981765747,0.8703740835189819
YKR081C,YNL289W,0,-2.8511086,0.10269100219011307,0.9940119981765747,0.870474100112915
YDR119W,YIL067C,0,-2.8519645,0.10268041491508484,0.9940119981765747,0.8705741167068481
YBL008W,YLR369W,0,-2.8520389,0.10266982764005661,0.9940119981765747,0.8706741333007812
YHL028W,YMR134W,0,-2.8522224,0.10265924781560898,0.9940119981765747,0.8707741498947144
YPL138C,YDL130W-A,0,-2.8530362,0.10264866799116135,0.9940119981765747,0.8708741664886475
YIR033W,YKL155C,0,-2.8541148,0.10263808816671371,0.9940119981765747,0.8709741830825806
YBR065C,YLR356W,0,-2.8547552,0.10262750834226608,0.9940119981765747,0.8710741996765137
YOR266W,YDL012C,0,-2.8548198,0.10261693596839905,0.9940119981765747,0.8711742162704468
YOR358W,YIL099W,0,-2.8556232,0.10260636359453201,0.9940119981765747,0.8712742328643799
YJR009C,YAL032C,0,-2.856076,0.10259579867124557,0.9940119981765747,0.871374249458313
YDR531W,YFL062W,0,-2.8568206,0.10258523374795914,0.9940119981765747,0.8714742660522461
YDR234W,YNL149C,0,-2.8582342,0.1025746688246727,0.9940119981765747,0.871574342250824
YBL097W,YDL115C,0,-2.8588195,0.10256410390138626,0.9940119981765747,0.8716743588447571
YMR081C,YJL118W,0,-2.8607736,0.10255353897809982,0.9940119981765747,0.8717743754386902
YIL038C,YHR090C,0,-2.8614244,0.10254298150539398,0.9940119981765747,0.8718743920326233
YOL027C,YPL280W,0,-2.863992,0.10253242403268814,0.9940119981765747,0.8719744086265564
YKL010C,YPL015C,0,-2.8642294,0.1025218740105629,0.9940119981765747,0.8720744252204895
YPL040C,YCL033C,0,-2.8644738,0.10251132398843765,0.9940119981765747,0.8721744418144226
YER063W,YPL232W,0,-2.8655615,0.10250077396631241,0.9940119981765747,0.8722744584083557
YNR054C,YLR176C,0,-2.8656523,0.10249022394418716,0.9940119981765747,0.8723744750022888
YEL055C,YGL222C,0,-2.8669226,0.10247968137264252,0.9940119981765747,0.8724744915962219
YHL021C,YEL020C,0,-2.8684525,0.10246913880109787,0.9940119981765747,0.872574508190155
YPL092W,YNL245C,0,-2.869214,0.10245859622955322,0.9940119981765747,0.8726745247840881
YLR116W,YBR233W-A,0,-2.8710508,0.10244805365800858,0.9940119981765747,0.8727745413780212
YPR098C,YJL145W,0,-2.8738136,0.10243751853704453,0.9940119981765747,0.8728745579719543
YHL024W,YBR101C,0,-2.8748488,0.10242698341608047,0.9940119981765747,0.8729745745658875
YLR014C,YBR181C,0,-2.8757086,0.10241645574569702,0.9940119981765747,0.8730745911598206
YLR372W,YOR344C,0,-2.8758042,0.10240592062473297,0.9940119981765747,0.8731746077537537
YNL213C,YGL053W,0,-2.877169,0.10239539295434952,0.9940119981765747,0.8732746839523315
YDL161W,YDL129W,0,-2.8776665,0.10238486528396606,0.9940119981765747,0.8733747005462646
YOR037W,YHR019C,0,-2.8782377,0.10237434506416321,0.9940119981765747,0.8734747171401978
YOL096C,YOR228C,0,-2.8782682,0.10236382484436035,0.9940119981765747,0.8735747337341309
YDR239C,YLR240W,0,-2.8783994,0.1023533046245575,0.9940119981765747,0.873674750328064
YDR118W,YIR033W,0,-2.8786435,0.10234278440475464,0.9940119981765747,0.8737747669219971
YML045W,YDL017W,0,-2.8788414,0.10233227163553238,0.9940119981765747,0.8738747835159302
YIL127C,YJL116C,0,-2.8838286,0.10232175886631012,0.9940119981765747,0.8739748001098633
YBL101C,YNL254C,0,-2.8858075,0.10231124609708786,0.9940119981765747,0.8740748167037964
YLR190W,YKR075C,0,-2.886782,0.1023007407784462,0.9940119981765747,0.8741748332977295
YMR183C,YDR252W,0,-2.887329,0.10229023545980453,0.9940119981765747,0.8742748498916626
YBR044C,YER120W,0,-2.8880079,0.10227973014116287,0.9940119981765747,0.8743748664855957
YLR132C,YOL020W,0,-2.888249,0.10226922482252121,0.9940119981765747,0.8744748830795288
YOR246C,YLL006W,0,-2.8883343,0.10225872695446014,0.9940119981765747,0.8745748996734619
YDR320C,YNR032C-A,0,-2.8892105,0.10224822908639908,0.9940119981765747,0.874674916267395
YOR339C,YHL038C,0,-2.8895726,0.10223773121833801,0.9940119981765747,0.8747749328613281
YLR226W,YDR312W,0,-2.8898106,0.10222724080085754,0.9940119981765747,0.8748749494552612
YPR098C,YKL137W,0,-2.8899622,0.10221675038337708,0.9940119981765747,0.8749749660491943
YNL229C,YCL020W,0,-2.8906016,0.1022062599658966,0.9940119981765747,0.8750750422477722
YJL035C,YLR010C,0,-2.89078,0.10219576954841614,0.9940119981765747,0.8751750588417053
YNL002C,YNR039C,0,-2.8929443,0.10218528658151627,0.9940119981765747,0.8752750754356384
YBR228W,YAL043C,0,-2.8994625,0.1021748036146164,0.9940119981765747,0.8753750920295715
YKL089W,YGL073W,0,-2.899807,0.10216432809829712,0.9940119981765747,0.8754751086235046
YFR049W,YML040W,0,-2.9024358,0.10215384513139725,0.9940119981765747,0.8755751252174377
YAL042W,YCR023C,0,-2.9026742,0.10214336961507797,0.9940119981765747,0.8756751418113708
YJL160C,YPL126W,0,-2.903709,0.1021328940987587,0.9940119981765747,0.875775158405304
YKL028W,YBL066C,0,-2.9051766,0.10212242603302002,0.9940119981765747,0.8758751749992371
YDL144C,YPR118W,0,-2.9053545,0.10211195051670074,0.9940119981765747,0.8759751915931702
YDR395W,YJR059W,0,-2.9078326,0.10210148990154266,0.9940119981765747,0.8760752081871033
YMR282C,YNL045W,0,-2.9092102,0.10209102183580399,0.9940119981765747,0.8761752247810364
YDL003W,YBR299W,0,-2.9094958,0.1020805612206459,0.9940119981765747,0.8762752413749695
YJR143C,YKL201C,1,-2.9099007,0.10217257589101791,0.9950099587440491,0.8762752413749695
YOL012C,YIL122W,0,-2.9115915,0.10216210782527924,0.9950099587440491,0.8763752579689026
YOR256C,YDR365C,0,-2.9127808,0.10215163975954056,0.9950099587440491,0.8764752745628357
YOL092W,YJR027W,0,-2.9131658,0.10214117169380188,0.9950099587440491,0.8765752911567688
YGL136C,YJL127C,0,-2.9148805,0.1021307110786438,0.9950099587440491,0.8766753077507019
YPL059W,YHR122W,0,-2.9150062,0.10212025046348572,0.9950099587440491,0.8767753839492798
YOL092W,YCL026C-A,0,-2.9192986,0.10210978984832764,0.9950099587440491,0.8768754005432129
YMR040W,YLR272C,0,-2.919411,0.10209933668375015,0.9950099587440491,0.876975417137146
YOR155C,YNL156C,0,-2.9199533,0.10208887606859207,0.9950099587440491,0.8770754337310791
YIL130W,YJR015W,0,-2.9210591,0.10207843035459518,0.9950099587440491,0.8771754503250122
YLR222C,YLL042C,0,-2.9215353,0.1020679771900177,0.9950099587440491,0.8772754669189453
YLR297W,YKL052C,0,-2.922027,0.10205753147602081,0.9950099587440491,0.8773754835128784
YLL032C,YDR522C,0,-2.9226794,0.10204708576202393,0.9950099587440491,0.8774755001068115
YJL210W,YGL130W,0,-2.9243665,0.10203664004802704,0.9950099587440491,0.8775755167007446
YCL068C,YIL162W,0,-2.924513,0.10202619433403015,0.9950099587440491,0.8776755332946777
YKR009C,YKL006C-A,0,-2.9248462,0.10201575607061386,0.9950099587440491,0.8777755498886108
YPL120W,YPL224C,0,-2.9260411,0.10200531780719757,0.9950099587440491,0.877875566482544
YER030W,YPL256C,0,-2.9265661,0.10199488699436188,0.9950099587440491,0.877975583076477
YKL005C,YNL128W,0,-2.9282117,0.10198444873094559,0.9950099587440491,0.8780755996704102
YMR293C,YNL030W,0,-2.9285357,0.1019740179181099,0.9950099587440491,0.8781756162643433
YLR017W,YML111W,0,-2.9303007,0.1019635945558548,0.9950099587440491,0.8782756328582764
YGR129W,YGL084C,0,-2.9314709,0.1019531637430191,0.9950099587440491,0.8783756494522095
YJL148W,YJL216C,0,-2.9317489,0.10194274038076401,0.9950099587440491,0.8784756660461426
YDR317W,YJL129C,0,-2.9353495,0.10193231701850891,0.9950099587440491,0.8785757422447205
YDL020C,YFR014C,0,-2.9357953,0.10192189365625381,0.9950099587440491,0.8786757588386536
YPR081C,YML102W,0,-2.936124,0.10191147774457932,0.9950099587440491,0.8787757754325867
YHR138C,YLR399C,0,-2.936545,0.10190106183290482,0.9950099587440491,0.8788757920265198
YPL172C,YGL097W,0,-2.9405212,0.10189064592123032,0.9950099587440491,0.8789758086204529
YDR384C,YMR171C,0,-2.9410434,0.10188023746013641,0.9950099587440491,0.879075825214386
YOR233W,YKL112W,0,-2.9421916,0.10186982899904251,0.9950099587440491,0.8791758418083191
YLR226W,YCR048W,0,-2.943573,0.10185942053794861,0.9950099587440491,0.8792758584022522
YLR225C,YBR126C,0,-2.9449406,0.1018490120768547,0.9950099587440491,0.8793758749961853
YKR042W,YKR029C,0,-2.9452772,0.1018386110663414,0.9950099587440491,0.8794758915901184
YMR040W,YDR166C,0,-2.9467404,0.1018282100558281,0.9950099587440491,0.8795759081840515
YDR178W,YMR128W,0,-2.9522064,0.10181780904531479,0.9950099587440491,0.8796759247779846
YMR223W,YLR126C,0,-2.9523568,0.10180741548538208,0.9950099587440491,0.8797759413719177
YDR087C,YHL050C,0,-2.9524481,0.10179702192544937,0.9950099587440491,0.8798759579658508
YBR110W,YNL014W,0,-2.9551678,0.10178662836551666,0.9950099587440491,0.8799759745597839
YDL115C,YHR150W,0,-2.9555898,0.10177623480558395,0.9950099587440491,0.880075991153717
YDR225W,YDR377W,0,-2.9560905,0.10176584869623184,0.9950099587440491,0.8801760077476501
YHR190W,YOR057W,0,-2.9601796,0.10175546258687973,0.9950099587440491,0.880276083946228
YPL124W,YBR016W,0,-2.9608903,0.10174507647752762,0.9950099587440491,0.8803761005401611
YBL100W-A,YOR136W,0,-2.9621263,0.1017346903681755,0.9950099587440491,0.8804761171340942
YMR131C,YLR283W,0,-2.9627132,0.10172431170940399,0.9950099587440491,0.8805761337280273
YNR051C,YER019W,0,-2.9642148,0.10171393305063248,0.9950099587440491,0.8806761503219604
YOL080C,YHR032W,0,-2.9645154,0.10170356184244156,0.9950099587440491,0.8807761669158936
YDR495C,YLR372W,0,-2.9648902,0.10169318318367004,0.9950099587440491,0.8808761835098267
YBR045C,YHR170W,0,-2.96495,0.10168281197547913,0.9950099587440491,0.8809762001037598
YDR325W,YPL017C,0,-2.9675512,0.1016724482178688,0.9950099587440491,0.8810762166976929
YKR098C,YHR037W,0,-2.9676163,0.10166207700967789,0.9950099587440491,0.881176233291626
YER048C,YNL086W,0,-2.968678,0.10165171325206757,0.9950099587440491,0.8812762498855591
YKL058W,YOL002C,0,-2.9698799,0.10164134949445724,0.9950099587440491,0.8813762664794922
YIL096C,YHR205W,0,-2.9709868,0.10163098573684692,0.9950099587440491,0.8814762830734253
YPL048W,YOL148C,0,-2.9713678,0.1016206294298172,0.9950099587440491,0.8815762996673584
YDR379W,YGL181W,0,-2.9762762,0.10161027312278748,0.9950099587440491,0.8816763162612915
YNR036C,YKL212W,0,-2.9765725,0.10159991681575775,0.9950099587440491,0.8817763328552246
YPR151C,YCR027C,0,-2.977588,0.10158956795930862,0.9950099587440491,0.8818763494491577
YOL123W,YML088W,0,-2.9793644,0.1015792191028595,0.9950099587440491,0.8819763660430908
YPL140C,YER019W,0,-2.979622,0.10156887024641037,0.9950099587440491,0.8820764422416687
YLR121C,YGR140W,0,-2.9807985,0.10155852138996124,0.9950099587440491,0.8821764588356018
YAL068C,YML110C,0,-2.9816155,0.10154817998409271,0.9950099587440491,0.8822764754295349
YKR053C,YAL003W,0,-2.9849758,0.10153783112764359,0.9950099587440491,0.882376492023468
YLR306W,YEL020C,0,-2.9862201,0.10152749717235565,0.9950099587440491,0.8824765086174011
YKL222C,YIL107C,0,-2.9866066,0.10151715576648712,0.9950099587440491,0.8825765252113342
YBR028C,YGL205W,0,-2.9868665,0.10150682181119919,0.9950099587440491,0.8826765418052673
YHL050C,YCL059C,0,-2.9891896,0.10149648785591125,0.9950099587440491,0.8827765583992004
YPL249C-A,YMR311C,0,-2.9897685,0.10148615390062332,0.9950099587440491,0.8828765749931335
YOL092W,YDR393W,0,-2.9909616,0.10147582739591599,0.9950099587440491,0.8829765915870667
YKL183W,YBR069C,0,-2.9915004,0.10146550089120865,0.9950099587440491,0.8830766081809998
YGL134W,YGR067C,0,-2.992219,0.10145517438650131,0.9950099587440491,0.8831766247749329
YOL125W,YDR528W,0,-2.993358,0.10144484788179398,0.9950099587440491,0.883276641368866
YML061C,YOR192C,0,-2.9957082,0.10143452882766724,0.9950099587440491,0.8833766579627991
YER075C,YCL033C,0,-2.9975986,0.1014242097735405,0.9950099587440491,0.8834766745567322
YLR247C,YNL116W,0,-2.99786,0.10141389816999435,0.9950099587440491,0.8835766911506653
YNL181W,YHR001W,0,-2.9980793,0.10140357911586761,0.9950099587440491,0.8836767077445984
YPR185W,YLL062C,0,-2.9982872,0.10139326751232147,0.9950099587440491,0.8837767839431763
YJR048W,YCL051W,0,-3.0002532,0.10138295590877533,0.9950099587440491,0.8838768005371094
YPL026C,YBR265W,0,-3.0005002,0.10137265175580978,0.9950099587440491,0.8839768171310425
YIL064W,YNL091W,0,-3.0008812,0.10136234015226364,0.9950099587440491,0.8840768337249756
YDR018C,YGR295C,0,-3.0027432,0.1013520359992981,0.9950099587440491,0.8841768503189087
YCL068C,YDR354W,0,-3.0036705,0.10134173929691315,0.9950099587440491,0.8842768669128418
YBL097W,YGL096W,0,-3.0040455,0.1013314351439476,0.9950099587440491,0.8843768835067749
YDR322C-A,YNL041C,0,-3.0047202,0.10132113844156265,0.9950099587440491,0.884476900100708
YGR002C,YDR331W,0,-3.0054297,0.1013108417391777,0.9950099587440491,0.8845769166946411
YIL156W,YDR365C,0,-3.0057378,0.10130054503679276,0.9950099587440491,0.8846769332885742
YGR002C,YNL037C,0,-3.0083342,0.1012902557849884,0.9950099587440491,0.8847769498825073
YDL211C,YLR010C,0,-3.0087569,0.10127996653318405,0.9950099587440491,0.8848769664764404
YAL061W,YDR394W,0,-3.0100257,0.1012696772813797,0.9950099587440491,0.8849769830703735
YOL017W,YOR077W,0,-3.0152469,0.10125939548015594,0.9950099587440491,0.8850769996643066
YOR086C,YLR240W,0,-3.0182748,0.10124911367893219,0.9950099587440491,0.8851770162582397
YLR017W,YIR015W,0,-3.0201273,0.10123883187770844,0.9950099587440491,0.8852770328521729
YOR236W,YDR115W,0,-3.0204768,0.10122855007648468,0.9950099587440491,0.885377049446106
YKL056C,YNL059C,0,-3.0227456,0.10121827572584152,0.9950099587440491,0.8854770660400391
YAL021C,YML037C,0,-3.0228753,0.10120800137519836,0.9950099587440491,0.8855771422386169
YLR143W,YMR017W,0,-3.0243278,0.1011977270245552,0.9950099587440491,0.88567715883255
YBL090W,YOR096W,0,-3.0258949,0.10118745267391205,0.9950099587440491,0.8857771754264832
YOR255W,YER003C,0,-3.0260866,0.10117718577384949,0.9950099587440491,0.8858771920204163
YOR328W,YJL209W,0,-3.0285351,0.10116691887378693,0.9950099587440491,0.8859772086143494
YKR067W,YGL196W,0,-3.0297415,0.10115665942430496,0.9950099587440491,0.8860772252082825
YGL029W,YPR071W,0,-3.0306306,0.1011463925242424,0.9950099587440491,0.8861772418022156
YGR278W,YLL010C,0,-3.0311065,0.10113613307476044,0.9950099587440491,0.8862772583961487
YOR339C,YOR328W,0,-3.0311508,0.10112587362527847,0.9950099587440491,0.8863772749900818
YPR192W,YDR127W,0,-3.033744,0.1011156216263771,0.9950099587440491,0.8864772915840149
YPL262W,YLR185W,0,-3.0351512,0.10110536217689514,0.9950099587440491,0.886577308177948
YMR156C,YOR330C,0,-3.036082,0.10109511017799377,0.9950099587440491,0.8866773247718811
YGR189C,YML118W,0,-3.036567,0.101084865629673,0.9950099587440491,0.8867773413658142
YPL069C,YMR232W,0,-3.037232,0.10107461363077164,0.9950099587440491,0.8868773579597473
YBR029C,YNL322C,0,-3.0376182,0.10106436908245087,0.9950099587440491,0.8869773745536804
YBR290W,YOR328W,0,-3.0384192,0.1010541245341301,0.9950099587440491,0.8870773911476135
YHR191C,YML114C,0,-3.039544,0.10104387998580933,0.9950099587440491,0.8871774077415466
YER025W,YDL210W,0,-3.041103,0.10103364288806915,0.9950099587440491,0.8872774839401245
YGL033W,YJL111W,0,-3.0414395,0.10102340579032898,0.9950099587440491,0.8873775005340576
YCL066W,YDR465C,0,-3.0427547,0.1010131686925888,0.9950099587440491,0.8874775171279907
YHR080C,YER178W,0,-3.0452142,0.10100293904542923,0.9950099587440491,0.8875775337219238
YLR154C,YIL160C,0,-3.0471442,0.10099270939826965,0.9950099587440491,0.8876775503158569
YOL002C,YOR381W,0,-3.0475912,0.10098247975111008,0.9950099587440491,0.88777756690979
YMR223W,YPL001W,0,-3.048835,0.1009722501039505,0.9950099587440491,0.8878775835037231
YMR164C,YGL039W,0,-3.048862,0.10096202790737152,0.9950099587440491,0.8879776000976562
YGR103W,YHL006C,0,-3.0489783,0.10095180571079254,0.9950099587440491,0.8880776166915894
YHL002W,YKR018C,0,-3.0495543,0.10094158351421356,0.9950099587440491,0.8881776332855225
YBR166C,YBL051C,0,-3.0504909,0.10093136131763458,0.9950099587440491,0.8882776498794556
YGL229C,YIR014W,0,-3.0513926,0.1009211465716362,0.9950099587440491,0.8883776664733887
YMR056C,YIL103W,0,-3.053078,0.10091093182563782,0.9950099587440491,0.8884776830673218
YJR019C,YHR157W,0,-3.054505,0.10090071707963943,0.9950099587440491,0.8885776996612549
YDR322W,YHR176W,0,-3.055244,0.10089050978422165,0.9950099587440491,0.888677716255188
YOL020W,YNL311C,0,-3.0565832,0.10088030248880386,0.9950099587440491,0.8887777328491211
YJL041W,YOR381W,0,-3.05802,0.10087009519338608,0.9950099587440491,0.8888777494430542
YLL038C,YHR122W,0,-3.0591202,0.10085988789796829,0.9950099587440491,0.8889777660369873
YDL025C,YHL022C,0,-3.0610037,0.1008496880531311,0.9950099587440491,0.8890778422355652
YLR451W,YKR045C,0,-3.0643759,0.10083948820829391,0.9950099587440491,0.8891778588294983
YHR178W,YPL176C,0,-3.0651767,0.10082928836345673,0.9950099587440491,0.8892778754234314
YBR297W,YMR076C,0,-3.065654,0.10081908851861954,0.9950099587440491,0.8893778920173645
YGR262C,YMR271C,0,-3.066226,0.10080889612436295,0.9950099587440491,0.8894779086112976
YOL088C,YKR104W,0,-3.066935,0.10079870373010635,0.9950099587440491,0.8895779252052307
YJL048C,YBL018C,0,-3.0679631,0.10078851878643036,0.9950099587440491,0.8896779417991638
YPL018W,YNL129W,0,-3.068151,0.10077832639217377,0.9950099587440491,0.8897779583930969
YKR092C,YMR256C,0,-3.068197,0.10076814144849777,0.9950099587440491,0.88987797498703
YPL195W,YNR043W,0,-3.0690837,0.10075795650482178,0.9950099587440491,0.8899779915809631
YNR038W,YOL058W,0,-3.0694222,0.10074777901172638,0.9950099587440491,0.8900780081748962
YIL130W,YGR121C,0,-3.0739508,0.10073759406805038,0.9950099587440491,0.8901780247688293
YLR356W,YGL005C,0,-3.074843,0.10072741657495499,0.9950099587440491,0.8902780413627625
YHR036W,YHR171W,0,-3.07487,0.10071724653244019,0.9950099587440491,0.8903780579566956
YGL147C,YPL173W,0,-3.0774188,0.10070706903934479,0.9950099587440491,0.8904780745506287
YER025W,YOR344C,0,-3.0780172,0.10069689899682999,0.9950099587440491,0.8905780911445618
YJR056C,YHL019C,0,-3.0783925,0.10068672895431519,0.9950099587440491,0.8906781077384949
YMR287C,YHR046C,0,-3.0788345,0.10067656636238098,0.9950099587440491,0.8907781839370728
YOR384W,YMR011W,0,-3.079185,0.10066639631986618,0.9950099587440491,0.8908782005310059
YJR113C,YLR038C,0,-3.0792446,0.10065623372793198,0.9950099587440491,0.890978217124939
YDR101C,YPR070W,0,-3.0802236,0.10064607113599777,0.9950099587440491,0.8910782337188721
YIL112W,YAL061W,0,-3.0803766,0.10063591599464417,0.9950099587440491,0.8911782503128052
YGR174C,YOR047C,0,-3.0807147,0.10062575340270996,0.9950099587440491,0.8912782669067383
YLR307W,YGL179C,0,-3.0836167,0.10061559826135635,0.9950099587440491,0.8913782835006714
YKL084W,YDR536W,0,-3.0846307,0.10060545057058334,0.9950099587440491,0.8914783000946045
YIL109C,YHR122W,0,-3.0856893,0.10059529542922974,0.9950099587440491,0.8915783166885376
YML081W,YOR178C,0,-3.086894,0.10058514773845673,0.9950099587440491,0.8916783332824707
YLR315W,YEL061C,0,-3.0895386,0.10057500004768372,0.9950099587440491,0.8917783498764038
YOR341W,YNL146W,0,-3.0896583,0.1005648598074913,0.9950099587440491,0.8918783664703369
YIL156W,YDR465C,0,-3.0913498,0.10055471211671829,0.9950099587440491,0.89197838306427
YKL049C,YNL086W,0,-3.0924022,0.10054457187652588,0.9950099587440491,0.8920783996582031
YDL003W,YOR193W,0,-3.09256,0.10053443908691406,0.9950099587440491,0.8921784162521362
YOL029C,YIL111W,0,-3.0948067,0.10052429884672165,0.9950099587440491,0.8922784328460693
YOL072W,YEL024W,0,-3.0948126,0.10051416605710983,0.9950099587440491,0.8923784494400024
YDR503C,YDR266C,0,-3.0985637,0.10050403326749802,0.9950099587440491,0.8924784660339355
YOL017W,YLL013C,0,-3.098908,0.1004939004778862,0.9950099587440491,0.8925785422325134
YHR003C,YDR210W,0,-3.0994325,0.10048377513885498,0.9950099587440491,0.8926785588264465
YJL078C,YFR040W,0,-3.1010811,0.10047364979982376,0.9950099587440491,0.8927785754203796
YKR080W,YDL201W,0,-3.103467,0.10046352446079254,0.9950099587440491,0.8928785920143127
YPL232W,YER167W,0,-3.1053452,0.10045339912176132,0.9950099587440491,0.8929786086082458
YGR166W,YDR004W,0,-3.1054451,0.1004432812333107,0.9950099587440491,0.893078625202179
YOL044W,YBR152W,0,-3.105984,0.10043316334486008,0.9950099587440491,0.8931786417961121
YCR018C,YHR165C,0,-3.1073656,0.10042304545640945,0.9950099587440491,0.8932786583900452
YIL157C,YDR216W,0,-3.1079984,0.10041293501853943,0.9950099587440491,0.8933786749839783
YOR236W,YOL152W,0,-3.1085372,0.1004028171300888,0.9950099587440491,0.8934786915779114
YPL258C,YOL133W,0,-3.1123595,0.10039270669221878,0.9950099587440491,0.8935787081718445
YKL100C,YFR025C,0,-3.1130478,0.10038260370492935,0.9950099587440491,0.8936787247657776
YDL064W,YHR122W,0,-3.117725,0.10037249326705933,0.9950099587440491,0.8937787413597107
YNL103W,YBR127C,0,-3.118204,0.1003623902797699,0.9950099587440491,0.8938787579536438
YAR066W,YCL051W,0,-3.1199813,0.10035228729248047,0.9950099587440491,0.8939787745475769
YLR304C,YOL139C,0,-3.120544,0.10034219175577164,0.9950099587440491,0.89407879114151
YBL021C,YOR192C,0,-3.1225855,0.10033208876848221,0.9950099587440491,0.8941788077354431
YLR022C,YLR337C,0,-3.124001,0.10032199323177338,0.9950099587440491,0.894278883934021
YCR072C,YOR156C,0,-3.1255958,0.10031190514564514,0.9950099587440491,0.8943789005279541
YHR110W,YLR419W,0,-3.1257102,0.10030180960893631,0.9950099587440491,0.8944789171218872
YLR147C,YFR034C,0,-3.1269898,0.10029172152280807,0.9950099587440491,0.8945789337158203
YGL250W,YGL086W,0,-3.13219,0.10028163343667984,0.9950099587440491,0.8946789503097534
YDR485C,YPL246C,0,-3.1343448,0.1002715453505516,0.9950099587440491,0.8947789669036865
YBR189W,YLL057C,0,-3.135221,0.10026146471500397,0.9950099587440491,0.8948789834976196
YPR079W,YIL109C,0,-3.137355,0.10025138407945633,0.9950099587440491,0.8949790000915527
YDR025W,YDR463W,0,-3.1376078,0.10024130344390869,0.9950099587440491,0.8950790166854858
YDL101C,YER028C,0,-3.1378117,0.10023122280836105,0.9950099587440491,0.895179033279419
YDR287W,YMR004W,0,-3.1389582,0.10022114962339401,0.9950099587440491,0.895279049873352
YDR093W,YOR019W,0,-3.1396112,0.10021107643842697,0.9950099587440491,0.8953790664672852
YOR371C,YMR214W,0,-3.1416645,0.10020100325345993,0.9950099587440491,0.8954790830612183
YGR154C,YLR324W,0,-3.1431625,0.10019093751907349,0.9950099587440491,0.8955790996551514
YDL109C,YML107C,0,-3.1432517,0.10018087178468704,0.9950099587440491,0.8956791162490845
YGL063W,YHR099W,0,-3.144404,0.1001708060503006,0.9950099587440491,0.8957791328430176
YOR231W,YBL074C,0,-3.1475992,0.10016074031591415,0.9950099587440491,0.8958791494369507
YGR220C,YJL198W,0,-3.1478083,0.10015067458152771,0.9950099587440491,0.8959792256355286
YDR258C,YBL008W,0,-3.1505432,0.10014061629772186,0.9950099587440491,0.8960792422294617
YNL077W,YPR065W,0,-3.1510925,0.10013055801391602,0.9950099587440491,0.8961792588233948
YMR030W,YOR359W,0,-3.1517506,0.10012050718069077,0.9950099587440491,0.8962792754173279
YDL153C,YIL173W,0,-3.1539764,0.10011045634746552,0.9950099587440491,0.896379292011261
YCR081W,YLR390W-A,0,-3.1539874,0.10010039806365967,0.9950099587440491,0.8964793086051941
YER018C,YHR140W,0,-3.1541264,0.10009035468101501,0.9950099587440491,0.8965793251991272
YOR368W,YER039C,0,-3.1544771,0.10008030384778976,0.9950099587440491,0.8966793417930603
YKR075C,YGR078C,0,-3.1550899,0.10007026046514511,0.9950099587440491,0.8967793583869934
YGL141W,YGL157W,0,-3.156821,0.10006021708250046,0.9950099587440491,0.8968793749809265
YDR288W,YER143W,0,-3.1571095,0.1000501736998558,0.9950099587440491,0.8969793915748596
YDR246W,YOL098C,0,-3.1588488,0.10004013776779175,0.9950099587440491,0.8970794081687927
YBR168W,YDL195W,0,-3.1602178,0.10003010183572769,0.9950099587440491,0.8971794247627258
YDR169C,YJL122W,0,-3.1613133,0.10002006590366364,0.9950099587440491,0.8972794413566589
YNL247W,YEL011W,0,-3.162582,0.10001002997159958,0.9950099587440491,0.897379457950592
YDR011W,YOR381W,0,-3.1627686,0.10000000149011612,0.9950099587440491,0.8974794745445251
YPL140C,YER035W,0,-3.162775,0.09998997300863266,0.9950099587440491,0.8975794911384583
YKL154W,YDR490C,0,-3.1641116,0.0999799445271492,0.9950099587440491,0.8976795077323914
YPR151C,YIL064W,0,-3.1668382,0.09996991604566574,0.9950099587440491,0.8977795839309692
YBR089C-A,YPL106C,0,-3.1680741,0.09995989501476288,0.9950099587440491,0.8978796005249023
YLR081W,YER042W,0,-3.1694832,0.09994987398386002,0.9950099587440491,0.8979796171188354
YLR299W,YKR094C,0,-3.1701858,0.09993985295295715,0.9950099587440491,0.8980796337127686
YLR194C,YNL023C,0,-3.170978,0.09992983937263489,0.9950099587440491,0.8981796503067017
YOR182C,YLR234W,0,-3.171021,0.09991982579231262,0.9950099587440491,0.8982796669006348
YPR005C,YOL067C,0,-3.1717613,0.09990981221199036,0.9950099587440491,0.8983796834945679
YGR192C,YPL133C,0,-3.1738057,0.09989979863166809,0.9950099587440491,0.898479700088501
YDR511W,YIL155C,0,-3.1743245,0.09988979250192642,0.9950099587440491,0.8985797166824341
YJL145W,YNL124W,0,-3.1744604,0.09987978637218475,0.9950099587440491,0.8986797332763672
YJR105W,YJL160C,0,-3.1749072,0.09986978024244308,0.9950099587440491,0.8987797498703003
YMR166C,YLR315W,0,-3.1755102,0.09985977411270142,0.9950099587440491,0.8988797664642334
YBL006C,YKL086W,0,-3.1767325,0.09984977543354034,0.9950099587440491,0.8989797830581665
YPL141C,YDR482C,0,-3.1771884,0.09983977675437927,0.9950099587440491,0.8990797996520996
YPR185W,YOR257W,0,-3.1774044,0.0998297780752182,0.9950099587440491,0.8991798162460327
YHR113W,YDR122W,0,-3.1781423,0.09981978684663773,0.9950099587440491,0.8992798328399658
YML082W,YKL046C,0,-3.1781833,0.09980978816747665,0.9950099587440491,0.8993798494338989
YBR003W,YPL158C,0,-3.1807084,0.09979979693889618,0.9950099587440491,0.8994799256324768
YLR274W,YGL078C,0,-3.183584,0.0997898131608963,0.9950099587440491,0.8995799422264099
YGR154C,YOR128C,0,-3.186423,0.09977982193231583,0.9950099587440491,0.899679958820343
YJR098C,YMR011W,0,-3.1864948,0.09976983815431595,0.9950099587440491,0.8997799754142761
YLR453C,YPL281C,0,-3.1864963,0.09975985437631607,0.9950099587440491,0.8998799920082092
YEL018W,YML066C,0,-3.1866717,0.09974987804889679,0.9950099587440491,0.8999800086021423
YEL060C,YDR117C,0,-3.1867485,0.09973989427089691,0.9950099587440491,0.9000800251960754
YPL204W,YNL321W,0,-3.1876245,0.09972991794347763,0.9950099587440491,0.9001800417900085
YDL025C,YGR224W,0,-3.1885242,0.09971994161605835,0.9950099587440491,0.9002800583839417
YMR257C,YMR323W,0,-3.1892726,0.09970997273921967,0.9950099587440491,0.9003800749778748
YMR116C,YLR135W,0,-3.1910605,0.09969999641180038,0.9950099587440491,0.9004800915718079
YBR239C,YBR236C,0,-3.1915998,0.0996900275349617,0.9950099587440491,0.900580108165741
YNL162W,YBL082C,0,-3.1922505,0.09968006610870361,0.9950099587440491,0.9006801247596741
YLR004C,YHR018C,0,-3.1926024,0.09967009723186493,0.9950099587440491,0.9007801413536072
YOL132W,YKR087C,0,-3.193698,0.09966013580560684,0.9950099587440491,0.9008801579475403
YMR133W,YLR237W,0,-3.1937377,0.09965017437934875,0.9950099587440491,0.9009801745414734
YBR171W,YMR133W,0,-3.1973288,0.09964021295309067,0.9950099587440491,0.9010801911354065
YKR079C,YOL122C,0,-3.1980634,0.09963025897741318,0.9950099587440491,0.9011802077293396
YKL213C,YGR253C,0,-3.1985018,0.09962030500173569,0.9950099587440491,0.9012802839279175
YPL192C,YMR170C,0,-3.2005224,0.0996103510260582,0.9950099587440491,0.9013803005218506
YOR384W,YOR190W,0,-3.200574,0.0996003970503807,0.9950099587440491,0.9014803171157837
YBR204C,YHR094C,0,-3.2008572,0.09959045052528381,0.9950099587440491,0.9015803337097168
YLR131C,YLR015W,0,-3.2012763,0.09958050400018692,0.9950099587440491,0.9016803503036499
YHR113W,YLR288C,0,-3.2021136,0.09957055747509003,0.9950099587440491,0.901780366897583
YPL275W,YHR052W,0,-3.2046795,0.09956061840057373,0.9950099587440491,0.9018803834915161
YIL131C,YOR269W,0,-3.2057726,0.09955067187547684,0.9950099587440491,0.9019804000854492
YAL068C,YOR193W,0,-3.2063131,0.09954073280096054,0.9950099587440491,0.9020804166793823
YML096W,YHR098C,0,-3.2067053,0.09953080117702484,0.9950099587440491,0.9021804332733154
YOR026W,YFR046C,0,-3.2068863,0.09952086210250854,0.9950099587440491,0.9022804498672485
YLR136C,YDL184C,0,-3.2078867,0.09951093047857285,0.9950099587440491,0.9023804664611816
YIL156W,YKL156W,0,-3.209547,0.09950099885463715,0.9950099587440491,0.9024804830551147
YMR305C,YHL016C,0,-3.2114615,0.09949106723070145,0.9950099587440491,0.9025804996490479
YJL174W,YMR163C,0,-3.213491,0.09948114305734634,0.9950099587440491,0.902680516242981
YJL109C,YMR162C,0,-3.2150655,0.09947121888399124,0.9950099587440491,0.9027805328369141
YDR058C,YMR266W,0,-3.2169447,0.09946129471063614,0.9950099587440491,0.9028805494308472
YOL103W,YGR287C,0,-3.21783,0.09945137053728104,0.9950099587440491,0.902980625629425
YDL025C,YHR122W,0,-3.2193437,0.09944145381450653,0.9950099587440491,0.9030806422233582
YCL047C,YAL034W-A,0,-3.2224174,0.09943153709173203,0.9950099587440491,0.9031806588172913
YPR016C,YHR165C,0,-3.2224288,0.09942162036895752,0.9950099587440491,0.9032806754112244
YPR028W,YFL041W,0,-3.223621,0.09941170364618301,0.9950099587440491,0.9033806920051575
YKL135C,YOR201C,0,-3.2243495,0.0994017943739891,0.9950099587440491,0.9034807085990906
YER180C,YIL124W,0,-3.2245302,0.0993918851017952,0.9950099587440491,0.9035807251930237
YPL010W,YNL083W,0,-3.22612,0.09938197582960129,0.9950099587440491,0.9036807417869568
YOR058C,YNL015W,0,-3.2261677,0.09937207400798798,0.9950099587440491,0.9037807583808899
YDR065W,YOR375C,0,-3.2293277,0.09936217218637466,0.9950099587440491,0.903880774974823
YER058W,YPL207W,0,-3.2305422,0.09935227036476135,0.9950099587440491,0.9039807915687561
YML010W,YAL010C,0,-3.2363439,0.09934236854314804,0.9950099587440491,0.9040808081626892
YMR198W,YIL101C,0,-3.2392354,0.09933246672153473,0.9950099587440491,0.9041808247566223
YIL005W,YGR142W,0,-3.2398925,0.09932257235050201,0.9950099587440491,0.9042808413505554
YIL096C,YJL167W,0,-3.241831,0.0993126779794693,0.9950099587440491,0.9043808579444885
YDR456W,YOR348C,0,-3.2421534,0.09930279105901718,0.9950099587440491,0.9044808745384216
YOL119C,YNL041C,0,-3.2425146,0.09929289668798447,0.9950099587440491,0.9045808911323547
YJL216C,YMR128W,0,-3.245152,0.09928300976753235,0.9950099587440491,0.9046809077262878
YGL141W,YJR048W,0,-3.2512915,0.09927312284708023,0.9950099587440491,0.9047809839248657
YGR059W,YLR382C,0,-3.251871,0.09926324337720871,0.9950099587440491,0.9048810005187988
YKL043W,YBR231C,0,-3.2528865,0.09925335645675659,0.9950099587440491,0.9049810171127319
YPR079W,YHR122W,0,-3.2533374,0.09924347698688507,0.9950099587440491,0.905081033706665
YJR150C,YBR158W,0,-3.2542706,0.09923360496759415,0.9950099587440491,0.9051810503005981
YDL129W,YDR437W,0,-3.2544394,0.09922372549772263,0.9950099587440491,0.9052810668945312
YMR225C,YDR406W,0,-3.2567592,0.0992138534784317,0.9950099587440491,0.9053810834884644
YPL123C,YHR124W,0,-3.2570584,0.09920398145914078,0.9950099587440491,0.9054811000823975
YMR177W,YCR105W,0,-3.2570596,0.09919410943984985,0.9950099587440491,0.9055811166763306
YGL016W,YPL135W,0,-3.2579758,0.09918424487113953,0.9950099587440491,0.9056811332702637
YNR069C,YOL019W,0,-3.2586937,0.0991743728518486,0.9950099587440491,0.9057811498641968
YGL191W,YLL021W,0,-3.2595363,0.09916450828313828,0.9950099587440491,0.9058811664581299
YKL017C,YNL093W,0,-3.2599316,0.09915465116500854,0.9950099587440491,0.905981183052063
YBR175W,YDR289C,0,-3.2659764,0.09914478659629822,0.9950099587440491,0.9060811996459961
YDR175C,YDR324C,0,-3.2667072,0.09913492947816849,0.9950099587440491,0.9061812162399292
YGR041W,YKL132C,0,-3.2677648,0.09912507236003876,0.9950099587440491,0.9062812328338623
YHR139C,YKL127W,0,-3.2691336,0.09911522269248962,0.9950099587440491,0.9063812494277954
YGR060W,YOL152W,0,-3.2703266,0.0991053655743599,0.9950099587440491,0.9064813256263733
YLL042C,YDR382W,0,-3.271565,0.09909551590681076,0.9950099587440491,0.9065813422203064
YDR150W,YMR266W,0,-3.271618,0.09908566623926163,0.9950099587440491,0.9066813588142395
YPL069C,YBL066C,0,-3.2738798,0.09907582402229309,0.9950099587440491,0.9067813754081726
YDR500C,YOR339C,0,-3.2757666,0.09906597435474396,0.9950099587440491,0.9068813920021057
YJR093C,YGR071C,0,-3.2779675,0.09905613213777542,0.9950099587440491,0.9069814085960388
YMR135C,YPR178W,0,-3.2783608,0.09904629737138748,0.9950099587440491,0.9070814251899719
YDL188C,YML102W,0,-3.2786562,0.09903645515441895,0.9950099587440491,0.907181441783905
YER166W,YGL044C,0,-3.2801142,0.099026620388031,0.9950099587440491,0.9072814583778381
YDL112W,YER039C,0,-3.2820764,0.09901678562164307,0.9950099587440491,0.9073814749717712
YNL257C,YMR307W,0,-3.2848835,0.09900695085525513,0.9950099587440491,0.9074814915657043
YDR438W,YLR431C,0,-3.2858734,0.09899712353944778,0.9950099587440491,0.9075815081596375
YER038C,YIL124W,0,-3.287151,0.09898728877305984,0.9950099587440491,0.9076815247535706
YOL119C,YOL064C,0,-3.2877955,0.0989774614572525,0.9950099587440491,0.9077815413475037
YPL009C,YDR342C,0,-3.2951636,0.09896764159202576,0.9950099587440491,0.9078815579414368
YAR042W,YJR052W,0,-3.2953987,0.09895781427621841,0.9950099587440491,0.9079815745353699
YMR047C,YGR274C,0,-3.2956896,0.09894799441099167,0.9950099587440491,0.908081591129303
YJR054W,YIR015W,0,-3.2965364,0.09893817454576492,0.9950099587440491,0.9081816077232361
YLR355C,YPL148C,0,-3.2976592,0.09892836213111877,0.9950099587440491,0.908281683921814
YGL067W,YKL107W,0,-3.2996626,0.09891854226589203,0.9950099587440491,0.9083817005157471
YOL117W,YGL231C,0,-3.300552,0.09890872985124588,0.9950099587440491,0.9084817171096802
YKL088W,YHR157W,0,-3.3021402,0.09889891743659973,0.9950099587440491,0.9085817337036133
YJL221C,YLR194C,0,-3.3024282,0.09888911247253418,0.9950099587440491,0.9086817502975464
YMR170C,YDL105W,0,-3.303831,0.09887930005788803,0.9950099587440491,0.9087817668914795
YMR070W,YNL134C,0,-3.3039353,0.09886949509382248,0.9950099587440491,0.9088817834854126
YLR084C,YPL108W,0,-3.3048213,0.09885969012975693,0.9950099587440491,0.9089818000793457
YOR371C,YLL023C,0,-3.3052952,0.09884989261627197,0.9950099587440491,0.9090818166732788
YER038C,YPL280W,0,-3.3062525,0.09884008765220642,0.9950099587440491,0.9091818332672119
YMR201C,YCR009C,0,-3.30652,0.09883029013872147,0.9950099587440491,0.909281849861145
YKR037C,YOR255W,0,-3.3066564,0.09882050007581711,0.9950099587440491,0.9093818664550781
YJR132W,YLR027C,0,-3.3077517,0.09881070256233215,0.9950099587440491,0.9094818830490112
YOR252W,YPL066W,0,-3.3110528,0.0988009124994278,0.9950099587440491,0.9095818996429443
YJL062W,YDR273W,0,-3.312874,0.09879112243652344,0.9950099587440491,0.9096819162368774
YHL017W,YGR138C,0,-3.313057,0.09878133237361908,0.9950099587440491,0.9097819328308105
YER139C,YGL073W,0,-3.315761,0.09877154976129532,0.9950099587440491,0.9098819494247437
YLR266C,YGR080W,0,-3.316626,0.09876175969839096,0.9950099587440491,0.9099820256233215
YGR103W,YPL024W,0,-3.3188875,0.0987519845366478,0.9950099587440491,0.9100820422172546
YCR033W,YGR194C,0,-3.3191156,0.09874220192432404,0.9950099587440491,0.9101820588111877
YOR127W,YDR465C,0,-3.3193326,0.09873241931200027,0.9950099587440491,0.9102820754051208
YGR218W,YHR032W,0,-3.3221247,0.09872264415025711,0.9950099587440491,0.910382091999054
YBR045C,YLR194C,0,-3.3254108,0.09871286898851395,0.9950099587440491,0.9104821085929871
YDR077W,YJL139C,0,-3.3265014,0.09870310127735138,0.9950099587440491,0.9105821251869202
YER180C,YHR046C,0,-3.3269343,0.09869332611560822,0.9950099587440491,0.9106821417808533
YHR178W,YML070W,0,-3.3270483,0.09868355840444565,0.9950099587440491,0.9107821583747864
YKL194C,YDR156W,0,-3.32712,0.09867379069328308,0.9950099587440491,0.9108821749687195
YPL271W,YOR284W,0,-3.3302207,0.09866403043270111,0.9950099587440491,0.9109821915626526
YKL010C,YMR262W,0,-3.3314166,0.09865426272153854,0.9950099587440491,0.9110822081565857
YPR004C,YIR010W,0,-3.3322377,0.09864450246095657,0.9950099587440491,0.9111822247505188
YML087C,YDR515W,0,-3.3329554,0.0986347422003746,0.9950099587440491,0.9112822413444519
YDR314C,YLR284C,0,-3.3348188,0.09862498939037323,0.9950099587440491,0.911382257938385
YNL133C,YDL168W,0,-3.3394647,0.09861522912979126,0.9950099587440491,0.9114822745323181
YPR020W,YOL019W,0,-3.3416896,0.09860547631978989,0.9950099587440491,0.9115822911262512
YKR024C,YNL035C,0,-3.3441691,0.09859573096036911,0.9950099587440491,0.9116823077201843
YML131W,YKL156W,0,-3.3451447,0.09858597815036774,0.9950099587440491,0.9117823839187622
YER078C,YKL120W,0,-3.3473594,0.09857623279094696,0.9950099587440491,0.9118824005126953
YML013W,YBR114W,0,-3.3484993,0.09856648743152618,0.9950099587440491,0.9119824171066284
YJR042W,YOR344C,0,-3.3491511,0.09855674207210541,0.9950099587440491,0.9120824337005615
YPL138C,YJL133W,0,-3.3513741,0.09854699671268463,0.9950099587440491,0.9121824502944946
YLR014C,YMR037C,0,-3.3521972,0.09853725880384445,0.9950099587440491,0.9122824668884277
YKR078W,YGR096W,0,-3.3525715,0.09852752089500427,0.9950099587440491,0.9123824834823608
YDR108W,YLR356W,0,-3.3539085,0.09851778298616409,0.9950099587440491,0.912482500076294
YGL185C,YPL074W,0,-3.354004,0.09850805252790451,0.9950099587440491,0.912582516670227
YNL125C,YPL101W,0,-3.3545017,0.09849832206964493,0.9950099587440491,0.9126825332641602
YLR419W,YPL156C,0,-3.3553472,0.09848859161138535,0.9950099587440491,0.9127825498580933
YIL038C,YAL013W,0,-3.3558407,0.09847886115312576,0.9950099587440491,0.9128825664520264
YOR064C,YMR232W,0,-3.3561578,0.09846913814544678,0.9950099587440491,0.9129825830459595
YMR118C,YNR075W,0,-3.3604991,0.09845941513776779,0.9950099587440491,0.9130825996398926
YML096W,YKL149C,0,-3.3624032,0.0984496921300888,0.9950099587440491,0.9131826162338257
YLR368W,YGL053W,0,-3.362899,0.09843996912240982,0.9950099587440491,0.9132826328277588
YLR158C,YGL125W,0,-3.3636613,0.09843024611473083,0.9950099587440491,0.9133826494216919
YML034W,YHR086W,0,-3.36438,0.09842053055763245,0.9950099587440491,0.9134827256202698
YLR095C,YDR210W,0,-3.3660076,0.09841081500053406,0.9950099587440491,0.9135827422142029
YPR061C,YHR146W,0,-3.3678417,0.09840110689401627,0.9950099587440491,0.913682758808136
YOR078W,YAL062W,0,-3.369721,0.09839139133691788,0.9950099587440491,0.9137827754020691
YMR134W,YLL031C,0,-3.372261,0.09838168323040009,0.9950099587440491,0.9138827919960022
YDR108W,YPL162C,0,-3.3725188,0.0983719751238823,0.9950099587440491,0.9139828085899353
YOL021C,YNL328C,0,-3.3745456,0.0983622744679451,0.9950099587440491,0.9140828251838684
YGR207C,YJL013C,0,-3.376224,0.09835256636142731,0.9950099587440491,0.9141828417778015
YCL026C-A,YER110C,0,-3.377652,0.09834286570549011,0.9950099587440491,0.9142828583717346
YAR009C,YKL125W,0,-3.3788016,0.09833317250013351,0.9950099587440491,0.9143828749656677
YLR119W,YCL011C,0,-3.3809085,0.09832347184419632,0.9950099587440491,0.9144828915596008
YKL112W,YFR016C,0,-3.3809175,0.09831377863883972,0.9950099587440491,0.9145829081535339
YGR086C,YGL028C,0,-3.3826904,0.09830408543348312,0.9950099587440491,0.914682924747467
YNL264C,YPL092W,0,-3.3842254,0.09829439222812653,0.9950099587440491,0.9147829413414001
YFR004W,YGL085W,0,-3.3846517,0.09828469902276993,0.9950099587440491,0.9148829579353333
YHR035W,YLL057C,0,-3.3853369,0.09827501326799393,0.9950099587440491,0.9149829745292664
YJL190C,YPR054W,0,-3.3855233,0.09826532751321793,0.9950099587440491,0.9150829911231995
YDR055W,YDR436W,0,-3.385615,0.09825564175844193,0.9950099587440491,0.9151830077171326
YKL065C,YLR419W,0,-3.3876767,0.09824596345424652,0.9950099587440491,0.9152830839157104
YGR129W,YOL051W,0,-3.388061,0.09823627769947052,0.9950099587440491,0.9153831005096436
YNL288W,YBR050C,0,-3.3901393,0.09822659939527512,0.9950099587440491,0.9154831171035767
YDL124W,YPR118W,0,-3.3902354,0.09821692109107971,0.9950099587440491,0.9155831336975098
YAL041W,YDR273W,0,-3.3906856,0.0982072502374649,0.9950099587440491,0.9156831502914429
YNR075W,YDL082W,0,-3.3920083,0.0981975793838501,0.9950099587440491,0.915783166885376
YOR389W,YOR368W,0,-3.3923175,0.09818790853023529,0.9950099587440491,0.9158831834793091
YDL144C,YDR186C,0,-3.3938143,0.09817823767662048,0.9950099587440491,0.9159832000732422
YIL041W,YDR516C,0,-3.3959312,0.09816856682300568,0.9950099587440491,0.9160832166671753
YDL082W,YDR342C,0,-3.3959522,0.09815890341997147,0.9950099587440491,0.9161832332611084
YLL054C,YKL063C,0,-3.3992133,0.09814924001693726,0.9950099587440491,0.9162832498550415
YIR009W,YGR247W,0,-3.3997622,0.09813958406448364,0.9950099587440491,0.9163832664489746
YEL026W,YLR007W,0,-3.4008207,0.09812992066144943,0.9950099587440491,0.9164832830429077
YPL022W,YDL195W,0,-3.4018018,0.09812026470899582,0.9950099587440491,0.9165832996368408
YOR356W,YJL104W,0,-3.4023943,0.0981106087565422,0.9950099587440491,0.9166833162307739
YGL107C,YHL033C,0,-3.4028225,0.09810095280408859,0.9950099587440491,0.916783332824707
YPL116W,YGR138C,0,-3.4031897,0.09809130430221558,0.9950099587440491,0.9168833494186401
YDL007W,YER160C,0,-3.4050064,0.09808165580034256,0.9950099587440491,0.916983425617218
YDL091C,YLR368W,0,-3.4079273,0.09807200729846954,0.9950099587440491,0.9170834422111511
YLR414C,YGL243W,0,-3.4095397,0.09806235879659653,0.9950099587440491,0.9171834588050842
YNL212W,YHR099W,0,-3.4105854,0.09805271774530411,0.9950099587440491,0.9172834753990173
YBR131W,YJL203W,0,-3.4136162,0.09804306924343109,0.9950099587440491,0.9173834919929504
YLR328W,YKL129C,0,-3.4141455,0.09803342819213867,0.9950099587440491,0.9174835085868835
YLR004C,YNL240C,0,-3.4155884,0.09802379459142685,0.9950099587440491,0.9175835251808167
YBR301W,YNL058C,0,-3.4163656,0.09801415354013443,0.9950099587440491,0.9176835417747498
YAL025C,YIL022W,0,-3.4167838,0.09800451993942261,0.9950099587440491,0.9177835583686829
YKL033W,YPL049C,0,-3.417994,0.09799488633871078,0.9950099587440491,0.917883574962616
YGL039W,YNL128W,0,-3.4194355,0.09798526018857956,0.9950099587440491,0.9179835915565491
YLR318W,YBR102C,0,-3.4212425,0.09797562658786774,0.9950099587440491,0.9180836081504822
YGR033C,YKL063C,0,-3.422081,0.09796600043773651,0.9950099587440491,0.9181836247444153
YKL181W,YDR522C,0,-3.423245,0.09795637428760529,0.9950099587440491,0.9182836413383484
YOR202W,YLR409C,0,-3.4247696,0.09794675558805466,0.9950099587440491,0.9183836579322815
YDL069C,YHR160C,0,-3.427153,0.09793712943792343,0.9950099587440491,0.9184836745262146
YJL097W,YLR308W,0,-3.427477,0.0979275107383728,0.9950099587440491,0.9185836911201477
YBR119W,YML118W,0,-3.4283876,0.09791789203882217,0.9950099587440491,0.9186837077140808
YGL134W,YKL014C,0,-3.4284778,0.09790828078985214,0.9950099587440491,0.9187837839126587
YCR033W,YHR010W,0,-3.4302163,0.09789866209030151,0.9950099587440491,0.9188838005065918
YML027W,YLL042C,0,-3.430634,0.09788905084133148,0.9950099587440491,0.9189838171005249
YNL101W,YKR053C,0,-3.432322,0.09787943959236145,0.9950099587440491,0.919083833694458
YDR022C,YBR214W,0,-3.4340017,0.09786983579397202,0.9950099587440491,0.9191838502883911
YGL222C,YOR133W,0,-3.43432,0.09786022454500198,0.9950099587440491,0.9192838668823242
YDL109C,YDR166C,0,-3.4343913,0.09785062074661255,0.9950099587440491,0.9193838834762573
YPL019C,YHR081W,0,-3.4358058,0.09784101694822311,0.9950099587440491,0.9194839000701904
YFR040W,YBL078C,0,-3.4371004,0.09783142060041428,0.9950099587440491,0.9195839166641235
YDR121W,YGR256W,0,-3.4400585,0.09782182425260544,0.9950099587440491,0.9196839332580566
YIL127C,YLR023C,0,-3.4402084,0.097812220454216,0.9950099587440491,0.9197839498519897
YDL127W,YJR022W,0,-3.4402452,0.09780263155698776,0.9950099587440491,0.9198839664459229
YDR456W,YDR163W,0,-3.4410496,0.09779303520917892,0.9950099587440491,0.919983983039856
YPL281C,YGR188C,0,-3.4412189,0.09778344631195068,0.9950099587440491,0.9200839996337891
YEL020W-A,YFL016C,0,-3.4417377,0.09777385741472244,0.9950099587440491,0.9201840162277222
YCR106W,YML045W,0,-3.44498,0.0977642685174942,0.9950099587440491,0.9202840328216553
YDR532C,YMR251W-A,0,-3.4452813,0.09775467962026596,0.9950099587440491,0.9203840494155884
YOR266W,YKL198C,0,-3.4465613,0.09774509817361832,0.9950099587440491,0.9204841256141663
YAR010C,YJR066W,0,-3.4467003,0.09773551672697067,0.9950099587440491,0.9205841422080994
YMR322C,YIL087C,0,-3.4467702,0.09772593528032303,0.9950099587440491,0.9206841588020325
YHL020C,YOR372C,0,-3.44694,0.09771636128425598,0.9950099587440491,0.9207841753959656
YNL328C,YKL012W,0,-3.448417,0.09770677983760834,0.9950099587440491,0.9208841919898987
YHR088W,YFR016C,0,-3.4499135,0.09769720584154129,0.9950099587440491,0.9209842085838318
YPL079W,YGL125W,0,-3.4505892,0.09768763184547424,0.9950099587440491,0.9210842251777649
YOR236W,YGL160W,0,-3.45146,0.09767806529998779,0.9950099587440491,0.921184241771698
YMR118C,YPL207W,0,-3.4534113,0.09766849875450134,0.9950099587440491,0.9212842583656311
YNR036C,YGL160W,0,-3.4568758,0.0976589247584343,0.9950099587440491,0.9213842749595642
YDR165W,YPL162C,0,-3.4570894,0.09764936566352844,0.9950099587440491,0.9214842915534973
YMR233W,YIL168W,0,-3.4602742,0.09763979911804199,0.9950099587440491,0.9215843081474304
YGL192W,YDR139C,0,-3.4612586,0.09763024002313614,0.9950099587440491,0.9216843247413635
YGR279C,YBR215W,0,-3.4623978,0.09762068092823029,0.9950099587440491,0.9217843413352966
YGR054W,YER019W,0,-3.4664435,0.09761112183332443,0.9950099587440491,0.9218843579292297
YDL143W,YGR209C,0,-3.470877,0.09760156273841858,0.9950099587440491,0.9219843745231628
YER071C,YJR118C,0,-3.4723651,0.09759201109409332,0.9950099587440491,0.922084391117096
YML095C,YHR034C,0,-3.4746733,0.09758245944976807,0.9950099587440491,0.922184407711029
YEL026W,YPL268W,0,-3.4756758,0.09757290780544281,0.9950099587440491,0.9222844839096069
YOR380W,YHR065C,0,-3.4775074,0.09756336361169815,0.9950099587440491,0.92238450050354
YLR390W-A,YLR008C,0,-3.4816287,0.09755381941795349,0.9950099587440491,0.9224845170974731
YLL016W,YDL165W,0,-3.4819188,0.09754427522420883,0.9950099587440491,0.9225845336914062
YPL265W,YNL291C,0,-3.4840376,0.09753473103046417,0.9950099587440491,0.9226845502853394
YDR156W,YAL047C,0,-3.4855738,0.09752518683671951,0.9950099587440491,0.9227845668792725
YLR004C,YNL328C,0,-3.487287,0.09751565009355545,0.9950099587440491,0.9228845834732056
YGR098C,YMR081C,0,-3.4877987,0.09750611335039139,0.9950099587440491,0.9229846000671387
YHL009C,YBR105C,0,-3.4914136,0.09749657660722733,0.9950099587440491,0.9230846166610718
YBL036C,YDR104C,0,-3.494084,0.09748704731464386,0.9950099587440491,0.9231846332550049
YPL130W,YNL177C,0,-3.494437,0.0974775105714798,0.9950099587440491,0.923284649848938
YGL020C,YOL060C,0,-3.495931,0.09746798127889633,0.9950099587440491,0.9233846664428711
YKR046C,YMR221C,0,-3.4987001,0.09745845198631287,0.9950099587440491,0.9234846830368042
YFR031C-A,YOR048C,0,-3.4999208,0.09744893014431,0.9950099587440491,0.9235846996307373
YPR004C,YIL105C,0,-3.5006533,0.09743940830230713,0.9950099587440491,0.9236847162246704
YLR148W,YBR169C,0,-3.502524,0.09742988646030426,0.9950099587440491,0.9237847328186035
YPR188C,YPR192W,0,-3.504106,0.09742036461830139,0.9950099587440491,0.9238847494125366
YFL029C,YBL024W,0,-3.5048134,0.09741084277629852,0.9950099587440491,0.9239848256111145
YMR133W,YDR528W,0,-3.5051289,0.09740132838487625,0.9950099587440491,0.9240848422050476
YKL155C,YIL016W,0,-3.5072503,0.09739181399345398,0.9950099587440491,0.9241848587989807
YPL021W,YOR037W,0,-3.5076885,0.09738229960203171,0.9950099587440491,0.9242848753929138
YDL154W,YLR364W,0,-3.5100846,0.09737279266119003,0.9950099587440491,0.9243848919868469
YOR010C,YLR032W,0,-3.5108461,0.09736327826976776,0.9950099587440491,0.92448490858078
YMR047C,YMR170C,0,-3.5119221,0.09735377132892609,0.9950099587440491,0.9245849251747131
YBR038W,YBR293W,0,-3.5136688,0.09734427183866501,0.9950099587440491,0.9246849417686462
YPR145W,YER127W,0,-3.514402,0.09733476489782333,0.9950099587440491,0.9247849583625793
YCR071C,YGL055W,0,-3.5145516,0.09732526540756226,0.9950099587440491,0.9248849749565125
YCR053W,YMR014W,0,-3.5158257,0.09731576591730118,0.9950099587440491,0.9249849915504456
YJR001W,YDR436W,0,-3.5169249,0.0973062664270401,0.9950099587440491,0.9250850081443787
YKR078W,YIL022W,0,-3.522334,0.09729676693677902,0.9950099587440491,0.9251850247383118
YNL275W,YJL036W,0,-3.524622,0.09728727489709854,0.9950099587440491,0.9252850413322449
YJR160C,YJR139C,0,-3.5260353,0.09727778285741806,0.9950099587440491,0.925385057926178
YLR453C,YJR043C,0,-3.5287251,0.09726829081773758,0.9950099587440491,0.9254850745201111
YPL056C,YNR001C,0,-3.534799,0.0972588062286377,0.9950099587440491,0.9255850911140442
YNL221C,YLR110C,0,-3.5348117,0.09724931418895721,0.9950099587440491,0.9256851077079773
YML023C,YGR109C,0,-3.5356803,0.09723982959985733,0.9950099587440491,0.9257851839065552
YNL190W,YDR101C,0,-3.5365586,0.09723035246133804,0.9950099587440491,0.9258852005004883
YNR032W,YPL009C,0,-3.5383613,0.09722086787223816,0.9950099587440491,0.9259852170944214
YLR077W,YCR043C,0,-3.5388482,0.09721139073371887,0.9950099587440491,0.9260852336883545
YJR091C,YNL061W,0,-3.541216,0.09720191359519958,0.9950099587440491,0.9261852502822876
YPR066W,YBR073W,0,-3.5423102,0.0971924364566803,0.9950099587440491,0.9262852668762207
YER065C,YPL169C,0,-3.5444353,0.09718295931816101,0.9950099587440491,0.9263852834701538
YBR139W,YDL108W,0,-3.5501823,0.09717348963022232,0.9950099587440491,0.9264853000640869
YFR055W,YFL041W,0,-3.5504985,0.09716401994228363,0.9950099587440491,0.92658531665802
YPL068C,YDL049C,0,-3.5511804,0.09715455025434494,0.9950099587440491,0.9266853332519531
YGL192W,YMR195W,0,-3.5514822,0.09714508056640625,0.9950099587440491,0.9267853498458862
YBR298C,YKL046C,0,-3.5544646,0.09713561832904816,0.9950099587440491,0.9268853664398193
YIL096C,YDR466W,0,-3.554731,0.09712615609169006,0.9950099587440491,0.9269853830337524
YHR201C,YIL171W,0,-3.5565405,0.09711669385433197,0.9950099587440491,0.9270853996276855
YBR235W,YGL125W,0,-3.5570936,0.09710723906755447,0.9950099587440491,0.9271854162216187
YGL111W,YML114C,0,-3.557175,0.09709777683019638,0.9950099587440491,0.9272854328155518
YGL097W,YBR244W,0,-3.5604284,0.09708832204341888,0.9950099587440491,0.9273854494094849
YCL066W,YNL075W,0,-3.5636394,0.09707886725664139,0.9950099587440491,0.9274855256080627
YPL162C,YNL103W,0,-3.5641458,0.09706941992044449,0.9950099587440491,0.9275855422019958
YLR178C,YJR048W,0,-3.5685534,0.09705996513366699,0.9950099587440491,0.927685558795929
YCL040W,YNL225C,0,-3.5698047,0.09705051779747009,0.9950099587440491,0.9277855753898621
YLL038C,YDR315C,0,-3.569952,0.09704107791185379,0.9950099587440491,0.9278855919837952
YDR004W,YDR408C,0,-3.5704455,0.09703163057565689,0.9950099587440491,0.9279856085777283
YOL075C,YOL144W,0,-3.5712914,0.09702219069004059,0.9950099587440491,0.9280856251716614
YGR087C,YNL317W,0,-3.5729365,0.09701274335384369,0.9950099587440491,0.9281856417655945
YOR078W,YHR186C,0,-3.5774708,0.09700331091880798,0.9950099587440491,0.9282856583595276
YCR045C,YOR173W,0,-3.5782595,0.09699387103319168,0.9950099587440491,0.9283856749534607
YOR250C,YOL001W,0,-3.5860844,0.09698443859815598,0.9950099587440491,0.9284856915473938
YKL188C,YLR186W,0,-3.5870678,0.09697499871253967,0.9950099587440491,0.9285857081413269
YOR173W,YIL167W,0,-3.5881536,0.09696557372808456,0.9950099587440491,0.92868572473526
YPL058C,YER096W,0,-3.59201,0.09695614129304886,0.9950099587440491,0.9287857413291931
YLL016W,YIL155C,0,-3.5921288,0.09694671630859375,0.9950099587440491,0.9288857579231262
YBL002W,YPR124W,0,-3.5938876,0.09693728387355804,0.9950099587440491,0.9289857745170593
YOR032C,YGL129C,0,-3.5964923,0.09692786633968353,0.9950099587440491,0.9290857911109924
YML024W,YOR172W,0,-3.597278,0.09691844135522842,0.9950099587440491,0.9291858077049255
YJR120W,YBR057C,0,-3.5985687,0.09690902382135391,0.9950099587440491,0.9292858839035034
YNL091W,YPL047W,0,-3.6001873,0.0968995988368988,0.9950099587440491,0.9293859004974365
YGL035C,YGL047W,0,-3.6018667,0.09689018130302429,0.9950099587440491,0.9294859170913696
YIR007W,YML102W,0,-3.6045308,0.09688077121973038,0.9950099587440491,0.9295859336853027
YGL039W,YMR311C,0,-3.605393,0.09687135368585587,0.9950099587440491,0.9296859502792358
YDR463W,YNL024C,0,-3.6059344,0.09686194360256195,0.9950099587440491,0.929785966873169
YKL010C,YOR080W,0,-3.6095161,0.09685253351926804,0.9950099587440491,0.929885983467102
YDR011W,YGL033W,0,-3.6107583,0.09684313088655472,0.9950099587440491,0.9299860000610352
YHR020W,YDR545W,0,-3.611163,0.0968337208032608,0.9950099587440491,0.9300860166549683
YDR376W,YGR103W,0,-3.6122508,0.09682431817054749,0.9950099587440491,0.9301860332489014
YNL025C,YIL087C,0,-3.6129827,0.09681491553783417,0.9950099587440491,0.9302860498428345
YBR297W,YKL089W,0,-3.614716,0.09680551290512085,0.9950099587440491,0.9303860664367676
YPR185W,YHR123W,0,-3.6197228,0.09679611772298813,0.9950099587440491,0.9304860830307007
YMR042W,YGR092W,0,-3.6198752,0.09678672254085541,0.9950099587440491,0.9305860996246338
YDR381W,YLR007W,0,-3.624813,0.09677732735872269,0.9950099587440491,0.9306861162185669
YCL068C,YOR061W,0,-3.625596,0.09676793217658997,0.9950099587440491,0.9307861328125
YMR177W,YJL116C,0,-3.626337,0.09675853699445724,0.9950099587440491,0.9308861494064331
YGL086W,YIL084C,0,-3.6272123,0.09674914926290512,0.9950099587440491,0.930986225605011
YCR020C,YLL042C,0,-3.62741,0.096739761531353,0.9950099587440491,0.9310862421989441
YOR150W,YDL139C,0,-3.627892,0.09673037379980087,0.9950099587440491,0.9311862587928772
YHR062C,YKL198C,0,-3.6288629,0.09672099351882935,0.9950099587440491,0.9312862753868103
YFR008W,YMR323W,0,-3.6318789,0.09671161323785782,0.9950099587440491,0.9313862919807434
YIL173W,YDR516C,0,-3.633232,0.09670223295688629,0.9950099587440491,0.9314863085746765
YDR055W,YGL173C,0,-3.633775,0.09669285267591476,0.9950099587440491,0.9315863251686096
YJL116C,YNL005C,0,-3.640376,0.09668347239494324,0.9950099587440491,0.9316863417625427
YPL192C,YNL009W,0,-3.640542,0.09667409956455231,0.9950099587440491,0.9317863583564758
YNR053C,YER015W,0,-3.642295,0.09666472673416138,0.9950099587440491,0.9318863749504089
YDR190C,YGR183C,0,-3.6441846,0.09665535390377045,0.9950099587440491,0.931986391544342
YPL001W,YKR072C,0,-3.644771,0.09664598852396011,0.9950099587440491,0.9320864081382751
YCL010C,YJL106W,0,-3.6471264,0.09663661569356918,0.9950099587440491,0.9321864247322083
YOR033C,YHR045W,0,-3.6491275,0.09662725031375885,0.9950099587440491,0.9322864413261414
YDR519W,YKR095W,0,-3.650092,0.09661789238452911,0.9950099587440491,0.9323864579200745
YJL170C,YPR008W,0,-3.6519837,0.09660852700471878,0.9950099587440491,0.9324864745140076
YDR412W,YER166W,0,-3.6537108,0.09659916907548904,0.9950099587440491,0.9325864911079407
YDR486C,YPL126W,0,-3.6540046,0.09658981114625931,0.9950099587440491,0.9326865077018738
YFR047C,YPR106W,0,-3.6574864,0.09658045321702957,0.9950099587440491,0.9327865839004517
YER088C,YOL144W,0,-3.6576054,0.09657109528779984,0.9950099587440491,0.9328866004943848
YKR031C,YDR171W,0,-3.6580098,0.0965617448091507,0.9950099587440491,0.9329866170883179
YJR056C,YBR216C,0,-3.6585145,0.09655239433050156,0.9950099587440491,0.933086633682251
YIL131C,YBR169C,0,-3.6619081,0.09654304385185242,0.9950099587440491,0.9331866502761841
YBR186W,YER027C,0,-3.6647754,0.09653369337320328,0.9950099587440491,0.9332866668701172
YEL017C-A,YBR203W,0,-3.6662252,0.09652435034513474,0.9950099587440491,0.9333866834640503
YBR142W,YDR478W,0,-3.6682167,0.09651500731706619,0.9950099587440491,0.9334867000579834
YML074C,YOR371C,0,-3.6686225,0.09650566428899765,0.9950099587440491,0.9335867166519165
YGR065C,YMR318C,0,-3.6687331,0.09649632126092911,0.9950099587440491,0.9336867332458496
YGL194C,YKL195W,0,-3.6710231,0.09648698568344116,0.9950099587440491,0.9337867498397827
YLR307W,YEL026W,0,-3.6785314,0.09647765010595322,0.9950099587440491,0.9338867664337158
YGR256W,YGL168W,0,-3.68154,0.09646831452846527,0.9950099587440491,0.9339867830276489
YPR007C,YKL008C,0,-3.682333,0.09645897895097733,0.9950099587440491,0.934086799621582
YHR178W,YDR160W,0,-3.6837385,0.09644964337348938,0.9950099587440491,0.9341868162155151
YGL054C,YDR273W,0,-3.685134,0.09644031524658203,0.9950099587440491,0.9342868328094482
YCR028C-A,YDR464W,0,-3.6928792,0.09643098711967468,0.9950099587440491,0.9343868494033813
YDL117W,YCR068W,0,-3.6960828,0.09642166644334793,0.9950099587440491,0.9344869256019592
YKL089W,YJR129C,0,-3.6960888,0.09641233831644058,0.9950099587440491,0.9345869421958923
YPR037C,YPL038W,0,-3.696265,0.09640301764011383,0.9950099587440491,0.9346869587898254
YDL033C,YDR533C,0,-3.6966357,0.09639369696378708,0.9950099587440491,0.9347869753837585
YML027W,YOR044W,0,-3.6985078,0.09638437628746033,0.9950099587440491,0.9348869919776917
YKL029C,YER172C,0,-3.698834,0.09637506306171417,0.9950099587440491,0.9349870085716248
YMR207C,YDL091C,0,-3.6990685,0.09636574238538742,0.9950099587440491,0.9350870251655579
YFR041C,YDL144C,0,-3.7028258,0.09635642915964127,0.9950099587440491,0.935187041759491
YPL265W,YDR166C,0,-3.7034364,0.09634712338447571,0.9950099587440491,0.9352870583534241
YGR247W,YHR011W,0,-3.7034788,0.09633781015872955,0.9950099587440491,0.9353870749473572
YBR070C,YJR077C,0,-3.7066216,0.096328504383564,0.9950099587440491,0.9354870915412903
YHR171W,YDR252W,0,-3.712439,0.09631919860839844,0.9950099587440491,0.9355871081352234
YIL156W,YDR523C,0,-3.7126238,0.09630989283323288,0.9950099587440491,0.9356871247291565
YGL232W,YKR077W,0,-3.7152567,0.09630058705806732,0.9950099587440491,0.9357871413230896
YHR181W,YKL086W,0,-3.7165782,0.09629128873348236,0.9950099587440491,0.9358871579170227
YIL153W,YNR050C,0,-3.7177505,0.0962819904088974,0.9950099587440491,0.9359871745109558
YNL072W,YOR091W,0,-3.7180135,0.09627269208431244,0.9950099587440491,0.9360871911048889
YKL060C,YNL245C,0,-3.7188866,0.09626339375972748,0.9950099587440491,0.936187207698822
YDR317W,YDR477W,0,-3.7220383,0.09625410288572311,0.9950099587440491,0.9362872838973999
YLR283W,YJL010C,0,-3.7255502,0.09624481201171875,0.9950099587440491,0.936387300491333
YJL012C,YNL125C,0,-3.7261581,0.09623552113771439,0.9950099587440491,0.9364873170852661
YDR103W,YGL023C,0,-3.727333,0.09622623026371002,0.9950099587440491,0.9365873336791992
YIR012W,YDR019C,0,-3.7307339,0.09621694684028625,0.9950099587440491,0.9366873502731323
YOL128C,YIR013C,0,-3.731625,0.09620766341686249,0.9950099587440491,0.9367873668670654
YFL056C,YKL209C,0,-3.7346501,0.09619837999343872,0.9950099587440491,0.9368873834609985
YGL171W,YHR086W,0,-3.7349198,0.09618909657001495,0.9950099587440491,0.9369874000549316
YGL008C,YNL254C,0,-3.735114,0.09617982059717178,0.9950099587440491,0.9370874166488647
YPL048W,YDL210W,0,-3.736786,0.09617054462432861,0.9950099587440491,0.9371874332427979
YPR107C,YDL243C,0,-3.7411616,0.09616126865148544,0.9950099587440491,0.937287449836731
YKL125W,YML011C,0,-3.7484431,0.09615199267864227,0.9950099587440491,0.9373874664306641
YNL096C,YBR213W,0,-3.748456,0.0961427167057991,0.9950099587440491,0.9374874830245972
YBL036C,YPL016W,0,-3.75063,0.09613344818353653,0.9950099587440491,0.9375874996185303
YLR081W,YOR037W,0,-3.751248,0.09612417966127396,0.9950099587440491,0.9376875162124634
YIL171W,YOL140W,0,-3.7530966,0.09611491113901138,0.9950099587440491,0.9377875328063965
YLR408C,YMR316W,0,-3.753099,0.0961056500673294,0.9950099587440491,0.9378875494003296
YGR224W,YLR061W,0,-3.7538981,0.09609638899564743,0.9950099587440491,0.9379876255989075
YNL135C,YCL044C,0,-3.7601302,0.09608712047338486,0.9950099587440491,0.9380876421928406
YDR128W,YOR383C,0,-3.7631114,0.09607786685228348,0.9950099587440491,0.9381876587867737
YOL148C,YLR099C,0,-3.7632716,0.0960686057806015,0.9950099587440491,0.9382876753807068
YER038C,YNL093W,0,-3.7635427,0.09605935215950012,0.9950099587440491,0.9383876919746399
YGL087C,YKL086W,0,-3.7644806,0.09605009853839874,0.9950099587440491,0.938487708568573
YCL011C,YFL056C,0,-3.7659264,0.09604084491729736,0.9950099587440491,0.9385877251625061
YDR134C,YLR384C,0,-3.7665858,0.09603159129619598,0.9950099587440491,0.9386877417564392
YOR255W,YBR039W,0,-3.7666352,0.0960223451256752,0.9950099587440491,0.9387877583503723
YLR134W,YLR007W,0,-3.7676969,0.09601309895515442,0.9950099587440491,0.9388877749443054
YBL069W,YGL240W,0,-3.7684789,0.09600385278463364,0.9950099587440491,0.9389877915382385
YNL257C,YIL072W,0,-3.7692115,0.09599460661411285,0.9950099587440491,0.9390878081321716
YGL121C,YDR394W,0,-3.7707133,0.09598536789417267,0.9950099587440491,0.9391878247261047
YPL120W,YOL154W,0,-3.7713704,0.09597612917423248,0.9950099587440491,0.9392878413200378
YPR016C,YJR095W,0,-3.7744308,0.0959668904542923,0.9950099587440491,0.939387857913971
YNL243W,YIL121W,0,-3.7766862,0.09595765173435211,0.9950099587440491,0.939487874507904
YIL117C,YJR161C,0,-3.7782192,0.09594842046499252,0.9950099587440491,0.9395878911018372
YNL206C,YCR068W,0,-3.786305,0.09593918174505234,0.9950099587440491,0.939687967300415
YKR007W,YGL157W,0,-3.7873926,0.09592995047569275,0.9950099587440491,0.9397879838943481
YKR001C,YPL005W,0,-3.7891436,0.09592072665691376,0.9950099587440491,0.9398880004882812
YDR077W,YKL040C,0,-3.7902212,0.09591149538755417,0.9950099587440491,0.9399880170822144
YBL013W,YNL252C,0,-3.790607,0.09590227156877518,0.9950099587440491,0.9400880336761475
YEL034W,YGL085W,0,-3.792657,0.09589304774999619,0.9950099587440491,0.9401880502700806
YPR165W,YLR237W,0,-3.7962515,0.0958838239312172,0.9950099587440491,0.9402880668640137
YNL069C,YOR064C,0,-3.7966485,0.0958746001124382,0.9950099587440491,0.9403880834579468
YDR202C,YDR028C,0,-3.8045135,0.09586538374423981,0.9950099587440491,0.9404881000518799
YGR192C,YML043C,0,-3.8063583,0.09585616737604141,0.9950099587440491,0.940588116645813
YHR176W,YLL021W,0,-3.8071976,0.09584695100784302,0.9950099587440491,0.9406881332397461
YKL043W,YCL026C-A,0,-3.8089275,0.09583774209022522,0.9950099587440491,0.9407881498336792
YLR247C,YER072W,0,-3.8113325,0.09582852572202682,0.9950099587440491,0.9408881664276123
YPR058W,YER038C,0,-3.8150501,0.09581931680440903,0.9950099587440491,0.9409881830215454
YML116W,YBR005W,0,-3.8169446,0.09581010788679123,0.9950099587440491,0.9410881996154785
YGR006W,YLR167W,0,-3.8177023,0.09580090641975403,0.9950099587440491,0.9411882162094116
YGL008C,YBR301W,0,-3.8180866,0.09579169750213623,0.9950099587440491,0.9412882328033447
YGR283C,YJR086W,0,-3.8226533,0.09578249603509903,0.9950099587440491,0.9413882493972778
YGR207C,YJL164C,0,-3.824666,0.09577329456806183,0.9950099587440491,0.9414883255958557
YIL023C,YLL021W,0,-3.8267262,0.09576409310102463,0.9950099587440491,0.9415883421897888
YJR090C,YIR028W,0,-3.8281372,0.09575489908456802,0.9950099587440491,0.9416883587837219
YBR203W,YGL111W,0,-3.8302794,0.09574570506811142,0.9950099587440491,0.941788375377655
YHR098C,YBR290W,0,-3.8343854,0.09573651105165482,0.9950099587440491,0.9418883919715881
YOL135C,YLR216C,0,-3.8349125,0.09572731703519821,0.9950099587440491,0.9419884085655212
YCR094W,YER015W,0,-3.8353672,0.09571812301874161,0.9950099587440491,0.9420884251594543
YHL017W,YNL331C,0,-3.8356957,0.0957089364528656,0.9950099587440491,0.9421884417533875
YFR041C,YHR170W,0,-3.8395286,0.0956997498869896,0.9950099587440491,0.9422884583473206
YJL033W,YDR019C,0,-3.8399048,0.09569056332111359,0.9950099587440491,0.9423884749412537
YOR130C,YML018C,0,-3.84094,0.09568138420581818,0.9950099587440491,0.9424884915351868
YJL181W,YIL064W,0,-3.8426666,0.09567219763994217,0.9950099587440491,0.9425885081291199
YMR109W,YOL084W,0,-3.8450942,0.09566301852464676,0.9950099587440491,0.942688524723053
YMR135C,YJL010C,0,-3.8485131,0.09565383940935135,0.9950099587440491,0.9427885413169861
YGR003W,YHR188C,0,-3.850651,0.09564466774463654,0.9950099587440491,0.9428885579109192
YGR108W,YHL016C,0,-3.8535333,0.09563548862934113,0.9950099587440491,0.9429885745048523
YJR002W,YBR167C,0,-3.858439,0.09562631696462631,0.9950099587440491,0.9430885910987854
YDL159W,YCR043C,0,-3.8589182,0.0956171452999115,0.9950099587440491,0.9431886672973633
YJR132W,YBL093C,0,-3.8615615,0.09560798108577728,0.9950099587440491,0.9432886838912964
YGR058W,YIR036C,0,-3.8631291,0.09559880942106247,0.9950099587440491,0.9433887004852295
YLL013C,YGR104C,0,-3.870212,0.09558964520692825,0.9950099587440491,0.9434887170791626
YGL093W,YMR297W,0,-3.8707469,0.09558048099279404,0.9950099587440491,0.9435887336730957
YMR156C,YDR324C,0,-3.873847,0.09557131677865982,0.9950099587440491,0.9436887502670288
YGR087C,YOR182C,0,-3.8757193,0.0955621600151062,0.9950099587440491,0.9437887668609619
YPL141C,YIL145C,0,-3.877356,0.09555300325155258,0.9950099587440491,0.943888783454895
YEL036C,YGR036C,1,-3.8800561,0.0956396758556366,0.9960079789161682,0.943888783454895
YJL051W,YNR039C,0,-3.882659,0.09563051164150238,0.9960079789161682,0.9439888000488281
YNL247W,YHR099W,0,-3.8844204,0.09562134742736816,0.9960079789161682,0.9440888166427612
YOR391C,YER120W,0,-3.885055,0.09561218321323395,0.9960079789161682,0.9441888332366943
YJL173C,YIL136W,0,-3.8867586,0.09560302644968033,0.9960079789161682,0.9442888498306274
YJL063C,YDR299W,0,-3.8869452,0.09559386968612671,0.9960079789161682,0.9443888664245605
YDR235W,YNR063W,0,-3.887827,0.09558471292257309,0.9960079789161682,0.9444888830184937
YPR037C,YNL036W,0,-3.8887634,0.09557556360960007,0.9960079789161682,0.9445888996124268
YOL100W,YML100W,0,-3.890612,0.09556640684604645,0.9960079789161682,0.9446889162063599
YHR020W,YBL105C,0,-3.8933504,0.09555725753307343,0.9960079789161682,0.944788932800293
YML021C,YHL016C,0,-3.8946028,0.0955481082201004,0.9960079789161682,0.9448889493942261
YER042W,YHR007C,0,-3.896242,0.09553895890712738,0.9960079789161682,0.944989025592804
YHR020W,YGL125W,0,-3.8972797,0.09552981704473495,0.9960079789161682,0.9450890421867371
YGL064C,YKL081W,0,-3.8974128,0.09552067518234253,0.9960079789161682,0.9451890587806702
YLR116W,YDR372C,0,-3.899254,0.0955115333199501,0.9960079789161682,0.9452890753746033
YOR242C,YNL145W,0,-3.8998427,0.09550239145755768,0.9960079789161682,0.9453890919685364
YBR054W,YGR009C,0,-3.9035363,0.09549325704574585,0.9960079789161682,0.9454891085624695
YHR186C,YJL050W,0,-3.9036007,0.09548411518335342,0.9960079789161682,0.9455891251564026
YEL071W,YOR288C,0,-3.9038634,0.0954749807715416,0.9960079789161682,0.9456891417503357
YBL005W-A,YMR063W,0,-3.904623,0.09546585381031036,0.9960079789161682,0.9457891583442688
YER045C,YHL006C,0,-3.913203,0.09545671939849854,0.9960079789161682,0.9458891749382019
YER099C,YHL006C,0,-3.9283857,0.0954475924372673,0.9960079789161682,0.945989191532135
YBR204C,YOR347C,0,-3.9324784,0.09543846547603607,0.9960079789161682,0.9460892081260681
YLR221C,YIL105C,0,-3.9333315,0.09542933851480484,0.9960079789161682,0.9461892247200012
YDL065C,YJL118W,0,-3.9349017,0.09542021155357361,0.9960079789161682,0.9462892413139343
YJL170C,YDL156W,0,-3.9349062,0.09541109204292297,0.9960079789161682,0.9463892579078674
YGL063W,YCR023C,0,-3.9359126,0.09540197253227234,0.9960079789161682,0.9464892745018005
YOR173W,YLR220W,0,-3.9364307,0.0953928530216217,0.9960079789161682,0.9465892910957336
YBR131W,YER120W,0,-3.9364467,0.09538373351097107,0.9960079789161682,0.9466893672943115
YOR322C,YDL213C,0,-3.941671,0.09537462145090103,0.9960079789161682,0.9467893838882446
YGL063W,YMR012W,0,-3.9431415,0.0953655019402504,0.9960079789161682,0.9468894004821777
YDR087C,YLL010C,0,-3.9440026,0.09535638988018036,0.9960079789161682,0.9469894170761108
YJR009C,YKL173W,0,-3.9468741,0.09534728527069092,0.9960079789161682,0.947089433670044
YGL096W,YDR432W,0,-3.9484515,0.09533817321062088,0.9960079789161682,0.947189450263977
YHL047C,YBR021W,0,-3.94969,0.09532906860113144,0.9960079789161682,0.9472894668579102
YPR046W,YBR231C,0,-3.9519944,0.095319963991642,0.9960079789161682,0.9473894834518433
YLR022C,YNL245C,0,-3.9548078,0.09531085938215256,0.9960079789161682,0.9474895000457764
YOR214C,YGR091W,0,-3.9548512,0.09530175477266312,0.9960079789161682,0.9475895166397095
YCR010C,YOR354C,0,-3.9549189,0.09529265761375427,0.9960079789161682,0.9476895332336426
YER082C,YLR142W,0,-3.956624,0.09528356045484543,0.9960079789161682,0.9477895498275757
YCR040W,YPL224C,0,-3.9662256,0.09527446329593658,0.9960079789161682,0.9478895664215088
YBR291C,YLR249W,0,-3.9671295,0.09526536613702774,0.9960079789161682,0.9479895830154419
YOR250C,YKR083C,0,-3.9696622,0.0952562764286995,0.9960079789161682,0.948089599609375
YCL031C,YPR004C,0,-3.9730177,0.09524718672037125,0.9960079789161682,0.9481896162033081
YFR051C,YCR097W,0,-3.9739347,0.095238097012043,0.9960079789161682,0.9482896327972412
YGL243W,YDR258C,0,-3.9749613,0.09522900730371475,0.9960079789161682,0.9483896493911743
YGR028W,YMR081C,0,-3.9789038,0.0952199250459671,0.9960079789161682,0.9484897255897522
YKL138C,YOR262W,0,-3.9851427,0.09521083533763885,0.9960079789161682,0.9485897421836853
YPL028W,YOL023W,0,-3.9864268,0.0952017530798912,0.9960079789161682,0.9486897587776184
YPR067W,YOR383C,0,-3.9887173,0.09519267827272415,0.9960079789161682,0.9487897753715515
YBL037W,YER179W,0,-3.9904723,0.0951835960149765,0.9960079789161682,0.9488897919654846
YPR048W,YPR192W,0,-3.990695,0.09517452120780945,0.9960079789161682,0.9489898085594177
YMR101C,YBL082C,1,-3.9913166,0.09526079893112183,0.9970059990882874,0.9489898085594177
YHR185C,YPL037C,0,-3.9936903,0.09525171667337418,0.9970059990882874,0.9490898251533508
YLL053C,YKL012W,0,-3.9959807,0.09524263441562653,0.9970059990882874,0.9491898417472839
YJR123W,YAL032C,0,-3.9969006,0.09523355215787888,0.9970059990882874,0.949289858341217
YER177W,YPL230W,0,-3.9988408,0.09522447735071182,0.9970059990882874,0.9493898749351501
YOR079C,YMR094W,0,-4.000491,0.09521540254354477,0.9970059990882874,0.9494898915290833
YKL006W,YDR257C,0,-4.0018454,0.09520632773637772,0.9970059990882874,0.9495899081230164
YGL096W,YJL208C,0,-4.0064874,0.09519725292921066,0.9970059990882874,0.9496899247169495
YFL037W,YNL191W,0,-4.007619,0.0951881855726242,0.9970059990882874,0.9497899413108826
YLR196W,YOR208W,0,-4.013119,0.09517911821603775,0.9970059990882874,0.9498899579048157
YDR450W,YAL043C,0,-4.0136843,0.0951700508594513,0.9970059990882874,0.9499899744987488
YEL002C,YPL111W,0,-4.0175595,0.09516098350286484,0.9970059990882874,0.9500899910926819
YBL014C,YKL185W,0,-4.018201,0.09515191614627838,0.9970059990882874,0.9501900672912598
YJL127C,YLR075W,0,-4.022642,0.09514285624027252,0.9970059990882874,0.9502900838851929
YML058W,YPL149W,0,-4.023686,0.09513379633426666,0.9970059990882874,0.950390100479126
YNL101W,YLR306W,0,-4.028471,0.0951247364282608,0.9970059990882874,0.9504901170730591
YNR051C,YLR467W,0,-4.0284767,0.09511568397283554,0.9970059990882874,0.9505901336669922
YGR203W,YAL047C,0,-4.032386,0.09510662406682968,0.9970059990882874,0.9506901502609253
YPR018W,YCR005C,0,-4.0323925,0.09509757161140442,0.9970059990882874,0.9507901668548584
YNL077W,YOL133W,0,-4.033039,0.09508851915597916,0.9970059990882874,0.9508901834487915
YPR145W,YPR073C,0,-4.034479,0.09507947415113449,0.9970059990882874,0.9509902000427246
YKL042W,YOR167C,0,-4.034568,0.09507042169570923,0.9970059990882874,0.9510902166366577
YPR034W,YGR286C,0,-4.0502424,0.09506137669086456,0.9970059990882874,0.9511902332305908
YKL146W,YPL072W,0,-4.050927,0.0950523316860199,0.9970059990882874,0.9512902498245239
YJR041C,YNL103W,0,-4.0612917,0.09504328668117523,0.9970059990882874,0.951390266418457
YFL037W,YLR102C,0,-4.0638657,0.09503424912691116,0.9970059990882874,0.9514902830123901
YGR078C,YLL062C,0,-4.0670137,0.0950252041220665,0.9970059990882874,0.9515902996063232
YOL042W,YNL116W,0,-4.0685744,0.09501616656780243,0.9970059990882874,0.9516903162002563
YDR098C,YLR023C,0,-4.06995,0.09500712901353836,0.9970059990882874,0.9517903327941895
YDR001C,YMR256C,0,-4.0701895,0.09499809890985489,0.9970059990882874,0.9518903493881226
YDR004W,YBL082C,0,-4.0709653,0.09498906880617142,0.9970059990882874,0.9519904255867004
YMR015C,YNL286W,0,-4.0713396,0.09498003125190735,0.9970059990882874,0.9520904421806335
YPL236C,YNL007C,0,-4.0752726,0.09497100114822388,0.9970059990882874,0.9521904587745667
YOR259C,YPR065W,0,-4.0758533,0.094961978495121,0.9970059990882874,0.9522904753684998
YOL084W,YBL106C,0,-4.076845,0.09495294839143753,0.9970059990882874,0.9523904919624329
YOR030W,YHR123W,0,-4.0796385,0.09494392573833466,0.9970059990882874,0.952490508556366
YMR318C,YDR019C,0,-4.0811086,0.09493490308523178,0.9970059990882874,0.9525905251502991
YNL210W,YOL146W,0,-4.085432,0.0949258804321289,0.9970059990882874,0.9526905417442322
YLR293C,YPR004C,0,-4.0873055,0.09491686522960663,0.9970059990882874,0.9527905583381653
YGR065C,YOR253W,0,-4.089416,0.09490785002708435,0.9970059990882874,0.9528905749320984
YMR094W,YPL036W,0,-4.090596,0.09489883482456207,0.9970059990882874,0.9529905915260315
YOL109W,YER170W,0,-4.0926247,0.0948898196220398,0.9970059990882874,0.9530906081199646
YDR118W,YOR347C,0,-4.0930133,0.09488080441951752,0.9970059990882874,0.9531906247138977
YCL066W,YOR061W,0,-4.097115,0.09487179666757584,0.9970059990882874,0.9532906413078308
YER131W,YLR337C,0,-4.097491,0.09486278891563416,0.9970059990882874,0.9533906579017639
YLR056W,YKL028W,0,-4.0977173,0.09485378116369247,0.9970059990882874,0.953490674495697
YJL207C,YLR323C,0,-4.1052985,0.0948447734117508,0.9970059990882874,0.9535906910896301
YLR189C,YDR506C,0,-4.106579,0.09483577311038971,0.9970059990882874,0.953690767288208
YOR026W,YDR338C,0,-4.112831,0.09482676535844803,0.9970059990882874,0.9537907838821411
YLR007W,YLR337C,0,-4.1139746,0.09481776505708694,0.9970059990882874,0.9538908004760742
YAR033W,YPR185W,0,-4.1163387,0.09480877220630646,0.9970059990882874,0.9539908170700073
YNL217W,YDR446W,0,-4.1221924,0.09479977190494537,0.9970059990882874,0.9540908336639404
YMR316W,YOL117W,0,-4.1270666,0.09479077905416489,0.9970059990882874,0.9541908502578735
YMR118C,YOR034C,0,-4.127225,0.0947817862033844,0.9970059990882874,0.9542908668518066
YOR328W,YPL101W,0,-4.1308675,0.09477279335260391,0.9970059990882874,0.9543908834457397
YDR051C,YOR190W,0,-4.132164,0.09476380050182343,0.9970059990882874,0.9544909000396729
YLR189C,YKR031C,0,-4.1338882,0.09475481510162354,0.9970059990882874,0.954590916633606
YHL017W,YNL115C,0,-4.135383,0.09474582970142365,0.9970059990882874,0.9546909332275391
YPL172C,YJL045W,0,-4.1456165,0.09473684430122375,0.9970059990882874,0.9547909498214722
YER173W,YHL040C,0,-4.1482563,0.09472785890102386,0.9970059990882874,0.9548909664154053
YOL031C,YDR488C,0,-4.149225,0.09471888095140457,0.9970059990882874,0.9549909830093384
YGL192W,YGL121C,0,-4.153166,0.09470989555120468,0.9970059990882874,0.9550909996032715
YLR222C,YDL211C,0,-4.1571956,0.09470091760158539,0.9970059990882874,0.9551910161972046
YGR082W,YLL052C,0,-4.159706,0.0946919396519661,0.9970059990882874,0.9552910327911377
YMR211W,YGR014W,0,-4.161089,0.0946829691529274,0.9970059990882874,0.9553910493850708
YDR291W,YHR146W,0,-4.161778,0.0946739986538887,0.9970059990882874,0.9554911255836487
YER072W,YLR343W,0,-4.166143,0.09466502070426941,0.9970059990882874,0.9555911421775818
YER040W,YNL063W,0,-4.167377,0.09465605765581131,0.9970059990882874,0.9556911587715149
YLR256W,YHL011C,0,-4.1706185,0.09464708715677261,0.9970059990882874,0.955791175365448
YLR239C,YPL141C,0,-4.171419,0.09463812410831451,0.9970059990882874,0.9558911919593811
YGL127C,YDR365C,0,-4.175149,0.09462915360927582,0.9970059990882874,0.9559912085533142
YMR260C,YCR073C,0,-4.178488,0.09462019056081772,0.9970059990882874,0.9560912251472473
YPR102C,YKL198C,0,-4.180914,0.09461123496294022,0.9970059990882874,0.9561912417411804
YNL167C,YIL155C,0,-4.183311,0.09460227191448212,0.9970059990882874,0.9562912583351135
YJR014W,YMR280C,0,-4.1903696,0.09459331631660461,0.9970059990882874,0.9563912749290466
YLR007W,YMR175W,0,-4.194319,0.09458436071872711,0.9970059990882874,0.9564912915229797
YDL189W,YIL121W,0,-4.19493,0.09457540512084961,0.9970059990882874,0.9565913081169128
YDR043C,YJL072C,0,-4.1954513,0.0945664495229721,0.9970059990882874,0.956691324710846
YNL118C,YER035W,0,-4.195524,0.0945575013756752,0.9970059990882874,0.956791341304779
YBR204C,YPL005W,0,-4.19911,0.0945485532283783,0.9970059990882874,0.9568913578987122
YGL098W,YGR192C,0,-4.1995792,0.09453960508108139,0.9970059990882874,0.9569913744926453
YGR156W,YOR076C,0,-4.1998644,0.09453065693378448,0.9970059990882874,0.9570913910865784
YDR347W,YCR089W,0,-4.204225,0.09452171623706818,0.9970059990882874,0.9571914672851562
YJR110W,YGR142W,0,-4.209386,0.09451277554035187,0.9970059990882874,0.9572914838790894
YDR108W,YJL133W,0,-4.213577,0.09450383484363556,0.9970059990882874,0.9573915004730225
YJR088C,YBL020W,0,-4.2169046,0.09449489414691925,0.9970059990882874,0.9574915170669556
YNR053C,YBR083W,0,-4.2175775,0.09448595345020294,0.9970059990882874,0.9575915336608887
YOR010C,YNL046W,0,-4.217829,0.09447702020406723,0.9970059990882874,0.9576915502548218
YKR046C,YDL091C,0,-4.2217426,0.09446808695793152,0.9970059990882874,0.9577915668487549
YCR067C,YJR159W,0,-4.224007,0.0944591537117958,0.9970059990882874,0.957891583442688
YNR007C,YOL098C,0,-4.2244616,0.0944502204656601,0.9970059990882874,0.9579916000366211
YDR322W,YJL116C,0,-4.225376,0.09444129467010498,0.9970059990882874,0.9580916166305542
YDR506C,YDR465C,0,-4.2311683,0.09443236887454987,0.9970059990882874,0.9581916332244873
YDR292C,YPL265W,0,-4.231382,0.09442344307899475,0.9970059990882874,0.9582916498184204
YLR194C,YNL048W,0,-4.2344637,0.09441451728343964,0.9970059990882874,0.9583916664123535
YDR324C,YPR047W,0,-4.2344766,0.09440559148788452,0.9970059990882874,0.9584916830062866
YPR151C,YFR016C,0,-4.236221,0.09439667314291,0.9970059990882874,0.9585916996002197
YIL125W,YIL063C,0,-4.2418137,0.09438775479793549,0.9970059990882874,0.9586917161941528
YBR210W,YIL067C,0,-4.242472,0.09437883645296097,0.9970059990882874,0.9587917327880859
YGR235C,YHR216W,0,-4.2430863,0.09436992555856705,0.9970059990882874,0.958891749382019
YNL210W,YNL206C,0,-4.244625,0.09436100721359253,0.9970059990882874,0.9589918255805969
YNL278W,YDR022C,0,-4.2472444,0.09435209631919861,0.9970059990882874,0.95909184217453
YNL278W,YGL243W,0,-4.2480917,0.09434318542480469,0.9970059990882874,0.9591918587684631
YGL016W,YJL020C,0,-4.252744,0.09433427453041077,0.9970059990882874,0.9592918753623962
YML120C,YOR359W,0,-4.255119,0.09432537108659744,0.9970059990882874,0.9593918919563293
YLR022C,YDR127W,0,-4.257773,0.09431646764278412,0.9970059990882874,0.9594919085502625
YAL061W,YOR090C,0,-4.2581406,0.0943075641989708,0.9970059990882874,0.9595919251441956
YIL109C,YDL180W,0,-4.2583227,0.09429866075515747,0.9970059990882874,0.9596919417381287
YDL017W,YCL030C,0,-4.264387,0.09428975731134415,0.9970059990882874,0.9597919583320618
YBL097W,YDR045C,0,-4.271199,0.09428086131811142,0.9970059990882874,0.9598919749259949
YDR452W,YHR025W,0,-4.272563,0.09427196532487869,0.9970059990882874,0.959991991519928
YLR384C,YMR297W,0,-4.2751694,0.09426306933164597,0.9970059990882874,0.9600920081138611
YLR116W,YLR212C,0,-4.278598,0.09425417333841324,0.9970059990882874,0.9601920247077942
YJL198W,YDR534C,0,-4.2812123,0.09424528479576111,0.9970059990882874,0.9602920413017273
YOR334W,YNL128W,0,-4.283486,0.09423639625310898,0.9970059990882874,0.9603920578956604
YMR036C,YDR380W,0,-4.286104,0.09422750771045685,0.9970059990882874,0.9604920744895935
YDR443C,YJL158C,0,-4.287032,0.09421861916780472,0.9970059990882874,0.9605920910835266
YMR067C,YNL306W,0,-4.2913866,0.09420973062515259,0.9970059990882874,0.9606921672821045
YJR033C,YDL236W,0,-4.294339,0.09420084953308105,0.9970059990882874,0.9607921838760376
YDR012W,YPL001W,0,-4.2955613,0.09419196844100952,0.9970059990882874,0.9608922004699707
YNL331C,YDR257C,0,-4.2960258,0.09418308734893799,0.9970059990882874,0.9609922170639038
YOL077C,YIL122W,0,-4.297265,0.09417420625686646,0.9970059990882874,0.9610922336578369
YOR233W,YMR135C,0,-4.2984395,0.09416533261537552,0.9970059990882874,0.96119225025177
YPR005C,YMR175W,0,-4.2995234,0.09415645897388458,0.9970059990882874,0.9612922668457031
YKL040C,YER020W,0,-4.2998753,0.09414758533239365,0.9970059990882874,0.9613922834396362
YDR468C,YER062C,0,-4.3004155,0.09413871169090271,0.9970059990882874,0.9614923000335693
YHR080C,YKL110C,0,-4.3075223,0.09412983804941177,0.9970059990882874,0.9615923166275024
YMR052W,YHR120W,0,-4.3129854,0.09412097185850143,0.9970059990882874,0.9616923332214355
YML081W,YML025C,0,-4.327241,0.0941121056675911,0.9970059990882874,0.9617923498153687
YGL195W,YBR295W,0,-4.3280387,0.09410323947668076,0.9970059990882874,0.9618923664093018
YHR185C,YFR037C,0,-4.329583,0.09409437328577042,0.9970059990882874,0.9619923830032349
YPR104C,YOR032C,0,-4.3332143,0.09408551454544067,0.9970059990882874,0.962092399597168
YDR311W,YJR073C,0,-4.33804,0.09407665580511093,0.9970059990882874,0.9621924161911011
YJR150C,YPR175W,0,-4.3429875,0.09406779706478119,0.9970059990882874,0.9622924327850342
YHR102W,YGL168W,0,-4.350355,0.09405893832445145,0.9970059990882874,0.9623924493789673
YER122C,YGR256W,0,-4.3581266,0.0940500870347023,0.9970059990882874,0.9624925255775452
YNR011C,YDR326C,0,-4.3618927,0.09404122829437256,0.9970059990882874,0.9625925421714783
YCR047C,YOR348C,0,-4.368756,0.09403237700462341,0.9970059990882874,0.9626925587654114
YPR046W,YDL166C,0,-4.3695316,0.09402352571487427,0.9970059990882874,0.9627925753593445
YGR262C,YDR446W,0,-4.370984,0.09401468187570572,0.9970059990882874,0.9628925919532776
YGR286C,YEL024W,0,-4.3750243,0.09400583058595657,0.9970059990882874,0.9629926085472107
YDL081C,YDR208W,0,-4.3752885,0.09399698674678802,0.9970059990882874,0.9630926251411438
YKL004W,YCR106W,0,-4.3778505,0.09398814290761948,0.9970059990882874,0.9631926417350769
YOR136W,YHR146W,0,-4.388565,0.09397930651903152,0.9970059990882874,0.96329265832901
YHR039C,YBL008W,0,-4.3892508,0.09397046267986298,0.9970059990882874,0.9633926749229431
YGR235C,YLR172C,0,-4.3906574,0.09396162629127502,0.9970059990882874,0.9634926915168762
YOR188W,YGR087C,0,-4.3920717,0.09395278990268707,0.9970059990882874,0.9635927081108093
YJR160C,YDR212W,0,-4.400427,0.09394395351409912,0.9970059990882874,0.9636927247047424
YGL207W,YNL176C,0,-4.4007025,0.09393511712551117,0.9970059990882874,0.9637927412986755
YPL209C,YDR380W,0,-4.4220963,0.09392628818750381,0.9970059990882874,0.9638927578926086
YGL012W,YKL220C,0,-4.42377,0.09391745924949646,0.9970059990882874,0.9639927744865417
YPR151C,YNR061C,0,-4.4266567,0.0939086303114891,0.9970059990882874,0.9640927910804749
YDR479C,YHR094C,0,-4.4320965,0.09389980137348175,0.9970059990882874,0.9641928672790527
YOR066W,YDL051W,0,-4.4382706,0.09389097988605499,0.9970059990882874,0.9642928838729858
YML113W,YHR124W,0,-4.440641,0.09388215094804764,0.9970059990882874,0.964392900466919
YNR037C,YML118W,0,-4.440903,0.09387332946062088,0.9970059990882874,0.964492917060852
YNL124W,YHR141C,0,-4.441948,0.09386451542377472,0.9970059990882874,0.9645929336547852
YKR095W-A,YDR339C,0,-4.444595,0.09385569393634796,0.9970059990882874,0.9646929502487183
YJR150C,YMR131C,0,-4.4450855,0.0938468798995018,0.9970059990882874,0.9647929668426514
YDR315C,YNL279W,0,-4.447917,0.09383805841207504,0.9970059990882874,0.9648929834365845
YDL213C,YKL164C,0,-4.449524,0.09382924437522888,0.9970059990882874,0.9649930000305176
YKR097W,YJR042W,0,-4.4531207,0.09382043778896332,0.9970059990882874,0.9650930166244507
YML116W,YBR065C,0,-4.457904,0.09381162375211716,0.9970059990882874,0.9651930332183838
YHR154W,YJL108C,0,-4.459822,0.09380281716585159,0.9970059990882874,0.9652930498123169
YIL096C,YML009C,0,-4.471967,0.09379401057958603,0.9970059990882874,0.96539306640625
YGL232W,YPL141C,0,-4.4729166,0.09378520399332047,0.9970059990882874,0.9654930830001831
YNL067W,YGR289C,0,-4.478523,0.0937763974070549,0.9970059990882874,0.9655930995941162
YBR041W,YJR108W,0,-4.483207,0.09376759827136993,0.9970059990882874,0.9656931161880493
YPL133C,YMR290C,0,-4.4853187,0.09375879913568497,0.9970059990882874,0.9657931327819824
YNL243W,YIL016W,0,-4.492588,0.09375,0.9970059990882874,0.9658931493759155
YPL111W,YDR216W,0,-4.4929395,0.09374120086431503,0.9970059990882874,0.9659932255744934
YEL071W,YKL156W,0,-4.4945545,0.09373240917921066,0.9970059990882874,0.9660932421684265
YFL024C,YMR006C,0,-4.504917,0.09372361749410629,0.9970059990882874,0.9661932587623596
YJL116C,YMR058W,0,-4.5065455,0.09371481835842133,0.9970059990882874,0.9662932753562927
YDR169C,YLR238W,0,-4.516,0.09370603412389755,0.9970059990882874,0.9663932919502258
YMR002W,YJL010C,0,-4.518202,0.09369724243879318,0.9970059990882874,0.9664933085441589
YKL091C,YGL130W,0,-4.518322,0.09368845820426941,0.9970059990882874,0.966593325138092
YNL268W,YGR109C,0,-4.521803,0.09367966651916504,0.9970059990882874,0.9666933417320251
YGR035C,YDR069C,0,-4.5264378,0.09367088973522186,0.9970059990882874,0.9667933583259583
YMR162C,YPL009C,0,-4.5275183,0.09366210550069809,0.9970059990882874,0.9668933749198914
YJL116C,YPL164C,0,-4.531628,0.09365332126617432,0.9970059990882874,0.9669933915138245
YDL195W,YPL254W,0,-4.534279,0.09364454448223114,0.9970059990882874,0.9670934081077576
YPL116W,YFL039C,0,-4.5399246,0.09363576769828796,0.9970059990882874,0.9671934247016907
YOR178C,YLR212C,0,-4.541059,0.09362699091434479,0.9970059990882874,0.9672934412956238
YGR275W,YKL185W,0,-4.542823,0.09361821413040161,0.9970059990882874,0.9673934578895569
YKR067W,YOR109W,0,-4.543677,0.09360944479703903,0.9970059990882874,0.96749347448349
YFL053W,YNL243W,0,-4.546961,0.09360067546367645,0.9970059990882874,0.9675934910774231
YCR081W,YNL289W,0,-4.5490384,0.09359190613031387,0.9970059990882874,0.967693567276001
YNR032W,YOR177C,0,-4.5542974,0.0935831367969513,0.9970059990882874,0.9677935838699341
YER056C,YMR127C,0,-4.5563526,0.09357437491416931,0.9970059990882874,0.9678936004638672
YDR052C,YAL061W,0,-4.5565143,0.09356560558080673,0.9970059990882874,0.9679936170578003
YOR252W,YNR073C,0,-4.5597763,0.09355684369802475,0.9970059990882874,0.9680936336517334
YLL022C,YPL171C,0,-4.5640106,0.09354808181524277,0.9970059990882874,0.9681936502456665
YNL112W,YDR528W,0,-4.5696335,0.09353932738304138,0.9970059990882874,0.9682936668395996
YKL021C,YDR481C,0,-4.5797167,0.0935305655002594,0.9970059990882874,0.9683936834335327
YDR228C,YDR077W,0,-4.580839,0.09352181106805801,0.9970059990882874,0.9684937000274658
YDR213W,YJL208C,0,-4.5889955,0.09351305663585663,0.9970059990882874,0.9685937166213989
YKR075C,YOR043W,0,-4.5895376,0.09350430220365524,0.9970059990882874,0.968693733215332
YIR004W,YDR202C,0,-4.59058,0.09349555522203445,0.9970059990882874,0.9687937498092651
YOL123W,YPR140W,0,-4.6118717,0.09348680824041367,0.9970059990882874,0.9688937664031982
YPL271W,YHR196W,0,-4.6118755,0.09347805380821228,0.9970059990882874,0.9689937829971313
YGR227W,YKL201C,1,-4.613107,0.09356287121772766,0.9980040192604065,0.9689937829971313
YDR439W,YLL052C,0,-4.6180987,0.09355412423610687,0.9980040192604065,0.9690937995910645
YER159C,YCR073C,0,-4.6201053,0.09354536980390549,0.9980040192604065,0.9691938161849976
YPR151C,YOL117W,0,-4.621568,0.0935366228222847,0.9980040192604065,0.9692938327789307
YCR021C,YMR072W,0,-4.6229796,0.09352786839008331,0.9980040192604065,0.9693938493728638
YDL239C,YNL071W,0,-4.625392,0.09351912140846252,0.9980040192604065,0.9694939255714417
YLR256W,YIR010W,0,-4.6319246,0.09351038187742233,0.9980040192604065,0.9695939421653748
YPL281C,YOR326W,0,-4.647747,0.09350163489580154,0.9980040192604065,0.9696939587593079
YPR065W,YER027C,0,-4.6522913,0.09349289536476135,0.9980040192604065,0.969793975353241
YMR042W,YIL004C,0,-4.656846,0.09348415583372116,0.9980040192604065,0.9698939919471741
YGL023C,YBR272C,0,-4.65839,0.09347541630268097,0.9980040192604065,0.9699940085411072
YGR030C,YPL141C,0,-4.664949,0.09346667677164078,0.9980040192604065,0.9700940251350403
YEL060C,YOL133W,0,-4.666168,0.09345794469118118,0.9980040192604065,0.9701940417289734
YKL062W,YPR110C,0,-4.669821,0.09344921261072159,0.9980040192604065,0.9702940583229065
YMR059W,YLR304C,0,-4.670584,0.093440480530262,0.9980040192604065,0.9703940749168396
YAR019C,YIL068C,0,-4.6742783,0.0934317484498024,0.9980040192604065,0.9704940915107727
YIL019W,YJL003W,0,-4.6780024,0.0934230163693428,0.9980040192604065,0.9705941081047058
YHR020W,YGR014W,0,-4.685855,0.0934142917394638,0.9980040192604065,0.9706941246986389
YBR023C,YOR255W,0,-4.691166,0.09340556710958481,0.9980040192604065,0.970794141292572
YNL053W,YLL057C,0,-4.6965256,0.09339684247970581,0.9980040192604065,0.9708941578865051
YNL248C,YBL045C,0,-4.699195,0.09338811784982681,0.9980040192604065,0.9709941744804382
YBR040W,YER039C,0,-4.704937,0.09337940067052841,0.9980040192604065,0.9710941910743713
YDR299W,YDR107C,0,-4.7054567,0.09337068349123001,0.9980040192604065,0.9711942672729492
YER073W,YIR008C,0,-4.7057834,0.09336196631193161,0.9980040192604065,0.9712942838668823
YER170W,YJL165C,0,-4.7185993,0.09335324913263321,0.9980040192604065,0.9713943004608154
YPL069C,YNL009W,0,-4.723382,0.09334453195333481,0.9980040192604065,0.9714943170547485
YBR065C,YPL111W,0,-4.741006,0.093335822224617,0.9980040192604065,0.9715943336486816
YLR121C,YOR319W,0,-4.7499337,0.0933271124958992,0.9980040192604065,0.9716943502426147
YER179W,YJR145C,0,-4.751668,0.0933184027671814,0.9980040192604065,0.9717943668365479
YOL156W,YER001W,0,-4.7650185,0.09330969303846359,0.9980040192604065,0.971894383430481
YGR104C,YNR056C,0,-4.769035,0.09330099076032639,0.9980040192604065,0.9719944000244141
YLR393W,YHR152W,0,-4.778222,0.09329228103160858,0.9980040192604065,0.9720944166183472
YDR354W,YJR073C,0,-4.7800064,0.09328357875347137,0.9980040192604065,0.9721944332122803
YBL004W,YIL109C,0,-4.7802196,0.09327488392591476,0.9980040192604065,0.9722944498062134
YBR130C,YDL049C,0,-4.798586,0.09326618164777756,0.9980040192604065,0.9723944664001465
YLR393W,YDR487C,0,-4.80505,0.09325748682022095,0.9980040192604065,0.9724944829940796
YDR363W,YGL032C,0,-4.8175316,0.09324878454208374,0.9980040192604065,0.9725944995880127
YPR134W,YPL143W,0,-4.8191347,0.09324008971452713,0.9980040192604065,0.9726945161819458
YLR406C,YOL058W,0,-4.8228545,0.09323140233755112,0.9980040192604065,0.9727945327758789
YAL028W,YPR049C,0,-4.8241053,0.0932227075099945,0.9980040192604065,0.972894549369812
YMR118C,YDR165W,0,-4.830653,0.0932140201330185,0.9980040192604065,0.9729946255683899
YGL191W,YPL237W,0,-4.8324547,0.09320533275604248,0.9980040192604065,0.973094642162323
YKL043W,YNL038W,0,-4.832918,0.09319664537906647,0.9980040192604065,0.9731946587562561
YPR007C,YFR009W,0,-4.8341217,0.09318795800209045,0.9980040192604065,0.9732946753501892
YGR284C,YHR139C,0,-4.836266,0.09317927807569504,0.9980040192604065,0.9733946919441223
YCR098C,YKL059C,0,-4.8428273,0.09317059814929962,0.9980040192604065,0.9734947085380554
YMR293C,YKL052C,0,-4.854005,0.0931619182229042,0.9980040192604065,0.9735947251319885
YMR280C,YBR073W,0,-4.8550196,0.09315323829650879,0.9980040192604065,0.9736947417259216
YDR055W,YDR365C,0,-4.8750925,0.09314455837011337,0.9980040192604065,0.9737947583198547
YOR171C,YGR138C,0,-4.882147,0.09313588589429855,0.9980040192604065,0.9738947749137878
YPR151C,YOL084W,0,-4.8884363,0.09312721341848373,0.9980040192604065,0.973994791507721
YLR399C,YBL030C,0,-4.888998,0.09311854094266891,0.9980040192604065,0.974094808101654
YNR054C,YPL033C,0,-4.898278,0.0931098684668541,0.9980040192604065,0.9741948246955872
YDR086C,YIR017C,0,-4.903227,0.09310120344161987,0.9980040192604065,0.9742948412895203
YJL210W,YHR033W,0,-4.9132447,0.09309253096580505,0.9980040192604065,0.9743948578834534
YOR211C,YDR247W,0,-4.9224205,0.09308386594057083,0.9980040192604065,0.9744948744773865
YOR061W,YPR184W,0,-4.928727,0.0930752083659172,0.9980040192604065,0.9745948910713196
YDR077W,YDR398W,0,-4.934657,0.09306654334068298,0.9980040192604065,0.9746949672698975
YHL038C,YFR044C,0,-4.9406323,0.09305787831544876,0.9980040192604065,0.9747949838638306
YOR253W,YIL109C,0,-4.9466577,0.09304922074079514,0.9980040192604065,0.9748950004577637
YBR154C,YMR076C,0,-4.9532065,0.09304056316614151,0.9980040192604065,0.9749950170516968
YJR123W,YBR160W,0,-4.9539437,0.09303191304206848,0.9980040192604065,0.9750950336456299
YGR006W,YBR054W,0,-4.960847,0.09302325546741486,0.9980040192604065,0.975195050239563
YER045C,YPL051W,0,-4.9620266,0.09301460534334183,0.9980040192604065,0.9752950668334961
YBR297W,YHR143W,0,-4.9631796,0.0930059552192688,0.9980040192604065,0.9753950834274292
YNL132W,YPR107C,0,-4.965487,0.09299730509519577,0.9980040192604065,0.9754951000213623
YJR046W,YPL156C,0,-4.9686046,0.09298865497112274,0.9980040192604065,0.9755951166152954
YDR231C,YPL249C-A,0,-4.969304,0.09298001229763031,0.9980040192604065,0.9756951332092285
YHL028W,YPL040C,0,-4.9777827,0.09297136217355728,0.9980040192604065,0.9757951498031616
YDR384C,YGR059W,0,-4.9841127,0.09296271950006485,0.9980040192604065,0.9758951663970947
YHR120W,YGR249W,0,-4.9894595,0.09295408427715302,0.9980040192604065,0.9759951829910278
YPL159C,YNL246W,0,-4.992567,0.09294544160366058,0.9980040192604065,0.9760951995849609
YDR145W,YKL185W,0,-5.007117,0.09293680638074875,0.9980040192604065,0.976195216178894
YIR013C,YER028C,0,-5.0100937,0.09292816370725632,0.9980040192604065,0.9762952327728271
YKL011C,YGL003C,0,-5.0189695,0.09291952848434448,0.9980040192604065,0.9763952493667603
YGL045W,YKL209C,0,-5.0196,0.09291090071201324,0.9980040192604065,0.9764953255653381
YLR181C,YGR189C,0,-5.0225267,0.09290226548910141,0.9980040192604065,0.9765953421592712
YER139C,YKR093W,0,-5.031532,0.09289363771677017,0.9980040192604065,0.9766953587532043
YNL227C,YNL176C,0,-5.0319157,0.09288500994443893,0.9980040192604065,0.9767953753471375
YLR189C,YDR022C,0,-5.042862,0.0928763821721077,0.9980040192604065,0.9768953919410706
YDL031W,YOR255W,0,-5.057975,0.09286775439977646,0.9980040192604065,0.9769954085350037
YNL161W,YLR068W,0,-5.059986,0.09285913407802582,0.9980040192604065,0.9770954251289368
YOR100C,YCL055W,0,-5.063406,0.09285051375627518,0.9980040192604065,0.9771954417228699
YIL167W,YMR217W,0,-5.0694323,0.09284189343452454,0.9980040192604065,0.977295458316803
YLR059C,YMR256C,0,-5.0746045,0.0928332731127739,0.9980040192604065,0.9773954749107361
YLR178C,YER048C,0,-5.0845942,0.09282465279102325,0.9980040192604065,0.9774954915046692
YNL009W,YEL039C,0,-5.0904727,0.09281603991985321,0.9980040192604065,0.9775955080986023
YOR032C,YER025W,0,-5.0919194,0.09280742704868317,0.9980040192604065,0.9776955246925354
YGR091W,YPL186C,0,-5.092248,0.09279881417751312,0.9980040192604065,0.9777955412864685
YFL004W,YBR203W,0,-5.0951624,0.09279020130634308,0.9980040192604065,0.9778955578804016
YIL099W,YDR252W,0,-5.0957766,0.09278158843517303,0.9980040192604065,0.9779955744743347
YDR324C,YMR133W,0,-5.1002026,0.09277298301458359,0.9980040192604065,0.9780955910682678
YPL100W,YOL084W,0,-5.1115646,0.09276437759399414,0.9980040192604065,0.9781956672668457
YHR201C,YDR046C,0,-5.1161575,0.0927557721734047,0.9980040192604065,0.9782956838607788
YLR263W,YER003C,0,-5.123171,0.09274717420339584,0.9980040192604065,0.9783957004547119
YLR039C,YIL136W,0,-5.1291733,0.0927385687828064,0.9980040192604065,0.978495717048645
YHR101C,YER045C,0,-5.1292553,0.09272997081279755,0.9980040192604065,0.9785957336425781
YLR220W,YGR189C,0,-5.131092,0.0927213728427887,0.9980040192604065,0.9786957502365112
YKL152C,YDR380W,0,-5.1314,0.09271277487277985,0.9980040192604065,0.9787957668304443
YPL018W,YLR369W,0,-5.131651,0.09270418435335159,0.9980040192604065,0.9788957834243774
YAL062W,YML046W,0,-5.137313,0.09269558638334274,0.9980040192604065,0.9789958000183105
YGL095C,YLR390W-A,0,-5.1408687,0.09268699586391449,0.9980040192604065,0.9790958166122437
YGR096W,YKR083C,0,-5.1453953,0.09267840534448624,0.9980040192604065,0.9791958332061768
YPR110C,YBR228W,0,-5.147881,0.09266981482505798,0.9980040192604065,0.9792958498001099
YLR435W,YBR135W,0,-5.1527643,0.09266123175621033,0.9980040192604065,0.979395866394043
YDR284C,YDR329C,0,-5.1705713,0.09265264868736267,0.9980040192604065,0.9794958829879761
YGR049W,YOR068C,0,-5.176938,0.09264405816793442,0.9980040192604065,0.9795958995819092
YHR089C,YLR023C,0,-5.1888523,0.09263548254966736,0.9980040192604065,0.9796959161758423
YER127W,YBR029C,0,-5.1964664,0.0926268994808197,0.9980040192604065,0.9797959327697754
YLR074C,YJL003W,0,-5.1995378,0.09261831641197205,0.9980040192604065,0.9798960089683533
YJR135W-A,YGL181W,0,-5.216366,0.09260974079370499,0.9980040192604065,0.9799960255622864
YGR071C,YLR027C,0,-5.2212467,0.09260116517543793,0.9980040192604065,0.9800960421562195
YOL094C,YDR009W,0,-5.239179,0.09259258955717087,0.9980040192604065,0.9801960587501526
YLR313C,YML121W,0,-5.2451377,0.0925840213894844,0.9980040192604065,0.9802960753440857
YOR075W,YOR383C,0,-5.256672,0.09257544577121735,0.9980040192604065,0.9803960919380188
YBR166C,YPL018W,0,-5.273525,0.09256687760353088,0.9980040192604065,0.9804961085319519
YKR080W,YBL005W,0,-5.289315,0.09255830943584442,0.9980040192604065,0.980596125125885
YKL062W,YKL004W,0,-5.2945147,0.09254974871873856,0.9980040192604065,0.9806961417198181
YPL108W,YPL203W,0,-5.2950954,0.0925411805510521,0.9980040192604065,0.9807961583137512
YHR139C,YDL087C,0,-5.299816,0.09253261983394623,0.9980040192604065,0.9808961749076843
YNL327W,YDR479C,0,-5.3008356,0.09252405911684036,0.9980040192604065,0.9809961915016174
YKL099C,YLR001C,0,-5.309177,0.0925154983997345,0.9980040192604065,0.9810962080955505
YDR041W,YOL016C,0,-5.3247623,0.09250693768262863,0.9980040192604065,0.9811962246894836
YBR245C,YPL092W,0,-5.325381,0.09249838441610336,0.9980040192604065,0.9812962412834167
YDR158W,YGR049W,0,-5.3334675,0.0924898236989975,0.9980040192604065,0.9813962578773499
YMR015C,YOR003W,0,-5.3467484,0.09248127043247223,0.9980040192604065,0.981496274471283
YIL148W,YIL137C,0,-5.348402,0.09247271716594696,0.9980040192604065,0.9815962910652161
YOL120C,YGR234W,0,-5.3713446,0.09246417135000229,0.9980040192604065,0.981696367263794
YLR266C,YBL030C,0,-5.3827705,0.09245561808347702,0.9980040192604065,0.981796383857727
YIL051C,YKL012W,0,-5.425745,0.09244707226753235,0.9980040192604065,0.9818964004516602
YPR133C,YDR380W,0,-5.433407,0.09243852645158768,0.9980040192604065,0.9819964170455933
YPL227C,YKL201C,1,-5.4375653,0.09252241253852844,0.9990019798278809,0.9819964170455933
YER082C,YMR175W,0,-5.4414997,0.09251386672258377,0.9990019798278809,0.9820964336395264
YNL164C,YPL018W,0,-5.4429975,0.0925053134560585,0.9990019798278809,0.9821964502334595
YMR318C,YLR399C,0,-5.4438715,0.09249676764011383,0.9990019798278809,0.9822964668273926
YAL025C,YLR431C,0,-5.445027,0.09248822182416916,0.9990019798278809,0.9823964834213257
YKL029C,YGL005C,0,-5.4698133,0.09247967600822449,0.9990019798278809,0.9824965000152588
YLL039C,YHR169W,0,-5.470048,0.09247113019227982,0.9990019798278809,0.9825965166091919
YJR123W,YML043C,0,-5.488781,0.09246259182691574,0.9990019798278809,0.982696533203125
YMR260C,YIL017C,0,-5.4914093,0.09245405346155167,0.9990019798278809,0.9827965497970581
YER164W,YCR010C,0,-5.49692,0.09244551509618759,0.9990019798278809,0.9828965663909912
YLR096W,YIL120W,0,-5.497217,0.09243697673082352,0.9990019798278809,0.9829965829849243
YDR011W,YGL253W,0,-5.4997835,0.09242843836545944,0.9990019798278809,0.9830965995788574
YCR073C,YJL212C,0,-5.500863,0.09241990745067596,0.9990019798278809,0.9831966161727905
YKL062W,YOL003C,0,-5.5050926,0.09241137653589249,0.9990019798278809,0.9832966327667236
YOR265W,YOL058W,0,-5.527461,0.09240284562110901,0.9990019798278809,0.9833967089653015
YLR336C,YAL048C,0,-5.548191,0.09239431470632553,0.9990019798278809,0.9834967255592346
YBR180W,YNR075W,0,-5.5639315,0.09238578379154205,0.9990019798278809,0.9835967421531677
YMR291W,YKL110C,0,-5.5682898,0.09237726032733917,0.9990019798278809,0.9836967587471008
YLR423C,YOR361C,0,-5.5724716,0.09236873686313629,0.9990019798278809,0.9837967753410339
YNR011C,YAL053W,0,-5.58584,0.09236021339893341,0.9990019798278809,0.983896791934967
YOL126C,YJR099W,0,-5.58595,0.09235168993473053,0.9990019798278809,0.9839968085289001
YBL004W,YKR049C,0,-5.59124,0.09234317392110825,0.9990019798278809,0.9840968251228333
YPR169W,YGL055W,0,-5.6104736,0.09233465790748596,0.9990019798278809,0.9841968417167664
YIL155C,YCR027C,0,-5.627841,0.09232614189386368,0.9990019798278809,0.9842968583106995
YLR172C,YKR093W,0,-5.632019,0.0923176258802414,0.9990019798278809,0.9843968749046326
YDR178W,YMR094W,0,-5.6404305,0.09230910986661911,0.9990019798278809,0.9844968914985657
YER070W,YLR411W,0,-5.6520867,0.09230060130357742,0.9990019798278809,0.9845969080924988
YHR171W,YHR196W,0,-5.6570854,0.09229209274053574,0.9990019798278809,0.9846969246864319
YHR139C,YOR014W,0,-5.6741276,0.09228358417749405,0.9990019798278809,0.984796941280365
YGL127C,YNL023C,0,-5.674398,0.09227507561445236,0.9990019798278809,0.9848969578742981
YJR131W,YMR189W,0,-5.6881065,0.09226656705141068,0.9990019798278809,0.9849969744682312
YOR320C,YKL201C,1,-5.69007,0.09235022962093353,1.0,0.9849969744682312
YPL135W,YDL122W,0,-5.691771,0.09234172105789185,1.0,0.9850969910621643
YLL013C,YNL113W,0,-5.693492,0.09233321249485016,1.0,0.9851970672607422
YER006W,YHL036W,0,-5.69514,0.09232470393180847,1.0,0.9852970838546753
YBL037W,YKL181W,0,-5.6977587,0.09231619536876678,1.0,0.9853971004486084
YIL123W,YDL030W,0,-5.701497,0.0923076942563057,1.0,0.9854971170425415
YBR245C,YML118W,0,-5.7019596,0.09229918569326401,1.0,0.9855971336364746
YER016W,YKR093W,0,-5.702512,0.09229068458080292,1.0,0.9856971502304077
YKL125W,YDR380W,0,-5.7171373,0.09228219091892242,1.0,0.9857971668243408
YNL299W,YMR195W,0,-5.7223573,0.09227368980646133,1.0,0.9858971834182739
YMR205C,YBR298C,0,-5.7280188,0.09226519614458084,1.0,0.985997200012207
YIL144W,YDR126W,0,-5.7289796,0.09225669503211975,1.0,0.9860972166061401
YGL166W,YMR183C,0,-5.7300677,0.09224820137023926,1.0,0.9861972332000732
YLR092W,YPL063W,0,-5.7300863,0.09223971515893936,1.0,0.9862972497940063
YER110C,YBR105C,0,-5.7573376,0.09223122149705887,1.0,0.9863972663879395
YER124C,YPL033C,0,-5.7579694,0.09222273528575897,1.0,0.9864972829818726
YNL069C,YLR174W,0,-5.7588005,0.09221424907445908,1.0,0.9865972995758057
YAL061W,YLR466W,0,-5.761636,0.09220576286315918,1.0,0.9866973161697388
YDR228C,YAL012W,0,-5.7623367,0.09219727665185928,1.0,0.9867973327636719
YGL089C,YJR048W,0,-5.775403,0.09218879044055939,1.0,0.9868974089622498
YOL020W,YHR170W,0,-5.784748,0.09218031167984009,1.0,0.9869974255561829
YPR184W,YDL103C,0,-5.818774,0.09217183291912079,1.0,0.987097442150116
YKL096W,YGR218W,0,-5.8210645,0.09216335415840149,1.0,0.9871974587440491
YOR094W,YPL230W,0,-5.8306513,0.09215487539768219,1.0,0.9872974753379822
YGR161C,YLR438C-A,0,-5.8602057,0.09214640408754349,1.0,0.9873974919319153
YGR174C,YPL239W,0,-5.862729,0.09213793277740479,1.0,0.9874975085258484
YPL092W,YOL144W,0,-5.887332,0.09212946146726608,1.0,0.9875975251197815
YPL152W,YDR540C,0,-5.889578,0.09212099015712738,1.0,0.9876975417137146
YBR254C,YKL086W,0,-5.909102,0.09211251884698868,1.0,0.9877975583076477
YJL089W,YOL061W,0,-5.912264,0.09210405498743057,1.0,0.9878975749015808
YPR034W,YJR132W,0,-5.9308367,0.09209559112787247,1.0,0.9879975914955139
YJR097W,YML102W,0,-5.9594946,0.09208712726831436,1.0,0.988097608089447
YDL239C,YDR188W,0,-5.964675,0.09207866340875626,1.0,0.9881976246833801
YEL071W,YPL090C,0,-5.9966273,0.09207019954919815,1.0,0.9882976412773132
YIL063C,YDL222C,0,-6.006053,0.09206174314022064,1.0,0.9883976578712463
YJR155W,YPL241C,0,-6.03586,0.09205328673124313,1.0,0.9884976744651794
YIL160C,YDR400W,0,-6.069306,0.09204483032226562,1.0,0.9885976910591125
YLR226W,YIL056W,0,-6.0884886,0.09203637391328812,1.0,0.9886977672576904
YPL155C,YEL046C,0,-6.110326,0.09202791750431061,1.0,0.9887977838516235
YJR009C,YJL203W,0,-6.115537,0.0920194685459137,1.0,0.9888978004455566
YNL136W,YGR138C,0,-6.1571727,0.09201101958751678,1.0,0.9889978170394897
YDR178W,YJL122W,0,-6.2204447,0.09200257062911987,1.0,0.9890978336334229
YML034W,YGR279C,0,-6.22993,0.09199412167072296,1.0,0.989197850227356
YGL224C,YLL052C,0,-6.238677,0.09198568016290665,1.0,0.9892978668212891
YOL140W,YLR054C,0,-6.2461443,0.09197723865509033,1.0,0.9893978834152222
YHR172W,YHR136C,0,-6.2520843,0.09196878969669342,1.0,0.9894979000091553
YGL153W,YDR380W,0,-6.2561893,0.0919603556394577,1.0,0.9895979166030884
YGR123C,YKR093W,0,-6.266237,0.09195191413164139,1.0,0.9896979331970215
YGR159C,YPL189W,0,-6.2676344,0.09194347262382507,1.0,0.9897979497909546
YOR374W,YOL139C,0,-6.2764072,0.09193503856658936,1.0,0.9898979663848877
YGL031C,YBR295W,0,-6.282115,0.09192660450935364,1.0,0.9899979829788208
YPL265W,YPR175W,0,-6.2969847,0.09191817045211792,1.0,0.9900979995727539
YLR229C,YER169W,0,-6.300996,0.0919097438454628,1.0,0.990198016166687
YOL084W,YDR538W,0,-6.30875,0.09190130978822708,1.0,0.9902980327606201
YEL071W,YLR384C,0,-6.309985,0.09189288318157196,1.0,0.990398108959198
YAL012W,YPL157W,0,-6.338857,0.09188445657491684,1.0,0.9904981255531311
YPL248C,YGR078C,0,-6.3472996,0.09187602996826172,1.0,0.9905981421470642
YPL268W,YIL123W,0,-6.388071,0.0918676108121872,1.0,0.9906981587409973
YOR173W,YLR015W,0,-6.392257,0.09185918420553207,1.0,0.9907981753349304
YNL328C,YBR087W,0,-6.40889,0.09185076504945755,1.0,0.9908981919288635
YOL055C,YPL017C,0,-6.4345417,0.09184234589338303,1.0,0.9909982085227966
YHR196W,YMR081C,0,-6.44503,0.0918339267373085,1.0,0.9910982251167297
YOL113W,YIR036C,0,-6.469923,0.09182551503181458,1.0,0.9911982417106628
YLR192C,YOR374W,0,-6.477585,0.09181709587574005,1.0,0.991298258304596
YMR001C,YPL006W,0,-6.489348,0.09180868417024612,1.0,0.991398274898529
YCL044C,YBR162W-A,0,-6.502183,0.0918002724647522,1.0,0.9914982914924622
YCR024C,YLR276C,0,-6.5710783,0.09179186820983887,1.0,0.9915983080863953
YCR005C,YOR119C,0,-6.5778737,0.09178345650434494,1.0,0.9916983246803284
YLR174W,YOR236W,0,-6.6131344,0.09177505224943161,1.0,0.9917983412742615
YIR028W,YDL014W,0,-6.6166983,0.09176664799451828,1.0,0.9918983578681946
YOR347C,YLR424W,0,-6.639378,0.09175824373960495,1.0,0.9919983744621277
YJL177W,YJL056C,0,-6.661138,0.09174983948469162,1.0,0.9920983910560608
YOR064C,YBR068C,0,-6.6793756,0.09174144268035889,1.0,0.9921984672546387
YOR173W,YBR122C,0,-6.7047596,0.09173303842544556,1.0,0.9922984838485718
YDR365C,YGR170W,0,-6.7190666,0.09172464162111282,1.0,0.9923985004425049
YMR154C,YPR065W,0,-6.7274313,0.09171624481678009,1.0,0.992498517036438
YGR055W,YOR094W,0,-6.733076,0.09170785546302795,1.0,0.9925985336303711
YMR189W,YOL003C,0,-6.7380085,0.09169945865869522,1.0,0.9926985502243042
YPL081W,YAL013W,0,-6.778459,0.09169106930494308,1.0,0.9927985668182373
YGR060W,YNL149C,0,-6.7840357,0.09168267995119095,1.0,0.9928985834121704
YOR190W,YMR128W,0,-6.8381524,0.09167429059743881,1.0,0.9929986000061035
YJL129C,YLL028W,0,-6.839864,0.09166590124368668,1.0,0.9930986166000366
YKR007W,YFL056C,0,-6.894953,0.09165751934051514,1.0,0.9931986331939697
YJL111W,YEL004W,0,-6.9577994,0.0916491374373436,1.0,0.9932986497879028
YLL005C,YLR449W,0,-6.9623337,0.09164075553417206,1.0,0.9933986663818359
YBL069W,YBR018C,0,-6.96432,0.09163237363100052,1.0,0.993498682975769
YDL135C,YER039C,0,-6.96564,0.09162399172782898,1.0,0.9935986995697021
YIL173W,YLL052C,0,-6.9820814,0.09161561727523804,1.0,0.9936987161636353
YDR481C,YLR308W,0,-7.0339174,0.0916072428226471,1.0,0.9937987327575684
YOR173W,YDR041W,0,-7.059926,0.09159886837005615,1.0,0.9938988089561462
YMR030W,YPR175W,0,-7.092764,0.09159049391746521,1.0,0.9939988255500793
YLR222C,YER039C,0,-7.10564,0.09158211946487427,1.0,0.9940988421440125
YFL029C,YCR077C,0,-7.108577,0.09157375246286392,1.0,0.9941988587379456
YJR042W,YHR124W,0,-7.1327705,0.09156538546085358,1.0,0.9942988753318787
YLR121C,YDR399W,0,-7.142003,0.09155701845884323,1.0,0.9943988919258118
YPL177C,YBR014C,0,-7.1467485,0.09154865145683289,1.0,0.9944989085197449
YOR242C,YAL061W,0,-7.167533,0.09154029190540314,1.0,0.994598925113678
YHR215W,YNL191W,0,-7.1799493,0.09153192490339279,1.0,0.9946989417076111
YCR077C,YPR065W,0,-7.191269,0.09152356535196304,1.0,0.9947989583015442
YHR172W,YIR033W,0,-7.230585,0.0915152058005333,1.0,0.9948989748954773
YOR252W,YGL156W,0,-7.28979,0.09150684624910355,1.0,0.9949989914894104
YHL028W,YIL117C,0,-7.310519,0.0914984941482544,1.0,0.9950990080833435
YLR263W,YKL029C,0,-7.3149805,0.09149014204740524,1.0,0.9951990246772766
YGR296W,YDR380W,0,-7.3239737,0.0914817824959755,1.0,0.9952990412712097
YFL011W,YOR026W,0,-7.3314,0.09147343784570694,1.0,0.9953990578651428
YMR303C,YPR120C,0,-7.3715773,0.09146508574485779,1.0,0.9954990744590759
YDL031W,YHR092C,0,-7.3802414,0.09145673364400864,1.0,0.995599091053009
YAL012W,YOR076C,0,-7.4096184,0.09144838899374008,1.0,0.9956991672515869
YPL018W,YGR059W,0,-7.4361057,0.09144004434347153,1.0,0.99579918384552
YFL053W,YLR011W,0,-7.4476824,0.09143169969320297,1.0,0.9958992004394531
YCL059C,YML118W,0,-7.4551716,0.09142335504293442,1.0,0.9959992170333862
YGR245C,YPL092W,0,-7.538456,0.09141501784324646,1.0,0.9960992336273193
YHR108W,YHR139C,0,-7.5583277,0.0914066806435585,1.0,0.9961992502212524
YGR245C,YLR023C,0,-7.569978,0.09139834344387054,1.0,0.9962992668151855
YNL210W,YDL102W,0,-7.6518707,0.09139000624418259,1.0,0.9963992834091187
YPR112C,YGR055W,0,-7.7078466,0.09138166904449463,1.0,0.9964993000030518
YAL062W,YBL024W,0,-7.723463,0.09137333929538727,1.0,0.9965993165969849
YOR202W,YDR104C,0,-7.767277,0.09136500209569931,1.0,0.996699333190918
YLR286C,YER061C,0,-7.7917414,0.09135667234659195,1.0,0.9967993497848511
YDR523C,YEL063C,0,-7.8026614,0.09134834259748459,1.0,0.9968993663787842
YHR176W,YLR286C,0,-7.8564906,0.09134002029895782,1.0,0.9969993829727173
YER045C,YDL146W,0,-7.8889904,0.09133169054985046,1.0,0.9970993995666504
YLR074C,YCR005C,0,-7.9258547,0.0913233682513237,1.0,0.9971994161605835
YDL201W,YDR343C,0,-7.957962,0.09131504595279694,1.0,0.9972994327545166
YJL078C,YMR092C,0,-7.9984455,0.09130672365427017,1.0,0.9973995089530945
YDR324C,YOR181W,0,-8.023796,0.091298408806324,1.0,0.9974995255470276
YLR226W,YHR102W,0,-8.170323,0.09129008650779724,1.0,0.9975995421409607
YDR165W,YKL016C,0,-8.177179,0.09128177165985107,1.0,0.9976995587348938
YPL248C,YMR290C,0,-8.192757,0.09127345681190491,1.0,0.9977995753288269
YDR165W,YKR039W,0,-8.198316,0.09126514196395874,1.0,0.99789959192276
YMR058W,YGR059W,0,-8.250573,0.09125682711601257,1.0,0.9979996085166931
YMR058W,YML118W,0,-8.27103,0.091248519718647,1.0,0.9980996251106262
YPR107C,YML123C,0,-8.567671,0.09124021232128143,1.0,0.9981996417045593
YLR432W,YDL222C,0,-8.636441,0.09123190492391586,1.0,0.9982996582984924
YLR196W,YPL265W,0,-8.663478,0.09122359752655029,1.0,0.9983996748924255
YLR263W,YAL061W,0,-8.675295,0.09121529012918472,1.0,0.9984996914863586
YOL080C,YMR106C,0,-8.727489,0.09120699018239975,1.0,0.9985997080802917
YDR406W,YML094W,0,-8.779689,0.09119869023561478,1.0,0.9986997246742249
YOR189W,YLR343W,0,-8.782591,0.0911903902888298,1.0,0.998799741268158
YPL221W,YGL111W,0,-8.930894,0.09118209034204483,1.0,0.9988997578620911
YIL171W,YOL076W,0,-8.976442,0.09117379784584045,1.0,0.9989997744560242
YNL210W,YPR178W,0,-9.032339,0.09116549789905548,1.0,0.9990997910499573
YJL148W,YMR170C,0,-9.343591,0.0911572054028511,1.0,0.9991998672485352
YJL158C,YNL225C,0,-9.380121,0.09114891290664673,1.0,0.9992998838424683
YER011W,YER033C,0,-9.492357,0.09114062041044235,1.0,0.9993999004364014
YER126C,YLL062C,0,-9.505068,0.09113233536481857,1.0,0.9994999170303345
YHR166C,YOR383C,0,-9.725791,0.0911240428686142,1.0,0.9995999336242676
YLR074C,YPL265W,0,-9.805661,0.09111575782299042,1.0,0.9996999502182007
YDL051W,YPR065W,0,-10.141167,0.09110747277736664,1.0,0.9997999668121338
YNR054C,YCR005C,0,-10.143033,0.09109918773174286,1.0,0.9998999834060669
YDL051W,YDR055W,0,-10.358936,0.09109091013669968,1.0,1.0
