Gene A,Gene B,Label,Score,Precision,Recall,False Positive Rate
YNL110C,YOR004W,1,17.850197,1.0,0.000961538462433964,0.0
YJL191W,YHR196W,1,17.466717,1.0,0.001923076924867928,0.0
YLL008W,YGL123W,1,17.432848,1.0,0.002884615445509553,0.0
YHR069C,YLR048W,1,16.94492,1.0,0.003846153849735856,0.0
YER002W,YDR021W,1,16.876535,1.0,0.004807692486792803,0.0
YKR060W,YHR089C,1,16.868248,1.0,0.005769230891019106,0.0
YNL306W,YCL054W,1,16.774124,1.0,0.006730769295245409,0.0
YPL126W,YCR058C,1,16.683413,1.0,0.007692307699471712,0.0
YLR165C,YNL110C,1,16.664146,1.0,0.008653846569359303,0.0
YGL136C,YPL043W,1,16.639763,1.0,0.009615384973585606,0.0
YHR196W,YLR048W,1,16.637089,1.0,0.010576923377811909,0.0
YKR081C,YDR280W,1,16.613106,1.0,0.011538461782038212,0.0
YBR247C,YGL111W,1,16.609608,1.0,0.012500000186264515,0.0
YKR024C,YLR165C,1,16.606655,1.0,0.013461538590490818,0.0
YGR081C,YHR085W,1,16.495773,1.0,0.014423076994717121,0.0
YGR081C,YLR165C,1,16.299026,1.0,0.015384615398943424,0.0
YIL096C,YLR435W,1,16.291197,1.0,0.016346154734492302,0.0
YLL008W,YDL081C,0,16.207687,0.9444444179534912,0.016346154734492302,0.0001004016085062176
YKR060W,YCL059C,1,16.205952,0.9473684430122375,0.017307693138718605,0.0001004016085062176
YGR251W,YNL002C,1,16.136877,0.949999988079071,0.018269231542944908,0.0001004016085062176
YKR081C,YLR186W,1,16.113792,0.9523809552192688,0.01923076994717121,0.0001004016085062176
YKR081C,YPL143W,1,16.079506,0.9545454382896423,0.020192308351397514,0.0001004016085062176
YCR057C,YHR021C,1,16.064632,0.95652174949646,0.021153846755623817,0.0001004016085062176
YDR312W,YCR031C,1,16.05073,0.9583333134651184,0.02211538515985012,0.0001004016085062176
YER006W,YJL177W,1,16.028229,0.9599999785423279,0.023076923564076424,0.0001004016085062176
YML093W,YNL306W,1,15.962687,0.9615384340286255,0.024038461968302727,0.0001004016085062176
YLR107W,YLR441C,1,15.9118805,0.9629629850387573,0.02500000037252903,0.0001004016085062176
YKL009W,YHL025W,1,15.911011,0.9642857313156128,0.025961538776755333,0.0001004016085062176
YHR069C,YOR167C,1,15.853029,0.9655172228813171,0.026923077180981636,0.0001004016085062176
YIL091C,YNL002C,1,15.849104,0.9666666388511658,0.02788461558520794,0.0001004016085062176
YHR089C,YGL171W,1,15.751337,0.9677419066429138,0.028846153989434242,0.0001004016085062176
YML127W,YHR066W,1,15.732719,0.96875,0.029807692393660545,0.0001004016085062176
YIL091C,YKR081C,1,15.639963,0.9696969985961914,0.03076923079788685,0.0001004016085062176
YIL091C,YPL146C,1,15.637579,0.970588207244873,0.0317307710647583,0.0001004016085062176
YKR024C,YDR117C,1,15.630729,0.9714285731315613,0.032692309468984604,0.0001004016085062176
YDR449C,YLR264W,1,15.619773,0.9722222089767456,0.03365384787321091,0.0001004016085062176
YLR196W,YPL143W,1,15.617708,0.9729729890823364,0.03461538627743721,0.0001004016085062176
YLR175W,YDL083C,1,15.601018,0.9736841917037964,0.03557692468166351,0.0001004016085062176
YFL002C,YDR500C,1,15.584711,0.9743589758872986,0.036538463085889816,0.0001004016085062176
YLL008W,YML127W,1,15.470206,0.9750000238418579,0.03750000149011612,0.0001004016085062176
YPR143W,YML127W,1,15.420845,0.9756097793579102,0.03846153989434242,0.0001004016085062176
YLL008W,YPL143W,1,15.361335,0.976190447807312,0.039423078298568726,0.0001004016085062176
YKR060W,YGR271C-A,1,15.304153,0.9767441749572754,0.04038461670279503,0.0001004016085062176
YGR251W,YOR004W,1,15.283186,0.9772727489471436,0.04134615510702133,0.0001004016085062176
YDR087C,YNL308C,1,15.267913,0.9777777791023254,0.042307693511247635,0.0001004016085062176
YLR002C,YDR025W,1,15.259329,0.97826087474823,0.04326923191547394,0.0001004016085062176
YOL142W,YNL096C,1,15.25598,0.978723406791687,0.04423077031970024,0.0001004016085062176
YOL144W,YDR398W,1,15.253173,0.9791666865348816,0.045192308723926544,0.0001004016085062176
YOL142W,YKR024C,1,15.24626,0.9795918464660645,0.04615384712815285,0.0001004016085062176
YOL077C,YCR087C-A,1,15.239202,0.9800000190734863,0.04711538553237915,0.0001004016085062176
YCL059C,YNL207W,1,15.183521,0.9803921580314636,0.048076923936605453,0.0001004016085062176
YKL009W,YCR058C,1,15.116173,0.9807692170143127,0.04903846234083176,0.0001004016085062176
YHR169W,YJL177W,1,15.113828,0.9811320900917053,0.05000000074505806,0.0001004016085062176
YLR175W,YGL030W,1,15.110054,0.9814814925193787,0.05096153914928436,0.0001004016085062176
YGR103W,YLR167W,1,15.084494,0.9818181991577148,0.051923077553510666,0.0001004016085062176
YGL111W,YGL078C,1,15.057281,0.9821428656578064,0.05288461595773697,0.0001004016085062176
YLR051C,YDL191W,1,15.018805,0.9824561476707458,0.05384615436196327,0.0001004016085062176
YJL010C,YDL031W,1,14.999876,0.982758641242981,0.054807692766189575,0.0001004016085062176
YDR365C,YJR123W,1,14.994734,0.9830508232116699,0.05576923117041588,0.0001004016085062176
YOR078W,YNL306W,1,14.986774,0.9833333492279053,0.05673076957464218,0.0001004016085062176
YER127W,YGR214W,1,14.978771,0.9836065769195557,0.057692307978868484,0.0001004016085062176
YOL041C,YDR449C,1,14.974099,0.9838709831237793,0.05865384638309479,0.0001004016085062176
YNL306W,YPL043W,1,14.969282,0.9841269850730896,0.05961538478732109,0.0001004016085062176
YPL220W,YLR441C,1,14.957205,0.984375,0.060576923191547394,0.0001004016085062176
YBR142W,YCR031C,1,14.943757,0.9846153855323792,0.0615384615957737,0.0001004016085062176
YBR048W,YER131W,1,14.926693,0.9848484992980957,0.0625,0.0001004016085062176
YHR069C,YDR450W,1,14.920053,0.9850746393203735,0.0634615421295166,0.0001004016085062176
YMR239C,YNL075W,1,14.911012,0.9852941036224365,0.0644230768084526,0.0001004016085062176
YHR169W,YBR279W,1,14.878117,0.9855072498321533,0.06538461893796921,0.0001004016085062176
YBR142W,YGR251W,1,14.825972,0.9857142567634583,0.06634615361690521,0.0001004016085062176
YHR069C,YGR159C,1,14.823122,0.98591548204422,0.06730769574642181,0.0001004016085062176
YNL232W,YHL001W,1,14.822983,0.9861111044883728,0.06826923042535782,0.0001004016085062176
YHR197W,YOR004W,1,14.784436,0.9863013625144958,0.06923077255487442,0.0001004016085062176
YLR175W,YBR181C,1,14.77408,0.9864864945411682,0.07019230723381042,0.0001004016085062176
YMR093W,YJR022W,1,14.767094,0.9866666793823242,0.07115384936332703,0.0001004016085062176
YER002W,YOR004W,1,14.760916,0.9868420958518982,0.07211538404226303,0.0001004016085062176
YOL077C,YMR128W,1,14.748537,0.9870129823684692,0.07307692617177963,0.0001004016085062176
YLR196W,YDR312W,1,14.713262,0.9871794581413269,0.07403846085071564,0.0001004016085062176
YFL002C,YHR052W,1,14.706784,0.9873417615890503,0.07500000298023224,0.0001004016085062176
YHR169W,YLR048W,1,14.670246,0.987500011920929,0.07596153765916824,0.0001004016085062176
YPR143W,YPL198W,1,14.631824,0.9876543283462524,0.07692307978868484,0.0001004016085062176
YMR014W,YGR214W,1,14.624064,0.9878048896789551,0.07788461446762085,0.0001004016085062176
YKL009W,YOR001W,1,14.606157,0.9879518151283264,0.07884615659713745,0.0001004016085062176
YMR229C,YGL171W,1,14.55953,0.988095223903656,0.07980769127607346,0.0001004016085062176
YHR197W,YPR132W,1,14.540183,0.9882352948188782,0.08076923340559006,0.0001004016085062176
YKL180W,YOL041C,1,14.534956,0.9883720874786377,0.08173076808452606,0.0001004016085062176
YGR158C,YDR365C,1,14.528311,0.9885057210922241,0.08269231021404266,0.0001004016085062176
YNL308C,YDR449C,1,14.522685,0.9886363744735718,0.08365384489297867,0.0001004016085062176
YPL126W,YNL182C,1,14.509435,0.9887640476226807,0.08461538702249527,0.0001004016085062176
YLR175W,YER102W,1,14.504857,0.9888888597488403,0.08557692170143127,0.0001004016085062176
YNL232W,YAL025C,1,14.495288,0.9890109896659851,0.08653846383094788,0.0001004016085062176
YDL060W,YKR060W,1,14.488518,0.989130437374115,0.08749999850988388,0.0001004016085062176
YJL109C,YLR222C,1,14.483435,0.9892473220825195,0.08846154063940048,0.0001004016085062176
YFL002C,YFR001W,1,14.4816265,0.9893617033958435,0.08942307531833649,0.0001004016085062176
YBR142W,YOR294W,1,14.454489,0.9894737005233765,0.09038461744785309,0.0001004016085062176
YML063W,YLR074C,0,14.437014,0.9791666865348816,0.09038461744785309,0.0002008032170124352
YLR196W,YJR123W,1,14.423811,0.9793814420700073,0.09134615212678909,0.0002008032170124352
YDR412W,YKL082C,1,14.420341,0.9795918464660645,0.0923076942563057,0.0002008032170124352
YNL075W,YOR287C,1,14.399845,0.9797979593276978,0.0932692289352417,0.0002008032170124352
YOL144W,YDR299W,1,14.394852,0.9800000190734863,0.0942307710647583,0.0002008032170124352
YKR024C,YPR137W,1,14.388599,0.9801980257034302,0.0951923057436943,0.0002008032170124352
YLL045C,YHR066W,1,14.354712,0.9803921580314636,0.09615384787321091,0.0002008032170124352
YDL208W,YDR378C,1,14.340971,0.9805825352668762,0.09711538255214691,0.0002008032170124352
YDR083W,YKR081C,1,14.337913,0.9807692170143127,0.09807692468166351,0.0002008032170124352
YKL009W,YNL282W,1,14.33412,0.9809523820877075,0.09903845936059952,0.0002008032170124352
YHR196W,YLR068W,1,14.275984,0.9811320900917053,0.10000000149011612,0.0002008032170124352
YMR093W,YLL011W,1,14.274874,0.9813084006309509,0.10096153616905212,0.0002008032170124352
YCL059C,YLL035W,1,14.256057,0.9814814925193787,0.10192307829856873,0.0002008032170124352
YKR057W,YNR038W,1,14.241768,0.9816513657569885,0.10288461297750473,0.0002008032170124352
YLR009W,YBR181C,0,14.238014,0.9727272987365723,0.10288461297750473,0.0003012048255186528
YOL041C,YHL015W,1,14.202421,0.9729729890823364,0.10384615510702133,0.0003012048255186528
YKL078W,YCR035C,1,14.188547,0.9732142686843872,0.10480768978595734,0.0003012048255186528
YOR272W,YLR048W,1,14.184923,0.9734513163566589,0.10576923191547394,0.0003012048255186528
YCR031C,YHR066W,1,14.181175,0.9736841917037964,0.10673076659440994,0.0003012048255186528
YCR057C,YHR088W,1,14.14839,0.9739130139350891,0.10769230872392654,0.0003012048255186528
YLR196W,YPR132W,1,14.147289,0.9741379022598267,0.10865384340286255,0.0003012048255186528
YNL132W,YIL133C,1,14.144985,0.9743589758872986,0.10961538553237915,0.0003012048255186528
YJL191W,YNL110C,1,14.132758,0.9745762944221497,0.11057692021131516,0.0003012048255186528
YJR041C,YOR294W,1,14.129625,0.9747899174690247,0.11153846234083176,0.0003012048255186528
YNL112W,YLR185W,1,14.10348,0.9750000238418579,0.11249999701976776,0.0003012048255186528
YDR087C,YBR142W,1,14.101324,0.9752066135406494,0.11346153914928436,0.0003012048255186528
YDR312W,YOR272W,1,14.092335,0.9754098653793335,0.11442307382822037,0.0003012048255186528
YJR022W,YHR196W,1,14.082956,0.9756097793579102,0.11538461595773697,0.0003012048255186528
YMR049C,YPL143W,1,14.068329,0.975806474685669,0.11634615063667297,0.0003012048255186528
YMR049C,YOR308C,1,14.06778,0.9760000109672546,0.11730769276618958,0.0003012048255186528
YMR093W,YLR264W,1,14.067619,0.976190447807312,0.11826922744512558,0.0003012048255186528
YPL220W,YLL011W,1,14.045532,0.9763779640197754,0.11923076957464218,0.0003012048255186528
YMR093W,YKR024C,1,14.042915,0.9765625,0.12019230425357819,0.0003012048255186528
YOL041C,YOR078W,1,14.042227,0.9767441749572754,0.12115384638309479,0.0003012048255186528
YER102W,YDR450W,1,14.037111,0.9769230484962463,0.12211538106203079,0.0003012048255186528
YKL156W,YCR058C,1,14.031686,0.9770992398262024,0.1230769231915474,0.0003012048255186528
YLR197W,YDR021W,1,14.026576,0.9772727489471436,0.1240384578704834,0.0003012048255186528
YLR165C,YJR123W,1,14.019165,0.9774436354637146,0.125,0.0003012048255186528
YJR022W,YGR159C,1,14.003052,0.9776119589805603,0.1259615421295166,0.0003012048255186528
YDR083W,YGL173C,1,13.999489,0.9777777791023254,0.1269230842590332,0.0003012048255186528
YLR129W,YDR500C,1,13.9823475,0.9779411554336548,0.1278846114873886,0.0003012048255186528
YNL061W,YGR118W,1,13.971838,0.9781022071838379,0.1288461536169052,0.0003012048255186528
YPL146C,YGR214W,1,13.9643755,0.97826087474823,0.12980769574642181,0.0003012048255186528
YCR047C,YNL182C,1,13.959379,0.9784172773361206,0.13076923787593842,0.0003012048255186528
YHR169W,YOL142W,1,13.951708,0.9785714149475098,0.13173076510429382,0.0003012048255186528
YGR128C,YCR057C,1,13.948144,0.978723406791687,0.13269230723381042,0.0003012048255186528
YHR197W,YER131W,1,13.944729,0.9788732528686523,0.13365384936332703,0.0003012048255186528
YOR201C,YNL308C,1,13.943714,0.9790209531784058,0.13461539149284363,0.0003012048255186528
YLR196W,YNL282W,1,13.941757,0.9791666865348816,0.13557691872119904,0.0003012048255186528
YOR078W,YLR068W,1,13.932264,0.9793103337287903,0.13653846085071564,0.0003012048255186528
YDR083W,YGL030W,1,13.930479,0.9794520735740662,0.13750000298023224,0.0003012048255186528
YKR024C,YHL025W,1,13.929423,0.9795918464660645,0.13846154510974884,0.0003012048255186528
YOR001W,YHR066W,1,13.9105625,0.9797297120094299,0.13942307233810425,0.0003012048255186528
YJL069C,YMR128W,1,13.908379,0.9798657894134521,0.14038461446762085,0.0003012048255186528
YGR214W,YBL026W,1,13.90284,0.9800000190734863,0.14134615659713745,0.0003012048255186528
YLL008W,YJR022W,1,13.895608,0.9801324605941772,0.14230769872665405,0.0003012048255186528
YBR247C,YNL207W,1,13.877855,0.9802631735801697,0.14326922595500946,0.0003012048255186528
YKR057W,YOR004W,1,13.864811,0.9803921580314636,0.14423076808452606,0.0003012048255186528
YPL211W,YIL019W,1,13.853762,0.9805194735527039,0.14519231021404266,0.0003012048255186528
YOL041C,YNL308C,1,13.837536,0.9806451797485352,0.14615385234355927,0.0003012048255186528
YIL091C,YDL148C,1,13.837313,0.9807692170143127,0.14711537957191467,0.0003012048255186528
YNR024W,YHR196W,1,13.83279,0.9808917045593262,0.14807692170143127,0.0003012048255186528
YGR158C,YJR123W,1,13.83143,0.9810126423835754,0.14903846383094788,0.0003012048255186528
YPL143W,YNL061W,1,13.827059,0.9811320900917053,0.15000000596046448,0.0003012048255186528
YMR143W,YER102W,1,13.822857,0.981249988079071,0.15096153318881989,0.0003012048255186528
YKL082C,YGL123W,1,13.800543,0.9813664555549622,0.1519230753183365,0.0003012048255186528
YOL142W,YJR041C,1,13.774904,0.9814814925193787,0.1528846174478531,0.0003012048255186528
YDR091C,YPR132W,1,13.770614,0.9815950989723206,0.1538461595773697,0.0003012048255186528
YGR128C,YMR128W,1,13.770396,0.9817073345184326,0.1548076868057251,0.0003012048255186528
YHR197W,YGL123W,1,13.757614,0.9818181991577148,0.1557692289352417,0.0003012048255186528
YDR299W,YLR048W,1,13.736398,0.9819276928901672,0.1567307710647583,0.0003012048255186528
YPR143W,YDL208W,1,13.732365,0.9820359349250793,0.1576923131942749,0.0003012048255186528
YOL010W,YHR066W,1,13.721033,0.9821428656578064,0.1586538404226303,0.0003012048255186528
YDR299W,YLR051C,1,13.706509,0.9822485446929932,0.1596153825521469,0.0003012048255186528
YJR123W,YKR057W,1,13.687929,0.9823529124259949,0.1605769246816635,0.0003012048255186528
YHR197W,YCR018C,1,13.677197,0.9824561476707458,0.16153846681118011,0.0003012048255186528
YDR083W,YFR001W,1,13.67063,0.9825581312179565,0.16249999403953552,0.0003012048255186528
YGL076C,YDL031W,1,13.670588,0.9826589822769165,0.16346153616905212,0.0003012048255186528
YHR066W,YHR169W,1,13.638819,0.982758641242981,0.16442307829856873,0.0003012048255186528
YLR068W,YOR310C,1,13.638702,0.9828571677207947,0.16538462042808533,0.0003012048255186528
YBL072C,YJL050W,1,13.613949,0.9829545617103577,0.16634614765644073,0.0003012048255186528
YCR055C,YER082C,1,13.611632,0.9830508232116699,0.16730768978595734,0.0003012048255186528
YJL109C,YLL011W,1,13.603391,0.983146071434021,0.16826923191547394,0.0003012048255186528
YLR197W,YOL080C,1,13.584488,0.9832402467727661,0.16923077404499054,0.0003012048255186528
YGL120C,YKR057W,1,13.579943,0.9833333492279053,0.17019230127334595,0.0003012048255186528
YCR055C,YOR145C,1,13.577458,0.9834254384040833,0.17115384340286255,0.0003012048255186528
YOL144W,YDR064W,1,13.565916,0.9835164546966553,0.17211538553237915,0.0003012048255186528
YER131W,YOR272W,1,13.531303,0.9836065769195557,0.17307692766189575,0.0003012048255186528
YBR247C,YNL227C,1,13.4509945,0.9836956262588501,0.17403845489025116,0.0003012048255186528
YKL021C,YKR056W,0,13.443348,0.9783783555030823,0.17403845489025116,0.0004016064340248704
YJL191W,YLR048W,1,13.440908,0.9784946441650391,0.17499999701976776,0.0004016064340248704
YKL006W,YBR189W,1,13.428145,0.9786096215248108,0.17596153914928436,0.0004016064340248704
YGR063C,YKL172W,1,13.425805,0.978723406791687,0.17692308127880096,0.0004016064340248704
YML093W,YOR096W,1,13.41779,0.9788359999656677,0.17788460850715637,0.0004016064340248704
YLR196W,YPL198W,1,13.410151,0.9789473414421082,0.17884615063667297,0.0004016064340248704
YLR222C,YGL030W,1,13.405586,0.9790576100349426,0.17980769276618958,0.0004016064340248704
YMR128W,YPL043W,1,13.398898,0.9791666865348816,0.18076923489570618,0.0004016064340248704
YPR132W,YLL011W,1,13.351648,0.9792746305465698,0.18173076212406158,0.0004016064340248704
YDR412W,YJR123W,1,13.349645,0.9793814420700073,0.18269230425357819,0.0004016064340248704
YFL002C,YDR449C,1,13.338361,0.9794871807098389,0.1836538463830948,0.0004016064340248704
YOL142W,YDR398W,1,13.331468,0.9795918464660645,0.1846153885126114,0.0004016064340248704
YJL010C,YER082C,1,13.315972,0.9796954393386841,0.1855769157409668,0.0004016064340248704
YBR142W,YOR001W,1,13.288704,0.9797979593276978,0.1865384578704834,0.0004016064340248704
YNL232W,YBR181C,1,13.273192,0.979899525642395,0.1875,0.0004016064340248704
YLL008W,YDR339C,1,13.264357,0.9800000190734863,0.1884615421295166,0.0004016064340248704
YFL002C,YBR189W,1,13.250333,0.9800994992256165,0.1894230842590332,0.0004016064340248704
YMR049C,YNL227C,1,13.23737,0.9801980257034302,0.1903846114873886,0.0004016064340248704
YDR324C,YCR018C,1,13.231098,0.9802955389022827,0.1913461536169052,0.0004016064340248704
YHR197W,YBR142W,1,13.225847,0.9803921580314636,0.19230769574642181,0.0004016064340248704
YDR021W,YLL011W,1,13.206737,0.9804878234863281,0.19326923787593842,0.0004016064340248704
YPR143W,YGL030W,1,13.206636,0.9805825352668762,0.19423076510429382,0.0004016064340248704
YOR201C,YDL083C,1,13.204956,0.9806763529777527,0.19519230723381042,0.0004016064340248704
YMR093W,YBR141C,1,13.184523,0.9807692170143127,0.19615384936332703,0.0004016064340248704
YLR192C,YKR081C,1,13.172565,0.980861246585846,0.19711539149284363,0.0004016064340248704
YDR450W,YBR181C,1,13.166096,0.9809523820877075,0.19807691872119904,0.0004016064340248704
YPR143W,YBR189W,1,13.163813,0.9810426831245422,0.19903846085071564,0.0004016064340248704
YKL009W,YPL198W,1,13.159313,0.9811320900917053,0.20000000298023224,0.0004016064340248704
YHR169W,YER125W,1,13.157458,0.9812206625938416,0.20096154510974884,0.0004016064340248704
YLR196W,YPL211W,1,13.154383,0.9813084006309509,0.20192307233810425,0.0004016064340248704
YIL069C,YPL043W,1,13.154355,0.9813953638076782,0.20288461446762085,0.0004016064340248704
YDR449C,YGL171W,1,13.151851,0.9814814925193787,0.20384615659713745,0.0004016064340248704
YKR060W,YJL050W,1,13.14654,0.981566846370697,0.20480769872665405,0.0004016064340248704
YMR131C,YKL143W,0,13.132643,0.9770641922950745,0.20480769872665405,0.0005020080134272575
YLR107W,YNL182C,1,13.109912,0.9771689772605896,0.20576922595500946,0.0005020080134272575
YGR128C,YHR081W,1,13.090731,0.9772727489471436,0.20673076808452606,0.0005020080134272575
YEL026W,YLR165C,1,13.090187,0.9773755669593811,0.20769231021404266,0.0005020080134272575
YDR087C,YDR091C,1,13.087405,0.977477490901947,0.20865385234355927,0.0005020080134272575
YMR014W,YOL010W,1,13.079113,0.9775784611701965,0.20961537957191467,0.0005020080134272575
YNL061W,YLR002C,1,13.073707,0.9776785969734192,0.21057692170143127,0.0005020080134272575
YNL306W,YLR002C,1,13.06304,0.9777777791023254,0.21153846383094788,0.0005020080134272575
YDL111C,YJL069C,1,13.062049,0.9778761267662048,0.21250000596046448,0.0005020080134272575
YDL060W,YDL111C,1,13.05448,0.9779735803604126,0.21346153318881989,0.0005020080134272575
YOL144W,YBR189W,1,13.050745,0.9780701994895935,0.2144230753183365,0.0005020080134272575
YLR438C-A,YLR276C,1,13.018961,0.9781659245491028,0.2153846174478531,0.0005020080134272575
YDL153C,YDR412W,1,12.999233,0.97826087474823,0.2163461595773697,0.0005020080134272575
YLL008W,YER082C,1,12.997192,0.9783549904823303,0.2173076868057251,0.0005020080134272575
YPL082C,YDL208W,1,12.971394,0.9784482717514038,0.2182692289352417,0.0005020080134272575
YDL208W,YJL177W,1,12.95701,0.9785407781600952,0.2192307710647583,0.0005020080134272575
YGR169C,YMR131C,1,12.947207,0.9786324501037598,0.2201923131942749,0.0005020080134272575
YKL099C,YOR272W,1,12.939465,0.978723406791687,0.2211538404226303,0.0005020080134272575
YLR068W,YLR367W,0,12.939428,0.9745762944221497,0.2211538404226303,0.0006024096510373056
YCR035C,YHR065C,1,12.931074,0.9746835231781006,0.2221153825521469,0.0006024096510373056
YNL227C,YOR004W,1,12.92736,0.9747899174690247,0.2230769246816635,0.0006024096510373056
YLR196W,YOL077C,1,12.919599,0.9748954176902771,0.22403846681118011,0.0006024096510373056
YLR048W,YGR276C,1,12.917162,0.9750000238418579,0.22499999403953552,0.0006024096510373056
YLR197W,YHR088W,1,12.91304,0.9751037359237671,0.22596153616905212,0.0006024096510373056
YBR247C,YHR052W,1,12.906519,0.9752066135406494,0.22692307829856873,0.0006024096510373056
YOR340C,YDL136W,0,12.902996,0.9711934328079224,0.22692307829856873,0.0007028112304396927
YGL064C,YOR310C,1,12.899708,0.9713114500045776,0.22788462042808533,0.0007028112304396927
YHR040W,YDL060W,1,12.886709,0.9714285731315613,0.22884614765644073,0.0007028112304396927
YNL306W,YLL011W,1,12.877867,0.9715447425842285,0.22980768978595734,0.0007028112304396927
YPL093W,YKR060W,1,12.873986,0.9716598987579346,0.23076923191547394,0.0007028112304396927
YOR201C,YML026C,1,12.869127,0.9717742204666138,0.23173077404499054,0.0007028112304396927
YLR222C,YNL209W,1,12.862604,0.9718875288963318,0.23269230127334595,0.0007028112304396927
YNL162W,YDL136W,0,12.835044,0.9679999947547913,0.23269230127334595,0.0008032128680497408
YPL266W,YER131W,1,12.814221,0.9681274890899658,0.23365384340286255,0.0008032128680497408
YER126C,YKR024C,1,12.812295,0.9682539701461792,0.23461538553237915,0.0008032128680497408
YLR448W,YOL142W,0,12.808941,0.9644268751144409,0.23461538553237915,0.0009036144474521279
YPL143W,YPR132W,1,12.790724,0.9645669460296631,0.23557692766189575,0.0009036144474521279
YOL041C,YNR038W,1,12.788813,0.9647058844566345,0.23653845489025116,0.0009036144474521279
YOR001W,YOR243C,1,12.786193,0.96484375,0.23749999701976776,0.0009036144474521279
YLR129W,YLL011W,1,12.77956,0.9649805426597595,0.23846153914928436,0.0009036144474521279
YOR167C,YPL146C,1,12.76738,0.9651162624359131,0.23942308127880096,0.0009036144474521279
YBR048W,YMR093W,1,12.760662,0.9652509689331055,0.24038460850715637,0.0009036144474521279
YLR185W,YER006W,1,12.759368,0.9653846025466919,0.24134615063667297,0.0009036144474521279
YKL099C,YLR165C,1,12.75461,0.9655172228813171,0.24230769276618958,0.0009036144474521279
YLR222C,YLR441C,1,12.725115,0.9656488299369812,0.24326923489570618,0.0009036144474521279
YOL142W,YPL012W,1,12.703013,0.9657794833183289,0.24423076212406158,0.0009036144474521279
YLR196W,YOL080C,1,12.697461,0.9659090638160706,0.24519230425357819,0.0009036144474521279
YOL142W,YGL111W,1,12.689568,0.9660377502441406,0.2461538463830948,0.0009036144474521279
YGR081C,YGR251W,1,12.688221,0.9661654233932495,0.2471153885126114,0.0009036144474521279
YLL008W,YNL061W,1,12.687159,0.966292142868042,0.2480769157409668,0.0009036144474521279
YLR293C,YKR081C,1,12.676266,0.9664179086685181,0.2490384578704834,0.0009036144474521279
YGR158C,YJL050W,1,12.674236,0.9665427803993225,0.25,0.0009036144474521279
YGR214W,YDL213C,1,12.661696,0.9666666388511658,0.2509615421295166,0.0009036144474521279
YFR001W,YLR107W,1,12.660542,0.9667896628379822,0.2519230842590332,0.0009036144474521279
YNL162W,YDR120C,0,12.64842,0.9632353186607361,0.2519230842590332,0.001004016026854515
YLR197W,YKL021C,1,12.634937,0.9633699655532837,0.2528846263885498,0.001004016026854515
YGR090W,YLR048W,1,12.631459,0.9635036587715149,0.2538461685180664,0.001004016026854515
YLL045C,YDR457W,1,12.6243515,0.9636363387107849,0.2548076808452606,0.001004016026854515
YKL172W,YCR057C,1,12.617653,0.9637681245803833,0.2557692229747772,0.001004016026854515
YLR438C-A,YKL172W,1,12.615877,0.9638988971710205,0.2567307651042938,0.001004016026854515
YOL080C,YLR196W,1,12.613526,0.9640287756919861,0.2576923072338104,0.001004016026854515
YHR052W,YNL209W,1,12.612534,0.9641577005386353,0.258653849363327,0.001004016026854515
YMR049C,YOL010W,1,12.605644,0.9642857313156128,0.25961539149284363,0.001004016026854515
YPR132W,YHR052W,1,12.6055,0.9644128084182739,0.26057693362236023,0.001004016026854515
YKL172W,YHR085W,1,12.596175,0.9645389914512634,0.26153847575187683,0.001004016026854515
YOR145C,YIL133C,1,12.591871,0.9646643400192261,0.26249998807907104,0.001004016026854515
YDR324C,YDR117C,1,12.591203,0.9647887349128723,0.26346153020858765,0.001004016026854515
YOR287C,YDR021W,1,12.572139,0.9649122953414917,0.26442307233810425,0.001004016026854515
YJL010C,YNR054C,1,12.571363,0.9650349617004395,0.26538461446762085,0.001004016026854515
YDR457W,YLR048W,1,12.566176,0.9651567935943604,0.26634615659713745,0.001004016026854515
YJL069C,YJR041C,1,12.564674,0.9652777910232544,0.26730769872665405,0.001004016026854515
YDL153C,YNL096C,1,12.558173,0.9653978943824768,0.26826924085617065,0.001004016026854515
YNL112W,YLR276C,1,12.558052,0.9655172228813171,0.26923078298568726,0.001004016026854515
YMR014W,YNL282W,1,12.554299,0.9656357169151306,0.27019229531288147,0.001004016026854515
YDR064W,YDL136W,1,12.54376,0.965753436088562,0.27115383744239807,0.001004016026854515
YGR118W,YLR002C,1,12.534821,0.9658703207969666,0.2721153795719147,0.001004016026854515
YOL144W,YNL308C,1,12.534029,0.9659863710403442,0.2730769217014313,0.001004016026854515
YNL112W,YGL123W,1,12.527817,0.9661017060279846,0.2740384638309479,0.001004016026854515
YOR167C,YGR145W,1,12.519871,0.9662162065505981,0.2750000059604645,0.001004016026854515
YLL008W,YDR091C,1,12.514546,0.9663299918174744,0.2759615480899811,0.001004016026854515
YPL143W,YFL023W,1,12.505318,0.9664429426193237,0.2769230902194977,0.001004016026854515
YKL009W,YNL022C,1,12.496975,0.9665551781654358,0.2778846025466919,0.001004016026854515
YKL172W,YDR087C,1,12.496711,0.9666666388511658,0.2788461446762085,0.001004016026854515
YHR052W,YOL080C,1,12.487999,0.9667773842811584,0.2798076868057251,0.001004016026854515
YOR243C,YLR276C,1,12.48493,0.9668874144554138,0.2807692289352417,0.001004016026854515
YML026C,YLR051C,1,12.480396,0.9669967293739319,0.2817307710647583,0.001004016026854515
YNR054C,YHR064C,1,12.474807,0.9671052694320679,0.2826923131942749,0.001004016026854515
YDR500C,YCL054W,1,12.472065,0.9672130942344666,0.2836538553237915,0.001004016026854515
YMR239C,YLL011W,1,12.458048,0.9673202633857727,0.2846153974533081,0.001004016026854515
YKL156W,YCL059C,1,12.434971,0.9674267172813416,0.2855769097805023,0.001004016026854515
YOR201C,YGR159C,1,12.427769,0.9675324559211731,0.2865384519100189,0.001004016026854515
YOL041C,YDR087C,1,12.41909,0.9676375389099121,0.2874999940395355,0.001004016026854515
YHR069C,YER002W,1,12.418558,0.9677419066429138,0.2884615361690521,0.001004016026854515
YKL078W,YPL012W,1,12.416361,0.9678456783294678,0.2894230782985687,0.001004016026854515
YKL014C,YGL135W,1,12.414011,0.9679487347602844,0.2903846204280853,0.001004016026854515
YLR438C-A,YLR197W,1,12.412381,0.9680511355400085,0.29134616255760193,0.001004016026854515
YHR069C,YHR088W,1,12.4123535,0.9681528806686401,0.29230770468711853,0.001004016026854515
YPL220W,YER127W,1,12.400978,0.9682539701461792,0.29326921701431274,0.001004016026854515
YOL077C,YNL002C,1,12.400443,0.9683544039726257,0.29423075914382935,0.001004016026854515
YLL008W,YNR038W,1,12.382576,0.9684542417526245,0.29519230127334595,0.001004016026854515
YOL077C,YDR280W,1,12.37429,0.9685534834861755,0.29615384340286255,0.001004016026854515
YCR055C,YIL019W,1,12.364888,0.9686520099639893,0.29711538553237915,0.001004016026854515
YMR049C,YDL136W,1,12.354036,0.96875,0.29807692766189575,0.001004016026854515
YMR014W,YKL021C,1,12.351329,0.9688473343849182,0.29903846979141235,0.001004016026854515
YOL010W,YBR257W,1,12.346359,0.9689440727233887,0.30000001192092896,0.001004016026854515
YER127W,YNL282W,1,12.327719,0.9690402746200562,0.30096152424812317,0.001004016026854515
YER006W,YER082C,1,12.326285,0.9691358208656311,0.30192306637763977,0.001004016026854515
YOR308C,YGR128C,1,12.324868,0.9692307710647583,0.30288460850715637,0.001004016026854515
YKL078W,YNL306W,1,12.322275,0.9693251252174377,0.303846150636673,0.001004016026854515
YGR271C-A,YNL227C,1,12.316655,0.9694189429283142,0.3048076927661896,0.001004016026854515
YMR049C,YGR285C,1,12.299346,0.9695122241973877,0.3057692348957062,0.001004016026854515
YLR435W,YBL026W,1,12.290641,0.9696048498153687,0.3067307770252228,0.001004016026854515
YJL177W,YLR167W,1,12.289776,0.9696969985961914,0.3076923191547394,0.001004016026854515
YLR107W,YPL126W,1,12.286461,0.9697884917259216,0.3086538314819336,0.001004016026854515
YOL077C,YPL081W,1,12.285308,0.9698795080184937,0.3096153736114502,0.001004016026854515
YGL136C,YHL033C,1,12.279348,0.9699699878692627,0.3105769157409668,0.001004016026854515
YLR409C,YER125W,1,12.264496,0.970059871673584,0.3115384578704834,0.001004016026854515
YHR062C,YCR058C,1,12.256437,0.9701492786407471,0.3125,0.001004016026854515
YHR052W,YDL136W,1,12.254124,0.9702380895614624,0.3134615421295166,0.001004016026854515
YDR449C,YNL227C,1,12.246639,0.9703264236450195,0.3144230842590332,0.001004016026854515
YLR325C,YBR181C,0,12.240858,0.9674556255340576,0.3144230842590332,0.001104417722672224
YHR197W,YKR024C,1,12.21924,0.9675516486167908,0.3153846263885498,0.001104417722672224
YBR141C,YPL043W,1,12.19479,0.9676470756530762,0.3163461685180664,0.001104417722672224
YDL111C,YOR078W,1,12.186143,0.9677419066429138,0.3173076808452606,0.001104417722672224
YNR024W,YML063W,1,12.177888,0.9678362607955933,0.3182692229747772,0.001104417722672224
YGL076C,YDR299W,1,12.177863,0.967930018901825,0.3192307651042938,0.001104417722672224
YLR435W,YLR185W,1,12.176453,0.9680232405662537,0.3201923072338104,0.001104417722672224
YKL180W,YNL308C,1,12.17222,0.9681159257888794,0.321153849363327,0.001104417722672224
YLL045C,YGR103W,1,12.167854,0.9682080745697021,0.32211539149284363,0.001104417722672224
YPR016C,YOR063W,1,12.166809,0.9682996869087219,0.32307693362236023,0.001104417722672224
YBR048W,YLR441C,1,12.145965,0.9683908224105835,0.32403847575187683,0.001104417722672224
YCR087C-A,YGR159C,1,12.137795,0.9684813618659973,0.32499998807907104,0.001104417722672224
YOR056C,YKL021C,1,12.1344385,0.9685714244842529,0.32596153020858765,0.001104417722672224
YOR167C,YHR065C,1,12.1188755,0.9686609506607056,0.32692307233810425,0.001104417722672224
YNL232W,YOR243C,1,12.105532,0.96875,0.32788461446762085,0.001104417722672224
YNL282W,YDL213C,1,12.099474,0.9688385128974915,0.32884615659713745,0.001104417722672224
YDR064W,YOR308C,1,12.085813,0.9689265489578247,0.32980769872665405,0.001104417722672224
YFL023W,YGL029W,1,12.084806,0.9690141081809998,0.33076924085617065,0.001104417722672224
YNL306W,YBL072C,1,12.081108,0.9691011309623718,0.33173078298568726,0.001104417722672224
YDL036C,YLR409C,1,12.079963,0.9691876769065857,0.33269229531288147,0.001104417722672224
YCL031C,YLR276C,1,12.072016,0.9692737460136414,0.33365383744239807,0.001104417722672224
YPL198W,YDL191W,1,12.069622,0.9693593382835388,0.3346153795719147,0.001104417722672224
YCR016W,YGR103W,0,12.066463,0.9666666388511658,0.3346153795719147,0.0012048193020746112
YDL111C,YJL050W,1,12.061815,0.9667590260505676,0.3355769217014313,0.0012048193020746112
YFR001W,YCL054W,1,12.060478,0.9668508172035217,0.3365384638309479,0.0012048193020746112
YHL033C,YPL211W,1,12.059969,0.9669421315193176,0.3375000059604645,0.0012048193020746112
YCR031C,YNL002C,1,12.058983,0.9670329689979553,0.3384615480899811,0.0012048193020746112
YIL019W,YER082C,1,12.057415,0.96712327003479,0.3394230902194977,0.0012048193020746112
YML063W,YPL126W,1,12.053429,0.9672130942344666,0.3403846025466919,0.0012048193020746112
YMR242C,YJR022W,0,12.039736,0.9645776748657227,0.3403846025466919,0.0013052208814769983
YDR449C,YCL031C,1,12.039644,0.9646739363670349,0.3413461446762085,0.0013052208814769983
YDR280W,YHR088W,1,12.032146,0.9647696614265442,0.3423076868057251,0.0013052208814769983
YGR214W,YDL191W,1,12.031751,0.9648648500442505,0.3432692289352417,0.0013052208814769983
YLR051C,YJR041C,1,12.015708,0.9649595618247986,0.3442307710647583,0.0013052208814769983
YER074W,YFL023W,1,12.012341,0.9650537371635437,0.3451923131942749,0.0013052208814769983
YBL072C,YLL035W,1,12.009123,0.9651474356651306,0.3461538553237915,0.0013052208814769983
YGR271C-A,YPR144C,1,11.976427,0.9652406573295593,0.3471153974533081,0.0013052208814769983
YKL082C,YIL019W,1,11.963055,0.9653333425521851,0.3480769097805023,0.0013052208814769983
YNL022C,YIL133C,1,11.961605,0.9654255509376526,0.3490384519100189,0.0013052208814769983
YJL136C,YOR201C,1,11.958921,0.9655172228813171,0.3499999940395355,0.0013052208814769983
YGL111W,YCL031C,1,11.948574,0.9656084775924683,0.3509615361690521,0.0013052208814769983
YDR412W,YER125W,1,11.947036,0.9656991958618164,0.3519230782985687,0.0013052208814769983
YPL090C,YER112W,1,11.946849,0.9657894968986511,0.3528846204280853,0.0013052208814769983
YJR002W,YHR148W,1,11.943955,0.9658792614936829,0.35384616255760193,0.0013052208814769983
YOL021C,YPL043W,1,11.942361,0.9659686088562012,0.35480770468711853,0.0013052208814769983
YKR057W,YNL182C,1,11.9421215,0.9660574197769165,0.35576921701431274,0.0013052208814769983
YPR132W,YNR038W,1,11.935513,0.9661458134651184,0.35673075914382935,0.0013052208814769983
YGL189C,YBR181C,1,11.935427,0.9662337899208069,0.35769230127334595,0.0013052208814769983
YCR047C,YGL123W,1,11.926928,0.9663212299346924,0.35865384340286255,0.0013052208814769983
YGL189C,YNL147W,1,11.919773,0.9664082527160645,0.35961538553237915,0.0013052208814769983
YGL076C,YDL213C,1,11.917063,0.9664948582649231,0.36057692766189575,0.0013052208814769983
YBR048W,YMR239C,1,11.913944,0.9665809869766235,0.36153846979141235,0.0013052208814769983
YIL133C,YPL043W,1,11.9092655,0.9666666388511658,0.36250001192092896,0.0013052208814769983
YML063W,YNL282W,1,11.900784,0.9667519330978394,0.36346152424812317,0.0013052208814769983
YBR048W,YBL072C,1,11.894842,0.9668367505073547,0.36442306637763977,0.0013052208814769983
YJR123W,YLR186W,1,11.894526,0.9669210910797119,0.36538460850715637,0.0013052208814769983
YJL136C,YLR185W,1,11.892893,0.9670050740242004,0.366346150636673,0.0013052208814769983
YML080W,YDL081C,0,11.882547,0.9645569324493408,0.366346150636673,0.0014056224608793855
YPL081W,YOR294W,1,11.871149,0.9646464586257935,0.3673076927661896,0.0014056224608793855
YOL144W,YPL093W,1,11.854038,0.9647355079650879,0.3682692348957062,0.0014056224608793855
YKL180W,YLR196W,1,11.852929,0.9648241400718689,0.3692307770252228,0.0014056224608793855
YCR058C,YJL033W,1,11.848254,0.9649122953414917,0.3701923191547394,0.0014056224608793855
YNL162W,YML063W,0,11.846472,0.9624999761581421,0.3701923191547394,0.0015060240402817726
YGR081C,YGR271C-A,1,11.843065,0.9625934958457947,0.3711538314819336,0.0015060240402817726
YGR081C,YGL246C,1,11.841375,0.9626865386962891,0.3721153736114502,0.0015060240402817726
YPL220W,YLR264W,1,11.815963,0.96277916431427,0.3730769157409668,0.0015060240402817726
YCR058C,YJL050W,1,11.805937,0.9628713130950928,0.3740384578704834,0.0015060240402817726
YOR243C,YNL182C,1,11.795223,0.9629629850387573,0.375,0.0015060240402817726
YDL208W,YOR001W,1,11.785046,0.9630541801452637,0.3759615421295166,0.0015060240402817726
YJL109C,YIL133C,1,11.779933,0.9631449580192566,0.3769230842590332,0.0015060240402817726
YKL009W,YJR123W,1,11.777781,0.9632353186607361,0.3778846263885498,0.0015060240402817726
YGR158C,YHL001W,1,11.776133,0.9633252024650574,0.3788461685180664,0.0015060240402817726
YLR029C,YOR206W,0,11.775797,0.9609755873680115,0.3788461685180664,0.0016064257360994816
YDR457W,YPR132W,1,11.769028,0.9610705375671387,0.3798076808452606,0.0016064257360994816
YGR280C,YLR441C,1,11.766113,0.9611650705337524,0.3807692229747772,0.0016064257360994816
YLL045C,YDL031W,1,11.765356,0.9612590670585632,0.3817307651042938,0.0016064257360994816
YDR299W,YLR167W,1,11.764244,0.9613526463508606,0.3826923072338104,0.0016064257360994816
YDR412W,YGL246C,1,11.751301,0.9614458084106445,0.383653849363327,0.0016064257360994816
YNL207W,YJR041C,1,11.742769,0.9615384340286255,0.38461539149284363,0.0016064257360994816
YKL180W,YPL082C,1,11.728485,0.9616307020187378,0.38557693362236023,0.0016064257360994816
YHR197W,YER074W,1,11.705367,0.9617224931716919,0.38653847575187683,0.0016064257360994816
YHR085W,YNL147W,1,11.702079,0.9618138670921326,0.38749998807907104,0.0016064257360994816
YDR312W,YHR062C,1,11.698004,0.961904764175415,0.38846153020858765,0.0016064257360994816
YER131W,YDR324C,1,11.69297,0.9619952440261841,0.38942307233810425,0.0016064257360994816
YNL132W,YJL069C,1,11.692867,0.9620853066444397,0.39038461446762085,0.0016064257360994816
YJR002W,YCL059C,1,11.677842,0.9621749520301819,0.39134615659713745,0.0016064257360994816
YPR132W,YPL198W,1,11.661016,0.9622641801834106,0.39230769872665405,0.0016064257360994816
YDR064W,YMR128W,1,11.658483,0.9623529314994812,0.39326924085617065,0.0016064257360994816
YGL136C,YLR002C,1,11.656113,0.9624413251876831,0.39423078298568726,0.0016064257360994816
YPR016C,YNL182C,1,11.621241,0.9625293016433716,0.39519229531288147,0.0016064257360994816
YGR081C,YNL227C,1,11.619484,0.9626168012619019,0.39615383744239807,0.0016064257360994816
YKL156W,YHR085W,1,11.618982,0.9627039432525635,0.3971153795719147,0.0016064257360994816
YDL060W,YBL026W,1,11.6094055,0.9627906680107117,0.3980769217014313,0.0016064257360994816
YDL060W,YLR106C,1,11.597228,0.9628770351409912,0.3990384638309479,0.0016064257360994816
YOR340C,YPL043W,0,11.58713,0.9606481194496155,0.3990384638309479,0.0017068273155018687
YOR308C,YKL006W,1,11.58687,0.960739016532898,0.4000000059604645,0.0017068273155018687
YOL142W,YHR081W,1,11.576903,0.960829496383667,0.4009615480899811,0.0017068273155018687
YPL220W,YGL029W,1,11.576255,0.9609195590019226,0.4019230902194977,0.0017068273155018687
YPL093W,YKL009W,1,11.575933,0.96100914478302,0.4028846025466919,0.0017068273155018687
YLL008W,YLL035W,1,11.567555,0.9610983729362488,0.4038461446762085,0.0017068273155018687
YOR056C,YFL023W,1,11.565474,0.9611872434616089,0.4048076868057251,0.0017068273155018687
YOL010W,YDR299W,1,11.562505,0.9612756371498108,0.4057692289352417,0.0017068273155018687
YGR158C,YOR078W,1,11.560837,0.9613636136054993,0.4067307710647583,0.0017068273155018687
YKL078W,YFL023W,1,11.550727,0.9614512324333191,0.4076923131942749,0.0017068273155018687
YOR096W,YDR025W,1,11.54712,0.9615384340286255,0.4086538553237915,0.0017068273155018687
YHR170W,YJL190C,0,11.544229,0.9593679308891296,0.4086538553237915,0.0018072288949042559
YLR145W,YHR089C,1,11.51345,0.9594594836235046,0.4096153974533081,0.0018072288949042559
YLR192C,YKL009W,1,11.511599,0.9595505595207214,0.4105769097805023,0.0018072288949042559
YIL069C,YNR024W,1,11.509911,0.9596412777900696,0.4115384519100189,0.0018072288949042559
YHR197W,YOL010W,1,11.509333,0.9597315192222595,0.4124999940395355,0.0018072288949042559
YLR106C,YPR144C,1,11.5090885,0.9598214030265808,0.4134615361690521,0.0018072288949042559
YJL069C,YNL002C,1,11.502975,0.9599109292030334,0.4144230782985687,0.0018072288949042559
YDL060W,YER006W,1,11.496187,0.9599999785423279,0.4153846204280853,0.0018072288949042559
YIL096C,YPR132W,1,11.487646,0.9600886702537537,0.41634616255760193,0.0018072288949042559
YDR299W,YPR112C,1,11.486354,0.9601770043373108,0.41730770468711853,0.0018072288949042559
YKL099C,YGL078C,1,11.480782,0.9602649211883545,0.41826921701431274,0.0018072288949042559
YLL045C,YOR145C,1,11.466235,0.9603524208068848,0.41923075914382935,0.0018072288949042559
YOR145C,YGR145W,1,11.465267,0.9604395627975464,0.42019230127334595,0.0018072288949042559
YDR025W,YNL096C,1,11.457825,0.9605262875556946,0.42115384340286255,0.0018072288949042559
YLR129W,YPR143W,1,11.453295,0.9606127142906189,0.42211538553237915,0.0018072288949042559
YGL173C,YHL001W,1,11.448753,0.960698664188385,0.42307692766189575,0.0018072288949042559
YNL061W,YGR159C,1,11.4486265,0.9607843160629272,0.42403846979141235,0.0018072288949042559
YLR068W,YHR064C,1,11.4474125,0.960869550704956,0.42500001192092896,0.0018072288949042559
YPL081W,YNL182C,1,11.447351,0.9609544277191162,0.42596152424812317,0.0018072288949042559
YJL010C,YLL045C,1,11.442116,0.9610389471054077,0.42692306637763977,0.0018072288949042559
YPR016C,YBL087C,0,11.440843,0.9589632749557495,0.42692306637763977,0.001907630474306643
YLR192C,YKL082C,1,11.440268,0.9590517282485962,0.42788460850715637,0.001907630474306643
YLR438C-A,YOL080C,1,11.439928,0.9591397643089294,0.428846150636673,0.001907630474306643
YDR450W,YDR025W,1,11.435236,0.959227442741394,0.4298076927661896,0.001907630474306643
YFL002C,YNL069C,1,11.433905,0.95931476354599,0.4307692348957062,0.001907630474306643
YDR299W,YDR339C,1,11.423684,0.9594017267227173,0.4317307770252228,0.001907630474306643
YGL120C,YDR117C,1,11.4236555,0.9594882726669312,0.4326923191547394,0.001907630474306643
YOR294W,YBL072C,1,11.422884,0.9595744609832764,0.4336538314819336,0.001907630474306643
YMR014W,YHL025W,1,11.421635,0.9596602916717529,0.4346153736114502,0.001907630474306643
YEL055C,YNL002C,1,11.415612,0.9597457647323608,0.4355769157409668,0.001907630474306643
YOL010W,YNL022C,1,11.412348,0.9598308801651001,0.4365384578704834,0.001907630474306643
YGR285C,YGL135W,1,11.41218,0.9599156379699707,0.4375,0.001907630474306643
YDR280W,YLR222C,1,11.411169,0.9599999785423279,0.4384615421295166,0.001907630474306643
YIL069C,YER082C,1,11.390709,0.9600840210914612,0.4394230842590332,0.001907630474306643
YLR145W,YNL061W,1,11.388781,0.9601677060127258,0.4403846263885498,0.001907630474306643
YGL064C,YNL132W,1,11.384663,0.9602510333061218,0.4413461685180664,0.001907630474306643
YGR280C,YCR058C,1,11.374649,0.9603340029716492,0.4423076808452606,0.001907630474306643
YGR103W,YJL148W,0,11.373781,0.9583333134651184,0.4423076808452606,0.00200803205370903
YJL010C,YPR137W,1,11.310076,0.9584199786186218,0.4432692229747772,0.00200803205370903
YJL010C,YFL023W,1,11.300631,0.9585062265396118,0.4442307651042938,0.00200803205370903
YDR478W,YOR294W,1,11.29792,0.9585921168327332,0.4451923072338104,0.00200803205370903
YPL220W,YNL075W,1,11.292477,0.9586777091026306,0.446153849363327,0.00200803205370903
YDL036C,YNL207W,1,11.284077,0.9587628841400146,0.44711539149284363,0.00200803205370903
YHR148W,YLR068W,1,11.28082,0.9588477611541748,0.44807693362236023,0.00200803205370903
YOL021C,YBL072C,1,11.276736,0.9589322209358215,0.44903847575187683,0.00200803205370903
YGR280C,YHR066W,1,11.261921,0.9590163826942444,0.44999998807907104,0.00200803205370903
YML127W,YLR333C,0,11.246847,0.9570552110671997,0.44999998807907104,0.002108433749526739
YMR229C,YLL035W,1,11.246766,0.9571428298950195,0.45096153020858765,0.002108433749526739
YKL009W,YGR271C-A,1,11.241402,0.9572301506996155,0.45192307233810425,0.002108433749526739
YLR186W,YDR025W,1,11.233836,0.957317054271698,0.45288461446762085,0.002108433749526739
YGR280C,YLR059C,1,11.221903,0.9574036598205566,0.45384615659713745,0.002108433749526739
YAL025C,YDL060W,1,11.216173,0.9574899077415466,0.45480769872665405,0.002108433749526739
YDR324C,YHR066W,1,11.212732,0.9575757384300232,0.45576924085617065,0.002108433749526739
YJL191W,YDR378C,1,11.201791,0.9576612710952759,0.45673078298568726,0.002108433749526739
YKL082C,YGL111W,1,11.200289,0.9577465057373047,0.45769229531288147,0.002108433749526739
YDR312W,YNR038W,1,11.199603,0.9578313231468201,0.45865383744239807,0.002108433749526739
YDR500C,YPR112C,1,11.194689,0.9579158425331116,0.4596153795719147,0.002108433749526739
YHR069C,YOR119C,1,11.179049,0.9580000042915344,0.4605769217014313,0.002108433749526739
YJR022W,YOR001W,1,11.178274,0.9580838084220886,0.4615384638309479,0.002108433749526739
YLR175W,YNL022C,1,11.176474,0.958167314529419,0.4625000059604645,0.002108433749526739
YPL266W,YOR001W,1,11.173208,0.9582505226135254,0.4634615480899811,0.002108433749526739
YDR083W,YFL023W,1,11.171059,0.9583333134651184,0.4644230902194977,0.002108433749526739
YPL082C,YNR038W,1,11.170291,0.9584158658981323,0.4653846025466919,0.002108433749526739
YKR057W,YHL011C,0,11.169245,0.95652174949646,0.4653846025466919,0.002208835445344448
YPL235W,YIL019W,1,11.155502,0.9566075205802917,0.4663461446762085,0.002208835445344448
YKL009W,YGL135W,1,11.152772,0.9566929340362549,0.4673076868057251,0.002208835445344448
YPR143W,YPR137W,1,11.1474285,0.9567779898643494,0.4682692289352417,0.002208835445344448
YKL099C,YKR060W,1,11.131065,0.95686274766922,0.4692307710647583,0.002208835445344448
YDR064W,YGR214W,1,11.1270275,0.9569471478462219,0.4701923131942749,0.002208835445344448
YHR085W,YLR175W,1,11.121174,0.95703125,0.4711538553237915,0.002208835445344448
YOR063W,YOL080C,1,11.114948,0.9571149945259094,0.4721153974533081,0.002208835445344448
YMR014W,YPR132W,1,11.112462,0.957198441028595,0.4730769097805023,0.002208835445344448
YDR500C,YGR090W,1,11.101296,0.9572815299034119,0.4740384519100189,0.002208835445344448
YHL033C,YOL080C,1,11.081753,0.9573643207550049,0.4749999940395355,0.002208835445344448
YNR046W,YGR159C,1,11.074961,0.957446813583374,0.4759615361690521,0.002208835445344448
YBR142W,YLR438C-A,1,11.064143,0.9575289487838745,0.4769230782985687,0.002208835445344448
YNR024W,YOR308C,1,11.060024,0.9576107859611511,0.4778846204280853,0.002208835445344448
YGR195W,YGR214W,1,11.057207,0.9576923251152039,0.47884616255760193,0.002208835445344448
YNL022C,YER002W,1,11.054398,0.9577735066413879,0.47980770468711853,0.002208835445344448
YDL060W,YDR398W,1,11.053873,0.9578543901443481,0.48076921701431274,0.002208835445344448
YBR257W,YLR068W,1,11.0433235,0.9579349756240845,0.48173075914382935,0.002208835445344448
YKL172W,YHR065C,1,11.035414,0.9580152630805969,0.48269230127334595,0.002208835445344448
YKL172W,YLR017W,0,11.0353565,0.9561904668807983,0.48269230127334595,0.0023092369083315134
YER126C,YDR398W,1,11.031366,0.9562737345695496,0.48365384340286255,0.0023092369083315134
YJL191W,YLR293C,1,11.023916,0.9563567638397217,0.48461538553237915,0.0023092369083315134
YNL221C,YNR054C,1,11.023766,0.9564393758773804,0.48557692766189575,0.0023092369083315134
YBR142W,YDR457W,1,11.023485,0.95652174949646,0.48653846979141235,0.0023092369083315134
YGL135W,YER112W,1,11.019503,0.9566037654876709,0.48750001192092896,0.0023092369083315134
YPL146C,YGL120C,1,11.010235,0.956685483455658,0.48846152424812317,0.0023092369083315134
YGL030W,YER082C,1,11.010215,0.9567669034004211,0.48942306637763977,0.0023092369083315134
YGR103W,YGL246C,1,11.003851,0.9568480253219604,0.49038460850715637,0.0023092369083315134
YCR055C,YJR041C,1,11.0000105,0.9569288492202759,0.491346150636673,0.0023092369083315134
YOR167C,YJL010C,1,10.995815,0.9570093750953674,0.4923076927661896,0.0023092369083315134
YLR409C,YHR069C,1,10.993996,0.9570895433425903,0.4932692348957062,0.0023092369083315134
YPL198W,YBL069W,0,10.984083,0.9553072452545166,0.4932692348957062,0.0024096386041492224
YLR222C,YJL050W,1,10.980727,0.9553903341293335,0.4942307770252228,0.0024096386041492224
YDR398W,YPL012W,1,10.977949,0.9554731249809265,0.4951923191547394,0.0024096386041492224
YDR365C,YKR063C,1,10.977413,0.9555555582046509,0.4961538314819336,0.0024096386041492224
YER102W,YHR064C,1,10.97399,0.9556376934051514,0.4971153736114502,0.0024096386041492224
YMR285C,YCL054W,1,10.971338,0.955719530582428,0.4980769157409668,0.0024096386041492224
YER125W,YKR057W,1,10.9710045,0.9558011293411255,0.4990384578704834,0.0024096386041492224
YJL189W,YGR169C,0,10.966015,0.9540441036224365,0.4990384578704834,0.0025100400671362877
YHR085W,YGR030C,1,10.965399,0.9541284441947937,0.5,0.0025100400671362877
YPL211W,YNL182C,1,10.9639225,0.9542124271392822,0.5009615421295166,0.0025100400671362877
YHR085W,YNL061W,1,10.941882,0.9542961716651917,0.5019230842590332,0.0025100400671362877
YEL026W,YMR285C,1,10.932173,0.9543795585632324,0.5028846263885498,0.0025100400671362877
YNL075W,YDR478W,1,10.931559,0.9544626474380493,0.5038461685180664,0.0025100400671362877
YJL136C,YOR308C,1,10.927421,0.9545454382896423,0.504807710647583,0.0025100400671362877
YGR158C,YPR112C,1,10.907942,0.9546279311180115,0.5057692527770996,0.0025100400671362877
YHR089C,YFR031C-A,0,10.902092,0.9528985619544983,0.5057692527770996,0.0026104417629539967
YPR143W,YDR339C,1,10.895359,0.9529837369918823,0.5067307949066162,0.0026104417629539967
YCR035C,YBR181C,1,10.892605,0.9530686140060425,0.5076923370361328,0.0026104417629539967
YHR040W,YDL148C,1,10.887908,0.953153133392334,0.5086538195610046,0.0026104417629539967
YKL082C,YOR310C,1,10.875519,0.9532374143600464,0.5096153616905212,0.0026104417629539967
YDL166C,YLR197W,1,10.873917,0.9533213376998901,0.5105769038200378,0.0026104417629539967
YIL079C,YJR145C,0,10.865311,0.9516128897666931,0.5105769038200378,0.0027108434587717056
YKR060W,YBR181C,1,10.863914,0.951699435710907,0.5115384459495544,0.0027108434587717056
YGL078C,YOL080C,1,10.846826,0.9517857432365417,0.512499988079071,0.0027108434587717056
YER074W,YLR441C,1,10.8442,0.9518716335296631,0.5134615302085876,0.0027108434587717056
YCR047C,YNL207W,1,10.841377,0.9519572854042053,0.5144230723381042,0.0027108434587717056
YNR024W,YHR065C,1,10.809328,0.9520426392555237,0.5153846144676208,0.0027108434587717056
YHR197W,YJR055W,1,10.79752,0.9521276354789734,0.5163461565971375,0.0027108434587717056
YNL227C,YGR145W,1,10.795267,0.952212393283844,0.517307698726654,0.0027108434587717056
YHL011C,YLR333C,0,10.790824,0.9505300521850586,0.517307698726654,0.002811244921758771
YOR201C,YIL133C,1,10.77692,0.9506173133850098,0.5182692408561707,0.002811244921758771
YPL220W,YHR088W,1,10.776185,0.9507042169570923,0.5192307829856873,0.002811244921758771
YHR040W,YHR196W,1,10.771071,0.9507908821105957,0.5201923251152039,0.002811244921758771
YLR435W,YDL031W,1,10.765156,0.9508771896362305,0.5211538672447205,0.002811244921758771
YPR143W,YMR229C,1,10.763315,0.9509631991386414,0.5221154093742371,0.002811244921758771
YNL151C,YKL172W,0,10.751471,0.9493007063865662,0.5221154093742371,0.00291164661757648
YOR243C,YOR310C,1,10.747508,0.9493891596794128,0.5230769515037537,0.00291164661757648
YGR158C,YJR055W,1,10.745595,0.9494773745536804,0.5240384340286255,0.00291164661757648
YLR186W,YOL080C,1,10.72142,0.9495652318000793,0.5249999761581421,0.00291164661757648
YAL025C,YPL012W,1,10.71091,0.9496527910232544,0.5259615182876587,0.00291164661757648
YJL148W,YPL149W,0,10.690338,0.9480069279670715,0.5259615182876587,0.0030120480805635452
YPR137W,YCL031C,1,10.67808,0.9480968713760376,0.5269230604171753,0.0030120480805635452
YHR062C,YOR294W,1,10.676388,0.9481865167617798,0.5278846025466919,0.0030120480805635452
YPR016C,YDL051W,0,10.668618,0.9465517401695251,0.5278846025466919,0.003112449776381254
YGL029W,YLR051C,1,10.664944,0.9466437101364136,0.5288461446762085,0.003112449776381254
YNL022C,YGR159C,1,10.657581,0.9467353820800781,0.5298076868057251,0.003112449776381254
YGR090W,YER002W,1,10.65723,0.9468267560005188,0.5307692289352417,0.003112449776381254
YGL246C,YJR055W,1,10.652637,0.9469178318977356,0.5317307710647583,0.003112449776381254
YDR478W,YGL123W,1,10.639703,0.9470085501670837,0.5326923131942749,0.003112449776381254
YHR169W,YPL081W,1,10.614261,0.947098970413208,0.5336538553237915,0.003112449776381254
YPL146C,YDR117C,1,10.612771,0.9471890926361084,0.5346153974533081,0.003112449776381254
YLR435W,YOL080C,1,10.612228,0.9472789168357849,0.5355769395828247,0.003112449776381254
YAL025C,YHR088W,1,10.609288,0.9473684430122375,0.5365384817123413,0.003112449776381254
YIL069C,YDL148C,1,10.605104,0.9474576115608215,0.5375000238418579,0.003112449776381254
YCL031C,YLR068W,1,10.600764,0.9475465416908264,0.5384615659713745,0.003112449776381254
YPL146C,YHR052W,1,10.591019,0.9476351141929626,0.5394230484962463,0.003112449776381254
YEL026W,YDL031W,1,10.586353,0.9477234482765198,0.5403845906257629,0.003112449776381254
YLR186W,YNL112W,1,10.579037,0.9478114247322083,0.5413461327552795,0.003112449776381254
YBR247C,YNL209W,1,10.572735,0.9478991627693176,0.5423076748847961,0.003112449776381254
YJL148W,YBR268W,0,10.543891,0.9463087320327759,0.5423076748847961,0.003212851472198963
YPL082C,YAL033W,1,10.537846,0.9463986754417419,0.5432692170143127,0.003212851472198963
YNL112W,YER112W,1,10.536313,0.9464883208274841,0.5442307591438293,0.003212851472198963
YMR024W,YEL026W,1,10.526339,0.9465776085853577,0.545192301273346,0.003212851472198963
YLR083C,YDR500C,0,10.525036,0.9449999928474426,0.545192301273346,0.0033132529351860285
YKL099C,YPR132W,1,10.501399,0.9450914859771729,0.5461538434028625,0.0033132529351860285
YPR016C,YLR048W,1,10.491159,0.945182740688324,0.5471153855323792,0.0033132529351860285
YLR438C-A,YLR002C,1,10.46937,0.9452736377716064,0.5480769276618958,0.0033132529351860285
YPL081W,YCL054W,1,10.465944,0.945364236831665,0.5490384697914124,0.0033132529351860285
YHL033C,YDL060W,1,10.45912,0.9454545378684998,0.550000011920929,0.0033132529351860285
YGL173C,YKL009W,1,10.456648,0.9455445408821106,0.5509615540504456,0.0033132529351860285
YBR048W,YGL111W,1,10.448963,0.9456342458724976,0.5519230961799622,0.0033132529351860285
YGL076C,YLR186W,1,10.444132,0.9457237124443054,0.5528846383094788,0.0033132529351860285
YOL142W,YDR280W,1,10.442617,0.9458128213882446,0.5538461804389954,0.0033132529351860285
YNL182C,YNL209W,1,10.432734,0.94590163230896,0.5548076629638672,0.0033132529351860285
YDR478W,YHR196W,1,10.429962,0.9459902048110962,0.5557692050933838,0.0033132529351860285
YMR290C,YOL080C,1,10.425508,0.9460784196853638,0.5567307472229004,0.0033132529351860285
YKR094C,YBR181C,0,10.4249935,0.9445350766181946,0.5567307472229004,0.0034136546310037374
YGR285C,YDR021W,1,10.413542,0.9446253776550293,0.557692289352417,0.0034136546310037374
YLR107W,YGL246C,1,10.408599,0.9447154402732849,0.5586538314819336,0.0034136546310037374
YCL059C,YPL126W,1,10.402406,0.9448052048683167,0.5596153736114502,0.0034136546310037374
YOL010W,YHR064C,1,10.388935,0.9448946714401245,0.5605769157409668,0.0034136546310037374
YGR195W,YDL136W,1,10.373927,0.9449838399887085,0.5615384578704834,0.0034136546310037374
YPL093W,YHL001W,1,10.372244,0.9450727105140686,0.5625,0.0034136546310037374
YPL266W,YKL014C,1,10.372028,0.9451612830162048,0.5634615421295166,0.0034136546310037374
YDL083C,YGL030W,1,10.371675,0.945249617099762,0.5644230842590332,0.0034136546310037374
YAL033W,YDR087C,1,10.345388,0.9453375935554504,0.5653846263885498,0.0034136546310037374
YLR145W,YNL096C,1,10.33732,0.9454253315925598,0.5663461685180664,0.0034136546310037374
YGL173C,YER074W,1,10.322344,0.9455128312110901,0.567307710647583,0.0034136546310037374
YPL093W,YMR229C,1,10.320082,0.9455999732017517,0.5682692527770996,0.0034136546310037374
YKL156W,YLR068W,1,10.318682,0.9456868767738342,0.5692307949066162,0.0034136546310037374
YOR006C,YOR287C,1,10.289228,0.9457735419273376,0.5701923370361328,0.0034136546310037374
YOR078W,YPL126W,1,10.283844,0.9458598494529724,0.5711538195610046,0.0034136546310037374
YDR457W,YIL133C,1,10.283628,0.9459459185600281,0.5721153616905212,0.0034136546310037374
YGR271C-A,YCR057C,1,10.283489,0.9460317492485046,0.5730769038200378,0.0034136546310037374
YHR085W,YKR063C,1,10.27684,0.9461172819137573,0.5740384459495544,0.0034136546310037374
YGL123W,YLR059C,1,10.274889,0.9462025165557861,0.574999988079071,0.0034136546310037374
YEL026W,YMR131C,1,10.2735195,0.9462875127792358,0.5759615302085876,0.0034136546310037374
YOR063W,YNL002C,1,10.263687,0.9463722109794617,0.5769230723381042,0.0034136546310037374
YPR016C,YCR087C-A,1,10.243071,0.9464566707611084,0.5778846144676208,0.0034136546310037374
YDR087C,YPL207W,0,10.232409,0.944968581199646,0.5778846144676208,0.0035140563268214464
YPL198W,YNL282W,1,10.232271,0.9450549483299255,0.5788461565971375,0.0035140563268214464
YDR450W,YHR052W,1,10.231862,0.945141077041626,0.579807698726654,0.0035140563268214464
YKL156W,YNL182C,1,10.231714,0.9452269077301025,0.5807692408561707,0.0035140563268214464
YDL208W,YHR052W,1,10.229139,0.9453125,0.5817307829856873,0.0035140563268214464
YPL217C,YDR117C,1,10.226673,0.9453977942466736,0.5826923251152039,0.0035140563268214464
YOL142W,YGR090W,1,10.217897,0.9454828500747681,0.5836538672447205,0.0035140563268214464
YGR169C,YHR088W,1,10.217518,0.9455676674842834,0.5846154093742371,0.0035140563268214464
YHR169W,YPR144C,1,10.215445,0.945652186870575,0.5855769515037537,0.0035140563268214464
YPL235W,YHR088W,1,10.196255,0.9457364082336426,0.5865384340286255,0.0035140563268214464
YDL153C,YLR186W,1,10.18601,0.9458204507827759,0.5874999761581421,0.0035140563268214464
YMR285C,YNL132W,1,10.184704,0.9459041953086853,0.5884615182876587,0.0035140563268214464
YPL081W,YHL001W,1,10.179367,0.9459876418113708,0.5894230604171753,0.0035140563268214464
YBR189W,YJR055W,1,10.165255,0.9460708498954773,0.5903846025466919,0.0035140563268214464
YER102W,YKL082C,1,10.155087,0.9461538195610046,0.5913461446762085,0.0035140563268214464
YDL229W,YNL061W,1,10.13649,0.9462365508079529,0.5923076868057251,0.0035140563268214464
YJL136C,YPL211W,1,10.123442,0.946319043636322,0.5932692289352417,0.0035140563268214464
YNL075W,YHR065C,1,10.119537,0.9464012384414673,0.5942307710647583,0.0035140563268214464
YBR048W,YKL078W,1,10.109466,0.9464831948280334,0.5951923131942749,0.0035140563268214464
YOL022C,YGR128C,1,10.109079,0.9465649127960205,0.5961538553237915,0.0035140563268214464
YJL010C,YAL035W,1,10.105089,0.9466463327407837,0.5971153974533081,0.0035140563268214464
YLR435W,YMR229C,1,10.099138,0.9467275738716125,0.5980769395828247,0.0035140563268214464
YDR500C,YKL006W,1,10.089363,0.9468085169792175,0.5990384817123413,0.0035140563268214464
YLR185W,YKL009W,1,10.065657,0.9468892216682434,0.6000000238418579,0.0035140563268214464
YOL142W,YLR430W,1,10.065519,0.9469696879386902,0.6009615659713745,0.0035140563268214464
YGR103W,YDR299W,1,10.063104,0.9470499157905579,0.6019230484962463,0.0035140563268214464
YPR112C,YGR145W,1,10.057917,0.9471299052238464,0.6028845906257629,0.0035140563268214464
YKL156W,YJR041C,1,10.054231,0.9472096562385559,0.6038461327552795,0.0035140563268214464
YJR123W,YDR117C,1,10.052118,0.9472891688346863,0.6048076748847961,0.0035140563268214464
YDR478W,YLL011W,1,10.044054,0.9473684430122375,0.6057692170143127,0.0035140563268214464
YLR438C-A,YGR118W,1,10.039015,0.9474474191665649,0.6067307591438293,0.0035140563268214464
YHR081W,YBR279W,1,10.029123,0.947526216506958,0.607692301273346,0.0035140563268214464
YLL045C,YKL021C,1,10.025782,0.947604775428772,0.6086538434028625,0.0035140563268214464
YHR197W,YGR251W,1,10.009766,0.9476830959320068,0.6096153855323792,0.0035140563268214464
YPL217C,YDR365C,1,10.009296,0.9477611780166626,0.6105769276618958,0.0035140563268214464
YHR064C,YCR057C,1,10.004824,0.9478390216827393,0.6115384697914124,0.0035140563268214464
YGL135W,YOL142W,1,9.989874,0.9479166865348816,0.612500011920929,0.0035140563268214464
YKL156W,YFL023W,1,9.988632,0.9479940533638,0.6134615540504456,0.0035140563268214464
YFL023W,YOR310C,1,9.983497,0.9480712413787842,0.6144230961799622,0.0035140563268214464
YFL002C,YNL282W,1,9.98238,0.9481481313705444,0.6153846383094788,0.0035140563268214464
YKL014C,YBR181C,1,9.965176,0.9482248425483704,0.6163461804389954,0.0035140563268214464
YML063W,YDR299W,1,9.964116,0.9483013153076172,0.6173076629638672,0.0035140563268214464
YJL136C,YLR264W,1,9.940714,0.9483776092529297,0.6182692050933838,0.0035140563268214464
YGR169C,YHR085W,1,9.928878,0.9484536051750183,0.6192307472229004,0.0035140563268214464
YDR339C,YPL043W,1,9.927179,0.9485294222831726,0.620192289352417,0.0035140563268214464
YGR251W,YPL126W,1,9.924473,0.9486050009727478,0.6211538314819336,0.0035140563268214464
YJL010C,YCL031C,1,9.923135,0.9486803412437439,0.6221153736114502,0.0035140563268214464
YLR145W,YJL069C,1,9.922668,0.9487555027008057,0.6230769157409668,0.0035140563268214464
YHL015W,YNL308C,1,9.905913,0.9488304257392883,0.6240384578704834,0.0035140563268214464
YAL035W,YDL136W,1,9.904758,0.9489051103591919,0.625,0.0035140563268214464
YNL112W,YGR095C,1,9.899957,0.9489796161651611,0.6259615421295166,0.0035140563268214464
YPR137W,YER002W,1,9.888431,0.9490538835525513,0.6269230842590332,0.0035140563268214464
YDR064W,YLR059C,1,9.88464,0.9491279125213623,0.6278846263885498,0.0035140563268214464
YJR070C,YOR096W,0,9.878728,0.9477503895759583,0.6278846263885498,0.0036144577898085117
YGL076C,YDL060W,1,9.870201,0.947826087474823,0.6288461685180664,0.0036144577898085117
YBR048W,YGL189C,1,9.866579,0.9479016065597534,0.629807710647583,0.0036144577898085117
YMR229C,YHR064C,1,9.846344,0.9479768872261047,0.6307692527770996,0.0036144577898085117
YPL082C,YNL308C,1,9.846073,0.948051929473877,0.6317307949066162,0.0036144577898085117
YDR324C,YGL111W,1,9.845444,0.9481267929077148,0.6326923370361328,0.0036144577898085117
YOR201C,YDR339C,1,9.842271,0.9482014179229736,0.6336538195610046,0.0036144577898085117
YDL166C,YDL148C,1,9.837007,0.9482758641242981,0.6346153616905212,0.0036144577898085117
YPL198W,YHL025W,1,9.835907,0.9483500719070435,0.6355769038200378,0.0036144577898085117
YBR121C,YHR197W,0,9.817038,0.9469913840293884,0.6355769038200378,0.0037148594856262207
YGR118W,YOR001W,1,9.81703,0.9470672607421875,0.6365384459495544,0.0037148594856262207
YNL069C,YOR294W,1,9.811073,0.9471428394317627,0.637499988079071,0.0037148594856262207
YPR143W,YDR367W,0,9.775843,0.9457917213439941,0.637499988079071,0.003815260948613286
YDR450W,YKL021C,1,9.768915,0.945868968963623,0.6384615302085876,0.003815260948613286
YBR114W,YMR230W,0,9.753824,0.9445234537124634,0.6384615302085876,0.003915662877261639
YMR229C,YGL135W,1,9.749112,0.9446022510528564,0.6394230723381042,0.003915662877261639
YLL045C,YOR243C,1,9.736488,0.9446808695793152,0.6403846144676208,0.003915662877261639
YDR450W,YFL023W,1,9.728298,0.94475919008255,0.6413461565971375,0.003915662877261639
YPL146C,YCR055C,1,9.724835,0.9448373317718506,0.642307698726654,0.003915662877261639
YPL082C,YGR271C-A,1,9.723522,0.944915235042572,0.6432692408561707,0.003915662877261639
YNL162W,YPR143W,0,9.722542,0.9435825347900391,0.6432692408561707,0.00401606410741806
YDL148C,YOR078W,1,9.71763,0.9436619877815247,0.6442307829856873,0.00401606410741806
YPL012W,YGR030C,1,9.716078,0.9437412023544312,0.6451923251152039,0.00401606410741806
YLR293C,YMR014W,1,9.714242,0.9438202381134033,0.6461538672447205,0.00401606410741806
YPL266W,YNR046W,1,9.709806,0.9438990354537964,0.6471154093742371,0.00401606410741806
YML026C,YNL306W,1,9.689775,0.9439775943756104,0.6480769515037537,0.00401606410741806
YOL125W,YMR128W,0,9.687334,0.9426573514938354,0.6480769515037537,0.004116465803235769
YGR063C,YMR014W,1,9.682479,0.9427374005317688,0.6490384340286255,0.004116465803235769
YPL266W,YCR035C,1,9.67942,0.9428172707557678,0.6499999761581421,0.004116465803235769
YJL025W,YML063W,0,9.676743,0.941504180431366,0.6499999761581421,0.004216867499053478
YDL148C,YER006W,1,9.676357,0.9415855407714844,0.6509615182876587,0.004216867499053478
YCR047C,YOR294W,1,9.676058,0.9416666626930237,0.6519230604171753,0.004216867499053478
YPL235W,YCL054W,1,9.674772,0.9417475461959839,0.6528846025466919,0.004216867499053478
YBR048W,YML127W,1,9.673144,0.9418282508850098,0.6538461446762085,0.004216867499053478
YMR142C,YOR294W,0,9.663828,0.9405255913734436,0.6538461446762085,0.004317269194871187
YNL112W,YDL229W,1,9.662717,0.9406077265739441,0.6548076868057251,0.004317269194871187
YML026C,YHR021C,1,9.654038,0.9406896829605103,0.6557692289352417,0.004317269194871187
YPL143W,YPR112C,1,9.6497,0.9407713413238525,0.6567307710647583,0.004317269194871187
YHR089C,YLR015W,0,9.647911,0.9394773244857788,0.6567307710647583,0.004417670890688896
YFL045C,YNL248C,0,9.631605,0.9381868243217468,0.6567307710647583,0.004518072120845318
YGR169C,YOR078W,1,9.627029,0.9382715821266174,0.6576923131942749,0.004518072120845318
YOL077C,YBR153W,0,9.621822,0.9369863271713257,0.6576923131942749,0.004618473816663027
YLR186W,YER082C,1,9.611074,0.9370725154876709,0.6586538553237915,0.004618473816663027
YGL076C,YGR159C,1,9.606397,0.937158465385437,0.6596153974533081,0.004618473816663027
YGR063C,YKL014C,1,9.597359,0.937244176864624,0.6605769395828247,0.004618473816663027
YJR002W,YMR290C,1,9.591861,0.9373297095298767,0.6615384817123413,0.004618473816663027
YPL217C,YHR169W,1,9.589149,0.9374149441719055,0.6625000238418579,0.004618473816663027
YDL083C,YNL022C,1,9.572714,0.9375,0.6634615659713745,0.004618473816663027
YLR192C,YPR143W,1,9.565314,0.9375848174095154,0.6644230484962463,0.004618473816663027
YNL244C,YCR058C,0,9.560734,0.9363143444061279,0.6644230484962463,0.004718875512480736
YOR119C,YGR280C,1,9.548455,0.9364005327224731,0.6653845906257629,0.004718875512480736
YKL172W,YDR121W,0,9.54632,0.9351351261138916,0.6653845906257629,0.004819277208298445
YLR293C,YGR169C,1,9.542948,0.9352226853370667,0.6663461327552795,0.004819277208298445
YKL180W,YDR457W,1,9.519257,0.9353099465370178,0.6673076748847961,0.004819277208298445
YDR478W,YHR081W,1,9.513999,0.9353970289230347,0.6682692170143127,0.004819277208298445
YHR148W,YGL246C,1,9.501801,0.9354838728904724,0.6692307591438293,0.004819277208298445
YNL232W,YNL147W,1,9.500525,0.935570478439331,0.670192301273346,0.004819277208298445
YCR016W,YOL092W,0,9.493286,0.9343163371086121,0.670192301273346,0.004919678904116154
YAL025C,YGR145W,1,9.481857,0.9344043135643005,0.6711538434028625,0.004919678904116154
YHR040W,YBR257W,1,9.474276,0.9344919919967651,0.6721153855323792,0.004919678904116154
YLR192C,YLR435W,1,9.463127,0.9345794320106506,0.6730769276618958,0.004919678904116154
YLR192C,YNL207W,1,9.458155,0.9346666932106018,0.6740384697914124,0.004919678904116154
YDL213C,YOR004W,1,9.453817,0.9347536563873291,0.675000011920929,0.004919678904116154
YLR175W,YGR195W,1,9.452413,0.9348404407501221,0.6759615540504456,0.004919678904116154
YNL162W,YDR399W,0,9.447132,0.9335989356040955,0.6759615540504456,0.005020080134272575
YPL093W,YAL035W,1,9.444759,0.9336870312690735,0.6769230961799622,0.005020080134272575
YPR137W,YDR023W,0,9.40811,0.9324503540992737,0.6769230961799622,0.005120481830090284
YDR500C,YBR176W,0,9.401649,0.9312169551849365,0.6769230961799622,0.005220883525907993
YJR055W,YNR054C,1,9.393334,0.9313077926635742,0.6778846383094788,0.005220883525907993
YHR085W,YDR324C,1,9.39024,0.9313983917236328,0.6788461804389954,0.005220883525907993
YER131W,YDR478W,1,9.3859005,0.9314888119697571,0.6798076629638672,0.005220883525907993
YBR095C,YER074W,0,9.381678,0.9302631616592407,0.6798076629638672,0.005321285221725702
YDL036C,YDL130W,0,9.380322,0.9290407299995422,0.6798076629638672,0.005421686917543411
YGL120C,YNL308C,1,9.363735,0.9291338324546814,0.6807692050933838,0.005421686917543411
YHL015W,YHR088W,1,9.3428545,0.9292267560958862,0.6817307472229004,0.005421686917543411
YGL173C,YNL282W,1,9.339596,0.9293193817138672,0.682692289352417,0.005421686917543411
YDR399W,YGR118W,0,9.336766,0.9281045794487,0.682692289352417,0.005522088147699833
YOR006C,YOR078W,1,9.333776,0.9281984567642212,0.6836538314819336,0.005522088147699833
YDL148C,YJL050W,1,9.311225,0.9282920360565186,0.6846153736114502,0.005522088147699833
YIL020C,YFL023W,0,9.297726,0.9270833134651184,0.6846153736114502,0.005622489843517542
YDL229W,YNL002C,1,9.294735,0.927178144454956,0.6855769157409668,0.005622489843517542
YLR435W,YHL015W,1,9.278576,0.9272727370262146,0.6865384578704834,0.005622489843517542
YJR055W,YDR165W,0,9.276824,0.9260700345039368,0.6865384578704834,0.005722891539335251
YPL220W,YOL010W,1,9.271706,0.9261658191680908,0.6875,0.005722891539335251
YLR167W,YMR143W,1,9.267117,0.926261305809021,0.6884615421295166,0.005722891539335251
YMR285C,YGL246C,1,9.264498,0.9263566136360168,0.6894230842590332,0.005722891539335251
YGR169C,YDR324C,1,9.253841,0.9264516234397888,0.6903846263885498,0.005722891539335251
YDL166C,YOR001W,1,9.249569,0.9265463948249817,0.6913461685180664,0.005722891539335251
YJL136C,YDL208W,1,9.237845,0.9266409277915955,0.692307710647583,0.005722891539335251
YGR063C,YLR167W,1,9.233594,0.9267352223396301,0.6932692527770996,0.005722891539335251
YGL189C,YJL109C,1,9.224936,0.9268292784690857,0.6942307949066162,0.005722891539335251
YHL025W,YCL054W,1,9.210168,0.9269230961799622,0.6951923370361328,0.005722891539335251
YHR064C,YHR021C,1,9.200754,0.9270166158676147,0.6961538195610046,0.005722891539335251
YHR081W,YDL213C,1,9.181137,0.927109956741333,0.6971153616905212,0.005722891539335251
YOR056C,YGR276C,1,9.164583,0.9272030591964722,0.6980769038200378,0.005722891539335251
YHL015W,YDL191W,1,9.161875,0.9272959232330322,0.6990384459495544,0.005722891539335251
YFR031C-A,YDL082W,0,9.158083,0.9261146783828735,0.6990384459495544,0.00582329323515296
YDL153C,YCL031C,1,9.157733,0.9262086749076843,0.699999988079071,0.00582329323515296
YLR107W,YPR016C,1,9.145742,0.926302433013916,0.7009615302085876,0.00582329323515296
YBL028C,YOR271C,0,9.1419325,0.9251269102096558,0.7009615302085876,0.005923694930970669
YLR106C,YJR041C,1,9.138715,0.9252218008041382,0.7019230723381042,0.005923694930970669
YPL183C,YMR239C,0,9.13743,0.9240506291389465,0.7019230723381042,0.0060240961611270905
YIL091C,YCR055C,1,9.118092,0.9241466522216797,0.7028846144676208,0.0060240961611270905
YAL025C,YDL014W,1,9.117567,0.9242424368858337,0.7038461565971375,0.0060240961611270905
YDR025W,YGR169C,1,9.110272,0.9243379831314087,0.704807698726654,0.0060240961611270905
YER131W,YBR282W,0,9.106517,0.9231737852096558,0.704807698726654,0.006124497856944799
YOR205C,YJL177W,1,9.104471,0.9232704639434814,0.7057692408561707,0.006124497856944799
YGR158C,YCR047C,1,9.095234,0.9233668446540833,0.7067307829856873,0.006124497856944799
YDL111C,YHR069C,1,9.084244,0.923462986946106,0.7076923251152039,0.006124497856944799
YDR324C,YHR196W,1,9.063164,0.9235588908195496,0.7086538672447205,0.006124497856944799
YER126C,YOL021C,1,9.062153,0.9236545562744141,0.7096154093742371,0.006124497856944799
YOL142W,YNL221C,1,9.047255,0.9237499833106995,0.7105769515037537,0.006124497856944799
YKL156W,YBR189W,1,9.045003,0.9238451719284058,0.7115384340286255,0.006124497856944799
YDL036C,YNL119W,0,9.018217,0.9226932525634766,0.7115384340286255,0.006224899552762508
YNL306W,YHR081W,1,9.005478,0.9227895140647888,0.7124999761581421,0.006224899552762508
YDR322W,YBR142W,0,9.002277,0.9216417670249939,0.7124999761581421,0.006325301248580217
YPL143W,YGL246C,1,8.985971,0.9217391014099121,0.7134615182876587,0.006325301248580217
YLR409C,YOR310C,1,8.982493,0.921836256980896,0.7144230604171753,0.006325301248580217
YIL091C,YDR025W,1,8.9783,0.921933114528656,0.7153846025466919,0.006325301248580217
YGL135W,YGR276C,1,8.969,0.9220296740531921,0.7163461446762085,0.006325301248580217
YOR236W,YBR181C,0,8.964866,0.9208899736404419,0.7163461446762085,0.006425702944397926
YHR062C,YOL080C,1,8.956023,0.9209876656532288,0.7173076868057251,0.006425702944397926
YNL232W,YGL226W,0,8.955098,0.9198520183563232,0.7173076868057251,0.006526104640215635
YLR106C,YCL031C,1,8.94984,0.9199507236480713,0.7182692289352417,0.006526104640215635
YLR015W,YIL064W,0,8.943806,0.9188191890716553,0.7182692289352417,0.006626505870372057
YJL189W,YBR031W,0,8.921925,0.9176903963088989,0.7182692289352417,0.006726907566189766
YNL207W,YLR409C,1,8.905621,0.9177914261817932,0.7192307710647583,0.006726907566189766
YPR137W,YDR339C,1,8.88719,0.9178921580314636,0.7201923131942749,0.006726907566189766
YHL033C,YKR063C,1,8.879543,0.9179926514625549,0.7211538553237915,0.006726907566189766
YLR264W,YHR021C,1,8.876247,0.9180929064750671,0.7221153974533081,0.006726907566189766
YIL069C,YGL135W,1,8.874263,0.9181929230690002,0.7230769395828247,0.006726907566189766
YHR088W,YGR276C,1,8.872395,0.9182927012443542,0.7240384817123413,0.006726907566189766
YPR132W,YOL010W,1,8.869588,0.9183921813964844,0.7250000238418579,0.006726907566189766
YLR165C,YPL235W,1,8.859531,0.9184914827346802,0.7259615659713745,0.006726907566189766
YLR129W,YNL147W,1,8.856203,0.9185905456542969,0.7269230484962463,0.006726907566189766
YLL035W,YHR064C,1,8.820162,0.9186893105506897,0.7278845906257629,0.006726907566189766
YGR128C,YGL030W,1,8.817118,0.9187878966331482,0.7288461327552795,0.006726907566189766
YAL035W,YHR089C,1,8.813957,0.9188861846923828,0.7298076748847961,0.006726907566189766
YHR040W,YJR022W,1,8.807863,0.9189842939376831,0.7307692170143127,0.006726907566189766
YGR094W,YPL220W,0,8.799967,0.9178743958473206,0.7307692170143127,0.006827309262007475
YGR264C,YOR182C,0,8.785953,0.9167671799659729,0.7307692170143127,0.006927710957825184
YDR091C,YPL235W,1,8.782767,0.9168674945831299,0.7317307591438293,0.006927710957825184
YOR119C,YGL030W,1,8.780694,0.916967511177063,0.732692301273346,0.006927710957825184
YNL221C,YOR287C,1,8.768942,0.917067289352417,0.7336538434028625,0.006927710957825184
YPR137W,YGR090W,1,8.766192,0.9171668887138367,0.7346153855323792,0.006927710957825184
YGR272C,YPL126W,1,8.766018,0.9172661900520325,0.7355769276618958,0.006927710957825184
YGL078C,YLR010C,0,8.76062,0.916167676448822,0.7355769276618958,0.007028112653642893
YLR185W,YNR054C,1,8.759987,0.9162679314613342,0.7365384697914124,0.007028112653642893
YMR242C,YJL109C,0,8.749887,0.9151732325553894,0.7365384697914124,0.0071285138837993145
YOL066C,YMR131C,1,8.733665,0.915274441242218,0.737500011920929,0.0071285138837993145
YJL136C,YDR378C,1,8.725735,0.9153754711151123,0.7384615540504456,0.0071285138837993145
YDL083C,YOR287C,1,8.724379,0.9154762029647827,0.7394230961799622,0.0071285138837993145
YOR205C,YLR167W,1,8.7224,0.915576696395874,0.7403846383094788,0.0071285138837993145
YOL066C,YDL111C,1,8.719074,0.9156769514083862,0.7413461804389954,0.0071285138837993145
YBR247C,YKR008W,0,8.7119255,0.9145907759666443,0.7413461804389954,0.0072289155796170235
YMR290C,YDR339C,1,8.685005,0.9146919250488281,0.7423076629638672,0.0072289155796170235
YOR206W,YEL027W,0,8.67798,0.9136094450950623,0.7423076629638672,0.0073293172754347324
YOL021C,YCR035C,1,8.677642,0.9137116074562073,0.7432692050933838,0.0073293172754347324
YKL180W,YNR046W,1,8.654929,0.9138134717941284,0.7442307472229004,0.0073293172754347324
YMR285C,YGL189C,1,8.650522,0.9139150977134705,0.745192289352417,0.0073293172754347324
YLL008W,YDR370C,1,8.647043,0.9140164852142334,0.7461538314819336,0.0073293172754347324
YLR129W,YCR087C-A,1,8.637491,0.9141176342964172,0.7471153736114502,0.0073293172754347324
YLR438C-A,YOL010W,1,8.635818,0.914218544960022,0.7480769157409668,0.0073293172754347324
YMR242C,YKR026C,0,8.632322,0.9131455421447754,0.7480769157409668,0.007429718971252441
YPL266W,YOL021C,1,8.630925,0.9132473468780518,0.7490384578704834,0.007429718971252441
YJL136C,YGL120C,1,8.624395,0.9133489727973938,0.75,0.007429718971252441
YBR247C,YGR222W,0,8.612877,0.9122806787490845,0.75,0.00753012066707015
YNL162W,YLR060W,0,8.6119995,0.9112149477005005,0.75,0.007630521897226572
YPL093W,YGR095C,1,8.609556,0.9113185405731201,0.7509615421295166,0.007630521897226572
YLR175W,YBR282W,0,8.5853195,0.9102563858032227,0.7509615421295166,0.007730923593044281
YNL124W,YML093W,1,8.576736,0.9103608727455139,0.7519230842590332,0.007730923593044281
YFL002C,YDR370C,1,8.574539,0.9104651212692261,0.7528846263885498,0.007730923593044281
YPL093W,YOR048C,1,8.557276,0.9105691313743591,0.7538461685180664,0.007730923593044281
YLR438C-A,YNL282W,1,8.55331,0.9106728434562683,0.754807710647583,0.007730923593044281
YGL103W,YGR034W,0,8.538876,0.9096176028251648,0.754807710647583,0.007831325754523277
YAL033W,YHR088W,1,8.525684,0.9097222089767456,0.7557692527770996,0.007831325754523277
YOR089C,YGR158C,0,8.525119,0.9086705446243286,0.7557692527770996,0.007931726984679699
YGR214W,YIL148W,0,8.512171,0.9076212644577026,0.7557692527770996,0.00803212821483612
YOL144W,YGR272C,1,8.510973,0.9077277779579163,0.7567307949066162,0.00803212821483612
YPR016C,YDR324C,1,8.491971,0.9078341126441956,0.7576923370361328,0.00803212821483612
YMR217W,YLR048W,0,8.480043,0.9067894220352173,0.7576923370361328,0.008132530376315117
YLR186W,YDR299W,1,8.472218,0.9068965315818787,0.7586538195610046,0.008132530376315117
YMR290C,YGR095C,1,8.46583,0.9070034623146057,0.7596153616905212,0.008132530376315117
YNL069C,YDL191W,1,8.46459,0.9071100950241089,0.7605769038200378,0.008132530376315117
YOR119C,YIL133C,1,8.457055,0.907216489315033,0.7615384459495544,0.008132530376315117
YNL162W,YNL207W,0,8.455938,0.9061784744262695,0.7615384459495544,0.008232931606471539
YML043C,YKL014C,0,8.453668,0.9051428437232971,0.7615384459495544,0.008333333767950535
YCR031C,YPL104W,0,8.444227,0.9041095972061157,0.7615384459495544,0.008433734998106956
YGR090W,YCR057C,1,8.438642,0.9042189121246338,0.762499988079071,0.008433734998106956
YDR211W,YGR251W,0,8.437062,0.9031890630722046,0.762499988079071,0.008534136228263378
YIL128W,YPL143W,0,8.432299,0.9021615386009216,0.762499988079071,0.008634538389742374
YER126C,YHR013C,0,8.429995,0.9011363387107849,0.762499988079071,0.008734939619898796
YDR091C,YNL112W,1,8.419667,0.901248574256897,0.7634615302085876,0.008734939619898796
YAL019W,YDL208W,0,8.413265,0.9002267718315125,0.7634615302085876,0.008835341781377792
YIL052C,YDR361C,0,8.392769,0.8992072343826294,0.7634615302085876,0.008935743011534214
YGR271C-A,YCR047C,1,8.376996,0.8993212580680847,0.7644230723381042,0.008935743011534214
YGR285C,YOR243C,1,8.36848,0.8994350433349609,0.7653846144676208,0.008935743011534214
YIL139C,YJR041C,0,8.354881,0.8984198570251465,0.7653846144676208,0.009036144241690636
YDL036C,YGR034W,0,8.336906,0.8974069952964783,0.7653846144676208,0.009136546403169632
YGR030C,YLL035W,1,8.33134,0.897522509098053,0.7663461565971375,0.009136546403169632
YPL093W,YDR450W,1,8.330387,0.8976377844810486,0.767307698726654,0.009136546403169632
YHL033C,YBR141C,1,8.293638,0.8977528214454651,0.7682692408561707,0.009136546403169632
YMR093W,YBR167C,1,8.293273,0.8978675603866577,0.7692307829856873,0.009136546403169632
YOL144W,YER099C,0,8.285488,0.8968609571456909,0.7692307829856873,0.009236947633326054
YBR257W,YFR001W,1,8.262176,0.8969764709472656,0.7701923251152039,0.009236947633326054
YBR279W,YGR159C,1,8.259809,0.8970917463302612,0.7711538672447205,0.009236947633326054
YOL080C,YDL189W,0,8.2573395,0.8960893750190735,0.7711538672447205,0.00933734979480505
YOR056C,YMR143W,1,8.242514,0.8962053656578064,0.7721154093742371,0.00933734979480505
YNL022C,YGR030C,1,8.238651,0.8963210582733154,0.7730769515037537,0.00933734979480505
YIL069C,YGR195W,1,8.233523,0.8964365124702454,0.7740384340286255,0.00933734979480505
YPL090C,YEL055C,1,8.232056,0.8965517282485962,0.7749999761581421,0.00933734979480505
YDL184C,YDR466W,0,8.225,0.8955555558204651,0.7749999761581421,0.009437751024961472
YDL229W,YMR285C,1,8.220352,0.8956714868545532,0.7759615182876587,0.009437751024961472
YCR055C,YCR035C,1,8.217854,0.8957871198654175,0.7769230604171753,0.009437751024961472
YOL144W,YHL015W,1,8.205872,0.8959025740623474,0.7778846025466919,0.009437751024961472
YEL026W,YGR118W,1,8.202909,0.8960176706314087,0.7788461446762085,0.009437751024961472
YER127W,YPL172C,0,8.168546,0.8950276374816895,0.7788461446762085,0.009538152255117893
YGL136C,YDR339C,1,8.149438,0.8951435089111328,0.7798076868057251,0.009538152255117893
YDR280W,YBL018C,1,8.141844,0.8952590823173523,0.7807692289352417,0.009538152255117893
YGL120C,YOL010W,1,8.134118,0.8953744769096375,0.7817307710647583,0.009538152255117893
YGL078C,YNR027W,0,8.133827,0.8943894505500793,0.7817307710647583,0.00963855441659689
YML127W,YBR181C,1,8.131432,0.894505500793457,0.7826923131942749,0.00963855441659689
YGR081C,YGL061C,0,8.117126,0.8935235738754272,0.7826923131942749,0.009738955646753311
YGL136C,YNL227C,1,8.109236,0.8936403393745422,0.7836538553237915,0.009738955646753311
YAL035W,YGR030C,1,8.100872,0.8937568664550781,0.7846153974533081,0.009738955646753311
YJR002W,YDL014W,1,8.092272,0.8938730955123901,0.7855769395828247,0.009738955646753311
YHR072W-A,YHR081W,1,8.067085,0.893989086151123,0.7865384817123413,0.009738955646753311
YHR064C,YGR159C,1,8.048087,0.8941047787666321,0.7875000238418579,0.009738955646753311
YKL003C,YJL136C,0,8.044996,0.8931297659873962,0.7875000238418579,0.009839357808232307
YJR063W,YPL068C,0,8.021242,0.8921568393707275,0.7875000238418579,0.009939759038388729
YGL256W,YOR004W,0,8.010968,0.8911860585212708,0.7875000238418579,0.01004016026854515
YDL060W,YOL061W,0,7.982888,0.8902173638343811,0.7875000238418579,0.010140562430024147
YLR364W,YKL172W,0,7.981167,0.8892508149147034,0.7875000238418579,0.010240963660180569
YGR063C,YGL135W,1,7.9785337,0.8893709182739258,0.7884615659713745,0.010240963660180569
YOR006C,YHR169W,1,7.9728756,0.8894907832145691,0.7894230484962463,0.010240963660180569
YJL133W,YJL125C,0,7.9696627,0.8885281682014465,0.7894230484962463,0.010341365821659565
YER146W,YGL029W,1,7.9651766,0.8886486291885376,0.7903845906257629,0.010341365821659565
YGR118W,YBR279W,1,7.9561157,0.8887689113616943,0.7913461327552795,0.010341365821659565
YLR106C,YNL069C,1,7.949254,0.8888888955116272,0.7923076748847961,0.010341365821659565
YGR090W,YJL109C,1,7.945056,0.889008641242981,0.7932692170143127,0.010341365821659565
YPL266W,YPR112C,1,7.9373617,0.8891280889511108,0.7942307591438293,0.010341365821659565
YCR018C,YLR222C,1,7.932084,0.8892472982406616,0.795192301273346,0.010341365821659565
YOR006C,YCL054W,1,7.930867,0.8893662691116333,0.7961538434028625,0.010341365821659565
YOR001W,YER007C-A,0,7.9069858,0.8884119987487793,0.7961538434028625,0.010441767051815987
YPL217C,YOR310C,1,7.906973,0.8885316252708435,0.7971153855323792,0.010441767051815987
YOR096W,YBR141C,1,7.906439,0.8886509537696838,0.7980769276618958,0.010441767051815987
YPR100W,YBR191W,0,7.905658,0.8877005577087402,0.7980769276618958,0.010542168281972408
YOR308C,YDR091C,1,7.9018726,0.8878205418586731,0.7990384697914124,0.010542168281972408
YLR009W,YBR030W,0,7.88758,0.8868730068206787,0.7990384697914124,0.010642570443451405
YHR059W,YDR418W,0,7.8853173,0.8859274983406067,0.7990384697914124,0.010742971673607826
YIL096C,YDL098C,0,7.861085,0.884984016418457,0.7990384697914124,0.010843373835086823
YMR217W,YGR027C,0,7.860982,0.8840425610542297,0.7990384697914124,0.010943775065243244
YML026C,YDL083C,1,7.8603563,0.8841657638549805,0.800000011920929,0.010943775065243244
YNL112W,YOR310C,1,7.851453,0.8842887282371521,0.8009615540504456,0.010943775065243244
YDR087C,YOR283W,0,7.8365183,0.8833510279655457,0.8009615540504456,0.011044176295399666
YKL099C,YDR450W,1,7.824673,0.883474588394165,0.8019230961799622,0.011044176295399666
YOR167C,YJR143C,0,7.8224525,0.882539689540863,0.8019230961799622,0.011144578456878662
YDR412W,YKL145W,0,7.821287,0.8816067576408386,0.8019230961799622,0.011244979687035084
YNL124W,YJL177W,1,7.8161893,0.8817318081855774,0.8028846383094788,0.011244979687035084
YDR398W,YDL213C,1,7.8039465,0.8818565607070923,0.8038461804389954,0.011244979687035084
YBL069W,YIL018W,0,7.790872,0.8809272646903992,0.8038461804389954,0.01134538184851408
YGR169C,YGL135W,1,7.7892656,0.8810526132583618,0.8048076629638672,0.01134538184851408
YGR078C,YKL009W,0,7.7887406,0.8801261782646179,0.8048076629638672,0.011445783078670502
YLR186W,YKR063C,1,7.7864146,0.8802521228790283,0.8057692050933838,0.011445783078670502
YLR167W,YKR063C,1,7.7821264,0.8803777694702148,0.8067307472229004,0.011445783078670502
YGL031C,YNL054W,0,7.7796264,0.8794549107551575,0.8067307472229004,0.011546184308826923
YGL174W,YPL131W,0,7.7727776,0.8785340189933777,0.8067307472229004,0.01164658647030592
YJL109C,YJR042W,0,7.767992,0.8776150345802307,0.8067307472229004,0.011746987700462341
YKR060W,YBR167C,1,7.761424,0.8777429461479187,0.807692289352417,0.011746987700462341
YGR158C,YLR145W,1,7.758341,0.8778705596923828,0.8086538314819336,0.011746987700462341
YOR096W,YLR432W,0,7.755792,0.8769551515579224,0.8086538314819336,0.011847389861941338
YLR167W,YHR021C,1,7.7418127,0.8770833611488342,0.8096153736114502,0.011847389861941338
YLL008W,YDR056C,0,7.7374463,0.8761706352233887,0.8096153736114502,0.01194779109209776
YML026C,YPL081W,1,7.730063,0.8762993812561035,0.8105769157409668,0.01194779109209776
YHR069C,YGR276C,1,7.729419,0.8764278292655945,0.8115384578704834,0.01194779109209776
YGR027C,YNL292W,0,7.728908,0.8755186796188354,0.8115384578704834,0.012048192322254181
YGL120C,YGR195W,1,7.721629,0.8756476640701294,0.8125,0.012048192322254181
YMR269W,YOR168W,0,7.7104087,0.8747411966323853,0.8125,0.012148594483733177
YLR192C,YNL227C,1,7.709214,0.8748707175254822,0.8134615421295166,0.012148594483733177
YJL033W,YMR153W,0,7.7026978,0.8739669322967529,0.8134615421295166,0.012248995713889599
YOL022C,YBL004W,1,7.689516,0.8740969896316528,0.8144230842590332,0.012248995713889599
YAL035W,YOR119C,1,7.6715965,0.8742268085479736,0.8153846263885498,0.012248995713889599
YMR128W,YNL050C,0,7.6715508,0.8733264803886414,0.8153846263885498,0.012349397875368595
YMR269W,YML036W,0,7.6681066,0.8724279999732971,0.8153846263885498,0.012449799105525017
YDL061C,YDR227W,0,7.659102,0.8715313673019409,0.8153846263885498,0.012550201267004013
YCL031C,YDR378C,1,7.6574345,0.8716632723808289,0.8163461685180664,0.012550201267004013
YNL247W,YOR004W,0,7.654088,0.870769202709198,0.8163461685180664,0.012650602497160435
YDL136W,YLL035W,1,7.6540055,0.8709016442298889,0.817307710647583,0.012650602497160435
YOR145C,YGR276C,1,7.651691,0.871033787727356,0.8182692527770996,0.012650602497160435
YAL003W,YLL009C,0,7.6464787,0.8701431751251221,0.8182692527770996,0.012751003727316856
YGR200C,YGL173C,0,7.6446075,0.8692543506622314,0.8182692527770996,0.012851405888795853
YBR084W,YMR230W,0,7.642399,0.8683673739433289,0.8182692527770996,0.012951807118952274
YNL162W,YGR047C,0,7.6423945,0.8674821853637695,0.8182692527770996,0.01305220928043127
YOR119C,YGL135W,1,7.6327734,0.867617130279541,0.8192307949066162,0.01305220928043127
YOR310C,YMR012W,0,7.6166086,0.866734504699707,0.8192307949066162,0.013152610510587692
YKL194C,YNL175C,0,7.6128826,0.8658536672592163,0.8192307949066162,0.013253011740744114
YBR119W,YBL092W,0,7.610305,0.8649746179580688,0.8192307949066162,0.01335341390222311
YLR401C,YBR092C,0,7.6049814,0.8640973567962646,0.8192307949066162,0.013453815132379532
YFL023W,YNL282W,1,7.6008654,0.8642350435256958,0.8201923370361328,0.013453815132379532
YDR280W,YPR060C,0,7.5915146,0.8633603453636169,0.8201923370361328,0.013554217293858528
YER147C,YLR061W,0,7.5725327,0.8624873757362366,0.8201923370361328,0.01365461852401495
YHR204W,YPR102C,0,7.567808,0.8616161346435547,0.8201923370361328,0.013755019754171371
YDL229W,YER112W,1,7.551132,0.8617557883262634,0.8211538195610046,0.013755019754171371
YGR085C,YDR165W,0,7.5475564,0.8608871102333069,0.8211538195610046,0.013855421915650368
YMR128W,YKR063C,1,7.544546,0.861027181148529,0.8221153616905212,0.013855421915650368
YPR187W,YDR121W,0,7.5341682,0.8601609468460083,0.8221153616905212,0.01395582314580679
YOL120C,YML106W,0,7.53156,0.8592965006828308,0.8221153616905212,0.014056225307285786
YDR450W,YGR251W,1,7.5133085,0.8594377636909485,0.8230769038200378,0.014056225307285786
YPL211W,YBR167C,1,7.505336,0.8595787286758423,0.8240384459495544,0.014056225307285786
YHR089C,YHR186C,0,7.4747276,0.8587174415588379,0.8240384459495544,0.014156626537442207
YNL124W,YHL025W,1,7.470732,0.8588588833808899,0.824999988079071,0.014156626537442207
YCR031C,YLR059C,1,7.469282,0.859000027179718,0.8259615302085876,0.014156626537442207
YLR293C,YOR119C,1,7.4689584,0.8591408729553223,0.8269230723381042,0.014156626537442207
YDL061C,YGL226W,0,7.46203,0.8582834601402283,0.8269230723381042,0.014257027767598629
YGR078C,YBR257W,0,7.4602346,0.857427716255188,0.8269230723381042,0.014357429929077625
YHR197W,YBL018C,1,7.4590645,0.857569694519043,0.8278846144676208,0.014357429929077625
YMR242C,YER049W,0,7.440134,0.8567163944244385,0.8278846144676208,0.014457831159234047
YCR031C,YBL004W,1,7.4279356,0.8568588495254517,0.8288461565971375,0.014457831159234047
YPL198W,YOR067C,0,7.427113,0.8560079336166382,0.8288461565971375,0.014558233320713043
YNL112W,YOR048C,1,7.4264736,0.8561508059501648,0.829807698726654,0.014558233320713043
YDR457W,YBL026W,1,7.424243,0.8562933802604675,0.8307692408561707,0.014558233320713043
YBR141C,YER029C,0,7.4241457,0.8554455637931824,0.8307692408561707,0.014658634550869465
YLR186W,YML005W,0,7.4036293,0.8545994162559509,0.8307692408561707,0.014759035781025887
YHR085W,YDR345C,0,7.4027004,0.8537549376487732,0.8307692408561707,0.014859437942504883
YPR132W,YDR339C,1,7.4023733,0.8538993000984192,0.8317307829856873,0.014859437942504883
YMR146C,YJR055W,0,7.386532,0.8530572056770325,0.8317307829856873,0.014959839172661304
YNL221C,YDL111C,1,7.3859153,0.8532019853591919,0.8326923251152039,0.014959839172661304
YDL166C,YGR272C,1,7.3782215,0.8533464670181274,0.8336538672447205,0.014959839172661304
YLR328W,YLR264W,0,7.3734055,0.8525073528289795,0.8336538672447205,0.0150602413341403
YKL078W,YNL240C,0,7.3730536,0.85166996717453,0.8336538672447205,0.015160642564296722
YDR081C,YGL147C,0,7.3458405,0.8508341312408447,0.8336538672447205,0.015261043794453144
YNL247W,YBR271W,0,7.3362284,0.8500000238418579,0.8336538672447205,0.01536144595593214
YPL038W,YFR032C-A,0,7.321724,0.8491674661636353,0.8336538672447205,0.015461847186088562
YAL025C,YDR324C,1,7.318364,0.8493150472640991,0.8346154093742371,0.015461847186088562
YGL173C,YGL135W,1,7.3145437,0.8494623899459839,0.8355769515037537,0.015461847186088562
YDL229W,YGR251W,1,7.3030686,0.849609375,0.8365384340286255,0.015461847186088562
YJR123W,YGL243W,0,7.296733,0.8487805128097534,0.8365384340286255,0.015562249347567558
YDL153C,YDR324C,1,7.295267,0.8489278554916382,0.8374999761581421,0.015562249347567558
YHR204W,YDR471W,0,7.2515907,0.8481012582778931,0.8374999761581421,0.015662651509046555
YMR285C,YLL035W,1,7.23961,0.8482490181922913,0.8384615182876587,0.015662651509046555
YOL142W,YER125W,1,7.2294936,0.8483964800834656,0.8394230604171753,0.015662651509046555
YER049W,YBL068W,0,7.227831,0.8475728034973145,0.8394230604171753,0.0157630518078804
YGR063C,YGR195W,1,7.2139153,0.8477206826210022,0.8403846025466919,0.0157630518078804
YLR438C-A,YPR057W,0,7.2131968,0.8468992114067078,0.8403846025466919,0.015863453969359398
YGL136C,YKR063C,1,7.212408,0.8470474481582642,0.8413461446762085,0.015863453969359398
YKL192C,YOR341W,0,7.211808,0.8462282419204712,0.8413461446762085,0.015963856130838394
YDR247W,YPR132W,0,7.19751,0.8454106450080872,0.8413461446762085,0.01606425642967224
YKL006C-A,YDR083W,0,7.196273,0.8445945978164673,0.8413461446762085,0.016164658591151237
YOR048C,YHL015W,1,7.1879435,0.8447444438934326,0.8423076868057251,0.016164658591151237
YGL092W,YOR004W,0,7.184451,0.8439306616783142,0.8423076868057251,0.016265060752630234
YLR043C,YER102W,0,7.182085,0.8431183695793152,0.8423076868057251,0.01636546105146408
YPL126W,YDR098C,0,7.177368,0.8423076868057251,0.8423076868057251,0.016465863212943077
YLR175W,YKR085C,0,7.176031,0.8414985537528992,0.8423076868057251,0.016566265374422073
YLR068W,YDL102W,0,7.172441,0.8406909704208374,0.8423076868057251,0.01666666753590107
YDR081C,YML056C,0,7.152711,0.8398849368095398,0.8423076868057251,0.016767067834734917
YML043C,YDR091C,0,7.140061,0.8390804529190063,0.8423076868057251,0.016867469996213913
YMR049C,YJL004C,0,7.1395826,0.8382775187492371,0.8423076868057251,0.01696787215769291
YKL180W,YNL124W,1,7.1352673,0.8384321331977844,0.8432692289352417,0.01696787215769291
YNL124W,YGR214W,1,7.12329,0.8385864496231079,0.8442307710647583,0.01696787215769291
YAL035W,YER125W,1,7.118292,0.8387404680252075,0.8451923131942749,0.01696787215769291
YKL110C,YPL090C,0,7.1070957,0.8379408717155457,0.8451923131942749,0.017068272456526756
YOR056C,YLR264W,1,7.0973597,0.8380952477455139,0.8461538553237915,0.017068272456526756
YHR066W,YJR048W,0,7.09733,0.837297797203064,0.8461538553237915,0.017168674618005753
YNL207W,YLR264W,1,7.0954695,0.8374524712562561,0.8471153974533081,0.017168674618005753
YBR191W,YKL183W,0,7.0950303,0.8366571664810181,0.8471153974533081,0.01726907677948475
YOR232W,YLL011W,0,7.0739746,0.8358633518218994,0.8471153974533081,0.017369477078318596
YGR103W,YLR309C,0,7.0730305,0.8350710868835449,0.8471153974533081,0.017469879239797592
YHR085W,YFL009W,1,7.063156,0.8352272510528564,0.8480769395828247,0.017469879239797592
YGL135W,YNL209W,1,7.0607085,0.8353831768035889,0.8490384817123413,0.017469879239797592
YFR001W,YPR125W,0,7.058485,0.8345935940742493,0.8490384817123413,0.01757028140127659
YNL061W,YGR181W,0,7.056907,0.833805501461029,0.8490384817123413,0.017670683562755585
YBR094W,YGL076C,0,7.0554805,0.8330188393592834,0.8490384817123413,0.017771083861589432
YJL189W,YNL233W,0,7.055263,0.832233726978302,0.8490384817123413,0.017871486023068428
YDR021W,YBL004W,1,7.0298357,0.8323917388916016,0.8500000238418579,0.017871486023068428
YNR024W,YPR080W,0,7.022484,0.8316086530685425,0.8500000238418579,0.017971888184547424
YPL198W,YNL056W,0,7.016124,0.8308270573616028,0.8500000238418579,0.01807228848338127
YJR034W,YLR017W,0,7.004078,0.8300469517707825,0.8500000238418579,0.018172690644860268
YJR070C,YNR022C,0,7.0029583,0.8292682766914368,0.8500000238418579,0.018273092806339264
YER146W,YGR251W,1,6.9895973,0.8294283151626587,0.8509615659713745,0.018273092806339264
YHR072W-A,YNL147W,1,6.980051,0.829587996006012,0.8519230484962463,0.018273092806339264
YAL059W,YOR212W,0,6.9690204,0.8288120031356812,0.8519230484962463,0.01837349310517311
YBL072C,YLR063W,1,6.9673777,0.8289719820022583,0.8528845906257629,0.01837349310517311
YAL003W,YDR083W,0,6.9534383,0.8281979560852051,0.8528845906257629,0.018473895266652107
YCR016W,YIL043C,0,6.944625,0.8274253606796265,0.8528845906257629,0.018574297428131104
YCR054C,YLR333C,0,6.943529,0.8266542553901672,0.8528845906257629,0.0186746995896101
YDR207C,YLR325C,0,6.9418993,0.8258845210075378,0.8528845906257629,0.018775099888443947
YPL207W,YNL221C,0,6.9337635,0.8251162767410278,0.8528845906257629,0.018875502049922943
YNL306W,YER112W,1,6.9289694,0.8252788186073303,0.8538461327552795,0.018875502049922943
YJR145C,YHR149C,0,6.9267006,0.8245125412940979,0.8538461327552795,0.01897590421140194
YDR412W,YMR100W,0,6.9179983,0.8237476944923401,0.8538461327552795,0.019076304510235786
YGR090W,YGR145W,1,6.9157686,0.8239110112190247,0.8548076748847961,0.019076304510235786
YGL171W,YBR029C,0,6.900198,0.8231481313705444,0.8548076748847961,0.019176706671714783
YOR206W,YJR050W,0,6.896045,0.8223866820335388,0.8548076748847961,0.01927710883319378
YPL157W,YMR229C,0,6.8929358,0.821626603603363,0.8548076748847961,0.019377509132027626
YOR006C,YLR438C-A,1,6.8837576,0.8217912912368774,0.8557692170143127,0.019377509132027626
YNL282W,YBR261C,0,6.87394,0.821033239364624,0.8557692170143127,0.019477911293506622
YGR020C,YIL018W,0,6.865941,0.8202764987945557,0.8557692170143127,0.01957831345498562
YAL035W,YNL147W,1,6.8575563,0.8204419612884521,0.8567307591438293,0.01957831345498562
YGL064C,YCR035C,1,6.8545957,0.8206071853637695,0.857692301273346,0.01957831345498562
YLR197W,YDR092W,0,6.8429728,0.8198529481887817,0.857692301273346,0.019678715616464615
YLR438C-A,YCL031C,1,6.8046527,0.8200183510780334,0.8586538434028625,0.019678715616464615
YDR457W,YOR287C,1,6.7975144,0.820183515548706,0.8596153855323792,0.019678715616464615
YNR053C,YDR424C,0,6.770699,0.819431722164154,0.8596153855323792,0.019779115915298462
YHR119W,YOR182C,0,6.762406,0.8186812996864319,0.8596153855323792,0.019879518076777458
YLR068W,YOL076W,0,6.7514005,0.8179323077201843,0.8596153855323792,0.019979920238256454
YLR293C,YDL229W,1,6.7493496,0.8180987238883972,0.8605769276618958,0.019979920238256454
YNR046W,YDR398W,1,6.7442393,0.8182648420333862,0.8615384697914124,0.019979920238256454
YPL217C,YIL069C,1,6.739526,0.8184306621551514,0.862500011920929,0.019979920238256454
YGR103W,YDR424C,0,6.736763,0.8176845908164978,0.862500011920929,0.0200803205370903
YCR016W,YDR243C,0,6.7297907,0.8169398903846741,0.862500011920929,0.020180722698569298
YPR190C,YLR287C-A,0,6.7200556,0.8161965608596802,0.862500011920929,0.020281124860048294
YJL069C,YLR008C,0,6.700843,0.8154545426368713,0.862500011920929,0.02038152702152729
YGR063C,YGR276C,1,6.6993656,0.8156221508979797,0.8634615540504456,0.02038152702152729
YOR272W,YMR176W,0,6.695799,0.8148820400238037,0.8634615540504456,0.020481927320361137
YBL092W,YDR025W,0,6.661682,0.8141432404518127,0.8634615540504456,0.020582329481840134
YCR060W,YDL081C,0,6.6574936,0.8134058117866516,0.8634615540504456,0.02068273164331913
YBR213W,YLR196W,0,6.6511374,0.8126696944236755,0.8634615540504456,0.020783131942152977
YPL063W,YLR432W,0,6.6486993,0.8119348883628845,0.8634615540504456,0.020883534103631973
YHR069C,YBL018C,1,6.640505,0.8121047616004944,0.8644230961799622,0.020883534103631973
YOR145C,YGR106C,0,6.630234,0.8113718628883362,0.8644230961799622,0.02098393626511097
YOR096W,YPL129W,0,6.630167,0.8106402158737183,0.8644230961799622,0.021084336563944817
YJL177W,YBR167C,1,6.6297665,0.8108108043670654,0.8653846383094788,0.021084336563944817
YDR091C,YNL022C,1,6.621269,0.8109810948371887,0.8663461804389954,0.021084336563944817
YLR068W,YNL189W,0,6.615888,0.810251772403717,0.8663461804389954,0.021184738725423813
YNL121C,YLR287C-A,0,6.600931,0.8095238208770752,0.8663461804389954,0.02128514088690281
YER146W,YDR025W,1,6.5914416,0.809694766998291,0.8673076629638672,0.02128514088690281
YJL197W,YER002W,0,6.5897646,0.8089686036109924,0.8673076629638672,0.021385543048381805
YNL124W,YCR047C,1,6.5862207,0.8091397881507874,0.8682692050933838,0.021385543048381805
YLR009W,YOR316C,0,6.5860143,0.808415412902832,0.8682692050933838,0.021485943347215652
YPL233W,YLR264W,0,6.570241,0.807692289352417,0.8682692050933838,0.02158634550869465
YML055W,YOL080C,0,6.569375,0.8069705367088318,0.8682692050933838,0.021686747670173645
YOL125W,YER102W,0,6.5641823,0.8062499761581421,0.8682692050933838,0.021787147969007492
YER125W,YGL135W,1,6.5334954,0.8064228296279907,0.8692307472229004,0.021787147969007492
YNL147W,YNL119W,0,6.5326886,0.8057041168212891,0.8692307472229004,0.02188755013048649
YOR201C,YIL064W,0,6.5246296,0.8049866557121277,0.8692307472229004,0.021987952291965485
YKL154W,YJL011C,0,6.5059857,0.8042704463005066,0.8692307472229004,0.02208835259079933
YIL069C,YML026C,1,6.5007973,0.804444432258606,0.870192289352417,0.02208835259079933
YLR165C,YNR046W,1,6.5000463,0.8046181201934814,0.8711538314819336,0.02208835259079933
YLR007W,YNL096C,0,6.492149,0.8039041757583618,0.8711538314819336,0.022188754752278328
YER117W,YPL139C,0,6.491852,0.8031914830207825,0.8711538314819336,0.022289156913757324
YBL026W,YBL004W,1,6.470753,0.8033658266067505,0.8721153736114502,0.022289156913757324
YCL059C,YDR469W,0,6.466422,0.8026548624038696,0.8721153736114502,0.02238955907523632
YDR194C,YBR181C,1,6.465448,0.8028293251991272,0.8730769157409668,0.02238955907523632
YLR293C,YNL221C,1,6.459931,0.8030035495758057,0.8740384578704834,0.02238955907523632
YOR048C,YNL227C,1,6.451147,0.8031774163246155,0.875,0.02238955907523632
YPR043W,YGR076C,0,6.450097,0.8024691343307495,0.875,0.022489959374070168
YNL124W,YCL031C,1,6.441333,0.8026431798934937,0.8759615421295166,0.022489959374070168
YMR131C,YGL183C,0,6.4393883,0.8019366264343262,0.8759615421295166,0.022590361535549164
YMR112C,YPL160W,0,6.428125,0.801231324672699,0.8759615421295166,0.02269076369702816
YGL103W,YKR068C,0,6.424757,0.8005272150039673,0.8759615421295166,0.022791163995862007
YJR055W,YBR279W,1,6.413324,0.8007023930549622,0.8769230842590332,0.022791163995862007
YGR272C,YJL069C,1,6.4064484,0.8008772134780884,0.8778846263885498,0.022791163995862007
YLR059C,YOL142W,1,6.4052143,0.8010517358779907,0.8788461685180664,0.022791163995862007
YLR007W,YPL193W,0,6.3926105,0.8003502488136292,0.8788461685180664,0.022891566157341003
YJL148W,YFR040W,0,6.373069,0.7996500730514526,0.8788461685180664,0.02299196831882
YER099C,YHR197W,0,6.3623495,0.7989510297775269,0.8788461685180664,0.023092368617653847
YDR194C,YNL182C,1,6.351061,0.7991266250610352,0.879807710647583,0.023092368617653847
YGR103W,YMR019W,0,6.350097,0.7984293103218079,0.879807710647583,0.023192770779132843
YLL035W,YIL148W,0,6.3488045,0.7977331876754761,0.879807710647583,0.02329317294061184
YHR148W,YBL004W,1,6.3471165,0.7979093790054321,0.8807692527770996,0.02329317294061184
YJL011C,YDR430C,0,6.3437347,0.7972149848937988,0.8807692527770996,0.023393575102090836
YGL113W,YGL189C,0,6.3351727,0.7965217232704163,0.8807692527770996,0.023493975400924683
YOR145C,YLR439W,0,6.333871,0.795829713344574,0.8807692527770996,0.02359437756240368
YNL175C,YNL016W,0,6.331558,0.7951388955116272,0.8807692527770996,0.023694779723882675
YLR293C,YCR087C-A,1,6.326311,0.7953165769577026,0.8817307949066162,0.023694779723882675
YJL189W,YER113C,0,6.3239474,0.7946273684501648,0.8817307949066162,0.023795180022716522
YOR006C,YNL069C,1,6.3225884,0.7948051691055298,0.8826923370361328,0.023795180022716522
YDR299W,YNL219C,0,6.316116,0.7941176295280457,0.8826923370361328,0.02389558218419552
YNL069C,YDL014W,1,6.311241,0.794295608997345,0.8836538195610046,0.02389558218419552
YCL059C,YOR241W,0,6.30301,0.7936096787452698,0.8836538195610046,0.023995984345674515
YNL124W,YGL120C,1,6.293751,0.7937877774238586,0.8846153616905212,0.023995984345674515
YGR095C,YNL020C,0,6.275894,0.7931034564971924,0.8846153616905212,0.024096384644508362
YLR276C,YDR243C,0,6.27118,0.7924203276634216,0.8846153616905212,0.024196786805987358
YPR043W,YGR217W,0,6.2608743,0.7917383909225464,0.8846153616905212,0.024297188967466354
YLR312W-A,YMR217W,0,6.2597933,0.7910575866699219,0.8846153616905212,0.02439759112894535
YDL075W,YMR005W,0,6.2594843,0.7903780341148376,0.8846153616905212,0.024497991427779198
YMR024W,YGR081C,1,6.2506037,0.7905579209327698,0.8855769038200378,0.024497991427779198
YDR412W,YAL040C,0,6.235508,0.7898799180984497,0.8855769038200378,0.024598393589258194
YOR167C,YJL129C,0,6.233023,0.7892031073570251,0.8855769038200378,0.02469879575073719
YHR064C,YKR063C,1,6.23221,0.789383590221405,0.8865384459495544,0.02469879575073719
YPL215W,YDR083W,0,6.230197,0.7887082695960999,0.8865384459495544,0.024799196049571037
YML086C,YMR217W,0,6.227129,0.788034200668335,0.8865384459495544,0.024899598211050034
YAL035W,YDL153C,1,6.226695,0.7882152199745178,0.887499988079071,0.024899598211050034
YLR061W,YBR164C,0,6.2245226,0.7875426411628723,0.887499988079071,0.02500000037252903
YKR038C,YPL043W,0,6.2217827,0.7868712544441223,0.887499988079071,0.025100402534008026
YHR062C,YGR090W,1,6.2022753,0.7870528101921082,0.8884615302085876,0.025100402534008026
YFR032C-A,YJR123W,0,6.199169,0.7863829731941223,0.8884615302085876,0.025200802832841873
YLR401C,YER049W,0,6.1875257,0.7857142686843872,0.8884615302085876,0.02530120499432087
YLR068W,YKL134C,0,6.180539,0.7850467562675476,0.8884615302085876,0.025401607155799866
YLR441C,YKL186C,0,6.1738434,0.784380316734314,0.8884615302085876,0.025502007454633713
YBR072W,YDR158W,0,6.160612,0.783715009689331,0.8884615302085876,0.02560240961611271
YCR031C,YOR212W,0,6.150073,0.7830508351325989,0.8884615302085876,0.025702811777591705
YHR089C,YBR278W,0,6.1431713,0.7823877930641174,0.8884615302085876,0.025803212076425552
YGR036C,YOR063W,0,6.142535,0.7817258834838867,0.8884615302085876,0.02590361423790455
YHR070W,YBL087C,0,6.140889,0.7810651063919067,0.8884615302085876,0.026004016399383545
YDR013W,YJL136C,0,6.128956,0.7804054021835327,0.8884615302085876,0.02610441856086254
YGL112C,YNL207W,0,6.125295,0.7797468304634094,0.8884615302085876,0.026204818859696388
YKR056W,YJR143C,0,6.1011295,0.7790893912315369,0.8884615302085876,0.026305221021175385
YOL144W,YBR167C,1,6.0893154,0.7792754769325256,0.8894230723381042,0.026305221021175385
YLR007W,YMR239C,0,6.082542,0.7786195278167725,0.8894230723381042,0.02640562318265438
YCR055C,YLR145W,1,6.076748,0.7788057327270508,0.8903846144676208,0.02640562318265438
YPR132W,YGR272C,1,6.070305,0.7789915800094604,0.8913461565971375,0.02640562318265438
YCR018C,YBL026W,1,6.059881,0.779177188873291,0.892307698726654,0.02640562318265438
YHR072W-A,YER002W,1,6.059005,0.7793624401092529,0.8932692408561707,0.02640562318265438
YIL069C,YFL009W,1,6.047573,0.7795473337173462,0.8942307829856873,0.02640562318265438
YBR261C,YLR192C,0,6.0347004,0.7788944840431213,0.8942307829856873,0.026506023481488228
YEL044W,YER127W,0,6.0327935,0.7782427072525024,0.8942307829856873,0.026606425642967224
YPL148C,YCL054W,0,6.0052667,0.7775919437408447,0.8942307829856873,0.02670682780444622
YGR103W,YOL123W,0,6.004711,0.7769423723220825,0.8942307829856873,0.026807228103280067
YIL035C,YKR057W,0,6.0035114,0.7762938141822815,0.8942307829856873,0.026907630264759064
YER154W,YOL121C,0,5.9995584,0.7756463885307312,0.8942307829856873,0.02700803242623806
YPL038W,YGL135W,0,5.992988,0.7749999761581421,0.8942307829856873,0.027108434587717056
YDL083C,YOR126C,0,5.990498,0.7743546962738037,0.8942307829856873,0.027208834886550903
YNL293W,YLL011W,0,5.9903145,0.7737104892730713,0.8942307829856873,0.0273092370480299
YAL003W,YBR060C,0,5.980359,0.7730673551559448,0.8942307829856873,0.027409639209508896
YFR032C-A,YNL153C,0,5.967945,0.7724252343177795,0.8942307829856873,0.027510039508342743
YLR438C-A,YKL069W,0,5.962077,0.771784245967865,0.8942307829856873,0.02761044166982174
YLR043C,YDL136W,0,5.9615126,0.7711442708969116,0.8942307829856873,0.027710843831300735
YER147C,YMR307W,0,5.950079,0.7705053687095642,0.8942307829856873,0.027811244130134583
YBR155W,YLR419W,0,5.9445796,0.7698675394058228,0.8942307829856873,0.02791164629161358
YEL020W-A,YOR341W,0,5.9371104,0.7692307829856873,0.8942307829856873,0.028012048453092575
YLR289W,YDR012W,0,5.9353423,0.7685950398445129,0.8942307829856873,0.02811245061457157
YEL050C,YER056C-A,0,5.933546,0.7679603695869446,0.8942307829856873,0.02821285091340542
YBR060C,YMR230W,0,5.932331,0.7673267126083374,0.8942307829856873,0.028313253074884415
YJR063W,YJR073C,0,5.9278827,0.7666941285133362,0.8942307829856873,0.02841365523636341
YDL082W,YJL025W,0,5.923976,0.7660626173019409,0.8942307829856873,0.028514055535197258
YGL103W,YMR149W,0,5.921133,0.7654321193695068,0.8942307829856873,0.028614457696676254
YLR289W,YEL040W,0,5.9166145,0.7648026347160339,0.8942307829856873,0.02871485985815525
YKL006C-A,YKL078W,0,5.904999,0.764174222946167,0.8942307829856873,0.028815260156989098
YLR435W,YGR134W,0,5.8999615,0.7635468244552612,0.8942307829856873,0.028915662318468094
YML010W,YOR096W,1,5.8994045,0.7637407779693604,0.8951923251152039,0.028915662318468094
YGR229C,YJL189W,0,5.889428,0.7631147503852844,0.8951923251152039,0.02901606447994709
YLR215C,YNL282W,0,5.885625,0.7624897360801697,0.8951923251152039,0.029116466641426086
YGR208W,YEL006W,0,5.8847914,0.7618657946586609,0.8951923251152039,0.029216866940259933
YNL016W,YPL090C,0,5.8802986,0.7612428665161133,0.8951923251152039,0.02931726910173893
YNL232W,YLR183C,0,5.861017,0.7606208920478821,0.8951923251152039,0.029417671263217926
YFR001W,YHL006C,0,5.8593273,0.7599999904632568,0.8951923251152039,0.029518071562051773
YMR128W,YJL004C,0,5.8590536,0.7593801021575928,0.8951923251152039,0.02961847372353077
YER129W,YLR287C-A,0,5.8568907,0.7587612271308899,0.8951923251152039,0.029718875885009766
YGR251W,YCR058C,1,5.8543973,0.7589576840400696,0.8961538672447205,0.029718875885009766
YGL120C,YPR042C,0,5.8497066,0.7583401203155518,0.8961538672447205,0.029819276183843613
YAL035W,YGR272C,1,5.841138,0.7585365772247314,0.8971154093742371,0.029819276183843613
YKL004W,YGR214W,0,5.8410215,0.7579203844070435,0.8971154093742371,0.02991967834532261
YER146W,YJL069C,1,5.833834,0.7581169009208679,0.8980769515037537,0.02991967834532261
YJR016C,YGL076C,0,5.8314247,0.757502019405365,0.8980769515037537,0.030020080506801605
YHR021C,YBR049C,0,5.8236475,0.7568881511688232,0.8980769515037537,0.0301204826682806
YDL083C,YPL060W,0,5.822416,0.7562752962112427,0.8980769515037537,0.03022088296711445
YLR325C,YGR272C,0,5.8159056,0.7556634545326233,0.8980769515037537,0.030321285128593445
YLL034C,YDR460W,0,5.795623,0.7550525665283203,0.8980769515037537,0.03042168729007244
YML093W,YHR072W-A,1,5.7928996,0.7552503943443298,0.8990384340286255,0.03042168729007244
YLR061W,YNL212W,0,5.792104,0.7546408176422119,0.8990384340286255,0.030522087588906288
YGR251W,YOR327C,0,5.790577,0.7540322542190552,0.8990384340286255,0.030622489750385284
YLR418C,YIL052C,0,5.7617826,0.7534246444702148,0.8990384340286255,0.03072289191186428
YJL148W,YPL161C,0,5.761197,0.7528180480003357,0.8990384340286255,0.030823294073343277
YBL054W,YOR274W,0,5.7559996,0.752212405204773,0.8990384340286255,0.030923694372177124
YOR308C,YNL306W,1,5.7425942,0.7524116039276123,0.8999999761581421,0.030923694372177124
YKL180W,YGR208W,0,5.7384357,0.7518072128295898,0.8999999761581421,0.03102409653365612
YMR016C,YML063W,0,5.735429,0.7512038350105286,0.8999999761581421,0.031124498695135117
YJL190C,YLR377C,0,5.721757,0.7506014704704285,0.8999999761581421,0.031224898993968964
YOL120C,YOL045W,0,5.7119617,0.75,0.8999999761581421,0.03132530301809311
YHR072W-A,YNL002C,1,5.709939,0.7502001523971558,0.9009615182876587,0.03132530301809311
YAL025C,YPL210C,0,5.708187,0.7495999932289124,0.9009615182876587,0.031425703316926956
YOR308C,YBR141C,1,5.701889,0.7498001456260681,0.9019230604171753,0.031425703316926956
YHR164C,YNL050C,0,5.6944413,0.7492012977600098,0.9019230604171753,0.0315261036157608
YOL067C,YIL008W,0,5.692582,0.748603343963623,0.9019230604171753,0.03162650763988495
YBR121C,YCR060W,0,5.684252,0.7480064034461975,0.9019230604171753,0.031726907938718796
YPL105C,YKL009W,0,5.6734686,0.7474103569984436,0.9019230604171753,0.03182730823755264
YML067C,YER056C-A,0,5.667367,0.7468152642250061,0.9019230604171753,0.03192771226167679
YLR401C,YKL173W,0,5.664741,0.7462211847305298,0.9019230604171753,0.032028112560510635
YLR150W,YDR300C,0,5.663032,0.7456279993057251,0.9019230604171753,0.03212851285934448
YLR145W,YMR285C,1,5.64595,0.7458299994468689,0.9028846025466919,0.03212851285934448
YHR116W,YPR010C,0,5.640726,0.7452380657196045,0.9028846025466919,0.03222891688346863
YGR061C,YIL079C,0,5.640093,0.7446470856666565,0.9028846025466919,0.032329317182302475
YPL258C,YJR094W-A,0,5.639406,0.7440570592880249,0.9028846025466919,0.03242971748113632
YOR340C,YPL134C,0,5.637581,0.7434679269790649,0.9028846025466919,0.03253012150526047
YMR093W,YPL179W,0,5.633274,0.7428797483444214,0.9028846025466919,0.032630521804094315
YDR447C,YMR213W,0,5.632798,0.7422924637794495,0.9028846025466919,0.03273092210292816
YHR118C,YPR043W,0,5.6111298,0.741706132888794,0.9028846025466919,0.03283132612705231
YJL033W,YCR052W,0,5.6064925,0.7411207556724548,0.9028846025466919,0.032931726425886154
YGL135W,YGR274C,0,5.593293,0.7405362725257874,0.9028846025466919,0.03303212672472
YFL014W,YMR230W,0,5.5911856,0.7399527430534363,0.9028846025466919,0.03313253074884415
YKL172W,YDR036C,0,5.590023,0.7393701076507568,0.9028846025466919,0.033232931047677994
YHR174W,YNL065W,0,5.5898786,0.738788366317749,0.9028846025466919,0.03333333507180214
YNL137C,YDR361C,0,5.5887713,0.7382075190544128,0.9028846025466919,0.033433735370635986
YDL075W,YHL004W,0,5.5854297,0.7376276254653931,0.9028846025466919,0.03353413566946983
YPL145C,YOR096W,0,5.5744843,0.7370486855506897,0.9028846025466919,0.03363453969359398
YIL134W,YNR053C,0,5.5666876,0.7364705801010132,0.9028846025466919,0.033734939992427826
YKL053C-A,YLR170C,0,5.5611353,0.7358934283256531,0.9028846025466919,0.03383534029126167
YAL035W,YLR063W,1,5.5590553,0.7361002564430237,0.9038461446762085,0.03383534029126167
YOR271C,YLR419W,0,5.556406,0.7355242371559143,0.9038461446762085,0.03393574431538582
YLR441C,YNL240C,0,5.539829,0.7349491715431213,0.9038461446762085,0.034036144614219666
YOR243C,YLR008C,0,5.539152,0.734375,0.9038461446762085,0.03413654491305351
YML102W,YAL003W,0,5.5377774,0.7338017225265503,0.9038461446762085,0.03423694893717766
YHR040W,YHL025W,1,5.535502,0.7340093851089478,0.9048076868057251,0.03423694893717766
YCR016W,YGR057C,0,5.5322056,0.7334372401237488,0.9048076868057251,0.034337349236011505
YML082W,YLR357W,0,5.52507,0.7328660488128662,0.9048076868057251,0.03443774953484535
YHR062C,YOR205C,1,5.5073833,0.7330739498138428,0.9057692289352417,0.03443774953484535
YIL091C,YHL025W,1,5.5059786,0.7332814931869507,0.9067307710647583,0.03443774953484535
YPL093W,YHR120W,0,5.5035915,0.7327117323875427,0.9067307710647583,0.0345381535589695
YCL054W,YMR243C,0,5.499426,0.7321428656578064,0.9067307710647583,0.034638553857803345
YLL011W,YGR116W,0,5.49712,0.7315748929977417,0.9067307710647583,0.03473895415663719
YDR256C,YHR174W,0,5.49002,0.7310077548027039,0.9067307710647583,0.03483935818076134
YGL076C,YGR150C,1,5.4863496,0.7312161326408386,0.9076923131942749,0.03483935818076134
YGR155W,YMR281W,0,5.479297,0.7306501269340515,0.9076923131942749,0.034939758479595184
YDR041W,YDR496C,0,5.478966,0.7300850749015808,0.9076923131942749,0.03504016250371933
YJR016C,YGL120C,0,5.467695,0.729520857334137,0.9076923131942749,0.03514056280255318
YNL167C,YLR325C,0,5.464824,0.7289575338363647,0.9076923131942749,0.035240963101387024
YLR215C,YKR056W,0,5.461319,0.7283950448036194,0.9076923131942749,0.03534136712551117
YOL145C,YJR123W,0,5.4510384,0.7278334498405457,0.9076923131942749,0.035441767424345016
YER146W,YER002W,1,5.445978,0.7280431389808655,0.9086538553237915,0.035441767424345016
YMR089C,YLR074C,0,5.4402657,0.7274826765060425,0.9086538553237915,0.035542167723178864
YMR268W-A,YKR028W,0,5.4363713,0.7269230484962463,0.9086538553237915,0.03564257174730301
YER102W,YCR093W,0,5.4343557,0.7263643145561218,0.9086538553237915,0.035742972046136856
YPR132W,YLR063W,1,5.4290876,0.7265744805335999,0.9096153974533081,0.035742972046136856
YLR175W,YLR433C,0,5.4258513,0.7260168790817261,0.9096153974533081,0.0358433723449707
YOR182C,YGR004W,0,5.416975,0.7254601120948792,0.9096153974533081,0.03594377636909485
YLR083C,YNL119W,0,5.4134007,0.7249042391777039,0.9096153974533081,0.036044176667928696
YMR304W,YLR337W,0,5.4116344,0.7243491411209106,0.9096153974533081,0.03614457696676254
YGL005C,YDR449C,0,5.408949,0.7237949371337891,0.9096153974533081,0.03624498099088669
YOL077C,YAR031W,0,5.3965845,0.7232415676116943,0.9096153974533081,0.036345381289720535
YGL103W,YOR098C,0,5.3925266,0.7226890921592712,0.9096153974533081,0.03644578158855438
YDR116C,YKL014C,0,5.388981,0.7221373915672302,0.9096153974533081,0.03654618561267853
YNL070W,YGR118W,0,5.3801527,0.7215865850448608,0.9096153974533081,0.036646585911512375
YNL291C,YHR066W,0,5.3728676,0.7210366129875183,0.9096153974533081,0.03674698621034622
YFR031C-A,YDR361C,0,5.3725014,0.7204874157905579,0.9096153974533081,0.03684739023447037
YGR083C,YNR003C,0,5.3549185,0.719939112663269,0.9096153974533081,0.036947790533304214
YKL155C,YOR004W,0,5.3503685,0.7193916440010071,0.9096153974533081,0.03704819455742836
YOR103C,YPR132W,0,5.343157,0.718845009803772,0.9096153974533081,0.03714859485626221
YBL007C,YLR287C-A,0,5.3415117,0.718299150466919,0.9096153974533081,0.037248995155096054
YLR333C,YGR272C,0,5.339011,0.7177541851997375,0.9096153974533081,0.0373493991792202
YNL185C,YEL061C,0,5.3388896,0.7172099947929382,0.9096153974533081,0.03744979947805405
YDL133C-A,YLR367W,0,5.334787,0.7166666388511658,0.9096153974533081,0.037550199776887894
YLR276C,YOL023W,0,5.332634,0.7161241769790649,0.9096153974533081,0.03765060380101204
YGR123C,YJR132W,0,5.3190393,0.7155824303627014,0.9096153974533081,0.037751004099845886
YDR373W,YPL090C,0,5.2998896,0.7150415778160095,0.9096153974533081,0.03785140439867973
YJR133W,YGL123W,0,5.296156,0.7145015001296997,0.9096153974533081,0.03795180842280388
YKR079C,YOL061W,0,5.295191,0.7139622569084167,0.9096153974533081,0.038052208721637726
YHL015W,YDR276C,0,5.286915,0.7134238481521606,0.9096153974533081,0.03815260902047157
YEL032W,YLR185W,0,5.2798576,0.7128862142562866,0.9096153974533081,0.03825301304459572
YOR320C,YLR325C,0,5.275799,0.7123494148254395,0.9096153974533081,0.038353413343429565
YGR246C,YDR101C,0,5.2740746,0.7118133902549744,0.9096153974533081,0.03845381364226341
YKL024C,YCR087C-A,0,5.273598,0.7112782001495361,0.9096153974533081,0.03855421766638756
YDR312W,YLR105C,0,5.2678347,0.71074378490448,0.9096153974533081,0.038654617965221405
YOL136C,YML113W,0,5.2462206,0.7102102041244507,0.9096153974533081,0.03875501826405525
YJR070C,YDL189W,0,5.2414966,0.7096773982048035,0.9096153974533081,0.0388554222881794
YHR066W,YNL115C,0,5.238212,0.7091454267501831,0.9096153974533081,0.038955822587013245
YIL078W,YHR031C,0,5.235834,0.7086142301559448,0.9096153974533081,0.03905622661113739
YGL103W,YBR162W-A,0,5.2346187,0.7080838084220886,0.9096153974533081,0.03915662690997124
YGR047C,YJL158C,0,5.2326436,0.7075542211532593,0.9096153974533081,0.039257027208805084
YPL038W,YOL092W,0,5.229639,0.707025408744812,0.9096153974533081,0.03935743123292923
YLR188W,YBR091C,0,5.2277684,0.7064973711967468,0.9096153974533081,0.03945783153176308
YIR019C,YDL144C,0,5.2198086,0.7059701681137085,0.9096153974533081,0.039558231830596924
YJL102W,YOL040C,0,5.219194,0.7054436802864075,0.9096153974533081,0.03965863585472107
YKL028W,YLR432W,0,5.2167563,0.7049180269241333,0.9096153974533081,0.039759036153554916
YAL030W,YJL148W,0,5.2151856,0.7043931484222412,0.9096153974533081,0.03985943645238876
YDR299W,YGL067W,0,5.2075853,0.7038690447807312,0.9096153974533081,0.03995984047651291
YLR075W,YOR046C,0,5.2071724,0.7033457159996033,0.9096153974533081,0.040060240775346756
YNL175C,YLR337C,0,5.205823,0.7028231620788574,0.9096153974533081,0.0401606410741806
YBR189W,YGL006W,0,5.2027435,0.7023013830184937,0.9096153974533081,0.04026104509830475
YOL028C,YNL132W,0,5.2018943,0.7017804384231567,0.9096153974533081,0.040361445397138596
YOR063W,YBR248C,0,5.2004976,0.7012602090835571,0.9096153974533081,0.04046184569597244
YDR457W,YNL221C,1,5.199616,0.7014814615249634,0.9105769395828247,0.04046184569597244
YGR274C,YDL031W,0,5.196973,0.700962245464325,0.9105769395828247,0.04056224972009659
YNL306W,YER148W,0,5.1916447,0.7004438042640686,0.9105769395828247,0.040662650018930435
YDL184C,YEL006W,0,5.1905856,0.6999260783195496,0.9105769395828247,0.04076305404305458
YIL008W,YBR283C,0,5.163624,0.6994091868400574,0.9105769395828247,0.04086345434188843
YMR024W,YPL211W,1,5.161459,0.6996309757232666,0.9115384817123413,0.04086345434188843
YNL162W,YNL158W,0,5.154542,0.6991150379180908,0.9115384817123413,0.040963854640722275
YGL171W,YJL041W,0,5.1492844,0.6985998749732971,0.9115384817123413,0.04106425866484642
YNL124W,YHR034C,1,5.1477823,0.6988217830657959,0.9125000238418579,0.04106425866484642
YNR053C,YBL090W,0,5.1310215,0.6983075737953186,0.9125000238418579,0.04116465896368027
YDR092W,YIL133C,0,5.1299095,0.6977941393852234,0.9125000238418579,0.041265059262514114
YPR102C,YBL055C,0,5.125016,0.6972814202308655,0.9125000238418579,0.04136546328663826
YNR024W,YNL029C,0,5.1229944,0.6967694759368896,0.9125000238418579,0.04146586358547211
YGL246C,YBR185C,0,5.1214495,0.6962582468986511,0.9125000238418579,0.041566263884305954
YLR439W,YOL121C,0,5.12051,0.6957477927207947,0.9125000238418579,0.0416666679084301
YOR157C,YKL081W,0,5.1194115,0.6952381134033203,0.9125000238418579,0.04176706820726395
YNL250W,YER137C,0,5.1162505,0.6947291493415833,0.9125000238418579,0.041867468506097794
YLR364W,YJR005W,0,5.115445,0.6942209005355835,0.9125000238418579,0.04196787253022194
YJR094W-A,YDR347W,0,5.1109304,0.6937134265899658,0.9125000238418579,0.042068272829055786
YPL038W,YOR143C,0,5.1020517,0.6932067275047302,0.9125000238418579,0.04216867312788963
YKL099C,YGL014W,0,5.0865393,0.6927007436752319,0.9125000238418579,0.04226907715201378
YGR024C,YPR060C,0,5.0840845,0.692195475101471,0.9125000238418579,0.042369477450847626
YGR285C,YGR010W,0,5.0816536,0.691690981388092,0.9125000238418579,0.04246987774968147
YLR068W,YMR315W,0,5.077271,0.6911872029304504,0.9125000238418579,0.04257028177380562
YGR214W,YDR326C,0,5.076755,0.6906841397285461,0.9125000238418579,0.042670682072639465
YMR194W,YOR283W,0,5.068843,0.6901817917823792,0.9125000238418579,0.04277108609676361
YJL148W,YHR041C,0,5.0628557,0.6896802186965942,0.9125000238418579,0.04287148639559746
YPR016C,YPL244C,0,5.0622673,0.6891793608665466,0.9125000238418579,0.042971886694431305
YPL131W,YJR035W,0,5.0605965,0.6886792182922363,0.9125000238418579,0.04307229071855545
YDL081C,YGL206C,0,5.0584927,0.6881798505783081,0.9125000238418579,0.0431726910173893
YNR027W,YNR053C,0,5.058383,0.6876811385154724,0.9125000238418579,0.043273091316223145
YGR103W,YGR295C,0,5.0573354,0.6871832013130188,0.9125000238418579,0.04337349534034729
YDR299W,YOR322C,0,5.0514865,0.6866859793663025,0.9125000238418579,0.04347389563918114
YJR075W,YHR197W,0,5.0511885,0.6861894726753235,0.9125000238418579,0.043574295938014984
YGR084C,YDR233C,0,5.051159,0.685693621635437,0.9125000238418579,0.04367469996213913
YIL030C,YKL056C,0,5.049383,0.6851985454559326,0.9125000238418579,0.04377510026097298
YKL007W,YNL292W,0,5.046255,0.6847041845321655,0.9125000238418579,0.043875500559806824
YML021C,YBL028C,0,5.0438066,0.6842105388641357,0.9125000238418579,0.04397590458393097
YJR082C,YOR001W,0,5.0424085,0.6837176084518433,0.9125000238418579,0.044076304882764816
YLR419W,YOL123W,0,5.033641,0.6832253336906433,0.9125000238418579,0.04417670518159866
YER031C,YOL142W,0,5.033249,0.6827338337898254,0.9125000238418579,0.04427710920572281
YJR009C,YDR083W,0,5.031505,0.6822429895401001,0.9125000238418579,0.044377509504556656
YMR071C,YPR169W,0,5.0294933,0.6817528605461121,0.9125000238418579,0.0444779098033905
YDL148C,YNL039W,0,5.0144954,0.6812634468078613,0.9125000238418579,0.04457831382751465
YKL108W,YBR031W,0,5.013303,0.6807747483253479,0.9125000238418579,0.044678714126348495
YLR097C,YPL131W,0,5.0117216,0.6802867650985718,0.9125000238418579,0.04477911815047264
YNL124W,YBL004W,1,5.0093017,0.6805157661437988,0.9134615659713745,0.04477911815047264
YMR322C,YJL191W,0,5.0085797,0.6800286173820496,0.9134615659713745,0.04487951844930649
YOL077C,YPL050C,0,5.005038,0.6795421838760376,0.9134615659713745,0.044979918748140335
YML010W,YGL120C,1,5.0005126,0.6797712445259094,0.9144230484962463,0.044979918748140335
YHR020W,YER102W,0,4.9969625,0.6792857050895691,0.9144230484962463,0.04508032277226448
YFR032C-A,YNR028W,0,4.9964066,0.6788008809089661,0.9144230484962463,0.04518072307109833
YLR401C,YPL122C,0,4.9957194,0.6783167123794556,0.9144230484962463,0.045281123369932175
YLL008W,YEL024W,0,4.995284,0.6778331995010376,0.9144230484962463,0.04538152739405632
YFL023W,YKR063C,1,4.9937468,0.6780626773834229,0.9153845906257629,0.04538152739405632
YDR300C,YHR167W,0,4.9922776,0.6775800585746765,0.9153845906257629,0.04548192769289017
YOR359W,YDR025W,0,4.9868975,0.6770981550216675,0.9153845906257629,0.045582327991724014
YDL075W,YMR235C,0,4.9800715,0.676616907119751,0.9153845906257629,0.04568273201584816
YGL035C,YDL051W,0,4.9774127,0.6761363744735718,0.9153845906257629,0.04578313231468201
YDL148C,YFL017W-A,0,4.976297,0.6756564974784851,0.9153845906257629,0.045883532613515854
YCL067C,YOL080C,0,4.970682,0.675177276134491,0.9153845906257629,0.04598393663764
YJR051W,YLL008W,0,4.969365,0.6746987700462341,0.9153845906257629,0.046084336936473846
YLR409C,YFL014W,0,4.9692373,0.6742209792137146,0.9153845906257629,0.046184737235307693
YCL003W,YLL040C,0,4.963359,0.6737437844276428,0.9153845906257629,0.04628514125943184
YJR048W,YML036W,0,4.9611206,0.6732673048973083,0.9153845906257629,0.046385541558265686
YMR061W,YLR287C-A,0,4.9559026,0.6727915406227112,0.9153845906257629,0.04648594558238983
YLL034C,YHR210C,0,4.95479,0.6723163723945618,0.9153845906257629,0.04658634588122368
YKR006C,YHL038C,0,4.9501762,0.6718419194221497,0.9153845906257629,0.046686746180057526
YIL096C,YNL180C,0,4.9469347,0.6713681221008301,0.9153845906257629,0.04678715020418167
YKR079C,YML100W,0,4.9410353,0.670894980430603,0.9153845906257629,0.04688755050301552
YPL093W,YBR120C,0,4.940899,0.6704225540161133,0.9153845906257629,0.046987950801849365
YGL203C,YER102W,0,4.9397717,0.6699507236480713,0.9153845906257629,0.04708835482597351
YOL004W,YER056C-A,0,4.932954,0.6694796085357666,0.9153845906257629,0.04718875512480736
YHR069C,YNL136W,0,4.9286,0.6690091490745544,0.9153845906257629,0.047289155423641205
YMR070W,YMR143W,0,4.9267197,0.6685393452644348,0.9153845906257629,0.04738955944776535
YGR174C,YDR190C,0,4.9256663,0.6680701971054077,0.9153845906257629,0.0474899597465992
YDL136W,YIL093C,0,4.922112,0.6676017045974731,0.9153845906257629,0.047590360045433044
YCR035C,YDR031W,0,4.918585,0.6671338677406311,0.9153845906257629,0.04769076406955719
YGR085C,YML021C,0,4.9144487,0.6666666865348816,0.9153845906257629,0.04779116436839104
YJR134C,YDL060W,0,4.908617,0.6662001609802246,0.9153845906257629,0.047891564667224884
YIL004C,YBL026W,0,4.906325,0.6657342910766602,0.9153845906257629,0.04799196869134903
YGL105W,YLR264W,0,4.903078,0.6652690172195435,0.9153845906257629,0.04809236899018288
YOL018C,YHR197W,0,4.898896,0.6648044586181641,0.9153845906257629,0.048192769289016724
YBL024W,YKR002W,0,4.8967886,0.6643405556678772,0.9153845906257629,0.04829317331314087
YOR045W,YBR091C,0,4.8939495,0.6638772487640381,0.9153845906257629,0.048393573611974716
YGR283C,YBR029C,0,4.8910933,0.6634146571159363,0.9153845906257629,0.04849397763609886
YMR242C,YFR005C,0,4.880413,0.6629526615142822,0.9153845906257629,0.04859437793493271
YGL136C,YNL147W,1,4.878842,0.6631872057914734,0.9163461327552795,0.04859437793493271
YOL028C,YKR057W,0,4.8764744,0.6627259850502014,0.9163461327552795,0.048694778233766556
YML010W,YNL132W,1,4.8670397,0.662960410118103,0.9173076748847961,0.048694778233766556
YLR107W,YCR018C,1,4.85655,0.6631944179534912,0.9182692170143127,0.048694778233766556
YLR395C,YJR109C,0,4.8434043,0.6627342104911804,0.9182692170143127,0.0487951822578907
YGL031C,YJL090C,0,4.8383503,0.6622745990753174,0.9182692170143127,0.04889558255672455
YOR119C,YOR048C,1,4.8380594,0.6625086665153503,0.9192307591438293,0.04889558255672455
YOR006C,YGR063C,1,4.83733,0.6627423763275146,0.920192301273346,0.04889558255672455
YER131W,YER137C,0,4.836003,0.662283718585968,0.920192301273346,0.048995982855558395
YEL006W,YOL120C,0,4.8356915,0.6618257164955139,0.920192301273346,0.04909638687968254
YMR233W,YNL191W,0,4.8319273,0.6613683700561523,0.920192301273346,0.04919678717851639
YOR145C,YKL145W,0,4.830722,0.6609116196632385,0.920192301273346,0.049297187477350235
YJR132W,YOR283W,0,4.8263245,0.6604554653167725,0.920192301273346,0.04939759150147438
YIL021W,YDR165W,0,4.822583,0.6600000262260437,0.920192301273346,0.04949799180030823
YDR064W,YOR075W,0,4.80472,0.6595451235771179,0.920192301273346,0.049598392099142075
YAL044C,YPL189C-A,0,4.803873,0.6590909361839294,0.920192301273346,0.04969879612326622
YPR141C,YJR123W,0,4.7956896,0.658637285232544,0.920192301273346,0.04979919642210007
YMR070W,YNL178W,0,4.7947927,0.658184289932251,0.920192301273346,0.049899596720933914
YOR006C,YOR205C,1,4.787615,0.6584192514419556,0.9211538434028625,0.049899596720933914
YKL024C,YBR181C,0,4.7858343,0.6579670310020447,0.9211538434028625,0.05000000074505806
YHR021C,YOL092W,0,4.7812877,0.6575154662132263,0.9211538434028625,0.05010040104389191
YFR031C-A,YLR213C,0,4.7775083,0.6570644974708557,0.9211538434028625,0.05020080506801605
YEL038W,YML082W,0,4.7610865,0.6566141247749329,0.9211538434028625,0.0503012053668499
YML081W,YBL072C,0,4.7584457,0.6561644077301025,0.9211538434028625,0.050401605665683746
YNL247W,YGR283C,0,4.7569847,0.65571528673172,0.9211538434028625,0.05050200968980789
YGR094W,YGR208W,0,4.7523823,0.6552667617797852,0.9211538434028625,0.05060240998864174
YOR215C,YNL063W,0,4.750844,0.6548188924789429,0.9211538434028625,0.050702810287475586
YDR299W,YJR131W,0,4.742335,0.6543715596199036,0.9211538434028625,0.05080321431159973
YCR016W,YKL135C,0,4.731074,0.6539249420166016,0.9211538434028625,0.05090361461043358
YOL005C,YGL031C,0,4.730112,0.6534788608551025,0.9211538434028625,0.051004014909267426
YHR085W,YNR013C,0,4.726972,0.6530333757400513,0.9211538434028625,0.05110441893339157
YMR024W,YOR048C,1,4.722906,0.6532697677612305,0.9221153855323792,0.05110441893339157
YJR094W-A,YLR196W,0,4.7165785,0.6528250575065613,0.9221153855323792,0.05120481923222542
YOR310C,YOL020W,0,4.7135754,0.6523809432983398,0.9221153855323792,0.051305219531059265
YKL099C,YAL034W-A,0,4.711412,0.6519374847412109,0.9221153855323792,0.05140562355518341
YOR119C,YKR063C,1,4.7096863,0.6521739363670349,0.9230769276618958,0.05140562355518341
YLL034C,YML043C,0,4.7014937,0.6517311334609985,0.9230769276618958,0.05150602385401726
YLR016C,YLR293C,0,4.700037,0.6512889862060547,0.9230769276618958,0.051606424152851105
YPR108W,YJR041C,0,4.6990547,0.6508474349975586,0.9230769276618958,0.05170682817697525
YGL070C,YLL014W,0,4.687776,0.6504064798355103,0.9230769276618958,0.0518072284758091
YFL018W-A,YLR328W,0,4.6822543,0.6499661207199097,0.9230769276618958,0.051907628774642944
YDR457W,YMR265C,1,4.679603,0.6502029895782471,0.9240384697914124,0.051907628774642944
YGL135W,YPL104W,0,4.679267,0.6497633457183838,0.9240384697914124,0.05200803279876709
YDR460W,YAL044C,0,4.6748595,0.6493242979049683,0.9240384697914124,0.05210843309760094
YOR006C,YLR063W,1,4.669292,0.6495611071586609,0.925000011920929,0.05210843309760094
YDR201W,YBL087C,0,4.669115,0.6491228342056274,0.925000011920929,0.05220883712172508
YLR147C,YLL040C,0,4.6676087,0.648685097694397,0.925000011920929,0.05230923742055893
YOL077C,YDR330W,0,4.6606417,0.6482479572296143,0.925000011920929,0.052409637719392776
YHR149C,YLR074C,0,4.6551113,0.6478114724159241,0.925000011920929,0.05251004174351692
YLR409C,YPL040C,0,4.654734,0.6473755240440369,0.925000011920929,0.05261044204235077
YGR276C,YDR158W,0,4.65427,0.6469401717185974,0.925000011920929,0.052710842341184616
YLR293C,YHR034C,1,4.6538286,0.6471773982048035,0.9259615540504456,0.052710842341184616
YKL011C,YOR340C,0,4.646513,0.6467427611351013,0.9259615540504456,0.05281124636530876
YOR288C,YAL025C,0,4.639782,0.6463087201118469,0.9259615540504456,0.05291164666414261
YGR253C,YLR074C,0,4.6353617,0.6458752751350403,0.9259615540504456,0.053012046962976456
YGL119W,YDR418W,0,4.634585,0.6454423666000366,0.9259615540504456,0.0531124509871006
YKL172W,YLR181C,0,4.632599,0.6450100541114807,0.9259615540504456,0.05321285128593445
YJR097W,YKR085C,0,4.625709,0.6445783376693726,0.9259615540504456,0.053313251584768295
YBR198C,YDR233C,0,4.6214037,0.6441471576690674,0.9259615540504456,0.05341365560889244
YPL214C,YHR169W,0,4.620654,0.64371657371521,0.9259615540504456,0.05351405590772629
YER120W,YDR361C,0,4.6181083,0.6432865858078003,0.9259615540504456,0.053614456206560135
YCR057C,YOL004W,0,4.6167355,0.6428571343421936,0.9259615540504456,0.05371486023068428
YDR168W,YDR021W,0,4.616528,0.6424282789230347,0.9259615540504456,0.05381526052951813
YDR077W,YJL071W,0,4.613327,0.6420000195503235,0.9259615540504456,0.053915660828351974
YHR148W,YBR167C,1,4.6120405,0.6422384977340698,0.9269230961799622,0.053915660828351974
YOR287C,YDR292C,0,4.606118,0.6418108940124512,0.9269230961799622,0.05401606485247612
YOR147W,YBR238C,0,4.6045704,0.6413838863372803,0.9269230961799622,0.05411646515130997
YOR129C,YMR012W,0,4.599123,0.6409574747085571,0.9269230961799622,0.05421686917543411
YIL046W,YDR424C,0,4.5966053,0.6405315399169922,0.9269230961799622,0.05431726947426796
YGL135W,YKR009C,0,4.5943666,0.6401062607765198,0.9269230961799622,0.05441766977310181
YLR052W,YGR169C,0,4.5941553,0.6396814584732056,0.9269230961799622,0.05451807379722595
YOL010W,YPL231W,0,4.5900545,0.6392573118209839,0.9269230961799622,0.0546184740960598
YGL200C,YJR119C,0,4.5889726,0.6388336420059204,0.9269230961799622,0.054718874394893646
YOR078W,YGR235C,0,4.5804586,0.6384105682373047,0.9269230961799622,0.05481927841901779
YIL096C,YNL306W,1,4.57892,0.6386498808860779,0.9278846383094788,0.05481927841901779
YPL042C,YKR026C,0,4.5763817,0.6382275223731995,0.9278846383094788,0.05491967871785164
YKL064W,YMR217W,0,4.573046,0.637805700302124,0.9278846383094788,0.055020079016685486
YAL044C,YDR457W,0,4.571327,0.6373844146728516,0.9278846383094788,0.05512048304080963
YOL040C,YKL212W,0,4.5538177,0.6369637250900269,0.9278846383094788,0.05522088333964348
YLR247C,YCL003W,0,4.550929,0.6365435123443604,0.9278846383094788,0.055321283638477325
YGL005C,YOR119C,0,4.5478034,0.6361239552497864,0.9278846383094788,0.05542168766260147
YLR237W,YDR508C,0,4.5446086,0.6357048749923706,0.9278846383094788,0.05552208796143532
YBR087W,YKR002W,0,4.5439687,0.6352863907814026,0.9278846383094788,0.055622488260269165
YIL011W,YOR253W,0,4.5429387,0.6348684430122375,0.9278846383094788,0.05572289228439331
YOR206W,YPR011C,0,4.5373154,0.6344510316848755,0.9278846383094788,0.05582329258322716
YJR066W,YGR159C,0,4.5345526,0.6340341567993164,0.9278846383094788,0.0559236966073513
YDR280W,YDR434W,0,4.5313177,0.6336178779602051,0.9278846383094788,0.05602409690618515
YLR438C-A,YML048W,0,4.5247974,0.633202075958252,0.9278846383094788,0.056124497205019
YOR335C,YLR192C,0,4.522989,0.6327868700027466,0.9278846383094788,0.05622490122914314
YGR027C,YAL039C,0,4.520268,0.6323722004890442,0.9278846383094788,0.05632530152797699
YLR011W,YOL165C,0,4.5161114,0.6319580674171448,0.9278846383094788,0.05642570182681084
YDR120C,YDR226W,0,4.5148025,0.6315445303916931,0.9278846383094788,0.05652610585093498
YBR066C,YOR119C,0,4.5143304,0.6311314702033997,0.9278846383094788,0.05662650614976883
YDL083C,YGL009C,0,4.5078764,0.6307189464569092,0.9278846383094788,0.056726906448602676
YKL006W,YLR063W,1,4.495475,0.6309601664543152,0.9288461804389954,0.056726906448602676
YOR001W,YPL028W,0,4.4954376,0.6305482983589172,0.9288461804389954,0.05682731047272682
YDR457W,YOR205C,1,4.4936934,0.6307892799377441,0.9298076629638672,0.05682731047272682
YDR416W,YDR496C,0,4.492849,0.6303780674934387,0.9298076629638672,0.05692771077156067
YDR379W,YLR129W,0,4.4927363,0.629967451095581,0.9298076629638672,0.057028111070394516
YOR116C,YOR261C,0,4.4897337,0.6295573115348816,0.9298076629638672,0.05712851509451866
YDR194C,YPR132W,1,4.4840164,0.6297982931137085,0.9307692050933838,0.05712851509451866
YHR040W,YOR201C,1,4.483531,0.6300390362739563,0.9317307472229004,0.05712851509451866
YKL013C,YCL059C,0,4.479064,0.6296296119689941,0.9317307472229004,0.05722891539335251
YAL033W,YGR057C,0,4.4751077,0.6292207837104797,0.9317307472229004,0.057329315692186356
YDR404C,YNL147W,0,4.475077,0.6288124322891235,0.9317307472229004,0.0574297197163105
YGR071C,YBR034C,0,4.4733706,0.6284046769142151,0.9317307472229004,0.05753012001514435
YLR208W,YDR465C,0,4.4728827,0.6279973983764648,0.9317307472229004,0.057630520313978195
YJL098W,YFL017W-A,0,4.469885,0.6275906562805176,0.9317307472229004,0.05773092433810234
YER146W,YJR055W,1,4.464485,0.6278316974639893,0.932692289352417,0.05773092433810234
YEL040W,YLR439W,0,4.4635215,0.6274256110191345,0.932692289352417,0.05783132463693619
YKL060C,YBR268W,0,4.463295,0.6270200610160828,0.932692289352417,0.05793172866106033
YGR150C,YMR143W,1,4.4601345,0.6272609829902649,0.9336538314819336,0.05793172866106033
YKL194C,YOR119C,0,4.456293,0.6268560290336609,0.9336538314819336,0.05803212895989418
YFL035C,YLR078C,0,4.456054,0.6264516115188599,0.9336538314819336,0.05813252925872803
YDR438W,YLR293C,0,4.4552517,0.6260477304458618,0.9336538314819336,0.05823293328285217
YJR097W,YGR061C,0,4.444865,0.625644326210022,0.9336538314819336,0.05833333358168602
YGR159C,YMR282C,0,4.4439178,0.6252414584159851,0.9336538314819336,0.05843373388051987
YBR247C,YPL095C,0,4.4434404,0.6248391270637512,0.9336538314819336,0.05853413790464401
YMR285C,YEL006W,0,4.4431825,0.6244372725486755,0.9336538314819336,0.05863453820347786
YAL019W,YHR090C,0,4.43944,0.6240360140800476,0.9336538314819336,0.05873493850231171
YMR268W-A,YLR367W,0,4.434929,0.6236351728439331,0.9336538314819336,0.05883534252643585
YMR242C,YNL103W,0,4.4339223,0.6232349276542664,0.9336538314819336,0.0589357428252697
YOR056C,YDR370C,1,4.4319987,0.6234765648841858,0.9346153736114502,0.0589357428252697
YBR065C,YLR196W,0,4.4302683,0.6230769157409668,0.9346153736114502,0.059036143124103546
YGL076C,YBL079W,0,4.4217257,0.622677743434906,0.9346153736114502,0.05913654714822769
YAL038W,YLR172C,0,4.4173203,0.6222791075706482,0.9346153736114502,0.05923694744706154
YLR438C-A,YMR013C,0,4.412855,0.6218810081481934,0.9346153736114502,0.059337347745895386
YGL103W,YCR063W,0,4.412051,0.6214833855628967,0.9346153736114502,0.05943775177001953
YOR258W,YKL077W,0,4.411702,0.6210862398147583,0.9346153736114502,0.05953815206885338
YDR087C,YDL078C,0,4.4068737,0.6206896305084229,0.9346153736114502,0.059638552367687225
YER146W,YDR370C,1,4.405258,0.6209317445755005,0.9355769157409668,0.059638552367687225
YJL033W,YPL095C,0,4.4041452,0.6205357313156128,0.9355769157409668,0.05973895639181137
YIL036W,YBR141C,0,4.402171,0.6201401948928833,0.9355769157409668,0.05983935669064522
YNL304W,YDR083W,0,4.398269,0.6197451949119568,0.9355769157409668,0.05993976071476936
YLR175W,YOR299W,0,4.39485,0.6193507313728333,0.9355769157409668,0.06004016101360321
YDL111C,YPL129W,0,4.3943634,0.6189567446708679,0.9355769157409668,0.06014056131243706
YKL180W,YJL048C,0,4.390192,0.6185632348060608,0.9355769157409668,0.0602409653365612
YKL110C,YKL063C,0,4.3882103,0.6181702613830566,0.9355769157409668,0.06034136563539505
YPR135W,YLR048W,0,4.3879414,0.6177777647972107,0.9355769157409668,0.0604417659342289
YDR339C,YBR167C,1,4.3825216,0.6180202960968018,0.9365384578704834,0.0604417659342289
YCR028C,YPR132W,0,4.3658624,0.6176283955574036,0.9365384578704834,0.06054216995835304
YMR128W,YLL050C,0,4.358246,0.6172370314598083,0.9365384578704834,0.06064257025718689
YHL034C,YOR048C,0,4.3582406,0.6168460845947266,0.9365384578704834,0.06074297055602074
YML081C-A,YKL069W,0,4.351244,0.6164556741714478,0.9365384578704834,0.06084337458014488
YHL011C,YPL210C,0,4.3502293,0.6160658001899719,0.9365384578704834,0.06094377487897873
YGR061C,YLR197W,0,4.346162,0.6156763434410095,0.9365384578704834,0.061044175177812576
YLR234W,YPL082C,0,4.3456516,0.6152874231338501,0.9365384578704834,0.06114457920193672
YMR285C,YHR072W-A,1,4.3405104,0.6155303120613098,0.9375,0.06114457920193672
YMR193W,YGL014W,0,4.3350267,0.6151419281959534,0.9375,0.06124497950077057
YIL026C,YDL205C,0,4.3336196,0.6147540807723999,0.9375,0.061345379799604416
YDR296W,YML085C,0,4.3315644,0.6143667101860046,0.9375,0.06144578382372856
YDL074C,YOL124C,0,4.330789,0.6139798760414124,0.9375,0.06154618412256241
YOR071C,YGR159C,0,4.3216014,0.6135934591293335,0.9375,0.061646588146686554
YLR244C,YNR032C-A,0,4.31668,0.6132075190544128,0.9375,0.0617469884455204
YOL139C,YBR153W,0,4.311531,0.6128221154212952,0.9375,0.06184738874435425
YNR053C,YJR118C,0,4.3098702,0.6124371886253357,0.9375,0.061947792768478394
YGR150C,YER082C,1,4.308157,0.6126804947853088,0.9384615421295166,0.061947792768478394
YEL054C,YCR053W,0,4.303364,0.6122961044311523,0.9384615421295166,0.06204819306731224
YLR305C,YGL123W,0,4.297869,0.6119122505187988,0.9384615421295166,0.06214859336614609
YOL127W,YKR068C,0,4.296226,0.6115288138389587,0.9384615421295166,0.06224899739027023
YDL061C,YGR135W,0,4.2955875,0.6111459136009216,0.9384615421295166,0.06234939768910408
YJL166W,YBL039C,0,4.2948956,0.610763430595398,0.9384615421295166,0.06244979798793793
YKL058W,YNL065W,0,4.280259,0.6103814840316772,0.9384615421295166,0.06255020201206207
YOR224C,YPL115C,0,4.2762136,0.6100000143051147,0.9384615421295166,0.06265060603618622
YDR194C,YHR062C,1,4.276097,0.6102436184883118,0.9394230842590332,0.06265060603618622
YJL090C,YJR009C,0,4.274578,0.6098626852035522,0.9394230842590332,0.06275100260972977
YNL259C,YKL200C,0,4.273265,0.6094822287559509,0.9394230842590332,0.06285140663385391
YOL127W,YJR143C,0,4.26439,0.6091022491455078,0.9394230842590332,0.06295181065797806
YKL156W,YIL035C,0,4.2630796,0.6087227463722229,0.9394230842590332,0.0630522072315216
YML060W,YGL005C,0,4.2618647,0.6083437204360962,0.9394230842590332,0.06315261125564575
YMR228W,YLR333C,0,4.257542,0.6079651713371277,0.9394230842590332,0.0632530152797699
YNL244C,YMR235C,0,4.25727,0.6075870394706726,0.9394230842590332,0.06335341185331345
YNL096C,YBR065C,0,4.256874,0.6072094440460205,0.9394230842590332,0.06345381587743759
YIL130W,YOL109W,0,4.254732,0.6068323254585266,0.9394230842590332,0.06355421990156174
YFR030W,YOL040C,0,4.2541804,0.6064556241035461,0.9394230842590332,0.06365461647510529
YLL038C,YFL035C-A,0,4.252574,0.6060793995857239,0.9394230842590332,0.06375502049922943
YDL184C,YGL107C,0,4.2513113,0.6057036519050598,0.9394230842590332,0.06385542452335358
YOL010W,YNL212W,0,4.2492166,0.605328381061554,0.9394230842590332,0.06395582109689713
YIL014W,YOL080C,0,4.2467647,0.6049535870552063,0.9394230842590332,0.06405622512102127
YGL157W,YDR259C,0,4.243955,0.6045792102813721,0.9394230842590332,0.06415662914514542
YDL081C,YER055C,0,4.2421465,0.604205310344696,0.9394230842590332,0.06425702571868896
YBR090C-A,YAL060W,0,4.24054,0.6038318872451782,0.9394230842590332,0.06435742974281311
YNL306W,YMR033W,0,4.2353554,0.6034589409828186,0.9394230842590332,0.06445783376693726
YOR132W,YMR050C,0,4.2318587,0.6030864119529724,0.9394230842590332,0.0645582303404808
YLR009W,YDR036C,0,4.2265453,0.6027143597602844,0.9394230842590332,0.06465863436460495
YNL182C,YNL262W,0,4.2222347,0.6023427844047546,0.9394230842590332,0.0647590383887291
YIL052C,YLR277C,0,4.218193,0.6019716858863831,0.9394230842590332,0.06485943496227264
YMR035W,YOL124C,0,4.2144394,0.6016010046005249,0.9394230842590332,0.06495983898639679
YMR160W,YDR178W,0,4.204253,0.6012307405471802,0.9394230842590332,0.06506024301052094
YDR060W,YDR405W,0,4.198654,0.6008610129356384,0.9394230842590332,0.06516063958406448
YGR063C,YCR087C-A,1,4.196435,0.6011063456535339,0.9403846263885498,0.06516063958406448
YHR069C,YJL085W,0,4.191344,0.6007370948791504,0.9403846263885498,0.06526104360818863
YDL060W,YIL033C,0,4.191311,0.600368320941925,0.9403846263885498,0.06536144763231277
YIL145C,YGL019W,0,4.186907,0.6000000238418579,0.9403846263885498,0.06546184420585632
YML015C,YDL075W,0,4.186075,0.5996321439743042,0.9403846263885498,0.06556224822998047
YDR398W,YPR171W,0,4.1790814,0.5992646813392639,0.9403846263885498,0.06566265225410461
YKL006C-A,YDR023W,0,4.1737776,0.5988977551460266,0.9403846263885498,0.06576304882764816
YIR005W,YIL128W,0,4.169636,0.598531186580658,0.9403846263885498,0.06586345285177231
YHR156C,YBR142W,0,4.1669226,0.5981651544570923,0.9403846263885498,0.06596385687589645
YLR186W,YNL128W,0,4.165429,0.59779953956604,0.9403846263885498,0.06606425344944
YMR318C,YDR545W,0,4.16374,0.5974343419075012,0.9403846263885498,0.06616465747356415
YOL040C,YDL120W,0,4.160481,0.5970696210861206,0.9403846263885498,0.0662650614976883
YKL099C,YCR086W,0,4.156948,0.5967053174972534,0.9403846263885498,0.06636546552181244
YER180C,YDL211C,0,4.153895,0.5963414907455444,0.9403846263885498,0.06646586209535599
YJL011C,YPL157W,0,4.151975,0.5959780812263489,0.9403846263885498,0.06656626611948013
YJL198W,YJR094W-A,0,4.1484723,0.5956150889396667,0.9403846263885498,0.06666667014360428
YGR103W,YLR284C,0,4.1478033,0.5952525734901428,0.9403846263885498,0.06676706671714783
YLR344W,YFR052W,0,4.1467543,0.5948905348777771,0.9403846263885498,0.06686747074127197
YKL114C,YBR268W,0,4.1457415,0.59452885389328,0.9403846263885498,0.06696787476539612
YBR081C,YDR454C,0,4.1440206,0.5941676497459412,0.9403846263885498,0.06706827133893967
YKL081W,YBL091C,0,4.139098,0.5938069224357605,0.9403846263885498,0.06716867536306381
YKL114C,YLR060W,0,4.1345162,0.5934466123580933,0.9403846263885498,0.06726907938718796
YLR270W,YPL196W,0,4.131271,0.5930867195129395,0.9403846263885498,0.0673694759607315
YBR129C,YLR249W,0,4.1265078,0.5927272439002991,0.9403846263885498,0.06746987998485565
YNL076W,YDR471W,0,4.121069,0.5923682451248169,0.9403846263885498,0.0675702840089798
YNL182C,YML049C,0,4.1210384,0.5920096635818481,0.9403846263885498,0.06767068058252335
YER019C-A,YLR409C,0,4.115901,0.5916515588760376,0.9403846263885498,0.06777108460664749
YDR450W,YOR205C,1,4.114807,0.5918984413146973,0.9413461685180664,0.06777108460664749
YER117W,YLL038C,0,4.110195,0.5915408134460449,0.9413461685180664,0.06787148863077164
YOR340C,YNL086W,0,4.1016293,0.591183602809906,0.9413461685180664,0.06797188520431519
YBL028C,YBR109C,0,4.091957,0.5908268094062805,0.9413461685180664,0.06807228922843933
YDR243C,YDL166C,0,4.0838532,0.5904704332351685,0.9413461685180664,0.06817269325256348
YAR033W,YCR072C,0,4.079716,0.5901145339012146,0.9413461685180664,0.06827308982610703
YLL034C,YPL214C,0,4.0794535,0.5897590517997742,0.9413461685180664,0.06837349385023117
YIL091C,YNL306W,1,4.0791864,0.5900059938430786,0.942307710647583,0.06837349385023117
YPL178W,YBL026W,0,4.0720057,0.5896510481834412,0.942307710647583,0.06847389787435532
YAL033W,YNL271C,0,4.068484,0.5892964601516724,0.942307710647583,0.06857429444789886
YPR182W,YDL134C-A,0,4.065278,0.588942289352417,0.942307710647583,0.06867469847202301
YOR250C,YOR119C,0,4.063986,0.5885885953903198,0.942307710647583,0.06877510249614716
YBR257W,YDR292C,0,4.0586033,0.5882353186607361,0.942307710647583,0.0688754990696907
YDL060W,YPR173C,0,4.053007,0.587882399559021,0.942307710647583,0.06897590309381485
YJL189W,YOR117W,0,4.0514746,0.5875299572944641,0.942307710647583,0.069076307117939
YIL096C,YLR102C,0,4.051216,0.5871779322624207,0.942307710647583,0.06917670369148254
YNR037C,YOL144W,0,4.04901,0.5868263244628906,0.942307710647583,0.06927710771560669
YGL103W,YMR256C,0,4.0470037,0.5864751935005188,0.942307710647583,0.06937751173973083
YBL024W,YOR067C,0,4.045646,0.5861244201660156,0.942307710647583,0.06947790831327438
YNL309W,YLR106C,0,4.0418205,0.5857740640640259,0.942307710647583,0.06957831233739853
YPL178W,YEL020W-A,0,4.038037,0.5854241251945496,0.942307710647583,0.06967871636152267
YDR400W,YOR240W,0,4.037259,0.5850746035575867,0.942307710647583,0.06977911293506622
YHR186C,YBL024W,0,4.0325108,0.584725558757782,0.942307710647583,0.06987951695919037
YPL101W,YLR014C,0,4.031411,0.584376871585846,0.942307710647583,0.06997992098331451
YER086W,YIL093C,0,4.028857,0.5840286016464233,0.942307710647583,0.07008032500743866
YIL009C-A,YMR230W,0,4.026932,0.5836807489395142,0.942307710647583,0.07018072158098221
YLR426W,YKL166C,0,4.0267406,0.5833333134651184,0.942307710647583,0.07028112560510635
YDL039C,YML055W,0,4.023001,0.5829862952232361,0.942307710647583,0.0703815296292305
YLR175W,YKR104W,0,4.01708,0.5826396942138672,0.942307710647583,0.07048192620277405
YNL282W,YEL017C-A,0,4.0160446,0.5822935104370117,0.942307710647583,0.0705823302268982
YDR370C,YLR276C,1,4.0096292,0.5825415849685669,0.9432692527770996,0.0705823302268982
YOR287C,YBR167C,1,4.007293,0.5827893018722534,0.9442307949066162,0.0705823302268982
YDR194C,YHL025W,1,4.0048904,0.5830367803573608,0.9451923370361328,0.0705823302268982
YMR284W,YHR106W,0,4.0027885,0.5826911926269531,0.9451923370361328,0.07068273425102234
YER028C,YMR303C,0,4.002295,0.5823459625244141,0.9451923370361328,0.07078313082456589
YLL002W,YML096W,0,3.9990215,0.5820012092590332,0.9451923370361328,0.07088353484869003
YMR242C,YDR175C,0,3.997859,0.581656813621521,0.9451923370361328,0.07098393887281418
YGR279C,YPL101W,0,3.997198,0.5813128352165222,0.9451923370361328,0.07108433544635773
YOR048C,YLL009C,0,3.9939346,0.5809692740440369,0.9451923370361328,0.07118473947048187
YNL301C,YOR076C,0,3.9934306,0.5806261301040649,0.9451923370361328,0.07128514349460602
YOL066C,YJL200C,0,3.992293,0.5802833437919617,0.9451923370361328,0.07138554006814957
YER165W,YNR048W,0,3.9901814,0.5799409747123718,0.9451923370361328,0.07148594409227371
YLR411W,YNL151C,0,3.988244,0.5795990824699402,0.9451923370361328,0.07158634811639786
YML094W,YGL092W,0,3.9852622,0.5792574882507324,0.9451923370361328,0.0716867446899414
YKL063C,YDR021W,0,3.9847145,0.5789163708686829,0.9451923370361328,0.07178714871406555
YER117W,YER036C,0,3.9818096,0.578575611114502,0.9451923370361328,0.0718875527381897
YCL035C,YCL064C,0,3.9812992,0.5782352685928345,0.9451923370361328,0.07198794931173325
YML077W,YPR060C,0,3.9784698,0.5778953433036804,0.9451923370361328,0.07208835333585739
YOR172W,YLL050C,0,3.974618,0.5775558352470398,0.9451923370361328,0.07218875735998154
YPL225W,YOR272W,0,3.974256,0.5772166848182678,0.9451923370361328,0.07228915393352509
YLR390W,YOR233W,0,3.97225,0.5768779516220093,0.9451923370361328,0.07238955795764923
YPL218W,YNR024W,0,3.9720073,0.5765395760536194,0.9451923370361328,0.07248996198177338
YOR078W,YOR136W,0,3.9712634,0.5762016177177429,0.9451923370361328,0.07259035855531693
YLL033W,YDL229W,0,3.9617658,0.5758640766143799,0.9451923370361328,0.07269076257944107
YHR089C,YIL172C,0,3.9511364,0.5755269527435303,0.9451923370361328,0.07279116660356522
YML113W,YHR133C,0,3.950476,0.5751901865005493,0.9451923370361328,0.07289156317710876
YJL162C,YLR363C,0,3.9500718,0.574853777885437,0.9451923370361328,0.07299196720123291
YDR393W,YLR333C,0,3.9493442,0.5745178461074829,0.9451923370361328,0.07309237122535706
YNL085W,YAL059W,0,3.9487085,0.5741822719573975,0.9451923370361328,0.0731927677989006
YBR251W,YER173W,0,3.9483328,0.5738470554351807,0.9451923370361328,0.07329317182302475
YDR288W,YCL054W,0,3.9480917,0.5735122561454773,0.9451923370361328,0.0733935758471489
YDR064W,YBR111W-A,0,3.9477873,0.5731778144836426,0.9451923370361328,0.07349397242069244
YLR107W,YKL040C,0,3.9461727,0.5728438496589661,0.9451923370361328,0.07359437644481659
YBL025W,YML133C,0,3.9399788,0.5725101828575134,0.9451923370361328,0.07369478046894073
YKL021C,YLR263W,0,3.9388084,0.5721769332885742,0.9451923370361328,0.07379517704248428
YHR184W,YGR251W,0,3.937566,0.5718441009521484,0.9451923370361328,0.07389558106660843
YHR072W-A,YPL235W,1,3.9325356,0.5720930099487305,0.9461538195610046,0.07389558106660843
YKR100C,YOL101C,0,3.9299736,0.5717605948448181,0.9461538195610046,0.07399598509073257
YGR105W,YGL147C,0,3.927013,0.5714285969734192,0.9461538195610046,0.07409638911485672
YLR134W,YHR035W,0,3.9241276,0.5710968971252441,0.9461538195610046,0.07419678568840027
YJR025C,YAL025C,0,3.9199028,0.5707656741142273,0.9461538195610046,0.07429718971252441
YNL194C,YOR004W,0,3.9181826,0.5704348087310791,0.9461538195610046,0.07439759373664856
YBL025W,YGR251W,0,3.9180646,0.5701043009757996,0.9461538195610046,0.07449799031019211
YNL182C,YDR150W,0,3.9163423,0.5697741508483887,0.9461538195610046,0.07459839433431625
YMR024W,YGR118W,1,3.907569,0.5700231194496155,0.9471153616905212,0.07459839433431625
YAL012W,YOL018C,0,3.8977156,0.5696934461593628,0.9471153616905212,0.0746987983584404
YEL048C,YPR169W,0,3.8757105,0.5693641901016235,0.9471153616905212,0.07479919493198395
YLR389C,YPL193W,0,3.8693008,0.5690352320671082,0.9471153616905212,0.0748995989561081
YGR037C,YJR138W,0,3.8614821,0.5687066912651062,0.9471153616905212,0.07500000298023224
YOR310C,YGR281W,0,3.8599694,0.5683785080909729,0.9471153616905212,0.07510039955377579
YJL073W,YMR193W,0,3.8598099,0.568050742149353,0.9471153616905212,0.07520080357789993
YER028C,YDR120C,0,3.8588114,0.5677233338356018,0.9471153616905212,0.07530120760202408
YGL046W,YDR421W,0,3.8576007,0.567396342754364,0.9471153616905212,0.07540160417556763
YER115C,YGR272C,0,3.856214,0.5670696496963501,0.9471153616905212,0.07550200819969177
YDR527W,YPL050C,0,3.8430963,0.5667433738708496,0.9471153616905212,0.07560241222381592
YNR017W,YOL076W,0,3.8419063,0.5664174556732178,0.9471153616905212,0.07570280879735947
YER131W,YBR115C,0,3.8414557,0.5660919547080994,0.9471153616905212,0.07580321282148361
YPR131C,YGR214W,0,3.840665,0.5657668113708496,0.9471153616905212,0.07590361684560776
YPL151C,YOR272W,0,3.8394217,0.5654420256614685,0.9471153616905212,0.0760040134191513
YBR074W,YNL132W,0,3.8350472,0.565117597579956,0.9471153616905212,0.07610441744327545
YKL082C,YNL307C,0,3.8340344,0.564793586730957,0.9471153616905212,0.0762048214673996
YLR175W,YKL108W,0,3.8335023,0.5644699335098267,0.9471153616905212,0.07630521804094315
YGL122C,YNL119W,0,3.8250089,0.5641466379165649,0.9471153616905212,0.07640562206506729
YLR150W,YEL029C,0,3.8236775,0.5638236999511719,0.9471153616905212,0.07650602608919144
YDL083C,YML107C,0,3.82366,0.5635011196136475,0.9471153616905212,0.07660642266273499
YDL210W,YNL248C,0,3.8200324,0.5631789565086365,0.9471153616905212,0.07670682668685913
YDR410C,YLR432W,0,3.8185892,0.5628571510314941,0.9471153616905212,0.07680723071098328
YBL106C,YMR229C,0,3.8169224,0.5625357031822205,0.9471153616905212,0.07690762728452682
YMR290C,YJL192C,0,3.8166595,0.5622146129608154,0.9471153616905212,0.07700803130865097
YDR120C,YHR175W,0,3.8082757,0.561893880367279,0.9471153616905212,0.07710843533277512
YPL175W,YER036C,0,3.8036177,0.5615735650062561,0.9471153616905212,0.07720883190631866
YFR001W,YOR290C,0,3.8032432,0.561253547668457,0.9471153616905212,0.07730923593044281
YLR409C,YMR235C,0,3.8010983,0.5609339475631714,0.9471153616905212,0.07740963995456696
YDR440W,YDR377W,0,3.7955253,0.5606147050857544,0.9471153616905212,0.0775100365281105
YIL046W,YDL051W,0,3.7932925,0.560295820236206,0.9471153616905212,0.07761044055223465
YLR228C,YER030W,0,3.7932613,0.5599772334098816,0.9471153616905212,0.0777108445763588
YGL111W,YER164W,0,3.7923756,0.5596590638160706,0.9471153616905212,0.07781124860048294
YGR177C,YGR124W,0,3.7923193,0.559341311454773,0.9471153616905212,0.07791164517402649
YMR225C,YMR241W,0,3.7907348,0.5590238571166992,0.9471153616905212,0.07801204919815063
YGR155W,YLR192C,0,3.7889295,0.5587067604064941,0.9471153616905212,0.07811245322227478
YHR169W,YIL009W,0,3.788855,0.5583900213241577,0.9471153616905212,0.07821284979581833
YGR264C,YHR214C-B,0,3.7821465,0.5580736398696899,0.9471153616905212,0.07831325381994247
YGL031C,YOR288C,0,3.7815852,0.5577576160430908,0.9471153616905212,0.07841365784406662
YML132W,YOR004W,0,3.7815037,0.5574420094490051,0.9471153616905212,0.07851405441761017
YGL120C,YLL031C,0,3.780262,0.5571267008781433,0.9471153616905212,0.07861445844173431
YJR058C,YJR063W,0,3.7796664,0.5568117499351501,0.9471153616905212,0.07871486246585846
YER056C-A,YLR078C,0,3.7686596,0.5564971566200256,0.9471153616905212,0.07881525903940201
YLR251W,YGR088W,0,3.7630448,0.5561829209327698,0.9471153616905212,0.07891566306352615
YER028C,YKR044W,0,3.755486,0.5558691024780273,0.9471153616905212,0.0790160670876503
YJR070C,YFR005C,0,3.752856,0.5555555820465088,0.9471153616905212,0.07911646366119385
YGR239C,YBR111W-A,0,3.7524114,0.5552424192428589,0.9471153616905212,0.079216867685318
YBR189W,YIR009W,0,3.7470155,0.5549295544624329,0.9471153616905212,0.07931727170944214
YLR451W,YDL067C,0,3.746738,0.5546171069145203,0.9471153616905212,0.07941766828298569
YKL024C,YEL043W,0,3.7464166,0.5543050169944763,0.9471153616905212,0.07951807230710983
YAR010C,YDR130C,0,3.7456152,0.5539932250976562,0.9471153616905212,0.07961847633123398
YCR092C,YGR283C,0,3.7347503,0.5536818504333496,0.9471153616905212,0.07971887290477753
YBR247C,YBR024W,0,3.734222,0.5533707737922668,0.9471153616905212,0.07981927692890167
YHR067W,YOR310C,0,3.7333243,0.5530600547790527,0.9471153616905212,0.07991968095302582
YJR145C,YDR287W,0,3.7330523,0.5527496933937073,0.9471153616905212,0.08002007752656937
YKL203C,YPR057W,0,3.731219,0.5524396896362305,0.9471153616905212,0.08012048155069351
YHR214C-B,YHR108W,0,3.7312183,0.5521300435066223,0.9471153616905212,0.08022088557481766
YMR024W,YGR030C,1,3.7300024,0.5523809790611267,0.9480769038200378,0.08022088557481766
YJR063W,YPL224C,0,3.7259989,0.5520716905593872,0.9480769038200378,0.0803212821483612
YHL034C,YHL011C,0,3.7242477,0.5517627596855164,0.9480769038200378,0.08042168617248535
YNL232W,YHL027W,0,3.7226238,0.5514541268348694,0.9480769038200378,0.0805220901966095
YHR069C,YKL032C,0,3.7220454,0.5511459112167358,0.9480769038200378,0.08062248677015305
YDR299W,YKR066C,0,3.7189033,0.5508379936218262,0.9480769038200378,0.08072289079427719
YKR059W,YPR041W,0,3.7185488,0.5505304336547852,0.9480769038200378,0.08082329481840134
YKL110C,YLR391W-A,0,3.7183914,0.5502232313156128,0.9480769038200378,0.08092369139194489
YMR256C,YOR244W,0,3.7169118,0.5499163269996643,0.9480769038200378,0.08102409541606903
YDR398W,YMR204C,0,3.7141144,0.5496098399162292,0.9480769038200378,0.08112449944019318
YDR247W,YPR080W,0,3.7095697,0.5493036508560181,0.9480769038200378,0.08122489601373672
YER104W,YGL009C,0,3.708239,0.5489977598190308,0.9480769038200378,0.08132530003786087
YIL145C,YDL171C,0,3.7052746,0.5486922860145569,0.9480769038200378,0.08142570406198502
YPL001W,YNL178W,0,3.7045043,0.5483871102333069,0.9480769038200378,0.08152610808610916
YGR262C,YBR114W,0,3.7030323,0.5480822920799255,0.9480769038200378,0.08162650465965271
YPL240C,YGR235C,0,3.7006664,0.5477777719497681,0.9480769038200378,0.08172690868377686
YMR247C,YHR085W,0,3.698512,0.5474736094474792,0.9480769038200378,0.081827312707901
YGL089C,YDL195W,0,3.6950974,0.5471698045730591,0.9480769038200378,0.08192770928144455
YOL109W,YGR034W,0,3.6936064,0.5468663573265076,0.9480769038200378,0.0820281133055687
YMR087W,YER074W,0,3.6915655,0.5465632081031799,0.9480769038200378,0.08212851732969284
YGR205W,YNL112W,0,3.690951,0.546260416507721,0.9480769038200378,0.08222891390323639
YLR145W,YOR209C,0,3.688398,0.5459579229354858,0.9480769038200378,0.08232931792736053
YDL148C,YAL022C,0,3.6872802,0.5456557869911194,0.9480769038200378,0.08242972195148468
YLL014W,YAL059W,0,3.6872396,0.5453540086746216,0.9480769038200378,0.08253011852502823
YLR305C,YDL208W,0,3.6827302,0.5450525283813477,0.9480769038200378,0.08263052254915237
YDR139C,YLR467W,0,3.6816735,0.5447514057159424,0.9480769038200378,0.08273092657327652
YIR009W,YOR067C,0,3.6797647,0.544450581073761,0.9480769038200378,0.08283132314682007
YLR165C,YOR217W,0,3.676413,0.5441501140594482,0.9480769038200378,0.08293172717094421
YPR114W,YDR397C,0,3.6707644,0.5438499450683594,0.9480769038200378,0.08303213119506836
YDR299W,YDR443C,0,3.6677804,0.5435501933097839,0.9480769038200378,0.08313252776861191
YDR245W,YAL025C,0,3.6674623,0.5432506799697876,0.9480769038200378,0.08323293179273605
YDL111C,YMR265C,1,3.6651812,0.5435022115707397,0.9490384459495544,0.08323293179273605
YDR404C,YEL020W-A,0,3.6601992,0.5432030558586121,0.9490384459495544,0.0833333358168602
YNR004W,YBR177C,0,3.6564903,0.5429043173789978,0.9490384459495544,0.08343373239040375
YPL183W-A,YIL115C,0,3.6533697,0.5426058173179626,0.9490384459495544,0.0835341364145279
YDR268W,YCR053W,0,3.646474,0.5423076748847961,0.9490384459495544,0.08363454043865204
YOR026W,YPR143W,0,3.6463737,0.5420098900794983,0.9490384459495544,0.08373493701219559
YHR089C,YOR338W,0,3.6459012,0.5417124032974243,0.9490384459495544,0.08383534103631973
YMR321C,YDR523C,0,3.6449432,0.541415274143219,0.9490384459495544,0.08393574506044388
YOR091W,YMR033W,0,3.6395786,0.5411184430122375,0.9490384459495544,0.08403614163398743
YPL068C,YLR440C,0,3.6391144,0.54082190990448,0.9490384459495544,0.08413654565811157
YMR270C,YLL004W,0,3.6387393,0.5405257344245911,0.9490384459495544,0.08423694968223572
YCR058C,YML127W,1,3.6353776,0.5407772064208984,0.949999988079071,0.08423694968223572
YGR174C,YOR251C,0,3.6346812,0.5404813885688782,0.949999988079071,0.08433734625577927
YOR091W,YHR179W,0,3.6320827,0.5401858687400818,0.949999988079071,0.08443775027990341
YGR193C,YAL038W,0,3.6310875,0.539890706539154,0.949999988079071,0.08453815430402756
YHR167W,YPR057W,0,3.629218,0.5395958423614502,0.949999988079071,0.0846385508775711
YNL095C,YLR325C,0,3.6265583,0.539301335811615,0.949999988079071,0.08473895490169525
YER056C,YNL095C,0,3.626184,0.5390070676803589,0.949999988079071,0.0848393589258194
YLR276C,YMR072W,0,3.6256866,0.5387132167816162,0.949999988079071,0.08493975549936295
YPL095C,YGL189C,0,3.6217513,0.5384196043014526,0.949999988079071,0.08504015952348709
YPL117C,YNL029C,0,3.6191316,0.5381263494491577,0.949999988079071,0.08514056354761124
YKR031C,YMR256C,0,3.617778,0.5378334522247314,0.949999988079071,0.08524096757173538
YPL115C,YFL035C-A,0,3.61763,0.5375407934188843,0.949999988079071,0.08534136414527893
YGL116W,YLR141W,0,3.6171832,0.5372484922409058,0.949999988079071,0.08544176816940308
YNL216W,YDL136W,0,3.611524,0.5369565486907959,0.949999988079071,0.08554217219352722
YLR401C,YMR318C,0,3.6110067,0.5366648435592651,0.949999988079071,0.08564256876707077
YDR418W,YNL081C,0,3.6065357,0.536373496055603,0.949999988079071,0.08574297279119492
YGL019W,YGL087C,0,3.6057527,0.5360824465751648,0.949999988079071,0.08584337681531906
YGL068W,YJR042W,0,3.6052468,0.5357917547225952,0.949999988079071,0.08594377338886261
YML010W,YKL009W,1,3.6049228,0.5360433459281921,0.9509615302085876,0.08594377338886261
YDR019C,YPL213W,0,3.597559,0.5357529520988464,0.9509615302085876,0.08604417741298676
YLR118C,YDR025W,0,3.595768,0.5354629158973694,0.9509615302085876,0.0861445814371109
YPL183W-A,YNL102W,0,3.5937438,0.5351731777191162,0.9509615302085876,0.08624497801065445
YGR106C,YDL112W,0,3.5934248,0.5348837375640869,0.9509615302085876,0.0863453820347786
YNL137C,YJR112W,0,3.586792,0.5345945954322815,0.9509615302085876,0.08644578605890274
YER140W,YKL172W,0,3.5843558,0.5343057513237,0.9509615302085876,0.08654618263244629
YGL037C,YOL129W,0,3.5796325,0.5340172648429871,0.9509615302085876,0.08664658665657043
YPL186C,YGR123C,0,3.5727017,0.533729076385498,0.9509615302085876,0.08674699068069458
YMR158W,YDR429C,0,3.570115,0.5334411859512329,0.9509615302085876,0.08684738725423813
YER125W,YOR205C,1,3.569633,0.5336927175521851,0.9519230723381042,0.08684738725423813
YDR086C,YDL111C,0,3.566409,0.5334051847457886,0.9519230723381042,0.08694779127836227
YOR116C,YGR238C,0,3.5649724,0.533117949962616,0.9519230723381042,0.08704819530248642
YBR150C,YLR287C-A,0,3.5643196,0.5328310132026672,0.9519230723381042,0.08714859187602997
YPR019W,YHR010W,0,3.562285,0.5325443744659424,0.9519230723381042,0.08724899590015411
YBR087W,YJR050W,0,3.5594459,0.5322580933570862,0.9519230723381042,0.08734939992427826
YDL007W,YNL207W,0,3.5583723,0.5319720506668091,0.9519230723381042,0.08744979649782181
YJL025W,YOL055C,0,3.5566099,0.5316863656044006,0.9519230723381042,0.08755020052194595
YHR070W,YGR036C,0,3.5551503,0.5314009785652161,0.9519230723381042,0.0876506045460701
YDR412W,YBR005W,0,3.5546188,0.5311158895492554,0.9519230723381042,0.08775100111961365
YER145C,YAL059W,0,3.553606,0.5308310985565186,0.9519230723381042,0.08785140514373779
YER063W,YDR144C,0,3.5502915,0.5305466055870056,0.9519230723381042,0.08795180916786194
YNR017W,YER055C,0,3.5500262,0.5302624702453613,0.9519230723381042,0.08805220574140549
YMR093W,YDR284C,0,3.5493064,0.5299785733222961,0.9519230723381042,0.08815260976552963
YKR002W,YOR061W,0,3.5443892,0.5296950340270996,0.9519230723381042,0.08825301378965378
YML010W,YDR398W,1,3.5414584,0.529946506023407,0.9528846144676208,0.08825301378965378
YGL103W,YBR260C,0,3.5390105,0.5296632647514343,0.9528846144676208,0.08835341036319733
YCR063W,YER102W,0,3.5369022,0.5293803215026855,0.9528846144676208,0.08845381438732147
YDR398W,YDL180W,0,3.534595,0.5290976762771606,0.9528846144676208,0.08855421841144562
YBR238C,YJR112W,0,3.5276659,0.5288153886795044,0.9528846144676208,0.08865461498498917
YIL051C,YPR041W,0,3.5208752,0.5285333395004272,0.9528846144676208,0.08875501900911331
YOR206W,YOL116W,0,3.5202632,0.528251588344574,0.9528846144676208,0.08885542303323746
YDR064W,YNR021W,0,3.516776,0.5279701948165894,0.9528846144676208,0.088955819606781
YPL138C,YMR233W,0,3.5142975,0.5276890397071838,0.9528846144676208,0.08905622363090515
YDL083C,YLR181C,0,3.513925,0.5274081826210022,0.9528846144676208,0.0891566276550293
YHR005C-A,YGL136C,0,3.5081263,0.5271276831626892,0.9528846144676208,0.08925703167915344
YER180C,YLR073C,0,3.5077834,0.5268474221229553,0.9528846144676208,0.08935742825269699
YBL061C,YLR197W,0,3.4964845,0.5265674591064453,0.9528846144676208,0.08945783227682114
YPR137W,YHR114W,0,3.4951403,0.526287853717804,0.9528846144676208,0.08955823630094528
YDL083C,YMR035W,0,3.4922736,0.5260084867477417,0.9528846144676208,0.08965863287448883
YPL064C,YDR120C,0,3.4919705,0.5257294178009033,0.9528846144676208,0.08975903689861298
YER098W,YOR224C,0,3.488757,0.5254507064819336,0.9528846144676208,0.08985944092273712
YGL087C,YKL006W,0,3.4858775,0.525172233581543,0.9528846144676208,0.08995983749628067
YGR084C,YJR054W,0,3.4828355,0.5248940587043762,0.9528846144676208,0.09006024152040482
YLL024C,YML095C,0,3.4816399,0.5246161818504333,0.9528846144676208,0.09016064554452896
YBR015C,YDR496C,0,3.4813337,0.5243386030197144,0.9528846144676208,0.09026104211807251
YDL115C,YLR014C,0,3.4810562,0.5240613222122192,0.9528846144676208,0.09036144614219666
YBR129C,YGR159C,0,3.4792418,0.523784339427948,0.9528846144676208,0.0904618501663208
YGL122C,YGL111W,0,3.477653,0.5235076546669006,0.9528846144676208,0.09056224673986435
YKL099C,YAL058W,0,3.4761157,0.5232312679290771,0.9528846144676208,0.0906626507639885
YPR149W,YBR090C-A,0,3.4751248,0.5229551196098328,0.9528846144676208,0.09076305478811264
YGR103W,YLR386W,0,3.4708345,0.522679328918457,0.9528846144676208,0.09086345136165619
YDR299W,YGR225W,0,3.4690638,0.5224037766456604,0.9528846144676208,0.09096385538578033
YLL021W,YER137C,0,3.4682548,0.5221285820007324,0.9528846144676208,0.09106425940990448
YDR471W,YMR184W,0,3.464962,0.5218536257743835,0.9528846144676208,0.09116465598344803
YPL171C,YLR054C,0,3.463048,0.5215789675712585,0.9528846144676208,0.09126506000757217
YPR134W,YDR429C,0,3.4630275,0.5213045477867126,0.9528846144676208,0.09136546403169632
YJL096W,YDL215C,0,3.4624557,0.5210304856300354,0.9528846144676208,0.09146586060523987
YDR268W,YML113W,0,3.4613695,0.520756721496582,0.9528846144676208,0.09156626462936401
YPR019W,YER074W,0,3.4563375,0.5204831957817078,0.9528846144676208,0.09166666865348816
YKL170W,YOR237W,0,3.4497502,0.5202099680900574,0.9528846144676208,0.09176706522703171
YML063W,YBR167C,1,3.4489262,0.5204616785049438,0.9538461565971375,0.09176706522703171
YDR312W,YBL091C,0,3.4487057,0.5201887488365173,0.9538461565971375,0.09186746925115585
YPL143W,YDL047W,0,3.4471414,0.5199161171913147,0.9538461565971375,0.09196787327528
YLL034C,YOR117W,0,3.4435077,0.5196437835693359,0.9538461565971375,0.09206826984882355
YJL192C,YKL056C,0,3.4396906,0.519371747970581,0.9538461565971375,0.09216867387294769
YMR039C,YER112W,0,3.43956,0.5190999507904053,0.9538461565971375,0.09226907789707184
YGL106W,YLR040C,0,3.438545,0.5188284516334534,0.9538461565971375,0.09236947447061539
YPL126W,YNL243W,0,3.4367397,0.5185572504997253,0.9538461565971375,0.09246987849473953
YGR143W,YHR138C,0,3.4359403,0.5182862877845764,0.9538461565971375,0.09257028251886368
YBR097W,YCR047C,0,3.4316254,0.5180156826972961,0.9538461565971375,0.09267067909240723
YPR031W,YLR419W,0,3.4306128,0.517745316028595,0.9538461565971375,0.09277108311653137
YDR064W,YLR314C,0,3.4275026,0.5174752473831177,0.9538461565971375,0.09287148714065552
YKL061W,YJR027W,0,3.425908,0.5172054171562195,0.9538461565971375,0.09297189116477966
YGR060W,YDR167W,0,3.4223273,0.5169358849525452,0.9538461565971375,0.09307228773832321
YBL021C,YGR030C,0,3.4189582,0.5166666507720947,0.9538461565971375,0.09317269176244736
YHR086W,YGR158C,0,3.416488,0.5163977146148682,0.9538461565971375,0.0932730957865715
YMR240C,YNL164C,0,3.4094584,0.5161290168762207,0.9538461565971375,0.09337349236011505
YIL052C,YGL025C,0,3.4073668,0.5158606171607971,0.9538461565971375,0.0934738963842392
YNR041C,YPR046W,0,3.4054453,0.5155925154685974,0.9538461565971375,0.09357430040836334
YOR063W,YLL038C,0,3.4043617,0.5153246521949768,0.9538461565971375,0.09367469698190689
YKL053C-A,YOR158W,0,3.4042368,0.5150570869445801,0.9538461565971375,0.09377510100603104
YKL063C,YLR078C,0,3.4013214,0.5147898197174072,0.9538461565971375,0.09387550503015518
YJL130C,YDL225W,0,3.397399,0.5145228505134583,0.9538461565971375,0.09397590160369873
YKL196C,YDR418W,0,3.3879511,0.5142561197280884,0.9538461565971375,0.09407630562782288
YMR059W,YHR129C,0,3.3873286,0.5139896273612976,0.9538461565971375,0.09417670965194702
YDL111C,YBR055C,0,3.3867579,0.5137234330177307,0.9538461565971375,0.09427710622549057
YOL086C,YDR075W,0,3.3859582,0.5134575366973877,0.9538461565971375,0.09437751024961472
YBR069C,YOL121C,0,3.385491,0.5131919384002686,0.9538461565971375,0.09447791427373886
YNL103W,YNR003C,0,3.3848445,0.5129265785217285,0.9538461565971375,0.09457831084728241
YCR058C,YBR167C,1,3.3825283,0.513178288936615,0.954807698726654,0.09457831084728241
YBR248C,YBL079W,0,3.3818302,0.5129132270812988,0.954807698726654,0.09467871487140656
YKL090W,YMR230W,0,3.380649,0.5126484036445618,0.954807698726654,0.0947791188955307
YNR038W,YKR095W-A,0,3.3800426,0.5123838782310486,0.954807698726654,0.09487951546907425
YCL026C-B,YNR050C,0,3.378068,0.5121196508407593,0.954807698726654,0.0949799194931984
YER109C,YLR264W,0,3.3766186,0.5118556618690491,0.954807698726654,0.09508032351732254
YER117W,YCR077C,0,3.3765466,0.5115919709205627,0.954807698726654,0.09518072009086609
YIL130W,YBR028C,0,3.3726728,0.5113285183906555,0.954807698726654,0.09528112411499023
YGR003W,YLR172C,0,3.368312,0.5110653638839722,0.954807698726654,0.09538152813911438
YOR287C,YCR028C,0,3.3634095,0.5108024477958679,0.954807698726654,0.09548192471265793
YER082C,YOR239W,0,3.3625364,0.5105398297309875,0.954807698726654,0.09558232873678207
YLR325C,YLR209C,0,3.361012,0.510277509689331,0.954807698726654,0.09568273276090622
YMR078C,YNR032C-A,0,3.3588243,0.5100154280662537,0.954807698726654,0.09578312933444977
YLR204W,YCR054C,0,3.3578796,0.5097535848617554,0.954807698726654,0.09588353335857391
YGR171C,YDR418W,0,3.355156,0.509492039680481,0.954807698726654,0.09598393738269806
YAL056W,YDR239C,0,3.354386,0.5092307925224304,0.954807698726654,0.09608433395624161
YLR073C,YLR086W,0,3.3501275,0.508969783782959,0.954807698726654,0.09618473798036575
YNL289W,YHR129C,0,3.3486905,0.5087090134620667,0.954807698726654,0.0962851420044899
YHR058C,YJL025W,0,3.3475006,0.5084485411643982,0.954807698726654,0.09638553857803345
YPL105C,YNL065W,0,3.3461366,0.5081883072853088,0.954807698726654,0.09648594260215759
YOR116C,YDR224C,0,3.344683,0.5079283714294434,0.954807698726654,0.09658634662628174
YNR004W,YCR011C,0,3.3442943,0.5076687335968018,0.954807698726654,0.09668675065040588
YML102W,YLR052W,0,3.3433375,0.5074092745780945,0.954807698726654,0.09678714722394943
YCR029C-A,YHR106W,0,3.340345,0.5071501731872559,0.954807698726654,0.09688755124807358
YJL157C,YDL112W,0,3.3320565,0.5068912506103516,0.954807698726654,0.09698795527219772
YKL045W,YPR043W,0,3.328858,0.5066326260566711,0.954807698726654,0.09708835184574127
YNR037C,YML097C,0,3.328119,0.5063742995262146,0.954807698726654,0.09718875586986542
YDR107C,YPL113C,0,3.3271089,0.5061162114143372,0.954807698726654,0.09728915989398956
YLL027W,YLR061W,0,3.3210912,0.5058583617210388,0.954807698726654,0.09738955646753311
YDR140W,YPR186C,0,3.3158326,0.5056008100509644,0.954807698726654,0.09748996049165726
YBL091C-A,YOR377W,0,3.3143344,0.505343496799469,0.954807698726654,0.0975903645157814
YDR283C,YGR081C,0,3.3127208,0.5050864815711975,0.954807698726654,0.09769076108932495
YKR038C,YML036W,0,3.3081846,0.5048297047615051,0.954807698726654,0.0977911651134491
YIL005W,YKL069W,0,3.3023849,0.5045731663703918,0.954807698726654,0.09789156913757324
YPL010W,YPR110C,0,3.2975519,0.5043169260025024,0.954807698726654,0.09799196571111679
YPL126W,YBR065C,0,3.2972698,0.5040609240531921,0.954807698726654,0.09809236973524094
YML080W,YFL047W,0,3.294941,0.5038051605224609,0.954807698726654,0.09819277375936508
YDL030W,YFL045C,0,3.2922535,0.5035496950149536,0.954807698726654,0.09829317033290863
YGR106C,YLR430W,0,3.2904456,0.5032944679260254,0.954807698726654,0.09839357435703278
YBL061C,YHR210C,0,3.2873135,0.503039538860321,0.954807698726654,0.09849397838115692
YER062C,YMR175W,0,3.2867599,0.502784788608551,0.954807698726654,0.09859437495470047
YIL159W,YOR341W,0,3.2856922,0.5025303363800049,0.954807698726654,0.09869477897882462
YNL135C,YLR044C,0,3.2850914,0.5022761821746826,0.954807698726654,0.09879518300294876
YGL115W,YDR144C,0,3.2844071,0.5020222663879395,0.954807698726654,0.09889557957649231
YGL155W,YML074C,0,3.2809834,0.5017685890197754,0.954807698726654,0.09899598360061646
YMR049C,YHR076W,0,3.2778108,0.5015151500701904,0.954807698726654,0.0990963876247406
YCL067C,YKR044W,0,3.2751126,0.5012620091438293,0.954807698726654,0.09919678419828415
YKL039W,YOR389W,0,3.2695842,0.5010091066360474,0.954807698726654,0.0992971882224083
YOR081C,YLL013C,0,3.2689455,0.5007564425468445,0.954807698726654,0.09939759224653244
YML094W,YMR127C,0,3.2683673,0.5005040168762207,0.954807698726654,0.09949798882007599
YBR012W-A,YCL031C,0,3.2633862,0.5002518892288208,0.954807698726654,0.09959839284420013
YBL023C,YGL062W,0,3.2627387,0.5,0.954807698726654,0.09969879686832428
YGR185C,YDL097C,0,3.2615829,0.4997483789920807,0.954807698726654,0.09979919344186783
YML010W,YHR089C,1,3.2598476,0.5,0.9557692408561707,0.09979919344186783
YHR021C,YMR088C,0,3.259377,0.4997486174106598,0.9557692408561707,0.09989959746599197
YNL158W,YPR169W,0,3.257614,0.4994974732398987,0.9557692408561707,0.10000000149011612
YCR087C-A,YML133C,0,3.2517307,0.49924659729003906,0.9557692408561707,0.10010039806365967
YAL019W,YNR015W,0,3.2516549,0.49899598956108093,0.9557692408561707,0.10020080208778381
YGR262C,YER137C,0,3.2464967,0.4987456202507019,0.9557692408561707,0.10030120611190796
YER137C,YOR039W,0,3.2461686,0.498495489358902,0.9557692408561707,0.1004016101360321
YOR148C,YGR030C,0,3.245235,0.49824562668800354,0.9557692408561707,0.10050200670957565
YMR242C,YLR023C,0,3.2444258,0.4979960024356842,0.9557692408561707,0.1006024107336998
YJR096W,YEL030W,0,3.2444084,0.49774661660194397,0.9557692408561707,0.10070281475782394
YOR266W,YLR439W,0,3.2416604,0.4974974989891052,0.9557692408561707,0.10080321133136749
YMR268W-A,YLR017W,0,3.2390816,0.4972486197948456,0.9557692408561707,0.10090361535549164
YLL045C,YBR160W,0,3.2364738,0.4970000088214874,0.9557692408561707,0.10100401937961578
YNL232W,YMR077C,0,3.2351537,0.4967516362667084,0.9557692408561707,0.10110441595315933
YLR007W,YGL009C,0,3.2350135,0.4965035021305084,0.9557692408561707,0.10120481997728348
YHR129C,YBR146W,0,3.2330055,0.4962556064128876,0.9557692408561707,0.10130522400140762
YMR241W,YNL221C,0,3.2303262,0.4960079789161682,0.9557692408561707,0.10140562057495117
YGR094W,YJL206C,0,3.2252996,0.49576058983802795,0.9557692408561707,0.10150602459907532
YDL129W,YER161C,0,3.2238615,0.4955134689807892,0.9557692408561707,0.10160642862319946
YML081W,YKR085C,0,3.2212663,0.49526655673980713,0.9557692408561707,0.10170682519674301
YNR004W,YOR138C,0,3.220538,0.49501991271972656,0.9557692408561707,0.10180722922086716
YLR359W,YKL029C,0,3.2196136,0.4947735071182251,0.9557692408561707,0.1019076332449913
YDR529C,YMR033W,0,3.2185874,0.4945273697376251,0.9557692408561707,0.10200802981853485
YKR094C,YAL039C,0,3.217001,0.49428144097328186,0.9557692408561707,0.102108433842659
YGR271W,YDR471W,0,3.216533,0.4940357804298401,0.9557692408561707,0.10220883786678314
YJR132W,YKR006C,0,3.214212,0.4937903583049774,0.9557692408561707,0.10230923444032669
YCL050C,YOR071C,0,3.2129133,0.49354517459869385,0.9557692408561707,0.10240963846445084
YDR140W,YGL126W,0,3.2110581,0.49330025911331177,0.9557692408561707,0.10251004248857498
YIL125W,YNL178W,0,3.2079139,0.4930555522441864,0.9557692408561707,0.10261043906211853
YHR201C,YNL227C,0,3.2065463,0.4928111135959625,0.9557692408561707,0.10271084308624268
YAL033W,YNL079C,0,3.2047698,0.49256688356399536,0.9557692408561707,0.10281124711036682
YDL111C,YOR057W,0,3.204609,0.4923229217529297,0.9557692408561707,0.10291164368391037
YFR037C,YLR325C,0,3.2042937,0.4920791983604431,0.9557692408561707,0.10301204770803452
YGL018C,YBL030C,0,3.2034574,0.49183571338653564,0.9557692408561707,0.10311245173215866
YAR002C-A,YHR116W,0,3.2022552,0.49159249663352966,0.9557692408561707,0.10321284830570221
YPR080W,YMR311C,0,3.2010975,0.4913494884967804,0.9557692408561707,0.10331325232982635
YCR060W,YPL239W,0,3.2009978,0.49110671877861023,0.9557692408561707,0.1034136563539505
YLR131C,YGR272C,0,3.2008233,0.49086418747901917,0.9557692408561707,0.10351405292749405
YBR267W,YKR071C,0,3.2002745,0.4906219244003296,0.9557692408561707,0.1036144569516182
YDR087C,YNL335W,0,3.2000985,0.49037986993789673,0.9557692408561707,0.10371486097574234
YPR017C,YEL020W-A,0,3.1986575,0.49013805389404297,0.9557692408561707,0.10381525754928589
YBR087W,YLR419W,0,3.195662,0.4898965060710907,0.9557692408561707,0.10391566157341003
YML098W,YOR233W,0,3.193734,0.48965516686439514,0.9557692408561707,0.10401606559753418
YEL032W,YPR010C,0,3.190321,0.4894140958786011,0.9557692408561707,0.10411646217107773
YIL053W,YBR238C,0,3.188331,0.4891732335090637,0.9557692408561707,0.10421686619520187
YJR063W,YDL029W,0,3.1851127,0.48893260955810547,0.9557692408561707,0.10431727021932602
YER087C-A,YGL107C,0,3.1845293,0.4886922240257263,0.9557692408561707,0.10441767424345016
YGR296W,YER088C,0,3.1838508,0.48845207691192627,0.9557692408561707,0.10451807081699371
YLR033W,YKL085W,0,3.1830125,0.4882121682167053,0.9557692408561707,0.10461847484111786
YGL127C,YBL026W,0,3.182143,0.4879724979400635,0.9557692408561707,0.104718878865242
YJR133W,YPL013C,0,3.174777,0.48773306608200073,0.9557692408561707,0.10481927543878555
YBR196C,YMR211W,0,3.1733868,0.4874938726425171,0.9557692408561707,0.1049196794629097
YPL214C,YMR307W,0,3.1714687,0.48725488781929016,0.9557692408561707,0.10502008348703384
YGL083W,YGR191W,0,3.1695244,0.4870161712169647,0.9557692408561707,0.10512048006057739
YBL056W,YOR145C,0,3.167231,0.486777663230896,0.9557692408561707,0.10522088408470154
YGR150C,YDR370C,1,3.1642778,0.4870288670063019,0.9567307829856873,0.10522088408470154
YER048W-A,YDR038C,0,3.1641912,0.48679059743881226,0.9567307829856873,0.10532128810882568
YML094W,YPR100W,0,3.1629362,0.48655256628990173,0.9567307829856873,0.10542168468236923
YOR060C,YDR118W,0,3.1629043,0.4863147735595703,0.9567307829856873,0.10552208870649338
YKL156W,YKL003C,0,3.160903,0.4860771894454956,0.9567307829856873,0.10562249273061752
YDL143W,YGR004W,0,3.1606336,0.48583984375,0.9567307829856873,0.10572288930416107
YDR177W,YGR262C,0,3.1566787,0.4856027364730835,0.9567307829856873,0.10582329332828522
YBR191W,YBL005W,0,3.1554022,0.4853658676147461,0.9567307829856873,0.10592369735240936
YBR061C,YOL043C,0,3.148041,0.4851292073726654,0.9567307829856873,0.10602409392595291
YOR167C,YDR205W,0,3.1434212,0.4848927855491638,0.9567307829856873,0.10612449795007706
YBR115C,YGR251W,0,3.1431754,0.48465660214424133,0.9567307829856873,0.1062249019742012
YOL141W,YLR033W,0,3.131338,0.48442065715789795,0.9567307829856873,0.10632529854774475
YGL163C,YMR012W,0,3.129887,0.4841849207878113,0.9567307829856873,0.1064257025718689
YDR432W,YOR056C,1,3.129418,0.4844357967376709,0.9576923251152039,0.1064257025718689
YPL138C,YHR035W,0,3.1284342,0.48420029878616333,0.9576923251152039,0.10652610659599304
YLR403W,YNL153C,0,3.1274908,0.4839650094509125,0.9576923251152039,0.10662650316953659
YGL010W,YDL220C,0,3.1252751,0.4837299585342407,0.9576923251152039,0.10672690719366074
YGR178C,YML094W,0,3.1237786,0.48349514603614807,0.9576923251152039,0.10682731121778488
YGR082W,YGL256W,0,3.1236115,0.48326054215431213,0.9576923251152039,0.10692770779132843
YBL092W,YGR191W,0,3.1230173,0.4830261766910553,0.9576923251152039,0.10702811181545258
YNL330C,YDL144C,0,3.1191676,0.48279204964637756,0.9576923251152039,0.10712851583957672
YPL068C,YMR314W,0,3.1185648,0.48255813121795654,0.9576923251152039,0.10722891241312027
YLR083C,YGR007W,0,3.1169462,0.4823244512081146,0.9576923251152039,0.10732931643724442
YGR158C,YGL198W,0,3.1167212,0.4820910096168518,0.9576923251152039,0.10742972046136856
YNL068C,YLL018C,0,3.115438,0.4818577766418457,0.9576923251152039,0.10753011703491211
YIL143C,YMR276W,0,3.114352,0.4816247522830963,0.9576923251152039,0.10763052105903625
YLR356W,YLR430W,0,3.1140685,0.481391966342926,0.9576923251152039,0.1077309250831604
YLR043C,YLR467W,0,3.1113513,0.48115941882133484,0.9576923251152039,0.10783132165670395
YOR283W,YLR287C-A,0,3.108532,0.48092707991600037,0.9576923251152039,0.1079317256808281
YFR032C-A,YOR087W,0,3.107192,0.480694979429245,0.9576923251152039,0.10803212970495224
YJL026W,YAL025C,0,3.1069489,0.48046308755874634,0.9576923251152039,0.10813253372907639
YBR196C,YFR003C,0,3.1046178,0.4802314341068268,0.9576923251152039,0.10823293030261993
YAL003W,YOR168W,0,3.1033065,0.47999998927116394,0.9576923251152039,0.10833333432674408
YML067C,YOR167C,0,3.0979614,0.4797687828540802,0.9576923251152039,0.10843373835086823
YLR068W,YPL026C,0,3.0974371,0.4795377850532532,0.9576923251152039,0.10853413492441177
YBR202W,YDR545W,0,3.0964313,0.47930702567100525,0.9576923251152039,0.10863453894853592
YPL106C,YDR496C,0,3.0963643,0.47907647490501404,0.9576923251152039,0.10873494297266006
YBL054W,YPL095C,0,3.0953186,0.47884616255760193,0.9576923251152039,0.10883533954620361
YEL001C,YJL136C,0,3.0923772,0.47861605882644653,0.9576923251152039,0.10893574357032776
YMR075W,YDR531W,0,3.0887766,0.47838616371154785,0.9576923251152039,0.1090361475944519
YPL273W,YNL230C,0,3.086513,0.47815650701522827,0.9576923251152039,0.10913654416799545
YDR204W,YOR383C,0,3.0864508,0.4779270589351654,0.9576923251152039,0.1092369481921196
YMR210W,YDR031W,0,3.0860467,0.47769784927368164,0.9576923251152039,0.10933735221624374
YIL052C,YGL058W,0,3.0835888,0.4774688482284546,0.9576923251152039,0.10943774878978729
YLR409C,YGL019W,0,3.0802777,0.47724005579948425,0.9576923251152039,0.10953815281391144
YAL013W,YOR252W,0,3.079605,0.477011501789093,0.9576923251152039,0.10963855683803558
YBL078C,YIR014W,0,3.078598,0.4767831563949585,0.9576923251152039,0.10973895341157913
YEL029C,YHL040C,0,3.0776746,0.4765550196170807,0.9576923251152039,0.10983935743570328
YNL213C,YHR214W,0,3.074553,0.476327121257782,0.9576923251152039,0.10993976145982742
YOR201C,YJR035W,0,3.072002,0.47609943151474,0.9576923251152039,0.11004015803337097
YML011C,YNR027W,0,3.070901,0.4758719503879547,0.9576923251152039,0.11014056205749512
YMR300C,YBL068W,0,3.0686743,0.47564470767974854,0.9576923251152039,0.11024096608161926
YML010W,YDR299W,1,3.06594,0.4758949875831604,0.9586538672447205,0.11024096608161926
YLR058C,YPR002W,0,3.0630937,0.47566795349121094,0.9586538672447205,0.11034136265516281
YLR430W,YGR276C,1,3.0615976,0.4759179651737213,0.9596154093742371,0.11034136265516281
YOR063W,YMR032W,0,3.0592666,0.47569113969802856,0.9596154093742371,0.11044176667928696
YML030W,YGL030W,0,3.0575767,0.47546449303627014,0.9596154093742371,0.1105421707034111
YER061C,YLR442C,0,3.0564618,0.4752380847930908,0.9596154093742371,0.11064256727695465
YGL135W,YML120C,0,3.0535436,0.4750118851661682,0.9596154093742371,0.1107429713010788
YMR091C,YOR239W,0,3.042583,0.4747859239578247,0.9596154093742371,0.11084337532520294
YGR162W,YDR359C,0,3.0406818,0.4745601415634155,0.9596154093742371,0.11094377189874649
YKL217W,YLR352W,0,3.0402906,0.47433459758758545,0.9596154093742371,0.11104417592287064
YKL094W,YGR027C,0,3.037918,0.4741092622280121,0.9596154093742371,0.11114457994699478
YKR079C,YOR176W,0,3.036409,0.47388413548469543,0.9596154093742371,0.11124497652053833
YOL139C,YOR274W,0,3.0343099,0.4736592173576355,0.9596154093742371,0.11134538054466248
YGL129C,YDR378C,0,3.0321245,0.47343453764915466,0.9596154093742371,0.11144578456878662
YIL087C,YPR048W,0,3.0320241,0.47321006655693054,0.9596154093742371,0.11154618114233017
YDR500C,YKL201C,0,3.0310822,0.47298577427864075,0.9596154093742371,0.11164658516645432
YGL232W,YOR338W,0,3.0306945,0.47276172041893005,0.9596154093742371,0.11174698919057846
YLR028C,YBR067C,0,3.0300512,0.4725378751754761,0.9596154093742371,0.1118473932147026
YER133W,YJL148W,0,3.0292716,0.4723142385482788,0.9596154093742371,0.11194778978824615
YJL156C,YGR123C,0,3.029119,0.47209081053733826,0.9596154093742371,0.1120481938123703
YGR145W,YLL022C,0,3.0276432,0.4718676209449768,0.9596154093742371,0.11214859783649445
YER146W,YLR145W,1,3.0261493,0.47211721539497375,0.9605769515037537,0.11214859783649445
YDR353W,YLR157C,0,3.0259457,0.47189420461654663,0.9605769515037537,0.112248994410038
YMR211W,YML018C,0,3.0230029,0.4716714024543762,0.9605769515037537,0.11234939843416214
YPL010W,YKL069W,0,3.0207002,0.4714488089084625,0.9605769515037537,0.11244980245828629
YMR051C,YAL003W,0,3.0200624,0.47122642397880554,0.9605769515037537,0.11255019903182983
YOR001W,YOL095C,0,3.014906,0.4710042476654053,0.9605769515037537,0.11265060305595398
YGL185C,YBR188C,0,3.013019,0.4707822799682617,0.9605769515037537,0.11275100708007812
YML051W,YHR169W,0,3.012833,0.4705605208873749,0.9605769515037537,0.11285140365362167
YNR024W,YCR086W,0,3.011208,0.47033897042274475,0.9605769515037537,0.11295180767774582
YBR122C,YLR172C,0,3.0090919,0.4701176583766937,0.9605769515037537,0.11305221170186996
YLR356W,YOR187W,0,3.008844,0.469896525144577,0.9605769515037537,0.11315260827541351
YOL141W,YPR070W,0,3.0041482,0.46967560052871704,0.9605769515037537,0.11325301229953766
YCR055C,YDR457W,1,3.001919,0.46992480754852295,0.9615384340286255,0.11325301229953766
YHR069C,YCL012W,0,3.0010214,0.4697040915489197,0.9615384340286255,0.1133534163236618
YGL085W,YPL226W,0,3.0008686,0.46948355436325073,0.9615384340286255,0.11345381289720535
YDR234W,YGL059W,0,3.0005827,0.4692632555961609,0.9615384340286255,0.1135542169213295
YBR087W,YMR128W,0,3.0001495,0.46904316544532776,0.9615384340286255,0.11365462094545364
YLL034C,YHR211W,0,2.9962254,0.46882325410842896,0.9615384340286255,0.11375501751899719
YDL060W,YHL038C,0,2.9942677,0.46860355138778687,0.9615384340286255,0.11385542154312134
YDR299W,YOL105C,0,2.9911883,0.4683840870857239,0.9615384340286255,0.11395582556724548
YPL231W,YNL046W,0,2.9902177,0.4681648015975952,0.9615384340286255,0.11405622214078903
YHR052W,YJL005W,0,2.9893548,0.46794572472572327,0.9615384340286255,0.11415662616491318
YGL090W,YJL183W,0,2.9891882,0.46772685647010803,0.9615384340286255,0.11425703018903732
YGL076C,YBL022C,0,2.9886289,0.4675081670284271,0.9615384340286255,0.11435742676258087
YPL127C,YIL171W,0,2.9849126,0.4672897160053253,0.9615384340286255,0.11445783078670502
YJR104C,YDR312W,0,2.9848928,0.4670714735984802,0.9615384340286255,0.11455823481082916
YER127W,YDR400W,0,2.9836287,0.46685341000556946,0.9615384340286255,0.11465863138437271
YGL227W,YOL101C,0,2.9804888,0.4666355550289154,0.9615384340286255,0.11475903540849686
YLR301W,YKR002W,0,2.97713,0.46641790866851807,0.9615384340286255,0.114859439432621
YBL023C,YER099C,0,2.9743469,0.46620047092437744,0.9615384340286255,0.11495983600616455
YPR060C,YLR413W,0,2.9742246,0.46598321199417114,0.9615384340286255,0.1150602400302887
YML010W,YJR022W,1,2.973752,0.46623194217681885,0.9624999761581421,0.1150602400302887
YDR285W,YNL289W,0,2.9737186,0.46601489186286926,0.9624999761581421,0.11516064405441284
YMR091C,YDR144C,0,2.9662378,0.4657980501651764,0.9624999761581421,0.11526104062795639
YAL040C,YOL121C,0,2.9658694,0.46558138728141785,0.9624999761581421,0.11536144465208054
YMR210W,YER030W,0,2.9657793,0.465364933013916,0.9624999761581421,0.11546184867620468
YGR282C,YML016C,0,2.9637675,0.4651486873626709,0.9624999761581421,0.11556225270032883
YHR148W,YMR282C,0,2.9631457,0.4649326503276825,0.9624999761581421,0.11566264927387238
YML021C,YGL189C,0,2.9607034,0.4647167921066284,0.9624999761581421,0.11576305329799652
YBL025W,YDR179C,0,2.9600883,0.46450117230415344,0.9624999761581421,0.11586345732212067
YLR382C,YOR187W,0,2.9597242,0.4642857015132904,0.9624999761581421,0.11596385389566422
YDR364C,YKL004W,0,2.9594536,0.46407046914100647,0.9624999761581421,0.11606425791978836
YEL039C,YER071C,0,2.9580579,0.46385541558265686,0.9624999761581421,0.1161646619439125
YFL041W,YMR230W,0,2.954914,0.46364057064056396,0.9624999761581421,0.11626505851745605
YFR005C,YBR067C,0,2.951857,0.4634259343147278,0.9624999761581421,0.1163654625415802
YJR046W,YLR467W,0,2.9506693,0.4632114768028259,0.9624999761581421,0.11646586656570435
YGL070C,YDL195W,0,2.9506197,0.4629972279071808,0.9624999761581421,0.1165662631392479
YJL098W,YKL124W,0,2.9495685,0.46278315782546997,0.9624999761581421,0.11666666716337204
YIR002C,YOR383C,0,2.9495115,0.46256932616233826,0.9624999761581421,0.11676707118749619
YDR392W,YBR067C,0,2.9469924,0.4623556435108185,0.9624999761581421,0.11686746776103973
YER100W,YAL025C,0,2.946084,0.4621421992778778,0.9624999761581421,0.11696787178516388
YBR095C,YBR055C,0,2.9437313,0.46192893385887146,0.9624999761581421,0.11706827580928802
YOR386W,YJL212C,0,2.9433227,0.4617158770561218,0.9624999761581421,0.11716867238283157
YMR290C,YMR042W,0,2.9431133,0.4615029990673065,0.9624999761581421,0.11726907640695572
YPL143W,YBR156C,0,2.9414535,0.4612903296947479,0.9624999761581421,0.11736948043107986
YNR011C,YMR012W,0,2.9389477,0.46107783913612366,0.9624999761581421,0.11746987700462341
YPL160W,YNL335W,0,2.9388328,0.4608655571937561,0.9624999761581421,0.11757028102874756
YLR107W,YDR402C,0,2.9376926,0.46065348386764526,0.9624999761581421,0.1176706850528717
YLR385C,YLR143W,0,2.9314208,0.46044158935546875,0.9624999761581421,0.11777108162641525
YPR108W,YJR046W,0,2.9311776,0.46022987365722656,0.9624999761581421,0.1178714856505394
YDR400W,YGL115W,0,2.930443,0.4600183963775635,0.9624999761581421,0.11797188967466354
YNL070W,YLR130C,0,2.9297943,0.45980706810951233,0.9624999761581421,0.11807228624820709
YGL070C,YAL051W,0,2.9290404,0.4595959484577179,0.9624999761581421,0.11817269027233124
YGR082W,YPL271W,0,2.927845,0.4593850374221802,0.9624999761581421,0.11827309429645538
YDR120C,YHL012W,0,2.927466,0.4591743052005768,0.9624999761581421,0.11837349086999893
YJR002W,YFL009W,1,2.927268,0.4594222903251648,0.9634615182876587,0.11837349086999893
YLR244C,YDR486C,0,2.9232256,0.4592117369174957,0.9634615182876587,0.11847389489412308
YDR443C,YNR003C,0,2.9218206,0.459001362323761,0.9634615182876587,0.11857429891824722
YMR217W,YJL079C,0,2.9194262,0.45879119634628296,0.9634615182876587,0.11867469549179077
YMR059W,YPL098C,0,2.9188201,0.45858123898506165,0.9634615182876587,0.11877509951591492
YER086W,YOR241W,0,2.9180095,0.45837146043777466,0.9634615182876587,0.11887550354003906
YNL213C,YJR022W,0,2.9168077,0.458161860704422,0.9634615182876587,0.11897590011358261
YOR206W,YML021C,0,2.9160156,0.45795246958732605,0.9634615182876587,0.11907630413770676
YKL024C,YDR174W,0,2.9141068,0.45774325728416443,0.9634615182876587,0.1191767081618309
YCR094W,YCR080W,0,2.9119358,0.4575342535972595,0.9634615182876587,0.11927710473537445
YOR257W,YOR294W,0,2.9084668,0.45732542872428894,0.9634615182876587,0.1193775087594986
YMR005W,YNL163C,0,2.9080396,0.4571167826652527,0.9634615182876587,0.11947791278362274
YEL038W,YIL020C,0,2.9065945,0.45690834522247314,0.9634615182876587,0.11957831680774689
YDR076W,YMR226C,0,2.9063556,0.45670008659362793,0.9634615182876587,0.11967871338129044
YOR157C,YDR090C,0,2.904388,0.45649203658103943,0.9634615182876587,0.11977911740541458
YOL144W,YML088W,0,2.9014614,0.45628416538238525,0.9634615182876587,0.11987952142953873
YNL041C,YGR159C,0,2.9004645,0.4560764729976654,0.9634615182876587,0.11997991800308228
YDR437W,YDR158W,0,2.8994312,0.4558689594268799,0.9634615182876587,0.12008032202720642
YPR060C,YGL256W,0,2.899325,0.4556616544723511,0.9634615182876587,0.12018072605133057
YNL147W,YLR394W,0,2.8989906,0.455454558134079,0.9634615182876587,0.12028112262487411
YFR052W,YLR048W,0,2.8961968,0.4552476108074188,0.9634615182876587,0.12038152664899826
YML086C,YPR186C,0,2.8953834,0.4550408720970154,0.9634615182876587,0.1204819306731224
YBL023C,YOR244W,0,2.8933349,0.45483431220054626,0.9634615182876587,0.12058232724666595
YGR063C,YJL140W,0,2.892844,0.45462796092033386,0.9634615182876587,0.1206827312707901
YEL040W,YOR061W,0,2.892053,0.4544217586517334,0.9634615182876587,0.12078313529491425
YJL060W,YBR031W,0,2.8892412,0.45421576499938965,0.9634615182876587,0.1208835318684578
YCR080W,YHR106W,0,2.8867307,0.4540099799633026,0.9634615182876587,0.12098393589258194
YPL138C,YDR418W,0,2.8858771,0.4538043439388275,0.9634615182876587,0.12108433991670609
YDR217C,YPL148C,0,2.8848085,0.45359891653060913,0.9634615182876587,0.12118473649024963
YDL047W,YPL078C,0,2.8838155,0.4533936679363251,0.9634615182876587,0.12128514051437378
YGL151W,YGR060W,0,2.8788705,0.45318859815597534,0.9634615182876587,0.12138554453849792
YOR106W,YIL039W,0,2.878821,0.4529837369918823,0.9634615182876587,0.12148594111204147
YDR281C,YLR359W,0,2.8775122,0.45277902483940125,0.9634615182876587,0.12158634513616562
YGR285C,YLR260W,0,2.877154,0.4525745213031769,0.9634615182876587,0.12168674916028976
YGL016W,YGR120C,0,2.8748317,0.45237019658088684,0.9634615182876587,0.12178714573383331
YNL151C,YEL029C,0,2.872553,0.45216605067253113,0.9634615182876587,0.12188754975795746
YER126C,YDR254W,0,2.8688402,0.45196211338043213,0.9634615182876587,0.1219879537820816
YDR222W,YGR251W,0,2.8682718,0.45175835490226746,0.9634615182876587,0.12208835035562515
YKL039W,YJL213W,0,2.863523,0.4515547454357147,0.9634615182876587,0.1221887543797493
YJL080C,YOR211C,0,2.861939,0.4513513445854187,0.9634615182876587,0.12228915840387344
YHR122W,YOR294W,0,2.8499837,0.451148122549057,0.9634615182876587,0.12238955497741699
YIL144W,YBR146W,0,2.8486633,0.450945109128952,0.9634615182876587,0.12248995900154114
YFL005W,YML101C,0,2.8425016,0.450742244720459,0.9634615182876587,0.12259036302566528
YDR254W,YBR181C,0,2.841924,0.45053955912590027,0.9634615182876587,0.12269075959920883
YAR002C-A,YGL211W,0,2.8409867,0.45033708214759827,0.9634615182876587,0.12279116362333298
YDR026C,YOR117W,0,2.840803,0.4501347839832306,0.9634615182876587,0.12289156764745712
YKR093W,YHR142W,0,2.8396606,0.44993263483047485,0.9634615182876587,0.12299196422100067
YPL183W-A,YLR413W,0,2.8380742,0.44973069429397583,0.9634615182876587,0.12309236824512482
YJL003W,YOR215C,0,2.834526,0.44952893257141113,0.9634615182876587,0.12319277226924896
YHR005C-A,YGL049C,0,2.8322527,0.44932734966278076,0.9634615182876587,0.12329317629337311
YGR262C,YMR101C,0,2.829138,0.4491259455680847,0.9634615182876587,0.12339357286691666
YDR487C,YIL172C,0,2.8272219,0.448924720287323,0.9634615182876587,0.1234939768910408
YIL069C,YCL055W,0,2.8260949,0.448723703622818,0.9634615182876587,0.12359438091516495
YDL060W,YER104W,0,2.8255847,0.4485228359699249,0.9634615182876587,0.1236947774887085
YML073C,YDR071C,0,2.8237529,0.4483221471309662,0.9634615182876587,0.12379518151283264
YIL150C,YDR310C,0,2.8227775,0.4481216371059418,0.9634615182876587,0.12389558553695679
YLR147C,YGR234W,0,2.8213172,0.4479213356971741,0.9634615182876587,0.12399598211050034
YDL045W-A,YAL044C,0,2.819919,0.4477211833000183,0.9634615182876587,0.12409638613462448
YDL069C,YFR018C,0,2.8187723,0.4475212097167969,0.9634615182876587,0.12419679015874863
YGL194C,YDR395W,0,2.8187494,0.44732141494750977,0.9634615182876587,0.12429718673229218
YOR195W,YAR015W,0,2.8185081,0.44712182879447937,0.9634615182876587,0.12439759075641632
YPL175W,YEL040W,0,2.8184373,0.4469223916530609,0.9634615182876587,0.12449799478054047
YKL040C,YPL135W,0,2.8178856,0.4467231333255768,0.9634615182876587,0.12459839135408401
YGR003W,YDL160C,0,2.8139884,0.446524053812027,0.9634615182876587,0.12469879537820816
YNL149C,YMR125W,0,2.8137527,0.4463251531124115,0.9634615182876587,0.1247991994023323
YOR334W,YDL061C,0,2.813728,0.44612646102905273,0.9634615182876587,0.12489959597587585
YDR252W,YDR211W,0,2.811439,0.4459279179573059,0.9634615182876587,0.125
YNL314W,YDR087C,0,2.8100765,0.445729523897171,0.9634615182876587,0.12510040402412415
YGR097W,YCR072C,0,2.8085978,0.44553133845329285,0.9634615182876587,0.1252008080482483
YGR052W,YJL181W,0,2.807717,0.445333331823349,0.9634615182876587,0.12530121207237244
YNL162W,YDR410C,0,2.8059545,0.4451355040073395,0.9634615182876587,0.1254016011953354
YGR225W,YLR129W,0,2.8053985,0.4449378252029419,0.9634615182876587,0.12550200521945953
YOR275C,YIR014W,0,2.8044696,0.444740355014801,0.9634615182876587,0.12560240924358368
YKL183W,YLR131C,0,2.802966,0.4445430338382721,0.9634615182876587,0.12570281326770782
YNL236W,YML043C,0,2.8003867,0.4443458914756775,0.9634615182876587,0.12580321729183197
YPR141C,YER102W,0,2.7977428,0.4441489279270172,0.9634615182876587,0.12590362131595612
YNR041C,YBL039C,0,2.7953348,0.44395214319229126,0.9634615182876587,0.12600401043891907
YOL067C,YJL097W,0,2.7918255,0.44375553727149963,0.9634615182876587,0.1261044144630432
YBL087C,YBL091C,0,2.7909224,0.44355911016464233,0.9634615182876587,0.12620481848716736
YDL060W,YPR047W,0,2.7909174,0.443362832069397,0.9634615182876587,0.1263052225112915
YNL138W,YIL108W,0,2.7896295,0.44316673278808594,0.9634615182876587,0.12640562653541565
YLR073C,YNR016C,0,2.7833462,0.44297081232070923,0.9634615182876587,0.1265060305595398
YGR212W,YPR190C,0,2.7831292,0.44277507066726685,0.9634615182876587,0.12660641968250275
YBR196C,YOL126C,0,2.7800703,0.4425795078277588,0.9634615182876587,0.1267068237066269
YCR016W,YMR026C,0,2.7774472,0.44238409399986267,0.9634615182876587,0.12680722773075104
YLL014W,YOR119C,0,2.776628,0.44218888878822327,0.9634615182876587,0.12690763175487518
YOR167C,YER139C,0,2.776495,0.4419938325881958,0.9634615182876587,0.12700803577899933
YNL162W,YPR097W,0,2.7735584,0.44179895520210266,0.9634615182876587,0.12710843980312347
YHR164C,YOR355W,0,2.772417,0.44160422682762146,0.9634615182876587,0.12720882892608643
YIL053W,YKL015W,0,2.7720292,0.4414096772670746,0.9634615182876587,0.12730923295021057
YDL075W,YJL085W,0,2.7713425,0.4412153363227844,0.9634615182876587,0.12740963697433472
YMR221C,YGL021W,0,2.768135,0.4410211145877838,0.9634615182876587,0.12751004099845886
YMR273C,YNL061W,0,2.7665527,0.4408271014690399,0.9634615182876587,0.127610445022583
YGR118W,YBR146W,0,2.7652516,0.44063323736190796,0.9634615182876587,0.12771084904670715
YDL060W,YJL045W,0,2.7629404,0.4404395520687103,0.9634615182876587,0.1278112381696701
YHR089C,YPL110C,0,2.7629085,0.440246045589447,0.9634615182876587,0.12791164219379425
YMR142C,YFL038C,0,2.7594092,0.44005268812179565,0.9634615182876587,0.1280120462179184
YNL244C,YBR130C,0,2.7574568,0.439859539270401,0.9634615182876587,0.12811245024204254
YDR268W,YJL181W,0,2.7562327,0.4396665096282959,0.9634615182876587,0.1282128542661667
YAR009C,YNL054W-B,0,2.7559416,0.4394736886024475,0.9634615182876587,0.12831325829029083
YAL023C,YJR063W,0,2.755703,0.43928101658821106,0.9634615182876587,0.12841364741325378
YGR279C,YCL059C,0,2.754025,0.43908852338790894,0.9634615182876587,0.12851405143737793
YLR451W,YGR036C,0,2.7531075,0.43889617919921875,0.9634615182876587,0.12861445546150208
YPR180W,YDR312W,0,2.7525208,0.4387040138244629,0.9634615182876587,0.12871485948562622
YLR318W,YLR277C,0,2.752365,0.43851202726364136,0.9634615182876587,0.12881526350975037
YAL007C,YDR165W,0,2.7522526,0.43832021951675415,0.9634615182876587,0.1289156675338745
YEL018W,YPR017C,0,2.752111,0.4381285607814789,0.9634615182876587,0.12901607155799866
YPR127W,YKL077W,0,2.7508981,0.43793705105781555,0.9634615182876587,0.1291164606809616
YJR082C,YNL307C,0,2.7475815,0.43774574995040894,0.9634615182876587,0.12921686470508575
YLR438C-A,YJL173C,0,2.7400804,0.43755459785461426,0.9634615182876587,0.1293172687292099
YGL106W,YPL095C,0,2.7380342,0.4373635947704315,0.9634615182876587,0.12941767275333405
YGL103W,YJL172W,0,2.7364128,0.4371727705001831,0.9634615182876587,0.1295180767774582
YNL268W,YIL018W,0,2.7363396,0.436982125043869,0.9634615182876587,0.12961848080158234
YMR217W,YGL174W,0,2.7319217,0.43679162859916687,0.9634615182876587,0.1297188699245453
YMR165C,YBR158W,0,2.7316108,0.43660131096839905,0.9634615182876587,0.12981927394866943
YER081W,YJL171C,0,2.7315092,0.43641114234924316,0.9634615182876587,0.12991967797279358
YDL060W,YMR272C,0,2.7304776,0.4362211525440216,0.9634615182876587,0.13002008199691772
YNL121C,YNR004W,0,2.726634,0.4360313415527344,0.9634615182876587,0.13012048602104187
YKL190W,YPR042C,0,2.7238212,0.4358416795730591,0.9634615182876587,0.13022089004516602
YEL001C,YMR230W,0,2.721698,0.4356521666049957,0.9634615182876587,0.13032127916812897
YNL073W,YDR532C,0,2.721652,0.4354628324508667,0.9634615182876587,0.1304216831922531
YLR023C,YIL133C,0,2.7210782,0.435273677110672,0.9634615182876587,0.13052208721637726
YNL015W,YER055C,0,2.716066,0.43508467078208923,0.9634615182876587,0.1306224912405014
YCL074W,YNL062C,0,2.7148337,0.4348958432674408,0.9634615182876587,0.13072289526462555
YDL033C,YDL006W,0,2.7136962,0.4347071647644043,0.9634615182876587,0.1308232992887497
YHR215W,YDR091C,0,2.710723,0.43451863527297974,0.9634615182876587,0.13092368841171265
YNL178W,YLR170C,0,2.7103724,0.4343302845954895,0.9634615182876587,0.1310240924358368
YPR017C,YOR323C,0,2.708731,0.4341421127319336,0.9634615182876587,0.13112449645996094
YNL236W,YJL183W,0,2.707475,0.4339540898799896,0.9634615182876587,0.13122490048408508
YPR035W,YBL098W,0,2.707077,0.43376624584198,0.9634615182876587,0.13132530450820923
YPL013C,YOR092W,0,2.706986,0.4335785508155823,0.9634615182876587,0.13142570853233337
YHL050C,YDR486C,0,2.7033815,0.4333910048007965,0.9634615182876587,0.13152609765529633
YJL058C,YNR018W,0,2.7021785,0.43320363759994507,0.9634615182876587,0.13162650167942047
YLR316C,YHR179W,0,2.7015507,0.43301641941070557,0.9634615182876587,0.13172690570354462
YHR129C,YJR094W-A,0,2.7006993,0.4328293800354004,0.9634615182876587,0.13182730972766876
YGL049C,YHR010W,0,2.699387,0.43264248967170715,0.9634615182876587,0.1319277137517929
YLR246W,YMR307W,0,2.698807,0.43245574831962585,0.9634615182876587,0.13202811777591705
YHR020W,YDR345C,0,2.6983783,0.4322691857814789,0.9634615182876587,0.13212850689888
YHR149C,YOR039W,0,2.6977575,0.43208280205726624,0.9634615182876587,0.13222891092300415
YGL067W,YHR167W,0,2.6970751,0.43189653754234314,0.9634615182876587,0.1323293149471283
YER159C,YMR034C,0,2.6936512,0.43171048164367676,0.9634615182876587,0.13242971897125244
YBL101W-A,YDR074W,0,2.6935542,0.4315245449542999,0.9634615182876587,0.1325301229953766
YBR155W,YPL042C,0,2.6893644,0.4313387870788574,0.9634615182876587,0.13263052701950073
YMR217W,YML091C,0,2.6837287,0.43115317821502686,0.9634615182876587,0.13273093104362488
YDR341C,YBR058C-A,0,2.682908,0.4309677481651306,0.9634615182876587,0.13283132016658783
YPL146C,YDR236C,0,2.6820183,0.4307824671268463,0.9634615182876587,0.13293172419071198
YJR092W,YPR174C,0,2.6806517,0.43059733510017395,0.9634615182876587,0.13303212821483612
YNL048W,YKL060C,0,2.6795287,0.4304123818874359,0.9634615182876587,0.13313253223896027
YJR004C,YNL050C,0,2.6755965,0.4302275776863098,0.9634615182876587,0.1332329362630844
YGR061C,YKL002W,0,2.6751208,0.43004292249679565,0.9634615182876587,0.13333334028720856
YLL017W,YAL048C,0,2.6745653,0.42985841631889343,0.9634615182876587,0.1334337294101715
YHR039C-B,YNL065W,0,2.674311,0.42967408895492554,0.9634615182876587,0.13353413343429565
YDR524C,YHR031C,0,2.6726117,0.42948994040489197,0.9634615182876587,0.1336345374584198
YJR040W,YJL109C,0,2.6705327,0.42930591106414795,0.9634615182876587,0.13373494148254395
YGL155W,YDR384C,0,2.6704807,0.42912206053733826,0.9634615182876587,0.1338353455066681
YGR083C,YGL172W,0,2.6665146,0.4289383590221405,0.9634615182876587,0.13393574953079224
YGR145W,YCR028C,0,2.6662638,0.4287548065185547,0.9634615182876587,0.1340361386537552
YAL043C,YOL121C,0,2.6662266,0.4285714328289032,0.9634615182876587,0.13413654267787933
YKL011C,YHR205W,0,2.6656127,0.42838820815086365,0.9634615182876587,0.13423694670200348
YLR312C-B,YPR133W-A,0,2.6655982,0.42820513248443604,0.9634615182876587,0.13433735072612762
YPL157W,YKL048C,0,2.66439,0.42802220582962036,0.9634615182876587,0.13443775475025177
YGR084C,YGL210W,0,2.6635025,0.427839457988739,0.9634615182876587,0.13453815877437592
YJL134W,YMR295C,0,2.6629002,0.4276568591594696,0.9634615182876587,0.13463854789733887
YER048W-A,YLR363C,0,2.6624014,0.42747440934181213,0.9634615182876587,0.134738951921463
YML009C,YMR088C,0,2.6607928,0.4272921085357666,0.9634615182876587,0.13483935594558716
YER082C,YNL271C,0,2.6565335,0.4271099865436554,0.9634615182876587,0.1349397599697113
YOR069W,YER137C,0,2.6563394,0.42692798376083374,0.9634615182876587,0.13504016399383545
YDL061C,YPR097W,0,2.6553712,0.4267461597919464,0.9634615182876587,0.1351405680179596
YOR124C,YDR512C,0,2.6533637,0.426564484834671,0.9634615182876587,0.13524095714092255
YJR049C,YPR175W,0,2.653204,0.42638298869132996,0.9634615182876587,0.1353413611650467
YAL019W,YML071C,0,2.6521702,0.42620161175727844,0.9634615182876587,0.13544176518917084
YJR107W,YGL206C,0,2.648366,0.42602041363716125,0.9634615182876587,0.13554216921329498
YMR211W,YGL129C,0,2.6481574,0.425839364528656,0.9634615182876587,0.13564257323741913
YDL093W,YPL193W,0,2.6466992,0.4256584644317627,0.9634615182876587,0.13574297726154327
YOR085W,YJL136C,0,2.6464815,0.4254777133464813,0.9634615182876587,0.13584336638450623
YGL037C,YBR082C,0,2.645875,0.4252971112728119,0.9634615182876587,0.13594377040863037
YLR438C-A,YNL181W,0,2.644029,0.4251166880130768,0.9634615182876587,0.13604417443275452
YNL213C,YDR240C,0,2.6432831,0.4249363839626312,0.9634615182876587,0.13614457845687866
YGL067W,YOR224C,0,2.6429138,0.42475625872612,0.9634615182876587,0.1362449824810028
YJL121C,YOL149W,0,2.640161,0.4245762825012207,0.9634615182876587,0.13634538650512695
YDR025W,YNR010W,0,2.6400332,0.42439645528793335,0.9634615182876587,0.1364457905292511
YGR083C,YNL188W,0,2.6373873,0.42421677708625793,0.9634615182876587,0.13654617965221405
YBR173C,YCR028C,0,2.6373513,0.42403724789619446,0.9634615182876587,0.1366465836763382
YHR025W,YER138C,0,2.6366353,0.4238578677177429,0.9634615182876587,0.13674698770046234
YML082W,YER008C,0,2.6366334,0.4236786365509033,0.9634615182876587,0.1368473917245865
YLR175W,YBR207W,0,2.6340318,0.42349958419799805,0.9634615182876587,0.13694779574871063
YML048W,YJR035W,0,2.6330566,0.4233206510543823,0.9634615182876587,0.13704819977283478
YMR227C,YGL136C,0,2.631894,0.4231418967247009,0.9634615182876587,0.13714858889579773
YOR353C,YNL020C,0,2.6302156,0.4229632616043091,0.9634615182876587,0.13724899291992188
YBR061C,YEL022W,0,2.6294932,0.42278480529785156,0.9634615182876587,0.13734939694404602
YDR217C,YGR112W,0,2.6279445,0.422606498003006,0.9634615182876587,0.13744980096817017
YGR235C,YPL083C,0,2.6260552,0.42242833971977234,0.9634615182876587,0.1375502049922943
YJL144W,YER171W,0,2.6249325,0.42225033044815063,0.9634615182876587,0.13765060901641846
YLR103C,YOL145C,0,2.6225288,0.4220724403858185,0.9634615182876587,0.1377509981393814
YNL095C,YOR326W,0,2.621693,0.42189472913742065,0.9634615182876587,0.13785140216350555
YGR017W,YDR121W,0,2.6194026,0.42171716690063477,0.9634615182876587,0.1379518061876297
YLL045C,YDR205W,0,2.6186247,0.4215397536754608,0.9634615182876587,0.13805221021175385
YMR130W,YGR046W,0,2.6176658,0.4213624894618988,0.9634615182876587,0.138152614235878
YMR038C,YMR229C,0,2.6168778,0.42118537425994873,0.9634615182876587,0.13825301826000214
YDR045C,YIR004W,0,2.614596,0.4210084080696106,0.9634615182876587,0.1383534073829651
YDL124W,YML073C,0,2.61422,0.4208315908908844,0.9634615182876587,0.13845381140708923
YHR011W,YER131W,0,2.6137311,0.42065492272377014,0.9634615182876587,0.13855421543121338
YKL164C,YBR181C,0,2.6134894,0.42047837376594543,0.9634615182876587,0.13865461945533752
YJR134C,YOR341W,0,2.6127725,0.42030200362205505,0.9634615182876587,0.13875502347946167
YKL117W,YGR047C,0,2.6104593,0.4201257824897766,0.9634615182876587,0.13885542750358582
YOR359W,YDR057W,0,2.6101894,0.4199497103691101,0.9634615182876587,0.13895581662654877
YHR138C,YBR012W-B,0,2.6062884,0.41977378726005554,0.9634615182876587,0.1390562206506729
YKL053C-A,YMR261C,0,2.6048014,0.4195979833602905,0.9634615182876587,0.13915662467479706
YGL046W,YDL215C,0,2.604535,0.41942235827445984,0.9634615182876587,0.1392570286989212
YNR037C,YBR153W,0,2.6021938,0.4192468523979187,0.9634615182876587,0.13935743272304535
YKR089C,YKR078W,0,2.601529,0.4190715253353119,0.9634615182876587,0.1394578367471695
YLR356W,YJL089W,0,2.6014602,0.41889631748199463,0.9634615182876587,0.13955822587013245
YDL121C,YER147C,0,2.5996966,0.4187212586402893,0.9634615182876587,0.1396586298942566
YDR518W,YNL282W,0,2.5995045,0.4185463786125183,0.9634615182876587,0.13975903391838074
YOR335C,YGR029W,0,2.5979867,0.41837161779403687,0.9634615182876587,0.13985943794250488
YNL070W,YBL064C,0,2.5957553,0.41819700598716736,0.9634615182876587,0.13995984196662903
YMR205C,YPR042C,0,2.5947537,0.4180225133895874,0.9634615182876587,0.14006024599075317
YHR037W,YNL081C,0,2.5943966,0.4178481996059418,0.9634615182876587,0.14016065001487732
YMR145C,YGR272C,0,2.5921807,0.4176740348339081,0.9634615182876587,0.14026103913784027
YIL004C,YNL175C,0,2.5912604,0.41749998927116394,0.9634615182876587,0.14036144316196442
YGL232W,YBL106C,0,2.5902612,0.4173261225223541,0.9634615182876587,0.14046184718608856
YDR365C,YFL039C,0,2.5894947,0.41715237498283386,0.9634615182876587,0.1405622512102127
YLR430W,YMR183C,0,2.589158,0.41697877645492554,0.9634615182876587,0.14066265523433685
YCR046C,YHR158C,0,2.5888386,0.41680532693862915,0.9634615182876587,0.140763059258461
YOR179C,YFR018C,0,2.588362,0.4166320264339447,0.9634615182876587,0.14086344838142395
YNL250W,YOR271C,0,2.5874138,0.4164588451385498,0.9634615182876587,0.1409638524055481
YDR482C,YPL175W,0,2.5846744,0.41628584265708923,0.9634615182876587,0.14106425642967224
YDR531W,YOL054W,0,2.5840578,0.4161129593849182,0.9634615182876587,0.1411646604537964
YCR031C,YAL008W,0,2.5838456,0.41594022512435913,0.9634615182876587,0.14126506447792053
YBR162C,YGR202C,0,2.5835268,0.415767639875412,0.9634615182876587,0.14136546850204468
YOR136W,YDR188W,0,2.582996,0.4155951738357544,0.9634615182876587,0.14146585762500763
YBR251W,YKL060C,0,2.5817761,0.41542288661003113,0.9634615182876587,0.14156626164913177
YPL215W,YPR114W,0,2.5812955,0.4152507185935974,0.9634615182876587,0.14166666567325592
YOL102C,YGR077C,0,2.5800643,0.41507869958877563,0.9634615182876587,0.14176706969738007
YDR387C,YKR057W,0,2.5794835,0.4149068295955658,0.9634615182876587,0.1418674737215042
YIL083C,YMR097C,0,2.5790708,0.4147351086139679,0.9634615182876587,0.14196787774562836
YER174C,YNR003C,0,2.5778751,0.41456350684165955,0.9634615182876587,0.1420682668685913
YLR312W-A,YCL026C-B,0,2.5740008,0.41439205408096313,0.9634615182876587,0.14216867089271545
YML052W,YGL009C,0,2.5725107,0.41422075033187866,0.9634615182876587,0.1422690749168396
YJR058C,YLR106C,0,2.5706902,0.41404959559440613,0.9634615182876587,0.14236947894096375
YOR389W,YGL237C,0,2.5706174,0.41387856006622314,0.9634615182876587,0.1424698829650879
YMR240C,YOL086C,0,2.5691829,0.4137076735496521,0.9634615182876587,0.14257028698921204
YLR009W,YKL032C,0,2.5671697,0.413536936044693,0.9634615182876587,0.142670676112175
YNL304W,YDR300C,0,2.565685,0.4133663475513458,0.9634615182876587,0.14277108013629913
YGR120C,YNL188W,0,2.5630605,0.4131958782672882,0.9634615182876587,0.14287148416042328
YMR300C,YDR170W-A,0,2.5616944,0.41302555799484253,0.9634615182876587,0.14297188818454742
YDR169C,YLR058C,0,2.5614107,0.4128553867340088,0.9634615182876587,0.14307229220867157
YPL126W,YPL180W,0,2.560538,0.4126853346824646,0.9634615182876587,0.14317269623279572
YGR258C,YOR048C,0,2.5596619,0.41251543164253235,0.9634615182876587,0.14327308535575867
YLR438C-A,YJR104C,0,2.5574644,0.41234567761421204,0.9634615182876587,0.1433734893798828
YJR135W-A,YFL035C-B,0,2.5550203,0.41217607259750366,0.9634615182876587,0.14347389340400696
YEL053C,YJR015W,0,2.5547223,0.41200658679008484,0.9634615182876587,0.1435742974281311
YFL045C,YJR149W,0,2.5545316,0.41183724999427795,0.9634615182876587,0.14367470145225525
YLR107W,YOR201C,1,2.5511122,0.4120788872241974,0.9644230604171753,0.14367470145225525
YHR138C,YBR035C,0,2.5501304,0.41190963983535767,0.9644230604171753,0.1437751054763794
YGR150C,YML127W,1,2.5487523,0.4121510684490204,0.9653846025466919,0.1437751054763794
YGL085W,YOL108C,0,2.548489,0.4119819402694702,0.9653846025466919,0.14387549459934235
YDR233C,YIL083C,0,2.5469384,0.411812961101532,0.9653846025466919,0.1439758986234665
YML028W,YBR052C,0,2.5457716,0.4116441309452057,0.9653846025466919,0.14407630264759064
YHL031C,YNL244C,0,2.5436811,0.41147541999816895,0.9653846025466919,0.14417670667171478
YOR267C,YMR160W,0,2.5431426,0.41130682826042175,0.9653846025466919,0.14427711069583893
YJL134W,YDR312W,0,2.5406618,0.4111384153366089,0.9653846025466919,0.14437751471996307
YOR356W,YGL113W,0,2.5394542,0.41097012162208557,0.9653846025466919,0.14447791874408722
YFR031C-A,YDR026C,0,2.5385792,0.4108019769191742,0.9653846025466919,0.14457830786705017
YMR063W,YKR093W,0,2.5385253,0.41063395142555237,0.9653846025466919,0.14467871189117432
YLR344W,YDL065C,0,2.535387,0.4104660749435425,0.9653846025466919,0.14477911591529846
YJL081C,YGR034W,0,2.534139,0.41029831767082214,0.9653846025466919,0.1448795199394226
YNL001W,YDR347W,0,2.533599,0.41013070940971375,0.9653846025466919,0.14497992396354675
YLR214W,YLR426W,0,2.5333939,0.4099632501602173,0.9653846025466919,0.1450803279876709
YBR100W,YBL060W,0,2.5291383,0.4097959101200104,0.9653846025466919,0.14518071711063385
YOR047C,YLR426W,0,2.5269012,0.4096287190914154,0.9653846025466919,0.145281121134758
YEL018W,YNL181W,0,2.5265508,0.4094616770744324,0.9653846025466919,0.14538152515888214
YMR307W,YLR203C,0,2.525196,0.4092947542667389,0.9653846025466919,0.1454819291830063
YNL185C,YLR127C,0,2.5220456,0.40912795066833496,0.9653846025466919,0.14558233320713043
YFL017W-A,YLR300W,0,2.5218062,0.40896129608154297,0.9653846025466919,0.14568273723125458
YDL240W,YNL248C,0,2.5203614,0.4087947905063629,0.9653846025466919,0.14578312635421753
YML051W,YBR291C,0,2.5177176,0.4086284041404724,0.9653846025466919,0.14588353037834167
YER048W-A,YHR005C,0,2.5174792,0.40846216678619385,0.9653846025466919,0.14598393440246582
YJR046W,YDR304C,0,2.5170422,0.40829604864120483,0.9653846025466919,0.14608433842658997
YHR086W,YCL043C,0,2.5152817,0.40813007950782776,0.9653846025466919,0.1461847424507141
YGL068W,YGL191W,0,2.5150237,0.40796422958374023,0.9653846025466919,0.14628514647483826
YGR061C,YKL011C,0,2.5145369,0.40779852867126465,0.9653846025466919,0.1463855355978012
YGR180C,YIL061C,0,2.5137782,0.407632976770401,0.9653846025466919,0.14648593962192535
YGR155W,YDL134C-A,0,2.5130088,0.4074675440788269,0.9653846025466919,0.1465863436460495
YPR182W,YDR188W,0,2.5103536,0.40730223059654236,0.9653846025466919,0.14668674767017365
YJL189W,YCL063W,0,2.510094,0.40713706612586975,0.9653846025466919,0.1467871516942978
YPL013C,YKR054C,0,2.5074277,0.4069720208644867,0.9653846025466919,0.14688755571842194
YNL227C,YLR363C,0,2.5065374,0.4068071246147156,0.9653846025466919,0.1469879448413849
YIL172C,YKL099C,0,2.5018787,0.4066423773765564,0.9653846025466919,0.14708834886550903
YKR044W,YIL094C,0,2.5017228,0.4064777195453644,0.9653846025466919,0.14718875288963318
YIR011C,YOL093W,0,2.5012999,0.4063132405281067,0.9653846025466919,0.14728915691375732
YOR026W,YHR031C,0,2.4998627,0.40614888072013855,0.9653846025466919,0.14738956093788147
YBR271W,YPL001W,0,2.4979658,0.40598464012145996,0.9653846025466919,0.14748996496200562
YLR244C,YPR041W,0,2.4979348,0.4058205187320709,0.9653846025466919,0.14759035408496857
YPR186C,YDR228C,0,2.4974074,0.4056565761566162,0.9653846025466919,0.1476907581090927
YDR231C,YGR251W,0,2.492292,0.40549272298812866,0.9653846025466919,0.14779116213321686
YLR223C,YMR287C,0,2.4917412,0.40532901883125305,0.9653846025466919,0.147891566157341
YER025W,YPL051W,0,2.4905343,0.4051654636859894,0.9653846025466919,0.14799197018146515
YPL091W,YOR252W,0,2.4884453,0.40500202775001526,0.9653846025466919,0.1480923742055893
YKL011C,YBR268W,0,2.4881606,0.4048387110233307,0.9653846025466919,0.14819277822971344
YKL144C,YDL007W,0,2.4878285,0.40467554330825806,0.9653846025466919,0.1482931673526764
YGL115W,YPL235W,0,2.4865823,0.404512494802475,0.9653846025466919,0.14839357137680054
YIL051C,YBR090C-A,0,2.4846249,0.40434956550598145,0.9653846025466919,0.14849397540092468
YLR301W,YEL048C,0,2.483376,0.40418678522109985,0.9653846025466919,0.14859437942504883
YLR380W,YPL271W,0,2.4826589,0.4040241539478302,0.9653846025466919,0.14869478344917297
YBL034C,YBR282W,0,2.4817822,0.4038616120815277,0.9653846025466919,0.14879518747329712
YJL208C,YDL006W,0,2.4793856,0.40369924902915955,0.9653846025466919,0.14889557659626007
YKL156W,YLL038C,0,2.471438,0.40353697538375854,0.9653846025466919,0.14899598062038422
YNL052W,YER053C-A,0,2.4713557,0.4033748507499695,0.9653846025466919,0.14909638464450836
YGL171W,YHR116W,0,2.470643,0.40321284532546997,0.9653846025466919,0.1491967886686325
YJR063W,YNL079C,0,2.4706352,0.4030509889125824,0.9653846025466919,0.14929719269275665
YMR300C,YLR312W-A,0,2.4686694,0.4028892517089844,0.9653846025466919,0.1493975967168808
YGR044C,YOR215C,0,2.4679775,0.4027276337146759,0.9653846025466919,0.14949798583984375
YGR001C,YGR034W,0,2.466826,0.40256616473197937,0.9653846025466919,0.1495983898639679
YKL144C,YNL219C,0,2.4667807,0.4024048149585724,0.9653846025466919,0.14969879388809204
YJL179W,YLR085C,0,2.4666727,0.40224358439445496,0.9653846025466919,0.1497991979122162
YNL207W,YFL009W,1,2.466385,0.4024829864501953,0.9663461446762085,0.1497991979122162
YDR289C,YPL131W,0,2.4661043,0.40232184529304504,0.9663461446762085,0.14989960193634033
YBL101W-A,YDR050C,0,2.4653845,0.4021608531475067,0.9663461446762085,0.15000000596046448
YGL106W,YKL179C,0,2.4641209,0.4020000100135803,0.9663461446762085,0.15010039508342743
YDL136W,YCR021C,0,2.46403,0.4018392562866211,0.9663461446762085,0.15020079910755157
YGR071C,YOL072W,0,2.4639463,0.4016786515712738,0.9663461446762085,0.15030120313167572
YML054C,YLR391W,0,2.4601479,0.40151816606521606,0.9663461446762085,0.15040160715579987
YGR279C,YBL101W-A,0,2.4599996,0.40135782957077026,0.9663461446762085,0.150502011179924
YER031C,YNL339C,0,2.459877,0.401197612285614,0.9663461446762085,0.15060241520404816
YNL111C,YBR155W,0,2.4589477,0.4010375142097473,0.9663461446762085,0.1507028043270111
YPR133W-A,YKR053C,0,2.4589067,0.40087753534317017,0.9663461446762085,0.15080320835113525
YOL067C,YDR415C,0,2.4573083,0.40071770548820496,0.9663461446762085,0.1509036123752594
YOR182C,YBR041W,0,2.454585,0.4005579948425293,0.9663461446762085,0.15100401639938354
YDR440W,YEL012W,0,2.4544683,0.4003984034061432,0.9663461446762085,0.1511044204235077
YDR404C,YKL171W,0,2.4538908,0.400238960981369,0.9663461446762085,0.15120482444763184
YDR437W,YDR407C,0,2.4525084,0.400079607963562,0.9663461446762085,0.1513052135705948
YDR252W,YER102W,0,2.451652,0.39992040395736694,0.9663461446762085,0.15140561759471893
YIL143C,YNL307C,0,2.4515088,0.3997613489627838,0.9663461446762085,0.15150602161884308
YBR141C,YPL087W,0,2.4492683,0.39960238337516785,0.9663461446762085,0.15160642564296722
YFR006W,YOR004W,0,2.4465156,0.3994435667991638,0.9663461446762085,0.15170682966709137
YPR060C,YNL283C,0,2.4462357,0.39928486943244934,0.9663461446762085,0.15180723369121552
YBR189W,YLR213C,0,2.445701,0.3991262912750244,0.9663461446762085,0.15190763771533966
YML132W,YOL093W,0,2.4443235,0.39896783232688904,0.9663461446762085,0.1520080268383026
YGL147C,YLR040C,0,2.4432137,0.3988095223903656,0.9663461446762085,0.15210843086242676
YKL156W,YDL160C,0,2.4426467,0.3986513316631317,0.9663461446762085,0.1522088348865509
YMR074C,YMR188C,0,2.4412084,0.3984932601451874,0.9663461446762085,0.15230923891067505
YPR110C,YJL019W,0,2.4391994,0.3983353078365326,0.9663461446762085,0.1524096429347992
YEL044W,YDR007W,0,2.4344165,0.39817750453948975,0.9663461446762085,0.15251004695892334
YOL086W-A,YNL243W,0,2.4329724,0.39801979064941406,0.9663461446762085,0.1526104360818863
YDR279W,YDR397C,0,2.431363,0.3978622257709503,0.9663461446762085,0.15271084010601044
YGR054W,YDR238C,0,2.430545,0.3977047801017761,0.9663461446762085,0.15281124413013458
YBR040W,YOR227W,0,2.4297886,0.3975474536418915,0.9663461446762085,0.15291164815425873
YOR232W,YHR133C,0,2.4294891,0.3973902761936188,0.9663461446762085,0.15301205217838287
YJR004C,YGR026W,0,2.427751,0.39723318815231323,0.9663461446762085,0.15311245620250702
YCL003W,YOL019W,0,2.4273841,0.39707624912261963,0.9663461446762085,0.15321284532546997
YER025W,YDR056C,0,2.4272714,0.3969194293022156,0.9663461446762085,0.15331324934959412
YLR221C,YMR117C,0,2.4267054,0.3967627286911011,0.9663461446762085,0.15341365337371826
YPL064C,YLL031C,0,2.426198,0.3966061472892761,0.9663461446762085,0.1535140573978424
YDR159W,YIL133C,0,2.419906,0.3964497148990631,0.9663461446762085,0.15361446142196655
YBR089C-A,YOR060C,0,2.4191458,0.39629337191581726,0.9663461446762085,0.1537148654460907
YOR207C,YHR207C,0,2.4184933,0.39613717794418335,0.9663461446762085,0.15381525456905365
YPL233W,YGR200C,0,2.4164205,0.3959810733795166,0.9663461446762085,0.1539156585931778
YPL106C,YGL005C,0,2.4157157,0.3958251178264618,0.9663461446762085,0.15401606261730194
YAL033W,YDL007W,0,2.4148114,0.39566928148269653,0.9663461446762085,0.1541164666414261
YKL056C,YBR029C,0,2.4137583,0.3955135643482208,0.9663461446762085,0.15421687066555023
YLR266C,YPR043W,0,2.4129243,0.39535799622535706,0.9663461446762085,0.15431727468967438
YML088W,YLR300W,0,2.4111943,0.39520251750946045,0.9663461446762085,0.15441766381263733
YDR081C,YMR228W,0,2.4102597,0.3950471580028534,0.9663461446762085,0.15451806783676147
YPL254W,YDR228C,0,2.4097185,0.3948919475078583,0.9663461446762085,0.15461847186088562
YOR304W,YGL009C,0,2.4070418,0.3947368562221527,0.9663461446762085,0.15471887588500977
YCR058C,YDR079W,0,2.407016,0.3945818543434143,0.9663461446762085,0.1548192799091339
YFL014W,YBR092C,0,2.4056878,0.39442700147628784,0.9663461446762085,0.15491968393325806
YLR172C,YNR050C,0,2.4046695,0.3942722678184509,0.9663461446762085,0.155020073056221
YMR225C,YNL183C,0,2.4026983,0.39411765336990356,0.9663461446762085,0.15512047708034515
YOR287C,YLR396C,0,2.4012423,0.39396315813064575,0.9663461446762085,0.1552208811044693
YOL038W,YJR029W,0,2.4011889,0.3938087821006775,0.9663461446762085,0.15532128512859344
YBR112C,YNL308C,0,2.401103,0.3936545252799988,0.9663461446762085,0.1554216891527176
YOL038W,YOR377W,0,2.3995075,0.3935003876686096,0.9663461446762085,0.15552209317684174
YCL017C,YGL148W,0,2.3978357,0.39334636926651,0.9663461446762085,0.15562249720096588
YIR026C,YLR093C,0,2.3928144,0.39319249987602234,0.9663461446762085,0.15572288632392883
YKL003C,YMR112C,0,2.391575,0.39303871989250183,0.9663461446762085,0.15582329034805298
YMR005W,YHR020W,0,2.3915508,0.3928850591182709,0.9663461446762085,0.15592369437217712
YCR096C,YHL025W,0,2.3911464,0.39273154735565186,0.9663461446762085,0.15602409839630127
YDR231C,YDL119C,0,2.3899958,0.392578125,0.9663461446762085,0.15612450242042542
YMR019W,YML036W,0,2.3898382,0.3924248218536377,0.9663461446762085,0.15622490644454956
YJR107W,YER123W,0,2.3896067,0.39227166771888733,0.9663461446762085,0.1563252955675125
YOR257W,YCR035C,0,2.38733,0.3921186029911041,0.9663461446762085,0.15642569959163666
YCR063W,YNL189W,0,2.3857327,0.39196568727493286,0.9663461446762085,0.1565261036157608
YPL019C,YOR182C,0,2.3841133,0.39181286096572876,0.9663461446762085,0.15662650763988495
YLR099C,YDL099W,0,2.3830054,0.3916601836681366,0.9663461446762085,0.1567269116640091
YHL032C,YOL018C,0,2.3798075,0.3915075957775116,0.9663461446762085,0.15682731568813324
YFR031C,YKL199C,0,2.379091,0.39135512709617615,0.9663461446762085,0.1569277048110962
YDR007W,YDR129C,0,2.3786583,0.39120280742645264,0.9663461446762085,0.15702810883522034
YNL050C,YKR078W,0,2.3784919,0.3910505771636963,0.9663461446762085,0.15712851285934448
YLR044C,YDR205W,0,2.3772829,0.3908984959125519,0.9663461446762085,0.15722891688346863
YLR056W,YHL040C,0,2.3731272,0.39074650406837463,0.9663461446762085,0.15732932090759277
YLR447C,YPR049C,0,2.37196,0.39059463143348694,0.9663461446762085,0.15742972493171692
YIL134W,YJR110W,0,2.371786,0.3904428780078888,0.9663461446762085,0.15753011405467987
YGL139W,YMR074C,0,2.3715029,0.3902912735939026,0.9663461446762085,0.15763051807880402
YOR207C,YML097C,0,2.3699775,0.39013975858688354,0.9663461446762085,0.15773092210292816
YHR088W,YCL039W,0,2.3648021,0.38998836278915405,0.9663461446762085,0.1578313261270523
YGR070W,YBL101W-B,0,2.364686,0.3898370862007141,0.9663461446762085,0.15793173015117645
YMR312W,YOR101W,0,2.3635516,0.3896859288215637,0.9663461446762085,0.1580321341753006
YMR225C,YMR045C,0,2.3629913,0.3895348906517029,0.9663461446762085,0.15813252329826355
YEL006W,YFR005C,0,2.3629045,0.3893839716911316,0.9663461446762085,0.1582329273223877
YKR007W,YML040W,0,2.3621438,0.38923314213752747,0.9663461446762085,0.15833333134651184
YGR071C,YMR149W,0,2.3617768,0.3890824615955353,0.9663461446762085,0.158433735370636
YER012W,YHR114W,0,2.3568914,0.38893190026283264,0.9663461446762085,0.15853413939476013
YLR098C,YLR061W,0,2.3566878,0.38878142833709717,0.9663461446762085,0.15863454341888428
YAL003W,YNR071C,0,2.3524232,0.38863107562065125,0.9663461446762085,0.15873493254184723
YLR396C,YCL060C,0,2.3516963,0.38848087191581726,0.9663461446762085,0.15883533656597137
YBR123C,YLR050C,0,2.3510928,0.38833075761795044,0.9663461446762085,0.15893574059009552
YJL095W,YKR090W,0,2.3491402,0.38818076252937317,0.9663461446762085,0.15903614461421967
YLR165C,YOR204W,0,2.3490872,0.38803088665008545,0.9663461446762085,0.1591365486383438
YOL086C,YNL091W,0,2.3482132,0.3878811299800873,0.9663461446762085,0.15923695266246796
YDR390C,YDL119C,0,2.3481996,0.38773149251937866,0.9663461446762085,0.1593373566865921
YOL067C,YOL042W,0,2.3479264,0.3875819444656372,0.9663461446762085,0.15943774580955505
YGR185C,YNL180C,0,2.347536,0.3874325454235077,0.9663461446762085,0.1595381498336792
YJL158C,YLR008C,0,2.345319,0.38728323578834534,0.9663461446762085,0.15963855385780334
YCL034W,YOL093W,0,2.3447742,0.38713404536247253,0.9663461446762085,0.1597389578819275
YHR046C,YBR029C,0,2.3447027,0.3869849741458893,0.9663461446762085,0.15983936190605164
YER127W,YBR119W,0,2.3443685,0.3868360221385956,0.9663461446762085,0.15993976593017578
YNL291C,YBR181C,0,2.344227,0.38668718934059143,0.9663461446762085,0.16004015505313873
YOR096W,YLR442C,0,2.3423114,0.38653847575187683,0.9663461446762085,0.16014055907726288
YNL199C,YDL059C,0,2.3418107,0.3863898515701294,0.9663461446762085,0.16024096310138702
YKR079C,YPR070W,0,2.339943,0.3862413465976715,0.9663461446762085,0.16034136712551117
YGL211W,YGR116W,0,2.3387249,0.3860929608345032,0.9663461446762085,0.16044177114963531
YOL031C,YLR352W,0,2.337751,0.3859446942806244,0.9663461446762085,0.16054217517375946
YLR440C,YGL030W,0,2.3367682,0.38579654693603516,0.9663461446762085,0.1606425642967224
YDL129W,YBR168W,0,2.3359666,0.3856484889984131,0.9663461446762085,0.16074296832084656
YER027C,YOL109W,0,2.3358402,0.38550058007240295,0.9663461446762085,0.1608433723449707
YFR001W,YLR391W,0,2.335167,0.38535276055336,0.9663461446762085,0.16094377636909485
YNL311C,YDL081C,0,2.3345344,0.38520506024360657,0.9663461446762085,0.161044180393219
YGL162W,YBR061C,0,2.3343596,0.3850574791431427,0.9663461446762085,0.16114458441734314
YIL021W,YDR476C,0,2.3342586,0.384909987449646,0.9663461446762085,0.1612449735403061
YHR077C,YEL048C,0,2.3339932,0.38476264476776123,0.9663461446762085,0.16134537756443024
YCR047C,YMR087W,0,2.3326087,0.38461539149284363,0.9663461446762085,0.16144578158855438
YLR413W,YDL190C,0,2.3325894,0.3844682574272156,0.9663461446762085,0.16154618561267853
YGR171C,YDR492W,0,2.3302643,0.3843212127685547,0.9663461446762085,0.16164658963680267
YER162C,YPR188C,0,2.3286395,0.38417431712150574,0.9663461446762085,0.16174699366092682
YHR080C,YMR304W,0,2.3278472,0.38402751088142395,0.9663461446762085,0.16184738278388977
YGR010W,YNL119W,0,2.3273659,0.3838808238506317,0.9663461446762085,0.16194778680801392
YKL144C,YML101C,0,2.3271995,0.38373425602912903,0.9663461446762085,0.16204819083213806
YBR009C,YPR003C,0,2.3259082,0.3835877776145935,0.9663461446762085,0.1621485948562622
YJR034W,YLR183C,0,2.3252344,0.3834414482116699,0.9663461446762085,0.16224899888038635
YBL008W,YNR071C,0,2.325128,0.3832952082157135,0.9663461446762085,0.1623494029045105
YDR222W,YKL040C,0,2.323763,0.38314905762672424,0.9663461446762085,0.16244979202747345
YBR118W,YBR105C,0,2.320115,0.3830030560493469,0.9663461446762085,0.1625501960515976
YMR315W,YER110C,0,2.3178093,0.38285714387893677,0.9663461446762085,0.16265060007572174
YDR444W,YPL121C,0,2.3158865,0.38271135091781616,0.9663461446762085,0.1627510040998459
YPL022W,YER099C,0,2.3152823,0.3825656771659851,0.9663461446762085,0.16285140812397003
YMR146C,YMR241W,0,2.3150158,0.3824200928211212,0.9663461446762085,0.16295181214809418
YDR499W,YDR297W,0,2.3133125,0.3822746276855469,0.9663461446762085,0.16305221617221832
YGR060W,YNR018W,0,2.3116305,0.3821292817592621,0.9663461446762085,0.16315260529518127
YDL085W,YPR035W,0,2.3106117,0.38198402523994446,0.9663461446762085,0.16325300931930542
YLL035W,YBR060C,0,2.3068542,0.38183891773223877,0.9663461446762085,0.16335341334342957
YLL067C,YCL043C,0,2.3068097,0.38169389963150024,0.9663461446762085,0.1634538173675537
YOR383C,YLR040C,0,2.304962,0.3815489709377289,0.9663461446762085,0.16355422139167786
YBR231C,YPL085W,0,2.3032048,0.38140416145324707,0.9663461446762085,0.163654625415802
YBR048W,YLR214W,0,2.3026001,0.3812594711780548,0.9663461446762085,0.16375501453876495
YOL151W,YDR074W,0,2.3024747,0.3811149001121521,0.9663461446762085,0.1638554185628891
YMR090W,YPR006C,0,2.3010783,0.38097041845321655,0.9663461446762085,0.16395582258701324
YLR337W,YJL060W,0,2.298419,0.38082605600357056,0.9663461446762085,0.1640562266111374
YLR175W,YBL080C,0,2.2978706,0.3806818127632141,0.9663461446762085,0.16415663063526154
YDR464W,YGR097W,0,2.2978039,0.3805376887321472,0.9663461446762085,0.16425703465938568
YNL309W,YER036C,0,2.2962024,0.3803936541080475,0.9663461446762085,0.16435742378234863
YOR129C,YNL302C,0,2.2961526,0.3802497088909149,0.9663461446762085,0.16445782780647278
YOR047C,YMR055C,0,2.294727,0.3801059126853943,0.9663461446762085,0.16455823183059692
YOR026W,YKL005C,0,2.292567,0.3799622058868408,0.9663461446762085,0.16465863585472107
YPL145C,YMR013C,0,2.29133,0.3798185884952545,0.9663461446762085,0.16475903987884521
YDL109C,YJR028W,0,2.290422,0.37967509031295776,0.9663461446762085,0.16485944390296936
YJL208C,YBL034C,0,2.2899265,0.37953171133995056,0.9663461446762085,0.1649598330259323
YCL029C,YOR369C,0,2.2892923,0.3793884515762329,0.9663461446762085,0.16506023705005646
YJL180C,YEL017C-A,0,2.2886066,0.3792452812194824,0.9663461446762085,0.1651606410741806
YOR304W,YCL075W,0,2.287879,0.3791022300720215,0.9663461446762085,0.16526104509830475
YBL076C,YER008C,0,2.2863154,0.3789592683315277,0.9663461446762085,0.1653614491224289
YLL018C-A,YJL162C,0,2.286162,0.3788164258003235,0.9663461446762085,0.16546185314655304
YDL045W-A,YHR116W,0,2.2860265,0.3786737024784088,0.9663461446762085,0.165562242269516
YDR210W-B,YFL002W-B,0,2.285091,0.3785310685634613,0.9663461446762085,0.16566264629364014
YDL039C,YDR287W,0,2.2849193,0.37838855385780334,0.9663461446762085,0.16576305031776428
YLL033W,YOR396W,0,2.2845354,0.37824612855911255,0.9663461446762085,0.16586345434188843
YHR082C,YPR174C,0,2.282697,0.3781038522720337,0.9663461446762085,0.16596385836601257
YLR467W,YGL223C,0,2.2825036,0.3779616355895996,0.9663461446762085,0.16606426239013672
YOR187W,YKL166C,0,2.2792156,0.3778195381164551,0.9663461446762085,0.16616465151309967
YFR013W,YDR341C,0,2.2786846,0.3776775598526001,0.9663461446762085,0.16626505553722382
YNL163C,YIL008W,0,2.2776635,0.37753570079803467,0.9663461446762085,0.16636545956134796
YGR105W,YDL102W,0,2.2769732,0.3773939311504364,0.9663461446762085,0.1664658635854721
YJL172W,YCR004C,0,2.2742836,0.3772522509098053,0.9663461446762085,0.16656626760959625
YFL054C,YPR154W,0,2.2730446,0.37711068987846375,0.9663461446762085,0.1666666716337204
YGL139W,YDR524C,0,2.272883,0.37696924805641174,0.9663461446762085,0.16676707565784454
YOR369C,YPR171W,0,2.271319,0.3768278956413269,0.9663461446762085,0.1668674647808075
YER017C,YMR125W,0,2.2711616,0.3766866624355316,0.9663461446762085,0.16696786880493164
YOR262W,YCL027W,0,2.2705317,0.3765455186367035,0.9663461446762085,0.1670682728290558
YGR212W,YGL106W,0,2.2685957,0.3764044940471649,0.9663461446762085,0.16716867685317993
YGL085W,YLR293C,0,2.2681575,0.3762635588645935,0.9663461446762085,0.16726908087730408
YLR008C,YDL070W,0,2.267867,0.37612274289131165,0.9663461446762085,0.16736948490142822
YPL177C,YBR291C,0,2.2658577,0.37598204612731934,0.9663461446762085,0.16746987402439117
YLR316C,YER089C,0,2.2635481,0.3758414387702942,0.9663461446762085,0.16757027804851532
YPR024W,YOR243C,0,2.2626877,0.3757009208202362,0.9663461446762085,0.16767068207263947
YMR122W-A,YML120C,0,2.259685,0.37556055188179016,0.9663461446762085,0.1677710860967636
YOL029C,YJL173C,0,2.2586226,0.3754202425479889,0.9663461446762085,0.16787149012088776
YNL010W,YJR083C,0,2.2581935,0.3752800524234772,0.9663461446762085,0.1679718941450119
YCR028C,YCL054W,0,2.25731,0.375139981508255,0.9663461446762085,0.16807228326797485
YPR043W,YFL047W,0,2.2566042,0.375,0.9663461446762085,0.168172687292099
YKL110C,YPR037C,0,2.2548437,0.37486013770103455,0.9663461446762085,0.16827309131622314
YBL035C,YNL208W,0,2.2534375,0.37472036480903625,0.9663461446762085,0.1683734953403473
YBR202W,YDR131C,0,2.25333,0.3745806813240051,0.9663461446762085,0.16847389936447144
YNL244C,YBL057C,0,2.2530534,0.37444114685058594,0.9663461446762085,0.16857430338859558
YGR003W,YKL130C,0,2.251453,0.3743016719818115,0.9663461446762085,0.16867469251155853
YPR144C,YKR037C,0,2.2500882,0.37416231632232666,0.9663461446762085,0.16877509653568268
YOL124C,YOL108C,0,2.2494946,0.37402307987213135,0.9663461446762085,0.16887550055980682
YGL031C,YPR024W,0,2.2493925,0.3738839328289032,0.9663461446762085,0.16897590458393097
YBL082C,YGL173C,0,2.2493076,0.3737448751926422,0.9663461446762085,0.16907630860805511
YML070W,YPL087W,0,2.248454,0.3736059367656708,0.9663461446762085,0.16917671263217926
YKL004W,YPL060W,0,2.2476337,0.3734671175479889,0.9663461446762085,0.1692771017551422
YGR295C,YMR229C,0,2.2466905,0.37332838773727417,0.9663461446762085,0.16937750577926636
YML124C,YLR035C-A,0,2.2457662,0.3731897473335266,0.9663461446762085,0.1694779098033905
YPR072W,YPL131W,0,2.2457628,0.3730512261390686,0.9663461446762085,0.16957831382751465
YAR033W,YMR179W,0,2.2454839,0.37291279435157776,0.9663461446762085,0.1696787178516388
YOR192C,YLR352W,0,2.2448678,0.37277448177337646,0.9663461446762085,0.16977912187576294
YDR465C,YCR080W,0,2.2447727,0.37263625860214233,0.9663461446762085,0.1698795109987259
YOR026W,YOR179C,0,2.2439363,0.37249815464019775,0.9663461446762085,0.16997991502285004
YNL181W,YDL067C,0,2.2428331,0.37236014008522034,0.9663461446762085,0.17008031904697418
YOL098C,YGR286C,0,2.2424927,0.3722222149372101,0.9663461446762085,0.17018072307109833
YGR285C,YMR301C,0,2.2421308,0.3720844089984894,0.9663461446762085,0.17028112709522247
YBR251W,YPL074W,0,2.2418032,0.37194669246673584,0.9663461446762085,0.17038153111934662
YGR082W,YDR463W,0,2.2417228,0.37180909514427185,0.9663461446762085,0.17048193514347076
YGR252W,YBR091C,0,2.238943,0.371671587228775,0.9663461446762085,0.17058232426643372
YOR330C,YBL112C,0,2.2379112,0.37153419852256775,0.9663461446762085,0.17068272829055786
YKL099C,YDR194C,1,2.2365901,0.37176644802093506,0.9673076868057251,0.17068272829055786
YJL125C,YNL331C,0,2.2364938,0.37162911891937256,0.9673076868057251,0.170783132314682
YGR076C,YDR002W,0,2.2361448,0.3714918792247772,0.9673076868057251,0.17088353633880615
YOL139C,YMR273C,0,2.2344146,0.37135472893714905,0.9673076868057251,0.1709839403629303
YLR189C,YNL023C,0,2.2331645,0.3712176978588104,0.9673076868057251,0.17108434438705444
YFR047C,YKL097W-A,0,2.2324185,0.37108078598976135,0.9673076868057251,0.1711847335100174
YIL075C,YJL006C,0,2.2316868,0.37094396352767944,0.9673076868057251,0.17128513753414154
YNL038W,YNL031C,0,2.231358,0.3708072304725647,0.9673076868057251,0.17138554155826569
YKR027W,YCR053W,0,2.2311292,0.3706705868244171,0.9673076868057251,0.17148594558238983
YDL030W,YLR328W,0,2.2306979,0.3705340623855591,0.9673076868057251,0.17158634960651398
YGL190C,YOR233W,0,2.2297068,0.3703976571559906,0.9673076868057251,0.17168675363063812
YDR320C-A,YLR167W,0,2.2296395,0.3702613115310669,0.9673076868057251,0.17178714275360107
YDL200C,YAL020C,0,2.229325,0.37012508511543274,0.9673076868057251,0.17188754677772522
YHR092C,YMR123W,0,2.2282505,0.36998897790908813,0.9673076868057251,0.17198795080184937
YKR052C,YDL136W,0,2.2279267,0.3698529303073883,0.9673076868057251,0.1720883548259735
YLR394W,YOR092W,0,2.2276456,0.369717001914978,0.9673076868057251,0.17218875885009766
YPL254W,YIR004W,0,2.2262056,0.3695811927318573,0.9673076868057251,0.1722891628742218
YER165W,YBL091C-A,0,2.2250233,0.36944547295570374,0.9673076868057251,0.17238955199718475
YNL151C,YNL322C,0,2.2249541,0.36930984258651733,0.9673076868057251,0.1724899560213089
YKL093W,YPR028W,0,2.2247694,0.3691743016242981,0.9673076868057251,0.17259036004543304
YPR024W,YOR098C,0,2.2231205,0.3690388798713684,0.9673076868057251,0.1726907640695572
YJR145C,YDR067C,0,2.222494,0.3689035475254059,0.9673076868057251,0.17279116809368134
YOR132W,YDL119C,0,2.2223926,0.3687683343887329,0.9673076868057251,0.17289157211780548
YDR021W,YIL037C,0,2.2223516,0.3686332106590271,0.9673076868057251,0.17299196124076843
YPL221W,YBR096W,0,2.2222502,0.36849817633628845,0.9673076868057251,0.17309236526489258
YER153C,YDR158W,0,2.2192054,0.36836323142051697,0.9673076868057251,0.17319276928901672
YNL167C,YDR377W,0,2.219111,0.36822840571403503,0.9673076868057251,0.17329317331314087
YBR050C,YOL107W,0,2.2181287,0.36809366941452026,0.9673076868057251,0.17339357733726501
YAL007C,YFL011W,0,2.2174633,0.36795902252197266,0.9673076868057251,0.17349398136138916
YCL050C,YGR286C,0,2.2168121,0.3678244948387146,0.9673076868057251,0.1735943704843521
YOL065C,YDL220C,0,2.2167535,0.3676900565624237,0.9673076868057251,0.17369477450847626
YGL070C,YNL281W,0,2.2166348,0.3675557076931,0.9673076868057251,0.1737951785326004
YAR033W,YHR174W,0,2.2164347,0.3674214780330658,0.9673076868057251,0.17389558255672455
YHR060W,YOL010W,0,2.2160006,0.3672873377799988,0.9673076868057251,0.1739959865808487
YDR148C,YDL028C,0,2.2158933,0.3671532869338989,0.9673076868057251,0.17409639060497284
YJR119C,YPL234C,0,2.214372,0.36701932549476624,0.9673076868057251,0.1741967797279358
YHR149C,YMR301C,0,2.2131953,0.3668854832649231,0.9673076868057251,0.17429718375205994
YML012W,YLR301W,0,2.2119951,0.3667517304420471,0.9673076868057251,0.17439758777618408
YKL042W,YBR261C,0,2.211916,0.3666180670261383,0.9673076868057251,0.17449799180030823
YCL001W,YKR095W-A,0,2.2095895,0.36648452281951904,0.9673076868057251,0.17459839582443237
YIL079C,YDR196C,0,2.2088137,0.36635106801986694,0.9673076868057251,0.17469879984855652
YKR079C,YMR316W,0,2.2080984,0.366217702627182,0.9673076868057251,0.17479920387268066
YDR086C,YNL185C,0,2.2065954,0.36608442664146423,0.9673076868057251,0.17489959299564362
YPL117C,YNL065W,0,2.2049818,0.365951269865036,0.9673076868057251,0.17499999701976776
YDR036C,YJR098C,0,2.2022576,0.36581817269325256,0.9673076868057251,0.1751004010438919
YDR174W,YJL200C,0,2.2011442,0.36568519473075867,0.9673076868057251,0.17520080506801605
YBL112C,YDL083C,0,2.1996894,0.3655523359775543,0.9673076868057251,0.1753012090921402
YDL184C,YGR218W,0,2.1991296,0.36541953682899475,0.9673076868057251,0.17540161311626434
YMR270C,YPR097W,0,2.1984706,0.36528685688972473,0.9673076868057251,0.1755020022392273
YMR286W,YAL034W-A,0,2.1955214,0.3651542663574219,0.9673076868057251,0.17560240626335144
YKR035W-A,YKL108W,0,2.1954007,0.3650217652320862,0.9673076868057251,0.17570281028747559
YJL125C,YIL061C,0,2.19517,0.36488938331604004,0.9673076868057251,0.17580321431159973
YMR139W,YHL021C,0,2.1948447,0.36475706100463867,0.9673076868057251,0.17590361833572388
YKR072C,YMR035W,0,2.1948013,0.36462485790252686,0.9673076868057251,0.17600402235984802
YHL004W,YDR115W,0,2.1928742,0.3644927442073822,0.9673076868057251,0.17610441148281097
YDR530C,YNL078W,0,2.1887684,0.3643607497215271,0.9673076868057251,0.17620481550693512
YOR175C,YPL220W,0,2.1881804,0.3642288148403168,0.9673076868057251,0.17630521953105927
YGL103W,YCR093W,0,2.1858025,0.364096999168396,0.9673076868057251,0.1764056235551834
YGL083W,YKR020W,0,2.1838827,0.3639652729034424,0.9673076868057251,0.17650602757930756
YDR447C,YLR345W,0,2.1836276,0.36383363604545593,0.9673076868057251,0.1766064316034317
YMR158W,YGR239C,0,2.183555,0.36370208859443665,0.9673076868057251,0.17670682072639465
YEL052W,YLR467W,0,2.1834273,0.3635706603527069,0.9673076868057251,0.1768072247505188
YOR259C,YKL033W,0,2.1832137,0.36343929171562195,0.9673076868057251,0.17690762877464294
YKR104W,YML096W,0,2.1818516,0.36330804228782654,0.9673076868057251,0.1770080327987671
YLR391W-A,YNL023C,0,2.1806288,0.3631768822669983,0.9673076868057251,0.17710843682289124
YPL174C,YMR034C,0,2.1801572,0.3630458414554596,0.9673076868057251,0.17720884084701538
YOL147C,YGL060W,0,2.1784215,0.3629148602485657,0.9673076868057251,0.17730922996997833
YDR110W,YDR018C,0,2.176296,0.3627839982509613,0.9673076868057251,0.17740963399410248
YNR022C,YGR076C,0,2.1752145,0.3626531958580017,0.9673076868057251,0.17751003801822662
YOR378W,YEL052W,0,2.170881,0.36252251267433167,0.9673076868057251,0.17761044204235077
YGL112C,YER036C,0,2.1697104,0.3623919188976288,0.9673076868057251,0.17771084606647491
YJL001W,YCR060W,0,2.1695123,0.36226144433021545,0.9673076868057251,0.17781125009059906
YKR103W,YGR205W,0,2.1693068,0.3621310293674469,0.9673076868057251,0.177911639213562
YDR390C,YPL050C,0,2.1687315,0.3620007336139679,0.9673076868057251,0.17801204323768616
YHR138C,YGR223C,0,2.167074,0.36187049746513367,0.9673076868057251,0.1781124472618103
YPR118W,YDR499W,0,2.165929,0.361740380525589,0.9673076868057251,0.17821285128593445
YOR279C,YOR317W,0,2.1654205,0.3616103529930115,0.9673076868057251,0.1783132553100586
YCR097WB,YHL040C,0,2.1650872,0.3614804148674011,0.9673076868057251,0.17841365933418274
YDR283C,YNR071C,0,2.1630323,0.36135056614875793,0.9673076868057251,0.17851406335830688
YHR156C,YOR014W,0,2.1628537,0.3612208366394043,0.9673076868057251,0.17861445248126984
YGL226W,YKL096W-A,0,2.1620529,0.36109116673469543,0.9673076868057251,0.17871485650539398
YDL124W,YPR175W,0,2.161884,0.3609616160392761,0.9673076868057251,0.17881526052951813
YFL018W-A,YNL281W,0,2.1603413,0.3608321249485016,0.9673076868057251,0.17891566455364227
YJR034W,YNL070W,0,2.1602721,0.3607027530670166,0.9673076868057251,0.17901606857776642
YDR087C,YMR261C,0,2.1595533,0.3605734705924988,0.9673076868057251,0.17911647260189056
YDR176W,YBR092C,0,2.15938,0.3604442775249481,0.9673076868057251,0.17921686172485352
YDR211W,YJL117W,0,2.157135,0.3603151738643646,0.9673076868057251,0.17931726574897766
YOR396W,YMR117C,0,2.1558716,0.3601861894130707,0.9673076868057251,0.1794176697731018
YDR534C,YDL108W,0,2.155763,0.3600572645664215,0.9673076868057251,0.17951807379722595
YGR178C,YJR096W,0,2.155428,0.3599284291267395,0.9673076868057251,0.1796184778213501
YIL061C,YPL129W,0,2.1523929,0.35979971289634705,0.9673076868057251,0.17971888184547424
YPL091W,YPR060C,0,2.1518748,0.35967108607292175,0.9673076868057251,0.1798192709684372
YLR037C,YPR166C,0,2.1517794,0.35954251885414124,0.9673076868057251,0.17991967499256134
YCL074W,YOR270C,0,2.1511445,0.35941407084465027,0.9673076868057251,0.18002007901668549
YPR037C,YNL290W,0,2.1496816,0.35928571224212646,0.9673076868057251,0.18012048304080963
YCR087C-A,YNL006W,0,2.1488142,0.3591574430465698,0.9673076868057251,0.18022088706493378
YLL066C,YKR038C,0,2.148026,0.35902926325798035,0.9673076868057251,0.18032129108905792
YKR028W,YJL025W,0,2.144599,0.35890117287635803,0.9673076868057251,0.18042168021202087
YCR018C,YPL096C-A,0,2.1442819,0.3587731719017029,0.9673076868057251,0.18052208423614502
YOL054W,YGR007W,0,2.1441329,0.3586452901363373,0.9673076868057251,0.18062248826026917
YCL055W,YKL054C,0,2.14328,0.35851746797561646,0.9673076868057251,0.1807228922843933
YCR024C,YPR133W-A,0,2.142034,0.3583897352218628,0.9673076868057251,0.18082329630851746
YHR025W,YEL029C,0,2.140696,0.3582621216773987,0.9673076868057251,0.1809237003326416
YIL128W,YJL213W,0,2.1402795,0.35813456773757935,0.9673076868057251,0.18102408945560455
YGR255C,YOR138C,0,2.1386287,0.3580071032047272,0.9673076868057251,0.1811244934797287
YDR168W,YFL066C,0,2.1371808,0.35787975788116455,0.9673076868057251,0.18122489750385284
YLR126C,YNL147W,0,2.135652,0.3577525019645691,0.9673076868057251,0.181325301527977
YOL139C,YDR144C,0,2.1346965,0.3576253056526184,0.9673076868057251,0.18142570555210114
YDR303C,YGL094C,0,2.1335971,0.3574982285499573,0.9673076868057251,0.18152610957622528
YLL012W,YLR118C,0,2.1323044,0.3573712110519409,0.9673076868057251,0.18162649869918823
YML045W,YGR027W-B,0,2.13174,0.3572443127632141,0.9673076868057251,0.18172690272331238
YGR062C,YDR164C,0,2.1304445,0.35711750388145447,0.9673076868057251,0.18182730674743652
YMR002W,YNL086W,0,2.1296754,0.356990784406662,0.9673076868057251,0.18192771077156067
YER137C,YGL222C,0,2.127656,0.3568641245365143,0.9673076868057251,0.18202811479568481
YPL051W,YGR276C,0,2.127069,0.35673758387565613,0.9673076868057251,0.18212851881980896
YOR250C,YDR478W,0,2.12639,0.35661113262176514,0.9673076868057251,0.1822289228439331
YHR051W,YDR060W,0,2.1241329,0.3564847707748413,0.9673076868057251,0.18232931196689606
YMR040W,YHL025W,0,2.1155415,0.35635849833488464,0.9673076868057251,0.1824297159910202
YLR427W,YML133C,0,2.1146734,0.35623228549957275,0.9673076868057251,0.18253012001514435
YLR450W,YLR448W,0,2.113766,0.3561061918735504,0.9673076868057251,0.1826305240392685
YER061C,YJL060W,0,2.113688,0.35598018765449524,0.9673076868057251,0.18273092806339264
YIL130W,YKR059W,0,2.112049,0.3558542728424072,0.9673076868057251,0.18283133208751678
YER074W,YKR030W,0,2.111467,0.355728417634964,0.9673076868057251,0.18293172121047974
YMR087W,YDR238C,0,2.1099272,0.3556026816368103,0.9673076868057251,0.18303212523460388
YLR301W,YBR248C,0,2.1092458,0.3554770350456238,0.9673076868057251,0.18313252925872803
YDR044W,YOL069W,0,2.108452,0.3553514778614044,0.9673076868057251,0.18323293328285217
YML081C-A,YDL107W,0,2.1084247,0.35522598028182983,0.9673076868057251,0.18333333730697632
YFR040W,YLR285W,0,2.1069226,0.3551006019115448,0.9673076868057251,0.18343374133110046
YJL056C,YLR352W,0,2.1058497,0.35497531294822693,0.9673076868057251,0.18353413045406342
YLR040C,YLR220W,0,2.1003494,0.35485008358955383,0.9673076868057251,0.18363453447818756
YJR021C,YAR010C,0,2.099629,0.3547249734401703,0.9673076868057251,0.1837349385023117
YOL032W,YFL066C,0,2.0982513,0.3545999228954315,0.9673076868057251,0.18383534252643585
YKL069W,YMR286W,0,2.0980358,0.3544749915599823,0.9673076868057251,0.18393574655056
YGL085W,YDR235W,0,2.0973759,0.35435011982917786,0.9673076868057251,0.18403615057468414
YGR212W,YJR104C,0,2.097344,0.3542253375053406,0.9673076868057251,0.1841365396976471
YIL087C,YKR038C,0,2.0955334,0.35410067439079285,0.9673076868057251,0.18423694372177124
YNL133C,YKL040C,0,2.0933166,0.3539760708808899,0.9673076868057251,0.18433734774589539
YLR301W,YLR204W,0,2.092926,0.3538515567779541,0.9673076868057251,0.18443775177001953
YGR082W,YLR433C,0,2.0923321,0.3537271320819855,0.9673076868057251,0.18453815579414368
YPL038W,YCR106W,0,2.0913832,0.3536028265953064,0.9673076868057251,0.18463855981826782
YFR025C,YOR063W,0,2.0912905,0.3534785807132721,0.9673076868057251,0.18473894894123077
YDR390C,YLR194C,0,2.0912454,0.35335439443588257,0.9673076868057251,0.18483935296535492
YDR390C,YOR233W,0,2.089212,0.3532303273677826,0.9673076868057251,0.18493975698947906
YDL043C,YJL156C,0,2.0889368,0.3531063497066498,0.9673076868057251,0.1850401610136032
YLR441C,YGR113W,0,2.0881565,0.35298246145248413,0.9673076868057251,0.18514056503772736
YGL231C,YJL221C,0,2.0873127,0.35285863280296326,0.9673076868057251,0.1852409690618515
YIR009W,YDL098C,0,2.0869231,0.35273492336273193,0.9673076868057251,0.18534135818481445
YLR345W,YJL109C,0,2.0845256,0.3526112735271454,0.9673076868057251,0.1854417622089386
YML098W,YBR172C,0,2.0835173,0.3524877429008484,0.9673076868057251,0.18554216623306274
YCR097WB,YGR118W,0,2.0799115,0.35236427187919617,0.9673076868057251,0.1856425702571869
YOL132W,YLR052W,0,2.079108,0.3522408902645111,0.9673076868057251,0.18574297428131104
YDL074C,YGR058W,0,2.0786467,0.3521175980567932,0.9673076868057251,0.18584337830543518
YBR211C,YPR010C,0,2.0776076,0.3519943952560425,0.9673076868057251,0.18594378232955933
YCL054W,YOR285W,0,2.0770216,0.3518712818622589,0.9673076868057251,0.18604417145252228
YDR007W,YIL150C,0,2.0758617,0.3517482578754425,0.9673076868057251,0.18614457547664642
YOL053C-A,YOR215C,0,2.0750299,0.3516252934932709,0.9673076868057251,0.18624497950077057
YHR069C,YDR014W,0,2.0748942,0.3515024483203888,0.9673076868057251,0.18634538352489471
YIL008W,YJR054W,0,2.0747643,0.3513796627521515,0.9673076868057251,0.18644578754901886
YNL194C,YBR248C,0,2.0745618,0.35125699639320374,0.9673076868057251,0.186546191573143
YBR123C,YPR174C,0,2.0738618,0.35113438963890076,0.9673076868057251,0.18664658069610596
YNL052W,YKL099C,0,2.0737355,0.35101187229156494,0.9673076868057251,0.1867469847202301
YMR109W,YBR142W,0,2.0720398,0.3508894443511963,0.9673076868057251,0.18684738874435425
YHR039C-B,YPR042C,0,2.070292,0.3507670760154724,0.9673076868057251,0.1869477927684784
YML012W,YOR167C,0,2.0694757,0.3506448268890381,0.9673076868057251,0.18704819679260254
YDR139C,YLR181C,0,2.0687785,0.35052263736724854,0.9673076868057251,0.18714860081672668
YNL304W,YGR034W,0,2.0683537,0.35040056705474854,0.9673076868057251,0.18724898993968964
YMR227C,YLR043C,0,2.0677476,0.3502785563468933,0.9673076868057251,0.18734939396381378
YKL140W,YGL147C,0,2.0674052,0.35015663504600525,0.9673076868057251,0.18744979798793793
YMR061W,YJL183W,0,2.0672703,0.35003480315208435,0.9673076868057251,0.18755020201206207
YOL165C,YGL142C,0,2.0668457,0.3499130308628082,0.9673076868057251,0.18765060603618622
YLR244C,YPL169C,0,2.0656283,0.34979137778282166,0.9673076868057251,0.18775101006031036
YML027W,YML109W,0,2.0649958,0.34966978430747986,0.9673076868057251,0.18785139918327332
YPR034W,YDR384C,0,2.0640993,0.3495483100414276,0.9673076868057251,0.18795180320739746
YDL133C-A,YER029C,0,2.05968,0.34942689538002014,0.9673076868057251,0.1880522072315216
YJR097W,YEL051W,0,2.059565,0.34930557012557983,0.9673076868057251,0.18815261125564575
YNL219C,YOR063W,0,2.057726,0.3491843044757843,0.9673076868057251,0.1882530152797699
YDR317W,YDL081C,0,2.0576243,0.3490631580352783,0.9673076868057251,0.18835341930389404
YMR290C,YOR258W,0,2.0560312,0.3489420711994171,0.9673076868057251,0.188453808426857
YNL111C,YIL021W,0,2.0559595,0.34882107377052307,0.9673076868057251,0.18855421245098114
YLR345W,YKL150W,0,2.0547605,0.3487001657485962,0.9673076868057251,0.18865461647510529
YJR068W,YDR279W,0,2.0534592,0.3485793471336365,0.9673076868057251,0.18875502049922943
YOR384W,YLR337W,0,2.0531304,0.3484586179256439,0.9673076868057251,0.18885542452335358
YCL036W,YNL086W,0,2.0525045,0.34833794832229614,0.9673076868057251,0.18895582854747772
YLR248W,YLR196W,0,2.0519044,0.3482173681259155,0.9673076868057251,0.18905621767044067
YML071C,YPL160W,0,2.0514154,0.3480968773365021,0.9673076868057251,0.18915662169456482
YCR098C,YPR091C,0,2.0498912,0.3479764759540558,0.9673076868057251,0.18925702571868896
YHR024C,YML074C,0,2.0493932,0.34785616397857666,0.9673076868057251,0.1893574297428131
YOR389W,YAL048C,0,2.048592,0.3477359116077423,0.9673076868057251,0.18945783376693726
YLR327C,YGR221C,0,2.048194,0.3476157486438751,0.9673076868057251,0.1895582377910614
YOR045W,YBL031W,0,2.0460112,0.3474956750869751,0.9673076868057251,0.18965864181518555
YGL246C,YBR015C,0,2.043345,0.34737569093704224,0.9673076868057251,0.1897590309381485
YMR256C,YML095C,0,2.0430036,0.34725579619407654,0.9673076868057251,0.18985943496227264
YAL068C,YKR037C,0,2.041864,0.3471359610557556,0.9673076868057251,0.1899598389863968
YBR291C,YPL280W,0,2.0415208,0.34701621532440186,0.9673076868057251,0.19006024301052094
YLR276C,YPL078C,0,2.041006,0.34689655900001526,0.9673076868057251,0.19016064703464508
YMR290C,YER162C,0,2.0385742,0.34677696228027344,0.9673076868057251,0.19026105105876923
YGR078C,YPR156C,0,2.0376625,0.34665748476982117,0.9673076868057251,0.19036144018173218
YOL002C,YOR212W,0,2.034873,0.34653806686401367,0.9673076868057251,0.19046184420585632
YKL144C,YGL085W,0,2.0327823,0.34641873836517334,0.9673076868057251,0.19056224822998047
YGL148W,YER005W,0,2.0320563,0.3462994694709778,0.9673076868057251,0.19066265225410461
YOR301W,YJR026W,0,2.0298567,0.3461803197860718,0.9673076868057251,0.19076305627822876
YDR460W,YOR009W,0,2.0297546,0.34606122970581055,0.9673076868057251,0.1908634603023529
YER017C,YOR271C,0,2.0251887,0.3459422290325165,0.9673076868057251,0.19096384942531586
YJR050W,YDL012C,0,2.024509,0.3458233177661896,0.9673076868057251,0.19106425344944
YER061C,YPL103C,0,2.0242572,0.34570446610450745,0.9673076868057251,0.19116465747356415
YDR483W,YLR291C,0,2.0228405,0.3455857038497925,0.9673076868057251,0.1912650614976883
YOR207C,YPL083C,0,2.022654,0.3454670310020447,0.9673076868057251,0.19136546552181244
YPL258C,YDR170W-A,0,2.021822,0.34534844756126404,0.9673076868057251,0.19146586954593658
YBR268W,YPL234C,0,2.0213268,0.3452299237251282,0.9673076868057251,0.19156625866889954
YER070W,YPR156C,0,2.0212548,0.3451114892959595,0.9673076868057251,0.19166666269302368
YPL254W,YGR005C,0,2.0208392,0.34499314427375793,0.9673076868057251,0.19176706671714783
YDR322W,YER161C,0,2.0202384,0.34487485885620117,0.9673076868057251,0.19186747074127197
YNL102W,YFL047W,0,2.0196273,0.34475669264793396,0.9673076868057251,0.19196787476539612
YDL084W,YIL084C,0,2.0189714,0.3446385860443115,0.9673076868057251,0.19206827878952026
YBR082C,YCL001W,0,2.0188923,0.34452053904533386,0.9673076868057251,0.19216866791248322
YDR196C,YGL014W,0,2.0180454,0.34440261125564575,0.9673076868057251,0.19226907193660736
YER148W,YNR013C,0,2.0174906,0.3442847430706024,0.9673076868057251,0.1923694759607315
YNR032C-A,YER083C,0,2.0171926,0.34416696429252625,0.9673076868057251,0.19246987998485565
YPR162C,YKL009W,0,2.0170534,0.34404924511909485,0.9673076868057251,0.1925702840089798
YDR498C,YEL059C-A,0,2.0169592,0.3439316153526306,0.9673076868057251,0.19267068803310394
YDL033C,YDR121W,0,2.0163321,0.34381407499313354,0.9673076868057251,0.1927710771560669
YDR492W,YDL137W,0,2.0159085,0.34369662404060364,0.9673076868057251,0.19287148118019104
YIL145C,YOR151C,0,2.0156527,0.3435792326927185,0.9673076868057251,0.19297188520431519
YKL208W,YNL207W,1,2.0153584,0.343803346157074,0.9682692289352417,0.19297188520431519
YOL141W,YDR439W,0,2.01512,0.3436860144138336,0.9682692289352417,0.19307228922843933
YDR329C,YPR143W,0,2.0149739,0.34356874227523804,0.9682692289352417,0.19317269325256348
YDR402C,YDR424C,0,2.0141854,0.3434515595436096,0.9682692289352417,0.19327309727668762
YDL008W,YFL017W-A,0,2.0129623,0.34333446621894836,0.9682692289352417,0.19337350130081177
YDL024C,YLR435W,0,2.012719,0.3432174623012543,0.9682692289352417,0.19347389042377472
YML028W,YBR164C,0,2.0120707,0.34310051798820496,0.9682692289352417,0.19357429444789886
YOR355W,YLR288C,0,2.0113177,0.3429836630821228,0.9682692289352417,0.193674698472023
YBR155W,YML091C,0,2.0107439,0.3428668677806854,0.9682692289352417,0.19377510249614716
YDL024C,YJL194W,0,2.0104954,0.3427501618862152,0.9682692289352417,0.1938755065202713
YPL058C,YCR080W,0,2.0096207,0.34263354539871216,0.9682692289352417,0.19397591054439545
YOL010W,YBR054W,0,2.0095017,0.34251701831817627,0.9682692289352417,0.1940762996673584
YDR376W,YDR387C,0,2.0078545,0.34240055084228516,0.9682692289352417,0.19417670369148254
YBR247C,YLR258W,0,2.007853,0.3422841727733612,0.9682692289352417,0.1942771077156067
YAR002C-A,YNR011C,0,2.0078232,0.34216785430908203,0.9682692289352417,0.19437751173973083
YLR109W,YDR071C,0,2.007413,0.34205162525177,0.9682692289352417,0.19447791576385498
YPR086W,YCR047C,0,2.0064433,0.34193548560142517,0.9682692289352417,0.19457831978797913
YKL042W,YGL157W,0,2.0057993,0.3418194055557251,0.9682692289352417,0.19467870891094208
YER031C,YGR017W,0,2.004965,0.3417034149169922,0.9682692289352417,0.19477911293506622
YPL218W,YDR196C,0,2.0045576,0.34158751368522644,0.9682692289352417,0.19487951695919037
YBR291C,YGR054W,0,2.004234,0.34147167205810547,0.9682692289352417,0.19497992098331451
YER007C-A,YOR215C,0,2.0021741,0.34135591983795166,0.9682692289352417,0.19508032500743866
YMR211W,YIL093C,0,1.9998734,0.341240257024765,0.9682692289352417,0.1951807290315628
YIL005W,YJR112W,0,1.9973161,0.34112465381622314,0.9682692289352417,0.19528111815452576
YPR086W,YKL179C,0,1.9971068,0.34100914001464844,0.9682692289352417,0.1953815221786499
YPL076W,YGL229C,0,1.9946764,0.3408937156200409,0.9682692289352417,0.19548192620277405
YGL148W,YDR077W,0,1.9920027,0.3407783508300781,0.9682692289352417,0.1955823302268982
YDR174W,YML055W,0,1.9918479,0.34066304564476013,0.9682692289352417,0.19568273425102234
YIL022W,YNR050C,0,1.9894705,0.3405478596687317,0.9682692289352417,0.19578313827514648
YJL197W,YOL056W,0,1.9865402,0.340432733297348,0.9682692289352417,0.19588352739810944
YBL091C-A,YDR115W,0,1.9856629,0.34031766653060913,0.9682692289352417,0.19598393142223358
YFR031C,YDR279W,0,1.984839,0.3402026891708374,0.9682692289352417,0.19608433544635773
YGR101W,YOR038C,0,1.984552,0.34008780121803284,0.9682692289352417,0.19618473947048187
YMR295C,YJL129C,0,1.9845238,0.33997300267219543,0.9682692289352417,0.19628514349460602
YGR061C,YGR076C,0,1.9843848,0.3398582637310028,0.9682692289352417,0.19638554751873016
YNL055C,YNL065W,0,1.9837238,0.33974358439445496,0.9682692289352417,0.19648593664169312
YBL055C,YFR018C,0,1.9827923,0.33962899446487427,0.9682692289352417,0.19658634066581726
YLR016C,YDR332W,0,1.9815192,0.33951449394226074,0.9682692289352417,0.1966867446899414
YLR145W,YFL009W,1,1.9799207,0.3397371172904968,0.9692307710647583,0.1966867446899414
YLR414C,YIR025W,0,1.9797324,0.3396226465702057,0.9692307710647583,0.19678714871406555
YDL124W,YCL068C,0,1.9791324,0.3395082652568817,0.9692307710647583,0.1968875527381897
YCL067C,YLR130C,0,1.9786832,0.3393939435482025,0.9692307710647583,0.19698795676231384
YER014W,YJL095W,0,1.9765894,0.3392797112464905,0.9692307710647583,0.197088360786438
YML063W,YOR240W,0,1.9764912,0.3391655385494232,0.9692307710647583,0.19718874990940094
YHR164C,YMR270C,0,1.9762088,0.3390514552593231,0.9692307710647583,0.19728915393352509
YBR281C,YNL302C,0,1.9755998,0.3389374613761902,0.9692307710647583,0.19738955795764923
YDL031W,YPL225W,0,1.9716309,0.338823527097702,0.9692307710647583,0.19748996198177338
YDR298C,YGR272C,0,1.9714782,0.33870968222618103,0.9692307710647583,0.19759036600589752
YLR266C,YJR032W,0,1.9704667,0.3385958969593048,0.9692307710647583,0.19769077003002167
YER031C,YHR041C,0,1.97043,0.33848220109939575,0.9692307710647583,0.19779115915298462
YOR151C,YDL138W,0,1.9686775,0.33836859464645386,0.9692307710647583,0.19789156317710876
YGR134W,YGL220W,0,1.9684956,0.33825504779815674,0.9692307710647583,0.1979919672012329
YDR032C,YKL013C,0,1.9651319,0.3381415605545044,0.9692307710647583,0.19809237122535706
YER174C,YOR046C,0,1.9642174,0.3380281627178192,0.9692307710647583,0.1981927752494812
YDR224C,YPL144W,0,1.9631933,0.3379148542881012,0.9692307710647583,0.19829317927360535
YGR063C,YKR090W,0,1.9628792,0.33780160546302795,0.9692307710647583,0.1983935683965683
YGL085W,YDR065W,0,1.9615345,0.3376884460449219,0.9692307710647583,0.19849397242069244
YGR089W,YBR172C,0,1.955534,0.33757534623146057,0.9692307710647583,0.1985943764448166
YLR020C,YKL097W-A,0,1.9554393,0.33746233582496643,0.9692307710647583,0.19869478046894073
YHR202W,YIR017C,0,1.955416,0.33734938502311707,0.9692307710647583,0.19879518449306488
YLR107W,YDR384C,0,1.9542091,0.33723652362823486,0.9692307710647583,0.19889558851718903
YER031C,YLL009C,0,1.9527323,0.3371237516403198,0.9692307710647583,0.19899597764015198
YGR143W,YER131W,0,1.9526184,0.33701103925704956,0.9692307710647583,0.19909638166427612
YIL079C,YER046W,0,1.9517846,0.3368983864784241,0.9692307710647583,0.19919678568840027
YPR171W,YMR183C,0,1.9511033,0.33678582310676575,0.9692307710647583,0.19929718971252441
YFL004W,YML063W,0,1.9509404,0.3366733491420746,0.9692307710647583,0.19939759373664856
YLR016C,YOR241W,0,1.9493377,0.3365609347820282,0.9692307710647583,0.1994979977607727
YMR089C,YER050C,0,1.9484917,0.336448609828949,0.9692307710647583,0.19959838688373566
YDL227C,YKL054C,0,1.9463465,0.3363363444805145,0.9692307710647583,0.1996987909078598
YDR523C,YER071C,0,1.945395,0.33622413873672485,0.9692307710647583,0.19979919493198395
YGL061C,YCL012W,0,1.944969,0.33611205220222473,0.9692307710647583,0.1998995989561081
YBR075W,YIL078W,0,1.9427164,0.335999995470047,0.9692307710647583,0.20000000298023224
YPL126W,YIL026C,0,1.9425597,0.3358880281448364,0.9692307710647583,0.20010040700435638
YLR188W,YGL136C,0,1.9421657,0.335776150226593,0.9692307710647583,0.20020079612731934
YDL109C,YAL054C,0,1.9417105,0.3356643319129944,0.9692307710647583,0.20030120015144348
YPL126W,YEL061C,0,1.9406617,0.3355526030063629,0.9692307710647583,0.20040160417556763
YJR107W,YIL047C,0,1.9384558,0.3354409337043762,0.9692307710647583,0.20050200819969177
YDL069C,YDR167W,0,1.93697,0.3353293538093567,0.9692307710647583,0.20060241222381592
YGL173C,YLR063W,1,1.9363945,0.33555036783218384,0.9701923131942749,0.20060241222381592
YPL101W,YGR005C,0,1.9362164,0.3354388177394867,0.9701923131942749,0.20070281624794006
YLR145W,YHL044W,0,1.9346443,0.3353273570537567,0.9701923131942749,0.2008032202720642
YOR258W,YGL256W,0,1.9335215,0.3352159559726715,0.9701923131942749,0.20090360939502716
YCL057C-A,YHL025W,0,1.9323823,0.3351046144962311,0.9701923131942749,0.2010040134191513
YOR176W,YKR105C,0,1.9310048,0.3349933624267578,0.9701923131942749,0.20110441744327545
YGL185C,YHR133C,0,1.9300089,0.3348821699619293,0.9701923131942749,0.2012048214673996
YDL123W,YGR009C,0,1.9291648,0.334771066904068,0.9701923131942749,0.20130522549152374
YKL141W,YDL067C,0,1.9280953,0.33466002345085144,0.9701923131942749,0.2014056295156479
YCL048W-A,YML041C,0,1.9280103,0.33454906940460205,0.9701923131942749,0.20150601863861084
YLR270W,YOR378W,0,1.9270763,0.33443817496299744,0.9701923131942749,0.20160642266273499
YCL026C-B,YER089C,0,1.927031,0.33432736992836,0.9701923131942749,0.20170682668685913
YER031C,YER087C-B,0,1.9269497,0.3342166244983673,0.9701923131942749,0.20180723071098328
YKL003C,YDL171C,0,1.9260309,0.3341059684753418,0.9701923131942749,0.20190763473510742
YBR042C,YOL056W,0,1.9257458,0.33399537205696106,0.9701923131942749,0.20200803875923157
YKL058W,YPR189W,0,1.9254004,0.3338848352432251,0.9701923131942749,0.20210842788219452
YPR081C,YBR191W,0,1.9223719,0.3337743878364563,0.9701923131942749,0.20220883190631866
YGL169W,YML031W,0,1.9212492,0.33366402983665466,0.9701923131942749,0.2023092359304428
YPR168W,YML106W,0,1.9212135,0.3335537314414978,0.9701923131942749,0.20240963995456696
YLR015W,YPL189C-A,0,1.9203252,0.3334434926509857,0.9701923131942749,0.2025100439786911
YKL114C,YDR188W,0,1.9201821,0.3333333432674408,0.9701923131942749,0.20261044800281525
YGL090W,YKL149C,0,1.9200727,0.33322325348854065,0.9701923131942749,0.2027108371257782
YDR018C,YDR115W,0,1.9196794,0.33311325311660767,0.9701923131942749,0.20281124114990234
YJR021C,YDR444W,0,1.9187834,0.33300331234931946,0.9701923131942749,0.2029116451740265
YDR234W,YPR030W,0,1.9166924,0.332893431186676,0.9701923131942749,0.20301204919815063
YJL166W,YBR248C,0,1.9159604,0.33278363943099976,0.9701923131942749,0.20311245322227478
YJL011C,YER045C,0,1.9150262,0.33267390727996826,0.9701923131942749,0.20321285724639893
YNL244C,YCL069W,0,1.9143786,0.33256426453590393,0.9701923131942749,0.20331324636936188
YBR026C,YML042W,0,1.9139265,0.3324546813964844,0.9701923131942749,0.20341365039348602
YPR108W,YJR131W,0,1.9135699,0.332345187664032,0.9701923131942749,0.20351405441761017
YIL159W,YLR203C,0,1.9129348,0.33223575353622437,0.9701923131942749,0.20361445844173431
YFR025C,YJL206C,0,1.9128652,0.3321264088153839,0.9701923131942749,0.20371486246585846
YPL001W,YML056C,0,1.9125009,0.33201712369918823,0.9701923131942749,0.2038152664899826
YKL015W,YPR174C,0,1.9117956,0.33190789818763733,0.9701923131942749,0.20391565561294556
YBR274W,YML081W,0,1.9116642,0.3317987620830536,0.9701923131942749,0.2040160596370697
YBL014C,YFR016C,0,1.9110093,0.3316896855831146,0.9701923131942749,0.20411646366119385
YGR078C,YJL110C,0,1.9108987,0.33158066868782043,0.9701923131942749,0.204216867685318
YFR034C,YPL234C,0,1.9098252,0.3314717411994934,0.9701923131942749,0.20431727170944214
YCR086W,YDR337W,0,1.9088149,0.33136290311813354,0.9701923131942749,0.20441767573356628
YPR178W,YKR075C,0,1.9078748,0.33125409483909607,0.9701923131942749,0.20451806485652924
YGL003C,YOR337W,0,1.9077154,0.33114537596702576,0.9701923131942749,0.20461846888065338
YML060W,YNL044W,0,1.9068333,0.3310367465019226,0.9701923131942749,0.20471887290477753
YDR117C,YDL189W,0,1.9066937,0.33092817664146423,0.9701923131942749,0.20481927692890167
YFL001W,YKL114C,0,1.9064183,0.33081966638565063,0.9701923131942749,0.20491968095302582
YAL068C,YJL004C,0,1.9060016,0.3307112455368042,0.9701923131942749,0.20502008497714996
YPR098C,YDR397C,0,1.9055738,0.33060288429260254,0.9701923131942749,0.2051204890012741
YDR213W,YER098W,0,1.9051322,0.33049458265304565,0.9701923131942749,0.20522087812423706
YHR172W,YGR208W,0,1.9025631,0.33038637042045593,0.9701923131942749,0.2053212821483612
YER082C,YDL076C,0,1.8999711,0.330278217792511,0.9701923131942749,0.20542168617248535
YDR004W,YBL014C,0,1.8996263,0.3301701545715332,0.9701923131942749,0.2055220901966095
YER101C,YJR054W,0,1.8991339,0.3300621509552002,0.9701923131942749,0.20562249422073364
YDL067C,YDR476C,0,1.8982363,0.32995420694351196,0.9701923131942749,0.2057228982448578
YIL021W,YHR009C,0,1.8982233,0.3298463523387909,0.9701923131942749,0.20582328736782074
YPR046W,YBR218C,0,1.8966639,0.3297385573387146,0.9701923131942749,0.20592369139194489
YJL114W,YBR181C,0,1.8962696,0.32963085174560547,0.9701923131942749,0.20602409541606903
YOL067C,YNL207W,0,1.8955313,0.3295231759548187,0.9701923131942749,0.20612449944019318
YJL198W,YOL096C,0,1.8940177,0.32941561937332153,0.9701923131942749,0.20622490346431732
YDL043C,YDR031W,0,1.8936412,0.32930809259414673,0.9701923131942749,0.20632530748844147
YER162C,YHR106W,0,1.893501,0.3292006552219391,0.9701923131942749,0.20642569661140442
YDL129W,YJL200C,0,1.8924886,0.3290932774543762,0.9701923131942749,0.20652610063552856
YCL057C-A,YPL040C,0,1.892281,0.3289859890937805,0.9701923131942749,0.2066265046596527
YLR389C,YMR269W,0,1.8912573,0.3288787603378296,0.9701923131942749,0.20672690868377686
YMR287C,YNL227C,0,1.8907249,0.32877159118652344,0.9701923131942749,0.206827312707901
YOR335C,YDR440W,0,1.8878808,0.32866448163986206,0.9701923131942749,0.20692771673202515
YIL004C,YAR015W,0,1.8875198,0.32855746150016785,0.9701923131942749,0.2070281058549881
YER060W,YJR054W,0,1.8874806,0.3284505307674408,0.9701923131942749,0.20712850987911224
YAL038W,YKL016C,0,1.8872926,0.32834362983703613,0.9701923131942749,0.2072289139032364
YMR051C,YHR010W,0,1.887195,0.32823681831359863,0.9701923131942749,0.20732931792736053
YLR093C,YPL235W,0,1.8863579,0.3281300961971283,0.9701923131942749,0.20742972195148468
YKL199C,YOL125W,0,1.8862137,0.32802340388298035,0.9701923131942749,0.20753012597560883
YBR251W,YER106W,0,1.8859438,0.32791680097579956,0.9701923131942749,0.20763051509857178
YIL112W,YOR150W,0,1.8848133,0.32781025767326355,0.9701923131942749,0.20773091912269592
YGR035C,YBR169C,0,1.884812,0.3277038037776947,0.9701923131942749,0.20783132314682007
YGR012W,YDR383C,0,1.8841367,0.32759740948677063,0.9701923131942749,0.2079317271709442
YHR024C,YGR076C,0,1.8823724,0.32749107480049133,0.9701923131942749,0.20803213119506836
YLR109W,YJL114W,0,1.8807547,0.3273848295211792,0.9701923131942749,0.2081325352191925
YDR226W,YDR056C,0,1.8805007,0.32727861404418945,0.9701923131942749,0.20823292434215546
YNL153C,YDR381W,0,1.8793443,0.32717251777648926,0.9701923131942749,0.2083333283662796
YOR089C,YNL311C,0,1.8789582,0.32706645131111145,0.9701923131942749,0.20843373239040375
YKL004W,YPL040C,0,1.8781703,0.3269604742527008,0.9701923131942749,0.2085341364145279
YBR082C,YLR078C,0,1.8772013,0.32685455679893494,0.9701923131942749,0.20863454043865204
YGL122C,YDR464W,0,1.8771167,0.32674869894981384,0.9701923131942749,0.20873494446277618
YOR001W,YLR371W,0,1.8770063,0.3266429305076599,0.9701923131942749,0.20883534848690033
YLL006W,YDR105C,0,1.8769262,0.32653722167015076,0.9701923131942749,0.20893573760986328
YOR297C,YGL112C,0,1.8764112,0.3264315724372864,0.9701923131942749,0.20903614163398743
YMR287C,YBL028C,0,1.8762901,0.32632601261138916,0.9701923131942749,0.20913654565811157
YOL104C,YPR028W,0,1.8756359,0.3262205123901367,0.9701923131942749,0.20923694968223572
YLR278C,YBR257W,0,1.8755276,0.32611507177352905,0.9701923131942749,0.20933735370635986
YKL045W,YBL038W,0,1.8744638,0.32600969076156616,0.9701923131942749,0.209437757730484
YJL225C,YJL008C,0,1.8742819,0.32590439915657043,0.9701923131942749,0.20953814685344696
YIL172C,YGR283C,0,1.8738353,0.3257991671562195,0.9701923131942749,0.2096385508775711
YNR040W,YBR038W,0,1.8732206,0.3256939947605133,0.9701923131942749,0.20973895490169525
YGR061C,YGL172W,0,1.8723247,0.3255889117717743,0.9701923131942749,0.2098393589258194
YDR195W,YLR430W,0,1.872078,0.32548385858535767,0.9701923131942749,0.20993976294994354
YHL026C,YGL083W,0,1.8712254,0.3253789246082306,0.9701923131942749,0.2100401669740677
YJL130C,YDR424C,0,1.8712192,0.3252740204334259,0.9701923131942749,0.21014055609703064
YDR443C,YPL203W,0,1.8706375,0.3251692056655884,0.9701923131942749,0.21024096012115479
YAR009C,YKL212W,0,1.8691549,0.32506442070007324,0.9701923131942749,0.21034136414527893
YMR256C,YDL198C,0,1.8691167,0.32495975494384766,0.9701923131942749,0.21044176816940308
YDR415C,YML006C,0,1.8677706,0.32485511898994446,0.9701923131942749,0.21054217219352722
YDR194C,YLR063W,1,1.8673109,0.32507240772247314,0.9711538553237915,0.21054217219352722
YBL051C,YNL284C-A,0,1.8660331,0.3249678313732147,0.9711538553237915,0.21064257621765137
YNR040W,YPL122C,0,1.8642817,0.3248633146286011,0.9711538553237915,0.21074296534061432
YGL112C,YDR395W,0,1.8618602,0.3247588276863098,0.9711538553237915,0.21084336936473846
YGR216C,YDL083C,0,1.8616961,0.3246544599533081,0.9711538553237915,0.2109437733888626
YOR356W,YMR050C,0,1.861449,0.3245501220226288,0.9711538553237915,0.21104417741298676
YML116W,YML106W,0,1.8612692,0.3244458734989166,0.9711538553237915,0.2111445814371109
YGR283C,YIL140W,0,1.8612322,0.32434168457984924,0.9711538553237915,0.21124498546123505
YGR122W,YLL011W,0,1.8608257,0.32423755526542664,0.9711538553237915,0.211345374584198
YDR400W,YPR135W,0,1.8603041,0.3241335153579712,0.9711538553237915,0.21144577860832214
YEL037C,YDR170W-A,0,1.8589864,0.32402950525283813,0.9711538553237915,0.2115461826324463
YPL105C,YPR010C,0,1.8577172,0.32392558455467224,0.9711538553237915,0.21164658665657043
YOR143C,YLR191W,0,1.8567643,0.3238217234611511,0.9711538553237915,0.21174699068069458
YER048W-A,YIL113W,0,1.8564953,0.32371795177459717,0.9711538553237915,0.21184739470481873
YJL011C,YGL112C,0,1.8554645,0.323614239692688,0.9711538553237915,0.21194778382778168
YOR194C,YFL017W-A,0,1.8551047,0.3235105574131012,0.9711538553237915,0.21204818785190582
YLR158C,YGL094C,0,1.8547812,0.32340699434280396,0.9711538553237915,0.21214859187602997
YGR279C,YJR107W,0,1.8529571,0.3233034610748291,0.9711538553237915,0.2122489959001541
YMR256C,YML077W,0,1.8509688,0.323199987411499,0.9711538553237915,0.21234939992427826
YEL070W,YML056C,0,1.8508667,0.3230966031551361,0.9711538553237915,0.2124498039484024
YJR026W,YML125C,0,1.8493515,0.32299327850341797,0.9711538553237915,0.21255020797252655
YER127W,YCL075W,0,1.8462191,0.3228900134563446,0.9711538553237915,0.2126505970954895
YBR042C,YBR188C,0,1.8451368,0.3227868378162384,0.9711538553237915,0.21275100111961365
YGL122C,YNL216W,0,1.8446937,0.3226836919784546,0.9711538553237915,0.2128514051437378
YOR242C,YKR062W,0,1.8430263,0.32258063554763794,0.9711538553237915,0.21295180916786194
YLR214W,YHR079C,0,1.8422722,0.32247763872146606,0.9711538553237915,0.21305221319198608
YDR439W,YOR270C,0,1.8409582,0.32237473130226135,0.9711538553237915,0.21315261721611023
YER061C,YDR239C,0,1.8406838,0.32227185368537903,0.9711538553237915,0.21325300633907318
YOL067C,YGL253W,0,1.8404944,0.32216906547546387,0.9711538553237915,0.21335341036319733
YOR396W,YML120C,0,1.8393703,0.3220663368701935,0.9711538553237915,0.21345381438732147
YER165W,YJR054W,0,1.8384405,0.32196366786956787,0.9711538553237915,0.21355421841144562
YKR064W,YPL145C,0,1.838332,0.32186105847358704,0.9711538553237915,0.21365462243556976
YBR115C,YOL149W,0,1.8375988,0.321758508682251,0.9711538553237915,0.2137550264596939
YOR247W,YLR430W,0,1.8360281,0.3216560482978821,0.9711538553237915,0.21385541558265686
YLL016W,YJR084W,0,1.8350765,0.32155364751815796,0.9711538553237915,0.213955819606781
YLR009W,YER090W,0,1.8349133,0.3214513063430786,0.9711538553237915,0.21405622363090515
YDR046C,YER138C,0,1.8334026,0.32134902477264404,0.9711538553237915,0.2141566276550293
YDR021W,YAL048C,0,1.8326418,0.32124683260917664,0.9711538553237915,0.21425703167915344
YLR187W,YDR139C,0,1.832336,0.3211446702480316,0.9711538553237915,0.2143574357032776
YPR122W,YDL109C,0,1.8305733,0.32104259729385376,0.9711538553237915,0.21445782482624054
YER174C,YBR058C-A,0,1.8305218,0.3209405839443207,0.9711538553237915,0.21455822885036469
YGL163C,YOR002W,0,1.828976,0.3208386301994324,0.9711538553237915,0.21465863287448883
YEL043W,YIL078W,0,1.8286731,0.32073673605918884,0.9711538553237915,0.21475903689861298
YOR046C,YBR281C,0,1.8268487,0.3206349313259125,0.9711538553237915,0.21485944092273712
YPL186C,YLR185W,0,1.8267152,0.3205331563949585,0.9711538553237915,0.21495984494686127
YIL130W,YDL108W,0,1.8266304,0.3204314708709717,0.9711538553237915,0.21506023406982422
YDR378C,YGL206C,0,1.8254802,0.32032984495162964,0.9711538553237915,0.21516063809394836
YBR034C,YPR096C,0,1.8245108,0.3202282786369324,0.9711538553237915,0.2152610421180725
YLR413W,YML133C,0,1.8215828,0.3201267719268799,0.9711538553237915,0.21536144614219666
YJR048W,YLR352W,0,1.8215191,0.32002535462379456,0.9711538553237915,0.2154618501663208
YMR091C,YMR246W,0,1.8206326,0.3199239671230316,0.9711538553237915,0.21556225419044495
YAL008W,YDR424C,0,1.8176143,0.31982266902923584,0.9711538553237915,0.2156626433134079
YDR325W,YNL294C,0,1.8169644,0.31972143054008484,0.9711538553237915,0.21576304733753204
YGL085W,YGL107C,0,1.8164545,0.3196202516555786,0.9711538553237915,0.2158634513616562
YDR217C,YHR058C,0,1.8163358,0.31951913237571716,0.9711538553237915,0.21596385538578033
YDR298C,YDR359C,0,1.8163292,0.3194181025028229,0.9711538553237915,0.21606425940990448
YHR033W,YMR034C,0,1.812558,0.319317102432251,0.9711538553237915,0.21616466343402863
YFR006W,YNL173C,0,1.8101506,0.31921619176864624,0.9711538553237915,0.21626506745815277
YNL216W,YDR497C,0,1.8096596,0.3191153109073639,0.9711538553237915,0.21636545658111572
YKR103W,YHL008C,0,1.8080435,0.3190145194530487,0.9711538553237915,0.21646586060523987
YBL072C,YDR126W,0,1.8077564,0.3189137876033783,0.9711538553237915,0.216566264629364
YOR349W,YOL120C,0,1.8076862,0.31881314516067505,0.9711538553237915,0.21666666865348816
YNR017W,YCL025C,0,1.8072116,0.3187125325202942,0.9711538553237915,0.2167670726776123
YNL015W,YAL054C,0,1.807141,0.3186119794845581,0.9711538553237915,0.21686747670173645
YNL062C,YPL087W,0,1.8065059,0.3185115158557892,0.9711538553237915,0.2169678658246994
YOL065C,YEL065W,0,1.804494,0.31841111183166504,0.9711538553237915,0.21706826984882355
YHR147C,YJL158C,0,1.8041289,0.3183107376098633,0.9711538553237915,0.2171686738729477
YCR014C,YKL077W,0,1.8029432,0.3182104527950287,0.9711538553237915,0.21726907789707184
YGR030C,YDL107W,0,1.802752,0.31811022758483887,0.9711538553237915,0.21736948192119598
YDR381C-A,YPL075W,0,1.8023046,0.3180100619792938,0.9711538553237915,0.21746988594532013
YOR157C,YEL022W,0,1.8022685,0.31790998578071594,0.9711538553237915,0.21757027506828308
YOR182C,YOR338W,0,1.8016634,0.31780993938446045,0.9711538553237915,0.21767067909240723
YKL054C,YLR008C,0,1.8013844,0.3177099823951721,0.9711538553237915,0.21777108311653137
YMR247C,YPL189W,0,1.800818,0.3176100552082062,0.9711538553237915,0.21787148714065552
YFR033C,YOL069W,0,1.8003848,0.3175102174282074,0.9711538553237915,0.21797189116477966
YBL091C-A,YLL050C,0,1.7997468,0.3174104392528534,0.9711538553237915,0.2180722951889038
YOR279C,YBR002C,0,1.7979438,0.31731072068214417,0.9711538553237915,0.21817268431186676
YER173W,YBL079W,0,1.7972254,0.3172110617160797,0.9711538553237915,0.2182730883359909
YJL108C,YDL164C,0,1.797199,0.31711146235466003,0.9711538553237915,0.21837349236011505
YHR020W,YDR127W,0,1.7953508,0.31701192259788513,0.9711538553237915,0.2184738963842392
YKR006C,YGR116W,0,1.794479,0.316912442445755,0.9711538553237915,0.21857430040836334
YLR409C,YBL064C,0,1.7924864,0.31681305170059204,0.9711538553237915,0.2186747044324875
YGR282C,YLR356W,0,1.7924049,0.31671369075775146,0.9711538553237915,0.21877509355545044
YGR285C,YAL026C,0,1.7922733,0.31661441922187805,0.9711538553237915,0.21887549757957458
YMR055C,YKR089C,0,1.7914608,0.3165152072906494,0.9711538553237915,0.21897590160369873
YPR163C,YKL196C,0,1.7910459,0.31641605496406555,0.9711538553237915,0.21907630562782288
YDR465C,YJL110C,0,1.7898352,0.3163169324398041,0.9711538553237915,0.21917670965194702
YKL099C,YDL117W,0,1.7886244,0.31621789932250977,0.9711538553237915,0.21927711367607117
YPR191W,YPR113W,0,1.7883009,0.31611892580986023,0.9711538553237915,0.21937750279903412
YOL165C,YIL107C,0,1.7878785,0.31602001190185547,0.9711538553237915,0.21947790682315826
YDL098C,YGL126W,0,1.7874161,0.31592118740081787,0.9711538553237915,0.2195783108472824
YNL133C,YJL110C,0,1.787349,0.31582239270210266,0.9711538553237915,0.21967871487140656
YCR047C,YHR205W,0,1.7872739,0.3157236576080322,0.9711538553237915,0.2197791188955307
YDR478W,YDR494W,0,1.7868803,0.31562501192092896,0.9711538553237915,0.21987952291965485
YKR095W,YGL058W,0,1.784091,0.31552639603614807,0.9711538553237915,0.219979926943779
YDR071C,YDR121W,0,1.7837498,0.31542786955833435,0.9711538553237915,0.22008031606674194
YLR007W,YBR060C,0,1.7828112,0.315329372882843,0.9711538553237915,0.2201807200908661
YLR224W,YML023C,0,1.7811481,0.31523096561431885,0.9711538553237915,0.22028112411499023
YCL050C,YKL059C,0,1.7794034,0.31513261795043945,0.9711538553237915,0.22038152813911438
YIL020C,YPR011C,0,1.7780844,0.31503430008888245,0.9711538553237915,0.22048193216323853
YOL109W,YKL096W-A,0,1.7773484,0.3149360716342926,0.9711538553237915,0.22058233618736267
YGR080W,YBR141C,0,1.7770698,0.31483790278434753,0.9711538553237915,0.22068272531032562
YBL100W-B,YJR027W,0,1.7769822,0.31473979353904724,0.9711538553237915,0.22078312933444977
YKL199C,YOR291W,0,1.7764013,0.3146417438983917,0.9711538553237915,0.2208835333585739
YMR208W,YMR269W,0,1.7763357,0.314543753862381,0.9711538553237915,0.22098393738269806
YPL177C,YLR001C,0,1.7740868,0.314445823431015,0.9711538553237915,0.2210843414068222
YPL011C,YDL171C,0,1.7737379,0.3143479526042938,0.9711538553237915,0.22118474543094635
YMR270C,YJR151C,0,1.7727259,0.3142501413822174,0.9711538553237915,0.2212851345539093
YPR019W,YGR274C,0,1.7723098,0.31415241956710815,0.9711538553237915,0.22138553857803345
YLR192C,YMR265C,1,1.7698867,0.3143656849861145,0.9721153974533081,0.22138553857803345
YCL017C,YMR125W,0,1.7684231,0.31426796317100525,0.9721153974533081,0.2214859426021576
YGR062C,YFL011W,0,1.7682223,0.31417030096054077,0.9721153974533081,0.22158634662628174
YDL061C,YHR061C,0,1.7669474,0.31407269835472107,0.9721153974533081,0.22168675065040588
YCR072C,YGL059W,0,1.7667015,0.31397515535354614,0.9721153974533081,0.22178715467453003
YHL016C,YPR156C,0,1.7664421,0.313877671957016,0.9721153974533081,0.22188754379749298
YGR062C,YFR034C,0,1.7654676,0.3137802481651306,0.9721153974533081,0.22198794782161713
YNL041C,YGR105W,0,1.7644926,0.3136829137802124,0.9721153974533081,0.22208835184574127
YOR396W,YPL010W,0,1.7640518,0.3135856091976166,0.9721153974533081,0.22218875586986542
YNL224C,YNL022C,1,1.7639557,0.3137984573841095,0.9730769395828247,0.22218875586986542
YDR170C,YLR287C-A,0,1.763664,0.31370118260383606,0.9730769395828247,0.22228915989398956
YDR134C,YPL189C-A,0,1.7632039,0.3136039674282074,0.9730769395828247,0.2223895639181137
YFR033C,YPR137C-A,0,1.7630659,0.3135068118572235,0.9730769395828247,0.22248995304107666
YOR189W,YDL012C,0,1.759724,0.3134097158908844,0.9730769395828247,0.2225903570652008
YLR316C,YIL138C,0,1.7576749,0.31331267952919006,0.9730769395828247,0.22269076108932495
YHR020W,YGR218W,0,1.7569624,0.3132157325744629,0.9730769395828247,0.2227911651134491
YLL067C,YMR035W,0,1.7556999,0.3131188154220581,0.9730769395828247,0.22289156913757324
YDL055C,YMR080C,0,1.7547622,0.3130219578742981,0.9730769395828247,0.2229919731616974
YER162C,YLR052W,0,1.7544099,0.31292515993118286,0.9730769395828247,0.22309236228466034
YHR024C,YKL196C,0,1.754195,0.3128284513950348,0.9730769395828247,0.22319276630878448
YGR158C,YDR126W,0,1.7541115,0.3127317726612091,0.9730769395828247,0.22329317033290863
YPL157W,YDR393W,0,1.7530761,0.3126351535320282,0.9730769395828247,0.22339357435703278
YAR007C,YLR078C,0,1.7529056,0.31253859400749207,0.9730769395828247,0.22349397838115692
YLR276C,YJL181W,0,1.7526532,0.3124421238899231,0.9730769395828247,0.22359438240528107
YPR011C,YBR291C,0,1.7518001,0.3123456835746765,0.9730769395828247,0.2236947864294052
YDR270W,YDR131C,0,1.7508748,0.3122493028640747,0.9730769395828247,0.22379517555236816
YDR508C,YMR045C,0,1.7507136,0.3121529817581177,0.9730769395828247,0.2238955795764923
YDR320C-A,YMR301C,0,1.7501905,0.3120567500591278,0.9730769395828247,0.22399598360061646
YNR024W,YLR044C,0,1.7492547,0.3119605481624603,0.9730769395828247,0.2240963876247406
YGR211W,YGR138C,0,1.7492297,0.3118644058704376,0.9730769395828247,0.22419679164886475
YOL018C,YBR245C,0,1.7483599,0.3117683231830597,0.9730769395828247,0.2242971956729889
YML077W,YKL200C,0,1.74824,0.31167230010032654,0.9730769395828247,0.22439758479595184
YGR238C,YKL171W,0,1.7470459,0.31157636642456055,0.9730769395828247,0.224497988820076
YOR304W,YOR195W,0,1.7437348,0.31148046255111694,0.9730769395828247,0.22459839284420013
YPL178W,YOR337W,0,1.7437043,0.3113846182823181,0.9730769395828247,0.22469879686832428
YOR101W,YPL169C,0,1.7432439,0.31128883361816406,0.9730769395828247,0.22479920089244843
YDR420W,YLR411W,0,1.7430469,0.3111931085586548,0.9730769395828247,0.22489960491657257
YDR283C,YLR080W,0,1.7430338,0.3110974431037903,0.9730769395828247,0.22499999403953552
YLR413W,YOL030W,0,1.7424941,0.31100183725357056,0.9730769395828247,0.22510039806365967
YDR105C,YDR196C,0,1.7423236,0.3109062910079956,0.9730769395828247,0.2252008020877838
YOR226C,YGL119W,0,1.7415957,0.31081080436706543,0.9730769395828247,0.22530120611190796
YDR500C,YPL137C,0,1.7414113,0.31071537733078003,0.9730769395828247,0.2254016101360321
YKL053C-A,YLR277C,0,1.7411969,0.3106200098991394,0.9730769395828247,0.22550201416015625
YPR119W,YGR026W,0,1.7408369,0.31052470207214355,0.9730769395828247,0.2256024032831192
YHR140W,YHR139C,0,1.740773,0.3104294538497925,0.9730769395828247,0.22570280730724335
YKL063C,YKL191W,0,1.7397144,0.3103342652320862,0.9730769395828247,0.2258032113313675
YJL001W,YPL153C,0,1.7385923,0.31023910641670227,0.9730769395828247,0.22590361535549164
YCL032W,YNL280C,0,1.7385803,0.3101440370082855,0.9730769395828247,0.22600401937961578
YOR222W,YBR058C-A,0,1.7381243,0.31004902720451355,0.9730769395828247,0.22610442340373993
YMR312W,YOR048C,0,1.7377105,0.30995404720306396,0.9730769395828247,0.22620481252670288
YFL018W-A,YCR106W,0,1.7374306,0.30985915660858154,0.9730769395828247,0.22630521655082703
YGR122W,YPR096C,0,1.7364969,0.3097642958164215,0.9730769395828247,0.22640562057495117
YLL033W,YKR099W,0,1.732485,0.30966952443122864,0.9730769395828247,0.22650602459907532
YGL203C,YOR158W,0,1.728632,0.30957478284835815,0.9730769395828247,0.22660642862319946
YMR037C,YKR056W,0,1.7279676,0.30948013067245483,0.9730769395828247,0.2267068326473236
YML102W,YFL035C,0,1.7272195,0.3093855082988739,0.9730769395828247,0.22680722177028656
YLR356W,YLR435W,0,1.7254686,0.30929094552993774,0.9730769395828247,0.2269076257944107
YJL096W,YDR297W,0,1.7250291,0.30919644236564636,0.9730769395828247,0.22700802981853485
YGR085C,YIL084C,0,1.724678,0.30910202860832214,0.9730769395828247,0.227108433842659
YDR518W,YBR141C,0,1.7243896,0.3090076446533203,0.9730769395828247,0.22720883786678314
YDL074C,YLR172C,0,1.7240827,0.30891332030296326,0.9730769395828247,0.2273092418909073
YDR363W-A,YGL094C,0,1.7236519,0.308819055557251,0.9730769395828247,0.22740964591503143
YDL184C,YNL138W,0,1.7223787,0.3087248206138611,0.9730769395828247,0.22751003503799438
YPL175W,YPL157W,0,1.7191424,0.30863067507743835,0.9730769395828247,0.22761043906211853
YGL141W,YOR212W,0,1.7184845,0.3085365891456604,0.9730769395828247,0.22771084308624268
YMR118C,YGL089C,0,1.7182361,0.3084425628185272,0.9730769395828247,0.22781124711036682
YCL003W,YBR058C,0,1.715616,0.30834856629371643,0.9730769395828247,0.22791165113449097
YHL012W,YJL109C,0,1.7149229,0.3082546591758728,0.9730769395828247,0.2280120551586151
YHR148W,YLR078C,0,1.7142342,0.30816078186035156,0.9730769395828247,0.22811244428157806
YJR084W,YOR327C,0,1.7116909,0.3080669641494751,0.9730769395828247,0.2282128483057022
YDR189W,YBR185C,0,1.7111534,0.3079732060432434,0.9730769395828247,0.22831325232982635
YLL024C,YJL082W,0,1.7111086,0.3078795373439789,0.9730769395828247,0.2284136563539505
YDL211C,YOR117W,0,1.7108009,0.30778589844703674,0.9730769395828247,0.22851406037807465
YDR139C,YOR241W,0,1.7107191,0.3076923191547394,0.9730769395828247,0.2286144644021988
YHR080C,YGR054W,0,1.7094464,0.3075987696647644,0.9730769395828247,0.22871485352516174
YER015W,YOR340C,0,1.708893,0.3075053095817566,0.9730769395828247,0.2288152575492859
YNL111C,YLR147C,0,1.7085112,0.30741190910339355,0.9730769395828247,0.22891566157341003
YML087C,YDR115W,0,1.708209,0.3073185682296753,0.9730769395828247,0.22901606559753418
YPR063C,YDR439W,0,1.7063892,0.3072252571582794,0.9730769395828247,0.22911646962165833
YJR160C,YKL200C,0,1.7063353,0.3071320056915283,0.9730769395828247,0.22921687364578247
YPL138C,YMR056C,0,1.7059361,0.3070388436317444,0.9730769395828247,0.22931726276874542
YDR297W,YBL054W,0,1.7046592,0.30694571137428284,0.9730769395828247,0.22941766679286957
YNL217W,YBR282W,0,1.7042854,0.30685263872146606,0.9730769395828247,0.2295180708169937
YDR078C,YPL189W,0,1.7038631,0.30675962567329407,0.9730769395828247,0.22961847484111786
YDL033C,YPR048W,0,1.7023659,0.30666667222976685,0.9730769395828247,0.229718878865242
YDR217C,YDR402C,0,1.6991379,0.3065737783908844,0.9730769395828247,0.22981928288936615
YGR216C,YGL211W,0,1.6983931,0.30648091435432434,0.9730769395828247,0.2299196720123291
YIL020C,YDR128W,0,1.6981742,0.30638813972473145,0.9730769395828247,0.23002007603645325
YJL071W,YDR328C,0,1.6978219,0.30629539489746094,0.9730769395828247,0.2301204800605774
YPL172C,YHR033W,0,1.6966887,0.3062027096748352,0.9730769395828247,0.23022088408470154
YMR115W,YOL152W,0,1.6960499,0.30611011385917664,0.9730769395828247,0.23032128810882568
YCR037C,YLR347C,0,1.695754,0.30601754784584045,0.9730769395828247,0.23042169213294983
YJR133W,YKR090W,0,1.6950474,0.30592504143714905,0.9730769395828247,0.23052208125591278
YMR109W,YJL171C,0,1.6942034,0.30583256483078003,0.9730769395828247,0.23062248528003693
YGL018C,YKL212W,0,1.6920177,0.3057401776313782,0.9730769395828247,0.23072288930416107
YHR171W,YGR251W,0,1.691188,0.3056478500366211,0.9730769395828247,0.23082329332828522
YOL076W,YLL031C,0,1.6907051,0.3055555522441864,0.9730769395828247,0.23092369735240936
YGR216C,YGR217W,0,1.6902193,0.3054633140563965,0.9730769395828247,0.2310241013765335
YLR186W,YDL123W,0,1.6901712,0.30537116527557373,0.9730769395828247,0.23112450540065765
YOR304C-A,YOL012C,0,1.6891785,0.30527904629707336,0.9730769395828247,0.2312248945236206
YJR119C,YDL051W,0,1.6881634,0.3051869869232178,0.9730769395828247,0.23132529854774475
YML096W,YER045C,0,1.687277,0.30509495735168457,0.9730769395828247,0.2314257025718689
YMR240C,YLR078C,0,1.6862062,0.30500301718711853,0.9730769395828247,0.23152610659599304
YDR421W,YEL052W,0,1.6862043,0.3049111068248749,0.9730769395828247,0.2316265106201172
YIR018W,YKL135C,0,1.6860898,0.3048192858695984,0.9730769395828247,0.23172691464424133
YKL022C,YNL281W,0,1.686013,0.3047274947166443,0.9730769395828247,0.23182730376720428
YDR460W,YOR253W,0,1.6855226,0.30463576316833496,0.9730769395828247,0.23192770779132843
YDR172W,YDL029W,0,1.6852107,0.3045440912246704,0.9730769395828247,0.23202811181545258
YPL281C,YJL101C,0,1.6850269,0.30445247888565063,0.9730769395828247,0.23212851583957672
YNR038W,YKL164C,0,1.6825526,0.30436089634895325,0.9730769395828247,0.23222891986370087
YHR028C,YPL087W,0,1.6821015,0.304269403219223,0.9730769395828247,0.232329323887825
YER056C,YIL108W,0,1.682022,0.3041779398918152,0.9730769395828247,0.23242971301078796
YOL086C,YER138C,0,1.6814175,0.3040865361690521,0.9730769395828247,0.2325301170349121
YOR124C,YLR194C,0,1.6807495,0.30399519205093384,0.9730769395828247,0.23263052105903625
YER025W,YDR390C,0,1.68068,0.3039039075374603,0.9730769395828247,0.2327309250831604
YJR133W,YNL281W,0,1.6797923,0.3038126826286316,0.9730769395828247,0.23283132910728455
YMR182C,YIL143C,0,1.6797717,0.30372148752212524,0.9730769395828247,0.2329317331314087
YBL058W,YNR070W,0,1.6789317,0.30363035202026367,0.9730769395828247,0.23303212225437164
YGR097W,YLR196W,0,1.6781403,0.30353930592536926,0.9730769395828247,0.2331325262784958
YHR023W,YGR200C,0,1.6777787,0.30344828963279724,0.9730769395828247,0.23323293030261993
YNL166C,YNL016W,0,1.6775585,0.3033573031425476,0.9730769395828247,0.23333333432674408
YGR258C,YHL012W,0,1.6772693,0.30326640605926514,0.9730769395828247,0.23343373835086823
YHR034C,YDR478W,1,1.677268,0.30347514152526855,0.9740384817123413,0.23343373835086823
YBR066C,YNR018W,0,1.6761057,0.3033842444419861,0.9740384817123413,0.23353414237499237
YLR283W,YJR131W,0,1.6741204,0.3032934069633484,0.9740384817123413,0.23363453149795532
YOR180C,YPR194C,0,1.6737148,0.30320262908935547,0.9740384817123413,0.23373493552207947
YIR005W,YER117W,0,1.6728415,0.3031119108200073,0.9740384817123413,0.2338353395462036
YPL117C,YFL049W,0,1.6714004,0.30302125215530396,0.9740384817123413,0.23393574357032776
YOR148C,YJL106W,0,1.6689266,0.302930623292923,0.9740384817123413,0.2340361475944519
YNL158W,YMR270C,0,1.6678147,0.30284005403518677,0.9740384817123413,0.23413655161857605
YML037C,YOL054W,0,1.666552,0.30274954438209534,0.9740384817123413,0.234236940741539
YDL093W,YMR125W,0,1.6662433,0.3026590943336487,0.9740384817123413,0.23433734476566315
YOR297C,YKL077W,0,1.6642048,0.3025687038898468,0.9740384817123413,0.2344377487897873
YDR268W,YDR532C,0,1.6640844,0.3024783432483673,0.9740384817123413,0.23453815281391144
YDR330W,YDR312W,0,1.6629937,0.302388072013855,0.9740384817123413,0.23463855683803558
YJL073W,YKL009W,0,1.6626388,0.30229783058166504,0.9740384817123413,0.23473896086215973
YNR061C,YER056C-A,0,1.6608591,0.3022076487541199,0.9740384817123413,0.23483934998512268
YKL144C,YNL010W,0,1.6589384,0.3021174967288971,0.9740384817123413,0.23493975400924683
YLR364W,YNL059C,0,1.6580474,0.3020274341106415,0.9740384817123413,0.23504015803337097
YDR523C,YDR239C,0,1.6566942,0.30193740129470825,0.9740384817123413,0.23514056205749512
YCL048W-A,YPL173W,0,1.6564003,0.3018474280834198,0.9740384817123413,0.23524096608161926
YGL225W,YKL096W-A,0,1.6563139,0.3017575144767761,0.9740384817123413,0.2353413701057434
YKL006C-A,YDR532C,0,1.6563078,0.3016676604747772,0.9740384817123413,0.23544177412986755
YDL210W,YLR052W,0,1.6560154,0.3015778362751007,0.9740384817123413,0.2355421632528305
YLR313C,YGR086C,0,1.6554109,0.30148810148239136,0.9740384817123413,0.23564256727695465
YOR259C,YKR020W,0,1.6533943,0.3013983964920044,0.9740384817123413,0.2357429713010788
YER036C,YOL042W,0,1.6532292,0.3013087511062622,0.9740384817123413,0.23584337532520294
YML107C,YKL056C,0,1.6530573,0.3012191355228424,0.9740384817123413,0.2359437793493271
YJL141C,YNL160W,0,1.6527958,0.30112960934638977,0.9740384817123413,0.23604418337345123
YLR256W-A,YOR008C,0,1.6521282,0.3010401129722595,0.9740384817123413,0.23614457249641418
YPL082C,YLR209C,0,1.6518729,0.30095067620277405,0.9740384817123413,0.23624497652053833
YOL070C,YLR293C,0,1.6515208,0.30086129903793335,0.9740384817123413,0.23634538054466248
YJL087C,YMR295C,0,1.6509187,0.3007719814777374,0.9740384817123413,0.23644578456878662
YGR007W,YOR337W,0,1.6503696,0.3006826937198639,0.9740384817123413,0.23654618859291077
YHR039C-B,YNR028W,0,1.6489843,0.30059346556663513,0.9740384817123413,0.2366465926170349
YMR056C,YGL196W,0,1.6489564,0.30050429701805115,0.9740384817123413,0.23674698173999786
YDR420W,YOR246C,0,1.6482444,0.30041518807411194,0.9740384817123413,0.236847385764122
YER082C,YOL002C,0,1.6481469,0.3003261089324951,0.9740384817123413,0.23694778978824615
YDL179W,YKL195W,0,1.6479264,0.30023711919784546,0.9740384817123413,0.2370481938123703
YLL002W,YGR162W,0,1.6477237,0.3001481592655182,0.9740384817123413,0.23714859783649445
YIL170W,YCL075W,0,1.6475205,0.3000592291355133,0.9740384817123413,0.2372490018606186
YBR100W,YPR133C,0,1.646141,0.2999703884124756,0.9740384817123413,0.23734939098358154
YNL212W,YLR050C,0,1.6458335,0.29988157749176025,0.9740384817123413,0.2374497950077057
YPR086W,YOR232W,0,1.6447481,0.2997928261756897,0.9740384817123413,0.23755019903182983
YDL084W,YIL005W,0,1.6444552,0.2997041344642639,0.9740384817123413,0.23765060305595398
YPL048W,YOL127W,0,1.6440333,0.2996155023574829,0.9740384817123413,0.23775100708007812
YDL121C,YER087C-B,0,1.6434637,0.2995269000530243,0.9740384817123413,0.23785141110420227
YHR170W,YOR090C,0,1.6434453,0.29943835735321045,0.9740384817123413,0.23795180022716522
YDL015C,YNL132W,0,1.6432395,0.2993498742580414,0.9740384817123413,0.23805220425128937
YOR259C,YHR167W,0,1.6431562,0.2992614507675171,0.9740384817123413,0.2381526082754135
YIL069C,YJL056C,0,1.6419494,0.2991730570793152,0.9740384817123413,0.23825301229953766
YJL143W,YNL190W,0,1.640772,0.29908472299575806,0.9740384817123413,0.2383534163236618
YKR090W,YKL060C,0,1.6404325,0.2989964485168457,0.9740384817123413,0.23845382034778595
YDL121C,YDR239C,0,1.6404247,0.2989082336425781,0.9740384817123413,0.2385542094707489
YHR057C,YPR057W,0,1.639142,0.29882004857063293,0.9740384817123413,0.23865461349487305
YML005W,YDR472W,0,1.6384656,0.2987319231033325,0.9740384817123413,0.2387550175189972
YLR228C,YEL043W,0,1.6382282,0.2986438572406769,0.9740384817123413,0.23885542154312134
YDR318W,YJL026W,0,1.6366475,0.298555850982666,0.9740384817123413,0.23895582556724548
YER082C,YBR075W,0,1.6325048,0.29846787452697754,0.9740384817123413,0.23905622959136963
YAL059W,YPR111W,0,1.6324421,0.29837995767593384,0.9740384817123413,0.23915663361549377
YDR229W,YGL191W,0,1.6321929,0.2982921004295349,0.9740384817123413,0.23925702273845673
YLR459W,YNL153C,0,1.6320038,0.29820430278778076,0.9740384817123413,0.23935742676258087
YNR021W,YMR033W,0,1.631626,0.298116534948349,0.9740384817123413,0.23945783078670502
YBL092W,YDL038C,0,1.6315281,0.298028826713562,0.9740384817123413,0.23955823481082916
YPR158C-C,YPR016C,0,1.629375,0.2979411780834198,0.9740384817123413,0.2396586388349533
YJL157C,YJL054W,0,1.6276643,0.2978535592556,0.9740384817123413,0.23975904285907745
YOR246C,YJR016C,0,1.6273224,0.2977660298347473,0.9740384817123413,0.2398594319820404
YBR278W,YDR416W,0,1.6267085,0.29767853021621704,0.9740384817123413,0.23995983600616455
YPL068C,YHR006W,0,1.6261894,0.29759106040000916,0.9740384817123413,0.2400602400302887
YHL008C,YDL145C,0,1.6260991,0.29750367999076843,0.9740384817123413,0.24016064405441284
YOR343W-B,YMR168C,0,1.6258996,0.2974163293838501,0.9740384817123413,0.240261048078537
YLR385C,YOL124C,0,1.6253831,0.29732903838157654,0.9740384817123413,0.24036145210266113
YGL070C,YPL145C,0,1.6253552,0.29724177718162537,0.9740384817123413,0.24046184122562408
YMR074C,YMR311C,0,1.6235025,0.29715460538864136,0.9740384817123413,0.24056224524974823
YCL066W,YBR042C,0,1.6208866,0.29706746339797974,0.9740384817123413,0.24066264927387238
YJR031C,YHL017W,0,1.6189332,0.2969803512096405,0.9740384817123413,0.24076305329799652
YFL035C,YOL142W,0,1.618551,0.29689332842826843,0.9740384817123413,0.24086345732212067
YLR316C,YMR308C,0,1.6185377,0.29680633544921875,0.9740384817123413,0.2409638613462448
YJL030W,YPR166C,0,1.6182717,0.29671940207481384,0.9740384817123413,0.24106425046920776
YOL109W,YFR027W,0,1.6181562,0.2966324985027313,0.9740384817123413,0.2411646544933319
YDL045W-A,YBL069W,0,1.6179888,0.2965456545352936,0.9740384817123413,0.24126505851745605
YGR258C,YIL144W,0,1.6177616,0.2964588701725006,0.9740384817123413,0.2413654625415802
YBR030W,YCL001W,0,1.6160676,0.2963721454143524,0.9740384817123413,0.24146586656570435
YHR070W,YOL020W,0,1.6144154,0.2962854504585266,0.9740384817123413,0.2415662705898285
YDR019C,YHR119W,0,1.6144043,0.29619884490966797,0.9740384817123413,0.24166665971279144
YDL206W,YMR193W,0,1.614361,0.2961122393608093,0.9740384817123413,0.2417670637369156
YKL054C,YKR008W,0,1.6142161,0.29602572321891785,0.9740384817123413,0.24186746776103973
YJL192C,YIL139C,0,1.6127931,0.29593923687934875,0.9740384817123413,0.24196787178516388
YGR285C,YFL036W,0,1.6125838,0.29585281014442444,0.9740384817123413,0.24206827580928802
YCL005W-A,YMR112C,0,1.6096752,0.2957664132118225,0.9740384817123413,0.24216867983341217
YHL038C,YJR112W,0,1.6094235,0.29568010568618774,0.9740384817123413,0.24226906895637512
YOL069W,YMR261C,0,1.6093001,0.29559382796287537,0.9740384817123413,0.24236947298049927
YBR251W,YGL249W,0,1.6092801,0.2955075800418854,0.9740384817123413,0.2424698770046234
YGL246C,YBR156C,0,1.6076384,0.29542139172554016,0.9740384817123413,0.24257028102874756
YDR226W,YPR162C,0,1.6063508,0.2953352630138397,0.9740384817123413,0.2426706850528717
YPL253C,YBR058C-A,0,1.606074,0.29524919390678406,0.9740384817123413,0.24277108907699585
YHL026C,YJR025C,0,1.6045285,0.29516318440437317,0.9740384817123413,0.24287149310112
YMR130W,YFR018C,0,1.6043439,0.29507720470428467,0.9740384817123413,0.24297188222408295
YGR171C,YDR056C,0,1.6038599,0.29499125480651855,0.9740384817123413,0.2430722862482071
YOR372C,YPL175W,0,1.6020913,0.2949053943157196,0.9740384817123413,0.24317269027233124
YGL113W,YNL283C,0,1.5999401,0.29481956362724304,0.9740384817123413,0.24327309429645538
YBL088C,YOR332W,0,1.5996295,0.29473379254341125,0.9740384817123413,0.24337349832057953
YJL225C,YBR198C,0,1.5994544,0.29464805126190186,0.9740384817123413,0.24347390234470367
YBL034C,YBR261C,0,1.5973145,0.29456236958503723,0.9740384817123413,0.24357429146766663
YNR061C,YDR014W-A,0,1.5970881,0.2944767475128174,0.9740384817123413,0.24367469549179077
YNR072W,YOL053C-A,0,1.5957006,0.2943911552429199,0.9740384817123413,0.24377509951591492
YPL130W,YOL007C,0,1.5955708,0.29430562257766724,0.9740384817123413,0.24387550354003906
YOR079C,YNR017W,0,1.5953684,0.2942201495170593,0.9740384817123413,0.2439759075641632
YOL098C,YNL251C,0,1.594517,0.2941347360610962,0.9740384817123413,0.24407631158828735
YHR153C,YGL014W,0,1.5923548,0.29404935240745544,0.9740384817123413,0.2441767007112503
YKR031C,YML081C-A,0,1.5915904,0.2939640283584595,0.9740384817123413,0.24427710473537445
YDR196C,YOL007C,0,1.5907893,0.2938787341117859,0.9740384817123413,0.2443775087594986
YPL021W,YHR033W,0,1.5907335,0.2937934994697571,0.9740384817123413,0.24447791278362274
YLR433C,YLR105C,0,1.5895886,0.29370832443237305,0.9740384817123413,0.2445783168077469
YGR082W,YPL167C,0,1.5881648,0.2936231791973114,0.9740384817123413,0.24467872083187103
YBL101W-A,YPL206C,0,1.5856425,0.29353809356689453,0.9740384817123413,0.24477910995483398
YKL040C,YJR046W,0,1.5855279,0.29345306754112244,0.9740384817123413,0.24487951397895813
YGR271W,YPR143W,0,1.5852971,0.29336807131767273,0.9740384817123413,0.24497991800308228
YDR263C,YDL115C,0,1.5832391,0.2932831645011902,0.9740384817123413,0.24508032202720642
YER145C,YOR240W,0,1.5830567,0.29319825768470764,0.9740384817123413,0.24518072605133057
YMR242C,YDL029W,0,1.5825148,0.29311344027519226,0.9740384817123413,0.2452811300754547
YIL021W,YOL026C,0,1.5819855,0.2930286228656769,0.9740384817123413,0.24538151919841766
YDR285W,YPL220W,0,1.5818803,0.29294389486312866,0.9740384817123413,0.2454819232225418
YNL293W,YLR147C,0,1.5808048,0.29285919666290283,0.9740384817123413,0.24558232724666595
YOL038W,YML076C,0,1.5806279,0.2927745580673218,0.9740384817123413,0.2456827312707901
YCR018C,YKL038W,0,1.5803059,0.2926899790763855,0.9740384817123413,0.24578313529491425
YOR194C,YGR161W-A,0,1.5797322,0.2926054298877716,0.9740384817123413,0.2458835393190384
YNL290W,YBR002C,0,1.5785075,0.2925209403038025,0.9740384817123413,0.24598392844200134
YDR207C,YOL069W,0,1.5782725,0.29243648052215576,0.9740384817123413,0.2460843324661255
YCR014C,YIL140W,0,1.5782651,0.2923520803451538,0.9740384817123413,0.24618473649024963
YPR047W,YAL028W,0,1.5777082,0.29226773977279663,0.9740384817123413,0.24628514051437378
YBR090C-A,YDR067C,0,1.5753762,0.29218342900276184,0.9740384817123413,0.24638554453849792
YOL032W,YPL087W,0,1.5748,0.2920991778373718,0.9740384817123413,0.24648594856262207
YBR195C,YOL009C,0,1.5734582,0.2920149862766266,0.9740384817123413,0.24658635258674622
YER087C-B,YMR229C,0,1.5734153,0.29193082451820374,0.9740384817123413,0.24668674170970917
YKL164C,YOR292C,0,1.573186,0.29184672236442566,0.9740384817123413,0.2467871457338333
YDL022W,YOR001W,0,1.5726916,0.29176267981529236,0.9740384817123413,0.24688754975795746
YFL054C,YDR246W,0,1.572202,0.29167866706848145,0.9740384817123413,0.2469879537820816
YMR203W,YCR014C,0,1.5710589,0.2915947139263153,0.9740384817123413,0.24708835780620575
YIL138C,YDL160C,0,1.5709931,0.29151079058647156,0.9740384817123413,0.2471887618303299
YGL016W,YMR037C,0,1.5709368,0.2914269268512726,0.9740384817123413,0.24728915095329285
YKL117W,YMR175W,0,1.5705348,0.2913431227207184,0.9740384817123413,0.247389554977417
YDR534C,YMR284W,0,1.5703833,0.2912593483924866,0.9740384817123413,0.24748995900154114
YDL087C,YGR055W,0,1.5682622,0.29117563366889954,0.9740384817123413,0.24759036302566528
YLR352W,YER088C,0,1.5663435,0.2910919487476349,0.9740384817123413,0.24769076704978943
YLR345W,YDL136W,0,1.5662721,0.291008323431015,0.9740384817123413,0.24779117107391357
YGR229C,YDR088C,0,1.5653706,0.2909247577190399,0.9740384817123413,0.24789156019687653
YGL229C,YFR015C,0,1.5633861,0.2908412218093872,0.9740384817123413,0.24799196422100067
YDR179C,YDR023W,0,1.5628235,0.2907577455043793,0.9740384817123413,0.24809236824512482
YHR202W,YLR093C,0,1.5624585,0.2906743288040161,0.9740384817123413,0.24819277226924896
YGR161C,YOL107W,0,1.5617964,0.29059094190597534,0.9740384817123413,0.2482931762933731
YIL035C,YLR288C,0,1.5611339,0.29050758481025696,0.9740384817123413,0.24839358031749725
YMR158W,YPL225W,0,1.5595351,0.29042431712150574,0.9740384817123413,0.2484939694404602
YLR118C,YDR483W,0,1.5573354,0.2903410792350769,0.9740384817123413,0.24859437346458435
YGL106W,YGR072W,0,1.556926,0.29025787115097046,0.9740384817123413,0.2486947774887085
YGR120C,YLR357W,0,1.555964,0.2901747226715088,0.9740384817123413,0.24879518151283264
YML102W,YGL210W,0,1.5549496,0.2900916337966919,0.9740384817123413,0.2488955855369568
YER159C,YHL017W,0,1.5547211,0.2900085747241974,0.9740384817123413,0.24899598956108093
YEL032W,YPL139C,0,1.5531211,0.28992557525634766,0.9740384817123413,0.24909637868404388
YKR049C,YPL196W,0,1.5497074,0.2898426353931427,0.9740384817123413,0.24919678270816803
YPR178W,YNL010W,0,1.5495723,0.28975972533226013,0.9740384817123413,0.24929718673229218
YLR447C,YHR005C,0,1.5481477,0.28967687487602234,0.9740384817123413,0.24939759075641632
YNL055C,YDL100C,0,1.5441836,0.28959405422210693,0.9740384817123413,0.24949799478054047
YER190W,YIL083C,0,1.544019,0.2895112931728363,0.9740384817123413,0.2495983988046646
YOL005C,YMR218C,0,1.5414839,0.28942856192588806,0.9740384817123413,0.24969878792762756
YCL026C-B,YLR371W,0,1.54006,0.2893458902835846,0.9740384817123413,0.2497991919517517
YKL181W,YOR109W,0,1.5393333,0.2892632782459259,0.9740384817123413,0.24989959597587585
YNL135C,YJR117W,0,1.5381222,0.2891806960105896,0.9740384817123413,0.25
YDL054C,YPL031C,0,1.537582,0.28909817337989807,0.9740384817123413,0.25010040402412415
YCL064C,YIR032C,0,1.5369465,0.28901568055152893,0.9740384817123413,0.2502008080482483
YER125W,YIL139C,0,1.5340645,0.28893324732780457,0.9740384817123413,0.25030121207237244
YDR400W,YDR036C,0,1.5323478,0.288850873708725,0.9740384817123413,0.2504016160964966
YDR235W,YBL029C-A,0,1.5321951,0.2887685298919678,0.9740384817123413,0.2505020201206207
YJL110C,YBR158W,0,1.530921,0.28868624567985535,0.9740384817123413,0.2506024241447449
YJL121C,YNL199C,0,1.5308683,0.2886039912700653,0.9740384817123413,0.25070279836654663
YMR175W,YOL084W,0,1.5307152,0.28852179646492004,0.9740384817123413,0.2508032023906708
YBL101W-A,YOR224C,0,1.5303849,0.28843963146209717,0.9740384817123413,0.2509036064147949
YGL136C,YFL009W,1,1.529328,0.28864219784736633,0.9750000238418579,0.2509036064147949
YPL240C,YJL144W,0,1.5272889,0.28856003284454346,0.9750000238418579,0.25100401043891907
YCL074W,YGL062W,0,1.5260227,0.28847795724868774,0.9750000238418579,0.2511044144630432
YML009C,YIL173W,0,1.5259393,0.2883959114551544,0.9750000238418579,0.25120481848716736
YGL014W,YNL283C,0,1.5257983,0.2883138954639435,0.9750000238418579,0.2513052225112915
YPR163C,YKR095W-A,0,1.5254525,0.2882319390773773,0.9750000238418579,0.25140562653541565
YHR058C,YDR118W,0,1.5250207,0.28815004229545593,0.9750000238418579,0.2515060305595398
YKR077W,YIL069C,0,1.5238647,0.28806817531585693,0.9750000238418579,0.25160643458366394
YDL200C,YLR309C,0,1.523561,0.2879863679409027,0.9750000238418579,0.2517068386077881
YJL140W,YNL267W,0,1.522769,0.2879045903682709,0.9750000238418579,0.25180724263191223
YCL001W,YBR260C,0,1.5226543,0.2878228724002838,0.9750000238418579,0.251907616853714
YLR201C,YPL061W,0,1.5225601,0.28774121403694153,0.9750000238418579,0.25200802087783813
YPL259C,YLR194C,0,1.52134,0.28765958547592163,0.9750000238418579,0.2521084249019623
YKR027W,YLR224W,0,1.5199363,0.2875779867172241,0.9750000238418579,0.2522088289260864
YKL002W,YEL029C,0,1.5191482,0.2874964475631714,0.9750000238418579,0.25230923295021057
YLR107W,YPL169C,0,1.519123,0.2874149680137634,0.9750000238418579,0.2524096369743347
YPR144C,YNL086W,0,1.5189698,0.28733351826667786,0.9750000238418579,0.25251004099845886
YKL004W,YDR262W,0,1.5170689,0.28725212812423706,0.9750000238418579,0.252610445022583
YNL218W,YGL119W,0,1.5169957,0.28717076778411865,0.9750000238418579,0.25271084904670715
YAL035W,YDL012C,0,1.516797,0.287089467048645,0.9750000238418579,0.2528112530708313
YLR295C,YER171W,0,1.5163031,0.2870081961154938,0.9750000238418579,0.25291165709495544
YPR143W,YML128C,0,1.5162992,0.2869269847869873,0.9750000238418579,0.2530120611190796
YDR159W,YJL181W,0,1.5161638,0.2868458330631256,0.9750000238418579,0.25311243534088135
YEL029C,YJR131W,0,1.5146943,0.2867647111415863,0.9750000238418579,0.2532128393650055
YDR369C,YDR381C-A,0,1.5137062,0.2866836190223694,0.9750000238418579,0.25331324338912964
YKL058W,YAL058W,0,1.5136524,0.28660258650779724,0.9750000238418579,0.2534136474132538
YDR110W,YNL271C,0,1.5126679,0.2865216135978699,0.9750000238418579,0.25351405143737793
YPR011C,YLR370C,0,1.5123112,0.2864406704902649,0.9750000238418579,0.2536144554615021
YIL134W,YIL043C,0,1.5122643,0.2863597869873047,0.9750000238418579,0.2537148594856262
YJR057W,YLR055C,0,1.5120678,0.28627893328666687,0.9750000238418579,0.25381526350975037
YKR002W,YBL007C,0,1.5109304,0.28619813919067383,0.9750000238418579,0.2539156675338745
YOR396W,YGL211W,0,1.5107341,0.2861173748970032,0.9750000238418579,0.25401607155799866
YDR447C,YMR177W,0,1.5103931,0.2860366702079773,0.9750000238418579,0.2541164755821228
YJL011C,YGL226C-A,0,1.5092449,0.2859559953212738,0.9750000238418579,0.25421687960624695
YPL146C,YPL119C,0,1.5088372,0.2858753800392151,0.9750000238418579,0.2543172836303711
YML112W,YLL050C,0,1.5084507,0.28579482436180115,0.9750000238418579,0.25441765785217285
YDR510W,YEL048C,0,1.508203,0.2857142984867096,0.9750000238418579,0.254518061876297
YHR060W,YDL012C,0,1.5062561,0.28563380241394043,0.9750000238418579,0.25461846590042114
YNL151C,YDL231C,0,1.5051068,0.28555336594581604,0.9750000238418579,0.2547188699245453
YNL309W,YPR047W,0,1.504543,0.28547295928001404,0.9750000238418579,0.25481927394866943
YDR256C,YMR229C,0,1.5036616,0.2853926122188568,0.9750000238418579,0.2549196779727936
YKL189W,YDL129W,0,1.5029655,0.28531232476234436,0.9750000238418579,0.2550200819969177
YPL138C,YER151C,0,1.4987286,0.2852320671081543,0.9750000238418579,0.25512048602104187
YJL073W,YER174C,0,1.4983369,0.285151869058609,0.9750000238418579,0.255220890045166
YKL210W,YOL007C,0,1.4979217,0.2850717008113861,0.9750000238418579,0.25532129406929016
YDL039C,YOR150W,0,1.4978426,0.2849915623664856,0.9750000238418579,0.2554216980934143
YDR511W,YKL173W,0,1.4964751,0.28491148352622986,0.9750000238418579,0.25552210211753845
YKL138C,YCR014C,0,1.4954269,0.2848314642906189,0.9750000238418579,0.2556224763393402
YLR432W,YFR029W,0,1.4948199,0.2847514748573303,0.9750000238418579,0.25572288036346436
YFR038W,YJL200C,0,1.4934938,0.2846715450286865,0.9750000238418579,0.2558232843875885
YFR032C-A,YDR134C,0,1.493173,0.2845916450023651,0.9750000238418579,0.25592368841171265
YHR207C,YIL018W,0,1.4931328,0.2845117747783661,0.9750000238418579,0.2560240924358368
YHR154W,YDR341C,0,1.492429,0.28443196415901184,0.9750000238418579,0.25612449645996094
YJL174W,YER148W,0,1.4919686,0.28435221314430237,0.9750000238418579,0.2562249004840851
YJL133C-A,YDR007W,0,1.4919053,0.2842724919319153,0.9750000238418579,0.25632530450820923
YPL257W-A,YPL075W,0,1.49188,0.284192830324173,0.9750000238418579,0.2564257085323334
YLR426W,YBR233W-A,0,1.4900846,0.28411319851875305,0.9750000238418579,0.2565261125564575
YLR075W,YNL328C,0,1.4899495,0.2840336263179779,0.9750000238418579,0.25662651658058167
YHR096C,YDL235C,0,1.4892232,0.28395408391952515,0.9750000238418579,0.2567269206047058
YJL173C,YDL018C,0,1.4884292,0.2838745713233948,0.9750000238418579,0.25682729482650757
YLR413W,YIR023W,0,1.4877276,0.2837951183319092,0.9750000238418579,0.2569276988506317
YKL192C,YNL217W,0,1.4873575,0.28371572494506836,0.9750000238418579,0.25702810287475586
YAL059W,YPR128C,0,1.4845924,0.2836363613605499,0.9750000238418579,0.25712850689888
YDR034C,YOL142W,0,1.4841031,0.28355705738067627,0.9750000238418579,0.25722891092300415
YLR283W,YDR341C,0,1.4836398,0.283477783203125,0.9750000238418579,0.2573293149471283
YOL116W,YGR034W,0,1.4823172,0.2833985388278961,0.9750000238418579,0.25742971897125244
YGR083C,YHR080C,0,1.481493,0.283319354057312,0.9750000238418579,0.2575301229953766
YHR170W,YNR013C,0,1.481387,0.2832402288913727,0.9750000238418579,0.25763052701950073
YOR103C,YDR279W,0,1.4811394,0.28316113352775574,0.9750000238418579,0.2577309310436249
YPR091C,YHR143W,0,1.4810048,0.2830820679664612,0.9750000238418579,0.257831335067749
YML096W,YMR286W,0,1.4808698,0.2830030620098114,0.9750000238418579,0.25793173909187317
YBL034C,YNL147W,0,1.4804991,0.2829241156578064,0.9750000238418579,0.2580321431159973
YOL144W,YPR071W,0,1.478486,0.2828451991081238,0.9750000238418579,0.2581325173377991
YJR022W,YDR381C-A,0,1.4776354,0.28276631236076355,0.9750000238418579,0.2582329213619232
YER048W-A,YGL167C,0,1.4770055,0.2826874852180481,0.9750000238418579,0.25833332538604736
YNL156C,YGL076C,0,1.475704,0.28260868787765503,0.9750000238418579,0.2584337294101715
YOR356W,YHR206W,0,1.4745512,0.28252995014190674,0.9750000238418579,0.25853413343429565
YKL033W,YFR027W,0,1.4735737,0.28245124220848083,0.9750000238418579,0.2586345374584198
YMR226C,YGR235C,0,1.4730991,0.2823725938796997,0.9750000238418579,0.25873494148254395
YGR174C,YNL164C,0,1.4724579,0.28229397535324097,0.9750000238418579,0.2588353455066681
YJR013W,YLR337W,0,1.4720079,0.282215416431427,0.9750000238418579,0.25893574953079224
YGL259W,YJR117W,0,1.4710811,0.2821368873119354,0.9750000238418579,0.2590361535549164
YLR214W,YNL239W,0,1.4695432,0.2820584177970886,0.9750000238418579,0.2591365575790405
YKL212W,YBR141C,0,1.468379,0.2819799780845642,0.9750000238418579,0.2592369616031647
YMR078C,YGL026C,0,1.467514,0.28190159797668457,0.9750000238418579,0.25933733582496643
YNL267W,YLR143W,0,1.4673078,0.2818232476711273,0.9750000238418579,0.2594377398490906
YDR019C,YCR080W,0,1.4669622,0.28174492716789246,0.9750000238418579,0.2595381438732147
YER087W,YPL226W,0,1.466853,0.28166666626930237,0.9750000238418579,0.25963854789733887
YOL038W,YMR039C,0,1.4663613,0.28158843517303467,0.9750000238418579,0.259738951921463
YDL038C,YGR234W,0,1.4656622,0.28151026368141174,0.9750000238418579,0.25983935594558716
YLR193C,YLR409C,0,1.4653784,0.2814321517944336,0.9750000238418579,0.2599397599697113
YFR038W,YHR122W,0,1.4651675,0.28135403990745544,0.9750000238418579,0.26004016399383545
YCR026C,YGL226W,0,1.4617018,0.28127601742744446,0.9750000238418579,0.2601405680179596
YMR315W,YDR279W,0,1.460223,0.28119799494743347,0.9750000238418579,0.26024097204208374
YGL050W,YKR030W,0,1.4600495,0.28112003207206726,0.9750000238418579,0.2603413760662079
YPL220W,YIL119C,0,1.4569657,0.2810421288013458,0.9750000238418579,0.26044178009033203
YNR013C,YGR029W,0,1.4556549,0.2809642553329468,0.9750000238418579,0.2605421543121338
YNL136W,YEL043W,0,1.454482,0.2808864414691925,0.9750000238418579,0.26064255833625793
YER014C-A,YLR432W,0,1.4544654,0.28080862760543823,0.9750000238418579,0.2607429623603821
YDL139C,YJR032W,0,1.453366,0.2807309031486511,0.9750000238418579,0.2608433663845062
YPR190C,YDR419W,0,1.4505981,0.2806532084941864,0.9750000238418579,0.26094377040863037
YDR400W,YKL114C,0,1.4505033,0.28057554364204407,0.9750000238418579,0.2610441744327545
YLR413W,YER053C,0,1.4487927,0.2804979383945465,0.9750000238418579,0.26114457845687866
YJL133C-A,YLR158C,0,1.447474,0.28042036294937134,0.9750000238418579,0.2612449824810028
YJL187C,YPL087W,0,1.4473923,0.28034281730651855,0.9750000238418579,0.26134538650512695
YJL008C,YHR079C,0,1.4453628,0.28026533126831055,0.9750000238418579,0.2614457905292511
YML071C,YDR021W,0,1.4442934,0.2801879048347473,0.9750000238418579,0.26154619455337524
YCL066W,YCR077C,0,1.4434439,0.28011050820350647,0.9750000238418579,0.2616465985774994
YAL011W,YJR139C,0,1.4432261,0.280033141374588,0.9750000238418579,0.26174700260162354
YDR170C,YER005W,0,1.4428235,0.27995583415031433,0.9750000238418579,0.2618473768234253
YDR064W,YOR009W,0,1.4425517,0.27987855672836304,0.9750000238418579,0.26194778084754944
YGR262C,YLR352W,0,1.4414356,0.2798013389110565,0.9750000238418579,0.2620481848716736
YER087W,YML094W,0,1.440685,0.2797241508960724,0.9750000238418579,0.26214858889579773
YBR010W,YDL130W-A,0,1.4394386,0.27964699268341064,0.9750000238418579,0.2622489929199219
YMR295C,YEL062W,0,1.4387567,0.2795698940753937,0.9750000238418579,0.262349396944046
YJL140W,YCL016C,0,1.4383478,0.2794928252696991,0.9750000238418579,0.26244980096817017
YGR204W,YBR050C,0,1.4382627,0.2794158160686493,0.9750000238418579,0.2625502049922943
YOR396W,YBR156C,0,1.4379616,0.2793388366699219,0.9750000238418579,0.26265060901641846
YLR170C,YFL066C,0,1.4368114,0.27926191687583923,0.9750000238418579,0.2627510130405426
YBR081C,YDR170W-A,0,1.4363457,0.279185026884079,0.9750000238418579,0.26285141706466675
YER159C,YGL220W,0,1.4361645,0.2791081666946411,0.9750000238418579,0.2629518210887909
YBR182C,YOL051W,0,1.433502,0.279031366109848,0.9750000238418579,0.26305219531059265
YOL067C,YDL067C,0,1.4335012,0.2789545953273773,0.9750000238418579,0.2631525993347168
YBL038W,YER091C,0,1.4328376,0.2788778841495514,0.9750000238418579,0.26325300335884094
YKL064W,YCR080W,0,1.4322112,0.27880120277404785,0.9750000238418579,0.2633534073829651
YMR224C,YOR340C,0,1.4307655,0.2787245810031891,0.9750000238418579,0.26345381140708923
YBL051C,YMR240C,0,1.4305365,0.2786479890346527,0.9750000238418579,0.2635542154312134
YDR151C,YMR269W,0,1.4293027,0.2785714268684387,0.9750000238418579,0.2636546194553375
YDL210W,YOR274W,0,1.4291058,0.2784949243068695,0.9750000238418579,0.26375502347946167
YLR278C,YCL025C,0,1.4284229,0.2784184515476227,0.9750000238418579,0.2638554275035858
YBL034C,YPL051W,0,1.4252627,0.27834203839302063,0.9750000238418579,0.26395583152770996
YKR014C,YOL112W,0,1.4251763,0.27826565504074097,0.9750000238418579,0.2640562355518341
YKL117W,YJR059W,0,1.4250566,0.2781893014907837,0.9750000238418579,0.26415663957595825
YOR116C,YBR240C,0,1.4247895,0.2781130075454712,0.9750000238418579,0.26425701379776
YOL002C,YPR071W,0,1.4245701,0.2780367434024811,0.9750000238418579,0.26435741782188416
YNR072W,YJL133C-A,0,1.4237058,0.27796053886413574,0.9750000238418579,0.2644578218460083
YMR122W-A,YMR032W,0,1.4230615,0.2778843641281128,0.9750000238418579,0.26455822587013245
YLR367W,YER083C,0,1.4226577,0.27780821919441223,0.9750000238418579,0.2646586298942566
YLR017W,YGL253W,0,1.4224757,0.27773213386535645,0.9750000238418579,0.26475903391838074
YPL001W,YDR430C,0,1.4224722,0.27765607833862305,0.9750000238418579,0.2648594379425049
YPL208W,YHL034C,0,1.4182823,0.2775800824165344,0.9750000238418579,0.26495984196662903
YDR041W,YOR233W,0,1.4161401,0.2775041162967682,0.9750000238418579,0.2650602459907532
YEL044W,YBR260C,0,1.4158479,0.27742817997932434,0.9750000238418579,0.2651606500148773
YDR482C,YFL054C,0,1.4156004,0.27735230326652527,0.9750000238418579,0.26526105403900146
YBL054W,YBR240C,0,1.414812,0.2772764563560486,0.9750000238418579,0.2653614580631256
YGR061C,YLL018C-A,0,1.4139585,0.2772006690502167,0.9750000238418579,0.26546186208724976
YMR046C,YPL271W,0,1.4138246,0.27712491154670715,0.9750000238418579,0.2655622363090515
YBL030C,YKL168C,0,1.4132798,0.27704918384552,0.9750000238418579,0.26566264033317566
YLR197W,YCR010C,0,1.411447,0.27697351574897766,0.9750000238418579,0.2657630443572998
YOR262W,YIL084C,0,1.4112446,0.2768978774547577,0.9750000238418579,0.26586344838142395
YDR046C,YDL141W,0,1.4093702,0.2768222689628601,0.9750000238418579,0.2659638524055481
YLR134W,YDR072C,0,1.4081116,0.2767467200756073,0.9750000238418579,0.26606425642967224
YLL018C-A,YBR183W,0,1.4080242,0.2766712009906769,0.9750000238418579,0.2661646604537964
YGR214W,YDL128W,0,1.4074969,0.27659574151039124,0.9750000238418579,0.26626506447792053
YPL038W,YDR420W,0,1.4051867,0.276520311832428,0.9750000238418579,0.2663654685020447
YHR074W,YLR058C,0,1.4028721,0.2764449417591095,0.9750000238418579,0.2664658725261688
YGL155W,YMR286W,0,1.4026222,0.276369571685791,0.9750000238418579,0.26656627655029297
YHR073W,YKR056W,0,1.4024985,0.2762942910194397,0.9750000238418579,0.2666666805744171
YDL210W,YMR307W,0,1.402482,0.2762190103530884,0.9750000238418579,0.26676705479621887
YLR165C,YGL209W,0,1.4016299,0.27614378929138184,0.9750000238418579,0.266867458820343
YPL153C,YBR158W,0,1.4007078,0.2760685980319977,0.9750000238418579,0.26696786284446716
YGR007W,YAL058W,0,1.3998449,0.2759934663772583,0.9750000238418579,0.2670682668685913
YLR224W,YML052W,0,1.3995752,0.2759183645248413,0.9750000238418579,0.26716867089271545
YMR122W-A,YMR318C,0,1.3991966,0.2758433222770691,0.9750000238418579,0.2672690749168396
YJR048W,YCR021C,0,1.3987834,0.2757682800292969,0.9750000238418579,0.26736947894096375
YLR329W,YBL029C-A,0,1.3985587,0.27569329738616943,0.9750000238418579,0.2674698829650879
YJL080C,YBR296C,0,1.3981932,0.27561837434768677,0.9750000238418579,0.26757028698921204
YKR044W,YCL057C-A,0,1.3970445,0.2755434811115265,0.9750000238418579,0.2676706910133362
YPL113C,YGR295C,0,1.3970315,0.2754686176776886,0.9750000238418579,0.2677710950374603
YMR173W,YOR204W,0,1.3966086,0.2753938138484955,0.9750000238418579,0.2678714990615845
YLR278C,YDR131C,0,1.3963513,0.27531903982162476,0.9750000238418579,0.26797187328338623
YDL105W,YDR456W,0,1.3955994,0.2752442955970764,0.9750000238418579,0.2680722773075104
YPR133W-A,YKR104W,0,1.3950757,0.27516961097717285,0.9750000238418579,0.2681726813316345
YBR059C,YNL163C,0,1.3950567,0.2750949561595917,0.9750000238418579,0.26827308535575867
YAL059W,YKL095W,0,1.3943144,0.2750203311443329,0.9750000238418579,0.2683734893798828
YKL109W,YNL046W,0,1.393177,0.27494576573371887,0.9750000238418579,0.26847389340400696
YOR172W,YOR145C,0,1.3927953,0.27487123012542725,0.9750000238418579,0.2685742974281311
YOR189W,YOR067C,0,1.3898219,0.2747967541217804,0.9750000238418579,0.26867470145225525
YFL010W-A,YHR066W,0,1.3886405,0.27472230792045593,0.9750000238418579,0.2687751054763794
YMR217W,YDR236C,0,1.388331,0.27464789152145386,0.9750000238418579,0.26887550950050354
YOR269W,YDR532C,0,1.3869495,0.27457350492477417,0.9750000238418579,0.2689759135246277
YKR048C,YHR079C-B,0,1.3859646,0.27449917793273926,0.9750000238418579,0.26907631754875183
YML116W,YHR120W,0,1.3844042,0.2744249105453491,0.9750000238418579,0.269176721572876
YGR155W,YDR365W-A,0,1.3842667,0.274350643157959,0.9750000238418579,0.26927709579467773
YHR201C,YDR109C,0,1.3825998,0.2742764353752136,0.9750000238418579,0.2693774998188019
YGL259W,YOR363C,0,1.3825555,0.27420225739479065,0.9750000238418579,0.269477903842926
YAL007C,YBR233W-A,0,1.3818307,0.27412813901901245,0.9750000238418579,0.26957830786705017
YLR037C,YLR121C,0,1.3815668,0.27405405044555664,0.9750000238418579,0.2696787118911743
YMR265C,YNL209W,1,1.3814981,0.27425020933151245,0.9759615659713745,0.2696787118911743
YOR378W,YLR277C,0,1.3803464,0.27417612075805664,0.9759615659713745,0.26977911591529846
YMR287C,YPR175W,0,1.3798137,0.2741020917892456,0.9759615659713745,0.2698795199394226
YER053C,YLR206W,0,1.3795941,0.27402809262275696,0.9759615659713745,0.26997992396354675
YOR246C,YLR141W,0,1.3792964,0.2739541232585907,0.9759615659713745,0.2700803279876709
YJL056C,YLR391W,0,1.3790617,0.2738801836967468,0.9759615659713745,0.27018073201179504
YGL148W,YKR007W,0,1.3773195,0.27380630373954773,0.9759615659713745,0.2702811360359192
YNL102W,YGR009C,0,1.3768585,0.2737324833869934,0.9759615659713745,0.27038154006004333
YIL177C,YHR209W,0,1.3767993,0.2736586630344391,0.9759615659713745,0.2704819142818451
YOR089C,YDR326C,0,1.3761802,0.27358490228652954,0.9759615659713745,0.27058231830596924
YER184C,YDR140W,0,1.3759167,0.2735111713409424,0.9759615659713745,0.2706827223300934
YNR021W,YHR041C,0,1.3756413,0.2734375,0.9759615659713745,0.27078312635421753
YLL014W,YHL011C,0,1.3754914,0.27336385846138,0.9759615659713745,0.2708835303783417
YHR047C,YDL185W,0,1.3749478,0.2732902467250824,0.9759615659713745,0.2709839344024658
YGR252W,YLR035C-A,0,1.3742592,0.27321669459342957,0.9759615659713745,0.27108433842658997
YNR004W,YDR196C,0,1.3737282,0.2731431722640991,0.9759615659713745,0.2711847424507141
YKR079C,YJR138W,0,1.3734597,0.27306967973709106,0.9759615659713745,0.27128514647483826
YMR242C,YDR166C,0,1.370678,0.2729962468147278,0.9759615659713745,0.2713855504989624
YKR094C,YPL204W,0,1.3703614,0.2729228138923645,0.9759615659713745,0.27148595452308655
YPR102C,YGR099W,0,1.369693,0.2728494703769684,0.9759615659713745,0.2715863585472107
YNL247W,YDR310C,0,1.3686888,0.27277612686157227,0.9759615659713745,0.27168673276901245
YHR149C,YDR188W,0,1.3681302,0.2727028429508209,0.9759615659713745,0.2717871367931366
YMR051C,YLL040C,0,1.3675723,0.27262958884239197,0.9759615659713745,0.27188754081726074
YOR343W-A,YNL054W-B,0,1.3673036,0.2725563943386078,0.9759615659713745,0.2719879448413849
YDR270W,YER071C,0,1.3664343,0.272483229637146,0.9759615659713745,0.27208834886550903
YLR417W,YER048W-A,0,1.3658686,0.2724100947380066,0.9759615659713745,0.2721887528896332
YNR053C,YCR052W,0,1.3647251,0.2723369896411896,0.9759615659713745,0.2722891569137573
YDR320C,YOL142W,0,1.3646706,0.27226394414901733,0.9759615659713745,0.27238956093788147
YPL168W,YPL061W,0,1.3634858,0.2721909284591675,0.9759615659713745,0.2724899649620056
YPR026W,YLR154W-A,0,1.3634446,0.2721179723739624,0.9759615659713745,0.27259036898612976
YJR035W,YPR002W,0,1.3627009,0.2720450162887573,0.9759615659713745,0.2726907730102539
YLR459W,YIL142W,0,1.3619819,0.271972119808197,0.9759615659713745,0.27279117703437805
YDR041W,YCL039W,0,1.3599242,0.2718992829322815,0.9759615659713745,0.2728915810585022
YBR275C,YAR044W,0,1.3585951,0.27182644605636597,0.9759615659713745,0.27299195528030396
YAL011W,YKL042W,0,1.3574756,0.2717536687850952,0.9759615659713745,0.2730923593044281
YCL034W,YGR251W,0,1.3562953,0.27168095111846924,0.9759615659713745,0.27319276332855225
YOR292C,YJL136C,0,1.3559312,0.27160823345184326,0.9759615659713745,0.2732931673526764
YOL156W,YLR129W,0,1.3541286,0.27153557538986206,0.9759615659713745,0.27339357137680054
YNR027W,YJL025W,0,1.3537617,0.27146294713020325,0.9759615659713745,0.2734939754009247
YOR358W,YMR176W,0,1.35217,0.2713903784751892,0.9759615659713745,0.27359437942504883
YPL174C,YGR154C,0,1.3518302,0.27131783962249756,0.9759615659713745,0.273694783449173
YER087C-B,YAL008W,0,1.3509605,0.2712453305721283,0.9759615659713745,0.2737951874732971
YJR058C,YJL174W,0,1.3508929,0.2711728513240814,0.9759615659713745,0.27389559149742126
YML098W,YPL007C,0,1.3495927,0.2711004316806793,0.9759615659713745,0.2739959955215454
YLR223C,YCR052W,0,1.3491457,0.2710280418395996,0.9759615659713745,0.27409639954566956
YKL170W,YDR028C,0,1.3481234,0.2709556818008423,0.9759615659713745,0.2741967737674713
YGR088W,YDR034C-C,0,1.3472033,0.27088338136672974,0.9759615659713745,0.27429717779159546
YPR119W,YNL054W-B,0,1.3457355,0.2708111107349396,0.9759615659713745,0.2743975818157196
YPL188W,YER045C,0,1.3450202,0.2707388699054718,0.9759615659713745,0.27449798583984375
YNL310C,YKR099W,0,1.3442036,0.2706666588783264,0.9759615659713745,0.2745983898639679
YKL006C-A,YLR361C,0,1.3438785,0.2705945074558258,0.9759615659713745,0.27469879388809204
YJL026W,YBL080C,0,1.3422717,0.2705223858356476,0.9759615659713745,0.2747991979122162
YMR165C,YDL220C,0,1.3417116,0.27045029401779175,0.9759615659713745,0.27489960193634033
YNL135C,YDR308C,0,1.3409789,0.2703782618045807,0.9759615659713745,0.2750000059604645
YOR084W,YGL226C-A,0,1.3391366,0.270306259393692,0.9759615659713745,0.2751004099845886
YOL136C,YIR006C,0,1.338627,0.27023428678512573,0.9759615659713745,0.27520081400871277
YIL075C,YHR077C,0,1.3380263,0.2701623737812042,0.9759615659713745,0.2753012180328369
YOR158W,YBR041W,0,1.337312,0.2700904607772827,0.9759615659713745,0.27540159225463867
YPL058C,YKL015W,0,1.3371644,0.270018607378006,0.9759615659713745,0.2755019962787628
YNR013C,YDL135C,0,1.3361775,0.269946813583374,0.9759615659713745,0.27560240030288696
YHR058C,YHR025W,0,1.3359993,0.26987501978874207,0.9759615659713745,0.2757028043270111
YBL091C-A,YLR097C,0,1.3346559,0.2698032855987549,0.9759615659713745,0.27580320835113525
YMR109W,YNL282W,0,1.3342912,0.2697316110134125,0.9759615659713745,0.2759036123752594
YDL074C,YOR320C,0,1.3340213,0.26965993642807007,0.9759615659713745,0.27600401639938354
YPL006W,YDR481C,0,1.333729,0.26958832144737244,0.9759615659713745,0.2761044204235077
YLR391W-A,YML030W,0,1.3331974,0.2695167362689972,0.9759615659713745,0.27620482444763184
YLR001C,YMR025W,0,1.3329959,0.26944518089294434,0.9759615659713745,0.276305228471756
YGL068W,YJR135C,0,1.3323705,0.26937368512153625,0.9759615659713745,0.2764056324958801
YAR044W,YGR251W,0,1.3320893,0.2693021893501282,0.9759615659713745,0.2765060365200043
YDR263C,YOR101W,0,1.3316677,0.26923078298568726,0.9759615659713745,0.2766064405441284
YFL010W-A,YBL029C-A,0,1.3299642,0.26915937662124634,0.9759615659713745,0.2767068147659302
YDR254W,YGR138C,0,1.3298901,0.2690880298614502,0.9759615659713745,0.2768072187900543
YJL216C,YAL048C,0,1.3296677,0.26901668310165405,0.9759615659713745,0.27690762281417847
YPR137C-B,YBR156C,0,1.3288844,0.2689454257488251,0.9759615659713745,0.2770080268383026
YOR207C,YPL151C,0,1.328877,0.2688741683959961,0.9759615659713745,0.27710843086242676
YDL127W,YJL148W,0,1.3285828,0.2688029706478119,0.9759615659713745,0.2772088348865509
YFR007W,YIR023W,0,1.3276969,0.2687318027019501,0.9759615659713745,0.27730923891067505
YMR292W,YLR306W,0,1.3267612,0.26866066455841064,0.9759615659713745,0.2774096429347992
YOR158W,YPL271W,0,1.3250217,0.268589586019516,0.9759615659713745,0.27751004695892334
YOR343W-A,YEL005C,0,1.3249055,0.26851850748062134,0.9759615659713745,0.2776104509830475
YER174C,YLR074C,0,1.3248084,0.26844748854637146,0.9759615659713745,0.27771085500717163
YDL154W,YLR129W,0,1.3236322,0.26837652921676636,0.9759615659713745,0.2778112590312958
YHR215W,YNL044W,0,1.3230867,0.26830556988716125,0.9759615659713745,0.27791163325309753
YNR074C,YOR087W,0,1.3217461,0.2682346701622009,0.9759615659713745,0.2780120372772217
YLR157C,YJL029C,0,1.3213887,0.268163800239563,0.9759615659713745,0.2781124413013458
YJL208C,YFR041C,0,1.3210801,0.26809296011924744,0.9759615659713745,0.27821284532546997
YCL005W-A,YDL229W,0,1.3208767,0.26802217960357666,0.9759615659713745,0.2783132493495941
YJL216C,YNL163C,0,1.3205949,0.26795142889022827,0.9759615659713745,0.27841365337371826
YDL114W,YDR261W-A,0,1.3200831,0.26788070797920227,0.9759615659713745,0.2785140573978424
YLR099C,YJL046W,0,1.3192322,0.26781001687049866,0.9759615659713745,0.27861446142196655
YMR063W,YLR430W,0,1.31668,0.2677393853664398,0.9759615659713745,0.2787148654460907
YLR033W,YFR024C,0,1.3144903,0.26766878366470337,0.9759615659713745,0.27881526947021484
YJL181W,YNL161W,0,1.3133631,0.2675982117652893,0.9759615659713745,0.278915673494339
YNL024C,YLR033W,0,1.313301,0.26752766966819763,0.9759615659713745,0.27901607751846313
YPL106C,YLL038C,0,1.3131379,0.26745718717575073,0.9759615659713745,0.2791164517402649
YNL029C,YNL032W,0,1.3123275,0.2673867344856262,0.9759615659713745,0.27921685576438904
YLR188W,YAR042W,0,1.3122321,0.2673163115978241,0.9759615659713745,0.2793172597885132
YJR015W,YIL046W,0,1.3120028,0.26724591851234436,0.9759615659713745,0.27941766381263733
YBR030W,YMR004W,0,1.3104043,0.2671755850315094,0.9759615659713745,0.2795180678367615
YFR045W,YOR271C,0,1.3102793,0.26710525155067444,0.9759615659713745,0.2796184718608856
YDL076C,YDL166C,0,1.3101629,0.26703497767448425,0.9759615659713745,0.27971887588500977
YGL019W,YEL030W,0,1.3092005,0.26696476340293884,0.9759615659713745,0.2798192799091339
YLR321C,YIL009C-A,0,1.3083959,0.26689454913139343,0.9759615659713745,0.27991968393325806
YGL256W,YIL139C,0,1.3083932,0.2668243944644928,0.9759615659713745,0.2800200879573822
YJL134W,YOL066C,0,1.3077575,0.26675426959991455,0.9759615659713745,0.28012049198150635
YMR013C,YOR323C,0,1.3076942,0.2666841745376587,0.9759615659713745,0.2802208960056305
YDL047W,YDR520C,0,1.3069694,0.2666141390800476,0.9759615659713745,0.28032130002975464
YFR050C,YGL040C,0,1.3052683,0.2665441036224365,0.9759615659713745,0.2804216742515564
YLR224W,YIL002C,0,1.3050864,0.2664741277694702,0.9759615659713745,0.28052207827568054
YGR104C,YER123W,0,1.3050272,0.2664042115211487,0.9759615659713745,0.2806224822998047
YCR063W,YOR269W,0,1.3046165,0.26633429527282715,0.9759615659713745,0.28072288632392883
YLR007W,YOL157C,0,1.3043066,0.2662644386291504,0.9759615659713745,0.280823290348053
YNR003C,YJR036C,0,1.3041139,0.266194611787796,0.9759615659713745,0.2809236943721771
YLR414C,YOL054W,0,1.3040366,0.26612481474876404,0.9759615659713745,0.28102409839630127
YIL118W,YOL052C,0,1.3021395,0.26605504751205444,0.9759615659713745,0.2811245024204254
YPL064C,YDR309C,0,1.3010151,0.26598531007766724,0.9759615659713745,0.28122490644454956
YGL076C,YPL049C,0,1.2995524,0.2659156322479248,0.9759615659713745,0.2813253104686737
YNL038W,YPL235W,0,1.299477,0.26584598422050476,0.9759615659713745,0.28142571449279785
YPL119C,YDL185W,0,1.2992246,0.2657763957977295,0.9759615659713745,0.281526118516922
YBR301W,YDR402C,0,1.2983403,0.2657068073749542,0.9759615659713745,0.28162649273872375
YIL011W,YOL002C,0,1.2982852,0.26563727855682373,0.9759615659713745,0.2817268967628479
YMR033W,YML036W,0,1.2981752,0.2655677795410156,0.9759615659713745,0.28182730078697205
YBR261C,YCL012W,0,1.2973229,0.2654983103275299,0.9759615659713745,0.2819277048110962
YOR092W,YPR143W,0,1.2969478,0.2654288709163666,0.9759615659713745,0.28202810883522034
YLL048C,YMR013C,0,1.2960291,0.265359491109848,0.9759615659713745,0.2821285128593445
YBR188C,YOR258W,0,1.2940022,0.26529011130332947,0.9759615659713745,0.28222891688346863
YJR155W,YLR345W,0,1.2938075,0.2652207911014557,0.9759615659713745,0.2823293209075928
YJR150C,YLR276C,0,1.2938014,0.2651515007019043,0.9759615659713745,0.2824297249317169
YGL173C,YDR170W-A,0,1.2934783,0.2650822699069977,0.9759615659713745,0.28253012895584106
YBL061C,YMR034C,0,1.2924001,0.26501306891441345,0.9759615659713745,0.2826305329799652
YLR109W,YGR112W,0,1.2921317,0.2649438679218292,0.9759615659713745,0.28273093700408936
YOR356W,YKR031C,0,1.2915821,0.26487472653388977,0.9759615659713745,0.2828313112258911
YIL090W,YDR495C,0,1.2905706,0.2648056447505951,0.9759615659713745,0.28293171525001526
YMR056C,YDR056C,0,1.2905332,0.2647365629673004,0.9759615659713745,0.2830321192741394
YGR171C,YGR112W,0,1.2904557,0.2646675407886505,0.9759615659713745,0.28313252329826355
YOR156C,YDL129W,0,1.2903697,0.264598548412323,0.9759615659713745,0.2832329273223877
YLR023C,YAL022C,0,1.2889087,0.26452958583831787,0.9759615659713745,0.28333333134651184
YDR288W,YJL065C,0,1.2886707,0.26446065306663513,0.9759615659713745,0.283433735370636
YKR102W,YHR039C-A,0,1.2883471,0.26439177989959717,0.9759615659713745,0.28353413939476013
YBL101W-A,YDR090C,0,1.288299,0.2643229067325592,0.9759615659713745,0.2836345434188843
YDR170C,YHR202W,0,1.287299,0.264254093170166,0.9759615659713745,0.2837349474430084
YOR026W,YBR101C,0,1.2871547,0.2641853094100952,0.9759615659713745,0.28383535146713257
YPL115C,YKL108W,0,1.2836331,0.2641165852546692,0.9759615659713745,0.2839357554912567
YDR470C,YDR524C,0,1.2820935,0.26404786109924316,0.9759615659713745,0.28403612971305847
YJR140C,YHR031C,0,1.281336,0.2639791965484619,0.9759615659713745,0.2841365337371826
YDL055C,YKL056C,0,1.280803,0.26391056180000305,0.9759615659713745,0.28423693776130676
YEL006W,YDR040C,0,1.2807628,0.2638419568538666,0.9759615659713745,0.2843373417854309
YLL021W,YOR332W,0,1.2804098,0.2637733817100525,0.9759615659713745,0.28443774580955505
YNL181W,YPL273W,0,1.2802466,0.2637048661708832,0.9759615659713745,0.2845381498336792
YMR234W,YCL039W,0,1.2794489,0.26363635063171387,0.9759615659713745,0.28463855385780334
YOR378W,YER056C-A,0,1.2794279,0.26356789469718933,0.9759615659713745,0.2847389578819275
YEL015W,YOR332W,0,1.2774571,0.2634994685649872,0.9759615659713745,0.28483936190605164
YBR012W-A,YGR252W,0,1.2762014,0.2634311020374298,0.9759615659713745,0.2849397659301758
YNL238W,YHL017W,0,1.2759244,0.26336273550987244,0.9759615659713745,0.2850401699542999
YIR026C,YPL031C,0,1.2739866,0.26329442858695984,0.9759615659713745,0.2851405739784241
YCR037C,YLR175W,0,1.2736357,0.26322615146636963,0.9759615659713745,0.2852409780025482
YBR122C,YMR262W,0,1.2733564,0.2631579041481018,0.9759615659713745,0.28534135222435
YDR033W,YKR062W,0,1.272856,0.26308968663215637,0.9759615659713745,0.2854417562484741
YML049C,YCL026C-B,0,1.2719023,0.2630214989185333,0.9759615659713745,0.28554216027259827
YDR069C,YPR041W,0,1.2715722,0.26295337080955505,0.9759615659713745,0.2856425642967224
YPL280W,YMR250W,0,1.2713215,0.26288527250289917,0.9759615659713745,0.28574296832084656
YJR134C,YPR158W-B,0,1.2709135,0.2628172039985657,0.9759615659713745,0.2858433723449707
YDL206W,YJR053W,0,1.269783,0.26274916529655457,0.9759615659713745,0.28594377636909485
YCL036W,YNR055C,0,1.2693158,0.26268115639686584,0.9759615659713745,0.286044180393219
YFR024C-A,YNL244C,0,1.2684772,0.2626132071018219,0.9759615659713745,0.28614458441734314
YHR001W-A,YHR080C,0,1.2684084,0.26254525780677795,0.9759615659713745,0.2862449884414673
YLR276C,YNL218W,0,1.2671821,0.2624773681163788,0.9759615659713745,0.28634539246559143
YLR430W,YDR310C,0,1.2663438,0.262409508228302,0.9759615659713745,0.2864457964897156
YAL028W,YBR238C,0,1.2642324,0.2623416781425476,0.9759615659713745,0.28654617071151733
YNL066W,YDR173C,0,1.264068,0.262273907661438,0.9759615659713745,0.2866465747356415
YBL020W,YCL063W,0,1.2628736,0.26220613718032837,0.9759615659713745,0.2867469787597656
YGL010W,YOR136W,0,1.2627864,0.2621384263038635,0.9759615659713745,0.28684738278388977
YBL041W,YGL157W,0,1.2627246,0.26207074522972107,0.9759615659713745,0.2869477868080139
YKR044W,YPL252C,0,1.2624123,0.262003093957901,0.9759615659713745,0.28704819083213806
YEL020W-A,YKR078W,0,1.2622846,0.2619354724884033,0.9759615659713745,0.2871485948562622
YJR153W,YEL021W,0,1.2619871,0.2618679106235504,0.9759615659713745,0.28724899888038635
YLR109W,YJL108C,0,1.261867,0.2618003487586975,0.9759615659713745,0.2873494029045105
YKL208W,YLL011W,1,1.2615601,0.2619907259941101,0.9769230484962463,0.2873494029045105
YJR120W,YKL074C,0,1.2615125,0.2619231641292572,0.9769230484962463,0.28744980692863464
YLL004W,YDR034C-C,0,1.2607056,0.2618556618690491,0.9769230484962463,0.2875502109527588
YOR359W,YDR499W,0,1.2601784,0.26178818941116333,0.9769230484962463,0.28765061497688293
YDR212W,YHR103W,0,1.2596872,0.26172077655792236,0.9769230484962463,0.2877509891986847
YOR343W-A,YLL024C,0,1.2594702,0.2616533637046814,0.9769230484962463,0.28785139322280884
YBR037C,YOL045W,0,1.258006,0.2615859806537628,0.9769230484962463,0.287951797246933
YPL113C,YGL084C,0,1.2578883,0.261518657207489,0.9769230484962463,0.28805220127105713
YNL156C,YPR143W,0,1.2572106,0.2614513635635376,0.9769230484962463,0.2881526052951813
YBR066C,YBR200W-A,0,1.2572035,0.26138409972190857,0.9769230484962463,0.2882530093193054
YOR389W,YGR202C,0,1.256755,0.26131686568260193,0.9769230484962463,0.28835341334342957
YJL012C-A,YOR353C,0,1.2561742,0.26124969124794006,0.9769230484962463,0.2884538173675537
YHR079C,YBL113C,0,1.2559266,0.2611825168132782,0.9769230484962463,0.28855422139167786
YGR012W,YHR039C-A,0,1.2559146,0.2611154019832611,0.9769230484962463,0.288654625415802
YDR440W,YBL068W,0,1.2556942,0.2610483169555664,0.9769230484962463,0.28875502943992615
YDR377W,YLR052W,0,1.2553524,0.2609812617301941,0.9769230484962463,0.2888554334640503
YNL163C,YGL167C,0,1.2539884,0.26091423630714417,0.9769230484962463,0.28895583748817444
YJR049C,YBR058C-A,0,1.253118,0.2608472406864166,0.9769230484962463,0.2890562117099762
YIL061C,YDR195W,0,1.2522546,0.2607802748680115,0.9769230484962463,0.28915661573410034
YLR042C,YFL025C,0,1.2506522,0.2607133686542511,0.9769230484962463,0.2892570197582245
YDR471W,YER083C,0,1.2501715,0.2606464922428131,0.9769230484962463,0.28935742378234863
YLR219W,YML018C,0,1.2500699,0.2605796456336975,0.9769230484962463,0.2894578278064728
YDR320C,YLR035C-A,0,1.2498891,0.2605128288269043,0.9769230484962463,0.2895582318305969
YKL173W,YDR405W,0,1.2488273,0.26044604182243347,0.9769230484962463,0.28965863585472107
YKL007W,YMR183C,0,1.2469864,0.26037928462028503,0.9769230484962463,0.2897590398788452
YDR110W,YOR092W,0,1.2457148,0.26031258702278137,0.9769230484962463,0.28985944390296936
YMR262W,YOL112W,0,1.2456789,0.2602458894252777,0.9769230484962463,0.2899598479270935
YLR201C,YML096W,0,1.2451314,0.2601792514324188,0.9769230484962463,0.29006025195121765
YGR246C,YDR189W,0,1.2438642,0.2601126432418823,0.9769230484962463,0.2901606559753418
YLR150W,YFL049W,0,1.2422208,0.2600460648536682,0.9769230484962463,0.29026103019714355
YPR035W,YBR040W,0,1.2421504,0.2599795162677765,0.9769230484962463,0.2903614342212677
YIL160C,YNL138W-A,0,1.2409654,0.25991302728652954,0.9769230484962463,0.29046183824539185
YHR044C,YLR196W,0,1.2401557,0.2598465383052826,0.9769230484962463,0.290562242269516
YJL173C,YMR045C,0,1.2398225,0.2597801089286804,0.9769230484962463,0.29066264629364014
YKR034W,YOL156W,0,1.2394223,0.25971370935440063,0.9769230484962463,0.2907630503177643
YLR396C,YBR142W,0,1.2391355,0.25964733958244324,0.9769230484962463,0.2908634543418884
YMR312W,YER053C-A,0,1.239064,0.2595809996128082,0.9769230484962463,0.2909638583660126
YMR081C,YLL040C,0,1.238666,0.2595146894454956,0.9769230484962463,0.2910642623901367
YLR283W,YNR028W,0,1.2383249,0.25944840908050537,0.9769230484962463,0.29116466641426086
YGR262C,YOL135C,0,1.2377225,0.2593821883201599,0.9769230484962463,0.291265070438385
YMR040W,YDR405W,0,1.2375661,0.25931596755981445,0.9769230484962463,0.29136547446250916
YLR256W-A,YKL021C,0,1.2374295,0.25924980640411377,0.9769230484962463,0.2914658486843109
YJR109C,YJL062W-A,0,1.2366987,0.2591836750507355,0.9769230484962463,0.29156625270843506
YJL044C,YOR271C,0,1.2365142,0.25911757349967957,0.9769230484962463,0.2916666567325592
YGR145W,YCL069W,0,1.2353562,0.25905150175094604,0.9769230484962463,0.29176706075668335
YNR047W,YER137C,0,1.2353517,0.2589854598045349,0.9769230484962463,0.2918674647808075
YDR341C,YBR245C,0,1.2343551,0.25891947746276855,0.9769230484962463,0.29196786880493164
YDR487C,YMR300C,0,1.2342952,0.2588534951210022,0.9769230484962463,0.2920682728290558
YKL140W,YDR395W,0,1.2340899,0.2587875723838806,0.9769230484962463,0.29216867685317993
YOR215C,YCR040W,0,1.2320852,0.2587216794490814,0.9769230484962463,0.2922690808773041
YDR098C-B,YBR120C,0,1.2314185,0.2586558163166046,0.9769230484962463,0.2923694849014282
YNL246W,YJR028W,0,1.2313128,0.2585899829864502,0.9769230484962463,0.29246988892555237
YDR533C,YBL039C,0,1.231234,0.25852417945861816,0.9769230484962463,0.2925702929496765
YMR265C,YCR058C,1,1.23118,0.2587127983570099,0.9778845906257629,0.2925702929496765
YIL076W,YMR223W,0,1.230932,0.25864699482917786,0.9778845906257629,0.29267069697380066
YIL035C,YPR118W,0,1.2304448,0.2585812211036682,0.9778845906257629,0.2927710711956024
YJR057W,YHR114W,0,1.2286346,0.25851550698280334,0.9778845906257629,0.29287147521972656
YNL309W,YFL049W,0,1.2272351,0.25844982266426086,0.9778845906257629,0.2929718792438507
YMR015C,YGR234W,0,1.2271106,0.2583841383457184,0.9778845906257629,0.29307228326797485
YNR037C,YBR211C,0,1.2260243,0.2583185136318207,0.9778845906257629,0.293172687292099
YDR200C,YJL143W,0,1.2230637,0.25825291872024536,0.9778845906257629,0.29327309131622314
YHR140W,YHR080C,0,1.2226295,0.25818735361099243,0.9778845906257629,0.2933734953403473
YPL038W,YDR210C-C,0,1.2224058,0.2581218183040619,0.9778845906257629,0.29347389936447144
YML041C,YDR469W,0,1.2222812,0.2580563426017761,0.9778845906257629,0.2935743033885956
YOL086W-A,YPL129W,0,1.222018,0.25799086689949036,0.9778845906257629,0.2936747074127197
YPR204W,YLR314C,0,1.2211089,0.25792545080184937,0.9778845906257629,0.29377511143684387
YMR315W,YDR430C,0,1.2206101,0.2578600347042084,0.9778845906257629,0.293875515460968
YMR001C,YBR251W,0,1.2202563,0.25779467821121216,0.9778845906257629,0.2939758896827698
YPR178W,YJR066W,0,1.2200336,0.25772935152053833,0.9778845906257629,0.2940762937068939
YNL180C,YEL027W,0,1.2193122,0.2576640546321869,0.9778845906257629,0.29417669773101807
YHR101C,YFL026W,0,1.2189953,0.25759878754615784,0.9778845906257629,0.2942771017551422
YLR207W,YCL057C-A,0,1.218816,0.25753355026245117,0.9778845906257629,0.29437750577926636
YOR396W,YKR075C,0,1.2181784,0.2574683427810669,0.9778845906257629,0.2944779098033905
YNL010W,YLR284C,0,1.2180693,0.2574031949043274,0.9778845906257629,0.29457831382751465
YKL099C,YLR102C,0,1.2178527,0.2573380470275879,0.9778845906257629,0.2946787178516388
YJL096W,YHR035W,0,1.2142097,0.25727295875549316,0.9778845906257629,0.29477912187576294
YFL038C,YAR044W,0,1.2137932,0.2572079002857208,0.9778845906257629,0.2948795258998871
YIL042C,YEL052W,0,1.212393,0.2571428716182709,0.9778845906257629,0.29497992992401123
YMR270C,YLR090W,0,1.2122674,0.2570778429508209,0.9778845906257629,0.2950803339481354
YLR343W,YDR372C,0,1.2120321,0.25701287388801575,0.9778845906257629,0.29518070816993713
YPR158C-C,YMR012W,0,1.211942,0.25694796442985535,0.9778845906257629,0.2952811121940613
YEL056W,YLR154W-A,0,1.2107819,0.25688305497169495,0.9778845906257629,0.2953815162181854
YOR396W,YNL095C,0,1.2105811,0.25681817531585693,0.9778845906257629,0.29548192024230957
YHR025W,YDR359C,0,1.2103733,0.2567533552646637,0.9778845906257629,0.2955823242664337
YNL084C,YDR453C,0,1.210141,0.25668853521347046,0.9778845906257629,0.29568272829055786
YPR155C,YDR397C,0,1.2100617,0.256623774766922,0.9778845906257629,0.295783132314682
YIR017C,YDR115W,0,1.2094915,0.2565590441226959,0.9778845906257629,0.29588353633880615
YMR051C,YJL073W,0,1.209224,0.25649431347846985,0.9778845906257629,0.2959839403629303
YJR026W,YGR040W,0,1.2087874,0.25642964243888855,0.9778845906257629,0.29608434438705444
YML102W,YDR173C,0,1.2074022,0.25636500120162964,0.9778845906257629,0.2961847484111786
YGR027W-B,YOL093W,0,1.2045311,0.2563003897666931,0.9778845906257629,0.29628515243530273
YGL010W,YDR402C,0,1.2038641,0.25623583793640137,0.9778845906257629,0.2963855564594269
YLR024C,YEL020W-A,0,1.2029998,0.2561712861061096,0.9778845906257629,0.29648593068122864
YDL087C,YDR326C,0,1.2028296,0.25610676407814026,0.9778845906257629,0.2965863347053528
YAL010C,YNR016C,0,1.2021954,0.2560423016548157,0.9778845906257629,0.29668673872947693
YML057W,YEL029C,0,1.2020707,0.2559778392314911,0.9778845906257629,0.2967871427536011
YBL098W,YJL181W,0,1.2011204,0.2559134364128113,0.9778845906257629,0.2968875467777252
YOR246C,YDR369C,0,1.200532,0.25584906339645386,0.9778845906257629,0.29698795080184937
YJL133C-A,YLR304C,0,1.2004304,0.2557847201824188,0.9778845906257629,0.2970883548259735
YDL115C,YGL249W,0,1.200378,0.2557204067707062,0.9778845906257629,0.29718875885009766
YDR233C,YMR307W,0,1.2000968,0.2556561231613159,0.9778845906257629,0.2972891628742218
YMR228W,YBL017C,0,1.1994706,0.25559186935424805,0.9778845906257629,0.29738956689834595
YGR268C,YDR400W,0,1.1989957,0.25552764534950256,0.9778845906257629,0.2974899709224701
YPR043W,YNL231C,0,1.198421,0.25546345114707947,0.9778845906257629,0.29759037494659424
YDL056W,YMR188C,0,1.1981856,0.25539928674697876,0.9778845906257629,0.297690749168396
YPR098C,YLR212C,0,1.1981725,0.2553351819515228,0.9778845906257629,0.29779115319252014
YLR160C,YDR390C,0,1.1978316,0.2552710771560669,0.9778845906257629,0.2978915572166443
YLR147C,YCL043C,0,1.197354,0.25520703196525574,0.9778845906257629,0.29799196124076843
YPR204W,YPL140C,0,1.1965039,0.2551429867744446,0.9778845906257629,0.2980923652648926
YNL146W,YMR090W,0,1.1948018,0.2550790011882782,0.9778845906257629,0.2981927692890167
YMR171C,YJL136C,0,1.1938384,0.2550150454044342,0.9778845906257629,0.29829317331314087
YLR426W,YDL059C,0,1.1932844,0.2549511194229126,0.9778845906257629,0.298393577337265
YPL117C,YNL233W,0,1.1925865,0.2548872232437134,0.9778845906257629,0.29849398136138916
YNL286W,YGL139W,0,1.1923614,0.25482335686683655,0.9778845906257629,0.2985943853855133
YHR184W,YDR473C,0,1.1919544,0.2547595202922821,0.9778845906257629,0.29869478940963745
YER164W,YLR347C,0,1.1917751,0.25469571352005005,0.9778845906257629,0.2987951934337616
YKL056C,YER159C-A,0,1.191664,0.2546319365501404,0.9778845906257629,0.29889556765556335
YLR395C,YGR104C,0,1.1915449,0.2545682191848755,0.9778845906257629,0.2989959716796875
YHR168W,YHR010W,0,1.1912744,0.2545045018196106,0.9778845906257629,0.29909637570381165
YMR221C,YPR163C,0,1.1895084,0.2544408440589905,0.9778845906257629,0.2991967797279358
YBR153W,YPL204W,0,1.1884811,0.25437718629837036,0.9778845906257629,0.29929718375205994
YHR194W,YNL078W,0,1.1883811,0.254313588142395,0.9778845906257629,0.2993975877761841
YFR019W,YOL157C,0,1.1882112,0.2542499899864197,0.9778845906257629,0.2994979918003082
YJR048W,YBR109C,0,1.187372,0.2541864514350891,0.9778845906257629,0.2995983958244324
YKL164C,YDL128W,0,1.1871707,0.25412294268608093,0.9778845906257629,0.2996987998485565
YOR192C-A,YIL137C,0,1.1864699,0.25405946373939514,0.9778845906257629,0.29979920387268066
YJR016C,YNR067C,0,1.1853918,0.25399601459503174,0.9778845906257629,0.2998996078968048
YKL166C,YMR114C,0,1.1831415,0.2539325952529907,0.9778845906257629,0.30000001192092896
YDL115C,YPL074W,0,1.182596,0.2538692057132721,0.9778845906257629,0.3001004159450531
YJL021C,YOR061W,0,1.1818218,0.25380584597587585,0.9778845906257629,0.30020079016685486
YDR252W,YNR040W,0,1.1807812,0.253742516040802,0.9778845906257629,0.300301194190979
YKL199C,YOR393W,0,1.1805029,0.25367921590805054,0.9778845906257629,0.30040159821510315
YGR212W,YOL135C,0,1.180296,0.25361594557762146,0.9778845906257629,0.3005020022392273
YER025W,YHR004C,0,1.1796472,0.25355273485183716,0.9778845906257629,0.30060240626335144
YHL026C,YBR153W,0,1.1795872,0.25348952412605286,0.9778845906257629,0.3007028102874756
YDL038C,YPR073C,0,1.1789622,0.25342637300491333,0.9778845906257629,0.30080321431159973
YLR221C,YNL054W-B,0,1.1786894,0.2533632218837738,0.9778845906257629,0.3009036183357239
YKR059W,YBR125C,0,1.178358,0.25330013036727905,0.9778845906257629,0.301004022359848
YFL002W-B,YGR120C,0,1.1773262,0.2532370388507843,0.9778845906257629,0.30110442638397217
YJR057W,YIL115C,0,1.1769706,0.2531740069389343,0.9778845906257629,0.3012048304080963
YGL258W-A,YLR196W,0,1.1758456,0.25311100482940674,0.9778845906257629,0.30130523443222046
YGR122W,YJL180C,0,1.1753879,0.25304803252220154,0.9778845906257629,0.3014056086540222
YMR211W,YIL153W,0,1.1750432,0.25298506021499634,0.9778845906257629,0.30150601267814636
YPR010C,YMR149W,0,1.1743553,0.2529221475124359,0.9778845906257629,0.3016064167022705
YJL085W,YBL028C,0,1.1741976,0.2528592646121979,0.9778845906257629,0.30170682072639465
YNL262W,YLR113W,0,1.1741296,0.2527964115142822,0.9778845906257629,0.3018072247505188
YDR179C,YLR054C,0,1.172934,0.25273358821868896,0.9778845906257629,0.30190762877464294
YJL001W,YNL218W,0,1.1723413,0.2526707947254181,0.9778845906257629,0.3020080327987671
YPL129W,YKL130C,0,1.172075,0.252608060836792,0.9778845906257629,0.30210843682289124
YOR384W,YBL029C-A,0,1.1720716,0.2525453269481659,0.9778845906257629,0.3022088408470154
YBL068W,YFR034C,0,1.1717799,0.2524826228618622,0.9778845906257629,0.3023092448711395
YDR064W,YBL029C-A,0,1.1708543,0.25241994857788086,0.9778845906257629,0.30240964889526367
YDR261W-A,YHR013C,0,1.1704224,0.2523573338985443,0.9778845906257629,0.3025100529193878
YPR192W,YJR094W-A,0,1.1697757,0.25229471921920776,0.9778845906257629,0.3026104271411896
YPL089C,YGL103W,0,1.1680853,0.2522321343421936,0.9778845906257629,0.3027108311653137
YNL227C,YLR348C,0,1.1675948,0.2521696090698242,0.9778845906257629,0.30281123518943787
YDR139C,YGR253C,0,1.1655298,0.25210708379745483,0.9778845906257629,0.302911639213562
YIL145C,YHR168W,0,1.163472,0.2520446181297302,0.9778845906257629,0.30301204323768616
YGL163C,YHR008C,0,1.1630052,0.2519821524620056,0.9778845906257629,0.3031124472618103
YGR122W,YDR134C,0,1.162998,0.2519197463989258,0.9778845906257629,0.30321285128593445
YBR129C,YBR187W,0,1.1613501,0.25185734033584595,0.9778845906257629,0.3033132553100586
YFR006W,YNL190W,0,1.1613375,0.2517949938774109,0.9778845906257629,0.30341365933418274
YIR036C,YNL077W,0,1.1603798,0.2517326772212982,0.9778845906257629,0.3035140633583069
YGR260W,YLR432W,0,1.1601688,0.25167039036750793,0.9778845906257629,0.30361446738243103
YOR227W,YDL144C,0,1.1599852,0.25160810351371765,0.9778845906257629,0.3037148714065552
YLR438C-A,YDR419W,0,1.1598884,0.25154587626457214,0.9778845906257629,0.3038152754306793
YMR289W,YHL011C,0,1.158746,0.251483678817749,0.9778845906257629,0.3039156496524811
YFL010W-A,YBR205W,0,1.158739,0.2514215111732483,0.9778845906257629,0.3040160536766052
YJL012C-A,YNL061W,0,1.1574904,0.25135937333106995,0.9778845906257629,0.30411645770072937
YOR047C,YER053C-A,0,1.157031,0.251297265291214,0.9778845906257629,0.3042168617248535
YJL133C-A,YOL108C,0,1.1564329,0.2512351870536804,0.9778845906257629,0.30431726574897766
YPR043W,YGL240W,0,1.1562195,0.25117313861846924,0.9778845906257629,0.3044176697731018
YJR133W,YJL026W,0,1.1558766,0.25111111998558044,0.9778845906257629,0.30451807379722595
YMR306W,YCL075W,0,1.1555699,0.25104913115501404,0.9778845906257629,0.3046184778213501
YOR209C,YDR345C,0,1.1548107,0.25098717212677,0.9778845906257629,0.30471888184547424
YCL043C,YJL097W,0,1.1547241,0.2509252429008484,0.9778845906257629,0.3048192858695984
YNL070W,YGL222C,0,1.1538804,0.25086334347724915,0.9778845906257629,0.30491968989372253
YLR188W,YDR034C-C,0,1.1528711,0.2508014738559723,0.9778845906257629,0.3050200939178467
YKL191W,YDR434W,0,1.1519111,0.2507396340370178,0.9778845906257629,0.30512046813964844
YGR218W,YDR395W,0,1.1517131,0.25067785382270813,0.9778845906257629,0.3052208721637726
YDL209C,YDR463W,0,1.1516212,0.25061607360839844,0.9778845906257629,0.30532127618789673
YGR180C,YPL087W,0,1.1509858,0.25055432319641113,0.9778845906257629,0.3054216802120209
YNL239W,YMR211W,0,1.150765,0.2504926025867462,0.9778845906257629,0.305522084236145
YDR393W,YPL226W,0,1.150265,0.2504309415817261,0.9778845906257629,0.30562248826026917
YDR454C,YBL080C,0,1.1499816,0.25036928057670593,0.9778845906257629,0.3057228922843933
YNL055C,YDL031W,0,1.1493173,0.2503076493740082,0.9778845906257629,0.30582329630851746
YGR105W,YBR211C,0,1.1490712,0.2502460777759552,0.9778845906257629,0.3059237003326416
YFL029C,YDL180W,0,1.1479738,0.2501845061779022,0.9778845906257629,0.30602410435676575
YOR103C,YBR085W,0,1.1478505,0.25012296438217163,0.9778845906257629,0.3061245083808899
YLR459W,YDR390C,0,1.1471295,0.2500614821910858,0.9778845906257629,0.30622491240501404
YHR077C,YDR189W,0,1.146704,0.25,0.9778845906257629,0.3063252866268158
YDR334W,YER089C,0,1.1462467,0.24993856251239777,0.9778845906257629,0.30642569065093994
YKL164C,YHL044W,0,1.1451393,0.24987715482711792,0.9778845906257629,0.3065260946750641
YOL103W-B,YFL013C,0,1.1445324,0.24981577694416046,0.9778845906257629,0.30662649869918823
YLL027W,YCR072C,0,1.1437335,0.2497544139623642,0.9778845906257629,0.3067269027233124
YER049W,YMR262W,0,1.1434827,0.2496930956840515,0.9778845906257629,0.3068273067474365
YDR210W-B,YGR044C,0,1.1430407,0.24963180720806122,0.9778845906257629,0.30692771077156067
YJL213W,YIL047C,0,1.1424341,0.2495705485343933,0.9778845906257629,0.3070281147956848
YDR167W,YKL100C,0,1.1420156,0.2495093196630478,0.9778845906257629,0.30712851881980896
YML091C,YOL084W,0,1.1413336,0.24944812059402466,0.9778845906257629,0.3072289228439331
YCR094W,YPR068C,0,1.1408123,0.2493869513273239,0.9778845906257629,0.30732932686805725
YDR456W,YDR310C,0,1.1406041,0.24932581186294556,0.9778845906257629,0.3074297308921814
YML091C,YML095C,0,1.1403987,0.2492647022008896,0.9778845906257629,0.30753013491630554
YLR386W,YPL188W,0,1.1392889,0.249203622341156,0.9778845906257629,0.3076305091381073
YPL252C,YOL019W,0,1.138608,0.2491425722837448,0.9778845906257629,0.30773091316223145
YDL107W,YPL271W,0,1.1383796,0.249081552028656,0.9778845906257629,0.3078313171863556
YIL172C,YEL019C,0,1.1378422,0.2490205615758896,0.9778845906257629,0.30793172121047974
YBL101W-A,YIL052C,0,1.1377976,0.24895960092544556,0.9778845906257629,0.3080321252346039
YPL195W,YJR040W,0,1.1365356,0.2488986849784851,0.9778845906257629,0.308132529258728
YDR013W,YBR067C,0,1.1359441,0.24883778393268585,0.9778845906257629,0.3082329332828522
YGR167W,YIR004W,0,1.1352476,0.24877691268920898,0.9778845906257629,0.3083333373069763
YDR261W-B,YHR148W,0,1.1352229,0.2487160712480545,0.9778845906257629,0.30843374133110046
YLR270W,YNL001W,0,1.133548,0.2486552596092224,0.9778845906257629,0.3085341453552246
YEL065W,YIL093C,0,1.1319561,0.2485944777727127,0.9778845906257629,0.30863454937934875
YAL020C,YNL233W,0,1.1318631,0.2485337257385254,0.9778845906257629,0.3087349534034729
YER147C,YOR103C,0,1.1306882,0.24847300350666046,0.9778845906257629,0.30883532762527466
YDR210C-C,YKL001C,0,1.1304406,0.24841231107711792,0.9778845906257629,0.3089357316493988
YGR085C,YIR032C,0,1.1295633,0.24835164844989777,0.9778845906257629,0.30903613567352295
YER061C,YOR126C,0,1.1291472,0.248291015625,0.9778845906257629,0.3091365396976471
YDL140C,YHR076W,0,1.1289042,0.24823041260242462,0.9778845906257629,0.30923694372177124
YOL145C,YDR233C,0,1.1274318,0.24816983938217163,0.9778845906257629,0.3093373477458954
YNL085W,YMR114C,0,1.1254915,0.24810929596424103,0.9778845906257629,0.30943775177001953
YGL127C,YER030W,0,1.1250055,0.2480487823486328,0.9778845906257629,0.3095381557941437
YFR031C,YDR098C-A,0,1.124315,0.24798829853534698,0.9778845906257629,0.3096385598182678
YJL006C,YDR098C,0,1.123656,0.24792784452438354,0.9778845906257629,0.30973896384239197
YDL111C,YDR098C-A,0,1.1233534,0.2478674203157425,0.9778845906257629,0.3098393678665161
YJL140W,YPL075W,0,1.1214818,0.24780701100826263,0.9778845906257629,0.30993977189064026
YGR122W,YJL156C,0,1.1214281,0.24774664640426636,0.9778845906257629,0.310040146112442
YJL030W,YNL054W-A,0,1.12035,0.24768631160259247,0.9778845906257629,0.31014055013656616
YKL199C,YIL177C,0,1.1177251,0.24762600660324097,0.9778845906257629,0.3102409541606903
YGR282C,YCR021C,0,1.1177199,0.24756573140621185,0.9778845906257629,0.31034135818481445
YJL109C,YIL037C,0,1.1173487,0.24750547111034393,0.9778845906257629,0.3104417622089386
YIL075C,YJL108C,0,1.1161401,0.2474452555179596,0.9778845906257629,0.31054216623306274
YNL310C,YKR037C,0,1.1159961,0.24738506972789764,0.9778845906257629,0.3106425702571869
YMR234W,YJR010C-A,0,1.1142417,0.2473248988389969,0.9778845906257629,0.31074297428131104
YNL284C-A,YDR150W,0,1.1141924,0.2472647726535797,0.9778845906257629,0.3108433783054352
YDR033W,YGR238C,0,1.1140819,0.24720466136932373,0.9778845906257629,0.3109437823295593
YJL125C,YGL240W,0,1.1140219,0.24714459478855133,0.9778845906257629,0.31104418635368347
YNL190W,YNL061W,0,1.1133821,0.24708454310894012,0.9778845906257629,0.3111445903778076
YPL208W,YEL002C,0,1.1132976,0.2470245361328125,0.9778845906257629,0.31124499440193176
YNL001W,YML059C,0,1.112276,0.24696454405784607,0.9778845906257629,0.3113453686237335
YML037C,YLR176C,0,1.1122051,0.24690458178520203,0.9778845906257629,0.31144577264785767
YOL090W,YER081W,0,1.1116838,0.24684466421604156,0.9778845906257629,0.3115461766719818
YPR118W,YJR102C,0,1.1093227,0.2467847615480423,0.9778845906257629,0.31164658069610596
YGR189C,YCR058C,0,1.1086582,0.24672488868236542,0.9778845906257629,0.3117469847202301
YBL026W,YER162C,0,1.1084851,0.24666504561901093,0.9778845906257629,0.31184738874435425
YOR192C-A,YPR057W,0,1.1083468,0.24660523235797882,0.9778845906257629,0.3119477927684784
YDR018C,YOR275C,0,1.1078022,0.2465454488992691,0.9778845906257629,0.31204819679260254
YBR279W,YIL126W,0,1.1066747,0.24648569524288177,0.9778845906257629,0.3121486008167267
YHR205W,YNL163C,0,1.1055567,0.24642597138881683,0.9778845906257629,0.31224900484085083
YEL044W,YER086W,0,1.1048672,0.24636627733707428,0.9778845906257629,0.312349408864975
YGL258W-A,YGL192W,0,1.1047618,0.2463066130876541,0.9778845906257629,0.3124498128890991
YDR243C,YDR368W,0,1.1040604,0.24624697864055634,0.9778845906257629,0.3125501871109009
YPR158W-B,YDR217C,0,1.1033765,0.24618735909461975,0.9778845906257629,0.312650591135025
YMR228W,YNL054W-A,0,1.1033549,0.24612778425216675,0.9778845906257629,0.31275099515914917
YGR212W,YLR043C,0,1.1019672,0.24606822431087494,0.9778845906257629,0.3128513991832733
YPR168W,YJL170C,0,1.1014205,0.2460087090730667,0.9778845906257629,0.31295180320739746
YHR209W,YJL219W,0,1.1009156,0.24594920873641968,0.9778845906257629,0.3130522072315216
YMR075W,YMR008C,0,1.1004734,0.24588975310325623,0.9778845906257629,0.31315261125564575
YOR254C,YDR397C,0,1.1001762,0.24583031237125397,0.9778845906257629,0.3132530152797699
YGL105W,YMR262W,0,1.1000092,0.2457709014415741,0.9778845906257629,0.31335341930389404
YDR247W,YLR017W,0,1.0991377,0.2457115203142166,0.9778845906257629,0.3134538233280182
YLR292C,YCL048W-A,0,1.0991144,0.24565216898918152,0.9778845906257629,0.31355422735214233
YOR308C,YBR182C,0,1.0978515,0.2455928474664688,0.9778845906257629,0.3136546313762665
YML054C,YMR099C,0,1.0972557,0.2455335557460785,0.9778845906257629,0.31375500559806824
YBR187W,YDL171C,0,1.096523,0.24547429382801056,0.9778845906257629,0.3138554096221924
YPL151C,YMR087W,0,1.0965202,0.24541506171226501,0.9778845906257629,0.31395581364631653
YLL035W,YBL079W,0,1.0958776,0.24535584449768066,0.9778845906257629,0.3140562176704407
YLR306W,YAL012W,0,1.0954521,0.2452966719865799,0.9778845906257629,0.3141566216945648
YLL017W,YDL130W,0,1.0952713,0.24523751437664032,0.9778845906257629,0.31425702571868896
YNL284C-B,YBR040W,0,1.0948136,0.24517840147018433,0.9778845906257629,0.3143574297428131
YMR312W,YOR334W,0,1.0933629,0.24511930346488953,0.9778845906257629,0.31445783376693726
YJL056C,YPL013C,0,1.0931728,0.24506023526191711,0.9778845906257629,0.3145582377910614
YLR079W,YPL254W,0,1.0929327,0.24500121176242828,0.9778845906257629,0.31465864181518555
YLR151C,YOL071W,0,1.0917501,0.24494220316410065,0.9778845906257629,0.3147590458393097
YOL141W,YHR056C,0,1.0912659,0.2448832243680954,0.9778845906257629,0.31485944986343384
YNR037C,YPL276W,0,1.0895901,0.24482426047325134,0.9778845906257629,0.314959853887558
YAR009C,YLR189C,0,1.0891887,0.24476534128189087,0.9778845906257629,0.31506022810935974
YGR212W,YOL133W,0,1.089092,0.24470645189285278,0.9778845906257629,0.3151606321334839
YOL103W-B,YCL063W,0,1.0888084,0.2446475774049759,0.9778845906257629,0.31526103615760803
YDR091C,YKR095W-A,0,1.0886612,0.24458874762058258,0.9778845906257629,0.3153614401817322
YGR027W-B,YKR053C,0,1.0884593,0.24452993273735046,0.9778845906257629,0.3154618442058563
YGR083C,YGR253C,0,1.0878532,0.24447114765644073,0.9778845906257629,0.31556224822998047
YDR196C,YDR168W,0,1.0878267,0.2444124072790146,0.9778845906257629,0.3156626522541046
YGR184C,YCR012W,0,1.0873504,0.24435368180274963,0.9778845906257629,0.31576305627822876
YDL140C,YNR030W,0,1.0873337,0.24429498612880707,0.9778845906257629,0.3158634603023529
YDR463W,YPL210C,0,1.0866579,0.2442363053560257,0.9778845906257629,0.31596386432647705
YOR358W,YMR008C,0,1.0864973,0.2441776692867279,0.9778845906257629,0.3160642683506012
YER002W,YPR194C,0,1.0852658,0.2441190630197525,0.9778845906257629,0.31616467237472534
YPR163C,YJL045W,0,1.0850139,0.2440604716539383,0.9778845906257629,0.3162650465965271
YNL250W,YNL024C,0,1.0836837,0.24400192499160767,0.9778845906257629,0.31636545062065125
YFR029W,YLR044C,0,1.0835588,0.24394339323043823,0.9778845906257629,0.3164658546447754
YOR047C,YBR028C,0,1.0835128,0.2438848912715912,0.9778845906257629,0.31656625866889954
YOR343W-A,YDR353W,0,1.0835007,0.24382641911506653,0.9778845906257629,0.3166666626930237
YLR107W,YMR156C,0,1.0834501,0.24376797676086426,0.9778845906257629,0.3167670667171478
YNL068C,YJL144W,0,1.0823771,0.24370956420898438,0.9778845906257629,0.316867470741272
YCL017C,YML045W-A,0,1.0818202,0.24365116655826569,0.9778845906257629,0.3169678747653961
YLR183C,YER137C-A,0,1.0817121,0.24359281361103058,0.9778845906257629,0.31706827878952026
YML045W-A,YJR135C,0,1.0806249,0.24353447556495667,0.9778845906257629,0.3171686828136444
YPL145C,YJL098W,0,1.0805852,0.24347618222236633,0.9778845906257629,0.31726908683776855
YDR131C,YIL138C,0,1.0776677,0.2434179037809372,0.9778845906257629,0.3173694908618927
YDR510W,YOR020C,0,1.0764953,0.24335965514183044,0.9778845906257629,0.31746986508369446
YMR128W,YIL119C,0,1.0763191,0.24330143630504608,0.9778845906257629,0.3175702691078186
YHR085W,YGL249W,0,1.0752809,0.2432432472705841,0.9778845906257629,0.31767067313194275
YNR032C-A,YLR419W,0,1.0748549,0.24318507313728333,0.9778845906257629,0.3177710771560669
YFL054C,YPL123C,0,1.0748197,0.24312694370746613,0.9778845906257629,0.31787148118019104
YER014C-A,YBR296C,0,1.0742171,0.24306882917881012,0.9778845906257629,0.3179718852043152
YNL147W,YLR363C,0,1.073916,0.2430107593536377,0.9778845906257629,0.31807228922843933
YOL012C,YIL061C,0,1.0738578,0.24295270442962646,0.9778845906257629,0.3181726932525635
YDL022W,YER049W,0,1.0737082,0.24289467930793762,0.9778845906257629,0.3182730972766876
YGR082W,YER167W,0,1.0709532,0.24283666908740997,0.9778845906257629,0.31837350130081177
YLR327C,YPL171C,0,1.0700827,0.2427787035703659,0.9778845906257629,0.3184739053249359
YFR052W,YDR351W,0,1.0697074,0.24272076785564423,0.9778845906257629,0.31857430934906006
YHR161C,YDR312W,0,1.0696988,0.24266284704208374,0.9778845906257629,0.3186747133731842
YDR531W,YLL024C,0,1.0696948,0.24260495603084564,0.9778845906257629,0.31877508759498596
YHR214C-C,YCL048W,0,1.0695598,0.24254710972309113,0.9778845906257629,0.3188754916191101
YHR020W,YDR160W,0,1.0694551,0.2424892634153366,0.9778845906257629,0.31897589564323425
YGR088W,YJR048W,0,1.0691631,0.24243146181106567,0.9778845906257629,0.3190762996673584
YDR261W-A,YIL137C,0,1.0682776,0.24237369000911713,0.9778845906257629,0.31917670369148254
YKR037C,YKL114C,0,1.0680512,0.24231593310832977,0.9778845906257629,0.3192771077156067
YER159C-A,YLR044C,0,1.0680072,0.242258220911026,0.9778845906257629,0.31937751173973083
YLR389C,YLR153C,0,1.0676563,0.24220052361488342,0.9778845906257629,0.319477915763855
YBR279W,YDR393W,0,1.067289,0.24214285612106323,0.9778845906257629,0.3195783197879791
YPL064C,YPL168W,0,1.0670645,0.24208521842956543,0.9778845906257629,0.31967872381210327
YOL132W,YJR153W,0,1.0667467,0.24202761054039001,0.9778845906257629,0.3197791278362274
YOR265W,YMR168C,0,1.0665578,0.2419700175523758,0.9778845906257629,0.31987953186035156
YEL058W,YGL136C,0,1.0660608,0.24191246926784515,0.9778845906257629,0.3199799060821533
YKL110C,YER190W,0,1.0659404,0.2418549358844757,0.9778845906257629,0.32008031010627747
YDR473C,YOR253W,0,1.065678,0.24179743230342865,0.9778845906257629,0.3201807141304016
YBR260C,YCL026C-B,0,1.0652479,0.24173995852470398,0.9778845906257629,0.32028111815452576
YOR373W,YJR041C,0,1.0643636,0.2416825145483017,0.9778845906257629,0.3203815221786499
YOR116C,YOR334W,0,1.0642488,0.2416250854730606,0.9778845906257629,0.32048192620277405
YMR289W,YOL107W,0,1.063107,0.2415677011013031,0.9778845906257629,0.3205823302268982
YOL145C,YPL027W,0,1.0630621,0.2415103316307068,0.9778845906257629,0.32068273425102234
YNL281W,YGR169C,0,1.0622166,0.24145299196243286,0.9778845906257629,0.3207831382751465
YJR040W,YBL039C,0,1.0617391,0.24139568209648132,0.9778845906257629,0.32088354229927063
YKL024C,YOR192C-A,0,1.0610826,0.24133840203285217,0.9778845906257629,0.3209839463233948
YKL180W,YHR047C,0,1.0606755,0.24128113687038422,0.9778845906257629,0.3210843503475189
YIL011W,YPR091C,0,1.0598071,0.24122390151023865,0.9778845906257629,0.3211847245693207
YKL061W,YOR078W,0,1.0592251,0.24116671085357666,0.9778845906257629,0.3212851285934448
YHR165C,YMR086W,0,1.0565609,0.24110953509807587,0.9778845906257629,0.32138553261756897
YKL033W,YGL236C,0,1.056333,0.24105238914489746,0.9778845906257629,0.3214859366416931
YLR244C,YKL094W,0,1.0558655,0.24099525809288025,0.9778845906257629,0.32158634066581726
YOR026W,YJR050W,0,1.054205,0.24093817174434662,0.9778845906257629,0.3216867446899414
YDR471W,YLR093C,0,1.0532422,0.24088110029697418,0.9778845906257629,0.32178714871406555
YMR210W,YBL054W,0,1.0513859,0.24082405865192413,0.9778845906257629,0.3218875527381897
YJL149W,YIR019C,0,1.0512842,0.24076704680919647,0.9778845906257629,0.32198795676231384
YLR404W,YOR061W,0,1.0510621,0.2407100647687912,0.9778845906257629,0.322088360786438
YMR054W,YDR441C,0,1.0499125,0.24065309762954712,0.9778845906257629,0.32218876481056213
YDL121C,YPR141C,0,1.0480261,0.24059616029262543,0.9778845906257629,0.3222891688346863
YJR025C,YBR055C,0,1.0473461,0.24053926765918732,0.9778845906257629,0.3223895728588104
YKL116C,YGR208W,0,1.0470893,0.2404823899269104,0.9778845906257629,0.3224899470806122
YPR137C-B,YKL173W,0,1.046858,0.24042552709579468,0.9778845906257629,0.32259035110473633
YDR146C,YMR039C,0,1.0451359,0.24036870896816254,0.9778845906257629,0.3226907551288605
YCL005W-A,YGR255C,0,1.0447352,0.2403119057416916,0.9778845906257629,0.3227911591529846
YDR316W-B,YIL083C,0,1.044682,0.24025513231754303,0.9778845906257629,0.32289156317710876
YPL058C,YLR025W,0,1.0407028,0.24019838869571686,0.9778845906257629,0.3229919672012329
YLR345W,YBR111W-A,0,1.0390878,0.24014167487621307,0.9778845906257629,0.32309237122535706
YJR104C,YLR260W,0,1.0387428,0.24008499085903168,0.9778845906257629,0.3231927752494812
YOR026W,YDR190C,0,1.0384663,0.24002832174301147,0.9778845906257629,0.32329317927360535
YIL160C,YKR035W-A,0,1.0382026,0.23997168242931366,0.9778845906257629,0.3233935832977295
YGL178W,YMR131C,0,1.038134,0.23991507291793823,0.9778845906257629,0.32349398732185364
YGL174W,YDR451C,0,1.0378084,0.2398584932088852,0.9778845906257629,0.3235943913459778
YGL019W,YOL086W-A,0,1.0375929,0.23980192840099335,0.9778845906257629,0.32369476556777954
YGR031C-A,YPL076W,0,1.0367643,0.23974540829658508,0.9778845906257629,0.3237951695919037
YML027W,YDR128W,0,1.0364041,0.239688903093338,0.9778845906257629,0.32389557361602783
YOL154W,YDR465C,0,1.0362706,0.23963242769241333,0.9778845906257629,0.323995977640152
YHR214C-B,YJL071W,0,1.0353155,0.23957596719264984,0.9778845906257629,0.3240963816642761
YBR038W,YOR251C,0,1.0352247,0.23951955139636993,0.9778845906257629,0.32419678568840027
YPL056C,YHR064C,0,1.034157,0.23946315050125122,0.9778845906257629,0.3242971897125244
YLR191W,YEL021W,0,1.0339198,0.2394067794084549,0.9778845906257629,0.32439759373664856
YIL014W,YLR015W,0,1.0339105,0.23935043811798096,0.9778845906257629,0.3244979977607727
YFL054C,YMR037C,0,1.0325282,0.2392941117286682,0.9778845906257629,0.32459840178489685
YMR089C,YDL225W,0,1.0312183,0.23923783004283905,0.9778845906257629,0.324698805809021
YFR033C,YBR003W,0,1.0309452,0.23918156325817108,0.9778845906257629,0.32479920983314514
YPR060C,YNL330C,0,1.0302341,0.2391253262758255,0.9778845906257629,0.3248995840549469
YKL074C,YOL023W,0,1.0288749,0.2390691041946411,0.9778845906257629,0.32499998807907104
YDR473C,YJR065C,0,1.025616,0.2390129268169403,0.9778845906257629,0.3251003921031952
YER099C,YML099C,0,1.0254985,0.2389567643404007,0.9778845906257629,0.32520079612731934
YGL009C,YLR446W,0,1.0253751,0.23890063166618347,0.9778845906257629,0.3253012001514435
YIL078W,YGR205W,0,1.0253606,0.23884452879428864,0.9778845906257629,0.3254016041755676
YOR372C,YHL009W-B,0,1.0246968,0.238788440823555,0.9778845906257629,0.3255020081996918
YHR110W,YMR050C,0,1.0245879,0.23873239755630493,0.9778845906257629,0.3256024122238159
YBR251W,YHL044W,0,1.0240321,0.23867636919021606,0.9778845906257629,0.32570281624794006
YAR009C,YDR243C,0,1.0231924,0.23862037062644958,0.9778845906257629,0.3258032202720642
YFL057C,YIL134W,0,1.0221423,0.2385643869638443,0.9778845906257629,0.32590362429618835
YJL097W,YPL090C,0,1.0220336,0.2385084480047226,0.9778845906257629,0.3260040283203125
YGL169W,YGR024C,0,1.0211557,0.23845252394676208,0.9778845906257629,0.32610443234443665
YCL066W,YJL213W,0,1.0210255,0.23839662969112396,0.9778845906257629,0.3262048065662384
YHR172W,YLR113W,0,1.02045,0.23834075033664703,0.9778845906257629,0.32630521059036255
YLR118C,YPR003C,0,1.0201396,0.2382849156856537,0.9778845906257629,0.3264056146144867
YML058W-A,YFL066C,0,1.0198745,0.23822909593582153,0.9778845906257629,0.32650601863861084
YLR417W,YDR170W-A,0,1.0194415,0.23817330598831177,0.9778845906257629,0.326606422662735
YGL258W-A,YJR134C,0,1.0189204,0.2381175309419632,0.9778845906257629,0.32670682668685913
YCL067C,YGL249W,0,1.0187178,0.2380618005990982,0.9778845906257629,0.3268072307109833
YDR210W-B,YCL029C,0,1.0185273,0.2380060851573944,0.9778845906257629,0.3269076347351074
YBR046C,YPR198W,0,1.0182977,0.237950399518013,0.9778845906257629,0.32700803875923157
YPL007C,YDR400W,0,1.0174681,0.23789474368095398,0.9778845906257629,0.3271084427833557
YDR071C,YOL086W-A,0,1.0174315,0.23783910274505615,0.9778845906257629,0.32720884680747986
YGL238W,YFR018C,0,1.0171089,0.2377834916114807,0.9778845906257629,0.327309250831604
YBR020W,YLR391W,0,1.0166814,0.23772791028022766,0.9778845906257629,0.32740962505340576
YDR169C,YNL073W,0,1.0166128,0.237672358751297,0.9778845906257629,0.3275100290775299
YDR078C,YBR084W,0,1.0157098,0.23761682212352753,0.9778845906257629,0.32761043310165405
YMR198W,YOR142W-A,0,1.0151565,0.23756131529808044,0.9778845906257629,0.3277108371257782
YKL082C,YNL115C,0,1.0146694,0.23750583827495575,0.9778845906257629,0.32781124114990234
YDR487C,YKL096W-A,0,1.0146573,0.23745039105415344,0.9778845906257629,0.3279116451740265
YER028C,YKL004W,0,1.0137976,0.23739495873451233,0.9778845906257629,0.32801204919815063
YLR447C,YNL070W,0,1.013769,0.2373395562171936,0.9778845906257629,0.3281124532222748
YDR245W,YMR235C,0,1.013422,0.23728418350219727,0.9778845906257629,0.3282128572463989
YOR207C,YPL257W-B,0,1.0110586,0.23722882568836212,0.9778845906257629,0.32831326127052307
YER028C,YNL307C,0,1.0108246,0.23717351257801056,0.9778845906257629,0.3284136652946472
YGL019W,YNL250W,0,1.0088727,0.2371182143688202,0.9778845906257629,0.32851406931877136
YAL068C,YPR143W,0,1.0075241,0.23706293106079102,0.9778845906257629,0.3286144435405731
YOR091W,YBR223C,0,1.0046984,0.23700769245624542,0.9778845906257629,0.32871484756469727
YPL151C,YDR236C,0,1.0044674,0.23695246875286102,0.9778845906257629,0.3288152515888214
YKR035W-A,YGR076C,0,1.0044587,0.236897274851799,0.9778845906257629,0.32891565561294556
YJL121C,YDL055C,0,1.0036507,0.2368421107530594,0.9778845906257629,0.3290160596370697
YEL012W,YIL108W,0,1.0033432,0.23678696155548096,0.9778845906257629,0.32911646366119385
YJL114W,YCR052W,0,1.0029342,0.23673184216022491,0.9778845906257629,0.329216867685318
YLR028C,YDL083C,0,1.0026581,0.23667675256729126,0.9778845906257629,0.32931727170944214
YMR247C,YOL056W,0,1.0011637,0.2366216778755188,0.9778845906257629,0.3294176757335663
YNL045W,YGR057C,0,1.0011199,0.23656664788722992,0.9778845906257629,0.32951807975769043
YIL052C,YDL134C,0,1.0009415,0.23651163280010223,0.9778845906257629,0.3296184837818146
YGR239C,YDR496C,0,1.0006192,0.23645663261413574,0.9778845906257629,0.3297188878059387
YPL183W-A,YHR210C,0,1.0004555,0.23640167713165283,0.9778845906257629,0.32981929183006287
YFR036W,YLR055C,0,0.9996191,0.23634673655033112,0.9778845906257629,0.3299196660518646
YOR157C,YDR158W,0,0.9992072,0.2362918257713318,0.9778845906257629,0.33002007007598877
YER164W,YML045W-A,0,0.99900526,0.23623692989349365,0.9778845906257629,0.3301204741001129
YLR256W-A,YJL181W,0,0.9982785,0.2361820787191391,0.9778845906257629,0.33022087812423706
YMR235C,YDR170W-A,0,0.9978961,0.23612722754478455,0.9778845906257629,0.3303212821483612
YLR270W,YNL102W,0,0.99777967,0.23607242107391357,0.9778845906257629,0.33042168617248535
YDR323C,YML040W,0,0.99688095,0.236017644405365,0.9778845906257629,0.3305220901966095
YDL008W,YOL108C,0,0.9966096,0.2359628826379776,0.9778845906257629,0.33062249422073364
YLR158C,YLR154W-A,0,0.9947314,0.2359081357717514,0.9778845906257629,0.3307228982448578
YDR210W-B,YBR061C,0,0.9945475,0.2358534336090088,0.9778845906257629,0.33082330226898193
YLR249W,YKL060C,0,0.993324,0.23579874634742737,0.9778845906257629,0.3309237062931061
YKL190W,YBR185C,0,0.9932246,0.23574408888816833,0.9778845906257629,0.3310241103172302
YNL031C,YHR013C,0,0.992755,0.2356894612312317,0.9778845906257629,0.331124484539032
YLR329W,YDL140C,0,0.9923351,0.23563484847545624,0.9778845906257629,0.33122488856315613
YFL004W,YPL068C,0,0.99047875,0.23558026552200317,0.9778845906257629,0.3313252925872803
YML037C,YMR256C,0,0.98996645,0.2355257123708725,0.9778845906257629,0.3314256966114044
YKL026C,YNL096C,0,0.98974717,0.23547117412090302,0.9778845906257629,0.33152610063552856
YJR046W,YKL085W,0,0.98937654,0.23541666567325592,0.9778845906257629,0.3316265046596527
YBR009C,YGL071W,0,0.98902607,0.2353621870279312,0.9778845906257629,0.33172690868377686
YOR301W,YPR194C,0,0.9889257,0.2353077232837677,0.9778845906257629,0.331827312707901
YML102W,YDR130C,0,0.98843193,0.23525328934192657,0.9778845906257629,0.33192771673202515
YNL224C,YOR004W,1,0.98831415,0.23543015122413635,0.9788461327552795,0.33192771673202515
YDR482C,YHR184W,0,0.9869312,0.23537571728229523,0.9788461327552795,0.3320281207561493
YAR009C,YML047C,0,0.9866539,0.2353213131427765,0.9788461327552795,0.33212852478027344
YNR070W,YCL059C,0,0.9853833,0.23526692390441895,0.9788461327552795,0.3322289288043976
YJL130C,YDR365W-A,0,0.9850153,0.2352125644683838,0.9788461327552795,0.33232930302619934
YGL025C,YNR019W,0,0.98477596,0.23515823483467102,0.9788461327552795,0.3324297070503235
YPL180W,YCR063W,0,0.9842281,0.23510392010211945,0.9788461327552795,0.33253011107444763
YMR063W,YLR410W-A,0,0.98421645,0.23504963517189026,0.9788461327552795,0.3326305150985718
YDR081C,YBR020W,0,0.98380315,0.23499538004398346,0.9788461327552795,0.3327309191226959
YPR133W-A,YLR170C,0,0.98306847,0.23494115471839905,0.9788461327552795,0.33283132314682007
YHR080C,YML109W,0,0.98302937,0.23488694429397583,0.9788461327552795,0.3329317271709442
YLR345W,YFL035C,0,0.98260826,0.234832763671875,0.9788461327552795,0.33303213119506836
YDR159W,YKL003C,0,0.9818928,0.23477859795093536,0.9788461327552795,0.3331325352191925
YLR026C,YBR291C,0,0.98023045,0.23472446203231812,0.9788461327552795,0.33323293924331665
YJL012C-A,YNL158W,0,0.98018515,0.23467035591602325,0.9788461327552795,0.3333333432674408
YML116W,YKL053C-A,0,0.9783345,0.2346162647008896,0.9788461327552795,0.33343374729156494
YML077W,YOR162C,0,0.9779483,0.2345622181892395,0.9788461327552795,0.3335341513156891
YFR047C,YJR138W,0,0.97782075,0.23450817167758942,0.9788461327552795,0.33363452553749084
YHR210C,YMR179W,0,0.9773247,0.2344541698694229,0.9788461327552795,0.333734929561615
YIL027C,YOR211C,0,0.97620744,0.2344001829624176,0.9788461327552795,0.33383533358573914
YMR074C,YPL149W,0,0.97573143,0.23434622585773468,0.9788461327552795,0.3339357376098633
YOR195W,YDR441C,0,0.9756757,0.23429228365421295,0.9788461327552795,0.3340361416339874
YDR320C-A,YOR237W,0,0.9733609,0.2342383861541748,0.9788461327552795,0.3341365456581116
YJL194W,YDR383C,0,0.97263306,0.23418448865413666,0.9788461327552795,0.3342369496822357
YNL263C,YMR123W,0,0.9725642,0.2341306358575821,0.9788461327552795,0.33433735370635986
YHR086W,YGR057C,0,0.9721502,0.23407679796218872,0.9788461327552795,0.334437757730484
YKR072C,YGR071C,0,0.9720292,0.23402298986911774,0.9788461327552795,0.33453816175460815
YAL007C,YDL076C,0,0.9706352,0.23396919667720795,0.9788461327552795,0.3346385657787323
YER053C-A,YDR533C,0,0.97054327,0.23391544818878174,0.9788461327552795,0.33473896980285645
YDR026C,YLR191W,0,0.96914124,0.23386169970035553,0.9788461327552795,0.3348393440246582
YMR051C,YPL018W,0,0.96366477,0.2338079959154129,0.9788461327552795,0.33493974804878235
YDL081C,YCR080W,0,0.96311045,0.23375430703163147,0.9788461327552795,0.3350401520729065
YMR165C,YAL048C,0,0.9630648,0.23370064795017242,0.9788461327552795,0.33514055609703064
YDR248C,YKL040C,0,0.9620804,0.23364700376987457,0.9788461327552795,0.3352409601211548
YJR097W,YJR139C,0,0.9608076,0.2335933893918991,0.9788461327552795,0.33534136414527893
YGR134W,YGL009C,0,0.95971924,0.23353980481624603,0.9788461327552795,0.3354417681694031
YPR127W,YBL005W-B,0,0.9595138,0.23348623514175415,0.9788461327552795,0.3355421721935272
YNR053C,YOL100W,0,0.95933056,0.23343269526958466,0.9788461327552795,0.33564257621765137
YOR162C,YMR086W,0,0.9592306,0.23337918519973755,0.9788461327552795,0.3357429802417755
YIL051C,YNL212W,0,0.9588025,0.23332569003105164,0.9788461327552795,0.33584338426589966
YPR081C,YHR069C,0,0.95844364,0.2332722246646881,0.9788461327552795,0.3359437882900238
YMR142C,YFL033C,0,0.95829433,0.23321878910064697,0.9788461327552795,0.33604416251182556
YNL092W,YMR158W,0,0.95818293,0.23316536843776703,0.9788461327552795,0.3361445665359497
YBL074C,YBL007C,0,0.95768744,0.23311197757720947,0.9788461327552795,0.33624497056007385
YEL048C,YJL200C,0,0.9572367,0.2330586016178131,0.9788461327552795,0.336345374584198
YDR325W,YJL171C,0,0.9568918,0.23300527036190033,0.9788461327552795,0.33644577860832214
YDR253C,YGL222C,0,0.95648605,0.23295193910598755,0.9788461327552795,0.3365461826324463
YDL061C,YGR154C,0,0.9561564,0.23289865255355835,0.9788461327552795,0.33664658665657043
YHR214C-C,YBR118W,0,0.9553252,0.23284538090229034,0.9788461327552795,0.3367469906806946
YJR120W,YIR006C,0,0.9552954,0.23279213905334473,0.9788461327552795,0.3368473947048187
YNL159C,YDR074W,0,0.95473635,0.2327389121055603,0.9788461327552795,0.33694779872894287
YOR343W-B,YFL056C,0,0.9545639,0.23268571496009827,0.9788461327552795,0.337048202753067
YOR258W,YJR149W,0,0.95375896,0.23263254761695862,0.9788461327552795,0.33714860677719116
YHR153C,YNL054W-A,0,0.9536544,0.23257939517498016,0.9788461327552795,0.3372490108013153
YNL015W,YGR295C,0,0.9535894,0.2325262725353241,0.9788461327552795,0.33734938502311707
YAL041W,YGR245C,0,0.95305836,0.23247316479682922,0.9788461327552795,0.3374497890472412
YDR261W-A,YMR166C,0,0.95237035,0.23242008686065674,0.9788461327552795,0.33755019307136536
YJL102W,YOL084W,0,0.9521966,0.23236703872680664,0.9788461327552795,0.3376505970954895
YLR385C,YLR035C-A,0,0.9517931,0.23231400549411774,0.9788461327552795,0.33775100111961365
YLR301W,YCR020C,0,0.9505226,0.23226100206375122,0.9788461327552795,0.3378514051437378
YOR313C,YNL208W,0,0.95011616,0.2322080284357071,0.9788461327552795,0.33795180916786194
YPL001W,YJL168C,0,0.9500209,0.23215506970882416,0.9788461327552795,0.3380522131919861
YGR161C-D,YBR111W-A,0,0.9498855,0.2321021407842636,0.9788461327552795,0.33815261721611023
YCL066W,YGR026W,0,0.94987315,0.23204924166202545,0.9788461327552795,0.3382530212402344
YOR172W,YBL079W,0,0.94900155,0.2319963574409485,0.9788461327552795,0.3383534252643585
YCR029C-A,YLR039C,0,0.9479224,0.23194348812103271,0.9788461327552795,0.33845382928848267
YKR100C,YBR100W,0,0.9475794,0.23189066350460052,0.9788461327552795,0.3385542035102844
YOR356W,YMR153W,0,0.9458928,0.23183785378932953,0.9788461327552795,0.33865460753440857
YHR089C,YLR092W,0,0.9458908,0.23178505897521973,0.9788461327552795,0.3387550115585327
YPL063W,YGL206C,0,0.94488126,0.2317322939634323,0.9788461327552795,0.33885541558265686
YJL124C,YNL262W,0,0.94318855,0.23167955875396729,0.9788461327552795,0.338955819606781
YPR063C,YOR382W,0,0.94215685,0.23162685334682465,0.9788461327552795,0.33905622363090515
YER033C,YPL111W,0,0.94168735,0.2315741628408432,0.9788461327552795,0.3391566276550293
YPR198W,YDR261C-D,0,0.9416289,0.23152148723602295,0.9788461327552795,0.33925703167915344
YNL298W,YDR381C-A,0,0.9412015,0.23146885633468628,0.9788461327552795,0.3393574357032776
YLR256W-A,YPL085W,0,0.93778676,0.2314162254333496,0.9788461327552795,0.33945783972740173
YKL134C,YIR023W,0,0.93767554,0.23136363923549652,0.9788461327552795,0.3395582437515259
YBR060C,YJR098C,0,0.93736756,0.23131106793880463,0.9788461327552795,0.33965864777565
YBL063W,YIL171W,0,0.93723696,0.23125851154327393,0.9788461327552795,0.3397590219974518
YBR243C,YLR291C,0,0.93687963,0.2312059998512268,0.9788461327552795,0.3398594260215759
YOR011W,YLR263W,0,0.93683237,0.23115350306034088,0.9788461327552795,0.3399598300457001
YMR186W,YKL171W,0,0.93616426,0.23110102117061615,0.9788461327552795,0.3400602340698242
YBR082C,YNR018W,0,0.93418175,0.2310485690832138,0.9788461327552795,0.34016063809394836
YDL143W,YCR086W,0,0.9337295,0.23099614679813385,0.9788461327552795,0.3402610421180725
YIR026C,YNL251C,0,0.93227625,0.2309437394142151,0.9788461327552795,0.34036144614219666
YLR103C,YMR123W,0,0.93140554,0.2308913618326187,0.9788461327552795,0.3404618501663208
YKL218C,YDL045C,0,0.9310885,0.23083899915218353,0.9788461327552795,0.34056225419044495
YLR215C,YMR005W,0,0.93032074,0.23078666627407074,0.9788461327552795,0.3406626582145691
YLL014W,YGL137W,0,0.92990255,0.23073436319828033,0.9788461327552795,0.34076306223869324
YIR012W,YGR202C,0,0.92910063,0.23068207502365112,0.9788461327552795,0.3408634662628174
YCL050C,YBL089W,0,0.92707634,0.2306298166513443,0.9788461327552795,0.34096387028694153
YOR244W,YKR096W,0,0.9270382,0.23057757318019867,0.9788461327552795,0.3410642445087433
YGR144W,YLR410W-B,0,0.92685854,0.23052535951137543,0.9788461327552795,0.34116464853286743
YOR071C,YLR432W,0,0.92565185,0.23047317564487457,0.9788461327552795,0.3412650525569916
YJL143W,YHR074W,0,0.9253516,0.2304210066795349,0.9788461327552795,0.3413654565811157
YGL198W,YPL271W,0,0.924923,0.23036886751651764,0.9788461327552795,0.34146586060523987
YNL051W,YML045W-A,0,0.9238795,0.23031674325466156,0.9788461327552795,0.341566264629364
YLR024C,YHR210C,0,0.9234021,0.23026464879512787,0.9788461327552795,0.34166666865348816
YNR041C,YJR028W,0,0.9225445,0.23021256923675537,0.9788461327552795,0.3417670726776123
YOL152W,YER020W,0,0.92251855,0.23016051948070526,0.9788461327552795,0.34186747670173645
YGR124W,YPR200C,0,0.922431,0.23010849952697754,0.9788461327552795,0.3419678807258606
YLL018C,YPL078C,0,0.92214036,0.230056494474411,0.9788461327552795,0.34206828474998474
YMR275C,YBL051C,0,0.92209077,0.23000451922416687,0.9788461327552795,0.3421686887741089
YHR079C-B,YBR233W-A,0,0.9215226,0.22995255887508392,0.9788461327552795,0.34226906299591064
YKR077W,YKL058W,0,0.9213041,0.22990062832832336,0.9788461327552795,0.3423694670200348
YPL257W-B,YDR448W,0,0.92101,0.2298487275838852,0.9788461327552795,0.34246987104415894
YMR287C,YGL051W,0,0.9206726,0.22979684174060822,0.9788461327552795,0.3425702750682831
YMR201C,YDR279W,0,0.91986036,0.22974498569965363,0.9788461327552795,0.3426706790924072
YOR192C-A,YKL161C,0,0.9196012,0.22969314455986023,0.9788461327552795,0.34277108311653137
YGR062C,YMR226C,0,0.91910493,0.22964133322238922,0.9788461327552795,0.3428714871406555
YKL212W,YNR018W,0,0.9186468,0.2295895367860794,0.9788461327552795,0.34297189116477966
YBR301W,YMR034C,0,0.9180607,0.22953777015209198,0.9788461327552795,0.3430722951889038
YDR004W,YMR315W,0,0.91804534,0.22948601841926575,0.9788461327552795,0.34317269921302795
YFL011W-A,YBR031W,0,0.9179435,0.2294342964887619,0.9788461327552795,0.3432731032371521
YER070W,YPL103C,0,0.9178306,0.22938260436058044,0.9788461327552795,0.34337350726127625
YGR027W-B,YHR057C,0,0.9175588,0.22933092713356018,0.9788461327552795,0.343473881483078
YGL163C,YPR200C,0,0.91728806,0.2292792797088623,0.9788461327552795,0.34357428550720215
YJR031C,YJL098W,0,0.91683614,0.22922764718532562,0.9788461327552795,0.3436746895313263
YBL020W,YFL025C,0,0.91664916,0.22917604446411133,0.9788461327552795,0.34377509355545044
YDR227W,YER110C,0,0.91462946,0.22912447154521942,0.9788461327552795,0.3438754975795746
YNL163C,YBL052C,0,0.91457295,0.2290729135274887,0.9788461327552795,0.34397590160369873
YLR410W-A,YDL154W,0,0.9140194,0.2290213704109192,0.9788461327552795,0.3440763056278229
YMR087W,YOR388C,0,0.9127546,0.22896985709667206,0.9788461327552795,0.344176709651947
YDR499W,YJL144W,0,0.9121253,0.22891837358474731,0.9788461327552795,0.34427711367607117
YJL181W,YOR049C,0,0.9108862,0.22886690497398376,0.9788461327552795,0.3443775177001953
YOR081C,YNL178W,0,0.91075075,0.2288154661655426,0.9788461327552795,0.34447792172431946
YCL031C,YDR039C,0,0.9092868,0.22876404225826263,0.9788461327552795,0.3445783257484436
YGR279C,YIL083C,0,0.90918016,0.22871264815330505,0.9788461327552795,0.34467869997024536
YDR098C-A,YBR282W,0,0.90882933,0.22866126894950867,0.9788461327552795,0.3447791039943695
YPR119W,YML052W,0,0.9086944,0.22860991954803467,0.9788461327552795,0.34487950801849365
YPL117C,YGL233W,0,0.90733165,0.22855859994888306,0.9788461327552795,0.3449799120426178
YKL007W,YLR318W,0,0.9072864,0.22850729525089264,0.9788461327552795,0.34508031606674194
YDL135C,YDR098C-A,0,0.9070602,0.2284560203552246,0.9788461327552795,0.3451807200908661
YLR118C,YGL206C,0,0.9065794,0.22840476036071777,0.9788461327552795,0.34528112411499023
YPR138C,YDR158W,0,0.90656257,0.22835351526737213,0.9788461327552795,0.3453815281391144
YJL012C-A,YOR330C,0,0.90618175,0.22830231487751007,0.9788461327552795,0.3454819321632385
YOR150W,YBR067C,0,0.9047098,0.228251114487648,0.9788461327552795,0.34558233618736267
YMR221C,YGR044C,0,0.9017719,0.22819995880126953,0.9788461327552795,0.3456827402114868
YHR214W-G,YKL087C,0,0.8997517,0.22814881801605225,0.9788461327552795,0.34578314423561096
YAR070W-A,YDR120C,0,0.8997517,0.22809769213199615,0.9788461327552795,0.3458835482597351
YDR210W-C,YNR007C,0,0.8997517,0.22804659605026245,0.9788461327552795,0.34598392248153687
YOR147W,YOR343C-A,0,0.8997517,0.22799551486968994,0.9788461327552795,0.346084326505661
YER145C,YHR214W-G,0,0.8997517,0.22794446349143982,0.9788461327552795,0.34618473052978516
YDR210W-C,YMR218C,0,0.8997517,0.22789344191551208,0.9788461327552795,0.3462851345539093
YDR210W-C,YDR283C,0,0.8997517,0.22784243524074554,0.9788461327552795,0.34638553857803345
YAR070W-A,YPR068C,0,0.8997517,0.2277914583683014,0.9788461327552795,0.3464859426021576
YMR261C,YOR343C-A,0,0.8997517,0.22774049639701843,0.9788461327552795,0.34658634662628174
YDR210W-C,YIL042C,0,0.8997517,0.22768954932689667,0.9788461327552795,0.3466867506504059
YKR035W-A,YBL101W-B,0,0.8997517,0.22763864696025848,0.9788461327552795,0.34678715467453003
YHR214W-G,YCL051W,0,0.8997517,0.2275877445936203,0.9788461327552795,0.3468875586986542
YGR161W-A,YCL060C,0,0.8997517,0.2275368869304657,0.9788461327552795,0.3469879627227783
YAR070W-A,YCR004C,0,0.8997517,0.2274860292673111,0.9788461327552795,0.34708836674690247
YLR312C-B,YBL101W-B,0,0.8997517,0.22743521630764008,0.9788461327552795,0.3471887409687042
YGL010W,YCR029C-A,0,0.8997517,0.22738440334796906,0.9788461327552795,0.34728914499282837
YDR107C,YHR214W-G,0,0.8997517,0.22733363509178162,0.9788461327552795,0.3473895490169525
YDR210W-C,YLR417W,0,0.8997517,0.22728288173675537,0.9788461327552795,0.34748995304107666
YBR131W,YOR343C-A,0,0.8997517,0.22723214328289032,0.9788461327552795,0.3475903570652008
YCR029C-A,YMR045C,0,0.8997517,0.22718143463134766,0.9788461327552795,0.34769076108932495
YDR210W-C,YKR052C,0,0.8997517,0.2271307408809662,0.9788461327552795,0.3477911651134491
YHR214W-G,YFR018C,0,0.8997517,0.2270800769329071,0.9788461327552795,0.34789156913757324
YHR214W-G,YMR176W,0,0.8997517,0.2270294427871704,0.9788461327552795,0.3479919731616974
YLR391W-A,YHR210C,0,0.8997517,0.2269788235425949,0.9788461327552795,0.34809237718582153
YDR170W-A,YCL012W,0,0.8997517,0.2269282191991806,0.9788461327552795,0.3481927812099457
YBL101W-A,YJL073W,0,0.8997517,0.22687764465808868,0.9788461327552795,0.3482931852340698
YER027C,YNR021W,0,0.8988322,0.22682709991931915,0.9788461327552795,0.3483935594558716
YDL200C,YNL056W,0,0.89822114,0.22677657008171082,0.9788461327552795,0.3484939634799957
YLR438C-A,YFL029C,0,0.89796996,0.22672605514526367,0.9788461327552795,0.3485943675041199
YJR015W,YMR307W,0,0.89790183,0.22667557001113892,0.9788461327552795,0.348694771528244
YJL196C,YBR230C,0,0.8978158,0.22662511467933655,0.9788461327552795,0.34879517555236816
YOR358W,YBR012W-B,0,0.8977319,0.22657467424869537,0.9788461327552795,0.3488955795764923
YDR444W,YGR266W,0,0.8967666,0.2265242487192154,0.9788461327552795,0.34899598360061646
YAL019W,YML116W,0,0.89645135,0.2264738529920578,0.9788461327552795,0.3490963876247406
YDL101C,YMR183C,0,0.89639795,0.2264234870672226,0.9788461327552795,0.34919679164886475
YDL072C,YOR142W-B,0,0.89631486,0.22637313604354858,0.9788461327552795,0.3492971956729889
YER014W,YOR228C,0,0.8962602,0.22632281482219696,0.9788461327552795,0.34939759969711304
YCL069W,YPL083C,0,0.89587635,0.22627250850200653,0.9788461327552795,0.3494980037212372
YDR222W,YER087W,0,0.89541495,0.2262222170829773,0.9788461327552795,0.34959840774536133
YBL041W,YCR020C,0,0.8946936,0.22617195546627045,0.9788461327552795,0.3496987819671631
YLR395C,YKR037C,0,0.8945567,0.226121723651886,0.9788461327552795,0.34979918599128723
YMR194W,YGR296W,0,0.8945363,0.22607150673866272,0.9788461327552795,0.3498995900154114
YNL107W,YNR013C,0,0.8941257,0.22602131962776184,0.9788461327552795,0.3499999940395355
YMR130W,YNL052W,0,0.8939189,0.22597114741802216,0.9788461327552795,0.35010039806365967
YLL050C,YGL123W,0,0.89391553,0.22592099010944366,0.9788461327552795,0.3502008020877838
YLR283W,YGL061C,0,0.8936546,0.22587086260318756,0.9788461327552795,0.35030120611190796
YGR177C,YPL244C,0,0.8929442,0.22582076489925385,0.9788461327552795,0.3504016101360321
YNL304W,YCL074W,0,0.89224005,0.22577068209648132,0.9788461327552795,0.35050201416015625
YDL112W,YER176W,0,0.89176714,0.22572061419487,0.9788461327552795,0.3506024181842804
YGR258C,YNL066W,0,0.8906569,0.22567057609558105,0.9788461327552795,0.35070282220840454
YER014C-A,YBR173C,0,0.8905061,0.2256205677986145,0.9788461327552795,0.3508032262325287
YEL038W,YPL104W,0,0.8895452,0.22557057440280914,0.9788461327552795,0.35090360045433044
YGL169W,YDR107C,0,0.88920015,0.22552059590816498,0.9788461327552795,0.3510040044784546
YOR207C,YGL209W,0,0.8891045,0.2254706472158432,0.9788461327552795,0.35110440850257874
YGL016W,YJR049C,0,0.8883411,0.2254207283258438,0.9788461327552795,0.3512048125267029
YER019C-A,YGR161C-D,0,0.8875887,0.22537082433700562,0.9788461327552795,0.351305216550827
YLR305C,YOR240W,0,0.88729894,0.2253209352493286,0.9788461327552795,0.35140562057495117
YKL208W,YGR272C,1,0.88555783,0.22549235820770264,0.9798076748847961,0.35140562057495117
YGR122W,YKR068C,0,0.88483506,0.22544248402118683,0.9798076748847961,0.3515060245990753
YNL202W,YFR003C,0,0.88461065,0.22539260983467102,0.9798076748847961,0.35160642862319946
YIL034C,YDR165W,0,0.8845459,0.2253427654504776,0.9798076748847961,0.3517068326473236
YKL199C,YDR129C,0,0.88446903,0.22529295086860657,0.9798076748847961,0.35180723667144775
YLR154W-C,YLR197W,0,0.8840314,0.22524315118789673,0.9798076748847961,0.3519076406955719
YOR378W,YNL025C,0,0.883746,0.22519336640834808,0.9798076748847961,0.35200804471969604
YLR451W,YCR030C,0,0.8834779,0.22514361143112183,0.9798076748847961,0.3521084189414978
YDL033C,YML055W,0,0.8834541,0.22509388625621796,0.9798076748847961,0.35220882296562195
YNL016W,YOR106W,0,0.88283104,0.22504417598247528,0.9798076748847961,0.3523092269897461
YBR066C,YDR482C,0,0.88189554,0.2249944806098938,0.9798076748847961,0.35240963101387024
YKR014C,YNL136W,0,0.8812219,0.2249448150396347,0.9798076748847961,0.3525100350379944
YLR244C,YOR142W-A,0,0.8808187,0.2248951643705368,0.9798076748847961,0.35261043906211853
YER019C-A,YPL189W,0,0.8806111,0.2248455435037613,0.9798076748847961,0.3527108430862427
YOR124C,YHR013C,0,0.8786488,0.22479593753814697,0.9798076748847961,0.3528112471103668
YFR024C,YPR028W,0,0.87699044,0.22474636137485504,0.9798076748847961,0.35291165113449097
YPL262W,YJR135C,0,0.87671405,0.2246968001127243,0.9798076748847961,0.3530120551586151
YNL317W,YJL213W,0,0.8740001,0.22464726865291595,0.9798076748847961,0.35311245918273926
YDR364C,YBL058W,0,0.8737048,0.2245977520942688,0.9798076748847961,0.3532128632068634
YIL172C,YCL001W,0,0.87269676,0.22454826533794403,0.9798076748847961,0.35331326723098755
YLR145W,YDR092W,0,0.8711543,0.22449879348278046,0.9798076748847961,0.3534136414527893
YHR214C-C,YOL061W,0,0.8710518,0.22444933652877808,0.9798076748847961,0.35351404547691345
YDL070W,YPL206C,0,0.8706271,0.22439990937709808,0.9798076748847961,0.3536144495010376
YML009C,YHL034C,0,0.86986244,0.22435051202774048,0.9798076748847961,0.35371485352516174
YFR025C,YJR051W,0,0.86947834,0.22430112957954407,0.9798076748847961,0.3538152575492859
YDR098C-B,YDR403W,0,0.8692818,0.22425176203250885,0.9798076748847961,0.35391566157341003
YDR262W,YJL045W,0,0.86785156,0.22420242428779602,0.9798076748847961,0.3540160655975342
YNL284C-A,YGR003W,0,0.867342,0.22415310144424438,0.9798076748847961,0.3541164696216583
YKL017C,YDR310C,0,0.8668783,0.22410380840301514,0.9798076748847961,0.35421687364578247
YDR443C,YOR346W,0,0.86651385,0.22405453026294708,0.9798076748847961,0.3543172776699066
YOR084W,YER049W,0,0.86528814,0.22400528192520142,0.9798076748847961,0.35441768169403076
YBR080C,YER148W,0,0.86462605,0.22395604848861694,0.9798076748847961,0.3545180857181549
YMR300C,YML092C,0,0.86445206,0.22390682995319366,0.9798076748847961,0.35461845993995667
YFL001W,YKL080W,0,0.86416906,0.22385764122009277,0.9798076748847961,0.3547188639640808
YLR439W,YLR429W,0,0.86386037,0.22380848228931427,0.9798076748847961,0.35481926798820496
YBR131W,YJL164C,0,0.8636764,0.22375933825969696,0.9798076748847961,0.3549196720123291
YDL142C,YBR069C,0,0.86339796,0.22371020913124084,0.9798076748847961,0.35502007603645325
YNL284C-A,YDR316W-A,0,0.86339056,0.22366110980510712,0.9798076748847961,0.3551204800605774
YDR300C,YMR149W,0,0.86273116,0.22361202538013458,0.9798076748847961,0.35522088408470154
YLR092W,YIL107C,0,0.86259156,0.22356297075748444,0.9798076748847961,0.3553212881088257
YOL103W-B,YER008C,0,0.86235917,0.22351393103599548,0.9798076748847961,0.35542169213294983
YOR204W,YBR058C,0,0.86211514,0.22346490621566772,0.9798076748847961,0.355522096157074
YDR375C,YKL145W,0,0.8617314,0.22341591119766235,0.9798076748847961,0.3556225001811981
YDL056W,YBR208C,0,0.86160606,0.22336694598197937,0.9798076748847961,0.35572290420532227
YGR216C,YNL185C,0,0.86109996,0.22331799566745758,0.9798076748847961,0.355823278427124
YPR100W,YDR494W,0,0.8606399,0.22326906025409698,0.9798076748847961,0.35592368245124817
YPR158C-D,YGR276C,0,0.8600639,0.22322015464305878,0.9798076748847961,0.3560240864753723
YMR037C,YGL119W,0,0.8600315,0.22317126393318176,0.9798076748847961,0.35612449049949646
YJR147W,YHR058C,0,0.8596388,0.22312240302562714,0.9798076748847961,0.3562248945236206
YNL049C,YMR166C,0,0.8596266,0.2230735570192337,0.9798076748847961,0.35632529854774475
YGL016W,YIL021W,0,0.85780185,0.22302472591400146,0.9798076748847961,0.3564257025718689
YGL021W,YHR039C-B,0,0.8568693,0.2229759246110916,0.9798076748847961,0.35652610659599304
YER014W,YBR200W-A,0,0.8568144,0.22292715311050415,0.9798076748847961,0.3566265106201172
YDR019C,YPL225W,0,0.8563629,0.22287839651107788,0.9798076748847961,0.35672691464424133
YMR210W,YDR441C,0,0.8556621,0.2228296548128128,0.9798076748847961,0.3568273186683655
YDR127W,YBR096W,0,0.85447884,0.22278094291687012,0.9798076748847961,0.3569277226924896
YPL167C,YIL148W,0,0.8539493,0.22273224592208862,0.9798076748847961,0.35702812671661377
YOR172W,YDR320C,0,0.853039,0.22268356382846832,0.9798076748847961,0.3571285009384155
YHR214C-B,YJR084W,0,0.8518858,0.2226349115371704,0.9798076748847961,0.3572289049625397
YKL063C,YOR326W,0,0.8498519,0.22258628904819489,0.9798076748847961,0.3573293089866638
YOR075W,YDL059C,0,0.84858024,0.22253766655921936,0.9798076748847961,0.35742971301078796
YAL011W,YMR097C,0,0.84775925,0.22248908877372742,0.9798076748847961,0.3575301170349121
YML045W-A,YHR090C,0,0.8476271,0.22244051098823547,0.9798076748847961,0.35763052105903625
YOL101C,YGL144C,0,0.84690076,0.22239196300506592,0.9798076748847961,0.3577309250831604
YFR024C-A,YJR135W-A,0,0.8468328,0.22234344482421875,0.9798076748847961,0.35783132910728455
YGL096W,YPL131W,0,0.8463228,0.22229494154453278,0.9798076748847961,0.3579317331314087
YKL194C,YOR239W,0,0.8454771,0.222246453166008,0.9798076748847961,0.35803213715553284
YJL140W,YJL008C,0,0.84477913,0.2221979945898056,0.9798076748847961,0.358132541179657
YNL217W,YLR295C,0,0.8447107,0.2221495509147644,0.9798076748847961,0.35823294520378113
YMR307W,YPL189W,0,0.8446145,0.2221011370420456,0.9798076748847961,0.3583333194255829
YJL133C-A,YKL087C,0,0.8442507,0.22205273807048798,0.9798076748847961,0.35843372344970703
YGR296W,YAL028W,0,0.84416175,0.22200435400009155,0.9798076748847961,0.3585341274738312
YJR045C,YPL050C,0,0.84389925,0.22195599973201752,0.9798076748847961,0.3586345314979553
YBR261C,YPL244C,0,0.8437886,0.22190766036510468,0.9798076748847961,0.35873493552207947
YHR023W,YMR136W,0,0.8434566,0.22185935080051422,0.9798076748847961,0.3588353395462036
YDR244W,YLR325C,0,0.8422699,0.22181105613708496,0.9798076748847961,0.35893574357032776
YDL084W,YBR050C,0,0.8416084,0.2217627912759781,0.9798076748847961,0.3590361475944519
YJL144W,YPL027W,0,0.84138626,0.2217145413160324,0.9798076748847961,0.35913655161857605
YLR256W-A,YHR132C,0,0.84071404,0.22166630625724792,0.9798076748847961,0.3592369556427002
YBR120C,YJL097W,0,0.84010696,0.22161810100078583,0.9798076748847961,0.35933735966682434
YKL059C,YJL194W,0,0.8395121,0.22156991064548492,0.9798076748847961,0.3594377636909485
YIL101C,YOR167C,0,0.8387792,0.22152173519134521,0.9798076748847961,0.35953813791275024
YDR118W,YDL235C,0,0.8386698,0.2214735895395279,0.9798076748847961,0.3596385419368744
YCL050C,YHR167W,0,0.8385241,0.22142547369003296,0.9798076748847961,0.35973894596099854
YDL108W,YLR314C,0,0.8380928,0.22137735784053802,0.9798076748847961,0.3598393499851227
YBR046C,YPL225W,0,0.83776164,0.22132927179336548,0.9798076748847961,0.3599397540092468
YDR210W-B,YGR253C,0,0.836888,0.22128121554851532,0.9798076748847961,0.36004015803337097
YDL021W,YGL253W,0,0.8363194,0.22123317420482635,0.9798076748847961,0.3601405620574951
YOL009C,YPR006C,0,0.83540756,0.22118514776229858,0.9798076748847961,0.36024096608161926
YMR118C,YNL131W,0,0.83526933,0.2211371511220932,0.9798076748847961,0.3603413701057434
YGL095C,YJL170C,0,0.8348416,0.221089169383049,0.9798076748847961,0.36044177412986755
YDR498C,YER053C-A,0,0.8345334,0.2210412174463272,0.9798076748847961,0.3605421781539917
YBR145W,YLR377C,0,0.83433217,0.2209932804107666,0.9798076748847961,0.36064258217811584
YMR221C,YOR271C,0,0.83420956,0.2209453582763672,0.9798076748847961,0.36074298620224
YOR320C,YLR008C,0,0.83384293,0.22089746594429016,0.9798076748847961,0.36084336042404175
YMR156C,YBR086C,0,0.83368415,0.22084958851337433,0.9798076748847961,0.3609437644481659
YOR019W,YLR045C,0,0.83294857,0.22080174088478088,0.9798076748847961,0.36104416847229004
YOR384W,YOL107W,0,0.83230114,0.22075389325618744,0.9798076748847961,0.3611445724964142
YGR027W-B,YDL093W,0,0.8320198,0.22070609033107758,0.9798076748847961,0.36124497652053833
YGR054W,YJR098C,0,0.83100426,0.2206582874059677,0.9798076748847961,0.3613453805446625
YHR092C,YLR035C-A,0,0.8307756,0.22061052918434143,0.9798076748847961,0.3614457845687866
YDR369C,YHR202W,0,0.8306395,0.22056277096271515,0.9798076748847961,0.36154618859291077
YMR051C,YJR010C-A,0,0.8304943,0.22051504254341125,0.9798076748847961,0.3616465926170349
YMR088C,YDR040C,0,0.8296408,0.22046732902526855,0.9798076748847961,0.36174699664115906
YMR117C,YNL086W,0,0.82896876,0.22041964530944824,0.9798076748847961,0.3618474006652832
YKR055W,YBR020W,0,0.8272568,0.22037197649478912,0.9798076748847961,0.36194780468940735
YKL138C-A,YJL101C,0,0.8260478,0.2203243225812912,0.9798076748847961,0.3620481789112091
YGL141W,YGL104C,0,0.82418144,0.22027669847011566,0.9798076748847961,0.36214858293533325
YBL008W,YPR155C,0,0.8240987,0.22022908926010132,0.9798076748847961,0.3622489869594574
YLL017W,YNL339C,0,0.82403576,0.22018150985240936,0.9798076748847961,0.36234939098358154
YDR316W-B,YJL066C,0,0.82285583,0.2201339453458786,0.9798076748847961,0.3624497950077057
YHR214C-C,YKR019C,0,0.82259685,0.22008639574050903,0.9798076748847961,0.36255019903182983
YJL186W,YLR129W,0,0.8223759,0.22003887593746185,0.9798076748847961,0.362650603055954
YIL137C,YLR227W-B,0,0.8214997,0.21999137103557587,0.9798076748847961,0.3627510070800781
YLR142W,YPR047W,0,0.8211436,0.21994388103485107,0.9798076748847961,0.36285141110420227
YPR017C,YDR076W,0,0.82107866,0.21989642083644867,0.9798076748847961,0.3629518151283264
YDR036C,YIL113W,0,0.820914,0.21984897553920746,0.9798076748847961,0.36305221915245056
YDR473C,YLR141W,0,0.82015574,0.21980156004428864,0.9798076748847961,0.3631526231765747
YBR006W,YJL194W,0,0.8196447,0.2197541445493698,0.9798076748847961,0.36325299739837646
YIR009W,YMR050C,0,0.81940114,0.21970677375793457,0.9798076748847961,0.3633534014225006
YKR061W,YFR024C,0,0.8189007,0.21965940296649933,0.9798076748847961,0.36345380544662476
YLR227W-A,YNL128W,0,0.8185956,0.21961206197738647,0.9798076748847961,0.3635542094707489
YMR215W,YDR367W,0,0.8180232,0.219564750790596,0.9798076748847961,0.36365461349487305
YIL094C,YPL129W,0,0.8167598,0.21951745450496674,0.9798076748847961,0.3637550175189972
YLR200W,YGR046W,0,0.81662995,0.21947017312049866,0.9798076748847961,0.36385542154312134
YER062C,YHL025W,0,0.81590956,0.21942290663719177,0.9798076748847961,0.3639558255672455
YMR061W,YNL147W,0,0.81541526,0.21937566995620728,0.9798076748847961,0.36405622959136963
YFL037W,YKL183W,0,0.8153294,0.21932844817638397,0.9798076748847961,0.3641566336154938
YPR189W,YDR430C,0,0.8151447,0.21928125619888306,0.9798076748847961,0.3642570376396179
YER087C-A,YDR076W,0,0.81509864,0.21923407912254333,0.9798076748847961,0.36435744166374207
YLR244C,YLR306W,0,0.8148547,0.2191869169473648,0.9798076748847961,0.3644578456878662
YMR035W,YMR262W,0,0.8141336,0.21913978457450867,0.9798076748847961,0.36455821990966797
YDR080W,YML098W,0,0.81339633,0.21909266710281372,0.9798076748847961,0.3646586239337921
YDR004W,YBR012W-A,0,0.8133118,0.21904556453227997,0.9798076748847961,0.36475902795791626
YHR089C,YBL101W-A,0,0.8133059,0.2189984917640686,0.9798076748847961,0.3648594319820404
YHR077C,YDR359C,0,0.81314784,0.21895143389701843,0.9798076748847961,0.36495983600616455
YKL058W,YGR188C,0,0.81291825,0.21890440583229065,0.9798076748847961,0.3650602400302887
YIL006W,YJR046W,0,0.81267416,0.21885739266872406,0.9798076748847961,0.36516064405441284
YDR218C,YDR466W,0,0.81257385,0.21881039440631866,0.9798076748847961,0.365261048078537
YDL040C,YPL122C,0,0.81133974,0.21876341104507446,0.9798076748847961,0.36536145210266113
YOR008C,YKR095W-A,0,0.81071,0.21871645748615265,0.9798076748847961,0.3654618561267853
YGR076C,YDL040C,0,0.80985177,0.21866953372955322,0.9798076748847961,0.3655622601509094
YBR175W,YJL170C,0,0.8096603,0.2186226099729538,0.9798076748847961,0.36566266417503357
YHR044C,YHR202W,0,0.80959797,0.21857571601867676,0.9798076748847961,0.3657630383968353
YGR036C,YBR074W,0,0.80859303,0.2185288369655609,0.9798076748847961,0.3658634424209595
YKR058W,YDR316W-A,0,0.80833656,0.21848198771476746,0.9798076748847961,0.3659638464450836
YLR356W,YMR195W,0,0.8078815,0.2184351533651352,0.9798076748847961,0.36606425046920776
YNR033W,YGR161C,0,0.8073817,0.21838833391666412,0.9798076748847961,0.3661646544933319
YGR258C,YDR210C-D,0,0.8069793,0.21834154427051544,0.9798076748847961,0.36626505851745605
YNR038W,YMR025W,0,0.80651885,0.21829476952552795,0.9798076748847961,0.3663654625415802
YCL050C,YNL156C,0,0.80601126,0.21824802458286285,0.9798076748847961,0.36646586656570435
YKL016C,YJL186W,0,0.8047467,0.21820127964019775,0.9798076748847961,0.3665662705898285
YPL156C,YDR345C,0,0.8040931,0.21815456449985504,0.9798076748847961,0.36666667461395264
YJR138W,YLL038C,0,0.80386597,0.21810787916183472,0.9798076748847961,0.3667670786380768
YDL056W,YNL095C,0,0.80362076,0.21806120872497559,0.9798076748847961,0.3668674826622009
YDL139C,YJR104C,0,0.80351907,0.21801455318927765,0.9798076748847961,0.3669678568840027
YPL051W,YKL015W,0,0.80339557,0.2179679125547409,0.9798076748847961,0.36706826090812683
YDR108W,YLR170C,0,0.8023242,0.21792130172252655,0.9798076748847961,0.367168664932251
YNR061C,YFL045C,0,0.8021762,0.2178747057914734,0.9798076748847961,0.3672690689563751
YOL010W,YGL170C,0,0.8020521,0.21782812476158142,0.9798076748847961,0.36736947298049927
YDR281C,YNL273W,0,0.80135006,0.21778157353401184,0.9798076748847961,0.3674698770046234
YHL026C,YEL070W,0,0.8011653,0.21773503720760345,0.9798076748847961,0.36757028102874756
YCL048W-A,YKR068C,0,0.8010343,0.21768853068351746,0.9798076748847961,0.3676706850528717
YMR177W,YGL167C,0,0.80005306,0.21764203906059265,0.9798076748847961,0.36777108907699585
YDR330W,YIL139C,0,0.79996073,0.21759556233882904,0.9798076748847961,0.36787149310112
YDR529C,YDR075W,0,0.7991215,0.21754910051822662,0.9798076748847961,0.36797189712524414
YIL038C,YDR173C,0,0.7986618,0.2175026684999466,0.9798076748847961,0.3680723011493683
YNL284C-B,YGL157W,0,0.7985817,0.21745625138282776,0.9798076748847961,0.36817270517349243
YDL164C,YKL069W,0,0.7985066,0.2174098640680313,0.9798076748847961,0.3682730793952942
YJR021C,YHR214C-C,0,0.79789424,0.21736347675323486,0.9798076748847961,0.36837348341941833
YDR086C,YMR087W,0,0.79746497,0.2173171192407608,0.9798076748847961,0.3684738874435425
YNR040W,YBR084W,0,0.7970171,0.21727079153060913,0.9798076748847961,0.3685742914676666
YJR006W,YKR050W,0,0.7965568,0.21722447872161865,0.9798076748847961,0.36867469549179077
YBR095C,YPL082C,0,0.7961794,0.21717818081378937,0.9798076748847961,0.3687750995159149
YPR166C,YPL075W,0,0.79563504,0.21713189780712128,0.9798076748847961,0.36887550354003906
YAL028W,YNR013C,0,0.7949378,0.21708564460277557,0.9798076748847961,0.3689759075641632
YER147C,YMR177W,0,0.7945229,0.21703940629959106,0.9798076748847961,0.36907631158828735
YNR040W,YIL143C,0,0.7944464,0.21699318289756775,0.9798076748847961,0.3691767156124115
YDR226W,YIR032C,0,0.7937343,0.21694698929786682,0.9798076748847961,0.36927711963653564
YAR035W,YKL096W-A,0,0.7934738,0.2169008105993271,0.9798076748847961,0.3693775236606598
YDR080W,YOL070C,0,0.79340667,0.21685464680194855,0.9798076748847961,0.36947789788246155
YIL145C,YNL160W,0,0.79330045,0.2168085128068924,0.9798076748847961,0.3695783019065857
YCL068C,YJL172W,0,0.793042,0.21676239371299744,0.9798076748847961,0.36967870593070984
YDL054C,YNL054W-A,0,0.79201746,0.21671628952026367,0.9798076748847961,0.369779109954834
YDL141W,YDL148C,0,0.7913493,0.2166702151298523,0.9798076748847961,0.36987951397895813
YPR171W,YJL162C,0,0.7907187,0.2166241556406021,0.9798076748847961,0.3699799180030823
YJL021C,YFR024C-A,0,0.79026896,0.21657811105251312,0.9798076748847961,0.3700803220272064
YBL101W-A,YOL061W,0,0.7900912,0.21653208136558533,0.9798076748847961,0.37018072605133057
YMR204C,YDL119C,0,0.7884805,0.21648608148097992,0.9798076748847961,0.3702811300754547
YOR192C-A,YFR008W,0,0.78759193,0.2164400964975357,0.9798076748847961,0.37038153409957886
YGR292W,YHL009W-B,0,0.78691995,0.21639414131641388,0.9798076748847961,0.370481938123703
YOL103W-B,YLR321C,0,0.78659904,0.21634820103645325,0.9798076748847961,0.37058234214782715
YJL026W,YBR090C-A,0,0.7863022,0.2163022756576538,0.9798076748847961,0.3706827163696289
YMR211W,YOL052C,0,0.7862155,0.21625636518001556,0.9798076748847961,0.37078312039375305
YGR251W,YDR098C-A,0,0.785547,0.2162104845046997,0.9798076748847961,0.3708835244178772
YDR222W,YML067C,0,0.78366196,0.21616461873054504,0.9798076748847961,0.37098392844200134
YKR052C,YHR008C,0,0.7835437,0.21611876785755157,0.9798076748847961,0.3710843324661255
YGR112W,YPR048W,0,0.7831383,0.2160729467868805,0.9798076748847961,0.37118473649024963
YBR089C-A,YCR004C,0,0.78307354,0.2160271406173706,0.9798076748847961,0.3712851405143738
YOR036W,YLR363C,0,0.781625,0.2159813493490219,0.9798076748847961,0.3713855445384979
YPL146C,YJR035W,0,0.7801424,0.2159355729818344,0.9798076748847961,0.37148594856262207
YPL281C,YBR037C,0,0.77986044,0.2158898264169693,0.9798076748847961,0.3715863525867462
YDR167W,YGL191W,0,0.77978534,0.21584409475326538,0.9798076748847961,0.37168675661087036
YPR137C-B,YIR006C,0,0.7793659,0.21579839289188385,0.9798076748847961,0.3717871606349945
YKL053C-A,YHR214W,0,0.7792431,0.2157527059316635,0.9798076748847961,0.37188756465911865
YCL074W,YBR185C,0,0.77906114,0.21570703387260437,0.9798076748847961,0.3719879388809204
YIL120W,YLL016W,0,0.7789465,0.21566137671470642,0.9798076748847961,0.37208834290504456
YOL096C,YDR367W,0,0.77872884,0.21561574935913086,0.9798076748847961,0.3721887469291687
YLR459W,YMR112C,0,0.7780129,0.2155701220035553,0.9798076748847961,0.37228915095329285
YHR029C,YIL072W,0,0.776696,0.21552453935146332,0.9798076748847961,0.372389554977417
YGL136C,YLR460C,0,0.7763769,0.21547895669937134,0.9798076748847961,0.37248995900154114
YGR254W,YLR011W,0,0.776056,0.21543340384960175,0.9798076748847961,0.3725903630256653
YJR006W,YGR097W,0,0.77602553,0.21538786590099335,0.9798076748847961,0.37269076704978943
YHR086W,YAL017W,0,0.77432865,0.21534234285354614,0.9798076748847961,0.3727911710739136
YOR047C,YPL011C,0,0.7741014,0.21529684960842133,0.9798076748847961,0.3728915750980377
YNL054W-A,YLR154C,0,0.77369094,0.2152513712644577,0.9798076748847961,0.37299197912216187
YLL018C-A,YMR127C,0,0.77346444,0.21520590782165527,0.9798076748847961,0.373092383146286
YLR327C,YJR006W,0,0.7731126,0.21516047418117523,0.9798076748847961,0.37319275736808777
YJL046W,YKL168C,0,0.77198464,0.21511505544185638,0.9798076748847961,0.3732931613922119
YGL185C,YBL089W,0,0.7717557,0.21506965160369873,0.9798076748847961,0.37339356541633606
YGR161W-A,YLR014C,0,0.7710055,0.21502426266670227,0.9798076748847961,0.3734939694404602
YKL119C,YPL239W,0,0.769173,0.2149789035320282,0.9798076748847961,0.37359437346458435
YER014C-A,YLR419W,0,0.76857173,0.21493355929851532,0.9798076748847961,0.3736947774887085
YHR122W,YML109W,0,0.76730275,0.21488822996616364,0.9798076748847961,0.37379518151283264
YOL098C,YKL199C,0,0.76579714,0.21484293043613434,0.9798076748847961,0.3738955855369568
YDR320C-A,YPL087W,0,0.7640052,0.21479764580726624,0.9798076748847961,0.37399598956108093
YER023W,YML088W,0,0.7632626,0.21475237607955933,0.9798076748847961,0.3740963935852051
YMR122W-A,YGR088W,0,0.76218957,0.2147071212530136,0.9798076748847961,0.3741967976093292
YDR427W,YNR055C,0,0.7618115,0.21466189622879028,0.9798076748847961,0.37429720163345337
YER109C,YLR194C,0,0.7617315,0.21461668610572815,0.9798076748847961,0.3743975758552551
YLR055C,YDL235C,0,0.76159704,0.2145714908838272,0.9798076748847961,0.3744979798793793
YER072W,YDR168W,0,0.7610783,0.21452631056308746,0.9798076748847961,0.3745983839035034
YDR501W,YJL144W,0,0.7608554,0.2144811600446701,0.9798076748847961,0.37469878792762756
YDR224C,YER045C,0,0.7605412,0.21443602442741394,0.9798076748847961,0.3747991919517517
YHR149C,YPL257W-B,0,0.76030385,0.21439090371131897,0.9798076748847961,0.37489959597587585
YNR007C,YBL039C,0,0.7602409,0.2143458127975464,0.9798076748847961,0.375
YNL160W,YOR348C,0,0.7596922,0.214300736784935,0.9798076748847961,0.37510040402412415
YOR192C,YFR024C,0,0.75960904,0.2142556756734848,0.9798076748847961,0.3752008080482483
YBR060C,YGL058W,0,0.7592866,0.214210644364357,0.9798076748847961,0.37530121207237244
YMR267W,YDR532C,0,0.7580962,0.2141656130552292,0.9798076748847961,0.3754016160964966
YGR109W-B,YMR285C,0,0.75787634,0.21412061154842377,0.9798076748847961,0.3755020201206207
YPR135W,YCR044C,0,0.75661325,0.21407562494277954,0.9798076748847961,0.3756024241447449
YIL135C,YCL068C,0,0.7561407,0.2140306681394577,0.9798076748847961,0.37570279836654663
YPL010W,YJR045C,0,0.7560959,0.21398572623729706,0.9798076748847961,0.3758032023906708
YKR083C,YER159C,0,0.75526214,0.2139407992362976,0.9798076748847961,0.3759036064147949
YDR381C-A,YDR034C-C,0,0.7551503,0.21389588713645935,0.9798076748847961,0.37600401043891907
YOR084W,YPL200W,0,0.75438863,0.2138509899377823,0.9798076748847961,0.3761044144630432
YOR260W,YGR012W,0,0.7543039,0.2138061225414276,0.9798076748847961,0.37620481848716736
YKL061W,YJR158W,0,0.7538113,0.21376127004623413,0.9798076748847961,0.3763052225112915
YNL232W,YHR179W,0,0.7537805,0.21371644735336304,0.9798076748847961,0.37640562653541565
YGL192W,YBR100W,0,0.7531349,0.21367162466049194,0.9798076748847961,0.3765060305595398
YBR241C,YDR248C,0,0.7525298,0.21362683176994324,0.9798076748847961,0.37660643458366394
YPL189C-A,YDL245C,0,0.751491,0.21358205378055573,0.9798076748847961,0.3767068386077881
YOR304C-A,YPR017C,0,0.75102985,0.2135373055934906,0.9798076748847961,0.37680724263191223
YGR177C,YHR101C,0,0.7507356,0.21349255740642548,0.9798076748847961,0.376907616853714
YOL076W,YOR057W,0,0.7502098,0.21344783902168274,0.9798076748847961,0.37700802087783813
YJR151C,YHL047C,0,0.749332,0.2134031355381012,0.9798076748847961,0.3771084249019623
YDR415C,YDR501W,0,0.748755,0.21335846185684204,0.9798076748847961,0.3772088289260864
YDL240W,YBR282W,0,0.7486788,0.21331378817558289,0.9798076748847961,0.37730923295021057
YHR046C,YNL223W,0,0.748562,0.21326914429664612,0.9798076748847961,0.3774096369743347
YLR067C,YJR075W,0,0.74842477,0.21322453022003174,0.9798076748847961,0.37751004099845886
YLR126C,YML012W,0,0.7476818,0.21317991614341736,0.9798076748847961,0.377610445022583
YKL174C,YKR078W,0,0.74750733,0.21313533186912537,0.9798076748847961,0.37771084904670715
YDR463W,YLR239C,0,0.74717605,0.21309076249599457,0.9798076748847961,0.3778112530708313
YGL191W,YMR257C,0,0.746837,0.21304620802402496,0.9798076748847961,0.37791165709495544
YDR245W,YIL132C,0,0.7460828,0.21300166845321655,0.9798076748847961,0.3780120611190796
YNR032C-A,YOR119C,0,0.7450315,0.21295715868473053,0.9798076748847961,0.37811243534088135
YDR404C,YML040W,0,0.7446953,0.2129126638174057,0.9798076748847961,0.3782128393650055
YDL190C,YPR054W,0,0.74434596,0.21286818385124207,0.9798076748847961,0.37831324338912964
YMR220W,YDL231C,0,0.7439508,0.21282371878623962,0.9798076748847961,0.3784136474132538
YHR184W,YNL159C,0,0.7432423,0.21277928352355957,0.9798076748847961,0.37851405143737793
YDL230W,YER099C,0,0.74291056,0.2127348631620407,0.9798076748847961,0.3786144554615021
YJR133W,YBR282W,0,0.7424415,0.21269045770168304,0.9798076748847961,0.3787148594856262
YDR261W-B,YGL142C,0,0.741604,0.21264608204364777,0.9798076748847961,0.37881526350975037
YNL293W,YJL213W,0,0.7405932,0.2126017063856125,0.9798076748847961,0.3789156675338745
YDR044W,YNL080C,0,0.74019074,0.2125573605298996,0.9798076748847961,0.37901607155799866
YOL067C,YJL030W,0,0.73871243,0.2125130295753479,0.9798076748847961,0.3791164755821228
YAL011W,YLL016W,0,0.73809254,0.2124687284231186,0.9798076748847961,0.37921687960624695
YGR145W,YOR034C,0,0.73788846,0.21242442727088928,0.9798076748847961,0.3793172836303711
YML127W,YBL013W,0,0.7378706,0.21238015592098236,0.9798076748847961,0.37941765785217285
YJL073W,YJR041C,0,0.73752254,0.21233589947223663,0.9798076748847961,0.379518061876297
YKR100C,YOR290C,0,0.7370516,0.2122916728258133,0.9798076748847961,0.37961846590042114
YIL070C,YDR078C,0,0.7367901,0.21224744617938995,0.9798076748847961,0.3797188699245453
YNL054W-A,YNL248C,0,0.73662955,0.212203249335289,0.9798076748847961,0.37981927394866943
YCR092C,YOR222W,0,0.73649234,0.21215906739234924,0.9798076748847961,0.3799196779727936
YPL103C,YHR167W,0,0.73576814,0.21211490035057068,0.9798076748847961,0.3800200819969177
YOL090W,YDR422C,0,0.73542154,0.2120707631111145,0.9798076748847961,0.38012048602104187
YDR515W,YDR402C,0,0.73414564,0.21202664077281952,0.9798076748847961,0.380220890045166
YML037C,YNR041C,0,0.7326939,0.21198251843452454,0.9798076748847961,0.38032129406929016
YBR121C,YNL267W,0,0.7325413,0.21193844079971313,0.9798076748847961,0.3804216980934143
YML082W,YPR175W,0,0.7318325,0.21189436316490173,0.9798076748847961,0.38052210211753845
YIR002C,YJR050W,0,0.7314251,0.21185031533241272,0.9798076748847961,0.3806224763393402
YKL079W,YPR132W,0,0.73113763,0.2118062824010849,0.9798076748847961,0.38072288036346436
YBR301W,YBR009C,0,0.7310927,0.21176226437091827,0.9798076748847961,0.3808232843875885
YDR078C,YIL007C,0,0.73088586,0.21171826124191284,0.9798076748847961,0.38092368841171265
YJR094W-A,YDL007W,0,0.7297592,0.2116742879152298,0.9798076748847961,0.3810240924358368
YGL249W,YJL206C,0,0.72972333,0.21163031458854675,0.9798076748847961,0.38112449645996094
YJL013C,YHR081W,0,0.72931933,0.2115863859653473,0.9798076748847961,0.3812249004840851
YML096W,YBR041W,0,0.7291727,0.21154245734214783,0.9798076748847961,0.38132530450820923
YML045W,YCR092C,0,0.7289937,0.21149854362010956,0.9798076748847961,0.3814257085323334
YJR078W,YOL018C,0,0.72873867,0.21145465970039368,0.9798076748847961,0.3815261125564575
YDR054C,YGR047C,0,0.7283706,0.211410790681839,0.9798076748847961,0.38162651658058167
YIL004C,YDR090C,0,0.7279012,0.2113669365644455,0.9798076748847961,0.3817269206047058
YLR208W,YNR015W,0,0.7275413,0.2113230973482132,0.9798076748847961,0.38182729482650757
YEL037C,YDL235C,0,0.72679967,0.21127928793430328,0.9798076748847961,0.3819276988506317
YJL221C,YAL048C,0,0.72674835,0.21123549342155457,0.9798076748847961,0.38202810287475586
YLR227W-B,YDR003W,0,0.72566223,0.21119171380996704,0.9798076748847961,0.38212850689888
YDL216C,YPL154C,0,0.7249949,0.2111479490995407,0.9798076748847961,0.38222891092300415
YBR150C,YNR004W,0,0.7245621,0.21110419929027557,0.9798076748847961,0.3823293149471283
YGL232W,YGL126W,0,0.72451985,0.21106047928333282,0.9798076748847961,0.38242971897125244
YDR364C,YPR055W,0,0.72427905,0.21101677417755127,0.9798076748847961,0.3825301229953766
YMR188C,YDL245C,0,0.72418785,0.2109730839729309,0.9798076748847961,0.38263052701950073
YNL247W,YPL100W,0,0.7238619,0.21092940866947174,0.9798076748847961,0.3827309310436249
YMR070W,YOR098C,0,0.723405,0.21088576316833496,0.9798076748847961,0.382831335067749
YML132W,YEL020W-A,0,0.7231828,0.21084213256835938,0.9798076748847961,0.38293173909187317
YMR118C,YPL091W,0,0.7224583,0.21079851686954498,0.9798076748847961,0.3830321431159973
YDL138W,YNL063W,0,0.71941596,0.21075491607189178,0.9798076748847961,0.3831325173377991
YBR159W,YJL189W,0,0.71860874,0.21071133017539978,0.9798076748847961,0.3832329213619232
YDR243C,YHL003C,0,0.71807206,0.21066777408123016,0.9798076748847961,0.38333332538604736
YLR256W-A,YKL033W,0,0.7179553,0.21062421798706055,0.9798076748847961,0.3834337294101715
YER087C-B,YFL025C,0,0.71759325,0.21058069169521332,0.9798076748847961,0.38353413343429565
YGR063C,YMR169C,0,0.7174585,0.21053719520568848,0.9798076748847961,0.3836345374584198
YEL013W,YLR377C,0,0.7162476,0.21049369871616364,0.9798076748847961,0.38373494148254395
YHR011W,YLR440C,0,0.715311,0.21045023202896118,0.9798076748847961,0.3838353455066681
YMR265C,YGR195W,1,0.71465975,0.21061325073242188,0.9807692170143127,0.3838353455066681
YIL142W,YIL109C,0,0.7142943,0.21056978404521942,0.9807692170143127,0.38393574953079224
YAR033W,YHR201C,0,0.7136422,0.21052631735801697,0.9807692170143127,0.3840361535549164
YJR051W,YER155C,0,0.7130289,0.2104828655719757,0.9807692170143127,0.3841365575790405
YJL012C,YPL159C,0,0.71199936,0.21043944358825684,0.9807692170143127,0.3842369616031647
YCL048W-A,YLL004W,0,0.7116139,0.21039603650569916,0.9807692170143127,0.38433733582496643
YPR081C,YBR233W-A,0,0.7109057,0.21035264432430267,0.9807692170143127,0.3844377398490906
YLR126C,YLR330W,0,0.71078694,0.21030928194522858,0.9807692170143127,0.3845381438732147
YGR035C,YDR239C,0,0.7099999,0.21026591956615448,0.9807692170143127,0.38463854789733887
YGR062C,YJL073W,0,0.7098842,0.21022258698940277,0.9807692170143127,0.384738951921463
YDR256C,YBR238C,0,0.70913404,0.21017926931381226,0.9807692170143127,0.38483935594558716
YOR396W,YDR251W,0,0.7082437,0.21013596653938293,0.9807692170143127,0.3849397599697113
YJR097W,YMR094W,0,0.7078819,0.210092693567276,0.9807692170143127,0.38504016399383545
YGL258W-A,YJL133W,0,0.7074555,0.21004942059516907,0.9807692170143127,0.3851405680179596
YDR400W,YAL058W,0,0.70694804,0.21000617742538452,0.9807692170143127,0.38524097204208374
YER087C-B,YPR127W,0,0.70678973,0.20996294915676117,0.9807692170143127,0.3853413760662079
YMR297W,YHL009W-B,0,0.7062256,0.209919735789299,0.9807692170143127,0.38544178009033203
YLR042C,YKL063C,0,0.7061159,0.20987653732299805,0.9807692170143127,0.3855421543121338
YFL035C,YPR114W,0,0.70584434,0.20983336865901947,0.9807692170143127,0.38564255833625793
YJL167W,YCR029C-A,0,0.70530564,0.2097902148962021,0.9807692170143127,0.3857429623603821
YNL041C,YNL147W,0,0.70501673,0.2097470760345459,0.9807692170143127,0.3858433663845062
YDL100C,YFR038W,0,0.70431066,0.2097039520740509,0.9807692170143127,0.38594377040863037
YKL138C-A,YDL109C,0,0.7040775,0.2096608430147171,0.9807692170143127,0.3860441744327545
YMR013C,YCL012W,0,0.7036898,0.2096177488565445,0.9807692170143127,0.38614457845687866
YPR158C-C,YPL100W,0,0.702985,0.20957468450069427,0.9807692170143127,0.3862449824810028
YNR070W,YBR257W,0,0.70214117,0.20953163504600525,0.9807692170143127,0.38634538650512695
YIL119C,YBL090W,0,0.70211816,0.20948860049247742,0.9807692170143127,0.3864457905292511
YBR090C-A,YDL208W,0,0.702012,0.20944558084011078,0.9807692170143127,0.38654619455337524
YGL087C,YLR383W,0,0.70196056,0.20940259099006653,0.9807692170143127,0.3866465985774994
YNL288W,YOR142W-A,0,0.70171785,0.20935960114002228,0.9807692170143127,0.38674700260162354
YBL075C,YPR091C,0,0.7012492,0.20931664109230042,0.9807692170143127,0.3868473768234253
YDR283C,YKL078W,0,0.7007392,0.20927369594573975,0.9807692170143127,0.38694778084754944
YDL121C,YLR288C,0,0.70044994,0.20923076570034027,0.9807692170143127,0.3870481848716736
YCL057C-A,YOL123W,0,0.70010656,0.20918786525726318,0.9807692170143127,0.38714858889579773
YOR179C,YIL005W,0,0.7000586,0.2091449648141861,0.9807692170143127,0.3872489929199219
YPL058C,YGR129W,0,0.7000544,0.2091020941734314,0.9807692170143127,0.387349396944046
YOL026C,YDR451C,0,0.6994636,0.2090592384338379,0.9807692170143127,0.38744980096817017
YDR534C,YMR175W,0,0.6989107,0.20901639759540558,0.9807692170143127,0.3875502049922943
YDL184C,YIR025W,0,0.6987502,0.20897357165813446,0.9807692170143127,0.38765060901641846
YBL063W,YDR196C,0,0.69868124,0.20893076062202454,0.9807692170143127,0.3877510130405426
YKR048C,YOR228C,0,0.69819546,0.208887979388237,0.9807692170143127,0.38785141706466675
YDL107W,YDR337W,0,0.69811267,0.20884521305561066,0.9807692170143127,0.3879518210887909
YDR120C,YMR115W,0,0.69807583,0.2088024616241455,0.9807692170143127,0.38805219531059265
YCL055W,YNL284C-B,0,0.6977353,0.20875972509384155,0.9807692170143127,0.3881525993347168
YJL013C,YDR239C,0,0.69738203,0.2087170034646988,0.9807692170143127,0.38825300335884094
YOR378W,YNR050C,0,0.6949121,0.20867431163787842,0.9807692170143127,0.3883534073829651
YLR163C,YDR343C,0,0.69470936,0.20863161981105804,0.9807692170143127,0.38845381140708923
YDR316W-A,YBR282W,0,0.6945734,0.20858895778656006,0.9807692170143127,0.3885542154312134
YER151C,YDR545W,0,0.69414115,0.20854631066322327,0.9807692170143127,0.3886546194553375
YLR237W,YPR048W,0,0.6940772,0.20850367844104767,0.9807692170143127,0.38875502347946167
YPR158W-B,YDL040C,0,0.69398516,0.20846106112003326,0.9807692170143127,0.3888554275035858
YKL004W,YBL068W,0,0.6923783,0.20841847360134125,0.9807692170143127,0.38895583152770996
YMR077C,YMR289W,0,0.69117427,0.20837590098381042,0.9807692170143127,0.3890562355518341
YHR079C-B,YLL017W,0,0.6911448,0.2083333283662796,0.9807692170143127,0.38915663957595825
YBR188C,YJL143W,0,0.6910516,0.20829078555107117,0.9807692170143127,0.38925701379776
YER100W,YER115C,0,0.6899011,0.20824825763702393,0.9807692170143127,0.38935741782188416
YDR025W,YMR136W,0,0.6893441,0.20820575952529907,0.9807692170143127,0.3894578218460083
YGL253W,YER171W,0,0.68883866,0.20816326141357422,0.9807692170143127,0.38955822587013245
YPL153C,YNL061W,0,0.68883485,0.20812079310417175,0.9807692170143127,0.3896586298942566
YBR222C,YGR208W,0,0.68862635,0.20807833969593048,0.9807692170143127,0.38975903391838074
YKL079W,YAL059W,0,0.6885997,0.2080359011888504,0.9807692170143127,0.3898594379425049
YBR120C,YFL035C-A,0,0.6879791,0.20799347758293152,0.9807692170143127,0.38995984196662903
YJR107W,YNL297C,0,0.6868033,0.20795106887817383,0.9807692170143127,0.3900602459907532
YML133C,YFL056C,0,0.68648744,0.20790868997573853,0.9807692170143127,0.3901606500148773
YJL106W,YHR129C,0,0.68435293,0.20786631107330322,0.9807692170143127,0.39026105403900146
YGR161C-D,YGL241W,0,0.6830255,0.2078239619731903,0.9807692170143127,0.3903614580631256
YBR238C,YLR348C,0,0.6827456,0.2077816277742386,0.9807692170143127,0.39046186208724976
YPL076W,YCR028C,0,0.6825046,0.20773930847644806,0.9807692170143127,0.3905622363090515
YLR328W,YLR315W,0,0.68226624,0.20769700407981873,0.9807692170143127,0.39066264033317566
YJL117W,YGR075C,0,0.68211985,0.20765472948551178,0.9807692170143127,0.3907630443572998
YBR028C,YPL200W,0,0.6817293,0.20761245489120483,0.9807692170143127,0.39086344838142395
YBR164C,YNL243W,0,0.6810514,0.20757021009922028,0.9807692170143127,0.3909638524055481
YKR007W,YOR261C,0,0.6798242,0.2075279802083969,0.9807692170143127,0.39106425642967224
YOR074C,YDR076W,0,0.67971635,0.20748576521873474,0.9807692170143127,0.3911646604537964
YFR003C,YKR096W,0,0.6792027,0.20744356513023376,0.9807692170143127,0.39126506447792053
YNL284C-A,YBR299W,0,0.6789183,0.20740137994289398,0.9807692170143127,0.3913654685020447
YDR261W-B,YBR254C,0,0.6779177,0.2073592245578766,0.9807692170143127,0.3914658725261688
YPL013C,YOR261C,0,0.6777886,0.2073170691728592,0.9807692170143127,0.39156627655029297
YJR104C,YGL106W,0,0.67738974,0.20727494359016418,0.9807692170143127,0.3916666805744171
YDL069C,YDR210C-D,0,0.676662,0.20723283290863037,0.9807692170143127,0.39176705479621887
YAL041W,YGR161C,0,0.67602026,0.20719073712825775,0.9807692170143127,0.391867458820343
YCL055W,YML004C,0,0.6752386,0.20714865624904633,0.9807692170143127,0.39196786284446716
YMR160W,YPL276W,0,0.6751598,0.2071066051721573,0.9807692170143127,0.3920682668685913
YBR237W,YMR257C,0,0.6750909,0.20706455409526825,0.9807692170143127,0.39216867089271545
YPL157W,YJL213W,0,0.6747985,0.2070225328207016,0.9807692170143127,0.3922690749168396
YDR285W,YJR052W,0,0.67395186,0.20698052644729614,0.9807692170143127,0.39236947894096375
YJR034W,YLR086W,0,0.6737137,0.20693852007389069,0.9807692170143127,0.3924698829650879
YPR105C,YJR041C,0,0.6735483,0.2068965584039688,0.9807692170143127,0.39257028698921204
YNL284C-A,YNL054W-A,0,0.67300594,0.20685459673404694,0.9807692170143127,0.3926706910133362
YDL210W,YLR016C,0,0.6729771,0.20681264996528625,0.9807692170143127,0.3927710950374603
YBR192W,YGR017W,0,0.6715318,0.20677073299884796,0.9807692170143127,0.3928714990615845
YLR134W,YPL018W,0,0.671477,0.20672881603240967,0.9807692170143127,0.39297187328338623
YNL039W,YDR014W-A,0,0.67118263,0.20668692886829376,0.9807692170143127,0.3930722773075104
YFL005W,YPL175W,0,0.670858,0.20664505660533905,0.9807692170143127,0.3931726813316345
YLR410W-A,YER030W,0,0.6708025,0.20660319924354553,0.9807692170143127,0.39327308535575867
YDL170W,YPR173C,0,0.67080057,0.2065613567829132,0.9807692170143127,0.3933734893798828
YMR228W,YDR014W-A,0,0.6703434,0.20651954412460327,0.9807692170143127,0.39347389340400696
YLR088W,YDL137W,0,0.67021537,0.20647773146629333,0.9807692170143127,0.3935742974281311
YGL083W,YER071C,0,0.66997725,0.2064359486103058,0.9807692170143127,0.39367470145225525
YBR268W,YOR292C,0,0.6690206,0.20639416575431824,0.9807692170143127,0.3937751054763794
YLR450W,YOR378W,0,0.66880476,0.20635241270065308,0.9807692170143127,0.39387550950050354
YNL173C,YEL020W-A,0,0.66834795,0.2063106745481491,0.9807692170143127,0.3939759135246277
YPR108W,YNL133C,0,0.6679603,0.20626895129680634,0.9807692170143127,0.39407631754875183
YGR052W,YAL024C,0,0.66749966,0.20622725784778595,0.9807692170143127,0.394176721572876
YNL146W,YKL195W,0,0.6671954,0.20618556439876556,0.9807692170143127,0.39427709579467773
YML058W-A,YMR071C,0,0.66660947,0.20614390075206757,0.9807692170143127,0.3943774998188019
YOR290C,YOR176W,0,0.6662918,0.20610223710536957,0.9807692170143127,0.394477903842926
YDR252W,YNR074C,0,0.66603935,0.20606060326099396,0.9807692170143127,0.39457830786705017
YIL070C,YDR098C-A,0,0.6648723,0.20601898431777954,0.9807692170143127,0.3946787118911743
YBL047C,YJL200C,0,0.66366786,0.20597738027572632,0.9807692170143127,0.39477911591529846
YMR006C,YIR032C,0,0.6635282,0.2059357911348343,0.9807692170143127,0.3948795199394226
YDR312W,YOR298W,0,0.6631088,0.20589423179626465,0.9807692170143127,0.39497992396354675
YGR027W-B,YDR093W,0,0.6621794,0.205852672457695,0.9807692170143127,0.3950803279876709
YDR298C,YER041W,0,0.6619092,0.20581114292144775,0.9807692170143127,0.39518073201179504
YBL090W,YGL126W,0,0.66172963,0.2057696133852005,0.9807692170143127,0.3952811360359192
YMR235C,YLR429W,0,0.6614157,0.20572811365127563,0.9807692170143127,0.39538154006004333
YPL021W,YIL020C,0,0.660606,0.20568662881851196,0.9807692170143127,0.3954819142818451
YER130C,YKL138C-A,0,0.65904003,0.20564515888690948,0.9807692170143127,0.39558231830596924
YBL098W,YDR330W,0,0.65896636,0.2056037038564682,0.9807692170143127,0.3956827223300934
YDL154W,YPR091C,0,0.6589469,0.2055622786283493,0.9807692170143127,0.39578312635421753
YBR272C,YML128C,0,0.65886563,0.2055208534002304,0.9807692170143127,0.3958835303783417
YML081C-A,YDR330W,0,0.6567857,0.2054794579744339,0.9807692170143127,0.3959839344024658
YMR270C,YMR125W,0,0.6560999,0.2054380625486374,0.9807692170143127,0.39608433842658997
YNR033W,YIL096C,0,0.65539014,0.20539669692516327,0.9807692170143127,0.3961847424507141
YDL059C,YOR014W,0,0.6552526,0.20535534620285034,0.9807692170143127,0.39628514647483826
YPL179W,YOR270C,0,0.6542819,0.2053140103816986,0.9807692170143127,0.3963855504989624
YGL035C,YDR532C,0,0.6537494,0.20527268946170807,0.9807692170143127,0.39648595452308655
YJR133W,YHR020W,0,0.653661,0.20523138344287872,0.9807692170143127,0.3965863585472107
YEL038W,YPR137C-B,0,0.65318304,0.20519010722637177,0.9807692170143127,0.39668673276901245
YHR207C,YDL045C,0,0.65305597,0.2051488310098648,0.9807692170143127,0.3967871367931366
YHR008C,YML081W,0,0.6527603,0.20510758459568024,0.9807692170143127,0.39688754081726074
YCL057C-A,YER125W,0,0.6515985,0.20506633818149567,0.9807692170143127,0.3969879448413849
YDR107C,YBR006W,0,0.6514958,0.20502512156963348,0.9807692170143127,0.39708834886550903
YPL113C,YGR008C,0,0.65143293,0.2049839198589325,0.9807692170143127,0.3971887528896332
YNR041C,YOL155C,0,0.65039325,0.2049427330493927,0.9807692170143127,0.3972891569137573
YML097C,YPR133C,0,0.64939773,0.2049015611410141,0.9807692170143127,0.39738956093788147
YPL172C,YGR161W-A,0,0.64928544,0.20486041903495789,0.9807692170143127,0.3974899649620056
YOR396W,YOR384W,0,0.6489296,0.20481927692890167,0.9807692170143127,0.39759036898612976
YPL183W-A,YPR048W,0,0.6479385,0.20477814972400665,0.9807692170143127,0.3976907730102539
YDR248C,YOR215C,0,0.6477554,0.20473705232143402,0.9807692170143127,0.39779117703437805
YGR246C,YCL001W,0,0.6463003,0.20469596982002258,0.9807692170143127,0.3978915810585022
YPL063W,YMR240C,0,0.6457168,0.20465490221977234,0.9807692170143127,0.39799195528030396
YPR086W,YIL118W,0,0.64529955,0.2046138346195221,0.9807692170143127,0.3980923593044281
YBL091C-A,YJL005W,0,0.6447528,0.20457279682159424,0.9807692170143127,0.39819276332855225
YLR328W,YOR292C,0,0.6446387,0.20453178882598877,0.9807692170143127,0.3982931673526764
YDR105C,YLR391W,0,0.6444215,0.2044907808303833,0.9807692170143127,0.39839357137680054
YKL114C,YDL231C,0,0.6439363,0.20444978773593903,0.9807692170143127,0.3984939754009247
YDL134C-A,YDR126W,0,0.64389586,0.20440882444381714,0.9807692170143127,0.39859437942504883
YGR030C,YGL236C,0,0.64333475,0.20436786115169525,0.9807692170143127,0.398694783449173
YER036C,YPL078C,0,0.6405406,0.20432692766189575,0.9807692170143127,0.3987951874732971
YGL180W,YLR263W,0,0.6393795,0.20428599417209625,0.9807692170143127,0.39889559149742126
YGR062C,YGR260W,0,0.6372244,0.20424509048461914,0.9807692170143127,0.3989959955215454
YDL006W,YDR127W,0,0.6371909,0.20420420169830322,0.9807692170143127,0.39909639954566956
YML048W,YDL117W,0,0.6368476,0.2041633278131485,0.9807692170143127,0.3991967737674713
YNL054W-B,YIL148W,0,0.6362578,0.20412246882915497,0.9807692170143127,0.39929717779159546
YFL041W,YCR097WB,0,0.6348951,0.20408163964748383,0.9807692170143127,0.3993975818157196
YIL130W,YER162C,0,0.63412124,0.20404081046581268,0.9807692170143127,0.39949798583984375
YLR404W,YDL140C,0,0.6339261,0.20399999618530273,0.9807692170143127,0.3995983898639679
YOR143C,YER030W,0,0.6338906,0.20395921170711517,0.9807692170143127,0.39969879388809204
YBL052C,YDL102W,0,0.63287127,0.2039184272289276,0.9807692170143127,0.3997991979122162
YPR137C-A,YOR348C,0,0.63213277,0.20387767255306244,0.9807692170143127,0.39989960193634033
YDR098C-B,YOR075W,0,0.6317915,0.20383693277835846,0.9807692170143127,0.4000000059604645
YPL001W,YBR085W,0,0.6317171,0.20379620790481567,0.9807692170143127,0.4001004099845886
YML087C,YLR192C,0,0.6315839,0.20375549793243408,0.9807692170143127,0.40020081400871277
YDL033C,YFL048C,0,0.630374,0.20371480286121368,0.9807692170143127,0.4003012180328369
YCL060C,YLR359W,0,0.62969756,0.20367412269115448,0.9807692170143127,0.40040159225463867
YJR134C,YMR225C,0,0.62859607,0.20363345742225647,0.9807692170143127,0.4005019962787628
YHR165C,YIR009W,0,0.6285638,0.20359280705451965,0.9807692170143127,0.40060240030288696
YKL081W,YMR168C,0,0.62835675,0.20355218648910522,0.9807692170143127,0.4007028043270111
YNL159C,YGR161W-B,0,0.628327,0.2035115659236908,0.9807692170143127,0.40080320835113525
YHR024C,YIL039W,0,0.62778205,0.20347097516059875,0.9807692170143127,0.4009036123752594
YJR139C,YBL068W,0,0.6274647,0.2034303992986679,0.9807692170143127,0.40100401639938354
YDR121W,YCL069W,0,0.62700886,0.20338982343673706,0.9807692170143127,0.4011044204235077
YNR055C,YKL063C,0,0.6266638,0.2033492773771286,0.9807692170143127,0.40120482444763184
YPL173W,YGL144C,0,0.6266607,0.20330874621868134,0.9807692170143127,0.401305228471756
YNL107W,YBR041W,0,0.62653697,0.20326822996139526,0.9807692170143127,0.4014056324958801
YBR033W,YER099C,0,0.6246684,0.20322772860527039,0.9807692170143127,0.4015060365200043
YMR312W,YOR343W-B,0,0.6237455,0.2031872570514679,0.9807692170143127,0.4016064405441284
YGR295C,YHR113W,0,0.62371325,0.2031467854976654,0.9807692170143127,0.4017068147659302
YDR341C,YER090W,0,0.62350905,0.2031063288450241,0.9807692170143127,0.4018072187900543
YNL284C-A,YML039W,0,0.62172675,0.2030659019947052,0.9807692170143127,0.40190762281417847
YIL155C,YKR078W,0,0.6212323,0.2030254751443863,0.9807692170143127,0.4020080268383026
YLR329W,YDR210C-D,0,0.6207189,0.20298507809638977,0.9807692170143127,0.40210843086242676
YDL108W,YNL281W,0,0.6205748,0.20294468104839325,0.9807692170143127,0.4022088348865509
YCR055C,YKL100C,0,0.6200819,0.20290431380271912,0.9807692170143127,0.40230923891067505
YJR120W,YMR076C,0,0.6199466,0.20286396145820618,0.9807692170143127,0.4024096429347992
YBR177C,YDR172W,0,0.6198544,0.20282362401485443,0.9807692170143127,0.40251004695892334
YPR108W,YGR181W,0,0.61967343,0.20278330147266388,0.9807692170143127,0.4026104509830475
YGR027W-B,YLL040C,0,0.6184387,0.20274299383163452,0.9807692170143127,0.40271085500717163
YKR007W,YOR132W,0,0.6168302,0.20270270109176636,0.9807692170143127,0.4028112590312958
YOR084W,YBL090W,0,0.61636287,0.2026624232530594,0.9807692170143127,0.40291163325309753
YEL044W,YCL066W,0,0.61617994,0.2026221752166748,0.9807692170143127,0.4030120372772217
YNL284C-B,YLR268W,0,0.61599916,0.20258192718029022,0.9807692170143127,0.4031124413013458
YIL132C,YGR036C,0,0.6155044,0.20254169404506683,0.9807692170143127,0.40321284532546997
YHR181W,YBL078C,0,0.61532533,0.20250149071216583,0.9807692170143127,0.4033132493495941
YMR122W-A,YOR142W-B,0,0.61437446,0.20246128737926483,0.9807692170143127,0.40341365337371826
YOR374W,YPL235W,0,0.6141361,0.20242111384868622,0.9807692170143127,0.4035140573978424
YGL070C,YKL048C,0,0.6141038,0.2023809552192688,0.9807692170143127,0.40361446142196655
YLR256W-A,YER012W,0,0.6137538,0.20234081149101257,0.9807692170143127,0.4037148654460907
YDR356W,YOR338W,0,0.61273134,0.20230066776275635,0.9807692170143127,0.40381526947021484
YGL194C,YGR014W,0,0.6126025,0.2022605538368225,0.9807692170143127,0.403915673494339
YGR109W-B,YOR292C,0,0.612505,0.20222045481204987,0.9807692170143127,0.40401607751846313
YDR031W,YDR261W-A,0,0.6120255,0.20218037068843842,0.9807692170143127,0.4041164517402649
YDL087C,YJL005W,0,0.61112785,0.20214031636714935,0.9807692170143127,0.40421685576438904
YGR204W,YMR289W,0,0.61080575,0.2021002620458603,0.9807692170143127,0.4043172597885132
YDR341C,YEL002C,0,0.6105707,0.20206022262573242,0.9807692170143127,0.40441766381263733
YBL025W,YJL213W,0,0.60903883,0.20202019810676575,0.9807692170143127,0.4045180678367615
YBR180W,YOL055C,0,0.6077667,0.20198020339012146,0.9807692170143127,0.4046184718608856
YJL046W,YGL051W,0,0.60586095,0.20194020867347717,0.9807692170143127,0.40471887588500977
YGL006W,YMR034C,0,0.6025449,0.20190024375915527,0.9807692170143127,0.4048192799091339
YER053C-A,YBR078W,0,0.6020435,0.20186027884483337,0.9807692170143127,0.40491968393325806
YJR021C,YNR071C,0,0.6019579,0.20182034373283386,0.9807692170143127,0.4050200879573822
YIL051C,YMR150C,0,0.60096276,0.20178040862083435,0.9807692170143127,0.40512049198150635
YLR028C,YPR041W,0,0.60085666,0.20174050331115723,0.9807692170143127,0.4052208960056305
YLR301W,YLL040C,0,0.6006005,0.2017006129026413,0.9807692170143127,0.40532130002975464
YDR038C,YNL132W,0,0.60049653,0.20166073739528656,0.9807692170143127,0.4054216742515564
YDR146C,YGL106W,0,0.5999759,0.20162087678909302,0.9807692170143127,0.40552207827568054
YLR237W,YPR108W,0,0.5999615,0.20158103108406067,0.9807692170143127,0.4056224822998047
YLR059C,YLR347C,0,0.599926,0.20154120028018951,0.9807692170143127,0.40572288632392883
YML098W,YML058W-A,0,0.599669,0.20150138437747955,0.9807692170143127,0.405823290348053
YPR037C,YGL062W,0,0.59924275,0.2014615833759308,0.9807692170143127,0.4059236943721771
YDL206W,YGR116W,0,0.5983033,0.2014217972755432,0.9807692170143127,0.40602409839630127
YMR224C,YOR351C,0,0.59810114,0.20138204097747803,0.9807692170143127,0.4061245024204254
YMR045C,YNL172W,0,0.5970007,0.20134228467941284,0.9807692170143127,0.40622490644454956
YGL136C,YLL053C,0,0.59650385,0.20130254328250885,0.9807692170143127,0.4063253104686737
YGR007W,YLR154W-A,0,0.59581625,0.20126283168792725,0.9807692170143127,0.40642571449279785
YHR201C,YBR168W,0,0.5954271,0.20122312009334564,0.9807692170143127,0.406526118516922
YDL210W,YDR233C,0,0.595189,0.20118343830108643,0.9807692170143127,0.40662649273872375
YPL224C,YBR023C,0,0.5947955,0.2011437565088272,0.9807692170143127,0.4067268967628479
YGL050W,YDR397C,0,0.59376854,0.20110410451889038,0.9807692170143127,0.40682730078697205
YDR054C,YOR157C,0,0.5933018,0.20106445252895355,0.9807692170143127,0.4069277048110962
YKR089C,YLR044C,0,0.5927949,0.2010248303413391,0.9807692170143127,0.40702810883522034
YIR026C,YER095W,0,0.5911592,0.20098522305488586,0.9807692170143127,0.4071285128593445
YJL221C,YKR096W,0,0.5896101,0.2009456306695938,0.9807692170143127,0.40722891688346863
YNL077W,YHR133C,0,0.58960986,0.20090605318546295,0.9807692170143127,0.4073293209075928
YKL082C,YBR050C,0,0.58901876,0.2008664757013321,0.9807692170143127,0.4074297249317169
YFL002W-B,YNR001C,0,0.5888186,0.20082692801952362,0.9807692170143127,0.40753012895584106
YKL196C,YKL168C,0,0.58880633,0.20078739523887634,0.9807692170143127,0.4076305329799652
YLR228C,YPR105C,0,0.58827764,0.20074787735939026,0.9807692170143127,0.40773093700408936
YDR169C,YLR377C,0,0.58820105,0.20070838928222656,0.9807692170143127,0.4078313112258911
YDR377W,YDR195W,0,0.58720773,0.20066890120506287,0.9807692170143127,0.40793171525001526
YHR179W,YOR142W-A,0,0.58719826,0.20062942802906036,0.9807692170143127,0.4080321192741394
YDL113C,YGL206C,0,0.5865583,0.20058996975421906,0.9807692170143127,0.40813252329826355
YIR037W,YHR105W,0,0.58466566,0.20055052638053894,0.9807692170143127,0.4082329273223877
YNR047W,YDR261C-D,0,0.5839945,0.2005111128091812,0.9807692170143127,0.40833333134651184
YOR343W-B,YLR086W,0,0.58360547,0.2004716992378235,0.9807692170143127,0.408433735370636
YCR094W,YEL048C,0,0.5827332,0.20043230056762695,0.9807692170143127,0.40853413939476013
YEL006W,YJR045C,0,0.58272755,0.2003929316997528,0.9807692170143127,0.4086345434188843
YDL247W,YPR068C,0,0.58188736,0.20035356283187866,0.9807692170143127,0.4087349474430084
YLR347C,YGL172W,0,0.5817311,0.2003142237663269,0.9807692170143127,0.40883535146713257
YCR054C,YML097C,0,0.58166224,0.20027488470077515,0.9807692170143127,0.4089357554912567
YNL049C,YCL012W,0,0.58012986,0.20023557543754578,0.9807692170143127,0.40903612971305847
YNR048W,YJR010C-A,0,0.5796965,0.2001962661743164,0.9807692170143127,0.4091365337371826
YDR030C,YMR034C,0,0.5796014,0.20015698671340942,0.9807692170143127,0.40923693776130676
YPR158C-C,YER017C,0,0.5782819,0.20011772215366364,0.9807692170143127,0.4093373417854309
YGR292W,YPR057W,0,0.5773765,0.20007845759391785,0.9807692170143127,0.40943774580955505
YPR008W,YNL227C,0,0.576967,0.20003922283649445,0.9807692170143127,0.4095381498336792
YER095W,YDR454C,0,0.5763958,0.20000000298023224,0.9807692170143127,0.40963855385780334
YDR440W,YEL065W,0,0.57605135,0.19996079802513123,0.9807692170143127,0.4097389578819275
YNL176C,YNL290W,0,0.57591605,0.1999215930700302,0.9807692170143127,0.40983936190605164
YER081W,YPL134C,0,0.5758575,0.1998824179172516,0.9807692170143127,0.4099397659301758
YOR092W,YDR101C,0,0.57571834,0.19984325766563416,0.9807692170143127,0.4100401699542999
YDR406W,YDR034C-C,0,0.57557917,0.19980411231517792,0.9807692170143127,0.4101405739784241
YLR364W,YDR389W,0,0.5754234,0.19976498186588287,0.9807692170143127,0.4102409780025482
YPR037C,YPR161C,0,0.5748695,0.19972586631774902,0.9807692170143127,0.41034135222435
YLR165C,YPL167C,0,0.57428133,0.19968676567077637,0.9807692170143127,0.4104417562484741
YDR440W,YIL143C,0,0.5736593,0.1996476799249649,0.9807692170143127,0.41054216027259827
YDL061C,YML087C,0,0.5734351,0.19960860908031464,0.9807692170143127,0.4106425642967224
YGL158W,YOR270C,0,0.5726315,0.19956955313682556,0.9807692170143127,0.41074296832084656
YDR041W,YBL090W,0,0.57244396,0.19953051209449768,0.9807692170143127,0.4108433723449707
YMR160W,YNL117W,0,0.57174575,0.199491485953331,0.9807692170143127,0.41094377636909485
YDR369C,YLR430W,0,0.5716312,0.1994524896144867,0.9807692170143127,0.411044180393219
YLR276C,YFL002W-A,0,0.5711147,0.1994134932756424,0.9807692170143127,0.41114458441734314
YER014C-A,YDR009W,0,0.57108045,0.1993745118379593,0.9807692170143127,0.4112449884414673
YDL076C,YDR337W,0,0.570825,0.19933554530143738,0.9807692170143127,0.41134539246559143
YMR009W,YNL221C,0,0.57014626,0.19929659366607666,0.9807692170143127,0.4114457964897156
YPL248C,YBR096W,0,0.5691302,0.19925767183303833,0.9807692170143127,0.41154617071151733
YGR061C,YDR306C,0,0.568893,0.19921875,0.9807692170143127,0.4116465747356415
YKR083C,YER068W,0,0.5688545,0.19917984306812286,0.9807692170143127,0.4117469787597656
YOL011W,YPR143W,0,0.56806475,0.19914096593856812,0.9807692170143127,0.41184738278388977
YPR188C,YJL079C,0,0.5672297,0.19910208880901337,0.9807692170143127,0.4119477868080139
YMR273C,YGR017W,0,0.567185,0.1990632265806198,0.9807692170143127,0.41204819083213806
YBR118W,YDR342C,0,0.56717014,0.19902439415454865,0.9807692170143127,0.4121485948562622
YOR262W,YPL096C-A,0,0.5669804,0.19898556172847748,0.9807692170143127,0.41224899888038635
YLR350W,YFR032C-A,0,0.5658749,0.1989467591047287,0.9807692170143127,0.4123494029045105
YFL021W,YPL196W,0,0.56498533,0.19890795648097992,0.9807692170143127,0.41244980692863464
YOR217W,YMR160W,0,0.5647374,0.19886916875839233,0.9807692170143127,0.4125502109527588
YOR393W,YNL128W,0,0.56394947,0.19883041083812714,0.9807692170143127,0.41265061497688293
YOL067C,YPR118W,0,0.56325895,0.19879165291786194,0.9807692170143127,0.4127509891986847
YDR487C,YKL108W,0,0.56293976,0.19875292479991913,0.9807692170143127,0.41285139322280884
YPR161C,YBR001C,0,0.56230474,0.19871419668197632,0.9807692170143127,0.412951797246933
YJL012C,YKR085C,0,0.56089616,0.1986754983663559,0.9807692170143127,0.41305220127105713
YPL276W,YGR055W,0,0.560031,0.19863680005073547,0.9807692170143127,0.4131526052951813
YPR200C,YIL144W,0,0.55946606,0.19859813153743744,0.9807692170143127,0.4132530093193054
YBR241C,YHR103W,0,0.55924857,0.1985594779253006,0.9807692170143127,0.41335341334342957
YGR211W,YBR009C,0,0.55916715,0.19852082431316376,0.9807692170143127,0.4134538173675537
YDR412W,YFL014W,0,0.5582105,0.1984822005033493,0.9807692170143127,0.41355422139167786
YPL254W,YGR113W,0,0.5575111,0.19844357669353485,0.9807692170143127,0.413654625415802
YHR184W,YNL180C,0,0.5570586,0.19840498268604279,0.9807692170143127,0.41375502943992615
YGR047C,YNR035C,0,0.5565283,0.19836638867855072,0.9807692170143127,0.4138554334640503
YDR261W-A,YKR062W,0,0.556441,0.19832782447338104,0.9807692170143127,0.41395583748817444
YLR006C,YNR047W,0,0.5562298,0.19828927516937256,0.9807692170143127,0.4140562117099762
YDR166C,YDR210C-D,0,0.55604243,0.19825072586536407,0.9807692170143127,0.41415661573410034
YDR169C,YNR018W,0,0.55545676,0.19821220636367798,0.9807692170143127,0.4142570197582245
YLR183C,YNL240C,0,0.55518055,0.19817368686199188,0.9807692170143127,0.41435742378234863
YMR311C,YNL063W,0,0.5543073,0.19813519716262817,0.9807692170143127,0.4144578278064728
YBR120C,YDL109C,0,0.5541446,0.19809672236442566,0.9807692170143127,0.4145582318305969
YDR381W,YDR158W,0,0.55394334,0.19805824756622314,0.9807692170143127,0.41465863585472107
YNR045W,YBR055C,0,0.5536088,0.19801980257034302,0.9807692170143127,0.4147590398788452
YMR316W,YGR253C,0,0.5533146,0.19798137247562408,0.9807692170143127,0.41485944390296936
YGR076C,YHR005C,0,0.55293673,0.19794294238090515,0.9807692170143127,0.4149598479270935
YKL154W,YNL054W-A,0,0.5528962,0.1979045420885086,0.9807692170143127,0.41506025195121765
YLR370C,YML133C,0,0.5521332,0.19786615669727325,0.9807692170143127,0.4151606559753418
YJR117W,YER110C,0,0.5516566,0.1978277713060379,0.9807692170143127,0.41526103019714355
YNL054W-A,YDR098C-A,0,0.5516157,0.19778941571712494,0.9807692170143127,0.4153614342212677
YCL064C,YGL123W,0,0.5514965,0.19775106012821198,0.9807692170143127,0.41546183824539185
YDR466W,YPR071W,0,0.55056137,0.1977127343416214,0.9807692170143127,0.415562242269516
YMR016C,YPL075W,0,0.5502341,0.19767442345619202,0.9807692170143127,0.41566264629364014
YLR092W,YDR178W,0,0.5499712,0.19763611257076263,0.9807692170143127,0.4157630503177643
YLL006W,YPL161C,0,0.5497515,0.19759783148765564,0.9807692170143127,0.4158634543418884
YDL101C,YAL028W,0,0.5491108,0.19755956530570984,0.9807692170143127,0.4159638583660126
YBL098W,YLR413W,0,0.5484334,0.19752129912376404,0.9807692170143127,0.4160642623901367
YBR237W,YOR020C,0,0.5466188,0.19748306274414062,0.9807692170143127,0.41616466641426086
YMR295C,YNL062C,0,0.5461836,0.1974448263645172,0.9807692170143127,0.416265070438385
YGR279C,YDR012W,0,0.5459676,0.1974066197872162,0.9807692170143127,0.41636547446250916
YGL050W,YDR322W,0,0.54553246,0.19736842811107635,0.9807692170143127,0.4164658486843109
YAR009C,YML070W,0,0.5452822,0.19733023643493652,0.9807692170143127,0.41656625270843506
YJL021C,YGL169W,0,0.5444631,0.19729207456111908,0.9807692170143127,0.4166666567325592
YJL187C,YKL192C,0,0.5434662,0.19725391268730164,0.9807692170143127,0.41676706075668335
YIL125W,YEL029C,0,0.5426736,0.19721578061580658,0.9807692170143127,0.4168674647808075
YPR086W,YBL020W,0,0.54258597,0.19717764854431152,0.9807692170143127,0.41696786880493164
YKR077W,YDR261W-A,0,0.5425427,0.19713954627513885,0.9807692170143127,0.4170682728290558
YIR012W,YGL058W,0,0.54241586,0.1971014440059662,0.9807692170143127,0.41716867685317993
YEL032W,YDR210C-D,0,0.5424097,0.1970633715391159,0.9807692170143127,0.4172690808773041
YPR098C,YBR170C,0,0.54211545,0.19702529907226562,0.9807692170143127,0.4173694849014282
YGL083W,YHL009W-B,0,0.54131925,0.19698725640773773,0.9807692170143127,0.41746988892555237
YPL002C,YHR133C,0,0.54128355,0.19694921374320984,0.9807692170143127,0.4175702929496765
YGL106W,YLR044C,0,0.54113936,0.19691120088100433,0.9807692170143127,0.41767069697380066
YBL014C,YLR055C,0,0.5409147,0.19687318801879883,0.9807692170143127,0.4177710711956024
YNL102W,YKL006C-A,0,0.5408698,0.1968352049589157,0.9807692170143127,0.41787147521972656
YJR089W,YDR210C-D,0,0.54083014,0.1967972218990326,0.9807692170143127,0.4179718792438507
YGL200C,YGR161W-A,0,0.5408274,0.19675925374031067,0.9807692170143127,0.41807228326797485
YKL058W,YAL026C,0,0.54003835,0.19672131538391113,0.9807692170143127,0.418172687292099
YIL120W,YOL062C,0,0.5397317,0.1966833770275116,0.9807692170143127,0.41827309131622314
YIL095W,YLL017W,0,0.53963757,0.19664545357227325,0.9807692170143127,0.4183734953403473
YER087C-B,YKL056C,0,0.53961515,0.1966075599193573,0.9807692170143127,0.41847389936447144
YLR042C,YNL262W,0,0.53913957,0.19656966626644135,0.9807692170143127,0.4185743033885956
YPL089C,YIL037C,0,0.5388413,0.19653178751468658,0.9807692170143127,0.4186747074127197
YAR009C,YCR005C,0,0.5387084,0.1964939385652542,0.9807692170143127,0.41877511143684387
YLR404W,YOR039W,0,0.5386069,0.19645608961582184,0.9807692170143127,0.418875515460968
YPL113C,YDR140W,0,0.53761053,0.19641825556755066,0.9807692170143127,0.4189758896827698
YDR316W-B,YJL164C,0,0.53720254,0.19638043642044067,0.9807692170143127,0.4190762937068939
YOR011W,YFL033C,0,0.5367454,0.19634263217449188,0.9807692170143127,0.41917669773101807
YER008C,YHL017W,0,0.53666806,0.19630484282970428,0.9807692170143127,0.4192771017551422
YKL103C,YGR109W-B,0,0.53664154,0.19626708328723907,0.9807692170143127,0.41937750577926636
YHR172W,YCL075W,0,0.53551215,0.19622932374477386,0.9807692170143127,0.4194779098033905
YER045C,YBR185C,0,0.53537464,0.19619157910346985,0.9807692170143127,0.41957831382751465
YBL101W-A,YGR077C,0,0.5336375,0.19615384936332703,0.9807692170143127,0.4196787178516388
YNL246W,YER125W,0,0.5322675,0.1961161345243454,0.9807692170143127,0.41977912187576294
YLR390W,YFR050C,0,0.53209996,0.19607843458652496,0.9807692170143127,0.4198795258998871
YOR304C-A,YBL024W,0,0.5291259,0.19604074954986572,0.9807692170143127,0.41997992992401123
YNL166C,YDR337W,0,0.5286098,0.19600307941436768,0.9807692170143127,0.4200803339481354
YKR048C,YJR149W,0,0.5285946,0.19596542418003082,0.9807692170143127,0.42018070816993713
YAR002C-A,YOR269W,0,0.52805215,0.19592776894569397,0.9807692170143127,0.4202811121940613
YNL111C,YPL226W,0,0.52761996,0.1958901435136795,0.9807692170143127,0.4203815162181854
YGL232W,YLR151C,0,0.52749705,0.19585253298282623,0.9807692170143127,0.42048192024230957
YDR285W,YKL116C,0,0.5273179,0.19581493735313416,0.9807692170143127,0.4205823242664337
YMR070W,YPR161C,0,0.52713674,0.19577735662460327,0.9807692170143127,0.42068272829055786
YDR005C,YKR096W,0,0.5269828,0.1957397758960724,0.9807692170143127,0.420783132314682
YJL187C,YHR185C,0,0.52653706,0.1957022249698639,0.9807692170143127,0.42088353633880615
YMR275C,YOR274W,0,0.5261147,0.1956646889448166,0.9807692170143127,0.4209839403629303
YBR160W,YOL043C,0,0.5259099,0.1956271529197693,0.9807692170143127,0.42108434438705444
YBR200W-A,YDR486C,0,0.52557683,0.19558964669704437,0.9807692170143127,0.4211847484111786
YNL258C,YDR210C-D,0,0.52451384,0.19555214047431946,0.9807692170143127,0.42128515243530273
YOL122C,YML081W,0,0.5240953,0.19551466405391693,0.9807692170143127,0.4213855564594269
YER108C,YGL113W,0,0.52362573,0.1954771876335144,0.9807692170143127,0.42148593068122864
YJL149W,YHR076W,0,0.5231707,0.19543974101543427,0.9807692170143127,0.4215863347053528
YLL001W,YLL009C,0,0.522891,0.19540229439735413,0.9807692170143127,0.42168673872947693
YPR137C-A,YER063W,0,0.5219327,0.19536487758159637,0.9807692170143127,0.4217871427536011
YMR065W,YLR093C,0,0.5215543,0.19532746076583862,0.9807692170143127,0.4218875467777252
YGL161C,YBR142W,0,0.5215058,0.19529005885124207,0.9807692170143127,0.42198795080184937
YKL090W,YNL142W,0,0.52145267,0.1952526867389679,0.9807692170143127,0.4220883548259735
YMR122W-A,YDL160C,0,0.5206485,0.19521531462669373,0.9807692170143127,0.42218875885009766
YNL115C,YOL011W,0,0.52061236,0.19517795741558075,0.9807692170143127,0.4222891628742218
YMR315W,YOR338W,0,0.5206029,0.19514061510562897,0.9807692170143127,0.42238956689834595
YBR301W,YGL076C,0,0.5200894,0.19510328769683838,0.9807692170143127,0.4224899709224701
YKL060C,YDL227C,0,0.5189948,0.19506597518920898,0.9807692170143127,0.42259037494659424
YGR161W-A,YBR282W,0,0.51863027,0.19502867758274078,0.9807692170143127,0.422690749168396
YGL070C,YNL078W,0,0.51860905,0.19499139487743378,0.9807692170143127,0.42279115319252014
YPL202C,YJR075W,0,0.5185312,0.19495412707328796,0.9807692170143127,0.4228915572166443
YPL244C,YBL022C,0,0.5181052,0.19491687417030334,0.9807692170143127,0.42299196124076843
YOR192C-A,YDR341C,0,0.51799345,0.19487963616847992,0.9807692170143127,0.4230923652648926
YHR027C,YKL201C,0,0.517943,0.1948424130678177,0.9807692170143127,0.4231927692890167
YPL038W,YBL041W,0,0.51702976,0.19480518996715546,0.9807692170143127,0.42329317331314087
YOR359W,YDR350C,0,0.51617557,0.1947679966688156,0.9807692170143127,0.423393577337265
YLR442C,YAL015C,0,0.51603633,0.19473081827163696,0.9807692170143127,0.42349398136138916
YPR148C,YNL054W-B,0,0.51497275,0.1946936398744583,0.9807692170143127,0.4235943853855133
YJR134C,YAL020C,0,0.5146507,0.19465649127960205,0.9807692170143127,0.42369478940963745
YLR248W,YOL031C,0,0.51394296,0.1946193426847458,0.9807692170143127,0.4237951934337616
YBR012W-A,YPR060C,0,0.51304424,0.19458222389221191,0.9807692170143127,0.42389556765556335
YPR068C,YOR131C,0,0.51272523,0.19454510509967804,0.9807692170143127,0.4239959716796875
YPL059W,YOL147C,0,0.5121887,0.19450801610946655,0.9807692170143127,0.42409637570381165
YJL174W,YJR126C,0,0.5120081,0.19447092711925507,0.9807692170143127,0.4241967797279358
YER190W,YEL064C,0,0.51089793,0.19443385303020477,0.9807692170143127,0.42429718375205994
YIL083C,YNL240C,0,0.50988483,0.19439679384231567,0.9807692170143127,0.4243975877761841
YNL284C-B,YPR118W,0,0.50957406,0.19435974955558777,0.9807692170143127,0.4244979918003082
YHL006C,YPL141C,0,0.5090846,0.19432273507118225,0.9807692170143127,0.4245983958244324
YJL013C,YDR115W,0,0.50902057,0.19428572058677673,0.9807692170143127,0.4246987998485565
YCL032W,YBR119W,0,0.508095,0.1942487210035324,0.9807692170143127,0.42479920387268066
YGR161C-D,YMR097C,0,0.50796646,0.19421172142028809,0.9807692170143127,0.4248996078968048
YBR016W,YLR227W-B,0,0.50718284,0.19417475163936615,0.9807692170143127,0.42500001192092896
YKL199C,YHR206W,0,0.5063502,0.1941377967596054,0.9807692170143127,0.4251004159450531
YOR009W,YGR288W,0,0.5048092,0.19410085678100586,0.9807692170143127,0.42520079016685486
YMR256C,YBL090W,0,0.5031678,0.1940639317035675,0.9807692170143127,0.425301194190979
YLR175W,YPL221W,0,0.5006892,0.19402700662612915,0.9807692170143127,0.42540159821510315
YER109C,YDL140C,0,0.5003351,0.19399011135101318,0.9807692170143127,0.4255020022392273
YJR150C,YNR035C,0,0.49901873,0.19395321607589722,0.9807692170143127,0.42560240626335144
YNR074C,YCR097WB,0,0.49820703,0.19391635060310364,0.9807692170143127,0.4257028102874756
YJL108C,YOR151C,0,0.49787557,0.19387948513031006,0.9807692170143127,0.42580321431159973
YDR358W,YDL083C,0,0.49735847,0.19384264945983887,0.9807692170143127,0.4259036183357239
YKL192C,YCL029C,0,0.4971139,0.19380581378936768,0.9807692170143127,0.426004022359848
YMR173W,YHR147C,0,0.49685442,0.19376899302005768,0.9807692170143127,0.42610442638397217
YGR063C,YMR265C,1,0.4967574,0.19392213225364685,0.9817307591438293,0.42610442638397217
YDR432W,YBL018C,1,0.4967419,0.19407519698143005,0.982692301273346,0.42610442638397217
YHR201C,YFR019W,0,0.49643302,0.19403834640979767,0.982692301273346,0.4262048304080963
YLR433C,YLR014C,0,0.49641055,0.19400152564048767,0.982692301273346,0.42630523443222046
YIL075C,YIL008W,0,0.4951888,0.19396470487117767,0.982692301273346,0.4264056086540222
YJL149W,YER017C,0,0.4945805,0.19392789900302887,0.982692301273346,0.42650601267814636
YNL194C,YDR140W,0,0.49457937,0.19389110803604126,0.982692301273346,0.4266064167022705
YML127W,YGL035C,0,0.49317455,0.19385433197021484,0.982692301273346,0.42670682072639465
YOL098C,YOR262W,0,0.4927714,0.19381755590438843,0.982692301273346,0.4268072247505188
YJL174W,YER012W,0,0.4926467,0.1937808096408844,0.982692301273346,0.42690762877464294
YNL107W,YPL042C,0,0.49156135,0.19374407827854156,0.982692301273346,0.4270080327987671
YNL023C,YOR037W,0,0.49099162,0.19370734691619873,0.982692301273346,0.42710843682289124
YPR160W,YKL067W,0,0.49049202,0.19367064535617828,0.982692301273346,0.4272088408470154
YLR391W,YHL044W,0,0.49039984,0.19363395869731903,0.982692301273346,0.4273092448711395
YDR325W,YOR253W,0,0.49028236,0.19359727203845978,0.982692301273346,0.42740964889526367
YML104C,YBL029C-A,0,0.49008757,0.19356060028076172,0.982692301273346,0.4275100529193878
YLR425W,YBR060C,0,0.48842257,0.19352395832538605,0.982692301273346,0.4276104271411896
YLR227W-B,YDR402C,0,0.48811257,0.19348731637001038,0.982692301273346,0.4277108311653137
YDR301W,YHR031C,0,0.48780677,0.1934506893157959,0.982692301273346,0.42781123518943787
YDR054C,YDL045C,0,0.48756412,0.19341407716274261,0.982692301273346,0.427911639213562
YDL200C,YER130C,0,0.48697662,0.19337747991085052,0.982692301273346,0.42801204323768616
YHR080C,YGL104C,0,0.48679346,0.19334089756011963,0.982692301273346,0.4281124472618103
YDR090C,YJR101W,0,0.48651993,0.19330433011054993,0.982692301273346,0.42821285128593445
YGL200C,YDL209C,0,0.4863341,0.19326777756214142,0.982692301273346,0.4283132553100586
YOR343W-A,YPL097W,0,0.48558325,0.1932312399148941,0.982692301273346,0.42841365933418274
YNL045W,YML133C,0,0.48543987,0.1931947022676468,0.982692301273346,0.4285140633583069
YGL231C,YBR049C,0,0.48504746,0.19315819442272186,0.982692301273346,0.42861446738243103
YHR175W,YHR181W,0,0.48483658,0.19312168657779694,0.982692301273346,0.4287148714065552
YCL069W,YML036W,0,0.48478642,0.1930852085351944,0.982692301273346,0.4288152754306793
YLR083C,YOR116C,0,0.48465008,0.19304873049259186,0.982692301273346,0.4289156496524811
YPL231W,YGL137W,0,0.48462257,0.1930122822523117,0.982692301273346,0.4290160536766052
YDR244W,YPL140C,0,0.484452,0.19297583401203156,0.982692301273346,0.42911645770072937
YDR510W,YER176W,0,0.48425052,0.1929394006729126,0.982692301273346,0.4292168617248535
YGR155W,YER167W,0,0.4835208,0.19290298223495483,0.982692301273346,0.42931726574897766
YNL073W,YDR127W,0,0.4830804,0.19286657869815826,0.982692301273346,0.4294176697731018
YOL086C,YDL189W,0,0.48212805,0.1928301900625229,0.982692301273346,0.42951807379722595
YDL114W,YDR235W,0,0.48149028,0.1927938163280487,0.982692301273346,0.4296184778213501
YBR028C,YOR348C,0,0.4814652,0.19275744259357452,0.982692301273346,0.42971888184547424
YNL020C,YNL221C,0,0.4812953,0.19272109866142273,0.982692301273346,0.4298192858695984
YLR343W,YAR007C,0,0.4812739,0.19268476963043213,0.982692301273346,0.42991968989372253
YAL002W,YJR098C,0,0.48126534,0.19264844059944153,0.982692301273346,0.4300200939178467
YPR144C,YNL036W,0,0.48076618,0.19261214137077332,0.982692301273346,0.43012046813964844
YLR172C,YCR040W,0,0.48048764,0.1925758421421051,0.982692301273346,0.4302208721637726
YHR204W,YBL093C,0,0.48004216,0.19253955781459808,0.982692301273346,0.43032127618789673
YLR207W,YER142C,0,0.4794864,0.19250330328941345,0.982692301273346,0.4304216802120209
YKL061W,YNL133C,0,0.4784994,0.19246704876422882,0.982692301273346,0.430522084236145
YER120W,YHR122W,0,0.47820944,0.19243080914020538,0.982692301273346,0.43062248826026917
YGR109W-B,YOR027W,0,0.47690403,0.19239458441734314,0.982692301273346,0.4307228922843933
YLR191W,YOR274W,0,0.4760884,0.1923583596944809,0.982692301273346,0.43082329630851746
YDR222W,YDR273W,0,0.47561786,0.19232216477394104,0.982692301273346,0.4309237003326416
YPR095C,YGR036C,0,0.47531703,0.19228598475456238,0.982692301273346,0.43102410435676575
YFL002W-A,YDL029W,0,0.47426593,0.19224980473518372,0.982692301273346,0.4311245083808899
YPL214C,YOR192C-B,0,0.47318622,0.19221365451812744,0.982692301273346,0.43122491240501404
YLR127C,YDR297W,0,0.47299343,0.19217750430107117,0.982692301273346,0.4313252866268158
YBR301W,YDR231C,0,0.47205544,0.19214138388633728,0.982692301273346,0.43142569065093994
YOR247W,YMR311C,0,0.4717583,0.1921052634716034,0.982692301273346,0.4315260946750641
YDL140C,YMR090W,0,0.47067243,0.1920691579580307,0.982692301273346,0.43162649869918823
YLR223C,YNL231C,0,0.46993965,0.1920330673456192,0.982692301273346,0.4317269027233124
YOL103W-A,YPL218W,0,0.46929997,0.1919969916343689,0.982692301273346,0.4318273067474365
YNL046W,YKL119C,0,0.46913588,0.19196093082427979,0.982692301273346,0.43192771077156067
YDR369C,YNL261W,0,0.46825173,0.19192488491535187,0.982692301273346,0.4320281147956848
YOL086C,YPL273W,0,0.46804744,0.19188885390758514,0.982692301273346,0.43212851881980896
YKR099W,YMR101C,0,0.46778694,0.19185282289981842,0.982692301273346,0.4322289228439331
YNR050C,YCR086W,0,0.4671758,0.19181682169437408,0.982692301273346,0.43232932686805725
YPL092W,YLR371W,0,0.46557695,0.19178082048892975,0.982692301273346,0.4324297308921814
YMR297W,YGL059W,0,0.46420407,0.1917448341846466,0.982692301273346,0.43253013491630554
YKR030W,YGL128C,0,0.46411636,0.19170887768268585,0.982692301273346,0.4326305091381073
YKL144C,YLR391W,0,0.46402222,0.1916729211807251,0.982692301273346,0.43273091316223145
YDR167W,YHL036W,0,0.46337986,0.19163697957992554,0.982692301273346,0.4328313171863556
YEL038W,YFR016C,0,0.46327624,0.19160105288028717,0.982692301273346,0.43293172121047974
YER015W,YFR024C,0,0.4632318,0.19156514108181,0.982692301273346,0.4330321252346039
YLR256W-A,YDR369C,0,0.46302742,0.19152922928333282,0.982692301273346,0.433132529258728
YDR103W,YJL194W,0,0.4627747,0.19149334728717804,0.982692301273346,0.4332329332828522
YBR299W,YGR027W-B,0,0.46256903,0.19145748019218445,0.982692301273346,0.4333333373069763
YOR304C-A,YDR414C,0,0.46247208,0.19142161309719086,0.982692301273346,0.43343374133110046
YPL168W,YHR074W,0,0.4612922,0.19138576090335846,0.982692301273346,0.4335341453552246
YLR318W,YOR084W,0,0.46128592,0.19134993851184845,0.982692301273346,0.43363454937934875
YGL158W,YHR039C-B,0,0.46065736,0.19131411612033844,0.982692301273346,0.4337349534034729
YMR038C,YIL080W,0,0.4596275,0.19127830862998962,0.982692301273346,0.43383532762527466
YEL001C,YIL148W,0,0.45920873,0.191242516040802,0.982692301273346,0.4339357316493988
YCL066W,YDR090C,0,0.45918116,0.19120673835277557,0.982692301273346,0.43403613567352295
YOR032C,YMR034C,0,0.45915177,0.19117097556591034,0.982692301273346,0.4341365396976471
YJR097W,YKL129C,0,0.4591497,0.1911352127790451,0.982692301273346,0.43423694372177124
YER103W,YNL145W,0,0.45819837,0.19109947979450226,0.982692301273346,0.4343373477458954
YFR047C,YKL052C,0,0.45764995,0.1910637468099594,0.982692301273346,0.43443775177001953
YNR031C,YDR379W,0,0.457556,0.19102804362773895,0.982692301273346,0.4345381557941437
YGR031C-A,YJL157C,0,0.4572305,0.1909923404455185,0.982692301273346,0.4346385598182678
YPR167C,YDR100W,0,0.45717335,0.19095665216445923,0.982692301273346,0.43473896384239197
YBR015C,YGL205W,0,0.4567075,0.19092097878456116,0.982692301273346,0.4348393678665161
YFR029W,YDR359C,0,0.45652294,0.19088532030582428,0.982692301273346,0.43493977189064026
YBR271W,YDR160W,0,0.45618165,0.1908496767282486,0.982692301273346,0.435040146112442
YDR320C-A,YER068W,0,0.4559999,0.1908140331506729,0.982692301273346,0.43514055013656616
YCR011C,YOR383C,0,0.45542562,0.19077841937541962,0.982692301273346,0.4352409541606903
YAL011W,YKL038W,0,0.45529553,0.19074282050132751,0.982692301273346,0.43534135818481445
YNL298W,YHR119W,0,0.45469162,0.1907072216272354,0.982692301273346,0.4354417622089386
YLR301W,YGL173C,0,0.4538507,0.1906716376543045,0.982692301273346,0.43554216623306274
YLR460C,YLR377C,0,0.45340416,0.1906360685825348,0.982692301273346,0.4356425702571869
YMR204C,YLR432W,0,0.45266542,0.19060052931308746,0.982692301273346,0.43574297428131104
YPR086W,YNL268W,0,0.45239085,0.19056497514247894,0.982692301273346,0.4358433783054352
YNL091W,YLR312W-A,0,0.4519342,0.1905294507741928,0.982692301273346,0.4359437823295593
YDR195W,YPR041W,0,0.45162582,0.19049394130706787,0.982692301273346,0.43604418635368347
YNL307C,YHR090C,0,0.44885394,0.19045844674110413,0.982692301273346,0.4361445903778076
YER060W,YIL138C,0,0.44875178,0.19042295217514038,0.982692301273346,0.43624499440193176
YER007W,YOR110W,0,0.44817582,0.19038748741149902,0.982692301273346,0.4363453686237335
YLR224W,YBR162W-A,0,0.44731843,0.19035202264785767,0.982692301273346,0.43644577264785767
YJL225C,YDL154W,0,0.44699034,0.1903165727853775,0.982692301273346,0.4365461766719818
YDR044W,YNL094W,0,0.4460665,0.19028113782405853,0.982692301273346,0.43664658069610596
YIL011W,YFR033C,0,0.44567955,0.19024571776390076,0.982692301273346,0.4367469847202301
YJR139C,YPL207W,0,0.44542593,0.19021031260490417,0.982692301273346,0.43684738874435425
YDR392W,YAL002W,0,0.4447828,0.1901749223470688,0.982692301273346,0.4369477927684784
YDR320C-A,YOR168W,0,0.44443056,0.1901395320892334,0.982692301273346,0.43704819679260254
YPL145C,YFL035C,0,0.44354284,0.1901041716337204,0.982692301273346,0.4371486008167267
YDR406W,YLR390W-A,0,0.4431526,0.1900688111782074,0.982692301273346,0.43724900484085083
YJR120W,YML047C,0,0.44253898,0.1900334656238556,0.982692301273346,0.437349408864975
YGR204W,YLL016W,0,0.4413907,0.18999813497066498,0.982692301273346,0.4374498128890991
YOR142W-A,YNL098C,0,0.4410676,0.18996281921863556,0.982692301273346,0.4375501871109009
YGL238W,YAL034W-A,0,0.44083685,0.18992751836776733,0.982692301273346,0.437650591135025
YBL085W,YBR166C,0,0.43984008,0.1898922324180603,0.982692301273346,0.43775099515914917
YGL139W,YAR044W,0,0.43956366,0.18985696136951447,0.982692301273346,0.4378513991832733
YDR087C,YIL124W,0,0.4392308,0.18982169032096863,0.982692301273346,0.43795180320739746
YNR043W,YGL040C,0,0.43895403,0.18978644907474518,0.982692301273346,0.4380522072315216
YLR353W,YDR466W,0,0.43840033,0.18975120782852173,0.982692301273346,0.43815261125564575
YPL068C,YPL276W,0,0.43742436,0.18971598148345947,0.982692301273346,0.4382530152797699
YDR107C,YFL048C,0,0.43733084,0.1896807700395584,0.982692301273346,0.43835341930389404
YBR130C,YPL257W-B,0,0.4370273,0.18964557349681854,0.982692301273346,0.4384538233280182
YOL105C,YFL033C,0,0.43615842,0.18961039185523987,0.982692301273346,0.43855422735214233
YER190W,YOL031C,0,0.43611848,0.1895752251148224,0.982692301273346,0.4386546313762665
YIR005W,YJL128C,0,0.4361003,0.1895400583744049,0.982692301273346,0.43875500559806824
YGL137W,YDR320C,0,0.43562186,0.18950490653514862,0.982692301273346,0.4388554096221924
YOL051W,YIL140W,0,0.43517882,0.18946978449821472,0.982692301273346,0.43895581364631653
YEL018W,YGR258C,0,0.43506536,0.18943466246128082,0.982692301273346,0.4390562176704407
YGR161W-A,YJL180C,0,0.43484008,0.18939955532550812,0.982692301273346,0.4391566216945648
YGL216W,YDL209C,0,0.43482792,0.1893644630908966,0.982692301273346,0.43925702571868896
YLR384C,YKL077W,0,0.4347902,0.1893293857574463,0.982692301273346,0.4393574297428131
YDR476C,YNR016C,0,0.43440753,0.18929430842399597,0.982692301273346,0.43945783376693726
YPL105C,YOL051W,0,0.43372685,0.18925926089286804,0.982692301273346,0.4395582377910614
YOR217W,YKL010C,0,0.43308336,0.1892242133617401,0.982692301273346,0.43965864181518555
YHR001W-A,YML087C,0,0.4322105,0.18918919563293457,0.982692301273346,0.4397590458393097
YDR072C,YOR009W,0,0.43203294,0.18915417790412903,0.982692301273346,0.43985944986343384
YHR103W,YJL024C,0,0.4318679,0.18911917507648468,0.982692301273346,0.439959853887558
YLR356W,YNL306W,0,0.43104202,0.18908418715000153,0.982692301273346,0.44006022810935974
YDR234W,YKR020W,0,0.43100077,0.18904919922351837,0.982692301273346,0.4401606321334839
YJR032W,YOL111C,0,0.43041116,0.1890142410993576,0.982692301273346,0.44026103615760803
YPR086W,YDR177W,0,0.42993748,0.18897928297519684,0.982692301273346,0.4403614401817322
YNR061C,YGR005C,0,0.42977658,0.18894435465335846,0.982692301273346,0.4404618442058563
YLR017W,YGR014W,0,0.42814237,0.18890942633152008,0.982692301273346,0.44056224822998047
YKR100C,YHR039C-B,0,0.42776132,0.1888745129108429,0.982692301273346,0.4406626522541046
YNL288W,YFL066C,0,0.42674893,0.1888396143913269,0.982692301273346,0.44076305627822876
YJR055W,YGR292W,0,0.42653924,0.1888047307729721,0.982692301273346,0.4408634603023529
YBR072W,YBR158W,0,0.42617214,0.1887698620557785,0.982692301273346,0.44096386432647705
YBR160W,YOL020W,0,0.42601305,0.1887349933385849,0.982692301273346,0.4410642683506012
YDR399W,YPL257W-A,0,0.42487028,0.18870015442371368,0.982692301273346,0.44116467237472534
YBR012W-A,YPR120C,0,0.42403793,0.18866531550884247,0.982692301273346,0.4412650465965271
YJL124C,YDR229W,0,0.4233123,0.18863049149513245,0.982692301273346,0.44136545062065125
YDL056W,YDR052C,0,0.42288515,0.18859568238258362,0.982692301273346,0.4414658546447754
YHR082C,YMR286W,0,0.42286074,0.18856088817119598,0.982692301273346,0.44156625866889954
YJR134C,YJL046W,0,0.42234755,0.18852610886096954,0.982692301273346,0.4416666626930237
YDR461W,YJR151C,0,0.4207974,0.1884913295507431,0.982692301273346,0.4417670667171478
YNL298W,YPL226W,0,0.42057365,0.18845658004283905,0.982692301273346,0.441867470741272
YER062C,YML043C,0,0.42011815,0.188421830534935,0.982692301273346,0.4419678747653961
YEL062W,YBR276C,0,0.4189173,0.18838709592819214,0.982692301273346,0.44206827878952026
YJR127C,YPL180W,0,0.41872764,0.18835237622261047,0.982692301273346,0.4421686828136444
YOR019W,YDR363W-A,0,0.4173364,0.18831767141819,0.982692301273346,0.44226908683776855
YLL018C-A,YIL048W,0,0.41716927,0.18828298151493073,0.982692301273346,0.4423694908618927
YOL103W-A,YPL113C,0,0.41693842,0.18824829161167145,0.982692301273346,0.44246986508369446
YMR101C,YMR168C,0,0.41687685,0.18821363151073456,0.982692301273346,0.4425702691078186
YGL251C,YDL144C,0,0.4165686,0.18817897140979767,0.982692301273346,0.44267067313194275
YJR117W,YMR239C,0,0.415837,0.18814432621002197,0.982692301273346,0.4427710771560669
YFL005W,YJL004C,0,0.41401845,0.18810969591140747,0.982692301273346,0.44287148118019104
YER056C,YDR444W,0,0.4138119,0.18807508051395416,0.982692301273346,0.4429718852043152
YOR247W,YJR149W,0,0.41266072,0.18804048001766205,0.982692301273346,0.44307228922843933
YDR414C,YBR069C,0,0.4125746,0.18800587952136993,0.982692301273346,0.4431726932525635
YDR384C,YIL115C,0,0.4124934,0.1879713088274002,0.982692301273346,0.4432730972766876
YMR049C,YGR161C-D,0,0.41231588,0.18793673813343048,0.982692301273346,0.44337350130081177
YGR089W,YKL173W,0,0.41223335,0.18790218234062195,0.982692301273346,0.4434739053249359
YOL090W,YLR040C,0,0.4117537,0.1878676414489746,0.982692301273346,0.44357430934906006
YGL185C,YPR068C,0,0.4086696,0.18783311545848846,0.982692301273346,0.4436747133731842
YLL029W,YDR026C,0,0.40828404,0.1877986043691635,0.982692301273346,0.44377508759498596
YGL238W,YOL069W,0,0.4069436,0.18776409327983856,0.982692301273346,0.4438754916191101
YLR450W,YDR393W,0,0.40684283,0.187729611992836,0.982692301273346,0.44397589564323425
YMR065W,YDL129W,0,0.4062429,0.18769513070583344,0.982692301273346,0.4440762996673584
YDR256C,YIL062C,0,0.40449315,0.18766066431999207,0.982692301273346,0.44417670369148254
YGR220C,YDL245C,0,0.40417,0.1876262128353119,0.982692301273346,0.4442771077156067
YDL210W,YDL240W,0,0.40376395,0.1875917762517929,0.982692301273346,0.44437751173973083
YLR025W,YDR234W,0,0.40367183,0.18755735456943512,0.982692301273346,0.444477915763855
YIL021W,YIL068C,0,0.4014225,0.18752293288707733,0.982692301273346,0.4445783197879791
YFR047C,YGR286C,0,0.40140483,0.18748854100704193,0.982692301273346,0.44467872381210327
YDR300C,YPL257W-B,0,0.40075696,0.18745414912700653,0.982692301273346,0.4447791278362274
YOR358W,YNR008W,0,0.400669,0.18741977214813232,0.982692301273346,0.44487953186035156
YBL098W,YNR032C-A,0,0.40055516,0.1873854100704193,0.982692301273346,0.4449799060821533
YDR033W,YDL108W,0,0.4005028,0.1873510479927063,0.982692301273346,0.44508031010627747
YDL170W,YGR078C,0,0.3997001,0.18731671571731567,0.982692301273346,0.4451807141304016
YCL068C,YKL119C,0,0.39961654,0.18728238344192505,0.982692301273346,0.44528111815452576
YOR106W,YOR127W,0,0.39957172,0.1872480809688568,0.982692301273346,0.4453815221786499
YDR473C,YIL147C,0,0.39763135,0.18721377849578857,0.982692301273346,0.44548192620277405
YDR406W,YMR312W,0,0.39752907,0.18717949092388153,0.982692301273346,0.4455823302268982
YBR024W,YFL066C,0,0.39672643,0.18714521825313568,0.982692301273346,0.44568273425102234
YBL013W,YNL335W,0,0.3961146,0.18711094558238983,0.982692301273346,0.4457831382751465
YDL223C,YLR265C,0,0.39507377,0.18707670271396637,0.982692301273346,0.44588354229927063
YGR083C,YGR003W,0,0.39480186,0.1870424598455429,0.982692301273346,0.4459839463233948
YIL177C,YDR301W,0,0.39459753,0.18700823187828064,0.982692301273346,0.4460843503475189
YPR034W,YGL027C,0,0.39442235,0.18697401881217957,0.982692301273346,0.4461847245693207
YPR128C,YMR269W,0,0.3939575,0.18693982064723969,0.982692301273346,0.4462851285934448
YLR256W-A,YJR102C,0,0.39213887,0.186905637383461,0.982692301273346,0.44638553261756897
YKR061W,YGL222C,0,0.39154488,0.1868714541196823,0.982692301273346,0.4464859366416931
YJL080C,YBL113C,0,0.39066404,0.186837300658226,0.982692301273346,0.44658634066581726
YOR356W,YPR042C,0,0.38889486,0.18680314719676971,0.982692301273346,0.4466867446899414
YBR016W,YPL171C,0,0.3887794,0.1867690086364746,0.982692301273346,0.44678714871406555
YAL007C,YER178W,0,0.38847488,0.1867348849773407,0.982692301273346,0.4468875527381897
YDR283C,YPL127C,0,0.38752913,0.1867007613182068,0.982692301273346,0.44698795676231384
YJL012C-A,YJR078W,0,0.38722396,0.18666666746139526,0.982692301273346,0.447088360786438
YNL007C,YPR048W,0,0.38718426,0.18663257360458374,0.982692301273346,0.44718876481056213
YDL099W,YKL199C,0,0.3868008,0.1865985095500946,0.982692301273346,0.4472891688346863
YKL132C,YMR127C,0,0.38639385,0.18656444549560547,0.982692301273346,0.4473895728588104
YDR150W,YKL015W,0,0.38626066,0.18653038144111633,0.982692301273346,0.4474899470806122
YPR114W,YBR125C,0,0.38599184,0.18649634718894958,0.982692301273346,0.44759035110473633
YGL163C,YPR005C,0,0.38494647,0.18646232783794403,0.982692301273346,0.4476907551288605
YLL040C,YBL008W,0,0.3844239,0.18642830848693848,0.982692301273346,0.4477911591529846
YLR120C,YOR215C,0,0.38317528,0.18639430403709412,0.982692301273346,0.44789156317710876
YDR265W,YDL045W-A,0,0.3829696,0.18636031448841095,0.982692301273346,0.4479919672012329
YDR022C,YBR243C,0,0.38289788,0.18632633984088898,0.982692301273346,0.44809237122535706
YHR118C,YOL012C,0,0.38231236,0.1862923800945282,0.982692301273346,0.4481927752494812
YBL013W,YIL048W,0,0.38134202,0.1862584352493286,0.982692301273346,0.44829317927360535
YLR055C,YBR109C,0,0.38034585,0.18622449040412903,0.982692301273346,0.4483935832977295
YIL125W,YGR199W,0,0.37965494,0.18619056046009064,0.982692301273346,0.44849398732185364
YBR012W-A,YHR028C,0,0.37917164,0.18615664541721344,0.982692301273346,0.4485943913459778
YML081C-A,YFR021W,0,0.37895972,0.18612274527549744,0.982692301273346,0.44869476556777954
YHR118C,YBR294W,0,0.3789058,0.18608886003494263,0.982692301273346,0.4487951695919037
YJL173C,YGR221C,0,0.37884897,0.18605497479438782,0.982692301273346,0.44889557361602783
YLR263W,YNL331C,0,0.37671623,0.1860211193561554,0.982692301273346,0.448995977640152
YGR084C,YML071C,0,0.3765136,0.18598726391792297,0.982692301273346,0.4490963816642761
YER028C,YMR272C,0,0.37597403,0.18595342338085175,0.982692301273346,0.44919678568840027
YLR103C,YGR188C,0,0.37542176,0.1859195977449417,0.982692301273346,0.4492971897125244
YGR264C,YKL062W,0,0.3754127,0.18588577210903168,0.982692301273346,0.44939759373664856
YDR373W,YLR410W-B,0,0.3747284,0.18585197627544403,0.982692301273346,0.4494979977607727
YGL171W,YER020W,0,0.3745705,0.18581818044185638,0.982692301273346,0.44959840178489685
YLR224W,YHR059W,0,0.37409133,0.18578439950942993,0.982692301273346,0.449698805809021
YOR267C,YGR296W,0,0.37328967,0.18575063347816467,0.982692301273346,0.44979920983314514
YNL079C,YOR253W,0,0.37309211,0.1857168823480606,0.982692301273346,0.4498995840549469
YPL203W,YOR273C,0,0.37207112,0.18568314611911774,0.982692301273346,0.44999998807907104
YLR047C,YBL072C,0,0.37192857,0.18564940989017487,0.982692301273346,0.4501003921031952
YHR118C,YPL097W,0,0.37142444,0.1856156885623932,0.982692301273346,0.45020079612731934
YMR223W,YLR207W,0,0.37000087,0.1855819821357727,0.982692301273346,0.4503012001514435
YER014C-A,YDL197C,0,0.36990577,0.18554829061031342,0.982692301273346,0.4504016041755676
YOR192C-A,YMR308C,0,0.3697606,0.18551461398601532,0.982692301273346,0.4505020081996918
YER109C,YKR096W,0,0.3691245,0.18548093736171722,0.982692301273346,0.4506024122238159
YOL122C,YBR111W-A,0,0.36904168,0.18544729053974152,0.982692301273346,0.45070281624794006
YGL163C,YML085C,0,0.36894596,0.1854136437177658,0.982692301273346,0.4508032202720642
YNL098C,YER159C-A,0,0.36847037,0.1853800117969513,0.982692301273346,0.45090362429618835
YMR200W,YLR035C-A,0,0.36832333,0.18534639477729797,0.982692301273346,0.4510040283203125
YJR027W,YIR023W,0,0.36765337,0.18531277775764465,0.982692301273346,0.45110443234443665
YDR086C,YGL256W,0,0.36748523,0.18527919054031372,0.982692301273346,0.4512048065662384
YFR031C,YLR113W,0,0.3673465,0.1852456033229828,0.982692301273346,0.45130521059036255
YJR057W,YHR074W,0,0.36563087,0.18521203100681305,0.982692301273346,0.4514056146144867
YNL291C,YPR148C,0,0.3654673,0.1851784735918045,0.982692301273346,0.45150601863861084
YBR030W,YLR286C,0,0.36502424,0.18514493107795715,0.982692301273346,0.451606422662735
YJL194W,YDR014W-A,0,0.36489418,0.1851113885641098,0.982692301273346,0.45170682668685913
YDR415C,YGR099W,0,0.36364734,0.18507787585258484,0.982692301273346,0.4518072307109833
YLR048W,YDR236C,0,0.36303273,0.18504436314105988,0.982692301273346,0.4519076347351074
YGL063W,YPL101W,0,0.36185887,0.1850108653306961,0.982692301273346,0.45200803875923157
YGR279C,YOR103C,0,0.36143798,0.18497738242149353,0.982692301273346,0.4521084427833557
YJL013C,YER176W,0,0.36090946,0.18494389951229095,0.982692301273346,0.45220884680747986
YKR027W,YOR047C,0,0.36077696,0.18491044640541077,0.982692301273346,0.452309250831604
YPR160W,YFL002W-B,0,0.3604,0.18487699329853058,0.982692301273346,0.45240962505340576
YLR214W,YCR105W,0,0.35933834,0.18484355509281158,0.982692301273346,0.4525100290775299
YGL019W,YBR033W,0,0.3572954,0.18481013178825378,0.982692301273346,0.45261043310165405
YNR022C,YNR030W,0,0.35546452,0.18477670848369598,0.982692301273346,0.4527108371257782
YGR085C,YKL069W,0,0.35493958,0.18474331498146057,0.982692301273346,0.45281124114990234
YJL197W,YLR050C,0,0.3543521,0.18470992147922516,0.982692301273346,0.4529116451740265
YKL088W,YHL047C,0,0.35346437,0.18467654287815094,0.982692301273346,0.45301204919815063
YLR139C,YDR003W,0,0.35285437,0.18464317917823792,0.982692301273346,0.4531124532222748
YCR075C,YER111C,0,0.3522739,0.18460983037948608,0.982692301273346,0.4532128572463989
YOR242C,YGL168W,0,0.35170662,0.18457648158073425,0.982692301273346,0.45331326127052307
YKL141W,YBR022W,0,0.35096997,0.1845431625843048,0.982692301273346,0.4534136652946472
YBR121C,YCR045C,0,0.35080397,0.18450984358787537,0.982692301273346,0.45351406931877136
YCR092C,YLR106C,0,0.35075653,0.18447653949260712,0.982692301273346,0.4536144435405731
YBL093C,YGL240W,0,0.35002643,0.18444323539733887,0.982692301273346,0.45371484756469727
YDR002W,YKL062W,0,0.34909746,0.184409961104393,0.982692301273346,0.4538152515888214
YPL215W,YJL034W,0,0.34850928,0.18437668681144714,0.982692301273346,0.45391565561294556
YML082W,YPR184W,0,0.3476206,0.18434342741966248,0.982692301273346,0.4540160596370697
YKL166C,YPL269W,0,0.34706548,0.184310182929039,0.982692301273346,0.45411646366119385
YPL006W,YDR261W-A,0,0.3468958,0.18427695333957672,0.982692301273346,0.454216867685318
YGL050W,YNL176C,0,0.34476832,0.18424373865127563,0.982692301273346,0.45431727170944214
YHR044C,YHR060W,0,0.3445416,0.18421052396297455,0.982692301273346,0.4544176757335663
YNL246W,YMR006C,0,0.34452838,0.18417732417583466,0.982692301273346,0.45451807975769043
YER145C,YPL257W-B,0,0.34362772,0.18414413928985596,0.982692301273346,0.4546184837818146
YLR327C,YNL127W,0,0.34228456,0.18411096930503845,0.982692301273346,0.4547188878059387
YER030W,YKL168C,0,0.34178585,0.18407781422138214,0.982692301273346,0.45481929183006287
YIR037W,YMR289W,0,0.3407142,0.18404465913772583,0.982692301273346,0.4549196660518646
YNL121C,YNR013C,0,0.340148,0.1840115189552307,0.982692301273346,0.45502007007598877
YCL060C,YIL056W,0,0.3390273,0.1839783936738968,0.982692301273346,0.4551204741001129
YNL167C,YGR159C,0,0.3390014,0.18394528329372406,0.982692301273346,0.45522087812423706
YGL194C,YOR120W,0,0.3387583,0.18391218781471252,0.982692301273346,0.4553212821483612
YMR173W,YPR028W,0,0.33816788,0.183879092335701,0.982692301273346,0.45542168617248535
YOR306C,YML031W,0,0.3371482,0.18384601175785065,0.982692301273346,0.4555220901966095
YDR518W,YPL226W,0,0.33688247,0.1838129460811615,0.982692301273346,0.45562249422073364
YPL105C,YDR422C,0,0.3350157,0.18377989530563354,0.982692301273346,0.4557228982448578
YLR411W,YGR004W,0,0.3348174,0.18374685943126678,0.982692301273346,0.45582330226898193
YOL052C,YNR028W,0,0.33479393,0.18371382355690002,0.982692301273346,0.4559237062931061
YGL185C,YNL079C,0,0.33442575,0.18368080258369446,0.982692301273346,0.4560241103172302
YOR343W-B,YLL027W,0,0.332869,0.18364779651165009,0.982692301273346,0.456124484539032
YLR396C,YNL163C,0,0.33173478,0.1836148053407669,0.982692301273346,0.45622488856315613
YDR224C,YDR067C,0,0.331294,0.18358181416988373,0.982692301273346,0.4563252925872803
YPR137C-B,YDR158W,0,0.3306972,0.18354885280132294,0.982692301273346,0.4564256966114044
YIL072W,YMR235C,0,0.3306903,0.18351589143276215,0.982692301273346,0.45652610063552856
YJR155W,YMR094W,0,0.33054703,0.18348294496536255,0.982692301273346,0.4566265046596527
YMR312W,YDR195W,0,0.330071,0.18345001339912415,0.982692301273346,0.45672690868377686
YCL068C,YBR009C,0,0.32971,0.18341708183288574,0.982692301273346,0.456827312707901
YIL145C,YNL006W,0,0.32866377,0.18338418006896973,0.982692301273346,0.45692771673202515
YBR150C,YPL063W,0,0.32806826,0.1833512783050537,0.982692301273346,0.4570281207561493
YIR006C,YER139C,0,0.32729143,0.1833183914422989,0.982692301273346,0.45712852478027344
YPL110C,YOL061W,0,0.32690436,0.18328550457954407,0.982692301273346,0.4572289288043976
YDR217C,YHL003C,0,0.32686436,0.18325264751911163,0.982692301273346,0.45732930302619934
YCR046C,YOR193W,0,0.3251961,0.1832197904586792,0.982692301273346,0.4574297070503235
YNR070W,YHR090C,0,0.32479525,0.18318694829940796,0.982692301273346,0.45753011107444763
YLR394W,YKL143W,0,0.32440203,0.1831541210412979,0.982692301273346,0.4576305150985718
YHR138C,YHL047C,0,0.3238691,0.18312130868434906,0.982692301273346,0.4577309191226959
YOL144W,YFL061W,0,0.32366008,0.1830884963274002,0.982692301273346,0.45783132314682007
YMR226C,YDR072C,0,0.32342714,0.18305569887161255,0.982692301273346,0.4579317271709442
YBR273C,YDR261W-A,0,0.32216054,0.18302291631698608,0.982692301273346,0.45803213119506836
YPR036W,YCR037C,0,0.32199,0.1829901486635208,0.982692301273346,0.4581325352191925
YOL054W,YDR381C-A,0,0.32136822,0.18295739591121674,0.982692301273346,0.45823293924331665
YHR069C,YLL019C,0,0.32104492,0.18292464315891266,0.982692301273346,0.4583333432674408
YNL095C,YOR330C,0,0.3206048,0.18289190530776978,0.982692301273346,0.45843374729156494
YLL006W,YDR160W,0,0.32012665,0.18285918235778809,0.982692301273346,0.4585341513156891
YNL317W,YCR040W,0,0.31913644,0.1828264743089676,0.982692301273346,0.45863452553749084
YER130C,YDR312W,0,0.31873012,0.1827937811613083,0.982692301273346,0.458734929561615
YLR005W,YJL035C,0,0.3185631,0.182761088013649,0.982692301273346,0.45883533358573914
YGL098W,YNL129W,0,0.3184886,0.18272840976715088,0.982692301273346,0.4589357376098633
YIL026C,YDR227W,0,0.31835186,0.18269574642181396,0.982692301273346,0.4590361416339874
YNL194C,YNL318C,0,0.31736115,0.18266309797763824,0.982692301273346,0.4591365456581116
YPR031W,YOR377W,0,0.31702238,0.18263044953346252,0.982692301273346,0.4592369496822357
YJL178C,YOR322C,0,0.31671146,0.182597815990448,0.982692301273346,0.45933735370635986
YCR096C,YOL032W,0,0.31669742,0.18256519734859467,0.982692301273346,0.459437757730484
YDR387C,YBL064C,0,0.31665072,0.18253259360790253,0.982692301273346,0.45953816175460815
YOR036W,YDR308C,0,0.3152071,0.18250000476837158,0.982692301273346,0.4596385657787323
YNL284C,YMR257C,0,0.3136735,0.18246741592884064,0.982692301273346,0.45973896980285645
YPL180W,YBR100W,0,0.3133098,0.1824348419904709,0.982692301273346,0.4598393440246582
YOR157C,YGL172W,0,0.3130532,0.18240228295326233,0.982692301273346,0.45993974804878235
YMR075W,YPR070W,0,0.31185243,0.18236973881721497,0.982692301273346,0.4600401520729065
YDL139C,YBR251W,0,0.31147015,0.1823371946811676,0.982692301273346,0.46014055609703064
YER180C,YPL056C,0,0.31145385,0.18230468034744263,0.982692301273346,0.4602409601211548
YDR117C,YDL033C,0,0.30897903,0.18227216601371765,0.982692301273346,0.46034136414527893
YBR231C,YOR291W,0,0.30702,0.18223965167999268,0.982692301273346,0.4604417681694031
YJL030W,YKL201C,0,0.30608514,0.1822071671485901,0.982692301273346,0.4605421721935272
YOR373W,YDR098C,0,0.3059705,0.1821746826171875,0.982692301273346,0.46064257621765137
YDR400W,YML052W,0,0.30572438,0.1821422278881073,0.982692301273346,0.4607429802417755
YJL004C,YCR086W,0,0.3050527,0.1821097582578659,0.982692301273346,0.46084338426589966
YER056C,YFR024C,0,0.30470043,0.1820773184299469,0.982692301273346,0.4609437882900238
YDR432W,YFL009W,1,0.30463165,0.18222300708293915,0.9836538434028625,0.4609437882900238
YLR029C,YPR036W,0,0.30460143,0.18219056725502014,0.9836538434028625,0.46104416251182556
YGL068W,YBR175W,0,0.30423227,0.18215811252593994,0.9836538434028625,0.4611445665359497
YJR082C,YMR008C,0,0.30353934,0.18212568759918213,0.9836538434028625,0.46124497056007385
YNL314W,YIL108W,0,0.30275863,0.1820932775735855,0.9836538434028625,0.461345374584198
YPL064C,YGR077C,0,0.30265212,0.1820608675479889,0.9836538434028625,0.46144577860832214
YAL013W,YKL150W,0,0.3016767,0.18202847242355347,0.9836538434028625,0.4615461826324463
YOR363C,YDR098C-A,0,0.30122328,0.18199609220027924,0.9836538434028625,0.46164658665657043
YMR022W,YOL031C,0,0.30102497,0.181963711977005,0.9836538434028625,0.4617469906806946
YGL009C,YDR034C-C,0,0.30009198,0.18193134665489197,0.9836538434028625,0.4618473947048187
YLR209C,YMR127C,0,0.2999809,0.18189901113510132,0.9836538434028625,0.46194779872894287
YGR177C,YDR262W,0,0.29855046,0.18186666071414948,0.9836538434028625,0.462048202753067
YNL273W,YGL058W,0,0.29849872,0.18183434009552002,0.9836538434028625,0.46214860677719116
YKL198C,YDR144C,0,0.29774004,0.18180201947689056,0.9836538434028625,0.4622490108013153
YNL153C,YCR010C,0,0.29731518,0.1817697286605835,0.9836538434028625,0.46234938502311707
YEL031W,YJR112W,0,0.2972956,0.18173743784427643,0.9836538434028625,0.4624497890472412
YOL011W,YML081W,0,0.29708576,0.18170514702796936,0.9836538434028625,0.46255019307136536
YJL225C,YDR430C,0,0.296958,0.18167288601398468,0.9836538434028625,0.4626505970954895
YDR111C,YHL004W,0,0.29657522,0.181640625,0.9836538434028625,0.46275100111961365
YOR257W,YDL102W,0,0.2965228,0.1816083788871765,0.9836538434028625,0.4628514051437378
YJL006C,YER123W,0,0.2964812,0.18157614767551422,0.9836538434028625,0.46295180916786194
YOR020C,YDR424C,0,0.29622114,0.18154391646385193,0.9836538434028625,0.4630522131919861
YDR320C-A,YML067C,0,0.29614407,0.18151171505451202,0.9836538434028625,0.46315261721611023
YER044C,YGR072W,0,0.29550976,0.18147951364517212,0.9836538434028625,0.4632530212402344
YDR254W,YOR009W,0,0.2951997,0.1814473271369934,0.9836538434028625,0.4633534252643585
YPL150W,YGR234W,0,0.29449284,0.1814151406288147,0.9836538434028625,0.46345382928848267
YAL013W,YNL059C,0,0.29404745,0.18138298392295837,0.9836538434028625,0.4635542035102844
YGR200C,YBR052C,0,0.2932033,0.18135082721710205,0.9836538434028625,0.46365460753440857
YBR023C,YGL113W,0,0.2929321,0.18131868541240692,0.9836538434028625,0.4637550115585327
YIL135C,YHR157W,0,0.29185945,0.1812865436077118,0.9836538434028625,0.46385541558265686
YGR239C,YJR109C,0,0.29000124,0.18125443160533905,0.9836538434028625,0.463955819606781
YPL169C,YOR299W,0,0.28801742,0.1812223196029663,0.9836538434028625,0.46405622363090515
YNL284C-B,YHR004C,0,0.28749698,0.18119022250175476,0.9836538434028625,0.4641566276550293
YNL328C,YCL008C,0,0.28745085,0.1811581403017044,0.9836538434028625,0.46425703167915344
YDL003W,YMR090W,0,0.28693748,0.18112605810165405,0.9836538434028625,0.4643574357032776
YPR158C-C,YMR195W,0,0.28663892,0.1810940057039261,0.9836538434028625,0.46445783972740173
YPR166C,YDL078C,0,0.2858411,0.18106195330619812,0.9836538434028625,0.4645582437515259
YER153C,YLR315W,0,0.28559455,0.18102990090847015,0.9836538434028625,0.46465864777565
YJL108C,YPL167C,0,0.28501323,0.18099787831306458,0.9836538434028625,0.4647590219974518
YJR004C,YHR009C,0,0.2847878,0.180965855717659,0.9836538434028625,0.4648594260215759
YPL204W,YJL101C,0,0.28453314,0.1809338480234146,0.9836538434028625,0.4649598300457001
YGL211W,YGR252W,0,0.28361833,0.18090185523033142,0.9836538434028625,0.4650602340698242
YLR067C,YJR026W,0,0.28338113,0.18086987733840942,0.9836538434028625,0.46516063809394836
YPR137C-B,YLR239C,0,0.2832309,0.18083789944648743,0.9836538434028625,0.4652610421180725
YNL151C,YGL192W,0,0.28135484,0.18080593645572662,0.9836538434028625,0.46536144614219666
YFL021W,YGL009C,0,0.28085914,0.18077398836612701,0.9836538434028625,0.4654618501663208
YJL072C,YDL143W,0,0.27998835,0.1807420551776886,0.9836538434028625,0.46556225419044495
YGL046W,YMR091C,0,0.2797879,0.18071012198925018,0.9836538434028625,0.4656626582145691
YDR239C,YBL064C,0,0.27745634,0.18067820370197296,0.9836538434028625,0.46576306223869324
YPL231W,YHR214C-B,0,0.27705157,0.18064630031585693,0.9836538434028625,0.4658634662628174
YPL280W,YDR436W,0,0.27584058,0.1806144118309021,0.9836538434028625,0.46596387028694153
YFL018W-A,YLR023C,0,0.2757443,0.18058252334594727,0.9836538434028625,0.4660642445087433
YGL098W,YGL051W,0,0.27425638,0.18055064976215363,0.9836538434028625,0.46616464853286743
YKL197C,YOL056W,0,0.27326956,0.18051879107952118,0.9836538434028625,0.4662650525569916
YNR055C,YGR057C,0,0.27263355,0.18048694729804993,0.9836538434028625,0.4663654565811157
YJL171C,YLR209C,0,0.2724975,0.18045510351657867,0.9836538434028625,0.46646586060523987
YDL164C,YJL171C,0,0.2721439,0.18042327463626862,0.9836538434028625,0.466566264629364
YDR041W,YMR168C,0,0.27206177,0.18039146065711975,0.9836538434028625,0.46666666865348816
YBL035C,YHR108W,0,0.2698809,0.18035966157913208,0.9836538434028625,0.4667670726776123
YDL039C,YOR069W,0,0.26908183,0.1803278625011444,0.9836538434028625,0.46686747670173645
YBL005W-B,YOR298W,0,0.26877558,0.18029609322547913,0.9836538434028625,0.4669678807258606
YER190W,YLR037C,0,0.26829743,0.18026432394981384,0.9836538434028625,0.46706828474998474
YIL070C,YBL014C,0,0.2679326,0.18023255467414856,0.9836538434028625,0.4671686887741089
YFR038W,YNL052W,0,0.2661962,0.18020081520080566,0.9836538434028625,0.46726906299591064
YDR325W,YGR123C,0,0.26577654,0.18016907572746277,0.9836538434028625,0.4673694670200348
YGR281W,YBR090C-A,0,0.2643292,0.18013735115528107,0.9836538434028625,0.46746987104415894
YBR100W,YAR027W,0,0.26426846,0.18010562658309937,0.9836538434028625,0.4675702750682831
YDL180W,YOL157C,0,0.26343504,0.18007393181324005,0.9836538434028625,0.4676706790924072
YDR421W,YLR093C,0,0.26336354,0.18004223704338074,0.9836538434028625,0.46777108311653137
YDR468C,YPL130W,0,0.26329008,0.18001055717468262,0.9836538434028625,0.4678714871406555
YNL147W,YFL066C,0,0.2630058,0.1799788922071457,0.9836538434028625,0.46797189116477966
YLR418C,YNL271C,0,0.2623927,0.17994722723960876,0.9836538434028625,0.4680722951889038
YDL133C-A,YER161C,0,0.2622019,0.17991557717323303,0.9836538434028625,0.46817269921302795
YDL141W,YNL176C,0,0.2614063,0.1798839420080185,0.9836538434028625,0.4682731032371521
YCL068C,YPR030W,0,0.26135743,0.17985232174396515,0.9836538434028625,0.46837350726127625
YHR012W,YLR467W,0,0.2609281,0.1798207014799118,0.9836538434028625,0.468473881483078
YDR380W,YPR091C,0,0.26074007,0.17978911101818085,0.9836538434028625,0.46857428550720215
YDR500C,YKR052C,0,0.2600991,0.1797575056552887,0.9836538434028625,0.4686746895313263
YDR261W-B,YPR006C,0,0.2598859,0.17972593009471893,0.9836538434028625,0.46877509355545044
YLR410W-B,YDL166C,0,0.25915948,0.17969435453414917,0.9836538434028625,0.4688754975795746
YKL190W,YDL180W,0,0.25859493,0.1796628087759018,0.9836538434028625,0.46897590160369873
YDR169C,YLR390W,0,0.2584231,0.17963124811649323,0.9836538434028625,0.4690763056278229
YDR210W-B,YJR005W,0,0.25829446,0.17959971725940704,0.9836538434028625,0.469176709651947
YDR261W-A,YMR172W,0,0.25710046,0.17956818640232086,0.9836538434028625,0.46927711367607117
YMR059W,YDR315C,0,0.25671995,0.17953668534755707,0.9836538434028625,0.4693775177001953
YLL050C,YBL060W,0,0.2560131,0.17950516939163208,0.9836538434028625,0.46947792172431946
YPL059W,YOL152W,0,0.25555903,0.17947368323802948,0.9836538434028625,0.4695783257484436
YLL061W,YMR217W,0,0.25499508,0.17944219708442688,0.9836538434028625,0.46967869997024536
YMR182C,YEL029C,0,0.25451893,0.17941072583198547,0.9836538434028625,0.4697791039943695
YDL056W,YIL171W,0,0.25391486,0.17937926948070526,0.9836538434028625,0.46987950801849365
YHR027C,YJR066W,0,0.25269413,0.17934782803058624,0.9836538434028625,0.4699799120426178
YCR053W,YDR451C,0,0.25269327,0.17931638658046722,0.9836538434028625,0.47008031606674194
YJR098C,YPR028W,0,0.25255975,0.1792849600315094,0.9836538434028625,0.4701807200908661
YGR001C,YLL053C,0,0.25089622,0.17925354838371277,0.9836538434028625,0.47028112411499023
YDR055W,YBR200W-A,0,0.25018287,0.17922215163707733,0.9836538434028625,0.4703815281391144
YIL026C,YBL013W,0,0.25014755,0.1791907548904419,0.9836538434028625,0.4704819321632385
YGR009C,YLL053C,0,0.24980898,0.17915937304496765,0.9836538434028625,0.47058233618736267
YEL039C,YDR532C,0,0.24958563,0.1791279911994934,0.9836538434028625,0.4706827402114868
YEL044W,YHR023W,0,0.24918032,0.17909663915634155,0.9836538434028625,0.47078314423561096
YPR199C,YOL157C,0,0.24893588,0.1790652871131897,0.9836538434028625,0.4708835482597351
YLR410W-B,YPR169W,0,0.24870664,0.17903394997119904,0.9836538434028625,0.47098392248153687
YDR316W-B,YML021C,0,0.24812874,0.17900262773036957,0.9836538434028625,0.471084326505661
YML056C,YGL209W,0,0.24804008,0.1789713054895401,0.9836538434028625,0.47118473052978516
YPR070W,YGL027C,0,0.24749637,0.17893999814987183,0.9836538434028625,0.4712851345539093
YKR064W,YMR117C,0,0.2470566,0.17890870571136475,0.9836538434028625,0.47138553857803345
YJL065C,YNL230C,0,0.24632719,0.17887742817401886,0.9836538434028625,0.4714859426021576
YLR204W,YER051W,0,0.24632263,0.17884615063667297,0.9836538434028625,0.47158634662628174
YLR010C,YNL307C,0,0.24614048,0.17881488800048828,0.9836538434028625,0.4716867506504059
YHR080C,YLR092W,0,0.24598332,0.17878364026546478,0.9836538434028625,0.47178715467453003
YNL092W,YDL202W,0,0.24591398,0.17875240743160248,0.9836538434028625,0.4718875586986542
YNR048W,YPL074W,0,0.24563462,0.17872117459774017,0.9836538434028625,0.4719879627227783
YMR240C,YAR009C,0,0.24533755,0.17868995666503906,0.9836538434028625,0.47208836674690247
YNL181W,YPL105C,0,0.24529748,0.17865875363349915,0.9836538434028625,0.4721887409687042
YBR196C,YER129W,0,0.24467318,0.17862755060195923,0.9836538434028625,0.47228914499282837
YJR066W,YDR532C,0,0.24461752,0.1785963624715805,0.9836538434028625,0.4723895490169525
YBR257W,YEL005C,0,0.24451017,0.17856518924236298,0.9836538434028625,0.47248995304107666
YKL199C,YMR175W,0,0.24425754,0.17853403091430664,0.9836538434028625,0.4725903570652008
YNR002C,YLR460C,0,0.24404979,0.1785028725862503,0.9836538434028625,0.47269076108932495
YBR015C,YGL144C,0,0.24292608,0.17847174406051636,0.9836538434028625,0.4727911651134491
YJR058C,YDR195W,0,0.24246591,0.17844060063362122,0.9836538434028625,0.47289156913757324
YJL173C,YNR011C,0,0.24239206,0.17840948700904846,0.9836538434028625,0.4729919731616974
YLR391W-A,YGL061C,0,0.24224538,0.1783783733844757,0.9836538434028625,0.47309237718582153
YBR213W,YOL038W,0,0.24219477,0.17834727466106415,0.9836538434028625,0.4731927812099457
YDR108W,YMR264W,0,0.24209166,0.17831619083881378,0.9836538434028625,0.4732931852340698
YEL050C,YFL017W-A,0,0.24180333,0.1782851219177246,0.9836538434028625,0.4733935594558716
YPR182W,YPR127W,0,0.24152023,0.17825405299663544,0.9836538434028625,0.4734939634799957
YKL077W,YGL051W,0,0.24142367,0.17822299897670746,0.9836538434028625,0.4735943675041199
YPR036W,YPL043W,0,0.241023,0.17819195985794067,0.9836538434028625,0.473694771528244
YBR023C,YGR161C-D,0,0.24058826,0.1781609207391739,0.9836538434028625,0.47379517555236816
YOR257W,YBR034C,0,0.24037129,0.1781298965215683,0.9836538434028625,0.4738955795764923
YAL068C,YKL143W,0,0.24015194,0.1780988872051239,0.9836538434028625,0.47399598360061646
YGR122W,YKL171W,0,0.2400459,0.1780678778886795,0.9836538434028625,0.4740963876247406
YPL113C,YNL284C-B,0,0.24000666,0.1780368983745575,0.9836538434028625,0.47419679164886475
YLR394W,YDL138W,0,0.23886868,0.17800591886043549,0.9836538434028625,0.4742971956729889
YOR124C,YGL126W,0,0.23870942,0.17797495424747467,0.9836538434028625,0.47439759969711304
YER053C-A,YKL048C,0,0.23741156,0.17794398963451385,0.9836538434028625,0.4744980037212372
YGR241C,YPR127W,0,0.23656404,0.17791303992271423,0.9836538434028625,0.47459840774536133
YLR401C,YDR317W,0,0.23634481,0.1778821051120758,0.9836538434028625,0.4746987819671631
YKR007W,YMR311C,0,0.23495738,0.17785118520259857,0.9836538434028625,0.47479918599128723
YPL145C,YNL217W,0,0.23472415,0.17782026529312134,0.9836538434028625,0.4748995900154114
YMR241W,YEL036C,0,0.23441432,0.1777893602848053,0.9836538434028625,0.4749999940395355
YDL022W,YBR031W,0,0.23378104,0.17775847017765045,0.9836538434028625,0.47510039806365967
YPL208W,YPR055W,0,0.23358434,0.1777275949716568,0.9836538434028625,0.4752008020877838
YOL107W,YIL147C,0,0.23339066,0.17769671976566315,0.9836538434028625,0.47530120611190796
YER109C,YOR226C,0,0.23332521,0.1776658594608307,0.9836538434028625,0.4754016101360321
YLR058C,YOR039W,0,0.23318052,0.17763499915599823,0.9836538434028625,0.47550201416015625
YOL090W,YPL115C,0,0.23278537,0.17760416865348816,0.9836538434028625,0.4756024181842804
YPL091W,YLR182W,0,0.23243202,0.1775733381509781,0.9836538434028625,0.47570282220840454
YOL023W,YDR014W,0,0.23223296,0.1775425225496292,0.9836538434028625,0.4758032262325287
YDR213W,YLR343W,0,0.23136735,0.17751170694828033,0.9836538434028625,0.47590360045433044
YKL024C,YHR108W,0,0.23132432,0.17748092114925385,0.9836538434028625,0.4760040044784546
YJR150C,YPL031C,0,0.23097584,0.17745013535022736,0.9836538434028625,0.47610440850257874
YPL231W,YOR374W,0,0.23089749,0.17741934955120087,0.9836538434028625,0.4762048125267029
YIR026C,YJR006W,0,0.23061499,0.17738859355449677,0.9836538434028625,0.476305216550827
YDR261C-D,YGL059W,0,0.2299996,0.17735783755779266,0.9836538434028625,0.47640562057495117
YNR074C,YML056C,0,0.22987288,0.17732709646224976,0.9836538434028625,0.4765060245990753
YGR179C,YPL183W-A,0,0.22925486,0.17729635536670685,0.9836538434028625,0.47660642862319946
YNR017W,YLR100W,0,0.2291233,0.17726564407348633,0.9836538434028625,0.4767068326473236
YOL052C,YIR015W,0,0.2287839,0.1772349327802658,0.9836538434028625,0.47680723667144775
YDL105W,YOL107W,0,0.22874188,0.1772042214870453,0.9836538434028625,0.4769076406955719
YJL149W,YGL070C,0,0.22697252,0.17717353999614716,0.9836538434028625,0.47700804471969604
YPL183C,YIL106W,0,0.22591856,0.17714285850524902,0.9836538434028625,0.4771084189414978
YEL036C,YPL253C,0,0.2253772,0.17711219191551208,0.9836538434028625,0.47720882296562195
YPL093W,YGR027W-B,0,0.22512186,0.17708152532577515,0.9836538434028625,0.4773092269897461
YML070W,YKL089W,0,0.22509372,0.1770508885383606,0.9836538434028625,0.47740963101387024
YLR105C,YDR210C-D,0,0.22488675,0.17702025175094604,0.9836538434028625,0.4775100350379944
YGR086C,YKL003C,0,0.22465506,0.1769896149635315,0.9836538434028625,0.47761043906211853
YNL166C,YDL140C,0,0.22387896,0.17695900797843933,0.9836538434028625,0.4777108430862427
YFR019W,YJR135C,0,0.22359347,0.17692840099334717,0.9836538434028625,0.4778112471103668
YGL096W,YNL243W,0,0.22241133,0.1768978089094162,0.9836538434028625,0.47791165113449097
YPR003C,YPR174C,0,0.22177613,0.17686721682548523,0.9836538434028625,0.4780120551586151
YBR089C-A,YMR172W,0,0.22162595,0.17683663964271545,0.9836538434028625,0.47811245918273926
YDL003W,YDR318W,0,0.21943009,0.17680607736110687,0.9836538434028625,0.4782128632068634
YPL148C,YLR460C,0,0.21876922,0.17677552998065948,0.9836538434028625,0.47831326723098755
YER151C,YDL143W,0,0.2186707,0.1767449826002121,0.9836538434028625,0.4784136414527893
YJL087C,YER106W,0,0.21820283,0.1767144650220871,0.9836538434028625,0.47851404547691345
YDR170C,YNL024C,0,0.21589367,0.1766839325428009,0.9836538434028625,0.4786144495010376
YDR420W,YKR008W,0,0.21582523,0.1766534298658371,0.9836538434028625,0.47871485352516174
YML124C,YDR090C,0,0.21444538,0.1766229271888733,0.9836538434028625,0.4788152575492859
YDR497C,YOR275C,0,0.21359783,0.17659243941307068,0.9836538434028625,0.47891566157341003
YAL033W,YJR048W,0,0.2129482,0.17656196653842926,0.9836538434028625,0.4790160655975342
YBR233W-A,YDL138W,0,0.21164693,0.17653149366378784,0.9836538434028625,0.4791164696216583
YHR001W-A,YER087C-A,0,0.21102697,0.17650103569030762,0.9836538434028625,0.47921687364578247
YPR070W,YFR005C,0,0.2104063,0.1764705926179886,0.9836538434028625,0.4793172776699066
YPR137C-B,YKL179C,0,0.20979327,0.17644014954566956,0.9836538434028625,0.47941768169403076
YMR217W,YDL190C,0,0.20889358,0.17640972137451172,0.9836538434028625,0.4795180857181549
YLR157C,YDL240W,0,0.20801446,0.17637930810451508,0.9836538434028625,0.47961845993995667
YLR234W,YMR112C,0,0.20799357,0.17634890973567963,0.9836538434028625,0.4797188639640808
YPR158C-D,YJL062W,0,0.20785797,0.17631851136684418,0.9836538434028625,0.47981926798820496
YNL262W,YOR142W-B,0,0.20765767,0.17628812789916992,0.9836538434028625,0.4799196720123291
YIL035C,YGR003W,0,0.20671195,0.17625775933265686,0.9836538434028625,0.48002007603645325
YMR270C,YDR410C,0,0.20641983,0.1762273907661438,0.9836538434028625,0.4801204800605774
YJR101W,YOR131C,0,0.20588423,0.17619703710079193,0.9836538434028625,0.48022088408470154
YPR131C,YGL039W,0,0.20586842,0.17616669833660126,0.9836538434028625,0.4803212881088257
YDR111C,YGL025C,0,0.2045359,0.17613635957241058,0.9836538434028625,0.48042169213294983
YCL074W,YKL196C,0,0.20418662,0.1761060357093811,0.9836538434028625,0.480522096157074
YLR134W,YJL213W,0,0.20333226,0.17607572674751282,0.9836538434028625,0.4806225001811981
YKL060C,YML128C,0,0.20259655,0.17604543268680573,0.9836538434028625,0.48072290420532227
YDR482C,YDL017W,0,0.20239747,0.17601513862609863,0.9836538434028625,0.480823278427124
YOL086W-A,YNR028W,0,0.20218284,0.17598485946655273,0.9836538434028625,0.48092368245124817
YFR047C,YDR449C,0,0.20197994,0.17595459520816803,0.9836538434028625,0.4810240864753723
YPR114W,YGL004C,0,0.20136923,0.17592433094978333,0.9836538434028625,0.48112449049949646
YML077W,YGR099W,0,0.20111331,0.17589408159255981,0.9836538434028625,0.4812248945236206
YDR353W,YCL048W,0,0.19965242,0.1758638471364975,0.9836538434028625,0.48132529854774475
YNL133C,YDR377W,0,0.1993343,0.17583361268043518,0.9836538434028625,0.4814257025718689
YDL198C,YDR021W,0,0.1988942,0.17580340802669525,0.9836538434028625,0.48152610659599304
YBR045C,YPR122W,0,0.19870186,0.17577318847179413,0.9836538434028625,0.4816265106201172
YHR211W,YHR120W,0,0.1981358,0.1757429987192154,0.9836538434028625,0.48172691464424133
YBL008W,YEL048C,0,0.197478,0.17571280896663666,0.9836538434028625,0.4818273186683655
YOR343W-B,YDR164C,0,0.19726624,0.17568263411521912,0.9836538434028625,0.4819277226924896
YGL232W,YCR077C,0,0.19608037,0.17565247416496277,0.9836538434028625,0.48202812671661377
YIL128W,YBR218C,0,0.19513501,0.17562231421470642,0.9836538434028625,0.4821285009384155
YJL012C,YPR054W,0,0.19331309,0.17559216916561127,0.9836538434028625,0.4822289049625397
YBR020W,YGR188C,0,0.19179776,0.1755620390176773,0.9836538434028625,0.4823293089866638
YJL114W,YKL032C,0,0.19139828,0.17553190886974335,0.9836538434028625,0.48242971301078796
YML055W,YLR440C,0,0.19081526,0.17550180852413177,0.9836538434028625,0.4825301170349121
YLR164W,YNL278W,0,0.19074753,0.175471693277359,0.9836538434028625,0.48263052105903625
YLR042C,YPL280W,0,0.19033271,0.17544160783290863,0.9836538434028625,0.4827309250831604
YHR092C,YMR301C,0,0.19018555,0.17541152238845825,0.9836538434028625,0.48283132910728455
YBR037C,YDR242W,0,0.18972877,0.17538145184516907,0.9836538434028625,0.4829317331314087
YHR205W,YMR156C,0,0.18941562,0.17535138130187988,0.9836538434028625,0.48303213715553284
YDR067C,YMR150C,0,0.18937646,0.17532134056091309,0.9836538434028625,0.483132541179657
YDR210W-B,YIR036C,0,0.18928868,0.1752912998199463,0.9836538434028625,0.48323294520378113
YGR062C,YDR422C,0,0.18916115,0.1752612590789795,0.9836538434028625,0.4833333194255829
YCL055W,YLR324W,0,0.18841738,0.17523124814033508,0.9836538434028625,0.48343372344970703
YNL059C,YHL044W,0,0.1876155,0.17520123720169067,0.9836538434028625,0.4835341274738312
YIL128W,YJL095W,0,0.1870135,0.17517122626304626,0.9836538434028625,0.4836345314979553
YPR137C-B,YLR078C,0,0.18694955,0.17514124512672424,0.9836538434028625,0.48373493552207947
YLR227W-B,YLR371W,0,0.1855065,0.17511126399040222,0.9836538434028625,0.4838353395462036
YKL192C,YHR074W,0,0.18513785,0.1750812977552414,0.9836538434028625,0.48393574357032776
YDR111C,YOR346W,0,0.18485832,0.17505133152008057,0.9836538434028625,0.4840361475944519
YPR158C-C,YMR322C,0,0.18412763,0.17502138018608093,0.9836538434028625,0.48413655161857605
YHR122W,YBR268W,0,0.18393621,0.1749914437532425,0.9836538434028625,0.4842369556427002
YMR051C,YOR123C,0,0.18301454,0.17496152222156525,0.9836538434028625,0.48433735966682434
YKL082C,YLR246W,0,0.18238747,0.174931600689888,0.9836538434028625,0.4844377636909485
YOL109W,YJR107W,0,0.18219164,0.17490169405937195,0.9836538434028625,0.48453813791275024
YKL212W,YKL005C,0,0.18172278,0.1748717874288559,0.9836538434028625,0.4846385419368744
YMR290C,YPR071W,0,0.18156621,0.17484191060066223,0.9836538434028625,0.48473894596099854
YNL284C-A,YJL173C,0,0.18153241,0.17481203377246857,0.9836538434028625,0.4848393499851227
YDR229W,YPL239W,0,0.18149996,0.1747821569442749,0.9836538434028625,0.4849397540092468
YPL202C,YIL005W,0,0.18005769,0.17475230991840363,0.9836538434028625,0.48504015803337097
YLL051C,YMR295C,0,0.17819017,0.17472246289253235,0.9836538434028625,0.4851405620574951
YPL013C,YOR142W-A,0,0.17813483,0.17469261586666107,0.9836538434028625,0.48524096608161926
YBR205W,YLR383W,0,0.17652404,0.17466279864311218,0.9836538434028625,0.4853413701057434
YLL040C,YDL078C,0,0.17648065,0.1746329814195633,0.9836538434028625,0.48544177412986755
YPR137C-B,YBL072C,0,0.17639223,0.1746031790971756,0.9836538434028625,0.4855421781539917
YEL050C,YDL107W,0,0.1754717,0.1745733767747879,0.9836538434028625,0.48564258217811584
YMR115W,YBR092C,0,0.1749436,0.1745435893535614,0.9836538434028625,0.48574298620224
YKR027W,YLR278C,0,0.17417836,0.1745138168334961,0.9836538434028625,0.48584336042404175
YGR109W-B,YGL226W,0,0.1741738,0.17448405921459198,0.9836538434028625,0.4859437644481659
YJR101W,YPL257W-A,0,0.17243841,0.17445430159568787,0.9836538434028625,0.48604416847229004
YDR520C,YBR185C,0,0.17193711,0.17442455887794495,0.9836538434028625,0.4861445724964142
YLR410W-B,YDR520C,0,0.17173558,0.17439481616020203,0.9836538434028625,0.48624497652053833
YML034W,YOR092W,0,0.17152876,0.1743650883436203,0.9836538434028625,0.4863453805446625
YBR122C,YNL133C,0,0.17144565,0.17433537542819977,0.9836538434028625,0.4864457845687866
YKL175W,YPR159W,0,0.17132735,0.17430567741394043,0.9836538434028625,0.48654618859291077
YIL135C,YOR039W,0,0.17096846,0.1742759793996811,0.9836538434028625,0.4866465926170349
YLL040C,YML018C,0,0.17063713,0.17424629628658295,0.9836538434028625,0.48674699664115906
YPR158C-D,YIL140W,0,0.17061841,0.174216628074646,0.9836538434028625,0.4868474006652832
YNL131W,YCL075W,0,0.17044589,0.17418695986270905,0.9836538434028625,0.48694780468940735
YPR034W,YDR386W,0,0.17009407,0.1741573065519333,0.9836538434028625,0.4870481789112091
YGR031C-A,YIL093C,0,0.1699265,0.17412765324115753,0.9836538434028625,0.48714858293533325
YOR011W,YNL178W,0,0.1695944,0.17409802973270416,0.9836538434028625,0.4872489869594574
YNL054W-B,YML030W,0,0.16888833,0.1740684062242508,0.9836538434028625,0.48734939098358154
YKL007W,YGL229C,0,0.16788244,0.17403878271579742,0.9836538434028625,0.4874497950077057
YLR410W-B,YLR059C,0,0.16781586,0.17400918900966644,0.9836538434028625,0.48755019903182983
YDR210W-B,YPL048W,0,0.16772333,0.17397959530353546,0.9836538434028625,0.487650603055954
YDL180W,YJL168C,0,0.16709243,0.17395000159740448,0.9836538434028625,0.4877510070800781
YBR086C,YNL294C,0,0.16663527,0.1739204376935959,0.9836538434028625,0.48785141110420227
YDR244W,YDL149W,0,0.16633248,0.1738908737897873,0.9836538434028625,0.4879518151283264
YJR126C,YMR322C,0,0.16529848,0.1738613247871399,0.9836538434028625,0.48805221915245056
YIL035C,YOR066W,0,0.16484606,0.1738317757844925,0.9836538434028625,0.4881526231765747
YDR031W,YNL029C,0,0.16436274,0.1738022416830063,0.9836538434028625,0.48825299739837646
YDR239C,YOL045W,0,0.16406126,0.17377272248268127,0.9836538434028625,0.4883534014225006
YIL006W,YGR214W,0,0.16397846,0.17374320328235626,0.9836538434028625,0.48845380544662476
YDR334W,YIR031C,0,0.16344683,0.17371369898319244,0.9836538434028625,0.4885542094707489
YGL039W,YPL060W,0,0.16293138,0.17368420958518982,0.9836538434028625,0.48865461349487305
YIL075C,YGL192W,0,0.16281089,0.1736547201871872,0.9836538434028625,0.4887550175189972
YFR010W,YBR278W,0,0.16247675,0.17362526059150696,0.9836538434028625,0.48885542154312134
YMR193W,YLR206W,0,0.16201381,0.17359578609466553,0.9836538434028625,0.4889558255672455
YIL172C,YBR251W,0,0.1615752,0.17356634140014648,0.9836538434028625,0.48905622959136963
YGR167W,YKR105C,0,0.16142908,0.17353689670562744,0.9836538434028625,0.4891566336154938
YPL106C,YMR186W,0,0.16039747,0.1735074669122696,0.9836538434028625,0.4892570376396179
YPL056C,YMR218C,0,0.15979275,0.17347803711891174,0.9836538434028625,0.48935744166374207
YPR160W,YNL178W,0,0.15971386,0.1734486222267151,0.9836538434028625,0.4894578456878662
YBR082C,YDR439W,0,0.1596708,0.17341922223567963,0.9836538434028625,0.48955821990966797
YGL171W,YLR304C,0,0.15965599,0.17338983714580536,0.9836538434028625,0.4896586239337921
YNL146W,YGL190C,0,0.15910414,0.1733604520559311,0.9836538434028625,0.48975902795791626
YNL001W,YMR224C,0,0.1589766,0.17333106696605682,0.9836538434028625,0.4898594319820404
YBL101W-B,YOR278W,0,0.15837201,0.17330171167850494,0.9836538434028625,0.48995983600616455
YIL061C,YJR010C-A,0,0.15760309,0.17327235639095306,0.9836538434028625,0.4900602400302887
YNR070W,YBR059C,0,0.15720874,0.17324301600456238,0.9836538434028625,0.49016064405441284
YKL079W,YLL004W,0,0.15700647,0.1732136756181717,0.9836538434028625,0.490261048078537
YKL135C,YJL165C,0,0.1569395,0.1731843501329422,0.9836538434028625,0.49036145210266113
YNL070W,YDR470C,0,0.1553604,0.1731550395488739,0.9836538434028625,0.4904618561267853
YDR468C,YLR096W,0,0.154221,0.1731257438659668,0.9836538434028625,0.4905622601509094
YIL076W,YDR507C,0,0.15375006,0.1730964481830597,0.9836538434028625,0.49066266417503357
YMR180C,YDR003W,0,0.1531766,0.17306716740131378,0.9836538434028625,0.4907630383968353
YDR074W,YMR311C,0,0.1517818,0.17303788661956787,0.9836538434028625,0.4908634424209595
YGL136C,YNL224C,1,0.15177144,0.17317774891853333,0.9846153855323792,0.4908634424209595
YKL058W,YBL030C,0,0.15137911,0.17314846813678741,0.9846153855323792,0.4909638464450836
YLR038C,YAL034W-A,0,0.15083224,0.1731191873550415,0.9846153855323792,0.49106425046920776
YCL069W,YPR001W,0,0.15004988,0.1730899214744568,0.9846153855323792,0.4911646544933319
YBR207W,YBR092C,0,0.14877737,0.17306067049503326,0.9846153855323792,0.49126505851745605
YPL091W,YBR268W,0,0.14752251,0.17303143441677094,0.9846153855323792,0.4913654625415802
YLR410W-A,YLR086W,0,0.14740278,0.1730021983385086,0.9846153855323792,0.49146586656570435
YGL203C,YIL139C,0,0.1460529,0.17297297716140747,0.9846153855323792,0.4915662705898285
YDR432W,YER146W,1,0.14564764,0.1731126457452774,0.9855769276618958,0.4915662705898285
YOR099W,YOR377W,0,0.14530921,0.17308342456817627,0.9855769276618958,0.49166667461395264
YDR098C-B,YGR124W,0,0.14475447,0.17305418848991394,0.9855769276618958,0.4917670786380768
YJL012C-A,YLL001W,0,0.14445585,0.173024982213974,0.9855769276618958,0.4918674826622009
YGL073W,YPR073C,0,0.14412716,0.17299577593803406,0.9855769276618958,0.4919678568840027
YJR160C,YFL056C,0,0.14362592,0.1729665845632553,0.9855769276618958,0.49206826090812683
YHR179W,YDR261C-D,0,0.14298397,0.17293740808963776,0.9855769276618958,0.492168664932251
YDL055C,YPR125W,0,0.14271063,0.1729082316160202,0.9855769276618958,0.4922690689563751
YDR362C,YMR002W,0,0.14212066,0.17287907004356384,0.9855769276618958,0.49236947298049927
YGR083C,YAL007C,0,0.14123958,0.17284990847110748,0.9855769276618958,0.4924698770046234
YOR257W,YDR262W,0,0.14119074,0.1728207767009735,0.9855769276618958,0.49257028102874756
YMR004W,YNL133C,0,0.14117834,0.17279164493083954,0.9855769276618958,0.4926706850528717
YHR116W,YMR176W,0,0.14096177,0.17276251316070557,0.9855769276618958,0.49277108907699585
YOR081C,YBL069W,0,0.14064896,0.1727333962917328,0.9855769276618958,0.49287149310112
YJL052W,YCR009C,0,0.14062852,0.1727042943239212,0.9855769276618958,0.49297189712524414
YNL293W,YKL191W,0,0.14045382,0.1726752072572708,0.9855769276618958,0.4930723011493683
YKL110C,YKL069W,0,0.1400286,0.17264612019062042,0.9855769276618958,0.49317270517349243
YNL286W,YJR078W,0,0.13859443,0.17261704802513123,0.9855769276618958,0.4932730793952942
YOL054W,YOR221C,0,0.13851064,0.17258797585964203,0.9855769276618958,0.49337348341941833
YPL276W,YMR241W,0,0.13664865,0.17255891859531403,0.9855769276618958,0.4934738874435425
YKL134C,YIL072W,0,0.13645363,0.17252987623214722,0.9855769276618958,0.4935742914676666
YBR022W,YPL173W,0,0.13636357,0.1725008487701416,0.9855769276618958,0.49367469549179077
YIL035C,YGL073W,0,0.13611968,0.172471821308136,0.9855769276618958,0.4937750995159149
YJR029W,YKL090W,0,0.13530993,0.17244279384613037,0.9855769276618958,0.49387550354003906
YOR060C,YLR113W,0,0.13501468,0.17241379618644714,0.9855769276618958,0.4939759075641632
YFL002W-B,YOR074C,0,0.13500741,0.17238479852676392,0.9855769276618958,0.49407631158828735
YML098W,YMR034C,0,0.13420711,0.17235581576824188,0.9855769276618958,0.4941767156124115
YER053C-A,YDR300C,0,0.13417009,0.17232683300971985,0.9855769276618958,0.49427711963653564
YPR128C,YJL101C,0,0.13365847,0.172297865152359,0.9855769276618958,0.4943775236606598
YER140W,YPR028W,0,0.13327587,0.17226891219615936,0.9855769276618958,0.49447789788246155
YER040W,YIL052C,0,0.13252428,0.17223995923995972,0.9855769276618958,0.4945783019065857
YLR083C,YPL257W-B,0,0.13237315,0.17221102118492126,0.9855769276618958,0.49467870593070984
YDR427W,YDR013W,0,0.13212934,0.172182098031044,0.9855769276618958,0.494779109954834
YML060W,YLR088W,0,0.13146836,0.17215317487716675,0.9855769276618958,0.49487951397895813
YNL172W,YPL122C,0,0.12956461,0.17212426662445068,0.9855769276618958,0.4949799180030823
YMR118C,YDR251W,0,0.12941024,0.1720953732728958,0.9855769276618958,0.4950803220272064
YKR097W,YDR377W,0,0.12810552,0.17206647992134094,0.9855769276618958,0.49518072605133057
YML070W,YLR258W,0,0.12808523,0.17203760147094727,0.9855769276618958,0.4952811300754547
YPL207W,YGL025C,0,0.1271713,0.1720087230205536,0.9855769276618958,0.49538153409957886
YJR102C,YOR291W,0,0.12692684,0.1719798594713211,0.9855769276618958,0.495481938123703
YPR096C,YJL158C,0,0.12677231,0.17195101082324982,0.9855769276618958,0.49558234214782715
YBL021C,YNL049C,0,0.1263273,0.17192217707633972,0.9855769276618958,0.4956827163696289
YDR245W,YML012W,0,0.1262027,0.17189334332942963,0.9855769276618958,0.49578312039375305
YLR158C,YML023C,0,0.12618169,0.17186452448368073,0.9855769276618958,0.4958835244178772
YNL015W,YER087C-B,0,0.12518768,0.17183570563793182,0.9855769276618958,0.49598392844200134
YIL062C,YGR272C,0,0.12478119,0.17180690169334412,0.9855769276618958,0.4960843324661255
YPL258C,YDL210W,0,0.12477575,0.1717781126499176,0.9855769276618958,0.49618473649024963
YCL029C,YHR082C,0,0.12242623,0.1717493236064911,0.9855769276618958,0.4962851405143738
YDL035C,YJL071W,0,0.12064195,0.17172054946422577,0.9855769276618958,0.4963855445384979
YJL087C,YCR011C,0,0.120610476,0.17169179022312164,0.9855769276618958,0.49648594856262207
YDL139C,YHR153C,0,0.11860709,0.17166303098201752,0.9855769276618958,0.4965863525867462
YNL218W,YJR045C,0,0.1185405,0.17163428664207458,0.9855769276618958,0.49668675661087036
YGR204W,YLR283W,0,0.11817336,0.17160555720329285,0.9855769276618958,0.4967871606349945
YBR192W,YOR034C,0,0.11761183,0.1715768277645111,0.9855769276618958,0.49688756465911865
YOR068C,YMR282C,0,0.117357045,0.17154811322689056,0.9855769276618958,0.4969879388809204
YJL196C,YOL100W,0,0.11664271,0.1715194135904312,0.9855769276618958,0.49708834290504456
YMR195W,YHR009C,0,0.11642659,0.17149071395397186,0.9855769276618958,0.4971887469291687
YDL029W,YOL149W,0,0.115291774,0.1714620292186737,0.9855769276618958,0.49728915095329285
YJL052W,YJL089W,0,0.11495185,0.17143334448337555,0.9855769276618958,0.497389554977417
YMR210W,YLR158C,0,0.11488623,0.17140468955039978,0.9855769276618958,0.49748995900154114
YMR063W,YIR006C,0,0.11406649,0.17137601971626282,0.9855769276618958,0.4975903630256653
YDR110W,YDL215C,0,0.11380634,0.17134737968444824,0.9855769276618958,0.49769076704978943
YER072W,YPR096C,0,0.112912744,0.17131873965263367,0.9855769276618958,0.4977911710739136
YDR261W-A,YDL015C,0,0.11282548,0.1712900996208191,0.9855769276618958,0.4978915750980377
YGR175C,YIL017W,0,0.11274782,0.1712614893913269,0.9855769276618958,0.49799197912216187
YKL218C,YDR453C,0,0.11266807,0.17123287916183472,0.9855769276618958,0.498092383146286
YGR104C,YJL194W,0,0.1125744,0.17120426893234253,0.9855769276618958,0.49819275736808777
YNL078W,YLR052W,0,0.11208469,0.17117568850517273,0.9855769276618958,0.4982931613922119
YNL210W,YHR133C,0,0.11194259,0.17114710807800293,0.9855769276618958,0.49839356541633606
YLR025W,YKL149C,0,0.111767255,0.17111852765083313,0.9855769276618958,0.4984939694404602
YCR091W,YJR027W,0,0.111651,0.17108996212482452,0.9855769276618958,0.49859437346458435
YGR204W,YJR158W,0,0.110993326,0.1710614114999771,0.9855769276618958,0.4986947774887085
YHR105W,YER102W,0,0.11001825,0.1710328757762909,0.9855769276618958,0.49879518151283264
YER108C,YPR068C,0,0.10944247,0.17100434005260468,0.9855769276618958,0.4988955855369568
YKL081W,YJL071W,0,0.10942587,0.17097581923007965,0.9855769276618958,0.49899598956108093
YOR356W,YDL171C,0,0.10942361,0.17094729840755463,0.9855769276618958,0.4990963935852051
YLR189C,YML005W,0,0.10931569,0.1709187924861908,0.9855769276618958,0.4991967976093292
YDL072C,YML099C,0,0.10878664,0.17089030146598816,0.9855769276618958,0.49929720163345337
YNR070W,YGL256W,0,0.10793795,0.17086181044578552,0.9855769276618958,0.4993975758552551
YLR157C,YMR295C,0,0.10778183,0.17083333432674408,0.9855769276618958,0.4994979798793793
YKL082C,YOR065W,0,0.10720125,0.17080487310886383,0.9855769276618958,0.4995983839035034
YIL142W,YFL002W-B,0,0.10720077,0.17077641189098358,0.9855769276618958,0.49969878792762756
YFR006W,YGR122W,0,0.10598779,0.17074796557426453,0.9855769276618958,0.4997991919517517
YBR094W,YGR134W,0,0.105817534,0.17071951925754547,0.9855769276618958,0.49989959597587585
YDL061C,YJL079C,0,0.10574514,0.1706910878419876,0.9855769276618958,0.5
YML127W,YDL119C,0,0.10550469,0.17066267132759094,0.9855769276618958,0.5001003742218018
YOR316C,YMR133W,0,0.10441843,0.17063425481319427,0.9855769276618958,0.5002008080482483
YKL013C,YJR151C,0,0.10373068,0.1706058531999588,0.9855769276618958,0.50030118227005
YEL019C,YOL045W,0,0.103396304,0.17057746648788452,0.9855769276618958,0.5004016160964966
YBL063W,YHL008C,0,0.10224479,0.17054907977581024,0.9855769276618958,0.5005019903182983
YGR134W,YOL096C,0,0.09997594,0.17052070796489716,0.9855769276618958,0.5006024241447449
YOR168W,YDL138W,0,0.09928918,0.17049235105514526,0.9855769276618958,0.5007027983665466
YOL018C,YOR285W,0,0.098333746,0.17046399414539337,0.9855769276618958,0.5008032321929932
YDR245W,YHR061C,0,0.098196626,0.17043565213680267,0.9855769276618958,0.5009036064147949
YDR316W-B,YJR075W,0,0.098089516,0.17040731012821198,0.9855769276618958,0.5010040402412415
YCR080W,YNL132W,0,0.09763706,0.17037898302078247,0.9855769276618958,0.5011044144630432
YHR116W,YDR138W,0,0.09742527,0.17035067081451416,0.9855769276618958,0.5012048482894897
YOR389W,YLR429W,0,0.097421035,0.17032237350940704,0.9855769276618958,0.5013052225112915
YLR380W,YFR050C,0,0.09734406,0.17029407620429993,0.9855769276618958,0.5014055967330933
YBR268W,YGR235C,0,0.097227514,0.1702657788991928,0.9855769276618958,0.5015060305595398
YNL115C,YBR176W,0,0.097170964,0.1702374964952469,0.9855769276618958,0.5016064047813416
YLR292C,YKL088W,0,0.096992195,0.17020922899246216,0.9855769276618958,0.5017068386077881
YCL055W,YLR207W,0,0.09659487,0.17018097639083862,0.9855769276618958,0.5018072128295898
YGR109W-A,YDR242W,0,0.09550804,0.1701527237892151,0.9855769276618958,0.5019076466560364
YGL172W,YBR282W,0,0.09496684,0.17012448608875275,0.9855769276618958,0.5020080208778381
YOR358W,YDR393W,0,0.094592154,0.1700962483882904,0.9855769276618958,0.5021084547042847
YDR246W,YBL039C,0,0.09232119,0.17006802558898926,0.9855769276618958,0.5022088289260864
YMR289W,YNL223W,0,0.09212983,0.1700398176908493,0.9855769276618958,0.502309262752533
YOR222W,YHL009W-B,0,0.091807544,0.17001160979270935,0.9855769276618958,0.5024096369743347
YKL058W,YLL048C,0,0.09147602,0.1699834167957306,0.9855769276618958,0.5025100111961365
YLR390W,YOR251C,0,0.09137145,0.16995523869991302,0.9855769276618958,0.502610445022583
YKR095W,YFR006W,0,0.09113626,0.16992706060409546,0.9855769276618958,0.5027108192443848
YER184C,YIL123W,0,0.09099859,0.1698988825082779,0.9855769276618958,0.5028112530708313
YML098W,YKL114C,0,0.09011536,0.16987073421478271,0.9855769276618958,0.5029116272926331
YDR513W,YLL053C,0,0.08942288,0.16984258592128754,0.9855769276618958,0.5030120611190796
YDR389W,YBR267W,0,0.089331895,0.16981445252895355,0.9855769276618958,0.5031124353408813
YBR172C,YNL297C,0,0.089117736,0.16978631913661957,0.9855769276618958,0.5032128691673279
YGR071C,YLR315W,0,0.08888164,0.16975820064544678,0.9855769276618958,0.5033132433891296
YLR154W-C,YDR517W,0,0.08844587,0.169730082154274,0.9855769276618958,0.5034136772155762
YLR163C,YKL132C,0,0.08837566,0.16970199346542358,0.9855769276618958,0.5035140514373779
YOR216C,YIR004W,0,0.08806063,0.169673889875412,0.9855769276618958,0.5036144852638245
YOR304C-A,YPR137C-A,0,0.08782482,0.16964581608772278,0.9855769276618958,0.5037148594856262
YML048W,YFL038C,0,0.08732221,0.16961774230003357,0.9855769276618958,0.503815233707428
YPL059W,YHL034C,0,0.08731872,0.16958966851234436,0.9855769276618958,0.5039156675338745
YFR045W,YAR042W,0,0.08641368,0.16956162452697754,0.9855769276618958,0.5040160417556763
YNL213C,YLR121C,0,0.08541769,0.16953358054161072,0.9855769276618958,0.5041164755821228
YNL284C-B,YMR282C,0,0.0851416,0.1695055365562439,0.9855769276618958,0.5042168498039246
YGL137W,YDR517W,0,0.08486003,0.16947750747203827,0.9855769276618958,0.5043172836303711
YBL076C,YEL056W,0,0.08478874,0.16944949328899384,0.9855769276618958,0.5044176578521729
YBR022W,YMR273C,0,0.08457455,0.1694214940071106,0.9855769276618958,0.5045180916786194
YLR410W-B,YBR188C,0,0.08446145,0.16939349472522736,0.9855769276618958,0.5046184659004211
YGR161W-B,YGR034W,0,0.08410993,0.16936549544334412,0.9855769276618958,0.5047188997268677
YLR466W,YNR002C,0,0.08345941,0.16933752596378326,0.9855769276618958,0.5048192739486694
YNL110C,YCR097WB,0,0.08302379,0.16930954158306122,0.9855769276618958,0.504919707775116
YMR100W,YCR093W,0,0.08245297,0.16928158700466156,0.9855769276618958,0.5050200819969177
YNL095C,YAL063C,0,0.08155984,0.1692536324262619,0.9855769276618958,0.5051204562187195
YJL125C,YLR058C,0,0.08120251,0.16922569274902344,0.9855769276618958,0.505220890045166
YHR079C,YBR065C,0,0.08069092,0.16919775307178497,0.9855769276618958,0.5053212642669678
YNL118C,YGR159C,0,0.080230504,0.1691698282957077,0.9855769276618958,0.5054216980934143
YDR253C,YPL099C,0,0.08006257,0.16914191842079163,0.9855769276618958,0.5055220723152161
YBR153W,YJR083C,0,0.078026354,0.16911400854587555,0.9855769276618958,0.5056225061416626
YFL002W-B,YDR219C,0,0.077632755,0.16908611357212067,0.9855769276618958,0.5057228803634644
YIL026C,YNR010W,0,0.076791376,0.16905821859836578,0.9855769276618958,0.5058233141899109
YDR376W,YPL087W,0,0.07675627,0.1690303385257721,0.9855769276618958,0.5059236884117126
YOR081C,YBL007C,0,0.074176565,0.1690024733543396,0.9855769276618958,0.5060241222381592
YNL149C,YDR248C,0,0.07403624,0.1689746081829071,0.9855769276618958,0.5061244964599609
YDL127W,YPL093W,0,0.072297156,0.1689467579126358,0.9855769276618958,0.5062248706817627
YOR217W,YOR126C,0,0.07143247,0.1689189225435257,0.9855769276618958,0.5063253045082092
YPL143W,YPL200W,0,0.07047582,0.1688910871744156,0.9855769276618958,0.506425678730011
YOL009C,YKL119C,0,0.06973401,0.16886326670646667,0.9855769276618958,0.5065261125564575
YPL089C,YNL119W,0,0.066614956,0.16883544623851776,0.9855769276618958,0.5066264867782593
YDR320C,YCR072C,0,0.066590436,0.16880764067173004,0.9855769276618958,0.5067269206047058
YBL035C,YLR300W,0,0.066083044,0.16877985000610352,0.9855769276618958,0.5068272948265076
YFR038W,YNL267W,0,0.065956175,0.168752059340477,0.9855769276618958,0.5069277286529541
YPL074W,YNL297C,0,0.06595218,0.16872428357601166,0.9855769276618958,0.5070281028747559
YMR153W,YGL003C,0,0.06574462,0.16869650781154633,0.9855769276618958,0.5071285367012024
YCR081W,YPL269W,0,0.064895466,0.1686687469482422,0.9855769276618958,0.5072289109230042
YDR444W,YDR528W,0,0.06376195,0.16864100098609924,0.9855769276618958,0.5073293447494507
YDL059C,YIR011C,0,0.06365735,0.1686132550239563,0.9855769276618958,0.5074297189712524
YEL058W,YIL144W,0,0.06355472,0.16858552396297455,0.9855769276618958,0.5075300931930542
YML006C,YLR055C,0,0.063167974,0.168557807803154,0.9855769276618958,0.5076305270195007
YOL057W,YMR020W,0,0.06146048,0.16853009164333344,0.9855769276618958,0.5077309012413025
YOR036W,YBL064C,0,0.061228216,0.16850239038467407,0.9855769276618958,0.507831335067749
YBR251W,YJL127C,0,0.06099546,0.1684746891260147,0.9855769276618958,0.5079317092895508
YGR271W,YOL007C,0,0.060634315,0.16844700276851654,0.9855769276618958,0.5080321431159973
YJL216C,YHR033W,0,0.06004423,0.16841931641101837,0.9855769276618958,0.5081325173377991
YOL069W,YER086W,0,0.060039654,0.1683916598558426,0.9855769276618958,0.5082329511642456
YMR182C,YOR259C,0,0.059888452,0.16836398839950562,0.9855769276618958,0.5083333253860474
YKL156W,YGR006W,0,0.059508532,0.16833634674549103,0.9855769276618958,0.5084337592124939
YNL219C,YOR319W,0,0.058220536,0.16830870509147644,0.9855769276618958,0.5085341334342957
YJL044C,YKR105C,0,0.058142416,0.16828106343746185,0.9855769276618958,0.5086345672607422
YPR102C,YNL190W,0,0.057898864,0.16825345158576965,0.9855769276618958,0.508734941482544
YJR053W,YOL007C,0,0.05781783,0.16822583973407745,0.9855769276618958,0.5088353157043457
YOL070C,YHR117W,0,0.057549447,0.16819822788238525,0.9855769276618958,0.5089357495307922
YER151C,YOR209C,0,0.057393283,0.16817063093185425,0.9855769276618958,0.509036123752594
YFL021W,YDR481C,0,0.057340153,0.16814304888248444,0.9855769276618958,0.5091365575790405
YDR169C,YPL060W,0,0.05646883,0.16811546683311462,0.9855769276618958,0.5092369318008423
YPL002C,YPR128C,0,0.05617027,0.168087899684906,0.9855769276618958,0.5093373656272888
YER014W,YPR137C-A,0,0.05410841,0.1680603325366974,0.9855769276618958,0.5094377398490906
YJL003W,YLL018C,0,0.053726733,0.16803278028964996,0.9855769276618958,0.5095381736755371
YAL035W,YMR101C,0,0.053725064,0.16800524294376373,0.9855769276618958,0.5096385478973389
YHR184W,YDR520C,0,0.053150356,0.1679777055978775,0.9855769276618958,0.5097389817237854
YGL122C,YPR091C,0,0.051293492,0.16795018315315247,0.9855769276618958,0.5098393559455872
YNL192W,YLR213C,0,0.04869193,0.16792267560958862,0.9855769276618958,0.5099397301673889
YMR225C,YNL289W,0,0.048416525,0.16789516806602478,0.9855769276618958,0.5100401639938354
YDR528W,YBL057C,0,0.048149496,0.16786767542362213,0.9855769276618958,0.5101405382156372
YMR225C,YBL011W,0,0.047525972,0.16784018278121948,0.9855769276618958,0.5102409720420837
YJR005W,YCL026C-B,0,0.047057286,0.16781270503997803,0.9855769276618958,0.5103413462638855
YDR261C-D,YEL002C,0,0.047025442,0.16778524219989777,0.9855769276618958,0.510441780090332
YCR054C,YDL135C,0,0.046877995,0.1677577793598175,0.9855769276618958,0.5105421543121338
YBL030C,YOL080C,0,0.046373963,0.16773031651973724,0.9855769276618958,0.5106425881385803
YGL105W,YEL016C,0,0.046176493,0.16770288348197937,0.9855769276618958,0.5107429623603821
YNL182C,YBR105C,0,0.04560268,0.1676754504442215,0.9855769276618958,0.5108433961868286
YOR334W,YNL096C,0,0.04545957,0.16764801740646362,0.9855769276618958,0.5109437704086304
YBR058C,YLR131C,0,0.044973493,0.16762059926986694,0.9855769276618958,0.5110442042350769
YNL180C,YNR032C-A,0,0.044734985,0.16759319603443146,0.9855769276618958,0.5111445784568787
YDR046C,YBR042C,0,0.044704795,0.16756579279899597,0.9855769276618958,0.5112449526786804
YGL025C,YDR463W,0,0.044139214,0.16753840446472168,0.9855769276618958,0.511345386505127
YNR041C,YHR059W,0,0.042963624,0.16751103103160858,0.9855769276618958,0.5114457607269287
YLR256W-A,YNL081C,0,0.04195574,0.16748365759849548,0.9855769276618958,0.5115461945533752
YNL164C,YEL016C,0,0.04027001,0.16745629906654358,0.9855769276618958,0.511646568775177
YDR002W,YKR089C,0,0.04013759,0.16742894053459167,0.9855769276618958,0.5117470026016235
YFL010W-A,YBR173C,0,0.0392012,0.16740159690380096,0.9855769276618958,0.5118473768234253
YMR321C,YAL031C,0,0.03852552,0.16737426817417145,0.9855769276618958,0.5119478106498718
YLR318W,YJL124C,0,0.038401008,0.16734693944454193,0.9855769276618958,0.5120481848716736
YMR221C,YML120C,0,0.03774759,0.1673196256160736,0.9855769276618958,0.5121486186981201
YDR316W-A,YOL124C,0,0.037693143,0.16729231178760529,0.9855769276618958,0.5122489929199219
YPL127C,YPL002C,0,0.037421823,0.16726501286029816,0.9855769276618958,0.5123494267463684
YHR156C,YML070W,0,0.03712994,0.16723772883415222,0.9855769276618958,0.5124498009681702
YAL062W,YPL134C,0,0.03700556,0.1672104448080063,0.9855769276618958,0.5125501751899719
YGR156W,YDL117W,0,0.036155343,0.16718316078186035,0.9855769276618958,0.5126506090164185
YDR231C,YHR074W,0,0.035592563,0.1671559065580368,0.9855769276618958,0.5127509832382202
YBR045C,YJL144W,0,0.035016507,0.16712865233421326,0.9855769276618958,0.5128514170646667
YDR240C,YLR004C,0,0.034598157,0.1671013981103897,0.9855769276618958,0.5129517912864685
YPL130W,YLR285W,0,0.034517795,0.16707415878772736,0.9855769276618958,0.513052225112915
YBR128C,YPR102C,0,0.034155965,0.1670469343662262,0.9855769276618958,0.5131525993347168
YPR138C,YLR442C,0,0.033783972,0.16701970994472504,0.9855769276618958,0.5132530331611633
YPL146C,YGR142W,0,0.032936305,0.16699250042438507,0.9855769276618958,0.5133534073829651
YOR261C,YGR184C,0,0.03283454,0.1669653058052063,0.9855769276618958,0.5134538412094116
YDR146C,YMR261C,0,0.032673955,0.16693811118602753,0.9855769276618958,0.5135542154312134
YOL098C,YHR036W,0,0.03137188,0.16691093146800995,0.9855769276618958,0.5136545896530151
YGR084C,YFL049W,0,0.031167895,0.16688375174999237,0.9855769276618958,0.5137550234794617
YPR133W-A,YKL085W,0,0.030968785,0.166856586933136,0.9855769276618958,0.5138553977012634
YDL003W,YLR395C,0,0.030734807,0.1668294221162796,0.9855769276618958,0.51395583152771
YPL280W,YPR125W,0,0.030684471,0.1668022722005844,0.9855769276618958,0.5140562057495117
YCR024C,YOL129W,0,0.030204698,0.16677513718605042,0.9855769276618958,0.5141566395759583
YNL232W,YML040W,0,0.029822528,0.16674800217151642,0.9855769276618958,0.51425701379776
YOR025W,YBR275C,0,0.027630717,0.16672088205814362,0.9855769276618958,0.5143574476242065
YMR048W,YOR349W,0,0.026722014,0.166693776845932,0.9855769276618958,0.5144578218460083
YJR070C,YBR086C,0,0.026626997,0.1666666716337204,0.9855769276618958,0.5145582556724548
YBR287W,YOR089C,0,0.026317298,0.1666395664215088,0.9855769276618958,0.5146586298942566
YBR123C,YJL143W,0,0.025784552,0.16661249101161957,0.9855769276618958,0.5147590637207031
YGL025C,YBR176W,0,0.025057226,0.16658540070056915,0.9855769276618958,0.5148594379425049
YDR044W,YLR348C,0,0.02461695,0.16655834019184113,0.9855769276618958,0.5149598121643066
YJR135W-A,YDL101C,0,0.024276763,0.1665312796831131,0.9855769276618958,0.5150602459907532
YER114C,YGR058W,0,0.02376248,0.16650421917438507,0.9855769276618958,0.5151606202125549
YLR295C,YDR244W,0,0.023688108,0.16647717356681824,0.9855769276618958,0.5152610540390015
YPL195W,YOR389W,0,0.023346245,0.1664501428604126,0.9855769276618958,0.5153614282608032
YFR016C,YOR002W,0,0.023201134,0.16642312705516815,0.9855769276618958,0.5154618620872498
YDL008W,YNR013C,0,0.022893727,0.1663961112499237,0.9855769276618958,0.5155622363090515
YGL019W,YPR127W,0,0.022715207,0.16636909544467926,0.9855769276618958,0.515662670135498
YNL288W,YIL108W,0,0.02226308,0.166342094540596,0.9855769276618958,0.5157630443572998
YNL137C,YPR046W,0,0.021569043,0.16631510853767395,0.9855769276618958,0.5158634781837463
YDR531W,YBR040W,0,0.021361053,0.1662881225347519,0.9855769276618958,0.5159638524055481
YLR403W,YLL008W,0,0.020809576,0.16626115143299103,0.9855769276618958,0.5160642862319946
YER173W,YEL062W,0,0.019399554,0.16623418033123016,0.9855769276618958,0.5161646604537964
YMR256C,YNR045W,0,0.019171499,0.1662072390317917,0.9855769276618958,0.5162650346755981
YIR018W,YKL205W,0,0.019109339,0.16618028283119202,0.9855769276618958,0.5163654685020447
YGL259W,YHR214W,0,0.018450275,0.16615334153175354,0.9855769276618958,0.5164658427238464
YGL196W,YJL045W,0,0.01726073,0.16612641513347626,0.9855769276618958,0.516566276550293
YDR341C,YKL051W,0,0.016265392,0.16609950363636017,0.9855769276618958,0.5166666507720947
YGL209W,YMR071C,0,0.015678287,0.16607259213924408,0.9855769276618958,0.5167670845985413
YDL140C,YGR224W,0,0.013707742,0.166045680642128,0.9855769276618958,0.516867458820343
YDR364C,YDR047W,0,0.0135778785,0.1660187840461731,0.9855769276618958,0.5169678926467896
YER019C-A,YHR024C,0,0.013575017,0.1659919023513794,0.9855769276618958,0.5170682668685913
YDL141W,YOL056W,0,0.01356411,0.1659650206565857,0.9855769276618958,0.5171687006950378
YGR178C,YPL138C,0,0.0135115385,0.16593815386295319,0.9855769276618958,0.5172690749168396
YGR089W,YPL104W,0,0.012802899,0.16591130197048187,0.9855769276618958,0.5173694491386414
YMR188C,YDL067C,0,0.012483895,0.16588445007801056,0.9855769276618958,0.5174698829650879
YGR120C,YDR495C,0,0.008992061,0.16585759818553925,0.9855769276618958,0.5175702571868896
YER014C-A,YNL130C,0,0.008857518,0.16583077609539032,0.9855769276618958,0.5176706910133362
YDR288W,YAL026C,0,0.0084171295,0.1658039540052414,0.9855769276618958,0.5177710652351379
YDR309C,YGL025C,0,0.008003801,0.16577713191509247,0.9855769276618958,0.5178714990615845
YPL174C,YPR048W,0,0.006522715,0.16575032472610474,0.9855769276618958,0.5179718732833862
YDR210W-B,YMR005W,0,0.0058817565,0.165723517537117,0.9855769276618958,0.5180723071098328
YDR151C,YBR164C,0,0.0056853294,0.16569674015045166,0.9855769276618958,0.5181726813316345
YDR129C,YDR517W,0,0.005576238,0.16566994786262512,0.9855769276618958,0.518273115158081
YCL005W-A,YDL141W,0,0.0055724606,0.16564318537712097,0.9855769276618958,0.5183734893798828
YGR214W,YML040W,0,0.005530715,0.16561642289161682,0.9855769276618958,0.5184739232063293
YIL156W,YKL069W,0,0.0054243505,0.16558966040611267,0.9855769276618958,0.5185742974281311
YJL090C,YGR004W,0,0.005007595,0.16556291282176971,0.9855769276618958,0.5186746716499329
YOL142W,YOR054C,0,0.0049755573,0.16553618013858795,0.9855769276618958,0.5187751054763794
YJL174W,YPL204W,0,0.0046224147,0.1655094474554062,0.9855769276618958,0.5188754796981812
YIL020C,YMR046C,0,0.003899455,0.16548272967338562,0.9855769276618958,0.5189759135246277
YGR180C,YOR323C,0,0.003143847,0.16545601189136505,0.9855769276618958,0.5190762877464294
YBR081C,YMR188C,0,0.0021532178,0.16542930901050568,0.9855769276618958,0.519176721572876
YNL070W,YDR310C,0,0.0018663406,0.1654026210308075,0.9855769276618958,0.5192770957946777
YML057W,YDR140W,0,0.00049856305,0.16537593305110931,0.9855769276618958,0.5193775296211243
YOR304C-A,YLR285W,0,0.00047528744,0.16534924507141113,0.9855769276618958,0.519477903842926
YPL112C,YFR052W,0,0.0004245937,0.16532258689403534,0.9855769276618958,0.5195783376693726
YER190W,YGL194C,0,0.00024862587,0.16529591381549835,0.9855769276618958,0.5196787118911743
YNL160W,YNL318C,0,-0.0031177998,0.16526927053928375,0.9855769276618958,0.5197791457176208
YHR194W,YOL155C,0,-0.0033613741,0.16524262726306915,0.9855769276618958,0.5198795199394226
YPR097W,YOL052C-A,0,-0.0046089888,0.16521598398685455,0.9855769276618958,0.5199798941612244
YHR067W,YDR052C,0,-0.005191177,0.16518937051296234,0.9855769276618958,0.5200803279876709
YML057W,YML039W,0,-0.006007254,0.16516274213790894,0.9855769276618958,0.5201807022094727
YOR145C,YGL216W,0,-0.00612399,0.16513614356517792,0.9855769276618958,0.5202811360359192
YKR008W,YDR262W,0,-0.006274879,0.1651095300912857,0.9855769276618958,0.520381510257721
YPR034W,YOL019W,0,-0.0063766986,0.16508294641971588,0.9855769276618958,0.5204819440841675
YGR271W,YCL055W,0,-0.0066516846,0.16505636274814606,0.9855769276618958,0.5205823183059692
YDR028C,YLR381W,0,-0.006710708,0.16502977907657623,0.9855769276618958,0.5206827521324158
YLR316C,YGR292W,0,-0.006955646,0.1650032252073288,0.9855769276618958,0.5207831263542175
YGL139W,YBL037W,0,-0.007332191,0.16497665643692017,0.9855769276618958,0.5208835601806641
YGR099W,YOL156W,0,-0.007675141,0.16495011746883392,0.9855769276618958,0.5209839344024658
YBR245C,YLR371W,0,-0.009558335,0.16492357850074768,0.9855769276618958,0.5210843086242676
YFL002W-B,YAL054C,0,-0.010786265,0.16489703953266144,0.9855769276618958,0.5211847424507141
YIR005W,YBR072W,0,-0.011085749,0.1648705154657364,0.9855769276618958,0.5212851166725159
YLR163C,YOL055C,0,-0.011351407,0.16484400629997253,0.9855769276618958,0.5213855504989624
YDR261W-B,YNL103W,0,-0.0114480555,0.16481749713420868,0.9855769276618958,0.5214859247207642
YIL120W,YPR194C,0,-0.011883408,0.16479100286960602,0.9855769276618958,0.5215863585472107
YKR102W,YBR109C,0,-0.012025751,0.16476450860500336,0.9855769276618958,0.5216867327690125
YDR044W,YGR103W,0,-0.013140798,0.1647380292415619,0.9855769276618958,0.521787166595459
YFR006W,YOR326W,0,-0.014044479,0.16471154987812042,0.9855769276618958,0.5218875408172607
YER173W,YNR040W,0,-0.0141586065,0.16468508541584015,0.9855769276618958,0.5219879746437073
YBL069W,YPL033C,0,-0.0143793,0.16465863585472107,0.9855769276618958,0.522088348865509
YLL051C,YCR080W,0,-0.017942071,0.164632186293602,0.9855769276618958,0.5221887826919556
YNL122C,YKR069W,0,-0.018109962,0.1646057516336441,0.9855769276618958,0.5222891569137573
YJL035C,YNL325C,0,-0.019274563,0.16457931697368622,0.9855769276618958,0.5223895311355591
YPL269W,YHL017W,0,-0.020120233,0.16455289721488953,0.9855769276618958,0.5224899649620056
YKL058W,YDR126W,0,-0.02172935,0.16452647745609283,0.9855769276618958,0.5225903391838074
YNL146W,YBL041W,0,-0.02225411,0.16450008749961853,0.9855769276618958,0.5226907730102539
YDR092W,YJL024C,0,-0.022834212,0.16447368264198303,0.9855769276618958,0.5227911472320557
YJR016C,YCR021C,0,-0.022984862,0.16444729268550873,0.9855769276618958,0.5228915810585022
YDL111C,YFL021W,0,-0.023151398,0.16442091763019562,0.9855769276618958,0.522991955280304
YIL075C,YEL006W,0,-0.023344219,0.1643945425748825,0.9855769276618958,0.5230923891067505
YDL205C,YGL198W,0,-0.023368418,0.1643681824207306,0.9855769276618958,0.5231927633285522
YOR110W,YJL101C,0,-0.024102774,0.16434183716773987,0.9855769276618958,0.5232931971549988
YPL135W,YDR115W,0,-0.025567532,0.16431549191474915,0.9855769276618958,0.5233935713768005
YOR297C,YPR017C,0,-0.026697844,0.16428914666175842,0.9855769276618958,0.5234940052032471
YDR240C,YDR326C,0,-0.026752055,0.1642628163099289,0.9855769276618958,0.5235943794250488
YPR158C-D,YOR150W,0,-0.026864916,0.16423650085926056,0.9855769276618958,0.5236947536468506
YNL192W,YHR209W,0,-0.02795273,0.16421018540859222,0.9855769276618958,0.5237951874732971
YPL150W,YIR032C,0,-0.028778374,0.16418388485908508,0.9855769276618958,0.5238955616950989
YER002W,YOR348C,0,-0.028795123,0.16415758430957794,0.9855769276618958,0.5239959955215454
YKR030W,YGL025C,0,-0.028931797,0.164131298661232,0.9855769276618958,0.5240963697433472
YBR101C,YLR352W,0,-0.029383942,0.16410502791404724,0.9855769276618958,0.5241968035697937
YDR036C,YEL015W,0,-0.029761896,0.1640787571668625,0.9855769276618958,0.5242971777915955
YIL014W,YLL009C,0,-0.029770702,0.16405250132083893,0.9855769276618958,0.524397611618042
YLR054C,YIL037C,0,-0.030024603,0.16402624547481537,0.9855769276618958,0.5244979858398438
YLR247C,YOL045W,0,-0.032283753,0.164000004529953,0.9855769276618958,0.5245984196662903
YJR048W,YKR089C,0,-0.03321427,0.16397376358509064,0.9855769276618958,0.524698793888092
YKL155C,YER081W,0,-0.033541024,0.16394753754138947,0.9855769276618958,0.5247991681098938
YPR019W,YGL087C,0,-0.034013335,0.1639213114976883,0.9855769276618958,0.5248996019363403
YFR014C,YJL198W,0,-0.03441167,0.16389510035514832,0.9855769276618958,0.5249999761581421
YER101C,YNL016W,0,-0.034412235,0.16386890411376953,0.9855769276618958,0.5251004099845886
YML098W,YBR131W,0,-0.036537275,0.16384270787239075,0.9855769276618958,0.5252007842063904
YNL173C,YKL077W,0,-0.03687714,0.16381652653217316,0.9855769276618958,0.5253012180328369
YAL041W,YDR545W,0,-0.03730893,0.16379034519195557,0.9855769276618958,0.5254015922546387
YPR081C,YKL095W,0,-0.037310615,0.16376417875289917,0.9855769276618958,0.5255020260810852
YLL027W,YLR105C,0,-0.038136065,0.16373801231384277,0.9855769276618958,0.525602400302887
YJR052W,YML040W,0,-0.039309025,0.16371186077594757,0.9855769276618958,0.5257028341293335
YPL138C,YOR380W,0,-0.039674222,0.16368572413921356,0.9855769276618958,0.5258032083511353
YER087C-B,YGL229C,0,-0.040193707,0.16365958750247955,0.9855769276618958,0.5259036421775818
YHR118C,YBL007C,0,-0.041013837,0.16363346576690674,0.9855769276618958,0.5260040163993835
YLR011W,YHR114W,0,-0.041555196,0.16360734403133392,0.9855769276618958,0.5261043906211853
YDR116C,YML031W,0,-0.041583568,0.1635812371969223,0.9855769276618958,0.5262048244476318
YBR188C,YMR099C,0,-0.041825302,0.16355513036251068,0.9855769276618958,0.5263051986694336
YER108C,YGL212W,0,-0.042308867,0.16352903842926025,0.9855769276618958,0.5264056324958801
YHR033W,YCL069W,0,-0.04251291,0.16350294649600983,0.9855769276618958,0.5265060067176819
YOR358W,YPL271W,0,-0.042681985,0.1634768694639206,0.9855769276618958,0.5266064405441284
YCL047C,YBL057C,0,-0.04373619,0.16345080733299255,0.9855769276618958,0.5267068147659302
YLR037C,YCR036W,0,-0.043902308,0.16342474520206451,0.9855769276618958,0.5268072485923767
YOR049C,YLR426W,0,-0.044475026,0.16339869797229767,0.9855769276618958,0.5269076228141785
YOR227W,YNL223W,0,-0.04450023,0.16337265074253082,0.9855769276618958,0.527008056640625
YER052C,YNL331C,0,-0.046671897,0.16334661841392517,0.9855769276618958,0.5271084308624268
YLR417W,YPL085W,0,-0.046834394,0.16332058608531952,0.9855769276618958,0.5272088646888733
YAL015C,YEL005C,0,-0.048668608,0.16329456865787506,0.9855769276618958,0.527309238910675
YML098W,YLR284C,0,-0.049183056,0.1632685512304306,0.9855769276618958,0.5274096131324768
YGR274C,YDR145W,0,-0.049430788,0.16324254870414734,0.9855769276618958,0.5275100469589233
YHR005C-A,YDL029W,0,-0.049874138,0.16321656107902527,0.9855769276618958,0.5276104211807251
YDL006W,YPR171W,0,-0.04991889,0.1631905734539032,0.9855769276618958,0.5277108550071716
YPR003C,YLR121C,0,-0.04994355,0.16316460072994232,0.9855769276618958,0.5278112292289734
YDR389W,YIL093C,0,-0.050102293,0.16313862800598145,0.9855769276618958,0.5279116630554199
YCR107W,YKR049C,0,-0.05043745,0.16311267018318176,0.9855769276618958,0.5280120372772217
YEL022W,YJR131W,0,-0.050652906,0.16308671236038208,0.9855769276618958,0.5281124711036682
YLR427W,YKL170W,0,-0.050708316,0.1630607694387436,0.9855769276618958,0.52821284532547
YDR309C,YBR185C,0,-0.05142784,0.1630348265171051,0.9855769276618958,0.5283132791519165
YFL054C,YDR389W,0,-0.0517025,0.1630088984966278,0.9855769276618958,0.5284136533737183
YDL017W,YNL161W,0,-0.052443013,0.1629829853773117,0.9855769276618958,0.52851402759552
YIL075C,YPL026C,0,-0.05432844,0.1629570722579956,0.9855769276618958,0.5286144614219666
YML052W,YJR068W,0,-0.05475077,0.1629311740398407,0.9855769276618958,0.5287148356437683
YDR222W,YBR185C,0,-0.05497393,0.1629052758216858,0.9855769276618958,0.5288152694702148
YGL063W,YDL084W,0,-0.055264533,0.16287939250469208,0.9855769276618958,0.5289156436920166
YJL004C,YLR158C,0,-0.05551824,0.16285350918769836,0.9855769276618958,0.5290160775184631
YBR192W,YLR425W,0,-0.05559045,0.16282764077186584,0.9855769276618958,0.5291164517402649
YNL238W,YEL013W,0,-0.056914806,0.16280177235603333,0.9855769276618958,0.5292168855667114
YDR177W,YNL189W,0,-0.05757241,0.162775918841362,0.9855769276618958,0.5293172597885132
YER014C-A,YBL075C,0,-0.057812214,0.16275008022785187,0.9855769276618958,0.5294176936149597
YJR138W,YER029C,0,-0.058126464,0.16272424161434174,0.9855769276618958,0.5295180678367615
YHL003C,YCR080W,0,-0.059070557,0.1626984179019928,0.9855769276618958,0.529618501663208
YDR501W,YKL095W,0,-0.059103787,0.16267259418964386,0.9855769276618958,0.5297188758850098
YCR065W,YLR139C,0,-0.059498757,0.16264678537845612,0.9855769276618958,0.5298192501068115
YGL016W,YNL297C,0,-0.059573397,0.16262097656726837,0.9855769276618958,0.5299196839332581
YBL047C,YOL092W,0,-0.059610963,0.16259518265724182,0.9855769276618958,0.5300200581550598
YKL134C,YPR196W,0,-0.059849024,0.16256938874721527,0.9855769276618958,0.5301204919815063
YGR246C,YJL094C,0,-0.06011486,0.16254360973834991,0.9855769276618958,0.5302208662033081
YKL005C,YPL253C,0,-0.060573667,0.16251783072948456,0.9855769276618958,0.5303213000297546
YBR016W,YGR169C,0,-0.06221962,0.1624920666217804,0.9855769276618958,0.5304216742515564
YMR321C,YLR121C,0,-0.06257969,0.16246631741523743,0.9855769276618958,0.5305221080780029
YPR114W,YML042W,0,-0.06347293,0.16244056820869446,0.9855769276618958,0.5306224822998047
YOR297C,YML132W,0,-0.06464189,0.16241483390331268,0.9855769276618958,0.5307229161262512
YBR105C,YLR105C,0,-0.065074325,0.1623890995979309,0.9855769276618958,0.530823290348053
YNL273W,YDL107W,0,-0.06546199,0.16236338019371033,0.9855769276618958,0.5309237241744995
YGR285C,YIL177C,0,-0.06583375,0.16233766078948975,0.9855769276618958,0.5310240983963013
YOR313C,YDR021W,0,-0.065891206,0.16231195628643036,0.9855769276618958,0.531124472618103
YFR038W,YOR138C,0,-0.06644702,0.16228625178337097,0.9855769276618958,0.5312249064445496
YHR013C,YBL011W,0,-0.067405105,0.16226056218147278,0.9855769276618958,0.5313252806663513
YML009C,YPR200C,0,-0.067587286,0.16223488748073578,0.9855769276618958,0.5314257144927979
YKL017C,YDR108W,0,-0.069187135,0.16220921277999878,0.9855769276618958,0.5315260887145996
YBR141C,YNL335W,0,-0.06936321,0.16218353807926178,0.9855769276618958,0.5316265225410461
YPR114W,YDR341C,0,-0.069796234,0.16215789318084717,0.9855769276618958,0.5317268967628479
YDR116C,YJR010W,0,-0.07097985,0.16213223338127136,0.9855769276618958,0.5318273305892944
YGR134W,YNR030W,0,-0.07234976,0.16210658848285675,0.9855769276618958,0.5319277048110962
YFR034C,YGL126W,0,-0.07289797,0.16208095848560333,0.9855769276618958,0.5320281386375427
YER175C,YER137C-A,0,-0.07330668,0.1620553433895111,0.9855769276618958,0.5321285128593445
YGL162W,YKR034W,0,-0.0738551,0.1620297133922577,0.9855769276618958,0.5322288870811462
YBL055C,YGR040W,0,-0.0739252,0.16200411319732666,0.9855769276618958,0.5323293209075928
YOR351C,YGR054W,0,-0.07399511,0.16197851300239563,0.9855769276618958,0.5324296951293945
YNL297C,YHL040C,0,-0.07414889,0.1619529128074646,0.9855769276618958,0.5325301289558411
YPL189W,YDR160W,0,-0.074484736,0.16192732751369476,0.9855769276618958,0.5326305031776428
YPL031C,YNL243W,0,-0.07528485,0.16190175712108612,0.9855769276618958,0.5327309370040894
YGR012W,YOR014W,0,-0.07547897,0.16187618672847748,0.9855769276618958,0.5328313112258911
YGR055W,YNR028W,0,-0.07557038,0.16185061633586884,0.9855769276618958,0.5329317450523376
YGR178C,YEL030W,0,-0.07582724,0.16182507574558258,0.9855769276618958,0.5330321192741394
YGL105W,YBR115C,0,-0.07696132,0.16179952025413513,0.9855769276618958,0.5331325531005859
YHR153C,YGR170W,0,-0.077127814,0.16177399456501007,0.9855769276618958,0.5332329273223877
YGL142C,YOR270C,0,-0.07786587,0.16174845397472382,0.9855769276618958,0.5333333611488342
YHR027C,YDR236C,0,-0.07809609,0.16172294318675995,0.9855769276618958,0.533433735370636
YMR054W,YJL079C,0,-0.07821852,0.16169743239879608,0.9855769276618958,0.5335341095924377
YFL054C,YDR177W,0,-0.07869065,0.16167192161083221,0.9855769276618958,0.5336345434188843
YPL113C,YCR014C,0,-0.078960046,0.16164642572402954,0.9855769276618958,0.533734917640686
YLR005W,YPL244C,0,-0.07931279,0.16162094473838806,0.9855769276618958,0.5338353514671326
YGL162W,YBR299W,0,-0.079489335,0.16159546375274658,0.9855769276618958,0.5339357256889343
YMR241W,YIL109C,0,-0.07967056,0.1615699827671051,0.9855769276618958,0.5340361595153809
YGR075C,YDR261C-D,0,-0.080387056,0.16154451668262482,0.9855769276618958,0.5341365337371826
YFL039C,YCR055C,0,-0.08147544,0.16151906549930573,0.9855769276618958,0.5342369675636292
YFR030W,YDR326C,0,-0.082297325,0.16149361431598663,0.9855769276618958,0.5343373417854309
YDL003W,YER087C-A,0,-0.08301744,0.16146817803382874,0.9855769276618958,0.5344377756118774
YDR288W,YNL239W,0,-0.08368933,0.16144274175167084,0.9855769276618958,0.5345381498336792
YEL037C,YCL044C,0,-0.083712205,0.16141732037067413,0.9855769276618958,0.5346385836601257
YOR389W,YLR143W,0,-0.084425,0.16139191389083862,0.9855769276618958,0.5347389578819275
YGR279C,YDR371W,0,-0.085130215,0.16136649250984192,0.9855769276618958,0.5348393321037292
YCL060C,YDR437W,0,-0.085810184,0.1613411009311676,0.9855769276618958,0.5349397659301758
YOR070C,YPL092W,0,-0.08589783,0.1613157093524933,0.9855769276618958,0.5350401401519775
YIL068C,YAL003W,0,-0.08753669,0.16129031777381897,0.9855769276618958,0.5351405739784241
YGR047C,YEL012W,0,-0.08787274,0.16126494109630585,0.9855769276618958,0.5352409482002258
YDL056W,YDR244W,0,-0.08871661,0.16123957931995392,0.9855769276618958,0.5353413820266724
YOR219C,YPR148C,0,-0.089142784,0.161214217543602,0.9855769276618958,0.5354417562484741
YNR052C,YJR035W,0,-0.09128983,0.16118887066841125,0.9855769276618958,0.5355421900749207
YFL026W,YDR233C,0,-0.09178501,0.16116352379322052,0.9855769276618958,0.5356425642967224
YKL045W,YOL056W,0,-0.09262225,0.16113819181919098,0.9855769276618958,0.535742998123169
YNL070W,YDL195W,0,-0.09460348,0.16111285984516144,0.9855769276618958,0.5358433723449707
YOR142W,YDR436W,0,-0.094894335,0.1610875427722931,0.9855769276618958,0.5359437465667725
YHR080C,YIL150C,0,-0.09615368,0.16106222569942474,0.9855769276618958,0.536044180393219
YBL030C,YJL198W,0,-0.09621321,0.1610369235277176,0.9855769276618958,0.5361445546150208
YKL039W,YBL064C,0,-0.09692216,0.16101162135601044,0.9855769276618958,0.5362449884414673
YLR189C,YJR010C-A,0,-0.09730482,0.16098633408546448,0.9855769276618958,0.536345362663269
YBR049C,YLR306W,0,-0.097435534,0.1609610617160797,0.9855769276618958,0.5364457964897156
YLR067C,YHR051W,0,-0.09830114,0.16093578934669495,0.9855769276618958,0.5365461707115173
YHR174W,YIL047C,0,-0.09845961,0.16091051697731018,0.9855769276618958,0.5366466045379639
YDL080C,YER125W,0,-0.09915674,0.1608852595090866,0.9855769276618958,0.5367469787597656
YER140W,YBL037W,0,-0.09954044,0.16086001694202423,0.9855769276618958,0.5368474125862122
YOR353C,YJR118C,0,-0.10004634,0.16083477437496185,0.9855769276618958,0.5369477868080139
YFL011W-A,YDR463W,0,-0.10043749,0.16080953180789948,0.9855769276618958,0.5370482206344604
YDL180W,YKL020C,0,-0.10069942,0.16078431904315948,0.9855769276618958,0.5371485948562622
YPL195W,YAL059W,0,-0.10119897,0.1607590913772583,0.9855769276618958,0.537248969078064
YBR049C,YKL048C,0,-0.103103146,0.1607338935136795,0.9855769276618958,0.5373494029045105
YDR034C,YDR297W,0,-0.10324781,0.16070868074893951,0.9855769276618958,0.5374497771263123
YMR059W,YKR089C,0,-0.10392898,0.1606834977865219,0.9855769276618958,0.5375502109527588
YGL194C,YLL022C,0,-0.10434309,0.16065829992294312,0.9855769276618958,0.5376505851745605
YJL133W,YDR107C,0,-0.10564287,0.1606331318616867,0.9855769276618958,0.5377510190010071
YJL013C,YDL180W,0,-0.10615969,0.1606079638004303,0.9855769276618958,0.5378513932228088
YDR146C,YIL033C,0,-0.10635388,0.1605827957391739,0.9855769276618958,0.5379518270492554
YGL010W,YLL031C,0,-0.10897598,0.16055764257907867,0.9855769276618958,0.5380522012710571
YLR414C,YNL052W,0,-0.10932797,0.16053250432014465,0.9855769276618958,0.5381526350975037
YBR089C-A,YDR347W,0,-0.10959607,0.16050736606121063,0.9855769276618958,0.5382530093193054
YMR033W,YDR050C,0,-0.1100725,0.1604822278022766,0.9855769276618958,0.538353443145752
YHR194W,YKR104W,0,-0.11014861,0.16045710444450378,0.9855769276618958,0.5384538173675537
YGR170W,YOR391C,0,-0.11042124,0.16043199598789215,0.9855769276618958,0.5385541915893555
YPL022W,YER104W,0,-0.1106168,0.16040688753128052,0.9855769276618958,0.538654625415802
YER174C,YMR301C,0,-0.11184019,0.16038179397583008,0.9855769276618958,0.5387549996376038
YNL304W,YDL112W,0,-0.11191535,0.16035670042037964,0.9855769276618958,0.5388554334640503
YNL192W,YNL063W,0,-0.11236709,0.1603316068649292,0.9855769276618958,0.538955807685852
YDR244W,YGR004W,0,-0.11252624,0.16030654311180115,0.9855769276618958,0.5390562415122986
YPL258C,YNL065W,0,-0.11274143,0.1602814644575119,0.9855769276618958,0.5391566157341003
YJL198W,YJL110C,0,-0.1130746,0.16025641560554504,0.9855769276618958,0.5392570495605469
YDR464W,YFL033C,0,-0.11317366,0.160231351852417,0.9855769276618958,0.5393574237823486
YJL102W,YDR468C,0,-0.113383256,0.16020631790161133,0.9855769276618958,0.5394578576087952
YAL051W,YML028W,0,-0.11411697,0.16018128395080566,0.9855769276618958,0.5395582318305969
YDR227W,YGL253W,0,-0.1146691,0.16015625,0.9855769276618958,0.5396586060523987
YMR048W,YLR204W,0,-0.11575836,0.16013123095035553,0.9855769276618958,0.5397590398788452
YPL101W,YBR096W,0,-0.115999535,0.16010621190071106,0.9855769276618958,0.539859414100647
YKL051W,YNL307C,0,-0.11630094,0.16008120775222778,0.9855769276618958,0.5399598479270935
YNR030W,YDR034C-C,0,-0.116469264,0.1600562185049057,0.9855769276618958,0.5400602221488953
YKL181W,YLR361C,0,-0.11657387,0.16003122925758362,0.9855769276618958,0.5401606559753418
YPR128C,YBR238C,0,-0.116755866,0.16000624001026154,0.9855769276618958,0.5402610301971436
YCL067C,YGR266W,0,-0.116874054,0.15998126566410065,0.9855769276618958,0.5403614640235901
YJL021C,YHR146W,0,-0.118630454,0.15995630621910095,0.9855769276618958,0.5404618382453918
YLR079W,YLL008W,0,-0.11949761,0.15993134677410126,0.9855769276618958,0.5405622720718384
YOL109W,YPL091W,0,-0.11965972,0.15990640223026276,0.9855769276618958,0.5406626462936401
YDR528W,YMR304W,0,-0.12311441,0.15988145768642426,0.9855769276618958,0.5407630801200867
YJL133C-A,YOR301W,0,-0.12362799,0.15985651314258575,0.9855769276618958,0.5408634543418884
YOR019W,YDR062W,0,-0.12400326,0.15983159840106964,0.9855769276618958,0.5409638285636902
YOR192C-B,YGL030W,0,-0.124201,0.15980666875839233,0.9855769276618958,0.5410642623901367
YMR078C,YFR034C,0,-0.12472159,0.15978176891803741,0.9855769276618958,0.5411646366119385
YCL057W,YNL122C,0,-0.12561904,0.1597568541765213,0.9855769276618958,0.541265070438385
YPR114W,YNR002C,0,-0.12622619,0.15973196923732758,0.9855769276618958,0.5413654446601868
YDR323C,YLR432W,0,-0.12713504,0.15970706939697266,0.9855769276618958,0.5414658784866333
YJL006C,YMR037C,0,-0.1274112,0.15968219935894012,0.9855769276618958,0.5415662527084351
YDR086C,YBR264C,0,-0.12764966,0.1596573144197464,0.9855769276618958,0.5416666865348816
YDL045W-A,YER109C,0,-0.12822533,0.15963245928287506,0.9855769276618958,0.5417670607566833
YMR301C,YPR120C,0,-0.1286264,0.15960760414600372,0.9855769276618958,0.5418674945831299
YJL214W,YNR028W,0,-0.12866762,0.15958274900913239,0.9855769276618958,0.5419678688049316
YDR320C-A,YCL029C,0,-0.13087124,0.15955790877342224,0.9855769276618958,0.5420683026313782
YLR228C,YOR069W,0,-0.13198802,0.1595330685377121,0.9855769276618958,0.5421686768531799
YKL175W,YKL064W,0,-0.13232905,0.15950824320316315,0.9855769276618958,0.5422690510749817
YGL233W,YBR131W,0,-0.13245162,0.1594834327697754,0.9855769276618958,0.5423694849014282
YPL274W,YMR086W,0,-0.13261364,0.15945862233638763,0.9855769276618958,0.54246985912323
YNR061C,YLR086W,0,-0.13363922,0.15943381190299988,0.9855769276618958,0.5425702929496765
YAL043C,YJR015W,0,-0.13402835,0.15940901637077332,0.9855769276618958,0.5426706671714783
YDR444W,YCR005C,0,-0.13436142,0.15938423573970795,0.9855769276618958,0.5427711009979248
YKL074C,YHL006C,0,-0.13447672,0.15935945510864258,0.9855769276618958,0.5428714752197266
YNL318C,YGR116W,0,-0.13484067,0.1593346744775772,0.9855769276618958,0.5429719090461731
YLR126C,YLR352W,0,-0.13540256,0.15930990874767303,0.9855769276618958,0.5430722832679749
YDR503C,YOR389W,0,-0.13557862,0.15928515791893005,0.9855769276618958,0.5431727170944214
YDL113C,YCL043C,0,-0.1363189,0.15926040709018707,0.9855769276618958,0.5432730913162231
YLR023C,YGL198W,0,-0.13768089,0.15923567116260529,0.9855769276618958,0.5433734655380249
YDR039C,YDL235C,0,-0.13777244,0.1592109352350235,0.9855769276618958,0.5434738993644714
YMR035W,YNR008W,0,-0.13818997,0.1591862142086029,0.9855769276618958,0.5435742735862732
YPR156C,YDL160C,0,-0.13841844,0.1591614931821823,0.9855769276618958,0.5436747074127197
YGR260W,YNL138W-A,0,-0.13869879,0.1591367870569229,0.9855769276618958,0.5437750816345215
YFL002W-B,YER090W,0,-0.13916075,0.1591120809316635,0.9855769276618958,0.543875515460968
YLR389C,YBR041W,0,-0.14018801,0.1590873748064041,0.9855769276618958,0.5439758896827698
YJR151C,YJL206C,0,-0.14110342,0.1590626984834671,0.9855769276618958,0.5440763235092163
YMR210W,YIL013C,0,-0.14174055,0.1590380072593689,0.9855769276618958,0.5441766977310181
YLR102C,YEL062W,0,-0.14428668,0.15901334583759308,0.9855769276618958,0.5442771315574646
YFL057C,YLR023C,0,-0.14434695,0.15898866951465607,0.9855769276618958,0.5443775057792664
YOL069W,YKR066C,0,-0.1444735,0.15896402299404144,0.9855769276618958,0.5444779396057129
YLL033W,YGL170C,0,-0.14483324,0.15893937647342682,0.9855769276618958,0.5445783138275146
YLR410W-B,YNL306W,0,-0.14508611,0.1589147299528122,0.9855769276618958,0.5446786880493164
YPL138C,YLR373C,0,-0.14540356,0.15889009833335876,0.9855769276618958,0.5447791218757629
YGR086C,YMR286W,0,-0.14559913,0.15886546671390533,0.9855769276618958,0.5448794960975647
YOR101W,YCL051W,0,-0.14635426,0.1588408499956131,0.9855769276618958,0.5449799299240112
YDR303C,YDR031W,0,-0.14900738,0.15881623327732086,0.9855769276618958,0.545080304145813
YPL001W,YDR130C,0,-0.15117045,0.15879163146018982,0.9855769276618958,0.5451807379722595
YER044C-A,YGR174C,0,-0.15199322,0.15876704454421997,0.9855769276618958,0.5452811121940613
YBL112C,YHR167W,0,-0.15371582,0.15874244272708893,0.9855769276618958,0.5453815460205078
YJR134C,YGL058W,0,-0.15471415,0.15871787071228027,0.9855769276618958,0.5454819202423096
YPL150W,YOR272W,0,-0.15474343,0.15869329869747162,0.9855769276618958,0.5455823540687561
YOR147W,YGR184C,0,-0.15512097,0.15866872668266296,0.9855769276618958,0.5456827282905579
YGR193C,YOR110W,0,-0.15525675,0.1586441695690155,0.9855769276618958,0.5457831621170044
YJR094W-A,YCR080W,0,-0.15587589,0.15861962735652924,0.9855769276618958,0.5458835363388062
YJL073W,YGR199W,0,-0.1566467,0.15859508514404297,0.9855769276618958,0.5459839105606079
YDR424C,YAR042W,0,-0.15708625,0.1585705429315567,0.9855769276618958,0.5460843443870544
YPR008W,YJL060W,0,-0.15848568,0.15854601562023163,0.9855769276618958,0.5461847186088562
YDL192W,YDL047W,0,-0.15858611,0.15852150321006775,0.9855769276618958,0.5462851524353027
YOL054W,YOR157C,0,-0.15888143,0.15849699079990387,0.9855769276618958,0.5463855266571045
YKR050W,YLR052W,0,-0.15929848,0.15847247838974,0.9855769276618958,0.546485960483551
YGL151W,YPL234C,0,-0.15945289,0.1584479808807373,0.9855769276618958,0.5465863347053528
YDR520C,YBR182C,0,-0.15993603,0.1584234982728958,0.9855769276618958,0.5466867685317993
YCL008C,YGR145W,0,-0.16069043,0.15839901566505432,0.9855769276618958,0.5467871427536011
YOR232W,YKL040C,0,-0.1617002,0.15837453305721283,0.9855769276618958,0.5468875765800476
YGL173C,YBR141C,1,-0.16191988,0.15850456058979034,0.9865384697914124,0.5468875765800476
YPL141C,YNR010W,0,-0.16277495,0.15848007798194885,0.9865384697914124,0.5469879508018494
YKR027W,YBR023C,0,-0.16407086,0.15845559537410736,0.9865384697914124,0.5470883250236511
YDL223C,YJL206C,0,-0.16454218,0.15843112766742706,0.9865384697914124,0.5471887588500977
YER049W,YFL011W,0,-0.16463023,0.15840667486190796,0.9865384697914124,0.5472891330718994
YBL014C,YLR315W,0,-0.16545162,0.15838222205638885,0.9865384697914124,0.547389566898346
YKR064W,YPR031W,0,-0.16729799,0.15835776925086975,0.9865384697914124,0.5474899411201477
YBR066C,YDR422C,0,-0.16740873,0.15833333134651184,0.9865384697914124,0.5475903749465942
YLR382C,YOR027W,0,-0.16765887,0.15830890834331512,0.9865384697914124,0.547690749168396
YMR307W,YFR024C,0,-0.16856751,0.1582844853401184,0.9865384697914124,0.5477911829948425
YLR170C,YOR103C,0,-0.16897398,0.1582600623369217,0.9865384697914124,0.5478915572166443
YML088W,YNL063W,0,-0.16901994,0.15823565423488617,0.9865384697914124,0.5479919910430908
YHR058C,YNR043W,0,-0.16948706,0.15821126103401184,0.9865384697914124,0.5480923652648926
YHR030C,YHR009C,0,-0.17002736,0.1581868678331375,0.9865384697914124,0.5481927990913391
YNL048W,YGL241W,0,-0.17045462,0.15816247463226318,0.9865384697914124,0.5482931733131409
YPL220W,YAR042W,0,-0.17114174,0.15813809633255005,0.9865384697914124,0.5483935475349426
YMR015C,YGR109W-B,0,-0.17250307,0.1581137329339981,0.9865384697914124,0.5484939813613892
YGR143W,YLR348C,0,-0.1728757,0.15808936953544617,0.9865384697914124,0.5485943555831909
YMR088C,YCL036W,0,-0.17427698,0.15806500613689423,0.9865384697914124,0.5486947894096375
YDL007W,YDR188W,0,-0.17438993,0.15804067254066467,0.9865384697914124,0.5487951636314392
YHL008C,YLR265C,0,-0.17461869,0.15801632404327393,0.9865384697914124,0.5488955974578857
YGR161W-A,YMR287C,0,-0.17464358,0.15799199044704437,0.9865384697914124,0.5489959716796875
YJL053W,YGR171C,0,-0.17499179,0.157967671751976,0.9865384697914124,0.549096405506134
YGR282C,YER093C,0,-0.17517465,0.15794335305690765,0.9865384697914124,0.5491967797279358
YEL050C,YGR161W-B,0,-0.17547011,0.1579190343618393,0.9865384697914124,0.5492972135543823
YDL153C,YKL208W,1,-0.17582533,0.1580486297607422,0.987500011920929,0.5492972135543823
YCR018C,YDR536W,0,-0.17625205,0.15802431106567383,0.987500011920929,0.5493975877761841
YML104C,YLR268W,0,-0.17719534,0.15800000727176666,0.987500011920929,0.5494980216026306
YBL113C,YFR015C,0,-0.17817412,0.1579757034778595,0.987500011920929,0.5495983958244324
YFL048C,YAL022C,0,-0.17906985,0.15795139968395233,0.987500011920929,0.5496987700462341
YMR184W,YIL064W,0,-0.17912653,0.15792711079120636,0.987500011920929,0.5497992038726807
YHR037W,YKL182W,0,-0.17974775,0.1579028218984604,0.987500011920929,0.5498995780944824
YBR205W,YDR268W,0,-0.18071666,0.1578785479068756,0.987500011920929,0.550000011920929
YIL072W,YML129C,0,-0.18118799,0.15785428881645203,0.987500011920929,0.5501003861427307
YHL006C,YKR006C,0,-0.1854626,0.15783002972602844,0.987500011920929,0.5502008199691772
YMR049C,YDR072C,0,-0.1854859,0.15780577063560486,0.987500011920929,0.550301194190979
YDR263C,YLR147C,0,-0.18567765,0.15778152644634247,0.987500011920929,0.5504016280174255
YGL076C,YLR058C,0,-0.18802513,0.15775729715824127,0.987500011920929,0.5505020022392273
YOR070C,YMR256C,0,-0.1882258,0.15773306787014008,0.987500011920929,0.5506024360656738
YLR207W,YJL219W,0,-0.18831821,0.15770883858203888,0.987500011920929,0.5507028102874756
YER109C,YMR074C,0,-0.18901995,0.15768462419509888,0.987500011920929,0.5508031845092773
YDR398W,YGR008C,0,-0.19005406,0.15766042470932007,0.987500011920929,0.5509036183357239
YOL109W,YGR007W,0,-0.19019029,0.15763622522354126,0.987500011920929,0.5510039925575256
YER108C,YJR076C,0,-0.19033277,0.15761202573776245,0.987500011920929,0.5511044263839722
YDR297W,YPR111W,0,-0.19033855,0.15758784115314484,0.987500011920929,0.5512048006057739
YDR350C,YDR320C,0,-0.19043776,0.15756367146968842,0.987500011920929,0.5513052344322205
YOR071C,YJR132W,0,-0.19132166,0.157539501786232,0.987500011920929,0.5514056086540222
YNL102W,YGL186C,0,-0.19178982,0.15751533210277557,0.987500011920929,0.5515060424804688
YDL105W,YLR121C,0,-0.19180179,0.15749117732048035,0.987500011920929,0.5516064167022705
YGL178W,YER027C,0,-0.19193505,0.1574670374393463,0.987500011920929,0.551706850528717
YLR324W,YKL168C,0,-0.19243753,0.15744289755821228,0.987500011920929,0.5518072247505188
YMR142C,YCL050C,0,-0.19304925,0.15741875767707825,0.987500011920929,0.5519076585769653
YNR021W,YLR102C,0,-0.19460678,0.1573946326971054,0.987500011920929,0.5520080327987671
YGL203C,YAL043C,0,-0.1976392,0.15737052261829376,0.987500011920929,0.5521084070205688
YOR319W,YLR045C,0,-0.19772175,0.15734641253948212,0.987500011920929,0.5522088408470154
YJL214W,YML012W,0,-0.1987917,0.15732230246067047,0.987500011920929,0.5523092150688171
YFR041C,YPR120C,0,-0.19960237,0.15729820728302002,0.987500011920929,0.5524096488952637
YBR223C,YKR014C,0,-0.19993055,0.15727411210536957,0.987500011920929,0.5525100231170654
YGR245C,YGL249W,0,-0.1999317,0.1572500318288803,0.987500011920929,0.552610456943512
YDL179W,YMR247C,0,-0.201702,0.15722596645355225,0.987500011920929,0.5527108311653137
YFL004W,YHR070W,0,-0.20179641,0.15720190107822418,0.987500011920929,0.5528112649917603
YKL100C,YBR023C,0,-0.20283586,0.15717783570289612,0.987500011920929,0.552911639213562
YDR422C,YDR343C,0,-0.2028903,0.15715378522872925,0.987500011920929,0.5530120730400085
YDL043C,YPL033C,0,-0.20331669,0.15712974965572357,0.987500011920929,0.5531124472618103
YGL249W,YNL294C,0,-0.20345417,0.1571056991815567,0.987500011920929,0.5532128810882568
YKL079W,YPR166C,0,-0.20434828,0.15708167850971222,0.987500011920929,0.5533132553100586
YHR111W,YHR064C,0,-0.20441887,0.15705765783786774,0.987500011920929,0.5534136295318604
YGR254W,YFR031C,0,-0.20478441,0.15703363716602325,0.987500011920929,0.5535140633583069
YGR032W,YBL101W-A,0,-0.20504141,0.15700963139533997,0.987500011920929,0.5536144375801086
YNL231C,YBR023C,0,-0.20554475,0.15698562562465668,0.987500011920929,0.5537148714065552
YLR147C,YBR012W-B,0,-0.2057578,0.15696163475513458,0.987500011920929,0.5538152456283569
YLR345W,YLL024C,0,-0.20737422,0.15693765878677368,0.987500011920929,0.5539156794548035
YLR410W-A,YKL217W,0,-0.20739613,0.1569136679172516,0.987500011920929,0.5540160536766052
YMR235C,YDL076C,0,-0.20783198,0.15688970685005188,0.987500011920929,0.5541164875030518
YMR292W,YHR036W,0,-0.20901999,0.15686574578285217,0.987500011920929,0.5542168617248535
YPR160W,YPL206C,0,-0.20911357,0.15684178471565247,0.987500011920929,0.5543172955513
YDR389W,YOL043C,0,-0.20949885,0.15681783854961395,0.987500011920929,0.5544176697731018
YJL196C,YPL157W,0,-0.21028079,0.15679389238357544,0.987500011920929,0.5545180439949036
YOR192C-B,YKR085C,0,-0.21028286,0.15676996111869812,0.987500011920929,0.5546184778213501
YGR070W,YNL213C,0,-0.2106084,0.1567460298538208,0.987500011920929,0.5547188520431519
YLR165C,YGR181W,0,-0.21127999,0.15672211349010468,0.987500011920929,0.5548192858695984
YAL016W,YJL019W,0,-0.21182239,0.15669819712638855,0.987500011920929,0.5549196600914001
YIL035C,YLR410W-A,0,-0.21280925,0.15667429566383362,0.987500011920929,0.5550200939178467
YHR113W,YOR251C,0,-0.21337962,0.1566503942012787,0.987500011920929,0.5551204681396484
YJR033C,YDR468C,0,-0.21444555,0.15662650763988495,0.987500011920929,0.555220901966095
YPL098C,YML124C,0,-0.21505845,0.1566026210784912,0.987500011920929,0.5553212761878967
YJL034W,YER131W,0,-0.2157144,0.15657874941825867,0.987500011920929,0.5554217100143433
YHL032C,YDR261C-D,0,-0.21628802,0.15655487775802612,0.987500011920929,0.555522084236145
YDR211W,YBL085W,0,-0.2163434,0.15653102099895477,0.987500011920929,0.5556225180625916
YOR194C,YDR116C,0,-0.21672717,0.15650716423988342,0.987500011920929,0.5557228922843933
YLR058C,YFL056C,0,-0.21804565,0.15648332238197327,0.987500011920929,0.5558232665061951
YDR254W,YGR012W,0,-0.21820106,0.1564594805240631,0.987500011920929,0.5559237003326416
YLR223C,YDR170C,0,-0.2186037,0.15643563866615295,0.987500011920929,0.5560240745544434
YDR091C,YOR338W,0,-0.21916473,0.156411811709404,0.987500011920929,0.5561245083808899
YBR091C,YKR019C,0,-0.21949497,0.15638799965381622,0.987500011920929,0.5562248826026917
YKL079W,YJL213W,0,-0.21951626,0.15636418759822845,0.987500011920929,0.5563253164291382
YGR135W,YDR317W,0,-0.2197798,0.15634039044380188,0.987500011920929,0.5564256906509399
YML070W,YDL220C,0,-0.2218522,0.1563165932893753,0.987500011920929,0.5565261244773865
YMR295C,YNL101W,0,-0.2222963,0.15629279613494873,0.987500011920929,0.5566264986991882
YPL127C,YLR380W,0,-0.22234134,0.15626901388168335,0.987500011920929,0.5567269325256348
YFL017W-A,YML085C,0,-0.22371775,0.15624524652957916,0.987500011920929,0.5568273067474365
YDR093W,YGR205W,0,-0.2238735,0.15622147917747498,0.987500011920929,0.5569277405738831
YGL233W,YLL050C,0,-0.22439334,0.1561977118253708,0.987500011920929,0.5570281147956848
YER164W,YMR078C,0,-0.22481188,0.1561739593744278,0.987500011920929,0.5571284890174866
YLR153C,YOR294W,0,-0.22566965,0.156150221824646,0.987500011920929,0.5572289228439331
YLR016C,YBR037C,0,-0.22570279,0.1561264842748642,0.987500011920929,0.5573292970657349
YOR381W,YNL050C,0,-0.22691908,0.1561027467250824,0.987500011920929,0.5574297308921814
YML049C,YMR282C,0,-0.2270115,0.1560790240764618,0.987500011920929,0.5575301051139832
YJL157C,YGR245C,0,-0.22746944,0.15605531632900238,0.987500011920929,0.5576305389404297
YHR064C,YIL171W,0,-0.22856751,0.15603160858154297,0.987500011920929,0.5577309131622314
YDL072C,YLR194C,0,-0.22875407,0.15600790083408356,0.987500011920929,0.557831346988678
YJR053W,YBL007C,0,-0.22931442,0.15598420798778534,0.987500011920929,0.5579317212104797
YJR048W,YML133C,0,-0.22996388,0.15596051514148712,0.987500011920929,0.5580321550369263
YBR175W,YCL048W-A,0,-0.23029724,0.1559368371963501,0.987500011920929,0.558132529258728
YOL070C,YPL259C,0,-0.23033682,0.15591315925121307,0.987500011920929,0.5582329034805298
YIR036C,YKL094W,0,-0.23069865,0.15588949620723724,0.987500011920929,0.5583333373069763
YDR415C,YIL005W,0,-0.23104031,0.1558658331632614,0.987500011920929,0.5584337115287781
YGR026W,YDL029W,0,-0.23157117,0.15584218502044678,0.987500011920929,0.5585341453552246
YGR184C,YBR176W,0,-0.23370755,0.15581853687763214,0.987500011920929,0.5586345195770264
YPR159W,YLR143W,0,-0.23374608,0.1557949036359787,0.987500011920929,0.5587349534034729
YBL089W,YKL014C,0,-0.2340155,0.15577127039432526,0.987500011920929,0.5588353276252747
YKL149C,YDL190C,0,-0.23454605,0.155747652053833,0.987500011920929,0.5589357614517212
YNL298W,YGL019W,0,-0.23480538,0.15572403371334076,0.987500011920929,0.559036135673523
YIR032C,YBR109C,0,-0.23521686,0.1557004302740097,0.987500011920929,0.5591365694999695
YMR153W,YNL317W,0,-0.23620099,0.15567682683467865,0.987500011920929,0.5592369437217712
YKR052C,YDL130W-A,0,-0.2374771,0.1556532233953476,0.987500011920929,0.5593373775482178
YKL088W,YEL041W,0,-0.2378003,0.15562963485717773,0.987500011920929,0.5594377517700195
YHR150W,YGR221C,0,-0.23781824,0.15560606122016907,0.987500011920929,0.5595381259918213
YJL066C,YJL180C,0,-0.23815514,0.1555824875831604,0.987500011920929,0.5596385598182678
YDR440W,YDR096W,0,-0.23829031,0.15555892884731293,0.987500011920929,0.5597389340400696
YOR217W,YDR128W,0,-0.23841429,0.15553537011146545,0.987500011920929,0.5598393678665161
YNL015W,YGL006W,0,-0.238903,0.15551181137561798,0.987500011920929,0.5599397420883179
YJR059W,YOR071C,0,-0.23895529,0.1554882675409317,0.987500011920929,0.5600401759147644
YJL134W,YLR359W,0,-0.23914468,0.15546472370624542,0.987500011920929,0.5601405501365662
YLR395C,YOR157C,0,-0.24030563,0.15544119477272034,0.987500011920929,0.5602409839630127
YOR119C,YLR080W,0,-0.24053708,0.15541768074035645,0.987500011920929,0.5603413581848145
YOL136C,YCL074W,0,-0.24116915,0.15539416670799255,0.987500011920929,0.560441792011261
YBR130C,YDL084W,0,-0.24283472,0.15537065267562866,0.987500011920929,0.5605421662330627
YGR255C,YJL127C,0,-0.24287455,0.15534715354442596,0.987500011920929,0.5606426000595093
YIR037W,YER112W,0,-0.2439985,0.15532365441322327,0.987500011920929,0.560742974281311
YDR148C,YOL149W,0,-0.24502584,0.15530017018318176,0.987500011920929,0.5608433485031128
YOR338W,YHR106W,0,-0.24525286,0.15527668595314026,0.987500011920929,0.5609437823295593
YCR030C,YIL080W,0,-0.24540354,0.15525321662425995,0.987500011920929,0.5610441565513611
YOL028C,YPR162C,0,-0.24541849,0.15522974729537964,0.987500011920929,0.5611445903778076
YHR181W,YGR169C,0,-0.24585074,0.15520629286766052,0.987500011920929,0.5612449645996094
YPR131C,YER137C-A,0,-0.24589825,0.1551828384399414,0.987500011920929,0.5613453984260559
YDR384C,YER033C,0,-0.24639454,0.1551593840122223,0.987500011920929,0.5614457726478577
YMR284W,YGL062W,0,-0.2468338,0.15513594448566437,0.987500011920929,0.5615462064743042
YGR083C,YKL179C,0,-0.24763316,0.15511251986026764,0.987500011920929,0.561646580696106
YPR171W,YMR218C,0,-0.2495365,0.1550890952348709,0.987500011920929,0.5617470145225525
YMR221C,YNL107W,0,-0.24978286,0.15506568551063538,0.987500011920929,0.5618473887443542
YLR237W,YIL056W,0,-0.2500091,0.15504227578639984,0.987500011920929,0.561947762966156
YJL143W,YLR025W,0,-0.252706,0.1550188660621643,0.987500011920929,0.5620481967926025
YBR275C,YIL140W,0,-0.25360632,0.15499547123908997,0.987500011920929,0.5621485710144043
YER137C-A,YPR002W,0,-0.25427118,0.15497209131717682,0.987500011920929,0.5622490048408508
YBR015C,YAL048C,0,-0.25455466,0.15494869649410248,0.987500011920929,0.5623493790626526
YKR048C,YDR118W,0,-0.25531855,0.15492533147335052,0.987500011920929,0.5624498128890991
YER025W,YDR072C,0,-0.25563204,0.15490196645259857,0.987500011920929,0.5625501871109009
YER173W,YDL220C,0,-0.25583225,0.15487860143184662,0.987500011920929,0.5626506209373474
YLR048W,YPL248C,0,-0.25619805,0.15485525131225586,0.987500011920929,0.5627509951591492
YER164W,YOR147W,0,-0.2565408,0.1548319011926651,0.987500011920929,0.5628514289855957
YML107C,YOR117W,0,-0.2565825,0.15480856597423553,0.987500011920929,0.5629518032073975
YFR013W,YIL061C,0,-0.25693893,0.15478523075580597,0.987500011920929,0.563052237033844
YGL040C,YPL200W,0,-0.25845805,0.1547619104385376,0.987500011920929,0.5631526112556458
YPL252C,YDR524C,0,-0.25913477,0.15473859012126923,0.987500011920929,0.5632529854774475
YDR169C,YMR208W,0,-0.2594928,0.15471526980400085,0.987500011920929,0.563353419303894
YDR047W,YKR006C,0,-0.25957152,0.15469196438789368,0.987500011920929,0.5634537935256958
YOL098C,YAR007C,0,-0.2602356,0.1546686738729477,0.987500011920929,0.5635542273521423
YDR036C,YDL130W-A,0,-0.2626614,0.1546453833580017,0.987500011920929,0.5636546015739441
YGL226W,YNL317W,0,-0.26273355,0.15462210774421692,0.987500011920929,0.5637550354003906
YLR187W,YNL153C,0,-0.2635442,0.15459883213043213,0.987500011920929,0.5638554096221924
YIL062C,YIL113W,0,-0.26449612,0.15457555651664734,0.987500011920929,0.5639558434486389
YDR056C,YCL039W,0,-0.26470402,0.15455229580402374,0.987500011920929,0.5640562176704407
YGL194C,YOL059W,0,-0.2647425,0.15452903509140015,0.987500011920929,0.5641566514968872
YMR037C,YNL084C,0,-0.26501954,0.15450578927993774,0.987500011920929,0.564257025718689
YHR079C-B,YEL006W,0,-0.2652424,0.15448255836963654,0.987500011920929,0.5643573999404907
YDL078C,YMR041C,0,-0.26649195,0.15445931255817413,0.987500011920929,0.5644578337669373
YDR212W,YBR089C-A,0,-0.26695922,0.15443609654903412,0.987500011920929,0.564558207988739
YPR138C,YKL004W,0,-0.26701534,0.1544128656387329,0.987500011920929,0.5646586418151855
YJR016C,YDR301W,0,-0.26748037,0.1543896645307541,0.987500011920929,0.5647590160369873
YBL005W,YPR111W,0,-0.2683149,0.15436644852161407,0.987500011920929,0.5648594498634338
YPL274W,YJR027W,0,-0.26924396,0.15434324741363525,0.987500011920929,0.5649598240852356
YIL112W,YGL128C,0,-0.2694074,0.15432006120681763,0.987500011920929,0.5650602579116821
YLR286C,YBL020W,0,-0.26956582,0.154296875,0.987500011920929,0.5651606321334839
YCL017C,YBR278W,0,-0.27058214,0.15427370369434357,0.987500011920929,0.5652610659599304
YDL111C,YHL009W-B,0,-0.27061287,0.15425053238868713,0.987500011920929,0.5653614401817322
YJL108C,YER155C,0,-0.2706964,0.1542273610830307,0.987500011920929,0.5654618740081787
YLR220W,YNR030W,0,-0.27098647,0.15420420467853546,0.987500011920929,0.5655622482299805
YDL109C,YHR179W,0,-0.27195457,0.15418104827404022,0.987500011920929,0.5656626224517822
YJL083W,YGL063W,0,-0.2719704,0.15415790677070618,0.987500011920929,0.5657630562782288
YJR032W,YKL020C,0,-0.27282193,0.15413478016853333,0.987500011920929,0.5658634305000305
YPR163C,YNL297C,0,-0.2731976,0.15411163866519928,0.987500011920929,0.565963864326477
YGR175C,YGL243W,0,-0.27454,0.15408852696418762,0.987500011920929,0.5660642385482788
YOR377W,YBL052C,0,-0.2748328,0.15406540036201477,0.987500011920929,0.5661646723747253
YJL121C,YHR157W,0,-0.2750929,0.1540423035621643,0.987500011920929,0.5662650465965271
YPR063C,YML106W,0,-0.27538958,0.15401919186115265,0.987500011920929,0.5663654804229736
YMR125W,YPL027W,0,-0.2765084,0.15399609506130219,0.987500011920929,0.5664658546447754
YJR097W,YML039W,0,-0.2769854,0.15397301316261292,0.987500011920929,0.5665662884712219
YAL031C,YIL046W,0,-0.27712318,0.15394993126392365,0.987500011920929,0.5666666626930237
YFR030W,YDR454C,0,-0.27841014,0.15392686426639557,0.987500011920929,0.5667670965194702
YDR361C,YJL019W,0,-0.27962077,0.1539037972688675,0.987500011920929,0.566867470741272
YML124C,YHR051W,0,-0.27967656,0.15388073027133942,0.987500011920929,0.5669678449630737
YLR389C,YLR170C,0,-0.28060925,0.15385767817497253,0.987500011920929,0.5670682787895203
YAR035W,YJR147W,0,-0.2807377,0.15383462607860565,0.987500011920929,0.567168653011322
YKL048C,YOR326W,0,-0.2813087,0.15381158888339996,0.987500011920929,0.5672690868377686
YLR466W,YHL044W,0,-0.28269613,0.15378856658935547,0.987500011920929,0.5673694610595703
YJL198W,YMR149W,0,-0.28323346,0.15376552939414978,0.987500011920929,0.5674698948860168
YNL231C,YPR194C,0,-0.28418887,0.15374252200126648,0.987500011920929,0.5675702691078186
YNR060W,YDL134C,0,-0.28424358,0.15371949970722198,0.987500011920929,0.5676707029342651
YBR159W,YOL018C,0,-0.2842731,0.15369649231433868,0.987500011920929,0.5677710771560669
YIL155C,YCR091W,0,-0.28618217,0.15367349982261658,0.987500011920929,0.5678715109825134
YHR056C,YLR324W,0,-0.28716087,0.15365050733089447,0.987500011920929,0.5679718852043152
YPL112C,YJR065C,0,-0.28717458,0.15362752974033356,0.987500011920929,0.5680722594261169
YER117W,YLR153C,0,-0.28885174,0.15360455214977264,0.987500011920929,0.5681726932525635
YOR032C,YHL038C,0,-0.28898382,0.15358157455921173,0.987500011920929,0.5682730674743652
YOR091W,YGR044C,0,-0.28901243,0.153558611869812,0.987500011920929,0.5683735013008118
YOR187W,YKR061W,0,-0.29137987,0.1535356491804123,0.987500011920929,0.5684738755226135
YDL211C,YPL218W,0,-0.29142585,0.15351270139217377,0.987500011920929,0.5685743093490601
YIR002C,YER138C,0,-0.29211813,0.15348976850509644,0.987500011920929,0.5686746835708618
YJL173C,YOL020W,0,-0.29223055,0.1534668207168579,0.987500011920929,0.5687751173973083
YKL175W,YNL280C,0,-0.292263,0.15344390273094177,0.987500011920929,0.5688754916191101
YFR010W,YJR045C,0,-0.29284018,0.15342096984386444,0.987500011920929,0.5689759254455566
YCL043C,YNL297C,0,-0.29549977,0.1533980518579483,0.987500011920929,0.5690762996673584
YIL036W,YPL196W,0,-0.29625607,0.15337514877319336,0.987500011920929,0.5691767334938049
YGR106C,YER017C,0,-0.2983211,0.15335224568843842,0.987500011920929,0.5692771077156067
YLR200W,YDL235C,0,-0.2985305,0.15332935750484467,0.987500011920929,0.5693774819374084
YLR389C,YBR166C,0,-0.29980192,0.15330646932125092,0.987500011920929,0.569477915763855
YLL024C,YDL235C,0,-0.30048543,0.15328358113765717,0.987500011920929,0.5695782899856567
YNL079C,YJL144W,0,-0.30116826,0.1532607078552246,0.987500011920929,0.5696787238121033
YJR150C,YLR011W,0,-0.30185062,0.15323783457279205,0.987500011920929,0.569779098033905
YAL054C,YIR032C,0,-0.30195886,0.1532149761915207,0.987500011920929,0.5698795318603516
YMR087W,YER159C-A,0,-0.30385244,0.15319211781024933,0.987500011920929,0.5699799060821533
YLR058C,YOR004W,0,-0.3042878,0.15316927433013916,0.987500011920929,0.5700803399085999
YBL101W-A,YDR195W,0,-0.30460083,0.153146430850029,0.987500011920929,0.5701807141304016
YGR044C,YHR207C,0,-0.30488625,0.15312360227108002,0.987500011920929,0.5702811479568481
YLR055C,YCR105W,0,-0.30540293,0.15310077369213104,0.987500011920929,0.5703815221786499
YCL067C,YIR019C,0,-0.30577093,0.15307796001434326,0.987500011920929,0.5704819560050964
YDR002W,YMR261C,0,-0.30586886,0.15305514633655548,0.987500011920929,0.5705823302268982
YJL044C,YCR014C,0,-0.30610973,0.1530323326587677,0.987500011920929,0.5706827044487
YHR073W,YMR247C,0,-0.30628783,0.1530095338821411,0.987500011920929,0.5707831382751465
YDR287W,YDR395W,0,-0.30724192,0.15298673510551453,0.987500011920929,0.5708835124969482
YIR037W,YLR190W,0,-0.30896246,0.15296395123004913,0.987500011920929,0.5709839463233948
YDR218C,YPL065W,0,-0.3103054,0.15294118225574493,0.987500011920929,0.5710843205451965
YHR080C,YLR348C,0,-0.31033775,0.15291839838027954,0.987500011920929,0.5711847543716431
YOR079C,YPR127W,0,-0.31111377,0.15289564430713654,0.987500011920929,0.5712851285934448
YHL032C,YFL013C,0,-0.31264606,0.15287287533283234,0.987500011920929,0.5713855624198914
YBR195C,YHR143W,0,-0.31284398,0.15285012125968933,0.987500011920929,0.5714859366416931
YJR092W,YDR130C,0,-0.31509542,0.15282738208770752,0.987500011920929,0.5715863704681396
YCL069W,YCR012W,0,-0.31514993,0.1528046429157257,0.987500011920929,0.5716867446899414
YER013W,YPR017C,0,-0.3162344,0.1527819037437439,0.987500011920929,0.5717871189117432
YOL133W,YGR006W,0,-0.3163835,0.15275917947292328,0.987500011920929,0.5718875527381897
YEL052W,YBL060W,0,-0.31701994,0.15273647010326385,0.987500011920929,0.5719879269599915
YIL142W,YHR103W,0,-0.3175477,0.15271376073360443,0.987500011920929,0.572088360786438
YDR116C,YLR220W,0,-0.31850746,0.152691051363945,0.987500011920929,0.5721887350082397
YKL208W,YFL009W,1,-0.31857598,0.1528170108795166,0.9884615540504456,0.5721887350082397
YBL020W,YBL055C,0,-0.3188036,0.15279428660869598,0.9884615540504456,0.5722891688346863
YJL026W,YDR251W,0,-0.31919044,0.15277159214019775,0.9884615540504456,0.572389543056488
YDR174W,YDR304C,0,-0.31948262,0.15274888277053833,0.9884615540504456,0.5724899768829346
YGR193C,YDR138W,0,-0.31986642,0.1527261883020401,0.9884615540504456,0.5725903511047363
YAR018C,YPL175W,0,-0.3203846,0.15270350873470306,0.9884615540504456,0.5726907849311829
YIL119C,YMR099C,0,-0.32072318,0.15268082916736603,0.9884615540504456,0.5727911591529846
YGR165W,YOR221C,0,-0.3215683,0.152658149600029,0.9884615540504456,0.5728915929794312
YDL175C,YGR106C,0,-0.32168332,0.15263548493385315,0.9884615540504456,0.5729919672012329
YPL113C,YKL165C,0,-0.32175544,0.1526128202676773,0.9884615540504456,0.5730923414230347
YOL030W,YML063W,0,-0.32324958,0.15259017050266266,0.9884615540504456,0.5731927752494812
YDR420W,YHR119W,0,-0.32361192,0.152567520737648,0.9884615540504456,0.573293149471283
YLR164W,YPL269W,0,-0.3247104,0.15254488587379456,0.9884615540504456,0.5733935832977295
YDR098C,YNL084C,0,-0.32531467,0.1525222510099411,0.9884615540504456,0.5734939575195312
YLR154W-C,YOR271C,0,-0.3259042,0.15249963104724884,0.9884615540504456,0.5735943913459778
YOR279C,YBL101W-A,0,-0.32609516,0.15247701108455658,0.9884615540504456,0.5736947655677795
YMR295C,YOL055C,0,-0.32639295,0.15245439112186432,0.9884615540504456,0.5737951993942261
YOL070C,YOR270C,0,-0.326603,0.15243178606033325,0.9884615540504456,0.5738955736160278
YGL229C,YNL322C,0,-0.32683212,0.15240919589996338,0.9884615540504456,0.5739960074424744
YOL038W,YDL018C,0,-0.3281272,0.1523866057395935,0.9884615540504456,0.5740963816642761
YML071C,YMR019W,0,-0.32823902,0.15236401557922363,0.9884615540504456,0.5741968154907227
YDR330W,YNR019W,0,-0.3299557,0.15234144032001495,0.9884615540504456,0.5742971897125244
YJL003W,YLR191W,0,-0.33005556,0.15231886506080627,0.9884615540504456,0.5743975639343262
YER070W,YPL179W,0,-0.3303005,0.1522962898015976,0.9884615540504456,0.5744979977607727
YBR131W,YGL126W,0,-0.33061606,0.1522737443447113,0.9884615540504456,0.5745983719825745
YGL162W,YBL074C,0,-0.33066884,0.15225118398666382,0.9884615540504456,0.574698805809021
YKR031C,YOR306C,0,-0.33082724,0.15222863852977753,0.9884615540504456,0.5747991800308228
YOL065C,YOR332W,0,-0.33146638,0.15220609307289124,0.9884615540504456,0.5748996138572693
YPL151C,YOR027W,0,-0.33174515,0.15218356251716614,0.9884615540504456,0.574999988079071
YKL042W,YPL074W,0,-0.33178675,0.15216104686260223,0.9884615540504456,0.5751004219055176
YGR040W,YDR469W,0,-0.332511,0.15213851630687714,0.9884615540504456,0.5752007961273193
YKL007W,YLR395C,0,-0.33279556,0.15211601555347443,0.9884615540504456,0.5753012299537659
YMR061W,YHR023W,0,-0.3339821,0.15209349989891052,0.9884615540504456,0.5754016041755676
YPL259C,YJR010C-A,0,-0.33446443,0.1520709991455078,0.9884615540504456,0.5755019783973694
YBR286W,YKL089W,0,-0.33508134,0.1520485132932663,0.9884615540504456,0.5756024122238159
YMR051C,YGL096W,0,-0.33544555,0.15202602744102478,0.9884615540504456,0.5757027864456177
YGL231C,YDL245C,0,-0.33545697,0.15200354158878326,0.9884615540504456,0.5758032202720642
YDR499W,YER008C,0,-0.3363663,0.15198107063770294,0.9884615540504456,0.575903594493866
YLR153C,YLR203C,0,-0.33656073,0.1519586145877838,0.9884615540504456,0.5760040283203125
YDR515W,YBR268W,0,-0.33803657,0.15193615853786469,0.9884615540504456,0.5761044025421143
YDL006W,YMR013C,0,-0.33929208,0.15191370248794556,0.9884615540504456,0.5762048363685608
YBL064C,YBR112C,0,-0.34028143,0.15189124643802643,0.9884615540504456,0.5763052105903625
YGR099W,YLL011W,0,-0.34062165,0.1518688201904297,0.9884615540504456,0.5764056444168091
YBR115C,YDR310C,0,-0.34101948,0.15184637904167175,0.9884615540504456,0.5765060186386108
YJR065C,YHR079C,0,-0.34136975,0.151823952794075,0.9884615540504456,0.5766064524650574
YCL001W,YIL093C,0,-0.34139547,0.15180154144763947,0.9884615540504456,0.5767068266868591
YGL092W,YOR311C,0,-0.3415335,0.15177913010120392,0.9884615540504456,0.5768072009086609
YMR005W,YFL036W,0,-0.34319925,0.15175671875476837,0.9884615540504456,0.5769076347351074
YCR014C,YOR241W,0,-0.3450259,0.15173432230949402,0.9884615540504456,0.5770080089569092
YOR020C,YHR117W,0,-0.3460434,0.15171192586421967,0.9884615540504456,0.5771084427833557
YDR376W,YNL006W,0,-0.34696138,0.1516895443201065,0.9884615540504456,0.5772088170051575
YDR224C,YFR024C,0,-0.3471833,0.15166716277599335,0.9884615540504456,0.577309250831604
YMR237W,YDR164C,0,-0.34919995,0.1516447812318802,0.9884615540504456,0.5774096250534058
YOR019W,YML128C,0,-0.34921527,0.15162241458892822,0.9884615540504456,0.5775100588798523
YBR257W,YBR297W,0,-0.3495372,0.15160006284713745,0.9884615540504456,0.577610433101654
YPR200C,YDR067C,0,-0.35052794,0.15157771110534668,0.9884615540504456,0.5777108669281006
YFR038W,YER008C,0,-0.35056895,0.1515553593635559,0.9884615540504456,0.5778112411499023
YER031C,YLR153C,0,-0.3514247,0.15153302252292633,0.9884615540504456,0.5779116749763489
YJR042W,YDR138W,0,-0.35177746,0.15151068568229675,0.9884615540504456,0.5780120491981506
YHR117W,YJR138W,0,-0.35202646,0.15148836374282837,0.9884615540504456,0.5781124234199524
YGR099W,YGL222C,0,-0.35208955,0.15146604180335999,0.9884615540504456,0.5782128572463989
YKR095W,YOL031C,0,-0.35278916,0.1514437198638916,0.9884615540504456,0.5783132314682007
YDR460W,YHR099W,0,-0.35279474,0.1514214128255844,0.9884615540504456,0.5784136652946472
YFL002W-B,YJL059W,0,-0.3528006,0.15139912068843842,0.9884615540504456,0.578514039516449
YPR097W,YOL092W,0,-0.35361248,0.15137682855129242,0.9884615540504456,0.5786144733428955
YJL213W,YPR174C,0,-0.35413206,0.15135453641414642,0.9884615540504456,0.5787148475646973
YHR023W,YDR377W,0,-0.35652536,0.15133225917816162,0.9884615540504456,0.5788152813911438
YPR159W,YBR048W,0,-0.357287,0.15130998194217682,0.9884615540504456,0.5789156556129456
YPR158C-C,YKR002W,0,-0.35785747,0.15128770470619202,0.9884615540504456,0.5790160894393921
YDR248C,YBR218C,0,-0.3582168,0.1512654572725296,0.9884615540504456,0.5791164636611938
YLR394W,YOL066C,0,-0.35829064,0.151243194937706,0.9884615540504456,0.5792168378829956
YML048W,YER171W,0,-0.35854137,0.15122094750404358,0.9884615540504456,0.5793172717094421
YJL006C,YOR020C,0,-0.3601843,0.15119870007038116,0.9884615540504456,0.5794176459312439
YML104C,YMR243C,0,-0.36064002,0.15117646753787994,0.9884615540504456,0.5795180797576904
YDR460W,YLR054C,0,-0.36127946,0.15115423500537872,0.9884615540504456,0.5796184539794922
YDR511W,YDL047W,0,-0.36159062,0.1511320173740387,0.9884615540504456,0.5797188878059387
YLR361C,YER171W,0,-0.3616861,0.15110979974269867,0.9884615540504456,0.5798192620277405
YKL165C,YOL045W,0,-0.36237144,0.15108759701251984,0.9884615540504456,0.579919695854187
YDR245W,YGR296W,0,-0.3626513,0.151065394282341,0.9884615540504456,0.5800200700759888
YBL093C,YHR116W,0,-0.36395332,0.15104319155216217,0.9884615540504456,0.5801205039024353
YPL064C,YDL043C,0,-0.364649,0.15102100372314453,0.9884615540504456,0.5802208781242371
YHR169W,YKL043W,0,-0.36501247,0.15099883079528809,0.9884615540504456,0.5803213119506836
YLR263W,YOR389W,0,-0.36522955,0.15097664296627045,0.9884615540504456,0.5804216861724854
YOR266W,YER139C,0,-0.36607957,0.1509544849395752,0.9884615540504456,0.5805220603942871
YHR138C,YLR056W,0,-0.36661166,0.15093231201171875,0.9884615540504456,0.5806224942207336
YPL022W,YMR086W,0,-0.3668763,0.1509101539850235,0.9884615540504456,0.5807228684425354
YPL113C,YDR014W,0,-0.36740482,0.15088801085948944,0.9884615540504456,0.5808233022689819
YDR377W,YLR058C,0,-0.36742663,0.15086586773395538,0.9884615540504456,0.5809236764907837
YBL089W,YCL012W,0,-0.36766416,0.15084372460842133,0.9884615540504456,0.5810241103172302
YGL061C,YBL031W,0,-0.36819977,0.15082159638404846,0.9884615540504456,0.581124484539032
YDR443C,YMR195W,0,-0.36881593,0.1507994681596756,0.9884615540504456,0.5812249183654785
YOR019W,YJL081C,0,-0.36888322,0.15077735483646393,0.9884615540504456,0.5813252925872803
YHL036W,YGL104C,0,-0.36938924,0.15075524151325226,0.9884615540504456,0.5814257264137268
YDL102W,YER161C,0,-0.37000084,0.15073314309120178,0.9884615540504456,0.5815261006355286
YPL240C,YDL047W,0,-0.370103,0.1507110446691513,0.9884615540504456,0.5816265344619751
YHR168W,YLL038C,0,-0.37079138,0.15068894624710083,0.9884615540504456,0.5817269086837769
YLR154W-C,YMR039C,0,-0.3709865,0.15066686272621155,0.9884615540504456,0.5818272829055786
YLL018C,YDR195W,0,-0.3720345,0.15064477920532227,0.9884615540504456,0.5819277167320251
YFR019W,YPR028W,0,-0.37247163,0.15062271058559418,0.9884615540504456,0.5820280909538269
YPL163C,YOL096C,0,-0.3724915,0.1506006419658661,0.9884615540504456,0.5821285247802734
YPL112C,YJL225C,0,-0.37298232,0.1505785882472992,0.9884615540504456,0.5822288990020752
YKR028W,YDR103W,0,-0.37322614,0.1505565345287323,0.9884615540504456,0.5823293328285217
YBR192W,YGL256W,0,-0.37393653,0.1505344808101654,0.9884615540504456,0.5824297070503235
YOL028C,YFR003C,0,-0.37415734,0.1505124419927597,0.9884615540504456,0.58253014087677
YCL047C,YJR050W,0,-0.37425458,0.1504904180765152,0.9884615540504456,0.5826305150985718
YJL019W,YLL022C,0,-0.3747701,0.1504683792591095,0.9884615540504456,0.5827309489250183
YJR066W,YNL311C,0,-0.37546867,0.15044637024402618,0.9884615540504456,0.5828313231468201
YGR244C,YDR170C,0,-0.37747473,0.15042434632778168,0.9884615540504456,0.5829316973686218
YPL101W,YOR338W,0,-0.3793509,0.15040233731269836,0.9884615540504456,0.5830321311950684
YJL124C,YNL189W,0,-0.37978062,0.15038034319877625,0.9884615540504456,0.5831325054168701
YHR201C,YPL010W,0,-0.38065314,0.15035834908485413,0.9884615540504456,0.5832329392433167
YDR434W,YEL002C,0,-0.38082165,0.150336354970932,0.9884615540504456,0.5833333134651184
YGR032W,YLL022C,0,-0.3810827,0.15031437575817108,0.9884615540504456,0.5834337472915649
YBR193C,YKL081W,0,-0.38236538,0.15029239654541016,0.9884615540504456,0.5835341215133667
YJR098C,YIL080W,0,-0.3825672,0.15027043223381042,0.9884615540504456,0.5836345553398132
YOR145C,YCR105W,0,-0.38345182,0.1502484679222107,0.9884615540504456,0.583734929561615
YGL003C,YOR045W,0,-0.3844567,0.15022650361061096,0.9884615540504456,0.5838353633880615
YHR215W,YPR152C,0,-0.38511083,0.15020455420017242,0.9884615540504456,0.5839357376098633
YPL137C,YLR309C,0,-0.3855764,0.15018261969089508,0.9884615540504456,0.5840361714363098
YDR432W,YBR181C,1,-0.3856699,0.15030674636363983,0.9894230961799622,0.5840361714363098
YPL017C,YDL134C,0,-0.3859048,0.1502847969532013,0.9894230961799622,0.5841365456581116
YJR026W,YLR130C,0,-0.38638997,0.15026284754276276,0.9894230961799622,0.5842369198799133
YML127W,YFL056C,0,-0.3874501,0.1502409130334854,0.9894230961799622,0.5843373537063599
YDL109C,YLR337W,0,-0.38761994,0.15021897852420807,0.9894230961799622,0.5844377279281616
YDL200C,YHR006W,0,-0.38774222,0.15019705891609192,0.9894230961799622,0.5845381617546082
YJR057W,YKL034W,0,-0.38776556,0.15017512440681458,0.9894230961799622,0.5846385359764099
YBR211C,YJR158W,0,-0.38910282,0.15015321969985962,0.9894230961799622,0.5847389698028564
YAL016W,YCR087C-A,0,-0.3894925,0.15013131499290466,0.9894230961799622,0.5848393440246582
YOL101C,YIL119C,0,-0.38972485,0.1501094102859497,0.9894230961799622,0.5849397778511047
YMR176W,YML106W,0,-0.38973245,0.15008752048015594,0.9894230961799622,0.5850401520729065
YDR088C,YMR163C,0,-0.3899789,0.15006563067436218,0.9894230961799622,0.585140585899353
YNR061C,YDR405W,0,-0.39091438,0.15004374086856842,0.9894230961799622,0.5852409601211548
YJL056C,YDR071C,0,-0.39146692,0.15002186596393585,0.9894230961799622,0.5853413939476013
YDR107C,YGR056W,0,-0.3915007,0.15000000596046448,0.9894230961799622,0.5854417681694031
YPR086W,YHR207C,0,-0.3916582,0.1499781310558319,0.9894230961799622,0.5855421423912048
YHR215W,YDR100W,0,-0.39201418,0.14995628595352173,0.9894230961799622,0.5856425762176514
YNL091W,YBR172C,0,-0.39296222,0.14993442595005035,0.9894230961799622,0.5857429504394531
YFR007W,YOR090C,0,-0.39312896,0.14991258084774017,0.9894230961799622,0.5858433842658997
YKL059C,YPL074W,0,-0.3932861,0.1498907506465912,0.9894230961799622,0.5859437584877014
YJR001W,YDR248C,0,-0.39417183,0.1498689204454422,0.9894230961799622,0.586044192314148
YDR110W,YHR004C,0,-0.39431402,0.1498470902442932,0.9894230961799622,0.5861445665359497
YJR092W,YHR005C-A,0,-0.3946414,0.14982527494430542,0.9894230961799622,0.5862450003623962
YHR060W,YIL137C,0,-0.3949473,0.14980345964431763,0.9894230961799622,0.586345374584198
YCL043C,YGR002C,0,-0.39617786,0.14978165924549103,0.9894230961799622,0.5864458084106445
YGL158W,YAR007C,0,-0.397335,0.14975985884666443,0.9894230961799622,0.5865461826324463
YDR468C,YJR143C,0,-0.3979533,0.14973807334899902,0.9894230961799622,0.586646556854248
YIL014W,YLR090W,0,-0.3984751,0.14971628785133362,0.9894230961799622,0.5867469906806946
YBR091C,YOL147C,0,-0.39906245,0.1496945023536682,0.9894230961799622,0.5868473649024963
YIL130W,YNL173C,0,-0.3993141,0.149672731757164,0.9894230961799622,0.5869477987289429
YPR108W,YPR071W,0,-0.39989936,0.1496509611606598,0.9894230961799622,0.5870481729507446
YDL067C,YIL136W,0,-0.4013873,0.14962920546531677,0.9894230961799622,0.5871486067771912
YDR044W,YJL065C,0,-0.4018228,0.14960744976997375,0.9894230961799622,0.5872489809989929
YBR173C,YGR175C,0,-0.40259814,0.14958569407463074,0.9894230961799622,0.5873494148254395
YPL258C,YNR048W,0,-0.40347368,0.1495639532804489,0.9894230961799622,0.5874497890472412
YLR098C,YOR285W,0,-0.40391684,0.1495422124862671,0.9894230961799622,0.5875502228736877
YLR234W,YLL016W,0,-0.40648404,0.14952048659324646,0.9894230961799622,0.5876505970954895
YPL098C,YEL051W,0,-0.40678373,0.14949876070022583,0.9894230961799622,0.587751030921936
YDL246C,YFR036W,0,-0.40687835,0.1494770497083664,0.9894230961799622,0.5878514051437378
YER174C,YFL035C-A,0,-0.40747026,0.14945533871650696,0.9894230961799622,0.5879517793655396
YCL025C,YLR035C-A,0,-0.4084311,0.14943362772464752,0.9894230961799622,0.5880522131919861
YMR264W,YDR410C,0,-0.4097492,0.14941193163394928,0.9894230961799622,0.5881525874137878
YOL054W,YER096W,0,-0.4102658,0.14939025044441223,0.9894230961799622,0.5882530212402344
YML049C,YHL004W,0,-0.41031936,0.149368554353714,0.9894230961799622,0.5883533954620361
YBR275C,YER159C,0,-0.4107331,0.14934687316417694,0.9894230961799622,0.5884538292884827
YDR285W,YDL119C,0,-0.41109926,0.1493252068758011,0.9894230961799622,0.5885542035102844
YGR143W,YLR337W,0,-0.41142702,0.14930354058742523,0.9894230961799622,0.588654637336731
YCL075W,YMR166C,0,-0.4123212,0.14928187429904938,0.9894230961799622,0.5887550115585327
YAL008W,YGL129C,0,-0.41424745,0.14926022291183472,0.9894230961799622,0.5888554453849792
YLR005W,YBR296C,0,-0.4148078,0.14923857152462006,0.9894230961799622,0.588955819606781
YPL011C,YOL051W,0,-0.4150535,0.1492169350385666,0.9894230961799622,0.5890562534332275
YPL092W,YAR033W,0,-0.4155349,0.14919529855251312,0.9894230961799622,0.5891566276550293
YER140W,YOL011W,0,-0.41641212,0.14917367696762085,0.9894230961799622,0.589257001876831
YPL092W,YDR109C,0,-0.41718534,0.14915205538272858,0.9894230961799622,0.5893574357032776
YKL179C,YNL189W,0,-0.4177487,0.1491304337978363,0.9894230961799622,0.5894578099250793
YNL293W,YPL096W,0,-0.4187423,0.14910882711410522,0.9894230961799622,0.5895582437515259
YLR263W,YOR016C,0,-0.42034283,0.14908722043037415,0.9894230961799622,0.5896586179733276
YJR048W,YBL055C,0,-0.4211951,0.14906562864780426,0.9894230961799622,0.5897590517997742
YBR145W,YDR118W,0,-0.4217617,0.14904403686523438,0.9894230961799622,0.5898594260215759
YGR089W,YJR143C,0,-0.4217636,0.1490224450826645,0.9894230961799622,0.5899598598480225
YOR136W,YCR014C,0,-0.4221238,0.1490008682012558,0.9894230961799622,0.5900602340698242
YNL182C,YPL214C,0,-0.42267326,0.1489792913198471,0.9894230961799622,0.5901606678962708
YAL020C,YBL074C,0,-0.4231334,0.1489577293395996,0.9894230961799622,0.5902610421180725
YDR476C,YOL124C,0,-0.42445982,0.1489361673593521,0.9894230961799622,0.5903614163398743
YJR150C,YNL016W,0,-0.42461255,0.1489146202802658,0.9894230961799622,0.5904618501663208
YBR156C,YPL253C,0,-0.4259082,0.1488930732011795,0.9894230961799622,0.5905622243881226
YJR006W,YOR103C,0,-0.4261326,0.1488715261220932,0.9894230961799622,0.5906626582145691
YBR010W,YGL144C,0,-0.42656225,0.1488499939441681,0.9894230961799622,0.5907630324363708
YDR130C,YDR451C,0,-0.42710906,0.14882846176624298,0.9894230961799622,0.5908634662628174
YLR131C,YDL145C,0,-0.42740452,0.14880694448947906,0.9894230961799622,0.5909638404846191
YKL082C,YDR284C,0,-0.42768317,0.14878542721271515,0.9894230961799622,0.5910642743110657
YLR247C,YOR061W,0,-0.4277671,0.14876390993595123,0.9894230961799622,0.5911646485328674
YKR102W,YKL181W,0,-0.42821336,0.1487424075603485,0.9894230961799622,0.591265082359314
YLR073C,YDR495C,0,-0.42917848,0.14872092008590698,0.9894230961799622,0.5913654565811157
YDR170C,YFR029W,0,-0.4292366,0.14869941771030426,0.9894230961799622,0.5914658904075623
YFR031C,YPL159C,0,-0.42996845,0.14867793023586273,0.9894230961799622,0.591566264629364
YPR037C,YMR228W,0,-0.43073994,0.1486564576625824,0.9894230961799622,0.5916666388511658
YGR279C,YMR234W,0,-0.43083656,0.14863498508930206,0.9894230961799622,0.5917670726776123
YIL076W,YDR238C,0,-0.43121147,0.14861351251602173,0.9894230961799622,0.5918674468994141
YLR276C,YKL062W,0,-0.43161708,0.1485920548439026,0.9894230961799622,0.5919678807258606
YPL214C,YEL031W,0,-0.43177342,0.14857059717178345,0.9894230961799622,0.5920682549476624
YLR306W,YHR041C,0,-0.43258935,0.1485491544008255,0.9894230961799622,0.5921686887741089
YHR044C,YBR162C,0,-0.4329183,0.14852771162986755,0.9894230961799622,0.5922690629959106
YCL032W,YDL091C,0,-0.4337122,0.1485062837600708,0.9894230961799622,0.5923694968223572
YIR002C,YPL269W,0,-0.43383044,0.14848485589027405,0.9894230961799622,0.5924698710441589
YDR501W,YLR348C,0,-0.4341426,0.1484634280204773,0.9894230961799622,0.5925703048706055
YOR126C,YJR029W,0,-0.4341535,0.14844201505184174,0.9894230961799622,0.5926706790924072
YDR497C,YJL136C,0,-0.4341864,0.14842060208320618,0.9894230961799622,0.5927711129188538
YMR175W,YPL167C,0,-0.4351404,0.14839918911457062,0.9894230961799622,0.5928714871406555
YIL156W,YNL123W,0,-0.4363168,0.14837779104709625,0.9894230961799622,0.5929718613624573
YDR513W,YDR351W,0,-0.4364369,0.14835640788078308,0.9894230961799622,0.5930722951889038
YFL010W-A,YOR091W,0,-0.43813223,0.14833500981330872,0.9894230961799622,0.5931726694107056
YPL209C,YBR208C,0,-0.44013935,0.14831364154815674,0.9894230961799622,0.5932731032371521
YGR264C,YGR113W,0,-0.4404892,0.14829225838184357,0.9894230961799622,0.5933734774589539
YBR012W-A,YJR035W,0,-0.4410706,0.1482708901166916,0.9894230961799622,0.5934739112854004
YGR271W,YDR103W,0,-0.44117677,0.1482495367527008,0.9894230961799622,0.5935742855072021
YMR281W,YGL222C,0,-0.4415803,0.14822818338871002,0.9894230961799622,0.5936747193336487
YDR111C,YLL018C,0,-0.4416593,0.14820683002471924,0.9894230961799622,0.5937750935554504
YCR011C,YMR257C,0,-0.44215316,0.14818547666072845,0.9894230961799622,0.593875527381897
YDR004W,YDR545W,0,-0.44285467,0.14816415309906006,0.9894230961799622,0.5939759016036987
YDR096W,YGL060W,0,-0.44361985,0.14814281463623047,0.9894230961799622,0.5940762758255005
YLR121C,YNL006W,0,-0.44504607,0.14812149107456207,0.9894230961799622,0.594176709651947
YGL200C,YLL016W,0,-0.44525218,0.14810016751289368,0.9894230961799622,0.5942770838737488
YOR373W,YLR191W,0,-0.4452955,0.14807885885238647,0.9894230961799622,0.5943775177001953
YJL198W,YCR009C,0,-0.44811952,0.14805755019187927,0.9894230961799622,0.5944778919219971
YPL063W,YOR065W,0,-0.44883087,0.14803625643253326,0.9894230961799622,0.5945783257484436
YBR149W,YPR030W,0,-0.4495716,0.14801496267318726,0.9894230961799622,0.5946786999702454
YLR023C,YCL014W,0,-0.44974455,0.14799366891384125,0.9894230961799622,0.5947791337966919
YDR127W,YER171W,0,-0.45025396,0.14797239005565643,0.9894230961799622,0.5948795080184937
YDR490C,YMR286W,0,-0.45086437,0.14795111119747162,0.9894230961799622,0.5949799418449402
YEL018W,YOR065W,0,-0.45094776,0.147929847240448,0.9894230961799622,0.5950803160667419
YMR169C,YLR287C-A,0,-0.45370188,0.14790858328342438,0.9894230961799622,0.5951807498931885
YHR088W,YHR153C,0,-0.45415974,0.14788731932640076,0.9894230961799622,0.5952811241149902
YPR008W,YKL200C,0,-0.45535094,0.14786607027053833,0.9894230961799622,0.595381498336792
YMR194W,YLR141W,0,-0.4558316,0.1478448212146759,0.9894230961799622,0.5954819321632385
YOL125W,YMR133W,0,-0.45590717,0.14782358705997467,0.9894230961799622,0.5955823063850403
YBR128C,YLR196W,0,-0.45618296,0.14780235290527344,0.9894230961799622,0.5956827402114868
YBR145W,YLL026W,0,-0.4569906,0.1477811336517334,0.9894230961799622,0.5957831144332886
YJR126C,YJR068W,0,-0.45701748,0.14775991439819336,0.9894230961799622,0.5958835482597351
YLR154W-C,YML076C,0,-0.45722786,0.14773869514465332,0.9894230961799622,0.5959839224815369
YLR312C-B,YGL045W,0,-0.45732784,0.14771749079227448,0.9894230961799622,0.5960843563079834
YMR205C,YPR001W,0,-0.45782107,0.14769628643989563,0.9894230961799622,0.5961847305297852
YLR214W,YOR388C,0,-0.46091682,0.14767508208751678,0.9894230961799622,0.5962851643562317
YCR065W,YGR095C,0,-0.46096948,0.14765389263629913,0.9894230961799622,0.5963855385780334
YGR010W,YOL064C,0,-0.46118057,0.14763271808624268,0.9894230961799622,0.59648597240448
YHR140W,YKL156W,0,-0.4622249,0.14761152863502502,0.9894230961799622,0.5965863466262817
YER014W,YIL126W,0,-0.46452644,0.14759035408496857,0.9894230961799622,0.5966867208480835
YLR440C,YDR103W,0,-0.46472394,0.1475691944360733,0.9894230961799622,0.59678715467453
YLR145W,YOL147C,0,-0.46493787,0.14754803478717804,0.9894230961799622,0.5968875288963318
YDR247W,YGR095C,0,-0.46515074,0.14752687513828278,0.9894230961799622,0.5969879627227783
YPR034W,YPL010W,0,-0.46644783,0.1475057303905487,0.9894230961799622,0.5970883369445801
YMR284W,YPR166C,0,-0.46679026,0.14748458564281464,0.9894230961799622,0.5971887707710266
YER007W,YOR057W,0,-0.4669116,0.14746345579624176,0.9894230961799622,0.5972891449928284
YFL023W,YHR143W,0,-0.4682852,0.14744232594966888,0.9894230961799622,0.5973895788192749
YAL029C,YPL204W,0,-0.468342,0.147421196103096,0.9894230961799622,0.5974899530410767
YML112W,YOR377W,0,-0.46842673,0.14740008115768433,0.9894230961799622,0.5975903868675232
YER164W,YOR168W,0,-0.46862763,0.14737898111343384,0.9894230961799622,0.597690761089325
YNL076W,YER083C,0,-0.4686835,0.14735786616802216,0.9894230961799622,0.5977911353111267
YGR211W,YKL181W,0,-0.46869344,0.14733676612377167,0.9894230961799622,0.5978915691375732
YFL049W,YEL016C,0,-0.4687052,0.14731568098068237,0.9894230961799622,0.597991943359375
YFR013W,YIR023W,0,-0.4691301,0.14729459583759308,0.9894230961799622,0.5980923771858215
YGR191W,YOR239W,0,-0.4697942,0.14727351069450378,0.9894230961799622,0.5981927514076233
YDL003W,YBR211C,0,-0.46983114,0.1472524255514145,0.9894230961799622,0.5982931852340698
YOR019W,YCR093W,0,-0.4704104,0.14723137021064758,0.9894230961799622,0.5983935594558716
YKR009C,YAL002W,0,-0.4708754,0.14721029996871948,0.9894230961799622,0.5984939932823181
YMR264W,YBR015C,0,-0.47153497,0.14718924462795258,0.9894230961799622,0.5985943675041199
YMR065W,YML011C,0,-0.47226846,0.14716818928718567,0.9894230961799622,0.5986948013305664
YOL117W,YMR025W,0,-0.4725444,0.14714714884757996,0.9894230961799622,0.5987951755523682
YOR067C,YLR239C,0,-0.47271115,0.14712610840797424,0.9894230961799622,0.5988956093788147
YMR262W,YBR146W,0,-0.4732836,0.14710506796836853,0.9894230961799622,0.5989959836006165
YIL135C,YPL099C,0,-0.47488797,0.147084042429924,0.9894230961799622,0.5990963578224182
YBR208C,YDL231C,0,-0.47520864,0.14706303179264069,0.9894230961799622,0.5991967916488647
YOL070C,YML088W,0,-0.4752891,0.14704200625419617,0.9894230961799622,0.5992971658706665
YDR107C,YPL271W,0,-0.47741118,0.14702099561691284,0.9894230961799622,0.599397599697113
YEL064C,YEL027W,0,-0.47778976,0.1469999998807907,0.9894230961799622,0.5994979739189148
YJL140W,YER022W,0,-0.4788086,0.14697900414466858,0.9894230961799622,0.5995984077453613
YDL018C,YBR218C,0,-0.47982982,0.14695800840854645,0.9894230961799622,0.5996987819671631
YPL281C,YDR040C,0,-0.48084176,0.1469370275735855,0.9894230961799622,0.5997992157936096
YJL141C,YNL261W,0,-0.48137712,0.14691604673862457,0.9894230961799622,0.5998995900154114
YLR389C,YPL028W,0,-0.4814131,0.14689508080482483,0.9894230961799622,0.6000000238418579
YKL195W,YHR186C,0,-0.4816577,0.14687411487102509,0.9894230961799622,0.6001003980636597
YPL121C,YMR315W,0,-0.4819244,0.14685314893722534,0.9894230961799622,0.6002008318901062
YOR262W,YJL052W,0,-0.48283583,0.1468321979045868,0.9894230961799622,0.600301206111908
YDR233C,YLR115W,0,-0.48317116,0.14681124687194824,0.9894230961799622,0.6004015803337097
YBL022C,YER029C,0,-0.48336172,0.1467902958393097,0.9894230961799622,0.6005020141601562
YMR224C,YER033C,0,-0.48345613,0.14676935970783234,0.9894230961799622,0.600602388381958
YDR263C,YKL201C,0,-0.48349956,0.14674843847751617,0.9894230961799622,0.6007028222084045
YLR005W,YJL170C,0,-0.48497227,0.14672750234603882,0.9894230961799622,0.6008031964302063
YDL215C,YHR079C-B,0,-0.4858095,0.14670658111572266,0.9894230961799622,0.6009036302566528
YHR005C-A,YGL183C,0,-0.48598355,0.1466856747865677,0.9894230961799622,0.6010040044784546
YNL023C,YPR047W,0,-0.4870906,0.14666476845741272,0.9894230961799622,0.6011044383049011
YOL133W,YKL171W,0,-0.488204,0.14664386212825775,0.9894230961799622,0.6012048125267029
YJR092W,YGR271W,0,-0.48823225,0.14662297070026398,0.9894230961799622,0.6013052463531494
YJL110C,YPR028W,0,-0.48993927,0.1466020792722702,0.9894230961799622,0.6014056205749512
YOR378W,YOR252W,0,-0.48998788,0.14658120274543762,0.9894230961799622,0.6015059947967529
YDR139C,YNR071C,0,-0.49035978,0.14656032621860504,0.9894230961799622,0.6016064286231995
YML005W,YGR225W,0,-0.49049485,0.14653944969177246,0.9894230961799622,0.6017068028450012
YBL074C,YLR010C,0,-0.49138612,0.14651858806610107,0.9894230961799622,0.6018072366714478
YBR195C,YGR202C,0,-0.49204934,0.1464977264404297,0.9894230961799622,0.6019076108932495
YHR215W,YLR277C,0,-0.49243605,0.1464768648147583,0.9894230961799622,0.602008044719696
YPL168W,YDR135C,0,-0.4926496,0.1464560180902481,0.9894230961799622,0.6021084189414978
YKL203C,YLR191W,0,-0.49304092,0.14643517136573792,0.9894230961799622,0.6022088527679443
YDR107C,YPR161C,0,-0.4935556,0.14641433954238892,0.9894230961799622,0.6023092269897461
YLR442C,YCR107W,0,-0.4982009,0.14639350771903992,0.9894230961799622,0.6024096608161926
YER013W,YLL062C,0,-0.4986229,0.1463726907968521,0.9894230961799622,0.6025100350379944
YDL200C,YKL206C,0,-0.49928826,0.1463518738746643,0.9894230961799622,0.6026104688644409
YKL170W,YPL076W,0,-0.50015473,0.1463310569524765,0.9894230961799622,0.6027108430862427
YMR160W,YIL140W,0,-0.50015736,0.1463102549314499,0.9894230961799622,0.6028112173080444
YIR036C,YOR327C,0,-0.50135744,0.14628945291042328,0.9894230961799622,0.602911651134491
YHL016C,YML128C,0,-0.50212646,0.14626865088939667,0.9894230961799622,0.6030120253562927
YMR152W,YPL135W,0,-0.5025606,0.14624786376953125,0.9894230961799622,0.6031124591827393
YER028C,YPL010W,0,-0.5039069,0.14622709155082703,0.9894230961799622,0.603212833404541
YDR211W,YOL107W,0,-0.50398195,0.1462063044309616,0.9894230961799622,0.6033132672309875
YCL001W,YOL007C,0,-0.50422,0.14618553221225739,0.9894230961799622,0.6034136414527893
YMR220W,YBR283C,0,-0.5044463,0.14616477489471436,0.9894230961799622,0.6035140752792358
YOR291W,YOR180C,0,-0.5045431,0.14614401757717133,0.9894230961799622,0.6036144495010376
YKL061W,YER110C,0,-0.50486684,0.1461232602596283,0.9894230961799622,0.6037148833274841
YPL022W,YKL218C,0,-0.5051738,0.14610251784324646,0.9894230961799622,0.6038152575492859
YHR008C,YLL057C,0,-0.5059902,0.14608177542686462,0.9894230961799622,0.6039156913757324
YER153C,YFL036W,0,-0.5062877,0.1460610330104828,0.9894230961799622,0.6040160655975342
YDR107C,YLR154C,0,-0.5067679,0.14604030549526215,0.9894230961799622,0.6041164398193359
YDL074C,YNR013C,0,-0.5068875,0.1460195779800415,0.9894230961799622,0.6042168736457825
YBR081C,YLR039C,0,-0.50702065,0.14599886536598206,0.9894230961799622,0.6043172478675842
YBR301W,YKL029C,0,-0.5084697,0.1459781527519226,0.9894230961799622,0.6044176816940308
YBR097W,YOR057W,0,-0.5087655,0.14595744013786316,0.9894230961799622,0.6045180559158325
YLL002W,YOL111C,0,-0.50954294,0.1459367424249649,0.9894230961799622,0.604618489742279
YIL035C,YLR395C,0,-0.5096592,0.14591605961322784,0.9894230961799622,0.6047188639640808
YOR020C,YHR185C,0,-0.510255,0.1458953619003296,0.9894230961799622,0.6048192977905273
YIR018W,YDL082W,0,-0.51039636,0.14587467908859253,0.9894230961799622,0.6049196720123291
YDR111C,YCR054C,0,-0.5111024,0.14585401117801666,0.9894230961799622,0.6050201058387756
YMR182C,YJR131W,0,-0.5113161,0.1458333283662796,0.9894230961799622,0.6051204800605774
YLL061W,YGR072W,0,-0.5115979,0.14581267535686493,0.9894230961799622,0.6052208542823792
YMR297W,YGR027W-B,0,-0.5138717,0.14579200744628906,0.9894230961799622,0.6053212881088257
YOR142W,YGL210W,0,-0.5147189,0.1457713544368744,0.9894230961799622,0.6054216623306274
YGL090W,YPL235W,0,-0.5150027,0.14575070142745972,0.9894230961799622,0.605522096157074
YLR192C,YKL208W,1,-0.51523393,0.14587168395519257,0.9903846383094788,0.605522096157074
YJL214W,YJR016C,0,-0.51618135,0.1458510309457779,0.9903846383094788,0.6056224703788757
YHR158C,YOR101W,0,-0.5165177,0.14583037793636322,0.9903846383094788,0.6057229042053223
YHR170W,YNL160W,0,-0.51754975,0.14580973982810974,0.9903846383094788,0.605823278427124
YGL046W,YER148W,0,-0.5191277,0.14578910171985626,0.9903846383094788,0.6059237122535706
YJR104C,YDR435C,0,-0.5197083,0.14576846361160278,0.9903846383094788,0.6060240864753723
YKL011C,YNL094W,0,-0.51991415,0.1457478404045105,0.9903846383094788,0.6061245203018188
YKR095W,YKR002W,0,-0.5204226,0.1457272171974182,0.9903846383094788,0.6062248945236206
YHR111W,YKL174C,0,-0.5213163,0.14570660889148712,0.9903846383094788,0.6063253283500671
YGR292W,YFL044C,0,-0.5213238,0.14568600058555603,0.9903846383094788,0.6064257025718689
YBR198C,YNL118C,0,-0.521501,0.14566539227962494,0.9903846383094788,0.6065260767936707
YLR006C,YDR465C,0,-0.5218071,0.14564479887485504,0.9903846383094788,0.6066265106201172
YNL246W,YJR131W,0,-0.5222705,0.14562420547008514,0.9903846383094788,0.606726884841919
YJL052W,YKR068C,0,-0.5225688,0.14560361206531525,0.9903846383094788,0.6068273186683655
YFL035C-B,YDR419W,0,-0.5226962,0.14558303356170654,0.9903846383094788,0.6069276928901672
YLR015W,YOR117W,0,-0.52292913,0.14556246995925903,0.9903846383094788,0.6070281267166138
YAL020C,YDR170C,0,-0.5232561,0.14554189145565033,0.9903846383094788,0.6071285009384155
YLR440C,YBR096W,0,-0.52471995,0.14552132785320282,0.9903846383094788,0.6072289347648621
YHR204W,YHR079C,0,-0.5250403,0.1455007791519165,0.9903846383094788,0.6073293089866638
YNL282W,YPR194C,0,-0.52616996,0.1454802304506302,0.9903846383094788,0.6074297428131104
YOR129C,YOR393W,0,-0.5266418,0.14545968174934387,0.9903846383094788,0.6075301170349121
YFL002W-B,YML011C,0,-0.5276586,0.14543914794921875,0.9903846383094788,0.6076305508613586
YMR159C,YPR200C,0,-0.52788615,0.14541861414909363,0.9903846383094788,0.6077309250831604
YKR037C,YBL010C,0,-0.52790225,0.1453980803489685,0.9903846383094788,0.6078312993049622
YML102W,YJL034W,0,-0.5282907,0.14537756145000458,0.9903846383094788,0.6079317331314087
YML087C,YIL064W,0,-0.52909607,0.14535704255104065,0.9903846383094788,0.6080321073532104
YDL200C,YLR357W,0,-0.53115475,0.14533653855323792,0.9903846383094788,0.608132541179657
YGR253C,YOL158C,0,-0.5313163,0.145316019654274,0.9903846383094788,0.6082329154014587
YPL115C,YDL045C,0,-0.5315298,0.14529553055763245,0.9903846383094788,0.6083333492279053
YOR304C-A,YHR157W,0,-0.53237784,0.1452750414609909,0.9903846383094788,0.608433723449707
YPR119W,YGR262C,0,-0.53248435,0.14525455236434937,0.9903846383094788,0.6085341572761536
YKR034W,YER036C,0,-0.53277886,0.14523406326770782,0.9903846383094788,0.6086345314979553
YNL309W,YBR268W,0,-0.5331681,0.14521358907222748,0.9903846383094788,0.6087349653244019
YGL162W,YBR195C,0,-0.5340295,0.14519311487674713,0.9903846383094788,0.6088353395462036
YLR304C,YDR050C,0,-0.53475153,0.14517265558242798,0.9903846383094788,0.6089357137680054
YLR425W,YKL014C,0,-0.53520775,0.14515219628810883,0.9903846383094788,0.6090361475944519
YPL078C,YNL280C,0,-0.5360229,0.14513175189495087,0.9903846383094788,0.6091365218162537
YIL036W,YBR170C,0,-0.5361805,0.1451112926006317,0.9903846383094788,0.6092369556427002
YNL167C,YEL030W,0,-0.53618884,0.14509086310863495,0.9903846383094788,0.609337329864502
YGL158W,YDL007W,0,-0.5361937,0.145070418715477,0.9903846383094788,0.6094377636909485
YOR356W,YGR005C,0,-0.53921443,0.14504998922348022,0.9903846383094788,0.6095381379127502
YNL281W,YJR135C,0,-0.53969157,0.14502957463264465,0.9903846383094788,0.6096385717391968
YIL038C,YML087C,0,-0.5397434,0.1450091451406479,0.9903846383094788,0.6097389459609985
YFL005W,YDL070W,0,-0.5402228,0.1449887454509735,0.9903846383094788,0.6098393797874451
YML021C,YGL060W,0,-0.5408534,0.14496833086013794,0.9903846383094788,0.6099397540092468
YGR162W,YAL024C,0,-0.5408663,0.14494793117046356,0.9903846383094788,0.6100401878356934
YCL008C,YOR060C,0,-0.54161435,0.14492753148078918,0.9903846383094788,0.6101405620574951
YOR260W,YFR019W,0,-0.54161835,0.144907146692276,0.9903846383094788,0.6102409362792969
YGL259W,YDR239C,0,-0.5418082,0.14488676190376282,0.9903846383094788,0.6103413701057434
YNL185C,YHR028C,0,-0.54254353,0.14486639201641083,0.9903846383094788,0.6104417443275452
YMR295C,YPL010W,0,-0.5430492,0.14484600722789764,0.9903846383094788,0.6105421781539917
YBL025W,YKL054C,0,-0.5435411,0.14482565224170685,0.9903846383094788,0.6106425523757935
YLR425W,YNL180C,0,-0.5441946,0.14480528235435486,0.9903846383094788,0.61074298620224
YDR218C,YNR021W,0,-0.5448551,0.14478492736816406,0.9903846383094788,0.6108433604240417
YJL196C,YKL013C,0,-0.5451058,0.14476458728313446,0.9903846383094788,0.6109437942504883
YIL118W,YPL253C,0,-0.5455358,0.14474423229694366,0.9903846383094788,0.61104416847229
YGR244C,YLR343W,0,-0.5460316,0.14472390711307526,0.9903846383094788,0.6111446022987366
YPR192W,YDR056C,0,-0.54641366,0.14470356702804565,0.9903846383094788,0.6112449765205383
YNL008C,YMR032W,0,-0.5465607,0.14468324184417725,0.9903846383094788,0.6113454103469849
YKL079W,YJL200C,0,-0.54922616,0.14466291666030884,0.9903846383094788,0.6114457845687866
YGL185C,YLR023C,0,-0.5497028,0.14464260637760162,0.9903846383094788,0.6115461587905884
YFL002W-A,YOL072W,0,-0.55021304,0.1446222960948944,0.9903846383094788,0.6116465926170349
YMR198W,YDR130C,0,-0.55125135,0.1446020007133484,0.9903846383094788,0.6117469668388367
YPR105C,YOR209C,0,-0.5536287,0.14458169043064117,0.9903846383094788,0.6118474006652832
YDR534C,YPR133W-A,0,-0.55426586,0.14456140995025635,0.9903846383094788,0.611947774887085
YDR080W,YPL113C,0,-0.5545088,0.14454111456871033,0.9903846383094788,0.6120482087135315
YNL110C,YMR045C,0,-0.5559018,0.1445208340883255,0.9903846383094788,0.6121485829353333
YGL116W,YPL213W,0,-0.5559115,0.14450056850910187,0.9903846383094788,0.6122490167617798
YBR286W,YAR042W,0,-0.55853534,0.14448028802871704,0.9903846383094788,0.6123493909835815
YOR217W,YMR039C,0,-0.5607757,0.1444600224494934,0.9903846383094788,0.6124498248100281
YIL101C,YMR053C,0,-0.56290895,0.14443977177143097,0.9903846383094788,0.6125501990318298
YDR393W,YDL107W,0,-0.56441486,0.14441952109336853,0.9903846383094788,0.6126505732536316
YOR075W,YDR317W,0,-0.56471026,0.1443992704153061,0.9903846383094788,0.6127510070800781
YER129W,YGL195W,0,-0.56515414,0.14437903463840485,0.9903846383094788,0.6128513813018799
YKL198C,YHL017W,0,-0.56650674,0.1443587988615036,0.9903846383094788,0.6129518151283264
YGR220C,YFR034C,0,-0.566649,0.14433856308460236,0.9903846383094788,0.6130521893501282
YHR172W,YDR005C,0,-0.5666646,0.1443183422088623,0.9903846383094788,0.6131526231765747
YBR052C,YJL162C,0,-0.56701106,0.14429812133312225,0.9903846383094788,0.6132529973983765
YOR301W,YJR041C,0,-0.56733865,0.1442779153585434,0.9903846383094788,0.613353431224823
YLR417W,YER060W,0,-0.56751186,0.14425770938396454,0.9903846383094788,0.6134538054466248
YJR155W,YBR054W,0,-0.5678513,0.14423750340938568,0.9903846383094788,0.6135542392730713
YHR061C,YBR172C,0,-0.56889874,0.14421731233596802,0.9903846383094788,0.613654613494873
YLL019C,YPL206C,0,-0.57087886,0.14419712126255035,0.9903846383094788,0.6137550473213196
YLR447C,YIL150C,0,-0.57113427,0.1441769301891327,0.9903846383094788,0.6138554215431213
YHR076W,YDL045C,0,-0.5716303,0.14415675401687622,0.9903846383094788,0.6139557957649231
YGR077C,YNL164C,0,-0.57231736,0.14413657784461975,0.9903846383094788,0.6140562295913696
YAL013W,YOR271C,0,-0.57281166,0.14411641657352448,0.9903846383094788,0.6141566038131714
YOL009C,YHR030C,0,-0.572891,0.1440962553024292,0.9903846383094788,0.6142570376396179
YKL033W,YCR063W,0,-0.5731249,0.14407609403133392,0.9903846383094788,0.6143574118614197
YOR219C,YDR268W,0,-0.5735538,0.14405594766139984,0.9903846383094788,0.6144578456878662
YMR172W,YIR011C,0,-0.5737239,0.14403580129146576,0.9903846383094788,0.614558219909668
YIL009W,YMR218C,0,-0.5738366,0.14401565492153168,0.9903846383094788,0.6146586537361145
YGR089W,YDR018C,0,-0.575476,0.1439955234527588,0.9903846383094788,0.6147590279579163
YLR318W,YGR112W,0,-0.576026,0.1439753919839859,0.9903846383094788,0.6148594617843628
YDR148C,YIL173W,0,-0.57628554,0.1439552754163742,0.9903846383094788,0.6149598360061646
YLR165C,YBL080C,0,-0.57673234,0.1439351588487625,0.9903846383094788,0.6150602698326111
YOL030W,YML101C,0,-0.5777971,0.14391504228115082,0.9903846383094788,0.6151606440544128
YHR005C-A,YNL015W,0,-0.5798749,0.14389494061470032,0.9903846383094788,0.6152610182762146
YOR037W,YPR155C,0,-0.5799334,0.14387483894824982,0.9903846383094788,0.6153614521026611
YLR295C,YDR317W,0,-0.5811956,0.1438547521829605,0.9903846383094788,0.6154618263244629
YPR102C,YML004C,0,-0.5822151,0.1438346654176712,0.9903846383094788,0.6155622601509094
YJL030W,YDL240W,0,-0.582476,0.1438145786523819,0.9903846383094788,0.6156626343727112
YBL080C,YHR109W,0,-0.5830404,0.14379450678825378,0.9903846383094788,0.6157630681991577
YPL121C,YOR008C,0,-0.5833562,0.14377443492412567,0.9903846383094788,0.6158634424209595
YDR256C,YDL123W,0,-0.5853743,0.14375436305999756,0.9903846383094788,0.615963876247406
YLR309C,YJR151C,0,-0.58600205,0.14373430609703064,0.9903846383094788,0.6160642504692078
YHR017W,YBL074C,0,-0.58619297,0.14371424913406372,0.9903846383094788,0.6161646842956543
YIL144W,YBR065C,0,-0.5864564,0.1436941921710968,0.9903846383094788,0.616265058517456
YCR094W,YDL235C,0,-0.58685833,0.14367415010929108,0.9903846383094788,0.6163654327392578
YDR173C,YEL002C,0,-0.5875244,0.14365410804748535,0.9903846383094788,0.6164658665657043
YLR427W,YIL038C,0,-0.58755744,0.14363408088684082,0.9903846383094788,0.6165662407875061
YNR052C,YBR012W-B,0,-0.5879884,0.1436140537261963,0.9903846383094788,0.6166666746139526
YKR103W,YJR068W,0,-0.588257,0.14359402656555176,0.9903846383094788,0.6167670488357544
YBR122C,YDR486C,0,-0.58911514,0.14357401430606842,0.9903846383094788,0.6168674826622009
YML048W,YPR161C,0,-0.58949316,0.14355400204658508,0.9903846383094788,0.6169678568840027
YPL056C,YHR004C,0,-0.5895454,0.14353400468826294,0.9903846383094788,0.6170682907104492
YDR469W,YGL094C,0,-0.5900641,0.1435140073299408,0.9903846383094788,0.617168664932251
YBL037W,YPL098C,0,-0.59020513,0.14349400997161865,0.9903846383094788,0.6172690987586975
YOR159C,YOR132W,0,-0.59037876,0.1434740275144577,0.9903846383094788,0.6173694729804993
YDR317W,YOL158C,0,-0.5905777,0.14345404505729675,0.9903846383094788,0.6174699068069458
YPL092W,YMR198W,0,-0.5905826,0.1434340626001358,0.9903846383094788,0.6175702810287476
YLR042C,YLR300W,0,-0.5909389,0.14341409504413605,0.9903846383094788,0.6176706552505493
YCR075C,YGR199W,0,-0.59118384,0.1433941274881363,0.9903846383094788,0.6177710890769958
YAL011W,YDR383C,0,-0.59150124,0.14337415993213654,0.9903846383094788,0.6178714632987976
YER168C,YOR076C,0,-0.5922234,0.14335420727729797,0.9903846383094788,0.6179718971252441
YDR009W,YHR185C,0,-0.59288126,0.1433342546224594,0.9903846383094788,0.6180722713470459
YLR059C,YLR337W,0,-0.59316635,0.14331431686878204,0.9903846383094788,0.6181727051734924
YBR145W,YHR142W,0,-0.5932524,0.14329437911510468,0.9903846383094788,0.6182730793952942
YDL099W,YFR032C-A,0,-0.5946969,0.1432744413614273,0.9903846383094788,0.6183735132217407
YBR042C,YNR048W,0,-0.59493494,0.14325451850891113,0.9903846383094788,0.6184738874435425
YDL015C,YGL174W,0,-0.59582525,0.14323459565639496,0.9903846383094788,0.618574321269989
YPR021C,YNL306W,0,-0.5976068,0.14321468770503998,0.9903846383094788,0.6186746954917908
YER014W,YBR257W,0,-0.5979601,0.143194779753685,0.9903846383094788,0.6187751293182373
YAL021C,YNR008W,0,-0.5980729,0.14317487180233002,0.9903846383094788,0.6188755035400391
YIL006W,YGL246C,0,-0.5981152,0.14315496385097504,0.9903846383094788,0.6189758777618408
YMR026C,YLR170C,0,-0.5983086,0.14313507080078125,0.9903846383094788,0.6190763115882874
YGR144W,YJL041W,0,-0.59878224,0.14311519265174866,0.9903846383094788,0.6191766858100891
YCR018C,YNL078W,0,-0.599442,0.14309529960155487,0.9903846383094788,0.6192771196365356
YDL117W,YNL112W,0,-0.5994884,0.14307542145252228,0.9903846383094788,0.6193774938583374
YOR250C,YER050C,0,-0.5999783,0.14305555820465088,0.9903846383094788,0.6194779276847839
YJL060W,YDL135C,0,-0.60061777,0.14303569495677948,0.9903846383094788,0.6195783019065857
YKL022C,YGR005C,0,-0.6009655,0.14301583170890808,0.9903846383094788,0.6196787357330322
YER044C,YJL219W,0,-0.6010146,0.14299596846103668,0.9903846383094788,0.619779109954834
YMR297W,YNL213C,0,-0.60116506,0.14297612011432648,0.9903846383094788,0.6198795437812805
YHR210C,YHR197W,0,-0.6019105,0.14295628666877747,0.9903846383094788,0.6199799180030823
YCL034W,YOR271C,0,-0.6021091,0.14293643832206726,0.9903846383094788,0.620080292224884
YOR036W,YJR046W,0,-0.60211134,0.14291660487651825,0.9903846383094788,0.6201807260513306
YER131W,YDR342C,0,-0.60477185,0.14289678633213043,0.9903846383094788,0.6202811002731323
YML027W,YDR093W,0,-0.60495186,0.14287695288658142,0.9903846383094788,0.6203815340995789
YML060W,YKR050W,0,-0.6058533,0.1428571492433548,0.9903846383094788,0.6204819083213806
YCR097WB,YER175C,0,-0.60691565,0.14283733069896698,0.9903846383094788,0.6205823421478271
YBL082C,YLR183C,0,-0.6072227,0.14281752705574036,0.9903846383094788,0.6206827163696289
YLR419W,YOR273C,0,-0.6073602,0.14279772341251373,0.9903846383094788,0.6207831501960754
YGL112C,YBR043C,0,-0.60749424,0.1427779346704483,0.9903846383094788,0.6208835244178772
YPR068C,YPR156C,0,-0.6076153,0.14275814592838287,0.9903846383094788,0.6209839582443237
YMR221C,YJR054W,0,-0.60851467,0.14273835718631744,0.9903846383094788,0.6210843324661255
YDR246W,YPL189W,0,-0.6104961,0.1427185833454132,0.9903846383094788,0.621184766292572
YOL069W,YPR048W,0,-0.61071754,0.14269880950450897,0.9903846383094788,0.6212851405143738
YPR046W,YBR109C,0,-0.6109832,0.14267903566360474,0.9903846383094788,0.6213855147361755
YNL236W,YJL057C,0,-0.61184555,0.1426592767238617,0.9903846383094788,0.6214859485626221
YNR011C,YMR282C,0,-0.6139077,0.14263951778411865,0.9903846383094788,0.6215863227844238
YMR070W,YOR174W,0,-0.61529166,0.1426197737455368,0.9903846383094788,0.6216867566108704
YKL141W,YER185W,0,-0.6160459,0.14260002970695496,0.9903846383094788,0.6217871308326721
YBR198C,YLR258W,0,-0.61637396,0.1425802856683731,0.9903846383094788,0.6218875646591187
YJL149W,YGR095C,0,-0.6168033,0.14256055653095245,0.9903846383094788,0.6219879388809204
YOR037W,YLR293C,0,-0.6170768,0.1425408273935318,0.9903846383094788,0.6220883727073669
YMR006C,YKR007W,0,-0.61724436,0.14252109825611115,0.9903846383094788,0.6221887469291687
YCL048W,YIL148W,0,-0.6174265,0.14250138401985168,0.9903846383094788,0.6222891807556152
YLR251W,YMR188C,0,-0.6180185,0.14248166978359222,0.9903846383094788,0.622389554977417
YFR038W,YPL017C,0,-0.6187454,0.14246197044849396,0.9903846383094788,0.6224899888038635
YLR350W,YBR028C,0,-0.61987245,0.1424422562122345,0.9903846383094788,0.6225903630256653
YPL262W,YOR037W,0,-0.61994314,0.14242257177829742,0.9903846383094788,0.622690737247467
YLR207W,YCR087C-A,0,-0.6208933,0.14240287244319916,0.9903846383094788,0.6227911710739136
YHR029C,YKL097W-A,0,-0.62131536,0.14238318800926208,0.9903846383094788,0.6228915452957153
YPL138C,YMR175W,0,-0.62170815,0.142363503575325,0.9903846383094788,0.6229919791221619
YOR085W,YLR244C,0,-0.6224254,0.14234383404254913,0.9903846383094788,0.6230923533439636
YDR356W,YDR248C,0,-0.6235311,0.14232416450977325,0.9903846383094788,0.6231927871704102
YGL127C,YFL014W,0,-0.62614036,0.14230450987815857,0.9903846383094788,0.6232931613922119
YDL105W,YNL231C,0,-0.62658775,0.1422848403453827,0.9903846383094788,0.6233935952186584
YHR037W,YGR181W,0,-0.6271356,0.1422652006149292,0.9903846383094788,0.6234939694404602
YPL203W,YMR071C,0,-0.62822294,0.14224554598331451,0.9903846383094788,0.6235944032669067
YMR145C,YGL191W,0,-0.6284435,0.14222590625286102,0.9903846383094788,0.6236947774887085
YMR075W,YLL041C,0,-0.6307088,0.14220626652240753,0.9903846383094788,0.6237951517105103
YOR157C,YPL178W,0,-0.6315964,0.14218664169311523,0.9903846383094788,0.6238955855369568
YDR317W,YER159C-A,0,-0.63221234,0.14216701686382294,0.9903846383094788,0.6239959597587585
YOR106W,YGL174W,0,-0.6326132,0.14214739203453064,0.9903846383094788,0.6240963935852051
YEL059C-A,YGR199W,0,-0.6329037,0.14212778210639954,0.9903846383094788,0.6241967678070068
YJR025C,YFR050C,0,-0.6334833,0.14210817217826843,0.9903846383094788,0.6242972016334534
YJL034W,YPL004C,0,-0.63391626,0.14208856225013733,0.9903846383094788,0.6243975758552551
YMR080C,YDL160C,0,-0.63537973,0.14206896722316742,0.9903846383094788,0.6244980096817017
YMR267W,YPL274W,0,-0.6360016,0.1420493721961975,0.9903846383094788,0.6245983839035034
YOL065C,YMR233W,0,-0.6371646,0.1420297920703888,0.9903846383094788,0.62469881772995
YPR189W,YOR065W,0,-0.63736725,0.14201019704341888,0.9903846383094788,0.6247991919517517
YPL163C,YEL041W,0,-0.63753843,0.14199063181877136,0.9903846383094788,0.6248996257781982
YKL045W,YDR517W,0,-0.637758,0.14197105169296265,0.9903846383094788,0.625
YOR250C,YLR295C,0,-0.6378131,0.14195148646831512,0.9903846383094788,0.6251003742218018
YER014W,YLL001W,0,-0.6386613,0.1419319212436676,0.9903846383094788,0.6252008080482483
YPR008W,YML012W,0,-0.6391209,0.14191237092018127,0.9903846383094788,0.62530118227005
YJR025C,YPR106W,0,-0.6419898,0.14189282059669495,0.9903846383094788,0.6254016160964966
YKL164C,YNL098C,0,-0.64268017,0.1418732851743698,0.9903846383094788,0.6255019903182983
YDR081C,YBR105C,0,-0.64434874,0.14185373485088348,0.9903846383094788,0.6256024241447449
YER164W,YGL174W,0,-0.64451003,0.14183419942855835,0.9903846383094788,0.6257027983665466
YLR204W,YJR135C,0,-0.6445722,0.1418146789073944,0.9903846383094788,0.6258032321929932
YLR134W,YDR022C,0,-0.644645,0.14179515838623047,0.9903846383094788,0.6259036064147949
YNR001C,YDR449C,0,-0.6480042,0.14177563786506653,0.9903846383094788,0.6260040402412415
YDR329C,YGL129C,0,-0.6481074,0.1417561173439026,0.9903846383094788,0.6261044144630432
YDL106C,YDR200C,0,-0.6485989,0.14173661172389984,0.9903846383094788,0.6262048482894897
YDR410C,YJL200C,0,-0.6494535,0.1417171210050583,0.9903846383094788,0.6263052225112915
YDR288W,YDL097C,0,-0.6515019,0.14169761538505554,0.9903846383094788,0.6264055967330933
YOR181W,YER005W,0,-0.65157074,0.141678124666214,0.9903846383094788,0.6265060305595398
YOR162C,YBR085W,0,-0.6515771,0.14165864884853363,0.9903846383094788,0.6266064047813416
YPR198W,YKL038W,0,-0.6518044,0.14163915812969208,0.9903846383094788,0.6267068386077881
YPL209C,YLL031C,0,-0.6522405,0.14161968231201172,0.9903846383094788,0.6268072128295898
YJL102W,YCL026C-B,0,-0.6531361,0.14160022139549255,0.9903846383094788,0.6269076466560364
YNL224C,YEL026W,1,-0.65363914,0.14171820878982544,0.9913461804389954,0.6269076466560364
YAL044C,YOR106W,0,-0.6537881,0.14169873297214508,0.9913461804389954,0.6270080208778381
YAL002W,YHR117W,0,-0.65393245,0.14167925715446472,0.9913461804389954,0.6271084547042847
YBL020W,YLR363C,0,-0.6559244,0.14165979623794556,0.9913461804389954,0.6272088289260864
YNL278W,YDR372C,0,-0.6560886,0.1416403353214264,0.9913461804389954,0.627309262752533
YKR102W,YMR128W,0,-0.6561434,0.14162087440490723,0.9913461804389954,0.6274096369743347
YHR116W,YFR029W,0,-0.65660745,0.14160142838954926,0.9913461804389954,0.6275100111961365
YDL246C,YGR046W,0,-0.6571792,0.14158198237419128,0.9913461804389954,0.627610445022583
YMR015C,YBR029C,0,-0.657742,0.1415625363588333,0.9913461804389954,0.6277108192443848
YKR044W,YDR219C,0,-0.6578264,0.14154310524463654,0.9913461804389954,0.6278112530708313
YDL045W-A,YKR071C,0,-0.65883696,0.14152367413043976,0.9913461804389954,0.6279116272926331
YLL006W,YER149C,0,-0.6594581,0.14150425791740417,0.9913461804389954,0.6280120611190796
YDR508C,YOR069W,0,-0.6598274,0.1414848417043686,0.9913461804389954,0.6281124353408813
YFR019W,YDR121W,0,-0.6598375,0.141465425491333,0.9913461804389954,0.6282128691673279
YGL185C,YFL036W,0,-0.6602256,0.14144600927829742,0.9913461804389954,0.6283132433891296
YNR035C,YJL019W,0,-0.6604469,0.14142660796642303,0.9913461804389954,0.6284136772155762
YDL061C,YLR370C,0,-0.66257334,0.14140722155570984,0.9913461804389954,0.6285140514373779
YKL145W,YDR145W,0,-0.66364306,0.14138782024383545,0.9913461804389954,0.6286144852638245
YGR214W,YCL035C,0,-0.66677403,0.14136843383312225,0.9913461804389954,0.6287148594856262
YOR172W,YDR405W,0,-0.66686803,0.14134904742240906,0.9913461804389954,0.628815233707428
YCL032W,YOL103W,0,-0.66773725,0.14132967591285706,0.9913461804389954,0.6289156675338745
YDL019C,YPR054W,0,-0.6687467,0.14131030440330505,0.9913461804389954,0.6290160417556763
YPL240C,YLL035W,0,-0.6690173,0.14129094779491425,0.9913461804389954,0.6291164755821228
YKL110C,YPR174C,0,-0.66972315,0.14127157628536224,0.9913461804389954,0.6292168498039246
YMR213W,YOR036W,0,-0.6699754,0.14125221967697144,0.9913461804389954,0.6293172836303711
YJR108W,YKL182W,0,-0.6700197,0.14123287796974182,0.9913461804389954,0.6294176578521729
YPR034W,YNL066W,0,-0.67032075,0.1412135362625122,0.9913461804389954,0.6295180916786194
YDL100C,YKL028W,0,-0.67114323,0.1411941945552826,0.9913461804389954,0.6296184659004211
YJR120W,YBL005W-B,0,-0.6711745,0.14117485284805298,0.9913461804389954,0.6297188997268677
YMR316W,YPR001W,0,-0.6730746,0.14115552604198456,0.9913461804389954,0.6298192739486694
YIL101C,YDR507C,0,-0.6736469,0.14113621413707733,0.9913461804389954,0.629919707775116
YGL083W,YCL025C,0,-0.67367244,0.1411168873310089,0.9913461804389954,0.6300200819969177
YLL029W,YJR060W,0,-0.6744046,0.14109757542610168,0.9913461804389954,0.6301204562187195
YJL062W,YOR260W,0,-0.67465955,0.14107826352119446,0.9913461804389954,0.630220890045166
YPL274W,YPL096C-A,0,-0.6753127,0.14105896651744843,0.9913461804389954,0.6303212642669678
YBL076C,YFR016C,0,-0.6776257,0.1410396695137024,0.9913461804389954,0.6304216980934143
YOL165C,YGR208W,0,-0.6778272,0.14102038741111755,0.9913461804389954,0.6305220723152161
YPR134W,YML034W,0,-0.678626,0.14100109040737152,0.9913461804389954,0.6306225061416626
YAL002W,YDL166C,0,-0.6796608,0.14098180830478668,0.9913461804389954,0.6307228803634644
YGL016W,YBR170C,0,-0.67975926,0.14096254110336304,0.9913461804389954,0.6308233141899109
YJL073W,YDR014W,0,-0.6807093,0.1409432739019394,0.9913461804389954,0.6309236884117126
YML034W,YPL174C,0,-0.68236333,0.14092400670051575,0.9913461804389954,0.6310241222381592
YIL051C,YMR156C,0,-0.6824122,0.1409047394990921,0.9913461804389954,0.6311244964599609
YER151C,YDL035C,0,-0.6826411,0.14088548719882965,0.9913461804389954,0.6312248706817627
YLR164W,YGR286C,0,-0.6833024,0.1408662348985672,0.9913461804389954,0.6313253045082092
YJR001W,YGL127C,0,-0.68336743,0.14084699749946594,0.9913461804389954,0.631425678730011
YDR406W,YER155C,0,-0.6834607,0.14082776010036469,0.9913461804389954,0.6315261125564575
YBL041W,YBR207W,0,-0.683676,0.14080852270126343,0.9913461804389954,0.6316264867782593
YOR126C,YOL112W,0,-0.6837554,0.14078930020332336,0.9913461804389954,0.6317269206047058
YKL100C,YGL190C,0,-0.68433887,0.1407700777053833,0.9913461804389954,0.6318272948265076
YNR048W,YDR195W,0,-0.6845099,0.14075085520744324,0.9913461804389954,0.6319277286529541
YGL158W,YDL024C,0,-0.6853211,0.14073164761066437,0.9913461804389954,0.6320281028747559
YDR283C,YML013W,0,-0.6854968,0.1407124400138855,0.9913461804389954,0.6321285367012024
YBR038W,YER138C,0,-0.6855087,0.14069323241710663,0.9913461804389954,0.6322289109230042
YMR088C,YOL141W,0,-0.6864927,0.14067403972148895,0.9913461804389954,0.6323293447494507
YMR063W,YML107C,0,-0.68692034,0.14065484702587128,0.9913461804389954,0.6324297189712524
YHR118C,YKR031C,0,-0.6901537,0.1406356543302536,0.9913461804389954,0.6325300931930542
YPL001W,YPL033C,0,-0.6912277,0.14061647653579712,0.9913461804389954,0.6326305270195007
YLL031C,YDR434W,0,-0.69134927,0.14059729874134064,0.9913461804389954,0.6327309012413025
YPL177C,YDR159W,0,-0.6917762,0.14057813584804535,0.9913461804389954,0.632831335067749
YDR432W,YKL078W,1,-0.692003,0.14069530367851257,0.9923076629638672,0.632831335067749
YGL231C,YNR015W,0,-0.6933408,0.1406761109828949,0.9923076629638672,0.6329317092895508
YIR015W,YCL012W,0,-0.69500566,0.1406569480895996,0.9923076629638672,0.6330321431159973
YNR061C,YLR097C,0,-0.69627666,0.14063777029514313,0.9923076629638672,0.6331325173377991
YDR263C,YGL021W,0,-0.6963348,0.14061860740184784,0.9923076629638672,0.6332329511642456
YKL103C,YGL006W,0,-0.69646025,0.14059945940971375,0.9923076629638672,0.6333333253860474
YPL113C,YOR393W,0,-0.6967858,0.14058029651641846,0.9923076629638672,0.6334337592124939
YLR001C,YJL206C,0,-0.69752717,0.14056114852428436,0.9923076629638672,0.6335341334342957
YDL117W,YEL017C-A,0,-0.69826394,0.14054201543331146,0.9923076629638672,0.6336345672607422
YGR035C,YLR377C,0,-0.69866586,0.14052288234233856,0.9923076629638672,0.633734941482544
YIL128W,YIL026C,0,-0.69940555,0.14050374925136566,0.9923076629638672,0.6338353157043457
YDL024C,YML021C,0,-0.69961715,0.14048461616039276,0.9923076629638672,0.6339357495307922
YDR306C,YCL069W,0,-0.6997863,0.14046549797058105,0.9923076629638672,0.634036123752594
YOR288C,YMR286W,0,-0.6999107,0.14044637978076935,0.9923076629638672,0.6341365575790405
YOR157C,YBR146W,0,-0.7003853,0.14042726159095764,0.9923076629638672,0.6342369318008423
YPL065W,YER044C,0,-0.7012482,0.14040815830230713,0.9923076629638672,0.6343373656272888
YJR120W,YOR244W,0,-0.701538,0.1403890699148178,0.9923076629638672,0.6344377398490906
YIL101C,YMR158W,0,-0.7032732,0.1403699666261673,0.9923076629638672,0.6345381736755371
YLR223C,YCL057C-A,0,-0.7033365,0.14035087823867798,0.9923076629638672,0.6346385478973389
YLR427W,YCL035C,0,-0.7039112,0.14033178985118866,0.9923076629638672,0.6347389817237854
YLR047C,YPR178W,0,-0.70406306,0.14031271636486053,0.9923076629638672,0.6348393559455872
YJL110C,YNR030W,0,-0.7055241,0.1402936428785324,0.9923076629638672,0.6349397301673889
YGR094W,YLR045C,0,-0.7057425,0.14027456939220428,0.9923076629638672,0.6350401639938354
YML012W,YBR012W-A,0,-0.7065151,0.14025551080703735,0.9923076629638672,0.6351405382156372
YHR215W,YHR201C,0,-0.70711243,0.14023645222187042,0.9923076629638672,0.6352409720420837
YLR383W,YGR276C,0,-0.7078737,0.1402173936367035,0.9923076629638672,0.6353413462638855
YKL208W,YLR002C,1,-0.7080459,0.14033418893814087,0.9932692050933838,0.6353413462638855
YDR179C,YMR080C,0,-0.7093075,0.14031513035297394,0.9932692050933838,0.635441780090332
YIL160C,YLL006W,0,-0.70958704,0.140296071767807,0.9932692050933838,0.6355421543121338
YAL019W,YLR090W,0,-0.7100228,0.14027702808380127,0.9932692050933838,0.6356425881385803
YGL169W,YEL019C,0,-0.7104167,0.14025796949863434,0.9932692050933838,0.6357429623603821
YLL006W,YDR075W,0,-0.71097803,0.1402389407157898,0.9932692050933838,0.6358433961868286
YIL014W,YEL015W,0,-0.71144396,0.14021989703178406,0.9932692050933838,0.6359437704086304
YDL061C,YPL262W,0,-0.7120894,0.14020086824893951,0.9932692050933838,0.6360442042350769
YOL155C,YKL022C,0,-0.7128233,0.14018183946609497,0.9932692050933838,0.6361445784568787
YLR025W,YJL124C,0,-0.7128348,0.14016282558441162,0.9932692050933838,0.6362449526786804
YNL146W,YNL230C,0,-0.7144692,0.14014381170272827,0.9932692050933838,0.636345386505127
YGR061C,YAL034W-A,0,-0.7153442,0.14012479782104492,0.9932692050933838,0.6364457607269287
YLR448W,YOR066W,0,-0.7162607,0.14010579884052277,0.9932692050933838,0.6365461945533752
YDR303C,YJL158C,0,-0.71652246,0.14008678495883942,0.9932692050933838,0.636646568775177
YOL095C,YPL189W,0,-0.7173346,0.14006780087947845,0.9932692050933838,0.6367470026016235
YPL111W,YPL049C,0,-0.7175603,0.1400488018989563,0.9932692050933838,0.6368473768234253
YDR031W,YNR002C,0,-0.7186198,0.14002981781959534,0.9932692050933838,0.6369478106498718
YKL143W,YIL037C,0,-0.7186319,0.14001084864139557,0.9932692050933838,0.6370481848716736
YIL084C,YOR233W,0,-0.72141355,0.1399918645620346,0.9932692050933838,0.6371486186981201
YNL238W,YGL212W,0,-0.7227583,0.13997289538383484,0.9932692050933838,0.6372489929199219
YPL106C,YMR159C,0,-0.7231158,0.13995394110679626,0.9932692050933838,0.6373494267463684
YOR138C,YJR010W,0,-0.7233652,0.1399349719285965,0.9932692050933838,0.6374498009681702
YLR270W,YCL018W,0,-0.72338605,0.13991601765155792,0.9932692050933838,0.6375501751899719
YLR414C,YML036W,0,-0.7246021,0.13989707827568054,0.9932692050933838,0.6376506090164185
YPL048W,YDR495C,0,-0.7252114,0.13987812399864197,0.9932692050933838,0.6377509832382202
YKR105C,YGL168W,0,-0.7254728,0.13985919952392578,0.9932692050933838,0.6378514170646667
YDL024C,YNR070W,0,-0.72579247,0.1398402601480484,0.9932692050933838,0.6379517912864685
YKL002W,YOL122C,0,-0.7261194,0.13982133567333221,0.9932692050933838,0.638052225112915
YPR184W,YHR004C,0,-0.726697,0.13980241119861603,0.9932692050933838,0.6381525993347168
YHR164C,YDR178W,0,-0.7267846,0.13978348672389984,0.9932692050933838,0.6382530331611633
YPR204W,YBR050C,0,-0.72770524,0.13976457715034485,0.9932692050933838,0.6383534073829651
YPL262W,YER159C,0,-0.7279425,0.13974566757678986,0.9932692050933838,0.6384538412094116
YNL307C,YOR278W,0,-0.7281771,0.13972677290439606,0.9932692050933838,0.6385542154312134
YER028C,YGR010W,0,-0.72822046,0.13970787823200226,0.9932692050933838,0.6386545896530151
YMR158W,YCR029C-A,0,-0.72847635,0.13968898355960846,0.9932692050933838,0.6387550234794617
YMR146C,YAR009C,0,-0.72903794,0.13967008888721466,0.9932692050933838,0.6388553977012634
YLR088W,YER178W,0,-0.72906476,0.13965120911598206,0.9932692050933838,0.63895583152771
YER100W,YMR032W,0,-0.7297782,0.13963232934474945,0.9932692050933838,0.6390562057495117
YML081C-A,YNL063W,0,-0.72985023,0.13961346447467804,0.9932692050933838,0.6391566395759583
YGR155W,YML011C,0,-0.7310114,0.13959459960460663,0.9932692050933838,0.63925701379776
YDL045W-A,YNL173C,0,-0.73189425,0.13957573473453522,0.9932692050933838,0.6393574476242065
YBL063W,YDR072C,0,-0.7333888,0.1395568698644638,0.9932692050933838,0.6394578218460083
YJR147W,YKR038C,0,-0.7339897,0.1395380198955536,0.9932692050933838,0.6395582556724548
YNR031C,YBR015C,0,-0.73442996,0.13951918482780457,0.9932692050933838,0.6396586298942566
YOR070C,YER120W,0,-0.73538005,0.13950033485889435,0.9932692050933838,0.6397590637207031
YOR032C,YER185W,0,-0.7363001,0.13948149979114532,0.9932692050933838,0.6398594379425049
YBL035C,YMR322C,0,-0.73645353,0.1394626647233963,0.9932692050933838,0.6399598121643066
YLR263W,YDR347W,0,-0.7373253,0.13944384455680847,0.9932692050933838,0.6400602459907532
YIL036W,YOL133W,0,-0.73824227,0.13942502439022064,0.9932692050933838,0.6401606202125549
YGR086C,YBR046C,0,-0.7389616,0.1394062042236328,0.9932692050933838,0.6402610540390015
YNL286W,YMR210W,0,-0.73998976,0.13938739895820618,0.9932692050933838,0.6403614282608032
YOL070C,YJL176C,0,-0.7401556,0.13936859369277954,0.9932692050933838,0.6404618620872498
YOL069W,YDR463W,0,-0.7405547,0.1393497884273529,0.9932692050933838,0.6405622363090515
YML004C,YBR218C,0,-0.74106944,0.13933099806308746,0.9932692050933838,0.640662670135498
YPL022W,YBR296C,0,-0.7412641,0.13931220769882202,0.9932692050933838,0.6407630443572998
YGL259W,YML018C,0,-0.7414012,0.13929341733455658,0.9932692050933838,0.6408634781837463
YOR219C,YDL215C,0,-0.74352676,0.13927464187145233,0.9932692050933838,0.6409638524055481
YJR001W,YDR532C,0,-0.7435339,0.13925586640834808,0.9932692050933838,0.6410642862319946
YMR173W,YMR287C,0,-0.74479806,0.13923709094524384,0.9932692050933838,0.6411646604537964
YJR126C,YNL156C,0,-0.74605536,0.13921833038330078,0.9932692050933838,0.6412650346755981
YDR534C,YOR084W,0,-0.74653685,0.13919956982135773,0.9932692050933838,0.6413654685020447
YIL150C,YKL032C,0,-0.7466099,0.13918080925941467,0.9932692050933838,0.6414658427238464
YPL022W,YBR275C,0,-0.7469871,0.1391620635986328,0.9932692050933838,0.641566276550293
YFL033C,YKL119C,0,-0.74714786,0.13914331793785095,0.9932692050933838,0.6416666507720947
YAL021C,YMR246W,0,-0.74722636,0.1391245722770691,0.9932692050933838,0.6417670845985413
YPL065W,YGL115W,0,-0.74950945,0.13910584151744843,0.9932692050933838,0.641867458820343
YOR174W,YDR040C,0,-0.7498167,0.13908711075782776,0.9932692050933838,0.6419678926467896
YPR081C,YLR214W,0,-0.7511426,0.1390683948993683,0.9932692050933838,0.6420682668685913
YHL024W,YER017C,0,-0.7512312,0.13904966413974762,0.9932692050933838,0.6421687006950378
YER176W,YPL189C-A,0,-0.75128186,0.13903094828128815,0.9932692050933838,0.6422690749168396
YLL003W,YDR062W,0,-0.7521882,0.13901224732398987,0.9932692050933838,0.6423694491386414
YER052C,YAL035W,0,-0.7536379,0.1389935463666916,0.9932692050933838,0.6424698829650879
YLR164W,YHR031C,0,-0.7545873,0.1389748454093933,0.9932692050933838,0.6425702571868896
YMR232W,YDR236C,0,-0.7554873,0.13895614445209503,0.9932692050933838,0.6426706910133362
YBR043C,YAL038W,0,-0.7564372,0.13893745839595795,0.9932692050933838,0.6427710652351379
YMR292W,YJL072C,0,-0.7565237,0.13891877233982086,0.9932692050933838,0.6428714990615845
YDL028C,YLR359W,0,-0.7572211,0.13890010118484497,0.9932692050933838,0.6429718732833862
YPL224C,YHR081W,0,-0.7578148,0.13888141512870789,0.9932692050933838,0.6430723071098328
YMR224C,YOR074C,0,-0.7581534,0.138862743973732,0.9932692050933838,0.6431726813316345
YLR164W,YML107C,0,-0.7583144,0.1388440877199173,0.9932692050933838,0.643273115158081
YKL088W,YKL080W,0,-0.7585776,0.1388254314661026,0.9932692050933838,0.6433734893798828
YLR048W,YDL245C,0,-0.75873464,0.1388067752122879,0.9932692050933838,0.6434739232063293
YER114C,YJR026W,0,-0.7588482,0.1387881189584732,0.9932692050933838,0.6435742974281311
YPR095C,YOR278W,0,-0.7589507,0.1387694776058197,0.9932692050933838,0.6436746716499329
YPL218W,YGL249W,0,-0.75947523,0.1387508362531662,0.9932692050933838,0.6437751054763794
YHR214C-B,YML016C,0,-0.7601552,0.1387322098016739,0.9932692050933838,0.6438754796981812
YDR320C,YDR337W,0,-0.76025313,0.13871358335018158,0.9932692050933838,0.6439759135246277
YDR415C,YPL078C,0,-0.7616084,0.13869495689868927,0.9932692050933838,0.6440762877464294
YHR165C,YBR180W,0,-0.76194453,0.13867633044719696,0.9932692050933838,0.644176721572876
YKR055W,YER093C,0,-0.76197237,0.13865771889686584,0.9932692050933838,0.6442770957946777
YER129W,YLR370C,0,-0.7622741,0.13863910734653473,0.9932692050933838,0.6443775296211243
YMR296C,YLR158C,0,-0.7626664,0.1386205106973648,0.9932692050933838,0.644477903842926
YML005W,YGR010W,0,-0.76508963,0.1386018991470337,0.9932692050933838,0.6445783376693726
YER031C,YKL168C,0,-0.7653268,0.13858331739902496,0.9932692050933838,0.6446787118911743
YBR040W,YDR041W,0,-0.76603234,0.13856472074985504,0.9932692050933838,0.6447791457176208
YBL057C,YNR050C,0,-0.7662641,0.1385461390018463,0.9932692050933838,0.6448795199394226
YJL073W,YLR268W,0,-0.7683617,0.13852755725383759,0.9932692050933838,0.6449798941612244
YLR459W,YNL310C,0,-0.7686559,0.13850899040699005,0.9932692050933838,0.6450803279876709
YPL145C,YGR235C,0,-0.76972544,0.13849040865898132,0.9932692050933838,0.6451807022094727
YPL231W,YLR151C,0,-0.76990247,0.13847185671329498,0.9932692050933838,0.6452811360359192
YHR096C,YBR093C,0,-0.7716557,0.13845328986644745,0.9932692050933838,0.645381510257721
YML006C,YGR116W,0,-0.7722612,0.1384347379207611,0.9932692050933838,0.6454819440841675
YIR025W,YLR050C,0,-0.7724434,0.13841618597507477,0.9932692050933838,0.6455823183059692
YPR113W,YOR098C,0,-0.7732116,0.13839764893054962,0.9932692050933838,0.6456827521324158
YDL179W,YDL033C,0,-0.77327514,0.13837909698486328,0.9932692050933838,0.6457831263542175
YMR160W,YBR101C,0,-0.7737796,0.13836057484149933,0.9932692050933838,0.6458835601806641
YNL189W,YDR257C,0,-0.77385914,0.13834203779697418,0.9932692050933838,0.6459839344024658
YLR391W-A,YMR281W,0,-0.7744618,0.13832351565361023,0.9932692050933838,0.6460843086242676
YJL106W,YBR036C,0,-0.77465475,0.13830499351024628,0.9932692050933838,0.6461847424507141
YOR267C,YEL027W,0,-0.7757518,0.13828648626804352,0.9932692050933838,0.6462851166725159
YOR192C,YJL097W,0,-0.7760567,0.13826796412467957,0.9932692050933838,0.6463855504989624
YDR369C,YLR106C,0,-0.7780966,0.138249471783638,0.9932692050933838,0.6464859247207642
YDR323C,YNL167C,0,-0.7785468,0.13823096454143524,0.9932692050933838,0.6465863585472107
YMR118C,YLR395C,0,-0.7788293,0.13821247220039368,0.9932692050933838,0.6466867327690125
YAL015C,YMR218C,0,-0.7792875,0.1381939798593521,0.9932692050933838,0.646787166595459
YPL065W,YOR092W,0,-0.77932537,0.13817548751831055,0.9932692050933838,0.6468875408172607
YNL238W,YDR254W,0,-0.7804272,0.13815701007843018,0.9932692050933838,0.6469879746437073
YJL025W,YPL269W,0,-0.7814703,0.1381385326385498,0.9932692050933838,0.647088348865509
YFL066C,YIL064W,0,-0.78266907,0.13812007009983063,0.9932692050933838,0.6471887826919556
YLR024C,YOL004W,0,-0.7867339,0.13810160756111145,0.9932692050933838,0.6472891569137573
YJL041W,YLR115W,0,-0.7871881,0.13808314502239227,0.9932692050933838,0.6473895311355591
YFR050C,YDR233C,0,-0.7874095,0.1380646824836731,0.9932692050933838,0.6474899649620056
YKR055W,YGR184C,0,-0.7876295,0.1380462348461151,0.9932692050933838,0.6475903391838074
YCR044C,YAL043C,0,-0.7889332,0.13802778720855713,0.9932692050933838,0.6476907730102539
YDL204W,YJR026W,0,-0.7919481,0.13800935447216034,0.9932692050933838,0.6477911472320557
YIL037C,YIL007C,0,-0.7925651,0.13799092173576355,0.9932692050933838,0.6478915810585022
YIL130W,YGL028C,0,-0.7927351,0.13797248899936676,0.9932692050933838,0.647991955280304
YGL063W,YNL039W,0,-0.79347813,0.13795405626296997,0.9932692050933838,0.6480923891067505
YBR295W,YIL033C,0,-0.7938679,0.13793563842773438,0.9932692050933838,0.6481927633285522
YFR033C,YKR071C,0,-0.7939997,0.13791722059249878,0.9932692050933838,0.6482931971549988
YPL127C,YML086C,0,-0.79468787,0.13789881765842438,0.9932692050933838,0.6483935713768005
YLR007W,YNL078W,0,-0.79577214,0.13788039982318878,0.9932692050933838,0.6484940052032471
YPL065W,YCL055W,0,-0.7972596,0.13786201179027557,0.9932692050933838,0.6485943794250488
YFR045W,YPR156C,0,-0.7979091,0.13784360885620117,0.9932692050933838,0.6486947536468506
YPR001W,YKR071C,0,-0.79883873,0.13782522082328796,0.9932692050933838,0.6487951874732971
YBL047C,YDR226W,0,-0.79929763,0.13780683279037476,0.9932692050933838,0.6488955616950989
YAL048C,YER088C,0,-0.80116165,0.13778844475746155,0.9932692050933838,0.6489959955215454
YKL007W,YGR030C,0,-0.80185014,0.13777007162570953,0.9932692050933838,0.6490963697433472
YPR119W,YBR193C,0,-0.8028017,0.13775169849395752,0.9932692050933838,0.6491968035697937
YOL136C,YGL098W,0,-0.8031089,0.1377333402633667,0.9932692050933838,0.6492971777915955
YKL190W,YCR077C,0,-0.8048528,0.13771496713161469,0.9932692050933838,0.649397611618042
YOL141W,YDR096W,0,-0.8076027,0.13769660890102386,0.9932692050933838,0.6494979858398438
YOL002C,YIL153W,0,-0.80872416,0.13767826557159424,0.9932692050933838,0.6495984196662903
YKL048C,YDL205C,0,-0.8088217,0.13765990734100342,0.9932692050933838,0.649698793888092
YHR002W,YGL220W,0,-0.80885184,0.13764157891273499,0.9932692050933838,0.6497991681098938
YPR036W,YMR270C,0,-0.8089609,0.13762323558330536,0.9932692050933838,0.6498996019363403
YKR037C,YOL052C,0,-0.80913454,0.13760490715503693,0.9932692050933838,0.6499999761581421
YAR031W,YMR041C,0,-0.80916303,0.1375865787267685,0.9932692050933838,0.6501004099845886
YJR052W,YLR390W,0,-0.80920917,0.13756825029850006,0.9932692050933838,0.6502007842063904
YCL047C,YLR052W,0,-0.8093245,0.13754993677139282,0.9932692050933838,0.6503012180328369
YGL210W,YOR155C,0,-0.8107363,0.13753162324428558,0.9932692050933838,0.6504015922546387
YPL137C,YPL095C,0,-0.81091917,0.13751330971717834,0.9932692050933838,0.6505020260810852
YMR115W,YDR172W,0,-0.81200075,0.1374950110912323,0.9932692050933838,0.650602400302887
YNL167C,YOR334W,0,-0.8121762,0.13747671246528625,0.9932692050933838,0.6507028341293335
YHR154W,YMR101C,0,-0.81271756,0.1374584138393402,0.9932692050933838,0.6508032083511353
YDR118W,YIL002C,0,-0.8127836,0.13744013011455536,0.9932692050933838,0.6509036421775818
YGR239C,YDR109C,0,-0.8132369,0.1374218463897705,0.9932692050933838,0.6510040163993835
YML057W,YOR192C,0,-0.8134681,0.13740356266498566,0.9932692050933838,0.6511043906211853
YDL149W,YLR324W,0,-0.8136221,0.137385293841362,0.9932692050933838,0.6512048244476318
YDL019C,YLR154C,0,-0.814575,0.13736702501773834,0.9932692050933838,0.6513051986694336
YBR237W,YKL090W,0,-0.8149867,0.13734875619411469,0.9932692050933838,0.6514056324958801
YFL054C,YBL034C,0,-0.81681925,0.13733050227165222,0.9932692050933838,0.6515060067176819
YDR103W,YIL147C,0,-0.81704,0.13731224834918976,0.9932692050933838,0.6516064405441284
YKL082C,YOR054C,0,-0.8186338,0.1372939944267273,0.9932692050933838,0.6517068147659302
YFR014C,YBR191W,0,-0.81872153,0.13727574050426483,0.9932692050933838,0.6518072485923767
YER060W,YER041W,0,-0.81882465,0.13725750148296356,0.9932692050933838,0.6519076228141785
YPL138C,YOR036W,0,-0.8191298,0.1372392773628235,0.9932692050933838,0.652008056640625
YDR109C,YJR076C,0,-0.8193958,0.13722103834152222,0.9932692050933838,0.6521084308624268
YBL057C,YLR439W,0,-0.820004,0.13720281422138214,0.9932692050933838,0.6522088646888733
YOR068C,YAL054C,0,-0.82034343,0.13718459010124207,0.9932692050933838,0.652309238910675
YGL227W,YOR273C,0,-0.82179,0.13716638088226318,0.9932692050933838,0.6524096131324768
YOL103W,YMR090W,0,-0.82254535,0.1371481716632843,0.9932692050933838,0.6525100469589233
YBR024W,YDR308C,0,-0.8230748,0.13712996244430542,0.9932692050933838,0.6526104211807251
YOR069W,YDL134C,0,-0.8240742,0.13711175322532654,0.9932692050933838,0.6527108550071716
YPR072W,YMR081C,0,-0.8249248,0.13709355890750885,0.9932692050933838,0.6528112292289734
YMR273C,YJR089W,0,-0.82592773,0.13707536458969116,0.9932692050933838,0.6529116630554199
YNL164C,YDR507C,0,-0.82598615,0.13705718517303467,0.9932692050933838,0.6530120372772217
YNL020C,YPL200W,0,-0.8269677,0.13703900575637817,0.9932692050933838,0.6531124711036682
YDR229W,YGL071W,0,-0.827561,0.13702082633972168,0.9932692050933838,0.65321284532547
YPL110C,YKR052C,0,-0.8285364,0.13700264692306519,0.9932692050933838,0.6533132791519165
YDR007W,YDR342C,0,-0.82886434,0.13698448240756989,0.9932692050933838,0.6534136533737183
YMR238W,YDR292C,0,-0.8292773,0.13696631789207458,0.9932692050933838,0.65351402759552
YOL031C,YLR330W,0,-0.8295568,0.13694816827774048,0.9932692050933838,0.6536144614219666
YHR186C,YPR166C,0,-0.8307669,0.13693000376224518,0.9932692050933838,0.6537148356437683
YJR059W,YKL054C,0,-0.8319384,0.13691186904907227,0.9932692050933838,0.6538152694702148
YGL093W,YBR003W,0,-0.83224964,0.13689371943473816,0.9932692050933838,0.6539156436920166
YKR069W,YBR296C,0,-0.8323964,0.13687558472156525,0.9932692050933838,0.6540160775184631
YCL003W,YPR032W,0,-0.83337104,0.13685745000839233,0.9932692050933838,0.6541164517402649
YLR160C,YOR377W,0,-0.8344931,0.13683931529521942,0.9932692050933838,0.6542168855667114
YDR046C,YDR461W,0,-0.8364643,0.1368211954832077,0.9932692050933838,0.6543172597885132
YGR101W,YMR241W,0,-0.8374517,0.13680307567119598,0.9932692050933838,0.6544176936149597
YGL169W,YJR130C,0,-0.83753353,0.13678495585918427,0.9932692050933838,0.6545180678367615
YOR266W,YLR391W,0,-0.83904374,0.13676685094833374,0.9932692050933838,0.654618501663208
YMR322C,YEL048C,0,-0.8396983,0.13674874603748322,0.9932692050933838,0.6547188758850098
YCR092C,YHL024W,0,-0.84068596,0.1367306411266327,0.9932692050933838,0.6548192501068115
YGR097W,YNL180C,0,-0.8408802,0.13671255111694336,0.9932692050933838,0.6549196839332581
YDL148C,YOL122C,0,-0.8416618,0.13669446110725403,0.9932692050933838,0.6550200581550598
YOR079C,YHR135C,0,-0.8427525,0.1366763710975647,0.9932692050933838,0.6551204919815063
YGL256W,YJL165C,0,-0.8432579,0.13665828108787537,0.9932692050933838,0.6552208662033081
YMR004W,YOL042W,0,-0.8441767,0.13664020597934723,0.9932692050933838,0.6553213000297546
YCR092C,YAL056W,0,-0.84426546,0.13662214577198029,0.9932692050933838,0.6554216742515564
YJR065C,YER056C-A,0,-0.8446075,0.13660407066345215,0.9932692050933838,0.6555221080780029
YDR047W,YDR486C,0,-0.84523726,0.1365860104560852,0.9932692050933838,0.6556224822998047
YPL076W,YPR049C,0,-0.8470472,0.13656795024871826,0.9932692050933838,0.6557229161262512
YDL085W,YJL153C,0,-0.8484163,0.1365499049425125,0.9932692050933838,0.655823290348053
YFL061W,YDL144C,0,-0.8494742,0.13653185963630676,0.9932692050933838,0.6559237241744995
YGL192W,YDR434W,0,-0.850055,0.136513814330101,0.9932692050933838,0.6560240983963013
YGR077C,YJL186W,0,-0.8506067,0.13649576902389526,0.9932692050933838,0.656124472618103
YNL131W,YER087C-A,0,-0.8506843,0.1364777386188507,0.9932692050933838,0.6562249064445496
YGL180W,YMR046C,0,-0.8509128,0.13645970821380615,0.9932692050933838,0.6563252806663513
YBR050C,YKL090W,0,-0.8516897,0.1364416927099228,0.9932692050933838,0.6564257144927979
YBR006W,YER044C,0,-0.8528006,0.13642366230487823,0.9932692050933838,0.6565260887145996
YMR186W,YLR249W,0,-0.8534011,0.13640564680099487,0.9932692050933838,0.6566265225410461
YPL150W,YJR158W,0,-0.8535241,0.1363876461982727,0.9932692050933838,0.6567268967628479
YIL019W,YOL126C,0,-0.8542415,0.13636963069438934,0.9932692050933838,0.6568273305892944
YHR096C,YDR105C,0,-0.8544847,0.13635163009166718,0.9932692050933838,0.6569277048110962
YPR003C,YMR076C,0,-0.85583967,0.1363336443901062,0.9932692050933838,0.6570281386375427
YMR203W,YMR211W,0,-0.85598874,0.13631564378738403,0.9932692050933838,0.6571285128593445
YPL171C,YBL072C,0,-0.85651076,0.13629765808582306,0.9932692050933838,0.6572288870811462
YPL177C,YPR159W,0,-0.85738254,0.13627968728542328,0.9932692050933838,0.6573293209075928
YNL020C,YAR007C,0,-0.85857654,0.1362617015838623,0.9932692050933838,0.6574296951293945
YDR304C,YBL010C,0,-0.8587581,0.13624373078346252,0.9932692050933838,0.6575301289558411
YFL010W-A,YKL024C,0,-0.85884035,0.13622577488422394,0.9932692050933838,0.6576305031776428
YMR312W,YPL180W,0,-0.85952926,0.13620780408382416,0.9932692050933838,0.6577309370040894
YOR222W,YMR306W,0,-0.8617037,0.13618984818458557,0.9932692050933838,0.6578313112258911
YJR155W,YKL042W,0,-0.86187804,0.13617189228534698,0.9932692050933838,0.6579317450523376
YDL121C,YOR027W,0,-0.8624906,0.1361539512872696,0.9932692050933838,0.6580321192741394
YDR320C-A,YIL038C,0,-0.86253476,0.1361360102891922,0.9932692050933838,0.6581325531005859
YKR037C,YIL150C,0,-0.8630109,0.1361180692911148,0.9932692050933838,0.6582329273223877
YKL166C,YMR150C,0,-0.86311764,0.13610012829303741,0.9932692050933838,0.6583333611488342
YGR194C,YNR061C,0,-0.86333656,0.13608220219612122,0.9932692050933838,0.658433735370636
YOR332W,YOL112W,0,-0.8633418,0.13606427609920502,0.9932692050933838,0.6585341095924377
YGR030C,YPR028W,0,-0.8633599,0.13604636490345,0.9932692050933838,0.6586345434188843
YOL003C,YNL287W,0,-0.8640696,0.1360284388065338,0.9932692050933838,0.658734917640686
YOR032C,YMR262W,0,-0.8643092,0.1360105276107788,0.9932692050933838,0.6588353514671326
YPL099C,YGR129W,0,-0.86578345,0.135992631316185,0.9932692050933838,0.6589357256889343
YJL196C,YLR401C,0,-0.86689085,0.13597472012043,0.9932692050933838,0.6590361595153809
YLR234W,YJR050W,0,-0.8669969,0.13595682382583618,0.9932692050933838,0.6591365337371826
YOR301W,YGL027C,0,-0.86793315,0.13593894243240356,0.9932692050933838,0.6592369675636292
YDR019C,YNL248C,0,-0.8680916,0.13592104613780975,0.9932692050933838,0.6593373417854309
YPL218W,YPL051W,0,-0.8695436,0.13590316474437714,0.9932692050933838,0.6594377756118774
YDL247W,YMR042W,0,-0.86963904,0.1358852982521057,0.9932692050933838,0.6595381498336792
YFR024C-A,YBL064C,0,-0.8699907,0.1358674168586731,0.9932692050933838,0.6596385836601257
YML015C,YJR078W,0,-0.87022233,0.13584955036640167,0.9932692050933838,0.6597389578819275
YGR138C,YBR243C,0,-0.87072563,0.13583168387413025,0.9932692050933838,0.6598393321037292
YFL002W-B,YJR117W,0,-0.87082267,0.13581383228302002,0.9932692050933838,0.6599397659301758
YCR011C,YLR370C,0,-0.8708452,0.1357959806919098,0.9932692050933838,0.6600401401519775
YML115C,YBL013W,0,-0.87179595,0.13577812910079956,0.9932692050933838,0.6601405739784241
YPL140C,YLR209C,0,-0.87203217,0.13576027750968933,0.9932692050933838,0.6602409482002258
YBL112C,YGR071C,0,-0.87298554,0.1357424408197403,0.9932692050933838,0.6603413820266724
YJR134C,YMR247C,0,-0.873072,0.13572460412979126,0.9932692050933838,0.6604417562484741
YGL073W,YDR228C,0,-0.8736554,0.13570678234100342,0.9932692050933838,0.6605421900749207
YER185W,YKL081W,0,-0.8744184,0.13568896055221558,0.9932692050933838,0.6606425642967224
YOR148C,YPL281C,0,-0.8744345,0.13567113876342773,0.9932692050933838,0.660742998123169
YOR143C,YLR214W,0,-0.8749194,0.1356533169746399,0.9932692050933838,0.6608433723449707
YML016C,YDR235W,0,-0.87632143,0.13563551008701324,0.9932692050933838,0.6609437465667725
YJL106W,YDR383C,0,-0.87694585,0.1356177031993866,0.9932692050933838,0.661044180393219
YOR155C,YGR288W,0,-0.8772763,0.13559989631175995,0.9932692050933838,0.6611445546150208
YIL033C,YER008C,0,-0.8776238,0.1355821043252945,0.9932692050933838,0.6612449884414673
YCR039C,YGL243W,0,-0.8787707,0.13556429743766785,0.9932692050933838,0.661345362663269
YJL019W,YOR038C,0,-0.8800968,0.1355465203523636,0.9932692050933838,0.6614457964897156
YLR452C,YHR175W,0,-0.8808429,0.13552872836589813,0.9932692050933838,0.6615461707115173
YLR425W,YER129W,0,-0.8811784,0.13551095128059387,0.9932692050933838,0.6616466045379639
YHR129C,YLR352W,0,-0.8812869,0.1354931741952896,0.9932692050933838,0.6617469787597656
YLR385C,YMR070W,0,-0.88162136,0.13547541201114655,0.9932692050933838,0.6618474125862122
YJL090C,YPR042C,0,-0.88271594,0.13545764982700348,0.9932692050933838,0.6619477868080139
YMR287C,YDR164C,0,-0.8844632,0.1354398876428604,0.9932692050933838,0.6620482206344604
YLR389C,YNL079C,0,-0.8848391,0.13542212545871735,0.9932692050933838,0.6621485948562622
YML099C,YPR017C,0,-0.8850456,0.13540437817573547,0.9932692050933838,0.662248969078064
YBL031W,YLR074C,0,-0.8851325,0.1353866308927536,0.9932692050933838,0.6623494029045105
YJL012C,YHR014W,0,-0.88586795,0.13536888360977173,0.9932692050933838,0.6624497771263123
YMR194W,YHL028W,0,-0.8885937,0.13535115122795105,0.9932692050933838,0.6625502109527588
YHR214C-B,YGL213C,0,-0.88955736,0.13533341884613037,0.9932692050933838,0.6626505851745605
YDR342C,YNL056W,0,-0.8904859,0.1353156864643097,0.9932692050933838,0.6627510190010071
YML005W,YJL143W,0,-0.8905071,0.1352979689836502,0.9932692050933838,0.6628513932228088
YDR303C,YPL215W,0,-0.89154255,0.13528025150299072,0.9932692050933838,0.6629518270492554
YBR189W,YNR067C,0,-0.8920004,0.13526253402233124,0.9932692050933838,0.6630522012710571
YLR109W,YNL258C,0,-0.8927919,0.13524483144283295,0.9932692050933838,0.6631526350975037
YOR386W,YIL095W,0,-0.8932439,0.13522712886333466,0.9932692050933838,0.6632530093193054
YEL017C-A,YNL261W,0,-0.8935392,0.13520942628383636,0.9932692050933838,0.663353443145752
YMR091C,YPL100W,0,-0.8942619,0.13519172370433807,0.9932692050933838,0.6634538173675537
YBR146W,YPL206C,0,-0.8954104,0.13517403602600098,0.9932692050933838,0.6635541915893555
YKR034W,YPL204W,0,-0.8955695,0.13515634834766388,0.9932692050933838,0.663654625415802
YPR159W,YFL041W,0,-0.89588416,0.13513867557048798,0.9932692050933838,0.6637549996376038
YHR017W,YNL212W,0,-0.89589775,0.13512098789215088,0.9932692050933838,0.6638554334640503
YPL186C,YKL085W,0,-0.8967054,0.13510331511497498,0.9932692050933838,0.663955807685852
YGR083C,YDR009W,0,-0.8974303,0.13508565723896027,0.9932692050933838,0.6640562415122986
YDL113C,YGL256W,0,-0.8975339,0.13506798446178436,0.9932692050933838,0.6641566157341003
YNL020C,YBR245C,0,-0.8975785,0.13505032658576965,0.9932692050933838,0.6642570495605469
YKL197C,YCL039W,0,-0.8978843,0.13503268361091614,0.9932692050933838,0.6643574237823486
YNR074C,YGR056W,0,-0.8986461,0.13501502573490143,0.9932692050933838,0.6644578576087952
YPL254W,YHR006W,0,-0.89935374,0.1349973827600479,0.9932692050933838,0.6645582318305969
YDR134C,YER090W,0,-0.89951557,0.1349797397851944,0.9932692050933838,0.6646586060523987
YBR275C,YMR168C,0,-0.8995554,0.13496211171150208,0.9932692050933838,0.6647590398788452
YBR271W,YNL239W,0,-0.8996928,0.13494448363780975,0.9932692050933838,0.664859414100647
YNL292W,YAL048C,0,-0.901446,0.13492685556411743,0.9932692050933838,0.6649598479270935
YCR096C,YBR185C,0,-0.90190256,0.1349092274904251,0.9932692050933838,0.6650602221488953
YNR067C,YGL249W,0,-0.9019349,0.13489161431789398,0.9932692050933838,0.6651606559753418
YLL051C,YLL011W,0,-0.9021375,0.13487400114536285,0.9932692050933838,0.6652610301971436
YKR058W,YBR009C,0,-0.90248287,0.13485640287399292,0.9932692050933838,0.6653614640235901
YOR378W,YOR004W,0,-0.90379107,0.1348387897014618,0.9932692050933838,0.6654618382453918
YKL206C,YHR070W,0,-0.9046992,0.13482119143009186,0.9932692050933838,0.6655622720718384
YGL006W,YJR068W,0,-0.906711,0.13480360805988312,0.9932692050933838,0.6656626462936401
YLR390W-A,YMR225C,0,-0.90690446,0.13478600978851318,0.9932692050933838,0.6657630801200867
YKL138C,YDL045C,0,-0.9073434,0.13476842641830444,0.9932692050933838,0.6658634543418884
YBR299W,YFR019W,0,-0.9074142,0.1347508430480957,0.9932692050933838,0.6659638285636902
YPL036W,YDR207C,0,-0.9080651,0.13473327457904816,0.9932692050933838,0.6660642623901367
YMR169C,YPL116W,0,-0.90820193,0.1347157061100006,0.9932692050933838,0.6661646366119385
YLL051C,YBR087W,0,-0.9085306,0.13469813764095306,0.9932692050933838,0.666265070438385
YGL083W,YDR196C,0,-0.9090209,0.13468056917190552,0.9932692050933838,0.6663654446601868
YDR019C,YOL076W,0,-0.9090762,0.13466301560401917,0.9932692050933838,0.6664658784866333
YJL121C,YJR033C,0,-0.9103286,0.1346454620361328,0.9932692050933838,0.6665662527084351
YOR313C,YGR024C,0,-0.91103095,0.13462792336940765,0.9932692050933838,0.6666666865348816
YDR334W,YJR025C,0,-0.911939,0.1346103698015213,0.9932692050933838,0.6667670607566833
YLR020C,YJR140C,0,-0.9131188,0.13459283113479614,0.9932692050933838,0.6668674945831299
YDR392W,YER030W,0,-0.9132525,0.13457529246807098,0.9932692050933838,0.6669678688049316
YDL046W,YPR175W,0,-0.9132831,0.13455776870250702,0.9932692050933838,0.6670683026313782
YNR057C,YLL017W,0,-0.9139263,0.13454024493694305,0.9932692050933838,0.6671686768531799
YDR252W,YMR004W,0,-0.91408145,0.1345227211713791,0.9932692050933838,0.6672690510749817
YLR131C,YOR087W,0,-0.91450375,0.13450521230697632,0.9932692050933838,0.6673694849014282
YPL223C,YPR119W,0,-0.9145546,0.13448770344257355,0.9932692050933838,0.66746985912323
YNL236W,YOL104C,0,-0.9153065,0.13447019457817078,0.9932692050933838,0.6675702929496765
YGR253C,YLR381W,0,-0.9161463,0.134452685713768,0.9932692050933838,0.6676706671714783
YKR059W,YER177W,0,-0.91667724,0.13443519175052643,0.9932692050933838,0.6677711009979248
YBL030C,YGR010W,0,-0.9173328,0.13441769778728485,0.9932692050933838,0.6678714752197266
YDR492W,YGL051W,0,-0.91752756,0.13440020382404327,0.9932692050933838,0.6679719090461731
YFR016C,YHR103W,0,-0.9196508,0.1343827247619629,0.9932692050933838,0.6680722832679749
YER108C,YBR037C,0,-0.9197264,0.1343652456998825,0.9932692050933838,0.6681727170944214
YGL163C,YPL049C,0,-0.92149067,0.13434776663780212,0.9932692050933838,0.6682730913162231
YDL170W,YJR075W,0,-0.92153996,0.13433030247688293,0.9932692050933838,0.6683734655380249
YPR180W,YHR058C,0,-0.9218406,0.13431283831596375,0.9932692050933838,0.6684738993644714
YJL196C,YGL211W,0,-0.92186296,0.13429537415504456,0.9932692050933838,0.6685742735862732
YNL036W,YDR310C,0,-0.9222673,0.13427790999412537,0.9932692050933838,0.6686747074127197
YDL022W,YML081W,0,-0.9225788,0.13426046073436737,0.9932692050933838,0.6687750816345215
YNL293W,YLR426W,0,-0.92260545,0.13424301147460938,0.9932692050933838,0.668875515460968
YDR371W,YGR180C,0,-0.92316544,0.13422557711601257,0.9932692050933838,0.6689758896827698
YER045C,YGR225W,0,-0.9239851,0.13420812785625458,0.9932692050933838,0.6690763235092163
YPL258C,YOR045W,0,-0.9249646,0.13419069349765778,0.9932692050933838,0.6691766977310181
YGR056W,YDR205W,0,-0.92502856,0.13417327404022217,0.9932692050933838,0.6692771315574646
YHR147C,YDR453C,0,-0.92539656,0.13415583968162537,0.9932692050933838,0.6693775057792664
YKL052C,YNL010W,0,-0.9258507,0.13413842022418976,0.9932692050933838,0.6694779396057129
YMR159C,YAL054C,0,-0.9260549,0.13412100076675415,0.9932692050933838,0.6695783138275146
YLR029C,YOR110W,0,-0.92607236,0.13410359621047974,0.9932692050933838,0.6696786880493164
YMR267W,YEL019C,0,-0.92686254,0.13408619165420532,0.9932692050933838,0.6697791218757629
YJR058C,YPL049C,0,-0.9279535,0.1340687870979309,0.9932692050933838,0.6698794960975647
YER060W,YDR419W,0,-0.9288129,0.1340513825416565,0.9932692050933838,0.6699799299240112
YNR070W,YIL145C,0,-0.9294231,0.13403399288654327,0.9932692050933838,0.670080304145813
YCL018W,YOR027W,0,-0.929562,0.13401660323143005,0.9932692050933838,0.6701807379722595
YKR055W,YCL069W,0,-0.929731,0.13399922847747803,0.9932692050933838,0.6702811121940613
YER023W,YHR004C,0,-0.92985475,0.1339818388223648,0.9932692050933838,0.6703815460205078
YER014C-A,YIR004W,0,-0.9304898,0.13396446406841278,0.9932692050933838,0.6704819202423096
YGL050W,YER081W,0,-0.9331276,0.13394708931446075,0.9932692050933838,0.6705823540687561
YDR384C,YOL019W,0,-0.9335734,0.13392972946166992,0.9932692050933838,0.6706827282905579
YOR092W,YDL189W,0,-0.93397355,0.1339123696088791,0.9932692050933838,0.6707831621170044
YDL223C,YBR087W,0,-0.93431216,0.13389500975608826,0.9932692050933838,0.6708835363388062
YJL059W,YMR127C,0,-0.93502915,0.13387764990329742,0.9932692050933838,0.6709839105606079
YER114C,YPL033C,0,-0.9350524,0.13386030495166779,0.9932692050933838,0.6710843443870544
YMR158W,YBL025W,0,-0.93548775,0.13384296000003815,0.9932692050933838,0.6711847186088562
YGR281W,YHR020W,0,-0.93561465,0.1338256299495697,0.9932692050933838,0.6712851524353027
YAL010C,YNL290W,0,-0.93642855,0.13380828499794006,0.9932692050933838,0.6713855266571045
YPL214C,YLR121C,0,-0.9366282,0.13379095494747162,0.9932692050933838,0.671485960483551
YDR487C,YGR044C,0,-0.93666863,0.13377363979816437,0.9932692050933838,0.6715863347053528
YOL053C-A,YNL221C,0,-0.9384771,0.13375630974769592,0.9932692050933838,0.6716867685317993
YGR075C,YKL020C,0,-0.9386507,0.13373899459838867,0.9932692050933838,0.6717871427536011
YHR005C,YDR056C,0,-0.93949497,0.13372167944908142,0.9932692050933838,0.6718875765800476
YDL198C,YGR224W,0,-0.9397634,0.13370437920093536,0.9932692050933838,0.6719879508018494
YML087C,YDL093W,0,-0.9429257,0.1336870640516281,0.9932692050933838,0.6720883250236511
YER109C,YKL028W,0,-0.9435113,0.13366977870464325,0.9932692050933838,0.6721887588500977
YDL185W,YDR023W,0,-0.9435796,0.1336524784564972,0.9932692050933838,0.6722891330718994
YER014C-A,YFL035C-B,0,-0.9437741,0.13363519310951233,0.9932692050933838,0.672389566898346
YLR313C,YHR214W,0,-0.94413877,0.13361790776252747,0.9932692050933838,0.6724899411201477
YNL238W,YJL073W,0,-0.94510055,0.1336006224155426,0.9932692050933838,0.6725903749465942
YER012W,YFR041C,0,-0.94514287,0.13358333706855774,0.9932692050933838,0.672690749168396
YNR041C,YDR127W,0,-0.94591725,0.13356606662273407,0.9932692050933838,0.6727911829948425
YOR265W,YER083C,0,-0.9469852,0.1335488110780716,0.9932692050933838,0.6728915572166443
YDL134C-A,YFR005C,0,-0.9499268,0.13353154063224792,0.9932692050933838,0.6729919910430908
YHR079C-B,YNR020C,0,-0.9500218,0.13351428508758545,0.9932692050933838,0.6730923652648926
YDR256C,YLR259C,0,-0.95013595,0.13349702954292297,0.9932692050933838,0.6731927990913391
YPL127C,YML100W,0,-0.9506629,0.1334797739982605,0.9932692050933838,0.6732931733131409
YGR078C,YNL317W,0,-0.9511188,0.13346253335475922,0.9932692050933838,0.6733935475349426
YOR066W,YOR038C,0,-0.9513069,0.13344529271125793,0.9932692050933838,0.6734939813613892
YPL281C,YNL297C,0,-0.9514525,0.13342805206775665,0.9932692050933838,0.6735943555831909
YDR511W,YOL126C,0,-0.9517499,0.13341082632541656,0.9932692050933838,0.6736947894096375
YLR385C,YGR181W,0,-0.95290554,0.13339360058307648,0.9932692050933838,0.6737951636314392
YFL005W,YDR414C,0,-0.95311964,0.1333763748407364,0.9932692050933838,0.6738955974578857
YKR090W,YNL092W,0,-0.9538027,0.1333591490983963,0.9932692050933838,0.6739959716796875
YBR094W,YLR085C,0,-0.954419,0.1333419382572174,0.9932692050933838,0.674096405506134
YNL138W,YHR175W,0,-0.95448613,0.1333247274160385,0.9932692050933838,0.6741967797279358
YJL108C,YML085C,0,-0.95575833,0.13330751657485962,0.9932692050933838,0.6742972135543823
YNR022C,YBL078C,0,-0.9559245,0.13329032063484192,0.9932692050933838,0.6743975877761841
YJL013C,YGR078C,0,-0.95607746,0.13327312469482422,0.9932692050933838,0.6744980216026306
YER014C-A,YCL032W,0,-0.9570713,0.13325592875480652,0.9932692050933838,0.6745983958244324
YPR159W,YOR373W,0,-0.9587492,0.13323874771595,0.9932692050933838,0.6746987700462341
YDR030C,YOR057W,0,-0.9594489,0.1332215666770935,0.9932692050933838,0.6747992038726807
YGR060W,YLR425W,0,-0.95979095,0.133204385638237,0.9932692050933838,0.6748995780944824
YOL117W,YBL025W,0,-0.9601809,0.1331872045993805,0.9932692050933838,0.675000011920929
YDR253C,YMR281W,0,-0.9606715,0.13317003846168518,0.9932692050933838,0.6751003861427307
YGL071W,YLR182W,0,-0.9608884,0.13315287232398987,0.9932692050933838,0.6752008199691772
YBR022W,YMR257C,0,-0.9612634,0.13313570618629456,0.9932692050933838,0.675301194190979
YGL084C,YDR384C,0,-0.961491,0.13311855494976044,0.9932692050933838,0.6754016280174255
YER044C-A,YDR284C,0,-0.96281946,0.13310140371322632,0.9932692050933838,0.6755020022392273
YCR037C,YEL058W,0,-0.96294963,0.1330842524766922,0.9932692050933838,0.6756024360656738
YBL057C,YBR005W,0,-0.96408117,0.13306711614131927,0.9932692050933838,0.6757028102874756
YDR410C,YGL119W,0,-0.96454096,0.13304997980594635,0.9932692050933838,0.6758031845092773
YMR211W,YMR098C,0,-0.9650277,0.13303284347057343,0.9932692050933838,0.6759036183357239
YFL026W,YPL276W,0,-0.9658972,0.1330157071352005,0.9932692050933838,0.6760039925575256
YHR027C,YNL161W,0,-0.965902,0.13299858570098877,0.9932692050933838,0.6761044263839722
YDL045W-A,YLR246W,0,-0.9665215,0.13298146426677704,0.9932692050933838,0.6762048006057739
YHR061C,YML031W,0,-0.96657085,0.1329643428325653,0.9932692050933838,0.6763052344322205
YKL100C,YJL101C,0,-0.9670499,0.13294723629951477,0.9932692050933838,0.6764056086540222
YMR319C,YBR093C,0,-0.9671488,0.13293012976646423,0.9932692050933838,0.6765060424804688
YLL027W,YLR052W,0,-0.96790695,0.1329130232334137,0.9932692050933838,0.6766064167022705
YIR018W,YNL123W,0,-0.96796805,0.13289591670036316,0.9932692050933838,0.676706850528717
YIL038C,YNR011C,0,-0.9681464,0.13287882506847382,0.9932692050933838,0.6768072247505188
YOR317W,YHL017W,0,-0.96873206,0.13286173343658447,0.9932692050933838,0.6769076585769653
YNL012W,YOR060C,0,-0.9688289,0.13284465670585632,0.9932692050933838,0.6770080327987671
YML059C,YKR020W,0,-0.9691146,0.13282756507396698,0.9932692050933838,0.6771084070205688
YPR047W,YBR156C,0,-0.96928763,0.13281048834323883,0.9932692050933838,0.6772088408470154
YOR032C,YDR177W,0,-0.97024107,0.13279341161251068,0.9932692050933838,0.6773092150688171
YBL023C,YGR142W,0,-0.9704113,0.13277634978294373,0.9932692050933838,0.6774096488952637
YMR112C,YJL019W,0,-0.9705852,0.13275928795337677,0.9932692050933838,0.6775100231170654
YLR088W,YPL193W,0,-0.9712446,0.13274222612380981,0.9932692050933838,0.677610456943512
YIR005W,YLL057C,0,-0.9715934,0.13272516429424286,0.9932692050933838,0.6777108311653137
YPL110C,YCR010C,0,-0.9719664,0.1327081173658371,0.9932692050933838,0.6778112649917603
YOL004W,YBR069C,0,-0.972101,0.13269107043743134,0.9932692050933838,0.677911639213562
YLR067C,YIL147C,0,-0.9721442,0.13267402350902557,0.9932692050933838,0.6780120730400085
YJL026W,YOR036W,0,-0.9724953,0.132656991481781,0.9932692050933838,0.6781124472618103
YJL013C,YGL112C,0,-0.97251785,0.13263995945453644,0.9932692050933838,0.6782128810882568
YFR024C-A,YOR087W,0,-0.9734148,0.13262292742729187,0.9932692050933838,0.6783132553100586
YBR287W,YGR134W,0,-0.97440183,0.1326059103012085,0.9932692050933838,0.6784136295318604
YBR097W,YPL087W,0,-0.9747265,0.13258887827396393,0.9932692050933838,0.6785140633583069
YNL117W,YDR508C,0,-0.9751957,0.13257186114788055,0.9932692050933838,0.6786144375801086
YLR151C,YGL040C,0,-0.9764661,0.13255485892295837,0.9932692050933838,0.6787148714065552
YKR028W,YNL258C,0,-0.97650874,0.1325378566980362,0.9932692050933838,0.6788152456283569
YPL276W,YJL148W,0,-0.97743934,0.13252083957195282,0.9932692050933838,0.6789156794548035
YOR221C,YOL111C,0,-0.977659,0.13250385224819183,0.9932692050933838,0.6790160536766052
YMR276W,YJR112W,0,-0.9779796,0.13248685002326965,0.9932692050933838,0.6791164875030518
YPL010W,YOR244W,0,-0.9782144,0.13246986269950867,0.9932692050933838,0.6792168617248535
YJL181W,YIL084C,0,-0.9792092,0.13245287537574768,0.9932692050933838,0.6793172955513
YDL101C,YOR266W,0,-0.97955835,0.1324359029531479,0.9932692050933838,0.6794176697731018
YHR082C,YDL209C,0,-0.98135597,0.1324189156293869,0.9932692050933838,0.6795180439949036
YCR024C,YLR321C,0,-0.98310757,0.1324019432067871,0.9932692050933838,0.6796184778213501
YKL079W,YLR015W,0,-0.9834733,0.1323849856853485,0.9932692050933838,0.6797188520431519
YNL250W,YGL212W,0,-0.9838564,0.13236801326274872,0.9932692050933838,0.6798192858695984
YBR180W,YDR454C,0,-0.9839281,0.13235105574131012,0.9932692050933838,0.6799196600914001
YFR047C,YPL157W,0,-0.98464286,0.13233409821987152,0.9932692050933838,0.6800200939178467
YER022W,YEL038W,0,-0.9864204,0.13231715559959412,0.9932692050933838,0.6801204681396484
YDR320C,YDR454C,0,-0.9867477,0.13230019807815552,0.9932692050933838,0.680220901966095
YBR094W,YLR447C,0,-0.98715913,0.1322832554578781,0.9932692050933838,0.6803212761878967
YDR315C,YJR068W,0,-0.98717815,0.1322663277387619,0.9932692050933838,0.6804217100143433
YLL018C-A,YBR050C,0,-0.989507,0.1322493851184845,0.9932692050933838,0.680522084236145
YER147C,YOR298W,0,-0.98968,0.1322324573993683,0.9932692050933838,0.6806225180625916
YJL149W,YLR395C,0,-0.99009836,0.13221554458141327,0.9932692050933838,0.6807228922843933
YKL005C,YFL044C,0,-0.9902433,0.13219861686229706,0.9932692050933838,0.6808232665061951
YOR291W,YHR168W,0,-0.99090093,0.13218170404434204,0.9932692050933838,0.6809237003326416
YOR355W,YGR055W,0,-0.9910301,0.13216479122638702,0.9932692050933838,0.6810240745544434
YBL089W,YER112W,0,-0.9917649,0.132147878408432,0.9932692050933838,0.6811245083808899
YGR062C,YJL171C,0,-0.9923861,0.13213098049163818,0.9932692050933838,0.6812248826026917
YIL076W,YGR295C,0,-0.99297696,0.13211408257484436,0.9932692050933838,0.6813253164291382
YJL001W,YBR299W,0,-0.9932838,0.13209718465805054,0.9932692050933838,0.6814256906509399
YKL165C,YCL051W,0,-0.9934062,0.1320803016424179,0.9932692050933838,0.6815261244773865
YLR131C,YMR038C,0,-0.9939722,0.13206340372562408,0.9932692050933838,0.6816264986991882
YJL096W,YMR316W,0,-0.99399775,0.13204653561115265,0.9932692050933838,0.6817269325256348
YDL124W,YHR041C,0,-0.99459165,0.13202965259552002,0.9932692050933838,0.6818273067474365
YFL010W-A,YJL181W,0,-0.994941,0.13201278448104858,0.9932692050933838,0.6819277405738831
YBR033W,YER098W,0,-0.9953067,0.13199591636657715,0.9932692050933838,0.6820281147956848
YNL048W,YOL152W,0,-0.99628127,0.1319790482521057,0.9932692050933838,0.6821284890174866
YNL202W,YBL089W,0,-0.99740136,0.13196218013763428,0.9932692050933838,0.6822289228439331
YBR122C,YIR023W,0,-0.99974495,0.13194532692432404,0.9932692050933838,0.6823292970657349
YDL130W-A,YPL027W,0,-0.9998261,0.1319284737110138,0.9932692050933838,0.6824297308921814
YPL171C,YOR063W,0,-1.0000167,0.13191163539886475,0.9932692050933838,0.6825301051139832
YER014W,YHR027C,0,-1.0000579,0.1318947970867157,0.9932692050933838,0.6826305389404297
YFR027W,YNL273W,0,-1.0003266,0.13187795877456665,0.9932692050933838,0.6827309131622314
YLR028C,YBR281C,0,-1.0007536,0.1318611204624176,0.9932692050933838,0.682831346988678
YAL058W,YDL095W,0,-1.0016587,0.13184428215026855,0.9932692050933838,0.6829317212104797
YBR024W,YOR269W,0,-1.0018078,0.1318274587392807,0.9932692050933838,0.6830321550369263
YGR174C,YDL017W,0,-1.0019522,0.13181063532829285,0.9932692050933838,0.683132529258728
YGL095C,YCR014C,0,-1.0022281,0.1317938268184662,0.9932692050933838,0.6832329034805298
YAL013W,YKR037C,0,-1.004341,0.13177701830863953,0.9932692050933838,0.6833333373069763
YNL111C,YNL101W,0,-1.0044835,0.13176020979881287,0.9932692050933838,0.6834337115287781
YIL173W,YHL035C,0,-1.0050598,0.1317434012889862,0.9932692050933838,0.6835341453552246
YNL027W,YKR020W,0,-1.0062121,0.13172660768032074,0.9932692050933838,0.6836345195770264
YKR026C,YPL033C,0,-1.0063082,0.13170979917049408,0.9932692050933838,0.6837349534034729
YDR487C,YHR056C,0,-1.0068722,0.1316930204629898,0.9932692050933838,0.6838353276252747
YNL188W,YAL048C,0,-1.0070254,0.13167622685432434,0.9932692050933838,0.6839357614517212
YDR111C,YER005W,0,-1.0072898,0.13165944814682007,0.9932692050933838,0.684036135673523
YKL095W,YEL015W,0,-1.0075592,0.1316426694393158,0.9932692050933838,0.6841365694999695
YJL085W,YML005W,0,-1.0075936,0.13162589073181152,0.9932692050933838,0.6842369437217712
YLR097C,YFR015C,0,-1.0086948,0.13160912692546844,0.9932692050933838,0.6843373775482178
YDR421W,YNL221C,0,-1.0090187,0.13159236311912537,0.9932692050933838,0.6844377517700195
YDR217C,YPR032W,0,-1.0094876,0.1315755993127823,0.9932692050933838,0.6845381259918213
YKL218C,YLR170C,0,-1.0107298,0.1315588355064392,0.9932692050933838,0.6846385598182678
YOR304C-A,YPL103C,0,-1.0110966,0.13154208660125732,0.9932692050933838,0.6847389340400696
YML016C,YCL051W,0,-1.0126376,0.13152533769607544,0.9932692050933838,0.6848393678665161
YJL144W,YDR416W,0,-1.0129223,0.13150858879089355,0.9932692050933838,0.6849397420883179
YPR118W,YDR041W,0,-1.0134829,0.13149185478687286,0.9932692050933838,0.6850401759147644
YML016C,YAL062W,0,-1.013696,0.13147512078285217,0.9932692050933838,0.6851405501365662
YMR020W,YGR123C,0,-1.0143018,0.13145838677883148,0.9932692050933838,0.6852409839630127
YEL043W,YGL040C,0,-1.014433,0.1314416527748108,0.9932692050933838,0.6853413581848145
YHR119W,YHR006W,0,-1.0145756,0.1314249336719513,0.9932692050933838,0.685441792011261
YGL205W,YER090W,0,-1.0145972,0.1314082145690918,0.9932692050933838,0.6855421662330627
YJR053W,YEL027W,0,-1.0153304,0.1313915103673935,0.9932692050933838,0.6856426000595093
YBR034C,YKL043W,0,-1.0154706,0.131374791264534,0.9932692050933838,0.685742974281311
YOL070C,YLR213C,0,-1.0161405,0.1313580870628357,0.9932692050933838,0.6858433485031128
YPL233W,YNL020C,0,-1.0174564,0.1313413828611374,0.9932692050933838,0.6859437823295593
YOL158C,YOL112W,0,-1.0178268,0.13132469356060028,0.9932692050933838,0.6860441565513611
YNL202W,YLL053C,0,-1.0181214,0.13130798935890198,0.9932692050933838,0.6861445903778076
YGL158W,YDR166C,0,-1.0186584,0.13129130005836487,0.9932692050933838,0.6862449645996094
YFR001W,YCL048W,0,-1.0190818,0.13127462565898895,0.9932692050933838,0.6863453984260559
YCL061C,YFR025C,0,-1.0191653,0.13125793635845184,0.9932692050933838,0.6864457726478577
YKL059C,YOL096C,0,-1.020364,0.13124126195907593,0.9932692050933838,0.6865462064743042
YBR015C,YPR171W,0,-1.0204548,0.1312245875597,0.9932692050933838,0.686646580696106
YDL043C,YOL111C,0,-1.0213568,0.1312079280614853,0.9932692050933838,0.6867470145225525
YDR093W,YMR313C,0,-1.0217655,0.13119126856327057,0.9932692050933838,0.6868473887443542
YBR214W,YDR512C,0,-1.0220718,0.13117460906505585,0.9932692050933838,0.686947762966156
YPR024W,YER030W,0,-1.0222011,0.13115794956684113,0.9932692050933838,0.6870481967926025
YAL031C,YFR005C,0,-1.0232818,0.1311412900686264,0.9932692050933838,0.6871485710144043
YEL051W,YNL191W,0,-1.0242764,0.13112464547157288,0.9932692050933838,0.6872490048408508
YML056C,YLR381W,0,-1.024645,0.13110801577568054,0.9932692050933838,0.6873493790626526
YPL065W,YPL176C,0,-1.0247087,0.13109137117862701,0.9932692050933838,0.6874498128890991
YBL093C,YPR184W,0,-1.025328,0.13107474148273468,0.9932692050933838,0.6875501871109009
YPL186C,YDR098C,0,-1.0266175,0.13105811178684235,0.9932692050933838,0.6876506209373474
YJR109C,YDR234W,0,-1.0278912,0.13104148209095,0.9932692050933838,0.6877509951591492
YDR252W,YKL011C,0,-1.0286087,0.13102486729621887,0.9932692050933838,0.6878514289855957
YJL005W,YJR138W,0,-1.0291448,0.13100823760032654,0.9932692050933838,0.6879518032073975
YEL032W,YDR040C,0,-1.0295112,0.1309916377067566,0.9932692050933838,0.688052237033844
YKR077W,YOR250C,0,-1.029885,0.13097502291202545,0.9932692050933838,0.6881526112556458
YKL061W,YCR030C,0,-1.0311476,0.1309584230184555,0.9932692050933838,0.6882529854774475
YKR037C,YHR149C,0,-1.0321447,0.13094182312488556,0.9932692050933838,0.688353419303894
YLR188W,YLL043W,0,-1.032286,0.1309252232313156,0.9932692050933838,0.6884537935256958
YBR046C,YKL004W,0,-1.0330728,0.13090862333774567,0.9932692050933838,0.6885542273521423
YOR357C,YOR298W,0,-1.0339657,0.13089203834533691,0.9932692050933838,0.6886546015739441
YBR028C,YCL035C,0,-1.0343127,0.13087545335292816,0.9932692050933838,0.6887550354003906
YBR040W,YPL087W,0,-1.0351903,0.1308588832616806,0.9932692050933838,0.6888554096221924
YEL006W,YDR127W,0,-1.0367479,0.13084229826927185,0.9932692050933838,0.6889558434486389
YBL057C,YHR025W,0,-1.0368004,0.1308257281780243,0.9932692050933838,0.6890562176704407
YMR198W,YNL142W,0,-1.0381403,0.13080917298793793,0.9932692050933838,0.6891566514968872
YJL214W,YML088W,0,-1.0386803,0.13079260289669037,0.9932692050933838,0.689257025718689
YLL018C,YDL143W,0,-1.0408361,0.130776047706604,0.9932692050933838,0.6893573999404907
YEL030W,YJL164C,0,-1.041123,0.13075949251651764,0.9932692050933838,0.6894578337669373
YOR138C,YLR265C,0,-1.0427963,0.13074293732643127,0.9932692050933838,0.689558207988739
YAL051W,YER089C,0,-1.0430189,0.1307263970375061,0.9932692050933838,0.6896586418151855
YEL018W,YNL084C,0,-1.0441592,0.13070985674858093,0.9932692050933838,0.6897590160369873
YHR202W,YER110C,0,-1.0444307,0.13069331645965576,0.9932692050933838,0.6898594498634338
YDR347W,YKR053C,0,-1.0445514,0.13067679107189178,0.9932692050933838,0.6899598240852356
YBR180W,YLL048C,0,-1.045622,0.1306602507829666,0.9932692050933838,0.6900602579116821
YML067C,YCL014W,0,-1.0459452,0.13064374029636383,0.9932692050933838,0.6901606321334839
YIL098C,YNR030W,0,-1.0467843,0.13062721490859985,0.9932692050933838,0.6902610659599304
YER153C,YPL140C,0,-1.0474927,0.13061068952083588,0.9932692050933838,0.6903614401817322
YJR054W,YGR288W,0,-1.0478303,0.1305941790342331,0.9932692050933838,0.6904618740081787
YDL200C,YOR080W,0,-1.0481033,0.1305776834487915,0.9932692050933838,0.6905622482299805
YHR184W,YAR010C,0,-1.0485915,0.13056117296218872,0.9932692050933838,0.6906626224517822
YBL091C-A,YDR205W,0,-1.0486215,0.13054467737674713,0.9932692050933838,0.6907630562782288
YNR032C-A,YGL168W,0,-1.048917,0.13052818179130554,0.9932692050933838,0.6908634305000305
YLL066C,YBR050C,0,-1.049252,0.13051168620586395,0.9932692050933838,0.690963864326477
YDR263C,YML085C,0,-1.04953,0.13049520552158356,0.9932692050933838,0.6910642385482788
YGR189C,YGR165W,0,-1.050077,0.13047870993614197,0.9932692050933838,0.6911646723747253
YDR464W,YPL134C,0,-1.0510101,0.13046224415302277,0.9932692050933838,0.6912650465965271
YGR216C,YOL070C,0,-1.0511975,0.13044576346874237,0.9932692050933838,0.6913654804229736
YKL082C,YHR087W,1,-1.0522387,0.13055555522441864,0.9942307472229004,0.6913654804229736
YIL035C,YNL076W,0,-1.0538374,0.13053907454013824,0.9942307472229004,0.6914658546447754
YGR099W,YOL112W,0,-1.0545763,0.13052259385585785,0.9942307472229004,0.6915662884712219
YJR065C,YLR239C,0,-1.0546787,0.13050612807273865,0.9942307472229004,0.6916666626930237
YEL001C,YKL069W,0,-1.0547478,0.13048964738845825,0.9942307472229004,0.6917670965194702
YLR118C,YOR290C,0,-1.0549835,0.13047318160533905,0.9942307472229004,0.691867470741272
YOR374W,YIL148W,0,-1.0554178,0.13045673072338104,0.9942307472229004,0.6919678449630737
YOR174W,YML099C,0,-1.0556675,0.13044026494026184,0.9942307472229004,0.6920682787895203
YJL143W,YDR517W,0,-1.05595,0.13042381405830383,0.9942307472229004,0.692168653011322
YGR199W,YMR042W,0,-1.0562412,0.13040736317634583,0.9942307472229004,0.6922690868377686
YBL047C,YBR028C,0,-1.0565927,0.130390927195549,0.9942307472229004,0.6923694610595703
YDR108W,YNL026W,0,-1.0575526,0.130374476313591,0.9942307472229004,0.6924698948860168
YFL038C,YOR117W,0,-1.0579516,0.1303580403327942,0.9942307472229004,0.6925702691078186
YJL046W,YDR240C,0,-1.0587997,0.13034160435199738,0.9942307472229004,0.6926707029342651
YJL046W,YNL273W,0,-1.0590482,0.13032518327236176,0.9942307472229004,0.6927710771560669
YER098W,YBL088C,0,-1.0593653,0.13030876219272614,0.9942307472229004,0.6928715109825134
YGL067W,YLR377C,0,-1.0595189,0.13029234111309052,0.9942307472229004,0.6929718852043152
YBR033W,YKL212W,0,-1.0598166,0.1302759200334549,0.9942307472229004,0.6930722594261169
YLR386W,YIL137C,0,-1.0599893,0.13025951385498047,0.9942307472229004,0.6931726932525635
YLR385C,YLR427W,0,-1.0606022,0.13024310767650604,0.9942307472229004,0.6932730674743652
YGL073W,YPL087W,0,-1.0606239,0.13022670149803162,0.9942307472229004,0.6933735013008118
YGL003C,YML028W,0,-1.0611221,0.1302102953195572,0.9942307472229004,0.6934738755226135
YMR039C,YNL325C,0,-1.0614631,0.13019390404224396,0.9942307472229004,0.6935743093490601
YGR094W,YDL146W,0,-1.0630337,0.13017751276493073,0.9942307472229004,0.6936746835708618
YBL101W-A,YNL080C,0,-1.0645378,0.1301611214876175,0.9942307472229004,0.6937751173973083
YMR098C,YMR172W,0,-1.0654984,0.13014474511146545,0.9942307472229004,0.6938754916191101
YDL200C,YKL171W,0,-1.0655864,0.13012836873531342,0.9942307472229004,0.6939759254455566
YPL074W,YDL134C,0,-1.0658634,0.13011199235916138,0.9942307472229004,0.6940762996673584
YPR152C,YMR247C,0,-1.0666907,0.13009561598300934,0.9942307472229004,0.6941767334938049
YBL112C,YDR065W,0,-1.0678803,0.1300792545080185,0.9942307472229004,0.6942771077156067
YJL058C,YFR037C,0,-1.0678992,0.13006289303302765,0.9942307472229004,0.6943774819374084
YPL001W,YLR263W,0,-1.0680919,0.1300465315580368,0.9942307472229004,0.694477915763855
YLR088W,YKL041W,0,-1.0686653,0.13003018498420715,0.9942307472229004,0.6945782899856567
YLR134W,YJR052W,0,-1.0688276,0.1300138384103775,0.9942307472229004,0.6946787238121033
YDL056W,YOL096C,0,-1.069752,0.12999749183654785,0.9942307472229004,0.694779098033905
YLR011W,YOL103W,0,-1.0716684,0.1299811452627182,0.9942307472229004,0.6948795318603516
YPR010C,YNL281W,0,-1.0732994,0.12996481359004974,0.9942307472229004,0.6949799060821533
YER028C,YDR019C,0,-1.0736924,0.1299484670162201,0.9942307472229004,0.6950803399085999
YOR386W,YPL048W,0,-1.0737934,0.12993215024471283,0.9942307472229004,0.6951807141304016
YEL053C,YPR006C,0,-1.0739372,0.12991581857204437,0.9942307472229004,0.6952811479568481
YDL019C,YJL057C,0,-1.0743155,0.1298995018005371,0.9942307472229004,0.6953815221786499
YBR156C,YPL149W,0,-1.0743456,0.12988318502902985,0.9942307472229004,0.6954819560050964
YMR009W,YNL288W,0,-1.0748597,0.12986686825752258,0.9942307472229004,0.6955823302268982
YCR075C,YLL031C,0,-1.0764934,0.12985055148601532,0.9942307472229004,0.6956827044487
YER150W,YBL072C,0,-1.0766141,0.12983424961566925,0.9942307472229004,0.6957831382751465
YDR032C,YJL058C,0,-1.0766963,0.12981794774532318,0.9942307472229004,0.6958835124969482
YER022W,YOR237W,0,-1.0768102,0.1298016607761383,0.9942307472229004,0.6959839463233948
YDR108W,YLR023C,0,-1.0770802,0.12978535890579224,0.9942307472229004,0.6960843205451965
YPL042C,YGR218W,0,-1.0778247,0.12976907193660736,0.9942307472229004,0.6961847543716431
YOR147W,YLR092W,0,-1.0784729,0.12975278496742249,0.9942307472229004,0.6962851285934448
YPL119C,YDR130C,0,-1.078553,0.1297365128993988,0.9942307472229004,0.6963855624198914
YBR192W,YER161C,0,-1.079147,0.12972024083137512,0.9942307472229004,0.6964859366416931
YMR281W,YAL024C,0,-1.0797057,0.12970396876335144,0.9942307472229004,0.6965863704681396
YNL012W,YAL043C,0,-1.0802538,0.12968769669532776,0.9942307472229004,0.6966867446899414
YNL231C,YDL227C,0,-1.0810543,0.12967143952846527,0.9942307472229004,0.6967871189117432
YDR289C,YDR013W,0,-1.0815868,0.1296551674604416,0.9942307472229004,0.6968875527381897
YCL074W,YBR261C,0,-1.0826352,0.1296389102935791,0.9942307472229004,0.6969879269599915
YOL102C,YGL198W,0,-1.0841414,0.1296226680278778,0.9942307472229004,0.697088360786438
YJL140W,YDL135C,0,-1.0849739,0.12960641086101532,0.9942307472229004,0.6971887350082397
YBR202W,YGR199W,0,-1.0852324,0.12959016859531403,0.9942307472229004,0.6972891688346863
YPL098C,YPR028W,0,-1.0864285,0.12957394123077393,0.9942307472229004,0.697389543056488
YLR266C,YDL019C,0,-1.0866115,0.12955769896507263,0.9942307472229004,0.6974899768829346
YAL013W,YER155C,0,-1.086992,0.12954147160053253,0.9942307472229004,0.6975903511047363
YLR459W,YJR121W,0,-1.0875115,0.12952524423599243,0.9942307472229004,0.6976907849311829
YLR016C,YOR049C,0,-1.0875188,0.12950901687145233,0.9942307472229004,0.6977911591529846
YHR211W,YML005W,0,-1.0875368,0.12949280440807343,0.9942307472229004,0.6978915929794312
YKL116C,YOR192C,0,-1.0875993,0.12947657704353333,0.9942307472229004,0.6979919672012329
YKL064W,YLL019C,0,-1.0877306,0.1294603794813156,0.9942307472229004,0.6980923414230347
YGL045W,YLR131C,0,-1.0882711,0.1294441670179367,0.9942307472229004,0.6981927752494812
YDR218C,YER061C,0,-1.088975,0.129427969455719,0.9942307472229004,0.698293149471283
YJL095W,YOL158C,0,-1.0896798,0.12941177189350128,0.9942307472229004,0.6983935832977295
YMR051C,YPR141C,0,-1.0900939,0.12939557433128357,0.9942307472229004,0.6984939575195312
YOR291W,YLR430W,0,-1.0946641,0.12937937676906586,0.9942307472229004,0.6985943913459778
YCR047C,YFL009W,1,-1.0948013,0.12948830425739288,0.995192289352417,0.6985943913459778
YDR388W,YML070W,0,-1.0948515,0.12947210669517517,0.995192289352417,0.6986947655677795
YPR113W,YHR181W,0,-1.0950625,0.12945590913295746,0.995192289352417,0.6987951993942261
YOR172W,YJL153C,0,-1.0968533,0.12943972647190094,0.995192289352417,0.6988955736160278
YGR085C,YDL099W,0,-1.0973556,0.12942352890968323,0.995192289352417,0.6989960074424744
YNL223W,YNL025C,0,-1.0976727,0.1294073462486267,0.995192289352417,0.6990963816642761
YMR205C,YLR239C,0,-1.0995492,0.12939117848873138,0.995192289352417,0.6991968154907227
YGR099W,YLR086W,0,-1.0999689,0.12937499582767487,0.995192289352417,0.6992971897125244
YNL007C,YBR020W,0,-1.0999753,0.12935882806777954,0.995192289352417,0.6993975639343262
YHR154W,YIR002C,0,-1.1009014,0.12934266030788422,0.995192289352417,0.6994979977607727
YDL024C,YDR174W,0,-1.1013253,0.12932650744915009,0.995192289352417,0.6995983719825745
YDL106C,YPL210C,0,-1.1014634,0.12931033968925476,0.995192289352417,0.699698805809021
YBR125C,YGL167C,0,-1.101594,0.12929418683052063,0.995192289352417,0.6997991800308228
YER150W,YHR211W,0,-1.1018237,0.1292780488729477,0.995192289352417,0.6998996138572693
YOR347C,YMR176W,0,-1.1018558,0.12926189601421356,0.995192289352417,0.699999988079071
YDR356W,YIL109C,0,-1.1021185,0.12924575805664062,0.995192289352417,0.7001004219055176
YLR248W,YNR035C,0,-1.1023264,0.1292296200990677,0.995192289352417,0.7002007961273193
YJR139C,YPR001W,0,-1.1032497,0.12921348214149475,0.995192289352417,0.7003012299537659
YDR448W,YDR486C,0,-1.1033568,0.129197359085083,0.995192289352417,0.7004016041755676
YMR115W,YOL122C,0,-1.1039577,0.12918122112751007,0.995192289352417,0.7005019783973694
YGR174C,YNL046W,0,-1.1044252,0.12916511297225952,0.995192289352417,0.7006024122238159
YDR545W,YJL101C,0,-1.1044296,0.12914898991584778,0.995192289352417,0.7007027864456177
YDR224C,YNL012W,0,-1.1049031,0.12913288176059723,0.995192289352417,0.7008032202720642
YEL050C,YMR322C,0,-1.1052173,0.12911677360534668,0.995192289352417,0.700903594493866
YGR060W,YPL061W,0,-1.1057512,0.12910066545009613,0.995192289352417,0.7010040283203125
YGR106C,YNL208W,0,-1.1059146,0.12908455729484558,0.995192289352417,0.7011044025421143
YNL066W,YLR373C,0,-1.1065212,0.12906846404075623,0.995192289352417,0.7012048363685608
YJL030W,YDR276C,0,-1.1071774,0.12905237078666687,0.995192289352417,0.7013052105903625
YPL145C,YPL224C,0,-1.107867,0.12903627753257751,0.995192289352417,0.7014056444168091
YMR268W-A,YDR536W,0,-1.1082013,0.12902019917964935,0.995192289352417,0.7015060186386108
YDR196C,YLR220W,0,-1.1082039,0.12900410592556,0.995192289352417,0.7016064524650574
YGL016W,YMR210W,0,-1.1083493,0.12898804247379303,0.995192289352417,0.7017068266868591
YLR289W,YPL049C,0,-1.1088793,0.12897196412086487,0.995192289352417,0.7018072009086609
YLR004C,YOR090C,0,-1.1103182,0.1289559006690979,0.995192289352417,0.7019076347351074
YDL028C,YOL078W,0,-1.1107893,0.12893982231616974,0.995192289352417,0.7020080089569092
YPR086W,YDL235C,0,-1.1109269,0.12892377376556396,0.995192289352417,0.7021084427833557
YOR175C,YDR529C,0,-1.1115175,0.128907710313797,0.995192289352417,0.7022088170051575
YLR157C,YBR142W,0,-1.1118562,0.12889166176319122,0.995192289352417,0.702309250831604
YHR156C,YOR384W,0,-1.1125914,0.12887561321258545,0.995192289352417,0.7024096250534058
YOL038W,YBR049C,0,-1.1132188,0.12885956466197968,0.995192289352417,0.7025100588798523
YEL041W,YJL164C,0,-1.1138227,0.1288435161113739,0.995192289352417,0.702610433101654
YLR330W,YER142C,0,-1.1157912,0.12882748246192932,0.995192289352417,0.7027108669281006
YML058W-A,YOR038C,0,-1.1171566,0.12881144881248474,0.995192289352417,0.7028112411499023
YMR090W,YNL271C,0,-1.1186877,0.12879541516304016,0.995192289352417,0.7029116749763489
YDR100W,YGR034W,0,-1.1190982,0.12877939641475677,0.995192289352417,0.7030120491981506
YDL217C,YLR328W,0,-1.119694,0.1287633776664734,0.995192289352417,0.7031124234199524
YPL224C,YPL262W,0,-1.1200111,0.12874735891819,0.995192289352417,0.7032128572463989
YCR009C,YDL135C,0,-1.1204817,0.12873134016990662,0.995192289352417,0.7033132314682007
YBR150C,YML080W,0,-1.1232487,0.12871533632278442,0.995192289352417,0.7034136652946472
YIL030C,YLR312W-A,0,-1.1237206,0.12869933247566223,0.995192289352417,0.703514039516449
YLR260W,YCR036W,0,-1.1252464,0.12868332862854004,0.995192289352417,0.7036144733428955
YNL293W,YGR047C,0,-1.1252772,0.12866732478141785,0.995192289352417,0.7037148475646973
YPL244C,YGL251C,0,-1.1254654,0.12865133583545685,0.995192289352417,0.7038152813911438
YKR103W,YDR268W,0,-1.1256769,0.12863534688949585,0.995192289352417,0.7039156556129456
YJR005W,YGL123W,0,-1.1257774,0.12861935794353485,0.995192289352417,0.7040160894393921
YPL281C,YDR128W,0,-1.1268358,0.12860338389873505,0.995192289352417,0.7041164636611938
YDR009W,YPR011C,0,-1.1270272,0.12858739495277405,0.995192289352417,0.7042168378829956
YMR017W,YHR201C,0,-1.1273445,0.12857143580913544,0.995192289352417,0.7043172717094421
YOR159C,YNL317W,0,-1.128112,0.12855546176433563,0.995192289352417,0.7044176459312439
YKR103W,YOR049C,0,-1.1283453,0.12853948771953583,0.995192289352417,0.7045180797576904
YNL268W,YOL140W,0,-1.1286077,0.12852352857589722,0.995192289352417,0.7046184539794922
YOL029C,YHR005C,0,-1.1297648,0.1285075694322586,0.995192289352417,0.7047188878059387
YDL097C,YAR007C,0,-1.1299946,0.1284916251897812,0.995192289352417,0.7048192620277405
YDR055W,YGR224W,0,-1.1308706,0.12847566604614258,0.995192289352417,0.704919695854187
YER032W,YDR463W,0,-1.1319294,0.12845972180366516,0.995192289352417,0.7050200700759888
YNR020C,YCL034W,0,-1.1325011,0.12844377756118774,0.995192289352417,0.7051205039024353
YCL032W,YLR360W,0,-1.1325275,0.12842784821987152,0.995192289352417,0.7052208781242371
YCL061C,YLR299W,0,-1.1327548,0.1284119039773941,0.995192289352417,0.7053213119506836
YBR035C,YLL057C,0,-1.1334429,0.12839597463607788,0.995192289352417,0.7054216861724854
YDR069C,YER074W,0,-1.1338016,0.12838006019592285,0.995192289352417,0.7055220603942871
YGL183C,YPR120C,0,-1.1340444,0.12836413085460663,0.995192289352417,0.7056224942207336
YJR049C,YDR463W,0,-1.1347741,0.1283482164144516,0.995192289352417,0.7057228684425354
YOR226C,YLR206W,0,-1.1349928,0.12833230197429657,0.995192289352417,0.7058233022689819
YHR060W,YER178W,0,-1.1353967,0.12831638753414154,0.995192289352417,0.7059236764907837
YBL007C,YDL134C,0,-1.1353974,0.1283004879951477,0.995192289352417,0.7060241103172302
YMR247C,YLL038C,0,-1.1365769,0.12828458845615387,0.995192289352417,0.706124484539032
YDR356W,YBR162C,0,-1.1375546,0.12826868891716003,0.995192289352417,0.7062249183654785
YDL210W,YER162C,0,-1.1380186,0.1282527893781662,0.995192289352417,0.7063252925872803
YBR273C,YDR007W,0,-1.1381083,0.12823690474033356,0.995192289352417,0.7064257264137268
YNR055C,YPR133C,0,-1.1381938,0.12822100520133972,0.995192289352417,0.7065261006355286
YHL025W,YFR041C,0,-1.13836,0.12820513546466827,0.995192289352417,0.7066265344619751
YBR129C,YMR076C,0,-1.1389579,0.12818925082683563,0.995192289352417,0.7067269086837769
YEL051W,YDR092W,0,-1.1409825,0.12817338109016418,0.995192289352417,0.7068272829055786
YDR421W,YBL093C,0,-1.1411762,0.12815749645233154,0.995192289352417,0.7069277167320251
YER008C,YOL123W,0,-1.1418395,0.1281416416168213,0.995192289352417,0.7070280909538269
YDR435C,YAL048C,0,-1.1440375,0.12812577188014984,0.995192289352417,0.7071285247802734
YOR155C,YCR093W,0,-1.1448038,0.1281099170446396,0.995192289352417,0.7072288990020752
YPR086W,YML032C,0,-1.1450046,0.12809406220912933,0.995192289352417,0.7073293328285217
YGR179C,YJR032W,0,-1.1456647,0.12807820737361908,0.995192289352417,0.7074297070503235
YBR208C,YGL174W,0,-1.1459651,0.12806236743927002,0.995192289352417,0.70753014087677
YBR123C,YPR028W,0,-1.1460632,0.12804651260375977,0.995192289352417,0.7076305150985718
YKL058W,YML129C,0,-1.1465825,0.1280306726694107,0.995192289352417,0.7077309489250183
YER050C,YJL172W,0,-1.147775,0.12801484763622284,0.995192289352417,0.7078313231468201
YHR101C,YJR010C-A,0,-1.1492803,0.12799900770187378,0.995192289352417,0.7079316973686218
YOR019W,YDL124W,0,-1.1495112,0.1279831826686859,0.995192289352417,0.7080321311950684
YPR180W,YGR112W,0,-1.1501415,0.12796735763549805,0.995192289352417,0.7081325054168701
YNL158W,YCL069W,0,-1.151132,0.12795153260231018,0.995192289352417,0.7082329392433167
YOR353C,YOR158W,0,-1.1515238,0.1279357224702835,0.995192289352417,0.7083333134651184
YKL024C,YCR094W,0,-1.1524519,0.12791991233825684,0.995192289352417,0.7084337472915649
YLR097C,YDR330W,0,-1.1524998,0.12790410220623016,0.995192289352417,0.7085341215133667
YOL144W,YER045C,0,-1.1529179,0.1278882920742035,0.995192289352417,0.7086345553398132
YER032W,YJR068W,0,-1.1532251,0.127872496843338,0.995192289352417,0.708734929561615
YBR212W,YMR105C,0,-1.1542814,0.12785670161247253,0.995192289352417,0.7088353633880615
YBR208C,YOL090W,0,-1.1543324,0.12784090638160706,0.995192289352417,0.7089357376098633
YAL031C,YNL192W,0,-1.1546959,0.12782512605190277,0.995192289352417,0.7090361714363098
YPR160W,YMR055C,0,-1.1559424,0.1278093308210373,0.995192289352417,0.7091365456581116
YKL005C,YKL029C,0,-1.1564999,0.127793550491333,0.995192289352417,0.7092369198799133
YCL052C,YMR038C,0,-1.1569836,0.12777778506278992,0.995192289352417,0.7093373537063599
YJR150C,YLR113W,0,-1.1575387,0.12776200473308563,0.995192289352417,0.7094377279281616
YNL026W,YGL123W,0,-1.158432,0.12774623930454254,0.995192289352417,0.7095381617546082
YOL090W,YIL005W,0,-1.158907,0.12773047387599945,0.995192289352417,0.7096385359764099
YBR080C,YOR221C,0,-1.15923,0.12771470844745636,0.995192289352417,0.7097389698028564
YBR028C,YBR183W,0,-1.1593654,0.12769895792007446,0.995192289352417,0.7098393440246582
YKL197C,YNL138W-A,0,-1.1599214,0.12768319249153137,0.995192289352417,0.7099397778511047
YPR035W,YNL103W,0,-1.1604218,0.12766744196414948,0.995192289352417,0.7100401520729065
YIL014W,YOL055C,0,-1.1604458,0.12765170633792877,0.995192289352417,0.710140585899353
YHR092C,YHR039C-B,0,-1.1605806,0.12763595581054688,0.995192289352417,0.7102409601211548
YML012W,YDR268W,0,-1.1610407,0.12762022018432617,0.995192289352417,0.7103413939476013
YPR149W,YMR229C,0,-1.1619029,0.12760448455810547,0.995192289352417,0.7104417681694031
YFL047W,YLL001W,0,-1.16398,0.12758876383304596,0.995192289352417,0.7105421423912048
YGR271W,YJR083C,0,-1.1645304,0.12757302820682526,0.995192289352417,0.7106425762176514
YLL006W,YBR185C,0,-1.1645389,0.12755730748176575,0.995192289352417,0.7107429504394531
YBR145W,YKL093W,0,-1.164841,0.12754158675670624,0.995192289352417,0.7108433842658997
YDL139C,YGL090W,0,-1.1653421,0.12752588093280792,0.995192289352417,0.7109437584877014
YLL026W,YML070W,0,-1.1658983,0.1275101602077484,0.995192289352417,0.711044192314148
YNL076W,YOR388C,0,-1.1676202,0.1274944543838501,0.995192289352417,0.7111445665359497
YNL339C,YPL040C,0,-1.1681337,0.12747874855995178,0.995192289352417,0.7112450003623962
YNL046W,YGR199W,0,-1.169267,0.12746305763721466,0.995192289352417,0.711345374584198
YPL022W,YPL172C,0,-1.1699406,0.12744735181331635,0.995192289352417,0.7114458084106445
YOR353C,YKL095W,0,-1.1699924,0.12743166089057922,0.995192289352417,0.7115461826324463
YGL191W,YML042W,0,-1.1700947,0.1274159848690033,0.995192289352417,0.711646556854248
YPL240C,YNL079C,0,-1.1703491,0.12740029394626617,0.995192289352417,0.7117469906806946
YGL229C,YOR034C,0,-1.1711638,0.12738461792469025,0.995192289352417,0.7118473649024963
YDR144C,YGL249W,0,-1.1718967,0.12736894190311432,0.995192289352417,0.7119477987289429
YGR258C,YOL072W,0,-1.1720134,0.1273532658815384,0.995192289352417,0.7120481729507446
YOL135C,YGL040C,0,-1.1731092,0.12733760476112366,0.995192289352417,0.7121486067771912
YOL147C,YPL049C,0,-1.1732785,0.12732192873954773,0.995192289352417,0.7122489809989929
YJL045W,YML059C,0,-1.1733778,0.127306267619133,0.995192289352417,0.7123494148254395
YJR155W,YDL108W,0,-1.1738782,0.12729062139987946,0.995192289352417,0.7124497890472412
YNR072W,YJL035C,0,-1.1741464,0.12727496027946472,0.995192289352417,0.7125502228736877
YGL203C,YFL039C,0,-1.1741822,0.12725931406021118,0.995192289352417,0.7126505970954895
YBR101C,YJL066C,0,-1.1741947,0.12724366784095764,0.995192289352417,0.712751030921936
YDR062W,YBL085W,0,-1.174438,0.1272280216217041,0.995192289352417,0.7128514051437378
YDR080W,YER190W,0,-1.1747451,0.12721239030361176,0.995192289352417,0.7129517793655396
YMR218C,YNR013C,0,-1.1761078,0.1271967589855194,0.995192289352417,0.7130522131919861
YER014W,YBR188C,0,-1.1765847,0.12718112766742706,0.995192289352417,0.7131525874137878
YKL174C,YOL055C,0,-1.1766803,0.12716549634933472,0.995192289352417,0.7132530212402344
YOR132W,YLR181C,0,-1.176698,0.12714987993240356,0.995192289352417,0.7133533954620361
YPR005C,YNL188W,0,-1.1774535,0.1271342635154724,0.995192289352417,0.7134538292884827
YGL092W,YER155C,0,-1.177607,0.12711864709854126,0.995192289352417,0.7135542035102844
YBR196C,YJR131W,0,-1.1785997,0.1271030306816101,0.995192289352417,0.713654637336731
YMR227C,YDR127W,0,-1.1786559,0.12708742916584015,0.995192289352417,0.7137550115585327
YDR359C,YPR071W,0,-1.1791964,0.1270718276500702,0.995192289352417,0.7138554453849792
YNL289W,YOR374W,0,-1.1794043,0.12705622613430023,0.995192289352417,0.713955819606781
YPL203W,YDR429C,0,-1.1796031,0.12704062461853027,0.995192289352417,0.7140562534332275
YOR047C,YLR207W,0,-1.180088,0.1270250380039215,0.995192289352417,0.7141566276550293
YBR050C,YGR286C,0,-1.1804693,0.12700945138931274,0.995192289352417,0.714257001876831
YHR172W,YMR183C,0,-1.1806089,0.12699386477470398,0.995192289352417,0.7143574357032776
YNL096C,YDR040C,0,-1.1840456,0.12697827816009521,0.995192289352417,0.7144578099250793
YER130C,YPL171C,0,-1.1840489,0.12696270644664764,0.995192289352417,0.7145582437515259
YDR130C,YNR052C,0,-1.1846555,0.12694713473320007,0.995192289352417,0.7146586179733276
YHL003C,YER091C,0,-1.1861184,0.1269315630197525,0.995192289352417,0.7147590517997742
YJR134C,YBR120C,0,-1.1863024,0.12691600620746613,0.995192289352417,0.7148594260215759
YOR027W,YGL206C,0,-1.1871626,0.12690043449401855,0.995192289352417,0.7149598598480225
YDR510W,YLR286C,0,-1.1872725,0.12688487768173218,0.995192289352417,0.7150602340698242
YKL203C,YDL217C,0,-1.1873538,0.126869335770607,0.995192289352417,0.7151606678962708
YER101C,YPR194C,0,-1.1884053,0.12685377895832062,0.995192289352417,0.7152610421180725
YJR096W,YMR272C,0,-1.1893132,0.12683823704719543,0.995192289352417,0.7153614163398743
YBR301W,YGR279C,0,-1.1905878,0.12682269513607025,0.995192289352417,0.7154618501663208
YBL007C,YNL056W,0,-1.1909066,0.12680715322494507,0.995192289352417,0.7155622243881226
YFL026W,YPR188C,0,-1.1922097,0.12679162621498108,0.995192289352417,0.7156626582145691
YLL067C,YDR195W,0,-1.1922296,0.1267760843038559,0.995192289352417,0.7157630324363708
YOR319W,YIL007C,0,-1.1926754,0.1267605572938919,0.995192289352417,0.7158634662628174
YBR180W,YMR307W,0,-1.1932125,0.1267450451850891,0.995192289352417,0.7159638404846191
YML124C,YMR038C,0,-1.1933148,0.12672951817512512,0.995192289352417,0.7160642743110657
YOR018W,YDR276C,0,-1.1936562,0.12671400606632233,0.995192289352417,0.7161646485328674
YLR038C,YPL087W,0,-1.1945351,0.12669849395751953,0.995192289352417,0.716265082359314
YOR372C,YLR204W,0,-1.1951627,0.12668298184871674,0.995192289352417,0.7163654565811157
YJR110W,YOR176W,0,-1.1959866,0.12666748464107513,0.995192289352417,0.7164658904075623
YDR130C,YDR347W,0,-1.1960882,0.12665198743343353,0.995192289352417,0.716566264629364
YKL181W,YDR034C,0,-1.1964169,0.12663649022579193,0.995192289352417,0.7166666388511658
YIL155C,YFR003C,0,-1.196589,0.12662099301815033,0.995192289352417,0.7167670726776123
YFL054C,YDR012W,0,-1.1966491,0.12660551071166992,0.995192289352417,0.7168674468994141
YPR036W,YML091C,0,-1.197767,0.12659001350402832,0.995192289352417,0.7169678807258606
YNL238W,YGL067W,0,-1.1980362,0.1265745311975479,0.995192289352417,0.7170682549476624
YMR210W,YBR028C,0,-1.1984917,0.1265590637922287,0.995192289352417,0.7171686887741089
YMR316W,YNL080C,0,-1.199538,0.1265435814857483,0.995192289352417,0.7172690629959106
YFR010W,YNL059C,0,-1.1995933,0.12652811408042908,0.995192289352417,0.7173694968223572
YDR179C,YIL140W,0,-1.2001847,0.12651264667510986,0.995192289352417,0.7174698710441589
YGL225W,YHR079C,0,-1.2002387,0.12649719417095184,0.995192289352417,0.7175703048706055
YDR195W,YJL041W,0,-1.2002751,0.12648172676563263,0.995192289352417,0.7176706790924072
YGL233W,YHR017W,0,-1.2020242,0.1264662742614746,0.995192289352417,0.7177711129188538
YNL078W,YOR252W,0,-1.2024391,0.1264508217573166,0.995192289352417,0.7178714871406555
YGR002C,YGL256W,0,-1.2025008,0.12643538415431976,0.995192289352417,0.7179718613624573
YHR027C,YDR137W,0,-1.2029681,0.12641993165016174,0.995192289352417,0.7180722951889038
YMR098C,YIL056W,0,-1.2053303,0.12640449404716492,0.995192289352417,0.7181726694107056
YBL007C,YDR238C,0,-1.2057018,0.1263890564441681,0.995192289352417,0.7182731032371521
YPL021W,YOL042W,0,-1.2059069,0.12637363374233246,0.995192289352417,0.7183734774589539
YAL023C,YOR084W,0,-1.2060064,0.12635819613933563,0.995192289352417,0.7184739112854004
YDR256C,YOR155C,0,-1.2061145,0.1263427734375,0.995192289352417,0.7185742855072021
YPL059W,YBR054W,0,-1.206404,0.12632735073566437,0.995192289352417,0.7186747193336487
YFR014C,YNL007C,0,-1.2067378,0.12631194293498993,0.995192289352417,0.7187750935554504
YKL002W,YNL008C,0,-1.2071437,0.1262965202331543,0.995192289352417,0.718875527381897
YOR237W,YOR240W,0,-1.2081653,0.12628111243247986,0.995192289352417,0.7189759016036987
YMR150C,YGR072W,0,-1.2116952,0.12626570463180542,0.995192289352417,0.7190762758255005
YMR256C,YNL136W,0,-1.2126958,0.12625031173229218,0.995192289352417,0.719176709651947
YLR417W,YJL081C,0,-1.2127702,0.12623490393161774,0.995192289352417,0.7192770838737488
YHL032C,YJR060W,0,-1.2128032,0.1262195110321045,0.995192289352417,0.7193775177001953
YCL057W,YMR237W,0,-1.2139688,0.12620411813259125,0.995192289352417,0.7194778919219971
YPL208W,YKL015W,0,-1.2141571,0.1261887401342392,0.995192289352417,0.7195783257484436
YDR415C,YBR294W,0,-1.2147856,0.12617334723472595,0.995192289352417,0.7196786999702454
YDL030W,YDL046W,0,-1.2150803,0.1261579692363739,0.995192289352417,0.7197791337966919
YOL062C,YOR254C,0,-1.2176435,0.12614259123802185,0.995192289352417,0.7198795080184937
YLR396C,YMR165C,0,-1.2189078,0.126127228140831,0.995192289352417,0.7199799418449402
YJL149W,YGR103W,0,-1.2192241,0.12611185014247894,0.995192289352417,0.7200803160667419
YEL037C,YDR427W,0,-1.2204419,0.12609648704528809,0.995192289352417,0.7201807498931885
YPR096C,YOR131C,0,-1.2209578,0.12608112394809723,0.995192289352417,0.7202811241149902
YAL062W,YPL078C,0,-1.2218093,0.12606577575206757,0.995192289352417,0.720381498336792
YHR079C,YHR113W,0,-1.2219366,0.1260504275560379,0.995192289352417,0.7204819321632385
YIL142W,YDR031W,0,-1.2231104,0.12603506445884705,0.995192289352417,0.7205823063850403
YNL309W,YLR052W,0,-1.2235005,0.12601973116397858,0.995192289352417,0.7206827402114868
YPL214C,YDR239C,0,-1.2241246,0.1260043829679489,0.995192289352417,0.7207831144332886
YPR017C,YJR076C,0,-1.225999,0.12598904967308044,0.995192289352417,0.7208835482597351
YFL029C,YDR517W,0,-1.2261662,0.12597371637821198,0.995192289352417,0.7209839224815369
YJL143W,YMR211W,0,-1.2266308,0.1259583830833435,0.995192289352417,0.7210843563079834
YDR218C,YMR307W,0,-1.2277222,0.12594304978847504,0.995192289352417,0.7211847305297852
YNL127W,YMR247C,0,-1.2284408,0.12592773139476776,0.995192289352417,0.7212851643562317
YKR052C,YOR243C,0,-1.2291837,0.12591241300106049,0.995192289352417,0.7213855385780334
YJR025C,YOR383C,0,-1.2294018,0.1258970946073532,0.995192289352417,0.72148597240448
YHR012W,YBR240C,0,-1.2298257,0.12588177621364594,0.995192289352417,0.7215863466262817
YIL026C,YER168C,0,-1.2300766,0.12586647272109985,0.995192289352417,0.7216867208480835
YOL103W,YOR176W,0,-1.230348,0.12585116922855377,0.995192289352417,0.72178715467453
YKL039W,YLL040C,0,-1.2305938,0.1258358657360077,0.995192289352417,0.7218875288963318
YFL039C,YIL173W,0,-1.2309663,0.1258205622434616,0.995192289352417,0.7219879627227783
YDL056W,YNR045W,0,-1.2332426,0.12580527365207672,0.995192289352417,0.7220883369445801
YJL112W,YDL195W,0,-1.2337186,0.12578998506069183,0.995192289352417,0.7221887707710266
YPR021C,YBL089W,0,-1.2339293,0.12577469646930695,0.995192289352417,0.7222891449928284
YPL147W,YJR134C,0,-1.2342896,0.12575942277908325,0.995192289352417,0.7223895788192749
YGR134W,YDR402C,0,-1.2343118,0.12574413418769836,0.995192289352417,0.7224899530410767
YGL093W,YHR090C,0,-1.2350498,0.12572886049747467,0.995192289352417,0.7225903868675232
YJL156C,YER153C,0,-1.2357771,0.12571358680725098,0.995192289352417,0.722690761089325
YJL059W,YPL174C,0,-1.2367958,0.12569832801818848,0.995192289352417,0.7227911353111267
YBR272C,YPL099C,0,-1.2372227,0.12568305432796478,0.995192289352417,0.7228915691375732
YDR100W,YDR512C,0,-1.2378013,0.12566779553890228,0.995192289352417,0.722991943359375
YPL065W,YDL140C,0,-1.2379193,0.12565253674983978,0.995192289352417,0.7230923771858215
YBR212W,YCL025C,0,-1.2385035,0.12563729286193848,0.995192289352417,0.7231927514076233
YNL273W,YOL158C,0,-1.2398437,0.12562203407287598,0.995192289352417,0.7232931852340698
YJR133W,YLR201C,0,-1.2416055,0.12560679018497467,0.995192289352417,0.7233935594558716
YLR142W,YPL115C,0,-1.242161,0.12559156119823456,0.995192289352417,0.7234939932823181
YKL110C,YGL116W,0,-1.2426114,0.12557631731033325,0.995192289352417,0.7235943675041199
YEL058W,YPL018W,0,-1.2437832,0.12556108832359314,0.995192289352417,0.7236948013305664
YLR373C,YJL186W,0,-1.2447875,0.12554584443569183,0.995192289352417,0.7237951755523682
YDL247W,YKR093W,0,-1.2456644,0.12553063035011292,0.995192289352417,0.7238956093788147
YLR258W,YLR061W,0,-1.2461089,0.1255154013633728,0.995192289352417,0.7239959836006165
YDR513W,YJL094C,0,-1.2463226,0.12550018727779388,0.995192289352417,0.7240963578224182
YKL185W,YGR058W,0,-1.2477549,0.12548497319221497,0.995192289352417,0.7241967916488647
YKL206C,YNL223W,0,-1.2486365,0.12546975910663605,0.995192289352417,0.7242971658706665
YBR191W,YPR030W,0,-1.2493888,0.12545454502105713,0.995192289352417,0.724397599697113
YIL147C,YAL034W-A,0,-1.2500241,0.1254393458366394,0.995192289352417,0.7244979739189148
YNR027W,YCL024W,0,-1.2508532,0.12542414665222168,0.995192289352417,0.7245984077453613
YHR077C,YER179W,0,-1.2510804,0.12540894746780396,0.995192289352417,0.7246987819671631
YDL123W,YMR184W,0,-1.2524691,0.12539374828338623,0.995192289352417,0.7247992157936096
YLR452C,YJL158C,0,-1.2526962,0.1253785640001297,0.995192289352417,0.7248995900154114
YPR167C,YDR244W,0,-1.2531658,0.12536336481571198,0.995192289352417,0.7250000238418579
YFR019W,YDR172W,0,-1.253711,0.12534819543361664,0.995192289352417,0.7251003980636597
YKL134C,YOR273C,0,-1.2537981,0.1253330111503601,0.995192289352417,0.7252008318901062
YNL219C,YAR009C,0,-1.2552162,0.12531784176826477,0.995192289352417,0.725301206111908
YPR067W,YPL160W,0,-1.2555952,0.12530265748500824,0.995192289352417,0.7254015803337097
YKR009C,YJR076C,0,-1.2564375,0.1252874881029129,0.995192289352417,0.7255020141601562
YDR204W,YNL292W,0,-1.2574002,0.12527233362197876,0.995192289352417,0.725602388381958
YIL156W,YDL033C,0,-1.2583536,0.12525716423988342,0.995192289352417,0.7257028222084045
YLR314C,YOR057W,0,-1.2596921,0.12524200975894928,0.995192289352417,0.7258031964302063
YBL005W-B,YDR461W,0,-1.2597399,0.12522685527801514,0.995192289352417,0.7259036302566528
YOR075W,YMR041C,0,-1.2597709,0.1252117156982422,0.995192289352417,0.7260040044784546
YPL058C,YOL004W,0,-1.2603215,0.12519656121730804,0.995192289352417,0.7261044383049011
YPL180W,YDR405W,0,-1.2608383,0.1251814216375351,0.995192289352417,0.7262048125267029
YIL020C,YOL096C,0,-1.261361,0.12516628205776215,0.995192289352417,0.7263052463531494
YER014C-A,YAL033W,0,-1.2614877,0.1251511424779892,0.995192289352417,0.7264056205749512
YOL054W,YLL024C,0,-1.2627821,0.12513601779937744,0.995192289352417,0.7265059947967529
YML048W,YOR288C,0,-1.2668738,0.12512089312076569,0.995192289352417,0.7266064286231995
YJL066C,YDR472W,0,-1.2672862,0.12510576844215393,0.995192289352417,0.7267068028450012
YGR217W,YMR184W,0,-1.2676214,0.12509064376354218,0.995192289352417,0.7268072366714478
YML043C,YDR536W,0,-1.2681873,0.1250755339860916,0.995192289352417,0.7269076108932495
YJR083C,YKL182W,0,-1.2687236,0.12506040930747986,0.995192289352417,0.727008044719696
YDL160C,YBR085W,0,-1.2707,0.1250452995300293,0.995192289352417,0.7271084189414978
YLR447C,YAL058W,0,-1.2707872,0.12503020465373993,0.995192289352417,0.7272088527679443
YLR433C,YPL139C,0,-1.2714769,0.12501509487628937,0.995192289352417,0.7273092269897461
YOR269W,YPR184W,0,-1.2717915,0.125,0.995192289352417,0.7274096608161926
YBR159W,YLR234W,0,-1.2732899,0.12498490512371063,0.995192289352417,0.7275100350379944
YEL005C,YJL158C,0,-1.2734249,0.12496981769800186,0.995192289352417,0.7276104688644409
YHR150W,YHR092C,0,-1.2737173,0.12495473027229309,0.995192289352417,0.7277108430862427
YHR037W,YNL073W,0,-1.2737458,0.12493964284658432,0.995192289352417,0.7278112173080444
YMR038C,YPL234C,0,-1.2749424,0.12492456287145615,0.995192289352417,0.727911651134491
YIL072W,YMR229C,0,-1.2759712,0.12490948289632797,0.995192289352417,0.7280120253562927
YDR229W,YDR260C,0,-1.2761152,0.1248944103717804,0.995192289352417,0.7281124591827393
YDR507C,YBR002C,0,-1.2763765,0.12487934529781342,0.995192289352417,0.728212833404541
YLL012W,YJL060W,0,-1.2765595,0.12486428022384644,0.995192289352417,0.7283132672309875
YNL041C,YOR110W,0,-1.2769423,0.12484921514987946,0.995192289352417,0.7284136414527893
YML116W,YMR061W,0,-1.2770073,0.12483415752649307,0.995192289352417,0.7285140752792358
YLR165C,YER178W,0,-1.2784758,0.12481909990310669,0.995192289352417,0.7286144495010376
YBR093C,YDL109C,0,-1.2790847,0.1248040497303009,0.995192289352417,0.7287148833274841
YNL027W,YGL167C,0,-1.2793577,0.12478900700807571,0.995192289352417,0.7288152575492859
YER087C-A,YLR100W,0,-1.2800514,0.12477395683526993,0.995192289352417,0.7289156913757324
YPL150W,YOR338W,0,-1.2817191,0.12475892156362534,0.995192289352417,0.7290160655975342
YDR301W,YMR098C,0,-1.2820687,0.12474388629198074,0.995192289352417,0.7291164398193359
YLR318W,YDR533C,0,-1.2834927,0.12472885102033615,0.995192289352417,0.7292168736457825
YGR279C,YNL012W,0,-1.2840881,0.12471382319927216,0.995192289352417,0.7293172478675842
YDR432W,YDL229W,1,-1.2845529,0.12481927871704102,0.9961538314819336,0.7293172478675842
YPR149W,YJL206C,0,-1.2852285,0.12480424344539642,0.9961538314819336,0.7294176816940308
YLR390W,YPL180W,0,-1.285482,0.12478920817375183,0.9961538314819336,0.7295180559158325
YCL029C,YPL173W,0,-1.2855847,0.12477418035268784,0.9961538314819336,0.729618489742279
YKL034W,YGL062W,0,-1.285682,0.12475915253162384,0.9961538314819336,0.7297188639640808
YAL010C,YDR528W,0,-1.2866062,0.12474413216114044,0.9961538314819336,0.7298192977905273
YJR006W,YPL163C,0,-1.2892232,0.12472911179065704,0.9961538314819336,0.7299196720123291
YBR213W,YOR070C,0,-1.2910233,0.12471409887075424,0.9961538314819336,0.7300201058387756
YLR315W,YLL038C,0,-1.2915891,0.12469908595085144,0.9961538314819336,0.7301204800605774
YBR264C,YJR143C,0,-1.2918031,0.12468408048152924,0.9961538314819336,0.7302208542823792
YCL001W,YJR112W,0,-1.2927693,0.12466907501220703,0.9961538314819336,0.7303212881088257
YPL121C,YDL029W,0,-1.293097,0.12465406954288483,0.9961538314819336,0.7304216623306274
YJL005W,YGL119W,0,-1.2931795,0.12463907897472382,0.9961538314819336,0.730522096157074
YLR318W,YNL280C,0,-1.293816,0.12462408095598221,0.9961538314819336,0.7306224703788757
YCR044C,YGR112W,0,-1.294018,0.1246090903878212,0.9961538314819336,0.7307229042053223
YHL032C,YOL053C-A,0,-1.2941793,0.12459410727024078,0.9961538314819336,0.730823278427124
YDR351W,YHR005C,0,-1.2944901,0.12457912415266037,0.9961538314819336,0.7309237122535706
YOR079C,YCR005C,0,-1.2945032,0.12456414848566055,0.9961538314819336,0.7310240864753723
YHR001W-A,YHR085W,0,-1.2945228,0.12454917281866074,0.9961538314819336,0.7311245203018188
YGL219C,YFR027W,0,-1.295903,0.12453419715166092,0.9961538314819336,0.7312248945236206
YKR069W,YNL163C,0,-1.2961491,0.1245192289352417,0.9961538314819336,0.7313253283500671
YDL223C,YDR067C,0,-1.2971699,0.12450426816940308,0.9961538314819336,0.7314257025718689
YBR162W-A,YBL103C,0,-1.2973907,0.12448930740356445,0.9961538314819336,0.7315260767936707
YJR147W,YJL059W,0,-1.2992339,0.12447434663772583,0.9961538314819336,0.7316265106201172
YGR234W,YOL138C,0,-1.3006868,0.1244593933224678,0.9961538314819336,0.731726884841919
YDR318W,YLR127C,0,-1.3012217,0.12444444745779037,0.9961538314819336,0.7318273186683655
YGR071C,YIR038C,0,-1.3016291,0.12442950159311295,0.9961538314819336,0.7319276928901672
YHR172W,YNL029C,0,-1.3026922,0.12441455572843552,0.9961538314819336,0.7320281267166138
YMR268W-A,YIL112W,0,-1.3035712,0.12439961731433868,0.9961538314819336,0.7321285009384155
YCL043C,YER139C,0,-1.3036945,0.12438467890024185,0.9961538314819336,0.7322289347648621
YFL021W,YHR014W,0,-1.3045198,0.12436974793672562,0.9961538314819336,0.7323293089866638
YMR205C,YOL122C,0,-1.3052604,0.12435481697320938,0.9961538314819336,0.7324297428131104
YGL071W,YLR439W,0,-1.3055121,0.12433989346027374,0.9961538314819336,0.7325301170349121
YOR257W,YHR168W,0,-1.3059949,0.1243249699473381,0.9961538314819336,0.7326305508613586
YGR199W,YBR268W,0,-1.3066263,0.12431005388498306,0.9961538314819336,0.7327309250831604
YJL127C,YDR332W,0,-1.3086548,0.12429513782262802,0.9961538314819336,0.7328312993049622
YDR219C,YJR040W,0,-1.3086551,0.12428022921085358,0.9961538314819336,0.7329317331314087
YLR011W,YFR040W,0,-1.3091508,0.12426532059907913,0.9961538314819336,0.7330321073532104
YIL034C,YGR169C,0,-1.3092952,0.12425041943788528,0.9961538314819336,0.733132541179657
YGL090W,YBR272C,0,-1.310049,0.12423551827669144,0.9961538314819336,0.7332329154014587
YIL026C,YAL040C,0,-1.3122689,0.12422062456607819,0.9961538314819336,0.7333333492279053
YCL008C,YIL159W,0,-1.3127378,0.12420573085546494,0.9961538314819336,0.733433723449707
YGL192W,YGR076C,0,-1.3131038,0.12419084459543228,0.9961538314819336,0.7335341572761536
YPR097W,YDR375C,0,-1.3132036,0.12417595833539963,0.9961538314819336,0.7336345314979553
YDR072C,YLR080W,0,-1.3137827,0.12416107207536697,0.9961538314819336,0.7337349653244019
YHL026C,YDR040C,0,-1.3137875,0.12414619326591492,0.9961538314819336,0.7338353395462036
YLR409C,YBR038W,0,-1.3143657,0.12413132190704346,0.9961538314819336,0.7339357137680054
YDL045W-A,YAL063C,0,-1.316325,0.124116450548172,0.9961538314819336,0.7340361475944519
YFR047C,YDL113C,0,-1.3168837,0.12410157918930054,0.9961538314819336,0.7341365218162537
YER087C-B,YER153C,0,-1.317014,0.12408671528100967,0.9961538314819336,0.7342369556427002
YHL027W,YER131W,0,-1.3170594,0.12407185882329941,0.9961538314819336,0.734337329864502
YNL103W,YDL231C,0,-1.3173363,0.12405700236558914,0.9961538314819336,0.7344377636909485
YHR099W,YHR113W,0,-1.31905,0.12404214590787888,0.9961538314819336,0.7345381379127502
YOR148C,YAL048C,0,-1.3194335,0.1240272969007492,0.9961538314819336,0.7346385717391968
YCR046C,YCR077C,0,-1.320605,0.12401244789361954,0.9961538314819336,0.7347389459609985
YGL200C,YBL068W,0,-1.3212056,0.12399760633707047,0.9961538314819336,0.7348393797874451
YLR246W,YDR466W,0,-1.3218274,0.12398276478052139,0.9961538314819336,0.7349397540092468
YJR120W,YNL008C,0,-1.3220489,0.12396793067455292,0.9961538314819336,0.7350401878356934
YBR040W,YJL082W,0,-1.3229053,0.12395309656858444,0.9961538314819336,0.7351405620574951
YDL195W,YLL043W,0,-1.3234987,0.12393826991319656,0.9961538314819336,0.7352409362792969
YCL048W,YJR068W,0,-1.3247554,0.12392344325780869,0.9961538314819336,0.7353413701057434
YLR126C,YJR010W,0,-1.3248774,0.1239086240530014,0.9961538314819336,0.7354417443275452
YPL179W,YCL039W,0,-1.3252431,0.12389380484819412,0.9961538314819336,0.7355421781539917
YER109C,YKL077W,0,-1.3263729,0.12387899309396744,0.9961538314819336,0.7356425523757935
YPL233W,YNL115C,0,-1.3272872,0.12386418133974075,0.9961538314819336,0.73574298620224
YPL173W,YGL035C,0,-1.3278394,0.12384936958551407,0.9961538314819336,0.7358433604240417
YDL061C,YML048W,0,-1.3295496,0.12383456528186798,0.9961538314819336,0.7359437942504883
YDR478W,YMR261C,0,-1.3308094,0.12381976842880249,0.9961538314819336,0.73604416847229
YGL183C,YOR270C,0,-1.332638,0.123804971575737,0.9961538314819336,0.7361446022987366
YOR091W,YPR005C,0,-1.3329511,0.12379017472267151,0.9961538314819336,0.7362449765205383
YAL021C,YIL061C,0,-1.3331851,0.12377538532018661,0.9961538314819336,0.7363454103469849
YHR139C,YER123W,0,-1.3342123,0.12376060336828232,0.9961538314819336,0.7364457845687866
YLR292C,YDR014W,0,-1.3345239,0.12374582141637802,0.9961538314819336,0.7365461587905884
YOR158W,YDR257C,0,-1.3354641,0.12373103946447372,0.9961538314819336,0.7366465926170349
YGL045W,YDR422C,0,-1.3361804,0.12371626496315002,0.9961538314819336,0.7367469668388367
YML088W,YNL180C,0,-1.3369821,0.12370149046182632,0.9961538314819336,0.7368474006652832
YDR173C,YMR053C,0,-1.3373005,0.12368672341108322,0.9961538314819336,0.736947774887085
YDL143W,YER139C,0,-1.3374243,0.12367195636034012,0.9961538314819336,0.7370482087135315
YBR016W,YOL120C,0,-1.3374574,0.12365719676017761,0.9961538314819336,0.7371485829353333
YMR022W,YAL063C,0,-1.3381493,0.1236424371600151,0.9961538314819336,0.7372490167617798
YCL061C,YLR318W,0,-1.3381588,0.1236276850104332,0.9961538314819336,0.7373493909835815
YMR109W,YKR007W,0,-1.3384559,0.12361293286085129,0.9961538314819336,0.7374498248100281
YMR115W,YDR135C,0,-1.3384912,0.12359818816184998,0.9961538314819336,0.7375501990318298
YMR264W,YHR207C,0,-1.3387017,0.12358344346284866,0.9961538314819336,0.7376505732536316
YOL132W,YJL180C,0,-1.3390993,0.12356869876384735,0.9961538314819336,0.7377510070800781
YPL130W,YBR294W,0,-1.3392681,0.12355396896600723,0.9961538314819336,0.7378513813018799
YDR490C,YPR017C,0,-1.3400195,0.12353923171758652,0.9961538314819336,0.7379518151283264
YDR039C,YNL161W,0,-1.3407247,0.1235245019197464,0.9961538314819336,0.7380521893501282
YDR306C,YPL189W,0,-1.3422506,0.12350977957248688,0.9961538314819336,0.7381526231765747
YNR010W,YDR138W,0,-1.3443146,0.12349504977464676,0.9961538314819336,0.7382529973983765
YJR021C,YDL111C,0,-1.3445096,0.12348033487796783,0.9961538314819336,0.738353431224823
YMR001C,YDR164C,0,-1.3449256,0.12346561998128891,0.9961538314819336,0.7384538054466248
YJL108C,YNL242W,0,-1.3464851,0.12345090508460999,0.9961538314819336,0.7385542392730713
YHR088W,YPL121C,0,-1.3466135,0.12343619763851166,0.9961538314819336,0.738654613494873
YDR285W,YIL098C,0,-1.3468096,0.12342149019241333,0.9961538314819336,0.7387550473213196
YAR007C,YDR075W,0,-1.348113,0.1234067901968956,0.9961538314819336,0.7388554215431213
YBR040W,YFR029W,0,-1.3487169,0.12339209020137787,0.9961538314819336,0.7389557957649231
YBL061C,YOR275C,0,-1.349492,0.12337739765644073,0.9961538314819336,0.7390562295913696
YER056C-A,YKL093W,0,-1.3500847,0.1233627051115036,0.9961538314819336,0.7391566038131714
YDR523C,YOL062C,0,-1.3501959,0.12334802001714706,0.9961538314819336,0.7392570376396179
YNL314W,YOR191W,0,-1.3502061,0.12333333492279053,0.9961538314819336,0.7393574118614197
YOR386W,YOR026W,0,-1.3506366,0.12331864982843399,0.9961538314819336,0.7394578456878662
YPL148C,YIL002C,0,-1.3508515,0.12330397218465805,0.9961538314819336,0.739558219909668
YKR031C,YLR238W,0,-1.3536477,0.12328930199146271,0.9961538314819336,0.7396586537361145
YCL036W,YJR140C,0,-1.3544502,0.12327463179826736,0.9961538314819336,0.7397590279579163
YKR027W,YBR022W,0,-1.3544677,0.12325996160507202,0.9961538314819336,0.7398594617843628
YGR292W,YML109W,0,-1.3551695,0.12324529886245728,0.9961538314819336,0.7399598360061646
YLR038C,YFL002W-A,0,-1.355521,0.12323064357042313,0.9961538314819336,0.7400602698326111
YLR390W,YPL179W,0,-1.3558408,0.12321598827838898,0.9961538314819336,0.7401606440544128
YBR156C,YIL153W,0,-1.3560156,0.12320133298635483,0.9961538314819336,0.7402610182762146
YGR276C,YMR099C,0,-1.357137,0.12318668514490128,0.9961538314819336,0.7403614521026611
YLL026W,YBR112C,0,-1.3573987,0.12317203730344772,0.9961538314819336,0.7404618263244629
YJL196C,YHR207C,0,-1.3575654,0.12315739691257477,0.9961538314819336,0.7405622601509094
YKR048C,YLL016W,0,-1.3578825,0.12314275652170181,0.9961538314819336,0.7406626343727112
YNL020C,YDL059C,0,-1.3579113,0.12312811613082886,0.9961538314819336,0.7407630681991577
YFL026W,YHR210C,0,-1.3589923,0.1231134906411171,0.9961538314819336,0.7408634424209595
YAR007C,YIR025W,0,-1.3592467,0.12309885770082474,0.9961538314819336,0.740963876247406
YDL139C,YEL022W,0,-1.3598495,0.12308423221111298,0.9961538314819336,0.7410642504692078
YJL140W,YDR425W,0,-1.3599459,0.12306961417198181,0.9961538314819336,0.7411646842956543
YMR022W,YPR046W,0,-1.3599867,0.12305499613285065,0.9961538314819336,0.741265058517456
YER165W,YOL086C,0,-1.3602114,0.12304037809371948,0.9961538314819336,0.7413654327392578
YLR459W,YDR158W,0,-1.361242,0.12302576750516891,0.9961538314819336,0.7414658665657043
YIL014W,YHR186C,0,-1.3612802,0.12301116436719894,0.9961538314819336,0.7415662407875061
YCL061C,YKR090W,0,-1.3616996,0.12299655377864838,0.9961538314819336,0.7416666746139526
YHR140W,YBR260C,0,-1.3623015,0.122981958091259,0.9961538314819336,0.7417670488357544
YDL098C,YIL088C,0,-1.3624214,0.12296736240386963,0.9961538314819336,0.7418674826622009
YPR005C,YFL018W-A,0,-1.3626571,0.12295276671648026,0.9961538314819336,0.7419678568840027
YCL039W,YGL026C,0,-1.3642796,0.12293817847967148,0.9961538314819336,0.7420682907104492
YER014W,YKL013C,0,-1.3645289,0.1229235902428627,0.9961538314819336,0.742168664932251
YKL197C,YMR261C,0,-1.3651295,0.12290900200605392,0.9961538314819336,0.7422690987586975
YLR153C,YDR067C,0,-1.3652127,0.12289442121982574,0.9961538314819336,0.7423694729804993
YHR029C,YNL230C,0,-1.3652749,0.12287984788417816,0.9961538314819336,0.7424699068069458
YLR383W,YER025W,0,-1.3670045,0.12286527454853058,0.9961538314819336,0.7425702810287476
YPR122W,YFR036W,0,-1.3684583,0.12285070866346359,0.9961538314819336,0.7426706552505493
YDL030W,YLR037C,0,-1.3694454,0.1228361427783966,0.9961538314819336,0.7427710890769958
YMR051C,YLR007W,0,-1.3698164,0.12282157689332962,0.9961538314819336,0.7428714632987976
YJR005W,YNL062C,0,-1.3701587,0.12280701845884323,0.9961538314819336,0.7429718971252441
YFR033C,YMR127C,0,-1.3714542,0.12279246002435684,0.9961538314819336,0.7430722713470459
YMR198W,YOR138C,0,-1.3716886,0.12277790904045105,0.9961538314819336,0.7431727051734924
YHR146W,YER176W,0,-1.3722297,0.12276335805654526,0.9961538314819336,0.7432730793952942
YKL179C,YDR151C,0,-1.3725022,0.12274881452322006,0.9961538314819336,0.7433735132217407
YHL038C,YLR209C,0,-1.372503,0.12273427098989487,0.9961538314819336,0.7434738874435425
YGL092W,YDR320C,0,-1.3733344,0.12271973490715027,0.9961538314819336,0.743574321269989
YDL190C,YIL009C-A,0,-1.3744531,0.12270519882440567,0.9961538314819336,0.7436746954917908
YGR008C,YDL035C,0,-1.374596,0.12269067019224167,0.9961538314819336,0.7437751293182373
YER044C-A,YGL194C,0,-1.3746439,0.12267614156007767,0.9961538314819336,0.7438755035400391
YLR459W,YNL027W,0,-1.3751639,0.12266161292791367,0.9961538314819336,0.7439758777618408
YDR254W,YER133W,0,-1.3758756,0.12264709174633026,0.9961538314819336,0.7440763115882874
YPR072W,YNL325C,0,-1.3759564,0.12263257801532745,0.9961538314819336,0.7441766858100891
YFR036W,YDR507C,0,-1.3761238,0.12261806428432465,0.9961538314819336,0.7442771196365356
YNL199C,YKL007W,0,-1.3775597,0.12260355055332184,0.9961538314819336,0.7443774938583374
YHR175W,YGR252W,0,-1.3778934,0.12258904427289963,0.9961538314819336,0.7444779276847839
YHR186C,YGL170C,0,-1.378302,0.12257453799247742,0.9961538314819336,0.7445783019065857
YLR251W,YMR308C,0,-1.3784231,0.1225600391626358,0.9961538314819336,0.7446787357330322
YOL102C,YDR507C,0,-1.379241,0.12254554033279419,0.9961538314819336,0.744779109954834
YNL008C,YDL045C,0,-1.3806205,0.12253104895353317,0.9961538314819336,0.7448795437812805
YPL177C,YJR001W,0,-1.3806372,0.12251655757427216,0.9961538314819336,0.7449799180030823
YPL001W,YOL084W,0,-1.3824769,0.12250206619501114,0.9961538314819336,0.745080292224884
YPL280W,YGR072W,0,-1.3827127,0.12248758226633072,0.9961538314819336,0.7451807260513306
YOL062C,YJR075W,0,-1.3828309,0.1224731057882309,0.9961538314819336,0.7452811002731323
YIL143C,YDR178W,0,-1.382968,0.12245862931013107,0.9961538314819336,0.7453815340995789
YPL089C,YPR024W,0,-1.383567,0.12244415283203125,0.9961538314819336,0.7454819083213806
YKL026C,YML021C,0,-1.3836174,0.12242968380451202,0.9961538314819336,0.7455823421478271
YJL216C,YDR248C,0,-1.3852103,0.1224152222275734,0.9961538314819336,0.7456827163696289
YMR100W,YPL083C,0,-1.3853369,0.12240075320005417,0.9961538314819336,0.7457831501960754
YIL014W,YOR227W,0,-1.3855219,0.12238629907369614,0.9961538314819336,0.7458835244178772
YDR231C,YBR046C,0,-1.3863859,0.12237183749675751,0.9961538314819336,0.7459839582443237
YMR117C,YPL193W,0,-1.3873444,0.12235739082098007,0.9961538314819336,0.7460843324661255
YER125W,YIL046W,0,-1.3879892,0.12234293669462204,0.9961538314819336,0.746184766292572
YMR200W,YOR080W,0,-1.3889165,0.1223284900188446,0.9961538314819336,0.7462851405143738
YOR177C,YMR226C,0,-1.3891578,0.12231405079364777,0.9961538314819336,0.7463855147361755
YGR024C,YNL339C,0,-1.3898507,0.12229961156845093,0.9961538314819336,0.7464859485626221
YPL223C,YDR096W,0,-1.3899922,0.12228517234325409,0.9961538314819336,0.7465863227844238
YNL173C,YHR168W,0,-1.3902011,0.12227074056863785,0.9961538314819336,0.7466867566108704
YGR220C,YBL088C,0,-1.3905032,0.1222563162446022,0.9961538314819336,0.7467871308326721
YBR080C,YOR127W,0,-1.3906155,0.12224188446998596,0.9961538314819336,0.7468875646591187
YDR129C,YDR496C,0,-1.3914362,0.12222746759653091,0.9961538314819336,0.7469879388809204
YLL021W,YER111C,0,-1.3917552,0.12221305072307587,0.9961538314819336,0.7470883727073669
YHR150W,YLR394W,0,-1.3926533,0.12219863384962082,0.9961538314819336,0.7471887469291687
YCL047C,YKR034W,0,-1.3928044,0.12218421697616577,0.9961538314819336,0.7472891807556152
YML094W,YJR108W,0,-1.3940903,0.12216981500387192,0.9961538314819336,0.747389554977417
YHR114W,YLR060W,0,-1.3957161,0.12215540558099747,0.9961538314819336,0.7474899888038635
YDL098C,YMR261C,0,-1.3961924,0.12214100360870361,0.9961538314819336,0.7475903630256653
YLR383W,YPL139C,0,-1.3962173,0.12212660908699036,0.9961538314819336,0.747690737247467
YJR078W,YBR297W,0,-1.3964304,0.1221122145652771,0.9961538314819336,0.7477911710739136
YDR261C,YOL020W,0,-1.3966169,0.12209782004356384,0.9961538314819336,0.7478915452957153
YOR110W,YNL094W,0,-1.3975431,0.12208343297243118,0.9961538314819336,0.7479919791221619
YBR160W,YIL009C-A,0,-1.3980291,0.12206904590129852,0.9961538314819336,0.7480923533439636
YLR039C,YPL074W,0,-1.3986491,0.12205466628074646,0.9961538314819336,0.7481927871704102
YER040W,YIL076W,0,-1.3989162,0.1220402866601944,0.9961538314819336,0.7482931613922119
YLR248W,YPR178W,0,-1.4008656,0.12202591449022293,0.9961538314819336,0.7483935952186584
YPL119C,YIL002C,0,-1.4014947,0.12201154232025146,0.9961538314819336,0.7484939694404602
YKL175W,YNL008C,0,-1.4019694,0.12199717015028,0.9961538314819336,0.7485944032669067
YPR055W,YLR359W,0,-1.4023,0.12198281288146973,0.9961538314819336,0.7486947774887085
YCR037C,YCR094W,0,-1.4023514,0.12196844816207886,0.9961538314819336,0.7487951517105103
YGR292W,YMR230W,0,-1.4026718,0.12195409089326859,0.9961538314819336,0.7488955855369568
YGL070C,YOR120W,0,-1.4029882,0.12193973362445831,0.9961538314819336,0.7489959597587585
YNL311C,YJL127C,0,-1.4033217,0.12192538380622864,0.9961538314819336,0.7490963935852051
YIL142W,YHR108W,0,-1.4033531,0.12191104143857956,0.9961538314819336,0.7491967678070068
YML071C,YLL043W,0,-1.4034854,0.12189669162034988,0.9961538314819336,0.7492972016334534
YER036C,YML091C,0,-1.4042873,0.1218823492527008,0.9961538314819336,0.7493975758552551
YDR019C,YER173W,0,-1.4051476,0.12186801433563232,0.9961538314819336,0.7494980096817017
YPR097W,YGL060W,0,-1.4061056,0.12185367941856384,0.9961538314819336,0.7495983839035034
YLR099C,YHR105W,0,-1.4062202,0.12183935195207596,0.9961538314819336,0.74969881772995
YNL268W,YER056C,0,-1.4064922,0.12182502448558807,0.9961538314819336,0.7497991919517517
YLR223C,YDR422C,0,-1.4065582,0.12181069701910019,0.9961538314819336,0.7498996257781982
YDR528W,YOR242C,0,-1.4069872,0.1217963770031929,0.9961538314819336,0.75
YDR245W,YAR019C,0,-1.4073834,0.12178206443786621,0.9961538314819336,0.7501003742218018
YFR010W,YCR107W,0,-1.4075944,0.12176774442195892,0.9961538314819336,0.7502008080482483
YGR216C,YNL117W,0,-1.4078811,0.12175343930721283,0.9961538314819336,0.75030118227005
YJL008C,YBR168W,0,-1.4083571,0.12173912674188614,0.9961538314819336,0.7504016160964966
YGR175C,YMR230W,0,-1.4100748,0.12172482907772064,0.9961538314819336,0.7505019903182983
YOR192C,YDR273W,0,-1.410116,0.12171052396297455,0.9961538314819336,0.7506024241447449
YLR259C,YGR281W,0,-1.4115891,0.12169622629880905,0.9961538314819336,0.7507027983665466
YNR059W,YDR116C,0,-1.411659,0.12168193608522415,0.9961538314819336,0.7508032321929932
YMR215W,YGR097W,0,-1.413292,0.12166764587163925,0.9961538314819336,0.7509036064147949
YMR048W,YPL027W,0,-1.4135303,0.12165335565805435,0.9961538314819336,0.7510040402412415
YCR037C,YDR100W,0,-1.4155645,0.12163907289505005,0.9961538314819336,0.7511044144630432
YGR266W,YOR046C,0,-1.4164698,0.12162479758262634,0.9961538314819336,0.7512048482894897
YIL156W,YMR176W,0,-1.4174291,0.12161051481962204,0.9961538314819336,0.7513052225112915
YDL108W,YLR043C,0,-1.4180204,0.12159624695777893,0.9961538314819336,0.7514055967330933
YFR030W,YCL054W,0,-1.4193422,0.12158197164535522,0.9961538314819336,0.7515060305595398
YKR027W,YHR006W,0,-1.4194012,0.12156770378351212,0.9961538314819336,0.7516064047813416
YHR002W,YFR005C,0,-1.419577,0.1215534433722496,0.9961538314819336,0.7517068386077881
YLR061W,YEL069C,0,-1.4204593,0.12153918296098709,0.9961538314819336,0.7518072128295898
YOL086C,YLR106C,0,-1.4206527,0.12152493000030518,0.9961538314819336,0.7519076466560364
YPL145C,YNL297C,0,-1.421536,0.12151066958904266,0.9961538314819336,0.7520080208778381
YKR093W,YNL244C,0,-1.4219949,0.12149642407894135,0.9961538314819336,0.7521084547042847
YDR330W,YBR243C,0,-1.4221323,0.12148217856884003,0.9961538314819336,0.7522088289260864
YOR195W,YOR347C,0,-1.4227952,0.12146793305873871,0.9961538314819336,0.752309262752533
YMR210W,YGL185C,0,-1.4239123,0.12145369499921799,0.9961538314819336,0.7524096369743347
YER115C,YOL051W,0,-1.4245665,0.12143945693969727,0.9961538314819336,0.7525100111961365
YLR096W,YDR227W,0,-1.4251106,0.12142522633075714,0.9961538314819336,0.752610445022583
YGR175C,YPL013C,0,-1.4253757,0.12141099572181702,0.9961538314819336,0.7527108192443848
YGL064C,YKL200C,0,-1.4261955,0.12139676511287689,0.9961538314819336,0.7528112530708313
YLR337C,YPL087W,0,-1.4264548,0.12138254195451736,0.9961538314819336,0.7529116272926331
YHL032C,YCL069W,0,-1.4272971,0.12136831879615784,0.9961538314819336,0.7530120611190796
YJL048C,YER111C,0,-1.4279871,0.1213541030883789,0.9961538314819336,0.7531124353408813
YKR019C,YDL138W,0,-1.4288158,0.12133989483118057,0.9961538314819336,0.7532128691673279
YDR004W,YJL034W,0,-1.429414,0.12132567912340164,0.9961538314819336,0.7533132433891296
YPL218W,YFL048C,0,-1.4296741,0.1213114783167839,0.9961538314819336,0.7534136772155762
YNL122C,YLR006C,0,-1.4298984,0.12129727005958557,0.9961538314819336,0.7535140514373779
YLR417W,YDR306C,0,-1.4302374,0.12128306925296783,0.9961538314819336,0.7536144852638245
YGL096W,YDL137W,0,-1.4308795,0.1212688758969307,0.9961538314819336,0.7537148594856262
YBR162C,YHL038C,0,-1.4324955,0.12125468254089355,0.9961538314819336,0.753815233707428
YGR105W,YER138C,0,-1.4345101,0.12124048918485641,0.9961538314819336,0.7539156675338745
YDR364C,YML034W,0,-1.4353955,0.12122630327939987,0.9961538314819336,0.7540160417556763
YOR226C,YBR289W,0,-1.4359913,0.12121212482452393,0.9961538314819336,0.7541164755821228
YJL073W,YHR133C,0,-1.4362729,0.12119793891906738,0.9961538314819336,0.7542168498039246
YGL093W,YDL128W,0,-1.4368982,0.12118376046419144,0.9961538314819336,0.7543172836303711
YOL042W,YNL258C,0,-1.4368985,0.12116958945989609,0.9961538314819336,0.7544176578521729
YOR285W,YKR078W,0,-1.4371936,0.12115541845560074,0.9961538314819336,0.7545180916786194
YLR028C,YEL054C,0,-1.4373758,0.12114125490188599,0.9961538314819336,0.7546184659004211
YOL026C,YDR405W,0,-1.4380347,0.12112709134817123,0.9961538314819336,0.7547188997268677
YDR146C,YAL053W,0,-1.4384427,0.12111292779445648,0.9961538314819336,0.7548192739486694
YLR238W,YOL138C,0,-1.4389734,0.12109877169132233,0.9961538314819336,0.754919707775116
YOL011W,YIR006C,0,-1.4410864,0.12108461558818817,0.9961538314819336,0.7550200819969177
YLR142W,YML057W,0,-1.4410888,0.12107046693563461,0.9961538314819336,0.7551204562187195
YGL004C,YGR046W,0,-1.4417113,0.12105631828308105,0.9961538314819336,0.755220890045166
YDR263C,YOR069W,0,-1.4423653,0.1210421770811081,0.9961538314819336,0.7553212642669678
YOR187W,YJL052W,0,-1.4433365,0.12102803587913513,0.9961538314819336,0.7554216980934143
YNL133C,YMR032W,0,-1.4435015,0.12101390212774277,0.9961538314819336,0.7555220723152161
YDL091C,YKR057W,0,-1.4435818,0.1209997683763504,0.9961538314819336,0.7556225061416626
YNL073W,YOR266W,0,-1.4448628,0.12098563462495804,0.9961538314819336,0.7557228803634644
YKL097W-A,YNL307C,0,-1.4500618,0.12097150832414627,0.9961538314819336,0.7558233141899109
YML087C,YDR137W,0,-1.4510543,0.1209573820233345,0.9961538314819336,0.7559236884117126
YGL045W,YML028W,0,-1.4525298,0.12094326317310333,0.9961538314819336,0.7560241222381592
YMR316W,YOL061W,0,-1.4550091,0.12092914432287216,0.9961538314819336,0.7561244964599609
YMR321C,YPL248C,0,-1.455312,0.12091503292322159,0.9961538314819336,0.7562248706817627
YMR005W,YOR377W,0,-1.4563781,0.12090092152357101,0.9961538314819336,0.7563253045082092
YAR035W,YCR080W,0,-1.456446,0.12088681757450104,0.9961538314819336,0.756425678730011
YKL002W,YER089C,0,-1.4576539,0.12087271362543106,0.9961538314819336,0.7565261125564575
YKL141W,YLR080W,0,-1.4581057,0.12085860967636108,0.9961538314819336,0.7566264867782593
YPL180W,YOL009C,0,-1.4589138,0.1208445131778717,0.9961538314819336,0.7567269206047058
YIL135C,YOR109W,0,-1.4590063,0.12083041667938232,0.9961538314819336,0.7568272948265076
YKL158W,YCL012W,0,-1.4592545,0.12081632763147354,0.9961538314819336,0.7569277286529541
YDR217C,YFR049W,0,-1.4594598,0.12080223858356476,0.9961538314819336,0.7570281028747559
YPR149W,YKL179C,0,-1.4596229,0.12078815698623657,0.9961538314819336,0.7571285367012024
YLR360W,YIL159W,0,-1.460382,0.12077407538890839,0.9961538314819336,0.7572289109230042
YOR175C,YDR304C,0,-1.4604759,0.1207599937915802,0.9961538314819336,0.7573293447494507
YGR194C,YPL122C,0,-1.4613405,0.12074591964483261,0.9961538314819336,0.7574297189712524
YHR073W,YOR008C,0,-1.4613457,0.12073185294866562,0.9961538314819336,0.7575300931930542
YGR097W,YIL043C,0,-1.4618893,0.12071777880191803,0.9961538314819336,0.7576305270195007
YDR057W,YNL251C,0,-1.4625094,0.12070371955633163,0.9961538314819336,0.7577309012413025
YNL167C,YLR381W,0,-1.4627266,0.12068965286016464,0.9961538314819336,0.757831335067749
YPR019W,YGR208W,0,-1.4628266,0.12067559361457825,0.9961538314819336,0.7579317092895508
YOR195W,YGR040W,0,-1.4632683,0.12066154181957245,0.9961538314819336,0.7580321431159973
YJL003W,YNL294C,0,-1.4634154,0.12064749002456665,0.9961538314819336,0.7581325173377991
YGR101W,YGR217W,0,-1.4656897,0.12063344568014145,0.9961538314819336,0.7582329511642456
YLR083C,YJR040W,0,-1.4657931,0.12061939388513565,0.9961538314819336,0.7583333253860474
YHR103W,YMR193W,0,-1.4661307,0.12060535699129105,0.9961538314819336,0.7584337592124939
YOL032W,YML032C,0,-1.4671633,0.12059132009744644,0.9961538314819336,0.7585341334342957
YDL243C,YOR393W,0,-1.46717,0.12057728320360184,0.9961538314819336,0.7586345672607422
YBR105C,YBR114W,0,-1.4671756,0.12056324630975723,0.9961538314819336,0.758734941482544
YDR323C,YGL062W,0,-1.4672629,0.12054921686649323,0.9961538314819336,0.7588353157043457
YMR006C,YGR225W,0,-1.4673214,0.12053519487380981,0.9961538314819336,0.7589357495307922
YLR304C,YLR151C,0,-1.4684108,0.1205211728811264,0.9961538314819336,0.759036123752594
YNL210W,YJR015W,0,-1.4695303,0.120507150888443,0.9961538314819336,0.7591365575790405
YPR149W,YNL096C,0,-1.4708251,0.12049313634634018,0.9961538314819336,0.7592369318008423
YDL015C,YJL127C,0,-1.4709134,0.12047912180423737,0.9961538314819336,0.7593373656272888
YMR100W,YHR106W,0,-1.471166,0.12046511471271515,0.9961538314819336,0.7594377398490906
YDR170C,YGR004W,0,-1.4716406,0.12045110762119293,0.9961538314819336,0.7595381736755371
YHL019C,YDR057W,0,-1.4719028,0.12043710798025131,0.9961538314819336,0.7596385478973389
YML005W,YFR015C,0,-1.4728415,0.12042310833930969,0.9961538314819336,0.7597389817237854
YLL033W,YFR047C,0,-1.4761095,0.12040910869836807,0.9961538314819336,0.7598393559455872
YPL135W,YBR060C,0,-1.477004,0.12039511650800705,0.9961538314819336,0.7599397301673889
YDR242W,YNL335W,0,-1.4771385,0.12038113176822662,0.9961538314819336,0.7600401639938354
YFL021W,YDR093W,0,-1.4773409,0.1203671395778656,0.9961538314819336,0.7601405382156372
YDR369C,YKL168C,0,-1.4779252,0.12035316228866577,0.9961538314819336,0.7602409720420837
YJR005W,YGR003W,0,-1.4804528,0.12033917754888535,0.9961538314819336,0.7603413462638855
YHR005C,YJR073C,0,-1.4805753,0.12032520025968552,0.9961538314819336,0.760441780090332
YNL238W,YLR268W,0,-1.4810885,0.12031123042106628,0.9961538314819336,0.7605421543121338
YOR126C,YOR383C,0,-1.4815912,0.12029726058244705,0.9961538314819336,0.7606425881385803
YOR142W,YDL112W,0,-1.4822826,0.12028329074382782,0.9961538314819336,0.7607429623603821
YCR037C,YJL045W,0,-1.4829047,0.12026932835578918,0.9961538314819336,0.7608433961868286
YDL179W,YLR309C,0,-1.4835981,0.12025536596775055,0.9961538314819336,0.7609437704086304
YDR065W,YNL322C,0,-1.4844289,0.12024141103029251,0.9961538314819336,0.7610442042350769
YGR105W,YNL045W,0,-1.4870366,0.12022745609283447,0.9961538314819336,0.7611445784568787
YDR470C,YNL258C,0,-1.4871663,0.12021350860595703,0.9961538314819336,0.7612449526786804
YOL029C,YJL180C,0,-1.487206,0.12019956111907959,0.9961538314819336,0.761345386505127
YER031C,YJR160C,0,-1.487601,0.12018561363220215,0.9961538314819336,0.7614457607269287
YFR024C-A,YPL167C,0,-1.4876148,0.1201716735959053,0.9961538314819336,0.7615461945533752
YER179W,YOR061W,0,-1.4881861,0.12015773355960846,0.9961538314819336,0.761646568775177
YML009C,YBR101C,0,-1.4883035,0.12014380097389221,0.9961538314819336,0.7617470026016235
YJL187C,YBR150C,0,-1.4889216,0.12012986838817596,0.9961538314819336,0.7618473768234253
YGR120C,YJR066W,0,-1.4895496,0.12011594325304031,0.9961538314819336,0.7619478106498718
YBR120C,YOL156W,0,-1.4897723,0.12010201811790466,0.9961538314819336,0.7620481848716736
YNL173C,YKL140W,0,-1.4927533,0.12008809298276901,0.9961538314819336,0.7621486186981201
YIL030C,YMR127C,0,-1.4939274,0.12007417529821396,0.9961538314819336,0.7622489929199219
YPL021W,YJL094C,0,-1.4941273,0.1200602650642395,0.9961538314819336,0.7623494267463684
YIR004W,YIL108W,0,-1.4943964,0.12004634737968445,0.9961538314819336,0.7624498009681702
YNL194C,YLR106C,0,-1.4954925,0.12003244459629059,0.9961538314819336,0.7625501751899719
YPR007C,YFR027W,0,-1.4962139,0.12001853436231613,0.9961538314819336,0.7626506090164185
YGR143W,YDR439W,0,-1.4964204,0.12000463157892227,0.9961538314819336,0.7627509832382202
YAL043C,YOR326W,0,-1.496837,0.11999073624610901,0.9961538314819336,0.7628514170646667
YNL036W,YEL002C,0,-1.4979463,0.11997684091329575,0.9961538314819336,0.7629517912864685
YKL110C,YKR050W,0,-1.4979758,0.11996294558048248,0.9961538314819336,0.763052225112915
YMR319C,YDR337W,0,-1.4981995,0.11994905769824982,0.9961538314819336,0.7631525993347168
YOR386W,YHR168W,0,-1.4985342,0.11993516981601715,0.9961538314819336,0.7632530331611633
YNL117W,YNL239W,0,-1.4999299,0.11992128938436508,0.9961538314819336,0.7633534073829651
YOL004W,YOR384W,0,-1.5005727,0.11990740895271301,0.9961538314819336,0.7634538412094116
YDL121C,YGR241C,0,-1.5006528,0.11989352852106094,0.9961538314819336,0.7635542154312134
YPL116W,YER038C,0,-1.5008626,0.11987965553998947,0.9961538314819336,0.7636545896530151
YIL145C,YGL196W,0,-1.5015626,0.1198657900094986,0.9961538314819336,0.7637550234794617
YPR192W,YDR299W,0,-1.5019695,0.11985191702842712,0.9961538314819336,0.7638553977012634
YDR516C,YJL045W,0,-1.502711,0.11983805894851685,0.9961538314819336,0.76395583152771
YPR024W,YOR299W,0,-1.5028061,0.11982419341802597,0.9961538314819336,0.7640562057495117
YOL104C,YER110C,0,-1.5028083,0.11981033533811569,0.9961538314819336,0.7641566395759583
YOR217W,YLR092W,0,-1.5031271,0.11979648470878601,0.9961538314819336,0.76425701379776
YDR308C,YPL248C,0,-1.5032532,0.11978263407945633,0.9961538314819336,0.7643574476242065
YER060W-A,YLR011W,0,-1.5035315,0.11976878345012665,0.9961538314819336,0.7644578218460083
YNL210W,YNL027W,0,-1.5036019,0.11975494027137756,0.9961538314819336,0.7645582556724548
YDR222W,YDL101C,0,-1.5039859,0.11974109709262848,0.9961538314819336,0.7646586298942566
YIL153W,YLR213C,0,-1.5055467,0.11972726136445999,0.9961538314819336,0.7647590637207031
YLR371W,YER068W,0,-1.5067471,0.1197134256362915,0.9961538314819336,0.7648594379425049
YGR200C,YIL047C,0,-1.5085375,0.11969959735870361,0.9961538314819336,0.7649598121643066
YOR384W,YJR102C,0,-1.5093721,0.11968576908111572,0.9961538314819336,0.7650602459907532
YCL043C,YHR167W,0,-1.5111519,0.11967194080352783,0.9961538314819336,0.7651606202125549
YHR082C,YPL103C,0,-1.5119025,0.11965811997652054,0.9961538314819336,0.7652610540390015
YLR450W,YOL009C,0,-1.5133977,0.11964429914951324,0.9961538314819336,0.7653614282608032
YOR384W,YEL027W,0,-1.5141203,0.11963048577308655,0.9961538314819336,0.7654618620872498
YLR433C,YGR255C,0,-1.5151714,0.11961667239665985,0.9961538314819336,0.7655622363090515
YLR213C,YML128C,0,-1.5161581,0.11960286647081375,0.9961538314819336,0.765662670135498
YML031W,YJL004C,0,-1.516939,0.11958906054496765,0.9961538314819336,0.7657630443572998
YNR047W,YPL031C,0,-1.5179918,0.11957525461912155,0.9961538314819336,0.7658634781837463
YEL065W,YPL031C,0,-1.5199349,0.11956145614385605,0.9961538314819336,0.7659638524055481
YMR071C,YMR101C,0,-1.5199823,0.11954765766859055,0.9961538314819336,0.7660642862319946
YAR035W,YHR101C,0,-1.5207989,0.11953386664390564,0.9961538314819336,0.7661646604537964
YNL246W,YPR175W,0,-1.5225341,0.11952007561922073,0.9961538314819336,0.7662650346755981
YKL154W,YBR297W,0,-1.5225735,0.11950628459453583,0.9961538314819336,0.7663654685020447
YPR007C,YJR132W,0,-1.5230333,0.11949250102043152,0.9961538314819336,0.7664658427238464
YMR089C,YLR213C,0,-1.5230576,0.1194787248969078,0.9961538314819336,0.766566276550293
YDR460W,YNL026W,0,-1.5233867,0.1194649413228035,0.9961538314819336,0.7666666507720947
YLL026W,YPL151C,0,-1.5241137,0.11945117264986038,0.9961538314819336,0.7667670845985413
YOL004W,YHR113W,0,-1.5245848,0.11943739652633667,0.9961538314819336,0.766867458820343
YPR054W,YPL028W,0,-1.5249051,0.11942362785339355,0.9961538314819336,0.7669678926467896
YGL095C,YER151C,0,-1.5253019,0.11940986663103104,0.9961538314819336,0.7670682668685913
YKL198C,YMR123W,0,-1.5258989,0.11939610540866852,0.9961538314819336,0.7671687006950378
YKR035W-A,YOR348C,0,-1.5262208,0.119382344186306,0.9961538314819336,0.7672690749168396
YJR036C,YGL243W,0,-1.5271776,0.11936859041452408,0.9961538314819336,0.7673694491386414
YKL010C,YOR138C,0,-1.5274054,0.11935483664274216,0.9961538314819336,0.7674698829650879
YGL028C,YER120W,0,-1.5282655,0.11934109032154083,0.9961538314819336,0.7675702571868896
YGR179C,YMR315W,0,-1.5290906,0.11932734400033951,0.9961538314819336,0.7676706910133362
YGR060W,YDR028C,0,-1.529349,0.11931359767913818,0.9961538314819336,0.7677710652351379
YBR038W,YIL056W,0,-1.5332726,0.11929985880851746,0.9961538314819336,0.7678714990615845
YPL117C,YNL008C,0,-1.5336033,0.11928612738847733,0.9961538314819336,0.7679718732833862
YEL058W,YOL071W,0,-1.5343041,0.1192723959684372,0.9961538314819336,0.7680723071098328
YMR089C,YPL174C,0,-1.5349901,0.11925866454839706,0.9961538314819336,0.7681726813316345
YER027C,YHR186C,0,-1.5349978,0.11924493312835693,0.9961538314819336,0.768273115158081
YIR004W,YDR137W,0,-1.5350109,0.1192312091588974,0.9961538314819336,0.7683734893798828
YJL172W,YPL011C,0,-1.5352509,0.11921749264001846,0.9961538314819336,0.7684739232063293
YOL133W,YDR483W,0,-1.5359181,0.11920377612113953,0.9961538314819336,0.7685742974281311
YLL013C,YDR443C,0,-1.5370636,0.11919005960226059,0.9961538314819336,0.7686746716499329
YDR285W,YGL169W,0,-1.5395734,0.11917635053396225,0.9961538314819336,0.7687751054763794
YHR046C,YCR091W,0,-1.539928,0.11916264146566391,0.9961538314819336,0.7688754796981812
YGL137W,YPL174C,0,-1.5402236,0.11914893984794617,0.9961538314819336,0.7689759135246277
YMR195W,YEL043W,0,-1.5403578,0.11913523823022842,0.9961538314819336,0.7690762877464294
YER095W,YFL017W-A,0,-1.5404654,0.11912153661251068,0.9961538314819336,0.769176721572876
YPR199C,YOR275C,0,-1.5405157,0.11910784244537354,0.9961538314819336,0.7692770957946777
YGR097W,YNR010W,0,-1.5409048,0.11909414827823639,0.9961538314819336,0.7693775296211243
YGR271W,YNL284C,0,-1.5418913,0.11908046156167984,0.9961538314819336,0.769477903842926
YBR101C,YML074C,0,-1.5427122,0.11906677484512329,0.9961538314819336,0.7695783376693726
YER027C,YDR351W,0,-1.5440197,0.11905308812856674,0.9961538314819336,0.7696787118911743
YOL078W,YEL005C,0,-1.5447078,0.11903940886259079,0.9961538314819336,0.7697791457176208
YCL061C,YOR204W,0,-1.5454667,0.11902573704719543,0.9961538314819336,0.7698795199394226
YJR150C,YGL222C,0,-1.5465524,0.11901206523180008,0.9961538314819336,0.7699798941612244
YLR183C,YBR115C,0,-1.5467999,0.11899839341640472,0.9961538314819336,0.7700803279876709
YOR330C,YPL019C,0,-1.5472301,0.11898472160100937,0.9961538314819336,0.7701807022094727
YCR098C,YER164W,0,-1.5481822,0.11897106468677521,0.9961538314819336,0.7702811360359192
YJL029C,YJR123W,0,-1.548463,0.11895740032196045,0.9961538314819336,0.770381510257721
YOR313C,YBR128C,0,-1.5486438,0.11894374340772629,0.9961538314819336,0.7704819440841675
YOR219C,YDR197W,0,-1.5488183,0.11893008649349213,0.9961538314819336,0.7705823183059692
YPR041W,YAL048C,0,-1.5494492,0.11891643702983856,0.9961538314819336,0.7706827521324158
YMR300C,YDR289C,0,-1.5507784,0.118902787566185,0.9961538314819336,0.7707831263542175
YLR371W,YLR439W,0,-1.5522913,0.11888914555311203,0.9961538314819336,0.7708835601806641
YDL112W,YDR242W,0,-1.5531859,0.11887550354003906,0.9961538314819336,0.7709839344024658
YGR143W,YIL007C,0,-1.5533984,0.1188618615269661,0.9961538314819336,0.7710843086242676
YKL174C,YBR012W-B,0,-1.5544755,0.11884822696447372,0.9961538314819336,0.7711847424507141
YMR115W,YPR110C,0,-1.5546865,0.11883459240198135,0.9961538314819336,0.7712851166725159
YOL026C,YHR149C,0,-1.55559,0.11882096529006958,0.9961538314819336,0.7713855504989624
YPR168W,YML070W,0,-1.5579519,0.1188073381781578,0.9961538314819336,0.7714859247207642
YJL214W,YPR110C,0,-1.5580459,0.11879371851682663,0.9961538314819336,0.7715863585472107
YDR105C,YJL078C,0,-1.5582355,0.11878009885549545,0.9961538314819336,0.7716867327690125
YOR253W,YDR342C,0,-1.5585915,0.11876647919416428,0.9961538314819336,0.771787166595459
YLR100W,YML106W,0,-1.55951,0.1187528669834137,0.9961538314819336,0.7718875408172607
YBR162W-A,YKR053C,0,-1.5602225,0.11873925477266312,0.9961538314819336,0.7719879746437073
YHR142W,YOR189W,0,-1.5605638,0.11872565001249313,0.9961538314819336,0.772088348865509
YKL141W,YDR482C,0,-1.5609761,0.11871204525232315,0.9961538314819336,0.7721887826919556
YDL240W,YPR001W,0,-1.562126,0.11869844049215317,0.9961538314819336,0.7722891569137573
YLR011W,YGR169C,0,-1.5634992,0.11868484318256378,0.9961538314819336,0.7723895311355591
YOL011W,YPR173C,0,-1.5665151,0.1186712458729744,0.9961538314819336,0.7724899649620056
YDR263C,YDL070W,0,-1.5670443,0.1186576560139656,0.9961538314819336,0.7725903391838074
YER145C,YGR224W,0,-1.567501,0.11864406615495682,0.9961538314819336,0.7726907730102539
YGL106W,YDR130C,0,-1.56797,0.11863048374652863,0.9961538314819336,0.7727911472320557
YEL036C,YCL004W,0,-1.5680226,0.11861690133810043,0.9961538314819336,0.7728915810585022
YLL051C,YMR163C,0,-1.5693362,0.11860331892967224,0.9961538314819336,0.772991955280304
YNL036W,YOR348C,0,-1.5732312,0.11858974397182465,0.9961538314819336,0.7730923891067505
YOR074C,YMR296C,0,-1.5734017,0.11857616901397705,0.9961538314819336,0.7731927633285522
YGL231C,YCL014W,0,-1.5744529,0.11856260150671005,0.9961538314819336,0.7732931971549988
YFL037W,YKR105C,0,-1.5745677,0.11854903399944305,0.9961538314819336,0.7733935713768005
YOR373W,YPR071W,0,-1.5763274,0.11853546649217606,0.9961538314819336,0.7734940052032471
YHR211W,YMR284W,0,-1.5767844,0.11852190643548965,0.9961538314819336,0.7735943794250488
YMR046C,YOR270C,0,-1.5782443,0.11850835382938385,0.9961538314819336,0.7736947536468506
YHR186C,YML030W,0,-1.5792981,0.11849479377269745,0.9961538314819336,0.7737951874732971
YLL061W,YNL070W,0,-1.5800717,0.11848124116659164,0.9961538314819336,0.7738955616950989
YOL031C,YDR407C,0,-1.5805281,0.11846769601106644,0.9961538314819336,0.7739959955215454
YLR147C,YOR388C,0,-1.58076,0.11845415085554123,0.9961538314819336,0.7740963697433472
YML011C,YNL318C,0,-1.5817094,0.11844060570001602,0.9961538314819336,0.7741968035697937
YHR060W,YDR253C,0,-1.5821171,0.11842706799507141,0.9961538314819336,0.7742971777915955
YNL068C,YNL091W,0,-1.5839312,0.1184135302901268,0.9961538314819336,0.774397611618042
YHL021C,YPR030W,0,-1.5841773,0.11840000003576279,0.9961538314819336,0.7744979858398438
YPR031W,YBL034C,0,-1.5852736,0.11838646978139877,0.9961538314819336,0.7745984196662903
YBR295W,YPR006C,0,-1.5853353,0.11837294697761536,0.9961538314819336,0.774698793888092
YOR381W,YLR019W,0,-1.5867887,0.11835941672325134,0.9961538314819336,0.7747991681098938
YGL139W,YBL030C,0,-1.5879064,0.11834590137004852,0.9961538314819336,0.7748996019363403
YDR438W,YKR036C,0,-1.5890267,0.1183323785662651,0.9961538314819336,0.7749999761581421
YDR503C,YLR121C,0,-1.5895717,0.11831887066364288,0.9961538314819336,0.7751004099845886
YAL008W,YLR121C,0,-1.592749,0.11830535531044006,0.9961538314819336,0.7752007842063904
YIL137C,YDR284C,0,-1.593168,0.11829184740781784,0.9961538314819336,0.7753012180328369
YKL087C,YCR036W,0,-1.5937777,0.11827833950519562,0.9961538314819336,0.7754015922546387
YLR442C,YDR065W,0,-1.5947185,0.11826483905315399,0.9961538314819336,0.7755020260810852
YOR089C,YGL198W,0,-1.5948398,0.11825133860111237,0.9961538314819336,0.775602400302887
YDR393W,YER041W,0,-1.5950965,0.11823784559965134,0.9961538314819336,0.7757028341293335
YKL141W,YOL062C,0,-1.5951505,0.11822435259819031,0.9961538314819336,0.7758032083511353
YLL029W,YAL026C,0,-1.595274,0.11821085959672928,0.9961538314819336,0.7759036421775818
YFL010W-A,YDL112W,0,-1.5955462,0.11819737404584885,0.9961538314819336,0.7760040163993835
YHL036W,YBR024W,0,-1.5964484,0.11818389594554901,0.9961538314819336,0.7761043906211853
YIL070C,YFL021W,0,-1.5976527,0.11817041039466858,0.9961538314819336,0.7762048244476318
YNL091W,YGL049C,0,-1.5984386,0.11815693229436874,0.9961538314819336,0.7763051986694336
YER012W,YLR314C,0,-1.5992229,0.1181434616446495,0.9961538314819336,0.7764056324958801
YLR037C,YLR386W,0,-1.5995773,0.11812999099493027,0.9961538314819336,0.7765060067176819
YLR103C,YML013W,0,-1.5999559,0.11811652034521103,0.9961538314819336,0.7766064405441284
YIL030C,YBR170C,0,-1.6006777,0.11810305714607239,0.9961538314819336,0.7767068147659302
YIL135C,YOR317W,0,-1.6009996,0.11808959394693375,0.9961538314819336,0.7768072485923767
YBR023C,YDR197W,0,-1.6014221,0.1180761307477951,0.9961538314819336,0.7769076228141785
YOR351C,YKL087C,0,-1.6017644,0.11806267499923706,0.9961538314819336,0.777008056640625
YMR296C,YBR168W,0,-1.6022632,0.11804922670125961,0.9961538314819336,0.7771084308624268
YER133W,YDL166C,0,-1.6028414,0.11803577840328217,0.9961538314819336,0.7772088646888733
YBL041W,YPL203W,0,-1.6031394,0.11802233010530472,0.9961538314819336,0.777309238910675
YFR003C,YMR234W,0,-1.6035483,0.11800888180732727,0.9961538314819336,0.7774096131324768
YKR058W,YLR019W,0,-1.6039407,0.11799544095993042,0.9961538314819336,0.7775100469589233
YOL117W,YDL095W,0,-1.6074536,0.11798200756311417,0.9961538314819336,0.7776104211807251
YLR208W,YOR162C,0,-1.6079311,0.11796857416629791,0.9961538314819336,0.7777108550071716
YKL134C,YIR002C,0,-1.6083429,0.11795514076948166,0.9961538314819336,0.7778112292289734
YNR024W,YBL064C,0,-1.609257,0.117941714823246,0.9961538314819336,0.7779116630554199
YJR048W,YOR039W,0,-1.6097995,0.11792828887701035,0.9961538314819336,0.7780120372772217
YDR076W,YGL035C,0,-1.6099485,0.11791486293077469,0.9961538314819336,0.7781124711036682
YMR075W,YLL043W,0,-1.6104126,0.11790144443511963,0.9961538314819336,0.77821284532547
YCR039C,YJR143C,0,-1.6104457,0.11788802593946457,0.9961538314819336,0.7783132791519165
YOR353C,YBR207W,0,-1.610573,0.1178746148943901,0.9961538314819336,0.7784136533737183
YDR377W,YKL095W,0,-1.6106925,0.11786120384931564,0.9961538314819336,0.77851402759552
YHR029C,YBL103C,0,-1.6114302,0.11784780025482178,0.9961538314819336,0.7786144614219666
YBL005W,YJL094C,0,-1.6120195,0.11783439666032791,0.9961538314819336,0.7787148356437683
YJL214W,YMR247C,0,-1.6129929,0.11782099306583405,0.9961538314819336,0.7788152694702148
YPR162C,YAL034W-A,0,-1.6133983,0.11780759692192078,0.9961538314819336,0.7789156436920166
YER027C,YMR298W,0,-1.6150371,0.11779420077800751,0.9961538314819336,0.7790160775184631
YHR215W,YER052C,0,-1.616517,0.11778081208467484,0.9961538314819336,0.7791164517402649
YGL148W,YMR302C,0,-1.6192447,0.11776742339134216,0.9961538314819336,0.7792168855667114
YMR077C,YKL145W,0,-1.6193074,0.11775403469800949,0.9961538314819336,0.7793172597885132
YKL135C,YER093C,0,-1.6193326,0.11774065345525742,0.9961538314819336,0.7794176936149597
YKL138C,YIR017C,0,-1.6197846,0.11772727221250534,0.9961538314819336,0.7795180678367615
YNL076W,YKL173W,0,-1.6204021,0.11771389842033386,0.9961538314819336,0.779618501663208
YBR072W,YMR071C,0,-1.6208413,0.11770052462816238,0.9961538314819336,0.7797188758850098
YMR004W,YBR207W,0,-1.6209935,0.1176871508359909,0.9961538314819336,0.7798192501068115
YHR080C,YDL243C,0,-1.6217489,0.11767378449440002,0.9961538314819336,0.7799196839332581
YMR159C,YNL073W,0,-1.6234106,0.11766041815280914,0.9961538314819336,0.7800200581550598
YDR483W,YFL056C,0,-1.6247727,0.11764705926179886,0.9961538314819336,0.7801204919815063
YOL072W,YFR034C,0,-1.624896,0.11763370037078857,0.9961538314819336,0.7802208662033081
YMR298W,YJL200C,0,-1.6252565,0.11762034147977829,0.9961538314819336,0.7803213000297546
YKL079W,YGR078C,0,-1.6253159,0.1176069900393486,0.9961538314819336,0.7804216742515564
YGR076C,YPL189W,0,-1.6267557,0.11759364604949951,0.9961538314819336,0.7805221080780029
YPL167C,YLR285W,0,-1.6282015,0.11758029460906982,0.9961538314819336,0.7806224822998047
YKL194C,YLL006W,0,-1.6285391,0.11756695061922073,0.9961538314819336,0.7807229161262512
YHR011W,YHL044W,0,-1.6291897,0.11755361407995224,0.9961538314819336,0.780823290348053
YDL074C,YCL051W,0,-1.6295927,0.11754027754068375,0.9961538314819336,0.7809237241744995
YHL003C,YDR337W,0,-1.6303889,0.11752694100141525,0.9961538314819336,0.7810240983963013
YOR084W,YDR457W,0,-1.6307137,0.11751361191272736,0.9961538314819336,0.781124472618103
YPR133W-A,YGL196W,0,-1.6328087,0.11750028282403946,0.9961538314819336,0.7812249064445496
YLR098C,YNL073W,0,-1.6328678,0.11748696118593216,0.9961538314819336,0.7813252806663513
YDR511W,YDR205W,0,-1.6334547,0.11747363954782486,0.9961538314819336,0.7814257144927979
YJL005W,YOR065W,0,-1.6341809,0.11746031790971756,0.9961538314819336,0.7815260887145996
YNL036W,YNL251C,0,-1.6355999,0.11744700372219086,0.9961538314819336,0.7816265225410461
YKL095W,YMR019W,0,-1.6361582,0.11743368953466415,0.9961538314819336,0.7817268967628479
YGR138C,YNL049C,0,-1.6366799,0.11742037534713745,0.9961538314819336,0.7818273305892944
YPL094C,YOR009W,0,-1.6372409,0.11740706861019135,0.9961538314819336,0.7819277048110962
YLR266C,YDR309C,0,-1.6388496,0.11739376932382584,0.9961538314819336,0.7820281386375427
YHR157W,YNR047W,0,-1.6390833,0.11738047003746033,0.9961538314819336,0.7821285128593445
YJL053W,YER015W,0,-1.6413468,0.11736717075109482,0.9961538314819336,0.7822288870811462
YML076C,YIL159W,0,-1.641428,0.11735387146472931,0.9961538314819336,0.7823293209075928
YGR216C,YOR372C,0,-1.642654,0.1173405796289444,0.9961538314819336,0.7824296951293945
YDL024C,YIL155C,0,-1.6427133,0.11732729524374008,0.9961538314819336,0.7825301289558411
YNR072W,YML104C,0,-1.6427459,0.11731401085853577,0.9961538314819336,0.7826305031776428
YNL131W,YBR162W-A,0,-1.6445227,0.11730072647333145,0.9961538314819336,0.7827309370040894
YDL003W,YHR111W,0,-1.6454324,0.11728744208812714,0.9961538314819336,0.7828313112258911
YJR109C,YCR039C,0,-1.6457372,0.11727416515350342,0.9961538314819336,0.7829317450523376
YPR192W,YBR084W,0,-1.6470834,0.1172608956694603,0.9961538314819336,0.7830321192741394
YHR011W,YIL109C,0,-1.6473509,0.11724762618541718,0.9961538314819336,0.7831325531005859
YFL004W,YML059C,0,-1.6474484,0.11723435670137405,0.9961538314819336,0.7832329273223877
YMR086W,YOR180C,0,-1.6480098,0.11722108721733093,0.9961538314819336,0.7833333611488342
YER032W,YBL103C,0,-1.6483362,0.117207832634449,0.9961538314819336,0.783433735370636
YGR170W,YKR030W,0,-1.6502404,0.11719457060098648,0.9961538314819336,0.7835341095924377
YJR082C,YJL048C,0,-1.65067,0.11718131601810455,0.9961538314819336,0.7836345434188843
YNL001W,YPR119W,0,-1.6514869,0.11716806143522263,0.9961538314819336,0.783734917640686
YJR134C,YMR076C,0,-1.6515023,0.1171548143029213,0.9961538314819336,0.7838353514671326
YOR221C,YML109W,0,-1.6516719,0.11714156717061996,0.9961538314819336,0.7839357256889343
YML012W,YDR430C,0,-1.651832,0.11712832003831863,0.9961538314819336,0.7840361595153809
YDR283C,YJL124C,0,-1.6521729,0.1171150803565979,0.9961538314819336,0.7841365337371826
YLR360W,YKR095W-A,0,-1.6521828,0.11710184067487717,0.9961538314819336,0.7842369675636292
YDL007W,YLR265C,0,-1.6528403,0.11708860844373703,0.9961538314819336,0.7843373417854309
YNL131W,YDR034C,0,-1.6534995,0.1170753762125969,0.9961538314819336,0.7844377756118774
YGL141W,YBR211C,0,-1.6537539,0.11706214398145676,0.9961538314819336,0.7845381498336792
YPL177C,YGL061C,0,-1.6542759,0.11704891920089722,0.9961538314819336,0.7846385836601257
YMR228W,YNL180C,0,-1.6543646,0.11703570187091827,0.9961538314819336,0.7847389578819275
YDL022W,YGR199W,0,-1.655304,0.11702247709035873,0.9961538314819336,0.7848393321037292
YDL135C,YDR138W,0,-1.6553783,0.11700925976037979,0.9961538314819336,0.7849397659301758
YLR212C,YLR040C,0,-1.6555213,0.11699604988098145,0.9961538314819336,0.7850401401519775
YER007W,YCR014C,0,-1.656168,0.1169828400015831,0.9961538314819336,0.7851405739784241
YLR020C,YPL112C,0,-1.6563172,0.11696963012218475,0.9961538314819336,0.7852409482002258
YGL233W,YML088W,0,-1.6569078,0.11695642024278641,0.9961538314819336,0.7853413820266724
YCL044C,YKL114C,0,-1.6571199,0.11694322526454926,0.9961538314819336,0.7854417562484741
YKL117W,YGL212W,0,-1.6572969,0.1169300228357315,0.9961538314819336,0.7855421900749207
YLR025W,YML031W,0,-1.6586642,0.11691682785749435,0.9961538314819336,0.7856425642967224
YER100W,YMR042W,0,-1.6604085,0.1169036328792572,0.9961538314819336,0.785742998123169
YDR516C,YDR012W,0,-1.6606772,0.11689044535160065,0.9961538314819336,0.7858433723449707
YLR426W,YMR303C,0,-1.660793,0.11687725782394409,0.9961538314819336,0.7859437465667725
YMR169C,YIL128W,0,-1.661938,0.11686407029628754,0.9961538314819336,0.786044180393219
YIL095W,YJL157C,0,-1.661978,0.11685089021921158,0.9961538314819336,0.7861445546150208
YJR032W,YKL126W,0,-1.6625854,0.11683771014213562,0.9961538314819336,0.7862449884414673
YNL133C,YIL107C,0,-1.6641748,0.11682453751564026,0.9961538314819336,0.786345362663269
YDR218C,YNL223W,0,-1.6646297,0.1168113648891449,0.9961538314819336,0.7864457964897156
YDL099W,YCR014C,0,-1.6651981,0.11679819971323013,0.9961538314819336,0.7865461707115173
YNL207W,YPL200W,0,-1.6654234,0.11678502708673477,0.9961538314819336,0.7866466045379639
YAL029C,YNR008W,0,-1.6654525,0.1167718693614006,0.9961538314819336,0.7867469787597656
YDR388W,YDR435C,0,-1.6657418,0.11675870418548584,0.9961538314819336,0.7868474125862122
YLR054C,YOR008C,0,-1.6667364,0.11674554646015167,0.9961538314819336,0.7869477868080139
YMR009W,YBL041W,0,-1.6667554,0.1167323961853981,0.9961538314819336,0.7870482206344604
YOR066W,YOR076C,0,-1.6670824,0.11671924591064453,0.9961538314819336,0.7871485948562622
YNL020C,YMR313C,0,-1.6683049,0.11670609563589096,0.9961538314819336,0.787248969078064
YDR358W,YGL106W,0,-1.668464,0.11669294536113739,0.9961538314819336,0.7873494029045105
YGL127C,YPR162C,0,-1.668591,0.11667980998754501,0.9961538314819336,0.7874497771263123
YHR001W-A,YPR016C,0,-1.670979,0.11666666716337204,0.9961538314819336,0.7875502109527588
YFL029C,YCR044C,0,-1.6722059,0.11665353178977966,0.9961538314819336,0.7876505851745605
YPL258C,YDR478W,0,-1.6765875,0.11664039641618729,0.9961538314819336,0.7877510190010071
YGL246C,YGL192W,0,-1.6766328,0.1166272684931755,0.9961538314819336,0.7878513932228088
YOL133W,YOL053C-A,0,-1.6769049,0.11661414057016373,0.9961538314819336,0.7879518270492554
YNR016C,YGL030W,0,-1.6772176,0.11660101264715195,0.9961538314819336,0.7880522012710571
YJR127C,YBR115C,0,-1.6776614,0.11658789217472076,0.9961538314819336,0.7881526350975037
YDR330W,YKR002W,0,-1.6794704,0.11657477170228958,0.9961538314819336,0.7882530093193054
YMR025W,YLR151C,0,-1.680602,0.116561658680439,0.9961538314819336,0.788353443145752
YPR135W,YOR332W,0,-1.6833092,0.11654854565858841,0.9961538314819336,0.7884538173675537
YEL052W,YNL161W,0,-1.6833205,0.11653543263673782,0.9961538314819336,0.7885541915893555
YLR316C,YKR101W,0,-1.6835325,0.11652232706546783,0.9961538314819336,0.788654625415802
YPR105C,YCR063W,0,-1.683814,0.11650922149419785,0.9961538314819336,0.7887549996376038
YDL127W,YNL261W,0,-1.6839077,0.11649612337350845,0.9961538314819336,0.7888554334640503
YIL126W,YDL120W,0,-1.6864794,0.11648302525281906,0.9961538314819336,0.788955807685852
YNR013C,YDR517W,0,-1.6865872,0.11646992713212967,0.9961538314819336,0.7890562415122986
YHR111W,YKR062W,0,-1.6867331,0.11645683646202087,0.9961538314819336,0.7891566157341003
YGR220C,YDR317W,0,-1.689955,0.11644374579191208,0.9961538314819336,0.7892570495605469
YBR150C,YPL061W,0,-1.6906035,0.11643065512180328,0.9961538314819336,0.7893574237823486
YMR290C,YKL097W-A,0,-1.6907597,0.11641757190227509,0.9961538314819336,0.7894578576087952
YMR192W,YMR237W,0,-1.6916442,0.11640449613332748,0.9961538314819336,0.7895582318305969
YLL006W,YCR105W,0,-1.6916447,0.11639142036437988,0.9961538314819336,0.7896586060523987
YJL179W,YFL044C,0,-1.6916581,0.11637834459543228,0.9961538314819336,0.7897590398788452
YFL033C,YPL087W,0,-1.6924357,0.11636526882648468,0.9961538314819336,0.789859414100647
YOL109W,YOL105C,0,-1.6930747,0.11635220050811768,0.9961538314819336,0.7899598479270935
YHR074W,YAL022C,0,-1.6936756,0.11633913218975067,0.9961538314819336,0.7900602221488953
YIL030C,YMR101C,0,-1.6947335,0.11632607132196426,0.9961538314819336,0.7901606559753418
YIL014W,YLL024C,0,-1.69558,0.11631301045417786,0.9961538314819336,0.7902610301971436
YDR289C,YDL120W,0,-1.6974908,0.11629995703697205,0.9961538314819336,0.7903614640235901
YGL122C,YGL192W,0,-1.6982417,0.11628690361976624,0.9961538314819336,0.7904618382453918
YGL192W,YGR129W,0,-1.7013849,0.11627385020256042,0.9961538314819336,0.7905622720718384
YMR133W,YLR403W,0,-1.702039,0.11626080423593521,0.9961538314819336,0.7906626462936401
YDL085W,YPL083C,0,-1.7026877,0.11624775826931,0.9961538314819336,0.7907630801200867
YGR024C,YIL098C,0,-1.7027386,0.11623471230268478,0.9961538314819336,0.7908634543418884
YBL089W,YDR451C,0,-1.7032123,0.11622167378664017,0.9961538314819336,0.7909638285636902
YPL076W,YPL096C-A,0,-1.7037097,0.11620863527059555,0.9961538314819336,0.7910642623901367
YNL008C,YBR131W,0,-1.7038227,0.11619560420513153,0.9961538314819336,0.7911646366119385
YIL155C,YOR066W,0,-1.7058355,0.11618257313966751,0.9961538314819336,0.791265070438385
YML004C,YOR127W,0,-1.7072287,0.11616954207420349,0.9961538314819336,0.7913654446601868
YOL109W,YOL104C,0,-1.7077186,0.11615651845932007,0.9961538314819336,0.7914658784866333
YIL139C,YJR160C,0,-1.707811,0.11614349484443665,0.9961538314819336,0.7915662527084351
YHR005C,YGL071W,0,-1.7082078,0.11613047868013382,0.9961538314819336,0.7916666865348816
YBR182C,YBR230C,0,-1.7113726,0.116117462515831,0.9961538314819336,0.7917670607566833
YDR169C,YNL273W,0,-1.7117991,0.11610444635152817,0.9961538314819336,0.7918674945831299
YIL170W,YBR282W,0,-1.7146909,0.11609143763780594,0.9961538314819336,0.7919678688049316
YOR357C,YIL107C,0,-1.716144,0.11607842892408371,0.9961538314819336,0.7920683026313782
YPL223C,YLL048C,0,-1.7167876,0.11606542766094208,0.9961538314819336,0.7921686768531799
YLR306W,YNR045W,0,-1.7175341,0.11605242639780045,0.9961538314819336,0.7922690510749817
YJL112W,YMR080C,0,-1.717726,0.11603942513465881,0.9961538314819336,0.7923694849014282
YNL056W,YPR042C,0,-1.7188909,0.11602643132209778,0.9961538314819336,0.79246985912323
YDR356W,YGR134W,0,-1.7192458,0.11601343750953674,0.9961538314819336,0.7925702929496765
YLL021W,YBR058C,0,-1.7197591,0.1160004511475563,0.9961538314819336,0.7926706671714783
YKR103W,YOL126C,0,-1.7203026,0.11598745733499527,0.9961538314819336,0.7927711009979248
YDR285W,YGL115W,0,-1.7224662,0.11597447842359543,0.9961538314819336,0.7928714752197266
YFR014C,YBR125C,0,-1.723677,0.11596149206161499,0.9961538314819336,0.7929719090461731
YJL221C,YBR005W,0,-1.723947,0.11594852060079575,0.9961538314819336,0.7930722832679749
YGR179C,YGR101W,0,-1.7249178,0.1159355416893959,0.9961538314819336,0.7931727170944214
YER032W,YGR072W,0,-1.7258477,0.11592257022857666,0.9961538314819336,0.7932730913162231
YHR110W,YNL242W,0,-1.7272619,0.11590959876775742,0.9961538314819336,0.7933734655380249
YMR075W,YKL179C,0,-1.7278033,0.11589663475751877,0.9961538314819336,0.7934738993644714
YML055W,YBR112C,0,-1.7288227,0.11588367074728012,0.9961538314819336,0.7935742735862732
YMR203W,YBR218C,0,-1.7294286,0.11587070673704147,0.9961538314819336,0.7936747074127197
YPR008W,YJL156C,0,-1.7311944,0.11585775017738342,0.9961538314819336,0.7937750816345215
YIL014W,YLR139C,0,-1.7321018,0.11584479361772537,0.9961538314819336,0.793875515460968
YJL029C,YJL143W,0,-1.7323875,0.11583184450864792,0.9961538314819336,0.7939758896827698
YIL034C,YIL107C,0,-1.7333035,0.11581889539957047,0.9961538314819336,0.7940763235092163
YJL114W,YNL294C,0,-1.734649,0.11580594629049301,0.9961538314819336,0.7941766977310181
YKL178C,YIL109C,0,-1.7366912,0.11579300463199615,0.9961538314819336,0.7942771315574646
YGR260W,YNL283C,0,-1.7396183,0.1157800629734993,0.9961538314819336,0.7943775057792664
YPR063C,YMR173W,0,-1.7398566,0.11576712131500244,0.9961538314819336,0.7944779396057129
YDL117W,YAR015W,0,-1.7406312,0.11575418710708618,0.9961538314819336,0.7945783138275146
YMR109W,YER056C-A,0,-1.7421156,0.11574126034975052,0.9961538314819336,0.7946786880493164
YLR011W,YIR039C,0,-1.7426589,0.11572832614183426,0.9961538314819336,0.7947791218757629
YGR220C,YPL120W,0,-1.742903,0.1157153993844986,0.9961538314819336,0.7948794960975647
YDR518W,YNL160W,0,-1.7429826,0.11570248007774353,0.9961538314819336,0.7949799299240112
YDR289C,YLL001W,0,-1.7435505,0.11568956077098846,0.9961538314819336,0.795080304145813
YDR460W,YKL067W,0,-1.7440548,0.1156766414642334,0.9961538314819336,0.7951807379722595
YCR098C,YHL024W,0,-1.7471743,0.11566372960805893,0.9961538314819336,0.7952811121940613
YDL003W,YDR523C,0,-1.7490025,0.11565081775188446,0.9961538314819336,0.7953815460205078
YHR052W,YER103W,0,-1.7495036,0.11563790589570999,0.9961538314819336,0.7954819202423096
YJL173C,YBR101C,0,-1.7498139,0.11562500149011612,0.9961538314819336,0.7955823540687561
YMR017W,YHR190W,0,-1.7500306,0.11561209708452225,0.9961538314819336,0.7956827282905579
YPR031W,YLR203C,0,-1.7513075,0.11559920012950897,0.9961538314819336,0.7957831621170044
YNL054W,YDR238C,0,-1.7513832,0.1155862957239151,0.9961538314819336,0.7958835363388062
YBR240C,YGL144C,0,-1.7515372,0.11557340621948242,0.9961538314819336,0.7959839105606079
YDR007W,YNL242W,0,-1.7521031,0.11556051671504974,0.9961538314819336,0.7960843443870544
YGL095C,YGL083W,0,-1.7521143,0.11554762721061707,0.9961538314819336,0.7961847186088562
YMR020W,YML071C,0,-1.7532895,0.11553473770618439,0.9961538314819336,0.7962851524353027
YOR236W,YDR197W,0,-1.7547071,0.1155218556523323,0.9961538314819336,0.7963855266571045
YLR411W,YMR054W,0,-1.7554421,0.11550897359848022,0.9961538314819336,0.796485960483551
YOR270C,YDR359C,0,-1.7555983,0.11549609899520874,0.9961538314819336,0.7965863347053528
YDL141W,YEL024W,0,-1.7567568,0.11548322439193726,0.9961538314819336,0.7966867685317993
YML098W,YDL047W,0,-1.7569166,0.11547034978866577,0.9961538314819336,0.7967871427536011
YPL048W,YOR176W,0,-1.7583207,0.11545748263597488,0.9961538314819336,0.7968875765800476
YFL021W,YKL014C,0,-1.7584755,0.115444615483284,0.9961538314819336,0.7969879508018494
YJR083C,YPL011C,0,-1.7590692,0.1154317557811737,0.9961538314819336,0.7970883250236511
YML047C,YDL098C,0,-1.7592893,0.11541889607906342,0.9961538314819336,0.7971887588500977
YDR425W,YOR157C,0,-1.7601285,0.11540603637695312,0.9961538314819336,0.7972891330718994
YJL044C,YOL011W,0,-1.7603244,0.11539318412542343,0.9961538314819336,0.797389566898346
YGL139W,YKL041W,0,-1.7604231,0.11538033187389374,0.9961538314819336,0.7974899411201477
YLR212C,YIR002C,0,-1.762147,0.11536747962236404,0.9961538314819336,0.7975903749465942
YPL075W,YPL033C,0,-1.7622131,0.11535463482141495,0.9961538314819336,0.797690749168396
YPL006W,YBR211C,0,-1.7629015,0.11534179747104645,0.9961538314819336,0.7977911829948425
YDR256C,YDR381W,0,-1.7644273,0.11532895267009735,0.9961538314819336,0.7978915572166443
YKL135C,YIL033C,0,-1.7646068,0.11531611531972885,0.9961538314819336,0.7979919910430908
YHR110W,YDR464W,0,-1.7658265,0.11530328541994095,0.9961538314819336,0.7980923652648926
YLR109W,YCL027W,0,-1.7661889,0.11529045552015305,0.9961538314819336,0.7981927990913391
YJR051W,YPL074W,0,-1.7663906,0.11527762562036514,0.9961538314819336,0.7982931733131409
YOR386W,YDR164C,0,-1.7666179,0.11526479572057724,0.9961538314819336,0.7983935475349426
YMR158W,YGR161C,0,-1.7670441,0.11525197327136993,0.9961538314819336,0.7984939813613892
YJR055W,YMR009W,0,-1.767358,0.11523915827274323,0.9961538314819336,0.7985943555831909
YGL021W,YBL026W,0,-1.7683902,0.11522633582353592,0.9961538314819336,0.7986947894096375
YJR066W,YLR115W,0,-1.7684397,0.11521352082490921,0.9961538314819336,0.7987951636314392
YOR069W,YLR185W,0,-1.7684879,0.1152007132768631,0.9961538314819336,0.7988955974578857
YKR035W-A,YOL018C,0,-1.7688934,0.11518790572881699,0.9961538314819336,0.7989959716796875
YLR103C,YPL110C,0,-1.7694468,0.11517509818077087,0.9961538314819336,0.799096405506134
YHR147C,YHR082C,0,-1.769695,0.11516229063272476,0.9961538314819336,0.7991967797279358
YKL145W,YKL164C,0,-1.769724,0.11514949798583984,0.9961538314819336,0.7992972135543823
YDR265W,YCL036W,0,-1.7709733,0.11513669788837433,0.9961538314819336,0.7993975877761841
YML076C,YMR296C,0,-1.7727256,0.11512390524148941,0.9961538314819336,0.7994980216026306
YOR156C,YIL084C,0,-1.7756301,0.11511111259460449,0.9961538314819336,0.7995983958244324
YLR251W,YFL036W,0,-1.7774696,0.11509831994771957,0.9961538314819336,0.7996987700462341
YPL151C,YKL010C,0,-1.7776899,0.11508553475141525,0.9961538314819336,0.7997992038726807
YDR470C,YAL012W,0,-1.7786714,0.11507275700569153,0.9961538314819336,0.7998995780944824
YOR320C,YBR218C,0,-1.779175,0.11505997180938721,0.9961538314819336,0.800000011920929
YGR285C,YLR324W,0,-1.7792468,0.11504719406366348,0.9961538314819336,0.8001003861427307
YGR156W,YHR133C,0,-1.7795591,0.11503442376852036,0.9961538314819336,0.8002008199691772
YJR092W,YAL051W,0,-1.780518,0.11502165347337723,0.9961538314819336,0.800301194190979
YGR295C,YJR118C,0,-1.7808253,0.1150088831782341,0.9961538314819336,0.8004016280174255
YBL005W-B,YOR237W,0,-1.7819502,0.11499611288309097,0.9961538314819336,0.8005020022392273
YBR205W,YJL200C,0,-1.7830927,0.11498335003852844,0.9961538314819336,0.8006024360656738
YGR282C,YIL137C,0,-1.7836604,0.11497059464454651,0.9961538314819336,0.8007028102874756
YGL063W,YPL130W,0,-1.7846148,0.11495783179998398,0.9961538314819336,0.8008031845092773
YOR316C,YGR223C,0,-1.7847513,0.11494507640600204,0.9961538314819336,0.8009036183357239
YLR446W,YLR357W,0,-1.7858553,0.11493232846260071,0.9961538314819336,0.8010039925575256
YLR304C,YLR312W-A,0,-1.7863655,0.11491958051919937,0.9961538314819336,0.8011044263839722
YLL006W,YCL024W,0,-1.788636,0.11490683257579803,0.9961538314819336,0.8012048006057739
YDR159W,YDR356W,0,-1.7888125,0.1148940920829773,0.9961538314819336,0.8013052344322205
YHR039C-A,YJR075W,0,-1.790105,0.11488135159015656,0.9961538314819336,0.8014056086540222
YER091C,YLR467W,0,-1.7904253,0.11486861109733582,0.9961538314819336,0.8015060424804688
YML115C,YOR211C,0,-1.7904352,0.11485587805509567,0.9961538314819336,0.8016064167022705
YKL182W,YMR039C,0,-1.7906715,0.11484314501285553,0.9961538314819336,0.801706850528717
YIL043C,YPL141C,0,-1.7946777,0.11483041197061539,0.9961538314819336,0.8018072247505188
YDR298C,YLR080W,0,-1.7961254,0.11481768637895584,0.9961538314819336,0.8019076585769653
YGL136C,YIL048W,0,-1.7977332,0.11480496823787689,0.9961538314819336,0.8020080327987671
YGL141W,YMR133W,0,-1.7982793,0.11479224264621735,0.9961538314819336,0.8021084070205688
YKL094W,YGR246C,0,-1.7989225,0.1147795245051384,0.9961538314819336,0.8022088408470154
YBR059C,YBL060W,0,-1.8010727,0.11476681381464005,0.9961538314819336,0.8023092150688171
YKL004W,YMR036C,0,-1.802985,0.1147540956735611,0.9961538314819336,0.8024096488952637
YHR172W,YEL052W,0,-1.8032268,0.11474139243364334,0.9961538314819336,0.8025100231170654
YER014W,YNL151C,0,-1.8045558,0.11472868174314499,0.9961538314819336,0.802610456943512
YGR177C,YHR079C,0,-1.8047721,0.11471597850322723,0.9961538314819336,0.8027108311653137
YNL287W,YPL096W,0,-1.805684,0.11470327526330948,0.9961538314819336,0.8028112649917603
YKL185W,YOL095C,0,-1.805843,0.11469057947397232,0.9961538314819336,0.802911639213562
YIL095W,YEL013W,0,-1.8062598,0.11467788368463516,0.9961538314819336,0.8030120730400085
YPL244C,YER093C,0,-1.8079139,0.114665187895298,0.9961538314819336,0.8031124472618103
YMR040W,YOR070C,0,-1.807924,0.11465249955654144,0.9961538314819336,0.8032128810882568
YER087C-B,YOR110W,0,-1.8082703,0.11463981121778488,0.9961538314819336,0.8033132553100586
YLR381W,YER155C,0,-1.8103192,0.11462713032960892,0.9961538314819336,0.8034136295318604
YDL243C,YMR137C,0,-1.8122189,0.11461444944143295,0.9961538314819336,0.8035140633583069
YBR153W,YOR002W,0,-1.8124909,0.11460176855325699,0.9961538314819336,0.8036144375801086
YOR372C,YDR400W,0,-1.813106,0.11458909511566162,0.9961538314819336,0.8037148714065552
YLR347C,YKR101W,0,-1.8131528,0.11457642167806625,0.9961538314819336,0.8038152456283569
YKL103C,YFL011W,0,-1.8143439,0.11456374824047089,0.9961538314819336,0.8039156794548035
YOR020C,YJR036C,0,-1.8155463,0.11455108225345612,0.9961538314819336,0.8040160536766052
YJL214W,YDR457W,0,-1.8188388,0.11453841626644135,0.9961538314819336,0.8041164875030518
YPL038W,YJL219W,0,-1.822083,0.11452575773000717,0.9961538314819336,0.8042168617248535
YDR172W,YHL047C,0,-1.8245125,0.114513099193573,0.9961538314819336,0.8043172955513
YGL090W,YNL020C,0,-1.8265321,0.11450044065713882,0.9961538314819336,0.8044176697731018
YOL095C,YNL065W,0,-1.8271098,0.11448778957128525,0.9961538314819336,0.8045180439949036
YGR070W,YJL082W,0,-1.8274099,0.11447513848543167,0.9961538314819336,0.8046184778213501
YDR148C,YJR139C,0,-1.8292981,0.1144624873995781,0.9961538314819336,0.8047188520431519
YLR337C,YLR008C,0,-1.8297453,0.11444984376430511,0.9961538314819336,0.8048192858695984
YNR070W,YER015W,0,-1.8304516,0.11443720012903214,0.9961538314819336,0.8049196600914001
YPL175W,YIR031C,0,-1.8313464,0.11442456394433975,0.9961538314819336,0.8050200939178467
YHR118C,YIL135C,0,-1.831471,0.11441192775964737,0.9961538314819336,0.8051204681396484
YML011C,YLR151C,0,-1.8315002,0.11439929157495499,0.9961538314819336,0.805220901966095
YDR529C,YDL007W,0,-1.8320537,0.1143866628408432,0.9961538314819336,0.8053212761878967
YJR031C,YJR040W,0,-1.8324819,0.11437403410673141,0.9961538314819336,0.8054217100143433
YJR089W,YFR040W,0,-1.8324955,0.11436140537261963,0.9961538314819336,0.805522084236145
YEL013W,YLL009C,0,-1.8330516,0.11434878408908844,0.9961538314819336,0.8056225180625916
YLR099C,YJL057C,0,-1.834378,0.11433616280555725,0.9961538314819336,0.8057228922843933
YKL197C,YIL115C,0,-1.8350564,0.11432354897260666,0.9961538314819336,0.8058232665061951
YGR286C,YCR004C,0,-1.8363882,0.11431093513965607,0.9961538314819336,0.8059237003326416
YDL047W,YOL122C,0,-1.8370997,0.11429832130670547,0.9961538314819336,0.8060240745544434
YPR191W,YIR023W,0,-1.837121,0.11428571492433548,0.9961538314819336,0.8061245083808899
YBR205W,YLR246W,0,-1.8385868,0.11427310854196548,0.9961538314819336,0.8062248826026917
YNL297C,YKR078W,0,-1.8391924,0.11426050215959549,0.9961538314819336,0.8063253164291382
YPL134C,YMR179W,0,-1.8392241,0.11424790322780609,0.9961538314819336,0.8064256906509399
YNL156C,YKR085C,0,-1.8393643,0.1142353042960167,0.9961538314819336,0.8065261244773865
YHR132C,YPR054W,0,-1.8394611,0.11422271281480789,0.9961538314819336,0.8066264986991882
YGL039W,YDR235W,0,-1.843797,0.11421012133359909,0.9961538314819336,0.8067269325256348
YFR014C,YBR049C,0,-1.8443891,0.11419752985239029,0.9961538314819336,0.8068273067474365
YKL208W,YAL033W,1,-1.8446779,0.11429516226053238,0.9971153736114502,0.8068273067474365
YPL137C,YBR260C,0,-1.8446853,0.11428256332874298,0.9971153736114502,0.8069277405738831
YPL240C,YNR015W,0,-1.8447409,0.11426997184753418,0.9971153736114502,0.8070281147956848
YOR297C,YHR160C,0,-1.8458829,0.11425738036632538,0.9971153736114502,0.8071284890174866
YKR019C,YCL069W,0,-1.8487802,0.11424479633569717,0.9971153736114502,0.8072289228439331
YMR109W,YNL180C,0,-1.848799,0.11423221230506897,0.9971153736114502,0.8073292970657349
YMR109W,YHR090C,0,-1.8496151,0.11421962827444077,0.9971153736114502,0.8074297308921814
YDR341C,YPL095C,0,-1.8496262,0.11420705169439316,0.9971153736114502,0.8075301051139832
YGR179C,YJL078C,0,-1.8526692,0.11419447511434555,0.9971153736114502,0.8076305389404297
YGR020C,YBL080C,0,-1.8529034,0.11418189853429794,0.9971153736114502,0.8077309131622314
YDR211W,YLR086W,0,-1.8533258,0.11416932940483093,0.9971153736114502,0.807831346988678
YLR212C,YKL124W,0,-1.8546486,0.11415676027536392,0.9971153736114502,0.8079317212104797
YER114C,YER104W,0,-1.8558867,0.11414419114589691,0.9971153736114502,0.8080321550369263
YHR157W,YCL029C,0,-1.8560679,0.1141316294670105,0.9971153736114502,0.808132529258728
YCL066W,YDR219C,0,-1.8569115,0.11411906778812408,0.9971153736114502,0.8082329034805298
YAL051W,YML128C,0,-1.857161,0.11410651355981827,0.9971153736114502,0.8083333373069763
YKR090W,YER164W,0,-1.8574647,0.11409395933151245,0.9971153736114502,0.8084337115287781
YDL198C,YPR133C,0,-1.8581414,0.11408140510320663,0.9971153736114502,0.8085341453552246
YHR136C,YMR097C,0,-1.8593239,0.11406885832548141,0.9971153736114502,0.8086345195770264
YNL158W,YDR434W,0,-1.8596426,0.1140563115477562,0.9971153736114502,0.8087349534034729
YKL003C,YOR054C,0,-1.859794,0.11404377222061157,0.9971153736114502,0.8088353276252747
YLR330W,YPL210C,0,-1.8599033,0.11403123289346695,0.9971153736114502,0.8089357614517212
YBR097W,YDL077C,0,-1.8609935,0.11401869356632233,0.9971153736114502,0.809036135673523
YNL020C,YBL055C,0,-1.8619668,0.1140061542391777,0.9971153736114502,0.8091365694999695
YJL034W,YJL124C,0,-1.8624691,0.11399362236261368,0.9971153736114502,0.8092369437217712
YBR129C,YOL004W,0,-1.8633188,0.11398109793663025,0.9971153736114502,0.8093373775482178
YOL082W,YDR313C,0,-1.8641243,0.11396856606006622,0.9971153736114502,0.8094377517700195
YPR097W,YER091C,0,-1.8651154,0.1139560416340828,0.9971153736114502,0.8095381259918213
YHR111W,YMR023C,0,-1.8672748,0.11394352465867996,0.9971153736114502,0.8096385598182678
YGR161C,YOL138C,0,-1.8677404,0.11393100768327713,0.9971153736114502,0.8097389340400696
YHR110W,YHR028C,0,-1.8677475,0.1139184907078743,0.9971153736114502,0.8098393678665161
YCL057W,YGL148W,0,-1.8680326,0.11390597373247147,0.9971153736114502,0.8099397420883179
YJL102W,YNR011C,0,-1.8685874,0.11389346420764923,0.9971153736114502,0.8100401759147644
YPR122W,YDR135C,0,-1.869701,0.113880954682827,0.9971153736114502,0.8101405501365662
YIL101C,YNL117W,0,-1.8700529,0.11386845260858536,0.9971153736114502,0.8102409839630127
YLR153C,YML031W,0,-1.8704727,0.11385595053434372,0.9971153736114502,0.8103413581848145
YMR300C,YER045C,0,-1.8745263,0.11384344846010208,0.9971153736114502,0.810441792011261
YGR185C,YML099C,0,-1.8762665,0.11383095383644104,0.9971153736114502,0.8105421662330627
YCR026C,YGR238C,0,-1.8782902,0.11381845921278,0.9971153736114502,0.8106426000595093
YDR447C,YJR045C,0,-1.8785772,0.11380597203969955,0.9971153736114502,0.810742974281311
YKR100C,YEL043W,0,-1.8807532,0.11379348486661911,0.9971153736114502,0.8108433485031128
YPL233W,YDR240C,0,-1.8814836,0.11378099769353867,0.9971153736114502,0.8109437823295593
YNL274C,YDL028C,0,-1.881593,0.11376851052045822,0.9971153736114502,0.8110441565513611
YFR014C,YPL188W,0,-1.8823221,0.11375603079795837,0.9971153736114502,0.8111445903778076
YKL041W,YGL010W,0,-1.8826443,0.11374355852603912,0.9971153736114502,0.8112449645996094
YIR036C,YJL089W,0,-1.8841175,0.11373107880353928,0.9971153736114502,0.8113453984260559
YAL063C,YPL096W,0,-1.8842114,0.11371860653162003,0.9971153736114502,0.8114457726478577
YNL102W,YKL095W,0,-1.8842876,0.11370614171028137,0.9971153736114502,0.8115462064743042
YPR007C,YOR103C,0,-1.8843443,0.11369367688894272,0.9971153736114502,0.811646580696106
YLR054C,YMR080C,0,-1.8857538,0.11368121206760406,0.9971153736114502,0.8117470145225525
YNR037C,YLR165C,0,-1.8863184,0.11366874724626541,0.9971153736114502,0.8118473887443542
YPR131C,YPL033C,0,-1.8878624,0.11365628987550735,0.9971153736114502,0.811947762966156
YLR315W,YGL062W,0,-1.8889682,0.1136438325047493,0.9971153736114502,0.8120481967926025
YNL031C,YMR166C,0,-1.889023,0.11363138258457184,0.9971153736114502,0.8121485710144043
YCR107W,YNL180C,0,-1.8896971,0.11361893266439438,0.9971153736114502,0.8122490048408508
YNR048W,YPL002C,0,-1.8898377,0.11360648274421692,0.9971153736114502,0.8123493790626526
YDR009W,YBR038W,0,-1.8898733,0.11359404027462006,0.9971153736114502,0.8124498128890991
YPR005C,YBR085W,0,-1.8906138,0.1135815978050232,0.9971153736114502,0.8125501871109009
YKL048C,YCR028C,0,-1.8908677,0.11356916278600693,0.9971153736114502,0.8126506209373474
YJR040W,YPL074W,0,-1.8910283,0.11355672031641006,0.9971153736114502,0.8127509951591492
YOR219C,YOR233W,0,-1.8916793,0.1135442927479744,0.9971153736114502,0.8128514289855957
YDR334W,YFR014C,0,-1.8917656,0.11353185772895813,0.9971153736114502,0.8129518032073975
YNR007C,YDR310C,0,-1.8947608,0.11351943016052246,0.9971153736114502,0.813052237033844
YPR081C,YLR330W,0,-1.8980434,0.11350700259208679,0.9971153736114502,0.8131526112556458
YFR024C-A,YLR109W,0,-1.8981748,0.11349458247423172,0.9971153736114502,0.8132529854774475
YNL268W,YOR131C,0,-1.8982338,0.11348216235637665,0.9971153736114502,0.813353419303894
YPR131C,YDR369C,0,-1.8990049,0.11346974223852158,0.9971153736114502,0.8134537935256958
YGL105W,YCR036W,0,-1.8995414,0.1134573295712471,0.9971153736114502,0.8135542273521423
YOL023W,YKR019C,0,-1.9017566,0.11344491690397263,0.9971153736114502,0.8136546015739441
YDR077W,YNR020C,0,-1.9020274,0.11343251168727875,0.9971153736114502,0.8137550354003906
YPL006W,YCL044C,0,-1.9031622,0.11342010647058487,0.9971153736114502,0.8138554096221924
YPL159C,YKR089C,0,-1.9032481,0.11340770125389099,0.9971153736114502,0.8139558434486389
YML113W,YPR127W,0,-1.9083453,0.11339529603719711,0.9971153736114502,0.8140562176704407
YPR008W,YLR381W,0,-1.9085057,0.11338289827108383,0.9971153736114502,0.8141566514968872
YIR036C,YDR457W,0,-1.9088457,0.11337050050497055,0.9971153736114502,0.814257025718689
YAR033W,YOL123W,0,-1.9094255,0.11335811018943787,0.9971153736114502,0.8143573999404907
YBR172C,YGL157W,0,-1.9095368,0.11334571987390518,0.9971153736114502,0.8144578337669373
YIL051C,YMR180C,0,-1.9098306,0.1133333370089531,0.9971153736114502,0.814558207988739
YAL062W,YMR053C,0,-1.9101297,0.11332094669342041,0.9971153736114502,0.8146586418151855
YJR040W,YIR011C,0,-1.9101878,0.11330856382846832,0.9971153736114502,0.8147590160369873
YLL031C,YBL079W,0,-1.910246,0.11329618841409683,0.9971153736114502,0.8148594498634338
YJL133W,YHL047C,0,-1.9112262,0.11328381299972534,0.9971153736114502,0.8149598240852356
YLR382C,YNL006W,0,-1.9130706,0.11327143758535385,0.9971153736114502,0.8150602579116821
YBR048W,YDR425W,0,-1.9142044,0.11325906217098236,0.9971153736114502,0.8151606321334839
YLR411W,YPR067W,0,-1.9146888,0.11324669420719147,0.9971153736114502,0.8152610659599304
YMR192W,YML034W,0,-1.9151601,0.11323433369398117,0.9971153736114502,0.8153614401817322
YGR266W,YDR476C,0,-1.91658,0.11322196573019028,0.9971153736114502,0.8154618740081787
YDL127W,YDL145C,0,-1.9185078,0.11320960521697998,0.9971153736114502,0.8155622482299805
YIL111W,YER159C,0,-1.9209355,0.11319725215435028,0.9971153736114502,0.8156626224517822
YJR033C,YIL020C,0,-1.9235939,0.11318489164113998,0.9971153736114502,0.8157630562782288
YJL053W,YKL006W,0,-1.9238777,0.11317253857851028,0.9971153736114502,0.8158634305000305
YGL170C,YHR017W,0,-1.9239715,0.11316019296646118,0.9971153736114502,0.815963864326477
YKL009W,YIL007C,0,-1.9248577,0.11314784735441208,0.9971153736114502,0.8160642385482788
YDR424C,YDR405W,0,-1.9248852,0.11313550174236298,0.9971153736114502,0.8161646723747253
YCL004W,YCR106W,0,-1.9253409,0.11312315613031387,0.9971153736114502,0.8162650465965271
YJL186W,YBR001C,0,-1.925383,0.11311081796884537,0.9971153736114502,0.8163654804229736
YLR238W,YNL161W,0,-1.9259256,0.11309848725795746,0.9971153736114502,0.8164658546447754
YDR108W,YNL231C,0,-1.925937,0.11308614909648895,0.9971153736114502,0.8165662884712219
YOL103W,YNL136W,0,-1.9268721,0.11307381838560104,0.9971153736114502,0.8166666626930237
YBL041W,YNL273W,0,-1.9278668,0.11306149512529373,0.9971153736114502,0.8167670965194702
YPR068C,YNL258C,0,-1.9281926,0.11304916441440582,0.9971153736114502,0.816867470741272
YMR022W,YGL256W,0,-1.9290189,0.11303684115409851,0.9971153736114502,0.8169678449630737
YLR001C,YMR034C,0,-1.9324102,0.1130245253443718,0.9971153736114502,0.8170682787895203
YER087C-A,YNL160W,0,-1.9325093,0.11301220208406448,0.9971153736114502,0.817168653011322
YDR086C,YOR181W,0,-1.9326774,0.11299989372491837,0.9971153736114502,0.8172690868377686
YNL066W,YER178W,0,-1.9343665,0.11298757791519165,0.9971153736114502,0.8173694610595703
YKL116C,YPL017C,0,-1.9353005,0.11297526955604553,0.9971153736114502,0.8174698948860168
YBL024W,YKL168C,0,-1.9356154,0.11296296119689941,0.9971153736114502,0.8175702691078186
YJR082C,YMR306W,0,-1.9363497,0.11295066028833389,0.9971153736114502,0.8176707029342651
YDL028C,YPL189W,0,-1.9374564,0.11293835937976837,0.9971153736114502,0.8177710771560669
YPL048W,YHR113W,0,-1.9377,0.11292605847120285,0.9971153736114502,0.8178715109825134
YDR169C,YIL007C,0,-1.9382324,0.11291376501321793,0.9971153736114502,0.8179718852043152
YDR009W,YOR322C,0,-1.9394441,0.112901471555233,0.9971153736114502,0.8180722594261169
YLR006C,YKL150W,0,-1.9403617,0.11288917809724808,0.9971153736114502,0.8181726932525635
YDR046C,YPL121C,0,-1.9415302,0.11287689208984375,0.9971153736114502,0.8182730674743652
YML048W,YOR358W,0,-1.9426875,0.11286460608243942,0.9971153736114502,0.8183735013008118
YDR495C,YGL026C,0,-1.9431112,0.1128523200750351,0.9971153736114502,0.8184738755226135
YKL110C,YOR054C,0,-1.944583,0.11284004151821136,0.9971153736114502,0.8185743093490601
YLR312C-B,YFL048C,0,-1.9453764,0.11282776296138763,0.9971153736114502,0.8186746835708618
YNR041C,YGL222C,0,-1.9463024,0.1128154918551445,0.9971153736114502,0.8187751173973083
YPL240C,YFL061W,0,-1.9465821,0.11280322074890137,0.9971153736114502,0.8188754916191101
YOR018W,YLL011W,0,-1.9483211,0.11279094964265823,0.9971153736114502,0.8189759254455566
YDL140C,YNL223W,0,-1.9485257,0.1127786859869957,0.9971153736114502,0.8190762996673584
YOR347C,YDR031W,0,-1.9492382,0.11276642233133316,0.9971153736114502,0.8191767334938049
YJL053W,YCR030C,0,-1.9497452,0.11275415867567062,0.9971153736114502,0.8192771077156067
YKL048C,YGL026C,0,-1.9543909,0.11274190247058868,0.9971153736114502,0.8193774819374084
YDL054C,YJL089W,0,-1.954669,0.11272964626550674,0.9971153736114502,0.819477915763855
YGR216C,YLR213C,0,-1.9557045,0.1127173900604248,0.9971153736114502,0.8195782899856567
YPL111W,YOL104C,0,-1.955811,0.11270514130592346,0.9971153736114502,0.8196787238121033
YER143W,YDR287W,0,-1.9573126,0.11269289255142212,0.9971153736114502,0.819779098033905
YJR110W,YGL206C,0,-1.9598686,0.11268065124750137,0.9971153736114502,0.8198795318603516
YML104C,YKL085W,0,-1.9612608,0.11266840249300003,0.9971153736114502,0.8199799060821533
YER093C,YDR040C,0,-1.9614072,0.11265616863965988,0.9971153736114502,0.8200803399085999
YOR334W,YPR138C,0,-1.961425,0.11264392733573914,0.9971153736114502,0.8201807141304016
YOR351C,YDR440W,0,-1.9623181,0.11263169348239899,0.9971153736114502,0.8202811479568481
YGL231C,YFL014W,0,-1.9626646,0.11261945962905884,0.9971153736114502,0.8203815221786499
YBR105C,YML085C,0,-1.9639478,0.11260723322629929,0.9971153736114502,0.8204819560050964
YJL087C,YLR188W,0,-1.9644818,0.11259500682353973,0.9971153736114502,0.8205823302268982
YDR080W,YMR233W,0,-1.9645183,0.11258278042078018,0.9971153736114502,0.8206827044487
YKL179C,YKL001C,0,-1.9659326,0.11257056146860123,0.9971153736114502,0.8207831382751465
YIL042C,YPL145C,0,-1.9660251,0.11255834251642227,0.9971153736114502,0.8208835124969482
YNL127W,YBR037C,0,-1.9663247,0.11254612356424332,0.9971153736114502,0.8209839463233948
YHR119W,YGL244W,0,-1.9669882,0.11253391206264496,0.9971153736114502,0.8210843205451965
YBR052C,YOL147C,0,-1.9673734,0.1125217005610466,0.9971153736114502,0.8211847543716431
YNL304W,YOR215C,0,-1.9697001,0.11250949651002884,0.9971153736114502,0.8212851285934448
YDR074W,YGR292W,0,-1.9705765,0.11249728500843048,0.9971153736114502,0.8213855624198914
YAL008W,YKR062W,0,-1.9711351,0.11248508840799332,0.9971153736114502,0.8214859366416931
YOR069W,YJR060W,0,-1.971392,0.11247288435697556,0.9971153736114502,0.8215863704681396
YGR194C,YLR118C,0,-1.9716463,0.11246068775653839,0.9971153736114502,0.8216867446899414
YPR003C,YNR007C,0,-1.973154,0.11244849115610123,0.9971153736114502,0.8217871189117432
YGR156W,YJR104C,0,-1.9747577,0.11243630200624466,0.9971153736114502,0.8218875527381897
YCR094W,YER125W,0,-1.9786708,0.11242411285638809,0.9971153736114502,0.8219879269599915
YDL140C,YMR180C,0,-1.9793609,0.11241192370653152,0.9971153736114502,0.822088360786438
YDR284C,YGL237C,0,-1.9795132,0.11239974200725555,0.9971153736114502,0.8221887350082397
YKL041W,YLR246W,0,-1.9796349,0.11238756030797958,0.9971153736114502,0.8222891688346863
YDR224C,YGL229C,0,-1.9810616,0.11237537860870361,0.9971153736114502,0.822389543056488
YJL004C,YPL027W,0,-1.9819155,0.11236320436000824,0.9971153736114502,0.8224899768829346
YBR042C,YMR300C,0,-1.9826621,0.11235103011131287,0.9971153736114502,0.8225903511047363
YJL012C,YNL261W,0,-1.9840422,0.11233885586261749,0.9971153736114502,0.8226907849311829
YKL043W,YLR154C,0,-1.9847757,0.11232668906450272,0.9971153736114502,0.8227911591529846
YLR360W,YKR089C,0,-1.9869461,0.11231452226638794,0.9971153736114502,0.8228915929794312
YBR093C,YLR160C,0,-1.9874156,0.11230236291885376,0.9971153736114502,0.8229919672012329
YPL121C,YNL322C,0,-1.9891428,0.11229020357131958,0.9971153736114502,0.8230923414230347
YBR211C,YMR172W,0,-1.989217,0.1122780442237854,0.9971153736114502,0.8231927752494812
YLR260W,YDR377W,0,-1.9907528,0.11226588487625122,0.9971153736114502,0.823293149471283
YPL202C,YOR014W,0,-1.9909039,0.11225373297929764,0.9971153736114502,0.8233935832977295
YMR097C,YPR133C,0,-1.9911339,0.11224158108234406,0.9971153736114502,0.8234939575195312
YPL100W,YFR007W,0,-1.991435,0.11222943663597107,0.9971153736114502,0.8235943913459778
YHR077C,YIL125W,0,-1.992445,0.11221729218959808,0.9971153736114502,0.8236947655677795
YJL156C,YOL126C,0,-1.992696,0.1122051477432251,0.9971153736114502,0.8237951993942261
YDR498C,YGL168W,0,-1.9930964,0.11219301074743271,0.9971153736114502,0.8238955736160278
YIR018W,YOR136W,0,-1.9943974,0.11218087375164032,0.9971153736114502,0.8239960074424744
YLR260W,YDL246C,0,-1.995244,0.11216873675584793,0.9971153736114502,0.8240963816642761
YGR274C,YBR045C,0,-1.9963428,0.11215660721063614,0.9971153736114502,0.8241968154907227
YML058W-A,YML063W,0,-1.9967325,0.11214447766542435,0.9971153736114502,0.8242971897125244
YGR032W,YGR077C,0,-1.9983349,0.11213235557079315,0.9971153736114502,0.8243975639343262
YIL156W,YDR011W,0,-1.9985749,0.11212022602558136,0.9971153736114502,0.8244979977607727
YPL006W,YNL046W,0,-1.9988351,0.11210811138153076,0.9971153736114502,0.8245983719825745
YDR234W,YPL115C,0,-1.9992936,0.11209598928689957,0.9971153736114502,0.824698805809021
YPR159W,YMR308C,0,-1.9993491,0.11208387464284897,0.9971153736114502,0.8247991800308228
YOL069W,YNL330C,0,-1.9994097,0.11207175999879837,0.9971153736114502,0.8248996138572693
YPL058C,YFL035C-A,0,-2.001001,0.11205965280532837,0.9971153736114502,0.824999988079071
YOR175C,YLR247C,0,-2.002222,0.11204753816127777,0.9971153736114502,0.8251004219055176
YMR297W,YJR104C,0,-2.0022552,0.11203543841838837,0.9971153736114502,0.8252007961273193
YER007W,YCL004W,0,-2.0027528,0.11202333122491837,0.9971153736114502,0.8253012299537659
YBR195C,YOR222W,0,-2.0029533,0.11201123148202896,0.9971153736114502,0.8254016041755676
YOR239W,YPL248C,0,-2.003286,0.11199913918972015,0.9971153736114502,0.8255019783973694
YBL005W,YEL030W,0,-2.003293,0.11198703944683075,0.9971153736114502,0.8256024122238159
YNL029C,YNL101W,0,-2.0045388,0.11197494715452194,0.9971153736114502,0.8257027864456177
YLR292C,YPL018W,0,-2.004966,0.11196286231279373,0.9971153736114502,0.8258032202720642
YBR281C,YDR003W,0,-2.0054479,0.11195077002048492,0.9971153736114502,0.825903594493866
YOL042W,YOL071W,0,-2.007382,0.11193868517875671,0.9971153736114502,0.8260040283203125
YDL024C,YHR116W,0,-2.0093513,0.1119266077876091,0.9971153736114502,0.8261044025421143
YDR376W,YNL263C,0,-2.0094557,0.11191452294588089,0.9971153736114502,0.8262048363685608
YGL200C,YMR186W,0,-2.0111413,0.11190245300531387,0.9971153736114502,0.8263052105903625
YOL062C,YOR061W,0,-2.011378,0.11189037561416626,0.9971153736114502,0.8264056444168091
YGL105W,YPL111W,0,-2.0117757,0.11187830567359924,0.9971153736114502,0.8265060186386108
YLR367W,YER053C,0,-2.0119681,0.11186623573303223,0.9971153736114502,0.8266064524650574
YPL148C,YMR037C,0,-2.0124016,0.11185416579246521,0.9971153736114502,0.8267068266868591
YBR072W,YNR043W,0,-2.0169497,0.11184210330247879,0.9971153736114502,0.8268072009086609
YEL005C,YJL089W,0,-2.0171096,0.11183004081249237,0.9971153736114502,0.8269076347351074
YPL163C,YBR207W,0,-2.0174167,0.11181798577308655,0.9971153736114502,0.8270080089569092
YOL076W,YKR053C,0,-2.018556,0.11180593073368073,0.9971153736114502,0.8271084427833557
YDR069C,YPL186C,0,-2.0200706,0.1117938756942749,0.9971153736114502,0.8272088170051575
YGL105W,YDR013W,0,-2.020971,0.11178182810544968,0.9971153736114502,0.827309250831604
YGR193C,YOR374W,0,-2.0223022,0.11176978051662445,0.9971153736114502,0.8274096250534058
YOR230W,YKL028W,0,-2.0262182,0.11175773292779922,0.9971153736114502,0.8275100588798523
YIL123W,YLR032W,0,-2.0262313,0.1117456927895546,0.9971153736114502,0.827610433101654
YGR212W,YER133W,0,-2.0269194,0.11173365265130997,0.9971153736114502,0.8277108669281006
YPR152C,YNL133C,0,-2.0275576,0.11172161251306534,0.9971153736114502,0.8278112411499023
YKL034W,YHL006C,0,-2.0279987,0.1117095798254013,0.9971153736114502,0.8279116749763489
YKR088C,YDL195W,0,-2.0285652,0.11169754713773727,0.9971153736114502,0.8280120491981506
YOR313C,YMR307W,0,-2.028747,0.11168551445007324,0.9971153736114502,0.8281124234199524
YBR222C,YNL016W,0,-2.0289354,0.11167348921298981,0.9971153736114502,0.8282128572463989
YLR248W,YLR439W,0,-2.0303373,0.11166146397590637,0.9971153736114502,0.8283132314682007
YNL055C,YGL076C,0,-2.0323503,0.11164943873882294,0.9971153736114502,0.8284136652946472
YDR074W,YBR035C,0,-2.032886,0.1116374209523201,0.9971153736114502,0.828514039516449
YLR109W,YOR271C,0,-2.0334902,0.11162540316581726,0.9971153736114502,0.8286144733428955
YOR288C,YLL062C,0,-2.0340374,0.11161339282989502,0.9971153736114502,0.8287148475646973
YDR103W,YER089C,0,-2.0372245,0.11160137504339218,0.9971153736114502,0.8288152813911438
YMR321C,YKR077W,0,-2.0388818,0.11158936470746994,0.9971153736114502,0.8289156556129456
YJL003W,YAL022C,0,-2.0398104,0.1115773618221283,0.9971153736114502,0.8290160894393921
YKR044W,YPL095C,0,-2.0405335,0.11156535893678665,0.9971153736114502,0.8291164636611938
YGL170C,YIL088C,0,-2.0414603,0.11155335605144501,0.9971153736114502,0.8292168378829956
YLR188W,YIL026C,0,-2.0419374,0.11154136061668396,0.9971153736114502,0.8293172717094421
YKL048C,YMR076C,0,-2.0428584,0.11152935773134232,0.9971153736114502,0.8294176459312439
YKL195W,YAL043C,0,-2.0438428,0.11151736974716187,0.9971153736114502,0.8295180797576904
YGR225W,YMR041C,0,-2.0461001,0.11150537431240082,0.9971153736114502,0.8296184539794922
YGR124W,YJR066W,0,-2.0474417,0.11149338632822037,0.9971153736114502,0.8297188878059387
YPR134W,YOR317W,0,-2.0475035,0.11148139834403992,0.9971153736114502,0.8298192620277405
YJR021C,YMR004W,0,-2.0484416,0.11146941781044006,0.9971153736114502,0.829919695854187
YIL053W,YKL182W,0,-2.0490766,0.11145743727684021,0.9971153736114502,0.8300200700759888
YOR076C,YMR276W,0,-2.0493145,0.11144545674324036,0.9971153736114502,0.8301205039024353
YLR306W,YBR207W,0,-2.0503345,0.1114334836602211,0.9971153736114502,0.8302208781242371
YOL098C,YDL029W,0,-2.0527844,0.11142151057720184,0.9971153736114502,0.8303213119506836
YNL239W,YMR274C,0,-2.054018,0.11140953749418259,0.9971153736114502,0.8304216861724854
YLL048C,YFL044C,0,-2.05673,0.11139757186174393,0.9971153736114502,0.8305220603942871
YPL223C,YKR099W,0,-2.0568137,0.11138560622930527,0.9971153736114502,0.8306224942207336
YML048W,YNR019W,0,-2.0569696,0.11137364059686661,0.9971153736114502,0.8307228684425354
YOL067C,YKL017C,0,-2.0577836,0.11136168241500854,0.9971153736114502,0.8308233022689819
YER046W,YMR226C,0,-2.059153,0.11134972423315048,0.9971153736114502,0.8309236764907837
YMR237W,YPR182W,0,-2.059502,0.11133777350187302,0.9971153736114502,0.8310241103172302
YGL122C,YBR107C,0,-2.0595558,0.11132581532001495,0.9971153736114502,0.831124484539032
YDL185W,YMR243C,0,-2.0605109,0.11131387203931808,0.9971153736114502,0.8312249183654785
YBR121C,YPL154C,0,-2.061097,0.11130192130804062,0.9971153736114502,0.8313252925872803
YML012W,YIR011C,0,-2.061162,0.11128997802734375,0.9971153736114502,0.8314257264137268
YLR268W,YAL062W,0,-2.063738,0.11127803474664688,0.9971153736114502,0.8315261006355286
YLR389C,YJL078C,0,-2.064095,0.11126609146595001,0.9971153736114502,0.8316265344619751
YIL048W,YDR479C,0,-2.064322,0.11125415563583374,0.9971153736114502,0.8317269086837769
YDR358W,YDR285W,0,-2.0647123,0.11124221980571747,0.9971153736114502,0.8318272829055786
YPR102C,YLR206W,0,-2.0659113,0.1112302914261818,0.9971153736114502,0.8319277167320251
YJL083W,YOL132W,0,-2.0667086,0.11121836304664612,0.9971153736114502,0.8320280909538269
YIL036W,YJL089W,0,-2.0679832,0.11120643466711044,0.9971153736114502,0.8321285247802734
YNL246W,YGL174W,0,-2.0690517,0.11119450628757477,0.9971153736114502,0.8322288990020752
YDR111C,YDL229W,0,-2.070995,0.11118258535861969,0.9971153736114502,0.8323293328285217
YNR059W,YMR264W,0,-2.0712833,0.11117067188024521,0.9971153736114502,0.8324297070503235
YCL044C,YGR288W,0,-2.0719132,0.11115875095129013,0.9971153736114502,0.83253014087677
YHR147C,YMR208W,0,-2.0724077,0.11114683747291565,0.9971153736114502,0.8326305150985718
YBR287W,YMR273C,0,-2.0748312,0.11113492399454117,0.9971153736114502,0.8327309489250183
YOR192C,YHR201C,0,-2.0763354,0.11112301796674728,0.9971153736114502,0.8328313231468201
YMR137C,YNR052C,0,-2.0776744,0.1111111119389534,0.9971153736114502,0.8329316973686218
YCR075C,YOR158W,0,-2.0777855,0.11109920591115952,0.9971153736114502,0.8330321311950684
YBL088C,YGR221C,0,-2.0782635,0.11108730733394623,0.9971153736114502,0.8331325054168701
YJL058C,YKL093W,0,-2.0795398,0.11107540875673294,0.9971153736114502,0.8332329392433167
YGL105W,YKL039W,0,-2.0801885,0.11106351017951965,0.9971153736114502,0.8333333134651184
YBR291C,YER053C,0,-2.0805478,0.11105161905288696,0.9971153736114502,0.8334337472915649
YML067C,YBR282W,0,-2.0813975,0.11103972792625427,0.9971153736114502,0.8335341215133667
YMR040W,YJL081C,0,-2.0824447,0.11102783679962158,0.9971153736114502,0.8336345553398132
YLR088W,YCL052C,0,-2.0828426,0.11101595312356949,0.9971153736114502,0.833734929561615
YML047C,YER161C,0,-2.0837932,0.1110040694475174,0.9971153736114502,0.8338353633880615
YER168C,YDL231C,0,-2.0876865,0.1109921857714653,0.9971153736114502,0.8339357376098633
YJL106W,YGR276C,0,-2.0877042,0.1109803095459938,0.9971153736114502,0.8340361714363098
YPL123C,YOR262W,0,-2.0886698,0.11096843332052231,0.9971153736114502,0.8341365456581116
YPR106W,YKL002W,0,-2.0891538,0.11095655709505081,0.9971153736114502,0.8342369198799133
YNL020C,YAL015C,0,-2.0903587,0.11094468832015991,0.9971153736114502,0.8343373537063599
YDR200C,YJR083C,0,-2.0912492,0.11093281954526901,0.9971153736114502,0.8344377279281616
YLL021W,YLL027W,0,-2.0949368,0.11092095077037811,0.9971153736114502,0.8345381617546082
YBR038W,YDR135C,0,-2.0987673,0.11090908944606781,0.9971153736114502,0.8346385359764099
YLR228C,YOR099W,0,-2.099802,0.11089722812175751,0.9971153736114502,0.8347389698028564
YMR077C,YBL064C,0,-2.0999894,0.1108853742480278,0.9971153736114502,0.8348393440246582
YBL075C,YJR118C,0,-2.100443,0.1108735129237175,0.9971153736114502,0.8349397778511047
YOR290C,YLR172C,0,-2.1009011,0.11086166650056839,0.9971153736114502,0.8350401520729065
YKL096W-A,YGL189C,0,-2.1009848,0.11084981262683868,0.9971153736114502,0.835140585899353
YBR222C,YOL103W,0,-2.1035535,0.11083796620368958,0.9971153736114502,0.8352409601211548
YDR390C,YBL064C,0,-2.1041083,0.11082611978054047,0.9971153736114502,0.8353413939476013
YPL019C,YJR160C,0,-2.104593,0.11081427335739136,0.9971153736114502,0.8354417681694031
YFR008W,YKR019C,0,-2.104674,0.11080243438482285,0.9971153736114502,0.8355421423912048
YNL310C,YDL123W,0,-2.107933,0.11079059541225433,0.9971153736114502,0.8356425762176514
YNL172W,YPR156C,0,-2.1108856,0.11077876389026642,0.9971153736114502,0.8357429504394531
YHR138C,YLR277C,0,-2.1126475,0.1107669323682785,0.9971153736114502,0.8358433842658997
YDL099W,YNL118C,0,-2.1131897,0.11075510084629059,0.9971153736114502,0.8359437584877014
YDR530C,YPR032W,0,-2.113569,0.11074326932430267,0.9971153736114502,0.836044192314148
YDR062W,YNR011C,0,-2.114762,0.11073144525289536,0.9971153736114502,0.8361445665359497
YHL036W,YMR176W,0,-2.1152635,0.11071962118148804,0.9971153736114502,0.8362450003623962
YNL153C,YBR207W,0,-2.1169713,0.11070780456066132,0.9971153736114502,0.836345374584198
YPL019C,YOR393W,0,-2.117284,0.1106959879398346,0.9971153736114502,0.8364458084106445
YKL185W,YNL119W,0,-2.1173158,0.11068417131900787,0.9971153736114502,0.8365461826324463
YFL005W,YGL142C,0,-2.1188166,0.11067236214876175,0.9971153736114502,0.836646556854248
YHL019C,YKR049C,0,-2.1244678,0.11066054552793503,0.9971153736114502,0.8367469906806946
YJL106W,YML077W,0,-2.1246552,0.1106487438082695,0.9971153736114502,0.8368473649024963
YCL035C,YLL057C,0,-2.1248481,0.11063693463802338,0.9971153736114502,0.8369477987289429
YKL110C,YOL053C-A,0,-2.1259878,0.11062513291835785,0.9971153736114502,0.8370481729507446
YLR450W,YLR284C,0,-2.1263843,0.11061333119869232,0.9971153736114502,0.8371486067771912
YLR088W,YNL322C,0,-2.1272564,0.11060153692960739,0.9971153736114502,0.8372489809989929
YOR085W,YER091C,0,-2.1285725,0.11058974266052246,0.9971153736114502,0.8373494148254395
YPR083W,YOR324C,0,-2.1296706,0.11057794839143753,0.9971153736114502,0.8374497890472412
YLR147C,YKL095W,0,-2.1301813,0.1105661615729332,0.9971153736114502,0.8375502228736877
YOR037W,YMR235C,0,-2.1302187,0.11055436730384827,0.9971153736114502,0.8376505970954895
YJL196C,YBL058W,0,-2.1318748,0.11054258793592453,0.9971153736114502,0.837751030921936
YAR035W,YDR177W,0,-2.1347902,0.1105308011174202,0.9971153736114502,0.8378514051437378
YLR337W,YNL119W,0,-2.134956,0.11051902174949646,0.9971153736114502,0.8379517793655396
YKL185W,YPL151C,0,-2.1350837,0.11050724983215332,0.9971153736114502,0.8380522131919861
YHR037W,YLR073C,0,-2.1361558,0.11049547046422958,0.9971153736114502,0.8381525874137878
YHR101C,YDR350C,0,-2.1368403,0.11048369854688644,0.9971153736114502,0.8382530212402344
YDR392W,YNL127W,0,-2.1382377,0.1104719266295433,0.9971153736114502,0.8383533954620361
YNL015W,YOR037W,0,-2.1386535,0.11046016216278076,0.9971153736114502,0.8384538292884827
YML125C,YNL118C,0,-2.1394737,0.11044839769601822,0.9971153736114502,0.8385542035102844
YPL098C,YAL015C,0,-2.1402423,0.11043663322925568,0.9971153736114502,0.838654637336731
YLR067C,YCR040W,0,-2.142347,0.11042487621307373,0.9971153736114502,0.8387550115585327
YDR350C,YKL095W,0,-2.1443644,0.11041311919689178,0.9971153736114502,0.8388554453849792
YDL099W,YDL189W,0,-2.146274,0.11040136218070984,0.9971153736114502,0.838955819606781
YMR017W,YOR080W,0,-2.1467404,0.11038961261510849,0.9971153736114502,0.8390562534332275
YHR044C,YDL231C,0,-2.147736,0.11037786304950714,0.9971153736114502,0.8391566276550293
YDR227W,YPL049C,0,-2.1489453,0.11036611348390579,0.9971153736114502,0.839257001876831
YOR382W,YBL038W,0,-2.152893,0.11035437136888504,0.9971153736114502,0.8393574357032776
YGR175C,YOR320C,0,-2.1536932,0.11034262925386429,0.9971153736114502,0.8394578099250793
YDR443C,YJL112W,0,-2.1539001,0.11033088713884354,0.9971153736114502,0.8395582437515259
YNL007C,YBR130C,0,-2.1542974,0.11031915247440338,0.9971153736114502,0.8396586179733276
YOR059C,YIL154C,0,-2.154497,0.11030741780996323,0.9971153736114502,0.8397590517997742
YDR369C,YER095W,0,-2.1596537,0.11029568314552307,0.9971153736114502,0.8398594260215759
YDR421W,YPL202C,0,-2.1630511,0.11028394848108292,0.9971153736114502,0.8399598598480225
YOL023W,YGL183C,0,-2.1633747,0.11027222126722336,0.9971153736114502,0.8400602340698242
YER154W,YMR097C,0,-2.1647627,0.1102605015039444,0.9971153736114502,0.8401606678962708
YGL073W,YLR389C,0,-2.1648688,0.11024877429008484,0.9971153736114502,0.8402610421180725
YBR101C,YCR077C,0,-2.1659606,0.11023705452680588,0.9971153736114502,0.8403614163398743
YMR232W,YHR206W,0,-2.1665316,0.11022534221410751,0.9971153736114502,0.8404618501663208
YDR252W,YOR201C,0,-2.1672344,0.11021362245082855,0.9971153736114502,0.8405622243881226
YHR158C,YGL139W,0,-2.1684647,0.11020191013813019,0.9971153736114502,0.8406626582145691
YPL092W,YGL191W,0,-2.168673,0.11019020527601242,0.9971153736114502,0.8407630324363708
YLL002W,YER052C,0,-2.1707635,0.11017849296331406,0.9971153736114502,0.8408634662628174
YDL069C,YLR284C,0,-2.1714993,0.11016678810119629,0.9971153736114502,0.8409638404846191
YOR204W,YDR411C,0,-2.1726704,0.11015509068965912,0.9971153736114502,0.8410642743110657
YAL015C,YDR536W,0,-2.1729443,0.11014338582754135,0.9971153736114502,0.8411646485328674
YKL198C,YBR212W,0,-2.173601,0.11013168841600418,0.9971153736114502,0.841265082359314
YJL052W,YOR243C,0,-2.1749618,0.11011999845504761,0.9971153736114502,0.8413654565811157
YPR070W,YBR272C,0,-2.175414,0.11010830104351044,0.9971153736114502,0.8414658904075623
YOL003C,YKL135C,0,-2.175965,0.11009661108255386,0.9971153736114502,0.841566264629364
YDR251W,YAL002W,0,-2.1774478,0.11008492857217789,0.9971153736114502,0.8416666388511658
YHR073W,YOL071W,0,-2.1786203,0.11007323861122131,0.9971153736114502,0.8417670726776123
YMR040W,YDR129C,0,-2.178688,0.11006155610084534,0.9971153736114502,0.8418674468994141
YLR187W,YJR119C,0,-2.1803074,0.11004988104104996,0.9971153736114502,0.8419678807258606
YIL134W,YHR074W,0,-2.181534,0.11003819853067398,0.9971153736114502,0.8420682549476624
YPR081C,YPR073C,0,-2.182578,0.1100265234708786,0.9971153736114502,0.8421686887741089
YDL247W,YOR264W,0,-2.186531,0.11001485586166382,0.9971153736114502,0.8422690629959106
YLR390W,YGL183C,0,-2.1883643,0.11000318080186844,0.9971153736114502,0.8423694968223572
YAL024C,YDL195W,0,-2.1900783,0.10999151319265366,0.9971153736114502,0.8424698710441589
YDR032C,YPL208W,0,-2.1903727,0.10997985303401947,0.9971153736114502,0.8425703048706055
YMR238W,YLR321C,0,-2.1915944,0.10996818542480469,0.9971153736114502,0.8426706790924072
YOR049C,YDL225W,0,-2.1928613,0.1099565252661705,0.9971153736114502,0.8427711129188538
YPR036W,YLR383W,0,-2.193253,0.10994486510753632,0.9971153736114502,0.8428714871406555
YDL080C,YBR183W,0,-2.1940463,0.10993321239948273,0.9971153736114502,0.8429718613624573
YNR007C,YGL173C,0,-2.1948984,0.10992155969142914,0.9971153736114502,0.8430722951889038
YMR035W,YOR090C,0,-2.1950836,0.10990990698337555,0.9971153736114502,0.8431726694107056
YHR101C,YLR197W,0,-2.1955588,0.10989826172590256,0.9971153736114502,0.8432731032371521
YJL094C,YOR278W,0,-2.1959076,0.10988661646842957,0.9971153736114502,0.8433734774589539
YNL096C,YFR021W,0,-2.1961145,0.10987497121095657,0.9971153736114502,0.8434739112854004
YDR503C,YJL097W,0,-2.19635,0.10986333340406418,0.9971153736114502,0.8435742855072021
YBL069W,YNL008C,0,-2.2002082,0.10985169559717178,0.9971153736114502,0.8436747193336487
YML039W,YOR204W,0,-2.200286,0.10984005779027939,0.9971153736114502,0.8437750935554504
YDR038C,YPL096W,0,-2.200654,0.10982842743396759,0.9971153736114502,0.843875527381897
YOR034C,YDL135C,0,-2.2026122,0.10981679707765579,0.9971153736114502,0.8439759016036987
YGL073W,YGL051W,0,-2.2032652,0.109805166721344,0.9971153736114502,0.8440762758255005
YDL021W,YGL120C,0,-2.20338,0.10979354381561279,0.9971153736114502,0.844176709651947
YHL027W,YMR026C,0,-2.2035594,0.10978192090988159,0.9971153736114502,0.8442770838737488
YIL118W,YMR172W,0,-2.2044456,0.10977029800415039,0.9971153736114502,0.8443775177001953
YLR183C,YOR002W,0,-2.2050502,0.10975868254899979,0.9971153736114502,0.8444778919219971
YOL054W,YLL043W,0,-2.2059064,0.10974705964326859,0.9971153736114502,0.8445783257484436
YLR313C,YBL034C,0,-2.206203,0.10973545163869858,0.9971153736114502,0.8446786999702454
YDR256C,YNL117W,0,-2.2073226,0.10972383618354797,0.9971153736114502,0.8447791337966919
YLR102C,YAL034W-A,0,-2.207831,0.10971222817897797,0.9971153736114502,0.8448795080184937
YLR038C,YDL007W,0,-2.2094126,0.10970062762498856,0.9971153736114502,0.8449799418449402
YNL068C,YEL039C,0,-2.2097197,0.10968901962041855,0.9971153736114502,0.8450803160667419
YOR032C,YNL251C,0,-2.2125506,0.10967741906642914,0.9971153736114502,0.8451807498931885
YHR001W-A,YBL055C,0,-2.2138815,0.10966581851243973,0.9971153736114502,0.8452811241149902
YMR110C,YMR193W,0,-2.2159944,0.10965422540903091,0.9971153736114502,0.845381498336792
YGR094W,YJR126C,0,-2.2168546,0.1096426323056221,0.9971153736114502,0.8454819321632385
YGR223C,YEL017C-A,0,-2.2173457,0.10963103920221329,0.9971153736114502,0.8455823063850403
YMR008C,YGR234W,0,-2.2177103,0.10961945354938507,0.9971153736114502,0.8456827402114868
YPR036W,YJL059W,0,-2.218171,0.10960786044597626,0.9971153736114502,0.8457831144332886
YPL179W,YLL009C,0,-2.2190523,0.10959628224372864,0.9971153736114502,0.8458835482597351
YBR283C,YOR038C,0,-2.2201078,0.10958469659090042,0.9971153736114502,0.8459839224815369
YER150W,YAL043C,0,-2.2228897,0.1095731183886528,0.9971153736114502,0.8460843563079834
YMR182C,YJL214W,0,-2.2245462,0.10956154018640518,0.9971153736114502,0.8461847305297852
YAL022C,YNL025C,0,-2.2249265,0.10954996943473816,0.9971153736114502,0.8462851643562317
YHR170W,YOR192C,0,-2.2249465,0.10953839868307114,0.9971153736114502,0.8463855385780334
YOR194C,YDL097C,0,-2.225018,0.10952682793140411,0.9971153736114502,0.84648597240448
YLR390W,YKL005C,0,-2.2254043,0.10951525717973709,0.9971153736114502,0.8465863466262817
YHR186C,YPL028W,0,-2.2258017,0.10950369387865067,0.9971153736114502,0.8466867208480835
YGL090W,YBR295W,0,-2.227774,0.10949213057756424,0.9971153736114502,0.84678715467453
YJR059W,YDR356W,0,-2.2281525,0.10948057472705841,0.9971153736114502,0.8468875288963318
YNL192W,YNR031C,0,-2.2285514,0.10946901887655258,0.9971153736114502,0.8469879627227783
YOR076C,YBR084W,0,-2.2286077,0.10945746302604675,0.9971153736114502,0.8470883369445801
YDL024C,YLL026W,0,-2.229259,0.10944590717554092,0.9971153736114502,0.8471887707710266
YAL007C,YGL251C,0,-2.2296157,0.10943435877561569,0.9971153736114502,0.8472891449928284
YMR232W,YLR158C,0,-2.2303772,0.10942281037569046,0.9971153736114502,0.8473895788192749
YLR187W,YKR068C,0,-2.2322018,0.10941126942634583,0.9971153736114502,0.8474899530410767
YOR388C,YDR405W,0,-2.2324305,0.10939972847700119,0.9971153736114502,0.8475903868675232
YAR027W,YJR102C,0,-2.233076,0.10938818752765656,0.9971153736114502,0.847690761089325
YOR070C,YJL176C,0,-2.2363503,0.10937664657831192,0.9971153736114502,0.8477911353111267
YGR202C,YLR154C,0,-2.2366612,0.10936511307954788,0.9971153736114502,0.8478915691375732
YKL024C,YGR295C,0,-2.2374375,0.10935357958078384,0.9971153736114502,0.847991943359375
YDL110C,YGR097W,0,-2.2375145,0.1093420460820198,0.9971153736114502,0.8480923771858215
YLR183C,YMR208W,0,-2.2376852,0.10933052003383636,0.9971153736114502,0.8481927514076233
YKL140W,YJL004C,0,-2.240462,0.10931899398565292,0.9971153736114502,0.8482931852340698
YKL197C,YFR007W,0,-2.2405615,0.10930747538805008,0.9971153736114502,0.8483935594558716
YFR025C,YJL004C,0,-2.2410312,0.10929594933986664,0.9971153736114502,0.8484939932823181
YPL167C,YLL001W,0,-2.242135,0.10928443819284439,0.9971153736114502,0.8485943675041199
YHR037W,YOR265W,0,-2.242522,0.10927291959524155,0.9971153736114502,0.8486948013305664
YBR101C,YKL015W,0,-2.2434564,0.1092614084482193,0.9971153736114502,0.8487951755523682
YDL230W,YBL060W,0,-2.2440479,0.10924989730119705,0.9971153736114502,0.8488956093788147
YMR158W,YNL160W,0,-2.244381,0.1092383861541748,0.9971153736114502,0.8489959836006165
YDR323C,YDR400W,0,-2.2447433,0.10922688245773315,0.9971153736114502,0.8490963578224182
YER145C,YPL116W,0,-2.2450469,0.1092153787612915,0.9971153736114502,0.8491967916488647
YDR033W,YGL189C,0,-2.248071,0.10920387506484985,0.9971153736114502,0.8492971658706665
YER049W,YER038C,0,-2.2501745,0.1091923788189888,0.9971153736114502,0.849397599697113
YDL223C,YOR279C,0,-2.2514057,0.10918088257312775,0.9971153736114502,0.8494979739189148
YHR024C,YMR298W,0,-2.2521977,0.1091693863272667,0.9971153736114502,0.8495984077453613
YJL149W,YGL147C,0,-2.2523515,0.10915789753198624,0.9971153736114502,0.8496987819671631
YPL160W,YBR230C,0,-2.2531207,0.10914640873670578,0.9971153736114502,0.8497992157936096
YER022W,YDR129C,0,-2.255672,0.10913491994142532,0.9971153736114502,0.8498995900154114
YHR029C,YDR260C,0,-2.2559946,0.10912343114614487,0.9971153736114502,0.8500000238418579
YML048W,YDR246W,0,-2.256131,0.10911194980144501,0.9971153736114502,0.8501003980636597
YGR220C,YPL119C,0,-2.2602386,0.10910047590732574,0.9971153736114502,0.8502008318901062
YNL167C,YER007C-A,0,-2.2615926,0.10908899456262589,0.9971153736114502,0.850301206111908
YDR246W,YBR089C-A,0,-2.2644956,0.10907752066850662,0.9971153736114502,0.8504015803337097
YDL099W,YER096W,0,-2.2645414,0.10906604677438736,0.9971153736114502,0.8505020141601562
YJL029C,YEL002C,0,-2.2649157,0.1090545803308487,0.9971153736114502,0.850602388381958
YKL165C,YOR054C,0,-2.2660456,0.10904311388731003,0.9971153736114502,0.8507028222084045
YOL112W,YDL134C,0,-2.2688355,0.10903164744377136,0.9971153736114502,0.8508031964302063
YGL225W,YDL123W,0,-2.2709556,0.1090201884508133,0.9971153736114502,0.8509036302566528
YJL083W,YDR072C,0,-2.2713432,0.10900872200727463,0.9971153736114502,0.8510040044784546
YIL074C,YER100W,0,-2.2726207,0.10899727046489716,0.9971153736114502,0.8511044383049011
YPL031C,YBR005W,0,-2.2738101,0.10898581147193909,0.9971153736114502,0.8512048125267029
YMR065W,YJR001W,0,-2.274123,0.10897435992956161,0.9971153736114502,0.8513052463531494
YMR267W,YPL159C,0,-2.2763164,0.10896290838718414,0.9971153736114502,0.8514056205749512
YER061C,YBL022C,0,-2.2774634,0.10895145684480667,0.9971153736114502,0.8515059947967529
YGR241C,YPL234C,0,-2.2777026,0.1089400127530098,0.9971153736114502,0.8516064286231995
YIL004C,YCL039W,0,-2.2785459,0.10892856866121292,0.9971153736114502,0.8517068028450012
YLR187W,YCL003W,0,-2.2793484,0.10891713201999664,0.9971153736114502,0.8518072366714478
YHR087W,YHL025W,1,-2.2795792,0.109010711312294,0.9980769157409668,0.8518072366714478
YHR099W,YOR192C,0,-2.2799983,0.10899926722049713,0.9980769157409668,0.8519076108932495
YCR075C,YNL259C,0,-2.2805462,0.10898782312870026,0.9980769157409668,0.852008044719696
YDR005C,YGL173C,0,-2.2818134,0.10897637903690338,0.9980769157409668,0.8521084189414978
YLR048W,YLR004C,0,-2.2823324,0.1089649349451065,0.9980769157409668,0.8522088527679443
YBL085W,YGR205W,0,-2.2825944,0.10895349830389023,0.9980769157409668,0.8523092269897461
YJL157C,YEL041W,0,-2.2827044,0.10894206911325455,0.9980769157409668,0.8524096608161926
YDL022W,YBR208C,0,-2.2844567,0.10893063247203827,0.9980769157409668,0.8525100350379944
YLL029W,YLR353W,0,-2.2866857,0.10891920328140259,0.9980769157409668,0.8526104688644409
YLR150W,YOR388C,0,-2.287631,0.1089077740907669,0.9980769157409668,0.8527108430862427
YMR306W,YDR430C,0,-2.2886128,0.10889635235071182,0.9980769157409668,0.8528112173080444
YDR233C,YER044C,0,-2.292406,0.10888492316007614,0.9980769157409668,0.852911651134491
YMR163C,YJR010W,0,-2.2928314,0.10887350887060165,0.9980769157409668,0.8530120253562927
YPL258C,YHR136C,0,-2.2930224,0.10886208713054657,0.9980769157409668,0.8531124591827393
YDR510W,YDL015C,0,-2.294191,0.10885067284107208,0.9980769157409668,0.853212833404541
YNL020C,YBL091C,0,-2.2943695,0.1088392585515976,0.9980769157409668,0.8533132672309875
YDR247W,YER070W,0,-2.2948387,0.10882784426212311,0.9980769157409668,0.8534136414527893
YLL051C,YMR036C,0,-2.295389,0.10881643742322922,0.9980769157409668,0.8535140752792358
YGL158W,YJL153C,0,-2.2982368,0.10880503058433533,0.9980769157409668,0.8536144495010376
YPL179W,YLR093C,0,-2.3033955,0.10879363119602203,0.9980769157409668,0.8537148833274841
YMR020W,YHR041C,0,-2.3037715,0.10878222435712814,0.9980769157409668,0.8538152575492859
YMR115W,YOR174W,0,-2.3052325,0.10877082496881485,0.9980769157409668,0.8539156913757324
YKL158W,YNL288W,0,-2.3063428,0.10875943303108215,0.9980769157409668,0.8540160655975342
YMR139W,YLR238W,0,-2.3071969,0.10874803364276886,0.9980769157409668,0.8541164398193359
YNL146W,YJL046W,0,-2.3077154,0.10873664170503616,0.9980769157409668,0.8542168736457825
YGR258C,YPR156C,0,-2.3086033,0.10872525721788406,0.9980769157409668,0.8543172478675842
YPR192W,YLR160C,0,-2.3088145,0.10871386528015137,0.9980769157409668,0.8544176816940308
YOL152W,YJL176C,0,-2.309315,0.10870248079299927,0.9980769157409668,0.8545180559158325
YLR093C,YLR209C,0,-2.312418,0.10869109630584717,0.9980769157409668,0.854618489742279
YGR063C,YNR060W,0,-2.3171353,0.10867971926927567,0.9980769157409668,0.8547188639640808
YMR145C,YKL026C,0,-2.3175886,0.10866834223270416,0.9980769157409668,0.8548192977905273
YMR182C,YOR230W,0,-2.3177788,0.10865696519613266,0.9980769157409668,0.8549196720123291
YNR024W,YMR163C,0,-2.3242261,0.10864559561014175,0.9980769157409668,0.8550201058387756
YBR177C,YHR041C,0,-2.325556,0.10863422602415085,0.9980769157409668,0.8551204800605774
YDR268W,YKR019C,0,-2.3258932,0.10862285643815994,0.9980769157409668,0.8552208542823792
YCR094W,YLR337C,0,-2.3275707,0.10861148685216904,0.9980769157409668,0.8553212881088257
YJR033C,YMR282C,0,-2.3285465,0.10860012471675873,0.9980769157409668,0.8554216623306274
YDL113C,YGL232W,0,-2.3299842,0.10858876258134842,0.9980769157409668,0.855522096157074
YPL076W,YDR436W,0,-2.3317032,0.10857740789651871,0.9980769157409668,0.8556224703788757
YGR120C,YDR040C,0,-2.3335168,0.108566053211689,0.9980769157409668,0.8557229042053223
YNR067C,YBL055C,0,-2.3338442,0.10855469852685928,0.9980769157409668,0.855823278427124
YAR035W,YMR077C,0,-2.335397,0.10854334384202957,0.9980769157409668,0.8559237122535706
YOR156C,YBL005W,0,-2.3361244,0.10853199660778046,0.9980769157409668,0.8560240864753723
YJR123W,YMR261C,0,-2.3373375,0.10852064937353134,0.9980769157409668,0.8561245203018188
YPR030W,YLR291C,0,-2.3383634,0.10850930213928223,0.9980769157409668,0.8562248945236206
YJL013C,YGL174W,0,-2.3390436,0.10849796235561371,0.9980769157409668,0.8563253283500671
YGL170C,YNL118C,0,-2.3417652,0.10848662257194519,0.9980769157409668,0.8564257025718689
YHL032C,YKR014C,0,-2.3421507,0.10847528278827667,0.9980769157409668,0.8565260767936707
YDL113C,YGR116W,0,-2.344882,0.10846395045518875,0.9980769157409668,0.8566265106201172
YCR094W,YBL085W,0,-2.3453655,0.10845261812210083,0.9980769157409668,0.856726884841919
YNR045W,YBR005W,0,-2.3454623,0.10844128578901291,0.9980769157409668,0.8568273186683655
YOR335C,YNL161W,0,-2.346449,0.10842996090650558,0.9980769157409668,0.8569276928901672
YGR167W,YNL287W,0,-2.346719,0.10841863602399826,0.9980769157409668,0.8570281267166138
YDR031W,YHR025W,0,-2.3494334,0.10840731114149094,0.9980769157409668,0.8571285009384155
YBL023C,YPL280W,0,-2.352326,0.10839598625898361,0.9980769157409668,0.8572289347648621
YGL249W,YOR054C,0,-2.354419,0.10838466882705688,0.9980769157409668,0.8573293089866638
YDR392W,YOR259C,0,-2.3548717,0.10837335884571075,0.9980769157409668,0.8574297428131104
YFL061W,YDL070W,0,-2.3549776,0.10836204141378403,0.9980769157409668,0.8575301170349121
YDR320C,YFR040W,0,-2.3550634,0.1083507314324379,0.9980769157409668,0.8576305508613586
YLR038C,YCL051W,0,-2.3552375,0.10833942145109177,0.9980769157409668,0.8577309250831604
YOR287C,YJL172W,0,-2.3564363,0.10832811892032623,0.9980769157409668,0.8578312993049622
YDR034C,YNL161W,0,-2.357223,0.1083168089389801,0.9980769157409668,0.8579317331314087
YOR381W,YNL161W,0,-2.3582764,0.10830550640821457,0.9980769157409668,0.8580321073532104
YMR072W,YMR172W,0,-2.358509,0.10829421132802963,0.9980769157409668,0.858132541179657
YGR099W,YFL044C,0,-2.3586814,0.1082829162478447,0.9980769157409668,0.8582329154014587
YFL041W,YCL004W,0,-2.35949,0.10827162116765976,0.9980769157409668,0.8583333492279053
YPL094C,YGL058W,0,-2.362117,0.10826032608747482,0.9980769157409668,0.858433723449707
YHR158C,YLR043C,0,-2.3632946,0.10824903845787048,0.9980769157409668,0.8585341572761536
YLL012W,YJR073C,0,-2.3635297,0.10823775082826614,0.9980769157409668,0.8586345314979553
YPL042C,YNL233W,0,-2.363686,0.1082264631986618,0.9980769157409668,0.8587349653244019
YJL081C,YNR050C,0,-2.3730102,0.10821518301963806,0.9980769157409668,0.8588353395462036
YDR135C,YNL280C,0,-2.376917,0.10820389539003372,0.9980769157409668,0.8589357137680054
YGL249W,YLR196W,0,-2.3806782,0.10819262266159058,0.9980769157409668,0.8590361475944519
YJR021C,YIL022W,0,-2.381456,0.10818134248256683,0.9980769157409668,0.8591365218162537
YHR039C-A,YOR054C,0,-2.3819902,0.10817006975412369,0.9980769157409668,0.8592369556427002
YGL243W,YHR160C,0,-2.3856049,0.10815879702568054,0.9980769157409668,0.859337329864502
YGL037C,YGL115W,0,-2.3857727,0.108147531747818,0.9980769157409668,0.8594377636909485
YKL135C,YGL173C,0,-2.386306,0.10813626646995544,0.9980769157409668,0.8595381379127502
YKL155C,YDR204W,0,-2.3867338,0.1081250011920929,0.9980769157409668,0.8596385717391968
YNL127W,YPR155C,0,-2.3870406,0.10811373591423035,0.9980769157409668,0.8597389459609985
YHR146W,YAL026C,0,-2.388192,0.1081024780869484,0.9980769157409668,0.8598393797874451
YLR394W,YKL005C,0,-2.3892205,0.10809122025966644,0.9980769157409668,0.8599397540092468
YJR065C,YML063W,0,-2.3892853,0.10807996988296509,0.9980769157409668,0.8600401878356934
YPR118W,YNL230C,0,-2.3893507,0.10806871205568314,0.9980769157409668,0.8601405620574951
YDR166C,YNL233W,0,-2.3899899,0.10805746167898178,0.9980769157409668,0.8602409362792969
YGL205W,YDR279W,0,-2.3905005,0.10804621875286102,0.9980769157409668,0.8603413701057434
YGL173C,YER068W,0,-2.3914537,0.10803496837615967,0.9980769157409668,0.8604417443275452
YML107C,YLR370C,0,-2.3948202,0.10802372545003891,0.9980769157409668,0.8605421781539917
YBR218C,YMR038C,0,-2.397645,0.10801248997449875,0.9980769157409668,0.8606425523757935
YHR211W,YMR215W,0,-2.400252,0.10800124704837799,0.9980769157409668,0.86074298620224
YDR513W,YDR497C,0,-2.4003396,0.10799001157283783,0.9980769157409668,0.8608433604240417
YIL130W,YIR017C,0,-2.400364,0.10797877609729767,0.9980769157409668,0.8609437942504883
YGL098W,YBL103C,0,-2.4015045,0.1079675480723381,0.9980769157409668,0.86104416847229
YHL025W,YLL001W,0,-2.4031596,0.10795632004737854,0.9980769157409668,0.8611446022987366
YDR078C,YGL191W,0,-2.4110513,0.10794509202241898,0.9980769157409668,0.8612449765205383
YJL187C,YBL085W,0,-2.4116645,0.10793386399745941,0.9980769157409668,0.8613454103469849
YBR187W,YNL142W,0,-2.4118128,0.10792264342308044,0.9980769157409668,0.8614457845687866
YFR036W,YMR053C,0,-2.4122918,0.10791142284870148,0.9980769157409668,0.8615461587905884
YGR223C,YDR495C,0,-2.4125385,0.1079002097249031,0.9980769157409668,0.8616465926170349
YDR534C,YBL021C,0,-2.4129481,0.10788898915052414,0.9980769157409668,0.8617469668388367
YKR103W,YBL052C,0,-2.413723,0.10787778347730637,0.9980769157409668,0.8618474006652832
YBL068W,YCL034W,0,-2.415231,0.107866570353508,0.9980769157409668,0.861947774887085
YFR008W,YNR008W,0,-2.4177117,0.10785536468029022,0.9980769157409668,0.8620482087135315
YPL048W,YDR158W,0,-2.4182506,0.10784415900707245,0.9980769157409668,0.8621485829353333
YGR254W,YOR080W,0,-2.4201503,0.10783295333385468,0.9980769157409668,0.8622490167617798
YIR006C,YPL273W,0,-2.4203086,0.1078217476606369,0.9980769157409668,0.8623493909835815
YFL044C,YDR122W,0,-2.4204402,0.10781054943799973,0.9980769157409668,0.8624498248100281
YDR189W,YML042W,0,-2.4212384,0.10779935866594315,0.9980769157409668,0.8625501990318298
YNL036W,YMR172W,0,-2.4245796,0.10778816044330597,0.9980769157409668,0.8626505732536316
YIR019C,YAL030W,0,-2.424954,0.10777696967124939,0.9980769157409668,0.8627510070800781
YDR438W,YDR270W,0,-2.4261723,0.10776577889919281,0.9980769157409668,0.8628513813018799
YML015C,YNL027W,0,-2.4263349,0.10775459557771683,0.9980769157409668,0.8629518151283264
YFL026W,YJR078W,0,-2.426495,0.10774341225624084,0.9980769157409668,0.8630521893501282
YPR063C,YAL063C,0,-2.4275556,0.10773222893476486,0.9980769157409668,0.8631526231765747
YLR427W,YPL180W,0,-2.4284923,0.10772104561328888,0.9980769157409668,0.8632529973983765
YMR172W,YJL079C,0,-2.428866,0.1077098697423935,0.9980769157409668,0.863353431224823
YEL012W,YMR183C,0,-2.4291725,0.10769869387149811,0.9980769157409668,0.8634538054466248
YJR127C,YDL217C,0,-2.4322486,0.10768751800060272,0.9980769157409668,0.8635542392730713
YPR068C,YOR374W,0,-2.4337437,0.10767634958028793,0.9980769157409668,0.863654613494873
YNL223W,YNL081C,0,-2.4345155,0.10766518115997314,0.9980769157409668,0.8637550473213196
YMR198W,YOL030W,0,-2.4369264,0.10765401273965836,0.9980769157409668,0.8638554215431213
YPR191W,YLL048C,0,-2.4382787,0.10764285176992416,0.9980769157409668,0.8639557957649231
YDL046W,YPL188W,0,-2.439214,0.10763169080018997,0.9980769157409668,0.8640562295913696
YPR137W,YKL178C,0,-2.440632,0.10762052983045578,0.9980769157409668,0.8641566038131714
YBR045C,YNL335W,0,-2.4411628,0.10760936886072159,0.9980769157409668,0.8642570376396179
YDR046C,YBR093C,0,-2.4435425,0.107598215341568,0.9980769157409668,0.8643574118614197
YGL136C,YLR113W,0,-2.4436235,0.1075870618224144,0.9980769157409668,0.8644578456878662
YKL155C,YDR130C,0,-2.4438326,0.1075759157538414,0.9980769157409668,0.864558219909668
YHR209W,YGL107C,0,-2.4464407,0.1075647696852684,0.9980769157409668,0.8646586537361145
YNL287W,YDR468C,0,-2.447098,0.1075536236166954,0.9980769157409668,0.8647590279579163
YHR139C,YBR087W,0,-2.4487152,0.1075424775481224,0.9980769157409668,0.8648594617843628
YKL178C,YBR105C,0,-2.4489613,0.10753133893013,0.9980769157409668,0.8649598360061646
YDL230W,YLL003W,0,-2.4509628,0.1075202003121376,0.9980769157409668,0.8650602698326111
YDL146W,YGL035C,0,-2.451025,0.1075090616941452,0.9980769157409668,0.8651606440544128
YAR035W,YBR240C,0,-2.4513593,0.1074979305267334,0.9980769157409668,0.8652610182762146
YJR016C,YDR529C,0,-2.452856,0.1074867993593216,0.9980769157409668,0.8653614521026611
YML045W,YNL151C,0,-2.4534225,0.10747566819190979,0.9980769157409668,0.8654618263244629
YKL175W,YAL007C,0,-2.453673,0.10746454447507858,0.9980769157409668,0.8655622601509094
YDL197C,YMR282C,0,-2.453706,0.10745341330766678,0.9980769157409668,0.8656626343727112
YGR194C,YIL145C,0,-2.4540405,0.10744229704141617,0.9980769157409668,0.8657630681991577
YKR100C,YOR391C,0,-2.455251,0.10743117332458496,0.9980769157409668,0.8658634424209595
YJL078C,YJR042W,0,-2.4601402,0.10742005705833435,0.9980769157409668,0.865963876247406
YBR095C,YPL100W,0,-2.4602137,0.10740894079208374,0.9980769157409668,0.8660642504692078
YHR150W,YJL170C,0,-2.4625573,0.10739782452583313,0.9980769157409668,0.8661646842956543
YJL141C,YNL280C,0,-2.4639864,0.10738671571016312,0.9980769157409668,0.866265058517456
YPL028W,YKL067W,0,-2.464669,0.1073756068944931,0.9980769157409668,0.8663654327392578
YDL069C,YPL169C,0,-2.46485,0.10736449807882309,0.9980769157409668,0.8664658665657043
YBR272C,YOR008C,0,-2.4652982,0.10735339671373367,0.9980769157409668,0.8665662407875061
YDR503C,YPL183C,0,-2.4680338,0.10734229534864426,0.9980769157409668,0.8666666746139526
YOR187W,YER068W,0,-2.4683144,0.10733119398355484,0.9980769157409668,0.8667670488357544
YOR162C,YLR086W,0,-2.4693046,0.10732010006904602,0.9980769157409668,0.8668674826622009
YDR108W,YPL244C,0,-2.4704704,0.1073090061545372,0.9980769157409668,0.8669678568840027
YBR022W,YDR178W,0,-2.4709716,0.10729791224002838,0.9980769157409668,0.8670682907104492
YDR036C,YOL082W,0,-2.47101,0.10728681832551956,0.9980769157409668,0.867168664932251
YMR022W,YGR171C,0,-2.471324,0.10727573186159134,0.9980769157409668,0.8672690987586975
YFL026W,YGL240W,0,-2.4720137,0.10726464539766312,0.9980769157409668,0.8673694729804993
YER044C-A,YJL073W,0,-2.4728494,0.10725356638431549,0.9980769157409668,0.8674699068069458
YOL152W,YHR167W,0,-2.473061,0.10724248737096786,0.9980769157409668,0.8675702810287476
YDR166C,YNR055C,0,-2.4733522,0.10723140835762024,0.9980769157409668,0.8676706552505493
YLR142W,YFL035C,0,-2.4737804,0.10722032934427261,0.9980769157409668,0.8677710890769958
YML104C,YPR198W,0,-2.4738708,0.10720925778150558,0.9980769157409668,0.8678714632987976
YOL084W,YLR430W,0,-2.4756904,0.10719817876815796,0.9980769157409668,0.8679718971252441
YBR022W,YMR267W,0,-2.4757018,0.10718711465597153,0.9980769157409668,0.8680722713470459
YBR010W,YIL007C,0,-2.4845967,0.1071760430932045,0.9980769157409668,0.8681727051734924
YNL158W,YIL170W,0,-2.4864702,0.10716497898101807,0.9980769157409668,0.8682730793952942
YER005W,YDR158W,0,-2.4867618,0.10715391486883163,0.9980769157409668,0.8683735132217407
YDR481C,YDR034C,0,-2.488113,0.1071428582072258,0.9980769157409668,0.8684738874435425
YGR144W,YBR160W,0,-2.48884,0.10713180154561996,0.9980769157409668,0.868574321269989
YBR222C,YBL089W,0,-2.4904535,0.10712074488401413,0.9980769157409668,0.8686746954917908
YNL012W,YMR076C,0,-2.498726,0.1071096882224083,0.9980769157409668,0.8687751293182373
YGR120C,YDL015C,0,-2.4987445,0.10709863901138306,0.9980769157409668,0.8688755035400391
YHR111W,YGR191W,0,-2.4994235,0.10708758980035782,0.9980769157409668,0.8689758777618408
YOR092W,YAR042W,0,-2.5006256,0.10707654058933258,0.9980769157409668,0.8690763115882874
YPL036W,YIL126W,0,-2.5009189,0.10706549882888794,0.9980769157409668,0.8691766858100891
YDL223C,YOR310C,0,-2.501254,0.1070544570684433,0.9980769157409668,0.8692771196365356
YHR146W,YDR297W,0,-2.5026608,0.10704341530799866,0.9980769157409668,0.8693774938583374
YHR110W,YGL030W,0,-2.5027833,0.10703238099813461,0.9980769157409668,0.8694779276847839
YDR388W,YNL029C,0,-2.502871,0.10702133923768997,0.9980769157409668,0.8695783019065857
YDL204W,YBR125C,0,-2.5036578,0.10701031237840652,0.9980769157409668,0.8696787357330322
YMR001C,YBR082C,0,-2.5037606,0.10699927806854248,0.9980769157409668,0.869779109954834
YPR138C,YBR177C,0,-2.5037994,0.10698825120925903,0.9980769157409668,0.8698795437812805
YNR061C,YNL330C,0,-2.5041091,0.10697722434997559,0.9980769157409668,0.8699799180030823
YER180C,YCL034W,0,-2.5044022,0.10696619749069214,0.9980769157409668,0.870080292224884
YMR314W,YNL251C,0,-2.5057588,0.10695517808198929,0.9980769157409668,0.8701807260513306
YDR270W,YLR074C,0,-2.5065966,0.10694415867328644,0.9980769157409668,0.8702811002731323
YLR260W,YGR010W,0,-2.5068798,0.10693313926458359,0.9980769157409668,0.8703815340995789
YDR411C,YOR027W,0,-2.5068886,0.10692212730646133,0.9980769157409668,0.8704819083213806
YLL055W,YPR057W,0,-2.5082011,0.10691111534833908,0.9980769157409668,0.8705823421478271
YJL026W,YFR038W,0,-2.5086198,0.10690010339021683,0.9980769157409668,0.8706827163696289
YIL109C,YEL024W,0,-2.509071,0.10688909143209457,0.9980769157409668,0.8707831501960754
YMR203W,YGL183C,0,-2.5116148,0.10687808692455292,0.9980769157409668,0.8708835244178772
YGR055W,YHR114W,0,-2.5116284,0.10686708241701126,0.9980769157409668,0.8709839582443237
YMR264W,YPL019C,0,-2.5120397,0.1068560853600502,0.9980769157409668,0.8710843324661255
YER133W,YNL325C,0,-2.5135756,0.10684508830308914,0.9980769157409668,0.871184766292572
YLR313C,YCR024C,0,-2.513624,0.10683409124612808,0.9980769157409668,0.8712851405143738
YGR199W,YDR122W,0,-2.5136247,0.10682309418916702,0.9980769157409668,0.8713855147361755
YCL048W,YOL059W,0,-2.5151935,0.10681210458278656,0.9980769157409668,0.8714859485626221
YKL089W,YGL212W,0,-2.5160894,0.1068011075258255,0.9980769157409668,0.8715863227844238
YEL031W,YDR317W,0,-2.51692,0.10679012537002563,0.9980769157409668,0.8716867566108704
YNR001C,YML100W,0,-2.5171087,0.10677913576364517,0.9980769157409668,0.8717871308326721
YPR134W,YDR386W,0,-2.5224915,0.1067681536078453,0.9980769157409668,0.8718875646591187
YOR129C,YLR383W,0,-2.522612,0.10675717145204544,0.9980769157409668,0.8719879388809204
YEL022W,YGL104C,0,-2.523345,0.10674619674682617,0.9980769157409668,0.8720883727073669
YLL002W,YGL090W,0,-2.524407,0.1067352220416069,0.9980769157409668,0.8721887469291687
YLR037C,YHR056C,0,-2.5257258,0.10672424733638763,0.9980769157409668,0.8722891807556152
YKL048C,YBR065C,0,-2.5264113,0.10671327263116837,0.9980769157409668,0.872389554977417
YMR213W,YDR038C,0,-2.527254,0.1067023053765297,0.9980769157409668,0.8724899888038635
YBR097W,YPL007C,0,-2.527278,0.10669133812189102,0.9980769157409668,0.8725903630256653
YNL012W,YCR072C,0,-2.52795,0.10668037086725235,0.9980769157409668,0.872690737247467
YKL174C,YBL100W-B,0,-2.528069,0.10666940361261368,0.9980769157409668,0.8727911710739136
YML011C,YDR197W,0,-2.5297964,0.1066584438085556,0.9980769157409668,0.8728915452957153
YER060W,YGL059W,0,-2.530396,0.10664749145507812,0.9980769157409668,0.8729919791221619
YNL127W,YHR051W,0,-2.5320797,0.10663653165102005,0.9980769157409668,0.8730923533439636
YMR076C,YOR270C,0,-2.5323138,0.10662557929754257,0.9980769157409668,0.8731927871704102
YHR175W,YCL068C,0,-2.5331223,0.1066146269440651,0.9980769157409668,0.8732931613922119
YBL022C,YPL078C,0,-2.5345237,0.10660367459058762,0.9980769157409668,0.8733935952186584
YIL128W,YDR513W,0,-2.535459,0.10659272968769073,0.9980769157409668,0.8734939694404602
YNL048W,YBR282W,0,-2.536704,0.10658178478479385,0.9980769157409668,0.8735944032669067
YLR190W,YJR084W,0,-2.538001,0.10657083988189697,0.9980769157409668,0.8736947774887085
YKL141W,YBR183W,0,-2.5384536,0.10655990242958069,0.9980769157409668,0.8737951517105103
YML047C,YDR507C,0,-2.5393066,0.1065489649772644,0.9980769157409668,0.8738955855369568
YML070W,YKR054C,0,-2.5404587,0.10653802752494812,0.9980769157409668,0.8739959597587585
YOL116W,YGL128C,0,-2.5408955,0.10652709007263184,0.9980769157409668,0.8740963935852051
YOL062C,YKR071C,0,-2.5435293,0.10651616007089615,0.9980769157409668,0.8741967678070068
YNL123W,YDL142C,0,-2.5439558,0.10650523006916046,0.9980769157409668,0.8742972016334534
YDR438W,YPL271W,0,-2.547712,0.10649430751800537,0.9980769157409668,0.8743975758552551
YBR015C,YKL150W,0,-2.5496206,0.10648337751626968,0.9980769157409668,0.8744980096817017
YAL007C,YPR155C,0,-2.54986,0.10647246241569519,0.9980769157409668,0.8745983839035034
YNR037C,YER095W,0,-2.5504372,0.1064615398645401,0.9980769157409668,0.87469881772995
YFR019W,YKL077W,0,-2.5535488,0.10645061731338501,0.9980769157409668,0.8747991919517517
YOR267C,YNL268W,0,-2.5536098,0.10643970221281052,0.9980769157409668,0.8748996257781982
YHL006C,YJL155C,0,-2.5541096,0.10642879456281662,0.9980769157409668,0.875
YDR481C,YFR029W,0,-2.5555983,0.10641787946224213,0.9980769157409668,0.8751003742218018
YBR101C,YBR121C,0,-2.5570757,0.10640697181224823,0.9980769157409668,0.8752008080482483
YBR240C,YPL196W,0,-2.5572047,0.10639606416225433,0.9980769157409668,0.87530118227005
YDR534C,YOR239W,0,-2.5572162,0.10638515651226044,0.9980769157409668,0.8754016160964966
YPL100W,YIL078W,0,-2.5574589,0.10637425631284714,0.9980769157409668,0.8755019903182983
YGL021W,YBR158W,0,-2.558113,0.10636335611343384,0.9980769157409668,0.8756024241447449
YNL291C,YBR005W,0,-2.558189,0.10635245591402054,0.9980769157409668,0.8757027983665466
YIL017W,YKL205W,0,-2.558216,0.10634156316518784,0.9980769157409668,0.8758032321929932
YJL057C,YOR117W,0,-2.560717,0.10633067041635513,0.9980769157409668,0.8759036064147949
YPL065W,YBR198C,0,-2.5613225,0.10631977766752243,0.9980769157409668,0.8760040402412415
YDR403W,YLR363C,0,-2.5623045,0.10630889236927032,0.9980769157409668,0.8761044144630432
YDR179C,YMR313C,0,-2.563728,0.10629799962043762,0.9980769157409668,0.8762048482894897
YBR169C,YNL112W,0,-2.5662785,0.10628712177276611,0.9980769157409668,0.8763052225112915
YPL194W,YBR230C,0,-2.566699,0.10627623647451401,0.9980769157409668,0.8764055967330933
YOR081C,YGL112C,0,-2.5681427,0.1062653586268425,0.9980769157409668,0.8765060305595398
YPL155C,YGR118W,0,-2.5693755,0.10625448077917099,0.9980769157409668,0.8766064047813416
YPL215W,YPL186C,0,-2.5702817,0.10624360293149948,0.9980769157409668,0.8767068386077881
YKL110C,YBR294W,0,-2.5703971,0.10623273253440857,0.9980769157409668,0.8768072128295898
YOR132W,YNR050C,0,-2.5711734,0.10622185468673706,0.9980769157409668,0.8769076466560364
YGR024C,YMR175W,0,-2.5717702,0.10621099174022675,0.9980769157409668,0.8770080208778381
YLR115W,YNL025C,0,-2.5734806,0.10620012134313583,0.9980769157409668,0.8771084547042847
YLR313C,YKL182W,0,-2.5738573,0.10618925839662552,0.9980769157409668,0.8772088289260864
YPR008W,YGL063W,0,-2.5741315,0.1061783954501152,0.9980769157409668,0.877309262752533
YDR046C,YKL096W-A,0,-2.576558,0.10616753250360489,0.9980769157409668,0.8774096369743347
YHR012W,YCR038C,0,-2.5765686,0.10615667700767517,0.9980769157409668,0.8775100111961365
YPR083W,YGL168W,0,-2.5792637,0.10614582151174545,0.9980769157409668,0.877610445022583
YBL031W,YOR388C,0,-2.5813608,0.10613496601581573,0.9980769157409668,0.8777108192443848
YHR194W,YBR162C,0,-2.5836678,0.10612411797046661,0.9980769157409668,0.8778112530708313
YDR263C,YNL317W,0,-2.5856218,0.10611326992511749,0.9980769157409668,0.8779116272926331
YLR025W,YLR055C,0,-2.586731,0.10610242187976837,0.9980769157409668,0.8780120611190796
YBR153W,YDL195W,0,-2.5907598,0.10609158128499985,0.9980769157409668,0.8781124353408813
YKL080W,YDR395W,0,-2.5930076,0.10608073323965073,0.9980769157409668,0.8782128691673279
YDR472W,YDR405W,0,-2.5934625,0.1060698926448822,0.9980769157409668,0.8783132433891296
YBR272C,YOR374W,0,-2.5934863,0.10605905950069427,0.9980769157409668,0.8784136772155762
YMR017W,YOR332W,0,-2.5958042,0.10604821890592575,0.9980769157409668,0.8785140514373779
YGR185C,YPR131C,0,-2.59692,0.10603738576173782,0.9980769157409668,0.8786144852638245
YDR033W,YNR011C,0,-2.5972862,0.1060265600681305,0.9980769157409668,0.8787148594856262
YMR238W,YPL022W,0,-2.5990856,0.10601572692394257,0.9980769157409668,0.878815233707428
YOR126C,YOR069W,0,-2.604135,0.10600490123033524,0.9980769157409668,0.8789156675338745
YER184C,YOR129C,0,-2.604941,0.1059940755367279,0.9980769157409668,0.8790160417556763
YLR024C,YDL113C,0,-2.6055245,0.10598325729370117,0.9980769157409668,0.8791164755821228
YDR513W,YBL085W,0,-2.6064088,0.10597243160009384,0.9980769157409668,0.8792168498039246
YIL009C-A,YLR439W,0,-2.6089702,0.10596161335706711,0.9980769157409668,0.8793172836303711
YLL029W,YDR453C,0,-2.6116698,0.10595080256462097,0.9980769157409668,0.8794176578521729
YOR059C,YDR204W,0,-2.6158013,0.10593998432159424,0.9980769157409668,0.8795180916786194
YIL101C,YOL066C,0,-2.6167243,0.1059291735291481,0.9980769157409668,0.8796184659004211
YER168C,YPR049C,0,-2.617597,0.10591837018728256,0.9980769157409668,0.8797188997268677
YBL075C,YMR302C,0,-2.6179056,0.10590755939483643,0.9980769157409668,0.8798192739486694
YCR010C,YER139C,0,-2.618513,0.10589675605297089,0.9980769157409668,0.879919707775116
YOR043W,YBR180W,0,-2.618689,0.10588595271110535,0.9980769157409668,0.8800200819969177
YDL072C,YDR337W,0,-2.6198604,0.10587514936923981,0.9980769157409668,0.8801204562187195
YML005W,YLR330W,0,-2.620567,0.10586435347795486,0.9980769157409668,0.880220890045166
YGR193C,YKR038C,0,-2.6214468,0.10585355758666992,0.9980769157409668,0.8803212642669678
YBR101C,YMR005W,0,-2.6217294,0.10584276169538498,0.9980769157409668,0.8804216980934143
YDR231C,YJL083W,0,-2.6224394,0.10583197325468063,0.9980769157409668,0.8805220723152161
YGL233W,YDR276C,0,-2.6235974,0.10582118481397629,0.9980769157409668,0.8806225061416626
YNL085W,YGL170C,0,-2.6242087,0.10581039637327194,0.9980769157409668,0.8807228803634644
YEL017C-A,YML013W,0,-2.6259723,0.1057996153831482,0.9980769157409668,0.8808233141899109
YLR088W,YLR037C,0,-2.6261582,0.10578882694244385,0.9980769157409668,0.8809236884117126
YGR189C,YDR453C,0,-2.6264393,0.1057780459523201,0.9980769157409668,0.8810241222381592
YOR002W,YGL189C,0,-2.6278496,0.10576727241277695,0.9980769157409668,0.8811244964599609
YER150W,YEL052W,0,-2.6280484,0.1057564988732338,0.9980769157409668,0.8812248706817627
YGL186C,YDR122W,0,-2.6284819,0.10574571788311005,0.9980769157409668,0.8813253045082092
YDR251W,YBR299W,0,-2.6288953,0.10573495179414749,0.9980769157409668,0.881425678730011
YML120C,YDR479C,0,-2.630557,0.10572417825460434,0.9980769157409668,0.8815261125564575
YLR083C,YLR153C,0,-2.6333196,0.10571341216564178,0.9980769157409668,0.8816264867782593
YJL005W,YHR058C,0,-2.6346083,0.10570264607667923,0.9980769157409668,0.8817269206047058
YOR065W,YBL007C,0,-2.6350045,0.10569188743829727,0.9980769157409668,0.8818272948265076
YOR049C,YDR308C,0,-2.636383,0.10568112134933472,0.9980769157409668,0.8819277286529541
YPR030W,YEL024W,0,-2.6365092,0.10567036271095276,0.9980769157409668,0.8820281028747559
YLR360W,YDR096W,0,-2.6370654,0.1056596115231514,0.9980769157409668,0.8821285367012024
YCL024W,YJL176C,0,-2.6404705,0.10564885288476944,0.9980769157409668,0.8822289109230042
YER052C,YOR151C,0,-2.6407514,0.10563810169696808,0.9980769157409668,0.8823293447494507
YDR456W,YOR270C,0,-2.641683,0.10562735050916672,0.9980769157409668,0.8824297189712524
YLR248W,YBR267W,0,-2.6429524,0.10561660677194595,0.9980769157409668,0.8825300931930542
YJL083W,YPL001W,0,-2.6435766,0.10560586303472519,0.9980769157409668,0.8826305270195007
YML102W,YKL189W,0,-2.6450334,0.10559511929750443,0.9980769157409668,0.8827309012413025
YNL127W,YJL164C,0,-2.6458025,0.10558437556028366,0.9980769157409668,0.882831335067749
YNL223W,YKL015W,0,-2.6489978,0.1055736392736435,0.9980769157409668,0.8829317092895508
YHR175W,YKL085W,0,-2.6498876,0.10556290298700333,0.9980769157409668,0.8830321431159973
YGL192W,YIL147C,0,-2.6505344,0.10555216670036316,0.9980769157409668,0.8831325173377991
YGL170C,YBL005W,0,-2.6523438,0.10554143041372299,0.9980769157409668,0.8832329511642456
YOL100W,YER178W,0,-2.6524968,0.10553070157766342,0.9980769157409668,0.8833333253860474
YBR272C,YLR032W,0,-2.6534114,0.10551997274160385,0.9980769157409668,0.8834337592124939
YJL005W,YGL144C,0,-2.6538754,0.10550925135612488,0.9980769157409668,0.8835341334342957
YKR044W,YAL060W,0,-2.6545386,0.1054985299706459,0.9980769157409668,0.8836345672607422
YOL117W,YIL043C,0,-2.6547494,0.10548780858516693,0.9980769157409668,0.883734941482544
YMR109W,YNL142W,0,-2.6547546,0.10547708719968796,0.9980769157409668,0.8838353157043457
YPL262W,YPR199C,0,-2.6554928,0.10546636581420898,0.9980769157409668,0.8839357495307922
YPL058C,YPR017C,0,-2.6572373,0.10545565187931061,0.9980769157409668,0.884036123752594
YDR150W,YCR040W,0,-2.6593359,0.10544493794441223,0.9980769157409668,0.8841365575790405
YOR143C,YCL004W,0,-2.6598992,0.10543423146009445,0.9980769157409668,0.8842369318008423
YGL093W,YKL218C,0,-2.6601892,0.10542352497577667,0.9980769157409668,0.8843373656272888
YPL123C,YDR067C,0,-2.6620321,0.10541281849145889,0.9980769157409668,0.8844377398490906
YIR005W,YKR090W,0,-2.6634116,0.10540211200714111,0.9980769157409668,0.8845381736755371
YCR037C,YOR243C,0,-2.6650536,0.10539141297340393,0.9980769157409668,0.8846385478973389
YJR103W,YNR003C,0,-2.6671026,0.10538071393966675,0.9980769157409668,0.8847389817237854
YFR005C,YOL111C,0,-2.6675518,0.10537001490592957,0.9980769157409668,0.8848393559455872
YNR028W,YDR273W,0,-2.6681066,0.10535931587219238,0.9980769157409668,0.8849397301673889
YLR164W,YDL128W,0,-2.6697454,0.1053486242890358,0.9980769157409668,0.8850401639938354
YNL304W,YCL043C,0,-2.670229,0.10533793270587921,0.9980769157409668,0.8851405382156372
YGR177C,YGL137W,0,-2.6710508,0.10532724857330322,0.9980769157409668,0.8852409720420837
YBL061C,YGL119W,0,-2.671782,0.10531655699014664,0.9980769157409668,0.8853413462638855
YGL071W,YER033C,0,-2.6720495,0.10530587285757065,0.9980769157409668,0.885441780090332
YDR107C,YDR375C,0,-2.6729631,0.10529518872499466,0.9980769157409668,0.8855421543121338
YBR287W,YEL039C,0,-2.673417,0.10528451204299927,0.9980769157409668,0.8856425881385803
YDL085W,YNL008C,0,-2.6767566,0.10527383536100388,0.9980769157409668,0.8857429623603821
YOR377W,YLL001W,0,-2.6785321,0.10526315867900848,0.9980769157409668,0.8858433961868286
YMR117C,YHR168W,0,-2.6789463,0.10525248199701309,0.9980769157409668,0.8859437704086304
YNR072W,YLR004C,0,-2.6795897,0.1052418127655983,0.9980769157409668,0.8860442042350769
YER164W,YDL135C,0,-2.6806953,0.1052311435341835,0.9980769157409668,0.8861445784568787
YMR163C,YGL107C,0,-2.682054,0.10522047430276871,0.9980769157409668,0.8862449526786804
YPR106W,YGL096W,0,-2.6821704,0.10520981252193451,0.9980769157409668,0.886345386505127
YHR181W,YDL245C,0,-2.6825593,0.10519915074110031,0.9980769157409668,0.8864457607269287
YGR083C,YHR004C,0,-2.68325,0.10518848896026611,0.9980769157409668,0.8865461945533752
YLR047C,YDR047W,0,-2.684012,0.10517782717943192,0.9980769157409668,0.886646568775177
YJL112W,YER096W,0,-2.6848934,0.10516717284917831,0.9980769157409668,0.8867470026016235
YOR124C,YBL022C,0,-2.6849012,0.10515651851892471,0.9980769157409668,0.8868473768234253
YPR083W,YNL297C,0,-2.6869483,0.10514586418867111,0.9980769157409668,0.8869478106498718
YNL268W,YKL051W,0,-2.687418,0.10513521730899811,0.9980769157409668,0.8870481848716736
YBR295W,YMR156C,0,-2.6887412,0.1051245704293251,0.9980769157409668,0.8871486186981201
YJL029C,YMR272C,0,-2.6892185,0.1051139235496521,0.9980769157409668,0.8872489929199219
YOR136W,YDL245C,0,-2.6920485,0.10510328412055969,0.9980769157409668,0.8873494267463684
YLR313C,YPL126W,0,-2.6940002,0.10509263724088669,0.9980769157409668,0.8874498009681702
YHR111W,YKL189W,0,-2.6993034,0.10508199781179428,0.9980769157409668,0.8875501751899719
YKL138C-A,YPR131C,0,-2.700308,0.10507136583328247,0.9980769157409668,0.8876506090164185
YAL058W,YER178W,0,-2.7005343,0.10506072640419006,0.9980769157409668,0.8877509832382202
YPR171W,YDR393W,0,-2.700816,0.10505009442567825,0.9980769157409668,0.8878514170646667
YGL180W,YHL047C,0,-2.7009,0.10503946244716644,0.9980769157409668,0.8879517912864685
YGR143W,YNL290W,0,-2.701061,0.10502883791923523,0.9980769157409668,0.888052225112915
YOR075W,YER143W,0,-2.7029939,0.10501821339130402,0.9980769157409668,0.8881525993347168
YCL029C,YKL161C,0,-2.7031841,0.1050075888633728,0.9980769157409668,0.8882530331611633
YLR266C,YIR005W,0,-2.7039254,0.10499696433544159,0.9980769157409668,0.8883534073829651
YML052W,YLR246W,0,-2.7042222,0.10498634725809097,0.9980769157409668,0.8884538412094116
YJL153C,YML091C,0,-2.7042332,0.10497573018074036,0.9980769157409668,0.8885542154312134
YKL201C,YDR122W,0,-2.7044299,0.10496511310338974,0.9980769157409668,0.8886545896530151
YFR014C,YLR433C,0,-2.7049437,0.10495449602603912,0.9980769157409668,0.8887550234794617
YER150W,YDR386W,0,-2.7049599,0.1049438863992691,0.9980769157409668,0.8888553977012634
YER023W,YDR483W,0,-2.70913,0.10493327677249908,0.9980769157409668,0.88895583152771
YLR390W-A,YDR516C,0,-2.7108204,0.10492267459630966,0.9980769157409668,0.8890562057495117
YCL066W,YGR010W,0,-2.7159889,0.10491206496953964,0.9980769157409668,0.8891566395759583
YBR177C,YIL133C,0,-2.7163117,0.10490146279335022,0.9980769157409668,0.88925701379776
YMR172W,YDR072C,0,-2.716505,0.1048908680677414,0.9980769157409668,0.8893574476242065
YDL015C,YOR380W,0,-2.7196727,0.10488026589155197,0.9980769157409668,0.8894578218460083
YNL242W,YDR416W,0,-2.7212415,0.10486967116594315,0.9980769157409668,0.8895582556724548
YCR005C,YKL001C,0,-2.7219474,0.10485907644033432,0.9980769157409668,0.8896586298942566
YCL004W,YDL045C,0,-2.721979,0.1048484817147255,0.9980769157409668,0.8897590637207031
YCR024C,YOL028C,0,-2.722849,0.10483789443969727,0.9980769157409668,0.8898594379425049
YPL178W,YER179W,0,-2.7232127,0.10482730716466904,0.9980769157409668,0.8899598121643066
YAL062W,YGL060W,0,-2.7254581,0.10481671988964081,0.9980769157409668,0.8900602459907532
YBL056W,YLR238W,0,-2.7276015,0.10480614006519318,0.9980769157409668,0.8901606202125549
YKL007W,YBL106C,0,-2.729824,0.10479556024074554,0.9980769157409668,0.8902610540390015
YMR195W,YIL132C,0,-2.731083,0.10478498041629791,0.9980769157409668,0.8903614282608032
YHR139C,YFL044C,0,-2.7317095,0.10477440059185028,0.9980769157409668,0.8904618620872498
YDR022C,YAL025C,0,-2.733554,0.10476382821798325,0.9980769157409668,0.8905622363090515
YLR248W,YML100W,0,-2.7336893,0.10475325584411621,0.9980769157409668,0.890662670135498
YNL246W,YMR088C,0,-2.7354422,0.10474268347024918,0.9980769157409668,0.8907630443572998
YJR015W,YPR156C,0,-2.736171,0.10473211854696274,0.9980769157409668,0.8908634781837463
YDL022W,YGL078C,0,-2.7364721,0.1047215461730957,0.9980769157409668,0.8909638524055481
YER044C-A,YCR004C,0,-2.7368839,0.10471098870038986,0.9980769157409668,0.8910642862319946
YDL142C,YOR233W,0,-2.7391617,0.10470042377710342,0.9980769157409668,0.8911646604537964
YGL205W,YPR028W,0,-2.7391896,0.10468986630439758,0.9980769157409668,0.8912650346755981
YER060W-A,YPL017C,0,-2.7396336,0.10467930883169174,0.9980769157409668,0.8913654685020447
YLR187W,YDR430C,0,-2.740497,0.1046687513589859,0.9980769157409668,0.8914658427238464
YAL056W,YER168C,0,-2.7413714,0.10465819388628006,0.9980769157409668,0.891566276550293
YLR090W,YDR059C,0,-2.7427235,0.10464764386415482,0.9980769157409668,0.8916666507720947
YOR267C,YLR079W,0,-2.7431664,0.10463709384202957,0.9980769157409668,0.8917670845985413
YDR148C,YDR137W,0,-2.7437885,0.10462655127048492,0.9980769157409668,0.891867458820343
YBR097W,YGL192W,0,-2.7457588,0.10461600124835968,0.9980769157409668,0.8919678926467896
YDR425W,YNL056W,0,-2.7458038,0.10460545867681503,0.9980769157409668,0.8920682668685913
YGR254W,YKR059W,0,-2.746645,0.10459492355585098,0.9980769157409668,0.8921687006950378
YOR043W,YJL054W,0,-2.7470975,0.10458438098430634,0.9980769157409668,0.8922690749168396
YLR447C,YDR405W,0,-2.7475328,0.10457384586334229,0.9980769157409668,0.8923694491386414
YDR031W,YHR041C,0,-2.7484252,0.10456331074237823,0.9980769157409668,0.8924698829650879
YNL297C,YKL161C,0,-2.7506127,0.10455278307199478,0.9980769157409668,0.8925702571868896
YKR031C,YBR275C,0,-2.753528,0.10454224795103073,0.9980769157409668,0.8926706910133362
YDR256C,YDR289C,0,-2.7550583,0.10453172028064728,0.9980769157409668,0.8927710652351379
YLR011W,YBR054W,0,-2.7557938,0.10452119261026382,0.9980769157409668,0.8928714990615845
YDR100W,YOR168W,0,-2.75619,0.10451067239046097,0.9980769157409668,0.8929718732833862
YMR137C,YGL061C,0,-2.7568867,0.10450015217065811,0.9980769157409668,0.8930723071098328
YOR242C,YLL022C,0,-2.7577982,0.10448963195085526,0.9980769157409668,0.8931726813316345
YOR267C,YLR266C,0,-2.7590122,0.1044791117310524,0.9980769157409668,0.893273115158081
YGR177C,YBR023C,0,-2.7607837,0.10446859896183014,0.9980769157409668,0.8933734893798828
YER145C,YLR324W,0,-2.7615478,0.10445808619260788,0.9980769157409668,0.8934739232063293
YBR294W,YER038C,0,-2.7621114,0.10444757342338562,0.9980769157409668,0.8935742974281311
YHR153C,YFL014W,0,-2.7627773,0.10443706810474396,0.9980769157409668,0.8936746716499329
YER145C,YOR383C,0,-2.762851,0.1044265627861023,0.9980769157409668,0.8937751054763794
YOR034C,YBR245C,0,-2.7673035,0.10441605746746063,0.9980769157409668,0.8938754796981812
YBL047C,YDL078C,0,-2.7691774,0.10440555214881897,0.9980769157409668,0.8939759135246277
YDR256C,YDR038C,0,-2.7723072,0.1043950542807579,0.9980769157409668,0.8940762877464294
YHL047C,YBR109C,0,-2.772481,0.10438455641269684,0.9980769157409668,0.894176721572876
YKR102W,YGR055W,0,-2.7732189,0.10437405854463577,0.9980769157409668,0.8942770957946777
YPL223C,YKL143W,0,-2.7736216,0.10436356067657471,0.9980769157409668,0.8943775296211243
YIR036C,YMR234W,0,-2.7747312,0.10435307025909424,0.9980769157409668,0.894477903842926
YNL118C,YCL064C,0,-2.775421,0.10434257984161377,0.9980769157409668,0.8945783376693726
YJR001W,YBL031W,0,-2.77596,0.1043320968747139,0.9980769157409668,0.8946787118911743
YNL044W,YBR180W,0,-2.7772093,0.10432160645723343,0.9980769157409668,0.8947791457176208
YDR229W,YDL154W,0,-2.7789993,0.10431112349033356,0.9980769157409668,0.8948795199394226
YNL239W,YNL066W,0,-2.7798343,0.10430064052343369,0.9980769157409668,0.8949798941612244
YLL006W,YBR065C,0,-2.780408,0.10429016500711441,0.9980769157409668,0.8950803279876709
YDR326C,YDR151C,0,-2.7812762,0.10427968949079514,0.9980769157409668,0.8951807022094727
YMR311C,YNL138W-A,0,-2.7828698,0.10426921397447586,0.9980769157409668,0.8952811360359192
YDR270W,YKR006C,0,-2.7836304,0.10425873845815659,0.9980769157409668,0.895381510257721
YOL165C,YML106W,0,-2.7838206,0.10424827039241791,0.9980769157409668,0.8954819440841675
YMR264W,YDR470C,0,-2.7840571,0.10423780232667923,0.9980769157409668,0.8955823183059692
YIL147C,YJR010W,0,-2.78459,0.10422733426094055,0.9980769157409668,0.8956827521324158
YBR287W,YDR545W,0,-2.7856917,0.10421686619520187,0.9980769157409668,0.8957831263542175
YKL218C,YDR195W,0,-2.7864628,0.10420640558004379,0.9980769157409668,0.8958835601806641
YMR306W,YML031W,0,-2.7864876,0.10419594496488571,0.9980769157409668,0.8959839344024658
YGL219C,YPL204W,0,-2.7870898,0.10418548434972763,0.9980769157409668,0.8960843086242676
YFL047W,YOR014W,0,-2.7881918,0.10417503118515015,0.9980769157409668,0.8961847424507141
YLR353W,YDR031W,0,-2.7927485,0.10416457802057266,0.9980769157409668,0.8962851166725159
YJR134C,YNL012W,0,-2.7945867,0.10415412485599518,0.9980769157409668,0.8963855504989624
YLR193C,YGL016W,0,-2.7969093,0.1041436716914177,0.9980769157409668,0.8964859247207642
YOR066W,YEL041W,0,-2.7976928,0.1041332259774208,0.9980769157409668,0.8965863585472107
YJL208C,YPL203W,0,-2.7994182,0.10412278026342392,0.9980769157409668,0.8966867327690125
YGL028C,YLR052W,0,-2.8008387,0.10411233454942703,0.9980769157409668,0.896787166595459
YBR291C,YAL041W,0,-2.8008637,0.10410189628601074,0.9980769157409668,0.8968875408172607
YIL173W,YPR125W,0,-2.8029552,0.10409145802259445,0.9980769157409668,0.8969879746437073
YGR194C,YNL048W,0,-2.805529,0.10408101975917816,0.9980769157409668,0.897088348865509
YDR510W,YOL082W,0,-2.807827,0.10407058149576187,0.9980769157409668,0.8971887826919556
YCL068C,YGR029W,0,-2.8093157,0.10406015068292618,0.9980769157409668,0.8972891569137573
YKL064W,YDR439W,0,-2.8103113,0.10404971987009048,0.9980769157409668,0.8973895311355591
YJL180C,YNL142W,0,-2.811558,0.10403928905725479,0.9980769157409668,0.8974899649620056
YDR356W,YKL129C,0,-2.813385,0.1040288656949997,0.9980769157409668,0.8975903391838074
YCR107W,YPL159C,0,-2.8148384,0.1040184423327446,0.9980769157409668,0.8976907730102539
YBR145W,YPL010W,0,-2.8166065,0.1040080189704895,0.9980769157409668,0.8977911472320557
YJR046W,YHR108W,0,-2.8167253,0.1039975956082344,0.9980769157409668,0.8978915810585022
YJL083W,YHR090C,0,-2.8186724,0.1039871796965599,0.9980769157409668,0.897991955280304
YNL055C,YAL017W,0,-2.8206978,0.1039767637848854,0.9980769157409668,0.8980923891067505
YEL053C,YBR158W,0,-2.8240366,0.10396634787321091,0.9980769157409668,0.8981927633285522
YBR278W,YDR313C,0,-2.8245459,0.10395593196153641,0.9980769157409668,0.8982931971549988
YIL153W,YKL029C,0,-2.8279595,0.1039455235004425,0.9980769157409668,0.8983935713768005
YMR218C,YDR383C,0,-2.8299713,0.1039351150393486,0.9980769157409668,0.8984940052032471
YJL087C,YKL093W,0,-2.8304825,0.1039247065782547,0.9980769157409668,0.8985943794250488
YBL047C,YNL178W,0,-2.8309174,0.1039143055677414,0.9980769157409668,0.8986947536468506
YLR160C,YBL026W,0,-2.8340898,0.10390390455722809,0.9980769157409668,0.8987951874732971
YHR096C,YJR016C,0,-2.8342085,0.10389350354671478,0.9980769157409668,0.8988955616950989
YIR023W,YLL022C,0,-2.8355217,0.10388310998678207,0.9980769157409668,0.8989959955215454
YGL045W,YGL251C,0,-2.8371613,0.10387270897626877,0.9980769157409668,0.8990963697433472
YPL221W,YMR261C,0,-2.8399587,0.10386231541633606,0.9980769157409668,0.8991968035697937
YKR002W,YCL025C,0,-2.8408632,0.10385192930698395,0.9980769157409668,0.8992971777915955
YJL060W,YGL094C,0,-2.8423276,0.10384153574705124,0.9980769157409668,0.899397611618042
YJR036C,YDL076C,0,-2.8455558,0.10383114963769913,0.9980769157409668,0.8994979858398438
YER070W,YCR014C,0,-2.8456154,0.10382076352834702,0.9980769157409668,0.8995984196662903
YLR011W,YPR171W,0,-2.8482442,0.1038103774189949,0.9980769157409668,0.899698793888092
YER109C,YDR126W,0,-2.8503227,0.10379999876022339,0.9980769157409668,0.8997991681098938
YBR023C,YHL019C,0,-2.8505926,0.10378962010145187,0.9980769157409668,0.8998996019363403
YPL036W,YML091C,0,-2.8546367,0.10377924144268036,0.9980769157409668,0.8999999761581421
YIL042C,YGR007W,0,-2.8566022,0.10376887023448944,0.9980769157409668,0.9001004099845886
YML028W,YDR261C,0,-2.857103,0.10375849902629852,0.9980769157409668,0.9002007842063904
YDL069C,YOR316C,0,-2.8579078,0.1037481278181076,0.9980769157409668,0.9003012180328369
YGL090W,YPR133C,0,-2.8615704,0.10373775660991669,0.9980769157409668,0.9004015922546387
YBR128C,YBR289W,0,-2.861814,0.10372739285230637,0.9980769157409668,0.9005020260810852
YFR027W,YMR250W,0,-2.8653777,0.10371702909469604,0.9980769157409668,0.900602400302887
YDR411C,YDL078C,0,-2.8674726,0.10370666533708572,0.9980769157409668,0.9007028341293335
YCR098C,YOR059C,0,-2.871625,0.1036963015794754,0.9980769157409668,0.9008032083511353
YKR104W,YDR128W,0,-2.872161,0.10368594527244568,0.9980769157409668,0.9009036421775818
YPR034W,YBR037C,0,-2.8764799,0.10367558896541595,0.9980769157409668,0.9010040163993835
YDR261C,YGR113W,0,-2.8765607,0.10366523265838623,0.9980769157409668,0.9011043906211853
YPL096C-A,YJR035W,0,-2.877275,0.1036548838019371,0.9980769157409668,0.9012048244476318
YLL021W,YJL057C,0,-2.8793483,0.10364453494548798,0.9980769157409668,0.9013051986694336
YOL152W,YCL063W,0,-2.8804364,0.10363418608903885,0.9980769157409668,0.9014056324958801
YLR023C,YOR090C,0,-2.881514,0.10362383723258972,0.9980769157409668,0.9015060067176819
YNL023C,YPL017C,0,-2.8826606,0.10361349582672119,0.9980769157409668,0.9016064405441284
YNR059W,YJL176C,0,-2.8843246,0.10360315442085266,0.9980769157409668,0.9017068147659302
YDR080W,YBR128C,0,-2.8859866,0.10359281301498413,0.9980769157409668,0.9018072485923767
YPL223C,YOL142W,0,-2.886603,0.1035824790596962,0.9980769157409668,0.9019076228141785
YOR008C,YBR282W,0,-2.8867078,0.10357213765382767,0.9980769157409668,0.902008056640625
YHL006C,YAL026C,0,-2.8879838,0.10356181114912033,0.9980769157409668,0.9021084308624268
YPL019C,YER161C,0,-2.8889046,0.1035514771938324,0.9980769157409668,0.9022088646888733
YOR156C,YMR179W,0,-2.892519,0.10354115068912506,0.9980769157409668,0.902309238910675
YLR350W,YDR350C,0,-2.893386,0.10353081673383713,0.9980769157409668,0.9024096131324768
YKL004W,YMR025W,0,-2.894804,0.10352049767971039,0.9980769157409668,0.9025100469589233
YML067C,YBL011W,0,-2.8958316,0.10351017117500305,0.9980769157409668,0.9026104211807251
YPR122W,YPL244C,0,-2.897169,0.10349985212087631,0.9980769157409668,0.9027108550071716
YPR138C,YOR087W,0,-2.8979623,0.10348953306674957,0.9980769157409668,0.9028112292289734
YGL096W,YMR313C,0,-2.9010215,0.10347921401262283,0.9980769157409668,0.9029116630554199
YGL227W,YBL005W,0,-2.9013848,0.10346890240907669,0.9980769157409668,0.9030120372772217
YOR177C,YDR067C,0,-2.9020944,0.10345858335494995,0.9980769157409668,0.9031124711036682
YJL066C,YOR057W,0,-2.9025111,0.1034482792019844,0.9980769157409668,0.90321284532547
YKL155C,YOR087W,0,-2.9033637,0.10343796759843826,0.9980769157409668,0.9033132791519165
YBR009C,YML042W,0,-2.9037845,0.10342766344547272,0.9980769157409668,0.9034136533737183
YJL101C,YER068W,0,-2.9054894,0.10341735929250717,0.9980769157409668,0.90351402759552
YBL078C,YDL225W,0,-2.9065616,0.10340705513954163,0.9980769157409668,0.9036144614219666
YNL304W,YGR024C,0,-2.9071424,0.10339675098657608,0.9980769157409668,0.9037148356437683
YLR430W,YPR154W,0,-2.907873,0.10338645428419113,0.9980769157409668,0.9038152694702148
YLR353W,YEL001C,0,-2.9079456,0.10337615758180618,0.9980769157409668,0.9039156436920166
YFL014W,YHR136C,0,-2.9090998,0.10336586087942123,0.9980769157409668,0.9040160775184631
YIL173W,YPL273W,0,-2.9102325,0.10335557162761688,0.9980769157409668,0.9041164517402649
YDR425W,YPL226W,0,-2.9111392,0.10334528237581253,0.9980769157409668,0.9042168855667114
YGR170W,YNR010W,0,-2.9143379,0.10333499312400818,0.9980769157409668,0.9043172597885132
YPL021W,YGL172W,0,-2.916395,0.10332470387220383,0.9980769157409668,0.9044176936149597
YIL135C,YLR395C,0,-2.9183426,0.10331442207098007,0.9980769157409668,0.9045180678367615
YPR184W,YDR315C,0,-2.9185867,0.10330414026975632,0.9980769157409668,0.904618501663208
YJL056C,YPR161C,0,-2.9233708,0.10329385846853256,0.9980769157409668,0.9047188758850098
YLR075W,YHR174W,0,-2.9236174,0.1032835841178894,0.9980769157409668,0.9048192501068115
YMR023C,YDR273W,0,-2.9246747,0.10327330976724625,0.9980769157409668,0.9049196839332581
YBR128C,YDL107W,0,-2.9267197,0.10326303541660309,0.9980769157409668,0.9050200581550598
YAL029C,YBR090C-A,0,-2.9275556,0.10325276106595993,0.9980769157409668,0.9051204919815063
YNL288W,YER096W,0,-2.9285104,0.10324249416589737,0.9980769157409668,0.9052208662033081
YBR050C,YAL024C,0,-2.9310043,0.10323221981525421,0.9980769157409668,0.9053213000297546
YBL051C,YJL001W,0,-2.933183,0.10322196036577225,0.9980769157409668,0.9054216742515564
YGL139W,YGR174C,0,-2.9340315,0.10321169346570969,0.9980769157409668,0.9055221080780029
YNL130C,YDR379W,0,-2.9341521,0.10320143401622772,0.9980769157409668,0.9056224822998047
YKR014C,YOL052C,0,-2.9370165,0.10319117456674576,0.9980769157409668,0.9057229161262512
YFL010W-A,YBR198C,0,-2.9370816,0.1031809151172638,0.9980769157409668,0.905823290348053
YPR021C,YDL204W,0,-2.9393506,0.10317065566778183,0.9980769157409668,0.9059237241744995
YHR132C,YOL031C,0,-2.9411092,0.10316040366888046,0.9980769157409668,0.9060240983963013
YMR036C,YOR109W,0,-2.9412875,0.1031501516699791,0.9980769157409668,0.906124472618103
YNL274C,YDR138W,0,-2.9428725,0.10313990712165833,0.9980769157409668,0.9062249064445496
YBR301W,YDR448W,0,-2.9434376,0.10312965512275696,0.9980769157409668,0.9063252806663513
YPL262W,YPR105C,0,-2.9452176,0.10311941057443619,0.9980769157409668,0.9064257144927979
YGR106C,YNR007C,0,-2.9473772,0.10310916602611542,0.9980769157409668,0.9065260887145996
YCL066W,YBL103C,0,-2.950533,0.10309892892837524,0.9980769157409668,0.9066265225410461
YKL164C,YNL331C,0,-2.9506998,0.10308868438005447,0.9980769157409668,0.9067268967628479
YPR081C,YCR053W,0,-2.9568188,0.1030784472823143,0.9980769157409668,0.9068273305892944
YGL018C,YJL178C,0,-2.9573839,0.10306821763515472,0.9980769157409668,0.9069277048110962
YIL098C,YGL196W,0,-2.95895,0.10305798053741455,0.9980769157409668,0.9070281386375427
YHR051W,YBR002C,0,-2.9640856,0.10304775089025497,0.9980769157409668,0.9071285128593445
YGR156W,YHR101C,0,-2.9645467,0.1030375212430954,0.9980769157409668,0.9072288870811462
YCL074W,YBL031W,0,-2.9650228,0.10302729159593582,0.9980769157409668,0.9073293209075928
YLR315W,YLR239C,0,-2.9673615,0.10301706939935684,0.9980769157409668,0.9074296951293945
YPR167C,YOR239W,0,-2.9735975,0.10300684720277786,0.9980769157409668,0.9075301289558411
YDR469W,YML042W,0,-2.981073,0.10299662500619888,0.9980769157409668,0.9076305031776428
YFR014C,YKL079W,0,-2.9816208,0.1029864102602005,0.9980769157409668,0.9077309370040894
YHR077C,YNL045W,0,-2.9865808,0.10297618806362152,0.9980769157409668,0.9078313112258911
YDR403W,YMR204C,0,-2.9871283,0.10296597331762314,0.9980769157409668,0.9079317450523376
YMR198W,YKL003C,0,-2.9905,0.10295576602220535,0.9980769157409668,0.9080321192741394
YHR170W,YKL217W,0,-2.990682,0.10294555127620697,0.9980769157409668,0.9081325531005859
YFL029C,YJL052W,0,-2.990984,0.10293534398078918,0.9980769157409668,0.9082329273223877
YOR377W,YBR146W,0,-2.991438,0.1029251366853714,0.9980769157409668,0.9083333611488342
YIL022W,YJR025C,0,-2.993399,0.10291492938995361,0.9980769157409668,0.908433735370636
YNL233W,YOR117W,0,-2.9959433,0.10290472954511642,0.9980769157409668,0.9085341095924377
YIL173W,YOR272W,0,-2.9999833,0.10289452970027924,0.9980769157409668,0.9086345434188843
YDR148C,YJR001W,0,-3.0006795,0.10288432985544205,0.9980769157409668,0.908734917640686
YLR377C,YMR243C,0,-3.0044825,0.10287413001060486,0.9980769157409668,0.9088353514671326
YHR135C,YML100W,0,-3.006031,0.10286393761634827,0.9980769157409668,0.9089357256889343
YHR087W,YJL109C,1,-3.0091524,0.10295283049345016,0.9990384578704834,0.9089357256889343
YGR238C,YJR076C,0,-3.0102413,0.10294263064861298,0.9990384578704834,0.9090361595153809
YBL034C,YMR282C,0,-3.0109506,0.10293243825435638,0.9990384578704834,0.9091365337371826
YMR094W,YJR084W,0,-3.0119967,0.1029222384095192,0.9990384578704834,0.9092369675636292
YLL029W,YOL095C,0,-3.0127406,0.1029120460152626,0.9990384578704834,0.9093373417854309
YOR313C,YHL036W,0,-3.0158405,0.10290185362100601,0.9990384578704834,0.9094377756118774
YNL268W,YMR168C,0,-3.0206532,0.10289166122674942,0.9990384578704834,0.9095381498336792
YDR074W,YKL029C,0,-3.0211995,0.10288147628307343,0.9990384578704834,0.9096385836601257
YDL101C,YMR163C,0,-3.02204,0.10287128388881683,0.9990384578704834,0.9097389578819275
YER072W,YFL049W,0,-3.0240078,0.10286110639572144,0.9990384578704834,0.9098393321037292
YLR353W,YDR005C,0,-3.024601,0.10285092145204544,0.9990384578704834,0.9099397659301758
YNR060W,YGL014W,0,-3.0277252,0.10284074395895004,0.9990384578704834,0.9100401401519775
YOR129C,YBR222C,0,-3.0280995,0.10283055901527405,0.9990384578704834,0.9101405739784241
YJR076C,YIL056W,0,-3.0288925,0.10282038897275925,0.9990384578704834,0.9102409482002258
YDL247W,YPL076W,0,-3.0291927,0.10281021147966385,0.9990384578704834,0.9103413820266724
YHR067W,YGR167W,0,-3.030745,0.10280004143714905,0.9990384578704834,0.9104417562484741
YJR058C,YPL149W,0,-3.0339413,0.10278987139463425,0.9990384578704834,0.9105421900749207
YPR192W,YFR029W,0,-3.03581,0.10277970135211945,0.9990384578704834,0.9106425642967224
YMR001C,YOL062C,0,-3.0360503,0.10276953876018524,0.9990384578704834,0.910742998123169
YML116W,YGL232W,0,-3.0363846,0.10275936871767044,0.9990384578704834,0.9108433723449707
YKL149C,YJL066C,0,-3.037868,0.10274920612573624,0.9990384578704834,0.9109437465667725
YGL192W,YFL025C,0,-3.0383368,0.10273905098438263,0.9990384578704834,0.911044180393219
YMR297W,YPL180W,0,-3.0412273,0.10272888839244843,0.9990384578704834,0.9111445546150208
YLR359W,YOR068C,0,-3.0453405,0.10271873325109482,0.9990384578704834,0.9112449884414673
YLR088W,YOL122C,0,-3.0490842,0.10270857810974121,0.9990384578704834,0.911345362663269
YHR158C,YGL116W,0,-3.056592,0.1026984304189682,0.9990384578704834,0.9114457964897156
YOR351C,YGR262C,0,-3.0576317,0.1026882752776146,0.9990384578704834,0.9115461707115173
YDL003W,YMR019W,0,-3.0648882,0.10267812758684158,0.9990384578704834,0.9116466045379639
YDL247W,YGL049C,0,-3.0652518,0.10266798734664917,0.9990384578704834,0.9117469787597656
YDR176W,YIL088C,0,-3.069738,0.10265783965587616,0.9990384578704834,0.9118474125862122
YFR003C,YDR224C,0,-3.0698888,0.10264769941568375,0.9990384578704834,0.9119477868080139
YLR047C,YHR109W,0,-3.0706098,0.10263755917549133,0.9990384578704834,0.9120482206344604
YLL004W,YBR286W,0,-3.0715742,0.10262741893529892,0.9990384578704834,0.9121485948562622
YML005W,YOL111C,0,-3.0741696,0.1026172861456871,0.9990384578704834,0.912248969078064
YNL085W,YMR136W,0,-3.0752254,0.10260715335607529,0.9990384578704834,0.9123494029045105
YBR030W,YKL109W,0,-3.0755153,0.10259702056646347,0.9990384578704834,0.9124497771263123
YKR007W,YDR411C,0,-3.0764184,0.10258688777685165,0.9990384578704834,0.9125502109527588
YHR146W,YNR043W,0,-3.076927,0.10257676243782043,0.9990384578704834,0.9126505851745605
YNR020C,YKL189W,0,-3.0804734,0.10256663709878922,0.9990384578704834,0.9127510190010071
YBL047C,YNR052C,0,-3.0853958,0.102556511759758,0.9990384578704834,0.9128513932228088
YKL042W,YPR032W,0,-3.085784,0.10254638642072678,0.9990384578704834,0.9129518270492554
YGR241C,YLL004W,0,-3.0885808,0.10253626853227615,0.9990384578704834,0.9130522012710571
YAR027W,YML067C,0,-3.09134,0.10252615064382553,0.9990384578704834,0.9131526350975037
YDR256C,YKL034W,0,-3.0921617,0.10251603275537491,0.9990384578704834,0.9132530093193054
YOR076C,YPL096C-A,0,-3.092485,0.10250592231750488,0.9990384578704834,0.913353443145752
YPR178W,YGR241C,0,-3.09341,0.10249580442905426,0.9990384578704834,0.9134538173675537
YPR054W,YOR061W,0,-3.093445,0.10248569399118423,0.9990384578704834,0.9135541915893555
YPL143W,YOR036W,0,-3.0944443,0.1024755910038948,0.9990384578704834,0.913654625415802
YKL052C,YBR037C,0,-3.0959978,0.10246548056602478,0.9990384578704834,0.9137549996376038
YDR523C,YPL091W,0,-3.0969372,0.10245537757873535,0.9990384578704834,0.9138554334640503
YKR059W,YER015W,0,-3.097156,0.10244527459144592,0.9990384578704834,0.913955807685852
YGR112W,YDL128W,0,-3.097734,0.10243517905473709,0.9990384578704834,0.9140562415122986
YLR442C,YGL027C,0,-3.0991695,0.10242507606744766,0.9990384578704834,0.9141566157341003
YLR100W,YDL035C,0,-3.0994694,0.10241498053073883,0.9990384578704834,0.9142570495605469
YIL009C-A,YNL026W,0,-3.1039677,0.10240488499403,0.9990384578704834,0.9143574237823486
YLR394W,YHR108W,0,-3.107357,0.10239479690790176,0.9990384578704834,0.9144578576087952
YFR036W,YLR158C,0,-3.1077647,0.10238470882177353,0.9990384578704834,0.9145582318305969
YNL183C,YJR138W,0,-3.1079412,0.1023746207356453,0.9990384578704834,0.9146586060523987
YIL038C,YDL220C,0,-3.1105328,0.10236453264951706,0.9990384578704834,0.9147590398788452
YDL085W,YPL122C,0,-3.1111999,0.10235444456338882,0.9990384578704834,0.914859414100647
YFL014W,YER056C-A,0,-3.1112142,0.10234436392784119,0.9990384578704834,0.9149598479270935
YNR070W,YDR400W,0,-3.1155016,0.10233428329229355,0.9990384578704834,0.9150602221488953
YGL003C,YNR010W,0,-3.116611,0.10232421010732651,0.9990384578704834,0.9151606559753418
YLR121C,YOR057W,0,-3.1176448,0.10231412947177887,0.9990384578704834,0.9152610301971436
YBL041W,YLR045C,0,-3.1190372,0.10230405628681183,0.9990384578704834,0.9153614640235901
YNR033W,YPR111W,0,-3.1208243,0.10229398310184479,0.9990384578704834,0.9154618382453918
YDR238C,YNL189W,0,-3.1213355,0.10228391736745834,0.9990384578704834,0.9155622720718384
YKR102W,YHR181W,0,-3.1230536,0.1022738441824913,0.9990384578704834,0.9156626462936401
YMR009W,YNL267W,0,-3.1237257,0.10226377844810486,0.9990384578704834,0.9157630801200867
YHL025W,YEL012W,0,-3.1241403,0.10225371271371841,0.9990384578704834,0.9158634543418884
YNL259C,YCL044C,0,-3.1249967,0.10224365442991257,0.9990384578704834,0.9159638285636902
YOL066C,YNL242W,0,-3.1264572,0.10223359614610672,0.9990384578704834,0.9160642623901367
YGL016W,YFR030W,0,-3.12719,0.10222353041172028,0.9990384578704834,0.9161646366119385
YPL180W,YMR038C,0,-3.1345854,0.10221347957849503,0.9990384578704834,0.916265070438385
YDR498C,YKL161C,0,-3.135946,0.10220342129468918,0.9990384578704834,0.9163654446601868
YMR094W,YLR394W,0,-3.1372979,0.10219337046146393,0.9990384578704834,0.9164658784866333
YOR143C,YEL059C-A,0,-3.1392918,0.10218331962823868,0.9990384578704834,0.9165662527084351
YIL123W,YDR172W,0,-3.1445696,0.10217326879501343,0.9990384578704834,0.9166666865348816
YOR267C,YIR023W,0,-3.1449776,0.10216322541236877,0.9990384578704834,0.9167670607566833
YAL028W,YOR241W,0,-3.1544638,0.10215318202972412,0.9990384578704834,0.9168674945831299
YBR094W,YFR010W,0,-3.1568143,0.10214313864707947,0.9990384578704834,0.9169678688049316
YMR109W,YCR052W,0,-3.1574957,0.10213309526443481,0.9990384578704834,0.9170683026313782
YLR251W,YLR130C,0,-3.1586974,0.10212305933237076,0.9990384578704834,0.9171686768531799
YKL185W,YGL186C,0,-3.158723,0.1021130234003067,0.9990384578704834,0.9172690510749817
YDL204W,YIL120W,0,-3.1589863,0.10210298746824265,0.9990384578704834,0.9173694849014282
YDR503C,YLL027W,0,-3.159948,0.10209295153617859,0.9990384578704834,0.91746985912323
YGR175C,YPR073C,0,-3.1649864,0.10208292305469513,0.9990384578704834,0.9175702929496765
YOR066W,YBR294W,0,-3.1681952,0.10207289457321167,0.9990384578704834,0.9176706671714783
YCL061C,YGL061C,0,-3.1683788,0.10206286609172821,0.9990384578704834,0.9177711009979248
YER143W,YMR195W,0,-3.1685667,0.10205284506082535,0.9990384578704834,0.9178714752197266
YJR013W,YOR054C,0,-3.1713643,0.10204282402992249,0.9990384578704834,0.9179719090461731
YJR133W,YMR041C,0,-3.1718168,0.10203280299901962,0.9990384578704834,0.9180722832679749
YJL178C,YNL297C,0,-3.171877,0.10202278196811676,0.9990384578704834,0.9181727170944214
YJR013W,YFR047C,0,-3.1725237,0.1020127609372139,0.9990384578704834,0.9182730913162231
YDL227C,YLR359W,0,-3.1755285,0.10200274735689163,0.9990384578704834,0.9183734655380249
YHR044C,YLR442C,0,-3.1763034,0.10199273377656937,0.9990384578704834,0.9184738993644714
YDL141W,YOL084W,0,-3.1767244,0.1019827276468277,0.9990384578704834,0.9185742735862732
YER036C,YOR380W,0,-3.177384,0.10197271406650543,0.9990384578704834,0.9186747074127197
YHR153C,YDL045C,0,-3.1816828,0.10196270793676376,0.9990384578704834,0.9187750816345215
YNL330C,YNL078W,0,-3.1827965,0.1019527018070221,0.9990384578704834,0.918875515460968
YIL062C,YMR207C,0,-3.1833508,0.10194270312786102,0.9990384578704834,0.9189758896827698
YKL026C,YMR301C,0,-3.1844196,0.10193269699811935,0.9990384578704834,0.9190763235092163
YOR162C,YGR234W,0,-3.1855152,0.10192269831895828,0.9990384578704834,0.9191766977310181
YER053C,YJL176C,0,-3.1876237,0.10191269963979721,0.9990384578704834,0.9192771315574646
YPL065W,YMR240C,0,-3.187993,0.10190270841121674,0.9990384578704834,0.9193775057792664
YKR064W,YNL214W,0,-3.188312,0.10189271718263626,0.9990384578704834,0.9194779396057129
YDR033W,YHL019C,0,-3.1917267,0.10188271850347519,0.9990384578704834,0.9195783138275146
YIL026C,YDR235W,0,-3.192368,0.10187273472547531,0.9990384578704834,0.9196786880493164
YFR014C,YLR212C,0,-3.1960764,0.10186274349689484,0.9990384578704834,0.9197791218757629
YML113W,YBR050C,0,-3.1970267,0.10185275971889496,0.9990384578704834,0.9198794960975647
YJR034W,YGL229C,0,-3.1977143,0.10184277594089508,0.9990384578704834,0.9199799299240112
YDR245W,YDL106C,0,-3.200193,0.1018327921628952,0.9990384578704834,0.920080304145813
YOL116W,YJR010W,0,-3.2019124,0.10182281583547592,0.9990384578704834,0.9201807379722595
YDR356W,YIL056W,0,-3.202653,0.10181283950805664,0.9990384578704834,0.9202811121940613
YNL015W,YPR007C,0,-3.2038593,0.10180286318063736,0.9990384578704834,0.9203815460205078
YPR192W,YPL218W,0,-3.204484,0.10179288685321808,0.9990384578704834,0.9204819202423096
YHR119W,YER063W,0,-3.2068224,0.1017829179763794,0.9990384578704834,0.9205823540687561
YPL143W,YHR087W,1,-3.2071276,0.10187090188264847,1.0,0.9205823540687561
YKL094W,YMR012W,0,-3.2096837,0.10186091810464859,1.0,0.9206827282905579
YJR108W,YBR212W,0,-3.2102816,0.10185094177722931,1.0,0.9207831621170044
YGR008C,YMR097C,0,-3.2126164,0.10184097290039062,1.0,0.9208835363388062
YLR189C,YNL283C,0,-3.213181,0.10183099657297134,1.0,0.9209839105606079
YLR047C,YCR093W,0,-3.2147331,0.10182102769613266,1.0,0.9210843443870544
YLR270W,YAL002W,0,-3.2190154,0.10181105881929398,1.0,0.9211847186088562
YDL019C,YLR047C,0,-3.219249,0.10180109739303589,1.0,0.9212851524353027
YDR057W,YGL183C,0,-3.223465,0.1017911359667778,1.0,0.9213855266571045
YNR047W,YBL017C,0,-3.2237236,0.10178116708993912,1.0,0.921485960483551
YBL068W,YEL069C,0,-3.2237854,0.10177121311426163,1.0,0.9215863347053528
YGR216C,YOL116W,0,-3.225555,0.10176125168800354,1.0,0.9216867685317993
YDR464W,YHR106W,0,-3.225995,0.10175129771232605,1.0,0.9217871427536011
YMR022W,YER143W,0,-3.2280293,0.10174134373664856,1.0,0.9218875765800476
YMR152W,YOR384W,0,-3.2294686,0.10173138976097107,1.0,0.9219879508018494
YHR110W,YKL089W,0,-3.2312484,0.10172144323587418,1.0,0.9220883250236511
YJL155C,YLR381W,0,-3.23246,0.10171148926019669,1.0,0.9221887588500977
YNL310C,YHR136C,0,-3.2331362,0.10170154273509979,1.0,0.9222891330718994
YGL161C,YLR440C,0,-3.2337337,0.1016916036605835,1.0,0.922389566898346
YNL159C,YOR272W,0,-3.234469,0.1016816571354866,1.0,0.9224899411201477
YDR300C,YHL019C,0,-3.2353802,0.1016717180609703,1.0,0.9225903749465942
YKL178C,YML113W,0,-3.2376032,0.10166177898645401,1.0,0.922690749168396
YBR295W,YDR281C,0,-3.2421994,0.10165183991193771,1.0,0.9227911829948425
YNL167C,YJR138W,0,-3.242207,0.10164190828800201,1.0,0.9228915572166443
YGR204W,YDL235C,0,-3.2427192,0.10163197666406631,1.0,0.9229919910430908
YER025W,YOR384W,0,-3.2433176,0.10162204504013062,1.0,0.9230923652648926
YJL189W,YPL176C,0,-3.2444212,0.10161211341619492,1.0,0.9231927990913391
YGL170C,YKR020W,0,-3.2496061,0.10160218924283981,1.0,0.9232931733131409
YCR075C,YDR228C,0,-3.2496128,0.10159226506948471,1.0,0.9233935475349426
YKL170W,YJL172W,0,-3.2499373,0.10158234089612961,1.0,0.9234939813613892
YNL149C,YNL243W,0,-3.2510843,0.1015724167227745,1.0,0.9235943555831909
YPL223C,YIR031C,0,-3.2547805,0.1015625,1.0,0.9236947894096375
YPR192W,YLR209C,0,-3.2576227,0.1015525832772255,1.0,0.9237951636314392
YNL036W,YNL172W,0,-3.2586544,0.10154266655445099,1.0,0.9238955974578857
YDL113C,YDL120W,0,-3.261023,0.10153275728225708,1.0,0.9239959716796875
YGR020C,YOL152W,0,-3.2624698,0.10152284055948257,1.0,0.924096405506134
YIL027C,YHR061C,0,-3.2639856,0.10151293128728867,1.0,0.9241967797279358
YLR039C,YDL040C,0,-3.264796,0.10150302201509476,1.0,0.9242972135543823
YGL172W,YLR377C,0,-3.2696724,0.10149312019348145,1.0,0.9243975877761841
YOL052C-A,YCR010C,0,-3.272584,0.10148321837186813,1.0,0.9244980216026306
YOR148C,YOR264W,0,-3.2745714,0.10147331655025482,1.0,0.9245983958244324
YFR008W,YEL051W,0,-3.2746935,0.10146341472864151,1.0,0.9246987700462341
YMR316W,YDR342C,0,-3.27598,0.1014535203576088,1.0,0.9247992038726807
YMR308C,YOR275C,0,-3.2772489,0.10144361853599548,1.0,0.9248995780944824
YBL031W,YPR028W,0,-3.277398,0.10143372416496277,1.0,0.925000011920929
YOR016C,YDR129C,0,-3.27754,0.10142383724451065,1.0,0.9251003861427307
YMR267W,YER046W,0,-3.2777202,0.10141394287347794,1.0,0.9252008199691772
YPR122W,YIL056W,0,-3.281712,0.10140405595302582,1.0,0.925301194190979
YDR091C,YOR155C,0,-3.2829964,0.1013941690325737,1.0,0.9254016280174255
YER120W,YCL051W,0,-3.2855992,0.10138428211212158,1.0,0.9255020022392273
YJL141C,YLL055W,0,-3.2888517,0.10137440264225006,1.0,0.9256024360656738
YBL100W-B,YGR075C,0,-3.2899618,0.10136452317237854,1.0,0.9257028102874756
YNR016C,YAL048C,0,-3.2913792,0.10135464370250702,1.0,0.9258031845092773
YLR459W,YGL183C,0,-3.2918797,0.1013447642326355,1.0,0.9259036183357239
YGR204W,YCL027W,0,-3.29419,0.10133489221334457,1.0,0.9260039925575256
YOL141W,YOL111C,0,-3.2980442,0.10132502019405365,1.0,0.9261044263839722
YLR286C,YDR047W,0,-3.299193,0.10131514817476273,1.0,0.9262048006057739
YHR165C,YMR297W,0,-3.301321,0.1013052761554718,1.0,0.9263052344322205
YLR134W,YIL017W,0,-3.3042874,0.10129541158676147,1.0,0.9264056086540222
YJL097W,YNL214W,0,-3.3054771,0.10128554701805115,1.0,0.9265060424804688
YPR083W,YPL159C,0,-3.3105087,0.10127568244934082,1.0,0.9266064167022705
YOR273C,YJL176C,0,-3.314628,0.10126582533121109,1.0,0.926706850528717
YLR203C,YEL016C,0,-3.3175573,0.10125596076250076,1.0,0.9268072247505188
YMR304W,YLR440C,0,-3.3181317,0.10124610364437103,1.0,0.9269076585769653
YDR218C,YLR314C,0,-3.3207068,0.1012362539768219,1.0,0.9270080327987671
YNR074C,YDL098C,0,-3.3213835,0.10122639685869217,1.0,0.9271084070205688
YML054C,YMR298W,0,-3.321503,0.10121654719114304,1.0,0.9272088408470154
YBR273C,YIL142W,0,-3.3220558,0.1012066975235939,1.0,0.9273092150688171
YOR351C,YML011C,0,-3.3230405,0.10119684785604477,1.0,0.9274096488952637
YDR212W,YGR088W,0,-3.3253264,0.10118699818849564,1.0,0.9275100231170654
YLR313C,YER052C,0,-3.3270407,0.1011771559715271,1.0,0.927610456943512
YMR110C,YPR166C,0,-3.3291025,0.10116731375455856,1.0,0.9277108311653137
YLR313C,YPL123C,0,-3.329403,0.10115747153759003,1.0,0.9278112649917603
YHR181W,YER053C,0,-3.329443,0.10114763677120209,1.0,0.927911639213562
YIR037W,YDL112W,0,-3.331351,0.10113780200481415,1.0,0.9280120730400085
YJR013W,YMR274C,0,-3.3314533,0.10112796723842621,1.0,0.9281124472618103
YIR036C,YIL013C,0,-3.3318155,0.10111813247203827,1.0,0.9282128810882568
YNL293W,YIR023W,0,-3.3333173,0.10110830515623093,1.0,0.9283132553100586
YDL142C,YDR369C,0,-3.3342304,0.10109847038984299,1.0,0.9284136295318604
YOR227W,YJR112W,0,-3.3357415,0.10108865052461624,1.0,0.9285140633583069
YPL239W,YNL142W,0,-3.3403096,0.1010788232088089,1.0,0.9286144375801086
YLR079W,YPL186C,0,-3.3407247,0.10106899589300156,1.0,0.9287148714065552
YER098W,YHR057C,0,-3.340732,0.10105917602777481,1.0,0.9288152456283569
YHR096C,YPR182W,0,-3.342472,0.10104935616254807,1.0,0.9289156794548035
YPL240C,YER046W,0,-3.3440194,0.10103954374790192,1.0,0.9290160536766052
YPL240C,YLR440C,0,-3.3452811,0.10102972388267517,1.0,0.9291164875030518
YDR498C,YFR007W,0,-3.3474607,0.10101991146802902,1.0,0.9292168617248535
YIL136W,YGL226W,0,-3.34828,0.10101009905338287,1.0,0.9293172955513
YDR178W,YGR046W,0,-3.3515239,0.10100029408931732,1.0,0.9294176697731018
YER123W,YEL016C,0,-3.3516834,0.10099048167467117,1.0,0.9295180439949036
YIL017W,YDR351W,0,-3.353175,0.10098067671060562,1.0,0.9296184778213501
YNL044W,YDR369C,0,-3.3541756,0.10097087174654007,1.0,0.9297188520431519
YEL065W,YML016C,0,-3.3542116,0.10096107423305511,1.0,0.9298192858695984
YHR056C,YOR239W,0,-3.355193,0.10095126926898956,1.0,0.9299196600914001
YOR324C,YGL240W,0,-3.3560748,0.10094147175550461,1.0,0.9300200939178467
YKR028W,YKR049C,0,-3.3567095,0.10093167424201965,1.0,0.9301204681396484
YDR148C,YHR082C,0,-3.360046,0.1009218841791153,1.0,0.930220901966095
YDL028C,YMR172W,0,-3.3608303,0.10091208666563034,1.0,0.9303212761878967
YJL102W,YPL204W,0,-3.3624454,0.10090229660272598,1.0,0.9304217100143433
YBR283C,YER177W,0,-3.3646634,0.10089251399040222,1.0,0.930522084236145
YBR162W-A,YHR135C,0,-3.364953,0.10088272392749786,1.0,0.9306225180625916
YPL116W,YBR274W,0,-3.369965,0.1008729413151741,1.0,0.9307228922843933
YBR033W,YDR195W,0,-3.3725517,0.10086315870285034,1.0,0.9308232665061951
YNR021W,YOR138C,0,-3.3726015,0.10085337609052658,1.0,0.9309237003326416
YAL041W,YJL219W,0,-3.3755867,0.10084359347820282,1.0,0.9310240745544434
YMR110C,YPR054W,0,-3.3763618,0.10083381831645966,1.0,0.9311245083808899
YNR033W,YGL025C,0,-3.376556,0.10082404315471649,1.0,0.9312248826026917
YJR134C,YOL155C,0,-3.3772557,0.10081426799297333,1.0,0.9313253164291382
YOR085W,YPL031C,0,-3.384111,0.10080450028181076,1.0,0.9314256906509399
YLR304C,YNL027W,0,-3.3854952,0.1007947251200676,1.0,0.9315261244773865
YER060W-A,YJL194W,0,-3.385921,0.10078495740890503,1.0,0.9316264986991882
YMR298W,YDR441C,0,-3.3861833,0.10077519714832306,1.0,0.9317269325256348
YPL002C,YBR054W,0,-3.3888054,0.10076542943716049,1.0,0.9318273067474365
YDR356W,YAL022C,0,-3.3959713,0.10075566917657852,1.0,0.9319277405738831
YOR383C,YEL024W,0,-3.400766,0.10074590891599655,1.0,0.9320281147956848
YDR129C,YJL129C,0,-3.4018688,0.10073614865541458,1.0,0.9321284890174866
YHR005C-A,YJR004C,0,-3.4057088,0.10072639584541321,1.0,0.9322289228439331
YOR221C,YKR057W,0,-3.407291,0.10071663558483124,1.0,0.9323292970657349
YIL038C,YGL205W,0,-3.409419,0.10070688277482986,1.0,0.9324297308921814
YJL128C,YEL031W,0,-3.409489,0.10069713741540909,1.0,0.9325301051139832
YDL085W,YJL019W,0,-3.410209,0.10068738460540771,1.0,0.9326305389404297
YDR380W,YKR038C,0,-3.4138615,0.10067763924598694,1.0,0.9327309131622314
YPL123C,YGL127C,0,-3.4191196,0.10066789388656616,1.0,0.932831346988678
YDR253C,YKL010C,0,-3.422785,0.10065814852714539,1.0,0.9329317212104797
YGR238C,YNL339C,0,-3.4240308,0.1006484106183052,1.0,0.9330321550369263
YJL172W,YJR118C,0,-3.424998,0.10063866525888443,1.0,0.933132529258728
YNL310C,YOL055C,0,-3.4261866,0.10062892735004425,1.0,0.9332329034805298
YLR187W,YDR273W,0,-3.4294753,0.10061919689178467,1.0,0.9333333373069763
YBL085W,YGR225W,0,-3.4352546,0.10060945898294449,1.0,0.9334337115287781
YPR189W,YKL093W,0,-3.4369895,0.1005997285246849,1.0,0.9335341453552246
YDR415C,YIR014W,0,-3.4413242,0.10058999806642532,1.0,0.9336345195770264
YGL167C,YER142C,0,-3.4422486,0.10058026760816574,1.0,0.9337349534034729
YKL206C,YJR155W,0,-3.4443762,0.10057054460048676,1.0,0.9338353276252747
YMR139W,YOL102C,0,-3.4448915,0.10056082159280777,1.0,0.9339357614517212
YKR088C,YMR180C,0,-3.4452462,0.10055109858512878,1.0,0.934036135673523
YBR279W,YFL056C,0,-3.4460697,0.1005413755774498,1.0,0.9341365694999695
YIL130W,YPR127W,0,-3.4478366,0.10053166002035141,1.0,0.9342369437217712
YHR056C,YFR041C,0,-3.450508,0.10052194446325302,1.0,0.9343373775482178
YPL019C,YDR092W,0,-3.4539106,0.10051222890615463,1.0,0.9344377517700195
YKL079W,YGL186C,0,-3.4559536,0.10050251334905624,1.0,0.9345381259918213
YPL149W,YER038C,0,-3.4576712,0.10049279779195786,1.0,0.9346385598182678
YPR021C,YPL206C,0,-3.4613438,0.10048308968544006,1.0,0.9347389340400696
YLR088W,YMR081C,0,-3.4623592,0.10047338157892227,1.0,0.9348393678665161
YKL203C,YGL026C,0,-3.462622,0.10046368092298508,1.0,0.9349397420883179
YML102W,YMR175W,0,-3.4636517,0.10045397281646729,1.0,0.9350401759147644
YFL021W,YJL155C,0,-3.4648411,0.10044427216053009,1.0,0.9351405501365662
YJL221C,YAL029C,0,-3.4684243,0.1004345715045929,1.0,0.9352409839630127
YDR337W,YIR025W,0,-3.4689245,0.1004248708486557,1.0,0.9353413581848145
YMR015C,YLR014C,0,-3.4689355,0.1004151776432991,1.0,0.935441792011261
YPR128C,YIL150C,0,-3.4713533,0.1004054844379425,1.0,0.9355421662330627
YGL027C,YDR422C,0,-3.4731698,0.10039579123258591,1.0,0.9356426000595093
YAL015C,YHR133C,0,-3.4755037,0.10038609802722931,1.0,0.935742974281311
YCR091W,YIL094C,0,-3.4772985,0.10037641227245331,1.0,0.9358433485031128
YDR166C,YNL185C,0,-3.4821646,0.10036672651767731,1.0,0.9359437823295593
YBR241C,YBR055C,0,-3.4843216,0.1003570407629013,1.0,0.9360441565513611
YGR225W,YDR201W,0,-3.4848957,0.1003473550081253,1.0,0.9361445903778076
YGL112C,YNR001C,0,-3.4854426,0.1003376767039299,1.0,0.9362449645996094
YHR138C,YKR008W,0,-3.485542,0.1003279983997345,1.0,0.9363453984260559
YMR152W,YJL133W,0,-3.489695,0.10031832009553909,1.0,0.9364457726478577
YLL029W,YPL096C-A,0,-3.490275,0.10030864179134369,1.0,0.9365462064743042
YER096W,YGL144C,0,-3.4908714,0.10029897093772888,1.0,0.936646580696106
YPL123C,YML016C,0,-3.4948375,0.10028929263353348,1.0,0.9367470145225525
YDR380W,YCR037C,0,-3.4950085,0.10027962923049927,1.0,0.9368473887443542
YBR040W,YDR422C,0,-3.4959629,0.10026995837688446,1.0,0.936947762966156
YOR018W,YDL243C,0,-3.4975057,0.10026028752326965,1.0,0.9370481967926025
YOR381W,YBR048W,0,-3.4991913,0.10025062412023544,1.0,0.9371485710144043
YBR286W,YIL138C,0,-3.4993868,0.10024096071720123,1.0,0.9372490048408508
YCL027W,YPL134C,0,-3.4994845,0.10023130476474762,1.0,0.9373493790626526
YCR044C,YMR215W,0,-3.502119,0.10022164136171341,1.0,0.9374498128890991
YGL139W,YOL102C,0,-3.503756,0.1002119854092598,1.0,0.9375501871109009
YHL024W,YBR146W,0,-3.5056763,0.10020232945680618,1.0,0.9376506209373474
YBR059C,YML092C,0,-3.5070047,0.10019268095493317,1.0,0.9377509951591492
YDR117C,YDL142C,0,-3.5087972,0.10018302500247955,1.0,0.9378514289855957
YBR128C,YGR167W,0,-3.5096867,0.10017337650060654,1.0,0.9379518032073975
YHR120W,YKL020C,0,-3.510374,0.10016372799873352,1.0,0.938052237033844
YIL062C,YGL173C,0,-3.5111775,0.1001540794968605,1.0,0.9381526112556458
YDR403W,YPL119C,0,-3.512011,0.10014443844556808,1.0,0.9382529854774475
YAL031C,YEL027W,0,-3.5145714,0.10013479739427567,1.0,0.938353419303894
YHL031C,YLR182W,0,-3.5162125,0.10012515634298325,1.0,0.9384537935256958
YLR440C,YBR109C,0,-3.5163867,0.10011551529169083,1.0,0.9385542273521423
YGL115W,YKR049C,0,-3.5177512,0.100105881690979,1.0,0.9386546015739441
YBR101C,YJR108W,0,-3.5205288,0.10009624809026718,1.0,0.9387550354003906
YDR362C,YBR295W,0,-3.5205417,0.10008661448955536,1.0,0.9388554096221924
YDR350C,YDR470C,0,-3.5213737,0.10007698088884354,1.0,0.9389558434486389
YNL293W,YIL088C,0,-3.525899,0.10006735473871231,1.0,0.9390562176704407
YIL068C,YER093C,0,-3.527592,0.10005772858858109,1.0,0.9391566514968872
YER101C,YJL052W,0,-3.5281215,0.10004810243844986,1.0,0.939257025718689
YHR037W,YFR040W,0,-3.5303051,0.10003847628831863,1.0,0.9393573999404907
YPL204W,YNL063W,0,-3.5322921,0.100028857588768,1.0,0.9394578337669373
YJL062W,YDR122W,0,-3.53543,0.10001923143863678,1.0,0.939558207988739
YMR198W,YNL290W,0,-3.53829,0.10000961273908615,1.0,0.9396586418151855
YBR291C,YOR049C,0,-3.5395434,0.10000000149011612,1.0,0.9397590160369873
YNL309W,YMR071C,0,-3.5402498,0.09999038279056549,1.0,0.9398594498634338
YER014W,YPL160W,0,-3.54271,0.09998077154159546,1.0,0.9399598240852356
YDL091C,YDL051W,0,-3.5462692,0.09997116029262543,1.0,0.9400602579116821
YPL112C,YJL059W,0,-3.5503926,0.09996155649423599,1.0,0.9401606321334839
YNR027W,YPR030W,0,-3.5524182,0.09995194524526596,1.0,0.9402610659599304
YBR026C,YGL094C,0,-3.5574985,0.09994234144687653,1.0,0.9403614401817322
YER185W,YDL227C,0,-3.560196,0.09993273764848709,1.0,0.9404618740081787
YLR028C,YGL226W,0,-3.5612493,0.09992313385009766,1.0,0.9405622482299805
YDR067C,YOR278W,0,-3.5620775,0.09991353750228882,1.0,0.9406626224517822
YBR177C,YEL002C,0,-3.5621362,0.09990394115447998,1.0,0.9407630562782288
YNR017W,YIR039C,0,-3.563897,0.09989434480667114,1.0,0.9408634305000305
YNL263C,YMR025W,0,-3.5690842,0.0998847484588623,1.0,0.940963864326477
YKL051W,YEL069C,0,-3.569149,0.09987515956163406,1.0,0.9410642385482788
YCR010C,YGR286C,0,-3.5695868,0.09986556321382523,1.0,0.9411646723747253
YPL100W,YGR006W,0,-3.572704,0.09985597431659698,1.0,0.9412650465965271
YBL058W,YDL017W,0,-3.5743408,0.09984639286994934,1.0,0.9413654804229736
YKL094W,YDR257C,0,-3.5754414,0.0998368039727211,1.0,0.9414658546447754
YMR001C,YOL129W,0,-3.576892,0.09982722252607346,1.0,0.9415662884712219
YBL037W,YBL008W,0,-3.5769026,0.09981764107942581,1.0,0.9416666626930237
YIL115C,YOR109W,0,-3.578883,0.09980805963277817,1.0,0.9417670965194702
YDR380W,YGR220C,0,-3.5839462,0.09979848563671112,1.0,0.941867470741272
YPL218W,YPR054W,0,-3.586407,0.09978891164064407,1.0,0.9419678449630737
YKR104W,YMR053C,0,-3.5873332,0.09977933764457703,1.0,0.9420682787895203
YNL236W,YOR386W,0,-3.5874119,0.09976976364850998,1.0,0.942168653011322
YHR099W,YHR136C,0,-3.5890808,0.09976018965244293,1.0,0.9422690868377686
YER014W,YGR089W,0,-3.589642,0.09975062310695648,1.0,0.9423694610595703
YOR136W,YGL009C,0,-3.589895,0.09974105656147003,1.0,0.9424698948860168
YOR174W,YMR180C,0,-3.5914497,0.09973149001598358,1.0,0.9425702691078186
YOR242C,YPR001W,0,-3.5938973,0.09972193092107773,1.0,0.9426707029342651
YKL103C,YER007W,0,-3.5946202,0.09971237182617188,1.0,0.9427710771560669
YBR183W,YIL139C,0,-3.5946593,0.09970280528068542,1.0,0.9428715109825134
YHR060W,YBR089C-A,0,-3.594703,0.09969325363636017,1.0,0.9429718852043152
YOR324C,YOL030W,0,-3.5982523,0.09968369454145432,1.0,0.9430722594261169
YDL029W,YEL016C,0,-3.6011605,0.09967414289712906,1.0,0.9431726932525635
YKL134C,YIL153W,0,-3.602363,0.0996645912528038,1.0,0.9432730674743652
YKL217W,YPL087W,0,-3.602892,0.09965503960847855,1.0,0.9433735013008118
YLR327C,YPL157W,0,-3.6048188,0.09964549541473389,1.0,0.9434738755226135
YML055W,YER087C-A,0,-3.6093924,0.09963594377040863,1.0,0.9435743093490601
YOR175C,YBR095C,0,-3.6127496,0.09962639957666397,1.0,0.9436746835708618
YLL061W,YGL058W,0,-3.6134427,0.09961685538291931,1.0,0.9437751173973083
YBR159W,YMR205C,0,-3.6145256,0.09960731863975525,1.0,0.9438754916191101
YJL114W,YHR035W,0,-3.6153393,0.09959778189659119,1.0,0.9439759254455566
YPL065W,YBR160W,0,-3.6169877,0.09958823770284653,1.0,0.9440762996673584
YKL103C,YPL130W,0,-3.6195831,0.09957870841026306,1.0,0.9441767334938049
YPR166C,YCL004W,0,-3.6203265,0.099569171667099,1.0,0.9442771077156067
YBL051C,YLR219W,0,-3.6209188,0.09955964237451553,1.0,0.9443774819374084
YOL136C,YER044C,0,-3.6228328,0.09955011308193207,1.0,0.944477915763855
YLR313C,YKL006C-A,0,-3.6239576,0.0995405837893486,1.0,0.9445782899856567
YDR436W,YBR065C,0,-3.6267517,0.09953105449676514,1.0,0.9446787238121033
YDL019C,YGR134W,0,-3.627364,0.09952153265476227,1.0,0.944779098033905
YLR079W,YOR315W,0,-3.6275651,0.0995120108127594,1.0,0.9448795318603516
YNL012W,YDR052C,0,-3.6280541,0.09950248897075653,1.0,0.9449799060821533
YNL080C,YOR044W,0,-3.628602,0.09949296712875366,1.0,0.9450803399085999
YGR193C,YPL050C,0,-3.6341143,0.09948345273733139,1.0,0.9451807141304016
YJL056C,YPR032W,0,-3.6356058,0.09947393834590912,1.0,0.9452811479568481
YBR287W,YDR168W,0,-3.6368427,0.09946442395448685,1.0,0.9453815221786499
YIL101C,YNL322C,0,-3.643323,0.09945490956306458,1.0,0.9454819560050964
YLR450W,YNR048W,0,-3.6435812,0.0994454026222229,1.0,0.9455823302268982
YDR276C,YOR014W,0,-3.646738,0.09943589568138123,1.0,0.9456827044487
YJL013C,YER087C-A,0,-3.6482444,0.09942638874053955,1.0,0.9457831382751465
YGR241C,YKL062W,0,-3.6486897,0.09941688179969788,1.0,0.9458835124969482
YOL030W,YDR040C,0,-3.6502132,0.0994073823094368,1.0,0.9459839463233948
YJL083W,YDL021W,0,-3.650227,0.09939787536859512,1.0,0.9460843205451965
YMR198W,YDR003W,0,-3.651537,0.09938837587833405,1.0,0.9461847543716431
YIL034C,YDR117C,0,-3.6518464,0.09937888383865356,1.0,0.9462851285934448
YPL116W,YER008C,0,-3.6530662,0.09936938434839249,1.0,0.9463855624198914
YIL140W,YKR105C,0,-3.6551766,0.099359892308712,1.0,0.9464859366416931
YER179W,YFR037C,0,-3.6588435,0.09935040026903152,1.0,0.9465863704681396
YMR017W,YDR238C,0,-3.6601257,0.09934090822935104,1.0,0.9466867446899414
YMR274C,YNL027W,0,-3.6646557,0.09933142364025116,1.0,0.9467871189117432
YKR031C,YLR330W,0,-3.6649485,0.09932193905115128,1.0,0.9468875527381897
YKL201C,YFR049W,0,-3.67052,0.09931245446205139,1.0,0.9469879269599915
YGL232W,YHL021C,0,-3.6759071,0.09930296987295151,1.0,0.947088360786438
YDR334W,YNL274C,0,-3.6773067,0.09929348528385162,1.0,0.9471887350082397
YDR329C,YDR107C,0,-3.6803052,0.09928400814533234,1.0,0.9472891688346863
YOR132W,YNL258C,0,-3.6831517,0.09927453100681305,1.0,0.947389543056488
YIL123W,YMR183C,0,-3.684816,0.09926505386829376,1.0,0.9474899768829346
YDL204W,YGR260W,0,-3.685192,0.09925558418035507,1.0,0.9475903511047363
YJR033C,YML057W,0,-3.6854522,0.09924611449241638,1.0,0.9476907849311829
YNR070W,YJR121W,0,-3.685897,0.09923664480447769,1.0,0.9477911591529846
YKR088C,YOR038C,0,-3.68656,0.099227175116539,1.0,0.9478915929794312
YMR297W,YMR285C,0,-3.6921108,0.09921770542860031,1.0,0.9479919672012329
YGL196W,YGR036C,0,-3.6929681,0.09920824319124222,1.0,0.9480923414230347
YDR320C,YPL269W,0,-3.6979089,0.09919878095388412,1.0,0.9481927752494812
YDR217C,YJL164C,0,-3.6984553,0.09918931871652603,1.0,0.948293149471283
YDR265W,YDR091C,0,-3.705324,0.09917985647916794,1.0,0.9483935832977295
YPR106W,YGL126W,0,-3.7053366,0.09917040169239044,1.0,0.9484939575195312
YOR071C,YBR212W,0,-3.7065454,0.09916094690561295,1.0,0.9485943913459778
YDR176W,YKR069W,0,-3.708973,0.09915149211883545,1.0,0.9486947655677795
YHR111W,YKR054C,0,-3.7190506,0.09914203733205795,1.0,0.9487951993942261
YLR353W,YEL051W,0,-3.7192316,0.09913258999586105,1.0,0.9488955736160278
YKL054C,YMR105C,0,-3.723013,0.09912314265966415,1.0,0.9489960074424744
YOR016C,YGR202C,0,-3.7270658,0.09911369532346725,1.0,0.9490963816642761
YOL055C,YAL048C,0,-3.7323365,0.09910424798727036,1.0,0.9491968154907227
YGR191W,YBL074C,0,-3.7323585,0.09909480810165405,1.0,0.9492971897125244
YLR223C,YDR342C,0,-3.732545,0.09908536821603775,1.0,0.9493975639343262
YIL005W,YPL017C,0,-3.734615,0.09907592833042145,1.0,0.9494979977607727
YHR184W,YMR319C,0,-3.7357068,0.09906648844480515,1.0,0.9495983719825745
YMR077C,YNL280C,0,-3.738439,0.09905705600976944,1.0,0.949698805809021
YLR383W,YIL119C,0,-3.739953,0.09904761612415314,1.0,0.9497991800308228
YKL064W,YDR457W,0,-3.7429342,0.09903818368911743,1.0,0.9498996138572693
YPL240C,YOR065W,0,-3.7496047,0.09902875870466232,1.0,0.949999988079071
YBL037W,YPL049C,0,-3.7500267,0.09901932626962662,1.0,0.9501004219055176
YDL022W,YKL069W,0,-3.7513633,0.09900990128517151,1.0,0.9502007961273193
YGR062C,YJL082W,0,-3.7538097,0.0990004763007164,1.0,0.9503012299537659
YGL259W,YGL173C,0,-3.7552624,0.09899105131626129,1.0,0.9504016041755676
YMR040W,YPL019C,0,-3.7566886,0.09898163378238678,1.0,0.9505019783973694
YNL317W,YKR053C,0,-3.7569804,0.09897220879793167,1.0,0.9506024122238159
YDR175C,YLR121C,0,-3.757398,0.09896279126405716,1.0,0.9507027864456177
YMR237W,YCR002C,0,-3.759531,0.09895338118076324,1.0,0.9508032202720642
YDR251W,YMR098C,0,-3.7606173,0.09894396364688873,1.0,0.950903594493866
YKL103C,YNR032C-A,0,-3.7618327,0.09893455356359482,1.0,0.9510040283203125
YNR033W,YNL025C,0,-3.7643666,0.0989251434803009,1.0,0.9511044025421143
YIL006W,YLR100W,0,-3.7659013,0.09891573339700699,1.0,0.9512048363685608
YKL013C,YNL085W,0,-3.767907,0.09890632331371307,1.0,0.9513052105903625
YML004C,YHR143W,0,-3.7682786,0.09889692068099976,1.0,0.9514056444168091
YPR008W,YMR195W,0,-3.7801101,0.09888751804828644,1.0,0.9515060186386108
YLR328W,YOR180C,0,-3.7912023,0.09887811541557312,1.0,0.9516064524650574
YIL154C,YKL078W,0,-3.7917933,0.0988687127828598,1.0,0.9517068266868591
YNL158W,YOL065C,0,-3.7921257,0.09885931760072708,1.0,0.9518072009086609
YIL153W,YCL016C,0,-3.7945566,0.09884992241859436,1.0,0.9519076347351074
YPL176C,YMR149W,0,-3.8027048,0.09884052723646164,1.0,0.9520080089569092
YKR052C,YIL159W,0,-3.8037844,0.09883113205432892,1.0,0.9521084427833557
YDR358W,YLR244C,0,-3.804181,0.0988217443227768,1.0,0.9522088170051575
YBR162W-A,YHR106W,0,-3.8106995,0.09881234914064407,1.0,0.952309250831604
YCR097WB,YGR238C,0,-3.8114023,0.09880296140909195,1.0,0.9524096250534058
YPR007C,YPR049C,0,-3.8137589,0.09879358112812042,1.0,0.9525100588798523
YBR015C,YOR391C,0,-3.8144605,0.0987841933965683,1.0,0.952610433101654
YAL013W,YJL153C,0,-3.8152144,0.09877481311559677,1.0,0.9527108669281006
YPR138C,YDL154W,0,-3.8229036,0.09876543283462524,1.0,0.9528112411499023
YHR186C,YGL205W,0,-3.824398,0.09875605255365372,1.0,0.9529116749763489
YLR061W,YNR006W,0,-3.8263988,0.09874667972326279,1.0,0.9530120491981506
YNL288W,YKL129C,0,-3.8269203,0.09873729944229126,1.0,0.9531124234199524
YDR082W,YHR179W,0,-3.8279648,0.09872792661190033,1.0,0.9532128572463989
YDL247W,YPR024W,0,-3.8389149,0.0987185537815094,1.0,0.9533132314682007
YPR019W,YMR179W,0,-3.8390589,0.09870918840169907,1.0,0.9534136652946472
YMR316W,YGL212W,0,-3.8430357,0.09869982302188873,1.0,0.953514039516449
YLR360W,YDL227C,0,-3.846035,0.0986904501914978,1.0,0.9536144733428955
YLR270W,YBR119W,0,-3.8466587,0.09868109226226807,1.0,0.9537148475646973
YHR108W,YDR052C,0,-3.8477054,0.09867172688245773,1.0,0.9538152813911438
YMR192W,YCL066W,0,-3.8543482,0.098662368953228,1.0,0.9539156556129456
YPL156C,YOR138C,0,-3.8586392,0.09865300357341766,1.0,0.9540160894393921
YGR223C,YIL126W,0,-3.8598957,0.09864365309476852,1.0,0.9541164636611938
YLR260W,YNL258C,0,-3.8606868,0.09863429516553879,1.0,0.9542168378829956
YGR241C,YPR161C,0,-3.861094,0.09862493723630905,1.0,0.9543172717094421
YPL214C,YDR229W,0,-3.861359,0.09861558675765991,1.0,0.9544176459312439
YLR219W,YDR517W,0,-3.8700595,0.09860623627901077,1.0,0.9545180797576904
YGR225W,YMR105C,0,-3.8717206,0.09859689325094223,1.0,0.9546184539794922
YDL223C,YOR106W,0,-3.8729045,0.09858754277229309,1.0,0.9547188878059387
YDL204W,YLL009C,0,-3.875402,0.09857819974422455,1.0,0.9548192620277405
YNL314W,YPL061W,0,-3.8768313,0.098568856716156,1.0,0.954919695854187
YOR070C,YLR183C,0,-3.8805435,0.09855951368808746,1.0,0.9550200700759888
YHR101C,YGR070W,0,-3.8813393,0.09855017811059952,1.0,0.9551205039024353
YCL043C,YDL143W,0,-3.883834,0.09854083508253098,1.0,0.9552208781242371
YDR030C,YER106W,0,-3.8848796,0.09853149950504303,1.0,0.9553213119506836
YMR139W,YGL021W,0,-3.89305,0.09852216392755508,1.0,0.9554216861724854
YIL030C,YIR038C,0,-3.8943298,0.09851283580064774,1.0,0.9555220603942871
YLR260W,YLR010C,0,-3.8954818,0.09850350767374039,1.0,0.9556224942207336
YEL070W,YHR006W,0,-3.8956294,0.09849417209625244,1.0,0.9557228684425354
YGL003C,YPL135W,0,-3.8961787,0.09848485141992569,1.0,0.9558233022689819
YKR007W,YML128C,0,-3.8976665,0.09847552329301834,1.0,0.9559236764907837
YOR043W,YLR291C,0,-3.8983552,0.09846620261669159,1.0,0.9560241103172302
YAL024C,YOL071W,0,-3.9004745,0.09845687448978424,1.0,0.956124484539032
YJR108W,YPL210C,0,-3.9022384,0.09844756126403809,1.0,0.9562249183654785
YPL065W,YDR074W,0,-3.9033167,0.09843824058771133,1.0,0.9563252925872803
YER150W,YHR030C,0,-3.9061131,0.09842891991138458,1.0,0.9564257264137268
YLL043W,YAL054C,0,-3.9101205,0.09841960668563843,1.0,0.9565261006355286
YKL034W,YOR066W,0,-3.9122403,0.09841029345989227,1.0,0.9566265344619751
YGL045W,YOL071W,0,-3.9172919,0.09840098768472672,1.0,0.9567269086837769
YHR171W,YDR325W,0,-3.9211617,0.09839167445898056,1.0,0.9568272829055786
YPR122W,YCL027W,0,-3.9228663,0.098382368683815,1.0,0.9569277167320251
YGR199W,YLR191W,0,-3.9232845,0.09837306290864944,1.0,0.9570280909538269
YCL051W,YMR243C,0,-3.924767,0.09836375713348389,1.0,0.9571285247802734
YLR075W,YOR317W,0,-3.927979,0.09835445135831833,1.0,0.9572288990020752
YBR301W,YPR032W,0,-3.9354258,0.09834515303373337,1.0,0.9573293328285217
YHL047C,YOR278W,0,-3.9355135,0.09833585470914841,1.0,0.9574297070503235
YHR096C,YDR483W,0,-3.9359775,0.09832655638456345,1.0,0.95753014087677
YNL314W,YBL098W,0,-3.9362345,0.09831726551055908,1.0,0.9576305150985718
YHR110W,YKR088C,0,-3.947871,0.09830796718597412,1.0,0.9577309489250183
YBR037C,YPL204W,0,-3.9502988,0.09829867631196976,1.0,0.9578313231468201
YDR032C,YOL149W,0,-3.9522781,0.0982893854379654,1.0,0.9579316973686218
YKL140W,YHR106W,0,-3.954074,0.09828009456396103,1.0,0.9580321311950684
YHR044C,YPR031W,0,-3.9566913,0.09827081114053726,1.0,0.9581325054168701
YIR036C,YOL011W,0,-3.9574068,0.0982615277171135,1.0,0.9582329392433167
YCL032W,YBR128C,0,-3.9591227,0.09825224429368973,1.0,0.9583333134651184
YDL028C,YCR021C,0,-3.966075,0.09824296087026596,1.0,0.9584337472915649
YDR481C,YDL149W,0,-3.9702015,0.09823368489742279,1.0,0.9585341215133667
YIL076W,YDR276C,0,-3.9703703,0.09822440147399902,1.0,0.9586345553398132
YEL065W,YGR002C,0,-3.9773648,0.09821512550115585,1.0,0.958734929561615
YOR324C,YLR100W,0,-3.9774504,0.09820585697889328,1.0,0.9588353633880615
YGL151W,YDR388W,0,-3.979031,0.09819658100605011,1.0,0.9589357376098633
YGR156W,YIR036C,0,-3.984259,0.09818731248378754,1.0,0.9590361714363098
YPR106W,YNL029C,0,-3.9854398,0.09817804396152496,1.0,0.9591365456581116
YLR373C,YBR230C,0,-3.9922194,0.09816877543926239,1.0,0.9592369198799133
YIL030C,YPL186C,0,-3.9942791,0.09815950691699982,1.0,0.9593373537063599
YLR083C,YOR383C,0,-3.9944272,0.09815024584531784,1.0,0.9594377279281616
YDL078C,YAL040C,0,-3.998697,0.09814098477363586,1.0,0.9595381617546082
YGL227W,YPL240C,0,-3.9995384,0.09813172370195389,1.0,0.9596385359764099
YBR169C,YKR056W,0,-4.0008473,0.09812246263027191,1.0,0.9597389698028564
YBR086C,YDR276C,0,-4.005497,0.09811320900917053,1.0,0.9598393440246582
YGR260W,YDR130C,0,-4.0072722,0.09810395538806915,1.0,0.9599397778511047
YDR166C,YBR183W,0,-4.0099263,0.09809470176696777,1.0,0.9600401520729065
YJR057W,YML120C,0,-4.011451,0.0980854481458664,1.0,0.960140585899353
YPR184W,YHR114W,0,-4.012496,0.09807619452476501,1.0,0.9602409601211548
YGL158W,YFR015C,0,-4.023033,0.09806694835424423,1.0,0.9603413939476013
YLL002W,YNR002C,0,-4.026057,0.09805770218372345,1.0,0.9604417681694031
YDR244W,YOL056W,0,-4.030042,0.09804845601320267,1.0,0.9605421423912048
YLR350W,YJL106W,0,-4.0340133,0.09803921729326248,1.0,0.9606425762176514
YER052C,YMR153W,0,-4.0379896,0.0980299711227417,1.0,0.9607429504394531
YGR134W,YOL071W,0,-4.0398197,0.09802073240280151,1.0,0.9608433842658997
YMR312W,YIL123W,0,-4.0405726,0.09801150113344193,1.0,0.9609437584877014
YKL042W,YPL206C,0,-4.0434375,0.09800226241350174,1.0,0.961044192314148
YDR533C,YDR279W,0,-4.0444503,0.09799303114414215,1.0,0.9611445665359497
YDR507C,YDR405W,0,-4.044547,0.09798379242420197,1.0,0.9612450003623962
YNL111C,YGL163C,0,-4.047084,0.09797456115484238,1.0,0.961345374584198
YMR100W,YLR289W,0,-4.0480895,0.09796533733606339,1.0,0.9614458084106445
YKL042W,YMR041C,0,-4.0521593,0.0979561060667038,1.0,0.9615461826324463
YHR136C,YER044C,0,-4.0597615,0.0979468822479248,1.0,0.961646556854248
YJL178C,YDR197W,0,-4.062169,0.09793765842914581,1.0,0.9617469906806946
YLR083C,YGR010W,0,-4.0648427,0.09792843461036682,1.0,0.9618473649024963
YDR403W,YLL027W,0,-4.069785,0.09791921824216843,1.0,0.9619477987289429
YDL097C,YHL003C,0,-4.072151,0.09790999442338943,1.0,0.9620481729507446
YKR038C,YOR363C,0,-4.0755625,0.09790077805519104,1.0,0.9621486067771912
YKL026C,YOR299W,0,-4.080987,0.09789156913757324,1.0,0.9622489809989929
YJL124C,YOR120W,0,-4.082151,0.09788235276937485,1.0,0.9623494148254395
YHR044C,YER070W,0,-4.0833697,0.09787314385175705,1.0,0.9624497890472412
YGL161C,YMR301C,0,-4.0847855,0.09786393493413925,1.0,0.9625502228736877
YGR185C,YER142C,0,-4.086067,0.09785472601652145,1.0,0.9626505970954895
YDR256C,YHR023W,0,-4.0932474,0.09784551709890366,1.0,0.962751030921936
YPR081C,YGL027C,0,-4.099313,0.09783631563186646,1.0,0.9628514051437378
YDR447C,YER142C,0,-4.107528,0.09782710671424866,1.0,0.9629517793655396
YJL033W,YJL153C,0,-4.112504,0.09781790524721146,1.0,0.9630522131919861
YLR045C,YHR082C,0,-4.115641,0.09780871123075485,1.0,0.9631525874137878
YPL094C,YER091C,0,-4.1173563,0.09779950976371765,1.0,0.9632530212402344
YOL125W,YKL109W,0,-4.117768,0.09779031574726105,1.0,0.9633533954620361
YML067C,YOL152W,0,-4.1220417,0.09778112173080444,1.0,0.9634538292884827
YMR237W,YDR279W,0,-4.1256595,0.09777192771434784,1.0,0.9635542035102844
YNL173C,YOL019W,0,-4.130026,0.09776273369789124,1.0,0.963654637336731
YDR069C,YHL003C,0,-4.13047,0.09775354713201523,1.0,0.9637550115585327
YOL116W,YMR171C,0,-4.1331396,0.09774436056613922,1.0,0.9638554453849792
YGL139W,YOR084W,0,-4.134918,0.09773517400026321,1.0,0.963955819606781
YHR158C,YNL038W,0,-4.1378355,0.0977259948849678,1.0,0.9640562534332275
YPL178W,YGL104C,0,-4.1385508,0.0977168083190918,1.0,0.9641566276550293
YIL062C,YPL001W,0,-4.14391,0.09770762920379639,1.0,0.964257001876831
YLL012W,YBL075C,0,-4.145502,0.09769845008850098,1.0,0.9643574357032776
YLR203C,YDR533C,0,-4.1468186,0.09768927097320557,1.0,0.9644578099250793
YLR075W,YHR209W,0,-4.1478944,0.09768009930849075,1.0,0.9645582437515259
YBR129C,YPR149W,0,-4.1495852,0.09767092764377594,1.0,0.9646586179733276
YPL259C,YJL024C,0,-4.1503572,0.09766175597906113,1.0,0.9647590517997742
YPL092W,YJL176C,0,-4.1516685,0.09765258431434631,1.0,0.9648594260215759
YLL061W,YGR286C,0,-4.152684,0.0976434126496315,1.0,0.9649598598480225
YPL258C,YER023W,0,-4.154972,0.09763424843549728,1.0,0.9650602340698242
YBR207W,YER089C,0,-4.1613336,0.09762508422136307,1.0,0.9651606678962708
YDR256C,YDR079W,0,-4.165414,0.09761592000722885,1.0,0.9652610421180725
YMR020W,YBL022C,0,-4.1668963,0.09760675579309464,1.0,0.9653614163398743
YLR120C,YER112W,0,-4.167188,0.09759759902954102,1.0,0.9654618501663208
YGL061C,YDR342C,0,-4.174968,0.0975884422659874,1.0,0.9655622243881226
YOL032W,YCR093W,0,-4.177086,0.09757928550243378,1.0,0.9656626582145691
YER060W-A,YNL246W,0,-4.1853256,0.09757012873888016,1.0,0.9657630324363708
YDR410C,YPR032W,0,-4.186326,0.09756097197532654,1.0,0.9658634662628174
YGL259W,YPL010W,0,-4.190713,0.09755182266235352,1.0,0.9659638404846191
YHR076W,YBR183W,0,-4.1913447,0.0975426733493805,1.0,0.9660642743110657
YLL019C,YDR260C,0,-4.193448,0.09753352403640747,1.0,0.9661646485328674
YPR083W,YER053C,0,-4.199055,0.09752438217401505,1.0,0.966265082359314
YDR421W,YMR198W,0,-4.2027164,0.09751524031162262,1.0,0.9663654565811157
YDL106C,YJR132W,0,-4.2035813,0.0975060909986496,1.0,0.9664658904075623
YBR030W,YCR005C,0,-4.203587,0.09749695658683777,1.0,0.966566264629364
YDR069C,YPL153C,0,-4.2134495,0.09748781472444534,1.0,0.9666666388511658
YPR055W,YKL183W,0,-4.217995,0.09747867286205292,1.0,0.9667670726776123
YJL189W,YER179W,0,-4.22217,0.09746953845024109,1.0,0.9668674468994141
YNR002C,YDR012W,0,-4.2250266,0.09746040403842926,1.0,0.9669678807258606
YNR019W,YPR125W,0,-4.22838,0.09745127707719803,1.0,0.9670682549476624
YNL127W,YOL145C,0,-4.2364216,0.0974421426653862,1.0,0.9671686887741089
YKL028W,YGR142W,0,-4.2373495,0.09743301570415497,1.0,0.9672690629959106
YBL082C,YKL201C,0,-4.245367,0.09742388874292374,1.0,0.9673694968223572
YNR045W,YPR030W,0,-4.2468386,0.0974147617816925,1.0,0.9674698710441589
YDR120C,YAL062W,0,-4.247453,0.09740563482046127,1.0,0.9675703048706055
YPL059W,YDR342C,0,-4.2491,0.09739651530981064,1.0,0.9676706790924072
YKL002W,YDR093W,0,-4.2500973,0.09738739579916,1.0,0.9677711129188538
YMR048W,YLR284C,0,-4.2523093,0.09737827628850937,1.0,0.9678714871406555
YDR323C,YGL104C,0,-4.2532816,0.09736915677785873,1.0,0.9679718613624573
YNR072W,YKL029C,0,-4.255284,0.0973600447177887,1.0,0.9680722951889038
YKL191W,YDR129C,0,-4.263825,0.09735093265771866,1.0,0.9681726694107056
YIL111W,YEL018W,0,-4.26904,0.09734182059764862,1.0,0.9682731032371521
YDR219C,YNL160W,0,-4.269311,0.09733270853757858,1.0,0.9683734774589539
YNL206C,YDL091C,0,-4.2750864,0.09732360392808914,1.0,0.9684739112854004
YPL101W,YDR096W,0,-4.276785,0.0973144918680191,1.0,0.9685742855072021
YNR048W,YHR106W,0,-4.279012,0.09730538725852966,1.0,0.9686747193336487
YMR303C,YBR176W,0,-4.279767,0.09729628264904022,1.0,0.9687750935554504
YOR120W,YBR109C,0,-4.2848763,0.09728718549013138,1.0,0.968875527381897
YJL141C,YMR100W,0,-4.285053,0.09727808088064194,1.0,0.9689759016036987
YER096W,YBL079W,0,-4.2859654,0.0972689837217331,1.0,0.9690762758255005
YJL066C,YLR106C,0,-4.2869444,0.09725988656282425,1.0,0.969176709651947
YHR067W,YOL084W,0,-4.2927036,0.097250796854496,1.0,0.9692770838737488
YCL031C,YOL053C-A,0,-4.2989483,0.09724169969558716,1.0,0.9693775177001953
YEL061C,YDR533C,0,-4.3031836,0.09723260998725891,1.0,0.9694778919219971
YBR006W,YAL034W-A,0,-4.3035154,0.09722352027893066,1.0,0.9695783257484436
YDL021W,YDL035C,0,-4.3041577,0.09721443057060242,1.0,0.9696786999702454
YMR169C,YKL156W,0,-4.305195,0.09720534831285477,1.0,0.9697791337966919
YOR357C,YPR002W,0,-4.3086295,0.09719625860452652,1.0,0.9698795080184937
YDL247W,YDR516C,0,-4.3191357,0.09718717634677887,1.0,0.9699799418449402
YLR324W,YMR149W,0,-4.324301,0.09717809408903122,1.0,0.9700803160667419
YCL024W,YJL045W,0,-4.3254967,0.09716901928186417,1.0,0.9701807498931885
YDL031W,YNL077W,0,-4.327241,0.09715993702411652,1.0,0.9702811241149902
YER145C,YOR132W,0,-4.3272734,0.09715086221694946,1.0,0.970381498336792
YPL258C,YKL210W,0,-4.32868,0.09714178740978241,1.0,0.9704819321632385
YMR228W,YPL096C-A,0,-4.3297095,0.09713272005319595,1.0,0.9705823063850403
YOR372C,YIL017W,0,-4.3305073,0.0971236452460289,1.0,0.9706827402114868
YIL043C,YNR035C,0,-4.332453,0.09711457788944244,1.0,0.9707831144332886
YMR015C,YNL133C,0,-4.332773,0.09710551053285599,1.0,0.9708835482597351
YGL084C,YIR031C,0,-4.3363647,0.09709644317626953,1.0,0.9709839224815369
YOR316C,YDR281C,0,-4.338086,0.09708737581968307,1.0,0.9710843563079834
YMR302C,YBL091C,0,-4.340332,0.09707831591367722,1.0,0.9711847305297852
YDL098C,YMR041C,0,-4.3434253,0.09706925600767136,1.0,0.9712851643562317
YOL084W,YDR039C,0,-4.3497667,0.0970601961016655,1.0,0.9713855385780334
YPL036W,YOR008C,0,-4.350346,0.09705113619565964,1.0,0.97148597240448
YER109C,YIL007C,0,-4.3536673,0.09704208374023438,1.0,0.9715863466262817
YIL160C,YDR087C,0,-4.358111,0.09703303128480911,1.0,0.9716867208480835
YDR069C,YDR362C,0,-4.361758,0.09702397882938385,1.0,0.97178715467453
YFR021W,YBR005W,0,-4.365238,0.09701492637395859,1.0,0.9718875288963318
YOR250C,YDL243C,0,-4.367003,0.09700587391853333,1.0,0.9719879627227783
YBR214W,YGR072W,0,-4.371498,0.09699682891368866,1.0,0.9720883369445801
YDR030C,YDR368W,0,-4.373288,0.096987783908844,1.0,0.9721887707710266
YNL173C,YLR432W,0,-4.378108,0.09697873890399933,1.0,0.9722891449928284
YMR319C,YFL001W,0,-4.379993,0.09696969389915466,1.0,0.9723895788192749
YLR350W,YBR268W,0,-4.382207,0.0969606563448906,1.0,0.9724899530410767
YDR356W,YOL002C,0,-4.384169,0.09695161879062653,1.0,0.9725903868675232
YOL139C,YDR470C,0,-4.385462,0.09694258123636246,1.0,0.972690761089325
YBR223C,YNL185C,0,-4.392844,0.09693354368209839,1.0,0.9727911353111267
YLR151C,YDL036C,0,-4.395897,0.09692451357841492,1.0,0.9728915691375732
YOR081C,YJR130C,0,-4.397811,0.09691547602415085,1.0,0.972991943359375
YPL135W,YBR181C,0,-4.3981013,0.09690644592046738,1.0,0.9730923771858215
YCL061C,YPR184W,0,-4.3999023,0.0968974158167839,1.0,0.9731927514076233
YOR324C,YPL208W,0,-4.4019103,0.09688839316368103,1.0,0.9732931852340698
YCR038C,YML027W,0,-4.406307,0.09687936305999756,1.0,0.9733935594558716
YHR149C,YLR377C,0,-4.410047,0.09687034040689468,1.0,0.9734939932823181
YER019C-A,YDR022C,0,-4.418815,0.09686131775379181,1.0,0.9735943675041199
YDL085W,YPL224C,0,-4.419444,0.09685230255126953,1.0,0.9736948013305664
YLR088W,YMR099C,0,-4.4205112,0.09684327989816666,1.0,0.9737951755523682
YJL089W,YER088C,0,-4.421235,0.09683426469564438,1.0,0.9738956093788147
YDL247W,YDL170W,0,-4.4237976,0.0968252494931221,1.0,0.9739959836006165
YAL053W,YAL056W,0,-4.4261713,0.09681623429059982,1.0,0.9740963578224182
YDR244W,YMR314W,0,-4.430227,0.09680722653865814,1.0,0.9741967916488647
YDR326C,YGL195W,0,-4.435708,0.09679821133613586,1.0,0.9742971658706665
YOL004W,YGL251C,0,-4.4363613,0.09678920358419418,1.0,0.974397599697113
YPL058C,YPL033C,0,-4.438488,0.0967801958322525,1.0,0.9744979739189148
YOR070C,YGL119W,0,-4.440654,0.09677119553089142,1.0,0.9745984077453613
YOR092W,YKR071C,0,-4.440783,0.09676218777894974,1.0,0.9746987819671631
YOR313C,YPL244C,0,-4.441413,0.09675318747758865,1.0,0.9747992157936096
YGR217W,YBR006W,0,-4.442239,0.09674418717622757,1.0,0.9748995900154114
YHR201C,YCR004C,0,-4.443601,0.09673518687486649,1.0,0.9750000238418579
YKR007W,YPR026W,0,-4.459097,0.096726194024086,1.0,0.9751003980636597
YOR046C,YJL057C,0,-4.4747787,0.09671719372272491,1.0,0.9752008318901062
YCL024W,YER068W,0,-4.496642,0.09670820087194443,1.0,0.975301206111908
YDL100C,YGR008C,0,-4.497318,0.09669920802116394,1.0,0.9754015803337097
YNL023C,YEL069C,0,-4.4981356,0.09669022262096405,1.0,0.9755020141601562
YKL048C,YFL011W-A,0,-4.5024395,0.09668122977018356,1.0,0.975602388381958
YCL004W,YJL200C,0,-4.5027213,0.09667224436998367,1.0,0.9757028222084045
YKR044W,YER088C,0,-4.5034513,0.09666325896978378,1.0,0.9758031964302063
YBR123C,YBR169C,0,-4.51118,0.09665427356958389,1.0,0.9759036302566528
YLR083C,YDR122W,0,-4.511386,0.0966452956199646,1.0,0.9760040044784546
YDL022W,YCR072C,0,-4.513447,0.09663631021976471,1.0,0.9761044383049011
YJL083W,YBR045C,0,-4.5143967,0.09662733227014542,1.0,0.9762048125267029
YLR092W,YPR068C,0,-4.5186787,0.09661835432052612,1.0,0.9763052463531494
YMR005W,YNL012W,0,-4.523717,0.09660938382148743,1.0,0.9764056205749512
YNL128W,YCR093W,0,-4.525744,0.09660040587186813,1.0,0.9765059947967529
YCR092C,YOL064C,0,-4.5290203,0.09659143537282944,1.0,0.9766064286231995
YIR019C,YPL026C,0,-4.5325694,0.09658246487379074,1.0,0.9767068028450012
YBR036C,YJL057C,0,-4.5400844,0.09657349437475204,1.0,0.9768072366714478
YMR020W,YOR224C,0,-4.549062,0.09656453132629395,1.0,0.9769076108932495
YPL018W,YOR057W,0,-4.551278,0.09655556827783585,1.0,0.977008044719696
YNL127W,YGR077C,0,-4.553958,0.09654660522937775,1.0,0.9771084189414978
YGL225W,YFR010W,0,-4.5547123,0.09653764218091965,1.0,0.9772088527679443
YOR075W,YLR330W,0,-4.55568,0.09652867913246155,1.0,0.9773092269897461
YGL210W,YEL069C,0,-4.569002,0.09651972353458405,1.0,0.9774096608161926
YCL034W,YCR052W,0,-4.5836496,0.09651076793670654,1.0,0.9775100350379944
YML034W,YDR350C,0,-4.583854,0.09650181233882904,1.0,0.9776104688644409
YLR120C,YKL164C,0,-4.5857253,0.09649285674095154,1.0,0.9777108430862427
YBR130C,YGR113W,0,-4.590368,0.09648390114307404,1.0,0.9778112173080444
YGL161C,YDR332W,0,-4.5932145,0.09647495299577713,1.0,0.977911651134491
YNL274C,YOR119C,0,-4.5943274,0.09646600484848022,1.0,0.9780120253562927
YOR177C,YJR010C-A,0,-4.600444,0.09645705670118332,1.0,0.9781124591827393
YKL064W,YGL212W,0,-4.6049895,0.09644811600446701,1.0,0.978212833404541
YNL041C,YCL061C,0,-4.6098566,0.0964391678571701,1.0,0.9783132672309875
YER025W,YAL062W,0,-4.6144085,0.0964302271604538,1.0,0.9784136414527893
YDR270W,YBR149W,0,-4.6385627,0.09642128646373749,1.0,0.9785140752792358
YPR083W,YDR369C,0,-4.6412487,0.09641234576702118,1.0,0.9786144495010376
YML070W,YOR151C,0,-4.6585746,0.09640341252088547,1.0,0.9787148833274841
YLR350W,YBL021C,0,-4.667072,0.09639447927474976,1.0,0.9788152575492859
YLL062C,YER068W,0,-4.6737623,0.09638553857803345,1.0,0.9789156913757324
YHR092C,YDR347W,0,-4.6800637,0.09637661278247833,1.0,0.9790160655975342
YIL138C,YDR310C,0,-4.68447,0.09636767953634262,1.0,0.9791164398193359
YMR319C,YIL124W,0,-4.697463,0.0963587537407875,1.0,0.9792168736457825
YML054C,YPL149W,0,-4.7024345,0.0963498204946518,1.0,0.9793172478675842
YML107C,YKL043W,0,-4.7059255,0.09634090214967728,1.0,0.9794176816940308
YOR085W,YER045C,0,-4.7100477,0.09633197635412216,1.0,0.9795180559158325
YLR120C,YKL119C,0,-4.71926,0.09632305055856705,1.0,0.979618489742279
YML054C,YJL079C,0,-4.7203193,0.09631413221359253,1.0,0.9797188639640808
YMR316W,YOL123W,0,-4.7225595,0.09630521386861801,1.0,0.9798192977905273
YPL224C,YGR238C,0,-4.7243304,0.0962962955236435,1.0,0.9799196720123291
YDL146W,YLR295C,0,-4.727028,0.09628737717866898,1.0,0.9800201058387756
YLR270W,YOR322C,0,-4.7436147,0.09627846628427505,1.0,0.9801204800605774
YHL024W,YAL060W,0,-4.7520905,0.09626955538988113,1.0,0.9802208542823792
YDL142C,YDR190C,0,-4.756608,0.09626064449548721,1.0,0.9803212881088257
YHL028W,YEL002C,0,-4.7660084,0.09625173360109329,1.0,0.9804216623306274
YHR181W,YEL015W,0,-4.7698193,0.09624283015727997,1.0,0.980522096157074
YPR083W,YOL151W,0,-4.7716064,0.09623391926288605,1.0,0.9806224703788757
YOR081C,YNL297C,0,-4.7740946,0.09622501581907272,1.0,0.9807229042053223
YMR169C,YNL137C,0,-4.777507,0.09621611982584,1.0,0.980823278427124
YPR160W,YFL005W,0,-4.7778554,0.09620721638202667,1.0,0.9809237122535706
YGL064C,YGR008C,0,-4.7781167,0.09619831293821335,1.0,0.9810240864753723
YPL214C,YFR003C,0,-4.790762,0.09618941694498062,1.0,0.9811245203018188
YDR082W,YFR041C,0,-4.7910075,0.0961805209517479,1.0,0.9812248945236206
YHR139C,YNL167C,0,-4.7950034,0.09617163240909576,1.0,0.9813253283500671
YDR252W,YBR183W,0,-4.8014636,0.09616273641586304,1.0,0.9814257025718689
YOR301W,YJL221C,0,-4.806796,0.09615384787321091,1.0,0.9815260767936707
YER103W,YJL056C,0,-4.816533,0.09614495933055878,1.0,0.9816265106201172
YOR132W,YNL065W,0,-4.83002,0.09613607078790665,1.0,0.981726884841919
YLR286C,YHR129C,0,-4.834991,0.09612718224525452,1.0,0.9818273186683655
YDL085W,YGR181W,0,-4.847024,0.09611830115318298,1.0,0.9819276928901672
YCR038C,YBR177C,0,-4.847581,0.09610942006111145,1.0,0.9820281267166138
YPL094C,YDR259C,0,-4.860865,0.09610053896903992,1.0,0.9821285009384155
YJL192C,YHR006W,0,-4.861765,0.09609165787696838,1.0,0.9822289347648621
YCL057W,YPL258C,0,-4.868595,0.09608277678489685,1.0,0.9823293089866638
YHR139C,YLR212C,0,-4.8693233,0.09607390314340591,1.0,0.9824297428131104
YDR358W,YLR292C,0,-4.8747225,0.09606502950191498,1.0,0.9825301170349121
YNL065W,YOR348C,0,-4.8830233,0.09605615586042404,1.0,0.9826305508613586
YGR089W,YKL129C,0,-4.883245,0.0960472822189331,1.0,0.9827309250831604
YOR347C,YLR197W,0,-4.8844566,0.09603841602802277,1.0,0.9828312993049622
YGR241C,YLR300W,0,-4.90474,0.09602954983711243,1.0,0.9829317331314087
YNL291C,YDR421W,0,-4.9147525,0.09602068364620209,1.0,0.9830321073532104
YGL103W,YKL129C,0,-4.9181933,0.09601181745529175,1.0,0.983132541179657
YDR039C,YFR041C,0,-4.921752,0.09600295126438141,1.0,0.9832329154014587
YPR154W,YOR151C,0,-4.923715,0.09599409252405167,1.0,0.9833333492279053
YBR287W,YHR175W,0,-4.9264097,0.09598523378372192,1.0,0.983433723449707
YGR088W,YDL141W,0,-4.934005,0.09597637504339218,1.0,0.9835341572761536
YDR508C,YEL005C,0,-4.9341545,0.09596751630306244,1.0,0.9836345314979553
YLR237W,YLR450W,0,-4.9358263,0.0959586650133133,1.0,0.9837349653244019
YBR169C,YCR093W,0,-4.937546,0.09594981372356415,1.0,0.9838353395462036
YLR327C,YBR231C,0,-4.941103,0.095940962433815,1.0,0.9839357137680054
YDR246W,YHR017W,0,-4.9459906,0.09593211114406586,1.0,0.9840361475944519
YGR020C,YPL180W,0,-4.948498,0.09592325985431671,1.0,0.9841365218162537
YPL186C,YLR200W,0,-4.9498363,0.09591441601514816,1.0,0.9842369556427002
YJL153C,YKL109W,0,-4.9591165,0.09590557217597961,1.0,0.984337329864502
YHR139C,YGL025C,0,-4.977997,0.09589672833681107,1.0,0.9844377636909485
YLR244C,YCR021C,0,-4.9786367,0.09588788449764252,1.0,0.9845381379127502
YGR120C,YPR154W,0,-4.980618,0.09587904810905457,1.0,0.9846385717391968
YAL024C,YNL101W,0,-5.001254,0.09587020426988602,1.0,0.9847389459609985
YKL217W,YLR014C,0,-5.0053134,0.09586136788129807,1.0,0.9848393797874451
YLR286C,YJL090C,0,-5.01175,0.09585253149271011,1.0,0.9849397540092468
YOR330C,YBR119W,0,-5.0149827,0.09584370255470276,1.0,0.9850401878356934
YPL221W,YML047C,0,-5.0150557,0.09583486616611481,1.0,0.9851405620574951
YEL062W,YGR191W,0,-5.0157585,0.09582603722810745,1.0,0.9852409362792969
YDR054C,YOL053C-A,0,-5.0190105,0.0958172082901001,1.0,0.9853413701057434
YNL044W,YFR034C,0,-5.0214863,0.09580838680267334,1.0,0.9854417443275452
YHL027W,YJR101W,0,-5.0250444,0.09579955786466599,1.0,0.9855421781539917
YLL033W,YBL064C,0,-5.031226,0.09579073637723923,1.0,0.9856425523757935
YHR060W,YNR019W,0,-5.0345325,0.09578191488981247,1.0,0.98574298620224
YJL192C,YFL057C,0,-5.038892,0.09577309340238571,1.0,0.9858433604240417
YIL005W,YKR054C,0,-5.048313,0.09576427191495895,1.0,0.9859437942504883
YNL278W,YLR118C,0,-5.0483856,0.09575545787811279,1.0,0.98604416847229
YDR419W,YDR436W,0,-5.0536385,0.09574663639068604,1.0,0.9861446022987366
YNL185C,YER053C,0,-5.0567865,0.09573782235383987,1.0,0.9862449765205383
YNL160W,YGR184C,0,-5.057024,0.09572901576757431,1.0,0.9863454103469849
YPR070W,YOR374W,0,-5.0594783,0.09572020173072815,1.0,0.9864457845687866
YFR038W,YKR089C,0,-5.0732603,0.09571139514446259,1.0,0.9865461587905884
YGL095C,YCL052C,0,-5.079585,0.09570258855819702,1.0,0.9866465926170349
YDR429C,YOL158C,0,-5.0887995,0.09569378197193146,1.0,0.9867469668388367
YDL204W,YNR041C,0,-5.091847,0.0956849753856659,1.0,0.9868474006652832
YML031W,YBR230C,0,-5.0978994,0.09567617624998093,1.0,0.986947774887085
YLR079W,YBR105C,0,-5.113179,0.09566736966371536,1.0,0.9870482087135315
YDR358W,YGR118W,0,-5.119462,0.0956585705280304,1.0,0.9871485829353333
YOR085W,YPL258C,0,-5.1204658,0.09564977139234543,1.0,0.9872490167617798
YPL119C,YDR511W,0,-5.1373463,0.09564097970724106,1.0,0.9873493909835815
YPR159W,YBR295W,0,-5.143672,0.09563218057155609,1.0,0.9874498248100281
YJL003W,YLR047C,0,-5.1448054,0.09562338888645172,1.0,0.9875501990318298
YDR492W,YPL196W,0,-5.150461,0.09561459720134735,1.0,0.9876505732536316
YDR276C,YMR105C,0,-5.1921816,0.09560581296682358,1.0,0.9877510070800781
YER060W-A,YER056C,0,-5.2091007,0.09559702128171921,1.0,0.9878513813018799
YOR216C,YHR157W,0,-5.2140026,0.09558823704719543,1.0,0.9879518151283264
YOR317W,YKL081W,0,-5.221001,0.09557945281267166,1.0,0.9880521893501282
YMR026C,YPR030W,0,-5.2256823,0.09557066857814789,1.0,0.9881526231765747
YPL018W,YKL173W,0,-5.2299614,0.09556188434362411,1.0,0.9882529973983765
YOR070C,YBL068W,0,-5.2342205,0.09555310755968094,1.0,0.988353431224823
YOL055C,YBR114W,0,-5.2355294,0.09554433077573776,1.0,0.9884538054466248
YFL044C,YDL070W,0,-5.251729,0.09553554654121399,1.0,0.9885542392730713
YNL278W,YIL143C,0,-5.251982,0.09552677720785141,1.0,0.988654613494873
YNL008C,YJL060W,0,-5.3003864,0.09551800042390823,1.0,0.9887550473213196
YGL028C,YLL012W,0,-5.3029346,0.09550923109054565,1.0,0.9888554215431213
YPR008W,YIL039W,0,-5.31296,0.09550046175718307,1.0,0.9889557957649231
YOR272W,YGR161C,0,-5.3300195,0.0954916924238205,1.0,0.9890562295913696
YOR306C,YNR067C,0,-5.3321695,0.09548292309045792,1.0,0.9891566038131714
YHR158C,YEL002C,0,-5.3327074,0.09547416120767593,1.0,0.9892570376396179
YDR309C,YBR074W,0,-5.3354416,0.09546539187431335,1.0,0.9893574118614197
YJL005W,YPR026W,0,-5.3362703,0.09545662999153137,1.0,0.9894578456878662
YCR021C,YIL008W,0,-5.350825,0.09544786810874939,1.0,0.989558219909668
YPR122W,YER090W,0,-5.365137,0.095439113676548,1.0,0.9896586537361145
YKL191W,YOR237W,0,-5.3784685,0.09543035179376602,1.0,0.9897590279579163
YNR033W,YEL069C,0,-5.4109373,0.09542159736156464,1.0,0.9898594617843628
YMR110C,YJR051W,0,-5.4129934,0.09541284292936325,1.0,0.9899598360061646
YNL044W,YOR275C,0,-5.4256682,0.09540408849716187,1.0,0.9900602698326111
YGR020C,YPL061W,0,-5.4349318,0.09539534151554108,1.0,0.9901606440544128
YMR063W,YML027W,0,-5.4380574,0.09538659453392029,1.0,0.9902610182762146
YLR251W,YIL061C,0,-5.4476995,0.0953778401017189,1.0,0.9903614521026611
YML101C,YJL164C,0,-5.4654007,0.09536909312009811,1.0,0.9904618263244629
YDR530C,YBR001C,0,-5.470175,0.09536035358905792,1.0,0.9905622601509094
YPL059W,YIR031C,0,-5.5153356,0.09535160660743713,1.0,0.9906626343727112
YDL022W,YOL051W,0,-5.517875,0.09534286707639694,1.0,0.9907630681991577
YGL196W,YJL054W,0,-5.5179086,0.09533412754535675,1.0,0.9908634424209595
YDR358W,YKR028W,0,-5.531921,0.09532538801431656,1.0,0.990963876247406
YJL198W,YDR368W,0,-5.536271,0.09531665593385696,1.0,0.9910642504692078
YPR149W,YLR212C,0,-5.537907,0.09530791640281677,1.0,0.9911646842956543
YIR026C,YDR453C,0,-5.5460134,0.09529918432235718,1.0,0.991265058517456
YHR133C,YMR105C,0,-5.5807796,0.09529045224189758,1.0,0.9913654327392578
YGL112C,YHR030C,0,-5.601205,0.09528172016143799,1.0,0.9914658665657043
YKL026C,YEL017C-A,0,-5.608985,0.09527299553155899,1.0,0.9915662407875061
YGL139W,YOR014W,0,-5.6105123,0.0952642634510994,1.0,0.9916666746139526
YGL053W,YDR310C,0,-5.6128383,0.0952555388212204,1.0,0.9917670488357544
YBR296C,YER038C,0,-5.651727,0.0952468141913414,1.0,0.9918674826622009
YOR386W,YDR120C,0,-5.653233,0.095238097012043,1.0,0.9919678568840027
YNL131W,YNL027W,0,-5.6683083,0.095229372382164,1.0,0.9920682907104492
YML071C,YPL203W,0,-5.672036,0.0952206552028656,1.0,0.992168664932251
YBR072W,YDR356W,0,-5.67472,0.0952119380235672,1.0,0.9922690987586975
YAL017W,YEL001C,0,-5.6933866,0.0952032208442688,1.0,0.9923694729804993
YDR342C,YDR483W,0,-5.734984,0.095194511115551,1.0,0.9924699068069458
YOR120W,YHR168W,0,-5.735514,0.0951857939362526,1.0,0.9925702810287476
YDL204W,YDR065W,0,-5.794286,0.09517708420753479,1.0,0.9926706552505493
YMR169C,YGL200C,0,-5.8069777,0.09516837447881699,1.0,0.9927710890769958
YNL160W,YJR112W,0,-5.8139787,0.09515966475009918,1.0,0.9928714632987976
YHR004C,YGL173C,0,-5.826088,0.09515096247196198,1.0,0.9929718971252441
YBR072W,YOR191W,0,-5.8479996,0.09514225274324417,1.0,0.9930722713470459
YNL130C,YHR029C,0,-5.8563643,0.09513355046510696,1.0,0.9931727051734924
YNL166C,YOR221C,0,-5.86498,0.09512484818696976,1.0,0.9932730793952942
YKR088C,YDR423C,0,-5.8739834,0.09511615335941315,1.0,0.9933735132217407
YKR102W,YNL160W,0,-5.878743,0.09510745108127594,1.0,0.9934738874435425
YOR304W,YML120C,0,-5.9083996,0.09509875625371933,1.0,0.993574321269989
YLL061W,YNL278W,0,-5.955438,0.09509006142616272,1.0,0.9936746954917908
YLR237W,YNL158W,0,-5.9616632,0.09508136659860611,1.0,0.9937751293182373
YGR193C,YHR092C,0,-5.966195,0.0950726792216301,1.0,0.9938755035400391
YLR142W,YKL138C-A,0,-5.9874763,0.09506398439407349,1.0,0.9939758777618408
YMR238W,YGR202C,0,-5.9975915,0.09505529701709747,1.0,0.9940763115882874
YMR297W,YIR023W,0,-6.007432,0.09504660964012146,1.0,0.9941766858100891
YJR076C,YNL335W,0,-6.047102,0.09503792226314545,1.0,0.9942771196365356
YJL183W,YOL111C,0,-6.062966,0.09502924233675003,1.0,0.9943774938583374
YNL293W,YIL159W,0,-6.0755053,0.09502055495977402,1.0,0.9944779276847839
YFR024C-A,YHR092C,0,-6.080759,0.0950118750333786,1.0,0.9945783019065857
YGR229C,YJL221C,0,-6.091333,0.09500319510698318,1.0,0.9946787357330322
YHR139C,YLR039C,0,-6.1326947,0.09499452263116837,1.0,0.994779109954834
YJR004C,YNL081C,0,-6.202151,0.09498584270477295,1.0,0.9948795437812805
YJL085W,YGL192W,0,-6.2124724,0.09497717022895813,1.0,0.9949799180030823
YLR327C,YOR119C,0,-6.244956,0.09496849775314331,1.0,0.995080292224884
YLR384C,YBR026C,0,-6.2621193,0.09495982527732849,1.0,0.9951807260513306
YDL022W,YLR353W,0,-6.296047,0.09495115280151367,1.0,0.9952811002731323
YOR301W,YJL101C,0,-6.349003,0.09494248777627945,1.0,0.9953815340995789
YPL240C,YPL189W,0,-6.3596525,0.09493382275104523,1.0,0.9954819083213806
YAL053W,YLR033W,0,-6.362176,0.094925157725811,1.0,0.9955823421478271
YHL019C,YKL001C,0,-6.4172797,0.09491649270057678,1.0,0.9956827163696289
YDR256C,YBL052C,0,-6.438527,0.09490782767534256,1.0,0.9957831501960754
YLL061W,YER053C,0,-6.509413,0.09489917010068893,1.0,0.9958835244178772
YDR358W,YGL226C-A,0,-6.5645294,0.09489051252603531,1.0,0.9959839582443237
YAL053W,YCL044C,0,-6.5696177,0.09488185495138168,1.0,0.9960843324661255
YKL103C,YJL005W,0,-6.6278124,0.09487319737672806,1.0,0.996184766292572
YGL028C,YPL240C,0,-6.646907,0.09486454725265503,1.0,0.9962851405143738
YPR184W,YDR469W,0,-6.655262,0.0948558896780014,1.0,0.9963855147361755
YER150W,YGL005C,0,-6.6815085,0.09484723955392838,1.0,0.9964859485626221
YCL004W,YGL096W,0,-6.6943426,0.09483858942985535,1.0,0.9965863227844238
YLR187W,YGL259W,0,-6.7312703,0.09482994675636292,1.0,0.9966867566108704
YEL017C-A,YDR536W,0,-6.7966366,0.09482129663228989,1.0,0.9967871308326721
YJR147W,YGL128C,0,-6.801915,0.09481265395879745,1.0,0.9968875646591187
YNL166C,YOL100W,0,-6.899459,0.09480401128530502,1.0,0.9969879388809204
YGL016W,YPR002W,0,-6.954774,0.09479536861181259,1.0,0.9970883727073669
YOR018W,YPR060C,0,-6.9743137,0.09478673338890076,1.0,0.9971887469291687
YNL158W,YMR081C,0,-7.0276656,0.09477809071540833,1.0,0.9972891807556152
YER150W,YKL005C,0,-7.0827403,0.09476945549249649,1.0,0.997389554977417
YOL052C-A,YKR007W,0,-7.0995016,0.09476082026958466,1.0,0.9974899888038635
YBR192W,YIR039C,0,-7.116665,0.09475218504667282,1.0,0.9975903630256653
YKL217W,YLR373C,0,-7.2417793,0.09474355727434158,1.0,0.997690737247467
YOR327C,YMR101C,0,-7.328935,0.09473492205142975,1.0,0.9977911710739136
YPL143W,YOR221C,0,-7.339015,0.09472629427909851,1.0,0.9978915452957153
YNL156C,YHR143W,0,-7.3557596,0.09471766650676727,1.0,0.9979919791221619
YLR270W,YIL043C,0,-7.3839173,0.09470904618501663,1.0,0.9980923533439636
YNL166C,YLL057C,0,-7.4408836,0.0947004184126854,1.0,0.9981927871704102
YPL019C,YIL056W,0,-7.511479,0.09469179809093475,1.0,0.9982931613922119
YIL043C,YOR273C,0,-7.5175924,0.09468317776918411,1.0,0.9983935952186584
YPR083W,YDR342C,0,-7.524891,0.09467455744743347,1.0,0.9984939694404602
YER150W,YLR045C,0,-7.6755195,0.09466593712568283,1.0,0.9985944032669067
YLL041C,YHR031C,0,-7.72237,0.09465732425451279,1.0,0.9986947774887085
YBR287W,YBR001C,0,-7.795602,0.09464871138334274,1.0,0.9987951517105103
YLR187W,YDL204W,0,-8.094196,0.0946400910615921,1.0,0.9988955855369568
YNL166C,YDR436W,0,-8.194,0.09463148564100266,1.0,0.9989959597587585
YIL124W,YIL008W,0,-8.493013,0.09462287276983261,1.0,0.9990963935852051
YLL055W,YBL011W,0,-8.631725,0.09461426734924316,1.0,0.9991967678070068
YBR187W,YPR030W,0,-8.654899,0.09460565447807312,1.0,0.9992972016334534
YBL034C,YGR008C,0,-8.918058,0.09459705650806427,1.0,0.9993975758552551
YOR382W,YDL083C,0,-9.425107,0.09458845108747482,1.0,0.9994980096817017
YHR172W,YKR049C,0,-9.478858,0.09457984566688538,1.0,0.9995983839035034
YGR094W,YML100W,0,-9.563785,0.09457124769687653,1.0,0.99969881772995
YML115C,YKL093W,0,-9.664792,0.09456264972686768,1.0,0.9997991919517517
YNL111C,YBR183W,0,-10.2471,0.09455405175685883,1.0,0.9998996257781982
YLR045C,YOR120W,0,-10.293849,0.09454545378684998,1.0,1.0
