Gene A,Gene B,Label,Score,Precision,Recall,False Positive Rate
YDR392W,YDR167W,1,-5.308287,1.0,0.0012195121962577105,0.0
YBR198C,YGL112C,1,-5.414753,1.0,0.002439024392515421,0.0
YJR004C,YGR047C,0,-5.427265,0.6666666865348816,0.002439024392515421,0.00012195121962577105
YGL044C,YDR303C,0,-5.4627523,0.5,0.002439024392515421,0.0002439024392515421
YOL148C,YMR236W,1,-5.484891,0.6000000238418579,0.0036585365887731314,0.0002439024392515421
YGR252W,YEL056W,1,-5.485179,0.6666666865348816,0.004878048785030842,0.0002439024392515421
YHR024C,YDR142C,0,-5.485274,0.5714285969734192,0.004878048785030842,0.00036585365887731314
YPL001W,YOL148C,1,-5.5117598,0.625,0.006097560748457909,0.00036585365887731314
YKL176C,YFL044C,0,-5.5286236,0.5555555820465088,0.006097560748457909,0.0004878048785030842
YGR252W,YDR392W,1,-5.539829,0.6000000238418579,0.007317073177546263,0.0004878048785030842
YPR131C,YNL326C,1,-5.5466404,0.6363636255264282,0.008536585606634617,0.0004878048785030842
YLR027C,YGL013C,0,-5.5561805,0.5833333134651184,0.008536585606634617,0.0006097560981288552
YPR131C,YGL066W,1,-5.566306,0.6153846383094788,0.009756097570061684,0.0006097560981288552
YOR244W,YOL148C,1,-5.5793753,0.6428571343421936,0.01097560953348875,0.0006097560981288552
YKR101W,YOR308C,0,-5.5956116,0.6000000238418579,0.01097560953348875,0.0007317073177546263
YFL039C,YOL110W,1,-5.5971146,0.625,0.012195121496915817,0.0007317073177546263
YKL054C,YKL015W,0,-5.607709,0.5882353186607361,0.012195121496915817,0.0008536585373803973
YLR421C,YLR440C,0,-5.608736,0.5555555820465088,0.012195121496915817,0.0009756097570061684
YJR093C,YPL065W,0,-5.619185,0.5263158082962036,0.012195121496915817,0.0010975609766319394
YGL066W,YMR236W,1,-5.6310606,0.550000011920929,0.013414634391665459,0.0010975609766319394
YDR096W,YOL113W,0,-5.6382113,0.523809552192688,0.013414634391665459,0.0012195121962577105
YOR147W,YKL053C-A,0,-5.6462784,0.5,0.013414634391665459,0.0013414634158834815
YJL081C,YNL326C,1,-5.6493587,0.52173912525177,0.014634146355092525,0.0013414634158834815
YPR131C,YMR236W,1,-5.6555557,0.5416666865348816,0.015853658318519592,0.0013414634158834815
YPR104C,YNL261W,0,-5.657033,0.5199999809265137,0.015853658318519592,0.0014634146355092525
YGL223C,YPL053C,0,-5.674428,0.5,0.015853658318519592,0.0015853658551350236
YBR289W,YDL159W,0,-5.6765122,0.48148149251937866,0.015853658318519592,0.0017073170747607946
YGR252W,YGL112C,1,-5.679043,0.5,0.017073171213269234,0.0017073170747607946
YPR131C,YOL148C,1,-5.68285,0.517241358757019,0.018292682245373726,0.0017073170747607946
YDR264C,YMR236W,1,-5.683758,0.5333333611488342,0.019512195140123367,0.0017073170747607946
YOR076C,YOR172W,0,-5.687471,0.5161290168762207,0.019512195140123367,0.0018292682943865657
YPL008W,YPL151C,0,-5.688568,0.5,0.019512195140123367,0.0019512195140123367
YPL023C,YNL026W,0,-5.6891,0.4848484992980957,0.019512195140123367,0.002073170617222786
YGR252W,YBL052C,1,-5.6996455,0.5,0.02073170803487301,0.002073170617222786
YEL056W,YDL040C,1,-5.7032847,0.5142857432365417,0.0219512190669775,0.002073170617222786
YPL001W,YBR198C,1,-5.7228117,0.5277777910232544,0.023170731961727142,0.002073170617222786
YGL066W,YGR002C,1,-5.726914,0.5405405163764954,0.024390242993831635,0.002073170617222786
YFL024C,YPL001W,1,-5.728443,0.5526315569877625,0.025609755888581276,0.002073170617222786
YGL112C,YMR236W,1,-5.7433224,0.5641025900840759,0.026829268783330917,0.002073170617222786
YCL052C,YPR056W,0,-5.7455597,0.550000011920929,0.026829268783330917,0.002195121953263879
YPR131C,YOL003C,1,-5.747742,0.5609756112098694,0.02804877981543541,0.002195121953263879
YKL052C,YNR052C,0,-5.7518873,0.5476190447807312,0.02804877981543541,0.002317073056474328
YDR176W,YOL148C,1,-5.7533293,0.5581395626068115,0.02926829271018505,0.002317073056474328
YJL085W,YMR247C,0,-5.766722,0.5454545617103577,0.02926829271018505,0.002439024392515421
YPR131C,YDR167W,1,-5.774805,0.5555555820465088,0.030487805604934692,0.002439024392515421
YOR244W,YGR002C,1,-5.782871,0.5652173757553101,0.031707316637039185,0.002439024392515421
YER105C,YDR310C,0,-5.7845964,0.5531914830207825,0.031707316637039185,0.00256097549572587
YBR188C,YHR111W,0,-5.784794,0.5416666865348816,0.031707316637039185,0.002682926831766963
YLR418C,YPL139C,0,-5.7872086,0.5306122303009033,0.031707316637039185,0.0028048779349774122
YJL081C,YPL001W,1,-5.7933307,0.5400000214576721,0.03292682766914368,0.0028048779349774122
YGL025C,YLR440C,0,-5.7945814,0.529411792755127,0.03292682766914368,0.002926829271018505
YMR038C,YER022W,0,-5.7970953,0.5192307829856873,0.03292682766914368,0.0030487803742289543
YEL066W,YOL148C,1,-5.797671,0.5283018946647644,0.03414634242653847,0.0030487803742289543
YDR264C,YEL056W,1,-5.805265,0.5370370149612427,0.03536585345864296,0.0030487803742289543
YPL001W,YDR392W,1,-5.8077855,0.5454545617103577,0.03658536449074745,0.0030487803742289543
YNL020C,YCR002C,0,-5.810083,0.5357142686843872,0.03658536449074745,0.003170731710270047
YJL081C,YOR244W,1,-5.8118863,0.5438596606254578,0.03780487924814224,0.003170731710270047
YJL081C,YOL148C,1,-5.813376,0.5517241358757019,0.039024390280246735,0.003170731710270047
YPL001W,YDR167W,1,-5.8195033,0.5593220591545105,0.04024390131235123,0.003170731710270047
YJL081C,YBR198C,1,-5.829356,0.5666666626930237,0.04146341606974602,0.003170731710270047
YBR198C,YMR236W,1,-5.8333793,0.5737704634666443,0.04268292710185051,0.003170731710270047
YPR072W,YMR061W,0,-5.8346786,0.5645161271095276,0.04268292710185051,0.0032926828134804964
YGR252W,YBR198C,1,-5.8378377,0.5714285969734192,0.043902438133955,0.0032926828134804964
YBR286W,YDR225W,0,-5.839361,0.5625,0.043902438133955,0.0034146341495215893
YLR220W,YML067C,0,-5.841026,0.5538461804389954,0.043902438133955,0.0035365852527320385
YLR310C,YDR289C,0,-5.8490396,0.5454545617103577,0.043902438133955,0.0036585365887731314
YOL076W,YLL002W,1,-5.851172,0.5522388219833374,0.04512195289134979,0.0036585365887731314
YDR264C,YGR252W,1,-5.852231,0.5588235259056091,0.046341463923454285,0.0036585365887731314
YGR276C,YOR110W,0,-5.852689,0.5507246255874634,0.046341463923454285,0.0037804876919835806
YNL261W,YGR276C,0,-5.853095,0.5428571701049805,0.046341463923454285,0.0039024390280246735
YAL043C,YDR198C,0,-5.853691,0.5352112650871277,0.046341463923454285,0.004024390131235123
YGL106W,YOR057W,0,-5.853875,0.5277777910232544,0.046341463923454285,0.004146341234445572
YPL001W,YMR236W,1,-5.8561,0.534246563911438,0.04756097495555878,0.004146341234445572
YGL066W,YDR392W,1,-5.8587756,0.5405405163764954,0.04878048598766327,0.004146341234445572
YGR252W,YPR131C,1,-5.861846,0.54666668176651,0.05000000074505806,0.004146341234445572
YER166W,YJR126C,0,-5.8619404,0.5394737124443054,0.05000000074505806,0.004268292803317308
YDR141C,YGL004C,0,-5.8621607,0.5324675440788269,0.05000000074505806,0.004390243906527758
YEL053C,YOL148C,1,-5.8642125,0.5384615659713745,0.05121951177716255,0.004390243906527758
YJL189W,YER074W-A,0,-5.865973,0.5316455960273743,0.05121951177716255,0.004512195009738207
YJL081C,YGR002C,1,-5.867081,0.5375000238418579,0.052439022809267044,0.004512195009738207
YGL066W,YOL148C,1,-5.8705964,0.5432098507881165,0.053658537566661835,0.004512195009738207
YOL045W,YKL015W,0,-5.8718796,0.5365853905677795,0.053658537566661835,0.004634146112948656
YOL148C,YDR167W,1,-5.872459,0.5421686768531799,0.05487804859876633,0.004634146112948656
YHR044C,YIL005W,0,-5.8729043,0.5357142686843872,0.05487804859876633,0.004756097681820393
YBR097W,YLR396C,0,-5.8744807,0.529411792755127,0.05487804859876633,0.004878048785030842
YJL090C,YDR289C,0,-5.8776827,0.5232558250427246,0.05487804859876633,0.004999999888241291
YNL127W,YGR271W,0,-5.8829107,0.517241358757019,0.05487804859876633,0.00512195099145174
YJR089W,YKL189W,0,-5.883285,0.5113636255264282,0.05487804859876633,0.005243902560323477
YEL056W,YBR198C,1,-5.8847094,0.516853928565979,0.05609755963087082,0.005243902560323477
YOL043C,YHR039C-A,0,-5.8907614,0.5111111402511597,0.05609755963087082,0.005365853663533926
YNL183C,YDR105C,0,-5.8912816,0.5054945349693298,0.05609755963087082,0.005487804766744375
YHR013C,YPR131C,1,-5.8923616,0.510869562625885,0.05731707438826561,0.005487804766744375
YER001W,YKR055W,0,-5.8925056,0.5053763389587402,0.05731707438826561,0.0056097558699548244
YOR373W,YBR103W,0,-5.8938766,0.5,0.05731707438826561,0.005731707438826561
YJL081C,YNL136W,1,-5.8956604,0.5052631497383118,0.0585365854203701,0.005731707438826561
YKL025C,YKL058W,0,-5.896447,0.5,0.0585365854203701,0.00585365854203701
YER183C,YPL083C,0,-5.8967237,0.49484536051750183,0.0585365854203701,0.005975609645247459
YGL127C,YKL196C,0,-5.896953,0.4897959232330322,0.0585365854203701,0.006097560748457909
YJR050W,YBR073W,0,-5.89911,0.4848484992980957,0.0585365854203701,0.006219512317329645
YJR001W,YGL190C,0,-5.9072,0.47999998927116394,0.0585365854203701,0.006341463420540094
YBR041W,YBR287W,0,-5.9098845,0.4752475321292877,0.0585365854203701,0.006463414523750544
YBL084C,YER133W,0,-5.9125705,0.47058823704719543,0.0585365854203701,0.006585365626960993
YJL081C,YMR236W,1,-5.9129,0.4757281541824341,0.059756096452474594,0.006585365626960993
YMR167W,YDR386W,0,-5.9160395,0.4711538553237915,0.059756096452474594,0.006707317195832729
YOR174W,YKR055W,0,-5.9193974,0.46666666865348816,0.059756096452474594,0.0068292682990431786
YGR227W,YGL092W,0,-5.922306,0.46226415038108826,0.059756096452474594,0.006951219402253628
YGR252W,YGL066W,1,-5.9265385,0.4672897160053253,0.060975611209869385,0.006951219402253628
YGR252W,YNL326C,1,-5.9325967,0.4722222089767456,0.06219512224197388,0.006951219402253628
YOR244W,YDR176W,1,-5.9342995,0.47706422209739685,0.06341463327407837,0.006951219402253628
YOL045W,YLR298C,0,-5.936096,0.4727272689342499,0.06341463327407837,0.007073170505464077
YDR005C,YDL188C,0,-5.9362564,0.46846845746040344,0.06341463327407837,0.0071951220743358135
YOR244W,YPL001W,1,-5.94093,0.4732142984867096,0.06463414430618286,0.0071951220743358135
YJL081C,YGL112C,1,-5.9411902,0.47787609696388245,0.06585365533828735,0.0071951220743358135
YER050C,YDR469W,0,-5.942821,0.4736842215061188,0.06585365533828735,0.007317073177546263
YEL056W,YGR002C,1,-5.943688,0.47826087474823,0.06707317382097244,0.007317073177546263
YJR013W,YGR038W,0,-5.9458437,0.47413793206214905,0.06707317382097244,0.007439024280756712
YNL103W,YGL013C,0,-5.945862,0.470085471868515,0.06707317382097244,0.007560975383967161
YHR013C,YGR252W,1,-5.94654,0.47457626461982727,0.06829268485307693,0.007560975383967161
YLR246W,YEL066W,1,-5.947611,0.4789915978908539,0.06951219588518143,0.007560975383967161
YBR080C,YMR313C,0,-5.949525,0.4749999940395355,0.06951219588518143,0.007682926952838898
YMR275C,YBR293W,0,-5.9501343,0.4710743725299835,0.06951219588518143,0.007804878056049347
YPR131C,YGR002C,1,-5.950632,0.4754098355770111,0.07073170691728592,0.007804878056049347
YDR318W,YGR206W,0,-5.9527907,0.47154471278190613,0.07073170691728592,0.007926829159259796
YOR193W,YBR289W,0,-5.9532223,0.4677419364452362,0.07073170691728592,0.008048780262470245
YGL025C,YER075C,0,-5.953557,0.46399998664855957,0.07073170691728592,0.008170731365680695
YDR456W,YDL216C,0,-5.9535933,0.460317462682724,0.07073170691728592,0.008292682468891144
YFL024C,YDR167W,1,-5.953847,0.4645669162273407,0.07195121794939041,0.008292682468891144
YDL029W,YOL055C,0,-5.956247,0.4609375,0.07195121794939041,0.008414634503424168
YML051W,YPL042C,0,-5.9591913,0.45736435055732727,0.07195121794939041,0.008536585606634617
YFL024C,YGR002C,1,-5.9683127,0.4615384638309479,0.0731707289814949,0.008536585606634617
YJL081C,YPR131C,1,-5.9685545,0.4656488597393036,0.07439024746417999,0.008536585606634617
YJL047C,YIR011C,0,-5.968829,0.46212121844291687,0.07439024746417999,0.008658536709845066
YLR231C,YCR009C,0,-5.9700923,0.45864662528038025,0.07439024746417999,0.008780487813055515
YDL198C,YDR435C,0,-5.979664,0.4552238881587982,0.07439024746417999,0.008902438916265965
YML057W,YOR090C,0,-5.9797325,0.45185184478759766,0.07439024746417999,0.009024390019476414
YLR357W,YKR037C,0,-5.9807096,0.4485294222831726,0.07439024746417999,0.009146341122686863
YGR252W,YGR002C,1,-5.9823546,0.45255473256111145,0.07560975849628448,0.009146341122686863
YMR198W,YMR183C,0,-5.986204,0.4492753744125366,0.07560975849628448,0.009268292225897312
YPL001W,YBL052C,1,-5.990523,0.4532374143600464,0.07682926952838898,0.009268292225897312
YLL050C,YOL102C,0,-5.99457,0.44999998807907104,0.07682926952838898,0.009390244260430336
YMR044W,YMR137C,0,-5.9950094,0.44680851697921753,0.07682926952838898,0.009512195363640785
YAL026C,YBR210W,0,-5.995555,0.44366195797920227,0.07682926952838898,0.009634146466851234
YDR176W,YGR002C,1,-5.995865,0.4475524425506592,0.07804878056049347,0.009634146466851234
YLR368W,YHR076W,0,-5.9962254,0.4444444477558136,0.07804878056049347,0.009756097570061684
YGR029W,YIL065C,0,-5.9965267,0.4413793087005615,0.07804878056049347,0.009878048673272133
YPR051W,YPR131C,1,-5.9989862,0.4452054798603058,0.07926829159259796,0.009878048673272133
YDR167W,YGL112C,1,-5.999403,0.44897958636283875,0.08048780262470245,0.009878048673272133
YJR084W,YML069W,0,-6.000552,0.44594594836235046,0.08048780262470245,0.009999999776482582
YJL128C,YAL009W,0,-6.003872,0.4429530203342438,0.08048780262470245,0.010121950879693031
YDR176W,YMR236W,1,-6.0065427,0.4466666579246521,0.08170731365680695,0.010121950879693031
YPR131C,YDR392W,1,-6.0069504,0.4503311216831207,0.08292683213949203,0.010121950879693031
YOL017W,YNL272C,0,-6.00737,0.44736841320991516,0.08292683213949203,0.01024390198290348
YNR030W,YGR010W,0,-6.009973,0.4444444477558136,0.08292683213949203,0.010365854017436504
YJL101C,YKL184W,0,-6.014664,0.44155845046043396,0.08292683213949203,0.010487805120646954
YGR231C,YKR055W,0,-6.0160446,0.43870967626571655,0.08292683213949203,0.010609756223857403
YOR244W,YDR392W,1,-6.016352,0.4423076808452606,0.08414634317159653,0.010609756223857403
YEL056W,YDR392W,1,-6.016559,0.4458598792552948,0.08536585420370102,0.010609756223857403
YAR007C,YOL004W,0,-6.017559,0.4430379867553711,0.08536585420370102,0.010731707327067852
YHR013C,YJL081C,1,-6.0175643,0.446540892124176,0.08658536523580551,0.010731707327067852
YBR212W,YKL126W,0,-6.017712,0.4437499940395355,0.08658536523580551,0.010853658430278301
YPL048W,YNL138W,0,-6.0182333,0.4409937858581543,0.08658536523580551,0.01097560953348875
YLR418C,YDL042C,0,-6.0189824,0.4382716119289398,0.08658536523580551,0.0110975606366992
YOR123C,YBL079W,0,-6.0228276,0.43558281660079956,0.08658536523580551,0.011219511739909649
YMR212C,YPR042C,0,-6.025221,0.43292683362960815,0.08658536523580551,0.011341463774442673
YNL326C,YGL066W,1,-6.0308847,0.4363636374473572,0.08780487626791,0.011341463774442673
YDR284C,YNL230C,0,-6.0320563,0.4337349534034729,0.08780487626791,0.011463414877653122
YDR421W,YMR137C,0,-6.0328097,0.43113771080970764,0.08780487626791,0.011585365980863571
YNL262W,YOR110W,0,-6.033598,0.4285714328289032,0.08780487626791,0.01170731708407402
YDL005C,YDR419W,0,-6.03664,0.42603549361228943,0.08780487626791,0.01182926818728447
YMR231W,YLR373C,0,-6.0407515,0.42352941632270813,0.08780487626791,0.011951219290494919
YDR176W,YLL002W,1,-6.0413647,0.42690059542655945,0.0890243873000145,0.011951219290494919
YNL214W,YLR396C,0,-6.042018,0.4244185984134674,0.0890243873000145,0.012073170393705368
YNL329C,YDR175C,0,-6.043414,0.4219653308391571,0.0890243873000145,0.012195121496915817
YBL057C,YIL075C,0,-6.0458417,0.4195402264595032,0.0890243873000145,0.012317073531448841
YMR299C,YJR126C,0,-6.046136,0.4171428680419922,0.0890243873000145,0.01243902463465929
YGR252W,YMR236W,1,-6.047124,0.4204545319080353,0.09024390578269958,0.01243902463465929
YIR006C,YLR024C,0,-6.0477333,0.41807910799980164,0.09024390578269958,0.01256097573786974
YAL058W,YDR302W,0,-6.049384,0.4157303273677826,0.09024390578269958,0.012682926841080189
YLR274W,YGR099W,0,-6.049952,0.4134078323841095,0.09024390578269958,0.012804877944290638
YOR231W,YLR430W,0,-6.05008,0.41111111640930176,0.09024390578269958,0.012926829047501087
YPL233W,YDL007W,0,-6.0520806,0.40883979201316833,0.09024390578269958,0.013048780150711536
YNL326C,YBR198C,1,-6.0521793,0.41208791732788086,0.09146341681480408,0.013048780150711536
YNL136W,YDR176W,1,-6.052429,0.41530054807662964,0.09268292784690857,0.013048780150711536
YJR057W,YLR209C,0,-6.0531387,0.41304346919059753,0.09268292784690857,0.013170731253921986
YGR056W,YJR086W,0,-6.0541515,0.41081079840660095,0.09268292784690857,0.01329268328845501
YJL081C,YLL002W,1,-6.0545096,0.4139784872531891,0.09390243887901306,0.01329268328845501
YLR418C,YJL192C,0,-6.054639,0.4117647111415863,0.09390243887901306,0.013414634391665459
YOL038W,YLR369W,0,-6.0567646,0.4095744788646698,0.09390243887901306,0.013536585494875908
YOR249C,YOR304W,0,-6.0569925,0.40740740299224854,0.09390243887901306,0.013658536598086357
YLR095C,YOR057W,0,-6.057788,0.40526315569877625,0.09390243887901306,0.013780487701296806
YJL081C,YFL024C,1,-6.0582833,0.4083769619464874,0.09512194991111755,0.013780487701296806
YNL088W,YJR102C,0,-6.0599985,0.40625,0.09512194991111755,0.013902438804507256
YGR252W,YLL002W,1,-6.0606546,0.409326434135437,0.09634146094322205,0.013902438804507256
YCR092C,YKR028W,0,-6.060672,0.40721648931503296,0.09634146094322205,0.014024389907717705
YKR035W-A,YMR274C,0,-6.061158,0.40512821078300476,0.09634146094322205,0.014146341010928154
YPR188C,YDR105C,0,-6.062805,0.4030612111091614,0.09634146094322205,0.014268293045461178
YLL002W,YBL052C,1,-6.0640755,0.4060913622379303,0.09756097197532654,0.014268293045461178
YNR013C,YMR247C,0,-6.065674,0.4040403962135315,0.09756097197532654,0.014390244148671627
YDR176W,YDR392W,1,-6.068905,0.4070351719856262,0.09878049045801163,0.014390244148671627
YOL148C,YDR392W,1,-6.0700045,0.4099999964237213,0.10000000149011612,0.014390244148671627
YGL129C,YGR116W,0,-6.070041,0.4079602062702179,0.10000000149011612,0.014512195251882076
YFL024C,YMR236W,1,-6.072984,0.4108910858631134,0.10121951252222061,0.014512195251882076
YCR038C,YNL297C,0,-6.0743566,0.4088670015335083,0.10121951252222061,0.014634146355092525
YGR002C,YOR064C,1,-6.0784836,0.4117647111415863,0.1024390235543251,0.014634146355092525
YPL169C,YHR039C-A,0,-6.0785165,0.4097560942173004,0.1024390235543251,0.014756097458302975
YPR042C,YGL100W,0,-6.078704,0.40776699781417847,0.1024390235543251,0.014878048561513424
YFR052W,YOL138C,0,-6.0805073,0.4057970941066742,0.1024390235543251,0.014999999664723873
YLR285W,YBR049C,0,-6.0837135,0.4038461446762085,0.1024390235543251,0.015121950767934322
YEL018W,YBL022C,0,-6.0855684,0.4019138813018799,0.1024390235543251,0.015243902802467346
YJL081C,YDR167W,1,-6.086448,0.4047619104385376,0.1036585345864296,0.015243902802467346
YPR175W,YDR137W,0,-6.0877037,0.4028435945510864,0.1036585345864296,0.015365853905677795
YDL017W,YNL263C,0,-6.0879164,0.400943398475647,0.1036585345864296,0.015487805008888245
YNL286W,YDR532C,0,-6.090245,0.39906102418899536,0.1036585345864296,0.015609756112098694
YOR079C,YLR442C,0,-6.0908318,0.3971962630748749,0.1036585345864296,0.015731707215309143
YNL314W,YDL217C,0,-6.090904,0.39534884691238403,0.1036585345864296,0.015853658318519592
YGR002C,YBR198C,1,-6.092148,0.39814814925193787,0.10487804561853409,0.015853658318519592
YGL203C,YER161C,0,-6.0938644,0.3963133692741394,0.10487804561853409,0.01597560942173004
YOR179C,YPL074W,0,-6.094308,0.39449542760849,0.10487804561853409,0.01609756052494049
YOL122C,YAL002W,0,-6.0945873,0.39269405603408813,0.10487804561853409,0.01621951162815094
YFL024C,YOL148C,1,-6.09609,0.3954545557498932,0.10609756410121918,0.01621951162815094
YGR252W,YPR051W,1,-6.096246,0.39819005131721497,0.10731707513332367,0.01621951162815094
YDL103C,YER008C,0,-6.0969243,0.3963963985443115,0.10731707513332367,0.01634146273136139
YPR171W,YNL197C,0,-6.0973673,0.39461883902549744,0.10731707513332367,0.01646341383457184
YPR106W,YNL032W,0,-6.099107,0.3928571343421936,0.10731707513332367,0.016585364937782288
YKR095W,YMR060C,0,-6.099359,0.3911111056804657,0.10731707513332367,0.016707317903637886
YNL048W,YGR010W,0,-6.0993733,0.389380544424057,0.10731707513332367,0.016829269006848335
YPR034W,YFL029C,0,-6.100534,0.3876652121543884,0.10731707513332367,0.016951220110058784
YBR215W,YGR179C,0,-6.101486,0.38596490025520325,0.10731707513332367,0.017073171213269234
YOL148C,YBR198C,1,-6.102191,0.38864627480506897,0.10853658616542816,0.017073171213269234
YLR078C,YBR254C,0,-6.1038446,0.38695651292800903,0.10853658616542816,0.017195122316479683
YOR038C,YBR103W,0,-6.106271,0.38528138399124146,0.10853658616542816,0.017317073419690132
YDR316W,YML064C,0,-6.10754,0.3836206793785095,0.10853658616542816,0.01743902452290058
YMR061W,YLR268W,0,-6.1077294,0.3819742500782013,0.10853658616542816,0.01756097562611103
YLL038C,YKL176C,0,-6.107854,0.38034188747406006,0.10853658616542816,0.01768292672932148
YOR244W,YEL066W,1,-6.107868,0.38297873735427856,0.10975609719753265,0.01768292672932148
YMR039C,YML098W,0,-6.109473,0.3813559412956238,0.10975609719753265,0.01780487783253193
YJL081C,YJL115W,1,-6.110242,0.38396623730659485,0.11097560822963715,0.01780487783253193
YJL115W,YMR236W,1,-6.1109033,0.38655462861061096,0.11219511926174164,0.01780487783253193
YJL014W,YLR396C,0,-6.111806,0.38493722677230835,0.11219511926174164,0.017926828935742378
YGR261C,YDR164C,0,-6.112428,0.38333332538604736,0.11219511926174164,0.018048780038952827
YEL056W,YGL066W,1,-6.11271,0.3858921229839325,0.11341463774442673,0.018048780038952827
YDR137W,YDR308C,0,-6.1127872,0.38429751992225647,0.11341463774442673,0.018170731142163277
YMR041C,YMR208W,0,-6.1151247,0.3827160596847534,0.11341463774442673,0.018292682245373726
YDR264C,YLR246W,1,-6.1161137,0.3852458894252777,0.11463414877653122,0.018292682245373726
YOR174W,YOR261C,0,-6.1193933,0.38367345929145813,0.11463414877653122,0.018414633348584175
YDL067C,YGL054C,0,-6.120304,0.38211381435394287,0.11463414877653122,0.018536584451794624
YEL053C,YGR002C,1,-6.1220045,0.38461539149284363,0.11585365980863571,0.018536584451794624
YNL084C,YDL042C,0,-6.122245,0.38306450843811035,0.11585365980863571,0.018658537417650223
YLL051C,YBL105C,0,-6.122362,0.3815261125564575,0.11585365980863571,0.018780488520860672
YML086C,YKR003W,0,-6.122612,0.3799999952316284,0.11585365980863571,0.01890243962407112
YKL073W,YLR332W,0,-6.123869,0.3784860670566559,0.11585365980863571,0.01902439072728157
YOL076W,YPR131C,1,-6.123957,0.380952388048172,0.1170731708407402,0.01902439072728157
YLL002W,YOL148C,1,-6.130522,0.38339921832084656,0.1182926818728447,0.01902439072728157
YGR195W,YDR410C,0,-6.1308355,0.3818897604942322,0.1182926818728447,0.01914634183049202
YDR434W,YAL016W,0,-6.131488,0.3803921639919281,0.1182926818728447,0.01926829293370247
YPR108W,YJR102C,0,-6.1315145,0.37890625,0.1182926818728447,0.019390244036912918
YDL240W,YBL035C,0,-6.132462,0.3774318993091583,0.1182926818728447,0.019512195140123367
YNL136W,YOR244W,1,-6.133255,0.3798449635505676,0.11951219290494919,0.019512195140123367
YPL213W,YPL174C,0,-6.1334333,0.37837839126586914,0.11951219290494919,0.019634146243333817
YDR264C,YOL003C,1,-6.134284,0.3807692229747772,0.12073170393705368,0.019634146243333817
YEL053C,YPR131C,1,-6.136763,0.38314175605773926,0.12195122241973877,0.019634146243333817
YKL013C,YLR310C,0,-6.136791,0.38167938590049744,0.12195122241973877,0.019756097346544266
YLL001W,YDL224C,0,-6.137522,0.3802281320095062,0.12195122241973877,0.019878048449754715
YJR084W,YDR137W,0,-6.137963,0.3787878751754761,0.12195122241973877,0.019999999552965164
YML099C,YHR119W,0,-6.139824,0.37735849618911743,0.12195122241973877,0.020121950656175613
YNL188W,YDR013W,0,-6.1398892,0.37593984603881836,0.12195122241973877,0.020243901759386063
YIL112W,YNR022C,0,-6.1399918,0.3745318353176117,0.12195122241973877,0.020365852862596512
YDR392W,YGR002C,1,-6.140066,0.3768656849861145,0.12317073345184326,0.020365852862596512
YPL266W,YMR192W,0,-6.140353,0.37546467781066895,0.12317073345184326,0.02048780396580696
YDR386W,YML098W,0,-6.141037,0.3740740716457367,0.12317073345184326,0.02060975693166256
YGL018C,YDR175C,0,-6.1426654,0.3726937174797058,0.12317073345184326,0.02073170803487301
YOL052C,YER072W,0,-6.1453886,0.37132352590560913,0.12317073345184326,0.020853659138083458
YLR086W,YDL190C,0,-6.1456804,0.3699633777141571,0.12317073345184326,0.020975610241293907
YBR274W,YMR313C,0,-6.145725,0.3686131238937378,0.12317073345184326,0.021097561344504356
YPL233W,YJR043C,0,-6.1470857,0.3672727346420288,0.12317073345184326,0.021219512447714806
YDR179C,YMR224C,0,-6.1483026,0.3659420311450958,0.12317073345184326,0.021341463550925255
YGL066W,YOR064C,1,-6.148484,0.36823105812072754,0.12439024448394775,0.021341463550925255
YMR190C,YGL212W,0,-6.1526814,0.36690646409988403,0.12439024448394775,0.021463414654135704
YPL001W,YGL066W,1,-6.152815,0.36917561292648315,0.12560975551605225,0.021463414654135704
YBL052C,YMR236W,1,-6.1534986,0.37142857909202576,0.12682926654815674,0.021463414654135704
YJR005W,YJL176C,0,-6.154043,0.3701067566871643,0.12682926654815674,0.021585365757346153
YFR009W,YLR268W,0,-6.154275,0.368794322013855,0.12682926654815674,0.021707316860556602
YHR132C,YLR371W,0,-6.1555557,0.3674911558628082,0.12682926654815674,0.02182926796376705
YGL241W,YDR097C,0,-6.1556926,0.3661971688270569,0.12682926654815674,0.0219512190669775
YNL258C,YIL095W,0,-6.155841,0.3649122714996338,0.12682926654815674,0.02207317017018795
YOL130W,YNL123W,0,-6.155869,0.3636363744735718,0.12682926654815674,0.0221951212733984
YGR023W,YKL010C,0,-6.156042,0.3623693287372589,0.12682926654815674,0.02231707237660885
YPL001W,YEL056W,1,-6.1561494,0.3645833432674408,0.12804877758026123,0.02231707237660885
YKL049C,YMR029C,0,-6.159529,0.36332181096076965,0.12804877758026123,0.022439023479819298
YOR270C,YGL161C,0,-6.162101,0.36206895112991333,0.12804877758026123,0.022560976445674896
YNL245C,YDL111C,0,-6.1628323,0.36082473397254944,0.12804877758026123,0.022682927548885345
YJL085W,YMR044W,0,-6.1633415,0.3595890402793884,0.12804877758026123,0.022804878652095795
YLR246W,YEL053C,1,-6.165079,0.361774742603302,0.12926828861236572,0.022804878652095795
YEL056W,YOL003C,1,-6.1650925,0.3639455735683441,0.13048779964447021,0.022804878652095795
YKL213C,YDL190C,0,-6.165605,0.3627118766307831,0.13048779964447021,0.022926829755306244
YEL056W,YOL148C,1,-6.1682997,0.36486485600471497,0.1317073106765747,0.022926829755306244
YOR261C,YGL098W,0,-6.1693587,0.3636363744735718,0.1317073106765747,0.023048780858516693
YJL115W,YLL002W,1,-6.169445,0.3657718002796173,0.1329268366098404,0.023048780858516693
YBR290W,YDR311W,0,-6.1698728,0.3645485043525696,0.1329268366098404,0.023170731961727142
YMR036C,YDR079W,0,-6.169876,0.3633333444595337,0.1329268366098404,0.02329268306493759
YGL216W,YNL123W,0,-6.171469,0.3621262311935425,0.1329268366098404,0.02341463416814804
YDR392W,YMR236W,1,-6.171708,0.3642384111881256,0.13414634764194489,0.02341463416814804
YDR264C,YDR392W,1,-6.172444,0.3663366436958313,0.13536585867404938,0.02341463416814804
YPL195W,YAR002W,0,-6.172807,0.36513158679008484,0.13536585867404938,0.02353658527135849
YBR211C,YHL048W,0,-6.1728406,0.3639344274997711,0.13536585867404938,0.02365853637456894
YBL037W,YGL254W,0,-6.1744328,0.36274510622024536,0.13536585867404938,0.02378048747777939
YPR082C,YPR140W,0,-6.17474,0.361563503742218,0.13536585867404938,0.023902438580989838
YMR208W,YJL001W,0,-6.174833,0.3603896200656891,0.13536585867404938,0.024024389684200287
YOR349W,YNL314W,0,-6.1759005,0.35922330617904663,0.13536585867404938,0.024146340787410736
YNL314W,YDR439W,0,-6.1759863,0.3580645024776459,0.13536585867404938,0.024268291890621185
YOL088C,YPL063W,0,-6.176678,0.35691317915916443,0.13536585867404938,0.024390242993831635
YOL002C,YER074W-A,0,-6.1780505,0.35576921701431274,0.13536585867404938,0.024512195959687233
YGR113W,YOR330C,0,-6.178874,0.35463258624076843,0.13536585867404938,0.024634147062897682
YEL056W,YGL112C,1,-6.179887,0.35668790340423584,0.13658536970615387,0.024634147062897682
YPL001W,YPR131C,1,-6.1811004,0.35873016715049744,0.13780488073825836,0.024634147062897682
YCL016C,YGL044C,0,-6.1814275,0.35759493708610535,0.13780488073825836,0.02475609816610813
YKL206C,YKR087C,0,-6.1838026,0.3564668893814087,0.13780488073825836,0.02487804926931858
YDR423C,YJL146W,0,-6.184003,0.3553459048271179,0.13780488073825836,0.02500000037252903
YGL066W,YDR167W,1,-6.1841707,0.35736677050590515,0.13902439177036285,0.02500000037252903
YBR211C,YGR193C,0,-6.1842766,0.35624998807907104,0.13902439177036285,0.02512195147573948
YER157W,YKL032C,0,-6.184842,0.35514017939567566,0.13902439177036285,0.02524390257894993
YHR146W,YGR113W,0,-6.185075,0.35403725504875183,0.13902439177036285,0.025365853682160378
YEL036C,YPR025C,0,-6.1850924,0.3529411852359772,0.13902439177036285,0.025487804785370827
YNL136W,YMR236W,1,-6.1860514,0.354938268661499,0.14024390280246735,0.025487804785370827
YPR128C,YKL168C,0,-6.1873803,0.35384616255760193,0.14024390280246735,0.025609755888581276
YDR456W,YKL020C,0,-6.1877007,0.3527607321739197,0.14024390280246735,0.025731706991791725
YDR031W,YDR105C,0,-6.1884403,0.3516819477081299,0.14024390280246735,0.025853658095002174
YDR184C,YGR089W,0,-6.188779,0.35060974955558777,0.14024390280246735,0.025975609198212624
YKR068C,YKL048C,0,-6.189701,0.34954407811164856,0.14024390280246735,0.026097560301423073
YGL005C,YOR354C,0,-6.1902575,0.3484848439693451,0.14024390280246735,0.026219511404633522
YGR252W,YOL003C,1,-6.191681,0.3504531681537628,0.14146341383457184,0.026219511404633522
YBL090W,YPL112C,0,-6.1926126,0.34939759969711304,0.14146341383457184,0.02634146250784397
YPL001W,YDR176W,1,-6.195958,0.3513513505458832,0.14268292486667633,0.02634146250784397
YJR134C,YDR330W,0,-6.196838,0.3502993881702423,0.14268292486667633,0.02646341547369957
YGL136C,YOR354C,0,-6.1977496,0.34925374388694763,0.14268292486667633,0.02658536657691002
YBR222C,YBR275C,0,-6.1982307,0.3482142984867096,0.14268292486667633,0.026707317680120468
YDR456W,YGL153W,0,-6.1988835,0.3471810221672058,0.14268292486667633,0.026829268783330917
YOL003C,YLL002W,1,-6.1996427,0.3491124212741852,0.14390243589878082,0.026829268783330917
YOR326W,YJL002C,0,-6.2012186,0.34808260202407837,0.14390243589878082,0.026951219886541367
YBR234C,YML101C,0,-6.202136,0.34705883264541626,0.14390243589878082,0.027073170989751816
YGR113W,YNL293W,0,-6.205142,0.3460410535335541,0.14390243589878082,0.027195122092962265
YLR191W,YDR308C,0,-6.205321,0.34502923488616943,0.14390243589878082,0.027317073196172714
YPR082C,YBR089C-A,0,-6.2054315,0.34402331709861755,0.14390243589878082,0.027439024299383163
YEL066W,YDR392W,1,-6.205635,0.34593021869659424,0.14512194693088531,0.027439024299383163
YMR128W,YCR008W,0,-6.205988,0.3449275493621826,0.14512194693088531,0.027560975402593613
YNL068C,YPL076W,0,-6.2065268,0.3439306318759918,0.14512194693088531,0.027682926505804062
YEL056W,YLL002W,1,-6.2067747,0.3458213210105896,0.1463414579629898,0.027682926505804062
YBL019W,YAL009W,0,-6.207829,0.3448275923728943,0.1463414579629898,0.02780487760901451
YJL081C,YPR051W,1,-6.208044,0.3467048704624176,0.1475609689950943,0.02780487760901451
YPL100W,YGL073W,0,-6.208278,0.345714271068573,0.1475609689950943,0.02792682871222496
YDL078C,YMR139W,0,-6.2087297,0.34472933411598206,0.1475609689950943,0.02804877981543541
YAL034W-A,YGL210W,0,-6.209299,0.34375,0.1475609689950943,0.02817073091864586
YPL006W,YHR181W,0,-6.2098904,0.34277620911598206,0.1475609689950943,0.028292682021856308
YOL076W,YMR236W,1,-6.2105536,0.3446327745914459,0.14878049492835999,0.028292682021856308
YNR052C,YOR129C,0,-6.2107944,0.34366196393966675,0.14878049492835999,0.028414634987711906
YJR053W,YJR006W,0,-6.212097,0.3426966369152069,0.14878049492835999,0.028536586090922356
YML077W,YDL002C,0,-6.2126827,0.34173670411109924,0.14878049492835999,0.028658537194132805
YOR141C,YGL254W,0,-6.212822,0.34078213572502136,0.14878049492835999,0.028780488297343254
YPR051W,YLL002W,1,-6.215315,0.3426183760166168,0.15000000596046448,0.028780488297343254
YLR103C,YLR363C,0,-6.2156477,0.34166666865348816,0.15000000596046448,0.028902439400553703
YJL081C,YGR252W,1,-6.216745,0.3434903025627136,0.15121951699256897,0.028902439400553703
YLR274W,YDR057W,0,-6.2168255,0.3425414264202118,0.15121951699256897,0.029024390503764153
YDL108W,YMR061W,0,-6.2179856,0.3415977954864502,0.15121951699256897,0.029146341606974602
YJR140C,YDR532C,0,-6.2183557,0.34065935015678406,0.15121951699256897,0.02926829271018505
YJL112W,YDL154W,0,-6.21867,0.3397260308265686,0.15121951699256897,0.0293902438133955
YOR284W,YNL273W,0,-6.219576,0.33879780769348145,0.15121951699256897,0.02951219491660595
YOR249C,YML034W,0,-6.2206626,0.3378746509552002,0.15121951699256897,0.0296341460198164
YBR170C,YML029W,0,-6.2211404,0.33695653080940247,0.15121951699256897,0.029756097123026848
YBR119W,YMR293C,0,-6.2228355,0.3360433578491211,0.15121951699256897,0.029878048226237297
YDR264C,YDR176W,1,-6.222886,0.3378378450870514,0.15243902802467346,0.029878048226237297
YBL050W,YPL176C,0,-6.223559,0.33692723512649536,0.15243902802467346,0.029999999329447746
YOR244W,YPR193C,1,-6.2246017,0.33870968222618103,0.15365853905677795,0.029999999329447746
YIL138C,YLL048C,0,-6.2248964,0.33780160546302795,0.15365853905677795,0.030121950432658195
YDL040C,YMR236W,1,-6.2249403,0.3395721912384033,0.15487805008888245,0.030121950432658195
YNL097C,YKR028W,0,-6.22616,0.3386666774749756,0.15487805008888245,0.030243901535868645
YBR164C,YOR144C,0,-6.2263527,0.33776596188545227,0.15487805008888245,0.030365854501724243
YJR013W,YGR263C,0,-6.2269607,0.336870014667511,0.15487805008888245,0.030487805604934692
YPL008W,YOR371C,0,-6.2275343,0.33597883582115173,0.15487805008888245,0.03060975670814514
YMR029C,YPL242C,0,-6.228038,0.33509233593940735,0.15487805008888245,0.03073170781135559
YPL140C,YIL068C,0,-6.228246,0.33421051502227783,0.15487805008888245,0.03085365891456604
YBL079W,YIL084C,0,-6.2286606,0.3333333432674408,0.15487805008888245,0.03097561001777649
YNL015W,YLR059C,0,-6.2291875,0.3324607312679291,0.15487805008888245,0.03109756112098694
YBL024W,YCR008W,0,-6.2306647,0.3315926790237427,0.15487805008888245,0.031219512224197388
YLL002W,YGL112C,1,-6.230712,0.3333333432674408,0.15609756112098694,0.031219512224197388
YMR119W,YDR221W,0,-6.230762,0.33246752619743347,0.15609756112098694,0.03134146332740784
YCL034W,YKL010C,0,-6.230771,0.3316062092781067,0.15609756112098694,0.031463414430618286
YDL230W,YER162C,0,-6.2308736,0.33074936270713806,0.15609756112098694,0.031585365533828735
YKR076W,YPL020C,0,-6.231408,0.3298968970775604,0.15609756112098694,0.031707316637039185
YGL206C,YNL103W,0,-6.2314944,0.32904884219169617,0.15609756112098694,0.031829267740249634
YDR197W,YDR456W,0,-6.2345724,0.3282051384449005,0.15609756112098694,0.03195121884346008
YPR106W,YDR310C,0,-6.2351074,0.3273657262325287,0.15609756112098694,0.03207316994667053
YOR244W,YGL066W,1,-6.2352486,0.32908162474632263,0.15731707215309143,0.03207316994667053
YCR017C,YBL032W,0,-6.2365127,0.32824426889419556,0.15731707215309143,0.03219512104988098
YNL078W,YGL038C,0,-6.2365685,0.3274111747741699,0.15731707215309143,0.03231707215309143
YPR188C,YLR079W,0,-6.2392325,0.32658228278160095,0.15731707215309143,0.03243902325630188
YGL130W,YOL065C,0,-6.2394543,0.32575756311416626,0.15731707215309143,0.03256097435951233
YDR163W,YER162C,0,-6.239968,0.32493701577186584,0.15731707215309143,0.03268292546272278
YHL048W,YNL236W,0,-6.2404366,0.3241206109523773,0.15731707215309143,0.03280487656593323
YDL092W,YEL021W,0,-6.240638,0.3233082592487335,0.15731707215309143,0.03292682766914368
YJL081C,YEL056W,1,-6.2407355,0.32499998807907104,0.15853658318519592,0.03292682766914368
YBL085W,YGL244W,0,-6.2408895,0.32418951392173767,0.15853658318519592,0.033048778772354126
YPR019W,YMR257C,0,-6.241021,0.323383092880249,0.15853658318519592,0.033170729875564575
YBR015C,YBR049C,0,-6.2421856,0.32258063554763794,0.15853658318519592,0.03329268470406532
YPR176C,YDR141C,0,-6.243844,0.3217821717262268,0.15853658318519592,0.03341463580727577
YGR002C,YDR167W,1,-6.2446413,0.3234567940235138,0.15975609421730042,0.03341463580727577
YPR094W,YDR002W,0,-6.2447176,0.32266008853912354,0.15975609421730042,0.03353658691048622
YLR361C,YLR266C,0,-6.2447233,0.32186731696128845,0.15975609421730042,0.03365853801369667
YPL005W,YIR015W,0,-6.24483,0.32107841968536377,0.15975609421730042,0.03378048911690712
YPL060W,YLR357W,0,-6.246481,0.3202933967113495,0.15975609421730042,0.03390244022011757
YHR039C,YER144C,0,-6.246915,0.31951218843460083,0.15975609421730042,0.03402439132332802
YBR004C,YIL109C,0,-6.247905,0.3187347948551178,0.15975609421730042,0.03414634242653847
YDL067C,YMR201C,0,-6.2479277,0.3179611563682556,0.15975609421730042,0.03426829352974892
YCR093W,YPL246C,0,-6.248667,0.3171912729740143,0.15975609421730042,0.034390244632959366
YKL135C,YBL047C,0,-6.2487116,0.3164251148700714,0.15975609421730042,0.034512195736169815
YPR139C,YFL004W,0,-6.249603,0.3156626522541046,0.15975609421730042,0.034634146839380264
YLR019W,YLR166C,0,-6.2501035,0.3149038553237915,0.15975609421730042,0.034756097942590714
YDR512C,YML095C,0,-6.2513633,0.3141486942768097,0.15975609421730042,0.03487804904580116
YLR260W,YDR310C,0,-6.251573,0.3133971393108368,0.15975609421730042,0.03500000014901161
YOR249C,YDR279W,0,-6.2530947,0.3126491606235504,0.15975609421730042,0.03512195125222206
YKL073W,YOR124C,0,-6.2533293,0.31190475821495056,0.15975609421730042,0.03524390235543251
YJL025W,YGL244W,0,-6.2534385,0.31116390228271484,0.15975609421730042,0.03536585345864296
YBL090W,YDR007W,0,-6.2536855,0.3104265332221985,0.15975609421730042,0.03548780456185341
YLL002W,YBR198C,1,-6.2545943,0.3120567500591278,0.1609756052494049,0.03548780456185341
YHR036W,YDL207W,0,-6.2546735,0.3113207519054413,0.1609756052494049,0.03560975566506386
YDL175C,YJL085W,0,-6.254818,0.3105882406234741,0.1609756052494049,0.03573170676827431
YNL136W,YPR051W,1,-6.2549114,0.31220656633377075,0.1621951162815094,0.03573170676827431
YNL127W,YGL095C,0,-6.25531,0.31147539615631104,0.1621951162815094,0.035853657871484756
YJR057W,YHR121W,0,-6.2553883,0.3107476532459259,0.1621951162815094,0.035975608974695206
YJR125C,YPL010W,0,-6.2554197,0.31002330780029297,0.1621951162815094,0.036097560077905655
YJL081C,YEL053C,1,-6.255804,0.31162789463996887,0.1634146273136139,0.036097560077905655
YOL009C,YPL246C,0,-6.2558923,0.310904860496521,0.1634146273136139,0.036219511181116104
YOR328W,YOR057W,0,-6.2565355,0.31018519401550293,0.1634146273136139,0.03634146228432655
YLR384C,YLR016C,0,-6.256667,0.3094688355922699,0.1634146273136139,0.036463413387537
YOL072W,YKL196C,0,-6.2571435,0.3087557554244995,0.1634146273136139,0.03658536449074745
YCR082W,YJL065C,0,-6.25946,0.30804598331451416,0.1634146273136139,0.0367073155939579
YDR118W,YOL006C,0,-6.2597647,0.30733945965766907,0.1634146273136139,0.03682926669716835
YPR037C,YPR106W,0,-6.259785,0.30663615465164185,0.1634146273136139,0.0369512178003788
YNL118C,YOR371C,0,-6.261257,0.3059360682964325,0.1634146273136139,0.03707316890358925
YBL018C,YLR105C,0,-6.261836,0.30523917078971863,0.1634146273136139,0.037195123732089996
YMR065W,YNL216W,0,-6.2619996,0.30454546213150024,0.1634146273136139,0.037317074835300446
YDR122W,YDL217C,0,-6.2639728,0.30385488271713257,0.1634146273136139,0.037439025938510895
YIR009W,YOR179C,0,-6.264477,0.3031674325466156,0.1634146273136139,0.037560977041721344
YGL130W,YMR285C,0,-6.265208,0.30248308181762695,0.1634146273136139,0.03768292814493179
YJL094C,YEL031W,0,-6.2654114,0.30180180072784424,0.1634146273136139,0.03780487924814224
YJR052W,YGL161C,0,-6.2664223,0.30112358927726746,0.1634146273136139,0.03792683035135269
YBL050W,YEL059C-A,0,-6.267707,0.3004484176635742,0.1634146273136139,0.03804878145456314
YML078W,YPL110C,0,-6.2679186,0.2997762858867645,0.1634146273136139,0.03817073255777359
YKR035W-A,YBR097W,0,-6.2685843,0.2991071343421936,0.1634146273136139,0.03829268366098404
YCR017C,YNL009W,0,-6.2692366,0.29844099283218384,0.1634146273136139,0.03841463476419449
YOR034C,YOL076W,1,-6.2694674,0.30000001192092896,0.16463415324687958,0.03841463476419449
YDL147W,YDR310C,0,-6.269959,0.2993348240852356,0.16463415324687958,0.03853658586740494
YJR160C,YBL088C,0,-6.2703733,0.29867255687713623,0.16463415324687958,0.03865853697061539
YPR131C,YGL112C,1,-6.270404,0.3002207577228546,0.16585366427898407,0.03865853697061539
YDR163W,YDR265W,0,-6.270879,0.29955947399139404,0.16585366427898407,0.038780488073825836
YLR238W,YHR163W,0,-6.2714705,0.29890111088752747,0.16585366427898407,0.038902439177036285
YOR257W,YOR316C,0,-6.2720423,0.2982456088066101,0.16585366427898407,0.039024390280246735
YNL129W,YBR097W,0,-6.2721653,0.29759299755096436,0.16585366427898407,0.039146341383457184
YLR246W,YNL326C,1,-6.27243,0.29912662506103516,0.16707317531108856,0.039146341383457184
YDL005C,YDR219C,0,-6.272451,0.2984749376773834,0.16707317531108856,0.03926829248666763
YGR252W,YEL066W,1,-6.273142,0.30000001192092896,0.16829268634319305,0.03926829248666763
YER061C,YMR076C,0,-6.273681,0.29934924840927124,0.16829268634319305,0.03939024358987808
YPR193C,YOR064C,1,-6.2747245,0.3008657991886139,0.16951219737529755,0.03939024358987808
YGR257C,YOR035C,0,-6.274725,0.3002159893512726,0.16951219737529755,0.03951219469308853
YDR301W,YDR419W,0,-6.274949,0.29956895112991333,0.16951219737529755,0.03963414579629898
YPL241C,YOR099W,0,-6.275223,0.2989247441291809,0.16951219737529755,0.03975609689950943
YNL039W,YKR002W,0,-6.276571,0.29828324913978577,0.16951219737529755,0.03987804800271988
YDR167W,YMR236W,1,-6.2769556,0.299785852432251,0.17073170840740204,0.03987804800271988
YGL144C,YLR105C,0,-6.277682,0.29914531111717224,0.17073170840740204,0.03999999910593033
YML072C,YER074W-A,0,-6.277849,0.2985074520111084,0.17073170840740204,0.04012195020914078
YDL040C,YGL112C,1,-6.2779045,0.30000001192092896,0.17195121943950653,0.04012195020914078
YJL127C,YPR125W,0,-6.277971,0.29936304688453674,0.17195121943950653,0.04024390131235123
YDL227C,YDR318W,0,-6.278141,0.2987288236618042,0.17195121943950653,0.040365852415561676
YGR167W,YMR002W,0,-6.278718,0.29809725284576416,0.17195121943950653,0.040487803518772125
YGL100W,YGR048W,0,-6.2789173,0.297468364238739,0.17195121943950653,0.040609754621982574
YIL036W,YIR023W,0,-6.278963,0.296842098236084,0.17195121943950653,0.040731705725193024
YDL031W,YJR102C,0,-6.279135,0.29621848464012146,0.17195121943950653,0.04085365682840347
YBL016W,YER116C,0,-6.279209,0.29559749364852905,0.17195121943950653,0.04097560793161392
YJL081C,YDL040C,1,-6.2794952,0.2970711290836334,0.17317073047161102,0.04097560793161392
YPL008W,YLR376C,0,-6.279665,0.2964509427547455,0.17317073047161102,0.04109756276011467
YKR002W,YGR172C,0,-6.279669,0.2958333194255829,0.17317073047161102,0.04121951386332512
YBL090W,YLR396C,0,-6.280123,0.295218288898468,0.17317073047161102,0.04134146496653557
YOR244W,YLL002W,1,-6.280731,0.2966805100440979,0.17439024150371552,0.04134146496653557
YGL012W,YKR003W,0,-6.2814927,0.2960662543773651,0.17439024150371552,0.04146341606974602
YPL255W,YOR076C,0,-6.2816133,0.2954545319080353,0.17439024150371552,0.04158536717295647
YEL053C,YGL112C,1,-6.282472,0.2969072163105011,0.17560975253582,0.04158536717295647
YLR246W,YIL009W,1,-6.283558,0.298353910446167,0.1768292635679245,0.04158536717295647
YHR091C,YHR076W,0,-6.2843847,0.29774126410484314,0.1768292635679245,0.041707318276166916
YGL063W,YDR410C,0,-6.2846665,0.29713115096092224,0.1768292635679245,0.041829269379377365
YEL053C,YGL066W,1,-6.2848206,0.2985685169696808,0.178048774600029,0.041829269379377365
YGL190C,YBR135W,0,-6.284836,0.29795917868614197,0.178048774600029,0.041951220482587814
YNL214W,YML064C,0,-6.2869782,0.2973523437976837,0.178048774600029,0.042073171585798264
YGL005C,YOL111C,0,-6.287277,0.29674795269966125,0.178048774600029,0.04219512268900871
YPR131C,YBL052C,1,-6.287546,0.2981744408607483,0.17926828563213348,0.04219512268900871
YLR274W,YIL036W,0,-6.288703,0.2975708544254303,0.17926828563213348,0.04231707379221916
YPR051W,YBR198C,1,-6.288865,0.2989898920059204,0.18048781156539917,0.04231707379221916
YDR176W,YGL066W,1,-6.289151,0.3004032373428345,0.18170732259750366,0.04231707379221916
YDR176W,YGL112C,1,-6.2898016,0.3018108606338501,0.18292683362960815,0.04231707379221916
YGR178C,YLR421C,0,-6.2908845,0.3012048304080963,0.18292683362960815,0.04243902489542961
YJL186W,YOR307C,0,-6.2914867,0.30060121417045593,0.18292683362960815,0.04256097599864006
YOL123W,YKL059C,0,-6.29189,0.30000001192092896,0.18292683362960815,0.04268292710185051
YLR015W,YDR515W,0,-6.2921853,0.299401193857193,0.18292683362960815,0.04280487820506096
YBR164C,YDR206W,0,-6.2922764,0.29880478978157043,0.18292683362960815,0.04292682930827141
YLR206W,YIR022W,0,-6.2922974,0.2982107400894165,0.18292683362960815,0.04304878041148186
YOR028C,YDL200C,0,-6.292546,0.2976190447807312,0.18292683362960815,0.043170731514692307
YGL003C,YGR074W,0,-6.292594,0.2970297038555145,0.18292683362960815,0.043292682617902756
YJR040W,YGL113W,0,-6.294802,0.2964426875114441,0.18292683362960815,0.043414633721113205
YJL115W,YDR176W,1,-6.29526,0.29783037304878235,0.18414634466171265,0.043414633721113205
YLR427W,YOR372C,0,-6.295584,0.2972441017627716,0.18414634466171265,0.043536584824323654
YJL081C,YDR392W,1,-6.2957945,0.29862475395202637,0.18536585569381714,0.043536584824323654
YOR278W,YKL176C,0,-6.2958655,0.2980392277240753,0.18536585569381714,0.0436585359275341
YKL116C,YLR045C,0,-6.2961216,0.29745596647262573,0.18536585569381714,0.04378048703074455
YOR034C,YGR002C,1,-6.2963805,0.298828125,0.18658536672592163,0.04378048703074455
YOL045W,YPR173C,0,-6.2969704,0.2982456088066101,0.18658536672592163,0.043902438133955
YDR377W,YHR190W,0,-6.2972054,0.2976653575897217,0.18658536672592163,0.04402438923716545
YDR424C,YNR022C,0,-6.297642,0.2970873713493347,0.18658536672592163,0.0441463403403759
YOR373W,YGL213C,0,-6.2981687,0.29651162028312683,0.18658536672592163,0.04426829144358635
YNL127W,YBL103C,0,-6.2983685,0.295938104391098,0.18658536672592163,0.0443902425467968
YGR113W,YLR248W,0,-6.2990656,0.2953667938709259,0.18658536672592163,0.04451219365000725
YNR011C,YDL042C,0,-6.299094,0.2947976887226105,0.18658536672592163,0.0446341447532177
YFR029W,YML049C,0,-6.299222,0.29423075914382935,0.18658536672592163,0.044756095856428146
YLR015W,YGL127C,0,-6.2993903,0.2936660349369049,0.18658536672592163,0.044878046959638596
YDR219C,YIR011C,0,-6.3001413,0.2931034564971924,0.18658536672592163,0.04500000178813934
YPR055W,YNL263C,0,-6.3001614,0.2925430238246918,0.18658536672592163,0.04512195289134979
YGL191W,YDR318W,0,-6.3005786,0.2919847369194031,0.18658536672592163,0.04524390399456024
YHR194W,YJR144W,0,-6.3007483,0.2914285659790039,0.18658536672592163,0.04536585509777069
YBR039W,YFL004W,0,-6.301977,0.29087451100349426,0.18658536672592163,0.04548780620098114
YDR264C,YJL081C,1,-6.302188,0.2922201156616211,0.18780487775802612,0.04548780620098114
YDR224C,YGL094C,0,-6.3022017,0.2916666567325592,0.18780487775802612,0.04560975730419159
YKL059C,YKL018W,0,-6.3027225,0.29111531376838684,0.18780487775802612,0.04573170840740204
YMR228W,YCL052C,0,-6.3032703,0.29056602716445923,0.18780487775802612,0.04585365951061249
YMR073C,YNL246W,0,-6.3035,0.29001882672309875,0.18780487775802612,0.04597561061382294
YNL103W,YIL120W,0,-6.303711,0.28947368264198303,0.18780487775802612,0.046097561717033386
YKR066C,YGL191W,0,-6.3044806,0.28893059492111206,0.18780487775802612,0.046219512820243835
YPL140C,YLR277C,0,-6.304666,0.28838950395584106,0.18780487775802612,0.046341463923454285
YIL026C,YMR158W,0,-6.3048887,0.2878504693508148,0.18780487775802612,0.046463415026664734
YHR076W,YDR201W,0,-6.30567,0.28731343150138855,0.18780487775802612,0.04658536612987518
YGR220C,YER125W,0,-6.305748,0.28677839040756226,0.18780487775802612,0.04670731723308563
YPR186C,YLR424W,0,-6.307912,0.28624534606933594,0.18780487775802612,0.04682926833629608
YLR193C,YKL095W,0,-6.308234,0.2857142984867096,0.18780487775802612,0.04695121943950653
YNL136W,YPL001W,1,-6.3085732,0.28703704476356506,0.18902438879013062,0.04695121943950653
YCL038C,YGL095C,0,-6.309185,0.2865064740180969,0.18902438879013062,0.04707317054271698
YJL146W,YMR267W,0,-6.309624,0.28597787022590637,0.18902438879013062,0.04719512164592743
YKL059C,YGR178C,0,-6.30978,0.285451203584671,0.18902438879013062,0.04731707274913788
YJR089W,YHR115C,0,-6.309826,0.28492647409439087,0.18902438879013062,0.04743902385234833
YNL136W,YEL066W,1,-6.3108664,0.28623852133750916,0.1902438998222351,0.04743902385234833
YOR244W,YBR198C,1,-6.311223,0.2875458002090454,0.1914634108543396,0.04743902385234833
YPL169C,YMR274C,0,-6.311242,0.28702011704444885,0.1914634108543396,0.04756097495555878
YNL004W,YBR228W,0,-6.3115435,0.2864963412284851,0.1914634108543396,0.047682926058769226
YJL117W,YGR033C,0,-6.311558,0.28597450256347656,0.1914634108543396,0.047804877161979675
YBR038W,YIL149C,0,-6.3121834,0.28545454144477844,0.1914634108543396,0.047926828265190125
YAL044C,YJR139C,0,-6.3122993,0.28493648767471313,0.1914634108543396,0.048048779368400574
YOL076W,YGL112C,1,-6.312358,0.2862318754196167,0.1926829218864441,0.048048779368400574
YHR023W,YBR049C,0,-6.312709,0.2857142984867096,0.1926829218864441,0.04817073047161102
YEL013W,YBR127C,0,-6.312853,0.2851985692977905,0.1926829218864441,0.04829268157482147
YGR046W,YPR140W,0,-6.3128653,0.2846846878528595,0.1926829218864441,0.04841463267803192
YMR137C,YKR028W,0,-6.3128796,0.2841726541519165,0.1926829218864441,0.04853658378124237
YJL170C,YKL213C,0,-6.3133855,0.28366246819496155,0.1926829218864441,0.04865853488445282
YPR051W,YBL052C,1,-6.3137894,0.2849462330341339,0.19390243291854858,0.04865853488445282
YDL099W,YDR211W,0,-6.314,0.28443649411201477,0.19390243291854858,0.04878048598766327
YPL083C,YPR161C,0,-6.3147426,0.2839285731315613,0.19390243291854858,0.04890244081616402
YIR004W,YNL317W,0,-6.3152156,0.28342247009277344,0.19390243291854858,0.049024391919374466
YJL115W,YGL066W,1,-6.3157334,0.2846975028514862,0.19512194395065308,0.049024391919374466
YIL106W,YDL105W,0,-6.3160944,0.2841918170452118,0.19512194395065308,0.049146343022584915
YNR030W,YDR175C,0,-6.316111,0.283687949180603,0.19512194395065308,0.049268294125795364
YLR370C,YDR140W,0,-6.3168945,0.28318583965301514,0.19512194395065308,0.049390245229005814
YJR099W,YNR047W,0,-6.317409,0.2826855182647705,0.19512194395065308,0.04951219633221626
YBR193C,YDL246C,0,-6.3174386,0.28218695521354675,0.19512194395065308,0.04963414743542671
YIL149C,YNL102W,0,-6.3178887,0.28169015049934387,0.19512194395065308,0.04975609853863716
YGR002C,YGL112C,1,-6.318041,0.28295254707336426,0.19634146988391876,0.04975609853863716
YCR075C,YBR218C,0,-6.3181224,0.2824561297893524,0.19634146988391876,0.04987804964184761
YDR264C,YGL066W,1,-6.3186865,0.283712774515152,0.19756098091602325,0.04987804964184761
YER133W,YJL036W,0,-6.3187313,0.28321677446365356,0.19756098091602325,0.05000000074505806
YPL234C,YPR139C,0,-6.3197556,0.28272250294685364,0.19756098091602325,0.05012195184826851
YBL038W,YLR305C,0,-6.319968,0.2822299599647522,0.19756098091602325,0.05024390295147896
YLR442C,YNL229C,0,-6.3212724,0.28173911571502686,0.19756098091602325,0.05036585405468941
YJR086W,YML064C,0,-6.321824,0.28125,0.19756098091602325,0.05048780515789986
YGL021W,YAL041W,0,-6.322775,0.28076255321502686,0.19756098091602325,0.050609756261110306
YPR051W,YGR002C,1,-6.3233657,0.2820069193840027,0.19878049194812775,0.050609756261110306
YLR153C,YLR246W,1,-6.324154,0.2832469642162323,0.20000000298023224,0.050609756261110306
YOL045W,YOL138C,0,-6.324218,0.2827586233615875,0.20000000298023224,0.050731707364320755
YJR160C,YGL210W,0,-6.324518,0.28227195143699646,0.20000000298023224,0.050853658467531204
YMR029C,YDR135C,0,-6.325362,0.2817869484424591,0.20000000298023224,0.05097560957074165
YBR188C,YGL083W,0,-6.325402,0.28130361437797546,0.20000000298023224,0.0510975606739521
YKL170W,YIL138C,0,-6.3261323,0.28082191944122314,0.20000000298023224,0.05121951177716255
YNL223W,YNL197C,0,-6.3265457,0.28034189343452454,0.20000000298023224,0.051341462880373
YJL111W,YDR219C,0,-6.3266363,0.27986347675323486,0.20000000298023224,0.05146341398358345
YGL155W,YDL010W,0,-6.3266544,0.2793866991996765,0.20000000298023224,0.0515853650867939
YLR390W-A,YAL023C,0,-6.326685,0.2789115607738495,0.20000000298023224,0.05170731619000435
YDL101C,YLR182W,0,-6.3284354,0.2784380316734314,0.20000000298023224,0.0518292672932148
YHL019C,YMR316W,0,-6.32914,0.27796611189842224,0.20000000298023224,0.05195121839642525
YER168C,YPL233W,0,-6.3293843,0.27749577164649963,0.20000000298023224,0.052073169499635696
YLR246W,YPL001W,1,-6.331874,0.27871620655059814,0.20121951401233673,0.052073169499635696
YPR193C,YDR176W,1,-6.3322053,0.27993255853652954,0.20243902504444122,0.052073169499635696
YLL002W,YDR392W,1,-6.332527,0.28114476799964905,0.20365853607654572,0.052073169499635696
YDR527W,YFL049W,0,-6.333209,0.2806722819805145,0.20365853607654572,0.052195120602846146
YNL136W,YEL053C,1,-6.3333616,0.281879186630249,0.2048780471086502,0.052195120602846146
YDR243C,YGR271W,0,-6.3339186,0.28140702843666077,0.2048780471086502,0.052317071706056595
YGR252W,YEL053C,1,-6.335492,0.28260868787765503,0.2060975581407547,0.052317071706056595
YOR034C,YNL326C,1,-6.3357553,0.28380635380744934,0.2073170691728592,0.052317071706056595
YKL135C,YIR004W,0,-6.33586,0.28333333134651184,0.2073170691728592,0.052439022809267044
YLR024C,YJL029C,0,-6.3359904,0.2828618884086609,0.2073170691728592,0.05256097391247749
YPL194W,YJL041W,0,-6.3361573,0.2823920249938965,0.2073170691728592,0.05268292501568794
YLL010C,YDR207C,0,-6.336309,0.28192371129989624,0.2073170691728592,0.05280487984418869
YOR299W,YOR151C,0,-6.3364086,0.28145694732666016,0.2073170691728592,0.05292683094739914
YDR123C,YDR529C,0,-6.336424,0.28099173307418823,0.2073170691728592,0.05304878205060959
YJL081C,YBL052C,1,-6.3365607,0.28217822313308716,0.20853658020496368,0.05304878205060959
YFL048C,YER161C,0,-6.338895,0.2817133367061615,0.20853658020496368,0.05317073315382004
YDL040C,YGR002C,1,-6.339082,0.28289473056793213,0.20975609123706818,0.05317073315382004
YGL139W,YOL052C,0,-6.3397517,0.2824302017688751,0.20975609123706818,0.05329268425703049
YCL052C,YMR274C,0,-6.3408895,0.2819672226905823,0.20975609123706818,0.053414635360240936
YGR188C,YOR075W,0,-6.3409367,0.2815057337284088,0.20975609123706818,0.053536586463451385
YGL238W,YHR158C,0,-6.341332,0.2810457646846771,0.20975609123706818,0.053658537566661835
YMR238W,YMR073C,0,-6.341651,0.2805872857570648,0.20975609123706818,0.053780488669872284
YNL136W,YPR131C,1,-6.342598,0.28175896406173706,0.21097561717033386,0.053780488669872284
YDR351W,YNL032W,0,-6.3425984,0.281300812959671,0.21097561717033386,0.05390243977308273
YKL089W,YDL103C,0,-6.342768,0.28084415197372437,0.21097561717033386,0.05402439087629318
YBR098W,YLR417W,0,-6.343072,0.2803889811038971,0.21097561717033386,0.05414634197950363
YJR138W,YGL013C,0,-6.343339,0.2799352705478668,0.21097561717033386,0.05426829308271408
YOR274W,YGR059W,0,-6.343882,0.27948305010795593,0.21097561717033386,0.05439024418592453
YHR044C,YFL013C,0,-6.344348,0.27903226017951965,0.21097561717033386,0.05451219528913498
YLR135W,YML001W,0,-6.3455343,0.27858293056488037,0.21097561717033386,0.05463414639234543
YLR427W,YDR251W,0,-6.3455853,0.2781350612640381,0.21097561717033386,0.05475609749555588
YOL130W,YKL184W,0,-6.346548,0.277688592672348,0.21097561717033386,0.05487804859876633
YEL018W,YMR207C,0,-6.3472486,0.27724358439445496,0.21097561717033386,0.054999999701976776
YJL081C,YGL066W,1,-6.3473988,0.2784000039100647,0.21219512820243835,0.054999999701976776
YOR090C,YGL212W,0,-6.3479195,0.2779552638530731,0.21219512820243835,0.055121950805187225
YPL006W,YBL033C,0,-6.348828,0.27751195430755615,0.21219512820243835,0.055243901908397675
YER015W,YDR176W,1,-6.3490267,0.27866241335868835,0.21341463923454285,0.055243901908397675
YLR395C,YGR113W,0,-6.349104,0.27821940183639526,0.21341463923454285,0.055365853011608124
YPL001W,YLL002W,1,-6.3492823,0.27936509251594543,0.21463415026664734,0.055365853011608124
YOR336W,YBL067C,0,-6.3498135,0.27892234921455383,0.21463415026664734,0.05548780411481857
YLR300W,YOR270C,0,-6.3506393,0.27848100662231445,0.21463415026664734,0.05560975521802902
YBR179C,YBL002W,0,-6.3507614,0.2780410647392273,0.21463415026664734,0.05573170632123947
YPL001W,YGR002C,1,-6.350827,0.27917981147766113,0.21585366129875183,0.05573170632123947
YNL136W,YOL148C,1,-6.3509665,0.28031495213508606,0.21707317233085632,0.05573170632123947
YDR225W,YCR073W-A,0,-6.3518515,0.27987420558929443,0.21707317233085632,0.05585365742444992
YFL009W,YOR212W,0,-6.352025,0.27943485975265503,0.21707317233085632,0.05597560852766037
YBR115C,YGL044C,0,-6.3520412,0.27899685502052307,0.21707317233085632,0.05609755963087082
YCR082W,YFL017W-A,0,-6.352475,0.27856025099754333,0.21707317233085632,0.05621951073408127
YGR267C,YCR008W,0,-6.352513,0.27812498807907104,0.21707317233085632,0.05634146183729172
YKL049C,YDL007W,0,-6.353181,0.2776910960674286,0.21707317233085632,0.05646341294050217
YGL019W,YER019C-A,0,-6.354412,0.27725857496261597,0.21707317233085632,0.056585364043712616
YNL166C,YBR281C,0,-6.354494,0.2768273651599884,0.21707317233085632,0.056707318872213364
YPL001W,YPR193C,1,-6.3549266,0.27795031666755676,0.21829268336296082,0.056707318872213364
YMR182C,YOR270C,0,-6.3550553,0.2775193750858307,0.21829268336296082,0.05682926997542381
YDR264C,YBL052C,1,-6.35669,0.27863776683807373,0.2195121943950653,0.05682926997542381
YDR031W,YNL183C,0,-6.3567705,0.27820712327957153,0.2195121943950653,0.05695122107863426
YNL284C,YFL017W-A,0,-6.3575706,0.2777777910232544,0.2195121943950653,0.05707317218184471
YAL031C,YOR191W,0,-6.358774,0.2773497700691223,0.2195121943950653,0.05719512328505516
YLR423C,YMR224C,0,-6.359457,0.2769230902194977,0.2195121943950653,0.05731707438826561
YAL042W,YOR117W,0,-6.359497,0.2764976918697357,0.2195121943950653,0.05743902549147606
YIL065C,YNL312W,0,-6.3597245,0.2760736048221588,0.2195121943950653,0.05756097659468651
YJL115W,YNL326C,1,-6.36007,0.2771822214126587,0.2207317054271698,0.05756097659468651
YDR129C,YDL128W,0,-6.360689,0.2767584025859833,0.2207317054271698,0.05768292769789696
YLR389C,YGR033C,0,-6.361121,0.27633586525917053,0.2207317054271698,0.05780487880110741
YDR430C,YHR060W,0,-6.3613706,0.27591463923454285,0.2207317054271698,0.057926829904317856
YDR224C,YGL068W,0,-6.361504,0.27549466490745544,0.2207317054271698,0.058048781007528305
YKL007W,YDR480W,0,-6.3617115,0.2750760018825531,0.2207317054271698,0.058170732110738754
YOL113W,YHR111W,0,-6.361772,0.27465856075286865,0.2207317054271698,0.058292683213949203
YPL069C,YBR057C,0,-6.3629913,0.27424243092536926,0.2207317054271698,0.05841463431715965
YLR394W,YPL127C,0,-6.363284,0.27382752299308777,0.2207317054271698,0.0585365854203701
YDR503C,YIL150C,0,-6.364156,0.27341389656066895,0.2207317054271698,0.05865853652358055
YOR034C,YJL115W,1,-6.3643427,0.27450981736183167,0.2219512164592743,0.05865853652358055
YMR039C,YPR139C,0,-6.364709,0.27409639954566956,0.2219512164592743,0.058780487626791
YFR037C,YOR043W,0,-6.3649817,0.27368420362472534,0.2219512164592743,0.05890243873000145
YOL122C,YDR359C,0,-6.3656178,0.2732732594013214,0.2219512164592743,0.0590243898332119
YFL039C,YOL148C,1,-6.365883,0.27436283230781555,0.22317072749137878,0.0590243898332119
YPL048W,YOL072W,0,-6.3664184,0.27395209670066833,0.22317072749137878,0.05914634093642235
YGR002C,YMR236W,1,-6.3666353,0.27503737807273865,0.22439023852348328,0.05914634093642235
YAL044C,YCR009C,0,-6.3666625,0.27462685108184814,0.22439023852348328,0.0592682920396328
YDL243C,YPL110C,0,-6.36681,0.2742175757884979,0.22439023852348328,0.059390243142843246
YOR155C,YKL034W,0,-6.3668337,0.2738095223903656,0.22439023852348328,0.059512194246053696
YFL024C,YGL066W,1,-6.3670635,0.2748885452747345,0.22560974955558777,0.059512194246053696
YJR053W,YPL144W,0,-6.367152,0.2744807004928589,0.22560974955558777,0.059634145349264145
YML057W,YPL059W,0,-6.367767,0.27407407760620117,0.22560974955558777,0.059756096452474594
YHR191C,YGR186W,0,-6.3688364,0.27366864681243896,0.22560974955558777,0.05987804755568504
YKL156W,YIR022W,0,-6.369795,0.27326440811157227,0.22560974955558777,0.05999999865889549
YPR103W,YPL047W,0,-6.3699055,0.2728613615036011,0.22560974955558777,0.06012194976210594
YJL041W,YLR442C,0,-6.3699813,0.2724595069885254,0.22560974955558777,0.06024390086531639
YDR519W,YGR112W,0,-6.37033,0.2720588147640228,0.22560974955558777,0.06036585196852684
YDL017W,YHR024C,0,-6.370366,0.27165931463241577,0.22560974955558777,0.06048780307173729
YLR032W,YML064C,0,-6.371023,0.2712610065937042,0.22560974955558777,0.06060975790023804
YBL008W,YKL108W,0,-6.37214,0.2708638310432434,0.22560974955558777,0.060731709003448486
YGR252W,YDR167W,1,-6.37236,0.2719298303127289,0.22682927548885345,0.060731709003448486
YJL090C,YML051W,0,-6.3728313,0.2715328335762024,0.22682927548885345,0.060853660106658936
YJL146W,YPR182W,0,-6.372948,0.2711370289325714,0.22682927548885345,0.060975611209869385
YPL204W,YOR233W,0,-6.3732195,0.27074235677719116,0.22682927548885345,0.061097562313079834
YIR006C,YPL105C,0,-6.373715,0.27034884691238403,0.22682927548885345,0.06121951341629028
YKR087C,YJR035W,0,-6.3748913,0.26995646953582764,0.22682927548885345,0.06134146451950073
YLR005W,YEL021W,0,-6.3758807,0.269565224647522,0.22682927548885345,0.06146341562271118
YMR314W,YKL211C,0,-6.375996,0.26917511224746704,0.22682927548885345,0.06158536672592163
YDR219C,YMR314W,0,-6.376364,0.26878613233566284,0.22682927548885345,0.06170731782913208
YIR015W,YDR092W,0,-6.377946,0.268398255109787,0.22682927548885345,0.06182926893234253
YHR132C,YKR003W,0,-6.377964,0.26801154017448425,0.22682927548885345,0.06195122003555298
YGR271W,YNL304W,0,-6.378499,0.2676258981227875,0.22682927548885345,0.06207317113876343
YFL017W-A,YOR081C,0,-6.379017,0.26724138855934143,0.22682927548885345,0.06219512224197388
YNL273W,YLR417W,0,-6.3796334,0.26685795187950134,0.22682927548885345,0.062317073345184326
YDL220C,YIL026C,0,-6.380127,0.266475647687912,0.22682927548885345,0.062439024448394775
YHR187W,YLL003W,0,-6.380129,0.2660944163799286,0.22682927548885345,0.06256097555160522
YOR244W,YGR252W,1,-6.381152,0.2671428620815277,0.22804878652095795,0.06256097555160522
YGR113W,YBR193C,0,-6.381407,0.26676177978515625,0.22804878652095795,0.06268292665481567
YKL170W,YDR484W,0,-6.381648,0.26638177037239075,0.22804878652095795,0.06280487775802612
YJL140W,YDR330W,0,-6.381811,0.2660028338432312,0.22804878652095795,0.06292682886123657
YMR052W,YGR056W,0,-6.3820524,0.265625,0.22804878652095795,0.06304877996444702
YJL081C,YDR176W,1,-6.3821983,0.2666666805744171,0.22926829755306244,0.06304877996444702
YOR373W,YBR130C,0,-6.382227,0.26628896594047546,0.22926829755306244,0.06317073106765747
YDR261C,YIL129C,0,-6.382323,0.2659122943878174,0.22926829755306244,0.06329268217086792
YEL066W,YBR198C,1,-6.382754,0.2669491469860077,0.23048780858516693,0.06329268217086792
YOL108C,YDR219C,0,-6.3828883,0.26657262444496155,0.23048780858516693,0.06341463327407837
YDL040C,YBL052C,1,-6.3833613,0.26760563254356384,0.23170731961727142,0.06341463327407837
YGL257C,YDR227W,0,-6.3833914,0.26722925901412964,0.23170731961727142,0.06353658437728882
YML036W,YDL217C,0,-6.3841867,0.266853928565979,0.23170731961727142,0.06365853548049927
YPL101W,YLR095C,0,-6.3842173,0.2664796710014343,0.23170731961727142,0.06378048658370972
YDR392W,YBR198C,1,-6.384593,0.26750701665878296,0.23292683064937592,0.06378048658370972
YEL053C,YMR236W,1,-6.3851013,0.26853147149086,0.2341463416814804,0.06378048658370972
YDR244W,YAL016W,0,-6.3873243,0.2681564390659332,0.2341463416814804,0.06390243768692017
YJR065C,YLR305C,0,-6.3878903,0.26778241991996765,0.2341463416814804,0.06402438879013062
YKR030W,YHR077C,0,-6.38822,0.26740947365760803,0.2341463416814804,0.06414633989334106
YLR078C,YDR512C,0,-6.388303,0.2670375406742096,0.2341463416814804,0.06426829099655151
YOR058C,YLR151C,0,-6.3884916,0.2666666805744171,0.2341463416814804,0.06439024209976196
YFL013C,YFL044C,0,-6.388583,0.2662968039512634,0.2341463416814804,0.06451219320297241
YBR167C,YLR182W,0,-6.3889666,0.2659279704093933,0.2341463416814804,0.06463414430618286
YML013W,YDR407C,0,-6.389612,0.26556017994880676,0.2341463416814804,0.06475609540939331
YBL052C,YBR198C,1,-6.38967,0.26657459139823914,0.2353658527135849,0.06475609540939331
YLR059C,YDR487C,0,-6.390006,0.26620689034461975,0.2353658527135849,0.06487804651260376
YLR246W,YLL002W,1,-6.3902245,0.26721763610839844,0.2365853637456894,0.06487804651260376
YBR112C,YER146W,0,-6.3905535,0.2668500542640686,0.2365853637456894,0.06499999761581421
YMR100W,YBR221C,0,-6.3906326,0.26648351550102234,0.2365853637456894,0.06512194871902466
YAL032C,YLR166C,0,-6.390772,0.26611796021461487,0.2365853637456894,0.06524389982223511
YCR037C,YBR289W,0,-6.3910856,0.2657534182071686,0.2365853637456894,0.06536585092544556
YDL142C,YLR151C,0,-6.391181,0.26538988947868347,0.2365853637456894,0.065487802028656
YCR069W,YBR115C,0,-6.3916326,0.26502731442451477,0.2365853637456894,0.06560975313186646
YPR051W,YOL110W,1,-6.392273,0.2660300135612488,0.23780487477779388,0.06560975313186646
YNL136W,YGR002C,1,-6.3935537,0.2670299708843231,0.23902438580989838,0.06560975313186646
YLR259C,YBR213W,0,-6.393619,0.2666666805744171,0.23902438580989838,0.0657317042350769
YDR069C,YDR078C,0,-6.393629,0.2663043439388275,0.23902438580989838,0.06585365533828735
YIL036W,YKL012W,0,-6.393664,0.2659430205821991,0.23902438580989838,0.0659756064414978
YDL181W,YDR468C,0,-6.3938427,0.2655826508998871,0.23902438580989838,0.06609755754470825
YMR275C,YBL006C,0,-6.394435,0.26522326469421387,0.23902438580989838,0.0662195086479187
YBR248C,YCR008W,0,-6.3945355,0.26486486196517944,0.23902438580989838,0.06634145975112915
YGL086W,YHR118C,0,-6.3950443,0.2645074129104614,0.23902438580989838,0.0664634183049202
YLR107W,YDL216C,0,-6.395173,0.2641509473323822,0.23902438580989838,0.06658536940813065
YLR228C,YDL076C,0,-6.395257,0.2637954354286194,0.23902438580989838,0.0667073205113411
YPR051W,YDR176W,1,-6.396038,0.26478493213653564,0.24024389684200287,0.0667073205113411
YLR071C,YHR119W,0,-6.39611,0.2644295394420624,0.24024389684200287,0.06682927161455154
YDR176W,YBL052C,1,-6.3969517,0.2654155492782593,0.24146340787410736,0.06682927161455154
YGL083W,YMR039C,0,-6.3978205,0.2650602459907532,0.24146340787410736,0.066951222717762
YEL037C,YPL072W,0,-6.398703,0.2647058963775635,0.24146340787410736,0.06707317382097244
YGR041W,YKL058W,0,-6.399375,0.2643524706363678,0.24146340787410736,0.06719512492418289
YML081C-A,YNL138W,0,-6.399433,0.2639999985694885,0.24146340787410736,0.06731707602739334
YEL066W,YPR051W,1,-6.3998804,0.2649800181388855,0.24268293380737305,0.06731707602739334
YJR135C,YIL120W,0,-6.4002967,0.2646276652812958,0.24268293380737305,0.06743902713060379
YDL154W,YGR038W,0,-6.4011297,0.2642762362957001,0.24268293380737305,0.06756097823381424
YOR038C,YDL043C,0,-6.401202,0.2639257311820984,0.24268293380737305,0.06768292933702469
YJL115W,YGR252W,1,-6.4022985,0.26490065455436707,0.24390244483947754,0.06768292933702469
YOR299W,YHR076W,0,-6.4025044,0.26455026865005493,0.24390244483947754,0.06780488044023514
YOR037W,YGL104C,0,-6.403934,0.2642008066177368,0.24390244483947754,0.06792683154344559
YML031W,YMR313C,0,-6.4040513,0.26385223865509033,0.24390244483947754,0.06804878264665604
YBL063W,YER005W,0,-6.405799,0.26350462436676025,0.24390244483947754,0.06817073374986649
YNL049C,YDR105C,0,-6.4059587,0.2631579041481018,0.24390244483947754,0.06829268485307693
YGR227W,YNL016W,0,-6.406554,0.262812077999115,0.24390244483947754,0.06841463595628738
YBL052C,YGL112C,1,-6.406851,0.26377952098846436,0.24512195587158203,0.06841463595628738
YGR179C,YJR021C,0,-6.4068966,0.2634338140487671,0.24512195587158203,0.06853658705949783
YPL100W,YOR245C,0,-6.4072847,0.26308900117874146,0.24512195587158203,0.06865853816270828
YAL031C,YBR193C,0,-6.4076967,0.26274511218070984,0.24512195587158203,0.06878048926591873
YGL139W,YLR277C,0,-6.4077816,0.26240208745002747,0.24512195587158203,0.06890244036912918
YGL018C,YPR108W,0,-6.4087315,0.2620599865913391,0.24512195587158203,0.06902439147233963
YER015W,YDR392W,1,-6.4088683,0.2630208432674408,0.24634146690368652,0.06902439147233963
YGL013C,YBR256C,0,-6.4088902,0.2626788020133972,0.24634146690368652,0.06914634257555008
YDR264C,YOR034C,1,-6.409879,0.26363635063171387,0.24756097793579102,0.06914634257555008
YLR019W,YHR056C,0,-6.409955,0.26329442858695984,0.24756097793579102,0.06926829367876053
YFR021W,YOR083W,0,-6.410447,0.26295337080955505,0.24756097793579102,0.06939024478197098
YBL037W,YNL152W,0,-6.410496,0.2626132071018219,0.24756097793579102,0.06951219588518143
YBL103C,YLL048C,0,-6.4116774,0.262273907661438,0.24756097793579102,0.06963414698839188
YBL052C,YDR392W,1,-6.412068,0.263225793838501,0.2487804889678955,0.06963414698839188
YJL081C,YOL003C,1,-6.412155,0.26417526602745056,0.25,0.06963414698839188
YGR179C,YMR190C,0,-6.412309,0.26383525133132935,0.25,0.06975609809160233
YMR228W,YGL122C,0,-6.412636,0.26349613070487976,0.25,0.06987804919481277
YDR264C,YDR167W,1,-6.412789,0.264441579580307,0.2512195110321045,0.06987804919481277
YPL038W,YHR015W,0,-6.4129596,0.264102578163147,0.2512195110321045,0.07000000029802322
YJL003W,YIL036W,0,-6.4138775,0.2637644112110138,0.2512195110321045,0.07012195140123367
YFL039C,YOR034C,1,-6.41545,0.2647058963775635,0.252439022064209,0.07012195140123367
YDL175C,YLR457C,0,-6.415848,0.26436781883239746,0.252439022064209,0.07024390250444412
YML031W,YDR207C,0,-6.416232,0.2640306055545807,0.252439022064209,0.07036585360765457
YOR113W,YOR191W,0,-6.4171286,0.26369425654411316,0.252439022064209,0.07048780471086502
YPL213W,YML013W,0,-6.4174333,0.2633587718009949,0.252439022064209,0.07060975581407547
YDL005C,YKL175W,0,-6.4178476,0.26302415132522583,0.252439022064209,0.07073170691728592
YJL128C,YKR008W,0,-6.4178796,0.26269036531448364,0.252439022064209,0.07085365802049637
YDL231C,YCR039C,0,-6.417931,0.2623574137687683,0.252439022064209,0.07097560912370682
YGR252W,YOL076W,1,-6.4180446,0.2632911503314972,0.2536585330963135,0.07097560912370682
YOL017W,YLR079W,0,-6.418062,0.262958288192749,0.2536585330963135,0.07109756022691727
YOL062C,YOR236W,0,-6.4184117,0.2626262605190277,0.2536585330963135,0.07121951133012772
YJR134C,YIL173W,0,-6.4195857,0.26229506731033325,0.2536585330963135,0.07134146243333817
YOR250C,YOR326W,0,-6.419835,0.26196473836898804,0.2536585330963135,0.07146341353654861
YNL136W,YGL066W,1,-6.419838,0.26289308071136475,0.25487804412841797,0.07146341353654861
YML059C,YBR165W,0,-6.4203987,0.2625628113746643,0.25487804412841797,0.07158536463975906
YBL052C,YDR167W,1,-6.420518,0.2634880840778351,0.25609755516052246,0.07158536463975906
YOR038C,YCR046C,0,-6.4211655,0.2631579041481018,0.25609755516052246,0.07170731574296951
YGL086W,YGR024C,0,-6.421222,0.262828528881073,0.25609755516052246,0.07182926684617996
YBR098W,YJL128C,0,-6.4213667,0.26249998807907104,0.25609755516052246,0.07195121794939041
YMR038C,YMR251W-A,0,-6.4228935,0.26217228174209595,0.25609755516052246,0.07207316905260086
YLR026C,YDR410C,0,-6.422963,0.2618453800678253,0.25609755516052246,0.07219512015581131
YOR002W,YNL083W,0,-6.423185,0.26151931285858154,0.25609755516052246,0.07231707125902176
YER015W,YDR167W,1,-6.4236183,0.2624378204345703,0.25731706619262695,0.07231707125902176
YHR034C,YLR130C,0,-6.424178,0.2621118128299713,0.25731706619262695,0.07243902236223221
YJL081C,YIL009W,1,-6.4248443,0.26302728056907654,0.25853657722473145,0.07243902236223221
YHR013C,YMR236W,1,-6.4250298,0.2639405131340027,0.25975608825683594,0.07243902236223221
YKL064W,YLR032W,0,-6.4252324,0.26361384987831116,0.25975608825683594,0.07256097346544266
YLR095C,YGR141W,0,-6.4255543,0.2632880210876465,0.25975608825683594,0.0726829245686531
YER157W,YIL084C,0,-6.4258056,0.2629629671573639,0.25975608825683594,0.07280487567186356
YLR312W-A,YJL176C,0,-6.4262443,0.26263871788978577,0.25975608825683594,0.072926826775074
YPR046W,YKL134C,0,-6.4265165,0.2623152732849121,0.25975608825683594,0.07304877787828445
YOR373W,YGR104C,0,-6.428015,0.2619926333427429,0.25975608825683594,0.0731707289814949
YOR039W,YPL144W,0,-6.428233,0.2616707682609558,0.25975608825683594,0.07329268008470535
YDR003W,YKL126W,0,-6.42846,0.26134970784187317,0.25975608825683594,0.0734146311879158
YLR215C,YPL002C,0,-6.428548,0.2610294222831726,0.25975608825683594,0.07353658229112625
YDL132W,YHR077C,0,-6.428954,0.2607099115848541,0.25975608825683594,0.0736585333943367
YDR316W,YJR066W,0,-6.4294806,0.2603912055492401,0.25975608825683594,0.07378048449754715
YLR321C,YLR452C,0,-6.4307165,0.2600732743740082,0.25975608825683594,0.0739024356007576
YDR264C,YPR051W,1,-6.4307585,0.26097559928894043,0.26097559928894043,0.0739024356007576
YDR488C,YLR039C,0,-6.4312134,0.26065772771835327,0.26097559928894043,0.07402438670396805
YIL106W,YLR005W,0,-6.4314528,0.2603406310081482,0.26097559928894043,0.0741463378071785
YBL008W,YDL123W,0,-6.432064,0.2600243091583252,0.26097559928894043,0.07426829636096954
YIL154C,YBR037C,0,-6.4323335,0.2597087323665619,0.26097559928894043,0.07439024746417999
YJR050W,YCL051W,0,-6.432482,0.25939393043518066,0.26097559928894043,0.07451219856739044
YBL047C,YNL197C,0,-6.4329624,0.2590799033641815,0.26097559928894043,0.07463414967060089
YDR236C,YML095C,0,-6.4333944,0.25876662135124207,0.26097559928894043,0.07475610077381134
YLR246W,YOL003C,1,-6.434133,0.25966182351112366,0.2621951103210449,0.07475610077381134
YDR264C,YGR002C,1,-6.4345,0.26055487990379333,0.2634146213531494,0.07475610077381134
YJR140C,YOR124C,0,-6.4352436,0.26024097204208374,0.2634146213531494,0.07487805187702179
YBR167C,YLR442C,0,-6.4352937,0.25992780923843384,0.2634146213531494,0.07500000298023224
YCL038C,YPL022W,0,-6.435506,0.25961539149284363,0.2634146213531494,0.07512195408344269
YOL004W,YER024W,0,-6.4356728,0.2593037188053131,0.2634146213531494,0.07524390518665314
YDR430C,YBL050W,0,-6.4359016,0.2589927911758423,0.2634146213531494,0.07536585628986359
YJL030W,YDR031W,0,-6.436201,0.25868263840675354,0.2634146213531494,0.07548780739307404
YBR212W,YHR200W,0,-6.4366226,0.2583732008934021,0.2634146213531494,0.07560975849628448
YER017C,YCR073W-A,0,-6.436936,0.25806450843811035,0.2634146213531494,0.07573170959949493
YER122C,YMR112C,0,-6.437584,0.2577565610408783,0.2634146213531494,0.07585366070270538
YNL059C,YAL015C,0,-6.4379797,0.25744935870170593,0.2634146213531494,0.07597561180591583
YDR265W,YKL196C,0,-6.4384074,0.2571428716182709,0.2634146213531494,0.07609756290912628
YOR321W,YOR137C,0,-6.4387274,0.2568370997905731,0.2634146213531494,0.07621951401233673
YNL118C,YIR009W,0,-6.4390073,0.25653207302093506,0.2634146213531494,0.07634146511554718
YPR179C,YLR254C,0,-6.441767,0.2562277615070343,0.2634146213531494,0.07646341621875763
YMR207C,YLR163C,0,-6.442395,0.25592416524887085,0.2634146213531494,0.07658536732196808
YBL040C,YNL139C,0,-6.4424014,0.2556213140487671,0.2634146213531494,0.07670731842517853
YJR053W,YOR320C,0,-6.4427094,0.25531914830207825,0.2634146213531494,0.07682926952838898
YDR176W,YBR198C,1,-6.442808,0.25619834661483765,0.2646341323852539,0.07682926952838898
YPL248C,YGR076C,0,-6.4429173,0.2558962404727936,0.2646341323852539,0.07695122063159943
YNL136W,YGL112C,1,-6.4432564,0.2567726671695709,0.2658536732196808,0.07695122063159943
YOR316C,YER031C,0,-6.443387,0.25647059082984924,0.2658536732196808,0.07707317173480988
YNL326C,YMR236W,1,-6.4436736,0.2573443055152893,0.2670731842517853,0.07707317173480988
YPR193C,YDR392W,1,-6.44417,0.2582159638404846,0.26829269528388977,0.07707317173480988
YIL140W,YBR186W,0,-6.4443736,0.2579132616519928,0.26829269528388977,0.07719512283802032
YCL039W,YNL183C,0,-6.4445944,0.2576112449169159,0.26829269528388977,0.07731707394123077
YLR117C,YOL054W,0,-6.444604,0.2573099434375763,0.26829269528388977,0.07743902504444122
YPR176C,YML126C,0,-6.4449506,0.257009357213974,0.26829269528388977,0.07756097614765167
YOL102C,YDR495C,0,-6.4454103,0.2567094564437866,0.26829269528388977,0.07768292725086212
YGL054C,YDL181W,0,-6.4454737,0.25641027092933655,0.26829269528388977,0.07780487835407257
YKL165C,YLR315W,0,-6.4459424,0.2561117708683014,0.26829269528388977,0.07792682945728302
YAL042W,YBR082C,0,-6.446949,0.25581395626068115,0.26829269528388977,0.07804878056049347
YJR125C,YIL097W,0,-6.447032,0.25551682710647583,0.26829269528388977,0.07817073166370392
YDL207W,YDL147W,0,-6.4470835,0.2552204132080078,0.26829269528388977,0.07829268276691437
YLL051C,YDL198C,0,-6.447443,0.2549246847629547,0.26829269528388977,0.07841463387012482
YEL053C,YLL002W,1,-6.448115,0.25578704476356506,0.26951220631599426,0.07841463387012482
YMR172W,YMR182C,0,-6.448622,0.25549131631851196,0.26951220631599426,0.07853658497333527
YKL120W,YIR011C,0,-6.448659,0.25519630312919617,0.26951220631599426,0.07865853607654572
YLR330W,YNL246W,0,-6.4494,0.2549019753932953,0.26951220631599426,0.07878048717975616
YJL115W,YDR167W,1,-6.449418,0.2557603716850281,0.27073171734809875,0.07878048717975616
YLR078C,YKR079C,0,-6.449658,0.2554660439491272,0.27073171734809875,0.07890243828296661
YJR151C,YMR216C,0,-6.450186,0.25517240166664124,0.27073171734809875,0.07902438938617706
YJR161C,YBL050W,0,-6.4503975,0.2548794448375702,0.27073171734809875,0.07914634048938751
YOR043W,YBR287W,0,-6.45057,0.2545871436595917,0.27073171734809875,0.07926829159259796
YPL061W,YKR001C,0,-6.4509754,0.2542955279350281,0.27073171734809875,0.07939024269580841
YDL137W,YOR147W,0,-6.451521,0.254004567861557,0.27073171734809875,0.07951219379901886
YLR246W,YGR252W,1,-6.4523983,0.2548571527004242,0.27195122838020325,0.07951219379901886
YDR264C,YDL040C,1,-6.452697,0.2557077705860138,0.27317073941230774,0.07951219379901886
YML101C,YKL167C,0,-6.4529057,0.2554161846637726,0.27317073941230774,0.07963414490222931
YJL073W,YPL105C,0,-6.453149,0.2551252841949463,0.27317073941230774,0.07975609600543976
YPL259C,YIL051C,0,-6.4547567,0.2548350393772125,0.27317073941230774,0.07987804710865021
YMR266W,YPL105C,0,-6.4548516,0.2545454502105713,0.27317073941230774,0.07999999821186066
YNL063W,YNR006W,0,-6.454976,0.2542565166950226,0.27317073941230774,0.0801219493150711
YER170W,YDR227W,0,-6.4552827,0.2539682686328888,0.27317073941230774,0.08024390041828156
YLR229C,YIL138C,0,-6.455548,0.25368064641952515,0.27317073941230774,0.080365851521492
YNL258C,YLR090W,0,-6.4558363,0.25339367985725403,0.27317073941230774,0.08048780262470245
YBL063W,YKR101W,0,-6.455878,0.25310733914375305,0.27317073941230774,0.0806097537279129
YDL117W,YMR158W,0,-6.4560356,0.252821683883667,0.27317073941230774,0.08073170483112335
YNL118C,YLR312W-A,0,-6.456067,0.2525366544723511,0.27317073941230774,0.0808536559343338
YDR264C,YEL053C,1,-6.4565477,0.25337839126586914,0.27439025044441223,0.0808536559343338
YOR034C,YGR252W,1,-6.457227,0.2542182207107544,0.2756097614765167,0.0808536559343338
YAL010C,YDL020C,0,-6.4578094,0.2539325952529907,0.2756097614765167,0.08097560703754425
YLR246W,YPR131C,1,-6.458297,0.2547699213027954,0.2768292725086212,0.08097560703754425
YMR275C,YLR310C,0,-6.4586124,0.25448429584503174,0.2768292725086212,0.0810975581407547
YDR099W,YLR300W,0,-6.4586577,0.2541993260383606,0.2768292725086212,0.08121950924396515
YMR161W,YGR185C,0,-6.4587765,0.2539149820804596,0.2768292725086212,0.0813414603471756
YMR172W,YER008C,0,-6.458881,0.2536312937736511,0.2768292725086212,0.08146341145038605
YJL186W,YDR164C,0,-6.458886,0.2533482015132904,0.2768292725086212,0.0815853625535965
YGR118W,YDR334W,0,-6.4593587,0.2530657649040222,0.2768292725086212,0.08170731365680695
YOR324C,YIL063C,0,-6.459494,0.25278395414352417,0.2768292725086212,0.0818292647600174
YPR175W,YLR363C,0,-6.459681,0.25250276923179626,0.2768292725086212,0.08195121586322784
YDR363W-A,YAL047C,0,-6.459914,0.2522222101688385,0.2768292725086212,0.08207317441701889
YPL101W,YGL023C,0,-6.4599547,0.2519422769546509,0.2768292725086212,0.08219512552022934
YDL165W,YOR098C,0,-6.4607024,0.2516629695892334,0.2768292725086212,0.08231707662343979
YJR065C,YDR434W,0,-6.4607916,0.25138428807258606,0.2768292725086212,0.08243902772665024
YBR035C,YBR258C,0,-6.460874,0.2511062026023865,0.2768292725086212,0.08256097882986069
YOR086C,YPR173C,0,-6.461399,0.25082874298095703,0.2768292725086212,0.08268292993307114
YBL019W,YOR040W,0,-6.4623322,0.25055187940597534,0.2768292725086212,0.08280488103628159
YDR054C,YJR104C,0,-6.4623804,0.2502756416797638,0.2768292725086212,0.08292683213949203
YGL130W,YGL161C,0,-6.462743,0.25,0.2768292725086212,0.08304878324270248
YDL175C,YMR180C,0,-6.4628096,0.24972496926784515,0.2768292725086212,0.08317073434591293
YOR034C,YGL112C,1,-6.4630737,0.25054946541786194,0.2780487835407257,0.08317073434591293
YFL024C,YBR198C,1,-6.4630756,0.2513721287250519,0.2792682945728302,0.08317073434591293
YMR162C,YER162C,0,-6.463728,0.2510964870452881,0.2792682945728302,0.08329268544912338
YJL081C,YLR246W,1,-6.464114,0.251916766166687,0.2804878056049347,0.08329268544912338
YDR284C,YHR004C,0,-6.4647913,0.2516411244869232,0.2804878056049347,0.08341463655233383
YPR082C,YJL137C,0,-6.464922,0.25136610865592957,0.2804878056049347,0.08353658765554428
YDR315C,YDR293C,0,-6.466273,0.25109168887138367,0.2804878056049347,0.08365853875875473
YNR052C,YGR186W,0,-6.4678025,0.2508178949356079,0.2804878056049347,0.08378048986196518
YNL051W,YCL052C,0,-6.468025,0.2505446672439575,0.2804878056049347,0.08390244096517563
YHR158C,YMR190C,0,-6.468121,0.2502720355987549,0.2804878056049347,0.08402439206838608
YDR264C,YPR131C,1,-6.4682846,0.251086950302124,0.2817073166370392,0.08402439206838608
YDR422C,YER148W,0,-6.4689937,0.2508143186569214,0.2817073166370392,0.08414634317159653
YBR086C,YLR183C,0,-6.469173,0.2505423128604889,0.2817073166370392,0.08426829427480698
YCR086W,YDL236W,0,-6.4691925,0.2502708435058594,0.2817073166370392,0.08439024537801743
YOR371C,YNL332W,0,-6.469395,0.25,0.2817073166370392,0.08451219648122787
YDR497C,YDL015C,0,-6.4699306,0.249729722738266,0.2817073166370392,0.08463414758443832
YNL136W,YBL052C,1,-6.4699974,0.25053995847702026,0.2829268276691437,0.08463414758443832
YDR439W,YGR091W,0,-6.4700565,0.25026968121528625,0.2829268276691437,0.08475609868764877
YDR440W,YCL051W,0,-6.470167,0.25,0.2829268276691437,0.08487804979085922
YLR220W,YBL034C,0,-6.4703856,0.2497308999300003,0.2829268276691437,0.08500000089406967
YPL076W,YEL006W,0,-6.4704323,0.24946236610412598,0.2829268276691437,0.08512195199728012
YLR431C,YPL137C,0,-6.4708633,0.2491944134235382,0.2829268276691437,0.08524390310049057
YCL061C,YBL080C,0,-6.4710026,0.248927041888237,0.2829268276691437,0.08536585420370102
YMR076C,YGL115W,0,-6.4710135,0.24866023659706116,0.2829268276691437,0.08548780530691147
YAR002W,YIL095W,0,-6.471696,0.24839399755001068,0.2829268276691437,0.08560975641012192
YNL293W,YNL267W,0,-6.4717274,0.24812833964824677,0.2829268276691437,0.08573170751333237
YGR246C,YKL145W,0,-6.471801,0.24786324799060822,0.2829268276691437,0.08585365861654282
YMR216C,YCR033W,0,-6.472764,0.24759872257709503,0.2829268276691437,0.08597560971975327
YNL315C,YBR049C,0,-6.4727745,0.24733474850654602,0.2829268276691437,0.08609756082296371
YNL326C,YDR167W,1,-6.4728246,0.24813631176948547,0.28414633870124817,0.08609756082296371
YMR216C,YHR117W,0,-6.4733047,0.24787233769893646,0.28414633870124817,0.08621951192617416
YIL044C,YDL077C,0,-6.473774,0.24760892987251282,0.28414633870124817,0.08634146302938461
YDL101C,YDR522C,0,-6.4745975,0.24734607338905334,0.28414633870124817,0.08646341413259506
YOR034C,YBL052C,1,-6.4749537,0.2481442242860794,0.28536584973335266,0.08646341413259506
YGR252W,YDL040C,1,-6.475183,0.24894067645072937,0.28658536076545715,0.08646341413259506
YLR246W,YGL112C,1,-6.476755,0.24973544478416443,0.28780487179756165,0.08646341413259506
YPR131C,YDR176W,1,-6.477301,0.2505285441875458,0.28902438282966614,0.08646341413259506
YGL247W,YPL083C,0,-6.4780846,0.2502639889717102,0.28902438282966614,0.08658536523580551
YHR039C-A,YLR337C,0,-6.4781466,0.25,0.28902438282966614,0.08670731633901596
YML110C,YDL101C,0,-6.4786673,0.24973656237125397,0.28902438282966614,0.08682926744222641
YJR137C,YBR080C,0,-6.479018,0.2494736909866333,0.28902438282966614,0.08695121854543686
YNL322C,YBR049C,0,-6.479382,0.2492113560438156,0.28902438282966614,0.08707316964864731
YGL066W,YBR198C,1,-6.4795275,0.25,0.29024389386177063,0.08707316964864731
YGL021W,YHR012W,0,-6.4795322,0.2497376650571823,0.29024389386177063,0.08719512075185776
YJL008C,YDL105W,0,-6.47962,0.24947589635849,0.29024389386177063,0.0873170718550682
YPL001W,YNL326C,1,-6.480213,0.2502617835998535,0.2914634048938751,0.0873170718550682
YNL020C,YLR097C,0,-6.4803715,0.25,0.2914634048938751,0.08743902295827866
YJR052W,YAL001C,0,-6.480513,0.24973876774311066,0.2914634048938751,0.0875609740614891
YOL076W,YDL040C,1,-6.4807253,0.2505219280719757,0.2926829159259796,0.0875609740614891
YBR274W,YKL175W,0,-6.481312,0.25026068091392517,0.2926829159259796,0.08768292516469955
YER167W,YBR127C,0,-6.482791,0.25,0.2926829159259796,0.08780487626791
YJR135C,YCL004W,0,-6.4829316,0.2497398555278778,0.2926829159259796,0.08792682737112045
YIL026C,YGR170W,0,-6.4830036,0.2494802474975586,0.2926829159259796,0.0880487784743309
YNL136W,YOL110W,1,-6.483108,0.2502596080303192,0.2939024269580841,0.0880487784743309
YJL111W,YFR052W,0,-6.48333,0.25,0.2939024269580841,0.08817072957754135
YAR018C,YPR073C,0,-6.4834504,0.24974092841148376,0.2939024269580841,0.0882926806807518
YDL108W,YGR270W,0,-6.483698,0.2494824081659317,0.2939024269580841,0.08841463178396225
YPL151C,YOR081C,0,-6.4837008,0.24922440946102142,0.2939024269580841,0.0885365828871727
YJL137C,YKL214C,0,-6.4847136,0.24896694719791412,0.2939024269580841,0.08865853399038315
YOL156W,YPL183W-A,0,-6.4858217,0.2487100064754486,0.2939024269580841,0.0887804850935936
YMR212C,YPL046C,0,-6.4859614,0.24845360219478607,0.2939024269580841,0.08890243619680405
YNL306W,YML055W,0,-6.486129,0.2481977343559265,0.2939024269580841,0.0890243873000145
YCR082W,YLR117C,0,-6.4862814,0.24794238805770874,0.2939024269580841,0.08914633840322495
YGR104C,YDR368W,0,-6.486486,0.24768756330013275,0.2939024269580841,0.0892682895064354
YIL068C,YKL166C,0,-6.486771,0.24743326008319855,0.2939024269580841,0.08939024060964584
YNL039W,YGR234W,0,-6.487126,0.24717949330806732,0.2939024269580841,0.08951219171285629
YEL056W,YNL326C,1,-6.4877954,0.24795082211494446,0.2951219379901886,0.08951219171285629
YOL116W,YNL152W,0,-6.488087,0.24769702553749084,0.2951219379901886,0.08963414281606674
YPR067W,YLR363C,0,-6.488143,0.2474437654018402,0.2951219379901886,0.08975609391927719
YHR091C,YGR231C,0,-6.488263,0.24719101190567017,0.2951219379901886,0.08987805247306824
YBR005W,YJL192C,0,-6.4886446,0.2469387799501419,0.2951219379901886,0.09000000357627869
YNL136W,YDR167W,1,-6.488764,0.24770642817020416,0.2963414490222931,0.09000000357627869
YHL020C,YGR270W,0,-6.489613,0.2474541813135147,0.2963414490222931,0.09012195467948914
YLL002W,YMR236W,1,-6.490343,0.24821972846984863,0.29756098985671997,0.09012195467948914
YPR131C,YBR198C,1,-6.490837,0.2489837408065796,0.29878050088882446,0.09012195467948914
YNL097C,YPL183W-A,0,-6.491633,0.24873095750808716,0.29878050088882446,0.09024390578269958
YOR371C,YMR273C,0,-6.4917636,0.2484786957502365,0.29878050088882446,0.09036585688591003
YBR237W,YML109W,0,-6.492343,0.24822695553302765,0.29878050088882446,0.09048780798912048
YLR319C,YLR166C,0,-6.4923844,0.24797570705413818,0.29878050088882446,0.09060975909233093
YIR011C,YOR004W,0,-6.492887,0.2477249801158905,0.29878050088882446,0.09073171019554138
YGL213C,YAR003W,0,-6.4939938,0.24747474491596222,0.29878050088882446,0.09085366129875183
YBL008W,YNL227C,0,-6.4943376,0.24722503125667572,0.29878050088882446,0.09097561240196228
YGR178C,YIL109C,0,-6.4945784,0.24697580933570862,0.29878050088882446,0.09109756350517273
YKL129C,YDR470C,0,-6.4947577,0.2467270940542221,0.29878050088882446,0.09121951460838318
YJL002C,YJL117W,0,-6.4951725,0.246478870511055,0.29878050088882446,0.09134146571159363
YJR010C-A,YGL095C,0,-6.495488,0.24623115360736847,0.29878050088882446,0.09146341681480408
YEL061C,YPL053C,0,-6.495551,0.24598392844200134,0.29878050088882446,0.09158536791801453
YLR078C,YER022W,0,-6.495598,0.2457372099161148,0.29878050088882446,0.09170731902122498
YHR013C,YOL148C,1,-6.4959345,0.24649298191070557,0.30000001192092896,0.09170731902122498
YBL091C,YDR097C,0,-6.496278,0.24624624848365784,0.30000001192092896,0.09182927012443542
YJR083C,YPR006C,0,-6.4963336,0.2460000067949295,0.30000001192092896,0.09195122122764587
YOR034C,YEL053C,1,-6.496595,0.2467532455921173,0.30121952295303345,0.09195122122764587
YBR109C,YAL031C,0,-6.496649,0.24650698900222778,0.30121952295303345,0.09207317233085632
YJR022W,YAL034W-A,0,-6.497019,0.24626120924949646,0.30121952295303345,0.09219512343406677
YMR312W,YER129W,0,-6.4972467,0.24601593613624573,0.30121952295303345,0.09231707453727722
YLR131C,YEL001C,0,-6.4975944,0.2457711398601532,0.30121952295303345,0.09243902564048767
YHR102W,YGL022W,0,-6.4980116,0.24552683532238007,0.30121952295303345,0.09256097674369812
YDR253C,YKL154W,0,-6.4980974,0.24528302252292633,0.30121952295303345,0.09268292784690857
YHR115C,YDL007W,0,-6.499449,0.2450396865606308,0.30121952295303345,0.09280487895011902
YGL192W,YJL156C,0,-6.4995136,0.24479682743549347,0.30121952295303345,0.09292683005332947
YPL195W,YLR315W,0,-6.499708,0.24455446004867554,0.30121952295303345,0.09304878115653992
YPR047W,YGR077C,0,-6.501293,0.24431255459785461,0.30121952295303345,0.09317073225975037
YOR026W,YCR092C,0,-6.50192,0.2440711408853531,0.30121952295303345,0.09329268336296082
YFR052W,YLR005W,0,-6.5019226,0.24383020401000977,0.30121952295303345,0.09341463446617126
YOR079C,YBL103C,0,-6.5020285,0.24358974397182465,0.30121952295303345,0.09353658556938171
YOL038W,YML013W,0,-6.5020885,0.24334976077079773,0.30121952295303345,0.09365853667259216
YPR081C,YDR080W,0,-6.5021334,0.24311023950576782,0.30121952295303345,0.09378048777580261
YGL066W,YGL112C,1,-6.5032587,0.24385447800159454,0.30243903398513794,0.09378048777580261
YNR020C,YNR028W,0,-6.503552,0.24361492693424225,0.30243903398513794,0.09390243887901306
YML129C,YDL147W,0,-6.5046506,0.24337585270404816,0.30243903398513794,0.09402438998222351
YDR325W,YGR211W,0,-6.50486,0.24313725531101227,0.30243903398513794,0.09414634108543396
YML057W,YGR047C,0,-6.5049906,0.2428991198539734,0.30243903398513794,0.09426829218864441
YGR276C,YLR467W,0,-6.505852,0.24266144633293152,0.30243903398513794,0.09439024329185486
YMR029C,YNL073W,0,-6.506242,0.24242424964904785,0.30243903398513794,0.09451219439506531
YDR440W,YMR167W,0,-6.506304,0.2421875,0.30243903398513794,0.09463414549827576
YDL101C,YGL093W,0,-6.506631,0.24195121228694916,0.30243903398513794,0.0947560966014862
YKL145W,YGR186W,0,-6.506776,0.24171540141105652,0.30243903398513794,0.09487804770469666
YCL014W,YCL004W,0,-6.5068398,0.2414800375699997,0.30243903398513794,0.0949999988079071
YNL039W,YDR135C,0,-6.5069723,0.24124513566493988,0.30243903398513794,0.09512194991111755
YPR051W,YNL326C,1,-6.5071907,0.24198250472545624,0.30365854501724243,0.09512194991111755
YDR031W,YBR049C,0,-6.5074606,0.24174757301807404,0.30365854501724243,0.095243901014328
YPR128C,YGR038W,0,-6.5076604,0.24151308834552765,0.30365854501724243,0.09536585211753845
YBR202W,YPL213W,0,-6.507888,0.24127906560897827,0.30365854501724243,0.0954878032207489
YML101C,YLR285W,0,-6.5085993,0.2410455048084259,0.30365854501724243,0.09560975432395935
YOR081C,YOL125W,0,-6.5086923,0.24081237614154816,0.30365854501724243,0.0957317054271698
YDL013W,YDL049C,0,-6.5090246,0.24057970941066742,0.30365854501724243,0.09585365653038025
YOR373W,YLR440C,0,-6.5090933,0.2403474897146225,0.30365854501724243,0.0959756076335907
YNL038W,YGR193C,0,-6.509538,0.2401157170534134,0.30365854501724243,0.09609755873680115
YOL003C,YOL110W,1,-6.510585,0.24084778130054474,0.3048780560493469,0.09609755873680115
YNL049C,YOL128C,0,-6.5106344,0.24061597883701324,0.3048780560493469,0.0962195098400116
YHR132C,YGR234W,0,-6.5110173,0.24038460850715637,0.3048780560493469,0.09634146094322205
YDR349C,YBL055C,0,-6.511143,0.2401537001132965,0.3048780560493469,0.0964634120464325
YLR102C,YGR047C,0,-6.511689,0.23992322385311127,0.3048780560493469,0.09658536314964294
YOL095C,YGR076C,0,-6.513022,0.23969319462776184,0.3048780560493469,0.0967073142528534
YMR119W,YML078W,0,-6.5140243,0.23946359753608704,0.3048780560493469,0.09682926535606384
YJR050W,YLR329W,0,-6.5140996,0.23923444747924805,0.3048780560493469,0.09695121645927429
YGR252W,YPL001W,1,-6.5144053,0.23996175825595856,0.3060975670814514,0.09695121645927429
YAL033W,YNL272C,0,-6.5144653,0.239732563495636,0.3060975670814514,0.09707316756248474
YDR238C,YJR134C,0,-6.5148067,0.23950381577014923,0.3060975670814514,0.09719511866569519
YGR140W,YLR288C,0,-6.514862,0.2392755001783371,0.3060975670814514,0.09731706976890564
YOR208W,YGR106C,0,-6.5163302,0.23904761672019958,0.3060975670814514,0.09743902087211609
YCR071C,YPL020C,0,-6.517043,0.2388201653957367,0.3060975670814514,0.09756097197532654
YNL139C,YNL049C,0,-6.5173235,0.23859316110610962,0.3060975670814514,0.09768293052911758
YOR304W,YGR132C,0,-6.517539,0.23836657404899597,0.3060975670814514,0.09780488163232803
YJL115W,YGL112C,1,-6.5181713,0.23908919095993042,0.3073170781135559,0.09780488163232803
YJL115W,YDR392W,1,-6.518983,0.23981042206287384,0.3085365891456604,0.09780488163232803
YOR244W,YOR064C,1,-6.5190487,0.24053029716014862,0.3097561001777649,0.09780488163232803
YBR145W,YDR235W,0,-6.5196443,0.24030274152755737,0.3097561001777649,0.09792683273553848
YFL029C,YBR216C,0,-6.519812,0.24007561802864075,0.3097561001777649,0.09804878383874893
YPL169C,YBL011W,0,-6.520211,0.23984891176223755,0.3097561001777649,0.09817073494195938
YFL034C-B,YGL145W,0,-6.520411,0.23962263762950897,0.3097561001777649,0.09829268604516983
YPR101W,YPL072W,0,-6.5205765,0.23939679563045502,0.3097561001777649,0.09841463714838028
YPL001W,YOR064C,1,-6.5211735,0.24011299014091492,0.3109756112098694,0.09841463714838028
YMR318C,YKL135C,0,-6.5218177,0.23988711833953857,0.3109756112098694,0.09853658825159073
YIL049W,YOL122C,0,-6.522188,0.23966164886951447,0.3109756112098694,0.09865853935480118
YFL024C,YNL326C,1,-6.5224466,0.2403755933046341,0.3121951222419739,0.09865853935480118
YGL219C,YER154W,0,-6.5226197,0.2401500940322876,0.3121951222419739,0.09878049045801163
YIR033W,YDR372C,0,-6.5231714,0.23992502689361572,0.3121951222419739,0.09890244156122208
YLR151C,YKL188C,0,-6.5236025,0.23970037698745728,0.3121951222419739,0.09902439266443253
YBR038W,YPL104W,0,-6.5241413,0.23947614431381226,0.3121951222419739,0.09914634376764297
YHR067W,YBR153W,0,-6.5243735,0.23925234377384186,0.3121951222419739,0.09926829487085342
YMR165C,YJL074C,0,-6.524447,0.2390289455652237,0.3121951222419739,0.09939024597406387
YOL104C,YOL067C,0,-6.5245485,0.23880596458911896,0.3121951222419739,0.09951219707727432
YIL004C,YGL045W,0,-6.524839,0.23858341574668884,0.3121951222419739,0.09963414818048477
YMR094W,YCR106W,0,-6.525234,0.23836126923561096,0.3121951222419739,0.09975609928369522
YDR099W,YKL042W,0,-6.525302,0.2381395399570465,0.3121951222419739,0.09987805038690567
YGL206C,YGL058W,0,-6.525399,0.2379182130098343,0.3121951222419739,0.10000000149011612
YGR167W,YMR312W,0,-6.525524,0.2376973032951355,0.3121951222419739,0.10012195259332657
YKL108W,YBR082C,0,-6.525654,0.23747681081295013,0.3121951222419739,0.10024390369653702
YKL190W,YER040W,0,-6.5257077,0.237256720662117,0.3121951222419739,0.10036585479974747
YKL064W,YOR060C,0,-6.525712,0.2370370328426361,0.3121951222419739,0.10048780590295792
YEL053C,YDR392W,1,-6.5259833,0.2377428263425827,0.31341463327407837,0.10048780590295792
YBL037W,YOR322C,0,-6.526265,0.23752310872077942,0.31341463327407837,0.10060975700616837
YDL101C,YHR149C,0,-6.5264444,0.23730377852916718,0.31341463327407837,0.10073170810937881
YDR228C,YDR198C,0,-6.52679,0.23708486557006836,0.31341463327407837,0.10085365921258926
YGR230W,YPL119C,0,-6.5277843,0.23686635494232178,0.31341463327407837,0.10097561031579971
YNL106C,YIL022W,0,-6.5285797,0.23664824664592743,0.31341463327407837,0.10109756141901016
YEL053C,YBL052C,1,-6.5286837,0.23735050857067108,0.31463414430618286,0.10109756141901016
YGR092W,YDR098C,0,-6.528775,0.23713235557079315,0.31463414430618286,0.10121951252222061
YDR197W,YPL121C,0,-6.5291963,0.23691460490226746,0.31463414430618286,0.10134146362543106
YBR195C,YGL023C,0,-6.529605,0.2366972416639328,0.31463414430618286,0.10146341472864151
YHR081W,YGR089W,0,-6.529802,0.23648029565811157,0.31463414430618286,0.10158536583185196
YDR295C,YCR077C,0,-6.5300226,0.23626373708248138,0.31463414430618286,0.10170731693506241
YLR431C,YIL142W,0,-6.5306907,0.23604758083820343,0.31463414430618286,0.10182926803827286
YJR151C,YOR219C,0,-6.530771,0.23583181202411652,0.31463414430618286,0.1019512191414833
YEL056W,YPR131C,1,-6.530957,0.23652967810630798,0.31585365533828735,0.1019512191414833
YOL110W,YBR198C,1,-6.531156,0.23722627758979797,0.31707316637039185,0.1019512191414833
YPL234C,YBL055C,0,-6.531625,0.23701003193855286,0.31707316637039185,0.10207317024469376
YOR126C,YFL036W,0,-6.531821,0.23679417371749878,0.31707316637039185,0.1021951213479042
YER009W,YOR060C,0,-6.532134,0.23657870292663574,0.31707316637039185,0.10231707245111465
YJL210W,YLR376C,0,-6.533285,0.23636363446712494,0.31707316637039185,0.1024390235543251
YLR117C,YPL023C,0,-6.53337,0.23614895343780518,0.31707316637039185,0.10256097465753555
YDR392W,YGL112C,1,-6.53337,0.2368421107530594,0.31829267740249634,0.10256097465753555
YML071C,YLR362W,0,-6.533373,0.23662738502025604,0.31829267740249634,0.102682925760746
YOL072W,YOR043W,0,-6.533868,0.23641304671764374,0.31829267740249634,0.10280487686395645
YPR134W,YER104W,0,-6.533943,0.23619909584522247,0.31829267740249634,0.1029268279671669
YOL003C,YBL052C,1,-6.534042,0.23688969016075134,0.31951218843460083,0.1029268279671669
YJL039C,YPL183W-A,0,-6.5349703,0.2366756945848465,0.31951218843460083,0.10304877907037735
YOL076W,YOL110W,1,-6.535555,0.23736461997032166,0.3207316994667053,0.10304877907037735
YOR103C,YOL100W,0,-6.5356665,0.23715057969093323,0.3207316994667053,0.1031707301735878
YLR078C,YHR079C-A,0,-6.5358353,0.23693694174289703,0.3207316994667053,0.10329268127679825
YJR144W,YOR140W,0,-6.5367174,0.23672367632389069,0.3207316994667053,0.1034146323800087
YLR028C,YBR112C,0,-6.538084,0.23651079833507538,0.3207316994667053,0.10353658348321915
YOR322C,YJL156C,0,-6.5383453,0.23629829287528992,0.3207316994667053,0.1036585345864296
YLR254C,YAR007C,0,-6.5384064,0.2360861748456955,0.3207316994667053,0.10378048568964005
YDR264C,YHR013C,1,-6.538911,0.23677130043506622,0.3219512104988098,0.10378048568964005
YPL002C,YKL203C,0,-6.539798,0.23655913770198822,0.3219512104988098,0.1039024367928505
YGL084C,YOR281C,0,-6.540165,0.23634736239910126,0.3219512104988098,0.10402438789606094
YJL165C,YNL207W,0,-6.5404406,0.23613595962524414,0.3219512104988098,0.10414633899927139
YEL056W,YDR176W,1,-6.5407667,0.2368185818195343,0.3231707215309143,0.10414633899927139
YDR419W,YER007C-A,0,-6.540938,0.2366071492433548,0.3231707215309143,0.10426829010248184
YJR093C,YDR081C,0,-6.541284,0.23639607429504395,0.3231707215309143,0.10439024120569229
YBL020W,YOR256C,0,-6.5415134,0.23618538677692413,0.3231707215309143,0.10451219230890274
YDR295C,YDL078C,0,-6.541521,0.23597507178783417,0.3231707215309143,0.10463414341211319
YDL043C,YBR237W,0,-6.5419555,0.23576512932777405,0.3231707215309143,0.10475609451532364
YOR380W,YHR205W,0,-6.542557,0.23555555939674377,0.3231707215309143,0.10487804561853409
YGL190C,YHL048W,0,-6.542657,0.23534636199474335,0.3231707215309143,0.10499999672174454
YCR088W,YKL214C,0,-6.543578,0.23513753712177277,0.3231707215309143,0.10512194782495499
YER088C,YFR009W,0,-6.5435805,0.23492908477783203,0.3231707215309143,0.10524389892816544
YJL115W,YOL148C,1,-6.543638,0.23560672998428345,0.3243902325630188,0.10524389892816544
YPR051W,YOL148C,1,-6.5439143,0.23628318309783936,0.3256097435951233,0.10524389892816544
YOL148C,YGR002C,1,-6.5442357,0.23695844411849976,0.3268292546272278,0.10524389892816544
YDR295C,YKL058W,0,-6.544947,0.23674911260604858,0.3268292546272278,0.10536585003137589
YNL106C,YPL169C,0,-6.545381,0.23654015362262726,0.3268292546272278,0.10548780858516693
YIL062C,YKL073W,0,-6.545683,0.23633156716823578,0.3268292546272278,0.10560975968837738
YLR433C,YOR123C,0,-6.54835,0.23612335324287415,0.3268292546272278,0.10573171079158783
YHR067W,YBR170C,0,-6.5487113,0.23591549694538116,0.3268292546272278,0.10585366189479828
YKL192C,YNL074C,0,-6.549003,0.23570799827575684,0.3268292546272278,0.10597561299800873
YDR534C,YGL216W,0,-6.5491023,0.23550087213516235,0.3268292546272278,0.10609756410121918
YPR019W,YLR005W,0,-6.549591,0.23529411852359772,0.3268292546272278,0.10621951520442963
YIL009W,YNL326C,1,-6.550767,0.23596490919589996,0.3280487656593323,0.10621951520442963
YBR160W,YLR373C,0,-6.5509043,0.23575811088085175,0.3280487656593323,0.10634146630764008
YNL238W,YNL261W,0,-6.55111,0.23555167019367218,0.3280487656593323,0.10646341741085052
YNL227C,YER022W,0,-6.551255,0.23534558713436127,0.3280487656593323,0.10658536851406097
YJR013W,YPL020C,0,-6.5518284,0.235139861702919,0.3280487656593323,0.10670731961727142
YDR264C,YNL326C,1,-6.551947,0.235807865858078,0.32926830649375916,0.10670731961727142
YDR296W,YNL074C,0,-6.5520625,0.23560209572315216,0.32926830649375916,0.10682927072048187
YGR040W,YDR346C,0,-6.552348,0.23539668321609497,0.32926830649375916,0.10695122182369232
YCL057W,YGL161C,0,-6.5537806,0.23519164323806763,0.32926830649375916,0.10707317292690277
YGR101W,YGR263C,0,-6.5539293,0.23498694598674774,0.32926830649375916,0.10719512403011322
YOL003C,YGL112C,1,-6.5541215,0.23565217852592468,0.33048781752586365,0.10719512403011322
YPR128C,YML025C,0,-6.554201,0.23544743657112122,0.33048781752586365,0.10731707513332367
YLR390W-A,YML072C,0,-6.554217,0.2352430522441864,0.33048781752586365,0.10743902623653412
YJL115W,YOL003C,1,-6.554403,0.23590633273124695,0.33170732855796814,0.10743902623653412
YHR013C,YEL056W,1,-6.554505,0.23656845092773438,0.33292683959007263,0.10743902623653412
YLR206W,YOL100W,0,-6.5545063,0.23636363446712494,0.33292683959007263,0.10756097733974457
YGL027C,YHR161C,0,-6.554528,0.23615917563438416,0.33292683959007263,0.10768292844295502
YPR070W,YGL067W,0,-6.555365,0.23595505952835083,0.33292683959007263,0.10780487954616547
YDR254W,YCR003W,0,-6.5556583,0.23575130105018616,0.33292683959007263,0.10792683064937592
YMR072W,YDR191W,0,-6.5558195,0.23554788529872894,0.33292683959007263,0.10804878175258636
YOR274W,YGL153W,0,-6.5561113,0.23534482717514038,0.33292683959007263,0.10817073285579681
YEL053C,YDR167W,1,-6.556387,0.23600344359874725,0.3341463506221771,0.10817073285579681
YML051W,YCL024W,0,-6.5564337,0.2358003407716751,0.3341463506221771,0.10829268395900726
YOR034C,YLR246W,1,-6.557066,0.2364574372768402,0.3353658616542816,0.10829268395900726
YDL005C,YOR301W,0,-6.557186,0.23625428974628448,0.3353658616542816,0.10841463506221771
YLR433C,YPL042C,0,-6.5573173,0.2360514998435974,0.3353658616542816,0.10853658616542816
YNR013C,YMR182C,0,-6.5573416,0.2358490526676178,0.3353658616542816,0.10865853726863861
YDR298C,YJL042W,0,-6.557415,0.23564696311950684,0.3353658616542816,0.10878048837184906
YMR228W,YOR337W,0,-6.5576005,0.23544520139694214,0.3353658616542816,0.10890243947505951
YNL326C,YDR392W,1,-6.5585055,0.2360992282629013,0.3365853726863861,0.10890243947505951
YGR206W,YGR101W,0,-6.559313,0.23589743673801422,0.3365853726863861,0.10902439057826996
YEL066W,YBL052C,1,-6.5606623,0.2365499585866928,0.3378048837184906,0.10902439057826996
YFL024C,YOR244W,1,-6.560809,0.23720136284828186,0.3390243947505951,0.10902439057826996
YHL048W,YDR472W,0,-6.5609746,0.23699915409088135,0.3390243947505951,0.10914634168148041
YMR212C,YGR198W,0,-6.561091,0.2367972731590271,0.3390243947505951,0.10926829278469086
YGL073W,YBR130C,0,-6.561129,0.2365957498550415,0.3390243947505951,0.1093902438879013
YBR112C,YOR144C,0,-6.561468,0.23639455437660217,0.3390243947505951,0.10951219499111176
YNL322C,YOR175C,0,-6.5620756,0.2361937165260315,0.3390243947505951,0.1096341460943222
YGL254W,YDR137W,0,-6.5624847,0.23599320650100708,0.3390243947505951,0.10975609719753265
YNL326C,YBL052C,1,-6.5625896,0.23664122819900513,0.3402439057826996,0.10975609719753265
YEL061C,YBL105C,0,-6.563045,0.23644067347049713,0.3402439057826996,0.1098780483007431
YLR248W,YDR088C,0,-6.5635343,0.2362404763698578,0.3402439057826996,0.10999999940395355
YFL044C,YGL153W,0,-6.5636253,0.2360406070947647,0.3402439057826996,0.110121950507164
YFL039C,YBR198C,1,-6.563898,0.23668639361858368,0.3414634168148041,0.110121950507164
YMR212C,YKL186C,0,-6.5640707,0.23648647964000702,0.3414634168148041,0.11024390161037445
YGL180W,YGR092W,0,-6.564106,0.236286923289299,0.3414634168148041,0.1103658527135849
YLR079W,YLR466W,0,-6.5646935,0.23608769476413727,0.3414634168148041,0.11048780381679535
YKL108W,YOR069W,0,-6.5653596,0.2358887940645218,0.3414634168148041,0.1106097549200058
YGR267C,YLR368W,0,-6.565978,0.23569023609161377,0.3414634168148041,0.11073170602321625
YHR057C,YOR245C,0,-6.5668983,0.23549200594425201,0.3414634168148041,0.1108536571264267
YMR199W,YDR179C,0,-6.5670643,0.23529411852359772,0.3414634168148041,0.11097560822963715
YMR033W,YDR359C,0,-6.567345,0.23509655892848969,0.3414634168148041,0.1110975593328476
YAL034W-A,YCL032W,0,-6.5685477,0.23489932715892792,0.3414634168148041,0.11121951043605804
YFL024C,YBL052C,1,-6.5685606,0.23554065823554993,0.34268292784690857,0.11121951043605804
YNL238W,YNL183C,0,-6.568841,0.23534338176250458,0.34268292784690857,0.1113414615392685
YBL071W-A,YNL177C,0,-6.569232,0.2351464480161667,0.34268292784690857,0.11146341264247894
YKL116C,YER144C,0,-6.5693235,0.23494982719421387,0.34268292784690857,0.11158536374568939
YKL025C,YLR183C,0,-6.569416,0.2347535490989685,0.34268292784690857,0.11170731484889984
YGL212W,YGL198W,0,-6.570868,0.2345575988292694,0.34268292784690857,0.11182926595211029
YDR098C,YOL023W,0,-6.5722632,0.23436196148395538,0.34268292784690857,0.11195121705532074
YPL020C,YNL154C,0,-6.572871,0.23416666686534882,0.34268292784690857,0.11207316815853119
YNL297C,YJL166W,0,-6.572889,0.23397168517112732,0.34268292784690857,0.11219511926174164
YPL028W,YKL167C,0,-6.5731926,0.2337770313024521,0.34268292784690857,0.11231707036495209
YDR440W,YGL151W,0,-6.5738583,0.23358270525932312,0.34268292784690857,0.11243902146816254
YHR013C,YLL002W,1,-6.5738873,0.2342192679643631,0.34390243887901306,0.11243902146816254
YNL137C,YKR100C,0,-6.574108,0.23402489721775055,0.34390243887901306,0.11256097257137299
YPR068C,YLR369W,0,-6.57446,0.23383083939552307,0.34390243887901306,0.11268292367458344
YFL039C,YDR176W,1,-6.574752,0.2344656139612198,0.34512194991111755,0.11268292367458344
YOR080W,YNL090W,0,-6.5750675,0.23427152633666992,0.34512194991111755,0.11280487477779388
YBR256C,YBL067C,0,-6.575186,0.23407775163650513,0.34512194991111755,0.11292682588100433
YBR245C,YKL130C,0,-6.576332,0.2338843047618866,0.34512194991111755,0.11304877698421478
YKL011C,YGR075C,0,-6.5767536,0.23369117081165314,0.34512194991111755,0.11317072808742523
YBL019W,YDR359C,0,-6.5769515,0.23349834978580475,0.34512194991111755,0.11329268664121628
YNL136W,YGR252W,1,-6.576993,0.23413024842739105,0.34634146094322205,0.11329268664121628
YOR354C,YGR211W,0,-6.5773087,0.23393739759922028,0.34634146094322205,0.11341463774442673
YBR029C,YOL012C,0,-6.5777593,0.23374485969543457,0.34634146094322205,0.11353658884763718
YOR264W,YJL096W,0,-6.577771,0.23355263471603394,0.34634146094322205,0.11365853995084763
YLR071C,YBR261C,0,-6.577868,0.23336072266101837,0.34634146094322205,0.11378049105405807
YOR026W,YLR330W,0,-6.577981,0.23316912353038788,0.34634146094322205,0.11390244215726852
YJL192C,YDR135C,0,-6.578557,0.23297785222530365,0.34634146094322205,0.11402439326047897
YDR301W,YNL232W,0,-6.57915,0.2327868789434433,0.34634146094322205,0.11414634436368942
YOR193W,YLR005W,0,-6.5795517,0.2325962334871292,0.34634146094322205,0.11426829546689987
YOR092W,YGL145W,0,-6.579657,0.232405886054039,0.34634146094322205,0.11439024657011032
YDR238C,YER090W,0,-6.5804367,0.23221586644649506,0.34634146094322205,0.11451219767332077
YPR082C,YDL244W,0,-6.5808563,0.232026144862175,0.34634146094322205,0.11463414877653122
YOR233W,YHL007C,0,-6.5814524,0.23183673620224,0.34634146094322205,0.11475609987974167
YGR255C,YER154W,0,-6.581624,0.23164764046669006,0.34634146094322205,0.11487805098295212
YJR125C,YDR207C,0,-6.5817475,0.231458842754364,0.34634146094322205,0.11500000208616257
YAL058W,YMR238W,0,-6.581771,0.23127035796642303,0.34634146094322205,0.11512195318937302
YGL095C,YLR020C,0,-6.5818233,0.23108218610286713,0.34634146094322205,0.11524390429258347
YBR245C,YNL243W,0,-6.581954,0.2308943122625351,0.34634146094322205,0.11536585539579391
YEL066W,YDR167W,1,-6.5819917,0.23151908814907074,0.34756097197532654,0.11536585539579391
YPL031C,YCL069W,0,-6.5820494,0.23133116960525513,0.34756097197532654,0.11548780649900436
YPR008W,YDR128W,0,-6.5820885,0.2311435490846634,0.34756097197532654,0.11560975760221481
YPL174C,YLR440C,0,-6.5823207,0.23095624148845673,0.34756097197532654,0.11573170870542526
YEL066W,YGL112C,1,-6.582384,0.23157894611358643,0.34878048300743103,0.11573170870542526
YJL099W,YGL238W,0,-6.5824776,0.23139157891273499,0.34878048300743103,0.11585365980863571
YKL176C,YOR049C,0,-6.582485,0.23120452463626862,0.34878048300743103,0.11597561091184616
YMR212C,YPL234C,0,-6.58294,0.23101776838302612,0.34878048300743103,0.11609756201505661
YIL090W,YOL128C,0,-6.582995,0.2308313101530075,0.34878048300743103,0.11621951311826706
YHR081W,YPL169C,0,-6.5837517,0.23064516484737396,0.34878048300743103,0.11634146422147751
YMR285C,YBR258C,0,-6.5838203,0.2304593026638031,0.34878048300743103,0.11646341532468796
YGL058W,YLL003W,0,-6.583933,0.2302737534046173,0.34878048300743103,0.11658536642789841
YGR258C,YOR353C,0,-6.5841203,0.2300885021686554,0.34878048300743103,0.11670731753110886
YFL024C,YEL053C,1,-6.5847473,0.23070739209651947,0.3499999940395355,0.11670731753110886
YOL076W,YOL148C,1,-6.584972,0.23132529854774475,0.35121950507164,0.11670731753110886
YPR128C,YPL008W,0,-6.584981,0.2311396449804306,0.35121950507164,0.1168292686343193
YGL222C,YLR020C,0,-6.5855627,0.23095428943634033,0.35121950507164,0.11695121973752975
YML059C,YGR183C,0,-6.5856476,0.23076923191547394,0.35121950507164,0.1170731708407402
YLL038C,YCR065W,0,-6.5859566,0.23058447241783142,0.35121950507164,0.11719512194395065
YDR153C,YMR186W,0,-6.5861254,0.2303999960422516,0.35121950507164,0.1173170730471611
YIL048W,YDR488C,0,-6.586607,0.23021583259105682,0.35121950507164,0.11743902415037155
YDR414C,YKL211C,0,-6.58683,0.23003195226192474,0.35121950507164,0.117560975253582
YJR036C,YFR024C-A,0,-6.5871105,0.22984836995601654,0.35121950507164,0.11768292635679245
YKR008W,YOR353C,0,-6.587241,0.22966507077217102,0.35121950507164,0.1178048774600029
YER061C,YDL171C,0,-6.5879188,0.22948206961154938,0.35121950507164,0.11792682856321335
YLR305C,YBR173C,0,-6.588168,0.2292993664741516,0.35121950507164,0.1180487796664238
YBR065C,YLR442C,0,-6.588994,0.22911694645881653,0.35121950507164,0.11817073076963425
YHR204W,YML019W,0,-6.5891223,0.22893482446670532,0.35121950507164,0.1182926818728447
YOL100W,YDL043C,0,-6.589487,0.2287529855966568,0.35121950507164,0.11841463297605515
YDR118W,YLR263W,0,-6.58953,0.22857142984867096,0.35121950507164,0.1185365840792656
YDR456W,YGR087C,0,-6.590205,0.228390172123909,0.35121950507164,0.11865853518247604
YPR051W,YMR236W,1,-6.590662,0.22900158166885376,0.3524390161037445,0.11865853518247604
YCR093W,YKL108W,0,-6.591089,0.22882026433944702,0.3524390161037445,0.11878048628568649
YGR089W,YER087C-B,0,-6.5913353,0.22863924503326416,0.3524390161037445,0.11890243738889694
YDL195W,YMR197C,0,-6.591413,0.2284584939479828,0.3524390161037445,0.11902438849210739
YGR252W,YOL148C,1,-6.591504,0.22906793653964996,0.353658527135849,0.11902438849210739
YFL024C,YPR131C,1,-6.5915146,0.22967639565467834,0.3548780381679535,0.11902438849210739
YPR047W,YMR313C,0,-6.5917993,0.22949527204036713,0.3548780381679535,0.11914633959531784
YDR488C,YBR258C,0,-6.5919857,0.2293144166469574,0.3548780381679535,0.11926829069852829
YJR118C,YDR201W,0,-6.5924,0.22913385927677155,0.3548780381679535,0.11939024180173874
YCR086W,YBL058W,0,-6.5924187,0.22895358502864838,0.3548780381679535,0.11951219290494919
YAR002W,YKL124W,0,-6.593349,0.2287735790014267,0.3548780381679535,0.11963414400815964
YKL032C,YFL017W-A,0,-6.5933857,0.2285938709974289,0.3548780381679535,0.11975609511137009
YJL065C,YJL165C,0,-6.593613,0.22841444611549377,0.3548780381679535,0.11987804621458054
YOL110W,YGL112C,1,-6.5943604,0.22901961207389832,0.356097549200058,0.11987804621458054
YPR106W,YOL088C,0,-6.594491,0.22884012758731842,0.356097549200058,0.11999999731779099
YHR057C,YPR072W,0,-6.594511,0.2286609262228012,0.356097549200058,0.12012194842100143
YNL290W,YPL180W,0,-6.595307,0.22848200798034668,0.356097549200058,0.12024389952421188
YJL115W,YOR244W,1,-6.5962825,0.22908522188663483,0.3573170602321625,0.12024389952421188
YDL192W,YIL039W,0,-6.596435,0.22890624403953552,0.3573170602321625,0.12036585062742233
YNL136W,YLR246W,1,-6.5964603,0.2295081913471222,0.35853657126426697,0.12036585062742233
YJL137C,YGR183C,0,-6.5969963,0.2293291687965393,0.35853657126426697,0.12048780173063278
YJL115W,YLR246W,1,-6.597312,0.2299298495054245,0.35975611209869385,0.12048780173063278
YDL193W,YKL209C,0,-6.597579,0.22975078225135803,0.35975611209869385,0.12060975283384323
YPL161C,YBR256C,0,-6.597789,0.22957198321819305,0.35975611209869385,0.12073170393705368
YLR026C,YKL196C,0,-6.598095,0.22939346730709076,0.35975611209869385,0.12085365504026413
YHR041C,YBR287W,0,-6.5983562,0.22921523451805115,0.35975611209869385,0.12097560614347458
YKL007W,YOR103C,0,-6.598652,0.22903726994991302,0.35975611209869385,0.12109756469726562
YDL200C,YHR120W,0,-6.599101,0.22885958850383759,0.35975611209869385,0.12121951580047607
YBR109C,YPL214C,0,-6.5992336,0.22868217527866364,0.35975611209869385,0.12134146690368652
YJL031C,YLR059C,0,-6.599433,0.22850503027439117,0.35975611209869385,0.12146341800689697
YOL003C,YOL148C,1,-6.6002207,0.22910216450691223,0.36097562313079834,0.12146341800689697
YDR472W,YNL197C,0,-6.6002455,0.2289249747991562,0.36097562313079834,0.12158536911010742
YIL038C,YNR032W,0,-6.600336,0.22874806821346283,0.36097562313079834,0.12170732021331787
YDR081C,YLR337C,0,-6.601044,0.22857142984867096,0.36097562313079834,0.12182927131652832
YJL036W,YHR163W,0,-6.6012907,0.22839505970478058,0.36097562313079834,0.12195122241973877
YBR130C,YGR104C,0,-6.6014385,0.22821897268295288,0.36097562313079834,0.12207317352294922
YKL193C,YKR101W,0,-6.601478,0.22804313898086548,0.36097562313079834,0.12219512462615967
YKL007W,YKL213C,0,-6.6016254,0.22786758840084076,0.36097562313079834,0.12231707572937012
YMR299C,YJL165C,0,-6.60166,0.22769230604171753,0.36097562313079834,0.12243902683258057
YOR351C,YBR119W,0,-6.6020207,0.2275172919034958,0.36097562313079834,0.12256097793579102
YBL090W,YBL041W,0,-6.6021338,0.22734254598617554,0.36097562313079834,0.12268292903900146
YMR156C,YDR135C,0,-6.6024313,0.22716806828975677,0.36097562313079834,0.12280488014221191
YNL258C,YIR034C,0,-6.603686,0.2269938588142395,0.36097562313079834,0.12292683124542236
YFL024C,YPR193C,1,-6.604056,0.22758620977401733,0.36219513416290283,0.12292683124542236
YNL306W,YCR018C,0,-6.60409,0.22741194069385529,0.36219513416290283,0.12304878234863281
YDR251W,YCR052W,0,-6.604413,0.22723795473575592,0.36219513416290283,0.12317073345184326
YLL002W,YGR002C,1,-6.6044445,0.2278287410736084,0.3634146451950073,0.12317073345184326
YHL019C,YEL058W,0,-6.604725,0.22765469551086426,0.3634146451950073,0.12329268455505371
YDR454C,YLR321C,0,-6.604888,0.2274809181690216,0.3634146451950073,0.12341463565826416
YDR229W,YNL246W,0,-6.6048956,0.22730739414691925,0.3634146451950073,0.12353658676147461
YBR042C,YMR202W,0,-6.604937,0.22713415324687958,0.3634146451950073,0.12365853786468506
YAL021C,YJR069C,0,-6.604946,0.226961150765419,0.3634146451950073,0.12378048896789551
YPL001W,YGL112C,1,-6.604969,0.2275494635105133,0.3646341562271118,0.12378048896789551
YEL053C,YOL110W,1,-6.6052103,0.22813688218593597,0.3658536672592163,0.12378048896789551
YJR057W,YDR041W,0,-6.6060004,0.22796352207660675,0.3658536672592163,0.12390244007110596
YLR310C,YIR019C,0,-6.6060667,0.22779043018817902,0.3658536672592163,0.1240243911743164
YFR027W,YPR188C,0,-6.606896,0.22761760652065277,0.3658536672592163,0.12414634227752686
YHR044C,YGR095C,0,-6.607008,0.22744503617286682,0.3658536672592163,0.1242682933807373
YJL081C,YOL110W,1,-6.607117,0.22803030908107758,0.3670731782913208,0.1242682933807373
YBL058W,YDL123W,0,-6.607341,0.22785767912864685,0.3670731782913208,0.12439024448394775
YDL069C,YAR007C,0,-6.608246,0.2276853322982788,0.3670731782913208,0.1245121955871582
YBL038W,YPL206C,0,-6.6088657,0.22751322388648987,0.3670731782913208,0.12463414669036865
YJR036C,YML038C,0,-6.608919,0.22734138369560242,0.3670731782913208,0.1247560977935791
YGR252W,YPR193C,1,-6.608983,0.22792452573776245,0.3682926893234253,0.1247560977935791
YGL003C,YNL177C,0,-6.6089973,0.22775264084339142,0.3682926893234253,0.12487804889678955
YPL244C,YPL234C,0,-6.6090646,0.22758100926876068,0.3682926893234253,0.125
YGL216W,YJR099W,0,-6.609172,0.22740964591503143,0.3682926893234253,0.12512195110321045
YDR153C,YGR004W,0,-6.609621,0.2272385209798813,0.3682926893234253,0.1252439022064209
YJR001W,YPL159C,0,-6.6096907,0.22706766426563263,0.3682926893234253,0.12536585330963135
YDL207W,YOL065C,0,-6.6100774,0.22689707577228546,0.3682926893234253,0.1254878044128418
YIL112W,YER151C,0,-6.610302,0.2267267256975174,0.3682926893234253,0.12560975551605225
YMR076C,YNL201C,0,-6.610689,0.22655664384365082,0.3682926893234253,0.1257317066192627
YDR264C,YGL112C,1,-6.610895,0.22713643312454224,0.3695122003555298,0.1257317066192627
YLR353W,YPR068C,0,-6.6109843,0.22696629166603088,0.3695122003555298,0.12585365772247314
YGL180W,YHR181W,0,-6.611129,0.22679640352725983,0.3695122003555298,0.1259756088256836
YKL012W,YGL049C,0,-6.6116695,0.22662678360939026,0.3695122003555298,0.12609755992889404
YDR121W,YDR259C,0,-6.6117506,0.2264574021100998,0.3695122003555298,0.1262195110321045
YKL005C,YBR035C,0,-6.61176,0.22628827393054962,0.3695122003555298,0.12634146213531494
YBL090W,YJR104C,0,-6.611992,0.22611939907073975,0.3695122003555298,0.1264634132385254
YLR153C,YOR317W,1,-6.61203,0.22669649124145508,0.3707317113876343,0.1264634132385254
YMR172W,YPR133W-A,0,-6.6120777,0.22652757167816162,0.3707317113876343,0.12658536434173584
YDR384C,YDL143W,0,-6.612148,0.22635890543460846,0.3707317113876343,0.1267073154449463
YPR179C,YJR110W,0,-6.612201,0.2261904776096344,0.3707317113876343,0.12682926654815674
YMR298W,YOR266W,0,-6.612446,0.22602230310440063,0.3707317113876343,0.1269512176513672
YLR025W,YDR292C,0,-6.612537,0.22585438191890717,0.3707317113876343,0.12707316875457764
YCL018W,YOR035C,0,-6.6128597,0.225686714053154,0.3707317113876343,0.12719511985778809
YPL031C,YDL020C,0,-6.6131973,0.22551928460597992,0.3707317113876343,0.12731707096099854
YJL115W,YEL053C,1,-6.6133223,0.22609339654445648,0.37195122241973877,0.12731707096099854
YDR386W,YLR360W,0,-6.613349,0.22592592239379883,0.37195122241973877,0.12743902206420898
YBL038W,YOR148C,0,-6.6139674,0.22575870156288147,0.37195122241973877,0.12756097316741943
YOL139C,YER151C,0,-6.6141853,0.2255917191505432,0.37195122241973877,0.12768292427062988
YGL240W,YOR083W,0,-6.614808,0.22542497515678406,0.37195122241973877,0.12780487537384033
YJL065C,YJR094W-A,0,-6.6152067,0.2252584993839264,0.37195122241973877,0.12792682647705078
YOR034C,YPR193C,1,-6.6153374,0.22583025693893433,0.37317073345184326,0.12792682647705078
YMR004W,YKR003W,0,-6.615525,0.22566372156143188,0.37317073345184326,0.12804877758026123
YJL008C,YGL067W,0,-6.615793,0.22549742460250854,0.37317073345184326,0.12817072868347168
YPL001W,YOL076W,1,-6.615958,0.22606775164604187,0.37439024448394775,0.12817072868347168
YDR085C,YDR261C,0,-6.6161184,0.22590139508247375,0.37439024448394775,0.12829267978668213
YGL167C,YGL129C,0,-6.6163254,0.22573529183864594,0.37439024448394775,0.12841463088989258
YDL066W,YGL094C,0,-6.616414,0.22556942701339722,0.37439024448394775,0.12853658199310303
YOL064C,YJR044C,0,-6.616457,0.2254038155078888,0.37439024448394775,0.12865853309631348
YGL189C,YMR149W,0,-6.6167035,0.22523844242095947,0.37439024448394775,0.12878048419952393
YDR405W,YPL208W,0,-6.6169596,0.22507330775260925,0.37439024448394775,0.12890243530273438
YKL013C,YOR351C,0,-6.6172633,0.22490842640399933,0.37439024448394775,0.12902438640594482
YNL298W,YGR178C,0,-6.617828,0.2247437834739685,0.37439024448394775,0.12914633750915527
YLR319C,YDR057W,0,-6.61788,0.2245793640613556,0.37439024448394775,0.12926828861236572
YDR235W,YGL098W,0,-6.617977,0.22441519796848297,0.37439024448394775,0.12939023971557617
YCL016C,YCR052W,0,-6.618149,0.22425128519535065,0.37439024448394775,0.12951219081878662
YDR031W,YDR079C-A,0,-6.6183634,0.22408759593963623,0.37439024448394775,0.12963414192199707
YJL127C,YMR223W,0,-6.6183825,0.22392414510250092,0.37439024448394775,0.12975609302520752
YFL039C,YOR244W,1,-6.6184254,0.22448979318141937,0.37560975551605225,0.12975609302520752
YER013W,YOR212W,0,-6.6187067,0.22432629764080048,0.37560975551605225,0.12987804412841797
YDL188C,YHR200W,0,-6.618923,0.2241630256175995,0.37560975551605225,0.12999999523162842
YGR013W,YKL028W,0,-6.6189337,0.2240000069141388,0.37560975551605225,0.13012194633483887
YDR127W,YCL057W,0,-6.6194196,0.223837211728096,0.37560975551605225,0.13024389743804932
YGL086W,YDR280W,0,-6.6198535,0.22367465496063232,0.37560975551605225,0.13036584854125977
YOR148C,YDR359C,0,-6.6198854,0.22351233661174774,0.37560975551605225,0.13048779964447021
YER155C,YOL059W,0,-6.620053,0.22335025668144226,0.37560975551605225,0.13060975074768066
YPL049C,YBR055C,0,-6.6205015,0.2231884002685547,0.37560975551605225,0.1307317018508911
YLR231C,YCR017C,0,-6.6207924,0.2230267971754074,0.37560975551605225,0.13085365295410156
YJL137C,YOR018W,0,-6.620935,0.22286541759967804,0.37560975551605225,0.130975604057312
YFL044C,YKL161C,0,-6.6212454,0.22270426154136658,0.37560975551605225,0.13109755516052246
YBR086C,YMR231W,0,-6.621642,0.2225433588027954,0.37560975551605225,0.1312195062637329
YDL013W,YPL206C,0,-6.621788,0.22238266468048096,0.37560975551605225,0.13134145736694336
YDR383C,YNL082W,0,-6.6218796,0.2222222238779068,0.37560975551605225,0.1314634084701538
YPR131C,YLL002W,1,-6.6220245,0.22278298437595367,0.37682926654815674,0.1314634084701538
YDR194C,YKL186C,0,-6.62209,0.22262248396873474,0.37682926654815674,0.13158535957336426
YNL131W,YMR077C,0,-6.6222,0.22246220707893372,0.37682926654815674,0.1317073106765747
YLL051C,YMR223W,0,-6.6222696,0.2223021537065506,0.37682926654815674,0.13182926177978516
YIL037C,YKL175W,0,-6.6225677,0.22214233875274658,0.37682926654815674,0.1319512128829956
YDR071C,YMR061W,0,-6.6225758,0.22198276221752167,0.37682926654815674,0.13207316398620605
YER166W,YJL108C,0,-6.6236396,0.22182340919971466,0.37682926654815674,0.1321951150894165
YAR033W,YKR055W,0,-6.6239066,0.22166427969932556,0.37682926654815674,0.13231706619262695
YOL064C,YMR313C,0,-6.623929,0.22150537371635437,0.37682926654815674,0.1324390172958374
YPR188C,YDL224C,0,-6.6239877,0.22134670615196228,0.37682926654815674,0.13256096839904785
YBL033C,YIL147C,0,-6.6241546,0.2211882621049881,0.37682926654815674,0.1326829195022583
YHR116W,YEL001C,0,-6.624704,0.22103004157543182,0.37682926654815674,0.13280487060546875
YDL077C,YDR532C,0,-6.624745,0.22087204456329346,0.37682926654815674,0.1329268366098404
YKR067W,YPL140C,0,-6.624872,0.2207142859697342,0.37682926654815674,0.13304878771305084
YBR243C,YDR031W,0,-6.6251163,0.22055675089359283,0.37682926654815674,0.1331707388162613
YGL083W,YGR020C,0,-6.6252933,0.2203994244337082,0.37682926654815674,0.13329268991947174
YGL018C,YPL192C,0,-6.626148,0.22024233639240265,0.37682926654815674,0.1334146410226822
YBR077C,YPL002C,0,-6.6262207,0.22008547186851501,0.37682926654815674,0.13353659212589264
YBR049C,YMR230W,0,-6.626366,0.2199288308620453,0.37682926654815674,0.1336585432291031
YDL095W,YBR114W,0,-6.627017,0.21977239847183228,0.37682926654815674,0.13378049433231354
YOR250C,YBR258C,0,-6.6271424,0.21961620450019836,0.37682926654815674,0.133902445435524
YJR140C,YGR183C,0,-6.627487,0.21946023404598236,0.37682926654815674,0.13402439653873444
YNL314W,YLL001W,0,-6.62762,0.21930447220802307,0.37682926654815674,0.13414634764194489
YKR036C,YBL016W,0,-6.627838,0.2191489338874817,0.37682926654815674,0.13426829874515533
YLR189C,YER157W,0,-6.6279635,0.21899361908435822,0.37682926654815674,0.13439024984836578
YOL110W,YOL148C,1,-6.6282506,0.21954673528671265,0.37804877758026123,0.13439024984836578
YDR264C,YFL024C,1,-6.628366,0.220099076628685,0.3792682886123657,0.13439024984836578
YOR197W,YIL042C,0,-6.628771,0.21994341909885406,0.3792682886123657,0.13451220095157623
YGL222C,YLR182W,0,-6.628845,0.21978798508644104,0.3792682886123657,0.13463415205478668
YKL057C,YLR357W,0,-6.62914,0.21963277459144592,0.3792682886123657,0.13475610315799713
YIL009W,YOL003C,1,-6.6292486,0.22018349170684814,0.3804877996444702,0.13475610315799713
YGL058W,YER144C,0,-6.6292934,0.22002820670604706,0.3804877996444702,0.13487805426120758
YMR316W,YGR098C,0,-6.6293335,0.21987314522266388,0.3804877996444702,0.13500000536441803
YER174C,YDR243C,0,-6.629759,0.2197183072566986,0.3804877996444702,0.13512195646762848
YOL115W,YKL154W,0,-6.629849,0.21956369280815125,0.3804877996444702,0.13524390757083893
YDR315C,YMR314W,0,-6.6300488,0.2194092869758606,0.3804877996444702,0.13536585867404938
YIL009W,YLL002W,1,-6.6302214,0.21995782852172852,0.3817073106765747,0.13536585867404938
YOR244W,YDR167W,1,-6.6304326,0.22050562500953674,0.3829268217086792,0.13536585867404938
YFR025C,YPR161C,0,-6.6306014,0.22035087645053864,0.3829268217086792,0.13548780977725983
YDR392W,YOR064C,1,-6.6320896,0.2208976149559021,0.3841463327407837,0.13548780977725983
YCR037C,YDL217C,0,-6.6321077,0.2207428216934204,0.3841463327407837,0.13560976088047028
YGR098C,YLR059C,0,-6.6327085,0.22058823704719543,0.3841463327407837,0.13573171198368073
YDL105W,YMR257C,0,-6.6332135,0.22043387591838837,0.3841463327407837,0.13585366308689117
YGR271W,YGR116W,0,-6.6334743,0.220279723405838,0.3841463327407837,0.13597561419010162
YBR256C,YGL131C,0,-6.633543,0.22012577950954437,0.3841463327407837,0.13609756529331207
YJL127C,YDL244W,0,-6.633582,0.21997207403182983,0.3841463327407837,0.13621951639652252
YJL115W,YFL024C,1,-6.6340275,0.2205163985490799,0.3853658437728882,0.13621951639652252
YDR462W,YDR510W,0,-6.634162,0.2203626185655594,0.3853658437728882,0.13634146749973297
YDR309C,YJL019W,0,-6.634166,0.2202090620994568,0.3853658437728882,0.13646341860294342
YGR252W,YOL110W,1,-6.634184,0.22075209021568298,0.3865853548049927,0.13646341860294342
YGR020C,YFL004W,0,-6.634738,0.2205984741449356,0.3865853548049927,0.13658536970615387
YJL092W,YNL243W,0,-6.6349955,0.22044506669044495,0.3865853548049927,0.13670732080936432
YNL326C,YGR002C,1,-6.635035,0.22098679840564728,0.38780486583709717,0.13670732080936432
YPL215W,YNL273W,0,-6.6357174,0.22083333134651184,0.38780486583709717,0.13682927191257477
YEL027W,YDL095W,0,-6.6369314,0.2206800878047943,0.38780486583709717,0.13695122301578522
YOR244W,YER015W,1,-6.637012,0.22122052311897278,0.38902437686920166,0.13695122301578522
YER162C,YDL217C,0,-6.6372514,0.22106721997261047,0.38902437686920166,0.13707317411899567
YOL126C,YER093C,0,-6.6375656,0.22091412544250488,0.38902437686920166,0.13719512522220612
YBR042C,YDR071C,0,-6.637705,0.220761239528656,0.38902437686920166,0.13731707632541656
YDR264C,YOR064C,1,-6.637986,0.2213001400232315,0.39024388790130615,0.13731707632541656
YGR216C,YDL078C,0,-6.6380615,0.22114719450473785,0.39024388790130615,0.13743902742862701
YIR002C,YER125W,0,-6.6382694,0.2209944725036621,0.39024388790130615,0.13756097853183746
YNL314W,YNL317W,0,-6.638363,0.22084195911884308,0.39024388790130615,0.1376829296350479
YNL097C,YJR004C,0,-6.639248,0.22068965435028076,0.39024388790130615,0.13780488073825836
YLR027C,YCR038C,0,-6.639365,0.22053755819797516,0.39024388790130615,0.1379268318414688
YDR245W,YDR488C,0,-6.6395416,0.22038567066192627,0.39024388790130615,0.13804878294467926
YGR048W,YDR532C,0,-6.6396976,0.2202339917421341,0.39024388790130615,0.1381707340478897
YBR155W,YKR028W,0,-6.6400766,0.22008253633975983,0.39024388790130615,0.13829268515110016
YLR246W,YOR244W,1,-6.640148,0.22061856091022491,0.39146342873573303,0.13829268515110016
YDR363W-A,YGL198W,0,-6.6404185,0.22046703100204468,0.39146342873573303,0.1384146362543106
YPR051W,YGL112C,1,-6.641716,0.22100205719470978,0.3926829397678375,0.1384146362543106
YDL184C,YNL263C,0,-6.6418076,0.22085048258304596,0.3926829397678375,0.13853658735752106
YFL036W,YDR105C,0,-6.642237,0.22069910168647766,0.3926829397678375,0.1386585384607315
YLR141W,YML015C,0,-6.642464,0.22054794430732727,0.3926829397678375,0.13878048956394196
YLR459W,YBL071W-A,0,-6.642625,0.2203969955444336,0.3926829397678375,0.1389024406671524
YPL248C,YGR013W,0,-6.6435595,0.22024624049663544,0.3926829397678375,0.13902439177036285
YIL042C,YDR202C,0,-6.643731,0.220095694065094,0.3926829397678375,0.1391463428735733
YMR207C,YDR287W,0,-6.644652,0.21994535624980927,0.3926829397678375,0.13926829397678375
YCL029C,YKR087C,0,-6.644948,0.21979522705078125,0.3926829397678375,0.1393902450799942
YCR097W,YLR191W,0,-6.645301,0.21964529156684875,0.3926829397678375,0.13951219618320465
YNL068C,YDL076C,0,-6.6459174,0.21949556469917297,0.3926829397678375,0.1396341472864151
YLR220W,YOR069W,0,-6.646675,0.2193460464477539,0.3926829397678375,0.13975609838962555
YJL072C,YHR163W,0,-6.646761,0.21919673681259155,0.3926829397678375,0.139878049492836
YDR424C,YLR079W,0,-6.6468387,0.21904762089252472,0.3926829397678375,0.14000000059604645
YOR002W,YKR035W-A,0,-6.6471405,0.2188987135887146,0.3926829397678375,0.1401219516992569
YDR088C,YDL190C,0,-6.647395,0.21875,0.3926829397678375,0.14024390280246735
YJL134W,YKL025C,0,-6.6476502,0.21860149502754211,0.3926829397678375,0.1403658539056778
YPR193C,YNL326C,1,-6.647914,0.21913161873817444,0.393902450799942,0.1403658539056778
YLR203C,YNL317W,0,-6.647973,0.21898305416107178,0.393902450799942,0.14048780500888824
YCL032W,YAR035W,0,-6.6482587,0.21883468329906464,0.393902450799942,0.1406097561120987
YOL023W,YOR119C,0,-6.648339,0.2186865210533142,0.393902450799942,0.14073170721530914
YMR172W,YGR221C,0,-6.6483955,0.2185385674238205,0.393902450799942,0.1408536583185196
YBL018C,YOL038W,0,-6.64847,0.2183908075094223,0.393902450799942,0.14097560942173004
YEL015W,YOR256C,0,-6.649306,0.21824324131011963,0.393902450799942,0.1410975605249405
YMR060C,YDR325W,0,-6.6494637,0.21809588372707367,0.393902450799942,0.14121951162815094
YHR156C,YNL240C,0,-6.650322,0.21794871985912323,0.393902450799942,0.1413414627313614
YOR257W,YHR181W,0,-6.650523,0.2178017497062683,0.393902450799942,0.14146341383457184
YDL040C,YGL066W,1,-6.650535,0.2183288335800171,0.3951219618320465,0.14146341383457184
YFL011W,YKR097W,0,-6.6516867,0.2181818187236786,0.3951219618320465,0.1415853649377823
YCR012W,YGL076C,0,-6.6523876,0.2180349975824356,0.3951219618320465,0.14170731604099274
YLR330W,YJL143W,0,-6.6526175,0.21788837015628815,0.3951219618320465,0.14182926714420319
YJL065C,YLR044C,0,-6.6526814,0.2177419364452362,0.3951219618320465,0.14195121824741364
YHR132C,YOR045W,0,-6.652843,0.21759569644927979,0.3951219618320465,0.14207316935062408
YER017C,YMR029C,0,-6.653103,0.21744966506958008,0.3951219618320465,0.14219512045383453
YOR034C,YGL066W,1,-6.653155,0.21797451376914978,0.396341472864151,0.14219512045383453
YLR025W,YOR086C,0,-6.653184,0.2178284227848053,0.396341472864151,0.14231707155704498
YOR086C,YDL080C,0,-6.653492,0.21768252551555634,0.396341472864151,0.14243902266025543
YGL083W,YJR117W,0,-6.6548233,0.2175368070602417,0.396341472864151,0.14256097376346588
YNL326C,YLL002W,1,-6.6551723,0.2180601954460144,0.3975609838962555,0.14256097376346588
YMR192W,YDL212W,0,-6.6553874,0.2179144322872162,0.3975609838962555,0.14268292486667633
YDR040C,YKL173W,0,-6.655423,0.21776887774467468,0.3975609838962555,0.14280487596988678
YOR349W,YMR212C,0,-6.6558642,0.2176235020160675,0.3975609838962555,0.14292682707309723
YBR171W,YOR076C,0,-6.6558795,0.21747832000255585,0.3975609838962555,0.14304877817630768
YDR138W,YDR473C,0,-6.6559086,0.2173333317041397,0.3975609838962555,0.14317072927951813
YCR097W,YBR245C,0,-6.6564465,0.2171885371208191,0.3975609838962555,0.14329268038272858
YBL037W,YDL236W,0,-6.656454,0.217043936252594,0.3975609838962555,0.14341463148593903
YGR261C,YIL013C,0,-6.656683,0.21689952909946442,0.3975609838962555,0.14353658258914948
YMR195W,YDR460W,0,-6.6567144,0.21675531566143036,0.3975609838962555,0.14365853369235992
YPR006C,YDR229W,0,-6.657318,0.21661129593849182,0.3975609838962555,0.14378048479557037
YLR418C,YNL314W,0,-6.6573596,0.2164674699306488,0.3975609838962555,0.14390243589878082
YLR246W,YPR051W,1,-6.6575723,0.21698738634586334,0.39878049492836,0.14390243589878082
YGL190C,YGL259W,0,-6.657847,0.21684350073337555,0.39878049492836,0.14402438700199127
YHR158C,YLR424W,0,-6.6578526,0.21669979393482208,0.39878049492836,0.14414633810520172
YPL078C,YGR048W,0,-6.6579514,0.21655629575252533,0.39878049492836,0.14426828920841217
YJL115W,YPR131C,1,-6.658226,0.21707478165626526,0.4000000059604645,0.14426828920841217
YDL226C,YDR079C-A,0,-6.658452,0.21693122386932373,0.4000000059604645,0.14439024031162262
YJL081C,YOL076W,1,-6.6584535,0.21744877099990845,0.40121951699256897,0.14439024031162262
YMR280C,YER104W,0,-6.65862,0.21730515360832214,0.40121951699256897,0.14451219141483307
YOR244W,YOL003C,1,-6.658681,0.21782177686691284,0.40243902802467346,0.14451219141483307
YHR191C,YOL155C,0,-6.6588063,0.21767809987068176,0.40243902802467346,0.14463414251804352
YOR326W,YLR447C,0,-6.6590457,0.217534601688385,0.40243902802467346,0.14475609362125397
YDR320C-A,YHR165C,0,-6.6590896,0.21739129722118378,0.40243902802467346,0.14487804472446442
YEL056W,YMR236W,1,-6.659705,0.21790651977062225,0.40365853905677795,0.14487804472446442
YOL076W,YBL052C,1,-6.659725,0.2184210568666458,0.40487805008888245,0.14487804472446442
YML069W,YBR287W,0,-6.6607456,0.2182774543762207,0.40487805008888245,0.14499999582767487
YLR246W,YMR236W,1,-6.6612463,0.21879106760025024,0.40609756112098694,0.14499999582767487
YLR246W,YER015W,1,-6.6614537,0.21930401027202606,0.40731707215309143,0.14499999582767487
YBL085W,YCR038C,0,-6.6615753,0.21916010975837708,0.40731707215309143,0.14512194693088531
YLR028C,YOR357C,0,-6.6617613,0.21901638805866241,0.40731707215309143,0.14524389803409576
YGR074W,YIL039W,0,-6.662239,0.21887287497520447,0.40731707215309143,0.1453658491373062
YOR284W,YHR172W,0,-6.662264,0.21872954070568085,0.40731707215309143,0.14548780024051666
YGL190C,YMR029C,0,-6.662779,0.21858638525009155,0.40731707215309143,0.1456097513437271
YOL137W,YOR181W,0,-6.663135,0.21844342350959778,0.40731707215309143,0.14573170244693756
YHR067W,YGL044C,0,-6.663274,0.21830065548419952,0.40731707215309143,0.145853653550148
YGR091W,YNL016W,0,-6.663932,0.2181580662727356,0.40731707215309143,0.14597560465335846
YIL009W,YEL053C,1,-6.6640434,0.2186684012413025,0.4085365831851959,0.14597560465335846
YDR434W,YFR005C,0,-6.664201,0.21852576732635498,0.4085365831851959,0.1460975557565689
YCR002C,YDL047W,0,-6.664445,0.2183833122253418,0.4085365831851959,0.14621950685977936
YOL076W,YDR392W,1,-6.665906,0.21889251470565796,0.4097560942173004,0.14621950685977936
YER073W,YNL059C,0,-6.666857,0.21875,0.4097560942173004,0.1463414579629898
YNR020C,YMR286W,0,-6.6675043,0.21860767900943756,0.4097560942173004,0.14646340906620026
YDL056W,YML085C,0,-6.667536,0.21846553683280945,0.4097560942173004,0.1465853601694107
YJR022W,YMR284W,0,-6.6680136,0.21832358837127686,0.4097560942173004,0.14670731127262115
YDL165W,YHR004C,0,-6.6689324,0.2181818187236786,0.4097560942173004,0.1468292623758316
YBL085W,YOR261C,0,-6.6696444,0.21804022789001465,0.4097560942173004,0.14695121347904205
YNR035C,YNL137C,0,-6.6698723,0.21789883077144623,0.4097560942173004,0.1470731645822525
YDL066W,YGR181W,0,-6.6707897,0.21775761246681213,0.4097560942173004,0.14719511568546295
YNR028W,YMR268C,0,-6.670983,0.21761657297611237,0.4097560942173004,0.1473170667886734
YNL136W,YLL002W,1,-6.6712456,0.21812297403812408,0.4109756052494049,0.1473170667886734
YNL145W,YIR008C,0,-6.671586,0.21798188984394073,0.4109756052494049,0.14743901789188385
YPR037C,YGL129C,0,-6.6730566,0.2178409844636917,0.4109756052494049,0.1475609689950943
YDL043C,YNL121C,0,-6.6730604,0.21770025789737701,0.4109756052494049,0.14768292009830475
YDR414C,YBR245C,0,-6.673217,0.21755971014499664,0.4109756052494049,0.1478048712015152
YDR462W,YPR182W,0,-6.6741667,0.2174193561077118,0.4109756052494049,0.14792682230472565
YCL039W,YHR150W,0,-6.674469,0.21727918088436127,0.4109756052494049,0.1480487734079361
YDR100W,YPL072W,0,-6.6745563,0.21713916957378387,0.4109756052494049,0.14817072451114655
YML059C,YJR021C,0,-6.674591,0.216999351978302,0.4109756052494049,0.148292675614357
YMR192W,YBL055C,0,-6.6746626,0.21685971319675446,0.4109756052494049,0.14841462671756744
YJL031C,YER112W,0,-6.6747875,0.21672025322914124,0.4109756052494049,0.1485365927219391
YDR363W,YER104W,0,-6.67549,0.21658097207546234,0.4109756052494049,0.14865854382514954
YJL146W,YOL060C,0,-6.675615,0.21644186973571777,0.4109756052494049,0.14878049492835999
YNL282W,YGR116W,0,-6.6759706,0.21630294620990753,0.4109756052494049,0.14890244603157043
YBL047C,YBL034C,0,-6.675973,0.21616420149803162,0.4109756052494049,0.14902439713478088
YIL009W,YGL066W,1,-6.6764464,0.21666666865348816,0.4121951162815094,0.14902439713478088
YGL205W,YBR058C,0,-6.6766133,0.21652786433696747,0.4121951162815094,0.14914634823799133
YCL035C,YLL036C,0,-6.677137,0.2163892388343811,0.4121951162815094,0.14926829934120178
YBR177C,YOR396W,0,-6.677354,0.21625080704689026,0.4121951162815094,0.14939025044441223
YPL112C,YGR156W,0,-6.6774454,0.21611253917217255,0.4121951162815094,0.14951220154762268
YAR014C,YJL002C,0,-6.6779985,0.21597443521022797,0.4121951162815094,0.14963415265083313
YNL027W,YPL085W,0,-6.678236,0.2158365249633789,0.4121951162815094,0.14975610375404358
YPL001W,YOL110W,1,-6.678454,0.2163369506597519,0.4134146273136139,0.14975610375404358
YOR358W,YPL174C,0,-6.678553,0.21619898080825806,0.4134146273136139,0.14987805485725403
YNL192W,YGR028W,0,-6.678632,0.21606118977069855,0.4134146273136139,0.15000000596046448
YGR038W,YDR393W,0,-6.680068,0.21592356264591217,0.4134146273136139,0.15012195706367493
YHR058C,YPL023C,0,-6.680183,0.2157861292362213,0.4134146273136139,0.15024390816688538
YPL049C,YDR129C,0,-6.680416,0.2156488597393036,0.4134146273136139,0.15036585927009583
YER061C,YDR123C,0,-6.6806855,0.215511754155159,0.4134146273136139,0.15048781037330627
YGL213C,YKL010C,0,-6.680827,0.21537484228610992,0.4134146273136139,0.15060976147651672
YML042W,YCL069W,0,-6.6810637,0.21523809432983398,0.4134146273136139,0.15073171257972717
YOL065C,YPR162C,0,-6.681092,0.21510152518749237,0.4134146273136139,0.15085366368293762
YLR206W,YKR065C,0,-6.6814528,0.2149651199579239,0.4134146273136139,0.15097561478614807
YMR002W,YCR026C,0,-6.6816406,0.21482889354228973,0.4134146273136139,0.15109756588935852
YMR013C,YER113C,0,-6.681968,0.2146928459405899,0.4134146273136139,0.15121951699256897
YDR386W,YOR098C,0,-6.6820993,0.2145569622516632,0.4134146273136139,0.15134146809577942
YLR248W,YDR422C,0,-6.6823444,0.21442125737667084,0.4134146273136139,0.15146341919898987
YGL241W,YDR320C,0,-6.6825085,0.2142857164144516,0.4134146273136139,0.15158537030220032
YAL048C,YAR031W,0,-6.682668,0.2141503542661667,0.4134146273136139,0.15170732140541077
YGR170W,YOL054W,0,-6.683016,0.2140151560306549,0.4134146273136139,0.15182927250862122
YDR518W,YHL034C,0,-6.6830993,0.21388012170791626,0.4134146273136139,0.15195122361183167
YEL056W,YOL076W,1,-6.683956,0.2143757939338684,0.4146341383457184,0.15195122361183167
YPR081C,YGL241W,0,-6.684038,0.21424070000648499,0.4146341383457184,0.15207317471504211
YKL074C,YBR192W,0,-6.684043,0.21410579979419708,0.4146341383457184,0.15219512581825256
YBR057C,YDR346C,0,-6.68413,0.21397104859352112,0.4146341383457184,0.152317076921463
YGR224W,YNL106C,0,-6.6841674,0.21383647620677948,0.4146341383457184,0.15243902802467346
YEL056W,YBL052C,1,-6.6849856,0.21433061361312866,0.4158536493778229,0.15243902802467346
YHR072W-A,YLR067C,0,-6.6865835,0.21419598162174225,0.4158536493778229,0.1525609791278839
YNL173C,YOR086C,0,-6.6868143,0.21406151354312897,0.4158536493778229,0.15268293023109436
YOL090W,YGR275W,0,-6.6870832,0.21392722427845,0.4158536493778229,0.1528048813343048
YPR171W,YBL060W,0,-6.687105,0.2137930989265442,0.4158536493778229,0.15292683243751526
YOR377W,YJR051W,0,-6.6872606,0.2136591523885727,0.4158536493778229,0.1530487835407257
YLR210W,YGR186W,0,-6.687405,0.21352535486221313,0.4158536493778229,0.15317073464393616
YIL129C,YLR417W,0,-6.687808,0.2133917361497879,0.4158536493778229,0.1532926857471466
YLR431C,YDL076C,0,-6.6882296,0.2132582813501358,0.4158536493778229,0.15341463685035706
YKL048C,YAR018C,0,-6.68909,0.21312500536441803,0.4158536493778229,0.1535365879535675
YPL255W,YJL123C,0,-6.6896133,0.2129918783903122,0.4158536493778229,0.15365853905677795
YGL019W,YIL061C,0,-6.6896925,0.21285893023014069,0.4158536493778229,0.1537804901599884
YCR028C-A,YKL218C,0,-6.690554,0.21272613108158112,0.4158536493778229,0.15390244126319885
YDR264C,YLL002W,1,-6.690751,0.21321696043014526,0.41707316040992737,0.15390244126319885
YDR469W,YGL213C,0,-6.6909657,0.2130841165781021,0.41707316040992737,0.1540243923664093
YPR094W,YLR240W,0,-6.6916513,0.2129514366388321,0.41707316040992737,0.15414634346961975
YLR229C,YLR010C,0,-6.6921425,0.2128189206123352,0.41707316040992737,0.1542682945728302
YGL113W,YDL010W,0,-6.6921983,0.21268656849861145,0.41707316040992737,0.15439024567604065
YPL179W,YGR234W,0,-6.6922035,0.21255438029766083,0.41707316040992737,0.1545121967792511
YJL062W,YOL129W,0,-6.69254,0.21242235600948334,0.41707316040992737,0.15463414788246155
YMR168C,YPL029W,0,-6.693589,0.21229049563407898,0.41707316040992737,0.154756098985672
YDL175C,YLR007W,0,-6.6936307,0.21215881407260895,0.41707316040992737,0.15487805008888245
YNL326C,YOL148C,1,-6.693681,0.2126472443342209,0.41829267144203186,0.15487805008888245
YDR121W,YJL002C,0,-6.693758,0.21251548826694489,0.41829267144203186,0.1550000011920929
YPL169C,YPL022W,0,-6.69435,0.21238389611244202,0.41829267144203186,0.15512195229530334
YER088C,YHR056C,0,-6.6945934,0.21225246787071228,0.41829267144203186,0.1552439033985138
YBL052C,YGR002C,1,-6.6948233,0.21273964643478394,0.41951218247413635,0.1552439033985138
YDL107W,YNL082W,0,-6.6961536,0.21260815858840942,0.41951218247413635,0.15536585450172424
YCL032W,YNL070W,0,-6.6963625,0.21247683465480804,0.41951218247413635,0.1554878056049347
YAL032C,YGR024C,0,-6.6963954,0.2123456746339798,0.41951218247413635,0.15560975670814514
YCL016C,YBR176W,0,-6.696447,0.21221467852592468,0.41951218247413635,0.1557317078113556
YEL053C,YOL003C,1,-6.6965265,0.21270036697387695,0.42073169350624084,0.1557317078113556
YOL110W,YDR392W,1,-6.6971664,0.21318545937538147,0.4219512343406677,0.1557317078113556
YGL133W,YGL053W,0,-6.6978827,0.21305418014526367,0.4219512343406677,0.15585365891456604
YPL094C,YNL263C,0,-6.6979103,0.2129230797290802,0.4219512343406677,0.1559756100177765
YLR095C,YLR316C,0,-6.6980157,0.21279212832450867,0.4219512343406677,0.15609756112098694
YGR167W,YJL137C,0,-6.6986876,0.21266134083271027,0.4219512343406677,0.1562195122241974
YDR264C,YOR244W,1,-6.6987762,0.2131449580192566,0.4231707453727722,0.1562195122241974
YDR331W,YBR133C,0,-6.6989346,0.2130141258239746,0.4231707453727722,0.15634146332740784
YPR193C,YDR167W,1,-6.699198,0.21349693834781647,0.4243902564048767,0.15634146332740784
YPL125W,YOL122C,0,-6.699572,0.21336603164672852,0.4243902564048767,0.1564634144306183
YPR051W,YDR392W,1,-6.699602,0.2138480395078659,0.4256097674369812,0.1564634144306183
YDL140C,YFL036W,0,-6.6996613,0.21371708810329437,0.4256097674369812,0.15658536553382874
YOR171C,YDR097C,0,-6.699718,0.21358628571033478,0.4256097674369812,0.15670731663703918
YOR244W,YPR131C,1,-6.699813,0.214067280292511,0.4268292784690857,0.15670731663703918
YAL038W,YDR245W,0,-6.700221,0.2139364331960678,0.4268292784690857,0.15682926774024963
YNL136W,YPR193C,1,-6.700446,0.21441662311553955,0.4280487895011902,0.15682926774024963
YJR005W,YLR024C,0,-6.7005587,0.2142857164144516,0.4280487895011902,0.15695121884346008
YGR216C,YPL065W,0,-6.7005835,0.21415497362613678,0.4280487895011902,0.15707316994667053
YGL070C,YBR173C,0,-6.700746,0.2140243947505951,0.4280487895011902,0.15719512104988098
YML081C-A,YFR025C,0,-6.700809,0.21389396488666534,0.4280487895011902,0.15731707215309143
YHR158C,YBR218C,0,-6.7011,0.21376369893550873,0.4280487895011902,0.15743902325630188
YDR284C,YKL189W,0,-6.7015896,0.21363359689712524,0.4280487895011902,0.15756097435951233
YPL160W,YGR192C,0,-6.7019157,0.2135036438703537,0.4280487895011902,0.15768292546272278
YGL021W,YHL019C,0,-6.7020097,0.21337385475635529,0.4280487895011902,0.15780487656593323
YMR052W,YOL155C,0,-6.7023134,0.21324422955513,0.4280487895011902,0.15792682766914368
YLR052W,YAL032C,0,-6.702404,0.21311475336551666,0.4280487895011902,0.15804877877235413
YKL094W,YKL214C,0,-6.702636,0.21298544108867645,0.4280487895011902,0.15817072987556458
YOL158C,YKL010C,0,-6.7028713,0.21285627782344818,0.4280487895011902,0.15829268097877502
YGR037C,YPL151C,0,-6.7034316,0.21272727847099304,0.4280487895011902,0.15841463208198547
YLR259C,YPL139C,0,-6.7035236,0.21259842813014984,0.4280487895011902,0.15853658318519592
YDR237W,YDR057W,0,-6.7036276,0.21246972680091858,0.4280487895011902,0.15865853428840637
YDR251W,YGR193C,0,-6.7038803,0.21234120428562164,0.4280487895011902,0.15878048539161682
YDR229W,YGR047C,0,-6.704006,0.21221281588077545,0.4280487895011902,0.15890243649482727
YNL063W,YNL047C,0,-6.704028,0.2120845913887024,0.4280487895011902,0.15902438759803772
YNL214W,YEL013W,0,-6.7040367,0.21195651590824127,0.4280487895011902,0.15914633870124817
YGR135W,YKL058W,0,-6.704233,0.21182860434055328,0.4280487895011902,0.15926828980445862
YGR224W,YMR127C,0,-6.704777,0.21170084178447723,0.4280487895011902,0.15939024090766907
YMR150C,YDR073W,0,-6.7049904,0.21157324314117432,0.4280487895011902,0.15951219201087952
YOL003C,YMR236W,1,-6.7051888,0.21204818785190582,0.4292683005332947,0.15951219201087952
YNL153C,YDR341C,0,-6.705763,0.21192052960395813,0.4292683005332947,0.15963414311408997
YMR038C,YGR270W,0,-6.7058973,0.21179302036762238,0.4292683005332947,0.15975609421730042
YGL005C,YOR353C,0,-6.7060175,0.21166566014289856,0.4292683005332947,0.15987804532051086
YPL215W,YDR080W,0,-6.706026,0.21153846383094788,0.4292683005332947,0.1599999964237213
YIL073C,YLR005W,0,-6.706472,0.21141141653060913,0.4292683005332947,0.16012194752693176
YLR284C,YPL249C,0,-6.7066383,0.21128451824188232,0.4292683005332947,0.1602438986301422
YOL008W,YKL059C,0,-6.7067146,0.21115776896476746,0.4292683005332947,0.16036584973335266
YNL136W,YNL326C,1,-6.7070484,0.2116307020187378,0.43048781156539917,0.16036584973335266
YJR138W,YOR099W,0,-6.707078,0.21150389313697815,0.43048781156539917,0.1604878008365631
YDR301W,YOL119C,0,-6.7071805,0.21137724816799164,0.43048781156539917,0.16060975193977356
YDR007W,YLR425W,0,-6.7074947,0.21125075221061707,0.43048781156539917,0.160731703042984
YJR051W,YKL117W,0,-6.70756,0.21112440526485443,0.43048781156539917,0.16085365414619446
YDL100C,YDL230W,0,-6.7078648,0.21099820733070374,0.43048781156539917,0.1609756052494049
YJR057W,YLR312W-A,0,-6.707972,0.21087215840816498,0.43048781156539917,0.16109755635261536
YDL108W,YKL205W,0,-6.708082,0.21074627339839935,0.43048781156539917,0.1612195074558258
YHL007C,YNL197C,0,-6.7084317,0.21062052249908447,0.43048781156539917,0.16134145855903625
YLR086W,YLR313C,0,-6.708541,0.21049493551254272,0.43048781156539917,0.1614634096622467
YFL039C,YEL053C,1,-6.7087717,0.21096543967723846,0.43170732259750366,0.1614634096622467
YIL062C,YPL022W,0,-6.708786,0.21083977818489075,0.43170732259750366,0.16158536076545715
YGL240W,YIL038C,0,-6.709095,0.21071428060531616,0.43170732259750366,0.1617073118686676
YEL066W,YGR002C,1,-6.7094383,0.2111838161945343,0.43292683362960815,0.1617073118686676
YBR170C,YIL138C,0,-6.7096643,0.21105825901031494,0.43292683362960815,0.16182926297187805
YEL009C,YNL263C,0,-6.7100067,0.21093285083770752,0.43292683362960815,0.1619512140750885
YLR052W,YDR322W,0,-6.7100763,0.21080760657787323,0.43292683362960815,0.16207316517829895
YMR076C,YNR052C,0,-6.710086,0.21068249642848969,0.43292683362960815,0.1621951162815094
YFL024C,YDR392W,1,-6.710362,0.2111506462097168,0.43414634466171265,0.1621951162815094
YGR052W,YDR329C,0,-6.71043,0.21102549135684967,0.43414634466171265,0.16231706738471985
YOL095C,YPL180W,0,-6.7114325,0.2109004706144333,0.43414634466171265,0.1624390184879303
YPR125W,YMR233W,0,-6.71189,0.21077561378479004,0.43414634466171265,0.16256096959114075
YDL132W,YIL167W,0,-6.711892,0.21065089106559753,0.43414634466171265,0.1626829206943512
YHR176W,YAL055W,0,-6.712177,0.21052631735801697,0.43414634466171265,0.16280487179756165
YOL030W,YOR151C,0,-6.712284,0.21040189266204834,0.43414634466171265,0.1629268229007721
YKL178C,YPL033C,0,-6.7126064,0.21027761697769165,0.43414634466171265,0.16304877400398254
YNL136W,YOR064C,1,-6.712736,0.21074379980564117,0.43536585569381714,0.16304877400398254
YPR042C,YCR008W,0,-6.7127457,0.2106194645166397,0.43536585569381714,0.163170725107193
YOR005C,YER133W,0,-6.713025,0.21049527823925018,0.43536585569381714,0.16329267621040344
YHR036W,YPR017C,0,-6.713048,0.2103712409734726,0.43536585569381714,0.1634146273136139
YIR025W,YGL062W,0,-6.713064,0.21024735271930695,0.43536585569381714,0.16353657841682434
YER167W,YDR228C,0,-6.7138267,0.21012359857559204,0.43536585569381714,0.1636585295200348
YNL136W,YOL003C,1,-6.713996,0.2105882316827774,0.43658536672592163,0.1636585295200348
YDL040C,YPR131C,1,-6.714063,0.2110523283481598,0.4378048777580261,0.1636585295200348
YDL069C,YLR394W,0,-6.7146826,0.2109283208847046,0.4378048777580261,0.16378048062324524
YKR019C,YLR145W,0,-6.7153225,0.21080446243286133,0.4378048777580261,0.1639024317264557
YGL044C,YGR296W,0,-6.715701,0.21068075299263,0.4378048777580261,0.16402438282966614
YER124C,YDR456W,0,-6.7159986,0.21055717766284943,0.4378048777580261,0.16414634883403778
YPL140C,YBR077C,0,-6.71606,0.21043376624584198,0.4378048777580261,0.16426829993724823
YNL271C,YLR315W,0,-6.7172093,0.21031048893928528,0.4378048777580261,0.16439025104045868
YNL284C,YDR495C,0,-6.717843,0.21018736064434052,0.4378048777580261,0.16451220214366913
YJL203W,YBL103C,0,-6.718066,0.2100643664598465,0.4378048777580261,0.16463415324687958
YER151C,YML088W,0,-6.718083,0.20994152128696442,0.4378048777580261,0.16475610435009003
YLR210W,YPL232W,0,-6.7180924,0.20981882512569427,0.4378048777580261,0.16487805545330048
YIL009W,YDR176W,1,-6.718463,0.2102803736925125,0.4390243887901306,0.16487805545330048
YMR219W,YML048W,0,-6.7188034,0.2101576179265976,0.4390243887901306,0.16500000655651093
YKL096W,YOR045W,0,-6.718904,0.21003501117229462,0.4390243887901306,0.16512195765972137
YDR421W,YBR039W,0,-6.719249,0.20991253852844238,0.4390243887901306,0.16524390876293182
YDR142C,YHR001W-A,0,-6.7193975,0.2097902148962021,0.4390243887901306,0.16536585986614227
YGR253C,YEL037C,0,-6.719437,0.20966802537441254,0.4390243887901306,0.16548781096935272
YLR059C,YMR313C,0,-6.719501,0.20954598486423492,0.4390243887901306,0.16560976207256317
YMR004W,YIL075C,0,-6.7201767,0.20942407846450806,0.4390243887901306,0.16573171317577362
YPL120W,YLR396C,0,-6.720315,0.20930232107639313,0.4390243887901306,0.16585366427898407
YKR076W,YCR039C,0,-6.7204313,0.20918071269989014,0.4390243887901306,0.16597561538219452
YLR020C,YDR532C,0,-6.720764,0.2090592384338379,0.4390243887901306,0.16609756648540497
YGL053W,YIR022W,0,-6.7210865,0.2089378982782364,0.4390243887901306,0.16621951758861542
YGL192W,YKL141W,0,-6.721234,0.20881670713424683,0.4390243887901306,0.16634146869182587
YGR262C,YDR221W,0,-6.721639,0.208695650100708,0.4390243887901306,0.16646341979503632
YOL148C,YGL112C,1,-6.7216864,0.20915411412715912,0.4402438998222351,0.16646341979503632
YHR101C,YER030W,0,-6.7217174,0.20903301239013672,0.4402438998222351,0.16658537089824677
YOR355W,YER031C,0,-6.722454,0.20891202986240387,0.4402438998222351,0.16670732200145721
YIL062C,YER031C,0,-6.7224827,0.20879121124744415,0.4402438998222351,0.16682927310466766
YGR098C,YBR125C,0,-6.7225957,0.20867052674293518,0.4402438998222351,0.1669512242078781
YOR244W,YOL110W,1,-6.724357,0.20912766456604004,0.4414634108543396,0.1669512242078781
YPL259C,YKL130C,0,-6.7248297,0.20900693535804749,0.4414634108543396,0.16707317531108856
YOR358W,YOL028C,0,-6.725167,0.20888632535934448,0.4414634108543396,0.167195126414299
YNL183C,YHL020C,0,-6.7254205,0.20876586437225342,0.4414634108543396,0.16731707751750946
YGR261C,YER095W,0,-6.725486,0.2086455374956131,0.4414634108543396,0.1674390286207199
YPL096C-A,YNL304W,0,-6.7255445,0.20852534472942352,0.4414634108543396,0.16756097972393036
YML058W-A,YHR105W,0,-6.7255635,0.2084053009748459,0.4414634108543396,0.1676829308271408
YOR034C,YPL001W,1,-6.7269382,0.20886075496673584,0.4426829218864441,0.1676829308271408
YOL090W,YLR298C,0,-6.7277923,0.20874065160751343,0.4426829218864441,0.16780488193035126
YDR473C,YBR254C,0,-6.7279296,0.20862068235874176,0.4426829218864441,0.1679268330335617
YBL085W,YFR040W,0,-6.7282033,0.20850086212158203,0.4426829218864441,0.16804878413677216
YBL074C,YIL084C,0,-6.728919,0.20838117599487305,0.4426829218864441,0.1681707352399826
YPL094C,YDR407C,0,-6.7291374,0.2082616239786148,0.4426829218864441,0.16829268634319305
YMR162C,YAL022C,0,-6.7298093,0.2081422060728073,0.4426829218864441,0.1684146374464035
YMR094W,YMR228W,0,-6.730353,0.20802292227745056,0.4426829218864441,0.16853658854961395
YMR268C,YML114C,0,-6.730481,0.20790378749370575,0.4426829218864441,0.1686585396528244
YIR033W,YOR326W,0,-6.7312617,0.2077847719192505,0.4426829218864441,0.16878049075603485
YFL034C-B,YDL168W,0,-6.731609,0.20766590535640717,0.4426829218864441,0.1689024418592453
YAL035W,YLR092W,0,-6.7327814,0.2075471729040146,0.4426829218864441,0.16902439296245575
YKR035W-A,YLL035W,0,-6.7330084,0.20742857456207275,0.4426829218864441,0.1691463440656662
YER170W,YOL077W-A,0,-6.7331123,0.20731011033058167,0.4426829218864441,0.16926829516887665
YER170W,YML120C,0,-6.7332163,0.20719178020954132,0.4426829218864441,0.1693902462720871
YLR370C,YLR312W-A,0,-6.7336235,0.20707358419895172,0.4426829218864441,0.16951219737529755
YDR376W,YNR059W,0,-6.733695,0.20695553719997406,0.4426829218864441,0.169634148478508
YBR207W,YKL198C,0,-6.7337694,0.20683760941028595,0.4426829218864441,0.16975609958171844
YDR140W,YGL131C,0,-6.734416,0.20671981573104858,0.4426829218864441,0.1698780506849289
YJL222W,YPL105C,0,-6.735422,0.20660215616226196,0.4426829218864441,0.17000000178813934
YGL003C,YGL232W,0,-6.735625,0.20648464560508728,0.4426829218864441,0.1701219528913498
YAL015C,YNL206C,0,-6.7359943,0.20636725425720215,0.4426829218864441,0.17024390399456024
YKL117W,YOR256C,0,-6.7367077,0.20624999701976776,0.4426829218864441,0.1703658550977707
YIL121W,YGL249W,0,-6.7367363,0.20613287389278412,0.4426829218864441,0.17048780620098114
YEL066W,YDR176W,1,-6.737038,0.2065834254026413,0.4439024329185486,0.17048780620098114
YGL130W,YKL209C,0,-6.7373652,0.20646625757217407,0.4439024329185486,0.1706097573041916
YHR204W,YPR072W,0,-6.737376,0.2063492089509964,0.4439024329185486,0.17073170840740204
YBR022W,YIL147C,0,-6.737384,0.20623229444026947,0.4439024329185486,0.1708536595106125
YOL145C,YER090W,0,-6.738083,0.2061155140399933,0.4439024329185486,0.17097561061382294
YKL054C,YDR081C,0,-6.738326,0.20599886775016785,0.4439024329185486,0.1710975617170334
YNR016C,YOR090C,0,-6.738529,0.20588235557079315,0.4439024329185486,0.17121951282024384
YPL227C,YPL059W,0,-6.738959,0.205765962600708,0.4439024329185486,0.17134146392345428
YAL054C,YOL148C,1,-6.73899,0.20621469616889954,0.4451219439506531,0.17134146392345428
YLR097C,YLR312W-A,0,-6.739319,0.20609824359416962,0.4451219439506531,0.17146341502666473
YNL136W,YBR198C,1,-6.7393947,0.20654627680778503,0.44634145498275757,0.17146341502666473
YJR125C,YOR040W,0,-6.740226,0.20642977952957153,0.44634145498275757,0.17158536612987518
YGL061C,YER183C,0,-6.7407393,0.20631341636180878,0.44634145498275757,0.17170731723308563
YOL076W,YBR198C,1,-6.7412257,0.20676057040691376,0.44756096601486206,0.17170731723308563
YOL086C,YGR227W,0,-6.741287,0.20664414763450623,0.44756096601486206,0.17182926833629608
YDR264C,YOL110W,1,-6.7413635,0.2070906013250351,0.44878047704696655,0.17182926833629608
YBL080C,YPR133W-A,0,-6.7420263,0.20697413384914398,0.44878047704696655,0.17195121943950653
YNL267W,YPR133W-A,0,-6.7420635,0.20685778558254242,0.44878047704696655,0.17207317054271698
YDR421W,YOR181W,0,-6.7425094,0.2067415714263916,0.44878047704696655,0.17219512164592743
YDR478W,YER113C,0,-6.7429843,0.20662549138069153,0.44878047704696655,0.17231707274913788
YHR043C,YML103C,0,-6.7432284,0.2065095454454422,0.44878047704696655,0.17243902385234833
YLR028C,YLR193C,0,-6.7436,0.20639371871948242,0.44878047704696655,0.17256097495555878
YHR204W,YDR308C,0,-6.7436395,0.2062780261039734,0.44878047704696655,0.17268292605876923
YPL193W,YDR494W,0,-6.7436757,0.2061624675989151,0.44878047704696655,0.17280487716197968
YOR057W,YHR167W,0,-6.74368,0.20604702830314636,0.44878047704696655,0.17292682826519012
YEL056W,YEL053C,1,-6.7438593,0.20649132132530212,0.44999998807907104,0.17292682826519012
YPL241C,YGL092W,0,-6.7439156,0.2063758373260498,0.44999998807907104,0.17304877936840057
YPR193C,YGR002C,1,-6.74397,0.20681944489479065,0.45121949911117554,0.17304877936840057
YJL096W,YPL074W,0,-6.744023,0.20670391619205475,0.45121949911117554,0.17317073047161102
YKL049C,YDL232W,0,-6.7440267,0.2065884917974472,0.45121949911117554,0.17329268157482147
YLR246W,YOL076W,1,-6.7441835,0.20703125,0.45243901014328003,0.17329268157482147
YGL070C,YDL229W,0,-6.744569,0.20691578090190887,0.45243901014328003,0.17341463267803192
YFR029W,YML114C,0,-6.744867,0.2068004459142685,0.45243901014328003,0.17353658378124237
YNL136W,YDR392W,1,-6.744872,0.20724233984947205,0.4536585509777069,0.17353658378124237
YEL019C,YBR168W,0,-6.7450137,0.2071269452571869,0.4536585509777069,0.17365853488445282
YGL063W,YGL083W,0,-6.745392,0.20701168477535248,0.4536585509777069,0.17378048598766327
YOR193W,YLR130C,0,-6.74568,0.2068965584039688,0.4536585509777069,0.17390243709087372
YAL010C,YOR132W,0,-6.745777,0.2067815512418747,0.4536585509777069,0.17402438819408417
YML078W,YPL249C,0,-6.745857,0.20666666328907013,0.4536585509777069,0.17414633929729462
YPR051W,YOL076W,1,-6.7460127,0.20710715651512146,0.4548780620098114,0.17414633929729462
YPL180W,YPL234C,0,-6.7468195,0.2069922238588333,0.4548780620098114,0.17426829040050507
YHR174W,YER122C,0,-6.746828,0.2068774253129959,0.4548780620098114,0.17439024150371552
YLR248W,YDR410C,0,-6.7474194,0.20676274597644806,0.4548780620098114,0.17451219260692596
YJR103W,YKR001C,0,-6.7476897,0.20664820075035095,0.4548780620098114,0.1746341437101364
YDL007W,YDR011W,0,-6.748558,0.2065337747335434,0.4548780620098114,0.17475609481334686
YLR395C,YGR057C,0,-6.7486,0.20641948282718658,0.4548780620098114,0.1748780459165573
YGR217W,YDR251W,0,-6.7487392,0.20630531013011932,0.4548780620098114,0.17499999701976776
YFR025C,YNL032W,0,-6.748884,0.2061912715435028,0.4548780620098114,0.1751219481229782
YOR244W,YNL326C,1,-6.7488933,0.20662982761859894,0.4560975730419159,0.1751219481229782
YNL031C,YBL063W,0,-6.748926,0.20651574432849884,0.4560975730419159,0.17524389922618866
YKL054C,YBR265W,0,-6.7492595,0.2064017653465271,0.4560975730419159,0.1753658503293991
YPL133C,YGR024C,0,-6.7493477,0.2062879204750061,0.4560975730419159,0.17548780143260956
YPR008W,YNL032W,0,-6.74956,0.20617419481277466,0.4560975730419159,0.17560975253582
YJR021C,YGR044C,0,-6.749586,0.20606060326099396,0.4560975730419159,0.17573170363903046
YMR167W,YJR066W,0,-6.749634,0.2059471309185028,0.4560975730419159,0.1758536547422409
YPL195W,YER118C,0,-6.749832,0.2058337926864624,0.4560975730419159,0.17597560584545135
YGL168W,YNL243W,0,-6.750059,0.20572057366371155,0.4560975730419159,0.1760975569486618
YOR137C,YLR043C,0,-6.7500696,0.20560747385025024,0.4560975730419159,0.17621950805187225
YEL056W,YOR064C,1,-6.7504992,0.20604395866394043,0.4573170840740204,0.17621950805187225
YJL187C,YGL095C,0,-6.7507305,0.20593081414699554,0.4573170840740204,0.1763414591550827
YNR067C,YCL043C,0,-6.7507505,0.2058177888393402,0.4573170840740204,0.17646341025829315
YGR098C,YIL075C,0,-6.7509108,0.20570488274097443,0.4573170840740204,0.1765853613615036
YHR165C,YML013W,0,-6.7516537,0.2055921107530594,0.4573170840740204,0.17670731246471405
YGR209C,YNR048W,0,-6.7521257,0.2054794579744339,0.4573170840740204,0.1768292635679245
YCR097W,YBR143C,0,-6.7524176,0.20536692440509796,0.4573170840740204,0.17695121467113495
YKL001C,YJL143W,0,-6.7526217,0.20525451004505157,0.4573170840740204,0.1770731657743454
YMR150C,YGR141W,0,-6.752784,0.20514222979545593,0.4573170840740204,0.17719511687755585
YHR154W,YPL243W,0,-6.753411,0.20503006875514984,0.4573170840740204,0.1773170679807663
YNL306W,YBL055C,0,-6.753604,0.2049180269241333,0.4573170840740204,0.17743901908397675
YKL116C,YOL055C,0,-6.7541137,0.2048061192035675,0.4573170840740204,0.1775609701871872
YOR226C,YDR311W,0,-6.7547016,0.20469431579113007,0.4573170840740204,0.17768292129039764
YDL175C,YPR042C,0,-6.755075,0.20458264648914337,0.4573170840740204,0.1778048723936081
YOR232W,YPL138C,0,-6.7553244,0.20447109639644623,0.4573170840740204,0.17792682349681854
YNL136W,YFL024C,1,-6.7556357,0.20490463078022003,0.4585365951061249,0.17792682349681854
YOR323C,YLR136C,0,-6.755764,0.2047930210828781,0.4585365951061249,0.178048774600029
YKL054C,YOR322C,0,-6.75604,0.20468154549598694,0.4585365951061249,0.17817072570323944
YJL196C,YNL071W,0,-6.756221,0.20457018911838531,0.4585365951061249,0.1782926768064499
YJR036C,YCR073C,0,-6.756289,0.20445895195007324,0.4585365951061249,0.17841462790966034
YDR167W,YBR198C,1,-6.756523,0.20489130914211273,0.45975610613822937,0.17841462790966034
YBR118W,YKL175W,0,-6.7568803,0.20478001236915588,0.45975610613822937,0.1785365790128708
YBR089C-A,YJL156C,0,-6.7570863,0.2046688348054886,0.45975610613822937,0.17865853011608124
YBR131W,YDR071C,0,-6.7575045,0.20455779135227203,0.45975610613822937,0.1787804812192917
YNL009W,YDR135C,0,-6.7581544,0.20444685220718384,0.45975610613822937,0.17890243232250214
YLR361C,YFR005C,0,-6.7582355,0.2043360471725464,0.45975610613822937,0.17902438342571259
YLL051C,YCR008W,0,-6.7584023,0.2042253464460373,0.45975610613822937,0.17914633452892303
YMR212C,YPL242C,0,-6.7587986,0.20411477982997894,0.45975610613822937,0.17926828563213348
YOR034C,YDR167W,1,-6.7588196,0.20454545319080353,0.46097561717033386,0.17926828563213348
YEL053C,YDL040C,1,-6.7591696,0.2049756646156311,0.46219512820243835,0.17926828563213348
YDL101C,YPL029W,0,-6.759263,0.20486485958099365,0.46219512820243835,0.17939023673534393
YJR001W,YJR127C,0,-6.759613,0.20475418865680695,0.46219512820243835,0.17951218783855438
YBL052C,YGL066W,1,-6.7599125,0.20518358051776886,0.46341463923454285,0.17951218783855438
YDL174C,YBR216C,0,-6.7602367,0.20507284998893738,0.46341463923454285,0.17963413894176483
YGR101W,YOR124C,0,-6.76035,0.20496223866939545,0.46341463923454285,0.17975610494613647
YNL183C,YJL139C,0,-6.7603726,0.20485174655914307,0.46341463923454285,0.17987805604934692
YGL136C,YMR139W,0,-6.7617764,0.20474137365818024,0.46341463923454285,0.18000000715255737
YLR376C,YCR036W,0,-6.7620535,0.20463111996650696,0.46341463923454285,0.18012195825576782
YHR056C,YDR325W,0,-6.7629566,0.20452098548412323,0.46341463923454285,0.18024390935897827
YDL040C,YOL148C,1,-6.762972,0.20494890213012695,0.46463415026664734,0.18024390935897827
YKR019C,YPL122C,0,-6.7638626,0.20483870804309845,0.46463415026664734,0.18036586046218872
YJR045C,YNR048W,0,-6.763879,0.2047286331653595,0.46463415026664734,0.18048781156539917
YJR135C,YPL047W,0,-6.764236,0.2046186923980713,0.46463415026664734,0.18060976266860962
YCR027C,YOR076C,0,-6.7645,0.20450885593891144,0.46463415026664734,0.18073171377182007
YMR044W,YPL053C,0,-6.7645636,0.20439913868904114,0.46463415026664734,0.18085366487503052
YNR059W,YKL015W,0,-6.764693,0.2042895406484604,0.46463415026664734,0.18097561597824097
YOR303W,YAL053W,0,-6.7653394,0.2041800618171692,0.46463415026664734,0.18109756708145142
YPR049C,YDL153C,0,-6.765662,0.20407070219516754,0.46463415026664734,0.18121951818466187
YGL232W,YLR425W,0,-6.765669,0.20396146178245544,0.46463415026664734,0.18134146928787231
YDL042C,YLR119W,0,-6.765677,0.2038523256778717,0.46463415026664734,0.18146342039108276
YGL122C,YLR378C,0,-6.7659874,0.20374330878257751,0.46463415026664734,0.1815853714942932
YPL008W,YPL086C,0,-6.7667494,0.20363442599773407,0.46463415026664734,0.18170732259750366
YOR371C,YML005W,0,-6.7668924,0.20352564752101898,0.46463415026664734,0.1818292737007141
YLR052W,YKL194C,0,-6.76793,0.20341697335243225,0.46463415026664734,0.18195122480392456
YLR078C,YNL127W,0,-6.768195,0.20330843329429626,0.46463415026664734,0.182073175907135
YER119C,YDR490C,0,-6.7682786,0.20319999754428864,0.46463415026664734,0.18219512701034546
YOL017W,YJL076W,0,-6.769065,0.20309168100357056,0.46463415026664734,0.1823170781135559
YFL024C,YGL112C,1,-6.7691307,0.20351624488830566,0.46585366129875183,0.1823170781135559
YDR206W,YJL056C,0,-6.7698593,0.203407883644104,0.46585366129875183,0.18243902921676636
YBL015W,YKL058W,0,-6.7698665,0.2032996267080307,0.46585366129875183,0.1825609803199768
YOR034C,YEL066W,1,-6.770094,0.20372340083122253,0.4670731723308563,0.1825609803199768
YPR122W,YCR038C,0,-6.7710805,0.20361509919166565,0.4670731723308563,0.18268293142318726
YPR051W,YOL003C,1,-6.771308,0.20403826236724854,0.4682926833629608,0.18268293142318726
YOR028C,YMR212C,0,-6.771676,0.20392990112304688,0.4682926833629608,0.1828048825263977
YBR158W,YDR170C,0,-6.772025,0.20382165908813477,0.4682926833629608,0.18292683362960815
YDR264C,YOL148C,1,-6.7725325,0.20424403250217438,0.4695121943950653,0.18292683362960815
YBL005W,YBL050W,0,-6.7725544,0.2041357308626175,0.4695121943950653,0.1830487847328186
YMR161W,YMR229C,0,-6.772733,0.20402756333351135,0.4695121943950653,0.18317073583602905
YDR231C,YOL116W,0,-6.7729387,0.20391948521137238,0.4695121943950653,0.1832926869392395
YJR001W,YOR380W,0,-6.773101,0.20381154119968414,0.4695121943950653,0.18341463804244995
YOR244W,YEL053C,1,-6.774188,0.20423279702663422,0.4707317054271698,0.18341463804244995
YOL156W,YDR486C,0,-6.7743626,0.2041248083114624,0.4707317054271698,0.1835365891456604
YNL185C,YPR094W,0,-6.774378,0.20401690900325775,0.4707317054271698,0.18365854024887085
YJL076W,YMR076C,0,-6.775629,0.20390914380550385,0.4707317054271698,0.1837804913520813
YPR183W,YDL232W,0,-6.775694,0.2038014829158783,0.4707317054271698,0.18390244245529175
YMR168C,YPR068C,0,-6.775704,0.2036939263343811,0.4707317054271698,0.1840243935585022
YBR207W,YML103C,0,-6.7758894,0.20358650386333466,0.4707317054271698,0.18414634466171265
YLR151C,YDL010W,0,-6.7762623,0.20347917079925537,0.4707317054271698,0.1842682957649231
YHR068W,YGR040W,0,-6.7764263,0.20337197184562683,0.4707317054271698,0.18439024686813354
YDR011W,YKL094W,0,-6.776703,0.20326487720012665,0.4707317054271698,0.184512197971344
YOR239W,YDL192W,0,-6.7770386,0.20315790176391602,0.4707317054271698,0.18463414907455444
YBR109C,YIR011C,0,-6.777259,0.20305103063583374,0.4707317054271698,0.1847561001777649
YNL147W,YGL095C,0,-6.7772865,0.20294426381587982,0.4707317054271698,0.18487805128097534
YMR192W,YDL123W,0,-6.7774935,0.20283763110637665,0.4707317054271698,0.1850000023841858
YNR013C,YNL312W,0,-6.7776384,0.20273108780384064,0.4707317054271698,0.18512195348739624
YBR234C,YJL008C,0,-6.7778873,0.20262467861175537,0.4707317054271698,0.1852439045906067
YDL079C,YLR442C,0,-6.7779946,0.20251835882663727,0.4707317054271698,0.18536585569381714
YMR100W,YNL126W,0,-6.778095,0.2024121731519699,0.4707317054271698,0.1854878067970276
YOL108C,YPL085W,0,-6.7787976,0.20230607688426971,0.4707317054271698,0.18560975790023804
YDR098C,YBR037C,0,-6.7789445,0.20220009982585907,0.4707317054271698,0.1857317090034485
YDL029W,YPR120C,0,-6.779111,0.20209424197673798,0.4707317054271698,0.18585366010665894
YJR089W,YGR024C,0,-6.779184,0.20198848843574524,0.4707317054271698,0.18597561120986938
YEL053C,YDR176W,1,-6.7792034,0.20240585505962372,0.4719512164592743,0.18597561120986938
YJR158W,YGL198W,0,-6.7794986,0.2023000568151474,0.4719512164592743,0.18609756231307983
YCR091W,YLR004C,0,-6.779567,0.20219436287879944,0.4719512164592743,0.18621951341629028
YJR153W,YGL131C,0,-6.7799063,0.20208877325057983,0.4719512164592743,0.18634146451950073
YPL078C,YDL174C,0,-6.7801147,0.20198330283164978,0.4719512164592743,0.18646341562271118
YIL048W,YJL080C,0,-6.7802143,0.20187793672084808,0.4719512164592743,0.18658536672592163
YJL036W,YOR124C,0,-6.7805004,0.20177267491817474,0.4719512164592743,0.18670731782913208
YMR172W,YDR362C,0,-6.780981,0.20166753232479095,0.4719512164592743,0.18682926893234253
YAL044C,YAL009W,0,-6.7810154,0.20156249403953552,0.4719512164592743,0.18695122003555298
YMR038C,YBR037C,0,-6.7811203,0.20145757496356964,0.4719512164592743,0.18707317113876343
YKL013C,YMR285C,0,-6.7812934,0.20135276019573212,0.4719512164592743,0.18719512224197388
YPR182W,YLR354C,0,-6.781552,0.20124804973602295,0.4719512164592743,0.18731707334518433
YPR120C,YFL049W,0,-6.781562,0.20114345848560333,0.4719512164592743,0.18743902444839478
YDR347W,YDL188C,0,-6.7816176,0.20103895664215088,0.4719512164592743,0.18756097555160522
YLL051C,YPL020C,0,-6.7819633,0.20093457400798798,0.4719512164592743,0.18768292665481567
YBR290W,YHR164C,0,-6.7822223,0.20083031058311462,0.4719512164592743,0.18780487775802612
YDR473C,YER074W-A,0,-6.7827034,0.20072613656520844,0.4719512164592743,0.18792682886123657
YCR092C,YPR101W,0,-6.783137,0.2006220817565918,0.4719512164592743,0.18804877996444702
YBR268W,YDR088C,0,-6.7831526,0.20051813125610352,0.4719512164592743,0.18817073106765747
YEL053C,YBR198C,1,-6.7841244,0.20093216001987457,0.4731707274913788,0.18817073106765747
YPL246C,YPR140W,0,-6.7842946,0.20082814991474152,0.4731707274913788,0.18829268217086792
YDR424C,YPL155C,0,-6.785704,0.200724259018898,0.4731707274913788,0.18841463327407837
YLR153C,YOR244W,1,-6.7857113,0.20113754272460938,0.4743902385234833,0.18841463327407837
YJR074W,YBL034C,0,-6.785817,0.2010335922241211,0.4743902385234833,0.18853658437728882
YOR079C,YGL136C,0,-6.7858715,0.20092974603176117,0.4743902385234833,0.18865853548049927
YDL230W,YLL003W,0,-6.785983,0.2008260190486908,0.4743902385234833,0.18878048658370972
YIL049W,YDL232W,0,-6.7860217,0.20072239637374878,0.4743902385234833,0.18890243768692017
YPR009W,YBR105C,0,-6.786091,0.20061887800693512,0.4743902385234833,0.18902438879013062
YMR276W,YBL040C,0,-6.7863045,0.20051546394824982,0.4743902385234833,0.18914633989334106
YPL269W,YPR073C,0,-6.786408,0.20041215419769287,0.4743902385234833,0.1892682909965515
YOR176W,YDL103C,0,-6.786454,0.20030896365642548,0.4743902385234833,0.18939024209976196
YJL081C,YPR193C,1,-6.786497,0.20072053372859955,0.47560974955558777,0.18939024209976196
YDL117W,YLR442C,0,-6.786498,0.20061728358268738,0.47560974955558777,0.1895121932029724
YGR252W,YDR176W,1,-6.786808,0.2010282725095749,0.47682926058769226,0.1895121932029724
YHR024C,YBL034C,0,-6.7873087,0.20092497766017914,0.47682926058769226,0.18963414430618286
YGL136C,YGL210W,0,-6.7873793,0.20082177221775055,0.47682926058769226,0.1897560954093933
YPR081C,YBL057C,0,-6.787476,0.2007186859846115,0.47682926058769226,0.18987804651260376
YGL077C,YDL200C,0,-6.78753,0.20061570405960083,0.47682926058769226,0.1899999976158142
YDL040C,YDR176W,1,-6.7878704,0.20102563500404358,0.47804877161979675,0.1899999976158142
YNR035C,YDR439W,0,-6.787953,0.20092260837554932,0.47804877161979675,0.19012194871902466
YKR034W,YOR221C,0,-6.788867,0.20081967115402222,0.47804877161979675,0.1902438998222351
YDR386W,YIR015W,0,-6.7888713,0.20071685314178467,0.47804877161979675,0.19036585092544556
YIL088C,YDL093W,0,-6.7888985,0.20061412453651428,0.47804877161979675,0.190487802028656
YGL005C,YAR035W,0,-6.789684,0.20051151514053345,0.47804877161979675,0.19060975313186646
YIL009W,YGR002C,1,-6.789757,0.2009202390909195,0.47926828265190125,0.19060975313186646
YFL024C,YOL110W,1,-6.7904797,0.2013285607099533,0.48048779368400574,0.19060975313186646
YMR163C,YJL192C,0,-6.790491,0.20122574269771576,0.48048779368400574,0.1907317042350769
YPR179C,YDL030W,0,-6.791192,0.20112302899360657,0.48048779368400574,0.19085365533828735
YOR034C,YDR176W,1,-6.79154,0.2015306055545807,0.48170730471611023,0.19085365533828735
YGR166W,YER087C-B,0,-6.791588,0.20142784714698792,0.48170730471611023,0.1909756064414978
YJR022W,YDR084C,0,-6.7916985,0.2013251781463623,0.48170730471611023,0.19109755754470825
YJR108W,YCR069W,0,-6.792435,0.20122261345386505,0.48170730471611023,0.1912195086479187
YBR299W,YOR351C,0,-6.792613,0.20112016797065735,0.48170730471611023,0.19134145975112915
YNL261W,YJR035W,0,-6.792807,0.2010178118944168,0.48170730471611023,0.1914634108543396
YNL252C,YPL133C,0,-6.7928824,0.20091556012630463,0.48170730471611023,0.19158536195755005
YBL013W,YBR080C,0,-6.79301,0.200813427567482,0.48170730471611023,0.1917073130607605
YJL003W,YMR247C,0,-6.793124,0.20071138441562653,0.48170730471611023,0.19182926416397095
YGL070C,YLR119W,0,-6.7937984,0.20060944557189941,0.48170730471611023,0.1919512152671814
YAL020C,YDL020C,0,-6.7940464,0.20050761103630066,0.48170730471611023,0.19207316637039185
YFL036W,YGL137W,0,-6.7940826,0.20040588080883026,0.48170730471611023,0.1921951174736023
YOR236W,YDL161W,0,-6.7942014,0.20030425488948822,0.48170730471611023,0.19231706857681274
YOL113W,YLR025W,0,-6.794228,0.20020273327827454,0.48170730471611023,0.1924390196800232
YDR377W,YKR065C,0,-6.7946444,0.2001013159751892,0.48170730471611023,0.19256097078323364
YNR007C,YDL080C,0,-6.7946897,0.20000000298023224,0.48170730471611023,0.1926829218864441
YDR533C,YOR321W,0,-6.794755,0.19989877939224243,0.48170730471611023,0.19280487298965454
YBL052C,YOL148C,1,-6.794793,0.20030349493026733,0.4829268157482147,0.19280487298965454
YIL035C,YHR030C,0,-6.7949266,0.20020222663879395,0.4829268157482147,0.192926824092865
YGR029W,YKR067W,0,-6.7952323,0.2001010626554489,0.4829268157482147,0.19304877519607544
YCR106W,YDL010W,0,-6.795604,0.20000000298023224,0.4829268157482147,0.1931707262992859
YLR295C,YKL032C,0,-6.7958326,0.19989904761314392,0.4829268157482147,0.19329267740249634
YDL161W,YNL246W,0,-6.795904,0.19979818165302277,0.4829268157482147,0.1934146285057068
YLR117C,YKR067W,0,-6.796143,0.19969743490219116,0.4829268157482147,0.19353657960891724
YGL131C,YML029W,0,-6.7967186,0.19959677755832672,0.4829268157482147,0.19365853071212769
YER170W,YAL011W,0,-6.7968283,0.19949622452259064,0.4829268157482147,0.19378048181533813
YDL047W,YKL119C,0,-6.796857,0.1993957757949829,0.4829268157482147,0.19390243291854858
YPR128C,YHL048W,0,-6.7969475,0.19929541647434235,0.4829268157482147,0.19402438402175903
YHR030C,YIL022W,0,-6.7970366,0.19919517636299133,0.4829268157482147,0.19414633512496948
YDL150W,YDR079C-A,0,-6.79746,0.19909502565860748,0.4829268157482147,0.19426828622817993
YFL024C,YGR252W,1,-6.797584,0.19949749112129211,0.4841463267803192,0.19426828622817993
YCR020C,YML095C,0,-6.797612,0.1993972808122635,0.4841463267803192,0.19439023733139038
YDL207W,YLR260W,0,-6.7977676,0.19929718971252441,0.4841463267803192,0.19451218843460083
YPL242C,YBR268W,0,-6.7981386,0.1991971880197525,0.4841463267803192,0.19463413953781128
YMR199W,YKL017C,0,-6.79836,0.19909729063510895,0.4841463267803192,0.19475609064102173
YNL116W,YOR278W,0,-6.798391,0.19899749755859375,0.4841463267803192,0.19487804174423218
YOL064C,YOR219C,0,-6.798887,0.19889779388904572,0.4841463267803192,0.19499999284744263
YDR118W,YHR057C,0,-6.798997,0.19879819452762604,0.4841463267803192,0.19512194395065308
YDL188C,YDR303C,0,-6.7994394,0.19869869947433472,0.4841463267803192,0.19524389505386353
YLL051C,YPL137C,0,-6.801015,0.19859929382801056,0.4841463267803192,0.19536586105823517
YNL103W,YDL047W,0,-6.8017044,0.19850000739097595,0.4841463267803192,0.19548781216144562
YGR038W,YJL210W,0,-6.8018546,0.19840079545974731,0.4841463267803192,0.19560976326465607
YDR358W,YDR468C,0,-6.801882,0.19830170273780823,0.4841463267803192,0.19573171436786652
YIL019W,YER190W,0,-6.8020496,0.1982026994228363,0.4841463267803192,0.19585366547107697
YFR003C,YOR172W,0,-6.802149,0.19810378551483154,0.4841463267803192,0.19597561657428741
YOR147W,YKL218C,0,-6.8026166,0.19800499081611633,0.4841463267803192,0.19609756767749786
YBR243C,YDR093W,0,-6.8027115,0.1979062855243683,0.4841463267803192,0.1962195187807083
YNL078W,YMR047C,0,-6.8027234,0.1978076696395874,0.4841463267803192,0.19634146988391876
YGR040W,YKR090W,0,-6.803411,0.19770915806293488,0.4841463267803192,0.1964634209871292
YMR199W,YHR030C,0,-6.8034353,0.1976107507944107,0.4841463267803192,0.19658537209033966
YFL039C,YGL112C,1,-6.8035145,0.19800995290279388,0.4853658676147461,0.19658537209033966
YOL144W,YOL072W,0,-6.803819,0.19791148602962494,0.4853658676147461,0.1967073231935501
YLR440C,YPL214C,0,-6.8047714,0.19781312346458435,0.4853658676147461,0.19682927429676056
YER017C,YJR042W,0,-6.8047886,0.19771485030651093,0.4853658676147461,0.196951225399971
YPL083C,YDR078C,0,-6.805492,0.19761668145656586,0.4853658676147461,0.19707317650318146
YAL055W,YOR045W,0,-6.805496,0.19751861691474915,0.4853658676147461,0.1971951276063919
YJR052W,YBR130C,0,-6.805506,0.1974206417798996,0.4853658676147461,0.19731707870960236
YCR017C,YOR133W,0,-6.805629,0.1973227560520172,0.4853658676147461,0.1974390298128128
YNL031C,YLR265C,0,-6.8073587,0.19722497463226318,0.4853658676147461,0.19756098091602325
YOL115W,YOR254C,0,-6.8076296,0.1971272975206375,0.4853658676147461,0.1976829320192337
YGL005C,YGR295C,0,-6.807805,0.197029709815979,0.4853658676147461,0.19780488312244415
YAL053W,YMR161W,0,-6.808368,0.19693221151828766,0.4853658676147461,0.1979268342256546
YDR121W,YJR103W,0,-6.8083706,0.19683481752872467,0.4853658676147461,0.19804878532886505
YBL037W,YIL159W,0,-6.8084364,0.19673751294612885,0.4853658676147461,0.1981707364320755
YHR191C,YMR145C,0,-6.8084626,0.19664031267166138,0.4853658676147461,0.19829268753528595
YLR035C,YOR106W,0,-6.808583,0.19654321670532227,0.4853658676147461,0.1984146386384964
YKL139W,YDR031W,0,-6.8092203,0.19644619524478912,0.4853658676147461,0.19853658974170685
YHR118C,YOR353C,0,-6.8092732,0.19634927809238434,0.4853658676147461,0.1986585408449173
YNL331C,YOR351C,0,-6.809454,0.1962524652481079,0.4853658676147461,0.19878049194812775
YIL004C,YER008C,0,-6.8106976,0.19615574181079865,0.4853658676147461,0.1989024430513382
YOL156W,YOR140W,0,-6.811164,0.19605910778045654,0.4853658676147461,0.19902439415454865
YFL039C,YEL066W,1,-6.8112645,0.1964549422264099,0.4865853786468506,0.19902439415454865
YLR071C,YDR486C,0,-6.8116117,0.19635826349258423,0.4865853786468506,0.1991463452577591
YDR118W,YDR377W,0,-6.8122864,0.1962616890668869,0.4865853786468506,0.19926829636096954
YDR288W,YER178W,0,-6.81267,0.19616518914699554,0.4865853786468506,0.19939024746418
YKR055W,YBR077C,0,-6.812743,0.19606879353523254,0.4865853786468506,0.19951219856739044
YNL053W,YER098W,0,-6.8127627,0.1959725022315979,0.4865853786468506,0.1996341496706009
YOR349W,YOL005C,0,-6.813139,0.19587628543376923,0.4865853786468506,0.19975610077381134
YJR150C,YDR311W,0,-6.8132267,0.1957801729440689,0.4865853786468506,0.1998780518770218
YJL060W,YMR225C,0,-6.813567,0.19568416476249695,0.4865853786468506,0.20000000298023224
YDL101C,YDR243C,0,-6.8136196,0.19558823108673096,0.4865853786468506,0.2001219540834427
YOR197W,YKR089C,0,-6.815214,0.19549240171909332,0.4865853786468506,0.20024390518665314
YDR073W,YLR024C,0,-6.8156624,0.19539667665958405,0.4865853786468506,0.2003658562898636
YNL315C,YKL022C,0,-6.815818,0.19530102610588074,0.4865853786468506,0.20048780739307404
YLL002W,YGL066W,1,-6.8162694,0.1956947147846222,0.4878048896789551,0.20048780739307404
YKL139W,YBR207W,0,-6.8162746,0.1955990195274353,0.4878048896789551,0.20060975849628448
YMR180C,YMR112C,0,-6.8163376,0.19550342857837677,0.4878048896789551,0.20073170959949493
YNL326C,YOL003C,1,-6.816725,0.1958964318037033,0.48902440071105957,0.20073170959949493
YDR138W,YBL056W,0,-6.816758,0.19580078125,0.48902440071105957,0.20085366070270538
YGL054C,YKL217W,0,-6.816852,0.19570522010326385,0.48902440071105957,0.20097561180591583
YKR035W-A,YIL150C,0,-6.817344,0.19560976326465607,0.48902440071105957,0.20109756290912628
YOR034C,YFL024C,1,-6.8173485,0.19600194692611694,0.49024391174316406,0.20109756290912628
YIR019C,YDR027C,0,-6.8173537,0.19590643048286438,0.49024391174316406,0.20121951401233673
YPL242C,YPL147W,0,-6.817443,0.19581100344657898,0.49024391174316406,0.20134146511554718
YIL004C,YHR069C,0,-6.817727,0.19571568071842194,0.49024391174316406,0.20146341621875763
YJR005W,YLR215C,0,-6.817732,0.19562043249607086,0.49024391174316406,0.20158536732196808
YFL024C,YEL056W,1,-6.817877,0.19601167738437653,0.49146342277526855,0.20158536732196808
YBR256C,YLR321C,0,-6.817916,0.19591638445854187,0.49146342277526855,0.20170731842517853
YOR141C,YBR045C,0,-6.8179255,0.19582118093967438,0.49146342277526855,0.20182926952838898
YLR144C,YDR217C,0,-6.818009,0.19572608172893524,0.49146342277526855,0.20195122063159943
YMR167W,YPL144W,0,-6.8180647,0.19563107192516327,0.49146342277526855,0.20207317173480988
YNL258C,YER190W,0,-6.8183413,0.19553615152835846,0.49146342277526855,0.20219512283802032
YML077W,YIL013C,0,-6.8184557,0.1954413205385208,0.49146342277526855,0.20231707394123077
YNL073W,YHR117W,0,-6.818665,0.19534657895565033,0.49146342277526855,0.20243902504444122
YGL025C,YER169W,0,-6.818707,0.1952519416809082,0.49146342277526855,0.20256097614765167
YFR037C,YBL102W,0,-6.819031,0.19515737891197205,0.49146342277526855,0.20268292725086212
YDR296W,YGR257C,0,-6.8193216,0.19506292045116425,0.49146342277526855,0.20280487835407257
YDR231C,YOR137C,0,-6.8195915,0.1949685513973236,0.49146342277526855,0.20292682945728302
YNL121C,YML038C,0,-6.820369,0.19487427175045013,0.49146342277526855,0.20304878056049347
YJL121C,YLR024C,0,-6.8205304,0.19478008151054382,0.49146342277526855,0.20317073166370392
YFL049W,YFL038C,0,-6.820657,0.19468599557876587,0.49146342277526855,0.20329268276691437
YGL222C,YOR301W,0,-6.8211584,0.19459198415279388,0.49146342277526855,0.20341463387012482
YBL020W,YPL120W,0,-6.821413,0.19449806213378906,0.49146342277526855,0.20353658497333527
YNL145W,YHR120W,0,-6.8214397,0.1944042444229126,0.49146342277526855,0.20365853607654572
YFL057C,YOL082W,0,-6.8221083,0.1943105161190033,0.49146342277526855,0.20378048717975616
YJL115W,YGR002C,1,-6.8224654,0.19469879567623138,0.49268293380737305,0.20378048717975616
YNL271C,YJL117W,0,-6.822658,0.1946050077676773,0.49268293380737305,0.2039024382829666
YAL005C,YEL006W,0,-6.822731,0.1945113092660904,0.49268293380737305,0.20402438938617706
YPL193W,YDR289C,0,-6.822772,0.19441771507263184,0.49268293380737305,0.2041463404893875
YNR020C,YLR337C,0,-6.822955,0.19432419538497925,0.49268293380737305,0.20426829159259796
YOR039W,YMR211W,0,-6.8229856,0.19423076510429382,0.49268293380737305,0.2043902426958084
YER105C,YKL193C,0,-6.823063,0.19413743913173676,0.49268293380737305,0.20451219379901886
YHR132C,YLR275W,0,-6.8231106,0.19404418766498566,0.49268293380737305,0.2046341449022293
YFR040W,YKL175W,0,-6.823805,0.19395102560520172,0.49268293380737305,0.20475609600543976
YOL008W,YPR118W,0,-6.8240285,0.19385796785354614,0.49268293380737305,0.2048780471086502
YOL076W,YGR002C,1,-6.824863,0.1942446082830429,0.49390244483947754,0.2048780471086502
YIR004W,YIR011C,0,-6.8250246,0.19415149092674255,0.49390244483947754,0.20499999821186066
YCL029C,YMR101C,0,-6.825276,0.19405846297740936,0.49390244483947754,0.2051219493150711
YDR140W,YMR214W,0,-6.825416,0.19396552443504333,0.49390244483947754,0.20524390041828156
YDR176W,YDR167W,1,-6.825447,0.19435136020183563,0.49512195587158203,0.20524390041828156
YPR179C,YBR186W,0,-6.825764,0.19425837695598602,0.49512195587158203,0.205365851521492
YCR093W,YGR211W,0,-6.825794,0.19416546821594238,0.49512195587158203,0.20548780262470245
YOR259C,YIL084C,0,-6.8260713,0.1940726637840271,0.49512195587158203,0.2056097537279129
YLR368W,YER104W,0,-6.8261013,0.19397993385791779,0.49512195587158203,0.20573170483112335
YEL027W,YDR113C,0,-6.8261523,0.19388729333877563,0.49512195587158203,0.2058536559343338
YNL039W,YGL257C,0,-6.826315,0.19379474222660065,0.49512195587158203,0.20597560703754425
YDR016C,YML069W,0,-6.826887,0.19370229542255402,0.49512195587158203,0.2060975581407547
YNL136W,YDL040C,1,-6.8269963,0.19408679008483887,0.4963414669036865,0.2060975581407547
YEL053C,YNL326C,1,-6.8273697,0.19447092711925507,0.497560977935791,0.2060975581407547
YMR076C,YBL103C,0,-6.82755,0.19437827169895172,0.497560977935791,0.20621950924396515
YLR246W,YDL040C,1,-6.8282948,0.19476190209388733,0.4987804889678955,0.20621950924396515
YLR110C,YGR135W,0,-6.8283014,0.1946692019701004,0.4987804889678955,0.2063414603471756
YDR236C,YLR376C,0,-6.8284187,0.19457659125328064,0.4987804889678955,0.20646341145038605
YJL041W,YOR179C,0,-6.82848,0.19448406994342804,0.4987804889678955,0.2065853625535965
YNL238W,YER112W,0,-6.828537,0.1943916380405426,0.4987804889678955,0.20670731365680695
YBR207W,YIR033W,0,-6.828662,0.19429928064346313,0.4987804889678955,0.2068292647600174
YGL023C,YLR004C,0,-6.8288717,0.19420702755451202,0.4987804889678955,0.20695121586322784
YAL031C,YKL170W,0,-6.8293343,0.19411484897136688,0.4987804889678955,0.2070731669664383
YOR034C,YIL009W,1,-6.830285,0.19449715316295624,0.5,0.2070731669664383
YGL155W,YCR060W,0,-6.830507,0.19440492987632751,0.5,0.20719511806964874
YDR163W,YLR105C,0,-6.8308754,0.19431279599666595,0.5,0.2073170691728592
YLR256W,YDR005C,0,-6.831177,0.19422075152397156,0.5,0.20743902027606964
YJL134W,YNL304W,0,-6.8317466,0.19412878155708313,0.5,0.2075609713792801
YKL149C,YNL030W,0,-6.832206,0.19403691589832306,0.5,0.20768292248249054
YAL042W,YDR310C,0,-6.8323917,0.19394512474536896,0.5,0.207804873585701
YBR177C,YDR205W,0,-6.8323984,0.19385342299938202,0.5,0.20792682468891144
YGR230W,YMR138W,0,-6.833057,0.19376181066036224,0.5,0.2080487757921219
YDR188W,YPL047W,0,-6.8331213,0.19367028772830963,0.5,0.20817072689533234
YMR004W,YOR307C,0,-6.833257,0.19357885420322418,0.5,0.20829267799854279
YOR026W,YOR084W,0,-6.83358,0.1934874951839447,0.5,0.20841462910175323
YDR318W,YKL129C,0,-6.835008,0.19339622557163239,0.5,0.20853658020496368
YJL115W,YOL110W,1,-6.8351126,0.19377651810646057,0.5012195110321045,0.20853658020496368
YPR176C,YBR023C,0,-6.835141,0.19368520379066467,0.5012195110321045,0.20865853130817413
YMR280C,YEL017C-A,0,-6.8351445,0.19359396398067474,0.5012195110321045,0.20878048241138458
YCL018W,YPL026C,0,-6.8351765,0.19350282847881317,0.5012195110321045,0.20890243351459503
YML077W,YLR451W,0,-6.835248,0.19341176748275757,0.5012195110321045,0.20902438461780548
YOR236W,YKL160W,0,-6.835301,0.19332079589366913,0.5012195110321045,0.20914633572101593
YOR005C,YGR271W,0,-6.8359795,0.19322989881038666,0.5012195110321045,0.20926828682422638
YDR176W,YOL110W,1,-6.8361096,0.19360902905464172,0.502439022064209,0.20926828682422638
YNL185C,YNL229C,0,-6.8365555,0.19351808726787567,0.502439022064209,0.20939023792743683
YBL074C,YGR104C,0,-6.83657,0.19342723488807678,0.502439022064209,0.20951218903064728
YOL127W,YER190W,0,-6.8368177,0.19333645701408386,0.502439022064209,0.20963414013385773
YDR363W,YNL072W,0,-6.837211,0.1932457834482193,0.502439022064209,0.20975609123706818
YFL039C,YDR264C,1,-6.8372364,0.19362400472164154,0.5036585330963135,0.20975609123706818
YCR008W,YKL081W,0,-6.8374033,0.1935332715511322,0.5036585330963135,0.20987804234027863
YDL040C,YNL326C,1,-6.837514,0.19391100108623505,0.504878044128418,0.20987804234027863
YGR036C,YFL001W,0,-6.837571,0.19382022321224213,0.504878044128418,0.20999999344348907
YDR264C,YEL066W,1,-6.8377304,0.19419747591018677,0.5060975551605225,0.20999999344348907
YMR006C,YNL263C,0,-6.837737,0.19410663843154907,0.5060975551605225,0.21012194454669952
YLR025W,YPL029W,0,-6.8377657,0.19401589035987854,0.5060975551605225,0.21024389564990997
YHR013C,YEL053C,1,-6.8378234,0.19439251720905304,0.507317066192627,0.21024389564990997
YMR198W,YDR503C,0,-6.8378625,0.19430172443389893,0.507317066192627,0.21036584675312042
YER124C,YNL268W,0,-6.838117,0.19421102106571198,0.507317066192627,0.21048779785633087
YDL067C,YGR258C,0,-6.838206,0.194120392203331,0.507317066192627,0.21060974895954132
YNL139C,YIL138C,0,-6.838545,0.19402985274791718,0.507317066192627,0.21073170006275177
YNL245C,YPR103W,0,-6.8386683,0.19393938779830933,0.507317066192627,0.21085365116596222
YPR128C,YPL173W,0,-6.838971,0.19384902715682983,0.507317066192627,0.21097561717033386
YLR329W,YMR247C,0,-6.838999,0.19375872611999512,0.507317066192627,0.2110975682735443
YBR039W,YKL005C,0,-6.8390045,0.19366852939128876,0.507317066192627,0.21121951937675476
YOL012C,YOL117W,0,-6.839015,0.19357840716838837,0.507317066192627,0.2113414704799652
YLR246W,YOL110W,1,-6.839132,0.1939534842967987,0.5085365772247314,0.2113414704799652
YKL101W,YGL236C,0,-6.839176,0.19386331737041473,0.5085365772247314,0.21146342158317566
YNL051W,YDR363W,0,-6.839741,0.19377323985099792,0.5085365772247314,0.2115853726863861
YJR084W,YGL142C,0,-6.839957,0.19368323683738708,0.5085365772247314,0.21170732378959656
YOR025W,YDL092W,0,-6.8401313,0.19359330832958221,0.5085365772247314,0.211829274892807
YHR146W,YPL188W,0,-6.840475,0.1935034841299057,0.5085365772247314,0.21195122599601746
YOR244W,YOL076W,1,-6.8406553,0.19387754797935486,0.5097560882568359,0.21195122599601746
YJR094C,YDL076C,0,-6.8406935,0.19378766417503357,0.5097560882568359,0.2120731770992279
YEL061C,YBR001C,0,-6.8407497,0.19369786977767944,0.5097560882568359,0.21219512820243835
YPL137C,YER133W,0,-6.8416386,0.1936081498861313,0.5097560882568359,0.2123170793056488
YER167W,YNL236W,0,-6.841729,0.1935185194015503,0.5097560882568359,0.21243903040885925
YBR065C,YIL005W,0,-6.8424473,0.19342896342277527,0.5097560882568359,0.2125609815120697
YKR067W,YJL156C,0,-6.842548,0.1933394968509674,0.5097560882568359,0.21268293261528015
YHR211W,YLR023C,0,-6.8428626,0.1932501196861267,0.5097560882568359,0.2128048837184906
YJR057W,YGL183C,0,-6.84291,0.19316081702709198,0.5097560882568359,0.21292683482170105
YNL326C,YGL112C,1,-6.843343,0.19353348016738892,0.5109755992889404,0.21292683482170105
YFL039C,YGL066W,1,-6.8435907,0.1939058154821396,0.5121951103210449,0.21292683482170105
YNL103W,YNR006W,0,-6.843745,0.19381633400917053,0.5121951103210449,0.2130487859249115
YDL188C,YLR360W,0,-6.8439984,0.19372694194316864,0.5121951103210449,0.21317073702812195
YDR384C,YBR222C,0,-6.844274,0.19363762438297272,0.5121951103210449,0.2132926881313324
YNR007C,YKR067W,0,-6.844343,0.19354838132858276,0.5121951103210449,0.21341463923454285
YFL039C,YMR236W,1,-6.844688,0.1939198523759842,0.5134146213531494,0.21341463923454285
YIL140W,YPL033C,0,-6.84474,0.19383056461811066,0.5134146213531494,0.2135365903377533
YLR155C,YJL156C,0,-6.844903,0.19374136626720428,0.5134146213531494,0.21365854144096375
YJL115W,YBR198C,1,-6.8450503,0.19411224126815796,0.5146341323852539,0.21365854144096375
YBR256C,YNL241C,0,-6.845084,0.1940229833126068,0.5146341323852539,0.2137804925441742
YOR037W,YIL085C,0,-6.8452864,0.19393382966518402,0.5146341323852539,0.21390244364738464
YOL003C,YGR002C,1,-6.8453197,0.19430409371852875,0.5158536434173584,0.21390244364738464
YOR244W,YMR236W,1,-6.846469,0.19467401504516602,0.5170731544494629,0.21390244364738464
YDL168W,YKR089C,0,-6.8465757,0.1945846676826477,0.5170731544494629,0.2140243947505951
YDR081C,YJR102C,0,-6.8469844,0.19449540972709656,0.5170731544494629,0.21414634585380554
YDR264C,YPL001W,1,-6.8471556,0.19486473500728607,0.5182926654815674,0.21414634585380554
YIR015W,YER019C-A,0,-6.847436,0.19477543234825134,0.5182926654815674,0.214268296957016
YGL021W,YCR018C,0,-6.848099,0.19468620419502258,0.5182926654815674,0.21439024806022644
YDR512C,YOR038C,0,-6.8482847,0.194597065448761,0.5182926654815674,0.2145121991634369
YNR006W,YDL010W,0,-6.8485184,0.19450801610946655,0.5182926654815674,0.21463415026664734
YJL101C,YCR073W-A,0,-6.8485394,0.1944190263748169,0.5182926654815674,0.2147561013698578
YOL095C,YDR334W,0,-6.8486023,0.1943301260471344,0.5182926654815674,0.21487805247306824
YDR040C,YLR368W,0,-6.8492255,0.19424131512641907,0.5182926654815674,0.2150000035762787
YPR108W,YBR216C,0,-6.84945,0.1941525787115097,0.5182926654815674,0.21512195467948914
YLR153C,YOL148C,1,-6.849512,0.19452054798603058,0.5195121765136719,0.21512195467948914
YBR171W,YMR149W,0,-6.849537,0.19443176686763763,0.5195121765136719,0.21524390578269958
YJL058C,YMR285C,0,-6.8503027,0.19434306025505066,0.5195121765136719,0.21536585688591003
YER119C,YIL049W,0,-6.85048,0.19425444304943085,0.5195121765136719,0.21548780798912048
YLR308W,YJR094C,0,-6.850571,0.194165900349617,0.5195121765136719,0.21560975909233093
YDR110W,YDR302W,0,-6.850763,0.19407744705677032,0.5195121765136719,0.21573171019554138
YJR161C,YER019C-A,0,-6.8512926,0.19398906826972961,0.5195121765136719,0.21585366129875183
YDR251W,YEL013W,0,-6.8514357,0.19390077888965607,0.5195121765136719,0.21597561240196228
YER107C,YGL125W,0,-6.852019,0.1938125640153885,0.5195121765136719,0.21609756350517273
YFR009W,YNL097C,0,-6.85219,0.19372442364692688,0.5195121765136719,0.21621951460838318
YJL081C,YEL066W,1,-6.85295,0.19409090280532837,0.5207316875457764,0.21621951460838318
YJR144W,YGR038W,0,-6.852986,0.19400273263454437,0.5207316875457764,0.21634146571159363
YNR015W,YBL088C,0,-6.8530884,0.19391462206840515,0.5207316875457764,0.21646341681480408
YBL080C,YDR473C,0,-6.8531427,0.1938266009092331,0.5207316875457764,0.21658536791801453
YMR312W,YIR009W,0,-6.8531613,0.193738654255867,0.5207316875457764,0.21670731902122498
YDL013W,YOR311C,0,-6.8537045,0.19365079700946808,0.5207316875457764,0.21682927012443542
YKL017C,YGL232W,0,-6.8537283,0.19356301426887512,0.5207316875457764,0.21695122122764587
YMR094W,YJR126C,0,-6.8539305,0.19347530603408813,0.5207316875457764,0.21707317233085632
YCR039C,YMR080C,0,-6.8541765,0.1933876872062683,0.5207316875457764,0.21719512343406677
YOR257W,YKR081C,0,-6.8544455,0.19330014288425446,0.5207316875457764,0.21731707453727722
YNL177C,YDR472W,0,-6.854787,0.19321267306804657,0.5207316875457764,0.21743902564048767
YJL030W,YPL159C,0,-6.8551726,0.19312527775764465,0.5207316875457764,0.21756097674369812
YKL206C,YGL247W,0,-6.856063,0.1930379718542099,0.5207316875457764,0.21768292784690857
YGR041W,YPL060W,0,-6.8560877,0.19295074045658112,0.5207316875457764,0.21780487895011902
YML113W,YGR024C,0,-6.8563514,0.1928635984659195,0.5207316875457764,0.21792683005332947
YPL065W,YBR216C,0,-6.856476,0.19277653098106384,0.5207316875457764,0.21804878115653992
YJR006W,YKL025C,0,-6.8565216,0.19268953800201416,0.5207316875457764,0.21817073225975037
YKL074C,YOR261C,0,-6.8569293,0.19260261952877045,0.5207316875457764,0.21829268336296082
YDR078C,YOR110W,0,-6.8571386,0.1925157755613327,0.5207316875457764,0.21841463446617126
YBL091C,YGR231C,0,-6.8572493,0.19242902100086212,0.5207316875457764,0.2185365855693817
YDL126C,YFL044C,0,-6.8582177,0.1923423409461975,0.5207316875457764,0.21865853667259216
YNL161W,YJL002C,0,-6.858222,0.19225573539733887,0.5207316875457764,0.2187804877758026
YFR021W,YKL152C,0,-6.8584366,0.1921692192554474,0.5207316875457764,0.21890243887901306
YPL060W,YJL187C,0,-6.8589625,0.19208277761936188,0.5207316875457764,0.2190243899822235
YMR092C,YDR235W,0,-6.8599834,0.19199639558792114,0.5207316875457764,0.21914634108543396
YKR034W,YBR103W,0,-6.8605275,0.19191011786460876,0.5207316875457764,0.2192682921886444
YJR155W,YDR137W,0,-6.860602,0.19182389974594116,0.5207316875457764,0.21939024329185486
YLR106C,YBR098W,0,-6.8606377,0.19173777103424072,0.5207316875457764,0.2195121943950653
YLR004C,YPL207W,0,-6.8606453,0.19165170192718506,0.5207316875457764,0.21963414549827576
YKL194C,YLR154C,0,-6.86106,0.19156572222709656,0.5207316875457764,0.2197560966014862
YAL054C,YJL081C,1,-6.86129,0.19192825257778168,0.5219511985778809,0.2197560966014862
YBL016W,YNL097C,0,-6.861831,0.1918422281742096,0.5219511985778809,0.21987804770469666
YKL053C-A,YPL179W,0,-6.8625727,0.19175627827644348,0.5219511985778809,0.2199999988079071
YLR246W,YPR193C,1,-6.863145,0.19211822748184204,0.5231707096099854,0.2199999988079071
YPR037C,YFR051C,0,-6.8631463,0.19203223288059235,0.5231707096099854,0.22012194991111755
YOL011W,YJL045W,0,-6.863183,0.19194631278514862,0.5231707096099854,0.220243901014328
YML011C,YCR073W-A,0,-6.8635116,0.19186046719551086,0.5231707096099854,0.22036585211753845
YIL149C,YMR156C,0,-6.8638225,0.19177469611167908,0.5231707096099854,0.2204878032207489
YDR243C,YOR132W,0,-6.8639126,0.19168901443481445,0.5231707096099854,0.22060975432395935
YDR254W,YOL055C,0,-6.8645687,0.1916033923625946,0.5231707096099854,0.2207317054271698
YJR001W,YKR089C,0,-6.8649054,0.19151785969734192,0.5231707096099854,0.22085365653038025
YJR121W,YML098W,0,-6.8650293,0.1914324015378952,0.5231707096099854,0.2209756076335907
YGR132C,YLR376C,0,-6.866377,0.19134701788425446,0.5231707096099854,0.22109755873680115
YGR167W,YDR129C,0,-6.8667517,0.19126170873641968,0.5231707096099854,0.2212195098400116
YDR478W,YDR472W,0,-6.867201,0.19117647409439087,0.5231707096099854,0.22134146094322205
YOR244W,YGL112C,1,-6.8672194,0.19153675436973572,0.5243902206420898,0.22134146094322205
YCL061C,YGR086C,0,-6.8677006,0.19145147502422333,0.5243902206420898,0.2214634120464325
YLR078C,YPL128C,0,-6.8678164,0.1913662701845169,0.5243902206420898,0.22158536314964294
YLR068W,YOR073W,0,-6.8684077,0.19128113985061646,0.5243902206420898,0.2217073142528534
YPR138C,YGR038W,0,-6.868763,0.19119608402252197,0.5243902206420898,0.22182926535606384
YLL062C,YGL129C,0,-6.8687897,0.19111111760139465,0.5243902206420898,0.2219512164592743
YGR191W,YMR071C,0,-6.8689823,0.1910262107849121,0.5243902206420898,0.22207316756248474
YLL010C,YDR003W,0,-6.8690367,0.19094137847423553,0.5243902206420898,0.2221951186656952
YFR037C,YNL121C,0,-6.8695917,0.19085663557052612,0.5243902206420898,0.22231706976890564
YML099C,YCR027C,0,-6.870166,0.19077196717262268,0.5243902206420898,0.2224390208721161
YOR197W,YGL212W,0,-6.870181,0.190687358379364,0.5243902206420898,0.22256097197532654
YKL064W,YJR051W,0,-6.870198,0.1906028389930725,0.5243902206420898,0.222682923078537
YDR217C,YDR388W,0,-6.8702765,0.19051839411258698,0.5243902206420898,0.22280487418174744
YHR013C,YGL066W,1,-6.870535,0.19087688624858856,0.5256097316741943,0.22280487418174744
YLR421C,YLR010C,0,-6.8706064,0.19079238176345825,0.5256097316741943,0.22292682528495789
YKL205W,YDR473C,0,-6.8709083,0.1907079666852951,0.5256097316741943,0.22304877638816833
YDR329C,YBR005W,0,-6.870948,0.19062361121177673,0.5256097316741943,0.22317072749137878
YLR207W,YDR409W,0,-6.87101,0.19053934514522552,0.5256097316741943,0.22329267859458923
YMR052W,YKL074C,0,-6.871291,0.19045515358448029,0.5256097316741943,0.22341462969779968
YGL061C,YDR434W,0,-6.871704,0.19037102162837982,0.5256097316741943,0.22353658080101013
YER019W,YNL083W,0,-6.871848,0.19028697907924652,0.5256097316741943,0.22365853190422058
YJL115W,YNL136W,1,-6.8725657,0.190644308924675,0.5268292427062988,0.22365853190422058
YGL125W,YOR106W,0,-6.8728323,0.1905602067708969,0.5268292427062988,0.22378048300743103
YCR069W,YHR034C,0,-6.8732986,0.190476194024086,0.5268292427062988,0.22390243411064148
YML059C,YNL186W,0,-6.8733425,0.19039224088191986,0.5268292427062988,0.22402438521385193
YHR187W,YKL119C,0,-6.8733697,0.1903083771467209,0.5268292427062988,0.22414633631706238
YBR207W,YPR138C,0,-6.8736153,0.1902245730161667,0.5268292427062988,0.22426828742027283
YIL044C,YPL037C,0,-6.873646,0.19014084339141846,0.5268292427062988,0.22439023852348328
YJR158W,YGR215W,0,-6.873741,0.1900571882724762,0.5268292427062988,0.22451218962669373
YHR183W,YGR276C,0,-6.8737836,0.1899736076593399,0.5268292427062988,0.22463414072990417
YCR088W,YEL036C,0,-6.874011,0.18989011645317078,0.5268292427062988,0.22475609183311462
YJR065C,YOL030W,0,-6.8741965,0.18980668485164642,0.5268292427062988,0.22487804293632507
YPL096C-A,YOL100W,0,-6.8744645,0.18972331285476685,0.5268292427062988,0.22499999403953552
YDL111C,YJL056C,0,-6.875354,0.18964003026485443,0.5268292427062988,0.22512194514274597
YIL037C,YGL095C,0,-6.875719,0.18955682218074799,0.5268292427062988,0.22524389624595642
YNL326C,YOL110W,1,-6.876132,0.18991227447986603,0.5280487537384033,0.22524389624595642
YAL053W,YNL102W,0,-6.87616,0.189829021692276,0.5280487537384033,0.22536584734916687
YMR276W,YOR137C,0,-6.8767905,0.18974584341049194,0.5280487537384033,0.22548779845237732
YOR221C,YGL209W,0,-6.8776712,0.18966272473335266,0.5280487537384033,0.22560974955558777
YPL281C,YIR011C,0,-6.877966,0.18957968056201935,0.5280487537384033,0.22573170065879822
YGR091W,YPL074W,0,-6.8781343,0.189496710896492,0.5280487537384033,0.22585365176200867
YGR174C,YML031W,0,-6.8784776,0.18941383063793182,0.5280487537384033,0.22597560286521912
YLR088W,YFL013C,0,-6.879291,0.18933099508285522,0.5280487537384033,0.22609755396842957
YIL121W,YLR329W,0,-6.8793855,0.1892482489347458,0.5280487537384033,0.22621950507164001
YJL166W,YGL095C,0,-6.879763,0.18916557729244232,0.5280487537384033,0.22634145617485046
YCL039W,YKL197C,0,-6.8797917,0.18908296525478363,0.5280487537384033,0.2264634072780609
YJL115W,YPR051W,1,-6.8798637,0.1894369274377823,0.5292682647705078,0.2264634072780609
YER088C,YDL188C,0,-6.8800516,0.18935427069664001,0.5292682647705078,0.22658537328243256
YOL088C,YOR217W,0,-6.880207,0.1892717033624649,0.5292682647705078,0.226707324385643
YBR243C,YLR417W,0,-6.880209,0.18918919563293457,0.5292682647705078,0.22682927548885345
YBL033C,YIL061C,0,-6.8807273,0.189106747508049,0.5292682647705078,0.2269512265920639
YHR056C,YDR545W,0,-6.880837,0.18902438879013062,0.5292682647705078,0.22707317769527435
YMR246W,YDL040C,1,-6.8812037,0.18937744200229645,0.5304877758026123,0.22707317769527435
YCL016C,YOR043W,0,-6.881216,0.18929503858089447,0.5304877758026123,0.2271951287984848
YPR186C,YIL173W,0,-6.881264,0.18921269476413727,0.5304877758026123,0.22731707990169525
YGL116W,YDR041W,0,-6.8814187,0.18913044035434723,0.5304877758026123,0.2274390310049057
YGR165W,YMR293C,0,-6.8816137,0.18904824554920197,0.5304877758026123,0.22756098210811615
YIL044C,YBR088C,0,-6.8818893,0.18896611034870148,0.5304877758026123,0.2276829332113266
YER015W,YOL003C,1,-6.881952,0.18931828439235687,0.5317073464393616,0.2276829332113266
YLR237W,YML005W,0,-6.8820314,0.1892361044883728,0.5317073464393616,0.22780488431453705
YLR103C,YOL095C,0,-6.882187,0.1891540139913559,0.5317073464393616,0.2279268354177475
YOR278W,YKR001C,0,-6.882498,0.18907198309898376,0.5317073464393616,0.22804878652095795
YOR243C,YOL055C,0,-6.883032,0.1889900267124176,0.5317073464393616,0.2281707376241684
YJL005W,YJL123C,0,-6.883311,0.1889081448316574,0.5317073464393616,0.22829268872737885
YDL243C,YOR346W,0,-6.8834944,0.18882633745670319,0.5317073464393616,0.2284146398305893
YCR088W,YMR281W,0,-6.8837395,0.18874458968639374,0.5317073464393616,0.22853659093379974
YDL212W,YJR010C-A,0,-6.883825,0.18866291642189026,0.5317073464393616,0.2286585420370102
YLR337C,YDR349C,0,-6.8843317,0.18858131766319275,0.5317073464393616,0.22878049314022064
YMR256C,YJL036W,0,-6.884349,0.18849977850914001,0.5317073464393616,0.2289024442434311
YAL021C,YIL061C,0,-6.8844395,0.18841832876205444,0.5317073464393616,0.22902439534664154
YBR198C,YOR064C,1,-6.8847637,0.1887688934803009,0.5329268574714661,0.22902439534664154
YJL208C,YLR032W,0,-6.885067,0.18868739902973175,0.5329268574714661,0.229146346449852
YOL110W,YGR002C,1,-6.885289,0.18903754651546478,0.5341463685035706,0.229146346449852
YDR004W,YCR018C,0,-6.885378,0.18895599246025085,0.5341463685035706,0.22926829755306244
YOL030W,YBL063W,0,-6.8854837,0.1888745129108429,0.5341463685035706,0.2293902486562729
YLR010C,YOL109W,0,-6.8856316,0.1887931078672409,0.5341463685035706,0.22951219975948334
YPR193C,YOL003C,1,-6.8856354,0.1891426146030426,0.535365879535675,0.22951219975948334
YOR301W,YKL095W,0,-6.885936,0.18906114995479584,0.535365879535675,0.2296341508626938
YOL156W,YDR466W,0,-6.885961,0.18897977471351624,0.535365879535675,0.22975610196590424
YOR026W,YNR041C,0,-6.8865376,0.18889844417572021,0.535365879535675,0.22987805306911469
YGR154C,YHR008C,0,-6.886601,0.18881720304489136,0.535365879535675,0.23000000417232513
YBR298C,YPL033C,0,-6.886729,0.18873602151870728,0.535365879535675,0.23012195527553558
YNL084C,YOR396W,0,-6.8867917,0.18865491449832916,0.535365879535675,0.23024390637874603
YIL084C,YOR035C,0,-6.8868327,0.18857388198375702,0.535365879535675,0.23036585748195648
YHR013C,YJL115W,1,-6.886939,0.18892228603363037,0.5365853905677795,0.23036585748195648
YMR047C,YHL027W,0,-6.8873878,0.18884120881557465,0.5365853905677795,0.23048780858516693
YDR434W,YLR181C,0,-6.887455,0.1887601912021637,0.5365853905677795,0.23060975968837738
YJL081C,YOR064C,1,-6.8874946,0.18910805881023407,0.537804901599884,0.23060975968837738
YLL015W,YNL099C,0,-6.887613,0.18902699649333954,0.537804901599884,0.23073171079158783
YGR075C,YAR008W,0,-6.8878756,0.18894600868225098,0.537804901599884,0.23085366189479828
YNR041C,YDL049C,0,-6.8878784,0.18886509537696838,0.537804901599884,0.23097561299800873
YOR034C,YMR236W,1,-6.888468,0.18921232223510742,0.5390244126319885,0.23097561299800873
YLR086W,YAR003W,0,-6.888589,0.18913136422634125,0.5390244126319885,0.23109756410121918
YER019W,YEL050C,0,-6.888627,0.18905046582221985,0.5390244126319885,0.23121951520442963
YJL052W,YLL028W,0,-6.8886595,0.18896964192390442,0.5390244126319885,0.23134146630764008
YEL027W,YIL120W,0,-6.8888483,0.18888889253139496,0.5390244126319885,0.23146341741085052
YER176W,YNR006W,0,-6.888928,0.18880820274353027,0.5390244126319885,0.23158536851406097
YBR149W,YPR072W,0,-6.8898144,0.18872758746147156,0.5390244126319885,0.23170731961727142
YBR298C,YOR351C,0,-6.8904734,0.18864703178405762,0.5390244126319885,0.23182927072048187
YIL043C,YGR062C,0,-6.8910713,0.18856655061244965,0.5390244126319885,0.23195122182369232
YBL058W,YEL006W,0,-6.892114,0.18848614394664764,0.5390244126319885,0.23207317292690277
YHR013C,YDR392W,1,-6.8921776,0.18883205950260162,0.540243923664093,0.23207317292690277
YMR020W,YPR188C,0,-6.8922276,0.18875159323215485,0.540243923664093,0.23219512403011322
YNL129W,YDR075W,0,-6.8925524,0.18867121636867523,0.540243923664093,0.23231707513332367
YLL009C,YAR007C,0,-6.8926,0.1885908842086792,0.540243923664093,0.23243902623653412
YDR118W,YDL134C,0,-6.892976,0.18851064145565033,0.540243923664093,0.23256097733974457
YKL160W,YGL225W,0,-6.8937125,0.18843045830726624,0.540243923664093,0.23268292844295502
YDL042C,YER029C,0,-6.8940024,0.18835033476352692,0.540243923664093,0.23280487954616547
YCR082W,YLR457C,0,-6.894309,0.18827030062675476,0.540243923664093,0.23292683064937592
YOR034C,YNL136W,1,-6.894468,0.1886151283979416,0.5414634346961975,0.23292683064937592
YPR164W,YCL057W,0,-6.894496,0.18853503465652466,0.5414634346961975,0.23304878175258636
YGL190C,YCR069W,0,-6.8954954,0.1884550154209137,0.5414634346961975,0.23317073285579681
YLR246W,YOL148C,1,-6.8956614,0.18879932165145874,0.542682945728302,0.23317073285579681
YIL009W,YGR252W,1,-6.895664,0.1891433447599411,0.5439024567604065,0.23317073285579681
YKL013C,YEL032W,0,-6.8959,0.189063161611557,0.5439024567604065,0.23329268395900726
YJL210W,YER180C-A,0,-6.8959446,0.18898305296897888,0.5439024567604065,0.2334146350622177
YGR061C,YNL201C,0,-6.8959975,0.18890300393104553,0.5439024567604065,0.23353658616542816
YOL003C,YGL066W,1,-6.8964653,0.18924640119075775,0.545121967792511,0.23353658616542816
YDR331W,YDR164C,0,-6.8966374,0.18916630744934082,0.545121967792511,0.2336585372686386
YCR028C-A,YOL034W,0,-6.896739,0.18908628821372986,0.545121967792511,0.23378048837184906
YIL040W,YIL036W,0,-6.896753,0.18900634348392487,0.545121967792511,0.2339024394750595
YNR044W,YER022W,0,-6.8969,0.18892645835876465,0.545121967792511,0.23402439057826996
YBL032W,YIL150C,0,-6.896915,0.1888466477394104,0.545121967792511,0.2341463416814804
YOR092W,YDR532C,0,-6.8971443,0.18876689672470093,0.545121967792511,0.23426829278469086
YPL249C,YBL034C,0,-6.897176,0.18868720531463623,0.545121967792511,0.2343902438879013
YMR228W,YHR201C,0,-6.897238,0.1886075884103775,0.545121967792511,0.23451219499111176
YGR075C,YOL143C,0,-6.897327,0.18852804601192474,0.545121967792511,0.2346341460943222
YLR153C,YOL003C,1,-6.897473,0.1888701468706131,0.5463414788246155,0.2346341460943222
YLR013W,YMR039C,0,-6.897564,0.18879055976867676,0.5463414788246155,0.23475609719753265
YBR133C,YDR031W,0,-6.8980227,0.1887110322713852,0.5463414788246155,0.2348780483007431
YLL050C,YMR004W,0,-6.898047,0.1886315792798996,0.5463414788246155,0.23499999940395355
YNR035C,YMR233W,0,-6.8985834,0.18855218589305878,0.5463414788246155,0.235121950507164
YLR105C,YOR219C,0,-6.8985863,0.18847286701202393,0.5463414788246155,0.23524390161037445
YJL115W,YPR193C,1,-6.898881,0.18881413340568542,0.54756098985672,0.23524390161037445
YJL096W,YGR075C,0,-6.8989763,0.188734769821167,0.54756098985672,0.2353658527135849
YHR204W,YNL272C,0,-6.899179,0.18865546584129333,0.54756098985672,0.23548780381679535
YMR202W,YNL317W,0,-6.899244,0.18857622146606445,0.54756098985672,0.2356097549200058
YNL270C,YDR439W,0,-6.8994846,0.18849706649780273,0.54756098985672,0.23573170602321625
YOL007C,YGL092W,0,-6.899604,0.1884179562330246,0.54756098985672,0.2358536571264267
YLR394W,YJR101W,0,-6.9001274,0.18833892047405243,0.54756098985672,0.23597560822963715
YML081C-A,YNL130C,0,-6.9002132,0.18825995922088623,0.54756098985672,0.2360975593328476
YGL206C,YHL020C,0,-6.9002194,0.1881810575723648,0.54756098985672,0.23621951043605804
YNL331C,YFL036W,0,-6.900466,0.18810221552848816,0.54756098985672,0.2363414615392685
YFL056C,YDR229W,0,-6.901117,0.18802344799041748,0.54756098985672,0.23646341264247894
YLR266C,YDR501W,0,-6.901359,0.18794474005699158,0.54756098985672,0.2365853637456894
YGL243W,YGL104C,0,-6.9016714,0.18786610662937164,0.54756098985672,0.23670731484889984
YJL092W,YHR150W,0,-6.9017544,0.18778753280639648,0.54756098985672,0.2368292659521103
YML110C,YDL171C,0,-6.901829,0.1877090334892273,0.54756098985672,0.23695121705532074
YPR201W,YDR229W,0,-6.901982,0.18763059377670288,0.54756098985672,0.2370731681585312
YJR060W,YGR010W,0,-6.902374,0.18755221366882324,0.54756098985672,0.23719511926174164
YGR041W,YOR301W,0,-6.902705,0.18747390806674957,0.54756098985672,0.2373170703649521
YNL020C,YDR457W,0,-6.9027576,0.18739566206932068,0.54756098985672,0.23743902146816254
YOR236W,YBR019C,0,-6.902851,0.18731747567653656,0.54756098985672,0.23756097257137299
YCR011C,YDL224C,0,-6.903142,0.1872393637895584,0.54756098985672,0.23768292367458344
YFL044C,YNL131W,0,-6.903283,0.18716131150722504,0.54756098985672,0.23780487477779388
YHR146W,YER014W,0,-6.9034,0.18708333373069763,0.54756098985672,0.23792682588100433
YER017C,YBR132C,0,-6.903602,0.187005415558815,0.54756098985672,0.23804877698421478
YJL115W,YPL001W,1,-6.903759,0.18734388053417206,0.5487805008888245,0.23804877698421478
YDL095W,YOL127W,0,-6.90376,0.18726591765880585,0.5487805008888245,0.23817072808742523
YBL032W,YGR206W,0,-6.9038744,0.1871880143880844,0.5487805008888245,0.23829267919063568
YAL029C,YGR005C,0,-6.9040995,0.18711018562316895,0.5487805008888245,0.23841463029384613
YOR034C,YPR131C,1,-6.904416,0.18744803965091705,0.550000011920929,0.23841463029384613
YIL155C,YGL087C,0,-6.904539,0.187370166182518,0.550000011920929,0.23853658139705658
YNL136W,YIL009W,1,-6.9047,0.18770764768123627,0.5512195229530334,0.23853658139705658
YDR379W,YBR228W,0,-6.90504,0.18762971460819244,0.5512195229530334,0.23865853250026703
YJR125C,YBR019C,0,-6.9051666,0.18755187094211578,0.5512195229530334,0.23878048360347748
YNL136W,YEL056W,1,-6.9056177,0.18788884580135345,0.5524390339851379,0.23878048360347748
YJR138W,YHR163W,0,-6.9059124,0.18781094253063202,0.5524390339851379,0.23890243470668793
YOR033C,YAL033W,0,-6.9062023,0.18773311376571655,0.5524390339851379,0.23902438580989838
YLR319C,YIL006W,0,-6.906355,0.18765534460544586,0.5524390339851379,0.23914633691310883
YHR055C,YPL233W,0,-6.9067154,0.18757763504981995,0.5524390339851379,0.23926828801631927
YDR151C,YGR178C,0,-6.907131,0.1875,0.5524390339851379,0.23939023911952972
YOR239W,YDL105W,0,-6.9071527,0.18742242455482483,0.5524390339851379,0.23951219022274017
YDL207W,YIL135C,0,-6.907153,0.18734490871429443,0.5524390339851379,0.23963414132595062
YGR181W,YDL224C,0,-6.907266,0.18726746737957,0.5524390339851379,0.23975609242916107
YLR103C,YJR040W,0,-6.907304,0.18719008564949036,0.5524390339851379,0.23987804353237152
YPR082C,YDR092W,0,-6.907327,0.18711276352405548,0.5524390339851379,0.23999999463558197
YNL268W,YJL089W,0,-6.907447,0.18703550100326538,0.5524390339851379,0.24012194573879242
YDL013W,YPR056W,0,-6.907692,0.18695831298828125,0.5524390339851379,0.24024389684200287
YCR052W,YHL028W,0,-6.90817,0.1868811845779419,0.5524390339851379,0.24036584794521332
YPL147W,YKL079W,0,-6.9083548,0.1868041306734085,0.5524390339851379,0.24048779904842377
YGL067W,YGL013C,0,-6.9083986,0.1867271214723587,0.5524390339851379,0.24060975015163422
YPL140C,YDR341C,0,-6.908724,0.18665018677711487,0.5524390339851379,0.24073170125484467
YGL064C,YDL002C,0,-6.9091897,0.1865733116865158,0.5524390339851379,0.24085365235805511
YHR191C,YDR522C,0,-6.9092913,0.18649649620056152,0.5524390339851379,0.24097560346126556
YBR210W,YDR292C,0,-6.909293,0.1864197552204132,0.5524390339851379,0.241097554564476
YCL014W,YOL072W,0,-6.9093933,0.18634307384490967,0.5524390339851379,0.24121950566768646
YMR044W,YPR055W,0,-6.909693,0.1862664520740509,0.5524390339851379,0.2413414567708969
YIL125W,YGR040W,0,-6.90975,0.18618988990783691,0.5524390339851379,0.24146340787410736
YCR052W,YJL143W,0,-6.910008,0.1861133873462677,0.5524390339851379,0.2415853589773178
YBL091C,YML027W,0,-6.910839,0.18603695929050446,0.5524390339851379,0.24170731008052826
YER015W,YBL052C,1,-6.9112077,0.1863711029291153,0.5536585450172424,0.24170731008052826
YGR113W,YGR216C,0,-6.9112406,0.18629463016986847,0.5536585450172424,0.2418292611837387
YLR220W,YPR162C,0,-6.911359,0.18621821701526642,0.5536585450172424,0.24195121228694916
YHR013C,YGR002C,1,-6.911486,0.18655186891555786,0.5548780560493469,0.24195121228694916
YAL039C,YDR240C,0,-6.9119873,0.18647541105747223,0.5548780560493469,0.2420731633901596
YPR185W,YJR035W,0,-6.912285,0.18639901280403137,0.5548780560493469,0.24219512939453125
YPR155C,YML115C,0,-6.912462,0.18632268905639648,0.5548780560493469,0.2423170804977417
YBR112C,YLR023C,0,-6.912559,0.18624642491340637,0.5548780560493469,0.24243903160095215
YDR151C,YDL213C,0,-6.9128027,0.18617020547389984,0.5548780560493469,0.2425609827041626
YLR100W,YNL221C,0,-6.912903,0.18609407544136047,0.5548780560493469,0.24268293380737305
YMR163C,YJL094C,0,-6.913683,0.1860179901123047,0.5548780560493469,0.2428048849105835
YLR390W-A,YOR179C,0,-6.9137006,0.18594196438789368,0.5548780560493469,0.24292683601379395
YGR086C,YAL016W,0,-6.9141045,0.18586601316928864,0.5548780560493469,0.2430487871170044
YIL005W,YFL037W,0,-6.9145975,0.18579012155532837,0.5548780560493469,0.24317073822021484
YDR235W,YAL017W,0,-6.914724,0.18571428954601288,0.5548780560493469,0.2432926893234253
YHL019C,YMR033W,0,-6.9147477,0.18563851714134216,0.5548780560493469,0.24341464042663574
YGL166W,YNL304W,0,-6.914917,0.18556280434131622,0.5548780560493469,0.2435365915298462
YBL019W,YKL175W,0,-6.915039,0.18548715114593506,0.5548780560493469,0.24365854263305664
YEL056W,YPR051W,1,-6.9156184,0.18581907451152802,0.5560975670814514,0.24365854263305664
YFL034C-B,YOR337W,0,-6.915904,0.18574337661266327,0.5560975670814514,0.2437804937362671
YNL173C,YIL076W,0,-6.9165626,0.1856677532196045,0.5560975670814514,0.24390244483947754
YKL167C,YCR084C,0,-6.9165897,0.1855921894311905,0.5560975670814514,0.244024395942688
YLR246W,YGR002C,1,-6.9166584,0.1859235167503357,0.5573170781135559,0.244024395942688
YOR034C,YOL110W,1,-6.916753,0.1862545758485794,0.5585365891456604,0.244024395942688
YFR052W,YDL077C,0,-6.916914,0.18617886304855347,0.5585365891456604,0.24414634704589844
YLR431C,YHR121W,0,-6.917322,0.1861032098531723,0.5585365891456604,0.2442682981491089
YOL076W,YGL066W,1,-6.9175196,0.1864337921142578,0.5597561001777649,0.2442682981491089
YDR099W,YJL042W,0,-6.918002,0.18635809421539307,0.5597561001777649,0.24439024925231934
YOR030W,YJL187C,0,-6.918542,0.1862824708223343,0.5597561001777649,0.24451220035552979
YPL023C,YJR110W,0,-6.9188957,0.1862068921327591,0.5597561001777649,0.24463415145874023
YPL130W,YER161C,0,-6.9192305,0.18613138794898987,0.5597561001777649,0.24475610256195068
YBR020W,YLR207W,0,-6.9193335,0.18605594336986542,0.5597561001777649,0.24487805366516113
YBR290W,YDR412W,0,-6.919389,0.18598055839538574,0.5597561001777649,0.24500000476837158
YPR155C,YGR048W,0,-6.9198127,0.18590521812438965,0.5597561001777649,0.24512195587158203
YMR180C,YGR098C,0,-6.920261,0.18582995235919952,0.5597561001777649,0.24524390697479248
YLR153C,YNL136W,1,-6.920624,0.18615944683551788,0.5609756112098694,0.24524390697479248
YDL142C,YFR010W,0,-6.921487,0.18608413636684418,0.5609756112098694,0.24536585807800293
YMR276W,YBL033C,0,-6.921671,0.18600890040397644,0.5609756112098694,0.24548780918121338
YGL075C,YJL045W,0,-6.9217286,0.18593370914459229,0.5609756112098694,0.24560976028442383
YAL020C,YIL023C,0,-6.921783,0.1858585923910141,0.5609756112098694,0.24573171138763428
YBR132C,YBR281C,0,-6.922332,0.1857835203409195,0.5609756112098694,0.24585366249084473
YPR188C,YPL193W,0,-6.922532,0.18570852279663086,0.5609756112098694,0.24597561359405518
YDR411C,YDR310C,0,-6.924022,0.1856335699558258,0.5609756112098694,0.24609756469726562
YMR162C,YDL013W,0,-6.924053,0.18555869162082672,0.5609756112098694,0.24621951580047607
YER146W,YOL100W,0,-6.9242663,0.1854838728904724,0.5609756112098694,0.24634146690368652
YCR065W,YDR457W,0,-6.924334,0.18540911376476288,0.5609756112098694,0.24646341800689697
YLR100W,YEL002C,0,-6.9243345,0.18533441424369812,0.5609756112098694,0.24658536911010742
YER015W,YPR131C,1,-6.9246826,0.18566250801086426,0.5621951222419739,0.24658536911010742
YPR119W,YDL112W,0,-6.9252963,0.18558776378631592,0.5621951222419739,0.24670732021331787
YNL153C,YER161C,0,-6.9254527,0.18551307916641235,0.5621951222419739,0.24682927131652832
YDL243C,YOL006C,0,-6.925509,0.18543845415115356,0.5621951222419739,0.24695122241973877
YOL011W,YPR042C,0,-6.9265356,0.18536388874053955,0.5621951222419739,0.24707317352294922
YOL100W,YGR181W,0,-6.9266615,0.1852893829345703,0.5621951222419739,0.24719512462615967
YMR119W,YBL035C,0,-6.927356,0.18521495163440704,0.5621951222419739,0.24731707572937012
YML019W,YBR055C,0,-6.927598,0.18514056503772736,0.5621951222419739,0.24743902683258057
YMR073C,YLR145W,0,-6.927703,0.18506623804569244,0.5621951222419739,0.24756097793579102
YOL086C,YOR216C,0,-6.927737,0.1849919706583023,0.5621951222419739,0.24768292903900146
YPL151C,YMR183C,0,-6.9278092,0.18491776287555695,0.5621951222419739,0.24780488014221191
YDR316W,YNL049C,0,-6.928061,0.18484362959861755,0.5621951222419739,0.24792683124542236
YOR034C,YLL002W,1,-6.928164,0.18517033755779266,0.5634146332740784,0.24792683124542236
YPR120C,YDR320C,0,-6.928252,0.1850961595773697,0.5634146332740784,0.2480487823486328
YIR041W,YOR075W,0,-6.928436,0.1850220263004303,0.5634146332740784,0.24817073345184326
YGR087C,YGL167C,0,-6.9286823,0.18494795262813568,0.5634146332740784,0.2482926845550537
YHL019C,YDR375C,0,-6.9288135,0.18487395346164703,0.5634146332740784,0.24841463565826416
YOR123C,YDL045W-A,0,-6.9289317,0.18479999899864197,0.5634146332740784,0.2485365867614746
YOR044W,YBR119W,0,-6.929042,0.18472610414028168,0.5634146332740784,0.24865853786468506
YOL003C,YBR198C,1,-6.9292607,0.18505196273326874,0.5646341443061829,0.24865853786468506
YNL106C,YOR351C,0,-6.929404,0.18497802317142487,0.5646341443061829,0.2487804889678955
YGR061C,YDR407C,0,-6.9294095,0.18490415811538696,0.5646341443061829,0.24890244007110596
YJL124C,YMR268C,0,-6.9298477,0.18483033776283264,0.5646341443061829,0.2490243911743164
YMR211W,YPL063W,0,-6.930478,0.1847565770149231,0.5646341443061829,0.24914634227752686
YNL153C,YJL184W,0,-6.9305615,0.18468289077281952,0.5646341443061829,0.2492682933807373
YBR286W,YNL236W,0,-6.9306154,0.18460924923419952,0.5646341443061829,0.24939024448394775
YPR179C,YPL173W,0,-6.9306927,0.1845356673002243,0.5646341443061829,0.2495121955871582
YPR007C,YPL234C,0,-6.9313293,0.18446214497089386,0.5646341443061829,0.24963414669036865
YJL063C,YEL002C,0,-6.9313574,0.18438869714736938,0.5646341443061829,0.2497560977935791
YNR041C,YGR253C,0,-6.9319496,0.1843152940273285,0.5646341443061829,0.24987804889678955
YLR007W,YNR013C,0,-6.9322047,0.18424193561077118,0.5646341443061829,0.25
YCR002C,YDR077W,0,-6.932339,0.18416865170001984,0.5646341443061829,0.25012195110321045
YBR154C,YER161C,0,-6.9327626,0.18409542739391327,0.5646341443061829,0.2502439022064209
YLR095C,YPL032C,0,-6.933034,0.18402226269245148,0.5646341443061829,0.25036585330963135
YPL204W,YKL129C,0,-6.933238,0.18394914269447327,0.5646341443061829,0.2504878044128418
YOL043C,YPL026C,0,-6.9336624,0.18387609720230103,0.5646341443061829,0.25060975551605225
YGR197C,YOR227W,0,-6.934019,0.18380309641361237,0.5646341443061829,0.2507317066192627
YBR167C,YMR314W,0,-6.9342437,0.18373015522956848,0.5646341443061829,0.25085365772247314
YPR182W,YLR193C,0,-6.934827,0.18365727365016937,0.5646341443061829,0.2509756088256836
YDL200C,YBR251W,0,-6.9350076,0.18358445167541504,0.5646341443061829,0.25109755992889404
YLR103C,YCL057W,0,-6.9354305,0.18351168930530548,0.5646341443061829,0.2512195110321045
YNR013C,YGR006W,0,-6.9354506,0.1834389865398407,0.5646341443061829,0.25134146213531494
YOL110W,YOR064C,1,-6.9355288,0.18376237154006958,0.5658536553382874,0.25134146213531494
YOR039W,YBR105C,0,-6.9360585,0.18368962407112122,0.5658536553382874,0.2514634132385254
YOR087W,YPL105C,0,-6.9362144,0.18361693620681763,0.5658536553382874,0.25158536434173584
YKL006C-A,YOR307C,0,-6.9365587,0.1835443079471588,0.5658536553382874,0.2517073154449463
YAL010C,YPR133W-A,0,-6.936754,0.18347172439098358,0.5658536553382874,0.25182926654815674
YIL084C,YHR006W,0,-6.937126,0.18339921534061432,0.5658536553382874,0.2519512176513672
YBR093C,YJL029C,0,-6.937154,0.18332675099372864,0.5658536553382874,0.25207316875457764
YBR234C,YBR268W,0,-6.937281,0.18325434625148773,0.5658536553382874,0.2521951198577881
YIL120W,YHR163W,0,-6.9377975,0.1831820011138916,0.5658536553382874,0.25231707096099854
YDL079C,YDL147W,0,-6.9378104,0.18310970067977905,0.5658536553382874,0.252439022064209
YBR221C,YBR296C,0,-6.93789,0.18303747475147247,0.5658536553382874,0.25256097316741943
YGL241W,YJR074W,0,-6.9381323,0.18296529352664948,0.5658536553382874,0.2526829242706299
YJR033C,YIL099W,0,-6.9381976,0.18289318680763245,0.5658536553382874,0.25280487537384033
YIL009W,YDL040C,1,-6.9386067,0.18321512639522552,0.5670731663703918,0.25280487537384033
YDR439W,YNL016W,0,-6.9386907,0.18314297497272491,0.5670731663703918,0.2529268264770508
YBR145W,YLR006C,0,-6.9386973,0.18307086825370789,0.5670731663703918,0.25304877758026123
YMR072W,YPL274W,0,-6.939627,0.18299882113933563,0.5670731663703918,0.2531707286834717
YGR231C,YPR156C,0,-6.93976,0.18292683362960815,0.5670731663703918,0.25329267978668213
YLR226W,YGL014W,0,-6.9397936,0.18285489082336426,0.5670731663703918,0.2534146308898926
YDR040C,YJL143W,0,-6.9401503,0.18278302252292633,0.5670731663703918,0.253536581993103
YNL278W,YLR418C,0,-6.940461,0.18271119892597198,0.5670731663703918,0.2536585330963135
YML023C,YJR153W,0,-6.940663,0.18263943493366241,0.5670731663703918,0.2537804841995239
YNL117W,YDR080W,0,-6.9406633,0.18256773054599762,0.5670731663703918,0.2539024353027344
YKL182W,YKR037C,0,-6.940689,0.1824960708618164,0.5670731663703918,0.2540243864059448
YGR154C,YML109W,0,-6.941051,0.18242448568344116,0.5670731663703918,0.2541463375091553
YOR174W,YOL045W,0,-6.941058,0.1823529452085495,0.5670731663703918,0.2542682886123657
YAL048C,YGL059W,0,-6.941168,0.1822814643383026,0.5670731663703918,0.25439023971557617
YNR032C-A,YJR050W,0,-6.941353,0.1822100281715393,0.5670731663703918,0.2545121908187866
YBR009C,YBR294W,0,-6.941647,0.18213866651058197,0.5670731663703918,0.25463414192199707
YGR109C,YDR462W,0,-6.942193,0.18206734955310822,0.5670731663703918,0.2547560930252075
YLR055C,YOL102C,0,-6.942271,0.18199609220027924,0.5670731663703918,0.25487804412841797
YDR138W,YKL144C,0,-6.9427304,0.18192487955093384,0.5670731663703918,0.2549999952316284
YOR266W,YPL065W,0,-6.943001,0.1818537414073944,0.5670731663703918,0.25512194633483887
YER040W,YFR030W,0,-6.9430437,0.18178264796733856,0.5670731663703918,0.2552438974380493
YDR264C,YER015W,1,-6.9432187,0.18210238218307495,0.5682926774024963,0.2552438974380493
YNR010W,YBR272C,0,-6.94409,0.18203124403953552,0.5682926774024963,0.25536584854125977
YJR060W,YBR009C,0,-6.9446964,0.18196016550064087,0.5682926774024963,0.2554877996444702
YHR200W,YOR332W,0,-6.944776,0.181889146566391,0.5682926774024963,0.25560975074768066
YNL005C,YJL128C,0,-6.9449263,0.1818181872367859,0.5682926774024963,0.2557317018508911
YGR004W,YPL176C,0,-6.9454155,0.18174727261066437,0.5682926774024963,0.25585365295410156
YPR193C,YOL148C,1,-6.9455395,0.18206627666950226,0.5695121884346008,0.25585365295410156
YDR182W,YCR009C,0,-6.9463797,0.18199531733989716,0.5695121884346008,0.255975604057312
YKL182W,YBL056W,0,-6.9464035,0.18192443251609802,0.5695121884346008,0.25609755516052246
YMR215W,YML072C,0,-6.946417,0.18185357749462128,0.5695121884346008,0.2562195062637329
YJL006C,YNL054W,0,-6.9476385,0.1817827969789505,0.5695121884346008,0.25634145736694336
YCL061C,YGR193C,0,-6.9478025,0.1817120611667633,0.5695121884346008,0.2564634084701538
YLR303W,YDR207C,0,-6.9480743,0.1816413849592209,0.5695121884346008,0.25658535957336426
YDR317W,YHR167W,0,-6.94852,0.18157076835632324,0.5695121884346008,0.2567073106765747
YLR039C,YJL192C,0,-6.949023,0.18150019645690918,0.5695121884346008,0.25682926177978516
YBR251W,YER087C-B,0,-6.949112,0.1814296841621399,0.5695121884346008,0.2569512128829956
YBR152W,YJL176C,0,-6.949353,0.1813592165708542,0.5695121884346008,0.25707316398620605
YGR041W,YHR072W-A,0,-6.949557,0.18128882348537445,0.5695121884346008,0.2571951150894165
YKL152C,YNL103W,0,-6.9498835,0.1812184751033783,0.5695121884346008,0.25731706619262695
YOR005C,YMR313C,0,-6.9499307,0.18114817142486572,0.5695121884346008,0.2574390172958374
YBR060C,YJL222W,0,-6.950405,0.18107794225215912,0.5695121884346008,0.25756096839904785
YGL122C,YFL036W,0,-6.9504356,0.1810077577829361,0.5695121884346008,0.2576829195022583
YGR099W,YPL176C,0,-6.9504547,0.18093761801719666,0.5695121884346008,0.25780487060546875
YAL034W-A,YDR041W,0,-6.950551,0.180867537856102,0.5695121884346008,0.2579268217086792
YJR109C,YNR047W,0,-6.9506893,0.1807975172996521,0.5695121884346008,0.25804877281188965
YOR141C,YDL105W,0,-6.9509325,0.18072755634784698,0.5695121884346008,0.2581707239151001
YKL190W,YOL109W,0,-6.9509993,0.18065764009952545,0.5695121884346008,0.25829267501831055
YGL240W,YGR231C,0,-6.951027,0.1805877834558487,0.5695121884346008,0.258414626121521
YPL001W,YEL066W,1,-6.9511194,0.18090452253818512,0.5707316994667053,0.258414626121521
YJR004C,YER074W-A,0,-6.9512234,0.18083462119102478,0.5707316994667053,0.25853657722473145
YBL038W,YNL078W,0,-6.951371,0.18076477944850922,0.5707316994667053,0.2586585283279419
YDR170C,YCL008C,0,-6.9521437,0.18069498240947723,0.5707316994667053,0.25878047943115234
YEL061C,YEL016C,0,-6.952239,0.18062524497509003,0.5707316994667053,0.2589024305343628
YCR010C,YGR036C,0,-6.952283,0.1805555522441864,0.5707316994667053,0.25902438163757324
YGL054C,YGL097W,0,-6.952421,0.18048591911792755,0.5707316994667053,0.2591463327407837
YPL145C,YCR035C,0,-6.9525323,0.18041634559631348,0.5707316994667053,0.25926828384399414
YDR104C,YIL129C,0,-6.9536314,0.18034681677818298,0.5707316994667053,0.2593902349472046
YKR068C,YCL011C,0,-6.9540124,0.18027734756469727,0.5707316994667053,0.25951218605041504
YHR005C,YGL087C,0,-6.9540834,0.18020793795585632,0.5707316994667053,0.2596341371536255
YOL095C,YDL136W,0,-6.954323,0.18013857305049896,0.5707316994667053,0.25975608825683594
YJR065C,YIL068C,0,-6.954418,0.18006925284862518,0.5707316994667053,0.2598780393600464
YMR080C,YBR218C,0,-6.9544277,0.18000000715255737,0.5707316994667053,0.25999999046325684
YLR144C,YMR101C,0,-6.9544516,0.17993079125881195,0.5707316994667053,0.2601219415664673
YHR013C,YDR167W,1,-6.9547234,0.18024596571922302,0.5719512104988098,0.2601219415664673
YML129C,YJR126C,0,-6.954816,0.1801767200231552,0.5719512104988098,0.26024389266967773
YPL174C,YOL102C,0,-6.9551716,0.18010753393173218,0.5719512104988098,0.2603658437728882
YDR424C,YBR244W,0,-6.955219,0.18003839254379272,0.5719512104988098,0.26048779487609863
YJR118C,YNR003C,0,-6.9552755,0.17996929585933685,0.5719512104988098,0.2606097459793091
YLR144C,YNL201C,0,-6.9553356,0.17990027368068695,0.5719512104988098,0.26073169708251953
YOL095C,YLR191W,0,-6.9556103,0.17983128130435944,0.5719512104988098,0.26085364818573
YML077W,YNR056C,0,-6.9556727,0.1797623634338379,0.5719512104988098,0.26097559928894043
YLR318W,YOR127W,0,-6.9558187,0.17969349026679993,0.5719512104988098,0.2610975503921509
YDR244W,YBL018C,0,-6.9560847,0.17962466180324554,0.5719512104988098,0.26121950149536133
YDR172W,YER190W,0,-6.9562006,0.17955589294433594,0.5719512104988098,0.2613414525985718
YOR034C,YBR198C,1,-6.9563675,0.1798698753118515,0.5731707215309143,0.2613414525985718
YCR068W,YFL059W,0,-6.957176,0.1798010766506195,0.5731707215309143,0.2614634037017822
YOL089C,YOR339C,0,-6.9572744,0.1797323077917099,0.5731707215309143,0.2615853548049927
YDR037W,YCL051W,0,-6.9575605,0.17966361343860626,0.5731707215309143,0.2617073059082031
YGR268C,YLR066W,0,-6.9578285,0.179594948887825,0.5731707215309143,0.2618292570114136
YLR246W,YDR392W,1,-6.9589634,0.17990832030773163,0.5743902325630188,0.2618292570114136
YLR342W,YKR062W,0,-6.9595833,0.17983964085578918,0.5743902325630188,0.261951208114624
YDR478W,YCR018C,0,-6.9596004,0.17977099120616913,0.5743902325630188,0.2620731592178345
YOR080W,YIL110W,0,-6.9597945,0.17970240116119385,0.5743902325630188,0.2621951103210449
YJL047C,YBR083W,0,-6.959836,0.17963387072086334,0.5743902325630188,0.26231706142425537
YPR145W,YPR165W,0,-6.959904,0.17956538498401642,0.5743902325630188,0.2624390125274658
YDR069C,YNL252C,0,-6.9600515,0.17949694395065308,0.5743902325630188,0.26256096363067627
YAL010C,YNL053W,0,-6.9601517,0.1794285774230957,0.5743902325630188,0.2626829147338867
YKR098C,YBR293W,0,-6.9604964,0.17936024069786072,0.5743902325630188,0.26280486583709717
YER038C,YDR088C,0,-6.9606595,0.1792919635772705,0.5743902325630188,0.2629268169403076
YJR089W,YNR037C,0,-6.9607177,0.17922374606132507,0.5743902325630188,0.26304876804351807
YOR322C,YPL024W,0,-6.961692,0.17915557324886322,0.5743902325630188,0.2631707191467285
YMR033W,YJL104W,0,-6.9619613,0.17908744513988495,0.5743902325630188,0.26329267024993896
YLR004C,YMR302C,0,-6.961964,0.17901939153671265,0.5743902325630188,0.2634146213531494
YER122C,YIL039W,0,-6.962014,0.17895136773586273,0.5743902325630188,0.26353657245635986
YPL259C,YPL026C,0,-6.9620194,0.1788834035396576,0.5743902325630188,0.2636585235595703
YDL002C,YHL027W,0,-6.962042,0.17881548404693604,0.5743902325630188,0.26378047466278076
YOR026W,YBR210W,0,-6.9620833,0.17874762415885925,0.5743902325630188,0.2639024257659912
YFR044C,YMR077C,0,-6.962868,0.17867982387542725,0.5743902325630188,0.26402437686920166
YHR013C,YNL326C,1,-6.9628744,0.17899127304553986,0.5756097435951233,0.26402437686920166
YDR106W,YNL005C,0,-6.9632826,0.17892342805862427,0.5756097435951233,0.2641463279724121
YIR037W,YDR409W,0,-6.9647236,0.17885562777519226,0.5756097435951233,0.26426827907562256
YJL095W,YNR037C,0,-6.964731,0.17878787219524384,0.5756097435951233,0.264390230178833
YFL003C,YJR049C,0,-6.9647593,0.17872017621994019,0.5756097435951233,0.26451218128204346
YMR228W,YMR223W,0,-6.9649057,0.1786525398492813,0.5756097435951233,0.2646341323852539
YML125C,YOR281C,0,-6.965079,0.17858494818210602,0.5756097435951233,0.26475608348846436
YAL023C,YBL018C,0,-6.9656725,0.1785174012184143,0.5756097435951233,0.2648780345916748
YOR145C,YNL229C,0,-6.965869,0.17844989895820618,0.5756097435951233,0.26499998569488525
YBR244W,YJL187C,0,-6.9659033,0.17838247120380402,0.5756097435951233,0.2651219367980957
YFL024C,YDR176W,1,-6.9662657,0.17869286239147186,0.5768292546272278,0.2651219367980957
YKL049C,YOR140W,0,-6.9662666,0.17862537503242493,0.5768292546272278,0.26524388790130615
YKL206C,YJL196C,0,-6.9665504,0.17855794727802277,0.5768292546272278,0.2653658390045166
YLR259C,YPR042C,0,-6.966616,0.1784905642271042,0.5768292546272278,0.26548779010772705
YOR347C,YLR147C,0,-6.966635,0.17842324078083038,0.5768292546272278,0.2656097412109375
YCL018W,YOR137C,0,-6.966897,0.17835596203804016,0.5768292546272278,0.26573172211647034
YNL238W,YMR121C,0,-6.9670343,0.17828872799873352,0.5768292546272278,0.2658536732196808
YJL115W,YEL056W,1,-6.967163,0.1785983443260193,0.5780487656593323,0.2658536732196808
YHR053C,YBR130C,0,-6.9672613,0.17853108048439026,0.5780487656593323,0.26597562432289124
YKL016C,YBR261C,0,-6.967319,0.1784638613462448,0.5780487656593323,0.2660975754261017
YGR156W,YFR029W,0,-6.9676595,0.17839668691158295,0.5780487656593323,0.26621952652931213
YJR121W,YGL003C,0,-6.9680023,0.17832957208156586,0.5780487656593323,0.2663414776325226
YHR123W,YER123W,0,-6.9683037,0.17826250195503235,0.5780487656593323,0.26646342873573303
YNL256W,YIR008C,0,-6.9697227,0.17819549143314362,0.5780487656593323,0.2665853798389435
YIL009W,YBR198C,1,-6.9698625,0.1785043179988861,0.5792682766914368,0.2665853798389435
YLR154C,YDR359C,0,-6.970066,0.1784372627735138,0.5792682766914368,0.26670733094215393
YEL064C,YDR270W,0,-6.9701624,0.17837025225162506,0.5792682766914368,0.2668292820453644
YDR480W,YGR268C,0,-6.9712863,0.1783033013343811,0.5792682766914368,0.26695123314857483
YJL210W,YDR082W,0,-6.9712996,0.17823639512062073,0.5792682766914368,0.2670731842517853
YPL200W,YLR113W,0,-6.971392,0.17816954851150513,0.5792682766914368,0.2671951353549957
YGR252W,YOR064C,1,-6.971495,0.1784776896238327,0.5804877877235413,0.2671951353549957
YMR138W,YOR106W,0,-6.9715195,0.17841079831123352,0.5804877877235413,0.2673170864582062
YBR023C,YDR137W,0,-6.971741,0.17834395170211792,0.5804877877235413,0.2674390375614166
YKR027W,YML125C,0,-6.972104,0.1782771497964859,0.5804877877235413,0.2675609886646271
YGR239C,YMR156C,0,-6.9721746,0.17821040749549866,0.5804877877235413,0.2676829397678375
YNL147W,YNL026W,0,-6.9726334,0.178143709897995,0.5804877877235413,0.267804890871048
YKL120W,YDR092W,0,-6.972679,0.1780770719051361,0.5804877877235413,0.2679268419742584
YGR133W,YMR190C,0,-6.9727354,0.1780104786157608,0.5804877877235413,0.26804879307746887
YPL269W,YOR057W,0,-6.973357,0.17794393002986908,0.5804877877235413,0.2681707441806793
YMR177W,YGL014W,0,-6.973496,0.17787742614746094,0.5804877877235413,0.26829269528388977
YAL026C,YDR280W,0,-6.973974,0.17781098186969757,0.5804877877235413,0.2684146463871002
YFL024C,YOR064C,1,-6.9740305,0.1781180053949356,0.5817072987556458,0.2684146463871002
YGL025C,YLR019W,0,-6.9741673,0.17805151641368866,0.5817072987556458,0.26853659749031067
YPR183W,YFR019W,0,-6.9743295,0.1779850721359253,0.5817072987556458,0.2686585485935211
YFL056C,YPL280W,0,-6.974938,0.1779186874628067,0.5817072987556458,0.26878049969673157
YNL245C,YJL056C,0,-6.9750404,0.1778523474931717,0.5817072987556458,0.268902450799942
YDL093W,YDR002W,0,-6.9751687,0.17778606712818146,0.5817072987556458,0.26902440190315247
YPL095C,YDL007W,0,-6.97519,0.1777198165655136,0.5817072987556458,0.2691463530063629
YAR033W,YOR256C,0,-6.975214,0.17765362560749054,0.5817072987556458,0.26926830410957336
YBR234C,YOR353C,0,-6.975806,0.17758749425411224,0.5817072987556458,0.2693902552127838
YEL066W,YOR064C,1,-6.9764667,0.17789356410503387,0.5829268097877502,0.2693902552127838
YNL282W,YPL002C,0,-6.9770346,0.177827388048172,0.5829268097877502,0.26951220631599426
YOL030W,YLR045C,0,-6.978352,0.1777612566947937,0.5829268097877502,0.2696341574192047
YAL020C,YNL009W,0,-6.979128,0.177695170044899,0.5829268097877502,0.26975610852241516
YPR052C,YOR124C,0,-6.9791374,0.17762912809848785,0.5829268097877502,0.2698780596256256
YGR215W,YJL127C,0,-6.979215,0.1775631457567215,0.5829268097877502,0.27000001072883606
YDR110W,YPL105C,0,-6.9792376,0.17749720811843872,0.5829268097877502,0.2701219618320465
YOR125C,YHR178W,0,-6.979864,0.17743133008480072,0.5829268097877502,0.27024391293525696
YDL117W,YFL005W,0,-6.9805775,0.1773654967546463,0.5829268097877502,0.2703658640384674
YGR206W,YOR227W,0,-6.980671,0.17729970812797546,0.5829268097877502,0.27048781514167786
YLR310C,YPL246C,0,-6.980895,0.1772339642047882,0.5829268097877502,0.2706097662448883
YLR229C,YPL151C,0,-6.980925,0.17716827988624573,0.5829268097877502,0.27073171734809875
YPL002C,YKR042W,0,-6.9817333,0.17710262537002563,0.5829268097877502,0.2708536684513092
YHR044C,YKR102W,0,-6.9818497,0.17703703045845032,0.5829268097877502,0.27097561955451965
YDR519W,YBR192W,0,-6.981948,0.17697149515151978,0.5829268097877502,0.2710975706577301
YER015W,YOL148C,1,-6.981955,0.17727608978748322,0.5841463208198547,0.2710975706577301
YML051W,YNL015W,0,-6.9823666,0.1772105097770691,0.5841463208198547,0.27121952176094055
YNL242W,YGR024C,0,-6.98246,0.17714497447013855,0.5841463208198547,0.271341472864151
YDR235W,YKL173W,0,-6.982815,0.1770794838666916,0.5841463208198547,0.27146342396736145
YDR176W,YNL326C,1,-6.982859,0.17738358676433563,0.5853658318519592,0.27146342396736145
YOR058C,YFL003C,0,-6.982961,0.17731806635856628,0.5853658318519592,0.2715853750705719
YOR002W,YOR018W,0,-6.9842086,0.17725259065628052,0.5853658318519592,0.27170732617378235
YKL101W,YMR036C,0,-6.985155,0.17718715965747833,0.5853658318519592,0.2718292772769928
YBR049C,YGR195W,0,-6.985276,0.17712177336215973,0.5853658318519592,0.27195122838020325
YJL065C,YER044C-A,0,-6.9859858,0.1770564317703247,0.5853658318519592,0.2720731794834137
YDL056W,YJR074W,0,-6.986424,0.17699114978313446,0.5853658318519592,0.27219513058662415
YMR211W,YOL138C,0,-6.986935,0.1769259124994278,0.5853658318519592,0.2723170816898346
YLR370C,YMR212C,0,-6.98716,0.1768607199192047,0.5853658318519592,0.27243903279304504
YLR246W,YBR198C,1,-6.9872847,0.17716389894485474,0.5865853428840637,0.27243903279304504
YJL072C,YPL072W,0,-6.9885917,0.17709867656230927,0.5865853428840637,0.2725609838962555
YKL096W,YJR139C,0,-6.9888134,0.17703349888324738,0.5865853428840637,0.27268293499946594
YHR044C,YBR015C,0,-6.9890404,0.17696836590766907,0.5865853428840637,0.2728048861026764
YJR006W,YAL011W,0,-6.989264,0.17690327763557434,0.5865853428840637,0.27292683720588684
YMR068W,YDR121W,0,-6.989299,0.1768382340669632,0.5865853428840637,0.2730487883090973
YDR163W,YAL026C,0,-6.990319,0.17677325010299683,0.5865853428840637,0.27317073941230774
YDL142C,YDL210W,0,-6.9906707,0.17670829594135284,0.5865853428840637,0.2732926905155182
YER095W,YOL067C,0,-6.9906917,0.17664340138435364,0.5865853428840637,0.27341464161872864
YKR031C,YNL088W,0,-6.990735,0.1765785664319992,0.5865853428840637,0.2735365927219391
YLR153C,YDR392W,1,-6.990936,0.17688073217868805,0.5878048539161682,0.2735365927219391
YHR043C,YIL065C,0,-6.991289,0.17681585252285004,0.5878048539161682,0.27365854382514954
YDR258C,YJL041W,0,-6.992442,0.1767510026693344,0.5878048539161682,0.27378049492836
YDL181W,YDR192C,0,-6.9925365,0.17668621242046356,0.5878048539161682,0.27390244603157043
YDR118W,YDR510W,0,-6.992739,0.1766214668750763,0.5878048539161682,0.2740243971347809
YLR242C,YGL023C,0,-6.9928517,0.1765567809343338,0.5878048539161682,0.27414634823799133
YOL090W,YDR329C,0,-6.994112,0.1764921247959137,0.5878048539161682,0.2742682993412018
YLR315W,YJL056C,0,-6.994154,0.17642752826213837,0.5878048539161682,0.27439025044441223
YLR226W,YKL174C,0,-6.994474,0.17636297643184662,0.5878048539161682,0.2745122015476227
YJL106W,YFL059W,0,-6.994847,0.17629846930503845,0.5878048539161682,0.27463415265083313
YER157W,YHR028C,0,-6.9950404,0.17623400688171387,0.5878048539161682,0.2747561037540436
YDR320C-A,YOR310C,0,-6.9952307,0.17616958916187286,0.5878048539161682,0.27487805485725403
YGR200C,YML015C,0,-6.9955397,0.17610523104667664,0.5878048539161682,0.2750000059604645
YGR052W,YDR057W,0,-6.9959173,0.1760409027338028,0.5878048539161682,0.2751219570636749
YFL039C,YLR246W,1,-6.99628,0.1763417273759842,0.5890243649482727,0.2751219570636749
YEL003W,YKL138C-A,0,-6.996619,0.17627736926078796,0.5890243649482727,0.2752439081668854
YGL116W,YOR197W,0,-6.996758,0.17621305584907532,0.5890243649482727,0.2753658592700958
YGR132C,YBR049C,0,-6.9967937,0.17614880204200745,0.5890243649482727,0.2754878103733063
YOL125W,YBR265W,0,-6.996886,0.17608457803726196,0.5890243649482727,0.2756097614765167
YPL244C,YDL217C,0,-6.9969783,0.17602041363716125,0.5890243649482727,0.2757317125797272
YGR104C,YLR337C,0,-6.9974623,0.17595627903938293,0.5890243649482727,0.2758536636829376
YOR377W,YAL034W-A,0,-6.9975095,0.1758922040462494,0.5890243649482727,0.27597561478614807
YCR039C,YLR251W,0,-6.998775,0.17582817375659943,0.5890243649482727,0.2760975658893585
YPR046W,YOL121C,0,-6.999259,0.17576418817043304,0.5890243649482727,0.27621951699256897
YPL060W,YPR133W-A,0,-6.999273,0.17570024728775024,0.5890243649482727,0.2763414680957794
YPL085W,YOR195W,0,-6.9996,0.17563636600971222,0.5890243649482727,0.27646341919898987
YAL038W,YLR448W,0,-6.9997673,0.17557251453399658,0.5890243649482727,0.2765853703022003
YLR291C,YKL119C,0,-6.9999347,0.17550872266292572,0.5890243649482727,0.27670732140541077
YGL180W,YHR005C,0,-7.0000606,0.17544497549533844,0.5890243649482727,0.2768292725086212
YPR049C,YLR166C,0,-7.0002003,0.17538125813007355,0.5890243649482727,0.27695122361183167
YER157W,YPR138C,0,-7.0005956,0.17531760036945343,0.5890243649482727,0.2770731747150421
YJR121W,YOR083W,0,-7.000641,0.1752539873123169,0.5890243649482727,0.27719512581825256
YKR059W,YNL121C,0,-7.0013914,0.17519041895866394,0.5890243649482727,0.277317076921463
YGL122C,YNL047C,0,-7.0014367,0.17512691020965576,0.5890243649482727,0.27743902802467346
YLR110C,YCL018W,0,-7.001952,0.17506343126296997,0.5890243649482727,0.2775609791278839
YKL057C,YER008C,0,-7.0026174,0.17499999701976776,0.5890243649482727,0.27768293023109436
YJR057W,YDL067C,0,-7.0026813,0.17493662238121033,0.5890243649482727,0.2778048813343048
YDR534C,YGR104C,0,-7.0027013,0.17487327754497528,0.5890243649482727,0.27792683243751526
YAL054C,YPL001W,1,-7.002923,0.17517191171646118,0.5902438759803772,0.27792683243751526
YFR036W,YDL195W,0,-7.0033503,0.17510853707790375,0.5902438759803772,0.2780487835407257
YNL051W,YDL111C,0,-7.0034895,0.1750452071428299,0.5902438759803772,0.27817073464393616
YEL059C-A,YNL241C,0,-7.004148,0.17498192191123962,0.5902438759803772,0.2782926857471466
YLR376C,YCL008C,0,-7.004201,0.17491868138313293,0.5902438759803772,0.27841463685035706
YOR034C,YPR051W,1,-7.0043206,0.17521676421165466,0.5914633870124817,0.27841463685035706
YDR071C,YBL080C,0,-7.0045958,0.1751534789800644,0.5914633870124817,0.2785365879535675
YDL092W,YOR129C,0,-7.0047636,0.1750902533531189,0.5914633870124817,0.27865853905677795
YMR311C,YDR394W,0,-7.0054445,0.17502707242965698,0.5914633870124817,0.2787804901599884
YFR019W,YOL121C,0,-7.0061455,0.17496392130851746,0.5914633870124817,0.27890244126319885
YAL044C,YER070W,0,-7.0070047,0.1749008297920227,0.5914633870124817,0.2790243923664093
YKL052C,YDR141C,0,-7.007207,0.17483778297901154,0.5914633870124817,0.27914634346961975
YOR005C,YBR095C,0,-7.007272,0.17477478086948395,0.5914633870124817,0.2792682945728302
YHR102W,YKL010C,0,-7.0073614,0.17471180856227875,0.5914633870124817,0.27939024567604065
YPL046C,YDL105W,0,-7.00799,0.17464889585971832,0.5914633870124817,0.2795121967792511
YNL161W,YOR250C,0,-7.0079904,0.17458602786064148,0.5914633870124817,0.27963414788246155
YGL077C,YKL203C,0,-7.0082164,0.17452320456504822,0.5914633870124817,0.279756098985672
YOL076W,YDR167W,1,-7.0082197,0.17482014000415802,0.5926828980445862,0.279756098985672
YMR013C,YJR007W,0,-7.0084505,0.17475728690624237,0.5926828980445862,0.27987805008888245
YNL238W,YDR427W,0,-7.008868,0.1746944636106491,0.5926828980445862,0.2800000011920929
YEL022W,YER020W,0,-7.009137,0.17463168501853943,0.5926828980445862,0.28012195229530334
YJL085W,YLR207W,0,-7.009688,0.17456896603107452,0.5926828980445862,0.2802439033985138
YER105C,YDL122W,0,-7.009865,0.174506276845932,0.5926828980445862,0.28036585450172424
YKL130C,YPR140W,0,-7.01054,0.17444364726543427,0.5926828980445862,0.2804878056049347
YLR342W,YHR039C-A,0,-7.010622,0.1743810474872589,0.5926828980445862,0.28060975670814514
YFL039C,YPL001W,1,-7.0107965,0.17467719316482544,0.5939024686813354,0.28060975670814514
YGR041W,YPL122C,0,-7.010826,0.1746145635843277,0.5939024686813354,0.2807317078113556
YCR060W,YDR460W,0,-7.010883,0.17455197870731354,0.5939024686813354,0.28085365891456604
YLR116W,YNL287W,0,-7.0110598,0.17448942363262177,0.5939024686813354,0.2809756100177765
YLR153C,YGL066W,1,-7.011132,0.17478510737419128,0.5951219797134399,0.2809756100177765
YOL031C,YBR175W,0,-7.011483,0.17472252249717712,0.5951219797134399,0.28109756112098694
YIL072W,YDR323C,0,-7.011495,0.17465998232364655,0.5951219797134399,0.2812195122241974
YNL306W,YER129W,0,-7.011599,0.17459750175476074,0.5951219797134399,0.28134146332740784
YBR133C,YOR323C,0,-7.0116477,0.17453505098819733,0.5951219797134399,0.2814634144306183
YDR121W,YDR368W,0,-7.011861,0.1744726449251175,0.5951219797134399,0.28158536553382874
YPL005W,YDR331W,0,-7.0119143,0.17441029846668243,0.5951219797134399,0.2817073166370392
YIL009W,YMR236W,1,-7.0120068,0.17470525205135345,0.5963414907455444,0.2817073166370392
YPR131C,YOR064C,1,-7.0120854,0.17499999701976776,0.5975610017776489,0.2817073166370392
YER015W,YIL009W,1,-7.012292,0.17529453337192535,0.5987805128097534,0.2817073166370392
YDR331W,YKR002W,0,-7.012435,0.17523197829723358,0.5987805128097534,0.28182926774024963
YLL018C-A,YKL130C,0,-7.012765,0.1751694679260254,0.5987805128097534,0.2819512188434601
YLL027W,YML064C,0,-7.0130143,0.1751069873571396,0.5987805128097534,0.28207316994667053
YFR015C,YGL126W,0,-7.013058,0.17504456639289856,0.5987805128097534,0.282195121049881
YML129C,YOR261C,0,-7.013063,0.17498217523097992,0.5987805128097534,0.28231707215309143
YJL203W,YMR127C,0,-7.01328,0.17491984367370605,0.5987805128097534,0.2824390232563019
YNL286W,YNR022C,0,-7.013482,0.17485755681991577,0.5987805128097534,0.28256097435951233
YBR186W,YGL212W,0,-7.0137315,0.17479529976844788,0.5987805128097534,0.2826829254627228
YJR089W,YLR324W,0,-7.014179,0.17473310232162476,0.5987805128097534,0.2828048765659332
YCR071C,YPL002C,0,-7.0146046,0.17467093467712402,0.5987805128097534,0.2829268276691437
YOL038W,YIL120W,0,-7.0148845,0.17460882663726807,0.5987805128097534,0.2830487787723541
YDR116C,YNL257C,0,-7.0151024,0.1745467483997345,0.5987805128097534,0.2831707298755646
YLR359W,YOL059W,0,-7.015114,0.1744847148656845,0.5987805128097534,0.283292680978775
YER015W,YOL110W,1,-7.015681,0.17477796971797943,0.6000000238418579,0.283292680978775
YMR033W,YGR189C,0,-7.0157585,0.17471590638160706,0.6000000238418579,0.2834146320819855
YKL168C,YBR049C,0,-7.0159593,0.17465388774871826,0.6000000238418579,0.2835365831851959
YGL139W,YDR500C,0,-7.0159793,0.17459191381931305,0.6000000238418579,0.28365853428840637
YPR057W,YOR124C,0,-7.016114,0.17452996969223022,0.6000000238418579,0.2837804853916168
YAL048C,YBR002C,0,-7.0161753,0.17446808516979218,0.6000000238418579,0.28390243649482727
YDL126C,YML025C,0,-7.016464,0.1744062453508377,0.6000000238418579,0.2840243875980377
YPL145C,YBR289W,0,-7.016732,0.17434443533420563,0.6000000238418579,0.28414633870124817
YLR431C,YDR122W,0,-7.0170465,0.17428268492221832,0.6000000238418579,0.2842682898044586
YKL007W,YDL095W,0,-7.0173693,0.1742209643125534,0.6000000238418579,0.28439024090766907
YDR513W,YDR490C,0,-7.017771,0.17415928840637207,0.6000000238418579,0.2845121920108795
YCR026C,YEL017C-A,0,-7.0182257,0.17409765720367432,0.6000000238418579,0.28463414311408997
YBL051C,YLR147C,0,-7.018313,0.17403608560562134,0.6000000238418579,0.2847560942173004
YBR290W,YML115C,0,-7.0183215,0.17397454380989075,0.6000000238418579,0.28487804532051086
YCL029C,YMR202W,0,-7.018397,0.17391304671764374,0.6000000238418579,0.2849999964237213
YOR034C,YOL003C,1,-7.018427,0.17420494556427002,0.6012195348739624,0.2849999964237213
YHR039C,YMR231W,0,-7.018442,0.17414341866970062,0.6012195348739624,0.28512194752693176
YIL009W,YBL052C,1,-7.0188775,0.17443503439426422,0.6024390459060669,0.28512194752693176
YHR102W,YMR036C,0,-7.0191593,0.17437346279621124,0.6024390459060669,0.2852438986301422
YDL108W,YDR071C,0,-7.0194283,0.17431192100048065,0.6024390459060669,0.28536584973335266
YPL125W,YGR234W,0,-7.0196986,0.17425043880939484,0.6024390459060669,0.2854878008365631
YLR013W,YKL122C,0,-7.019781,0.1741890013217926,0.6024390459060669,0.28560975193977356
YGL124C,YBR279W,0,-7.02018,0.17412759363651276,0.6024390459060669,0.285731703042984
YKL193C,YOR190W,0,-7.0202084,0.17406624555587769,0.6024390459060669,0.28585365414619446
YNR007C,YDR394W,0,-7.0203414,0.174004927277565,0.6024390459060669,0.2859756052494049
YDL017W,YBR293W,0,-7.0203757,0.1739436686038971,0.6024390459060669,0.28609755635261536
YGR206W,YIL173W,0,-7.020733,0.17388243973255157,0.6024390459060669,0.2862195074558258
YMR076C,YOL100W,0,-7.020906,0.17382125556468964,0.6024390459060669,0.28634145855903625
YMR043W,YJR110W,0,-7.0212793,0.17376011610031128,0.6024390459060669,0.2864634096622467
YOL110W,YDR167W,1,-7.021353,0.17405062913894653,0.6036585569381714,0.2864634096622467
YDL140C,YDL084W,0,-7.0216312,0.1739894598722458,0.6036585569381714,0.28658536076545715
YNL073W,YNL263C,0,-7.021638,0.17392832040786743,0.6036585569381714,0.2867073118686676
YLR399C,YDR120C,0,-7.0219097,0.17386722564697266,0.6036585569381714,0.28682926297187805
YDR041W,YDR495C,0,-7.021978,0.17380617558956146,0.6036585569381714,0.2869512140750885
YIR025W,YMR200W,0,-7.0221043,0.17374517023563385,0.6036585569381714,0.28707316517829895
YPR017C,YML069W,0,-7.022414,0.17368420958518982,0.6036585569381714,0.2871951162815094
YMR165C,YHR117W,0,-7.022453,0.17362329363822937,0.6036585569381714,0.28731706738471985
YDL165W,YPL192C,0,-7.022477,0.1735624074935913,0.6036585569381714,0.2874390184879303
YOR011W,YML029W,0,-7.022665,0.17350158095359802,0.6036585569381714,0.28756096959114075
YPL187W,YLR266C,0,-7.023094,0.17344078421592712,0.6036585569381714,0.2876829206943512
YOL027C,YPR154W,0,-7.0232043,0.1733800321817398,0.6036585569381714,0.28780487179756165
YKL052C,YBR039W,0,-7.0232673,0.17331932485103607,0.6036585569381714,0.2879268229007721
YDL200C,YLR151C,0,-7.023477,0.17325866222381592,0.6036585569381714,0.28804877400398254
YHR163W,YHR111W,0,-7.0235147,0.17319804430007935,0.6036585569381714,0.288170725107193
YNL271C,YLL024C,0,-7.023719,0.17313745617866516,0.6036585569381714,0.28829267621040344
YDR314C,YBR182C,0,-7.024342,0.17307692766189575,0.6036585569381714,0.2884146273136139
YPR074C,YKL196C,0,-7.0244465,0.17301642894744873,0.6036585569381714,0.28853657841682434
YKR030W,YJL078C,0,-7.024509,0.1729559749364853,0.6036585569381714,0.2886585295200348
YOL023W,YKL032C,0,-7.024875,0.17289556562900543,0.6036585569381714,0.28878048062324524
YGR208W,YKL211C,0,-7.024904,0.17283520102500916,0.6036585569381714,0.2889024317264557
YHR013C,YOL003C,1,-7.025484,0.17312391102313995,0.6048780679702759,0.2889024317264557
YHR158C,YBR195C,0,-7.025695,0.1730635017156601,0.6048780679702759,0.28902438282966614
YOR216C,YML085C,0,-7.0263944,0.17300313711166382,0.6048780679702759,0.2891463339328766
YDR060W,YDR011W,0,-7.026421,0.17294281721115112,0.6048780679702759,0.28926828503608704
YOR127W,YDR359C,0,-7.026548,0.172882542014122,0.6048780679702759,0.2893902361392975
YIL063C,YGL059W,0,-7.0265646,0.17282229661941528,0.6048780679702759,0.28951218724250793
YFR025C,YDR486C,0,-7.0266194,0.17276211082935333,0.6048780679702759,0.2896341383457184
YIL142W,YHR211W,0,-7.0267696,0.17270195484161377,0.6048780679702759,0.28975608944892883
YLR097C,YIR025W,0,-7.026826,0.1726418435573578,0.6048780679702759,0.2898780405521393
YGL075C,YGL198W,0,-7.0268345,0.1725817620754242,0.6048780679702759,0.28999999165534973
YGL111W,YER149C,0,-7.027666,0.17252174019813538,0.6048780679702759,0.2901219427585602
YLR275W,YGR198W,0,-7.0277076,0.17246174812316895,0.6048780679702759,0.29024389386177063
YGL236C,YBL011W,0,-7.0279913,0.1724018007516861,0.6048780679702759,0.2903658449649811
YMR076C,YCL033C,0,-7.028062,0.17234189808368683,0.6048780679702759,0.29048779606819153
YNL062C,YDR439W,0,-7.0285187,0.17228204011917114,0.6048780679702759,0.290609747171402
YGL105W,YPR019W,0,-7.0288076,0.17222222685813904,0.6048780679702759,0.2907316982746124
YMR163C,YOR177C,0,-7.0288086,0.17216244339942932,0.6048780679702759,0.2908536493778229
YDR423C,YPL031C,0,-7.029067,0.17210270464420319,0.6048780679702759,0.2909756004810333
YER017C,YGR065C,0,-7.029148,0.17204301059246063,0.6048780679702759,0.2910975515842438
YNL271C,YDR191W,0,-7.0296507,0.17198336124420166,0.6048780679702759,0.2912195026874542
YGR189C,YOR321W,0,-7.0298905,0.17192374169826508,0.6048780679702759,0.2913414537906647
YLR284C,YDR198C,0,-7.0300956,0.17186416685581207,0.6048780679702759,0.2914634048938751
YOR328W,YMR190C,0,-7.0303993,0.17180463671684265,0.6048780679702759,0.29158535599708557
YDR301W,YDR341C,0,-7.0311956,0.1717451512813568,0.6048780679702759,0.291707307100296
YKR095W-A,YKL178C,0,-7.031371,0.17168571054935455,0.6048780679702759,0.29182925820350647
YPL273W,YGR198W,0,-7.031557,0.17162629961967468,0.6048780679702759,0.2919512093067169
YDR424C,YHR088W,0,-7.0315933,0.1715669333934784,0.6048780679702759,0.29207316040992737
YBL003C,YHR154W,0,-7.031767,0.17150761187076569,0.6048780679702759,0.2921951115131378
YOR127W,YDR470C,0,-7.0321198,0.17144832015037537,0.6048780679702759,0.29231706261634827
YJR104C,YMR261C,0,-7.0323973,0.17138908803462982,0.6048780679702759,0.2924390137195587
YBR234C,YIL046W,0,-7.0326805,0.17132988572120667,0.6048780679702759,0.29256096482276917
YDL220C,YOL051W,0,-7.0328655,0.1712707132101059,0.6048780679702759,0.2926829159259796
YBR222C,YDR469W,0,-7.0330343,0.1712116003036499,0.6048780679702759,0.29280486702919006
YLR368W,YJR102C,0,-7.033158,0.1711525171995163,0.6048780679702759,0.2929268181324005
YNL055C,YFR005C,0,-7.033301,0.17109347879886627,0.6048780679702759,0.29304876923561096
YKL007W,YML071C,0,-7.0335464,0.17103448510169983,0.6048780679702759,0.2931707203388214
YFL039C,YDL040C,1,-7.03494,0.17132022976875305,0.6060975790023804,0.2931707203388214
YGR090W,YDR486C,0,-7.035409,0.17126120626926422,0.6060975790023804,0.29329267144203186
YLL002W,YDR167W,1,-7.0354395,0.17154668271541595,0.6073170900344849,0.29329267144203186
YLR244C,YPL105C,0,-7.0357265,0.17148759961128235,0.6073170900344849,0.2934146225452423
YDR440W,YBL038W,0,-7.03648,0.17142857611179352,0.6073170900344849,0.29353657364845276
YGR041W,YER144C,0,-7.0365458,0.17136958241462708,0.6073170900344849,0.2936585247516632
YPL047W,YJL035C,0,-7.036558,0.1713106334209442,0.6073170900344849,0.29378047585487366
YLR060W,YIL149C,0,-7.0365696,0.17125171422958374,0.6073170900344849,0.2939024269580841
YNR020C,YDL013W,0,-7.03664,0.17119285464286804,0.6073170900344849,0.29402437806129456
YOR034C,YOR244W,1,-7.036693,0.17147766053676605,0.6085366010665894,0.29402437806129456
YMR211W,YER133W,0,-7.0369487,0.17141875624656677,0.6085366010665894,0.294146329164505
YDL007W,YBL014C,0,-7.037364,0.17135989665985107,0.6085366010665894,0.29426828026771545
YDR480W,YOR098C,0,-7.0381517,0.17130106687545776,0.6085366010665894,0.2943902313709259
YBL074C,YKR048C,0,-7.038169,0.17124228179454803,0.6085366010665894,0.29451218247413635
YBL099W,YHR055C,0,-7.038226,0.1711835265159607,0.6085366010665894,0.2946341335773468
YCR003W,YHR001W-A,0,-7.0382814,0.17112483084201813,0.6085366010665894,0.29475608468055725
YDL192W,YBR193C,0,-7.03831,0.17106616497039795,0.6085366010665894,0.2948780357837677
YJL060W,YEL046C,0,-7.038463,0.17100754380226135,0.6085366010665894,0.29499998688697815
YPR193C,YBL052C,1,-7.0387173,0.1712915450334549,0.6097561120986938,0.29499998688697815
YOL152W,YDL105W,0,-7.0388556,0.17123287916183472,0.6097561120986938,0.2951219379901886
YER141W,YLR113W,0,-7.039098,0.17117425799369812,0.6097561120986938,0.29524388909339905
YDL002C,YAL055W,0,-7.0392027,0.1711156815290451,0.6097561120986938,0.2953658401966095
YLR293C,YBL011W,0,-7.0393906,0.17105713486671448,0.6097561120986938,0.29548779129981995
YLR390W-A,YKR063C,0,-7.0395,0.17099863290786743,0.6097561120986938,0.2956097424030304
YPR186C,YPL026C,0,-7.039521,0.17094017565250397,0.6097561120986938,0.29573169350624084
YGL241W,YER180C-A,0,-7.0397778,0.1708817481994629,0.6097561120986938,0.2958536446094513
YDR481C,YPR125W,0,-7.040442,0.1708233654499054,0.6097561120986938,0.29597559571266174
YPR037C,YDL138W,0,-7.0406356,0.17076502740383148,0.6097561120986938,0.2960975468158722
YBR131W,YBR177C,0,-7.0408216,0.17070671916007996,0.6097561120986938,0.29621949791908264
YGR165W,YPL253C,0,-7.041113,0.1706484705209732,0.6097561120986938,0.2963414490222931
YHR072W,YDR347W,0,-7.042317,0.17059023678302765,0.6097561120986938,0.29646340012550354
YOL122C,YER090W,0,-7.04247,0.17053206264972687,0.6097561120986938,0.296585351228714
YPL076W,YJL165C,0,-7.0426693,0.17047391831874847,0.6097561120986938,0.29670730233192444
YGL142C,YGL053W,0,-7.043041,0.17041581869125366,0.6097561120986938,0.2968292534351349
YDL174C,YBR106W,0,-7.0431256,0.17035774886608124,0.6097561120986938,0.2969512343406677
YPR034W,YGR255C,0,-7.043812,0.1702997237443924,0.6097561120986938,0.2970731854438782
YIL154C,YMR075W,0,-7.0439396,0.17024174332618713,0.6097561120986938,0.2971951365470886
YDR143C,YGR221C,0,-7.044371,0.17018379271030426,0.6097561120986938,0.2973170876502991
YLR266C,YCL032W,0,-7.045167,0.17012588679790497,0.6097561120986938,0.2974390387535095
YML078W,YGR024C,0,-7.045267,0.17006802558898926,0.6097561120986938,0.29756098985671997
YOR161C,YGL083W,0,-7.0453396,0.17001019418239594,0.6097561120986938,0.2976829409599304
YKR085C,YKR095W-A,0,-7.0461974,0.1699524074792862,0.6097561120986938,0.29780489206314087
YBR175W,YOR086C,0,-7.0466523,0.16989466547966003,0.6097561120986938,0.2979268431663513
YMR129W,YPL032C,0,-7.046963,0.16983695328235626,0.6097561120986938,0.29804879426956177
YMR212C,YLL031C,0,-7.0470037,0.16977928578853607,0.6097561120986938,0.2981707453727722
YBR248C,YGL241W,0,-7.0473423,0.16972166299819946,0.6097561120986938,0.29829269647598267
YPL094C,YER029C,0,-7.0476465,0.16966407001018524,0.6097561120986938,0.2984146475791931
YCL029C,YJR092W,0,-7.047818,0.1696065068244934,0.6097561120986938,0.29853659868240356
YOR147W,YLL003W,0,-7.048313,0.16954900324344635,0.6097561120986938,0.298658549785614
YLR027C,YJR161C,0,-7.049435,0.16949152946472168,0.6097561120986938,0.29878050088882446
YGR086C,YER118C,0,-7.049574,0.1694340854883194,0.6097561120986938,0.2989024519920349
YJR158W,YGL210W,0,-7.0498495,0.1693767011165619,0.6097561120986938,0.29902440309524536
YOL113W,YDR172W,0,-7.0500126,0.16931933164596558,0.6097561120986938,0.2991463541984558
YBR149W,YLR381W,0,-7.0507827,0.16926202178001404,0.6097561120986938,0.29926830530166626
YJR066W,YLL048C,0,-7.051323,0.1692047417163849,0.6097561120986938,0.2993902564048767
YEL053C,YPR051W,1,-7.051461,0.16948579251766205,0.6109756231307983,0.2993902564048767
YGL166W,YEL015W,0,-7.05202,0.16942846775054932,0.6109756231307983,0.29951220750808716
YGR216C,YDR219C,0,-7.0520506,0.16937120258808136,0.6109756231307983,0.2996341586112976
YDL137W,YJL104W,0,-7.052779,0.1693139523267746,0.6109756231307983,0.29975610971450806
YBL022C,YPR103W,0,-7.0528555,0.1692567616701126,0.6109756231307983,0.2998780608177185
YBL016W,YPR168W,0,-7.053035,0.169199600815773,0.6109756231307983,0.30000001192092896
YHR132C,YMR214W,0,-7.053049,0.1691424697637558,0.6109756231307983,0.3001219630241394
YGR220C,YKR095W-A,0,-7.0537176,0.16908538341522217,0.6109756231307983,0.30024391412734985
YDL040C,YOL110W,1,-7.0537314,0.16936571896076202,0.6121951341629028,0.30024391412734985
YOR208W,YOR307C,0,-7.0537877,0.169308602809906,0.6121951341629028,0.3003658652305603
YCR026C,YDR334W,0,-7.053795,0.16925151646137238,0.6121951341629028,0.30048781633377075
YDL136W,YEL040W,0,-7.0538926,0.16919447481632233,0.6121951341629028,0.3006097674369812
YJL006C,YML065W,0,-7.054347,0.16913746297359467,0.6121951341629028,0.30073171854019165
YGR121C,YNR047W,0,-7.054743,0.16908049583435059,0.6121951341629028,0.3008536696434021
YPL137C,YMR081C,0,-7.05478,0.1690235733985901,0.6121951341629028,0.30097562074661255
YGR175C,YOR321W,0,-7.0549574,0.16896668076515198,0.6121951341629028,0.301097571849823
YER015W,YOR064C,1,-7.0549784,0.16924630105495453,0.6134146451950073,0.301097571849823
YDL099W,YJR074W,0,-7.055064,0.16918936371803284,0.6134146451950073,0.30121952295303345
YJL219W,YKL126W,0,-7.0550804,0.16913248598575592,0.6134146451950073,0.3013414740562439
YIL049W,YGR044C,0,-7.05608,0.1690756231546402,0.6134146451950073,0.30146342515945435
YNL286W,YMR071C,0,-7.0562086,0.16901881992816925,0.6134146451950073,0.3015853762626648
YFR005C,YGR192C,0,-7.056387,0.1689620465040207,0.6134146451950073,0.30170732736587524
YOR034C,YJL081C,1,-7.056945,0.16924110054969788,0.6146341562271118,0.30170732736587524
YAR071W,YGL058W,0,-7.057107,0.16918429732322693,0.6146341562271118,0.3018292784690857
YER125W,YIR018W,0,-7.0574584,0.16912752389907837,0.6146341562271118,0.30195122957229614
YGL033W,YDR084C,0,-7.0576854,0.1690707802772522,0.6146341562271118,0.3020731806755066
YDL108W,YBL080C,0,-7.058049,0.1690140813589096,0.6146341562271118,0.30219513177871704
YML048W,YLR116W,0,-7.0581856,0.1689574271440506,0.6146341562271118,0.3023170828819275
YBR145W,YAL002W,0,-7.0583916,0.16890080273151398,0.6146341562271118,0.30243903398513794
YOL003C,YDR167W,1,-7.058515,0.16917923092842102,0.6158536672592163,0.30243903398513794
YDR440W,YNR047W,0,-7.0592036,0.169122576713562,0.6158536672592163,0.3025609850883484
YFL031W,YHR063C,0,-7.059283,0.1690659523010254,0.6158536672592163,0.30268293619155884
YDR534C,YLR006C,0,-7.05943,0.16900937259197235,0.6158536672592163,0.3028048872947693
YNL192W,YPR155C,0,-7.0594983,0.1689528226852417,0.6158536672592163,0.30292683839797974
YIL085C,YDL056W,0,-7.059637,0.16889631748199463,0.6158536672592163,0.3030487895011902
YAL041W,YJL056C,0,-7.059779,0.16883985698223114,0.6158536672592163,0.30317074060440063
YHR156C,YBR103W,0,-7.0601144,0.16878342628479004,0.6158536672592163,0.3032926917076111
YKR095W-A,YBR228W,0,-7.0608068,0.16872702538967133,0.6158536672592163,0.30341464281082153
YMR127C,YDR320C,0,-7.0608697,0.1686706691980362,0.6158536672592163,0.303536593914032
YPL140C,YHR026W,0,-7.0609236,0.16861435770988464,0.6158536672592163,0.30365854501724243
YBR193C,YGR179C,0,-7.0614038,0.16855807602405548,0.6158536672592163,0.3037804961204529
YBL038W,YML072C,0,-7.061615,0.1685018390417099,0.6158536672592163,0.30390244722366333
YEL066W,YPR131C,1,-7.0622883,0.1687791794538498,0.6170731782913208,0.30390244722366333
YMR094W,YLR362W,0,-7.0623097,0.16872291266918182,0.6170731782913208,0.3040243983268738
YLR231C,YML019W,0,-7.0627193,0.16866666078567505,0.6170731782913208,0.30414634943008423
YOR174W,YDR105C,0,-7.062792,0.16861046850681305,0.6170731782913208,0.3042683005332947
YDL231C,YBR152W,0,-7.0629253,0.16855429112911224,0.6170731782913208,0.3043902516365051
YHR086W,YAR008W,0,-7.0632844,0.1684981733560562,0.6170731782913208,0.3045122027397156
YLR246W,YBL052C,1,-7.0633206,0.16877496242523193,0.6182926893234253,0.3045122027397156
YLR370C,YDR488C,0,-7.0634947,0.16871879994869232,0.6182926893234253,0.304634153842926
YDR155C,YJL041W,0,-7.0635796,0.1686626672744751,0.6182926893234253,0.3047561049461365
YNL030W,YOR256C,0,-7.063596,0.16860657930374146,0.6182926893234253,0.3048780560493469
YJL082W,YNR045W,0,-7.063795,0.1685505360364914,0.6182926893234253,0.3050000071525574
YPL179W,YDR468C,0,-7.063855,0.16849452257156372,0.6182926893234253,0.3051219582557678
YMR165C,YLR107W,0,-7.0641794,0.16843853890895844,0.6182926893234253,0.30524390935897827
YAL055W,YOR106W,0,-7.0646133,0.16838259994983673,0.6182926893234253,0.3053658604621887
YNL071W,YKR060W,0,-7.064944,0.16832669079303741,0.6182926893234253,0.30548781156539917
YER116C,YIL039W,0,-7.0652275,0.16827082633972168,0.6182926893234253,0.3056097626686096
YGL092W,YNL290W,0,-7.065963,0.16821499168872833,0.6182926893234253,0.30573171377182007
YLR452C,YLR004C,0,-7.0663395,0.16815920174121857,0.6182926893234253,0.3058536648750305
YDR005C,YHL036W,0,-7.066474,0.1681034415960312,0.6182926893234253,0.30597561597824097
YBR258C,YGL049C,0,-7.0664864,0.1680477261543274,0.6182926893234253,0.3060975670814514
YNL038W,YDR262W,0,-7.0666647,0.16799204051494598,0.6182926893234253,0.30621951818466187
YNR055C,YOR132W,0,-7.066783,0.16793639957904816,0.6182926893234253,0.3063414692878723
YDL192W,YDR379W,0,-7.0671673,0.16788078844547272,0.6182926893234253,0.30646342039108276
YLR246W,YOR064C,1,-7.0676374,0.168156236410141,0.6195122003555298,0.30646342039108276
YNL293W,YER148W,0,-7.0676956,0.16810059547424316,0.6195122003555298,0.3065853714942932
YOR035C,YPL176C,0,-7.068145,0.16804498434066772,0.6195122003555298,0.30670732259750366
YHR142W,YHR146W,0,-7.069192,0.16798941791057587,0.6195122003555298,0.3068292737007141
YPL001W,YEL053C,1,-7.0696826,0.1682644635438919,0.6207317113876343,0.3068292737007141
YPL124W,YEL006W,0,-7.0698886,0.16820885241031647,0.6207317113876343,0.30695122480392456
YJR064W,YJL099W,0,-7.070004,0.1681532859802246,0.6207317113876343,0.307073175907135
YER183C,YHR194W,0,-7.07016,0.16809774935245514,0.6207317113876343,0.30719512701034546
YBR234C,YGL125W,0,-7.0705833,0.16804225742816925,0.6207317113876343,0.3073170781135559
YFL056C,YHR102W,0,-7.0709524,0.16798679530620575,0.6207317113876343,0.30743902921676636
YAL058W,YDR116C,0,-7.0715194,0.16793137788772583,0.6207317113876343,0.3075609803199768
YDR503C,YBR130C,0,-7.072235,0.1678759902715683,0.6207317113876343,0.30768293142318726
YOR349W,YER098W,0,-7.072736,0.16782063245773315,0.6207317113876343,0.3078048825263977
YCL034W,YDR004W,0,-7.072959,0.1677653193473816,0.6207317113876343,0.30792683362960815
YLR300W,YLR058C,0,-7.073702,0.1677100509405136,0.6207317113876343,0.3080487847328186
YNL169C,YPR125W,0,-7.0737576,0.16765481233596802,0.6207317113876343,0.30817073583602905
YMR257C,YKL197C,0,-7.073906,0.1675996035337448,0.6207317113876343,0.3082926869392395
YDR488C,YHR063C,0,-7.074295,0.1675444394350052,0.6207317113876343,0.30841463804244995
YDR481C,YER161C,0,-7.074958,0.16748930513858795,0.6207317113876343,0.3085365891456604
YOL062C,YBR297W,0,-7.0753994,0.1674342155456543,0.6207317113876343,0.30865854024887085
YOR354C,YFR010W,0,-7.0755587,0.16737915575504303,0.6207317113876343,0.3087804913520813
YPR192W,YKR087C,0,-7.075665,0.16732412576675415,0.6207317113876343,0.30890244245529175
YDR427W,YFL049W,0,-7.075991,0.16726914048194885,0.6207317113876343,0.3090243935585022
YOR244W,YEL056W,1,-7.076004,0.1675427109003067,0.6219512224197388,0.3090243935585022
YDR377W,YIL035C,0,-7.076136,0.16748768091201782,0.6219512224197388,0.30914634466171265
YOR037W,YML011C,0,-7.0763426,0.16743269562721252,0.6219512224197388,0.3092682957649231
YIL062C,YBR106W,0,-7.0764017,0.1673777550458908,0.6219512224197388,0.30939024686813354
YDR198C,YOR339C,0,-7.0766473,0.16732282936573029,0.6219512224197388,0.309512197971344
YOR324C,YER040W,0,-7.076729,0.16726796329021454,0.6219512224197388,0.30963414907455444
YML019W,YER180C-A,0,-7.076768,0.16721311211585999,0.6219512224197388,0.3097561001777649
YJL124C,YOR221C,0,-7.0768166,0.167158305644989,0.6219512224197388,0.30987805128097534
YKL144C,YDR079C-A,0,-7.076915,0.16710354387760162,0.6219512224197388,0.3100000023841858
YNL009W,YBL105C,0,-7.076963,0.16704879701137543,0.6219512224197388,0.31012195348739624
YHR013C,YDL040C,1,-7.077672,0.16732154786586761,0.6231707334518433,0.31012195348739624
YLR144C,YLR090W,0,-7.077898,0.16726677119731903,0.6231707334518433,0.3102439045906067
YPL001W,YDL040C,1,-7.077953,0.16753926873207092,0.6243902444839478,0.3102439045906067
YOR259C,YER024W,0,-7.078109,0.16748446226119995,0.6243902444839478,0.31036585569381714
YLR139C,YMR077C,0,-7.078232,0.16742968559265137,0.6243902444839478,0.3104878067970276
YPL133C,YIL022W,0,-7.078454,0.16737495362758636,0.6243902444839478,0.31060975790023804
YMR211W,YDR202C,0,-7.07859,0.16732026636600494,0.6243902444839478,0.3107317090034485
YEL018W,YOR149C,0,-7.0786014,0.16726559400558472,0.6243902444839478,0.31085366010665894
YBR019C,YLR254C,0,-7.0786376,0.16721096634864807,0.6243902444839478,0.3109756112098694
YNL136W,YOL076W,1,-7.0787067,0.16748285293579102,0.6256097555160522,0.3109756112098694
YDR013W,YLR066W,0,-7.0787525,0.16742819547653198,0.6256097555160522,0.31109756231307983
YHL031C,YBL003C,0,-7.078965,0.16737356781959534,0.6256097555160522,0.3112195134162903
YLR136C,YLR396C,0,-7.0791273,0.16731898486614227,0.6256097555160522,0.31134146451950073
YML085C,YJL222W,0,-7.079273,0.1672644317150116,0.6256097555160522,0.3114634156227112
YJL076W,YPR052C,0,-7.079282,0.1672099083662033,0.6256097555160522,0.31158536672592163
YIR037W,YGR006W,0,-7.079493,0.1671554297208786,0.6256097555160522,0.3117073178291321
YPL194W,YOR373W,0,-7.0798907,0.16710098087787628,0.6256097555160522,0.31182926893234253
YJL115W,YOR064C,1,-7.080062,0.1673721969127655,0.6268292665481567,0.31182926893234253
YFL024C,YPR051W,1,-7.0803924,0.1676432341337204,0.6280487775802612,0.31182926893234253
YAR014C,YCR020C,0,-7.0804677,0.16758868098258972,0.6280487775802612,0.311951220035553
YPL207W,YDR080W,0,-7.0810738,0.16753415763378143,0.6280487775802612,0.3120731711387634
YDL049C,YLR288C,0,-7.0816407,0.16747967898845673,0.6280487775802612,0.3121951222419739
YLR013W,YNL049C,0,-7.0816703,0.1674252301454544,0.6280487775802612,0.3123170733451843
YDL136W,YML025C,0,-7.081683,0.16737081110477448,0.6280487775802612,0.3124390244483948
YKL190W,YNL258C,0,-7.081704,0.16731643676757812,0.6280487775802612,0.3125609755516052
YLR102C,YER024W,0,-7.0818434,0.16726209223270416,0.6280487775802612,0.3126829266548157
YKR083C,YHR041C,0,-7.081846,0.16720779240131378,0.6280487775802612,0.3128048777580261
YPL063W,YDR325W,0,-7.082271,0.1671535223722458,0.6280487775802612,0.3129268288612366
YDL076C,YJR007W,0,-7.0825977,0.16709928214550018,0.6280487775802612,0.313048779964447
YER125W,YNR039C,0,-7.0826197,0.16704508662223816,0.6280487775802612,0.31317073106765747
YEL066W,YMR236W,1,-7.083323,0.16731517016887665,0.6292682886123657,0.31317073106765747
YKL213C,YNL268W,0,-7.083804,0.16726094484329224,0.6292682886123657,0.3132926821708679
YIL040W,YLR095C,0,-7.0843687,0.16720673441886902,0.6292682886123657,0.31341463327407837
YIR015W,YLR277C,0,-7.0851145,0.16715256869792938,0.6292682886123657,0.3135365843772888
YFL039C,YNL136W,1,-7.0852118,0.16742227971553802,0.6304877996444702,0.3135365843772888
YLR324W,YML055W,0,-7.085213,0.167368084192276,0.6304877996444702,0.31365853548049927
YLR342W,YEL016C,0,-7.085418,0.16731391847133636,0.6304877996444702,0.3137804865837097
YKL142W,YDR311W,0,-7.0854974,0.16725978255271912,0.6304877996444702,0.31390243768692017
YER013W,YEL050C,0,-7.0857277,0.16720569133758545,0.6304877996444702,0.3140243887901306
YBR248C,YLR019W,0,-7.085851,0.16715162992477417,0.6304877996444702,0.31414633989334106
YMR312W,YMR296C,0,-7.0863705,0.16709761321544647,0.6304877996444702,0.3142682909965515
YNR010W,YAL048C,0,-7.087248,0.16704361140727997,0.6304877996444702,0.31439024209976196
YFL010W-A,YOR090C,0,-7.087723,0.16698966920375824,0.6304877996444702,0.3145121932029724
YER162C,YFL036W,0,-7.0889187,0.1669357419013977,0.6304877996444702,0.31463414430618286
YPR034W,YLR329W,0,-7.0892806,0.16688185930252075,0.6304877996444702,0.3147560954093933
YOR145C,YER087C-B,0,-7.0894885,0.1668280065059662,0.6304877996444702,0.31487804651260376
YER112W,YHR030C,0,-7.089491,0.1667741984128952,0.6304877996444702,0.3149999976158142
YDR480W,YPL269W,0,-7.089714,0.1667204201221466,0.6304877996444702,0.31512194871902466
YBR243C,YGR276C,0,-7.0901165,0.1666666716337204,0.6304877996444702,0.3152438998222351
YGR010W,YKL018W,0,-7.0910635,0.16661295294761658,0.6304877996444702,0.31536585092544556
YGL066W,YOL110W,1,-7.091278,0.16688144207000732,0.6317073106765747,0.31536585092544556
YCL029C,YFR027W,0,-7.091488,0.16682769358158112,0.6317073106765747,0.315487802028656
YFL039C,YDR392W,1,-7.0916357,0.16709594428539276,0.6329268217086792,0.315487802028656
YOR347C,YDR486C,0,-7.092023,0.16704216599464417,0.6329268217086792,0.31560975313186646
YEL042W,YOL111C,0,-7.092325,0.16698841750621796,0.6329268217086792,0.3157317042350769
YDL232W,YOR060C,0,-7.0927157,0.16693469882011414,0.6329268217086792,0.31585365533828735
YHR178W,YGR020C,0,-7.093321,0.1668810248374939,0.6329268217086792,0.3159756064414978
YKL146W,YKL201C,0,-7.093349,0.16682738065719604,0.6329268217086792,0.31609755754470825
YKR019C,YCL069W,0,-7.0934687,0.16677378118038177,0.6329268217086792,0.3162195086479187
YNL026W,YBR294W,0,-7.0935507,0.1667202115058899,0.6329268217086792,0.31634145975112915
YOR038C,YGL013C,0,-7.0942507,0.1666666716337204,0.6329268217086792,0.3164634108543396
YLR384C,YMR266W,0,-7.094529,0.1666131615638733,0.6329268217086792,0.31658536195755005
YJL157C,YAL005C,0,-7.0948877,0.16655969619750977,0.6329268217086792,0.3167073130607605
YPL001W,YPR051W,1,-7.0955024,0.16682708263397217,0.6341463327407837,0.3167073130607605
YPL160W,YGR186W,0,-7.095661,0.16677357256412506,0.6341463327407837,0.31682926416397095
YFR004W,YJL141C,0,-7.095681,0.16672010719776154,0.6341463327407837,0.3169512152671814
YCR081W,YBR173C,0,-7.0956907,0.1666666716337204,0.6341463327407837,0.31707316637039185
YAL039C,YPL163C,0,-7.0961514,0.16661326587200165,0.6341463327407837,0.3171951174736023
YHR051W,YGL106W,0,-7.0963187,0.16655990481376648,0.6341463327407837,0.31731706857681274
YGR109C,YDR205W,0,-7.096441,0.1665065586566925,0.6341463327407837,0.3174390196800232
YLR246W,YMR246W,1,-7.0970454,0.16677336394786835,0.6353658437728882,0.3174390196800232
YJL073W,YDL084W,0,-7.097182,0.16672000288963318,0.6353658437728882,0.31756097078323364
YLR163C,YER089C,0,-7.097287,0.1666666716337204,0.6353658437728882,0.3176829218864441
YDR237W,YHR111W,0,-7.097607,0.16661337018013,0.6353658437728882,0.31780487298965454
YOR299W,YBR135W,0,-7.097886,0.166560098528862,0.6353658437728882,0.317926824092865
YER105C,YML028W,0,-7.098104,0.16650687158107758,0.6353658437728882,0.31804877519607544
YJL196C,YMR177W,0,-7.098274,0.16645367443561554,0.6353658437728882,0.3181707262992859
YAL015C,YNR039C,0,-7.098347,0.1664005070924759,0.6353658437728882,0.31829267740249634
YMR043W,YBR188C,0,-7.098377,0.16634738445281982,0.6353658437728882,0.3184146285057068
YER129W,YKL122C,0,-7.0986586,0.16629429161548615,0.6353658437728882,0.31853657960891724
YNL065W,YIL120W,0,-7.0987678,0.16624122858047485,0.6353658437728882,0.3186585307121277
YNR045W,YNL016W,0,-7.098784,0.16618819534778595,0.6353658437728882,0.31878048181533813
YNR075W,YNL329C,0,-7.099075,0.16613520681858063,0.6353658437728882,0.3189024329185486
YLR378C,YMR216C,0,-7.099102,0.1660822480916977,0.6353658437728882,0.31902438402175903
YDL207W,YDL232W,0,-7.099402,0.16602931916713715,0.6353658437728882,0.3191463351249695
YPR168W,YBR035C,0,-7.1000786,0.165976420044899,0.6353658437728882,0.31926828622817993
YMR238W,YBR265W,0,-7.1002703,0.1659235656261444,0.6353658437728882,0.3193902373313904
YPL024W,YPR056W,0,-7.100689,0.16587074100971222,0.6353658437728882,0.31951218843460083
YER119C,YHR067W,0,-7.1009464,0.16581794619560242,0.6353658437728882,0.3196341395378113
YLR411W,YGR112W,0,-7.1009946,0.1657651960849762,0.6353658437728882,0.31975609064102173
YNL245C,YPL206C,0,-7.1010756,0.16571246087551117,0.6353658437728882,0.3198780417442322
YOR174W,YDR002W,0,-7.101133,0.16565977036952972,0.6353658437728882,0.3199999928474426
YOL008W,YIL037C,0,-7.1014233,0.16560712456703186,0.6353658437728882,0.3201219439506531
YHR013C,YOL076W,1,-7.1020336,0.165872260928154,0.6365853548049927,0.3201219439506531
YDR081C,YKR020W,0,-7.102046,0.16581957042217255,0.6365853548049927,0.3202438950538635
YER005W,YEL047C,0,-7.102462,0.1657669097185135,0.6365853548049927,0.320365846157074
YDR123C,YDR229W,0,-7.1028657,0.16571427881717682,0.6365853548049927,0.3204877972602844
YNL048W,YMR281W,0,-7.103009,0.16566169261932373,0.6365853548049927,0.3206097483634949
YIR037W,YPR067W,0,-7.103057,0.16560913622379303,0.6365853548049927,0.3207316994667053
YHR024C,YDR097C,0,-7.1031904,0.16555660963058472,0.6365853548049927,0.32085365056991577
YBR222C,YBR294W,0,-7.1036024,0.16550412774085999,0.6365853548049927,0.3209756016731262
YDR153C,YNR024W,0,-7.1037993,0.16545166075229645,0.6365853548049927,0.32109755277633667
YGL207W,YIR018W,0,-7.104251,0.1653992384672165,0.6365853548049927,0.3212195038795471
YHL002W,YGR229C,0,-7.1043077,0.16534684598445892,0.6365853548049927,0.32134145498275757
YGR041W,YJL074C,0,-7.1043835,0.16529448330402374,0.6365853548049927,0.321463406085968
YFR009W,YLR183C,0,-7.1044893,0.16524216532707214,0.6365853548049927,0.32158535718917847
YKR034W,YML014W,0,-7.1044893,0.16518987715244293,0.6365853548049927,0.3217073082923889
YOR147W,YLR398C,0,-7.104494,0.1651376187801361,0.6365853548049927,0.32182925939559937
YER149C,YFL005W,0,-7.10454,0.16508539021015167,0.6365853548049927,0.3219512104988098
YNL083W,YKL020C,0,-7.1048684,0.16503319144248962,0.6365853548049927,0.32207316160202026
YIL009W,YDR392W,1,-7.105422,0.16529709100723267,0.6378048658370972,0.32207316160202026
YKL186C,YPL033C,0,-7.1055183,0.16524486243724823,0.6378048658370972,0.3221951127052307
YMR281W,YDR281C,0,-7.106079,0.16519267857074738,0.6378048658370972,0.32231706380844116
YPL076W,YLR181C,0,-7.107081,0.16514050960540771,0.6378048658370972,0.3224390149116516
YOR149C,YFL059W,0,-7.107256,0.16508838534355164,0.6378048658370972,0.32256096601486206
YER183C,YDR172W,0,-7.107914,0.16503629088401794,0.6378048658370972,0.3226829171180725
YEL017C-A,YML038C,0,-7.1082616,0.16498422622680664,0.6378048658370972,0.32280486822128296
YGL018C,YNL087W,0,-7.10838,0.16493219137191772,0.6378048658370972,0.3229268193244934
YOR264W,YJL129C,0,-7.108573,0.1648802012205124,0.6378048658370972,0.32304877042770386
YBR177C,YAR033W,0,-7.1091986,0.16482824087142944,0.6378048658370972,0.3231707215309143
YDL159W,YNL299W,0,-7.1092525,0.16477631032466888,0.6378048658370972,0.32329267263412476
YKL168C,YMR145C,0,-7.1097016,0.1647244095802307,0.6378048658370972,0.3234146237373352
YOR257W,YER040W,0,-7.109825,0.16467253863811493,0.6378048658370972,0.32353657484054565
YDR113C,YMR241W,0,-7.109886,0.16462071239948273,0.6378048658370972,0.3236585259437561
YLL027W,YPL124W,0,-7.109898,0.1645689159631729,0.6378048658370972,0.32378047704696655
YLR308W,YKL189W,0,-7.1103687,0.16451714932918549,0.6378048658370972,0.323902428150177
YLR153C,YGR002C,1,-7.110408,0.1647798717021942,0.6390243768692017,0.323902428150177
YGL116W,YBR146W,0,-7.1108227,0.1647280752658844,0.6390243768692017,0.32402437925338745
YKR076W,YPL120W,0,-7.1118965,0.16467630863189697,0.6390243768692017,0.3241463303565979
YPL024W,YBR273C,0,-7.112233,0.16462457180023193,0.6390243768692017,0.32426828145980835
YJR084W,YBL076C,0,-7.112547,0.16457286477088928,0.6390243768692017,0.3243902325630188
YMR036C,YLR447C,0,-7.1133413,0.16452118754386902,0.6390243768692017,0.32451218366622925
YGL054C,YLR221C,0,-7.1134176,0.16446955502033234,0.6390243768692017,0.3246341347694397
YOL135C,YKR095W-A,0,-7.1134634,0.16441795229911804,0.6390243768692017,0.32475608587265015
YKL032C,YEL059C-A,0,-7.1141586,0.16436637938022614,0.6390243768692017,0.3248780369758606
YER044C-A,YDR515W,0,-7.114235,0.16431483626365662,0.6390243768692017,0.32499998807907104
YBR039W,YML088W,0,-7.1143537,0.16426332294940948,0.6390243768692017,0.3251219391822815
YPR049C,YGR253C,0,-7.1159,0.16421183943748474,0.6390243768692017,0.32524389028549194
YKL114C,YLR151C,0,-7.11627,0.16416040062904358,0.6390243768692017,0.3253658413887024
YPL138C,YPL087W,0,-7.116274,0.1641089916229248,0.6390243768692017,0.32548779249191284
YBR125C,YKR072C,0,-7.1168885,0.16405761241912842,0.6390243768692017,0.3256097435951233
YIL006W,YDR065W,0,-7.116914,0.16400626301765442,0.6390243768692017,0.32573169469833374
YMR228W,YGL045W,0,-7.117377,0.1639549434185028,0.6390243768692017,0.3258536458015442
YKL188C,YOR137C,0,-7.117454,0.16390365362167358,0.6390243768692017,0.32597559690475464
YOR233W,YBL033C,0,-7.1175184,0.16385240852832794,0.6390243768692017,0.3260975480079651
YHR072W-A,YOR261C,0,-7.117552,0.1638011932373047,0.6390243768692017,0.32621949911117554
YJL115W,YBL052C,1,-7.1176686,0.1640625,0.6402438879013062,0.32621949911117554
YKL025C,YPR191W,0,-7.1176715,0.16401124000549316,0.6402438879013062,0.326341450214386
YGL129C,YJR134C,0,-7.1177635,0.1639600247144699,0.6402438879013062,0.32646340131759644
YGR188C,YDR454C,0,-7.117774,0.16390883922576904,0.6402438879013062,0.3265853524208069
YIL049W,YKL062W,0,-7.1178074,0.16385768353939056,0.6402438879013062,0.32670730352401733
YNL077W,YKL116C,0,-7.1178875,0.16380655765533447,0.6402438879013062,0.3268292546272278
YML077W,YOL121C,0,-7.1182604,0.16375546157360077,0.6402438879013062,0.32695120573043823
YPL069C,YDR330W,0,-7.118664,0.16370439529418945,0.6402438879013062,0.3270731568336487
YDR098C,YMR261C,0,-7.118855,0.16365337371826172,0.6402438879013062,0.32719510793685913
YMR192W,YGR185C,0,-7.1188636,0.16360236704349518,0.6402438879013062,0.3273170590400696
YHR091C,YDL105W,0,-7.119114,0.16355140507221222,0.6402438879013062,0.32743901014328003
YBR098W,YER169W,0,-7.1200113,0.16350047290325165,0.6402438879013062,0.3275609612464905
YPR070W,YDR080W,0,-7.1205077,0.16344957053661346,0.6402438879013062,0.3276829123497009
YIL009W,YEL056W,1,-7.120715,0.16370992362499237,0.6414633989334106,0.3276829123497009
YKL181W,YPL128C,0,-7.12088,0.1636589914560318,0.6414633989334106,0.3278048634529114
YMR094W,YNL068C,0,-7.120947,0.16360808908939362,0.6414633989334106,0.3279268145561218
YHR015W,YML095C,0,-7.121069,0.16355721652507782,0.6414633989334106,0.3280487656593323
YOR266W,YPL032C,0,-7.1214123,0.1635063737630844,0.6414633989334106,0.3281707465648651
YCR106W,YOR137C,0,-7.1221447,0.1634555608034134,0.6414633989334106,0.32829269766807556
YDR419W,YDR091C,0,-7.123122,0.16340477764606476,0.6414633989334106,0.328414648771286
YDL142C,YNL063W,0,-7.1235914,0.1633540391921997,0.6414633989334106,0.32853659987449646
YHR067W,YAL017W,0,-7.123638,0.16330331563949585,0.6414633989334106,0.3286585509777069
YDL190C,YPL105C,0,-7.12397,0.16325263679027557,0.6414633989334106,0.32878050208091736
YPL055C,YBR171W,0,-7.1243143,0.16320198774337769,0.6414633989334106,0.3289024531841278
YGL022W,YBR143C,0,-7.124358,0.16315136849880219,0.6414633989334106,0.32902440428733826
YPR112C,YLR105C,0,-7.124794,0.16310077905654907,0.6414633989334106,0.3291463553905487
YPL281C,YDR473C,0,-7.125146,0.16305021941661835,0.6414633989334106,0.32926830649375916
YOL156W,YKR095W,0,-7.125156,0.16299968957901,0.6414633989334106,0.3293902575969696
YBL019W,YEL031W,0,-7.1252503,0.16294918954372406,0.6414633989334106,0.32951220870018005
YER190W,YOR227W,0,-7.1252847,0.1628987342119217,0.6414633989334106,0.3296341598033905
YNL261W,YDR078C,0,-7.125737,0.16284829378128052,0.6414633989334106,0.32975611090660095
YDR143C,YCL069W,0,-7.125741,0.16279789805412292,0.6414633989334106,0.3298780620098114
YOR193W,YCR027C,0,-7.1257887,0.16274753212928772,0.6414633989334106,0.33000001311302185
YLL024C,YHR181W,0,-7.1258674,0.1626971811056137,0.6414633989334106,0.3301219642162323
YPL100W,YLR451W,0,-7.1260595,0.16264687478542328,0.6414633989334106,0.33024391531944275
YPR201W,YGR212W,0,-7.1261854,0.16259659826755524,0.6414633989334106,0.3303658664226532
YPR049C,YNL312W,0,-7.126271,0.16254635155200958,0.6414633989334106,0.33048781752586365
YHR024C,YDL188C,0,-7.126668,0.16249613463878632,0.6414633989334106,0.3306097686290741
YKL217W,YOR083W,0,-7.126835,0.16244594752788544,0.6414633989334106,0.33073171973228455
YPL022W,YBR105C,0,-7.1269894,0.16239580512046814,0.6414633989334106,0.330853670835495
YMR080C,YGL127C,0,-7.1271687,0.16234567761421204,0.6414633989334106,0.33097562193870544
YJR013W,YBR009C,0,-7.127414,0.16229559481143951,0.6414633989334106,0.3310975730419159
YGL168W,YML047C,0,-7.127618,0.16224552690982819,0.6414633989334106,0.33121952414512634
YNR016C,YPR164W,0,-7.128196,0.16219550371170044,0.6414633989334106,0.3313414752483368
YBR070C,YKR036C,0,-7.128272,0.1621454954147339,0.6414633989334106,0.33146342635154724
YCL027W,YHR121W,0,-7.1285524,0.16209553182125092,0.6414633989334106,0.3315853774547577
YGL180W,YNL173C,0,-7.128907,0.16204559803009033,0.6414633989334106,0.33170732855796814
YLR045C,YOL138C,0,-7.1291275,0.16199569404125214,0.6414633989334106,0.3318292796611786
YIL035C,YPL155C,0,-7.1293006,0.16194581985473633,0.6414633989334106,0.33195123076438904
YEL071W,YNL240C,0,-7.1293764,0.1618959605693817,0.6414633989334106,0.3320731818675995
YKL051W,YNL152W,0,-7.1294,0.16184616088867188,0.6414633989334106,0.33219513297080994
YNR067C,YBR095C,0,-7.1295195,0.16179637610912323,0.6414633989334106,0.3323170840740204
YLR010C,YJR156C,0,-7.130786,0.16174662113189697,0.6414633989334106,0.33243903517723083
YLL050C,YML103C,0,-7.1309633,0.1616968959569931,0.6414633989334106,0.3325609862804413
YGR166W,YEL047C,0,-7.130997,0.16164720058441162,0.6414633989334106,0.33268293738365173
YJR010C-A,YMR156C,0,-7.131681,0.16159753501415253,0.6414633989334106,0.3328048884868622
YBR133C,YGL236C,0,-7.131768,0.16154791414737701,0.6414633989334106,0.33292683959007263
YKL139W,YPL280W,0,-7.1319513,0.1614983081817627,0.6414633989334106,0.3330487906932831
YMR246W,YGR252W,1,-7.132192,0.16175568103790283,0.6426829099655151,0.3330487906932831
YLR315W,YGR229C,0,-7.1323752,0.16170604526996613,0.6426829099655151,0.33317074179649353
YOR244W,YDL040C,1,-7.132681,0.16196319460868835,0.6439024209976196,0.33317074179649353
YLL002W,YOL110W,1,-7.132899,0.16222018003463745,0.6451219320297241,0.33317074179649353
YGL044C,YBR083W,0,-7.133152,0.16217045485973358,0.6451219320297241,0.333292692899704
YNR045W,YOR149C,0,-7.1331763,0.1621207445859909,0.6451219320297241,0.33341464400291443
YIL009W,YPR131C,1,-7.1335583,0.16237744688987732,0.6463414430618286,0.33341464400291443
YFL055W,YJL170C,0,-7.1335855,0.16232772171497345,0.6463414430618286,0.3335365951061249
YOL069W,YBL056W,0,-7.1335993,0.16227801144123077,0.6463414430618286,0.3336585462093353
YAL020C,YNR075W,0,-7.1335998,0.16222834587097168,0.6463414430618286,0.3337804973125458
YOL137W,YMR268C,0,-7.1339855,0.16217869520187378,0.6463414430618286,0.3339024484157562
YDR055W,YPL042C,0,-7.1340103,0.16212908923625946,0.6463414430618286,0.3340243995189667
YBR041W,YPL032C,0,-7.1346426,0.16207951307296753,0.6463414430618286,0.3341463506221771
YHR063C,YOR308C,0,-7.1347284,0.16202996671199799,0.6463414430618286,0.3342683017253876
YHR204W,YLR203C,0,-7.1350083,0.16198043525218964,0.6463414430618286,0.334390252828598
YNL130C,YPL120W,0,-7.1350513,0.16193094849586487,0.6463414430618286,0.33451220393180847
YDR313C,YJL123C,0,-7.1350555,0.1618814915418625,0.6463414430618286,0.3346341550350189
YBR207W,YLR182W,0,-7.13558,0.1618320643901825,0.6463414430618286,0.33475610613822937
YNL163C,YKL020C,0,-7.135637,0.1617826670408249,0.6463414430618286,0.3348780572414398
YGL029W,YDL007W,0,-7.135792,0.16173329949378967,0.6463414430618286,0.33500000834465027
YLR256W,YDL188C,0,-7.1358867,0.16168394684791565,0.6463414430618286,0.3351219594478607
YMR065W,YOR008C,0,-7.1365957,0.1616346389055252,0.6463414430618286,0.33524391055107117
YLR220W,YBR105C,0,-7.1367755,0.16158536076545715,0.6463414430618286,0.3353658616542816
YAL016W,YGL225W,0,-7.1370087,0.1615361124277115,0.6463414430618286,0.33548781275749207
YOR257W,YBR135W,0,-7.1377645,0.1614868938922882,0.6463414430618286,0.3356097638607025
YNL232W,YNL312W,0,-7.13785,0.16143770515918732,0.6463414430618286,0.33573171496391296
YKR025W,YPL032C,0,-7.137955,0.1613885462284088,0.6463414430618286,0.3358536660671234
YER069W,YNL232W,0,-7.1379795,0.1613394170999527,0.6463414430618286,0.33597561717033386
YHR174W,YOL052C,0,-7.138107,0.16129031777381897,0.6463414430618286,0.3360975682735443
YOL110W,YMR236W,1,-7.138367,0.16154548525810242,0.6475609540939331,0.3360975682735443
YMR192W,YJL148W,0,-7.1385765,0.1614963561296463,0.6475609540939331,0.33621951937675476
YOL076W,YNL326C,1,-7.1389728,0.16175128519535065,0.6487804651260376,0.33621951937675476
YPL101W,YCR065W,0,-7.1391177,0.16170212626457214,0.6487804651260376,0.3363414704799652
YOL011W,YLR141W,0,-7.139588,0.16165299713611603,0.6487804651260376,0.33646342158317566
YMR186W,YGL073W,0,-7.1399913,0.1616038829088211,0.6487804651260376,0.3365853726863861
YMR058W,YBR114W,0,-7.140372,0.16155481338500977,0.6487804651260376,0.33670732378959656
YER044C-A,YCR035C,0,-7.1403956,0.1615057736635208,0.6487804651260376,0.336829274892807
YDR383C,YIL168W,0,-7.1406355,0.16145674884319305,0.6487804651260376,0.33695122599601746
YDL174C,YMR036C,0,-7.1413765,0.16140776872634888,0.6487804651260376,0.3370731770992279
YGL099W,YKL058W,0,-7.141382,0.1613588184118271,0.6487804651260376,0.33719512820243835
YNR057C,YDL231C,0,-7.1418123,0.1613098829984665,0.6487804651260376,0.3373170793056488
YMR306W,YJR043C,0,-7.1418314,0.16126099228858948,0.6487804651260376,0.33743903040885925
YDR264C,YBR198C,1,-7.141856,0.16151514649391174,0.6499999761581421,0.33743903040885925
YMR022W,YML015C,0,-7.1422877,0.16146622598171234,0.6499999761581421,0.3375609815120697
YPL055C,YGL062W,0,-7.1425285,0.16141732037067413,0.6499999761581421,0.33768293261528015
YBR207W,YJR042W,0,-7.1428227,0.1613684594631195,0.6499999761581421,0.3378048837184906
YMR036C,YMR201C,0,-7.14305,0.16131961345672607,0.6499999761581421,0.33792683482170105
YGL005C,YDL087C,0,-7.1434116,0.16127079725265503,0.6499999761581421,0.3380487859249115
YEL066W,YGL066W,1,-7.1437287,0.16152450442314148,0.6512194871902466,0.3380487859249115
YEL037C,YLR333C,0,-7.1437593,0.16147565841674805,0.6512194871902466,0.33817073702812195
YMR150C,YGL225W,0,-7.1437674,0.161426842212677,0.6512194871902466,0.3382926881313324
YGR036C,YJL045W,0,-7.143815,0.16137805581092834,0.6512194871902466,0.33841463923454285
YGR292W,YGR220C,0,-7.1439905,0.16132929921150208,0.6512194871902466,0.3385365903377533
YAR015W,YBR179C,0,-7.1445036,0.1612805873155594,0.6512194871902466,0.33865854144096375
YKL117W,YOR132W,0,-7.1445045,0.1612318903207779,0.6512194871902466,0.3387804925441742
YGL025C,YPL273W,0,-7.1447268,0.1611832231283188,0.6512194871902466,0.33890244364738464
YNL169C,YFR003C,0,-7.1447573,0.16113458573818207,0.6512194871902466,0.3390243947505951
YGL046W,YBR273C,0,-7.1449866,0.16108597815036774,0.6512194871902466,0.33914634585380554
YGR191W,YBR297W,0,-7.1452794,0.1610374003648758,0.6512194871902466,0.339268296957016
YOL023W,YOR301W,0,-7.1452847,0.16098885238170624,0.6512194871902466,0.33939024806022644
YHR018C,YMR036C,0,-7.1458488,0.16094031929969788,0.6512194871902466,0.3395121991634369
YER183C,YDR116C,0,-7.145908,0.1608918309211731,0.6512194871902466,0.33963415026664734
YDR081C,YLR024C,0,-7.1459093,0.1608433723449707,0.6512194871902466,0.3397561013698578
YBR296C,YNL263C,0,-7.146456,0.1607949435710907,0.6512194871902466,0.33987805247306824
YEL066W,YLL002W,1,-7.148248,0.16104756295681,0.6524389982223511,0.33987805247306824
YGR124W,YEL013W,0,-7.1485643,0.1609991043806076,0.6524389982223511,0.3400000035762787
YOL003C,YOR064C,1,-7.148616,0.161251500248909,0.6536585092544556,0.3400000035762787
YFL039C,YIL009W,1,-7.1486425,0.16150376200675964,0.6548780202865601,0.3400000035762787
YKL125W,YDR457W,0,-7.1486864,0.1614551991224289,0.6548780202865601,0.34012195467948914
YER015W,YPR051W,1,-7.1488113,0.16170723736286163,0.6560975313186646,0.34012195467948914
YIL009W,YOL148C,1,-7.1490808,0.16195914149284363,0.6573171019554138,0.34012195467948914
YDR009W,YKL079W,0,-7.149574,0.16191048920154572,0.6573171019554138,0.3402439057826996
YDR358W,YDR323C,0,-7.1496964,0.1618618667125702,0.6573171019554138,0.34036585688591003
YER088C,YML064C,0,-7.1506386,0.16181327402591705,0.6573171019554138,0.3404878079891205
YIL037C,YDL150W,0,-7.1507797,0.1617647111415863,0.6573171019554138,0.34060975909233093
YMR225C,YCL008C,0,-7.150809,0.16171617805957794,0.6573171019554138,0.3407317101955414
YDR106W,YPL183W-A,0,-7.15082,0.16166765987873077,0.6573171019554138,0.34085366129875183
YGR174C,YNL031C,0,-7.1508865,0.1616191864013672,0.6573171019554138,0.3409756124019623
YIR023W,YIL048W,0,-7.1509743,0.161570742726326,0.6573171019554138,0.34109756350517273
YOL003C,YDR392W,1,-7.151083,0.16182199120521545,0.6585366129875183,0.34109756350517273
YKL020C,YOR359W,0,-7.151106,0.16177351772785187,0.6585366129875183,0.3412195146083832
YDR478W,YER082C,0,-7.1513233,0.16172507405281067,0.6585366129875183,0.34134146571159363
YNL131W,YGL249W,0,-7.152398,0.16167664527893066,0.6585366129875183,0.3414634168148041
YNL084C,YPL076W,0,-7.1524878,0.16162826120853424,0.6585366129875183,0.3415853679180145
YAR014C,YBL035C,0,-7.153166,0.161579892039299,0.6585366129875183,0.341707319021225
YIR034C,YMR004W,0,-7.1532917,0.16153155267238617,0.6585366129875183,0.3418292701244354
YOR150W,YMR314W,0,-7.153602,0.1614832580089569,0.6585366129875183,0.3419512212276459
YEL001C,YGR020C,0,-7.153795,0.16143497824668884,0.6585366129875183,0.3420731723308563
YJL092W,YMR024W,0,-7.153888,0.16138672828674316,0.6585366129875183,0.3421951234340668
YKL074C,YJR102C,0,-7.1547184,0.16133850812911987,0.6585366129875183,0.3423170745372772
YDL045W-A,YGR208W,0,-7.1550083,0.16129031777381897,0.6585366129875183,0.34243902564048767
YKL007W,YKL212W,0,-7.1551332,0.16124215722084045,0.6585366129875183,0.3425609767436981
YAL054C,YGL112C,1,-7.155572,0.16149254143238068,0.6597561240196228,0.3425609767436981
YJL081C,YER015W,1,-7.155794,0.16174276173114777,0.6609756350517273,0.3425609767436981
YNL230C,YBR143C,0,-7.156015,0.1616945117712021,0.6609756350517273,0.34268292784690857
YDR264C,YIL009W,1,-7.1561546,0.16194452345371246,0.6621951460838318,0.34268292784690857
YKL013C,YIR013C,0,-7.15629,0.1618962436914444,0.6621951460838318,0.342804878950119
YBR164C,YJL095W,0,-7.1566772,0.16184799373149872,0.6621951460838318,0.34292683005332947
YMR068W,YPR121W,0,-7.156807,0.16179975867271423,0.6621951460838318,0.3430487811565399
YLR153C,YOL110W,1,-7.1569233,0.16204944252967834,0.6634146571159363,0.3430487811565399
YPL155C,YPL274W,0,-7.15734,0.16200119256973267,0.6634146571159363,0.34317073225975037
YMR020W,YOR054C,0,-7.157565,0.16195295751094818,0.6634146571159363,0.3432926833629608
YLR008C,YMR149W,0,-7.157593,0.16190476715564728,0.6634146571159363,0.34341463446617126
YDR405W,YJL168C,0,-7.157638,0.16185659170150757,0.6634146571159363,0.3435365855693817
YNL005C,YGL249W,0,-7.157837,0.16180844604969025,0.6634146571159363,0.34365853667259216
YOR119C,YLR298C,0,-7.157837,0.1617603302001953,0.6634146571159363,0.3437804877758026
YMR276W,YJR074W,0,-7.158724,0.16171224415302277,0.6634146571159363,0.34390243887901306
YJR150C,YOR032C,0,-7.1587973,0.1616641879081726,0.6634146571159363,0.3440243899822235
YJL005W,YNL290W,0,-7.1588926,0.16161616146564484,0.6634146571159363,0.34414634108543396
YIL019W,YJL139C,0,-7.158901,0.16156816482543945,0.6634146571159363,0.3442682921886444
YMR127C,YLR139C,0,-7.159716,0.16152018308639526,0.6634146571159363,0.34439024329185486
YHR034C,YPL147W,0,-7.1600103,0.16147224605083466,0.6634146571159363,0.3445121943950653
YER171W,YKL175W,0,-7.160248,0.16142433881759644,0.6634146571159363,0.34463414549827576
YKL022C,YNL251C,0,-7.160511,0.1613764464855194,0.6634146571159363,0.3447560966014862
YDR494W,YNL206C,0,-7.1607404,0.16132858395576477,0.6634146571159363,0.34487804770469666
YDR334W,YKR089C,0,-7.161016,0.1612807661294937,0.6634146571159363,0.3449999988079071
YML072C,YJL093C,0,-7.16243,0.16123296320438385,0.6634146571159363,0.34512194991111755
YOR212W,YKR062W,0,-7.1624956,0.16118519008159637,0.6634146571159363,0.345243901014328
YCL067C,YCL052C,0,-7.1633816,0.1611374467611313,0.6634146571159363,0.34536585211753845
YBR102C,YDL185W,0,-7.1635733,0.1610897183418274,0.6634146571159363,0.3454878032207489
YGL238W,YNL005C,0,-7.164406,0.16104203462600708,0.6634146571159363,0.34560975432395935
YDR167W,YOR064C,1,-7.164443,0.16129031777381897,0.6646341681480408,0.34560975432395935
YLR246W,YDR176W,1,-7.1644936,0.16153846681118011,0.6658536791801453,0.34560975432395935
YKL116C,YGL026C,0,-7.1645207,0.16149067878723145,0.6658536791801453,0.3457317054271698
YJR053W,YGR104C,0,-7.164952,0.16144293546676636,0.6658536791801453,0.34585365653038025
YLR103C,YDR213W,0,-7.1652684,0.16139520704746246,0.6658536791801453,0.3459756076335907
YBR212W,YCL003W,0,-7.165365,0.16134752333164215,0.6658536791801453,0.34609755873680115
YDR079W,YGR104C,0,-7.1654034,0.16129985451698303,0.6658536791801453,0.3462195098400116
YPR034W,YDR218C,0,-7.16543,0.1612522155046463,0.6658536791801453,0.34634146094322205
YKL096W-A,YBL041W,0,-7.165542,0.16120460629463196,0.6658536791801453,0.3464634120464325
YDR256C,YGR029W,0,-7.165575,0.16115702688694,0.6658536791801453,0.34658536314964294
YPL078C,YBR185C,0,-7.166067,0.16110947728157043,0.6658536791801453,0.3467073142528534
YBL052C,YOL110W,1,-7.166071,0.16135692596435547,0.6670731902122498,0.3467073142528534
YFR024C-A,YJL036W,0,-7.166937,0.1613093465566635,0.6670731902122498,0.34682926535606384
YOR100C,YBR077C,0,-7.1671724,0.16126179695129395,0.6670731902122498,0.3469512164592743
YPR201W,YMR004W,0,-7.167369,0.16121426224708557,0.6670731902122498,0.34707316756248474
YLL040C,YOL109W,0,-7.167465,0.16116677224636078,0.6670731902122498,0.3471951186656952
YNL039W,YPL147W,0,-7.168294,0.16111929714679718,0.6670731902122498,0.34731706976890564
YOL059W,YOR193W,0,-7.1682997,0.16107185184955597,0.6670731902122498,0.3474390208721161
YNL038W,YLR151C,0,-7.1686144,0.16102443635463715,0.6670731902122498,0.34756097197532654
YER061C,YGR172C,0,-7.168935,0.1609770506620407,0.6670731902122498,0.347682923078537
YER026C,YDL184C,0,-7.1690683,0.16092967987060547,0.6670731902122498,0.34780487418174744
YNL286W,YJR138W,0,-7.169158,0.1608823537826538,0.6670731902122498,0.3479268252849579
YGR262C,YER088C,0,-7.1693563,0.16083504259586334,0.6670731902122498,0.34804877638816833
YBL058W,YDR341C,0,-7.1694503,0.16078777611255646,0.6670731902122498,0.3481707274913788
YGR090W,YHR012W,0,-7.1695004,0.16074052453041077,0.6670731902122498,0.34829267859458923
YER124C,YCR012W,0,-7.1705017,0.16069330275058746,0.6670731902122498,0.3484146296977997
YPL006W,YGL058W,0,-7.1705756,0.16064611077308655,0.6670731902122498,0.34853658080101013
YMR121C,YLR421C,0,-7.1714945,0.16059894859790802,0.6670731902122498,0.3486585319042206
YDR518W,YMR139W,0,-7.171591,0.16055180132389069,0.6670731902122498,0.34878048300743103
YMR231W,YDR310C,0,-7.1716576,0.16050469875335693,0.6670731902122498,0.3489024341106415
YML080W,YHR205W,0,-7.1717668,0.16045761108398438,0.6670731902122498,0.34902438521385193
YPL227C,YDR457W,0,-7.172203,0.1604105532169342,0.6670731902122498,0.3491463363170624
YGR204W,YMR139W,0,-7.172568,0.16036352515220642,0.6670731902122498,0.3492682874202728
YMR091C,YOR190W,0,-7.1726565,0.16031652688980103,0.6670731902122498,0.3493902385234833
YLL050C,YBR083W,0,-7.1743765,0.16026955842971802,0.6670731902122498,0.3495121896266937
YKL049C,YPL233W,0,-7.1747274,0.1602226197719574,0.6670731902122498,0.3496341407299042
YLR329W,YDL190C,0,-7.174879,0.16017569601535797,0.6670731902122498,0.3497560918331146
YLL031C,YGR095C,0,-7.17492,0.16012880206108093,0.6670731902122498,0.3498780429363251
YHR107C,YOR323C,0,-7.174925,0.16008193790912628,0.6670731902122498,0.3499999940395355
YCR009C,YHL007C,0,-7.1749787,0.16003510355949402,0.6670731902122498,0.35012194514274597
YKL213C,YKL008C,0,-7.175173,0.15998829901218414,0.6670731902122498,0.3502438962459564
YOR320C,YIL154C,0,-7.1755095,0.15994152426719666,0.6670731902122498,0.35036584734916687
YML008C,YGR171C,0,-7.175535,0.15989476442337036,0.6670731902122498,0.3504877984523773
YGL223C,YIL167W,0,-7.175542,0.15984804928302765,0.6670731902122498,0.35060974955558777
YOR147W,YOL028C,0,-7.1755705,0.15980134904384613,0.6670731902122498,0.3507317006587982
YBR088C,YLR275W,0,-7.17561,0.159754678606987,0.6670731902122498,0.35085365176200867
YHR129C,YGL094C,0,-7.175617,0.15970802307128906,0.6670731902122498,0.3509756028652191
YDL017W,YGL179C,0,-7.1761675,0.1596614122390747,0.6670731902122498,0.35109755396842957
YLR153C,YMR236W,1,-7.1762934,0.15990662574768066,0.6682927012443542,0.35109755396842957
YGL247W,YGL013C,0,-7.176544,0.15985997021198273,0.6682927012443542,0.35121950507164
YOL030W,YDR287W,0,-7.1766253,0.15981335937976837,0.6682927012443542,0.35134145617485046
YKL062W,YMR274C,0,-7.1768613,0.1597667634487152,0.6682927012443542,0.3514634072780609
YMR311C,YJL192C,0,-7.1769013,0.15972019731998444,0.6682927012443542,0.35158535838127136
YDR383C,YJL056C,0,-7.1771736,0.15967366099357605,0.6682927012443542,0.3517073094844818
YPL248C,YKR079C,0,-7.177442,0.15962715446949005,0.6682927012443542,0.35182926058769226
YBR119W,YNR032W,0,-7.177626,0.15958066284656525,0.6682927012443542,0.3519512116909027
YDR263C,YHL027W,0,-7.178055,0.15953420102596283,0.6682927012443542,0.35207316279411316
YPR035W,YDL224C,0,-7.1786766,0.159487783908844,0.6682927012443542,0.3521951138973236
YER065C,YPR006C,0,-7.179592,0.15944136679172516,0.6682927012443542,0.35231706500053406
YLR207W,YER123W,0,-7.179699,0.1593949943780899,0.6682927012443542,0.3524390161037445
YPL005W,YBL055C,0,-7.1802506,0.15934865176677704,0.6682927012443542,0.35256096720695496
YLR153C,YOR064C,1,-7.180958,0.15959301590919495,0.6695122122764587,0.35256096720695496
YBR243C,YEL057C,0,-7.180976,0.1595466434955597,0.6695122122764587,0.3526829183101654
YKL170W,YMR101C,0,-7.181339,0.15950028598308563,0.6695122122764587,0.35280486941337585
YBR286W,YPR094W,0,-7.1816854,0.15945395827293396,0.6695122122764587,0.3529268205165863
YOR346W,YDR487C,0,-7.1817856,0.15940766036510468,0.6695122122764587,0.35304877161979675
YMR246W,YOL148C,1,-7.1818523,0.15965166687965393,0.6707317233085632,0.35304877161979675
YFL050C,YOR092W,0,-7.182541,0.15960533916950226,0.6707317233085632,0.3531707227230072
YDR176W,YOL003C,1,-7.1827583,0.1598491370677948,0.6719512343406677,0.3531707227230072
YMR088C,YLR360W,0,-7.18318,0.15980277955532074,0.6719512343406677,0.35329267382621765
YGR119C,YBR055C,0,-7.1834517,0.15975645184516907,0.6719512343406677,0.3534146249294281
YOR377W,YDR315C,0,-7.183502,0.1597101390361786,0.6719512343406677,0.35353657603263855
YKL138C-A,YML026C,0,-7.183835,0.1596638709306717,0.6719512343406677,0.353658527135849
YNL065W,YBL079W,0,-7.18385,0.159617617726326,0.6719512343406677,0.35378047823905945
YLR028C,YNL127W,0,-7.1844077,0.15957139432430267,0.6719512343406677,0.3539024293422699
YER022W,YOR212W,0,-7.184417,0.15952518582344055,0.6719512343406677,0.35402438044548035
YDR021W,YPL139C,0,-7.184821,0.159479022026062,0.6719512343406677,0.3541463315486908
YDR313C,YML085C,0,-7.1853366,0.15943287312984467,0.6719512343406677,0.35426828265190125
YDR179C,YDR206W,0,-7.185986,0.1593867540359497,0.6719512343406677,0.3543902337551117
YLR007W,YBL068W,0,-7.186424,0.15934066474437714,0.6719512343406677,0.35451218485832214
YLR203C,YER031C,0,-7.1868496,0.15929459035396576,0.6719512343406677,0.3546341359615326
YDR041W,YDR372C,0,-7.187077,0.15924856066703796,0.6719512343406677,0.35475608706474304
YGR230W,YBL056W,0,-7.187108,0.15920254588127136,0.6719512343406677,0.3548780381679535
YNL231C,YDR312W,0,-7.187395,0.15915656089782715,0.6719512343406677,0.35499998927116394
YCR069W,YCL030C,0,-7.1880345,0.15911059081554413,0.6719512343406677,0.3551219403743744
YHR047C,YOL152W,0,-7.188258,0.1590646654367447,0.6719512343406677,0.35524389147758484
YDR244W,YDL047W,0,-7.188422,0.15901875495910645,0.6719512343406677,0.3553658425807953
YJL110C,YLR193C,0,-7.1884813,0.1589728742837906,0.6719512343406677,0.35548779368400574
YPR033C,YPL249C-A,0,-7.188535,0.15892702341079712,0.6719512343406677,0.3556097447872162
YDL040C,YBR198C,1,-7.1885915,0.15916955471038818,0.6731707453727722,0.3556097447872162
YML113W,YJR140C,0,-7.1888294,0.15912367403507233,0.6731707453727722,0.35573169589042664
YER014C-A,YDR207C,0,-7.1891966,0.15907780826091766,0.6731707453727722,0.3558536469936371
YDR221W,YGR253C,0,-7.1895022,0.1590319722890854,0.6731707453727722,0.35597559809684753
YKL012W,YDR359C,0,-7.1895947,0.1589861810207367,0.6731707453727722,0.356097549200058
YNL048W,YLR310C,0,-7.1896133,0.1589404046535492,0.6731707453727722,0.35621950030326843
YPL110C,YDL168W,0,-7.1898465,0.1588946431875229,0.6731707453727722,0.3563414514064789
YIL005W,YAL023C,0,-7.189886,0.15884892642498016,0.6731707453727722,0.35646340250968933
YDL154W,YEL031W,0,-7.1899214,0.15880322456359863,0.6731707453727722,0.3565853536128998
YGL192W,YPL072W,0,-7.1903534,0.1587575525045395,0.6731707453727722,0.35670730471611023
YEL046C,YBR030W,0,-7.1905446,0.15871191024780273,0.6731707453727722,0.3568292558193207
YLR399C,YKL129C,0,-7.1906147,0.15866628289222717,0.6731707453727722,0.35695120692253113
YCR091W,YMR013C,0,-7.190883,0.158620685338974,0.6731707453727722,0.3570731580257416
YIL040W,YPL063W,0,-7.1908894,0.1585751175880432,0.6731707453727722,0.357195109128952
YFL024C,YDL040C,1,-7.1909623,0.15881676971912384,0.6743902564048767,0.357195109128952
YOR323C,YGL126W,0,-7.1910734,0.15877117216587067,0.6743902564048767,0.3573170602321625
YHR190W,YGR260W,0,-7.1912766,0.15872560441493988,0.6743902564048767,0.3574390113353729
YBL102W,YDR395W,0,-7.1913805,0.1586800515651703,0.6743902564048767,0.3575609624385834
YGL216W,YDR055W,0,-7.1914577,0.15863454341888428,0.6743902564048767,0.3576829135417938
YFR019W,YGR166W,0,-7.191867,0.15858905017375946,0.6743902564048767,0.3578048646450043
YLR088W,YIL173W,0,-7.192254,0.15854357182979584,0.6743902564048767,0.3579268157482147
YGL062W,YDR207C,0,-7.192359,0.1584981381893158,0.6743902564048767,0.35804876685142517
YAL054C,YPR051W,1,-7.1928277,0.15873925387859344,0.6756097674369812,0.35804876685142517
YDR529C,YGL048C,0,-7.1928897,0.15869379043579102,0.6756097674369812,0.3581707179546356
YJR121W,YKR089C,0,-7.1930842,0.15864834189414978,0.6756097674369812,0.35829266905784607
YEL053C,YOL076W,1,-7.1931496,0.15888920426368713,0.6768292784690857,0.35829266905784607
YJR040W,YIL121W,0,-7.193289,0.1588437259197235,0.6768292784690857,0.3584146201610565
YGL168W,YER118C,0,-7.1933007,0.15879827737808228,0.6768292784690857,0.35853657126426697
YNL315C,YLR001C,0,-7.1934557,0.15875285863876343,0.6768292784690857,0.3586585223674774
YPL110C,YHR005C,0,-7.193819,0.15870746970176697,0.6768292784690857,0.35878047347068787
YOL063C,YNL245C,0,-7.1939363,0.1586620956659317,0.6768292784690857,0.3589024245738983
YGR288W,YER123W,0,-7.194128,0.15861675143241882,0.6768292784690857,0.35902437567710876
YLR043C,YNR047W,0,-7.1942406,0.15857142210006714,0.6768292784690857,0.3591463267803192
YPR106W,YOL064C,0,-7.1944246,0.15852613747119904,0.6768292784690857,0.35926827788352966
YML058W-A,YLR167W,0,-7.1944723,0.15848086774349213,0.6768292784690857,0.3593902587890625
YNL238W,YCR003W,0,-7.1947584,0.1584356278181076,0.6768292784690857,0.35951220989227295
YNL271C,YMR232W,0,-7.195434,0.15839041769504547,0.6768292784690857,0.3596341609954834
YBL056W,YER072W,0,-7.1956844,0.15834522247314453,0.6768292784690857,0.35975611209869385
YHR175W,YBR152W,0,-7.196396,0.15830005705356598,0.6768292784690857,0.3598780632019043
YDR394W,YMR214W,0,-7.1964574,0.15825492143630981,0.6768292784690857,0.36000001430511475
YCR052W,YMR233W,0,-7.19652,0.15820980072021484,0.6768292784690857,0.3601219654083252
YKL011C,YHR132C,0,-7.1967907,0.15816472470760345,0.6768292784690857,0.36024391651153564
YGR081C,YKL088W,0,-7.197316,0.15811966359615326,0.6768292784690857,0.3603658676147461
YOL071W,YDR351W,0,-7.1975174,0.15807461738586426,0.6768292784690857,0.36048781871795654
YGR152C,YGR059W,0,-7.197529,0.15802961587905884,0.6768292784690857,0.360609769821167
YPR112C,YML088W,0,-7.197682,0.1579846292734146,0.6768292784690857,0.36073172092437744
YBR193C,YBR152W,0,-7.197942,0.15793967247009277,0.6768292784690857,0.3608536720275879
YHR051W,YNL329C,0,-7.1989174,0.15789473056793213,0.6768292784690857,0.36097562313079834
YBL052C,YOR064C,1,-7.199813,0.15813423693180084,0.6780487895011902,0.36097562313079834
YBL037W,YBR105C,0,-7.1998625,0.158089280128479,0.6780487895011902,0.3610975742340088
YCR098C,YOL156W,0,-7.2002106,0.15804433822631836,0.6780487895011902,0.36121952533721924
YDL029W,YKR019C,0,-7.2007275,0.1579994261264801,0.6780487895011902,0.3613414764404297
YHL036W,YNL032W,0,-7.200734,0.15795454382896423,0.6780487895011902,0.36146342754364014
YER116C,YOR045W,0,-7.2008076,0.15790969133377075,0.6780487895011902,0.3615853786468506
YCR026C,YNL070W,0,-7.2011185,0.15786485373973846,0.6780487895011902,0.36170732975006104
YPL209C,YFL002C,0,-7.2015076,0.15782004594802856,0.6780487895011902,0.3618292808532715
YGR077C,YNL316C,0,-7.2019305,0.15777525305747986,0.6780487895011902,0.36195123195648193
YDL095W,YDR330W,0,-7.20219,0.15773048996925354,0.6780487895011902,0.3620731830596924
YIL140W,YGL122C,0,-7.202221,0.1576857566833496,0.6780487895011902,0.36219513416290283
YIL173W,YKL161C,0,-7.2022595,0.15764105319976807,0.6780487895011902,0.3623170852661133
YER015W,YNL326C,1,-7.2027693,0.1578798145055771,0.6792683005332947,0.3623170852661133
YOR377W,YIR018W,0,-7.203371,0.15783508121967316,0.6792683005332947,0.36243903636932373
YER014W,YPL072W,0,-7.2033715,0.15779036283493042,0.6792683005332947,0.3625609874725342
YMR271C,YMR077C,0,-7.2034006,0.15774567425251007,0.6792683005332947,0.36268293857574463
YOL059W,YPR161C,0,-7.20354,0.1577010154724121,0.6792683005332947,0.3628048896789551
YBL041W,YNL294C,0,-7.2039547,0.15765638649463654,0.6792683005332947,0.3629268407821655
YPL121C,YFR049W,0,-7.204424,0.15761177241802216,0.6792683005332947,0.363048791885376
YFL024C,YEL066W,1,-7.204911,0.15785007178783417,0.6804878115653992,0.363048791885376
YHR013C,YGL112C,1,-7.205081,0.15808823704719543,0.6817073225975037,0.363048791885376
YLR047C,YDR309C,0,-7.205331,0.1580435335636139,0.6817073225975037,0.3631707429885864
YML081C-A,YOR098C,0,-7.2053585,0.15799887478351593,0.6817073225975037,0.3632926940917969
YHR036W,YJR117W,0,-7.20564,0.15795423090457916,0.6817073225975037,0.3634146451950073
YDR405W,YDL236W,0,-7.2057204,0.1579096019268036,0.6817073225975037,0.3635365962982178
YDR141C,YLR228C,0,-7.205858,0.1578650027513504,0.6817073225975037,0.3636585474014282
YOL103W,YDR334W,0,-7.205927,0.1578204333782196,0.6817073225975037,0.36378049850463867
YPL049C,YGR133W,0,-7.206035,0.1577758938074112,0.6817073225975037,0.3639024496078491
YML031W,YPL193W,0,-7.2060776,0.15773138403892517,0.6817073225975037,0.36402440071105957
YNL020C,YKL166C,0,-7.206112,0.15768688917160034,0.6817073225975037,0.36414635181427
YBL019W,YDL126C,0,-7.2063046,0.1576424092054367,0.6817073225975037,0.36426830291748047
YNL192W,YAL015C,0,-7.2064114,0.15759797394275665,0.6817073225975037,0.3643902540206909
YPL031C,YNL216W,0,-7.2064238,0.1575535535812378,0.6817073225975037,0.36451220512390137
YGL203C,YMR080C,0,-7.2064323,0.15750916302204132,0.6817073225975037,0.3646341562271118
YGR189C,YER090W,0,-7.20649,0.15746478736400604,0.6817073225975037,0.36475610733032227
YOR249C,YOR044W,0,-7.207071,0.15742044150829315,0.6817073225975037,0.3648780584335327
YLR291C,YHL036W,0,-7.207104,0.15737612545490265,0.6817073225975037,0.36500000953674316
YBR160W,YOR311C,0,-7.207466,0.15733183920383453,0.6817073225975037,0.3651219606399536
YBR101C,YBR287W,0,-7.207722,0.1572875678539276,0.6817073225975037,0.36524391174316406
YLR448W,YIL017W,0,-7.2078066,0.15724332630634308,0.6817073225975037,0.3653658628463745
YDR462W,YER162C,0,-7.2081184,0.15719909965991974,0.6817073225975037,0.36548781394958496
YMR113W,YDR122W,0,-7.208354,0.1571549028158188,0.6817073225975037,0.3656097650527954
YCR002C,YKL201C,0,-7.2083917,0.15711073577404022,0.6817073225975037,0.36573171615600586
YPR122W,YBR115C,0,-7.208453,0.15706659853458405,0.6817073225975037,0.3658536672592163
YDR414C,YPL204W,0,-7.208465,0.15702247619628906,0.6817073225975037,0.36597561836242676
YDR225W,YJL139C,0,-7.2084785,0.15697838366031647,0.6817073225975037,0.3660975694656372
YNR032W,YER024W,0,-7.208782,0.15693430602550507,0.6817073225975037,0.36621952056884766
YKR055W,YBR067C,0,-7.2090807,0.15689025819301605,0.6817073225975037,0.3663414716720581
YAL048C,YNL070W,0,-7.2100215,0.15684624016284943,0.6817073225975037,0.36646342277526855
YLR421C,YGL179C,0,-7.210041,0.156802237033844,0.6817073225975037,0.366585373878479
YDR155C,YJR094W-A,0,-7.210474,0.15675827860832214,0.6817073225975037,0.36670732498168945
YMR041C,YJL062W,0,-7.210554,0.1567143201828003,0.6817073225975037,0.3668292760848999
YMR136W,YDR229W,0,-7.2108335,0.15667040646076202,0.6817073225975037,0.36695122718811035
YMR137C,YDR100W,0,-7.2109323,0.15662650763988495,0.6817073225975037,0.3670731782913208
YIL038C,YGR085C,0,-7.211071,0.15658263862133026,0.6817073225975037,0.36719512939453125
YCL029C,YNR056C,0,-7.211089,0.15653878450393677,0.6817073225975037,0.3673170804977417
YER174C,YPR074C,0,-7.2111397,0.15649496018886566,0.6817073225975037,0.36743903160095215
YMR056C,YGR292W,0,-7.211491,0.15645116567611694,0.6817073225975037,0.3675609827041626
YAL054C,YPR131C,1,-7.2115793,0.1566871851682663,0.6829268336296082,0.3675609827041626
YDR176W,YOR064C,1,-7.211643,0.1569230705499649,0.6841463446617126,0.3675609827041626
YBR199W,YHR005C-A,0,-7.2117476,0.15687920153141022,0.6841463446617126,0.36768293380737305
YJL031C,YDR092W,0,-7.211873,0.15683533251285553,0.6841463446617126,0.3678048849105835
YHL008C,YPR118W,0,-7.2119975,0.15679150819778442,0.6841463446617126,0.36792683601379395
YPL110C,YLR183C,0,-7.212368,0.1567476987838745,0.6841463446617126,0.3680487871170044
YBR274W,YBR093C,0,-7.2124414,0.1567039042711258,0.6841463446617126,0.36817073822021484
YGL125W,YDR335W,0,-7.2127314,0.15666015446186066,0.6841463446617126,0.3682926893234253
YDR393W,YMR223W,0,-7.213241,0.1566164195537567,0.6841463446617126,0.36841464042663574
YDL143W,YPL053C,0,-7.213369,0.15657269954681396,0.6841463446617126,0.3685365915298462
YEL066W,YOL003C,1,-7.2134376,0.1568080335855484,0.6853658556938171,0.3685365915298462
YER030W,YIL099W,0,-7.213442,0.15676429867744446,0.6853658556938171,0.36865854263305664
YBR291C,YPR072W,0,-7.2137394,0.1567205786705017,0.6853658556938171,0.3687804937362671
YNL312W,YIR011C,0,-7.2137856,0.15667688846588135,0.6853658556938171,0.36890244483947754
YNL113W,YLR119W,0,-7.2138433,0.15663322806358337,0.6853658556938171,0.369024395942688
YOR197W,YDR351W,0,-7.21413,0.1565895825624466,0.6853658556938171,0.36914634704589844
YJL076W,YHL011C,0,-7.215769,0.1565459668636322,0.6853658556938171,0.3692682981491089
YOR386W,YOR162C,0,-7.215887,0.156502366065979,0.6853658556938171,0.36939024925231934
YDR130C,YML055W,0,-7.216541,0.1564587950706482,0.6853658556938171,0.3695122003555298
YOR123C,YDR207C,0,-7.2175055,0.15641525387763977,0.6853658556938171,0.36963415145874023
YOR317W,YEL066W,1,-7.2177744,0.15664997696876526,0.6865853667259216,0.36963415145874023
YJL179W,YJR007W,0,-7.21781,0.15660639107227325,0.6865853667259216,0.3697561025619507
YFL039C,YPR051W,1,-7.2180142,0.15684093534946442,0.6878048777580261,0.3697561025619507
YGL093W,YOR256C,0,-7.218095,0.15679733455181122,0.6878048777580261,0.36987805366516113
YDL103C,YDR422C,0,-7.2184296,0.1567537486553192,0.6878048777580261,0.3700000047683716
YIL110W,YJR051W,0,-7.2184887,0.1567101925611496,0.6878048777580261,0.37012195587158203
YML008C,YML034W,0,-7.2186565,0.15666666626930237,0.6878048777580261,0.3702439069747925
YPR051W,YDR167W,1,-7.218688,0.15690086781978607,0.6890243887901306,0.3702439069747925
YKR082W,YDR529C,0,-7.21881,0.15685729682445526,0.6890243887901306,0.37036585807800293
YDR155C,YDR334W,0,-7.218879,0.15681377053260803,0.6890243887901306,0.3704878091812134
YHL034C,YCL069W,0,-7.2189064,0.156770259141922,0.6890243887901306,0.37060976028442383
YLR246W,YDR167W,1,-7.218961,0.15700416266918182,0.6902438998222351,0.37060976028442383
YOR144C,YKL211C,0,-7.219669,0.1569606214761734,0.6902438998222351,0.3707317113876343
YDR158W,YOR063W,0,-7.2201357,0.15691711008548737,0.6902438998222351,0.3708536624908447
YCR069W,YLR254C,0,-7.220147,0.15687361359596252,0.6902438998222351,0.3709756135940552
YML107C,YLR019W,0,-7.220752,0.15683014690876007,0.6902438998222351,0.3710975646972656
YHR013C,YNL136W,1,-7.2210336,0.15706370770931244,0.6914634108543396,0.3710975646972656
YNL082W,YNL216W,0,-7.2214355,0.1570202112197876,0.6914634108543396,0.3712195158004761
YPL055C,YJR160C,0,-7.2216115,0.15697674453258514,0.6914634108543396,0.3713414669036865
YLR264W,YGR106C,0,-7.2216377,0.15693329274654388,0.6914634108543396,0.371463418006897
YDR430C,YLR466W,0,-7.222746,0.156889870762825,0.6914634108543396,0.3715853691101074
YOL115W,YGR020C,0,-7.222939,0.15684647858142853,0.6914634108543396,0.37170732021331787
YOR034C,YDR392W,1,-7.223055,0.15707965195178986,0.6926829218864441,0.37170732021331787
YPR082C,YGR212W,0,-7.223874,0.1570362150669098,0.6926829218864441,0.3718292713165283
YDL181W,YNL239W,0,-7.2239165,0.1569928079843521,0.6926829218864441,0.37195122241973877
YDL153C,YIL138C,0,-7.2246284,0.15694943070411682,0.6926829218864441,0.3720731735229492
YMR285C,YBR088C,0,-7.2247314,0.15690608322620392,0.6926829218864441,0.37219512462615967
YPR193C,YPR131C,1,-7.225094,0.1571389138698578,0.6939024329185486,0.37219512462615967
YER171W,YKL196C,0,-7.2252083,0.1570955216884613,0.6939024329185486,0.3723170757293701
YPR068C,YOR140W,0,-7.225646,0.1570521593093872,0.6939024329185486,0.37243902683258057
YDR099W,YJL112W,0,-7.226735,0.1570088267326355,0.6939024329185486,0.372560977935791
YGR124W,YGR178C,0,-7.2268786,0.15696552395820618,0.6939024329185486,0.37268292903900146
YNL036W,YPL253C,0,-7.226905,0.15692222118377686,0.6939024329185486,0.3728048801422119
YBL090W,YPR186C,0,-7.227319,0.15687896311283112,0.6939024329185486,0.37292683124542236
YGR286C,YNL161W,0,-7.227439,0.15683571994304657,0.6939024329185486,0.3730487823486328
YNL245C,YLR228C,0,-7.227441,0.1567925065755844,0.6939024329185486,0.37317073345184326
YGR192C,YDR200C,0,-7.227642,0.15674930810928345,0.6939024329185486,0.3732926845550537
YCR082W,YLL034C,0,-7.2277403,0.15670613944530487,0.6939024329185486,0.37341463565826416
YJR121W,YBR131W,0,-7.227805,0.15666300058364868,0.6939024329185486,0.3735365867614746
YOL067C,YJR004C,0,-7.2288356,0.1566198766231537,0.6939024329185486,0.37365853786468506
YIR013C,YGR091W,0,-7.228851,0.15657676756381989,0.6939024329185486,0.3737804889678955
YLR153C,YFL024C,1,-7.2289023,0.15680880844593048,0.6951219439506531,0.3737804889678955
YFL039C,YOL076W,1,-7.229039,0.15704070031642914,0.6963414549827576,0.3737804889678955
YJL095W,YDR480W,0,-7.229046,0.15699753165245056,0.6963414549827576,0.37390244007110596
YNL240C,YIL007C,0,-7.2291636,0.15695437788963318,0.6963414549827576,0.3740243911743164
YER119C,YBR261C,0,-7.2294235,0.156911239027977,0.6963414549827576,0.37414634227752686
YCR091W,YIR002C,0,-7.229702,0.1568681299686432,0.6963414549827576,0.3742682933807373
YGL064C,YDR116C,0,-7.230261,0.15682505071163177,0.6963414549827576,0.37439024448394775
YMR190C,YGR184C,0,-7.2304006,0.15678198635578156,0.6963414549827576,0.3745121955871582
YBR080C,YDL064W,0,-7.230627,0.15673895180225372,0.6963414549827576,0.37463414669036865
YOL059W,YGR158C,0,-7.231122,0.15669593214988708,0.6963414549827576,0.3747560977935791
YJL196C,YLR055C,0,-7.2313476,0.15665294229984283,0.6963414549827576,0.37487804889678955
YGR224W,YAL021C,0,-7.2315392,0.15660998225212097,0.6963414549827576,0.375
YOR141C,YPR145W,0,-7.2316055,0.1565670371055603,0.6963414549827576,0.37512195110321045
YFR025C,YDL236W,0,-7.2320123,0.15652412176132202,0.6963414549827576,0.3752439022064209
YER015W,YEL066W,1,-7.232699,0.156755268573761,0.6975609660148621,0.3752439022064209
YDR236C,YML025C,0,-7.2329884,0.15671232342720032,0.6975609660148621,0.37536585330963135
YPL018W,YNL294C,0,-7.2330523,0.15666940808296204,0.6975609660148621,0.3754878044128418
YJL079C,YAL001C,0,-7.2331614,0.15662650763988495,0.6975609660148621,0.37560975551605225
YOR034C,YDL040C,1,-7.2333283,0.15685737133026123,0.6987804770469666,0.37560975551605225
YKL129C,YDL007W,0,-7.2334566,0.15681445598602295,0.6987804770469666,0.3757317066192627
YIL009W,YEL066W,1,-7.2336974,0.1570451408624649,0.699999988079071,0.3757317066192627
YPR106W,YGR184C,0,-7.2341595,0.15700218081474304,0.699999988079071,0.37585365772247314
YNL270C,YMR273C,0,-7.2343073,0.15695925056934357,0.699999988079071,0.3759756088256836
YNL227C,YIL061C,0,-7.2343554,0.15691635012626648,0.699999988079071,0.37609755992889404
YDR079W,YOL010W,0,-7.234502,0.15687346458435059,0.699999988079071,0.3762195110321045
YNL183C,YBR106W,0,-7.2346144,0.1568305939435959,0.699999988079071,0.37634146213531494
YDR358W,YGL038C,0,-7.234745,0.15678776800632477,0.699999988079071,0.3764634132385254
YPL096C-A,YPR042C,0,-7.23528,0.15674494206905365,0.699999988079071,0.37658536434173584
YLL028W,YDR200C,0,-7.2353773,0.1567021608352661,0.699999988079071,0.3767073154449463
YOL130W,YFL034C-A,0,-7.235399,0.15665939450263977,0.699999988079071,0.37682926654815674
YLR285W,YLL036C,0,-7.235634,0.15661664307117462,0.699999988079071,0.3769512176513672
YHR168W,YLR329W,0,-7.235716,0.15657392144203186,0.699999988079071,0.37707316875457764
YFL039C,YGR002C,1,-7.2358103,0.1568039208650589,0.7012194991111755,0.37707316875457764
YKR055W,YLR025W,0,-7.2360334,0.15676118433475494,0.7012194991111755,0.3771951198577881
YNL031C,YFR025C,0,-7.236534,0.156718447804451,0.7012194991111755,0.37731707096099854
YBR119W,YGR081C,0,-7.2369633,0.15667575597763062,0.7012194991111755,0.377439022064209
YDL100C,YIL038C,0,-7.237344,0.15663306415081024,0.7012194991111755,0.37756097316741943
YLR144C,YIL131C,0,-7.2374578,0.15659041702747345,0.7012194991111755,0.3776829242706299
YOL062C,YGR006W,0,-7.2375345,0.15654778480529785,0.7012194991111755,0.37780487537384033
YGL001C,YML118W,0,-7.237566,0.15650516748428345,0.7012194991111755,0.3779268264770508
YFR001W,YDL007W,0,-7.2376413,0.15646257996559143,0.7012194991111755,0.37804877758026123
YMR036C,YPR133W-A,0,-7.237728,0.1564200222492218,0.7012194991111755,0.3781707286834717
YEL015W,YER169W,0,-7.238078,0.15637747943401337,0.7012194991111755,0.37829267978668213
YAL001C,YJR044C,0,-7.2381706,0.15633496642112732,0.7012194991111755,0.3784146308898926
YBR029C,YOL104C,0,-7.2385154,0.15629246830940247,0.7012194991111755,0.378536581993103
YEL027W,YMR231W,0,-7.2385197,0.15625,0.7012194991111755,0.3786585330963135
YJR060W,YPL037C,0,-7.238694,0.15620754659175873,0.7012194991111755,0.3787804841995239
YLR166C,YDR259C,0,-7.238844,0.15616512298583984,0.7012194991111755,0.3789024353027344
YFL038C,YOR172W,0,-7.238862,0.15612272918224335,0.7012194991111755,0.3790243864059448
YOL130W,YGL004C,0,-7.2389,0.15608035027980804,0.7012194991111755,0.3791463375091553
YPL119C,YDR484W,0,-7.2389536,0.15603798627853394,0.7012194991111755,0.3792682886123657
YPL082C,YBL106C,0,-7.2390456,0.15599565207958221,0.7012194991111755,0.37939023971557617
YMR316W,YDL232W,0,-7.23983,0.15595334768295288,0.7012194991111755,0.3795121908187866
YER052C,YIL109C,0,-7.239928,0.15591105818748474,0.7012194991111755,0.37963414192199707
YFR005C,YDR460W,0,-7.239949,0.155868798494339,0.7012194991111755,0.3797560930252075
YML093W,YDL038C,0,-7.240263,0.15582655370235443,0.7012194991111755,0.37987804412841797
YHR072W-A,YOR009W,0,-7.2404766,0.15578433871269226,0.7012194991111755,0.3799999952316284
YGR295C,YJR094W-A,0,-7.2405634,0.15574213862419128,0.7012194991111755,0.38012194633483887
YNL020C,YML008C,0,-7.241021,0.1556999683380127,0.7012194991111755,0.3802438974380493
YBR039W,YGL016W,0,-7.2413692,0.1556578278541565,0.7012194991111755,0.38036584854125977
YPL255W,YMR298W,0,-7.2415633,0.1556157022714615,0.7012194991111755,0.3804877996444702
YGL073W,YDR123C,0,-7.241714,0.15557359158992767,0.7012194991111755,0.38060975074768066
YKR063C,YGR165W,0,-7.241721,0.15553151071071625,0.7012194991111755,0.3807317018508911
YLL024C,YDR381W,0,-7.2418585,0.1554894596338272,0.7012194991111755,0.38085365295410156
YCR028C-A,YNL152W,0,-7.242442,0.15544742345809937,0.7012194991111755,0.380975604057312
YPL207W,YJR110W,0,-7.24304,0.15540540218353271,0.7012194991111755,0.38109755516052246
YMR246W,YEL066W,1,-7.2433577,0.1556336134672165,0.70243901014328,0.38109755516052246
YML102W,YFR032C-A,0,-7.243383,0.15559157729148865,0.70243901014328,0.3812195062637329
YAL034W-A,YIL075C,0,-7.2435412,0.155549556016922,0.70243901014328,0.38134145736694336
YDR060W,YJR066W,0,-7.243561,0.15550756454467773,0.70243901014328,0.3814634084701538
YNL081C,YBR067C,0,-7.2435856,0.15546558797359467,0.70243901014328,0.38158535957336426
YLR188W,YJR156C,0,-7.2435904,0.15542364120483398,0.70243901014328,0.3817073106765747
YPR193C,YEL066W,1,-7.2441883,0.15565146505832672,0.7036585211753845,0.3817073106765747
YIL154C,YOR297C,0,-7.244781,0.15560948848724365,0.7036585211753845,0.38182926177978516
YER020W,YIR008C,0,-7.244859,0.15556754171848297,0.7036585211753845,0.3819512128829956
YGL238W,YFL059W,0,-7.2457266,0.15552560985088348,0.7036585211753845,0.38207316398620605
YJR108W,YFR036W,0,-7.2457824,0.1554836928844452,0.7036585211753845,0.3821951150894165
YMR180C,YGL067W,0,-7.245985,0.15544180572032928,0.7036585211753845,0.38231706619262695
YOR393W,YDL030W,0,-7.246296,0.15539994835853577,0.7036585211753845,0.3824390172958374
YKL101W,YNL092W,0,-7.2465477,0.15535810589790344,0.7036585211753845,0.38256096839904785
YER040W,YER072W,0,-7.2466598,0.1553162783384323,0.7036585211753845,0.3826829195022583
YKL064W,YPL006W,0,-7.246787,0.15527449548244476,0.7036585211753845,0.38280487060546875
YMR153W,YKL113C,0,-7.2472234,0.15523271262645721,0.7036585211753845,0.3829268217086792
YDR377W,YPL032C,0,-7.2473593,0.15519095957279205,0.7036585211753845,0.38304877281188965
YBL063W,YML043C,0,-7.247426,0.15514923632144928,0.7036585211753845,0.3831707239151001
YDR277C,YPR088C,0,-7.2474327,0.1551075279712677,0.7036585211753845,0.38329267501831055
YNL258C,YGL127C,0,-7.247951,0.1550658494234085,0.7036585211753845,0.383414626121521
YGR179C,YGR194C,0,-7.2484837,0.1550241857767105,0.7036585211753845,0.38353657722473145
YDR511W,YKL028W,0,-7.2485833,0.1549825370311737,0.7036585211753845,0.3836585283279419
YJR105W,YIL069C,0,-7.2489023,0.1549409180879593,0.7036585211753845,0.38378047943115234
YOR039W,YLR001C,0,-7.248949,0.15489932894706726,0.7036585211753845,0.3839024305343628
YER015W,YPR193C,1,-7.249179,0.15512613952159882,0.704878032207489,0.3839024305343628
YIL131C,YGR020C,0,-7.2491918,0.1550845205783844,0.704878032207489,0.38402438163757324
YDR503C,YER180C-A,0,-7.249253,0.15504291653633118,0.704878032207489,0.3841463327407837
YBR234C,YDR041W,0,-7.249466,0.15500134229660034,0.704878032207489,0.38426828384399414
YMR246W,YOL110W,1,-7.2494993,0.1552278846502304,0.7060975432395935,0.38426828384399414
YNR028W,YBR245C,0,-7.2502403,0.15518628060817719,0.7060975432395935,0.3843902349472046
YDR138W,YOR284W,0,-7.2503414,0.15514469146728516,0.7060975432395935,0.38451218605041504
YDR522C,YER151C,0,-7.25039,0.15510313212871552,0.7060975432395935,0.3846341371536255
YGL112C,YOR064C,1,-7.250519,0.1553294062614441,0.707317054271698,0.3846341371536255
YML099C,YNL081C,0,-7.2506094,0.15528781712055206,0.707317054271698,0.38475608825683594
YPR193C,YGL112C,1,-7.2506557,0.1555139124393463,0.7085365653038025,0.38475608825683594
YFL010W-A,YKL122C,0,-7.251139,0.1554723083972931,0.7085365653038025,0.3848780393600464
YKL059C,YIL037C,0,-7.2511663,0.15543070435523987,0.7085365653038025,0.38499999046325684
YOL090W,YKL035W,0,-7.2515984,0.15538914501667023,0.7085365653038025,0.3851219415664673
YEL066W,YNL326C,1,-7.2518864,0.155614972114563,0.709756076335907,0.3851219415664673
YBL025W,YNL128W,0,-7.2520266,0.15557338297367096,0.709756076335907,0.38524389266967773
YHR175W,YGL254W,0,-7.2524953,0.15553179383277893,0.709756076335907,0.3853658437728882
YML099C,YDR237W,0,-7.2526984,0.15549024939537048,0.709756076335907,0.38548779487609863
YMR170C,YOL145C,0,-7.252849,0.15544871985912323,0.709756076335907,0.3856097459793091
YJL008C,YBR297W,0,-7.2529106,0.15540720522403717,0.709756076335907,0.38573169708251953
YLR028C,YLR060W,0,-7.253088,0.1553657203912735,0.709756076335907,0.38585364818573
YIL084C,YCR081W,0,-7.253375,0.15532426536083221,0.709756076335907,0.38597559928894043
YML092C,YOR127W,0,-7.2538676,0.15528281033039093,0.709756076335907,0.3860975503921509
YJR121W,YMR192W,0,-7.2540245,0.15524140000343323,0.709756076335907,0.38621950149536133
YFL023W,YOL111C,0,-7.254423,0.15520000457763672,0.709756076335907,0.3863414525985718
YDL122W,YIL063C,0,-7.254484,0.1551586240530014,0.709756076335907,0.3864634037017822
YDL181W,YPL002C,0,-7.2547235,0.15511727333068848,0.709756076335907,0.3865853548049927
YAL054C,YOR034C,1,-7.2548814,0.15534240007400513,0.7109755873680115,0.3865853548049927
YIR013C,YMR291W,0,-7.255164,0.1553010195493698,0.7109755873680115,0.3867073059082031
YMR044W,YDR105C,0,-7.25535,0.1552596539258957,0.7109755873680115,0.3868292570114136
YBR297W,YKR002W,0,-7.255416,0.15521831810474396,0.7109755873680115,0.386951208114624
YDR104C,YKR001C,0,-7.2556257,0.15517699718475342,0.7109755873680115,0.3870731592178345
YDR466W,YBR111W-A,0,-7.2558517,0.15513570606708527,0.7109755873680115,0.3871951103210449
YDR178W,YNL229C,0,-7.2559824,0.1550944447517395,0.7109755873680115,0.38731706142425537
YDR480W,YDR280W,0,-7.2563763,0.15505319833755493,0.7109755873680115,0.3874390125274658
YNL231C,YBR055C,0,-7.256901,0.15501196682453156,0.7109755873680115,0.38756096363067627
YBL042C,YKR031C,0,-7.2569685,0.15497076511383057,0.7109755873680115,0.3876829147338867
YLR427W,YDL138W,0,-7.257306,0.15492957830429077,0.7109755873680115,0.38780486583709717
YBL058W,YPL105C,0,-7.2581854,0.15488842129707336,0.7109755873680115,0.3879268169403076
YKR101W,YJR110W,0,-7.2583904,0.15484727919101715,0.7109755873680115,0.38804876804351807
YBR186W,YIR012W,0,-7.2585855,0.15480616688728333,0.7109755873680115,0.3881707191467285
YOR371C,YJL110C,0,-7.258673,0.1547650694847107,0.7109755873680115,0.38829267024993896
YDL049C,YAL047C,0,-7.258845,0.15472398698329926,0.7109755873680115,0.3884146213531494
YDL013W,YLL010C,0,-7.2597857,0.1546829342842102,0.7109755873680115,0.38853657245635986
YKL084W,YGR144W,0,-7.2598987,0.15464191138744354,0.7109755873680115,0.3886585235595703
YGL001C,YOR148C,0,-7.259901,0.15460090339183807,0.7109755873680115,0.38878047466278076
YDR322W,YPR168W,0,-7.2600374,0.1545599102973938,0.7109755873680115,0.3889024257659912
YGR262C,YNL339C,0,-7.2602854,0.1545189470052719,0.7109755873680115,0.38902437686920166
YBR212W,YGL098W,0,-7.2604074,0.1544780135154724,0.7109755873680115,0.3891463279724121
YFR036W,YJL110C,0,-7.260482,0.1544370800256729,0.7109755873680115,0.38926827907562256
YMR094W,YJL072C,0,-7.260775,0.154396191239357,0.7109755873680115,0.389390230178833
YKL101W,YKR048C,0,-7.2608986,0.15435530245304108,0.7109755873680115,0.38951218128204346
YFL010W-A,YKL049C,0,-7.2615824,0.15431445837020874,0.7109755873680115,0.3896341323852539
YIL026C,YGR258C,0,-7.2616444,0.1542736142873764,0.7109755873680115,0.38975608348846436
YEL053C,YOR064C,1,-7.261873,0.15449735522270203,0.712195098400116,0.38975608348846436
YJL186W,YLR032W,0,-7.262306,0.1544564962387085,0.712195098400116,0.3898780345916748
YJR108W,YDR173C,0,-7.2628508,0.15441565215587616,0.712195098400116,0.38999998569488525
YDR121W,YPL076W,0,-7.2639856,0.1543748378753662,0.712195098400116,0.3901219367980957
YDR427W,YDR449C,0,-7.2641454,0.15433403849601746,0.712195098400116,0.39024388790130615
YBR256C,YJL140W,0,-7.264177,0.1542932689189911,0.712195098400116,0.3903658390045166
YPR035W,YJL073W,0,-7.2644167,0.15425251424312592,0.712195098400116,0.39048779010772705
YOR103C,YMR137C,0,-7.2647076,0.15421177446842194,0.712195098400116,0.3906097412109375
YKL212W,YFL038C,0,-7.264838,0.15417106449604034,0.712195098400116,0.39073172211647034
YFL022C,YDR488C,0,-7.2650356,0.15413038432598114,0.712195098400116,0.3908536732196808
YKL213C,YGL086W,0,-7.265333,0.15408970415592194,0.712195098400116,0.39097562432289124
YGR154C,YPR182W,0,-7.265814,0.1540490686893463,0.712195098400116,0.3910975754261017
YJR069C,YNL251C,0,-7.2662115,0.1540084332227707,0.712195098400116,0.39121952652931213
YPL269W,YGR023W,0,-7.266222,0.15396784245967865,0.712195098400116,0.3913414776325226
YML081C-A,YNL206C,0,-7.266386,0.1539272516965866,0.712195098400116,0.39146342873573303
YDR060W,YBR058C,0,-7.2671947,0.15388669073581696,0.712195098400116,0.3915853798389435
YGL061C,YML012W,0,-7.267401,0.1538461595773697,0.712195098400116,0.39170733094215393
YFR004W,YKL130C,0,-7.2681656,0.15380564332008362,0.712195098400116,0.3918292820453644
YML074C,YLR363C,0,-7.2685795,0.15376514196395874,0.712195098400116,0.39195123314857483
YBR065C,YPL120W,0,-7.268669,0.15372467041015625,0.712195098400116,0.3920731842517853
YGL187C,YGL106W,0,-7.269013,0.15368421375751495,0.712195098400116,0.3921951353549957
YLR153C,YGR252W,1,-7.269128,0.15390686690807343,0.7134146094322205,0.3921951353549957
YPR193C,YGL066W,1,-7.269578,0.15412940084934235,0.714634120464325,0.3921951353549957
YLR324W,YGR044C,0,-7.269684,0.15408888459205627,0.714634120464325,0.3923170864582062
YCR093W,YMR214W,0,-7.2699614,0.1540483683347702,0.714634120464325,0.3924390375614166
YER149C,YPR016C,0,-7.2700562,0.15400788187980652,0.714634120464325,0.3925609886646271
YDR351W,YLR006C,0,-7.2700825,0.15396742522716522,0.714634120464325,0.3926829397678375
YOL152W,YGR172C,0,-7.270735,0.15392698347568512,0.714634120464325,0.392804890871048
YHR015W,YLR396C,0,-7.270769,0.1538865566253662,0.714634120464325,0.3929268419742584
YIL084C,YNL247W,0,-7.2708883,0.1538461595773697,0.714634120464325,0.39304879307746887
YOL086C,YIL084C,0,-7.271201,0.15380577743053436,0.714634120464325,0.3931707441806793
YPR192W,YDR420W,0,-7.2713776,0.15376541018486023,0.714634120464325,0.39329269528388977
YNL326C,YOR064C,1,-7.271538,0.15398740768432617,0.7158536314964294,0.39329269528388977
YNL077W,YJR109C,0,-7.2716107,0.15394702553749084,0.7158536314964294,0.3934146463871002
YHR013C,YIL009W,1,-7.2716465,0.15416884422302246,0.7170731425285339,0.3934146463871002
YGR086C,YPL122C,0,-7.2720613,0.15412844717502594,0.7170731425285339,0.39353659749031067
YHR057C,YGR044C,0,-7.272601,0.15408805012702942,0.7170731425285339,0.3936585485935211
YKL013C,YNR024W,0,-7.2727785,0.15404768288135529,0.7170731425285339,0.39378049969673157
YKL212W,YLR321C,0,-7.2727914,0.15400733053684235,0.7170731425285339,0.393902450799942
YOR244W,YPR051W,1,-7.272907,0.15422885119915009,0.7182926535606384,0.393902450799942
YIL049W,YGR057C,0,-7.273304,0.15418848395347595,0.7182926535606384,0.39402440190315247
YPR138C,YKL181W,0,-7.2733316,0.154148131608963,0.7182926535606384,0.3941463530063629
YNL214W,YGL070C,0,-7.273387,0.15410779416561127,0.7182926535606384,0.39426830410957336
YPR151C,YDR545W,0,-7.273768,0.1540674865245819,0.7182926535606384,0.3943902552127838
YDR376W,YLL024C,0,-7.27421,0.15402719378471375,0.7182926535606384,0.39451220631599426
YER015W,YEL056W,1,-7.2743425,0.15424837172031403,0.7195122241973877,0.39451220631599426
YHR205W,YML027W,0,-7.274395,0.15420804917812347,0.7195122241973877,0.3946341574192047
YBR009C,YLR188W,0,-7.2753463,0.1541677564382553,0.7195122241973877,0.39475610852241516
YJL112W,YGR209C,0,-7.275366,0.15412747859954834,0.7195122241973877,0.3948780596256256
YKR057W,YOR214C,0,-7.275481,0.15408723056316376,0.7195122241973877,0.39500001072883606
YDL040C,YLL002W,1,-7.2755384,0.15430809557437897,0.7207317352294922,0.39500001072883606
YCR034W,YMR149W,0,-7.2758303,0.154267817735672,0.7207317352294922,0.3951219618320465
YDR261C,YGR038W,0,-7.276183,0.15422755479812622,0.7207317352294922,0.39524391293525696
YDL069C,YDL159W,0,-7.276202,0.15418732166290283,0.7207317352294922,0.3953658640384674
YER017C,YGR221C,0,-7.2765474,0.15414710342884064,0.7207317352294922,0.39548781514167786
YDR320C,YLR183C,0,-7.2768703,0.15410691499710083,0.7207317352294922,0.3956097662448883
YHR013C,YDR176W,1,-7.276942,0.1543274223804474,0.7219512462615967,0.3956097662448883
YGR289C,YKL079W,0,-7.276973,0.1542872041463852,0.7219512462615967,0.39573171734809875
YLR307W,YPR005C,0,-7.2771497,0.1542470008134842,0.7219512462615967,0.3958536684513092
YLR318W,YPR006C,0,-7.277195,0.15420682728290558,0.7219512462615967,0.39597561955451965
YGL139W,YPR046W,0,-7.277648,0.15416666865348816,0.7219512462615967,0.3960975706577301
YNL039W,YPL072W,0,-7.2778378,0.15412652492523193,0.7219512462615967,0.39621952176094055
YCR003W,YML091C,0,-7.2783012,0.1540864109992981,0.7219512462615967,0.396341472864151
YBR296C,YKR001C,0,-7.2787523,0.15404631197452545,0.7219512462615967,0.39646342396736145
YOL165C,YOR249C,0,-7.2791147,0.1540062427520752,0.7219512462615967,0.3965853750705719
YDL003W,YGL038C,0,-7.2792397,0.15396618843078613,0.7219512462615967,0.39670732617378235
YLR418C,YJL045W,0,-7.279299,0.15392616391181946,0.7219512462615967,0.3968292772769928
YBR121C,YER161C,0,-7.2796206,0.15388613939285278,0.7219512462615967,0.39695122838020325
YJR060W,YMR268C,0,-7.279806,0.1538461595773697,0.7219512462615967,0.3970731794834137
YFL002C,YDR146C,0,-7.2801623,0.1538061797618866,0.7219512462615967,0.39719513058662415
YMR033W,YCL008C,0,-7.280298,0.1537662297487259,0.7219512462615967,0.3973170816898346
YPR119W,YNL051W,0,-7.280773,0.15372630953788757,0.7219512462615967,0.39743903279304504
YOL135C,YDR140W,0,-7.2808886,0.15368638932704926,0.7219512462615967,0.3975609838962555
YLL015W,YNL243W,0,-7.281018,0.15364651381969452,0.7219512462615967,0.39768293499946594
YMR072W,YIL015W,0,-7.281033,0.15360663831233978,0.7219512462615967,0.3978048861026764
YEL030W,YDR171W,0,-7.2812347,0.15356679260730743,0.7219512462615967,0.39792683720588684
YLR037C,YLR360W,0,-7.2817936,0.15352697670459747,0.7219512462615967,0.3980487883090973
YNL242W,YLR459W,0,-7.2819753,0.1534871608018875,0.7219512462615967,0.39817073941230774
YDR397C,YIL160C,0,-7.2820015,0.15344737470149994,0.7219512462615967,0.3982926905155182
YKR102W,YDR100W,0,-7.2820907,0.15340761840343475,0.7219512462615967,0.39841464161872864
YKL146W,YKR083C,0,-7.282198,0.15336787700653076,0.7219512462615967,0.3985365927219391
YDR462W,YOR323C,0,-7.2825546,0.15332815051078796,0.7219512462615967,0.39865854382514954
YGR224W,YOR299W,0,-7.2830315,0.15328845381736755,0.7219512462615967,0.39878049492836
YLL006W,YGR090W,0,-7.2830734,0.15324877202510834,0.7219512462615967,0.39890244603157043
YGL168W,YKR095W-A,0,-7.2838526,0.15320910513401031,0.7219512462615967,0.3990243971347809
YMR033W,YMR137C,0,-7.28411,0.15316946804523468,0.7219512462615967,0.39914634823799133
YOR002W,YMR272C,0,-7.2842236,0.15312984585762024,0.7219512462615967,0.3992682993412018
YAL022C,YIL073C,0,-7.284365,0.15309025347232819,0.7219512462615967,0.39939025044441223
YOR351C,YJL096W,0,-7.28452,0.15305067598819733,0.7219512462615967,0.3995122015476227
YER020W,YPR168W,0,-7.284535,0.15301111340522766,0.7219512462615967,0.39963415265083313
YHL011C,YPL065W,0,-7.2846327,0.15297158062458038,0.7219512462615967,0.3997561037540436
YLR153C,YFL039C,1,-7.2848406,0.15319038927555084,0.7231707572937012,0.3997561037540436
YML118W,YPL174C,0,-7.2857604,0.15315082669258118,0.7231707572937012,0.39987805485725403
YNR060W,YJL025W,0,-7.286274,0.1531112790107727,0.7231707572937012,0.4000000059604645
YDR377W,YMR226C,0,-7.287163,0.15307176113128662,0.7231707572937012,0.4001219570636749
YMR072W,YDL150W,0,-7.287169,0.15303225815296173,0.7231707572937012,0.4002439081668854
YLR191W,YKL132C,0,-7.2872057,0.15299277007579803,0.7231707572937012,0.4003658592700958
YDR194C,YDR081C,0,-7.2873178,0.15295331180095673,0.7231707572937012,0.4004878103733063
YOR244W,YBL052C,1,-7.28784,0.15317173302173615,0.7243902683258057,0.4004878103733063
YOR355W,YGL014W,0,-7.28837,0.15313224494457245,0.7243902683258057,0.4006097614765167
YJR050W,YBR214W,0,-7.2885847,0.15309278666973114,0.7243902683258057,0.4007317125797272
YHL038C,YNL106C,0,-7.2887554,0.15305334329605103,0.7243902683258057,0.4008536636829376
YGL012W,YCR033W,0,-7.288807,0.1530139148235321,0.7243902683258057,0.40097561478614807
YDR221W,YGL055W,0,-7.2890415,0.15297450125217438,0.7243902683258057,0.4010975658893585
YER065C,YML001W,0,-7.289075,0.15293511748313904,0.7243902683258057,0.40121951699256897
YDR292C,YLR467W,0,-7.289201,0.1528957486152649,0.7243902683258057,0.4013414680957794
YLR246W,YGL066W,1,-7.289603,0.1531137377023697,0.7256097793579102,0.4013414680957794
YOR098C,YOR116C,0,-7.2898283,0.15307435393333435,0.7256097793579102,0.40146341919898987
YDR394W,YIL129C,0,-7.2899375,0.1530349850654602,0.7256097793579102,0.4015853703022003
YMR008C,YNL044W,0,-7.2902155,0.15299563109874725,0.7256097793579102,0.40170732140541077
YLR337C,YGR251W,0,-7.2910404,0.1529562920331955,0.7256097793579102,0.4018292725086212
YOL095C,YLR303W,0,-7.291621,0.15291698276996613,0.7256097793579102,0.40195122361183167
YLR052W,YCR071C,0,-7.291732,0.15287770330905914,0.7256097793579102,0.4020731747150421
YML006C,YMR088C,0,-7.2917614,0.15283842384815216,0.7256097793579102,0.40219512581825256
YDR155C,YDR351W,0,-7.2919073,0.15279917418956757,0.7256097793579102,0.402317076921463
YJL014W,YJR035W,0,-7.292569,0.15275995433330536,0.7256097793579102,0.40243902802467346
YML078W,YGL028C,0,-7.2930374,0.15272073447704315,0.7256097793579102,0.4025609791278839
YNL127W,YEL017C-A,0,-7.294048,0.15268154442310333,0.7256097793579102,0.40268293023109436
YPR161C,YFL004W,0,-7.2942805,0.1526423841714859,0.7256097793579102,0.4028048813343048
YOL076W,YOL003C,1,-7.294402,0.15285970270633698,0.7268292903900146,0.4028048813343048
YGR037C,YOR179C,0,-7.294489,0.15282051265239716,0.7268292903900146,0.40292683243751526
YKL156W,YBL067C,0,-7.294493,0.15278133749961853,0.7268292903900146,0.4030487835407257
YAR002W,YDL123W,0,-7.2946587,0.1527421772480011,0.7268292903900146,0.40317073464393616
YHR091C,YOR049C,0,-7.2949705,0.15270304679870605,0.7268292903900146,0.4032926857471466
YGL111W,YER005W,0,-7.2950006,0.1526639312505722,0.7268292903900146,0.40341463685035706
YPR017C,YNL015W,0,-7.295416,0.15262484550476074,0.7268292903900146,0.4035365879535675
YML008C,YDL246C,0,-7.295536,0.15258575975894928,0.7268292903900146,0.40365853905677795
YHL027W,YPL002C,0,-7.2956924,0.1525467038154602,0.7268292903900146,0.4037804901599884
YJL060W,YNR047W,0,-7.295717,0.15250767767429352,0.7268292903900146,0.40390244126319885
YEL064C,YDR201W,0,-7.2962637,0.15246866643428802,0.7268292903900146,0.4040243923664093
YNL051W,YER003C,0,-7.296286,0.15242967009544373,0.7268292903900146,0.40414634346961975
YLR431C,YIL106W,0,-7.2968917,0.15239068865776062,0.7268292903900146,0.4042682945728302
YDR021W,YHR118C,0,-7.297059,0.1523517370223999,0.7268292903900146,0.40439024567604065
YHR168W,YGL144C,0,-7.29706,0.15231280028820038,0.7268292903900146,0.4045121967792511
YBR212W,YGR006W,0,-7.2977924,0.15227389335632324,0.7268292903900146,0.40463414788246155
YJR138W,YKL218C,0,-7.2983108,0.1522349864244461,0.7268292903900146,0.404756098985672
YMR296C,YNL261W,0,-7.2984676,0.15219612419605255,0.7268292903900146,0.40487805008888245
YAL031C,YLR316C,0,-7.298502,0.152157261967659,0.7268292903900146,0.4050000011920929
YFL013C,YLL055W,0,-7.2986383,0.15211842954158783,0.7268292903900146,0.40512195229530334
YHR013C,YOR064C,1,-7.2986555,0.1523347795009613,0.7280488014221191,0.40512195229530334
YML075C,YOR380W,0,-7.2987585,0.15229591727256775,0.7280488014221191,0.4052439033985138
YFR055W,YOR171C,0,-7.299277,0.1522570699453354,0.7280488014221191,0.40536585450172424
YKL042W,YDR196C,0,-7.299386,0.15221825242042542,0.7280488014221191,0.4054878056049347
YDR309C,YOR149C,0,-7.2995973,0.15217944979667664,0.7280488014221191,0.40560975670814514
YNL230C,YJL140W,0,-7.299655,0.15214067697525024,0.7280488014221191,0.4057317078113556
YJR161C,YHL034C,0,-7.300061,0.15210190415382385,0.7280488014221191,0.40585365891456604
YPL097W,YDR156W,0,-7.300152,0.15206317603588104,0.7280488014221191,0.4059756100177765
YNL316C,YOL127W,0,-7.300216,0.15202444791793823,0.7280488014221191,0.40609756112098694
YLR227C,YNL003C,0,-7.3003225,0.1519857496023178,0.7280488014221191,0.4062195122241974
YPL163C,YMR156C,0,-7.3003774,0.15194706618785858,0.7280488014221191,0.40634146332740784
YLR085C,YLR210W,0,-7.3006635,0.15190839767456055,0.7280488014221191,0.4064634144306183
YOR249C,YNR017W,0,-7.300885,0.1518697589635849,0.7280488014221191,0.40658536553382874
YGL183C,YDR473C,0,-7.3012323,0.15183113515377045,0.7280488014221191,0.4067073166370392
YDR533C,YKL174C,0,-7.301317,0.1517925262451172,0.7280488014221191,0.40682926774024963
YER155C,YDR418W,0,-7.3014264,0.15175394713878632,0.7280488014221191,0.4069512188434601
YIL036W,YPR154W,0,-7.3014507,0.15171536803245544,0.7280488014221191,0.40707316994667053
YJL219W,YPR106W,0,-7.3017745,0.15167683362960815,0.7280488014221191,0.407195121049881
YGL061C,YNL173C,0,-7.301939,0.15163829922676086,0.7280488014221191,0.40731707215309143
YKL054C,YHR118C,0,-7.3019795,0.15159979462623596,0.7280488014221191,0.4074390232563019
YBR175W,YPL072W,0,-7.302173,0.15156130492687225,0.7280488014221191,0.40756097435951233
YFR040W,YOR003W,0,-7.3023596,0.15152284502983093,0.7280488014221191,0.4076829254627228
YFL024C,YLL002W,1,-7.3023596,0.15173813700675964,0.7292683124542236,0.4076829254627228
YER027C,YDL170W,0,-7.302431,0.15169964730739594,0.7292683124542236,0.4078048765659332
YPR175W,YOR301W,0,-7.3024855,0.15166117250919342,0.7292683124542236,0.4079268276691437
YER015W,YGR252W,1,-7.3027725,0.1518762707710266,0.7304878234863281,0.4079268276691437
YDL165W,YHR203C,0,-7.3028336,0.1518377661705017,0.7304878234863281,0.4080487787723541
YCR030C,YDR352W,0,-7.3029737,0.1517992913722992,0.7304878234863281,0.4081707298755646
YJR048W,YJR125C,0,-7.3031054,0.15176083147525787,0.7304878234863281,0.408292680978775
YDR127W,YHR129C,0,-7.3041654,0.15172238647937775,0.7304878234863281,0.4084146320819855
YFL011W-A,YDR523C,0,-7.304453,0.15168397128582,0.7304878234863281,0.4085365831851959
YGR217W,YHR075C,0,-7.304555,0.15164557099342346,0.7304878234863281,0.40865853428840637
YAL054C,YDR167W,1,-7.304595,0.1518602818250656,0.7317073345184326,0.40865853428840637
YJL115W,YDL040C,1,-7.304722,0.1520749032497406,0.7329268455505371,0.40865853428840637
YAL021C,YLR058C,0,-7.3048744,0.15203642845153809,0.7329268455505371,0.4087804853916168
YPL241C,YLR260W,0,-7.304946,0.15199798345565796,0.7329268455505371,0.40890243649482727
YAL054C,YGR002C,1,-7.305046,0.15221239626407623,0.7341463565826416,0.40890243649482727
YBL105C,YKL193C,0,-7.305132,0.15217390656471252,0.7341463565826416,0.4090243875980377
YAL034W-A,YHR041C,0,-7.305276,0.1521354615688324,0.7341463565826416,0.40914633870124817
YOR085W,YLR107W,0,-7.3058047,0.15209701657295227,0.7341463565826416,0.4092682898044586
YNL272C,YGL127C,0,-7.3058624,0.15205860137939453,0.7341463565826416,0.40939024090766907
YHR013C,YLR246W,1,-7.305916,0.15227273106575012,0.7353658676147461,0.40939024090766907
YKL057C,YKL164C,0,-7.3059354,0.15223428606987,0.7353658676147461,0.4095121920108795
YNL201C,YLR248W,0,-7.30608,0.15219585597515106,0.7353658676147461,0.40963414311408997
YBR294W,YJR102C,0,-7.306101,0.15215745568275452,0.7353658676147461,0.4097560942173004
YHR211W,YML088W,0,-7.3061867,0.15211907029151917,0.7353658676147461,0.40987804532051086
YMR316W,YIL072W,0,-7.306547,0.152080699801445,0.7353658676147461,0.4099999964237213
YOR393W,YMR100W,0,-7.3066263,0.15204235911369324,0.7353658676147461,0.41012194752693176
YHL003C,YHR120W,0,-7.306734,0.15200403332710266,0.7353658676147461,0.4102438986301422
YOR264W,YFR003C,0,-7.3068037,0.15196572244167328,0.7353658676147461,0.41036584973335266
YDR473C,YOR073W,0,-7.30687,0.15192744135856628,0.7353658676147461,0.4104878008365631
YGR261C,YLR308W,0,-7.306979,0.15188917517662048,0.7353658676147461,0.41060975193977356
YBL061C,YDR330W,0,-7.3072753,0.15185092389583588,0.7353658676147461,0.410731703042984
YGR204W,YNL059C,0,-7.307523,0.15181268751621246,0.7353658676147461,0.41085365414619446
YDR427W,YOR195W,0,-7.3075323,0.15177448093891144,0.7353658676147461,0.4109756052494049
YIL121W,YKR100C,0,-7.307576,0.1517362892627716,0.7353658676147461,0.41109755635261536
YML015C,YEL004W,0,-7.3075924,0.15169811248779297,0.7353658676147461,0.4112195074558258
YCL043C,YHL015W,0,-7.30768,0.15165996551513672,0.7353658676147461,0.41134145855903625
YAL054C,YLR246W,1,-7.3077245,0.15187327563762665,0.7365853786468506,0.41134145855903625
YBR251W,YBR156C,0,-7.307849,0.151835098862648,0.7365853786468506,0.4114634096622467
YKR065C,YGR156W,0,-7.3079576,0.15179693698883057,0.7365853786468506,0.41158536076545715
YBR035C,YML028W,0,-7.308025,0.15175879001617432,0.7365853786468506,0.4117073118686676
YPR009W,YMR156C,0,-7.3081956,0.15172067284584045,0.7365853786468506,0.41182926297187805
YDR480W,YLR316C,0,-7.3085814,0.15168257057666779,0.7365853786468506,0.4119512140750885
YPL104W,YNL244C,0,-7.309265,0.1516444832086563,0.7365853786468506,0.41207316517829895
YJL031C,YLR256W,0,-7.3106546,0.15160642564296722,0.7365853786468506,0.4121951162815094
YMR177W,YFL059W,0,-7.3110194,0.15156838297843933,0.7365853786468506,0.41231706738471985
YDR231C,YDR140W,0,-7.3110523,0.15153035521507263,0.7365853786468506,0.4124390184879303
YGR089W,YBR170C,0,-7.3116684,0.15149235725402832,0.7365853786468506,0.41256096959114075
YPR049C,YIL016W,0,-7.311856,0.151454359292984,0.7365853786468506,0.4126829206943512
YBL002W,YAR018C,0,-7.3120217,0.15141639113426208,0.7365853786468506,0.41280487179756165
YNL242W,YNR037C,0,-7.3122873,0.15137845277786255,0.7365853786468506,0.4129268229007721
YGR091W,YOR008C,0,-7.3124847,0.151340514421463,0.7365853786468506,0.41304877400398254
YNL245C,YBR127C,0,-7.312807,0.15130260586738586,0.7365853786468506,0.413170725107193
YIR037W,YPL022W,0,-7.3128414,0.1512647122144699,0.7365853786468506,0.41329267621040344
YMR236W,YOR064C,1,-7.3128824,0.15147721767425537,0.7378048896789551,0.41329267621040344
YER107C,YHR147C,0,-7.3128953,0.15143929421901703,0.7378048896789551,0.4134146273136139
YHR067W,YOR129C,0,-7.313156,0.15140140056610107,0.7378048896789551,0.41353657841682434
YHR176W,YKL170W,0,-7.313349,0.1513635218143463,0.7378048896789551,0.4136585295200348
YPL134C,YBR222C,0,-7.3135605,0.15132565796375275,0.7378048896789551,0.41378048062324524
YKR082W,YJL141C,0,-7.3136086,0.15128782391548157,0.7378048896789551,0.4139024317264557
YGL247W,YIL043C,0,-7.313944,0.15125000476837158,0.7378048896789551,0.41402438282966614
YDR284C,YHR075C,0,-7.314041,0.1512122005224228,0.7378048896789551,0.4141463339328766
YDR138W,YNL299W,0,-7.314106,0.1511744111776352,0.7378048896789551,0.41426828503608704
YBL084C,YAR018C,0,-7.314138,0.15113665163516998,0.7378048896789551,0.4143902361392975
YMR065W,YGR192C,0,-7.314225,0.15109890699386597,0.7378048896789551,0.41451218724250793
YNR037C,YHR012W,0,-7.3142447,0.15106117725372314,0.7378048896789551,0.4146341383457184
YHR013C,YBL052C,1,-7.31466,0.15127308666706085,0.7390244007110596,0.4146341383457184
YGR227W,YIL061C,0,-7.3148255,0.15123534202575684,0.7390244007110596,0.41475608944892883
YDR244W,YDL150W,0,-7.3148427,0.15119759738445282,0.7390244007110596,0.4148780405521393
YJL078C,YDR363W-A,0,-7.315605,0.15115989744663239,0.7390244007110596,0.41499999165534973
YKR067W,YER003C,0,-7.315653,0.15112219750881195,0.7390244007110596,0.4151219427585602
YNL071W,YDR033W,0,-7.316513,0.1510845124721527,0.7390244007110596,0.41524389386177063
YDR264C,YNL136W,1,-7.3165936,0.15129610896110535,0.7402439117431641,0.41524389386177063
YCR009C,YOR045W,0,-7.316908,0.1512584090232849,0.7402439117431641,0.4153658449649811
YJL196C,YGL086W,0,-7.3170433,0.15122072398662567,0.7402439117431641,0.41548779606819153
YKL168C,YHR030C,0,-7.317137,0.15118306875228882,0.7402439117431641,0.415609747171402
YER065C,YIL147C,0,-7.3171797,0.15114541351795197,0.7402439117431641,0.4157316982746124
YGR181W,YHR202W,0,-7.31738,0.1511077880859375,0.7402439117431641,0.4158536493778229
YDR503C,YPL162C,0,-7.3178577,0.15107017755508423,0.7402439117431641,0.4159756004810333
YBL092W,YDL216C,0,-7.318062,0.15103259682655334,0.7402439117431641,0.4160975515842438
YDR284C,YDR258C,0,-7.3182836,0.15099503099918365,0.7402439117431641,0.4162195026874542
YPR179C,YOR323C,0,-7.319029,0.15095748007297516,0.7402439117431641,0.4163414537906647
YBR298C,YDR472W,0,-7.3192725,0.15091994404792786,0.7402439117431641,0.4164634048938751
YOL054W,YGL169W,0,-7.319313,0.15088242292404175,0.7402439117431641,0.41658535599708557
YPL209C,YLR337C,0,-7.3195205,0.15084493160247803,0.7402439117431641,0.416707307100296
YLR023C,YBR050C,0,-7.3196507,0.1508074551820755,0.7402439117431641,0.41682925820350647
YGL155W,YGR213C,0,-7.31968,0.15076999366283417,0.7402439117431641,0.4169512093067169
YBR090C-A,YKL122C,0,-7.320152,0.15073256194591522,0.7402439117431641,0.41707316040992737
YHR156C,YBR268W,0,-7.320836,0.15069513022899628,0.7402439117431641,0.4171951115131378
YDR075W,YIL129C,0,-7.321303,0.15065772831439972,0.7402439117431641,0.41731706261634827
YGR289C,YDR359C,0,-7.321501,0.15062034130096436,0.7402439117431641,0.4174390137195587
YOR208W,YMR284W,0,-7.3216934,0.15058298408985138,0.7402439117431641,0.41756096482276917
YOR232W,YOR295W,0,-7.3222175,0.1505456417798996,0.7402439117431641,0.4176829159259796
YMR035W,YBR192W,0,-7.32263,0.15050829946994781,0.7402439117431641,0.41780486702919006
YER116C,YML093W,0,-7.3227987,0.15047100186347961,0.7402439117431641,0.4179268181324005
YLR153C,YEL053C,1,-7.322877,0.1506815403699875,0.7414634227752686,0.4179268181324005
YDL201W,YLL048C,0,-7.32297,0.1506441980600357,0.7414634227752686,0.41804876923561096
YBR297W,YGR270W,0,-7.3232775,0.1506068855524063,0.7414634227752686,0.4181707203388214
YDR130C,YIL068C,0,-7.323294,0.1505695879459381,0.7414634227752686,0.41829267144203186
YDL040C,YOR064C,1,-7.323433,0.15077990293502808,0.742682933807373,0.41829267144203186
YJL058C,YDR497C,0,-7.3238244,0.1507425755262375,0.742682933807373,0.4184146225452423
YBL005W,YGL127C,0,-7.3241405,0.1507052779197693,0.742682933807373,0.41853657364845276
YBR102C,YCL027W,0,-7.3244743,0.1506679803133011,0.742682933807373,0.4186585247516632
YFL010W-A,YCR033W,0,-7.324482,0.15063071250915527,0.742682933807373,0.41878047585487366
YDR277C,YBR060C,0,-7.324646,0.15059347450733185,0.742682933807373,0.4189024269580841
YBR105C,YOR396W,0,-7.324699,0.15055623650550842,0.742682933807373,0.41902437806129456
YBL091C,YGR239C,0,-7.3247085,0.15051902830600739,0.742682933807373,0.419146329164505
YJL047C,YPL273W,0,-7.324854,0.15048183500766754,0.742682933807373,0.41926828026771545
YLR350W,YLR354C,0,-7.325121,0.1504446566104889,0.742682933807373,0.4193902313709259
YNL268W,YOR190W,0,-7.325844,0.15040750801563263,0.742682933807373,0.41951218247413635
YOL011W,YKL020C,0,-7.3261,0.15037037432193756,0.742682933807373,0.4196341335773468
YGR230W,YGR111W,0,-7.3261533,0.1503332555294037,0.742682933807373,0.41975608468055725
YPL119C,YGL018C,0,-7.3262367,0.150296151638031,0.742682933807373,0.4198780357837677
YOR034C,YOL148C,1,-7.3264046,0.15050579607486725,0.7439024448394775,0.4198780357837677
YHL048W,YDL119C,0,-7.3266106,0.15046867728233337,0.7439024448394775,0.41999998688697815
YCL003W,YOL122C,0,-7.326676,0.1504315733909607,0.7439024448394775,0.4201219379901886
YGL133W,YIL023C,0,-7.326728,0.1503944844007492,0.7439024448394775,0.42024388909339905
YIL132C,YJL053W,0,-7.327237,0.1503574103116989,0.7439024448394775,0.4203658401966095
YDL138W,YDR322C-A,0,-7.3273187,0.15032035112380981,0.7439024448394775,0.42048779129981995
YGR154C,YER149C,0,-7.3274446,0.1502833217382431,0.7439024448394775,0.4206097424030304
YFR025C,YLR045C,0,-7.3281727,0.15024630725383759,0.7439024448394775,0.42073169350624084
YKL032C,YDL185W,0,-7.328522,0.15020930767059326,0.7439024448394775,0.4208536446094513
YGL183C,YER029C,0,-7.328656,0.15017232298851013,0.7439024448394775,0.42097559571266174
YNR055C,YMR286W,0,-7.3289266,0.1501353681087494,0.7439024448394775,0.4210975468158722
YOL017W,YPL158C,0,-7.329065,0.15009842813014984,0.7439024448394775,0.42121949791908264
YEL061C,YOR037W,0,-7.3293114,0.1500615030527115,0.7439024448394775,0.4213414490222931
YPR169W,YLL056C,0,-7.329997,0.15002459287643433,0.7439024448394775,0.42146340012550354
YDR473C,YPL176C,0,-7.33061,0.14998771250247955,0.7439024448394775,0.421585351228714
YMR256C,YLR321C,0,-7.331456,0.14995083212852478,0.7439024448394775,0.42170730233192444
YLL062C,YOR019W,0,-7.332001,0.1499139815568924,0.7439024448394775,0.4218292534351349
YGL166W,YGL201C,0,-7.332015,0.1498771458864212,0.7439024448394775,0.4219512343406677
YKR095W-A,YBR058C,0,-7.332903,0.1498403400182724,0.7439024448394775,0.4220731854438782
YMR139W,YOR129C,0,-7.3338294,0.1498035341501236,0.7439024448394775,0.4221951365470886
YML107C,YKL058W,0,-7.3338575,0.14976675808429718,0.7439024448394775,0.4223170876502991
YLR354C,YDR027C,0,-7.3346443,0.14972999691963196,0.7439024448394775,0.4224390387535095
YLR229C,YJR022W,0,-7.334811,0.14969325065612793,0.7439024448394775,0.42256098985671997
YCR068W,YJR147W,0,-7.3348217,0.1496565192937851,0.7439024448394775,0.4226829409599304
YHL027W,YGR181W,0,-7.3348923,0.14961981773376465,0.7439024448394775,0.42280489206314087
YGR133W,YDR075W,0,-7.3355217,0.1495831310749054,0.7439024448394775,0.4229268431663513
YGL025C,YAR035W,0,-7.3356657,0.14954645931720734,0.7439024448394775,0.42304879426956177
YKL004W,YNL102W,0,-7.3359246,0.14950980246067047,0.7439024448394775,0.4231707453727722
YPR046W,YDL170W,0,-7.335966,0.149473175406456,0.7439024448394775,0.42329269647598267
YMR094W,YPR133C,0,-7.3364964,0.14943654835224152,0.7439024448394775,0.4234146475791931
YGR101W,YGL259W,0,-7.3365107,0.14939995110034943,0.7439024448394775,0.42353659868240356
YDR197W,YPR168W,0,-7.336747,0.14936336874961853,0.7439024448394775,0.423658549785614
YGL021W,YHR190W,0,-7.3368297,0.14932680130004883,0.7439024448394775,0.42378050088882446
YNL081C,YKL166C,0,-7.3371925,0.1492902636528015,0.7439024448394775,0.4239024519920349
YLR022C,YKR089C,0,-7.3372326,0.1492537260055542,0.7439024448394775,0.42402440309524536
YHR036W,YDL215C,0,-7.337411,0.14921721816062927,0.7439024448394775,0.4241463541984558
YKR068C,YOL007C,0,-7.3374877,0.14918072521686554,0.7439024448394775,0.42426830530166626
YOL104C,YGL225W,0,-7.3379574,0.149144247174263,0.7439024448394775,0.4243902564048767
YLR308W,YPR104C,0,-7.3380833,0.14910779893398285,0.7439024448394775,0.42451220750808716
YHR176W,YMR267W,0,-7.3383975,0.1490713655948639,0.7439024448394775,0.4246341586112976
YPL096C-A,YML058W-A,0,-7.338441,0.14903493225574493,0.7439024448394775,0.42475610971450806
YMR207C,YDR234W,0,-7.339082,0.14899852871894836,0.7439024448394775,0.4248780608177185
YOR383C,YOR233W,0,-7.3391314,0.14896215498447418,0.7439024448394775,0.42500001192092896
YLL001W,YMR223W,0,-7.339585,0.14892578125,0.7439024448394775,0.4251219630241394
YHR013C,YPL001W,1,-7.339604,0.14913351833820343,0.745121955871582,0.4251219630241394
YNL094W,YKR049C,0,-7.340826,0.14909711480140686,0.745121955871582,0.42524391412734985
YHR178W,YBR294W,0,-7.3411345,0.14906074106693268,0.745121955871582,0.4253658652305603
YDR501W,YOR060C,0,-7.3420563,0.14902439713478088,0.745121955871582,0.42548781633377075
YMR182C,YLR371W,0,-7.342242,0.1489880532026291,0.745121955871582,0.4256097674369812
YFL024C,YER015W,1,-7.3424916,0.14919550716876984,0.7463414669036865,0.4256097674369812
YDR294C,YOL129W,0,-7.342602,0.14915914833545685,0.7463414669036865,0.42573171854019165
YOR122C,YHR025W,0,-7.343049,0.14912280440330505,0.7463414669036865,0.4258536696434021
YHR107C,YEL016C,0,-7.3433967,0.14908647537231445,0.7463414669036865,0.42597562074661255
YKR036C,YMR183C,0,-7.343542,0.14905017614364624,0.7463414669036865,0.426097571849823
YCR017C,YBR299W,0,-7.343611,0.14901387691497803,0.7463414669036865,0.42621952295303345
YDR501W,YJL164C,0,-7.344358,0.1489776074886322,0.7463414669036865,0.4263414740562439
YPR185W,YBR207W,0,-7.3443966,0.14894135296344757,0.7463414669036865,0.42646342515945435
YDL143W,YOR018W,0,-7.3451595,0.14890511333942413,0.7463414669036865,0.4265853762626648
YDL066W,YGR075C,0,-7.3453703,0.1488688886165619,0.7463414669036865,0.42670732736587524
YER069W,YMR268C,0,-7.3455057,0.14883267879486084,0.7463414669036865,0.4268292784690857
YLR254C,YEL016C,0,-7.345926,0.14879649877548218,0.7463414669036865,0.42695122957229614
YAL034W-A,YNL201C,0,-7.3467846,0.1487603336572647,0.7463414669036865,0.4270731806755066
YEL061C,YDL195W,0,-7.3468456,0.14872418344020844,0.7463414669036865,0.42719513177871704
YGR174C,YOR127W,0,-7.3469105,0.14868804812431335,0.7463414669036865,0.4273170828819275
YML077W,YNL115C,0,-7.3470044,0.14865192770957947,0.7463414669036865,0.42743903398513794
YOL152W,YOR127W,0,-7.3470173,0.14861583709716797,0.7463414669036865,0.4275609850883484
YFL047W,YLR079W,0,-7.3472223,0.14857974648475647,0.7463414669036865,0.42768293619155884
YPR193C,YEL053C,1,-7.347352,0.14878641068935394,0.747560977935791,0.42768293619155884
YHL036W,YHR118C,0,-7.34753,0.14875030517578125,0.747560977935791,0.4278048872947693
YGR036C,YIR017C,0,-7.348334,0.14871421456336975,0.747560977935791,0.42792683839797974
YDL040C,YDR392W,1,-7.348485,0.1489206850528717,0.7487804889678955,0.42792683839797974
YDR197W,YPL187W,0,-7.3488693,0.148884579539299,0.7487804889678955,0.4280487895011902
YOL138C,YPL158C,0,-7.3492613,0.1488484889268875,0.7487804889678955,0.42817074060440063
YJR043C,YOL038W,0,-7.349517,0.1488124132156372,0.7487804889678955,0.4282926917076111
YDR155C,YGR135W,0,-7.349849,0.1487763524055481,0.7487804889678955,0.42841464281082153
YHR204W,YHR010W,0,-7.3500376,0.14874030649662018,0.7487804889678955,0.428536593914032
YLR035C,YNL186W,0,-7.3501883,0.14870429039001465,0.7487804889678955,0.42865854501724243
YDR347W,YPR007C,0,-7.3503017,0.14866827428340912,0.7487804889678955,0.4287804961204529
YHR074W,YLR183C,0,-7.3503075,0.14863228797912598,0.7487804889678955,0.42890244722366333
YHR168W,YGR101W,0,-7.351044,0.14859631657600403,0.7487804889678955,0.4290243983268738
YBR005W,YDR395W,0,-7.3512487,0.14856037497520447,0.7487804889678955,0.42914634943008423
YPR006C,YPL147W,0,-7.35219,0.1485244333744049,0.7487804889678955,0.4292683005332947
YBR179C,YNR047W,0,-7.3525233,0.14848850667476654,0.7487804889678955,0.4293902516365051
YHR072W,YML043C,0,-7.35253,0.14845260977745056,0.7487804889678955,0.4295122027397156
YLR037C,YGR170W,0,-7.3525925,0.14841672778129578,0.7487804889678955,0.429634153842926
YKL064W,YHR005C-A,0,-7.352926,0.14838086068630219,0.7487804889678955,0.4297561049461365
YNR075W,YBR258C,0,-7.3531437,0.1483450084924698,0.7487804889678955,0.4298780560493469
YGL256W,YMR020W,0,-7.3531785,0.14830918610095978,0.7487804889678955,0.4300000071525574
YBR145W,YGL179C,0,-7.3532724,0.14827336370944977,0.7487804889678955,0.4301219582557678
YPL187W,YEL050C,0,-7.353321,0.14823757112026215,0.7487804889678955,0.43024390935897827
YDR236C,YNR017W,0,-7.3533473,0.14820179343223572,0.7487804889678955,0.4303658604621887
YAL054C,YDR176W,1,-7.3540916,0.14840734004974365,0.75,0.4303658604621887
YBR244W,YER074W-A,0,-7.354165,0.14837153255939484,0.75,0.43048781156539917
YHR013C,YER015W,1,-7.35417,0.14857694506645203,0.7512195110321045,0.43048781156539917
YDR261C,YER024W,0,-7.3542676,0.14854110777378082,0.7512195110321045,0.4306097626686096
YDR191W,YIL094C,0,-7.3544793,0.148505300283432,0.7512195110321045,0.43073171377182007
YKR067W,YLR254C,0,-7.355258,0.14846950769424438,0.7512195110321045,0.4308536648750305
YFL039C,YLL002W,1,-7.355848,0.14867469668388367,0.752439022064209,0.4308536648750305
YKR099W,YDR013W,0,-7.3568125,0.14863888919353485,0.752439022064209,0.43097561597824097
YBR145W,YFL018W-A,0,-7.356924,0.14860308170318604,0.752439022064209,0.4310975670814514
YJL110C,YGR234W,0,-7.356954,0.1485673040151596,0.752439022064209,0.43121951818466187
YMR207C,YNL088W,0,-7.357214,0.14853154122829437,0.752439022064209,0.4313414692878723
YDR385W,YDR164C,0,-7.357369,0.14849579334259033,0.752439022064209,0.43146342039108276
YGL241W,YML033W,0,-7.3576703,0.14846006035804749,0.752439022064209,0.4315853714942932
YPL101W,YKR063C,0,-7.3584733,0.14842434227466583,0.752439022064209,0.43170732259750366
YOR354C,YLR466W,0,-7.3586597,0.14838865399360657,0.752439022064209,0.4318292737007141
YDL126C,YAR050W,0,-7.3587885,0.1483529657125473,0.752439022064209,0.43195122480392456
YBL015W,YBR275C,0,-7.35904,0.14831730723381042,0.752439022064209,0.432073175907135
YBL076C,YGL137W,0,-7.3593373,0.14828166365623474,0.752439022064209,0.43219512701034546
YLR395C,YGL013C,0,-7.3595667,0.14824603497982025,0.752439022064209,0.4323170781135559
YMR199W,YJL219W,0,-7.3595967,0.14821042120456696,0.752439022064209,0.43243902921676636
YBR187W,YDR503C,0,-7.3597097,0.14817483723163605,0.752439022064209,0.4325609803199768
YOR025W,YNL329C,0,-7.35978,0.14813925325870514,0.752439022064209,0.43268293142318726
YMR041C,YNL031C,0,-7.3606815,0.14810369908809662,0.752439022064209,0.4328048825263977
YLR432W,YLR337W,0,-7.3612394,0.1480681598186493,0.752439022064209,0.43292683362960815
YMR201C,YJL045W,0,-7.3613234,0.14803263545036316,0.752439022064209,0.4330487847328186
YHL011C,YNL090W,0,-7.362296,0.14799712598323822,0.752439022064209,0.43317073583602905
YGL047W,YDL100C,0,-7.3623686,0.14796163141727448,0.752439022064209,0.4332926869392395
YER107C,YOR193W,0,-7.362932,0.14792615175247192,0.752439022064209,0.43341463804244995
YMR156C,YOR305W,0,-7.363095,0.14789070188999176,0.752439022064209,0.4335365891456604
YOR113W,YCL011C,0,-7.3635635,0.1478552669286728,0.752439022064209,0.43365854024887085
YOL031C,YDR495C,0,-7.3642015,0.14781983196735382,0.752439022064209,0.4337804913520813
YNL053W,YNL300W,0,-7.36551,0.14778442680835724,0.752439022064209,0.43390244245529175
YJR042W,YPL031C,0,-7.3657637,0.14774903655052185,0.752439022064209,0.4340243935585022
YPL200W,YJL076W,0,-7.365808,0.14771367609500885,0.752439022064209,0.43414634466171265
YGR154C,YMR140W,0,-7.365902,0.14767831563949585,0.752439022064209,0.4342682957649231
YDR376W,YIL037C,0,-7.3666887,0.14764297008514404,0.752439022064209,0.43439024686813354
YEL036C,YIL006W,0,-7.367084,0.14760765433311462,0.752439022064209,0.434512197971344
YIR013C,YFL059W,0,-7.3676047,0.1475723534822464,0.752439022064209,0.43463414907455444
YGR075C,YKL212W,0,-7.3679805,0.14753706753253937,0.752439022064209,0.4347561001777649
YDL145C,YKL160W,0,-7.3680696,0.14750179648399353,0.752439022064209,0.43487805128097534
YDL154W,YKL127W,0,-7.3681397,0.1474665403366089,0.752439022064209,0.4350000023841858
YGL205W,YKL113C,0,-7.3684664,0.14743129909038544,0.752439022064209,0.43512195348739624
YBL016W,YBR127C,0,-7.3687954,0.14739608764648438,0.752439022064209,0.4352439045906067
YKL051W,YDL130W-A,0,-7.3688326,0.1473608762025833,0.752439022064209,0.43536585569381714
YJR140C,YNL244C,0,-7.3692837,0.14732569456100464,0.752439022064209,0.4354878067970276
YOL082W,YGL104C,0,-7.36952,0.14729052782058716,0.752439022064209,0.43560975790023804
YLR329W,YDL195W,0,-7.369627,0.14725537598133087,0.752439022064209,0.4357317090034485
YIL072W,YPL242C,0,-7.369834,0.14722023904323578,0.752439022064209,0.43585366010665894
YGR227W,YPL146C,0,-7.370016,0.14718511700630188,0.752439022064209,0.4359756112098694
YIL135C,YGL210W,0,-7.370505,0.14715000987052917,0.752439022064209,0.43609756231307983
YKL194C,YBR261C,0,-7.3706636,0.14711493253707886,0.752439022064209,0.4362195134162903
YCR086W,YHR165C,0,-7.370713,0.14707985520362854,0.752439022064209,0.43634146451950073
YLL036C,YGR192C,0,-7.3707857,0.1470448076725006,0.752439022064209,0.4364634156227112
YGL144C,YDR468C,0,-7.370831,0.14700977504253387,0.752439022064209,0.43658536672592163
YMR208W,YBR108W,0,-7.370894,0.14697475731372833,0.752439022064209,0.4367073178291321
YGR276C,YOR096W,0,-7.370897,0.14693975448608398,0.752439022064209,0.43682926893234253
YER026C,YCL045C,0,-7.371416,0.14690476655960083,0.752439022064209,0.436951220035553
YHR142W,YPL118W,0,-7.3716364,0.14686979353427887,0.752439022064209,0.4370731711387634
YOL007C,YPL270W,0,-7.372349,0.1468348354101181,0.752439022064209,0.4371951222419739
YCR002C,YBR187W,0,-7.3726006,0.14679990708827972,0.752439022064209,0.4373170733451843
YLR370C,YJR036C,0,-7.3730392,0.14676497876644135,0.752439022064209,0.4374390244483948
YLR220W,YMR202W,0,-7.3731074,0.14673008024692535,0.752439022064209,0.4375609755516052
YLR129W,YCR084C,0,-7.3731937,0.14669519662857056,0.752439022064209,0.4376829266548157
YMR092C,YPL033C,0,-7.373396,0.14666032791137695,0.752439022064209,0.4378048777580261
YIR006C,YHR154W,0,-7.373478,0.14662547409534454,0.752439022064209,0.4379268288612366
YBL091C,YML046W,0,-7.373605,0.14659063518047333,0.752439022064209,0.438048779964447
YKL213C,YDL107W,0,-7.3741646,0.1465558260679245,0.752439022064209,0.43817073106765747
YPR051W,YGL066W,1,-7.374395,0.14675849676132202,0.7536585330963135,0.43817073106765747
YKL197C,YKL079W,0,-7.374401,0.1467236429452896,0.7536585330963135,0.4382926821708679
YOR386W,YER019C-A,0,-7.3750706,0.1466888189315796,0.7536585330963135,0.43841463327407837
YDR178W,YKL124W,0,-7.375146,0.14665400981903076,0.7536585330963135,0.4385365843772888
YJR155W,YJL025W,0,-7.375408,0.14661921560764313,0.7536585330963135,0.43865853548049927
YNL278W,YGR255C,0,-7.375511,0.1465844362974167,0.7536585330963135,0.4387804865837097
YCL030C,YHR077C,0,-7.3756647,0.14654968678951263,0.7536585330963135,0.43890243768692017
YJL042W,YPL159C,0,-7.37567,0.14651493728160858,0.7536585330963135,0.4390243887901306
YDR480W,YBR083W,0,-7.3759146,0.14648020267486572,0.7536585330963135,0.43914633989334106
YDR320C-A,YLR174W,0,-7.3761606,0.14644549787044525,0.7536585330963135,0.4392682909965515
YML099C,YGR171C,0,-7.3762684,0.14641080796718597,0.7536585330963135,0.43939024209976196
YCR086W,YBL032W,0,-7.3766623,0.1463761180639267,0.7536585330963135,0.4395121932029724
YHL047C,YMR183C,0,-7.377016,0.1463414579629898,0.7536585330963135,0.43963414430618286
YLR017W,YGR222W,0,-7.377324,0.1463068127632141,0.7536585330963135,0.4397560954093933
YLR015W,YKR053C,0,-7.3776093,0.1462721824645996,0.7536585330963135,0.43987804651260376
YML019W,YGR263C,0,-7.3776855,0.1462375819683075,0.7536585330963135,0.4399999976158142
YLR047C,YKR067W,0,-7.377692,0.14620298147201538,0.7536585330963135,0.44012194871902466
YMR199W,YOR008C,0,-7.378322,0.14616839587688446,0.7536585330963135,0.4402438998222351
YHR008C,YGL026C,0,-7.378444,0.14613384008407593,0.7536585330963135,0.44036585092544556
YJL078C,YNL309W,0,-7.378622,0.1460992842912674,0.7536585330963135,0.440487802028656
YBR112C,YDR021W,0,-7.3786283,0.14606475830078125,0.7536585330963135,0.44060975313186646
YDL222C,YFL018W-A,0,-7.3786697,0.1460302472114563,0.7536585330963135,0.4407317042350769
YDR359C,YKL094W,0,-7.3790607,0.14599575102329254,0.7536585330963135,0.44085365533828735
YDR315C,YDR352W,0,-7.379106,0.14596126973628998,0.7536585330963135,0.4409756064414978
YJR108W,YKL016C,0,-7.3794975,0.1459268033504486,0.7536585330963135,0.44109755754470825
YBL064C,YFR010W,0,-7.379589,0.14589235186576843,0.7536585330963135,0.4412195086479187
YLR113W,YAL034W-A,0,-7.379677,0.14585791528224945,0.7536585330963135,0.44134145975112915
YLR223C,YOR150W,0,-7.3800583,0.14582350850105286,0.7536585330963135,0.4414634108543396
YFL009W,YMR225C,0,-7.3800597,0.14578910171985626,0.7536585330963135,0.44158536195755005
YHR072W,YMR225C,0,-7.380496,0.14575470983982086,0.7536585330963135,0.4417073130607605
YOR142W,YGL106W,0,-7.380599,0.14572034776210785,0.7536585330963135,0.44182926416397095
YLR315W,YIL096C,0,-7.380739,0.14568600058555603,0.7536585330963135,0.4419512152671814
YKL096W,YAL055W,0,-7.3807716,0.1456516683101654,0.7536585330963135,0.44207316637039185
YLL061W,YDR531W,0,-7.3808346,0.14561733603477478,0.7536585330963135,0.4421951174736023
YAL038W,YKL079W,0,-7.3810334,0.14558303356170654,0.7536585330963135,0.44231706857681274
YAR033W,YDR351W,0,-7.381456,0.1455487459897995,0.7536585330963135,0.4424390196800232
YGR084C,YFL052W,0,-7.3815937,0.14551448822021484,0.7536585330963135,0.44256097078323364
YGL203C,YLL023C,0,-7.3817296,0.1454802304506302,0.7536585330963135,0.4426829218864441
YKR049C,YGL198W,0,-7.381795,0.14544598758220673,0.7536585330963135,0.44280487298965454
YFR055W,YGR020C,0,-7.3823195,0.14541175961494446,0.7536585330963135,0.442926824092865
YDR513W,YJR160C,0,-7.382372,0.14537756145000458,0.7536585330963135,0.44304877519607544
YNL136W,YER015W,1,-7.3824697,0.1455785483121872,0.754878044128418,0.44304877519607544
YKR019C,YER019C-A,0,-7.3825026,0.14554432034492493,0.754878044128418,0.4431707262992859
YIL009W,YPL001W,1,-7.3826656,0.145745187997818,0.7560975551605225,0.4431707262992859
YDR264C,YOL076W,1,-7.3827896,0.1459459513425827,0.757317066192627,0.4431707262992859
YJL184W,YHR102W,0,-7.3828735,0.14591164886951447,0.757317066192627,0.44329267740249634
YOR304W,YNL070W,0,-7.382918,0.14587737619876862,0.757317066192627,0.4434146285057068
YEL027W,YDR091C,0,-7.3829913,0.14584311842918396,0.757317066192627,0.44353657960891724
YOR393W,YML025C,0,-7.3830824,0.1458088755607605,0.757317066192627,0.4436585307121277
YIL019W,YPR007C,0,-7.38336,0.14577464759349823,0.757317066192627,0.44378048181533813
YCL026C-A,YPL270W,0,-7.3835297,0.14574043452739716,0.757317066192627,0.4439024329185486
YMR212C,YAR031W,0,-7.3840795,0.14570623636245728,0.757317066192627,0.44402438402175903
YMR180C,YLR455W,0,-7.384637,0.14567206799983978,0.757317066192627,0.4441463351249695
YKL181W,YLL010C,0,-7.384725,0.1456378996372223,0.757317066192627,0.44426828622817993
YPR200C,YKL181W,0,-7.385195,0.145603746175766,0.757317066192627,0.4443902373313904
YMR021C,YJR029W,0,-7.3855224,0.14556962251663208,0.757317066192627,0.44451218843460083
YLR231C,YBR082C,0,-7.3855295,0.14553549885749817,0.757317066192627,0.4446341395378113
YLR319C,YGR078C,0,-7.385842,0.14550140500068665,0.757317066192627,0.44475609064102173
YFL039C,YFL024C,1,-7.3864055,0.1457015722990036,0.7585365772247314,0.44475609064102173
YKL188C,YMR040W,0,-7.386815,0.1456674486398697,0.7585365772247314,0.4448780417442322
YJL134W,YDR026C,0,-7.386897,0.14563333988189697,0.7585365772247314,0.4449999928474426
YBR089C-A,YGL144C,0,-7.3871574,0.14559924602508545,0.7585365772247314,0.4451219439506531
YLR213C,YDL128W,0,-7.3875136,0.1455651819705963,0.7585365772247314,0.4452438950538635
YBR159W,YPL097W,0,-7.387563,0.14553111791610718,0.7585365772247314,0.445365846157074
YOL088C,YLL024C,0,-7.3881207,0.14549706876277924,0.7585365772247314,0.4454877972602844
YJL058C,YIL091C,0,-7.388154,0.14546304941177368,0.7585365772247314,0.4456097483634949
YOR299W,YHR024C,0,-7.388652,0.14542904496192932,0.7585365772247314,0.4457316994667053
YMR001C,YMR224C,0,-7.3897734,0.14539504051208496,0.7585365772247314,0.44585365056991577
YEL036C,YJR019C,0,-7.389868,0.145361065864563,0.7585365772247314,0.4459756016731262
YEL018W,YKR099C-A,0,-7.389955,0.1453271061182022,0.7585365772247314,0.44609755277633667
YIL073C,YPL252C,0,-7.390068,0.14529316127300262,0.7585365772247314,0.4462195038795471
YGL026C,YML085C,0,-7.3902435,0.14525923132896423,0.7585365772247314,0.44634145498275757
YHR015W,YBL080C,0,-7.390334,0.14522531628608704,0.7585365772247314,0.446463406085968
YBL051C,YDR352W,0,-7.390721,0.14519141614437103,0.7585365772247314,0.44658535718917847
YJL014W,YHR003C,0,-7.390886,0.14515753090381622,0.7585365772247314,0.4467073082923889
YMR275C,YER141W,0,-7.390918,0.1451236605644226,0.7585365772247314,0.44682925939559937
YOR311C,YOL023W,0,-7.391062,0.14508980512619019,0.7585365772247314,0.4469512104988098
YIR004W,YGL185C,0,-7.3913603,0.14505596458911896,0.7585365772247314,0.44707316160202026
YDL130W-A,YMR223W,0,-7.392065,0.14502215385437012,0.7585365772247314,0.4471951127052307
YDR375C,YDR527W,0,-7.3921585,0.14498834311962128,0.7585365772247314,0.44731706380844116
YNL221C,YOL107W,0,-7.392185,0.14495456218719482,0.7585365772247314,0.4474390149116516
YOL164W,YDL195W,0,-7.3922706,0.14492078125476837,0.7585365772247314,0.44756096601486206
YHR121W,YHR015W,0,-7.39277,0.1448870301246643,0.7585365772247314,0.4476829171180725
YOR384W,YGR244C,0,-7.393782,0.14485327899456024,0.7585365772247314,0.44780486822128296
YER180C-A,YER007C-A,0,-7.3939123,0.14481955766677856,0.7585365772247314,0.4479268193244934
YKR068C,YOR237W,0,-7.3943367,0.14478585124015808,0.7585365772247314,0.44804877042770386
YDR388W,YCL008C,0,-7.394809,0.1447521597146988,0.7585365772247314,0.4481707215309143
YNL053W,YDR368W,0,-7.3948274,0.1447184681892395,0.7585365772247314,0.44829267263412476
YNL173C,YMR197C,0,-7.3950977,0.1446848064661026,0.7585365772247314,0.4484146237373352
YMR043W,YDR004W,0,-7.395154,0.1446511596441269,0.7585365772247314,0.44853657484054565
YMR247C,YNL299W,0,-7.3954325,0.14461752772331238,0.7585365772247314,0.4486585259437561
YGR004W,YFR004W,0,-7.395832,0.14458391070365906,0.7585365772247314,0.44878047704696655
YOL034W,YDR172W,0,-7.3959694,0.14455030858516693,0.7585365772247314,0.448902428150177
YPL006W,YAR035W,0,-7.3960075,0.144516721367836,0.7585365772247314,0.44902437925338745
YPL221W,YNL300W,0,-7.3960476,0.14448316395282745,0.7585365772247314,0.4491463303565979
YFL055W,YML102W,0,-7.3960714,0.1444496065378189,0.7585365772247314,0.44926828145980835
YKL167C,YLR064W,0,-7.3960843,0.14441606402397156,0.7585365772247314,0.4493902325630188
YJR065C,YCL069W,0,-7.3961663,0.1443825513124466,0.7585365772247314,0.44951218366622925
YMR238W,YFL049W,0,-7.396224,0.14434903860092163,0.7585365772247314,0.4496341347694397
YHR055C,YPL112C,0,-7.396345,0.14431554079055786,0.7585365772247314,0.44975608587265015
YPL169C,YMR190C,0,-7.3968716,0.14428207278251648,0.7585365772247314,0.4498780369758606
YEL003W,YPL074W,0,-7.3969717,0.1442486047744751,0.7585365772247314,0.44999998807907104
YER112W,YBR298C,0,-7.3970356,0.1442151665687561,0.7585365772247314,0.4501219391822815
YOR281C,YDL210W,0,-7.3971815,0.1441817283630371,0.7585365772247314,0.45024389028549194
YDR192C,YHR006W,0,-7.397248,0.1441483199596405,0.7585365772247314,0.4503658413887024
YJL108C,YDR041W,0,-7.3974867,0.1441149264574051,0.7585365772247314,0.45048779249191284
YOL129W,YCL045C,0,-7.397876,0.14408153295516968,0.7585365772247314,0.4506097435951233
YGL105W,YMR165C,0,-7.3983393,0.14404816925525665,0.7585365772247314,0.45073169469833374
YOL165C,YFL049W,0,-7.3998346,0.14401482045650482,0.7585365772247314,0.4508536458015442
YNL065W,YIL080W,0,-7.3999414,0.14398148655891418,0.7585365772247314,0.45097559690475464
YLR266C,YJR129C,0,-7.4000463,0.14394816756248474,0.7585365772247314,0.4510975480079651
YLR037C,YML118W,0,-7.400385,0.1439148485660553,0.7585365772247314,0.45121949911117554
YDR003W,YNL272C,0,-7.4008493,0.14388155937194824,0.7585365772247314,0.451341450214386
YML099C,YLR423C,0,-7.4011602,0.14384828507900238,0.7585365772247314,0.45146340131759644
YDR163W,YMR276W,0,-7.4012012,0.1438150256872177,0.7585365772247314,0.4515853524208069
YOR317W,YDR176W,1,-7.401267,0.1440129429101944,0.7597560882568359,0.4515853524208069
YKL206C,YKL086W,0,-7.401387,0.14397966861724854,0.7597560882568359,0.45170730352401733
YHR129C,YDR205W,0,-7.401478,0.14394639432430267,0.7597560882568359,0.4518292546272278
YMR257C,YMR071C,0,-7.401537,0.1439131498336792,0.7597560882568359,0.45195120573043823
YDR031W,YBR037C,0,-7.4016356,0.14387990534305573,0.7597560882568359,0.4520731568336487
YJL115W,YOL076W,1,-7.4016666,0.1440775841474533,0.7609755992889404,0.4520731568336487
YGR195W,YDR186C,0,-7.4018884,0.14404432475566864,0.7609755992889404,0.45219510793685913
YER110C,YGL203C,0,-7.402032,0.14401108026504517,0.7609755992889404,0.4523170590400696
YDR046C,YGL168W,0,-7.402423,0.14397785067558289,0.7609755992889404,0.45243901014328003
YOR049C,YJL035C,0,-7.4029107,0.1439446359872818,0.7609755992889404,0.4525609612464905
YIR037W,YPL193W,0,-7.4030495,0.1439114362001419,0.7609755992889404,0.4526829123497009
YCR070W,YKL149C,0,-7.40322,0.1438782513141632,0.7609755992889404,0.4528048634529114
YPR140W,YOR008C-A,0,-7.40382,0.1438450962305069,0.7609755992889404,0.4529268145561218
YER030W,YGL158W,0,-7.403908,0.14381194114685059,0.7609755992889404,0.4530487656593323
YJL051W,YIL026C,0,-7.4041133,0.14377880096435547,0.7609755992889404,0.4531707465648651
YOL103W,YDR418W,0,-7.405115,0.14374567568302155,0.7609755992889404,0.45329269766807556
YPL242C,YJL143W,0,-7.405632,0.14371258020401,0.7609755992889404,0.453414648771286
YOL076W,YDR176W,1,-7.4058075,0.1439097374677658,0.7621951103210449,0.453414648771286
YLR106C,YGR104C,0,-7.4062552,0.14387661218643188,0.7621951103210449,0.45353659987449646
YIL009W,YDR167W,1,-7.4064,0.14407365024089813,0.7634146213531494,0.45353659987449646
YOR092W,YNL239W,0,-7.4065638,0.14404049515724182,0.7634146213531494,0.4536585509777069
YPL174C,YHR072W-A,0,-7.4066668,0.1440073549747467,0.7634146213531494,0.45378050208091736
YJR036C,YPR094W,0,-7.4067287,0.14397424459457397,0.7634146213531494,0.4539024531841278
YNL063W,YNL081C,0,-7.4068394,0.14394113421440125,0.7634146213531494,0.45402440428733826
YPR201W,YLR080W,0,-7.406927,0.1439080387353897,0.7634146213531494,0.4541463553905487
YFR029W,YAL011W,0,-7.4070244,0.14387497305870056,0.7634146213531494,0.45426830649375916
YNL036W,YLR360W,0,-7.407644,0.1438419073820114,0.7634146213531494,0.4543902575969696
YEL022W,YKL127W,0,-7.407918,0.14380887150764465,0.7634146213531494,0.45451220870018005
YOR103C,YDR450W,0,-7.4080844,0.1437758356332779,0.7634146213531494,0.4546341598033905
YEL037C,YJL177W,0,-7.408338,0.14374282956123352,0.7634146213531494,0.45475611090660095
YFL024C,YOL003C,1,-7.408886,0.14393939077854156,0.7646341323852539,0.45475611090660095
YGR029W,YDR013W,0,-7.4095364,0.1439063549041748,0.7646341323852539,0.4548780620098114
YPR171W,YGR197C,0,-7.409734,0.14387333393096924,0.7646341323852539,0.45500001311302185
YGR112W,YBR261C,0,-7.4099407,0.14384032785892487,0.7646341323852539,0.4551219642162323
YKL199C,YKL218C,0,-7.4104853,0.1438073366880417,0.7646341323852539,0.45524391531944275
YPR175W,YPL275W,0,-7.4105015,0.1437743604183197,0.7646341323852539,0.4553658664226532
YLR214W,YBR289W,0,-7.411495,0.1437413990497589,0.7646341323852539,0.45548781752586365
YOR002W,YER119C,0,-7.411603,0.14370845258235931,0.7646341323852539,0.4556097686290741
YBL084C,YBR078W,0,-7.4116497,0.1436755210161209,0.7646341323852539,0.45573171973228455
YMR323W,YCR091W,0,-7.4116507,0.1436426043510437,0.7646341323852539,0.455853670835495
YBR132C,YOL034W,0,-7.412123,0.14360971748828888,0.7646341323852539,0.45597562193870544
YLR055C,YDR262W,0,-7.412162,0.14357683062553406,0.7646341323852539,0.4560975730419159
YMR029C,YLR275W,0,-7.4122334,0.14354395866394043,0.7646341323852539,0.45621952414512634
YKL209C,YGR221C,0,-7.4122486,0.143511101603508,0.7646341323852539,0.4563414752483368
YPR175W,YPL163C,0,-7.412403,0.14347825944423676,0.7646341323852539,0.45646342635154724
YER166W,YOR083W,0,-7.4127135,0.1434454321861267,0.7646341323852539,0.4565853774547577
YDR253C,YML019W,0,-7.41278,0.14341261982917786,0.7646341323852539,0.45670732855796814
YLR274W,YBR090C-A,0,-7.41313,0.1433798372745514,0.7646341323852539,0.4568292796611786
YGR177C,YGL013C,0,-7.4133263,0.14334705471992493,0.7646341323852539,0.45695123076438904
YBR106W,YKL095W,0,-7.413408,0.14331428706645966,0.7646341323852539,0.4570731818675995
YAL054C,YOR064C,1,-7.4134617,0.14351005852222443,0.7658536434173584,0.4570731818675995
YNL004W,YKL199C,0,-7.413788,0.14347726106643677,0.7658536434173584,0.45719513297080994
YIR023W,YDR084C,0,-7.4143057,0.1434444934129715,0.7658536434173584,0.4573170840740204
YPR082C,YGR144W,0,-7.4146185,0.14341174066066742,0.7658536434173584,0.45743903517723083
YBL098W,YDR056C,0,-7.414649,0.14337900280952454,0.7658536434173584,0.4575609862804413
YDR296W,YGL167C,0,-7.4152474,0.14334626495838165,0.7658536434173584,0.45768293738365173
YLR035C,YDR527W,0,-7.4153056,0.14331355690956116,0.7658536434173584,0.4578048884868622
YIL017W,YIL063C,0,-7.4154296,0.14328086376190186,0.7658536434173584,0.45792683959007263
YPL217C,YDR131C,0,-7.415529,0.14324817061424255,0.7658536434173584,0.4580487906932831
YMR056C,YDR017C,0,-7.415555,0.14321550726890564,0.7658536434173584,0.45817074179649353
YDR127W,YNR003C,0,-7.415857,0.14318285882472992,0.7658536434173584,0.458292692899704
YDR021W,YDR262W,0,-7.415983,0.1431502103805542,0.7658536434173584,0.45841464400291443
YOR153W,YGL093W,0,-7.4160624,0.14311759173870087,0.7658536434173584,0.4585365951061249
YHR175W,YEL015W,0,-7.4161143,0.14308498799800873,0.7658536434173584,0.4586585462093353
YNR011C,YPR191W,0,-7.4164743,0.14305239915847778,0.7658536434173584,0.4587804973125458
YKL201C,YBR165W,0,-7.4165683,0.14301981031894684,0.7658536434173584,0.4589024484157562
YDR256C,YDL223C,0,-7.4166746,0.14298725128173828,0.7658536434173584,0.4590243995189667
YEL018W,YCR058C,0,-7.4171014,0.14295470714569092,0.7658536434173584,0.4591463506221771
YCR068W,YOL158C,0,-7.4172764,0.14292216300964355,0.7658536434173584,0.4592683017253876
YLL018C-A,YOL156W,0,-7.417564,0.14288964867591858,0.7658536434173584,0.459390252828598
YBR201W,YDL211C,0,-7.4176083,0.1428571492433548,0.7658536434173584,0.45951220393180847
YNL161W,YHR123W,0,-7.417947,0.14282464981079102,0.7658536434173584,0.4596341550350189
YPL058C,YGL098W,0,-7.418453,0.14279218018054962,0.7658536434173584,0.45975610613822937
YMR113W,YBR045C,0,-7.419469,0.14275972545146942,0.7658536434173584,0.4598780572414398
YPR154W,YBL088C,0,-7.4196525,0.14272727072238922,0.7658536434173584,0.46000000834465027
YPR068C,YDL087C,0,-7.4197474,0.1426948457956314,0.7658536434173584,0.4601219594478607
YPR119W,YLR447C,0,-7.4198995,0.1426624208688736,0.7658536434173584,0.46024391055107117
YDR335W,YBR088C,0,-7.4200134,0.14263002574443817,0.7658536434173584,0.4603658616542816
YPL119C,YMR214W,0,-7.4200497,0.14259764552116394,0.7658536434173584,0.46048781275749207
YHR055C,YKL058W,0,-7.4205523,0.1425652652978897,0.7658536434173584,0.4606097638607025
YER015W,YEL053C,1,-7.420577,0.14275987446308136,0.7670731544494629,0.4606097638607025
YMR199W,YML029W,0,-7.420721,0.14272747933864594,0.7670731544494629,0.46073171496391296
YMR232W,YFL026W,0,-7.420951,0.1426950991153717,0.7670731544494629,0.4608536660671234
YPL005W,YLR020C,0,-7.4210424,0.14266273379325867,0.7670731544494629,0.46097561717033386
YBR026C,YBL103C,0,-7.421336,0.14263038337230682,0.7670731544494629,0.4610975682735443
YEL056W,YEL066W,1,-7.4219847,0.14282475411891937,0.7682926654815674,0.4610975682735443
YJR094W-A,YIR011C,0,-7.422119,0.14279238879680634,0.7682926654815674,0.46121951937675476
YCR020C,YFL049W,0,-7.4226103,0.1427600234746933,0.7682926654815674,0.4613414704799652
YOR101W,YJR120W,0,-7.423049,0.14272768795490265,0.7682926654815674,0.46146342158317566
YJR144W,YMR210W,0,-7.4242587,0.142695352435112,0.7682926654815674,0.4615853726863861
YFR055W,YIR018W,0,-7.4244614,0.14266304671764374,0.7682926654815674,0.46170732378959656
YHR079C-A,YGR081C,0,-7.424557,0.14263074100017548,0.7682926654815674,0.461829274892807
YJR069C,YPR078C,0,-7.4246373,0.1425984650850296,0.7682926654815674,0.46195122599601746
YNL023C,YGL010W,0,-7.4251575,0.14256618916988373,0.7682926654815674,0.4620731770992279
YHR013C,YPR051W,1,-7.4252815,0.14276018738746643,0.7695121765136719,0.4620731770992279
YPR110C,YLR421C,0,-7.426611,0.14272789657115936,0.7695121765136719,0.46219512820243835
YOR149C,YJR014W,0,-7.427343,0.1426956057548523,0.7695121765136719,0.4623170793056488
YPR188C,YPL157W,0,-7.4277444,0.14266334474086761,0.7695121765136719,0.46243903040885925
YHR132C,YGR289C,0,-7.42842,0.14263109862804413,0.7695121765136719,0.4625609815120697
YLR457C,YEL055C,0,-7.4288,0.14259886741638184,0.7695121765136719,0.46268293261528015
YLR153C,YDL040C,1,-7.4289036,0.14279258251190186,0.7707316875457764,0.46268293261528015
YIL167W,YHR105W,0,-7.4290485,0.14276033639907837,0.7707316875457764,0.4628048837184906
YMR041C,YKL011C,0,-7.429091,0.14272809028625488,0.7707316875457764,0.46292683482170105
YML006C,YOR060C,0,-7.429244,0.14269587397575378,0.7707316875457764,0.4630487859249115
YHR107C,YPL269W,0,-7.429288,0.14266365766525269,0.7707316875457764,0.46317073702812195
YLR153C,YDR264C,1,-7.429397,0.1428571492433548,0.7719511985778809,0.46317073702812195
YOR161C,YGR020C,0,-7.429446,0.1428249031305313,0.7719511985778809,0.4632926881313324
YLR186W,YMR122W-A,0,-7.4299746,0.1427926868200302,0.7719511985778809,0.46341463923454285
YDR237W,YGR101W,0,-7.4305434,0.1427604854106903,0.7719511985778809,0.4635365903377533
YMR213W,YPR183W,0,-7.430546,0.1427282989025116,0.7719511985778809,0.46365854144096375
YER174C,YJL051W,0,-7.430734,0.14269612729549408,0.7719511985778809,0.4637804925441742
YDR261C,YGR263C,0,-7.430827,0.14266395568847656,0.7719511985778809,0.46390244364738464
YBR078W,YLR192C,0,-7.430833,0.14263181388378143,0.7719511985778809,0.4640243947505951
YBR098W,YHR025W,0,-7.4321804,0.1425996869802475,0.7719511985778809,0.46414634585380554
YLR160C,YPL019C,0,-7.4322386,0.14256757497787476,0.7719511985778809,0.464268296957016
YER044C-A,YIL149C,0,-7.432693,0.14253546297550201,0.7719511985778809,0.46439024806022644
YJL079C,YPL065W,0,-7.432713,0.14250338077545166,0.7719511985778809,0.4645121991634369
YDR423C,YGL151W,0,-7.432805,0.1424712985754013,0.7719511985778809,0.46463415026664734
YGL122C,YDR324C,0,-7.433119,0.14243924617767334,0.7719511985778809,0.4647561013698578
YFL024C,YOL076W,1,-7.433796,0.14263217151165009,0.7731707096099854,0.4647561013698578
YHR036W,YJR044C,0,-7.4343953,0.14260008931159973,0.7731707096099854,0.46487805247306824
YGR023W,YKR065C,0,-7.4345098,0.14256802201271057,0.7731707096099854,0.4650000035762787
YOR311C,YGR165W,0,-7.4346724,0.1425359696149826,0.7731707096099854,0.46512195467948914
YGR286C,YHL031C,0,-7.4346743,0.14250393211841583,0.7731707096099854,0.4652439057826996
YPR037C,YJL109C,0,-7.4346795,0.14247190952301025,0.7731707096099854,0.46536585688591003
YAL054C,YDR392W,1,-7.4347267,0.1426645666360855,0.7743902206420898,0.46536585688591003
YBR207W,YLR321C,0,-7.434744,0.14263252913951874,0.7743902206420898,0.4654878079891205
YIL005W,YOR338W,0,-7.434925,0.14260049164295197,0.7743902206420898,0.46560975909233093
YAL055W,YJR045C,0,-7.4350805,0.14256848394870758,0.7743902206420898,0.4657317101955414
YHR028C,YLL036C,0,-7.435283,0.1425364762544632,0.7743902206420898,0.46585366129875183
YLR024C,YCL045C,0,-7.4354343,0.14250448346138,0.7743902206420898,0.4659756124019623
YDL175C,YLR022C,0,-7.435821,0.1424725204706192,0.7743902206420898,0.46609756350517273
YML077W,YOL088C,0,-7.435853,0.1424405574798584,0.7743902206420898,0.4662195146083832
YIL035C,YFL035C-B,0,-7.4359493,0.1424086093902588,0.7743902206420898,0.46634146571159363
YOL017W,YHR081W,0,-7.435969,0.14237667620182037,0.7743902206420898,0.4664634168148041
YHR149C,YJR088C,0,-7.4365177,0.14234477281570435,0.7743902206420898,0.4665853679180145
YIL009W,YPR193C,1,-7.437015,0.1425369828939438,0.7756097316741943,0.4665853679180145
YGL033W,YDR178W,0,-7.4372625,0.14250503480434418,0.7756097316741943,0.466707319021225
YPR128C,YHL020C,0,-7.4375734,0.14247311651706696,0.7756097316741943,0.4668292701244354
YDL069C,YDR309C,0,-7.437782,0.14244121313095093,0.7756097316741943,0.4669512212276459
YLR431C,YDR175C,0,-7.437994,0.1424093097448349,0.7756097316741943,0.4670731723308563
YKL212W,YKR098C,0,-7.438292,0.14237743616104126,0.7756097316741943,0.4671951234340668
YPR128C,YGL222C,0,-7.438381,0.14234556257724762,0.7756097316741943,0.4673170745372772
YPR176C,YJL203W,0,-7.4385853,0.14231371879577637,0.7756097316741943,0.46743902564048767
YLR153C,YPL001W,1,-7.438881,0.14250558614730835,0.7768292427062988,0.46743902564048767
YOR128C,YGR222W,0,-7.438939,0.1424737125635147,0.7768292427062988,0.4675609767436981
YHR005C-A,YMR160W,0,-7.439741,0.14244185388088226,0.7768292427062988,0.46768292784690857
YAL054C,YOL003C,1,-7.440003,0.1426335722208023,0.7780487537384033,0.46768292784690857
YIL034C,YBL014C,0,-7.4402742,0.14260169863700867,0.7780487537384033,0.467804878950119
YOR176W,YER055C,0,-7.440279,0.14256982505321503,0.7780487537384033,0.46792683005332947
YNL216W,YGR042W,0,-7.440417,0.14253798127174377,0.7780487537384033,0.4680487811565399
YOR304W,YPL087W,0,-7.440602,0.14250613749027252,0.7780487537384033,0.46817073225975037
YGR222W,YLR455W,0,-7.440724,0.14247432351112366,0.7780487537384033,0.4682926833629608
YDR488C,YIL080W,0,-7.440959,0.1424425095319748,0.7780487537384033,0.46841463446617126
YPR175W,YLR050C,0,-7.44098,0.14241071045398712,0.7780487537384033,0.4685365855693817
YHL047C,YLL040C,0,-7.4411335,0.14237892627716064,0.7780487537384033,0.46865853667259216
YDR261C,YOR075W,0,-7.4412236,0.14234717190265656,0.7780487537384033,0.4687804877758026
YPL151C,YKL174C,0,-7.4412584,0.14231541752815247,0.7780487537384033,0.46890243887901306
YJL080C,YML040W,0,-7.441368,0.14228367805480957,0.7780487537384033,0.4690243899822235
YCL029C,YDL210W,0,-7.441392,0.14225195348262787,0.7780487537384033,0.46914634108543396
YGL246C,YDR476C,0,-7.4416084,0.14222024381160736,0.7780487537384033,0.4692682921886444
YHR104W,YOR172W,0,-7.4418235,0.14218854904174805,0.7780487537384033,0.46939024329185486
YNL214W,YGL232W,0,-7.442237,0.14215686917304993,0.7780487537384033,0.4695121943950653
YNL315C,YGL126W,0,-7.44263,0.1421251893043518,0.7780487537384033,0.46963414549827576
YHR068W,YPL060W,0,-7.4430857,0.14209353923797607,0.7780487537384033,0.4697560966014862
YBR112C,YPL252C,0,-7.443937,0.14206190407276154,0.7780487537384033,0.46987804770469666
YDR158W,YBR245C,0,-7.4442487,0.142030268907547,0.7780487537384033,0.4699999988079071
YNR067C,YML006C,0,-7.4444923,0.14199866354465485,0.7780487537384033,0.47012194991111755
YBR294W,YJR049C,0,-7.4445157,0.1419670730829239,0.7780487537384033,0.470243901014328
YNL278W,YAL042W,0,-7.4446697,0.14193548262119293,0.7780487537384033,0.47036585211753845
YKL062W,YDR041W,0,-7.4448338,0.14190392196178436,0.7780487537384033,0.4704878032207489
YHR028C,YOR323C,0,-7.4448905,0.1418723613023758,0.7780487537384033,0.47060975432395935
YOL038W,YLR264W,0,-7.445146,0.14184081554412842,0.7780487537384033,0.4707317054271698
YFL024C,YMR246W,1,-7.4452457,0.14203156530857086,0.7792682647705078,0.4707317054271698
YDR096W,YOR312C,0,-7.4454517,0.1420000046491623,0.7792682647705078,0.47085365653038025
YPL053C,YHR048W,0,-7.4454703,0.14196845889091492,0.7792682647705078,0.4709756076335907
YAL044C,YKL217W,0,-7.445697,0.14193691313266754,0.7792682647705078,0.47109755873680115
YKL052C,YCR027C,0,-7.445903,0.14190539717674255,0.7792682647705078,0.4712195098400116
YOL165C,YBR182C,0,-7.446685,0.14187389612197876,0.7792682647705078,0.47134146094322205
YMR056C,YIL038C,0,-7.4467726,0.14184239506721497,0.7792682647705078,0.4714634120464325
YBR050C,YMR088C,0,-7.4468684,0.14181092381477356,0.7792682647705078,0.47158536314964294
YMR285C,YML060W,0,-7.4474053,0.14177945256233215,0.7792682647705078,0.4717073142528534
YKR048C,YER165W,0,-7.4476995,0.14174799621105194,0.7792682647705078,0.47182926535606384
YLR333C,YGL137W,0,-7.448124,0.14171656966209412,0.7792682647705078,0.4719512164592743
YGR142W,YMR313C,0,-7.4481263,0.1416851431131363,0.7792682647705078,0.47207316756248474
YNR011C,YGR181W,0,-7.448244,0.14165373146533966,0.7792682647705078,0.4721951186656952
YDR116C,YDR082W,0,-7.4485664,0.14162233471870422,0.7792682647705078,0.47231706976890564
YKR048C,YHR141C,0,-7.448893,0.14159095287322998,0.7792682647705078,0.4724390208721161
YOL065C,YPR007C,0,-7.44898,0.14155958592891693,0.7792682647705078,0.47256097197532654
YMR168C,YJR137C,0,-7.449799,0.14152823388576508,0.7792682647705078,0.472682923078537
YKL116C,YCR106W,0,-7.4499407,0.14149689674377441,0.7792682647705078,0.47280487418174744
YLR307W,YLL009C,0,-7.450041,0.14146557450294495,0.7792682647705078,0.4729268252849579
YLR303W,YIL095W,0,-7.450162,0.14143426716327667,0.7792682647705078,0.47304877638816833
YMR232W,YGL259W,0,-7.450182,0.1414029598236084,0.7792682647705078,0.4731707274913788
YKL032C,YDR259C,0,-7.4506264,0.1413716822862625,0.7792682647705078,0.47329267859458923
YML013W,YOR054C,0,-7.450735,0.14134040474891663,0.7792682647705078,0.4734146296977997
YIL062C,YLR215C,0,-7.450927,0.14130915701389313,0.7792682647705078,0.47353658080101013
YPL145C,YKL127W,0,-7.4510345,0.14127790927886963,0.7792682647705078,0.4736585319042206
YGL084C,YDL188C,0,-7.4510765,0.14124669134616852,0.7792682647705078,0.47378048300743103
YJR150C,YJL128C,0,-7.451312,0.1412154734134674,0.7792682647705078,0.4739024341106415
YGL064C,YNL137C,0,-7.451427,0.1411842703819275,0.7792682647705078,0.47402438521385193
YNL153C,YLR020C,0,-7.4514513,0.14115308225154877,0.7792682647705078,0.4741463363170624
YFR025C,YCR092C,0,-7.451475,0.14112190902233124,0.7792682647705078,0.4742682874202728
YDL175C,YBL097W,0,-7.451576,0.1410907506942749,0.7792682647705078,0.4743902385234833
YEL066W,YDL040C,1,-7.4516478,0.14128035306930542,0.7804877758026123,0.4743902385234833
YOR085W,YMR229C,0,-7.4519725,0.1412491649389267,0.7804877758026123,0.4745121896266937
YEL071W,YLR182W,0,-7.4527636,0.14121800661087036,0.7804877758026123,0.4746341407299042
YMR060C,YER144C,0,-7.4530096,0.14118684828281403,0.7804877758026123,0.4747560918331146
YPL093W,YDR079C-A,0,-7.453512,0.14115571975708008,0.7804877758026123,0.4748780429363251
YPL134C,YJR086W,0,-7.453906,0.14112459123134613,0.7804877758026123,0.4749999940395355
YLL001W,YDR518W,0,-7.454747,0.14109347760677338,0.7804877758026123,0.47512194514274597
YNL059C,YPR047W,0,-7.455127,0.14106237888336182,0.7804877758026123,0.4752438962459564
YDR334W,YDR470C,0,-7.455825,0.14103129506111145,0.7804877758026123,0.47536584734916687
YIR037W,YBR271W,0,-7.455827,0.14100022614002228,0.7804877758026123,0.4754877984523773
YGL092W,YPL276W,0,-7.455916,0.1409691572189331,0.7804877758026123,0.47560974955558777
YDL130W-A,YGL210W,0,-7.455983,0.14093811810016632,0.7804877758026123,0.4757317006587982
YLR153C,YDR176W,1,-7.4568524,0.14112725853919983,0.7817073464393616,0.4757317006587982
YBL037W,YJR010W,0,-7.457082,0.14109618961811066,0.7817073464393616,0.47585365176200867
YFL003C,YIL127C,0,-7.457224,0.14106513559818268,0.7817073464393616,0.4759756028652191
YDL215C,YDR351W,0,-7.457278,0.1410340964794159,0.7817073464393616,0.47609755396842957
YOR301W,YDR476C,0,-7.457598,0.1410030722618103,0.7817073464393616,0.47621950507164
YJL005W,YJL140W,0,-7.457641,0.1409720629453659,0.7817073464393616,0.47634145617485046
YCL040W,YMR104C,0,-7.4586716,0.1409410685300827,0.7817073464393616,0.4764634072780609
YLR376C,YIL167W,0,-7.4589577,0.1409100890159607,0.7817073464393616,0.47658535838127136
YKR085C,YNL241C,0,-7.459036,0.14087912440299988,0.7817073464393616,0.4767073094844818
YCL012W,YOL006C,0,-7.4590654,0.14084815979003906,0.7817073464393616,0.47682926058769226
YJR069C,YLL027W,0,-7.459083,0.14081722497940063,0.7817073464393616,0.4769512116909027
YMR316W,YHR164C,0,-7.4592466,0.1407862901687622,0.7817073464393616,0.47707316279411316
YMR268C,YJL093C,0,-7.459538,0.14075538516044617,0.7817073464393616,0.4771951138973236
YGR288W,YDL232W,0,-7.4600897,0.14072448015213013,0.7817073464393616,0.47731706500053406
YNL111C,YMR188C,0,-7.460514,0.14069359004497528,0.7817073464393616,0.4774390161037445
YJL005W,YMR274C,0,-7.461575,0.14066271483898163,0.7817073464393616,0.47756096720695496
YHR121W,YNL163C,0,-7.4619083,0.14063185453414917,0.7817073464393616,0.4776829183101654
YAL005C,YKR060W,0,-7.46218,0.1406010091304779,0.7817073464393616,0.47780486941337585
YGL068W,YNR011C,0,-7.4624844,0.14057017862796783,0.7817073464393616,0.4779268205165863
YNR016C,YNR010W,0,-7.4628153,0.14053934812545776,0.7817073464393616,0.47804877161979675
YGL063W,YDL064W,0,-7.4632597,0.14050854742527008,0.7817073464393616,0.4781707227230072
YIL140W,YOR018W,0,-7.4634657,0.1404777616262436,0.7817073464393616,0.47829267382621765
YOR044W,YNL214W,0,-7.463487,0.1404469758272171,0.7817073464393616,0.4784146249294281
YMR068W,YBR019C,0,-7.4636927,0.1404162049293518,0.7817073464393616,0.47853657603263855
YML031W,YLR181C,0,-7.464043,0.1403854638338089,0.7817073464393616,0.478658527135849
YJR083C,YKR039W,0,-7.4646487,0.140354722738266,0.7817073464393616,0.47878047823905945
YJR025C,YER038C,0,-7.4647036,0.14032399654388428,0.7817073464393616,0.4789024293422699
YHR013C,YEL066W,1,-7.464718,0.140512153506279,0.7829268574714661,0.4789024293422699
YDR352W,YLL032C,0,-7.4648547,0.1404813975095749,0.7829268574714661,0.47902438044548035
YMR246W,YGL066W,1,-7.4651194,0.14066943526268005,0.7841463685035706,0.47902438044548035
YDR116C,YGL055W,0,-7.4651833,0.14063866436481476,0.7841463685035706,0.4791463315486908
YBR129C,YPL144W,0,-7.4656477,0.14060792326927185,0.7841463685035706,0.47926828265190125
YDR072C,YKL125W,0,-7.465826,0.14057718217372894,0.7841463685035706,0.4793902337551117
YGL001C,YDR079C-A,0,-7.4661603,0.14054644107818604,0.7841463685035706,0.47951218485832214
YOL100W,YDR115W,0,-7.466792,0.14051572978496552,0.7841463685035706,0.4796341359615326
YPL076W,YGL022W,0,-7.467403,0.1404850333929062,0.7841463685035706,0.47975608706474304
YER014C-A,YNL084C,0,-7.467792,0.14045435190200806,0.7841463685035706,0.4798780381679535
YFL024C,YLR246W,1,-7.468091,0.14064206182956696,0.785365879535675,0.4798780381679535
YGL254W,YGL099W,0,-7.4682856,0.14061135053634644,0.785365879535675,0.47999998927116394
YMR127C,YLR268W,0,-7.4684067,0.1405806541442871,0.785365879535675,0.4801219403743744
YIL132C,YBR248C,0,-7.4687147,0.14054997265338898,0.785365879535675,0.48024389147758484
YOR143C,YLR040C,0,-7.469376,0.14051930606365204,0.785365879535675,0.4803658425807953
YPL069C,YMR256C,0,-7.4694347,0.1404886543750763,0.785365879535675,0.48048779368400574
YGL029W,YBR103W,0,-7.469456,0.14045801758766174,0.785365879535675,0.4806097447872162
YNL169C,YNL047C,0,-7.469654,0.1404273808002472,0.785365879535675,0.48073169589042664
YPR122W,YJR041C,0,-7.4697185,0.14039677381515503,0.785365879535675,0.4808536469936371
YDL105W,YJL121C,0,-7.4701047,0.14036616683006287,0.785365879535675,0.48097559809684753
YML006C,YMR035W,0,-7.4702454,0.1403355896472931,0.785365879535675,0.481097549200058
YIL040W,YDL047W,0,-7.470389,0.14030501246452332,0.785365879535675,0.48121950030326843
YJR093C,YMR071C,0,-7.470396,0.14027445018291473,0.785365879535675,0.4813414514064789
YHR037W,YEL020W-A,0,-7.470414,0.14024390280246735,0.785365879535675,0.48146340250968933
YLR370C,YBR065C,0,-7.4706135,0.14021337032318115,0.785365879535675,0.4815853536128998
YML055W,YHL007C,0,-7.470684,0.14018285274505615,0.785365879535675,0.48170730471611023
YDR454C,YCL067C,0,-7.470885,0.14015233516693115,0.785365879535675,0.4818292558193207
YJR139C,YGL232W,0,-7.471133,0.14012184739112854,0.785365879535675,0.48195120692253113
YDR420W,YFL049W,0,-7.471247,0.14009135961532593,0.785365879535675,0.4820731580257416
YEL011W,YOR083W,0,-7.4713235,0.1400609016418457,0.785365879535675,0.482195109128952
YLR023C,YLL040C,0,-7.4714947,0.14003044366836548,0.785365879535675,0.4823170602321625
YLR153C,YBR198C,1,-7.471541,0.1402173936367035,0.7865853905677795,0.4823170602321625
YKL189W,YCR071C,0,-7.4715815,0.14018692076206207,0.7865853905677795,0.4824390113353729
YDL029W,YDL119C,0,-7.471814,0.14015644788742065,0.7865853905677795,0.4825609624385834
YEL056W,YDR167W,1,-7.472083,0.14034324884414673,0.787804901599884,0.4825609624385834
YJR105W,YML058W-A,0,-7.4722676,0.1403127759695053,0.787804901599884,0.4826829135417938
YOR034C,YER015W,1,-7.4724073,0.14049945771694183,0.7890244126319885,0.4826829135417938
YKR102W,YLR147C,0,-7.472454,0.14046895503997803,0.7890244126319885,0.4828048646450043
YPL053C,YOR298W,0,-7.4725385,0.14043846726417542,0.7890244126319885,0.4829268157482147
YPL213W,YER144C,0,-7.4728346,0.1404079794883728,0.7890244126319885,0.48304876685142517
YIL040W,YIL168W,0,-7.4728603,0.14037752151489258,0.7890244126319885,0.4831707179546356
YBR248C,YOL116W,0,-7.47292,0.14034707844257355,0.7890244126319885,0.48329266905784607
YPR073C,YAR071W,0,-7.472971,0.14031663537025452,0.7890244126319885,0.4834146201610565
YER044C-A,YOL067C,0,-7.4731297,0.14028620719909668,0.7890244126319885,0.48353657126426697
YBL090W,YLL024C,0,-7.4732327,0.14025579392910004,0.7890244126319885,0.4836585223674774
YDR379W,YGR195W,0,-7.4732523,0.1402253955602646,0.7890244126319885,0.48378047347068787
YHR036W,YOR150W,0,-7.4733424,0.14019501209259033,0.7890244126319885,0.4839024245738983
YMR180C,YOL104C,0,-7.473604,0.14016464352607727,0.7890244126319885,0.48402437567710876
YLR098C,YCR106W,0,-7.473737,0.1401342898607254,0.7890244126319885,0.4841463267803192
YGR167W,YEL041W,0,-7.4741397,0.14010393619537354,0.7890244126319885,0.48426827788352966
YKL188C,YML014W,0,-7.4742384,0.14007361233234406,0.7890244126319885,0.4843902587890625
YPR034W,YCL043C,0,-7.474472,0.14004328846931458,0.7890244126319885,0.48451220989227295
YPL076W,YFR001W,0,-7.474716,0.1400129795074463,0.7890244126319885,0.4846341609954834
YNL004W,YDL229W,0,-7.4748087,0.1399826854467392,0.7890244126319885,0.48475611209869385
YPL202C,YOR190W,0,-7.475647,0.1399524062871933,0.7890244126319885,0.4848780632019043
YBR029C,YPL180W,0,-7.4756985,0.1399221420288086,0.7890244126319885,0.48500001430511475
YPR139C,YLR455W,0,-7.4760823,0.13989189267158508,0.7890244126319885,0.4851219654083252
YKL125W,YDL185W,0,-7.4761744,0.13986165821552277,0.7890244126319885,0.48524391651153564
YDL024C,YNL257C,0,-7.47653,0.13983142375946045,0.7890244126319885,0.4853658676147461
YPR154W,YAR044W,0,-7.47688,0.13980120420455933,0.7890244126319885,0.48548781871795654
YDR085C,YOL145C,0,-7.4770164,0.1397710144519806,0.7890244126319885,0.485609769821167
YBL013W,YJL212C,0,-7.47716,0.13974082469940186,0.7890244126319885,0.48573172092437744
YJL146W,YPR191W,0,-7.4771776,0.13971064984798431,0.7890244126319885,0.4858536720275879
YBR041W,YBR156C,0,-7.477211,0.13968048989772797,0.7890244126319885,0.48597562313079834
YJR065C,YDR009W,0,-7.4773026,0.13965032994747162,0.7890244126319885,0.4860975742340088
YDR227W,YLR070C,0,-7.4775486,0.13962019979953766,0.7890244126319885,0.48621952533721924
YOR034C,YEL056W,1,-7.4782143,0.13980582356452942,0.790243923664093,0.48621952533721924
YOR144C,YPL280W,0,-7.4785056,0.13977566361427307,0.790243923664093,0.4863414764404297
YER030W,YIL017W,0,-7.4790936,0.13974551856517792,0.790243923664093,0.48646342754364014
YFL023W,YLR193C,0,-7.4798303,0.13971538841724396,0.790243923664093,0.4865853786468506
YFL001W,YIR033W,0,-7.4798927,0.1396852731704712,0.790243923664093,0.48670732975006104
YDR411C,YIL122W,0,-7.4799337,0.13965517282485962,0.790243923664093,0.4868292808532715
YNL243W,YHR106W,0,-7.481122,0.13962508738040924,0.790243923664093,0.48695123195648193
YDL128W,YCL019W,0,-7.4817343,0.13959500193595886,0.790243923664093,0.4870731830596924
YPL028W,YLL027W,0,-7.4818516,0.13956493139266968,0.790243923664093,0.48719513416290283
YBR207W,YLR285W,0,-7.4824724,0.13953489065170288,0.790243923664093,0.4873170852661133
YMR177W,YDR322C-A,0,-7.4825306,0.13950484991073608,0.790243923664093,0.48743903636932373
YCR010C,YPL161C,0,-7.4825554,0.13947482407093048,0.790243923664093,0.4875609874725342
YGR105W,YLR001C,0,-7.482561,0.13944479823112488,0.790243923664093,0.48768293857574463
YLR239C,YJR160C,0,-7.4826236,0.13941480219364166,0.790243923664093,0.4878048896789551
YLR153C,YPR131C,1,-7.4833126,0.13959991931915283,0.7914634346961975,0.4878048896789551
YDL150W,YIR003W,0,-7.483419,0.13956989347934723,0.7914634346961975,0.4879268407821655
YJL146W,YLR008C,0,-7.483699,0.13953988254070282,0.7914634346961975,0.488048791885376
YCR010C,YPR081C,0,-7.4840565,0.1395098865032196,0.7914634346961975,0.4881707429885864
YDR331W,YNL075W,0,-7.4845476,0.13947990536689758,0.7914634346961975,0.4882926940917969
YHL007C,YJR028W,0,-7.484593,0.13944993913173676,0.7914634346961975,0.4884146451950073
YER149C,YJL080C,0,-7.484648,0.13941997289657593,0.7914634346961975,0.4885365962982178
YMR094W,YJR069C,0,-7.484809,0.1393900364637375,0.7914634346961975,0.4886585474014282
YOR008C,YER082C,0,-7.4848747,0.13936010003089905,0.7914634346961975,0.48878049850463867
YDR075W,YLL040C,0,-7.4852424,0.1393301784992218,0.7914634346961975,0.4889024496078491
YBR245C,YIL167W,0,-7.485243,0.13930027186870575,0.7914634346961975,0.48902440071105957
YDL020C,YLR277C,0,-7.485303,0.1392703801393509,0.7914634346961975,0.48914635181427
YPL259C,YNL279W,0,-7.485318,0.13924050331115723,0.7914634346961975,0.48926830291748047
YEL046C,YLR389C,0,-7.485332,0.13921064138412476,0.7914634346961975,0.4893902540206909
YPL028W,YDR224C,0,-7.485441,0.13918077945709229,0.7914634346961975,0.48951220512390137
YER112W,YLL032C,0,-7.485459,0.1391509473323822,0.7914634346961975,0.4896341562271118
YGR246C,YHR168W,0,-7.4856963,0.13912111520767212,0.7914634346961975,0.48975610733032227
YBL068W,YKR098C,0,-7.4860926,0.13909129798412323,0.7914634346961975,0.4898780584335327
YGL135W,YKL173W,0,-7.486166,0.13906149566173553,0.7914634346961975,0.49000000953674316
YDL143W,YDL077C,0,-7.4863057,0.13903170824050903,0.7914634346961975,0.4901219606399536
YCL018W,YHR165C,0,-7.4864197,0.13900192081928253,0.7914634346961975,0.49024391174316406
YOR317W,YIL009W,1,-7.486518,0.139186292886734,0.792682945728302,0.49024391174316406
YDL100C,YAR018C,0,-7.4868,0.1391564905643463,0.792682945728302,0.4903658628463745
YPL059W,YJR158W,0,-7.486808,0.139126718044281,0.792682945728302,0.49048781394958496
YJL058C,YPR198W,0,-7.486923,0.1390969455242157,0.792682945728302,0.4906097650527954
YCR086W,YPL130W,0,-7.48712,0.1390671730041504,0.792682945728302,0.49073171615600586
YKR068C,YKR082W,0,-7.4875183,0.13903743028640747,0.792682945728302,0.4908536672592163
YER003C,YBL113C,0,-7.4880543,0.13900770246982574,0.792682945728302,0.49097561836242676
YIL009W,YGL112C,1,-7.4887476,0.13919179141521454,0.7939024567604065,0.49097561836242676
YCL061C,YIL083C,0,-7.4889865,0.13916203379631042,0.7939024567604065,0.4910975694656372
YCR058C,YER123W,0,-7.4893217,0.1391322910785675,0.7939024567604065,0.49121952056884766
YNR058W,YML013W,0,-7.489402,0.13910256326198578,0.7939024567604065,0.4913414716720581
YDR323C,YNL247W,0,-7.4896994,0.13907285034656525,0.7939024567604065,0.49146342277526855
YLR008C,YDR262W,0,-7.490203,0.13904313743114471,0.7939024567604065,0.491585373878479
YLR220W,YKL142W,0,-7.490305,0.13901345431804657,0.7939024567604065,0.49170732498168945
YOL156W,YOL065C,0,-7.491326,0.13898377120494843,0.7939024567604065,0.4918292760848999
YCR097W,YLL010C,0,-7.491661,0.13895410299301147,0.7939024567604065,0.49195122718811035
YIL106W,YMR201C,0,-7.491702,0.13892444968223572,0.7939024567604065,0.4920731782913208
YIL112W,YFL034C-A,0,-7.4921103,0.13889481127262115,0.7939024567604065,0.49219512939453125
YBL099W,YIR008C,0,-7.4921265,0.13886518776416779,0.7939024567604065,0.4923170804977417
YDR017C,YOR096W,0,-7.492518,0.1388355791568756,0.7939024567604065,0.49243903160095215
YOR240W,YKL188C,0,-7.492664,0.13880597054958344,0.7939024567604065,0.4925609827041626
YDR045C,YIL135C,0,-7.4929132,0.13877637684345245,0.7939024567604065,0.49268293380737305
YGL063W,YGR197C,0,-7.4930363,0.13874679803848267,0.7939024567604065,0.4928048849105835
YDL174C,YIL016W,0,-7.493205,0.13871723413467407,0.7939024567604065,0.49292683601379395
YCL057W,YBL060W,0,-7.4934382,0.13868768513202667,0.7939024567604065,0.4930487871170044
YBL014C,YOR027W,0,-7.493908,0.13865815103054047,0.7939024567604065,0.49317073822021484
YIL048W,YLR002C,0,-7.494479,0.13862861692905426,0.7939024567604065,0.4932926893234253
YOR113W,YDL117W,0,-7.4945936,0.13859911262989044,0.7939024567604065,0.49341464042663574
YDL040C,YDR167W,1,-7.49461,0.13878245651721954,0.795121967792511,0.49341464042663574
YNL286W,YEL055C,0,-7.4946795,0.13875292241573334,0.795121967792511,0.4935365915298462
YHR190W,YLR141W,0,-7.494753,0.13872340321540833,0.795121967792511,0.49365854263305664
YPL038W,YCL074W,0,-7.495064,0.1386938989162445,0.795121967792511,0.4937804937362671
YMR286W,YLR064W,0,-7.4951277,0.1386643946170807,0.795121967792511,0.49390244483947754
YNL293W,YDR075W,0,-7.4952927,0.13863492012023926,0.795121967792511,0.494024395942688
YPL281C,YDR265W,0,-7.4957623,0.13860544562339783,0.795121967792511,0.49414634704589844
YLR300W,YGR010W,0,-7.496005,0.1385759860277176,0.795121967792511,0.4942682981491089
YOR141C,YOR129C,0,-7.496125,0.13854654133319855,0.795121967792511,0.49439024925231934
YPL001W,YOL003C,1,-7.496129,0.13872955739498138,0.7963414788246155,0.49439024925231934
YKL158W,YNL135C,0,-7.496172,0.13870008289813995,0.7963414788246155,0.4945122003555298
YDR402C,YML095C,0,-7.496258,0.13867062330245972,0.7963414788246155,0.49463415145874023
YNL059C,YDR318W,0,-7.4966574,0.13864119350910187,0.7963414788246155,0.4947561025619507
YGR231C,YNL049C,0,-7.497034,0.13861176371574402,0.7963414788246155,0.49487805366516113
YLR008C,YMR122W-A,0,-7.4973598,0.13858234882354736,0.7963414788246155,0.4950000047683716
YDR256C,YIL147C,0,-7.4977694,0.1385529339313507,0.7963414788246155,0.49512195587158203
YMR036C,YGR111W,0,-7.4978137,0.13852354884147644,0.7963414788246155,0.4952439069747925
YDR420W,YNL128W,0,-7.4978766,0.13849416375160217,0.7963414788246155,0.49536585807800293
YGL077C,YNR055C,0,-7.4984293,0.1384647935628891,0.7963414788246155,0.4954878091812134
YGR204W,YDR261C,0,-7.498514,0.1384354531764984,0.7963414788246155,0.49560976028442383
YHR079C-B,YDR325W,0,-7.4986315,0.13840609788894653,0.7963414788246155,0.4957317113876343
YGL191W,YDR065W,0,-7.4987035,0.13837677240371704,0.7963414788246155,0.4958536624908447
YGL105W,YOR127W,0,-7.498991,0.13834746181964874,0.7963414788246155,0.4959756135940552
YDR402C,YOR260W,0,-7.499293,0.13831815123558044,0.7963414788246155,0.4960975646972656
YLR025W,YIL101C,0,-7.4993114,0.13828885555267334,0.7963414788246155,0.4962195158004761
YCL061C,YGR081C,0,-7.499439,0.13825957477092743,0.7963414788246155,0.4963414669036865
YOL027C,YLR301W,0,-7.499587,0.1382303088903427,0.7963414788246155,0.496463418006897
YBR089C-A,YKL020C,0,-7.4998174,0.1382010579109192,0.7963414788246155,0.4965853691101074
YMR228W,YOL144W,0,-7.4998217,0.13817182183265686,0.7963414788246155,0.49670732021331787
YNL075W,YDR082W,0,-7.4999046,0.13814258575439453,0.7963414788246155,0.4968292713165283
YBR083W,YFR049W,0,-7.5000496,0.1381133645772934,0.7963414788246155,0.49695122241973877
YNL286W,YOL059W,0,-7.5003433,0.13808415830135345,0.7963414788246155,0.4970731735229492
YGL122C,YNR012W,0,-7.5004454,0.1380549669265747,0.7963414788246155,0.49719512462615967
YHR101C,YOR144C,0,-7.501005,0.13802579045295715,0.7963414788246155,0.4973170757293701
YHR067W,YLR026C,0,-7.501164,0.1379966139793396,0.7963414788246155,0.49743902683258057
YGR036C,YBR131W,0,-7.5020323,0.13796746730804443,0.7963414788246155,0.497560977935791
YLL061W,YKL018W,0,-7.5021467,0.13793832063674927,0.7963414788246155,0.49768292903900146
YNL004W,YDR481C,0,-7.5024443,0.1379091888666153,0.7963414788246155,0.4978048801422119
YEL056W,YOL110W,1,-7.5028954,0.13809122145175934,0.79756098985672,0.4978048801422119
YLR086W,YGR162W,0,-7.5028987,0.13806205987930298,0.79756098985672,0.49792683124542236
YMR006C,YGR141W,0,-7.5029006,0.138032928109169,0.79756098985672,0.4980487823486328
YOR095C,YPR098C,0,-7.5030375,0.13800379633903503,0.79756098985672,0.49817073345184326
YAL002W,YOR304C-A,0,-7.503067,0.13797467947006226,0.79756098985672,0.4982926845550537
YCR038C,YGL210W-A,0,-7.5032053,0.13794557750225067,0.79756098985672,0.49841463565826416
YOR355W,YJR004C,0,-7.5032463,0.13791649043560028,0.79756098985672,0.4985365867614746
YLL051C,YNL081C,0,-7.5033646,0.13788741827011108,0.79756098985672,0.49865853786468506
YFL039C,YBL052C,1,-7.5035853,0.13806913793087006,0.7987805008888245,0.49865853786468506
YNL314W,YGR161C,0,-7.503706,0.13804003596305847,0.7987805008888245,0.4987804889678955
YOR085W,YDL153C,0,-7.504546,0.13801096379756927,0.7987805008888245,0.49890244007110596
YNL256W,YDR031W,0,-7.504611,0.13798187673091888,0.7987805008888245,0.4990243911743164
YDL220C,YER165W,0,-7.5049734,0.13795281946659088,0.7987805008888245,0.49914634227752686
YDR440W,YLR303W,0,-7.5055513,0.13792377710342407,0.7987805008888245,0.4992682933807373
YGR108W,YOL009C,0,-7.506463,0.13789473474025726,0.7987805008888245,0.49939024448394775
YMR323W,YBR095C,0,-7.506586,0.13786570727825165,0.7987805008888245,0.4995121955871582
YPR193C,YBR198C,1,-7.50694,0.13804714381694794,0.800000011920929,0.4995121955871582
YLR427W,YHR069C,0,-7.506991,0.13801808655261993,0.800000011920929,0.49963414669036865
YPR166C,YGR287C,0,-7.507354,0.13798905909061432,0.800000011920929,0.4997560977935791
YEL066W,YEL053C,1,-7.5073786,0.13817034661769867,0.8012195229530334,0.4997560977935791
YGL210W-A,YDR484W,0,-7.5077314,0.13814128935337067,0.8012195229530334,0.49987804889678955
YOL091W,YGR125W,0,-7.508296,0.13811226189136505,0.8012195229530334,0.5
YJR070C,YOR195W,0,-7.508362,0.13808323442935944,0.8012195229530334,0.5001219511032104
YKL013C,YDR312W,0,-7.5084286,0.13805420696735382,0.8012195229530334,0.5002439022064209
YML129C,YCR009C,0,-7.5084457,0.1380252093076706,0.8012195229530334,0.5003658533096313
YNL118C,YLR449W,0,-7.5085907,0.13799622654914856,0.8012195229530334,0.5004878044128418
YBR115C,YDR218C,0,-7.508777,0.13796724379062653,0.8012195229530334,0.5006097555160522
YLL024C,YDR105C,0,-7.508858,0.13793827593326569,0.8012195229530334,0.5007317066192627
YDL212W,YEL021W,0,-7.5092134,0.13790932297706604,0.8012195229530334,0.5008536577224731
YAL054C,YNL136W,1,-7.509234,0.13809023797512054,0.8024390339851379,0.5008536577224731
YDR092W,YEL048C,0,-7.509327,0.1380612701177597,0.8024390339851379,0.5009756088256836
YBR038W,YDR427W,0,-7.5094914,0.13803230226039886,0.8024390339851379,0.501097559928894
YLR363C,YMR165C,0,-7.509605,0.13800334930419922,0.8024390339851379,0.5012195110321045
YKL213C,YJL112W,0,-7.5096946,0.13797441124916077,0.8024390339851379,0.5013414621353149
YDR461W,YKL196C,0,-7.5100164,0.1379454880952835,0.8024390339851379,0.5014634132385254
YHR143W-A,YHL044W,0,-7.510385,0.13791657984256744,0.8024390339851379,0.5015853643417358
YOR080W,YNL230C,0,-7.5106316,0.13788767158985138,0.8024390339851379,0.5017073154449463
YDR384C,YML110C,0,-7.5108957,0.1378587931394577,0.8024390339851379,0.5018292665481567
YDL095W,YLR090W,0,-7.5109935,0.13782991468906403,0.8024390339851379,0.5019512176513672
YOR264W,YDR363W,0,-7.5110216,0.13780105113983154,0.8024390339851379,0.5020731687545776
YCR086W,YDR398W,0,-7.5113797,0.13777218759059906,0.8024390339851379,0.5021951198577881
YLR256W,YKR003W,0,-7.5115204,0.13774335384368896,0.8024390339851379,0.5023170709609985
YMR268C,YJL192C,0,-7.511938,0.13771452009677887,0.8024390339851379,0.502439022064209
YMR198W,YDR206W,0,-7.5120797,0.13768570125102997,0.8024390339851379,0.5025609731674194
YGL122C,YDR306C,0,-7.5129657,0.13765689730644226,0.8024390339851379,0.5026829242706299
YKL144C,YBR016W,0,-7.513001,0.13762810826301575,0.8024390339851379,0.5028048753738403
YKR102W,YIL109C,0,-7.513269,0.13759933412075043,0.8024390339851379,0.5029268264770508
YDR100W,YNR064C,0,-7.513453,0.1375705599784851,0.8024390339851379,0.5030487775802612
YKL020C,YBR028C,0,-7.51346,0.13754180073738098,0.8024390339851379,0.5031707286834717
YDL192W,YDR533C,0,-7.513583,0.13751305639743805,0.8024390339851379,0.5032926797866821
YDR173C,YJR042W,0,-7.5138025,0.1374843269586563,0.8024390339851379,0.5034146308898926
YPR082C,YGL033W,0,-7.513806,0.13745561242103577,0.8024390339851379,0.503536581993103
YER015W,YGL066W,1,-7.5140085,0.1376357525587082,0.8036585450172424,0.503536581993103
YNL221C,YDR186C,0,-7.514157,0.13760702311992645,0.8036585450172424,0.5036585330963135
YHR039C,YJR159W,0,-7.5142007,0.13757829368114471,0.8036585450172424,0.5037804841995239
YKL049C,YGR122W,0,-7.514497,0.13754957914352417,0.8036585450172424,0.5039024353027344
YNL216W,YER024W,0,-7.51511,0.13752086460590363,0.8036585450172424,0.5040243864059448
YGR152C,YBR080C,0,-7.51536,0.13749217987060547,0.8036585450172424,0.5041463375091553
YIL132C,YBL079W,0,-7.515497,0.1374634951353073,0.8036585450172424,0.5042682886123657
YNL298W,YHR190W,0,-7.515573,0.13743482530117035,0.8036585450172424,0.5043902397155762
YGL105W,YPR097W,0,-7.515829,0.13740617036819458,0.8036585450172424,0.5045121908187866
YPL212C,YDR527W,0,-7.5158963,0.13737753033638,0.8036585450172424,0.5046341419219971
YGR206W,YDR239C,0,-7.5161543,0.13734889030456543,0.8036585450172424,0.5047560930252075
YDR439W,YGR263C,0,-7.516167,0.13732028007507324,0.8036585450172424,0.504878044128418
YPR072W,YML040W,0,-7.516319,0.13729166984558105,0.8036585450172424,0.5049999952316284
YIL119C,YKL124W,0,-7.516725,0.13726307451725006,0.8036585450172424,0.5051219463348389
YPR201W,YBR129C,0,-7.516741,0.13723447918891907,0.8036585450172424,0.5052438974380493
YCR088W,YNL146W,0,-7.5177794,0.13720591366291046,0.8036585450172424,0.5053658485412598
YDR155C,YJR101W,0,-7.5181417,0.13717734813690186,0.8036585450172424,0.5054877996444702
YMR226C,YNL304W,0,-7.518301,0.13714879751205444,0.8036585450172424,0.5056097507476807
YHR132C,YOL067C,0,-7.5187893,0.13712026178836823,0.8036585450172424,0.5057317018508911
YPL017C,YOL052C,0,-7.519314,0.1370917409658432,0.8036585450172424,0.5058536529541016
YPR193C,YOL110W,1,-7.520298,0.1372712105512619,0.8048780560493469,0.5058536529541016
YBR195C,YFL052W,0,-7.5207605,0.13724267482757568,0.8048780560493469,0.505975604057312
YPL086C,YHL008C,0,-7.5207987,0.13721413910388947,0.8048780560493469,0.5060975551605225
YML078W,YNL068C,0,-7.5210476,0.13718561828136444,0.8048780560493469,0.5062195062637329
YNR056C,YDR026C,0,-7.521106,0.1371571123600006,0.8048780560493469,0.5063414573669434
YMR149W,YKR056W,0,-7.521225,0.13712860643863678,0.8048780560493469,0.5064634084701538
YLL010C,YFL059W,0,-7.5213003,0.13710013031959534,0.8048780560493469,0.5065853595733643
YGR268C,YNR017W,0,-7.521487,0.1370716542005539,0.8048780560493469,0.5067073106765747
YHR059W,YML051W,0,-7.521914,0.13704319298267365,0.8048780560493469,0.5068292617797852
YFL003C,YNL072W,0,-7.521921,0.1370147466659546,0.8048780560493469,0.5069512128829956
YHR015W,YGR253C,0,-7.522148,0.13698630034923553,0.8048780560493469,0.507073163986206
YOL151W,YDL042C,0,-7.5228233,0.13695786893367767,0.8048780560493469,0.5071951150894165
YPL086C,YGR183C,0,-7.522835,0.1369294673204422,0.8048780560493469,0.507317066192627
YGR077C,YDR527W,0,-7.5229053,0.13690105080604553,0.8048780560493469,0.5074390172958374
YNL074C,YEL048C,0,-7.523484,0.13687266409397125,0.8048780560493469,0.5075609683990479
YGR104C,YOR088W,0,-7.523509,0.13684429228305817,0.8048780560493469,0.5076829195022583
YNL298W,YDL078C,0,-7.523717,0.13681592047214508,0.8048780560493469,0.5078048706054688
YLR153C,YEL056W,1,-7.523947,0.13699482381343842,0.8060975670814514,0.5078048706054688
YOL148C,YOR064C,1,-7.5240607,0.1371736377477646,0.8073170781135559,0.5078048706054688
YMR288W,YDL119C,0,-7.5240936,0.13714522123336792,0.8073170781135559,0.5079268217086792
YKL199C,YML073C,0,-7.5244613,0.13711681962013245,0.8073170781135559,0.5080487728118896
YMR306W,YGL157W,0,-7.5245595,0.13708841800689697,0.8073170781135559,0.5081707239151001
YLR310C,YPR118W,0,-7.5252204,0.1370600461959839,0.8073170781135559,0.5082926750183105
YPL119C,YIR034C,0,-7.525281,0.1370316743850708,0.8073170781135559,0.508414626121521
YHR132C,YGL168W,0,-7.5253515,0.1370033174753189,0.8073170781135559,0.5085365772247314
YBR058C,YNL213C,0,-7.52546,0.13697496056556702,0.8073170781135559,0.5086585283279419
YIL160C,YOR101W,0,-7.5256763,0.1369466334581375,0.8073170781135559,0.5087804794311523
YPL076W,YOR323C,0,-7.5258017,0.136918306350708,0.8073170781135559,0.5089024305343628
YJR031C,YLR337W,0,-7.525937,0.1368899941444397,0.8073170781135559,0.5090243816375732
YJR101W,YNL121C,0,-7.5260377,0.13686169683933258,0.8073170781135559,0.5091463327407837
YHR069C,YCL069W,0,-7.526608,0.13683339953422546,0.8073170781135559,0.5092682838439941
YGL151W,YDR196C,0,-7.5267496,0.13680513203144073,0.8073170781135559,0.5093902349472046
YHR003C,YKL088W,0,-7.5268364,0.136776864528656,0.8073170781135559,0.509512186050415
YJL079C,YIL006W,0,-7.527096,0.13674861192703247,0.8073170781135559,0.5096341371536255
YGL171W,YDR200C,0,-7.527176,0.13672035932540894,0.8073170781135559,0.5097560882568359
YER014W,YOL125W,0,-7.5274487,0.1366921365261078,0.8073170781135559,0.5098780393600464
YJL060W,YGR229C,0,-7.5275116,0.13666391372680664,0.8073170781135559,0.5099999904632568
YML075C,YLR357W,0,-7.5276337,0.1366357058286667,0.8073170781135559,0.5101219415664673
YGL028C,YPR097W,0,-7.527743,0.13660751283168793,0.8073170781135559,0.5102438926696777
YGR081C,YDL010W,0,-7.528034,0.13657933473587036,0.8073170781135559,0.5103658437728882
YMR200W,YGR197C,0,-7.5281925,0.1365511566400528,0.8073170781135559,0.5104877948760986
YGL075C,YHL027W,0,-7.5284452,0.13652299344539642,0.8073170781135559,0.5106097459793091
YBR215W,YNL117W,0,-7.528672,0.13649484515190125,0.8073170781135559,0.5107316970825195
YMR120C,YOR228C,0,-7.5288696,0.13646671175956726,0.8073170781135559,0.51085364818573
YAL044C,YJL212C,0,-7.529584,0.13643857836723328,0.8073170781135559,0.5109755992889404
YER168C,YGR065C,0,-7.5295877,0.13641047477722168,0.8073170781135559,0.5110975503921509
YNR003C,YNR064C,0,-7.5302734,0.13638237118721008,0.8073170781135559,0.5112195014953613
YDR071C,YGR111W,0,-7.530316,0.1363542675971985,0.8073170781135559,0.5113414525985718
YPR131C,YOL110W,1,-7.5303826,0.13653212785720825,0.8085365891456604,0.5113414525985718
YOR383C,YFL004W,0,-7.531137,0.13650400936603546,0.8085365891456604,0.5114634037017822
YOL089C,YKL138C-A,0,-7.531316,0.13647592067718506,0.8085365891456604,0.5115853548049927
YEL058W,YBL025W,0,-7.531673,0.13644783198833466,0.8085365891456604,0.5117073059082031
YPL092W,YJL176C,0,-7.5319405,0.13641975820064545,0.8085365891456604,0.5118292570114136
YNL287W,YDL010W,0,-7.5320373,0.13639168441295624,0.8085365891456604,0.511951208114624
YFR015C,YGL231C,0,-7.532156,0.13636364042758942,0.8085365891456604,0.5120731592178345
YDR013W,YGR141W,0,-7.532271,0.1363355964422226,0.8085365891456604,0.5121951103210449
YCL031C,YKL203C,0,-7.5328674,0.13630756735801697,0.8085365891456604,0.5123170614242554
YDR106W,YDL124W,0,-7.532906,0.13627955317497253,0.8085365891456604,0.5124390125274658
YPL046C,YOR033C,0,-7.533287,0.1362515389919281,0.8085365891456604,0.5125609636306763
YBR187W,YNL005C,0,-7.5333014,0.13622353971004486,0.8085365891456604,0.5126829147338867
YBL098W,YHR142W,0,-7.5338345,0.136195570230484,0.8085365891456604,0.5128048658370972
YIL131C,YIR008C,0,-7.5338817,0.13616758584976196,0.8085365891456604,0.5129268169403076
YOR027W,YAR003W,0,-7.533963,0.1361396312713623,0.8085365891456604,0.5130487680435181
YBR090C-A,YDR349C,0,-7.5345187,0.13611167669296265,0.8085365891456604,0.5131707191467285
YKR037C,YHR048W,0,-7.534977,0.13608373701572418,0.8085365891456604,0.513292670249939
YOL052C-A,YKR099C-A,0,-7.535022,0.1360558122396469,0.8085365891456604,0.5134146213531494
YMR300C,YGR077C,0,-7.535142,0.13602790236473083,0.8085365891456604,0.5135365724563599
YOL104C,YMR075W,0,-7.5352807,0.13600000739097595,0.8085365891456604,0.5136585235595703
YDR301W,YMR160W,0,-7.535702,0.13597211241722107,0.8085365891456604,0.5137804746627808
YKL206C,YHR081W,0,-7.536381,0.13594423234462738,0.8085365891456604,0.5139024257659912
YFL047W,YBR141C,0,-7.536829,0.1359163522720337,0.8085365891456604,0.5140243768692017
YBL032W,YCR091W,0,-7.5369554,0.1358885020017624,0.8085365891456604,0.5141463279724121
YLL052C,YER078C,0,-7.536971,0.1358606517314911,0.8085365891456604,0.5142682790756226
YGR267C,YKL138C-A,0,-7.536989,0.13583281636238098,0.8085365891456604,0.514390230178833
YNL068C,YDR086C,0,-7.537091,0.13580499589443207,0.8085365891456604,0.5145121812820435
YNL327W,YGL254W,0,-7.537274,0.13577719032764435,0.8085365891456604,0.5146341323852539
YBL105C,YNL016W,0,-7.537492,0.13574938476085663,0.8085365891456604,0.5147560834884644
YBL106C,YAR035W,0,-7.5376515,0.1357215940952301,0.8085365891456604,0.5148780345916748
YLR144C,YMR138W,0,-7.5377884,0.13569381833076477,0.8085365891456604,0.5149999856948853
YOL152W,YIR008C,0,-7.53798,0.13566605746746063,0.8085365891456604,0.5151219367980957
YBR101C,YOR088W,0,-7.538284,0.1356382966041565,0.8085365891456604,0.5152438879013062
YOR147W,YDR348C,0,-7.538576,0.13561055064201355,0.8085365891456604,0.5153658390045166
YNR028W,YOR304W,0,-7.538658,0.1355828195810318,0.8085365891456604,0.515487790107727
YDR430C,YNL058C,0,-7.538729,0.13555510342121124,0.8085365891456604,0.5156097412109375
YOR113W,YDR479C,0,-7.5387635,0.13552738726139069,0.8085365891456604,0.515731692314148
YEL042W,YDR262W,0,-7.5391493,0.13549968600273132,0.8085365891456604,0.5158536434173584
YBR149W,YDR303C,0,-7.5397735,0.13547199964523315,0.8085365891456604,0.5159755945205688
YKR019C,YIL121W,0,-7.5400257,0.13544432818889618,0.8085365891456604,0.5160975456237793
YBR189W,YPL106C,0,-7.540139,0.1354166716337204,0.8085365891456604,0.5162194967269897
YDR420W,YNL308C,0,-7.5401726,0.13538901507854462,0.8085365891456604,0.5163414478302002
YLR210W,YJL056C,0,-7.5405006,0.13536137342453003,0.8085365891456604,0.5164633989334106
YMR274C,YOR338W,0,-7.540533,0.13533374667167664,0.8085365891456604,0.5165853500366211
YER141W,YPR081C,0,-7.5405383,0.13530611991882324,0.8085365891456604,0.5167073011398315
YDR277C,YPL031C,0,-7.5405474,0.13527850806713104,0.8085365891456604,0.516829252243042
YDL188C,YKL199C,0,-7.5407987,0.13525091111660004,0.8085365891456604,0.5169512033462524
YLR268W,YDR186C,0,-7.5409117,0.13522332906723022,0.8085365891456604,0.5170731544494629
YOL023W,YOR231W,0,-7.5410156,0.1351957619190216,0.8085365891456604,0.5171951055526733
YHR024C,YDR247W,0,-7.541231,0.135168194770813,0.8085365891456604,0.5173170566558838
YLR459W,YLR346C,0,-7.5412383,0.13514064252376556,0.8085365891456604,0.5174390077590942
YJR025C,YLR110C,0,-7.541355,0.13511310517787933,0.8085365891456604,0.5175609588623047
YMR167W,YPL157W,0,-7.541405,0.1350855678319931,0.8085365891456604,0.5176829099655151
YPL192C,YJL129C,0,-7.541648,0.13505806028842926,0.8085365891456604,0.5178048610687256
YPL160W,YLR145W,0,-7.541686,0.13503055274486542,0.8085365891456604,0.517926812171936
YNL306W,YDR465C,0,-7.54176,0.13500306010246277,0.8085365891456604,0.5180487632751465
YMR052W,YJL183W,0,-7.541905,0.13497556746006012,0.8085365891456604,0.5181707143783569
YGR142W,YHR146W,0,-7.5419703,0.13494808971881866,0.8085365891456604,0.5182926654815674
YJL110C,YML098W,0,-7.5422087,0.1349206417798996,0.8085365891456604,0.5184146165847778
YOR226C,YHR120W,0,-7.5423527,0.13489317893981934,0.8085365891456604,0.5185365676879883
YOL156W,YER125W,0,-7.5425124,0.13486574590206146,0.8085365891456604,0.5186585187911987
YOL030W,YOR353C,0,-7.5426683,0.1348383128643036,0.8085365891456604,0.5187804698944092
YOR231W,YJL143W,0,-7.5427322,0.1348108947277069,0.8085365891456604,0.5189024209976196
YJR073C,YNR048W,0,-7.543115,0.13478349149227142,0.8085365891456604,0.5190243721008301
YER015W,YBR198C,1,-7.543782,0.1349593549966812,0.8097561001777649,0.5190243721008301
YHR059W,YML103C,0,-7.5438027,0.13493192195892334,0.8097561001777649,0.5191463232040405
YCR060W,YIL083C,0,-7.543937,0.13490450382232666,0.8097561001777649,0.519268274307251
YKL138C-A,YOL135C,0,-7.544573,0.13487710058689117,0.8097561001777649,0.5193902254104614
YDR244W,YBR067C,0,-7.544902,0.13484971225261688,0.8097561001777649,0.5195121765136719
YKR066C,YJL112W,0,-7.5454044,0.13482233881950378,0.8097561001777649,0.5196341276168823
YBR234C,YEL043W,0,-7.5456705,0.13479496538639069,0.8097561001777649,0.5197560787200928
YPL072W,YLR001C,0,-7.5460134,0.13476760685443878,0.8097561001777649,0.5198780298233032
YDL080C,YBR162W-A,0,-7.546073,0.13474026322364807,0.8097561001777649,0.5199999809265137
YIL072W,YDR219C,0,-7.5464864,0.13471291959285736,0.8097561001777649,0.5201219320297241
YPL085W,YGR229C,0,-7.5465097,0.13468560576438904,0.8097561001777649,0.5202438831329346
YHL011C,YGR144W,0,-7.546569,0.13465827703475952,0.8097561001777649,0.520365834236145
YJR045C,YJL054W,0,-7.5467978,0.1346309781074524,0.8097561001777649,0.5204877853393555
YKL093W,YLR007W,0,-7.547067,0.13460369408130646,0.8097561001777649,0.5206097364425659
YHL011C,YGL160W,0,-7.5471005,0.13457641005516052,0.8097561001777649,0.5207316875457764
YAL029C,YGR183C,0,-7.547147,0.13454914093017578,0.8097561001777649,0.5208536386489868
YCR070W,YOR321W,0,-7.5471764,0.13452188670635223,0.8097561001777649,0.5209755897521973
YDR512C,YEL017C-A,0,-7.5473166,0.1344946324825287,0.8097561001777649,0.5210975408554077
YOR100C,YJR010C-A,0,-7.5479116,0.13446739315986633,0.8097561001777649,0.5212194919586182
YNR038W,YFL018W-A,0,-7.548648,0.13444016873836517,0.8097561001777649,0.5213414430618286
YML031W,YDR082W,0,-7.5489464,0.1344129592180252,0.8097561001777649,0.5214633941650391
YLR153C,YMR246W,1,-7.548975,0.13458813726902008,0.8109756112098694,0.5214633941650391
YJL095W,YBL003C,0,-7.5494328,0.13456091284751892,0.8109756112098694,0.5215853452682495
YBR244W,YBL002W,0,-7.5494943,0.13453368842601776,0.8109756112098694,0.52170729637146
YBL082C,YPL124W,0,-7.549796,0.1345064789056778,0.8109756112098694,0.5218292474746704
YIL079C,YPR133W-A,0,-7.5499187,0.13447926938533783,0.8109756112098694,0.5219511985778809
YDL013W,YFL018W-A,0,-7.5500116,0.13445208966732025,0.8109756112098694,0.5220731496810913
YLR265C,YMR271C,0,-7.5508027,0.13442490994930267,0.8109756112098694,0.5221951007843018
YLL067C,YOR304C-A,0,-7.550912,0.1343977302312851,0.8109756112098694,0.5223170518875122
YNL308C,YML127W,0,-7.5509143,0.1343705803155899,0.8109756112098694,0.5224390029907227
YKL191W,YLR113W,0,-7.5509815,0.13434343039989471,0.8109756112098694,0.5225609540939331
YGR028W,YPL162C,0,-7.551161,0.13431629538536072,0.8109756112098694,0.5226829051971436
YGR271W,YLR251W,0,-7.55121,0.13428917527198792,0.8109756112098694,0.522804856300354
YHR143W-A,YDR395W,0,-7.551275,0.1342620700597763,0.8109756112098694,0.5229268074035645
YPL100W,YKL077W,0,-7.5513144,0.1342349648475647,0.8109756112098694,0.5230487585067749
YLR110C,YGR029W,0,-7.5516586,0.13420787453651428,0.8109756112098694,0.5231707096099854
YML012W,YBR296C,0,-7.5517445,0.13418078422546387,0.8109756112098694,0.5232926607131958
YMR299C,YKR099C-A,0,-7.552077,0.13415372371673584,0.8109756112098694,0.5234146118164062
YOR384W,YAL005C,0,-7.552102,0.1341266632080078,0.8109756112098694,0.5235365629196167
YPR052C,YOR140W,0,-7.5521865,0.13409961760044098,0.8109756112098694,0.5236585140228271
YGR023W,YFL018W-A,0,-7.5522866,0.13407258689403534,0.8109756112098694,0.5237804651260376
YDL145C,YPR155C,0,-7.5525484,0.1340455561876297,0.8109756112098694,0.523902416229248
YNL129W,YLL010C,0,-7.552724,0.13401854038238525,0.8109756112098694,0.5240243673324585
YNL132W,YPL162C,0,-7.553176,0.133991539478302,0.8109756112098694,0.524146318435669
YBR132C,YJR019C,0,-7.5532,0.13396453857421875,0.8109756112098694,0.5242682695388794
YNL316C,YLR022C,0,-7.5532846,0.13393756747245789,0.8109756112098694,0.5243902206420898
YPL242C,YOR155C,0,-7.5533733,0.13391059637069702,0.8109756112098694,0.5245121717453003
YMR288W,YLR346C,0,-7.5536923,0.13388362526893616,0.8109756112098694,0.5246341228485107
YBR177C,YGR095C,0,-7.55392,0.13385668396949768,0.8109756112098694,0.5247560739517212
YBR195C,YJR101W,0,-7.554021,0.1338297426700592,0.8109756112098694,0.5248780250549316
YNR032C-A,YOR101W,0,-7.554033,0.13380281627178192,0.8109756112098694,0.5249999761581421
YLL018C-A,YPL110C,0,-7.554059,0.13377590477466583,0.8109756112098694,0.5251219272613525
YIL051C,YPR078C,0,-7.554151,0.13374899327754974,0.8109756112098694,0.525243878364563
YNL279W,YGR156W,0,-7.554201,0.13372209668159485,0.8109756112098694,0.5253658294677734
YLR270W,YGR156W,0,-7.5542116,0.13369521498680115,0.8109756112098694,0.5254877805709839
YLR423C,YDL093W,0,-7.554352,0.13366834819316864,0.8109756112098694,0.5256097316741943
YOR274W,YHR025W,0,-7.5544834,0.13364148139953613,0.8109756112098694,0.5257316827774048
YER041W,YNL247W,0,-7.5545177,0.13361462950706482,0.8109756112098694,0.5258536338806152
YNR032C-A,YIR019C,0,-7.5545235,0.1335877925157547,0.8109756112098694,0.5259755849838257
YLR319C,YIL083C,0,-7.554634,0.13356095552444458,0.8109756112098694,0.5260975360870361
YDR264C,YPR193C,1,-7.5547333,0.13373494148254395,0.8121951222419739,0.5260975360870361
YGR295C,YOL012C,0,-7.554851,0.13370808959007263,0.8121951222419739,0.5262194871902466
YBL037W,YHR104W,0,-7.5550394,0.1336812525987625,0.8121951222419739,0.526341438293457
YER155C,YMR323W,0,-7.5553436,0.1336544305086136,0.8121951222419739,0.5264633893966675
YPL169C,YML049C,0,-7.5557814,0.13362760841846466,0.8121951222419739,0.5265853404998779
YIR013C,YJL089W,0,-7.555871,0.13360080122947693,0.8121951222419739,0.5267072916030884
YNL062C,YPL122C,0,-7.556279,0.1335740089416504,0.8121951222419739,0.5268292427062988
YPR033C,YDL246C,0,-7.556298,0.13354721665382385,0.8121951222419739,0.5269511938095093
YBR268W,YMR106C,0,-7.556623,0.1335204541683197,0.8121951222419739,0.5270731449127197
YCR058C,YKL124W,0,-7.5570908,0.13349369168281555,0.8121951222419739,0.5271950960159302
YFL039C,YGR252W,1,-7.557478,0.13366733491420746,0.8134146332740784,0.5271950960159302
YNL073W,YDL184C,0,-7.557586,0.13364055752754211,0.8134146332740784,0.5273170471191406
YOR240W,YDR452W,0,-7.5583024,0.13361378014087677,0.8134146332740784,0.5274389982223511
YNL062C,YMR268W-A,0,-7.5584087,0.13358701765537262,0.8134146332740784,0.5275609493255615
YDL171C,YJL113W,0,-7.5590525,0.13356027007102966,0.8134146332740784,0.527682900428772
YFL035C-B,YMR322C,0,-7.5593357,0.1335335373878479,0.8134146332740784,0.5278048515319824
YDR329C,YKL180W,0,-7.5598407,0.13350680470466614,0.8134146332740784,0.5279268026351929
YDL243C,YOR339C,0,-7.5598593,0.13348008692264557,0.8134146332740784,0.5280487537384033
YGL077C,YHR082C,0,-7.559894,0.1334533840417862,0.8134146332740784,0.5281707048416138
YDR383C,YDR128W,0,-7.560129,0.13342668116092682,0.8134146332740784,0.5282926559448242
YFL039C,YJL081C,1,-7.5605636,0.13359999656677246,0.8146341443061829,0.5282926559448242
YDL088C,YNL192W,0,-7.561535,0.1335732787847519,0.8146341443061829,0.5284146070480347
YGL216W,YOR227W,0,-7.561834,0.13354657590389252,0.8146341443061829,0.5285365581512451
YIL079C,YDL193W,0,-7.5621643,0.13351988792419434,0.8146341443061829,0.5286585092544556
YOR257W,YJL189W,0,-7.562177,0.13349319994449615,0.8146341443061829,0.528780460357666
YOL123W,YJR027W,0,-7.562218,0.13346652686595917,0.8146341443061829,0.5289024114608765
YHR025W,YML045W,0,-7.562353,0.13343986868858337,0.8146341443061829,0.5290243625640869
YBR015C,YGR156W,0,-7.562756,0.13341322541236877,0.8146341443061829,0.5291463136672974
YDR277C,YKL161C,0,-7.5634503,0.13338658213615417,0.8146341443061829,0.5292682647705078
YDR427W,YOR287C,0,-7.5634813,0.13335995376110077,0.8146341443061829,0.5293902158737183
YGL092W,YPR007C,0,-7.563798,0.13333334028720856,0.8146341443061829,0.5295121669769287
YCL003W,YHR048W,0,-7.563875,0.13330672681331635,0.8146341443061829,0.5296341180801392
YDR484W,YAR009C,0,-7.564116,0.13328012824058533,0.8146341443061829,0.5297560691833496
YFL035C-B,YPL033C,0,-7.564193,0.1332535445690155,0.8146341443061829,0.5298780202865601
YGR040W,YGL183C,0,-7.5642977,0.13322696089744568,0.8146341443061829,0.5299999713897705
YBR092C,YLR185W,0,-7.564299,0.13320039212703705,0.8146341443061829,0.530121922492981
YKL194C,YJR029W,0,-7.564341,0.1331738382577896,0.8146341443061829,0.5302438735961914
YGL190C,YMR268W-A,0,-7.564643,0.13314729928970337,0.8146341443061829,0.5303658246994019
YBL074C,YJR031C,0,-7.564685,0.13312076032161713,0.8146341443061829,0.5304877758026123
YBR018C,YMR268W-A,0,-7.5652413,0.13309423625469208,0.8146341443061829,0.5306097269058228
YOR240W,YOR236W,0,-7.565321,0.13306772708892822,0.8146341443061829,0.5307316780090332
YJR092W,YDR259C,0,-7.565555,0.13304123282432556,0.8146341443061829,0.5308536291122437
YDL159W,YDR239C,0,-7.5657325,0.1330147385597229,0.8146341443061829,0.5309755802154541
YAL031C,YJL198W,0,-7.565937,0.13298825919628143,0.8146341443061829,0.5310975313186646
YHL031C,YBL036C,0,-7.5660295,0.13296177983283997,0.8146341443061829,0.531219482421875
YGR101W,YKL027W,0,-7.566157,0.1329353302717209,0.8146341443061829,0.5313414931297302
YDR151C,YBR159W,0,-7.566334,0.1329088807106018,0.8146341443061829,0.5314634442329407
YMR200W,YHR088W,0,-7.566531,0.13288243114948273,0.8146341443061829,0.5315853953361511
YNR060W,YNL154C,0,-7.5666018,0.13285601139068604,0.8146341443061829,0.5317073464393616
YFL025C,YLR221C,0,-7.5670815,0.13282959163188934,0.8146341443061829,0.531829297542572
YJL018W,YMR131C,0,-7.5670977,0.13280318677425385,0.8146341443061829,0.5319512486457825
YGR239C,YCR028C-A,0,-7.567151,0.13277678191661835,0.8146341443061829,0.5320731997489929
YJL140W,YIR014W,0,-7.567171,0.13275039196014404,0.8146341443061829,0.5321951508522034
YDR518W,YDL030W,0,-7.567254,0.13272401690483093,0.8146341443061829,0.5323171019554138
YPL060W,YHR141C,0,-7.567313,0.13269765675067902,0.8146341443061829,0.5324390530586243
YCR098C,YMR228W,0,-7.567418,0.1326712965965271,0.8146341443061829,0.5325610041618347
YDL031W,YKL020C,0,-7.5674386,0.13264495134353638,0.8146341443061829,0.5326829552650452
YDL145C,YOL039W,0,-7.5676875,0.13261862099170685,0.8146341443061829,0.5328049063682556
YCR046C,YLR346C,0,-7.568705,0.1325923055410385,0.8146341443061829,0.5329268574714661
YLL062C,YNL082W,0,-7.568735,0.13256599009037018,0.8146341443061829,0.5330488085746765
YIL132C,YLR165C,0,-7.5690756,0.13253968954086304,0.8146341443061829,0.533170759677887
YDR041W,YMR261C,0,-7.56949,0.1325133889913559,0.8146341443061829,0.5332927107810974
YNL130C,YNL216W,0,-7.569573,0.13248710334300995,0.8146341443061829,0.5334146618843079
YML095C,YBR118W,0,-7.5702486,0.1324608325958252,0.8146341443061829,0.5335366129875183
YBR020W,YDL140C,0,-7.570485,0.13243457674980164,0.8146341443061829,0.5336585640907288
YJL146W,YMR004W,0,-7.570489,0.13240832090377808,0.8146341443061829,0.5337805151939392
YER019C-A,YIR014W,0,-7.5709114,0.1323820799589157,0.8146341443061829,0.5339024662971497
YBR009C,YCR073C,0,-7.571087,0.13235585391521454,0.8146341443061829,0.5340244174003601
YPL119C,YLR228C,0,-7.5712166,0.13232964277267456,0.8146341443061829,0.5341463685035706
YPL160W,YEL037C,0,-7.571582,0.13230343163013458,0.8146341443061829,0.534268319606781
YEL036C,YAR007C,0,-7.5717907,0.1322772204875946,0.8146341443061829,0.5343902707099915
YFL023W,YBR212W,0,-7.5720806,0.13225103914737701,0.8146341443061829,0.5345122218132019
YHL038C,YLR023C,0,-7.572191,0.13222485780715942,0.8146341443061829,0.5346341729164124
YDL122W,YDR057W,0,-7.572239,0.13219869136810303,0.8146341443061829,0.5347561240196228
YBR245C,YKL171W,0,-7.5727596,0.13217253983020782,0.8146341443061829,0.5348780751228333
YCR068W,YNR055C,0,-7.5730906,0.13214638829231262,0.8146341443061829,0.5350000262260437
YPR178W,YGR054W,0,-7.573259,0.1321202516555786,0.8146341443061829,0.5351219773292542
YKR076W,YMR059W,0,-7.5737877,0.1320941299200058,0.8146341443061829,0.5352439284324646
YHR147C,YDL007W,0,-7.573863,0.13206800818443298,0.8146341443061829,0.535365879535675
YPL248C,YAR031W,0,-7.5743,0.13204190135002136,0.8146341443061829,0.5354878306388855
YBL082C,YLR226W,0,-7.5743895,0.13201580941677094,0.8146341443061829,0.535609781742096
YOL082W,YDR082W,0,-7.5745564,0.1319897323846817,0.8146341443061829,0.5357317328453064
YNR016C,YBR089C-A,0,-7.57514,0.13196365535259247,0.8146341443061829,0.5358536839485168
YBL005W,YOR122C,0,-7.575532,0.13193759322166443,0.8146341443061829,0.5359756350517273
YHR181W,YMR291W,0,-7.5756674,0.1319115310907364,0.8146341443061829,0.5360975861549377
YCR058C,YIL023C,0,-7.575701,0.13188548386096954,0.8146341443061829,0.5362195372581482
YMR177W,YDR515W,0,-7.576211,0.1318594515323639,0.8146341443061829,0.5363414883613586
YGL222C,YPR063C,0,-7.576295,0.13183343410491943,0.8146341443061829,0.5364634394645691
YLR390W-A,YKL096W-A,0,-7.5769553,0.13180741667747498,0.8146341443061829,0.5365853905677795
YKL152C,YOR301W,0,-7.5774164,0.1317814141511917,0.8146341443061829,0.53670734167099
YCR088W,YPR179C,0,-7.5774703,0.13175542652606964,0.8146341443061829,0.5368292927742004
YBL011W,YHR080C,0,-7.5775614,0.13172943890094757,0.8146341443061829,0.5369512438774109
YHL047C,YFR006W,0,-7.577738,0.1317034661769867,0.8146341443061829,0.5370731949806213
YDR141C,YML027W,0,-7.5777555,0.131677508354187,0.8146341443061829,0.5371951460838318
YBR299W,YJR110W,0,-7.5781317,0.13165155053138733,0.8146341443061829,0.5373170971870422
YPL122C,YKL034W,0,-7.5783057,0.13162562251091003,0.8146341443061829,0.5374390482902527
YLR013W,YGR133W,0,-7.578331,0.13159967958927155,0.8146341443061829,0.5375609993934631
YFL039C,YOL003C,1,-7.5786076,0.13177073001861572,0.8158536553382874,0.5375609993934631
YJL018W,YFL044C,0,-7.5788236,0.13174478709697723,0.8158536553382874,0.5376829504966736
YDR365C,YGR220C,0,-7.5791454,0.13171884417533875,0.8158536553382874,0.537804901599884
YBL105C,YIL135C,0,-7.5791874,0.13169291615486145,0.8158536553382874,0.5379268527030945
YOL152W,YBR050C,0,-7.5794272,0.13166698813438416,0.8158536553382874,0.5380488038063049
YLR315W,YDR023W,0,-7.5795703,0.13164108991622925,0.8158536553382874,0.5381707549095154
YAL040C,YKL166C,0,-7.5796776,0.13161519169807434,0.8158536553382874,0.5382927060127258
YBR286W,YPR162C,0,-7.579906,0.13158929347991943,0.8158536553382874,0.5384146571159363
YBL057C,YHR178W,0,-7.5803776,0.13156342506408691,0.8158536553382874,0.5385366082191467
YDR317W,YJR036C,0,-7.5803843,0.1315375566482544,0.8158536553382874,0.5386585593223572
YIL082W-A,YIL091C,0,-7.5805683,0.13151170313358307,0.8158536553382874,0.5387805104255676
YDL243C,YLR212C,0,-7.580756,0.13148584961891174,0.8158536553382874,0.5389024615287781
YGR029W,YER041W,0,-7.580815,0.1314600110054016,0.8158536553382874,0.5390244126319885
YHR174W,YIR034C,0,-7.5809417,0.13143418729305267,0.8158536553382874,0.539146363735199
YNL327W,YER031C,0,-7.581051,0.13140836358070374,0.8158536553382874,0.5392683148384094
YMR312W,YKL132C,0,-7.5813,0.131382554769516,0.8158536553382874,0.5393902659416199
YHR169W,YMR160W,0,-7.581438,0.13135676085948944,0.8158536553382874,0.5395122170448303
YHR204W,YDL007W,0,-7.5814404,0.13133098185062408,0.8158536553382874,0.5396341681480408
YIL037C,YJR141W,0,-7.581908,0.13130520284175873,0.8158536553382874,0.5397561192512512
YKL199C,YLR409C,0,-7.582054,0.13127943873405457,0.8158536553382874,0.5398780703544617
YKR085C,YLR275W,0,-7.5830483,0.1312536746263504,0.8158536553382874,0.5400000214576721
YIR023W,YER002W,0,-7.583299,0.13122792541980743,0.8158536553382874,0.5401219725608826
YLR246W,YEL056W,1,-7.583619,0.13139832019805908,0.8170731663703918,0.5401219725608826
YPL086C,YKR095W-A,0,-7.5837736,0.13137255609035492,0.8170731663703918,0.540243923664093
YAL042W,YHR149C,0,-7.583839,0.13134679198265076,0.8170731663703918,0.5403658747673035
YER040W,YDL212W,0,-7.583977,0.13132105767726898,0.8170731663703918,0.5404878258705139
YLR154C,YPL207W,0,-7.584318,0.1312953233718872,0.8170731663703918,0.5406097769737244
YMR199W,YJR026W,0,-7.584319,0.13126958906650543,0.8170731663703918,0.5407317280769348
YOR383C,YER082C,0,-7.58448,0.13124388456344604,0.8170731663703918,0.5408536791801453
YPR176C,YOR101W,0,-7.584569,0.13121818006038666,0.8170731663703918,0.5409756302833557
YHR187W,YIL082W-A,0,-7.5846586,0.13119247555732727,0.8170731663703918,0.5410975813865662
YDR151C,YJL048C,0,-7.5847144,0.13116680085659027,0.8170731663703918,0.5412195324897766
YOR380W,YOL109W,0,-7.5848665,0.13114112615585327,0.8170731663703918,0.5413414835929871
YHR187W,YOL102C,0,-7.585269,0.13111546635627747,0.8170731663703918,0.5414634346961975
YJR001W,YAR009C,0,-7.585495,0.13108980655670166,0.8170731663703918,0.541585385799408
YDR358W,YNL246W,0,-7.585664,0.13106416165828705,0.8170731663703918,0.5417073369026184
YDL174C,YJL187C,0,-7.585862,0.13103853166103363,0.8170731663703918,0.5418292880058289
YIR017C,YKR082W,0,-7.5860415,0.1310129016637802,0.8170731663703918,0.5419512391090393
YNL062C,YOR098C,0,-7.586194,0.130987286567688,0.8170731663703918,0.5420731902122498
YBR258C,YMR114C,0,-7.587053,0.13096168637275696,0.8170731663703918,0.5421951413154602
YPL224C,YHR030C,0,-7.5871334,0.13093610107898712,0.8170731663703918,0.5423170924186707
YPR002W,YJR086W,0,-7.5876503,0.13091051578521729,0.8170731663703918,0.5424390435218811
YGL166W,YOR005C,0,-7.587662,0.13088494539260864,0.8170731663703918,0.5425609946250916
YDR325W,YDR109C,0,-7.588068,0.130859375,0.8170731663703918,0.542682945728302
YDR155C,YNL327W,0,-7.5880785,0.13083381950855255,0.8170731663703918,0.5428048968315125
YPR070W,YER075C,0,-7.588528,0.1308082789182663,0.8170731663703918,0.5429268479347229
YLR174W,YPL105C,0,-7.588772,0.13078273832798004,0.8170731663703918,0.5430487990379333
YPR016C,YLR277C,0,-7.589231,0.13075722754001617,0.8170731663703918,0.5431707501411438
YJR139C,YHR088W,0,-7.5892935,0.1307317018508911,0.8170731663703918,0.5432927012443542
YKR002W,YBR296C,0,-7.589326,0.13070620596408844,0.8170731663703918,0.5434146523475647
YIL140W,YIL097W,0,-7.5896063,0.13068071007728577,0.8170731663703918,0.5435366034507751
YLR284C,YML048W,0,-7.589795,0.1306552290916443,0.8170731663703918,0.5436585545539856
YHL020C,YDR435C,0,-7.589925,0.1306297481060028,0.8170731663703918,0.543780505657196
YLR467W,YKL075C,0,-7.5908747,0.13060428202152252,0.8170731663703918,0.5439024567604065
YJL058C,YLR126C,0,-7.591107,0.13057883083820343,0.8170731663703918,0.5440244078636169
YPL121C,YNL329C,0,-7.5918636,0.13055339455604553,0.8170731663703918,0.5441463589668274
YDR106W,YJR134C,0,-7.5920386,0.13052795827388763,0.8170731663703918,0.5442683100700378
YER073W,YKL004W,0,-7.5920854,0.13050253689289093,0.8170731663703918,0.5443902611732483
YBR111W-A,YJL059W,0,-7.5921745,0.13047711551189423,0.8170731663703918,0.5445122122764587
YNL284C,YNR037C,0,-7.592304,0.13045170903205872,0.8170731663703918,0.5446341633796692
YBR179C,YGL093W,0,-7.5925937,0.1304263174533844,0.8170731663703918,0.5447561144828796
YOR244W,YMR246W,1,-7.592701,0.13059556484222412,0.8182926774024963,0.5447561144828796
YLR213C,YIL070C,0,-7.592873,0.13057014346122742,0.8182926774024963,0.5448780655860901
YPR193C,YPR051W,1,-7.593038,0.13073930144309998,0.8195121884346008,0.5448780655860901
YMR136W,YOR348C,0,-7.5932155,0.13071386516094208,0.8195121884346008,0.5450000166893005
YHR028C,YOR140W,0,-7.593479,0.13068844377994537,0.8195121884346008,0.545121967792511
YAL053W,YKL200C,0,-7.5936036,0.13066303730010986,0.8195121884346008,0.5452439188957214
YLR242C,YDL112W,0,-7.593835,0.13063763082027435,0.8195121884346008,0.5453658699989319
YJL018W,YNL054W,0,-7.5938416,0.13061223924160004,0.8195121884346008,0.5454878211021423
YOR237W,YOR322C,0,-7.5940375,0.13058686256408691,0.8195121884346008,0.5456097722053528
YMR021C,YCL045C,0,-7.5948696,0.1305614858865738,0.8195121884346008,0.5457317233085632
YGL100W,YDR186C,0,-7.5951567,0.13053612411022186,0.8195121884346008,0.5458536744117737
YOR147W,YPR174C,0,-7.5956817,0.13051077723503113,0.8195121884346008,0.5459756255149841
YBR119W,YOR323C,0,-7.5958,0.1304854303598404,0.8195121884346008,0.5460975766181946
YDR261C,YLR070C,0,-7.595807,0.13046009838581085,0.8195121884346008,0.546219527721405
YLL061W,YOR132W,0,-7.595863,0.1304347813129425,0.8195121884346008,0.5463414788246155
YGL021W,YBL100W-B,0,-7.5959997,0.13040946424007416,0.8195121884346008,0.5464634299278259
YPL037C,YPL020C,0,-7.5960894,0.130384162068367,0.8195121884346008,0.5465853810310364
YHR028C,YJL164C,0,-7.5961533,0.13035887479782104,0.8195121884346008,0.5467073321342468
YPR082C,YJL048C,0,-7.5966263,0.13033358752727509,0.8195121884346008,0.5468292832374573
YGR037C,YKR090W,0,-7.59748,0.13030831515789032,0.8195121884346008,0.5469512343406677
YMR129W,YIL006W,0,-7.5975323,0.13028305768966675,0.8195121884346008,0.5470731854438782
YGR170W,YNL134C,0,-7.598797,0.13025780022144318,0.8195121884346008,0.5471951365470886
YMR081C,YCR060W,0,-7.5988226,0.1302325576543808,0.8195121884346008,0.5473170876502991
YNL173C,YJR103W,0,-7.598874,0.13020732998847961,0.8195121884346008,0.5474390387535095
YBL091C,YDR494W,0,-7.598874,0.13018210232257843,0.8195121884346008,0.54756098985672
YGL047W,YDR186C,0,-7.5990086,0.13015688955783844,0.8195121884346008,0.5476829409599304
YLR307W,YFL022C,0,-7.5993032,0.13013167679309845,0.8195121884346008,0.5478048920631409
YDR198C,YJL012C-A,0,-7.600012,0.13010647892951965,0.8195121884346008,0.5479268431663513
YLR393W,YHR061C,0,-7.6003475,0.13008129596710205,0.8195121884346008,0.5480487942695618
YMR246W,YDR392W,1,-7.6005774,0.13024966418743134,0.8207316994667053,0.5480487942695618
YOL043C,YDL153C,0,-7.600851,0.13022445142269135,0.8207316994667053,0.5481707453727722
YML078W,YMR137C,0,-7.600859,0.13019926846027374,0.8207316994667053,0.5482926964759827
YIL120W,YLR409C,0,-7.6010036,0.13017408549785614,0.8207316994667053,0.5484146475791931
YMR081C,YGL158W,0,-7.601014,0.13014890253543854,0.8207316994667053,0.5485365986824036
YER133W,YIL080W,0,-7.601369,0.13012374937534332,0.8207316994667053,0.548658549785614
YPL055C,YDR450W,0,-7.60159,0.1300985962152481,0.8207316994667053,0.5487805008888245
YCR061W,YPR011C,0,-7.602029,0.1300734430551529,0.8207316994667053,0.5489024519920349
YLR158C,YDR105C,0,-7.602093,0.13004830479621887,0.8207316994667053,0.5490244030952454
YMR251W-A,YNR059W,0,-7.602514,0.13002318143844604,0.8207316994667053,0.5491463541984558
YGR089W,YFR006W,0,-7.6025686,0.1299980729818344,0.8207316994667053,0.5492683053016663
YPL130W,YKL161C,0,-7.6025906,0.12997296452522278,0.8207316994667053,0.5493902564048767
YDR524C,YPL006W,0,-7.602929,0.12994787096977234,0.8207316994667053,0.5495122075080872
YBL008W,YBR159W,0,-7.602948,0.1299227774143219,0.8207316994667053,0.5496341586112976
YLR153C,YEL066W,1,-7.6032767,0.13009071350097656,0.8219512104988098,0.5496341586112976
YML109W,YBR016W,0,-7.603386,0.13006560504436493,0.8219512104988098,0.5497561097145081
YMR081C,YLR055C,0,-7.603624,0.1300405114889145,0.8219512104988098,0.5498780608177185
YDR317W,YNL257C,0,-7.6038213,0.13001543283462524,0.8219512104988098,0.550000011920929
YIL079C,YLR310C,0,-7.6038637,0.129990354180336,0.8219512104988098,0.5501219630241394
YOR339C,YGL231C,0,-7.6039925,0.12996529042720795,0.8219512104988098,0.5502439141273499
YPR007C,YLR421C,0,-7.604204,0.1299402415752411,0.8219512104988098,0.5503658652305603
YGR092W,YOR383C,0,-7.604213,0.12991519272327423,0.8219512104988098,0.5504878163337708
YBR195C,YFL036W,0,-7.6045256,0.12989015877246857,0.8219512104988098,0.5506097674369812
YBL075C,YPL074W,0,-7.6050625,0.1298651248216629,0.8219512104988098,0.5507317185401917
YIL049W,YPR043W,0,-7.6051445,0.12984010577201843,0.8219512104988098,0.5508536696434021
YJR160C,YPR108W,0,-7.606062,0.12981510162353516,0.8219512104988098,0.5509756207466125
YJR140C,YDL119C,0,-7.606122,0.12979009747505188,0.8219512104988098,0.551097571849823
YDL045W-A,YDR335W,0,-7.6062236,0.1297651082277298,0.8219512104988098,0.5512195229530334
YNL077W,YPL280W,0,-7.606506,0.1297401338815689,0.8219512104988098,0.5513414740562439
YLR056W,YKL200C,0,-7.606591,0.12971515953540802,0.8219512104988098,0.5514634251594543
YDL140C,YOR256C,0,-7.6066422,0.12969020009040833,0.8219512104988098,0.5515853762626648
YEL019C,YDR170C,0,-7.6069126,0.12966525554656982,0.8219512104988098,0.5517073273658752
YDR158W,YJL177W,0,-7.6070876,0.12964031100273132,0.8219512104988098,0.5518292784690857
YEL071W,YNL213C,0,-7.6075487,0.12961538136005402,0.8219512104988098,0.5519512295722961
YHR012W,YER138C,0,-7.6077585,0.1295904666185379,0.8219512104988098,0.5520731806755066
YDR516C,YMR113W,0,-7.6077623,0.1295655518770218,0.8219512104988098,0.552195131778717
YKL150W,YLR332W,0,-7.6077986,0.12954065203666687,0.8219512104988098,0.5523170828819275
YOR298W,YKL209C,0,-7.607859,0.12951575219631195,0.8219512104988098,0.5524390339851379
YPL076W,YBR114W,0,-7.608144,0.12949086725711823,0.8219512104988098,0.5525609850883484
YLR086W,YDR531W,0,-7.6082187,0.1294659972190857,0.8219512104988098,0.5526829361915588
YGR081C,YKR098C,0,-7.608334,0.12944114208221436,0.8219512104988098,0.5528048872947693
YEL046C,YOR122C,0,-7.608448,0.12941628694534302,0.8219512104988098,0.5529268383979797
YJR108W,YGR145W,0,-7.608778,0.12939143180847168,0.8219512104988098,0.5530487895011902
YDR422C,YBR016W,0,-7.6089926,0.12936660647392273,0.8219512104988098,0.5531707406044006
YBR100W,YBR175W,0,-7.6091576,0.12934178113937378,0.8219512104988098,0.5532926917076111
YJL002C,YGL100W,0,-7.6092863,0.12931695580482483,0.8219512104988098,0.5534146428108215
YLR013W,YDR262W,0,-7.609297,0.12929216027259827,0.8219512104988098,0.553536593914032
YML019W,YGL160W,0,-7.609396,0.1292673498392105,0.8219512104988098,0.5536585450172424
YOL062C,YKL166C,0,-7.6095,0.12924256920814514,0.8219512104988098,0.5537804961204529
YLR050C,YNR073C,0,-7.609586,0.12921778857707977,0.8219512104988098,0.5539024472236633
YDL024C,YHR081W,0,-7.609646,0.1291930228471756,0.8219512104988098,0.5540243983268738
YKL048C,YOL152W,0,-7.6100388,0.12916825711727142,0.8219512104988098,0.5541463494300842
YHR053C,YLR223C,0,-7.6104717,0.12914352118968964,0.8219512104988098,0.5542683005332947
YNL065W,YMR272C,0,-7.610562,0.12911877036094666,0.8219512104988098,0.5543902516365051
YLR447C,YJR120W,0,-7.6107993,0.12909404933452606,0.8219512104988098,0.5545122027397156
YPR145W,YGR078C,0,-7.6108294,0.12906932830810547,0.8219512104988098,0.554634153842926
YDR116C,YDR262W,0,-7.6109786,0.12904460728168488,0.8219512104988098,0.5547561049461365
YOR270C,YJR028W,0,-7.611332,0.12901990115642548,0.8219512104988098,0.5548780560493469
YOR037W,YDR395W,0,-7.611616,0.12899520993232727,0.8219512104988098,0.5550000071525574
YMR275C,YGL187C,0,-7.611721,0.12897053360939026,0.8219512104988098,0.5551219582557678
YMR251W-A,YLR312C-B,0,-7.611928,0.12894585728645325,0.8219512104988098,0.5552439093589783
YDL029W,YPL275W,0,-7.6119623,0.12892119586467743,0.8219512104988098,0.5553658604621887
YGL068W,YPR173C,0,-7.612371,0.1288965344429016,0.8219512104988098,0.5554878115653992
YKR034W,YGL179C,0,-7.6126056,0.128871887922287,0.8219512104988098,0.5556097626686096
YCR009C,YPL157W,0,-7.61261,0.12884725630283356,0.8219512104988098,0.5557317137718201
YBR193C,YOR008C-A,0,-7.6128244,0.12882262468338013,0.8219512104988098,0.5558536648750305
YBR070C,YJR120W,0,-7.6131077,0.1287980079650879,0.8219512104988098,0.555975615978241
YDR054C,YMR194W,0,-7.6131697,0.12877340614795685,0.8219512104988098,0.5560975670814514
YMR200W,YPL249C-A,0,-7.6138105,0.1287488043308258,0.8219512104988098,0.5562195181846619
YJL065C,YMR268W-A,0,-7.613826,0.12872421741485596,0.8219512104988098,0.5563414692878723
YMR137C,YIL023C,0,-7.6138935,0.1286996304988861,0.8219512104988098,0.5564634203910828
YKL205W,YDR156W,0,-7.6140876,0.12867507338523865,0.8219512104988098,0.5565853714942932
YER015W,YGR002C,1,-7.614214,0.12884138524532318,0.8231707215309143,0.5565853714942932
YAR033W,YOL154W,0,-7.6144705,0.12881679832935333,0.8231707215309143,0.5567073225975037
YGR113W,YBL003C,0,-7.6145105,0.12879221141338348,0.8231707215309143,0.5568292737007141
YGL257C,YNL213C,0,-7.6147776,0.12876763939857483,0.8231707215309143,0.5569512248039246
YFR036W,YOR014W,0,-7.6147966,0.12874308228492737,0.8231707215309143,0.557073175907135
YMR049C,YDR262W,0,-7.6148553,0.1287185400724411,0.8231707215309143,0.5571951270103455
YKL127W,YDR330W,0,-7.6153765,0.12869399785995483,0.8231707215309143,0.5573170781135559
YGR175C,YNL227C,0,-7.6153836,0.12866945564746857,0.8231707215309143,0.5574390292167664
YDR524C,YKL171W,0,-7.615684,0.1286449432373047,0.8231707215309143,0.5575609803199768
YLR027C,YIL082W-A,0,-7.616281,0.1286204308271408,0.8231707215309143,0.5576829314231873
YMR268C,YOR380W,0,-7.616544,0.12859591841697693,0.8231707215309143,0.5578048825263977
YHR101C,YFR006W,0,-7.617616,0.12857143580913544,0.8231707215309143,0.5579268336296082
YDR037W,YGR133W,0,-7.618058,0.12854693830013275,0.8231707215309143,0.5580487847328186
YJR140C,YBR090C-A,0,-7.6182075,0.12852247059345245,0.8231707215309143,0.558170735836029
YGR101W,YDR045C,0,-7.618313,0.12849800288677216,0.8231707215309143,0.5582926869392395
YGR041W,YDR131C,0,-7.618833,0.12847355008125305,0.8231707215309143,0.55841463804245
YGR047C,YDR186C,0,-7.6199536,0.12844909727573395,0.8231707215309143,0.5585365891456604
YIL037C,YFR010W,0,-7.6200037,0.12842465937137604,0.8231707215309143,0.5586585402488708
YKL052C,YKL001C,0,-7.62015,0.12840022146701813,0.8231707215309143,0.5587804913520813
YER009W,YPL089C,0,-7.6205654,0.1283758133649826,0.8231707215309143,0.5589024424552917
YGL170C,YMR313C,0,-7.6210566,0.1283513903617859,0.8231707215309143,0.5590243935585022
YPL269W,YCR062W,0,-7.621317,0.12832699716091156,0.8231707215309143,0.5591463446617126
YLR113W,YKL166C,0,-7.621318,0.12830260396003723,0.8231707215309143,0.5592682957649231
YEL061C,YBR090C-A,0,-7.62148,0.1282782256603241,0.8231707215309143,0.5593902468681335
YJL074C,YDL110C,0,-7.62152,0.12825384736061096,0.8231707215309143,0.559512197971344
YNL293W,YMR040W,0,-7.621684,0.12822948396205902,0.8231707215309143,0.5596341490745544
YDR033W,YDL084W,0,-7.622549,0.12820513546466827,0.8231707215309143,0.5597561001777649
YBR158W,YDR306C,0,-7.622652,0.12818078696727753,0.8231707215309143,0.5598780512809753
YCL074W,YDR367W,0,-7.6228795,0.12815643846988678,0.8231707215309143,0.5600000023841858
YPR025C,YDL134C-A,0,-7.6231995,0.12813211977481842,0.8231707215309143,0.5601219534873962
YHR168W,YAL032C,0,-7.6233153,0.12810780107975006,0.8231707215309143,0.5602439045906067
YER124C,YLR301W,0,-7.6233835,0.1280834972858429,0.8231707215309143,0.5603658556938171
YER102W,YIR014W,0,-7.62372,0.12805919349193573,0.8231707215309143,0.5604878067970276
YOL052C-A,YNL054W,0,-7.623784,0.12803490459918976,0.8231707215309143,0.560609757900238
YCR070W,YBR143C,0,-7.6242523,0.1280106157064438,0.8231707215309143,0.5607317090034485
YJL210W,YMR210W,0,-7.624379,0.127986341714859,0.8231707215309143,0.5608536601066589
YJL018W,YBR171W,0,-7.6254044,0.12796208262443542,0.8231707215309143,0.5609756112098694
YPL151C,YJL166W,0,-7.625497,0.12793783843517303,0.8231707215309143,0.5610975623130798
YFL039C,YNL326C,1,-7.6258755,0.1281030923128128,0.8243902325630188,0.5610975623130798
YLR411W,YOR336W,0,-7.625963,0.12807881832122803,0.8243902325630188,0.5612195134162903
YDR182W,YJL012C-A,0,-7.6259923,0.12805455923080444,0.8243902325630188,0.5613414645195007
YDL069C,YBR284W,0,-7.6261597,0.12803030014038086,0.8243902325630188,0.5614634156227112
YJR105W,YER148W,0,-7.6262255,0.12800605595111847,0.8243902325630188,0.5615853667259216
YNL135C,YGR042W,0,-7.6264925,0.12798182666301727,0.8243902325630188,0.5617073178291321
YIL091C,YIL172C,0,-7.626654,0.12795759737491608,0.8243902325630188,0.5618292689323425
YDR054C,YLR056W,0,-7.6270885,0.12793338298797607,0.8243902325630188,0.561951220035553
YML113W,YPR183W,0,-7.627404,0.12790918350219727,0.8243902325630188,0.5620731711387634
YBL042C,YER009W,0,-7.6274643,0.12788498401641846,0.8243902325630188,0.5621951222419739
YGR224W,YOL012C,0,-7.627819,0.12786078453063965,0.8243902325630188,0.5623170733451843
YKL011C,YJL196C,0,-7.6278744,0.12783661484718323,0.8243902325630188,0.5624390244483948
YJR160C,YLR447C,0,-7.628085,0.1278124451637268,0.8243902325630188,0.5625609755516052
YGL062W,YML091C,0,-7.6282806,0.12778827548027039,0.8243902325630188,0.5626829266548157
YGR004W,YPL141C,0,-7.6284213,0.12776412069797516,0.8243902325630188,0.5628048777580261
YLR216C,YKR055W,0,-7.6287813,0.12773998081684113,0.8243902325630188,0.5629268288612366
YMR038C,YGR280C,0,-7.629156,0.1277158558368683,0.8243902325630188,0.563048779964447
YMR247C,YAR010C,0,-7.6293592,0.12769173085689545,0.8243902325630188,0.5631707310676575
YJR044C,YPR078C,0,-7.629451,0.1276676058769226,0.8243902325630188,0.5632926821708679
YBL035C,YDL038C,0,-7.629662,0.12764351069927216,0.8243902325630188,0.5634146332740784
YOR244W,YIL009W,1,-7.6297317,0.12780819833278656,0.8256097435951233,0.5634146332740784
YGL167C,YFL035C-B,0,-7.6297703,0.12778407335281372,0.8256097435951233,0.5635365843772888
YPR193C,YLL002W,1,-7.6299887,0.12794867157936096,0.8268292546272278,0.5635365843772888
YDR156W,YLR313C,0,-7.630974,0.12792453169822693,0.8268292546272278,0.5636585354804993
YML028W,YIR003W,0,-7.6310835,0.1279003918170929,0.8268292546272278,0.5637804865837097
YDL078C,YJL198W,0,-7.631366,0.12787626683712006,0.8268292546272278,0.5639024376869202
YDR091C,YJR066W,0,-7.63162,0.1278521567583084,0.8268292546272278,0.5640243887901306
YDL232W,YNL096C,0,-7.6316905,0.12782806158065796,0.8268292546272278,0.5641463398933411
YNL005C,YHR098C,0,-7.6317234,0.1278039515018463,0.8268292546272278,0.5642682909965515
YLR078C,YOR088W,0,-7.631873,0.12777987122535706,0.8268292546272278,0.564390242099762
YPL018W,YNL131W,0,-7.631923,0.1277557909488678,0.8268292546272278,0.5645121932029724
YJR083C,YML033W,0,-7.632186,0.12773172557353973,0.8268292546272278,0.5646341443061829
YGR240C,YOL038W,0,-7.63223,0.12770766019821167,0.8268292546272278,0.5647560954093933
YPR033C,YKR053C,0,-7.6325254,0.1276836097240448,0.8268292546272278,0.5648780465126038
YGR052W,YDR078C,0,-7.632778,0.12765957415103912,0.8268292546272278,0.5649999976158142
YJR137C,YIR002C,0,-7.6336145,0.12763553857803345,0.8268292546272278,0.5651219487190247
YGR052W,YER090W,0,-7.6338806,0.12761151790618896,0.8268292546272278,0.5652438998222351
YIL009W,YOL076W,1,-7.6342,0.12777568399906158,0.8280487656593323,0.5652438998222351
YPL078C,YPR122W,0,-7.6342754,0.1277516484260559,0.8280487656593323,0.5653658509254456
YDL181W,YJL093C,0,-7.634831,0.12772761285305023,0.8280487656593323,0.565487802028656
YBR066C,YNR073C,0,-7.6348557,0.12770359218120575,0.8280487656593323,0.5656097531318665
YNL331C,YKR099C-A,0,-7.634961,0.12767957150936127,0.8280487656593323,0.5657317042350769
YJL159W,YDL190C,0,-7.6351595,0.12765558063983917,0.8280487656593323,0.5658536553382874
YMR276W,YDL049C,0,-7.635453,0.12763157486915588,0.8280487656593323,0.5659756064414978
YIL037C,YBR127C,0,-7.635543,0.12760759890079498,0.8280487656593323,0.5660975575447083
YKL200C,YER082C,0,-7.6357164,0.1275836080312729,0.8280487656593323,0.5662195086479187
YDR281C,YLR193C,0,-7.6361732,0.12755964696407318,0.8280487656593323,0.5663414597511292
YLL001W,YGR191W,0,-7.63649,0.12753568589687347,0.8280487656593323,0.5664634108543396
YER149C,YLR448W,0,-7.636536,0.12751173973083496,0.8280487656593323,0.56658536195755
YCL026C-B,YER116C,0,-7.6365633,0.12748779356479645,0.8280487656593323,0.5667073130607605
YNL186W,YPL236C,0,-7.6367292,0.12746386229991913,0.8280487656593323,0.566829264163971
YGL206C,YPR001W,0,-7.6370053,0.127439945936203,0.8280487656593323,0.5669512152671814
YKR100C,YEL021W,0,-7.638026,0.12741602957248688,0.8280487656593323,0.5670731663703918
YDR411C,YLR329W,0,-7.63824,0.12739211320877075,0.8280487656593323,0.5671951174736023
YIL072W,YGR222W,0,-7.6383443,0.12736822664737701,0.8280487656593323,0.5673170685768127
YHR024C,YGR234W,0,-7.6383886,0.12734434008598328,0.8280487656593323,0.5674390196800232
YBR090C-A,YKL132C,0,-7.638406,0.12732045352458954,0.8280487656593323,0.5675609707832336
YCL026C-A,YGL004C,0,-7.6392217,0.127296581864357,0.8280487656593323,0.5676829218864441
YDR171W,YJR120W,0,-7.639326,0.12727272510528564,0.8280487656593323,0.5678048729896545
YOR144C,YKL138C-A,0,-7.639805,0.1272488683462143,0.8280487656593323,0.567926824092865
YOL151W,YJR066W,0,-7.640069,0.12722502648830414,0.8280487656593323,0.5680487751960754
YGL200C,YLR425W,0,-7.6402435,0.12720119953155518,0.8280487656593323,0.5681707262992859
YDR240C,YDL210W,0,-7.640583,0.1271773725748062,0.8280487656593323,0.5682926774024963
YJL111W,YPR001W,0,-7.6405864,0.12715356051921844,0.8280487656593323,0.5684146285057068
YNL274C,YDL154W,0,-7.640587,0.12712974846363068,0.8280487656593323,0.5685365796089172
YDL217C,YKL063C,0,-7.640915,0.1271059513092041,0.8280487656593323,0.5686585307121277
YIL004C,YCR084C,0,-7.6409187,0.12708216905593872,0.8280487656593323,0.5687804818153381
YGL064C,YNL070W,0,-7.6412516,0.12705838680267334,0.8280487656593323,0.5689024329185486
YAL054C,YDR264C,1,-7.641552,0.1272217035293579,0.8292682766914368,0.5689024329185486
YDR462W,YDR056C,0,-7.641812,0.12719790637493134,0.8292682766914368,0.569024384021759
YDR296W,YPL147W,0,-7.6422567,0.12717410922050476,0.8292682766914368,0.5691463351249695
YDR013W,YER138C,0,-7.64259,0.12715034186840057,0.8292682766914368,0.5692682862281799
YLR047C,YBR166C,0,-7.6431465,0.1271265596151352,0.8292682766914368,0.5693902373313904
YDR127W,YHR211W,0,-7.6434026,0.1271028071641922,0.8292682766914368,0.5695121884346008
YJL190C,YAL005C,0,-7.643507,0.1270790547132492,0.8292682766914368,0.5696341395378113
YPL117C,YDL195W,0,-7.643928,0.1270553022623062,0.8292682766914368,0.5697560906410217
YLR144C,YJL082W,0,-7.644136,0.12703156471252441,0.8292682766914368,0.5698780417442322
YIL034C,YKR019C,0,-7.6442366,0.1270078420639038,0.8292682766914368,0.5699999928474426
YMR020W,YMR073C,0,-7.6447515,0.1269841343164444,0.8292682766914368,0.5701219439506531
YLR153C,YGL112C,1,-7.64476,0.1271471232175827,0.8304877877235413,0.5701219439506531
YLR206W,YNL055C,0,-7.644937,0.1271233856678009,0.8304877877235413,0.5702438950538635
YNL274C,YLR368W,0,-7.644993,0.1270996630191803,0.8304877877235413,0.570365846157074
YFL011W-A,YBL087C,0,-7.645145,0.1270759403705597,0.8304877877235413,0.5704877972602844
YMR015C,YGL210W-A,0,-7.64519,0.12705223262310028,0.8304877877235413,0.5706097483634949
YOL165C,YKL171W,0,-7.6458416,0.12702853977680206,0.8304877877235413,0.5707316994667053
YBR089C-A,YJL222W,0,-7.645859,0.12700484693050385,0.8304877877235413,0.5708536505699158
YBR041W,YMR099C,0,-7.6462026,0.12698116898536682,0.8304877877235413,0.5709756016731262
YBL067C,YOR304C-A,0,-7.646309,0.1269574910402298,0.8304877877235413,0.5710975527763367
YGR204W,YER030W,0,-7.646394,0.12693382799625397,0.8304877877235413,0.5712195038795471
YHR148W,YDL092W,0,-7.646467,0.12691017985343933,0.8304877877235413,0.5713414549827576
YIL099W,YCR062W,0,-7.646612,0.1268865317106247,0.8304877877235413,0.571463406085968
YFL055W,YIL061C,0,-7.6468472,0.12686289846897125,0.8304877877235413,0.5715853571891785
YDR041W,YPL087W,0,-7.6469727,0.1268392652273178,0.8304877877235413,0.5717073082923889
YPL037C,YOL030W,0,-7.647002,0.12681564688682556,0.8304877877235413,0.5718292593955994
YMR153W,YEL057C,0,-7.6471066,0.1267920285463333,0.8304877877235413,0.5719512104988098
YOR326W,YCR058C,0,-7.647142,0.12676842510700226,0.8304877877235413,0.5720731616020203
YDR060W,YMR273C,0,-7.6472445,0.1267448365688324,0.8304877877235413,0.5721951127052307
YNR057C,YKR008W,0,-7.6473656,0.12672124803066254,0.8304877877235413,0.5723170638084412
YLR214W,YDL185W,0,-7.647686,0.12669767439365387,0.8304877877235413,0.5724390149116516
YOR140W,YCR043C,0,-7.647793,0.1266741007566452,0.8304877877235413,0.5725609660148621
YMR277W,YKL129C,0,-7.6479263,0.12665054202079773,0.8304877877235413,0.5726829171180725
YPL125W,YML040W,0,-7.64795,0.12662699818611145,0.8304877877235413,0.572804868221283
YLR032W,YJR141W,0,-7.6480794,0.12660345435142517,0.8304877877235413,0.5729268193244934
YIL167W,YGR042W,0,-7.649393,0.12657992541790009,0.8304877877235413,0.5730487704277039
YOL104C,YDR079W,0,-7.6494417,0.126556396484375,0.8304877877235413,0.5731707215309143
YAL040C,YGR222W,0,-7.6498957,0.1265328824520111,0.8304877877235413,0.5732926726341248
YOR281C,YDR395W,0,-7.6499443,0.1265093833208084,0.8304877877235413,0.5734146237373352
YGR189C,YPL049C,0,-7.6500807,0.1264858841896057,0.8304877877235413,0.5735365748405457
YPL217C,YHR211W,0,-7.6502123,0.1264623999595642,0.8304877877235413,0.5736585259437561
YGR286C,YBR133C,0,-7.6507273,0.1264389157295227,0.8304877877235413,0.5737804770469666
YGL259W,YCL019W,0,-7.6509156,0.1264154464006424,0.8304877877235413,0.573902428150177
YHR024C,YMR190C,0,-7.6514263,0.12639197707176208,0.8304877877235413,0.5740243792533875
YDR041W,YLR150W,0,-7.6514797,0.12636852264404297,0.8304877877235413,0.5741463303565979
YOR313C,YJL054W,0,-7.651607,0.12634508311748505,0.8304877877235413,0.5742682814598083
YGR191W,YGR005C,0,-7.651807,0.12632164359092712,0.8304877877235413,0.5743902325630188
YOR317W,YOL148C,1,-7.6521873,0.12648367881774902,0.8317072987556458,0.5743902325630188
YDL243C,YJL005W,0,-7.6522317,0.1264602243900299,0.8317072987556458,0.5745121836662292
YOL164W,YFR024C,0,-7.6523767,0.12643678486347198,0.8317072987556458,0.5746341347694397
YBR118W,YOR045W,0,-7.6526036,0.12641334533691406,0.8317072987556458,0.5747560858726501
YOR096W,YBR058C,0,-7.652842,0.12638992071151733,0.8317072987556458,0.5748780369758606
YJL168C,YBR028C,0,-7.653266,0.1263664960861206,0.8317072987556458,0.574999988079071
YCL064C,YDR348C,0,-7.653271,0.12634308636188507,0.8317072987556458,0.5751219391822815
YML019W,YJL072C,0,-7.653281,0.12631969153881073,0.8317072987556458,0.5752438902854919
YGL067W,YIL077C,0,-7.6533155,0.1262962967157364,0.8317072987556458,0.5753658413887024
YDR264C,YJL115W,1,-7.653924,0.1264580637216568,0.8329268097877502,0.5753658413887024
YLR113W,YGR059W,0,-7.6546683,0.12643465399742126,0.8329268097877502,0.5754877924919128
YEL018W,YEL011W,0,-7.654867,0.12641125917434692,0.8329268097877502,0.5756097435951233
YLR015W,YPL106C,0,-7.655619,0.12638786435127258,0.8329268097877502,0.5757316946983337
YER045C,YMR077C,0,-7.655916,0.12636448442935944,0.8329268097877502,0.5758536458015442
YDR098C,YGR141W,0,-7.6566186,0.1263411045074463,0.8329268097877502,0.5759755969047546
YNL009W,YJL089W,0,-7.65739,0.12631773948669434,0.8329268097877502,0.5760975480079651
YDR096W,YBL003C,0,-7.657493,0.12629437446594238,0.8329268097877502,0.5762194991111755
YOL158C,YBR237W,0,-7.657566,0.12627102434635162,0.8329268097877502,0.576341450214386
YDL134C,YLL067C,0,-7.6577363,0.12624768912792206,0.8329268097877502,0.5764634013175964
YJR057W,YOR323C,0,-7.657851,0.1262243539094925,0.8329268097877502,0.5765853524208069
YLR259C,YIL129C,0,-7.658227,0.12620103359222412,0.8329268097877502,0.5767073035240173
YNL153C,YMR228W,0,-7.658283,0.12617771327495575,0.8329268097877502,0.5768292546272278
YNL297C,YLR001C,0,-7.6582975,0.12615440785884857,0.8329268097877502,0.5769512057304382
YCR005C,YDR460W,0,-7.6584377,0.1261311173439026,0.8329268097877502,0.5770731568336487
YLL050C,YHR165C,0,-7.658701,0.1261078268289566,0.8329268097877502,0.5771951079368591
YLR015W,YML045W,0,-7.6587577,0.12608455121517181,0.8329268097877502,0.5773170590400696
YLR293C,YGL014W,0,-7.6587796,0.12606127560138702,0.8329268097877502,0.57743901014328
YDR545W,YPR118W,0,-7.658821,0.12603801488876343,0.8329268097877502,0.5775609612464905
YPL118W,YER087C-A,0,-7.6588326,0.12601475417613983,0.8329268097877502,0.5776829123497009
YDR130C,YNL024C,0,-7.6589627,0.12599150836467743,0.8329268097877502,0.5778048634529114
YIL154C,YJR141W,0,-7.6599855,0.12596827745437622,0.8329268097877502,0.5779268145561218
YPR145W,YGR179C,0,-7.660033,0.125945046544075,0.8329268097877502,0.5780487656593323
YDL231C,YHL048W,0,-7.6601205,0.125921830534935,0.8329268097877502,0.5781707167625427
YLR256W,YDR472W,0,-7.6601334,0.12589861452579498,0.8329268097877502,0.5782926678657532
YML099C,YJL052W,0,-7.660234,0.12587541341781616,0.8329268097877502,0.5784146189689636
YPR168W,YML047C,0,-7.6605797,0.12585222721099854,0.8329268097877502,0.5785365700721741
YAL022C,YPL141C,0,-7.6606727,0.1258290410041809,0.8329268097877502,0.5786585211753845
YOL063C,YLR258W,0,-7.6609917,0.12580585479736328,0.8329268097877502,0.578780472278595
YMR246W,YMR236W,1,-7.661535,0.1259668469429016,0.8341463208198547,0.578780472278595
YLR228C,YHR102W,0,-7.661562,0.12594366073608398,0.8341463208198547,0.5789024233818054
YDR141C,YIL131C,0,-7.6618943,0.12592047452926636,0.8341463208198547,0.5790243744850159
YML120C,YNL055C,0,-7.661994,0.12589728832244873,0.8341463208198547,0.5791463255882263
YJL184W,YKL125W,0,-7.6621866,0.1258741319179535,0.8341463208198547,0.5792682766914368
YLR039C,YCR062W,0,-7.663098,0.12585096061229706,0.8341463208198547,0.5793902277946472
YER131W,YKL171W,0,-7.6635766,0.125827819108963,0.8341463208198547,0.5795121788978577
YOL071W,YNL021W,0,-7.663904,0.12580467760562897,0.8341463208198547,0.5796341300010681
YLR167W,YMR226C,0,-7.6639385,0.12578153610229492,0.8341463208198547,0.5797560811042786
YKL127W,YER190W,0,-7.66397,0.12575840950012207,0.8341463208198547,0.579878032207489
YJL111W,YFR044C,0,-7.6640997,0.1257352977991104,0.8341463208198547,0.5799999833106995
YMR316W,YMR210W,0,-7.6642585,0.12571218609809875,0.8341463208198547,0.5801219344139099
YGL210W,YPL225W,0,-7.66439,0.1256890892982483,0.8341463208198547,0.5802438855171204
YGL049C,YDR367W,0,-7.6648493,0.12566599249839783,0.8341463208198547,0.5803658366203308
YAL054C,YPR193C,1,-7.6650105,0.12582659721374512,0.8353658318519592,0.5803658366203308
YGR246C,YHL016C,0,-7.6656475,0.12580348551273346,0.8353658318519592,0.5804877877235413
YPL200W,YFR040W,0,-7.665703,0.125780388712883,0.8353658318519592,0.5806097388267517
YFL009W,YDL134C-A,0,-7.666591,0.12575729191303253,0.8353658318519592,0.5807316899299622
YPL086C,YNL221C,0,-7.6666975,0.12573421001434326,0.8353658318519592,0.5808536410331726
YOR317W,YPR051W,1,-7.6667433,0.1258946657180786,0.8365853428840637,0.5808536410331726
YJL021C,YLR167W,0,-7.6669617,0.12587155401706696,0.8365853428840637,0.5809755921363831
YIL119C,YCR033W,0,-7.666993,0.12584847211837769,0.8365853428840637,0.5810975432395935
YOL165C,YNL339C,0,-7.66705,0.12582539021968842,0.8365853428840637,0.581219494342804
YKL011C,YOR320C,0,-7.667234,0.12580230832099915,0.8365853428840637,0.5813414454460144
YIL085C,YOR088W,0,-7.6673355,0.12577924132347107,0.8365853428840637,0.5814633965492249
YPL188W,YOR332W,0,-7.667514,0.1257561892271042,0.8365853428840637,0.5815853476524353
YKL182W,YGR028W,0,-7.667586,0.1257331371307373,0.8365853428840637,0.5817072987556458
YBR090C-A,YPL032C,0,-7.6676874,0.12571009993553162,0.8365853428840637,0.5818292498588562
YJL081C,YMR246W,1,-7.667723,0.12587028741836548,0.8378048539161682,0.5818292498588562
YGL247W,YMR122W-A,0,-7.6680174,0.1258472204208374,0.8378048539161682,0.5819512009620667
YIL079C,YDR510W,0,-7.6680365,0.1258241832256317,0.8378048539161682,0.5820731520652771
YOR308C,YDL211C,0,-7.668735,0.12580113112926483,0.8378048539161682,0.5821951031684875
YPL193W,YIL083C,0,-7.6691914,0.12577810883522034,0.8378048539161682,0.582317054271698
YLL008W,YJL165C,0,-7.669359,0.12575508654117584,0.8378048539161682,0.5824390053749084
YLR274W,YBR298C,0,-7.669734,0.12573206424713135,0.8378048539161682,0.5825609564781189
YPL212C,YIR014W,0,-7.669797,0.12570905685424805,0.8378048539161682,0.5826829075813293
YNL222W,YNR012W,0,-7.67003,0.12568606436252594,0.8378048539161682,0.5828048586845398
YDR245W,YAR009C,0,-7.6700373,0.12566307187080383,0.8378048539161682,0.5829268097877502
YKR097W,YLR071C,0,-7.6701603,0.12564009428024292,0.8378048539161682,0.5830487608909607
YOR034C,YHR013C,1,-7.6701627,0.1257999688386917,0.8390243649482727,0.5830487608909607
YCR102C,YIL077C,0,-7.6702366,0.1257769614458084,0.8390243649482727,0.5831707119941711
YOR117W,YLR249W,0,-7.6702714,0.1257539689540863,0.8390243649482727,0.5832926630973816
YJL094C,YJR104C,0,-7.6705446,0.1257309913635254,0.8390243649482727,0.583414614200592
YOR026W,YAR009C,0,-7.6706076,0.12570801377296448,0.8390243649482727,0.5835365653038025
YBL102W,YCL045C,0,-7.6707044,0.12568505108356476,0.8390243649482727,0.5836585164070129
YPL048W,YMR316W,0,-7.6708055,0.12566210329532623,0.8390243649482727,0.5837804675102234
YPL215W,YOR043W,0,-7.670863,0.1256391555070877,0.8390243649482727,0.5839024186134338
YOR317W,YOL003C,1,-7.670985,0.1257987916469574,0.8402438759803772,0.5839024186134338
YLR131C,YFL034C-A,0,-7.671269,0.12577582895755768,0.8402438759803772,0.5840243697166443
YCR070W,YGL073W,0,-7.671406,0.12575288116931915,0.8402438759803772,0.5841463208198547
YLR080W,YGL001C,0,-7.6714077,0.12572993338108063,0.8402438759803772,0.5842682719230652
YDL216C,YLR092W,0,-7.671682,0.1257069855928421,0.8402438759803772,0.5843902230262756
YOR081C,YEL040W,0,-7.6717005,0.12568405270576477,0.8402438759803772,0.5845121741294861
YDL181W,YML033W,0,-7.6719213,0.12566113471984863,0.8402438759803772,0.5846341252326965
YLR106C,YOL064C,0,-7.6720963,0.1256382167339325,0.8402438759803772,0.584756076335907
YBR279W,YOR230W,0,-7.672185,0.12561531364917755,0.8402438759803772,0.5848780274391174
YOR317W,YDR167W,1,-7.6721916,0.12577469646930695,0.8414633870124817,0.5848780274391174
YJL058C,YDL109C,0,-7.6723814,0.1257517784833908,0.8414633870124817,0.5849999785423279
YLR008C,YIL076W,0,-7.673296,0.12572886049747467,0.8414633870124817,0.5851219296455383
YPL060W,YKL075C,0,-7.674426,0.12570595741271973,0.8414633870124817,0.5852438807487488
YBR021W,YKR099C-A,0,-7.674782,0.12568305432796478,0.8414633870124817,0.5853658318519592
YGR240C,YHR034C,0,-7.6749935,0.12566016614437103,0.8414633870124817,0.5854877829551697
YLL024C,YBR108W,0,-7.6751432,0.12563729286193848,0.8414633870124817,0.5856097340583801
YJL078C,YIL077C,0,-7.675474,0.12561441957950592,0.8414633870124817,0.5857316851615906
YHR142W,YNL121C,0,-7.6756935,0.12559156119823456,0.8414633870124817,0.585853636264801
YDL134C-A,YKL171W,0,-7.6763005,0.1255687028169632,0.8414633870124817,0.5859755873680115
YJL208C,YBL060W,0,-7.6764565,0.12554584443569183,0.8414633870124817,0.5860975384712219
YLR214W,YNL267W,0,-7.6767144,0.12552301585674286,0.8414633870124817,0.5862194895744324
YER165W,YGL095C,0,-7.676867,0.12550018727779388,0.8414633870124817,0.5863414406776428
YBR026C,YNL312W,0,-7.676982,0.1254773586988449,0.8414633870124817,0.5864633917808533
YFR027W,YHL027W,0,-7.6770277,0.12545454502105713,0.8414633870124817,0.5865853428840637
YJL021C,YDR440W,0,-7.6773086,0.12543174624443054,0.8414633870124817,0.5867072939872742
YBR159W,YKL161C,0,-7.677602,0.12540894746780396,0.8414633870124817,0.5868292450904846
YPR082C,YKL216W,0,-7.6778736,0.12538614869117737,0.8414633870124817,0.5869511961936951
YOL151W,YJR059W,0,-7.6780367,0.12536336481571198,0.8414633870124817,0.5870731472969055
YFL039C,YJL115W,1,-7.678241,0.12552225589752197,0.8426828980445862,0.5870731472969055
YNL099C,YEL041W,0,-7.6782455,0.12549945712089539,0.8426828980445862,0.587195098400116
YNL173C,YDR522C,0,-7.678563,0.12547667324543,0.8426828980445862,0.5873170495033264
YIR037W,YMR304W,0,-7.6786613,0.1254538893699646,0.8426828980445862,0.5874390006065369
YBR023C,YDR285W,0,-7.6790195,0.1254311054944992,0.8426828980445862,0.5875609517097473
YER141W,YGR186W,0,-7.679331,0.1254083514213562,0.8426828980445862,0.5876829028129578
YPR190C,YDR007W,0,-7.679386,0.1253855973482132,0.8426828980445862,0.5878048539161682
YPL195W,YPL141C,0,-7.6799755,0.1253628432750702,0.8426828980445862,0.5879268050193787
YMR266W,YFL049W,0,-7.6800494,0.12534010410308838,0.8426828980445862,0.5880487561225891
YER015W,YGL112C,1,-7.6801176,0.1254987269639969,0.8439024686813354,0.5880487561225891
YDL078C,YKL117W,0,-7.6806345,0.12547597289085388,0.8439024686813354,0.5881707072257996
YJL094C,YPL026C,0,-7.6811743,0.12545323371887207,0.8439024686813354,0.58829265832901
YJR041C,YER078C,0,-7.681483,0.12543049454689026,0.8439024686813354,0.5884146094322205
YGR119C,YLR006C,0,-7.6826944,0.12540775537490845,0.8439024686813354,0.5885365605354309
YNL130C,YPR080W,0,-7.6827965,0.12538503110408783,0.8439024686813354,0.5886585116386414
YHR200W,YKL088W,0,-7.68282,0.1253623217344284,0.8439024686813354,0.5887804627418518
YDR376W,YIL018W,0,-7.6832905,0.12533961236476898,0.8439024686813354,0.5889024138450623
YGR175C,YCR080W,0,-7.683648,0.12531691789627075,0.8439024686813354,0.5890243649482727
YDR264C,YOR317W,1,-7.683893,0.12547528743743896,0.8451219797134399,0.5890243649482727
YNL126W,YBL005W-B,0,-7.6840234,0.12545256316661835,0.8451219797134399,0.5891463160514832
YML036W,YBR294W,0,-7.684085,0.12542986869812012,0.8451219797134399,0.5892682671546936
YCR088W,YNL024C,0,-7.684178,0.1254071593284607,0.8451219797134399,0.589390218257904
YMR188C,YPL163C,0,-7.684275,0.12538447976112366,0.8451219797134399,0.5895121693611145
YBL036C,YPL105C,0,-7.684513,0.12536180019378662,0.8451219797134399,0.589634120464325
YOR260W,YDR306C,0,-7.684947,0.12533912062644958,0.8451219797134399,0.5897560715675354
YGR286C,YNL152W,0,-7.6850224,0.12531645596027374,0.8451219797134399,0.5898780226707458
YKL150W,YPL207W,0,-7.685356,0.1252937912940979,0.8451219797134399,0.5899999737739563
YDR045C,YKL122C,0,-7.6856275,0.12527115643024445,0.8451219797134399,0.5901219248771667
YML058W-A,YLR266C,0,-7.6857657,0.1252485066652298,0.8451219797134399,0.5902438759803772
YGR007W,YKL063C,0,-7.685787,0.12522587180137634,0.8451219797134399,0.5903658270835876
YAL054C,YGR252W,1,-7.686116,0.1253839135169983,0.8463414907455444,0.5903658270835876
YLR330W,YDR367W,0,-7.6870074,0.12536127865314484,0.8463414907455444,0.5904877781867981
YMR257C,YLL010C,0,-7.687301,0.1253386288881302,0.8463414907455444,0.5906097292900085
YPR035W,YMR309C,0,-7.68762,0.12531599402427673,0.8463414907455444,0.590731680393219
YER069W,YER044C,0,-7.687865,0.12529337406158447,0.8463414907455444,0.5908536314964294
YLL024C,YDR368W,0,-7.688064,0.1252707540988922,0.8463414907455444,0.5909755825996399
YOR197W,YGR072W,0,-7.6882334,0.12524814903736115,0.8463414907455444,0.5910975337028503
YIL085C,YDL247W,0,-7.688598,0.12522554397583008,0.8463414907455444,0.5912194848060608
YBR019C,YOR346W,0,-7.689248,0.1252029538154602,0.8463414907455444,0.5913414359092712
YKL150W,YMR216C,0,-7.689311,0.12518037855625153,0.8463414907455444,0.5914633870124817
YMR246W,YGR002C,1,-7.689971,0.1253381371498108,0.8475610017776489,0.5914633870124817
YOR083W,YNL058C,0,-7.6900377,0.12531554698944092,0.8475610017776489,0.5915853381156921
YDL148C,YBL100W-A,0,-7.6903067,0.12529295682907104,0.8475610017776489,0.5917072892189026
YPL227C,YNL327W,0,-7.6904554,0.12527036666870117,0.8475610017776489,0.591829240322113
YPL244C,YNL194C,0,-7.6911097,0.1252477914094925,0.8475610017776489,0.5919511914253235
YOL104C,YNR004W,0,-7.6912546,0.125225231051445,0.8475610017776489,0.5920731425285339
YHR176W,YBL025W,0,-7.692025,0.12520267069339752,0.8475610017776489,0.5921950936317444
YOL144W,YKL018W,0,-7.692214,0.12518011033535004,0.8475610017776489,0.5923170447349548
YDR197W,YOR145C,0,-7.6924124,0.12515757977962494,0.8475610017776489,0.5924389958381653
YJR083C,YGR203W,0,-7.6924796,0.12513503432273865,0.8475610017776489,0.5925609469413757
YPR138C,YDL232W,0,-7.692921,0.12511251866817474,0.8475610017776489,0.5926828980445862
YOR202W,YOR214C,0,-7.693179,0.12508998811244965,0.8475610017776489,0.5928048491477966
YOR092W,YFL036W,0,-7.69335,0.12506748735904694,0.8475610017776489,0.5929268002510071
YBL005W-A,YIL172C,0,-7.6935368,0.12504498660564423,0.8475610017776489,0.5930487513542175
YFL001W,YMR122W-A,0,-7.693747,0.12502248585224152,0.8475610017776489,0.593170702457428
YLR427W,YNL151C,0,-7.693771,0.125,0.8475610017776489,0.5932926535606384
YIL132C,YLR430W,0,-7.694003,0.12497752159833908,0.8475610017776489,0.5934146046638489
YKL135C,YLR221C,0,-7.6944594,0.12495505064725876,0.8475610017776489,0.5935365557670593
YKL170W,YOR208W,0,-7.6950326,0.12493258714675903,0.8475610017776489,0.5936585068702698
YGR124W,YJL025W,0,-7.695143,0.1249101385474205,0.8475610017776489,0.593780517578125
YGL130W,YNL213C,0,-7.6952615,0.12488768994808197,0.8475610017776489,0.5939024686813354
YHR076W,YML127W,0,-7.695266,0.12486525624990463,0.8475610017776489,0.5940244197845459
YKL190W,YJL118W,0,-7.695283,0.1248428225517273,0.8475610017776489,0.5941463708877563
YFL011W-A,YBR279W,0,-7.6957326,0.12482040375471115,0.8475610017776489,0.5942683219909668
YPR017C,YOR285W,0,-7.6957417,0.1247979924082756,0.8475610017776489,0.5943902730941772
YNR020C,YMR247C,0,-7.6961946,0.12477558106184006,0.8475610017776489,0.5945122241973877
YNL110C,YNL081C,0,-7.696433,0.1247531846165657,0.8475610017776489,0.5946341753005981
YOR036W,YGR144W,0,-7.696663,0.12473079562187195,0.8475610017776489,0.5947561264038086
YDL123W,YBR028C,0,-7.6969175,0.12470841407775879,0.8475610017776489,0.594878077507019
YOR250C,YOR119C,0,-7.69696,0.12468603998422623,0.8475610017776489,0.5950000286102295
YKL117W,YCL069W,0,-7.697054,0.12466368079185486,0.8475610017776489,0.5951219797134399
YMR246W,YDR176W,1,-7.6970916,0.12482065707445145,0.8487805128097534,0.5951219797134399
YNL112W,YCL062W,0,-7.697263,0.12479827553033829,0.8487805128097534,0.5952439308166504
YFR015C,YLR373C,0,-7.697272,0.12477590888738632,0.8487805128097534,0.5953658819198608
YDR429C,YLR194C,0,-7.6975384,0.12475354224443436,0.8487805128097534,0.5954878330230713
YPL022W,YKL077W,0,-7.6977844,0.12473118305206299,0.8487805128097534,0.5956097841262817
YHR201C,YHR069C,0,-7.6978025,0.12470883131027222,0.8487805128097534,0.5957317352294922
YDR077W,YDR086C,0,-7.697974,0.12468649446964264,0.8487805128097534,0.5958536863327026
YDR021W,YPL002C,0,-7.6984673,0.12466415762901306,0.8487805128097534,0.5959756374359131
YOR330C,YPR097W,0,-7.6987877,0.12464183568954468,0.8487805128097534,0.5960975885391235
YJL111W,YIL017W,0,-7.6996164,0.1246195137500763,0.8487805128097534,0.596219539642334
YPR101W,YCL062W,0,-7.69974,0.1245972067117691,0.8487805128097534,0.5963414907455444
YJL219W,YER019W,0,-7.7000213,0.12457490712404251,0.8487805128097534,0.5964634418487549
YPR120C,YHR059W,0,-7.700078,0.12455261498689651,0.8487805128097534,0.5965853929519653
YBR248C,YML107C,0,-7.7002687,0.12453033030033112,0.8487805128097534,0.5967073440551758
YBL113C,YML037C,0,-7.7003193,0.12450805306434631,0.8487805128097534,0.5968292951583862
YPL075W,YKR099C-A,0,-7.7003794,0.12448578327894211,0.8487805128097534,0.5969512462615967
YMR188C,YOR162C,0,-7.7007093,0.1244635209441185,0.8487805128097534,0.5970731973648071
YJL121C,YPL158C,0,-7.701498,0.12444126605987549,0.8487805128097534,0.5971951484680176
YER036C,YFL029C,0,-7.701641,0.12441901862621307,0.8487805128097534,0.597317099571228
YBR159W,YBR117C,0,-7.702039,0.12439678609371185,0.8487805128097534,0.5974390506744385
YLR405W,YHR039C-B,0,-7.7020555,0.12437455356121063,0.8487805128097534,0.5975610017776489
YNL021W,YLR355C,0,-7.702075,0.12435232847929001,0.8487805128097534,0.5976829528808594
YDR452W,YGR085C,0,-7.7023535,0.12433011829853058,0.8487805128097534,0.5978049039840698
YFL050C,YFR025C,0,-7.7025433,0.12430791556835175,0.8487805128097534,0.5979268550872803
YML038C,YMR050C,0,-7.7032022,0.12428571283817291,0.8487805128097534,0.5980488061904907
YHR211W,YOR190W,0,-7.703232,0.12426352500915527,0.8487805128097534,0.5981707572937012
YFR052W,YPR063C,0,-7.7044497,0.12424134463071823,0.8487805128097534,0.5982927083969116
YNL087W,YMR268W-A,0,-7.704768,0.12421917170286179,0.8487805128097534,0.5984146595001221
YOR335C,YKL013C,0,-7.705041,0.12419699877500534,0.8487805128097534,0.5985366106033325
YBR286W,YGR109C,0,-7.7051153,0.12417484074831009,0.8487805128097534,0.598658561706543
YLR342W,YDR479C,0,-7.705375,0.12415269017219543,0.8487805128097534,0.5987805128097534
YDR420W,YHR037W,0,-7.7056117,0.12413055449724197,0.8487805128097534,0.5989024639129639
YPL024W,YCR073C,0,-7.705915,0.12410841882228851,0.8487805128097534,0.5990244150161743
YOR371C,YMR226C,0,-7.7059784,0.12408629059791565,0.8487805128097534,0.5991463661193848
YNR035C,YFL011W-A,0,-7.7066755,0.12406416982412338,0.8487805128097534,0.5992683172225952
YOL139C,YEL061C,0,-7.707123,0.12404206395149231,0.8487805128097534,0.5993902683258057
YDL024C,YDR026C,0,-7.7071867,0.12401995807886124,0.8487805128097534,0.5995122194290161
YMR165C,YHL007C,0,-7.707201,0.12399785965681076,0.8487805128097534,0.5996341705322266
YHR107C,YKR053C,0,-7.707783,0.12397577613592148,0.8487805128097534,0.599756121635437
YHR063C,YJR133W,0,-7.707872,0.1239536926150322,0.8487805128097534,0.5998780727386475
YDR146C,YLR064W,0,-7.70813,0.12393162399530411,0.8487805128097534,0.6000000238418579
YIL022W,YIL083C,0,-7.708177,0.12390956282615662,0.8487805128097534,0.6001219749450684
YOL126C,YDR065W,0,-7.7082243,0.12388750165700912,0.8487805128097534,0.6002439260482788
YGR174C,YPR078C,0,-7.708479,0.12386545538902283,0.8487805128097534,0.6003658771514893
YBR009C,YPR002W,0,-7.7085247,0.12384341657161713,0.8487805128097534,0.6004878282546997
YJR094C,YKL212W,0,-7.7085295,0.12382138520479202,0.8487805128097534,0.6006097793579102
YML027W,YGL157W,0,-7.7091503,0.12379936128854752,0.8487805128097534,0.6007317304611206
YMR276W,YNR054C,0,-7.7094507,0.1237773448228836,0.8487805128097534,0.600853681564331
YNR072W,YDR367W,0,-7.7099013,0.12375533580780029,0.8487805128097534,0.6009756326675415
YBL072C,YGR271W,0,-7.7101164,0.12373333424329758,0.8487805128097534,0.601097583770752
YOR103C,YPR041W,0,-7.710191,0.12371134012937546,0.8487805128097534,0.6012195348739624
YLR131C,YBL005W-A,0,-7.710249,0.12368935346603394,0.8487805128097534,0.6013414859771729
YGL025C,YML037C,0,-7.7103786,0.12366737425327301,0.8487805128097534,0.6014634370803833
YMR202W,YJR022W,0,-7.7109537,0.12364540994167328,0.8487805128097534,0.6015853881835938
YDR173C,YKL088W,0,-7.711058,0.12362344563007355,0.8487805128097534,0.6017073392868042
YJR041C,YLR130C,0,-7.711361,0.12360148876905441,0.8487805128097534,0.6018292903900146
YJL179W,YGR132C,0,-7.711732,0.12357954680919647,0.8487805128097534,0.6019512414932251
YEL031W,YPR204W,0,-7.7120547,0.12355760484933853,0.8487805128097534,0.6020731925964355
YKL032C,YBR012W-B,0,-7.712262,0.12353567779064178,0.8487805128097534,0.602195143699646
YKL132C,YJR129C,0,-7.712571,0.12351375073194504,0.8487805128097534,0.6023170948028564
YDR519W,YIR003W,0,-7.712679,0.12349183857440948,0.8487805128097534,0.6024390459060669
YLR353W,YAL033W,0,-7.712743,0.12346993386745453,0.8487805128097534,0.6025609970092773
YGL046W,YJL168C,0,-7.712908,0.12344802916049957,0.8487805128097534,0.6026829481124878
YMR274C,YNL208W,0,-7.712925,0.12342613935470581,0.8487805128097534,0.6028048992156982
YPL096C-A,YCR058C,0,-7.712981,0.12340425699949265,0.8487805128097534,0.6029268503189087
YGR142W,YER061C,0,-7.7131414,0.12338238209486008,0.8487805128097534,0.6030488014221191
YDR245W,YOR243C,0,-7.7132654,0.12336050719022751,0.8487805128097534,0.6031707525253296
YDR306C,YOR060C,0,-7.713441,0.12333864718675613,0.8487805128097534,0.60329270362854
YHR067W,YJR028W,0,-7.713538,0.12331679463386536,0.8487805128097534,0.6034146547317505
YBR088C,YMR233W,0,-7.713601,0.12329494953155518,0.8487805128097534,0.6035366058349609
YKL150W,YBR258C,0,-7.7136335,0.12327311187982559,0.8487805128097534,0.6036585569381714
YGR158C,YIL122W,0,-7.7138076,0.1232512816786766,0.8487805128097534,0.6037805080413818
YKL150W,YOR270C,0,-7.71434,0.12322945892810822,0.8487805128097534,0.6039024591445923
YIL009W,YOL110W,1,-7.7144194,0.12338466942310333,0.8500000238418579,0.6039024591445923
YGL256W,YML085C,0,-7.7150097,0.12336283177137375,0.8500000238418579,0.6040244102478027
YML033W,YGL104C,0,-7.715022,0.12334100157022476,0.8500000238418579,0.6041463613510132
YER014C-A,YBR049C,0,-7.71513,0.12331917881965637,0.8500000238418579,0.6042683124542236
YML129C,YCL062W,0,-7.715187,0.12329736351966858,0.8500000238418579,0.6043902635574341
YHR101C,YPL020C,0,-7.7152405,0.12327555567026138,0.8500000238418579,0.6045122146606445
YOR240W,YNL243W,0,-7.7154884,0.12325375527143478,0.8500000238418579,0.604634165763855
YOR117W,YLR022C,0,-7.7155423,0.12323196977376938,0.8500000238418579,0.6047561168670654
YDL040C,YOL003C,1,-7.715742,0.12338695675134659,0.8512195348739624,0.6047561168670654
YKL004W,YDR113C,0,-7.7158084,0.12336514890193939,0.8512195348739624,0.6048780679702759
YMR015C,YMR210W,0,-7.716345,0.12334334850311279,0.8512195348739624,0.6050000190734863
YLR223C,YIL173W,0,-7.7166057,0.12332155555486679,0.8512195348739624,0.6051219701766968
YHR183W,YML095C,0,-7.7166843,0.12329977005720139,0.8512195348739624,0.6052439212799072
YJR121W,YBR016W,0,-7.7170935,0.12327799201011658,0.8512195348739624,0.6053658723831177
YFL010W-A,YBL061C,0,-7.717563,0.12325622141361237,0.8512195348739624,0.6054878234863281
YGL200C,YER029C,0,-7.717856,0.12323446571826935,0.8512195348739624,0.6056097745895386
YOR240W,YIL019W,0,-7.717946,0.12321271002292633,0.8512195348739624,0.605731725692749
YNL073W,YJR159W,0,-7.718008,0.12319096177816391,0.8512195348739624,0.6058536767959595
YHL011C,YLR337W,0,-7.718046,0.12316922843456268,0.8512195348739624,0.6059756278991699
YDR101C,YLR132C,0,-7.718531,0.12314749509096146,0.8512195348739624,0.6060975790023804
YLR423C,YFL010W-A,0,-7.7186193,0.12312576919794083,0.8512195348739624,0.6062195301055908
YIL036W,YKL063C,0,-7.7188215,0.12310405820608139,0.8512195348739624,0.6063414812088013
YHR030C,YOR179C,0,-7.7199144,0.12308234721422195,0.8512195348739624,0.6064634323120117
YOR240W,YHR102W,0,-7.7200403,0.12306065112352371,0.8512195348739624,0.6065853834152222
YNL270C,YNL139C,0,-7.7203026,0.12303895503282547,0.8512195348739624,0.6067073345184326
YKR099C-A,YEL040W,0,-7.720869,0.12301727384328842,0.8512195348739624,0.6068292856216431
YJL097W,YNL092W,0,-7.7212806,0.12299559265375137,0.8512195348739624,0.6069512367248535
YOR375C,YGL010W,0,-7.7214127,0.12297392636537552,0.8512195348739624,0.607073187828064
YML114C,YAL002W,0,-7.721486,0.12295226007699966,0.8512195348739624,0.6071951389312744
YLR016C,YIL127C,0,-7.72157,0.122930608689785,0.8512195348739624,0.6073170900344849
YAR003W,YGR287C,0,-7.722389,0.12290896475315094,0.8512195348739624,0.6074390411376953
YKL117W,YPL253C,0,-7.7226295,0.12288732081651688,0.8512195348739624,0.6075609922409058
YIL131C,YPR081C,0,-7.722954,0.122865691781044,0.8512195348739624,0.6076829433441162
YLL035W,YPL033C,0,-7.723036,0.12284407019615173,0.8512195348739624,0.6078048944473267
YKL007W,YOL119C,0,-7.7234426,0.12282245606184006,0.8512195348739624,0.6079268455505371
YBR009C,YKL088W,0,-7.7240167,0.12280084192752838,0.8512195348739624,0.6080487966537476
YER088C,YML015C,0,-7.726527,0.1227792426943779,0.8512195348739624,0.608170747756958
YOR185C,YOR284W,0,-7.7265844,0.12275765091180801,0.8512195348739624,0.6082926988601685
YAL008W,YLR007W,0,-7.726636,0.12273606657981873,0.8512195348739624,0.6084146499633789
YBR210W,YOL091W,0,-7.726679,0.12271448969841003,0.8512195348739624,0.6085366010665894
YCL039W,YDR198C,0,-7.7268405,0.12269291281700134,0.8512195348739624,0.6086585521697998
YIL101C,YLR467W,0,-7.7268457,0.12267135083675385,0.8512195348739624,0.6087805032730103
YJR047C,YDR424C,0,-7.726899,0.12264979630708694,0.8512195348739624,0.6089024543762207
YBR158W,YML045W,0,-7.7269897,0.12262824922800064,0.8512195348739624,0.6090244054794312
YGR062C,YDR219C,0,-7.727001,0.12260670959949493,0.8512195348739624,0.6091463565826416
YKL152C,YDL039C,0,-7.7272043,0.12258517742156982,0.8512195348739624,0.609268307685852
YNR017W,YOL107W,0,-7.7275157,0.12256365269422531,0.8512195348739624,0.6093902587890625
YLR405W,YCR080W,0,-7.7277145,0.1225421354174614,0.8512195348739624,0.609512209892273
YJL021C,YDR080W,0,-7.727789,0.12252062559127808,0.8512195348739624,0.6096341609954834
YLR058C,YNR004W,0,-7.7278714,0.12249912321567535,0.8512195348739624,0.6097561120986938
YBR098W,YLL012W,0,-7.7281933,0.12247762829065323,0.8512195348739624,0.6098780632019043
YAL054C,YBL052C,1,-7.7283545,0.12263157963752747,0.8524390459060669,0.6098780632019043
YOR161C,YOR194C,0,-7.7285857,0.12261006981134415,0.8524390459060669,0.6100000143051147
YMR316W,YOR324C,0,-7.728878,0.12258856743574142,0.8524390459060669,0.6101219654083252
YGL113W,YKL075C,0,-7.729304,0.1225670725107193,0.8524390459060669,0.6102439165115356
YOL033W,YAL033W,0,-7.7294683,0.12254558503627777,0.8524390459060669,0.6103658676147461
YNL003C,YFL035C-B,0,-7.729741,0.12252410501241684,0.8524390459060669,0.6104878187179565
YNL278W,YOR260W,0,-7.7299323,0.1225026324391365,0.8524390459060669,0.610609769821167
YHL011C,YGL158W,0,-7.730261,0.12248115986585617,0.8524390459060669,0.6107317209243774
YDL150W,YBR216C,0,-7.7313685,0.12245970219373703,0.8524390459060669,0.6108536720275879
YOR377W,YBR284W,0,-7.73148,0.12243825197219849,0.8524390459060669,0.6109756231307983
YJR160C,YLR050C,0,-7.731645,0.12241680920124054,0.8524390459060669,0.6110975742340088
YPL249C-A,YLR298C,0,-7.731682,0.12239537388086319,0.8524390459060669,0.6112195253372192
YLR192C,YML001W,0,-7.731736,0.12237394601106644,0.8524390459060669,0.6113414764404297
YHR088W,YDR057W,0,-7.7319775,0.12235253304243088,0.8524390459060669,0.6114634275436401
YGL257C,YHR039C-B,0,-7.7323627,0.12233112007379532,0.8524390459060669,0.6115853786468506
YDL100C,YBR181C,0,-7.7324038,0.12230971455574036,0.8524390459060669,0.611707329750061
YJR005W,YDL181W,0,-7.7326593,0.12228831648826599,0.8524390459060669,0.6118292808532715
YKR099W,YEL002C,0,-7.7328777,0.12226692587137222,0.8524390459060669,0.6119512319564819
YOR101W,YML043C,0,-7.732879,0.12224554270505905,0.8524390459060669,0.6120731830596924
YGL013C,YBR073W,0,-7.73308,0.12222416698932648,0.8524390459060669,0.6121951341629028
YDR284C,YLL026W,0,-7.7331195,0.1222027987241745,0.8524390459060669,0.6123170852661133
YGL238W,YJL216C,0,-7.7331395,0.12218143790960312,0.8524390459060669,0.6124390363693237
YER026C,YER001W,0,-7.733736,0.12216008454561234,0.8524390459060669,0.6125609874725342
YFR024C,YBR111W-A,0,-7.733901,0.12213873863220215,0.8524390459060669,0.6126829385757446
YBR245C,YGR277C,0,-7.734414,0.12211740016937256,0.8524390459060669,0.6128048896789551
YFL035C,YNL251C,0,-7.735143,0.12209606915712357,0.8524390459060669,0.6129268407821655
YMR219W,YLR337W,0,-7.735161,0.12207474559545517,0.8524390459060669,0.613048791885376
YJL021C,YPL059W,0,-7.7351847,0.12205342948436737,0.8524390459060669,0.6131707429885864
YDR001C,YLR337W,0,-7.735322,0.12203212082386017,0.8524390459060669,0.6132926940917969
YGL084C,YLR029C,0,-7.7355185,0.12201081961393356,0.8524390459060669,0.6134146451950073
YKR007W,YDR170W-A,0,-7.73553,0.12198952585458755,0.8524390459060669,0.6135365962982178
YOR193W,YLR126C,0,-7.735891,0.12196823954582214,0.8524390459060669,0.6136585474014282
YLR246W,YOR317W,1,-7.7359276,0.1221214234828949,0.8536585569381714,0.6136585474014282
YOR317W,YGL112C,1,-7.7362394,0.12227454781532288,0.8548780679702759,0.6136585474014282
YDR281C,YGR234W,0,-7.7366223,0.12225322425365448,0.8548780679702759,0.6137804985046387
YDL007W,YIL168W,0,-7.736758,0.12223190814256668,0.8548780679702759,0.6139024496078491
YER069W,YOR151C,0,-7.736809,0.12221059948205948,0.8548780679702759,0.6140244007110596
YMR120C,YBL040C,0,-7.73711,0.12218929827213287,0.8548780679702759,0.61414635181427
YLR216C,YML033W,0,-7.737583,0.12216800451278687,0.8548780679702759,0.6142683029174805
YDL088C,YMR199W,0,-7.737605,0.12214671820402145,0.8548780679702759,0.6143902540206909
YCL030C,YFR040W,0,-7.738006,0.12212543189525604,0.8548780679702759,0.6145122051239014
YOR030W,YIL177C,0,-7.7384024,0.12210416048765182,0.8548780679702759,0.6146341562271118
YHR010W,YEL057C,0,-7.738511,0.1220828965306282,0.8548780679702759,0.6147561073303223
YOR125C,YJL113W,0,-7.7393293,0.12206164002418518,0.8548780679702759,0.6148780584335327
YKL194C,YPL144W,0,-7.739998,0.12204039096832275,0.8548780679702759,0.6150000095367432
YNL078W,YNR012W,0,-7.7401085,0.12201914936304092,0.8548780679702759,0.6151219606399536
YAL061W,YNL267W,0,-7.7401457,0.12199791520833969,0.8548780679702759,0.6152439117431641
YNL239W,YHR030C,0,-7.740571,0.12197668105363846,0.8548780679702759,0.6153658628463745
YPL104W,YML123C,0,-7.740655,0.12195546180009842,0.8548780679702759,0.615487813949585
YJR155W,YMR099C,0,-7.740656,0.12193424999713898,0.8548780679702759,0.6156097650527954
YBL082C,YOR113W,0,-7.7407846,0.12191304564476013,0.8548780679702759,0.6157317161560059
YIL088C,YGR005C,0,-7.7413983,0.12189184129238129,0.8548780679702759,0.6158536672592163
YDL198C,YPL047W,0,-7.741694,0.12187065184116364,0.8548780679702759,0.6159756183624268
YKL158W,YPL112C,0,-7.7417116,0.12184946984052658,0.8548780679702759,0.6160975694656372
YGL232W,YGR105W,0,-7.7417355,0.12182829529047012,0.8548780679702759,0.6162195205688477
YAL047C,YML033W,0,-7.7417765,0.12180712074041367,0.8548780679702759,0.6163414716720581
YDR422C,YBR241C,0,-7.7418985,0.1217859610915184,0.8548780679702759,0.6164634227752686
YDL143W,YPR005C,0,-7.741917,0.12176480889320374,0.8548780679702759,0.616585373878479
YLL018C-A,YMR160W,0,-7.7419186,0.12174366414546967,0.8548780679702759,0.6167073249816895
YEL056W,YPR193C,1,-7.7425528,0.1218961626291275,0.8560975790023804,0.6167073249816895
YCR039C,YNL301C,0,-7.7426043,0.12187500298023224,0.8560975790023804,0.6168292760848999
YGL256W,YBL050W,0,-7.742694,0.12185384333133698,0.8560975790023804,0.6169512271881104
YOL007C,YMR298W,0,-7.742731,0.1218326985836029,0.8560975790023804,0.6170731782913208
YPR134W,YLR426W,0,-7.7430654,0.12181155383586884,0.8560975790023804,0.6171951293945312
YOL130W,YCL074W,0,-7.743141,0.12179042398929596,0.8560975790023804,0.6173170804977417
YPR155C,YOL128C,0,-7.743805,0.12176929414272308,0.8560975790023804,0.6174390316009521
YLR312C-B,YJR156C,0,-7.7438374,0.1217481791973114,0.8560975790023804,0.6175609827041626
YOR299W,YBL113C,0,-7.7440305,0.12172706425189972,0.8560975790023804,0.617682933807373
YKR036C,YBR268W,0,-7.744257,0.12170596420764923,0.8560975790023804,0.6178048849105835
YLR158C,YJL036W,0,-7.744587,0.12168486416339874,0.8560975790023804,0.617926836013794
YFL024C,YOR317W,1,-7.7446575,0.1218370869755745,0.8573170900344849,0.617926836013794
YOL137W,YIL082W-A,0,-7.744907,0.12181597948074341,0.8573170900344849,0.6180487871170044
YMR300C,YHR048W,0,-7.7451706,0.12179487198591232,0.8573170900344849,0.6181707382202148
YOR328W,YNR015W,0,-7.7453423,0.12177377194166183,0.8573170900344849,0.6182926893234253
YOR181W,YJL012C-A,0,-7.745385,0.12175268679857254,0.8573170900344849,0.6184146404266357
YIR013C,YPR101W,0,-7.745496,0.12173160165548325,0.8573170900344849,0.6185365915298462
YJR053W,YER003C,0,-7.745772,0.12171052396297455,0.8573170900344849,0.6186585426330566
YHR013C,YOL110W,1,-7.745864,0.12186256051063538,0.8585366010665894,0.6186585426330566
YPR175W,YDL124W,0,-7.746188,0.12184146791696548,0.8585366010665894,0.6187804937362671
YLR153C,YJL081C,1,-7.74623,0.12199342250823975,0.8597561120986938,0.6187804937362671
YNL270C,YGL210W-A,0,-7.7465644,0.12197231501340866,0.8597561120986938,0.6189024448394775
YJR118C,YNL294C,0,-7.7466316,0.12195122241973877,0.8597561120986938,0.619024395942688
YBL061C,YNR004W,0,-7.746671,0.12193012982606888,0.8597561120986938,0.6191463470458984
YAR007C,YLR237W,0,-7.7467213,0.12190904468297958,0.8597561120986938,0.6192682981491089
YDL232W,YNL092W,0,-7.747057,0.12188796699047089,0.8597561120986938,0.6193902492523193
YBR146W,YNL092W,0,-7.7473364,0.12186689674854279,0.8597561120986938,0.6195122003555298
YBR258C,YPR097W,0,-7.7475076,0.12184583395719528,0.8597561120986938,0.6196341514587402
YAL058W,YDR262W,0,-7.74774,0.12182477861642838,0.8597561120986938,0.6197561025619507
YGL124C,YBL005W-A,0,-7.747877,0.12180373072624207,0.8597561120986938,0.6198780536651611
YMR194W,YLR001C,0,-7.747918,0.12178269028663635,0.8597561120986938,0.6200000047683716
YKL057C,YCR020C,0,-7.747958,0.12176165729761124,0.8597561120986938,0.620121955871582
YKL192C,YML043C,0,-7.7480893,0.12174063175916672,0.8597561120986938,0.6202439069747925
YER003C,YCL062W,0,-7.7483587,0.1217196136713028,0.8597561120986938,0.6203658580780029
YJL005W,YLR026C,0,-7.7483826,0.12169860303401947,0.8597561120986938,0.6204878091812134
YGR089W,YGL147C,0,-7.7486997,0.12167759984731674,0.8597561120986938,0.6206097602844238
YCL012W,YGR048W,0,-7.748865,0.12165660411119461,0.8597561120986938,0.6207317113876343
YER110C,YPL089C,0,-7.749051,0.12163560837507248,0.8597561120986938,0.6208536624908447
YHR008C,YLR237W,0,-7.7491336,0.12161462754011154,0.8597561120986938,0.6209756135940552
YDR456W,YMR229C,0,-7.7493987,0.1215936541557312,0.8597561120986938,0.6210975646972656
YGL254W,YBR093C,0,-7.7495003,0.12157268822193146,0.8597561120986938,0.6212195158004761
YCL012W,YDR351W,0,-7.7499113,0.12155172228813171,0.8597561120986938,0.6213414669036865
YKL062W,YIL084C,0,-7.750002,0.12153077125549316,0.8597561120986938,0.621463418006897
YDR101C,YAL053W,0,-7.750084,0.12150982767343521,0.8597561120986938,0.6215853691101074
YKL158W,YDR058C,0,-7.750091,0.12148888409137726,0.8597561120986938,0.6217073202133179
YLR371W,YPL012W,0,-7.750165,0.1214679554104805,0.8597561120986938,0.6218292713165283
YDR393W,YBR126C,0,-7.7503595,0.12144702672958374,0.8597561120986938,0.6219512224197388
YPR166C,YNL247W,0,-7.7504683,0.12142611294984818,0.8597561120986938,0.6220731735229492
YGR234W,YNL115C,0,-7.7507772,0.12140519917011261,0.8597561120986938,0.6221951246261597
YER141W,YPL033C,0,-7.750792,0.12138430029153824,0.8597561120986938,0.6223170757293701
YMR300C,YJR031C,0,-7.7511177,0.12136340141296387,0.8597561120986938,0.6224390268325806
YJR094C,YCL062W,0,-7.7516565,0.12134250998497009,0.8597561120986938,0.622560977935791
YDL007W,YKR099C-A,0,-7.7517962,0.12132163345813751,0.8597561120986938,0.6226829290390015
YBL032W,YPR154W,0,-7.752055,0.12130075693130493,0.8597561120986938,0.6228048801422119
YPL266W,YFR051C,0,-7.7520933,0.12127988785505295,0.8597561120986938,0.6229268312454224
YER174C,YLR045C,0,-7.7529144,0.12125902622938156,0.8597561120986938,0.6230487823486328
YOL104C,YML049C,0,-7.7529397,0.12123817950487137,0.8597561120986938,0.6231707334518433
YOR101W,YDR143C,0,-7.753085,0.12121733278036118,0.8597561120986938,0.6232926845550537
YBR189W,YHR012W,0,-7.7531915,0.12119649350643158,0.8597561120986938,0.6234146356582642
YOR035C,YKL154W,0,-7.753257,0.12117566168308258,0.8597561120986938,0.6235365867614746
YPL048W,YJR006W,0,-7.753723,0.12115483731031418,0.8597561120986938,0.6236585378646851
YER017C,YML040W,0,-7.753867,0.12113402038812637,0.8597561120986938,0.6237804889678955
YLR056W,YGL225W,0,-7.75391,0.12111321091651917,0.8597561120986938,0.623902440071106
YMR247C,YBR012W-B,0,-7.754465,0.12109240889549255,0.8597561120986938,0.6240243911743164
YKL135C,YMR136W,0,-7.7546425,0.12107161432504654,0.8597561120986938,0.6241463422775269
YMR275C,YLL032C,0,-7.7547007,0.12105082720518112,0.8597561120986938,0.6242682933807373
YOR386W,YML015C,0,-7.7548246,0.1210300400853157,0.8597561120986938,0.6243902444839478
YOL045W,YPR003C,0,-7.75502,0.12100926786661148,0.8597561120986938,0.6245121955871582
YML123C,YHL008C,0,-7.755812,0.12098850309848785,0.8597561120986938,0.6246341466903687
YMR199W,YOR305W,0,-7.7558784,0.12096773833036423,0.8597561120986938,0.6247560977935791
YMR183C,YLR050C,0,-7.755948,0.1209469884634018,0.8597561120986938,0.6248780488967896
YDR309C,YPL276W,0,-7.756009,0.12092624604701996,0.8597561120986938,0.625
YBR207W,YDR131C,0,-7.7561417,0.12090550363063812,0.8597561120986938,0.6251219511032104
YML029W,YJR026W,0,-7.756491,0.12088477611541748,0.8597561120986938,0.6252439022064209
YLR227C,YCR070W,0,-7.756546,0.12086404860019684,0.8597561120986938,0.6253658533096313
YJR074W,YJL012C-A,0,-7.757021,0.1208433285355568,0.8597561120986938,0.6254878044128418
YNL306W,YJL130C,0,-7.757186,0.12082262337207794,0.8597561120986938,0.6256097555160522
YOL130W,YPL269W,0,-7.758116,0.12080191820859909,0.8597561120986938,0.6257317066192627
YDR376W,YMR210W,0,-7.7583265,0.12078122049570084,0.8597561120986938,0.6258536577224731
YDR104C,YDR212W,0,-7.7593603,0.12076053768396378,0.8597561120986938,0.6259756088256836
YDR532C,YMR050C,0,-7.7594867,0.12073985487222672,0.8597561120986938,0.626097559928894
YHR169W,YHR205W,0,-7.760186,0.12071917951107025,0.8597561120986938,0.6262195110321045
YNL227C,YDR109C,0,-7.760247,0.12069851160049438,0.8597561120986938,0.6263414621353149
YGL105W,YOR358W,0,-7.7602606,0.12067785114049911,0.8597561120986938,0.6264634132385254
YMR138W,YOR142W,0,-7.7604795,0.12065719813108444,0.8597561120986938,0.6265853643417358
YKR036C,YDR065W,0,-7.760583,0.12063655257225037,0.8597561120986938,0.6267073154449463
YML120C,YLR126C,0,-7.7606416,0.12061591446399689,0.8597561120986938,0.6268292665481567
YNL096C,YNL243W,0,-7.7615724,0.12059527635574341,0.8597561120986938,0.6269512176513672
YLR270W,YML104C,0,-7.7618036,0.12057465314865112,0.8597561120986938,0.6270731687545776
YOL008W,YKL070W,0,-7.7619724,0.12055403739213943,0.8597561120986938,0.6271951198577881
YOR339C,YBR105C,0,-7.762063,0.12053342163562775,0.8597561120986938,0.6273170709609985
YNR032C-A,YBL005W-A,0,-7.762081,0.12051282078027725,0.8597561120986938,0.627439022064209
YLR209C,YCR062W,0,-7.762703,0.12049221992492676,0.8597561120986938,0.6275609731674194
YBR234C,YPR200C,0,-7.7631154,0.12047163397073746,0.8597561120986938,0.6276829242706299
YLR308W,YOR025W,0,-7.7632494,0.12045104801654816,0.8597561120986938,0.6278048753738403
YPR183W,YBR284W,0,-7.7633123,0.12043047696352005,0.8597561120986938,0.6279268264770508
YCR027C,YMR226C,0,-7.7634015,0.12040990591049194,0.8597561120986938,0.6280487775802612
YOR303W,YNL068C,0,-7.7636347,0.12038934230804443,0.8597561120986938,0.6281707286834717
YML080W,YPL110C,0,-7.7637744,0.12036878615617752,0.8597561120986938,0.6282926797866821
YHL036W,YBR105C,0,-7.7642694,0.1203482449054718,0.8597561120986938,0.6284146308898926
YOR261C,YGL093W,0,-7.7642946,0.12032770365476608,0.8597561120986938,0.628536581993103
YER069W,YJL012C-A,0,-7.7645807,0.12030716985464096,0.8597561120986938,0.6286585330963135
YPR171W,YOR375C,0,-7.764642,0.12028664350509644,0.8597561120986938,0.6287804841995239
YML101C,YFR001W,0,-7.7647734,0.12026611715555191,0.8597561120986938,0.6289024353027344
YPL140C,YOL124C,0,-7.7648354,0.12024560570716858,0.8597561120986938,0.6290243864059448
YBR131W,YPL141C,0,-7.76565,0.12022510170936584,0.8597561120986938,0.6291463375091553
YJR069C,YPR103W,0,-7.765794,0.12020460516214371,0.8597561120986938,0.6292682886123657
YJR138W,YOR073W,0,-7.7659445,0.12018410861492157,0.8597561120986938,0.6293902397155762
YJL014W,YNL117W,0,-7.7660036,0.12016362696886063,0.8597561120986938,0.6295121908187866
YMR257C,YDR303C,0,-7.7661448,0.12014315277338028,0.8597561120986938,0.6296341419219971
YDR312W,YJR049C,0,-7.7665024,0.12012267857789993,0.8597561120986938,0.6297560930252075
YJL030W,YCL020W,0,-7.7667904,0.12010221183300018,0.8597561120986938,0.629878044128418
YML065W,YNR048W,0,-7.766906,0.12008175998926163,0.8597561120986938,0.6299999952316284
YBR244W,YKL082C,0,-7.7669654,0.12006130814552307,0.8597561120986938,0.6301219463348389
YMR316W,YFL035C,0,-7.767131,0.12004086375236511,0.8597561120986938,0.6302438974380493
YLR231C,YMR091C,0,-7.7671723,0.12002042680978775,0.8597561120986938,0.6303658485412598
YOR349W,YCR031C,0,-7.767295,0.11999999731779099,0.8597561120986938,0.6304877996444702
YGR191W,YJR028W,0,-7.767933,0.11997957527637482,0.8597561120986938,0.6306097507476807
YIL062C,YBR090C-A,0,-7.7680454,0.11995916068553925,0.8597561120986938,0.6307317018508911
YJL121C,YHR060W,0,-7.768094,0.11993875354528427,0.8597561120986938,0.6308536529541016
YOR008C,YGR122W,0,-7.768916,0.1199183538556099,0.8597561120986938,0.630975604057312
YOL013C,YOR359W,0,-7.7694335,0.11989796161651611,0.8597561120986938,0.6310975551605225
YHR059W,YDR084C,0,-7.7697725,0.11987756937742233,0.8597561120986938,0.6312195062637329
YBR019C,YLR324W,0,-7.7700124,0.11985719203948975,0.8597561120986938,0.6313414573669434
YBR181C,YBL103C,0,-7.770133,0.11983681470155716,0.8597561120986938,0.6314634084701538
YJR160C,YPL171C,0,-7.7707376,0.11981645226478577,0.8597561120986938,0.6315853595733643
YOR150W,YNL058C,0,-7.7711267,0.11979608982801437,0.8597561120986938,0.6317073106765747
YHR026W,YAR035W,0,-7.7712545,0.11977574229240417,0.8597561120986938,0.6318292617797852
YBR026C,YOR195W,0,-7.7713604,0.11975539475679398,0.8597561120986938,0.6319512128829956
YJR078W,YBR165W,0,-7.7722054,0.11973505467176437,0.8597561120986938,0.632073163986206
YDR376W,YGL010W,0,-7.772268,0.11971472203731537,0.8597561120986938,0.6321951150894165
YER171W,YMR050C,0,-7.7729197,0.11969439685344696,0.8597561120986938,0.632317066192627
YOL077C,YDL098C,0,-7.7730174,0.11967407912015915,0.8597561120986938,0.6324390172958374
YBL099W,YER078C,0,-7.7730436,0.11965376883745193,0.8597561120986938,0.6325609683990479
YDL137W,YDR113C,0,-7.7731795,0.11963346600532532,0.8597561120986938,0.6326829195022583
YER165W,YLR119W,0,-7.773359,0.1196131631731987,0.8597561120986938,0.6328048706054688
YOL082W,YFR009W,0,-7.7734733,0.11959287524223328,0.8597561120986938,0.6329268217086792
YHR005C,YCR062W,0,-7.773619,0.11957259476184845,0.8597561120986938,0.6330487728118896
YBR155W,YLL050C,0,-7.773801,0.11955231428146362,0.8597561120986938,0.6331707239151001
YDL136W,YDR362C,0,-7.773917,0.1195320412516594,0.8597561120986938,0.6332926750183105
YPR043W,YOR069W,0,-7.774047,0.11951178312301636,0.8597561120986938,0.633414626121521
YHR013C,YFL024C,1,-7.7744884,0.11966101825237274,0.8609756231307983,0.633414626121521
YDL171C,YLR337W,0,-7.774675,0.11964073777198792,0.8609756231307983,0.6335365772247314
YDL103C,YMR122W-A,0,-7.774806,0.11962046474218369,0.8609756231307983,0.6336585283279419
YDR421W,YML093W,0,-7.775096,0.11960020661354065,0.8609756231307983,0.6337804794311523
YDR175C,YLL040C,0,-7.7752175,0.11957994848489761,0.8609756231307983,0.6339024305343628
YDR383C,YLL034C,0,-7.7754636,0.11955969780683517,0.8609756231307983,0.6340243816375732
YIR033W,YOR137C,0,-7.7756014,0.11953945457935333,0.8609756231307983,0.6341463327407837
YER015W,YLL002W,1,-7.7766747,0.1196885034441948,0.8621951341629028,0.6341463327407837
YDR116C,YMR226C,0,-7.776826,0.11966824531555176,0.8621951341629028,0.6342682838439941
YJR156C,YDR213W,0,-7.777648,0.11964799463748932,0.8621951341629028,0.6343902349472046
YKL139W,YPL158C,0,-7.777673,0.11962775141000748,0.8621951341629028,0.634512186050415
YKL217W,YGR277C,0,-7.777981,0.11960750818252563,0.8621951341629028,0.6346341371536255
YKL120W,YER090W,0,-7.778162,0.11958727985620499,0.8621951341629028,0.6347560882568359
YLR116W,YDL136W,0,-7.7782598,0.11956705898046494,0.8621951341629028,0.6348780393600464
YOL152W,YPR011C,0,-7.7785873,0.11954683810472488,0.8621951341629028,0.6349999904632568
YCL020W,YCR061W,0,-7.7786436,0.11952662467956543,0.8621951341629028,0.6351219415664673
YHR147C,YMR004W,0,-7.7790174,0.11950642615556717,0.8621951341629028,0.6352438926696777
YBR176W,YKL138C-A,0,-7.7792835,0.11948622763156891,0.8621951341629028,0.6353658437728882
YOR335C,YCR045C,0,-7.779291,0.11946603655815125,0.8621951341629028,0.6354877948760986
YDR410C,YMR122W-A,0,-7.779409,0.11944585293531418,0.8621951341629028,0.6356097459793091
YLR070C,YGR277C,0,-7.7795625,0.11942567676305771,0.8621951341629028,0.6357316970825195
YNL067W,YLR166C,0,-7.779726,0.11940550804138184,0.8621951341629028,0.63585364818573
YHR150W,YLR035C-A,0,-7.780145,0.11938533931970596,0.8621951341629028,0.6359755992889404
YOL043C,YLR050C,0,-7.7812943,0.11936518549919128,0.8621951341629028,0.6360975503921509
YPR169W,YER021W,0,-7.781375,0.1193450391292572,0.8621951341629028,0.6362195014953613
YOR383C,YOL155C,0,-7.7817707,0.11932489275932312,0.8621951341629028,0.6363414525985718
YBR090C-A,YBR105C,0,-7.7822847,0.11930476129055023,0.8621951341629028,0.6364634037017822
YAR050W,YAL044C,0,-7.782573,0.11928462982177734,0.8621951341629028,0.6365853548049927
YPL275W,YDL240W,0,-7.783162,0.11926450580358505,0.8621951341629028,0.6367073059082031
YLR009W,YDR041W,0,-7.7835407,0.11924438923597336,0.8621951341629028,0.6368292570114136
YOR123C,YLR441C,0,-7.7837515,0.11922428011894226,0.8621951341629028,0.636951208114624
YBR146W,YCL057W,0,-7.783995,0.11920417845249176,0.8621951341629028,0.6370731592178345
YPL234C,YOR285W,0,-7.784009,0.11918408423662186,0.8621951341629028,0.6371951103210449
YBR034C,YEL043W,0,-7.7840776,0.11916399747133255,0.8621951341629028,0.6373170614242554
YIL132C,YGR152C,0,-7.7841783,0.11914391815662384,0.8621951341629028,0.6374390125274658
YJL021C,YIL097W,0,-7.785192,0.11912383884191513,0.8621951341629028,0.6375609636306763
YBR038W,YAR071W,0,-7.7858286,0.11910377442836761,0.8621951341629028,0.6376829147338867
YDR351W,YOR073W,0,-7.785901,0.1190837100148201,0.8621951341629028,0.6378048658370972
YGR057C,YPR114W,0,-7.7859473,0.11906366050243378,0.8621951341629028,0.6379268169403076
YOR142W,YLR020C,0,-7.786059,0.11904361099004745,0.8621951341629028,0.6380487680435181
YJL051W,YMR043W,0,-7.7865505,0.11902356892824173,0.8621951341629028,0.6381707191467285
YKL064W,YPR121W,0,-7.787117,0.1190035343170166,0.8621951341629028,0.638292670249939
YDL243C,YBR038W,0,-7.7873373,0.11898350715637207,0.8621951341629028,0.6384146213531494
YJL172W,YML069W,0,-7.7873573,0.11896348744630814,0.8621951341629028,0.6385365724563599
YLR074C,YKR083C,0,-7.787523,0.1189434751868248,0.8621951341629028,0.6386585235595703
YIR041W,YNL334C,0,-7.7876053,0.11892346292734146,0.8621951341629028,0.6387804746627808
YLL026W,YDR088C,0,-7.787653,0.11890346556901932,0.8621951341629028,0.6389024257659912
YGR206W,YNL151C,0,-7.7878275,0.11888346821069717,0.8621951341629028,0.6390243768692017
YBR245C,YDR470C,0,-7.78802,0.11886348575353622,0.8621951341629028,0.6391463279724121
YJR078W,YDR434W,0,-7.788181,0.11884350329637527,0.8621951341629028,0.6392682790756226
YLR268W,YJR129C,0,-7.7885265,0.11882352828979492,0.8621951341629028,0.639390230178833
YOR101W,YJR156C,0,-7.7885695,0.11880356073379517,0.8621951341629028,0.6395121812820435
YBL056W,YER075C,0,-7.788862,0.11878360062837601,0.8621951341629028,0.6396341323852539
YGL029W,YGR075C,0,-7.789045,0.11876364797353745,0.8621951341629028,0.6397560834884644
YKL199C,YNL301C,0,-7.7891765,0.11874370276927948,0.8621951341629028,0.6398780345916748
YNL286W,YHR072W,0,-7.789264,0.11872376501560211,0.8621951341629028,0.6399999856948853
YCL003W,YFR005C,0,-7.7894053,0.11870382726192474,0.8621951341629028,0.6401219367980957
YDR121W,YDL119C,0,-7.7897334,0.11868390440940857,0.8621951341629028,0.6402438879013062
YMR272C,YNR004W,0,-7.7902026,0.1186639815568924,0.8621951341629028,0.6403658390045166
YPL058C,YPL010W,0,-7.791029,0.11864406615495682,0.8621951341629028,0.640487790107727
YNL301C,YLR305C,0,-7.7911468,0.11862415820360184,0.8621951341629028,0.6406097412109375
YNR059W,YBR186W,0,-7.7917595,0.11860425770282745,0.8621951341629028,0.640731692314148
YMR309C,YJL143W,0,-7.792026,0.11858436465263367,0.8621951341629028,0.6408536434173584
YKR034W,YDR381W,0,-7.792671,0.11856447905302048,0.8621951341629028,0.6409755945205688
YLR303W,YOR175C,0,-7.7929325,0.11854460090398788,0.8621951341629028,0.6410975456237793
YLR181C,YNL208W,0,-7.793027,0.11852473020553589,0.8621951341629028,0.6412194967269897
YMR129W,YML043C,0,-7.7930756,0.11850485950708389,0.8621951341629028,0.6413414478302002
YPR051W,YOR064C,1,-7.7932158,0.1186525896191597,0.8634146451950073,0.6413414478302002
YIL129C,YNL092W,0,-7.7934117,0.1186327114701271,0.8634146451950073,0.6414633989334106
YMR290C,YDR225W,0,-7.79397,0.11861283332109451,0.8634146451950073,0.6415853500366211
YDR270W,YNL261W,0,-7.793975,0.11859296262264252,0.8634146451950073,0.6417073011398315
YJL089W,YPL225W,0,-7.794159,0.11857310682535172,0.8634146451950073,0.641829252243042
YDL095W,YHR001W-A,0,-7.794304,0.11855325102806091,0.8634146451950073,0.6419512033462524
YML023C,YHR203C,0,-7.7945004,0.11853340268135071,0.8634146451950073,0.6420731544494629
YMR323W,YAL032C,0,-7.7947364,0.1185135617852211,0.8634146451950073,0.6421951055526733
YKL142W,YNL087W,0,-7.7947464,0.11849372088909149,0.8634146451950073,0.6423170566558838
YNL153C,YMR050C,0,-7.795149,0.11847389489412308,0.8634146451950073,0.6424390077590942
YML075C,YLL032C,0,-7.7951727,0.11845407634973526,0.8634146451950073,0.6425609588623047
YOR245C,YPL157W,0,-7.7955484,0.11843425780534744,0.8634146451950073,0.6426829099655151
YAL054C,YNL326C,1,-7.795678,0.11858170479536057,0.8646341562271118,0.6426829099655151
YDR402C,YIR015W,0,-7.7958546,0.11856187134981155,0.8646341562271118,0.6428048610687256
YNL068C,YPR005C,0,-7.796196,0.11854205280542374,0.8646341562271118,0.642926812171936
YOR206W,YER029C,0,-7.796438,0.11852223426103592,0.8646341562271118,0.6430487632751465
YLR095C,YHL012W,0,-7.7964783,0.1185024231672287,0.8646341562271118,0.6431707143783569
YGR006W,YBR271W,0,-7.7967176,0.11848261952400208,0.8646341562271118,0.6432926654815674
YHR170W,YPL032C,0,-7.7969184,0.11846282333135605,0.8646341562271118,0.6434146165847778
YPL268W,YLL011W,0,-7.7975225,0.11844303458929062,0.8646341562271118,0.6435365676879883
YAL029C,YLR346C,0,-7.7977943,0.11842325329780579,0.8646341562271118,0.6436585187911987
YCR089W,YKL027W,0,-7.798029,0.11840347200632095,0.8646341562271118,0.6437804698944092
YJL140W,YDL124W,0,-7.798128,0.11838370561599731,0.8646341562271118,0.6439024209976196
YBR290W,YGR272C,0,-7.798186,0.11836393922567368,0.8646341562271118,0.6440243721008301
YPR125W,YHR138C,0,-7.798188,0.11834418028593063,0.8646341562271118,0.6441463232040405
YNL128W,YDR056C,0,-7.798874,0.11832443624734879,0.8646341562271118,0.644268274307251
YOR005C,YPL236C,0,-7.799224,0.11830469220876694,0.8646341562271118,0.6443902254104614
YCR086W,YJL164C,0,-7.799225,0.11828494817018509,0.8646341562271118,0.6445121765136719
YDL198C,YGL210W-A,0,-7.7994256,0.11826521903276443,0.8646341562271118,0.6446341276168823
YDR311W,YPR096C,0,-7.799544,0.11824549734592438,0.8646341562271118,0.6447560787200928
YLL002W,YOR064C,1,-7.799689,0.11839252710342407,0.8658536672592163,0.6447560787200928
YGL191W,YBR054W,0,-7.7997804,0.11837279051542282,0.8658536672592163,0.6448780298233032
YDR524C,YPL127C,0,-7.799933,0.11835306137800217,0.8658536672592163,0.6449999809265137
YBR195C,YGL053W,0,-7.7999816,0.11833333224058151,0.8658536672592163,0.6451219320297241
YNL315C,YGL259W,0,-7.8000197,0.11831361800432205,0.8658536672592163,0.6452438831329346
YMR150C,YKL006W,0,-7.8008347,0.11829390376806259,0.8658536672592163,0.645365834236145
YOL126C,YJL078C,0,-7.800911,0.11827419698238373,0.8658536672592163,0.6454877853393555
YNL214W,YPR097W,0,-7.8014107,0.11825449764728546,0.8658536672592163,0.6456097364425659
YGR023W,YPL147W,0,-7.8020973,0.11823480576276779,0.8658536672592163,0.6457316875457764
YER088C,YMR175W,0,-7.802105,0.11821512132883072,0.8658536672592163,0.6458536386489868
YGL238W,YKL199C,0,-7.8022537,0.11819543689489365,0.8658536672592163,0.6459755897521973
YDR270W,YHR012W,0,-7.802266,0.11817576736211777,0.8658536672592163,0.6460975408554077
YJR093C,YJR026W,0,-7.802306,0.11815609782934189,0.8658536672592163,0.6462194919586182
YOL113W,YFL002W-A,0,-7.802334,0.1181364357471466,0.8658536672592163,0.6463414430618286
YJR144W,YKR060W,0,-7.8023343,0.11811678856611252,0.8658536672592163,0.6464633941650391
YFL011W-A,YPL231W,0,-7.8024735,0.11809714138507843,0.8658536672592163,0.6465853452682495
YGR227W,YPR011C,0,-7.802579,0.11807750165462494,0.8658536672592163,0.64670729637146
YER038C,YFL059W,0,-7.802805,0.11805786192417145,0.8658536672592163,0.6468292474746704
YMR229C,YGR203W,0,-7.8031006,0.11803823709487915,0.8658536672592163,0.6469511985778809
YMR056C,YLR378C,0,-7.803714,0.11801861971616745,0.8658536672592163,0.6470731496810913
YML123C,YLR025W,0,-7.8037357,0.11799900233745575,0.8658536672592163,0.6471951007843018
YBR185C,YGR260W,0,-7.803741,0.11797939240932465,0.8658536672592163,0.6473170518875122
YPR047W,YEL048C,0,-7.804344,0.11795979738235474,0.8658536672592163,0.6474390029907227
YDL017W,YFL002W-A,0,-7.804567,0.11794020235538483,0.8658536672592163,0.6475609540939331
YOR122C,YPR156C,0,-7.80459,0.11792061477899551,0.8658536672592163,0.6476829051971436
YLR203C,YDL084W,0,-7.8048763,0.1179010272026062,0.8658536672592163,0.647804856300354
YJL002C,YMR257C,0,-7.8049154,0.11788145452737808,0.8658536672592163,0.6479268074035645
YML046W,YHR138C,0,-7.8050947,0.11786188930273056,0.8658536672592163,0.6480487585067749
YBR222C,YGR221C,0,-7.805135,0.11784232407808304,0.8658536672592163,0.6481707096099854
YHR047C,YKL181W,0,-7.8052063,0.11782276630401611,0.8658536672592163,0.6482926607131958
YJR125C,YOL041C,0,-7.8060617,0.11780321598052979,0.8658536672592163,0.6484146118164062
YBR164C,YLR160C,0,-7.8065844,0.11778367310762405,0.8658536672592163,0.6485365629196167
YLR066W,YPR096C,0,-7.8066883,0.11776413768529892,0.8658536672592163,0.6486585140228271
YFL034C-A,YEL043W,0,-7.8067546,0.11774460971355438,0.8658536672592163,0.6487804651260376
YBR114W,YAR008W,0,-7.807213,0.11772508919239044,0.8658536672592163,0.648902416229248
YCR035C,YBR037C,0,-7.807454,0.1177055686712265,0.8658536672592163,0.6490243673324585
YMR177W,YBR093C,0,-7.8075304,0.11768606305122375,0.8658536672592163,0.649146318435669
YDR083W,YOR019W,0,-7.807587,0.11766655743122101,0.8658536672592163,0.6492682695388794
YOR347C,YJR086W,0,-7.808028,0.11764705926179886,0.8658536672592163,0.6493902206420898
YHR178W,YLR035C-A,0,-7.8081427,0.1176275685429573,0.8658536672592163,0.6495121717453003
YBR221C,YLR466W,0,-7.8081713,0.11760808527469635,0.8658536672592163,0.6496341228485107
YHR010W,YLR337W,0,-7.808367,0.1175886020064354,0.8658536672592163,0.6497560739517212
YER070W,YEL020W-A,0,-7.808527,0.11756913363933563,0.8658536672592163,0.6498780250549316
YBR065C,YCL043C,0,-7.808712,0.11754966527223587,0.8658536672592163,0.6499999761581421
YER168C,YBR045C,0,-7.8087964,0.1175302118062973,0.8658536672592163,0.6501219272613525
YNL071W,YJR026W,0,-7.808825,0.11751075834035873,0.8658536672592163,0.650243878364563
YFL035C,YLR209C,0,-7.808844,0.11749131232500076,0.8658536672592163,0.6503658294677734
YNL201C,YOR287C,0,-7.8089757,0.11747187376022339,0.8658536672592163,0.6504877805709839
YDL226C,YDL171C,0,-7.8091702,0.11745244264602661,0.8658536672592163,0.6506097316741943
YLR186W,YDL076C,0,-7.809476,0.11743301153182983,0.8658536672592163,0.6507316827774048
YKL132C,YJL069C,0,-7.809489,0.11741359531879425,0.8658536672592163,0.6508536338806152
YER166W,YGR195W,0,-7.809531,0.11739417910575867,0.8658536672592163,0.6509755849838257
YDR244W,YLR455W,0,-7.8097506,0.11737477034330368,0.8658536672592163,0.6510975360870361
YNR056C,YER190W,0,-7.80982,0.11735536903142929,0.8658536672592163,0.6512194871902466
YJR155W,YPL232W,0,-7.8099923,0.1173359751701355,0.8658536672592163,0.651341438293457
YDR402C,YAL002W,0,-7.8099947,0.1173165887594223,0.8658536672592163,0.6514633893966675
YHR183W,YOR049C,0,-7.8101435,0.1172972097992897,0.8658536672592163,0.6515853404998779
YPL195W,YLR337W,0,-7.810465,0.1172778308391571,0.8658536672592163,0.6517072916030884
YJR147W,YHR026W,0,-7.810754,0.1172584667801857,0.8658536672592163,0.6518292427062988
YFL039C,YPR193C,1,-7.8107853,0.11740422993898392,0.8670731782913208,0.6518292427062988
YHR116W,YNL322C,0,-7.8110466,0.11738484352827072,0.8670731782913208,0.6519511938095093
YLR109W,YMR208W,0,-7.8112993,0.11736546456813812,0.8670731782913208,0.6520731449127197
YNL054W,YEL041W,0,-7.811387,0.11734609305858612,0.8670731782913208,0.6521950960159302
YDR243C,YCL019W,0,-7.8114405,0.11732672899961472,0.8670731782913208,0.6523170471191406
YAL053W,YKL171W,0,-7.8116674,0.11730737239122391,0.8670731782913208,0.6524389982223511
YBL008W,YFL052W,0,-7.8117313,0.1172880232334137,0.8670731782913208,0.6525609493255615
YPL188W,YHL027W,0,-7.8121996,0.11726868152618408,0.8670731782913208,0.652682900428772
YOR321W,YIL082W-A,0,-7.812324,0.11724933981895447,0.8670731782913208,0.6528048515319824
YHL028W,YIL082W-A,0,-7.8126035,0.11723000556230545,0.8670731782913208,0.6529268026351929
YOR240W,YHR129C,0,-7.8128343,0.11721068620681763,0.8670731782913208,0.6530487537384033
YMR170C,YNL214W,0,-7.8132935,0.1171913594007492,0.8670731782913208,0.6531707048416138
YPL192C,YDR487C,0,-7.8132944,0.11717204749584198,0.8670731782913208,0.6532926559448242
YDR197W,YCR092C,0,-7.813446,0.11715274304151535,0.8670731782913208,0.6534146070480347
YGL116W,YGL191W,0,-7.81378,0.11713344603776932,0.8670731782913208,0.6535365581512451
YMR211W,YDR487C,0,-7.813801,0.11711414903402328,0.8670731782913208,0.6536585092544556
YMR214W,YKL035W,0,-7.8138633,0.11709485948085785,0.8670731782913208,0.653780460357666
YMR228W,YJL109C,0,-7.8141937,0.11707557737827301,0.8670731782913208,0.6539024114608765
YMR158W,YDL138W,0,-7.8143325,0.11705630272626877,0.8670731782913208,0.6540243625640869
YIL009W,YPR051W,1,-7.814599,0.11720164865255356,0.8682926893234253,0.6540243625640869
YLR362W,YDL112W,0,-7.8146276,0.11718235909938812,0.8682926893234253,0.6541463136672974
YDR376W,YKL077W,0,-7.814794,0.11716307699680328,0.8682926893234253,0.6542682647705078
YPR185W,YGR052W,0,-7.814806,0.11714379489421844,0.8682926893234253,0.6543902158737183
YOL139C,YNL314W,0,-7.815321,0.1171245276927948,0.8682926893234253,0.6545121669769287
YGL180W,YHR001W-A,0,-7.8155484,0.11710526049137115,0.8682926893234253,0.6546341180801392
YHR081W,YLR297W,0,-7.8162823,0.1170860081911087,0.8682926893234253,0.6547560691833496
YCR087C-A,YNL246W,0,-7.8164268,0.11706675589084625,0.8682926893234253,0.6548780202865601
YFL039C,YMR246W,1,-7.8170085,0.11721190065145493,0.8695122003555298,0.6548780202865601
YNL210W,YPL085W,0,-7.8179245,0.11719263345003128,0.8695122003555298,0.6549999713897705
YGL006W,YLR321C,0,-7.817991,0.11717337369918823,0.8695122003555298,0.655121922492981
YPL005W,YHR037W,0,-7.818205,0.11715412139892578,0.8695122003555298,0.6552438735961914
YDL029W,YCR102C,0,-7.818617,0.11713487654924393,0.8695122003555298,0.6553658246994019
YDL038C,YPL206C,0,-7.818759,0.11711563915014267,0.8695122003555298,0.6554877758026123
YLR284C,YJL078C,0,-7.81902,0.11709640175104141,0.8695122003555298,0.6556097269058228
YNL130C,YPL028W,0,-7.8194737,0.11707717925310135,0.8695122003555298,0.6557316780090332
YGR227W,YDL229W,0,-7.8195686,0.11705795675516129,0.8695122003555298,0.6558536291122437
YAL054C,YBR198C,1,-7.8198175,0.11720288544893265,0.8707317113876343,0.6558536291122437
YCR058C,YFL004W,0,-7.8198223,0.11718365550041199,0.8707317113876343,0.6559755802154541
YJL092W,YDR115W,0,-7.820058,0.11716442555189133,0.8707317113876343,0.6560975313186646
YOR113W,YIL127C,0,-7.820121,0.11714520305395126,0.8707317113876343,0.656219482421875
YMR101C,YDR297W,0,-7.8203483,0.1171259805560112,0.8707317113876343,0.6563414931297302
YFL013C,YLR134W,0,-7.8204613,0.11710677295923233,0.8707317113876343,0.6564634442329407
YNR054C,YFL036W,0,-7.8209805,0.11708757281303406,0.8707317113876343,0.6565853953361511
YNL132W,YNL147W,0,-7.821204,0.11706837266683578,0.8707317113876343,0.6567073464393616
YKL198C,YMR075W,0,-7.821293,0.11704917997121811,0.8707317113876343,0.656829297542572
YGL086W,YOL033W,0,-7.821764,0.11702999472618103,0.8707317113876343,0.6569512486457825
YDL108W,YJR063W,0,-7.822011,0.11701081693172455,0.8707317113876343,0.6570731997489929
YDR512C,YJR141W,0,-7.8220797,0.11699164658784866,0.8707317113876343,0.6571951508522034
YOL156W,YIL177C,0,-7.822215,0.11697247624397278,0.8707317113876343,0.6573171019554138
YGR113W,YKR059W,0,-7.822872,0.11695331335067749,0.8707317113876343,0.6574390530586243
YNL239W,YPR108W,0,-7.823059,0.1169341653585434,0.8707317113876343,0.6575610041618347
YDR524C,YER055C,0,-7.8232293,0.1169150173664093,0.8707317113876343,0.6576829552650452
YHR053C,YMR219W,0,-7.823736,0.1168958768248558,0.8707317113876343,0.6578049063682556
YER176W,YHR080C,0,-7.823812,0.11687673628330231,0.8707317113876343,0.6579268574714661
YLR070C,YML018C,0,-7.823818,0.11685761064291,0.8707317113876343,0.6580488085746765
YHL038C,YDR224C,0,-7.8239346,0.1168384850025177,0.8707317113876343,0.658170759677887
YJR064W,YAL017W,0,-7.824158,0.11681937426328659,0.8707317113876343,0.6582927107810974
YGL038C,YIL099W,0,-7.8243194,0.11680026352405548,0.8707317113876343,0.6584146618843079
YFR032C-A,YDR247W,0,-7.82452,0.11678116023540497,0.8707317113876343,0.6585366129875183
YJR033C,YGL160W,0,-7.8245897,0.11676205694675446,0.8707317113876343,0.6586585640907288
YMR056C,YJR093C,0,-7.824659,0.11674296855926514,0.8707317113876343,0.6587805151939392
YGR288W,YOR396W,0,-7.824794,0.11672388762235641,0.8707317113876343,0.6589024662971497
YBR103W,YPR174C,0,-7.8249187,0.11670480668544769,0.8707317113876343,0.6590244174003601
YAL010C,YOL144W,0,-7.8253164,0.11668573319911957,0.8707317113876343,0.6591463685035706
YCL026C-A,YDR372C,0,-7.825519,0.11666666716337204,0.8707317113876343,0.659268319606781
YPR179C,YDR341C,0,-7.8256063,0.11664760857820511,0.8707317113876343,0.6593902707099915
YBL087C,YDR457W,0,-7.8256364,0.11662854999303818,0.8707317113876343,0.6595122218132019
YGR246C,YMR114C,0,-7.8261456,0.11660950630903244,0.8707317113876343,0.6596341729164124
YCL026C-B,YMR039C,0,-7.826252,0.1165904626250267,0.8707317113876343,0.6597561240196228
YDR140W,YFR006W,0,-7.8266296,0.11657142639160156,0.8707317113876343,0.6598780751228333
YER176W,YDL168W,0,-7.8266697,0.11655239760875702,0.8707317113876343,0.6600000262260437
YIL140W,YCL020W,0,-7.826749,0.11653337627649307,0.8707317113876343,0.6601219773292542
YHR148W,YOR231W,0,-7.8267775,0.11651436239480972,0.8707317113876343,0.6602439284324646
YHR086W,YER070W,0,-7.8270903,0.11649534851312637,0.8707317113876343,0.660365879535675
YNL271C,YML037C,0,-7.8272467,0.11647634953260422,0.8707317113876343,0.6604878306388855
YGR037C,YBR065C,0,-7.827275,0.11645735055208206,0.8707317113876343,0.660609781742096
YFL011W-A,YPL275W,0,-7.8273163,0.1164383590221405,0.8707317113876343,0.6607317328453064
YGR267C,YGR034W,0,-7.827603,0.11641936749219894,0.8707317113876343,0.6608536839485168
YPL036W,YPR103W,0,-7.8276463,0.11640039086341858,0.8707317113876343,0.6609756350517273
YJR137C,YGR104C,0,-7.827951,0.11638142168521881,0.8707317113876343,0.6610975861549377
YPR025C,YHR039C-B,0,-7.828383,0.11636245250701904,0.8707317113876343,0.6612195372581482
YGR231C,YLR346C,0,-7.8284698,0.11634349077939987,0.8707317113876343,0.6613414883613586
YMR198W,YCL020W,0,-7.828578,0.1163245365023613,0.8707317113876343,0.6614634394645691
YKR085C,YLR455W,0,-7.8285823,0.11630558967590332,0.8707317113876343,0.6615853905677795
YNL244C,YKL010C,0,-7.8286257,0.11628664284944534,0.8707317113876343,0.66170734167099
YDL244W,YDR131C,0,-7.828829,0.11626771092414856,0.8707317113876343,0.6618292927742004
YFL039C,YOR064C,1,-7.828922,0.11641158908605576,0.8719512224197388,0.6618292927742004
YER015W,YPL001W,1,-7.8289356,0.11655542999505997,0.8731707334518433,0.6618292927742004
YBR139W,YKR096W,0,-7.8289404,0.1165364608168602,0.8731707334518433,0.6619512438774109
YJL065C,YHR075C,0,-7.8291903,0.11651749163866043,0.8731707334518433,0.6620731949806213
YPL215W,YLL062C,0,-7.829227,0.11649853736162186,0.8731707334518433,0.6621951460838318
YPR133C,YBR012W-A,0,-7.829274,0.11647958308458328,0.8731707334518433,0.6623170971870422
YIL061C,YOR027W,0,-7.829434,0.1164606362581253,0.8731707334518433,0.6624390482902527
YGR208W,YDR429C,0,-7.8298073,0.11644169688224792,0.8731707334518433,0.6625609993934631
YDR069C,YMR311C,0,-7.830306,0.11642276495695114,0.8731707334518433,0.6626829504966736
YBR117C,YLR132C,0,-7.831032,0.11640384048223495,0.8731707334518433,0.662804901599884
YBL060W,YPL141C,0,-7.831135,0.11638491600751877,0.8731707334518433,0.6629268527030945
YOL136C,YML011C,0,-7.8311644,0.11636599898338318,0.8731707334518433,0.6630488038063049
YNL199C,YLR212C,0,-7.831189,0.11634708940982819,0.8731707334518433,0.6631707549095154
YGL247W,YPL221W,0,-7.8314924,0.11632818728685379,0.8731707334518433,0.6632927060127258
YGL219C,YKL113C,0,-7.8315864,0.11630929261445999,0.8731707334518433,0.6634146571159363
YOL065C,YPL207W,0,-7.83226,0.11629039794206619,0.8731707334518433,0.6635366082191467
YOR371C,YKL075C,0,-7.8331075,0.11627151817083359,0.8731707334518433,0.6636585593223572
YGR121C,YFL035C-B,0,-7.8331184,0.11625263839960098,0.8731707334518433,0.6637805104255676
YPL120W,YHR080C,0,-7.8331213,0.11623376607894897,0.8731707334518433,0.6639024615287781
YBR212W,YBR294W,0,-7.833633,0.11621490120887756,0.8731707334518433,0.6640244126319885
YOL071W,YPR204W,0,-7.8342857,0.11619604378938675,0.8731707334518433,0.664146363735199
YMR120C,YKL138C-A,0,-7.834673,0.11617718636989594,0.8731707334518433,0.6642683148384094
YMR038C,YKL172W,0,-7.835038,0.11615833640098572,0.8731707334518433,0.6643902659416199
YHR068W,YKL094W,0,-7.8355904,0.1161394938826561,0.8731707334518433,0.6645122170448303
YLR431C,YPL048W,0,-7.835618,0.11612065881490707,0.8731707334518433,0.6646341681480408
YGR231C,YDR055W,0,-7.835997,0.11610183119773865,0.8731707334518433,0.6647561192512512
YKL096W-A,YGR267C,0,-7.8381433,0.11608301103115082,0.8731707334518433,0.6648780703544617
YEL071W,YOR088W,0,-7.8381433,0.11606419086456299,0.8731707334518433,0.6650000214576721
YJL033W,YCR009C,0,-7.8381767,0.11604537814855576,0.8731707334518433,0.6651219725608826
YDL165W,YLR064W,0,-7.838423,0.11602657288312912,0.8731707334518433,0.665243923664093
YIL019W,YER112W,0,-7.838729,0.11600777506828308,0.8731707334518433,0.6653658747673035
YGL055W,YJL213W,0,-7.838807,0.11598898470401764,0.8731707334518433,0.6654878258705139
YER105C,YJL080C,0,-7.8389187,0.1159701943397522,0.8731707334518433,0.6656097769737244
YIL008W,YJR027W,0,-7.8390965,0.11595141887664795,0.8731707334518433,0.6657317280769348
YGR108W,YNL137C,0,-7.8393536,0.1159326434135437,0.8731707334518433,0.6658536791801453
YPL209C,YOR019W,0,-7.8401976,0.11591387540102005,0.8731707334518433,0.6659756302833557
YLR117C,YFL002W-A,0,-7.8402443,0.115895114839077,0.8731707334518433,0.6660975813865662
YDR009W,YDL064W,0,-7.84037,0.11587635427713394,0.8731707334518433,0.6662195324897766
YHR203C,YML033W,0,-7.8404474,0.11585760861635208,0.8731707334518433,0.6663414835929871
YLR377C,YLR398C,0,-7.8404574,0.11583886295557022,0.8731707334518433,0.6664634346961975
YER180C-A,YPL186C,0,-7.840516,0.11582012474536896,0.8731707334518433,0.666585385799408
YOR393W,YKL088W,0,-7.8410873,0.11580139398574829,0.8731707334518433,0.6667073369026184
YDR296W,YHL035C,0,-7.841685,0.11578266322612762,0.8731707334518433,0.6668292880058289
YBR021W,YDL208W,0,-7.8419294,0.11576394736766815,0.8731707334518433,0.6669512391090393
YNL279W,YBR077C,0,-7.8427205,0.11574523150920868,0.8731707334518433,0.6670731902122498
YBR169C,YPR204W,0,-7.8433714,0.1157265231013298,0.8731707334518433,0.6671951413154602
YPR101W,YBR241C,0,-7.8435965,0.11570782214403152,0.8731707334518433,0.6673170924186707
YMR033W,YNL210W,0,-7.8436494,0.11568912863731384,0.8731707334518433,0.6674390435218811
YBL047C,YFL031W,0,-7.843729,0.11567043513059616,0.8731707334518433,0.6675609946250916
YGL054C,YER171W,0,-7.843917,0.11565174907445908,0.8731707334518433,0.667682945728302
YMR311C,YOL041C,0,-7.844077,0.11563307791948318,0.8731707334518433,0.6678048968315125
YNL023C,YBL011W,0,-7.8445807,0.1156144067645073,0.8731707334518433,0.6679268479347229
YHR001W-A,YFL018W-A,0,-7.844925,0.1155957356095314,0.8731707334518433,0.6680487990379333
YOL007C,YMR035W,0,-7.8451676,0.1155770793557167,0.8731707334518433,0.6681707501411438
YBR041W,YNL213C,0,-7.845172,0.11555842310190201,0.8731707334518433,0.6682927012443542
YDL201W,YDL118W,0,-7.845333,0.11553977429866791,0.8731707334518433,0.6684146523475647
YLR391W-A,YPL124W,0,-7.8456354,0.1155211329460144,0.8731707334518433,0.6685366034507751
YBR021W,YGL157W,0,-7.845691,0.1155024990439415,0.8731707334518433,0.6686585545539856
YDL232W,YPR063C,0,-7.8462124,0.11548387259244919,0.8731707334518433,0.668780505657196
YBR164C,YKL146W,0,-7.8462205,0.11546524614095688,0.8731707334518433,0.6689024567604065
YEL036C,YGR166W,0,-7.8462896,0.11544662714004517,0.8731707334518433,0.6690244078636169
YDR298C,YLR017W,0,-7.846401,0.11542801558971405,0.8731707334518433,0.6691463589668274
YFR021W,YML040W,0,-7.846404,0.11540941148996353,0.8731707334518433,0.6692683100700378
YPR019W,YLR050C,0,-7.8464556,0.11539081484079361,0.8731707334518433,0.6693902611732483
YLR266C,YDR476C,0,-7.8472295,0.11537221819162369,0.8731707334518433,0.6695122122764587
YLR132C,YMR114C,0,-7.8473377,0.11535363644361496,0.8731707334518433,0.6696341633796692
YJL155C,YKL122C,0,-7.847522,0.11533505469560623,0.8731707334518433,0.6697561144828796
YBR164C,YNR056C,0,-7.848137,0.1153164729475975,0.8731707334518433,0.6698780655860901
YBR018C,YHR161C,0,-7.8483706,0.11529790610074997,0.8731707334518433,0.6700000166893005
YGR204W,YER149C,0,-7.8484163,0.11527934670448303,0.8731707334518433,0.670121967792511
YNL221C,YJR027W,0,-7.8485365,0.1152607873082161,0.8731707334518433,0.6702439188957214
YBR041W,YLR432W,0,-7.848575,0.11524223536252975,0.8731707334518433,0.6703658699989319
YGL046W,YDL244W,0,-7.8489475,0.11522369086742401,0.8731707334518433,0.6704878211021423
YAL048C,YBR154C,0,-7.8491416,0.11520514637231827,0.8731707334518433,0.6706097722053528
YLR384C,YPL105C,0,-7.8493953,0.11518661677837372,0.8731707334518433,0.6707317233085632
YKL200C,YLR025W,0,-7.84983,0.11516808718442917,0.8731707334518433,0.6708536744117737
YLR391W-A,YNR032W,0,-7.8502636,0.11514956504106522,0.8731707334518433,0.6709756255149841
YHR147C,YJL076W,0,-7.8504844,0.11513105034828186,0.8731707334518433,0.6710975766181946
YOR197W,YCR062W,0,-7.8507214,0.1151125431060791,0.8731707334518433,0.671219527721405
YBR281C,YLR132C,0,-7.851114,0.11509403586387634,0.8731707334518433,0.6713414788246155
YNL334C,YPL252C,0,-7.8512,0.11507553607225418,0.8731707334518433,0.6714634299278259
YLR051C,YGL031C,0,-7.851487,0.11505704373121262,0.8731707334518433,0.6715853810310364
YER056C,YGR156W,0,-7.851931,0.11503855884075165,0.8731707334518433,0.6717073321342468
YNR038W,YDR473C,0,-7.8523283,0.11502008140087128,0.8731707334518433,0.6718292832374573
YGL136C,YKR025W,0,-7.852354,0.1150016039609909,0.8731707334518433,0.6719512343406677
YBL038W,YDL184C,0,-7.852573,0.11498314142227173,0.8731707334518433,0.6720731854438782
YIR033W,YBR188C,0,-7.8526125,0.11496467888355255,0.8731707334518433,0.6721951365470886
YOR254C,YDR077W,0,-7.8529243,0.11494621634483337,0.8731707334518433,0.6723170876502991
YLR207W,YMR006C,0,-7.853715,0.11492776870727539,0.8731707334518433,0.6724390387535095
YGL070C,YBL039C,0,-7.8542223,0.11490932106971741,0.8731707334518433,0.67256098985672
YKL079W,YGR287C,0,-7.8543634,0.11489088833332062,0.8731707334518433,0.6726829409599304
YNL049C,YKL171W,0,-7.855116,0.11487245559692383,0.8731707334518433,0.6728048920631409
YML059C,YJL177W,0,-7.85551,0.11485402286052704,0.8731707334518433,0.6729268431663513
YKL134C,YML018C,0,-7.8556185,0.11483560502529144,0.8731707334518433,0.6730487942695618
YLR182W,YDR348C,0,-7.85591,0.11481718719005585,0.8731707334518433,0.6731707453727722
YJR010W,YJL029C,0,-7.8563247,0.11479878425598145,0.8731707334518433,0.6732926964759827
YDL229W,YPL122C,0,-7.8563414,0.11478038132190704,0.8731707334518433,0.6734146475791931
YOL084W,YDR170W-A,0,-7.856633,0.11476197838783264,0.8731707334518433,0.6735365986824036
YNL238W,YHR167W,0,-7.8566546,0.11474359035491943,0.8731707334518433,0.673658549785614
YCR070W,YNR038W,0,-7.8567133,0.11472520232200623,0.8731707334518433,0.6737805008888245
YLR391W-A,YHR079C-B,0,-7.8567944,0.11470682173967361,0.8731707334518433,0.6739024519920349
YHR039C-B,YBR216C,0,-7.85681,0.1146884486079216,0.8731707334518433,0.6740244030952454
YGR142W,YFL001W,0,-7.856883,0.11467008292675018,0.8731707334518433,0.6741463541984558
YKL116C,YNL301C,0,-7.856967,0.11465172469615936,0.8731707334518433,0.6742683053016663
YDR412W,YMR293C,0,-7.8574414,0.11463336646556854,0.8731707334518433,0.6743902564048767
YOR259C,YGR287C,0,-7.857755,0.11461501568555832,0.8731707334518433,0.6745122075080872
YKR081C,YLR426W,0,-7.8580923,0.11459667235612869,0.8731707334518433,0.6746341586112976
YLR395C,YNL062C,0,-7.8583307,0.11457832902669907,0.8731707334518433,0.6747561097145081
YMR153W,YBR111W-A,0,-7.858635,0.11456000059843063,0.8731707334518433,0.6748780608177185
YJL134W,YCR087C-A,0,-7.8586416,0.1145416721701622,0.8731707334518433,0.675000011920929
YNL177C,YDR104C,0,-7.859277,0.11452335119247437,0.8731707334518433,0.6751219630241394
YJR097W,YKR007W,0,-7.8593683,0.11450503766536713,0.8731707334518433,0.6752439141273499
YCL020W,YGR042W,0,-7.8594246,0.11448673158884048,0.8731707334518433,0.6753658652305603
YEL027W,YAR009C,0,-7.8599043,0.11446842551231384,0.8731707334518433,0.6754878163337708
YBR102C,YLR249W,0,-7.859946,0.1144501268863678,0.8731707334518433,0.6756097674369812
YCR089W,YML037C,0,-7.8607025,0.11443183571100235,0.8731707334518433,0.6757317185401917
YLR215C,YLR060W,0,-7.8611603,0.1144135519862175,0.8731707334518433,0.6758536696434021
YNL258C,YBL075C,0,-7.861638,0.11439526826143265,0.8731707334518433,0.6759756207466125
YLR216C,YGR152C,0,-7.862173,0.11437699943780899,0.8731707334518433,0.676097571849823
YLR303W,YKL089W,0,-7.8622513,0.11435873061418533,0.8731707334518433,0.6762195229530334
YGR052W,YLL014W,0,-7.8622527,0.11434046924114227,0.8731707334518433,0.6763414740562439
YPL139C,YHL008C,0,-7.8635464,0.11432220786809921,0.8731707334518433,0.6764634251594543
YPL095C,YBL014C,0,-7.8636,0.11430396139621735,0.8731707334518433,0.6765853762626648
YBR160W,YHL035C,0,-7.863678,0.11428571492433548,0.8731707334518433,0.6767073273658752
YML110C,YIR014W,0,-7.863723,0.11426747590303421,0.8731707334518433,0.6768292784690857
YER165W,YGL013C,0,-7.863986,0.11424924433231354,0.8731707334518433,0.6769512295722961
YFL055W,YGR038W,0,-7.8640585,0.11423101276159286,0.8731707334518433,0.6770731806755066
YLR110C,YFL002W-A,0,-7.8643117,0.11421279609203339,0.8731707334518433,0.677195131778717
YOL090W,YHR039C-B,0,-7.8645315,0.11419457942247391,0.8731707334518433,0.6773170828819275
YMR040W,YBL100W-B,0,-7.864744,0.11417637020349503,0.8731707334518433,0.6774390339851379
YLR377C,YBL005W-B,0,-7.8649683,0.11415816098451614,0.8731707334518433,0.6775609850883484
YDL200C,YDR129C,0,-7.865308,0.11413996666669846,0.8731707334518433,0.6776829361915588
YBR193C,YLR185W,0,-7.8654113,0.11412177234888077,0.8731707334518433,0.6778048872947693
YOL111C,YKL144C,0,-7.8654966,0.11410358548164368,0.8731707334518433,0.6779268383979797
YBR211C,YNL110C,0,-7.865615,0.11408540606498718,0.8731707334518433,0.6780487895011902
YBR101C,YAL034W-A,0,-7.865656,0.11406722664833069,0.8731707334518433,0.6781707406044006
YPL094C,YBR117C,0,-7.865887,0.11404906213283539,0.8731707334518433,0.6782926917076111
YMR136W,YKL042W,0,-7.8659835,0.11403089761734009,0.8731707334518433,0.6784146428108215
YLR451W,YLL032C,0,-7.8664427,0.11401274055242538,0.8731707334518433,0.678536593914032
YML078W,YGR280C,0,-7.8665614,0.11399458348751068,0.8731707334518433,0.6786585450172424
YGL063W,YML040W,0,-7.86691,0.11397644132375717,0.8731707334518433,0.6787804961204529
YDR533C,YIL051C,0,-7.8673706,0.11395829916000366,0.8731707334518433,0.6789024472236633
YKL052C,YDR224C,0,-7.8674173,0.11394016444683075,0.8731707334518433,0.6790243983268738
YOR099W,YBL106C,0,-7.867458,0.11392203718423843,0.8731707334518433,0.6791463494300842
YAL054C,YEL066W,1,-7.867609,0.11406299471855164,0.8743902444839478,0.6791463494300842
YDL198C,YER175C,0,-7.868031,0.11404485255479813,0.8743902444839478,0.6792683005332947
YNL294C,YKL171W,0,-7.8681383,0.11402671784162521,0.8743902444839478,0.6793902516365051
YDR085C,YGL127C,0,-7.8682213,0.1140085831284523,0.8743902444839478,0.6795122027397156
YFR052W,YKL077W,0,-7.8684645,0.11399046331644058,0.8743902444839478,0.679634153842926
YMR068W,YNL026W,0,-7.868477,0.11397234350442886,0.8743902444839478,0.6797561049461365
YOL023W,YOR332W,0,-7.8685627,0.11395423114299774,0.8743902444839478,0.6798780560493469
YDR234W,YCR030C,0,-7.868595,0.11393611878156662,0.8743902444839478,0.6800000071525574
YML086C,YBR141C,0,-7.8688536,0.1139180138707161,0.8743902444839478,0.6801219582557678
YJL081C,YOR317W,1,-7.8688965,0.11405877768993378,0.8756097555160522,0.6801219582557678
YBR177C,YPR204W,0,-7.869203,0.11404065787792206,0.8756097555160522,0.6802439093589783
YGR246C,YMR128W,0,-7.8692455,0.11402255296707153,0.8756097555160522,0.6803658604621887
YKR095W-A,YJL191W,0,-7.869967,0.11400444805622101,0.8756097555160522,0.6804878115653992
YNL312W,YLR040C,0,-7.8700657,0.11398635059595108,0.8756097555160522,0.6806097626686096
YHR013C,YOR244W,1,-7.8702083,0.11412698775529861,0.8768292665481567,0.6806097626686096
YML121W,YNL290W,0,-7.8703,0.1141088679432869,0.8768292665481567,0.6807317137718201
YGR063C,YOR027W,0,-7.870921,0.11409076303243637,0.8768292665481567,0.6808536648750305
YGR042W,YIL083C,0,-7.8713646,0.11407266557216644,0.8768292665481567,0.680975615978241
YIL034C,YMR223W,0,-7.871723,0.11405456811189651,0.8768292665481567,0.6810975670814514
YDR434W,YLR035C-A,0,-7.872219,0.11403647810220718,0.8768292665481567,0.6812195181846619
YCR034W,YNL300W,0,-7.8723474,0.11401839554309845,0.8768292665481567,0.6813414692878723
YOR319W,YLR009W,0,-7.872385,0.11400032043457031,0.8768292665481567,0.6814634203910828
YKL193C,YOR129C,0,-7.872427,0.11398224532604218,0.8768292665481567,0.6815853714942932
YLR158C,YHR039C-B,0,-7.8724384,0.11396417766809464,0.8768292665481567,0.6817073225975037
YKR076W,YIL149C,0,-7.87247,0.11394611746072769,0.8768292665481567,0.6818292737007141
YDR173C,YDR309C,0,-7.872938,0.11392806470394135,0.8768292665481567,0.6819512248039246
YPL121C,YOR326W,0,-7.8731346,0.113910011947155,0.8768292665481567,0.682073175907135
YLL024C,YGR096W,0,-7.873619,0.11389196664094925,0.8768292665481567,0.6821951270103455
YJL159W,YPL233W,0,-7.8741035,0.1138739287853241,0.8768292665481567,0.6823170781135559
YLR102C,YKL205W,0,-7.8744154,0.11385589838027954,0.8768292665481567,0.6824390292167664
YBL057C,YLR126C,0,-7.8745003,0.11383787542581558,0.8768292665481567,0.6825609803199768
YKL192C,YJL118W,0,-7.874691,0.11381985247135162,0.8768292665481567,0.6826829314231873
YDL226C,YGR272C,0,-7.8752503,0.11380183696746826,0.8768292665481567,0.6828048825263977
YJR112W,YBR188C,0,-7.8761005,0.1137838289141655,0.8768292665481567,0.6829268336296082
YNR016C,YOR027W,0,-7.876154,0.11376582086086273,0.8768292665481567,0.6830487847328186
YDR240C,YER078C,0,-7.8763514,0.11374782770872116,0.8768292665481567,0.683170735836029
YHR098C,YGL157W,0,-7.87642,0.11372983455657959,0.8768292665481567,0.6832926869392395
YER073W,YBR133C,0,-7.8764534,0.11371184885501862,0.8768292665481567,0.68341463804245
YGR188C,YMR291W,0,-7.8770413,0.11369386315345764,0.8768292665481567,0.6835365891456604
YMR139W,YNR004W,0,-7.8771305,0.11367589235305786,0.8768292665481567,0.6836585402488708
YIL132C,YIL067C,0,-7.877165,0.11365792155265808,0.8768292665481567,0.6837804913520813
YDR093W,YBL027W,0,-7.8775787,0.1136399582028389,0.8768292665481567,0.6839024424552917
YGL106W,YDL185W,0,-7.8776393,0.11362199485301971,0.8768292665481567,0.6840243935585022
YGR142W,YKL079W,0,-7.877977,0.11360404640436172,0.8768292665481567,0.6841463446617126
YDL200C,YPR204W,0,-7.8788414,0.11358609795570374,0.8768292665481567,0.6842682957649231
YIL019W,YBR028C,0,-7.8790445,0.11356815695762634,0.8768292665481567,0.6843902468681335
YDR334W,YCR062W,0,-7.879552,0.11355022341012955,0.8768292665481567,0.684512197971344
YLR045C,YJL113W,0,-7.8800697,0.11353228986263275,0.8768292665481567,0.6846341490745544
YJL039C,YIL177C,0,-7.88054,0.11351436376571655,0.8768292665481567,0.6847561001777649
YJR138W,YML037C,0,-7.880916,0.11349644511938095,0.8768292665481567,0.6848780512809753
YHR018C,YLR190W,0,-7.8809967,0.11347853392362595,0.8768292665481567,0.6850000023841858
YPL242C,YEL055C,0,-7.881533,0.11346063017845154,0.8768292665481567,0.6851219534873962
YBL084C,YNL339C,0,-7.8826485,0.11344272643327713,0.8768292665481567,0.6852439045906067
YML013W,YKL166C,0,-7.882719,0.11342483013868332,0.8768292665481567,0.6853658556938171
YJL019W,YCR072C,0,-7.882804,0.1134069412946701,0.8768292665481567,0.6854878067970276
YML051W,YOR008C-A,0,-7.8829966,0.11338905245065689,0.8768292665481567,0.685609757900238
YOL082W,YLR113W,0,-7.883053,0.11337117850780487,0.8768292665481567,0.6857317090034485
YER148W,YMR088C,0,-7.8830585,0.11335330456495285,0.8768292665481567,0.6858536601066589
YLR288C,YIR018W,0,-7.8831425,0.11333543807268143,0.8768292665481567,0.6859756112098694
YNL039W,YKL180W,0,-7.8832927,0.11331757158041,0.8768292665481567,0.6860975623130798
YKL122C,YGL026C,0,-7.883709,0.11329971998929977,0.8768292665481567,0.6862195134162903
YOL139C,YLR183C,0,-7.8837185,0.11328186839818954,0.8768292665481567,0.6863414645195007
YDL188C,YGR251W,0,-7.884303,0.11326401680707932,0.8768292665481567,0.6864634156227112
YNL173C,YDL230W,0,-7.8854837,0.11324618011713028,0.8768292665481567,0.6865853667259216
YJR153W,YNL186W,0,-7.885915,0.11322834342718124,0.8768292665481567,0.6867073178291321
YKL184W,YLR126C,0,-7.8862877,0.1132105216383934,0.8768292665481567,0.6868292689323425
YCL012W,YPL012W,0,-7.8866568,0.11319269239902496,0.8768292665481567,0.686951220035553
YEL003W,YML013W,0,-7.8867483,0.11317487806081772,0.8768292665481567,0.6870731711387634
YEL018W,YLR384C,0,-7.8869905,0.11315706372261047,0.8768292665481567,0.6871951222419739
YDL101C,YNL075W,0,-7.887147,0.11313925683498383,0.8768292665481567,0.6873170733451843
YHR118C,YKR096W,0,-7.8882675,0.11312145739793777,0.8768292665481567,0.6874390244483948
YOR260W,YJR033C,0,-7.888866,0.11310366541147232,0.8768292665481567,0.6875609755516052
YGL063W,YNL134C,0,-7.888939,0.11308587342500687,0.8768292665481567,0.6876829266548157
YER168C,YOR175C,0,-7.889186,0.11306808888912201,0.8768292665481567,0.6878048777580261
YJR041C,YHR060W,0,-7.88958,0.11305031180381775,0.8768292665481567,0.6879268288612366
YKR083C,YGR054W,0,-7.889586,0.11303254216909409,0.8768292665481567,0.688048779964447
YOR056C,YIL172C,0,-7.889782,0.11301477253437042,0.8768292665481567,0.6881707310676575
YCR091W,YOR101W,0,-7.8902154,0.11299701035022736,0.8768292665481567,0.6882926821708679
YDL243C,YDR194C,0,-7.8904037,0.11297925561666489,0.8768292665481567,0.6884146332740784
YBL098W,YPR188C,0,-7.8906417,0.11296150833368301,0.8768292665481567,0.6885365843772888
YOR075W,YBL113C,0,-7.890704,0.11294376105070114,0.8768292665481567,0.6886585354804993
YIL131C,YMR099C,0,-7.890815,0.11292602121829987,0.8768292665481567,0.6887804865837097
YPL019C,YBR012W-A,0,-7.8908224,0.11290828883647919,0.8768292665481567,0.6889024376869202
YMR182C,YOL019W,0,-7.8909206,0.1128905639052391,0.8768292665481567,0.6890243887901306
YNL147W,YNL061W,0,-7.891094,0.11287283897399902,0.8768292665481567,0.6891463398933411
YDR178W,YDR310C,0,-7.891331,0.11285512149333954,0.8768292665481567,0.6892682909965515
YBR145W,YOL011W,0,-7.8916073,0.11283741146326065,0.8768292665481567,0.689390242099762
YER031C,YFL002W-A,0,-7.8917165,0.11281970888376236,0.8768292665481567,0.6895121932029724
YFR021W,YEL026W,0,-7.8917694,0.11280200630426407,0.8768292665481567,0.6896341443061829
YOL139C,YCL011C,0,-7.892012,0.11278431117534637,0.8768292665481567,0.6897560954093933
YDR252W,YDL095W,0,-7.8927417,0.11276662349700928,0.8768292665481567,0.6898780465126038
YFR053C,YKL176C,0,-7.894166,0.11274894326925278,0.8768292665481567,0.6899999976158142
YOR150W,YPL093W,0,-7.894216,0.11273126304149628,0.8768292665481567,0.6901219487190247
YGL077C,YAR002W,0,-7.8944325,0.11271359026432037,0.8768292665481567,0.6902438998222351
YOR128C,YBL099W,0,-7.894876,0.11269592493772507,0.8768292665481567,0.6903658509254456
YER061C,YHR142W,0,-7.895878,0.11267826706171036,0.8768292665481567,0.690487802028656
YHR061C,YIL096C,0,-7.8964105,0.11266060918569565,0.8768292665481567,0.6906097531318665
YOR393W,YCL011C,0,-7.896615,0.11264295876026154,0.8768292665481567,0.6907317042350769
YNR017W,YOL129W,0,-7.89677,0.11262531578540802,0.8768292665481567,0.6908536553382874
YHR066W,YBR166C,0,-7.8969145,0.1126076728105545,0.8768292665481567,0.6909756064414978
YHR068W,YPL179W,0,-7.896989,0.11259003728628159,0.8768292665481567,0.6910975575447083
YJL127C,YDL130W-A,0,-7.8971105,0.11257240921258926,0.8768292665481567,0.6912195086479187
YJL093C,YPR114W,0,-7.8976727,0.11255478858947754,0.8768292665481567,0.6913414597511292
YNL210W,YNL194C,0,-7.8980694,0.11253717541694641,0.8768292665481567,0.6914634108543396
YBR026C,YOR193W,0,-7.8982334,0.11251956224441528,0.8768292665481567,0.69158536195755
YLR142W,YGR277C,0,-7.8983207,0.11250195652246475,0.8768292665481567,0.6917073130607605
YHR200W,YMR226C,0,-7.8984227,0.11248435825109482,0.8768292665481567,0.691829264163971
YMR004W,YIR014W,0,-7.898429,0.11246675997972488,0.8768292665481567,0.6919512152671814
YLR418C,YBR050C,0,-7.8984513,0.11244916915893555,0.8768292665481567,0.6920731663703918
YDR512C,YHR105W,0,-7.8990273,0.1124315857887268,0.8768292665481567,0.6921951174736023
YOR027W,YDR212W,0,-7.8990555,0.11241400986909866,0.8768292665481567,0.6923170685768127
YJL033W,YML060W,0,-7.89945,0.11239643394947052,0.8768292665481567,0.6924390196800232
YPR201W,YLR291C,0,-7.8996153,0.11237886548042297,0.8768292665481567,0.6925609707832336
YDR335W,YLR001C,0,-7.8998,0.11236130446195602,0.8768292665481567,0.6926829218864441
YMR323W,YEL057C,0,-7.9001007,0.11234375089406967,0.8768292665481567,0.6928048729896545
YAR010C,YGR027W-B,0,-7.9008074,0.11232619732618332,0.8768292665481567,0.692926824092865
YLR097C,YDR261C-C,0,-7.9008694,0.11230865120887756,0.8768292665481567,0.6930487751960754
YOR048C,YOR343W-A,0,-7.901051,0.1122911125421524,0.8768292665481567,0.6931707262992859
YMR323W,YPR169W,0,-7.901052,0.11227358132600784,0.8768292665481567,0.6932926774024963
YIL023C,YOL103W-B,0,-7.9010973,0.11225605010986328,0.8768292665481567,0.6934146285057068
YER003C,YAR009C,0,-7.9011326,0.11223852634429932,0.8768292665481567,0.6935365796089172
YDR452W,YGR038C-A,0,-7.9011517,0.11222101002931595,0.8768292665481567,0.6936585307121277
YPL122C,YER159C-A,0,-7.901162,0.11220349371433258,0.8768292665481567,0.6937804818153381
YMR071C,YDR210W-B,0,-7.9011736,0.11218598484992981,0.8768292665481567,0.6939024329185486
YDR377W,YDR098C-B,0,-7.9012737,0.11216848343610764,0.8768292665481567,0.694024384021759
YJL092W,YDR034C-C,0,-7.9013796,0.11215098947286606,0.8768292665481567,0.6941463351249695
YPR081C,YOR192C-A,0,-7.9014506,0.11213350296020508,0.8768292665481567,0.6942682862281799
YBR243C,YGR161C-C,0,-7.901479,0.1121160164475441,0.8768292665481567,0.6943902373313904
YDR210W-B,YFL052W,0,-7.9014807,0.11209853738546371,0.8768292665481567,0.6945121884346008
YML060W,YPR158C-D,0,-7.9015007,0.11208105832338333,0.8768292665481567,0.6946341395378113
YBR001C,YER072W,0,-7.901509,0.11206359416246414,0.8768292665481567,0.6947560906410217
YER088C,YDR261C-C,0,-7.9015737,0.11204613000154495,0.8768292665481567,0.6948780417442322
YML109W,YGR038C-B,0,-7.9016743,0.11202866584062576,0.8768292665481567,0.6949999928474426
YDL168W,YER137C-A,0,-7.901699,0.11201121658086777,0.8768292665481567,0.6951219439506531
YLR154C,YER159C-A,0,-7.9017267,0.11199376732110977,0.8768292665481567,0.6952438950538635
YNL199C,YDR365W-A,0,-7.9017386,0.11197632551193237,0.8768292665481567,0.695365846157074
YFL005W,YLR410W-A,0,-7.9017763,0.11195889115333557,0.8768292665481567,0.6954877972602844
YPL076W,YNL054W-A,0,-7.9018803,0.11194145679473877,0.8768292665481567,0.6956097483634949
YPL124W,YOR192C-A,0,-7.901901,0.11192403733730316,0.8768292665481567,0.6957316994667053
YAL059W,YML114C,0,-7.901944,0.11190661787986755,0.8768292665481567,0.6958536505699158
YBR275C,YPR158W-B,0,-7.901993,0.11188919842243195,0.8768292665481567,0.6959756016731262
YJL109C,YBL101W-A,0,-7.901993,0.11187179386615753,0.8768292665481567,0.6960975527763367
YER154W,YBL101W-A,0,-7.901993,0.11185438930988312,0.8768292665481567,0.6962195038795471
YCR003W,YHL009W-A,0,-7.901993,0.1118369922041893,0.8768292665481567,0.6963414549827576
YBR100W,YJL113W,0,-7.901993,0.11181959509849548,0.8768292665481567,0.696463406085968
YPR133W-A,YDR210W-C,0,-7.901993,0.11180220544338226,0.8768292665481567,0.6965853571891785
YDR316W-B,YOR343C-B,0,-7.901993,0.11178482323884964,0.8768292665481567,0.6967073082923889
YFL035C,YOR343W-A,0,-7.901993,0.11176744848489761,0.8768292665481567,0.6968292593955994
YBL101W-B,YJR129C,0,-7.901993,0.11175008118152618,0.8768292665481567,0.6969512104988098
YML110C,YOR343C-A,0,-7.901993,0.11173271387815475,0.8768292665481567,0.6970731616020203
YPR188C,YHL009W-A,0,-7.901993,0.11171535402536392,0.8768292665481567,0.6971951127052307
YCL035C,YBL101W-B,0,-7.901993,0.11169799417257309,0.8768292665481567,0.6973170638084412
YOR261C,YBL101W-B,0,-7.901993,0.11168064922094345,0.8768292665481567,0.6974390149116516
YPL273W,YOR343C-B,0,-7.901993,0.11166330426931381,0.8768292665481567,0.6975609660148621
YMR015C,YBL101W-B,0,-7.901993,0.11164595931768417,0.8768292665481567,0.6976829171180725
YER074W-A,YPL041C,0,-7.901993,0.11162862926721573,0.8768292665481567,0.697804868221283
YBR129C,YDR210W-D,0,-7.901993,0.11161129921674728,0.8768292665481567,0.6979268193244934
YJR110W,YGR161C-C,0,-7.901993,0.11159397661685944,0.8768292665481567,0.6980487704277039
YBR080C,YDR210W-D,0,-7.901993,0.11157666146755219,0.8768292665481567,0.6981707215309143
YBR160W,YOR343C-A,0,-7.901993,0.11155934631824493,0.8768292665481567,0.6982926726341248
YFR024C,YDR341C,0,-7.901993,0.11154203861951828,0.8768292665481567,0.6984146237373352
YPR108W,YDR210W-D,0,-7.901993,0.11152473837137222,0.8768292665481567,0.6985365748405457
YCL020W,YOR343C-A,0,-7.901993,0.11150744557380676,0.8768292665481567,0.6986585259437561
YDR320C-A,YNL092W,0,-7.901993,0.1114901527762413,0.8768292665481567,0.6987804770469666
YDR079C-A,YOR142W-B,0,-7.901993,0.11147286742925644,0.8768292665481567,0.698902428150177
YOL133W,YDR210W-D,0,-7.901993,0.11145558953285217,0.8768292665481567,0.6990243792533875
YDR228C,YDR210W-D,0,-7.901993,0.1114383116364479,0.8768292665481567,0.6991463303565979
YPR192W,YBL101W-B,0,-7.901993,0.11142104119062424,0.8768292665481567,0.6992682814598083
YIR018W,YOR343C-B,0,-7.901993,0.11140377819538116,0.8768292665481567,0.6993902325630188
YKR095W,YOR343C-A,0,-7.901993,0.11138652265071869,0.8768292665481567,0.6995121836662292
YDL236W,YDR210W-D,0,-7.901993,0.11136926710605621,0.8768292665481567,0.6996341347694397
YHR154W,YBL101W-A,0,-7.901993,0.11135201901197433,0.8768292665481567,0.6997560858726501
YHR101C,YNL284C-A,0,-7.901993,0.11133477836847305,0.8768292665481567,0.6998780369758606
YPL019C,YBL101W-B,0,-7.901993,0.11131753772497177,0.8768292665481567,0.699999988079071
YDL184C,YBL101W-B,0,-7.901993,0.11130031198263168,0.8768292665481567,0.7001219391822815
YNL098C,YOR343C-B,0,-7.901993,0.1112830862402916,0.8768292665481567,0.7002438902854919
YGL063W,YHL009W-A,0,-7.901993,0.11126586049795151,0.8768292665481567,0.7003658413887024
YDL047W,YOR343C-B,0,-7.901993,0.11124864965677261,0.8768292665481567,0.7004877924919128
YCL026C-B,YJL113W,0,-7.901993,0.11123143881559372,0.8768292665481567,0.7006097435951233
YDL132W,YBL101W-A,0,-7.901993,0.11121422797441483,0.8768292665481567,0.7007316946983337
YOR343W-A,YOR343C-B,0,-7.901993,0.11119703203439713,0.8768292665481567,0.7008536458015442
YFR027W,YBL101W-B,0,-7.901993,0.11117983609437943,0.8768292665481567,0.7009755969047546
YPL280W,YNL284C-A,0,-7.901993,0.11116264760494232,0.8768292665481567,0.7010975480079651
YDR007W,YDR210W-C,0,-7.901993,0.11114546656608582,0.8768292665481567,0.7012194991111755
YDL134C-A,YCL020W,0,-7.901993,0.11112828552722931,0.8768292665481567,0.701341450214386
YBL101W-B,YJR028W,0,-7.901993,0.1111111119389534,0.8768292665481567,0.7014634013175964
YBR073W,YPR158C-D,0,-7.901993,0.11109394580125809,0.8768292665481567,0.7015853524208069
YKL138C-A,YNL284C-A,0,-7.901993,0.11107677966356277,0.8768292665481567,0.7017073035240173
YFL011W-A,YIR014W,0,-7.901993,0.11105962097644806,0.8768292665481567,0.7018292546272278
YDR079C-A,YGR125W,0,-7.901993,0.11104246973991394,0.8768292665481567,0.7019512057304382
YJL012C-A,YNL284C-B,0,-7.901993,0.11102532595396042,0.8768292665481567,0.7020731568336487
YDR210W-D,YOR175C,0,-7.901993,0.1110081821680069,0.8768292665481567,0.7021951079368591
YDR173C,YHL009W-A,0,-7.901993,0.11099104583263397,0.8768292665481567,0.7023170590400696
YFR040W,YBL101W-B,0,-7.901993,0.11097391694784164,0.8768292665481567,0.70243901014328
YMR008C,YHL009W-A,0,-7.901993,0.11095678806304932,0.8768292665481567,0.7025609612464905
YDR098C-B,YKR096W,0,-7.902015,0.11093966662883759,0.8768292665481567,0.7026829123497009
YDR494W,YGR109W-B,0,-7.9021006,0.11092255264520645,0.8768292665481567,0.7028048634529114
YGL158W,YLR410W-B,0,-7.902116,0.11090544611215591,0.8768292665481567,0.7029268145561218
YNL229C,YLR157C-B,0,-7.902195,0.11088833957910538,0.8768292665481567,0.7030487656593323
YBR299W,YGL048C,0,-7.902242,0.11087124049663544,0.8768292665481567,0.7031707167625427
YCR033W,YER137C-A,0,-7.9023204,0.1108541488647461,0.8768292665481567,0.7032926678657532
YPL215W,YPL026C,0,-7.9023457,0.11083705723285675,0.8768292665481567,0.7034146189689636
YBL106C,YPL060C-A,0,-7.902354,0.110819973051548,0.8768292665481567,0.7035365700721741
YHL028W,YGR027W-B,0,-7.9023676,0.11080289632081985,0.8768292665481567,0.7036585211753845
YGR191W,YNL054W-B,0,-7.902582,0.1107858270406723,0.8768292665481567,0.703780472278595
YMR150C,YDR098C-A,0,-7.902897,0.11076875776052475,0.8768292665481567,0.7039024233818054
YMR177W,YDR034C-D,0,-7.902974,0.1107516959309578,0.8768292665481567,0.7040243744850159
YCR043C,YOR192C-A,0,-7.9029994,0.11073463410139084,0.8768292665481567,0.7041463255882263
YHR211W,YDR098C-A,0,-7.9030714,0.11071758717298508,0.8768292665481567,0.7042682766914368
YIL168W,YLR227W-B,0,-7.9030867,0.11070054024457932,0.8768292665481567,0.7043902277946472
YNL236W,YJL143W,0,-7.903125,0.11068350076675415,0.8768292665481567,0.7045121788978577
YHL001W,YDR210C-C,0,-7.9031897,0.11066646128892899,0.8768292665481567,0.7046341300010681
YLR286C,YPR158C-D,0,-7.903282,0.11064942926168442,0.8768292665481567,0.7047560811042786
YGR048W,YDR365W-A,0,-7.9033494,0.11063240468502045,0.8768292665481567,0.704878032207489
YNL282W,YOR175C,0,-7.9033604,0.11061538755893707,0.8768292665481567,0.7049999833106995
YCR065W,YLR070C,0,-7.9033904,0.1105983704328537,0.8768292665481567,0.7051219344139099
YLR238W,YDR261C-C,0,-7.9034367,0.11058136075735092,0.8768292665481567,0.7052438855171204
YOL028C,YDR098C-A,0,-7.90347,0.11056435853242874,0.8768292665481567,0.7053658366203308
YLL028W,YDR365W-B,0,-7.9034824,0.11054735630750656,0.8768292665481567,0.7054877877235413
YMR298W,YGR161C-C,0,-7.903491,0.11053036153316498,0.8768292665481567,0.7056097388267517
YNL077W,YLR256W-A,0,-7.9035296,0.11051337420940399,0.8768292665481567,0.7057316899299622
YGL096W,YLR410W-B,0,-7.9035773,0.110496386885643,0.8768292665481567,0.7058536410331726
YGR104C,YOR142W-B,0,-7.903685,0.11047940701246262,0.8768292665481567,0.7059755921363831
YER165W,YJL210W,0,-7.903693,0.11046243458986282,0.8768292665481567,0.7060975432395935
YDR239C,YNL054W-B,0,-7.9037685,0.11044546961784363,0.8768292665481567,0.706219494342804
YLR277C,YOR343W-A,0,-7.903893,0.11042850464582443,0.8768292665481567,0.7063414454460144
YJL042W,YOR295W,0,-7.904031,0.11041154712438583,0.8768292665481567,0.7064633965492249
YBL061C,YPR137C-B,0,-7.9040995,0.11039459705352783,0.8768292665481567,0.7065853476524353
YPR017C,YER159C-A,0,-7.904136,0.11037764698266983,0.8768292665481567,0.7067072987556458
YOL005C,YNL054W-A,0,-7.9041834,0.11036070436239243,0.8768292665481567,0.7068292498588562
YBR273C,YOR192C-B,0,-7.904208,0.11034376919269562,0.8768292665481567,0.7069512009620667
YPL053C,YPL257W-B,0,-7.904249,0.11032683402299881,0.8768292665481567,0.7070731520652771
YAR050W,YGR109W-A,0,-7.904453,0.1103099137544632,0.8768292665481567,0.7071951031684875
YCR028C-A,YDR034C-D,0,-7.904458,0.11029298603534698,0.8768292665481567,0.707317054271698
YGL133W,YOR192C-B,0,-7.9044895,0.11027607321739197,0.8768292665481567,0.7074390053749084
YDR197W,YPR158C-D,0,-7.904498,0.11025916039943695,0.8768292665481567,0.7075609564781189
YER044C-A,YOL103W-A,0,-7.9045205,0.11024225503206253,0.8768292665481567,0.7076829075813293
YGR166W,YGR179C,0,-7.904547,0.11022535711526871,0.8768292665481567,0.7078048586845398
YGR094W,YGL010W,0,-7.904631,0.11020845919847488,0.8768292665481567,0.7079268097877502
YGR157W,YDR098C-B,0,-7.904634,0.11019156873226166,0.8768292665481567,0.7080487608909607
YLR067C,YLR410W-B,0,-7.9046392,0.11017468571662903,0.8768292665481567,0.7081707119941711
YMR153W,YBL005W-A,0,-7.9046783,0.1101578027009964,0.8768292665481567,0.7082926630973816
YKL022C,YER137C-A,0,-7.9047527,0.11014093458652496,0.8768292665481567,0.708414614200592
YER168C,YLR017W,0,-7.9047985,0.11012405902147293,0.8768292665481567,0.7085365653038025
YBR245C,YPR158W-B,0,-7.9049454,0.11010719835758209,0.8768292665481567,0.7086585164070129
YDL243C,YDR034C-D,0,-7.9049554,0.11009033769369125,0.8768292665481567,0.7087804675102234
YJL063C,YGR161C-C,0,-7.9050665,0.11007348448038101,0.8768292665481567,0.7089024186134338
YPR169W,YDR210W-A,0,-7.905266,0.11005663871765137,0.8768292665481567,0.7090243697166443
YLR020C,YOL103W-B,0,-7.905342,0.11003979295492172,0.8768292665481567,0.7091463208198547
YML008C,YLR410W-B,0,-7.9053802,0.11002295464277267,0.8768292665481567,0.7092682719230652
YLL051C,YFL002W-B,0,-7.9054995,0.11000611633062363,0.8768292665481567,0.7093902230262756
YPL101W,YMR035W,0,-7.905593,0.10998929291963577,0.8768292665481567,0.7095121741294861
YGL190C,YNL284C-B,0,-7.9058046,0.10997246950864792,0.8768292665481567,0.7096341252326965
YPL089C,YPR096C,0,-7.905966,0.10995565354824066,0.8768292665481567,0.709756076335907
YBR001C,YDR348C,0,-7.9060507,0.1099388375878334,0.8768292665481567,0.7098780274391174
YNL054W-B,YPR204W,0,-7.906164,0.10992202907800674,0.8768292665481567,0.7099999785423279
YOR008C,YNL284C-B,0,-7.906202,0.10990522801876068,0.8768292665481567,0.7101219296455383
YMR180C,YOL103W-B,0,-7.906205,0.10988842695951462,0.8768292665481567,0.7102438807487488
YKL042W,YDR261W-A,0,-7.906212,0.10987164080142975,0.8768292665481567,0.7103658318519592
YKL130C,YDR261C-C,0,-7.9062634,0.10985485464334488,0.8768292665481567,0.7104877829551697
YGL223C,YJR028W,0,-7.906281,0.10983806848526001,0.8768292665481567,0.7106097340583801
YCR008W,YPL257W-B,0,-7.9062986,0.10982128977775574,0.8768292665481567,0.7107316851615906
YER133W,YIL077C,0,-7.906397,0.10980451852083206,0.8768292665481567,0.710853636264801
YMR198W,YLR227W-B,0,-7.9064264,0.10978775471448898,0.8768292665481567,0.7109755873680115
YKL149C,YGR038C-B,0,-7.9065523,0.1097709909081459,0.8768292665481567,0.7110975384712219
YOR008C,YLR227W-B,0,-7.9067974,0.10975423455238342,0.8768292665481567,0.7112194895744324
YBL085W,YER137C-A,0,-7.9068265,0.10973748564720154,0.8768292665481567,0.7113414406776428
YJL139C,YOR192C-B,0,-7.9071198,0.10972073674201965,0.8768292665481567,0.7114633917808533
YDR316W-B,YDR365W-A,0,-7.9071493,0.10970399528741837,0.8768292665481567,0.7115853428840637
YBR183W,YPR137C-B,0,-7.9071617,0.10968726128339767,0.8768292665481567,0.7117072939872742
YLR109W,YOR142W-B,0,-7.9072924,0.10967052727937698,0.8768292665481567,0.7118292450904846
YFR029W,YDR316W-B,0,-7.907328,0.10965380817651749,0.8768292665481567,0.7119511961936951
YDL030W,YDR098C-B,0,-7.9073405,0.10963708162307739,0.8768292665481567,0.7120731472969055
YDR261C-C,YMR293C,0,-7.9073615,0.10962036997079849,0.8768292665481567,0.712195098400116
YDR513W,YGR109W-A,0,-7.907407,0.10960365831851959,0.8768292665481567,0.7123170495033264
YGR109W-A,YML037C,0,-7.9074354,0.10958695411682129,0.8768292665481567,0.7124390006065369
YDL224C,YOL103W-A,0,-7.907501,0.10957024991512299,0.8768292665481567,0.7125609517097473
YGL005C,YGL012W,0,-7.9076557,0.10955356061458588,0.8768292665481567,0.7126829028129578
YDR303C,YLL055W,0,-7.907707,0.10953687131404877,0.8768292665481567,0.7128048539161682
YPL090C,YHR056C,0,-7.9077663,0.10952018201351166,0.8768292665481567,0.7129268050193787
YBR020W,YGR023W,0,-7.9080634,0.10950350016355515,0.8768292665481567,0.7130487561225891
YDR210C-D,YNR024W,0,-7.9081163,0.10948682576417923,0.8768292665481567,0.7131707072257996
YPR060C,YDR261W-A,0,-7.908211,0.10947015881538391,0.8768292665481567,0.71329265832901
YDR434W,YPL060C-A,0,-7.9082956,0.10945349186658859,0.8768292665481567,0.7134146094322205
YPR169W,YDR261W-A,0,-7.9082956,0.10943683236837387,0.8768292665481567,0.7135365605354309
YLR310C,YNR064C,0,-7.908327,0.10942018032073975,0.8768292665481567,0.7136585116386414
YKL180W,YLR020C,0,-7.9086046,0.10940352827310562,0.8768292665481567,0.7137804627418518
YMR011W,YDR002W,0,-7.908611,0.1093868836760521,0.8768292665481567,0.7139024138450623
YLR274W,YNL024C,0,-7.9086514,0.10937024652957916,0.8768292665481567,0.7140243649482727
YLR231C,YDR259C,0,-7.9087033,0.10935360938310623,0.8768292665481567,0.7141463160514832
YLR411W,YDR098C-A,0,-7.9088383,0.1093369796872139,0.8768292665481567,0.7142682671546936
YER073W,YER137C-A,0,-7.9090357,0.10932035744190216,0.8768292665481567,0.714390218257904
YML118W,YPL085W,0,-7.909417,0.10930374264717102,0.8768292665481567,0.7145121693611145
YLR256W-A,YMR210W,0,-7.90956,0.10928712785243988,0.8768292665481567,0.714634120464325
YIL135C,YDR210W-A,0,-7.910084,0.10927051305770874,0.8768292665481567,0.7147560715675354
YDL123W,YOL052C,0,-7.910248,0.1092539131641388,0.8768292665481567,0.7148780226707458
YGR038W,YMR291W,0,-7.9102693,0.10923731327056885,0.8768292665481567,0.7149999737739563
YJL155C,YPL269W,0,-7.9103937,0.1092207208275795,0.8768292665481567,0.7151219248771667
YPR056W,YLR227W-B,0,-7.910469,0.10920412838459015,0.8768292665481567,0.7152438759803772
YML081C-A,YNL054W-B,0,-7.910597,0.109187550842762,0.8768292665481567,0.7153658270835876
YJR016C,YPL145C,0,-7.910614,0.10917096585035324,0.8768292665481567,0.7154877781867981
YGL166W,YGR161W-B,0,-7.910639,0.10915439575910568,0.8768292665481567,0.7156097292900085
YFL031W,YGR171C,0,-7.910655,0.10913782566785812,0.8768292665481567,0.715731680393219
YOR306C,YDR098C-B,0,-7.9107447,0.10912126302719116,0.8768292665481567,0.7158536314964294
YBR129C,YDR034C-C,0,-7.910836,0.1091047003865242,0.8768292665481567,0.7159755825996399
YDR210W-B,YIL080W,0,-7.9108505,0.10908815264701843,0.8768292665481567,0.7160975337028503
YLL001W,YOR142W-B,0,-7.910866,0.10907160490751266,0.8768292665481567,0.7162194848060608
YEL047C,YPR158W-A,0,-7.9109077,0.1090550571680069,0.8768292665481567,0.7163414359092712
YKL145W,YEL021W,0,-7.9110475,0.10903851687908173,0.8768292665481567,0.7164633870124817
YER165W,YDR531W,0,-7.911231,0.10902198404073715,0.8768292665481567,0.7165853381156921
YEL059C-A,YKL122C,0,-7.911339,0.10900545865297318,0.8768292665481567,0.7167072892189026
YKL108W,YOL103W-B,0,-7.9114885,0.1089889332652092,0.8768292665481567,0.716829240322113
YHL007C,YOL103W-B,0,-7.9119945,0.10897241532802582,0.8768292665481567,0.7169511914253235
YDR465C,YGL083W,0,-7.912047,0.10895590484142303,0.8768292665481567,0.7170731425285339
YDL013W,YDR034C-D,0,-7.912414,0.10893939435482025,0.8768292665481567,0.7171950936317444
YMR313C,YDR261C-C,0,-7.912616,0.10892289131879807,0.8768292665481567,0.7173170447349548
YOL059W,YDL007W,0,-7.912826,0.10890638828277588,0.8768292665481567,0.7174389958381653
YDR439W,YNL284C-B,0,-7.9130254,0.10888990014791489,0.8768292665481567,0.7175609469413757
YML086C,YDR034C-D,0,-7.9132376,0.1088734120130539,0.8768292665481567,0.7176828980445862
YPR164W,YER137C-A,0,-7.9134345,0.1088569238781929,0.8768292665481567,0.7178048491477966
YKR019C,YDR109C,0,-7.913555,0.1088404506444931,0.8768292665481567,0.7179268002510071
YGL256W,YCR018C,0,-7.9139624,0.1088239774107933,0.8768292665481567,0.7180487513542175
YLR285W,YIL091C,0,-7.9140625,0.1088075041770935,0.8768292665481567,0.718170702457428
YDL103C,YER138C,0,-7.9144454,0.1087910458445549,0.8768292665481567,0.7182926535606384
YLR160C,YJL129C,0,-7.9144626,0.1087745875120163,0.8768292665481567,0.7184146046638489
YOR044W,YOR192C-A,0,-7.9147763,0.10875812917947769,0.8768292665481567,0.7185365557670593
YPR009W,YML027W,0,-7.9150047,0.10874167829751968,0.8768292665481567,0.7186585068702698
YOR278W,YGR109W-A,0,-7.9153833,0.10872523486614227,0.8768292665481567,0.718780517578125
YJL082W,YOR142W-B,0,-7.9157343,0.10870879888534546,0.8768292665481567,0.7189024686813354
YGR027C,YGR038C-A,0,-7.9157696,0.10869236290454865,0.8768292665481567,0.7190244197845459
YGR119C,YDR210W-B,0,-7.915849,0.10867593437433243,0.8768292665481567,0.7191463708877563
YJL219W,YLR410W-B,0,-7.9158773,0.10865951329469681,0.8768292665481567,0.7192683219909668
YDR034C-C,YNL208W,0,-7.9160895,0.10864309221506119,0.8768292665481567,0.7193902730941772
YDR034C-C,YOR227W,0,-7.91664,0.10862667858600616,0.8768292665481567,0.7195122241973877
YBL013W,YGR275W,0,-7.917099,0.10861027240753174,0.8768292665481567,0.7196341753005981
YKL201C,YER137C-A,0,-7.917119,0.10859386622905731,0.8768292665481567,0.7197561264038086
YPR043W,YPL273W,0,-7.917423,0.10857746750116348,0.8768292665481567,0.719878077507019
YOL034W,YDR324C,0,-7.917917,0.10856107622385025,0.8768292665481567,0.7200000286102295
YLL018C-A,YER056C-A,0,-7.917919,0.10854468494653702,0.8768292665481567,0.7201219797134399
YCR003W,YMR050C,0,-7.9180427,0.10852830111980438,0.8768292665481567,0.7202439308166504
YPL119C,YDL045W-A,0,-7.9180436,0.10851192474365234,0.8768292665481567,0.7203658819198608
YIL016W,YNL054W-B,0,-7.9185057,0.1084955483675003,0.8768292665481567,0.7204878330230713
YEL066W,YOL076W,1,-7.918586,0.10863005369901657,0.8780487775802612,0.7204878330230713
YHR104W,YJL123C,0,-7.9188366,0.10861366987228394,0.8780487775802612,0.7206097841262817
YDR452W,YJL025W,0,-7.9188895,0.1085972860455513,0.8780487775802612,0.7207317352294922
YBR228W,YLL067C,0,-7.919269,0.10858090966939926,0.8780487775802612,0.7208536863327026
YNL293W,YOR192C-A,0,-7.9195385,0.10856453329324722,0.8780487775802612,0.7209756374359131
YKL024C,YGR027W-B,0,-7.919565,0.10854817181825638,0.8780487775802612,0.7210975885391235
YNL268W,YDR261W-A,0,-7.9197874,0.10853180289268494,0.8780487775802612,0.721219539642334
YNL082W,YLR040C,0,-7.9198294,0.10851544886827469,0.8780487775802612,0.7213414907455444
YER116C,YPR137C-B,0,-7.920022,0.10849909484386444,0.8780487775802612,0.7214634418487549
YNL072W,YER159C-A,0,-7.920079,0.10848274827003479,0.8780487775802612,0.7215853929519653
YDL007W,YLR256W-A,0,-7.920436,0.10846640914678574,0.8780487775802612,0.7217073440551758
YIL097W,YGR161W-B,0,-7.9204617,0.10845007002353668,0.8780487775802612,0.7218292951583862
YGL210W,YDR034C-D,0,-7.920738,0.10843373835086823,0.8780487775802612,0.7219512462615967
YOR127W,YHR069C,0,-7.920765,0.10841740667819977,0.8780487775802612,0.7220731973648071
YMR140W,YLR410W-B,0,-7.921068,0.10840108245611191,0.8780487775802612,0.7221951484680176
YFL039C,YDR167W,1,-7.9211335,0.1085352972149849,0.8792682886123657,0.7221951484680176
YBL074C,YMR267W,0,-7.92128,0.10851896554231644,0.8792682886123657,0.722317099571228
YLR134W,YOL103W-B,0,-7.921401,0.10850263386964798,0.8792682886123657,0.7224390506744385
YGL111W,YDL188C,0,-7.921443,0.10848630964756012,0.8792682886123657,0.7225610017776489
YHR042W,YFL049W,0,-7.9214773,0.10846998542547226,0.8792682886123657,0.7226829528808594
YJL053W,YPL225W,0,-7.922028,0.108453668653965,0.8792682886123657,0.7228049039840698
YPL246C,YPR137C-B,0,-7.9221454,0.10843735933303833,0.8792682886123657,0.7229268550872803
YMR020W,YPR125W,0,-7.922413,0.10842105001211166,0.8792682886123657,0.7230488061904907
YBR155W,YJR138W,0,-7.9225397,0.1084047481417656,0.8792682886123657,0.7231707572937012
YBR088C,YKL113C,0,-7.922703,0.10838845372200012,0.8792682886123657,0.7232927083969116
YHR069C,YOR086C,0,-7.922725,0.10837215930223465,0.8792682886123657,0.7234146595001221
YOL071W,YPL214C,0,-7.9228945,0.10835587978363037,0.8792682886123657,0.7235366106033325
YKR097W,YOL103W-B,0,-7.9229116,0.1083395928144455,0.8792682886123657,0.723658561706543
YGR010W,YBR230C,0,-7.9232836,0.10832332074642181,0.8792682886123657,0.7237805128097534
YDL047W,YJR026W,0,-7.9233484,0.10830704867839813,0.8792682886123657,0.7239024639129639
YLR210W,YDR239C,0,-7.9234133,0.10829077661037445,0.8792682886123657,0.7240244150161743
YJL099W,YNR054C,0,-7.9234524,0.10827451199293137,0.8792682886123657,0.7241463661193848
YJL072C,YMR229C,0,-7.9244013,0.10825825482606888,0.8792682886123657,0.7242683172225952
YJL122W,YDR501W,0,-7.9246964,0.10824200510978699,0.8792682886123657,0.7243902683258057
YIL076W,YGR109W-B,0,-7.924935,0.1082257553935051,0.8792682886123657,0.7245122194290161
YLR401C,YOR192C-B,0,-7.92526,0.1082095131278038,0.8792682886123657,0.7246341705322266
YBR286W,YKL063C,0,-7.9254065,0.1081932783126831,0.8792682886123657,0.724756121635437
YJL179W,YDR365W-B,0,-7.9254484,0.10817704349756241,0.8792682886123657,0.7248780727386475
YNL301C,YDR261C-C,0,-7.9256372,0.10816081613302231,0.8792682886123657,0.7250000238418579
YEL042W,YDL216C,0,-7.9257846,0.1081445962190628,0.8792682886123657,0.7251219749450684
YFL056C,YOR343W-A,0,-7.9260144,0.1081283763051033,0.8792682886123657,0.7252439260482788
YKL093W,YDR210W-B,0,-7.926037,0.1081121638417244,0.8792682886123657,0.7253658771514893
YCL014W,YDR261C-C,0,-7.9261236,0.10809595137834549,0.8792682886123657,0.7254878282546997
YLR324W,YOR254C,0,-7.926312,0.10807974636554718,0.8792682886123657,0.7256097793579102
YHR165C,YOL103W-B,0,-7.9266367,0.10806354880332947,0.8792682886123657,0.7257317304611206
YML110C,YNR004W,0,-7.9269576,0.10804735869169235,0.8792682886123657,0.725853681564331
YLR151C,YNL054W-B,0,-7.9269876,0.10803116858005524,0.8792682886123657,0.7259756326675415
YIL035C,YPL121C,0,-7.9270997,0.10801497846841812,0.8792682886123657,0.726097583770752
YBR247C,YKR007W,0,-7.9271793,0.1079988032579422,0.8792682886123657,0.7262195348739624
YDL126C,YDR261C-C,0,-7.927285,0.10798262804746628,0.8792682886123657,0.7263414859771729
YOL102C,YDR034C-C,0,-7.9275813,0.10796646028757095,0.8792682886123657,0.7264634370803833
YJR059W,YDR210C-D,0,-7.9276094,0.10795029252767563,0.8792682886123657,0.7265853881835938
YJL111W,YHL009W-B,0,-7.9277167,0.1079341322183609,0.8792682886123657,0.7267073392868042
YAL041W,YML040W,0,-7.9278154,0.10791797935962677,0.8792682886123657,0.7268292903900146
YLR139C,YOL103W-B,0,-7.9280677,0.10790182650089264,0.8792682886123657,0.7269512414932251
YGL031C,YDR109C,0,-7.928168,0.1078856810927391,0.8792682886123657,0.7270731925964355
YKR068C,YPR011C,0,-7.928169,0.10786953568458557,0.8792682886123657,0.727195143699646
YMR277W,YGR245C,0,-7.928177,0.10785340517759323,0.8792682886123657,0.7273170948028564
YNL082W,YNL024C,0,-7.9284163,0.10783727467060089,0.8792682886123657,0.7274390459060669
YDR098C-A,YML045W,0,-7.928442,0.10782114416360855,0.8792682886123657,0.7275609970092773
YCR034W,YML074C,0,-7.9288254,0.10780502110719681,0.8792682886123657,0.7276829481124878
YJL145W,YGR109W-B,0,-7.929138,0.10778890550136566,0.8792682886123657,0.7278048992156982
YDR087C,YLR147C,0,-7.929228,0.10777279734611511,0.8792682886123657,0.7279268503189087
YKL011C,YER122C,0,-7.92941,0.10775668919086456,0.8792682886123657,0.7280488014221191
YOR025W,YDR261C-C,0,-7.9294443,0.10774058848619461,0.8792682886123657,0.7281707525253296
YHR178W,YLR132C,0,-7.9297485,0.10772448778152466,0.8792682886123657,0.72829270362854
YPL120W,YFL002W-B,0,-7.929925,0.1077083945274353,0.8792682886123657,0.7284146547317505
YBR105C,YGR054W,0,-7.9299526,0.10769230872392654,0.8792682886123657,0.7285366058349609
YHR010W,YDR034C-D,0,-7.929984,0.10767622292041779,0.8792682886123657,0.7286585569381714
YPL048W,YGR005C,0,-7.930004,0.10766014456748962,0.8792682886123657,0.7287805080413818
YDR191W,YDR210C-D,0,-7.9301195,0.10764407366514206,0.8792682886123657,0.7289024591445923
YKL143W,YGR109W-B,0,-7.9301276,0.1076280027627945,0.8792682886123657,0.7290244102478027
YDR450W,YDR261W-A,0,-7.9304647,0.10761193931102753,0.8792682886123657,0.7291463613510132
YML069W,YGL076C,0,-7.930502,0.10759588330984116,0.8792682886123657,0.7292683124542236
YMR311C,YOR294W,0,-7.9305496,0.10757982730865479,0.8792682886123657,0.7293902635574341
YIL117C,YER022W,0,-7.9306555,0.10756377875804901,0.8792682886123657,0.7295122146606445
YER088C,YCL026C-B,0,-7.9313765,0.10754773020744324,0.8792682886123657,0.729634165763855
YOR278W,YDR541C,0,-7.9317007,0.10753168910741806,0.8792682886123657,0.7297561168670654
YLR025W,YLR132C,0,-7.931904,0.10751565545797348,0.8792682886123657,0.7298780679702759
YOL121C,YDR261W-A,0,-7.931948,0.1074996292591095,0.8792682886123657,0.7300000190734863
YPL209C,YDR034C-D,0,-7.931993,0.10748360306024551,0.8792682886123657,0.7301219701766968
YIL160C,YJL118W,0,-7.9319963,0.10746758431196213,0.8792682886123657,0.7302439212799072
YCR089W,YGL062W,0,-7.932516,0.10745156556367874,0.8792682886123657,0.7303658723831177
YHL047C,YPR158W-B,0,-7.932533,0.10743555426597595,0.8792682886123657,0.7304878234863281
YJL065C,YDR365W-B,0,-7.9326305,0.10741955041885376,0.8792682886123657,0.7306097745895386
YAL017W,YGR109W-B,0,-7.9328737,0.10740354657173157,0.8792682886123657,0.730731725692749
YFR009W,YLR410W-B,0,-7.932928,0.10738755017518997,0.8792682886123657,0.7308536767959595
YPL101W,YJL048C,0,-7.9329414,0.10737155377864838,0.8792682886123657,0.7309756278991699
YGR191W,YDR316W-B,0,-7.933036,0.10735557228326797,0.8792682886123657,0.7310975790023804
YDR329C,YNL067W,0,-7.933576,0.10733958333730698,0.8792682886123657,0.7312195301055908
YOR221C,YBL068W,0,-7.9337444,0.10732360929250717,0.8792682886123657,0.7313414812088013
YOR317W,YPR131C,1,-7.9341297,0.10745646804571152,0.8804877996444702,0.7313414812088013
YLR459W,YOR119C,0,-7.9341984,0.10744047909975052,0.8804877996444702,0.7314634323120117
YJL063C,YOL125W,0,-7.93451,0.10742449015378952,0.8804877996444702,0.7315853834152222
YMR246W,YPR051W,1,-7.9345818,0.1075572744011879,0.8817073106765747,0.7315853834152222
YDL128W,YDR365W-A,0,-7.9348707,0.1075412780046463,0.8817073106765747,0.7317073345184326
YLL028W,YLR417W,0,-7.935173,0.1075252816081047,0.8817073106765747,0.7318292856216431
YPR191W,YOL093W,0,-7.935548,0.10750929266214371,0.8817073106765747,0.7319512367248535
YCR047C,YGL115W,0,-7.935851,0.1074933111667633,0.8817073106765747,0.732073187828064
YOL086C,YNL192W,0,-7.9359384,0.1074773296713829,0.8817073106765747,0.7321951389312744
YGR286C,YNL007C,0,-7.936372,0.1074613556265831,0.8817073106765747,0.7323170900344849
YMR091C,YDR365W-B,0,-7.9363832,0.10744538903236389,0.8817073106765747,0.7324390411376953
YDL017W,YDR210W-B,0,-7.936626,0.10742942243814468,0.8817073106765747,0.7325609922409058
YGR007W,YDR348C,0,-7.9368024,0.10741346329450607,0.8817073106765747,0.7326829433441162
YBR299W,YPR158W-B,0,-7.937274,0.10739750415086746,0.8817073106765747,0.7328048944473267
YHL007C,YDL185W,0,-7.9374313,0.10738155245780945,0.8817073106765747,0.7329268455505371
YKR097W,YGR172C,0,-7.937481,0.10736560821533203,0.8817073106765747,0.7330487966537476
YLR090W,YPR011C,0,-7.9380713,0.10734966397285461,0.8817073106765747,0.733170747756958
YLR214W,YPR110C,0,-7.93809,0.1073337271809578,0.8817073106765747,0.7332926988601685
YLR395C,YLR410W-B,0,-7.938246,0.10731779783964157,0.8817073106765747,0.7334146499633789
YKL184W,YDR098C-B,0,-7.938732,0.10730186849832535,0.8817073106765747,0.7335366010665894
YGR044C,YIL099W,0,-7.938818,0.10728594660758972,0.8817073106765747,0.7336585521697998
YGR165W,YDR261W-A,0,-7.9390063,0.10727003216743469,0.8817073106765747,0.7337805032730103
YHR005C-A,YOR326W,0,-7.9390526,0.10725411772727966,0.8817073106765747,0.7339024543762207
YGR179C,YBR294W,0,-7.9392347,0.10723821073770523,0.8817073106765747,0.7340244054794312
YLR044C,YHL012W,0,-7.939371,0.1072223037481308,0.8817073106765747,0.7341463565826416
YOL076W,YOR064C,1,-7.939567,0.10735468566417694,0.8829268217086792,0.7341463565826416
YKR049C,YER052C,0,-7.939715,0.10733877122402191,0.8829268217086792,0.734268307685852
YGR208W,YGR033C,0,-7.940074,0.10732285678386688,0.8829268217086792,0.7343902587890625
YAL054C,YJL115W,1,-7.940324,0.10745516419410706,0.8841463327407837,0.7343902587890625
YPL127C,YOR312C,0,-7.9407406,0.10743924230337143,0.8841463327407837,0.734512209892273
YLR381W,YNL024C,0,-7.940821,0.1074233204126358,0.8841463327407837,0.7346341609954834
YDR088C,YPR137C-A,0,-7.940892,0.10740740597248077,0.8841463327407837,0.7347561120986938
YPR102C,YBL005W-B,0,-7.9412293,0.10739149898290634,0.8841463327407837,0.7348780632019043
YPR122W,YPR166C,0,-7.9414873,0.10737559199333191,0.8841463327407837,0.7350000143051147
YPL255W,YOR233W,0,-7.941968,0.10735969245433807,0.8841463327407837,0.7351219654083252
YNL030W,YGR161W-B,0,-7.94208,0.10734379291534424,0.8841463327407837,0.7352439165115356
YIL122W,YDL201W,0,-7.942197,0.1073279082775116,0.8841463327407837,0.7353658676147461
YBR077C,YGR027W-B,0,-7.942376,0.10731201618909836,0.8841463327407837,0.7354878187179565
YOR217W,YDR098C-B,0,-7.942724,0.10729613900184631,0.8841463327407837,0.735609769821167
YER119C,YMR323W,0,-7.943298,0.10728026181459427,0.8841463327407837,0.7357317209243774
YDL201W,YOR343W-A,0,-7.9436088,0.10726438462734222,0.8841463327407837,0.7358536720275879
YDR192C,YOR228C,0,-7.9436226,0.10724852234125137,0.8841463327407837,0.7359756231307983
YJL137C,YDR025W,0,-7.9438505,0.10723266005516052,0.8841463327407837,0.7360975742340088
YGR195W,YOR192C-B,0,-7.943983,0.10721679776906967,0.8841463327407837,0.7362195253372192
YDR335W,YNL299W,0,-7.9441686,0.10720094293355942,0.8841463327407837,0.7363414764404297
YHR039C,YGR116W,0,-7.9444094,0.10718509554862976,0.8841463327407837,0.7364634275436401
YOR032C,YER078C,0,-7.9450536,0.1071692556142807,0.8841463327407837,0.7365853786468506
YHR013C,YBR198C,1,-7.945331,0.10730121284723282,0.8853658437728882,0.7365853786468506
YNR016C,YLR448W,0,-7.9455633,0.10728535801172256,0.8853658437728882,0.736707329750061
YDL207W,YGR109W-B,0,-7.9456167,0.10726950317621231,0.8853658437728882,0.7368292808532715
YOR216C,YHR048W,0,-7.946302,0.10725365579128265,0.8853658437728882,0.7369512319564819
YER148W,YOR192C-B,0,-7.9463377,0.1072378158569336,0.8853658437728882,0.7370731830596924
YJR092W,YLR117C,0,-7.946413,0.10722197592258453,0.8853658437728882,0.7371951341629028
YPR006C,YNL054W-A,0,-7.9466953,0.10720614343881607,0.8853658437728882,0.7373170852661133
YDR330W,YIL082W-A,0,-7.9468026,0.10719031095504761,0.8853658437728882,0.7374390363693237
YDL147W,YML045W,0,-7.9468384,0.10717449337244034,0.8853658437728882,0.7375609874725342
YMR032W,YMR035W,0,-7.946847,0.10715866833925247,0.8853658437728882,0.7376829385757446
YMR195W,YAL034W-A,0,-7.9474764,0.1071428582072258,0.8853658437728882,0.7378048896789551
YCR071C,YEL021W,0,-7.947629,0.10712704807519913,0.8853658437728882,0.7379268407821655
YJR045C,YCR060W,0,-7.947796,0.10711124539375305,0.8853658437728882,0.738048791885376
YIL079C,YOR151C,0,-7.9478903,0.10709544271230698,0.8853658437728882,0.7381707429885864
YIR012W,YOL103W-B,0,-7.948636,0.1070796474814415,0.8853658437728882,0.7382926940917969
YOR295W,YBR284W,0,-7.9489493,0.10706385225057602,0.8853658437728882,0.7384146451950073
YOR144C,YCR028C-A,0,-7.9494586,0.10704807192087173,0.8853658437728882,0.7385365962982178
YFR050C,YLR126C,0,-7.9498234,0.10703228414058685,0.8853658437728882,0.7386585474014282
YMR318C,YHR172W,0,-7.9506273,0.10701651126146317,0.8853658437728882,0.7387804985046387
YDR488C,YOR228C,0,-7.950885,0.10700073838233948,0.8853658437728882,0.7389024496078491
YPR183W,YIR018W,0,-7.9510736,0.10698496550321579,0.8853658437728882,0.7390244007110596
YML113W,YFL018W-A,0,-7.9510965,0.1069692075252533,0.8853658437728882,0.73914635181427
YFR051C,YGR085C,0,-7.9511576,0.1069534495472908,0.8853658437728882,0.7392683029174805
YGL209W,YGR086C,0,-7.951708,0.10693769156932831,0.8853658437728882,0.7393902540206909
YLR086W,YGR111W,0,-7.9517097,0.10692194104194641,0.8853658437728882,0.7395122051239014
YGR085C,YML055W,0,-7.9517136,0.10690619796514511,0.8853658437728882,0.7396341562271118
YJL172W,YML058W-A,0,-7.952157,0.10689046233892441,0.8853658437728882,0.7397561073303223
YIL034C,YFR030W,0,-7.9522095,0.1068747267127037,0.8853658437728882,0.7398780584335327
YLL027W,YEL041W,0,-7.952792,0.106858991086483,0.8853658437728882,0.7400000095367432
YDL184C,YBL100W-B,0,-7.952892,0.10684327036142349,0.8853658437728882,0.7401219606399536
YHR146W,YMR291W,0,-7.953136,0.10682754218578339,0.8853658437728882,0.7402439117431641
YAL055W,YOR091W,0,-7.9532213,0.10681182891130447,0.8853658437728882,0.7403658628463745
YCR011C,YBR213W,0,-7.9533787,0.10679611563682556,0.8853658437728882,0.740487813949585
YLR051C,YBR216C,0,-7.9534264,0.10678040981292725,0.8853658437728882,0.7406097650527954
YCL045C,YLR040C,0,-7.953792,0.10676470398902893,0.8853658437728882,0.7407317161560059
YNR058W,YNR012W,0,-7.9538107,0.10674900561571121,0.8853658437728882,0.7408536672592163
YDL082W,YCR045C,0,-7.9540086,0.10673331469297409,0.8853658437728882,0.7409756183624268
YDR295C,YBR054W,0,-7.954115,0.10671762377023697,0.8853658437728882,0.7410975694656372
YOL007C,YLR316C,0,-7.9542637,0.10670194029808044,0.8853658437728882,0.7412195205688477
YLR068W,YNR039C,0,-7.9546986,0.10668625682592392,0.8853658437728882,0.7413414716720581
YFR036W,YBR021W,0,-7.9547253,0.10667058825492859,0.8853658437728882,0.7414634227752686
YDR115W,YNR004W,0,-7.954866,0.10665491223335266,0.8853658437728882,0.741585373878479
YFL024C,YIL009W,1,-7.954913,0.10678613185882568,0.8865853548049927,0.741585373878479
YKL032C,YMR104C,0,-7.9551716,0.10677044838666916,0.8865853548049927,0.7417073249816895
YER103W,YHR003C,0,-7.955312,0.10675477236509323,0.8865853548049927,0.7418292760848999
YDR329C,YNL339C,0,-7.9553294,0.1067390963435173,0.8865853548049927,0.7419512271881104
YPL202C,YHL009W-B,0,-7.955426,0.10672342777252197,0.8865853548049927,0.7420731782913208
YER007C-A,YJL118W,0,-7.955484,0.10670776665210724,0.8865853548049927,0.7421951293945312
YDL101C,YNL256W,0,-7.9556694,0.1066921055316925,0.8865853548049927,0.7423170804977417
YPL106C,YHL012W,0,-7.9556723,0.10667645186185837,0.8865853548049927,0.7424390316009521
YHR194W,YOR192C-B,0,-7.9557834,0.10666079819202423,0.8865853548049927,0.7425609827041626
YJR063W,YDL180W,0,-7.9557962,0.10664515197277069,0.8865853548049927,0.742682933807373
YPL017C,YOR150W,0,-7.955924,0.10662951320409775,0.8865853548049927,0.7428048849105835
YDL204W,YMR122W-A,0,-7.955969,0.1066138744354248,0.8865853548049927,0.742926836013794
YJL078C,YGR271C-A,0,-7.9563518,0.10659824311733246,0.8865853548049927,0.7430487871170044
YNL094W,YGL075C,0,-7.956798,0.10658261179924011,0.8865853548049927,0.7431707382202148
YDR244W,YOL061W,0,-7.9570475,0.10656698793172836,0.8865853548049927,0.7432926893234253
YLR237W,YDR210C-C,0,-7.957213,0.10655137151479721,0.8865853548049927,0.7434146404266357
YOR377W,YNL279W,0,-7.9572153,0.10653575509786606,0.8865853548049927,0.7435365915298462
YGR184C,YLL067C,0,-7.957274,0.1065201461315155,0.8865853548049927,0.7436585426330566
YOR304W,YGR214W,0,-7.957559,0.10650454461574554,0.8865853548049927,0.7437804937362671
YOR303W,YPR114W,0,-7.958019,0.10648894309997559,0.8865853548049927,0.7439024448394775
YGR166W,YPR098C,0,-7.9582534,0.10647334158420563,0.8865853548049927,0.744024395942688
YKL087C,YLR132C,0,-7.9584885,0.10645775496959686,0.8865853548049927,0.7441463470458984
YLR206W,YPL236C,0,-7.9585443,0.1064421683549881,0.8865853548049927,0.7442682981491089
YDR025W,YGR270W,0,-7.9589005,0.10642658174037933,0.8865853548049927,0.7443902492523193
YDR202C,YDL130W-A,0,-7.959025,0.10641101002693176,0.8865853548049927,0.7445122003555298
YHL031C,YGR038C-B,0,-7.9592037,0.1063954308629036,0.8865853548049927,0.7446341514587402
YNL242W,YMR104C,0,-7.9592547,0.10637986660003662,0.8865853548049927,0.7447561025619507
YER030W,YPL220W,0,-7.959609,0.10636430233716965,0.8865853548049927,0.7448780536651611
YBL099W,YDR003W,0,-7.959692,0.10634874552488327,0.8865853548049927,0.7450000047683716
YNR056C,YNL299W,0,-7.959716,0.1063331887125969,0.8865853548049927,0.745121955871582
YKL054C,YLR223C,0,-7.959756,0.10631763935089111,0.8865853548049927,0.7452439069747925
YMR011W,YIL150C,0,-7.959928,0.10630208998918533,0.8865853548049927,0.7453658580780029
YPR112C,YIL109C,0,-7.960288,0.10628654807806015,0.8865853548049927,0.7454878091812134
YHR106W,YCR043C,0,-7.960388,0.10627101361751556,0.8865853548049927,0.7456097602844238
YOR393W,YBR133C,0,-7.960841,0.10625547915697098,0.8865853548049927,0.7457317113876343
YLL034C,YKL108W,0,-7.960943,0.10623995214700699,0.8865853548049927,0.7458536624908447
YNR020C,YJL094C,0,-7.960952,0.1062244325876236,0.8865853548049927,0.7459756135940552
YDL101C,YGR145W,0,-7.9612904,0.1062089130282402,0.8865853548049927,0.7460975646972656
YOR014W,YLR157C-B,0,-7.9614534,0.10619340091943741,0.8865853548049927,0.7462195158004761
YER045C,YNR044W,0,-7.961655,0.10617788881063461,0.8865853548049927,0.7463414669036865
YDR198C,YDR352W,0,-7.9619017,0.10616238415241241,0.8865853548049927,0.746463418006897
YGL187C,YCR045C,0,-7.9619074,0.10614687949419022,0.8865853548049927,0.7465853691101074
YLR249W,YDR365W-B,0,-7.962369,0.10613138973712921,0.8865853548049927,0.7467073202133179
YNL036W,YOR124C,0,-7.962541,0.10611589252948761,0.8865853548049927,0.7468292713165283
YNL202W,YIL172C,0,-7.96379,0.1061004102230072,0.8865853548049927,0.7469512224197388
YHR005C,YNL160W,0,-7.964301,0.1060849279165268,0.8865853548049927,0.7470731735229492
YGR059W,YOR084W,0,-7.96441,0.10606944561004639,0.8865853548049927,0.7471951246261597
YOR301W,YPL087W,0,-7.965228,0.10605397820472717,0.8865853548049927,0.7473170757293701
YLR142W,YGR038C-A,0,-7.9652543,0.10603850334882736,0.8865853548049927,0.7474390268325806
YLR134W,YLR333C,0,-7.965916,0.10602304339408875,0.8865853548049927,0.747560977935791
YKL156W,YOL067C,0,-7.9660234,0.10600758343935013,0.8865853548049927,0.7476829290390015
YDL043C,YPR158C-D,0,-7.966449,0.10599212348461151,0.8865853548049927,0.7478048801422119
YGR065C,YDL180W,0,-7.966535,0.10597667843103409,0.8865853548049927,0.7479268312454224
YNR057C,YLR390W-A,0,-7.9669123,0.10596123337745667,0.8865853548049927,0.7480487823486328
YBR164C,YIR013C,0,-7.9675584,0.10594578832387924,0.8865853548049927,0.7481707334518433
YPL043W,YDR307W,0,-7.9676394,0.10593035072088242,0.8865853548049927,0.7482926845550537
YOR317W,YOR064C,1,-7.968358,0.10606060922145844,0.8878048658370972,0.7482926845550537
YLR332W,YIL082W-A,0,-7.969547,0.10604515671730042,0.8878048658370972,0.7484146356582642
YJL115W,YER015W,1,-7.9696083,0.10617535561323166,0.8890243768692017,0.7484146356582642
YMR215W,YLR369W,0,-7.970109,0.10615989565849304,0.8890243768692017,0.7485365867614746
YKL006C-A,YNL208W,0,-7.9708858,0.10614443570375443,0.8890243768692017,0.7486585378646851
YGL158W,YDR045C,0,-7.9709835,0.1061289831995964,0.8890243768692017,0.7487804889678955
YHR042W,YKR065C,0,-7.9714956,0.10611353814601898,0.8890243768692017,0.748902440071106
YGL166W,YOL071W,0,-7.971628,0.10609809309244156,0.8890243768692017,0.7490243911743164
YDR385W,YDR021W,0,-7.9717956,0.10608265548944473,0.8890243768692017,0.7491463422775269
YKL175W,YGR109W-B,0,-7.9722104,0.1060672178864479,0.8890243768692017,0.7492682933807373
YHL002W,YDL060W,0,-7.972324,0.10605178773403168,0.8890243768692017,0.7493902444839478
YBR218C,YPR137C-A,0,-7.972745,0.10603636503219604,0.8890243768692017,0.7495121955871582
YPL232W,YLL067C,0,-7.9730372,0.10602094233036041,0.8890243768692017,0.7496341466903687
YAL008W,YGR038C-A,0,-7.973327,0.10600552707910538,0.8890243768692017,0.7497560977935791
YOR264W,YGL045W,0,-7.973359,0.10599011182785034,0.8890243768692017,0.7498780488967896
YDL133C-A,YPR137C-B,0,-7.973375,0.1059747040271759,0.8890243768692017,0.75
YDR153C,YDL180W,0,-7.973385,0.10595930367708206,0.8890243768692017,0.7501219511032104
YGR204W,YPR118W,0,-7.973442,0.10594390332698822,0.8890243768692017,0.7502439022064209
YJR007W,YGR038C-B,0,-7.9736667,0.10592851042747498,0.8890243768692017,0.7503658533096313
YMR168C,YPR151C,0,-7.9737377,0.10591311752796173,0.8890243768692017,0.7504878044128418
YPR190C,YDR210C-D,0,-7.9739575,0.10589773207902908,0.8890243768692017,0.7506097555160522
YPL094C,YDR476C,0,-7.9740047,0.10588235408067703,0.8890243768692017,0.7507317066192627
YNR067C,YMR311C,0,-7.974078,0.10586697608232498,0.8890243768692017,0.7508536577224731
YDR399W,YOR343W-A,0,-7.9743943,0.10585160553455353,0.8890243768692017,0.7509756088256836
YJR057W,YNL213C,0,-7.9748893,0.10583623498678207,0.8890243768692017,0.751097559928894
YDR142C,YFL002W-A,0,-7.975118,0.10582087188959122,0.8890243768692017,0.7512195110321045
YLL009C,YOR256C,0,-7.9751587,0.10580551624298096,0.8890243768692017,0.7513414621353149
YPL208W,YLR042C,0,-7.9761295,0.1057901605963707,0.8890243768692017,0.7514634132385254
YEL066W,YOL110W,1,-7.976632,0.10591990500688553,0.8902438879013062,0.7514634132385254
YDL045W-A,YNR015W,0,-7.977076,0.10590454190969467,0.8902438879013062,0.7515853643417358
YOL031C,YOL091W,0,-7.977147,0.10588917881250381,0.8902438879013062,0.7517073154449463
YHR074W,YGR161C-C,0,-7.977743,0.10587382316589355,0.8902438879013062,0.7518292665481567
YDR098C-B,YGR054W,0,-7.9779854,0.1058584675192833,0.8902438879013062,0.7519512176513672
YEL064C,YGR109W-B,0,-7.978762,0.10584311932325363,0.8902438879013062,0.7520731687545776
YKL079W,YBR012W-B,0,-7.978834,0.10582777857780457,0.8902438879013062,0.7521951198577881
YNR053C,YDR034C-D,0,-7.97983,0.1058124378323555,0.8902438879013062,0.7523170709609985
YKL012W,YNL186W,0,-7.9800406,0.10579710453748703,0.8902438879013062,0.752439022064209
YKR083C,YPR041W,0,-7.980582,0.10578177124261856,0.8902438879013062,0.7525609731674194
YPL037C,YER123W,0,-7.9806957,0.10576644539833069,0.8902438879013062,0.7526829242706299
YGR271W,YMR050C,0,-7.981069,0.10575111955404282,0.8902438879013062,0.7528048753738403
YBL087C,YDR034C-C,0,-7.9811883,0.10573580861091614,0.8902438879013062,0.7529268264770508
YBR086C,YNR064C,0,-7.9812636,0.10572049021720886,0.8902438879013062,0.7530487775802612
YMR040W,YER190W,0,-7.98129,0.10570518672466278,0.8902438879013062,0.7531707286834717
YDL171C,YER169W,0,-7.9816446,0.1056898832321167,0.8902438879013062,0.7532926797866821
YBR018C,YOR122C,0,-7.981841,0.10567457973957062,0.8902438879013062,0.7534146308898926
YKL086W,YDR027C,0,-7.9823055,0.10565928369760513,0.8902438879013062,0.753536581993103
YGL155W,YBL068W,0,-7.982568,0.10564399510622025,0.8902438879013062,0.7536585330963135
YGR109C,YFR025C,0,-7.9825926,0.10562870651483536,0.8902438879013062,0.7537804841995239
YPL186C,YPR137C-A,0,-7.982706,0.10561342537403107,0.8902438879013062,0.7539024353027344
YGR268C,YKL053C-A,0,-7.983016,0.10559815168380737,0.8902438879013062,0.7540243864059448
YDR040C,YPR080W,0,-7.9832387,0.10558287799358368,0.8902438879013062,0.7541463375091553
YAL040C,YPL173W,0,-7.9834495,0.10556760430335999,0.8902438879013062,0.7542682886123657
YBR108W,YFL052W,0,-7.9838724,0.10555234551429749,0.8902438879013062,0.7543902397155762
YDL181W,YKL126W,0,-7.98392,0.10553707927465439,0.8902438879013062,0.7545121908187866
YKL094W,YMR122W-A,0,-7.983988,0.10552182793617249,0.8902438879013062,0.7546341419219971
YOR103C,YIL177C,0,-7.9848394,0.10550657659769058,0.8902438879013062,0.7547560930252075
YGL029W,YPL023C,0,-7.9849234,0.10549133270978928,0.8902438879013062,0.754878044128418
YNR030W,YDR210W-B,0,-7.9851522,0.10547608882188797,0.8902438879013062,0.7549999952316284
YHL007C,YIR003W,0,-7.985491,0.10546085238456726,0.8902438879013062,0.7551219463348389
YDL226C,YGR038C-B,0,-7.985544,0.10544561594724655,0.8902438879013062,0.7552438974380493
YER001W,YER149C,0,-7.9858675,0.10543038696050644,0.8902438879013062,0.7553658485412598
YEL042W,YHR102W,0,-7.9859595,0.10541516542434692,0.8902438879013062,0.7554877996444702
YBR018C,YPR002W,0,-7.986191,0.10539994388818741,0.8902438879013062,0.7556097507476807
YGR006W,YDR307W,0,-7.9862432,0.10538472980260849,0.8902438879013062,0.7557317018508911
YBL074C,YER026C,0,-7.986249,0.10536951571702957,0.8902438879013062,0.7558536529541016
YMR060C,YDR365W-A,0,-7.9865236,0.10535430908203125,0.8902438879013062,0.755975604057312
YCR068W,YBL011W,0,-7.9869785,0.10533910244703293,0.8902438879013062,0.7560975551605225
YLR008C,YOL103W-B,0,-7.9870124,0.1053239107131958,0.8902438879013062,0.7562195062637329
YGL105W,YMR081C,0,-7.987054,0.10530871152877808,0.8902438879013062,0.7563414573669434
YKL142W,YPL151C,0,-7.987295,0.10529352724552155,0.8902438879013062,0.7564634084701538
YBR010W,YBR016W,0,-7.988134,0.10527833551168442,0.8902438879013062,0.7565853595733643
YOR257W,YER003C,0,-7.9882054,0.10526315867900848,0.8902438879013062,0.7567073106765747
YGL169W,YDR365W-B,0,-7.988642,0.10524798184633255,0.8902438879013062,0.7568292617797852
YAR014C,YML113W,0,-7.988718,0.10523281246423721,0.8902438879013062,0.7569512128829956
YLR448W,YML034W,0,-7.988879,0.10521764308214188,0.8902438879013062,0.757073163986206
YDR298C,YKL004W,0,-7.988914,0.10520248115062714,0.8902438879013062,0.7571951150894165
YJL191W,YER151C,0,-7.9892535,0.1051873192191124,0.8902438879013062,0.757317066192627
YOR096W,YKR101W,0,-7.989748,0.10517216473817825,0.8902438879013062,0.7574390172958374
YGR177C,YPL053C,0,-7.990182,0.10515701770782471,0.8902438879013062,0.7575609683990479
YGR244C,YBR115C,0,-7.9911184,0.10514187067747116,0.8902438879013062,0.7576829195022583
YGL180W,YDR367W,0,-7.9911604,0.10512673109769821,0.8902438879013062,0.7578048706054688
YCL061C,YKR059W,0,-7.9915013,0.10511159151792526,0.8902438879013062,0.7579268217086792
YLR028C,YBR026C,0,-7.991683,0.10509645938873291,0.8902438879013062,0.7580487728118896
YLR355C,YBR126C,0,-7.9917927,0.10508132725954056,0.8902438879013062,0.7581707239151001
YOR171C,YNL194C,0,-7.992005,0.1050662025809288,0.8902438879013062,0.7582926750183105
YPR125W,YCL020W,0,-7.992075,0.10505108535289764,0.8902438879013062,0.758414626121521
YLR107W,YIL172C,0,-7.992276,0.10503596812486649,0.8902438879013062,0.7585365772247314
YPR017C,YGL158W,0,-7.9925723,0.10502085834741592,0.8902438879013062,0.7586585283279419
YNL331C,YFR055W,0,-7.992631,0.10500575602054596,0.8902438879013062,0.7587804794311523
YAL031C,YML100W,0,-7.992647,0.104990653693676,0.8902438879013062,0.7589024305343628
YKR034W,YGR229C,0,-7.993045,0.10497555136680603,0.8902438879013062,0.7590243816375732
YCR020C,YGR271C-A,0,-7.9932547,0.10496045649051666,0.8902438879013062,0.7591463327407837
YPR165W,YGL249W,0,-7.9933157,0.10494536906480789,0.8902438879013062,0.7592682838439941
YML015C,YMR122W-A,0,-7.9934225,0.10493028908967972,0.8902438879013062,0.7593902349472046
YDR402C,YOL119C,0,-7.993602,0.10491520911455154,0.8902438879013062,0.759512186050415
YLR109W,YBL100W-B,0,-7.9936175,0.10490012913942337,0.8902438879013062,0.7596341371536255
YOR091W,YDR407C,0,-7.993722,0.1048850566148758,0.8902438879013062,0.7597560882568359
YDL247W,YJL140W,0,-7.9938107,0.10486999154090881,0.8902438879013062,0.7598780393600464
YER028C,YBR015C,0,-7.9941726,0.10485492646694183,0.8902438879013062,0.7599999904632568
YDR500C,YLR389C,0,-7.994604,0.10483986884355545,0.8902438879013062,0.7601219415664673
YML099C,YDL109C,0,-7.9946203,0.10482481122016907,0.8902438879013062,0.7602438926696777
YMR307W,YGR161W-B,0,-7.9947243,0.10480976104736328,0.8902438879013062,0.7603658437728882
YLL055W,YBL113C,0,-7.994826,0.10479471832513809,0.8902438879013062,0.7604877948760986
YKL217W,YAL029C,0,-7.995002,0.1047796756029129,0.8902438879013062,0.7606097459793091
YER107C,YBR154C,0,-7.9952497,0.10476464033126831,0.8902438879013062,0.7607316970825195
YKL029C,YHR077C,0,-7.995266,0.10474960505962372,0.8902438879013062,0.76085364818573
YJL187C,YML028W,0,-7.9954386,0.10473457723855972,0.8902438879013062,0.7609755992889404
YJL060W,YDR306C,0,-7.995754,0.10471954941749573,0.8902438879013062,0.7610975503921509
YPL041C,YPL105C,0,-7.995782,0.10470452904701233,0.8902438879013062,0.7612195014953613
YOL086C,YCL030C,0,-7.9961724,0.10468951612710953,0.8902438879013062,0.7613414525985718
YJL051W,YDR494W,0,-7.997303,0.10467450320720673,0.8902438879013062,0.7614634037017822
YGR177C,YOR384W,0,-7.9975753,0.10465949773788452,0.8902438879013062,0.7615853548049927
YGR049W,YCR043C,0,-7.997978,0.10464449226856232,0.8902438879013062,0.7617073059082031
YHR021C,YGR005C,0,-7.9980316,0.10462949424982071,0.8902438879013062,0.7618292570114136
YCR091W,YPL176C,0,-7.998432,0.1046145036816597,0.8902438879013062,0.761951208114624
YNR044W,YDR197W,0,-7.998768,0.10459951311349869,0.8902438879013062,0.7620731592178345
YPR166C,YGR144W,0,-7.999496,0.10458452999591827,0.8902438879013062,0.7621951103210449
YNL314W,YGL028C,0,-8.000013,0.10456954687833786,0.8902438879013062,0.7623170614242554
YLL008W,YER125W,0,-8.000377,0.10455457121133804,0.8902438879013062,0.7624390125274658
YBR065C,YPR097W,0,-8.0005045,0.10453959554433823,0.8902438879013062,0.7625609636306763
YPR043W,YMR127C,0,-8.000726,0.104524627327919,0.8902438879013062,0.7626829147338867
YLR186W,YGL013C,0,-8.002169,0.10450966656208038,0.8902438879013062,0.7628048658370972
YOR043W,YHL044W,0,-8.002173,0.10449470579624176,0.8902438879013062,0.7629268169403076
YER087C-A,YBR103W,0,-8.002209,0.10447974503040314,0.8902438879013062,0.7630487680435181
YHR190W,YKL171W,0,-8.002446,0.10446479916572571,0.8902438879013062,0.7631707191467285
YDL184C,YNL284C-B,0,-8.0031395,0.10444985330104828,0.8902438879013062,0.763292670249939
YDR424C,YPL163C,0,-8.003652,0.10443490743637085,0.8902438879013062,0.7634146213531494
YHR086W,YLR050C,0,-8.004538,0.10441996902227402,0.8902438879013062,0.7635365724563599
YOR058C,YDR023W,0,-8.004679,0.10440503060817719,0.8902438879013062,0.7636585235595703
YOR335C,YLR466W,0,-8.0049715,0.10439010709524155,0.8902438879013062,0.7637804746627808
YDR054C,YDR239C,0,-8.005158,0.10437517613172531,0.8902438879013062,0.7639024257659912
YMR175W,YLR025W,0,-8.005454,0.10436026006937027,0.8902438879013062,0.7640243768692017
YMR170C,YDR140W,0,-8.005798,0.10434533655643463,0.8902438879013062,0.7641463279724121
YDR245W,YEL058W,0,-8.006391,0.10433042794466019,0.8902438879013062,0.7642682790756226
YKR007W,YLL023C,0,-8.0068655,0.10431551933288574,0.8902438879013062,0.764390230178833
YAL054C,YER015W,1,-8.007905,0.1044434905052185,0.8914633989334106,0.764390230178833
YBL068W,YPR158W-B,0,-8.0081,0.10442857444286346,0.8914633989334106,0.7645121812820435
YML125C,YLR040C,0,-8.008344,0.10441365838050842,0.8914633989334106,0.7646341323852539
YGR204W,YNL301C,0,-8.008473,0.10439874231815338,0.8914633989334106,0.7647560834884644
YMR256C,YKL081W,0,-8.008938,0.10438383370637894,0.8914633989334106,0.7648780345916748
YDR044W,YBR171W,0,-8.009099,0.10436893254518509,0.8914633989334106,0.7649999856948853
YJR094W-A,YKL203C,0,-8.009141,0.10435403138399124,0.8914633989334106,0.7651219367980957
YGR172C,YOR192C-B,0,-8.009216,0.10433913767337799,0.8914633989334106,0.7652438879013062
YDR462W,YBR241C,0,-8.009494,0.10432424396276474,0.8914633989334106,0.7653658390045166
YGL213C,YML018C,0,-8.009504,0.10430935770273209,0.8914633989334106,0.765487790107727
YJL172W,YDR131C,0,-8.0100765,0.10429447889328003,0.8914633989334106,0.7656097412109375
YGL166W,YMR015C,0,-8.010852,0.10427960008382797,0.8914633989334106,0.765731692314148
YOR307C,YPR011C,0,-8.011011,0.10426472872495651,0.8914633989334106,0.7658536434173584
YNL175C,YDR164C,0,-8.011083,0.10424985736608505,0.8914633989334106,0.7659755945205688
YNL051W,YHR179W,0,-8.011514,0.10423499345779419,0.8914633989334106,0.7660975456237793
YGL125W,YLR050C,0,-8.011535,0.10422012954950333,0.8914633989334106,0.7662194967269897
YAL038W,YDR164C,0,-8.01167,0.10420527309179306,0.8914633989334106,0.7663414478302002
YLR116W,YKR060W,0,-8.011855,0.10419042408466339,0.8914633989334106,0.7664633989334106
YOL049W,YNL186W,0,-8.011877,0.10417557507753372,0.8914633989334106,0.7665853500366211
YJR125C,YER074W,0,-8.012426,0.10416072607040405,0.8914633989334106,0.7667073011398315
YGL191W,YGL125W,0,-8.012773,0.10414589196443558,0.8914633989334106,0.766829252243042
YMR280C,YMR261C,0,-8.013064,0.1041310504078865,0.8914633989334106,0.7669512033462524
YMR232W,YNL202W,0,-8.013125,0.10411622375249863,0.8914633989334106,0.7670731544494629
YKR063C,YER131W,0,-8.013318,0.10410139709711075,0.8914633989334106,0.7671951055526733
YDR402C,YJR094C,0,-8.013391,0.10408657044172287,0.8914633989334106,0.7673170566558838
YDR302W,YNL058C,0,-8.015363,0.10407175123691559,0.8914633989334106,0.7674390077590942
YMR290C,YAR009C,0,-8.015758,0.1040569394826889,0.8914633989334106,0.7675609588623047
YPR068C,YCR045C,0,-8.016301,0.10404212772846222,0.8914633989334106,0.7676829099655151
YLR153C,YNL326C,1,-8.0165205,0.10416962951421738,0.8926829099655151,0.7676829099655151
YPR171W,YML093W,0,-8.016781,0.1041548103094101,0.8926829099655151,0.7678048610687256
YHR102W,YPR003C,0,-8.016909,0.10413999110460281,0.8926829099655151,0.767926812171936
YER074W,YPL094C,0,-8.016977,0.10412517935037613,0.8926829099655151,0.7680487632751465
YJL095W,YML100W,0,-8.017106,0.10411036759614944,0.8926829099655151,0.7681707143783569
YER091C,YKR078W,0,-8.017131,0.10409556329250336,0.8926829099655151,0.7682926654815674
YLL045C,YIL068C,0,-8.0174885,0.10408075898885727,0.8926829099655151,0.7684146165847778
YMR145C,YKR062W,0,-8.017649,0.10406596213579178,0.8926829099655151,0.7685365676879883
YNL317W,YDR186C,0,-8.0181,0.10405117273330688,0.8926829099655151,0.7686585187911987
YOR324C,YPL122C,0,-8.018329,0.10403638333082199,0.8926829099655151,0.7687804698944092
YML101C,YOR008C-A,0,-8.01846,0.1040216013789177,0.8926829099655151,0.7689024209976196
YOR315W,YPR003C,0,-8.018469,0.1040068194270134,0.8926829099655151,0.7690243721008301
YGR046W,YPR114W,0,-8.018584,0.1039920449256897,0.8926829099655151,0.7691463232040405
YPL204W,YDR382W,0,-8.018757,0.103977270424366,0.8926829099655151,0.769268274307251
YLR300W,YKL063C,0,-8.019646,0.1039625033736229,0.8926829099655151,0.7693902254104614
YMR101C,YDR372C,0,-8.02024,0.10394774377346039,0.8926829099655151,0.7695121765136719
YDR071C,YJL166W,0,-8.020465,0.10393298417329788,0.8926829099655151,0.7696341276168823
YJL203W,YDL136W,0,-8.020515,0.10391822457313538,0.8926829099655151,0.7697560787200928
YJR121W,YCR045C,0,-8.020881,0.10390347987413406,0.8926829099655151,0.7698780298233032
YOL063C,YDL118W,0,-8.020919,0.10388872772455215,0.8926829099655151,0.7699999809265137
YHR115C,YBR271W,0,-8.021706,0.10387399047613144,0.8926829099655151,0.7701219320297241
YLR019W,YMR114C,0,-8.021731,0.10385925322771072,0.8926829099655151,0.7702438831329346
YJL148W,YER078C,0,-8.022423,0.10384451597929001,0.8926829099655151,0.770365834236145
YKL026C,YOR148C,0,-8.022702,0.10382978618144989,0.8926829099655151,0.7704877853393555
YDL231C,YDL213C,0,-8.023017,0.10381506383419037,0.8926829099655151,0.7706097364425659
YPL110C,YNR059W,0,-8.023304,0.10380034148693085,0.8926829099655151,0.7707316875457764
YHR059W,YPL124W,0,-8.023385,0.10378562659025192,0.8926829099655151,0.7708536386489868
YBL082C,YBL064C,0,-8.023529,0.103770911693573,0.8926829099655151,0.7709755897521973
YKL049C,YMR217W,0,-8.02357,0.10375620424747467,0.8926829099655151,0.7710975408554077
YLR394W,YHR214C-C,0,-8.023978,0.10374149680137634,0.8926829099655151,0.7712194919586182
YNL302C,YOL109W,0,-8.024843,0.10372679680585861,0.8926829099655151,0.7713414430618286
YLR105C,YGR111W,0,-8.024935,0.10371209681034088,0.8926829099655151,0.7714633941650391
YLR359W,YGL249W,0,-8.024961,0.10369740426540375,0.8926829099655151,0.7715853452682495
YDR033W,YBR005W,0,-8.025775,0.10368271917104721,0.8926829099655151,0.77170729637146
YBR039W,YER062C,0,-8.026039,0.10366803407669067,0.8926829099655151,0.7718292474746704
YLR037C,YGL185C,0,-8.026689,0.10365335643291473,0.8926829099655151,0.7719511985778809
YHR187W,YJL048C,0,-8.027487,0.1036386787891388,0.8926829099655151,0.7720731496810913
YDL223C,YML045W,0,-8.027515,0.10362400859594345,0.8926829099655151,0.7721951007843018
YJR139C,YLR064W,0,-8.0279,0.10360933840274811,0.8926829099655151,0.7723170518875122
YML121W,YPL276W,0,-8.027967,0.10359467566013336,0.8926829099655151,0.7724390029907227
YER056C,YOR009W,0,-8.028934,0.10358002036809921,0.8926829099655151,0.7725609540939331
YHR170W,YIR018W,0,-8.029181,0.10356536507606506,0.8926829099655151,0.7726829051971436
YGR181W,YGR234W,0,-8.029194,0.10355071723461151,0.8926829099655151,0.772804856300354
YHR193C,YIR012W,0,-8.029655,0.10353606939315796,0.8926829099655151,0.7729268074035645
YLR153C,YER015W,1,-8.030151,0.10366284847259521,0.8939024209976196,0.7729268074035645
YOR095C,YGR125W,0,-8.030352,0.10364819318056107,0.8939024209976196,0.7730487585067749
YLR312W-A,YOR321W,0,-8.030562,0.10363353788852692,0.8939024209976196,0.7731707096099854
YDR021W,YDR130C,0,-8.030753,0.10361888259649277,0.8939024209976196,0.7732926607131958
YNL065W,YPL128C,0,-8.0311365,0.10360424220561981,0.8939024209976196,0.7734146118164062
YDL148C,YJR029W,0,-8.03218,0.10358960181474686,0.8939024209976196,0.7735365629196167
YDR270W,YGR221C,0,-8.032314,0.1035749614238739,0.8939024209976196,0.7736585140228271
YKL078W,YBR176W,0,-8.033774,0.10356032848358154,0.8939024209976196,0.7737804651260376
YGR038W,YBR271W,0,-8.03444,0.10354569554328918,0.8939024209976196,0.773902416229248
YHR076W,YFR040W,0,-8.034518,0.10353107005357742,0.8939024209976196,0.7740243673324585
YHR018C,YBR284W,0,-8.034699,0.10351645201444626,0.8939024209976196,0.774146318435669
YMR145C,YOR219C,0,-8.03531,0.1035018339753151,0.8939024209976196,0.7742682695388794
YOL052C,YKL027W,0,-8.035449,0.10348722338676453,0.8939024209976196,0.7743902206420898
YHL047C,YLR216C,0,-8.036468,0.10347261279821396,0.8939024209976196,0.7745121717453003
YER065C,YNL092W,0,-8.036935,0.10345800966024399,0.8939024209976196,0.7746341228485107
YPL266W,YDR105C,0,-8.037402,0.10344340652227402,0.8939024209976196,0.7747560739517212
YOR317W,YPL001W,1,-8.039099,0.10356991738080978,0.8951219320297241,0.7747560739517212
YBL039C,YBR028C,0,-8.039956,0.10355530679225922,0.8951219320297241,0.7748780250549316
YMR127C,YML037C,0,-8.040086,0.10354069620370865,0.8951219320297241,0.7749999761581421
YNR075W,YER174C,0,-8.040102,0.10352609306573868,0.8951219320297241,0.7751219272613525
YCL039W,YGL064C,0,-8.04122,0.10351148992776871,0.8951219320297241,0.775243878364563
YLL051C,YLR044C,0,-8.0414,0.10349689424037933,0.8951219320297241,0.7753658294677734
YHR164C,YDL204W,0,-8.04146,0.10348230600357056,0.8951219320297241,0.7754877805709839
YER154W,YGR195W,0,-8.041512,0.10346771776676178,0.8951219320297241,0.7756097316741943
YOL012C,YBL087C,0,-8.041798,0.1034531369805336,0.8951219320297241,0.7757316827774048
YJR084W,YLR056W,0,-8.041919,0.10343855619430542,0.8951219320297241,0.7758536338806152
YGR174C,YNL098C,0,-8.04197,0.10342398285865784,0.8951219320297241,0.7759755849838257
YER015W,YMR236W,1,-8.042316,0.10355029255151749,0.8963414430618286,0.7759755849838257
YPL134C,YLR194C,0,-8.042429,0.1035357117652893,0.8963414430618286,0.7760975360870361
YLR394W,YOR056C,0,-8.042608,0.10352112352848053,0.8963414430618286,0.7762194871902466
YPR145W,YLL003W,0,-8.043131,0.10350655019283295,0.8963414430618286,0.776341438293457
YPL268W,YPR010C,0,-8.043243,0.10349197685718536,0.8963414430618286,0.7764633893966675
YLL026W,YDR410C,0,-8.043265,0.10347740352153778,0.8963414430618286,0.7765853404998779
YBR248C,YBR089C-A,0,-8.0442915,0.1034628376364708,0.8963414430618286,0.7767072916030884
YAL054C,YOL110W,1,-8.044793,0.1035890206694603,0.8975609540939331,0.7767072916030884
YKR095W,YGL144C,0,-8.044808,0.10357444733381271,0.8975609540939331,0.7768292427062988
YGR052W,YDR178W,0,-8.044827,0.10355987399816513,0.8975609540939331,0.7769511938095093
YCR047C,YGR125W,0,-8.044916,0.10354530066251755,0.8975609540939331,0.7770731449127197
YNL009W,YJL056C,0,-8.044937,0.10353073477745056,0.8975609540939331,0.7771950960159302
YKL158W,YNL004W,0,-8.045928,0.10351617634296417,0.8975609540939331,0.7773170471191406
YPL137C,YJL216C,0,-8.046061,0.10350161790847778,0.8975609540939331,0.7774389982223511
YPL081W,YNL054W,0,-8.04625,0.10348706692457199,0.8975609540939331,0.7775609493255615
YDL136W,YGL097W,0,-8.046297,0.1034725159406662,0.8975609540939331,0.777682900428772
YBR121C,YDL150W,0,-8.046333,0.103457972407341,0.8975609540939331,0.7778048515319824
YDR009W,YDR229W,0,-8.04679,0.10344342887401581,0.8975609540939331,0.7779268026351929
YAL044C,YIL119C,0,-8.047039,0.10342889279127121,0.8975609540939331,0.7780487537384033
YLR048W,YGR038C-B,0,-8.04717,0.10341435670852661,0.8975609540939331,0.7781707048416138
YIL049W,YPL187W,0,-8.047321,0.10339982807636261,0.8975609540939331,0.7782926559448242
YPL093W,YNL194C,0,-8.04747,0.1033853068947792,0.8975609540939331,0.7784146070480347
YGL055W,YLR039C,0,-8.047709,0.1033707857131958,0.8975609540939331,0.7785365581512451
YPR154W,YJR086W,0,-8.048452,0.103356271982193,0.8975609540939331,0.7786585092544556
YER014C-A,YHR202W,0,-8.048808,0.10334175825119019,0.8975609540939331,0.778780460357666
YKL176C,YPR011C,0,-8.049737,0.10332725197076797,0.8975609540939331,0.7789024114608765
YAL005C,YJR120W,0,-8.050175,0.10331274569034576,0.8975609540939331,0.7790243625640869
YPR034W,YNL061W,0,-8.050741,0.10329824686050415,0.8975609540939331,0.7791463136672974
YLR359W,YBR088C,0,-8.050889,0.10328374803066254,0.8975609540939331,0.7792682647705078
YNL132W,YDR078C,0,-8.051105,0.10326925665140152,0.8975609540939331,0.7793902158737183
YDR277C,YDL232W,0,-8.051166,0.1032547727227211,0.8975609540939331,0.7795121669769287
YAL039C,YFR049W,0,-8.052039,0.10324028879404068,0.8975609540939331,0.7796341180801392
YKL054C,YGR054W,0,-8.052853,0.10322580486536026,0.8975609540939331,0.7797560691833496
YBL072C,YGL010W,0,-8.05476,0.10321132838726044,0.8975609540939331,0.7798780202865601
YPL180W,YNL194C,0,-8.055163,0.10319685935974121,0.8975609540939331,0.7799999713897705
YOR317W,YBR198C,1,-8.055272,0.1033225879073143,0.8987804651260376,0.7799999713897705
YMR256C,YPL110C,0,-8.0555935,0.10330810397863388,0.8987804651260376,0.780121922492981
YPL031C,YJL025W,0,-8.055658,0.10329362004995346,0.8987804651260376,0.7802438735961914
YDL208W,YIL115C,0,-8.055696,0.10327915102243423,0.8987804651260376,0.7803658246994019
YPR160W,YKR098C,0,-8.055872,0.10326467454433441,0.8987804651260376,0.7804877758026123
YOR374W,YOR057W,0,-8.055954,0.10325021296739578,0.8987804651260376,0.7806097269058228
YLR080W,YOR266W,0,-8.0561285,0.10323574393987656,0.8987804651260376,0.7807316780090332
YMR058W,YLR244C,0,-8.056431,0.10322128981351852,0.8987804651260376,0.7808536291122437
YJR123W,YOR229W,0,-8.056534,0.10320683568716049,0.8987804651260376,0.7809755802154541
YFL001W,YBR261C,0,-8.057635,0.10319238156080246,0.8987804651260376,0.7810975313186646
YMR272C,YDR348C,0,-8.057638,0.10317793488502502,0.8987804651260376,0.781219482421875
YJR025C,YML100W,0,-8.057648,0.10316349565982819,0.8987804651260376,0.7813414931297302
YDR140W,YNL213C,0,-8.057763,0.10314905643463135,0.8987804651260376,0.7814634442329407
YGR288W,YBL038W,0,-8.058262,0.10313461720943451,0.8987804651260376,0.7815853953361511
YER015W,YDL040C,1,-8.058321,0.1032601073384285,0.8999999761581421,0.7815853953361511
YPR151C,YGR109W-B,0,-8.0585,0.10324566066265106,0.8999999761581421,0.7817073464393616
YJL099W,YOR045W,0,-8.058901,0.10323122143745422,0.8999999761581421,0.781829297542572
YOR307C,YEL043W,0,-8.059049,0.10321678221225739,0.8999999761581421,0.7819512486457825
YER044C,YDR002W,0,-8.059217,0.10320235043764114,0.8999999761581421,0.7820731997489929
YGL047W,YNL092W,0,-8.059797,0.1031879186630249,0.8999999761581421,0.7821951508522034
YKR034W,YNR004W,0,-8.060013,0.10317349433898926,0.8999999761581421,0.7823171019554138
YNL145W,YBR050C,0,-8.060176,0.10315907001495361,0.8999999761581421,0.7824390530586243
YPL171C,YDR362C,0,-8.060287,0.10314465314149857,0.8999999761581421,0.7825610041618347
YBL076C,YDL236W,0,-8.060693,0.10313024371862411,0.8999999761581421,0.7826829552650452
YBR133C,YGL158W,0,-8.061823,0.10311583429574966,0.8999999761581421,0.7828049063682556
YKL022C,YGR122W,0,-8.061866,0.10310142487287521,0.8999999761581421,0.7829268574714661
YIL026C,YPR074C,0,-8.061934,0.10308702290058136,0.8999999761581421,0.7830488085746765
YHR170W,YNL332W,0,-8.06241,0.1030726283788681,0.8999999761581421,0.783170759677887
YNL097C,YGL189C,0,-8.062444,0.10305823385715485,0.8999999761581421,0.7832927107810974
YLR441C,YKR078W,0,-8.062908,0.10304383933544159,0.8999999761581421,0.7834146618843079
YOL012C,YDL180W,0,-8.063227,0.10302945971488953,0.8999999761581421,0.7835366129875183
YIL013C,YGL044C,0,-8.064631,0.10301507264375687,0.8999999761581421,0.7836585640907288
YLR153C,YDR167W,1,-8.0647545,0.10314026474952698,0.9012194871902466,0.7836585640907288
YKL174C,YDR056C,0,-8.064767,0.10312587022781372,0.9012194871902466,0.7837805151939392
YNR007C,YJL056C,0,-8.064798,0.10311148315668106,0.9012194871902466,0.7839024662971497
YKL156W,YNL131W,0,-8.065155,0.1030970960855484,0.9012194871902466,0.7840244174003601
YJR147W,YPL026C,0,-8.065461,0.10308271646499634,0.9012194871902466,0.7841463685035706
YHR092C,YLR209C,0,-8.065911,0.10306833684444427,0.9012194871902466,0.784268319606781
YLR329W,YJR026W,0,-8.066059,0.10305396467447281,0.9012194871902466,0.7843902707099915
YJL196C,YML128C,0,-8.066189,0.10303959995508194,0.9012194871902466,0.7845122218132019
YBL025W,YPR080W,0,-8.066747,0.10302523523569107,0.9012194871902466,0.7846341729164124
YML004C,YJL080C,0,-8.067119,0.1030108705163002,0.9012194871902466,0.7847561240196228
YDR005C,YGR111W,0,-8.067179,0.10299651324748993,0.9012194871902466,0.7848780751228333
YPL249C,YJL113W,0,-8.068052,0.10298216342926025,0.9012194871902466,0.7850000262260437
YLR153C,YBL052C,1,-8.068797,0.10310714691877365,0.9024389982223511,0.7850000262260437
YDR384C,YGR046W,0,-8.06898,0.10309278219938278,0.9024389982223511,0.7851219773292542
YIL018W,YAR035W,0,-8.06951,0.10307842493057251,0.9024389982223511,0.7852439284324646
YDR523C,YKR020W,0,-8.069579,0.10306406766176224,0.9024389982223511,0.785365879535675
YOR182C,YML085C,0,-8.070538,0.10304971784353256,0.9024389982223511,0.7854878306388855
YOR320C,YNL201C,0,-8.070865,0.10303536802530289,0.9024389982223511,0.785609781742096
YOR034C,YOR317W,1,-8.0709715,0.10316023975610733,0.9036585092544556,0.785609781742096
YNL051W,YPR003C,0,-8.07132,0.10314588248729706,0.9036585092544556,0.7857317328453064
YBR112C,YJR027W,0,-8.071894,0.10313152521848679,0.9036585092544556,0.7858536839485168
YML056C,YNL263C,0,-8.072107,0.10311717540025711,0.9036585092544556,0.7859756350517273
YKL020C,YIL067C,0,-8.072232,0.10310282558202744,0.9036585092544556,0.7860975861549377
YHR193C,YNR015W,0,-8.072565,0.10308848321437836,0.9036585092544556,0.7862195372581482
YHR142W,YDR397C,0,-8.073342,0.10307414084672928,0.9036585092544556,0.7863414883613586
YMR131C,YPL158C,0,-8.073643,0.1030598059296608,0.9036585092544556,0.7864634394645691
YLR239C,YGL099W,0,-8.073665,0.10304547101259232,0.9036585092544556,0.7865853905677795
YJL042W,YKR025W,0,-8.074116,0.10303114354610443,0.9036585092544556,0.78670734167099
YOR317W,YNL326C,1,-8.074332,0.10315584391355515,0.9048780202865601,0.78670734167099
YFR025C,YKL144C,0,-8.074572,0.10314150899648666,0.9048780202865601,0.7868292927742004
YGL153W,YOR009W,0,-8.0757065,0.10312717407941818,0.9048780202865601,0.7869512438774109
YNL163C,YLR050C,0,-8.075891,0.1031128391623497,0.9048780202865601,0.7870731949806213
YEL027W,YIL039W,0,-8.07596,0.10309851169586182,0.9048780202865601,0.7871951460838318
YPL275W,YHR008C,0,-8.077787,0.10308419167995453,0.9048780202865601,0.7873170971870422
YKL152C,YHR006W,0,-8.078233,0.10306987166404724,0.9048780202865601,0.7874390482902527
YCR068W,YDR306C,0,-8.07885,0.10305555909872055,0.9048780202865601,0.7875609993934631
YHR141C,YLR396C,0,-8.079066,0.10304124653339386,0.9048780202865601,0.7876829504966736
YOR317W,YBL052C,1,-8.079245,0.10316579043865204,0.9060975313186646,0.7876829504966736
YNR057C,YNL090W,0,-8.079314,0.10315146297216415,0.9060975313186646,0.787804901599884
YNL175C,YDR056C,0,-8.079325,0.10313714295625687,0.9060975313186646,0.7879268527030945
YJL033W,YMR156C,0,-8.080001,0.10312283039093018,0.9060975313186646,0.7880488038063049
YKL152C,YLR329W,0,-8.080003,0.10310851782560349,0.9060975313186646,0.7881707549095154
YDL230W,YDR065W,0,-8.080298,0.10309421271085739,0.9060975313186646,0.7882927060127258
YAL038W,YPL246C,0,-8.081702,0.1030799075961113,0.9060975313186646,0.7884146571159363
YLR263W,YOL117W,0,-8.082663,0.1030656099319458,0.9060975313186646,0.7885366082191467
YKL203C,YBL028C,0,-8.082668,0.1030513197183609,0.9060975313186646,0.7886585593223572
YPL280W,YJL073W,0,-8.083672,0.103037029504776,0.9060975313186646,0.7887805104255676
YPR200C,YDL168W,0,-8.0840845,0.1030227392911911,0.9060975313186646,0.7889024615287781
YNL298W,YHR034C,0,-8.084326,0.1030084565281868,0.9060975313186646,0.7890244126319885
YHR123W,YKR057W,0,-8.085013,0.10299418121576309,0.9060975313186646,0.789146363735199
YBR133C,YLL055W,0,-8.085457,0.10297990590333939,0.9060975313186646,0.7892683148384094
YJL117W,YNL024C,0,-8.085556,0.10296563059091568,0.9060975313186646,0.7893902659416199
YDR435C,YDR465C,0,-8.086,0.10295136272907257,0.9060975313186646,0.7895122170448303
YJR105W,YOR377W,0,-8.086482,0.10293710231781006,0.9060975313186646,0.7896341681480408
YDR005C,YNL151C,0,-8.086659,0.10292284190654755,0.9060975313186646,0.7897561192512512
YFL009W,YHL035C,0,-8.087064,0.10290858894586563,0.9060975313186646,0.7898780703544617
YCR034W,YBL006C,0,-8.087102,0.10289433598518372,0.9060975313186646,0.7900000214576721
YOR027W,YCR061W,0,-8.087158,0.1028800904750824,0.9060975313186646,0.7901219725608826
YGL023C,YOR313C,0,-8.087249,0.10286584496498108,0.9060975313186646,0.790243923664093
YDL098C,YBR294W,0,-8.087662,0.10285160690546036,0.9060975313186646,0.7903658747673035
YAL054C,YLL002W,1,-8.087966,0.10297577828168869,0.9073171019554138,0.7903658747673035
YOL156W,YPL162C,0,-8.088299,0.10296152532100677,0.9073171019554138,0.7904878258705139
YNL027W,YKR094C,0,-8.088926,0.10294727981090546,0.9073171019554138,0.7906097769737244
YGR200C,YIL006W,0,-8.088956,0.10293304175138474,0.9073171019554138,0.7907317280769348
YPL089C,YLR040C,0,-8.089315,0.10291879624128342,0.9073171019554138,0.7908536791801453
YDL247W,YKL018W,0,-8.089508,0.10290456563234329,0.9073171019554138,0.7909756302833557
YKL004W,YIL132C,0,-8.0896435,0.10289033502340317,0.9073171019554138,0.7910975813865662
YPL018W,YOL091W,0,-8.089726,0.10287610441446304,0.9073171019554138,0.7912195324897766
YHR118C,YCR061W,0,-8.089908,0.10286188125610352,0.9073171019554138,0.7913414835929871
YDR329C,YGL160W,0,-8.090267,0.10284766554832458,0.9073171019554138,0.7914634346961975
YER175C,YLR020C,0,-8.090644,0.10283344984054565,0.9073171019554138,0.791585385799408
YER102W,YPR078C,0,-8.090758,0.10281923413276672,0.9073171019554138,0.7917073369026184
YLR048W,YLR050C,0,-8.091931,0.10280503332614899,0.9073171019554138,0.7918292880058289
YDR382W,YPR174C,0,-8.092389,0.10279082506895065,0.9073171019554138,0.7919512391090393
YPL155C,YLR194C,0,-8.093087,0.10277662426233292,0.9073171019554138,0.7920731902122498
YJR004C,YDR398W,0,-8.093335,0.10276243090629578,0.9073171019554138,0.7921951413154602
YMR246W,YPL001W,1,-8.093477,0.10288634151220322,0.9085366129875183,0.7921951413154602
YNL297C,YDR412W,0,-8.093806,0.10287213325500488,0.9085366129875183,0.7923170924186707
YBR297W,YML104C,0,-8.094247,0.10285793244838715,0.9085366129875183,0.7924390435218811
YJR125C,YNL175C,0,-8.094303,0.10284373164176941,0.9085366129875183,0.7925609946250916
YLR293C,YJL179W,0,-8.09443,0.10282953828573227,0.9085366129875183,0.792682945728302
YBR160W,YNL194C,0,-8.095356,0.10281534492969513,0.9085366129875183,0.7928048968315125
YKL082C,YMR077C,0,-8.095439,0.10280115902423859,0.9085366129875183,0.7929268479347229
YBL013W,YGR118W,0,-8.095668,0.10278697311878204,0.9085366129875183,0.7930487990379333
YAL040C,YER149C,0,-8.096046,0.1027727946639061,0.9085366129875183,0.7931707501411438
YLL018C-A,YDR503C,0,-8.0964365,0.10275862365961075,0.9085366129875183,0.7932927012443542
YHR193C,YGR007W,0,-8.097866,0.1027444526553154,0.9085366129875183,0.7934146523475647
YNR067C,YFL052W,0,-8.097914,0.10273028165102005,0.9085366129875183,0.7935366034507751
YGL005C,YGR027C,0,-8.098107,0.1027161180973053,0.9085366129875183,0.7936585545539856
YIL037C,YNL131W,0,-8.098254,0.10270195454359055,0.9085366129875183,0.793780505657196
YCR071C,YDR311W,0,-8.09842,0.10268779844045639,0.9085366129875183,0.7939024567604065
YDR315C,YOL124C,0,-8.098865,0.10267364978790283,0.9085366129875183,0.7940244078636169
YIR017C,YHR030C,0,-8.099043,0.10265950113534927,0.9085366129875183,0.7941463589668274
YER061C,YDR541C,0,-8.100466,0.10264535993337631,0.9085366129875183,0.7942683100700378
YHR083W,YMR271C,0,-8.100553,0.10263121873140335,0.9085366129875183,0.7943902611732483
YDR200C,YLR042C,0,-8.100776,0.10261707752943039,0.9085366129875183,0.7945122122764587
YGR216C,YDR083W,0,-8.100778,0.10260294377803802,0.9085366129875183,0.7946341633796692
YCR005C,YER019C-A,0,-8.101079,0.10258881747722626,0.9085366129875183,0.7947561144828796
YLL051C,YHR059W,0,-8.101769,0.10257469117641449,0.9085366129875183,0.7948780655860901
YAL054C,YGL066W,1,-8.102049,0.10269823670387268,0.9097561240196228,0.7948780655860901
YPR035W,YJR021C,0,-8.102385,0.10268410295248032,0.9097561240196228,0.7950000166893005
YJR094W-A,YFR003C,0,-8.103155,0.10266996920108795,0.9097561240196228,0.795121967792511
YAL038W,YGL099W,0,-8.103164,0.10265584290027618,0.9097561240196228,0.7952439188957214
YBL099W,YJR129C,0,-8.103447,0.10264171659946442,0.9097561240196228,0.7953658699989319
YGL023C,YJL216C,0,-8.103497,0.10262759774923325,0.9097561240196228,0.7954878211021423
YML057W,YBR114W,0,-8.103497,0.10261347889900208,0.9097561240196228,0.7956097722053528
YJL164C,YFR006W,0,-8.1041565,0.1025993674993515,0.9097561240196228,0.7957317233085632
YPR104C,YML073C,0,-8.104263,0.10258525609970093,0.9097561240196228,0.7958536744117737
YMR119W,YLR048W,0,-8.104385,0.10257115215063095,0.9097561240196228,0.7959756255149841
YJL124C,YDR001C,0,-8.1045475,0.10255705565214157,0.9097561240196228,0.7960975766181946
YNL075W,YPL249C-A,0,-8.104791,0.1025429517030716,0.9097561240196228,0.796219527721405
YOR294W,YDR495C,0,-8.105252,0.10252886265516281,0.9097561240196228,0.7963414788246155
YOR034C,YMR246W,1,-8.105828,0.10265219211578369,0.9109756350517273,0.7963414788246155
YLR286C,YDL079C,0,-8.1058855,0.10263808816671371,0.9109756350517273,0.7964634299278259
YOR056C,YCR073W-A,0,-8.105985,0.10262398421764374,0.9109756350517273,0.7965853810310364
YGL183C,YDR097C,0,-8.1064205,0.10260988771915436,0.9109756350517273,0.7967073321342468
YPR120C,YDR060W,0,-8.106558,0.10259579867124557,0.9109756350517273,0.7968292832374573
YGL038C,YMR142C,0,-8.106583,0.10258170962333679,0.9109756350517273,0.7969512343406677
YML073C,YEL040W,0,-8.10716,0.10256762057542801,0.9109756350517273,0.7970731854438782
YKL114C,YGR062C,0,-8.10721,0.10255353897809982,0.9109756350517273,0.7971951365470886
YGR184C,YDR065W,0,-8.108752,0.10253946483135223,0.9109756350517273,0.7973170876502991
YDR140W,YOR338W,0,-8.10901,0.10252539068460464,0.9109756350517273,0.7974390387535095
YPL078C,YGR108W,0,-8.109703,0.10251132398843765,0.9109756350517273,0.79756098985672
YOR027W,YPR125W,0,-8.109903,0.10249725729227066,0.9109756350517273,0.7976829409599304
YKR102W,YAR009C,0,-8.109982,0.10248319059610367,0.9109756350517273,0.7978048920631409
YER165W,YER138C,0,-8.110132,0.10246913880109787,0.9109756350517273,0.7979268431663513
YOL033W,YIL067C,0,-8.110375,0.10245507955551147,0.9109756350517273,0.7980487942695618
YLR298C,YMR114C,0,-8.111381,0.10244102776050568,0.9109756350517273,0.7981707453727722
YGR145W,YBR101C,0,-8.112075,0.10242698341608047,0.9109756350517273,0.7982926964759827
YBL092W,YGR005C,0,-8.112446,0.10241293907165527,0.9109756350517273,0.7984146475791931
YDR116C,YOR101W,0,-8.112797,0.10239890217781067,0.9109756350517273,0.7985365986824036
YLR135W,YNL208W,0,-8.113577,0.10238486528396606,0.9109756350517273,0.798658549785614
YPR034W,YNL015W,0,-8.113578,0.10237083584070206,0.9109756350517273,0.7987805008888245
YDR129C,YLR135W,0,-8.11358,0.10235680639743805,0.9109756350517273,0.7989024519920349
YER014W,YPL093W,0,-8.113701,0.10234278440475464,0.9109756350517273,0.7990244030952454
YOL013C,YNL244C,0,-8.1145525,0.10232876986265182,0.9109756350517273,0.7991463541984558
YCR047C,YJL140W,0,-8.11468,0.10231474786996841,0.9109756350517273,0.7992683053016663
YGR200C,YJL143W,0,-8.115275,0.1023007407784462,0.9109756350517273,0.7993902564048767
YPL211W,YJR052W,0,-8.11594,0.10228673368692398,0.9109756350517273,0.7995122075080872
YOR294W,YOR129C,0,-8.116939,0.10227272659540176,0.9109756350517273,0.7996341586112976
YBR299W,YDR527W,0,-8.118527,0.10225872695446014,0.9109756350517273,0.7997561097145081
YBL068W,YLR020C,0,-8.119055,0.10224472731351852,0.9109756350517273,0.7998780608177185
YBL002W,YBR241C,0,-8.119134,0.1022307351231575,0.9109756350517273,0.800000011920929
YGL139W,YDL181W,0,-8.11914,0.10221675038337708,0.9109756350517273,0.8001219630241394
YCL026C-B,YDR001C,0,-8.119257,0.10220276564359665,0.9109756350517273,0.8002439141273499
YGR175C,YLR165C,0,-8.12049,0.10218878090381622,0.9109756350517273,0.8003658652305603
YMR277W,YIL013C,0,-8.1209545,0.1021748036146164,0.9109756350517273,0.8004878163337708
YPR112C,YDR251W,0,-8.121436,0.10216083377599716,0.9109756350517273,0.8006097674369812
YPR088C,YDL110C,0,-8.121664,0.10214686393737793,0.9109756350517273,0.8007317185401917
YJR137C,YLR134W,0,-8.121991,0.1021328940987587,0.9109756350517273,0.8008536696434021
YGR109C,YML028W,0,-8.122046,0.10211893171072006,0.9109756350517273,0.8009756207466125
YMR104C,YIL172C,0,-8.12227,0.10210497677326202,0.9109756350517273,0.801097571849823
YPL202C,YOR377W,0,-8.1223,0.10209102183580399,0.9109756350517273,0.8012195229530334
YLR312W-A,YDR186C,0,-8.122594,0.10207706689834595,0.9109756350517273,0.8013414740562439
YHR042W,YFR052W,0,-8.122621,0.1020631268620491,0.9109756350517273,0.8014634251594543
YML077W,YAR050W,0,-8.12281,0.10204917937517166,0.9109756350517273,0.8015853762626648
YKL180W,YBL100W-A,0,-8.123115,0.10203523933887482,0.9109756350517273,0.8017073273658752
YLR214W,YOR320C,0,-8.123176,0.10202130675315857,0.9109756350517273,0.8018292784690857
YNL177C,YJL109C,0,-8.123335,0.10200737416744232,0.9109756350517273,0.8019512295722961
YGL001C,YMR137C,0,-8.124501,0.10199344903230667,0.9109756350517273,0.8020731806755066
YPL266W,YMR021C,0,-8.124604,0.10197952389717102,0.9109756350517273,0.802195131778717
YDL126C,YMR160W,0,-8.124684,0.10196559876203537,0.9109756350517273,0.8023170828819275
YOR383C,YDR079W,0,-8.125522,0.10195168852806091,0.9109756350517273,0.8024390339851379
YMR246W,YBR198C,1,-8.125801,0.10207423567771912,0.9121951460838318,0.8024390339851379
YNL130C,YHR168W,0,-8.125812,0.10206031054258347,0.9121951460838318,0.8025609850883484
YOR337W,YAR009C,0,-8.126979,0.10204638540744781,0.9121951460838318,0.8026829361915588
YMR276W,YOR206W,0,-8.127463,0.10203246772289276,0.9121951460838318,0.8028048872947693
YDR023W,YHR111W,0,-8.127556,0.10201855003833771,0.9121951460838318,0.8029268383979797
YBR060C,YNL070W,0,-8.127802,0.10200463980436325,0.9121951460838318,0.8030487895011902
YHR172W,YOR229W,0,-8.127838,0.1019907295703888,0.9121951460838318,0.8031707406044006
YLR399C,YDL211C,0,-8.127846,0.10197682678699493,0.9121951460838318,0.8032926917076111
YBR055C,YOR293W,0,-8.127888,0.10196292400360107,0.9121951460838318,0.8034146428108215
YJL019W,YDL170W,0,-8.127974,0.10194902867078781,0.9121951460838318,0.803536593914032
YFR032C-A,YOL028C,0,-8.129554,0.10193513333797455,0.9121951460838318,0.8036585450172424
YBL042C,YOL049W,0,-8.12969,0.10192124545574188,0.9121951460838318,0.8037804961204529
YML022W,YMR177W,0,-8.130168,0.10190735757350922,0.9121951460838318,0.8039024472236633
YDR377W,YOR287C,0,-8.13046,0.10189347714185715,0.9121951460838318,0.8040243983268738
YGL111W,YEL006W,0,-8.130584,0.10187959671020508,0.9121951460838318,0.8041463494300842
YDR476C,YMR210W,0,-8.13085,0.1018657237291336,0.9121951460838318,0.8042683005332947
YNL252C,YPR114W,0,-8.132112,0.10185185074806213,0.9121951460838318,0.8043902516365051
YMR049C,YPR072W,0,-8.1325,0.10183798521757126,0.9121951460838318,0.8045122027397156
YML024W,YDL076C,0,-8.132755,0.10182411968708038,0.9121951460838318,0.804634153842926
YGR092W,YER028C,0,-8.132808,0.1018102616071701,0.9121951460838318,0.8047561049461365
YJL033W,YLR421C,0,-8.132823,0.10179640352725983,0.9121951460838318,0.8048780560493469
YHR101C,YML043C,0,-8.13355,0.10178255289793015,0.9121951460838318,0.8050000071525574
YKL192C,YPL093W,0,-8.134155,0.10176870971918106,0.9121951460838318,0.8051219582557678
YHR187W,YER138C,0,-8.134195,0.10175486654043198,0.9121951460838318,0.8052439093589783
YKR007W,YJL048C,0,-8.134274,0.10174102336168289,0.9121951460838318,0.8053658604621887
YLR325C,YLL023C,0,-8.134888,0.1017271876335144,0.9121951460838318,0.8054878115653992
YHR042W,YGR048W,0,-8.13503,0.10171335190534592,0.9121951460838318,0.8056097626686096
YGL168W,YHR138C,0,-8.1350975,0.10169952362775803,0.9121951460838318,0.8057317137718201
YDR256C,YLR263W,0,-8.135575,0.10168569535017014,0.9121951460838318,0.8058536648750305
YKR099W,YBR015C,0,-8.136997,0.10167187452316284,0.9121951460838318,0.805975615978241
YBL027W,YKL070W,0,-8.137857,0.10165806114673615,0.9121951460838318,0.8060975670814514
YBR177C,YNL208W,0,-8.138192,0.10164424777030945,0.9121951460838318,0.8062195181846619
YNL274C,YPL085W,0,-8.138466,0.10163043439388275,0.9121951460838318,0.8063414692878723
YLL035W,YIL125W,0,-8.138614,0.10161662846803665,0.9121951460838318,0.8064634203910828
YDL103C,YNL151C,0,-8.138835,0.10160282254219055,0.9121951460838318,0.8065853714942932
YDR317W,YMR032W,0,-8.139075,0.10158902406692505,0.9121951460838318,0.8067073225975037
YPL221W,YBL005W-B,0,-8.14011,0.10157523304224014,0.9121951460838318,0.8068292737007141
YJR070C,YDR359C,0,-8.140459,0.10156144201755524,0.9121951460838318,0.8069512248039246
YJR070C,YBR080C,0,-8.141042,0.10154765099287033,0.9121951460838318,0.807073175907135
YML077W,YIR039C,0,-8.14108,0.10153386741876602,0.9121951460838318,0.8071951270103455
YDR363W,YFL011W,0,-8.141558,0.10152008384466171,0.9121951460838318,0.8073170781135559
YDR009W,YIL077C,0,-8.142028,0.101506307721138,0.9121951460838318,0.8074390292167664
YBL087C,YPL162C,0,-8.143247,0.10149253904819489,0.9121951460838318,0.8075609803199768
YDR044W,YDL240W,0,-8.143339,0.10147877037525177,0.9121951460838318,0.8076829314231873
YGL061C,YKR059W,0,-8.143525,0.10146500170230865,0.9121951460838318,0.8078048825263977
YKL213C,YBR298C,0,-8.143789,0.10145124047994614,0.9121951460838318,0.8079268336296082
YOR128C,YJL093C,0,-8.144808,0.10143748670816422,0.9121951460838318,0.8080487847328186
YGR195W,YDR056C,0,-8.145665,0.1014237254858017,0.9121951460838318,0.808170735836029
YGL137W,YGR203W,0,-8.145946,0.10140997916460037,0.9121951460838318,0.8082926869392395
YLR153C,YOR034C,1,-8.146027,0.10153178870677948,0.9134146571159363,0.8082926869392395
YLR044C,YBR154C,0,-8.146058,0.10151802748441696,0.9134146571159363,0.80841463804245
YOR244W,YOR317W,1,-8.146584,0.10163978487253189,0.9146341681480408,0.80841463804245
YKL120W,YKR078W,0,-8.146685,0.10162601619958878,0.9146341681480408,0.8085365891456604
YJR036C,YPL145C,0,-8.146917,0.10161224752664566,0.9146341681480408,0.8086585402488708
YOR303W,YDL105W,0,-8.147456,0.10159848630428314,0.9146341681480408,0.8087804913520813
YEL039C,YGL179C,0,-8.147668,0.10158472508192062,0.9146341681480408,0.8089024424552917
YFL039C,YHR013C,1,-8.147825,0.10170639306306839,0.9158536791801453,0.8089024424552917
YAR014C,YHR021C,0,-8.147901,0.10169261693954468,0.9158536791801453,0.8090243935585022
YNL274C,YDR466W,0,-8.148193,0.10167884826660156,0.9158536791801453,0.8091463446617126
YDR497C,YML118W,0,-8.148509,0.10166508704423904,0.9158536791801453,0.8092682957649231
YPL281C,YKR102W,0,-8.148526,0.10165132582187653,0.9158536791801453,0.8093902468681335
YFL039C,YPR131C,1,-8.148629,0.10177290439605713,0.9170731902122498,0.8093902468681335
YJL115W,YEL066W,1,-8.150105,0.10189445316791534,0.9182927012443542,0.8093902468681335
YNL110C,YIL129C,0,-8.150258,0.10188066214323044,0.9182927012443542,0.809512197971344
YPR025C,YPR005C,0,-8.150374,0.10186688601970673,0.9182927012443542,0.8096341490745544
YPL211W,YMR047C,0,-8.151393,0.10185310244560242,0.9182927012443542,0.8097561001777649
YHR072W,YPR080W,0,-8.152624,0.1018393263220787,0.9182927012443542,0.8098780512809753
YHR059W,YKL150W,0,-8.1527,0.10182555764913559,0.9182927012443542,0.8100000023841858
YNL074C,YML091C,0,-8.153342,0.10181178897619247,0.9182927012443542,0.8101219534873962
YDR021W,YLR022C,0,-8.153348,0.10179802775382996,0.9182927012443542,0.8102439045906067
YBR201W,YLL023C,0,-8.153664,0.10178426653146744,0.9182927012443542,0.8103658556938171
YKL074C,YBL087C,0,-8.153801,0.10177051275968552,0.9182927012443542,0.8104878067970276
YDR299W,YOL155C,0,-8.154151,0.1017567589879036,0.9182927012443542,0.810609757900238
YIL079C,YCR073W-A,0,-8.155048,0.10174300521612167,0.9182927012443542,0.8107317090034485
YPR193C,YOL076W,1,-8.15521,0.10186436027288437,0.9195122122764587,0.8107317090034485
YAL023C,YIL063C,0,-8.156764,0.10185059905052185,0.9195122122764587,0.8108536601066589
YOR237W,YHR026W,0,-8.157062,0.10183684527873993,0.9195122122764587,0.8109756112098694
YOR320C,YGL189C,0,-8.1575,0.10182309150695801,0.9195122122764587,0.8110975623130798
YIL004C,YNL301C,0,-8.157525,0.10180934518575668,0.9195122122764587,0.8112195134162903
YOL010W,YJR126C,0,-8.157873,0.10179559886455536,0.9195122122764587,0.8113414645195007
YFR030W,YFR052W,0,-8.157971,0.10178185999393463,0.9195122122764587,0.8114634156227112
YFL039C,YEL056W,1,-8.158054,0.10190308839082718,0.9207317233085632,0.8114634156227112
YHR174W,YGR234W,0,-8.158608,0.10188934206962585,0.9207317233085632,0.8115853667259216
YJR042W,YLR139C,0,-8.158713,0.10187558829784393,0.9207317233085632,0.8117073178291321
YJR074W,YOR337W,0,-8.159024,0.10186184197664261,0.9207317233085632,0.8118292689323425
YLR457C,YJL191W,0,-8.159178,0.10184810310602188,0.9207317233085632,0.811951220035553
YNL161W,YEL057C,0,-8.160478,0.10183436423540115,0.9207317233085632,0.8120731711387634
YHL028W,YNL241C,0,-8.16093,0.10182063281536102,0.9207317233085632,0.8121951222419739
YOL058W,YML038C,0,-8.161026,0.10180690139532089,0.9207317233085632,0.8123170733451843
YJL172W,YBR065C,0,-8.161031,0.10179317742586136,0.9207317233085632,0.8124390244483948
YLR153C,YPR051W,1,-8.161578,0.10191426426172256,0.9219512343406677,0.8124390244483948
YCL035C,YDL138W,0,-8.161602,0.10190052539110184,0.9219512343406677,0.8125609755516052
YDR060W,YGR074W,0,-8.161786,0.1018867939710617,0.9219512343406677,0.8126829266548157
YER020W,YFL052W,0,-8.163633,0.10187306255102158,0.9219512343406677,0.8128048777580261
YPR035W,YGR171C,0,-8.163719,0.10185933858156204,0.9219512343406677,0.8129268288612366
YOR358W,YCR045C,0,-8.163946,0.10184561461210251,0.9219512343406677,0.813048779964447
YKR008W,YBL075C,0,-8.163969,0.10183189809322357,0.9219512343406677,0.8131707310676575
YKL135C,YNL132W,0,-8.164459,0.10181818157434464,0.9219512343406677,0.8132926821708679
YGR162W,YNL154C,0,-8.164957,0.1018044725060463,0.9219512343406677,0.8134146332740784
YCR087C-A,YPL120W,0,-8.164958,0.10179076343774796,0.9219512343406677,0.8135365843772888
YKL160W,YDL185W,0,-8.165619,0.10177706182003021,0.9219512343406677,0.8136585354804993
YER166W,YPL038W,0,-8.165979,0.10176336020231247,0.9219512343406677,0.8137804865837097
YOR035C,YLL012W,0,-8.166013,0.10174966603517532,0.9219512343406677,0.8139024376869202
YGL037C,YGR074W,0,-8.166333,0.10173597186803818,0.9219512343406677,0.8140243887901306
YER007C-A,YKL077W,0,-8.166653,0.10172228515148163,0.9219512343406677,0.8141463398933411
YLR037C,YNL134C,0,-8.1670885,0.10170859843492508,0.9219512343406677,0.8142682909965515
YER073W,YBL003C,0,-8.168434,0.10169491171836853,0.9219512343406677,0.814390242099762
YGL136C,YGL096W,0,-8.1692915,0.10168123990297318,0.9219512343406677,0.8145121932029724
YJL177W,YER031C,0,-8.169321,0.10166756063699722,0.9219512343406677,0.8146341443061829
YER002W,YBL005W-A,0,-8.16971,0.10165389627218246,0.9219512343406677,0.8147560954093933
YOR357C,YPR063C,0,-8.170145,0.10164022445678711,0.9219512343406677,0.8148780465126038
YER107C,YML043C,0,-8.170439,0.10162656009197235,0.9219512343406677,0.8149999976158142
YKL182W,YHR088W,0,-8.170649,0.10161290317773819,0.9219512343406677,0.8151219487190247
YOR182C,YPL236C,0,-8.17106,0.10159924626350403,0.9219512343406677,0.8152438998222351
YKL073W,YPR114W,0,-8.171191,0.10158559679985046,0.9219512343406677,0.8153658509254456
YNL059C,YER056C-A,0,-8.171408,0.1015719473361969,0.9219512343406677,0.815487802028656
YDL013W,YNL092W,0,-8.171533,0.10155830532312393,0.9219512343406677,0.8156097531318665
YJR155W,YOR144C,0,-8.171552,0.10154466331005096,0.9219512343406677,0.8157317042350769
YPL110C,YGL160W,0,-8.172068,0.101531021296978,0.9219512343406677,0.8158536553382874
YER061C,YJR160C,0,-8.173774,0.10151738673448563,0.9219512343406677,0.8159756064414978
YDR385W,YPR178W,0,-8.174682,0.10150375962257385,0.9219512343406677,0.8160975575447083
YJL115W,YOR317W,1,-8.175011,0.10162437707185745,0.9231707453727722,0.8160975575447083
YOL031C,YNL194C,0,-8.17531,0.10161073505878448,0.9231707453727722,0.8162195086479187
YLR441C,YEL013W,0,-8.175394,0.10159710049629211,0.9231707453727722,0.8163414597511292
YIL009W,YOR064C,1,-8.175529,0.10171765834093094,0.9243902564048767,0.8163414597511292
YER040W,YDR033W,0,-8.175595,0.10170400887727737,0.9243902564048767,0.8164634108543396
YGL183C,YGL122C,0,-8.176079,0.1016903668642044,0.9243902564048767,0.81658536195755
YLR381W,YBR054W,0,-8.17619,0.10167672485113144,0.9243902564048767,0.8167073130607605
YKL064W,YDR322C-A,0,-8.176281,0.10166309028863907,0.9243902564048767,0.816829264163971
YMR120C,YJL045W,0,-8.177347,0.1016494557261467,0.9243902564048767,0.8169512152671814
YLR256W,YPR078C,0,-8.178047,0.10163582861423492,0.9243902564048767,0.8170731663703918
YCL016C,YBR221C,0,-8.178058,0.10162220150232315,0.9243902564048767,0.8171951174736023
YDR365C,YOR182C,0,-8.178322,0.10160858184099197,0.9243902564048767,0.8173170685768127
YPL233W,YJL039C,0,-8.178728,0.1015949621796608,0.9243902564048767,0.8174390196800232
YEL021W,YKL214C,0,-8.178894,0.10158134251832962,0.9243902564048767,0.8175609707832336
YGL124C,YBR271W,0,-8.179138,0.10156773775815964,0.9243902564048767,0.8176829218864441
YFL039C,YOR317W,1,-8.179265,0.10168810188770294,0.9256097674369812,0.8176829218864441
YPR057W,YOL010W,0,-8.179356,0.10167448222637177,0.9256097674369812,0.8178048729896545
YDR264C,YMR246W,1,-8.180697,0.10179480165243149,0.9268292784690857,0.8178048729896545
YJL014W,YPL036W,0,-8.181383,0.10178116708993912,0.9268292784690857,0.817926824092865
YPR001W,YGL067W,0,-8.182156,0.10176753997802734,0.9268292784690857,0.8180487751960754
YKL138C-A,YCR081W,0,-8.183134,0.10175391286611557,0.9268292784690857,0.8181707262992859
YDR013W,YDL211C,0,-8.183249,0.1017402932047844,0.9268292784690857,0.8182926774024963
YGL256W,YNL026W,0,-8.18359,0.10172667354345322,0.9268292784690857,0.8184146285057068
YDR299W,YKL212W,0,-8.184553,0.10171306133270264,0.9268292784690857,0.8185365796089172
YLR078C,YIL069C,0,-8.185524,0.10169944912195206,0.9268292784690857,0.8186585307121277
YGR084C,YDR091C,0,-8.185724,0.10168584436178207,0.9268292784690857,0.8187804818153381
YLR068W,YML058W-A,0,-8.185959,0.10167223960161209,0.9268292784690857,0.8189024329185486
YGR027C,YLR424W,0,-8.186068,0.1016586422920227,0.9268292784690857,0.819024384021759
YOR008C,YPL162C,0,-8.186451,0.10164504498243332,0.9268292784690857,0.8191463351249695
YGL025C,YLL023C,0,-8.187046,0.10163145512342453,0.9268292784690857,0.8192682862281799
YML029W,YLR194C,0,-8.187123,0.10161786526441574,0.9268292784690857,0.8193902373313904
YAL029C,YMR229C,0,-8.187236,0.10160427540540695,0.9268292784690857,0.8195121884346008
YMR022W,YJR120W,0,-8.18743,0.10159069299697876,0.9268292784690857,0.8196341395378113
YPR200C,YGL116W,0,-8.187749,0.10157711803913116,0.9268292784690857,0.8197560906410217
YLR186W,YLR100W,0,-8.188021,0.10156354308128357,0.9268292784690857,0.8198780417442322
YOL139C,YMR261C,0,-8.188527,0.10154997557401657,0.9268292784690857,0.8199999928474426
YDR141C,YMR195W,0,-8.18899,0.10153640806674957,0.9268292784690857,0.8201219439506531
YOL005C,YHR010W,0,-8.189077,0.10152284055948257,0.9268292784690857,0.8202438950538635
YDR523C,YNR021W,0,-8.19026,0.10150928050279617,0.9268292784690857,0.820365846157074
YML104C,YLL034C,0,-8.1908,0.10149572789669037,0.9268292784690857,0.8204877972602844
YLR151C,YPL092W,0,-8.191495,0.10148217529058456,0.9268292784690857,0.8206097483634949
YMR296C,YLR362W,0,-8.192012,0.10146862268447876,0.9268292784690857,0.8207316994667053
YOL082W,YKR096W,0,-8.192226,0.10145507752895355,0.9268292784690857,0.8208536505699158
YJL039C,YKL180W,0,-8.192806,0.10144153982400894,0.9268292784690857,0.8209756016731262
YJL089W,YDR293C,0,-8.193121,0.10142800211906433,0.9268292784690857,0.8210975527763367
YGL171W,YKL006C-A,0,-8.193207,0.10141446441411972,0.9268292784690857,0.8212195038795471
YBR181C,YOR045W,0,-8.19361,0.1014009341597557,0.9268292784690857,0.8213414549827576
YOL060C,YOR297C,0,-8.194103,0.1013874039053917,0.9268292784690857,0.821463406085968
YDR410C,YGR251W,0,-8.194166,0.10137388110160828,0.9268292784690857,0.8215853571891785
YLL040C,YPL033C,0,-8.1951685,0.10136036574840546,0.9268292784690857,0.8217073082923889
YDR529C,YLR194C,0,-8.195463,0.10134684294462204,0.9268292784690857,0.8218292593955994
YLL008W,YHR150W,0,-8.195588,0.10133333504199982,0.9268292784690857,0.8219512104988098
YNL070W,YPL162C,0,-8.195929,0.1013198271393776,0.9268292784690857,0.8220731616020203
YDR155C,YHR175W,0,-8.196163,0.10130631923675537,0.9268292784690857,0.8221951127052307
YER056C,YJR052W,0,-8.197156,0.10129281878471375,0.9268292784690857,0.8223170638084412
YNL071W,YNL194C,0,-8.197514,0.10127931833267212,0.9268292784690857,0.8224390149116516
YOR217W,YDR465C,0,-8.197692,0.10126582533121109,0.9268292784690857,0.8225609660148621
YOL144W,YOR305W,0,-8.198059,0.10125233232975006,0.9268292784690857,0.8226829171180725
YDL087C,YMR160W,0,-8.198698,0.10123884677886963,0.9268292784690857,0.822804868221283
YLR216C,YNR048W,0,-8.198854,0.1012253612279892,0.9268292784690857,0.8229268193244934
YGR292W,YJL145W,0,-8.198967,0.10121187567710876,0.9268292784690857,0.8230487704277039
YHR203C,YMR261C,0,-8.199203,0.10119840502738953,0.9268292784690857,0.8231707215309143
YMR170C,YOR175C,0,-8.199204,0.10118492692708969,0.9268292784690857,0.8232926726341248
YOR236W,YOR354C,0,-8.199541,0.10117145627737045,0.9268292784690857,0.8234146237373352
YNL183C,YDR262W,0,-8.1997,0.10115799307823181,0.9268292784690857,0.8235365748405457
YLR355C,YDR172W,0,-8.200091,0.10114452987909317,0.9268292784690857,0.8236585259437561
YEL054C,YLR455W,0,-8.200375,0.10113107413053513,0.9268292784690857,0.8237804770469666
YJR047C,YNL201C,0,-8.201098,0.10111761838197708,0.9268292784690857,0.823902428150177
YER021W,YOR091W,0,-8.2017355,0.10110416263341904,0.9268292784690857,0.8240243792533875
YNL136W,YMR246W,1,-8.202052,0.10122372955083847,0.9280487895011902,0.8240243792533875
YDR080W,YOR287C,0,-8.202363,0.10121026635169983,0.9280487895011902,0.8241463303565979
YBR035C,YBR117C,0,-8.203005,0.10119681060314178,0.9280487895011902,0.8242682814598083
YNR044W,YMR158W,0,-8.204124,0.10118335485458374,0.9280487895011902,0.8243902325630188
YDR046C,YIL049W,0,-8.204355,0.1011698991060257,0.9280487895011902,0.8245121836662292
YOR317W,YEL053C,1,-8.204727,0.10128937661647797,0.9292683005332947,0.8245121836662292
YGL148W,YGR231C,0,-8.204915,0.10127591341733932,0.9292683005332947,0.8246341347694397
YPR042C,YIR003W,0,-8.205025,0.10126245766878128,0.9292683005332947,0.8247560858726501
YBR244W,YGR118W,0,-8.205122,0.10124900192022324,0.9292683005332947,0.8248780369758606
YLR129W,YNL091W,0,-8.205777,0.10123555362224579,0.9292683005332947,0.824999988079071
YDL084W,YLR301W,0,-8.206512,0.10122210532426834,0.9292683005332947,0.8251219391822815
YOR317W,YOL110W,1,-8.207773,0.10134147852659225,0.9304878115653992,0.8251219391822815
YMR200W,YDR178W,0,-8.2086525,0.10132802277803421,0.9304878115653992,0.8252438902854919
YKL052C,YNR073C,0,-8.209846,0.10131456702947617,0.9304878115653992,0.8253658413887024
YNL054W,YPR096C,0,-8.210382,0.10130111873149872,0.9304878115653992,0.8254877924919128
YGR037C,YPL079W,0,-8.211289,0.10128767043352127,0.9304878115653992,0.8256097435951233
YGR175C,YNL221C,0,-8.211992,0.10127422213554382,0.9304878115653992,0.8257316946983337
YGL037C,YMR268C,0,-8.212799,0.10126078128814697,0.9304878115653992,0.8258536458015442
YGL191W,YLR401C,0,-8.2130375,0.10124734789133072,0.9304878115653992,0.8259755969047546
YDR044W,YLR139C,0,-8.214508,0.10123391449451447,0.9304878115653992,0.8260975480079651
YOL126C,YPR191W,0,-8.215275,0.10122048109769821,0.9304878115653992,0.8262194991111755
YDR481C,YER148W,0,-8.215509,0.10120705515146255,0.9304878115653992,0.826341450214386
YOL082W,YDR479C,0,-8.216248,0.1011936366558075,0.9304878115653992,0.8264634013175964
YPL005W,YFL037W,0,-8.216537,0.10118021816015244,0.9304878115653992,0.8265853524208069
YMR173W,YIL173W,0,-8.217134,0.10116679966449738,0.9304878115653992,0.8267073035240173
YPL161C,YPL123C,0,-8.217297,0.10115338861942291,0.9304878115653992,0.8268292546272278
YLL009C,YGR156W,0,-8.217766,0.10113997757434845,0.9304878115653992,0.8269512057304382
YER015W,YOL076W,1,-8.217802,0.10125911235809326,0.9317073225975037,0.8269512057304382
YML048W,YPR010C,0,-8.218233,0.1012456938624382,0.9317073225975037,0.8270731568336487
YGR189C,YDR146C,0,-8.218253,0.10123227536678314,0.9317073225975037,0.8271951079368591
YNL322C,YHR015W,0,-8.21859,0.10121886432170868,0.9317073225975037,0.8273170590400696
YBR286W,YLL023C,0,-8.219217,0.10120546072721481,0.9317073225975037,0.82743901014328
YPR037C,YLR050C,0,-8.219531,0.10119204968214035,0.9317073225975037,0.8275609612464905
YDR171W,YLR116W,0,-8.219677,0.10117865353822708,0.9317073225975037,0.8276829123497009
YJL146W,YBL106C,0,-8.220684,0.10116525739431381,0.9317073225975037,0.8278048634529114
YJL208C,YPR198W,0,-8.220934,0.10115186125040054,0.9317073225975037,0.8279268145561218
YOL139C,YBL090W,0,-8.221668,0.10113847255706787,0.9317073225975037,0.8280487656593323
YGL100W,YKL178C,0,-8.221751,0.1011250838637352,0.9317073225975037,0.8281707167625427
YDR470C,YNL339C,0,-8.222279,0.10111170262098312,0.9317073225975037,0.8282926678657532
YJL196C,YIL131C,0,-8.222514,0.10109832137823105,0.9317073225975037,0.8284146189689636
YGL200C,YHR075C,0,-8.222565,0.10108494013547897,0.9317073225975037,0.8285365700721741
YLL009C,YPR033C,0,-8.2227745,0.10107157379388809,0.9317073225975037,0.8286585211753845
YNL279W,YJR088C,0,-8.222855,0.10105820000171661,0.9317073225975037,0.828780472278595
YBR017C,YMR050C,0,-8.22306,0.10104483366012573,0.9317073225975037,0.8289024233818054
YPL012W,YLR004C,0,-8.224094,0.10103147476911545,0.9317073225975037,0.8290243744850159
YLR348C,YDR308C,0,-8.224211,0.10101811587810516,0.9317073225975037,0.8291463255882263
YFR030W,YLR142W,0,-8.224618,0.10100475698709488,0.9317073225975037,0.8292682766914368
YGR054W,YIL083C,0,-8.224858,0.10099140554666519,0.9317073225975037,0.8293902277946472
YPL048W,YNL334C,0,-8.225706,0.1009780615568161,0.9317073225975037,0.8295121788978577
YML074C,YBR146W,0,-8.225918,0.10096471756696701,0.9317073225975037,0.8296341300010681
YJL122W,YPR063C,0,-8.226081,0.10095137357711792,0.9317073225975037,0.8297560811042786
YMR002W,YHR163W,0,-8.227106,0.10093803703784943,0.9317073225975037,0.829878032207489
YGL257C,YBR169C,0,-8.22731,0.10092470049858093,0.9317073225975037,0.8299999833106995
YKL143W,YMR008C,0,-8.227645,0.10091137140989304,0.9317073225975037,0.8301219344139099
YHL003C,YDR312W,0,-8.227768,0.10089804232120514,0.9317073225975037,0.8302438855171204
YLR216C,YIL016W,0,-8.228065,0.10088472068309784,0.9317073225975037,0.8303658366203308
YMR246W,YPR131C,1,-8.228218,0.10100343078374863,0.9329268336296082,0.8303658366203308
YJR004C,YDR109C,0,-8.229625,0.10099010169506073,0.9329268336296082,0.8304877877235413
YBR126C,YPL276W,0,-8.229721,0.10097676515579224,0.9329268336296082,0.8306097388267517
YJL108C,YIL067C,0,-8.230675,0.10096344351768494,0.9329268336296082,0.8307316899299622
YDR534C,YLR432W,0,-8.230822,0.10095012187957764,0.9329268336296082,0.8308536410331726
YBR019C,YLL045C,0,-8.231197,0.10093680024147034,0.9329268336296082,0.8309755921363831
YNR035C,YOR285W,0,-8.232335,0.10092348605394363,0.9329268336296082,0.8310975432395935
YDL153C,YKL218C,0,-8.233322,0.10091017186641693,0.9329268336296082,0.831219494342804
YBL002W,YER065C,0,-8.23409,0.10089685767889023,0.9329268336296082,0.8313414454460144
YLR022C,YJR049C,0,-8.234845,0.10088355839252472,0.9329268336296082,0.8314633965492249
YAL054C,YDL040C,1,-8.2356615,0.10100211203098297,0.9341463446617126,0.8314633965492249
YDR037W,YGL008C,0,-8.237047,0.10098879039287567,0.9341463446617126,0.8315853476524353
YML055W,YDL170W,0,-8.237363,0.10097548365592957,0.9341463446617126,0.8317072987556458
YCR088W,YGL247W,0,-8.237696,0.10096216946840286,0.9341463446617126,0.8318292498588562
YIL051C,YPR114W,0,-8.238268,0.10094887018203735,0.9341463446617126,0.8319512009620667
YBL032W,YGL008C,0,-8.240563,0.10093556344509125,0.9341463446617126,0.8320731520652771
YLR175W,YML012W,0,-8.24133,0.10092226415872574,0.9341463446617126,0.8321951031684875
YLL045C,YBL067C,0,-8.241364,0.10090897232294083,0.9341463446617126,0.832317054271698
YHR211W,YKL165C,0,-8.242248,0.10089568048715591,0.9341463446617126,0.8324390053749084
YCR089W,YKL188C,0,-8.242264,0.100882388651371,0.9341463446617126,0.8325609564781189
YGL158W,YOR086C,0,-8.242414,0.10086910426616669,0.9341463446617126,0.8326829075813293
YPR001W,YBR296C,0,-8.242654,0.10085582733154297,0.9341463446617126,0.8328048586845398
YGR076C,YNL339C,0,-8.2427,0.10084255039691925,0.9341463446617126,0.8329268097877502
YLR190W,YLR185W,0,-8.243327,0.10082927346229553,0.9341463446617126,0.8330487608909607
YJL031C,YDL039C,0,-8.243993,0.10081600397825241,0.9341463446617126,0.8331707119941711
YOR310C,YNL134C,0,-8.245799,0.10080273449420929,0.9341463446617126,0.8332926630973816
YJR105W,YBL025W,0,-8.246618,0.10078947246074677,0.9341463446617126,0.833414614200592
YMR029C,YDL148C,0,-8.246941,0.10077621042728424,0.9341463446617126,0.8335365653038025
YJR109C,YLR291C,0,-8.248551,0.10076295584440231,0.9341463446617126,0.8336585164070129
YJR097W,YPR047W,0,-8.249153,0.10074970126152039,0.9341463446617126,0.8337804675102234
YMR316W,YIL082W-A,0,-8.249426,0.10073645412921906,0.9341463446617126,0.8339024186134338
YLL026W,YOR043W,0,-8.249954,0.10072320699691772,0.9341463446617126,0.8340243697166443
YBL098W,YKL022C,0,-8.250727,0.10070996731519699,0.9341463446617126,0.8341463208198547
YOR133W,YOR230W,0,-8.251255,0.10069672763347626,0.9341463446617126,0.8342682719230652
YIL070C,YMR210W,0,-8.251427,0.10068348795175552,0.9341463446617126,0.8343902230262756
YDL112W,YIL083C,0,-8.251624,0.10067025572061539,0.9341463446617126,0.8345121741294861
YDR211W,YPR191W,0,-8.251875,0.10065703094005585,0.9341463446617126,0.8346341252326965
YBR164C,YPL134C,0,-8.251877,0.10064380615949631,0.9341463446617126,0.834756076335907
YPR051W,YDL040C,1,-8.253056,0.10076195746660233,0.9353658556938171,0.834756076335907
YML026C,YDL015C,0,-8.253893,0.10074871778488159,0.9353658556938171,0.8348780274391174
YMR163C,YJL052W,0,-8.254126,0.10073548555374146,0.9353658556938171,0.8349999785423279
YER065C,YML014W,0,-8.255003,0.10072226077318192,0.9353658556938171,0.8351219296455383
YOR035C,YIL077C,0,-8.255164,0.10070903599262238,0.9353658556938171,0.8352438807487488
YDR005C,YGR245C,0,-8.2554655,0.10069581121206284,0.9353658556938171,0.8353658318519592
YLR035C,YEL043W,0,-8.25622,0.10068259388208389,0.9353658556938171,0.8354877829551697
YLL008W,YGR013W,0,-8.257792,0.10066937655210495,0.9353658556938171,0.8356097340583801
YFR009W,YJL069C,0,-8.257939,0.1006561666727066,0.9353658556938171,0.8357316851615906
YMR002W,YBR001C,0,-8.258128,0.10064295679330826,0.9353658556938171,0.835853636264801
YPR017C,YJL212C,0,-8.258359,0.10062975436449051,0.9353658556938171,0.8359755873680115
YNL278W,YLR270W,0,-8.258425,0.10061655193567276,0.9353658556938171,0.8360975384712219
YLR291C,YMR002W,0,-8.258683,0.10060335695743561,0.9353658556938171,0.8362194895744324
YMR217W,YGL185C,0,-8.258845,0.10059016197919846,0.9353658556938171,0.8363414406776428
YIL040W,YOR116C,0,-8.25932,0.1005769744515419,0.9353658556938171,0.8364633917808533
YGR189C,YLR191W,0,-8.261071,0.10056378692388535,0.9353658556938171,0.8365853428840637
YFR037C,YCR045C,0,-8.261248,0.10055059939622879,0.9353658556938171,0.8367072939872742
YDL143W,YJL219W,0,-8.261457,0.10053741931915283,0.9353658556938171,0.8368292450904846
YPR200C,YPR010C,0,-8.261879,0.10052424669265747,0.9353658556938171,0.8369511961936951
YLR361C,YHR021C,0,-8.262364,0.10051107406616211,0.9353658556938171,0.8370731472969055
YOL052C-A,YNL339C,0,-8.262723,0.10049790143966675,0.9353658556938171,0.837195098400116
YKR003W,YLR194C,0,-8.262933,0.10048473626375198,0.9353658556938171,0.8373170495033264
YDL132W,YPR078C,0,-8.263075,0.10047157108783722,0.9353658556938171,0.8374390006065369
YBR146W,YLL024C,0,-8.263113,0.10045841336250305,0.9353658556938171,0.8375609517097473
YJL203W,YGR141W,0,-8.263155,0.10044525563716888,0.9353658556938171,0.8376829028129578
YGR200C,YMR060C,0,-8.264571,0.10043210536241531,0.9353658556938171,0.8378048539161682
YBR021W,YER142C,0,-8.26467,0.10041895508766174,0.9353658556938171,0.8379268050193787
YMR199W,YER082C,0,-8.264838,0.10040581226348877,0.9353658556938171,0.8380487561225891
YLR160C,YLR285W,0,-8.265032,0.1003926694393158,0.9353658556938171,0.8381707072257996
YER015W,YMR246W,1,-8.26519,0.10051040351390839,0.9365853667259216,0.8381707072257996
YKL150W,YOL019W,0,-8.26684,0.10049725323915482,0.9365853667259216,0.83829265832901
YNR022C,YCR043C,0,-8.266889,0.10048410296440125,0.9365853667259216,0.8384146094322205
YDL020C,YNL115C,0,-8.267373,0.10047096014022827,0.9365853667259216,0.8385365605354309
YLR457C,YBR126C,0,-8.2674055,0.1004578173160553,0.9365853667259216,0.8386585116386414
YJL097W,YHR201C,0,-8.267429,0.10044467449188232,0.9365853667259216,0.8387804627418518
YGR195W,YDR002W,0,-8.267706,0.10043153911828995,0.9365853667259216,0.8389024138450623
YJL155C,YMR024W,0,-8.268524,0.10041841119527817,0.9365853667259216,0.8390243649482727
YIL043C,YJR103W,0,-8.269648,0.10040528327226639,0.9365853667259216,0.8391463160514832
YPL060W,YDR196C,0,-8.270114,0.10039215534925461,0.9365853667259216,0.8392682671546936
YHR061C,YBL080C,0,-8.270176,0.10037903487682343,0.9365853667259216,0.839390218257904
YJR125C,YOR048C,0,-8.270977,0.10036591440439224,0.9365853667259216,0.8395121693611145
YCR106W,YGR005C,0,-8.270982,0.10035280138254166,0.9365853667259216,0.839634120464325
YNL127W,YNR064C,0,-8.271179,0.10033968836069107,0.9365853667259216,0.8397560715675354
YDR358W,YIL083C,0,-8.271494,0.10032658278942108,0.9365853667259216,0.8398780226707458
YKL160W,YJL048C,0,-8.271536,0.10031347721815109,0.9365853667259216,0.8399999737739563
YMR120C,YNL024C,0,-8.271876,0.1003003790974617,0.9365853667259216,0.8401219248771667
YHR001W-A,YDL180W,0,-8.27211,0.10028728097677231,0.9365853667259216,0.8402438759803772
YLR145W,YBR271W,0,-8.272174,0.10027419030666351,0.9365853667259216,0.8403658270835876
YPR162C,YLR194C,0,-8.272867,0.10026109963655472,0.9365853667259216,0.8404877781867981
YKR031C,YLR050C,0,-8.272913,0.10024800896644592,0.9365853667259216,0.8406097292900085
YOR133W,YER078C,0,-8.273508,0.10023492574691772,0.9365853667259216,0.840731680393219
YGR289C,YJR086W,0,-8.27445,0.10022184252738953,0.9365853667259216,0.8408536314964294
YAL054C,YMR236W,1,-8.275518,0.10033924877643585,0.9378048777580261,0.8408536314964294
YGL148W,YMR021C,0,-8.276722,0.10032615810632706,0.9378048777580261,0.8409755825996399
YIL142W,YOR101W,0,-8.278576,0.10031306743621826,0.9378048777580261,0.8410975337028503
YHR013C,YPR193C,1,-8.278862,0.10043041408061981,0.9390243887901306,0.8410975337028503
YBL013W,YGL151W,0,-8.279833,0.10041731595993042,0.9390243887901306,0.8412194848060608
YKL101W,YGL231C,0,-8.280877,0.10040422528982162,0.9390243887901306,0.8413414359092712
YOR377W,YMR121C,0,-8.281119,0.10039113461971283,0.9390243887901306,0.8414633870124817
YML120C,YPR118W,0,-8.281691,0.10037804394960403,0.9390243887901306,0.8415853381156921
YPL217C,YHR165C,0,-8.283252,0.10036496073007584,0.9390243887901306,0.8417072892189026
YDR192C,YLR048W,0,-8.28326,0.10035188496112823,0.9390243887901306,0.841829240322113
YKL007W,YDL181W,0,-8.283485,0.10033880919218063,0.9390243887901306,0.8419511914253235
YJR084W,YDR541C,0,-8.283541,0.10032573342323303,0.9390243887901306,0.8420731425285339
YKL034W,YLR050C,0,-8.284569,0.10031266510486603,0.9390243887901306,0.8421950936317444
YIL094C,YMR226C,0,-8.285883,0.10029959678649902,0.9390243887901306,0.8423170447349548
YER167W,YOL127W,0,-8.287499,0.10028653591871262,0.9390243887901306,0.8424389958381653
YGL183C,YDR381W,0,-8.28774,0.10027347505092621,0.9390243887901306,0.8425609469413757
YHR036W,YMR175W,0,-8.2900305,0.1002604141831398,0.9390243887901306,0.8426828980445862
YNR056C,YPL104W,0,-8.2908,0.10024736076593399,0.9390243887901306,0.8428048491477966
YDL243C,YDR461W,0,-8.290978,0.10023431479930878,0.9390243887901306,0.8429268002510071
YGR118W,YER160C,0,-8.291104,0.10022126883268356,0.9390243887901306,0.8430487513542175
YPL086C,YPR134W,0,-8.291496,0.10020822286605835,0.9390243887901306,0.843170702457428
YKL078W,YMR112C,0,-8.292321,0.10019518435001373,0.9390243887901306,0.8432926535606384
YMR281W,YBL106C,0,-8.293407,0.10018214583396912,0.9390243887901306,0.8434146046638489
YPL248C,YDR449C,0,-8.293734,0.1001691147685051,0.9390243887901306,0.8435365557670593
YLR318W,YKL165C,0,-8.295042,0.10015608370304108,0.9390243887901306,0.8436585068702698
YIL065C,YER055C,0,-8.29533,0.10014306008815765,0.9390243887901306,0.843780517578125
YBR248C,YOR354C,0,-8.297236,0.10013003647327423,0.9390243887901306,0.8439024686813354
YPR033C,YNL007C,0,-8.29732,0.1001170203089714,0.9390243887901306,0.8440244197845459
YKL152C,YNL132W,0,-8.298269,0.10010400414466858,0.9390243887901306,0.8441463708877563
YDR072C,YIL018W,0,-8.298403,0.10009099543094635,0.9390243887901306,0.8442683219909668
YGR124W,YDR531W,0,-8.298883,0.10007797926664352,0.9390243887901306,0.8443902730941772
YMR318C,YPL005W,0,-8.299712,0.10006497800350189,0.9390243887901306,0.8445122241973877
YHL033C,YLR425W,0,-8.299904,0.10005197674036026,0.9390243887901306,0.8446341753005981
YGR244C,YMR022W,0,-8.299961,0.10003897547721863,0.9390243887901306,0.8447561264038086
YMR160W,YNL152W,0,-8.300377,0.10002598166465759,0.9390243887901306,0.844878077507019
YIL026C,YOL128C,0,-8.300883,0.10001298785209656,0.9390243887901306,0.8450000286102295
YHR025W,YIL168W,0,-8.303405,0.10000000149011612,0.9390243887901306,0.8451219797134399
YNR044W,YOR328W,0,-8.303426,0.09998701512813568,0.9390243887901306,0.8452439308166504
YKR024C,YDL136W,0,-8.303555,0.09997403621673584,0.9390243887901306,0.8453658819198608
YMR318C,YER055C,0,-8.303794,0.099961057305336,0.9390243887901306,0.8454878330230713
YCL027W,YJR088C,0,-8.304349,0.09994807839393616,0.9390243887901306,0.8456097841262817
YPR060C,YKL213C,0,-8.304652,0.09993510693311691,0.9390243887901306,0.8457317352294922
YMR228W,YOL104C,0,-8.305381,0.09992213547229767,0.9390243887901306,0.8458536863327026
YLR270W,YPL076W,0,-8.306442,0.09990917146205902,0.9390243887901306,0.8459756374359131
YLR441C,YLR440C,0,-8.307516,0.09989621490240097,0.9390243887901306,0.8460975885391235
YBL015W,YDR513W,0,-8.307815,0.09988325089216232,0.9390243887901306,0.846219539642334
YLR244C,YGR263C,0,-8.307968,0.09987030178308487,0.9390243887901306,0.8463414907455444
YMR168C,YIL148W,0,-8.308358,0.09985734522342682,0.9390243887901306,0.8464634418487549
YFL023W,YCL026C-B,0,-8.308539,0.09984439611434937,0.9390243887901306,0.8465853929519653
YGR041W,YER141W,0,-8.309023,0.09983145445585251,0.9390243887901306,0.8467073440551758
YML075C,YKL164C,0,-8.309432,0.09981851279735565,0.9390243887901306,0.8468292951583862
YJR010W,YJL047C,0,-8.309947,0.0998055711388588,0.9390243887901306,0.8469512462615967
YNL175C,YLR193C,0,-8.311274,0.09979263693094254,0.9390243887901306,0.8470731973648071
YDR093W,YCL026C-A,0,-8.311983,0.09977971017360687,0.9390243887901306,0.8471951484680176
YGR145W,YGL201C,0,-8.312269,0.09976677596569061,0.9390243887901306,0.847317099571228
YGR142W,YDL101C,0,-8.313106,0.09975385665893555,0.9390243887901306,0.8474390506744385
YBL026W,YOR056C,0,-8.313381,0.09974092990159988,0.9390243887901306,0.8475610017776489
YDR236C,YLL034C,0,-8.3141575,0.09972801804542542,0.9390243887901306,0.8476829528808594
YKL120W,YDR172W,0,-8.314205,0.09971509873867035,0.9390243887901306,0.8478049039840698
YGR157W,YHR120W,0,-8.314312,0.09970218688249588,0.9390243887901306,0.8479268550872803
YDR399W,YDR092W,0,-8.315521,0.09968928247690201,0.9390243887901306,0.8480488061904907
YDL136W,YPR063C,0,-8.315671,0.09967637807130814,0.9390243887901306,0.8481707572937012
YNR067C,YNL117W,0,-8.316116,0.09966347366571426,0.9390243887901306,0.8482927083969116
YHR147C,YOR337W,0,-8.316366,0.09965057671070099,0.9390243887901306,0.8484146595001221
YHR085W,YGL100W,0,-8.316956,0.09963767975568771,0.9390243887901306,0.8485366106033325
YJR001W,YMR250W,0,-8.317511,0.09962479025125504,0.9390243887901306,0.848658561706543
YIL079C,YDR349C,0,-8.317543,0.09961190074682236,0.9390243887901306,0.8487805128097534
YDR384C,YML127W,0,-8.317654,0.09959901869297028,0.9390243887901306,0.8489024639129639
YNL153C,YKL222C,0,-8.321192,0.0995861366391182,0.9390243887901306,0.8490244150161743
YPR120C,YDL112W,0,-8.322323,0.09957325458526611,0.9390243887901306,0.8491463661193848
YKL096W,YNL201C,0,-8.3239155,0.09956037998199463,0.9390243887901306,0.8492683172225952
YMR217W,YER095W,0,-8.325464,0.09954751282930374,0.9390243887901306,0.8493902683258057
YDR140W,YLR050C,0,-8.325637,0.09953464567661285,0.9390243887901306,0.8495122194290161
YOR317W,YLL002W,1,-8.326508,0.0996510311961174,0.9402438998222351,0.8495122194290161
YMR113W,YGL076C,0,-8.32821,0.09963814914226532,0.9402438998222351,0.8496341705322266
YLR286C,YOR336W,0,-8.328615,0.09962527453899384,0.9402438998222351,0.849756121635437
YOL144W,YPR009W,0,-8.328767,0.09961239993572235,0.9402438998222351,0.8498780727386475
YDR299W,YER087C-A,0,-8.328818,0.09959953278303146,0.9402438998222351,0.8500000238418579
YFL055W,YPR204W,0,-8.329269,0.09958667308092117,0.9402438998222351,0.8501219749450684
YFL037W,YJL048C,0,-8.3303795,0.09957380592823029,0.9402438998222351,0.8502439260482788
YJR152W,YMR136W,0,-8.330502,0.09956095367670059,0.9402438998222351,0.8503658771514893
YLR433C,YPR137W,0,-8.330546,0.0995480939745903,0.9402438998222351,0.8504878282546997
YGR140W,YOR133W,0,-8.331253,0.09953524172306061,0.9402438998222351,0.8506097793579102
YNL136W,YOR317W,1,-8.331345,0.09965147823095322,0.9414634108543396,0.8506097793579102
YGL067W,YMR131C,0,-8.331349,0.09963861852884293,0.9414634108543396,0.8507317304611206
YOR038C,YOR004W,0,-8.332114,0.09962575882673264,0.9414634108543396,0.850853681564331
YNL175C,YDR004W,0,-8.332694,0.09961290657520294,0.9414634108543396,0.8509756326675415
YLR153C,YLL002W,1,-8.333191,0.09972906857728958,0.9426829218864441,0.8509756326675415
YNL127W,YBL064C,0,-8.334856,0.0997162014245987,0.9426829218864441,0.851097583770752
YGR034W,YNL046W,0,-8.335512,0.0997033417224884,0.9426829218864441,0.8512195348739624
YCL064C,YCR102C,0,-8.335872,0.09969048202037811,0.9426829218864441,0.8513414859771729
YNL078W,YOR049C,0,-8.33641,0.09967762976884842,0.9426829218864441,0.8514634370803833
YKL103C,YDL020C,0,-8.336798,0.09966477751731873,0.9426829218864441,0.8515853881835938
YJL219W,YLR017W,0,-8.336936,0.09965192526578903,0.9426829218864441,0.8517073392868042
YOR317W,YGR252W,1,-8.33786,0.09976798295974731,0.9439024329185486,0.8517073392868042
YML051W,YNL301C,0,-8.338221,0.09975512325763702,0.9439024329185486,0.8518292903900146
YDR295C,YDR131C,0,-8.33997,0.09974227100610733,0.9439024329185486,0.8519512414932251
YBL092W,YOL019W,0,-8.340169,0.09972941875457764,0.9439024329185486,0.8520731925964355
YKL087C,YDR116C,0,-8.3410225,0.09971656650304794,0.9439024329185486,0.852195143699646
YFL011W,YDR395W,0,-8.341894,0.09970372170209885,0.9439024329185486,0.8523170948028564
YHR039C,YDR481C,0,-8.343197,0.09969088435173035,0.9439024329185486,0.8524390459060669
YPR160W,YOR304W,0,-8.343293,0.09967803955078125,0.9439024329185486,0.8525609970092773
YAL002W,YDL118W,0,-8.34382,0.09966520965099335,0.9439024329185486,0.8526829481124878
YKL213C,YDR178W,0,-8.344109,0.09965237230062485,0.9439024329185486,0.8528048992156982
YNR056C,YOR266W,0,-8.344397,0.09963954985141754,0.9439024329185486,0.8529268503189087
YIL036W,YLR185W,0,-8.345484,0.09962671995162964,0.9439024329185486,0.8530488014221191
YJR108W,YMR015C,0,-8.346965,0.09961389750242233,0.9439024329185486,0.8531707525253296
YLR116W,YNR073C,0,-8.347274,0.09960108250379562,0.9439024329185486,0.85329270362854
YJL031C,YLR110C,0,-8.348373,0.09958826750516891,0.9439024329185486,0.8534146547317505
YKL008C,YDL211C,0,-8.348439,0.0995754525065422,0.9439024329185486,0.8535366058349609
YMR081C,YML034W,0,-8.348535,0.0995626449584961,0.9439024329185486,0.8536585569381714
YKL182W,YLR061W,0,-8.348672,0.09954983741044998,0.9439024329185486,0.8537805080413818
YMR246W,YEL053C,1,-8.348823,0.09966563433408737,0.9451219439506531,0.8537805080413818
YNL274C,YOL104C,0,-8.34915,0.09965281933546066,0.9451219439506531,0.8539024591445923
YOR239W,YPL134C,0,-8.349734,0.09964001178741455,0.9451219439506531,0.8540244102478027
YOR317W,YGR002C,1,-8.350297,0.09975574910640717,0.9463414549827576,0.8540244102478027
YOR221C,YDR175C,0,-8.350357,0.09974293410778046,0.9463414549827576,0.8541463613510132
YHR148W,YJL089W,0,-8.352121,0.09973011165857315,0.9463414549827576,0.8542683124542236
YLR227C,YNL065W,0,-8.352554,0.09971729665994644,0.9463414549827576,0.8543902635574341
YDL154W,YLR040C,0,-8.35267,0.09970448166131973,0.9463414549827576,0.8545122146606445
YNL004W,YKL035W,0,-8.353088,0.09969167411327362,0.9463414549827576,0.854634165763855
YDL193W,YHL044W,0,-8.353144,0.09967886656522751,0.9463414549827576,0.8547561168670654
YIL070C,YOR323C,0,-8.353294,0.099666066467762,0.9463414549827576,0.8548780679702759
YBR297W,YGL010W,0,-8.3535385,0.09965326637029648,0.9463414549827576,0.8550000190734863
YLR432W,YHR041C,0,-8.353798,0.09964047372341156,0.9463414549827576,0.8551219701766968
YDR365C,YHR161C,0,-8.354273,0.09962768107652664,0.9463414549827576,0.8552439212799072
YPL097W,YMR175W,0,-8.354857,0.09961488842964172,0.9463414549827576,0.8553658723831177
YDR072C,YDR186C,0,-8.354896,0.0996021032333374,0.9463414549827576,0.8554878234863281
YCL034W,YBR241C,0,-8.355796,0.09958932548761368,0.9463414549827576,0.8556097745895386
YGR208W,YOR230W,0,-8.35597,0.09957654029130936,0.9463414549827576,0.855731725692749
YKL172W,YMR129W,0,-8.356041,0.09956376999616623,0.9463414549827576,0.8558536767959595
YLR285W,YPR110C,0,-8.356054,0.0995509922504425,0.9463414549827576,0.8559756278991699
YNL214W,YDR196C,0,-8.356606,0.09953822195529938,0.9463414549827576,0.8560975790023804
YBR065C,YEL054C,0,-8.356845,0.09952545911073685,0.9463414549827576,0.8562195301055908
YLR008C,YIL096C,0,-8.357355,0.09951269626617432,0.9463414549827576,0.8563414812088013
YLR142W,YGR263C,0,-8.358002,0.09949993342161179,0.9463414549827576,0.8564634323120117
YLR153C,YJL115W,1,-8.358111,0.09961538761854172,0.9475609660148621,0.8564634323120117
YGR085C,YDL133C-A,0,-8.359684,0.09960261732339859,0.9475609660148621,0.8565853834152222
YNL063W,YKL212W,0,-8.359871,0.09958984702825546,0.9475609660148621,0.8567073345184326
YPL119C,YNR003C,0,-8.361382,0.09957708418369293,0.9475609660148621,0.8568292856216431
YDR424C,YJL069C,0,-8.362202,0.099564328789711,0.9475609660148621,0.8569512367248535
YHR051W,YDR515W,0,-8.3624935,0.09955156594514847,0.9475609660148621,0.857073187828064
YJR140C,YLR197W,0,-8.362861,0.09953881800174713,0.9475609660148621,0.8571951389312744
YDL134C,YCR031C,0,-8.363826,0.0995260700583458,0.9475609660148621,0.8573170900344849
YLR153C,YHR013C,1,-8.364649,0.09964139014482498,0.9487804770469666,0.8573170900344849
YBR132C,YIL051C,0,-8.364727,0.09962863475084305,0.9487804770469666,0.8574390411376953
YDL227C,YLL062C,0,-8.364741,0.09961587935686111,0.9487804770469666,0.8575609922409058
YDR309C,YMR050C,0,-8.365314,0.09960312396287918,0.9487804770469666,0.8576829433441162
YOR317W,YOL076W,1,-8.365602,0.09971838444471359,0.949999988079071,0.8576829433441162
YNL075W,YPR166C,0,-8.365612,0.09970562160015106,0.949999988079071,0.8578048944473267
YOR308C,YIL022W,0,-8.366628,0.09969285875558853,0.949999988079071,0.8579268455505371
YJR019C,YIL101C,0,-8.366717,0.0996801033616066,0.949999988079071,0.8580487966537476
YNL199C,YKL029C,0,-8.366893,0.09966734796762466,0.949999988079071,0.858170747756958
YPR103W,YGR214W,0,-8.366944,0.09965460002422333,0.949999988079071,0.8582926988601685
YFL003C,YLR346C,0,-8.367001,0.09964185208082199,0.949999988079071,0.8584146499633789
YPL043W,YOR117W,0,-8.368376,0.09962911158800125,0.949999988079071,0.8585366010665894
YBL015W,YDR212W,0,-8.368467,0.09961637109518051,0.949999988079071,0.8586585521697998
YAL059W,YDL211C,0,-8.368732,0.09960363060235977,0.949999988079071,0.8587805032730103
YAL054C,YFL024C,1,-8.369603,0.09971874207258224,0.9512194991111755,0.8587805032730103
YNL278W,YPR041W,0,-8.370308,0.09970599412918091,0.9512194991111755,0.8589024543762207
YER149C,YHR076W,0,-8.371014,0.09969325363636017,0.9512194991111755,0.8590244054794312
YOR054C,YJL213W,0,-8.372697,0.09968051314353943,0.9512194991111755,0.8591463565826416
YAL054C,YEL053C,1,-8.373402,0.09979555010795593,0.95243901014328,0.8591463565826416
YJR016C,YML098W,0,-8.373781,0.0997828021645546,0.95243901014328,0.859268307685852
YFL039C,YER015W,1,-8.37384,0.09989780187606812,0.9536585211753845,0.859268307685852
YNL302C,YOR305W,0,-8.374482,0.09988504648208618,0.9536585211753845,0.8593902587890625
YOR005C,YLR045C,0,-8.375308,0.09987228363752365,0.9536585211753845,0.859512209892273
YNL223W,YOR254C,0,-8.375935,0.09985953569412231,0.9536585211753845,0.8596341609954834
YJL122W,YNL334C,0,-8.37612,0.09984678030014038,0.9536585211753845,0.8597561120986938
YCR057C,YBR254C,0,-8.37699,0.09983403235673904,0.9536585211753845,0.8598780632019043
YML024W,YDR341C,0,-8.378681,0.0998212918639183,0.9536585211753845,0.8600000143051147
YHR008C,YIR012W,0,-8.378835,0.09980855137109756,0.9536585211753845,0.8601219654083252
YFL022C,YKL142W,0,-8.380743,0.09979581087827682,0.9536585211753845,0.8602439165115356
YGR088W,YFL059W,0,-8.380795,0.09978307783603668,0.9536585211753845,0.8603658676147461
YPL038W,YDR500C,0,-8.380823,0.09977035224437714,0.9536585211753845,0.8604878187179565
YLR388W,YFR040W,0,-8.381424,0.099757619202137,0.9536585211753845,0.860609769821167
YGL256W,YLR155C,0,-8.381493,0.09974490106105804,0.9536585211753845,0.8607317209243774
YML080W,YDR527W,0,-8.3817005,0.0997321754693985,0.9536585211753845,0.8608536720275879
YOL101C,YJL208C,0,-8.381765,0.09971945732831955,0.9536585211753845,0.8609756231307983
YDL208W,YGR258C,0,-8.382075,0.0997067466378212,0.9536585211753845,0.8610975742340088
YLR286C,YLR466W,0,-8.382982,0.09969403594732285,0.9536585211753845,0.8612195253372192
YKL132C,YPR110C,0,-8.383314,0.0996813252568245,0.9536585211753845,0.8613414764404297
YNL116W,YKL191W,0,-8.384563,0.09966862201690674,0.9536585211753845,0.8614634275436401
YMR316W,YGR292W,0,-8.38473,0.09965591877698898,0.9536585211753845,0.8615853786468506
YBR045C,YKR042W,0,-8.385481,0.09964322298765182,0.9536585211753845,0.861707329750061
YIL155C,YKR095W-A,0,-8.3861065,0.09963052719831467,0.9536585211753845,0.8618292808532715
YAL061W,YOR311C,0,-8.386727,0.09961783140897751,0.9536585211753845,0.8619512319564819
YBL056W,YEL041W,0,-8.386916,0.09960514307022095,0.9536585211753845,0.8620731830596924
YJR103W,YCR045C,0,-8.386978,0.09959246218204498,0.9536585211753845,0.8621951341629028
YGL001C,YKL120W,0,-8.387794,0.09957978129386902,0.9536585211753845,0.8623170852661133
YPL110C,YML060W,0,-8.387801,0.09956710040569305,0.9536585211753845,0.8624390363693237
YMR246W,YOL003C,1,-8.38808,0.09968173503875732,0.954878032207489,0.8624390363693237
YHL048W,YMR217W,0,-8.389116,0.09966903924942017,0.954878032207489,0.8625609874725342
YEL018W,YPR110C,0,-8.389295,0.0996563583612442,0.954878032207489,0.8626829385757446
YNL183C,YBR181C,0,-8.389537,0.09964367747306824,0.954878032207489,0.8628048896789551
YNL068C,YOL101C,0,-8.390324,0.09963099658489227,0.954878032207489,0.8629268407821655
YDR044W,YGL131C,0,-8.391149,0.0996183231472969,0.954878032207489,0.863048791885376
YEL011W,YER149C,0,-8.391292,0.09960564970970154,0.954878032207489,0.8631707429885864
YAL029C,YDR064W,0,-8.392405,0.09959297627210617,0.954878032207489,0.8632926940917969
YNL061W,YOR219C,0,-8.392582,0.0995803102850914,0.954878032207489,0.8634146451950073
YCL034W,YLR092W,0,-8.393169,0.09956765174865723,0.954878032207489,0.8635365962982178
YKR039W,YGL037C,0,-8.3936405,0.09955499321222305,0.954878032207489,0.8636585474014282
YPL104W,YLL024C,0,-8.393888,0.09954233467578888,0.954878032207489,0.8637804985046387
YNL274C,YAL034W-A,0,-8.394186,0.0995296835899353,0.954878032207489,0.8639024496078491
YOL059W,YMR217W,0,-8.394486,0.09951703250408173,0.954878032207489,0.8640244007110596
YIR041W,YDL060W,0,-8.3952675,0.09950438141822815,0.954878032207489,0.86414635181427
YLR303W,YGR081C,0,-8.395285,0.09949173778295517,0.954878032207489,0.8642683029174805
YFL056C,YOR073W,0,-8.3956785,0.09947910159826279,0.954878032207489,0.8643902540206909
YML058W-A,YPL151C,0,-8.396134,0.0994664654135704,0.954878032207489,0.8645122051239014
YPL198W,YCL032W,0,-8.396499,0.09945382922887802,0.954878032207489,0.8646341562271118
YPL095C,YOR321W,0,-8.396684,0.09944120049476624,0.954878032207489,0.8647561073303223
YIL097W,YHR081W,0,-8.39852,0.09942857176065445,0.954878032207489,0.8648780584335327
YML036W,YEL026W,0,-8.398918,0.09941595047712326,0.954878032207489,0.8650000095367432
YGR177C,YIL085C,0,-8.399025,0.09940332919359207,0.954878032207489,0.8651219606399536
YLR308W,YOL052C-A,0,-8.399861,0.09939070791006088,0.954878032207489,0.8652439117431641
YGL192W,YOR056C,0,-8.39988,0.09937809407711029,0.954878032207489,0.8653658628463745
YJR047C,YMR323W,0,-8.399965,0.0993654802441597,0.954878032207489,0.865487813949585
YOR124C,YGR111W,0,-8.400037,0.0993528738617897,0.954878032207489,0.8656097650527954
YGR174C,YER052C,0,-8.401164,0.09934026747941971,0.954878032207489,0.8657317161560059
YOR128C,YNL169C,0,-8.401565,0.09932766854763031,0.954878032207489,0.8658536672592163
YGL067W,YPR102C,0,-8.402273,0.09931506961584091,0.954878032207489,0.8659756183624268
YOR036W,YGR185C,0,-8.40342,0.09930247068405151,0.954878032207489,0.8660975694656372
YLR044C,YIL121W,0,-8.403641,0.09928987920284271,0.954878032207489,0.8662195205688477
YPL038W,YMR121C,0,-8.403943,0.09927729517221451,0.954878032207489,0.8663414716720581
YLR129W,YLR457C,0,-8.404895,0.0992647036910057,0.954878032207489,0.8664634227752686
YDR216W,YFR009W,0,-8.405167,0.0992521196603775,0.954878032207489,0.866585373878479
YLR060W,YLL023C,0,-8.40581,0.0992395430803299,0.954878032207489,0.8667073249816895
YPL134C,YOR119C,0,-8.406942,0.09922696650028229,0.954878032207489,0.8668292760848999
YDR158W,YKL086W,0,-8.408515,0.09921439737081528,0.954878032207489,0.8669512271881104
YMR246W,YGL112C,1,-8.408793,0.09932851791381836,0.9560975432395935,0.8669512271881104
YNR007C,YPL249C-A,0,-8.40952,0.09931593388319016,0.9560975432395935,0.8670731782913208
YBR001C,YHR075C,0,-8.409983,0.09930335730314255,0.9560975432395935,0.8671951293945312
YNR035C,YKL051W,0,-8.410296,0.09929078072309494,0.9560975432395935,0.8673170804977417
YGR162W,YLL014W,0,-8.411185,0.09927820414304733,0.9560975432395935,0.8674390316009521
YLR401C,YGR213C,0,-8.411364,0.09926563501358032,0.9560975432395935,0.8675609827041626
YKL084W,YDL153C,0,-8.412151,0.09925307333469391,0.9560975432395935,0.867682933807373
YNR003C,YJR049C,0,-8.412903,0.0992405042052269,0.9560975432395935,0.8678048849105835
YGR104C,YPR151C,0,-8.413099,0.09922794252634048,0.9560975432395935,0.867926836013794
YBR221C,YGL120C,0,-8.41313,0.09921538829803467,0.9560975432395935,0.8680487871170044
YBL015W,YOR202W,0,-8.41476,0.09920283406972885,0.9560975432395935,0.8681707382202148
YDR365C,YDL191W,0,-8.415128,0.09919027984142303,0.9560975432395935,0.8682926893234253
YIR034C,YKL134C,0,-8.415165,0.09917773306369781,0.9560975432395935,0.8684146404266357
YEL026W,YBR254C,0,-8.416077,0.09916519373655319,0.9560975432395935,0.8685365915298462
YCL018W,YBL035C,0,-8.417457,0.09915264695882797,0.9560975432395935,0.8686585426330566
YBR101C,YPR047W,0,-8.417678,0.09914010763168335,0.9560975432395935,0.8687804937362671
YCL064C,YAL005C,0,-8.419201,0.09912757575511932,0.9560975432395935,0.8689024448394775
YLL009C,YLR452C,0,-8.419368,0.0991150438785553,0.9560975432395935,0.869024395942688
YDR399W,YBL014C,0,-8.419407,0.09910251200199127,0.9560975432395935,0.8691463470458984
YIL019W,YJL096W,0,-8.419607,0.09908998757600784,0.9560975432395935,0.8692682981491089
YER056C-A,YFL049W,0,-8.419708,0.09907747060060501,0.9560975432395935,0.8693902492523193
YBR248C,YNR021W,0,-8.421081,0.09906494617462158,0.9560975432395935,0.8695122003555298
YAL054C,YMR246W,1,-8.421914,0.09917877614498138,0.957317054271698,0.8695122003555298
YOR237W,YDR395W,0,-8.4227295,0.09916624426841736,0.957317054271698,0.8696341514587402
YMR165C,YMR291W,0,-8.423101,0.09915371984243393,0.957317054271698,0.8697561025619507
YPL101W,YPL041C,0,-8.423301,0.0991411954164505,0.957317054271698,0.8698780536651611
YLR325C,YGL126W,0,-8.4235115,0.09912867844104767,0.957317054271698,0.8700000047683716
YBL072C,YOL072W,0,-8.424689,0.09911616146564484,0.957317054271698,0.870121955871582
YMR300C,YER087C-A,0,-8.425516,0.0991036519408226,0.957317054271698,0.8702439069747925
YGL148W,YDR023W,0,-8.425739,0.09909113496541977,0.957317054271698,0.8703658580780029
YOR073W,YDL123W,0,-8.428366,0.09907863289117813,0.957317054271698,0.8704878091812134
YML006C,YDL184C,0,-8.429426,0.09906613081693649,0.957317054271698,0.8706097602844238
YGL187C,YPR191W,0,-8.429482,0.09905362874269485,0.957317054271698,0.8707317113876343
YLL024C,YGL098W,0,-8.429591,0.09904113411903381,0.957317054271698,0.8708536624908447
YDL168W,YDL110C,0,-8.430571,0.09902863949537277,0.957317054271698,0.8709756135940552
YML071C,YKL191W,0,-8.43098,0.09901614487171173,0.957317054271698,0.8710975646972656
YNL048W,YGR118W,0,-8.431135,0.09900365769863129,0.957317054271698,0.8712195158004761
YOR096W,YNL300W,0,-8.431778,0.09899117052555084,0.957317054271698,0.8713414669036865
YPR128C,YKR057W,0,-8.432215,0.098978690803051,0.957317054271698,0.871463418006897
YGR244C,YNL087W,0,-8.432293,0.09896621108055115,0.957317054271698,0.8715853691101074
YLR293C,YKL134C,0,-8.433556,0.0989537388086319,0.957317054271698,0.8717073202133179
YDR299W,YHR088W,0,-8.433738,0.09894126653671265,0.957317054271698,0.8718292713165283
YER088C,YIL160C,0,-8.434501,0.0989287942647934,0.957317054271698,0.8719512224197388
YCR068W,YPL157W,0,-8.434672,0.09891632944345474,0.957317054271698,0.8720731735229492
YPR137W,YNL128W,0,-8.436526,0.09890386462211609,0.957317054271698,0.8721951246261597
YPL198W,YKL077W,0,-8.436914,0.09889140725135803,0.957317054271698,0.8723170757293701
YHR169W,YFL048C,0,-8.437674,0.09887894988059998,0.957317054271698,0.8724390268325806
YEL071W,YNL044W,0,-8.4377165,0.09886649996042252,0.957317054271698,0.872560977935791
YAR050W,YGR027C,0,-8.437882,0.09885405004024506,0.957317054271698,0.8726829290390015
YOR206W,YFL049W,0,-8.438106,0.0988416001200676,0.957317054271698,0.8728048801422119
YMR116C,YNL054W,0,-8.438339,0.09882915765047073,0.957317054271698,0.8729268312454224
YPL043W,YGR133W,0,-8.43848,0.09881671518087387,0.957317054271698,0.8730487823486328
YGR260W,YJL045W,0,-8.4390545,0.0988042801618576,0.957317054271698,0.8731707334518433
YMR180C,YML100W,0,-8.440469,0.09879184514284134,0.957317054271698,0.8732926845550537
YDR171W,YMR153W,0,-8.440631,0.09877941012382507,0.957317054271698,0.8734146356582642
YJR151C,YIL131C,0,-8.440879,0.0987669825553894,0.957317054271698,0.8735365867614746
YER065C,YHR163W,0,-8.440971,0.09875456243753433,0.957317054271698,0.8736585378646851
YDR314C,YLR448W,0,-8.442255,0.09874213486909866,0.957317054271698,0.8737804889678955
YGL008C,YPL158C,0,-8.442337,0.09872972220182419,0.957317054271698,0.873902440071106
YCR038C,YIL019W,0,-8.442604,0.09871730208396912,0.957317054271698,0.8740243911743164
YGR253C,YJL130C,0,-8.442995,0.09870488941669464,0.957317054271698,0.8741463422775269
YNR045W,YMR194W,0,-8.4435625,0.09869248420000076,0.957317054271698,0.8742682933807373
YDL077C,YLL056C,0,-8.444185,0.09868007898330688,0.957317054271698,0.8743902444839478
YGR154C,YIL155C,0,-8.445272,0.098667673766613,0.957317054271698,0.8745121955871582
YML042W,YNL236W,0,-8.446265,0.09865526854991913,0.957317054271698,0.8746341466903687
YML069W,YGL096W,0,-8.447237,0.09864287823438644,0.957317054271698,0.8747560977935791
YOR221C,YBR183W,0,-8.448004,0.09863048046827316,0.957317054271698,0.8748780488967896
YNL147W,YHR021C,0,-8.448588,0.09861809015274048,0.957317054271698,0.875
YOL084W,YNL146W,0,-8.448799,0.0986056998372078,0.957317054271698,0.8751219511032104
YJR070C,YLR360W,0,-8.448816,0.0985933169722557,0.957317054271698,0.8752439022064209
YAR014C,YBR018C,0,-8.450747,0.09858093410730362,0.957317054271698,0.8753658533096313
YOR155C,YMR322C,0,-8.451775,0.09856855869293213,0.957317054271698,0.8754878044128418
YCR047C,YBR171W,0,-8.452513,0.09855618327856064,0.957317054271698,0.8756097555160522
YKL191W,YER056C-A,0,-8.454985,0.09854380786418915,0.957317054271698,0.8757317066192627
YDR009W,YOR315W,0,-8.455691,0.09853143990039825,0.957317054271698,0.8758536577224731
YAL008W,YMR302C,0,-8.456982,0.09851907938718796,0.957317054271698,0.8759756088256836
YDR288W,YNL178W,0,-8.4571705,0.09850671142339706,0.957317054271698,0.876097559928894
YLR286C,YBR020W,0,-8.457209,0.09849435091018677,0.957317054271698,0.8762195110321045
YMR024W,YMR229C,0,-8.457572,0.09848199784755707,0.957317054271698,0.8763414621353149
YAL038W,YHR176W,0,-8.457978,0.09846964478492737,0.957317054271698,0.8764634132385254
YNL252C,YGL008C,0,-8.458345,0.09845729172229767,0.957317054271698,0.8765853643417358
YBR154C,YOR353C,0,-8.458696,0.09844494611024857,0.957317054271698,0.8767073154449463
YNR056C,YFL004W,0,-8.458709,0.09843260049819946,0.957317054271698,0.8768292665481567
YOR173W,YJR110W,0,-8.460074,0.09842026233673096,0.957317054271698,0.8769512176513672
YPR145W,YLR319C,0,-8.460106,0.09840792417526245,0.957317054271698,0.8770731687545776
YHR094C,YCR003W,0,-8.460138,0.09839558601379395,0.957317054271698,0.8771951198577881
YJL106W,YJR094W-A,0,-8.4610195,0.09838325530290604,0.957317054271698,0.8773170709609985
YDR298C,YDR046C,0,-8.462024,0.09837092459201813,0.957317054271698,0.877439022064209
YGR087C,YLR194C,0,-8.462168,0.09835860133171082,0.957317054271698,0.8775609731674194
YMR296C,YGL147C,0,-8.462343,0.0983462780714035,0.957317054271698,0.8776829242706299
YGR171C,YOR323C,0,-8.46295,0.09833396226167679,0.957317054271698,0.8778048753738403
YLR144C,YDR046C,0,-8.464289,0.09832164645195007,0.957317054271698,0.8779268264770508
YDR236C,YML024W,0,-8.466895,0.09830933064222336,0.957317054271698,0.8780487775802612
YFL050C,YGR183C,0,-8.467125,0.09829702228307724,0.957317054271698,0.8781707286834717
YJL033W,YGL098W,0,-8.467751,0.09828471392393112,0.957317054271698,0.8782926797866821
YBR170C,YML093W,0,-8.46987,0.098272405564785,0.957317054271698,0.8784146308898926
YFR001W,YOR313C,0,-8.471513,0.09826010465621948,0.957317054271698,0.878536581993103
YHR193C,YJL001W,0,-8.471902,0.09824781119823456,0.957317054271698,0.8786585330963135
YNL270C,YPL093W,0,-8.472258,0.09823551774024963,0.957317054271698,0.8787804841995239
YFR049W,YIL077C,0,-8.4724045,0.09822322428226471,0.957317054271698,0.8789024353027344
YKL017C,YEL040W,0,-8.47269,0.09821093827486038,0.957317054271698,0.8790243864059448
YKR048C,YGR277C,0,-8.472773,0.09819865226745605,0.957317054271698,0.8791463375091553
YMR246W,YOL076W,1,-8.473608,0.09831144660711288,0.9585365653038025,0.8791463375091553
YDR312W,YLR466W,0,-8.473936,0.09829915314912796,0.9585365653038025,0.8792682886123657
YLR155C,YPL033C,0,-8.473947,0.09828685969114304,0.9585365653038025,0.8793902397155762
YJL033W,YDL224C,0,-8.474934,0.09827456623315811,0.9585365653038025,0.8795121908187866
YBL039C,YKL095W,0,-8.476205,0.09826228022575378,0.9585365653038025,0.8796341419219971
YKL086W,YLR010C,0,-8.476311,0.09825000166893005,0.9585365653038025,0.8797560930252075
YGL256W,YDR073W,0,-8.476384,0.09823772311210632,0.9585365653038025,0.879878044128418
YHR116W,YLR297W,0,-8.476847,0.09822544455528259,0.9585365653038025,0.8799999952316284
YPL018W,YGR005C,0,-8.477028,0.09821317344903946,0.9585365653038025,0.8801219463348389
YPL186C,YFR049W,0,-8.477106,0.09820090234279633,0.9585365653038025,0.8802438974380493
YJR004C,YLL028W,0,-8.477159,0.09818863123655319,0.9585365653038025,0.8803658485412598
YFL023W,YER087C-A,0,-8.477964,0.09817636758089066,0.9585365653038025,0.8804877996444702
YPR193C,YDL040C,1,-8.4783,0.09828899800777435,0.959756076335907,0.8804877996444702
YJR064W,YOL041C,0,-8.478742,0.09827672690153122,0.959756076335907,0.8806097507476807
YPR192W,YER118C,0,-8.479858,0.09826445579528809,0.959756076335907,0.8807317018508911
YMR246W,YEL056W,1,-8.481464,0.09837702661752701,0.9609755873680115,0.8807317018508911
YLL026W,YHR105W,0,-8.481508,0.09836474806070328,0.9609755873680115,0.8808536529541016
YOR208W,YGL160W,0,-8.481955,0.09835246950387955,0.9609755873680115,0.880975604057312
YOR151C,YDL082W,0,-8.482353,0.09834019839763641,0.9609755873680115,0.8810975551605225
YKL142W,YER007C-A,0,-8.482925,0.09832792729139328,0.9609755873680115,0.8812195062637329
YGR200C,YMR150C,0,-8.483402,0.09831565618515015,0.9609755873680115,0.8813414573669434
YER069W,YJL014W,0,-8.483719,0.09830339252948761,0.9609755873680115,0.8814634084701538
YMR215W,YNL145W,0,-8.4841585,0.09829112887382507,0.9609755873680115,0.8815853595733643
YNL315C,YDR237W,0,-8.484404,0.09827887266874313,0.9609755873680115,0.8817073106765747
YOL151W,YDR494W,0,-8.48517,0.0982666164636612,0.9609755873680115,0.8818292617797852
YBR141C,YGR271C-A,0,-8.485178,0.09825436770915985,0.9609755873680115,0.8819512128829956
YPR190C,YDR084C,0,-8.485802,0.09824211150407791,0.9609755873680115,0.882073163986206
YMR041C,YFL023W,0,-8.487813,0.09822987020015717,0.9609755873680115,0.8821951150894165
YML008C,YMR223W,0,-8.488997,0.09821762144565582,0.9609755873680115,0.882317066192627
YOL072W,YIR039C,0,-8.489379,0.09820538014173508,0.9609755873680115,0.8824390172958374
YMR202W,YJL109C,0,-8.490067,0.09819314628839493,0.9609755873680115,0.8825609683990479
YKR098C,YLR409C,0,-8.490471,0.09818091243505478,0.9609755873680115,0.8826829195022583
YOR316C,YGR052W,0,-8.491724,0.09816867858171463,0.9609755873680115,0.8828048706054688
YDR402C,YOR117W,0,-8.492454,0.09815645217895508,0.9609755873680115,0.8829268217086792
YPR121W,YDR120C,0,-8.493971,0.09814422577619553,0.9609755873680115,0.8830487728118896
YHR066W,YMR223W,0,-8.494269,0.09813200682401657,0.9609755873680115,0.8831707239151001
YHR072W,YOL040C,0,-8.4945755,0.09811978787183762,0.9609755873680115,0.8832926750183105
YMR032W,YBR293W,0,-8.496623,0.09810756891965866,0.9609755873680115,0.883414626121521
YGR145W,YML067C,0,-8.498575,0.0980953574180603,0.9609755873680115,0.8835365772247314
YMR189W,YLR321C,0,-8.498991,0.09808314591646194,0.9609755873680115,0.8836585283279419
YCL064C,YHR172W,0,-8.499424,0.09807094186544418,0.9609755873680115,0.8837804794311523
YMR177W,YJR129C,0,-8.501986,0.09805873781442642,0.9609755873680115,0.8839024305343628
YMR271C,YKR042W,0,-8.502121,0.09804653376340866,0.9609755873680115,0.8840243816375732
YBR106W,YPR101W,0,-8.502603,0.0980343371629715,0.9609755873680115,0.8841463327407837
YLL052C,YHR069C,0,-8.503919,0.09802214056253433,0.9609755873680115,0.8842682838439941
YLR158C,YMR182C,0,-8.504356,0.09800995141267776,0.9609755873680115,0.8843902349472046
YBR018C,YOR267C,0,-8.504454,0.0979977622628212,0.9609755873680115,0.884512186050415
YKR097W,YHR138C,0,-8.5046425,0.09798557311296463,0.9609755873680115,0.8846341371536255
YPL037C,YLR291C,0,-8.50706,0.09797339141368866,0.9609755873680115,0.8847560882568359
YDL227C,YHR015W,0,-8.50782,0.09796120971441269,0.9609755873680115,0.8848780393600464
YNL031C,YER150W,0,-8.509555,0.09794903546571732,0.9609755873680115,0.8849999904632568
YJL170C,YFL022C,0,-8.509794,0.09793686121702194,0.9609755873680115,0.8851219415664673
YGR020C,YJR141W,0,-8.51141,0.09792469441890717,0.9609755873680115,0.8852438926696777
YOL086C,YGR251W,0,-8.511632,0.09791252762079239,0.9609755873680115,0.8853658437728882
YOR018W,YHL001W,0,-8.512041,0.09790036082267761,0.9609755873680115,0.8854877948760986
YDR500C,YKL027W,0,-8.512091,0.09788820147514343,0.9609755873680115,0.8856097459793091
YLR186W,YML031W,0,-8.512437,0.09787604212760925,0.9609755873680115,0.8857316970825195
YIL148W,YML005W,0,-8.514423,0.09786388278007507,0.9609755873680115,0.88585364818573
YIL035C,YBR054W,0,-8.515168,0.09785173088312149,0.9609755873680115,0.8859755992889404
YAL054C,YHR013C,1,-8.515955,0.09796374291181564,0.962195098400116,0.8859755992889404
YPR193C,YMR236W,1,-8.516347,0.098075732588768,0.9634146094322205,0.8859755992889404
YOL058W,YKL092C,0,-8.520068,0.09806355834007263,0.9634146094322205,0.8860975503921509
YEL017C-A,YGL231C,0,-8.520077,0.09805138409137726,0.9634146094322205,0.8862195014953613
YPL138C,YHL035C,0,-8.5205555,0.09803921729326248,0.9634146094322205,0.8863414525985718
YNL241C,YJL213W,0,-8.522701,0.0980270504951477,0.9634146094322205,0.8864634037017822
YML056C,YNL138W,0,-8.523212,0.09801489114761353,0.9634146094322205,0.8865853548049927
YGR289C,YGL207W,0,-8.523529,0.09800273180007935,0.9634146094322205,0.8867073059082031
YLR452C,YNL070W,0,-8.524131,0.09799057245254517,0.9634146094322205,0.8868292570114136
YDR308C,YBL106C,0,-8.526051,0.09797842055559158,0.9634146094322205,0.886951208114624
YJR092W,YBL027W,0,-8.527666,0.097966268658638,0.9634146094322205,0.8870731592178345
YNL147W,YLR058C,0,-8.527797,0.09795412421226501,0.9634146094322205,0.8871951103210449
YOR128C,YCL027W,0,-8.528452,0.09794197976589203,0.9634146094322205,0.8873170614242554
YPL171C,YBL014C,0,-8.529318,0.09792983531951904,0.9634146094322205,0.8874390125274658
YOL086C,YPR006C,0,-8.529723,0.09791769832372665,0.9634146094322205,0.8875609636306763
YGR166W,YDR237W,0,-8.530593,0.09790556132793427,0.9634146094322205,0.8876829147338867
YDL170W,YLR301W,0,-8.531494,0.09789343178272247,0.9634146094322205,0.8878048658370972
YNL098C,YOL125W,0,-8.532717,0.09788130223751068,0.9634146094322205,0.8879268169403076
YDR320C,YLR249W,0,-8.533624,0.09786918014287949,0.9634146094322205,0.8880487680435181
YGL033W,YLR061W,0,-8.535021,0.09785705804824829,0.9634146094322205,0.8881707191467285
YJR048W,YKL144C,0,-8.537628,0.0978449359536171,0.9634146094322205,0.888292670249939
YOL136C,YNL209W,0,-8.537647,0.0978328138589859,0.9634146094322205,0.8884146213531494
YDL174C,YLR040C,0,-8.537773,0.0978207066655159,0.9634146094322205,0.8885365724563599
YOL158C,YKL089W,0,-8.538278,0.0978085920214653,0.9634146094322205,0.8886585235595703
YDL222C,YGR178C,0,-8.53955,0.0977964848279953,0.9634146094322205,0.8887804746627808
YGL148W,YLR405W,0,-8.540655,0.0977843776345253,0.9634146094322205,0.8889024257659912
YPR060C,YMR280C,0,-8.541805,0.0977722778916359,0.9634146094322205,0.8890243768692017
YPR122W,YML123C,0,-8.544156,0.09776017814874649,0.9634146094322205,0.8891463279724121
YMR008C,YEL021W,0,-8.54467,0.09774808585643768,0.9634146094322205,0.8892682790756226
YDR465C,YNL083W,0,-8.544716,0.09773598611354828,0.9634146094322205,0.889390230178833
YJL115W,YMR246W,1,-8.544921,0.0978476032614708,0.964634120464325,0.889390230178833
YIL035C,YLR222C,0,-8.545251,0.0978354960680008,0.964634120464325,0.8895121812820435
YHL001W,YLR070C,0,-8.545328,0.09782339632511139,0.964634120464325,0.8896341323852539
YDR280W,YNL246W,0,-8.545717,0.09781130403280258,0.964634120464325,0.8897560834884644
YLR174W,YDL148C,0,-8.546565,0.09779921174049377,0.964634120464325,0.8898780345916748
YER131W,YOR359W,0,-8.546679,0.09778711944818497,0.964634120464325,0.8899999856948853
YDR494W,YGL179C,0,-8.5469055,0.09777503460645676,0.964634120464325,0.8901219367980957
YMR170C,YNL068C,0,-8.547543,0.09776294976472855,0.964634120464325,0.8902438879013062
YJR001W,YOL124C,0,-8.548996,0.09775086492300034,0.964634120464325,0.8903658390045166
YLR423C,YDR412W,0,-8.549786,0.09773878753185272,0.964634120464325,0.890487790107727
YOR026W,YER055C,0,-8.5515,0.09772671014070511,0.964634120464325,0.8906097412109375
YOR323C,YLR372W,0,-8.55286,0.09771464020013809,0.964634120464325,0.890731692314148
YOR393W,YMR131C,0,-8.553663,0.09770257025957108,0.964634120464325,0.8908536434173584
YHR102W,YDR002W,0,-8.55472,0.09769050031900406,0.964634120464325,0.8909755945205688
YAR050W,YPL134C,0,-8.555855,0.09767843782901764,0.964634120464325,0.8910975456237793
YML022W,YBR175W,0,-8.556471,0.09766637533903122,0.964634120464325,0.8912194967269897
YDL181W,YBR118W,0,-8.557844,0.0976543202996254,0.964634120464325,0.8913414478302002
YPL023C,YNR053C,0,-8.557984,0.09764226526021957,0.964634120464325,0.8914633989334106
YNL238W,YDL148C,0,-8.55863,0.09763021767139435,0.964634120464325,0.8915853500366211
YOR100C,YIL131C,0,-8.559147,0.09761816263198853,0.964634120464325,0.8917073011398315
YPR190C,YBR030W,0,-8.559222,0.0976061224937439,0.964634120464325,0.891829252243042
YGL008C,YDL216C,0,-8.559734,0.09759407490491867,0.964634120464325,0.8919512033462524
YJR053W,YGR145W,0,-8.560623,0.09758203476667404,0.964634120464325,0.8920731544494629
YBR101C,YGL096W,0,-8.561025,0.09757000207901001,0.964634120464325,0.8921951055526733
YMR136W,YKL113C,0,-8.561433,0.09755796939134598,0.964634120464325,0.8923170566558838
YMR216C,YJR159W,0,-8.561445,0.09754593670368195,0.964634120464325,0.8924390077590942
YHR170W,YKL134C,0,-8.561626,0.09753391146659851,0.964634120464325,0.8925609588623047
YDR393W,YNL209W,0,-8.563044,0.09752188622951508,0.964634120464325,0.8926829099655151
YHL036W,YER007C-A,0,-8.563115,0.09750986099243164,0.964634120464325,0.8928048610687256
YKL143W,YLR354C,0,-8.56326,0.0974978432059288,0.964634120464325,0.892926812171936
YMR116C,YCL045C,0,-8.563444,0.09748582541942596,0.964634120464325,0.8930487632751465
YER069W,YOR122C,0,-8.563482,0.09747381508350372,0.964634120464325,0.8931707143783569
YDR533C,YER072W,0,-8.563486,0.09746180474758148,0.964634120464325,0.8932926654815674
YDR365C,YLR293C,0,-8.565168,0.09744979441165924,0.964634120464325,0.8934146165847778
YBL024W,YGL243W,0,-8.567305,0.0974377915263176,0.964634120464325,0.8935365676879883
YGL070C,YGL096W,0,-8.567969,0.09742578864097595,0.964634120464325,0.8936585187911987
YER056C,YKL035W,0,-8.568739,0.0974137932062149,0.964634120464325,0.8937804698944092
YPL095C,YKR065C,0,-8.570855,0.09740179777145386,0.964634120464325,0.8939024209976196
YNR030W,YJL069C,0,-8.572214,0.09738980233669281,0.964634120464325,0.8940243721008301
YDR211W,YGL209W,0,-8.572308,0.09737781435251236,0.964634120464325,0.8941463232040405
YBR017C,YGR194C,0,-8.572456,0.09736582636833191,0.964634120464325,0.894268274307251
YKL205W,YAL033W,0,-8.572612,0.09735384583473206,0.964634120464325,0.8943902254104614
YMR307W,YIL167W,0,-8.573403,0.0973418653011322,0.964634120464325,0.8945121765136719
YOR034C,YOR064C,1,-8.573523,0.09745293110609055,0.9658536314964294,0.8945121765136719
YHR129C,YOR323C,0,-8.574656,0.0974409431219101,0.9658536314964294,0.8946341276168823
YHR169W,YLR207W,0,-8.576033,0.09742895513772964,0.9658536314964294,0.8947560787200928
YBR243C,YNL065W,0,-8.576927,0.09741697460412979,0.9658536314964294,0.8948780298233032
YEL011W,YNL236W,0,-8.577649,0.09740499407052994,0.9658536314964294,0.8949999809265137
YHR143W-A,YBL102W,0,-8.577665,0.09739301353693008,0.9658536314964294,0.8951219320297241
YCR031C,YCR060W,0,-8.578345,0.09738104045391083,0.9658536314964294,0.8952438831329346
YMR306W,YHL035C,0,-8.578515,0.09736906737089157,0.9658536314964294,0.895365834236145
YKL144C,YOL125W,0,-8.580427,0.09735710173845291,0.9658536314964294,0.8954877853393555
YLR448W,YPL138C,0,-8.58075,0.09734513610601425,0.9658536314964294,0.8956097364425659
YLR059C,YDR058C,0,-8.580847,0.09733317047357559,0.9658536314964294,0.8957316875457764
YJR070C,YLR424W,0,-8.581238,0.09732121229171753,0.9658536314964294,0.8958536386489868
YNL239W,YNL036W,0,-8.582413,0.09730925410985947,0.9658536314964294,0.8959755897521973
YBR021W,YPR110C,0,-8.583286,0.0972972959280014,0.9658536314964294,0.8960975408554077
YAL054C,YLR153C,1,-8.583601,0.09740818291902542,0.9670731425285339,0.8960975408554077
YDL184C,YPL138C,0,-8.583609,0.09739621728658676,0.9670731425285339,0.8962194919586182
YDR299W,YJL121C,0,-8.584213,0.0973842591047287,0.9670731425285339,0.8963414430618286
YBL085W,YCR091W,0,-8.584918,0.09737230092287064,0.9670731425285339,0.8964633941650391
YDR080W,YIR039C,0,-8.5853405,0.09736034274101257,0.9670731425285339,0.8965853452682495
YDR109C,YLR194C,0,-8.585989,0.09734839200973511,0.9670731425285339,0.89670729637146
YMR246W,YDR167W,1,-8.586201,0.09745918959379196,0.9682926535606384,0.89670729637146
YCL004W,YKL166C,0,-8.587523,0.0974472239613533,0.9682926535606384,0.8968292474746704
YNR056C,YHL011C,0,-8.587759,0.09743526577949524,0.9682926535606384,0.8969511985778809
YLR308W,YDR025W,0,-8.58804,0.09742331504821777,0.9682926535606384,0.8970731496810913
YOR312C,YML043C,0,-8.589945,0.09741135686635971,0.9682926535606384,0.8971951007843018
YPL202C,YML078W,0,-8.591152,0.09739941358566284,0.9682926535606384,0.8973170518875122
YLR060W,YAL008W,0,-8.592807,0.09738746285438538,0.9682926535606384,0.8974390029907227
YDR016C,YML123C,0,-8.596989,0.09737551957368851,0.9682926535606384,0.8975609540939331
YBR169C,YGL095C,0,-8.597399,0.09736358374357224,0.9682926535606384,0.8976829051971436
YNL327W,YHR092C,0,-8.599468,0.09735164046287537,0.9682926535606384,0.897804856300354
YLL034C,YDR470C,0,-8.600138,0.0973397046327591,0.9682926535606384,0.8979268074035645
YJR118C,YOL091W,0,-8.600393,0.09732777625322342,0.9682926535606384,0.8980487585067749
YNR007C,YKL164C,0,-8.600996,0.09731584787368774,0.9682926535606384,0.8981707096099854
YDR346C,YJR041C,0,-8.601118,0.09730391949415207,0.9682926535606384,0.8982926607131958
YOR317W,YMR246W,1,-8.6027355,0.097414530813694,0.9695122241973877,0.8982926607131958
YHR129C,YNL182C,0,-8.603495,0.09740259498357773,0.9695122241973877,0.8984146118164062
YOR380W,YMR291W,0,-8.603664,0.09739066660404205,0.9695122241973877,0.8985365629196167
YLR324W,YPR078C,0,-8.605075,0.09737873822450638,0.9695122241973877,0.8986585140228271
YML058W-A,YGL122C,0,-8.606088,0.0973668098449707,0.9695122241973877,0.8987804651260376
YDL031W,YDL003W,0,-8.606222,0.09735488891601562,0.9695122241973877,0.898902416229248
YKR068C,YOL127W,0,-8.606493,0.09734296798706055,0.9695122241973877,0.8990243673324585
YIL038C,YML123C,0,-8.607182,0.09733104705810547,0.9695122241973877,0.899146318435669
YLL062C,YPL026C,0,-8.608523,0.09731913357973099,0.9695122241973877,0.8992682695388794
YDR454C,YMR121C,0,-8.610624,0.0973072201013565,0.9695122241973877,0.8993902206420898
YPR042C,YBR105C,0,-8.611198,0.09729531407356262,0.9695122241973877,0.8995121717453003
YDR256C,YJL035C,0,-8.611361,0.09728340804576874,0.9695122241973877,0.8996341228485107
YGL087C,YML093W,0,-8.611472,0.09727150201797485,0.9695122241973877,0.8997560739517212
YBR230C,YGL259W,0,-8.611726,0.09725960344076157,0.9695122241973877,0.8998780250549316
YBR154C,YOR116C,0,-8.612339,0.09724770486354828,0.9695122241973877,0.8999999761581421
YIL097W,YBR296C,0,-8.613175,0.09723581373691559,0.9695122241973877,0.9001219272613525
YLR231C,YLR174W,0,-8.61331,0.0972239226102829,0.9695122241973877,0.900243878364563
YOR245C,YGR158C,0,-8.614103,0.09721203148365021,0.9695122241973877,0.9003658294677734
YJR070C,YLR121C,0,-8.614717,0.09720014780759811,0.9695122241973877,0.9004877805709839
YLR411W,YPR134W,0,-8.616039,0.09718826413154602,0.9695122241973877,0.9006097316741943
YLL036C,YDR012W,0,-8.616657,0.09717638790607452,0.9695122241973877,0.9007316827774048
YLR153C,YOL076W,1,-8.616677,0.09728672355413437,0.9707317352294922,0.9007316827774048
YLR216C,YER062C,0,-8.618198,0.09727483987808228,0.9707317352294922,0.9008536338806152
YKR099W,YNL160W,0,-8.619023,0.09726294875144958,0.9707317352294922,0.9009755849838257
YOR092W,YDL227C,0,-8.619808,0.09725107252597809,0.9707317352294922,0.9010975360870361
YAL038W,YPL038W,0,-8.619822,0.097239188849926,0.9707317352294922,0.9012194871902466
YDR523C,YPR133W-A,0,-8.619832,0.0972273126244545,0.9707317352294922,0.901341438293457
YNL053W,YLL045C,0,-8.620768,0.097215436398983,0.9707317352294922,0.9014633893966675
YLR134W,YBL087C,0,-8.62089,0.0972035676240921,0.9707317352294922,0.9015853404998779
YJR004C,YFL037W,0,-8.620973,0.0971916988492012,0.9707317352294922,0.9017072916030884
YDR047W,YLR251W,0,-8.623764,0.0971798300743103,0.9707317352294922,0.9018292427062988
YKL182W,YDR213W,0,-8.623919,0.09716796875,0.9707317352294922,0.9019511938095093
YAR002W,YPR041W,0,-8.623946,0.0971561074256897,0.9707317352294922,0.9020731449127197
YPL075W,YOR045W,0,-8.624481,0.09714425355195999,0.9707317352294922,0.9021950960159302
YNL083W,YDL130W-A,0,-8.62546,0.09713239967823029,0.9707317352294922,0.9023170471191406
YKR039W,YGR023W,0,-8.625648,0.09712054580450058,0.9707317352294922,0.9024389982223511
YMR246W,YNL326C,1,-8.628995,0.0972306951880455,0.9719512462615967,0.9024389982223511
YAL043C,YLR249W,0,-8.630155,0.0972188338637352,0.9719512462615967,0.9025609493255615
YBR202W,YER056C-A,0,-8.630158,0.0972069799900055,0.9719512462615967,0.902682900428772
YKL007W,YLL055W,0,-8.630966,0.09719511866569519,0.9719512462615967,0.9028048515319824
YOR317W,YDL040C,1,-8.631065,0.09730520844459534,0.9731707572937012,0.9028048515319824
YMR189W,YNL037C,0,-8.632673,0.09729333966970444,0.9731707572937012,0.9029268026351929
YMR285C,YNL301C,0,-8.63329,0.09728148579597473,0.9731707572937012,0.9030487537384033
YDL192W,YNL009W,0,-8.636164,0.09726962447166443,0.9731707572937012,0.9031707048416138
YDR317W,YKR089C,0,-8.636798,0.09725777059793472,0.9731707572937012,0.9032926559448242
YER157W,YPL090C,0,-8.637024,0.09724591672420502,0.9731707572937012,0.9034146070480347
YLR441C,YHR098C,0,-8.637056,0.09723407030105591,0.9731707572937012,0.9035365581512451
YJL005W,YLR129W,0,-8.637917,0.0972222238779068,0.9731707572937012,0.9036585092544556
YGR142W,YGL029W,0,-8.638265,0.09721037745475769,0.9731707572937012,0.903780460357666
YOL060C,YHR203C,0,-8.639193,0.09719853848218918,0.9731707572937012,0.9039024114608765
YCL027W,YGL018C,0,-8.640516,0.09718669950962067,0.9731707572937012,0.9040243625640869
YOR036W,YGL135W,0,-8.640625,0.09717486798763275,0.9731707572937012,0.9041463136672974
YMR173W,YHL028W,0,-8.640854,0.09716303646564484,0.9731707572937012,0.9042682647705078
YOL082W,YBR106W,0,-8.640987,0.09715120494365692,0.9731707572937012,0.9043902158737183
YDL204W,YER150W,0,-8.6416025,0.0971393808722496,0.9731707572937012,0.9045121669769287
YOL038W,YLL012W,0,-8.644447,0.09712755680084229,0.9731707572937012,0.9046341180801392
YLR327C,YDR306C,0,-8.644906,0.09711573272943497,0.9731707572937012,0.9047560691833496
YER074W,YGR013W,0,-8.647241,0.09710391610860825,0.9731707572937012,0.9048780202865601
YDR081C,YMR230W,0,-8.647661,0.09709210693836212,0.9731707572937012,0.9049999713897705
YBR237W,YLL055W,0,-8.647737,0.0970802903175354,0.9731707572937012,0.905121922492981
YKL078W,YMR208W,0,-8.649734,0.09706848114728928,0.9731707572937012,0.9052438735961914
YBR168W,YJR123W,0,-8.649958,0.09705667942762375,0.9731707572937012,0.9053658246994019
YPR160W,YKL108W,0,-8.651471,0.09704487770795822,0.9731707572937012,0.9054877758026123
YLR153C,YPR193C,1,-8.651983,0.09715466946363449,0.9743902683258057,0.9054877758026123
YJL033W,YBR294W,0,-8.653108,0.09714286029338837,0.9743902683258057,0.9056097269058228
YPL281C,YDR098C,0,-8.653145,0.09713105112314224,0.9743902683258057,0.9057316780090332
YBR055C,YDL110C,0,-8.653659,0.09711924195289612,0.9743902683258057,0.9058536291122437
YPL211W,YNR032W,0,-8.655696,0.09710744023323059,0.9743902683258057,0.9059755802154541
YAR031W,YER074W,0,-8.655871,0.09709563851356506,0.9743902683258057,0.9060975313186646
YDR085C,YKR049C,0,-8.6566725,0.09708383679389954,0.9743902683258057,0.906219482421875
YDR085C,YDR529C,0,-8.656821,0.0970720425248146,0.9743902683258057,0.9063414931297302
YDR141C,YGR280C,0,-8.657352,0.09706025570631027,0.9743902683258057,0.9064634442329407
YKL093W,YGR171C,0,-8.659777,0.09704846143722534,0.9743902683258057,0.9065853953361511
YMR307W,YPL157W,0,-8.660597,0.09703667461872101,0.9743902683258057,0.9067073464393616
YMR189W,YGR270W,0,-8.660891,0.09702489525079727,0.9743902683258057,0.906829297542572
YJR118C,YIR017C,0,-8.663118,0.09701311588287354,0.9743902683258057,0.9069512486457825
YAL058W,YML123C,0,-8.663414,0.0970013365149498,0.9743902683258057,0.9070731997489929
YFL014W,YDR183W,0,-8.66448,0.09698955714702606,0.9743902683258057,0.9071951508522034
YGR289C,YMR239C,0,-8.664625,0.09697778522968292,0.9743902683258057,0.9073171019554138
YKR066C,YGL111W,0,-8.667274,0.09696602076292038,0.9743902683258057,0.9074390530586243
YCR010C,YDL136W,0,-8.668039,0.09695425629615784,0.9743902683258057,0.9075610041618347
YJL003W,YPL037C,0,-8.668663,0.0969424918293953,0.9743902683258057,0.9076829552650452
YDL222C,YBR143C,0,-8.670017,0.09693072736263275,0.9743902683258057,0.9078049063682556
YOR330C,YHL033C,0,-8.671726,0.0969189703464508,0.9743902683258057,0.9079268574714661
YNL020C,YJL048C,0,-8.673603,0.09690721333026886,0.9743902683258057,0.9080488085746765
YNR056C,YPR043W,0,-8.674804,0.09689546376466751,0.9743902683258057,0.908170759677887
YPL086C,YLR017W,0,-8.675007,0.09688371419906616,0.9743902683258057,0.9082927107810974
YCL027W,YKR065C,0,-8.676022,0.09687197208404541,0.9743902683258057,0.9084146618843079
YAL061W,YKL161C,0,-8.676947,0.09686022251844406,0.9743902683258057,0.9085366129875183
YLR153C,YIL009W,1,-8.680197,0.09696969389915466,0.9756097793579102,0.9085366129875183
YAL040C,YHR120W,0,-8.681061,0.09695794433355331,0.9756097793579102,0.9086585640907288
YDR421W,YNL194C,0,-8.68238,0.09694619476795197,0.9756097793579102,0.9087805151939392
YPR190C,YNL246W,0,-8.682979,0.09693444520235062,0.9756097793579102,0.9089024662971497
YER056C,YOR054C,0,-8.685989,0.09692270308732986,0.9756097793579102,0.9090244174003601
YDR083W,YGL213C,0,-8.686215,0.09691096097230911,0.9756097793579102,0.9091463685035706
YOR297C,YLR130C,0,-8.687186,0.09689922630786896,0.9756097793579102,0.909268319606781
YLR080W,YER148W,0,-8.687675,0.0968874916434288,0.9756097793579102,0.9093902707099915
YML058W-A,YBR119W,0,-8.692606,0.09687575697898865,0.9756097793579102,0.9095122218132019
YER014C-A,YPL196W,0,-8.692692,0.09686402976512909,0.9756097793579102,0.9096341729164124
YDR500C,YIR012W,0,-8.692812,0.09685230255126953,0.9756097793579102,0.9097561240196228
YGR145W,YHR178W,0,-8.692937,0.09684057533740997,0.9756097793579102,0.9098780751228333
YGR231C,YDR500C,0,-8.693041,0.09682885557413101,0.9756097793579102,0.9100000262260437
YMR116C,YOR057W,0,-8.69353,0.09681713581085205,0.9756097793579102,0.9101219773292542
YGL076C,YPR108W,0,-8.6942425,0.09680542349815369,0.9756097793579102,0.9102439284324646
YBR126C,YBR284W,0,-8.694891,0.09679371118545532,0.9756097793579102,0.910365879535675
YPL147W,YGL062W,0,-8.695002,0.09678199887275696,0.9756097793579102,0.9104878306388855
YIL155C,YNL102W,0,-8.695125,0.09677029401063919,0.9756097793579102,0.910609781742096
YPR110C,YJL056C,0,-8.695669,0.09675858914852142,0.9756097793579102,0.9107317328453064
YKL096W-A,YLR071C,0,-8.695799,0.09674688428640366,0.9756097793579102,0.9108536839485168
YDL031W,YKL144C,0,-8.697368,0.09673518687486649,0.9756097793579102,0.9109756350517273
YLL051C,YPL124W,0,-8.697691,0.09672348946332932,0.9756097793579102,0.9110975861549377
YOR193W,YBR169C,0,-8.698435,0.09671179950237274,0.9756097793579102,0.9112195372581482
YLR258W,YMR200W,0,-8.7003355,0.09670010954141617,0.9756097793579102,0.9113414883613586
YDR237W,YNL306W,0,-8.700478,0.0966884195804596,0.9756097793579102,0.9114634394645691
YMR056C,YML101C,0,-8.70142,0.09667673707008362,0.9756097793579102,0.9115853905677795
YDL145C,YOR177C,0,-8.705125,0.09666505455970764,0.9756097793579102,0.91170734167099
YLR368W,YLR142W,0,-8.705979,0.09665337949991226,0.9756097793579102,0.9118292927742004
YFL050C,YKL165C,0,-8.708071,0.09664170444011688,0.9756097793579102,0.9119512438774109
YDL082W,YER041W,0,-8.709459,0.0966300293803215,0.9756097793579102,0.9120731949806213
YCR065W,YLR178C,0,-8.710053,0.09661835432052612,0.9756097793579102,0.9121951460838318
YGR189C,YPL213W,0,-8.712219,0.09660668671131134,0.9756097793579102,0.9123170971870422
YFR005C,YLR070C,0,-8.712689,0.09659502655267715,0.9756097793579102,0.9124390482902527
YDR171W,YKL120W,0,-8.713499,0.09658336639404297,0.9756097793579102,0.9125609993934631
YLR056W,YLR291C,0,-8.715005,0.09657170623540878,0.9756097793579102,0.9126829504966736
YHR005C,YFL004W,0,-8.716795,0.0965600460767746,0.9756097793579102,0.912804901599884
YOR239W,YKL008C,0,-8.71711,0.09654839336872101,0.9756097793579102,0.9129268527030945
YOR264W,YOL154W,0,-8.717342,0.09653674066066742,0.9756097793579102,0.9130488038063049
YLR194C,YNL092W,0,-8.718603,0.09652509540319443,0.9756097793579102,0.9131707549095154
YLR160C,YOR297C,0,-8.71975,0.09651345014572144,0.9756097793579102,0.9132927060127258
YJR153W,YNL209W,0,-8.720596,0.09650181233882904,0.9756097793579102,0.9134146571159363
YNL166C,YDR324C,0,-8.720769,0.09649016708135605,0.9756097793579102,0.9135366082191467
YML057W,YPR003C,0,-8.721464,0.09647853672504425,0.9756097793579102,0.9136585593223572
YEL039C,YDR402C,0,-8.726299,0.09646689891815186,0.9756097793579102,0.9137805104255676
YPR169W,YGR245C,0,-8.726473,0.09645526856184006,0.9756097793579102,0.9139024615287781
YJR040W,YDL191W,0,-8.726683,0.09644363820552826,0.9756097793579102,0.9140244126319885
YKL095W,YDL124W,0,-8.727344,0.09643201529979706,0.9756097793579102,0.914146363735199
YPL171C,YML034W,0,-8.728367,0.09642039239406586,0.9756097793579102,0.9142683148384094
YNL267W,YMR239C,0,-8.728707,0.09640876948833466,0.9756097793579102,0.9143902659416199
YPL081W,YGR013W,0,-8.729326,0.09639715403318405,0.9756097793579102,0.9145122170448303
YAL054C,YOL076W,1,-8.729685,0.0965060219168663,0.9768292903900146,0.9145122170448303
YDR046C,YDL112W,0,-8.730595,0.0964943990111351,0.9768292903900146,0.9146341681480408
YPL125W,YHR170W,0,-8.730787,0.0964827761054039,0.9768292903900146,0.9147561192512512
YDR171W,YPL206C,0,-8.73327,0.0964711531996727,0.9768292903900146,0.9148780703544617
YNL301C,YDR100W,0,-8.734745,0.0964595377445221,0.9768292903900146,0.9150000214576721
YBR066C,YLR452C,0,-8.73616,0.09644792228937149,0.9768292903900146,0.9151219725608826
YHR141C,YMR140W,0,-8.736579,0.09643631428480148,0.9768292903900146,0.915243923664093
YLR285W,YMR139W,0,-8.736832,0.09642469882965088,0.9768292903900146,0.9153658747673035
YKL096W,YOR014W,0,-8.737729,0.09641309827566147,0.9768292903900146,0.9154878258705139
YOL133W,YNL061W,0,-8.738647,0.09640149027109146,0.9768292903900146,0.9156097769737244
YFR015C,YKL141W,0,-8.740411,0.09638988971710205,0.9768292903900146,0.9157317280769348
YBR247C,YBR073W,0,-8.747715,0.09637829661369324,0.9768292903900146,0.9158536791801453
YAL038W,YDR263C,0,-8.749494,0.09636669605970383,0.9768292903900146,0.9159756302833557
YCR034W,YKL024C,0,-8.751091,0.09635510295629501,0.9768292903900146,0.9160975813865662
YNR057C,YER165W,0,-8.752805,0.0963435173034668,0.9768292903900146,0.9162195324897766
YJR016C,YJL062W,0,-8.7533,0.09633193165063858,0.9768292903900146,0.9163414835929871
YLR288C,YPR080W,0,-8.753356,0.09632034599781036,0.9768292903900146,0.9164634346961975
YGL033W,YPL093W,0,-8.753653,0.09630876779556274,0.9768292903900146,0.916585385799408
YMR290C,YDL066W,0,-8.7558155,0.09629718959331512,0.9768292903900146,0.9167073369026184
YOR063W,YDL015C,0,-8.756606,0.0962856113910675,0.9768292903900146,0.9168292880058289
YGR161C,YHR105W,0,-8.757219,0.09627404063940048,0.9768292903900146,0.9169512391090393
YNL112W,YBR015C,0,-8.75878,0.09626246988773346,0.9768292903900146,0.9170731902122498
YOL165C,YMR239C,0,-8.758833,0.09625089913606644,0.9768292903900146,0.9171951413154602
YAL061W,YBR115C,0,-8.75934,0.09623933583498001,0.9768292903900146,0.9173170924186707
YLR117C,YER074W,0,-8.76126,0.09622777253389359,0.9768292903900146,0.9174390435218811
YBR089C-A,YDR324C,0,-8.763136,0.09621621668338776,0.9768292903900146,0.9175609946250916
YNL134C,YOR228C,0,-8.764144,0.09620466083288193,0.9768292903900146,0.917682945728302
YGR183C,YNL152W,0,-8.764859,0.0961931049823761,0.9768292903900146,0.9178048968315125
YOR351C,YKL216W,0,-8.765932,0.09618155658245087,0.9768292903900146,0.9179268479347229
YNR016C,YLR167W,0,-8.770105,0.09617000818252563,0.9768292903900146,0.9180487990379333
YMR277W,YBL087C,0,-8.773172,0.0961584597826004,0.9768292903900146,0.9181707501411438
YJL141C,YBR183W,0,-8.775759,0.09614691883325577,0.9768292903900146,0.9182927012443542
YAL054C,YIL009W,1,-8.778255,0.09625539928674698,0.9780488014221191,0.9182927012443542
YKL011C,YIL099W,0,-8.781412,0.09624385088682175,0.9780488014221191,0.9184146523475647
YGR032W,YPL157W,0,-8.782066,0.09623230248689651,0.9780488014221191,0.9185366034507751
YOR317W,YDR392W,1,-8.782278,0.09634073078632355,0.9792683124542236,0.9185366034507751
YGR189C,YJL168C,0,-8.782403,0.09632917493581772,0.9792683124542236,0.9186585545539856
YPL280W,YLR058C,0,-8.782638,0.09631761908531189,0.9792683124542236,0.918780505657196
YER168C,YDL060W,0,-8.782828,0.09630607068538666,0.9792683124542236,0.9189024567604065
YBR247C,YMR058W,0,-8.783133,0.09629452228546143,0.9792683124542236,0.9190244078636169
YOR294W,YPL026C,0,-8.786027,0.0962829738855362,0.9792683124542236,0.9191463589668274
YPR161C,YLR249W,0,-8.786559,0.09627143293619156,0.9792683124542236,0.9192683100700378
YOR100C,YER146W,0,-8.787279,0.09625989198684692,0.9792683124542236,0.9193902611732483
YJL082W,YOR312C,0,-8.787488,0.09624835103750229,0.9792683124542236,0.9195122122764587
YDR012W,YDL130W-A,0,-8.7879715,0.09623681753873825,0.9792683124542236,0.9196341633796692
YBR072W,YCL069W,0,-8.788206,0.09622528403997421,0.9792683124542236,0.9197561144828796
YDL208W,YFR040W,0,-8.78867,0.09621375799179077,0.9792683124542236,0.9198780655860901
YMR105C,YNL229C,0,-8.791263,0.09620223194360733,0.9792683124542236,0.9200000166893005
YNL016W,YOL093W,0,-8.791664,0.09619070589542389,0.9792683124542236,0.920121967792511
YPR122W,YOR310C,0,-8.7945385,0.09617917984724045,0.9792683124542236,0.9202439188957214
YGL094C,YDR087C,0,-8.797141,0.0961676612496376,0.9792683124542236,0.9203658699989319
YLR329W,YDR418W,0,-8.797275,0.09615615010261536,0.9792683124542236,0.9204878211021423
YDR384C,YBR187W,0,-8.798339,0.09614463895559311,0.9792683124542236,0.9206097722053528
YIL079C,YLR411W,0,-8.798464,0.09613312780857086,0.9792683124542236,0.9207317233085632
YGL037C,YMR175W,0,-8.802141,0.09612161666154861,0.9792683124542236,0.9208536744117737
YDR365C,YCL008C,0,-8.803742,0.09611011296510696,0.9792683124542236,0.9209756255149841
YJL148W,YBR117C,0,-8.804867,0.09609860926866531,0.9792683124542236,0.9210975766181946
YKL029C,YOL043C,0,-8.805925,0.09608711302280426,0.9792683124542236,0.921219527721405
YGL012W,YDL222C,0,-8.80648,0.0960756167769432,0.9792683124542236,0.9213414788246155
YFL014W,YDL154W,0,-8.806622,0.09606412053108215,0.9792683124542236,0.9214634299278259
YNL329C,YKR056W,0,-8.807327,0.0960526317358017,0.9792683124542236,0.9215853810310364
YKL172W,YMR023C,0,-8.808623,0.09604114294052124,0.9792683124542236,0.9217073321342468
YNR060W,YIR012W,0,-8.809353,0.09602966159582138,0.9792683124542236,0.9218292832374573
YOL063C,YBL072C,0,-8.810606,0.09601817280054092,0.9792683124542236,0.9219512343406677
YEL027W,YBL027W,0,-8.811854,0.09600669890642166,0.9792683124542236,0.9220731854438782
YFL023W,YAR031W,0,-8.814445,0.0959952175617218,0.9792683124542236,0.9221951365470886
YIL049W,YHL033C,0,-8.818827,0.09598374366760254,0.9792683124542236,0.9223170876502991
YML065W,YER150W,0,-8.819806,0.09597226977348328,0.9792683124542236,0.9224390387535095
YHR013C,YMR246W,1,-8.823968,0.09608030319213867,0.9804878234863281,0.9224390387535095
YAL054C,YOR244W,1,-8.824558,0.09618831425905228,0.9817073345184326,0.9224390387535095
YCR057C,YGR192C,0,-8.825482,0.09617682546377182,0.9817073345184326,0.92256098985672
YDR194C,YOL084W,0,-8.82996,0.09616532921791077,0.9817073345184326,0.9226829409599304
YNL110C,YCR030C,0,-8.830092,0.09615384787321091,0.9817073345184326,0.9228048920631409
YGR239C,YHL007C,0,-8.834597,0.09614235907793045,0.9817073345184326,0.9229268431663513
YLL052C,YDR011W,0,-8.83533,0.09613087773323059,0.9817073345184326,0.9230487942695618
YHR013C,YOR317W,1,-8.836021,0.09623880684375763,0.9829268455505371,0.9230487942695618
YML128C,YBR001C,0,-8.838242,0.09622731804847717,0.9829268455505371,0.9231707453727722
YGR113W,YOR095C,0,-8.840036,0.09621582925319672,0.9829268455505371,0.9232926964759827
YAR071W,YJL108C,0,-8.842068,0.09620434790849686,0.9829268455505371,0.9234146475791931
YOL010W,YJL192C,0,-8.842521,0.096192866563797,0.9829268455505371,0.9235365986824036
YIR019C,YPL249C-A,0,-8.843618,0.09618138521909714,0.9829268455505371,0.923658549785614
YPR151C,YGL161C,0,-8.84454,0.09616991132497787,0.9829268455505371,0.9237805008888245
YLR405W,YBR296C,0,-8.847574,0.09615843743085861,0.9829268455505371,0.9239024519920349
YOR374W,YGL077C,0,-8.848601,0.09614696353673935,0.9829268455505371,0.9240244030952454
YER027C,YOR063W,0,-8.848962,0.09613549709320068,0.9829268455505371,0.9241463541984558
YJL115W,YIL009W,1,-8.849123,0.09624329209327698,0.9841463565826416,0.9241463541984558
YBR160W,YLR205C,0,-8.849796,0.09623181819915771,0.9841463565826416,0.9242683053016663
YPL240C,YLR251W,0,-8.849995,0.09622034430503845,0.9841463565826416,0.9243902564048767
YAL054C,YFL039C,1,-8.850767,0.09632808715105057,0.9853658676147461,0.9243902564048767
YML126C,YIL099W,0,-8.851115,0.09631660580635071,0.9853658676147461,0.9245122075080872
YFL014W,YDR251W,0,-8.853281,0.09630512446165085,0.9853658676147461,0.9246341586112976
YBR222C,YGL147C,0,-8.854254,0.09629365056753159,0.9853658676147461,0.9247561097145081
YLR158C,YNL151C,0,-8.854534,0.09628217667341232,0.9853658676147461,0.9248780608177185
YMR217W,YMR257C,0,-8.855927,0.09627070277929306,0.9853658676147461,0.925000011920929
YLR333C,YJR141W,0,-8.855938,0.0962592363357544,0.9853658676147461,0.9251219630241394
YJL031C,YBL087C,0,-8.859593,0.09624776989221573,0.9853658676147461,0.9252439141273499
YOR037W,YNL327W,0,-8.861232,0.09623630344867706,0.9853658676147461,0.9253658652305603
YMR280C,YNL302C,0,-8.8612385,0.096224844455719,0.9853658676147461,0.9254878163337708
YHL016C,YJL219W,0,-8.862915,0.09621338546276093,0.9853658676147461,0.9256097674369812
YOR026W,YGL055W,0,-8.862972,0.09620192646980286,0.9853658676147461,0.9257317185401917
YNR032W,YMR239C,0,-8.864799,0.09619047492742538,0.9853658676147461,0.9258536696434021
YER003C,YGL246C,0,-8.864819,0.09617902338504791,0.9853658676147461,0.9259756207466125
YLR017W,YOR294W,0,-8.864909,0.09616757929325104,0.9853658676147461,0.926097571849823
YER167W,YOR004W,0,-8.865213,0.09615613520145416,0.9853658676147461,0.9262195229530334
YDR277C,YPL188W,0,-8.867613,0.09614469110965729,0.9853658676147461,0.9263414740562439
YNL183C,YDL060W,0,-8.867773,0.09613325446844101,0.9853658676147461,0.9264634251594543
YCR057C,YKL188C,0,-8.868218,0.09612181782722473,0.9853658676147461,0.9265853762626648
YOR133W,YDL042C,0,-8.868754,0.09611038118600845,0.9853658676147461,0.9267073273658752
YOL054W,YKR057W,0,-8.870205,0.09609895199537277,0.9853658676147461,0.9268292784690857
YCL043C,YCR057C,0,-8.870369,0.09608752280473709,0.9853658676147461,0.9269512295722961
YDR013W,YLR167W,0,-8.871523,0.096076101064682,0.9853658676147461,0.9270731806755066
YOR133W,YLR010C,0,-8.871763,0.09606467932462692,0.9853658676147461,0.927195131778717
YOR311C,YGR280C,0,-8.873055,0.09605325758457184,0.9853658676147461,0.9273170828819275
YOR234C,YHR060W,0,-8.874139,0.09604184329509735,0.9853658676147461,0.9274390339851379
YML126C,YPR151C,0,-8.875107,0.09603042900562286,0.9853658676147461,0.9275609850883484
YOR133W,YIL090W,0,-8.876036,0.09601901471614838,0.9853658676147461,0.9276829361915588
YFR025C,YOL124C,0,-8.878209,0.09600760787725449,0.9853658676147461,0.9278048872947693
YCL040W,YKL218C,0,-8.878389,0.0959962010383606,0.9853658676147461,0.9279268383979797
YLR066W,YLL012W,0,-8.88079,0.0959847941994667,0.9853658676147461,0.9280487895011902
YEL071W,YLR017W,0,-8.882065,0.09597339481115341,0.9853658676147461,0.9281707406044006
YBR126C,YIR039C,0,-8.884943,0.09596199542284012,0.9853658676147461,0.9282926917076111
YOR293W,YIL173W,0,-8.887045,0.09595059603452682,0.9853658676147461,0.9284146428108215
YGL155W,YDR418W,0,-8.887119,0.09593920409679413,0.9853658676147461,0.928536593914032
YNL302C,YDL153C,0,-8.887669,0.09592781960964203,0.9853658676147461,0.9286585450172424
YOL151W,YEL055C,0,-8.887925,0.09591642767190933,0.9853658676147461,0.9287804961204529
YKR049C,YBR030W,0,-8.887939,0.09590504318475723,0.9853658676147461,0.9289024472236633
YGR200C,YOR312C,0,-8.888843,0.09589366614818573,0.9853658676147461,0.9290243983268738
YOR095C,YOR151C,0,-8.888874,0.09588228166103363,0.9853658676147461,0.9291463494300842
YBR066C,YPL253C,0,-8.889739,0.09587090462446213,0.9853658676147461,0.9292683005332947
YLR274W,YNL061W,0,-8.88981,0.09585953503847122,0.9853658676147461,0.9293902516365051
YLR251W,YKL034W,0,-8.890775,0.09584815800189972,0.9853658676147461,0.9295122027397156
YKR085C,YGR090W,0,-8.894895,0.09583679586648941,0.9853658676147461,0.929634153842926
YML056C,YKR089C,0,-8.896222,0.0958254262804985,0.9853658676147461,0.9297561049461365
YJL051W,YPL188W,0,-8.897338,0.0958140641450882,0.9853658676147461,0.9298780560493469
YIR002C,YBL039C,0,-8.898405,0.09580270200967789,0.9853658676147461,0.9300000071525574
YOL154W,YOR175C,0,-8.899767,0.09579134732484818,0.9853658676147461,0.9301219582557678
YLR056W,YGL100W,0,-8.900253,0.09577999264001846,0.9853658676147461,0.9302439093589783
YHR187W,YER118C,0,-8.900995,0.09576863795518875,0.9853658676147461,0.9303658604621887
YJR041C,YIL168W,0,-8.902906,0.09575729072093964,0.9853658676147461,0.9304878115653992
YGR189C,YBR095C,0,-8.903332,0.09574594348669052,0.9853658676147461,0.9306097626686096
YKL172W,YNL063W,0,-8.906141,0.0957345962524414,0.9853658676147461,0.9307317137718201
YHR053C,YDL223C,0,-8.907217,0.09572325646877289,0.9853658676147461,0.9308536648750305
YIL037C,YHR037W,0,-8.90778,0.09571191668510437,0.9853658676147461,0.930975615978241
YLR154C,YNL186W,0,-8.908421,0.09570057690143585,0.9853658676147461,0.9310975670814514
YCR011C,YMR267W,0,-8.908958,0.09568924456834793,0.9853658676147461,0.9312195181846619
YER165W,YJR033C,0,-8.909552,0.09567791223526001,0.9853658676147461,0.9313414692878723
YMR300C,YGL053W,0,-8.911478,0.09566658735275269,0.9853658676147461,0.9314634203910828
YLR185W,YGR271C-A,0,-8.911917,0.09565526247024536,0.9853658676147461,0.9315853714942932
YCL026C-A,YOR332W,0,-8.914507,0.09564393758773804,0.9853658676147461,0.9317073225975037
YBR018C,YHR010W,0,-8.915396,0.09563262015581131,0.9853658676147461,0.9318292737007141
YML128C,YNR037C,0,-8.915759,0.09562130272388458,0.9853658676147461,0.9319512248039246
YLR216C,YNL152W,0,-8.916544,0.09560998529195786,0.9853658676147461,0.932073175907135
YPL093W,YHR203C,0,-8.917993,0.09559867531061172,0.9853658676147461,0.9321951270103455
YEL050C,YMR271C,0,-8.918074,0.0955873653292656,0.9853658676147461,0.9323170781135559
YBL090W,YIR041W,0,-8.918305,0.09557605534791946,0.9853658676147461,0.9324390292167664
YER062C,YDR235W,0,-8.920119,0.09556475281715393,0.9853658676147461,0.9325609803199768
YJR029W,YML045W,0,-8.921627,0.0955534502863884,0.9853658676147461,0.9326829314231873
YBR164C,YMR175W,0,-8.921894,0.09554215520620346,0.9853658676147461,0.9328048825263977
YLR167W,YGL232W,0,-8.922657,0.09553086012601852,0.9853658676147461,0.9329268336296082
YOL100W,YPR102C,0,-8.923197,0.09551956504583359,0.9853658676147461,0.9330487847328186
YDR012W,YOR357C,0,-8.92399,0.09550827741622925,0.9853658676147461,0.933170735836029
YDR025W,YKL141W,0,-8.924974,0.09549698978662491,0.9853658676147461,0.9332926869392395
YMR246W,YPR193C,1,-8.926086,0.09560387581586838,0.9865853786468506,0.9332926869392395
YNR013C,YGR049W,0,-8.926668,0.09559258073568344,0.9865853786468506,0.93341463804245
YAL054C,YEL056W,1,-8.92749,0.09569942951202393,0.9878048896789551,0.93341463804245
YDR524C,YKL216W,0,-8.930061,0.09568812698125839,0.9878048896789551,0.9335365891456604
YBL024W,YLR209C,0,-8.9302225,0.09567682445049286,0.9878048896789551,0.9336585402488708
YJR103W,YFR003C,0,-8.931904,0.09566552191972733,0.9878048896789551,0.9337804913520813
YEL071W,YBR230C,0,-8.934535,0.09565422683954239,0.9878048896789551,0.9339024424552917
YDL148C,YDL123W,0,-8.937052,0.09564293175935745,0.9878048896789551,0.9340243935585022
YLR220W,YLR174W,0,-8.93775,0.09563164412975311,0.9878048896789551,0.9341463446617126
YGR041W,YOR310C,0,-8.939346,0.09562034904956818,0.9878048896789551,0.9342682957649231
YBR084C-A,YJR041C,0,-8.939456,0.09560906887054443,0.9878048896789551,0.9343902468681335
YBL076C,YLR432W,0,-8.940167,0.0955977812409401,0.9878048896789551,0.934512197971344
YDL105W,YDR023W,0,-8.9404335,0.09558650106191635,0.9878048896789551,0.9346341490745544
YJR156C,YPL019C,0,-8.941769,0.09557522088289261,0.9878048896789551,0.9347561001777649
YJR022W,YGR161C,0,-8.944635,0.09556394815444946,0.9878048896789551,0.9348780512809753
YDR263C,YGR268C,0,-8.945935,0.09555267542600632,0.9878048896789551,0.9350000023841858
YDR158W,YJL108C,0,-8.947586,0.09554140269756317,0.9878048896789551,0.9351219534873962
YOR310C,YLR193C,0,-8.950104,0.09553012996912003,0.9878048896789551,0.9352439045906067
YMR011W,YNL282W,0,-8.950222,0.09551886469125748,0.9878048896789551,0.9353658556938171
YNL130C,YBR169C,0,-8.951178,0.09550760686397552,0.9878048896789551,0.9354878067970276
YLR103C,YER007C-A,0,-8.951477,0.09549634158611298,0.9878048896789551,0.935609757900238
YDR365C,YJL212C,0,-8.951542,0.09548509120941162,0.9878048896789551,0.9357317090034485
YJR073C,YPL253C,0,-8.952055,0.09547383338212967,0.9878048896789551,0.9358536601066589
YKL049C,YML123C,0,-8.952903,0.09546258300542831,0.9878048896789551,0.9359756112098694
YIL040W,YOR234C,0,-8.953276,0.09545133262872696,0.9878048896789551,0.9360975623130798
YGL047W,YER070W,0,-8.953783,0.0954400822520256,0.9878048896789551,0.9362195134162903
YJL191W,YNL236W,0,-8.956191,0.09542883932590485,0.9878048896789551,0.9363414645195007
YKR002W,YOR348C,0,-8.956362,0.09541759639978409,0.9878048896789551,0.9364634156227112
YLR215C,YKR024C,0,-8.956934,0.09540636092424393,0.9878048896789551,0.9365853667259216
YGL018C,YOR063W,0,-8.957575,0.09539512544870377,0.9878048896789551,0.9367073178291321
YOR322C,YDR087C,0,-8.957986,0.0953838899731636,0.9878048896789551,0.9368292689323425
YPL186C,YIL077C,0,-8.959851,0.09537266194820404,0.9878048896789551,0.936951220035553
YOR310C,YNL178W,0,-8.961201,0.09536143392324448,0.9878048896789551,0.9370731711387634
YLL011W,YNL209W,0,-8.961491,0.09535020589828491,0.9878048896789551,0.9371951222419739
YMR194W,YKL126W,0,-8.962107,0.09533898532390594,0.9878048896789551,0.9373170733451843
YOR096W,YDL092W,0,-8.962476,0.09532776474952698,0.9878048896789551,0.9374390244483948
YNR075W,YPL081W,0,-8.964001,0.09531654417514801,0.9878048896789551,0.9375609755516052
YKL089W,YBL068W,0,-8.964919,0.09530533105134964,0.9878048896789551,0.9376829266548157
YNL112W,YIL099W,0,-8.969122,0.09529411792755127,0.9878048896789551,0.9378048777580261
YLR303W,YBR189W,0,-8.970053,0.0952829048037529,0.9878048896789551,0.9379268288612366
YJR137C,YGL158W,0,-8.9711075,0.09527169913053513,0.9878048896789551,0.938048779964447
YDL082W,YNR047W,0,-8.973778,0.09526049345731735,0.9878048896789551,0.9381707310676575
YFR001W,YDR398W,0,-8.974414,0.09524929523468018,0.9878048896789551,0.9382926821708679
YGR224W,YPL090C,0,-8.976444,0.095238097012043,0.9878048896789551,0.9384146332740784
YDR130C,YBR189W,0,-8.977825,0.09522689878940582,0.9878048896789551,0.9385365843772888
YBR035C,YPR151C,0,-8.978625,0.09521570801734924,0.9878048896789551,0.9386585354804993
YAL061W,YGL096W,0,-8.978786,0.09520450979471207,0.9878048896789551,0.9387804865837097
YLR214W,YMR195W,0,-8.978791,0.09519332647323608,0.9878048896789551,0.9389024376869202
YPL266W,YPR118W,0,-8.9825115,0.0951821357011795,0.9878048896789551,0.9390243887901306
YMR311C,YBR214W,0,-8.98477,0.09517095237970352,0.9878048896789551,0.9391463398933411
YAL040C,YOR323C,0,-8.990086,0.09515977650880814,0.9878048896789551,0.9392682909965515
YML126C,YIL155C,0,-8.992123,0.09514859318733215,0.9878048896789551,0.939390242099762
YLR155C,YGR144W,0,-8.9921255,0.09513741731643677,0.9878048896789551,0.9395121932029724
YNL331C,YML022W,0,-8.992166,0.09512624889612198,0.9878048896789551,0.9396341443061829
YML074C,YLL034C,0,-8.995061,0.09511508047580719,0.9878048896789551,0.9397560954093933
YMR015C,YLR285W,0,-8.995375,0.0951039120554924,0.9878048896789551,0.9398780465126038
YNL027W,YPL081W,0,-8.997535,0.09509274363517761,0.9878048896789551,0.9399999976158142
YGL147C,YLR045C,0,-8.997675,0.09508158266544342,0.9878048896789551,0.9401219487190247
YOR236W,YDR324C,0,-8.999461,0.09507042169570923,0.9878048896789551,0.9402438998222351
YGR188C,YIR012W,0,-8.999935,0.09505926817655563,0.9878048896789551,0.9403658509254456
YBR185C,YKL124W,0,-9.003014,0.09504810720682144,0.9878048896789551,0.940487802028656
YKL011C,YML093W,0,-9.003668,0.09503696113824844,0.9878048896789551,0.9406097531318665
YKL172W,YLR206W,0,-9.004999,0.09502580761909485,0.9878048896789551,0.9407317042350769
YPR191W,YLR058C,0,-9.009121,0.09501466155052185,0.9878048896789551,0.9408536553382874
YPL006W,YER074W,0,-9.014381,0.09500351548194885,0.9878048896789551,0.9409756064414978
YGL148W,YGR289C,0,-9.020227,0.09499237686395645,0.9878048896789551,0.9410975575447083
YKL217W,YDR001C,0,-9.020794,0.09498123824596405,0.9878048896789551,0.9412195086479187
YAL054C,YOR317W,1,-9.022871,0.09508734941482544,0.9890244007110596,0.9412195086479187
YLR355C,YMR040W,0,-9.023607,0.09507620334625244,0.9890244007110596,0.9413414597511292
YLR260W,YHR010W,0,-9.025557,0.09506505727767944,0.9890244007110596,0.9414634108543396
YGR108W,YKL082C,0,-9.025782,0.09505391120910645,0.9890244007110596,0.94158536195755
YOR185C,YNL206C,0,-9.028662,0.09504277259111404,0.9890244007110596,0.9417073130607605
YMR251W-A,YHR010W,0,-9.028671,0.09503164142370224,0.9890244007110596,0.941829264163971
YNL096C,YJR110W,0,-9.029901,0.09502050280570984,0.9890244007110596,0.9419512152671814
YMR250W,YOR228C,0,-9.030091,0.09500937163829803,0.9890244007110596,0.9420731663703918
YPR002W,YER102W,0,-9.033638,0.09499824047088623,0.9890244007110596,0.9421951174736023
YJR121W,YGL076C,0,-9.036491,0.09498711675405502,0.9890244007110596,0.9423170685768127
YNL315C,YDL222C,0,-9.037664,0.09497599303722382,0.9890244007110596,0.9424390196800232
YFL036W,YBR054W,0,-9.038984,0.09496486932039261,0.9890244007110596,0.9425609707832336
YLR056W,YPL196W,0,-9.040824,0.094953753054142,0.9890244007110596,0.9426829218864441
YGR295C,YLR448W,0,-9.044957,0.09494263678789139,0.9890244007110596,0.9428048729896545
YNL023C,YHR088W,0,-9.044991,0.09493152052164078,0.9890244007110596,0.942926824092865
YBR026C,YPL082C,0,-9.045351,0.09492041170597076,0.9890244007110596,0.9430487751960754
YLR286C,YGR154C,0,-9.047705,0.09490930289030075,0.9890244007110596,0.9431707262992859
YOR375C,YLR329W,0,-9.049105,0.09489820152521133,0.9890244007110596,0.9432926774024963
YLR348C,YPR002W,0,-9.049359,0.09488709270954132,0.9890244007110596,0.9434146285057068
YHR068W,YHR037W,0,-9.050875,0.0948759913444519,0.9890244007110596,0.9435365796089172
YLR286C,YOR230W,0,-9.053339,0.09486489742994308,0.9890244007110596,0.9436585307121277
YBR092C,YOL031C,0,-9.055134,0.09485380351543427,0.9890244007110596,0.9437804818153381
YML107C,YNL069C,0,-9.055397,0.09484270960092545,0.9890244007110596,0.9439024329185486
YLR015W,YJL157C,0,-9.057103,0.09483161568641663,0.9890244007110596,0.944024384021759
YGR268C,YMR175W,0,-9.057362,0.0948205292224884,0.9890244007110596,0.9441463351249695
YJR105W,YGR027C,0,-9.057613,0.09480944275856018,0.9890244007110596,0.9442682862281799
YNR060W,YJL002C,0,-9.059054,0.09479836374521255,0.9890244007110596,0.9443902373313904
YKL078W,YDL060W,0,-9.059068,0.09478728473186493,0.9890244007110596,0.9445121884346008
YGL187C,YER165W,0,-9.060083,0.0947762057185173,0.9890244007110596,0.9446341395378113
YGR052W,YOL127W,0,-9.062988,0.09476513415575027,0.9890244007110596,0.9447560906410217
YLR214W,YDR064W,0,-9.063332,0.09475406259298325,0.9890244007110596,0.9448780417442322
YMR250W,YLR174W,0,-9.065326,0.09474299103021622,0.9890244007110596,0.9449999928474426
YDR384C,YLR249W,0,-9.065778,0.09473192691802979,0.9890244007110596,0.9451219439506531
YER030W,YDR019C,0,-9.068148,0.09472086280584335,0.9890244007110596,0.9452438950538635
YBR237W,YOR234C,0,-9.071824,0.09470979869365692,0.9890244007110596,0.945365846157074
YDR399W,YPL187W,0,-9.072349,0.09469874203205109,0.9890244007110596,0.9454877972602844
YOR099W,YHR066W,0,-9.07332,0.09468768537044525,0.9890244007110596,0.9456097483634949
YOR358W,YPL043W,0,-9.073322,0.09467662870883942,0.9890244007110596,0.9457316994667053
YJL219W,YJL148W,0,-9.081125,0.09466557949781418,0.9890244007110596,0.9458536505699158
YHR047C,YIR017C,0,-9.082069,0.09465453028678894,0.9890244007110596,0.9459756016731262
YGR052W,YCL030C,0,-9.084124,0.0946434810757637,0.9890244007110596,0.9460975527763367
YOR317W,YPR193C,1,-9.0865345,0.09474912285804749,0.9902439117431641,0.9460975527763367
YOR133W,YGR101W,0,-9.086792,0.09473807364702225,0.9902439117431641,0.9462195038795471
YBR155W,YKL057C,0,-9.087687,0.09472701698541641,0.9902439117431641,0.9463414549827576
YJR059W,YGR214W,0,-9.087847,0.09471596777439117,0.9902439117431641,0.946463406085968
YOL082W,YDR037W,0,-9.088952,0.09470491856336594,0.9902439117431641,0.9465853571891785
YMR303C,YFR032C-A,0,-9.089805,0.0946938768029213,0.9902439117431641,0.9467073082923889
YHR148W,YKL081W,0,-9.092722,0.09468283504247665,0.9902439117431641,0.9468292593955994
YHR104W,YER118C,0,-9.092892,0.09467179328203201,0.9902439117431641,0.9469512104988098
YBR230C,YIR041W,0,-9.09417,0.09466075897216797,0.9902439117431641,0.9470731616020203
YDR399W,YPL240C,0,-9.097553,0.09464972466230392,0.9902439117431641,0.9471951127052307
YCL040W,YNL154C,0,-9.0984955,0.09463869780302048,0.9902439117431641,0.9473170638084412
YJR153W,YLR197W,0,-9.100029,0.09462766349315643,0.9902439117431641,0.9474390149116516
YDR418W,YGL026C,0,-9.105204,0.09461663663387299,0.9902439117431641,0.9475609660148621
YOR120W,YHR030C,0,-9.105668,0.09460561722517014,0.9902439117431641,0.9476829171180725
YDR171W,YHR058C,0,-9.111058,0.09459459781646729,0.9902439117431641,0.947804868221283
YNL331C,YPL220W,0,-9.111865,0.09458357840776443,0.9902439117431641,0.9479268193244934
YLR312W-A,YKR085C,0,-9.112255,0.09457255899906158,0.9902439117431641,0.9480487704277039
YIL009W,YMR246W,1,-9.117896,0.09467799961566925,0.9914634227752686,0.9480487704277039
YHR081W,YIR026C,0,-9.118328,0.0946669802069664,0.9914634227752686,0.9481707215309143
YPR082C,YGR214W,0,-9.119695,0.09465595334768295,0.9914634227752686,0.9482926726341248
YJR078W,YOR091W,0,-9.120453,0.0946449339389801,0.9914634227752686,0.9484146237373352
YFR055W,YML043C,0,-9.122543,0.09463392198085785,0.9914634227752686,0.9485365748405457
YJL148W,YPR190C,0,-9.124151,0.094622902572155,0.9914634227752686,0.9486585259437561
YPR164W,YPR151C,0,-9.12613,0.09461189061403275,0.9914634227752686,0.9487804770469666
YML060W,YMR229C,0,-9.126934,0.09460088610649109,0.9914634227752686,0.948902428150177
YPR160W,YDR013W,0,-9.128975,0.09458987414836884,0.9914634227752686,0.9490243792533875
YMR195W,YJR097W,0,-9.129086,0.09457887709140778,0.9914634227752686,0.9491463303565979
YMR116C,YDR398W,0,-9.129843,0.09456787258386612,0.9914634227752686,0.9492682814598083
YMR145C,YJR127C,0,-9.130484,0.09455687552690506,0.9914634227752686,0.9493902325630188
YNL175C,YJL208C,0,-9.1333275,0.094545878469944,0.9914634227752686,0.9495121836662292
YFR015C,YHR179W,0,-9.134858,0.09453488141298294,0.9914634227752686,0.9496341347694397
YPL241C,YPR151C,0,-9.134963,0.09452389180660248,0.9914634227752686,0.9497560858726501
YLR068W,YLR384C,0,-9.135825,0.09451290220022202,0.9914634227752686,0.9498780369758606
YAL008W,YBR154C,0,-9.136199,0.09450192004442215,0.9914634227752686,0.949999988079071
YOR100C,YLR205C,0,-9.136559,0.09449093788862228,0.9914634227752686,0.9501219391822815
YOR120W,YOR032C,0,-9.136722,0.09447995573282242,0.9914634227752686,0.9502438902854919
YLR107W,YLR197W,0,-9.137126,0.09446897357702255,0.9914634227752686,0.9503658413887024
YOR317W,YMR236W,1,-9.137209,0.09457418322563171,0.992682933807373,0.9503658413887024
YHR211W,YDL081C,0,-9.137992,0.09456319361925125,0.992682933807373,0.9504877924919128
YDR021W,YMR251W-A,0,-9.139972,0.09455221146345139,0.992682933807373,0.9506097435951233
YJR047C,YGR007W,0,-9.140642,0.09454122930765152,0.992682933807373,0.9507316946983337
YMR056C,YKL161C,0,-9.141529,0.09453025460243225,0.992682933807373,0.9508536458015442
YOL139C,YMR271C,0,-9.146015,0.09451927244663239,0.992682933807373,0.9509755969047546
YKR034W,YBR093C,0,-9.14977,0.09450829774141312,0.992682933807373,0.9510975480079651
YML012W,YJL033W,0,-9.153827,0.09449733048677444,0.992682933807373,0.9512194991111755
YPR201W,YKL164C,0,-9.154608,0.09448636323213577,0.992682933807373,0.951341450214386
YPL241C,YJR016C,0,-9.155458,0.0944753959774971,0.992682933807373,0.9514634013175964
YFR032C-A,YML073C,0,-9.158459,0.09446442872285843,0.992682933807373,0.9515853524208069
YOR317W,YGL066W,1,-9.158528,0.09456950426101685,0.9939024448394775,0.9515853524208069
YOR347C,YLL055W,0,-9.158615,0.09455853700637817,0.9939024448394775,0.9517073035240173
YPR002W,YKL082C,0,-9.159086,0.0945475623011589,0.9939024448394775,0.9518292546272278
YDR529C,YBL087C,0,-9.1640415,0.09453659504652023,0.9939024448394775,0.9519512057304382
YIR034C,YDR398W,0,-9.164862,0.09452563524246216,0.9939024448394775,0.9520731568336487
YJL053W,YPL081W,0,-9.1650305,0.09451466798782349,0.9939024448394775,0.9521951079368591
YFR044C,YNL117W,0,-9.172209,0.09450370818376541,0.9939024448394775,0.9523170590400696
YDL232W,YHL035C,0,-9.172214,0.09449275583028793,0.9939024448394775,0.95243901014328
YJL069C,YFR049W,0,-9.1747,0.09448179602622986,0.9939024448394775,0.9525609612464905
YNL327W,YOR393W,0,-9.175005,0.09447084367275238,0.9939024448394775,0.9526829123497009
YPL112C,YCR031C,0,-9.180561,0.0944598987698555,0.9939024448394775,0.9528048634529114
YGR032W,YOR294W,0,-9.181154,0.09444895386695862,0.9939024448394775,0.9529268145561218
YJR161C,YPL186C,0,-9.182278,0.09443800896406174,0.9939024448394775,0.9530487656593323
YLR448W,YLR409C,0,-9.185062,0.09442706406116486,0.9939024448394775,0.9531707167625427
YGL158W,YOR182C,0,-9.197177,0.09441612660884857,0.9939024448394775,0.9532926678657532
YBL005W,YOR095C,0,-9.197248,0.09440518915653229,0.9939024448394775,0.9534146189689636
YMR136W,YHR069C,0,-9.198273,0.094394251704216,0.9939024448394775,0.9535365700721741
YOR317W,YER015W,1,-9.199387,0.0944991335272789,0.995121955871582,0.9535365700721741
YGL047W,YDL222C,0,-9.201245,0.09448818862438202,0.995121955871582,0.9536585211753845
YGR023W,YGR049W,0,-9.206876,0.09447725117206573,0.995121955871582,0.953780472278595
YIL097W,YKL156W,0,-9.207624,0.09446631371974945,0.995121955871582,0.9539024233818054
YDR009W,YCL040W,0,-9.208563,0.09445537626743317,0.995121955871582,0.9540243744850159
YOL002C,YMR229C,0,-9.211546,0.09444444626569748,0.995121955871582,0.9541463255882263
YCR068W,YPL086C,0,-9.212435,0.09443351626396179,0.995121955871582,0.9542682766914368
YKL142W,YLR221C,0,-9.212583,0.0944225862622261,0.995121955871582,0.9543902277946472
YOR173W,YHR179W,0,-9.2126045,0.09441166371107101,0.995121955871582,0.9545121788978577
YLR238W,YLR258W,0,-9.215374,0.09440074115991592,0.995121955871582,0.9546341300010681
YLR355C,YHR041C,0,-9.215878,0.09438981860876083,0.995121955871582,0.9547560811042786
YCR010C,YGR280C,0,-9.2164545,0.09437890350818634,0.995121955871582,0.954878032207489
YPR067W,YOR206W,0,-9.219622,0.09436798840761185,0.995121955871582,0.9549999833106995
YPR002W,YGL096W,0,-9.223511,0.09435707330703735,0.995121955871582,0.9551219344139099
YMR290C,YDR418W,0,-9.224101,0.09434616565704346,0.995121955871582,0.9552438855171204
YML071C,YLR222C,0,-9.225225,0.09433525800704956,0.995121955871582,0.9553658366203308
YNL111C,YHR149C,0,-9.225519,0.09432435780763626,0.995121955871582,0.9554877877235413
YLR044C,YML095C,0,-9.225521,0.09431345015764236,0.995121955871582,0.9556097388267517
YDR171W,YBR228W,0,-9.227728,0.09430255740880966,0.995121955871582,0.9557316899299622
YAR008W,YIR012W,0,-9.22918,0.09429165720939636,0.995121955871582,0.9558536410331726
YKR034W,YOR298W,0,-9.2355385,0.09428076446056366,0.995121955871582,0.9559755921363831
YBR121C,YMR195W,0,-9.237391,0.09426987171173096,0.995121955871582,0.9560975432395935
YCL064C,YJL019W,0,-9.23922,0.09425897896289825,0.995121955871582,0.956219494342804
YMR246W,YLL002W,1,-9.242309,0.09436359256505966,0.9963414669036865,0.956219494342804
YPR043W,YOR009W,0,-9.247346,0.09435269981622696,0.9963414669036865,0.9563414454460144
YJR048W,YBR182C,0,-9.247596,0.09434179961681366,0.9963414669036865,0.9564633965492249
YLR058C,YDL210W,0,-9.247704,0.09433090686798096,0.9963414669036865,0.9565853476524353
YFL023W,YBL075C,0,-9.249741,0.09432002156972885,0.9963414669036865,0.9567072987556458
YMR246W,YOR064C,1,-9.250421,0.09442456066608429,0.997560977935791,0.9567072987556458
YHR142W,YGR289C,0,-9.257674,0.09441366791725159,0.997560977935791,0.9568292498588562
YMR300C,YLR056W,0,-9.261093,0.09440276771783829,0.997560977935791,0.9569512009620667
YIL008W,YCR061W,0,-9.269318,0.09439187496900558,0.997560977935791,0.9570731520652771
YPL248C,YNL302C,0,-9.269706,0.09438098222017288,0.997560977935791,0.9571951031684875
YBL092W,YDL204W,0,-9.27003,0.09437009692192078,0.997560977935791,0.957317054271698
YKL011C,YIL119C,0,-9.2731,0.09435921162366867,0.997560977935791,0.9574390053749084
YLL061W,YHL028W,0,-9.27327,0.09434832632541656,0.997560977935791,0.9575609564781189
YBL027W,YDL010W,0,-9.274383,0.09433744847774506,0.997560977935791,0.9576829075813293
YLL008W,YDR261C,0,-9.27526,0.09432657063007355,0.997560977935791,0.9578048586845398
YJR043C,YPL079W,0,-9.285118,0.09431569278240204,0.997560977935791,0.9579268097877502
YPL086C,YLR222C,0,-9.285696,0.09430482238531113,0.997560977935791,0.9580487608909607
YLR377C,YGR234W,0,-9.290633,0.09429394453763962,0.997560977935791,0.9581707119941711
YNL238W,YER102W,0,-9.292078,0.0942830815911293,0.997560977935791,0.9582926630973816
YGR109C,YBR115C,0,-9.292535,0.09427221119403839,0.997560977935791,0.958414614200592
YML046W,YIL069C,0,-9.293902,0.09426134824752808,0.997560977935791,0.9585365653038025
YJR094W-A,YBL028C,0,-9.295717,0.09425049275159836,0.997560977935791,0.9586585164070129
YMR230W,YNL302C,0,-9.302536,0.09423962980508804,0.997560977935791,0.9587804675102234
YOR185C,YGR198W,0,-9.306268,0.09422877430915833,0.997560977935791,0.9589024186134338
YJL166W,YDR064W,0,-9.308234,0.09421791881322861,0.997560977935791,0.9590243697166443
YPL265W,YML095C,0,-9.313132,0.09420707076787949,0.997560977935791,0.9591463208198547
YER007C-A,YEL041W,0,-9.318178,0.09419622272253036,0.997560977935791,0.9592682719230652
YGR200C,YER055C,0,-9.318253,0.09418537467718124,0.997560977935791,0.9593902230262756
YOR120W,YDL064W,0,-9.321783,0.09417453408241272,0.997560977935791,0.9595121741294861
YAR071W,YLL028W,0,-9.323317,0.0941636934876442,0.997560977935791,0.9596341252326965
YKL064W,YGR271C-A,0,-9.32429,0.09415285289287567,0.997560977935791,0.959756076335907
YLR449W,YGR034W,0,-9.332484,0.09414201974868774,0.997560977935791,0.9598780274391174
YJR069C,YMR322C,0,-9.332555,0.09413118660449982,0.997560977935791,0.9599999785423279
YJL048C,YDR213W,0,-9.334148,0.09412035346031189,0.997560977935791,0.9601219296455383
YIL072W,YHL015W,0,-9.334517,0.09410952776670456,0.997560977935791,0.9602438807487488
YMR032W,YDR481C,0,-9.336624,0.09409870207309723,0.997560977935791,0.9603658318519592
YMR275C,YLR048W,0,-9.336866,0.0940878763794899,0.997560977935791,0.9604877829551697
YML056C,YOL040C,0,-9.339771,0.09407705813646317,0.997560977935791,0.9606097340583801
YHR061C,YDR398W,0,-9.341141,0.09406623989343643,0.997560977935791,0.9607316851615906
YMR217W,YLR355C,0,-9.342381,0.0940554216504097,0.997560977935791,0.960853636264801
YDR384C,YBR155W,0,-9.344318,0.09404461085796356,0.997560977935791,0.9609755873680115
YMR246W,YBL052C,1,-9.348894,0.09414875507354736,0.9987804889678955,0.9609755873680115
YMR173W,YML114C,0,-9.349335,0.09413792937994003,0.9987804889678955,0.9610975384712219
YBR248C,YOR348C,0,-9.353657,0.0941271111369133,0.9987804889678955,0.9612194895744324
YAL040C,YPL082C,0,-9.3616495,0.09411629289388657,0.9987804889678955,0.9613414406776428
YBR021W,YJL208C,0,-9.365656,0.09410548210144043,0.9987804889678955,0.9614633917808533
YLR175W,YHR102W,0,-9.365992,0.0940946713089943,0.9987804889678955,0.9615853428840637
YDL101C,YMR217W,0,-9.371044,0.09408386051654816,0.9987804889678955,0.9617072939872742
YGL180W,YNL244C,0,-9.376347,0.09407304972410202,0.9987804889678955,0.9618292450904846
YDL148C,YJR094W-A,0,-9.376638,0.09406224638223648,0.9987804889678955,0.9619511961936951
YGL183C,YHR066W,0,-9.383634,0.09405145049095154,0.9987804889678955,0.9620731472969055
YER091C,YJR007W,0,-9.384449,0.094040647149086,0.9987804889678955,0.962195098400116
YBR155W,YIL097W,0,-9.387691,0.09402985125780106,0.9987804889678955,0.9623170495033264
YDR171W,YNL134C,0,-9.390418,0.09401905536651611,0.9987804889678955,0.9624390006065369
YJL191W,YKL145W,0,-9.391114,0.09400826692581177,0.9987804889678955,0.9625609517097473
YMR303C,YOL144W,0,-9.391132,0.09399747848510742,0.9987804889678955,0.9626829028129578
YLR029C,YDR484W,0,-9.394383,0.09398669004440308,0.9987804889678955,0.9628048539161682
YIL040W,YPL079W,0,-9.395691,0.09397590160369873,0.9987804889678955,0.9629268050193787
YER091C,YOL154W,0,-9.3961735,0.09396512061357498,0.9987804889678955,0.9630487561225891
YER119C,YOR095C,0,-9.396339,0.09395433962345123,0.9987804889678955,0.9631707072257996
YJR070C,YLR430W,0,-9.39724,0.09394356608390808,0.9987804889678955,0.96329265832901
YER119C,YBR072W,0,-9.401691,0.09393279254436493,0.9987804889678955,0.9634146094322205
YBR034C,YGL053W,0,-9.404673,0.09392201900482178,0.9987804889678955,0.9635365605354309
YBR086C,YML100W,0,-9.407216,0.09391124546527863,0.9987804889678955,0.9636585116386414
YEL039C,YBR293W,0,-9.411742,0.09390047937631607,0.9987804889678955,0.9637804627418518
YGL053W,YBL075C,0,-9.412835,0.09388971328735352,0.9987804889678955,0.9639024138450623
YLR270W,YGR158C,0,-9.417114,0.09387895464897156,0.9987804889678955,0.9640243649482727
YMR092C,YCR047C,0,-9.418152,0.0938681960105896,0.9987804889678955,0.9641463160514832
YKR024C,YNL113W,0,-9.419796,0.09385743737220764,0.9987804889678955,0.9642682671546936
YHR104W,YJR147W,0,-9.424506,0.09384668618440628,0.9987804889678955,0.964390218257904
YNR057C,YKL164C,0,-9.427162,0.09383592754602432,0.9987804889678955,0.9645121693611145
YHR102W,YBL027W,0,-9.431721,0.09382518380880356,0.9987804889678955,0.964634120464325
YKL180W,YJR004C,0,-9.438534,0.0938144326210022,0.9987804889678955,0.9647560715675354
YGL029W,YKL216W,0,-9.43854,0.09380368888378143,0.9987804889678955,0.9648780226707458
YLR284C,YJR137C,0,-9.439153,0.09379294514656067,0.9987804889678955,0.9649999737739563
YEL071W,YOR161C,0,-9.439421,0.0937822088599205,0.9987804889678955,0.9651219248771667
YER028C,YLR441C,0,-9.439467,0.09377146512269974,0.9987804889678955,0.9652438759803772
YKL103C,YCR035C,0,-9.440825,0.09376073628664017,0.9987804889678955,0.9653658270835876
YOR317W,YEL056W,1,-9.440859,0.09386447072029114,1.0,0.9653658270835876
YCR034W,YKL093W,0,-9.441449,0.09385372698307037,1.0,0.9654877781867981
YPR145W,YDR009W,0,-9.444983,0.09384298324584961,1.0,0.9656097292900085
YLR051C,YNL110C,0,-9.4488945,0.09383224695920944,1.0,0.965731680393219
YER045C,YOL039W,0,-9.458313,0.09382151067256927,1.0,0.9658536314964294
YPL160W,YKL181W,0,-9.468357,0.09381077438592911,1.0,0.9659755825996399
YOL084W,YGL044C,0,-9.470175,0.09380004554986954,1.0,0.9660975337028503
YDR019C,YGL137W,0,-9.473451,0.09378931671380997,1.0,0.9662194848060608
YPR067W,YBL039C,0,-9.473689,0.0937785878777504,1.0,0.9663414359092712
YDR418W,YGR213C,0,-9.474237,0.09376786649227142,1.0,0.9664633870124817
YGR255C,YLR009W,0,-9.474993,0.09375714510679245,1.0,0.9665853381156921
YNR054C,YDR513W,0,-9.476537,0.09374642372131348,1.0,0.9667072892189026
YDR429C,YIR026C,0,-9.478075,0.0937357097864151,1.0,0.966829240322113
YHL011C,YOR091W,0,-9.48045,0.09372499585151672,1.0,0.9669511914253235
YDL227C,YMR101C,0,-9.481174,0.09371428936719894,1.0,0.9670731425285339
YNR053C,YPL246C,0,-9.483402,0.09370357543230057,1.0,0.9671950936317444
YHR196W,YGL104C,0,-9.483686,0.09369286894798279,1.0,0.9673170447349548
YPL095C,YKL143W,0,-9.48705,0.09368216246366501,1.0,0.9674389958381653
YFL016C,YLL045C,0,-9.489156,0.09367146342992783,1.0,0.9675609469413757
YER002W,YER003C,0,-9.492078,0.09366076439619064,1.0,0.9676828980445862
YLR333C,YGR213C,0,-9.499358,0.09365006536245346,1.0,0.9678048491477966
YDL081C,YBR294W,0,-9.500174,0.09363937377929688,1.0,0.9679268002510071
YNL112W,YGR048W,0,-9.501383,0.09362868219614029,1.0,0.9680487513542175
YFR053C,YMR223W,0,-9.503317,0.0936179906129837,1.0,0.968170702457428
YDL029W,YMR116C,0,-9.504492,0.09360730648040771,1.0,0.9682926535606384
YEL061C,YLR167W,0,-9.510752,0.09359662234783173,1.0,0.9684146046638489
YOL082W,YPL186C,0,-9.513736,0.09358593821525574,1.0,0.9685365557670593
YBR093C,YOR294W,0,-9.51703,0.09357526153326035,1.0,0.9686585068702698
YCL040W,YHR156C,0,-9.517593,0.09356458485126495,1.0,0.968780517578125
YHR005C,YLR167W,0,-9.519811,0.09355390816926956,1.0,0.9689024686813354
YLR052W,YOR348C,0,-9.525535,0.09354323893785477,1.0,0.9690244197845459
YLL008W,YIL091C,0,-9.527771,0.09353256225585938,1.0,0.9691463708877563
YGL155W,YOR173W,0,-9.531508,0.09352190047502518,1.0,0.9692683219909668
YLR060W,YNL209W,0,-9.532198,0.09351123124361038,1.0,0.9693902730941772
YOL132W,YJL042W,0,-9.533646,0.09350056946277618,1.0,0.9695122241973877
YKL126W,YIR026C,0,-9.537788,0.09348990768194199,1.0,0.9696341753005981
YCL026C-A,YCR057C,0,-9.541514,0.09347925335168839,1.0,0.9697561264038086
YML120C,YKL082C,0,-9.544077,0.09346859902143478,1.0,0.969878077507019
YDR418W,YML093W,0,-9.547193,0.09345794469118118,1.0,0.9700000286102295
YPL211W,YBR188C,0,-9.54879,0.09344729036092758,1.0,0.9701219797134399
YOL126C,YNL134C,0,-9.549333,0.09343664348125458,1.0,0.9702439308166504
YGR189C,YER024W,0,-9.551233,0.09342599660158157,1.0,0.9703658819198608
YPL160W,YHR116W,0,-9.552332,0.09341535717248917,1.0,0.9704878330230713
YDR101C,YLR248W,0,-9.552582,0.09340471774339676,1.0,0.9706097841262817
YLR405W,YJR094W-A,0,-9.554455,0.09339407831430435,1.0,0.9707317352294922
YMR303C,YPL265W,0,-9.555045,0.09338343888521194,1.0,0.9708536863327026
YPL018W,YML024W,0,-9.559712,0.09337280690670013,1.0,0.9709756374359131
YDR069C,YKR081C,0,-9.563782,0.09336217492818832,1.0,0.9710975885391235
YLR448W,YOL091W,0,-9.56925,0.09335155040025711,1.0,0.971219539642334
YLR139C,YER150W,0,-9.571465,0.0933409184217453,1.0,0.9713414907455444
YGR085C,YHR163W,0,-9.571481,0.09333030134439468,1.0,0.9714634418487549
YLR213C,YPL058C,0,-9.573839,0.09331967681646347,1.0,0.9715853929519653
YDR156W,YLL012W,0,-9.575266,0.09330905973911285,1.0,0.9717073440551758
YGL256W,YNL210W,0,-9.581433,0.09329844266176224,1.0,0.9718292951583862
YMR303C,YLR044C,0,-9.587577,0.09328782558441162,1.0,0.9719512462615967
YOR063W,YNR048W,0,-9.588602,0.0932772159576416,1.0,0.9720731973648071
YDR077W,YKL081W,0,-9.589078,0.09326660633087158,1.0,0.9721951484680176
YNL302C,YNL128W,0,-9.5893135,0.09325599670410156,1.0,0.972317099571228
YGL021W,YDL082W,0,-9.589576,0.09324539452791214,1.0,0.9724390506744385
YBR026C,YGR271C-A,0,-9.591034,0.09323479235172272,1.0,0.9725610017776489
YLR186W,YOR161C,0,-9.593884,0.0932241901755333,1.0,0.9726829528808594
YER045C,YNL096C,0,-9.5979395,0.09321359544992447,1.0,0.9728049039840698
YPL110C,YGR280C,0,-9.604741,0.09320300072431564,1.0,0.9729268550872803
YMR303C,YMR001C,0,-9.606476,0.09319240599870682,1.0,0.9730488061904907
YKL029C,YOL119C,0,-9.606595,0.09318181872367859,1.0,0.9731707572937012
YDL003W,YDL191W,0,-9.610107,0.09317123144865036,1.0,0.9732927083969116
YNR017W,YLR221C,0,-9.623865,0.09316064417362213,1.0,0.9734146595001221
YJL096W,YLR197W,0,-9.62557,0.0931500643491745,1.0,0.9735366106033325
YMR250W,YJL048C,0,-9.631954,0.09313948452472687,1.0,0.973658561706543
YER062C,YKL197C,0,-9.635733,0.09312890470027924,1.0,0.9737805128097534
YOR306C,YPR041W,0,-9.638295,0.0931183248758316,1.0,0.9739024639129639
YDR019C,YHR025W,0,-9.639753,0.09310775250196457,1.0,0.9740244150161743
YOL151W,YDR044W,0,-9.6461315,0.09309718757867813,1.0,0.9741463661193848
YDR085C,YGL099W,0,-9.647838,0.0930866152048111,1.0,0.9742683172225952
YHR021C,YGR245C,0,-9.647884,0.09307605028152466,1.0,0.9743902683258057
YPL160W,YLL055W,0,-9.648588,0.09306548535823822,1.0,0.9745122194290161
YCR003W,YHL001W,0,-9.65047,0.09305492788553238,1.0,0.9746341705322266
YML056C,YGL125W,0,-9.6510105,0.09304436296224594,1.0,0.974756121635437
YLR037C,YOR095C,0,-9.651243,0.0930338129401207,1.0,0.9748780727386475
YPL118W,YGL096W,0,-9.655306,0.09302325546741486,1.0,0.9750000238418579
YER142C,YPR163C,0,-9.65623,0.09301270544528961,1.0,0.9751219749450684
YPR160W,YKR025W,0,-9.658435,0.09300215542316437,1.0,0.9752439260482788
YGR191W,YNL132W,0,-9.658561,0.09299160540103912,1.0,0.9753658771514893
YGR280C,YLR448W,0,-9.6608095,0.09298106282949448,1.0,0.9754878282546997
YML022W,YDL082W,0,-9.665317,0.09297052025794983,1.0,0.9756097793579102
YIL069C,YLR092W,0,-9.67112,0.09295998513698578,1.0,0.9757317304611206
YGL209W,YDR086C,0,-9.673078,0.09294944256544113,1.0,0.975853681564331
YDR171W,YOR230W,0,-9.6748085,0.09293890744447708,1.0,0.9759756326675415
YKL217W,YOL041C,0,-9.676975,0.09292837977409363,1.0,0.976097583770752
YDL181W,YLR136C,0,-9.677895,0.09291784465312958,1.0,0.9762195348739624
YKL156W,YOR294W,0,-9.6955595,0.09290731698274612,1.0,0.9763414859771729
YOR137C,YPR151C,0,-9.699141,0.09289679676294327,1.0,0.9764634370803833
YLR325C,YHL028W,0,-9.69927,0.09288626909255981,1.0,0.9765853881835938
YMR303C,YIL046W,0,-9.700245,0.09287574887275696,1.0,0.9767073392868042
YIL019W,YHR141C,0,-9.703325,0.0928652286529541,1.0,0.9768292903900146
YJL058C,YOR133W,0,-9.703918,0.09285471588373184,1.0,0.9769512414932251
YPR160W,YDR469W,0,-9.712738,0.09284420311450958,1.0,0.9770731925964355
YKL180W,YDR087C,0,-9.717055,0.09283369034528732,1.0,0.977195143699646
YIL155C,YJR097W,0,-9.722445,0.09282318502664566,1.0,0.9773170948028564
YOL151W,YMR239C,0,-9.723753,0.092812679708004,1.0,0.9774390459060669
YNR022C,YPL079W,0,-9.72551,0.09280217438936234,1.0,0.9775609970092773
YLR186W,YGR044C,0,-9.725565,0.09279166907072067,1.0,0.9776829481124878
YDL207W,YBR183W,0,-9.737241,0.0927811712026596,1.0,0.9778048992156982
YDR091C,YPR118W,0,-9.737855,0.09277067333459854,1.0,0.9779268503189087
YDR113C,YBR169C,0,-9.740426,0.09276018291711807,1.0,0.9780488014221191
YPL212C,YGR280C,0,-9.742811,0.0927496924996376,1.0,0.9781707525253296
YBR045C,YNL096C,0,-9.744345,0.09273920208215714,1.0,0.97829270362854
YIL010W,YAL059W,0,-9.74471,0.09272871166467667,1.0,0.9784146547317505
YPL173W,YOR096W,0,-9.754053,0.0927182286977768,1.0,0.9785366058349609
YOL086C,YDR380W,0,-9.757355,0.09270774573087692,1.0,0.9786585569381714
YDL247W,YDR382W,0,-9.757605,0.09269726276397705,1.0,0.9787805080413818
YHR001W-A,YLR058C,0,-9.76284,0.09268678724765778,1.0,0.9789024591445923
YDR184C,YOR095C,0,-9.763928,0.0926763117313385,1.0,0.9790244102478027
YHR129C,YHL001W,0,-9.76764,0.09266583621501923,1.0,0.9791463613510132
YNL207W,YML014W,0,-9.775193,0.09265536814928055,1.0,0.9792683124542236
YJR159W,YPL019C,0,-9.781189,0.09264490008354187,1.0,0.9793902635574341
YJR123W,YHR178W,0,-9.789936,0.09263443201780319,1.0,0.9795122146606445
YPR002W,YIL133C,0,-9.793386,0.09262397140264511,1.0,0.979634165763855
YBR291C,YNR053C,0,-9.797194,0.09261351078748703,1.0,0.9797561168670654
YML042W,YHR010W,0,-9.798822,0.09260305017232895,1.0,0.9798780679702759
YLR189C,YPL012W,0,-9.813757,0.09259258955717087,1.0,0.9800000190734863
YLR186W,YPL081W,0,-9.819687,0.09258213639259338,1.0,0.9801219701766968
YML113W,YKL035W,0,-9.822553,0.0925716832280159,1.0,0.9802439212799072
YGR280C,YIL148W,0,-9.822792,0.09256123751401901,1.0,0.9803658723831177
YLR027C,YKL096W,0,-9.822945,0.09255079180002213,1.0,0.9804878234863281
YDR324C,YOL129W,0,-9.826139,0.09254034608602524,1.0,0.9806097745895386
YGL062W,YDR012W,0,-9.828159,0.09252990037202835,1.0,0.980731725692749
YIL125W,YGL031C,0,-9.834294,0.09251946210861206,1.0,0.9808536767959595
YDL081C,YOR137C,0,-9.834429,0.09250902384519577,1.0,0.9809756278991699
YBL027W,YLL055W,0,-9.834544,0.09249859303236008,1.0,0.9810975790023804
YKL096W-A,YPR160W,0,-9.843663,0.09248815476894379,1.0,0.9812195301055908
YLR333C,YHR163W,0,-9.849015,0.0924777239561081,1.0,0.9813414812088013
YBR132C,YDL110C,0,-9.84929,0.092467300593853,1.0,0.9814634323120117
YDR365C,YLR197W,0,-9.851103,0.0924568697810173,1.0,0.9815853834152222
YIR017C,YOL040C,0,-9.856491,0.09244644641876221,1.0,0.9817073345184326
YML056C,YKR072C,0,-9.8569975,0.09243603050708771,1.0,0.9818292856216431
YGL183C,YLR009W,0,-9.860551,0.09242560714483261,1.0,0.9819512367248535
YMR170C,YMR230W,0,-9.874322,0.09241519123315811,1.0,0.982073187828064
YDR217C,YPL090C,0,-9.877063,0.09240477532148361,1.0,0.9821951389312744
YOL084W,YDR146C,0,-9.885997,0.09239436686038971,1.0,0.9823170900344849
YIL088C,YOR206W,0,-9.889566,0.0923839583992958,1.0,0.9824390411376953
YIL133C,YML098W,0,-9.890118,0.0923735499382019,1.0,0.9825609922409058
YML022W,YOR226C,0,-9.89568,0.092363141477108,1.0,0.9826829433441162
YBR247C,YKL156W,0,-9.899034,0.0923527404665947,1.0,0.9828048944473267
YGR177C,YHL016C,0,-9.899717,0.09234233945608139,1.0,0.9829268455505371
YOR374W,YDR083W,0,-9.899744,0.09233194589614868,1.0,0.9830487966537476
YPR016C,YML100W,0,-9.9037695,0.09232155233621597,1.0,0.983170747756958
YOR100C,YLR186W,0,-9.90475,0.09231115877628326,1.0,0.9832926988601685
YML043C,YBR183W,0,-9.905489,0.09230076521635056,1.0,0.9834146499633789
YLR061W,YBR014C,0,-9.906135,0.09229037910699844,1.0,0.9835366010665894
YBR078W,YPR151C,0,-9.913324,0.09227999299764633,1.0,0.9836585521697998
YGL209W,YDR479C,0,-9.921214,0.09226960688829422,1.0,0.9837805032730103
YGR280C,YOR234C,0,-9.92174,0.0922592282295227,1.0,0.9839024543762207
YHR059W,YPR160W,0,-9.92382,0.09224884957075119,1.0,0.9840244054794312
YNL111C,YML128C,0,-9.924184,0.09223847091197968,1.0,0.9841463565826416
YNL037C,YPR010C,0,-9.926941,0.09222809225320816,1.0,0.984268307685852
YKR024C,YIL018W,0,-9.929495,0.09221772104501724,1.0,0.9843902587890625
YEL039C,YKL197C,0,-9.935591,0.09220735728740692,1.0,0.984512209892273
YGR121C,YBL075C,0,-9.93585,0.092196986079216,1.0,0.9846341609954834
YEL054C,YOR084W,0,-9.940046,0.09218662232160568,1.0,0.9847561120986938
YBR169C,YPL163C,0,-9.941705,0.09217625856399536,1.0,0.9848780632019043
YOR374W,YPR112C,0,-9.947019,0.09216590225696564,1.0,0.9850000143051147
YNL135C,YPR151C,0,-9.949261,0.09215553849935532,1.0,0.9851219654083252
YBR045C,YMR121C,0,-9.949625,0.09214518219232559,1.0,0.9852439165115356
YBR155W,YOR003W,0,-9.958371,0.09213483333587646,1.0,0.9853658676147461
YHL001W,YDL111C,0,-9.962322,0.09212447702884674,1.0,0.9854878187179565
YMR290C,YHL011C,0,-9.965932,0.09211412817239761,1.0,0.985609769821167
YOR324C,YLR167W,0,-9.971503,0.09210378676652908,1.0,0.9857317209243774
YMR189W,YBL024W,0,-9.974563,0.09209343791007996,1.0,0.9858536720275879
YGR200C,YLR205C,0,-9.981297,0.09208309650421143,1.0,0.9859756231307983
YGL037C,YNL299W,0,-9.982809,0.09207276254892349,1.0,0.9860975742340088
YLR009W,YIL148W,0,-9.9858465,0.09206242114305496,1.0,0.9862195253372192
YBR066C,YOR117W,0,-9.986478,0.09205208718776703,1.0,0.9863414764404297
YML120C,YPR110C,0,-9.9866085,0.0920417532324791,1.0,0.9864634275436401
YDR518W,YML075C,0,-9.990907,0.09203142672777176,1.0,0.9865853786468506
YLR390W-A,YIL155C,0,-9.9943495,0.09202110022306442,1.0,0.986707329750061
YDL198C,YCR072C,0,-9.999169,0.09201077371835709,1.0,0.9868292808532715
YHR203C,YDR087C,0,-10.003065,0.09200044721364975,1.0,0.9869512319564819
YPL081W,YDR083W,0,-10.006624,0.09199012815952301,1.0,0.9870731830596924
YER165W,YGL246C,0,-10.011202,0.09197980910539627,1.0,0.9871951341629028
YOR303W,YGL055W,0,-10.011499,0.09196949005126953,1.0,0.9873170852661133
YLR367W,YMR140W,0,-10.015467,0.09195917844772339,1.0,0.9874390363693237
YNL163C,YOR004W,0,-10.023712,0.09194886684417725,1.0,0.9875609874725342
YKL168C,YDL208W,0,-10.023787,0.0919385552406311,1.0,0.9876829385757446
YBR189W,YFL026W,0,-10.041541,0.09192825108766556,1.0,0.9878048896789551
YBR149W,YBL024W,0,-10.043121,0.09191794693470001,1.0,0.9879268407821655
YGR191W,YJL148W,0,-10.051896,0.09190764278173447,1.0,0.988048791885376
YLR165C,YBR189W,0,-10.051994,0.09189734607934952,1.0,0.9881707429885864
YHR018C,YBL027W,0,-10.052697,0.09188704937696457,1.0,0.9882926940917969
YJR073C,YGR258C,0,-10.053198,0.09187675267457962,1.0,0.9884146451950073
YLR449W,YKL029C,0,-10.069628,0.09186645597219467,1.0,0.9885365962982178
YHR148W,YPL196W,0,-10.071332,0.09185616672039032,1.0,0.9886585474014282
YNL175C,YLR249W,0,-10.076757,0.09184587746858597,1.0,0.9887804985046387
YCR005C,YML060W,0,-10.07699,0.09183558821678162,1.0,0.9889024496078491
YGL055W,YGR152C,0,-10.078135,0.09182530641555786,1.0,0.9890244007110596
YNR003C,YJL190C,0,-10.084476,0.0918150246143341,1.0,0.98914635181427
YLR058C,YLR150W,0,-10.084813,0.09180475026369095,1.0,0.9892683029174805
YPL086C,YEL026W,0,-10.086864,0.0917944684624672,1.0,0.9893902540206909
YDR375C,YLR175W,0,-10.087259,0.09178419411182404,1.0,0.9895122051239014
YCR072C,YOR295W,0,-10.0994625,0.09177391976118088,1.0,0.9896341562271118
YKR099W,YGR214W,0,-10.105523,0.09176365286111832,1.0,0.9897561073303223
YHR068W,YJR144W,0,-10.122042,0.09175338596105576,1.0,0.9898780584335327
YFL014W,YMR197C,0,-10.124993,0.0917431190609932,1.0,0.9900000095367432
YOR187W,YLR249W,0,-10.140342,0.09173285961151123,1.0,0.9901219606399536
YBR101C,YDL110C,0,-10.15019,0.09172259271144867,1.0,0.9902439117431641
YCL030C,YGR118W,0,-10.176247,0.0917123332619667,1.0,0.9903658628463745
YBR121C,YBR189W,0,-10.202495,0.09170208126306534,1.0,0.990487813949585
YML080W,YIL133C,0,-10.203075,0.09169182926416397,1.0,0.9906097650527954
YEL039C,YGL037C,0,-10.204122,0.0916815772652626,1.0,0.9907317161560059
YMR189W,YDL195W,0,-10.204786,0.09167132526636124,1.0,0.9908536672592163
YMR049C,YDL112W,0,-10.209065,0.09166108071804047,1.0,0.9909756183624268
YPR134W,YBR066C,0,-10.209933,0.0916508361697197,1.0,0.9910975694656372
YPL217C,YLR186W,0,-10.213591,0.09164059162139893,1.0,0.9912195205688477
YMR058W,YAR071W,0,-10.214228,0.09163034707307816,1.0,0.9913414716720581
YOR374W,YDR021W,0,-10.215088,0.09162010997533798,1.0,0.9914634227752686
YGR088W,YEL055C,0,-10.219556,0.09160987287759781,1.0,0.991585373878479
YOR281C,YKR094C,0,-10.2202,0.09159964323043823,1.0,0.9917073249816895
YJL148W,YDR045C,0,-10.247242,0.09158941358327866,1.0,0.9918292760848999
YJL155C,YLR441C,0,-10.253447,0.09157918393611908,1.0,0.9919512271881104
YDR365C,YDR412W,0,-10.254524,0.0915689542889595,1.0,0.9920731782913208
YLR270W,YDR429C,0,-10.258722,0.09155873209238052,1.0,0.9921951293945312
YOR206W,YNL069C,0,-10.261133,0.09154850989580154,1.0,0.9923170804977417
YDR019C,YJR094W-A,0,-10.26148,0.09153828769922256,1.0,0.9924390316009521
YHR104W,YIL069C,0,-10.27688,0.09152807295322418,1.0,0.9925609827041626
YOR095C,YPR163C,0,-10.292947,0.0915178582072258,1.0,0.992682933807373
YBR101C,YPR160W,0,-10.299384,0.09150764346122742,1.0,0.9928048849105835
YMR020W,YJL190C,0,-10.299641,0.09149743616580963,1.0,0.992926836013794
YPL146C,YLR222C,0,-10.300628,0.09148722887039185,1.0,0.9930487871170044
YBR247C,YOL125W,0,-10.31016,0.09147702157497406,1.0,0.9931707382202148
YDR384C,YBL064C,0,-10.361157,0.09146681427955627,1.0,0.9932926893234253
YMR131C,YGL259W,0,-10.378408,0.09145661443471909,1.0,0.9934146404266357
YPL217C,YFL014W,0,-10.394709,0.0914464145898819,1.0,0.9935365915298462
YHR143W,YBR230C,0,-10.405302,0.09143621474504471,1.0,0.9936585426330566
YEL039C,YOR347C,0,-10.421495,0.09142602235078812,1.0,0.9937804937362671
YBR072W,YHL035C,0,-10.425739,0.09141582995653152,1.0,0.9939024448394775
YIL119C,YLR178C,0,-10.442669,0.09140563756227493,1.0,0.994024395942688
YGL029W,YOR155C,0,-10.443136,0.09139545261859894,1.0,0.9941463470458984
YCR047C,YJL155C,0,-10.452786,0.09138526767492294,1.0,0.9942682981491089
YNL110C,YLR372W,0,-10.453844,0.09137508273124695,1.0,0.9943902492523193
YML100W,YJR041C,0,-10.455628,0.09136490523815155,1.0,0.9945122003555298
YMR251W-A,YJL089W,0,-10.456553,0.09135472029447556,1.0,0.9946341514587402
YMR250W,YNL207W,0,-10.464024,0.09134455025196075,1.0,0.9947561025619507
YPL217C,YLR197W,0,-10.485471,0.09133437275886536,1.0,0.9948780536651611
YBR004C,YFL014W,0,-10.488674,0.09132420271635056,1.0,0.9950000047683716
YBR072W,YDR073W,0,-10.491623,0.09131403267383575,1.0,0.995121955871582
YNL112W,YML004C,0,-10.502378,0.09130386263132095,1.0,0.9952439069747925
YPL012W,YDL112W,0,-10.51255,0.09129370003938675,1.0,0.9953658580780029
YBL015W,YMR303C,0,-10.530027,0.09128353744745255,1.0,0.9954878091812134
YMR170C,YDL081C,0,-10.575795,0.09127337485551834,1.0,0.9956097602844238
YGR177C,YMR290C,0,-10.578112,0.09126321971416473,1.0,0.9957317113876343
YLR264W,YDL123W,0,-10.58168,0.09125305712223053,1.0,0.9958536624908447
YKR085C,YLL045C,0,-10.596895,0.09124290943145752,1.0,0.9959756135940552
YCL040W,YPL090C,0,-10.609913,0.09123275429010391,1.0,0.9960975646972656
YPL123C,YOR187W,0,-10.633223,0.0912226065993309,1.0,0.9962195158004761
YDR101C,YBL064C,0,-10.642624,0.09121245890855789,1.0,0.9963414669036865
YDR083W,YPL252C,0,-10.64646,0.09120231121778488,1.0,0.996463418006897
YLL026W,YJL190C,0,-10.661032,0.09119217097759247,1.0,0.9965853691101074
YER062C,YJL189W,0,-10.707158,0.09118203073740005,1.0,0.9967073202133179
YKL006W,YEL041W,0,-10.745634,0.09117189049720764,1.0,0.9968292713165283
YBR038W,YOR348C,0,-10.7464485,0.09116175770759583,1.0,0.9969512224197388
YMR041C,YML024W,0,-10.758417,0.09115162491798401,1.0,0.9970731735229492
YER086W,YEL026W,0,-10.806175,0.09114149212837219,1.0,0.9971951246261597
YDR001C,YNL302C,0,-10.829003,0.09113135933876038,1.0,0.9973170757293701
YOL058W,YNL069C,0,-10.920843,0.09112123399972916,1.0,0.9974390268325806
YPL211W,YGR162W,0,-10.975227,0.09111110866069794,1.0,0.997560977935791
YEL054C,YPL081W,0,-11.000183,0.09110099077224731,1.0,0.9976829290390015
YHR075C,YPL090C,0,-11.052085,0.0910908654332161,1.0,0.9978048801422119
YMR290C,YBL064C,0,-11.245142,0.09108074754476547,1.0,0.9979268312454224
YML073C,YGL096W,0,-11.252426,0.09107063710689545,1.0,0.9980487823486328
YGR214W,YER103W,0,-11.26005,0.09106051921844482,1.0,0.9981707334518433
YMR116C,YDR382W,0,-11.261845,0.0910504087805748,1.0,0.9982926845550537
YNL096C,YPL012W,0,-11.307478,0.09104029834270477,1.0,0.9984146356582642
YKL006W,YER175C,0,-11.341777,0.09103019535541534,1.0,0.9985365867614746
YCL030C,YIR026C,0,-11.3567915,0.09102009236812592,1.0,0.9986585378646851
YNL302C,YJL048C,0,-11.365234,0.09100998938083649,1.0,0.9987804889678955
YKL001C,YER103W,0,-11.37189,0.09099988639354706,1.0,0.998902440071106
YGR088W,YMR217W,0,-11.415495,0.09098979085683823,1.0,0.9990243911743164
YOR145C,YDR449C,0,-11.435657,0.0909796953201294,1.0,0.9991463422775269
YGR239C,YOL040C,0,-11.4750805,0.09096959978342056,1.0,0.9992682933807373
YBL092W,YDR012W,0,-11.615583,0.09095951169729233,1.0,0.9993902444839478
YPL134C,YLL045C,0,-11.752933,0.09094942361116409,1.0,0.9995121955871582
YLR449W,YLR327C,0,-12.0555,0.09093933552503586,1.0,0.9996341466903687
YGL076C,YGR118W,0,-12.071067,0.09092925488948822,1.0,0.9997560977935791
YOR348C,YOR063W,0,-12.080338,0.09091917425394058,1.0,0.9998780488967896
YOR348C,YPL273W,0,-12.178308,0.09090909361839294,1.0,1.0
