Gene A,Gene B,Label,Score,Precision,Recall,False Positive Rate
YHL033C,YLR264W,1,10.068539,1.0,0.0010000000474974513,0.0
YHL033C,YLL045C,1,9.751539,1.0,0.0020000000949949026,0.0
YML024W,YJR145C,1,9.7241955,1.0,0.003000000026077032,0.0
YKL180W,YGL103W,1,9.722292,1.0,0.004000000189989805,0.0
YNL069C,YJL190C,1,9.450399,1.0,0.004999999888241291,0.0
YDL191W,YLR448W,1,9.3663025,1.0,0.006000000052154064,0.0
YMR242C,YJL190C,1,9.182502,1.0,0.007000000216066837,0.0
YLR075W,YGR027C,1,9.144408,1.0,0.00800000037997961,0.0
YGR027C,YLR388W,1,8.759337,1.0,0.008999999612569809,0.0
YJL190C,YLR264W,1,8.730527,1.0,0.009999999776482582,0.0
YKL180W,YDL191W,1,8.641112,1.0,0.010999999940395355,0.0
YLL045C,YGL123W,1,8.365236,1.0,0.012000000104308128,0.0
YPR102C,YDR447C,1,8.356567,1.0,0.013000000268220901,0.0
YMR242C,YDL075W,1,8.094759,1.0,0.014000000432133675,0.0
YGR085C,YNL162W,1,8.081049,1.0,0.014999999664723873,0.0
YMR194W,YDL083C,1,8.0804,1.0,0.01600000075995922,0.0
YLL045C,YBR048W,1,8.060219,1.0,0.017000000923871994,0.0
YMR242C,YOR234C,1,7.986328,1.0,0.017999999225139618,0.0
YGL103W,YOR293W,1,7.961649,1.0,0.01899999938905239,0.0
YLR448W,YBR048W,1,7.8793387,1.0,0.019999999552965164,0.0
YHR010W,YDR447C,1,7.8575716,1.0,0.020999999716877937,0.0
YOR293W,YPR132W,1,7.72406,1.0,0.02199999988079071,0.0
YKL180W,YPL143W,1,7.613695,1.0,0.023000000044703484,0.0
YDR471W,YNL096C,1,7.6063175,1.0,0.024000000208616257,0.0
YHL033C,YGL123W,1,7.6048555,1.0,0.02500000037252903,0.0
YGR148C,YOR167C,1,7.525279,1.0,0.026000000536441803,0.0
YGL135W,YLR388W,1,7.3911624,1.0,0.027000000700354576,0.0
YMR194W,YKR094C,1,7.3853393,1.0,0.02800000086426735,0.0
YMR116C,YGR027C,1,7.351239,1.0,0.028999999165534973,0.0
YMR024W,YPL173W,1,7.304609,1.0,0.029999999329447746,0.0
YBL027W,YPR132W,1,7.3010354,1.0,0.03099999949336052,0.0
YPR043W,YLR167W,1,7.128622,1.0,0.03200000151991844,0.0
YOL127W,YGR214W,1,7.093917,1.0,0.032999999821186066,0.0
YGL147C,YDR450W,1,7.0867777,1.0,0.03400000184774399,0.0
YML024W,YGR027C,1,7.0539813,1.0,0.03500000014901161,0.0
YDR500C,YDL130W,1,7.041726,1.0,0.035999998450279236,0.0
YOL120C,YLR061W,1,7.031437,1.0,0.03700000047683716,0.0
YLR061W,YGR214W,1,6.9501414,1.0,0.03799999877810478,0.0
YGR214W,YBR189W,1,6.907188,1.0,0.039000000804662704,0.0
YNL069C,YGL030W,1,6.8326902,1.0,0.03999999910593033,0.0
YIL148W,YPL081W,1,6.827982,1.0,0.04100000113248825,0.0
YDR418W,YGR148C,1,6.808634,1.0,0.041999999433755875,0.0
YJL136C,YLR167W,1,6.7696776,1.0,0.0430000014603138,0.0
YER117W,YDR500C,1,6.7405276,1.0,0.04399999976158142,0.0
YPL079W,YER117W,1,6.723382,1.0,0.04500000178813934,0.0
YDL075W,YOR293W,1,6.6938267,1.0,0.04600000008940697,0.0
YNL162W,YGL147C,1,6.6913233,1.0,0.04699999839067459,0.0
YJR094W-A,YLR264W,1,6.652071,1.0,0.04800000041723251,0.0
YGR085C,YPR132W,1,6.6387343,1.0,0.04899999871850014,0.0
YBL027W,YDR012W,1,6.574441,1.0,0.05000000074505806,0.0
YPR102C,YHR010W,1,6.558385,1.0,0.050999999046325684,0.0
YKL003C,YGR214W,1,6.5422306,1.0,0.052000001072883606,0.0
YLR029C,YNL081C,1,6.5368114,1.0,0.05299999937415123,0.0
YNL162W,YNL096C,1,6.531159,1.0,0.05400000140070915,0.0
YML024W,YGL189C,1,6.529566,1.0,0.054999999701976776,0.0
YLR061W,YGR034W,1,6.492664,1.0,0.0560000017285347,0.0
YML009C,YBR048W,1,6.4565563,1.0,0.05700000002980232,0.0
YLR344W,YLR167W,1,6.440258,1.0,0.057999998331069946,0.0
YGR034W,YBL092W,1,6.392932,1.0,0.05900000035762787,0.0
YGR214W,YBR048W,1,6.3717647,1.0,0.05999999865889549,0.0
YHR010W,YDR500C,1,6.3307734,1.0,0.061000000685453415,0.0
YOL120C,YGL030W,1,6.3174467,1.0,0.06199999898672104,0.0
YOR293W,YDR064W,1,6.3105574,1.0,0.06300000101327896,0.0
YMR193W,YPR132W,1,6.272851,1.0,0.06400000303983688,0.0
YMR024W,YOR293W,1,6.251165,1.0,0.06499999761581421,0.0
YNL185C,YGR214W,1,6.2274904,1.0,0.06599999964237213,0.0
YGR220C,YKR094C,1,6.181514,1.0,0.06700000166893005,0.0
YDL083C,YLR167W,1,6.1460695,1.0,0.06800000369548798,0.0
YNL069C,YHL015W,1,6.0862837,1.0,0.0689999982714653,0.0
YLR325C,YHR203C,1,6.064763,1.0,0.07000000029802322,0.0
YKR085C,YOR158W,1,6.06145,1.0,0.07100000232458115,0.0
YGR220C,YHR010W,1,6.056572,1.0,0.07199999690055847,0.0
YLL045C,YGL189C,1,6.0212793,1.0,0.0729999989271164,0.0
YOR063W,YDR450W,1,6.0171347,1.0,0.07400000095367432,0.0
YGL068W,YMR158W,1,6.0058193,1.0,0.07500000298023224,0.0
YNL162W,YIL069C,1,5.9632206,1.0,0.07599999755620956,0.0
YGL068W,YBR048W,1,5.94269,1.0,0.07699999958276749,0.0
YGL123W,YHR203C,1,5.938867,1.0,0.07800000160932541,0.0
YDR337W,YLR061W,1,5.863997,1.0,0.07900000363588333,0.0
YMR116C,YLR388W,1,5.857435,1.0,0.07999999821186066,0.0
YFR031C-A,YDL191W,1,5.847888,1.0,0.08100000023841858,0.0
YLR344W,YNL067W,1,5.826333,1.0,0.0820000022649765,0.0
YER074W,YOR182C,1,5.818712,1.0,0.08299999684095383,0.0
YPL143W,YMR143W,1,5.784546,1.0,0.08399999886751175,0.0
YBL072C,YBR189W,1,5.764967,1.0,0.08500000089406967,0.0
YLR344W,YLR325C,1,5.7082148,1.0,0.0860000029206276,0.0
YHL033C,YPL081W,1,5.7032194,1.0,0.08699999749660492,0.0
YBL090W,YBR048W,1,5.672605,1.0,0.08799999952316284,0.0
YPL143W,YPL198W,1,5.6577063,1.0,0.08900000154972076,0.0
YBL090W,YMR230W,1,5.6547594,1.0,0.09000000357627869,0.0
YIL133C,YPL079W,1,5.638481,1.0,0.09099999815225601,0.0
YGL135W,YPL090C,1,5.6287603,1.0,0.09200000017881393,0.0
YBR191W,YDL075W,1,5.625059,1.0,0.09300000220537186,0.0
YDR116C,YPL079W,1,5.570626,1.0,0.09399999678134918,0.0
YLR448W,YOR369C,1,5.5700836,1.0,0.0949999988079071,0.0
YOR293W,YGR027C,1,5.5491314,1.0,0.09600000083446503,0.0
YHL015W,YGR027C,1,5.5484385,1.0,0.09700000286102295,0.0
YMR193W,YIL133C,1,5.5436945,1.0,0.09799999743700027,0.0
YNL069C,YKL156W,1,5.533109,1.0,0.0989999994635582,0.0
YLR325C,YBR048W,1,5.531007,1.0,0.10000000149011612,0.0
YDR471W,YDL130W,1,5.527648,1.0,0.10100000351667404,0.0
YBL090W,YNL162W,1,5.507635,1.0,0.10199999809265137,0.0
YDR418W,YIL148W,1,5.5066605,1.0,0.10300000011920929,0.0
YBL090W,YOR293W,1,5.4931064,1.0,0.10400000214576721,0.0
YHL033C,YDR064W,1,5.48459,1.0,0.10499999672174454,0.0
YGR220C,YBL027W,1,5.4629707,1.0,0.10599999874830246,0.0
YGL135W,YDR450W,1,5.462455,1.0,0.10700000077486038,0.0
YLR075W,YER056C-A,1,5.4532933,1.0,0.1080000028014183,0.0
YGL123W,YHL015W,1,5.4193563,1.0,0.10899999737739563,0.0
YLR075W,YLR061W,1,5.4185667,1.0,0.10999999940395355,0.0
YGR085C,YJL136C,1,5.41286,1.0,0.11100000143051147,0.0
YMR024W,YNR036C,1,5.3971863,1.0,0.1120000034570694,0.0
YHL015W,YJL136C,1,5.3860226,1.0,0.11299999803304672,0.0
YNL185C,YOR369C,1,5.3211193,1.0,0.11400000005960464,0.0
YOL127W,YPL090C,1,5.319148,1.0,0.11500000208616257,0.0
YGL030W,YDL136W,1,5.289834,1.0,0.11599999666213989,0.0
YDR418W,YIL052C,1,5.2876987,1.0,0.11699999868869781,0.0
YPL013C,YHR021C,1,5.284269,1.0,0.11800000071525574,0.0
YNL185C,YDL075W,1,5.2831473,1.0,0.11900000274181366,0.0
YPL173W,YBR031W,1,5.2737365,1.0,0.11999999731779099,0.0
YCR046C,YGL189C,1,5.2057333,1.0,0.12099999934434891,0.0
YDR116C,YFR031C-A,1,5.18441,1.0,0.12200000137090683,0.0
YPR102C,YMR230W,1,5.1834335,1.0,0.12300000339746475,0.0
YDR116C,YLR029C,1,5.1822124,1.0,0.12399999797344208,0.0
YNL137C,YJL190C,1,5.177363,1.0,0.125,0.0
YOR158W,YIL052C,1,5.167476,1.0,0.12600000202655792,0.0
YLR325C,YPL081W,1,5.161394,1.0,0.12700000405311584,0.0
YIL052C,YBR031W,1,5.1522875,1.0,0.12800000607967377,0.0
YDR337W,YMR194W,1,5.139798,1.0,0.1289999932050705,0.0
YML009C,YOR293W,1,5.1294866,1.0,0.12999999523162842,0.0
YNL301C,YDL184C,1,5.112566,1.0,0.13099999725818634,0.0
YLR325C,YDR012W,1,5.0963736,1.0,0.13199999928474426,0.0
YEL054C,YIL093C,1,5.0600424,1.0,0.13300000131130219,0.0
YLR406C,YLL045C,1,5.0549955,1.0,0.1340000033378601,0.0
YGL135W,YHL015W,1,5.02903,1.0,0.13500000536441803,0.0
YMR193W,YDR500C,1,5.0224476,1.0,0.13600000739097595,0.0
YMR188C,YIL052C,1,5.010621,1.0,0.13699999451637268,0.0
YMR121C,YDR447C,1,5.006981,1.0,0.1379999965429306,0.0
YOR150W,YKL180W,1,4.995554,1.0,0.13899999856948853,0.0
YDL075W,YLR325C,1,4.984293,1.0,0.14000000059604645,0.0
YMR193W,YOR063W,1,4.982752,1.0,0.14100000262260437,0.0
YOL120C,YIL093C,1,4.9707084,1.0,0.1420000046491623,0.0
YFR031C-A,YIL093C,1,4.9468126,1.0,0.14300000667572021,0.0
YMR188C,YBL072C,1,4.9456296,1.0,0.14399999380111694,0.0
YMR024W,YDR064W,1,4.94434,1.0,0.14499999582767487,0.0
YGL030W,YMR230W,1,4.933746,1.0,0.1459999978542328,0.0
YKL003C,YJL190C,1,4.9248734,1.0,0.1469999998807907,0.0
YLR439W,YGR148C,1,4.8998623,1.0,0.14800000190734863,0.0
YLR029C,YPL079W,1,4.8783236,1.0,0.14900000393390656,0.0
YMR116C,YBR282W,1,4.841526,1.0,0.15000000596046448,0.0
YMR024W,YER007C-A,1,4.838884,1.0,0.1509999930858612,0.0
YDL191W,YBR048W,1,4.7965007,1.0,0.15199999511241913,0.0
YGR220C,YLR344W,1,4.762199,1.0,0.15299999713897705,0.0
YDR385W,YJL138C,1,4.7336493,1.0,0.15399999916553497,0.0
YJL096W,YBR031W,1,4.7028313,1.0,0.1550000011920929,0.0
YCR046C,YNL301C,1,4.7022076,1.0,0.15600000321865082,0.0
YKL138C,YOR293W,1,4.68699,1.0,0.15700000524520874,0.0
YMR230W,YDL061C,1,4.684011,1.0,0.15800000727176666,0.0
YOR063W,YNL081C,1,4.677985,1.0,0.1589999943971634,0.0
YCR046C,YKR094C,1,4.67145,1.0,0.1599999964237213,0.0
YDL136W,YDL130W,1,4.6626453,1.0,0.16099999845027924,0.0
YMR121C,YJR145C,1,4.6612377,1.0,0.16200000047683716,0.0
YGL147C,YOR182C,1,4.648516,1.0,0.16300000250339508,0.0
YPR102C,YLR061W,1,4.6396074,1.0,0.164000004529953,0.0
YDR322W,YJL190C,1,4.629698,1.0,0.16500000655651093,0.0
YJL096W,YPR132W,1,4.605335,1.0,0.16599999368190765,0.0
YDL191W,YMR230W,1,4.56846,1.0,0.16699999570846558,0.0
YMR116C,YHR010W,1,4.5636187,1.0,0.1679999977350235,0.0
YOL040C,YNL081C,1,4.5373135,1.0,0.16899999976158142,0.0
YNL252C,YMR158W,1,4.535899,1.0,0.17000000178813934,0.0
YNL137C,YNL301C,1,4.482465,1.0,0.17100000381469727,0.0
YLR448W,YOR167C,1,4.452962,1.0,0.1720000058412552,0.0
YDR337W,YER056C-A,1,4.443122,1.0,0.17299999296665192,0.0
YKL003C,YOR234C,1,4.4420395,1.0,0.17399999499320984,0.0
YMR230W,YGL123W,1,4.4327774,1.0,0.17499999701976776,0.0
YPL013C,YMR194W,1,4.3909755,1.0,0.17599999904632568,0.0
YLR340W,YJL138C,1,4.385812,1.0,0.1770000010728836,0.0
YKR094C,YDL061C,1,4.37123,1.0,0.17800000309944153,0.0
YHL033C,YMR230W,1,4.355197,1.0,0.17900000512599945,0.0
YCR046C,YER131W,1,4.3539305,1.0,0.18000000715255737,0.0
YDL061C,YPL081W,1,4.3468184,1.0,0.1809999942779541,0.0
YLR344W,YBR031W,1,4.338299,1.0,0.18199999630451202,0.0
YDR418W,YPL131W,1,4.336602,1.0,0.18299999833106995,0.0
YLL045C,YKL081W,1,4.316489,1.0,0.18400000035762787,0.0
YPR100W,YGL103W,1,4.3134403,1.0,0.1850000023841858,0.0
YLR029C,YOR167C,1,4.3002825,1.0,0.1860000044107437,0.0
YBR031W,YMR230W,1,4.299082,1.0,0.18700000643730164,0.0
YNL177C,YOR167C,1,4.284537,1.0,0.18799999356269836,0.0
YGR220C,YNL137C,1,4.2721143,1.0,0.1889999955892563,0.0
YLR388W,YNR036C,1,4.2715263,1.0,0.1899999976158142,0.0
YKL170W,YDL191W,1,4.2713804,1.0,0.19099999964237213,0.0
YMR116C,YKL003C,1,4.1846695,1.0,0.19200000166893005,0.0
YBR146W,YER131W,1,4.183572,1.0,0.19300000369548798,0.0
YOR063W,YJL138C,1,4.1783,1.0,0.1940000057220459,0.0
YDL083C,YNR036C,1,4.1773453,1.0,0.19499999284744263,0.0
YDR385W,YOR063W,1,4.17505,1.0,0.19599999487400055,0.0
YFR031C-A,YNL096C,1,4.165891,1.0,0.19699999690055847,0.0
YOR158W,YER131W,1,4.1537247,1.0,0.1979999989271164,0.0
YOR182C,YGR285C,1,4.1317005,1.0,0.19900000095367432,0.0
YJL136C,YDR041W,1,4.1288075,1.0,0.20000000298023224,0.0
YBL038W,YML024W,1,4.127549,1.0,0.20100000500679016,0.0
YCR003W,YGR085C,1,4.1115675,1.0,0.20200000703334808,0.0
YGL068W,YIL052C,1,4.080498,1.0,0.2029999941587448,0.0
YPL013C,YGL147C,1,4.0776463,1.0,0.20399999618530273,0.0
YOR234C,YPL198W,1,4.06434,1.0,0.20499999821186066,0.0
YBR122C,YGR148C,1,4.0200615,1.0,0.20600000023841858,0.0
YPR100W,YPL131W,1,4.010479,1.0,0.2070000022649765,0.0
YDR385W,YGR285C,1,4.004855,1.0,0.20800000429153442,0.0
YBR122C,YOL040C,1,3.9738593,1.0,0.20900000631809235,0.0
YKR006C,YJR145C,1,3.960309,1.0,0.20999999344348907,0.0
YNL185C,YHL033C,1,3.9437323,1.0,0.210999995470047,0.0
YHL004W,YLR325C,1,3.9271545,1.0,0.21199999749660492,0.0
YPR132W,YNR036C,1,3.9251966,1.0,0.21299999952316284,0.0
YBR146W,YGR027C,1,3.8621244,1.0,0.21400000154972076,0.0
YNL137C,YOR369C,1,3.8439345,1.0,0.2150000035762787,0.0
YJL136C,YNL081C,1,3.8295588,1.0,0.2160000056028366,0.0
YOL127W,YFR032C-A,1,3.8243918,1.0,0.21699999272823334,0.0
YKL170W,YPR043W,1,3.8242717,1.0,0.21799999475479126,0.0
YKR085C,YMR188C,1,3.8004832,1.0,0.21899999678134918,0.0
YKL180W,YMR143W,1,3.7827916,1.0,0.2199999988079071,0.0
YDL184C,YPL090C,1,3.772965,1.0,0.22100000083446503,0.0
YOL120C,YOR234C,1,3.7543378,1.0,0.22200000286102295,0.0
YKR085C,YBR146W,1,3.717937,1.0,0.22300000488758087,0.0
YBL092W,YER074W,1,3.6814141,1.0,0.2240000069141388,0.0
YGL068W,YNL069C,1,3.681086,1.0,0.22499999403953552,0.0
YDR471W,YKL081W,1,3.6711307,1.0,0.22599999606609344,0.0
YKL156W,YLR388W,1,3.6452708,1.0,0.22699999809265137,0.0
YEL054C,YGR285C,1,3.6330552,1.0,0.2280000001192093,0.0
YGR076C,YGR085C,1,3.6236606,1.0,0.2290000021457672,0.0
YJL096W,YPR043W,1,3.6015568,1.0,0.23000000417232513,0.0
YLR439W,YBR031W,1,3.5982666,1.0,0.23100000619888306,0.0
YDL184C,YBR031W,1,3.596002,1.0,0.23199999332427979,0.0
YBR146W,YKR094C,1,3.5775719,1.0,0.2329999953508377,0.0
YDR337W,YPL090C,1,3.5700283,1.0,0.23399999737739563,0.0
YNL005C,YGR148C,1,3.5622778,1.0,0.23499999940395355,0.0
YDL184C,YNL067W,1,3.5417857,1.0,0.23600000143051147,0.0
YOR150W,YHR010W,1,3.5345335,1.0,0.2370000034570694,0.0
YBR146W,YJR094W-A,1,3.493044,1.0,0.23800000548362732,0.0
YPL037C,YNL162W,1,3.4664054,1.0,0.23899999260902405,0.0
YMR286W,YDL083C,1,3.4198394,1.0,0.23999999463558197,0.0
YHL004W,YER007C-A,1,3.4075208,1.0,0.2409999966621399,0.0
YLR344W,YMR194W,1,3.4028697,1.0,0.24199999868869781,0.0
YGR076C,YLR448W,1,3.4020238,1.0,0.24300000071525574,0.0
YGL147C,YKL156W,1,3.391142,1.0,0.24400000274181366,0.0
YKR006C,YPL143W,1,3.3810577,1.0,0.24500000476837158,0.0
YCR003W,YLR344W,1,3.3617887,1.0,0.2460000067949295,0.0
YGL125W,YGL147C,1,3.350861,1.0,0.24699999392032623,0.0
YLR325C,YHL015W,1,3.33959,1.0,0.24799999594688416,0.0
YOR158W,YOR167C,1,3.3318057,1.0,0.24899999797344208,0.0
YBR282W,YGL147C,1,3.3098092,1.0,0.25,0.0
YDR418W,YBR048W,1,3.295907,1.0,0.25099998712539673,0.0
YMR286W,YOL040C,1,3.2844367,1.0,0.25200000405311584,0.0
YOL139C,YMR024W,1,3.2829547,1.0,0.2529999911785126,0.0
YKL170W,YDR471W,1,3.2819781,1.0,0.2540000081062317,0.0
YOR150W,YBR048W,1,3.23949,1.0,0.2549999952316284,0.0
YOR369C,YLR287C-A,1,3.2231479,1.0,0.25600001215934753,0.0
YHL015W,YNL081C,1,3.218793,1.0,0.25699999928474426,0.0
YLR439W,YJL138C,1,3.21694,1.0,0.257999986410141,0.0
YOR182C,YKL081W,1,3.2122827,1.0,0.2590000033378601,0.0
YPL013C,YOR182C,1,3.2117672,1.0,0.25999999046325684,0.0
YBR268W,YDR471W,1,3.210051,1.0,0.26100000739097595,0.0
YHR121W,YBR191W,1,3.1933956,1.0,0.2619999945163727,0.0
YMR188C,YOL127W,1,3.1876378,1.0,0.2630000114440918,0.0
YMR286W,YOR369C,1,3.1830544,1.0,0.2639999985694885,0.0
YKL170W,YDR012W,1,3.1623435,1.0,0.26499998569488525,0.0
YDR500C,YHL015W,1,3.1547685,1.0,0.26600000262260437,0.0
YBL090W,YDR494W,1,3.1407213,1.0,0.2669999897480011,0.0
YDR322W,YDR494W,1,3.1216607,1.0,0.2680000066757202,0.0
YDL202W,YOL120C,1,3.1195793,1.0,0.26899999380111694,0.0
YLR340W,YMR143W,1,3.1182704,1.0,0.27000001072883606,0.0
YEL054C,YJL138C,1,3.114499,1.0,0.2709999978542328,0.0
YKR085C,YJR145C,1,3.100439,1.0,0.2720000147819519,0.0
YOR150W,YGL103W,1,3.0843043,1.0,0.27300000190734863,0.0
YDR385W,YBL072C,1,3.0812907,1.0,0.27399998903274536,0.0
YNL185C,YIL148W,1,3.0788841,1.0,0.2750000059604645,0.0
YGR148C,YGR285C,1,3.0780334,1.0,0.2759999930858612,0.0
YBR146W,YPR132W,1,3.0390058,1.0,0.2770000100135803,0.0
YDR347W,YBR048W,1,3.0153656,1.0,0.27799999713897705,0.0
YGL103W,YJR113C,1,3.0133882,1.0,0.27900001406669617,0.0
YMR188C,YLR406C,1,3.0129547,1.0,0.2800000011920929,0.0
YNL177C,YOR182C,1,2.9976177,1.0,0.2809999883174896,0.0
YKR006C,YIL148W,1,2.9973655,1.0,0.28200000524520874,0.0
YDR025W,YKR059W,1,2.9716024,1.0,0.28299999237060547,0.0
YNL067W,YLR287C-A,1,2.9691267,1.0,0.2840000092983246,0.0
YDR385W,YKL180W,1,2.938181,1.0,0.2849999964237213,0.0
YMR188C,YDL014W,1,2.933692,1.0,0.28600001335144043,0.0
YKR006C,YLR264W,1,2.9248943,1.0,0.28700000047683716,0.0
YMR194W,YNR036C,1,2.8819518,1.0,0.2879999876022339,0.0
YML009C,YHR203C,1,2.8779979,1.0,0.289000004529953,0.0
YDL075W,YDR494W,1,2.8406043,1.0,0.28999999165534973,0.0
YGR076C,YGL147C,1,2.837957,1.0,0.29100000858306885,0.0
YBL092W,YDR494W,1,2.8343601,1.0,0.2919999957084656,0.0
YER056C-A,YDR041W,1,2.8341055,1.0,0.2930000126361847,0.0
YOR150W,YMR230W,1,2.823763,1.0,0.2939999997615814,0.0
YDR405W,YMR024W,1,2.7794356,1.0,0.29499998688697815,0.0
YDR322W,YLR287C-A,1,2.7713923,1.0,0.29600000381469727,0.0
YBL038W,YMR260C,1,2.752418,1.0,0.296999990940094,0.0
YPL037C,YJL190C,1,2.7429214,1.0,0.2980000078678131,0.0
YAL003W,YGR034W,1,2.7147655,1.0,0.29899999499320984,0.0
YHR121W,YGR085C,1,2.7041311,1.0,0.30000001192092896,0.0
YIL148W,YJR113C,1,2.6955929,1.0,0.3009999990463257,0.0
YDR337W,YLR264W,1,2.6884217,1.0,0.3019999861717224,0.0
YBR282W,YDL061C,1,2.6823225,1.0,0.30300000309944153,0.0
YAL003W,YLR075W,1,2.6604266,1.0,0.30399999022483826,0.0
YNL137C,YNL096C,1,2.6560955,1.0,0.3050000071525574,0.0
YML024W,YDL110C,1,2.6480312,1.0,0.3059999942779541,0.0
YDR405W,YDL075W,1,2.6435032,1.0,0.3070000112056732,0.0
YDR405W,YIL148W,1,2.5922298,1.0,0.30799999833106995,0.0
YPL173W,YLR340W,1,2.558692,1.0,0.3089999854564667,0.0
YBL072C,YLL023C,1,2.5570526,1.0,0.3100000023841858,0.0
YDR116C,YLR061W,1,2.5455089,1.0,0.3109999895095825,0.0
YNL252C,YGL147C,1,2.521573,1.0,0.31200000643730164,0.0
YJR047C,YOR369C,1,2.5015583,1.0,0.31299999356269836,0.0
YBL027W,YDL133C-A,1,2.4960165,1.0,0.3140000104904175,0.0
YGL030W,YKR096W,1,2.4677982,1.0,0.3149999976158142,0.0
YDR471W,YPL237W,1,2.4200864,1.0,0.3160000145435333,0.0
YGL068W,YNR036C,1,2.4000936,1.0,0.31700000166893005,0.0
YKR085C,YKR094C,1,2.3886018,1.0,0.3179999887943268,0.0
YGL125W,YIL148W,1,2.3776655,1.0,0.3190000057220459,0.0
YOR158W,YDR041W,1,2.3757987,1.0,0.3199999928474426,0.0
YNL014W,YHR010W,1,2.3755383,1.0,0.32100000977516174,0.0
YOL121C,YOR182C,1,2.3638253,1.0,0.32199999690055847,0.0
YLR167W,YKR096W,1,2.345374,1.0,0.3230000138282776,0.0
YGR076C,YPR132W,1,2.3321848,1.0,0.3240000009536743,0.0
YNL067W,YBR189W,1,2.300624,1.0,0.32499998807907104,0.0
YPR100W,YPL079W,1,2.29222,1.0,0.32600000500679016,0.0
YDL045W-A,YMR193W,1,2.2830844,1.0,0.3269999921321869,0.0
YKL003C,YDR447C,1,2.2773767,1.0,0.328000009059906,0.0
YDL184C,YBR189W,1,2.2689805,1.0,0.32899999618530273,0.0
YOR167C,YIL093C,1,2.2674565,1.0,0.33000001311302185,0.0
YDL014W,YLR388W,1,2.2459116,1.0,0.3310000002384186,0.0
YNL005C,YGL103W,1,2.2374692,1.0,0.3319999873638153,0.0
YMR121C,YDL133C-A,1,2.2290096,1.0,0.3330000042915344,0.0
YLR029C,YPL198W,1,2.2224784,1.0,0.33399999141693115,0.0
YDL202W,YDR471W,1,2.1990533,1.0,0.33500000834465027,0.0
YMR225C,YMR188C,1,2.1948786,1.0,0.335999995470047,0.0
YNL005C,YIL148W,1,2.1860895,1.0,0.3370000123977661,0.0
YOR369C,YJR014W,1,2.1825023,1.0,0.33799999952316284,0.0
YBR189W,YPL183W-A,1,2.1712189,1.0,0.33899998664855957,0.0
YDR322W,YML063W,1,2.162898,1.0,0.3400000035762787,0.0
YDL045W-A,YBR191W,1,2.1601734,1.0,0.3409999907016754,0.0
YDR471W,YFR032C-A,1,2.1474843,1.0,0.34200000762939453,0.0
YPR102C,YDR077W,1,2.1357803,1.0,0.34299999475479126,0.0
YLR388W,YPL183W-A,1,2.1275873,1.0,0.3440000116825104,0.0
YPR043W,YKR059W,1,2.1255908,1.0,0.3449999988079071,0.0
YCR003W,YGL030W,1,2.1067033,1.0,0.34599998593330383,0.0
YLR312W-A,YOR063W,1,2.1047616,1.0,0.34700000286102295,0.0
YGL135W,YIL093C,1,2.0951462,1.0,0.3479999899864197,0.0
YNL137C,YLR388W,1,2.0932689,1.0,0.3490000069141388,0.0
YGR220C,YGL129C,1,2.0873532,1.0,0.3499999940395355,0.0
YFR031C-A,YPR080W,1,2.0836878,1.0,0.35100001096725464,0.0
YBL038W,YJL096W,1,2.0557585,1.0,0.35199999809265137,0.0
YDL014W,YGR034W,1,2.0533123,1.0,0.3529999852180481,0.0
YOR133W,YGR214W,1,2.047628,1.0,0.3540000021457672,0.0
YLR325C,YDR077W,1,2.0186033,1.0,0.35499998927116394,0.0
YDL014W,YPL143W,1,2.0121918,1.0,0.35600000619888306,0.0
YKL003C,YKL142W,1,2.0102968,1.0,0.3569999933242798,0.0
YLR287C-A,YJL138C,1,1.966046,1.0,0.3580000102519989,0.0
YNL177C,YBR282W,1,1.9317495,1.0,0.35899999737739563,0.0
YDR471W,YPR080W,1,1.9312297,1.0,0.36000001430511475,0.0
YBR122C,YHR203C,1,1.9277974,1.0,0.3610000014305115,0.0
YPL081W,YKR059W,1,1.9215574,1.0,0.3619999885559082,0.0
YAL003W,YPR043W,1,1.921334,1.0,0.3630000054836273,0.0
YDL202W,YKL180W,1,1.9082996,1.0,0.36399999260902405,0.0
YOR133W,YPL079W,1,1.8910693,1.0,0.36500000953674316,0.0
YJR113C,YNR036C,1,1.8877549,1.0,0.3659999966621399,0.0
YPL173W,YOR182C,1,1.8700504,1.0,0.367000013589859,0.0
YGL125W,YLR344W,1,1.8661349,1.0,0.36800000071525574,0.0
YOR150W,YOR167C,1,1.8523688,1.0,0.36899998784065247,0.0
YDL075W,YMR260C,1,1.8402518,1.0,0.3700000047683716,0.0
YJL096W,YJR007W,1,1.8243107,1.0,0.3709999918937683,0.0
YOR133W,YJR145C,1,1.8083915,1.0,0.3720000088214874,0.0
YDR471W,YJR007W,1,1.8078057,1.0,0.37299999594688416,0.0
YDR347W,YJL190C,1,1.8060032,1.0,0.37400001287460327,0.0
YBR146W,YIL093C,1,1.7882732,1.0,0.375,0.0
YKL142W,YGR027C,1,1.7789233,1.0,0.37599998712539673,0.0
YDR116C,YLR340W,1,1.77503,1.0,0.37700000405311584,0.0
YNL137C,YLR344W,1,1.7747644,1.0,0.3779999911785126,0.0
YKR006C,YBR031W,1,1.7697643,1.0,0.3790000081062317,0.0
YDL202W,YOR369C,1,1.7609713,1.0,0.3799999952316284,0.0
YIL148W,YMR114C,1,1.7526487,1.0,0.38100001215934753,0.0
YBR048W,YPL237W,1,1.7349441,1.0,0.38199999928474426,0.0
YAL003W,YDR322W,1,1.6776028,1.0,0.382999986410141,0.0
YNL252C,YMR188C,1,1.670422,1.0,0.3840000033378601,0.0
YNL252C,YBR189W,1,1.6688432,1.0,0.38499999046325684,0.0
YPL131W,YNL311C,1,1.668412,1.0,0.38600000739097595,0.0
YLR406C,YHL015W,1,1.6637441,1.0,0.3869999945163727,0.0
YDR347W,YGR148C,1,1.6534923,1.0,0.3880000114440918,0.0
YDL014W,YLR340W,1,1.6338032,1.0,0.3889999985694885,0.0
YPL132W,YLL045C,1,1.6252993,1.0,0.38999998569488525,0.0
YDL045W-A,YOL040C,1,1.599983,1.0,0.39100000262260437,0.0
YPR132W,YER007C-A,1,1.5932239,1.0,0.3919999897480011,0.0
YLR029C,YJL138C,1,1.5917952,1.0,0.3930000066757202,0.0
YER131W,YPL183W-A,1,1.587422,1.0,0.39399999380111694,0.0
YPL132W,YHR010W,1,1.5577527,1.0,0.39500001072883606,0.0
YPL198W,YKR059W,1,1.5458051,1.0,0.3959999978542328,0.0
YDR385W,YPR102C,1,1.5430954,1.0,0.3970000147819519,0.0
YDR405W,YDR500C,1,1.5295098,1.0,0.39800000190734863,0.0
YNL137C,YJL138C,1,1.5214758,1.0,0.39899998903274536,0.0
YEL034W,YJL136C,1,1.5037122,1.0,0.4000000059604645,0.0
YDL014W,YML024W,1,1.4956394,1.0,0.4009999930858612,0.0
YNL227C,YEL054C,1,1.4764726,1.0,0.4020000100135803,0.0
YIL093C,YJR113C,1,1.4655918,1.0,0.40299999713897705,0.0
YJL136C,YJR007W,1,1.4642438,1.0,0.40400001406669617,0.0
YBL027W,YPL183W-A,1,1.4594966,1.0,0.4050000011920929,0.0
YDL045W-A,YKL180W,1,1.4284189,1.0,0.4059999883174896,0.0
YBR146W,YLR327C,1,1.4002706,1.0,0.40700000524520874,0.0
YDL202W,YLR061W,1,1.3988299,1.0,0.40799999237060547,0.0
YOR133W,YMR158W,1,1.3965482,1.0,0.4090000092983246,0.0
YHR121W,YPL143W,1,1.3952364,1.0,0.4099999964237213,0.0
YJR145C,YER007C-A,1,1.3860999,1.0,0.41100001335144043,0.0
YDR418W,YKL156W,1,1.3837123,1.0,0.41200000047683716,0.0
YGL125W,YNL301C,1,1.3762437,1.0,0.4129999876022339,0.0
YHR021C,YKL155C,1,1.367688,1.0,0.414000004529953,0.0
YKR006C,YDR012W,1,1.3554436,1.0,0.41499999165534973,0.0
YCR046C,YLR287C-A,1,1.3544062,1.0,0.41600000858306885,0.0
YBR146W,YLR264W,1,1.3283925,1.0,0.4169999957084656,0.0
YOL139C,YJR094W-A,1,1.3205059,1.0,0.4180000126361847,0.0
YKL142W,YGR285C,1,1.2996926,1.0,0.4189999997615814,0.0
YKL170W,YKL156W,1,1.2930213,1.0,0.41999998688697815,0.0
YDL133C-A,YDR447C,1,1.2918258,1.0,0.42100000381469727,0.0
YGL103W,YKR059W,1,1.2632647,1.0,0.421999990940094,0.0
YNL067W,YIR003W,1,1.2531244,1.0,0.4230000078678131,0.0
YER025W,YDL191W,1,1.2479242,1.0,0.42399999499320984,0.0
YDR116C,YJR113C,1,1.2468989,1.0,0.42500001192092896,0.0
YBR268W,YNL137C,1,1.2234542,1.0,0.4259999990463257,0.0
YKL170W,YMR225C,1,1.2208234,1.0,0.4269999861717224,0.0
YBR268W,YDR447C,1,1.2176089,1.0,0.42800000309944153,0.0
YNL185C,YBR079C,1,1.2169877,1.0,0.42899999022483826,0.0
YDR252W,YJL136C,1,1.208799,1.0,0.4300000071525574,0.0
YDR025W,YDR041W,1,1.2056959,1.0,0.4309999942779541,0.0
YJR145C,YHR080C,1,1.2055409,1.0,0.4320000112056732,0.0
YLR340W,YPL183W-A,1,1.1834981,1.0,0.43299999833106995,0.0
YPL079W,YKL155C,1,1.1817937,1.0,0.4339999854564667,0.0
YHR170W,YEL054C,1,1.1790586,1.0,0.4350000023841858,0.0
YBR048W,YLR327C,1,1.1773555,1.0,0.4359999895095825,0.0
YDL014W,YIL133C,1,1.1720287,1.0,0.43700000643730164,0.0
YDR405W,YBR189W,1,1.1696032,1.0,0.43799999356269836,0.0
YNL252C,YPL090C,1,1.1638817,1.0,0.4390000104904175,0.0
YOR158W,YJR007W,1,1.163495,1.0,0.4399999976158142,0.0
YCR003W,YOR167C,1,1.1467962,1.0,0.4410000145435333,0.0
YLR312W-A,YBR079C,1,1.141238,1.0,0.44200000166893005,0.0
YMR116C,YDL045W-A,1,1.1403457,1.0,0.4429999887943268,0.0
YDR405W,YGL189C,1,1.1375229,1.0,0.4440000057220459,0.0
YIL133C,YJR113C,1,1.1241198,1.0,0.4449999928474426,0.0
YOL121C,YLR167W,1,1.122391,1.0,0.44600000977516174,0.0
YJR047C,YMR194W,1,1.1187235,1.0,0.44699999690055847,0.0
YNL069C,YDR494W,1,1.1119558,1.0,0.4480000138282776,0.0
YPL013C,YDR450W,1,1.0948842,1.0,0.4490000009536743,0.0
YOL120C,YPL183W-A,1,1.088465,1.0,0.44999998807907104,0.0
YDR385W,YBR189W,1,1.0825981,1.0,0.45100000500679016,0.0
YMR143W,YJR014W,1,1.0745571,1.0,0.4519999921321869,0.0
YPL037C,YBR268W,1,1.0643777,1.0,0.453000009059906,0.0
YDR385W,YLR406C,1,1.0551841,1.0,0.45399999618530273,0.0
YHL015W,YKR096W,1,1.0470747,1.0,0.45500001311302185,0.0
YHL033C,YDL110C,1,1.0359514,1.0,0.4560000002384186,0.0
YJR094W-A,YKL056C,1,1.0237198,1.0,0.4569999873638153,0.0
YDR500C,YJR007W,1,1.0156004,1.0,0.4580000042915344,0.0
YHR013C,YGL103W,1,1.0151784,1.0,0.45899999141693115,0.0
YDR322W,YPL237W,1,1.0142817,1.0,0.46000000834465027,0.0
YOR369C,YLL023C,1,1.0077537,1.0,0.460999995470047,0.0
YKL156W,YKL056C,1,1.0023161,1.0,0.4620000123977661,0.0
YDR405W,YDR450W,1,0.9982791,1.0,0.46299999952316284,0.0
YDR347W,YNL185C,1,0.9869515,1.0,0.46399998664855957,0.0
YNL067W,YDR186C,1,0.9805001,1.0,0.4650000035762787,0.0
YBR191W,YDR239C,1,0.9737116,1.0,0.4659999907016754,0.0
YOR133W,YMR188C,1,0.97289026,1.0,0.46700000762939453,0.0
YBR282W,YLR287C-A,1,0.9586419,1.0,0.46799999475479126,0.0
YHL004W,YML009C,1,0.95006657,1.0,0.4690000116825104,0.0
YNL005C,YKL081W,1,0.9430616,1.0,0.4699999988079071,0.0
YLR340W,YLL023C,1,0.9397056,1.0,0.47099998593330383,0.0
YPL173W,YMR188C,1,0.9350585,1.0,0.47200000286102295,0.0
YJR047C,YDR447C,1,0.93154454,1.0,0.4729999899864197,0.0
YHR121W,YKR094C,1,0.9293963,1.0,0.4740000069141388,0.0
YOL111C,YBR189W,1,0.9262706,1.0,0.4749999940395355,0.0
YOL139C,YPL183W-A,1,0.90680265,1.0,0.47600001096725464,0.0
YLR264W,YML025C,1,0.89498234,1.0,0.47699999809265137,0.0
YFR031C-A,YDR186C,1,0.89386517,1.0,0.4779999852180481,0.0
YDR322W,YGR285C,1,0.8892641,1.0,0.4790000021457672,0.0
YNL252C,YKL056C,1,0.88354206,1.0,0.47999998927116394,0.0
YKL180W,YDR239C,1,0.8825004,1.0,0.48100000619888306,0.0
YLR448W,YOR252W,1,0.8538405,1.0,0.4819999933242798,0.0
YBR079C,YPL090C,1,0.84945846,1.0,0.4830000102519989,0.0
YMR225C,YLR264W,1,0.83292675,1.0,0.48399999737739563,0.0
YNL069C,YLL023C,1,0.82759726,1.0,0.48500001430511475,0.0
YAL003W,YMR121C,1,0.8215623,1.0,0.4860000014305115,0.0
YML009C,YDR494W,1,0.8180771,1.0,0.4869999885559082,0.0
YGL030W,YLR406C,1,0.8061194,1.0,0.4880000054836273,0.0
YNL005C,YMR260C,1,0.7959672,1.0,0.48899999260902405,0.0
YNL005C,YOR182C,1,0.7925695,1.0,0.49000000953674316,0.0
YOR340C,YBR139W,0,0.7850342,0.9979633688926697,0.49000000953674316,9.999999747378752e-05
YPL081W,YDR239C,1,0.7668936,0.9979674816131592,0.4909999966621399,9.999999747378752e-05
YKR085C,YKL081W,1,0.766883,0.9979715943336487,0.492000013589859,9.999999747378752e-05
YHR020W,YMR114C,1,0.75301206,0.9979757070541382,0.49300000071525574,9.999999747378752e-05
YOL121C,YKL056C,1,0.7141376,0.9979798197746277,0.49399998784065247,9.999999747378752e-05
YDR405W,YGL135W,1,0.70581126,0.9979838728904724,0.4950000047683716,9.999999747378752e-05
YOR150W,YLR075W,1,0.6692997,0.9979879260063171,0.4959999918937683,9.999999747378752e-05
YEL034W,YMR260C,1,0.6656251,0.9979919791221619,0.4970000088214874,9.999999747378752e-05
YFR009W,YPL143W,1,0.6628857,0.9979959726333618,0.49799999594688416,9.999999747378752e-05
YLR344W,YPR080W,1,0.65994406,0.9980000257492065,0.49900001287460327,9.999999747378752e-05
YDR322W,YDR447C,1,0.64604676,0.9980040192604065,0.5,9.999999747378752e-05
YIL133C,YMR269W,1,0.6073561,0.9980079531669617,0.5009999871253967,9.999999747378752e-05
YPL132W,YOL040C,1,0.60706174,0.9980119466781616,0.5019999742507935,9.999999747378752e-05
YMR260C,YJL138C,1,0.60499644,0.9980158805847168,0.503000020980835,9.999999747378752e-05
YNL252C,YIL093C,1,0.6016203,0.998019814491272,0.5040000081062317,9.999999747378752e-05
YBR267W,YPL090C,1,0.59926164,0.9980236887931824,0.5049999952316284,9.999999747378752e-05
YGL103W,YNL007C,1,0.58526623,0.9980276226997375,0.5059999823570251,9.999999747378752e-05
YGL147C,YJL123C,1,0.5852617,0.998031497001648,0.5070000290870667,9.999999747378752e-05
YLR029C,YJL123C,1,0.58311844,0.9980353713035583,0.5080000162124634,9.999999747378752e-05
YLR312W-A,YNL067W,1,0.57681835,0.998039186000824,0.5090000033378601,9.999999747378752e-05
YKL142W,YMR143W,1,0.55694413,0.9980430603027344,0.5099999904632568,9.999999747378752e-05
YDR025W,YKL065C,1,0.52939796,0.998046875,0.5109999775886536,9.999999747378752e-05
YLR439W,YER165W,1,0.51719576,0.9980506896972656,0.5120000243186951,9.999999747378752e-05
YEL026W,YJL059W,0,0.48637462,0.9961089491844177,0.5120000243186951,0.00019999999494757503
YDL136W,YLL023C,1,0.47153103,0.9961165189743042,0.5130000114440918,0.00019999999494757503
YGR214W,YMR086W,1,0.4676832,0.9961240291595459,0.5139999985694885,0.00019999999494757503
YOR369C,YKL222C,1,0.46281284,0.9961315393447876,0.5149999856948853,0.00019999999494757503
YMR116C,YEL034W,1,0.45994854,0.9961389899253845,0.515999972820282,0.00019999999494757503
YDR101C,YDR337W,1,0.4588021,0.9961464405059814,0.5170000195503235,0.00019999999494757503
YKL142W,YHR021C,1,0.43859053,0.9961538314819336,0.5180000066757202,0.00019999999494757503
YDR101C,YOR234C,1,0.42291582,0.9961612224578857,0.5189999938011169,0.00019999999494757503
YDL184C,YGL129C,1,0.41888523,0.9961685538291931,0.5199999809265137,0.00019999999494757503
YGL189C,YHR080C,1,0.40334046,0.9961758852005005,0.5210000276565552,0.00019999999494757503
YDL191W,YER007C-A,1,0.39912742,0.9961832165718079,0.5220000147819519,0.00019999999494757503
YDR500C,YNL311C,1,0.39377558,0.9961904883384705,0.5230000019073486,0.00019999999494757503
YEL034W,YPR132W,1,0.39233804,0.9961977005004883,0.5239999890327454,0.00019999999494757503
YHR013C,YHL004W,1,0.39149976,0.9962049126625061,0.5249999761581421,0.00019999999494757503
YPR043W,YDR239C,1,0.36945808,0.9962121248245239,0.5260000228881836,0.00019999999494757503
YJR047C,YPL079W,1,0.36791533,0.996219277381897,0.5270000100135803,0.00019999999494757503
YGL135W,YNL208W,1,0.36350715,0.99622642993927,0.527999997138977,0.00019999999494757503
YHR170W,YOR158W,1,0.36093712,0.9962335228919983,0.5289999842643738,0.00019999999494757503
YDR077W,YER007C-A,1,0.3257717,0.9962406158447266,0.5299999713897705,0.00019999999494757503
YOL139C,YMR114C,1,0.32556748,0.9962476491928101,0.531000018119812,0.00019999999494757503
YDL126C,YEL048C,0,0.31954598,0.9943820238113403,0.531000018119812,0.0003000000142492354
YMR158W,YDL136W,1,0.27901512,0.9943925142288208,0.5320000052452087,0.0003000000142492354
YEL034W,YOL111C,1,0.25440556,0.9944030046463013,0.5329999923706055,0.0003000000142492354
YAL003W,YHR121W,1,0.24979663,0.994413435459137,0.5339999794960022,0.0003000000142492354
YHR121W,YGL129C,1,0.24190247,0.9944238066673279,0.5350000262260437,0.0003000000142492354
YKL142W,YPR080W,1,0.21713316,0.994434118270874,0.5360000133514404,0.0003000000142492354
YLR061W,YNL311C,1,0.19551301,0.9944444298744202,0.5370000004768372,0.0003000000142492354
YOL120C,YJL213W,1,0.17276525,0.9944547414779663,0.5379999876022339,0.0003000000142492354
YGR034W,YJR113C,1,0.16721964,0.9944649338722229,0.5389999747276306,0.0003000000142492354
YEL034W,YHR010W,1,0.16149104,0.9944751262664795,0.5400000214576721,0.0003000000142492354
YNL069C,YMR226C,1,0.13800329,0.9944853186607361,0.5410000085830688,0.0003000000142492354
YBR146W,YPL183W-A,1,0.13590592,0.9944953918457031,0.5419999957084656,0.0003000000142492354
YDR511W,YKR031C,0,0.13255334,0.9926739931106567,0.5419999957084656,0.00039999998989515007
YHR013C,YOR063W,1,0.13123447,0.9926874041557312,0.5429999828338623,0.00039999998989515007
YLR406C,YDR012W,1,0.12568712,0.9927007555961609,0.5440000295639038,0.00039999998989515007
YDL191W,YNR024W,1,0.096149325,0.9927140474319458,0.5450000166893005,0.00039999998989515007
YLR312W-A,YLR327C,1,0.057554603,0.9927272796630859,0.5460000038146973,0.00039999998989515007
YNL227C,YDL061C,1,0.050971746,0.9927404522895813,0.546999990940094,0.00039999998989515007
YFR044C,YHR021C,1,0.049586177,0.9927536249160767,0.5479999780654907,0.00039999998989515007
YNL227C,YBR048W,1,0.041522205,0.9927667379379272,0.5490000247955322,0.00039999998989515007
YOL139C,YDR322W,1,0.029848814,0.9927797913551331,0.550000011920929,0.00039999998989515007
YKL142W,YPL237W,1,0.024002552,0.9927927851676941,0.5509999990463257,0.00039999998989515007
YEL054C,YDR115W,1,0.023830175,0.9928057789802551,0.5519999861717224,0.00039999998989515007
YOL139C,YML025C,1,0.015881777,0.9928186535835266,0.5529999732971191,0.00039999998989515007
YPL013C,YMR121C,1,0.005157113,0.9928315281867981,0.5540000200271606,0.00039999998989515007
YLR406C,YML063W,1,-0.004092574,0.9928443431854248,0.5550000071525574,0.00039999998989515007
YBR282W,YJR007W,1,-0.0050621033,0.9928571581840515,0.5559999942779541,0.00039999998989515007
YDR101C,YJL136C,1,-0.00707829,0.9928698539733887,0.5569999814033508,0.00039999998989515007
YLR061W,YMR226C,1,-0.044344902,0.9928825497627258,0.5580000281333923,0.00039999998989515007
YDL014W,YER007C-A,1,-0.05146128,0.9928951859474182,0.5590000152587891,0.00039999998989515007
YOR182C,YGL160W,1,-0.07011962,0.9929078221321106,0.5600000023841858,0.00039999998989515007
YBR031W,YIL137C,1,-0.07956791,0.9929203391075134,0.5609999895095825,0.00039999998989515007
YLR340W,YJL123C,1,-0.0908339,0.9929328560829163,0.5619999766349792,0.00039999998989515007
YKL142W,YLR061W,1,-0.09342277,0.9929453134536743,0.5630000233650208,0.00039999998989515007
YFR009W,YDR471W,1,-0.11237818,0.9929577708244324,0.5640000104904175,0.00039999998989515007
YDR322W,YER117W,1,-0.12169862,0.9929701089859009,0.5649999976158142,0.00039999998989515007
YHR170W,YDL136W,1,-0.13310122,0.9929824471473694,0.5659999847412109,0.00039999998989515007
YMR116C,YHR080C,1,-0.1336782,0.9929947257041931,0.5669999718666077,0.00039999998989515007
YKL142W,YDR471W,1,-0.14602983,0.9930070042610168,0.5680000185966492,0.00039999998989515007
YLR264W,YBL028C,1,-0.14667046,0.9930192232131958,0.5690000057220459,0.00039999998989515007
YOL139C,YER025W,1,-0.1511476,0.99303138256073,0.5699999928474426,0.00039999998989515007
YLR448W,YBL028C,1,-0.16087043,0.9930434823036194,0.5709999799728394,0.00039999998989515007
YGR220C,YIL093C,1,-0.17015392,0.9930555820465088,0.5720000267028809,0.00039999998989515007
YGL147C,YNL311C,1,-0.17914736,0.9930675625801086,0.5730000138282776,0.00039999998989515007
YDL014W,YOL127W,1,-0.18112355,0.9930796027183533,0.5740000009536743,0.00039999998989515007
YHL015W,YER007C-A,1,-0.18555713,0.9930915236473083,0.574999988079071,0.00039999998989515007
YMR286W,YNR036C,1,-0.18674594,0.9931034445762634,0.5759999752044678,0.00039999998989515007
YOR182C,YDR117C,1,-0.19362241,0.9931153059005737,0.5770000219345093,0.00039999998989515007
YLL018C,YCR028C-A,0,-0.21106577,0.9914089441299438,0.5770000219345093,0.0005000000237487257
YOR315W,YOR338W,0,-0.22535646,0.989708423614502,0.5770000219345093,0.0006000000284984708
YBL072C,YHR020W,1,-0.2329824,0.9897260069847107,0.578000009059906,0.0006000000284984708
YBR079C,YPL237W,1,-0.24780822,0.9897435903549194,0.5789999961853027,0.0006000000284984708
YLR439W,YGR220C,1,-0.24950421,0.9897611141204834,0.5799999833106995,0.0006000000284984708
YFR031C-A,YNL311C,1,-0.25955117,0.9897785186767578,0.5809999704360962,0.0006000000284984708
YBR189W,YBL028C,1,-0.2771051,0.9897959232330322,0.5820000171661377,0.0006000000284984708
YPR043W,YDL110C,1,-0.29565227,0.9898132681846619,0.5830000042915344,0.0006000000284984708
YER131W,YDL110C,1,-0.3288908,0.989830493927002,0.5839999914169312,0.0006000000284984708
YPL131W,YBL028C,1,-0.33122432,0.989847719669342,0.5849999785423279,0.0006000000284984708
YGL123W,YHL035C,1,-0.34884334,0.9898648858070374,0.5860000252723694,0.0006000000284984708
YGR261C,YHR193C,0,-0.3526386,0.9881955981254578,0.5860000252723694,0.000699999975040555
YNL067W,YDR077W,1,-0.3607056,0.9882155060768127,0.5870000123977661,0.000699999975040555
YBR267W,YER117W,1,-0.36119473,0.9882352948188782,0.5879999995231628,0.000699999975040555
YJL080C,YML131W,0,-0.3688494,0.9865771532058716,0.5879999995231628,0.0007999999797903001
YGL143C,YBR037C,0,-0.38518596,0.9849246144294739,0.5879999995231628,0.0008999999845400453
YDL061C,YDR494W,1,-0.38748252,0.9849498271942139,0.5889999866485596,0.0008999999845400453
YBL027W,YGL049C,1,-0.3907709,0.9849749803543091,0.5899999737739563,0.0008999999845400453
YOR369C,YMR040W,1,-0.3954494,0.9850000143051147,0.5910000205039978,0.0008999999845400453
YOL139C,YPL198W,1,-0.3972187,0.9850249290466309,0.5920000076293945,0.0008999999845400453
YBR267W,YIL069C,1,-0.4087143,0.985049843788147,0.5929999947547913,0.0008999999845400453
YER165W,YJL138C,1,-0.42537057,0.9850746393203735,0.593999981880188,0.0008999999845400453
YPL120W,YJR015W,0,-0.44087422,0.9834437370300293,0.593999981880188,0.0010000000474974513
YHR068W,YJL124C,0,-0.46192932,0.9818181991577148,0.593999981880188,0.0010999999940395355
YKR094C,YMR269W,1,-0.4648124,0.9818481802940369,0.5950000286102295,0.0010999999940395355
YHR021C,YMR295C,1,-0.46580356,0.9818781018257141,0.5960000157356262,0.0010999999940395355
YHL033C,YMR295C,1,-0.4663869,0.9819079041481018,0.597000002861023,0.0010999999940395355
YBR079C,YDL130W,1,-0.46908462,0.9819375872612,0.5979999899864197,0.0010999999940395355
YOL139C,YGR287C,1,-0.4939767,0.9819672107696533,0.5989999771118164,0.0010999999940395355
YIL093C,YJR014W,1,-0.5030407,0.9819967150688171,0.6000000238418579,0.0010999999940395355
YCR010C,YML018C,0,-0.5224924,0.9803921580314636,0.6000000238418579,0.0012000000569969416
YBR191W,YPR148C,1,-0.5248611,0.980424165725708,0.6010000109672546,0.0012000000569969416
YDR405W,YPL013C,1,-0.5301764,0.9804560542106628,0.6019999980926514,0.0012000000569969416
YHL033C,YJL123C,1,-0.53359246,0.9804878234863281,0.6029999852180481,0.0012000000569969416
YKR006C,YKL222C,1,-0.5526104,0.9805194735527039,0.6039999723434448,0.0012000000569969416
YIL133C,YDR117C,1,-0.5602466,0.9805510640144348,0.6050000190734863,0.0012000000569969416
YGL040C,YPL040C,0,-0.56445,0.9789643883705139,0.6050000190734863,0.0013000000035390258
YOR253W,YPL237W,1,-0.56797755,0.9789983630180359,0.6060000061988831,0.0013000000035390258
YHR121W,YBR079C,1,-0.5694475,0.9790322780609131,0.6069999933242798,0.0013000000035390258
YFR009W,YJL190C,1,-0.57185686,0.979066014289856,0.6079999804496765,0.0013000000035390258
YDL181W,YHL044W,0,-0.5803534,0.9774919748306274,0.6079999804496765,0.00139999995008111
YMR121C,YLR406C,1,-0.607193,0.9775280952453613,0.609000027179718,0.00139999995008111
YKL099C,YNL305C,0,-0.61497045,0.9759615659713745,0.609000027179718,0.001500000013038516
YHL033C,YKL222C,1,-0.6202122,0.9760000109672546,0.6100000143051147,0.001500000013038516
YML022W,YOR045W,0,-0.6285817,0.97444087266922,0.6100000143051147,0.0015999999595806003
YMR225C,YPL183W-A,1,-0.63412684,0.9744816422462463,0.6110000014305115,0.0015999999595806003
YBR282W,YIL069C,1,-0.6362127,0.9745222926139832,0.6119999885559082,0.0015999999595806003
YBL027W,YDR026C,1,-0.64795685,0.9745628237724304,0.6129999756813049,0.0015999999595806003
YHR010W,YDL110C,1,-0.65971947,0.9746031761169434,0.6140000224113464,0.0015999999595806003
YPL048W,YLR029C,1,-0.663607,0.9746434092521667,0.6150000095367432,0.0015999999595806003
YNL067W,YMR226C,1,-0.66641843,0.9746835231781006,0.6159999966621399,0.0015999999595806003
YHR020W,YLL023C,1,-0.66817033,0.9747235178947449,0.6169999837875366,0.0015999999595806003
YEL034W,YNL069C,1,-0.6795485,0.9747633934020996,0.6179999709129333,0.0015999999595806003
YGL189C,YGL160W,1,-0.6839684,0.9748031497001648,0.6190000176429749,0.0015999999595806003
YDL061C,YPR091C,1,-0.6863127,0.9748427867889404,0.6200000047683716,0.0015999999595806003
YPL037C,YDR026C,1,-0.69106936,0.9748822450637817,0.6209999918937683,0.0015999999595806003
YML063W,YEL047C,1,-0.69836247,0.9749216437339783,0.621999979019165,0.0015999999595806003
YBR079C,YGR285C,1,-0.7053628,0.9749608635902405,0.6230000257492065,0.0015999999595806003
YPR102C,YLL032C,1,-0.70618534,0.9750000238418579,0.6240000128746033,0.0015999999595806003
YGL189C,YGR287C,1,-0.70798457,0.975039005279541,0.625,0.0015999999595806003
YOL007C,YKR039W,0,-0.7090081,0.9735202789306641,0.625,0.0017000000225380063
YDR211W,YIL147C,0,-0.71372586,0.9720062017440796,0.625,0.0017999999690800905
YLR295C,YNR017W,0,-0.7139229,0.9704968929290771,0.625,0.0019000000320374966
YGR027C,YJL123C,1,-0.7271975,0.9705426096916199,0.6259999871253967,0.0019000000320374966
YBR121C,YER126C,0,-0.73513794,0.9690402746200562,0.6259999871253967,0.0020000000949949026
YJR047C,YDR025W,1,-0.73992014,0.969088077545166,0.6269999742507935,0.0020000000949949026
YHR013C,YBR189W,1,-0.74395156,0.9691358208656311,0.628000020980835,0.0020000000949949026
YDL069C,YGL123W,1,-0.75876844,0.9691833853721619,0.6290000081062317,0.0020000000949949026
YOL111C,YPL237W,1,-0.7637656,0.9692307710647583,0.6299999952316284,0.0020000000949949026
YDR283C,YPL173W,1,-0.7987294,0.9692780375480652,0.6309999823570251,0.0020000000949949026
YMR237W,YPL090C,1,-0.8004918,0.9693251252174377,0.6320000290870667,0.0020000000949949026
YER117W,YPR148C,1,-0.80167365,0.9693721532821655,0.6330000162124634,0.0020000000949949026
YOL139C,YEL043W,1,-0.8035393,0.9694189429283142,0.6340000033378601,0.0020000000949949026
YPL081W,YGR283C,1,-0.81571746,0.9694656729698181,0.6349999904632568,0.0020000000949949026
YKL082C,YMR114C,1,-0.8167162,0.9695122241973877,0.6359999775886536,0.0020000000949949026
YLR439W,YPL013C,1,-0.81874907,0.969558596611023,0.6370000243186951,0.0020000000949949026
YJR145C,YDR266C,1,-0.81882906,0.9696048498153687,0.6380000114440918,0.0020000000949949026
YMR260C,YIL137C,1,-0.8212459,0.9696509838104248,0.6389999985694885,0.0020000000949949026
YHR021C,YBL028C,1,-0.8268542,0.9696969985961914,0.6399999856948853,0.0020000000949949026
YNL162W,YDL110C,1,-0.8282033,0.9697428345680237,0.640999972820282,0.0020000000949949026
YHL033C,YHL035C,1,-0.8306471,0.9697884917259216,0.6420000195503235,0.0020000000949949026
YKL056C,YDR026C,1,-0.8339045,0.9698340892791748,0.6430000066757202,0.0020000000949949026
YDR101C,YPL132W,1,-0.83934677,0.9698795080184937,0.6439999938011169,0.0020000000949949026
YKL148C,YPR078C,0,-0.8473183,0.9684210419654846,0.6439999938011169,0.002099999925121665
YNL014W,YLR327C,1,-0.84822184,0.9684684872627258,0.6449999809265137,0.002099999925121665
YML078W,YPL252C,0,-0.87394273,0.9670165181159973,0.6449999809265137,0.002199999988079071
YJL020C,YHL044W,0,-0.881897,0.9655688405036926,0.6449999809265137,0.002300000051036477
YOR095C,YML131W,0,-0.9013654,0.9641255736351013,0.6449999809265137,0.002400000113993883
YMR237W,YKL056C,1,-0.90564716,0.9641790986061096,0.6460000276565552,0.002400000113993883
YEL034W,YBR031W,1,-0.9139341,0.9642325043678284,0.6470000147819519,0.002400000113993883
YPR132W,YPR148C,1,-0.91394186,0.9642857313156128,0.6480000019073486,0.002400000113993883
YPL081W,YDR266C,1,-0.92315054,0.9643387794494629,0.6489999890327454,0.002400000113993883
YHL004W,YBL028C,1,-0.9277424,0.9643917083740234,0.6499999761581421,0.002400000113993883
YNL169C,YCR016W,0,-0.9450654,0.9629629850387573,0.6499999761581421,0.0024999999441206455
YLR340W,YMR226C,1,-0.9477427,0.9630177617073059,0.6510000228881836,0.0024999999441206455
YGL127C,YML037C,0,-0.9738308,0.9615952968597412,0.6510000228881836,0.0026000000070780516
YBR017C,YGL136C,0,-0.9743751,0.9601770043373108,0.6510000228881836,0.0027000000700354576
YLR344W,YLL032C,1,-0.98465085,0.9602356553077698,0.6520000100135803,0.0027000000700354576
YGL068W,YDR447C,1,-0.9980372,0.9602941274642944,0.652999997138977,0.0027000000700354576
YDR075W,YGR095C,0,-1.0132953,0.9588840007781982,0.652999997138977,0.00279999990016222
YPL131W,YEL043W,1,-1.029766,0.9589442610740662,0.6539999842643738,0.00279999990016222
YLR293C,YER009W,0,-1.0402852,0.9575402736663818,0.6539999842643738,0.002899999963119626
YMR237W,YLR340W,1,-1.0443546,0.957602322101593,0.6549999713897705,0.002899999963119626
YNL287W,YIL158W,0,-1.0454104,0.956204354763031,0.6549999713897705,0.003000000026077032
YJL190C,YHR020W,1,-1.056049,0.9562682509422302,0.656000018119812,0.003000000026077032
YGL047W,YJL225C,0,-1.0615021,0.9548762440681458,0.656000018119812,0.003100000089034438
YHR152W,YCR045C,0,-1.0627713,0.9534883499145508,0.656000018119812,0.0031999999191612005
YGR239C,YJR015W,0,-1.0857437,0.9521045088768005,0.656000018119812,0.0032999999821186066
YDL191W,YHL035C,1,-1.0999224,0.9521738886833191,0.6570000052452087,0.0032999999821186066
YJR094W-A,YDR186C,1,-1.1050642,0.9522431492805481,0.6579999923706055,0.0032999999821186066
YML063W,YGR287C,1,-1.1109697,0.9523121118545532,0.6589999794960022,0.0032999999821186066
YGL171W,YML018C,0,-1.1225135,0.9509379267692566,0.6589999794960022,0.0034000000450760126
YMR260C,YMR086W,1,-1.1235011,0.9510086178779602,0.6600000262260437,0.0034000000450760126
YJL172W,YLR009W,0,-1.1251477,0.9496402740478516,0.6600000262260437,0.0035000001080334187
YMR303C,YOR211C,0,-1.1256752,0.9482758641242981,0.6600000262260437,0.003599999938160181
YBR141C,YPR114W,0,-1.1272982,0.946915328502655,0.6600000262260437,0.003700000001117587
YPL048W,YIL148W,1,-1.1314445,0.9469913840293884,0.6610000133514404,0.003700000001117587
YDL202W,YPL183W-A,1,-1.1318413,0.9470672607421875,0.6620000004768372,0.003700000001117587
YBR162C,YBR141C,0,-1.1332875,0.9457142949104309,0.6620000004768372,0.003800000064074993
YBR039W,YLR432W,0,-1.1411365,0.9443652033805847,0.6620000004768372,0.0038999998942017555
YPL132W,YHR170W,1,-1.1422203,0.9444444179534912,0.6629999876022339,0.0038999998942017555
YML006C,YLR301W,0,-1.1434547,0.9431009888648987,0.6629999876022339,0.004000000189989805
YHR070W,YPR204W,0,-1.1504347,0.9417613744735718,0.6629999876022339,0.004100000020116568
YIL099W,YHL044W,0,-1.1600375,0.9404255151748657,0.6629999876022339,0.00419999985024333
YFR002W,YML105C,0,-1.1611278,0.9390934705734253,0.6629999876022339,0.00430000014603138
YKL082C,YHR020W,1,-1.1617682,0.9391796588897705,0.6639999747276306,0.00430000014603138
YIR021W,YNL113W,0,-1.1687182,0.9378530979156494,0.6639999747276306,0.004399999976158142
YHR089C,YIL083C,0,-1.174217,0.936530351638794,0.6639999747276306,0.0044999998062849045
YLL024C,YPL150W,0,-1.1771832,0.9352112412452698,0.6639999747276306,0.004600000102072954
YGR123C,YDL180W,0,-1.184481,0.9338959455490112,0.6639999747276306,0.004699999932199717
YDR023W,YGR125W,0,-1.1899161,0.932584285736084,0.6639999747276306,0.004800000227987766
YMR143W,YMR269W,1,-1.2023059,0.9326788187026978,0.6650000214576721,0.004800000227987766
YPR102C,YHR113W,1,-1.2146196,0.9327731132507324,0.6660000085830688,0.004800000227987766
YCR046C,YKL222C,1,-1.2247527,0.9328671097755432,0.6669999957084656,0.004800000227987766
YDL136W,YML025C,1,-1.2291534,0.9329608678817749,0.6679999828338623,0.004800000227987766
YOR253W,YKR094C,1,-1.2298385,0.9330543875694275,0.6690000295639038,0.004800000227987766
YDR385W,YMR040W,1,-1.2307656,0.9331476092338562,0.6700000166893005,0.004800000227987766
YGL245W,YER089C,0,-1.231383,0.9318497776985168,0.6700000166893005,0.004900000058114529
YLR401C,YML131W,0,-1.2323292,0.9305555820465088,0.6700000166893005,0.004999999888241291
YJL183W,YGR185C,0,-1.238752,0.9292649030685425,0.6700000166893005,0.005100000184029341
YHR170W,YIL093C,1,-1.2422432,0.9293628931045532,0.6710000038146973,0.005100000184029341
YMR009W,YNL131W,0,-1.2509241,0.9280774593353271,0.6710000038146973,0.005200000014156103
YER117W,YMR295C,1,-1.2542973,0.9281768202781677,0.671999990940094,0.005200000014156103
YMR225C,YJR007W,1,-1.2546829,0.9282758831977844,0.6729999780654907,0.005200000014156103
YLR327C,YGR285C,1,-1.2595844,0.9283746480941772,0.6740000247955322,0.005200000014156103
YKL114C,YJL087C,0,-1.2608176,0.9270976781845093,0.6740000247955322,0.0052999998442828655
YOR150W,YOR091W,1,-1.2638334,0.9271978139877319,0.675000011920929,0.0052999998442828655
YDR347W,YGR285C,1,-1.2647903,0.9272976517677307,0.6759999990463257,0.0052999998442828655
YKL142W,YDL075W,1,-1.2697561,0.9273972511291504,0.6769999861717224,0.0052999998442828655
YOR253W,YER117W,1,-1.2702259,0.9274965524673462,0.6779999732971191,0.0052999998442828655
YKR003W,YIL096C,0,-1.2739251,0.9262295365333557,0.6779999732971191,0.005400000140070915
YER025W,YDR186C,1,-1.275825,0.9263301491737366,0.6790000200271606,0.005400000140070915
YJL158C,YJL216C,0,-1.2771769,0.9250681400299072,0.6790000200271606,0.005499999970197678
YLR175W,YIR026C,0,-1.2818921,0.9238095283508301,0.6790000200271606,0.00559999980032444
YLL018C,YBR069C,0,-1.287448,0.9225543737411499,0.6790000200271606,0.00570000009611249
YDR064W,YDR115W,1,-1.3008499,0.9226594567298889,0.6800000071525574,0.00570000009611249
YHR121W,YOR150W,1,-1.3049625,0.922764241695404,0.6809999942779541,0.00570000009611249
YPR033C,YPR098C,0,-1.3132465,0.9215155839920044,0.6809999942779541,0.005799999926239252
YKL053C-A,YDR023W,0,-1.3166009,0.9202702641487122,0.6809999942779541,0.005900000222027302
YGL125W,YJL213W,1,-1.3275766,0.9203778505325317,0.6819999814033508,0.005900000222027302
YIL093C,YDL110C,1,-1.329348,0.9204851984977722,0.6830000281333923,0.005900000222027302
YDR450W,YMR040W,1,-1.348398,0.920592188835144,0.6840000152587891,0.005900000222027302
YDR432W,YDL077C,0,-1.351758,0.9193548560142517,0.6840000152587891,0.006000000052154064
YOR253W,YGR148C,1,-1.3647437,0.9194630980491638,0.6850000023841858,0.006000000052154064
YGR003W,YDR050C,0,-1.3747302,0.9182305335998535,0.6850000023841858,0.006099999882280827
YDL137W,YKL080W,0,-1.3786364,0.9170013666152954,0.6850000023841858,0.006200000178068876
YJR047C,YHR080C,1,-1.3804892,0.9171122908592224,0.6859999895095825,0.006200000178068876
YEL061C,YML133C,0,-1.3877636,0.9158878326416016,0.6859999895095825,0.006300000008195639
YOR253W,YMR260C,1,-1.3929708,0.9160000085830688,0.6869999766349792,0.006300000008195639
YDR001C,YNL115C,0,-1.4113646,0.91478031873703,0.6869999766349792,0.006399999838322401
YOR375C,YNL092W,0,-1.4145049,0.9135638475418091,0.6869999766349792,0.006500000134110451
YJL159W,YHR001W-A,0,-1.4222208,0.912350594997406,0.6869999766349792,0.006599999964237213
YDR264C,YGL027C,0,-1.4259554,0.9111405611038208,0.6869999766349792,0.0066999997943639755
YLR075W,YEL047C,1,-1.4359363,0.9112582802772522,0.6880000233650208,0.0066999997943639755
YOR182C,YLL032C,1,-1.4359876,0.9113756418228149,0.6890000104904175,0.0066999997943639755
YPL090C,YMR269W,1,-1.4362533,0.9114927053451538,0.6899999976158142,0.0066999997943639755
YNL071W,YNL090W,0,-1.4414843,0.9102902412414551,0.6899999976158142,0.006800000090152025
YML024W,YDR026C,1,-1.4470147,0.9104084372520447,0.6909999847412109,0.006800000090152025
YER052C,YJR015W,0,-1.4584018,0.9092105031013489,0.6909999847412109,0.006899999920278788
YLR432W,YDR322C-A,0,-1.4643149,0.908015787601471,0.6909999847412109,0.007000000216066837
YNL252C,YGR287C,1,-1.4677109,0.9081364870071411,0.6919999718666077,0.007000000216066837
YOL070C,YGR148C,1,-1.4879265,0.9082568883895874,0.6930000185966492,0.007000000216066837
YIL053W,YMR099C,0,-1.4992248,0.9070680737495422,0.6930000185966492,0.0071000000461936
YOL144W,YDR156W,0,-1.5102016,0.9058823585510254,0.6930000185966492,0.007199999876320362
YDR064W,YDL110C,1,-1.5158062,0.9060052037239075,0.6940000057220459,0.007199999876320362
YIL051C,YKR078W,0,-1.5269597,0.9048240184783936,0.6940000057220459,0.007300000172108412
YDR188W,YGR279C,0,-1.5357131,0.9036458134651184,0.6940000057220459,0.007400000002235174
YPL137C,YLR075W,1,-1.5380176,0.9037711024284363,0.6949999928474426,0.007400000002235174
YOR265W,YDR307W,0,-1.540974,0.9025974273681641,0.6949999928474426,0.007499999832361937
YLR069C,YMR308C,0,-1.5543808,0.9014267325401306,0.6949999928474426,0.007600000128149986
YGL195W,YDR025W,1,-1.5558413,0.9015544056892395,0.6959999799728394,0.007600000128149986
YHL033C,YMR040W,1,-1.5668026,0.9016817808151245,0.6970000267028809,0.007600000128149986
YHR011W,YHL008C,0,-1.5701098,0.9005168080329895,0.6970000267028809,0.007699999958276749
YDL045W-A,YOR252W,1,-1.5861495,0.9006451368331909,0.6980000138282776,0.007699999958276749
YDL069C,YGR214W,1,-1.5865294,0.9007731676101685,0.6990000009536743,0.007699999958276749
YOR187W,YHR039C-A,0,-1.5896181,0.8996139168739319,0.6990000009536743,0.007799999788403511
YPR001W,YPR204W,0,-1.5903307,0.8984575867652893,0.6990000009536743,0.007899999618530273
YOL077C,YGR266W,0,-1.5911534,0.8973042368888855,0.6990000009536743,0.00800000037997961
YPL132W,YDR322W,1,-1.5917778,0.8974359035491943,0.699999988079071,0.00800000037997961
YMR237W,YBR146W,1,-1.5940355,0.8975672125816345,0.7009999752044678,0.00800000037997961
YNL181W,YPR078C,0,-1.6034032,0.8964194655418396,0.7009999752044678,0.008100000210106373
YLR160C,YLR110C,0,-1.6055728,0.8952745795249939,0.7009999752044678,0.008200000040233135
YCL054W,YLR040C,0,-1.614304,0.894132673740387,0.7009999752044678,0.008299999870359898
YJR082C,YBR167C,0,-1.614398,0.8929936289787292,0.7009999752044678,0.00839999970048666
YMR237W,YGL030W,1,-1.6242082,0.8931297659873962,0.7020000219345093,0.00839999970048666
YJL158C,YDR177W,0,-1.6281514,0.8919948935508728,0.7020000219345093,0.008500000461935997
YMR228W,YBR196C,0,-1.64221,0.8908629417419434,0.7020000219345093,0.00860000029206276
YGR285C,YMR114C,1,-1.6424772,0.891001284122467,0.703000009059906,0.00860000029206276
YER081W,YJR141W,0,-1.6448514,0.8898734450340271,0.703000009059906,0.008700000122189522
YJL138C,YMR226C,1,-1.645819,0.8900126218795776,0.7039999961853027,0.008700000122189522
YNL081C,YJL213W,1,-1.649286,0.8901515007019043,0.7049999833106995,0.008700000122189522
YLR002C,YGR095C,0,-1.6584073,0.8890290260314941,0.7049999833106995,0.008799999952316284
YKR034W,YKR046C,0,-1.6646022,0.8879092931747437,0.7049999833106995,0.008899999782443047
YER117W,YHR113W,1,-1.6652573,0.8880503177642822,0.7059999704360962,0.008899999782443047
YNL137C,YIR003W,1,-1.6729221,0.8881909251213074,0.7070000171661377,0.008899999782443047
YBR072W,YER087C-A,0,-1.6859093,0.8870765566825867,0.7070000171661377,0.008999999612569809
YBL028C,YKR096W,1,-1.6863703,0.8872180581092834,0.7080000042915344,0.008999999612569809
YKR085C,YBL028C,1,-1.6893388,0.8873592019081116,0.7089999914169312,0.008999999612569809
YOL127W,YKL082C,1,-1.6912867,0.887499988079071,0.7099999785423279,0.008999999612569809
YPL098C,YGL232W,0,-1.6915356,0.8863919973373413,0.7099999785423279,0.009100000374019146
YKL081W,YIR003W,1,-1.6966215,0.8865336775779724,0.7110000252723694,0.009100000374019146
YLR020C,YNL115C,0,-1.7256956,0.8854296207427979,0.7110000252723694,0.009200000204145908
YGR193C,YOR187W,0,-1.730073,0.8843283653259277,0.7110000252723694,0.00930000003427267
YDR297W,YGR125W,0,-1.7305046,0.8832297921180725,0.7110000252723694,0.009399999864399433
YBR020W,YFR006W,0,-1.7307438,0.8821340203285217,0.7110000252723694,0.009499999694526196
YMR116C,YMR237W,1,-1.7374301,0.8822800517082214,0.7120000123977661,0.009499999694526196
YPL132W,YER025W,1,-1.7414267,0.8824257254600525,0.7129999995231628,0.009499999694526196
YDR405W,YFR032C-A,1,-1.7418629,0.8825711011886597,0.7139999866485596,0.009499999694526196
YOL139C,YLR327C,1,-1.7511413,0.8827160596847534,0.7149999737739563,0.009499999694526196
YPL231W,YDL180W,0,-1.7525436,0.88162761926651,0.7149999737739563,0.009600000455975533
YOL121C,YDR115W,1,-1.7530643,0.8817734122276306,0.7160000205039978,0.009600000455975533
YOR253W,YDR500C,1,-1.7570844,0.8819188475608826,0.7170000076293945,0.009600000455975533
YGL234W,YPR114W,0,-1.7586144,0.8808353543281555,0.7170000076293945,0.009700000286102295
YLR069C,YLR324W,0,-1.7634104,0.8797546029090881,0.7170000076293945,0.009800000116229057
YHL013C,YGL129C,1,-1.7649434,0.8799019455909729,0.7179999947547913,0.009800000116229057
YER017C,YOR335C,0,-1.7674396,0.8788249492645264,0.7179999947547913,0.00989999994635582
YNL111C,YDL160C,0,-1.77524,0.8777506351470947,0.7179999947547913,0.009999999776482582
YHR072W-A,YBR265W,0,-1.7767678,0.8766788840293884,0.7179999947547913,0.010099999606609344
YDR077W,YHR020W,1,-1.7773213,0.8768292665481567,0.718999981880188,0.010099999606609344
YFR032C-A,YLL023C,1,-1.7845621,0.8769792914390564,0.7200000286102295,0.010099999606609344
YIL136W,YML131W,0,-1.7865207,0.8759124279022217,0.7200000286102295,0.010200000368058681
YIL117C,YPR004C,0,-1.7935344,0.8748481273651123,0.7200000286102295,0.010300000198185444
YHR019C,YFR016C,0,-1.7936841,0.8737863898277283,0.7200000286102295,0.010400000028312206
YGR148C,YPR096C,1,-1.7972107,0.8739393949508667,0.7210000157356262,0.010400000028312206
YHR019C,YML093W,0,-1.7996758,0.8728813529014587,0.7210000157356262,0.010499999858438969
YDR101C,YBL038W,1,-1.8053606,0.8730350732803345,0.722000002861023,0.010499999858438969
YNL094W,YHR216W,0,-1.8151022,0.8719806671142578,0.722000002861023,0.010599999688565731
YDR184C,YCL019W,0,-1.8189574,0.8709288239479065,0.722000002861023,0.010700000450015068
YFL062W,YER118C,0,-1.8199226,0.8698795437812805,0.722000002861023,0.01080000028014183
YMR267W,YNL151C,0,-1.8235694,0.8688327074050903,0.722000002861023,0.010900000110268593
YIL144W,YGR260W,0,-1.8305296,0.8677884340286255,0.722000002861023,0.010999999940395355
YER018C,YML082W,0,-1.8328779,0.866746723651886,0.722000002861023,0.011099999770522118
YBR031W,YPL009C,1,-1.8350078,0.866906464099884,0.7229999899864197,0.011099999770522118
YDR208W,YPR004C,0,-1.8364694,0.8658682703971863,0.7229999899864197,0.01119999960064888
YMR143W,YOL138C,1,-1.8388968,0.8660287261009216,0.7239999771118164,0.01119999960064888
YJL061W,YDL084W,0,-1.8402976,0.8649940490722656,0.7239999771118164,0.011300000362098217
YPR032W,YNL305C,0,-1.8482035,0.8639618158340454,0.7239999771118164,0.01140000019222498
YKL222C,YPL183W-A,1,-1.84836,0.8641239404678345,0.7250000238418579,0.01140000019222498
YBR196C,YCL075W,0,-1.86125,0.863095223903656,0.7250000238418579,0.011500000022351742
YGL135W,YGR283C,1,-1.8699993,0.8632580041885376,0.7260000109672546,0.011500000022351742
YMR167W,YDL095W,0,-1.8736151,0.8622328042984009,0.7260000109672546,0.011599999852478504
YDL014W,YGR287C,1,-1.8847847,0.8623961806297302,0.7269999980926514,0.011599999852478504
YJL096W,YHR080C,1,-1.905764,0.8625592589378357,0.7279999852180481,0.011599999852478504
YHR062C,YJR096W,0,-1.9077425,0.8615384697914124,0.7279999852180481,0.011699999682605267
YOR158W,YPR080W,1,-1.909545,0.8617021441459656,0.7289999723434448,0.011699999682605267
YAL068C,YOR159C,0,-1.9157678,0.8606847524642944,0.7289999723434448,0.011800000444054604
YDR517W,YNL110C,0,-1.9164416,0.8596698045730591,0.7289999723434448,0.011900000274181366
YKL148C,YHL008C,0,-1.9188944,0.8586572408676147,0.7289999723434448,0.012000000104308128
YPL198W,YHR113W,1,-1.9248991,0.8588235378265381,0.7300000190734863,0.012000000104308128
YDR062W,YMR203W,0,-1.925128,0.8578143119812012,0.7300000190734863,0.01209999993443489
YLR160C,YMR099C,0,-1.9287009,0.8568075299263,0.7300000190734863,0.012199999764561653
YLR312W-A,YNL007C,1,-1.9320501,0.8569753766059875,0.7310000061988831,0.012199999764561653
YML063W,YDR115W,1,-1.934494,0.8571428656578064,0.7319999933242798,0.012199999764561653
YFR047C,YDL084W,0,-1.9366008,0.8561403751373291,0.7319999933242798,0.012299999594688416
YJR047C,YKL142W,1,-1.9406478,0.8563084006309509,0.7329999804496765,0.012299999594688416
YBL105C,YLR050C,0,-1.9409374,0.855309247970581,0.7329999804496765,0.012400000356137753
YFR009W,YJR145C,1,-1.9476814,0.8554778695106506,0.734000027179718,0.012400000356137753
YDR272W,YNL290W,0,-1.9516306,0.8544819355010986,0.734000027179718,0.012500000186264515
YNL069C,YEL047C,1,-1.9612807,0.854651153087616,0.7350000143051147,0.012500000186264515
YNL163C,YPR174C,0,-1.9637092,0.8536585569381714,0.7350000143051147,0.012600000016391277
YDR440W,YFL034C-B,0,-1.969314,0.8526682257652283,0.7350000143051147,0.01269999984651804
YMR188C,YDR026C,1,-1.9699254,0.852838933467865,0.7360000014305115,0.01269999984651804
YOL030W,YHL008C,0,-1.9704813,0.8518518805503845,0.7360000014305115,0.012799999676644802
YKR059W,YML025C,1,-1.9710137,0.8520231246948242,0.7369999885559082,0.012799999676644802
YOR232W,YML115C,0,-1.971033,0.8510392904281616,0.7369999885559082,0.012900000438094139
YMR237W,YIL069C,1,-1.9796469,0.8512110710144043,0.7379999756813049,0.012900000438094139
YPL092W,YMR099C,0,-1.9807329,0.8502303957939148,0.7379999756813049,0.013000000268220901
YJL106W,YNL209W,0,-1.9813807,0.8492519855499268,0.7379999756813049,0.013100000098347664
YDR240C,YAR009C,0,-1.9823985,0.8482758402824402,0.7379999756813049,0.013199999928474426
YAL062W,YPR204W,0,-1.9865648,0.8473019599914551,0.7379999756813049,0.013299999758601189
YNL145W,YGR122W,0,-1.988536,0.8463302850723267,0.7379999756813049,0.013399999588727951
YDL160C,YNL326C,0,-1.990527,0.8453608155250549,0.7379999756813049,0.013500000350177288
YHL015W,YPR096C,1,-1.9952146,0.8455377817153931,0.7390000224113464,0.013500000350177288
YBL017C,YOL020W,0,-1.9959505,0.8445714116096497,0.7390000224113464,0.01360000018030405
YIL017C,YGR211W,0,-1.9965466,0.8436073064804077,0.7390000224113464,0.013700000010430813
YKL192C,YLR229C,0,-1.9994122,0.8426454067230225,0.7390000224113464,0.013799999840557575
YPL137C,YMR143W,1,-2.0082228,0.8428245782852173,0.7400000095367432,0.013799999840557575
YDR144C,YIL064W,0,-2.0087593,0.8418657779693604,0.7400000095367432,0.013899999670684338
YFR001W,YBR162W-A,0,-2.010524,0.8409090638160706,0.7400000095367432,0.014000000432133675
YER165W,YOR252W,1,-2.0107117,0.84108966588974,0.7409999966621399,0.014000000432133675
YJR006W,YNL197C,0,-2.0135007,0.8401360511779785,0.7409999966621399,0.014100000262260437
YPL256C,YJR096W,0,-2.0159252,0.839184582233429,0.7409999966621399,0.0142000000923872
YML110C,YCL075W,0,-2.016121,0.8382353186607361,0.7409999966621399,0.014299999922513962
YOL139C,YJL123C,1,-2.016457,0.8384180665016174,0.7419999837875366,0.014299999922513962
YDR404C,YLL002W,0,-2.0177054,0.8374717831611633,0.7419999837875366,0.014399999752640724
YNL137C,YBR267W,1,-2.0196178,0.8376550078392029,0.7429999709129333,0.014399999752640724
YGR001C,YGL039W,0,-2.020112,0.8367117047309875,0.7429999709129333,0.014499999582767487
YKL053C-A,YBL056W,0,-2.0216599,0.8357705473899841,0.7429999709129333,0.014600000344216824
YGR283C,YHR020W,1,-2.0242095,0.8359550833702087,0.7440000176429749,0.014600000344216824
YJR063W,YPL088W,0,-2.0250862,0.8350168466567993,0.7440000176429749,0.014700000174343586
YDR361C,YFR016C,0,-2.030231,0.834080696105957,0.7440000176429749,0.014800000004470348
YML056C,YPL152W,0,-2.0339859,0.8331466913223267,0.7440000176429749,0.01489999983459711
YDL077C,YEL048C,0,-2.0342944,0.8322147727012634,0.7440000176429749,0.014999999664723873
YNL111C,YML131W,0,-2.0357523,0.8312849402427673,0.7440000176429749,0.01510000042617321
YML069W,YOR344C,0,-2.036199,0.8303571343421936,0.7440000176429749,0.015200000256299973
YMR301C,YPR114W,0,-2.039719,0.829431414604187,0.7440000176429749,0.015300000086426735
YPL212C,YNR021W,0,-2.0421886,0.8285077810287476,0.7440000176429749,0.015399999916553497
YDR405W,YDL136W,1,-2.0426178,0.8286985754966736,0.7450000047683716,0.015399999916553497
YOL070C,YGL189C,1,-2.0439105,0.8288888931274414,0.7459999918937683,0.015399999916553497
YPL023C,YJR129C,0,-2.0512352,0.8279688954353333,0.7459999918937683,0.01549999974668026
YGR285C,YKR096W,1,-2.063563,0.8281596302986145,0.746999979019165,0.01549999974668026
YNL067W,YDR115W,1,-2.0674515,0.8283499479293823,0.7480000257492065,0.01549999974668026
YDR365C,YFR045W,0,-2.0744276,0.8274336457252502,0.7480000257492065,0.015599999576807022
YKR039W,YOR261C,0,-2.0829325,0.8265193104743958,0.7480000257492065,0.015699999406933784
YPL256C,YML039W,0,-2.0857525,0.8256070613861084,0.7480000257492065,0.015799999237060547
YEL034W,YLL023C,1,-2.0868192,0.8257993459701538,0.7490000128746033,0.015799999237060547
YMR058W,YJL222W,0,-2.0878568,0.8248898386955261,0.7490000128746033,0.01590000092983246
YJR050W,YFR006W,0,-2.0888991,0.8239824175834656,0.7490000128746033,0.01600000075995922
YKL194C,YCL031C,0,-2.0940576,0.8230769038200378,0.7490000128746033,0.016100000590085983
YLR136C,YLL067C,0,-2.0965915,0.8221734166145325,0.7490000128746033,0.016200000420212746
YGL195W,YHR021C,1,-2.1030579,0.8223684430122375,0.75,0.016200000420212746
YFR001W,YML106W,0,-2.1101327,0.8214676976203918,0.75,0.016300000250339508
YGL040C,YML031W,0,-2.1101751,0.8205689191818237,0.75,0.01640000008046627
YOL086C,YDR221W,0,-2.111637,0.8196721076965332,0.75,0.016499999910593033
YGR081C,YGL157W,0,-2.113109,0.8187772631645203,0.75,0.016599999740719795
YKR006C,YMR086W,1,-2.1151638,0.8189749121665955,0.7509999871253967,0.016599999740719795
YBR078W,YGR122W,0,-2.121841,0.8180828094482422,0.7509999871253967,0.016699999570846558
YHR193C,YAR010C,0,-2.1305757,0.8171926140785217,0.7509999871253967,0.01679999940097332
YFR053C,YLR451W,0,-2.1317735,0.8163043260574341,0.7509999871253967,0.016899999231100082
YML086C,YOR355W,0,-2.133986,0.815418004989624,0.7509999871253967,0.017000000923871994
YGR264C,YBR154C,0,-2.1350951,0.8145336508750916,0.7509999871253967,0.017100000753998756
YER073W,YGR266W,0,-2.136324,0.8136511445045471,0.7509999871253967,0.01720000058412552
YCR069W,YMR217W,0,-2.140057,0.8127705454826355,0.7509999871253967,0.01730000041425228
YMR256C,YHR179W,0,-2.1417518,0.8118919134140015,0.7509999871253967,0.017400000244379044
YFL031W,YGL157W,0,-2.1434822,0.8110151290893555,0.7509999871253967,0.017500000074505806
YER025W,YHR080C,1,-2.1436248,0.8112189769744873,0.7519999742507935,0.017500000074505806
YFR033C,YLR042C,0,-2.151134,0.8103448152542114,0.7519999742507935,0.01759999990463257
YDR283C,YDR322W,1,-2.1527576,0.8105489611625671,0.753000020980835,0.01759999990463257
YER119C,YPL150W,0,-2.1608772,0.8096774220466614,0.753000020980835,0.01769999973475933
YDR062W,YBR166C,0,-2.1634617,0.8088077306747437,0.753000020980835,0.017799999564886093
YHL035C,YDR266C,1,-2.1639562,0.8090128898620605,0.7540000081062317,0.017799999564886093
YJL138C,YDR117C,1,-2.1641998,0.8092175722122192,0.7549999952316284,0.017799999564886093
YDL223C,YDL052C,0,-2.1652155,0.8083511590957642,0.7549999952316284,0.017899999395012856
YGL238W,YBL036C,0,-2.1745782,0.8074866533279419,0.7549999952316284,0.017999999225139618
YDR052C,YOR228C,0,-2.1784844,0.8066239356994629,0.7549999952316284,0.01810000091791153
YGR287C,YNR036C,1,-2.1789498,0.8068302869796753,0.7559999823570251,0.01810000091791153
YKL081W,YEL047C,1,-2.1797585,0.8070362210273743,0.7570000290870667,0.01810000091791153
YLR314C,YML010W,0,-2.1886244,0.8061767816543579,0.7570000290870667,0.018200000748038292
YCL054W,YHR214C-B,0,-2.191378,0.8053191304206848,0.7570000290870667,0.018300000578165054
YPL013C,YHR020W,1,-2.195444,0.8055260181427002,0.7580000162124634,0.018300000578165054
YKL103C,YKR078W,0,-2.196044,0.8046709299087524,0.7580000162124634,0.018400000408291817
YNL077W,YNL112W,0,-2.1982045,0.803817629814148,0.7580000162124634,0.01850000023841858
YNR032C-A,YMR302C,0,-2.2034163,0.8029661178588867,0.7580000162124634,0.01860000006854534
YGR261C,YHR003C,0,-2.2088032,0.8021163940429688,0.7580000162124634,0.018699999898672104
YFR032C-A,YLL032C,1,-2.2111897,0.8023256063461304,0.7590000033378601,0.018699999898672104
YDL115C,YMR166C,0,-2.2145777,0.8014783263206482,0.7590000033378601,0.018799999728798866
YMR024W,YMR295C,1,-2.2210116,0.8016877770423889,0.7599999904632568,0.018799999728798866
YDR342C,YIL067C,0,-2.2219648,0.8008430004119873,0.7599999904632568,0.01889999955892563
YPL262W,YJR054W,0,-2.2250214,0.800000011920929,0.7599999904632568,0.01899999938905239
YML027W,YMR099C,0,-2.2253041,0.7991587519645691,0.7599999904632568,0.019099999219179153
YDR071C,YBR139W,0,-2.227583,0.7983193397521973,0.7599999904632568,0.019200000911951065
YDR082W,YPR204W,0,-2.2278628,0.7974816560745239,0.7599999904632568,0.019300000742077827
YOR234C,YPR096C,1,-2.2320418,0.7976939082145691,0.7609999775886536,0.019300000742077827
YEL011W,YLL014W,0,-2.2334023,0.7968586683273315,0.7609999775886536,0.01940000057220459
YBL037W,YDR377W,0,-2.2359462,0.7960250973701477,0.7609999775886536,0.019500000402331352
YJR092W,YDR306C,0,-2.2376409,0.7951933145523071,0.7609999775886536,0.019600000232458115
YNL197C,YNL092W,0,-2.2401829,0.794363260269165,0.7609999775886536,0.019700000062584877
YMR021C,YGR260W,0,-2.2428336,0.7935349345207214,0.7609999775886536,0.01979999989271164
YOL127W,YPL009C,1,-2.2485938,0.793749988079071,0.7620000243186951,0.01979999989271164
YCL039W,YJR054W,0,-2.2528248,0.7929240465164185,0.7620000243186951,0.019899999722838402
YDL036C,YMR099C,0,-2.2543516,0.7920997738838196,0.7620000243186951,0.019999999552965164
YJL020C,YBR058C-A,0,-2.2556415,0.7912772297859192,0.7620000243186951,0.020099999383091927
YDL079C,YDR306C,0,-2.2599788,0.7904564142227173,0.7620000243186951,0.02019999921321869
YLR312W-A,YHR113W,1,-2.260345,0.790673553943634,0.7630000114440918,0.02019999921321869
YNL012W,YOR246C,0,-2.265543,0.7898550629615784,0.7630000114440918,0.0203000009059906
YKL096W-A,YOL002C,0,-2.2692976,0.7890382409095764,0.7630000114440918,0.020400000736117363
YEL042W,YBL005W-B,0,-2.271061,0.788223147392273,0.7630000114440918,0.020500000566244125
YPL006W,YOR315W,0,-2.2721481,0.7874097228050232,0.7630000114440918,0.020600000396370888
YHL004W,YPR080W,1,-2.2742414,0.7876288890838623,0.7639999985694885,0.020600000396370888
YIL075C,YLR050C,0,-2.275251,0.786817729473114,0.7639999985694885,0.02070000022649765
YOR355W,YGR203W,0,-2.2774196,0.7860082387924194,0.7639999985694885,0.020800000056624413
YCR004C,YNL313C,0,-2.283671,0.7852004170417786,0.7639999985694885,0.020899999886751175
YHL015W,YHR020W,1,-2.2846804,0.7854209542274475,0.7649999856948853,0.020899999886751175
YDL045W-A,YLL023C,1,-2.286255,0.7856410145759583,0.765999972820282,0.020899999886751175
YIL096C,YMR045C,0,-2.2957783,0.7848360538482666,0.765999972820282,0.020999999716877937
YJL174W,YMR046C,0,-2.297832,0.7840327620506287,0.765999972820282,0.0210999995470047
YDR337W,YMR226C,1,-2.298514,0.7842535972595215,0.7670000195503235,0.0210999995470047
YML125C,YLR414C,0,-2.3053126,0.7834525108337402,0.7670000195503235,0.021199999377131462
YOR358W,YLL014W,0,-2.3071342,0.7826530337333679,0.7670000195503235,0.021299999207258224
YJL194W,YNL134C,0,-2.3131948,0.7818552255630493,0.7670000195503235,0.021400000900030136
YHR113W,YNR024W,1,-2.3136292,0.7820773720741272,0.7680000066757202,0.021400000900030136
YOL139C,YEL047C,1,-2.3215914,0.7822991013526917,0.7689999938011169,0.021400000900030136
YAL028W,YPR143W,0,-2.323483,0.7815040946006775,0.7689999938011169,0.0215000007301569
YBR065C,YHR128W,0,-2.3264422,0.7807106375694275,0.7689999938011169,0.02160000056028366
YKL042W,YBL005W-B,0,-2.3290787,0.7799188494682312,0.7689999938011169,0.021700000390410423
YPL022W,YOR287C,0,-2.3304586,0.7791286706924438,0.7689999938011169,0.021800000220537186
YGL009C,YMR203W,0,-2.3396525,0.7783401012420654,0.7689999938011169,0.021900000050663948
YOR031W,YGR268C,0,-2.33989,0.7775530815124512,0.7689999938011169,0.02199999988079071
YOL020W,YGR020C,0,-2.3466873,0.7767676711082458,0.7689999938011169,0.022099999710917473
YNL161W,YGR254W,0,-2.3483253,0.7759838700294495,0.7689999938011169,0.022199999541044235
YDR337W,YKL222C,1,-2.355125,0.7762096524238586,0.7699999809265137,0.022199999541044235
YDR077W,YMR226C,1,-2.3590202,0.7764350175857544,0.7710000276565552,0.022199999541044235
YPR082C,YER178W,0,-2.359282,0.7756538987159729,0.7710000276565552,0.022299999371170998
YOR354C,YFR045W,0,-2.3656406,0.7748743891716003,0.7710000276565552,0.02239999920129776
YDL142C,YKL038W,0,-2.3664842,0.7740963697433472,0.7710000276565552,0.02250000089406967
YJL058C,YPL231W,0,-2.373279,0.7733199596405029,0.7710000276565552,0.022600000724196434
YDR079W,YJL114W,0,-2.379747,0.7725450992584229,0.7710000276565552,0.022700000554323196
YHR170W,YGL030W,1,-2.3918338,0.7727727890014648,0.7720000147819519,0.022700000554323196
YIL148W,YJL028W,1,-2.392395,0.7730000019073486,0.7730000019073486,0.022700000554323196
YDR317W,YDR352W,0,-2.3930097,0.7722277641296387,0.7730000019073486,0.02280000038444996
YGR049W,YPL210C,0,-2.3939629,0.7714570760726929,0.7730000019073486,0.02290000021457672
YJL061W,YAL043C,0,-2.3980188,0.7706879377365112,0.7730000019073486,0.023000000044703484
YLR284C,YMR296C,0,-2.401113,0.769920289516449,0.7730000019073486,0.023099999874830246
YFR014C,YJL102W,0,-2.403411,0.7691542506217957,0.7730000019073486,0.02319999970495701
YDR225W,YHR026W,0,-2.4038067,0.7683896422386169,0.7730000019073486,0.02329999953508377
YJL141C,YML131W,0,-2.4061537,0.7676266431808472,0.7730000019073486,0.023399999365210533
YJR047C,YMR269W,1,-2.4073577,0.7678571343421936,0.7739999890327454,0.023399999365210533
YGL055W,YIL082W-A,0,-2.408595,0.7670961618423462,0.7739999890327454,0.023499999195337296
YHL004W,YIL137C,1,-2.4109206,0.7673267126083374,0.7749999761581421,0.023499999195337296
YJR091C,YCR043C,0,-2.4140754,0.7665677666664124,0.7749999761581421,0.023600000888109207
YAL048C,YBL100W-B,0,-2.4142485,0.7658102512359619,0.7749999761581421,0.02370000071823597
YIL135C,YHR003C,0,-2.4149923,0.7650542855262756,0.7749999761581421,0.023800000548362732
YPL164C,YOR287C,0,-2.4152718,0.7642998099327087,0.7749999761581421,0.023900000378489494
YBR248C,YNL217W,0,-2.4198847,0.7635468244552612,0.7749999761581421,0.024000000208616257
YMR240C,YGL008C,0,-2.421104,0.7627952694892883,0.7749999761581421,0.02410000003874302
YER179W,YOL144W,0,-2.4216537,0.7620452046394348,0.7749999761581421,0.02419999986886978
YDR397C,YMR045C,0,-2.4225755,0.7612966895103455,0.7749999761581421,0.024299999698996544
YMR237W,YKR059W,1,-2.423305,0.7615309357643127,0.7760000228881836,0.024299999698996544
YMR089C,YBR012W-B,0,-2.4241686,0.7607843279838562,0.7760000228881836,0.024399999529123306
YBR132C,YNR021W,0,-2.426221,0.7600391507148743,0.7760000228881836,0.02449999935925007
YDR226W,YJL114W,0,-2.4263902,0.7592955231666565,0.7760000228881836,0.02459999918937683
YBR221C,YML133C,0,-2.4281816,0.7585532665252686,0.7760000228881836,0.024700000882148743
YBL092W,YMR295C,1,-2.4300418,0.7587890625,0.7770000100135803,0.024700000882148743
YML071C,YLR050C,0,-2.430234,0.7580487728118896,0.7770000100135803,0.024800000712275505
YGL255W,YML131W,0,-2.4313965,0.7573099136352539,0.7770000100135803,0.024900000542402267
YPL116W,YPR051W,0,-2.4336882,0.7565725445747375,0.7770000100135803,0.02500000037252903
YBR079C,YKL222C,1,-2.4341474,0.7568093538284302,0.777999997138977,0.02500000037252903
YKL218C,YCR043C,0,-2.4360452,0.7560738325119019,0.777999997138977,0.025100000202655792
YOR259C,YML039W,0,-2.4370418,0.7553398013114929,0.777999997138977,0.025200000032782555
YOR161C,YEL048C,0,-2.4424043,0.7546072006225586,0.777999997138977,0.025299999862909317
YOL121C,YJL028W,1,-2.4446487,0.7548449635505676,0.7789999842643738,0.025299999862909317
YAL055W,YML082W,0,-2.4461079,0.7541142106056213,0.7789999842643738,0.02539999969303608
YGR145W,YNL190W,0,-2.449905,0.7533848881721497,0.7789999842643738,0.025499999523162842
YHL004W,YPR091C,1,-2.450035,0.7536231875419617,0.7799999713897705,0.025499999523162842
YIL148W,YOL138C,1,-2.4506526,0.7538610100746155,0.781000018119812,0.025499999523162842
YLR114C,YBL100W-B,0,-2.4561882,0.75313401222229,0.781000018119812,0.025599999353289604
YER177W,YGR122W,0,-2.4582973,0.752408504486084,0.781000018119812,0.025699999183416367
YDL225W,YDL084W,0,-2.461485,0.751684308052063,0.781000018119812,0.025800000876188278
YHR133C,YIL077C,0,-2.4621906,0.7509615421295166,0.781000018119812,0.02590000070631504
YKL084W,YPR174C,0,-2.4672751,0.7502401471138,0.781000018119812,0.026000000536441803
YML025C,YLL032C,1,-2.4679413,0.7504798173904419,0.7820000052452087,0.026000000536441803
YBR041W,YJL011C,0,-2.469408,0.7497603297233582,0.7820000052452087,0.026100000366568565
YDL004W,YJR120W,0,-2.4710994,0.7490421533584595,0.7820000052452087,0.026200000196695328
YJR095W,YPR114W,0,-2.4716244,0.7483253479003906,0.7820000052452087,0.02630000002682209
YDR036C,YJL080C,0,-2.4737859,0.7476099133491516,0.7820000052452087,0.026399999856948853
YMR188C,YDL133C-A,1,-2.474176,0.7478510141372681,0.7829999923706055,0.026399999856948853
YOR044W,YMR267W,0,-2.4796658,0.7471374273300171,0.7829999923706055,0.026499999687075615
YJL014W,YLR297W,0,-2.4847436,0.7464251518249512,0.7829999923706055,0.026599999517202377
YGL206C,YDR465C,0,-2.4854746,0.7457143068313599,0.7829999923706055,0.02669999934732914
YLR340W,YPR096C,1,-2.485705,0.7459562420845032,0.7839999794960022,0.02669999934732914
YNL272C,YDR307W,0,-2.4885926,0.7452471256256104,0.7839999794960022,0.026799999177455902
YNL182C,YHL050C,0,-2.4894204,0.7445394396781921,0.7839999794960022,0.026900000870227814
YMR116C,YKL082C,1,-2.489583,0.7447817921638489,0.7850000262260437,0.026900000870227814
YDR062W,YLR092W,0,-2.4918466,0.7440758347511292,0.7850000262260437,0.027000000700354576
YFR044C,YKL142W,1,-2.4919043,0.7443181872367859,0.7860000133514404,0.027000000700354576
YLR406C,YGR283C,1,-2.4930348,0.7445600628852844,0.7870000004768372,0.027000000700354576
YNL261W,YNR021W,0,-2.4936361,0.7438563108444214,0.7870000004768372,0.02710000053048134
YIL052C,YHR080C,1,-2.4937115,0.7440981864929199,0.7879999876022339,0.02710000053048134
YGL190C,YLR042C,0,-2.4937568,0.7433962225914001,0.7879999876022339,0.0272000003606081
YLR145W,YPR204W,0,-2.4938345,0.7426955699920654,0.7879999876022339,0.027300000190734863
YLR044C,YIL168W,0,-2.494679,0.7419962286949158,0.7879999876022339,0.027400000020861626
YPL237W,YMR295C,1,-2.4986806,0.7422389388084412,0.7889999747276306,0.027400000020861626
YBR024W,YCR102C,0,-2.4988422,0.74154132604599,0.7889999747276306,0.027499999850988388
YCL040W,YJR054W,0,-2.5014644,0.7408450841903687,0.7889999747276306,0.02759999968111515
YKL126W,YBR141C,0,-2.5039816,0.7401500940322876,0.7889999747276306,0.027699999511241913
YOR253W,YIL069C,1,-2.5075107,0.7403936386108398,0.7900000214576721,0.027699999511241913
YOR126C,YGL236C,0,-2.5104418,0.7397003769874573,0.7900000214576721,0.027799999341368675
YEL011W,YDL201W,0,-2.5145478,0.7390084266662598,0.7900000214576721,0.027899999171495438
YMR290C,YDL119C,0,-2.5171533,0.7383177280426025,0.7900000214576721,0.02800000086426735
YJR105W,YBR172C,0,-2.5181527,0.7376284003257751,0.7900000214576721,0.02810000069439411
YJL141C,YJL056C,0,-2.5221257,0.736940324306488,0.7900000214576721,0.028200000524520874
YOR393W,YDR098C,0,-2.5232358,0.7362534999847412,0.7900000214576721,0.028300000354647636
YGR001C,YDR276C,0,-2.5249763,0.7355679869651794,0.7900000214576721,0.0284000001847744
YOR128C,YIL062C,0,-2.530202,0.734883725643158,0.7900000214576721,0.02850000001490116
YMR149W,YJL130C,0,-2.5324326,0.7342007160186768,0.7900000214576721,0.028599999845027924
YDR487C,YOR338W,0,-2.5332537,0.7335190176963806,0.7900000214576721,0.028699999675154686
YPR034W,YIL080W,0,-2.5335526,0.7328385710716248,0.7900000214576721,0.02879999950528145
YLR378C,YJR029W,0,-2.534429,0.732159435749054,0.7900000214576721,0.02889999933540821
YBR286W,YGR181W,0,-2.5401306,0.7314814925193787,0.7900000214576721,0.028999999165534973
YER074W,YJL028W,1,-2.541276,0.7317298650741577,0.7910000085830688,0.028999999165534973
YGL170C,YDL119C,0,-2.5438018,0.7310535907745361,0.7910000085830688,0.029100000858306885
YJL034W,YDL043C,0,-2.543881,0.7303785681724548,0.7910000085830688,0.029200000688433647
YPR080W,YPR148C,1,-2.5468268,0.7306272983551025,0.7919999957084656,0.029200000688433647
YKL099C,YPR204W,0,-2.5497522,0.729953944683075,0.7919999957084656,0.02930000051856041
YGL017W,YOR317W,0,-2.553667,0.7292817831039429,0.7919999957084656,0.029400000348687172
YDR270W,YNR061C,0,-2.5541406,0.7286108732223511,0.7919999957084656,0.029500000178813934
YBR230C,YDR028C,0,-2.5546627,0.7279411554336548,0.7919999957084656,0.029600000008940697
YER142C,YKL027W,0,-2.5550013,0.7272727489471436,0.7919999957084656,0.02969999983906746
YGR193C,YLR292C,0,-2.5557914,0.7266054749488831,0.7919999957084656,0.02979999966919422
YBR146W,YIL137C,1,-2.558022,0.7268561124801636,0.7929999828338623,0.02979999966919422
YMR261C,YEL048C,0,-2.5586553,0.726190447807312,0.7929999828338623,0.029899999499320984
YDR519W,YDR487C,0,-2.5622897,0.7255260944366455,0.7929999828338623,0.029999999329447746
YKR085C,YMR040W,1,-2.5659308,0.7257769703865051,0.7940000295639038,0.029999999329447746
YKL185W,YNL049C,0,-2.5702353,0.7251141667366028,0.7940000295639038,0.03009999915957451
YMR099C,YOR084W,0,-2.5723004,0.724452555179596,0.7940000295639038,0.03020000085234642
YNL308C,YOL004W,0,-2.5732918,0.7237921357154846,0.7940000295639038,0.030300000682473183
YOL060C,YDR245W,0,-2.5745502,0.7231329679489136,0.7940000295639038,0.030400000512599945
YLL017W,YOR305W,0,-2.576209,0.722474992275238,0.7940000295639038,0.030500000342726707
YBL056W,YMR134W,0,-2.5791006,0.721818208694458,0.7940000295639038,0.03060000017285347
YLR110C,YMR008C,0,-2.580779,0.7211625576019287,0.7940000295639038,0.030700000002980232
YOR252W,YMR226C,1,-2.5822701,0.7214155793190002,0.7950000166893005,0.030700000002980232
YFR053C,YOR340C,0,-2.5859013,0.7207615375518799,0.7950000166893005,0.030799999833106995
YBR065C,YKL070W,0,-2.587062,0.720108687877655,0.7950000166893005,0.030899999663233757
YBR230C,YDR131C,0,-2.5879536,0.7194570302963257,0.7950000166893005,0.03099999949336052
YNL173C,YOR159C,0,-2.5927258,0.7188065052032471,0.7950000166893005,0.031099999323487282
YKR009C,YIL064W,0,-2.5934105,0.718157172203064,0.7950000166893005,0.031199999153614044
YPL145C,YDR002W,0,-2.5939884,0.7175090312957764,0.7950000166893005,0.031300000846385956
YJL079C,YLR224W,0,-2.5980473,0.7168620228767395,0.7950000166893005,0.03139999881386757
YLL022C,YJL225C,0,-2.5984054,0.7162162065505981,0.7950000166893005,0.03150000050663948
YJL090C,YDR352W,0,-2.5998163,0.7155715823173523,0.7950000166893005,0.031599998474121094
YNL112W,YNL006W,0,-2.6008334,0.7149280309677124,0.7950000166893005,0.031700000166893005
YIL070C,YBL091C,0,-2.6081185,0.7142857313156128,0.7950000166893005,0.03180000185966492
YER009W,YML005W,0,-2.609579,0.7136445045471191,0.7950000166893005,0.03189999982714653
YBR079C,YHR203C,1,-2.6105003,0.7139013409614563,0.7960000038146973,0.03189999982714653
YCR069W,YIL096C,0,-2.6115966,0.7132616639137268,0.7960000038146973,0.03200000151991844
YOR299W,YML039W,0,-2.611619,0.712623119354248,0.7960000038146973,0.032099999487400055
YML074C,YOR287C,0,-2.6119142,0.71198570728302,0.7960000038146973,0.03220000118017197
YMR121C,YDR026C,1,-2.614911,0.7122430801391602,0.796999990940094,0.03220000118017197
YJR017C,YPL150W,0,-2.6228313,0.7116071581840515,0.796999990940094,0.03229999914765358
YPL275W,YGL226C-A,0,-2.6251783,0.7109723687171936,0.796999990940094,0.03240000084042549
YLR061W,YPR096C,1,-2.6326146,0.7112299203872681,0.7979999780654907,0.03240000084042549
YKR046C,YMR223W,0,-2.6342063,0.7105966210365295,0.7979999780654907,0.032499998807907104
YNR017W,YDR183W,0,-2.6374903,0.709964394569397,0.7979999780654907,0.032600000500679016
YPL028W,YLL066C,0,-2.6375256,0.7093333601951599,0.7979999780654907,0.03269999846816063
YAL041W,YJR141W,0,-2.6379833,0.7087033987045288,0.7979999780654907,0.03280000016093254
YLR127C,YJR026W,0,-2.6430116,0.7080745100975037,0.7979999780654907,0.03290000185370445
YKL156W,YDR494W,1,-2.6434197,0.7083333134651184,0.7990000247955322,0.03290000185370445
YER035W,YEL060C,0,-2.6463304,0.7077059149742126,0.7990000247955322,0.032999999821186066
YNL065W,YGR074W,0,-2.646946,0.7070796489715576,0.7990000247955322,0.03310000151395798
YMR024W,YJL028W,1,-2.6479845,0.7073386311531067,0.800000011920929,0.03310000151395798
YFR027W,YPL065W,0,-2.6501508,0.7067137956619263,0.800000011920929,0.03319999948143959
YPL255W,YNL160W,0,-2.650237,0.7060900330543518,0.800000011920929,0.0333000011742115
YIL148W,YDR266C,1,-2.6540585,0.7063491940498352,0.8009999990463257,0.0333000011742115
YPR182W,YPR174C,0,-2.6553988,0.7057268619537354,0.8009999990463257,0.033399999141693115
YGR001C,YHR107C,0,-2.6560216,0.7051056623458862,0.8009999990463257,0.03350000083446503
YAL016W,YCR016W,0,-2.656095,0.7044854760169983,0.8009999990463257,0.03359999880194664
YNL278W,YKL077W,0,-2.6679897,0.7038664221763611,0.8009999990463257,0.03370000049471855
YOR128C,YHR164C,0,-2.6679997,0.7032484412193298,0.8009999990463257,0.033799998462200165
YLR385C,YJR141W,0,-2.6692314,0.7026315927505493,0.8009999990463257,0.033900000154972076
YLR360W,YPR004C,0,-2.6694937,0.70201575756073,0.8009999990463257,0.03400000184774399
YML132W,YHR169W,0,-2.671579,0.7014010548591614,0.8009999990463257,0.0340999998152256
YPL132W,YDR283C,1,-2.6724772,0.7016623020172119,0.8019999861717224,0.0340999998152256
YER127W,YPR003C,0,-2.6739454,0.7010489702224731,0.8019999861717224,0.03420000150799751
YMR229C,YCR024C,0,-2.67561,0.7004366517066956,0.8019999861717224,0.034299999475479126
YHR001W-A,YLL066C,0,-2.6774898,0.6998254656791687,0.8019999861717224,0.03440000116825104
YER052C,YDR146C,0,-2.6777534,0.6992153525352478,0.8019999861717224,0.03449999913573265
YGL014W,YOR187W,0,-2.6786432,0.6986062526702881,0.8019999861717224,0.03460000082850456
YGL083W,YNR073C,0,-2.6812654,0.6979982852935791,0.8019999861717224,0.034699998795986176
YGL097W,YAR009C,0,-2.6841593,0.6973913311958313,0.8019999861717224,0.03480000048875809
YPL002C,YJR019C,0,-2.6844926,0.6967853903770447,0.8019999861717224,0.0348999984562397
YBR216C,YPL236C,0,-2.6852117,0.6961805820465088,0.8019999861717224,0.03500000014901161
YOR122C,YKL027W,0,-2.685667,0.6955767273902893,0.8019999861717224,0.035100001841783524
YJL011C,YJL080C,0,-2.686411,0.6949740052223206,0.8019999861717224,0.03519999980926514
YIL162W,YDL124W,0,-2.687811,0.694372296333313,0.8019999861717224,0.03530000150203705
YJR025C,YNL061W,0,-2.692718,0.6937716007232666,0.8019999861717224,0.03539999946951866
YLR359W,YBR016W,0,-2.6933432,0.6931719779968262,0.8019999861717224,0.03550000116229057
YAL059W,YBL068W,0,-2.6944108,0.6925734281539917,0.8019999861717224,0.035599999129772186
YHR133C,YFL002W-A,0,-2.6983862,0.6919758319854736,0.8019999861717224,0.0357000008225441
YEL043W,YEL047C,1,-2.699417,0.692241370677948,0.8029999732971191,0.0357000008225441
YLR423C,YGR012W,0,-2.702394,0.6916451454162598,0.8029999732971191,0.03579999879002571
YLR312W-A,YHL013C,1,-2.7042322,0.6919105052947998,0.8040000200271606,0.03579999879002571
YCL030C,YFL002W-A,0,-2.7044873,0.6913155913352966,0.8040000200271606,0.03590000048279762
YLR017W,YGR159C,0,-2.7051973,0.6907216310501099,0.8040000200271606,0.035999998450279236
YDL039C,YMR166C,0,-2.7078085,0.690128743648529,0.8040000200271606,0.03610000014305115
YPL259C,YJR015W,0,-2.7079077,0.6895368695259094,0.8040000200271606,0.03620000183582306
YBR004C,YDR328C,0,-2.7120209,0.688946008682251,0.8040000200271606,0.03629999980330467
YOL111C,YDR322W,1,-2.7124715,0.6892123222351074,0.8050000071525574,0.03629999980330467
YNL263C,YPR003C,0,-2.7153502,0.688622772693634,0.8050000071525574,0.036400001496076584
YER087C-A,YJL197W,0,-2.715477,0.688034176826477,0.8050000071525574,0.0364999994635582
YOR269W,YHR197W,0,-2.7169156,0.687446653842926,0.8050000071525574,0.03660000115633011
YIL070C,YOR214C,0,-2.7178826,0.6868600845336914,0.8050000071525574,0.03669999912381172
YLR342W,YFR016C,0,-2.7187304,0.686274528503418,0.8050000071525574,0.03680000081658363
YLR196W,YGR203W,0,-2.719037,0.6856899261474609,0.8050000071525574,0.03689999878406525
YFR002W,YHR084W,0,-2.722538,0.6851063966751099,0.8050000071525574,0.03700000047683716
YOL120C,YIL137C,1,-2.7241392,0.6853741407394409,0.8059999942779541,0.03700000047683716
YDR268W,YPR204W,0,-2.7250977,0.6847918629646301,0.8059999942779541,0.03709999844431877
YGL129C,YHR113W,1,-2.7262583,0.6850594282150269,0.8069999814033508,0.03709999844431877
YLR039C,YPR004C,0,-2.727139,0.6844783425331116,0.8069999814033508,0.03720000013709068
YKL195W,YGR081C,0,-2.727902,0.6838983297348022,0.8069999814033508,0.037300001829862595
YMR086W,YPR096C,1,-2.7328005,0.6841659545898438,0.8080000281333923,0.037300001829862595
YLR008C,YJL197W,0,-2.7355833,0.6835871338844299,0.8080000281333923,0.03739999979734421
YFR046C,YCR087C-A,0,-2.7359948,0.6830093264579773,0.8080000281333923,0.03750000149011612
YHR027C,YGR042W,0,-2.7369652,0.6824324131011963,0.8080000281333923,0.03759999945759773
YOL077C,YKR014C,0,-2.7382336,0.6818565130233765,0.8080000281333923,0.037700001150369644
YDR018C,YNR021W,0,-2.7382627,0.6812816262245178,0.8080000281333923,0.03779999911785126
YLR439W,YNL007C,1,-2.7431636,0.681550145149231,0.8090000152587891,0.03779999911785126
YNL259C,YIL077C,0,-2.744811,0.6809764504432678,0.8090000152587891,0.03790000081062317
YDR217C,YJL225C,0,-2.7458272,0.6804037094116211,0.8090000152587891,0.03799999877810478
YOR201C,YIL029C,0,-2.748283,0.6798319220542908,0.8090000152587891,0.038100000470876694
YKL096W-A,YLR285W,0,-2.7496037,0.6792611479759216,0.8090000152587891,0.03819999843835831
YBR143C,YLR414C,0,-2.7573118,0.6786912679672241,0.8090000152587891,0.03830000013113022
YOL094C,YOR228C,0,-2.7578645,0.6781224012374878,0.8090000152587891,0.03840000182390213
YKR059W,YPL009C,1,-2.7589526,0.6783919334411621,0.8100000023841858,0.03840000182390213
YLR043C,YEL048C,0,-2.7612376,0.6778242588043213,0.8100000023841858,0.03849999979138374
YGL008C,YDL124W,0,-2.7621489,0.6772575378417969,0.8100000023841858,0.038600001484155655
YGR167W,YDR134C,0,-2.7633553,0.6766917109489441,0.8100000023841858,0.03869999945163727
YKL060C,YJL059W,0,-2.7636943,0.6761268973350525,0.8100000023841858,0.03880000114440918
YDL074C,YKL002W,0,-2.7646604,0.6755629777908325,0.8100000023841858,0.03889999911189079
YFR024C-A,YPL206C,0,-2.766282,0.675000011920929,0.8100000023841858,0.039000000804662704
YGL209W,YOR270C,0,-2.7698956,0.674437940120697,0.8100000023841858,0.03909999877214432
YGL104C,YNL313C,0,-2.770844,0.6738768815994263,0.8100000023841858,0.03920000046491623
YDR440W,YLL017W,0,-2.7713146,0.6733167171478271,0.8100000023841858,0.03929999843239784
YBR017C,YIR021W,0,-2.7713828,0.6727574467658997,0.8100000023841858,0.039400000125169754
YJL124C,YDR536W,0,-2.7719312,0.6721991896629333,0.8100000023841858,0.039500001817941666
YEL022W,YGL236C,0,-2.7731934,0.6716417670249939,0.8100000023841858,0.03959999978542328
YDR081C,YNL115C,0,-2.7744493,0.6710853576660156,0.8100000023841858,0.03970000147819519
YOR253W,YOR091W,1,-2.7770457,0.6713576316833496,0.8109999895095825,0.03970000147819519
YHR052W,YGL010W,0,-2.7791762,0.6708022952079773,0.8109999895095825,0.039799999445676804
YOR094W,YMR053C,0,-2.7794657,0.6702479124069214,0.8109999895095825,0.039900001138448715
YDR147W,YJR015W,0,-2.7816067,0.6696944832801819,0.8109999895095825,0.03999999910593033
YHR059W,YLL014W,0,-2.7823353,0.6691418886184692,0.8109999895095825,0.04010000079870224
YKL155C,YOR091W,1,-2.783648,0.6694146990776062,0.8119999766349792,0.04010000079870224
YPL212C,YEL077C,0,-2.7841492,0.6688632369041443,0.8119999766349792,0.04019999876618385
YDL033C,YDR306C,0,-2.7863278,0.6683127284049988,0.8119999766349792,0.040300000458955765
YHR107C,YPL092W,0,-2.7868352,0.6677631735801697,0.8119999766349792,0.04039999842643738
YNL238W,YDR334W,0,-2.7886515,0.6672144532203674,0.8119999766349792,0.04050000011920929
YDL231C,YOR074C,0,-2.7896614,0.6666666865348816,0.8119999766349792,0.0406000018119812
YKR014C,YNL181W,0,-2.7905774,0.6661197543144226,0.8119999766349792,0.040699999779462814
YHR200W,YBR283C,0,-2.7907753,0.66557377576828,0.8119999766349792,0.040800001472234726
YHR005C-A,YGL014W,0,-2.7918086,0.6650286912918091,0.8119999766349792,0.04089999943971634
YLR405W,YDL033C,0,-2.7923927,0.664484441280365,0.8119999766349792,0.04100000113248825
YBR141C,YHR045W,0,-2.7925305,0.6639411449432373,0.8119999766349792,0.041099999099969864
YPR190C,YBL007C,0,-2.7942924,0.6633986830711365,0.8119999766349792,0.041200000792741776
YML133C,YOR292C,0,-2.7958374,0.6628571152687073,0.8119999766349792,0.04129999876022339
YJL214W,YER138C,0,-2.7991343,0.6623165011405945,0.8119999766349792,0.0414000004529953
YLR312W-A,YMR295C,1,-2.7992496,0.6625916957855225,0.8130000233650208,0.0414000004529953
YHR027C,YFL052W,0,-2.8001394,0.6620520949363708,0.8130000233650208,0.04149999842047691
YMR221C,YNR008W,0,-2.8003707,0.6615134477615356,0.8130000233650208,0.041600000113248825
YDR099W,YCR020W-B,0,-2.8096766,0.6609756350517273,0.8130000233650208,0.04170000180602074
YPL132W,YGL160W,1,-2.8100586,0.6612510085105896,0.8140000104904175,0.04170000180602074
YOR018W,YLL066C,0,-2.810875,0.6607142686843872,0.8140000104904175,0.04179999977350235
YLR120C,YPR004C,0,-2.8124585,0.6601784229278564,0.8140000104904175,0.04190000146627426
YBR199W,YOR230W,0,-2.8126364,0.6596434116363525,0.8140000104904175,0.041999999433755875
YLR405W,YFR045W,0,-2.8130312,0.6591092944145203,0.8140000104904175,0.042100001126527786
YNL188W,YBL100W-B,0,-2.819838,0.6585760712623596,0.8140000104904175,0.0421999990940094
YDR019C,YNR061C,0,-2.8216677,0.6580436825752258,0.8140000104904175,0.04230000078678131
YBL090W,YHR080C,1,-2.8228588,0.658319890499115,0.8149999976158142,0.04230000078678131
YER069W,YPR133W-A,0,-2.8232822,0.6577885150909424,0.8149999976158142,0.042399998754262924
YKR030W,YGR203W,0,-2.8241744,0.6572580933570862,0.8149999976158142,0.042500000447034836
YDR041W,YJL028W,1,-2.827116,0.6575342416763306,0.8159999847412109,0.042500000447034836
YNL287W,YNL131W,0,-2.827333,0.6570048332214355,0.8159999847412109,0.04259999841451645
YMR319C,YDR262W,0,-2.8294597,0.6564762592315674,0.8159999847412109,0.04270000010728836
YEL021W,YGR094W,0,-2.8299928,0.6559485793113708,0.8159999847412109,0.04280000180006027
YHR021C,YGL049C,1,-2.8320818,0.6562249064445496,0.8169999718666077,0.04280000180006027
YPL013C,YBR267W,1,-2.8325396,0.6565008163452148,0.8180000185966492,0.04280000180006027
YMR243C,YJL114W,0,-2.8328805,0.6559743285179138,0.8180000185966492,0.042899999767541885
YOL111C,YMR086W,1,-2.8333468,0.65625,0.8190000057220459,0.042899999767541885
YGL120C,YOR045W,0,-2.8336163,0.6557245850563049,0.8190000057220459,0.0430000014603138
YGR159C,YOL010W,0,-2.835618,0.6552000045776367,0.8190000057220459,0.04309999942779541
YHR052W,YDR086C,0,-2.8370557,0.6546762585639954,0.8190000057220459,0.04320000112056732
YLR406C,YDR186C,1,-2.8371534,0.6549520492553711,0.8199999928474426,0.04320000112056732
YBR069C,YGR012W,0,-2.8375263,0.6544293761253357,0.8199999928474426,0.043299999088048935
YMR033W,YLR276C,0,-2.8378701,0.6539074778556824,0.8199999928474426,0.04340000078082085
YIL138C,YIL158W,0,-2.839058,0.6533864736557007,0.8199999928474426,0.04349999874830246
YKR022C,YBL039C,0,-2.8442025,0.6528662443161011,0.8199999928474426,0.04360000044107437
YLL019C,YHR214C-C,0,-2.8469415,0.6523468494415283,0.8199999928474426,0.043699998408555984
YOR382W,YIR038C,0,-2.8475456,0.6518282890319824,0.8199999928474426,0.043800000101327896
YBR024W,YDL122W,0,-2.8483577,0.6513105630874634,0.8199999928474426,0.04390000179409981
YOR038C,YNR061C,0,-2.8511262,0.6507936716079712,0.8199999928474426,0.04399999976158142
YLL018C,YIL083C,0,-2.852635,0.6502775549888611,0.8199999928474426,0.04410000145435333
YNL123W,YDR156W,0,-2.8530512,0.6497622728347778,0.8199999928474426,0.044199999421834946
YHR041C,YDL201W,0,-2.8537064,0.6492478251457214,0.8199999928474426,0.04430000111460686
YPL015C,YBR284W,0,-2.8557525,0.6487341523170471,0.8199999928474426,0.04439999908208847
YLR144C,YKR067W,0,-2.8571548,0.6482213735580444,0.8199999928474426,0.04450000077486038
YDL111C,YLR200W,0,-2.861278,0.647709310054779,0.8199999928474426,0.044599998742341995
YPL275W,YCR037C,0,-2.8618622,0.6471980810165405,0.8199999928474426,0.04470000043511391
YBL068W,YHR083W,0,-2.8646107,0.6466876864433289,0.8199999928474426,0.04479999840259552
YHR083W,YBR265W,0,-2.8647509,0.6461780667304993,0.8199999928474426,0.04490000009536743
YER165W,YPR091C,1,-2.8648047,0.6464567184448242,0.8209999799728394,0.04490000009536743
YGR076C,YHR080C,1,-2.8670154,0.6467348337173462,0.8220000267028809,0.04490000009536743
YGR147C,YGR222W,0,-2.8685832,0.6462264060974121,0.8220000267028809,0.04500000178813934
YGR220C,YGL160W,1,-2.8697996,0.6465043425559998,0.8230000138282776,0.04500000178813934
YOR202W,YNL181W,0,-2.872867,0.6459968686103821,0.8230000138282776,0.045099999755620956
YOR370C,YOR008C-A,0,-2.8730125,0.6454901695251465,0.8230000138282776,0.04520000144839287
YLR160C,YLL066C,0,-2.8742456,0.6449843049049377,0.8230000138282776,0.04529999941587448
YGL181W,YNL181W,0,-2.8744025,0.6444792747497559,0.8230000138282776,0.04540000110864639
YKL195W,YJL052W,0,-2.874484,0.6439749598503113,0.8230000138282776,0.045499999076128006
YML058W,YJL151C,0,-2.8762388,0.6434714794158936,0.8230000138282776,0.04560000076889992
YJL207C,YOR369C,1,-2.877903,0.643750011920929,0.8240000009536743,0.04560000076889992
YLL031C,YDR109C,0,-2.878461,0.6432474851608276,0.8240000009536743,0.04569999873638153
YBR288C,YGR042W,0,-2.8798304,0.6427457332611084,0.8240000009536743,0.04580000042915344
YOL127W,YEL043W,1,-2.8813457,0.6430241465568542,0.824999988079071,0.04580000042915344
YPR184W,YGL124C,0,-2.8824525,0.6425233483314514,0.824999988079071,0.045899998396635056
YDL202W,YPR148C,1,-2.8834386,0.6428015828132629,0.8259999752044678,0.045899998396635056
YHR171W,YOR168W,0,-2.8835611,0.6423017382621765,0.8259999752044678,0.04600000008940697
YKL152C,YMR314W,0,-2.883607,0.6418026685714722,0.8259999752044678,0.04610000178217888
YPL146C,YLR410W-B,0,-2.8842034,0.6413043737411499,0.8259999752044678,0.04619999974966049
YDR197W,YDR172W,0,-2.885563,0.6408068537712097,0.8259999752044678,0.046300001442432404
YPL048W,YIR003W,1,-2.8873715,0.6410852670669556,0.8270000219345093,0.046300001442432404
YGL141W,YBR287W,0,-2.8876343,0.6405887007713318,0.8270000219345093,0.04639999940991402
YDR312W,YOL124C,0,-2.88764,0.6400928497314453,0.8270000219345093,0.04650000110268593
YML047C,YML037C,0,-2.8880005,0.6395978331565857,0.8270000219345093,0.04659999907016754
YGR109C,YBL010C,0,-2.8889637,0.6391035318374634,0.8270000219345093,0.04670000076293945
YLR154C,YBR139W,0,-2.8911886,0.6386100649833679,0.8270000219345093,0.046799998730421066
YLR106C,YNR034W,0,-2.8928108,0.6381173133850098,0.8270000219345093,0.04690000042319298
YKL114C,YEL027W,0,-2.8957434,0.6376252770423889,0.8270000219345093,0.04699999839067459
YGL229C,YPL141C,0,-2.8977857,0.6371340751647949,0.8270000219345093,0.0471000000834465
YML132W,YCL074W,0,-2.8981767,0.6366435885429382,0.8270000219345093,0.047200001776218414
YLR312W-A,YPR096C,1,-2.8987584,0.63692307472229,0.828000009059906,0.047200001776218414
YGL150C,YEL020W-A,0,-2.8994565,0.6364335417747498,0.828000009059906,0.04729999974370003
YJR075W,YOR343W-B,0,-2.9000597,0.6359447240829468,0.828000009059906,0.04740000143647194
YDR197W,YMR050C,0,-2.90102,0.6354566216468811,0.828000009059906,0.04749999940395355
YML106W,YHL017W,0,-2.903613,0.6349693536758423,0.828000009059906,0.047600001096725464
YOR159C,YGL231C,0,-2.9040308,0.634482741355896,0.828000009059906,0.04769999906420708
YCR024C-A,YPR088C,0,-2.9043107,0.6339969635009766,0.828000009059906,0.04780000075697899
YDL140C,YJR120W,0,-2.9050488,0.6335118412971497,0.828000009059906,0.0478999987244606
YDL031W,YPL075W,0,-2.9054585,0.6330274939537048,0.828000009059906,0.04800000041723251
YLR272C,YIL077C,0,-2.905685,0.6325439214706421,0.828000009059906,0.04809999838471413
YGR083C,YIL109C,0,-2.905828,0.6320610642433167,0.828000009059906,0.04820000007748604
YMR009W,YDR306C,0,-2.906073,0.6315789222717285,0.828000009059906,0.04830000177025795
YIL128W,YJL197W,0,-2.9073424,0.6310975551605225,0.828000009059906,0.04839999973773956
YDR155C,YNL213C,0,-2.9085732,0.6306169033050537,0.828000009059906,0.048500001430511475
YOL051W,YBR143C,0,-2.910491,0.6301369667053223,0.828000009059906,0.04859999939799309
YPL253C,YJL171C,0,-2.9115644,0.6296578049659729,0.828000009059906,0.048700001090765
YCR010C,YOR315W,0,-2.9118915,0.6291793584823608,0.828000009059906,0.04879999905824661
YMR239C,YHR025W,0,-2.9119744,0.6287015676498413,0.828000009059906,0.048900000751018524
YEL042W,YEL048C,0,-2.9124336,0.6282246112823486,0.828000009059906,0.04899999871850014
YGR285C,YGR283C,1,-2.9171247,0.6285064220428467,0.8289999961853027,0.04899999871850014
YGR254W,YNL176C,0,-2.917663,0.6280303001403809,0.8289999961853027,0.04910000041127205
YGR001C,YBR199W,0,-2.9183664,0.6275548934936523,0.8289999961853027,0.04919999837875366
YGR076C,YNL208W,1,-2.9206686,0.6278365850448608,0.8299999833106995,0.04919999837875366
YER007W,YGL231C,0,-2.9226308,0.627362072467804,0.8299999833106995,0.049300000071525574
YGL051W,YBR006W,0,-2.9266462,0.6268882155418396,0.8299999833106995,0.049400001764297485
YBR106W,YOR343W-A,0,-2.9306793,0.6264150738716125,0.8299999833106995,0.0494999997317791
YNL151C,YGR203W,0,-2.933144,0.6259427070617676,0.8299999833106995,0.04960000142455101
YOR063W,YOL138C,1,-2.9354377,0.6262245774269104,0.8309999704360962,0.04960000142455101
YNL256W,YDR238C,0,-2.9370055,0.6257529854774475,0.8309999704360962,0.04969999939203262
YHR174W,YCR098C,0,-2.9396272,0.6252821683883667,0.8309999704360962,0.049800001084804535
YOL132W,YOL103W-A,0,-2.9402957,0.6248120069503784,0.8309999704360962,0.04989999905228615
YDL133C-A,YHR020W,1,-2.94138,0.625093936920166,0.8320000171661377,0.04989999905228615
YLR391W-A,YFL018C,0,-2.9436622,0.6246246099472046,0.8320000171661377,0.05000000074505806
YIL126W,YJL113W,0,-2.945156,0.6241560578346252,0.8320000171661377,0.05009999871253967
YJL060W,YIL083C,0,-2.9457893,0.6236881613731384,0.8320000171661377,0.050200000405311584
YGL179C,YBL100W-B,0,-2.945899,0.6232209801673889,0.8320000171661377,0.0502999983727932
YAR015W,YCR011C,0,-2.9461384,0.6227545142173767,0.8320000171661377,0.05040000006556511
YNR031C,YJR096W,0,-2.9465628,0.622288703918457,0.8320000171661377,0.05050000175833702
YOR044W,YPR067W,0,-2.9482317,0.6218236088752747,0.8320000171661377,0.050599999725818634
YOR281C,YDR210W-B,0,-2.948461,0.6213592290878296,0.8320000171661377,0.050700001418590546
YLR227W-A,YOR338W,0,-2.9511824,0.620895504951477,0.8320000171661377,0.05079999938607216
YGR140W,YMR166C,0,-2.9520235,0.6204324960708618,0.8320000171661377,0.05090000107884407
YNL227C,YJL096W,1,-2.9523187,0.6207153797149658,0.8330000042915344,0.05090000107884407
YMR224C,YKL171W,0,-2.953951,0.6202531456947327,0.8330000042915344,0.050999999046325684
YLR127C,YHR214C-C,0,-2.9549923,0.6197916865348816,0.8330000042915344,0.051100000739097595
YBR034C,YJL179W,0,-2.9577346,0.619330883026123,0.8330000042915344,0.05119999870657921
YIL093C,YHL035C,1,-2.9609556,0.6196136474609375,0.8339999914169312,0.05119999870657921
YMR169C,YNL313C,0,-2.961413,0.6191536784172058,0.8339999914169312,0.05130000039935112
YHR157W,YER087C-A,0,-2.9644117,0.6186943650245667,0.8339999914169312,0.05139999836683273
YPR140W,YHL009W-B,0,-2.9652286,0.61823570728302,0.8339999914169312,0.051500000059604645
YML056C,YFL052W,0,-2.9653478,0.6177777647972107,0.8339999914169312,0.051600001752376556
YPL252C,YDR210W-B,0,-2.9657068,0.6173204779624939,0.8339999914169312,0.05169999971985817
YLL060C,YDL049C,0,-2.967507,0.6168639063835144,0.8339999914169312,0.05180000141263008
YDR316W,YGR008C,0,-2.9701753,0.6164079904556274,0.8339999914169312,0.051899999380111694
YOL031C,YPL257W-B,0,-2.973363,0.615952730178833,0.8339999914169312,0.052000001072883606
YLR325C,YNL007C,1,-2.9733953,0.61623615026474,0.8349999785423279,0.052000001072883606
YDR486C,YNL313C,0,-2.9743733,0.6157817244529724,0.8349999785423279,0.05209999904036522
YML125C,YCL019W,0,-2.9748783,0.6153279542922974,0.8349999785423279,0.05220000073313713
YOR306C,YDL121C,0,-2.9782834,0.6148748397827148,0.8349999785423279,0.052299998700618744
YGL129C,YGL049C,1,-2.9783216,0.615158200263977,0.8360000252723694,0.052299998700618744
YIL147C,YDR334W,0,-2.9794807,0.6147058606147766,0.8360000252723694,0.052400000393390656
YBR211C,YNL146W,0,-2.98248,0.6142542362213135,0.8360000252723694,0.05249999836087227
YER055C,YBR169C,0,-2.9833293,0.6138032078742981,0.8360000252723694,0.05260000005364418
YMR308C,YCR018C,0,-2.9836183,0.61335289478302,0.8360000252723694,0.05270000174641609
YHR164C,YIL083C,0,-2.9836316,0.6129032373428345,0.8360000252723694,0.052799999713897705
YNL197C,YFR006W,0,-2.9840689,0.6124542355537415,0.8360000252723694,0.05290000140666962
YMR256C,YLR043C,0,-2.98447,0.6120058298110962,0.8360000252723694,0.05299999937415123
YOR295W,YGR038C-B,0,-2.987958,0.6115581393241882,0.8360000252723694,0.05310000106692314
YIL114C,YDR306C,0,-2.9880338,0.6111111044883728,0.8360000252723694,0.053199999034404755
YLR293C,YKL212W,0,-2.9887605,0.6106647253036499,0.8360000252723694,0.053300000727176666
YNL263C,YOR343W-B,0,-2.9929814,0.6102190017700195,0.8360000252723694,0.05339999869465828
YKR080W,YEL077C,0,-2.9936,0.6097738742828369,0.8360000252723694,0.05350000038743019
YOL053C-A,YML061C,0,-2.994823,0.6093294620513916,0.8360000252723694,0.053599998354911804
YDR086C,YDR261C-D,0,-2.9963312,0.608885645866394,0.8360000252723694,0.053700000047683716
YMR188C,YEL043W,1,-2.9969778,0.6091703176498413,0.8370000123977661,0.053700000047683716
YOL126C,YML018C,0,-2.99817,0.6087272763252258,0.8370000123977661,0.05380000174045563
YNL131W,YMR122W-A,0,-2.9982924,0.6082848906517029,0.8370000123977661,0.05389999970793724
YNL264C,YMR087W,0,-3.000102,0.6078431606292725,0.8370000123977661,0.05400000140070915
YER149C,YNR061C,0,-3.0005546,0.6074020266532898,0.8370000123977661,0.054099999368190765
YDR419W,YHR135C,0,-3.0014734,0.6069615483283997,0.8370000123977661,0.05420000106096268
YLR172C,YDR316W-A,0,-3.001834,0.606521725654602,0.8370000123977661,0.05429999902844429
YOR232W,YNL002C,0,-3.0027199,0.606082558631897,0.8370000123977661,0.0544000007212162
YBL038W,YNL208W,1,-3.0030918,0.6063675880432129,0.8379999995231628,0.0544000007212162
YML120C,YCR102C,0,-3.0045786,0.6059291362762451,0.8379999995231628,0.054499998688697815
YKL062W,YBR139W,0,-3.0057225,0.6054913401603699,0.8379999995231628,0.05460000038146973
YDR003W,YOR187W,0,-3.010675,0.6050541400909424,0.8379999995231628,0.05469999834895134
YOR254C,YKL027W,0,-3.0114412,0.6046175956726074,0.8379999995231628,0.05480000004172325
YFL050C,YLR132C,0,-3.0123377,0.604181706905365,0.8379999995231628,0.05490000173449516
YPL269W,YFL002W-A,0,-3.012876,0.6037464141845703,0.8379999995231628,0.054999999701976776
YOR185C,YGR027W-B,0,-3.0130782,0.6033117175102234,0.8379999995231628,0.05510000139474869
YOR336W,YGR122W,0,-3.0163164,0.602877676486969,0.8379999995231628,0.0551999993622303
YDR099W,YIL158W,0,-3.016684,0.6024442911148071,0.8379999995231628,0.05530000105500221
YBR210W,YNL138W,0,-3.016779,0.602011501789093,0.8379999995231628,0.055399999022483826
YOL030W,YPR078C,0,-3.0171404,0.6015793085098267,0.8379999995231628,0.05550000071525574
YBR146W,YGL160W,1,-3.0183501,0.6018651127815247,0.8389999866485596,0.05550000071525574
YIL077C,YNR047W,0,-3.0183792,0.6014336943626404,0.8389999866485596,0.05559999868273735
YEL062W,YGR027W-A,0,-3.0190597,0.6010028719902039,0.8389999866485596,0.05570000037550926
YCL029C,YLR293C,0,-3.020021,0.6005726456642151,0.8389999866485596,0.055799998342990875
YIL009C-A,YML097C,0,-3.0216641,0.6001430749893188,0.8389999866485596,0.05590000003576279
YJL036W,YGR038C-A,0,-3.0221705,0.5997141003608704,0.8389999866485596,0.0560000017285347
YEL027W,YDL118W,0,-3.0225492,0.5992857217788696,0.8389999866485596,0.05609999969601631
YNL238W,YML133C,0,-3.0236754,0.5988579392433167,0.8389999866485596,0.05620000138878822
YML070W,YLL054C,0,-3.0242853,0.5984308123588562,0.8389999866485596,0.056299999356269836
YNL074C,YHR001W-A,0,-3.025949,0.5980042815208435,0.8389999866485596,0.05640000104904175
YPL146C,YBL113C,0,-3.0260258,0.5975783467292786,0.8389999866485596,0.05649999901652336
YDR273W,YDR019C,0,-3.0260286,0.5971530079841614,0.8389999866485596,0.05660000070929527
YBR135W,YPL150W,0,-3.026217,0.5967283248901367,0.8389999866485596,0.056699998676776886
YDR096W,YDR156W,0,-3.026743,0.596304178237915,0.8389999866485596,0.0568000003695488
YMR083W,YGL194C,0,-3.0289292,0.5958806872367859,0.8389999866485596,0.05689999833703041
YKL117W,YLR042C,0,-3.031436,0.5954577922821045,0.8389999866485596,0.05700000002980232
YCL001W,YDR261W-B,0,-3.0315008,0.5950354337692261,0.8389999866485596,0.057100001722574234
YGL187C,YDR004W,0,-3.0318894,0.5946137309074402,0.8389999866485596,0.05719999969005585
YPL275W,YDR261W-B,0,-3.0319796,0.594192624092102,0.8389999866485596,0.05730000138282776
YGR285C,YPL009C,1,-3.032031,0.5944798588752747,0.8399999737739563,0.05730000138282776
YDL202W,YEL047C,1,-3.0350542,0.5947666168212891,0.8410000205039978,0.05730000138282776
YDR099W,YKL166C,0,-3.0363297,0.594346284866333,0.8410000205039978,0.05739999935030937
YHR021C,YDR266C,1,-3.038238,0.5946327447891235,0.8420000076293945,0.05739999935030937
YMR095C,YIL082W-A,0,-3.038465,0.5942131280899048,0.8420000076293945,0.057500001043081284
YKR026C,YHR072W-A,0,-3.039545,0.593794047832489,0.8420000076293945,0.0575999990105629
YHR209W,YBL010C,0,-3.0406356,0.5933756232261658,0.8420000076293945,0.05770000070333481
YBL050W,YLR345W,0,-3.0407648,0.5929577350616455,0.8420000076293945,0.05779999867081642
YLL057C,YJR015W,0,-3.0452332,0.592540442943573,0.8420000076293945,0.05790000036358833
YMR100W,YMR051C,0,-3.0461817,0.5921237468719482,0.8420000076293945,0.057999998331069946
YJR131W,YLR410W-A,0,-3.0464163,0.5917076468467712,0.8420000076293945,0.05810000002384186
YLR401C,YOR224C,0,-3.0470538,0.591292142868042,0.8420000076293945,0.05820000171661377
YMR297W,YOL020W,0,-3.0495133,0.5908771753311157,0.8420000076293945,0.05829999968409538
YJL053W,YCR043C,0,-3.0496564,0.5904628038406372,0.8420000076293945,0.058400001376867294
YCR020W-B,YPR113W,0,-3.0497108,0.5900490283966064,0.8420000076293945,0.05849999934434891
YLR022C,YMR067C,0,-3.0505114,0.5896358489990234,0.8420000076293945,0.05860000103712082
YOR119C,YKL077W,0,-3.0511036,0.5892232060432434,0.8420000076293945,0.05869999900460243
YHR089C,YHR074W,0,-3.051784,0.5888111591339111,0.8420000076293945,0.058800000697374344
YDR316W-B,YOR142W-A,0,-3.0532079,0.5883997082710266,0.8420000076293945,0.05889999866485596
YNR032C-A,YPR137W,0,-3.0541077,0.5879888534545898,0.8420000076293945,0.05900000035762787
YOR295W,YPR137C-B,0,-3.054696,0.587578535079956,0.8420000076293945,0.05909999832510948
YPL023C,YHL008C,0,-3.0558376,0.5871687531471252,0.8420000076293945,0.05920000001788139
YDR347W,YGR283C,1,-3.05654,0.587456464767456,0.8429999947547913,0.05920000001788139
YHR211W,YJR054W,0,-3.0569816,0.5870473384857178,0.8429999947547913,0.059300001710653305
YKL002W,YDL180W,0,-3.0586534,0.5866388082504272,0.8429999947547913,0.05939999967813492
YJR070C,YLR151C,0,-3.0587626,0.5862308740615845,0.8429999947547913,0.05950000137090683
YBL093C,YOL103W-A,0,-3.0602036,0.5858234763145447,0.8429999947547913,0.05959999933838844
YBR017C,YPR190C,0,-3.0624132,0.5854166746139526,0.8429999947547913,0.059700001031160355
YBR085W,YER150W,0,-3.0650468,0.5850104093551636,0.8429999947547913,0.05979999899864197
YBR216C,YPR003C,0,-3.0651302,0.5846047401428223,0.8429999947547913,0.05990000069141388
YLR360W,YHR214C-C,0,-3.0662165,0.5841996073722839,0.8429999947547913,0.05999999865889549
YMR047C,YLL017W,0,-3.066649,0.5837950110435486,0.8429999947547913,0.060100000351667404
YAL003W,YMR295C,1,-3.0675678,0.5840830206871033,0.843999981880188,0.060100000351667404
YER138C,YPR098C,0,-3.0710478,0.5836791396141052,0.843999981880188,0.06019999831914902
YHR012W,YCL019W,0,-3.0715117,0.5832757353782654,0.843999981880188,0.06030000001192093
YDR077W,YNR036C,1,-3.0716891,0.583563506603241,0.8450000286102295,0.06030000001192093
YDR309C,YDL106C,0,-3.0718684,0.5831608176231384,0.8450000286102295,0.06040000170469284
YBR017C,YOR246C,0,-3.0721688,0.5827586054801941,0.8450000286102295,0.060499999672174454
YGL097W,YML114C,0,-3.0725546,0.5823569893836975,0.8450000286102295,0.060600001364946365
YGR282C,YJL004C,0,-3.0727391,0.5819559097290039,0.8450000286102295,0.06069999933242798
YOR181W,YFL002W-A,0,-3.074253,0.5815554261207581,0.8450000286102295,0.06080000102519989
YLR115W,YBL100W-B,0,-3.077219,0.5811554193496704,0.8450000286102295,0.0608999989926815
YAR050W,YBR015C,0,-3.0776515,0.5807560086250305,0.8450000286102295,0.061000000685453415
YHR193C,YFL016C,0,-3.0777445,0.5803571343421936,0.8450000286102295,0.06109999865293503
YBR070C,YJL173C,0,-3.081861,0.5799587965011597,0.8450000286102295,0.06120000034570694
YJR002W,YDR131C,0,-3.0820918,0.5795610547065735,0.8450000286102295,0.06129999831318855
YDR331W,YDR210C-D,0,-3.0845351,0.5791637897491455,0.8450000286102295,0.061400000005960464
YMR158W,YPR096C,1,-3.0850124,0.5794520378112793,0.8460000157356262,0.061400000005960464
YGR241C,YGR027W-A,0,-3.0878167,0.5790554285049438,0.8460000157356262,0.061500001698732376
YMR301C,YBR068C,0,-3.088564,0.5786593556404114,0.8460000157356262,0.06159999966621399
YLR020C,YPL088W,0,-3.0888867,0.5782638192176819,0.8460000157356262,0.0617000013589859
YDL126C,YGR266W,0,-3.0903506,0.5778688788414001,0.8460000157356262,0.061799999326467514
YOL070C,YLR448W,1,-3.0907426,0.5781570076942444,0.847000002861023,0.061799999326467514
YIR005W,YJL121C,0,-3.0913281,0.5777626037597656,0.847000002861023,0.061900001019239426
YPR016C,YKL099C,0,-3.0930376,0.5773687958717346,0.847000002861023,0.06199999898672104
YJR083C,YDL025C,0,-3.093346,0.5769754648208618,0.847000002861023,0.06210000067949295
YFL036W,YBR096W,0,-3.0940819,0.5765827298164368,0.847000002861023,0.062199998646974564
YDL088C,YPL262W,0,-3.0943437,0.5761904716491699,0.847000002861023,0.062300000339746475
YBR243C,YGR030C,0,-3.0952697,0.575798749923706,0.847000002861023,0.06239999830722809
YJR143C,YBR016W,0,-3.0957355,0.5754076242446899,0.847000002861023,0.0625
YGR103W,YGL231C,0,-3.095889,0.575016975402832,0.847000002861023,0.06260000169277191
YBL051C,YER087C-A,0,-3.0986352,0.5746268630027771,0.847000002861023,0.06270000338554382
YMR287C,YDR297W,0,-3.0991879,0.5742372870445251,0.847000002861023,0.06279999762773514
YNL164C,YLR410W-A,0,-3.1003942,0.5738482475280762,0.847000002861023,0.06289999932050705
YHR038W,YJR009C,0,-3.100728,0.5734597444534302,0.847000002861023,0.06300000101327896
YMR269W,YKR096W,1,-3.1018138,0.5737482905387878,0.8479999899864197,0.06300000101327896
YJR021C,YGR161W-A,0,-3.1025815,0.5733603835105896,0.8479999899864197,0.06310000270605087
YMR303C,YOL045W,0,-3.1036596,0.5729729533195496,0.8479999899864197,0.06319999694824219
YPR176C,YGR012W,0,-3.1040826,0.5725861191749573,0.8479999899864197,0.0632999986410141
YOR335C,YMR050C,0,-3.1043787,0.5721997022628784,0.8479999899864197,0.06340000033378601
YDL043C,YHR038W,0,-3.1044555,0.5718138813972473,0.8479999899864197,0.06350000202655792
YIL021W,YLR272C,0,-3.1071749,0.5714285969734192,0.8479999899864197,0.06360000371932983
YOL112W,YBL005W-B,0,-3.108045,0.5710437893867493,0.8479999899864197,0.06369999796152115
YOL112W,YIR026C,0,-3.1085057,0.5706595182418823,0.8479999899864197,0.06379999965429306
YGR166W,YEL077C,0,-3.1107016,0.5702757239341736,0.8479999899864197,0.06390000134706497
YFR040W,YLR126C,0,-3.1110878,0.5698924660682678,0.8479999899864197,0.06400000303983688
YMR303C,YJL133W,0,-3.1111107,0.569509744644165,0.8479999899864197,0.0640999972820282
YKL208W,YAL068C,0,-3.112516,0.5691275000572205,0.8479999899864197,0.06419999897480011
YDR178W,YOR192C-A,0,-3.1126318,0.5687457919120789,0.8479999899864197,0.06430000066757202
YJL219W,YBL100W-B,0,-3.1150484,0.5683646202087402,0.8479999899864197,0.06440000236034393
YIL095W,YPR204W,0,-3.1160717,0.5679839253425598,0.8479999899864197,0.06449999660253525
YLL011W,YKL218C,0,-3.116651,0.5676037669181824,0.8479999899864197,0.06459999829530716
YJL196C,YDL198C,0,-3.1177406,0.5672240853309631,0.8479999899864197,0.06469999998807907
YML006C,YDR464W,0,-3.1182656,0.5668449401855469,0.8479999899864197,0.06480000168085098
YEL055C,YOR142W-A,0,-3.1187148,0.5664662718772888,0.8479999899864197,0.0649000033736229
YHR081W,YDR034C-D,0,-3.1195083,0.5660881400108337,0.8479999899864197,0.06499999761581421
YDR283C,YMR193W,1,-3.120411,0.566377580165863,0.8489999771118164,0.06499999761581421
YPR144C,YMR302C,0,-3.1206355,0.5659999847412109,0.8489999771118164,0.06509999930858612
YLR386W,YBR127C,0,-3.1213183,0.5656229257583618,0.8489999771118164,0.06520000100135803
YMR276W,YNL131W,0,-3.1216855,0.5652463436126709,0.8489999771118164,0.06530000269412994
YBL091C,YNL092W,0,-3.1228628,0.5648702383041382,0.8489999771118164,0.06539999693632126
YLL042C,YER160C,0,-3.1233072,0.5644946694374084,0.8489999771118164,0.06549999862909317
YPL177C,YDR510W,0,-3.1240835,0.5641195774078369,0.8489999771118164,0.06560000032186508
YLR327C,YLL023C,1,-3.1247663,0.5644090175628662,0.8500000238418579,0.06560000032186508
YNL116W,YOR310C,0,-3.1256533,0.5640345215797424,0.8500000238418579,0.065700002014637
YDR034C-D,YJR129C,0,-3.1258602,0.5636605024337769,0.8500000238418579,0.0658000037074089
YKR039W,YHR065C,0,-3.12923,0.5632869601249695,0.8500000238418579,0.06589999794960022
YOR354C,YOR192C-B,0,-3.1293397,0.5629138946533203,0.8500000238418579,0.06599999964237213
YOR158W,YMR040W,1,-3.1293936,0.5632031559944153,0.8510000109672546,0.06599999964237213
YOL010W,YFR016C,0,-3.1294718,0.5628306865692139,0.8510000109672546,0.06610000133514404
YOR049C,YDL124W,0,-3.131404,0.5624586939811707,0.8510000109672546,0.06620000302791595
YGL195W,YHR020W,1,-3.1322474,0.5627477169036865,0.8519999980926514,0.06620000302791595
YIL125W,YPR158W-A,0,-3.1340632,0.5623762607574463,0.8519999980926514,0.06629999727010727
YDL066W,YNL217W,0,-3.1354456,0.5620052814483643,0.8519999980926514,0.06639999896287918
YML047C,YJL171C,0,-3.136073,0.5616347789764404,0.8519999980926514,0.06650000065565109
YFR053C,YPL060C-A,0,-3.1365495,0.5612648129463196,0.8519999980926514,0.066600002348423
YDR206W,YOL092W,0,-3.1374416,0.5608953237533569,0.8519999980926514,0.06669999659061432
YPL202C,YHL009W-B,0,-3.139532,0.5605263113975525,0.8519999980926514,0.06679999828338623
YDL067C,YCR036W,0,-3.1409206,0.5601577758789062,0.8519999980926514,0.06689999997615814
YKL114C,YJL034W,0,-3.1409698,0.559789776802063,0.8519999980926514,0.06700000166893005
YNL281W,YNL092W,0,-3.1411853,0.5594221949577332,0.8519999980926514,0.06710000336170197
YAR019C,YOR272W,0,-3.1414304,0.5590550899505615,0.8519999980926514,0.06719999760389328
YNL231C,YCL019W,0,-3.1421032,0.5586885213851929,0.8519999980926514,0.06729999929666519
YDL020C,YDR395W,0,-3.1423507,0.5583224296569824,0.8519999980926514,0.0674000009894371
YEL062W,YPR187W,0,-3.1428056,0.5579567551612854,0.8519999980926514,0.06750000268220901
YJR109C,YPL015C,0,-3.1431303,0.5575916171073914,0.8519999980926514,0.06759999692440033
YBR175W,YFL002W-B,0,-3.1435099,0.5572269558906555,0.8519999980926514,0.06769999861717224
YJR068W,YCL008C,0,-3.1439247,0.5568627715110779,0.8519999980926514,0.06780000030994415
YJL079C,YMR050C,0,-3.144627,0.5564990043640137,0.8519999980926514,0.06790000200271606
YDL025C,YNL115C,0,-3.1451402,0.5561357736587524,0.8519999980926514,0.06800000369548798
YFL011W-A,YMR139W,0,-3.1462092,0.5557730197906494,0.8519999980926514,0.06809999793767929
YCL011C,YKR078W,0,-3.1472564,0.5554106831550598,0.8519999980926514,0.0681999996304512
YKL003C,YDR026C,1,-3.147613,0.5557003021240234,0.8529999852180481,0.0681999996304512
YDL069C,YGR285C,1,-3.1480427,0.5559895634651184,0.8539999723434448,0.0681999996304512
YKR046C,YOR008C-A,0,-3.1484494,0.5556278228759766,0.8539999723434448,0.06830000132322311
YLR070C,YMR122W-A,0,-3.1485825,0.5552665591239929,0.8539999723434448,0.06840000301599503
YPL228W,YKL070W,0,-3.1496015,0.5549057722091675,0.8539999723434448,0.06849999725818634
YKR090W,YML045W,0,-3.1500826,0.5545454621315002,0.8539999723434448,0.06859999895095825
YOR157C,YGR042W,0,-3.1502361,0.5541855692863464,0.8539999723434448,0.06870000064373016
YLR451W,YKL062W,0,-3.150806,0.5538262128829956,0.8539999723434448,0.06880000233650208
YGL095C,YNL054W-B,0,-3.1514416,0.5534672737121582,0.8539999723434448,0.06889999657869339
YNL233W,YDR330W,0,-3.1521072,0.553108811378479,0.8539999723434448,0.0689999982714653
YOR047C,YOR228C,0,-3.1526175,0.552750825881958,0.8539999723434448,0.06909999996423721
YHR073W,YIL082W-A,0,-3.1528554,0.5523932576179504,0.8539999723434448,0.06920000165700912
YOR122C,YLL024C,0,-3.1554275,0.5520362257957458,0.8539999723434448,0.06930000334978104
YBL045C,YOR246C,0,-3.1557317,0.5516796112060547,0.8539999723434448,0.06939999759197235
YNL261W,YOR247W,0,-3.156406,0.551323413848877,0.8539999723434448,0.06949999928474426
YBR004C,YML045W,0,-3.1568513,0.5509677529335022,0.8539999723434448,0.06960000097751617
YMR140W,YPL002C,0,-3.1573563,0.5506125092506409,0.8539999723434448,0.06970000267028809
YFR046C,YDR210W-B,0,-3.1573987,0.5502577424049377,0.8539999723434448,0.0697999969124794
YPL268W,YHL009W-B,0,-3.1605067,0.549903392791748,0.8539999723434448,0.06989999860525131
YLR391W-A,YOR037W,0,-3.161129,0.5495495200157166,0.8539999723434448,0.07000000029802322
YPL173W,YPR096C,1,-3.16333,0.549839198589325,0.8550000190734863,0.07000000029802322
YOL052C,YOR192C-B,0,-3.1675892,0.5494858622550964,0.8550000190734863,0.07010000199079514
YGR256W,YGR161W-A,0,-3.1675892,0.5491329431533813,0.8550000190734863,0.07020000368356705
YEL020W-A,YMR050C,0,-3.1685152,0.5487805008888245,0.8550000190734863,0.07029999792575836
YBR302C,YOR151C,0,-3.1700225,0.548428475856781,0.8550000190734863,0.07039999961853027
YIL123W,YOR192C-A,0,-3.1705704,0.5480769276618958,0.8550000190734863,0.07050000131130219
YGL119W,YDR210W-A,0,-3.1718125,0.5477257966995239,0.8550000190734863,0.0706000030040741
YPL212C,YJL114W,0,-3.1721153,0.5473751425743103,0.8550000190734863,0.07069999724626541
YIL143C,YNL134C,0,-3.1724672,0.5470249652862549,0.8550000190734863,0.07079999893903732
YDR280W,YLR410W-A,0,-3.1749496,0.5466752052307129,0.8550000190734863,0.07090000063180923
YKL057C,YOR228C,0,-3.175973,0.5463258624076843,0.8550000190734863,0.07100000232458115
YPL085W,YCL019W,0,-3.1769466,0.545976996421814,0.8550000190734863,0.07109999656677246
YKL003C,YNL208W,1,-3.179246,0.5462667346000671,0.8560000061988831,0.07109999656677246
YLR361C,YOR192C-A,0,-3.1802974,0.545918345451355,0.8560000061988831,0.07119999825954437
YBR044C,YMR210W,0,-3.1810122,0.545570433139801,0.8560000061988831,0.07129999995231628
YNL048W,YHR079C-A,0,-3.181419,0.5452229380607605,0.8560000061988831,0.0714000016450882
YNL080C,YLR292C,0,-3.1817045,0.5448758602142334,0.8560000061988831,0.07150000333786011
YBL010C,YOR343W-A,0,-3.182766,0.5445292592048645,0.8560000061988831,0.07159999758005142
YER117W,YDL134C-A,1,-3.1830053,0.5448188185691833,0.8569999933242798,0.07159999758005142
YBR059C,YCL066W,0,-3.1835322,0.5444726943969727,0.8569999933242798,0.07169999927282333
YLR361C,YDR261W-B,0,-3.1842055,0.5441269874572754,0.8569999933242798,0.07180000096559525
YPL218W,YPR174C,0,-3.18461,0.5437816977500916,0.8569999933242798,0.07190000265836716
YOR261C,YFL026W,0,-3.1868567,0.5434368848800659,0.8569999933242798,0.07199999690055847
YMR223W,YLR035C-A,0,-3.1870232,0.5430925488471985,0.8569999933242798,0.07209999859333038
YNL080C,YFR045W,0,-3.1883245,0.5427485704421997,0.8569999933242798,0.0722000002861023
YDL075W,YEL043W,1,-3.1903386,0.5430379509925842,0.8579999804496765,0.0722000002861023
YLR100W,YDR316W-B,0,-3.1913018,0.5426945090293884,0.8579999804496765,0.0723000019788742
YMR192W,YDR131C,0,-3.1920042,0.5423514246940613,0.8579999804496765,0.07240000367164612
YBR121C,YLR292C,0,-3.1920266,0.5420088171958923,0.8579999804496765,0.07249999791383743
YLR227W-A,YML037C,0,-3.1937704,0.5416666865348816,0.8579999804496765,0.07259999960660934
YKL129C,YDR308C,0,-3.1944928,0.5413249135017395,0.8579999804496765,0.07270000129938126
YDR283C,YPR091C,1,-3.194717,0.5416141152381897,0.859000027179718,0.07270000129938126
YPR184W,YGL020C,0,-3.1956735,0.5412728190422058,0.859000027179718,0.07280000299215317
YOL082W,YGR125W,0,-3.195797,0.5409319996833801,0.859000027179718,0.07289999723434448
YGL227W,YBL100W-B,0,-3.196004,0.5405915379524231,0.859000027179718,0.0729999989271164
YOR010C,YOR192C-A,0,-3.1968555,0.5402515530586243,0.859000027179718,0.0731000006198883
YKL074C,YGL226C-A,0,-3.1972432,0.5399119853973389,0.859000027179718,0.07320000231266022
YKL110C,YHL034C,0,-3.1985931,0.5395728349685669,0.859000027179718,0.07329999655485153
YBL058W,YBR058C-A,0,-3.1985974,0.5392341613769531,0.859000027179718,0.07339999824762344
YPR190C,YOR142W-A,0,-3.198707,0.538895845413208,0.859000027179718,0.07349999994039536
YER086W,YBL100W-B,0,-3.199174,0.5385580062866211,0.859000027179718,0.07360000163316727
YHR005C,YER137C-A,0,-3.1996326,0.5382205247879028,0.859000027179718,0.07370000332593918
YOR264W,YDL119C,0,-3.2006736,0.5378835201263428,0.859000027179718,0.0737999975681305
YKL026C,YDL012C,0,-3.2007399,0.5375469326972961,0.859000027179718,0.0738999992609024
YDL044C,YKR001C,0,-3.2010326,0.5372107625007629,0.859000027179718,0.07400000095367432
YER088C,YGR161C-C,0,-3.2016892,0.5368750095367432,0.859000027179718,0.07410000264644623
YHR104W,YLR384C,0,-3.2035923,0.5365396738052368,0.859000027179718,0.07419999688863754
YCR063W,YLR410W-A,0,-3.2046719,0.5362047553062439,0.859000027179718,0.07429999858140945
YGR014W,YML055W,0,-3.2051263,0.5358702540397644,0.859000027179718,0.07440000027418137
YDR116C,YDL134C-A,1,-3.2061758,0.5361595749855042,0.8600000143051147,0.07440000027418137
YLR102C,YOR192C-A,0,-3.2066264,0.5358255505561829,0.8600000143051147,0.07450000196695328
YBL039C,YPL257W-B,0,-3.2080665,0.5354918837547302,0.8600000143051147,0.07460000365972519
YPL043W,YLR455W,0,-3.2081203,0.5351586937904358,0.8600000143051147,0.0746999979019165
YER017C,YOL124C,0,-3.20884,0.53482586145401,0.8600000143051147,0.07479999959468842
YLR195C,YBR141C,0,-3.2123175,0.5344934463500977,0.8600000143051147,0.07490000128746033
YLR295C,YCR087C-A,0,-3.2126555,0.5341615080833435,0.8600000143051147,0.07500000298023224
YDR486C,YEL077C,0,-3.21278,0.533829927444458,0.8600000143051147,0.07509999722242355
YPL275W,YLR337C,0,-3.212954,0.5334987640380859,0.8600000143051147,0.07519999891519547
YGL019W,YPL257W-A,0,-3.2131057,0.5331680178642273,0.8600000143051147,0.07530000060796738
YML112W,YDL052C,0,-3.213873,0.5328376889228821,0.8600000143051147,0.07540000230073929
YOR219C,YPL060C-A,0,-3.2139282,0.5325077176094055,0.8600000143051147,0.0754999965429306
YNL004W,YDR352W,0,-3.2143617,0.5321782231330872,0.8600000143051147,0.07559999823570251
YFR048W,YBR024W,0,-3.2148347,0.5318490862846375,0.8600000143051147,0.07569999992847443
YLR009W,YOR290C,0,-3.2152014,0.5315203666687012,0.8600000143051147,0.07580000162124634
YNL126W,YFL052W,0,-3.2162857,0.5311920642852783,0.8600000143051147,0.07590000331401825
YNL292W,YPR018W,0,-3.2167068,0.5308641791343689,0.8600000143051147,0.07599999755620956
YGL226C-A,YHL008C,0,-3.217455,0.5305367112159729,0.8600000143051147,0.07609999924898148
YMR009W,YGL120C,0,-3.2176423,0.5302096009254456,0.8600000143051147,0.07620000094175339
YPR120C,YLR227W-A,0,-3.2180429,0.5298829078674316,0.8600000143051147,0.0763000026345253
YJL112W,YNL054W-B,0,-3.2184534,0.5295566320419312,0.8600000143051147,0.07639999687671661
YJR125C,YER048W-A,0,-3.2192316,0.5292307734489441,0.8600000143051147,0.07649999856948853
YER177W,YDR261C-D,0,-3.219276,0.5289052724838257,0.8600000143051147,0.07660000026226044
YDR210W-B,YPR174C,0,-3.2202024,0.5285801887512207,0.8600000143051147,0.07670000195503235
YOR074C,YPL088W,0,-3.2205763,0.5282555222511292,0.8600000143051147,0.07680000364780426
YLR316C,YJR029W,0,-3.2225723,0.527931272983551,0.8600000143051147,0.07689999788999557
YMR316W,YDR210W-A,0,-3.22267,0.5276073813438416,0.8600000143051147,0.07699999958276749
YJR125C,YCL054W,0,-3.2238283,0.5272838473320007,0.8600000143051147,0.0771000012755394
YJL087C,YER160C,0,-3.2239852,0.5269607901573181,0.8600000143051147,0.07720000296831131
YDR077W,YNL311C,1,-3.2245722,0.5272504687309265,0.8610000014305115,0.07720000296831131
YOR158W,YHL035C,1,-3.228386,0.5275397896766663,0.8619999885559082,0.07720000296831131
YJL008C,YIL067C,0,-3.2285032,0.5272171497344971,0.8619999885559082,0.07729999721050262
YEL060C,YPR016C,0,-3.228773,0.5268948674201965,0.8619999885559082,0.07739999890327454
YOR086C,YOR110W,0,-3.2305555,0.5265730023384094,0.8619999885559082,0.07750000059604645
YML054C,YGR238C,0,-3.231318,0.5262515544891357,0.8619999885559082,0.07760000228881836
YGR094W,YNL054W-B,0,-3.2353206,0.5259304642677307,0.8619999885559082,0.07769999653100967
YLR438C-A,YNL145W,0,-3.2360783,0.5256097316741943,0.8619999885559082,0.07779999822378159
YOR103C,YNL217W,0,-3.2371588,0.5252894759178162,0.8619999885559082,0.0778999999165535
YBL030C,YLR297W,0,-3.2376919,0.5249695777893066,0.8619999885559082,0.07800000160932541
YNL145W,YDR261C-D,0,-3.2384067,0.5246500372886658,0.8619999885559082,0.07810000330209732
YER011W,YMR046C,0,-3.238421,0.5243309140205383,0.8619999885559082,0.07819999754428864
YAL040C,YOR142W-A,0,-3.2390237,0.5240121483802795,0.8619999885559082,0.07829999923706055
YGR197C,YLR237W,0,-3.240405,0.5236937999725342,0.8619999885559082,0.07840000092983246
YNL091W,YNL284C-B,0,-3.2407718,0.5233758091926575,0.8619999885559082,0.07850000262260437
YDL059C,YGR122W,0,-3.2411184,0.5230582356452942,0.8619999885559082,0.07859999686479568
YBR302C,YHL034C,0,-3.24339,0.5227410793304443,0.8619999885559082,0.0786999985575676
YNL236W,YBR139W,0,-3.243925,0.5224242210388184,0.8619999885559082,0.07880000025033951
YMR069W,YLR227W-A,0,-3.2461195,0.5221078395843506,0.8619999885559082,0.07890000194311142
YPR145W,YOL060C,0,-3.2462678,0.5217917561531067,0.8619999885559082,0.07900000363588333
YPL146C,YOR273C,0,-3.2487245,0.5214760899543762,0.8619999885559082,0.07909999787807465
YER086W,YCR053W,0,-3.2491875,0.5211608409881592,0.8619999885559082,0.07919999957084656
YLR384C,YKL099C,0,-3.2495866,0.5208459496498108,0.8619999885559082,0.07930000126361847
YIL120W,YAR009C,0,-3.2496176,0.520531415939331,0.8619999885559082,0.07940000295639038
YLL018C,YGR222W,0,-3.2499194,0.52021723985672,0.8619999885559082,0.0794999971985817
YBR017C,YOR142W-B,0,-3.2519817,0.5199034810066223,0.8619999885559082,0.07959999889135361
YER081W,YBR175W,0,-3.2522936,0.5195901393890381,0.8619999885559082,0.07970000058412552
YPL262W,YDR306C,0,-3.2531462,0.5192770957946777,0.8619999885559082,0.07980000227689743
YFR025C,YLR044C,0,-3.2532682,0.5189644694328308,0.8619999885559082,0.07989999651908875
YDR188W,YGL144C,0,-3.253758,0.5186522006988525,0.8619999885559082,0.07999999821186066
YCR018C,YBL005W-B,0,-3.255063,0.5183403491973877,0.8619999885559082,0.08009999990463257
YNL199C,YGL157W,0,-3.25531,0.5180288553237915,0.8619999885559082,0.08020000159740448
YHR039C-A,YOR192C-A,0,-3.256199,0.517717719078064,0.8619999885559082,0.08030000329017639
YHR044C,YDL119C,0,-3.2566357,0.5174069404602051,0.8619999885559082,0.0803999975323677
YOL142W,YER087W,0,-3.2573261,0.5170965790748596,0.8619999885559082,0.08049999922513962
YLR355C,YML103C,0,-3.258019,0.5167865753173828,0.8619999885559082,0.08060000091791153
YBR015C,YGR008C,0,-3.2581916,0.5164769291877747,0.8619999885559082,0.08070000261068344
YPR110C,YDR261C-C,0,-3.258358,0.5161676406860352,0.8619999885559082,0.08079999685287476
YNL192W,YCL054W,0,-3.258986,0.5158587694168091,0.8619999885559082,0.08089999854564667
YMR221C,YDR073W,0,-3.2597213,0.5155502557754517,0.8619999885559082,0.08100000023841858
YGL157W,YLR227W-A,0,-3.262629,0.5152420997619629,0.8619999885559082,0.08110000193119049
YJL204C,YHR039C-A,0,-3.264135,0.5149343013763428,0.8619999885559082,0.0812000036239624
YGL135W,YDL134C-A,1,-3.2650871,0.5152238607406616,0.8629999756813049,0.0812000036239624
YLR093C,YBR044C,0,-3.2655005,0.5149164795875549,0.8629999756813049,0.08129999786615372
YBR302C,YLR345W,0,-3.2658854,0.5146093964576721,0.8629999756813049,0.08139999955892563
YHR146W,YNR061C,0,-3.266224,0.5143027305603027,0.8629999756813049,0.08150000125169754
YBR109C,YBR016W,0,-3.2663307,0.513996422290802,0.8629999756813049,0.08160000294446945
YCR063W,YLR321C,0,-3.2674394,0.5136904716491699,0.8629999756813049,0.08169999718666077
YDR536W,YDR307W,0,-3.268424,0.5133848786354065,0.8629999756813049,0.08179999887943268
YIR015W,YDR261W-B,0,-3.2700515,0.5130796432495117,0.8629999756813049,0.08190000057220459
YOR391C,YJR042W,0,-3.2700891,0.5127748250961304,0.8629999756813049,0.0820000022649765
YML013W,YLR227W-A,0,-3.2702608,0.5124703049659729,0.8629999756813049,0.08209999650716782
YJR005W,YGL174W,0,-3.2702637,0.5121661424636841,0.8629999756813049,0.08219999819993973
YAR014C,YPR158W-A,0,-3.270678,0.5118623971939087,0.8629999756813049,0.08229999989271164
YLR312W-A,YGL049C,1,-3.2714,0.5121517777442932,0.8640000224113464,0.08229999989271164
YHL011C,YLL054C,0,-3.2718945,0.5118483304977417,0.8640000224113464,0.08240000158548355
YNL201C,YOR305W,0,-3.2719913,0.5115453004837036,0.8640000224113464,0.08250000327825546
YLR155C,YNL160W,0,-3.2723289,0.5112426280975342,0.8640000224113464,0.08259999752044678
YFL002W-B,YLL067C,0,-3.2730823,0.5109402537345886,0.8640000224113464,0.08269999921321869
YMR312W,YER137C-A,0,-3.2733965,0.5106382966041565,0.8640000224113464,0.0828000009059906
YDL118W,YPR158C-C,0,-3.274651,0.510336697101593,0.8640000224113464,0.08290000259876251
YGL173C,YLR335W,0,-3.2764134,0.5100353956222534,0.8640000224113464,0.08299999684095383
YGL020C,YBL068W,0,-3.2782059,0.5097345113754272,0.8640000224113464,0.08309999853372574
YHL016C,YLR410W-B,0,-3.2784142,0.5094339847564697,0.8640000224113464,0.08320000022649765
YGL068W,YOL138C,1,-3.2805285,0.5097230672836304,0.8650000095367432,0.08320000022649765
YLR229C,YIL068C,0,-3.2805672,0.5094228386878967,0.8650000095367432,0.08330000191926956
YJL207C,YDL136W,1,-3.2845178,0.5097116231918335,0.8659999966621399,0.08330000191926956
YGR254W,YKR046C,0,-3.2847419,0.5094117522239685,0.8659999966621399,0.08340000361204147
YDR087C,YCL074W,0,-3.2850504,0.5091122984886169,0.8659999966621399,0.08349999785423279
YLR319C,YMR050C,0,-3.2853012,0.5088131427764893,0.8659999966621399,0.0835999995470047
YDL236W,YFL002W-B,0,-3.2853136,0.508514404296875,0.8659999966621399,0.08370000123977661
YPR124W,YLR321C,0,-3.2860222,0.5082159638404846,0.8659999966621399,0.08380000293254852
YKR003W,YPR114W,0,-3.287352,0.5079178810119629,0.8659999966621399,0.08389999717473984
YBR085W,YHL016C,0,-3.28784,0.5076201558113098,0.8659999966621399,0.08399999886751175
YLR078C,YPL257W-B,0,-3.2899132,0.5073227882385254,0.8659999966621399,0.08410000056028366
YPR047W,YOL103W-A,0,-3.2908545,0.5070257782936096,0.8659999966621399,0.08420000225305557
YPL104W,YOR192C-A,0,-3.2923174,0.5067290663719177,0.8659999966621399,0.08429999649524689
YLR295C,YHL050C,0,-3.2926612,0.5064327716827393,0.8659999966621399,0.0843999981880188
YLR332W,YCR016W,0,-3.296783,0.5061367750167847,0.8659999966621399,0.08449999988079071
YJR053W,YCR016W,0,-3.2968464,0.5058411359786987,0.8659999966621399,0.08460000157356262
YNL044W,YDR056C,0,-3.2973762,0.5055458545684814,0.8659999966621399,0.08470000326633453
YIL075C,YLR410W-B,0,-3.2973905,0.505250871181488,0.8659999966621399,0.08479999750852585
YDR316W-B,YPL257W-B,0,-3.2977743,0.5049562454223633,0.8659999966621399,0.08489999920129776
YGL084C,YJL124C,0,-3.2978015,0.5046619772911072,0.8659999966621399,0.08500000089406967
YJR092W,YDL124W,0,-3.2980733,0.5043680667877197,0.8659999966621399,0.08510000258684158
YMR179W,YNR021W,0,-3.2981777,0.5040745139122009,0.8659999966621399,0.0851999968290329
YKR046C,YML093W,0,-3.3001027,0.503781259059906,0.8659999966621399,0.08529999852180481
YMR089C,YDR210W-B,0,-3.3021064,0.5034883618354797,0.8659999966621399,0.08540000021457672
YDR507C,YDR071C,0,-3.3025637,0.5031958222389221,0.8659999966621399,0.08550000190734863
YNL077W,YIL177C,0,-3.3037758,0.5029035806655884,0.8659999966621399,0.08560000360012054
YPR182W,YFL002W-B,0,-3.3038898,0.5026116967201233,0.8659999966621399,0.08569999784231186
YLR096W,YHL008C,0,-3.3042264,0.5023201704025269,0.8659999966621399,0.08579999953508377
YOR155C,YCL019W,0,-3.3067255,0.5020290017127991,0.8659999966621399,0.08590000122785568
YHR069C,YBR058C-A,0,-3.307364,0.5017381310462952,0.8659999966621399,0.0860000029206276
YNL278W,YDR261C-D,0,-3.3095264,0.5014476180076599,0.8659999966621399,0.08609999716281891
YPL266W,YGR161C-C,0,-3.310389,0.5011574029922485,0.8659999966621399,0.08619999885559082
YKL134C,YKL140W,0,-3.3105502,0.5008675456047058,0.8659999966621399,0.08630000054836273
YJL151C,YML039W,0,-3.3110585,0.5005780458450317,0.8659999966621399,0.08640000224113464
YDR316W,YDL058W,0,-3.3111877,0.5002888441085815,0.8659999966621399,0.08649999648332596
YGR186W,YLR035C-A,0,-3.3116646,0.5,0.8659999966621399,0.08659999817609787
YJL173C,YEL026W,0,-3.3121176,0.4997114837169647,0.8659999966621399,0.08669999986886978
YNR043W,YGR042W,0,-3.3128076,0.4994232952594757,0.8659999966621399,0.0868000015616417
YOR130C,YGR038C-B,0,-3.3157372,0.49913543462753296,0.8659999966621399,0.0869000032544136
YFL010W-A,YDR306C,0,-3.3161807,0.49884793162345886,0.8659999966621399,0.08699999749660492
YGR119C,YER160C,0,-3.318048,0.49856072664260864,0.8659999966621399,0.08709999918937683
YGR028W,YHR072W-A,0,-3.3186116,0.4982738792896271,0.8659999966621399,0.08720000088214874
YEL071W,YNR021W,0,-3.3187485,0.4979873597621918,0.8659999966621399,0.08730000257492065
YIL046W,YGR161C-C,0,-3.3190732,0.49770113825798035,0.8659999966621399,0.08739999681711197
YGR282C,YPL162C,0,-3.319191,0.4974152743816376,0.8659999966621399,0.08749999850988388
YIL043C,YBL005W-B,0,-3.3202224,0.49712973833084106,0.8659999966621399,0.08760000020265579
YIL155C,YMR089C,0,-3.320654,0.4968445301055908,0.8659999966621399,0.0877000018954277
YKL038W,YER019C-A,0,-3.3212614,0.49655961990356445,0.8659999966621399,0.08780000358819962
YDR022C,YKL067W,0,-3.322184,0.49627506732940674,0.8659999966621399,0.08789999783039093
YER168C,YOR246C,0,-3.3242369,0.4959908425807953,0.8659999966621399,0.08799999952316284
YER013W,YNR061C,0,-3.324494,0.4957069158554077,0.8659999966621399,0.08810000121593475
YLL057C,YGR161W-A,0,-3.3256297,0.4954233467578888,0.8659999966621399,0.08820000290870667
YNL066W,YHL017W,0,-3.3258214,0.49514007568359375,0.8659999966621399,0.08829999715089798
YOL070C,YDR025W,1,-3.3259444,0.49542856216430664,0.8669999837875366,0.08829999715089798
YPR105C,YNL115C,0,-3.3278666,0.49514561891555786,0.8669999837875366,0.08839999884366989
YHR186C,YBL113C,0,-3.3281446,0.49486300349235535,0.8669999837875366,0.0885000005364418
YFL011W,YDR330W,0,-3.3292055,0.4945807158946991,0.8669999837875366,0.08860000222921371
YOR374W,YOR126C,0,-3.3293552,0.4942987561225891,0.8669999837875366,0.08869999647140503
YFR014C,YGL144C,0,-3.3310885,0.494017094373703,0.8669999837875366,0.08879999816417694
YPR128C,YBL061C,0,-3.3332238,0.49373576045036316,0.8669999837875366,0.08889999985694885
YHL013C,YDL133C-A,1,-3.3337612,0.4940239191055298,0.8679999709129333,0.08889999985694885
YER118C,YJL216C,0,-3.3338299,0.4937428832054138,0.8679999709129333,0.08900000154972076
YDR337W,YEL047C,1,-3.3343515,0.4940307140350342,0.8690000176429749,0.08900000154972076
YCR053W,YDR261C-C,0,-3.3350472,0.4937500059604645,0.8690000176429749,0.08910000324249268
YLR224W,YPL257W-A,0,-3.3359685,0.49346962571144104,0.8690000176429749,0.08919999748468399
YBR038W,YDR210W-B,0,-3.336697,0.4931895434856415,0.8690000176429749,0.0892999991774559
YOR198C,YDL180W,0,-3.3377752,0.49290981888771057,0.8690000176429749,0.08940000087022781
YLR008C,YDL130W-A,0,-3.3386765,0.49263039231300354,0.8690000176429749,0.08950000256299973
YGL252C,YPL257W-B,0,-3.3401093,0.4923512637615204,0.8690000176429749,0.08959999680519104
YHR215W,YJL176C,0,-3.3401308,0.4920724928379059,0.8690000176429749,0.08969999849796295
YMR193W,YJL028W,1,-3.3411345,0.4923599362373352,0.8700000047683716,0.08969999849796295
YNL325C,YIL082W-A,0,-3.3413882,0.4920814335346222,0.8700000047683716,0.08980000019073486
YGR161C-C,YLR040C,0,-3.341402,0.49180328845977783,0.8700000047683716,0.08990000188350677
YGR030C,YGR104C,0,-3.3415337,0.49152541160583496,0.8700000047683716,0.09000000357627869
YHR055C,YDR261C-D,0,-3.3426895,0.49124789237976074,0.8700000047683716,0.09009999781847
YBL036C,YPL206C,0,-3.3430333,0.490970641374588,0.8700000047683716,0.09019999951124191
YDR512C,YEL026W,0,-3.3444266,0.49069374799728394,0.8700000047683716,0.09030000120401382
YGL119W,YBR002C,0,-3.344448,0.49041712284088135,0.8700000047683716,0.09040000289678574
YPL104W,YDR261C-C,0,-3.344983,0.4901408553123474,0.8700000047683716,0.09049999713897705
YHR080C,YNR036C,1,-3.3460665,0.4904279410839081,0.8709999918937683,0.09049999713897705
YBR042C,YGR095C,0,-3.3472762,0.49015194177627563,0.8709999918937683,0.09059999883174896
YGR061C,YOR292C,0,-3.3473039,0.48987627029418945,0.8709999918937683,0.09070000052452087
YCL055W,YGR161W-A,0,-3.3473215,0.48960089683532715,0.8709999918937683,0.09080000221729279
YJR041C,YGR038C-B,0,-3.34762,0.4893258512020111,0.8709999918937683,0.0908999964594841
YKL163W,YDR210W-A,0,-3.347918,0.48905110359191895,0.8709999918937683,0.09099999815225601
YHL013C,YFR032C-A,1,-3.3484817,0.48933783173561096,0.871999979019165,0.09099999815225601
YBR233W-A,YEL022W,0,-3.348741,0.4890633821487427,0.871999979019165,0.09109999984502792
YDR365W-A,YMR166C,0,-3.3496594,0.48878923058509827,0.871999979019165,0.09120000153779984
YKL150W,YDR238C,0,-3.3503904,0.4885154068470001,0.871999979019165,0.09130000323057175
YLR383W,YDL119C,0,-3.350656,0.48824188113212585,0.871999979019165,0.09139999747276306
YLR044C,YPR107C,0,-3.3510795,0.48796865344047546,0.871999979019165,0.09149999916553497
YHR005C,YNL031C,0,-3.351502,0.48769575357437134,0.871999979019165,0.09160000085830688
YBR271W,YLR410W-A,0,-3.3524446,0.4874231517314911,0.871999979019165,0.0917000025510788
YDL118W,YJR015W,0,-3.3528376,0.4871508479118347,0.871999979019165,0.09179999679327011
YGL148W,YLR227W-A,0,-3.353067,0.4868788421154022,0.871999979019165,0.09189999848604202
YKR048C,YPL179W,0,-3.3538475,0.4866071343421936,0.871999979019165,0.09200000017881393
YDR119W,YDR210C-D,0,-3.3542352,0.48633575439453125,0.871999979019165,0.09210000187158585
YMR172W,YDL185W,0,-3.3543777,0.4860646724700928,0.871999979019165,0.09220000356435776
YDL059C,YOR045W,0,-3.3553257,0.4857938587665558,0.871999979019165,0.09229999780654907
YBL079W,YBR096W,0,-3.3562546,0.48552337288856506,0.871999979019165,0.09239999949932098
YBR288C,YOR142W-A,0,-3.3568225,0.4852531850337982,0.871999979019165,0.0925000011920929
YMR101C,YGR027W-A,0,-3.3568225,0.48498332500457764,0.871999979019165,0.09260000288486481
YLR131C,YNL284C-B,0,-3.358389,0.48471373319625854,0.871999979019165,0.09269999712705612
YJL103C,YDR316W-A,0,-3.3584886,0.48444443941116333,0.871999979019165,0.09279999881982803
YOL010W,YCR053W,0,-3.3588014,0.484175443649292,0.871999979019165,0.09290000051259995
YJL148W,YHL017W,0,-3.3597078,0.4839067757129669,0.871999979019165,0.09300000220537186
YMR213W,YNL070W,0,-3.3618999,0.48363837599754333,0.871999979019165,0.09309999644756317
YML022W,YJL061W,0,-3.3628144,0.48337027430534363,0.871999979019165,0.09319999814033508
YMR224C,YDR261C-C,0,-3.362916,0.4831025004386902,0.871999979019165,0.093299999833107
YJR006W,YER138C,0,-3.3633647,0.48283499479293823,0.871999979019165,0.0934000015258789
YMR264W,YOR192C-B,0,-3.3634133,0.48256778717041016,0.871999979019165,0.09350000321865082
YBR129C,YPR137C-B,0,-3.3648806,0.48230087757110596,0.871999979019165,0.09359999746084213
YDR430C,YER107C,0,-3.3651614,0.48203426599502563,0.871999979019165,0.09369999915361404
YBR072W,YNR046W,0,-3.3662806,0.4817679524421692,0.871999979019165,0.09380000084638596
YER016W,YGR161C-C,0,-3.3670397,0.4815019369125366,0.871999979019165,0.09390000253915787
YBR061C,YFL002W-A,0,-3.3683581,0.48123618960380554,0.871999979019165,0.09399999678134918
YBR102C,YGL231C,0,-3.3685966,0.4809707701206207,0.871999979019165,0.0940999984741211
YLR110C,YBL102W,0,-3.3687634,0.4807056188583374,0.871999979019165,0.094200000166893
YDL012C,YGR161C-D,0,-3.3692322,0.48044076561927795,0.871999979019165,0.09430000185966492
YJL079C,YGR027W-A,0,-3.369401,0.4801762104034424,0.871999979019165,0.09440000355243683
YJR044C,YOL092W,0,-3.3701415,0.4799119532108307,0.871999979019165,0.09449999779462814
YFR033C,YLR346C,0,-3.3712234,0.4796479642391205,0.871999979019165,0.09459999948740005
YGL252C,YGL039W,0,-3.371255,0.47938427329063416,0.871999979019165,0.09470000118017197
YKL138C,YPR091C,1,-3.3714838,0.47967031598091125,0.8730000257492065,0.09470000118017197
YLR391W-A,YKL103C,0,-3.3716245,0.4794069230556488,0.8730000257492065,0.09480000287294388
YJL146W,YPL257W-B,0,-3.3719258,0.47914379835128784,0.8730000257492065,0.09489999711513519
YDR518W,YGR027W-B,0,-3.3724785,0.47888097167015076,0.8730000257492065,0.0949999988079071
YDR318W,YLR410W-A,0,-3.3736567,0.47861841320991516,0.8730000257492065,0.09510000050067902
YDR283C,YKL222C,1,-3.374179,0.4789040982723236,0.8740000128746033,0.09510000050067902
YGL249W,YMR210W,0,-3.374497,0.4786418378353119,0.8740000128746033,0.09520000219345093
YGL019W,YOR192C-A,0,-3.3754716,0.47837984561920166,0.8740000128746033,0.09529999643564224
YHR119W,YNL070W,0,-3.3757586,0.4781181514263153,0.8740000128746033,0.09539999812841415
YGR206W,YGR161C-C,0,-3.3759637,0.47785675525665283,0.8740000128746033,0.09549999982118607
YGL043W,YDR210W-A,0,-3.3760252,0.47759562730789185,0.8740000128746033,0.09560000151395798
YPR057W,YMR210W,0,-3.3763647,0.47733479738235474,0.8740000128746033,0.09570000320672989
YLR410W-A,YPR137C-B,0,-3.3767781,0.4770742356777191,0.8740000128746033,0.0957999974489212
YCR010C,YDR034C-D,0,-3.378477,0.4768139719963074,0.8740000128746033,0.09589999914169312
YGL071W,YGL187C,0,-3.3788476,0.4765539765357971,0.8740000128746033,0.09600000083446503
YCL012W,YLR414C,0,-3.3791375,0.47629427909851074,0.8740000128746033,0.09610000252723694
YLR363C,YBR139W,0,-3.3798132,0.47603484988212585,0.8740000128746033,0.09619999676942825
YLR401C,YGR070W,0,-3.3807468,0.47577571868896484,0.8740000128746033,0.09629999846220016
YLR240W,YDR261C-C,0,-3.3812299,0.4755168557167053,0.8740000128746033,0.09640000015497208
YLR438C-A,YOR219C,0,-3.3825388,0.4752582907676697,0.8740000128746033,0.09650000184774399
YJR016C,YLL014W,0,-3.382616,0.4749999940395355,0.8740000128746033,0.0966000035405159
YPL093W,YDR177W,0,-3.38306,0.47474199533462524,0.8740000128746033,0.09669999778270721
YLR176C,YNL313C,0,-3.3830895,0.47448426485061646,0.8740000128746033,0.09679999947547913
YPL174C,YPL113C,0,-3.3831453,0.47422680258750916,0.8740000128746033,0.09690000116825104
YNL139C,YLL067C,0,-3.384098,0.47396963834762573,0.8740000128746033,0.09700000286102295
YLR014C,YDR034C-D,0,-3.3847399,0.4737127423286438,0.8740000128746033,0.09709999710321426
YCR083W,YJL113W,0,-3.3847446,0.47345611453056335,0.8740000128746033,0.09719999879598618
YOR197W,YFL035C-A,0,-3.3854632,0.4731997847557068,0.8740000128746033,0.09730000048875809
YLR431C,YGL157W,0,-3.3855114,0.4729437232017517,0.8740000128746033,0.09740000218153
YML106W,YOL103W-A,0,-3.3858953,0.4726879298686981,0.8740000128746033,0.09749999642372131
YDR393W,YHR149C,0,-3.3860197,0.4724324345588684,0.8740000128746033,0.09759999811649323
YGL234W,YNR073C,0,-3.3860455,0.4721772074699402,0.8740000128746033,0.09769999980926514
YJL020C,YOR095C,0,-3.386518,0.47192224860191345,0.8740000128746033,0.09780000150203705
YMR300C,YIL083C,0,-3.3865852,0.4716675579547882,0.8740000128746033,0.09790000319480896
YMR300C,YMR241W,0,-3.388114,0.47141316533088684,0.8740000128746033,0.09799999743700027
YKR088C,YOR343W-A,0,-3.3881664,0.47115904092788696,0.8740000128746033,0.09809999912977219
YKR013W,YOL103W-A,0,-3.389813,0.4709051847457886,0.8740000128746033,0.0982000008225441
YDR519W,YNL054W-B,0,-3.3909073,0.4706515967845917,0.8740000128746033,0.09830000251531601
YFR052W,YGR181W,0,-3.3912373,0.47039827704429626,0.8740000128746033,0.09839999675750732
YOL010W,YOL142W,0,-3.3913555,0.47014522552490234,0.8740000128746033,0.09849999845027924
YBR004C,YDR142C,0,-3.3924308,0.4698924720287323,0.8740000128746033,0.09860000014305115
YPL059W,YJL029C,0,-3.3942628,0.46963998675346375,0.8740000128746033,0.09870000183582306
YOL077W-A,YPR204W,0,-3.3955607,0.4693877696990967,0.8740000128746033,0.09880000352859497
YJR070C,YOR270C,0,-3.3964324,0.4691357910633087,0.8740000128746033,0.09889999777078629
YLR391W,YMR256C,0,-3.3964515,0.46888411045074463,0.8740000128746033,0.0989999994635582
YEL027W,YNL015W,0,-3.3967814,0.46863269805908203,0.8740000128746033,0.09910000115633011
YJL111W,YGR038C-B,0,-3.3969479,0.4683815538883209,0.8740000128746033,0.09920000284910202
YLL022C,YGR038C-B,0,-3.39718,0.4681306779384613,0.8740000128746033,0.09929999709129333
YNL133C,YDR210W-A,0,-3.3977365,0.46788010001182556,0.8740000128746033,0.09939999878406525
YIL074C,YDR261C-C,0,-3.3978806,0.4676297605037689,0.8740000128746033,0.09950000047683716
YGL046W,YGR161W-A,0,-3.3981862,0.46737968921661377,0.8740000128746033,0.09960000216960907
YCR058C,YNR073C,0,-3.3981862,0.4671298861503601,0.8740000128746033,0.09969999641180038
YKL097W-A,YMR221C,0,-3.3981862,0.46688035130500793,0.8740000128746033,0.0997999981045723
YMR119W,YER053C-A,0,-3.3981862,0.46663108468055725,0.8740000128746033,0.09989999979734421
YJL158C,YHL009W-A,0,-3.3981862,0.46638205647468567,0.8740000128746033,0.10000000149011612
YGL137W,YER053C-A,0,-3.3981862,0.46613332629203796,0.8740000128746033,0.10010000318288803
YMR199W,YNL284C-A,0,-3.3981862,0.46588486433029175,0.8740000128746033,0.10019999742507935
YDR331W,YDR210W-C,0,-3.3981862,0.46563664078712463,0.8740000128746033,0.10029999911785126
YER108C,YKL075C,0,-3.3981862,0.4653887152671814,0.8740000128746033,0.10040000081062317
YFR024C,YLL054C,0,-3.3981862,0.46514102816581726,0.8740000128746033,0.10050000250339508
YCR010C,YDR014W-A,0,-3.3981862,0.4648936092853546,0.8740000128746033,0.1005999967455864
YIL167W,YLR227W-A,0,-3.3981862,0.46464645862579346,0.8740000128746033,0.1006999984383583
YML015C,YHL009W-A,0,-3.3981862,0.4643995761871338,0.8740000128746033,0.10080000013113022
YGR138C,YPR036W-A,0,-3.3981862,0.4641529619693756,0.8740000128746033,0.10090000182390213
YNL207W,YHL009W-A,0,-3.3981862,0.46390658617019653,0.8740000128746033,0.10100000351667404
YDR100W,YER053C-A,0,-3.3981862,0.46366047859191895,0.8740000128746033,0.10109999775886536
YER108C,YPL257W-A,0,-3.3981862,0.46341463923454285,0.8740000128746033,0.10119999945163727
YER019C-A,YDR210W-C,0,-3.3981862,0.46316903829574585,0.8740000128746033,0.10130000114440918
YNL333W,YHL009W-A,0,-3.3981862,0.46292373538017273,0.8740000128746033,0.10140000283718109
YKL097W-A,YDR261C-D,0,-3.3981862,0.4626786708831787,0.8740000128746033,0.1014999970793724
YLR117C,YDR381C-A,0,-3.3981862,0.4624338746070862,0.8740000128746033,0.10159999877214432
YHR172W,YPL257W-B,0,-3.3981862,0.46218931674957275,0.8740000128746033,0.10170000046491623
YLR391W-A,YML133C,0,-3.3981862,0.4619450271129608,0.8740000128746033,0.10180000215768814
YNL055C,YNL284C-A,0,-3.3981862,0.46170100569725037,0.8740000128746033,0.10189999639987946
YER056C,YPR036W-A,0,-3.3981862,0.461457222700119,0.8740000128746033,0.10199999809265137
YDR228C,YHL009W-A,0,-3.3981862,0.46121370792388916,0.8740000128746033,0.10209999978542328
YHR119W,YLR157C-A,0,-3.3981862,0.4609704613685608,0.8740000128746033,0.10220000147819519
YHR172W,YOR142W-A,0,-3.3981862,0.4607274532318115,0.8740000128746033,0.1023000031709671
YOL100W,YDR381C-A,0,-3.3981862,0.46048471331596375,0.8740000128746033,0.10239999741315842
YJL021C,YNL054W-B,0,-3.3981862,0.46024224162101746,0.8740000128746033,0.10249999910593033
YLR285W,YHL009W-A,0,-3.3981862,0.46000000834465027,0.8740000128746033,0.10260000079870224
YOR256C,YPR036W-A,0,-3.3981862,0.4597580134868622,0.8740000128746033,0.10270000249147415
YHR089C,YDR014W-A,0,-3.3981862,0.4595162868499756,0.8740000128746033,0.10279999673366547
YAL059W,YPR036W-A,0,-3.3981862,0.4592748284339905,0.8740000128746033,0.10289999842643738
YPR067W,YDR381C-A,0,-3.3981862,0.4590336084365845,0.8740000128746033,0.10300000011920929
YCR097WB,YOR343C-B,0,-3.3981862,0.45879265666007996,0.8740000128746033,0.1031000018119812
YBR015C,YLR157C-A,0,-3.3981862,0.45855194330215454,0.8740000128746033,0.10320000350475311
YMR221C,YBR100W,0,-3.3981862,0.4583114981651306,0.8740000128746033,0.10329999774694443
YML023C,YER053C-A,0,-3.3981862,0.4580712914466858,0.8740000128746033,0.10339999943971634
YIL167W,YHR214C-C,0,-3.3981862,0.45783132314682007,0.8740000128746033,0.10350000113248825
YGR097W,YDR014W-A,0,-3.3981862,0.45759162306785583,0.8740000128746033,0.10360000282526016
YGR042W,YNL284C-A,0,-3.3981862,0.4573521614074707,0.8740000128746033,0.10369999706745148
YER108C,YBR141C,0,-3.3981862,0.45711296796798706,0.8740000128746033,0.10379999876022339
YCR004C,YDR210W-C,0,-3.3981862,0.4568740129470825,0.8740000128746033,0.1039000004529953
YHR142W,YDR381C-A,0,-3.3981862,0.45663532614707947,0.8740000128746033,0.10400000214576721
YPL227C,YPR036W-A,0,-3.3981862,0.4563968777656555,0.8740000128746033,0.10409999638795853
YIL038C,YDR381C-A,0,-3.3981862,0.45615866780281067,0.8740000128746033,0.10419999808073044
YGL212W,YDR210W-C,0,-3.3981862,0.4559206962585449,0.8740000128746033,0.10429999977350235
YPL101W,YOR343C-B,0,-3.3981862,0.45568299293518066,0.8740000128746033,0.10440000146627426
YDL181W,YHL009W-A,0,-3.3981862,0.4554455578327179,0.8740000128746033,0.10450000315904617
YAR033W,YOR343C-B,0,-3.3981862,0.45520833134651184,0.8740000128746033,0.10459999740123749
YDL003W,YDR210W-C,0,-3.3981862,0.4549713730812073,0.8740000128746033,0.1046999990940094
YCL029C,YDR210W-A,0,-3.3981862,0.4547346532344818,0.8740000128746033,0.10480000078678131
YDL121C,YPR036W-A,0,-3.3981862,0.45449817180633545,0.8740000128746033,0.10490000247955322
YLR224W,YPR036W-A,0,-3.3981862,0.4542619585990906,0.8740000128746033,0.10499999672174454
YBL071W-A,YOR338W,0,-3.3981862,0.4540259838104248,0.8740000128746033,0.10509999841451645
YML074C,YNL284C-A,0,-3.3981862,0.45379024744033813,0.8740000128746033,0.10520000010728836
YKL124W,YNL284C-A,0,-3.3981862,0.45355474948883057,0.8740000128746033,0.10530000180006027
YDR534C,YHL009W-A,0,-3.3981862,0.4533194899559021,0.8740000128746033,0.10540000349283218
YDL134C-A,YLL032C,1,-3.3981862,0.4536029100418091,0.875,0.10540000349283218
YIL017W,YCR102C,0,-3.3981862,0.4533678889274597,0.875,0.1054999977350235
YBR233W-A,YPR204W,0,-3.3981862,0.45313310623168945,0.875,0.10559999942779541
YBL047C,YDR210W-C,0,-3.3981862,0.4528985619544983,0.875,0.10570000112056732
YDL229W,YDR381C-A,0,-3.3981862,0.45266425609588623,0.875,0.10580000281333923
YEL055C,YPR036W-A,0,-3.3981862,0.45243018865585327,0.875,0.10589999705553055
YFL018W-A,YHR003C,0,-3.3981862,0.4521963894367218,0.875,0.10599999874830246
YNL090W,YDR210W-C,0,-3.3981862,0.45196279883384705,0.875,0.10610000044107437
YPL104W,YNL284C-A,0,-3.3981862,0.4517294764518738,0.875,0.10620000213384628
YJR033C,YGR038C-A,0,-3.3981862,0.4514963924884796,0.875,0.1062999963760376
YGR061C,YPL257W-B,0,-3.3981862,0.45126354694366455,0.875,0.10639999806880951
YAR044W,YDR018C,0,-3.3981862,0.4510309398174286,0.875,0.10649999976158142
YEL059C-A,YHL009W-A,0,-3.3981862,0.45079857110977173,0.875,0.10660000145435333
YHL016C,YNL284C-A,0,-3.3981862,0.45056644082069397,0.875,0.10670000314712524
YOR336W,YOR343C-B,0,-3.3981862,0.4503345489501953,0.875,0.10679999738931656
YDL134C-A,YMR114C,1,-3.3981862,0.4506172835826874,0.8759999871253967,0.10679999738931656
YNL041C,YDR381C-A,0,-3.3981862,0.45038560032844543,0.8759999871253967,0.10689999908208847
YOR119C,YDR381C-A,0,-3.3981862,0.4501541554927826,0.8759999871253967,0.10700000077486038
YML043C,YDR210W-A,0,-3.3983364,0.44992294907569885,0.8759999871253967,0.1071000024676323
YGR222W,YGR008C,0,-3.4000907,0.4496919810771942,0.8759999871253967,0.10719999670982361
YNL188W,YJL114W,0,-3.4003181,0.4494612514972687,0.8759999871253967,0.10729999840259552
YBR217W,YKR099C-A,0,-3.400394,0.44923076033592224,0.8759999871253967,0.10740000009536743
YDR075W,YOR192C-B,0,-3.4006205,0.4490005075931549,0.8759999871253967,0.10750000178813934
YHR077C,YNL284C-B,0,-3.4008098,0.4487704932689667,0.8759999871253967,0.10760000348091125
YMR286W,YGL160W,1,-3.401091,0.44905275106430054,0.8769999742507935,0.10760000348091125
YDR270W,YJR045C,0,-3.4016175,0.44882291555404663,0.8769999742507935,0.10769999772310257
YJR135W-A,YBR012W-B,0,-3.40197,0.4485933482646942,0.8769999742507935,0.10779999941587448
YDR522C,YLR132C,0,-3.403634,0.4483640193939209,0.8769999742507935,0.10790000110864639
YDR054C,YDR261C-D,0,-3.4038196,0.4481348991394043,0.8769999742507935,0.1080000028014183
YDR192C,YLL014W,0,-3.4042816,0.4479060173034668,0.8769999742507935,0.10809999704360962
YDR155C,YNL092W,0,-3.404676,0.4476773738861084,0.8769999742507935,0.10819999873638153
YBR167C,YML045W,0,-3.405909,0.4474489688873291,0.8769999742507935,0.10830000042915344
YLR105C,YDR261W-B,0,-3.406448,0.4472208023071289,0.8769999742507935,0.10840000212192535
YPR035W,YOR247W,0,-3.4071617,0.4469928741455078,0.8769999742507935,0.10849999636411667
YML057W,YGL187C,0,-3.407528,0.44676515460014343,0.8769999742507935,0.10859999805688858
YIR017C,YDR210C-D,0,-3.4077563,0.44653767347335815,0.8769999742507935,0.10869999974966049
YMR290C,YML133C,0,-3.4085717,0.446310430765152,0.8769999742507935,0.1088000014424324
YMR043W,YDR034C-D,0,-3.4086876,0.4460834264755249,0.8769999742507935,0.10890000313520432
YHR116W,YER137C-A,0,-3.4093146,0.44585663080215454,0.8769999742507935,0.10899999737739563
YDR534C,YDR261C-D,0,-3.4096112,0.4456300735473633,0.8769999742507935,0.10909999907016754
YML011C,YCL074W,0,-3.4096322,0.4454037547111511,0.8769999742507935,0.10920000076293945
YLL001W,YOL126C,0,-3.409986,0.44517767429351807,0.8769999742507935,0.10930000245571136
YJR009C,YML045W,0,-3.4115448,0.4449518024921417,0.8769999742507935,0.10939999669790268
YJL059W,YJR110W,0,-3.411604,0.4447261691093445,0.8769999742507935,0.10949999839067459
YNL080C,YNL181W,0,-3.4118047,0.44450077414512634,0.8769999742507935,0.1096000000834465
YDL112W,YOR305W,0,-3.4130435,0.4442755877971649,0.8769999742507935,0.10970000177621841
YGL212W,YOR142W-B,0,-3.4137979,0.4440506398677826,0.8769999742507935,0.10980000346899033
YBR195C,YAR010C,0,-3.415296,0.443825900554657,0.8769999742507935,0.10989999771118164
YDR022C,YOR228C,0,-3.4153,0.44360142946243286,0.8769999742507935,0.10999999940395355
YIR028W,YLR224W,0,-3.415503,0.44337713718414307,0.8769999742507935,0.11010000109672546
YJL173C,YDR261C-C,0,-3.4156103,0.44315311312675476,0.8769999742507935,0.11020000278949738
YDR226W,YER122C,0,-3.4167647,0.44292929768562317,0.8769999742507935,0.11029999703168869
YNL273W,YNL284C-B,0,-3.4171371,0.4427056908607483,0.8769999742507935,0.1103999987244606
YGR046W,YMR304W,0,-3.4179068,0.4424823522567749,0.8769999742507935,0.11050000041723251
YDR346C,YKL035W,0,-3.4179926,0.44225919246673584,0.8769999742507935,0.11060000211000443
YGR279C,YOR343W-A,0,-3.418696,0.44203630089759827,0.8769999742507935,0.11069999635219574
YNL059C,YAL005C,0,-3.4192977,0.441813588142395,0.8769999742507935,0.11079999804496765
YGR147C,YKL196C,0,-3.4210105,0.44159114360809326,0.8769999742507935,0.11089999973773956
YNL280C,YER137C-A,0,-3.4229097,0.4413689076900482,0.8769999742507935,0.11100000143051147
YHR019C,YML001W,0,-3.4230142,0.4411468803882599,0.8769999742507935,0.11110000312328339
YPR143W,YGR027W-B,0,-3.4231877,0.44092509150505066,0.8769999742507935,0.1111999973654747
YER106W,YMR045C,0,-3.4233274,0.44070351123809814,0.8769999742507935,0.11129999905824661
YCR087C-A,YMR182C,0,-3.4241657,0.44048216938972473,0.8769999742507935,0.11140000075101852
YNL248C,YDR261W-B,0,-3.424387,0.44026103615760803,0.8769999742507935,0.11150000244379044
YML054C,YDR261W-B,0,-3.424778,0.44004014134407043,0.8769999742507935,0.11159999668598175
YDR143C,YLR410W-A,0,-3.425068,0.43981945514678955,0.8769999742507935,0.11169999837875366
YGR129W,YPL060C-A,0,-3.4252572,0.43959900736808777,0.8769999742507935,0.11180000007152557
YOR125C,YGR038C-A,0,-3.427693,0.4393787682056427,0.8769999742507935,0.11190000176429749
YDL171C,YDR316W-A,0,-3.428061,0.43915873765945435,0.8769999742507935,0.1120000034570694
YBR213W,YHR118C,0,-3.4290094,0.4389389455318451,0.8769999742507935,0.11209999769926071
YGL247W,YGR161W-A,0,-3.4290562,0.43871936202049255,0.8769999742507935,0.11219999939203262
YLR321C,YNL066W,0,-3.4291697,0.43849998712539673,0.8769999742507935,0.11230000108480453
YBR254C,YLR346C,0,-3.430059,0.43828085064888,0.8769999742507935,0.11240000277757645
YDL079C,YLR227W-A,0,-3.43009,0.4380619525909424,0.8769999742507935,0.11249999701976776
YMR023C,YPL257W-A,0,-3.4309363,0.4378432333469391,0.8769999742507935,0.11259999871253967
YOL155C,YDR018C,0,-3.4309444,0.4376247525215149,0.8769999742507935,0.11270000040531158
YPL091W,YDR316W-A,0,-3.4313903,0.4374064803123474,0.8769999742507935,0.1128000020980835
YNL048W,YIL064W,0,-3.4317594,0.43718844652175903,0.8769999742507935,0.11289999634027481
YPL154C,YDR316W-A,0,-3.4320712,0.436970591545105,0.8769999742507935,0.11299999803304672
YEL011W,YOR292C,0,-3.4324741,0.43675297498703003,0.8769999742507935,0.11309999972581863
YGR279C,YCL074W,0,-3.432529,0.4365355968475342,0.8769999742507935,0.11320000141859055
YMR023C,YDR316W-A,0,-3.4331064,0.43631839752197266,0.8769999742507935,0.11330000311136246
YDR397C,YFL002W-B,0,-3.4333844,0.43610143661499023,0.8769999742507935,0.11339999735355377
YPR134W,YBL010C,0,-3.4335046,0.4358846843242645,0.8769999742507935,0.11349999904632568
YOR137C,YOR343W-B,0,-3.434329,0.4356681704521179,0.8769999742507935,0.1136000007390976
YLR438C-A,YFL002W-B,0,-3.435226,0.43545183539390564,0.8769999742507935,0.1137000024318695
YIL106W,YGR161C-C,0,-3.4352517,0.43523573875427246,0.8769999742507935,0.11379999667406082
YMR109W,YNL146W,0,-3.4359965,0.435019850730896,0.8769999742507935,0.11389999836683273
YML043C,YCL048W,0,-3.4362416,0.43480417132377625,0.8769999742507935,0.11400000005960464
YIL119C,YLR410W-B,0,-3.4364882,0.4345887005329132,0.8769999742507935,0.11410000175237656
YLR206W,YOR142W-B,0,-3.4368925,0.4343734383583069,0.8769999742507935,0.11420000344514847
YGR075C,YPL060C-A,0,-3.4370432,0.43415841460227966,0.8769999742507935,0.11429999768733978
YML025C,YMR114C,1,-3.4371643,0.43443840742111206,0.878000020980835,0.11429999768733978
YGR061C,YDL124W,0,-3.4372706,0.4342235326766968,0.878000020980835,0.1143999993801117
YOR001W,YHL044W,0,-3.437643,0.4340088963508606,0.878000020980835,0.1145000010728836
YAR019C,YHR214C-C,0,-3.4378257,0.43379446864128113,0.878000020980835,0.11460000276565552
YML075C,YJR029W,0,-3.4380708,0.4335802495479584,0.878000020980835,0.11469999700784683
YNL041C,YCR087C-A,0,-3.4381375,0.43336623907089233,0.878000020980835,0.11479999870061874
YGL208W,YGL039W,0,-3.438147,0.433152437210083,0.878000020980835,0.11490000039339066
YLR196W,YDL111C,0,-3.4384575,0.4329388439655304,0.878000020980835,0.11500000208616257
YGR161W-A,YNL313C,0,-3.4392648,0.4327254891395569,0.878000020980835,0.11509999632835388
YMR184W,YDR453C,0,-3.4394412,0.4325123131275177,0.878000020980835,0.1151999980211258
YBL037W,YFL002W-B,0,-3.439921,0.43229934573173523,0.878000020980835,0.1152999997138977
YMR042W,YLR038C,0,-3.4401608,0.43208661675453186,0.878000020980835,0.11540000140666962
YGL125W,YKL003C,1,-3.4412775,0.43236595392227173,0.8790000081062317,0.11540000140666962
YJR058C,YGR027W-B,0,-3.4414883,0.4321534037590027,0.8790000081062317,0.11550000309944153
YOR358W,YCL052C,0,-3.4415612,0.43194103240966797,0.8790000081062317,0.11559999734163284
YDR022C,YDR517W,0,-3.4417572,0.43172886967658997,0.8790000081062317,0.11569999903440475
YNL246W,YMR166C,0,-3.4425478,0.43151694536209106,0.8790000081062317,0.11580000072717667
YPL015C,YGR080W,0,-3.4426723,0.4313051998615265,0.8790000081062317,0.11590000241994858
YNR016C,YDR210C-D,0,-3.4428544,0.43109366297721863,0.8790000081062317,0.11599999666213989
YOL058W,YDR365W-A,0,-3.4431825,0.43088236451148987,0.8790000081062317,0.1160999983549118
YBR176W,YEL077C,0,-3.4431949,0.43067124485969543,0.8790000081062317,0.11620000004768372
YFL002W-A,YPL066W,0,-3.4442024,0.4304603338241577,0.8790000081062317,0.11630000174045563
YDR365C,YIL158W,0,-3.4443307,0.4302496314048767,0.8790000081062317,0.11640000343322754
YOR136W,YDR261C-C,0,-3.445207,0.4300391376018524,0.8790000081062317,0.11649999767541885
YHR116W,YDR303C,0,-3.4458985,0.42982885241508484,0.8790000081062317,0.11659999936819077
YLR342W,YGL144C,0,-3.4463782,0.429618775844574,0.8790000081062317,0.11670000106096268
YGL032C,YFR010W,0,-3.446558,0.42940887808799744,0.8790000081062317,0.11680000275373459
YGL157W,YOR287C,0,-3.446795,0.42919921875,0.8790000081062317,0.1168999969959259
YDR210C-D,YMR046C,0,-3.4473577,0.4289897382259369,0.8790000081062317,0.11699999868869781
YDR325W,YHL009W-B,0,-3.4475098,0.4287804961204529,0.8790000081062317,0.11710000038146973
YOR034C,YPL060C-A,0,-3.4488506,0.4285714328289032,0.8790000081062317,0.11720000207424164
YJR059W,YMR134W,0,-3.4488583,0.42836257815361023,0.8790000081062317,0.11729999631643295
YOL076W,YHR214C-C,0,-3.450849,0.428153932094574,0.8790000081062317,0.11739999800920486
YJR050W,YGR161C-D,0,-3.4514565,0.42794546484947205,0.8790000081062317,0.11749999970197678
YHR059W,YPL006W,0,-3.4526057,0.4277372360229492,0.8790000081062317,0.11760000139474869
YMR173W,YPR158C-C,0,-3.4527717,0.4275291860103607,0.8790000081062317,0.1177000030875206
YMR042W,YHL009W-B,0,-3.4535055,0.42732134461402893,0.8790000081062317,0.11779999732971191
YFL031W,YDL118W,0,-3.4538522,0.42711371183395386,0.8790000081062317,0.11789999902248383
YFL021W,YLR410W-B,0,-3.4540367,0.4269062578678131,0.8790000081062317,0.11800000071525574
YDR430C,YMR261C,0,-3.4550848,0.42669904232025146,0.8790000081062317,0.11810000240802765
YPR138C,YOR290C,0,-3.455185,0.42649200558662415,0.8790000081062317,0.11819999665021896
YOR370C,YLR345W,0,-3.4553366,0.42628514766693115,0.8790000081062317,0.11829999834299088
YBR142W,YKL197C,0,-3.4569082,0.42607852816581726,0.8790000081062317,0.11840000003576279
YGL032C,YDR316W-A,0,-3.457377,0.4258720874786377,0.8790000081062317,0.1185000017285347
YLR240W,YOR142W-A,0,-3.4582376,0.42566585540771484,0.8790000081062317,0.11860000342130661
YHR034C,YMR099C,0,-3.4586644,0.4254598319530487,0.8790000081062317,0.11869999766349792
YDR439W,YFL002W-A,0,-3.4587727,0.4252539873123169,0.8790000081062317,0.11879999935626984
YLR200W,YOR285W,0,-3.459525,0.4250483512878418,0.8790000081062317,0.11890000104904175
YPL181W,YDR306C,0,-3.4595551,0.4248429238796234,0.8790000081062317,0.11900000274181366
YML088W,YNL284C-B,0,-3.4599075,0.42463767528533936,0.8790000081062317,0.11909999698400497
YBR217W,YPR204W,0,-3.4601774,0.424432635307312,0.8790000081062317,0.11919999867677689
YOR348C,YPL150W,0,-3.4603882,0.4242278039455414,0.8790000081062317,0.1193000003695488
YDR076W,YOR142W-A,0,-3.4608688,0.4240231513977051,0.8790000081062317,0.11940000206232071
YGL245W,YFR024C-A,0,-3.461268,0.4238187074661255,0.8790000081062317,0.11949999630451202
YPR052C,YNL092W,0,-3.461783,0.4236144721508026,0.8790000081062317,0.11959999799728394
YGR038C-B,YML131W,0,-3.4623532,0.42341041564941406,0.8790000081062317,0.11969999969005585
YMR316W,YGR161C-D,0,-3.4625897,0.42320653796195984,0.8790000081062317,0.11980000138282776
YOR317W,YDR261C-C,0,-3.4630451,0.4230028986930847,0.8790000081062317,0.11990000307559967
YJL171C,YOR343W-B,0,-3.4633489,0.42279940843582153,0.8790000081062317,0.11999999731779099
YGR169C,YDR262W,0,-3.4636831,0.42259615659713745,0.8790000081062317,0.1200999990105629
YNR049C,YDR419W,0,-3.4641266,0.4223930835723877,0.8790000081062317,0.12020000070333481
YJR109C,YOR020C,0,-3.464541,0.42219018936157227,0.8790000081062317,0.12030000239610672
YDR234W,YOR353C,0,-3.4645696,0.42198750376701355,0.8790000081062317,0.12039999663829803
YER119C,YPL176C,0,-3.4652581,0.42178502678871155,0.8790000081062317,0.12049999833106995
YPL235W,YER159C-A,0,-3.4654236,0.42158272862434387,0.8790000081062317,0.12060000002384186
YGL168W,YBR279W,0,-3.46563,0.4213806390762329,0.8790000081062317,0.12070000171661377
YER004W,YLR126C,0,-3.4658337,0.4211787283420563,0.8790000081062317,0.12080000340938568
YDR515W,YLR455W,0,-3.466157,0.42097702622413635,0.8790000081062317,0.120899997651577
YDL134C-A,YOR091W,1,-3.4661593,0.4212541878223419,0.8799999952316284,0.120899997651577
YAL013W,YDR261W-B,0,-3.4663348,0.42105263471603394,0.8799999952316284,0.12099999934434891
YPL235W,YLR224W,0,-3.4664574,0.4208512604236603,0.8799999952316284,0.12110000103712082
YDR339C,YKR049C,0,-3.4666018,0.42065009474754333,0.8799999952316284,0.12120000272989273
YJL204C,YOL103W-A,0,-3.4670935,0.4204491078853607,0.8799999952316284,0.12129999697208405
YLR220W,YML070W,0,-3.4676247,0.4202483296394348,0.8799999952316284,0.12139999866485596
YPR049C,YPL075W,0,-3.4679503,0.42004773020744324,0.8799999952316284,0.12150000035762787
YDR508C,YER159C-A,0,-3.4679585,0.4198473393917084,0.8799999952316284,0.12160000205039978
YKL089W,YPR204W,0,-3.4685612,0.41964712738990784,0.8799999952316284,0.1216999962925911
YLR427W,YOL103W-B,0,-3.4688144,0.4194470942020416,0.8799999952316284,0.121799997985363
YML042W,YBR096W,0,-3.468905,0.41924726963043213,0.8799999952316284,0.12189999967813492
YGL226C-A,YPL060C-A,0,-3.4694123,0.41904762387275696,0.8799999952316284,0.12200000137090683
YPL123C,YOR142W-A,0,-3.4696379,0.4188481569290161,0.8799999952316284,0.12210000306367874
YPL249C,YEL077C,0,-3.4699073,0.418648898601532,0.8799999952316284,0.12219999730587006
YCL055W,YGR038C-A,0,-3.4706135,0.4184498190879822,0.8799999952316284,0.12229999899864197
YIL097W,YGR027W-B,0,-3.4740286,0.4182509481906891,0.8799999952316284,0.12240000069141388
YIL030C,YPL257W-A,0,-3.4746675,0.4180522561073303,0.8799999952316284,0.12250000238418579
YDR182W,YPR004C,0,-3.4749622,0.4178537428379059,0.8799999952316284,0.1225999966263771
YKL138C,YDR186C,1,-3.4757118,0.4181300401687622,0.8809999823570251,0.1225999966263771
YBR117C,YPL257W-A,0,-3.4757571,0.4179316759109497,0.8809999823570251,0.12269999831914902
YGL068W,YGL049C,1,-3.4759474,0.41820767521858215,0.8820000290870667,0.12269999831914902
YJL167W,YDL065C,0,-3.4785223,0.418009489774704,0.8820000290870667,0.12280000001192093
YCL012W,YBL067C,0,-3.4791012,0.41781145334243774,0.8820000290870667,0.12290000170469284
YOL021C,YDR261W-B,0,-3.47929,0.4176136255264282,0.8820000290870667,0.12300000339746475
YMR026C,YFL002W-B,0,-3.4805303,0.4174160063266754,0.8820000290870667,0.12309999763965607
YGL174W,YDR261W-B,0,-3.480568,0.41721853613853455,0.8820000290870667,0.12319999933242798
YHR055C,YOL034W,0,-3.4812965,0.4170212745666504,0.8820000290870667,0.12330000102519989
YAL031C,YFL002W-B,0,-3.4818497,0.41682419180870056,0.8820000290870667,0.1234000027179718
YBR106W,YPR158C-C,0,-3.4819202,0.41662731766700745,0.8820000290870667,0.12349999696016312
YGL153W,YGR161C-C,0,-3.4822211,0.41643059253692627,0.8820000290870667,0.12359999865293503
YER143W,YDR034C-C,0,-3.48271,0.4162340760231018,0.8820000290870667,0.12370000034570694
YGL130W,YDR261C-D,0,-3.4839125,0.41603773832321167,0.8820000290870667,0.12380000203847885
YNL090W,YDR365W-A,0,-3.4841757,0.41584157943725586,0.8820000290870667,0.12389999628067017
YNL307C,YCR080W,0,-3.4845862,0.41564562916755676,0.8820000290870667,0.12399999797344208
YEL026W,YLR227W-A,0,-3.4850025,0.4154498279094696,0.8820000290870667,0.12409999966621399
YBR035C,YOR142W-B,0,-3.4857168,0.41525423526763916,0.8820000290870667,0.1242000013589859
YNL005C,YMR086W,1,-3.4857864,0.41552940011024475,0.8830000162124634,0.1242000013589859
YPR020W,YIL107C,0,-3.4858117,0.41533395648002625,0.8830000162124634,0.12430000305175781
YHR102W,YDR210W-B,0,-3.4859047,0.41513869166374207,0.8830000162124634,0.12439999729394913
YPL241C,YER038C,0,-3.4860163,0.4149436056613922,0.8830000162124634,0.12449999898672104
YHR025W,YNR073C,0,-3.4860644,0.4147486984729767,0.8830000162124634,0.12460000067949295
YOR161C,YPL257W-B,0,-3.4866939,0.41455399990081787,0.8830000162124634,0.12470000237226486
YML130C,YNL045W,0,-3.487166,0.414359450340271,0.8830000162124634,0.12479999661445618
YBR042C,YIL158W,0,-3.4884372,0.41416510939598083,0.8830000162124634,0.12489999830722809
YDR312W,YER159C-A,0,-3.488761,0.413970947265625,0.8830000162124634,0.125
YBL093C,YKR099C-A,0,-3.4893422,0.4137769341468811,0.8830000162124634,0.1251000016927719
YGL094C,YHL009W-B,0,-3.4893613,0.4135831296443939,0.8830000162124634,0.12520000338554382
YMR162C,YOR343W-B,0,-3.4894748,0.41338950395584106,0.8830000162124634,0.12530000507831573
YOL069W,YPL257W-B,0,-3.4905267,0.41319605708122253,0.8830000162124634,0.12540000677108765
YNL091W,YFL002W-A,0,-3.4906425,0.4130028188228607,0.8830000162124634,0.12549999356269836
YDR511W,YOR004W,0,-3.4908295,0.41280972957611084,0.8830000162124634,0.12559999525547028
YER159C,YOR354C,0,-3.4909592,0.4126168191432953,0.8830000162124634,0.1256999969482422
YGL053W,YDR316W-B,0,-3.4913173,0.41242408752441406,0.8830000162124634,0.1257999986410141
YMR322C,YGL231C,0,-3.491714,0.41223156452178955,0.8830000162124634,0.125900000333786
YLR107W,YDR365W-A,0,-3.4931993,0.412039190530777,0.8830000162124634,0.12600000202655792
YJL036W,YNL092W,0,-3.4936223,0.4118470251560211,0.8830000162124634,0.12610000371932983
YIR038C,YPL257W-A,0,-3.493918,0.4116550087928772,0.8830000162124634,0.12620000541210175
YNL236W,YLL067C,0,-3.4942904,0.41146320104599,0.8830000162124634,0.12630000710487366
YLL002W,YNL284C-B,0,-3.494328,0.4112715423107147,0.8830000162124634,0.12639999389648438
YLR172C,YGR038C-A,0,-3.494842,0.4110800623893738,0.8830000162124634,0.1264999955892563
YKR090W,YLR410W-B,0,-3.4956627,0.41088879108428955,0.8830000162124634,0.1265999972820282
YBL005W-B,YDR261C-C,0,-3.4958339,0.41069766879081726,0.8830000162124634,0.1266999989748001
YGL203C,YKR065C,0,-3.496448,0.4105067551136017,0.8830000162124634,0.12680000066757202
YER087C-B,YKL063C,0,-3.4971662,0.41031599044799805,0.8830000162124634,0.12690000236034393
YGR154C,YJL208C,0,-3.4972472,0.41012540459632874,0.8830000162124634,0.12700000405311584
YJR049C,YIL083C,0,-3.49788,0.40993499755859375,0.8830000162124634,0.12710000574588776
YBR055C,YOL103W-B,0,-3.4987078,0.4097447693347931,0.8830000162124634,0.12720000743865967
YPL175W,YBR139W,0,-3.5009065,0.40955471992492676,0.8830000162124634,0.12729999423027039
YMR198W,YKR099C-A,0,-3.501419,0.40936484932899475,0.8830000162124634,0.1273999959230423
YIL033C,YJL113W,0,-3.50143,0.40917515754699707,0.8830000162124634,0.1274999976158142
YDR214W,YPL257W-B,0,-3.5018563,0.4089856445789337,0.8830000162124634,0.12759999930858612
YBR236C,YGR027W-A,0,-3.5021977,0.4087963104248047,0.8830000162124634,0.12770000100135803
YDR120C,YGR027W-B,0,-3.502472,0.4086071252822876,0.8830000162124634,0.12780000269412994
YOR388C,YAL023C,0,-3.5049977,0.40841811895370483,0.8830000162124634,0.12790000438690186
YBL017C,YHR084W,0,-3.5052729,0.4082293212413788,0.8830000162124634,0.12800000607967377
YOR161C,YHR214C-B,0,-3.5056777,0.4080406725406647,0.8830000162124634,0.12809999287128448
YDR508C,YHL009W-B,0,-3.506441,0.4078522026538849,0.8830000162124634,0.1281999945640564
YDR052C,YBL005W-B,0,-3.5066347,0.40766388177871704,0.8830000162124634,0.1282999962568283
YNL113W,YPL138C,0,-3.506681,0.4074757695198059,0.8830000162124634,0.12839999794960022
YGR185C,YPR004C,0,-3.5071,0.4072878360748291,0.8830000162124634,0.12849999964237213
YOR031W,YGR038C-B,0,-3.5077467,0.40710005164146423,0.8830000162124634,0.12860000133514404
YLR328W,YIL080W,0,-3.508655,0.4069124460220337,0.8830000162124634,0.12870000302791595
YIL073C,YPR137C-B,0,-3.5087676,0.4067250192165375,0.8830000162124634,0.12880000472068787
YLR151C,YBR037C,0,-3.5090284,0.4065377414226532,0.8830000162124634,0.12890000641345978
YPL021W,YOL103W-A,0,-3.5101814,0.40635067224502563,0.8830000162124634,0.1289999932050705
YIL014W,YER137C-A,0,-3.5105467,0.40616375207901,0.8830000162124634,0.1290999948978424
YLR439W,YMR295C,1,-3.5106692,0.4064367711544037,0.8840000033378601,0.1290999948978424
YIL125W,YDR034C-C,0,-3.5110993,0.40625,0.8840000033378601,0.12919999659061432
YHR072W-A,YMR051C,0,-3.511641,0.40606337785720825,0.8840000033378601,0.12929999828338623
YIL020C,YLR227W-A,0,-3.5121202,0.4058769643306732,0.8840000033378601,0.12939999997615814
YBR114W,YDR365W-A,0,-3.5123005,0.40569067001342773,0.8840000033378601,0.12950000166893005
YDR518W,YER159C-A,0,-3.5123258,0.40550458431243896,0.8840000033378601,0.12960000336170197
YHR053C,YMR283C,0,-3.5127912,0.40531864762306213,0.8840000033378601,0.12970000505447388
YNL223W,YDR316W-B,0,-3.513626,0.405132919549942,0.8840000033378601,0.1298000067472458
YPR140W,YPL257W-A,0,-3.5146422,0.40494731068611145,0.8840000033378601,0.1298999935388565
YKL149C,YDR399W,0,-3.5147066,0.4047619104385376,0.8840000033378601,0.12999999523162842
YGL032C,YDR399W,0,-3.51475,0.4045766592025757,0.8840000033378601,0.13009999692440033
YJL154C,YBR139W,0,-3.514758,0.4043915867805481,0.8840000033378601,0.13019999861717224
YGR142W,YPL257W-A,0,-3.5156794,0.40420666337013245,0.8840000033378601,0.13030000030994415
YAL068C,YDR210C-D,0,-3.5158448,0.4040219485759735,0.8840000033378601,0.13040000200271606
YBR223C,YOR142W-B,0,-3.515952,0.4038373827934265,0.8840000033378601,0.13050000369548798
YPR105C,YGR161C-C,0,-3.51609,0.40365296602249146,0.8840000033378601,0.1306000053882599
YDR262W,YFL002W-B,0,-3.5161304,0.4034687280654907,0.8840000033378601,0.1307000070810318
YIL063C,YPL257W-B,0,-3.516162,0.4032846689224243,0.8840000033378601,0.13079999387264252
YBR290W,YOR343W-A,0,-3.516295,0.40310078859329224,0.8840000033378601,0.13089999556541443
YGR204W,YDR365W-A,0,-3.5166059,0.4029170572757721,0.8840000033378601,0.13099999725818634
YJR052W,YLR410W-B,0,-3.5167317,0.4027334749698639,0.8840000033378601,0.13109999895095825
YMR025W,YHR072W-A,0,-3.5175567,0.4025501012802124,0.8840000033378601,0.13120000064373016
YOR115C,YOR343W-B,0,-3.5175953,0.40236687660217285,0.8840000033378601,0.13130000233650208
YGR046W,YGR161C-D,0,-3.517714,0.40218380093574524,0.8840000033378601,0.131400004029274
YDR109C,YGR161C-D,0,-3.5179043,0.40200090408325195,0.8840000033378601,0.1315000057220459
YKR036C,YGR027W-A,0,-3.5180616,0.401818186044693,0.8840000033378601,0.1316000074148178
YGR104C,YPR158W-A,0,-3.518211,0.40163561701774597,0.8840000033378601,0.13169999420642853
YCL026C-A,YLR414C,0,-3.5182934,0.4014532268047333,0.8840000033378601,0.13179999589920044
YKL067W,YNL284C-B,0,-3.5192337,0.4012709856033325,0.8840000033378601,0.13189999759197235
YBR208C,YPR158C-C,0,-3.5192657,0.4010889232158661,0.8840000033378601,0.13199999928474426
YBL035C,YGL231C,0,-3.5197592,0.400907039642334,0.8840000033378601,0.13210000097751617
YKL065C,YGL160W,1,-3.5199366,0.40117859840393066,0.8849999904632568,0.13210000097751617
YBR200W,YFR024C,0,-3.5201755,0.4009968340396881,0.8849999904632568,0.13220000267028809
YIL110W,YGR042W,0,-3.52114,0.4008152186870575,0.8849999904632568,0.13230000436306
YDL164C,YOR008C-A,0,-3.5217466,0.4006337821483612,0.8849999904632568,0.1324000060558319
YDL134C-A,YMR268W-A,1,-3.5226722,0.40090498328208923,0.8859999775886536,0.1324000060558319
YMR076C,YAR044W,0,-3.5227208,0.4007236659526825,0.8859999775886536,0.13249999284744263
YLR439W,YGR283C,1,-3.52326,0.40099456906318665,0.8870000243186951,0.13249999284744263
YDR101C,YGL195W,1,-3.523919,0.4012652635574341,0.8880000114440918,0.13249999284744263
YOL030W,YBR283C,0,-3.5246382,0.4010840058326721,0.8880000114440918,0.13259999454021454
YGR055W,YPR004C,0,-3.525148,0.4009029269218445,0.8880000114440918,0.13269999623298645
YIL034C,YOR304C-A,0,-3.5259576,0.40072202682495117,0.8880000114440918,0.13279999792575836
YMR158W,YOL138C,1,-3.526136,0.40099233388900757,0.8889999985694885,0.13279999792575836
YDR331W,YBR279W,0,-3.5276985,0.4008115530014038,0.8889999985694885,0.13289999961853027
YNR056C,YIL131C,0,-3.5312877,0.400630921125412,0.8889999985694885,0.13300000131130219
YOL111C,YKR085C,1,-3.531949,0.4009009003639221,0.8899999856948853,0.13300000131130219
YBR078W,YER040W,0,-3.5328436,0.40072038769721985,0.8899999856948853,0.1331000030040741
YOR078W,YKL043W,0,-3.5336008,0.4005400538444519,0.8899999856948853,0.133200004696846
YLL019C,YDR306C,0,-3.534258,0.4003598690032959,0.8899999856948853,0.13330000638961792
YDL090C,YDR056C,0,-3.5356917,0.4001798629760742,0.8899999856948853,0.13339999318122864
YKL200C,YJL109C,0,-3.5381799,0.4000000059604645,0.8899999856948853,0.13349999487400055
YCR024C-A,YJL204C,0,-3.539093,0.3998202979564667,0.8899999856948853,0.13359999656677246
YMR217W,YOR210W,0,-3.539136,0.3996407687664032,0.8899999856948853,0.13369999825954437
YPR139C,YFR045W,0,-3.5398602,0.39946138858795166,0.8899999856948853,0.13379999995231628
YCR052W,YML058W,0,-3.5409355,0.39928218722343445,0.8899999856948853,0.1339000016450882
YGL065C,YJR135W-A,0,-3.5409508,0.3991031348705292,0.8899999856948853,0.1340000033378601
YJL012C,YNL045W,0,-3.541162,0.3989242613315582,0.8899999856948853,0.13410000503063202
YDR123C,YER068W,0,-3.5426788,0.39874550700187683,0.8899999856948853,0.13420000672340393
YNL090W,YLR039C,0,-3.5432167,0.39856696128845215,0.8899999856948853,0.13429999351501465
YLR027C,YDR211W,0,-3.543807,0.398388534784317,0.8899999856948853,0.13439999520778656
YKL040C,YER072W,0,-3.544188,0.3982102870941162,0.8899999856948853,0.13449999690055847
YDR361C,YMR014W,0,-3.5473137,0.39803218841552734,0.8899999856948853,0.13459999859333038
YJR001W,YGR266W,0,-3.5474224,0.3978542685508728,0.8899999856948853,0.1347000002861023
YML132W,YPL135W,0,-3.5475488,0.3976764976978302,0.8899999856948853,0.1348000019788742
YJL148W,YNL012W,0,-3.5495281,0.39749887585639954,0.8899999856948853,0.13490000367164612
YKL158W,YJL194W,0,-3.5499187,0.3973214328289032,0.8899999856948853,0.13500000536441803
YDL142C,YJR041C,0,-3.551241,0.3971441388130188,0.8899999856948853,0.13510000705718994
YBR201W,YML130C,0,-3.5518794,0.39696699380874634,0.8899999856948853,0.13519999384880066
YER127W,YBR263W,0,-3.5530276,0.3967900276184082,0.8899999856948853,0.13529999554157257
YKR049C,YBR096W,0,-3.5542464,0.3966131806373596,0.8899999856948853,0.13539999723434448
YLR391W,YNL142W,0,-3.5548778,0.39643651247024536,0.8899999856948853,0.1354999989271164
YPL258C,YHL050C,0,-3.5569577,0.39626002311706543,0.8899999856948853,0.1356000006198883
YGL100W,YOR285W,0,-3.5597968,0.39608365297317505,0.8899999856948853,0.13570000231266022
YJR084W,YPL162C,0,-3.5611677,0.395907461643219,0.8899999856948853,0.13580000400543213
YLR210W,YMR316W,0,-3.5624137,0.39573144912719727,0.8899999856948853,0.13590000569820404
YPL149W,YLR345W,0,-3.5630574,0.3955555558204651,0.8899999856948853,0.13600000739097595
YHR152W,YMR051C,0,-3.5643868,0.39537984132766724,0.8899999856948853,0.13609999418258667
YFR024C,YNL317W,0,-3.5645604,0.3952042758464813,0.8899999856948853,0.13619999587535858
YCL027C-A,YGR091W,0,-3.5658398,0.39502885937690735,0.8899999856948853,0.1362999975681305
YOR171C,YPL150W,0,-3.5660605,0.3948535919189453,0.8899999856948853,0.1363999992609024
YMR094W,YNL209W,0,-3.5662932,0.3946785032749176,0.8899999856948853,0.13650000095367432
YJR050W,YJR015W,0,-3.5664644,0.39450353384017944,0.8899999856948853,0.13660000264644623
YDR005C,YGL236C,0,-3.5666633,0.3943287432193756,0.8899999856948853,0.13670000433921814
YLR084C,YDR018C,0,-3.566903,0.3941541314125061,0.8899999856948853,0.13680000603199005
YDR494W,YJL028W,1,-3.5684419,0.394422322511673,0.890999972820282,0.13680000603199005
YGL084C,YMR298W,0,-3.5702052,0.39424780011177063,0.890999972820282,0.13689999282360077
YBR286W,YIL021W,0,-3.5704255,0.3940734267234802,0.890999972820282,0.13699999451637268
YHR010W,YJL028W,1,-3.5707073,0.39434128999710083,0.8920000195503235,0.13699999451637268
YOR136W,YAR009C,0,-3.5715585,0.3941670358181,0.8920000195503235,0.1370999962091446
YER172C,YIL123W,0,-3.5718465,0.39399293065071106,0.8920000195503235,0.1371999979019165
YPL078C,YLR391W-A,0,-3.5722241,0.3938189744949341,0.8920000195503235,0.13729999959468842
YDR197W,YDR465C,0,-3.572991,0.39364519715309143,0.8920000195503235,0.13740000128746033
YLR393W,YHR016C,0,-3.5732708,0.39347153902053833,0.8920000195503235,0.13750000298023224
YMR086W,YMR114C,1,-3.5745082,0.3937389850616455,0.8930000066757202,0.13750000298023224
YGL234W,YGR272C,0,-3.5751967,0.39356544613838196,0.8930000066757202,0.13760000467300415
YPL275W,YLR303W,0,-3.575376,0.39339205622673035,0.8930000066757202,0.13770000636577606
YGL084C,YOR341W,0,-3.5755458,0.39321884512901306,0.8930000066757202,0.13779999315738678
YLR355C,YBL071W-A,0,-3.5757642,0.3930457830429077,0.8930000066757202,0.1378999948501587
YPL188W,YBR271W,0,-3.576026,0.3928728699684143,0.8930000066757202,0.1379999965429306
YOR232W,YMR205C,0,-3.5774636,0.39270007610321045,0.8930000066757202,0.13809999823570251
YPL132W,YBL038W,1,-3.5785842,0.3929670453071594,0.8939999938011169,0.13809999823570251
YLL057C,YDR451C,0,-3.5790458,0.3927943706512451,0.8939999938011169,0.13819999992847443
YMR011W,YDL118W,0,-3.579362,0.39262187480926514,0.8939999938011169,0.13830000162124634
YIL106W,YDR316W,0,-3.580514,0.3924495279788971,0.8939999938011169,0.13840000331401825
YLR295C,YDR071C,0,-3.5808468,0.3922773003578186,0.8939999938011169,0.13850000500679016
YDR280W,YKL058W,0,-3.5810685,0.39210525155067444,0.8939999938011169,0.13860000669956207
YBL091C,YGR119C,0,-3.5819411,0.3919333517551422,0.8939999938011169,0.1386999934911728
YER160C,YNL146W,0,-3.582296,0.3917616009712219,0.8939999938011169,0.1387999951839447
YNL001W,YFL022C,0,-3.5825872,0.3915899991989136,0.8939999938011169,0.1388999968767166
YBR245C,YAR010C,0,-3.582718,0.39141857624053955,0.8939999938011169,0.13899999856948853
YNL137C,YMR268W-A,1,-3.5840669,0.391684889793396,0.8949999809265137,0.13899999856948853
YEL061C,YNL217W,0,-3.584856,0.39151355624198914,0.8949999809265137,0.13910000026226044
YBR248C,YCR087C-A,0,-3.5855026,0.3913423717021942,0.8949999809265137,0.13920000195503235
YOL096C,YDR086C,0,-3.585783,0.39117133617401123,0.8949999809265137,0.13930000364780426
YGL046W,YAR003W,0,-3.5868692,0.3910004496574402,0.8949999809265137,0.13940000534057617
YHR176W,YJL225C,0,-3.5884347,0.3908296823501587,0.8949999809265137,0.13950000703334808
YER142C,YAR044W,0,-3.5888886,0.3906590938568115,0.8949999809265137,0.1395999938249588
YLL006W,YJL018W,0,-3.5892282,0.3904886543750763,0.8949999809265137,0.1396999955177307
YOR095C,YJR044C,0,-3.5909247,0.390318363904953,0.8949999809265137,0.13979999721050262
YDR483W,YMR145C,0,-3.5932245,0.39014822244644165,0.8949999809265137,0.13989999890327454
YLR405W,YFR016C,0,-3.5940304,0.38997820019721985,0.8949999809265137,0.14000000059604645
YKL009W,YIL075C,0,-3.595173,0.3898083567619324,0.8949999809265137,0.14010000228881836
YEL037C,YHR008C,0,-3.596024,0.38963866233825684,0.8949999809265137,0.14020000398159027
YDR026C,YMR086W,1,-3.596179,0.389904260635376,0.8960000276565552,0.14020000398159027
YAR050W,YGR122W,0,-3.5976682,0.3897346556186676,0.8960000276565552,0.14030000567436218
YMR162C,YKL060C,0,-3.5992475,0.38956522941589355,0.8960000276565552,0.1404000073671341
YNR072W,YBR096W,0,-3.6009092,0.38939592242240906,0.8960000276565552,0.1404999941587448
YGL173C,YHL009C,0,-3.6018114,0.3892267644405365,0.8960000276565552,0.14059999585151672
YBR085W,YML076C,0,-3.603428,0.3890577554702759,0.8960000276565552,0.14069999754428864
YBL019W,YKL085W,0,-3.6034517,0.3888888955116272,0.8960000276565552,0.14079999923706055
YPR192W,YAL068C,0,-3.6036916,0.38872018456459045,0.8960000276565552,0.14090000092983246
YKL059C,YPL088W,0,-3.6052456,0.38855159282684326,0.8960000276565552,0.14100000262260437
YNL080C,YGR132C,0,-3.6057715,0.3883831799030304,0.8960000276565552,0.14110000431537628
YDR524C,YPR037C,0,-3.6068006,0.38821491599082947,0.8960000276565552,0.1412000060081482
YNL061W,YOR356W,0,-3.610229,0.3880467712879181,0.8960000276565552,0.1412999927997589
YNL064C,YGL157W,0,-3.6103659,0.38787877559661865,0.8960000276565552,0.14139999449253082
YOL062C,YER120W,0,-3.613184,0.38771095871925354,0.8960000276565552,0.14149999618530273
YJR016C,YJL140W,0,-3.6136985,0.387543261051178,0.8960000276565552,0.14159999787807465
YDR036C,YIL053W,0,-3.6148434,0.38737571239471436,0.8960000276565552,0.14169999957084656
YNL112W,YCR020W-B,0,-3.6154475,0.3872082829475403,0.8960000276565552,0.14180000126361847
YKR024C,YOL060C,0,-3.6156936,0.38704103231430054,0.8960000276565552,0.14190000295639038
YER056C,YFR052W,0,-3.615734,0.38687393069267273,0.8960000276565552,0.1420000046491623
YEL036C,YAR009C,0,-3.6159887,0.3867069482803345,0.8960000276565552,0.1421000063419342
YDL136W,YDL134C-A,1,-3.6183615,0.38697153329849243,0.8970000147819519,0.1421000063419342
YDR472W,YGL157W,0,-3.6193085,0.3868046700954437,0.8970000147819519,0.14219999313354492
YCR087C-A,YLR086W,0,-3.6206036,0.38663792610168457,0.8970000147819519,0.14229999482631683
YDR194C,YLR224W,0,-3.621203,0.38647136092185974,0.8970000147819519,0.14239999651908875
YDR143C,YNL092W,0,-3.622292,0.38630491495132446,0.8970000147819519,0.14249999821186066
YDR494W,YLL032C,1,-3.6227918,0.386569082736969,0.8980000019073486,0.14249999821186066
YDR511W,YNL161W,0,-3.622912,0.38640275597572327,0.8980000019073486,0.14259999990463257
YBR050C,YEL020W-A,0,-3.6230602,0.3862365484237671,0.8980000019073486,0.14270000159740448
YHR109W,YDL117W,0,-3.6233573,0.38607051968574524,0.8980000019073486,0.1428000032901764
YBR243C,YOR305W,0,-3.6234474,0.38590461015701294,0.8980000019073486,0.1429000049829483
YHR063C,YDR238C,0,-3.624889,0.3857388198375702,0.8980000019073486,0.14300000667572021
YLR274W,YPL145C,0,-3.626327,0.38557320833206177,0.8980000019073486,0.14309999346733093
YML070W,YLR044C,0,-3.6266384,0.3854077160358429,0.8980000019073486,0.14319999516010284
YPL096W,YNL181W,0,-3.6273456,0.38524237275123596,0.8980000019073486,0.14329999685287476
YFL014W,YOR254C,0,-3.6282926,0.38507717847824097,0.8980000019073486,0.14339999854564667
YBR035C,YBR173C,0,-3.6287956,0.3849121332168579,0.8980000019073486,0.14350000023841858
YFL021W,YLR040C,0,-3.629352,0.3847472071647644,0.8980000019073486,0.1436000019311905
YLR378C,YKR062W,0,-3.6300983,0.38458243012428284,0.8980000019073486,0.1437000036239624
YNL307C,YMR166C,0,-3.630659,0.3844178020954132,0.8980000019073486,0.14380000531673431
YGR097W,YMR149W,0,-3.6315994,0.3842533230781555,0.8980000019073486,0.14390000700950623
YKL163W,YJR015W,0,-3.6320586,0.3840889632701874,0.8980000019073486,0.14399999380111694
YDR465C,YDR045C,0,-3.6324887,0.3839247524738312,0.8980000019073486,0.14409999549388885
YOL010W,YHR079C-A,0,-3.6332922,0.3837606906890869,0.8980000019073486,0.14419999718666077
YDR184C,YMR020W,0,-3.6348886,0.3835967481136322,0.8980000019073486,0.14429999887943268
YBL050W,YDL201W,0,-3.6358452,0.38343295454978943,0.8980000019073486,0.1444000005722046
YDR028C,YLR385C,0,-3.638618,0.3832693099975586,0.8980000019073486,0.1445000022649765
YDL069C,YKL156W,1,-3.6397538,0.38353243470191956,0.8989999890327454,0.1445000022649765
YEL042W,YMR016C,0,-3.640078,0.3833688795566559,0.8989999890327454,0.1446000039577484
YNL071W,YER087W,0,-3.6402345,0.38320544362068176,0.8989999890327454,0.14470000565052032
YKL196C,YFR006W,0,-3.6409645,0.38304218649864197,0.8989999890327454,0.14480000734329224
YGL179C,YJR096W,0,-3.6412687,0.3828790485858917,0.8989999890327454,0.14489999413490295
YPR060C,YJR063W,0,-3.6415286,0.3827160596847534,0.8989999890327454,0.14499999582767487
YJR059W,YLR262C,0,-3.6424465,0.38255318999290466,0.8989999890327454,0.14509999752044678
YLR181C,YCR062W,0,-3.6426845,0.38239046931266785,0.8989999890327454,0.1451999992132187
YIR003W,YKL222C,1,-3.642712,0.38265305757522583,0.8999999761581421,0.1451999992132187
YNL311C,YKL065C,1,-3.6433482,0.3829154372215271,0.9010000228881836,0.1451999992132187
YKL055C,YDR307W,0,-3.6438923,0.38275277614593506,0.9010000228881836,0.1453000009059906
YKL001C,YDL118W,0,-3.6443105,0.38259023427963257,0.9010000228881836,0.1454000025987625
YDR345C,YJL039C,0,-3.6453123,0.382427841424942,0.9010000228881836,0.14550000429153442
YJL148W,YCL031C,0,-3.6458716,0.3822655975818634,0.9010000228881836,0.14560000598430634
YDR381W,YLR040C,0,-3.6472669,0.38210347294807434,0.9010000228881836,0.14569999277591705
YER028C,YBR028C,0,-3.6473966,0.3819414973258972,0.9010000228881836,0.14579999446868896
YHL034C,YLR166C,0,-3.6489296,0.38177967071533203,0.9010000228881836,0.14589999616146088
YFL035C-A,YOR340C,0,-3.6491895,0.3816179633140564,0.9010000228881836,0.1459999978542328
YPL156C,YDL118W,0,-3.6505294,0.3814564049243927,0.9010000228881836,0.1460999995470047
YCL066W,YDR307W,0,-3.6505919,0.38129496574401855,0.9010000228881836,0.1462000012397766
YLR370C,YIL031W,0,-3.6518521,0.38113367557525635,0.9010000228881836,0.14630000293254852
YNL311C,YKL222C,1,-3.6521158,0.3813953399658203,0.9020000100135803,0.14630000293254852
YGR183C,YDR328C,0,-3.6522636,0.38123413920402527,0.9020000100135803,0.14640000462532043
YIL085C,YDL033C,0,-3.6528869,0.38107308745384216,0.9020000100135803,0.14650000631809235
YGL187C,YPR144C,0,-3.6530943,0.3809121549129486,0.9020000100135803,0.14659999310970306
YDR328C,YKL042W,0,-3.6552377,0.380751371383667,0.9020000100135803,0.14669999480247498
YJL021C,YMR228W,0,-3.6557374,0.3805907070636749,0.9020000100135803,0.1467999964952469
YMR286W,YMR040W,1,-3.6561098,0.38085195422172546,0.902999997138977,0.1467999964952469
YCR070W,YIL090W,0,-3.657063,0.38069140911102295,0.902999997138977,0.1468999981880188
YER162C,YJR015W,0,-3.6587648,0.38053098320961,0.902999997138977,0.1469999998807907
YIL137C,YDR266C,1,-3.6591873,0.38079190254211426,0.9039999842643738,0.1469999998807907
YPL050C,YDL124W,0,-3.6592946,0.38063156604766846,0.9039999842643738,0.14710000157356262
YMR313C,YLL017W,0,-3.6598263,0.3804713785648346,0.9039999842643738,0.14720000326633453
YEL077C,YHR112C,0,-3.6604805,0.3803113102912903,0.9039999842643738,0.14730000495910645
YOR310C,YDL012C,0,-3.6614676,0.3801513910293579,0.9039999842643738,0.14740000665187836
YLR157C,YMR264W,0,-3.6616325,0.3799915909767151,0.9039999842643738,0.14749999344348907
YGR178C,YOR356W,0,-3.662014,0.3798319399356842,0.9039999842643738,0.147599995136261
YFL011W-A,YOR017W,0,-3.6632524,0.37967240810394287,0.9039999842643738,0.1476999968290329
YOR257W,YKL097W-A,0,-3.6656609,0.3795130252838135,0.9039999842643738,0.1477999985218048
YER133W,YER029C,0,-3.6672397,0.37935376167297363,0.9039999842643738,0.14790000021457672
YKL216W,YER005W,0,-3.6672807,0.37919461727142334,0.9039999842643738,0.14800000190734863
YDR155C,YDR240C,0,-3.6672878,0.3790356516838074,0.9039999842643738,0.14810000360012054
YMR047C,YBR221C,0,-3.6680713,0.37887677550315857,0.9039999842643738,0.14820000529289246
YPL040C,YJR009C,0,-3.6683393,0.3787180483341217,0.9039999842643738,0.14830000698566437
YPL249C,YGL039W,0,-3.6692924,0.3785594701766968,0.9039999842643738,0.14839999377727509
YML130C,YGL022W,0,-3.6719193,0.3784010112285614,0.9039999842643738,0.148499995470047
YPL045W,YML039W,0,-3.6730556,0.3782426714897156,0.9039999842643738,0.1485999971628189
YKL206C,YLR008C,0,-3.6759453,0.3780844807624817,0.9039999842643738,0.14869999885559082
YGR248W,YJL216C,0,-3.6759477,0.37792640924453735,0.9039999842643738,0.14880000054836273
YNL048W,YOR304W,0,-3.6767745,0.37776848673820496,0.9039999842643738,0.14890000224113464
YDR416W,YKL027W,0,-3.6787944,0.3776106834411621,0.9039999842643738,0.14900000393390656
YFR009W,YMR121C,1,-3.6789007,0.3778705596923828,0.9049999713897705,0.14900000393390656
YBL074C,YLL016W,0,-3.679235,0.37771284580230713,0.9049999713897705,0.14910000562667847
YFR009W,YJL028W,1,-3.679676,0.37797245383262634,0.906000018119812,0.14910000562667847
YOR160W,YDR363W-A,0,-3.6800985,0.3778148591518402,0.906000018119812,0.14920000731945038
YNR017W,YDR388W,0,-3.6807032,0.37765735387802124,0.906000018119812,0.1492999941110611
YJR025C,YLR224W,0,-3.6807399,0.3774999976158142,0.906000018119812,0.149399995803833
YOL002C,YLR297W,0,-3.6808033,0.37734276056289673,0.906000018119812,0.14949999749660492
YLR028C,YIL029C,0,-3.6817513,0.3771856725215912,0.906000018119812,0.14959999918937683
YLR201C,YER160C,0,-3.682375,0.3770287036895752,0.906000018119812,0.14970000088214874
YKL112W,YLR008C,0,-3.6860337,0.37687188386917114,0.906000018119812,0.14980000257492065
YMR193W,YMR295C,1,-3.6865606,0.37713098526000977,0.9070000052452087,0.14980000257492065
YNL029C,YDR352W,0,-3.6866322,0.3769742250442505,0.9070000052452087,0.14990000426769257
YER035W,YLR262C,0,-3.687779,0.37681761384010315,0.9070000052452087,0.15000000596046448
YCL030C,YCR080W,0,-3.6896482,0.37666112184524536,0.9070000052452087,0.1500999927520752
YDR519W,YHL008C,0,-3.690693,0.3765047788619995,0.9070000052452087,0.1501999944448471
YOR208W,YJR096W,0,-3.6921682,0.3763485550880432,0.9070000052452087,0.15029999613761902
YML077W,YHR089C,0,-3.693098,0.37619245052337646,0.9070000052452087,0.15039999783039093
YIL062C,YJR017C,0,-3.6932144,0.37603649497032166,0.9070000052452087,0.15049999952316284
YPL104W,YAR044W,0,-3.6942472,0.3758806586265564,0.9070000052452087,0.15060000121593475
YHR058C,YER160C,0,-3.6945672,0.3757249414920807,0.9070000052452087,0.15070000290870667
YHR026W,YNL312W,0,-3.695907,0.37556934356689453,0.9070000052452087,0.15080000460147858
YKL189W,YDL012C,0,-3.6976337,0.3754138946533203,0.9070000052452087,0.1509000062942505
YLR027C,YMR051C,0,-3.6980743,0.37525859475135803,0.9070000052452087,0.1509999930858612
YDR363W-A,YPL113C,0,-3.6996813,0.3751033842563629,0.9070000052452087,0.15109999477863312
YOR298C-A,YLR033W,0,-3.699698,0.37494832277297974,0.9070000052452087,0.15119999647140503
YER087C-B,YJL080C,0,-3.7006059,0.3747933804988861,0.9070000052452087,0.15129999816417694
YOR162C,YDR109C,0,-3.7006068,0.3746385872364044,0.9070000052452087,0.15139999985694885
YFL041W,YLR035C-A,0,-3.7006779,0.3744838833808899,0.9070000052452087,0.15150000154972076
YKL064W,YMR050C,0,-3.7028856,0.3743293583393097,0.9070000052452087,0.15160000324249268
YAL031C,YCL045C,0,-3.7030334,0.37417492270469666,0.9070000052452087,0.1517000049352646
YMR072W,YDR099W,0,-3.7035155,0.37402060627937317,0.9070000052452087,0.1518000066280365
YGL100W,YML055W,0,-3.704184,0.3738664388656616,0.9070000052452087,0.15189999341964722
YJL114W,YLR132C,0,-3.7064667,0.3737123906612396,0.9070000052452087,0.15199999511241913
YOR252W,YDR186C,1,-3.706602,0.3739703595638275,0.9079999923706055,0.15199999511241913
YJL155C,YCR080W,0,-3.7074494,0.3738163709640503,0.9079999923706055,0.15209999680519104
YPL227C,YHR017W,0,-3.7079186,0.3736625611782074,0.9079999923706055,0.15219999849796295
YCR097W,YNL244C,0,-3.7106934,0.37350884079933167,0.9079999923706055,0.15230000019073486
YAL043C,YLR455W,0,-3.7116685,0.37335526943206787,0.9079999923706055,0.15240000188350677
YKL126W,YDL119C,0,-3.7123976,0.37320181727409363,0.9079999923706055,0.1525000035762787
YDR477W,YOR305W,0,-3.7134142,0.37304848432540894,0.9079999923706055,0.1526000052690506
YJL012C,YPR004C,0,-3.71389,0.3728952705860138,0.9079999923706055,0.1527000069618225
YIL015W,YJR096W,0,-3.7139702,0.3727422058582306,0.9079999923706055,0.15279999375343323
YMR068W,YDR255C,0,-3.7152743,0.37258926033973694,0.9079999923706055,0.15289999544620514
YDR198C,YBR283C,0,-3.7158823,0.37243643403053284,0.9079999923706055,0.15299999713897705
YCL004W,YDR306C,0,-3.7164593,0.3722837269306183,0.9079999923706055,0.15309999883174896
YMR153W,YMR166C,0,-3.717401,0.3721311390399933,0.9079999923706055,0.15320000052452087
YHR052W,YCR045C,0,-3.7206302,0.3719787001609802,0.9079999923706055,0.15330000221729279
YLR251W,YBL005W-B,0,-3.7213693,0.3718263804912567,0.9079999923706055,0.1534000039100647
YNL008C,YDR469W,0,-3.721468,0.37167418003082275,0.9079999923706055,0.1535000056028366
YOL070C,YLR340W,1,-3.7253876,0.371931254863739,0.9089999794960022,0.1535000056028366
YDR245W,YGR080W,0,-3.7256742,0.3717791438102722,0.9089999794960022,0.15360000729560852
YLL028W,YDR306C,0,-3.7263765,0.37162715196609497,0.9089999794960022,0.15369999408721924
YBR233W-A,YAR044W,0,-3.7268844,0.3714752793312073,0.9089999794960022,0.15379999577999115
YJL092W,YJL159W,0,-3.7286844,0.37132352590560913,0.9089999794960022,0.15389999747276306
YLR175W,YFL062W,0,-3.730206,0.3711719214916229,0.9089999794960022,0.15399999916553497
YIL145C,YNR021W,0,-3.7318726,0.3710204064846039,0.9089999794960022,0.15410000085830688
YPL235W,YDL124W,0,-3.7331624,0.3708690404891968,0.9089999794960022,0.1542000025510788
YCL060C,YER018C,0,-3.7342973,0.3707177937030792,0.9089999794960022,0.1543000042438507
YJR005W,YJR026W,0,-3.7343044,0.3705666661262512,0.9089999794960022,0.15440000593662262
YIL063C,YMR050C,0,-3.7343192,0.37041565775871277,0.9089999794960022,0.15449999272823334
YIR005W,YER087C-A,0,-3.7372808,0.37026476860046387,0.9089999794960022,0.15459999442100525
YGR060W,YOR137C,0,-3.7378354,0.3701139986515045,0.9089999794960022,0.15469999611377716
YGL009C,YDR477W,0,-3.7380872,0.3699633777141571,0.9089999794960022,0.15479999780654907
YCL024W,YJL171C,0,-3.7383814,0.36981284618377686,0.9089999794960022,0.15489999949932098
YFL035C,YJL098W,0,-3.7389178,0.36966246366500854,0.9089999794960022,0.1550000011920929
YDR518W,YHR003C,0,-3.7397656,0.3695122003555298,0.9089999794960022,0.1551000028848648
YMR058W,YML115C,0,-3.7398396,0.3693620562553406,0.9089999794960022,0.15520000457763672
YPL237W,YMR269W,1,-3.7407417,0.3696182072162628,0.9100000262260437,0.15520000457763672
YOL126C,YIL031W,0,-3.7421703,0.3694681227207184,0.9100000262260437,0.15530000627040863
YPR124W,YHR204W,0,-3.742557,0.3693181872367859,0.9100000262260437,0.15539999306201935
YIL034C,YCR080W,0,-3.743188,0.36916837096214294,0.9100000262260437,0.15549999475479126
YLR260W,YMR045C,0,-3.7434797,0.36901864409446716,0.9100000262260437,0.15559999644756317
YCR043C,YDR018C,0,-3.7436419,0.3688690662384033,0.9100000262260437,0.15569999814033508
YFR025C,YDL118W,0,-3.7439823,0.36871960759162903,0.9100000262260437,0.155799999833107
YER087C-A,YDR392W,0,-3.7444067,0.3685702681541443,0.9100000262260437,0.1559000015258789
YBL056W,YGR253C,0,-3.7448888,0.3684210479259491,0.9100000262260437,0.15600000321865082
YGR061C,YJL172W,0,-3.7449245,0.36827194690704346,0.9100000262260437,0.15610000491142273
YDR421W,YPR139C,0,-3.7454042,0.36812296509742737,0.9100000262260437,0.15620000660419464
YJL021C,YEL026W,0,-3.7455244,0.3679741322994232,0.9100000262260437,0.15629999339580536
YOR239W,YOR281C,0,-3.746182,0.36782538890838623,0.9100000262260437,0.15639999508857727
YFR052W,YNL253W,0,-3.7507668,0.3676767647266388,0.9100000262260437,0.15649999678134918
YDR054C,YML055W,0,-3.7529702,0.3675282597541809,0.9100000262260437,0.1565999984741211
YPL157W,YLR455W,0,-3.7532778,0.36737990379333496,0.9100000262260437,0.156700000166893
YGL089C,YBR096W,0,-3.7536402,0.3672316372394562,0.9100000262260437,0.15680000185966492
YNL275W,YER110C,0,-3.7541366,0.36708348989486694,0.9100000262260437,0.15690000355243683
YGR061C,YPL096W,0,-3.7550793,0.36693549156188965,0.9100000262260437,0.15700000524520874
YAR014C,YNL176C,0,-3.7560973,0.3667875826358795,0.9100000262260437,0.15710000693798065
YER178W,YLR224W,0,-3.756559,0.36663979291915894,0.9100000262260437,0.15719999372959137
YDL188C,YDL180W,0,-3.7574577,0.3664921522140503,0.9100000262260437,0.15729999542236328
YLR158C,YDR419W,0,-3.7586417,0.3663446009159088,0.9100000262260437,0.1573999971151352
YER056C,YPL129W,0,-3.7589536,0.3661971688270569,0.9100000262260437,0.1574999988079071
YMR150C,YOR259C,0,-3.7594504,0.3660498857498169,0.9100000262260437,0.15760000050067902
YKR067W,YGR143W,0,-3.7596946,0.36590269207954407,0.9100000262260437,0.15770000219345093
YJR097W,YAL043C,0,-3.7605648,0.3657556176185608,0.9100000262260437,0.15780000388622284
YOR356W,YPL066W,0,-3.7617955,0.36560869216918945,0.9100000262260437,0.15790000557899475
YNR033W,YKL185W,0,-3.7618299,0.3654618561267853,0.9100000262260437,0.15800000727176666
YKR026C,YNL016W,0,-3.7624469,0.36531513929367065,0.9100000262260437,0.15809999406337738
YER069W,YJR002W,0,-3.7626176,0.3651685416698456,0.9100000262260437,0.1581999957561493
YNL323W,YKL027W,0,-3.7651215,0.36502206325531006,0.9100000262260437,0.1582999974489212
YNL001W,YER086W,0,-3.7654557,0.3648757040500641,0.9100000262260437,0.15839999914169312
YMR235C,YPR016C,0,-3.765677,0.36472946405410767,0.9100000262260437,0.15850000083446503
YOR374W,YIL124W,0,-3.7658563,0.3645833432674408,0.9100000262260437,0.15860000252723694
YDR120C,YOR304C-A,0,-3.7665734,0.3644373118877411,0.9100000262260437,0.15870000422000885
YDR098C,YOR224C,0,-3.7667732,0.3642914295196533,0.9100000262260437,0.15880000591278076
YOL156W,YHR079C-B,0,-3.7673726,0.3641456663608551,0.9100000262260437,0.15889999270439148
YHR179W,YOR341W,0,-3.768578,0.36399999260902405,0.9100000262260437,0.1589999943971634
YCL031C,YBR214W,0,-3.7692418,0.36385446786880493,0.9100000262260437,0.1590999960899353
YML058W,YDR262W,0,-3.769784,0.363709032535553,0.9100000262260437,0.15919999778270721
YLR110C,YGL020C,0,-3.770131,0.3635637164115906,0.9100000262260437,0.15929999947547913
YPL177C,YNL213C,0,-3.7706137,0.3634185194969177,0.9100000262260437,0.15940000116825104
YMR083W,YPR098C,0,-3.7709694,0.3632734417915344,0.9100000262260437,0.15950000286102295
YKL053C-A,YNL145W,0,-3.7713027,0.3631284832954407,0.9100000262260437,0.15960000455379486
YKR036C,YOR266W,0,-3.7721477,0.3629836440086365,0.9100000262260437,0.15970000624656677
YBR200W,YKR076W,0,-3.7731886,0.3628389239311218,0.9100000262260437,0.1597999930381775
YJR042W,YBR263W,0,-3.7740927,0.36269429326057434,0.9100000262260437,0.1598999947309494
YER145C,YPL139C,0,-3.7741675,0.3625498116016388,0.9100000262260437,0.1599999964237213
YLR391W,YDL080C,0,-3.7742615,0.3624054193496704,0.9100000262260437,0.16009999811649323
YIL122W,YKR100C,0,-3.7755127,0.3622611463069916,0.9100000262260437,0.16019999980926514
YCR011C,YNR021W,0,-3.7761073,0.3621169924736023,0.9100000262260437,0.16030000150203705
YMR069W,YER138C,0,-3.7773867,0.36197295784950256,0.9100000262260437,0.16040000319480896
YIL103W,YPL104W,0,-3.7783732,0.36182901263237,0.9100000262260437,0.16050000488758087
YOR031W,YBR045C,0,-3.7789922,0.36168521642684937,0.9100000262260437,0.16060000658035278
YPL129W,YDR398W,0,-3.781026,0.3615415096282959,0.9100000262260437,0.1606999933719635
YBR070C,YMR267W,0,-3.7813725,0.361397922039032,0.9100000262260437,0.1607999950647354
YCL012W,YOR344C,0,-3.7824955,0.3612544536590576,0.9100000262260437,0.16089999675750732
YPL190C,YLR430W,0,-3.7833762,0.3611111044883728,0.9100000262260437,0.16099999845027924
YDR206W,YBR022W,0,-3.7845173,0.36096787452697754,0.9100000262260437,0.16110000014305115
YCR067C,YJR141W,0,-3.78483,0.36082473397254944,0.9100000262260437,0.16120000183582306
YKL156W,YEL043W,1,-3.7858186,0.36107808351516724,0.9110000133514404,0.16120000183582306
YPR047W,YHR157W,0,-3.7861996,0.3609350323677063,0.9110000133514404,0.16130000352859497
YHR037W,YOR229W,0,-3.787396,0.3607920706272125,0.9110000133514404,0.16140000522136688
YGR178C,YDR465C,0,-3.7884855,0.3606492578983307,0.9110000133514404,0.1615000069141388
YGL187C,YJL082W,0,-3.788642,0.360506534576416,0.9110000133514404,0.1615999937057495
YBR289W,YIL077C,0,-3.7908473,0.3603639304637909,0.9110000133514404,0.16169999539852142
YMR218C,YLR164W,0,-3.7913141,0.3602214455604553,0.9110000133514404,0.16179999709129333
YKL082C,YPR080W,1,-3.7917767,0.3604743182659149,0.9120000004768372,0.16179999709129333
YGR155W,YEL037C,0,-3.792543,0.3603318929672241,0.9120000004768372,0.16189999878406525
YJL021C,YMR139W,0,-3.7925763,0.3601895868778229,0.9120000004768372,0.16200000047683716
YKL200C,YGR274C,0,-3.792725,0.3600473701953888,0.9120000004768372,0.16210000216960907
YGL253W,YBR229C,0,-3.793551,0.35990530252456665,0.9120000004768372,0.16220000386238098
YBR022W,YOR137C,0,-3.7937531,0.35976332426071167,0.9120000004768372,0.1623000055551529
YCR070W,YEL020W-A,0,-3.7963448,0.35962146520614624,0.9120000004768372,0.1624000072479248
YKR030W,YOR356W,0,-3.7990642,0.359479695558548,0.9120000004768372,0.16249999403953552
YLR310C,YGL039W,0,-3.7991414,0.35933807492256165,0.9120000004768372,0.16259999573230743
YOR354C,YOR305W,0,-3.7994227,0.3591965436935425,0.9120000004768372,0.16269999742507935
YPL215W,YPL057C,0,-3.800024,0.35905513167381287,0.9120000004768372,0.16279999911785126
YMR264W,YML052W,0,-3.800084,0.3589138090610504,0.9120000004768372,0.16290000081062317
YML004C,YIL080W,0,-3.8009353,0.3587726056575775,0.9120000004768372,0.16300000250339508
YER045C,YDR204W,0,-3.801231,0.35863155126571655,0.9120000004768372,0.163100004196167
YPR140W,YIL168W,0,-3.802425,0.35849055647850037,0.9120000004768372,0.1632000058889389
YDR224C,YOR008C-A,0,-3.803403,0.3583497107028961,0.9120000004768372,0.16329999268054962
YPR145W,YDR033W,0,-3.8034296,0.35820895433425903,0.9120000004768372,0.16339999437332153
YFR041C,YKL130C,0,-3.8041139,0.3580683171749115,0.9120000004768372,0.16349999606609344
YOR156C,YFR016C,0,-3.8043752,0.3579277992248535,0.9120000004768372,0.16359999775886536
YCR098C,YPL088W,0,-3.8047605,0.3577873706817627,0.9120000004768372,0.16369999945163727
YDR079C-A,YLR467W,0,-3.8051367,0.3576470613479614,0.9120000004768372,0.16380000114440918
YDR517W,YFL014W,0,-3.8056564,0.3575068712234497,0.9120000004768372,0.1639000028371811
YFL035C-A,YMR214W,0,-3.8057075,0.35736677050590515,0.9120000004768372,0.164000004529953
YMR269W,YDR186C,1,-3.8060122,0.3576184809207916,0.9129999876022339,0.164000004529953
YDR238C,YMR122W-A,0,-3.8061361,0.35747846961021423,0.9129999876022339,0.16410000622272491
YKL043W,YDR240C,0,-3.8077312,0.357338547706604,0.9129999876022339,0.16419999301433563
YCL060C,YJL197W,0,-3.8081617,0.3571987450122833,0.9129999876022339,0.16429999470710754
YER108C,YJL029C,0,-3.808309,0.3570590615272522,0.9129999876022339,0.16439999639987946
YDL066W,YML125C,0,-3.8087702,0.35691946744918823,0.9129999876022339,0.16449999809265137
YOR160W,YKR099C-A,0,-3.8104978,0.3567799925804138,0.9129999876022339,0.16459999978542328
YGR103W,YER099C,0,-3.8108377,0.35664063692092896,0.9129999876022339,0.1647000014781952
YGL090W,YOR292C,0,-3.811791,0.35650137066841125,0.9129999876022339,0.1648000031709671
YCL030C,YJL121C,0,-3.811954,0.3563622236251831,0.9129999876022339,0.164900004863739
YNL004W,YDL066W,0,-3.812622,0.3562231659889221,0.9129999876022339,0.16500000655651093
YML043C,YKL024C,0,-3.8130388,0.35608425736427307,0.9129999876022339,0.16509999334812164
YDR294C,YBR162W-A,0,-3.8130836,0.3559454083442688,0.9129999876022339,0.16519999504089355
YLR231C,YGR195W,0,-3.8136487,0.35580670833587646,0.9129999876022339,0.16529999673366547
YML006C,YNL092W,0,-3.8137589,0.3556680977344513,0.9129999876022339,0.16539999842643738
YOR329C,YKR092C,0,-3.8140059,0.3555296063423157,0.9129999876022339,0.1655000001192093
YBL027W,YMR268W-A,1,-3.8167582,0.3557804524898529,0.9139999747276306,0.1655000001192093
YGR147C,YLR262C,0,-3.816801,0.35564202070236206,0.9139999747276306,0.1656000018119812
YBL105C,YLR272C,0,-3.8171816,0.35550370812416077,0.9139999747276306,0.1657000035047531
YPL075W,YOR274W,0,-3.8182802,0.35536548495292664,0.9139999747276306,0.16580000519752502
YHR043C,YFR033C,0,-3.8200922,0.35522735118865967,0.9139999747276306,0.16590000689029694
YDR378C,YKL200C,0,-3.8203158,0.35508936643600464,0.9139999747276306,0.16599999368190765
YJL020C,YJL113W,0,-3.8208823,0.3549514710903168,0.9139999747276306,0.16609999537467957
YCR014C,YGL010W,0,-3.8224144,0.35481366515159607,0.9139999747276306,0.16619999706745148
YDR329C,YJL114W,0,-3.8227897,0.3546759784221649,0.9139999747276306,0.1662999987602234
YMR217W,YJR127C,0,-3.8230724,0.3545384109020233,0.9139999747276306,0.1664000004529953
YGR253C,YHR143W-A,0,-3.8234925,0.3544009327888489,0.9139999747276306,0.1665000021457672
YGR083C,YDR399W,0,-3.8235707,0.354263573884964,0.9139999747276306,0.16660000383853912
YBR106W,YPR204W,0,-3.8238978,0.35412630438804626,0.9139999747276306,0.16670000553131104
YNL107W,YJR029W,0,-3.8240633,0.3539891541004181,0.9139999747276306,0.16680000722408295
YNL312W,YOR305W,0,-3.8242579,0.35385212302207947,0.9139999747276306,0.16689999401569366
YER042W,YCR080W,0,-3.824368,0.353715181350708,0.9139999747276306,0.16699999570846558
YJR022W,YIL077C,0,-3.82474,0.3535783290863037,0.9139999747276306,0.1670999974012375
YDL085W,YMR267W,0,-3.8250928,0.35344159603118896,0.9139999747276306,0.1671999990940094
YGL178W,YLL067C,0,-3.8255553,0.35330498218536377,0.9139999747276306,0.1673000007867813
YKL053C-A,YDR453C,0,-3.826394,0.35316845774650574,0.9139999747276306,0.16740000247955322
YNL016W,YPL243W,0,-3.827602,0.35303205251693726,0.9139999747276306,0.16750000417232513
YLR113W,YGR101W,0,-3.8290539,0.3528957664966583,0.9139999747276306,0.16760000586509705
YGR078C,YGR122W,0,-3.8317728,0.35275954008102417,0.9139999747276306,0.16769999265670776
YHR008C,YDR002W,0,-3.8326058,0.35262346267700195,0.9139999747276306,0.16779999434947968
YCR011C,YHR070W,0,-3.8337226,0.3524874746799469,0.9139999747276306,0.1678999960422516
YCR083W,YCL075W,0,-3.8353853,0.352351576089859,0.9139999747276306,0.1679999977350235
YDR513W,YPL011C,0,-3.837617,0.35221579670906067,0.9139999747276306,0.1680999994277954
YPR111W,YNR061C,0,-3.8380466,0.3520801365375519,0.9139999747276306,0.16820000112056732
YPL179W,YJL113W,0,-3.838232,0.35194456577301025,0.9139999747276306,0.16830000281333923
YNL164C,YOR362C,0,-3.8384047,0.3518090844154358,0.9139999747276306,0.16840000450611115
YGR060W,YHR194W,0,-3.839095,0.3516737222671509,0.9139999747276306,0.16850000619888306
YLR276C,YBR045C,0,-3.8409734,0.35153844952583313,0.9139999747276306,0.16859999299049377
YHR193C,YPL043W,0,-3.8419852,0.35140329599380493,0.9139999747276306,0.16869999468326569
YAL031C,YML062C,0,-3.8423371,0.3512682616710663,0.9139999747276306,0.1687999963760376
YLR103C,YOR317W,0,-3.8429084,0.3511333167552948,0.9139999747276306,0.1688999980688095
YFL031W,YJL053W,0,-3.843854,0.3509984612464905,0.9139999747276306,0.16899999976158142
YLR258W,YOR266W,0,-3.84485,0.3508637249469757,0.9139999747276306,0.16910000145435333
YCL060C,YDR485C,0,-3.8454251,0.3507290780544281,0.9139999747276306,0.16920000314712524
YOR315W,YOR148C,0,-3.8456016,0.35059455037117004,0.9139999747276306,0.16930000483989716
YJR095W,YBR012W-B,0,-3.8484654,0.35046011209487915,0.9139999747276306,0.16940000653266907
YMR043W,YPL207W,0,-3.8485184,0.3503257930278778,0.9139999747276306,0.16949999332427979
YMR038C,YOR315W,0,-3.8488264,0.35019156336784363,0.9139999747276306,0.1695999950170517
YNL031C,YFL018W-A,0,-3.8488617,0.350057452917099,0.9139999747276306,0.1696999967098236
YDR085C,YGL187C,0,-3.8490396,0.34992343187332153,0.9139999747276306,0.16979999840259552
YGL071W,YDL025C,0,-3.849069,0.34978950023651123,0.9139999747276306,0.16990000009536743
YOR348C,YMR261C,0,-3.8491988,0.3496556878089905,0.9139999747276306,0.17000000178813934
YPL023C,YER087C-A,0,-3.8504286,0.3495219945907593,0.9139999747276306,0.17010000348091125
YNL139C,YFR006W,0,-3.8506155,0.34938839077949524,0.9139999747276306,0.17020000517368317
YFL011W-A,YDR473C,0,-3.851532,0.34925487637519836,0.9139999747276306,0.17030000686645508
YDL069C,YBL028C,1,-3.85249,0.34950342774391174,0.9150000214576721,0.17030000686645508
YPL160W,YMR304W,0,-3.8525481,0.34937000274658203,0.9150000214576721,0.1703999936580658
YGL142C,YGR042W,0,-3.8547254,0.3492366373538971,0.9150000214576721,0.1704999953508377
YNL080C,YLR040C,0,-3.854875,0.3491033911705017,0.9150000214576721,0.17059999704360962
YDL192W,YLL006W,0,-3.8563905,0.3489702641963959,0.9150000214576721,0.17069999873638153
YKL138C-A,YLR002C,0,-3.8566942,0.3488371968269348,0.9150000214576721,0.17080000042915344
YLR293C,YGL137W,0,-3.8568301,0.3487042784690857,0.9150000214576721,0.17090000212192535
YNL327W,YFL005W,0,-3.8572512,0.34857141971588135,0.9150000214576721,0.17100000381469727
YLR310C,YHR066W,0,-3.8584123,0.34843868017196655,0.9150000214576721,0.17110000550746918
YOL141W,YAL002W,0,-3.8587294,0.3483060598373413,0.9150000214576721,0.1712000072002411
YDR002W,YPL206C,0,-3.8591914,0.3481735289096832,0.9150000214576721,0.1712999939918518
YOL072W,YDR352W,0,-3.8598704,0.3480410873889923,0.9150000214576721,0.17139999568462372
YPL078C,YGR007W,0,-3.8600101,0.34790873527526855,0.9150000214576721,0.17149999737739563
YNL230C,YGR125W,0,-3.8601809,0.34777650237083435,0.9150000214576721,0.17159999907016754
YLR234W,YGR138C,0,-3.8606625,0.3476443886756897,0.9150000214576721,0.17170000076293945
YHR181W,YGR271C-A,0,-3.8609319,0.3475123345851898,0.9150000214576721,0.17180000245571136
YFL035C-A,YBR293W,0,-3.861268,0.3473803997039795,0.9150000214576721,0.17190000414848328
YGL257C,YNR021W,0,-3.8627172,0.3472485840320587,0.9150000214576721,0.1720000058412552
YGL145W,YLR126C,0,-3.862752,0.3471168577671051,0.9150000214576721,0.1720999926328659
YPL160W,YPR137W,0,-3.8631563,0.34698522090911865,0.9150000214576721,0.17219999432563782
YBR176W,YJR143C,0,-3.864684,0.34685367345809937,0.9150000214576721,0.17229999601840973
YFR024C,YDL097C,0,-3.8649187,0.34672224521636963,0.9150000214576721,0.17239999771118164
YER162C,YDL119C,0,-3.8654852,0.34659090638160706,0.9150000214576721,0.17249999940395355
YJL080C,YBL039C,0,-3.8666215,0.34645968675613403,0.9150000214576721,0.17260000109672546
YBR298C,YPL235W,0,-3.8676353,0.3463285267353058,0.9150000214576721,0.17270000278949738
YBR039W,YCL012W,0,-3.8679395,0.3461975157260895,0.9150000214576721,0.1728000044822693
YGR020C,YNR047W,0,-3.868246,0.34606656432151794,0.9150000214576721,0.1729000061750412
YIR038C,YOR020C,0,-3.8720603,0.34593573212623596,0.9150000214576721,0.17299999296665192
YNL322C,YJL010C,0,-3.8727217,0.34580498933792114,0.9150000214576721,0.17309999465942383
YHR143W-A,YPR137W,0,-3.8731933,0.3456743359565735,0.9150000214576721,0.17319999635219574
YDR508C,YGR101W,0,-3.874302,0.3455438017845154,0.9150000214576721,0.17329999804496765
YGR008C,YLR385C,0,-3.8748088,0.34541335701942444,0.9150000214576721,0.17339999973773956
YDR077W,YHL035C,1,-3.8749352,0.34566038846969604,0.9160000085830688,0.17339999973773956
YOR335C,YOL082W,0,-3.8783464,0.3455300033092499,0.9160000085830688,0.17350000143051147
YHR193C,YAR033W,0,-3.879571,0.3453997075557709,0.9160000085830688,0.1736000031232834
YPL097W,YKR065C,0,-3.879808,0.34526950120925903,0.9160000085830688,0.1737000048160553
YGR061C,YPR051W,0,-3.8801746,0.34513941407203674,0.9160000085830688,0.1738000065088272
YLR121C,YGL255W,0,-3.8802505,0.3450094163417816,0.9160000085830688,0.17389999330043793
YHR102W,YIL077C,0,-3.880783,0.34487950801849365,0.9160000085830688,0.17399999499320984
YKL097W-A,YOL060C,0,-3.8813424,0.34474971890449524,0.9160000085830688,0.17409999668598175
YGR163W,YCL027C-A,0,-3.8831573,0.344620019197464,0.9160000085830688,0.17419999837875366
YPL265W,YBR096W,0,-3.8851109,0.3444904088973999,0.9160000085830688,0.17430000007152557
YDR168W,YOR243C,0,-3.8871508,0.344360888004303,0.9160000085830688,0.17440000176429749
YOR208W,YGR245C,0,-3.8874288,0.3442314863204956,0.9160000085830688,0.1745000034570694
YDR346C,YHR167W,0,-3.8891258,0.3441021740436554,0.9160000085830688,0.1746000051498413
YNR072W,YER019C-A,0,-3.8893318,0.34397295117378235,0.9160000085830688,0.17470000684261322
YER035W,YMR140W,0,-3.8899393,0.34384384751319885,0.9160000085830688,0.17479999363422394
YCR055C,YLR301W,0,-3.890067,0.3437148332595825,0.9160000085830688,0.17489999532699585
YOR281C,YGR208W,0,-3.890667,0.34358590841293335,0.9160000085830688,0.17499999701976776
YMR280C,YPL275W,0,-3.8918552,0.34345707297325134,0.9160000085830688,0.17509999871253967
YLR399C,YCL075W,0,-3.8927507,0.3433283269405365,0.9160000085830688,0.17520000040531158
YBR168W,YBR214W,0,-3.8928628,0.3431997001171112,0.9160000085830688,0.1753000020980835
YPR187W,YHL034C,0,-3.8942833,0.3430711627006531,0.9160000085830688,0.1754000037908554
YOR240W,YBR286W,0,-3.8943133,0.3429427146911621,0.9160000085830688,0.17550000548362732
YER042W,YOR304C-A,0,-3.8956056,0.3428143858909607,0.9160000085830688,0.17560000717639923
YHR119W,YFR016C,0,-3.898436,0.34268611669540405,0.9160000085830688,0.17569999396800995
YNR033W,YER126C,0,-3.8988466,0.34255796670913696,0.9160000085830688,0.17579999566078186
YNL281W,YGR178C,0,-3.899352,0.34242990612983704,0.9160000085830688,0.17589999735355377
YGR134W,YKR039W,0,-3.9006748,0.3423019349575043,0.9160000085830688,0.17599999904632568
YBR217W,YML031W,0,-3.9014764,0.34217408299446106,0.9160000085830688,0.1761000007390976
YKL004W,YOR219C,0,-3.902029,0.3420462906360626,0.9160000085830688,0.1762000024318695
YPL132W,YOR252W,1,-3.902689,0.3422918915748596,0.9169999957084656,0.1762000024318695
YPL005W,YIL029C,0,-3.902697,0.34216418862342834,0.9169999957084656,0.17630000412464142
YCR029C-A,YGL255W,0,-3.9029965,0.34203654527664185,0.9169999957084656,0.17640000581741333
YNL093W,YDR131C,0,-3.9033337,0.3419090211391449,0.9169999957084656,0.17649999260902405
YIL015W,YCL060C,0,-3.903376,0.3417815864086151,0.9169999957084656,0.17659999430179596
YCL018W,YBR012W-B,0,-3.9045148,0.3416542410850525,0.9169999957084656,0.17669999599456787
YIL052C,YDR117C,1,-3.9054556,0.34189945459365845,0.9179999828338623,0.17669999599456787
YDL066W,YLL004W,0,-3.9061284,0.3417721390724182,0.9179999828338623,0.17679999768733978
YPL127C,YGR272C,0,-3.9061546,0.34164494276046753,0.9179999828338623,0.1768999993801117
YOR237W,YKR080W,0,-3.9061718,0.3415178656578064,0.9179999828338623,0.1770000010728836
YJL093C,YOR338W,0,-3.9069977,0.34139084815979004,0.9179999828338623,0.17710000276565552
YGL040C,YGR002C,0,-3.907115,0.34126394987106323,0.9179999828338623,0.17720000445842743
YOL026C,YDR354W,0,-3.9077253,0.3411371111869812,0.9179999828338623,0.17730000615119934
YJL069C,YPL162C,0,-3.9080153,0.3410103917121887,0.9179999828338623,0.17739999294281006
YHR002W,YDL180W,0,-3.9085016,0.3408837616443634,0.9179999828338623,0.17749999463558197
YPL078C,YER109C,0,-3.9086547,0.34075725078582764,0.9179999828338623,0.17759999632835388
YOR178C,YNL222W,0,-3.9091706,0.34063079953193665,0.9179999828338623,0.1776999980211258
YGL184C,YCR029C-A,0,-3.9091883,0.3405044376850128,0.9179999828338623,0.1777999997138977
YIR034C,YER160C,0,-3.909223,0.34037819504737854,0.9179999828338623,0.17790000140666962
YMR268C,YLR132C,0,-3.9098773,0.3402520418167114,0.9179999828338623,0.17800000309944153
YPL028W,YNL214W,0,-3.9103398,0.3401259779930115,0.9179999828338623,0.17810000479221344
YFR053C,YLR126C,0,-3.9105105,0.3400000035762787,0.9179999828338623,0.17820000648498535
YPR143W,YGR122W,0,-3.912107,0.33987411856651306,0.9179999828338623,0.17829999327659607
YDR141C,YNL134C,0,-3.9127502,0.3397483229637146,0.9179999828338623,0.17839999496936798
YOR232W,YKR090W,0,-3.9128923,0.3396226465702057,0.9179999828338623,0.1784999966621399
YEL063C,YCR028C-A,0,-3.913807,0.33949702978134155,0.9179999828338623,0.1785999983549118
YDR424C,YNL327W,0,-3.9146862,0.33937153220176697,0.9179999828338623,0.17870000004768372
YDL024C,YLL055W,0,-3.9150705,0.33924612402915955,0.9179999828338623,0.17880000174045563
YNL161W,YDR086C,0,-3.9160004,0.3391208052635193,0.9179999828338623,0.17890000343322754
YPL221W,YKL116C,0,-3.916493,0.3389955759048462,0.9179999828338623,0.17900000512599945
YKL143W,YML082W,0,-3.9170356,0.33887043595314026,0.9179999828338623,0.17910000681877136
YDR511W,YJL054W,0,-3.9180355,0.3387453854084015,0.9179999828338623,0.17919999361038208
YJR105W,YJL133W,0,-3.9184294,0.3386204242706299,0.9179999828338623,0.179299995303154
YDL069C,YOL121C,1,-3.920436,0.3388642966747284,0.9190000295639038,0.179299995303154
YHR188C,YGL046W,0,-3.9206305,0.33873939514160156,0.9190000295639038,0.1793999969959259
YIL143C,YOR045W,0,-3.9211574,0.3386145830154419,0.9190000295639038,0.17949999868869781
YLR427W,YGR012W,0,-3.9218755,0.3384898602962494,0.9190000295639038,0.17960000038146973
YBR045C,YLR040C,0,-3.9222965,0.33836525678634644,0.9190000295639038,0.17970000207424164
YLR310C,YJL018W,0,-3.9237313,0.33824071288108826,0.9190000295639038,0.17980000376701355
YOR185C,YJR120W,0,-3.9242306,0.33811625838279724,0.9190000295639038,0.17990000545978546
YBR282W,YBR267W,1,-3.924364,0.33835968375205994,0.9200000166893005,0.17990000545978546
YGR078C,YNL066W,0,-3.925395,0.3382352888584137,0.9200000166893005,0.18000000715255737
YGL172W,YBR127C,0,-3.9263344,0.3381109833717346,0.9200000166893005,0.1800999939441681
YIR004W,YKL077W,0,-3.9263673,0.3379867672920227,0.9200000166893005,0.18019999563694
YFL018W-A,YDR354W,0,-3.9267583,0.33786264061927795,0.9200000166893005,0.18029999732971191
YMR076C,YJL108C,0,-3.9291453,0.33773863315582275,0.9200000166893005,0.18039999902248383
YDL003W,YDL012C,0,-3.9292092,0.33761468529701233,0.9200000166893005,0.18050000071525574
YGL084C,YOL080C,0,-3.929729,0.33749082684516907,0.9200000166893005,0.18060000240802765
YOL044W,YLL017W,0,-3.9310503,0.33736705780029297,0.9200000166893005,0.18070000410079956
YJL010C,YJR045C,0,-3.9326744,0.3372434079647064,0.9200000166893005,0.18080000579357147
YER141W,YGL170C,0,-3.9333496,0.33711981773376465,0.9200000166893005,0.1808999925851822
YBR100W,YPL139C,0,-3.9337015,0.3369963467121124,0.9200000166893005,0.1809999942779541
YGL051W,YCR016W,0,-3.9338756,0.336872935295105,0.9200000166893005,0.181099995970726
YIL044C,YOR147W,0,-3.9341955,0.3367496430873871,0.9200000166893005,0.18119999766349792
YDR320C-A,YOL143C,0,-3.9343596,0.33662641048431396,0.9200000166893005,0.18129999935626984
YLL028W,YJR029W,0,-3.93468,0.3365032970905304,0.9200000166893005,0.18140000104904175
YER009W,YLL054C,0,-3.9349198,0.3363802433013916,0.9200000166893005,0.18150000274181366
YNL113W,YJR127C,0,-3.9350696,0.33625730872154236,0.9200000166893005,0.18160000443458557
YDL067C,YKR099C-A,0,-3.9352403,0.3361344635486603,0.9200000166893005,0.18170000612735748
YKL082C,YNR036C,1,-3.936357,0.3363769054412842,0.9210000038146973,0.18170000612735748
YLR074C,YNL055C,0,-3.936789,0.3362541198730469,0.9210000038146973,0.1817999929189682
YLR160C,YPR133W-A,0,-3.938743,0.33613139390945435,0.9210000038146973,0.1818999946117401
YNL308C,YKR089C,0,-3.9395413,0.336008757352829,0.9210000038146973,0.18199999630451202
YPL058C,YOR008C-A,0,-3.939733,0.3358862102031708,0.9210000038146973,0.18209999799728394
YPR194C,YNL222W,0,-3.939886,0.33576375246047974,0.9210000038146973,0.18219999969005585
YNR032W,YGL255W,0,-3.9408488,0.33564141392707825,0.9210000038146973,0.18230000138282776
YBL068W,YDR308C,0,-3.9409022,0.33551913499832153,0.9210000038146973,0.18240000307559967
YNL112W,YNL131W,0,-3.9414253,0.335396945476532,0.9210000038146973,0.18250000476837158
YNL244C,YKL196C,0,-3.9414582,0.3352748453617096,0.9210000038146973,0.1826000064611435
YIL002C,YBR084W,0,-3.9415426,0.33515283465385437,0.9210000038146973,0.1826999932527542
YHR175W,YBL071W-A,0,-3.944952,0.3350309133529663,0.9210000038146973,0.18279999494552612
YCR087C-A,YPR095C,0,-3.9454284,0.3349090814590454,0.9210000038146973,0.18289999663829803
YJL134W,YPR098C,0,-3.9465852,0.3347873389720917,0.9210000038146973,0.18299999833106995
YNL065W,YCR043C,0,-3.948123,0.3346656858921051,0.9210000038146973,0.18310000002384186
YGL049C,YML025C,1,-3.9482355,0.3349073827266693,0.921999990940094,0.18310000002384186
YPR034W,YML132W,0,-3.9486132,0.3347857594490051,0.921999990940094,0.18320000171661377
YPL038W,YLR009W,0,-3.9502401,0.3346642553806305,0.921999990940094,0.18330000340938568
YAR042W,YAR010C,0,-3.9505591,0.33454281091690063,0.921999990940094,0.1834000051021576
YGL058W,YMR099C,0,-3.9524822,0.3344214856624603,0.921999990940094,0.1835000067949295
YEL002C,YBR271W,0,-3.9525561,0.3343002200126648,0.921999990940094,0.18359999358654022
YHR169W,YOR142W,0,-3.952992,0.3341790437698364,0.921999990940094,0.18369999527931213
YMR033W,YDR440W,0,-3.9534516,0.3340579569339752,0.921999990940094,0.18379999697208405
YNL161W,YOR292C,0,-3.9554791,0.33393698930740356,0.921999990940094,0.18389999866485596
YJL159W,YPL186C,0,-3.9557261,0.3338160812854767,0.921999990940094,0.18400000035762787
YMR319C,YGL145W,0,-3.9564762,0.33369526267051697,0.921999990940094,0.18410000205039978
YDR368W,YNL092W,0,-3.9571776,0.3335745334625244,0.921999990940094,0.1842000037431717
YJL158C,YLL012W,0,-3.9580588,0.333453893661499,0.921999990940094,0.1843000054359436
YPL160W,YMR229C,0,-3.9587436,0.3333333432674408,0.921999990940094,0.18440000712871552
YPR124W,YBL023C,0,-3.9601092,0.33321285247802734,0.921999990940094,0.18449999392032623
YHR209W,YML093W,0,-3.9607797,0.33309248089790344,0.921999990940094,0.18459999561309814
YBR057C,YOR008C-A,0,-3.9611578,0.3329721987247467,0.921999990940094,0.18469999730587006
YPR176C,YCL045C,0,-3.9625301,0.33285197615623474,0.921999990940094,0.18479999899864197
YNL160W,YER005W,0,-3.963365,0.33273187279701233,0.921999990940094,0.18490000069141388
YJL021C,YLR017W,0,-3.9637842,0.3326118290424347,0.921999990940094,0.1850000023841858
YOR160W,YEL012W,0,-3.9645896,0.3324918746948242,0.921999990940094,0.1851000040769577
YDR513W,YKL145W,0,-3.9652596,0.3323720395565033,0.921999990940094,0.18520000576972961
YGL203C,YOR356W,0,-3.9658499,0.33225226402282715,0.921999990940094,0.18529999256134033
YGR155W,YKL045W,0,-3.9676633,0.33213257789611816,0.921999990940094,0.18539999425411224
YAL009W,YOL124C,0,-3.9685602,0.33201295137405396,0.921999990940094,0.18549999594688416
YOR067C,YDR079W,0,-3.969298,0.3318934440612793,0.921999990940094,0.18559999763965607
YBR221C,YML105C,0,-3.969307,0.3317740261554718,0.921999990940094,0.18569999933242798
YOR232W,YDR522C,0,-3.96947,0.3316546678543091,0.921999990940094,0.1858000010251999
YOL052C-A,YOL103W,0,-3.9695497,0.3315354287624359,0.921999990940094,0.1859000027179718
YNL325C,YJR074W,0,-3.9696379,0.3314162492752075,0.921999990940094,0.1860000044107437
YNL182C,YPL072W,0,-3.9701004,0.3312971591949463,0.921999990940094,0.18610000610351562
YGL180W,YBL006C,0,-3.970234,0.3311781585216522,0.921999990940094,0.18619999289512634
YEL037C,YIL119C,0,-3.9713402,0.3310592472553253,0.921999990940094,0.18629999458789825
YHR143W-A,YDL168W,0,-3.9715962,0.3309404253959656,0.921999990940094,0.18639999628067017
YBR177C,YGR074W,0,-3.9719791,0.3308216631412506,0.921999990940094,0.18649999797344208
YBL030C,YKR090W,0,-3.9737062,0.3307030200958252,0.921999990940094,0.186599999666214
YML075C,YKL070W,0,-3.973886,0.33058443665504456,0.921999990940094,0.1867000013589859
YCR011C,YOR344C,0,-3.9740195,0.3304659426212311,0.921999990940094,0.1868000030517578
YJL050W,YOL020W,0,-3.9758286,0.33034753799438477,0.921999990940094,0.18690000474452972
YBR215W,YFR006W,0,-3.9760342,0.3302292227745056,0.921999990940094,0.18700000643730164
YER038C,YBR293W,0,-3.9762506,0.33011099696159363,0.921999990940094,0.18709999322891235
YMR083W,YMR131C,0,-3.9764185,0.3299928307533264,0.921999990940094,0.18719999492168427
YDR235W,YBR162W-A,0,-3.9768558,0.32987478375434875,0.921999990940094,0.18729999661445618
YGL238W,YDL095W,0,-3.977378,0.32975679636001587,0.921999990940094,0.1873999983072281
YER025W,YMR295C,1,-3.9774246,0.3299964368343353,0.9229999780654907,0.1873999983072281
YCR065W,YGR258C,0,-3.9786806,0.32987847924232483,0.9229999780654907,0.1875
YIL015W,YCR080W,0,-3.9799247,0.3297606408596039,0.9229999780654907,0.1876000016927719
YML045W,YNL176C,0,-3.9809098,0.3296428620815277,0.9229999780654907,0.18770000338554382
YHR038W,YKR014C,0,-3.9837313,0.3295251727104187,0.9229999780654907,0.18780000507831573
YPR192W,YDL198C,0,-3.9848013,0.32940757274627686,0.9229999780654907,0.18790000677108765
YJR132W,YMR051C,0,-3.9853258,0.3292900323867798,0.9229999780654907,0.18799999356269836
YIL139C,YAL030W,0,-3.9854732,0.32917261123657227,0.9229999780654907,0.18809999525547028
YGL119W,YDL012C,0,-3.987094,0.3290552496910095,0.9229999780654907,0.1881999969482422
YMR314W,YBR012W-B,0,-3.987595,0.32893797755241394,0.9229999780654907,0.1882999986410141
YML110C,YDR368W,0,-3.9878101,0.3288207948207855,0.9229999780654907,0.188400000333786
YOR335C,YKL117W,0,-3.9878511,0.32870370149612427,0.9229999780654907,0.18850000202655792
YPL217C,YGL067W,0,-3.988082,0.3285866975784302,0.9229999780654907,0.18860000371932983
YDR045C,YLR200W,0,-3.9884262,0.32846975326538086,0.9229999780654907,0.18870000541210175
YOR261C,YKL077W,0,-3.9887924,0.3283528983592987,0.9229999780654907,0.18880000710487366
YJR006W,YGL046W,0,-3.988916,0.3282361328601837,0.9229999780654907,0.18889999389648438
YER119C,YNR073C,0,-3.9890027,0.3281194567680359,0.9229999780654907,0.1889999955892563
YGR057C,YMR140W,0,-3.9899015,0.32800284028053284,0.9229999780654907,0.1890999972820282
YGR121C,YOR160W,0,-3.9899611,0.32788631319999695,0.9229999780654907,0.1891999989748001
YPL131W,YMR268W-A,1,-3.9911222,0.328125,0.9240000247955322,0.1891999989748001
YAL030W,YLR414C,0,-3.9930644,0.3280085325241089,0.9240000247955322,0.18930000066757202
YDR205W,YDL119C,0,-3.993431,0.32789212465286255,0.9240000247955322,0.18940000236034393
YGL048C,YCR043C,0,-3.9937057,0.3277758061885834,0.9240000247955322,0.18950000405311584
YDR155C,YPL145C,0,-3.994306,0.32765957713127136,0.9240000247955322,0.18960000574588776
YMR237W,YJR007W,1,-3.9944701,0.32789790630340576,0.925000011920929,0.18960000574588776
YOL023W,YOL144W,0,-3.995616,0.32778170704841614,0.925000011920929,0.18970000743865967
YOR253W,YMR226C,1,-3.9956808,0.3280198276042938,0.9259999990463257,0.18970000743865967
YDL161W,YHL034C,0,-3.997415,0.327903687953949,0.9259999990463257,0.18979999423027039
YKR046C,YDR079W,0,-3.997847,0.3277876079082489,0.9259999990463257,0.1898999959230423
YCR088W,YLR293C,0,-3.9994078,0.327671617269516,0.9259999990463257,0.1899999976158142
YCR070W,YPR030W,0,-4.000281,0.32755571603775024,0.9259999990463257,0.19009999930858612
YFL035C,YNL214W,0,-4.000333,0.3274398744106293,0.9259999990463257,0.19020000100135803
YHL048W,YER126C,0,-4.0005217,0.32732415199279785,0.9259999990463257,0.19030000269412994
YGL143C,YGR128C,0,-4.000794,0.3272084891796112,0.9259999990463257,0.19040000438690186
YJR022W,YML039W,0,-4.0027595,0.32709288597106934,0.9259999990463257,0.19050000607967377
YLR034C,YOL125W,0,-4.0031295,0.326977401971817,0.9259999990463257,0.19059999287128448
YMR296C,YGL161C,0,-4.0033593,0.3268619775772095,0.9259999990463257,0.1906999945640564
YMR180C,YOR317W,0,-4.003773,0.3267466425895691,0.9259999990463257,0.1907999962568283
YDL022W,YLL024C,0,-4.00464,0.3266313970088959,0.9259999990463257,0.19089999794960022
YDR194C,YGR143W,0,-4.004693,0.32651621103286743,0.9259999990463257,0.19099999964237213
YGR253C,YDR532C,0,-4.005267,0.32640111446380615,0.9259999990463257,0.19110000133514404
YCR040W,YBR228W,0,-4.006706,0.32628610730171204,0.9259999990463257,0.19120000302791595
YPR005C,YLR106C,0,-4.006854,0.3261711895465851,0.9259999990463257,0.19130000472068787
YGL040C,YCR055C,0,-4.0071354,0.3260563313961029,0.9259999990463257,0.19140000641345978
YOL095C,YAR010C,0,-4.00863,0.3259415626525879,0.9259999990463257,0.1914999932050705
YBR221C,YLR224W,0,-4.0100217,0.32582688331604004,0.9259999990463257,0.1915999948978424
YLL024C,YJL225C,0,-4.0106955,0.32571226358413696,0.9259999990463257,0.19169999659061432
YPR035W,YGL104C,0,-4.011008,0.32559776306152344,0.9259999990463257,0.19179999828338623
YDR134C,YGL039W,0,-4.014021,0.3254832923412323,0.9259999990463257,0.19189999997615814
YKL179C,YGL246C,0,-4.0149455,0.3253689408302307,0.9259999990463257,0.19200000166893005
YMR044W,YBR106W,0,-4.015835,0.3252546489238739,0.9259999990463257,0.19210000336170197
YKR067W,YOR285W,0,-4.0164647,0.32514044642448425,0.9259999990463257,0.19220000505447388
YKL150W,YNL092W,0,-4.0176563,0.32502633333206177,0.9259999990463257,0.1923000067472458
YLR088W,YDR177W,0,-4.018112,0.32491227984428406,0.9259999990463257,0.1923999935388565
YGL012W,YGL028C,0,-4.0192404,0.3247983157634735,0.9259999990463257,0.19249999523162842
YJR005W,YER190W,0,-4.0199294,0.3246844410896301,0.9259999990463257,0.19259999692440033
YPL170W,YDR323C,0,-4.0201745,0.3245706260204315,0.9259999990463257,0.19269999861717224
YGL259W,YLR042C,0,-4.0205684,0.3244569003582001,0.9259999990463257,0.19280000030994415
YGL142C,YIL083C,0,-4.02601,0.3243432641029358,0.9259999990463257,0.19290000200271606
YPL038W,YHR079C-B,0,-4.0261974,0.3242296874523163,0.9259999990463257,0.19300000369548798
YJL021C,YMR168C,0,-4.027105,0.32411620020866394,0.9259999990463257,0.1931000053882599
YKL058W,YNL217W,0,-4.027503,0.32400280237197876,0.9259999990463257,0.1932000070810318
YMR131C,YPR137W,0,-4.0275445,0.32388946413993835,0.9259999990463257,0.19329999387264252
YIR004W,YOL142W,0,-4.0286193,0.3237762153148651,0.9259999990463257,0.19339999556541443
YFR027W,YJL148W,0,-4.0289826,0.32366305589675903,0.9259999990463257,0.19349999725818634
YDR217C,YLL028W,0,-4.029532,0.32354995608329773,0.9259999990463257,0.19359999895095825
YML133C,YPL088W,0,-4.029889,0.3234369456768036,0.9259999990463257,0.19370000064373016
YJR143C,YNL079C,0,-4.0307555,0.3233240246772766,0.9259999990463257,0.19380000233650208
YLR391W-A,YDL003W,0,-4.030783,0.3232111632823944,0.9259999990463257,0.193900004029274
YKL158W,YOL051W,0,-4.033163,0.32309839129447937,0.9259999990463257,0.1940000057220459
YNL145W,YIL066C,0,-4.034192,0.3229857087135315,0.9259999990463257,0.1941000074148178
YER089C,YPL124W,0,-4.0346003,0.3228730857372284,0.9259999990463257,0.19419999420642853
YGL259W,YER138C,0,-4.0347204,0.32276055216789246,0.9259999990463257,0.19429999589920044
YER032W,YAL024C,0,-4.036649,0.3226480782032013,0.9259999990463257,0.19439999759197235
YOL149W,YGR132C,0,-4.038438,0.3225356936454773,0.9259999990463257,0.19449999928474426
YMR097C,YDL012C,0,-4.038597,0.32242339849472046,0.9259999990463257,0.19460000097751617
YDR469W,YGR122W,0,-4.040054,0.3223111629486084,0.9259999990463257,0.19470000267028809
YDL188C,YML039W,0,-4.04107,0.3221990168094635,0.9259999990463257,0.19480000436306
YML103C,YDR308C,0,-4.0413055,0.32208696007728577,0.9259999990463257,0.1949000060558319
YER019C-A,YHR112C,0,-4.0414114,0.3219749629497528,0.9259999990463257,0.19499999284744263
YCR093W,YLR154C,0,-4.0414996,0.321863055229187,0.9259999990463257,0.19509999454021454
YLR391W-A,YPL097W,0,-4.0416346,0.321751207113266,0.9259999990463257,0.19519999623298645
YBR142W,YOR001W,0,-4.0422254,0.32163944840431213,0.9259999990463257,0.19529999792575836
YML092C,YHR135C,0,-4.043143,0.32152777910232544,0.9259999990463257,0.19539999961853027
YGR295C,YCR045C,0,-4.043377,0.3214161694049835,0.9259999990463257,0.19550000131130219
YOR299W,YOR122C,0,-4.043543,0.32130464911460876,0.9259999990463257,0.1956000030040741
YDR098C,YBR015C,0,-4.0438538,0.3211931884288788,0.9259999990463257,0.195700004696846
YDR224C,YCL001W,0,-4.0438585,0.32108181715011597,0.9259999990463257,0.19580000638961792
YER141W,YCR043C,0,-4.0439005,0.3209705352783203,0.9259999990463257,0.19589999318122864
YOL115W,YJL108C,0,-4.0441046,0.32085931301116943,0.9259999990463257,0.19599999487400055
YKL120W,YIL082W-A,0,-4.046138,0.3207481801509857,0.9259999990463257,0.19609999656677246
YDR206W,YJR141W,0,-4.046225,0.3206371068954468,0.9259999990463257,0.19619999825954437
YMR217W,YLL017W,0,-4.0462294,0.320526123046875,0.9259999990463257,0.19629999995231628
YHR154W,YHL044W,0,-4.0463142,0.3204152286052704,0.9259999990463257,0.1964000016450882
YNR041C,YPR184W,0,-4.046465,0.32030439376831055,0.9259999990463257,0.1965000033378601
YDR168W,YLR196W,0,-4.0465493,0.32019364833831787,0.9259999990463257,0.19660000503063202
YFL034C-B,YHL011C,0,-4.047758,0.32008296251296997,0.9259999990463257,0.19670000672340393
YNL278W,YER087C-B,0,-4.048978,0.31997236609458923,0.9259999990463257,0.19679999351501465
YIL149C,YJL140W,0,-4.049063,0.31986182928085327,0.9259999990463257,0.19689999520778656
YHR063C,YFR016C,0,-4.0496025,0.3197513818740845,0.9259999990463257,0.19699999690055847
YKL006C-A,YOR010C,0,-4.0517435,0.31964099407196045,0.9259999990463257,0.19709999859333038
YNL090W,YKR055W,0,-4.0530424,0.319530725479126,0.9259999990463257,0.1972000002861023
YJL093C,YJR029W,0,-4.0553894,0.3194204866886139,0.9259999990463257,0.1973000019788742
YPR060C,YPL150W,0,-4.0577884,0.31931033730506897,0.9259999990463257,0.19740000367164612
YLR397C,YER125W,0,-4.0583243,0.3192002773284912,0.9259999990463257,0.19750000536441803
YMR237W,YNL177C,1,-4.0587335,0.31943488121032715,0.9269999861717224,0.19750000536441803
YLR314C,YPL280W,0,-4.059582,0.3193248510360718,0.9269999861717224,0.19760000705718994
YFL010W-A,YCR039C,0,-4.059919,0.3192148804664612,0.9269999861717224,0.19769999384880066
YPL256C,YPL125W,0,-4.059967,0.31910499930381775,0.9269999861717224,0.19779999554157257
YPL275W,YOL051W,0,-4.0605016,0.3189951777458191,0.9269999861717224,0.19789999723434448
YNL026W,YKL077W,0,-4.061477,0.3188854455947876,0.9269999861717224,0.1979999989271164
YKR026C,YOR136W,0,-4.061918,0.31877580285072327,0.9269999861717224,0.1981000006198883
YDR315C,YJL116C,0,-4.06208,0.3186662197113037,0.9269999861717224,0.19820000231266022
YPL171C,YMR190C,0,-4.063206,0.31855669617652893,0.9269999861717224,0.19830000400543213
YJL111W,YBR083W,0,-4.0632653,0.3184472620487213,0.9269999861717224,0.19840000569820404
YML022W,YBR216C,0,-4.0636935,0.31833791732788086,0.9269999861717224,0.19850000739097595
YPR105C,YNL287W,0,-4.064517,0.3182286322116852,0.9269999861717224,0.19859999418258667
YGL226C-A,YHR076W,0,-4.0650725,0.31811943650245667,0.9269999861717224,0.19869999587535858
YPL121C,YPR107C,0,-4.065983,0.3180103003978729,0.9269999861717224,0.1987999975681305
YJL167W,YMR267W,0,-4.0663366,0.31790122389793396,0.9269999861717224,0.1988999992609024
YLR384C,YGR042W,0,-4.0667114,0.31779226660728455,0.9269999861717224,0.19900000095367432
YBL071W-A,YPR187W,0,-4.0684905,0.3176833391189575,0.9269999861717224,0.19910000264644623
YPR067W,YFR024C-A,0,-4.06869,0.31757450103759766,0.9269999861717224,0.19920000433921814
YDL223C,YLR389C,0,-4.068831,0.31746575236320496,0.9269999861717224,0.19930000603199005
YOL010W,YLR132C,0,-4.069295,0.31735706329345703,0.9269999861717224,0.19939999282360077
YCL012W,YDR276C,0,-4.0699315,0.31724846363067627,0.9269999861717224,0.19949999451637268
YGR081C,YER100W,0,-4.07276,0.3171399235725403,0.9269999861717224,0.1995999962091446
YOR240W,YCL031C,0,-4.0737753,0.31703147292137146,0.9269999861717224,0.1996999979019165
YNL085W,YCR057C,0,-4.0739965,0.3169230818748474,0.9269999861717224,0.19979999959468842
YER014C-A,YML112W,0,-4.075782,0.31681475043296814,0.9269999861717224,0.19990000128746033
YOR362C,YKL117W,0,-4.076271,0.3167065382003784,0.9269999861717224,0.20000000298023224
YML061C,YHL017W,0,-4.076778,0.3165983557701111,0.9269999861717224,0.20010000467300415
YJR095W,YHR050W,0,-4.077115,0.3164902627468109,0.9269999861717224,0.20020000636577606
YJR059W,YOR367W,0,-4.078467,0.3163822591304779,0.9269999861717224,0.20029999315738678
YBR100W,YCL060C,0,-4.0787625,0.3162743151187897,0.9269999861717224,0.2003999948501587
YKL157W,YPL152W,0,-4.078914,0.3161664307117462,0.9269999861717224,0.2004999965429306
YKL200C,YHL022C,0,-4.0790396,0.3160586357116699,0.9269999861717224,0.20059999823570251
YER014C-A,YGL092W,0,-4.079599,0.3159509301185608,0.9269999861717224,0.20069999992847443
YMR093W,YPR139C,0,-4.079724,0.31584328413009644,0.9269999861717224,0.20080000162124634
YGL028C,YDL180W,0,-4.0803123,0.31573569774627686,0.9269999861717224,0.20090000331401825
YJL208C,YGL249W,0,-4.081668,0.31562820076942444,0.9269999861717224,0.20100000500679016
YPL161C,YHR191C,0,-4.085559,0.3155207633972168,0.9269999861717224,0.20110000669956207
YDL192W,YBR165W,0,-4.085579,0.3154134154319763,0.9269999861717224,0.2011999934911728
YMR072W,YCL012W,0,-4.0861607,0.3153061270713806,0.9269999861717224,0.2012999951839447
YGR195W,YGL232W,0,-4.086807,0.3151988983154297,0.9269999861717224,0.2013999968767166
YER106W,YGR078C,0,-4.087238,0.3150917887687683,0.9269999861717224,0.20149999856948853
YPL115C,YKR065C,0,-4.0872726,0.3149847090244293,0.9269999861717224,0.20160000026226044
YAR002C-A,YPR103W,0,-4.0874176,0.3148777186870575,0.9269999861717224,0.20170000195503235
YMR078C,YPL033C,0,-4.0877,0.31477078795433044,0.9269999861717224,0.20180000364780426
YCL060C,YOL105C,0,-4.0877614,0.31466394662857056,0.9269999861717224,0.20190000534057617
YML059C,YFR016C,0,-4.0880094,0.31455716490745544,0.9269999861717224,0.20200000703334808
YLR383W,YKL070W,0,-4.0881567,0.3144504725933075,0.9269999861717224,0.2020999938249588
YPL255W,YNL039W,0,-4.089447,0.3143438398838043,0.9269999861717224,0.2021999955177307
YKL134C,YIR018W,0,-4.0898933,0.3142372965812683,0.9269999861717224,0.20229999721050262
YGL127C,YCR062W,0,-4.091018,0.3141308128833771,0.9269999861717224,0.20239999890327454
YGL097W,YMR146C,0,-4.092495,0.3140243887901306,0.9269999861717224,0.20250000059604645
YDL197C,YHL017W,0,-4.09413,0.3139180541038513,0.9269999861717224,0.20260000228881836
YPL028W,YML005W,0,-4.0945287,0.3138117790222168,0.9269999861717224,0.20270000398159027
YNL110C,YJL114W,0,-4.0945654,0.31370559334754944,0.9269999861717224,0.20280000567436218
YGL150C,YKL094W,0,-4.095965,0.31359946727752686,0.9269999861717224,0.2029000073671341
YCR065W,YML109W,0,-4.096432,0.31349340081214905,0.9269999861717224,0.2029999941587448
YPL115C,YMR050C,0,-4.097356,0.3133874237537384,0.9269999861717224,0.20309999585151672
YDR019C,YER147C,0,-4.09794,0.31328150629997253,0.9269999861717224,0.20319999754428864
YLR369W,YHR112C,0,-4.099043,0.31317567825317383,0.9269999861717224,0.20329999923706055
YOR226C,YCR080W,0,-4.0995092,0.3130699098110199,0.9269999861717224,0.20340000092983246
YPL089C,YMR146C,0,-4.1002445,0.31296420097351074,0.9269999861717224,0.20350000262260437
YCR011C,YIL021W,0,-4.1005645,0.31285858154296875,0.9269999861717224,0.20360000431537628
YNL216W,YPR088C,0,-4.1011686,0.31275302171707153,0.9269999861717224,0.2037000060081482
YOR232W,YBR100W,0,-4.101617,0.3126475512981415,0.9269999861717224,0.2037999927997589
YBR129C,YOR272W,0,-4.1026974,0.3125421404838562,0.9269999861717224,0.20389999449253082
YNL159C,YJR135W-A,0,-4.1026974,0.3124368190765381,0.9269999861717224,0.20399999618530273
YLR011W,YJL171C,0,-4.102848,0.31233152747154236,0.9269999861717224,0.20409999787807465
YBL052C,YGR122W,0,-4.1030207,0.3122263252735138,0.9269999861717224,0.20419999957084656
YBR034C,YDR311W,0,-4.103118,0.3121212124824524,0.9269999861717224,0.20430000126361847
YMR318C,YJL012C-A,0,-4.1040573,0.31201615929603577,0.9269999861717224,0.20440000295639038
YJL173C,YLR398C,0,-4.105402,0.3119111657142639,0.9269999861717224,0.2045000046491623
YHR053C,YMR234W,0,-4.1077566,0.31180626153945923,0.9269999861717224,0.2046000063419342
YHR188C,YGL097W,0,-4.1078734,0.3117014169692993,0.9269999861717224,0.20469999313354492
YOR144C,YGL245W,0,-4.108312,0.3115966320037842,0.9269999861717224,0.20479999482631683
YMR236W,YCR043C,0,-4.1092343,0.3114919364452362,0.9269999861717224,0.20489999651908875
YBR072W,YOL027C,0,-4.1094112,0.311387300491333,0.9269999861717224,0.20499999821186066
YFR048W,YDR352W,0,-4.1095533,0.311282753944397,0.9269999861717224,0.20509999990463257
YDR342C,YHR106W,0,-4.110482,0.3111782371997833,0.9269999861717224,0.20520000159740448
YDR330W,YGR122W,0,-4.110537,0.31107383966445923,0.9269999861717224,0.2053000032901764
YCR068W,YJL021C,0,-4.1145916,0.3109694719314575,0.9269999861717224,0.2054000049829483
YLL018C-A,YMR220W,0,-4.115283,0.310865193605423,0.9269999861717224,0.20550000667572021
YJL154C,YGR012W,0,-4.1154795,0.3107609748840332,0.9269999861717224,0.20559999346733093
YHL032C,YBL035C,0,-4.116337,0.3106568455696106,0.9269999861717224,0.20569999516010284
YPR145W,YPL167C,0,-4.11743,0.31055277585983276,0.9269999861717224,0.20579999685287476
YDL223C,YKL053C-A,0,-4.118455,0.3104487657546997,0.9269999861717224,0.20589999854564667
YDL024C,YHR085W,0,-4.118641,0.3103448152542114,0.9269999861717224,0.20600000023841858
YMR042W,YMR038C,0,-4.1189685,0.3102409541606903,0.9269999861717224,0.2061000019311905
YCL066W,YBR123C,0,-4.119075,0.31013718247413635,0.9269999861717224,0.2062000036239624
YKR039W,YPL236C,0,-4.1204796,0.3100334405899048,0.9269999861717224,0.20630000531673431
YDR211W,YNR073C,0,-4.1216283,0.3099297881126404,0.9269999861717224,0.20640000700950623
YOR273C,YLR297W,0,-4.122216,0.30982619524002075,0.9269999861717224,0.20649999380111694
YOR240W,YPL242C,0,-4.1233373,0.3097226917743683,0.9269999861717224,0.20659999549388885
YGR123C,YGR279C,0,-4.1237793,0.3096192479133606,0.9269999861717224,0.20669999718666077
YML022W,YDR395W,0,-4.123947,0.3095158636569977,0.9269999861717224,0.20679999887943268
YFL011W-A,YDR189W,0,-4.1251965,0.30941253900527954,0.9269999861717224,0.2069000005722046
YPR093C,YJR053W,0,-4.125426,0.30930930376052856,0.9269999861717224,0.2070000022649765
YNL065W,YIL103W,0,-4.1259627,0.30920612812042236,0.9269999861717224,0.2071000039577484
YHR209W,YGR082W,0,-4.1268115,0.3091030418872833,0.9269999861717224,0.20720000565052032
YKR099C-A,YGL231C,0,-4.127572,0.3089999854564667,0.9269999861717224,0.20730000734329224
YOR224C,YCL075W,0,-4.129428,0.3088970482349396,0.9269999861717224,0.20739999413490295
YKL150W,YJL171C,0,-4.130938,0.30879414081573486,0.9269999861717224,0.20749999582767487
YJR134C,YPL283C,0,-4.1322107,0.3086913228034973,0.9269999861717224,0.20759999752044678
YPL262W,YOR116C,0,-4.1330204,0.30858853459358215,0.9269999861717224,0.2076999992132187
YDR192C,YEL051W,0,-4.133336,0.30848586559295654,0.9269999861717224,0.2078000009059906
YDR459C,YGL249W,0,-4.1357303,0.3083832263946533,0.9269999861717224,0.2079000025987625
YLR327C,YEL043W,1,-4.1361322,0.30861324071884155,0.9279999732971191,0.2079000025987625
YPL002C,YDL118W,0,-4.1361856,0.3085106313228607,0.9279999732971191,0.20800000429153442
YOL100W,YLL017W,0,-4.1375504,0.30840811133384705,0.9279999732971191,0.20810000598430634
YBR260C,YDR027C,0,-4.1377044,0.30830565094947815,0.9279999732971191,0.20819999277591705
YGL153W,YEL020W-A,0,-4.1378765,0.30820325016975403,0.9279999732971191,0.20829999446868896
YOR254C,YHR064C,0,-4.138045,0.30810093879699707,0.9279999732971191,0.20839999616146088
YCL048W,YPR003C,0,-4.1381826,0.3079986870288849,0.9279999732971191,0.2084999978542328
YNL065W,YDR452W,0,-4.1382303,0.3078964948654175,0.9279999732971191,0.2085999995470047
YGR282C,YDR297W,0,-4.1391716,0.30779436230659485,0.9279999732971191,0.2087000012397766
YFL021W,YDL118W,0,-4.139425,0.3076923191547394,0.9279999732971191,0.20880000293254852
YOR377W,YMR135C,0,-4.1409893,0.3075903356075287,0.9279999732971191,0.20890000462532043
YLR114C,YGR057C,0,-4.142139,0.30748841166496277,0.9279999732971191,0.20900000631809235
YOR240W,YJL109C,0,-4.144232,0.3073865473270416,0.9279999732971191,0.20909999310970306
YDR459C,YJL225C,0,-4.144238,0.30728477239608765,0.9279999732971191,0.20919999480247498
YBR068C,YOR214C,0,-4.144304,0.30718305706977844,0.9279999732971191,0.2092999964952469
YJL209W,YJR049C,0,-4.14441,0.307081401348114,0.9279999732971191,0.2093999981880188
YPL280W,YCR045C,0,-4.146083,0.30697983503341675,0.9279999732971191,0.2094999998807907
YML102W,YLL066C,0,-4.1464415,0.30687829852104187,0.9279999732971191,0.20960000157356262
YMR312W,YMR261C,0,-4.146922,0.30677685141563416,0.9279999732971191,0.20970000326633453
YER110C,YPL113C,0,-4.1489425,0.3066754937171936,0.9279999732971191,0.20980000495910645
YLR028C,YMR166C,0,-4.149045,0.30657416582107544,0.9279999732971191,0.20990000665187836
YKL096W-A,YDR536W,0,-4.14907,0.30647292733192444,0.9279999732971191,0.20999999344348907
YLR391W,YGR270W,0,-4.1512747,0.3063717484474182,0.9279999732971191,0.210099995136261
YDL113C,YML039W,0,-4.1518345,0.30627062916755676,0.9279999732971191,0.2101999968290329
YOR269W,YDR255C,0,-4.152274,0.3061695694923401,0.9279999732971191,0.2102999985218048
YJL103C,YNL066W,0,-4.152885,0.3060685992240906,0.9279999732971191,0.21040000021457672
YBR278W,YNL281W,0,-4.153194,0.30596768856048584,0.9279999732971191,0.21050000190734863
YGR178C,YDR075W,0,-4.1531973,0.3058668375015259,0.9279999732971191,0.21060000360012054
YLR429W,YIL053W,0,-4.1536474,0.3057660758495331,0.9279999732971191,0.21070000529289246
YDL035C,YJR096W,0,-4.1541624,0.30566534399986267,0.9279999732971191,0.21080000698566437
YPL152W,YBR096W,0,-4.1546555,0.3055647015571594,0.9279999732971191,0.21089999377727509
YKL058W,YNL088W,0,-4.1567917,0.30546411871910095,0.9279999732971191,0.210999995470047
YDL111C,YIL113W,0,-4.1574974,0.30536359548568726,0.9279999732971191,0.2110999971628189
YHR115C,YJL171C,0,-4.1583233,0.3052631616592407,0.9279999732971191,0.21119999885559082
YLR411W,YMR044W,0,-4.158501,0.30516278743743896,0.9279999732971191,0.21130000054836273
YAL025C,YJR015W,0,-4.1588793,0.305062472820282,0.9279999732971191,0.21140000224113464
YKL158W,YMR033W,0,-4.1594257,0.3049622178077698,0.9279999732971191,0.21150000393390656
YPR189W,YEL012W,0,-4.159523,0.30486202239990234,0.9279999732971191,0.21160000562667847
YDR273W,YBR100W,0,-4.1605105,0.3047619163990021,0.9279999732971191,0.21170000731945038
YFR028C,YGR248W,0,-4.1606164,0.3046618402004242,0.9279999732971191,0.2117999941110611
YJL018W,YKR090W,0,-4.1608257,0.3045618534088135,0.9279999732971191,0.211899995803833
YOR241W,YGR212W,0,-4.16098,0.3044619560241699,0.9279999732971191,0.21199999749660492
YDR266C,YNR024W,1,-4.1610804,0.30469006299972534,0.9290000200271606,0.21199999749660492
YKL054C,YIL066C,0,-4.1630526,0.3045901656150818,0.9290000200271606,0.21209999918937683
YER032W,YHR079C-B,0,-4.1631136,0.304490327835083,0.9290000200271606,0.21220000088214874
YKL085W,YPL022W,0,-4.1634464,0.304390549659729,0.9290000200271606,0.21230000257492065
YOL086C,YKR003W,0,-4.163685,0.30429086089134216,0.9290000200271606,0.21240000426769257
YDR184C,YKL140W,0,-4.1637654,0.3041912317276001,0.9290000200271606,0.21250000596046448
YGR223C,YKR081C,0,-4.166188,0.3040916621685028,0.9290000200271606,0.2125999927520752
YDR432W,YKL057C,0,-4.1664286,0.3039921522140503,0.9290000200271606,0.2126999944448471
YLR293C,YDR533C,0,-4.1667614,0.30389270186424255,0.9290000200271606,0.21279999613761902
YDL059C,YML105C,0,-4.1673055,0.303793340921402,0.9290000200271606,0.21289999783039093
YNR032W,YMR016C,0,-4.1682315,0.3036940097808838,0.9290000200271606,0.21299999952316284
YMR117C,YPL092W,0,-4.1687403,0.30359476804733276,0.9290000200271606,0.21310000121593475
YJL201W,YNL016W,0,-4.168971,0.3034955859184265,0.9290000200271606,0.21320000290870667
YPL125W,YCR008W,0,-4.169309,0.30339646339416504,0.9290000200271606,0.21330000460147858
YER095W,YFL052W,0,-4.169831,0.3032974302768707,0.9290000200271606,0.2134000062942505
YOR064C,YGR122W,0,-4.1704636,0.3031984269618988,0.9290000200271606,0.2134999930858612
YEL069C,YMR166C,0,-4.1707106,0.30309951305389404,0.9290000200271606,0.21359999477863312
YJR050W,YGR186W,0,-4.1728277,0.30300065875053406,0.9290000200271606,0.21369999647140503
YPL106C,YNL186W,0,-4.175702,0.30290186405181885,0.9290000200271606,0.21379999816417694
YML113W,YFL058W,0,-4.176573,0.3028031289577484,0.9290000200271606,0.21389999985694885
YPR194C,YBR198C,0,-4.1775904,0.30270445346832275,0.9290000200271606,0.21400000154972076
YBR038W,YOR338W,0,-4.178674,0.30260586738586426,0.9290000200271606,0.21410000324249268
YIR004W,YEL020W-A,0,-4.178978,0.30250734090805054,0.9290000200271606,0.2142000049352646
YEL036C,YNL044W,0,-4.179382,0.3024088442325592,0.9290000200271606,0.2143000066280365
YOR298C-A,YBR168W,0,-4.1806316,0.30231043696403503,0.9290000200271606,0.21439999341964722
YFL011W-A,YKR087C,0,-4.181196,0.30221208930015564,0.9290000200271606,0.21449999511241913
YNL065W,YDR218C,0,-4.1817617,0.3021138310432434,0.9290000200271606,0.21459999680519104
YKR081C,YDR119W,0,-4.182103,0.30201560258865356,0.9290000200271606,0.21469999849796295
YCR063W,YPL113C,0,-4.182162,0.3019174635410309,0.9290000200271606,0.21480000019073486
YNL031C,YOL001W,0,-4.1822805,0.3018193542957306,0.9290000200271606,0.21490000188350677
YIR038C,YFL060C,0,-4.1833286,0.30172133445739746,0.9290000200271606,0.2150000035762787
YCR039C,YLL016W,0,-4.183911,0.3016233742237091,0.9290000200271606,0.2151000052690506
YDR195W,YML033W,0,-4.1846,0.3015254735946655,0.9290000200271606,0.2152000069618225
YNL006W,YGL157W,0,-4.186039,0.3014276325702667,0.9290000200271606,0.21529999375343323
YOR236W,YIL077C,0,-4.1868763,0.3013298809528351,0.9290000200271606,0.21539999544620514
YDL126C,YOR326W,0,-4.1878514,0.30123215913772583,0.9290000200271606,0.21549999713897705
YLR391W,YBR006W,0,-4.1897063,0.30113452672958374,0.9290000200271606,0.21559999883174896
YNL080C,YML010W,0,-4.190021,0.3010369539260864,0.9290000200271606,0.21570000052452087
YLR078C,YOL008W,0,-4.1901407,0.3009394109249115,0.9290000200271606,0.21580000221729279
YOR067C,YNL176C,0,-4.190806,0.30084195733070374,0.9290000200271606,0.2159000039100647
YER048W-A,YKR056W,0,-4.1912484,0.30074456334114075,0.9290000200271606,0.2160000056028366
YML132W,YNL151C,0,-4.191261,0.3006472587585449,0.9290000200271606,0.21610000729560852
YNR019W,YIL114C,0,-4.1924667,0.3005499839782715,0.9290000200271606,0.21619999408721924
YKL176C,YLR455W,0,-4.192687,0.3004527688026428,0.9290000200271606,0.21629999577999115
YDR320C-A,YGR249W,0,-4.1934857,0.3003556430339813,0.9290000200271606,0.21639999747276306
YER145C,YLR044C,0,-4.193697,0.3002585768699646,0.9290000200271606,0.21649999916553497
YAL005C,YFL037W,0,-4.193719,0.30016154050827026,0.9290000200271606,0.21660000085830688
YNR060W,YMR186W,0,-4.194763,0.3000645935535431,0.9290000200271606,0.2167000025510788
YGR083C,YJR153W,0,-4.1960497,0.2999677062034607,0.9290000200271606,0.2168000042438507
YKR076W,YEL021W,0,-4.1974874,0.29987087845802307,0.9290000200271606,0.21690000593662262
YLR191W,YGL045W,0,-4.199153,0.2997741103172302,0.9290000200271606,0.21699999272823334
YOR125C,YBL051C,0,-4.199391,0.29967743158340454,0.9290000200271606,0.21709999442100525
YCR047C,YFL053W,0,-4.200746,0.29958078265190125,0.9290000200271606,0.21719999611377716
YMR167W,YAR007C,0,-4.201392,0.2994841933250427,0.9290000200271606,0.21729999780654907
YDR318W,YJL069C,0,-4.2023916,0.29938769340515137,0.9290000200271606,0.21739999949932098
YDR009W,YOR008C-A,0,-4.20252,0.2992912232875824,0.9290000200271606,0.2175000011920929
YBR022W,YPL045W,0,-4.203293,0.2991948425769806,0.9290000200271606,0.2176000028848648
YBL047C,YLR285W,0,-4.203691,0.29909852147102356,0.9290000200271606,0.21770000457763672
YNL199C,YDR425W,0,-4.206116,0.2990022599697113,0.9290000200271606,0.21780000627040863
YDL017W,YIL080W,0,-4.2065163,0.2989060580730438,0.9290000200271606,0.21789999306201935
YGR109C,YCL060C,0,-4.2071342,0.2988099157810211,0.9290000200271606,0.21799999475479126
YEL063C,YKL191W,0,-4.20739,0.2987138330936432,0.9290000200271606,0.21809999644756317
YGR178C,YML055W,0,-4.2084036,0.29861781001091003,0.9290000200271606,0.21819999814033508
YNL216W,YCL075W,0,-4.209228,0.29852184653282166,0.9290000200271606,0.218299999833107
YOR381W,YPL162C,0,-4.209749,0.29842594265937805,0.9290000200271606,0.2184000015258789
YOL086C,YJL116C,0,-4.2111526,0.2983301281929016,0.9290000200271606,0.21850000321865082
YLR158C,YGL025C,0,-4.211857,0.29823434352874756,0.9290000200271606,0.21860000491142273
YLR321C,YGR248W,0,-4.2120504,0.29813864827156067,0.9290000200271606,0.21870000660419464
YPR067W,YGR106C,0,-4.2121954,0.29804298281669617,0.9290000200271606,0.21879999339580536
YLL062C,YCR062W,0,-4.212362,0.29794740676879883,0.9290000200271606,0.21889999508857727
YDR033W,YMR047C,0,-4.2124805,0.29785189032554626,0.9290000200271606,0.21899999678134918
YOR098C,YDR028C,0,-4.213007,0.2977564036846161,0.9290000200271606,0.2190999984741211
YJL115W,YEL048C,0,-4.2132597,0.2976610064506531,0.9290000200271606,0.219200000166893
YBR010W,YGL004C,0,-4.2134314,0.29756566882133484,0.9290000200271606,0.21930000185966492
YPL217C,YBR017C,0,-4.2141085,0.2974703907966614,0.9290000200271606,0.21940000355243683
YIL139C,YLL016W,0,-4.2143216,0.2973751723766327,0.9290000200271606,0.21950000524520874
YLR304C,YGL136C,0,-4.215355,0.2972800135612488,0.9290000200271606,0.21960000693798065
YDL235C,YOR338W,0,-4.2156367,0.29718491435050964,0.9290000200271606,0.21969999372959137
YPR128C,YDR365C,0,-4.215847,0.2970898747444153,0.9290000200271606,0.21979999542236328
YCR002C,YHR044C,0,-4.216883,0.2969948947429657,0.9290000200271606,0.2198999971151352
YOR281C,YGR125W,0,-4.2175994,0.2968999743461609,0.9290000200271606,0.2199999988079071
YFR047C,YJR015W,0,-4.2184787,0.29680511355400085,0.9290000200271606,0.22010000050067902
YER160C,YHL008C,0,-4.2186255,0.2967103123664856,0.9290000200271606,0.22020000219345093
YMR053C,YAR010C,0,-4.219014,0.2966155707836151,0.9290000200271606,0.22030000388622284
YLR086W,YLR467W,0,-4.219999,0.2965209186077118,0.9290000200271606,0.22040000557899475
YNR008W,YJL171C,0,-4.220227,0.29642629623413086,0.9290000200271606,0.22050000727176666
YDL095W,YMR096W,0,-4.220984,0.2963317334651947,0.9290000200271606,0.22059999406337738
YLR157C,YOR044W,0,-4.221705,0.2962372303009033,0.9290000200271606,0.2206999957561493
YDL105W,YHR084W,0,-4.2225924,0.2961428165435791,0.9290000200271606,0.2207999974489212
YBR018C,YOR273C,0,-4.2229276,0.29604843258857727,0.9290000200271606,0.22089999914169312
YDR186C,YJL028W,1,-4.2234306,0.2962726950645447,0.9300000071525574,0.22089999914169312
YDR150W,YPL045W,0,-4.2242346,0.29617834091186523,0.9300000071525574,0.22100000083446503
YDR270W,YKL179C,0,-4.2244177,0.29608404636383057,0.9300000071525574,0.22110000252723694
YLR110C,YGL039W,0,-4.225392,0.2959898114204407,0.9300000071525574,0.22120000422000885
YGR264C,YLL017W,0,-4.226391,0.29589563608169556,0.9300000071525574,0.22130000591278076
YOR391C,YMR046C,0,-4.226907,0.2958015203475952,0.9300000071525574,0.22139999270439148
YLR115W,YLR432W,0,-4.2270927,0.29570746421813965,0.9300000071525574,0.2214999943971634
YPL231W,YBR142W,0,-4.2274265,0.29561346769332886,0.9300000071525574,0.2215999960899353
YDR331W,YGR049W,0,-4.2278366,0.29551953077316284,0.9300000071525574,0.22169999778270721
YLR011W,YOR213C,0,-4.22949,0.2954256534576416,0.9300000071525574,0.22179999947547913
YIL119C,YGR144W,0,-4.2335653,0.2953318655490875,0.9300000071525574,0.22190000116825104
YPR093C,YIL080W,0,-4.2345967,0.29523810744285583,0.9300000071525574,0.22200000286102295
YMR167W,YBR106W,0,-4.2351446,0.2951444089412689,0.9300000071525574,0.22210000455379486
YJR044C,YML045W,0,-4.2352247,0.2950507700443268,0.9300000071525574,0.22220000624656677
YDR168W,YCL027W,0,-4.235526,0.2949571907520294,0.9300000071525574,0.2222999930381775
YJR059W,YIL031W,0,-4.2357483,0.29486367106437683,0.9300000071525574,0.2223999947309494
YJR070C,YDR419W,0,-4.236035,0.294770210981369,0.9300000071525574,0.2224999964237213
YLR144C,YPR113W,0,-4.236155,0.294676810503006,0.9300000071525574,0.22259999811649323
YOR125C,YJL179W,0,-4.237219,0.2945834696292877,0.9300000071525574,0.22269999980926514
YLR391W,YMR255W,0,-4.23726,0.29449018836021423,0.9300000071525574,0.22280000150203705
YLR295C,YDL215C,0,-4.237525,0.2943969666957855,0.9300000071525574,0.22290000319480896
YBR298C,YOR315W,0,-4.237547,0.2943038046360016,0.9300000071525574,0.22300000488758087
YPL242C,YBR012W-B,0,-4.2389026,0.2942107021808624,0.9300000071525574,0.22310000658035278
YER179W,YOL064C,0,-4.239015,0.29411765933036804,0.9300000071525574,0.2231999933719635
YCL012W,YOR069W,0,-4.2394075,0.29402464628219604,0.9300000071525574,0.2232999950647354
YNL012W,YNR073C,0,-4.2409053,0.2939317226409912,0.9300000071525574,0.22339999675750732
YDR405W,YNL007C,1,-4.24193,0.2941548228263855,0.9309999942779541,0.22339999675750732
YKL021C,YHR106W,0,-4.242074,0.29406189918518066,0.9309999942779541,0.22349999845027924
YLR327C,YHR113W,1,-4.2429085,0.2942848205566406,0.9319999814033508,0.22349999845027924
YGL004C,YBL004W,0,-4.242921,0.2941919267177582,0.9319999814033508,0.22360000014305115
YER014C-A,YKR081C,0,-4.244435,0.2940990924835205,0.9319999814033508,0.22370000183582306
YHR001W-A,YGR211W,0,-4.2447734,0.2940063178539276,0.9319999814033508,0.22380000352859497
YJR077C,YFR005C,0,-4.245185,0.2939136028289795,0.9319999814033508,0.22390000522136688
YDL153C,YGR144W,0,-4.245467,0.29382094740867615,0.9319999814033508,0.2240000069141388
YBL017C,YBR228W,0,-4.2460794,0.2937283217906952,0.9319999814033508,0.2240999937057495
YEL027W,YDR119W,0,-4.248046,0.2936357855796814,0.9319999814033508,0.22419999539852142
YOR168W,YLR301W,0,-4.2483335,0.2935433089733124,0.9319999814033508,0.22429999709129333
YDR419W,YKL196C,0,-4.249092,0.29345089197158813,0.9319999814033508,0.22439999878406525
YDR511W,YCL039W,0,-4.2498627,0.2933585047721863,0.9319999814033508,0.22450000047683716
YGR279C,YHL022C,0,-4.250678,0.2932662069797516,0.9319999814033508,0.22460000216960907
YNR059W,YKR078W,0,-4.2512093,0.29317396879196167,0.9319999814033508,0.22470000386238098
YOR224C,YML041C,0,-4.251226,0.29308176040649414,0.9319999814033508,0.2248000055551529
YPR144C,YDR079W,0,-4.252475,0.2929896116256714,0.9319999814033508,0.2249000072479248
YNR024W,YPR091C,1,-4.253083,0.29321181774139404,0.9330000281333923,0.2249000072479248
YDL035C,YLR017W,0,-4.254469,0.2931196987628937,0.9330000281333923,0.22499999403953552
YER145C,YDR404C,0,-4.2550335,0.2930276393890381,0.9330000281333923,0.22509999573230743
YJL158C,YDR087C,0,-4.255485,0.29293563961982727,0.9330000281333923,0.22519999742507935
YDL024C,YDR432W,0,-4.2565327,0.29284369945526123,0.9330000281333923,0.22529999911785126
YOR254C,YBR261C,0,-4.256779,0.29275181889533997,0.9330000281333923,0.22540000081062317
YHR005C,YCR080W,0,-4.257516,0.2926599681377411,0.9330000281333923,0.22550000250339508
YLR069C,YKL024C,0,-4.257666,0.2925682067871094,0.9330000281333923,0.225600004196167
YLR105C,YBR263W,0,-4.2578936,0.29247647523880005,0.9330000281333923,0.2257000058889389
YOR037W,YIL109C,0,-4.25791,0.2923848330974579,0.9330000281333923,0.22579999268054962
YOR039W,YHL050C,0,-4.2584,0.2922932207584381,0.9330000281333923,0.22589999437332153
YDL160C,YPL248C,0,-4.2598443,0.2922016978263855,0.9330000281333923,0.22599999606609344
YDR106W,YDR098C,0,-4.2606387,0.2921102046966553,0.9330000281333923,0.22609999775886536
YDR197W,YGL211W,0,-4.261077,0.2920187711715698,0.9330000281333923,0.22619999945163727
YNL339C,YDL180W,0,-4.2619715,0.29192739725112915,0.9330000281333923,0.22630000114440918
YKL150W,YKL068W,0,-4.262006,0.29183608293533325,0.9330000281333923,0.2264000028371811
YOR354C,YKL041W,0,-4.263529,0.29174482822418213,0.9330000281333923,0.226500004529953
YNL192W,YLR357W,0,-4.2643843,0.2916536331176758,0.9330000281333923,0.22660000622272491
YPL227C,YBR089C-A,0,-4.2649746,0.2915624976158142,0.9330000281333923,0.22669999301433563
YHL013C,YER007C-A,1,-4.2658434,0.29178380966186523,0.9340000152587891,0.22669999301433563
YPR034W,YMR140W,0,-4.2659755,0.29169270396232605,0.9340000152587891,0.22679999470710754
YDR144C,YER138C,0,-4.266177,0.29160162806510925,0.9340000152587891,0.22689999639987946
YOL018C,YHL008C,0,-4.2671094,0.29151061177253723,0.9340000152587891,0.22699999809265137
YJR125C,YJR017C,0,-4.2678757,0.29141965508461,0.9340000152587891,0.22709999978542328
YNL066W,YLR043C,0,-4.270236,0.2913287580013275,0.9340000152587891,0.2272000014781952
YLL004W,YNL186W,0,-4.2710996,0.2912379205226898,0.9340000152587891,0.2273000031709671
YFR053C,YGR013W,0,-4.2713637,0.2911471426486969,0.9340000152587891,0.227400004863739
YHR053C,YKL152C,0,-4.2715983,0.29105639457702637,0.9340000152587891,0.22750000655651093
YFR010W,YMR045C,0,-4.2722325,0.290965735912323,0.9340000152587891,0.22759999334812164
YPR140W,YIR026C,0,-4.2723045,0.290875107049942,0.9340000152587891,0.22769999504089355
YFL016C,YMR156C,0,-4.272379,0.2907845675945282,0.9340000152587891,0.22779999673366547
YBL051C,YLR455W,0,-4.2736435,0.29069405794143677,0.9340000152587891,0.22789999842643738
YDL008W,YIL077C,0,-4.2737875,0.2906036078929901,0.9340000152587891,0.2280000001192093
YML075C,YIR017C,0,-4.2740498,0.29051321744918823,0.9340000152587891,0.2281000018119812
YGR009C,YOL028C,0,-4.274188,0.29042288661003113,0.9340000152587891,0.2282000035047531
YIL088C,YGL223C,0,-4.27467,0.2903326153755188,0.9340000152587891,0.22830000519752502
YHR101C,YKL200C,0,-4.274766,0.29024237394332886,0.9340000152587891,0.22840000689029694
YDR470C,YMR050C,0,-4.276635,0.2901522219181061,0.9340000152587891,0.22849999368190765
YDR172W,YDR079C-A,0,-4.277134,0.2900620996952057,0.9340000152587891,0.22859999537467957
YOL144W,YML093W,0,-4.277185,0.28997206687927246,0.9340000152587891,0.22869999706745148
YJR094W-A,YGL049C,1,-4.277384,0.2901924252510071,0.9350000023841858,0.22869999706745148
YLR097C,YBL010C,0,-4.2779627,0.29010239243507385,0.9350000023841858,0.2287999987602234
YIL094C,YIL099W,0,-4.2782507,0.2900124192237854,0.9350000023841858,0.2289000004529953
YDR146C,YKL041W,0,-4.2794,0.28992247581481934,0.9350000023841858,0.2290000021457672
YJL035C,YOR295W,0,-4.2800264,0.28983262181282043,0.9350000023841858,0.22910000383853912
YKR080W,YPL083C,0,-4.280165,0.2897427976131439,0.9350000023841858,0.22920000553131104
YOR094W,YNL001W,0,-4.281158,0.2896530330181122,0.9350000023841858,0.22930000722408295
YDL097C,YIL016W,0,-4.2813263,0.2895633280277252,0.9350000023841858,0.22939999401569366
YDL197C,YDL099W,0,-4.2821465,0.28947368264198303,0.9350000023841858,0.22949999570846558
YLR027C,YHR007C,0,-4.282914,0.2893840968608856,0.9350000023841858,0.2295999974012375
YLR291C,YDL140C,0,-4.2837944,0.2892945408821106,0.9350000023841858,0.2296999990940094
YOR159C,YJL048C,0,-4.284585,0.28920507431030273,0.9350000023841858,0.2298000007867813
YMR307W,YDR439W,0,-4.2847934,0.28911563754081726,0.9350000023841858,0.22990000247955322
YJR051W,YLR050C,0,-4.2852836,0.28902626037597656,0.9350000023841858,0.23000000417232513
YGR144W,YAR010C,0,-4.2854548,0.288936972618103,0.9350000023841858,0.23010000586509705
YBR089C-A,YER162C,0,-4.286618,0.2888476848602295,0.9350000023841858,0.23019999265670776
YNL077W,YMR221C,0,-4.2867355,0.2887584865093231,0.9350000023841858,0.23029999434947968
YNL159C,YGL037C,0,-4.2868834,0.2886693477630615,0.9350000023841858,0.2303999960422516
YPR182W,YGR266W,0,-4.288077,0.2885802388191223,0.9350000023841858,0.2304999977350235
YPR051W,YKR048C,0,-4.288291,0.28849121928215027,0.9350000023841858,0.2305999994277954
YLR038C,YMR016C,0,-4.288835,0.2884022295475006,0.9350000023841858,0.23070000112056732
YNL216W,YJL127C,0,-4.2891507,0.2883132994174957,0.9350000023841858,0.23080000281333923
YGR166W,YHL017W,0,-4.2900853,0.2882244288921356,0.9350000023841858,0.23090000450611115
YOR233W,YCL075W,0,-4.2904525,0.2881355881690979,0.9350000023841858,0.23100000619888306
YAL028W,YBR261C,0,-4.2910943,0.28804683685302734,0.9350000023841858,0.23109999299049377
YOR298C-A,YPL120W,0,-4.2921357,0.2879581153392792,0.9350000023841858,0.23119999468326569
YDL141W,YBR139W,0,-4.293194,0.2878694534301758,0.9350000023841858,0.2312999963760376
YPL129W,YBR028C,0,-4.2944865,0.28778085112571716,0.9350000023841858,0.2313999980688095
YOR112W,YDL095W,0,-4.2947235,0.2876923084259033,0.9350000023841858,0.23149999976158142
YIL088C,YPR114W,0,-4.296137,0.28760382533073425,0.9350000023841858,0.23160000145435333
YLR220W,YER110C,0,-4.2968287,0.2875153720378876,0.9350000023841858,0.23170000314712524
YHR143W,YPL242C,0,-4.297485,0.28742697834968567,0.9350000023841858,0.23180000483989716
YIL094C,YJR153W,0,-4.2982273,0.2873386740684509,0.9350000023841858,0.23190000653266907
YPL057C,YMR051C,0,-4.2990613,0.2872503697872162,0.9350000023841858,0.23199999332427979
YJL130C,YDL118W,0,-4.3003955,0.2871621549129486,0.9350000023841858,0.2320999950170517
YGL236C,YPR181C,0,-4.3004766,0.2870739996433258,0.9350000023841858,0.2321999967098236
YFL058W,YNR012W,0,-4.301159,0.2869858741760254,0.9350000023841858,0.23229999840259552
YBR211C,YHL034C,0,-4.3025484,0.28689780831336975,0.9350000023841858,0.23240000009536743
YMR180C,YNL121C,0,-4.3029137,0.2868098020553589,0.9350000023841858,0.23250000178813934
YPL270W,YOL020W,0,-4.30377,0.2867218554019928,0.9350000023841858,0.23260000348091125
YDL052C,YHR066W,0,-4.3038363,0.2866339683532715,0.9350000023841858,0.23270000517368317
YER007W,YPL031C,0,-4.303862,0.28654611110687256,0.9350000023841858,0.23280000686645508
YNL164C,YDL244W,0,-4.3041925,0.2864583432674408,0.9350000023841858,0.2328999936580658
YER141W,YML038C,0,-4.3041973,0.2863706052303314,0.9350000023841858,0.2329999953508377
YKL062W,YJR015W,0,-4.3043375,0.2862829267978668,0.9350000023841858,0.23309999704360962
YDR494W,YDR186C,1,-4.3046527,0.28650137782096863,0.9359999895095825,0.23309999704360962
YGR206W,YLR376C,0,-4.3047113,0.28641369938850403,0.9359999895095825,0.23319999873638153
YHR149C,YLL067C,0,-4.3056173,0.2863260805606842,0.9359999895095825,0.23330000042915344
YDR436W,YBL005W-B,0,-4.310047,0.28623852133750916,0.9359999895095825,0.23340000212192535
YJL184W,YFL035C,0,-4.310917,0.2861510217189789,0.9359999895095825,0.23350000381469727
YBR045C,YBL036C,0,-4.3111515,0.2860635817050934,0.9359999895095825,0.23360000550746918
YDR162C,YML047C,0,-4.31138,0.2859761714935303,0.9359999895095825,0.2337000072002411
YMR026C,YJL080C,0,-4.311483,0.28588882088661194,0.9359999895095825,0.2337999939918518
YDR303C,YHL006C,0,-4.311731,0.2858015298843384,0.9359999895095825,0.23389999568462372
YMR149W,YPR003C,0,-4.3124247,0.2857142984867096,0.9359999895095825,0.23399999737739563
YGL162W,YNL305C,0,-4.3129277,0.2856270968914032,0.9359999895095825,0.23409999907016754
YMR308C,YMR302C,0,-4.3130627,0.2855399549007416,0.9359999895095825,0.23420000076293945
YPR081C,YBR111W-A,0,-4.31331,0.28545287251472473,0.9359999895095825,0.23430000245571136
YAL012W,YDR143C,0,-4.3153267,0.28536584973335266,0.9359999895095825,0.23440000414848328
YDR240C,YJL141C,0,-4.315388,0.28527888655662537,0.9359999895095825,0.2345000058412552
YDR214W,YLR418C,0,-4.315426,0.28519195318222046,0.9359999895095825,0.2345999926328659
YDR022C,YER110C,0,-4.3160615,0.2851050794124603,0.9359999895095825,0.23469999432563782
YER157W,YHR005C-A,0,-4.3188186,0.28501826524734497,0.9359999895095825,0.23479999601840973
YPL078C,YJL050W,0,-4.3189125,0.2849315106868744,0.9359999895095825,0.23489999771118164
YLR074C,YLR070C,0,-4.320407,0.2848447859287262,0.9359999895095825,0.23499999940395355
YDR432W,YCL057W,0,-4.321359,0.28475815057754517,0.9359999895095825,0.23510000109672546
YHR055C,YDR472W,0,-4.3234153,0.2846715450286865,0.9359999895095825,0.23520000278949738
YJL178C,YML074C,0,-4.32493,0.28458496928215027,0.9359999895095825,0.2353000044822693
YGL190C,YBR012W-B,0,-4.325983,0.2844984829425812,0.9359999895095825,0.2354000061750412
YDR399W,YLR187W,0,-4.3264565,0.2844120264053345,0.9359999895095825,0.23549999296665192
YCL016C,YCL060C,0,-4.3266425,0.28432562947273254,0.9359999895095825,0.23559999465942383
YKL158W,YKL054C,0,-4.327768,0.2842392921447754,0.9359999895095825,0.23569999635219574
YCR047C,YDR334W,0,-4.3277845,0.284153014421463,0.9359999895095825,0.23579999804496765
YBR038W,YDR483W,0,-4.327873,0.284066766500473,0.9359999895095825,0.23589999973773956
YAR002C-A,YOL064C,0,-4.3281994,0.2839805781841278,0.9359999895095825,0.23600000143051147
YNL112W,YKL103C,0,-4.330329,0.28389444947242737,0.9359999895095825,0.2361000031232834
YOL052C,YLR042C,0,-4.3311815,0.2838083803653717,0.9359999895095825,0.2362000048160553
YDR481C,YOR361C,0,-4.3314376,0.2837223410606384,0.9359999895095825,0.2363000065088272
YIL155C,YER110C,0,-4.332178,0.2836363613605499,0.9359999895095825,0.23639999330043793
YMR015C,YML074C,0,-4.3336725,0.2835504412651062,0.9359999895095825,0.23649999499320984
YOR185C,YNL070W,0,-4.333841,0.28346458077430725,0.9359999895095825,0.23659999668598175
YJL021C,YDL128W,0,-4.335043,0.2833787500858307,0.9359999895095825,0.23669999837875366
YOR116C,YGR080W,0,-4.335719,0.2832929790019989,0.9359999895095825,0.23680000007152557
YKL080W,YLR414C,0,-4.336685,0.2832072675228119,0.9359999895095825,0.23690000176429749
YLR239C,YDR297W,0,-4.336877,0.28312158584594727,0.9359999895095825,0.2370000034570694
YKL197C,YOR304C-A,0,-4.3373337,0.2830359935760498,0.9359999895095825,0.2371000051498413
YNL159C,YPL154C,0,-4.339076,0.28295043110847473,0.9359999895095825,0.23720000684261322
YDL013W,YCL066W,0,-4.3403306,0.28286492824554443,0.9359999895095825,0.23729999363422394
YJR161C,YOR004W,0,-4.341281,0.2827794551849365,0.9359999895095825,0.23739999532699585
YJL025W,YPL141C,0,-4.3419547,0.2826940417289734,0.9359999895095825,0.23749999701976776
YLR088W,YGR279C,0,-4.344274,0.28260868787765503,0.9359999895095825,0.23759999871253967
YLR127C,YLR254C,0,-4.3448033,0.28252339363098145,0.9359999895095825,0.23770000040531158
YER017C,YDR320C-A,0,-4.3459263,0.28243812918663025,0.9359999895095825,0.2378000020980835
YDR100W,YOR214C,0,-4.3463078,0.2823529541492462,0.9359999895095825,0.2379000037908554
YOR236W,YHR025W,0,-4.34642,0.2822677791118622,0.9359999895095825,0.23800000548362732
YIL131C,YHR157W,0,-4.346882,0.2821826934814453,0.9359999895095825,0.23810000717639923
YER176W,YCL060C,0,-4.347926,0.28209763765335083,0.9359999895095825,0.23819999396800995
YOL049W,YDR363W-A,0,-4.349015,0.2820126414299011,0.9359999895095825,0.23829999566078186
YGL009C,YLR042C,0,-4.349057,0.2819277048110962,0.9359999895095825,0.23839999735355377
YMR277W,YGL084C,0,-4.351628,0.28184282779693604,0.9359999895095825,0.23849999904632568
YDR160W,YDR109C,0,-4.3526144,0.28175798058509827,0.9359999895095825,0.2386000007390976
YGR253C,YLR025W,0,-4.3539743,0.2816731929779053,0.9359999895095825,0.2387000024318695
YOR264W,YOR136W,0,-4.3548827,0.28158843517303467,0.9359999895095825,0.23880000412464142
YNL327W,YBR156C,0,-4.3552804,0.2815037667751312,0.9359999895095825,0.23890000581741333
YKR101W,YOL092W,0,-4.3591313,0.28141912817955017,0.9359999895095825,0.23899999260902405
YOL064C,YHR005C-A,0,-4.3595114,0.2813345491886139,0.9359999895095825,0.23909999430179596
YNL023C,YBR021W,0,-4.3596487,0.28125,0.9359999895095825,0.23919999599456787
YLR433C,YIL123W,0,-4.36047,0.2811655104160309,0.9359999895095825,0.23929999768733978
YLR102C,YGL143C,0,-4.36353,0.28108108043670654,0.9359999895095825,0.2393999993801117
YDL088C,YML033W,0,-4.3646526,0.280996710062027,0.9359999895095825,0.2395000010728836
YFL035C,YDR059C,0,-4.3660593,0.2809123694896698,0.9359999895095825,0.23960000276565552
YHR216W,YCL010C,0,-4.3664904,0.2808280885219574,0.9359999895095825,0.23970000445842743
YPR056W,YKL080W,0,-4.3668356,0.2807438373565674,0.9359999895095825,0.23980000615119934
YML010W,YEL048C,0,-4.366992,0.28065967559814453,0.9359999895095825,0.23989999294281006
YKL062W,YJR132W,0,-4.3670015,0.28057554364204407,0.9359999895095825,0.23999999463558197
YOL049W,YOR001W,0,-4.367695,0.2804914712905884,0.9359999895095825,0.24009999632835388
YML010W,YHR003C,0,-4.368292,0.2804074287414551,0.9359999895095825,0.2401999980211258
YBR162W-A,YDL180W,0,-4.3689394,0.28032344579696655,0.9359999895095825,0.2402999997138977
YPR124W,YLL018C,0,-4.369539,0.2802395224571228,0.9359999895095825,0.24040000140666962
YGR225W,YNL238W,0,-4.372108,0.28015562891960144,0.9359999895095825,0.24050000309944153
YNL081C,YMR268W-A,1,-4.3730407,0.2803710401058197,0.9369999766349792,0.24050000309944153
YAL032C,YPR174C,0,-4.3753433,0.2802871763706207,0.9369999766349792,0.24060000479221344
YBL023C,YOR341W,0,-4.3774877,0.28020334243774414,0.9369999766349792,0.24070000648498535
YER161C,YGL157W,0,-4.378768,0.28011956810951233,0.9369999766349792,0.24079999327659607
YPL082C,YPL065W,0,-4.379941,0.2800358533859253,0.9369999766349792,0.24089999496936798
YDR221W,YIL094C,0,-4.3803086,0.27995219826698303,0.9369999766349792,0.2409999966621399
YER068W,YDL124W,0,-4.3817644,0.27986857295036316,0.9369999766349792,0.2410999983549118
YOR026W,YPR088C,0,-4.3818035,0.27978500723838806,0.9369999766349792,0.24120000004768372
YER055C,YCR024C-A,0,-4.3846416,0.27970150113105774,0.9369999766349792,0.24130000174045563
YKL032C,YIL106W,0,-4.385051,0.2796180248260498,0.9369999766349792,0.24140000343322754
YGR047C,YOL102C,0,-4.385768,0.27953460812568665,0.9369999766349792,0.24150000512599945
YBR021W,YDL120W,0,-4.3857756,0.27945125102996826,0.9369999766349792,0.24160000681877136
YKL078W,YGR091W,0,-4.38621,0.27936792373657227,0.9369999766349792,0.24169999361038208
YDR197W,YDR527W,0,-4.3863225,0.27928465604782104,0.9369999766349792,0.241799995303154
YLR107W,YNL121C,0,-4.3863516,0.2792014181613922,0.9369999766349792,0.2418999969959259
YPR018W,YMR223W,0,-4.389471,0.27911826968193054,0.9369999766349792,0.24199999868869781
YGR098C,YLR013W,0,-4.3896084,0.27903515100479126,0.9369999766349792,0.24210000038146973
YPL075W,YDL006W,0,-4.3899136,0.27895206212997437,0.9369999766349792,0.24220000207424164
YGR104C,YIL017W,0,-4.3912535,0.27886903285980225,0.9369999766349792,0.24230000376701355
YOR125C,YDR449C,0,-4.392839,0.2787860631942749,0.9369999766349792,0.24240000545978546
YGR001C,YPL129W,0,-4.392995,0.27870315313339233,0.9369999766349792,0.24250000715255737
YGL173C,YOR304C-A,0,-4.393051,0.27862027287483215,0.9369999766349792,0.2425999939441681
YMR255W,YCL054W,0,-4.3934984,0.27853745222091675,0.9369999766349792,0.24269999563694
YBL003C,YGL249W,0,-4.3935266,0.2784546911716461,0.9369999766349792,0.24279999732971191
YPR193C,YGR266W,0,-4.3942194,0.2783719599246979,0.9369999766349792,0.24289999902248383
YKR034W,YPR159W,0,-4.3956084,0.2782892882823944,0.9369999766349792,0.24300000071525574
YLR383W,YNL217W,0,-4.396069,0.27820664644241333,0.9369999766349792,0.24310000240802765
YLL019C,YNL197C,0,-4.3967915,0.278124064207077,0.9369999766349792,0.24320000410079956
YMR068W,YCR039C,0,-4.397561,0.2780415415763855,0.9369999766349792,0.24330000579357147
YOR160W,YLR166C,0,-4.3976007,0.27795904874801636,0.9369999766349792,0.2433999925851822
YDR399W,YFL049W,0,-4.398594,0.2778766453266144,0.9369999766349792,0.2434999942779541
YKL019W,YKL063C,0,-4.398839,0.2777942419052124,0.9369999766349792,0.243599995970726
YGR061C,YDR040C,0,-4.399074,0.2777119278907776,0.9369999766349792,0.24369999766349792
YDL017W,YDR297W,0,-4.403019,0.27762964367866516,0.9369999766349792,0.24379999935626984
YMR109W,YML010W,0,-4.4034524,0.2775473892688751,0.9369999766349792,0.24390000104904175
YBL056W,YOL019W,0,-4.4045973,0.27746519446372986,0.9369999766349792,0.24400000274181366
YKL062W,YDR312W,0,-4.4046984,0.27738305926322937,0.9369999766349792,0.24410000443458557
YGL071W,YHR157W,0,-4.4055195,0.27730098366737366,0.9369999766349792,0.24420000612735748
YNR016C,YCL063W,0,-4.407193,0.27721893787384033,0.9369999766349792,0.2442999929189682
YDR268W,YIL007C,0,-4.4072623,0.2771369516849518,0.9369999766349792,0.2443999946117401
YLR015W,YLL016W,0,-4.4076843,0.2770549952983856,0.9369999766349792,0.24449999630451202
YHR169W,YJR009C,0,-4.407736,0.27697309851646423,0.9369999766349792,0.24459999799728394
YDR308C,YLR345W,0,-4.408614,0.2768912613391876,0.9369999766349792,0.24469999969005585
YDL051W,YPL239W,0,-4.410209,0.2768094539642334,0.9369999766349792,0.24480000138282776
YPL233W,YGL010W,0,-4.41179,0.27672770619392395,0.9369999766349792,0.24490000307559967
YCR097W,YHR076W,0,-4.4117985,0.2766459882259369,0.9369999766349792,0.24500000476837158
YDR148C,YAR010C,0,-4.4136033,0.2765643298625946,0.9369999766349792,0.2451000064611435
YMR285C,YPR144C,0,-4.413907,0.2764827311038971,0.9369999766349792,0.2451999932527542
YNL016W,YKL051W,0,-4.4140453,0.27640119194984436,0.9369999766349792,0.24529999494552612
YER147C,YPL141C,0,-4.415388,0.276319682598114,0.9369999766349792,0.24539999663829803
YML069W,YKL027W,0,-4.4159446,0.27623820304870605,0.9369999766349792,0.24549999833106995
YPR143W,YPR088C,0,-4.4159975,0.27615678310394287,0.9369999766349792,0.24560000002384186
YKR095W-A,YPR016C,0,-4.4168983,0.27607542276382446,0.9369999766349792,0.24570000171661377
YDR239C,YIR003W,1,-4.4169474,0.2762886583805084,0.9380000233650208,0.24570000171661377
YLR155C,YKR022C,0,-4.417403,0.27620729804039,0.9380000233650208,0.24580000340938568
YPR034W,YER190W,0,-4.4175167,0.2761259973049164,0.9380000233650208,0.2459000051021576
YCR069W,YBR034C,0,-4.4195204,0.27604472637176514,0.9380000233650208,0.2460000067949295
YFR009W,YHR170W,1,-4.42079,0.27625772356987,0.9390000104904175,0.2460000067949295
YMR020W,YOL044W,0,-4.42099,0.27617648243904114,0.9390000104904175,0.24609999358654022
YOR240W,YDR263C,0,-4.421026,0.27609527111053467,0.9390000104904175,0.24619999527931213
YML011C,YDL052C,0,-4.4227076,0.276014119386673,0.9390000104904175,0.24629999697208405
YML086C,YNL305C,0,-4.4229445,0.27593299746513367,0.9390000104904175,0.24639999866485596
YNL238W,YPL164C,0,-4.4233003,0.27585193514823914,0.9390000104904175,0.24650000035762787
YGL171W,YDR523C,0,-4.4234304,0.2757709324359894,0.9390000104904175,0.24660000205039978
YMR303C,YBR196C,0,-4.4243293,0.275689959526062,0.9390000104904175,0.2467000037431717
YJR069C,YNL207W,0,-4.424488,0.2756090462207794,0.9390000104904175,0.2468000054359436
YDR043C,YEL051W,0,-4.4248013,0.2755281627178192,0.9390000104904175,0.24690000712871552
YPR020W,YJL044C,0,-4.4251575,0.2754473388195038,0.9390000104904175,0.24699999392032623
YHR041C,YDR346C,0,-4.42532,0.27536657452583313,0.9390000104904175,0.24709999561309814
YKR099C-A,YGL097W,0,-4.426031,0.27528584003448486,0.9390000104904175,0.24719999730587006
YJL091C,YLR427W,0,-4.4262085,0.27520516514778137,0.9390000104904175,0.24729999899864197
YDL126C,YCR058C,0,-4.4263353,0.27512452006340027,0.9390000104904175,0.24740000069141388
YJR066W,YOR292C,0,-4.426758,0.27504393458366394,0.9390000104904175,0.2475000023841858
YKR038C,YDR071C,0,-4.427326,0.2749634087085724,0.9390000104904175,0.2476000040769577
YDR421W,YKR049C,0,-4.4282746,0.2748829126358032,0.9390000104904175,0.24770000576972961
YHR150W,YDR322C-A,0,-4.428459,0.27480244636535645,0.9390000104904175,0.24779999256134033
YPR138C,YKL015W,0,-4.4291067,0.27472206950187683,0.9390000104904175,0.24789999425411224
YDL185W,YMR093W,0,-4.430047,0.2746417224407196,0.9390000104904175,0.24799999594688416
YOL112W,YHR074W,0,-4.430379,0.27456140518188477,0.9390000104904175,0.24809999763965607
YJL014W,YJL116C,0,-4.4305377,0.2744811475276947,0.9390000104904175,0.24819999933242798
YDL113C,YKL171W,0,-4.4307175,0.2744009494781494,0.9390000104904175,0.2483000010251999
YOR269W,YMR149W,0,-4.4309597,0.2743207812309265,0.9390000104904175,0.2484000027179718
YOR336W,YIL080W,0,-4.4311023,0.274240642786026,0.9390000104904175,0.2485000044107437
YDL149W,YPL057C,0,-4.431628,0.27416059374809265,0.9390000104904175,0.24860000610351562
YIL007C,YJR096W,0,-4.4329047,0.2740805745124817,0.9390000104904175,0.24869999289512634
YER149C,YIL177C,0,-4.4349947,0.2740005850791931,0.9390000104904175,0.24879999458789825
YNL072W,YMR099C,0,-4.435553,0.2739206552505493,0.9390000104904175,0.24889999628067017
YNL055C,YCR029C-A,0,-4.4356914,0.2738407552242279,0.9390000104904175,0.24899999797344208
YER014C-A,YGR239C,0,-4.435988,0.27376094460487366,0.9390000104904175,0.249099999666214
YOL165C,YHR152W,0,-4.437088,0.2736811339855194,0.9390000104904175,0.2492000013589859
YMR020W,YJL034W,0,-4.437102,0.2736014127731323,0.9390000104904175,0.2493000030517578
YPR134W,YBR139W,0,-4.437479,0.27352169156074524,0.9390000104904175,0.24940000474452972
YDL115C,YNL151C,0,-4.4393024,0.2734420597553253,0.9390000104904175,0.24950000643730164
YDL126C,YKL078W,0,-4.441049,0.2733624577522278,0.9390000104904175,0.24959999322891235
YMR287C,YDR316W,0,-4.4424686,0.27328288555145264,0.9390000104904175,0.24969999492168427
YDR307W,YLR414C,0,-4.4442596,0.27320337295532227,0.9390000104904175,0.24979999661445618
YMR189W,YBR006W,0,-4.444297,0.27312391996383667,0.9390000104904175,0.2498999983072281
YFL035C,YER013W,0,-4.444681,0.27304449677467346,0.9390000104904175,0.25
YNL001W,YLL062C,0,-4.4447193,0.27296510338783264,0.9390000104904175,0.2500999867916107
YER029C,YFL037W,0,-4.4453115,0.272885799407959,0.9390000104904175,0.2502000033855438
YBL023C,YFL058W,0,-4.4455957,0.2728064954280853,0.9390000104904175,0.25029999017715454
YDR299W,YBR186W,0,-4.4466743,0.27272728085517883,0.9390000104904175,0.25040000677108765
YML058W,YLR414C,0,-4.4485025,0.2726480960845947,0.9390000104904175,0.25049999356269836
YGR121C,YCL005W-A,0,-4.44946,0.272568941116333,0.9390000104904175,0.25060001015663147
YOL060C,YNL121C,0,-4.449518,0.27248984575271606,0.9390000104904175,0.2506999969482422
YCL018W,YHR150W,0,-4.4500585,0.2724107801914215,0.9390000104904175,0.2508000135421753
YIL136W,YBL005W-B,0,-4.4503713,0.27233177423477173,0.9390000104904175,0.250900000333786
YOL023W,YDR329C,0,-4.4504795,0.2722528278827667,0.9390000104904175,0.25099998712539673
YPR167C,YBR162W-A,0,-4.452205,0.2721739113330841,0.9390000104904175,0.25110000371932983
YAL056W,YNL218W,0,-4.453725,0.27209505438804626,0.9390000104904175,0.25119999051094055
YGL238W,YCR040W,0,-4.454051,0.2720162272453308,0.9390000104904175,0.25130000710487366
YLR398C,YNL044W,0,-4.4553394,0.27193745970726013,0.9390000104904175,0.2513999938964844
YJR131W,YBR295W,0,-4.4554343,0.27185872197151184,0.9390000104904175,0.2515000104904175
YJL155C,YGR094W,0,-4.455973,0.2717800438404083,0.9390000104904175,0.2515999972820282
YHR005C-A,YKR088C,0,-4.456049,0.2717013955116272,0.9390000104904175,0.2517000138759613
YNL039W,YOR049C,0,-4.4564633,0.27162280678749084,0.9390000104904175,0.251800000667572
YOR126C,YMR308C,0,-4.457368,0.2715442478656769,0.9390000104904175,0.25189998745918274
YPL028W,YLR209C,0,-4.4585257,0.2714657485485077,0.9390000104904175,0.25200000405311584
YNL258C,YER108C,0,-4.458611,0.2713872790336609,0.9390000104904175,0.25209999084472656
YGL245W,YHL050C,0,-4.4593225,0.27130886912345886,0.9390000104904175,0.25220000743865967
YBL037W,YIL064W,0,-4.459977,0.2712304890155792,0.9390000104904175,0.2522999942302704
YDR194C,YKL145W,0,-4.4600506,0.27115216851234436,0.9390000104904175,0.2524000108242035
YGL003C,YDL035C,0,-4.4603257,0.2710739076137543,0.9390000104904175,0.2524999976158142
YJL146W,YMR296C,0,-4.4605427,0.2709956765174866,0.9390000104904175,0.2526000142097473
YDR425W,YGR012W,0,-4.461194,0.27091747522354126,0.9390000104904175,0.25270000100135803
YJL108C,YIL017C,0,-4.4617963,0.2708393335342407,0.9390000104904175,0.25279998779296875
YFR004W,YBR061C,0,-4.463808,0.27076125144958496,0.9390000104904175,0.25290000438690186
YDR299W,YMR167W,0,-4.4639072,0.2706831991672516,0.9390000104904175,0.2529999911785126
YMR013C,YIL078W,0,-4.4640713,0.2706051766872406,0.9390000104904175,0.2531000077724457
YPR075C,YNL092W,0,-4.464534,0.2705272138118744,0.9390000104904175,0.2531999945640564
YOL095C,YBL006C,0,-4.4647207,0.27044931054115295,0.9390000104904175,0.2533000111579895
YLL018C-A,YPL033C,0,-4.4649715,0.2703714370727539,0.9390000104904175,0.2533999979496002
YNL225C,YMR145C,0,-4.4660563,0.27029362320899963,0.9390000104904175,0.2535000145435333
YMR068W,YBL045C,0,-4.466773,0.27021583914756775,0.9390000104904175,0.25360000133514404
YOL135C,YBR015C,0,-4.4675984,0.27013808488845825,0.9390000104904175,0.25369998812675476
YKL004W,YPR065W,0,-4.4679756,0.27006039023399353,0.9390000104904175,0.25380000472068787
YNL099C,YLR200W,0,-4.468896,0.2699827551841736,0.9390000104904175,0.2538999915122986
YLL022C,YIL070C,0,-4.469613,0.269905149936676,0.9390000104904175,0.2540000081062317
YJR158W,YML095C,0,-4.4707127,0.26982757449150085,0.9390000104904175,0.2540999948978424
YNL160W,YDR306C,0,-4.4708834,0.26975005865097046,0.9390000104904175,0.2542000114917755
YCR102C,YPL033C,0,-4.471239,0.26967260241508484,0.9390000104904175,0.25429999828338623
YML071C,YMR008C,0,-4.471264,0.2695951759815216,0.9390000104904175,0.25440001487731934
YJR091C,YPR110C,0,-4.4723854,0.26951780915260315,0.9390000104904175,0.25450000166893005
YHR007C,YML131W,0,-4.473726,0.2694404721260071,0.9390000104904175,0.25459998846054077
YGL247W,YBR082C,0,-4.4737997,0.2693631649017334,0.9390000104904175,0.2547000050544739
YLR315W,YDR028C,0,-4.4749994,0.2692859172821045,0.9390000104904175,0.2547999918460846
YBR196C,YOR161C,0,-4.4772806,0.26920872926712036,0.9390000104904175,0.2549000084400177
YLR342W,YDR517W,0,-4.4773674,0.2691315710544586,0.9390000104904175,0.2549999952316284
YDR273W,YOR317W,0,-4.4775705,0.26905444264411926,0.9390000104904175,0.2551000118255615
YNL261W,YAR044W,0,-4.4775906,0.2689773738384247,0.9390000104904175,0.25519999861717224
YFL062W,YDR003W,0,-4.4779844,0.2689003348350525,0.9390000104904175,0.25529998540878296
YDR317W,YGL153W,0,-4.47834,0.2688233554363251,0.9390000104904175,0.25540000200271606
YHR011W,YHR066W,0,-4.479138,0.26874643564224243,0.9390000104904175,0.2554999887943268
YOR236W,YMR005W,0,-4.479308,0.2686695158481598,0.9390000104904175,0.2556000053882599
YNL131W,YIR026C,0,-4.4793916,0.2685926854610443,0.9390000104904175,0.2556999921798706
YHR107C,YPL190C,0,-4.480976,0.2685158848762512,0.9390000104904175,0.2558000087738037
YCL018W,YLR007W,0,-4.481669,0.2684391140937805,0.9390000104904175,0.25589999556541443
YMR228W,YCL054W,0,-4.4821076,0.2683624029159546,0.9390000104904175,0.25600001215934753
YEL016C,YNL313C,0,-4.482188,0.26828572154045105,0.9390000104904175,0.25609999895095825
YDL004W,YOR187W,0,-4.482451,0.2682090699672699,0.9390000104904175,0.25619998574256897
YDR099W,YGR271C-A,0,-4.4826846,0.2681325078010559,0.9390000104904175,0.2563000023365021
YPL273W,YGR074W,0,-4.484268,0.2680559456348419,0.9390000104904175,0.2563999891281128
YDL137W,YBR028C,0,-4.4843574,0.2679794430732727,0.9390000104904175,0.2565000057220459
YPR082C,YGR125W,0,-4.484374,0.26790300011634827,0.9390000104904175,0.2565999925136566
YML051W,YJL171C,0,-4.486052,0.2678265869617462,0.9390000104904175,0.2567000091075897
YDR236C,YLR438C-A,0,-4.487385,0.26775020360946655,0.9390000104904175,0.25679999589920044
YOR382W,YLL062C,0,-4.4874134,0.26767387986183167,0.9390000104904175,0.25690001249313354
YDR470C,YBR173C,0,-4.489356,0.26759761571884155,0.9390000104904175,0.25699999928474426
YDR204W,YDL198C,0,-4.4895678,0.26752138137817383,0.9390000104904175,0.257099986076355
YOR310C,YDR312W,0,-4.489973,0.2674451768398285,0.9390000104904175,0.2572000026702881
YDR465C,YNL186W,0,-4.490755,0.26736903190612793,0.9390000104904175,0.2572999894618988
YPR167C,YFL036W,0,-4.4911323,0.26729291677474976,0.9390000104904175,0.2574000060558319
YLR238W,YGL229C,0,-4.491673,0.26721686124801636,0.9390000104904175,0.2574999928474426
YKL158W,YBR214W,0,-4.4923077,0.26714083552360535,0.9390000104904175,0.25760000944137573
YIL051C,YKR095W-A,0,-4.4923773,0.2670648396015167,0.9390000104904175,0.25769999623298645
YKL103C,YMR322C,0,-4.4927874,0.2669889032840729,0.9390000104904175,0.25780001282691956
YDR320C-A,YHR070W,0,-4.4928217,0.2669130265712738,0.9390000104904175,0.2578999996185303
YMR276W,YPL157W,0,-4.4928875,0.2668371796607971,0.9390000104904175,0.257999986410141
YKL112W,YDR040C,0,-4.494006,0.2667613625526428,0.9390000104904175,0.2581000030040741
YDR383C,YJR009C,0,-4.494086,0.2666856050491333,0.9390000104904175,0.2581999897956848
YJR019C,YML100W,0,-4.4944468,0.26660987734794617,0.9390000104904175,0.2583000063896179
YLR070C,YDL121C,0,-4.4960794,0.2665342092514038,0.9390000104904175,0.25839999318122864
YLR397C,YOR046C,0,-4.49632,0.26645857095718384,0.9390000104904175,0.25850000977516174
YLR399C,YBR301W,0,-4.497425,0.26638299226760864,0.9390000104904175,0.25859999656677246
YMR277W,YNL029C,0,-4.498392,0.26630744338035583,0.9390000104904175,0.25870001316070557
YAL012W,YKR092C,0,-4.4986334,0.2662319242954254,0.9390000104904175,0.2587999999523163
YJL200C,YDR156W,0,-4.4990344,0.26615646481513977,0.9390000104904175,0.258899986743927
YPL082C,YGL178W,0,-4.5009985,0.2660810351371765,0.9390000104904175,0.2590000033378601
YNL225C,YOR228C,0,-4.5014434,0.26600566506385803,0.9390000104904175,0.2590999901294708
YCR075C,YJL054W,0,-4.501833,0.26593032479286194,0.9390000104904175,0.25920000672340393
YOL006C,YLR224W,0,-4.502552,0.2658550441265106,0.9390000104904175,0.25929999351501465
YAL012W,YMR164C,0,-4.503072,0.2657797932624817,0.9390000104904175,0.25940001010894775
YLR239C,YGR047C,0,-4.5032706,0.26570457220077515,0.9390000104904175,0.25949999690055847
YJL203W,YKL027W,0,-4.503504,0.2656294107437134,0.9390000104904175,0.2596000134944916
YOR354C,YKL216W,0,-4.504444,0.2655543088912964,0.9390000104904175,0.2597000002861023
YER086W,YHL034C,0,-4.5047064,0.2654792070388794,0.9390000104904175,0.259799987077713
YJL128C,YFL045C,0,-4.505127,0.26540419459342957,0.9390000104904175,0.2599000036716461
YDR206W,YOR168W,0,-4.50651,0.26532918214797974,0.9390000104904175,0.25999999046325684
YLR312W-A,YMR268W-A,1,-4.506818,0.26553672552108765,0.9399999976158142,0.25999999046325684
YOR153W,YDR178W,0,-4.507015,0.2654617428779602,0.9399999976158142,0.26010000705718994
YPR134W,YKR078W,0,-4.508837,0.26538679003715515,0.9399999976158142,0.26019999384880066
YKL117W,YDR050C,0,-4.5089617,0.2653118968009949,0.9399999976158142,0.26030001044273376
YKL190W,YGR272C,0,-4.50906,0.265237033367157,0.9399999976158142,0.2603999972343445
YKL096W-A,YDR353W,0,-4.5096498,0.2651621997356415,0.9399999976158142,0.2605000138282776
YOR317W,YGR281W,0,-4.5120783,0.26508742570877075,0.9399999976158142,0.2606000006198883
YPR134W,YJR054W,0,-4.512455,0.2650126814842224,0.9399999976158142,0.260699987411499
YNR032C-A,YDR393W,0,-4.512615,0.26493799686431885,0.9399999976158142,0.26080000400543213
YML059C,YPR003C,0,-4.5136595,0.26486334204673767,0.9399999976158142,0.26089999079704285
YNL151C,YDR306C,0,-4.5140505,0.26478874683380127,0.9399999976158142,0.26100000739097595
YOR319W,YMR241W,0,-4.515669,0.26471415162086487,0.9399999976158142,0.26109999418258667
YPR034W,YML004C,0,-4.515777,0.26463964581489563,0.9399999976158142,0.2612000107765198
YBR042C,YHL016C,0,-4.5165434,0.2645651698112488,0.9399999976158142,0.2612999975681305
YML006C,YPL150W,0,-4.5174522,0.2644907236099243,0.9399999976158142,0.2614000141620636
YLR231C,YKR056W,0,-4.5174694,0.26441630721092224,0.9399999976158142,0.2615000009536743
YBR169C,YLR467W,0,-4.517484,0.26434195041656494,0.9399999976158142,0.26159998774528503
YCL017C,YCR024C-A,0,-4.518457,0.2642676532268524,0.9399999976158142,0.26170000433921814
YHL020C,YJL108C,0,-4.5185337,0.2641933560371399,0.9399999976158142,0.26179999113082886
YPL145C,YCL005W-A,0,-4.518972,0.26411914825439453,0.9399999976158142,0.26190000772476196
YBR195C,YNL272C,0,-4.519412,0.26404494047164917,0.9399999976158142,0.2619999945163727
YOL049W,YBR257W,0,-4.519834,0.2639707922935486,0.9399999976158142,0.2621000111103058
YJR109C,YJL153C,0,-4.5200787,0.2638966739177704,0.9399999976158142,0.2621999979019165
YKL191W,YBR195C,0,-4.52015,0.26382261514663696,0.9399999976158142,0.2623000144958496
YGL003C,YPL031C,0,-4.5219727,0.2637485861778259,0.9399999976158142,0.2624000012874603
YIL094C,YCR062W,0,-4.522561,0.26367461681365967,0.9399999976158142,0.26249998807907104
YDL087C,YGR055W,0,-4.5226364,0.2636006772518158,0.9399999976158142,0.26260000467300415
YNL322C,YFR052W,0,-4.522918,0.2635267674922943,0.9399999976158142,0.26269999146461487
YDR270W,YKR065C,0,-4.5232916,0.2634529173374176,0.9399999976158142,0.262800008058548
YLL019C,YBL113C,0,-4.523466,0.2633790969848633,0.9399999976158142,0.2628999948501587
YNL065W,YJR143C,0,-4.523711,0.26330533623695374,0.9399999976158142,0.2630000114440918
YDL069C,YPR091C,1,-4.5238457,0.26351162791252136,0.9409999847412109,0.2630000114440918
YER048W-A,YBR221C,0,-4.526449,0.26343783736228943,0.9409999847412109,0.2630999982357025
YGR267C,YDL033C,0,-4.5275774,0.26336410641670227,0.9409999847412109,0.2632000148296356
YOR243C,YOR272W,0,-4.528399,0.2632904350757599,0.9409999847412109,0.26330000162124634
YDL198C,YMR079W,0,-4.528429,0.2632167935371399,0.9409999847412109,0.26339998841285706
YPL115C,YKL097W-A,0,-4.5289726,0.2631431818008423,0.9409999847412109,0.26350000500679016
YLR145W,YFL045C,0,-4.529332,0.26306959986686707,0.9409999847412109,0.2635999917984009
YDR339C,YDR477W,0,-4.5296073,0.2629960775375366,0.9409999847412109,0.263700008392334
YLR144C,YML045W,0,-4.530204,0.26292261481285095,0.9409999847412109,0.2637999951839447
YMR239C,YKR050W,0,-4.5304165,0.2628491520881653,0.9409999847412109,0.2639000117778778
YOR123C,YCR057C,0,-4.5305376,0.2627757489681244,0.9409999847412109,0.2639999985694885
YGR213C,YOR272W,0,-4.5305796,0.26270240545272827,0.9409999847412109,0.26409998536109924
YPR047W,YPR004C,0,-4.5311475,0.26262909173965454,0.9409999847412109,0.26420000195503235
YNL065W,YGL212W,0,-4.532236,0.2625558078289032,0.9409999847412109,0.26429998874664307
YBR095C,YKL075C,0,-4.5331526,0.26248255372047424,0.9409999847412109,0.26440000534057617
YBR018C,YGL022W,0,-4.53323,0.26240935921669006,0.9409999847412109,0.2644999921321869
YHR194W,YBR123C,0,-4.5332537,0.26233622431755066,0.9409999847412109,0.26460000872612
YMR068W,YOR010C,0,-4.534811,0.26226308941841125,0.9409999847412109,0.2646999955177307
YLR097C,YDR018C,0,-4.535066,0.2621900141239166,0.9409999847412109,0.2648000121116638
YKL114C,YDL006W,0,-4.536117,0.2621169984340668,0.9409999847412109,0.26489999890327454
YNL191W,YKL194C,0,-4.5366993,0.2620440125465393,0.9409999847412109,0.26499998569488525
YGL122C,YPL066W,0,-4.536929,0.26197105646133423,0.9409999847412109,0.26510000228881836
YDR410C,YGR033C,0,-4.5381765,0.26189813017845154,0.9409999847412109,0.2651999890804291
YKL015W,YNL257C,0,-4.5391936,0.2618252635002136,0.9409999847412109,0.2653000056743622
YLR074C,YCR093W,0,-4.5397515,0.2617524266242981,0.9409999847412109,0.2653999924659729
YMR298W,YNL282W,0,-4.5413327,0.26167964935302734,0.9409999847412109,0.265500009059906
YDR226W,YER142C,0,-4.5422397,0.261606901884079,0.9409999847412109,0.2655999958515167
YEL053C,YNL156C,0,-4.5423126,0.261534184217453,0.9409999847412109,0.26570001244544983
YBL016W,YDL236W,0,-4.5438437,0.2614615261554718,0.9409999847412109,0.26579999923706055
YBR202W,YHR068W,0,-4.5442543,0.261388897895813,0.9409999847412109,0.26589998602867126
YOR100C,YOR137C,0,-4.5444117,0.26131629943847656,0.9409999847412109,0.26600000262260437
YMR009W,YGL059W,0,-4.544894,0.2612437605857849,0.9409999847412109,0.2660999894142151
YNL052W,YKL025C,0,-4.5455666,0.26117125153541565,0.9409999847412109,0.2662000060081482
YLR229C,YKL024C,0,-4.545625,0.2610987722873688,0.9409999847412109,0.2662999927997589
YJL207C,YML025C,1,-4.5457616,0.26130375266075134,0.9419999718666077,0.2662999927997589
YNL329C,YEL048C,0,-4.547243,0.26123127341270447,0.9419999718666077,0.266400009393692
YLR309C,YMR236W,0,-4.5480046,0.26115885376930237,0.9419999718666077,0.26649999618530273
YDL214C,YGR211W,0,-4.548232,0.26108646392822266,0.9419999718666077,0.26660001277923584
YML132W,YGL143C,0,-4.5484176,0.2610141336917877,0.9419999718666077,0.26669999957084656
YKR067W,YOR147W,0,-4.549046,0.26094183325767517,0.9419999718666077,0.2667999863624573
YHR007C,YDR532C,0,-4.5493045,0.260869562625885,0.9419999718666077,0.2669000029563904
YDR056C,YDR532C,0,-4.549684,0.2607973515987396,0.9419999718666077,0.2669999897480011
YJR082C,YKL140W,0,-4.5498486,0.2607251703739166,0.9419999718666077,0.2671000063419342
YMR009W,YMR297W,0,-4.5508313,0.260653018951416,0.9419999718666077,0.2671999931335449
YDL137W,YGR166W,0,-4.554272,0.2605809271335602,0.9419999718666077,0.267300009727478
YOR244W,YCR024C-A,0,-4.5555797,0.26050883531570435,0.9419999718666077,0.26739999651908875
YGR055W,YJL026W,0,-4.5557404,0.2604368329048157,0.9419999718666077,0.26750001311302185
YEL042W,YBR066C,0,-4.5565896,0.260364830493927,0.9419999718666077,0.26759999990463257
YGL043W,YLR035C,0,-4.5569935,0.2602928876876831,0.9419999718666077,0.2676999866962433
YJL159W,YPL151C,0,-4.5586443,0.260221004486084,0.9419999718666077,0.2678000032901764
YPL106C,YML072C,0,-4.5589895,0.26014912128448486,0.9419999718666077,0.2678999900817871
YKL145W,YGR144W,0,-4.5595107,0.2600772976875305,0.9419999718666077,0.2680000066757202
YGR145W,YNL322C,0,-4.5599213,0.26000553369522095,0.9419999718666077,0.26809999346733093
YGL174W,YMR203W,0,-4.5602837,0.2599337697029114,0.9419999718666077,0.26820001006126404
YFL018C,YNL236W,0,-4.560682,0.2598620653152466,0.9419999718666077,0.26829999685287476
YER055C,YIL153W,0,-4.561805,0.2597903907299042,0.9419999718666077,0.26840001344680786
YGR004W,YDL098C,0,-4.5621386,0.25971877574920654,0.9419999718666077,0.2685000002384186
YCL011C,YHR050W,0,-4.5641255,0.2596471905708313,0.9419999718666077,0.2685999870300293
YER145C,YNL307C,0,-4.5651593,0.25957563519477844,0.9419999718666077,0.2687000036239624
YEL053C,YBR263W,0,-4.5653853,0.25950413942337036,0.9419999718666077,0.2687999904155731
YDR047W,YML109W,0,-4.565597,0.25943267345428467,0.9419999718666077,0.2689000070095062
YDL197C,YMR087W,0,-4.5668135,0.25936123728752136,0.9419999718666077,0.26899999380111694
YLL028W,YPL141C,0,-4.5668926,0.25928983092308044,0.9419999718666077,0.26910001039505005
YNL052W,YIL145C,0,-4.567108,0.2592184841632843,0.9419999718666077,0.26919999718666077
YOL044W,YKR081C,0,-4.5671124,0.25914716720581055,0.9419999718666077,0.26930001378059387
YOR046C,YOR126C,0,-4.5678906,0.25907590985298157,0.9419999718666077,0.2694000005722046
YLL019C,YPL141C,0,-4.5681577,0.259004682302475,0.9419999718666077,0.2694999873638153
YGR061C,YML033W,0,-4.5684576,0.25893348455429077,0.9419999718666077,0.2696000039577484
YAR014C,YMR128W,0,-4.570039,0.25886231660842896,0.9419999718666077,0.26969999074935913
YNL331C,YLR315W,0,-4.5720534,0.2587912082672119,0.9419999718666077,0.26980000734329224
YIL155C,YNL074C,0,-4.572069,0.25872012972831726,0.9419999718666077,0.26989999413490295
YHR019C,YGL253W,0,-4.572444,0.258649080991745,0.9419999718666077,0.27000001072883606
YMR296C,YGR023W,0,-4.572756,0.2585780918598175,0.9419999718666077,0.2700999975204468
YJL159W,YNL290W,0,-4.5728426,0.2585071325302124,0.9419999718666077,0.2702000141143799
YDR316W,YHL034C,0,-4.573484,0.2584362030029297,0.9419999718666077,0.2703000009059906
YHR133C,YDR030C,0,-4.5736303,0.25836533308029175,0.9419999718666077,0.2703999876976013
YOL086C,YDR260C,0,-4.574078,0.2582944929599762,0.9419999718666077,0.2705000042915344
YNL139C,YNL248C,0,-4.5742807,0.25822368264198303,0.9419999718666077,0.27059999108314514
YMR015C,YBL035C,0,-4.574347,0.25815293192863464,0.9419999718666077,0.27070000767707825
YGL062W,YEL002C,0,-4.5744934,0.25808218121528625,0.9419999718666077,0.27079999446868896
YDR009W,YOL097C,0,-4.5752664,0.25801149010658264,0.9419999718666077,0.27090001106262207
YJR076C,YGL083W,0,-4.5756044,0.2579408586025238,0.9419999718666077,0.2709999978542328
YLL012W,YDR018C,0,-4.5761952,0.25787025690078735,0.9419999718666077,0.2711000144481659
YJR002W,YER125W,0,-4.57621,0.2577996850013733,0.9419999718666077,0.2712000012397766
YBR040W,YIR026C,0,-4.5764356,0.2577291429042816,0.9419999718666077,0.27129998803138733
YKR024C,YNL156C,0,-4.5771093,0.25765863060951233,0.9419999718666077,0.27140000462532043
YBL018C,YDR128W,0,-4.5778465,0.2575881779193878,0.9419999718666077,0.27149999141693115
YER167W,YML074C,0,-4.5780373,0.2575177550315857,0.9419999718666077,0.27160000801086426
YIL033C,YJL109C,0,-4.578242,0.25744739174842834,0.9419999718666077,0.271699994802475
YOR032C,YMR087W,0,-4.5785685,0.2573770582675934,0.9419999718666077,0.2718000113964081
YML113W,YPR016C,0,-4.580518,0.2573067545890808,0.9419999718666077,0.2718999981880188
YPL046C,YPL150W,0,-4.5810986,0.2572364807128906,0.9419999718666077,0.2720000147819519
YJL140W,YBR287W,0,-4.5819016,0.2571662664413452,0.9419999718666077,0.2721000015735626
YOR020C,YEL055C,0,-4.5822277,0.2570960819721222,0.9419999718666077,0.27219998836517334
YPL248C,YGL168W,0,-4.583208,0.25702592730522156,0.9419999718666077,0.27230000495910645
YBR034C,YPL011C,0,-4.5840797,0.2569558024406433,0.9419999718666077,0.27239999175071716
YER013W,YIL109C,0,-4.585697,0.25688573718070984,0.9419999718666077,0.27250000834465027
YIL017C,YHR135C,0,-4.585739,0.25681570172309875,0.9419999718666077,0.272599995136261
YLL001W,YGL126W,0,-4.585914,0.25674569606781006,0.9419999718666077,0.2727000117301941
YER108C,YDR527W,0,-4.5860987,0.25667575001716614,0.9419999718666077,0.2727999985218048
YGL153W,YIL080W,0,-4.5869536,0.2566058337688446,0.9419999718666077,0.2728999853134155
YOR198C,YKL087C,0,-4.587786,0.25653594732284546,0.9419999718666077,0.27300000190734863
YJR025C,YLL062C,0,-4.5890126,0.2564660906791687,0.9419999718666077,0.27309998869895935
YDL079C,YBR166C,0,-4.589052,0.2563962936401367,0.9419999718666077,0.27320000529289246
YER053C,YOL010W,0,-4.589075,0.2563265264034271,0.9419999718666077,0.2732999920845032
YGL206C,YOL028C,0,-4.5903244,0.2562567889690399,0.9419999718666077,0.2734000086784363
YMR205C,YBR196C,0,-4.590575,0.2561871111392975,0.9419999718666077,0.273499995470047
YNR008W,YCL008C,0,-4.590837,0.25611746311187744,0.9419999718666077,0.2736000120639801
YLR113W,YKL200C,0,-4.591098,0.2560478448867798,0.9419999718666077,0.2736999988555908
YER069W,YNL182C,0,-4.5914097,0.2559782564640045,0.9419999718666077,0.27379998564720154
YBR276C,YLR237W,0,-4.592863,0.255908727645874,0.9419999718666077,0.27390000224113464
YDR123C,YKL178C,0,-4.592964,0.2558392286300659,0.9419999718666077,0.27399998903274536
YMR237W,YER165W,1,-4.5932293,0.2560412585735321,0.9430000185966492,0.27399998903274536
YNL246W,YOR285W,0,-4.595101,0.255971759557724,0.9430000185966492,0.27410000562667847
YKL078W,YMR250W,0,-4.5954137,0.25590232014656067,0.9430000185966492,0.2741999924182892
YMR237W,YPL183W-A,1,-4.595419,0.25610417127609253,0.9440000057220459,0.2741999924182892
YIL002C,YBR284W,0,-4.59577,0.2560347020626068,0.9440000057220459,0.2743000090122223
YHR174W,YKR056W,0,-4.599578,0.25596529245376587,0.9440000057220459,0.274399995803833
YDR419W,YEL002C,0,-4.5997205,0.2558959126472473,0.9440000057220459,0.2745000123977661
YLR285W,YCR018C,0,-4.601559,0.25582656264305115,0.9440000057220459,0.27459999918937683
YLL010C,YGL022W,0,-4.601694,0.25575724244117737,0.9440000057220459,0.27469998598098755
YDR432W,YMR243C,0,-4.6018167,0.25568798184394836,0.9440000057220459,0.27480000257492065
YAL041W,YHR188C,0,-4.601959,0.25561875104904175,0.9440000057220459,0.27489998936653137
YJR151C,YER035W,0,-4.602989,0.2555495500564575,0.9440000057220459,0.2750000059604645
YCL052C,YBR182C,0,-4.605353,0.2554803788661957,0.9440000057220459,0.2750999927520752
YJL018W,YKL015W,0,-4.6056557,0.2554112672805786,0.9440000057220459,0.2752000093460083
YBR058C,YGR020C,0,-4.607269,0.25534215569496155,0.9440000057220459,0.275299996137619
YJL011C,YER175C,0,-4.607409,0.25527313351631165,0.9440000057220459,0.2754000127315521
YDR182W,YDL180W,0,-4.6109505,0.25520411133766174,0.9440000057220459,0.27549999952316284
YDR168W,YML123C,0,-4.6115284,0.2551351487636566,0.9440000057220459,0.27559998631477356
YMR068W,YNL110C,0,-4.611665,0.2550661861896515,0.9440000057220459,0.27570000290870667
YMR015C,YOL102C,0,-4.6118054,0.2549973130226135,0.9440000057220459,0.2757999897003174
YJL098W,YKR020W,0,-4.61217,0.25492843985557556,0.9440000057220459,0.2759000062942505
YPL239W,YAR010C,0,-4.6127644,0.25485959649086,0.9440000057220459,0.2759999930858612
YKL213C,YDR400W,0,-4.613,0.2547908127307892,0.9440000057220459,0.2761000096797943
YLR378C,YEL077C,0,-4.6130953,0.25472205877304077,0.9440000057220459,0.27619999647140503
YGR261C,YDR174W,0,-4.6132174,0.25465336441993713,0.9440000057220459,0.27630001306533813
YKL062W,YOR305W,0,-4.6148434,0.2545846700668335,0.9440000057220459,0.27639999985694885
YOR185C,YOR361C,0,-4.6149383,0.25451603531837463,0.9440000057220459,0.27649998664855957
YCR020W-B,YOL100W,0,-4.615103,0.25444743037223816,0.9440000057220459,0.2766000032424927
YJL172W,YHR039C-A,0,-4.6175823,0.25437888503074646,0.9440000057220459,0.2766999900341034
YLR038C,YLR016C,0,-4.6176205,0.25431033968925476,0.9440000057220459,0.2768000066280365
YER153C,YOL141W,0,-4.6192226,0.25424185395240784,0.9440000057220459,0.2768999934196472
YLR325C,YMR268W-A,1,-4.6196003,0.25444266200065613,0.9449999928474426,0.2768999934196472
YOR078W,YER190W,0,-4.619855,0.2543741464614868,0.9449999928474426,0.2770000100135803
YPL259C,YNL305C,0,-4.6199436,0.2543056905269623,0.9449999928474426,0.27709999680519104
YDR364C,YPL231W,0,-4.6201534,0.2542372941970825,0.9449999928474426,0.27720001339912415
YER044C,YHR160C,0,-4.6202087,0.25416889786720276,0.9449999928474426,0.27730000019073486
YLR457C,YKR078W,0,-4.620469,0.2541005611419678,0.9449999928474426,0.2773999869823456
YNL259C,YLR165C,0,-4.6214848,0.2540322542190552,0.9449999928474426,0.2775000035762787
YDR018C,YPL150W,0,-4.622328,0.25396397709846497,0.9449999928474426,0.2775999903678894
YGL090W,YCR087C-A,0,-4.62579,0.25389575958251953,0.9449999928474426,0.2777000069618225
YCL026C-A,YEL065W,0,-4.6262727,0.2538275718688965,0.9449999928474426,0.2777999937534332
YCL008C,YEL020W-A,0,-4.6265,0.25375938415527344,0.9449999928474426,0.27790001034736633
YBR260C,YCR102C,0,-4.626646,0.25369128584861755,0.9449999928474426,0.27799999713897705
YOR116C,YDR177W,0,-4.627046,0.25362318754196167,0.9449999928474426,0.27810001373291016
YKL143W,YAL002W,0,-4.6272054,0.25355514883995056,0.9449999928474426,0.2782000005245209
YGL162W,YML018C,0,-4.6280923,0.25348711013793945,0.9449999928474426,0.2782999873161316
YDR101C,YIL137C,1,-4.6284456,0.25368732213974,0.9459999799728394,0.2782999873161316
YML125C,YML010W,0,-4.631643,0.25361931324005127,0.9459999799728394,0.2784000039100647
YKL074C,YJR033C,0,-4.6318445,0.25355133414268494,0.9459999799728394,0.2784999907016754
YHR079C,YNL217W,0,-4.6319566,0.253483384847641,0.9459999799728394,0.2786000072956085
YMR303C,YCR002C,0,-4.6322775,0.2534154951572418,0.9459999799728394,0.27869999408721924
YAL059W,YKL124W,0,-4.6324735,0.25334760546684265,0.9459999799728394,0.27880001068115234
YPR088C,YJL164C,0,-4.6326804,0.25327977538108826,0.9459999799728394,0.27889999747276306
YFL055W,YOR224C,0,-4.6333895,0.25321200489997864,0.9459999799728394,0.27900001406669617
YIL065C,YLR224W,0,-4.6343884,0.253144234418869,0.9459999799728394,0.2791000008583069
YBR243C,YDR050C,0,-4.6355386,0.2530765235424042,0.9459999799728394,0.2791999876499176
YPL048W,YJL028W,1,-4.6358113,0.2532762885093689,0.9470000267028809,0.2791999876499176
YBR039W,YDR050C,0,-4.6361427,0.25320854783058167,0.9470000267028809,0.2793000042438507
YLR287C-A,YNL311C,1,-4.6362104,0.25340819358825684,0.9480000138282776,0.2793000042438507
YNL008C,YML106W,0,-4.6370535,0.2533404529094696,0.9480000138282776,0.2793999910354614
YDL240W,YJL002C,0,-4.6377983,0.25327277183532715,0.9480000138282776,0.27950000762939453
YKL200C,YIR018W,0,-4.637801,0.2532051205635071,0.9480000138282776,0.27959999442100525
YNL052W,YKR065C,0,-4.638526,0.2531375288963318,0.9480000138282776,0.27970001101493835
YGR109C,YLL054C,0,-4.638817,0.2530699372291565,0.9480000138282776,0.2797999978065491
YDL214C,YLL054C,0,-4.639258,0.253002405166626,0.9480000138282776,0.2799000144004822
YOR078W,YBR175W,0,-4.64088,0.25293490290641785,0.9480000138282776,0.2800000011920929
YKL096W-A,YGL022W,0,-4.643227,0.2528674304485321,0.9480000138282776,0.2800999879837036
YGL190C,YAR044W,0,-4.643281,0.25279998779296875,0.9480000138282776,0.2802000045776367
YCR044C,YDR235W,0,-4.6446037,0.25273260474205017,0.9480000138282776,0.28029999136924744
YLR242C,YJL225C,0,-4.645451,0.252665251493454,0.9480000138282776,0.28040000796318054
YDR194C,YHR079C-A,0,-4.6456814,0.2525979280471802,0.9480000138282776,0.28049999475479126
YNL262W,YCL019W,0,-4.6459236,0.25253063440322876,0.9480000138282776,0.28060001134872437
YDR517W,YBR142W,0,-4.6469684,0.25246337056159973,0.9480000138282776,0.2806999981403351
YMR237W,YHL013C,1,-4.6472507,0.25266242027282715,0.9490000009536743,0.2806999981403351
YLR391W,YGR082W,0,-4.649073,0.2525951564311981,0.9490000009536743,0.2808000147342682
YOR039W,YGR138C,0,-4.6491737,0.25252795219421387,0.9490000009536743,0.2809000015258789
YOR232W,YER072W,0,-4.649577,0.2524607479572296,0.9490000009536743,0.2809999883174896
YNR057C,YFR053C,0,-4.6496553,0.25239360332489014,0.9490000009536743,0.28110000491142273
YDR323C,YLR337C,0,-4.651009,0.25232651829719543,0.9490000009536743,0.28119999170303345
YDR038C,YBL103C,0,-4.6515102,0.25225943326950073,0.9490000009536743,0.28130000829696655
YNR027W,YCL012W,0,-4.6540337,0.2521924078464508,0.9490000009536743,0.28139999508857727
YHR186C,YJL050W,0,-4.6550817,0.25212541222572327,0.9490000009536743,0.2815000116825104
YJR043C,YOR008C-A,0,-4.655321,0.2520584464073181,0.9490000009536743,0.2815999984741211
YDR512C,YKR003W,0,-4.6556087,0.25199151039123535,0.9490000009536743,0.2816999852657318
YOL144W,YDR297W,0,-4.656415,0.251924604177475,0.9490000009536743,0.2818000018596649
YMR290C,YKL150W,0,-4.6565056,0.2518577575683594,0.9490000009536743,0.28189998865127563
YBR208C,YHR098C,0,-4.656519,0.25179094076156616,0.9490000009536743,0.28200000524520874
YKL059C,YML124C,0,-4.65702,0.25172412395477295,0.9490000009536743,0.28209999203681946
YML074C,YIL017W,0,-4.6573133,0.2516573965549469,0.9490000009536743,0.28220000863075256
YAL062W,YDR381W,0,-4.6573462,0.25159066915512085,0.9490000009536743,0.2822999954223633
YBR202W,YCR004C,0,-4.6574163,0.2515239715576172,0.9490000009536743,0.2824000120162964
YMR078C,YDL222C,0,-4.6578794,0.2514573335647583,0.9490000009536743,0.2824999988079071
YLR359W,YIL063C,0,-4.6580944,0.2513907253742218,0.9490000009536743,0.2825999855995178
YOL017W,YMR087W,0,-4.658926,0.2513241469860077,0.9490000009536743,0.2827000021934509
YKL103C,YEL062W,0,-4.6593256,0.25125759840011597,0.9490000009536743,0.28279998898506165
YNL147W,YBL007C,0,-4.661008,0.251191109418869,0.9490000009536743,0.28290000557899475
YCR088W,YDL217C,0,-4.6613092,0.25112465023994446,0.9490000009536743,0.28299999237060547
YOL077W-A,YDR388W,0,-4.661449,0.2510581910610199,0.9490000009536743,0.2831000089645386
YLR397C,YOL096C,0,-4.66182,0.2509917914867401,0.9490000009536743,0.2831999957561493
YOR144C,YKL171W,0,-4.6622934,0.2509254217147827,0.9490000009536743,0.2833000123500824
YJL101C,YKL138C-A,0,-4.6635866,0.2508591115474701,0.9490000009536743,0.2833999991416931
YHR088W,YHL017W,0,-4.663608,0.25079280138015747,0.9490000009536743,0.28349998593330383
YKL055C,YDR238C,0,-4.6644077,0.2507265508174896,0.9490000009536743,0.28360000252723694
YOR079C,YOR130C,0,-4.6651344,0.25066033005714417,0.9490000009536743,0.28369998931884766
YOR031W,YMR298W,0,-4.665162,0.2505941390991211,0.9490000009536743,0.28380000591278076
YDR430C,YLR136C,0,-4.665327,0.2505279779434204,0.9490000009536743,0.2838999927043915
YBR162W-A,YNL115C,0,-4.6654615,0.2504618763923645,0.9490000009536743,0.2840000092983246
YOR092W,YJR022W,0,-4.665613,0.2503957748413086,0.9490000009536743,0.2840999960899353
YLL018C-A,YDR126W,0,-4.6664324,0.25032973289489746,0.9490000009536743,0.2842000126838684
YLR014C,YBR294W,0,-4.667741,0.2502637207508087,0.9490000009536743,0.2842999994754791
YGL170C,YGL227W,0,-4.6687307,0.25019773840904236,0.9490000009536743,0.28439998626708984
YNL336W,YIR038C,0,-4.6689706,0.2501317858695984,0.9490000009536743,0.28450000286102295
YLL018C-A,YBR083W,0,-4.6691566,0.2500658631324768,0.9490000009536743,0.28459998965263367
YNL119W,YLR130C,0,-4.6700506,0.25,0.9490000009536743,0.2847000062465668
YJR076C,YMR094W,0,-4.6703324,0.2499341517686844,0.9490000009536743,0.2847999930381775
YGR189C,YGL001C,0,-4.6705036,0.24986834824085236,0.9490000009536743,0.2849000096321106
YDR345C,YIR008C,0,-4.6715264,0.2498025745153427,0.9490000009536743,0.2849999964237213
YEL022W,YIL109C,0,-4.673458,0.24973684549331665,0.9490000009536743,0.2851000130176544
YOR382W,YBR141C,0,-4.6736565,0.24967114627361298,0.9490000009536743,0.28519999980926514
YHR211W,YCR045C,0,-4.6744146,0.2496054768562317,0.9490000009536743,0.28529998660087585
YBR084W,YDL214C,0,-4.6744723,0.2495398372411728,0.9490000009536743,0.28540000319480896
YDL069C,YLL032C,1,-4.674874,0.24973711371421814,0.949999988079071,0.28540000319480896
YBR244W,YJL012C-A,0,-4.6751137,0.24967148900032043,0.949999988079071,0.2854999899864197
YEL024W,YMR223W,0,-4.6754465,0.24960587918758392,0.949999988079071,0.2856000065803528
YLR151C,YMR134W,0,-4.675482,0.249540314078331,0.949999988079071,0.2856999933719635
YJL052W,YKL094W,0,-4.67579,0.24947479367256165,0.949999988079071,0.2858000099658966
YBR055C,YLL067C,0,-4.6762,0.2494092881679535,0.949999988079071,0.2858999967575073
YJR119C,YIL167W,0,-4.676272,0.24934382736682892,0.949999988079071,0.28600001335144043
YGL027C,YDR273W,0,-4.676427,0.24927841126918793,0.949999988079071,0.28610000014305115
YHR085W,YGR007W,0,-4.6767807,0.24921301007270813,0.949999988079071,0.28619998693466187
YJL172W,YNL001W,0,-4.677491,0.24914765357971191,0.949999988079071,0.28630000352859497
YBR205W,YMR241W,0,-4.678325,0.24908232688903809,0.949999988079071,0.2863999903202057
YIL153W,YOR337W,0,-4.678885,0.24901704490184784,0.949999988079071,0.2865000069141388
YOR209C,YLL066C,0,-4.6791015,0.2489517778158188,0.949999988079071,0.2865999937057495
YGR286C,YBR290W,0,-4.679331,0.24888655543327332,0.949999988079071,0.2867000102996826
YKR083C,YHR072W-A,0,-4.6795034,0.24882137775421143,0.949999988079071,0.28679999709129333
YPR082C,YFL031W,0,-4.679618,0.24875621497631073,0.949999988079071,0.28690001368522644
YOR122C,YOR207C,0,-4.680729,0.24869109690189362,0.949999988079071,0.28700000047683716
YGR154C,YNR017W,0,-4.6818914,0.2486260086297989,0.949999988079071,0.2870999872684479
YDR087C,YML015C,0,-4.682562,0.24856096506118774,0.949999988079071,0.287200003862381
YBL018C,YER175C,0,-4.683775,0.248495951294899,0.949999988079071,0.2872999906539917
YPL112C,YEL024W,0,-4.6844883,0.24843096733093262,0.949999988079071,0.2874000072479248
YFR040W,YPL157W,0,-4.684495,0.24836601316928864,0.949999988079071,0.2874999940395355
YOL020W,YNL217W,0,-4.686285,0.24830110371112823,0.949999988079071,0.28760001063346863
YOR393W,YKL152C,0,-4.6865864,0.24823620915412903,0.949999988079071,0.28769999742507935
YER069W,YNR058W,0,-4.687491,0.2481713742017746,0.949999988079071,0.28780001401901245
YOL058W,YHR037W,0,-4.6887913,0.24810655415058136,0.949999988079071,0.28790000081062317
YHR037W,YNL160W,0,-4.688818,0.2480417788028717,0.949999988079071,0.2879999876022339
YJL157C,YHR157W,0,-4.689214,0.24797703325748444,0.949999988079071,0.288100004196167
YJR016C,YMR036C,0,-4.689989,0.24791231751441956,0.949999988079071,0.2881999909877777
YOL143C,YOR242C,0,-4.6900373,0.24784763157367706,0.949999988079071,0.2883000075817108
YDL078C,YDR300C,0,-4.691165,0.24778299033641815,0.949999988079071,0.28839999437332153
YFL018C,YPR094W,0,-4.691799,0.24771837890148163,0.949999988079071,0.28850001096725464
YCR017C,YIL143C,0,-4.692601,0.2476538121700287,0.949999988079071,0.28859999775886536
YEL011W,YMR069W,0,-4.692611,0.24758926033973694,0.949999988079071,0.28870001435279846
YDR179C,YLR297W,0,-4.6932507,0.24752475321292877,0.949999988079071,0.2888000011444092
YBL009W,YGL122C,0,-4.693692,0.247460275888443,0.949999988079071,0.2888999879360199
YDR320C-A,YPL031C,0,-4.694266,0.2473958283662796,0.949999988079071,0.289000004529953
YBL091C,YGR009C,0,-4.6948996,0.2473314255475998,0.949999988079071,0.2890999913215637
YPR081C,YNL188W,0,-4.6953497,0.24726705253124237,0.949999988079071,0.2892000079154968
YGR218W,YCR045C,0,-4.6954145,0.24720270931720734,0.949999988079071,0.28929999470710754
YKL112W,YDR276C,0,-4.695652,0.2471383959054947,0.949999988079071,0.28940001130104065
YDR206W,YFR016C,0,-4.6956563,0.24707412719726562,0.949999988079071,0.28949999809265137
YLR060W,YDL055C,0,-4.6956954,0.24700987339019775,0.949999988079071,0.2896000146865845
YOR211C,YLR084C,0,-4.6958537,0.24694567918777466,0.949999988079071,0.2897000014781952
YIL019W,YBR186W,0,-4.696764,0.24688149988651276,0.949999988079071,0.2897999882698059
YER045C,YAL022C,0,-4.6975822,0.24681735038757324,0.949999988079071,0.289900004863739
YDR103W,YIL067C,0,-4.698013,0.2467532455921173,0.949999988079071,0.28999999165534973
YKR063C,YJL113W,0,-4.698737,0.24668917059898376,0.949999988079071,0.29010000824928284
YJR070C,YHR152W,0,-4.6990185,0.2466251254081726,0.949999988079071,0.29019999504089355
YDR481C,YJR045C,0,-4.7022166,0.24656112492084503,0.949999988079071,0.29030001163482666
YGL227W,YMR089C,0,-4.7036,0.24649713933467865,0.949999988079071,0.2903999984264374
YDR483W,YEL048C,0,-4.703831,0.24643319845199585,0.949999988079071,0.2904999852180481
YMR075W,YOR338W,0,-4.70413,0.24636928737163544,0.949999988079071,0.2906000018119812
YJL209W,YDR410C,0,-4.7041774,0.2463054209947586,0.949999988079071,0.2906999886035919
YDL069C,YLR287C-A,1,-4.7047453,0.24650077521800995,0.9509999752044678,0.2906999886035919
YEL029C,YMR128W,0,-4.7053614,0.24643689393997192,0.9509999752044678,0.290800005197525
YMR015C,YOL010W,0,-4.7053814,0.24637305736541748,0.9509999752044678,0.29089999198913574
YDL223C,YLR386W,0,-4.7070446,0.24630925059318542,0.9509999752044678,0.29100000858306885
YER069W,YPL171C,0,-4.7075343,0.24624547362327576,0.9509999752044678,0.29109999537467957
YKL007W,YNR017W,0,-4.707991,0.24618172645568848,0.9509999752044678,0.29120001196861267
YER073W,YDR079W,0,-4.708352,0.24611800909042358,0.9509999752044678,0.2912999987602234
YMR097C,YHR003C,0,-4.708647,0.24605433642864227,0.9509999752044678,0.2913999855518341
YHR064C,YOR256C,0,-4.7089047,0.24599069356918335,0.9509999752044678,0.2915000021457672
YJR053W,YAL025C,0,-4.70901,0.24592708051204681,0.9509999752044678,0.29159998893737793
YLR015W,YGR012W,0,-4.709568,0.24586349725723267,0.9509999752044678,0.29170000553131104
YIL128W,YPR190C,0,-4.710339,0.2457999438047409,0.9509999752044678,0.29179999232292175
YER044C-A,YHR062C,0,-4.710952,0.24573643505573273,0.9509999752044678,0.29190000891685486
YFL014W,YDR238C,0,-4.7109804,0.24567295610904694,0.9509999752044678,0.2919999957084656
YGR268C,YHR083W,0,-4.7114387,0.24560950696468353,0.9509999752044678,0.2921000123023987
YGR252W,YOR047C,0,-4.711831,0.24554608762264252,0.9509999752044678,0.2921999990940094
YLR405W,YMR308C,0,-4.7121687,0.2454826980829239,0.9509999752044678,0.2922999858856201
YER119C,YLR432W,0,-4.712265,0.24541935324668884,0.9509999752044678,0.2924000024795532
YGR166W,YBR283C,0,-4.7123146,0.24535603821277618,0.9509999752044678,0.29249998927116394
YNL323W,YMR322C,0,-4.7155304,0.2452927529811859,0.9509999752044678,0.29260000586509705
YMR318C,YER087C-A,0,-4.7167006,0.24522949755191803,0.9509999752044678,0.29269999265670776
YJL207C,YOR158W,1,-4.71771,0.2454240769147873,0.9520000219345093,0.29269999265670776
YBR177C,YLR079W,0,-4.7177925,0.2453608214855194,0.9520000219345093,0.29280000925064087
YBR301W,YOL112W,0,-4.718043,0.2452976107597351,0.9520000219345093,0.2928999960422516
YOL069W,YEL048C,0,-4.71876,0.245234414935112,0.9520000219345093,0.2930000126361847
YNL318C,YIL078W,0,-4.720965,0.24517126381397247,0.9520000219345093,0.2930999994277954
YLL015W,YKR081C,0,-4.721134,0.24510814249515533,0.9520000219345093,0.29319998621940613
YDL194W,YDL201W,0,-4.7212687,0.24504505097866058,0.9520000219345093,0.29330000281333923
YML129C,YMR150C,0,-4.721424,0.24498198926448822,0.9520000219345093,0.29339998960494995
YOL149W,YJL128C,0,-4.7214856,0.24491895735263824,0.9520000219345093,0.29350000619888306
YER030W,YDR358W,0,-4.721593,0.24485597014427185,0.9520000219345093,0.2935999929904938
YER169W,YNL246W,0,-4.7217836,0.24479301273822784,0.9520000219345093,0.2937000095844269
YOR168W,YDR059C,0,-4.7224655,0.24473007023334503,0.9520000219345093,0.2937999963760376
YBR089C-A,YNL329C,0,-4.7237773,0.244667187333107,0.9520000219345093,0.2939000129699707
YOR310C,YMR190C,0,-4.7252173,0.24460431933403015,0.9520000219345093,0.2939999997615814
YDR099W,YKL021C,0,-4.7256603,0.2445414811372757,0.9520000219345093,0.29409998655319214
YOL165C,YHR206W,0,-4.7257104,0.24447868764400482,0.9520000219345093,0.29420000314712524
YOR044W,YGR253C,0,-4.725757,0.24441592395305634,0.9520000219345093,0.29429998993873596
YNL230C,YHR070W,0,-4.725865,0.24435319006443024,0.9520000219345093,0.29440000653266907
YBR121C,YLL003W,0,-4.7260666,0.24429048597812653,0.9520000219345093,0.2944999933242798
YLR160C,YLR297W,0,-4.726894,0.2442278116941452,0.9520000219345093,0.2946000099182129
YLR009W,YDR303C,0,-4.727196,0.24416516721248627,0.9520000219345093,0.2946999967098236
YDR224C,YDL051W,0,-4.7275376,0.2441025674343109,0.9520000219345093,0.2948000133037567
YJL212C,YLR033W,0,-4.7287297,0.24403998255729675,0.9520000219345093,0.29490000009536743
YOR265W,YCR053W,0,-4.7287817,0.24397744238376617,0.9520000219345093,0.29499998688697815
YNL312W,YCL048W,0,-4.7288475,0.24391493201255798,0.9520000219345093,0.29510000348091125
YOR061W,YJR070C,0,-4.730235,0.24385246634483337,0.9520000219345093,0.295199990272522
YMR300C,YDR270W,0,-4.7302947,0.24379001557826996,0.9520000219345093,0.2953000068664551
YOR233W,YKL150W,0,-4.730483,0.24372759461402893,0.9520000219345093,0.2953999936580658
YCR024C-A,YNL072W,0,-4.7308064,0.24366521835327148,0.9520000219345093,0.2955000102519989
YIL070C,YKL077W,0,-4.7312603,0.24360287189483643,0.9520000219345093,0.2955999970436096
YGL194C,YBR016W,0,-4.7315784,0.24354054033756256,0.9520000219345093,0.2957000136375427
YPL049C,YLR293C,0,-4.732089,0.24347825348377228,0.9520000219345093,0.29580000042915344
YIL065C,YBL002W,0,-4.732779,0.24341601133346558,0.9520000219345093,0.29589998722076416
YDR364C,YDR255C,0,-4.73282,0.24335378408432007,0.9520000219345093,0.29600000381469727
YER176W,YGR042W,0,-4.7333975,0.24329158663749695,0.9520000219345093,0.296099990606308
YJR135W-A,YMR067C,0,-4.734138,0.2432294338941574,0.9520000219345093,0.2962000072002411
YDL074C,YAL063C,0,-4.7357583,0.24316731095314026,0.9520000219345093,0.2962999939918518
YPL227C,YOR355W,0,-4.736005,0.2431052029132843,0.9520000219345093,0.2964000105857849
YJR127C,YIL078W,0,-4.7366333,0.24304313957691193,0.9520000219345093,0.29649999737739563
YKR020W,YOR230W,0,-4.737174,0.24298110604286194,0.9520000219345093,0.29660001397132874
YDR264C,YKL171W,0,-4.7385063,0.24291911721229553,0.9520000219345093,0.29670000076293945
YBL007C,YML115C,0,-4.738576,0.24285714328289032,0.9520000219345093,0.29679998755455017
YHR044C,YMR261C,0,-4.7387633,0.2427951991558075,0.9520000219345093,0.2969000041484833
YPR037C,YBR245C,0,-4.7395134,0.24273329973220825,0.9520000219345093,0.296999990940094
YMR221C,YLR106C,0,-4.739523,0.2426714301109314,0.9520000219345093,0.2971000075340271
YCR068W,YGL037C,0,-4.740024,0.24260957539081573,0.9520000219345093,0.2971999943256378
YNL062C,YHR024C,0,-4.7421823,0.24254776537418365,0.9520000219345093,0.2973000109195709
YGL166W,YOR046C,0,-4.743666,0.24248598515987396,0.9520000219345093,0.29739999771118164
YER038C,YER142C,0,-4.743916,0.24242424964904785,0.9520000219345093,0.29750001430511475
YDR226W,YPR083W,0,-4.745576,0.24236252903938293,0.9520000219345093,0.29760000109672546
YGR193C,YHR143W-A,0,-4.7471557,0.2423008382320404,0.9520000219345093,0.2976999878883362
YFL011W-A,YMR229C,0,-4.747773,0.24223919212818146,0.9520000219345093,0.2978000044822693
YAL032C,YAL043C,0,-4.747896,0.2421775609254837,0.9520000219345093,0.29789999127388
YOR005C,YGR038W,0,-4.7480083,0.24211597442626953,0.9520000219345093,0.2980000078678131
YOL130W,YDR496C,0,-4.7483473,0.24205441772937775,0.9520000219345093,0.29809999465942383
YLR158C,YHL006C,0,-4.7484913,0.24199287593364716,0.9520000219345093,0.29820001125335693
YDR178W,YMR261C,0,-4.748579,0.24193137884140015,0.9520000219345093,0.29829999804496765
YCL055W,YDR050C,0,-4.748666,0.24186991155147552,0.9520000219345093,0.29840001463890076
YHR108W,YGL090W,0,-4.749667,0.24180848896503448,0.9520000219345093,0.2985000014305115
YBR100W,YJL061W,0,-4.750142,0.24174708127975464,0.9520000219345093,0.2985999882221222
YJL207C,YGL068W,1,-4.7506866,0.24193957448005676,0.953000009059906,0.2985999882221222
YNL223W,YOR168W,0,-4.7510505,0.24187816679477692,0.953000009059906,0.2987000048160553
YLR459W,YAL062W,0,-4.751458,0.24181680381298065,0.953000009059906,0.298799991607666
YBR200W,YDR218C,0,-4.7515,0.24175545573234558,0.953000009059906,0.2989000082015991
YIR010W,YOR362C,0,-4.751554,0.2416941374540329,0.953000009059906,0.29899999499320984
YDR144C,YML133C,0,-4.75321,0.2416328638792038,0.953000009059906,0.29910001158714294
YJL178C,YHR124W,0,-4.7533407,0.2415716052055359,0.953000009059906,0.29919999837875366
YPL001W,YML039W,0,-4.753452,0.24151039123535156,0.953000009059906,0.2992999851703644
YBR267W,YKL065C,1,-4.7538695,0.24170255661010742,0.9539999961853027,0.2992999851703644
YMR312W,YOR338W,0,-4.7540274,0.2416413426399231,0.9539999961853027,0.2994000017642975
YLR106C,YKR081C,0,-4.754929,0.24158014357089996,0.9539999961853027,0.2994999885559082
YLR330W,YPR194C,0,-4.755727,0.2415189892053604,0.9539999961853027,0.2996000051498413
YLR355C,YMR293C,0,-4.7569838,0.24145786464214325,0.9539999961853027,0.299699991941452
YOL111C,YNL208W,1,-4.757341,0.24164979159832,0.9549999833106995,0.299699991941452
YDL227C,YHL022C,0,-4.7574897,0.24158866703510284,0.9549999833106995,0.29980000853538513
YDL194W,YMR243C,0,-4.757723,0.24152757227420807,0.9549999833106995,0.29989999532699585
YNL036W,YGL004C,0,-4.757998,0.2414664924144745,0.9549999833106995,0.30000001192092896
YNL292W,YEL059C-A,0,-4.7584295,0.2414054572582245,0.9549999833106995,0.3000999987125397
YIL088C,YOL094C,0,-4.758916,0.24134445190429688,0.9549999833106995,0.3001999855041504
YDR316W,YBR024W,0,-4.759043,0.24128347635269165,0.9549999833106995,0.3003000020980835
YGL153W,YBR088C,0,-4.759379,0.2412225306034088,0.9549999833106995,0.3003999888896942
YLL043W,YGR281W,0,-4.760301,0.24116161465644836,0.9549999833106995,0.3005000054836273
YKL114C,YFR016C,0,-4.761298,0.2411007285118103,0.9549999833106995,0.30059999227523804
YLR332W,YHR083W,0,-4.764004,0.24103987216949463,0.9549999833106995,0.30070000886917114
YHR044C,YGL137W,0,-4.7641907,0.24097906053066254,0.9549999833106995,0.30079999566078186
YIL020C,YIL006W,0,-4.764823,0.24091826379299164,0.9549999833106995,0.30090001225471497
YGR223C,YML039W,0,-4.76558,0.24085749685764313,0.9549999833106995,0.3009999990463257
YDL161W,YKL176C,0,-4.7659845,0.2407967746257782,0.9549999833106995,0.3010999858379364
YJR112W,YNL263C,0,-4.767484,0.24073606729507446,0.9549999833106995,0.3012000024318695
YFL010W-A,YGR166W,0,-4.7677307,0.2406754046678543,0.9549999833106995,0.3012999892234802
YML123C,YLL002W,0,-4.7678194,0.24061477184295654,0.9549999833106995,0.30140000581741333
YMR146C,YOR229W,0,-4.76899,0.24055415391921997,0.9549999833106995,0.30149999260902405
YGL174W,YCR055C,0,-4.7698364,0.24049358069896698,0.9549999833106995,0.30160000920295715
YAL012W,YOR005C,0,-4.770654,0.24043303728103638,0.9549999833106995,0.30169999599456787
YNL116W,YLL016W,0,-4.7706876,0.24037250876426697,0.9549999833106995,0.301800012588501
YJL159W,YLR357W,0,-4.7720237,0.24031202495098114,0.9549999833106995,0.3018999993801117
YCR018C,YAL005C,0,-4.772583,0.2402515709400177,0.9549999833106995,0.3019999861717224
YLR028C,YIL038C,0,-4.7725935,0.24019114673137665,0.9549999833106995,0.3021000027656555
YDR104C,YGR128C,0,-4.7763376,0.24013075232505798,0.9549999833106995,0.30219998955726624
YPL005W,YKR036C,0,-4.777134,0.2400703877210617,0.9549999833106995,0.30230000615119934
YLR309C,YOL019W,0,-4.7773676,0.24001005291938782,0.9549999833106995,0.30239999294281006
YGR200C,YDR192C,0,-4.777736,0.23994974792003632,0.9549999833106995,0.30250000953674316
YOR178C,YKL200C,0,-4.7778206,0.2398894727230072,0.9549999833106995,0.3025999963283539
YJL221C,YCR058C,0,-4.7780256,0.23982922732830048,0.9549999833106995,0.302700012922287
YKL190W,YAL012W,0,-4.778048,0.23976901173591614,0.9549999833106995,0.3027999997138977
YKR036C,YBR284W,0,-4.778309,0.23970884084701538,0.9549999833106995,0.3028999865055084
YLR047C,YMR311C,0,-4.7797008,0.23964868485927582,0.9549999833106995,0.30300000309944153
YHL019C,YBR233W-A,0,-4.780736,0.23958855867385864,0.9549999833106995,0.30309998989105225
YKL120W,YMR077C,0,-4.780827,0.23952846229076385,0.9549999833106995,0.30320000648498535
YPL149W,YDR092W,0,-4.781764,0.23946841061115265,0.9549999833106995,0.30329999327659607
YOL091W,YNL146W,0,-4.782336,0.23940837383270264,0.9549999833106995,0.3034000098705292
YLR107W,YOR159C,0,-4.782478,0.239348366856575,0.9549999833106995,0.3034999966621399
YDR108W,YML131W,0,-4.7825313,0.23928840458393097,0.9549999833106995,0.303600013256073
YHR005C-A,YIL122W,0,-4.7829394,0.23922845721244812,0.9549999833106995,0.3037000000476837
YFL056C,YDR306C,0,-4.783366,0.23916853964328766,0.9549999833106995,0.30379998683929443
YOL077C,YKL160W,0,-4.7836285,0.23910866677761078,0.9549999833106995,0.30390000343322754
YJL158C,YDL122W,0,-4.784252,0.2390488088130951,0.9549999833106995,0.30399999022483826
YLR013W,YMR263W,0,-4.784487,0.238988995552063,0.9549999833106995,0.30410000681877136
YHR059W,YPR165W,0,-4.7845283,0.23892919719219208,0.9549999833106995,0.3041999936103821
YNL278W,YPR081C,0,-4.785277,0.23886942863464355,0.9549999833106995,0.3043000102043152
YGR204W,YDR047W,0,-4.785673,0.2388097047805786,0.9549999833106995,0.3043999969959259
YLR114C,YIL013C,0,-4.785703,0.23874999582767487,0.9549999833106995,0.304500013589859
YJR105W,YER048W-A,0,-4.786924,0.2386903315782547,0.9549999833106995,0.3046000003814697
YLR359W,YML038C,0,-4.788777,0.23863068222999573,0.9549999833106995,0.30469998717308044
YPL091W,YHR194W,0,-4.7890563,0.23857107758522034,0.9549999833106995,0.30480000376701355
YLR160C,YGL017W,0,-4.7894135,0.23851148784160614,0.9549999833106995,0.30489999055862427
YLL018C-A,YHR043C,0,-4.78967,0.23845192790031433,0.9549999833106995,0.3050000071525574
YMR088C,YIL017W,0,-4.78979,0.2383924126625061,0.9549999833106995,0.3050999939441681
YDL004W,YBR143C,0,-4.7898955,0.23833291232585907,0.9549999833106995,0.3052000105381012
YGL203C,YBL105C,0,-4.7900667,0.23827345669269562,0.9549999833106995,0.3052999973297119
YOR211C,YNL091W,0,-4.7912955,0.23821401596069336,0.9549999833106995,0.305400013923645
YLR314C,YAR002C-A,0,-4.7913485,0.23815461993217468,0.9549999833106995,0.30550000071525574
YLR303W,YGR033C,0,-4.7913914,0.2380952388048172,0.9549999833106995,0.30559998750686646
YNL145W,YDR228C,0,-4.7915516,0.2380358874797821,0.9549999833106995,0.30570000410079956
YLR363C,YJL010C,0,-4.791876,0.2379765808582306,0.9549999833106995,0.3057999908924103
YKL206C,YDR023W,0,-4.792204,0.23791728913784027,0.9549999833106995,0.3059000074863434
YGR284C,YKR095W-A,0,-4.792488,0.23785802721977234,0.9549999833106995,0.3059999942779541
YGR289C,YDL012C,0,-4.7942896,0.237798810005188,0.9549999833106995,0.3061000108718872
YBR210W,YJR009C,0,-4.794736,0.23773960769176483,0.9549999833106995,0.3061999976634979
YNL216W,YNL064C,0,-4.795634,0.23768043518066406,0.9549999833106995,0.30630001425743103
YLR291C,YER013W,0,-4.7963114,0.23762129247188568,0.9549999833106995,0.30640000104904175
YBR110W,YGL161C,0,-4.796365,0.23756219446659088,0.9549999833106995,0.30649998784065247
YMR020W,YDR096W,0,-4.7979174,0.23750311136245728,0.9549999833106995,0.30660000443458557
YLR017W,YGL236C,0,-4.797959,0.23744405806064606,0.9549999833106995,0.3066999912261963
YPR192W,YCR097W,0,-4.798561,0.23738503456115723,0.9549999833106995,0.3068000078201294
YCR058C,YKL154W,0,-4.80019,0.23732604086399078,0.9549999833106995,0.3068999946117401
YJL128C,YOR292C,0,-4.802697,0.23726707696914673,0.9549999833106995,0.3070000112056732
YNL036W,YCR014C,0,-4.803025,0.23720814287662506,0.9549999833106995,0.30709999799728394
YDR448W,YBR014C,0,-4.8033643,0.23714923858642578,0.9549999833106995,0.30720001459121704
YDR113C,YNL176C,0,-4.8037834,0.2370903640985489,0.9549999833106995,0.30730000138282776
YJL112W,YBL017C,0,-4.804394,0.23703151941299438,0.9549999833106995,0.3073999881744385
YOR103C,YNR031C,0,-4.804814,0.23697270452976227,0.9549999833106995,0.3075000047683716
YJL174W,YBR172C,0,-4.804961,0.23691391944885254,0.9549999833106995,0.3075999915599823
YDR304C,YOR361C,0,-4.805379,0.2368551641702652,0.9549999833106995,0.3077000081539154
YDR534C,YIL047C,0,-4.8055005,0.23679642379283905,0.9549999833106995,0.3077999949455261
YHR152W,YDR082W,0,-4.8055468,0.23673772811889648,0.9549999833106995,0.30790001153945923
YNL238W,YDR306C,0,-4.8060584,0.2366790622472763,0.9549999833106995,0.30799999833106995
YDR364C,YKL214C,0,-4.8070273,0.23662041127681732,0.9549999833106995,0.30809998512268066
YMR110C,YMR096W,0,-4.8070545,0.23656180500984192,0.9549999833106995,0.30820000171661377
YNL038W,YJL140W,0,-4.80753,0.2365032136440277,0.9549999833106995,0.3082999885082245
YNL061W,YBL011W,0,-4.807634,0.23644466698169708,0.9549999833106995,0.3084000051021576
YDR087C,YBR127C,0,-4.808497,0.23638613522052765,0.9549999833106995,0.3084999918937683
YGR223C,YHR005C-A,0,-4.8092756,0.2363276481628418,0.9549999833106995,0.3086000084877014
YGL141W,YOL065C,0,-4.8094044,0.23626917600631714,0.9549999833106995,0.30869999527931213
YPL023C,YER019C-A,0,-4.8094854,0.23621073365211487,0.9549999833106995,0.30880001187324524
YAR050W,YOL060C,0,-4.811104,0.23615232110023499,0.9549999833106995,0.30889999866485596
YLR291C,YNL006W,0,-4.8119507,0.2360939383506775,0.9549999833106995,0.3089999854564667
YDR347W,YOL138C,1,-4.813199,0.23628275096416473,0.9559999704360962,0.3089999854564667
YHR107C,YER054C,0,-4.81345,0.23622436821460724,0.9559999704360962,0.3091000020503998
YDL031W,YDR131C,0,-4.813586,0.23616601526737213,0.9559999704360962,0.3091999888420105
YIL167W,YMR087W,0,-4.8137407,0.23610767722129822,0.9559999704360962,0.3093000054359436
YNR060W,YNR073C,0,-4.8146114,0.23604938387870789,0.9559999704360962,0.3093999922275543
YDR533C,YBR022W,0,-4.8153467,0.23599112033843994,0.9559999704360962,0.3095000088214874
YHL040C,YDR166C,0,-4.815795,0.2359328716993332,0.9559999704360962,0.30959999561309814
YER023W,YFR016C,0,-4.816472,0.23587466776371002,0.9559999704360962,0.30970001220703125
YDL044C,YHR098C,0,-4.81666,0.23581647872924805,0.9559999704360962,0.30979999899864197
YPR001W,YKL174C,0,-4.817113,0.23575831949710846,0.9559999704360962,0.3098999857902527
YNL113W,YNL160W,0,-4.8171797,0.23570019006729126,0.9559999704360962,0.3100000023841858
YIL062C,YJL020C,0,-4.8201,0.23564210534095764,0.9559999704360962,0.3100999891757965
YEL003W,YOR356W,0,-4.8206773,0.23558403551578522,0.9559999704360962,0.3102000057697296
YJL151C,YKL042W,0,-4.8213267,0.23552599549293518,0.9559999704360962,0.31029999256134033
YOR326W,YDR341C,0,-4.822589,0.23546798527240753,0.9559999704360962,0.31040000915527344
YGR097W,YCR029C-A,0,-4.8231816,0.23541000485420227,0.9559999704360962,0.31049999594688416
YBL007C,YIL047C,0,-4.8232727,0.2353520393371582,0.9559999704360962,0.31060001254081726
YDL019C,YML093W,0,-4.823316,0.23529411852359772,0.9559999704360962,0.310699999332428
YDL099W,YLR432W,0,-4.8250365,0.23523622751235962,0.9559999704360962,0.3107999861240387
YBL076C,YAL017W,0,-4.827206,0.23517835140228271,0.9559999704360962,0.3109000027179718
YAL044C,YER087C-B,0,-4.827406,0.2351205050945282,0.9559999704360962,0.3109999895095825
YPL274W,YBR143C,0,-4.8282127,0.23506270349025726,0.9559999704360962,0.3111000061035156
YBR229C,YOR242C,0,-4.828278,0.23500491678714752,0.9559999704360962,0.31119999289512634
YPR035W,YNL183C,0,-4.828319,0.23494715988636017,0.9559999704360962,0.31130000948905945
YGL156W,YBR221C,0,-4.829241,0.2348894327878952,0.9559999704360962,0.31139999628067017
YGR278W,YHR063C,0,-4.829409,0.23483173549175262,0.9559999704360962,0.31150001287460327
YER174C,YPR144C,0,-4.8296766,0.23477406799793243,0.9559999704360962,0.311599999666214
YNL238W,YMR164C,0,-4.8302097,0.23471643030643463,0.9559999704360962,0.3116999864578247
YPL224C,YMR302C,0,-4.8314466,0.23465880751609802,0.9559999704360962,0.3118000030517578
YHR077C,YMR134W,0,-4.833148,0.234601229429245,0.9559999704360962,0.31189998984336853
YLR115W,YLL016W,0,-4.8333826,0.23454366624355316,0.9559999704360962,0.31200000643730164
YKR095W-A,YDR496C,0,-4.8337507,0.2344861477613449,0.9559999704360962,0.31209999322891235
YNL159C,YDR399W,0,-4.8338623,0.23442864418029785,0.9559999704360962,0.31220000982284546
YGL077C,YOR156C,0,-4.833928,0.23437117040157318,0.9559999704360962,0.3122999966144562
YHR197W,YLR378C,0,-4.834359,0.2343137264251709,0.9559999704360962,0.3124000132083893
YIL125W,YFR034C,0,-4.8343983,0.234256312251091,0.9559999704360962,0.3125
YJR048W,YJL056C,0,-4.8360596,0.2341989278793335,0.9559999704360962,0.3125999867916107
YML116W,YDL078C,0,-4.836068,0.23414155840873718,0.9559999704360962,0.3127000033855438
YNL039W,YOR188W,0,-4.8374233,0.23408423364162445,0.9559999704360962,0.31279999017715454
YKL163W,YDL120W,0,-4.838975,0.2340269237756729,0.9559999704360962,0.31290000677108765
YOR242C,YBR083W,0,-4.8391557,0.23396965861320496,0.9559999704360962,0.31299999356269836
YDL102W,YDR018C,0,-4.8417106,0.2339124083518982,0.9559999704360962,0.31310001015663147
YMR198W,YNL217W,0,-4.844079,0.23385518789291382,0.9559999704360962,0.3131999969482422
YML070W,YLR009W,0,-4.8445067,0.23379799723625183,0.9559999704360962,0.3133000135421753
YPR120C,YLR092W,0,-4.844553,0.23374083638191223,0.9559999704360962,0.313400000333786
YNL113W,YMR030W,0,-4.844931,0.23368369042873383,0.9559999704360962,0.31349998712539673
YNL029C,YMR322C,0,-4.8462615,0.233626589179039,0.9559999704360962,0.31360000371932983
YJR131W,YDR397C,0,-4.8464227,0.23356950283050537,0.9559999704360962,0.31369999051094055
YHR164C,YNL071W,0,-4.846472,0.23351246118545532,0.9559999704360962,0.31380000710487366
YPL119C,YBL042C,0,-4.847752,0.23345543444156647,0.9559999704360962,0.3138999938964844
YLR384C,YJL093C,0,-4.849747,0.2333984375,0.9559999704360962,0.3140000104904175
YDR437W,YML033W,0,-4.8510156,0.23334147036075592,0.9559999704360962,0.3140999972820282
YBR072W,YBR006W,0,-4.8541327,0.23328453302383423,0.9559999704360962,0.3142000138759613
YNR057C,YBL040C,0,-4.8547525,0.23322761058807373,0.9559999704360962,0.314300000667572
YNL173C,YLR385C,0,-4.856193,0.23317073285579681,0.9559999704360962,0.31439998745918274
YJL008C,YBL006C,0,-4.856687,0.2331138700246811,0.9559999704360962,0.31450000405311584
YIL119C,YBR143C,0,-4.856769,0.23305705189704895,0.9559999704360962,0.31459999084472656
YOL020W,YIL144W,0,-4.8585835,0.233000248670578,0.9559999704360962,0.31470000743865967
YDR399W,YNR026C,0,-4.8601737,0.23294347524642944,0.9559999704360962,0.3147999942302704
YER015W,YHR133C,0,-4.860641,0.23288671672344208,0.9559999704360962,0.3149000108242035
YGL047W,YLL006W,0,-4.8611383,0.2328300029039383,0.9559999704360962,0.3149999976158142
YAL023C,YMR067C,0,-4.8613925,0.2327733188867569,0.9559999704360962,0.3151000142097473
YCL026C-A,YIL117C,0,-4.861592,0.2327166497707367,0.9559999704360962,0.31520000100135803
YGL049C,YDL110C,1,-4.861835,0.2329033762216568,0.9570000171661377,0.31520000100135803
YGR218W,YNL328C,0,-4.861994,0.2328467220067978,0.9570000171661377,0.31529998779296875
YOR210W,YJL012C,0,-4.8624153,0.23279008269309998,0.9570000171661377,0.31540000438690186
YMR220W,YKR101W,0,-4.863359,0.23273345828056335,0.9570000171661377,0.3154999911785126
YPL015C,YAL051W,0,-4.8635406,0.23267687857151031,0.9570000171661377,0.3156000077724457
YGL038C,YGR106C,0,-4.863984,0.23262031376361847,0.9570000171661377,0.3156999945640564
YOR173W,YEL032W,0,-4.865127,0.2325637936592102,0.9570000171661377,0.3158000111579895
YDR235W,YML124C,0,-4.866493,0.23250728845596313,0.9570000171661377,0.3158999979496002
YCR097W,YDR496C,0,-4.86677,0.23245081305503845,0.9570000171661377,0.3160000145435333
YAL068C,YLR154C,0,-4.867819,0.23239436745643616,0.9570000171661377,0.31610000133514404
YLL031C,YER028C,0,-4.869466,0.23233795166015625,0.9570000171661377,0.31619998812675476
YGL194C,YBL102W,0,-4.8696175,0.23228155076503754,0.9570000171661377,0.31630000472068787
YDR469W,YKL028W,0,-4.870737,0.2322251945734024,0.9570000171661377,0.3163999915122986
YGL142C,YBR154C,0,-4.872074,0.23216885328292847,0.9570000171661377,0.3165000081062317
YGL247W,YGR012W,0,-4.8724556,0.23211254179477692,0.9570000171661377,0.3165999948978424
YOR375C,YOR247W,0,-4.8741207,0.23205626010894775,0.9570000171661377,0.3167000114917755
YGL008C,YLR182W,0,-4.874191,0.23199999332427979,0.9570000171661377,0.31679999828338623
YDL043C,YJR019C,0,-4.8743935,0.2319437712430954,0.9570000171661377,0.31690001487731934
YGL203C,YGR272C,0,-4.8751554,0.2318875640630722,0.9570000171661377,0.31700000166893005
YGL191W,YDR439W,0,-4.875812,0.2318314015865326,0.9570000171661377,0.31709998846054077
YPL040C,YOL060C,0,-4.876058,0.23177525401115417,0.9570000171661377,0.3172000050544739
YOR197W,YGL153W,0,-4.8763404,0.23171912133693695,0.9570000171661377,0.3172999918460846
YJR048W,YLR050C,0,-4.8763895,0.2316630333662033,0.9570000171661377,0.3174000084400177
YDL146W,YOR243C,0,-4.8777485,0.23160697519779205,0.9570000171661377,0.3174999952316284
YGR254W,YDR019C,0,-4.878839,0.231550931930542,0.9570000171661377,0.3176000118255615
YOR123C,YOR334W,0,-4.879414,0.23149491846561432,0.9570000171661377,0.31769999861717224
YPR134W,YHR099W,0,-4.8797026,0.23143893480300903,0.9570000171661377,0.31779998540878296
YLR350W,YBR287W,0,-4.8799715,0.23138298094272614,0.9570000171661377,0.31790000200271606
YCR105W,YBR006W,0,-4.880041,0.23132704198360443,0.9570000171661377,0.3179999887943268
YIL013C,YIL082W-A,0,-4.8803205,0.2312711477279663,0.9570000171661377,0.3181000053882599
YGR188C,YBR205W,0,-4.880982,0.23121526837348938,0.9570000171661377,0.3181999921798706
YLR239C,YDR303C,0,-4.8809867,0.23115941882133484,0.9570000171661377,0.3183000087738037
YKR092C,YHR039C-A,0,-4.882929,0.23110359907150269,0.9570000171661377,0.31839999556541443
YKL160W,YBR081C,0,-4.8829875,0.23104780912399292,0.9570000171661377,0.31850001215934753
YJL094C,YBR154C,0,-4.8832717,0.23099203407764435,0.9570000171661377,0.31859999895095825
YLR047C,YCL052C,0,-4.8834906,0.23093628883361816,0.9570000171661377,0.31869998574256897
YJL125C,YNL199C,0,-4.884046,0.23088057339191437,0.9570000171661377,0.3188000023365021
YJR075W,YNL322C,0,-4.884222,0.23082488775253296,0.9570000171661377,0.3188999891281128
YFR041C,YGL232W,0,-4.885558,0.23076923191547394,0.9570000171661377,0.3190000057220459
YCR088W,YKL120W,0,-4.886017,0.2307135909795761,0.9570000171661377,0.3190999925136566
YJL079C,YLR301W,0,-4.886624,0.23065799474716187,0.9570000171661377,0.3192000091075897
YOR181W,YJR066W,0,-4.8877897,0.2306024134159088,0.9570000171661377,0.31929999589920044
YMR167W,YKR003W,0,-4.887893,0.23054686188697815,0.9570000171661377,0.31940001249313354
YGR101W,YOR353C,0,-4.888856,0.23049132525920868,0.9570000171661377,0.31949999928474426
YDR538W,YNL333W,0,-4.888946,0.2304358333349228,0.9570000171661377,0.319599986076355
YMR198W,YOR375C,0,-4.890809,0.2303803563117981,0.9570000171661377,0.3197000026702881
YOR340C,YLR086W,0,-4.8908563,0.2303249090909958,0.9570000171661377,0.3197999894618988
YER014W,YIL118W,0,-4.890953,0.23026949167251587,0.9570000171661377,0.3199000060558319
YFL011W-A,YKL178C,0,-4.8919287,0.23021410405635834,0.9570000171661377,0.3199999928474426
YGR189C,YDR533C,0,-4.893138,0.230158731341362,0.9570000171661377,0.32010000944137573
YDR430C,YEL042W,0,-4.893295,0.23010338842868805,0.9570000171661377,0.32019999623298645
YDR518W,YOR214C,0,-4.8942556,0.2300480753183365,0.9570000171661377,0.32030001282691956
YLR092W,YER074W-A,0,-4.895061,0.2299927920103073,0.9570000171661377,0.3203999996185303
YDL097C,YDR073W,0,-4.8954964,0.22993752360343933,0.9570000171661377,0.320499986410141
YPL156C,YJL056C,0,-4.896155,0.22988229990005493,0.9570000171661377,0.3206000030040741
YKL078W,YDR393W,0,-4.8962336,0.22982709109783173,0.9570000171661377,0.3206999897956848
YBR102C,YNL133C,0,-4.8973064,0.2297719120979309,0.9570000171661377,0.3208000063896179
YIL062C,YLR373C,0,-4.8983693,0.22971674799919128,0.9570000171661377,0.32089999318122864
YGR061C,YDR228C,0,-4.9000845,0.22966162860393524,0.9570000171661377,0.32100000977516174
YJR161C,YNL207W,0,-4.9007344,0.2296065241098404,0.9570000171661377,0.32109999656677246
YKL015W,YDL130W-A,0,-4.901079,0.22955144941806793,0.9570000171661377,0.32120001316070557
YKR025W,YDL201W,0,-4.9012337,0.22949640452861786,0.9570000171661377,0.3212999999523163
YGR155W,YPL235W,0,-4.9018936,0.22944137454032898,0.9570000171661377,0.321399986743927
YIR010W,YDL140C,0,-4.902093,0.22938638925552368,0.9570000171661377,0.3215000033378601
YCR040W,YDR419W,0,-4.9022207,0.22933141887187958,0.9570000171661377,0.3215999901294708
YKL078W,YJL010C,0,-4.9025927,0.22927647829055786,0.9570000171661377,0.32170000672340393
YBL079W,YLR193C,0,-4.9028397,0.22922155261039734,0.9570000171661377,0.32179999351501465
YML032C,YLR130C,0,-4.903091,0.2291666716337204,0.9570000171661377,0.32190001010894775
YJL090C,YBR055C,0,-4.9041476,0.22911180555820465,0.9570000171661377,0.32199999690055847
YOR254C,YMR140W,0,-4.9042497,0.2290569692850113,0.9570000171661377,0.3221000134944916
YKR003W,YLL055W,0,-4.9044228,0.22900214791297913,0.9570000171661377,0.3222000002861023
YDR272W,YLR455W,0,-4.904508,0.22894737124443054,0.9570000171661377,0.322299987077713
YAL040C,YPL152W,0,-4.905731,0.22889260947704315,0.9570000171661377,0.3224000036716461
YMR150C,YNL064C,0,-4.9062347,0.22883787751197815,0.9570000171661377,0.32249999046325684
YLL055W,YNL304W,0,-4.9063153,0.22878317534923553,0.9570000171661377,0.32260000705718994
YBR017C,YHR119W,0,-4.9097776,0.2287284880876541,0.9570000171661377,0.32269999384880066
YKL192C,YPR055W,0,-4.9100995,0.22867383062839508,0.9570000171661377,0.32280001044273376
YER054C,YHR069C,0,-4.9113173,0.22861920297145844,0.9570000171661377,0.3228999972343445
YNL145W,YHL011C,0,-4.911766,0.22856460511684418,0.9570000171661377,0.3230000138282776
YPL227C,YLR293C,0,-4.91193,0.2285100221633911,0.9570000171661377,0.3231000006198883
YGR225W,YKL200C,0,-4.9126263,0.22845548391342163,0.9570000171661377,0.323199987411499
YHR176W,YER126C,0,-4.912714,0.22840096056461334,0.9570000171661377,0.32330000400543213
YER042W,YOL147C,0,-4.9152575,0.22834645211696625,0.9570000171661377,0.32339999079704285
YBR233W-A,YOR229W,0,-4.9163985,0.22829198837280273,0.9570000171661377,0.32350000739097595
YLR268W,YOR285W,0,-4.9191437,0.22823753952980042,0.9570000171661377,0.32359999418258667
YPL059W,YKL138C-A,0,-4.9191628,0.22818312048912048,0.9570000171661377,0.3237000107765198
YGL025C,YJR041C,0,-4.9206305,0.22812873125076294,0.9570000171661377,0.3237999975681305
YDL240W,YBR240C,0,-4.920676,0.2280743569135666,0.9570000171661377,0.3239000141620636
YOR226C,YCR040W,0,-4.9220333,0.22802001237869263,0.9570000171661377,0.3240000009536743
YKL004W,YGL241W,0,-4.9224396,0.22796569764614105,0.9570000171661377,0.32409998774528503
YDR342C,YGL178W,0,-4.9230623,0.22791141271591187,0.9570000171661377,0.32420000433921814
YGR227W,YJR091C,0,-4.923854,0.22785714268684387,0.9570000171661377,0.32429999113082886
YGL003C,YIR015W,0,-4.9247913,0.22780290246009827,0.9570000171661377,0.32440000772476196
YOL096C,YPR137W,0,-4.924821,0.22774869203567505,0.9570000171661377,0.3244999945163727
YPL265W,YKL195W,0,-4.924963,0.22769449651241302,0.9570000171661377,0.3246000111103058
YGR178C,YDL111C,0,-4.925225,0.22764034569263458,0.9570000171661377,0.3246999979019165
YJR031C,YEL051W,0,-4.925958,0.22758620977401733,0.9570000171661377,0.3248000144958496
YHR216W,YBR044C,0,-4.9266806,0.22753210365772247,0.9570000171661377,0.3249000012874603
YAR002C-A,YKR099C-A,0,-4.926738,0.2274780124425888,0.9570000171661377,0.32499998807907104
YGR240C,YJL056C,0,-4.92699,0.22742395102977753,0.9570000171661377,0.32510000467300415
YOR136W,YHR181W,0,-4.927094,0.22736991941928864,0.9570000171661377,0.32519999146461487
YNL281W,YDR225W,0,-4.9270988,0.22731591761112213,0.9570000171661377,0.325300008058548
YCR068W,YLR369W,0,-4.927643,0.22726193070411682,0.9570000171661377,0.3253999948501587
YDR519W,YCL031C,0,-4.9313383,0.2272079735994339,0.9570000171661377,0.3255000114440918
YIR017C,YPL210C,0,-4.9315495,0.22715404629707336,0.9570000171661377,0.3255999982357025
YKL206C,YKR062W,0,-4.9315867,0.22710014879703522,0.9570000171661377,0.3257000148296356
YNL059C,YIL149C,0,-4.9319916,0.22704626619815826,0.9570000171661377,0.32580000162124634
YIL011W,YHR017W,0,-4.9322786,0.2269924134016037,0.9570000171661377,0.32589998841285706
YMR232W,YGR211W,0,-4.932652,0.22693857550621033,0.9570000171661377,0.32600000500679016
YGR119C,YPL066W,0,-4.9327097,0.22688478231430054,0.9570000171661377,0.3260999917984009
YGL236C,YOR219C,0,-4.9330525,0.22683100402355194,0.9570000171661377,0.326200008392334
YML006C,YOR045W,0,-4.9336076,0.22677725553512573,0.9570000171661377,0.3262999951839447
YDL043C,YIL158W,0,-4.9337015,0.22672352194786072,0.9570000171661377,0.3264000117778778
YNL216W,YKL086W,0,-4.9347734,0.2266698181629181,0.9570000171661377,0.3264999985694885
YNL062C,YLR011W,0,-4.934999,0.22661614418029785,0.9570000171661377,0.32659998536109924
YKL194C,YBR125C,0,-4.9350824,0.2265625,0.9570000171661377,0.32670000195503235
YAL013W,YGL209W,0,-4.93544,0.22650887072086334,0.9570000171661377,0.32679998874664307
YER053C,YOR229W,0,-4.9358845,0.22645527124404907,0.9570000171661377,0.32690000534057617
YDR440W,YOL109W,0,-4.936207,0.2264017015695572,0.9570000171661377,0.3269999921321869
YGR278W,YOR204W,0,-4.9362116,0.2263481616973877,0.9570000171661377,0.32710000872612
YPR144C,YLR208W,0,-4.936427,0.2262946367263794,0.9570000171661377,0.3271999955177307
YLR310C,YMR149W,0,-4.936471,0.22624114155769348,0.9570000171661377,0.3273000121116638
YJR074W,YPL146C,0,-4.9365454,0.22618766129016876,0.9570000171661377,0.32739999890327454
YFR033C,YGR104C,0,-4.9365463,0.22613421082496643,0.9570000171661377,0.32749998569488525
YJR005W,YLR360W,0,-4.9382973,0.2260807901620865,0.9570000171661377,0.32760000228881836
YDR492W,YDR499W,0,-4.9384575,0.22602739930152893,0.9570000171661377,0.3276999890804291
YDL200C,YPL236C,0,-4.9387445,0.22597402334213257,0.9570000171661377,0.3278000056743622
YPR023C,YER086W,0,-4.939253,0.2259206771850586,0.9570000171661377,0.3278999924659729
YBL079W,YGL171W,0,-4.940242,0.225867360830307,0.9570000171661377,0.328000009059906
YGL238W,YJL079C,0,-4.94036,0.2258140593767166,0.9570000171661377,0.3280999958515167
YER086W,YHL022C,0,-4.9404254,0.2257607877254486,0.9570000171661377,0.32820001244544983
YDL095W,YDL006W,0,-4.9404936,0.225707545876503,0.9570000171661377,0.32829999923706055
YBL040C,YBL051C,0,-4.9408426,0.22565433382987976,0.9570000171661377,0.32839998602867126
YDR361C,YGL184C,0,-4.940853,0.22560113668441772,0.9570000171661377,0.32850000262260437
YKL096W-A,YOR103C,0,-4.9408793,0.22554795444011688,0.9570000171661377,0.3285999894142151
YBR302C,YDL194W,0,-4.941131,0.22549481689929962,0.9570000171661377,0.3287000060081482
YMR083W,YNL336W,0,-4.9424086,0.22544169425964355,0.9570000171661377,0.3287999927997589
YPL164C,YLR346C,0,-4.942851,0.22538860142230988,0.9570000171661377,0.328900009393692
YBR149W,YHL027W,0,-4.943473,0.22533553838729858,0.9570000171661377,0.32899999618530273
YNR033W,YGL097W,0,-4.943756,0.2252824902534485,0.9570000171661377,0.32910001277923584
YGL003C,YBR017C,0,-4.9445457,0.22522947192192078,0.9570000171661377,0.32919999957084656
YHR128W,YMR283C,0,-4.9447594,0.22517646849155426,0.9570000171661377,0.3292999863624573
YMR296C,YLR079W,0,-4.9452357,0.22512349486351013,0.9570000171661377,0.3294000029563904
YCR004C,YBR162W-A,0,-4.945818,0.2250705510377884,0.9570000171661377,0.3294999897480011
YPL119C,YIL118W,0,-4.9460106,0.22501763701438904,0.9570000171661377,0.3296000063419342
YMR269W,YPL009C,1,-4.947382,0.22519981861114502,0.9580000042915344,0.3296000063419342
YKL015W,YDL201W,0,-4.947384,0.22514688968658447,0.9580000042915344,0.3296999931335449
YCL011C,YNL240C,0,-4.9480715,0.2250939905643463,0.9580000042915344,0.329800009727478
YNL049C,YFL018W-A,0,-4.9486313,0.22504110634326935,0.9580000042915344,0.32989999651908875
YDR451C,YGR042W,0,-4.9487653,0.22498825192451477,0.9580000042915344,0.33000001311302185
YLR022C,YDR536W,0,-4.9494576,0.22493542730808258,0.9580000042915344,0.33009999990463257
YBL079W,YBR028C,0,-4.9495196,0.22488263249397278,0.9580000042915344,0.3301999866962433
YKR083C,YJL128C,0,-4.9503064,0.22482985258102417,0.9580000042915344,0.3303000032901764
YHR059W,YJL102W,0,-4.9505672,0.22477710247039795,0.9580000042915344,0.3303999900817871
YDR205W,YER154W,0,-4.95062,0.22472436726093292,0.9580000042915344,0.3305000066757202
YIL033C,YCR069W,0,-4.951476,0.22467167675495148,0.9580000042915344,0.33059999346733093
YDR408C,YBR176W,0,-4.953071,0.22461898624897003,0.9580000042915344,0.33070001006126404
YNL080C,YGR048W,0,-4.9535656,0.22456634044647217,0.9580000042915344,0.33079999685287476
YGR206W,YDR240C,0,-4.9537563,0.2245137095451355,0.9580000042915344,0.33090001344680786
YPL059W,YEL026W,0,-4.953759,0.22446110844612122,0.9580000042915344,0.3310000002384186
YER110C,YHR026W,0,-4.953939,0.22440852224826813,0.9580000042915344,0.3310999870300293
YOR239W,YDL020C,0,-4.954137,0.22435596585273743,0.9580000042915344,0.3312000036239624
YER017C,YLR251W,0,-4.955239,0.2243034392595291,0.9580000042915344,0.3312999904155731
YMR220W,YGL089C,0,-4.956485,0.2242509424686432,0.9580000042915344,0.3314000070095062
YIL049W,YDR045C,0,-4.958581,0.22419846057891846,0.9580000042915344,0.33149999380111694
YNL049C,YJL113W,0,-4.9586797,0.22414599359035492,0.9580000042915344,0.33160001039505005
YJR091C,YMR023C,0,-4.9589367,0.22409357130527496,0.9580000042915344,0.33169999718666077
YPR145W,YCR039C,0,-4.958992,0.2240411639213562,0.9580000042915344,0.33180001378059387
YDR479C,YHL008C,0,-4.959142,0.22398877143859863,0.9580000042915344,0.3319000005722046
YDL052C,YMR223W,0,-4.960137,0.22393642365932465,0.9580000042915344,0.3319999873638153
YML008C,YHR096C,0,-4.9602175,0.22388409078121185,0.9580000042915344,0.3321000039577484
YMR037C,YHR079C-B,0,-4.960248,0.22383177280426025,0.9580000042915344,0.33219999074935913
YPR057W,YPL130W,0,-4.96052,0.22377948462963104,0.9580000042915344,0.33230000734329224
YGL195W,YHL035C,1,-4.9605446,0.2239607721567154,0.9589999914169312,0.33230000734329224
YKL059C,YPR133W-A,0,-4.961153,0.223908469080925,0.9589999914169312,0.33239999413490295
YOR181W,YDR354W,0,-4.961378,0.22385621070861816,0.9589999914169312,0.33250001072883606
YGR060W,YCL011C,0,-4.962324,0.22380396723747253,0.9589999914169312,0.3325999975204468
YPL275W,YDL244W,0,-4.962633,0.2237517535686493,0.9589999914169312,0.3327000141143799
YJL115W,YJR054W,0,-4.9629545,0.22369955480098724,0.9589999914169312,0.3328000009059906
YNL259C,YOR285W,0,-4.9632707,0.22364738583564758,0.9589999914169312,0.3328999876976013
YDL231C,YMR075W,0,-4.9632945,0.2235952466726303,0.9589999914169312,0.3330000042915344
YER176W,YER110C,0,-4.9633956,0.22354312241077423,0.9589999914169312,0.33309999108314514
YGL234W,YBR279W,0,-4.963402,0.22349102795124054,0.9589999914169312,0.33320000767707825
YLR274W,YPR052C,0,-4.9635825,0.22343896329402924,0.9589999914169312,0.33329999446868896
YHR116W,YBR078W,0,-4.9638004,0.22338691353797913,0.9589999914169312,0.33340001106262207
YKL086W,YIL144W,0,-4.9640408,0.2233348786830902,0.9589999914169312,0.3334999978542328
YBR002C,YML010W,0,-4.9657035,0.22328288853168488,0.9589999914169312,0.3336000144481659
YGL051W,YPL153C,0,-4.966135,0.22323091328144073,0.9589999914169312,0.3337000012397766
YGR167W,YMR297W,0,-4.9666467,0.22317896783351898,0.9589999914169312,0.33379998803138733
YOL132W,YDR472W,0,-4.966778,0.22312703728675842,0.9589999914169312,0.33390000462532043
YAL016W,YLL055W,0,-4.9670663,0.22307513654232025,0.9589999914169312,0.33399999141693115
YBL035C,YDR238C,0,-4.9672985,0.22302325069904327,0.9589999914169312,0.33410000801086426
YLR047C,YDR174W,0,-4.9673066,0.22297139465808868,0.9589999914169312,0.334199994802475
YJL061W,YNL186W,0,-4.9680357,0.22291956841945648,0.9589999914169312,0.3343000113964081
YBR168W,YDR435C,0,-4.9682636,0.22286777198314667,0.9589999914169312,0.3343999981880188
YLR359W,YPR165W,0,-4.96827,0.22281599044799805,0.9589999914169312,0.3345000147819519
YGL156W,YFL018W-A,0,-4.968802,0.22276422381401062,0.9589999914169312,0.3346000015735626
YJR077C,YKL132C,0,-4.96956,0.22271248698234558,0.9589999914169312,0.33469998836517334
YPR124W,YCR073C,0,-4.970103,0.22266077995300293,0.9589999914169312,0.33480000495910645
YHR072W-A,YOL146W,0,-4.9709086,0.22260910272598267,0.9589999914169312,0.33489999175071716
YNR038W,YCR021C,0,-4.9715924,0.2225574404001236,0.9589999914169312,0.33500000834465027
YEL063C,YGR028W,0,-4.971715,0.22250580787658691,0.9589999914169312,0.335099995136261
YML132W,YGR119C,0,-4.971874,0.22245419025421143,0.9589999914169312,0.3352000117301941
YOR020C,YBR111W-A,0,-4.9719305,0.22240260243415833,0.9589999914169312,0.3352999985218048
YGL043W,YOL143C,0,-4.9722996,0.22235102951526642,0.9589999914169312,0.3353999853134155
YPL259C,YCR020C-A,0,-4.9729137,0.2222994863986969,0.9589999914169312,0.33550000190734863
YBL035C,YOR304C-A,0,-4.973673,0.22224797308444977,0.9589999914169312,0.33559998869895935
YOR208W,YOR256C,0,-4.9747143,0.22219647467136383,0.9589999914169312,0.33570000529289246
YJL039C,YNR045W,0,-4.975437,0.22214500606060028,0.9589999914169312,0.3357999920845032
YKL204W,YDR485C,0,-4.975915,0.22209356725215912,0.9589999914169312,0.3359000086784363
YFR027W,YBR107C,0,-4.97611,0.22204214334487915,0.9589999914169312,0.335999995470047
YDR236C,YOR232W,0,-4.9775176,0.22199073433876038,0.9589999914169312,0.3361000120639801
YDR096W,YER142C,0,-4.977931,0.22193937003612518,0.9589999914169312,0.3361999988555908
YGR249W,YER087W,0,-4.9779987,0.22188802063465118,0.9589999914169312,0.33629998564720154
YJL219W,YJR006W,0,-4.978584,0.22183668613433838,0.9589999914169312,0.33640000224113464
YOL096C,YPR074C,0,-4.97921,0.22178538143634796,0.9589999914169312,0.33649998903274536
YML042W,YHL028W,0,-4.979321,0.22173410654067993,0.9589999914169312,0.33660000562667847
YOR128C,YDR351W,0,-4.981325,0.2216828465461731,0.9589999914169312,0.3366999924182892
YPL217C,YDL230W,0,-4.981412,0.22163161635398865,0.9589999914169312,0.3368000090122223
YNL223W,YGR258C,0,-4.9815464,0.2215804010629654,0.9589999914169312,0.336899995803833
YBR274W,YGR081C,0,-4.9824038,0.22152921557426453,0.9589999914169312,0.3370000123977661
YLL018C,YML027W,0,-4.9828386,0.22147805988788605,0.9589999914169312,0.33709999918937683
YDL074C,YBL076C,0,-4.9831114,0.22142691910266876,0.9589999914169312,0.33719998598098755
YDL192W,YNL183C,0,-4.984344,0.22137580811977386,0.9589999914169312,0.33730000257492065
YML062C,YLR070C,0,-4.9854255,0.22132471203804016,0.9589999914169312,0.33739998936653137
YCR029C-A,YNL273W,0,-4.9854403,0.22127364575862885,0.9589999914169312,0.3375000059604645
YOR355W,YOR129C,0,-4.9859505,0.22122260928153992,0.9589999914169312,0.3375999927520752
YBR196C,YDL111C,0,-4.9860306,0.22117158770561218,0.9589999914169312,0.3377000093460083
YFL010W-A,YOR304W,0,-4.9863596,0.22112059593200684,0.9589999914169312,0.337799996137619
YDR030C,YDR084C,0,-4.9865055,0.22106961905956268,0.9589999914169312,0.3379000127315521
YJR089W,YJR019C,0,-4.987398,0.22101867198944092,0.9589999914169312,0.33799999952316284
YIR034C,YER068W,0,-4.988454,0.22096773982048035,0.9589999914169312,0.33809998631477356
YDL067C,YJR140C,0,-4.991033,0.22091683745384216,0.9589999914169312,0.33820000290870667
YAL056W,YDR174W,0,-4.991667,0.22086596488952637,0.9589999914169312,0.3382999897003174
YOR206W,YGR125W,0,-4.991948,0.22081510722637177,0.9589999914169312,0.3384000062942505
YHR101C,YJR044C,0,-4.9921207,0.22076427936553955,0.9589999914169312,0.3384999930858612
YMR280C,YMR304W,0,-4.9927287,0.22071346640586853,0.9589999914169312,0.3386000096797943
YKL073W,YPL162C,0,-4.9940286,0.2206626832485199,0.9589999914169312,0.33869999647140503
YOR036W,YNL181W,0,-4.9944925,0.22061191499233246,0.9589999914169312,0.33880001306533813
YMR110C,YMR079W,0,-4.9955626,0.2205611765384674,0.9589999914169312,0.33889999985694885
YLR368W,YMR229C,0,-4.995742,0.22051046788692474,0.9589999914169312,0.33899998664855957
YOL077W-A,YEL027W,0,-4.9957504,0.22045977413654327,0.9589999914169312,0.3391000032424927
YOR045W,YJL141C,0,-4.996788,0.220409095287323,0.9589999914169312,0.3391999900341034
YOR168W,YFR010W,0,-4.997123,0.2203584611415863,0.9589999914169312,0.3393000066280365
YMR036C,YGR274C,0,-4.9971867,0.2203078269958496,0.9589999914169312,0.3393999934196472
YNL009W,YLR222C,0,-4.9977455,0.2202572375535965,0.9589999914169312,0.3395000100135803
YER053C,YHR003C,0,-4.9978094,0.22020666301250458,0.9589999914169312,0.33959999680519104
YDR141C,YNL038W,0,-4.9985514,0.22015610337257385,0.9589999914169312,0.33970001339912415
YER170W,YLR043C,0,-4.999775,0.22010557353496552,0.9589999914169312,0.33980000019073486
YLR011W,YCR028C-A,0,-5.000076,0.22005507349967957,0.9589999914169312,0.3398999869823456
YKL178C,YBR096W,0,-5.0017433,0.2200045883655548,0.9589999914169312,0.3400000035762787
YMR184W,YPL156C,0,-5.004551,0.21995413303375244,0.9589999914169312,0.3400999903678894
YDR033W,YBR261C,0,-5.004781,0.21990369260311127,0.9589999914169312,0.3402000069618225
YPL179W,YKR092C,0,-5.005221,0.21985328197479248,0.9589999914169312,0.3402999937534332
YDL230W,YNL151C,0,-5.005905,0.2198028862476349,0.9589999914169312,0.34040001034736633
YPL049C,YBR230C,0,-5.007149,0.21975252032279968,0.9589999914169312,0.34049999713897705
YKL194C,YPL019C,0,-5.008523,0.21970216929912567,0.9589999914169312,0.34060001373291016
YNL159C,YML116W,0,-5.008578,0.21965184807777405,0.9589999914169312,0.3407000005245209
YAL008W,YCR092C,0,-5.00874,0.2196015566587448,0.9589999914169312,0.3407999873161316
YNR027W,YML051W,0,-5.0088644,0.21955128014087677,0.9589999914169312,0.3409000039100647
YDR085C,YOR266W,0,-5.0092845,0.21950103342533112,0.9589999914169312,0.3409999907016754
YLR188W,YPR167C,0,-5.009289,0.21945080161094666,0.9589999914169312,0.3411000072956085
YPL217C,YOR171C,0,-5.009328,0.21940059959888458,0.9589999914169312,0.34119999408721924
YIL147C,YMR179W,0,-5.0097117,0.2193504124879837,0.9589999914169312,0.34130001068115234
YLL015W,YLR403W,0,-5.0098867,0.2193002551794052,0.9589999914169312,0.34139999747276306
YDR399W,YGL233W,0,-5.011177,0.21925011277198792,0.9589999914169312,0.34150001406669617
YER106W,YLR022C,0,-5.0114655,0.219200000166893,0.9589999914169312,0.3416000008583069
YKL078W,YLR070C,0,-5.0124187,0.2191499024629593,0.9589999914169312,0.3416999876499176
YPL082C,YDR459C,0,-5.0126004,0.21909983456134796,0.9589999914169312,0.3418000042438507
YDL043C,YCR079W,0,-5.013541,0.21904979646205902,0.9589999914169312,0.3418999910354614
YCR105W,YOR025W,0,-5.014555,0.21899977326393127,0.9589999914169312,0.34200000762939453
YDR469W,YGR143W,0,-5.015253,0.21894976496696472,0.9589999914169312,0.34209999442100525
YNL005C,YKL082C,1,-5.0159554,0.2191280573606491,0.9599999785423279,0.34209999442100525
YDR383C,YKR099C-A,0,-5.0159717,0.21907804906368256,0.9599999785423279,0.34220001101493835
YBR095C,YNL213C,0,-5.017347,0.2190280556678772,0.9599999785423279,0.3422999978065491
YPR135W,YLR039C,0,-5.017959,0.21897810697555542,0.9599999785423279,0.3424000144004822
YCR068W,YGR033C,0,-5.0182376,0.21892815828323364,0.9599999785423279,0.3425000011920929
YPR001W,YPL210C,0,-5.0190306,0.21887825429439545,0.9599999785423279,0.3425999879837036
YNL256W,YNL083W,0,-5.020014,0.21882835030555725,0.9599999785423279,0.3427000045776367
YER174C,YFL005W,0,-5.0206,0.21877849102020264,0.9599999785423279,0.34279999136924744
YDR308C,YJL059W,0,-5.0206213,0.21872864663600922,0.9599999785423279,0.34290000796318054
YNL116W,YDL013W,0,-5.0209713,0.218678817152977,0.9599999785423279,0.34299999475479126
YFR015C,YOL097C,0,-5.02277,0.21862901747226715,0.9599999785423279,0.34310001134872437
YDL192W,YKR050W,0,-5.0227766,0.2185792326927185,0.9599999785423279,0.3431999981403351
YBL099W,YKL043W,0,-5.023262,0.21852947771549225,0.9599999785423279,0.3433000147342682
YDR378C,YCL008C,0,-5.025234,0.21847975254058838,0.9599999785423279,0.3434000015258789
YPR023C,YNL262W,0,-5.0253243,0.2184300273656845,0.9599999785423279,0.3434999883174896
YJR140C,YKL001C,0,-5.0258455,0.21838034689426422,0.9599999785423279,0.34360000491142273
YGR278W,YDR517W,0,-5.0263987,0.21833068132400513,0.9599999785423279,0.34369999170303345
YKL053C-A,YHR157W,0,-5.0264215,0.21828103065490723,0.9599999785423279,0.34380000829696655
YLR052W,YJL098W,0,-5.0272284,0.2182314097881317,0.9599999785423279,0.34389999508857727
YML042W,YIL139C,0,-5.028322,0.2181818187236786,0.9599999785423279,0.3440000116825104
YKL178C,YJL176C,0,-5.029128,0.21813224256038666,0.9599999785423279,0.3440999984741211
YPL051W,YDR174W,0,-5.029853,0.21808269619941711,0.9599999785423279,0.3441999852657318
YBR015C,YPL112C,0,-5.0312734,0.21803316473960876,0.9599999785423279,0.3443000018596649
YJL020C,YKR030W,0,-5.033203,0.2179836481809616,0.9599999785423279,0.34439998865127563
YOR269W,YKL075C,0,-5.033634,0.21793416142463684,0.9599999785423279,0.34450000524520874
YKL062W,YML047C,0,-5.0342264,0.21788470447063446,0.9599999785423279,0.34459999203681946
YER032W,YDL022W,0,-5.0350423,0.21783526241779327,0.9599999785423279,0.34470000863075256
YMR239C,YBR223C,0,-5.035963,0.21778585016727448,0.9599999785423279,0.3447999954223633
YOL101C,YGR258C,0,-5.0360627,0.21773645281791687,0.9599999785423279,0.3449000120162964
YLL060C,YOR010C,0,-5.037129,0.21768707036972046,0.9599999785423279,0.3449999988079071
YDR253C,YGR178C,0,-5.0379066,0.21763771772384644,0.9599999785423279,0.3450999855995178
YOL156W,YLR432W,0,-5.0381494,0.2175883948802948,0.9599999785423279,0.3452000021934509
YLR002C,YBR214W,0,-5.0384,0.21753908693790436,0.9599999785423279,0.34529998898506165
YNL049C,YNR046W,0,-5.0388026,0.2174898087978363,0.9599999785423279,0.34540000557899475
YLR133W,YLR013W,0,-5.03915,0.21744054555892944,0.9599999785423279,0.34549999237060547
YER069W,YDR350C,0,-5.0398035,0.21739129722118378,0.9599999785423279,0.3456000089645386
YMR042W,YOR272W,0,-5.0407505,0.2173420935869217,0.9599999785423279,0.3456999957561493
YBR286W,YNL151C,0,-5.040906,0.2172928899526596,0.9599999785423279,0.3458000123500824
YPL151C,YGL045W,0,-5.0409184,0.2172437161207199,0.9599999785423279,0.3458999991416931
YML004C,YDR472W,0,-5.0409446,0.2171945720911026,0.9599999785423279,0.34599998593330383
YDR328C,YPR056W,0,-5.0422807,0.21714544296264648,0.9599999785423279,0.34610000252723694
YGR083C,YFL036W,0,-5.04245,0.21709634363651276,0.9599999785423279,0.34619998931884766
YNL216W,YMR125W,0,-5.043035,0.21704725921154022,0.9599999785423279,0.34630000591278076
YIL079C,YMR013C,0,-5.043517,0.21699818968772888,0.9599999785423279,0.3463999927043915
YDR397C,YBR024W,0,-5.044209,0.21694914996623993,0.9599999785423279,0.3465000092983246
YOR295W,YIL177C,0,-5.044693,0.21690014004707336,0.9599999785423279,0.3465999960899353
YKL195W,YER007W,0,-5.0460005,0.216851145029068,0.9599999785423279,0.3467000126838684
YHR188C,YDR342C,0,-5.046018,0.21680216491222382,0.9599999785423279,0.3467999994754791
YNL081C,YHL035C,1,-5.046338,0.2169789969921112,0.9610000252723694,0.3467999994754791
YOL064C,YGR082W,0,-5.047159,0.21693001687526703,0.9610000252723694,0.34689998626708984
YDL178W,YGR180C,0,-5.047346,0.21688106656074524,0.9610000252723694,0.34700000286102295
YHR109W,YGR159C,0,-5.0474205,0.21683213114738464,0.9610000252723694,0.34709998965263367
YER044C,YML021C,0,-5.047425,0.21678321063518524,0.9610000252723694,0.3472000062465668
YBL005W,YOR228C,0,-5.047475,0.21673431992530823,0.9610000252723694,0.3472999930381775
YIL068C,YMR005W,0,-5.0475864,0.2166854590177536,0.9610000252723694,0.3474000096321106
YJR082C,YDR346C,0,-5.048166,0.21663661301136017,0.9610000252723694,0.3474999964237213
YKL150W,YKL042W,0,-5.048268,0.21658778190612793,0.9610000252723694,0.3476000130176544
YPR020W,YNL078W,0,-5.048362,0.21653898060321808,0.9610000252723694,0.34769999980926514
YNL142W,YOR014W,0,-5.049279,0.21649019420146942,0.9610000252723694,0.34779998660087585
YNL111C,YGL120C,0,-5.049487,0.21644143760204315,0.9610000252723694,0.34790000319480896
YDR022C,YOR188W,0,-5.050798,0.21639271080493927,0.9610000252723694,0.3479999899864197
YHR043C,YNL139C,0,-5.0509405,0.2163439840078354,0.9610000252723694,0.3481000065803528
YDR408C,YDR496C,0,-5.051607,0.2162953019142151,0.9610000252723694,0.3481999933719635
YCR097WB,YBR295W,0,-5.051845,0.2162466198205948,0.9610000252723694,0.3483000099658966
YMR038C,YKL149C,0,-5.0524073,0.21619798243045807,0.9610000252723694,0.3483999967575073
YDL192W,YNL101W,0,-5.052675,0.21614934504032135,0.9610000252723694,0.34850001335144043
YKL007W,YML105C,0,-5.05272,0.21610073745250702,0.9610000252723694,0.34860000014305115
YMR072W,YOR222W,0,-5.053047,0.21605215966701508,0.9610000252723694,0.34869998693466187
YHR037W,YKL214C,0,-5.053519,0.21600359678268433,0.9610000252723694,0.34880000352859497
YNL330C,YHR003C,0,-5.053603,0.21595504879951477,0.9610000252723694,0.3488999903202057
YPL124W,YGR096W,0,-5.0540104,0.2159065306186676,0.9610000252723694,0.3490000069141388
YFL029C,YOR074C,0,-5.054426,0.21585804224014282,0.9610000252723694,0.3490999937057495
YKR052C,YDL130W-A,0,-5.054831,0.21580956876277924,0.9610000252723694,0.3492000102996826
YER143W,YGR271C-A,0,-5.0550003,0.21576111018657684,0.9610000252723694,0.34929999709129333
YBR022W,YJL121C,0,-5.0555105,0.21571268141269684,0.9610000252723694,0.34940001368522644
YER045C,YOL052C,0,-5.0555973,0.21566426753997803,0.9610000252723694,0.34950000047683716
YAR002C-A,YLR432W,0,-5.0571995,0.2156158834695816,0.9610000252723694,0.3495999872684479
YDR496C,YJL011C,0,-5.058339,0.21556751430034637,0.9610000252723694,0.349700003862381
YJL155C,YGL150C,0,-5.0586615,0.21551917493343353,0.9610000252723694,0.3497999906539917
YGR212W,YGR192C,0,-5.0589943,0.21547085046768188,0.9610000252723694,0.3499000072479248
YKL143W,YLR092W,0,-5.059862,0.21542255580425262,0.9610000252723694,0.3499999940395355
YDR323C,YLR139C,0,-5.0606427,0.21537427604198456,0.9610000252723694,0.35010001063346863
YNL110C,YJL010C,0,-5.0611744,0.21532601118087769,0.9610000252723694,0.35019999742507935
YDR312W,YJL171C,0,-5.063944,0.2152777761220932,0.9610000252723694,0.35030001401901245
YMR280C,YPL256C,0,-5.0641036,0.2152295559644699,0.9610000252723694,0.35040000081062317
YMR110C,YHR214C-B,0,-5.0646644,0.215181365609169,0.9610000252723694,0.3504999876022339
YPR104C,YDR240C,0,-5.065398,0.2151332050561905,0.9610000252723694,0.350600004196167
YLR381W,YNL327W,0,-5.0663023,0.21508504450321198,0.9610000252723694,0.3506999909877777
YBR211C,YDL192W,0,-5.067022,0.21503691375255585,0.9610000252723694,0.3508000075817108
YDR519W,YNL308C,0,-5.0672045,0.2149888128042221,0.9610000252723694,0.35089999437332153
YML065W,YGR080W,0,-5.067317,0.21494072675704956,0.9610000252723694,0.35100001096725464
YGR104C,YBR254C,0,-5.067927,0.2148926705121994,0.9610000252723694,0.35109999775886536
YDR246W,YKL216W,0,-5.0681114,0.21484462916851044,0.9610000252723694,0.35120001435279846
YBR236C,YGR087C,0,-5.0684795,0.21479660272598267,0.9610000252723694,0.3513000011444092
YPL057C,YLR130C,0,-5.0687547,0.21474860608577728,0.9610000252723694,0.3513999879360199
YPL078C,YNL093W,0,-5.068981,0.2147006243467331,0.9610000252723694,0.351500004529953
YNL207W,YCR052W,0,-5.069192,0.2146526724100113,0.9610000252723694,0.3515999913215637
YOL126C,YPL152W,0,-5.069356,0.21460473537445068,0.9610000252723694,0.3517000079154968
YGR255C,YKL217W,0,-5.069375,0.21455682814121246,0.9610000252723694,0.35179999470710754
YER175C,YDR177W,0,-5.07051,0.21450893580913544,0.9610000252723694,0.35190001130104065
YBR286W,YDR440W,0,-5.070588,0.2144610583782196,0.9610000252723694,0.35199999809265137
YIL118W,YDR425W,0,-5.0710235,0.21441321074962616,0.9610000252723694,0.3521000146865845
YNL199C,YGR055W,0,-5.0715337,0.2143653780221939,0.9610000252723694,0.3522000014781952
YDL087C,YOR310C,0,-5.0718393,0.21431757509708405,0.9610000252723694,0.3522999882698059
YCR024C,YMR149W,0,-5.0727253,0.21426978707313538,0.9610000252723694,0.352400004863739
YNL113W,YMR322C,0,-5.0741034,0.2142220288515091,0.9610000252723694,0.35249999165534973
YBR229C,YLR090W,0,-5.075804,0.214174285531044,0.9610000252723694,0.35260000824928284
YLR239C,YGR206W,0,-5.0758343,0.2141265571117401,0.9610000252723694,0.35269999504089355
YLR384C,YKR020W,0,-5.0760336,0.2140788584947586,0.9610000252723694,0.35280001163482666
YCL027W,YOL010W,0,-5.076264,0.2140311747789383,0.9610000252723694,0.3528999984264374
YHR115C,YOR038C,0,-5.0765324,0.21398352086544037,0.9610000252723694,0.3529999852180481
YBL007C,YKL154W,0,-5.0775914,0.21393588185310364,0.9610000252723694,0.3531000018119812
YMR078C,YPR124W,0,-5.077855,0.2138882726430893,0.9610000252723694,0.3531999886035919
YDL188C,YER147C,0,-5.0780787,0.21384067833423615,0.9610000252723694,0.353300005197525
YBR263W,YGR272C,0,-5.078567,0.2137930989265442,0.9610000252723694,0.35339999198913574
YJL140W,YGR186W,0,-5.078862,0.21374554932117462,0.9610000252723694,0.35350000858306885
YPR113W,YOL031C,0,-5.0789337,0.21369801461696625,0.9610000252723694,0.35359999537467957
YER143W,YHR214C-B,0,-5.079028,0.21365050971508026,0.9610000252723694,0.35370001196861267
YML071C,YML124C,0,-5.079507,0.21360301971435547,0.9610000252723694,0.3537999987602234
YJR040W,YGL009C,0,-5.0797367,0.21355555951595306,0.9610000252723694,0.3538999855518341
YDL087C,YCR039C,0,-5.080061,0.21350811421871185,0.9610000252723694,0.3540000021457672
YFR047C,YJL157C,0,-5.080846,0.21346068382263184,0.9610000252723694,0.35409998893737793
YLL043W,YMR281W,0,-5.0808945,0.2134132832288742,0.9610000252723694,0.35420000553131104
YLR237W,YDR306C,0,-5.0810013,0.21336589753627777,0.9610000252723694,0.35429999232292175
YFR001W,YHR073W,0,-5.0819516,0.21331854164600372,0.9610000252723694,0.35440000891685486
YML110C,YMR277W,0,-5.0828886,0.21327120065689087,0.9610000252723694,0.3544999957084656
YEL039C,YDR510W,0,-5.083955,0.2132238745689392,0.9610000252723694,0.3546000123023987
YDR084C,YGR125W,0,-5.084804,0.21317657828330994,0.9610000252723694,0.3546999990940094
YGR132C,YOR327C,0,-5.0851254,0.21312929689884186,0.9610000252723694,0.3547999858856201
YDR188W,YFR053C,0,-5.085738,0.21308204531669617,0.9610000252723694,0.3549000024795532
YIL044C,YCR016W,0,-5.086354,0.21303480863571167,0.9610000252723694,0.35499998927116394
YCR070W,YDL215C,0,-5.0866156,0.21298758685588837,0.9610000252723694,0.35510000586509705
YDR214W,YKR081C,0,-5.0879793,0.21294039487838745,0.9610000252723694,0.35519999265670776
YOR370C,YKR022C,0,-5.088503,0.21289321780204773,0.9610000252723694,0.35530000925064087
YCR040W,YMR270C,0,-5.08858,0.2128460705280304,0.9610000252723694,0.3553999960422516
YBR006W,YOL105C,0,-5.0886946,0.21279893815517426,0.9610000252723694,0.3555000126361847
YMR268W-A,YNR036C,1,-5.0892444,0.2129732072353363,0.9620000123977661,0.3555000126361847
YLR052W,YAR007C,0,-5.0894437,0.21292607486248016,0.9620000123977661,0.3555999994277954
YIL095W,YGL249W,0,-5.0896363,0.21287895739078522,0.9620000123977661,0.35569998621940613
YML055W,YLR240W,0,-5.0898027,0.21283185482025146,0.9620000123977661,0.35580000281333923
YPL082C,YGR258C,0,-5.0916557,0.2127847820520401,0.9620000123977661,0.35589998960494995
YOR092W,YOL045W,0,-5.09188,0.21273772418498993,0.9620000123977661,0.35600000619888306
YDL099W,YPL015C,0,-5.091975,0.21269069612026215,0.9620000123977661,0.3560999929904938
YPL274W,YFL018W-A,0,-5.0920687,0.21264368295669556,0.9620000123977661,0.3562000095844269
YGL144C,YLL016W,0,-5.092669,0.21259668469429016,0.9620000123977661,0.3562999963760376
YGR247W,YGR197C,0,-5.0939484,0.21254971623420715,0.9620000123977661,0.3564000129699707
YGR179C,YMR293C,0,-5.0942936,0.21250276267528534,0.9620000123977661,0.3564999997615814
YGR223C,YNL253W,0,-5.0950184,0.21245582401752472,0.9620000123977661,0.35659998655319214
YHR053C,YPL112C,0,-5.0957036,0.2124089151620865,0.9620000123977661,0.35670000314712524
YBR179C,YBL035C,0,-5.0962176,0.21236203610897064,0.9620000123977661,0.35679998993873596
YDL137W,YJL110C,0,-5.096295,0.2123151570558548,0.9620000123977661,0.35690000653266907
YDL105W,YDR177W,0,-5.097204,0.21226830780506134,0.9620000123977661,0.3569999933242798
YML042W,YFR005C,0,-5.097766,0.21222148835659027,0.9620000123977661,0.3571000099182129
YIR008C,YDR330W,0,-5.0978317,0.2121746838092804,0.9620000123977661,0.3571999967098236
YLR450W,YDR280W,0,-5.098693,0.2121278941631317,0.9620000123977661,0.3573000133037567
YJR138W,YOR372C,0,-5.099027,0.21208113431930542,0.9620000123977661,0.35740000009536743
YNL192W,YOR334W,0,-5.1009083,0.21203438937664032,0.9620000123977661,0.35749998688697815
YDR317W,YJR054W,0,-5.100926,0.2119876593351364,0.9620000123977661,0.35760000348091125
YER141W,YOR272W,0,-5.1011558,0.2119409590959549,0.9620000123977661,0.357699990272522
YJL170C,YLR050C,0,-5.1028028,0.21189427375793457,0.9620000123977661,0.3578000068664551
YOR157C,YMR030W,0,-5.103137,0.21184760332107544,0.9620000123977661,0.3578999936580658
YCL012W,YBR045C,0,-5.105215,0.2118009626865387,0.9620000123977661,0.3580000102519989
YDL160C,YDL181W,0,-5.105525,0.21175435185432434,0.9620000123977661,0.3580999970436096
YJL095W,YDR328C,0,-5.1056075,0.21170774102210999,0.9620000123977661,0.3582000136375427
YCL001W,YPL083C,0,-5.105918,0.21166115999221802,0.9620000123977661,0.35830000042915344
YPR181C,YNL273W,0,-5.1062174,0.21161460876464844,0.9620000123977661,0.35839998722076416
YNL287W,YLR272C,0,-5.1075544,0.21156807243824005,0.9620000123977661,0.35850000381469727
YPL241C,YOL095C,0,-5.109363,0.21152155101299286,0.9620000123977661,0.358599990606308
YML054C,YML069W,0,-5.111848,0.21147504448890686,0.9620000123977661,0.3587000072002411
YLR182W,YEL021W,0,-5.112492,0.21142856776714325,0.9620000123977661,0.3587999939918518
YOR250C,YJL056C,0,-5.1130953,0.21138212084770203,0.9620000123977661,0.3589000105857849
YJL115W,YNL064C,0,-5.1131897,0.2113356739282608,0.9620000123977661,0.35899999737739563
YIL112W,YGR258C,0,-5.113538,0.21128925681114197,0.9620000123977661,0.35910001397132874
YDR045C,YKL166C,0,-5.113856,0.21124286949634552,0.9620000123977661,0.35920000076293945
YHR215W,YER011W,0,-5.114594,0.21119648218154907,0.9620000123977661,0.35929998755455017
YJR032W,YOR315W,0,-5.114627,0.211150124669075,0.9620000123977661,0.3594000041484833
YER174C,YGL077C,0,-5.1148105,0.21110379695892334,0.9620000123977661,0.359499990940094
YML067C,YLR003C,0,-5.117036,0.21105748414993286,0.9620000123977661,0.3596000075340271
YJL071W,YKL001C,0,-5.117279,0.21101118624210358,0.9620000123977661,0.3596999943256378
YHR077C,YOL115W,0,-5.11782,0.21096491813659668,0.9620000123977661,0.3598000109195709
YAL060W,YOR298C-A,0,-5.1191096,0.21091866493225098,0.9620000123977661,0.35989999771118164
YLR332W,YJL059W,0,-5.1204286,0.21087242662906647,0.9620000123977661,0.36000001430511475
YLR170C,YEL055C,0,-5.120718,0.21082621812820435,0.9620000123977661,0.36010000109672546
YOR315W,YGL179C,0,-5.1210175,0.21078002452850342,0.9620000123977661,0.3601999878883362
YFL057C,YNL253W,0,-5.1215463,0.21073384582996368,0.9620000123977661,0.3603000044822693
YGR183C,YOR356W,0,-5.1225014,0.21068769693374634,0.9620000123977661,0.36039999127388
YGR227W,YML100W,0,-5.122613,0.21064156293869019,0.9620000123977661,0.3605000078678131
YKR013W,YGR012W,0,-5.1227784,0.21059544384479523,0.9620000123977661,0.36059999465942383
YJL054W,YML041C,0,-5.1228213,0.21054935455322266,0.9620000123977661,0.36070001125335693
YER154W,YDR100W,0,-5.123314,0.21050328016281128,0.9620000123977661,0.36079999804496765
YNL240C,YBR168W,0,-5.124825,0.2104572355747223,0.9620000123977661,0.36090001463890076
YHL011C,YJL109C,0,-5.12484,0.2104112058877945,0.9620000123977661,0.3610000014305115
YPL268W,YCR009C,0,-5.1252937,0.2103651911020279,0.9620000123977661,0.3610999882221222
YBR155W,YLR405W,0,-5.1253037,0.21031919121742249,0.9620000123977661,0.3612000048160553
YGL001C,YPL146C,0,-5.125798,0.21027322113513947,0.9620000123977661,0.361299991607666
YJL148W,YNL025C,0,-5.12595,0.21022726595401764,0.9620000123977661,0.3614000082015991
YOL058W,YIL109C,0,-5.1260295,0.2101813405752182,0.9620000123977661,0.36149999499320984
YER161C,YBR287W,0,-5.126177,0.21013543009757996,0.9620000123977661,0.36160001158714294
YGR009C,YMR261C,0,-5.126667,0.2100895345211029,0.9620000123977661,0.36169999837875366
YLR363C,YOR210W,0,-5.1273127,0.21004366874694824,0.9620000123977661,0.3617999851703644
YLR399C,YJL078C,0,-5.1275325,0.20999781787395477,0.9620000123977661,0.3619000017642975
YER178W,YDR265W,0,-5.1277075,0.2099519819021225,0.9620000123977661,0.3619999885559082
YNR008W,YGL249W,0,-5.1281776,0.2099061757326126,0.9620000123977661,0.3621000051498413
YHR191C,YKL084W,0,-5.1284294,0.20986038446426392,0.9620000123977661,0.362199991941452
YKL040C,YIL096C,0,-5.128969,0.20981460809707642,0.9620000123977661,0.36230000853538513
YMR055C,YHR128W,0,-5.1291223,0.2097688615322113,0.9620000123977661,0.36239999532699585
YLL018C,YJL154C,0,-5.1297545,0.20972312986850739,0.9620000123977661,0.36250001192092896
YDR071C,YGL179C,0,-5.1300693,0.20967741310596466,0.9620000123977661,0.3625999987125397
YKR031C,YDR341C,0,-5.13144,0.20963172614574432,0.9620000123977661,0.3626999855041504
YLR008C,YMR139W,0,-5.1322794,0.20958605408668518,0.9620000123977661,0.3628000020980835
YJR161C,YPL203W,0,-5.133157,0.20954041182994843,0.9620000123977661,0.3628999888896942
YPR060C,YOR351C,0,-5.1336126,0.20949476957321167,0.9620000123977661,0.3630000054836273
YBR036C,YOR298W,0,-5.1338024,0.2094491571187973,0.9620000123977661,0.36309999227523804
YLR293C,YBL039C,0,-5.1341977,0.20940357446670532,0.9620000123977661,0.36320000886917114
YML008C,YER075C,0,-5.134993,0.20935799181461334,0.9620000123977661,0.36329999566078186
YOR374W,YMR156C,0,-5.1351137,0.20931243896484375,0.9620000123977661,0.36340001225471497
YER053C,YLR297W,0,-5.135533,0.20926691591739655,0.9620000123977661,0.3634999990463257
YGR048W,YNL044W,0,-5.1359415,0.20922140777111053,0.9620000123977661,0.3635999858379364
YNL326C,YFL026W,0,-5.136732,0.20917591452598572,0.9620000123977661,0.3637000024318695
YOL044W,YGL161C,0,-5.136842,0.2091304361820221,0.9620000123977661,0.3637999892234802
YMR183C,YOL006C,0,-5.136918,0.20908498764038086,0.9620000123977661,0.36390000581741333
YOR335C,YDR206W,0,-5.137166,0.20903955399990082,0.9620000123977661,0.36399999260902405
YDL004W,YHR116W,0,-5.1375713,0.20899413526058197,0.9620000123977661,0.36410000920295715
YNL156C,YOL125W,0,-5.1379995,0.2089487463235855,0.9620000123977661,0.36419999599456787
YLR157C,YNL317W,0,-5.138165,0.20890337228775024,0.9620000123977661,0.364300012588501
YJR010W,YJR131W,0,-5.13829,0.20885801315307617,0.9620000123977661,0.3643999993801117
YLR359W,YKL094W,0,-5.1394005,0.2088126689195633,0.9620000123977661,0.3644999861717224
YGR202C,YLR193C,0,-5.139516,0.2087673544883728,0.9620000123977661,0.3646000027656555
YFL053W,YGL089C,0,-5.1395235,0.2087220698595047,0.9620000123977661,0.36469998955726624
YNL006W,YMR223W,0,-5.1400614,0.2086767852306366,0.9620000123977661,0.36480000615119934
YDL106C,YOR259C,0,-5.1400847,0.20863153040409088,0.9620000123977661,0.36489999294281006
YIL044C,YGL142C,0,-5.140127,0.20858629047870636,0.9620000123977661,0.36500000953674316
YBR165W,YKL099C,0,-5.1404295,0.20854108035564423,0.9620000123977661,0.3650999963283539
YCL038C,YAL005C,0,-5.14067,0.2084958851337433,0.9620000123977661,0.365200012922287
YGR225W,YNL093W,0,-5.141107,0.20845070481300354,0.9620000123977661,0.3652999997138977
YDR328C,YAL005C,0,-5.141556,0.208405539393425,0.9620000123977661,0.3653999865055084
YHR160C,YIR026C,0,-5.1415825,0.20836040377616882,0.9620000123977661,0.36550000309944153
YCR097W,YNL160W,0,-5.1425476,0.20831528306007385,0.9620000123977661,0.36559998989105225
YHR024C,YNL083W,0,-5.142559,0.20827019214630127,0.9620000123977661,0.36570000648498535
YDR465C,YIL099W,0,-5.1426463,0.2082251012325287,0.9620000123977661,0.36579999327659607
YBR132C,YOL049W,0,-5.14275,0.20818005502223969,0.9620000123977661,0.3659000098705292
YJR002W,YJR009C,0,-5.143031,0.20813500881195068,0.9620000123977661,0.3659999966621399
YDL116W,YBR265W,0,-5.143264,0.20808997750282288,0.9620000123977661,0.366100013256073
YHR124W,YKL120W,0,-5.143918,0.20804497599601746,0.9620000123977661,0.3662000000476837
YLR459W,YDL188C,0,-5.144509,0.20800000429153442,0.9620000123977661,0.36629998683929443
YJL050W,YKR050W,0,-5.1445794,0.2079550325870514,0.9620000123977661,0.36640000343322754
YJR134C,YML100W,0,-5.145706,0.20791009068489075,0.9620000123977661,0.36649999022483826
YCL027W,YBR179C,0,-5.146615,0.2078651636838913,0.9620000123977661,0.36660000681877136
YMR205C,YGR195W,0,-5.14766,0.20782026648521423,0.9620000123977661,0.3666999936103821
YCL048W,YGR002C,0,-5.147812,0.20777538418769836,0.9620000123977661,0.3668000102043152
YAL011W,YHR070W,0,-5.1484385,0.2077305167913437,0.9620000123977661,0.3668999969959259
YLR239C,YOL026C,0,-5.150309,0.2076856642961502,0.9620000123977661,0.367000013589859
YGL092W,YJL130C,0,-5.1504755,0.2076408416032791,0.9620000123977661,0.3671000003814697
YDL161W,YKL178C,0,-5.1527395,0.2075960338115692,0.9620000123977661,0.36719998717308044
YKL103C,YER190W,0,-5.153005,0.2075512409210205,0.9620000123977661,0.36730000376701355
YKL117W,YDL120W,0,-5.154821,0.2075064778327942,0.9620000123977661,0.36739999055862427
YIR004W,YPL218W,0,-5.1550827,0.20746171474456787,0.9620000123977661,0.3675000071525574
YOR260W,YDL185W,0,-5.1552777,0.20741699635982513,0.9620000123977661,0.3675999939441681
YGL194C,YDR279W,0,-5.156308,0.2073722779750824,0.9620000123977661,0.3677000105381012
YMR075W,YGR138C,0,-5.1564417,0.20732758939266205,0.9620000123977661,0.3677999973297119
YLR002C,YDL103C,0,-5.15712,0.2072829157114029,0.9620000123977661,0.367900013923645
YGR080W,YOR124C,0,-5.157244,0.20723825693130493,0.9620000123977661,0.36800000071525574
YGL226C-A,YOR212W,0,-5.1573744,0.20719362795352936,0.9620000123977661,0.36809998750686646
YOR388C,YHR150W,0,-5.157607,0.20714901387691498,0.9620000123977661,0.36820000410079956
YPL023C,YPL006W,0,-5.157615,0.2071044147014618,0.9620000123977661,0.3682999908924103
YEL037C,YLL012W,0,-5.157817,0.2070598304271698,0.9620000123977661,0.3684000074863434
YPL274W,YIL138C,0,-5.1583376,0.2070152759552002,0.9620000123977661,0.3684999942779541
YDR141C,YDL036C,0,-5.1634645,0.20697073638439178,0.9620000123977661,0.3686000108718872
YMR055C,YDR309C,0,-5.16358,0.20692622661590576,0.9620000123977661,0.3686999976634979
YJR057W,YLR346C,0,-5.1638985,0.20688171684741974,0.9620000123977661,0.36880001425743103
YCR065W,YDR238C,0,-5.164009,0.2068372368812561,0.9620000123977661,0.36890000104904175
YNL327W,YJR125C,0,-5.1646357,0.20679277181625366,0.9620000123977661,0.36899998784065247
YBR182C,YBR289W,0,-5.165291,0.2067483365535736,0.9620000123977661,0.36910000443458557
YOR142W,YDR071C,0,-5.1653204,0.20670391619205475,0.9620000123977661,0.3691999912261963
YNR032C-A,YLR116W,0,-5.16648,0.20665951073169708,0.9620000123977661,0.3693000078201294
YBL099W,YDL247W,0,-5.166661,0.2066151201725006,0.9620000123977661,0.3693999946117401
YAR014C,YAL017W,0,-5.167341,0.20657075941562653,0.9620000123977661,0.3695000112056732
YMR277W,YIL120W,0,-5.1675115,0.20652641355991364,0.9620000123977661,0.36959999799728394
YPL121C,YLR200W,0,-5.1677675,0.20648208260536194,0.9620000123977661,0.36970001459121704
YOR298C-A,YLL016W,0,-5.1685762,0.20643776655197144,0.9620000123977661,0.36980000138282776
YBR021W,YDR369C,0,-5.169249,0.20639348030090332,0.9620000123977661,0.3698999881744385
YJL146W,YKL042W,0,-5.1692586,0.2063492089509964,0.9620000123977661,0.3700000047683716
YGL156W,YJL173C,0,-5.1697435,0.20630495250225067,0.9620000123977661,0.3700999915599823
YDR397C,YMR013C,0,-5.169791,0.20626072585582733,0.9620000123977661,0.3702000081539154
YLR187W,YPR133W-A,0,-5.1703587,0.206216499209404,0.9620000123977661,0.3702999949455261
YPR047W,YFL036W,0,-5.171233,0.20617231726646423,0.9620000123977661,0.37040001153945923
YJL133W,YEL060C,0,-5.1724553,0.20612813532352448,0.9620000123977661,0.37049999833106995
YHR015W,YOR285W,0,-5.173585,0.2060839831829071,0.9620000123977661,0.37059998512268066
YJR143C,YLR268W,0,-5.1740475,0.20603983104228973,0.9620000123977661,0.37070000171661377
YLR330W,YJL124C,0,-5.174053,0.20599572360515594,0.9620000123977661,0.3707999885082245
YNL116W,YOL113W,0,-5.174061,0.20595161616802216,0.9620000123977661,0.3709000051021576
YCR105W,YER108C,0,-5.174177,0.20590753853321075,0.9620000123977661,0.3709999918937683
YNR058W,YBR179C,0,-5.174676,0.20586347579956055,0.9620000123977661,0.3711000084877014
YJL167W,YLR403W,0,-5.175382,0.20581942796707153,0.9620000123977661,0.37119999527931213
YLR027C,YOR319W,0,-5.175477,0.2057753950357437,0.9620000123977661,0.37130001187324524
YIL066C,YCL054W,0,-5.175668,0.20573139190673828,0.9620000123977661,0.37139999866485596
YDR062W,YIR021W,0,-5.175678,0.20568740367889404,0.9620000123977661,0.3714999854564667
YMR123W,YMR067C,0,-5.17588,0.205643430352211,0.9620000123977661,0.3716000020503998
YOR168W,YLL060C,0,-5.1776943,0.20559948682785034,0.9620000123977661,0.3716999888420105
YIR034C,YOR160W,0,-5.1777687,0.20555555820465088,0.9620000123977661,0.3718000054359436
YEL053C,YCR083W,0,-5.1781087,0.2055116444826126,0.9620000123977661,0.3718999922275543
YHL013C,YKL065C,1,-5.1782646,0.20568133890628815,0.9629999995231628,0.3718999922275543
YDR316W,YAR007C,0,-5.178471,0.20563741028308868,0.9629999995231628,0.3720000088214874
YNL257C,YML114C,0,-5.178732,0.2055935114622116,0.9629999995231628,0.37209999561309814
YPR167C,YLR222C,0,-5.1795177,0.20554962754249573,0.9629999995231628,0.37220001220703125
YOR193W,YBR022W,0,-5.17981,0.20550575852394104,0.9629999995231628,0.37229999899864197
YML086C,YNR031C,0,-5.1800756,0.20546191930770874,0.9629999995231628,0.3723999857902527
YKL158W,YEL009C,0,-5.1805754,0.20541809499263763,0.9629999995231628,0.3725000023841858
YJL170C,YGR088W,0,-5.1808643,0.20537428557872772,0.9629999995231628,0.3725999891757965
YIL094C,YDR316W,0,-5.1810074,0.205330491065979,0.9629999995231628,0.3727000057697296
YAL020C,YLR016C,0,-5.1813,0.20528672635555267,0.9629999995231628,0.37279999256134033
YAL031C,YLR192C,0,-5.1817117,0.20524296164512634,0.9629999995231628,0.37290000915527344
YLR304C,YJL056C,0,-5.181837,0.2051992267370224,0.9629999995231628,0.37299999594688416
YNR060W,YDR045C,0,-5.1825647,0.20515552163124084,0.9629999995231628,0.37310001254081726
YOR065W,YKR038C,0,-5.182972,0.2051118165254593,0.9629999995231628,0.373199999332428
YER062C,YML104C,0,-5.183364,0.20506814122200012,0.9629999995231628,0.3732999861240387
YBR199W,YOR142W,0,-5.1852407,0.20502448081970215,0.9629999995231628,0.3734000027179718
YJL173C,YPR016C,0,-5.185259,0.20498085021972656,0.9629999995231628,0.3734999895095825
YAL039C,YML097C,0,-5.1858354,0.20493721961975098,0.9629999995231628,0.3736000061035156
YDL142C,YLR191W,0,-5.1868134,0.20489361882209778,0.9629999995231628,0.37369999289512634
YKL011C,YNR041C,0,-5.1870637,0.20485003292560577,0.9629999995231628,0.37380000948905945
YLR195C,YFL060C,0,-5.1876316,0.20480646193027496,0.9629999995231628,0.37389999628067017
YNL219C,YNL002C,0,-5.1883593,0.20476292073726654,0.9629999995231628,0.37400001287460327
YOR266W,YJL048C,0,-5.189233,0.2047193944454193,0.9629999995231628,0.374099999666214
YMR220W,YBR231C,0,-5.1897063,0.20467588305473328,0.9629999995231628,0.3741999864578247
YJL196C,YLR166C,0,-5.190136,0.20463238656520844,0.9629999995231628,0.3743000030517578
YLR133W,YOR319W,0,-5.1910286,0.2045889049768448,0.9629999995231628,0.37439998984336853
YIL048W,YPR133W-A,0,-5.191227,0.20454545319080353,0.9629999995231628,0.37450000643730164
YNL116W,YNL072W,0,-5.191655,0.20450201630592346,0.9629999995231628,0.37459999322891235
YNR054C,YHR152W,0,-5.1918745,0.2044585943222046,0.9629999995231628,0.37470000982284546
YOL026C,YGL004C,0,-5.193456,0.2044152021408081,0.9629999995231628,0.3747999966144562
YIL085C,YDR410C,0,-5.193592,0.20437180995941162,0.9629999995231628,0.3749000132083893
YLR370C,YMR073C,0,-5.193606,0.20432844758033752,0.9629999995231628,0.375
YNL192W,YMR235C,0,-5.1938906,0.20428511500358582,0.9629999995231628,0.3750999867916107
YFL045C,YHR090C,0,-5.1943917,0.2042417824268341,0.9629999995231628,0.3752000033855438
YAR042W,YJR046W,0,-5.1947002,0.20419847965240479,0.9629999995231628,0.37529999017715454
YML086C,YDR144C,0,-5.1948366,0.20415517687797546,0.9629999995231628,0.37540000677108765
YNL287W,YLL003W,0,-5.1949472,0.20411191880702972,0.9629999995231628,0.37549999356269836
YHR171W,YJL133W,0,-5.195197,0.20406866073608398,0.9629999995231628,0.37560001015663147
YOL132W,YJL173C,0,-5.1953754,0.20402541756629944,0.9629999995231628,0.3756999969482422
YJL058C,YNL213C,0,-5.195472,0.20398220419883728,0.9629999995231628,0.3758000135421753
YHR152W,YMR304W,0,-5.1958213,0.20393900573253632,0.9629999995231628,0.375900000333786
YJL065C,YPR098C,0,-5.195903,0.20389582216739655,0.9629999995231628,0.37599998712539673
YBR216C,YOL092W,0,-5.1965046,0.20385266840457916,0.9629999995231628,0.37610000371932983
YOR030W,YDR165W,0,-5.1977305,0.20380952954292297,0.9629999995231628,0.37619999051094055
YDR277C,YMR314W,0,-5.1977735,0.20376640558242798,0.9629999995231628,0.37630000710487366
YFL025C,YAL017W,0,-5.1979218,0.20372329652309418,0.9629999995231628,0.3763999938964844
YMR190C,YGR008C,0,-5.1996794,0.20368020236492157,0.9629999995231628,0.3765000104904175
YOR274W,YDR397C,0,-5.20071,0.20363713800907135,0.9629999995231628,0.3765999972820282
YDL095W,YEL060C,0,-5.2010717,0.20359407365322113,0.9629999995231628,0.3767000138759613
YDL230W,YOR337W,0,-5.2012115,0.2035510390996933,0.9629999995231628,0.376800000667572
YOR074C,YBL030C,0,-5.201463,0.20350803434848785,0.9629999995231628,0.37689998745918274
YER099C,YPL175W,0,-5.2015963,0.2034650295972824,0.9629999995231628,0.37700000405311584
YDL146W,YKR095W-A,0,-5.2027674,0.20342205464839935,0.9629999995231628,0.37709999084472656
YJL167W,YMR192W,0,-5.2028694,0.2033790946006775,0.9629999995231628,0.37720000743865967
YBL042C,YPL190C,0,-5.2035885,0.20333614945411682,0.9629999995231628,0.3772999942302704
YDL100C,YLR373C,0,-5.204134,0.20329321920871735,0.9629999995231628,0.3774000108242035
YER166W,YKR089C,0,-5.204163,0.20325031876564026,0.9629999995231628,0.3774999976158142
YDR320C-A,YML006C,0,-5.2053227,0.20320743322372437,0.9629999995231628,0.3776000142097473
YDR239C,YJL213W,1,-5.205744,0.20337553322315216,0.9639999866485596,0.3776000142097473
YGR076C,YIR003W,1,-5.205962,0.203543558716774,0.9649999737739563,0.3776000142097473
YLL038C,YGR260W,0,-5.2064486,0.2035006284713745,0.9649999737739563,0.37770000100135803
YMR287C,YKR038C,0,-5.2075405,0.20345772802829742,0.9649999737739563,0.37779998779296875
YDL099W,YDR280W,0,-5.208072,0.20341484248638153,0.9649999737739563,0.37790000438690186
YNL003C,YDR523C,0,-5.2087398,0.20337197184562683,0.9649999737739563,0.3779999911785126
YHR055C,YCL026C-A,0,-5.209702,0.20332911610603333,0.9649999737739563,0.3781000077724457
YLL038C,YBR016W,0,-5.210287,0.2032862901687622,0.9649999737739563,0.3781999945640564
YOL077W-A,YMR005W,0,-5.211445,0.2032434642314911,0.9649999737739563,0.3783000111579895
YPL227C,YMR183C,0,-5.212496,0.20320066809654236,0.9649999737739563,0.3783999979496002
YER058W,YBR214W,0,-5.2131486,0.20315790176391602,0.9649999737739563,0.3785000145435333
YAL058W,YNL313C,0,-5.213277,0.20311513543128967,0.9649999737739563,0.37860000133514404
YOR202W,YLR106C,0,-5.213299,0.20307238399982452,0.9649999737739563,0.37869998812675476
YHR116W,YGL168W,0,-5.21373,0.20302966237068176,0.9649999737739563,0.37880000472068787
YLR017W,YBR231C,0,-5.214251,0.2029869556427002,0.9649999737739563,0.3788999915122986
YIL099W,YNL088W,0,-5.21573,0.20294426381587982,0.9649999737739563,0.3790000081062317
YJL034W,YHL025W,0,-5.216357,0.20290160179138184,0.9649999737739563,0.3790999948978424
YBR179C,YLR347C,0,-5.216546,0.20285893976688385,0.9649999737739563,0.3792000114917755
YOL132W,YFL021W,0,-5.2167463,0.20281630754470825,0.9649999737739563,0.37929999828338623
YGR055W,YML038C,0,-5.2168627,0.20277369022369385,0.9649999737739563,0.37940001487731934
YFL053W,YJR002W,0,-5.2169824,0.20273108780384064,0.9649999737739563,0.37950000166893005
YBR227C,YPR088C,0,-5.217578,0.20268851518630981,0.9649999737739563,0.37959998846054077
YGL148W,YHL025W,0,-5.2179627,0.202645942568779,0.9649999737739563,0.3797000050544739
YLR285W,YBR143C,0,-5.218509,0.20260339975357056,0.9649999737739563,0.3797999918460846
YLR295C,YCR065W,0,-5.2185173,0.20256087183952332,0.9649999737739563,0.3799000084400177
YLR044C,YOR018W,0,-5.2192125,0.20251835882663727,0.9649999737739563,0.3799999952316284
YDR425W,YBR175W,0,-5.221842,0.2024758756160736,0.9649999737739563,0.3801000118255615
YIL065C,YCR016W,0,-5.222863,0.20243339240550995,0.9649999737739563,0.38019999861717224
YIR034C,YDR172W,0,-5.222883,0.20239093899726868,0.9649999737739563,0.38029998540878296
YLR022C,YDR398W,0,-5.2229466,0.2023485004901886,0.9649999737739563,0.38040000200271606
YMR020W,YPL262W,0,-5.223131,0.20230607688426971,0.9649999737739563,0.3804999887943268
YEL022W,YOR130C,0,-5.2233124,0.20226368308067322,0.9649999737739563,0.3806000053882599
YOL086C,YGR249W,0,-5.223373,0.20222128927707672,0.9649999737739563,0.3806999921798706
YML008C,YGR095C,0,-5.2235103,0.2021789252758026,0.9649999737739563,0.3808000087738037
YEL042W,YHR216W,0,-5.223651,0.2021365761756897,0.9649999737739563,0.38089999556541443
YOR357C,YPL120W,0,-5.2242937,0.20209424197673798,0.9649999737739563,0.38100001215934753
YLR176C,YKL094W,0,-5.2244616,0.20205192267894745,0.9649999737739563,0.38109999895095825
YHR072W-A,YHR073W,0,-5.2248497,0.2020096331834793,0.9649999737739563,0.38119998574256897
YLR433C,YIL113W,0,-5.224957,0.20196734368801117,0.9649999737739563,0.3813000023365021
YOL164W,YDL039C,0,-5.225824,0.20192508399486542,0.9649999737739563,0.3813999891281128
YLR237W,YIL144W,0,-5.225892,0.20188283920288086,0.9649999737739563,0.3815000057220459
YNL325C,YJR077C,0,-5.2264147,0.2018406242132187,0.9649999737739563,0.3815999925136566
YHR062C,YHR060W,0,-5.226794,0.20179840922355652,0.9649999737739563,0.3817000091075897
YJR069C,YLR450W,0,-5.2277594,0.20175622403621674,0.9649999737739563,0.38179999589920044
YLR368W,YBR165W,0,-5.2297487,0.20171405375003815,0.9649999737739563,0.38190001249313354
YBL016W,YJL212C,0,-5.230323,0.20167189836502075,0.9649999737739563,0.38199999928474426
YBR243C,YAL041W,0,-5.2320957,0.20162975788116455,0.9649999737739563,0.382099986076355
YJL050W,YDL216C,0,-5.232181,0.20158763229846954,0.9649999737739563,0.3822000026702881
YGL190C,YJR026W,0,-5.2324004,0.20154553651809692,0.9649999737739563,0.3822999894618988
YCR028C,YDR351W,0,-5.233042,0.2015034407377243,0.9649999737739563,0.3824000060558319
YJR016C,YMR139W,0,-5.233266,0.20146137475967407,0.9649999737739563,0.3824999928474426
YGR167W,YJL061W,0,-5.234174,0.20141932368278503,0.9649999737739563,0.38260000944137573
YDR181C,YDR469W,0,-5.234214,0.20137730240821838,0.9649999737739563,0.38269999623298645
YMR162C,YKR031C,0,-5.2346544,0.20133528113365173,0.9649999737739563,0.38280001282691956
YNL099C,YHR167W,0,-5.235807,0.20129328966140747,0.9649999737739563,0.3828999996185303
YBR044C,YKL216W,0,-5.235824,0.2012512981891632,0.9649999737739563,0.382999986410141
YDR214W,YPL256C,0,-5.23594,0.20120933651924133,0.9649999737739563,0.3831000030040741
YPL040C,YDL168W,0,-5.236595,0.20116738975048065,0.9649999737739563,0.3831999897956848
YLR291C,YPR190C,0,-5.236795,0.20112547278404236,0.9649999737739563,0.3833000063896179
YKL017C,YDR311W,0,-5.2379017,0.20108355581760406,0.9649999737739563,0.38339999318122864
YFR047C,YOR344C,0,-5.2387614,0.20104166865348816,0.9649999737739563,0.38350000977516174
YER035W,YPL236C,0,-5.238941,0.20099979639053345,0.9649999737739563,0.38359999656677246
YNL147W,YDR234W,0,-5.2399173,0.20095793902873993,0.9649999737739563,0.38370001316070557
YLR196W,YNL202W,0,-5.2408347,0.2009160965681076,0.9649999737739563,0.3837999999523163
YPR104C,YDR393W,0,-5.2411823,0.20087426900863647,0.9649999737739563,0.383899986743927
YNL192W,YAL011W,0,-5.2415857,0.20083247125148773,0.9649999737739563,0.3840000033378601
YHR026W,YDR404C,0,-5.242301,0.200790673494339,0.9649999737739563,0.3840999901294708
YEL027W,YBR002C,0,-5.2423315,0.20074890553951263,0.9649999737739563,0.38420000672340393
YLR231C,YNL075W,0,-5.2430587,0.20070715248584747,0.9649999737739563,0.38429999351501465
YMR220W,YAL062W,0,-5.243375,0.2006654143333435,0.9649999737739563,0.38440001010894775
YGL012W,YLR138W,0,-5.243539,0.20062370598316193,0.9649999737739563,0.38449999690055847
YLL001W,YNL202W,0,-5.2441173,0.20058199763298035,0.9649999737739563,0.3846000134944916
YIL136W,YCL048W,0,-5.244293,0.20054031908512115,0.9649999737739563,0.3847000002861023
YGR145W,YJR044C,0,-5.246335,0.20049865543842316,0.9649999737739563,0.384799987077713
YBR233W-A,YNR012W,0,-5.2463837,0.20045700669288635,0.9649999737739563,0.3849000036716461
YOR382W,YGL095C,0,-5.2468824,0.20041537284851074,0.9649999737739563,0.38499999046325684
YJL212C,YKR029C,0,-5.2475533,0.20037375390529633,0.9649999737739563,0.38510000705718994
YJR074W,YDL111C,0,-5.248624,0.2003321498632431,0.9649999737739563,0.38519999384880066
YGL142C,YHR046C,0,-5.248709,0.20029057562351227,0.9649999737739563,0.38530001044273376
YHL011C,YPL239W,0,-5.2492604,0.20024901628494263,0.9649999737739563,0.3853999972343445
YMR211W,YPR055W,0,-5.2495747,0.20020747184753418,0.9649999737739563,0.3855000138282776
YPL186C,YGR020C,0,-5.2497754,0.20016594231128693,0.9649999737739563,0.3856000006198883
YGL240W,YOR272W,0,-5.25002,0.20012442767620087,0.9649999737739563,0.385699987411499
YPL262W,YDL210W,0,-5.25049,0.2000829428434372,0.9649999737739563,0.38580000400543213
YGL143C,YDR311W,0,-5.251052,0.20004145801067352,0.9649999737739563,0.38589999079704285
YJL061W,YNL207W,0,-5.251663,0.20000000298023224,0.9649999737739563,0.38600000739097595
YOR391C,YGR074W,0,-5.251959,0.19995856285095215,0.9649999737739563,0.38609999418258667
YDR005C,YOR222W,0,-5.252233,0.19991713762283325,0.9649999737739563,0.3862000107765198
YGR078C,YLR200W,0,-5.2524476,0.19987572729587555,0.9649999737739563,0.3862999975681305
YGL075C,YOR230W,0,-5.2534533,0.19983433187007904,0.9649999737739563,0.3864000141620636
YKL038W,YDR398W,0,-5.253497,0.19979296624660492,0.9649999737739563,0.3865000009536743
YDR350C,YDR270W,0,-5.25418,0.1997516006231308,0.9649999737739563,0.38659998774528503
YOL021C,YBL036C,0,-5.25488,0.19971026480197906,0.9649999737739563,0.38670000433921814
YHR026W,YLR430W,0,-5.255198,0.19966894388198853,0.9649999737739563,0.38679999113082886
YBL047C,YHR014W,0,-5.2556076,0.19962763786315918,0.9649999737739563,0.38690000772476196
YNL163C,YKR001C,0,-5.2567654,0.19958634674549103,0.9649999737739563,0.3869999945163727
YMR020W,YOL097C,0,-5.256933,0.19954508543014526,0.9649999737739563,0.3871000111103058
YGR217W,YPL093W,0,-5.257144,0.1995038241147995,0.9649999737739563,0.3871999979019165
YJR042W,YKR013W,0,-5.2577343,0.19946259260177612,0.9649999737739563,0.3873000144958496
YJL111W,YPL049C,0,-5.2583814,0.19942136108875275,0.9649999737739563,0.3874000012874603
YDR085C,YOR204W,0,-5.258663,0.19938015937805176,0.9649999737739563,0.38749998807907104
YJL121C,YGL233W,0,-5.259367,0.19933897256851196,0.9649999737739563,0.38760000467300415
YMR227C,YJR009C,0,-5.2603664,0.19929781556129456,0.9649999737739563,0.38769999146461487
YLR188W,YNL055C,0,-5.260645,0.19925665855407715,0.9649999737739563,0.387800008058548
YOR319W,YLR224W,0,-5.262645,0.19921553134918213,0.9649999737739563,0.3878999948501587
YGL238W,YPL179W,0,-5.264069,0.1991744041442871,0.9649999737739563,0.3880000114440918
YKL008C,YIL156W,0,-5.264287,0.19913330674171448,0.9649999737739563,0.3880999982357025
YER030W,YGR147C,0,-5.2644644,0.19909222424030304,0.9649999737739563,0.3882000148296356
YGR195W,YDR311W,0,-5.264979,0.1990511566400528,0.9649999737739563,0.38830000162124634
YGL143C,YAL009W,0,-5.265033,0.19901010394096375,0.9649999737739563,0.38839998841285706
YKR067W,YGR095C,0,-5.2650547,0.1989690661430359,0.9649999737739563,0.38850000500679016
YDR155C,YDR308C,0,-5.265607,0.19892805814743042,0.9649999737739563,0.3885999917984009
YIL098C,YBR087W,0,-5.2658243,0.19888705015182495,0.9649999737739563,0.388700008392334
YGR007W,YDR146C,0,-5.267255,0.19884607195854187,0.9649999737739563,0.3887999951839447
YPR060C,YPL283C,0,-5.2675586,0.19880510866641998,0.9649999737739563,0.3889000117778778
YCL024W,YIL006W,0,-5.2676477,0.1987641602754593,0.9649999737739563,0.3889999985694885
YML116W,YBR082C,0,-5.267935,0.1987232267856598,0.9649999737739563,0.38909998536109924
YAL041W,YLR451W,0,-5.2681694,0.19868230819702148,0.9649999737739563,0.38920000195503235
YPL149W,YAL043C,0,-5.269644,0.19864141941070557,0.9649999737739563,0.38929998874664307
YKL158W,YLL034C,0,-5.2698593,0.19860053062438965,0.9649999737739563,0.38940000534057617
YJR109C,YML093W,0,-5.270498,0.19855967164039612,0.9649999737739563,0.3894999921321869
YKR095W-A,YDR449C,0,-5.270753,0.19851882755756378,0.9649999737739563,0.38960000872612
YJL098W,YLR292C,0,-5.271165,0.19847799837589264,0.9649999737739563,0.3896999955177307
YNL223W,YHR048W,0,-5.27137,0.1984371840953827,0.9649999737739563,0.3898000121116638
YKL185W,YDR225W,0,-5.272293,0.19839638471603394,0.9649999737739563,0.38989999890327454
YHL016C,YGR260W,0,-5.272751,0.19835560023784637,0.9649999737739563,0.38999998569488525
YIL070C,YJR043C,0,-5.274501,0.19831483066082,0.9649999737739563,0.39010000228881836
YFL014W,YGR103W,0,-5.2748504,0.19827409088611603,0.9649999737739563,0.3901999890804291
YPL266W,YOR161C,0,-5.2757916,0.19823336601257324,0.9649999737739563,0.3903000056743622
YMR303C,YBR223C,0,-5.2762804,0.19819264113903046,0.9649999737739563,0.3903999924659729
YBR102C,YHR079C-B,0,-5.2764435,0.19815194606781006,0.9649999737739563,0.390500009059906
YPL075W,YDL213C,0,-5.277878,0.19811126589775085,0.9649999737739563,0.3905999958515167
YER051W,YOR213C,0,-5.278098,0.19807060062885284,0.9649999737739563,0.39070001244544983
YDR190C,YPL203W,0,-5.2784386,0.19802996516227722,0.9649999737739563,0.39079999923706055
YLL042C,YJL014W,0,-5.278633,0.1979893296957016,0.9649999737739563,0.39089998602867126
YKR049C,YER074W-A,0,-5.2791004,0.19794872403144836,0.9649999737739563,0.39100000262260437
YMR312W,YMR285C,0,-5.279126,0.19790811836719513,0.9649999737739563,0.3910999894142151
YGL051W,YGL229C,0,-5.2792587,0.19786754250526428,0.9649999737739563,0.3912000060081482
YIL124W,YLR405W,0,-5.280383,0.19782698154449463,0.9649999737739563,0.3912999927997589
YER014C-A,YKL200C,0,-5.280754,0.19778643548488617,0.9649999737739563,0.391400009393692
YJL025W,YCR067C,0,-5.2812862,0.1977459043264389,0.9649999737739563,0.39149999618530273
YCL004W,YOR361C,0,-5.282503,0.19770538806915283,0.9649999737739563,0.39160001277923584
YOL070C,YGR034W,1,-5.283573,0.19786971807479858,0.9660000205039978,0.39160001277923584
YDR155C,YER087C-B,0,-5.2836437,0.1978292018175125,0.9660000205039978,0.39169999957084656
YER062C,YJL025W,0,-5.2837715,0.19778870046138763,0.9660000205039978,0.3917999863624573
YFL021W,YGL009C,0,-5.285503,0.19774821400642395,0.9660000205039978,0.3919000029563904
YKL099C,YNR061C,0,-5.285696,0.19770774245262146,0.9660000205039978,0.3919999897480011
YCL055W,YPL270W,0,-5.2867866,0.19766728579998016,0.9660000205039978,0.3921000063419342
YGL253W,YNL262W,0,-5.287656,0.19762684404850006,0.9660000205039978,0.3921999931335449
YGR174C,YHR005C-A,0,-5.287793,0.19758641719818115,0.9660000205039978,0.392300009727478
YMR026C,YAR044W,0,-5.287964,0.19754600524902344,0.9660000205039978,0.39239999651908875
YOR317W,YKL184W,0,-5.288043,0.1975056231021881,0.9660000205039978,0.39250001311302185
YJL159W,YCR024C,0,-5.288153,0.19746525585651398,0.9660000205039978,0.39259999990463257
YLR074C,YNL246W,0,-5.2881966,0.19742488861083984,0.9660000205039978,0.3926999866962433
YHR055C,YGR008C,0,-5.2882013,0.1973845511674881,0.9660000205039978,0.3928000032901764
YJR010W,YGL163C,0,-5.288311,0.19734422862529755,0.9660000205039978,0.3928999900817871
YKL004W,YDR517W,0,-5.288807,0.1973039209842682,0.9660000205039978,0.3930000066757202
YPR105C,YOR266W,0,-5.2896156,0.19726362824440002,0.9660000205039978,0.39309999346733093
YGR278W,YHR108W,0,-5.2919493,0.19722335040569305,0.9660000205039978,0.39320001006126404
YER038C,YBR089C-A,0,-5.2927923,0.19718310236930847,0.9660000205039978,0.39329999685287476
YLR258W,YLR107W,0,-5.2928543,0.1971428543329239,0.9660000205039978,0.39340001344680786
YBR200W,YDR128W,0,-5.2929287,0.1971026360988617,0.9660000205039978,0.3935000002384186
YLR127C,YMR039C,0,-5.292978,0.1970624178647995,0.9660000205039978,0.3935999870300293
YIL075C,YGR106C,0,-5.2943363,0.1970222294330597,0.9660000205039978,0.3937000036239624
YJR001W,YPL249C,0,-5.2944126,0.19698205590248108,0.9660000205039978,0.3937999904155731
YKL053C-A,YOL109W,0,-5.2945995,0.19694189727306366,0.9660000205039978,0.3939000070095062
YFL055W,YDR119W,0,-5.294816,0.19690175354480743,0.9660000205039978,0.39399999380111694
YOL010W,YNL290W,0,-5.2955704,0.1968616247177124,0.9660000205039978,0.39410001039505005
YBR293W,YPL206C,0,-5.2960052,0.19682151079177856,0.9660000205039978,0.39419999718666077
YDR150W,YML055W,0,-5.296324,0.19678142666816711,0.9660000205039978,0.39430001378059387
YML006C,YDR142C,0,-5.2992864,0.19674134254455566,0.9660000205039978,0.3944000005722046
YDR236C,YIL095W,0,-5.299893,0.1967012882232666,0.9660000205039978,0.3944999873638153
YLR060W,YLL067C,0,-5.3000307,0.19666123390197754,0.9660000205039978,0.3946000039577484
YLR242C,YGL183C,0,-5.3000336,0.19662120938301086,0.9660000205039978,0.39469999074935913
YDR142C,YDL039C,0,-5.300208,0.19658119976520538,0.9660000205039978,0.39480000734329224
YDR039C,YKL220C,0,-5.300252,0.1965412050485611,0.9660000205039978,0.39489999413490295
YLR242C,YER176W,0,-5.300486,0.196501225233078,0.9660000205039978,0.39500001072883606
YNL062C,YPR081C,0,-5.301261,0.1964612603187561,0.9660000205039978,0.3950999975204468
YKL097W-A,YKR020W,0,-5.3013034,0.1964213103055954,0.9660000205039978,0.3952000141143799
YKL117W,YDR485C,0,-5.301304,0.1963813751935959,0.9660000205039978,0.3953000009059906
YDR214W,YPR144C,0,-5.3025813,0.19634146988391876,0.9660000205039978,0.3953999876976013
YMR021C,YPL066W,0,-5.3029222,0.19630156457424164,0.9660000205039978,0.3955000042915344
YNL156C,YDL210W,0,-5.3032146,0.1962616890668869,0.9660000205039978,0.39559999108314514
YDR204W,YFL026W,0,-5.305833,0.19622181355953217,0.9660000205039978,0.39570000767707825
YGR206W,YGL048C,0,-5.3070464,0.19618196785449982,0.9660000205039978,0.39579999446868896
YJL014W,YJL012C,0,-5.307088,0.19614213705062866,0.9660000205039978,0.39590001106262207
YGR075C,YAL016W,0,-5.308105,0.1961023211479187,0.9660000205039978,0.3959999978542328
YDR038C,YDR472W,0,-5.308305,0.19606250524520874,0.9660000205039978,0.3961000144481659
YGR014W,YBL004W,0,-5.308455,0.19602273404598236,0.9660000205039978,0.3962000012397766
YML113W,YEL037C,0,-5.309011,0.19598296284675598,0.9660000205039978,0.39629998803138733
YOR030W,YNL313C,0,-5.309395,0.1959432065486908,0.9660000205039978,0.39640000462532043
YLR370C,YOR195W,0,-5.3098445,0.1959034651517868,0.9660000205039978,0.39649999141693115
YER055C,YMR026C,0,-5.3101726,0.1958637535572052,0.9660000205039978,0.39660000801086426
YPR120C,YLR126C,0,-5.311014,0.1958240419626236,0.9660000205039978,0.396699994802475
YMR237W,YIL093C,1,-5.3115115,0.1959870308637619,0.9670000076293945,0.396699994802475
YOL016C,YER011W,0,-5.3115273,0.1959473192691803,0.9670000076293945,0.3968000113964081
YMR213W,YJL173C,0,-5.311584,0.1959076225757599,0.9670000076293945,0.3968999981880188
YPR110C,YBL058W,0,-5.312477,0.19586794078350067,0.9670000076293945,0.3970000147819519
YHR121W,YDR117C,1,-5.312484,0.19603078067302704,0.9679999947547913,0.3970000147819519
YLR285W,YDR341C,0,-5.31272,0.19599108397960663,0.9679999947547913,0.3971000015735626
YIL007C,YNL066W,0,-5.3136744,0.1959514170885086,0.9679999947547913,0.39719998836517334
YFR002W,YOR069W,0,-5.313738,0.19591176509857178,0.9679999947547913,0.39730000495910645
YBL003C,YDR393W,0,-5.313981,0.19587211310863495,0.9679999947547913,0.39739999175071716
YBR295W,YGR181W,0,-5.315567,0.1958324909210205,0.9679999947547913,0.39750000834465027
YMR290C,YDR181C,0,-5.3156595,0.19579288363456726,0.9679999947547913,0.397599995136261
YDR330W,YMR077C,0,-5.3158426,0.1957532912492752,0.9679999947547913,0.3977000117301941
YDR295C,YJL093C,0,-5.3163896,0.19571371376514435,0.9679999947547913,0.3977999985218048
YDR268W,YER023W,0,-5.3167553,0.19567415118217468,0.9679999947547913,0.3978999853134155
YGR199W,YKR081C,0,-5.3178415,0.1956346035003662,0.9679999947547913,0.39800000190734863
YPR135W,YBR127C,0,-5.3188357,0.19559507071971893,0.9679999947547913,0.39809998869895935
YKR069W,YCL005W-A,0,-5.3190374,0.19555555284023285,0.9679999947547913,0.39820000529289246
YFR029W,YPL235W,0,-5.3195534,0.19551606476306915,0.9679999947547913,0.3982999920845032
YCR040W,YHL006C,0,-5.3195868,0.19547657668590546,0.9679999947547913,0.3984000086784363
YGL223C,YBR229C,0,-5.321181,0.19543710350990295,0.9679999947547913,0.398499995470047
YAL022C,YPL258C,0,-5.3211894,0.19539766013622284,0.9679999947547913,0.3986000120639801
YKL011C,YJR140C,0,-5.321613,0.19535821676254272,0.9679999947547913,0.3986999988555908
YHR146W,YBR222C,0,-5.321796,0.195318803191185,0.9679999947547913,0.39879998564720154
YKR048C,YNL036W,0,-5.3219185,0.19527940452098846,0.9679999947547913,0.39890000224113464
YLR109W,YMR005W,0,-5.3220453,0.19524002075195312,0.9679999947547913,0.39899998903274536
YFR005C,YDR218C,0,-5.3220596,0.19520065188407898,0.9679999947547913,0.39910000562667847
YLR027C,YFR041C,0,-5.3238177,0.19516128301620483,0.9679999947547913,0.3991999924182892
YOR306C,YHR090C,0,-5.3243513,0.19512194395065308,0.9679999947547913,0.3993000090122223
YMR301C,YOL135C,0,-5.3246927,0.1950826346874237,0.9679999947547913,0.399399995803833
YPR020W,YOR229W,0,-5.325094,0.19504332542419434,0.9679999947547913,0.3995000123977661
YGR023W,YKL134C,0,-5.326271,0.19500403106212616,0.9679999947547913,0.39959999918937683
YIL007C,YLR093C,0,-5.3270884,0.19496475160121918,0.9679999947547913,0.39969998598098755
YPR010C,YHR079C-B,0,-5.3272123,0.1949254870414734,0.9679999947547913,0.39980000257492065
YDL024C,YOL103W,0,-5.3275,0.19488625228405,0.9679999947547913,0.39989998936653137
YBR291C,YMR322C,0,-5.3278837,0.1948470175266266,0.9679999947547913,0.4000000059604645
YMR009W,YGR089W,0,-5.3282948,0.19480781257152557,0.9679999947547913,0.4000999927520752
YDR496C,YLR070C,0,-5.328435,0.19476860761642456,0.9679999947547913,0.4002000093460083
YKL220C,YGL211W,0,-5.3290625,0.19472943246364594,0.9679999947547913,0.400299996137619
YBR195C,YFR010W,0,-5.3292065,0.1946902722120285,0.9679999947547913,0.4004000127315521
YBR020W,YPL209C,0,-5.3295045,0.19465111196041107,0.9679999947547913,0.40049999952316284
YJR082C,YBL105C,0,-5.3295784,0.19461198151111603,0.9679999947547913,0.40059998631477356
YAL041W,YKR001C,0,-5.329767,0.19457286596298218,0.9679999947547913,0.40070000290870667
YBL078C,YML100W,0,-5.3303223,0.19453376531600952,0.9679999947547913,0.4007999897003174
YLR447C,YDR341C,0,-5.3306365,0.19449467957019806,0.9679999947547913,0.4009000062942505
YBL093C,YJL109C,0,-5.331167,0.1944556087255478,0.9679999947547913,0.4009999930858612
YHR204W,YCR081W,0,-5.331373,0.19441655278205872,0.9679999947547913,0.4011000096797943
YJR009C,YBR261C,0,-5.332227,0.19437751173973083,0.9679999947547913,0.40119999647140503
YDR096W,YOL142W,0,-5.3329296,0.19433848559856415,0.9679999947547913,0.40130001306533813
YAL023C,YIL017W,0,-5.3330545,0.19429947435855865,0.9679999947547913,0.40139999985694885
YER167W,YKR083C,0,-5.3336887,0.19426049292087555,0.9679999947547913,0.40149998664855957
YJL108C,YHR025W,0,-5.333826,0.19422151148319244,0.9679999947547913,0.4016000032424927
YDL227C,YIL027C,0,-5.3353424,0.19418254494667053,0.9679999947547913,0.4016999900341034
YNL169C,YHR037W,0,-5.33543,0.194143608212471,0.9679999947547913,0.4018000066280365
YDR224C,YLL057C,0,-5.3370533,0.19410467147827148,0.9679999947547913,0.4018999934196472
YIR004W,YPL212C,0,-5.3371143,0.19406576454639435,0.9679999947547913,0.4020000100135803
YJL076W,YBR081C,0,-5.337997,0.1940268576145172,0.9679999947547913,0.40209999680519104
YOR128C,YBR010W,0,-5.3381243,0.19398798048496246,0.9679999947547913,0.40220001339912415
YDR273W,YEL059C-A,0,-5.33864,0.19394910335540771,0.9679999947547913,0.40230000019073486
YJR016C,YMR100W,0,-5.339221,0.19391025602817535,0.9679999947547913,0.4023999869823456
YBL084C,YER141W,0,-5.3397903,0.1938714236021042,0.9679999947547913,0.4025000035762787
YJR084W,YGL209W,0,-5.340317,0.1938326060771942,0.9679999947547913,0.4025999903678894
YBR196C,YJL048C,0,-5.3404045,0.19379378855228424,0.9679999947547913,0.4027000069618225
YGR087C,YER120W,0,-5.3405237,0.19375500082969666,0.9679999947547913,0.4027999937534332
YLR110C,YER054C,0,-5.3407116,0.19371622800827026,0.9679999947547913,0.40290001034736633
YOR327C,YNL012W,0,-5.341274,0.19367747008800507,0.9679999947547913,0.40299999713897705
YPL078C,YPL217C,0,-5.3413787,0.19363872706890106,0.9679999947547913,0.40310001373291016
YJR006W,YDL185W,0,-5.341439,0.19359999895095825,0.9679999947547913,0.4032000005245209
YBR022W,YCR079W,0,-5.341791,0.19356128573417664,0.9679999947547913,0.4032999873161316
YLL010C,YPL243W,0,-5.3418903,0.1935225874185562,0.9679999947547913,0.4034000039100647
YNR032C-A,YNR023W,0,-5.3423386,0.19348390400409698,0.9679999947547913,0.4034999907016754
YOR335C,YNL091W,0,-5.343962,0.19344525039196014,0.9679999947547913,0.4036000072956085
YLR361C,YDR228C,0,-5.3452473,0.1934065967798233,0.9679999947547913,0.40369999408721924
YLR336C,YHR167W,0,-5.3469048,0.19336795806884766,0.9679999947547913,0.40380001068115234
YNR032C-A,YMR177W,0,-5.348068,0.1933293342590332,0.9679999947547913,0.40389999747276306
YCR088W,YMR276W,0,-5.3486614,0.19329074025154114,0.9679999947547913,0.40400001406669617
YLR017W,YKL116C,0,-5.349076,0.19325214624404907,0.9679999947547913,0.4041000008583069
YLL042C,YDL035C,0,-5.3491306,0.1932135671377182,0.9679999947547913,0.4041999876499176
YMR037C,YNL156C,0,-5.3494987,0.19317501783370972,0.9679999947547913,0.4043000042438507
YBR135W,YDR339C,0,-5.3496137,0.19313646852970123,0.9679999947547913,0.4043999910354614
YHR114W,YKR061W,0,-5.3496685,0.19309794902801514,0.9679999947547913,0.40450000762939453
YJR057W,YKL042W,0,-5.349949,0.19305942952632904,0.9679999947547913,0.40459999442100525
YIR038C,YNL026W,0,-5.3508983,0.19302093982696533,0.9679999947547913,0.40470001101493835
YAL020C,YAL059W,0,-5.3509912,0.19298245012760162,0.9679999947547913,0.4047999978065491
YBR129C,YOR254C,0,-5.351152,0.1929439902305603,0.9679999947547913,0.4049000144004822
YMR220W,YBR198C,0,-5.3512053,0.19290554523468018,0.9679999947547913,0.4050000011920929
YIL014W,YLR090W,0,-5.3520236,0.19286710023880005,0.9679999947547913,0.4050999879837036
YDL141W,YER176W,0,-5.352581,0.1928286850452423,0.9679999947547913,0.4052000045776367
YBR211C,YDL235C,0,-5.353113,0.19279028475284576,0.9679999947547913,0.40529999136924744
YDR517W,YKR052C,0,-5.3536053,0.19275188446044922,0.9679999947547913,0.40540000796318054
YOR370C,YLR005W,0,-5.353649,0.19271351397037506,0.9679999947547913,0.40549999475479126
YIL033C,YDL100C,0,-5.3538084,0.1926751583814621,0.9679999947547913,0.40560001134872437
YFR014C,YGL238W,0,-5.353837,0.19263681769371033,0.9679999947547913,0.4056999981403351
YHL048W,YNL256W,0,-5.3539844,0.19259849190711975,0.9679999947547913,0.4058000147342682
YKL017C,YDR378C,0,-5.354008,0.19256018102169037,0.9679999947547913,0.4059000015258789
YDR099W,YLR363C,0,-5.354287,0.192521870136261,0.9679999947547913,0.4059999883174896
YER045C,YGL003C,0,-5.3549867,0.192483589053154,0.9679999947547913,0.40610000491142273
YCR048W,YOR204W,0,-5.355153,0.1924453228712082,0.9679999947547913,0.40619999170303345
YMR006C,YMR095C,0,-5.3552933,0.19240707159042358,0.9679999947547913,0.40630000829696655
YER109C,YDL111C,0,-5.355667,0.19236883521080017,0.9679999947547913,0.40639999508857727
YLR086W,YLR120C,0,-5.356446,0.19233061373233795,0.9679999947547913,0.4065000116825104
YBR236C,YKL028W,0,-5.356809,0.19229240715503693,0.9679999947547913,0.4065999984741211
YAR002C-A,YDL090C,0,-5.356961,0.1922542154788971,0.9679999947547913,0.4066999852657318
YKL190W,YMR156C,0,-5.3571653,0.19221603870391846,0.9679999947547913,0.4068000018596649
YLR074C,YGR002C,0,-5.357197,0.192177876830101,0.9679999947547913,0.40689998865127563
YBL018C,YIL068C,0,-5.3579216,0.19213974475860596,0.9679999947547913,0.40700000524520874
YJL134W,YNL160W,0,-5.3603735,0.1921016126871109,0.9679999947547913,0.40709999203681946
YPL215W,YCL016C,0,-5.3604746,0.19206349551677704,0.9679999947547913,0.40720000863075256
YDR342C,YBR055C,0,-5.360903,0.19202539324760437,0.9679999947547913,0.4072999954223633
YOR322C,YNL072W,0,-5.3612623,0.1919873058795929,0.9679999947547913,0.4074000120162964
YOR265W,YLR045C,0,-5.3627424,0.19194923341274261,0.9679999947547913,0.4074999988079071
YER012W,YNL201C,0,-5.3631144,0.19191117584705353,0.9679999947547913,0.4075999855995178
YBR102C,YIR008C,0,-5.3633566,0.19187314808368683,0.9679999947547913,0.4077000021934509
YML103C,YFL036W,0,-5.363657,0.19183512032032013,0.9679999947547913,0.40779998898506165
YGL255W,YBR096W,0,-5.3643866,0.19179710745811462,0.9679999947547913,0.40790000557899475
YDR253C,YPL133C,0,-5.3649993,0.1917591094970703,0.9679999947547913,0.40799999237060547
YPR007C,YHL044W,0,-5.3658338,0.1917211264371872,0.9679999947547913,0.4081000089645386
YDR512C,YDR225W,0,-5.3667665,0.19168317317962646,0.9679999947547913,0.4081999957561493
YLR238W,YCR004C,0,-5.3668814,0.19164521992206573,0.9679999947547913,0.4083000123500824
YBR236C,YDR206W,0,-5.3674293,0.1916072815656662,0.9679999947547913,0.4083999991416931
YBL004W,YLR120C,0,-5.36751,0.19156935811042786,0.9679999947547913,0.40849998593330383
YFL050C,YMR069W,0,-5.367888,0.1915314644575119,0.9679999947547913,0.40860000252723694
YHR043C,YOR181W,0,-5.36893,0.19149357080459595,0.9679999947547913,0.40869998931884766
YOL143C,YGR072W,0,-5.368956,0.1914556920528412,0.9679999947547913,0.40880000591278076
YHR188C,YMR117C,0,-5.3689666,0.1914178431034088,0.9679999947547913,0.4088999927043915
YJL184W,YBL011W,0,-5.3690295,0.19137999415397644,0.9679999947547913,0.4090000092983246
YPR120C,YBR161W,0,-5.369856,0.19134216010570526,0.9679999947547913,0.4090999960899353
YER133W,YMR227C,0,-5.369915,0.19130434095859528,0.9679999947547913,0.4092000126838684
YJR109C,YDR005C,0,-5.3712482,0.19126655161380768,0.9679999947547913,0.4092999994754791
YMR280C,YOL030W,0,-5.3721485,0.19122876226902008,0.9679999947547913,0.40939998626708984
YBR286W,YAR042W,0,-5.37234,0.19119098782539368,0.9679999947547913,0.40950000286102295
YDR231C,YER179W,0,-5.3730397,0.19115324318408966,0.9679999947547913,0.40959998965263367
YFL014W,YPR088C,0,-5.3744125,0.19111549854278564,0.9679999947547913,0.4097000062465668
YDR283C,YDR405W,1,-5.374519,0.19127516448497772,0.968999981880188,0.4097000062465668
YLL060C,YDR178W,0,-5.374921,0.1912374198436737,0.968999981880188,0.4097999930381775
YGL245W,YDR001C,0,-5.3750963,0.19119969010353088,0.968999981880188,0.4099000096321106
YMR235C,YLR297W,0,-5.375269,0.19116196036338806,0.968999981880188,0.4099999964237213
YPR124W,YNL026W,0,-5.3754377,0.19112426042556763,0.968999981880188,0.4101000130176544
YOL053C-A,YGL004C,0,-5.376105,0.1910865753889084,0.968999981880188,0.41019999980926514
YPL084W,YNL002C,0,-5.3775926,0.19104889035224915,0.968999981880188,0.41029998660087585
YDL078C,YFL033C,0,-5.3778515,0.1910112351179123,0.968999981880188,0.41040000319480896
YDL149W,YPL050C,0,-5.3780093,0.19097359478473663,0.968999981880188,0.4104999899864197
YKL011C,YLR345W,0,-5.3786736,0.19093595445156097,0.968999981880188,0.4106000065803528
YNL037C,YDR449C,0,-5.379771,0.1908983439207077,0.968999981880188,0.4106999933719635
YGL084C,YKL073W,0,-5.3814497,0.19086074829101562,0.968999981880188,0.4108000099658966
YOR198C,YOR086C,0,-5.382271,0.19082315266132355,0.968999981880188,0.4108999967575073
YPL015C,YDL046W,0,-5.383731,0.19078558683395386,0.968999981880188,0.41100001335144043
YPR104C,YDL222C,0,-5.384541,0.19074803590774536,0.968999981880188,0.41110000014305115
YHR101C,YDR388W,0,-5.3847246,0.19071048498153687,0.968999981880188,0.41119998693466187
YNL275W,YLR301W,0,-5.3850517,0.19067296385765076,0.968999981880188,0.41130000352859497
YGL247W,YBR018C,0,-5.385467,0.19063545763492584,0.968999981880188,0.4113999903202057
YDR365C,YMR109W,0,-5.3857784,0.19059795141220093,0.968999981880188,0.4115000069141388
YLR038C,YPL058C,0,-5.386097,0.1905604749917984,0.968999981880188,0.4115999937057495
YPR134W,YOR086C,0,-5.3870087,0.19052299857139587,0.968999981880188,0.4117000102996826
YIL117C,YDR177W,0,-5.3875866,0.19048555195331573,0.968999981880188,0.41179999709129333
YCL025C,YCR024C-A,0,-5.3877306,0.1904481202363968,0.968999981880188,0.41190001368522644
YHL034C,YPR095C,0,-5.3880596,0.19041068851947784,0.968999981880188,0.41200000047683716
YPR001W,YER042W,0,-5.388239,0.1903732866048813,0.968999981880188,0.4120999872684479
YGR206W,YJL148W,0,-5.38836,0.19033588469028473,0.968999981880188,0.412200003862381
YCR107W,YOR197W,0,-5.388637,0.19029851257801056,0.968999981880188,0.4122999906539917
YHR066W,YJR044C,0,-5.3888826,0.1902611404657364,0.968999981880188,0.4124000072479248
YDL164C,YPR055W,0,-5.390298,0.1902237981557846,0.968999981880188,0.4124999940395355
YDL126C,YNL290W,0,-5.3907776,0.19018645584583282,0.968999981880188,0.41260001063346863
YLR133W,YBR066C,0,-5.3913717,0.19014914333820343,0.968999981880188,0.41269999742507935
YPR026W,YPL011C,0,-5.392428,0.19011183083057404,0.968999981880188,0.41280001401901245
YCR066W,YDR353W,0,-5.392785,0.19007453322410583,0.968999981880188,0.41290000081062317
YKR083C,YGR279C,0,-5.393653,0.19003726541996002,0.968999981880188,0.4129999876022339
YDR227W,YMR223W,0,-5.3939347,0.1899999976158142,0.968999981880188,0.413100004196167
YLR133W,YMR133W,0,-5.394888,0.18996275961399078,0.968999981880188,0.4131999909877777
YER044C,YJL151C,0,-5.394933,0.18992552161216736,0.968999981880188,0.4133000075817108
YHR053C,YNR003C,0,-5.395249,0.18988829851150513,0.968999981880188,0.41339999437332153
YLR081W,YGL172W,0,-5.395484,0.1898510903120041,0.968999981880188,0.41350001096725464
YER171W,YLR275W,0,-5.3965893,0.18981391191482544,0.968999981880188,0.41359999775886536
YPR192W,YHR017W,0,-5.3972015,0.1897767335176468,0.968999981880188,0.41370001435279846
YGR189C,YDR128W,0,-5.3983445,0.18973957002162933,0.968999981880188,0.4138000011444092
YEL026W,YGR144W,0,-5.400354,0.18970242142677307,0.968999981880188,0.4138999879360199
YBR070C,YBR109C,0,-5.4012327,0.1896653026342392,0.968999981880188,0.414000004529953
YBR253W,YJR054W,0,-5.4015775,0.18962818384170532,0.968999981880188,0.4140999913215637
YIL078W,YLR467W,0,-5.402551,0.18959107995033264,0.968999981880188,0.4142000079154968
YAL040C,YJR140C,0,-5.4032135,0.18955399096012115,0.968999981880188,0.41429999470710754
YGR254W,YIR033W,0,-5.4032474,0.18951691687107086,0.968999981880188,0.41440001130104065
YDL067C,YLR453C,0,-5.4042377,0.18947985768318176,0.968999981880188,0.41449999809265137
YGL017W,YKL009W,0,-5.4043894,0.18944281339645386,0.968999981880188,0.4146000146865845
YOL062C,YMR233W,0,-5.4050007,0.18940578401088715,0.968999981880188,0.4147000014781952
YML130C,YDR306C,0,-5.405224,0.18936876952648163,0.968999981880188,0.4147999882698059
YIL049W,YBL006C,0,-5.4055777,0.1893317699432373,0.968999981880188,0.414900004863739
YJL194W,YBL058W,0,-5.4056473,0.18929478526115417,0.968999981880188,0.41499999165534973
YKR083C,YCR066W,0,-5.40641,0.18925781548023224,0.968999981880188,0.41510000824928284
YBR131W,YER107C,0,-5.4067993,0.1892208606004715,0.968999981880188,0.41519999504089355
YJL111W,YOL068C,0,-5.4075546,0.18918390572071075,0.968999981880188,0.41530001163482666
YKR058W,YPL174C,0,-5.4082603,0.1891469806432724,0.968999981880188,0.4153999984264374
YER168C,YJL025W,0,-5.408894,0.18911007046699524,0.968999981880188,0.4154999852180481
YJL033W,YPL126W,0,-5.408947,0.18907317519187927,0.968999981880188,0.4156000018119812
YBR301W,YJL151C,0,-5.409752,0.1890362799167633,0.968999981880188,0.4156999886035919
YGL181W,YGR268C,0,-5.411631,0.18899941444396973,0.968999981880188,0.415800005197525
YDL222C,YDL043C,0,-5.4123373,0.18896256387233734,0.968999981880188,0.41589999198913574
YGR282C,YNL133C,0,-5.4125023,0.18892571330070496,0.968999981880188,0.41600000858306885
YJL014W,YML067C,0,-5.4135027,0.18888889253139496,0.968999981880188,0.41609999537467957
YDR228C,YBR083W,0,-5.413661,0.18885207176208496,0.968999981880188,0.41620001196861267
YMR024W,YNL311C,1,-5.4150352,0.1890101283788681,0.9700000286102295,0.41620001196861267
YDR204W,YPL129W,0,-5.4161263,0.1889733076095581,0.9700000286102295,0.4162999987602234
YAR019C,YBL016W,0,-5.4161406,0.1889365017414093,0.9700000286102295,0.4163999855518341
YLR100W,YDR217C,0,-5.4171457,0.1888997107744217,0.9700000286102295,0.4165000021457672
YER170W,YOR039W,0,-5.417468,0.18886293470859528,0.9700000286102295,0.41659998893737793
YER126C,YMR233W,0,-5.4184647,0.18882615864276886,0.9700000286102295,0.41670000553131104
YDR263C,YJL090C,0,-5.4186897,0.18878941237926483,0.9700000286102295,0.41679999232292175
YJR161C,YIL019W,0,-5.4207897,0.188752681016922,0.9700000286102295,0.41690000891685486
YJL013C,YFR031C,0,-5.422949,0.18871594965457916,0.9700000286102295,0.4169999957084656
YHR099W,YDR120C,0,-5.4229727,0.18867924809455872,0.9700000286102295,0.4171000123023987
YDR079W,YLL013C,0,-5.4235735,0.18864254653453827,0.9700000286102295,0.4171999990940094
YGL223C,YMR290C,0,-5.424032,0.1886058747768402,0.9700000286102295,0.4172999858856201
YBL006C,YNL138W,0,-5.4250436,0.18856920301914215,0.9700000286102295,0.4174000024795532
YOR065W,YDL101C,0,-5.425173,0.18853256106376648,0.9700000286102295,0.41749998927116394
YOR306C,YPL283C,0,-5.42555,0.1884959191083908,0.9700000286102295,0.41760000586509705
YBR015C,YHR079C-B,0,-5.426036,0.18845929205417633,0.9700000286102295,0.41769999265670776
YIR034C,YBL103C,0,-5.426915,0.18842269480228424,0.9700000286102295,0.41780000925064087
YPR167C,YHR206W,0,-5.427694,0.18838609755039215,0.9700000286102295,0.4178999960422516
YLR384C,YDR137W,0,-5.428136,0.18834951519966125,0.9700000286102295,0.4180000126361847
YIL049W,YCL017C,0,-5.428916,0.18831294775009155,0.9700000286102295,0.4180999994277954
YJR006W,YDL039C,0,-5.429223,0.18827639520168304,0.9700000286102295,0.41819998621940613
YMR318C,YML059C,0,-5.429235,0.18823985755443573,0.9700000286102295,0.41830000281333923
YKR048C,YPR065W,0,-5.430031,0.1882033348083496,0.9700000286102295,0.41839998960494995
YDR527W,YCL045C,0,-5.430082,0.18816682696342468,0.9700000286102295,0.41850000619888306
YDR087C,YFR031C,0,-5.4307194,0.18813033401966095,0.9700000286102295,0.4185999929904938
YDR516C,YGL120C,0,-5.4307547,0.1880938559770584,0.9700000286102295,0.4187000095844269
YBL078C,YKL191W,0,-5.4309006,0.18805739283561707,0.9700000286102295,0.4187999963760376
YDR062W,YOL064C,0,-5.4310007,0.18802092969417572,0.9700000286102295,0.4189000129699707
YGL183C,YIL013C,0,-5.431817,0.18798449635505676,0.9700000286102295,0.4189999997615814
YJR097W,YFR052W,0,-5.4319873,0.187948077917099,0.9700000286102295,0.41909998655319214
YER159C,YFL029C,0,-5.434539,0.18791165947914124,0.9700000286102295,0.41920000314712524
YOL044W,YBL018C,0,-5.4351206,0.18787527084350586,0.9700000286102295,0.41929998993873596
YBR034C,YOR115C,0,-5.4355392,0.18783888220787048,0.9700000286102295,0.41940000653266907
YBR135W,YGL120C,0,-5.4358625,0.1878025233745575,0.9700000286102295,0.4194999933242798
YJL203W,YDR451C,0,-5.435957,0.1877661645412445,0.9700000286102295,0.4196000099182129
YDL215C,YBR298C,0,-5.437145,0.1877298206090927,0.9700000286102295,0.4196999967098236
YNL048W,YGR057C,0,-5.4378386,0.1876934915781021,0.9700000286102295,0.4198000133037567
YIL145C,YMR053C,0,-5.4378905,0.1876571923494339,0.9700000286102295,0.41990000009536743
YDR052C,YPL210C,0,-5.438362,0.18762089312076569,0.9700000286102295,0.41999998688697815
YDR508C,YBL017C,0,-5.439494,0.18758460879325867,0.9700000286102295,0.42010000348091125
YDR483W,YML005W,0,-5.4402914,0.18754833936691284,0.9700000286102295,0.420199990272522
YNL059C,YLR337C,0,-5.441384,0.1875120848417282,0.9700000286102295,0.4203000068664551
YGL040C,YNL267W,0,-5.4416037,0.18747584521770477,0.9700000286102295,0.4203999936580658
YMR228W,YGL120C,0,-5.441787,0.18743962049484253,0.9700000286102295,0.4205000102519989
YOR188W,YDR208W,0,-5.442116,0.18740339577198029,0.9700000286102295,0.4205999970436096
YLL018C-A,YLR386W,0,-5.4425173,0.18736720085144043,0.9700000286102295,0.4207000136375427
YOL065C,YDL210W,0,-5.4426055,0.18733102083206177,0.9700000286102295,0.42080000042915344
YNL014W,YNL208W,1,-5.443013,0.18748793005943298,0.9710000157356262,0.42080000042915344
YBR070C,YKL120W,0,-5.4440536,0.18745173513889313,0.9710000157356262,0.42089998722076416
YOR122C,YPL106C,0,-5.444529,0.18741555511951447,0.9710000157356262,0.42100000381469727
YNR046W,YDR353W,0,-5.444843,0.187379390001297,0.9710000157356262,0.421099990606308
YBR213W,YBR083W,0,-5.4448495,0.18734323978424072,0.9710000157356262,0.4212000072002411
YOR211C,YOR329C,0,-5.445303,0.18730710446834564,0.9710000157356262,0.4212999939918518
YHL022C,YPL234C,0,-5.4454494,0.18727096915245056,0.9710000157356262,0.4214000105857849
YFL003C,YDR404C,0,-5.4454966,0.18723486363887787,0.9710000157356262,0.42149999737739563
YNL183C,YNL003C,0,-5.445938,0.18719877302646637,0.9710000157356262,0.42160001397132874
YOL026C,YER154W,0,-5.446107,0.18716268241405487,0.9710000157356262,0.42170000076293945
YOL070C,YPL183W-A,1,-5.4461384,0.1873193234205246,0.972000002861023,0.42170000076293945
YMR261C,YNL093W,0,-5.447113,0.1872832328081131,0.972000002861023,0.42179998755455017
YJR069C,YPR033C,0,-5.447201,0.1872471570968628,0.972000002861023,0.4219000041484833
YLR103C,YER044C,0,-5.4477787,0.18721109628677368,0.972000002861023,0.421999990940094
YMR036C,YHR179W,0,-5.44818,0.18717505037784576,0.972000002861023,0.4221000075340271
YNL029C,YJL056C,0,-5.448313,0.18713900446891785,0.972000002861023,0.4221999943256378
YER004W,YHR073W,0,-5.4483976,0.18710298836231232,0.972000002861023,0.4223000109195709
YHR128W,YKL058W,0,-5.448988,0.1870669722557068,0.972000002861023,0.42239999771118164
YPR110C,YML005W,0,-5.4497786,0.18703098595142365,0.972000002861023,0.42250001430511475
YLR429W,YDR076W,0,-5.450081,0.1869949996471405,0.972000002861023,0.42260000109672546
YMR135C,YMR037C,0,-5.450142,0.18695902824401855,0.972000002861023,0.4226999878883362
YBL103C,YPL234C,0,-5.450195,0.1869230717420578,0.972000002861023,0.4228000044822693
YPL193W,YKL178C,0,-5.4505205,0.18688713014125824,0.972000002861023,0.42289999127388
YMR075W,YLR005W,0,-5.451029,0.18685121834278107,0.972000002861023,0.4230000078678131
YBR004C,YBR166C,0,-5.4521513,0.1868152916431427,0.972000002861023,0.42309999465942383
YLR431C,YIL121W,0,-5.452255,0.18677939474582672,0.972000002861023,0.42320001125335693
YFL045C,YIL068C,0,-5.4538784,0.18674351274967194,0.972000002861023,0.42329999804496765
YPL146C,YMR201C,0,-5.454193,0.18670764565467834,0.972000002861023,0.42340001463890076
YGR055W,YFR031C,0,-5.4547853,0.18667179346084595,0.972000002861023,0.4235000014305115
YCR068W,YMR128W,0,-5.4551497,0.18663594126701355,0.972000002861023,0.4235999882221222
YDL171C,YPL232W,0,-5.4556713,0.18660011887550354,0.972000002861023,0.4237000048160553
YDL099W,YJL010C,0,-5.455684,0.18656429648399353,0.972000002861023,0.423799991607666
YLL015W,YLL013C,0,-5.456619,0.1865285038948059,0.972000002861023,0.4239000082015991
YPL051W,YDL074C,0,-5.4567184,0.1864927113056183,0.972000002861023,0.42399999499320984
YDL208W,YHR063C,0,-5.4569144,0.18645693361759186,0.972000002861023,0.42410001158714294
YAL056W,YFL003C,0,-5.4573727,0.18642117083072662,0.972000002861023,0.42419999837875366
YIL142W,YER105C,0,-5.4579077,0.18638542294502258,0.972000002861023,0.4242999851703644
YGR282C,YDR279W,0,-5.4579325,0.18634968996047974,0.972000002861023,0.4244000017642975
YOL042W,YMR283C,0,-5.458983,0.18631397187709808,0.972000002861023,0.4244999885559082
YMR316W,YPL098C,0,-5.4590783,0.18627826869487762,0.972000002861023,0.4246000051498413
YPR189W,YMR134W,0,-5.4592476,0.18624258041381836,0.972000002861023,0.424699991941452
YDR211W,YDL085W,0,-5.4596977,0.1862068921327591,0.972000002861023,0.42480000853538513
YLR092W,YCR083W,0,-5.4617224,0.18617123365402222,0.972000002861023,0.42489999532699585
YMR301C,YMR052W,0,-5.462227,0.18613557517528534,0.972000002861023,0.42500001192092896
YJR097W,YLR292C,0,-5.462928,0.18609994649887085,0.972000002861023,0.4250999987125397
YMR035W,YDR013W,0,-5.4635506,0.18606431782245636,0.972000002861023,0.4251999855041504
YDL222C,YLL012W,0,-5.463767,0.18602870404720306,0.972000002861023,0.4253000020980835
YML116W,YLR042C,0,-5.4639096,0.18599310517311096,0.972000002861023,0.4253999888896942
YJR161C,YOL018C,0,-5.465749,0.18595752120018005,0.972000002861023,0.4255000054836273
YBL084C,YEL021W,0,-5.465784,0.18592195212841034,0.972000002861023,0.42559999227523804
YHR129C,YJL212C,0,-5.4667883,0.18588639795780182,0.972000002861023,0.42570000886917114
YDR446W,YOR103C,0,-5.4672246,0.1858508586883545,0.972000002861023,0.42579999566078186
YOL042W,YOR348C,0,-5.4673147,0.18581533432006836,0.972000002861023,0.42590001225471497
YKL150W,YGL122C,0,-5.4677753,0.18577980995178223,0.972000002861023,0.4259999990463257
YCR017C,YDR260C,0,-5.467906,0.18574431538581848,0.972000002861023,0.4260999858379364
YNL230C,YDR178W,0,-5.4679174,0.18570882081985474,0.972000002861023,0.4262000024318695
YDR492W,YOR086C,0,-5.4679794,0.18567335605621338,0.972000002861023,0.4262999892234802
YKL009W,YCR036W,0,-5.468276,0.18563789129257202,0.972000002861023,0.42640000581741333
YCR040W,YDR050C,0,-5.4686356,0.18560244143009186,0.972000002861023,0.42649999260902405
YNR030W,YDR050C,0,-5.469301,0.1855670064687729,0.972000002861023,0.42660000920295715
YJL221C,YMR131C,0,-5.47101,0.1855315864086151,0.972000002861023,0.42669999599456787
YLR074C,YKR055W,0,-5.4714026,0.18549618124961853,0.972000002861023,0.426800012588501
YOR025W,YJL204C,0,-5.472415,0.18546079099178314,0.972000002861023,0.4268999993801117
YHL040C,YDL003W,0,-5.472658,0.18542541563510895,0.972000002861023,0.4269999861717224
YLR155C,YKR081C,0,-5.4730268,0.18539004027843475,0.972000002861023,0.4271000027656555
YBR039W,YBR198C,0,-5.4733,0.18535469472408295,0.972000002861023,0.42719998955726624
YJL111W,YFR041C,0,-5.4735346,0.18531934916973114,0.972000002861023,0.42730000615119934
YHR194W,YNL257C,0,-5.474143,0.18528401851654053,0.972000002861023,0.42739999294281006
YGL001C,YEL065W,0,-5.474599,0.1852487176656723,0.972000002861023,0.42750000953674316
YJL157C,YEL059C-A,0,-5.474747,0.18521341681480408,0.972000002861023,0.4275999963283539
YKL038W,YPL019C,0,-5.4750566,0.18517813086509705,0.972000002861023,0.427700012922287
YNR057C,YLR117C,0,-5.475067,0.1851428598165512,0.972000002861023,0.4277999997138977
YJR033C,YOR230W,0,-5.4751806,0.18510760366916656,0.972000002861023,0.4278999865055084
YGR227W,YDR334W,0,-5.4753704,0.18507234752178192,0.972000002861023,0.42800000309944153
YMR009W,YNL257C,0,-5.475524,0.18503712117671967,0.972000002861023,0.42809998989105225
YDL154W,YGL039W,0,-5.4770145,0.1850019097328186,0.972000002861023,0.42820000648498535
YJL014W,YER129W,0,-5.478179,0.18496669828891754,0.972000002861023,0.42829999327659607
YGR057C,YOR018W,0,-5.4785595,0.18493150174617767,0.972000002861023,0.4284000098705292
YAL056W,YBR017C,0,-5.4787083,0.1848963350057602,0.972000002861023,0.4284999966621399
YDL035C,YBR293W,0,-5.479773,0.1848611682653427,0.972000002861023,0.428600013256073
YDL198C,YNL240C,0,-5.479807,0.18482601642608643,0.972000002861023,0.4287000000476837
YER174C,YIL107C,0,-5.4802065,0.18479087948799133,0.972000002861023,0.42879998683929443
YJR063W,YFR010W,0,-5.480221,0.18475574254989624,0.972000002861023,0.42890000343322754
YMR016C,YPL236C,0,-5.481328,0.18472063541412354,0.972000002861023,0.42899999022483826
YDL217C,YDR381W,0,-5.482359,0.18468554317951202,0.972000002861023,0.42910000681877136
YDL090C,YPL045W,0,-5.4826355,0.1846504509449005,0.972000002861023,0.4291999936103821
YJL124C,YOL064C,0,-5.483678,0.1846153885126114,0.972000002861023,0.4293000102043152
YGR159C,YHR181W,0,-5.483974,0.18458032608032227,0.972000002861023,0.4293999969959259
YPR057W,YBR006W,0,-5.484098,0.18454527854919434,0.972000002861023,0.429500013589859
YPL181W,YLR335W,0,-5.484244,0.1845102459192276,0.972000002861023,0.4296000003814697
YGL104C,YLR262C,0,-5.484748,0.18447522819042206,0.972000002861023,0.42969998717308044
YGL178W,YDL077C,0,-5.4848084,0.1844402253627777,0.972000002861023,0.42980000376701355
YLL002W,YHR025W,0,-5.4849033,0.18440523743629456,0.972000002861023,0.42989999055862427
YAL060W,YCR028C-A,0,-5.48511,0.1843702644109726,0.972000002861023,0.4300000071525574
YNL009W,YDR452W,0,-5.4853296,0.18433529138565063,0.972000002861023,0.4300999939441681
YJR090C,YOR207C,0,-5.4877205,0.18430034816265106,0.972000002861023,0.4302000105381012
YOR061W,YLR329W,0,-5.4883103,0.1842654049396515,0.972000002861023,0.4302999973297119
YKL073W,YGL100W,0,-5.489256,0.1842304766178131,0.972000002861023,0.430400013923645
YPL151C,YKL038W,0,-5.489423,0.18419556319713593,0.972000002861023,0.43050000071525574
YDR019C,YKL110C,0,-5.48951,0.18416066467761993,0.972000002861023,0.43059998750686646
YDR198C,YLR360W,0,-5.4903765,0.18412578105926514,0.972000002861023,0.43070000410079956
YLR131C,YOR147W,0,-5.490405,0.18409091234207153,0.972000002861023,0.4307999908924103
YKL185W,YLR292C,0,-5.4908304,0.18405604362487793,0.972000002861023,0.4309000074863434
YLR360W,YOR272W,0,-5.4920263,0.1840212047100067,0.972000002861023,0.4309999942779541
YFL025C,YDL225W,0,-5.492437,0.1839863657951355,0.972000002861023,0.4311000108718872
YMR154C,YDR346C,0,-5.492574,0.18395155668258667,0.972000002861023,0.4311999976634979
YDL079C,YML052W,0,-5.492788,0.18391674757003784,0.972000002861023,0.43130001425743103
YJR131W,YDR398W,0,-5.4929104,0.1838819533586502,0.972000002861023,0.43140000104904175
YPL248C,YDL065C,0,-5.4931355,0.18384717404842377,0.972000002861023,0.43149998784065247
YPR067W,YNL003C,0,-5.493265,0.18381240963935852,0.972000002861023,0.43160000443458557
YMR198W,YER088C,0,-5.493784,0.18377764523029327,0.972000002861023,0.4316999912261963
YKL040C,YHR038W,0,-5.4938235,0.18374291062355042,0.972000002861023,0.4318000078201294
YDR383C,YJR095W,0,-5.4947357,0.18370819091796875,0.972000002861023,0.4318999946117401
YJL008C,YNL064C,0,-5.497602,0.18367347121238708,0.972000002861023,0.4320000112056732
YJR083C,YBR200W,0,-5.497632,0.1836387664079666,0.972000002861023,0.43209999799728394
YDL051W,YNL207W,0,-5.4977226,0.18360407650470734,0.972000002861023,0.43220001459121704
YJL214W,YGL233W,0,-5.497838,0.18356940150260925,0.972000002861023,0.43230000138282776
YLR324W,YDR156W,0,-5.499214,0.18353474140167236,0.972000002861023,0.4323999881744385
YDL168W,YHR008C,0,-5.499238,0.18350009620189667,0.972000002861023,0.4325000047683716
YER141W,YJR084W,0,-5.4997034,0.18346546590328217,0.972000002861023,0.4325999915599823
YLR228C,YPR184W,0,-5.499982,0.18343083560466766,0.972000002861023,0.4327000081539154
YML056C,YBR111W-A,0,-5.500466,0.18339622020721436,0.972000002861023,0.4327999949455261
YOR388C,YMR311C,0,-5.5005484,0.18336163461208344,0.972000002861023,0.43290001153945923
YKR058W,YIL101C,0,-5.500671,0.18332704901695251,0.972000002861023,0.43299999833106995
YGL017W,YGL089C,0,-5.5020294,0.1832924783229828,0.972000002861023,0.43309998512268066
YDR399W,YGR180C,0,-5.502344,0.18325792253017426,0.972000002861023,0.43320000171661377
YGL190C,YLR148W,0,-5.502802,0.18322336673736572,0.972000002861023,0.4332999885082245
YOR250C,YDL135C,0,-5.5029955,0.18318884074687958,0.972000002861023,0.4334000051021576
YGR124W,YJR019C,0,-5.504391,0.18315432965755463,0.972000002861023,0.4334999918937683
YPL026C,YDL052C,0,-5.5045714,0.18311981856822968,0.972000002861023,0.4336000084877014
YOR374W,YOR069W,0,-5.5056024,0.18308532238006592,0.972000002861023,0.43369999527931213
YLR136C,YLR193C,0,-5.5058646,0.18305084109306335,0.972000002861023,0.43380001187324524
YOL152W,YOR168W,0,-5.5059137,0.18301637470722198,0.972000002861023,0.43389999866485596
YLR131C,YNL214W,0,-5.5062275,0.1829819232225418,0.972000002861023,0.4339999854564667
YAL058W,YOL028C,0,-5.5071692,0.18294748663902283,0.972000002861023,0.4341000020503998
YER176W,YOR306C,0,-5.5071716,0.18291306495666504,0.972000002861023,0.4341999888420105
YER004W,YOR110W,0,-5.5075417,0.18287864327430725,0.972000002861023,0.4343000054359436
YOL067C,YLL028W,0,-5.508346,0.18284423649311066,0.972000002861023,0.4343999922275543
YFR046C,YDL140C,0,-5.50874,0.18280985951423645,0.972000002861023,0.4345000088214874
YCL027C-A,YIL014W,0,-5.5087633,0.18277548253536224,0.972000002861023,0.43459999561309814
YLL055W,YPR024W,0,-5.5098934,0.18274112045764923,0.972000002861023,0.43470001220703125
YKL060C,YJR036C,0,-5.5101013,0.1827067732810974,0.972000002861023,0.43479999899864197
YMR021C,YCR057C,0,-5.510106,0.1826724261045456,0.972000002861023,0.4348999857902527
YGL155W,YPL083C,0,-5.511338,0.18263810873031616,0.972000002861023,0.4350000023841858
YNR038W,YIL085C,0,-5.5117316,0.18260379135608673,0.972000002861023,0.4350999891757965
YML074C,YDL059C,0,-5.513376,0.1825695037841797,0.972000002861023,0.4352000057697296
YPL032C,YJL087C,0,-5.513775,0.18253521621227264,0.972000002861023,0.43529999256134033
YCR048W,YMR268C,0,-5.5147457,0.1825009435415268,0.972000002861023,0.43540000915527344
YPL227C,YBR058C,0,-5.5154862,0.18246668577194214,0.972000002861023,0.43549999594688416
YMR213W,YFL031W,0,-5.51565,0.18243242800235748,0.972000002861023,0.43560001254081726
YGR213C,YDR523C,0,-5.5172434,0.18239820003509521,0.972000002861023,0.435699999332428
YLR060W,YLR013W,0,-5.518449,0.18236397206783295,0.972000002861023,0.4357999861240387
YBR102C,YER161C,0,-5.5186324,0.18232977390289307,0.972000002861023,0.4359000027179718
YDL214C,YKR025W,0,-5.5186424,0.18229557573795319,0.972000002861023,0.4359999895095825
YLR238W,YNL090W,0,-5.5186615,0.1822613924741745,0.972000002861023,0.4361000061035156
YNL291C,YNL282W,0,-5.5187645,0.182227224111557,0.972000002861023,0.43619999289512634
YBR060C,YLR373C,0,-5.5196114,0.1821930706501007,0.972000002861023,0.43630000948905945
YMR025W,YMR146C,0,-5.5201645,0.1821589171886444,0.972000002861023,0.43639999628067017
YMR052W,YOR254C,0,-5.520858,0.1821247935295105,0.972000002861023,0.43650001287460327
YDL198C,YJL080C,0,-5.5216618,0.1820906698703766,0.972000002861023,0.436599999666214
YJR070C,YMR190C,0,-5.5224605,0.18205656111240387,0.972000002861023,0.4366999864578247
YMR276W,YBR100W,0,-5.523412,0.18202246725559235,0.972000002861023,0.4368000030517578
YCL057W,YOL142W,0,-5.523806,0.18198838829994202,0.972000002861023,0.43689998984336853
YLR314C,YDR497C,0,-5.52478,0.18195432424545288,0.972000002861023,0.43700000643730164
YBR179C,YBR014C,0,-5.525004,0.18192027509212494,0.972000002861023,0.43709999322891235
YOR067C,YPL051W,0,-5.526867,0.181886225938797,0.972000002861023,0.43720000982284546
YLR394W,YIL017W,0,-5.527085,0.18185219168663025,0.972000002861023,0.4372999966144562
YER170W,YGL153W,0,-5.52918,0.1818181872367859,0.972000002861023,0.4374000132083893
YEL009C,YOR338W,0,-5.529211,0.18178418278694153,0.972000002861023,0.4375
YNL192W,YPL045W,0,-5.5292425,0.18175019323825836,0.972000002861023,0.4375999867916107
YML062C,YBL017C,0,-5.5294933,0.1817162036895752,0.972000002861023,0.4377000033855438
YMR232W,YML033W,0,-5.529972,0.18168224394321442,0.972000002861023,0.43779999017715454
YDL095W,YMR016C,0,-5.5309396,0.18164828419685364,0.972000002861023,0.43790000677108765
YER040W,YGR101W,0,-5.531397,0.18161435425281525,0.972000002861023,0.43799999356269836
YJL125C,YBL023C,0,-5.5317163,0.18158042430877686,0.972000002861023,0.43810001015663147
YDR052C,YHR188C,0,-5.5318594,0.18154650926589966,0.972000002861023,0.4381999969482422
YGL181W,YJL212C,0,-5.531918,0.18151260912418365,0.972000002861023,0.4383000135421753
YOR274W,YDR463W,0,-5.532232,0.18147870898246765,0.972000002861023,0.438400000333786
YGL090W,YGL048C,0,-5.532759,0.18144483864307404,0.972000002861023,0.43849998712539673
YDR472W,YOR270C,0,-5.5334272,0.18141096830368042,0.972000002861023,0.43860000371932983
YOR018W,YML114C,0,-5.5336504,0.1813771277666092,0.972000002861023,0.43869999051094055
YOR067C,YNR049C,0,-5.5338125,0.18134328722953796,0.972000002861023,0.43880000710487366
YDL155W,YDR451C,0,-5.5341673,0.18130946159362793,0.972000002861023,0.4388999938964844
YOR061W,YGR030C,0,-5.534232,0.1812756508588791,0.972000002861023,0.4390000104904175
YDL168W,YGR195W,0,-5.5347257,0.18124184012413025,0.972000002861023,0.4390999972820282
YMR256C,YCL026C-A,0,-5.5352507,0.1812080591917038,0.972000002861023,0.4392000138759613
YFR041C,YFL026W,0,-5.535449,0.18117427825927734,0.972000002861023,0.439300000667572
YDR508C,YHR167W,0,-5.5360646,0.18114051222801208,0.972000002861023,0.43939998745918274
YOR173W,YMR298W,0,-5.536103,0.18110676109790802,0.972000002861023,0.43950000405311584
YDR538W,YOL019W,0,-5.536127,0.18107302486896515,0.972000002861023,0.43959999084472656
YNR038W,YCR029C-A,0,-5.5363073,0.18103930354118347,0.972000002861023,0.43970000743865967
YKL021C,YEL055C,0,-5.5366426,0.1810055822134018,0.972000002861023,0.4397999942302704
YDR047W,YOR157C,0,-5.5369062,0.1809718906879425,0.972000002861023,0.4399000108242035
YML057W,YPR105C,0,-5.5381846,0.18093819916248322,0.972000002861023,0.4399999976158142
YGR087C,YHR079C-B,0,-5.538457,0.18090452253818512,0.972000002861023,0.4401000142097473
YKL152C,YCL059C,0,-5.540432,0.18087086081504822,0.972000002861023,0.44020000100135803
YGR004W,YPL072W,0,-5.5424433,0.1808372139930725,0.972000002861023,0.44029998779296875
YJR158W,YDR323C,0,-5.54249,0.1808035671710968,0.972000002861023,0.44040000438690186
YER086W,YER153C,0,-5.5427055,0.18076995015144348,0.972000002861023,0.4404999911785126
YPL119C,YDR081C,0,-5.5429783,0.18073633313179016,0.972000002861023,0.4406000077724457
YCR063W,YGR009C,0,-5.5430436,0.18070273101329803,0.972000002861023,0.4406999945640564
YKL058W,YKR050W,0,-5.5441694,0.1806691437959671,0.972000002861023,0.4408000111579895
YNL161W,YJL093C,0,-5.5444336,0.18063557147979736,0.972000002861023,0.4408999979496002
YLL031C,YER129W,0,-5.5449753,0.18060201406478882,0.972000002861023,0.4410000145435333
YLL001W,YOR322C,0,-5.545186,0.18056845664978027,0.972000002861023,0.44110000133514404
YPL125W,YMR297W,0,-5.5455084,0.18053491413593292,0.972000002861023,0.44119998812675476
YNL214W,YPL065W,0,-5.546158,0.18050138652324677,0.972000002861023,0.44130000472068787
YDL006W,YOR247W,0,-5.547133,0.1804678738117218,0.972000002861023,0.4413999915122986
YPR051W,YIL156W,0,-5.5480504,0.18043437600135803,0.972000002861023,0.4415000081062317
YIL020C,YLR166C,0,-5.5485163,0.18040089309215546,0.972000002861023,0.4415999948978424
YDR123C,YIL066C,0,-5.549636,0.18036741018295288,0.972000002861023,0.4417000114917755
YDR320C-A,YDL115C,0,-5.5500917,0.1803339570760727,0.972000002861023,0.44179999828338623
YMR023C,YDR128W,0,-5.5506487,0.1803005039691925,0.972000002861023,0.44190001487731934
YDR315C,YLR385C,0,-5.552843,0.1802670657634735,0.972000002861023,0.44200000166893005
YCR094W,YGL067W,0,-5.5528536,0.1802336424589157,0.972000002861023,0.44209998846054077
YLR027C,YBL002W,0,-5.553175,0.1802002191543579,0.972000002861023,0.4422000050544739
YDL204W,YOR273C,0,-5.5531893,0.1801668256521225,0.972000002861023,0.4422999918460846
YCR014C,YDR050C,0,-5.5533066,0.18013343214988708,0.972000002861023,0.4424000084400177
YLR103C,YNL308C,0,-5.5535727,0.18010005354881287,0.972000002861023,0.4424999952316284
YOL143C,YLR410W,0,-5.5541034,0.18006668984889984,0.972000002861023,0.4426000118255615
YBR176W,YJL026W,0,-5.5560026,0.180033341050148,0.972000002861023,0.44269999861717224
YDR147W,YJL011C,0,-5.5563707,0.18000000715255737,0.972000002861023,0.44279998540878296
YLL006W,YGR082W,0,-5.557807,0.17996667325496674,0.972000002861023,0.44290000200271606
YGL191W,YLR268W,0,-5.5587354,0.1799333542585373,0.972000002861023,0.4429999887943268
YLR359W,YLR113W,0,-5.559046,0.17990005016326904,0.972000002861023,0.4431000053882599
YMR255W,YBR066C,0,-5.5595117,0.179866760969162,0.972000002861023,0.4431999921798706
YJR158W,YNL160W,0,-5.5596504,0.17983348667621613,0.972000002861023,0.4433000087738037
YGR166W,YLR237W,0,-5.559674,0.17980022728443146,0.972000002861023,0.44339999556541443
YDL178W,YPL221W,0,-5.559975,0.1797669678926468,0.972000002861023,0.44350001215934753
YML129C,YKL138C-A,0,-5.560276,0.17973372340202332,0.972000002861023,0.44359999895095825
YGR030C,YOR187W,0,-5.560748,0.17970049381256104,0.972000002861023,0.44369998574256897
YGL153W,YPR139C,0,-5.561581,0.17966727912425995,0.972000002861023,0.4438000023365021
YBR260C,YOR367W,0,-5.5627627,0.17963407933712006,0.972000002861023,0.4438999891281128
YBR110W,YLR427W,0,-5.5628977,0.17960087954998016,0.972000002861023,0.4440000057220459
YML072C,YPR003C,0,-5.563573,0.17956770956516266,0.972000002861023,0.4440999925136566
YGR008C,YGR211W,0,-5.564515,0.17953453958034515,0.972000002861023,0.4442000091075897
YHR116W,YHR115C,0,-5.5647955,0.17950138449668884,0.972000002861023,0.44429999589920044
YNL227C,YJL213W,1,-5.56481,0.1796528846025467,0.9729999899864197,0.44429999589920044
YNL163C,YOR273C,0,-5.564827,0.1796197146177292,0.9729999899864197,0.44440001249313354
YNL014W,YKR096W,1,-5.565448,0.17977114021778107,0.9739999771118164,0.44440001249313354
YKL217W,YNL110C,0,-5.565808,0.17973795533180237,0.9739999771118164,0.44449999928474426
YKL054C,YDL111C,0,-5.5660505,0.17970480024814606,0.9739999771118164,0.444599986076355
YIR022W,YLR086W,0,-5.566345,0.17967164516448975,0.9739999771118164,0.4447000026702881
YFR053C,YLR025W,0,-5.5667915,0.17963850498199463,0.9739999771118164,0.4447999894618988
YDR497C,YDR492W,0,-5.5686264,0.1796053797006607,0.9739999771118164,0.4449000060558319
YMR183C,YDR084C,0,-5.5701404,0.17957226932048798,0.9739999771118164,0.4449999928474426
YOL010W,YHR088W,0,-5.571224,0.17953917384147644,0.9739999771118164,0.44510000944137573
YMR042W,YDR388W,0,-5.5723805,0.1795060783624649,0.9739999771118164,0.44519999623298645
YDR364C,YLR324W,0,-5.5733337,0.17947301268577576,0.9739999771118164,0.44530001282691956
YDL213C,YOR224C,0,-5.5736327,0.1794399470090866,0.9739999771118164,0.4453999996185303
YKL152C,YDR399W,0,-5.5737123,0.17940689623355865,0.9739999771118164,0.445499986410141
YKL011C,YOL026C,0,-5.5747643,0.1793738454580307,0.9739999771118164,0.4456000030040741
YLR192C,YFR001W,0,-5.5750003,0.17934082448482513,0.9739999771118164,0.4456999897956848
YER073W,YGR159C,0,-5.5750237,0.17930780351161957,0.9739999771118164,0.4458000063896179
YDR317W,YBR084W,0,-5.5762815,0.1792747974395752,0.9739999771118164,0.44589999318122864
YIL103W,YDL066W,0,-5.576563,0.17924180626869202,0.9739999771118164,0.44600000977516174
YHR002W,YKL043W,0,-5.576926,0.17920882999897003,0.9739999771118164,0.44609999656677246
YBR035C,YGR091W,0,-5.5772443,0.17917586863040924,0.9739999771118164,0.44620001316070557
YMR030W,YLR020C,0,-5.5775566,0.17914290726184845,0.9739999771118164,0.4462999999523163
YDL185W,YGL104C,0,-5.578209,0.17910996079444885,0.9739999771118164,0.446399986743927
YOL010W,YPL085W,0,-5.5784206,0.17907702922821045,0.9739999771118164,0.4465000033378601
YLR399C,YNL154C,0,-5.578948,0.17904411256313324,0.9739999771118164,0.4465999901294708
YOL115W,YDR028C,0,-5.5789633,0.17901121079921722,0.9739999771118164,0.44670000672340393
YKL185W,YDR121W,0,-5.579161,0.1789783239364624,0.9739999771118164,0.44679999351501465
YMR268C,YOR367W,0,-5.5792627,0.17894543707370758,0.9739999771118164,0.44690001010894775
YLR109W,YMR022W,0,-5.5805717,0.17891256511211395,0.9739999771118164,0.44699999690055847
YNR030W,YJR041C,0,-5.5807137,0.17887970805168152,0.9739999771118164,0.4471000134944916
YML110C,YDL147W,0,-5.582608,0.17884686589241028,0.9739999771118164,0.4472000002861023
YGR252W,YDR496C,0,-5.5834208,0.17881402373313904,0.9739999771118164,0.447299987077713
YDL024C,YOL001W,0,-5.5853167,0.17878121137619019,0.9739999771118164,0.4474000036716461
YBR106W,YBR260C,0,-5.586045,0.17874839901924133,0.9739999771118164,0.44749999046325684
YBR208C,YMR053C,0,-5.586191,0.17871560156345367,0.9739999771118164,0.44760000705718994
YKL160W,YDR233C,0,-5.586831,0.17868280410766602,0.9739999771118164,0.44769999384880066
YBR110W,YOR247W,0,-5.5876665,0.17865003645420074,0.9739999771118164,0.44780001044273376
YNL322C,YDR073W,0,-5.589179,0.17861726880073547,0.9739999771118164,0.4478999972343445
YKL085W,YER044C-A,0,-5.5893583,0.1785845309495926,0.9739999771118164,0.4480000138282776
YDR180W,YOR270C,0,-5.5895567,0.1785517930984497,0.9739999771118164,0.4481000006198883
YBR168W,YDR235W,0,-5.58961,0.17851905524730682,0.9739999771118164,0.448199987411499
YBR085W,YNL027W,0,-5.589967,0.17848634719848633,0.9739999771118164,0.44830000400543213
YKL204W,YMR290C,0,-5.5919,0.17845363914966583,0.9739999771118164,0.44839999079704285
YNL290W,YHR181W,0,-5.592491,0.17842096090316772,0.9739999771118164,0.44850000739097595
YPR105C,YLR237W,0,-5.5928183,0.17838828265666962,0.9739999771118164,0.44859999418258667
YOR202W,YGL150C,0,-5.5929146,0.1783556193113327,0.9739999771118164,0.4487000107765198
YPL221W,YDR470C,0,-5.593748,0.1783229559659958,0.9739999771118164,0.4487999975681305
YJR076C,YML075C,0,-5.5937757,0.17829032242298126,0.9739999771118164,0.4489000141620636
YKL190W,YFR024C-A,0,-5.5942,0.17825768887996674,0.9739999771118164,0.4490000009536743
YER044C-A,YDL072C,0,-5.5942764,0.1782250702381134,0.9739999771118164,0.44909998774528503
YLR228C,YKL067W,0,-5.595102,0.17819246649742126,0.9739999771118164,0.44920000433921814
YBR222C,YJR033C,0,-5.595479,0.17815986275672913,0.9739999771118164,0.44929999113082886
YIL085C,YKL125W,0,-5.5958548,0.17812728881835938,0.9739999771118164,0.44940000772476196
YMR256C,YER083C,0,-5.5960927,0.17809471487998962,0.9739999771118164,0.4494999945163727
YKL206C,YGR179C,0,-5.5967474,0.17806215584278107,0.9739999771118164,0.4496000111103058
YPL040C,YBR100W,0,-5.597051,0.1780296117067337,0.9739999771118164,0.4496999979019165
YNR027W,YDR465C,0,-5.5987906,0.17799708247184753,0.9739999771118164,0.4498000144958496
YBR072W,YDR523C,0,-5.5993137,0.17796455323696136,0.9739999771118164,0.4499000012874603
YGR282C,YER122C,0,-5.600029,0.1779320389032364,0.9739999771118164,0.44999998807907104
YDR397C,YMR005W,0,-5.600093,0.1778995394706726,0.9739999771118164,0.45010000467300415
YDR408C,YJR041C,0,-5.600112,0.17786705493927002,0.9739999771118164,0.45019999146461487
YMR025W,YDL188C,0,-5.600308,0.17783458530902863,0.9739999771118164,0.450300008058548
YPL075W,YKR090W,0,-5.600316,0.17780211567878723,0.9739999771118164,0.4503999948501587
YCR039C,YBL075C,0,-5.6003513,0.17776966094970703,0.9739999771118164,0.4505000114440918
YOR074C,YGR048W,0,-5.6006074,0.17773722112178802,0.9739999771118164,0.4505999982357025
YLR032W,YDL180W,0,-5.601586,0.1777047961950302,0.9739999771118164,0.4507000148296356
YJL178C,YJR110W,0,-5.6022243,0.1776723861694336,0.9739999771118164,0.45080000162124634
YPL082C,YPL141C,0,-5.6026645,0.17763997614383698,0.9739999771118164,0.45089998841285706
YBR041W,YGL083W,0,-5.602957,0.17760758101940155,0.9739999771118164,0.45100000500679016
YMR038C,YHR172W,0,-5.6035385,0.17757520079612732,0.9739999771118164,0.4510999917984009
YBR021W,YDR451C,0,-5.603857,0.17754283547401428,0.9739999771118164,0.451200008392334
YHR026W,YBR069C,0,-5.604183,0.17751048505306244,0.9739999771118164,0.4512999951839447
YDR519W,YJR068W,0,-5.6042323,0.1774781346321106,0.9739999771118164,0.4514000117778778
YDL028C,YCR073C,0,-5.604824,0.17744579911231995,0.9739999771118164,0.4514999985694885
YDR265W,YDR297W,0,-5.6051645,0.1774134784936905,0.9739999771118164,0.45159998536109924
YNL257C,YJL054W,0,-5.6053824,0.17738117277622223,0.9739999771118164,0.45170000195503235
YML006C,YBR050C,0,-5.6070614,0.17734886705875397,0.9739999771118164,0.45179998874664307
YPR200C,YHL017W,0,-5.609228,0.1773165911436081,0.9739999771118164,0.45190000534057617
YHR211W,YDR027C,0,-5.60923,0.17728431522846222,0.9739999771118164,0.4519999921321869
YDL198C,YGL046W,0,-5.609569,0.17725205421447754,0.9739999771118164,0.45210000872612
YPL028W,YLR025W,0,-5.6103296,0.17721979320049286,0.9739999771118164,0.4521999955177307
YCR021C,YML032C,0,-5.6118164,0.17718756198883057,0.9739999771118164,0.4523000121116638
YDR142C,YLL041C,0,-5.611907,0.17715533077716827,0.9739999771118164,0.45239999890327454
YPL078C,YKR069W,0,-5.611924,0.17712311446666718,0.9739999771118164,0.45249998569488525
YMR213W,YCL024W,0,-5.6120543,0.17709091305732727,0.9739999771118164,0.45260000228881836
YGR088W,YDR003W,0,-5.61227,0.17705871164798737,0.9739999771118164,0.4526999890804291
YBR084W,YDR308C,0,-5.6129503,0.17702654004096985,0.9739999771118164,0.4528000056743622
YAL022C,YBR260C,0,-5.613277,0.17699436843395233,0.9739999771118164,0.4528999924659729
YDR140W,YOL019W,0,-5.614415,0.176962211728096,0.9739999771118164,0.453000009059906
YER012W,YDL036C,0,-5.614446,0.17693006992340088,0.9739999771118164,0.4530999958515167
YKL054C,YGR181W,0,-5.614828,0.17689792811870575,0.9739999771118164,0.45320001244544983
YCR037C,YLR187W,0,-5.614904,0.17686580121517181,0.9739999771118164,0.45329999923706055
YPL040C,YJL127C,0,-5.6151667,0.17683368921279907,0.9739999771118164,0.45339998602867126
YHR142W,YHR148W,0,-5.61551,0.17680159211158752,0.9739999771118164,0.45350000262260437
YLL042C,YOL115W,0,-5.615861,0.17676950991153717,0.9739999771118164,0.4535999894142151
YCL059C,YCR037C,0,-5.6160574,0.17673742771148682,0.9739999771118164,0.4537000060081482
YNR058W,YDL201W,0,-5.616742,0.17670537531375885,0.9739999771118164,0.4537999927997589
YLR028C,YLR011W,0,-5.6167665,0.17667332291603088,0.9739999771118164,0.453900009393692
YDR146C,YGR186W,0,-5.6171293,0.17664127051830292,0.9739999771118164,0.45399999618530273
YJR010C-A,YBR014C,0,-5.618766,0.17660924792289734,0.9739999771118164,0.45410001277923584
YIL044C,YLL002W,0,-5.6195564,0.17657722532749176,0.9739999771118164,0.45419999957084656
YGL048C,YEL002C,0,-5.6198535,0.17654521763324738,0.9739999771118164,0.4542999863624573
YMR015C,YMR298W,0,-5.624075,0.17651322484016418,0.9739999771118164,0.4544000029563904
YGL013C,YJL056C,0,-5.6244116,0.1764812469482422,0.9739999771118164,0.4544999897480011
YGR132C,YKL140W,0,-5.6248736,0.1764492690563202,0.9739999771118164,0.4546000063419342
YGL168W,YER150W,0,-5.6278906,0.17641732096672058,0.9739999771118164,0.4546999931335449
YGR295C,YIL017W,0,-5.627988,0.17638537287712097,0.9739999771118164,0.454800009727478
YML075C,YMR283C,0,-5.628273,0.17635342478752136,0.9739999771118164,0.45489999651908875
YBR162C,YOL102C,0,-5.62846,0.17632150650024414,0.9739999771118164,0.45500001311302185
YLR081W,YML069W,0,-5.6284895,0.17628958821296692,0.9739999771118164,0.45509999990463257
YNL148C,YOR159C,0,-5.6291656,0.1762576848268509,0.9739999771118164,0.4551999866962433
YHR171W,YPL280W,0,-5.629398,0.17622579634189606,0.9739999771118164,0.4553000032901764
YOL052C,YIL156W,0,-5.631031,0.17619392275810242,0.9739999771118164,0.4553999900817871
YMR192W,YGR199W,0,-5.6319013,0.17616204917430878,0.9739999771118164,0.4555000066757202
YBL023C,YPR167C,0,-5.633606,0.17613020539283752,0.9739999771118164,0.45559999346733093
YML126C,YAR042W,0,-5.6337237,0.17609836161136627,0.9739999771118164,0.45570001006126404
YEL032W,YBL010C,0,-5.6339393,0.17606651782989502,0.9739999771118164,0.45579999685287476
YOL066C,YMR243C,0,-5.6345396,0.17603470385074615,0.9739999771118164,0.45590001344680786
YBR065C,YJR143C,0,-5.6347017,0.1760028898715973,0.9739999771118164,0.4560000002384186
YOL143C,YHR149C,0,-5.63634,0.17597109079360962,0.9739999771118164,0.4560999870300293
YDL065C,YCL063W,0,-5.6366916,0.17593930661678314,0.9739999771118164,0.4562000036239624
YOL058W,YPL156C,0,-5.638422,0.17590753734111786,0.9739999771118164,0.4562999904155731
YNL085W,YDR308C,0,-5.6395006,0.17587576806545258,0.9739999771118164,0.4564000070095062
YGR124W,YKL012W,0,-5.639783,0.1758440136909485,0.9739999771118164,0.45649999380111694
YLR303W,YDR205W,0,-5.640711,0.1758122742176056,0.9739999771118164,0.45660001039505005
YBR107C,YGR081C,0,-5.641919,0.1757805496454239,0.9739999771118164,0.45669999718666077
YKR067W,YDR050C,0,-5.642417,0.1757488250732422,0.9739999771118164,0.45680001378059387
YNL148C,YML116W,0,-5.6424327,0.17571711540222168,0.9739999771118164,0.4569000005722046
YDL161W,YGR106C,0,-5.642998,0.17568542063236237,0.9739999771118164,0.4569999873638153
YKR080W,YOR160W,0,-5.643149,0.17565374076366425,0.9739999771118164,0.4571000039577484
YBR024W,YBR165W,0,-5.645011,0.17562207579612732,0.9739999771118164,0.45719999074935913
YEL063C,YAL051W,0,-5.6451645,0.1755904108285904,0.9739999771118164,0.45730000734329224
YDR108W,YLR090W,0,-5.6451864,0.17555876076221466,0.9739999771118164,0.45739999413490295
YMR110C,YNL292W,0,-5.645295,0.17552712559700012,0.9739999771118164,0.45750001072883606
YGL167C,YMR236W,0,-5.645792,0.17549549043178558,0.9739999771118164,0.4575999975204468
YPR031W,YKL127W,0,-5.6459856,0.17546388506889343,0.9739999771118164,0.4577000141143799
YML077W,YMR070W,0,-5.6466846,0.17543227970600128,0.9739999771118164,0.4578000009059906
YGR036C,YDR075W,0,-5.6471434,0.17540068924427032,0.9739999771118164,0.4578999876976013
YFL041W,YDR473C,0,-5.6477304,0.17536909878253937,0.9739999771118164,0.4580000042915344
YKL002W,YER147C,0,-5.649716,0.1753375381231308,0.9739999771118164,0.45809999108314514
YGR023W,YBR222C,0,-5.6500263,0.17530597746372223,0.9739999771118164,0.45820000767707825
YLR226W,YAL030W,0,-5.650317,0.17527443170547485,0.9739999771118164,0.45829999446868896
YNL191W,YDR074W,0,-5.6511526,0.17524288594722748,0.9739999771118164,0.45840001106262207
YKL148C,YNL160W,0,-5.651499,0.1752113699913025,0.9739999771118164,0.4584999978542328
YDR075W,YDL135C,0,-5.651737,0.1751798540353775,0.9739999771118164,0.4586000144481659
YJL079C,YFR006W,0,-5.6519575,0.1751483529806137,0.9739999771118164,0.4587000012397766
YKL184W,YGL059W,0,-5.651988,0.1751168668270111,0.9739999771118164,0.45879998803138733
YDR178W,YLR430W,0,-5.652533,0.1750853806734085,0.9739999771118164,0.45890000462532043
YKR087C,YMR077C,0,-5.653773,0.1750539243221283,0.9739999771118164,0.45899999141693115
YPL078C,YMR023C,0,-5.654069,0.17502246797084808,0.9739999771118164,0.45910000801086426
YML071C,YJL082W,0,-5.6540785,0.17499101161956787,0.9739999771118164,0.459199994802475
YOR239W,YPR110C,0,-5.6544104,0.17495958507061005,0.9739999771118164,0.4593000113964081
YDR339C,YLR096W,0,-5.654662,0.17492815852165222,0.9739999771118164,0.4593999981880188
YJL091C,YBR014C,0,-5.654779,0.1748967468738556,0.9739999771118164,0.4595000147819519
YLL013C,YNL163C,0,-5.654862,0.17486535012722015,0.9739999771118164,0.4596000015735626
YLR314C,YDL035C,0,-5.654983,0.1748339682817459,0.9739999771118164,0.45969998836517334
YCR081W,YHR181W,0,-5.655012,0.17480258643627167,0.9739999771118164,0.45980000495910645
YGR249W,YLR034C,0,-5.6552296,0.17477121949195862,0.9739999771118164,0.45989999175071716
YOL132W,YOR247W,0,-5.6560297,0.17473986744880676,0.9739999771118164,0.46000000834465027
YJL203W,YMR183C,0,-5.656601,0.1747085154056549,0.9739999771118164,0.460099995136261
YKL143W,YFR048W,0,-5.6578455,0.17467719316482544,0.9739999771118164,0.4602000117301941
YOL090W,YDL210W,0,-5.6592097,0.17464587092399597,0.9739999771118164,0.4602999985218048
YBR200W,YDL045C,0,-5.6593146,0.1746145635843277,0.9739999771118164,0.4603999853134155
YJR002W,YHR017W,0,-5.659806,0.17458325624465942,0.9739999771118164,0.46050000190734863
YPL096W,YBR088C,0,-5.6603994,0.17455197870731354,0.9739999771118164,0.46059998869895935
YIL121W,YOR116C,0,-5.6604114,0.17452070116996765,0.9739999771118164,0.46070000529289246
YPL231W,YHR215W,0,-5.660496,0.17448942363262177,0.9739999771118164,0.4607999920845032
YHR104W,YNL182C,0,-5.6606207,0.17445817589759827,0.9739999771118164,0.4609000086784363
YLR109W,YOR324C,0,-5.6606894,0.17442692816257477,0.9739999771118164,0.460999995470047
YAL007C,YOR290C,0,-5.6611366,0.17439569532871246,0.9739999771118164,0.4611000120639801
YGR057C,YPL011C,0,-5.661312,0.17436447739601135,0.9739999771118164,0.4611999988555908
YCL016C,YDR492W,0,-5.661721,0.17433327436447144,0.9739999771118164,0.46129998564720154
YAL023C,YGL066W,0,-5.6624136,0.17430207133293152,0.9739999771118164,0.46140000224113464
YGR227W,YGL126W,0,-5.6630974,0.1742708832025528,0.9739999771118164,0.46149998903274536
YNR041C,YOR123C,0,-5.663273,0.17423970997333527,0.9739999771118164,0.46160000562667847
YER030W,YGL142C,0,-5.66349,0.17420855164527893,0.9739999771118164,0.4616999924182892
YDL069C,YLR312W-A,1,-5.663637,0.17435622215270996,0.9750000238418579,0.4616999924182892
YMR135C,YML043C,0,-5.663674,0.17432504892349243,0.9750000238418579,0.4618000090122223
YER055C,YKL140W,0,-5.66409,0.1742938905954361,0.9750000238418579,0.461899995803833
YML125C,YOL146W,0,-5.664489,0.17426273226737976,0.9750000238418579,0.4620000123977661
YHR024C,YOL066C,0,-5.665782,0.17423158884048462,0.9750000238418579,0.46209999918937683
YDL049C,YPR016C,0,-5.665998,0.17420046031475067,0.9750000238418579,0.46219998598098755
YGR239C,YJR049C,0,-5.666046,0.17416934669017792,0.9750000238418579,0.46230000257492065
YDL154W,YMR133W,0,-5.667473,0.17413823306560516,0.9750000238418579,0.46239998936653137
YMR056C,YNR017W,0,-5.668666,0.1741071492433548,0.9750000238418579,0.4625000059604645
YFL022C,YBR125C,0,-5.6690598,0.17407605051994324,0.9750000238418579,0.4625999927520752
YDR512C,YDL230W,0,-5.669407,0.17404498159885406,0.9750000238418579,0.4627000093460083
YGL252C,YLR336C,0,-5.6701384,0.1740139275789261,0.9750000238418579,0.462799996137619
YPL123C,YGR245C,0,-5.6706295,0.1739828735589981,0.9750000238418579,0.4629000127315521
YDR270W,YAL030W,0,-5.671273,0.17395183444023132,0.9750000238418579,0.46299999952316284
YPL271W,YBR037C,0,-5.671762,0.17392079532146454,0.9750000238418579,0.46309998631477356
YOR155C,YLR195C,0,-5.6719875,0.17388978600502014,0.9750000238418579,0.46320000290870667
YPL181W,YFR002W,0,-5.6727734,0.17385877668857574,0.9750000238418579,0.4632999897003174
YMR117C,YEL012W,0,-5.6730843,0.17382778227329254,0.9750000238418579,0.4634000062942505
YDL130W-A,YOR010C,0,-5.673556,0.17379678785800934,0.9750000238418579,0.4634999930858612
YCR048W,YBR244W,0,-5.6750298,0.17376582324504852,0.9750000238418579,0.4636000096797943
YNL006W,YCR053W,0,-5.6752677,0.1737348586320877,0.9750000238418579,0.46369999647140503
YML067C,YCL011C,0,-5.6753116,0.17370390892028809,0.9750000238418579,0.46380001306533813
YML056C,YGL008C,0,-5.675787,0.17367295920848846,0.9750000238418579,0.46389999985694885
YPL271W,YLR093C,0,-5.67581,0.17364202439785004,0.9750000238418579,0.46399998664855957
YGL142C,YBR265W,0,-5.676466,0.1736111044883728,0.9750000238418579,0.4641000032424927
YGR249W,YOR209C,0,-5.676776,0.17358019948005676,0.9750000238418579,0.4641999900341034
YOR198C,YKR029C,0,-5.677507,0.17354930937290192,0.9750000238418579,0.4643000066280365
YKR055W,YDR392W,0,-5.6775208,0.17351841926574707,0.9750000238418579,0.4643999934196472
YGL252C,YLR086W,0,-5.6780434,0.17348754405975342,0.9750000238418579,0.4645000100135803
YNL280C,YKL035W,0,-5.679474,0.17345668375492096,0.9750000238418579,0.46459999680519104
YDR384C,YHL006C,0,-5.679497,0.1734258234500885,0.9750000238418579,0.46470001339912415
YGL168W,YJL164C,0,-5.6796484,0.17339497804641724,0.9750000238418579,0.46480000019073486
YER155C,YLR115W,0,-5.6799674,0.17336414754390717,0.9750000238418579,0.4648999869823456
YLR100W,YML043C,0,-5.679991,0.1733333319425583,0.9750000238418579,0.4650000035762787
YPR176C,YPL096W,0,-5.68031,0.1733025312423706,0.9750000238418579,0.4650999903678894
YIL079C,YBR018C,0,-5.6828814,0.17327173054218292,0.9750000238418579,0.4652000069618225
YLR233C,YLR386W,0,-5.6832457,0.17324094474315643,0.9750000238418579,0.4652999937534332
YOR311C,YGL004C,0,-5.683684,0.17321015894412994,0.9750000238418579,0.46540001034736633
YER069W,YHL034C,0,-5.684613,0.17317940294742584,0.9750000238418579,0.46549999713897705
YHL040C,YJR112W,0,-5.684696,0.17314864695072174,0.9750000238418579,0.46560001373291016
YBR088C,YDR489W,0,-5.68514,0.17311789095401764,0.9750000238418579,0.4657000005245209
YBR222C,YDR523C,0,-5.6852903,0.17308716475963593,0.9750000238418579,0.4657999873161316
YBL018C,YOL054W,0,-5.685762,0.1730564385652542,0.9750000238418579,0.4659000039100647
YPL271W,YBR095C,0,-5.686074,0.1730257272720337,0.9750000238418579,0.4659999907016754
YGR048W,YKL094W,0,-5.6868205,0.17299503087997437,0.9750000238418579,0.4661000072956085
YER133W,YMR095C,0,-5.688292,0.17296434938907623,0.9750000238418579,0.46619999408721924
YOR034C,YGR197C,0,-5.6888456,0.1729336678981781,0.9750000238418579,0.46630001068115234
YPR124W,YAL002W,0,-5.6891837,0.17290300130844116,0.9750000238418579,0.46639999747276306
YFR041C,YOL091W,0,-5.6894655,0.17287233471870422,0.9750000238418579,0.46650001406669617
YNL023C,YLR166C,0,-5.6902742,0.17284169793128967,0.9750000238418579,0.4666000008583069
YDL033C,YJL048C,0,-5.6904144,0.17281106114387512,0.9750000238418579,0.4666999876499176
YOL058W,YLR382C,0,-5.6908836,0.17278043925762177,0.9750000238418579,0.4668000042438507
YJL058C,YKL120W,0,-5.691154,0.1727498173713684,0.9750000238418579,0.4668999910354614
YOL132W,YOR076C,0,-5.6913314,0.17271922528743744,0.9750000238418579,0.46700000762939453
YOL130W,YOL058W,0,-5.691668,0.17268863320350647,0.9750000238418579,0.46709999442100525
YDL046W,YJL012C,0,-5.691764,0.1726580411195755,0.9750000238418579,0.46720001101493835
YMR167W,YBR055C,0,-5.691884,0.17262747883796692,0.9750000238418579,0.4672999978065491
YNR026C,YGL100W,0,-5.692374,0.17259691655635834,0.9750000238418579,0.4674000144004822
YOR074C,YDL117W,0,-5.6924896,0.17256636917591095,0.9750000238418579,0.4675000011920929
YCR105W,YDR363W-A,0,-5.693052,0.17253583669662476,0.9750000238418579,0.4675999879837036
YDL008W,YLR370C,0,-5.693412,0.17250530421733856,0.9750000238418579,0.4677000045776367
YOR256C,YKR020W,0,-5.6935444,0.17247478663921356,0.9750000238418579,0.46779999136924744
YEL011W,YKR038C,0,-5.6945577,0.17244428396224976,0.9750000238418579,0.46790000796318054
YGR120C,YJR131W,0,-5.6958075,0.17241379618644714,0.9750000238418579,0.46799999475479126
YHR216W,YHL022C,0,-5.695858,0.17238330841064453,0.9750000238418579,0.46810001134872437
YBR182C,YNL253W,0,-5.696018,0.1723528355360031,0.9750000238418579,0.4681999981403351
YMR303C,YDR312W,0,-5.6960382,0.1723223775625229,0.9750000238418579,0.4683000147342682
YNL172W,YGR159C,0,-5.6965704,0.17229191958904266,0.9750000238418579,0.4684000015258789
YDR030C,YOR327C,0,-5.6968102,0.17226149141788483,0.9750000238418579,0.4684999883174896
YFR027W,YDR497C,0,-5.6978035,0.1722310483455658,0.9750000238418579,0.46860000491142273
YPL196W,YKL051W,0,-5.697901,0.17220063507556915,0.9750000238418579,0.46869999170303345
YMR300C,YGL084C,0,-5.6980553,0.1721702218055725,0.9750000238418579,0.46880000829696655
YBR057C,YDR218C,0,-5.698207,0.17213982343673706,0.9750000238418579,0.46889999508857727
YBR125C,YMR305C,0,-5.69915,0.1721094399690628,0.9750000238418579,0.4690000116825104
YDR519W,YEL009C,0,-5.6991796,0.17207907140254974,0.9750000238418579,0.4690999984741211
YDR043C,YJL176C,0,-5.700109,0.17204870283603668,0.9750000238418579,0.4691999852657318
YNL230C,YLR100W,0,-5.7002187,0.17201834917068481,0.9750000238418579,0.4693000018596649
YOR034C,YNR031C,0,-5.700293,0.17198801040649414,0.9750000238418579,0.46939998865127563
YGL012W,YMR201C,0,-5.7004795,0.17195767164230347,0.9750000238418579,0.46950000524520874
YMR119W,YNL156C,0,-5.7011185,0.171927347779274,0.9750000238418579,0.46959999203681946
YBR015C,YLR208W,0,-5.70152,0.1718970388174057,0.9750000238418579,0.46970000863075256
YPR068C,YJR051W,0,-5.701871,0.17186672985553741,0.9750000238418579,0.4697999954223633
YDR536W,YCL063W,0,-5.703558,0.17183645069599152,0.9750000238418579,0.4699000120162964
YCR040W,YHR124W,0,-5.704007,0.17180617153644562,0.9750000238418579,0.4699999988079071
YOR281C,YMR067C,0,-5.705189,0.17177589237689972,0.9750000238418579,0.4700999855995178
YGR154C,YMR110C,0,-5.70625,0.1717456430196762,0.9750000238418579,0.4702000021934509
YGL254W,YOR354C,0,-5.706744,0.1717153936624527,0.9750000238418579,0.47029998898506165
YNL004W,YDR316W,0,-5.707128,0.17168515920639038,0.9750000238418579,0.47040000557899475
YGR142W,YFR028C,0,-5.70768,0.17165492475032806,0.9750000238418579,0.47049999237060547
YBR205W,YPR181C,0,-5.7086725,0.17162472009658813,0.9750000238418579,0.4706000089645386
YOR005C,YDL043C,0,-5.7092957,0.1715945154428482,0.9750000238418579,0.4706999957561493
YIL132C,YMR058W,0,-5.709757,0.17156431078910828,0.9750000238418579,0.4708000123500824
YPL051W,YHR070W,0,-5.7100325,0.17153413593769073,0.9750000238418579,0.4708999991416931
YGR167W,YMR256C,0,-5.710105,0.1715039610862732,0.9750000238418579,0.47099998593330383
YIL009C-A,YEL022W,0,-5.7101064,0.17147380113601685,0.9750000238418579,0.47110000252723694
YGR255C,YBR117C,0,-5.710621,0.1714436411857605,0.9750000238418579,0.47119998931884766
YIL112W,YIL017C,0,-5.710826,0.17141349613666534,0.9750000238418579,0.47130000591278076
YML004C,YDR245W,0,-5.71093,0.17138336598873138,0.9750000238418579,0.4713999927043915
YBL069W,YDR443C,0,-5.711388,0.17135325074195862,0.9750000238418579,0.4715000092983246
YKL148C,YBR253W,0,-5.7122,0.17132313549518585,0.9750000238418579,0.4715999960899353
YOR123C,YML125C,0,-5.7123175,0.17129305005073547,0.9750000238418579,0.4717000126838684
YGL006W,YGL131C,0,-5.7126846,0.1712629497051239,0.9750000238418579,0.4717999994754791
YNL112W,YGR106C,0,-5.7141314,0.17123287916183472,0.9750000238418579,0.47189998626708984
YDR421W,YGL104C,0,-5.7143526,0.17120280861854553,0.9750000238418579,0.47200000286102295
YGR119C,YBL056W,0,-5.7151628,0.17117275297641754,0.9750000238418579,0.47209998965263367
YFR002W,YAL032C,0,-5.715184,0.17114271223545074,0.9750000238418579,0.4722000062465668
YLR438C-A,YGR014W,0,-5.715508,0.17111267149448395,0.9750000238418579,0.4722999930381775
YER177W,YOL095C,0,-5.7161956,0.17108264565467834,0.9750000238418579,0.4724000096321106
YAL054C,YER176W,0,-5.7162623,0.17105263471603394,0.9750000238418579,0.4724999964237213
YGR261C,YGL257C,0,-5.7162886,0.17102262377738953,0.9750000238418579,0.4726000130176544
YEL059C-A,YPL253C,0,-5.716413,0.1709926277399063,0.9750000238418579,0.47269999980926514
YNL159C,YJL082W,0,-5.71665,0.1709626466035843,0.9750000238418579,0.47279998660087585
YNR016C,YER089C,0,-5.7166786,0.17093268036842346,0.9750000238418579,0.47290000319480896
YLR276C,YBR020W,0,-5.7172236,0.17090271413326263,0.9750000238418579,0.4729999899864197
YDR268W,YGR179C,0,-5.7179666,0.170872762799263,0.9750000238418579,0.4731000065803528
YNL080C,YDR221W,0,-5.7186146,0.17084282636642456,0.9750000238418579,0.4731999933719635
YDR108W,YNR039C,0,-5.7193775,0.17081288993358612,0.9750000238418579,0.4733000099658966
YOL007C,YAR044W,0,-5.720085,0.17078296840190887,0.9750000238418579,0.4733999967575073
YBR276C,YMR016C,0,-5.7204733,0.17075306177139282,0.9750000238418579,0.47350001335144043
YAL060W,YIL098C,0,-5.7205906,0.17072317004203796,0.9750000238418579,0.47360000014305115
YOR044W,YGL233W,0,-5.7212725,0.1706932783126831,0.9750000238418579,0.47369998693466187
YDR071C,YBL064C,0,-5.7218275,0.17066340148448944,0.9750000238418579,0.47380000352859497
YOL077W-A,YGR103W,0,-5.721844,0.17063352465629578,0.9750000238418579,0.4738999903202057
YGR222W,YNL339C,0,-5.7225266,0.1706036776304245,0.9750000238418579,0.4740000069141388
YER157W,YLR130C,0,-5.723363,0.17057383060455322,0.9750000238418579,0.4740999937057495
YLR309C,YLR166C,0,-5.72404,0.17054399847984314,0.9750000238418579,0.4742000102996826
YDL035C,YHR079C,0,-5.7242026,0.17051416635513306,0.9750000238418579,0.47429999709129333
YKR083C,YKR029C,0,-5.724886,0.17048434913158417,0.9750000238418579,0.47440001368522644
YKR095W-A,YDR023W,0,-5.72538,0.17045454680919647,0.9750000238418579,0.47450000047683716
YDR288W,YNL070W,0,-5.7264166,0.17042474448680878,0.9750000238418579,0.4745999872684479
YOR030W,YDR341C,0,-5.7269306,0.17039497196674347,0.9750000238418579,0.474700003862381
YEL069C,YBL079W,0,-5.7273626,0.17036519944667816,0.9750000238418579,0.4747999906539917
YCR026C,YPR031W,0,-5.7273817,0.17033542692661285,0.9750000238418579,0.4749000072479248
YIL124W,YFR015C,0,-5.7274055,0.17030568420886993,0.9750000238418579,0.4749999940395355
YMR070W,YFL060C,0,-5.727788,0.17027594149112701,0.9750000238418579,0.47510001063346863
YBR222C,YCR028C-A,0,-5.7278185,0.1702461987733841,0.9750000238418579,0.47519999742507935
YHR079C,YBR245C,0,-5.727995,0.17021648585796356,0.9750000238418579,0.47530001401901245
YNR032C-A,YLR138W,0,-5.7280226,0.17018677294254303,0.9750000238418579,0.47540000081062317
YDR513W,YGR186W,0,-5.72937,0.1701570749282837,0.9750000238418579,0.4754999876022339
YER133W,YDR452W,0,-5.730346,0.17012737691402435,0.9750000238418579,0.475600004196167
YLR451W,YFL033C,0,-5.7315626,0.1700976938009262,0.9750000238418579,0.4756999909877777
YMR213W,YDR211W,0,-5.7318134,0.17006802558898926,0.9750000238418579,0.4758000075817108
YML022W,YGL022W,0,-5.7322865,0.1700383722782135,0.9750000238418579,0.47589999437332153
YHL031C,YHR046C,0,-5.735559,0.17000871896743774,0.9750000238418579,0.47600001096725464
YNL336W,YMR075W,0,-5.735962,0.16997908055782318,0.9750000238418579,0.47609999775886536
YDR123C,YKR069W,0,-5.7360134,0.1699494570493698,0.9750000238418579,0.47620001435279846
YJR053W,YOR208W,0,-5.736186,0.16991983354091644,0.9750000238418579,0.4763000011444092
YFL055W,YGR101W,0,-5.7363615,0.16989022493362427,0.9750000238418579,0.4763999879360199
YDL101C,YNL287W,0,-5.7364426,0.1698606312274933,0.9750000238418579,0.476500004529953
YOL064C,YDL059C,0,-5.7368975,0.1698310375213623,0.9750000238418579,0.4765999913215637
YDL171C,YGR095C,0,-5.7373,0.16980145871639252,0.9750000238418579,0.4767000079154968
YBR039W,YPL058C,0,-5.737836,0.16977189481258392,0.9750000238418579,0.47679999470710754
YER017C,YOR005C,0,-5.7378798,0.16974234580993652,0.9750000238418579,0.47690001130104065
YEL037C,YGL249W,0,-5.7380075,0.16971279680728912,0.9750000238418579,0.47699999809265137
YAL024C,YFL034C-B,0,-5.7382183,0.16968326270580292,0.9750000238418579,0.4771000146865845
YBR042C,YDR255C,0,-5.7382474,0.1696537286043167,0.9750000238418579,0.4772000014781952
YMR013C,YPL157W,0,-5.7387185,0.1696242243051529,0.9750000238418579,0.4772999882698059
YHR038W,YNL049C,0,-5.7405005,0.16959470510482788,0.9750000238418579,0.477400004863739
YDL067C,YBR123C,0,-5.7409425,0.16956521570682526,0.9750000238418579,0.47749999165534973
YIL070C,YOR334W,0,-5.742333,0.16953572630882263,0.9750000238418579,0.47760000824928284
YDR408C,YDR351W,0,-5.7432785,0.1695062518119812,0.9750000238418579,0.47769999504089355
YHL032C,YCL027C-A,0,-5.7436533,0.16947679221630096,0.9750000238418579,0.47780001163482666
YEL059C-A,YLR042C,0,-5.744061,0.16944734752178192,0.9750000238418579,0.4778999984264374
YOR244W,YCL018W,0,-5.7445345,0.16941790282726288,0.9750000238418579,0.4779999852180481
YKL073W,YPR003C,0,-5.7457895,0.16938845813274384,0.9750000238418579,0.4781000018119812
YMR208W,YDL085W,0,-5.7461405,0.16935904324054718,0.9750000238418579,0.4781999886035919
YIR009W,YEL065W,0,-5.7464314,0.16932962834835052,0.9750000238418579,0.478300005197525
YCR058C,YKL034W,0,-5.7472506,0.16930022835731506,0.9750000238418579,0.47839999198913574
YHR059W,YDR100W,0,-5.7475224,0.1692708283662796,0.9750000238418579,0.47850000858306885
YOR241W,YCR055C,0,-5.748406,0.16924145817756653,0.9750000238418579,0.47859999537467957
YNL061W,YGR202C,0,-5.748752,0.16921207308769226,0.9750000238418579,0.47870001196861267
YHR046C,YER126C,0,-5.7488575,0.16918271780014038,0.9750000238418579,0.4787999987602234
YLR032W,YER169W,0,-5.7491846,0.1691533625125885,0.9750000238418579,0.4788999855518341
YBR045C,YNL045W,0,-5.7496457,0.16912402212619781,0.9750000238418579,0.4790000021457672
YJR010C-A,YBR283C,0,-5.750387,0.16909469664096832,0.9750000238418579,0.47909998893737793
YDR022C,YEL030W,0,-5.75146,0.16906537115573883,0.9750000238418579,0.47920000553131104
YNL078W,YLL003W,0,-5.7518063,0.16903606057167053,0.9750000238418579,0.47929999232292175
YJL002C,YMR214W,0,-5.7542753,0.16900676488876343,0.9750000238418579,0.47940000891685486
YOL008W,YHR043C,0,-5.7556486,0.16897746920585632,0.9750000238418579,0.4794999957084656
YAR002C-A,YPR190C,0,-5.756766,0.1689481884241104,0.9750000238418579,0.4796000123023987
YOR374W,YDL103C,0,-5.7568254,0.1689189225435257,0.9750000238418579,0.4796999990940094
YGL167C,YDR166C,0,-5.7572136,0.16888965666294098,0.9750000238418579,0.4797999858856201
YAL040C,YAL062W,0,-5.757724,0.16886040568351746,0.9750000238418579,0.4799000024795532
YJL209W,YJR066W,0,-5.7582293,0.16883116960525513,0.9750000238418579,0.47999998927116394
YKR026C,YPR065W,0,-5.7592716,0.1688019335269928,0.9750000238418579,0.48010000586509705
YIL132C,YOR038C,0,-5.7603416,0.16877271234989166,0.9750000238418579,0.48019999265670776
YDR264C,YDR346C,0,-5.7608933,0.16874350607395172,0.9750000238418579,0.48030000925064087
YDR511W,YNR035C,0,-5.76091,0.16871431469917297,0.9750000238418579,0.4803999960422516
YPL156C,YDR510W,0,-5.761119,0.16868512332439423,0.9750000238418579,0.4805000126361847
YMR292W,YEL058W,0,-5.7613997,0.16865594685077667,0.9750000238418579,0.4805999994277954
YHR109W,YBR173C,0,-5.7616005,0.16862677037715912,0.9750000238418579,0.48069998621940613
YOL062C,YKL085W,0,-5.7625284,0.16859760880470276,0.9750000238418579,0.48080000281333923
YDR108W,YML043C,0,-5.7625875,0.1685684621334076,0.9750000238418579,0.48089998960494995
YGR038W,YFR029W,0,-5.763989,0.16853933036327362,0.9750000238418579,0.48100000619888306
YGR260W,YBL039C,0,-5.7640157,0.16851019859313965,0.9750000238418579,0.4810999929904938
YML095C,YOL148C,0,-5.7640924,0.16848108172416687,0.9750000238418579,0.4812000095844269
YDR214W,YDR071C,0,-5.7653675,0.1684519648551941,0.9750000238418579,0.4812999963760376
YIL079C,YBR294W,0,-5.7655005,0.1684228777885437,0.9750000238418579,0.4814000129699707
YKL204W,YDR120C,0,-5.7664566,0.16839377582073212,0.9750000238418579,0.4814999997615814
YDL154W,YBR284W,0,-5.766797,0.16836470365524292,0.9750000238418579,0.48159998655319214
YOR079C,YDR221W,0,-5.766801,0.16833563148975372,0.9750000238418579,0.48170000314712524
YGR278W,YMR261C,0,-5.767199,0.16830657422542572,0.9750000238418579,0.48179998993873596
YER058W,YIL144W,0,-5.767248,0.1682775318622589,0.9750000238418579,0.48190000653266907
YPL270W,YNL036W,0,-5.767574,0.1682484894990921,0.9750000238418579,0.4819999933242798
YJL158C,YDR141C,0,-5.7678394,0.1682194620370865,0.9750000238418579,0.4821000099182129
YER054C,YNL036W,0,-5.7686996,0.16819044947624207,0.9750000238418579,0.4821999967098236
YOR204W,YDR280W,0,-5.768872,0.16816143691539764,0.9750000238418579,0.4823000133037567
YMR227C,YOR338W,0,-5.7690315,0.16813243925571442,0.9750000238418579,0.48240000009536743
YJL025W,YOR014W,0,-5.7695336,0.1681034415960312,0.9750000238418579,0.48249998688697815
YDL247W,YDR243C,0,-5.770487,0.16807447373867035,0.9750000238418579,0.48260000348091125
YMR283C,YOL020W,0,-5.770528,0.1680455058813095,0.9750000238418579,0.482699990272522
YPR020W,YLR193C,0,-5.771389,0.16801653802394867,0.9750000238418579,0.4828000068664551
YBR085W,YFL029C,0,-5.771699,0.16798759996891022,0.9750000238418579,0.4828999936580658
YNR027W,YBR173C,0,-5.771862,0.16795866191387177,0.9750000238418579,0.4830000102519989
YDR156W,YMR059W,0,-5.7725525,0.1679297238588333,0.9750000238418579,0.4830999970436096
YPL145C,YHR048W,0,-5.772828,0.16790081560611725,0.9750000238418579,0.4832000136375427
YJR017C,YNL287W,0,-5.773681,0.16787190735340118,0.9750000238418579,0.48330000042915344
YJR155W,YOR080W,0,-5.7743425,0.16784299910068512,0.9750000238418579,0.48339998722076416
YPL078C,YAL060W,0,-5.7745166,0.16781412065029144,0.9750000238418579,0.48350000381469727
YML116W,YER177W,0,-5.7745705,0.16778524219989777,0.9750000238418579,0.483599990606308
YFL050C,YDR236C,0,-5.774695,0.1677563637495041,0.9750000238418579,0.4837000072002411
YHR156C,YOR193W,0,-5.7751837,0.1677275002002716,0.9750000238418579,0.4837999939918518
YDL099W,YGL013C,0,-5.7762218,0.16769865155220032,0.9750000238418579,0.4839000105857849
YOR304W,YHR077C,0,-5.776621,0.16766981780529022,0.9750000238418579,0.48399999737739563
YLR220W,YHR039C-A,0,-5.77769,0.16764098405838013,0.9750000238418579,0.48410001397132874
YPR021C,YIR015W,0,-5.7777014,0.16761216521263123,0.9750000238418579,0.48420000076293945
YPL028W,YPL011C,0,-5.77785,0.16758336126804352,0.9750000238418579,0.48429998755455017
YGR089W,YNL246W,0,-5.777866,0.1675545573234558,0.9750000238418579,0.4844000041484833
YDL181W,YPL146C,0,-5.7782664,0.1675257682800293,0.9750000238418579,0.484499990940094
YLR347C,YLR005W,0,-5.779167,0.16749699413776398,0.9750000238418579,0.4846000075340271
YJL102W,YDR363W-A,0,-5.7793865,0.16746821999549866,0.9750000238418579,0.4846999943256378
YMR042W,YML056C,0,-5.7798815,0.16743946075439453,0.9750000238418579,0.4848000109195709
YBR278W,YCR008W,0,-5.7811165,0.1674107164144516,0.9750000238418579,0.48489999771118164
YDR334W,YPR074C,0,-5.7812386,0.16738197207450867,0.9750000238418579,0.48500001430511475
YLR106C,YNL263C,0,-5.7839265,0.16735324263572693,0.9750000238418579,0.48510000109672546
YLR332W,YEL037C,0,-5.7839537,0.16732452809810638,0.9750000238418579,0.4851999878883362
YDL225W,YOR159C,0,-5.785453,0.16729581356048584,0.9750000238418579,0.4853000044822693
YDL243C,YLR254C,0,-5.785898,0.1672671139240265,0.9750000238418579,0.48539999127388
YMR277W,YPL050C,0,-5.7862244,0.16723842918872833,0.9750000238418579,0.4855000078678131
YOL122C,YDR120C,0,-5.7864337,0.16720974445343018,0.9750000238418579,0.48559999465942383
YOR257W,YCL004W,0,-5.786515,0.1671810746192932,0.9750000238418579,0.48570001125335693
YDR047W,YPL204W,0,-5.7866726,0.16715240478515625,0.9750000238418579,0.48579999804496765
YER164W,YAL010C,0,-5.787402,0.16712374985218048,0.9750000238418579,0.48590001463890076
YIL142W,YJR094C,0,-5.787708,0.1670951098203659,0.9750000238418579,0.4860000014305115
YOR341W,YDR392W,0,-5.7879753,0.16706648468971252,0.9750000238418579,0.4860999882221222
YPL026C,YML018C,0,-5.788294,0.16703785955905914,0.9750000238418579,0.4862000048160553
YJR125C,YDL051W,0,-5.789117,0.16700924932956696,0.9750000238418579,0.486299991607666
YPR020W,YPL207W,0,-5.789162,0.16698065400123596,0.9750000238418579,0.4864000082015991
YOL021C,YBR205W,0,-5.789238,0.16695205867290497,0.9750000238418579,0.48649999499320984
YDL067C,YLL055W,0,-5.789299,0.16692347824573517,0.9750000238418579,0.48660001158714294
YER170W,YAL002W,0,-5.789406,0.16689489781856537,0.9750000238418579,0.48669999837875366
YIL114C,YLR090W,0,-5.789505,0.16686633229255676,0.9750000238418579,0.4867999851703644
YHL031C,YJR016C,0,-5.7901344,0.16683778166770935,0.9750000238418579,0.4869000017642975
YDR498C,YMR322C,0,-5.790459,0.16680924594402313,0.9750000238418579,0.4869999885559082
YBR211C,YER005W,0,-5.7904816,0.16678071022033691,0.9750000238418579,0.4871000051498413
YLR303W,YKL145W,0,-5.7910624,0.1667521744966507,0.9750000238418579,0.487199991941452
YPL137C,YJL207C,1,-5.791136,0.16689465939998627,0.9760000109672546,0.487199991941452
YKL038W,YMR305C,0,-5.7916503,0.16686612367630005,0.9760000109672546,0.48730000853538513
YJL071W,YOL066C,0,-5.791707,0.16683760285377502,0.9760000109672546,0.48739999532699585
YER062C,YAL055W,0,-5.7917447,0.1668090969324112,0.9760000109672546,0.48750001192092896
YDL078C,YGR014W,0,-5.791952,0.16678059101104736,0.9760000109672546,0.4875999987125397
YDL067C,YJR052W,0,-5.792326,0.16675209999084473,0.9760000109672546,0.4876999855041504
YHR163W,YPL130W,0,-5.7932587,0.1667236089706421,0.9760000109672546,0.4878000020980835
YPL023C,YBL051C,0,-5.7938595,0.16669513285160065,0.9760000109672546,0.4878999888896942
YDR174W,YLR154C,0,-5.7940216,0.1666666716337204,0.9760000109672546,0.4880000054836273
YGR014W,YDR481C,0,-5.7945294,0.16663821041584015,0.9760000109672546,0.48809999227523804
YLR138W,YML038C,0,-5.794715,0.1666097640991211,0.9760000109672546,0.48820000886917114
YOL062C,YCR097W,0,-5.79589,0.16658133268356323,0.9760000109672546,0.48829999566078186
YKL201C,YML027W,0,-5.796198,0.16655290126800537,0.9760000109672546,0.48840001225471497
YDL188C,YDR489W,0,-5.7965746,0.1665244847536087,0.9760000109672546,0.4884999990463257
YOL130W,YDR036C,0,-5.7975936,0.16649608314037323,0.9760000109672546,0.4885999858379364
YOR233W,YOR211C,0,-5.7976036,0.16646768152713776,0.9760000109672546,0.4887000024318695
YER030W,YPR141C,0,-5.7981834,0.16643929481506348,0.9760000109672546,0.4887999892234802
YEL011W,YLR035C,0,-5.7983027,0.1664109081029892,0.9760000109672546,0.48890000581741333
YIL125W,YDL105W,0,-5.798433,0.1663825362920761,0.9760000109672546,0.48899999260902405
YDR214W,YNL326C,0,-5.798684,0.16635417938232422,0.9760000109672546,0.48910000920295715
YDL243C,YDR329C,0,-5.7990007,0.16632583737373352,0.9760000109672546,0.48919999599456787
YJR084W,YKR019C,0,-5.7990885,0.16629749536514282,0.9760000109672546,0.489300012588501
YJR058C,YJL112W,0,-5.79954,0.16626916825771332,0.9760000109672546,0.4893999993801117
YOR355W,YJL197W,0,-5.799897,0.1662408411502838,0.9760000109672546,0.4894999861717224
YHR046C,YGR272C,0,-5.800046,0.1662125289440155,0.9760000109672546,0.4896000027656555
YAL051W,YCL005W-A,0,-5.800147,0.1661842316389084,0.9760000109672546,0.48969998955726624
YJR021C,YDL225W,0,-5.800753,0.16615593433380127,0.9760000109672546,0.48980000615119934
YLR081W,YPL235W,0,-5.80205,0.16612766683101654,0.9760000109672546,0.48989999294281006
YGL253W,YDR443C,0,-5.802673,0.16609938442707062,0.9760000109672546,0.49000000953674316
YNL080C,YMR093W,0,-5.8041754,0.16607113182544708,0.9760000109672546,0.4900999963283539
YCR079W,YDR259C,0,-5.8050838,0.16604286432266235,0.9760000109672546,0.490200012922287
YLR038C,YML001W,0,-5.8053465,0.1660146266222,0.9760000109672546,0.4902999997138977
YGL016W,YPR070W,0,-5.806533,0.16598638892173767,0.9760000109672546,0.4903999865055084
YHR209W,YKL129C,0,-5.807712,0.16595816612243652,0.9760000109672546,0.49050000309944153
YPL001W,YMR270C,0,-5.808673,0.16592995822429657,0.9760000109672546,0.49059998989105225
YBR164C,YLR009W,0,-5.808779,0.16590175032615662,0.9760000109672546,0.49070000648498535
YOL010W,YGL162W,0,-5.8087864,0.16587355732917786,0.9760000109672546,0.49079999327659607
YGL181W,YML011C,0,-5.8089695,0.1658453643321991,0.9760000109672546,0.4909000098705292
YEL039C,YOR338W,0,-5.8098526,0.16581718623638153,0.9760000109672546,0.4909999966621399
YGL240W,YLR371W,0,-5.8098803,0.16578902304172516,0.9760000109672546,0.491100013256073
YDR496C,YBR050C,0,-5.810227,0.16576087474822998,0.9760000109672546,0.4912000000476837
YGL253W,YOR116C,0,-5.8107843,0.1657327264547348,0.9760000109672546,0.49129998683929443
YHL032C,YBL030C,0,-5.812024,0.16570457816123962,0.9760000109672546,0.49140000343322754
YBL069W,YNL209W,0,-5.812237,0.16567645967006683,0.9760000109672546,0.49149999022483826
YNL192W,YGL122C,0,-5.8131375,0.16564834117889404,0.9760000109672546,0.49160000681877136
YML016C,YMR096W,0,-5.813566,0.16562022268772125,0.9760000109672546,0.4916999936103821
YNL188W,YJL100W,0,-5.8142195,0.16559213399887085,0.9760000109672546,0.4918000102043152
YML132W,YGL178W,0,-5.8146033,0.16556403040885925,0.9760000109672546,0.4918999969959259
YJL053W,YOL097C,0,-5.8156953,0.16553595662117004,0.9760000109672546,0.492000013589859
YPL115C,YCL032W,0,-5.816305,0.16550788283348083,0.9760000109672546,0.4921000003814697
YNL318C,YDR075W,0,-5.816806,0.16547982394695282,0.9760000109672546,0.49219998717308044
YDR017C,YMR079W,0,-5.8168135,0.1654517650604248,0.9760000109672546,0.49230000376701355
YGR038W,YDL130W-A,0,-5.8191266,0.16542373597621918,0.9760000109672546,0.49239999055862427
YNL023C,YGR089W,0,-5.819328,0.16539569199085236,0.9760000109672546,0.4925000071525574
YHR204W,YGL232W,0,-5.819571,0.16536767780780792,0.9760000109672546,0.4925999939441681
YBR017C,YGL209W,0,-5.8198066,0.1653396636247635,0.9760000109672546,0.4927000105381012
YPR075C,YCL010C,0,-5.8210015,0.16531164944171906,0.9760000109672546,0.4927999973297119
YMR059W,YBR198C,0,-5.821546,0.165283665060997,0.9760000109672546,0.492900013923645
YJR090C,YNR050C,0,-5.8220615,0.16525566577911377,0.9760000109672546,0.49300000071525574
YOR382W,YLL027W,0,-5.8221416,0.16522769629955292,0.9760000109672546,0.49309998750686646
YJL025W,YBR024W,0,-5.8222876,0.16519972681999207,0.9760000109672546,0.49320000410079956
YOL052C-A,YEL019C,0,-5.823189,0.1651717722415924,0.9760000109672546,0.4932999908924103
YOL052C,YNR012W,0,-5.8233814,0.16514381766319275,0.9760000109672546,0.4934000074863434
YBL016W,YER086W,0,-5.823907,0.16511589288711548,0.9760000109672546,0.4934999942779541
YLR275W,YNL246W,0,-5.824331,0.16508795320987701,0.9760000109672546,0.4936000108718872
YBR217W,YIL123W,0,-5.8244796,0.16506004333496094,0.9760000109672546,0.4936999976634979
YBL071W-A,YJL108C,0,-5.8247347,0.16503213346004486,0.9760000109672546,0.49380001425743103
YAL068C,YHR034C,0,-5.825285,0.16500422358512878,0.9760000109672546,0.49390000104904175
YHR146W,YFL003C,0,-5.825859,0.1649763286113739,0.9760000109672546,0.49399998784065247
YJR125C,YDR481C,0,-5.8258667,0.1649484485387802,0.9760000109672546,0.49410000443458557
YCL057W,YOR068C,0,-5.8272014,0.16492058336734772,0.9760000109672546,0.4941999912261963
YNL094W,YOL113W,0,-5.8277717,0.16489271819591522,0.9760000109672546,0.4943000078201294
YHR079C-A,YGR046W,0,-5.827876,0.16486486792564392,0.9760000109672546,0.4943999946117401
YJL159W,YNL173C,0,-5.8279,0.16483701765537262,0.9760000109672546,0.4945000112056732
YBR024W,YLR166C,0,-5.828471,0.1648091822862625,0.9760000109672546,0.49459999799728394
YMR055C,YLL028W,0,-5.828698,0.1647813618183136,0.9760000109672546,0.49470001459121704
YIL090W,YDR279W,0,-5.8291383,0.16475354135036469,0.9760000109672546,0.49480000138282776
YDR303C,YBL004W,0,-5.829872,0.16472573578357697,0.9760000109672546,0.4948999881744385
YLR451W,YOR157C,0,-5.8303967,0.16469794511795044,0.9760000109672546,0.4950000047683716
YHR211W,YOL069W,0,-5.831637,0.1646701544523239,0.9760000109672546,0.4950999915599823
YDR299W,YOL126C,0,-5.831847,0.16464237868785858,0.9760000109672546,0.4952000081539154
YNL148C,YMR029C,0,-5.8318915,0.16461460292339325,0.9760000109672546,0.4952999949455261
YNL201C,YNL016W,0,-5.8323,0.1645868420600891,0.9760000109672546,0.49540001153945923
YBL046W,YDR190C,0,-5.832626,0.16455909609794617,0.9760000109672546,0.49549999833106995
YJL167W,YHR088W,0,-5.8332605,0.16453135013580322,0.9760000109672546,0.49559998512268066
YIL125W,YNL206C,0,-5.8334093,0.16450361907482147,0.9760000109672546,0.49570000171661377
YGR170W,YCR004C,0,-5.8341513,0.16447590291500092,0.9760000109672546,0.4957999885082245
YDR283C,YGL125W,1,-5.8351984,0.1646166741847992,0.9769999980926514,0.4957999885082245
YPL123C,YJL011C,0,-5.835629,0.16458894312381744,0.9769999980926514,0.4959000051021576
YPR083W,YJL176C,0,-5.8357973,0.1645612269639969,0.9769999980926514,0.4959999918937683
YNL008C,YKL011C,0,-5.8365407,0.16453351080417633,0.9769999980926514,0.4961000084877014
YLL052C,YHR215W,0,-5.838128,0.16450580954551697,0.9769999980926514,0.49619999527931213
YLR309C,YPL239W,0,-5.838508,0.1644781082868576,0.9769999980926514,0.49630001187324524
YGR188C,YBR127C,0,-5.8385944,0.16445042192935944,0.9769999980926514,0.49639999866485596
YML047C,YJR052W,0,-5.8393507,0.16442275047302246,0.9769999980926514,0.4964999854564667
YOR363C,YHR135C,0,-5.840205,0.16439509391784668,0.9769999980926514,0.4966000020503998
YGR124W,YAL058W,0,-5.840234,0.1643674224615097,0.9769999980926514,0.4966999888420105
YDR052C,YJL124C,0,-5.8404794,0.16433978080749512,0.9769999980926514,0.4968000054359436
YJL207C,YJL123C,1,-5.840642,0.1644803285598755,0.9779999852180481,0.4968000054359436
YOR361C,YNL273W,0,-5.840824,0.1644526720046997,0.9779999852180481,0.4968999922275543
YNL225C,YDR190C,0,-5.8411274,0.16442501544952393,0.9779999852180481,0.4970000088214874
YKL004W,YOL126C,0,-5.841546,0.16439737379550934,0.9779999852180481,0.49709999561309814
YGR252W,YDR515W,0,-5.8420563,0.16436974704265594,0.9779999852180481,0.49720001220703125
YNL318C,YOR159C,0,-5.842963,0.16434212028980255,0.9779999852180481,0.49729999899864197
YGR239C,YDR464W,0,-5.843097,0.16431452333927155,0.9779999852180481,0.4973999857902527
YBR136W,YDL154W,0,-5.8438315,0.16428691148757935,0.9779999852180481,0.4975000023841858
YKR048C,YJL204C,0,-5.8440604,0.16425931453704834,0.9779999852180481,0.4975999891757965
YDR299W,YLR268W,0,-5.844382,0.16423173248767853,0.9779999852180481,0.4977000057697296
YKR067W,YDR419W,0,-5.8447986,0.1642041653394699,0.9779999852180481,0.49779999256134033
YDR342C,YML011C,0,-5.845147,0.1641765981912613,0.9779999852180481,0.49790000915527344
YMR192W,YJR132W,0,-5.845274,0.16414904594421387,0.9779999852180481,0.49799999594688416
YBR135W,YBR254C,0,-5.847289,0.16412149369716644,0.9779999852180481,0.49810001254081726
YGR261C,YPL242C,0,-5.849712,0.1640939563512802,0.9779999852180481,0.498199999332428
YOR298W,YGL067W,0,-5.8501773,0.16406643390655518,0.9779999852180481,0.4982999861240387
YDR397C,YCL052C,0,-5.8503127,0.16403891146183014,0.9779999852180481,0.4984000027179718
YGR238C,YBR213W,0,-5.8506103,0.1640114039182663,0.9779999852180481,0.4984999895095825
YKL134C,YOR143C,0,-5.8516526,0.16398389637470245,0.9779999852180481,0.4986000061035156
YDR038C,YER110C,0,-5.8523664,0.163956418633461,0.9779999852180481,0.49869999289512634
YNL036W,YKR050W,0,-5.852536,0.16392892599105835,0.9779999852180481,0.49880000948905945
YLL062C,YGL004C,0,-5.852804,0.1639014631509781,0.9779999852180481,0.49889999628067017
YDL160C,YPR056W,0,-5.8528237,0.16387400031089783,0.9779999852180481,0.49900001287460327
YDR214W,YGR083C,0,-5.853137,0.16384653747081757,0.9779999852180481,0.499099999666214
YBL030C,YDL216C,0,-5.8531694,0.1638190895318985,0.9779999852180481,0.4991999864578247
YNL308C,YOR295W,0,-5.853487,0.16379165649414062,0.9779999852180481,0.4993000030517578
YKL055C,YCL001W,0,-5.8536005,0.16376423835754395,0.9779999852180481,0.49939998984336853
YER048W-A,YLR382C,0,-5.8544226,0.16373682022094727,0.9779999852180481,0.49950000643730164
YML057W,YCL057W,0,-5.8546195,0.16370940208435059,0.9779999852180481,0.49959999322891235
YGR103W,YDR310C,0,-5.8555255,0.1636820137500763,0.9779999852180481,0.49970000982284546
YBR154C,YIL168W,0,-5.855608,0.163654625415802,0.9779999852180481,0.4997999966144562
YLR044C,YJR044C,0,-5.8557134,0.1636272370815277,0.9779999852180481,0.4999000132083893
YOR239W,YNL080C,0,-5.857362,0.1635998636484146,0.9779999852180481,0.5
YDR524C,YKR034W,0,-5.8575373,0.1635725051164627,0.9779999852180481,0.5001000165939331
YEL071W,YPL254W,0,-5.8581715,0.1635451465845108,0.9779999852180481,0.5001999735832214
YDR317W,YOL020W,0,-5.8605695,0.1635178029537201,0.9779999852180481,0.5002999901771545
YKL002W,YJR010C-A,0,-5.860612,0.16349047422409058,0.9779999852180481,0.5004000067710876
YCR081W,YDR119W,0,-5.861705,0.16346314549446106,0.9779999852180481,0.5005000233650208
YJL158C,YPL156C,0,-5.8617887,0.16343583166599274,0.9779999852180481,0.5005999803543091
YOR160W,YGL157W,0,-5.861853,0.16340851783752441,0.9779999852180481,0.5006999969482422
YGR180C,YBR172C,0,-5.86236,0.16338121891021729,0.9779999852180481,0.5008000135421753
YKL185W,YGL027C,0,-5.863202,0.16335393488407135,0.9779999852180481,0.5008999705314636
YNL048W,YNL052W,0,-5.8640165,0.16332665085792542,0.9779999852180481,0.5009999871253967
YDR214W,YML005W,0,-5.8643503,0.16329938173294067,0.9779999852180481,0.5011000037193298
YJL153C,YER074W-A,0,-5.866111,0.16327212750911713,0.9779999852180481,0.5012000203132629
YML088W,YIL056W,0,-5.866669,0.16324487328529358,0.9779999852180481,0.5012999773025513
YDL067C,YML112W,0,-5.867311,0.16321761906147003,0.9779999852180481,0.5013999938964844
YNL006W,YDL097C,0,-5.8673573,0.16319039463996887,0.9779999852180481,0.5015000104904175
YLR359W,YDR294C,0,-5.8674164,0.1631631702184677,0.9779999852180481,0.5016000270843506
YPL091W,YDR074W,0,-5.867527,0.16313594579696655,0.9779999852180481,0.5016999840736389
YGL211W,YBL050W,0,-5.8678765,0.1631087362766266,0.9779999852180481,0.501800000667572
YNR001C,YCR028C-A,0,-5.8679276,0.16308154165744781,0.9779999852180481,0.5019000172615051
YAL008W,YDR165W,0,-5.8680077,0.16305434703826904,0.9779999852180481,0.5019999742507935
YDR408C,YIL149C,0,-5.8682218,0.16302716732025146,0.9779999852180481,0.5020999908447266
YBL075C,YIL031W,0,-5.8690414,0.16300000250339508,0.9779999852180481,0.5022000074386597
YPR138C,YGL127C,0,-5.869069,0.1629728376865387,0.9779999852180481,0.5023000240325928
YDL093W,YGR213C,0,-5.8711,0.1629456877708435,0.9779999852180481,0.5023999810218811
YOR281C,YDR451C,0,-5.8716335,0.16291853785514832,0.9779999852180481,0.5024999976158142
YOR045W,YPL065W,0,-5.8718266,0.16289140284061432,0.9779999852180481,0.5026000142097473
YPL015C,YER169W,0,-5.872578,0.16286428272724152,0.9779999852180481,0.5026999711990356
YKL001C,YJL054W,0,-5.8728642,0.1628371626138687,0.9779999852180481,0.5027999877929688
YMR026C,YCL005W-A,0,-5.8742385,0.1628100574016571,0.9779999852180481,0.5029000043869019
YBR041W,YML069W,0,-5.874779,0.1627829521894455,0.9779999852180481,0.503000020980835
YER177W,YGR254W,0,-5.8748446,0.16275586187839508,0.9779999852180481,0.5030999779701233
YDL245C,YHR120W,0,-5.8764524,0.16272878646850586,0.9779999852180481,0.5031999945640564
YLR096W,YIL106W,0,-5.8764997,0.16270171105861664,0.9779999852180481,0.5033000111579895
YLL034C,YDL235C,0,-5.877263,0.1626746505498886,0.9779999852180481,0.5034000277519226
YDR235W,YCL048W,0,-5.87757,0.16264759004116058,0.9779999852180481,0.5034999847412109
YKL146W,YOR153W,0,-5.878605,0.16262055933475494,0.9779999852180481,0.503600001335144
YNL259C,YOR353C,0,-5.8787727,0.1625935137271881,0.9779999852180481,0.5037000179290771
YBR037C,YER029C,0,-5.8789444,0.16256648302078247,0.9779999852180481,0.5037999749183655
YOR180C,YJL130C,0,-5.8798113,0.16253946721553802,0.9779999852180481,0.5038999915122986
YPR082C,YPR138C,0,-5.8801193,0.16251246631145477,0.9779999852180481,0.5040000081062317
YJL013C,YKR013W,0,-5.8802648,0.16248546540737152,0.9779999852180481,0.5041000247001648
YDL085W,YJR068W,0,-5.880497,0.16245846450328827,0.9779999852180481,0.5041999816894531
YBL103C,YKL027W,0,-5.8806863,0.1624314934015274,0.9779999852180481,0.5042999982833862
YHR104W,YHR085W,0,-5.8817167,0.16240452229976654,0.9779999852180481,0.5044000148773193
YMR009W,YNL041C,0,-5.8819194,0.16237755119800568,0.9779999852180481,0.5044999718666077
YKR076W,YBR002C,0,-5.8821955,0.162350594997406,0.9779999852180481,0.5045999884605408
YML008C,YBR162W-A,0,-5.8826475,0.16232365369796753,0.9779999852180481,0.5047000050544739
YKL185W,YER081W,0,-5.88334,0.16229671239852905,0.9779999852180481,0.504800021648407
YER044C,YJR036C,0,-5.8853683,0.16226978600025177,0.9779999852180481,0.5048999786376953
YOL065C,YER126C,0,-5.8855853,0.1622428596019745,0.9779999852180481,0.5049999952316284
YBL006C,YOR086C,0,-5.8861694,0.1622159630060196,0.9779999852180481,0.5051000118255615
YCL016C,YBR289W,0,-5.886204,0.1621890515089035,0.9779999852180481,0.5052000284194946
YMR319C,YJL219W,0,-5.8862796,0.1621621549129486,0.9779999852180481,0.505299985408783
YBR217W,YDL013W,0,-5.8865566,0.1621352732181549,0.9779999852180481,0.5054000020027161
YOL001W,YLR354C,0,-5.886582,0.1621084064245224,0.9779999852180481,0.5055000185966492
YDL223C,YBR175W,0,-5.88678,0.1620815396308899,0.9779999852180481,0.5055999755859375
YGR261C,YNL044W,0,-5.8868256,0.16205468773841858,0.9779999852180481,0.5056999921798706
YLR399C,YPL139C,0,-5.8875847,0.16202783584594727,0.9779999852180481,0.5058000087738037
YOL052C-A,YPL254W,0,-5.8884,0.16200099885463715,0.9779999852180481,0.5059000253677368
YIL009C-A,YER133W,0,-5.8888617,0.16197416186332703,0.9779999852180481,0.5059999823570251
YBL003C,YAL009W,0,-5.8894463,0.1619473397731781,0.9779999852180481,0.5060999989509583
YPL119C,YBL064C,0,-5.8896065,0.16192053258419037,0.9779999852180481,0.5062000155448914
YAR050W,YDR183W,0,-5.8904943,0.16189372539520264,0.9779999852180481,0.5062999725341797
YBR302C,YNL062C,0,-5.8913574,0.1618669331073761,0.9779999852180481,0.5063999891281128
YLR052W,YDR087C,0,-5.8918037,0.16184014081954956,0.9779999852180481,0.5065000057220459
YMR283C,YKR050W,0,-5.892187,0.16181336343288422,0.9779999852180481,0.506600022315979
YDR270W,YBR254C,0,-5.89358,0.16178660094738007,0.9779999852180481,0.5066999793052673
YGR199W,YCR029C-A,0,-5.893606,0.16175983846187592,0.9779999852180481,0.5067999958992004
YHR007C,YDL213C,0,-5.893652,0.16173309087753296,0.9779999852180481,0.5069000124931335
YIL030C,YOR273C,0,-5.894951,0.16170634329319,0.9779999852180481,0.5070000290870667
YDL004W,YDR253C,0,-5.8951283,0.16167961061000824,0.9779999852180481,0.507099986076355
YKL179C,YNR050C,0,-5.8952045,0.16165289282798767,0.9779999852180481,0.5072000026702881
YBR202W,YBR015C,0,-5.8952465,0.1616261750459671,0.9779999852180481,0.5073000192642212
YGL234W,YGL035C,0,-5.8983045,0.16159947216510773,0.9779999852180481,0.5073999762535095
YER127W,YNR043W,0,-5.89865,0.16157276928424835,0.9779999852180481,0.5074999928474426
YPL209C,YNL160W,0,-5.899081,0.16154608130455017,0.9779999852180481,0.5076000094413757
YDL243C,YMR135C,0,-5.8996735,0.16151940822601318,0.9779999852180481,0.5077000260353088
YFL029C,YDR028C,0,-5.901361,0.1614927351474762,0.9779999852180481,0.5077999830245972
YDL008W,YDR389W,0,-5.901439,0.1614660769701004,0.9779999852180481,0.5078999996185303
YGR061C,YHR061C,0,-5.9022064,0.1614394187927246,0.9779999852180481,0.5080000162124634
YHR142W,YOR304W,0,-5.90224,0.16141277551651,0.9779999852180481,0.5080999732017517
YFL011W,YCL044C,0,-5.903262,0.1613861322402954,0.9779999852180481,0.5081999897956848
YNL137C,YNR024W,1,-5.903884,0.16152450442314148,0.9789999723434448,0.5081999897956848
YER106W,YKR080W,0,-5.9041996,0.16149786114692688,0.9789999723434448,0.5083000063896179
YBL009W,YPL006W,0,-5.9042463,0.16147121787071228,0.9789999723434448,0.508400022983551
YPL075W,YDR410C,0,-5.9057446,0.16144458949565887,0.9789999723434448,0.5084999799728394
YDL110C,YKR096W,1,-5.9058104,0.1615828573703766,0.9800000190734863,0.5084999799728394
YGR158C,YMR013C,0,-5.9066787,0.161556214094162,0.9800000190734863,0.5085999965667725
YBR114W,YOR047C,0,-5.9073734,0.16152958571910858,0.9800000190734863,0.5087000131607056
YDL017W,YOL049W,0,-5.9081078,0.16150297224521637,0.9800000190734863,0.5088000297546387
YGR218W,YCR098C,0,-5.908852,0.16147635877132416,0.9800000190734863,0.508899986743927
YMR016C,YMR039C,0,-5.9090724,0.16144976019859314,0.9800000190734863,0.5090000033378601
YJR138W,YBR162W-A,0,-5.9092264,0.16142316162586212,0.9800000190734863,0.5091000199317932
YPL032C,YAR044W,0,-5.9095535,0.1613965779542923,0.9800000190734863,0.5091999769210815
YMR199W,YPL121C,0,-5.909838,0.16136999428272247,0.9800000190734863,0.5092999935150146
YDL008W,YDR183W,0,-5.9099064,0.16134342551231384,0.9800000190734863,0.5094000101089478
YOR034C,YLR113W,0,-5.9099646,0.1613168716430664,0.9800000190734863,0.5095000267028809
YPR135W,YLR240W,0,-5.911764,0.16129031777381897,0.9800000190734863,0.5095999836921692
YER172C,YDL099W,0,-5.912818,0.16126377880573273,0.9800000190734863,0.5097000002861023
YMR189W,YBL030C,0,-5.9129972,0.16123725473880768,0.9800000190734863,0.5098000168800354
YPR093C,YDR300C,0,-5.913703,0.16121073067188263,0.9800000190734863,0.5098999738693237
YDL105W,YDL098C,0,-5.9140563,0.16118420660495758,0.9800000190734863,0.5099999904632568
YBR078W,YOR341W,0,-5.914094,0.16115769743919373,0.9800000190734863,0.5101000070571899
YGL174W,YHR031C,0,-5.9145937,0.16113120317459106,0.9800000190734863,0.510200023651123
YDR365C,YBR257W,0,-5.914736,0.1611047238111496,0.9800000190734863,0.5102999806404114
YDR448W,YDR481C,0,-5.9147434,0.16107824444770813,0.9800000190734863,0.5103999972343445
YCR029C-A,YMR089C,0,-5.9149704,0.16105176508426666,0.9800000190734863,0.5105000138282776
YKL038W,YDR238C,0,-5.9152775,0.1610253006219864,0.9800000190734863,0.5105999708175659
YGL047W,YDR263C,0,-5.9153514,0.1609988510608673,0.9800000190734863,0.510699987411499
YIL062C,YDL198C,0,-5.9155636,0.16097240149974823,0.9800000190734863,0.5108000040054321
YDR518W,YPL002C,0,-5.915661,0.16094596683979034,0.9800000190734863,0.5109000205993652
YMR287C,YPR056W,0,-5.915721,0.16091954708099365,0.9800000190734863,0.5109999775886536
YMR224C,YDR159W,0,-5.9159627,0.16089312732219696,0.9800000190734863,0.5110999941825867
YMR232W,YJR094C,0,-5.9166727,0.16086670756340027,0.9800000190734863,0.5112000107765198
YLR015W,YNL121C,0,-5.916827,0.16084030270576477,0.9800000190734863,0.5113000273704529
YPL005W,YDL146W,0,-5.916857,0.16081391274929047,0.9800000190734863,0.5113999843597412
YDR364C,YPL181W,0,-5.916926,0.16078753769397736,0.9800000190734863,0.5115000009536743
YNL133C,YER074W-A,0,-5.916931,0.16076114773750305,0.9800000190734863,0.5116000175476074
YJR138W,YKR095W-A,0,-5.9170313,0.16073478758335114,0.9800000190734863,0.5116999745368958
YER122C,YER148W,0,-5.917177,0.16070842742919922,0.9800000190734863,0.5117999911308289
YPL171C,YPL016W,0,-5.9177747,0.1606820821762085,0.9800000190734863,0.511900007724762
YOL122C,YDR470C,0,-5.9188004,0.16065573692321777,0.9800000190734863,0.5120000243186951
YLR399C,YPL125W,0,-5.9197974,0.16062940657138824,0.9800000190734863,0.5120999813079834
YAL010C,YKR048C,0,-5.920005,0.16060307621955872,0.9800000190734863,0.5121999979019165
YNL065W,YOR058C,0,-5.920268,0.16057676076889038,0.9800000190734863,0.5123000144958496
YFR028C,YMR261C,0,-5.9213114,0.16055046021938324,0.9800000190734863,0.5123999714851379
YBR142W,YPL083C,0,-5.9216886,0.1605241596698761,0.9800000190734863,0.512499988079071
YDR036C,YBR024W,0,-5.922153,0.16049787402153015,0.9800000190734863,0.5126000046730042
YNR019W,YGL226C-A,0,-5.922277,0.1604715883731842,0.9800000190734863,0.5127000212669373
YMR228W,YKL015W,0,-5.9224343,0.16044531762599945,0.9800000190734863,0.5127999782562256
YOR382W,YMR306W,0,-5.922817,0.1604190468788147,0.9800000190734863,0.5128999948501587
YHL047C,YJR006W,0,-5.9234977,0.16039280593395233,0.9800000190734863,0.5130000114440918
YNR074C,YNL163C,0,-5.9237204,0.16036655008792877,0.9800000190734863,0.5131000280380249
YGL120C,YHR105W,0,-5.9237547,0.1603403091430664,0.9800000190734863,0.5131999850273132
YIL026C,YOR116C,0,-5.9240093,0.16031408309936523,0.9800000190734863,0.5133000016212463
YOR260W,YBR081C,0,-5.9259834,0.16028785705566406,0.9800000190734863,0.5134000182151794
YJR013W,YNL261W,0,-5.9261155,0.16026164591312408,0.9800000190734863,0.5134999752044678
YKR058W,YER009W,0,-5.926729,0.1602354496717453,0.9800000190734863,0.5135999917984009
YBR290W,YAL063C,0,-5.926981,0.16020925343036652,0.9800000190734863,0.513700008392334
YMR280C,YGR255C,0,-5.927819,0.16018307209014893,0.9800000190734863,0.5138000249862671
YJL115W,YER072W,0,-5.929784,0.16015689074993134,0.9800000190734863,0.5138999819755554
YPR200C,YPL233W,0,-5.929859,0.16013072431087494,0.9800000190734863,0.5139999985694885
YML071C,YMR156C,0,-5.930196,0.16010455787181854,0.9800000190734863,0.5141000151634216
YLR131C,YMR145C,0,-5.9310575,0.16007840633392334,0.9800000190734863,0.51419997215271
YNL192W,YMR117C,0,-5.9311666,0.16005225479602814,0.9800000190734863,0.5142999887466431
YJR025C,YNL025C,0,-5.931637,0.16002613306045532,0.9800000190734863,0.5144000053405762
YLR148W,YAL043C,0,-5.931946,0.1599999964237213,0.9800000190734863,0.5145000219345093
YOR310C,YPR086W,0,-5.9327073,0.1599738746881485,0.9800000190734863,0.5145999789237976
YFL050C,YJR002W,0,-5.9328294,0.15994776785373688,0.9800000190734863,0.5146999955177307
YHR088W,YGR185C,0,-5.9335575,0.15992167592048645,0.9800000190734863,0.5148000121116638
YML113W,YKL152C,0,-5.934266,0.15989558398723602,0.9800000190734863,0.5149000287055969
YER142C,YOR275C,0,-5.93501,0.1598694920539856,0.9800000190734863,0.5149999856948853
YHR129C,YOL091W,0,-5.9365215,0.15984341502189636,0.9800000190734863,0.5151000022888184
YGR140W,YDR393W,0,-5.9367733,0.15981735289096832,0.9800000190734863,0.5152000188827515
YCR018C,YNL070W,0,-5.937505,0.15979129076004028,0.9800000190734863,0.5152999758720398
YGR255C,YIR017C,0,-5.9377084,0.15976524353027344,0.9800000190734863,0.5153999924659729
YDR179C,YMR077C,0,-5.938369,0.1597391963005066,0.9800000190734863,0.515500009059906
YDR483W,YIR026C,0,-5.9385414,0.15971316397190094,0.9800000190734863,0.5156000256538391
YDR320C,YJR019C,0,-5.938554,0.15968714654445648,0.9800000190734863,0.5156999826431274
YGL127C,YBR165W,0,-5.939242,0.15966112911701202,0.9800000190734863,0.5157999992370605
YJL014W,YOL027C,0,-5.94053,0.15963512659072876,0.9800000190734863,0.5159000158309937
YJL109C,YGL095C,0,-5.940673,0.1596091240644455,0.9800000190734863,0.515999972820282
YNR074C,YEL069C,0,-5.9410543,0.15958313643932343,0.9800000190734863,0.5160999894142151
YPL137C,YGL129C,1,-5.941369,0.15971995890140533,0.9810000061988831,0.5160999894142151
YCR040W,YPL273W,0,-5.942894,0.15969395637512207,0.9810000061988831,0.5162000060081482
YPR052C,YNL123W,0,-5.9432564,0.15966796875,0.9810000061988831,0.5163000226020813
YJR125C,YOR372C,0,-5.9435854,0.15964198112487793,0.9810000061988831,0.5163999795913696
YLR115W,YDR098C,0,-5.943961,0.15961600840091705,0.9810000061988831,0.5164999961853027
YPR030W,YBR021W,0,-5.9448624,0.15959005057811737,0.9810000061988831,0.5166000127792358
YPR145W,YLR154C,0,-5.9454536,0.1595640927553177,0.9810000061988831,0.516700029373169
YLL006W,YMR089C,0,-5.946153,0.159538134932518,0.9810000061988831,0.5167999863624573
YPR026W,YBR088C,0,-5.9475355,0.15951219201087952,0.9810000061988831,0.5169000029563904
YKR090W,YGR245C,0,-5.9476776,0.15948626399040222,0.9810000061988831,0.5170000195503235
YIL107C,YGR074W,0,-5.948081,0.15946033596992493,0.9810000061988831,0.5170999765396118
YKR093W,YLR234W,0,-5.9487934,0.15943442285060883,0.9810000061988831,0.5171999931335449
YJL091C,YER094C,0,-5.949977,0.15940850973129272,0.9810000061988831,0.517300009727478
YPR184W,YPR035W,0,-5.9500465,0.15938261151313782,0.9810000061988831,0.5174000263214111
YPR135W,YPL043W,0,-5.950651,0.1593567281961441,0.9810000061988831,0.5174999833106995
YOR370C,YDR479C,0,-5.9511642,0.1593308448791504,0.9810000061988831,0.5175999999046326
YJR076C,YDR189W,0,-5.9512844,0.15930497646331787,0.9810000061988831,0.5177000164985657
YIL051C,YKL086W,0,-5.951688,0.15927910804748535,0.9810000061988831,0.517799973487854
YNL233W,YDL222C,0,-5.9534116,0.15925323963165283,0.9810000061988831,0.5178999900817871
YPL147W,YDR028C,0,-5.953472,0.1592274010181427,0.9810000061988831,0.5180000066757202
YDR096W,YCR037C,0,-5.9535627,0.15920156240463257,0.9810000061988831,0.5181000232696533
YJL173C,YER161C,0,-5.9542274,0.15917572379112244,0.9810000061988831,0.5181999802589417
YIL088C,YAL011W,0,-5.9554367,0.1591499000787735,0.9810000061988831,0.5182999968528748
YBR135W,YOL069W,0,-5.9557467,0.15912409126758575,0.9810000061988831,0.5184000134468079
YLR418C,YMR058W,0,-5.956123,0.159098282456398,0.9810000061988831,0.5184999704360962
YAL056W,YML041C,0,-5.956135,0.15907248854637146,0.9810000061988831,0.5185999870300293
YHR011W,YGL046W,0,-5.956679,0.1590466946363449,0.9810000061988831,0.5187000036239624
YLR380W,YMR264W,0,-5.9569635,0.15902091562747955,0.9810000061988831,0.5188000202178955
YLR158C,YOR237W,0,-5.9588346,0.1589951366186142,0.9810000061988831,0.5188999772071838
YHR133C,YJL168C,0,-5.959466,0.15896937251091003,0.9810000061988831,0.5189999938011169
YER032W,YNL292W,0,-5.9596405,0.15894362330436707,0.9810000061988831,0.51910001039505
YDR411C,YJR153W,0,-5.9606657,0.1589178740978241,0.9810000061988831,0.5192000269889832
YER168C,YKR024C,0,-5.9611406,0.15889212489128113,0.9810000061988831,0.5192999839782715
YLR085C,YOR230W,0,-5.9624033,0.15886639058589935,0.9810000061988831,0.5194000005722046
YKR024C,YIR015W,0,-5.9624662,0.15884067118167877,0.9810000061988831,0.5195000171661377
YOR380W,YJL080C,0,-5.9635506,0.1588149517774582,0.9810000061988831,0.519599974155426
YJR032W,YOR274W,0,-5.9635735,0.1587892472743988,0.9810000061988831,0.5196999907493591
YAL044C,YNL139C,0,-5.9651456,0.1587635576725006,0.9810000061988831,0.5198000073432922
YIL070C,YGR133W,0,-5.9658313,0.15873786807060242,0.9810000061988831,0.5199000239372253
YNR054C,YLR093C,0,-5.96599,0.15871217846870422,0.9810000061988831,0.5199999809265137
YGR217W,YLR385C,0,-5.9660397,0.15868650376796722,0.9810000061988831,0.5200999975204468
YGR158C,YDR449C,0,-5.966091,0.15866084396839142,0.9810000061988831,0.5202000141143799
YKR081C,YLR090W,0,-5.966157,0.1586351841688156,0.9810000061988831,0.5202999711036682
YHR014W,YML114C,0,-5.966508,0.158609539270401,0.9810000061988831,0.5203999876976013
YEL003W,YCR040W,0,-5.9665394,0.1585838943719864,0.9810000061988831,0.5205000042915344
YNL116W,YDR487C,0,-5.966667,0.15855826437473297,0.9810000061988831,0.5206000208854675
YML130C,YER190W,0,-5.9678907,0.15853264927864075,0.9810000061988831,0.5206999778747559
YMR228W,YGR239C,0,-5.968689,0.15850703418254852,0.9810000061988831,0.520799994468689
YFL014W,YDR451C,0,-5.9693537,0.1584814190864563,0.9810000061988831,0.5209000110626221
YER083C,YKR093W,0,-5.970581,0.15845581889152527,0.9810000061988831,0.5210000276565552
YMR207C,YFL033C,0,-5.97059,0.15843023359775543,0.9810000061988831,0.5210999846458435
YMR184W,YOR001W,0,-5.970602,0.1584046483039856,0.9810000061988831,0.5212000012397766
YGL043W,YBR214W,0,-5.97069,0.15837907791137695,0.9810000061988831,0.5213000178337097
YKL001C,YBR279W,0,-5.9708734,0.1583535075187683,0.9810000061988831,0.521399974822998
YDR081C,YDR389W,0,-5.971446,0.15832795202732086,0.9810000061988831,0.5214999914169312
YLR047C,YEL060C,0,-5.9715176,0.1583024114370346,0.9810000061988831,0.5216000080108643
YBR156C,YGL249W,0,-5.972052,0.15827687084674835,0.9810000061988831,0.5217000246047974
YLR206W,YER120W,0,-5.9721646,0.1582513302564621,0.9810000061988831,0.5217999815940857
YGL206C,YBR280C,0,-5.9730415,0.15822580456733704,0.9810000061988831,0.5218999981880188
YJL184W,YKL129C,0,-5.974063,0.15820029377937317,0.9810000061988831,0.5220000147819519
YHR166C,YCR057C,0,-5.9742336,0.1581747829914093,0.9810000061988831,0.5220999717712402
YPL254W,YOR370C,0,-5.9746547,0.15814928710460663,0.9810000061988831,0.5221999883651733
YGR223C,YOR004W,0,-5.9753766,0.15812379121780396,0.9810000061988831,0.5223000049591064
YGL156W,YGL247W,0,-5.9756336,0.15809831023216248,0.9810000061988831,0.5224000215530396
YGL009C,YDR076W,0,-5.975843,0.158072829246521,0.9810000061988831,0.5224999785423279
YNR072W,YDL236W,0,-5.9759474,0.1580473631620407,0.9810000061988831,0.522599995136261
YMR211W,YHR098C,0,-5.9769588,0.15802191197872162,0.9810000061988831,0.5227000117301941
YJR155W,YJL133W,0,-5.977235,0.15799646079540253,0.9810000061988831,0.5228000283241272
YDR188W,YFR003C,0,-5.978051,0.15797100961208344,0.9810000061988831,0.5228999853134155
YLR209C,YBR166C,0,-5.9782443,0.15794557332992554,0.9810000061988831,0.5230000019073486
YBR302C,YLR238W,0,-5.9791856,0.15792015194892883,0.9810000061988831,0.5231000185012817
YDR253C,YHL024W,0,-5.979612,0.15789473056793213,0.9810000061988831,0.5231999754905701
YMR145C,YOL124C,0,-5.979707,0.15786932408809662,0.9810000061988831,0.5232999920845032
YMR167W,YOR334W,0,-5.979851,0.1578439325094223,0.9810000061988831,0.5234000086784363
YKL057C,YBR143C,0,-5.981205,0.1578185260295868,0.9810000061988831,0.5235000252723694
YGL122C,YCL001W,0,-5.981553,0.15779314935207367,0.9810000061988831,0.5235999822616577
YDR400W,YLR467W,0,-5.981877,0.15776777267456055,0.9810000061988831,0.5236999988555908
YGL094C,YER123W,0,-5.9822063,0.15774239599704742,0.9810000061988831,0.5238000154495239
YOL156W,YKL130C,0,-5.9825125,0.1577170491218567,0.9810000061988831,0.5238999724388123
YCR107W,YBR229C,0,-5.9832625,0.15769168734550476,0.9810000061988831,0.5239999890327454
YNL131W,YFL037W,0,-5.9847956,0.15766634047031403,0.9810000061988831,0.5241000056266785
YOR181W,YKR001C,0,-5.9852343,0.15764100849628448,0.9810000061988831,0.5242000222206116
YEL022W,YLR385C,0,-5.9852705,0.15761567652225494,0.9810000061988831,0.5242999792098999
YJL065C,YDR178W,0,-5.9855337,0.1575903594493866,0.9810000061988831,0.524399995803833
YHR143W,YCR083W,0,-5.986642,0.15756504237651825,0.9810000061988831,0.5245000123977661
YPL145C,YLR357W,0,-5.9868183,0.1575397402048111,0.9810000061988831,0.5246000289916992
YDR159W,YGR197C,0,-5.98706,0.15751445293426514,0.9810000061988831,0.5246999859809875
YKR024C,YLR305C,0,-5.987272,0.15748916566371918,0.9810000061988831,0.5248000025749207
YDL102W,YJR069C,0,-5.9872885,0.15746387839317322,0.9810000061988831,0.5249000191688538
YNL267W,YHR074W,0,-5.98755,0.15743860602378845,0.9810000061988831,0.5249999761581421
YBR045C,YBR022W,0,-5.98899,0.15741334855556488,0.9810000061988831,0.5250999927520752
YMR277W,YIL084C,0,-5.9896545,0.1573880910873413,0.9810000061988831,0.5252000093460083
YKL150W,YJL222W,0,-5.990054,0.15736284852027893,0.9810000061988831,0.5253000259399414
YOL156W,YHR156C,0,-5.9902864,0.15733760595321655,0.9810000061988831,0.5253999829292297
YNL080C,YAR042W,0,-5.9911957,0.15731237828731537,0.9810000061988831,0.5254999995231628
YGL023C,YDR002W,0,-5.991286,0.15728715062141418,0.9810000061988831,0.525600016117096
YJR058C,YMR308C,0,-5.9921174,0.1572619378566742,0.9810000061988831,0.5256999731063843
YNL214W,YLR084C,0,-5.9927483,0.1572367399930954,0.9810000061988831,0.5257999897003174
YDR077W,YEL047C,1,-5.9931335,0.15737178921699524,0.9819999933242798,0.5257999897003174
YMR075W,YJL054W,0,-5.9932957,0.15734657645225525,0.9819999933242798,0.5259000062942505
YDR513W,YHR038W,0,-5.9935694,0.15732137858867645,0.9819999933242798,0.5260000228881836
YDR273W,YJL140W,0,-5.99411,0.15729616582393646,0.9819999933242798,0.5260999798774719
YHR061C,YNR031C,0,-5.994383,0.15727098286151886,0.9819999933242798,0.526199996471405
YJR025C,YNL290W,0,-5.9946036,0.15724579989910126,0.9819999933242798,0.5263000130653381
YKL150W,YLR328W,0,-5.994714,0.15722061693668365,0.9819999933242798,0.5264000296592712
YCR098C,YMR043W,0,-5.9953356,0.15719544887542725,0.9819999933242798,0.5264999866485596
YNL308C,YKL009W,0,-5.997252,0.15717029571533203,0.9819999933242798,0.5266000032424927
YNR050C,YGR281W,0,-5.9973826,0.15714514255523682,0.9819999933242798,0.5267000198364258
YOR156C,YMR140W,0,-5.9981575,0.1571200042963028,0.9819999933242798,0.5267999768257141
YPL005W,YML027W,0,-5.9981914,0.15709486603736877,0.9819999933242798,0.5268999934196472
YCR055C,YBR260C,0,-5.998852,0.15706974267959595,0.9819999933242798,0.5270000100135803
YAL020C,YBR055C,0,-5.9989986,0.15704461932182312,0.9819999933242798,0.5271000266075134
YDR243C,YDL130W-A,0,-6.001129,0.1570195108652115,0.9819999933242798,0.5271999835968018
YNL317W,YMR235C,0,-6.001342,0.15699440240859985,0.9819999933242798,0.5273000001907349
YPL204W,YFR052W,0,-6.001405,0.15696930885314941,0.9819999933242798,0.527400016784668
YFR041C,YOL113W,0,-6.002556,0.15694421529769897,0.9819999933242798,0.5274999737739563
YDR308C,YPR074C,0,-6.0033073,0.15691913664340973,0.9819999933242798,0.5275999903678894
YGL097W,YNL222W,0,-6.0034513,0.15689407289028168,0.9819999933242798,0.5277000069618225
YBL079W,YPL152W,0,-6.003931,0.15686900913715363,0.9819999933242798,0.5278000235557556
YGR154C,YPL155C,0,-6.0043116,0.15684396028518677,0.9819999933242798,0.527899980545044
YOR241W,YER029C,0,-6.0050673,0.1568189114332199,0.9819999933242798,0.527999997138977
YJL034W,YDR515W,0,-6.005684,0.15679386258125305,0.9819999933242798,0.5281000137329102
YBR040W,YDL058W,0,-6.006131,0.15676884353160858,0.9819999933242798,0.5281999707221985
YPL193W,YLR386W,0,-6.006179,0.15674380958080292,0.9819999933242798,0.5282999873161316
YDR054C,YIL147C,0,-6.0069532,0.15671880543231964,0.9819999933242798,0.5284000039100647
YPL116W,YNR047W,0,-6.0073338,0.15669378638267517,0.9819999933242798,0.5285000205039978
YGL065C,YPL283C,0,-6.007807,0.1566687971353531,0.9819999933242798,0.5285999774932861
YMR140W,YBR162C,0,-6.007824,0.156643807888031,0.9819999933242798,0.5286999940872192
YER015W,YNL038W,0,-6.0080256,0.15661881864070892,0.9819999933242798,0.5288000106811523
YDR331W,YKL015W,0,-6.0095954,0.15659384429454803,0.9819999933242798,0.5289000272750854
YPL190C,YDL111C,0,-6.0099344,0.15656888484954834,0.9819999933242798,0.5289999842643738
YPL018W,YMR162C,0,-6.0108976,0.15654392540454865,0.9819999933242798,0.5291000008583069
YDR299W,YER081W,0,-6.010994,0.15651896595954895,0.9819999933242798,0.52920001745224
YER044C,YCR081W,0,-6.011065,0.15649402141571045,0.9819999933242798,0.5292999744415283
YLL019C,YMR270C,0,-6.0115757,0.15646909177303314,0.9819999933242798,0.5293999910354614
YFR024C,YHR030C,0,-6.0119734,0.15644416213035583,0.9819999933242798,0.5295000076293945
YMR094W,YGR260W,0,-6.012825,0.15641924738883972,0.9819999933242798,0.5296000242233276
YGR147C,YER175C,0,-6.0137434,0.1563943326473236,0.9819999933242798,0.529699981212616
YKL019W,YBR152W,0,-6.0139956,0.1563694328069687,0.9819999933242798,0.5297999978065491
YGL012W,YDL095W,0,-6.014225,0.15634453296661377,0.9819999933242798,0.5299000144004822
YDR013W,YER018C,0,-6.014715,0.15631964802742004,0.9819999933242798,0.5299999713897705
YLR274W,YKL094W,0,-6.0154,0.15629476308822632,0.9819999933242798,0.5300999879837036
YLR007W,YDR320C,0,-6.0157466,0.1562698930501938,0.9819999933242798,0.5302000045776367
YJR053W,YDL147W,0,-6.0168643,0.15624502301216125,0.9819999933242798,0.5303000211715698
YGL238W,YMR153W,0,-6.0176263,0.15622016787528992,0.9819999933242798,0.5303999781608582
YGR268C,YPR165W,0,-6.0178814,0.15619532763957977,0.9819999933242798,0.5304999947547913
YPR083W,YOR130C,0,-6.0188913,0.15617048740386963,0.9819999933242798,0.5306000113487244
YCR073C,YIL135C,0,-6.019014,0.15614564716815948,0.9819999933242798,0.5307000279426575
YER095W,YLR022C,0,-6.0194664,0.15612082183361053,0.9819999933242798,0.5307999849319458
YDR320C-A,YDR043C,0,-6.0196867,0.15609601140022278,0.9819999933242798,0.5309000015258789
YDR473C,YLR005W,0,-6.0209002,0.15607120096683502,0.9819999933242798,0.531000018119812
YNL133C,YDR253C,0,-6.0210576,0.15604640543460846,0.9819999933242798,0.5310999751091003
YDL198C,YOL027C,0,-6.02118,0.1560216099023819,0.9819999933242798,0.5311999917030334
YDL004W,YJL164C,0,-6.0213428,0.15599682927131653,0.9819999933242798,0.5313000082969666
YMR169C,YNL322C,0,-6.0214334,0.15597204864025116,0.9819999933242798,0.5314000248908997
YBR199W,YKL089W,0,-6.021788,0.15594728291034698,0.9819999933242798,0.531499981880188
YNL007C,YIL137C,1,-6.022679,0.15608128905296326,0.9829999804496765,0.531499981880188
YMR052W,YAL023C,0,-6.0244417,0.15605652332305908,0.9829999804496765,0.5315999984741211
YHR204W,YDR464W,0,-6.0244913,0.1560317426919937,0.9829999804496765,0.5317000150680542
YDR217C,YIL075C,0,-6.025363,0.15600697696208954,0.9829999804496765,0.5317999720573425
YOR067C,YDL160C,0,-6.0259943,0.15598222613334656,0.9829999804496765,0.5318999886512756
YMR127C,YPL141C,0,-6.0263853,0.15595747530460358,0.9829999804496765,0.5320000052452087
YHR079C,YHR186C,0,-6.026696,0.1559327393770218,0.9829999804496765,0.5321000218391418
YJR083C,YDR345C,0,-6.026944,0.15590800344944,0.9829999804496765,0.5321999788284302
YDR378C,YKL043W,0,-6.0278387,0.1558832824230194,0.9829999804496765,0.5322999954223633
YJR112W,YNL055C,0,-6.028506,0.15585857629776,0.9829999804496765,0.5324000120162964
YKL015W,YLR197W,0,-6.0286036,0.15583385527133942,0.9829999804496765,0.5325000286102295
YMR227C,YGR270W,0,-6.029946,0.1558091640472412,0.9829999804496765,0.5325999855995178
YBR100W,YDR030C,0,-6.030861,0.155784472823143,0.9829999804496765,0.5327000021934509
YDR432W,YNL273W,0,-6.0313277,0.1557597815990448,0.9829999804496765,0.532800018787384
YJL100W,YEL019C,0,-6.031459,0.1557351052761078,0.9829999804496765,0.5328999757766724
YJL076W,YER072W,0,-6.032261,0.15571044385433197,0.9829999804496765,0.5329999923706055
YER124C,YCL039W,0,-6.032905,0.15568578243255615,0.9829999804496765,0.5331000089645386
YPR176C,YGL022W,0,-6.0334797,0.15566112101078033,0.9829999804496765,0.5332000255584717
YGR278W,YEL071W,0,-6.0345554,0.1556364744901657,0.9829999804496765,0.53329998254776
YKL043W,YKL196C,0,-6.035114,0.15561184287071228,0.9829999804496765,0.5333999991416931
YFR005C,YFR010W,0,-6.0359435,0.15558721125125885,0.9829999804496765,0.5335000157356262
YJR058C,YKL026C,0,-6.036584,0.1555625945329666,0.9829999804496765,0.5335999727249146
YER088C,YER054C,0,-6.036631,0.15553797781467438,0.9829999804496765,0.5336999893188477
YHR067W,YOR247W,0,-6.0371323,0.15551336109638214,0.9829999804496765,0.5338000059127808
YLR131C,YKR061W,0,-6.037182,0.1554887741804123,0.9829999804496765,0.5339000225067139
YHR077C,YGL157W,0,-6.0372562,0.15546417236328125,0.9829999804496765,0.5339999794960022
YJR090C,YGL233W,0,-6.0374827,0.1554396003484726,0.9829999804496765,0.5340999960899353
YMR029C,YGL075C,0,-6.0375676,0.15541501343250275,0.9829999804496765,0.5342000126838684
YBR217W,YFL010W-A,0,-6.038296,0.15539045631885529,0.9829999804496765,0.5343000292778015
YHR026W,YPR189W,0,-6.0383816,0.15536589920520782,0.9829999804496765,0.5343999862670898
YOL027C,YKR025W,0,-6.038811,0.15534134209156036,0.9829999804496765,0.534500002861023
YLR155C,YPL273W,0,-6.039916,0.1553167998790741,0.9829999804496765,0.534600019454956
YEL011W,YHR084W,0,-6.039922,0.15529225766658783,0.9829999804496765,0.5346999764442444
YER017C,YDL078C,0,-6.0409336,0.15526773035526276,0.9829999804496765,0.5347999930381775
YKR076W,YLL031C,0,-6.0417414,0.15524320304393768,0.9829999804496765,0.5349000096321106
YKR083C,YLR373C,0,-6.042047,0.1552186906337738,0.9829999804496765,0.5350000262260437
YLR210W,YER007W,0,-6.042621,0.15519419312477112,0.9829999804496765,0.535099983215332
YOR391C,YHR015W,0,-6.0426273,0.15516969561576843,0.9829999804496765,0.5351999998092651
YGL122C,YML052W,0,-6.0429688,0.15514519810676575,0.9829999804496765,0.5353000164031982
YBR279W,YLR139C,0,-6.0436,0.15512071549892426,0.9829999804496765,0.5353999733924866
YDL004W,YJL073W,0,-6.044423,0.15509624779224396,0.9829999804496765,0.5354999899864197
YPL051W,YJL112W,0,-6.044676,0.15507178008556366,0.9829999804496765,0.5356000065803528
YGL053W,YNL263C,0,-6.0447674,0.15504731237888336,0.9829999804496765,0.5357000231742859
YCR011C,YER081W,0,-6.044855,0.15502287447452545,0.9829999804496765,0.5357999801635742
YGL236C,YLR020C,0,-6.0453444,0.15499842166900635,0.9829999804496765,0.5358999967575073
YDR106W,YLR381W,0,-6.0456796,0.15497398376464844,0.9829999804496765,0.5360000133514404
YAL054C,YLR017W,0,-6.0462623,0.15494956076145172,0.9829999804496765,0.5360999703407288
YDR108W,YJL219W,0,-6.0491548,0.154925137758255,0.9829999804496765,0.5361999869346619
YIL065C,YDR453C,0,-6.049675,0.15490072965621948,0.9829999804496765,0.536300003528595
YLR370C,YHR002W,0,-6.0516605,0.15487632155418396,0.9829999804496765,0.5364000201225281
YHR034C,YJL011C,0,-6.051838,0.15485192835330963,0.9829999804496765,0.5364999771118164
YGR227W,YBR182C,0,-6.0520487,0.1548275351524353,0.9829999804496765,0.5365999937057495
YLR258W,YLR130C,0,-6.053648,0.15480315685272217,0.9829999804496765,0.5367000102996826
YOR113W,YIL015W,0,-6.0541577,0.15477877855300903,0.9829999804496765,0.5368000268936157
YNR023W,YBL075C,0,-6.0541825,0.1547544151544571,0.9829999804496765,0.536899983882904
YER056C,YKL040C,0,-6.054286,0.15473005175590515,0.9829999804496765,0.5370000004768372
YNL038W,YML059C,0,-6.0551896,0.1547057032585144,0.9829999804496765,0.5371000170707703
YLR459W,YLR285W,0,-6.05547,0.15468135476112366,0.9829999804496765,0.5371999740600586
YMR314W,YDR463W,0,-6.055795,0.1546570211648941,0.9829999804496765,0.5372999906539917
YKL040C,YNL287W,0,-6.0562706,0.15463268756866455,0.9829999804496765,0.5374000072479248
YHL019C,YDR045C,0,-6.056881,0.1546083688735962,0.9829999804496765,0.5375000238418579
YML103C,YLL021W,0,-6.057169,0.15458405017852783,0.9829999804496765,0.5375999808311462
YDL031W,YDR463W,0,-6.0572867,0.15455974638462067,0.9829999804496765,0.5376999974250793
YKL192C,YLR431C,0,-6.0573764,0.1545354574918747,0.9829999804496765,0.5378000140190125
YPR187W,YLR385C,0,-6.0588465,0.15451115369796753,0.9829999804496765,0.5378999710083008
YNL085W,YDR510W,0,-6.0589314,0.15448687970638275,0.9829999804496765,0.5379999876022339
YCL030C,YJL168C,0,-6.058973,0.15446260571479797,0.9829999804496765,0.538100004196167
YDR017C,YNL206C,0,-6.059278,0.1544383317232132,0.9829999804496765,0.5382000207901001
YBR155W,YDR005C,0,-6.059877,0.1544140726327896,0.9829999804496765,0.5382999777793884
YGR103W,YDR515W,0,-6.060559,0.15438982844352722,0.9829999804496765,0.5383999943733215
YGL254W,YJR045C,0,-6.0610614,0.15436558425426483,0.9829999804496765,0.5385000109672546
YDR459C,YPL016W,0,-6.061167,0.15434134006500244,0.9829999804496765,0.5386000275611877
YDR226W,YER052C,0,-6.0619707,0.15431711077690125,0.9829999804496765,0.5386999845504761
YER049W,YOR344C,0,-6.0626063,0.15429289638996124,0.9829999804496765,0.5388000011444092
YEL056W,YOL094C,0,-6.0629096,0.15426868200302124,0.9829999804496765,0.5389000177383423
YPL085W,YGL161C,0,-6.0631647,0.15424446761608124,0.9829999804496765,0.5389999747276306
YGL240W,YHR077C,0,-6.06361,0.15422026813030243,0.9829999804496765,0.5390999913215637
YOR065W,YFR001W,0,-6.064111,0.15419608354568481,0.9829999804496765,0.5392000079154968
YKL212W,YNL304W,0,-6.0641947,0.1541718989610672,0.9829999804496765,0.5393000245094299
YNR041C,YBR208C,0,-6.064729,0.15414771437644958,0.9829999804496765,0.5393999814987183
YEL042W,YGL186C,0,-6.0649095,0.15412354469299316,0.9829999804496765,0.5394999980926514
YIL033C,YOR148C,0,-6.065174,0.15409938991069794,0.9829999804496765,0.5396000146865845
YMR023C,YNL287W,0,-6.0652018,0.1540752351284027,0.9829999804496765,0.5396999716758728
YGL166W,YFR005C,0,-6.0654755,0.15405109524726868,0.9829999804496765,0.5397999882698059
YKL218C,YER049W,0,-6.0662966,0.15402695536613464,0.9829999804496765,0.539900004863739
YEL059C-A,YHR152W,0,-6.066685,0.1540028154850006,0.9829999804496765,0.5400000214576721
YCR010C,YDR325W,0,-6.0672426,0.15397869050502777,0.9829999804496765,0.5400999784469604
YAL008W,YBR265W,0,-6.067692,0.15395458042621613,0.9829999804496765,0.5401999950408936
YAR003W,YPL007C,0,-6.067788,0.15393047034740448,0.9829999804496765,0.5403000116348267
YOL017W,YOL049W,0,-6.067897,0.15390637516975403,0.9829999804496765,0.5404000282287598
YGL158W,YNL107W,0,-6.067985,0.15388227999210358,0.9829999804496765,0.5404999852180481
YOR014W,YLR086W,0,-6.068062,0.15385819971561432,0.9829999804496765,0.5406000018119812
YKL046C,YDR446W,0,-6.068099,0.15383411943912506,0.9829999804496765,0.5407000184059143
YDL043C,YBR152W,0,-6.06941,0.1538100391626358,0.9829999804496765,0.5407999753952026
YHR073W,YDR436W,0,-6.0702133,0.15378598868846893,0.9829999804496765,0.5408999919891357
YCR088W,YOR358W,0,-6.070577,0.15376192331314087,0.9829999804496765,0.5410000085830688
YPL175W,YKL028W,0,-6.0708904,0.153737872838974,0.9829999804496765,0.541100025177002
YPL235W,YBR127C,0,-6.0715256,0.15371383726596832,0.9829999804496765,0.5411999821662903
YML054C,YHR143W,0,-6.0726185,0.15368980169296265,0.9829999804496765,0.5412999987602234
YOL086C,YDR518W,0,-6.0734673,0.15366578102111816,0.9829999804496765,0.5414000153541565
YBR301W,YJR069C,0,-6.074514,0.15364176034927368,0.9829999804496765,0.5414999723434448
YEL061C,YGL126W,0,-6.0745826,0.1536177545785904,0.9829999804496765,0.5415999889373779
YOR171C,YCR043C,0,-6.075589,0.1535937488079071,0.9829999804496765,0.541700005531311
YJR017C,YGL254W,0,-6.0756483,0.153569757938385,0.9829999804496765,0.5418000221252441
YHR115C,YBR213W,0,-6.0765557,0.15354576706886292,0.9829999804496765,0.5418999791145325
YDR439W,YGL059W,0,-6.0767274,0.15352179110050201,0.9829999804496765,0.5419999957084656
YHL027W,YDR325W,0,-6.077135,0.1534978151321411,0.9829999804496765,0.5421000123023987
YPR103W,YBR254C,0,-6.077176,0.1534738540649414,0.9829999804496765,0.5422000288963318
YPL265W,YPL206C,0,-6.078163,0.1534498929977417,0.9829999804496765,0.5422999858856201
YIL120W,YJL121C,0,-6.079195,0.15342594683170319,0.9829999804496765,0.5424000024795532
YLR361C,YJL112W,0,-6.079251,0.15340200066566467,0.9829999804496765,0.5425000190734863
YPL005W,YMR243C,0,-6.079674,0.15337806940078735,0.9829999804496765,0.5425999760627747
YOL152W,YIL017C,0,-6.0797462,0.15335413813591003,0.9829999804496765,0.5426999926567078
YMR297W,YPR055W,0,-6.080472,0.15333020687103271,0.9829999804496765,0.5428000092506409
YDR283C,YHL035C,1,-6.0805044,0.1534622609615326,0.984000027179718,0.5428000092506409
YDR534C,YBR020W,0,-6.082854,0.15343832969665527,0.984000027179718,0.542900025844574
YIL026C,YBR199W,0,-6.0833693,0.15341441333293915,0.984000027179718,0.5429999828338623
YBR211C,YLR002C,0,-6.0835924,0.15339049696922302,0.984000027179718,0.5430999994277954
YFL001W,YJL128C,0,-6.084822,0.1533665806055069,0.984000027179718,0.5432000160217285
YGL037C,YNL064C,0,-6.085488,0.15334267914295197,0.984000027179718,0.5432999730110168
YFR015C,YJR021C,0,-6.0861416,0.15331879258155823,0.984000027179718,0.54339998960495
YGL035C,YMR183C,0,-6.0868587,0.1532949060201645,0.984000027179718,0.5435000061988831
YDL215C,YOR311C,0,-6.086876,0.15327103435993195,0.984000027179718,0.5436000227928162
YPL046C,YJR042W,0,-6.087127,0.1532471626996994,0.984000027179718,0.5436999797821045
YDL017W,YOL103W,0,-6.089615,0.15322329103946686,0.984000027179718,0.5437999963760376
YKR036C,YBR066C,0,-6.0901694,0.1531994342803955,0.984000027179718,0.5439000129699707
YIL132C,YIL051C,0,-6.0904775,0.15317559242248535,0.984000027179718,0.5440000295639038
YDR208W,YDL059C,0,-6.0910673,0.1531517505645752,0.984000027179718,0.5440999865531921
YLL018C,YEL009C,0,-6.09279,0.15312792360782623,0.984000027179718,0.5442000031471252
YLR113W,YNL188W,0,-6.0929155,0.15310409665107727,0.984000027179718,0.5443000197410583
YKR102W,YLR449W,0,-6.0930943,0.1530802696943283,0.984000027179718,0.5443999767303467
YGR145W,YPL283C,0,-6.0937657,0.15305645763874054,0.984000027179718,0.5444999933242798
YPR145W,YHR186C,0,-6.09474,0.15303266048431396,0.984000027179718,0.5446000099182129
YLR307W,YNL314W,0,-6.096259,0.1530088633298874,0.984000027179718,0.544700026512146
YIL105C,YNR047W,0,-6.097126,0.152985081076622,0.984000027179718,0.5447999835014343
YKL201C,YGR185C,0,-6.097624,0.15296129882335663,0.984000027179718,0.5449000000953674
YFL034C-B,YHR076W,0,-6.097892,0.15293751657009125,0.984000027179718,0.5450000166893005
YGR128C,YLR020C,0,-6.0985336,0.15291374921798706,0.984000027179718,0.5450999736785889
YHR036W,YBR006W,0,-6.0986586,0.15288999676704407,0.984000027179718,0.545199990272522
YLR102C,YPL164C,0,-6.099554,0.15286624431610107,0.984000027179718,0.5453000068664551
YMR316W,YBR278W,0,-6.0996456,0.15284249186515808,0.984000027179718,0.5454000234603882
YIL132C,YDL117W,0,-6.0999594,0.15281875431537628,0.984000027179718,0.5454999804496765
YBR068C,YPL082C,0,-6.100507,0.15279503166675568,0.984000027179718,0.5455999970436096
YER051W,YNL015W,0,-6.1006784,0.15277130901813507,0.984000027179718,0.5457000136375427
YJR075W,YNR003C,0,-6.1028748,0.15274760127067566,0.984000027179718,0.545799970626831
YBR202W,YGL094C,0,-6.104265,0.15272389352321625,0.984000027179718,0.5458999872207642
YOL042W,YJL093C,0,-6.104291,0.15270018577575684,0.984000027179718,0.5460000038146973
YNL259C,YGL008C,0,-6.1062613,0.15267649292945862,0.984000027179718,0.5461000204086304
YIL147C,YKL024C,0,-6.106818,0.1526528149843216,0.984000027179718,0.5461999773979187
YGR289C,YHR152W,0,-6.1069107,0.15262913703918457,0.984000027179718,0.5462999939918518
YLR131C,YPL135W,0,-6.1073675,0.15260545909404755,0.984000027179718,0.5464000105857849
YJR161C,YIL011W,0,-6.107629,0.15258179605007172,0.984000027179718,0.546500027179718
YIL070C,YNL282W,0,-6.107726,0.1525581330060959,0.984000027179718,0.5465999841690063
YER143W,YIL016W,0,-6.108653,0.15253448486328125,0.984000027179718,0.5467000007629395
YMR264W,YBR244W,0,-6.109391,0.1525108516216278,0.984000027179718,0.5468000173568726
YIL002C,YOR288C,0,-6.1103487,0.15248721837997437,0.984000027179718,0.5468999743461609
YNL261W,YIL113W,0,-6.1103916,0.15246358513832092,0.984000027179718,0.546999990940094
YJL125C,YER062C,0,-6.1105595,0.15243996679782867,0.984000027179718,0.5471000075340271
YGR134W,YMR150C,0,-6.110571,0.15241636335849762,0.984000027179718,0.5472000241279602
YDL066W,YPL085W,0,-6.111039,0.15239274501800537,0.984000027179718,0.5472999811172485
YOL045W,YIL139C,0,-6.11298,0.1523691564798355,0.984000027179718,0.5473999977111816
YGR061C,YAL011W,0,-6.1133485,0.15234556794166565,0.984000027179718,0.5475000143051147
YGR121C,YPL098C,0,-6.1133585,0.1523219794034958,0.984000027179718,0.5475999712944031
YDR264C,YLR310C,0,-6.1135073,0.15229840576648712,0.984000027179718,0.5476999878883362
YMR058W,YGR143W,0,-6.11445,0.15227483212947845,0.984000027179718,0.5478000044822693
YNR074C,YMR296C,0,-6.1151423,0.15225127339363098,0.984000027179718,0.5479000210762024
YAR050W,YNL093W,0,-6.115327,0.1522277295589447,0.984000027179718,0.5479999780654907
YPR134W,YHR119W,0,-6.1169043,0.15220417082309723,0.984000027179718,0.5480999946594238
YIL062C,YLR042C,0,-6.1171393,0.15218064188957214,0.984000027179718,0.5482000112533569
YGL251C,YDR062W,0,-6.117651,0.15215709805488586,0.984000027179718,0.54830002784729
YER109C,YIL066C,0,-6.1180606,0.15213358402252197,0.984000027179718,0.5483999848365784
YLR380W,YOR173W,0,-6.1198897,0.15211006999015808,0.984000027179718,0.5485000014305115
YBR045C,YDR033W,0,-6.120605,0.1520865559577942,0.984000027179718,0.5486000180244446
YJR132W,YML124C,0,-6.1206822,0.1520630568265915,0.984000027179718,0.5486999750137329
YNL271C,YGL183C,0,-6.120941,0.1520395576953888,0.984000027179718,0.548799991607666
YLR233C,YGR128C,0,-6.1215696,0.1520160734653473,0.984000027179718,0.5489000082015991
YMR307W,YKL043W,0,-6.121735,0.1519925892353058,0.984000027179718,0.5490000247955322
YLL018C-A,YDL079C,0,-6.121846,0.15196910500526428,0.984000027179718,0.5490999817848206
YDR158W,YBR257W,0,-6.122099,0.15194565057754517,0.984000027179718,0.5491999983787537
YDR205W,YCR037C,0,-6.1221457,0.15192218124866486,0.984000027179718,0.5493000149726868
YER083C,YNL333W,0,-6.123186,0.15189872682094574,0.984000027179718,0.5493999719619751
YOR148C,YNL197C,0,-6.1233673,0.15187528729438782,0.984000027179718,0.5494999885559082
YHR179W,YPR018W,0,-6.1239033,0.1518518477678299,0.984000027179718,0.5496000051498413
YHR108W,YLR383W,0,-6.1240826,0.15182842314243317,0.984000027179718,0.5497000217437744
YGL077C,YNL156C,0,-6.1246142,0.15180499851703644,0.984000027179718,0.5497999787330627
YGL251C,YDL093W,0,-6.125445,0.1517815887928009,0.984000027179718,0.5498999953269958
YML061C,YGR074W,0,-6.125555,0.15175817906856537,0.984000027179718,0.550000011920929
YGL223C,YLL018C-A,0,-6.1261826,0.15173476934432983,0.984000027179718,0.5501000285148621
YGL238W,YDR312W,0,-6.127599,0.1517113745212555,0.984000027179718,0.5501999855041504
YER068W,YBR271W,0,-6.127604,0.15168799459934235,0.984000027179718,0.5503000020980835
YKR087C,YHR135C,0,-6.1278667,0.1516646146774292,0.984000027179718,0.5504000186920166
YMR032W,YOL060C,0,-6.128072,0.15164123475551605,0.984000027179718,0.5504999756813049
YOR198C,YHR152W,0,-6.1283484,0.1516178697347641,0.984000027179718,0.550599992275238
YNL003C,YDL006W,0,-6.128417,0.15159451961517334,0.984000027179718,0.5507000088691711
YOR348C,YBR253W,0,-6.128937,0.15157116949558258,0.984000027179718,0.5508000254631042
YOR242C,YDR119W,0,-6.1293597,0.15154781937599182,0.984000027179718,0.5508999824523926
YBR095C,YGR245C,0,-6.129407,0.15152448415756226,0.984000027179718,0.5509999990463257
YJR110W,YBR014C,0,-6.129528,0.1515011489391327,0.984000027179718,0.5511000156402588
YLR457C,YOR348C,0,-6.1298103,0.15147782862186432,0.984000027179718,0.5511999726295471
YOR030W,YJL098W,0,-6.1298485,0.15145452320575714,0.984000027179718,0.5512999892234802
YOR336W,YGR030C,0,-6.1301537,0.15143120288848877,0.984000027179718,0.5514000058174133
YFR053C,YGR002C,0,-6.130166,0.15140791237354279,0.984000027179718,0.5515000224113464
YOR078W,YGR140W,0,-6.1309023,0.1513846218585968,0.984000027179718,0.5515999794006348
YPR128C,YDR518W,0,-6.131386,0.15136133134365082,0.984000027179718,0.5516999959945679
YOR367W,YDR368W,0,-6.1317806,0.15133805572986603,0.984000027179718,0.551800012588501
YDL022W,YIL118W,0,-6.131802,0.15131478011608124,0.984000027179718,0.5519000291824341
YMR069W,YBL052C,0,-6.131895,0.15129151940345764,0.984000027179718,0.5519999861717224
YBR102C,YNR017W,0,-6.132025,0.15126825869083405,0.984000027179718,0.5521000027656555
YEL055C,YHR135C,0,-6.132571,0.15124499797821045,0.984000027179718,0.5522000193595886
YJR076C,YOR233W,0,-6.132889,0.15122176706790924,0.984000027179718,0.552299976348877
YOL026C,YDL019C,0,-6.1339355,0.15119852125644684,0.984000027179718,0.5523999929428101
YER069W,YKR100C,0,-6.1353703,0.15117529034614563,0.984000027179718,0.5525000095367432
YER051W,YMR036C,0,-6.1358814,0.15115207433700562,0.984000027179718,0.5526000261306763
YHR079C,YML076C,0,-6.136272,0.1511288583278656,0.984000027179718,0.5526999831199646
YIL062C,YLR136C,0,-6.136626,0.15110565721988678,0.984000027179718,0.5527999997138977
YOR244W,YHR206W,0,-6.137357,0.15108245611190796,0.984000027179718,0.5529000163078308
YML095C,YPL130W,0,-6.138749,0.15105925500392914,0.984000027179718,0.5529999732971191
YHR116W,YGL038C,0,-6.138827,0.1510360687971115,0.984000027179718,0.5530999898910522
YOL155C,YBR230C,0,-6.138999,0.15101289749145508,0.984000027179718,0.5532000064849854
YBL079W,YPR065W,0,-6.139146,0.15098972618579865,0.984000027179718,0.5533000230789185
YER109C,YAL043C,0,-6.139159,0.1509665548801422,0.984000027179718,0.5533999800682068
YDR005C,YHR106W,0,-6.1397543,0.15094339847564697,0.984000027179718,0.5534999966621399
YER114C,YGL190C,0,-6.13983,0.15092024207115173,0.984000027179718,0.553600013256073
YNL314W,YPR178W,0,-6.140272,0.1508971005678177,0.984000027179718,0.5536999702453613
YGR123C,YGR281W,0,-6.140608,0.15087395906448364,0.984000027179718,0.5537999868392944
YNR019W,YGL040C,0,-6.140954,0.1508508324623108,0.984000027179718,0.5539000034332275
YCR093W,YPR095C,0,-6.141217,0.15082770586013794,0.984000027179718,0.5540000200271606
YML057W,YOR001W,0,-6.141231,0.15080459415912628,0.984000027179718,0.554099977016449
YPL248C,YNR031C,0,-6.1417923,0.15078148245811462,0.984000027179718,0.5541999936103821
YNR058W,YNL283C,0,-6.1418924,0.15075838565826416,0.984000027179718,0.5543000102043152
YPR081C,YBR283C,0,-6.142167,0.1507352888584137,0.984000027179718,0.5544000267982483
YML092C,YJL197W,0,-6.1429076,0.15071220695972443,0.984000027179718,0.5544999837875366
YML113W,YGR070W,0,-6.143755,0.15068912506103516,0.984000027179718,0.5546000003814697
YDR343C,YDL010W,0,-6.1444325,0.15066605806350708,0.984000027179718,0.5547000169754028
YDR005C,YMR314W,0,-6.144601,0.150642991065979,0.984000027179718,0.5547999739646912
YOL086C,YKL127W,0,-6.1448584,0.15061992406845093,0.984000027179718,0.5548999905586243
YNR032W,YPL156C,0,-6.145382,0.15059687197208405,0.984000027179718,0.5550000071525574
YKR036C,YDR023W,0,-6.145919,0.15057383477687836,0.984000027179718,0.5551000237464905
YDR224C,YDR087C,0,-6.146076,0.15055079758167267,0.984000027179718,0.5551999807357788
YDR123C,YEL053C,0,-6.1468472,0.15052776038646698,0.984000027179718,0.5552999973297119
YOL017W,YKL197C,0,-6.147604,0.15050473809242249,0.984000027179718,0.555400013923645
YBR132C,YGL153W,0,-6.147665,0.15048173069953918,0.984000027179718,0.5554999709129333
YPR037C,YJL048C,0,-6.1482067,0.1504587084054947,0.984000027179718,0.5555999875068665
YPL188W,YPL019C,0,-6.149583,0.15043571591377258,0.984000027179718,0.5557000041007996
YBR175W,YDR074W,0,-6.1496987,0.15041272342205048,0.984000027179718,0.5558000206947327
YML059C,YDL185W,0,-6.1498594,0.15038973093032837,0.984000027179718,0.555899977684021
YER167W,YBL067C,0,-6.1507473,0.15036675333976746,0.984000027179718,0.5559999942779541
YJR022W,YLR324W,0,-6.1507854,0.15034377574920654,0.984000027179718,0.5561000108718872
YGL120C,YMR313C,0,-6.1508017,0.15032081305980682,0.984000027179718,0.5562000274658203
YIL142W,YBL041W,0,-6.1511145,0.1502978503704071,0.984000027179718,0.5562999844551086
YOL008W,YPR107C,0,-6.1522264,0.15027488768100739,0.984000027179718,0.5564000010490417
YMR213W,YPL176C,0,-6.1533737,0.15025193989276886,0.984000027179718,0.5565000176429749
YKL192C,YBR290W,0,-6.153812,0.15022900700569153,0.984000027179718,0.5565999746322632
YJL133W,YNR049C,0,-6.1541777,0.1502060741186142,0.984000027179718,0.5566999912261963
YMR056C,YLL028W,0,-6.154383,0.15018315613269806,0.984000027179718,0.5568000078201294
YJL164C,YPL176C,0,-6.154604,0.15016023814678192,0.984000027179718,0.5569000244140625
YGL136C,YGL167C,0,-6.1549535,0.15013732016086578,0.984000027179718,0.5569999814033508
YIL090W,YJR070C,0,-6.1553526,0.15011441707611084,0.984000027179718,0.5570999979972839
YOR014W,YBR166C,0,-6.15575,0.1500915139913559,0.984000027179718,0.557200014591217
YBR077C,YDR510W,0,-6.1564884,0.15006862580776215,0.984000027179718,0.5572999715805054
YCL055W,YLL028W,0,-6.1566257,0.1500457525253296,0.984000027179718,0.5573999881744385
YKL192C,YEL030W,0,-6.157112,0.15002286434173584,0.984000027179718,0.5575000047683716
YNR002C,YFR024C-A,0,-6.157115,0.15000000596046448,0.984000027179718,0.5576000213623047
YBL009W,YPL235W,0,-6.157491,0.14997713267803192,0.984000027179718,0.557699978351593
YFL057C,YDR137W,0,-6.1580296,0.14995428919792175,0.984000027179718,0.5577999949455261
YDR264C,YKL176C,0,-6.1586847,0.1499314308166504,0.984000027179718,0.5579000115394592
YNL003C,YDR356W,0,-6.1588116,0.14990858733654022,0.984000027179718,0.5580000281333923
YBR161W,YKL017C,0,-6.1594934,0.14988575875759125,0.984000027179718,0.5580999851226807
YGL150C,YDR439W,0,-6.159505,0.14986293017864227,0.984000027179718,0.5582000017166138
YKL073W,YKL166C,0,-6.1596003,0.1498401165008545,0.984000027179718,0.5583000183105469
YLR002C,YKL116C,0,-6.160354,0.1498173028230667,0.984000027179718,0.5583999752998352
YOR326W,YHR106W,0,-6.161292,0.14979448914527893,0.984000027179718,0.5584999918937683
YKR031C,YDR464W,0,-6.162363,0.14977169036865234,0.984000027179718,0.5586000084877014
YMR308C,YGR213C,0,-6.1629786,0.14974889159202576,0.984000027179718,0.5587000250816345
YER110C,YNL304W,0,-6.1633782,0.14972610771656036,0.984000027179718,0.5587999820709229
YHR133C,YKL055C,0,-6.164068,0.14970333874225616,0.984000027179718,0.558899998664856
YNL240C,YKR013W,0,-6.164414,0.14968055486679077,0.984000027179718,0.5590000152587891
YPL127C,YHR124W,0,-6.165167,0.14965780079364777,0.984000027179718,0.5590999722480774
YPR093C,YJL054W,0,-6.1652455,0.14963503181934357,0.984000027179718,0.5591999888420105
YER073W,YHR099W,0,-6.1657004,0.14961229264736176,0.984000027179718,0.5593000054359436
YBR020W,YLR309C,0,-6.1661005,0.14958953857421875,0.984000027179718,0.5594000220298767
YJL072C,YGR241C,0,-6.167289,0.14956679940223694,0.984000027179718,0.559499979019165
YJR013W,YGL008C,0,-6.167297,0.14954407513141632,0.984000027179718,0.5595999956130981
YPL145C,YNR047W,0,-6.1675267,0.1495213508605957,0.984000027179718,0.5597000122070312
YIL004C,YOR001W,0,-6.168028,0.14949862658977509,0.984000027179718,0.5598000288009644
YDL024C,YNR060W,0,-6.168506,0.14947591722011566,0.984000027179718,0.5598999857902527
YJL155C,YPL026C,0,-6.1687527,0.14945322275161743,0.984000027179718,0.5600000023841858
YML104C,YDL185W,0,-6.16888,0.1494305282831192,0.984000027179718,0.5601000189781189
YER009W,YOR357C,0,-6.169108,0.14940783381462097,0.984000027179718,0.5601999759674072
YIL094C,YKR056W,0,-6.169889,0.14938515424728394,0.984000027179718,0.5602999925613403
YPL106C,YDR416W,0,-6.1701365,0.1493624746799469,0.984000027179718,0.5604000091552734
YAR014C,YMR322C,0,-6.170551,0.14933981001377106,0.984000027179718,0.5605000257492065
YLL022C,YKL197C,0,-6.1712976,0.14931714534759521,0.984000027179718,0.5605999827384949
YER114C,YOL101C,0,-6.1714954,0.14929449558258057,0.984000027179718,0.560699999332428
YJL102W,YML095C,0,-6.1716604,0.14927184581756592,0.984000027179718,0.5608000159263611
YGR227W,YNL317W,0,-6.1721706,0.14924921095371246,0.984000027179718,0.5608999729156494
YLR035C,YDR465C,0,-6.1728115,0.149226576089859,0.984000027179718,0.5609999895095825
YOR160W,YIL068C,0,-6.1729155,0.14920394122600555,0.984000027179718,0.5611000061035156
YCR093W,YJR043C,0,-6.1735954,0.1491813212633133,0.984000027179718,0.5612000226974487
YCR069W,YLR084C,0,-6.173952,0.14915870130062103,0.984000027179718,0.5612999796867371
YHR036W,YLR206W,0,-6.174115,0.14913609623908997,0.984000027179718,0.5613999962806702
YIL026C,YHR031C,0,-6.1743174,0.1491135060787201,0.984000027179718,0.5615000128746033
YLR418C,YNR072W,0,-6.1745973,0.14909091591835022,0.984000027179718,0.5616000294685364
YGL051W,YPR088C,0,-6.1747665,0.14906832575798035,0.984000027179718,0.5616999864578247
YHR143W,YAR044W,0,-6.175201,0.14904575049877167,0.984000027179718,0.5618000030517578
YPR054W,YDR165W,0,-6.1754313,0.149023175239563,0.984000027179718,0.5619000196456909
YBL017C,YBR077C,0,-6.1754827,0.1490005999803543,0.984000027179718,0.5619999766349792
YNL137C,YNL311C,1,-6.1756535,0.1491294503211975,0.9850000143051147,0.5619999766349792
YLR397C,YNR026C,0,-6.1760817,0.14910687506198883,0.9850000143051147,0.5620999932289124
YFL011W,YMR235C,0,-6.1763897,0.14908429980278015,0.9850000143051147,0.5622000098228455
YPL002C,YBR162W-A,0,-6.1769466,0.14906173944473267,0.9850000143051147,0.5623000264167786
YBL076C,YPL120W,0,-6.1770725,0.14903919398784637,0.9850000143051147,0.5623999834060669
YBR132C,YDR522C,0,-6.177243,0.14901664853096008,0.9850000143051147,0.5625
YBR065C,YDR518W,0,-6.177314,0.1489941030740738,0.9850000143051147,0.5626000165939331
YPR075C,YOR124C,0,-6.1774273,0.1489715725183487,0.9850000143051147,0.5626999735832214
YJL173C,YML010W,0,-6.17871,0.1489490419626236,0.9850000143051147,0.5627999901771545
YOL007C,YPR037C,0,-6.1790533,0.1489265263080597,0.9850000143051147,0.5629000067710876
YDR195W,YNR034W,0,-6.1792765,0.1489040106534958,0.9850000143051147,0.5630000233650208
YDL103C,YHR099W,0,-6.17972,0.14888149499893188,0.9850000143051147,0.5630999803543091
YDR439W,YNL310C,0,-6.179775,0.14885899424552917,0.9850000143051147,0.5631999969482422
YCL030C,YKR046C,0,-6.1805944,0.14883650839328766,0.9850000143051147,0.5633000135421753
YPL232W,YML038C,0,-6.1816263,0.14881402254104614,0.9850000143051147,0.5633999705314636
YJR051W,YIL021W,0,-6.181755,0.14879153668880463,0.9850000143051147,0.5634999871253967
YGR189C,YHR205W,0,-6.1825457,0.1487690657377243,0.9850000143051147,0.5636000037193298
YBR152W,YPL092W,0,-6.182742,0.14874659478664398,0.9850000143051147,0.5637000203132629
YNL101W,YJL054W,0,-6.1828213,0.14872413873672485,0.9850000143051147,0.5637999773025513
YIL038C,YOR068C,0,-6.184703,0.14870169758796692,0.9850000143051147,0.5638999938964844
YOR142W,YDR246W,0,-6.1847506,0.1486792415380478,0.9850000143051147,0.5640000104904175
YBR274W,YML021C,0,-6.184759,0.14865680038928986,0.9850000143051147,0.5641000270843506
YHR107C,YOR084W,0,-6.1858582,0.14863437414169312,0.9850000143051147,0.5641999840736389
YGL089C,YKL214C,0,-6.186393,0.14861194789409637,0.9850000143051147,0.564300000667572
YAL013W,YGR129W,0,-6.186511,0.14858953654766083,0.9850000143051147,0.5644000172615051
YPL082C,YLR262C,0,-6.1865773,0.14856712520122528,0.9850000143051147,0.5644999742507935
YNR019W,YAR003W,0,-6.1869144,0.14854471385478973,0.9850000143051147,0.5645999908447266
YAL058W,YFL058W,0,-6.186952,0.14852231740951538,0.9850000143051147,0.5647000074386597
YMR319C,YJL127C,0,-6.1875024,0.14849992096424103,0.9850000143051147,0.5648000240325928
YGR200C,YDR456W,0,-6.1880813,0.14847753942012787,0.9850000143051147,0.5648999810218811
YPR033C,YER019C-A,0,-6.188177,0.1484551578760147,0.9850000143051147,0.5649999976158142
YBR200W,YGL194C,0,-6.189375,0.14843279123306274,0.9850000143051147,0.5651000142097473
YHR128W,YMR076C,0,-6.189481,0.14841042459011078,0.9850000143051147,0.5651999711990356
YHL040C,YER155C,0,-6.189924,0.14838807284832,0.9850000143051147,0.5652999877929688
YKR030W,YOR188W,0,-6.190011,0.14836572110652924,0.9850000143051147,0.5654000043869019
YPL043W,YBL103C,0,-6.19053,0.14834336936473846,0.9850000143051147,0.565500020980835
YML078W,YGR166W,0,-6.190969,0.1483210325241089,0.9850000143051147,0.5655999779701233
YGR256W,YER110C,0,-6.1915684,0.1482987105846405,0.9850000143051147,0.5656999945640564
YGL180W,YNR008W,0,-6.1920557,0.14827637374401093,0.9850000143051147,0.5658000111579895
YLR151C,YGR240C,0,-6.1921697,0.14825406670570374,0.9850000143051147,0.5659000277519226
YDR076W,YLR086W,0,-6.192945,0.14823175966739655,0.9850000143051147,0.5659999847412109
YDR304C,YBL016W,0,-6.1931934,0.14820945262908936,0.9850000143051147,0.566100001335144
YGR154C,YPL176C,0,-6.1933928,0.14818714559078217,0.9850000143051147,0.5662000179290771
YOR094W,YNR058W,0,-6.1937413,0.14816486835479736,0.9850000143051147,0.5662999749183655
YOR311C,YEL026W,0,-6.1942263,0.14814257621765137,0.9850000143051147,0.5663999915122986
YLR233C,YMR229C,0,-6.1953382,0.14812029898166656,0.9850000143051147,0.5665000081062317
YDR085C,YMR240C,0,-6.1953707,0.14809803664684296,0.9850000143051147,0.5666000247001648
YOR123C,YER072W,0,-6.1955833,0.14807575941085815,0.9850000143051147,0.5666999816894531
YPL204W,YNR072W,0,-6.1963477,0.14805351197719574,0.9850000143051147,0.5667999982833862
YHR164C,YNL078W,0,-6.196816,0.14803126454353333,0.9850000143051147,0.5669000148773193
YKR058W,YER086W,0,-6.1969585,0.1480090171098709,0.9850000143051147,0.5669999718666077
YHR174W,YJL035C,0,-6.197022,0.1479867845773697,0.9850000143051147,0.5670999884605408
YKL149C,YNL064C,0,-6.197157,0.14796455204486847,0.9850000143051147,0.5672000050544739
YLR427W,YAL047C,0,-6.197543,0.14794231951236725,0.9850000143051147,0.567300021648407
YER106W,YMR077C,0,-6.198575,0.14792010188102722,0.9850000143051147,0.5673999786376953
YNR072W,YNL236W,0,-6.1989794,0.1478978991508484,0.9850000143051147,0.5674999952316284
YDR411C,YHR083W,0,-6.1992407,0.14787569642066956,0.9850000143051147,0.5676000118255615
YLR433C,YER126C,0,-6.2003407,0.14785349369049072,0.9850000143051147,0.5677000284194946
YFL022C,YDR510W,0,-6.2005825,0.14783130586147308,0.9850000143051147,0.567799985408783
YGL025C,YJR043C,0,-6.2009,0.14780911803245544,0.9850000143051147,0.5679000020027161
YJR155W,YOR237W,0,-6.2014685,0.147786945104599,0.9850000143051147,0.5680000185966492
YNL071W,YBR287W,0,-6.202155,0.14776477217674255,0.9850000143051147,0.5680999755859375
YLL018C-A,YGL251C,0,-6.206281,0.1477426141500473,0.9850000143051147,0.5681999921798706
YCL027W,YMR183C,0,-6.206328,0.14772045612335205,0.9850000143051147,0.5683000087738037
YKL002W,YBR078W,0,-6.2069473,0.147698312997818,0.9850000143051147,0.5684000253677368
YKR102W,YIL084C,0,-6.2069697,0.14767615497112274,0.9850000143051147,0.5684999823570251
YPL121C,YER104W,0,-6.2073803,0.14765402674674988,0.9850000143051147,0.5685999989509583
YNL159C,YGL251C,0,-6.208177,0.14763189852237701,0.9850000143051147,0.5687000155448914
YNR041C,YOL132W,0,-6.2082777,0.14760977029800415,0.9850000143051147,0.5687999725341797
YDL116W,YLR032W,0,-6.2086773,0.14758765697479248,0.9850000143051147,0.5688999891281128
YJL214W,YHL028W,0,-6.2087398,0.1475655436515808,0.9850000143051147,0.5690000057220459
YKL185W,YJR040W,0,-6.2087417,0.14754344522953033,0.9850000143051147,0.569100022315979
YOR380W,YBR293W,0,-6.208887,0.14752134680747986,0.9850000143051147,0.5691999793052673
YMR261C,YBR127C,0,-6.209579,0.14749924838542938,0.9850000143051147,0.5692999958992004
YBR066C,YLL010C,0,-6.210064,0.1474771648645401,0.9850000143051147,0.5694000124931335
YDR211W,YBL061C,0,-6.2101793,0.147455096244812,0.9850000143051147,0.5695000290870667
YBR199W,YML059C,0,-6.211057,0.14743301272392273,0.9850000143051147,0.569599986076355
YBL002W,YDR198C,0,-6.2118206,0.14741095900535583,0.9850000143051147,0.5697000026702881
YOR188W,YOL100W,0,-6.2118664,0.14738889038562775,0.9850000143051147,0.5698000192642212
YJR076C,YOR313C,0,-6.2128544,0.14736685156822205,0.9850000143051147,0.5698999762535095
YPL170W,YDL188C,0,-6.21344,0.14734479784965515,0.9850000143051147,0.5699999928474426
YBR024W,YBR061C,0,-6.215348,0.14732275903224945,0.9850000143051147,0.5701000094413757
YFL001W,YKL067W,0,-6.216088,0.14730073511600494,0.9850000143051147,0.5702000260353088
YNL052W,YPL045W,0,-6.2170153,0.14727871119976044,0.9850000143051147,0.5702999830245972
YPR113W,YAL032C,0,-6.217343,0.14725668728351593,0.9850000143051147,0.5703999996185303
YDR342C,YDL201W,0,-6.2177544,0.14723467826843262,0.9850000143051147,0.5705000162124634
YLR110C,YDL065C,0,-6.217757,0.1472126692533493,0.9850000143051147,0.5705999732017517
YNL188W,YGL058W,0,-6.219414,0.14719067513942719,0.9850000143051147,0.5706999897956848
YNL101W,YLR403W,0,-6.2196236,0.14716868102550507,0.9850000143051147,0.5708000063896179
YML123C,YML047C,0,-6.2204714,0.14714670181274414,0.9850000143051147,0.570900022983551
YDL117W,YGR258C,0,-6.222766,0.14712472259998322,0.9850000143051147,0.5709999799728394
YER069W,YKR034W,0,-6.2229595,0.1471027433872223,0.9850000143051147,0.5710999965667725
YGL058W,YLR045C,0,-6.223263,0.14708077907562256,0.9850000143051147,0.5712000131607056
YLR418C,YOR126C,0,-6.224593,0.14705882966518402,0.9850000143051147,0.5713000297546387
YAL022C,YNL075W,0,-6.224682,0.1470368653535843,0.9850000143051147,0.571399986743927
YHR115C,YPL043W,0,-6.2255783,0.14701493084430695,0.9850000143051147,0.5715000033378601
YFL057C,YGR081C,0,-6.226723,0.1469929814338684,0.9850000143051147,0.5716000199317932
YDR235W,YMR239C,0,-6.227025,0.14697104692459106,0.9850000143051147,0.5716999769210815
YJL091C,YGL066W,0,-6.227163,0.14694912731647491,0.9850000143051147,0.5717999935150146
YGL212W,YDR259C,0,-6.2277527,0.14692720770835876,0.9850000143051147,0.5719000101089478
YOR103C,YBL035C,0,-6.2282286,0.14690528810024261,0.9850000143051147,0.5720000267028809
YGL148W,YMR140W,0,-6.228545,0.14688338339328766,0.9850000143051147,0.5720999836921692
YBR243C,YOR151C,0,-6.2290087,0.1468614935874939,0.9850000143051147,0.5722000002861023
YIL027C,YLR039C,0,-6.229025,0.14683958888053894,0.9850000143051147,0.5723000168800354
YML069W,YNL044W,0,-6.2292495,0.14681771397590637,0.9850000143051147,0.5723999738693237
YDR343C,YER058W,0,-6.229374,0.1467958241701126,0.9850000143051147,0.5724999904632568
YDR208W,YIL147C,0,-6.2293763,0.14677394926548004,0.9850000143051147,0.5726000070571899
YMR306W,YER150W,0,-6.229485,0.14675208926200867,0.9850000143051147,0.572700023651123
YJR033C,YLR043C,0,-6.230774,0.1467302292585373,0.9850000143051147,0.5727999806404114
YGL043W,YOR197W,0,-6.230901,0.14670836925506592,0.9850000143051147,0.5728999972343445
YBR110W,YDR145W,0,-6.2315683,0.14668652415275574,0.9850000143051147,0.5730000138282776
YKL068W,YDL010W,0,-6.23166,0.14666467905044556,0.9850000143051147,0.5730999708175659
YPL082C,YPR007C,0,-6.2316933,0.14664284884929657,0.9850000143051147,0.573199987411499
YDR448W,YDL214C,0,-6.232193,0.14662101864814758,0.9850000143051147,0.5733000040054321
YPR094W,YBR061C,0,-6.232931,0.1465992033481598,0.9850000143051147,0.5734000205993652
YDR343C,YBR125C,0,-6.234118,0.146577388048172,0.9850000143051147,0.5734999775886536
YGL211W,YLR135W,0,-6.234453,0.1465555727481842,0.9850000143051147,0.5735999941825867
YDL231C,YKL174C,0,-6.234678,0.1465337723493576,0.9850000143051147,0.5737000107765198
YDR224C,YDR345C,0,-6.234954,0.146511971950531,0.9850000143051147,0.5738000273704529
YNR023W,YNL263C,0,-6.2354393,0.1464901864528656,0.9850000143051147,0.5738999843597412
YKR054C,YDR300C,0,-6.2363586,0.1464684009552002,0.9850000143051147,0.5740000009536743
YOL146W,YDR076W,0,-6.236803,0.14644663035869598,0.9850000143051147,0.5741000175476074
YLR397C,YDR424C,0,-6.2370253,0.14642485976219177,0.9850000143051147,0.5741999745368958
YGR057C,YOL004W,0,-6.237286,0.14640308916568756,0.9850000143051147,0.5742999911308289
YMR032W,YER118C,0,-6.237646,0.14638133347034454,0.9850000143051147,0.574400007724762
YER028C,YFR045W,0,-6.238351,0.14635957777500153,0.9850000143051147,0.5745000243186951
YGR261C,YDR410C,0,-6.2386684,0.1463378369808197,0.9850000143051147,0.5745999813079834
YMR131C,YKR031C,0,-6.239043,0.14631609618663788,0.9850000143051147,0.5746999979019165
YNL101W,YLL034C,0,-6.2392864,0.14629437029361725,0.9850000143051147,0.5748000144958496
YJL203W,YNL113W,0,-6.2393312,0.14627264440059662,0.9850000143051147,0.5748999714851379
YPR124W,YIL156W,0,-6.239395,0.14625093340873718,0.9850000143051147,0.574999988079071
YDR511W,YML125C,0,-6.2395663,0.14622922241687775,0.9850000143051147,0.5751000046730042
YNL080C,YPL002C,0,-6.2396836,0.1462075114250183,0.9850000143051147,0.5752000212669373
YOL164W,YNL173C,0,-6.2398567,0.14618581533432007,0.9850000143051147,0.5752999782562256
YMR263W,YDR470C,0,-6.2410784,0.14616411924362183,0.9850000143051147,0.5753999948501587
YIL149C,YML007W,0,-6.241369,0.14614243805408478,0.9850000143051147,0.5755000114440918
YAL060W,YBR004C,0,-6.24154,0.14612075686454773,0.9850000143051147,0.5756000280380249
YAL031C,YBR166C,0,-6.241605,0.14609907567501068,0.9850000143051147,0.5756999850273132
YCR068W,YJR045C,0,-6.2417145,0.14607740938663483,0.9850000143051147,0.5758000016212463
YPL040C,YIL011W,0,-6.241786,0.14605575799942017,0.9850000143051147,0.5759000182151794
YGR060W,YDL112W,0,-6.241889,0.1460341066122055,0.9850000143051147,0.5759999752044678
YPR057W,YIL049W,0,-6.2420697,0.14601245522499084,0.9850000143051147,0.5760999917984009
YHR074W,YEL059C-A,0,-6.2424154,0.14599080383777618,0.9850000143051147,0.576200008392334
YPL155C,YKL034W,0,-6.2427444,0.1459691822528839,0.9850000143051147,0.5763000249862671
YBL042C,YIL053W,0,-6.24286,0.14594754576683044,0.9850000143051147,0.5763999819755554
YPL069C,YKL204W,0,-6.243166,0.14592592418193817,0.9850000143051147,0.5764999985694885
YEL022W,YLR378C,0,-6.2434835,0.1459043174982071,0.9850000143051147,0.5766000151634216
YDR488C,YOR273C,0,-6.2440243,0.14588269591331482,0.9850000143051147,0.57669997215271
YIL075C,YDR372C,0,-6.2444477,0.14586110413074493,0.9850000143051147,0.5767999887466431
YDL085W,YER173W,0,-6.2450953,0.14583949744701385,0.9850000143051147,0.5769000053405762
YGL016W,YGL178W,0,-6.2451787,0.14581790566444397,0.9850000143051147,0.5770000219345093
YNL230C,YAL010C,0,-6.2453327,0.14579632878303528,0.9850000143051147,0.5770999789237976
YJL071W,YBR061C,0,-6.245358,0.1457747519016266,0.9850000143051147,0.5771999955177307
YNL077W,YLR182W,0,-6.2457714,0.1457531750202179,0.9850000143051147,0.5773000121116638
YOR221C,YBR156C,0,-6.2468853,0.1457316130399704,0.9850000143051147,0.5774000287055969
YHR031C,YLR403W,0,-6.2470293,0.1457100659608841,0.9850000143051147,0.5774999856948853
YJL221C,YLR136C,0,-6.247244,0.1456885039806366,0.9850000143051147,0.5776000022888184
YMR312W,YJL212C,0,-6.2477217,0.1456669569015503,0.9850000143051147,0.5777000188827515
YNL116W,YMR089C,0,-6.248375,0.14564542472362518,0.9850000143051147,0.5777999758720398
YPR194C,YBR162W-A,0,-6.248506,0.14562389254570007,0.9850000143051147,0.5778999924659729
YPL256C,YKR080W,0,-6.2485647,0.14560236036777496,0.9850000143051147,0.578000009059906
YLR074C,YMR192W,0,-6.248857,0.14558084309101105,0.9850000143051147,0.5781000256538391
YCR039C,YKL001C,0,-6.250355,0.14555932581424713,0.9850000143051147,0.5781999826431274
YJL098W,YGR047C,0,-6.252043,0.1455378234386444,0.9850000143051147,0.5782999992370605
YML129C,YBR248C,0,-6.253897,0.1455163210630417,0.9850000143051147,0.5784000158309937
YLR015W,YHR068W,0,-6.254799,0.14549483358860016,0.9850000143051147,0.578499972820282
YOR311C,YPR018W,0,-6.2567515,0.14547334611415863,0.9850000143051147,0.5785999894142151
YMR316W,YFL031W,0,-6.2568727,0.1454518586397171,0.9850000143051147,0.5787000060081482
YOR324C,YOR147W,0,-6.2569647,0.14543038606643677,0.9850000143051147,0.5788000226020813
YAL028W,YGL100W,0,-6.2572737,0.14540891349315643,0.9850000143051147,0.5788999795913696
YBR162W-A,YDR341C,0,-6.2581096,0.1453874558210373,0.9850000143051147,0.5789999961853027
YGR159C,YPL112C,0,-6.2585335,0.14536599814891815,0.9850000143051147,0.5791000127792358
YDR345C,YCR009C,0,-6.259445,0.145344540476799,0.9850000143051147,0.579200029373169
YBR125C,YNL025C,0,-6.259534,0.14532309770584106,0.9850000143051147,0.5792999863624573
YGR061C,YGR252W,0,-6.259711,0.1453016698360443,0.9850000143051147,0.5794000029563904
YER106W,YCR018C,0,-6.2597995,0.14528024196624756,0.9850000143051147,0.5795000195503235
YBR205W,YDR081C,0,-6.2613945,0.1452588140964508,0.9850000143051147,0.5795999765396118
YOR239W,YMR058W,0,-6.261508,0.14523738622665405,0.9850000143051147,0.5796999931335449
YDL093W,YBR050C,0,-6.2619557,0.1452159881591797,0.9850000143051147,0.579800009727478
YDR354W,YDR341C,0,-6.262023,0.14519457519054413,0.9850000143051147,0.5799000263214111
YJL110C,YOR069W,0,-6.2627687,0.14517317712306976,0.9850000143051147,0.5799999833106995
YIL124W,YPL145C,0,-6.262771,0.1451517790555954,0.9850000143051147,0.5800999999046326
YOR382W,YML059C,0,-6.2637043,0.14513039588928223,0.9850000143051147,0.5802000164985657
YOR212W,YPR016C,0,-6.264001,0.14510901272296906,0.9850000143051147,0.580299973487854
YDR179C,YIL011W,0,-6.264861,0.14508764445781708,0.9850000143051147,0.5803999900817871
YOR311C,YPL082C,0,-6.2650695,0.1450662761926651,0.9850000143051147,0.5805000066757202
YBR035C,YGL144C,0,-6.265102,0.14504490792751312,0.9850000143051147,0.5806000232696533
YNR054C,YLR025W,0,-6.265666,0.14502355456352234,0.9850000143051147,0.5806999802589417
YNL250W,YDR050C,0,-6.2680297,0.14500220119953156,0.9850000143051147,0.5807999968528748
YNL222W,YPL033C,0,-6.2689104,0.14498086273670197,0.9850000143051147,0.5809000134468079
YPR067W,YMR008C,0,-6.269177,0.14495952427387238,0.9850000143051147,0.5809999704360962
YLR293C,YLR328W,0,-6.2696314,0.14493820071220398,0.9850000143051147,0.5810999870300293
YOR074C,YHR148W,0,-6.2710743,0.14491687715053558,0.9850000143051147,0.5812000036239624
YOR264W,YGL012W,0,-6.2713814,0.1448955535888672,0.9850000143051147,0.5813000202178955
YGR256W,YGL092W,0,-6.271624,0.14487424492835999,0.9850000143051147,0.5813999772071838
YCR017C,YDR236C,0,-6.2717543,0.14485293626785278,0.9850000143051147,0.5814999938011169
YHL020C,YDR510W,0,-6.271936,0.14483164250850677,0.9850000143051147,0.58160001039505
YOR211C,YIL168W,0,-6.2726407,0.14481034874916077,0.9850000143051147,0.5817000269889832
YKL008C,YHR204W,0,-6.2727065,0.14478906989097595,0.9850000143051147,0.5817999839782715
YNL023C,YNL181W,0,-6.2733855,0.14476779103279114,0.9850000143051147,0.5819000005722046
YJL167W,YLR360W,0,-6.2733936,0.14474651217460632,0.9850000143051147,0.5820000171661377
YDR288W,YPL072W,0,-6.273975,0.1447252482175827,0.9850000143051147,0.582099974155426
YML123C,YPL072W,0,-6.2740436,0.14470398426055908,0.9850000143051147,0.5821999907493591
YLR319C,YIL051C,0,-6.275052,0.14468272030353546,0.9850000143051147,0.5823000073432922
YBL042C,YKL014C,0,-6.275457,0.14466147124767303,0.9850000143051147,0.5824000239372253
YPL179W,YDR388W,0,-6.275687,0.1446402370929718,0.9850000143051147,0.5824999809265137
YMR016C,YHL009C,0,-6.2761087,0.14461900293827057,0.9850000143051147,0.5825999975204468
YBR155W,YLR385C,0,-6.276121,0.14459776878356934,0.9850000143051147,0.5827000141143799
YPL167C,YMR019W,0,-6.2765837,0.1445765495300293,0.9850000143051147,0.5827999711036682
YGR036C,YOL016C,0,-6.2768707,0.14455533027648926,0.9850000143051147,0.5828999876976013
YDL055C,YBL058W,0,-6.277684,0.14453411102294922,0.9850000143051147,0.5830000042915344
YIL068C,YMR241W,0,-6.2777495,0.14451290667057037,0.9850000143051147,0.5831000208854675
YJL034W,YKL127W,0,-6.2779465,0.14449171721935272,0.9850000143051147,0.5831999778747559
YLR319C,YPL274W,0,-6.2779794,0.14447051286697388,0.9850000143051147,0.583299994468689
YGR129W,YDL077C,0,-6.278632,0.14444933831691742,0.9850000143051147,0.5834000110626221
YMR055C,YCL001W,0,-6.2802906,0.14442814886569977,0.9850000143051147,0.5835000276565552
YDR204W,YFL005W,0,-6.2809367,0.1444069743156433,0.9850000143051147,0.5835999846458435
YNL055C,YNL049C,0,-6.28212,0.14438581466674805,0.9850000143051147,0.5837000012397766
YGR238C,YHR002W,0,-6.282161,0.14436465501785278,0.9850000143051147,0.5838000178337097
YCL025C,YER150W,0,-6.2828655,0.14434349536895752,0.9850000143051147,0.583899974822998
YER017C,YNL290W,0,-6.2830496,0.14432235062122345,0.9850000143051147,0.5839999914169312
YGR023W,YKL116C,0,-6.284004,0.14430120587348938,0.9850000143051147,0.5841000080108643
YNL037C,YDR472W,0,-6.284956,0.1442800611257553,0.9850000143051147,0.5842000246047974
YEL056W,YNL006W,0,-6.285843,0.14425893127918243,0.9850000143051147,0.5842999815940857
YMR052W,YML031W,0,-6.286104,0.14423781633377075,0.9850000143051147,0.5843999981880188
YPR141C,YJL026W,0,-6.2866063,0.14421668648719788,0.9850000143051147,0.5845000147819519
YPR068C,YER111C,0,-6.286656,0.1441955715417862,0.9850000143051147,0.5845999717712402
YBR142W,YGL023C,0,-6.2871256,0.1441744714975357,0.9850000143051147,0.5846999883651733
YHR215W,YLR105C,0,-6.287654,0.14415337145328522,0.9850000143051147,0.5848000049591064
YGL156W,YKL197C,0,-6.2891474,0.14413228631019592,0.9850000143051147,0.5849000215530396
YMR264W,YNL238W,0,-6.2892056,0.14411118626594543,0.9850000143051147,0.5849999785423279
YER141W,YOR370C,0,-6.290112,0.14409011602401733,0.9850000143051147,0.585099995136261
YOR046C,YDR527W,0,-6.290269,0.14406903088092804,0.9850000143051147,0.5852000117301941
YDL006W,YGR002C,0,-6.2902784,0.14404796063899994,0.9850000143051147,0.5853000283241272
YGR225W,YPR187W,0,-6.290539,0.14402690529823303,0.9850000143051147,0.5853999853134155
YDR479C,YPR137W,0,-6.2908616,0.14400584995746613,0.9850000143051147,0.5855000019073486
YGR155W,YKL038W,0,-6.2929363,0.14398479461669922,0.9850000143051147,0.5856000185012817
YJR050W,YKR014C,0,-6.292959,0.1439637541770935,0.9850000143051147,0.5856999754905701
YGL211W,YBL105C,0,-6.293156,0.1439427137374878,0.9850000143051147,0.5857999920845032
YOL077W-A,YOR095C,0,-6.2935495,0.14392168819904327,0.9850000143051147,0.5859000086784363
YNL326C,YLR121C,0,-6.2937236,0.14390066266059875,0.9850000143051147,0.5860000252723694
YDL044C,YOR087W,0,-6.2939568,0.14387963712215424,0.9850000143051147,0.5860999822616577
YDL076C,YBR169C,0,-6.294674,0.1438586264848709,0.9850000143051147,0.5861999988555908
YDR178W,YML114C,0,-6.295003,0.14383761584758759,0.9850000143051147,0.5863000154495239
YFR029W,YOL091W,0,-6.29508,0.14381662011146545,0.9850000143051147,0.5863999724388123
YPL266W,YPL193W,0,-6.2954416,0.14379562437534332,0.9850000143051147,0.5864999890327454
YNR043W,YHL009C,0,-6.295774,0.1437746286392212,0.9850000143051147,0.5866000056266785
YPL167C,YJR009C,0,-6.2957935,0.14375364780426025,0.9850000143051147,0.5867000222206116
YJR144W,YGR009C,0,-6.29585,0.14373266696929932,0.9850000143051147,0.5867999792098999
YOR233W,YPL042C,0,-6.29621,0.14371170103549957,0.9850000143051147,0.586899995803833
YBR214W,YLR130C,0,-6.296215,0.14369073510169983,0.9850000143051147,0.5870000123977661
YDL004W,YDR265W,0,-6.297563,0.14366978406906128,0.9850000143051147,0.5871000289916992
YMR268C,YGR075C,0,-6.2977266,0.14364883303642273,0.9850000143051147,0.5871999859809875
YFL018C,YIL011W,0,-6.298505,0.14362788200378418,0.9850000143051147,0.5873000025749207
YIL145C,YIL017C,0,-6.2997904,0.14360694587230682,0.9850000143051147,0.5874000191688538
YOR202W,YJR112W,0,-6.299806,0.14358600974082947,0.9850000143051147,0.5874999761581421
YPL153C,YDR145W,0,-6.3011694,0.1435650736093521,0.9850000143051147,0.5875999927520752
YHL020C,YHR088W,0,-6.301718,0.14354415237903595,0.9850000143051147,0.5877000093460083
YER124C,YOL132W,0,-6.3022127,0.14352324604988098,0.9850000143051147,0.5878000259399414
YGR134W,YPR165W,0,-6.303448,0.14350232481956482,0.9850000143051147,0.5878999829292297
YFL003C,YHR074W,0,-6.303582,0.14348143339157104,0.9850000143051147,0.5879999995231628
YJR131W,YMR235C,0,-6.303603,0.14346052706241608,0.9850000143051147,0.588100016117096
YPL115C,YHL025W,0,-6.303991,0.1434396356344223,0.9850000143051147,0.5881999731063843
YDR383C,YBR061C,0,-6.304248,0.14341875910758972,0.9850000143051147,0.5882999897003174
YPR128C,YPL274W,0,-6.3043385,0.14339786767959595,0.9850000143051147,0.5884000062942505
YNL006W,YLL024C,0,-6.306794,0.14337700605392456,0.9850000143051147,0.5885000228881836
YBR038W,YMR139W,0,-6.306856,0.14335612952709198,0.9850000143051147,0.5885999798774719
YDR075W,YCR073C,0,-6.3078685,0.1433352679014206,0.9850000143051147,0.588699996471405
YDR512C,YAR042W,0,-6.3079395,0.1433144211769104,0.9850000143051147,0.5888000130653381
YGR038W,YOR068C,0,-6.3081613,0.1432935744524002,0.9850000143051147,0.5889000296592712
YDR383C,YBR175W,0,-6.3086143,0.14327272772789001,0.9850000143051147,0.5889999866485596
YGL144C,YER005W,0,-6.3086643,0.14325189590454102,0.9850000143051147,0.5891000032424927
YLR369W,YOR115C,0,-6.3091555,0.14323106408119202,0.9850000143051147,0.5892000198364258
YOR374W,YGR189C,0,-6.3091874,0.14321023225784302,0.9850000143051147,0.5892999768257141
YPL101W,YDL188C,0,-6.309821,0.1431894153356552,0.9850000143051147,0.5893999934196472
YBL079W,YDR172W,0,-6.310089,0.1431685984134674,0.9850000143051147,0.5895000100135803
YBR070C,YDR100W,0,-6.311411,0.1431477963924408,0.9850000143051147,0.5896000266075134
YDR123C,YLR316C,0,-6.311976,0.14312699437141418,0.9850000143051147,0.5896999835968018
YDR487C,YLR003C,0,-6.3120656,0.14310620725154877,0.9850000143051147,0.5898000001907349
YJR075W,YPR189W,0,-6.312524,0.14308542013168335,0.9850000143051147,0.589900016784668
YER048W-A,YHR105W,0,-6.3135524,0.14306463301181793,0.9850000143051147,0.5899999737739563
YFL025C,YHR215W,0,-6.3138437,0.1430438607931137,0.9850000143051147,0.5900999903678894
YMR083W,YJR013W,0,-6.3138857,0.14302308857440948,0.9850000143051147,0.5902000069618225
YPL140C,YKL025C,0,-6.314283,0.14300231635570526,0.9850000143051147,0.5903000235557556
YNL161W,YJR119C,0,-6.3144298,0.14298155903816223,0.9850000143051147,0.590399980545044
YGL206C,YIL075C,0,-6.3144703,0.1429608166217804,0.9850000143051147,0.590499997138977
YEL022W,YGL227W,0,-6.3150854,0.14294005930423737,0.9850000143051147,0.5906000137329102
YPR010C,YGL233W,0,-6.3152018,0.14291933178901672,0.9850000143051147,0.5906999707221985
YPR144C,YKL041W,0,-6.3166904,0.1428985893726349,0.9850000143051147,0.5907999873161316
YBL050W,YDR103W,0,-6.3169413,0.14287786185741425,0.9850000143051147,0.5909000039100647
YMR096W,YHR172W,0,-6.3172646,0.1428571492433548,0.9850000143051147,0.5910000205039978
YDL084W,YGL098W,0,-6.31765,0.14283642172813416,0.9850000143051147,0.5910999774932861
YIL062C,YBL039C,0,-6.318999,0.1428157240152359,0.9850000143051147,0.5911999940872192
YJL178C,YOL097C,0,-6.319785,0.14279501140117645,0.9850000143051147,0.5913000106811523
YIR010W,YJL026W,0,-6.320257,0.1427743136882782,0.9850000143051147,0.5914000272750854
YLR074C,YDR098C,0,-6.320369,0.14275361597537994,0.9850000143051147,0.5914999842643738
YDR017C,YNL029C,0,-6.320416,0.14273293316364288,0.9850000143051147,0.5916000008583069
YHR149C,YNL263C,0,-6.320422,0.14271225035190582,0.9850000143051147,0.59170001745224
YJL184W,YPR032W,0,-6.323962,0.14269158244132996,0.9850000143051147,0.5917999744415283
YKL051W,YML124C,0,-6.3241296,0.1426709145307541,0.9850000143051147,0.5918999910354614
YDL085W,YML093W,0,-6.324615,0.14265024662017822,0.9850000143051147,0.5920000076293945
YPL270W,YDR071C,0,-6.324997,0.14262959361076355,0.9850000143051147,0.5921000242233276
YDR479C,YLR193C,0,-6.3252516,0.14260894060134888,0.9850000143051147,0.592199981212616
YLR295C,YGR227W,0,-6.3256917,0.1425883024930954,0.9850000143051147,0.5922999978065491
YOR032C,YER190W,0,-6.326682,0.14256766438484192,0.9850000143051147,0.5924000144004822
YOR038C,YFR031C,0,-6.3268223,0.14254702627658844,0.9850000143051147,0.5924999713897705
YPL112C,YGL097W,0,-6.327373,0.14252640306949615,0.9850000143051147,0.5925999879837036
YBL006C,YDR536W,0,-6.3274593,0.14250577986240387,0.9850000143051147,0.5927000045776367
YJR052W,YGL045W,0,-6.3274755,0.14248517155647278,0.9850000143051147,0.5928000211715698
YER038C,YIR034C,0,-6.327735,0.1424645632505417,0.9850000143051147,0.5928999781608582
YFR046C,YJR125C,0,-6.3286934,0.1424439698457718,0.9850000143051147,0.5929999947547913
YAL063C,YBR230C,0,-6.3288946,0.1424233615398407,0.9850000143051147,0.5931000113487244
YER100W,YDL210W,0,-6.329505,0.142402783036232,0.9850000143051147,0.5932000279426575
YNR010W,YFR010W,0,-6.3297725,0.1423821896314621,0.9850000143051147,0.5932999849319458
YBR015C,YOL006C,0,-6.330359,0.1423616111278534,0.9850000143051147,0.5934000015258789
YGL003C,YLR292C,0,-6.331352,0.14234104752540588,0.9850000143051147,0.593500018119812
YNL094W,YDR388W,0,-6.334225,0.14232046902179718,0.9850000143051147,0.5935999751091003
YDR534C,YDL036C,0,-6.334289,0.14229992032051086,0.9850000143051147,0.5936999917030334
YFL037W,YMR304W,0,-6.3343134,0.14227935671806335,0.9850000143051147,0.5938000082969666
YKR020W,YDL072C,0,-6.334402,0.14225880801677704,0.9850000143051147,0.5939000248908997
YNR050C,YDR334W,0,-6.33451,0.14223827421665192,0.9850000143051147,0.593999981880188
YBR290W,YOL021C,0,-6.335638,0.1422177255153656,0.9850000143051147,0.5940999984741211
YLR035C,YGL252C,0,-6.3362722,0.14219720661640167,0.9850000143051147,0.5942000150680542
YPL008W,YOR207C,0,-6.3366194,0.14217667281627655,0.9850000143051147,0.5942999720573425
YNL101W,YCR092C,0,-6.3368387,0.14215615391731262,0.9850000143051147,0.5943999886512756
YDL146W,YLL034C,0,-6.337094,0.1421356350183487,0.9850000143051147,0.5945000052452087
YKL068W,YLR360W,0,-6.3371434,0.14211513102054596,0.9850000143051147,0.5946000218391418
YMR303C,YDR098C,0,-6.338046,0.14209462702274323,0.9850000143051147,0.5946999788284302
YHL006C,YDR484W,0,-6.3381734,0.14207413792610168,0.9850000143051147,0.5947999954223633
YLL002W,YKL028W,0,-6.3382387,0.14205364882946014,0.9850000143051147,0.5949000120162964
YLR187W,YGL170C,0,-6.3382745,0.1420331597328186,0.9850000143051147,0.5950000286102295
YHR050W,YGL232W,0,-6.3392057,0.14201268553733826,0.9850000143051147,0.5950999855995178
YPR124W,YOR221C,0,-6.339553,0.1419922113418579,0.9850000143051147,0.5952000021934509
YCR021C,YGL175C,0,-6.3398085,0.14197175204753876,0.9850000143051147,0.595300018787384
YJR057W,YNR039C,0,-6.3403273,0.1419512927532196,0.9850000143051147,0.5953999757766724
YJR031C,YPL174C,0,-6.3404036,0.14193083345890045,0.9850000143051147,0.5954999923706055
YGL008C,YGR185C,0,-6.3405204,0.1419103890657425,0.9850000143051147,0.5956000089645386
YPR094W,YDR453C,0,-6.3411055,0.14188994467258453,0.9850000143051147,0.5957000255584717
YAL007C,YIL039W,0,-6.3412523,0.14186951518058777,0.9850000143051147,0.59579998254776
YCR010C,YBR276C,0,-6.341737,0.141849085688591,0.9850000143051147,0.5958999991416931
YOR373W,YOR069W,0,-6.342307,0.14182865619659424,0.9850000143051147,0.5960000157356262
YNL071W,YNL329C,0,-6.342555,0.14180824160575867,0.9850000143051147,0.5960999727249146
YMR281W,YDL135C,0,-6.343131,0.1417878270149231,0.9850000143051147,0.5961999893188477
YDR377W,YPL248C,0,-6.3438807,0.14176741242408752,0.9850000143051147,0.5963000059127808
YML097C,YGL059W,0,-6.344096,0.14174701273441315,0.9850000143051147,0.5964000225067139
YJL167W,YJR127C,0,-6.3441143,0.14172661304473877,0.9850000143051147,0.5964999794960022
YDR001C,YML021C,0,-6.3443327,0.14170622825622559,0.9850000143051147,0.5965999960899353
YDR342C,YOR363C,0,-6.3448977,0.1416858434677124,0.9850000143051147,0.5967000126838684
YHR089C,YGL208W,0,-6.345085,0.1416654735803604,0.9850000143051147,0.5968000292778015
YGL122C,YIL118W,0,-6.3453608,0.14164510369300842,0.9850000143051147,0.5968999862670898
YOL165C,YDL080C,0,-6.345878,0.14162473380565643,0.9850000143051147,0.597000002861023
YHR011W,YGL090W,0,-6.3458943,0.14160436391830444,0.9850000143051147,0.597100019454956
YER035W,YCR073C,0,-6.3474894,0.14158400893211365,0.9850000143051147,0.5971999764442444
YAL044C,YDR353W,0,-6.347673,0.14156366884708405,0.9850000143051147,0.5972999930381775
YNL238W,YKR022C,0,-6.3479147,0.14154332876205444,0.9850000143051147,0.5974000096321106
YNR057C,YLL001W,0,-6.348876,0.14152298867702484,0.9850000143051147,0.5975000262260437
YDR047W,YML065W,0,-6.3496075,0.14150266349315643,0.9850000143051147,0.597599983215332
YDR511W,YMR054W,0,-6.349803,0.14148233830928802,0.9850000143051147,0.5976999998092651
YOR098C,YGL004C,0,-6.3498144,0.14146201312541962,0.9850000143051147,0.5978000164031982
YFL053W,YNL328C,0,-6.350744,0.1414417028427124,0.9850000143051147,0.5978999733924866
YDR081C,YBR294W,0,-6.3509436,0.1414213925600052,0.9850000143051147,0.5979999899864197
YHR109W,YAL009W,0,-6.351075,0.14140109717845917,0.9850000143051147,0.5981000065803528
YJR069C,YMR047C,0,-6.3515325,0.14138080179691315,0.9850000143051147,0.5982000231742859
YCR063W,YDR205W,0,-6.3525987,0.14136050641536713,0.9850000143051147,0.5982999801635742
YGR087C,YGR258C,0,-6.3544817,0.1413402259349823,0.9850000143051147,0.5983999967575073
YGR133W,YPL002C,0,-6.35478,0.14131994545459747,0.9850000143051147,0.5985000133514404
YOR144C,YOR315W,0,-6.355593,0.14129966497421265,0.9850000143051147,0.5985999703407288
YMR195W,YDR310C,0,-6.3558383,0.141279399394989,0.9850000143051147,0.5986999869346619
YNR045W,YBR254C,0,-6.355843,0.14125914871692657,0.9850000143051147,0.598800003528595
YGR009C,YMR236W,0,-6.3563604,0.14123888313770294,0.9850000143051147,0.5989000201225281
YOL076W,YDL065C,0,-6.356401,0.1412186324596405,0.9850000143051147,0.5989999771118164
YAL020C,YDL006W,0,-6.3564625,0.14119839668273926,0.9850000143051147,0.5990999937057495
YOR092W,YKR093W,0,-6.356492,0.141178160905838,0.9850000143051147,0.5992000102996826
YGR142W,YJR151C,0,-6.357145,0.14115792512893677,0.9850000143051147,0.5993000268936157
YML055W,YDR451C,0,-6.357368,0.14113770425319672,0.9850000143051147,0.599399983882904
YOR209C,YML059C,0,-6.357561,0.14111748337745667,0.9850000143051147,0.5995000004768372
YER017C,YOR275C,0,-6.3580117,0.1410972625017166,0.9850000143051147,0.5996000170707703
YJR089W,YKL179C,0,-6.358087,0.14107705652713776,0.9850000143051147,0.5996999740600586
YDL028C,YCL004W,0,-6.3581657,0.1410568505525589,0.9850000143051147,0.5997999906539917
YNR050C,YLR181C,0,-6.3585057,0.14103665947914124,0.9850000143051147,0.5999000072479248
YMR035W,YPL133C,0,-6.3596554,0.14101646840572357,0.9850000143051147,0.6000000238418579
YMR127C,YDL010W,0,-6.3613195,0.1409962773323059,0.9850000143051147,0.6000999808311462
YOL101C,YDL128W,0,-6.3621492,0.14097610116004944,0.9850000143051147,0.6001999974250793
YGR199W,YDR217C,0,-6.362358,0.14095592498779297,0.9850000143051147,0.6003000140190125
YGL155W,YBR004C,0,-6.362427,0.1409357488155365,0.9850000143051147,0.6003999710083008
YMR292W,YNL318C,0,-6.3624415,0.14091558754444122,0.9850000143051147,0.6004999876022339
YBR107C,YGR023W,0,-6.362594,0.14089544117450714,0.9850000143051147,0.600600004196167
YGR138C,YDR453C,0,-6.364587,0.14087527990341187,0.9850000143051147,0.6007000207901001
YOR092W,YNL075W,0,-6.3646517,0.14085513353347778,0.9850000143051147,0.6007999777793884
YMR229C,YDR103W,0,-6.364678,0.1408350020647049,0.9850000143051147,0.6008999943733215
YHR005C-A,YOR362C,0,-6.3653,0.140814870595932,0.9850000143051147,0.6010000109672546
YML088W,YHL028W,0,-6.367034,0.14079473912715912,0.9850000143051147,0.6011000275611877
YCL044C,YJR019C,0,-6.367232,0.14077462255954742,0.9850000143051147,0.6011999845504761
YNL288W,YBR250W,0,-6.3675237,0.14075450599193573,0.9850000143051147,0.6013000011444092
YFR053C,YKL025C,0,-6.3680687,0.14073438942432404,0.9850000143051147,0.6014000177383423
YDR204W,YER055C,0,-6.3696427,0.14071428775787354,0.9850000143051147,0.6014999747276306
YJR151C,YOR327C,0,-6.3706408,0.14069418609142303,0.9850000143051147,0.6015999913215637
YPL267W,YNL214W,0,-6.3708324,0.14067409932613373,0.9850000143051147,0.6017000079154968
YMR162C,YGL143C,0,-6.371161,0.14065401256084442,0.9850000143051147,0.6018000245094299
YGR268C,YIL118W,0,-6.372736,0.14063392579555511,0.9850000143051147,0.6018999814987183
YPL242C,YAR007C,0,-6.372887,0.140613853931427,0.9850000143051147,0.6019999980926514
YGR227W,YKL059C,0,-6.37346,0.1405937820672989,0.9850000143051147,0.6021000146865845
YAR014C,YMR233W,0,-6.3735576,0.14057371020317078,0.9850000143051147,0.6021999716758728
YDR358W,YOL095C,0,-6.37377,0.14055365324020386,0.9850000143051147,0.6022999882698059
YGR088W,YJR144W,0,-6.37436,0.14053359627723694,0.9850000143051147,0.602400004863739
YBR168W,YMR302C,0,-6.374759,0.1405135542154312,0.9850000143051147,0.6025000214576721
YPL160W,YPL002C,0,-6.3754263,0.1404935121536255,0.9850000143051147,0.6025999784469604
YDL078C,YGR185C,0,-6.377314,0.14047347009181976,0.9850000143051147,0.6026999950408936
YMR314W,YHR048W,0,-6.37772,0.14045344293117523,0.9850000143051147,0.6028000116348267
YBL046W,YKL038W,0,-6.3785696,0.1404334157705307,0.9850000143051147,0.6029000282287598
YLR115W,YOR001W,0,-6.3786173,0.14041340351104736,0.9850000143051147,0.6029999852180481
YPL051W,YHR104W,0,-6.3786964,0.14039339125156403,0.9850000143051147,0.6031000018119812
YHR036W,YHR164C,0,-6.379274,0.1403733789920807,0.9850000143051147,0.6032000184059143
YHR096C,YMR218C,0,-6.3806467,0.14035338163375854,0.9850000143051147,0.6032999753952026
YER164W,YPL176C,0,-6.380786,0.1403333842754364,0.9850000143051147,0.6033999919891357
YKL212W,YHR064C,0,-6.3809533,0.14031338691711426,0.9850000143051147,0.6035000085830688
YOR058C,YKL005C,0,-6.3809876,0.1402934044599533,0.9850000143051147,0.603600025177002
YMR180C,YJR095W,0,-6.3811483,0.14027342200279236,0.9850000143051147,0.6036999821662903
YHR176W,YIL070C,0,-6.381772,0.1402534544467926,0.9850000143051147,0.6037999987602234
YER170W,YDR076W,0,-6.3818398,0.14023348689079285,0.9850000143051147,0.6039000153541565
YPL126W,YJL025W,0,-6.3820677,0.1402135193347931,0.9850000143051147,0.6039999723434448
YDL019C,YER049W,0,-6.382963,0.14019356667995453,0.9850000143051147,0.6040999889373779
YIL110W,YLR107W,0,-6.3832874,0.14017361402511597,0.9850000143051147,0.604200005531311
YNL116W,YIL017W,0,-6.3843126,0.1401536762714386,0.9850000143051147,0.6043000221252441
YGL032C,YDR304C,0,-6.384389,0.14013373851776123,0.9850000143051147,0.6043999791145325
YPR145W,YDR017C,0,-6.3849554,0.14011380076408386,0.9850000143051147,0.6044999957084656
YLR274W,YGL043W,0,-6.3851185,0.1400938630104065,0.9850000143051147,0.6046000123023987
YLR370C,YMR198W,0,-6.3857136,0.1400739550590515,0.9850000143051147,0.6047000288963318
YGR261C,YPL273W,0,-6.38608,0.14005403220653534,0.9850000143051147,0.6047999858856201
YGL017W,YBR055C,0,-6.3864937,0.14003412425518036,0.9850000143051147,0.6049000024795532
YNL094W,YPL241C,0,-6.386817,0.14001421630382538,0.9850000143051147,0.6050000190734863
YGR169C,YDR489W,0,-6.386828,0.1399943083524704,0.9850000143051147,0.6050999760627747
YER069W,YFL058W,0,-6.386837,0.1399744153022766,0.9850000143051147,0.6051999926567078
YGR252W,YNR008W,0,-6.387074,0.13995453715324402,0.9850000143051147,0.6053000092506409
YOL124C,YPL283C,0,-6.3873706,0.13993464410305023,0.9850000143051147,0.605400025844574
YDR320C-A,YGL251C,0,-6.3875256,0.13991476595401764,0.9850000143051147,0.6054999828338623
YNL318C,YMR156C,0,-6.3878617,0.13989490270614624,0.9850000143051147,0.6055999994277954
YDL160C,YER019C-A,0,-6.388168,0.13987503945827484,0.9850000143051147,0.6057000160217285
YPR021C,YBR039W,0,-6.3883104,0.13985517621040344,0.9850000143051147,0.6057999730110168
YGR267C,YDL087C,0,-6.3885636,0.13983532786369324,0.9850000143051147,0.60589998960495
YPR193C,YHR085W,0,-6.3888674,0.13981546461582184,0.9850000143051147,0.6060000061988831
YEL053C,YIL147C,0,-6.3892484,0.13979563117027283,0.9850000143051147,0.6061000227928162
YDR492W,YMR183C,0,-6.3899283,0.13977579772472382,0.9850000143051147,0.6061999797821045
YMR250W,YGR047C,0,-6.390049,0.1397559642791748,0.9850000143051147,0.6062999963760376
YMR033W,YPL265W,0,-6.390373,0.1397361308336258,0.9850000143051147,0.6064000129699707
YDL088C,YHR038W,0,-6.3908806,0.13971631228923798,0.9850000143051147,0.6065000295639038
YPR113W,YNL292W,0,-6.391448,0.13969649374485016,0.9850000143051147,0.6065999865531921
YJR093C,YNL188W,0,-6.391505,0.13967669010162354,0.9850000143051147,0.6067000031471252
YOR031W,YBR018C,0,-6.391551,0.1396568864583969,0.9850000143051147,0.6068000197410583
YGL153W,YGL131C,0,-6.3917775,0.1396370828151703,0.9850000143051147,0.6068999767303467
YGL245W,YDR453C,0,-6.3922997,0.13961729407310486,0.9850000143051147,0.6069999933242798
YDR225W,YGL089C,0,-6.392354,0.13959750533103943,0.9850000143051147,0.6071000099182129
YBR177C,YOR124C,0,-6.392357,0.1395777314901352,0.9850000143051147,0.607200026512146
YDR518W,YDR317W,0,-6.3932695,0.13955794274806976,0.9850000143051147,0.6072999835014343
YGL173C,YBL056W,0,-6.393404,0.13953818380832672,0.9850000143051147,0.6074000000953674
YBR286W,YMR208W,0,-6.3941097,0.13951840996742249,0.9850000143051147,0.6075000166893005
YHR115C,YAR033W,0,-6.3945074,0.13949865102767944,0.9850000143051147,0.6075999736785889
YFL045C,YDL052C,0,-6.3945985,0.1394789069890976,0.9850000143051147,0.607699990272522
YML112W,YDR436W,0,-6.39524,0.13945914804935455,0.9850000143051147,0.6078000068664551
YMR264W,YNL310C,0,-6.3955216,0.1394394040107727,0.9850000143051147,0.6079000234603882
YMR043W,YPL097W,0,-6.3955755,0.13941967487335205,0.9850000143051147,0.6079999804496765
YAL054C,YLR039C,0,-6.395825,0.1393999457359314,0.9850000143051147,0.6080999970436096
YDR226W,YLR233C,0,-6.397386,0.13938021659851074,0.9850000143051147,0.6082000136375427
YDR507C,YJL047C,0,-6.3983374,0.13936050236225128,0.9850000143051147,0.608299970626831
YBL102W,YBL088C,0,-6.398446,0.13934078812599182,0.9850000143051147,0.6083999872207642
YDR460W,YEL051W,0,-6.399408,0.13932107388973236,0.9850000143051147,0.6085000038146973
YOL052C-A,YDR488C,0,-6.399681,0.1393013745546341,0.9850000143051147,0.6086000204086304
YNL142W,YCR004C,0,-6.399761,0.13928167521953583,0.9850000143051147,0.6086999773979187
YBR210W,YBL068W,0,-6.3997674,0.13926197588443756,0.9850000143051147,0.6087999939918518
YER086W,YOR129C,0,-6.399953,0.1392422914505005,0.9850000143051147,0.6089000105857849
YJL053W,YOR086C,0,-6.400173,0.1392226219177246,0.9850000143051147,0.609000027179718
YDR384C,YBR058C,0,-6.4002924,0.13920293748378754,0.9850000143051147,0.6090999841690063
YMR211W,YDR221W,0,-6.40042,0.13918326795101166,0.9850000143051147,0.6092000007629395
YLR324W,YGR183C,0,-6.4006677,0.13916359841823578,0.9850000143051147,0.6093000173568726
YLR195C,YOR290C,0,-6.4010043,0.1391439437866211,0.9850000143051147,0.6093999743461609
YBR083W,YIL039W,0,-6.401408,0.1391242891550064,0.9850000143051147,0.609499990940094
YBL042C,YMR096W,0,-6.401845,0.13910464942455292,0.9850000143051147,0.6096000075340271
YPR192W,YGL226C-A,0,-6.402147,0.13908500969409943,0.9850000143051147,0.6097000241279602
YAL060W,YBR109C,0,-6.4027786,0.13906536996364594,0.9850000143051147,0.6097999811172485
YOL002C,YBL046W,0,-6.403489,0.13904573023319244,0.9850000143051147,0.6098999977111816
YOR080W,YNL126W,0,-6.40466,0.13902610540390015,0.9850000143051147,0.6100000143051147
YMR083W,YBR155W,0,-6.404912,0.13900649547576904,0.9850000143051147,0.6100999712944031
YOR373W,YHR152W,0,-6.405177,0.13898687064647675,0.9850000143051147,0.6101999878883362
YGR159C,YDL194W,0,-6.4054537,0.13896727561950684,0.9850000143051147,0.6103000044822693
YBL047C,YOR358W,0,-6.4056396,0.13894766569137573,0.9850000143051147,0.6104000210762024
YGR094W,YDR451C,0,-6.405776,0.13892807066440582,0.9850000143051147,0.6104999780654907
YLR233C,YMR216C,0,-6.405827,0.1389084756374359,0.9850000143051147,0.6105999946594238
YLR381W,YHR160C,0,-6.4068565,0.1388888955116272,0.9850000143051147,0.6107000112533569
YNR017W,YDL116W,0,-6.4071493,0.1388693004846573,0.9850000143051147,0.61080002784729
YJR151C,YIL099W,0,-6.407187,0.13884973526000977,0.9850000143051147,0.6108999848365784
YNR045W,YGL066W,0,-6.4075475,0.13883015513420105,0.9850000143051147,0.6110000014305115
YBR291C,YLL027W,0,-6.407677,0.13881060481071472,0.9850000143051147,0.6111000180244446
YBR286W,YMR077C,0,-6.408096,0.1387910395860672,0.9850000143051147,0.6111999750137329
YHR150W,YOR254C,0,-6.4080973,0.13877148926258087,0.9850000143051147,0.611299991607666
YER048W-A,YJR134C,0,-6.408494,0.13875193893909454,0.9850000143051147,0.6114000082015991
YJR119C,YBR057C,0,-6.4107027,0.13873238861560822,0.9850000143051147,0.6115000247955322
YPL051W,YMR173W,0,-6.4110055,0.13871285319328308,0.9850000143051147,0.6115999817848206
YER168C,YDR477W,0,-6.4115205,0.13869333267211914,0.9850000143051147,0.6116999983787537
YMR043W,YJL026W,0,-6.4121227,0.138673797249794,0.9850000143051147,0.6118000149726868
YJL174W,YMR117C,0,-6.4126205,0.13865427672863007,0.9850000143051147,0.6118999719619751
YOR036W,YGR082W,0,-6.4126735,0.13863477110862732,0.9850000143051147,0.6119999885559082
YGL167C,YGR138C,0,-6.4136486,0.13861525058746338,0.9850000143051147,0.6121000051498413
YOR136W,YJL151C,0,-6.414173,0.13859574496746063,0.9850000143051147,0.6122000217437744
YGL167C,YFL049W,0,-6.4147196,0.13857625424861908,0.9850000143051147,0.6122999787330627
YKL055C,YKR050W,0,-6.4148397,0.13855676352977753,0.9850000143051147,0.6123999953269958
YNL159C,YJR076C,0,-6.415204,0.13853727281093597,0.9850000143051147,0.612500011920929
YOR178C,YPL006W,0,-6.415671,0.13851778209209442,0.9850000143051147,0.6126000285148621
YLR459W,YBL056W,0,-6.4165854,0.13849830627441406,0.9850000143051147,0.6126999855041504
YOL149W,YDR195W,0,-6.4170084,0.1384788453578949,0.9850000143051147,0.6128000020980835
YOR197W,YJR068W,0,-6.4179835,0.13845936954021454,0.9850000143051147,0.6129000186920166
YDR522C,YMR243C,0,-6.418543,0.13843990862369537,0.9850000143051147,0.6129999756813049
YKL157W,YOL147C,0,-6.4185634,0.1384204626083374,0.9850000143051147,0.613099992275238
YPL100W,YMR039C,0,-6.418703,0.13840101659297943,0.9850000143051147,0.6132000088691711
YDR204W,YDR339C,0,-6.419155,0.13838157057762146,0.9850000143051147,0.6133000254631042
YNL121C,YPL120W,0,-6.419226,0.1383621245622635,0.9850000143051147,0.6133999824523926
YFR053C,YHR001W-A,0,-6.420191,0.1383426934480667,0.9850000143051147,0.6134999990463257
YML105C,YJR066W,0,-6.4203606,0.13832326233386993,0.9850000143051147,0.6136000156402588
YKL185W,YPL096W,0,-6.4207287,0.13830384612083435,0.9850000143051147,0.6136999726295471
YLR148W,YHR167W,0,-6.4209075,0.13828442990779877,0.9850000143051147,0.6137999892234802
YDR421W,YDR383C,0,-6.420957,0.13826501369476318,0.9850000143051147,0.6139000058174133
YAL028W,YPR103W,0,-6.4213576,0.1382456123828888,0.9850000143051147,0.6140000224113464
YGR158C,YML027W,0,-6.4213953,0.1382262110710144,0.9850000143051147,0.6140999794006348
YDR487C,YIL056W,0,-6.4217405,0.1382068246603012,0.9850000143051147,0.6141999959945679
YDR416W,YHR070W,0,-6.4218526,0.13818742334842682,0.9850000143051147,0.614300012588501
YJL157C,YML088W,0,-6.42292,0.13816805183887482,0.9850000143051147,0.6144000291824341
YMR162C,YLR100W,0,-6.423085,0.13814866542816162,0.9850000143051147,0.6144999861717224
YPL051W,YLR371W,0,-6.423911,0.13812929391860962,0.9850000143051147,0.6146000027656555
YHR067W,YNL085W,0,-6.4254246,0.13810992240905762,0.9850000143051147,0.6147000193595886
YDL035C,YCR018C,0,-6.4256964,0.1380905658006668,0.9850000143051147,0.614799976348877
YKL197C,YLR139C,0,-6.426157,0.138071209192276,0.9850000143051147,0.6148999929428101
YIL111W,YAL055W,0,-6.4262094,0.1380518525838852,0.9850000143051147,0.6150000095367432
YBR222C,YDL244W,0,-6.4277887,0.13803251087665558,0.9850000143051147,0.6151000261306763
YNL262W,YCL063W,0,-6.428526,0.13801316916942596,0.9850000143051147,0.6151999831199646
YNR010W,YGR252W,0,-6.428642,0.13799384236335754,0.9850000143051147,0.6152999997138977
YGR036C,YKL040C,0,-6.4310126,0.13797450065612793,0.9850000143051147,0.6154000163078308
YAL060W,YNL233W,0,-6.431182,0.1379551887512207,0.9850000143051147,0.6154999732971191
YFR008W,YIL131C,0,-6.4322853,0.13793586194515228,0.9850000143051147,0.6155999898910522
YCR098C,YOR110W,0,-6.432417,0.13791655004024506,0.9850000143051147,0.6157000064849854
YFR044C,YPL137C,1,-6.4327126,0.13803723454475403,0.9860000014305115,0.6157000064849854
YDL013W,YHL022C,0,-6.432828,0.1380179226398468,0.9860000014305115,0.6158000230789185
YLL038C,YDR145W,0,-6.4331913,0.13799859583377838,0.9860000014305115,0.6158999800682068
YKR090W,YNL154C,0,-6.4333363,0.13797928392887115,0.9860000014305115,0.6159999966621399
YPL028W,YKL194C,0,-6.4334497,0.13795998692512512,0.9860000014305115,0.616100013256073
YJL053W,YPL274W,0,-6.4335427,0.1379406899213791,0.9860000014305115,0.6161999702453613
YLR226W,YER100W,0,-6.4336843,0.13792139291763306,0.9860000014305115,0.6162999868392944
YNL172W,YER019C-A,0,-6.4338207,0.13790209591388702,0.9860000014305115,0.6164000034332275
YGL247W,YNL216W,0,-6.434344,0.13788281381130219,0.9860000014305115,0.6165000200271606
YJR077C,YMR037C,0,-6.4343514,0.13786353170871735,0.9860000014305115,0.616599977016449
YOR178C,YCR067C,0,-6.434448,0.1378442645072937,0.9860000014305115,0.6166999936103821
YMR058W,YOR148C,0,-6.434511,0.13782499730587006,0.9860000014305115,0.6168000102043152
YML130C,YLR096W,0,-6.4350705,0.1378057301044464,0.9860000014305115,0.6169000267982483
YNL278W,YJL219W,0,-6.4351006,0.13778647780418396,0.9860000014305115,0.6169999837875366
YNR032W,YLR009W,0,-6.435287,0.1377672255039215,0.9860000014305115,0.6171000003814697
YLR423C,YEL060C,0,-6.4354477,0.13774797320365906,0.9860000014305115,0.6172000169754028
YJL167W,YHR102W,0,-6.4365683,0.1377287358045578,0.9860000014305115,0.6172999739646912
YKL163W,YHR027C,0,-6.436926,0.13770949840545654,0.9860000014305115,0.6173999905586243
YPR192W,YMR313C,0,-6.4375405,0.13769026100635529,0.9860000014305115,0.6175000071525574
YNL119W,YDL085W,0,-6.4378233,0.13767103850841522,0.9860000014305115,0.6176000237464905
YGL238W,YNL308C,0,-6.4384823,0.13765181601047516,0.9860000014305115,0.6176999807357788
YBR149W,YGR179C,0,-6.4384995,0.1376326084136963,0.9860000014305115,0.6177999973297119
YMR300C,YDR464W,0,-6.4385405,0.13761340081691742,0.9860000014305115,0.617900013923645
YJL071W,YJL002C,0,-6.438824,0.13759419322013855,0.9860000014305115,0.6179999709129333
YOR098C,YLR268W,0,-6.4390187,0.13757500052452087,0.9860000014305115,0.6180999875068665
YJR068W,YNR039C,0,-6.4404974,0.1375558078289032,0.9860000014305115,0.6182000041007996
YBL074C,YOR353C,0,-6.442461,0.13753661513328552,0.9860000014305115,0.6183000206947327
YKL182W,YIL131C,0,-6.443306,0.13751743733882904,0.9860000014305115,0.618399977684021
YJL010C,YPL007C,0,-6.4434566,0.13749825954437256,0.9860000014305115,0.6184999942779541
YCR069W,YHR084W,0,-6.444292,0.13747908174991608,0.9860000014305115,0.6186000108718872
YLR109W,YHR157W,0,-6.4443154,0.1374599188566208,0.9860000014305115,0.6187000274658203
YML071C,YJR125C,0,-6.4449596,0.1374407559633255,0.9860000014305115,0.6187999844551086
YCL029C,YDL178W,0,-6.4453974,0.1374216079711914,0.9860000014305115,0.6189000010490417
YJL035C,YDR398W,0,-6.4462137,0.1374024599790573,0.9860000014305115,0.6190000176429749
YOL078W,YFR001W,0,-6.4462476,0.13738331198692322,0.9860000014305115,0.6190999746322632
YGR140W,YHR209W,0,-6.4464083,0.13736416399478912,0.9860000014305115,0.6191999912261963
YBR059C,YML067C,0,-6.4465966,0.13734503090381622,0.9860000014305115,0.6193000078201294
YGL084C,YKL216W,0,-6.446884,0.13732591271400452,0.9860000014305115,0.6194000244140625
YGR267C,YKL110C,0,-6.4473095,0.13730677962303162,0.9860000014305115,0.6194999814033508
YBR243C,YLR370C,0,-6.4483676,0.1372876614332199,0.9860000014305115,0.6195999979972839
YMR052W,YNL031C,0,-6.4484816,0.1372685581445694,0.9860000014305115,0.619700014591217
YEL061C,YJR075W,0,-6.4487257,0.1372494399547577,0.9860000014305115,0.6197999715805054
YOL030W,YMR218C,0,-6.4489126,0.13723033666610718,0.9860000014305115,0.6198999881744385
YPL265W,YKL008C,0,-6.449753,0.13721124827861786,0.9860000014305115,0.6200000047683716
YDL100C,YDL059C,0,-6.4500914,0.13719215989112854,0.9860000014305115,0.6201000213623047
YMR168C,YKL074C,0,-6.450177,0.13717307150363922,0.9860000014305115,0.620199978351593
YLR220W,YDL209C,0,-6.4505663,0.1371539831161499,0.9860000014305115,0.6202999949455261
YLR115W,YJL106W,0,-6.4508753,0.13713490962982178,0.9860000014305115,0.6204000115394592
YJL172W,YOR188W,0,-6.451199,0.13711583614349365,0.9860000014305115,0.6205000281333923
YNL209W,YML038C,0,-6.4513836,0.13709677755832672,0.9860000014305115,0.6205999851226807
YLL018C-A,YJL219W,0,-6.4516654,0.1370777189731598,0.9860000014305115,0.6207000017166138
YER052C,YHR014W,0,-6.452232,0.13705866038799286,0.9860000014305115,0.6208000183105469
YLR188W,YGR081C,0,-6.4523907,0.13703961670398712,0.9860000014305115,0.6208999752998352
YLR398C,YGL232W,0,-6.4526906,0.13702057301998138,0.9860000014305115,0.6209999918937683
YNL219C,YLR425W,0,-6.4528904,0.13700152933597565,0.9860000014305115,0.6211000084877014
YIL132C,YJR068W,0,-6.452977,0.1369825005531311,0.9860000014305115,0.6212000250816345
YML006C,YML056C,0,-6.453275,0.13696347177028656,0.9860000014305115,0.6212999820709229
YDR464W,YOR162C,0,-6.453455,0.13694444298744202,0.9860000014305115,0.621399998664856
YIL043C,YOR319W,0,-6.4542036,0.13692542910575867,0.9860000014305115,0.6215000152587891
YDR511W,YPR057W,0,-6.4542203,0.13690641522407532,0.9860000014305115,0.6215999722480774
YGL155W,YMR076C,0,-6.454256,0.13688740134239197,0.9860000014305115,0.6216999888420105
YJR143C,YOR127W,0,-6.454487,0.1368684023618698,0.9860000014305115,0.6218000054359436
YDR040C,YPR083W,0,-6.4545484,0.13684940338134766,0.9860000014305115,0.6219000220298767
YGR256W,YBR216C,0,-6.455775,0.1368304193019867,0.9860000014305115,0.621999979019165
YOR362C,YER100W,0,-6.4562273,0.13681143522262573,0.9860000014305115,0.6220999956130981
YKR058W,YPR075C,0,-6.456437,0.13679245114326477,0.9860000014305115,0.6222000122070312
YDR392W,YHR048W,0,-6.457028,0.136773481965065,0.9860000014305115,0.6223000288009644
YGR109C,YDL097C,0,-6.45717,0.13675451278686523,0.9860000014305115,0.6223999857902527
YDR113C,YDL055C,0,-6.4571915,0.13673554360866547,0.9860000014305115,0.6225000023841858
YJL214W,YIL156W,0,-6.457193,0.1367165893316269,0.9860000014305115,0.6226000189781189
YML114C,YDL217C,0,-6.4574785,0.13669763505458832,0.9860000014305115,0.6226999759674072
YHR114W,YLR386W,0,-6.4580135,0.13667868077754974,0.9860000014305115,0.6227999925613403
YNL061W,YBR077C,0,-6.4587297,0.13665974140167236,0.9860000014305115,0.6229000091552734
YGL208W,YDR407C,0,-6.459344,0.13664080202579498,0.9860000014305115,0.6230000257492065
YGL238W,YBR240C,0,-6.459589,0.1366218626499176,0.9860000014305115,0.6230999827384949
YOR032C,YKL057C,0,-6.4602594,0.13660293817520142,0.9860000014305115,0.623199999332428
YPL049C,YPL274W,0,-6.4604177,0.13658401370048523,0.9860000014305115,0.6233000159263611
YGR057C,YPL129W,0,-6.461062,0.13656510412693024,0.9860000014305115,0.6233999729156494
YOR023C,YLR103C,0,-6.462352,0.13654617965221405,0.9860000014305115,0.6234999895095825
YOL096C,YPL221W,0,-6.462636,0.13652728497982025,0.9860000014305115,0.6236000061035156
YPL181W,YJR144W,0,-6.4635487,0.13650837540626526,0.9860000014305115,0.6237000226974487
YDR430C,YBR198C,0,-6.463747,0.13648948073387146,0.9860000014305115,0.6237999796867371
YLR229C,YDR435C,0,-6.46407,0.13647058606147766,0.9860000014305115,0.6238999962806702
YBR274W,YPL133C,0,-6.4657288,0.13645170629024506,0.9860000014305115,0.6240000128746033
YPL262W,YJL204C,0,-6.465953,0.13643282651901245,0.9860000014305115,0.6241000294685364
YNL290W,YHR030C,0,-6.466408,0.13641394674777985,0.9860000014305115,0.6241999864578247
YOR320C,YNL119W,0,-6.4666233,0.13639508187770844,0.9860000014305115,0.6243000030517578
YDR022C,YNL314W,0,-6.4684086,0.13637621700763702,0.9860000014305115,0.6244000196456909
YER125W,YIR022W,0,-6.4687233,0.1363573521375656,0.9860000014305115,0.6244999766349792
YPL051W,YDR489W,0,-6.4689264,0.1363385021686554,0.9860000014305115,0.6245999932289124
YCR020C-A,YMR047C,0,-6.4711146,0.13631965219974518,0.9860000014305115,0.6247000098228455
YGL003C,YKL025C,0,-6.4719105,0.13630080223083496,0.9860000014305115,0.6248000264167786
YGL047W,YKL005C,0,-6.474292,0.13628196716308594,0.9860000014305115,0.6248999834060669
YKR054C,YCR020C-A,0,-6.4746175,0.13626313209533691,0.9860000014305115,0.625
YEL069C,YJL179W,0,-6.4747543,0.1362442970275879,0.9860000014305115,0.6251000165939331
YER088C,YJL053W,0,-6.475167,0.13622547686100006,0.9860000014305115,0.6251999735832214
YKL112W,YNL041C,0,-6.4755974,0.13620665669441223,0.9860000014305115,0.6252999901771545
YOR147W,YFL045C,0,-6.4756565,0.1361878514289856,0.9860000014305115,0.6254000067710876
YCL025C,YMR189W,0,-6.4764643,0.13616903126239777,0.9860000014305115,0.6255000233650208
YGR295C,YNL119W,0,-6.476605,0.13615024089813232,0.9860000014305115,0.6255999803543091
YDR446W,YLR084C,0,-6.478449,0.1361314356327057,0.9860000014305115,0.6256999969482422
YGL153W,YDL140C,0,-6.478786,0.13611264526844025,0.9860000014305115,0.6258000135421753
YHR188C,YMR150C,0,-6.4791546,0.1360938549041748,0.9860000014305115,0.6258999705314636
YER107C,YLL031C,0,-6.480507,0.13607507944107056,0.9860000014305115,0.6259999871253967
YBR294W,YNL310C,0,-6.480523,0.1360563039779663,0.9860000014305115,0.6261000037193298
YBR240C,YER005W,0,-6.482607,0.13603752851486206,0.9860000014305115,0.6262000203132629
YJR161C,YGR222W,0,-6.482688,0.136018767952919,0.9860000014305115,0.6262999773025513
YLR369W,YLR120C,0,-6.4840107,0.13600000739097595,0.9860000014305115,0.6263999938964844
YLR219W,YOR115C,0,-6.4851007,0.1359812468290329,0.9860000014305115,0.6265000104904175
YDR397C,YML032C,0,-6.4860992,0.13596248626708984,0.9860000014305115,0.6266000270843506
YOR028C,YAL010C,0,-6.4866505,0.13594374060630798,0.9860000014305115,0.6266999840736389
YBL019W,YLR376C,0,-6.4871078,0.13592500984668732,0.9860000014305115,0.626800000667572
YPL101W,YOL094C,0,-6.487238,0.13590626418590546,0.9860000014305115,0.6269000172615051
YGL227W,YHR060W,0,-6.4874644,0.13588754832744598,0.9860000014305115,0.6269999742507935
YDL161W,YDR346C,0,-6.4876738,0.13586881756782532,0.9860000014305115,0.6270999908447266
YBL069W,YLR135W,0,-6.487756,0.13585010170936584,0.9860000014305115,0.6272000074386597
YDR351W,YMR203W,0,-6.488194,0.13583138585090637,0.9860000014305115,0.6273000240325928
YIL041W,YLR191W,0,-6.4882617,0.1358126699924469,0.9860000014305115,0.6273999810218811
YKL026C,YML125C,0,-6.488375,0.13579396903514862,0.9860000014305115,0.6274999976158142
YGL209W,YMR268C,0,-6.488959,0.13577526807785034,0.9860000014305115,0.6276000142097473
YKL026C,YJR069C,0,-6.4892974,0.13575656712055206,0.9860000014305115,0.6276999711990356
YLR096W,YMR313C,0,-6.489768,0.13573788106441498,0.9860000014305115,0.6277999877929688
YDR208W,YCR073C,0,-6.489812,0.1357191950082779,0.9860000014305115,0.6279000043869019
YIR023W,YJR151C,0,-6.4899693,0.135700523853302,0.9860000014305115,0.628000020980835
YOR209C,YML058W,0,-6.490425,0.1356818526983261,0.9860000014305115,0.6280999779701233
YOR298C-A,YLL012W,0,-6.490559,0.13566318154335022,0.9860000014305115,0.6281999945640564
YPR033C,YOR127W,0,-6.490784,0.13564451038837433,0.9860000014305115,0.6283000111579895
YLR131C,YCR024C-A,0,-6.490925,0.13562585413455963,0.9860000014305115,0.6284000277519226
YMR228W,YKL134C,0,-6.491627,0.13560721278190613,0.9860000014305115,0.6284999847412109
YER167W,YLR182W,0,-6.491699,0.13558855652809143,0.9860000014305115,0.628600001335144
YOR382W,YBR198C,0,-6.4917903,0.13556991517543793,0.9860000014305115,0.6287000179290771
YGR188C,YDR318W,0,-6.4921684,0.13555127382278442,0.9860000014305115,0.6287999749183655
YLR431C,YKR058W,0,-6.4925637,0.13553264737129211,0.9860000014305115,0.6288999915122986
YML069W,YKL041W,0,-6.492701,0.1355140209197998,0.9860000014305115,0.6290000081062317
YER155C,YOL017W,0,-6.492875,0.1354953944683075,0.9860000014305115,0.6291000247001648
YHR171W,YDR425W,0,-6.4941297,0.13547678291797638,0.9860000014305115,0.6291999816894531
YMR022W,YJL004C,0,-6.4944906,0.13545817136764526,0.9860000014305115,0.6292999982833862
YLL038C,YNL099C,0,-6.494646,0.13543955981731415,0.9860000014305115,0.6294000148773193
YBR035C,YGR096W,0,-6.4948654,0.13542096316814423,0.9860000014305115,0.6294999718666077
YGL186C,YML088W,0,-6.495149,0.1354023665189743,0.9860000014305115,0.6295999884605408
YOR230W,YPL033C,0,-6.495307,0.13538376986980438,0.9860000014305115,0.6297000050544739
YER170W,YCL038C,0,-6.495466,0.13536518812179565,0.9860000014305115,0.629800021648407
YDL220C,YHR059W,0,-6.4960394,0.13534660637378693,0.9860000014305115,0.6298999786376953
YFL014W,YHR118C,0,-6.49838,0.1353280246257782,0.9860000014305115,0.6299999952316284
YOR018W,YHL006C,0,-6.49983,0.13530945777893066,0.9860000014305115,0.6301000118255615
YLR431C,YGL142C,0,-6.5002594,0.13529089093208313,0.9860000014305115,0.6302000284194946
YLL060C,YKL064W,0,-6.5002804,0.1352723240852356,0.9860000014305115,0.630299985408783
YHL020C,YDR128W,0,-6.5009174,0.13525377213954926,0.9860000014305115,0.6304000020027161
YNL001W,YAR002C-A,0,-6.50123,0.13523522019386292,0.9860000014305115,0.6305000185966492
YPL048W,YBR122C,1,-6.5015383,0.13535381853580475,0.9869999885559082,0.6305000185966492
YHR116W,YKL073W,0,-6.501595,0.13533525168895721,0.9869999885559082,0.6305999755859375
YCR002C,YDR490C,0,-6.5016313,0.13531669974327087,0.9869999885559082,0.6306999921798706
YOL026C,YOR337W,0,-6.502392,0.13529814779758453,0.9869999885559082,0.6308000087738037
YDR490C,YMR234W,0,-6.502664,0.1352796107530594,0.9869999885559082,0.6309000253677368
YEL029C,YNL154C,0,-6.502924,0.13526105880737305,0.9869999885559082,0.6309999823570251
YBR205W,YLR165C,0,-6.503313,0.1352425366640091,0.9869999885559082,0.6310999989509583
YJR001W,YNL026W,0,-6.503996,0.13522399961948395,0.9869999885559082,0.6312000155448914
YGL236C,YDR488C,0,-6.5042367,0.13520547747612,0.9869999885559082,0.6312999725341797
YDR268W,YDR074W,0,-6.5042763,0.13518695533275604,0.9869999885559082,0.6313999891281128
YFL053W,YLR376C,0,-6.5046406,0.13516844809055328,0.9869999885559082,0.6315000057220459
YJL157C,YJR140C,0,-6.5047617,0.13514994084835052,0.9869999885559082,0.631600022315979
YHR143W,YOR018W,0,-6.5049033,0.13513143360614777,0.9869999885559082,0.6316999793052673
YGR289C,YNL072W,0,-6.505549,0.1351129412651062,0.9869999885559082,0.6317999958992004
YLR226W,YDR398W,0,-6.506089,0.13509444892406464,0.9869999885559082,0.6319000124931335
YFL011W,YMR150C,0,-6.506383,0.13507595658302307,0.9869999885559082,0.6320000290870667
YHL048W,YBR295W,0,-6.5066524,0.1350574642419815,0.9869999885559082,0.632099986076355
YDR513W,YHR048W,0,-6.506912,0.13503898680210114,0.9869999885559082,0.6322000026702881
YJL053W,YAL030W,0,-6.5072727,0.13502052426338196,0.9869999885559082,0.6323000192642212
YJL013C,YFL058W,0,-6.507512,0.1350020468235016,0.9869999885559082,0.6323999762535095
YLR233C,YER040W,0,-6.5078087,0.1349835842847824,0.9869999885559082,0.6324999928474426
YOR188W,YKL196C,0,-6.5078754,0.13496513664722443,0.9869999885559082,0.6326000094413757
YJR006W,YOR095C,0,-6.507964,0.13494667410850525,0.9869999885559082,0.6327000260353088
YGR055W,YHR206W,0,-6.5085716,0.13492822647094727,0.9869999885559082,0.6327999830245972
YOL052C-A,YBR136W,0,-6.5090036,0.13490979373455048,0.9869999885559082,0.6328999996185303
YCL030C,YBL056W,0,-6.5095224,0.1348913460969925,0.9869999885559082,0.6330000162124634
YHL040C,YMR180C,0,-6.510544,0.1348729133605957,0.9869999885559082,0.6330999732017517
YLR310C,YDR144C,0,-6.5108414,0.1348544955253601,0.9869999885559082,0.6331999897956848
YCR105W,YHR027C,0,-6.511589,0.13483606278896332,0.9869999885559082,0.6333000063896179
YPR082C,YJL091C,0,-6.5120153,0.13481764495372772,0.9869999885559082,0.633400022983551
YOL096C,YLL002W,0,-6.5121164,0.13479924201965332,0.9869999885559082,0.6334999799728394
YJL014W,YDL055C,0,-6.5135903,0.13478082418441772,0.9869999885559082,0.6335999965667725
YLR450W,YDR288W,0,-6.513636,0.13476242125034332,0.9869999885559082,0.6337000131607056
YFL014W,YOL115W,0,-6.5137215,0.13474403321743011,0.9869999885559082,0.6338000297546387
YNL048W,YIL147C,0,-6.514985,0.1347256302833557,0.9869999885559082,0.633899986743927
YER052C,YJR112W,0,-6.5152283,0.1347072422504425,0.9869999885559082,0.6340000033378601
YOR039W,YDR341C,0,-6.515454,0.1346888691186905,0.9869999885559082,0.6341000199317932
YDL065C,YER175C,0,-6.5155535,0.13467048108577728,0.9869999885559082,0.6341999769210815
YLL031C,YLR234W,0,-6.515563,0.13465210795402527,0.9869999885559082,0.6342999935150146
YER012W,YHR066W,0,-6.516019,0.13463374972343445,0.9869999885559082,0.6344000101089478
YGL246C,YDL168W,0,-6.5170836,0.13461539149284363,0.9869999885559082,0.6345000267028809
YOL095C,YPL019C,0,-6.5175276,0.1345970332622528,0.9869999885559082,0.6345999836921692
YJL212C,YHR060W,0,-6.5178127,0.134578675031662,0.9869999885559082,0.6347000002861023
YGL190C,YGR213C,0,-6.518247,0.13456033170223236,0.9869999885559082,0.6348000168800354
YOR092W,YDL217C,0,-6.518339,0.13454198837280273,0.9869999885559082,0.6348999738693237
YGL055W,YKR029C,0,-6.5191216,0.1345236450433731,0.9869999885559082,0.6349999904632568
YMR211W,YML001W,0,-6.5195866,0.13450531661510468,0.9869999885559082,0.6351000070571899
YPL007C,YDR259C,0,-6.5198517,0.13448698818683624,0.9869999885559082,0.635200023651123
YML056C,YGL122C,0,-6.5201077,0.1344686597585678,0.9869999885559082,0.6352999806404114
YDL065C,YJL109C,0,-6.5208783,0.13445034623146057,0.9869999885559082,0.6353999972343445
YJL078C,YBR198C,0,-6.521151,0.13443203270435333,0.9869999885559082,0.6355000138282776
YKL191W,YGR211W,0,-6.521675,0.1344137340784073,0.9869999885559082,0.6355999708175659
YLR268W,YJL154C,0,-6.521953,0.13439542055130005,0.9869999885559082,0.635699987411499
YKR087C,YAL043C,0,-6.5227118,0.134377121925354,0.9869999885559082,0.6358000040054321
YKR029C,YHR050W,0,-6.5227475,0.13435883820056915,0.9869999885559082,0.6359000205993652
YNR058W,YHL024W,0,-6.5234675,0.1343405544757843,0.9869999885559082,0.6359999775886536
YAL039C,YOL042W,0,-6.523693,0.13432227075099945,0.9869999885559082,0.6360999941825867
YGL019W,YCL016C,0,-6.523714,0.1343039870262146,0.9869999885559082,0.6362000107765198
YFL010W-A,YCR047C,0,-6.525156,0.13428571820259094,0.9869999885559082,0.6363000273704529
YFR001W,YDR265W,0,-6.525407,0.13426744937896729,0.9869999885559082,0.6363999843597412
YOL149W,YBL051C,0,-6.5254755,0.13424918055534363,0.9869999885559082,0.6365000009536743
YGR195W,YOL113W,0,-6.5259256,0.13423092663288116,0.9869999885559082,0.6366000175476074
YPL046C,YOR213C,0,-6.5259857,0.1342126727104187,0.9869999885559082,0.6366999745368958
YOR358W,YHR133C,0,-6.526046,0.13419441878795624,0.9869999885559082,0.6367999911308289
YJL174W,YHR081W,0,-6.526281,0.13417617976665497,0.9869999885559082,0.636900007724762
YIL079C,YJR057W,0,-6.526569,0.1341579407453537,0.9869999885559082,0.6370000243186951
YMR043W,YIL138C,0,-6.5282617,0.13413971662521362,0.9869999885559082,0.6370999813079834
YLL031C,YDR120C,0,-6.5287933,0.13412147760391235,0.9869999885559082,0.6371999979019165
YLR196W,YGL229C,0,-6.5288935,0.13410325348377228,0.9869999885559082,0.6373000144958496
YHL047C,YDR489W,0,-6.5289774,0.1340850442647934,0.9869999885559082,0.6373999714851379
YIL119C,YMR005W,0,-6.529022,0.13406683504581451,0.9869999885559082,0.637499988079071
YMR220W,YDR062W,0,-6.533498,0.13404862582683563,0.9869999885559082,0.6376000046730042
YNL039W,YEL016C,0,-6.534378,0.13403041660785675,0.9869999885559082,0.6377000212669373
YHR211W,YDL079C,0,-6.534536,0.13401222229003906,0.9869999885559082,0.6377999782562256
YDL192W,YER114C,0,-6.5352674,0.13399402797222137,0.9869999885559082,0.6378999948501587
YOR025W,YDL210W,0,-6.535538,0.1339758336544037,0.9869999885559082,0.6380000114440918
YPR068C,YDR288W,0,-6.5355606,0.1339576542377472,0.9869999885559082,0.6381000280380249
YMR236W,YOR124C,0,-6.5357056,0.1339394748210907,0.9869999885559082,0.6381999850273132
YJL221C,YNL261W,0,-6.536004,0.1339212954044342,0.9869999885559082,0.6383000016212463
YDR188W,YMR239C,0,-6.5370793,0.1339031308889389,0.9869999885559082,0.6384000182151794
YHR058C,YOR281C,0,-6.537633,0.1338849663734436,0.9869999885559082,0.6384999752044678
YOR257W,YDR062W,0,-6.5376368,0.1338668167591095,0.9869999885559082,0.6385999917984009
YKL054C,YHR081W,0,-6.5378447,0.1338486522436142,0.9869999885559082,0.638700008392334
YGL247W,YPR088C,0,-6.5379763,0.1338305026292801,0.9869999885559082,0.6388000249862671
YLL060C,YOR256C,0,-6.5389304,0.13381236791610718,0.9869999885559082,0.6388999819755554
YKL089W,YGR274C,0,-6.539099,0.13379421830177307,0.9869999885559082,0.6389999985694885
YBR230C,YNR031C,0,-6.539214,0.13377609848976135,0.9869999885559082,0.6391000151634216
YDL222C,YGL178W,0,-6.539258,0.13375796377658844,0.9869999885559082,0.63919997215271
YJL179W,YPL026C,0,-6.5393877,0.13373984396457672,0.9869999885559082,0.6392999887466431
YNR017W,YKR014C,0,-6.539753,0.133721724152565,0.9869999885559082,0.6394000053405762
YJR090C,YHR058C,0,-6.539972,0.13370360434055328,0.9869999885559082,0.6395000219345093
YPR135W,YDR221W,0,-6.5408363,0.13368549942970276,0.9869999885559082,0.6395999789237976
YMR110C,YOR334W,0,-6.541394,0.13366739451885223,0.9869999885559082,0.6396999955177307
YKL007W,YNL074C,0,-6.5419436,0.1336492896080017,0.9869999885559082,0.6398000121116638
YMR015C,YHR204W,0,-6.5423512,0.13363119959831238,0.9869999885559082,0.6399000287055969
YMR131C,YLR237W,0,-6.54272,0.13361310958862305,0.9869999885559082,0.6399999856948853
YNL275W,YAL007C,0,-6.5446687,0.13359501957893372,0.9869999885559082,0.6401000022888184
YDR440W,YEL053C,0,-6.544739,0.13357694447040558,0.9869999885559082,0.6402000188827515
YCR020C-A,YDR045C,0,-6.5449514,0.13355886936187744,0.9869999885559082,0.6402999758720398
YOL132W,YJL044C,0,-6.545277,0.1335407942533493,0.9869999885559082,0.6403999924659729
YOR320C,YBR195C,0,-6.5457864,0.13352273404598236,0.9869999885559082,0.640500009059906
YMR220W,YDR351W,0,-6.546129,0.13350467383861542,0.9869999885559082,0.6406000256538391
YBR109C,YHR099W,0,-6.5468354,0.13348661363124847,0.9869999885559082,0.6406999826431274
YFL050C,YNL288W,0,-6.547923,0.13346855342388153,0.9869999885559082,0.6407999992370605
YBR015C,YPL138C,0,-6.5480075,0.13345050811767578,0.9869999885559082,0.6409000158309937
YER167W,YGL166W,0,-6.5483217,0.13343247771263123,0.9869999885559082,0.640999972820282
YLR088W,YLR239C,0,-6.548456,0.13341443240642548,0.9869999885559082,0.6410999894142151
YLR450W,YBR253W,0,-6.549282,0.13339640200138092,0.9869999885559082,0.6412000060081482
YLR028C,YIL111W,0,-6.5498676,0.13337837159633636,0.9869999885559082,0.6413000226020813
YLR044C,YGR180C,0,-6.550065,0.133360356092453,0.9869999885559082,0.6413999795913696
YGL017W,YDR398W,0,-6.550147,0.13334234058856964,0.9869999885559082,0.6414999961853027
YML004C,YNL113W,0,-6.55036,0.13332432508468628,0.9869999885559082,0.6416000127792358
YPR026W,YOR275C,0,-6.5506287,0.1333063244819641,0.9869999885559082,0.641700029373169
YNL066W,YGR005C,0,-6.550826,0.13328832387924194,0.9869999885559082,0.6417999863624573
YCL032W,YMR227C,0,-6.5510006,0.13327032327651978,0.9869999885559082,0.6419000029563904
YNR003C,YGL175C,0,-6.5529566,0.1332523226737976,0.9869999885559082,0.6420000195503235
YBR263W,YER123W,0,-6.553546,0.13323433697223663,0.9869999885559082,0.6420999765396118
YNL112W,YHR069C,0,-6.5565667,0.13321635127067566,0.9869999885559082,0.6421999931335449
YBL099W,YOR290C,0,-6.5566635,0.13319838047027588,0.9869999885559082,0.642300009727478
YDR150W,YKL028W,0,-6.557873,0.1331804096698761,0.9869999885559082,0.6424000263214111
YGL241W,YER049W,0,-6.558063,0.13316243886947632,0.9869999885559082,0.6424999833106995
YBL004W,YDL235C,0,-6.558281,0.13314448297023773,0.9869999885559082,0.6425999999046326
YER172C,YGL227W,0,-6.5609856,0.13312651216983795,0.9869999885559082,0.6427000164985657
YJL155C,YMR101C,0,-6.561263,0.13310857117176056,0.9869999885559082,0.642799973487854
YJL106W,YOL034W,0,-6.561325,0.13309061527252197,0.9869999885559082,0.6428999900817871
YMR318C,YBL058W,0,-6.5615416,0.13307267427444458,0.9869999885559082,0.6430000066757202
YPL011C,YBR127C,0,-6.5626388,0.1330547332763672,0.9869999885559082,0.6431000232696533
YDR276C,YGR186W,0,-6.5631905,0.1330367922782898,0.9869999885559082,0.6431999802589417
YJL078C,YIL156W,0,-6.5632243,0.1330188661813736,0.9869999885559082,0.6432999968528748
YPL256C,YOR275C,0,-6.563292,0.1330009400844574,0.9869999885559082,0.6434000134468079
YGL206C,YPL124W,0,-6.563314,0.1329830288887024,0.9869999885559082,0.6434999704360962
YOR237W,YLR457C,0,-6.564406,0.1329651027917862,0.9869999885559082,0.6435999870300293
YER125W,YOL034W,0,-6.564431,0.1329471915960312,0.9869999885559082,0.6437000036239624
YMR083W,YHR143W,0,-6.564532,0.13292929530143738,0.9869999885559082,0.6438000202178955
YMR211W,YHR164C,0,-6.5651226,0.13291139900684357,0.9869999885559082,0.6438999772071838
YMR055C,YGR078C,0,-6.565303,0.13289350271224976,0.9869999885559082,0.6439999938011169
YDR085C,YHL027W,0,-6.566573,0.13287560641765594,0.9869999885559082,0.64410001039505
YBR274W,YBR034C,0,-6.56674,0.13285772502422333,0.9869999885559082,0.6442000269889832
YDR009W,YGR101W,0,-6.5667644,0.1328398436307907,0.9869999885559082,0.6442999839782715
YKR024C,YHR167W,0,-6.566855,0.1328219622373581,0.9869999885559082,0.6444000005722046
YOR031W,YNL097C,0,-6.566934,0.13280409574508667,0.9869999885559082,0.6445000171661377
YLR210W,YMR297W,0,-6.567183,0.13278622925281525,0.9869999885559082,0.644599974155426
YNR041C,YPL152W,0,-6.5678744,0.13276836276054382,0.9869999885559082,0.6446999907493591
YER145C,YOR126C,0,-6.56835,0.1327505111694336,0.9869999885559082,0.6448000073432922
YLR034C,YER111C,0,-6.568401,0.13273264467716217,0.9869999885559082,0.6449000239372253
YOL086C,YAR033W,0,-6.568524,0.13271480798721313,0.9869999885559082,0.6449999809265137
YJL173C,YKR101W,0,-6.569012,0.1326969563961029,0.9869999885559082,0.6450999975204468
YJR031C,YLR105C,0,-6.5705853,0.13267911970615387,0.9869999885559082,0.6452000141143799
YOL096C,YHR109W,0,-6.5705857,0.13266128301620483,0.9869999885559082,0.6452999711036682
YGL150C,YFR052W,0,-6.5713525,0.132643461227417,0.9869999885559082,0.6453999876976013
YCL024W,YPL130W,0,-6.5730915,0.13262563943862915,0.9869999885559082,0.6455000042915344
YGL183C,YMR059W,0,-6.573546,0.1326078176498413,0.9869999885559082,0.6456000208854675
YDR511W,YJR022W,0,-6.574192,0.13259001076221466,0.9869999885559082,0.6456999778747559
YJR137C,YOR068C,0,-6.5745754,0.13257218897342682,0.9869999885559082,0.645799994468689
YJL128C,YLR389C,0,-6.5755982,0.13255439698696136,0.9869999885559082,0.6459000110626221
YGR295C,YNR031C,0,-6.576039,0.13253659009933472,0.9869999885559082,0.6460000276565552
YGR255C,YDR084C,0,-6.5762134,0.13251879811286926,0.9869999885559082,0.6460999846458435
YIL090W,YLR181C,0,-6.5769386,0.1325010061264038,0.9869999885559082,0.6462000012397766
YBR066C,YHL024W,0,-6.5785956,0.13248321413993835,0.9869999885559082,0.6463000178337097
YIL111W,YLR425W,0,-6.5789366,0.1324654370546341,0.9869999885559082,0.646399974822998
YDR236C,YIL149C,0,-6.5796947,0.13244765996932983,0.9869999885559082,0.6464999914169312
YGR295C,YMR228W,0,-6.5808187,0.13242989778518677,0.9869999885559082,0.6466000080108643
YDL035C,YMR088C,0,-6.580894,0.1324121206998825,0.9869999885559082,0.6467000246047974
YOL135C,YOR353C,0,-6.5815516,0.13239437341690063,0.9869999885559082,0.6467999815940857
YDL051W,YOR368W,0,-6.581691,0.13237661123275757,0.9869999885559082,0.6468999981880188
YJL053W,YGR005C,0,-6.5818157,0.1323588639497757,0.9869999885559082,0.6470000147819519
YPR176C,YOR241W,0,-6.5818644,0.13234111666679382,0.9869999885559082,0.6470999717712402
YBR155W,YGR028W,0,-6.581947,0.13232336938381195,0.9869999885559082,0.6471999883651733
YOR125C,YHR017W,0,-6.582221,0.13230563700199127,0.9869999885559082,0.6473000049591064
YLR371W,YDL122W,0,-6.582653,0.1322878897190094,0.9869999885559082,0.6474000215530396
YCL044C,YGL184C,0,-6.5832353,0.13227017223834991,0.9869999885559082,0.6474999785423279
YGL071W,YOL130W,0,-6.583593,0.13225243985652924,0.9869999885559082,0.647599995136261
YDR533C,YOL065C,0,-6.5836563,0.13223472237586975,0.9869999885559082,0.6477000117301941
YEL019C,YKR090W,0,-6.583782,0.13221701979637146,0.9869999885559082,0.6478000283241272
YDR001C,YDR523C,0,-6.5838094,0.13219930231571198,0.9869999885559082,0.6478999853134155
YDR288W,YML038C,0,-6.583915,0.13218159973621368,0.9869999885559082,0.6480000019073486
YDL117W,YNL093W,0,-6.584344,0.1321638971567154,0.9869999885559082,0.6481000185012817
YNL280C,YKL217W,0,-6.584918,0.1321462094783783,0.9869999885559082,0.6481999754905701
YGL038C,YJL054W,0,-6.5849433,0.13212850689888,0.9869999885559082,0.6482999920845032
YJL034W,YNL079C,0,-6.5865383,0.1321108341217041,0.9869999885559082,0.6484000086784363
YPR021C,YLR109W,0,-6.5869465,0.132093146443367,0.9869999885559082,0.6485000252723694
YGL032C,YGL145W,0,-6.5873227,0.1320754736661911,0.9869999885559082,0.6485999822616577
YLR449W,YOL011W,0,-6.5877953,0.1320578008890152,0.9869999885559082,0.6486999988555908
YJR032W,YML100W,0,-6.5886726,0.1320401281118393,0.9869999885559082,0.6488000154495239
YCR065W,YBR276C,0,-6.5893145,0.13202247023582458,0.9869999885559082,0.6488999724388123
YHR174W,YOR148C,0,-6.589726,0.13200481235980988,0.9869999885559082,0.6489999890327454
YOR095C,YDR400W,0,-6.590143,0.13198716938495636,0.9869999885559082,0.6491000056266785
YGR030C,YMR154C,0,-6.5906167,0.13196951150894165,0.9869999885559082,0.6492000222206116
YPL228W,YAR007C,0,-6.590734,0.13195186853408813,0.9869999885559082,0.6492999792098999
YGL092W,YKR100C,0,-6.592312,0.1319342404603958,0.9869999885559082,0.649399995803833
YGL246C,YIR022W,0,-6.5931115,0.1319165974855423,0.9869999885559082,0.6495000123977661
YLR433C,YHR188C,0,-6.5946813,0.13189896941184998,0.9869999885559082,0.6496000289916992
YDL100C,YKL058W,0,-6.5949535,0.13188134133815765,0.9869999885559082,0.6496999859809875
YHR102W,YGR070W,0,-6.595152,0.13186372816562653,0.9869999885559082,0.6498000025749207
YKR024C,YPL057C,0,-6.5952034,0.1318461149930954,0.9869999885559082,0.6499000191688538
YBL009W,YCR009C,0,-6.5953417,0.13182850182056427,0.9869999885559082,0.6499999761581421
YBR202W,YML057W,0,-6.5956087,0.13181090354919434,0.9869999885559082,0.6500999927520752
YMR035W,YDL201W,0,-6.596589,0.1317932903766632,0.9869999885559082,0.6502000093460083
YNL199C,YLR386W,0,-6.5967255,0.13177570700645447,0.9869999885559082,0.6503000259399414
YLR383W,YPL072W,0,-6.597038,0.13175810873508453,0.9869999885559082,0.6503999829292297
YLR330W,YDR435C,0,-6.5973206,0.1317405253648758,0.9869999885559082,0.6504999995231628
YNL207W,YLR262C,0,-6.597651,0.13172294199466705,0.9869999885559082,0.650600016117096
YER030W,YCL066W,0,-6.5981216,0.1317053586244583,0.9869999885559082,0.6506999731063843
YGL027C,YER055C,0,-6.5983896,0.13168779015541077,0.9869999885559082,0.6507999897003174
YHL020C,YML047C,0,-6.59841,0.13167022168636322,0.9869999885559082,0.6509000062942505
YNL016W,YCR009C,0,-6.5993104,0.13165266811847687,0.9869999885559082,0.6510000228881836
YJL125C,YPR178W,0,-6.600615,0.13163509964942932,0.9869999885559082,0.6510999798774719
YOL010W,YML052W,0,-6.6017056,0.13161754608154297,0.9869999885559082,0.651199996471405
YLR342W,YPR140W,0,-6.6021657,0.1316000074148178,0.9869999885559082,0.6513000130653381
YDR252W,YKL170W,1,-6.602485,0.1317157745361328,0.9879999756813049,0.6513000130653381
YNL325C,YOR119C,0,-6.6026793,0.13169822096824646,0.9879999756813049,0.6514000296592712
YDR085C,YKR025W,0,-6.6031632,0.1316806674003601,0.9879999756813049,0.6514999866485596
YNL119W,YGR271W,0,-6.604098,0.13166311383247375,0.9879999756813049,0.6516000032424927
YLR393W,YMR255W,0,-6.604665,0.1316455751657486,0.9879999756813049,0.6517000198364258
YPR113W,YLR209C,0,-6.6054373,0.13162803649902344,0.9879999756813049,0.6517999768257141
YKR039W,YIL099W,0,-6.6056337,0.13161049783229828,0.9879999756813049,0.6518999934196472
YLR105C,YML076C,0,-6.6069627,0.13159297406673431,0.9879999756813049,0.6520000100135803
YBR136W,YEL019C,0,-6.6070967,0.13157543540000916,0.9879999756813049,0.6521000266075134
YFR028C,YMR128W,0,-6.607273,0.13155792653560638,0.9879999756813049,0.6521999835968018
YLR342W,YBL002W,0,-6.6079497,0.13154040277004242,0.9879999756813049,0.6523000001907349
YAR002C-A,YGR089W,0,-6.6080174,0.13152289390563965,0.9879999756813049,0.652400016784668
YDR264C,YDR492W,0,-6.608554,0.13150538504123688,0.9879999756813049,0.6524999737739563
YDL155W,YCL011C,0,-6.6091957,0.1314878910779953,0.9879999756813049,0.6525999903678894
YKL017C,YNL240C,0,-6.609614,0.13147039711475372,0.9879999756813049,0.6527000069618225
YIL121W,YLL028W,0,-6.609617,0.13145290315151215,0.9879999756813049,0.6528000235557556
YMR013C,YAR003W,0,-6.61051,0.13143540918827057,0.9879999756813049,0.652899980545044
YDL149W,YBR223C,0,-6.6107416,0.13141793012619019,0.9879999756813049,0.652999997138977
YLR304C,YDL166C,0,-6.6112022,0.1314004510641098,0.9879999756813049,0.6531000137329102
YDR166C,YGL022W,0,-6.6120067,0.13138297200202942,0.9879999756813049,0.6531999707221985
YGL148W,YGL181W,0,-6.612865,0.13136550784111023,0.9879999756813049,0.6532999873161316
YLL057C,YBL102W,0,-6.612901,0.13134804368019104,0.9879999756813049,0.6534000039100647
YKL040C,YGL095C,0,-6.612996,0.13133057951927185,0.9879999756813049,0.6535000205039978
YMR032W,YDL052C,0,-6.6149974,0.13131313025951385,0.9879999756813049,0.6535999774932861
YKL192C,YDR009W,0,-6.6162295,0.13129568099975586,0.9879999756813049,0.6536999940872192
YJL092W,YER148W,0,-6.6195164,0.13127823173999786,0.9879999756813049,0.6538000106811523
YGL174W,YMR128W,0,-6.6197624,0.13126079738140106,0.9879999756813049,0.6539000272750854
YER150W,YJR044C,0,-6.619827,0.13124336302280426,0.9879999756813049,0.6539999842643738
YIL136W,YDR156W,0,-6.6209064,0.13122592866420746,0.9879999756813049,0.6541000008583069
YNR050C,YER007W,0,-6.6209345,0.13120849430561066,0.9879999756813049,0.65420001745224
YDL087C,YHR139C,0,-6.6214204,0.13119107484817505,0.9879999756813049,0.6542999744415283
YGL241W,YBR106W,0,-6.6221604,0.13117365539073944,0.9879999756813049,0.6543999910354614
YJR151C,YMR165C,0,-6.6223016,0.13115625083446503,0.9879999756813049,0.6545000076293945
YGL062W,YJR126C,0,-6.622421,0.13113883137702942,0.9879999756813049,0.6546000242233276
YDL031W,YPL083C,0,-6.6227593,0.131121426820755,0.9879999756813049,0.654699981212616
YDL142C,YLR452C,0,-6.622946,0.13110403716564178,0.9879999756813049,0.6547999978065491
YML130C,YPR055W,0,-6.623032,0.13108663260936737,0.9879999756813049,0.6549000144004822
YKL185W,YBR077C,0,-6.6234,0.13106924295425415,0.9879999756813049,0.6549999713897705
YOR103C,YGL246C,0,-6.623933,0.13105186820030212,0.9879999756813049,0.6550999879837036
YGR174C,YHR172W,0,-6.624205,0.1310344785451889,0.9879999756813049,0.6552000045776367
YEL063C,YOR327C,0,-6.625019,0.13101710379123688,0.9879999756813049,0.6553000211715698
YER054C,YNL107W,0,-6.6250396,0.13099972903728485,0.9879999756813049,0.6553999781608582
YDR140W,YML100W,0,-6.625139,0.13098236918449402,0.9879999756813049,0.6554999947547913
YOL018C,YMR077C,0,-6.6252604,0.13096500933170319,0.9879999756813049,0.6556000113487244
YIL034C,YPR051W,0,-6.6257353,0.13094764947891235,0.9879999756813049,0.6557000279426575
YLR459W,YLR003C,0,-6.6266823,0.13093028962612152,0.9879999756813049,0.6557999849319458
YBL088C,YKL014C,0,-6.6269255,0.13091294467449188,0.9879999756813049,0.6559000015258789
YDL035C,YHR167W,0,-6.627403,0.13089559972286224,0.9879999756813049,0.656000018119812
YOR070C,YIL117C,0,-6.6275053,0.1308782547712326,0.9879999756813049,0.6560999751091003
YOR122C,YPL130W,0,-6.6283903,0.13086092472076416,0.9879999756813049,0.6561999917030334
YHL040C,YCR047C,0,-6.6285906,0.13084359467029572,0.9879999756813049,0.6563000082969666
YDR397C,YKR079C,0,-6.6292624,0.13082626461982727,0.9879999756813049,0.6564000248908997
YPR199C,YOL124C,0,-6.629487,0.13080894947052002,0.9879999756813049,0.656499981880188
YER142C,YDL105W,0,-6.630514,0.13079163432121277,0.9879999756813049,0.6565999984741211
YOL164W,YNL088W,0,-6.631213,0.13077431917190552,0.9879999756813049,0.6567000150680542
YLL052C,YLR160C,0,-6.632492,0.13075701892375946,0.9879999756813049,0.6567999720573425
YLR027C,YJL071W,0,-6.633398,0.1307397186756134,0.9879999756813049,0.6568999886512756
YBR010W,YER005W,0,-6.6354985,0.13072241842746735,0.9879999756813049,0.6570000052452087
YAL043C,YHR200W,0,-6.635803,0.1307051181793213,0.9879999756813049,0.6571000218391418
YLR382C,YBR250W,0,-6.6360807,0.13068783283233643,0.9879999756813049,0.6571999788284302
YDL135C,YGR184C,0,-6.636137,0.13067054748535156,0.9879999756813049,0.6572999954223633
YNL308C,YBR228W,0,-6.6364827,0.1306532621383667,0.9879999756813049,0.6574000120162964
YDR182W,YBL079W,0,-6.637411,0.13063599169254303,0.9879999756813049,0.6575000286102295
YBR286W,YOL005C,0,-6.6374354,0.13061872124671936,0.9879999756813049,0.6575999855995178
YNL138W,YML124C,0,-6.638221,0.1306014508008957,0.9879999756813049,0.6577000021934509
YMR177W,YDL216C,0,-6.638667,0.13058419525623322,0.9879999756813049,0.657800018787384
YLR429W,YLL024C,0,-6.6403627,0.13056693971157074,0.9879999756813049,0.6578999757766724
YOL011W,YCL032W,0,-6.6403956,0.13054968416690826,0.9879999756813049,0.6579999923706055
YDL213C,YHR150W,0,-6.641079,0.1305324286222458,0.9879999756813049,0.6581000089645386
YDL213C,YLR398C,0,-6.6412077,0.1305151879787445,0.9879999756813049,0.6582000255584717
YOR322C,YML076C,0,-6.641471,0.13049794733524323,0.9879999756813049,0.65829998254776
YMR035W,YBR103W,0,-6.6417027,0.13048072159290314,0.9879999756813049,0.6583999991416931
YHR055C,YPR141C,0,-6.6418123,0.13046349585056305,0.9879999756813049,0.6585000157356262
YMR078C,YBR106W,0,-6.642477,0.13044627010822296,0.9879999756813049,0.6585999727249146
YNL148C,YKR050W,0,-6.6425934,0.13042904436588287,0.9879999756813049,0.6586999893188477
YOR209C,YCL010C,0,-6.642832,0.13041183352470398,0.9879999756813049,0.6588000059127808
YDR117C,YEL047C,1,-6.6433,0.1305265873670578,0.9890000224113464,0.6588000059127808
YNL225C,YDR103W,0,-6.643786,0.1305093765258789,0.9890000224113464,0.6589000225067139
YDL028C,YDR407C,0,-6.6438003,0.13049215078353882,0.9890000224113464,0.6589999794960022
YJR126C,YMR089C,0,-6.6447306,0.13047493994235992,0.9890000224113464,0.6590999960899353
YNL041C,YBR125C,0,-6.6448784,0.13045772910118103,0.9890000224113464,0.6592000126838684
YPL233W,YOL091W,0,-6.645345,0.13044051826000214,0.9890000224113464,0.6593000292778015
YJR013W,YFL008W,0,-6.6475945,0.13042332231998444,0.9890000224113464,0.6593999862670898
YNR074C,YPL252C,0,-6.6482825,0.13040611147880554,0.9890000224113464,0.659500002861023
YLR268W,YDR536W,0,-6.648801,0.13038893043994904,0.9890000224113464,0.659600019454956
YBL011W,YBL004W,0,-6.649312,0.13037173449993134,0.9890000224113464,0.6596999764442444
YJL060W,YFR002W,0,-6.6495237,0.13035455346107483,0.9890000224113464,0.6597999930381775
YPL112C,YJL048C,0,-6.6500607,0.13033737242221832,0.9890000224113464,0.6599000096321106
YCR047C,YOR147W,0,-6.650712,0.130320206284523,0.9890000224113464,0.6600000262260437
YDL194W,YDR407C,0,-6.6508346,0.1303030252456665,0.9890000224113464,0.660099983215332
YNL233W,YLR035C,0,-6.6510925,0.1302858591079712,0.9890000224113464,0.6601999998092651
YBR217W,YLR305C,0,-6.651397,0.13026870787143707,0.9890000224113464,0.6603000164031982
YNL288W,YMR229C,0,-6.6514525,0.13025154173374176,0.9890000224113464,0.6603999733924866
YJR092W,YPL053C,0,-6.651454,0.13023439049720764,0.9890000224113464,0.6604999899864197
YOR269W,YGR197C,0,-6.6517878,0.13021725416183472,0.9890000224113464,0.6606000065803528
YFL025C,YHR119W,0,-6.6532526,0.1302001029253006,0.9890000224113464,0.6607000231742859
YJL010C,YNL202W,0,-6.6536093,0.13018296658992767,0.9890000224113464,0.6607999801635742
YOL026C,YKL040C,0,-6.654296,0.13016583025455475,0.9890000224113464,0.6608999967575073
YAL056W,YBR057C,0,-6.654783,0.13014870882034302,0.9890000224113464,0.6610000133514404
YOL008W,YNL110C,0,-6.655469,0.1301315724849701,0.9890000224113464,0.6610999703407288
YMR020W,YIL085C,0,-6.6558094,0.13011446595191956,0.9890000224113464,0.6611999869346619
YOR171C,YOL147C,0,-6.6565495,0.13009734451770782,0.9890000224113464,0.661300003528595
YAL013W,YPL130W,0,-6.658463,0.1300802379846573,0.9890000224113464,0.6614000201225281
YLR258W,YCL044C,0,-6.658742,0.13006313145160675,0.9890000224113464,0.6614999771118164
YFR044C,YOL111C,1,-6.6593847,0.13017751276493073,0.9900000095367432,0.6614999771118164
YNL148C,YDR395W,0,-6.6595774,0.1301604062318802,0.9900000095367432,0.6615999937057495
YIL043C,YHR139C,0,-6.65985,0.13014328479766846,0.9900000095367432,0.6617000102996826
YDL126C,YIR011C,0,-6.6599154,0.13012617826461792,0.9900000095367432,0.6618000268936157
YOR221C,YDR334W,0,-6.6600857,0.13010908663272858,0.9900000095367432,0.661899983882904
YNL027W,YDR276C,0,-6.6613183,0.13009198009967804,0.9900000095367432,0.6620000004768372
YBL047C,YML051W,0,-6.6623034,0.1300748884677887,0.9900000095367432,0.6621000170707703
YPL149W,YIL046W,0,-6.664523,0.13005779683589935,0.9900000095367432,0.6621999740600586
YKL150W,YNL222W,0,-6.664789,0.1300407201051712,0.9900000095367432,0.6622999906539917
YFL029C,YMR314W,0,-6.6649637,0.13002364337444305,0.9900000095367432,0.6624000072479248
YFR025C,YLR315W,0,-6.665212,0.1300065666437149,0.9900000095367432,0.6625000238418579
YNL036W,YHR074W,0,-6.665579,0.12998948991298676,0.9900000095367432,0.6625999808311462
YOL155C,YOR327C,0,-6.666143,0.1299724280834198,0.9900000095367432,0.6626999974250793
YOL165C,YAL020C,0,-6.666715,0.12995536625385284,0.9900000095367432,0.6628000140190125
YBR149W,YPL038W,0,-6.666963,0.12993831932544708,0.9900000095367432,0.6628999710083008
YNL288W,YFR034C,0,-6.6672316,0.12992125749588013,0.9900000095367432,0.6629999876022339
YDR436W,YDR392W,0,-6.667473,0.12990421056747437,0.9900000095367432,0.663100004196167
YJL065C,YAL008W,0,-6.6678376,0.1298871636390686,0.9900000095367432,0.6632000207901001
YNR057C,YMR220W,0,-6.6679134,0.12987013161182404,0.9900000095367432,0.6632999777793884
YDR190C,YER011W,0,-6.6688814,0.12985309958457947,0.9900000095367432,0.6633999943733215
YER014W,YMR241W,0,-6.6703568,0.1298360675573349,0.9900000095367432,0.6635000109672546
YGR033C,YJL054W,0,-6.6720524,0.12981903553009033,0.9900000095367432,0.6636000275611877
YPR005C,YIL013C,0,-6.6721983,0.12980201840400696,0.9900000095367432,0.6636999845504761
YMR055C,YJL102W,0,-6.672259,0.12978500127792358,0.9900000095367432,0.6638000011444092
YFL029C,YKL068W,0,-6.6722937,0.1297679841518402,0.9900000095367432,0.6639000177383423
YCL040W,YDR487C,0,-6.6731215,0.12975098192691803,0.9900000095367432,0.6639999747276306
YJR083C,YKL004W,0,-6.673803,0.12973397970199585,0.9900000095367432,0.6640999913215637
YKR038C,YDR062W,0,-6.6749372,0.12971697747707367,0.9900000095367432,0.6642000079154968
YIL015W,YGL167C,0,-6.6751213,0.12969999015331268,0.9900000095367432,0.6643000245094299
YOR156C,YDR113C,0,-6.675326,0.1296830028295517,0.9900000095367432,0.6643999814987183
YHR143W,YGL048C,0,-6.67549,0.1296660155057907,0.9900000095367432,0.6644999980926514
YBL078C,YOL004W,0,-6.6781597,0.12964902818202972,0.9900000095367432,0.6646000146865845
YGL238W,YDR217C,0,-6.6781955,0.12963205575942993,0.9900000095367432,0.6646999716758728
YDL215C,YEL026W,0,-6.6786222,0.12961508333683014,0.9900000095367432,0.6647999882698059
YOR181W,YJR126C,0,-6.68014,0.12959811091423035,0.9900000095367432,0.664900004863739
YIL034C,YMR316W,0,-6.680442,0.12958115339279175,0.9900000095367432,0.6650000214576721
YGL191W,YDR501W,0,-6.6806192,0.12956419587135315,0.9900000095367432,0.6650999784469604
YGL020C,YDR410C,0,-6.6817446,0.12954723834991455,0.9900000095367432,0.6651999950408936
YDL146W,YKR081C,0,-6.6818957,0.12953029572963715,0.9900000095367432,0.6653000116348267
YDL178W,YOR353C,0,-6.6824565,0.12951333820819855,0.9900000095367432,0.6654000282287598
YFL057C,YIL041W,0,-6.682966,0.12949639558792114,0.9900000095367432,0.6654999852180481
YBR018C,YIL113W,0,-6.683426,0.12947946786880493,0.9900000095367432,0.6656000018119812
YJR091C,YHR069C,0,-6.6835394,0.12946254014968872,0.9900000095367432,0.6657000184059143
YCR068W,YFL060C,0,-6.6838493,0.1294456124305725,0.9900000095367432,0.6657999753952026
YML042W,YKL080W,0,-6.6843896,0.1294286847114563,0.9900000095367432,0.6658999919891357
YFR027W,YMR123W,0,-6.684838,0.12941177189350128,0.9900000095367432,0.6660000085830688
YCR093W,YFL008W,0,-6.685855,0.12939484417438507,0.9900000095367432,0.666100025177002
YDR460W,YBR293W,0,-6.6860714,0.12937794625759125,0.9900000095367432,0.6661999821662903
YNL318C,YDR277C,0,-6.6861897,0.12936103343963623,0.9900000095367432,0.6662999987602234
YBR176W,YDR240C,0,-6.686365,0.1293441355228424,0.9900000095367432,0.6664000153541565
YJR017C,YEL062W,0,-6.6866035,0.12932723760604858,0.9900000095367432,0.6664999723434448
YDL227C,YEL059C-A,0,-6.6878214,0.12931033968925476,0.9900000095367432,0.6665999889373779
YOR028C,YNL097C,0,-6.6881075,0.12929345667362213,0.9900000095367432,0.666700005531311
YPR159W,YDR329C,0,-6.6882586,0.1292765736579895,0.9900000095367432,0.6668000221252441
YGR075C,YIL039W,0,-6.6884065,0.12925969064235687,0.9900000095367432,0.6668999791145325
YDR030C,YGL097W,0,-6.6890545,0.12924282252788544,0.9900000095367432,0.6669999957084656
YDR383C,YOR084W,0,-6.6891613,0.129225954413414,0.9900000095367432,0.6671000123023987
YGL223C,YHR069C,0,-6.6917286,0.12920908629894257,0.9900000095367432,0.6672000288963318
YMR306W,YOR151C,0,-6.6922665,0.12919221818447113,0.9900000095367432,0.6672999858856201
YKL026C,YOR233W,0,-6.6924577,0.1291753649711609,0.9900000095367432,0.6674000024795532
YOR266W,YKR090W,0,-6.6931553,0.12915851175785065,0.9900000095367432,0.6675000190734863
YGL013C,YML013W,0,-6.6931763,0.1291416585445404,0.9900000095367432,0.6675999760627747
YBR274W,YIL113W,0,-6.693282,0.12912482023239136,0.9900000095367432,0.6676999926567078
YLR433C,YBR041W,0,-6.6933484,0.1291079819202423,0.9900000095367432,0.6678000092506409
YHR188C,YDL003W,0,-6.693546,0.12909114360809326,0.9900000095367432,0.667900025844574
YJR090C,YHR084W,0,-6.694207,0.1290743201971054,0.9900000095367432,0.6679999828338623
YNL328C,YDR166C,0,-6.6946363,0.12905748188495636,0.9900000095367432,0.6680999994277954
YLL018C-A,YOR361C,0,-6.694879,0.1290406733751297,0.9900000095367432,0.6682000160217285
YNL008C,YDR501W,0,-6.6950216,0.12902384996414185,0.9900000095367432,0.6682999730110168
YJR005W,YCR047C,0,-6.6955605,0.12900704145431519,0.9900000095367432,0.66839998960495
YIL090W,YPL209C,0,-6.696073,0.12899023294448853,0.9900000095367432,0.6685000061988831
YDR311W,YKL014C,0,-6.696108,0.12897342443466187,0.9900000095367432,0.6686000227928162
YLR105C,YFL060C,0,-6.696512,0.1289566308259964,0.9900000095367432,0.6686999797821045
YGL155W,YBR210W,0,-6.697122,0.12893982231616974,0.9900000095367432,0.6687999963760376
YJR125C,YCL011C,0,-6.6975865,0.12892304360866547,0.9900000095367432,0.6689000129699707
YKL143W,YLR004C,0,-6.6981554,0.12890625,0.9900000095367432,0.6690000295639038
YGR003W,YLR432W,0,-6.6986933,0.12888947129249573,0.9900000095367432,0.6690999865531921
YDR022C,YOR358W,0,-6.6987195,0.12887269258499146,0.9900000095367432,0.6692000031471252
YNR038W,YDR440W,0,-6.6988816,0.12885591387748718,0.9900000095367432,0.6693000197410583
YBR017C,YER013W,0,-6.699568,0.1288391500711441,0.9900000095367432,0.6693999767303467
YCR088W,YLL021W,0,-6.699826,0.12882238626480103,0.9900000095367432,0.6694999933242798
YPL137C,YDR077W,1,-6.7001476,0.12893572449684143,0.9909999966621399,0.6694999933242798
YGR046W,YOL105C,0,-6.700638,0.12891896069049835,0.9909999966621399,0.6696000099182129
YBR196C,YLR398C,0,-6.70172,0.12890218198299408,0.9909999966621399,0.669700026512146
YGR155W,YPL125W,0,-6.703146,0.128885418176651,0.9909999966621399,0.6697999835014343
YLR314C,YBR037C,0,-6.7035685,0.12886865437030792,0.9909999966621399,0.6699000000953674
YPL227C,YDR062W,0,-6.703633,0.12885190546512604,0.9909999966621399,0.6700000166893005
YML062C,YHR015W,0,-6.703723,0.12883515655994415,0.9909999966621399,0.6700999736785889
YHR108W,YHR012W,0,-6.7041655,0.12881840765476227,0.9909999966621399,0.670199990272522
YGL142C,YCR009C,0,-6.704492,0.12880165874958038,0.9909999966621399,0.6703000068664551
YJR076C,YLR135W,0,-6.7047954,0.1287849247455597,0.9909999966621399,0.6704000234603882
YJL024C,YIL016W,0,-6.7049375,0.128768190741539,0.9909999966621399,0.6704999804496765
YJR161C,YLR258W,0,-6.7052646,0.1287514567375183,0.9909999966621399,0.6705999970436096
YIL085C,YNL072W,0,-6.705364,0.1287347376346588,0.9909999966621399,0.6707000136375427
YJL060W,YDR510W,0,-6.7057652,0.12871801853179932,0.9909999966621399,0.670799970626831
YLR027C,YMR042W,0,-6.706313,0.12870129942893982,0.9909999966621399,0.6708999872207642
YOR382W,YMR077C,0,-6.706939,0.12868458032608032,0.9909999966621399,0.6710000038146973
YEL069C,YPL089C,0,-6.7070684,0.12866787612438202,0.9909999966621399,0.6711000204086304
YGR178C,YDR489W,0,-6.708911,0.12865117192268372,0.9909999966621399,0.6711999773979187
YDL141W,YPR133W-A,0,-6.709572,0.1286344826221466,0.9909999966621399,0.6712999939918518
YDR516C,YMR195W,0,-6.709596,0.1286177784204483,0.9909999966621399,0.6714000105857849
YLR384C,YOR341W,0,-6.709918,0.1286010891199112,0.9909999966621399,0.671500027179718
YHR101C,YHR038W,0,-6.71068,0.12858439981937408,0.9909999966621399,0.6715999841690063
YNR057C,YDL128W,0,-6.7108345,0.12856772541999817,0.9909999966621399,0.6717000007629395
YMR020W,YMR322C,0,-6.711158,0.12855105102062225,0.9909999966621399,0.6718000173568726
YJL008C,YGL137W,0,-6.7113934,0.12853437662124634,0.9909999966621399,0.6718999743461609
YMR128W,YER150W,0,-6.711401,0.12851770222187042,0.9909999966621399,0.671999990940094
YJR005W,YEL032W,0,-6.712166,0.1285010427236557,0.9909999966621399,0.6721000075340271
YJL100W,YHR017W,0,-6.712201,0.12848438322544098,0.9909999966621399,0.6722000241279602
YJR057W,YPL235W,0,-6.712355,0.12846772372722626,0.9909999966621399,0.6722999811172485
YNR032W,YDR498C,0,-6.712384,0.12845106422901154,0.9909999966621399,0.6723999977111816
YER166W,YER149C,0,-6.713043,0.128434419631958,0.9909999966621399,0.6725000143051147
YPL145C,YGL131C,0,-6.7131653,0.12841777503490448,0.9909999966621399,0.6725999712944031
YBR245C,YLR154C,0,-6.714176,0.12840114533901215,0.9909999966621399,0.6726999878883362
YOR030W,YPR005C,0,-6.7142053,0.12838450074195862,0.9909999966621399,0.6728000044822693
YER051W,YFR052W,0,-6.7145987,0.12836787104606628,0.9909999966621399,0.6729000210762024
YBR018C,YBL018C,0,-6.71469,0.12835125625133514,0.9909999966621399,0.6729999780654907
YDR487C,YPR074C,0,-6.7151365,0.1283346265554428,0.9909999966621399,0.6730999946594238
YMR300C,YBL088C,0,-6.715184,0.12831801176071167,0.9909999966621399,0.6732000112533569
YBR015C,YJL047C,0,-6.715189,0.12830139696598053,0.9909999966621399,0.67330002784729
YGL047W,YPL146C,0,-6.7157707,0.12828479707241058,0.9909999966621399,0.6733999848365784
YOL132W,YNL025C,0,-6.715786,0.12826818227767944,0.9909999966621399,0.6735000014305115
YGR267C,YOR156C,0,-6.716025,0.1282515823841095,0.9909999966621399,0.6736000180244446
YHR053C,YKL034W,0,-6.7161264,0.12823498249053955,0.9909999966621399,0.6736999750137329
YPL069C,YJL134W,0,-6.716774,0.1282183974981308,0.9909999966621399,0.673799991607666
YDR191W,YJL052W,0,-6.716995,0.12820181250572205,0.9909999966621399,0.6739000082015991
YGL040C,YER072W,0,-6.717017,0.1281852275133133,0.9909999966621399,0.6740000247955322
YFL016C,YNL240C,0,-6.7189264,0.12816864252090454,0.9909999966621399,0.6740999817848206
YDR150W,YDR113C,0,-6.719289,0.12815207242965698,0.9909999966621399,0.6741999983787537
YDR047W,YEL055C,0,-6.720705,0.12813550233840942,0.9909999966621399,0.6743000149726868
YOR056C,YKL197C,0,-6.72212,0.12811894714832306,0.9909999966621399,0.6743999719619751
YBR217W,YHR132C,0,-6.722933,0.1281023770570755,0.9909999966621399,0.6744999885559082
YIL103W,YMR069W,0,-6.724348,0.12808582186698914,0.9909999966621399,0.6746000051498413
YGR295C,YPL147W,0,-6.725067,0.12806926667690277,0.9909999966621399,0.6747000217437744
YJL200C,YHL040C,0,-6.7251763,0.1280527263879776,0.9909999966621399,0.6747999787330627
YML102W,YDR510W,0,-6.72635,0.12803617119789124,0.9909999966621399,0.6748999953269958
YOR320C,YDR050C,0,-6.7266192,0.12801963090896606,0.9909999966621399,0.675000011920929
YDR518W,YMR023C,0,-6.7266707,0.1280031055212021,0.9909999966621399,0.6751000285148621
YPL164C,YNR043W,0,-6.72678,0.12798656523227692,0.9909999966621399,0.6751999855041504
YDR087C,YGR104C,0,-6.7275352,0.12797003984451294,0.9909999966621399,0.6753000020980835
YMR301C,YNL167C,0,-6.7276855,0.12795351445674896,0.9909999966621399,0.6754000186920166
YMR182C,YMR236W,0,-6.727909,0.12793700397014618,0.9909999966621399,0.6754999756813049
YJR075W,YOL054W,0,-6.728504,0.1279204785823822,0.9909999966621399,0.675599992275238
YFL062W,YKL160W,0,-6.728883,0.12790396809577942,0.9909999966621399,0.6757000088691711
YCR010C,YNL053W,0,-6.729842,0.12788747251033783,0.9909999966621399,0.6758000254631042
YDR236C,YLR043C,0,-6.730033,0.12787096202373505,0.9909999966621399,0.6758999824523926
YAR002C-A,YCL052C,0,-6.7301493,0.12785446643829346,0.9909999966621399,0.6759999990463257
YGL257C,YOR279C,0,-6.730171,0.12783797085285187,0.9909999966621399,0.6761000156402588
YNL278W,YHR156C,0,-6.7315574,0.12782149016857147,0.9909999966621399,0.6761999726295471
YEL061C,YFL013C,0,-6.731603,0.12780500948429108,0.9909999966621399,0.6762999892234802
YOL017W,YIL128W,0,-6.731711,0.12778852880001068,0.9909999966621399,0.6764000058174133
YKL179C,YNL154C,0,-6.732207,0.12777204811573029,0.9909999966621399,0.6765000224113464
YDL003W,YKR020W,0,-6.7324443,0.12775558233261108,0.9909999966621399,0.6765999794006348
YER055C,YER053C,0,-6.7331667,0.1277391016483307,0.9909999966621399,0.6766999959945679
YDR440W,YLL038C,0,-6.7346396,0.12772265076637268,0.9909999966621399,0.676800012588501
YPR104C,YCL052C,0,-6.7346654,0.12770618498325348,0.9909999966621399,0.6769000291824341
YNL074C,YDR297W,0,-6.735196,0.12768973410129547,0.9909999966621399,0.6769999861717224
YPL265W,YAR007C,0,-6.735283,0.12767328321933746,0.9909999966621399,0.6771000027656555
YER094C,YCR067C,0,-6.7357073,0.12765683233737946,0.9909999966621399,0.6772000193595886
YBR284W,YCR102C,0,-6.736575,0.12764039635658264,0.9909999966621399,0.677299976348877
YBR015C,YER111C,0,-6.7383623,0.12762396037578583,0.9909999966621399,0.6773999929428101
YER129W,YML088W,0,-6.7398243,0.127607524394989,0.9909999966621399,0.6775000095367432
YIL049W,YLR284C,0,-6.739895,0.1275910884141922,0.9909999966621399,0.6776000261306763
YJR083C,YDR297W,0,-6.7407,0.12757466733455658,0.9909999966621399,0.6776999831199646
YOR298W,YDR369C,0,-6.7409286,0.12755824625492096,0.9909999966621399,0.6777999997138977
YLR303W,YAL030W,0,-6.741149,0.12754182517528534,0.9909999966621399,0.6779000163078308
YLR170C,YIL084C,0,-6.7440104,0.1275254189968109,0.9909999966621399,0.6779999732971191
YHR120W,YPL235W,0,-6.744869,0.1275090128183365,0.9909999966621399,0.6780999898910522
YKL089W,YIR022W,0,-6.7449727,0.12749260663986206,0.9909999966621399,0.6782000064849854
YOR127W,YNR034W,0,-6.745131,0.12747620046138763,0.9909999966621399,0.6783000230789185
YLR035C,YDR479C,0,-6.7465067,0.1274598091840744,0.9909999966621399,0.6783999800682068
YDL085W,YDR363W-A,0,-6.747062,0.12744341790676117,0.9909999966621399,0.6784999966621399
YER143W,YDR483W,0,-6.7479343,0.12742702662944794,0.9909999966621399,0.678600013256073
YGR124W,YGL127C,0,-6.748584,0.1274106502532959,0.9909999966621399,0.6786999702453613
YMR285C,YGL145W,0,-6.7488503,0.12739427387714386,0.9909999966621399,0.6787999868392944
YJR131W,YJR095W,0,-6.748895,0.12737789750099182,0.9909999966621399,0.6789000034332275
YLR170C,YHR119W,0,-6.7510653,0.12736152112483978,0.9909999966621399,0.6790000200271606
YBL030C,YNL186W,0,-6.7516646,0.12734515964984894,0.9909999966621399,0.679099977016449
YDL243C,YPL204W,0,-6.751685,0.1273287981748581,0.9909999966621399,0.6791999936103821
YPL023C,YNL326C,0,-6.751804,0.12731243669986725,0.9909999966621399,0.6793000102043152
YGR055W,YDR303C,0,-6.751814,0.1272960752248764,0.9909999966621399,0.6794000267982483
YCL055W,YIR015W,0,-6.7519407,0.12727972865104675,0.9909999966621399,0.6794999837875366
YDR430C,YDR240C,0,-6.7541203,0.1272633820772171,0.9909999966621399,0.6796000003814697
YJR058C,YOR222W,0,-6.754196,0.12724705040454865,0.9909999966621399,0.6797000169754028
YGL238W,YGR075C,0,-6.754839,0.127230703830719,0.9909999966621399,0.6797999739646912
YPL190C,YGR049W,0,-6.754927,0.12721437215805054,0.9909999966621399,0.6798999905586243
YMR058W,YGR133W,0,-6.7551603,0.12719805538654327,0.9909999966621399,0.6800000071525574
YBL019W,YJR112W,0,-6.755695,0.12718172371387482,0.9909999966621399,0.6801000237464905
YOR274W,YBR229C,0,-6.7564588,0.12716540694236755,0.9909999966621399,0.6801999807357788
YPR052C,YBL052C,0,-6.7579336,0.1271490901708603,0.9909999966621399,0.6802999973297119
YAL062W,YPR018W,0,-6.758446,0.12713277339935303,0.9909999966621399,0.680400013923645
YPL129W,YDR100W,0,-6.758659,0.12711647152900696,0.9909999966621399,0.6804999709129333
YKR086W,YIR018W,0,-6.7589917,0.1271001696586609,0.9909999966621399,0.6805999875068665
YLL001W,YGL162W,0,-6.7590218,0.12708386778831482,0.9909999966621399,0.6807000041007996
YCL052C,YDL216C,0,-6.760014,0.12706756591796875,0.9909999966621399,0.6808000206947327
YKR061W,YDL003W,0,-6.7605886,0.12705127894878387,0.9909999966621399,0.680899977684021
YGL090W,YLR240W,0,-6.760976,0.127034991979599,0.9909999966621399,0.6809999942779541
YKR063C,YGR147C,0,-6.761621,0.12701871991157532,0.9909999966621399,0.6811000108718872
YBR110W,YNL334C,0,-6.7616878,0.12700243294239044,0.9909999966621399,0.6812000274658203
YGL124C,YBR129C,0,-6.7626114,0.12698616087436676,0.9909999966621399,0.6812999844551086
YNR058W,YBR040W,0,-6.7629323,0.12696988880634308,0.9909999966621399,0.6814000010490417
YGR098C,YMR227C,0,-6.763386,0.1269536316394806,0.9909999966621399,0.6815000176429749
YBR038W,YDR300C,0,-6.7642865,0.1269373595714569,0.9909999966621399,0.6815999746322632
YJL008C,YPL147W,0,-6.7644577,0.12692110240459442,0.9909999966621399,0.6816999912261963
YBR125C,YDR389W,0,-6.7646623,0.12690486013889313,0.9909999966621399,0.6818000078201294
YHR133C,YDR128W,0,-6.7646675,0.12688860297203064,0.9909999966621399,0.6819000244140625
YCR020C-A,YDL128W,0,-6.7654967,0.12687236070632935,0.9909999966621399,0.6819999814033508
YCR107W,YKR052C,0,-6.765541,0.12685611844062805,0.9909999966621399,0.6820999979972839
YNL278W,YER100W,0,-6.7658176,0.12683987617492676,0.9909999966621399,0.682200014591217
YGL241W,YPL016W,0,-6.7662954,0.12682364881038666,0.9909999966621399,0.6822999715805054
YBR042C,YCL024W,0,-6.766398,0.12680742144584656,0.9909999966621399,0.6823999881744385
YEL060C,YBR058C,0,-6.7666545,0.12679119408130646,0.9909999966621399,0.6825000047683716
YMR052W,YLR368W,0,-6.7670727,0.12677498161792755,0.9909999966621399,0.6826000213623047
YNR002C,YOR363C,0,-6.767475,0.12675876915454865,0.9909999966621399,0.682699978351593
YFR025C,YPL022W,0,-6.7676406,0.12674255669116974,0.9909999966621399,0.6827999949455261
YBR081C,YIL063C,0,-6.7677884,0.12672634422779083,0.9909999966621399,0.6829000115394592
YIR009W,YDR119W,0,-6.768261,0.12671014666557312,0.9909999966621399,0.6830000281333923
YDR448W,YDR295C,0,-6.768776,0.1266939342021942,0.9909999966621399,0.6830999851226807
YNL094W,YNL029C,0,-6.7691975,0.1266777515411377,0.9909999966621399,0.6832000017166138
YDR518W,YBL061C,0,-6.7694435,0.12666155397891998,0.9909999966621399,0.6833000183105469
YKL208W,YDR158W,0,-6.769509,0.12664537131786346,0.9909999966621399,0.6833999752998352
YNR057C,YGL016W,0,-6.7697983,0.12662918865680695,0.9909999966621399,0.6834999918937683
YDR099W,YMR204C,0,-6.769832,0.12661300599575043,0.9909999966621399,0.6836000084877014
YBR083W,YHR039C-A,0,-6.771565,0.1265968382358551,0.9909999966621399,0.6837000250816345
YPL069C,YOR038C,0,-6.7722764,0.12658065557479858,0.9909999966621399,0.6837999820709229
YPL147W,YNR012W,0,-6.7740173,0.12656450271606445,0.9909999966621399,0.683899998664856
YML032C,YGR181W,0,-6.7749605,0.12654833495616913,0.9909999966621399,0.6840000152587891
YLL043W,YNL088W,0,-6.7756815,0.126532182097435,0.9909999966621399,0.6840999722480774
YDR508C,YOR130C,0,-6.775981,0.12651602923870087,0.9909999966621399,0.6841999888420105
YMR184W,YGL055W,0,-6.7770643,0.12649987637996674,0.9909999966621399,0.6843000054359436
YMR048W,YKL035W,0,-6.77895,0.1264837235212326,0.9909999966621399,0.6844000220298767
YML042W,YDR492W,0,-6.779186,0.12646758556365967,0.9909999966621399,0.684499979019165
YPL023C,YLR442C,0,-6.779565,0.12645144760608673,0.9909999966621399,0.6845999956130981
YIL090W,YJR144W,0,-6.780335,0.1264353096485138,0.9909999966621399,0.6847000122070312
YLL012W,YJL059W,0,-6.7806625,0.12641918659210205,0.9909999966621399,0.6848000288009644
YOR317W,YPL002C,0,-6.781209,0.1264030635356903,0.9909999966621399,0.6848999857902527
YDR273W,YDR084C,0,-6.781764,0.12638694047927856,0.9909999966621399,0.6850000023841858
YAR033W,YOR195W,0,-6.782341,0.12637081742286682,0.9909999966621399,0.6851000189781189
YNL085W,YNL169C,0,-6.7827578,0.12635470926761627,0.9909999966621399,0.6851999759674072
YNL001W,YDR013W,0,-6.7828293,0.12633860111236572,0.9909999966621399,0.6852999925613403
YGR098C,YGR170W,0,-6.7833614,0.12632249295711517,0.9909999966621399,0.6854000091552734
YLR450W,YMR079W,0,-6.783454,0.12630639970302582,0.9909999966621399,0.6855000257492065
YER086W,YOR153W,0,-6.7856545,0.12629030644893646,0.9909999966621399,0.6855999827384949
YML126C,YDR140W,0,-6.7856846,0.1262742131948471,0.9909999966621399,0.685699999332428
YOR018W,YMR030W,0,-6.7858133,0.12625811994075775,0.9909999966621399,0.6858000159263611
YAL024C,YGL037C,0,-6.786841,0.1262420415878296,0.9909999966621399,0.6858999729156494
YMR189W,YDR322C-A,0,-6.7878256,0.12622596323490143,0.9909999966621399,0.6859999895095825
YDR519W,YNL107W,0,-6.788132,0.12620988488197327,0.9909999966621399,0.6861000061035156
YMR109W,YMR127C,0,-6.789891,0.1261938065290451,0.9909999966621399,0.6862000226974487
YDR510W,YOR086C,0,-6.7908497,0.12617774307727814,0.9909999966621399,0.6862999796867371
YER162C,YMR053C,0,-6.791131,0.12616167962551117,0.9909999966621399,0.6863999962806702
YNL148C,YDL101C,0,-6.7914605,0.1261456161737442,0.9909999966621399,0.6865000128746033
YPR034W,YDR054C,0,-6.791531,0.12612956762313843,0.9909999966621399,0.6866000294685364
YBR131W,YNL091W,0,-6.79191,0.12611351907253265,0.9909999966621399,0.6866999864578247
YPR005C,YGL136C,0,-6.792079,0.12609747052192688,0.9909999966621399,0.6868000030517578
YOR137C,YGR281W,0,-6.792203,0.1260814219713211,0.9909999966621399,0.6869000196456909
YDL117W,YDR002W,0,-6.7922554,0.12606538832187653,0.9909999966621399,0.6869999766349792
YDL245C,YLL027W,0,-6.792374,0.12604935467243195,0.9909999966621399,0.6870999932289124
YJL116C,YIL117C,0,-6.792787,0.12603332102298737,0.9909999966621399,0.6872000098228455
YBR177C,YLR135W,0,-6.7932568,0.12601728737354279,0.9909999966621399,0.6873000264167786
YDR492W,YBL058W,0,-6.794841,0.1260012686252594,0.9909999966621399,0.6873999834060669
YBR200W,YDL080C,0,-6.795345,0.125985249876976,0.9909999966621399,0.6875
YPR082C,YDR003W,0,-6.7955503,0.12596924602985382,0.9909999966621399,0.6876000165939331
YMR232W,YKL001C,0,-6.7964516,0.12595322728157043,0.9909999966621399,0.6876999735832214
YMR318C,YIL079C,0,-6.7968674,0.12593722343444824,0.9909999966621399,0.6877999901771545
YPL155C,YKL150W,0,-6.7968955,0.12592121958732605,0.9909999966621399,0.6879000067710876
YGL016W,YBR168W,0,-6.796943,0.12590521574020386,0.9909999966621399,0.6880000233650208
YBR135W,YLR107W,0,-6.7974367,0.12588922679424286,0.9909999966621399,0.6880999803543091
YHR188C,YER023W,0,-6.797727,0.12587323784828186,0.9909999966621399,0.6881999969482422
YOR036W,YGL126W,0,-6.7982726,0.12585724890232086,0.9909999966621399,0.6883000135421753
YJL020C,YGR004W,0,-6.7985783,0.12584127485752106,0.9909999966621399,0.6883999705314636
YOL010W,YNR031C,0,-6.7986813,0.12582528591156006,0.9909999966621399,0.6884999871253967
YGR217W,YNL248C,0,-6.7994986,0.12580931186676025,0.9909999966621399,0.6886000037193298
YPR141C,YMR313C,0,-6.7996716,0.12579335272312164,0.9909999966621399,0.6887000203132629
YMR292W,YPL123C,0,-6.799824,0.12577737867832184,0.9909999966621399,0.6887999773025513
YDL088C,YIL121W,0,-6.80053,0.12576141953468323,0.9909999966621399,0.6888999938964844
YHR002W,YGL153W,0,-6.8005853,0.12574546039104462,0.9909999966621399,0.6890000104904175
YKL182W,YMR186W,0,-6.8007665,0.1257295161485672,0.9909999966621399,0.6891000270843506
YGL183C,YGR023W,0,-6.8014154,0.1257135570049286,0.9909999966621399,0.6891999840736389
YJR083C,YDR158W,0,-6.801799,0.12569761276245117,0.9909999966621399,0.689300000667572
YLR154C,YJR009C,0,-6.8039784,0.12568166851997375,0.9909999966621399,0.6894000172615051
YKR090W,YDR311W,0,-6.804138,0.12566573917865753,0.9909999966621399,0.6894999742507935
YOL021C,YDR017C,0,-6.804903,0.1256498098373413,0.9909999966621399,0.6895999908447266
YPL218W,YOL105C,0,-6.80505,0.12563388049602509,0.9909999966621399,0.6897000074386597
YNL148C,YHR008C,0,-6.8053327,0.12561795115470886,0.9909999966621399,0.6898000240325928
YGL019W,YDR027C,0,-6.805878,0.12560202181339264,0.9909999966621399,0.6898999810218811
YNL062C,YOR212W,0,-6.806082,0.1255861073732376,0.9909999966621399,0.6899999976158142
YLR144C,YML011C,0,-6.807225,0.12557019293308258,0.9909999966621399,0.6901000142097473
YER028C,YJL072C,0,-6.807501,0.12555429339408875,0.9909999966621399,0.6901999711990356
YOR372C,YHR073W,0,-6.8076863,0.12553837895393372,0.9909999966621399,0.6902999877929688
YNL059C,YJL100W,0,-6.808031,0.12552247941493988,0.9909999966621399,0.6904000043869019
YPL167C,YOR110W,0,-6.8084917,0.12550657987594604,0.9909999966621399,0.690500020980835
YDL095W,YNL330C,0,-6.808584,0.1254906952381134,0.9909999966621399,0.6905999779701233
YNR054C,YMR224C,0,-6.8096347,0.12547481060028076,0.9909999966621399,0.6906999945640564
YPL084W,YPL040C,0,-6.8099947,0.12545892596244812,0.9909999966621399,0.6908000111579895
YIL011W,YDR246W,0,-6.810282,0.12544304132461548,0.9909999966621399,0.6909000277519226
YPL124W,YHR017W,0,-6.8134937,0.12542715668678284,0.9909999966621399,0.6909999847412109
YDR017C,YJR127C,0,-6.816281,0.1254112869501114,0.9909999966621399,0.691100001335144
YBR149W,YKL218C,0,-6.816408,0.12539541721343994,0.9909999966621399,0.6912000179290771
YPR083W,YIL135C,0,-6.8177257,0.1253795474767685,0.9909999966621399,0.6912999749183655
YOR363C,YEL024W,0,-6.818532,0.12536369264125824,0.9909999966621399,0.6913999915122986
YIL075C,YHR172W,0,-6.8185887,0.12534783780574799,0.9909999966621399,0.6915000081062317
YBR257W,YDR356W,0,-6.819175,0.12533198297023773,0.9909999966621399,0.6916000247001648
YDR534C,YNL154C,0,-6.819595,0.12531612813472748,0.9909999966621399,0.6916999816894531
YKR086W,YDR092W,0,-6.819853,0.12530028820037842,0.9909999966621399,0.6917999982833862
YJL073W,YIL162W,0,-6.8246317,0.12528444826602936,0.9909999966621399,0.6919000148773193
YPL241C,YBR008C,0,-6.824949,0.1252686083316803,0.9909999966621399,0.6919999718666077
YDR168W,YGL241W,0,-6.8249493,0.12525278329849243,0.9909999966621399,0.6920999884605408
YGL037C,YKL086W,0,-6.8255396,0.12523695826530457,0.9909999966621399,0.6922000050544739
YML057W,YHR205W,0,-6.827454,0.1252211332321167,0.9909999966621399,0.692300021648407
YPL032C,YDL210W,0,-6.8276362,0.12520530819892883,0.9909999966621399,0.6923999786376953
YEL018W,YKR079C,0,-6.828927,0.12518948316574097,0.9909999966621399,0.6924999952316284
YER032W,YIL021W,0,-6.8291917,0.1251736730337143,0.9909999966621399,0.6926000118255615
YPR060C,YMR052W,0,-6.8296037,0.12515786290168762,0.9909999966621399,0.6927000284194946
YER086W,YIL066C,0,-6.83121,0.12514206767082214,0.9909999966621399,0.692799985408783
YBL002W,YDL153C,0,-6.8312244,0.12512625753879547,0.9909999966621399,0.6929000020027161
YCL054W,YLR305C,0,-6.8314877,0.12511046230793,0.9909999966621399,0.6930000185966492
YPR001W,YDL052C,0,-6.831823,0.12509466707706451,0.9909999966621399,0.6930999755859375
YMR069W,YHL028W,0,-6.8319473,0.12507888674736023,0.9909999966621399,0.6931999921798706
YLR035C,YFL008W,0,-6.8332834,0.12506310641765594,0.9909999966621399,0.6933000087738037
YIR022W,YDR522C,0,-6.8351502,0.12504731118679047,0.9909999966621399,0.6934000253677368
YGL238W,YLR071C,0,-6.83616,0.12503154575824738,0.9909999966621399,0.6934999823570251
YDR214W,YOR070C,0,-6.836517,0.1250157654285431,0.9909999966621399,0.6935999989509583
YLR319C,YOR095C,0,-6.8366094,0.125,0.9909999966621399,0.6937000155448914
YLL043W,YOL012C,0,-6.8368726,0.12498423457145691,0.9909999966621399,0.6937999725341797
YOR178C,YNL070W,0,-6.838051,0.12496847659349442,0.9909999966621399,0.6938999891281128
YGL171W,YML021C,0,-6.8385897,0.12495271861553192,0.9909999966621399,0.6940000057220459
YBR199W,YOR372C,0,-6.838743,0.12493696063756943,0.9909999966621399,0.694100022315979
YKR036C,YER055C,0,-6.8394165,0.12492121756076813,0.9909999966621399,0.6941999793052673
YKL045W,YER005W,0,-6.83955,0.12490546703338623,0.9909999966621399,0.6942999958992004
YJR092W,YPL274W,0,-6.839641,0.12488973140716553,0.9909999966621399,0.6944000124931335
YFL001W,YKL126W,0,-6.8402643,0.12487398833036423,0.9909999966621399,0.6945000290870667
YER073W,YDR158W,0,-6.8404665,0.12485826015472412,0.9909999966621399,0.694599986076355
YEL061C,YCL054W,0,-6.840682,0.12484253197908401,0.9909999966621399,0.6947000026702881
YKR003W,YDR527W,0,-6.84173,0.12482680380344391,0.9909999966621399,0.6948000192642212
YDR342C,YHR041C,0,-6.8418636,0.1248110830783844,0.9909999966621399,0.6948999762535095
YKL073W,YMR100W,0,-6.8421307,0.12479536235332489,0.9909999966621399,0.6949999928474426
YPL241C,YDR453C,0,-6.8423643,0.12477964907884598,0.9909999966621399,0.6951000094413757
YBR102C,YBL061C,0,-6.842488,0.12476394325494766,0.9909999966621399,0.6952000260353088
YER014C-A,YNL280C,0,-6.8426332,0.12474823743104935,0.9909999966621399,0.6952999830245972
YBL076C,YJR051W,0,-6.842943,0.12473253905773163,0.9909999966621399,0.6953999996185303
YDR469W,YBR169C,0,-6.843057,0.12471684068441391,0.9909999966621399,0.6955000162124634
YIL111W,YKR055W,0,-6.8433256,0.12470114231109619,0.9909999966621399,0.6955999732017517
YMR276W,YMR047C,0,-6.8433433,0.12468545883893967,0.9909999966621399,0.6956999897956848
YNL288W,YLR275W,0,-6.843656,0.12466976791620255,0.9909999966621399,0.6958000063896179
YOR355W,YDL147W,0,-6.843853,0.12465408444404602,0.9909999966621399,0.695900022983551
YLR380W,YGL208W,0,-6.8449116,0.12463840842247009,0.9909999966621399,0.6959999799728394
YCR088W,YDR421W,0,-6.845003,0.12462273985147476,0.9909999966621399,0.6960999965667725
YDR421W,YML056C,0,-6.8453183,0.12460706382989883,0.9909999966621399,0.6962000131607056
YLR210W,YPL179W,0,-6.8460007,0.1245914027094841,0.9909999966621399,0.6963000297546387
YHL009C,YGL161C,0,-6.8477993,0.12457574158906937,0.9909999966621399,0.696399986743927
YKL217W,YNL329C,0,-6.848308,0.12456008046865463,0.9909999966621399,0.6965000033378601
YJR050W,YNL006W,0,-6.848465,0.1245444267988205,0.9909999966621399,0.6966000199317932
YJL201W,YLR187W,0,-6.8490357,0.12452877312898636,0.9909999966621399,0.6966999769210815
YIL065C,YHR077C,0,-6.849347,0.12451312690973282,0.9909999966621399,0.6967999935150146
YGR154C,YGR133W,0,-6.850583,0.12449748814105988,0.9909999966621399,0.6969000101089478
YMR280C,YDR501W,0,-6.8506136,0.12448184937238693,0.9909999966621399,0.6970000267028809
YLR155C,YLL006W,0,-6.85065,0.12446621805429459,0.9909999966621399,0.6970999836921692
YEL018W,YER028C,0,-6.850683,0.12445058673620224,0.9909999966621399,0.6972000002861023
YOL007C,YKL006C-A,0,-6.8510613,0.1244349554181099,0.9909999966621399,0.6973000168800354
YNL188W,YIL038C,0,-6.8532043,0.12441933155059814,0.9909999966621399,0.6973999738693237
YDR304C,YBR291C,0,-6.8534746,0.12440371513366699,0.9909999966621399,0.6974999904632568
YOR257W,YLL034C,0,-6.853723,0.12438809871673584,0.9909999966621399,0.6976000070571899
YNL159C,YKL041W,0,-6.854351,0.12437248975038528,0.9909999966621399,0.697700023651123
YAL010C,YML123C,0,-6.854829,0.12435688078403473,0.9909999966621399,0.6977999806404114
YER157W,YOL156W,0,-6.8554244,0.12434127926826477,0.9909999966621399,0.6978999972343445
YLR411W,YNL074C,0,-6.857169,0.12432567775249481,0.9909999966621399,0.6980000138282776
YBL002W,YML013W,0,-6.857597,0.12431008368730545,0.9909999966621399,0.6980999708175659
YKR038C,YOR372C,0,-6.8583612,0.12429449707269669,0.9909999966621399,0.698199987411499
YNR033W,YMR032W,0,-6.858738,0.12427890300750732,0.9909999966621399,0.6983000040054321
YEL063C,YER124C,0,-6.860276,0.12426332384347916,0.9909999966621399,0.6984000205993652
YBL084C,YGR008C,0,-6.8605046,0.12424774467945099,0.9909999966621399,0.6984999775886536
YGL241W,YMR053C,0,-6.860779,0.12423216551542282,0.9909999966621399,0.6985999941825867
YDL044C,YGL059W,0,-6.8610997,0.12421659380197525,0.9909999966621399,0.6987000107765198
YAL007C,YKR079C,0,-6.8615685,0.12420102953910828,0.9909999966621399,0.6988000273704529
YCR094W,YEL026W,0,-6.8616056,0.1241854652762413,0.9909999966621399,0.6988999843597412
YGL166W,YIL031W,0,-6.8619347,0.12416990101337433,0.9909999966621399,0.6990000009536743
YPL022W,YPL085W,0,-6.8620014,0.12415434420108795,0.9909999966621399,0.6991000175476074
YLR310C,YNL116W,0,-6.862816,0.12413879483938217,0.9909999966621399,0.6991999745368958
YIL099W,YMR179W,0,-6.8643117,0.12412324547767639,0.9909999966621399,0.6992999911308289
YDR204W,YLR452C,0,-6.8644943,0.12410770356655121,0.9909999966621399,0.699400007724762
YER073W,YKR048C,0,-6.8647075,0.12409216165542603,0.9909999966621399,0.6995000243186951
YOR030W,YBL103C,0,-6.865101,0.12407662719488144,0.9909999966621399,0.6995999813079834
YLR115W,YHR181W,0,-6.8651524,0.12406109273433685,0.9909999966621399,0.6996999979019165
YER058W,YGL006W,0,-6.8662415,0.12404556572437286,0.9909999966621399,0.6998000144958496
YOR239W,YPL049C,0,-6.868697,0.12403003871440887,0.9909999966621399,0.6998999714851379
YOL078W,YLR357W,0,-6.870079,0.12401451915502548,0.9909999966621399,0.699999988079071
YNL225C,YHR205W,0,-6.8716097,0.12399899959564209,0.9909999966621399,0.7001000046730042
YMR217W,YPL106C,0,-6.8716846,0.1239834874868393,0.9909999966621399,0.7002000212669373
YOL080C,YKR056W,0,-6.8721957,0.1239679753780365,0.9909999966621399,0.7002999782562256
YPL026C,YKL099C,0,-6.872565,0.1239524707198143,0.9909999966621399,0.7003999948501587
YNL230C,YKL008C,0,-6.8728065,0.1239369660615921,0.9909999966621399,0.7005000114440918
YLR399C,YJL089W,0,-6.872915,0.1239214688539505,0.9909999966621399,0.7006000280380249
YGL153W,YDR303C,0,-6.8730984,0.1239059790968895,0.9909999966621399,0.7006999850273132
YPL193W,YJR010C-A,0,-6.87389,0.12389048933982849,0.9909999966621399,0.7008000016212463
YBR302C,YDR147W,0,-6.874048,0.12387499958276749,0.9909999966621399,0.7009000182151794
YPR105C,YJL012C,0,-6.874218,0.12385951727628708,0.9909999966621399,0.7009999752044678
YOR128C,YCL016C,0,-6.875267,0.12384404242038727,0.9909999966621399,0.7010999917984009
YNL099C,YLR251W,0,-6.8753467,0.12382856756448746,0.9909999966621399,0.701200008392334
YDR081C,YOR224C,0,-6.876346,0.12381309270858765,0.9909999966621399,0.7013000249862671
YPL160W,YER157W,0,-6.876407,0.12379762530326843,0.9909999966621399,0.7013999819755554
YOR371C,YMR243C,0,-6.877166,0.12378216534852982,0.9909999966621399,0.7014999985694885
YPL119C,YDR280W,0,-6.877269,0.1237667053937912,0.9909999966621399,0.7016000151634216
YBR155W,YDR166C,0,-6.8774376,0.12375124543905258,0.9909999966621399,0.70169997215271
YDR144C,YDR276C,0,-6.8776593,0.12373580038547516,0.9909999966621399,0.7017999887466431
YDR496C,YBR253W,0,-6.87795,0.12372034788131714,0.9909999966621399,0.7019000053405762
YBR268W,YML025C,1,-6.8781843,0.12382973730564117,0.9919999837875366,0.7019000053405762
YMR318C,YIL156W,0,-6.878277,0.12381427735090256,0.9919999837875366,0.7020000219345093
YDR350C,YGR145W,0,-6.8799276,0.12379882484674454,0.9919999837875366,0.7020999789237976
YOR299W,YAL009W,0,-6.881911,0.12378337979316711,0.9919999837875366,0.7021999955177307
YNR002C,YER052C,0,-6.8838134,0.12376793473958969,0.9919999837875366,0.7023000121116638
YNR054C,YDR412W,0,-6.8845034,0.12375249713659286,0.9919999837875366,0.7024000287055969
YKL157W,YDL214C,0,-6.8855553,0.12373705953359604,0.9919999837875366,0.7024999856948853
YDR288W,YDR143C,0,-6.8868804,0.12372162938117981,0.9919999837875366,0.7026000022888184
YJL071W,YPL207W,0,-6.8874044,0.12370619922876358,0.9919999837875366,0.7027000188827515
YDR033W,YOR207C,0,-6.8879986,0.12369077652692795,0.9919999837875366,0.7027999758720398
YER052C,YDR013W,0,-6.890555,0.12367535382509232,0.9919999837875366,0.7028999924659729
YDR392W,YBR231C,0,-6.891275,0.12365993857383728,0.9919999837875366,0.703000009059906
YDR288W,YMR019W,0,-6.8917565,0.12364452332258224,0.9919999837875366,0.7031000256538391
YCR024C,YMR077C,0,-6.892597,0.1236291155219078,0.9919999837875366,0.7031999826431274
YBR004C,YHR002W,0,-6.892637,0.12361370772123337,0.9919999837875366,0.7032999992370605
YPL265W,YHL011C,0,-6.8929267,0.12359830737113953,0.9919999837875366,0.7034000158309937
YNL206C,YDR486C,0,-6.893091,0.12358290702104568,0.9919999837875366,0.703499972820282
YKL057C,YDL065C,0,-6.8933153,0.12356751412153244,0.9919999837875366,0.7035999894142151
YMR048W,YBR201W,0,-6.8936925,0.1235521212220192,0.9919999837875366,0.7037000060081482
YPL149W,YBR294W,0,-6.8940697,0.12353673577308655,0.9919999837875366,0.7038000226020813
YKL059C,YDR195W,0,-6.895183,0.1235213577747345,0.9919999837875366,0.7038999795913696
YER105C,YDL047W,0,-6.896678,0.12350597977638245,0.9919999837875366,0.7039999961853027
YNL278W,YML008C,0,-6.8970246,0.1234906017780304,0.9919999837875366,0.7041000127792358
YER164W,YPL248C,0,-6.898162,0.12347523123025894,0.9919999837875366,0.704200029373169
YJL100W,YOR298W,0,-6.899481,0.12345986068248749,0.9919999837875366,0.7042999863624573
YOL082W,YGR104C,0,-6.8999777,0.12344449758529663,0.9919999837875366,0.7044000029563904
YGL130W,YML120C,0,-6.900258,0.12342914193868637,0.9919999837875366,0.7045000195503235
YBR290W,YNL173C,0,-6.900795,0.12341378629207611,0.9919999837875366,0.7045999765396118
YGL223C,YOR355W,0,-6.900868,0.12339843064546585,0.9919999837875366,0.7046999931335449
YDR490C,YBR114W,0,-6.9010696,0.12338308244943619,0.9919999837875366,0.704800009727478
YBR040W,YFL014W,0,-6.9027834,0.12336774170398712,0.9919999837875366,0.7049000263214111
YBR200W,YCR026C,0,-6.903321,0.12335240095853806,0.9919999837875366,0.7049999833106995
YDR304C,YMR313C,0,-6.9035497,0.12333706021308899,0.9919999837875366,0.7050999999046326
YIL095W,YER013W,0,-6.903692,0.12332172691822052,0.9919999837875366,0.7052000164985657
YAR042W,YDR400W,0,-6.9038053,0.12330640107393265,0.9919999837875366,0.705299973487854
YLR450W,YDR315C,0,-6.9038267,0.12329107522964478,0.9919999837875366,0.7053999900817871
YNL052W,YFR033C,0,-6.9046116,0.1232757568359375,0.9919999837875366,0.7055000066757202
YOR207C,YNL107W,0,-6.9051285,0.12326043844223022,0.9919999837875366,0.7056000232696533
YKL206C,YPL253C,0,-6.9051404,0.12324512004852295,0.9919999837875366,0.7056999802589417
YML011C,YGL184C,0,-6.9052987,0.12322981655597687,0.9919999837875366,0.7057999968528748
YOR377W,YPR052C,0,-6.9057207,0.12321450561285019,0.9919999837875366,0.7059000134468079
YLR438C-A,YKL099C,0,-6.90697,0.12319920212030411,0.9919999837875366,0.7059999704360962
YGR217W,YDL045C,0,-6.907138,0.12318390607833862,0.9919999837875366,0.7060999870300293
YPR018W,YDR082W,0,-6.9075165,0.12316861003637314,0.9919999837875366,0.7062000036239624
YGR174C,YHR181W,0,-6.907545,0.12315332144498825,0.9919999837875366,0.7063000202178955
YER014W,YOR269W,0,-6.907974,0.12313803285360336,0.9919999837875366,0.7063999772071838
YMR030W,YHR167W,0,-6.908392,0.12312275171279907,0.9919999837875366,0.7064999938011169
YHR063C,YKL178C,0,-6.909155,0.12310747057199478,0.9919999837875366,0.70660001039505
YDR099W,YKR055W,0,-6.9092417,0.12309219688177109,0.9919999837875366,0.7067000269889832
YLR038C,YHL011C,0,-6.9093857,0.1230769231915474,0.9919999837875366,0.7067999839782715
YOR126C,YGR248W,0,-6.9093885,0.1230616569519043,0.9919999837875366,0.7069000005722046
YBR043C,YJL052W,0,-6.9105005,0.1230463907122612,0.9919999837875366,0.7070000171661377
YDR052C,YJL013C,0,-6.911035,0.1230311319231987,0.9919999837875366,0.707099974155426
YNL275W,YDR180W,0,-6.911204,0.1230158731341362,0.9919999837875366,0.7071999907493591
YMR180C,YDR211W,0,-6.9115453,0.1230006217956543,0.9919999837875366,0.7073000073432922
YIL043C,YCL005W-A,0,-6.9116745,0.1229853704571724,0.9919999837875366,0.7074000239372253
YCL026C-A,YNL075W,0,-6.9129143,0.12297012656927109,0.9919999837875366,0.7074999809265137
YDL171C,YOR274W,0,-6.913813,0.12295488268136978,0.9919999837875366,0.7075999975204468
YDR192C,YDL058W,0,-6.913973,0.12293964624404907,0.9919999837875366,0.7077000141143799
YCL024W,YPL139C,0,-6.9157124,0.12292440980672836,0.9919999837875366,0.7077999711036682
YLR028C,YKL157W,0,-6.915831,0.12290918081998825,0.9919999837875366,0.7078999876976013
YLR038C,YMR223W,0,-6.916513,0.12289395183324814,0.9919999837875366,0.7080000042915344
YAL023C,YLR336C,0,-6.91683,0.12287873029708862,0.9919999837875366,0.7081000208854675
YDR522C,YDR103W,0,-6.917348,0.1228635162115097,0.9919999837875366,0.7081999778747559
YLR078C,YPR134W,0,-6.917693,0.12284829467535019,0.9919999837875366,0.708299994468689
YLR242C,YPR086W,0,-6.917723,0.12283308804035187,0.9919999837875366,0.7084000110626221
YDL231C,YDR081C,0,-6.918523,0.12281788140535355,0.9919999837875366,0.7085000276565552
YNL091W,YBR129C,0,-6.9187503,0.12280267477035522,0.9919999837875366,0.7085999846458435
YMR319C,YCL048W,0,-6.919032,0.1227874755859375,0.9919999837875366,0.7087000012397766
YGR218W,YOR304W,0,-6.919345,0.12277227640151978,0.9919999837875366,0.7088000178337097
YOL155C,YDR410C,0,-6.9193716,0.12275708466768265,0.9919999837875366,0.708899974822998
YCR088W,YPL206C,0,-6.919477,0.12274189293384552,0.9919999837875366,0.7089999914169312
YCR098C,YAL030W,0,-6.9195724,0.12272670865058899,0.9919999837875366,0.7091000080108643
YJL183W,YIL013C,0,-6.9196672,0.12271153181791306,0.9919999837875366,0.7092000246047974
YJL116C,YGR133W,0,-6.9197655,0.12269635498523712,0.9919999837875366,0.7092999815940857
YDR361C,YBR041W,0,-6.9201446,0.12268117815256119,0.9919999837875366,0.7093999981880188
YIL090W,YPR056W,0,-6.92077,0.12266600877046585,0.9919999837875366,0.7095000147819519
YDR440W,YPR144C,0,-6.92154,0.12265083938837051,0.9919999837875366,0.7095999717712402
YMR169C,YMR058W,0,-6.921846,0.12263567745685577,0.9919999837875366,0.7096999883651733
YDL117W,YJR040W,0,-6.9220605,0.12262051552534103,0.9919999837875366,0.7098000049591064
YOR317W,YDR113C,0,-6.9230566,0.12260536104440689,0.9919999837875366,0.7099000215530396
YPL049C,YPL231W,0,-6.9237137,0.12259021401405334,0.9919999837875366,0.7099999785423279
YNL062C,YGR202C,0,-6.923772,0.1225750669836998,0.9919999837875366,0.710099995136261
YBR164C,YCR009C,0,-6.9250784,0.12255991995334625,0.9919999837875366,0.7102000117301941
YHR043C,YEL011W,0,-6.9263954,0.1225447803735733,0.9919999837875366,0.7103000283241272
YBR039W,YBL084C,0,-6.9265223,0.12252964079380035,0.9919999837875366,0.7103999853134155
YKL143W,YLL002W,0,-6.926845,0.122514508664608,0.9919999837875366,0.7105000019073486
YBR199W,YMR285C,0,-6.9272227,0.12249938398599625,0.9919999837875366,0.7106000185012817
YBL047C,YAL024C,0,-6.927576,0.12248425930738449,0.9919999837875366,0.7106999754905701
YDR497C,YFL003C,0,-6.9281793,0.12246913462877274,0.9919999837875366,0.7107999920845032
YOR142W,YBR123C,0,-6.9282384,0.12245401740074158,0.9919999837875366,0.7109000086784363
YGR003W,YKL014C,0,-6.9284286,0.12243890762329102,0.9919999837875366,0.7110000252723694
YJL008C,YLR435W,0,-6.9286118,0.12242379039525986,0.9919999837875366,0.7110999822616577
YNR033W,YLR403W,0,-6.9288116,0.12240868806838989,0.9919999837875366,0.7111999988555908
YOR080W,YMR021C,0,-6.9298105,0.12239358574151993,0.9919999837875366,0.7113000154495239
YGL090W,YLR002C,0,-6.931276,0.12237848341464996,0.9919999837875366,0.7113999724388123
YBL023C,YBR024W,0,-6.9321747,0.1223633885383606,0.9919999837875366,0.7114999890327454
YHR191C,YOR065W,0,-6.9351807,0.12234830111265182,0.9919999837875366,0.7116000056266785
YOL152W,YIL123W,0,-6.9351873,0.12233321368694305,0.9919999837875366,0.7117000222206116
YOL103W,YOL002C,0,-6.935261,0.12231812626123428,0.9919999837875366,0.7117999792098999
YKL189W,YGR009C,0,-6.9353504,0.12230304628610611,0.9919999837875366,0.711899995803833
YPR086W,YPL234C,0,-6.93594,0.12228796631097794,0.9919999837875366,0.7120000123977661
YOR030W,YGR183C,0,-6.936819,0.12227289378643036,0.9919999837875366,0.7121000289916992
YOL002C,YCR092C,0,-6.9368453,0.12225782871246338,0.9919999837875366,0.7121999859809875
YOL165C,YGR223C,0,-6.936873,0.1222427636384964,0.9919999837875366,0.7123000025749207
YDL209C,YPL130W,0,-6.9382205,0.12222769856452942,0.9919999837875366,0.7124000191688538
YAL059W,YNL273W,0,-6.9382896,0.12221264094114304,0.9919999837875366,0.7124999761581421
YPL026C,YML041C,0,-6.9382973,0.12219758331775665,0.9919999837875366,0.7125999927520752
YGR121C,YJL047C,0,-6.9384937,0.12218253314495087,0.9919999837875366,0.7127000093460083
YHR115C,YPL072W,0,-6.9401064,0.12216749042272568,0.9919999837875366,0.7128000259399414
YNL012W,YDR050C,0,-6.940154,0.12215244770050049,0.9919999837875366,0.7128999829292297
YNL282W,YLR165C,0,-6.9403353,0.1221374049782753,0.9919999837875366,0.7129999995231628
YNR019W,YOL019W,0,-6.941574,0.1221223697066307,0.9919999837875366,0.713100016117096
YLL010C,YGL095C,0,-6.9426055,0.12210733443498611,0.9919999837875366,0.7131999731063843
YPL233W,YDR389W,0,-6.942832,0.12209230661392212,0.9919999837875366,0.7132999897003174
YJL172W,YJL108C,0,-6.943881,0.12207728624343872,0.9919999837875366,0.7134000062942505
YDL247W,YIL136W,0,-6.9443374,0.12206225842237473,0.9919999837875366,0.7135000228881836
YEL060C,YBR250W,0,-6.9452653,0.12204724550247192,0.9919999837875366,0.7135999798774719
YPL252C,YKR014C,0,-6.9462996,0.12203223258256912,0.9919999837875366,0.713699996471405
YEL036C,YOR315W,0,-6.9471846,0.12201721966266632,0.9919999837875366,0.7138000130653381
YAL043C,YBR152W,0,-6.9474115,0.12200221419334412,0.9919999837875366,0.7139000296592712
YHL032C,YLR275W,0,-6.947443,0.12198720872402191,0.9919999837875366,0.7139999866485596
YER126C,YBR024W,0,-6.947562,0.1219722107052803,0.9919999837875366,0.7141000032424927
YNL323W,YIL168W,0,-6.9488735,0.1219572201371193,0.9919999837875366,0.7142000198364258
YJL110C,YKR092C,0,-6.9489717,0.12194222211837769,0.9919999837875366,0.7142999768257141
YBL076C,YDR329C,0,-6.949117,0.12192723900079727,0.9919999837875366,0.7143999934196472
YDL194W,YDL120W,0,-6.949957,0.12191225588321686,0.9919999837875366,0.7145000100135803
YGL209W,YDL128W,0,-6.9504647,0.12189727276563644,0.9919999837875366,0.7146000266075134
YER045C,YOR036W,0,-6.950534,0.12188229709863663,0.9919999837875366,0.7146999835968018
YFL029C,YJR021C,0,-6.950884,0.12186732143163681,0.9919999837875366,0.7148000001907349
YFR029W,YHR105W,0,-6.9509583,0.12185235321521759,0.9919999837875366,0.714900016784668
YNL291C,YDL244W,0,-6.95149,0.12183738499879837,0.9919999837875366,0.7149999737739563
YNL101W,YNL093W,0,-6.9515095,0.12182242423295975,0.9919999837875366,0.7150999903678894
YHR143W-A,YOR219C,0,-6.951527,0.12180746346712112,0.9919999837875366,0.7152000069618225
YKL005C,YDR463W,0,-6.951948,0.1217925101518631,0.9919999837875366,0.7153000235557556
YIL103W,YGL035C,0,-6.9539,0.12177755683660507,0.9919999837875366,0.715399980545044
YDR045C,YER129W,0,-6.954352,0.12176261097192764,0.9919999837875366,0.715499997138977
YBR043C,YDL047W,0,-6.955414,0.12174766510725021,0.9919999837875366,0.7156000137329102
YIL103W,YDL044C,0,-6.955444,0.12173272669315338,0.9919999837875366,0.7156999707221985
YMR207C,YIL101C,0,-6.9554443,0.12171778827905655,0.9919999837875366,0.7157999873161316
YCL027W,YDR073W,0,-6.956995,0.12170285731554031,0.9919999837875366,0.7159000039100647
YMR298W,YMR016C,0,-6.95702,0.12168792635202408,0.9919999837875366,0.7160000205039978
YGL190C,YNR034W,0,-6.957223,0.12167300283908844,0.9919999837875366,0.7160999774932861
YML112W,YGL028C,0,-6.959274,0.1216580793261528,0.9919999837875366,0.7161999940872192
YCR026C,YOR119C,0,-6.960166,0.12164316326379776,0.9919999837875366,0.7163000106811523
YDR022C,YGR074W,0,-6.9605494,0.12162824720144272,0.9919999837875366,0.7164000272750854
YLR016C,YJR043C,0,-6.960638,0.12161333858966827,0.9919999837875366,0.7164999842643738
YAL041W,YPL249C,0,-6.960763,0.12159842997789383,0.9919999837875366,0.7166000008583069
YFL055W,YOR126C,0,-6.961535,0.12158352881669998,0.9919999837875366,0.71670001745224
YDL113C,YNL216W,0,-6.9615464,0.12156862765550613,0.9919999837875366,0.7167999744415283
YDR435C,YNR012W,0,-6.962257,0.12155373394489288,0.9919999837875366,0.7168999910354614
YMR094W,YER044C-A,0,-6.9622574,0.12153884023427963,0.9919999837875366,0.7170000076293945
YKR076W,YPR032W,0,-6.9631515,0.12152394652366638,0.9919999837875366,0.7171000242233276
YIL113W,YGR144W,0,-6.9633265,0.12150906771421432,0.9919999837875366,0.717199981212616
YNL148C,YOR103C,0,-6.964527,0.12149418145418167,0.9919999837875366,0.7172999978065491
YCR107W,YDR496C,0,-6.964926,0.12147930264472961,0.9919999837875366,0.7174000144004822
YLR007W,YKL140W,0,-6.965028,0.12146443128585815,0.9919999837875366,0.7174999713897705
YBR070C,YGL161C,0,-6.966483,0.1214495599269867,0.9919999837875366,0.7175999879837036
YLR397C,YMR044W,0,-6.9677343,0.12143468856811523,0.9919999837875366,0.7177000045776367
YHR063C,YDR002W,0,-6.9679265,0.12141983211040497,0.9919999837875366,0.7178000211715698
YLL018C,YBR041W,0,-6.968145,0.1214049682021141,0.9919999837875366,0.7178999781608582
YBR035C,YDR233C,0,-6.96966,0.12139011174440384,0.9919999837875366,0.7179999947547913
YPR029C,YOL164W,0,-6.9702234,0.12137526273727417,0.9919999837875366,0.7181000113487244
YBL052C,YPR055W,0,-6.9705243,0.1213604137301445,0.9919999837875366,0.7182000279426575
YML031W,YER120W,0,-6.9708414,0.12134556472301483,0.9919999837875366,0.7182999849319458
YJR093C,YIL101C,0,-6.9717937,0.12133072316646576,0.9919999837875366,0.7184000015258789
YFR044C,YNL007C,1,-6.9728518,0.12143818289041519,0.9929999709129333,0.7184000015258789
YOR026W,YMR227C,0,-6.972868,0.12142333388328552,0.9929999709129333,0.718500018119812
YOL156W,YKL176C,0,-6.9728804,0.12140848487615585,0.9929999709129333,0.7185999751091003
YJL078C,YGR005C,0,-6.972997,0.12139364331960678,0.9929999709129333,0.7186999917030334
YGL156W,YCR092C,0,-6.97324,0.12137880176305771,0.9929999709129333,0.7188000082969666
YOR231W,YKR029C,0,-6.973598,0.12136396765708923,0.9929999709129333,0.7189000248908997
YIL111W,YHR073W,0,-6.9740868,0.12134914100170135,0.9929999709129333,0.718999981880188
YKL086W,YFR003C,0,-6.97431,0.12133431434631348,0.9929999709129333,0.7190999984741211
YHR114W,YOL052C,0,-6.974781,0.1213194876909256,0.9929999709129333,0.7192000150680542
YKL114C,YOL103W,0,-6.975067,0.12130466848611832,0.9929999709129333,0.7192999720573425
YJL201W,YBR179C,0,-6.975376,0.12128984928131104,0.9929999709129333,0.7193999886512756
YOR067C,YKL067W,0,-6.9754267,0.12127503752708435,0.9929999709129333,0.7195000052452087
YLL018C,YMR156C,0,-6.9760056,0.12126022577285767,0.9929999709129333,0.7196000218391418
YCL017C,YBR287W,0,-6.9760466,0.12124542146921158,0.9929999709129333,0.7196999788284302
YER004W,YGR186W,0,-6.9761486,0.12123061716556549,0.9929999709129333,0.7197999954223633
YBR133C,YOR084W,0,-6.97643,0.1212158203125,0.9929999709129333,0.7199000120162964
YLR096W,YDR181C,0,-6.9764743,0.12120102345943451,0.9929999709129333,0.7200000286102295
YER104W,YLR092W,0,-6.9765034,0.12118623405694962,0.9929999709129333,0.7200999855995178
YAL059W,YGL023C,0,-6.9774513,0.12117144465446472,0.9929999709129333,0.7202000021934509
YPL040C,YMR302C,0,-6.977821,0.12115666270256042,0.9929999709129333,0.720300018787384
YEL026W,YDR464W,0,-6.9784117,0.12114188075065613,0.9929999709129333,0.7203999757766724
YJL196C,YGL045W,0,-6.9791765,0.12112710624933243,0.9929999709129333,0.7204999923706055
YMR301C,YER104W,0,-6.9792395,0.12111233174800873,0.9929999709129333,0.7206000089645386
YGR087C,YFR029W,0,-6.97931,0.12109756469726562,0.9929999709129333,0.7207000255584717
YNL149C,YNL292W,0,-6.980903,0.12108279764652252,0.9929999709129333,0.72079998254776
YAL012W,YPL091W,0,-6.9810305,0.12106803059577942,0.9929999709129333,0.7208999991416931
YLR109W,YBR110W,0,-6.981067,0.12105327099561691,0.9929999709129333,0.7210000157356262
YDR512C,YKR019C,0,-6.9811516,0.121038518846035,0.9929999709129333,0.7210999727249146
YDL215C,YNL236W,0,-6.981473,0.1210237666964531,0.9929999709129333,0.7211999893188477
YKR087C,YCR009C,0,-6.982719,0.12100901454687119,0.9929999709129333,0.7213000059127808
YDR288W,YLR120C,0,-6.982811,0.12099426984786987,0.9929999709129333,0.7214000225067139
YOR005C,YLR121C,0,-6.9829025,0.12097953259944916,0.9929999709129333,0.7214999794960022
YLR201C,YHR079C,0,-6.9829273,0.12096479535102844,0.9929999709129333,0.7215999960899353
YMR214W,YKL216W,0,-6.983234,0.12095005810260773,0.9929999709129333,0.7217000126838684
YPL051W,YBR019C,0,-6.9853826,0.12093532830476761,0.9929999709129333,0.7218000292778015
YBL105C,YKR062W,0,-6.9857707,0.12092060595750809,0.9929999709129333,0.7218999862670898
YLL052C,YDR411C,0,-6.9872684,0.12090588361024857,0.9929999709129333,0.722000002861023
YHR102W,YGR199W,0,-6.98777,0.12089116126298904,0.9929999709129333,0.722100019454956
YDL126C,YDR098C,0,-6.9894404,0.12087644636631012,0.9929999709129333,0.7221999764442444
YGR124W,YHR043C,0,-6.9898405,0.1208617314696312,0.9929999709129333,0.7222999930381775
YOR241W,YNL202W,0,-6.9906063,0.12084702402353287,0.9929999709129333,0.7224000096321106
YJL094C,YDR013W,0,-6.9907117,0.12083231657743454,0.9929999709129333,0.7225000262260437
YKL132C,YER120W,0,-6.9915543,0.12081761658191681,0.9929999709129333,0.722599983215332
YBR037C,YOR084W,0,-6.992263,0.12080291658639908,0.9929999709129333,0.7226999998092651
YCL024W,YOL124C,0,-6.9925613,0.12078822404146194,0.9929999709129333,0.7228000164031982
YER159C,YEL062W,0,-6.9928555,0.12077353149652481,0.9929999709129333,0.7228999733924866
YMR019W,YOR143C,0,-6.9929976,0.12075884640216827,0.9929999709129333,0.7229999899864197
YNL123W,YCR035C,0,-6.9939785,0.12074416130781174,0.9929999709129333,0.7231000065803528
YIL043C,YNL262W,0,-6.995066,0.1207294836640358,0.9929999709129333,0.7232000231742859
YGL136C,YGL059W,0,-6.995101,0.12071480602025986,0.9929999709129333,0.7232999801635742
YIL153W,YEL059C-A,0,-6.9951634,0.12070013582706451,0.9929999709129333,0.7233999967575073
YMR094W,YML115C,0,-6.9960527,0.12068546563386917,0.9929999709129333,0.7235000133514404
YPL228W,YKL204W,0,-6.9964075,0.12067079544067383,0.9929999709129333,0.7235999703407288
YJR022W,YBR154C,0,-6.9968104,0.12065613269805908,0.9929999709129333,0.7236999869346619
YOR094W,YIL109C,0,-6.9972157,0.12064147740602493,0.9929999709129333,0.723800003528595
YFL022C,YLR442C,0,-6.997512,0.12062682211399078,0.9929999709129333,0.7239000201225281
YML104C,YKR087C,0,-6.9986725,0.12061216682195663,0.9929999709129333,0.7239999771118164
YMR256C,YJL100W,0,-6.9995337,0.12059751898050308,0.9929999709129333,0.7240999937057495
YJR155W,YER106W,0,-6.9997554,0.12058287858963013,0.9929999709129333,0.7242000102996826
YNL328C,YPL152W,0,-7.000535,0.12056823819875717,0.9929999709129333,0.7243000268936157
YOR026W,YNL133C,0,-7.0006895,0.12055359780788422,0.9929999709129333,0.724399983882904
YGR252W,YKL184W,0,-7.0010953,0.12053896486759186,0.9929999709129333,0.7245000004768372
YGL017W,YDR368W,0,-7.002246,0.1205243319272995,0.9929999709129333,0.7246000170707703
YOR034C,YOR233W,0,-7.002343,0.12050970643758774,0.9929999709129333,0.7246999740600586
YDR435C,YOL067C,0,-7.002485,0.12049508839845657,0.9929999709129333,0.7247999906539917
YOL156W,YOR329C,0,-7.004041,0.12048046290874481,0.9929999709129333,0.7249000072479248
YPR023C,YMR037C,0,-7.0043306,0.12046585232019424,0.9929999709129333,0.7250000238418579
YNL039W,YPR113W,0,-7.004615,0.12045123428106308,0.9929999709129333,0.7250999808311462
YIL004C,YHR002W,0,-7.005122,0.12043663114309311,0.9929999709129333,0.7251999974250793
YGL179C,YDR485C,0,-7.0051556,0.12042202055454254,0.9929999709129333,0.7253000140190125
YJL050W,YLR145W,0,-7.0060887,0.12040741741657257,0.9929999709129333,0.7253999710083008
YER038C,YKL010C,0,-7.0060997,0.1203928217291832,0.9929999709129333,0.7254999876022339
YKL008C,YMR182C,0,-7.0066433,0.12037822604179382,0.9929999709129333,0.725600004196167
YEL011W,YJR021C,0,-7.007271,0.12036363780498505,0.9929999709129333,0.7257000207901001
YBR019C,YDR437W,0,-7.0072722,0.12034904956817627,0.9929999709129333,0.7257999777793884
YNL021W,YPL243W,0,-7.0074506,0.12033446133136749,0.9929999709129333,0.7258999943733215
YAL054C,YDR084C,0,-7.0082774,0.12031988054513931,0.9929999709129333,0.7260000109672546
YJL200C,YHR084W,0,-7.0085745,0.12030530720949173,0.9929999709129333,0.7261000275611877
YMR139W,YMR127C,0,-7.0088844,0.12029073387384415,0.9929999709129333,0.7261999845504761
YHR001W-A,YOR265W,0,-7.010168,0.12027616053819656,0.9929999709129333,0.7263000011444092
YER155C,YHR048W,0,-7.0104628,0.12026159465312958,0.9929999709129333,0.7264000177383423
YLR107W,YPR139C,0,-7.01065,0.12024703621864319,0.9929999709129333,0.7264999747276306
YDR350C,YJR127C,0,-7.0111895,0.1202324703335762,0.9929999709129333,0.7265999913215637
YCR089W,YBR114W,0,-7.011637,0.12021791934967041,0.9929999709129333,0.7267000079154968
YCR021C,YDL216C,0,-7.011687,0.12020336836576462,0.9929999709129333,0.7268000245094299
YER048W-A,YIR005W,0,-7.0119085,0.12018881738185883,0.9929999709129333,0.7268999814987183
YIL128W,YKR056W,0,-7.0122843,0.12017427384853363,0.9929999709129333,0.7269999980926514
YOR329C,YGR192C,0,-7.012725,0.12015973031520844,0.9929999709129333,0.7271000146865845
YJR161C,YER019C-A,0,-7.012728,0.12014519423246384,0.9929999709129333,0.7271999716758728
YLR035C,YMR243C,0,-7.013297,0.12013065814971924,0.9929999709129333,0.7272999882698059
YPL137C,YNR024W,1,-7.0134106,0.1202370896935463,0.9940000176429749,0.7272999882698059
YAL060W,YJR036C,0,-7.0134716,0.1202225461602211,0.9940000176429749,0.727400004863739
YER028C,YMR182C,0,-7.0134797,0.1202080026268959,0.9940000176429749,0.7275000214576721
YPR194C,YPL124W,0,-7.013504,0.1201934739947319,0.9940000176429749,0.7275999784469604
YER030W,YLL012W,0,-7.0140724,0.1201789379119873,0.9940000176429749,0.7276999950408936
YDR315C,YKL176C,0,-7.0153027,0.1201644092798233,0.9940000176429749,0.7278000116348267
YCR098C,YGR152C,0,-7.016105,0.1201498880982399,0.9940000176429749,0.7279000282287598
YBR057C,YBR250W,0,-7.016554,0.1201353669166565,0.9940000176429749,0.7279999852180481
YBL040C,YNL145W,0,-7.016645,0.12012084573507309,0.9940000176429749,0.7281000018119812
YBL016W,YJL035C,0,-7.0169325,0.12010633200407028,0.9940000176429749,0.7282000184059143
YPL006W,YDR084C,0,-7.016966,0.12009181827306747,0.9940000176429749,0.7282999753952026
YGR145W,YOR370C,0,-7.0171175,0.12007731199264526,0.9940000176429749,0.7283999919891357
YLR427W,YDR489W,0,-7.0179996,0.12006281316280365,0.9940000176429749,0.7285000085830688
YKL220C,YLR442C,0,-7.018398,0.12004830688238144,0.9940000176429749,0.728600025177002
YDR098C,YMR182C,0,-7.0187407,0.12003381550312042,0.9940000176429749,0.7286999821662903
YFL055W,YLR092W,0,-7.0189924,0.12001931667327881,0.9940000176429749,0.7287999987602234
YER058W,YHR030C,0,-7.019379,0.12000483274459839,0.9940000176429749,0.7289000153541565
YMR026C,YML005W,0,-7.019683,0.11999034136533737,0.9940000176429749,0.7289999723434448
YKL201C,YHR039C-A,0,-7.0205917,0.11997585743665695,0.9940000176429749,0.7290999889373779
YOR173W,YOR212W,0,-7.021765,0.11996138095855713,0.9940000176429749,0.729200005531311
YPR037C,YCR024C,0,-7.021894,0.1199469044804573,0.9940000176429749,0.7293000221252441
YDR419W,YKR088C,0,-7.022173,0.11993243545293808,0.9940000176429749,0.7293999791145325
YOL016C,YPR135W,0,-7.022253,0.11991796642541885,0.9940000176429749,0.7294999957084656
YOL080C,YDR451C,0,-7.0224953,0.11990349739789963,0.9940000176429749,0.7296000123023987
YNL004W,YNL207W,0,-7.0235367,0.119889035820961,0.9940000176429749,0.7297000288963318
YNL025C,YPL072W,0,-7.0243187,0.11987457424402237,0.9940000176429749,0.7297999858856201
YML043C,YOR069W,0,-7.0255923,0.11986012011766434,0.9940000176429749,0.7299000024795532
YKL149C,YBR228W,0,-7.0258865,0.1198456734418869,0.9940000176429749,0.7300000190734863
YBR176W,YOL028C,0,-7.0261416,0.11983122676610947,0.9940000176429749,0.7300999760627747
YER028C,YKR056W,0,-7.0264945,0.11981678009033203,0.9940000176429749,0.7301999926567078
YDL024C,YDR479C,0,-7.0267153,0.11980234086513519,0.9940000176429749,0.7303000092506409
YLR192C,YKL034W,0,-7.028001,0.11978790163993835,0.9940000176429749,0.730400025844574
YPR200C,YLR330W,0,-7.029981,0.11977346986532211,0.9940000176429749,0.7304999828338623
YLR450W,YLR453C,0,-7.0301514,0.11975903809070587,0.9940000176429749,0.7305999994277954
YLR260W,YOR004W,0,-7.031172,0.11974460631608963,0.9940000176429749,0.7307000160217285
YLR357W,YER018C,0,-7.031877,0.11973018199205399,0.9940000176429749,0.7307999730110168
YMR043W,YNR059W,0,-7.0319967,0.11971576511859894,0.9940000176429749,0.73089998960495
YKR092C,YKL196C,0,-7.0328355,0.11970134824514389,0.9940000176429749,0.7310000061988831
YOL008W,YDR453C,0,-7.0329614,0.11968693882226944,0.9940000176429749,0.7311000227928162
YHR001W-A,YBL052C,0,-7.0329733,0.11967252939939499,0.9940000176429749,0.7311999797821045
YOR213C,YBR182C,0,-7.033655,0.11965811997652054,0.9940000176429749,0.7312999963760376
YBR070C,YER111C,0,-7.036016,0.11964371800422668,0.9940000176429749,0.7314000129699707
YHR150W,YGR013W,0,-7.0388727,0.11962931603193283,0.9940000176429749,0.7315000295639038
YGR124W,YAL051W,0,-7.039529,0.11961492151021957,0.9940000176429749,0.7315999865531921
YER030W,YLR038C,0,-7.041842,0.11960052698850632,0.9940000176429749,0.7317000031471252
YFL029C,YDR437W,0,-7.042225,0.11958613991737366,0.9940000176429749,0.7318000197410583
YMR189W,YHR037W,0,-7.0423174,0.119571752846241,0.9940000176429749,0.7318999767303467
YOL016C,YDR477W,0,-7.043208,0.11955737322568893,0.9940000176429749,0.7319999933242798
YDR073W,YJL109C,0,-7.0450907,0.11954299360513687,0.9940000176429749,0.7321000099182129
YGR284C,YDR062W,0,-7.0451155,0.1195286214351654,0.9940000176429749,0.732200026512146
YBR274W,YGR218W,0,-7.045719,0.11951424926519394,0.9940000176429749,0.7322999835014343
YOR126C,YKL055C,0,-7.046881,0.11949987709522247,0.9940000176429749,0.7324000000953674
YPL123C,YOR076C,0,-7.0482936,0.1194855123758316,0.9940000176429749,0.7325000166893005
YLR008C,YKR055W,0,-7.0490704,0.11947115510702133,0.9940000176429749,0.7325999736785889
YLR165C,YBR265W,0,-7.0502543,0.11945679783821106,0.9940000176429749,0.732699990272522
YPR093C,YCR069W,0,-7.0505595,0.11944244056940079,0.9940000176429749,0.7328000068664551
YBL099W,YBR014C,0,-7.050849,0.11942809075117111,0.9940000176429749,0.7329000234603882
YNR057C,YLR071C,0,-7.051235,0.11941374093294144,0.9940000176429749,0.7329999804496765
YNL233W,YMR214W,0,-7.0515704,0.11939939856529236,0.9940000176429749,0.7330999970436096
YDR524C,YOR039W,0,-7.0526714,0.11938505619764328,0.9940000176429749,0.7332000136375427
YML104C,YGR183C,0,-7.053585,0.1193707212805748,0.9940000176429749,0.733299970626831
YPL008W,YBR222C,0,-7.0538907,0.11935638636350632,0.9940000176429749,0.7333999872207642
YPL059W,YGL094C,0,-7.054291,0.11934205889701843,0.9940000176429749,0.7335000038146973
YMR268C,YJL059W,0,-7.0548477,0.11932773143053055,0.9940000176429749,0.7336000204086304
YGL124C,YHR041C,0,-7.0548587,0.11931341141462326,0.9940000176429749,0.7336999773979187
YDR144C,YJL141C,0,-7.0562725,0.11929909139871597,0.9940000176429749,0.7337999939918518
YMR023C,YAR007C,0,-7.057317,0.11928477138280869,0.9940000176429749,0.7339000105857849
YDR005C,YDR145W,0,-7.0576053,0.119270458817482,0.9940000176429749,0.734000027179718
YIL111W,YJL073W,0,-7.058864,0.1192561462521553,0.9940000176429749,0.7340999841690063
YOR039W,YDR263C,0,-7.059409,0.11924184113740921,0.9940000176429749,0.7342000007629395
YOR382W,YKL051W,0,-7.060973,0.11922754347324371,0.9940000176429749,0.7343000173568726
YEL069C,YOR181W,0,-7.0613008,0.11921323835849762,0.9940000176429749,0.7343999743461609
YDR192C,YDR538W,0,-7.061493,0.11919894814491272,0.9940000176429749,0.734499990940094
YNR017W,YBR103W,0,-7.0619073,0.11918465048074722,0.9940000176429749,0.7346000075340271
YGR295C,YOR265W,0,-7.062101,0.11917036026716232,0.9940000176429749,0.7347000241279602
YNL148C,YER167W,0,-7.062523,0.11915607750415802,0.9940000176429749,0.7347999811172485
YBL045C,YOR241W,0,-7.062858,0.11914179474115372,0.9940000176429749,0.7348999977111816
YGR145W,YGR213C,0,-7.0641413,0.11912751942873001,0.9940000176429749,0.7350000143051147
YER016W,YGR238C,0,-7.0650415,0.1191132441163063,0.9940000176429749,0.7350999712944031
YBR002C,YOR295W,0,-7.0654445,0.1190989688038826,0.9940000176429749,0.7351999878883362
YHR102W,YDL140C,0,-7.066276,0.11908470094203949,0.9940000176429749,0.7353000044822693
YCR068W,YMR307W,0,-7.0667834,0.11907043308019638,0.9940000176429749,0.7354000210762024
YLR047C,YPL002C,0,-7.066823,0.11905617266893387,0.9940000176429749,0.7354999780654907
YNL021W,YDR533C,0,-7.0671234,0.11904191970825195,0.9940000176429749,0.7355999946594238
YJR069C,YJR049C,0,-7.067369,0.11902765929698944,0.9940000176429749,0.7357000112533569
YGR159C,YDL095W,0,-7.0698266,0.11901340633630753,0.9940000176429749,0.73580002784729
YER179W,YMR097C,0,-7.070915,0.11899916082620621,0.9940000176429749,0.7358999848365784
YGR249W,YGR169C,0,-7.071702,0.11898491531610489,0.9940000176429749,0.7360000014305115
YNR057C,YFR040W,0,-7.072986,0.11897067725658417,0.9940000176429749,0.7361000180244446
YKL082C,YMR268W-A,1,-7.0732555,0.11907611042261124,0.9950000047683716,0.7361000180244446
YPL051W,YLR096W,0,-7.07364,0.11906186491250992,0.9950000047683716,0.7361999750137329
YJL008C,YBR040W,0,-7.0740185,0.1190476194024086,0.9950000047683716,0.736299991607666
YNL145W,YBR162W-A,0,-7.0740438,0.11903337389230728,0.9950000047683716,0.7364000082015991
YJL194W,YGR133W,0,-7.074175,0.11901913583278656,0.9950000047683716,0.7365000247955322
YJL002C,YBL011W,0,-7.074395,0.11900490522384644,0.9950000047683716,0.7365999817848206
YHR149C,YGL212W,0,-7.0746374,0.11899067461490631,0.9950000047683716,0.7366999983787537
YCR093W,YDR137W,0,-7.074645,0.11897644400596619,0.9950000047683716,0.7368000149726868
YBR202W,YLR275W,0,-7.0749607,0.11896222084760666,0.9950000047683716,0.7368999719619751
YMR025W,YEL060C,0,-7.076007,0.11894799768924713,0.9950000047683716,0.7369999885559082
YBR244W,YAL051W,0,-7.076451,0.1189337819814682,0.9950000047683716,0.7371000051498413
YPL028W,YDL210W,0,-7.0765452,0.11891956627368927,0.9950000047683716,0.7372000217437744
YER147C,YNR031C,0,-7.0767927,0.11890535056591034,0.9950000047683716,0.7372999787330627
YDR283C,YNL311C,1,-7.0773506,0.11901063472032547,0.9959999918937683,0.7372999787330627
YJR105W,YOL147C,0,-7.0783634,0.11899641901254654,0.9959999918937683,0.7373999953269958
YNL258C,YOR048C,0,-7.078855,0.11898220330476761,0.9959999918937683,0.737500011920929
YPL154C,YPL120W,0,-7.079153,0.11896798759698868,0.9959999918937683,0.7376000285148621
YLR009W,YPL083C,0,-7.080742,0.11895377933979034,0.9959999918937683,0.7376999855041504
YGL247W,YDR383C,0,-7.082285,0.11893957853317261,0.9959999918937683,0.7378000020980835
YGL254W,YMR204C,0,-7.084209,0.11892537027597427,0.9959999918937683,0.7379000186920166
YOL026C,YOL097C,0,-7.0849643,0.11891117691993713,0.9959999918937683,0.7379999756813049
YLR206W,YOR363C,0,-7.0851583,0.1188969761133194,0.9959999918937683,0.738099992275238
YIL138C,YLR373C,0,-7.0851927,0.11888279020786285,0.9959999918937683,0.7382000088691711
YLR442C,YBR250W,0,-7.0853357,0.11886859685182571,0.9959999918937683,0.7383000254631042
YLR013W,YJL141C,0,-7.086557,0.11885441839694977,0.9959999918937683,0.7383999824523926
YGL012W,YCR052W,0,-7.086694,0.11884023249149323,0.9959999918937683,0.7384999990463257
YOR056C,YPL130W,0,-7.087281,0.11882605403661728,0.9959999918937683,0.7386000156402588
YBR199W,YDL247W,0,-7.0874424,0.11881188303232193,0.9959999918937683,0.7386999726295471
YDL231C,YDL031W,0,-7.0874486,0.11879771202802658,0.9959999918937683,0.7387999892234802
YGL253W,YGL008C,0,-7.0874834,0.11878354102373123,0.9959999918937683,0.7389000058174133
YJL011C,YBR058C,0,-7.08866,0.11876937747001648,0.9959999918937683,0.7390000224113464
YPL038W,YPR190C,0,-7.0887895,0.11875521391630173,0.9959999918937683,0.7390999794006348
YMR287C,YPR047W,0,-7.0890293,0.11874105781316757,0.9959999918937683,0.7391999959945679
YMR162C,YHR031C,0,-7.090051,0.11872690171003342,0.9959999918937683,0.739300012588501
YAL011W,YIL047C,0,-7.0905895,0.11871275305747986,0.9959999918937683,0.7394000291824341
YIL145C,YGR197C,0,-7.091215,0.1186986044049263,0.9959999918937683,0.7394999861717224
YML055W,YIL156W,0,-7.0915337,0.11868446320295334,0.9959999918937683,0.7396000027656555
YBR132C,YOR372C,0,-7.091589,0.11867032200098038,0.9959999918937683,0.7397000193595886
YGL045W,YJL151C,0,-7.0927224,0.11865618079900742,0.9959999918937683,0.739799976348877
YAL041W,YLL062C,0,-7.0932274,0.11864204704761505,0.9959999918937683,0.7398999929428101
YPR021C,YKR101W,0,-7.0943856,0.11862792074680328,0.9959999918937683,0.7400000095367432
YGR096W,YPL139C,0,-7.0944533,0.11861378699541092,0.9959999918937683,0.7401000261306763
YHR034C,YDR310C,0,-7.094744,0.11859966814517975,0.9959999918937683,0.7401999831199646
YBR200W,YNL236W,0,-7.095162,0.11858554929494858,0.9959999918937683,0.7402999997138977
YMR213W,YBR024W,0,-7.095398,0.11857143044471741,0.9959999918937683,0.7404000163078308
YMR312W,YNL147W,0,-7.0957193,0.11855731159448624,0.9959999918937683,0.7404999732971191
YLR451W,YNL079C,0,-7.0966835,0.11854320764541626,0.9959999918937683,0.7405999898910522
YGL077C,YOR086C,0,-7.097243,0.11852909624576569,0.9959999918937683,0.7407000064849854
YJR092W,YFL062W,0,-7.097751,0.11851499229669571,0.9959999918937683,0.7408000230789185
YBR018C,YEL002C,0,-7.0981035,0.11850089579820633,0.9959999918937683,0.7408999800682068
YMR100W,YDR143C,0,-7.0982976,0.11848679184913635,0.9959999918937683,0.7409999966621399
YLR106C,YML023C,0,-7.098365,0.11847270280122757,0.9959999918937683,0.741100013256073
YDL115C,YGL241W,0,-7.0986533,0.11845861375331879,0.9959999918937683,0.7411999702453613
YKR052C,YJL059W,0,-7.099611,0.11844452470541,0.9959999918937683,0.7412999868392944
YMR322C,YNR039C,0,-7.100325,0.11843044310808182,0.9959999918937683,0.7414000034332275
YFL005W,YDR353W,0,-7.100705,0.11841636151075363,0.9959999918937683,0.7415000200271606
YKL062W,YIR008C,0,-7.100896,0.11840227991342545,0.9959999918937683,0.741599977016449
YMR096W,YHR014W,0,-7.1010776,0.11838820576667786,0.9959999918937683,0.7416999936103821
YGL251C,YOL028C,0,-7.103031,0.11837413907051086,0.9959999918937683,0.7418000102043152
YBR177C,YMR179W,0,-7.104337,0.11836007237434387,0.9959999918937683,0.7419000267982483
YNL161W,YMR005W,0,-7.104902,0.11834600567817688,0.9959999918937683,0.7419999837875366
YBR186W,YDR160W,0,-7.10522,0.11833194643259048,0.9959999918937683,0.7421000003814697
YOR156C,YKL028W,0,-7.106594,0.11831788718700409,0.9959999918937683,0.7422000169754028
YMR285C,YDL116W,0,-7.106703,0.11830383539199829,0.9959999918937683,0.7422999739646912
YJR089W,YML120C,0,-7.1074543,0.11828978359699249,0.9959999918937683,0.7423999905586243
YLR233C,YNL142W,0,-7.108932,0.11827573925256729,0.9959999918937683,0.7425000071525574
YMR169C,YHR157W,0,-7.110919,0.11826169490814209,0.9959999918937683,0.7426000237464905
YMR096W,YER148W,0,-7.1110277,0.11824765801429749,0.9959999918937683,0.7426999807357788
YMR205C,YBR022W,0,-7.1114016,0.11823362112045288,0.9959999918937683,0.7427999973297119
YPL224C,YPL130W,0,-7.112378,0.11821958422660828,0.9959999918937683,0.742900013923645
YJR089W,YLR219W,0,-7.112538,0.11820555478334427,0.9959999918937683,0.7429999709129333
YHR191C,YBR020W,0,-7.112849,0.11819152534008026,0.9959999918937683,0.7430999875068665
YHR148W,YOR127W,0,-7.113676,0.11817750334739685,0.9959999918937683,0.7432000041007996
YIL131C,YLR020C,0,-7.113778,0.11816348135471344,0.9959999918937683,0.7433000206947327
YPL091W,YOR298C-A,0,-7.1141205,0.11814946681261063,0.9959999918937683,0.743399977684021
YIL049W,YML075C,0,-7.1142907,0.11813545227050781,0.9959999918937683,0.7434999942779541
YLR113W,YJL036W,0,-7.114733,0.1181214451789856,0.9959999918937683,0.7436000108718872
YNL278W,YPR082C,0,-7.115277,0.11810743808746338,0.9959999918937683,0.7437000274658203
YNL172W,YCL052C,0,-7.1153793,0.11809343099594116,0.9959999918937683,0.7437999844551086
YER175C,YML097C,0,-7.1157637,0.11807943135499954,0.9959999918937683,0.7439000010490417
YPL018W,YFL011W,0,-7.115825,0.11806543171405792,0.9959999918937683,0.7440000176429749
YOR320C,YDR342C,0,-7.116414,0.1180514395236969,0.9959999918937683,0.7440999746322632
YJR092W,YDR272W,0,-7.116953,0.11803744733333588,0.9959999918937683,0.7441999912261963
YLR401C,YBL051C,0,-7.117245,0.11802346259355545,0.9959999918937683,0.7443000078201294
YGL065C,YFL013C,0,-7.1175265,0.11800947785377502,0.9959999918937683,0.7444000244140625
YKL032C,YDR308C,0,-7.1183853,0.1179955005645752,0.9959999918937683,0.7444999814033508
YLR361C,YLR368W,0,-7.1184177,0.11798152327537537,0.9959999918937683,0.7445999979972839
YKL129C,YLR014C,0,-7.1191125,0.11796754598617554,0.9959999918937683,0.744700014591217
YBR167C,YLR337C,0,-7.1193037,0.1179535761475563,0.9959999918937683,0.7447999715805054
YJR091C,YCR053W,0,-7.119504,0.11793960630893707,0.9959999918937683,0.7448999881744385
YHR142W,YKL154W,0,-7.1201873,0.11792564392089844,0.9959999918937683,0.7450000047683716
YNR035C,YOR026W,0,-7.120601,0.1179116815328598,0.9959999918937683,0.7451000213623047
YBR288C,YIL101C,0,-7.1209393,0.11789772659540176,0.9959999918937683,0.745199978351593
YGR249W,YKL051W,0,-7.1209493,0.11788377165794373,0.9959999918937683,0.7452999949455261
YKL145W,YLR105C,0,-7.1211395,0.11786982417106628,0.9959999918937683,0.7454000115394592
YHR152W,YGL097W,0,-7.1232133,0.11785587668418884,0.9959999918937683,0.7455000281333923
YPL156C,YDR498C,0,-7.124025,0.1178419291973114,0.9959999918937683,0.7455999851226807
YJR158W,YGR008C,0,-7.12464,0.11782798916101456,0.9959999918937683,0.7457000017166138
YKR039W,YOR226C,0,-7.1253285,0.11781404912471771,0.9959999918937683,0.7458000183105469
YLR011W,YBR057C,0,-7.1253977,0.11780011653900146,0.9959999918937683,0.7458999752998352
YMR164C,YOR212W,0,-7.125426,0.11778618395328522,0.9959999918937683,0.7459999918937683
YGR249W,YOL031C,0,-7.126904,0.11777225881814957,0.9959999918937683,0.7461000084877014
YGL032C,YCL017C,0,-7.126956,0.11775833368301392,0.9959999918937683,0.7462000250816345
YML043C,YJL069C,0,-7.126998,0.11774441599845886,0.9959999918937683,0.7462999820709229
YKR081C,YOR148C,0,-7.1279197,0.11773049831390381,0.9959999918937683,0.746399998664856
YLR116W,YDL135C,0,-7.1297793,0.11771658062934875,0.9959999918937683,0.7465000152587891
YEL037C,YFL008W,0,-7.1299877,0.1177026703953743,0.9959999918937683,0.7465999722480774
YKL149C,YIL117C,0,-7.130188,0.11768876016139984,0.9959999918937683,0.7466999888420105
YKL043W,YAR007C,0,-7.1310263,0.11767485737800598,0.9959999918937683,0.7468000054359436
YPL228W,YLR120C,0,-7.1319118,0.11766095459461212,0.9959999918937683,0.7469000220298767
YPR083W,YIL014W,0,-7.132687,0.11764705926179886,0.9959999918937683,0.746999979019165
YDR534C,YLL034C,0,-7.133355,0.1176331639289856,0.9959999918937683,0.7470999956130981
YOR197W,YKL163W,0,-7.1335816,0.11761927604675293,0.9959999918937683,0.7472000122070312
YER068W,YIL138C,0,-7.1339836,0.11760538071393967,0.9959999918937683,0.7473000288009644
YJL026W,YOR213C,0,-7.134259,0.1175915002822876,0.9959999918937683,0.7473999857902527
YNL151C,YDL244W,0,-7.134975,0.11757761985063553,0.9959999918937683,0.7475000023841858
YLR394W,YDR143C,0,-7.135689,0.11756373941898346,0.9959999918937683,0.7476000189781189
YER073W,YGR075C,0,-7.136098,0.11754986643791199,0.9959999918937683,0.7476999759674072
YLR226W,YBR244W,0,-7.13666,0.11753599345684052,0.9959999918937683,0.7477999925613403
YLR354C,YLR337C,0,-7.1370115,0.11752212047576904,0.9959999918937683,0.7479000091552734
YKR076W,YGR008C,0,-7.1376677,0.11750825494527817,0.9959999918937683,0.7480000257492065
YDR446W,YNL123W,0,-7.1381617,0.11749439686536789,0.9959999918937683,0.7480999827384949
YGL238W,YNL201C,0,-7.138402,0.11748053878545761,0.9959999918937683,0.748199999332428
YCR052W,YOL018C,0,-7.1384487,0.11746668070554733,0.9959999918937683,0.7483000159263611
YBR244W,YER169W,0,-7.1397448,0.11745283007621765,0.9959999918937683,0.7483999729156494
YLR092W,YDR398W,0,-7.139949,0.11743897944688797,0.9959999918937683,0.7484999895095825
YJL034W,YGR158C,0,-7.1423025,0.11742513626813889,0.9959999918937683,0.7486000061035156
YGL155W,YPR032W,0,-7.1423144,0.1174112930893898,0.9959999918937683,0.7487000226974487
YMR069W,YHR154W,0,-7.1446786,0.11739745736122131,0.9959999918937683,0.7487999796867371
YER017C,YKL040C,0,-7.1447277,0.11738362163305283,0.9959999918937683,0.7488999962806702
YBR162W-A,YDR119W,0,-7.1449213,0.11736978590488434,0.9959999918937683,0.7490000128746033
YMR211W,YLR368W,0,-7.1454387,0.11735595762729645,0.9959999918937683,0.7491000294685364
YAR014C,YML041C,0,-7.1454487,0.11734212934970856,0.9959999918937683,0.7491999864578247
YER166W,YBR043C,0,-7.146056,0.11732830852270126,0.9959999918937683,0.7493000030517578
YDR516C,YDR227W,0,-7.146082,0.11731448769569397,0.9959999918937683,0.7494000196456909
YGL009C,YPL033C,0,-7.1461997,0.11730067431926727,0.9959999918937683,0.7494999766349792
YGR057C,YIL073C,0,-7.146253,0.11728686094284058,0.9959999918937683,0.7495999932289124
YOL130W,YKR036C,0,-7.1466217,0.11727304756641388,0.9959999918937683,0.7497000098228455
YDL006W,YDL072C,0,-7.1470585,0.11725924164056778,0.9959999918937683,0.7498000264167786
YCR017C,YBR102C,0,-7.147302,0.11724543571472168,0.9959999918937683,0.7498999834060669
YMR156C,YOL097C,0,-7.1479645,0.11723163723945618,0.9959999918937683,0.75
YMR169C,YGL173C,0,-7.148247,0.11721783876419067,0.9959999918937683,0.7501000165939331
YDL188C,YJL056C,0,-7.1486216,0.11720404773950577,0.9959999918937683,0.7501999735832214
YMR189W,YKR090W,0,-7.148937,0.11719025671482086,0.9959999918937683,0.7502999901771545
YLR359W,YKL078W,0,-7.149561,0.11717647314071655,0.9959999918937683,0.7504000067710876
YIL033C,YMR201C,0,-7.1502867,0.11716268956661224,0.9959999918937683,0.7505000233650208
YEL061C,YJR134C,0,-7.151572,0.11714890599250793,0.9959999918937683,0.7505999803543091
YER016W,YBR253W,0,-7.151729,0.11713512986898422,0.9959999918937683,0.7506999969482422
YBR136W,YLR105C,0,-7.151778,0.11712135374546051,0.9959999918937683,0.7508000135421753
YGR174C,YHL028W,0,-7.1521015,0.1171075850725174,0.9959999918937683,0.7508999705314636
YPL098C,YDL236W,0,-7.152873,0.11709381639957428,0.9959999918937683,0.7509999871253967
YML126C,YHR181W,0,-7.1536927,0.11708005517721176,0.9959999918937683,0.7511000037193298
YEL030W,YKR026C,0,-7.154755,0.11706629395484924,0.9959999918937683,0.7512000203132629
YGL065C,YHL032C,0,-7.1555467,0.11705253273248672,0.9959999918937683,0.7512999773025513
YHL047C,YER052C,0,-7.156376,0.1170387789607048,0.9959999918937683,0.7513999938964844
YDR195W,YLL055W,0,-7.1565876,0.11702502518892288,0.9959999918937683,0.7515000104904175
YGL012W,YNL012W,0,-7.1569405,0.11701127886772156,0.9959999918937683,0.7516000270843506
YOR322C,YDL128W,0,-7.157405,0.11699753254652023,0.9959999918937683,0.7516999840736389
YPL050C,YDR368W,0,-7.1574745,0.1169837936758995,0.9959999918937683,0.751800000667572
YLR172C,YDL128W,0,-7.1577053,0.11697005480527878,0.9959999918937683,0.7519000172615051
YOR226C,YPR031W,0,-7.1580977,0.11695631593465805,0.9959999918937683,0.7519999742507935
YPL151C,YMR059W,0,-7.1586666,0.11694258451461792,0.9959999918937683,0.7520999908447266
YGL245W,YDR073W,0,-7.1589975,0.11692885309457779,0.9959999918937683,0.7522000074386597
YGL254W,YEL056W,0,-7.1593294,0.11691512912511826,0.9959999918937683,0.7523000240325928
YCL055W,YCL063W,0,-7.1594286,0.11690140515565872,0.9959999918937683,0.7523999810218811
YHR046C,YHR102W,0,-7.1594977,0.11688768863677979,0.9959999918937683,0.7524999976158142
YBR200W,YPR181C,0,-7.159976,0.11687397211790085,0.9959999918937683,0.7526000142097473
YNL004W,YHR096C,0,-7.1600056,0.11686026304960251,0.9959999918937683,0.7526999711990356
YPL190C,YGR104C,0,-7.160169,0.11684655398130417,0.9959999918937683,0.7527999877929688
YOR298W,YDR329C,0,-7.160194,0.11683284491300583,0.9959999918937683,0.7529000043869019
YGL183C,YKL010C,0,-7.160744,0.11681914329528809,0.9959999918937683,0.753000020980835
YOL052C-A,YPL224C,0,-7.1610518,0.11680544167757034,0.9959999918937683,0.7530999779701233
YDR270W,YMR016C,0,-7.16115,0.1167917475104332,0.9959999918937683,0.7531999945640564
YGR286C,YDR156W,0,-7.1613216,0.11677805334329605,0.9959999918937683,0.7533000111579895
YPR082C,YKL204W,0,-7.161676,0.1167643591761589,0.9959999918937683,0.7534000277519226
YPL051W,YAL022C,0,-7.16314,0.11675067245960236,0.9959999918937683,0.7534999847412109
YPL227C,YLR148W,0,-7.1634803,0.1167369931936264,0.9959999918937683,0.753600001335144
YJR005W,YIL107C,0,-7.1637635,0.11672330647706985,0.9959999918937683,0.7537000179290771
YNL041C,YOL017W,0,-7.164161,0.1167096346616745,0.9959999918937683,0.7537999749183655
YCL025C,YDR316W,0,-7.1645083,0.11669595539569855,0.9959999918937683,0.7538999915122986
YNL225C,YKL178C,0,-7.1646385,0.11668228358030319,0.9959999918937683,0.7540000081062317
YPL256C,YKL134C,0,-7.165229,0.11666861921548843,0.9959999918937683,0.7541000247001648
YDR304C,YER175C,0,-7.166456,0.11665495485067368,0.9959999918937683,0.7541999816894531
YDL126C,YIR005W,0,-7.1670203,0.11664129048585892,0.9959999918937683,0.7542999982833862
YOL125W,YDR354W,0,-7.167897,0.11662763357162476,0.9959999918937683,0.7544000148773193
YOL101C,YDR238C,0,-7.1683903,0.1166139766573906,0.9959999918937683,0.7544999718666077
YMR072W,YML042W,0,-7.168478,0.11660032719373703,0.9959999918937683,0.7545999884605408
YFL025C,YKL038W,0,-7.1694,0.11658667773008347,0.9959999918937683,0.7547000050544739
YMR135C,YPL179W,0,-7.169496,0.1165730357170105,0.9959999918937683,0.754800021648407
YFL045C,YNL044W,0,-7.1696577,0.11655939370393753,0.9959999918937683,0.7548999786376953
YGR120C,YGR088W,0,-7.171148,0.11654575169086456,0.9959999918937683,0.7549999952316284
YLR321C,YJR044C,0,-7.1733446,0.11653211712837219,0.9959999918937683,0.7551000118255615
YER095W,YBR169C,0,-7.17482,0.11651848256587982,0.9959999918937683,0.7552000284194946
YHR102W,YLR034C,0,-7.1756945,0.11650485545396805,0.9959999918937683,0.755299985408783
YGR091W,YLR292C,0,-7.1759915,0.11649122834205627,0.9959999918937683,0.7554000020027161
YGR248W,YGL259W,0,-7.177146,0.1164776086807251,0.9959999918937683,0.7555000185966492
YHL019C,YHL006C,0,-7.1773787,0.11646398156881332,0.9959999918937683,0.7555999755859375
YJL204C,YLR039C,0,-7.17785,0.11645036935806274,0.9959999918937683,0.7556999921798706
YLR371W,YHL034C,0,-7.1784725,0.11643675714731216,0.9959999918937683,0.7558000087738037
YHL016C,YDR311W,0,-7.179516,0.11642314493656158,0.9959999918937683,0.7559000253677368
YIL014W,YFR052W,0,-7.179616,0.1164095401763916,0.9959999918937683,0.7559999823570251
YJL082W,YHR034C,0,-7.180292,0.11639593541622162,0.9959999918937683,0.7560999989509583
YPL255W,YLL011W,0,-7.180392,0.11638233065605164,0.9959999918937683,0.7562000155448914
YDR350C,YCL018W,0,-7.1809735,0.11636873334646225,0.9959999918937683,0.7562999725341797
YCR010C,YIL068C,0,-7.1816955,0.11635514348745346,0.9959999918937683,0.7563999891281128
YBR243C,YPR075C,0,-7.1819553,0.11634154617786407,0.9959999918937683,0.7565000057220459
YMR239C,YMR117C,0,-7.1824493,0.11632796376943588,0.9959999918937683,0.756600022315979
YJL013C,YOL060C,0,-7.182569,0.1163143739104271,0.9959999918937683,0.7566999793052673
YDR106W,YDR419W,0,-7.1831045,0.1163007915019989,0.9959999918937683,0.7567999958992004
YER119C,YMR030W,0,-7.1837006,0.1162872165441513,0.9959999918937683,0.7569000124931335
YOR039W,YDR279W,0,-7.186647,0.11627364158630371,0.9959999918937683,0.7570000290870667
YJL112W,YLR165C,0,-7.187002,0.11626006662845612,0.9959999918937683,0.757099986076355
YOL064C,YGR133W,0,-7.187068,0.11624649912118912,0.9959999918937683,0.7572000026702881
YML054C,YOR030W,0,-7.1874843,0.11623293161392212,0.9959999918937683,0.7573000192642212
YNL331C,YJL167W,0,-7.1878095,0.11621937155723572,0.9959999918937683,0.7573999762535095
YOR250C,YFL033C,0,-7.189338,0.11620581150054932,0.9959999918937683,0.7574999928474426
YLR096W,YPL097W,0,-7.1900463,0.11619225144386292,0.9959999918937683,0.7576000094413757
YDR430C,YGR154C,0,-7.190342,0.11617869883775711,0.9959999918937683,0.7577000260353088
YMR009W,YGR134W,0,-7.190439,0.1161651536822319,0.9959999918937683,0.7577999830245972
YGR223C,YNL151C,0,-7.1908274,0.1161516010761261,0.9959999918937683,0.7578999996185303
YNR019W,YPL152W,0,-7.1910276,0.11613806337118149,0.9959999918937683,0.7580000162124634
YLR110C,YJR140C,0,-7.1914124,0.11612451821565628,0.9959999918937683,0.7580999732017517
YKR054C,YJL069C,0,-7.191454,0.11611098051071167,0.9959999918937683,0.7581999897956848
YJR057W,YEL051W,0,-7.1916413,0.11609745025634766,0.9959999918937683,0.7583000063896179
YNL169C,YMR236W,0,-7.1920505,0.11608391255140305,0.9959999918937683,0.758400022983551
YKL005C,YBR254C,0,-7.1920557,0.11607038974761963,0.9959999918937683,0.7584999799728394
YHR079C,YIL110W,0,-7.1926537,0.11605685949325562,0.9959999918937683,0.7585999965667725
YBR133C,YOL054W,0,-7.1926703,0.1160433441400528,0.9959999918937683,0.7587000131607056
YOR036W,YGL224C,0,-7.1929994,0.11602982133626938,0.9959999918937683,0.7588000297546387
YDR439W,YML125C,0,-7.1938376,0.11601630598306656,0.9959999918937683,0.758899986743927
YPL028W,YBR044C,0,-7.1948075,0.11600279808044434,0.9959999918937683,0.7590000033378601
YOR250C,YFR003C,0,-7.194898,0.11598928272724152,0.9959999918937683,0.7591000199317932
YKL015W,YMR127C,0,-7.1950006,0.11597578227519989,0.9959999918937683,0.7591999769210815
YKL002W,YNL257C,0,-7.195365,0.11596227437257767,0.9959999918937683,0.7592999935150146
YPR200C,YDR240C,0,-7.1955004,0.11594878137111664,0.9959999918937683,0.7594000101089478
YOR180C,YMR308C,0,-7.195553,0.11593528091907501,0.9959999918937683,0.7595000267028809
YOR112W,YLR116W,0,-7.195595,0.11592178791761398,0.9959999918937683,0.7595999836921692
YLR220W,YPL254W,0,-7.1959877,0.11590829491615295,0.9959999918937683,0.7597000002861023
YKR049C,YGR033C,0,-7.1960087,0.11589480936527252,0.9959999918937683,0.7598000168800354
YBR295W,YNL083W,0,-7.196244,0.11588132381439209,0.9959999918937683,0.7598999738693237
YNL173C,YOR001W,0,-7.1965857,0.11586784571409225,0.9959999918937683,0.7599999904632568
YDR009W,YOL095C,0,-7.1973147,0.11585436761379242,0.9959999918937683,0.7601000070571899
YBR213W,YNR059W,0,-7.197866,0.11584088951349258,0.9959999918937683,0.760200023651123
YOR122C,YGL170C,0,-7.1987553,0.11582741886377335,0.9959999918937683,0.7602999806404114
YBR037C,YMR179W,0,-7.1992207,0.1158139556646347,0.9959999918937683,0.7603999972343445
YLR381W,YOR373W,0,-7.199404,0.11580048501491547,0.9959999918937683,0.7605000138282776
YBR179C,YDR137W,0,-7.200693,0.11578702926635742,0.9959999918937683,0.7605999708175659
YOR061W,YOR226C,0,-7.2017784,0.11577356606721878,0.9959999918937683,0.760699987411499
YIR009W,YNL156C,0,-7.2018914,0.11576011031866074,0.9959999918937683,0.7608000040054321
YDR364C,YDR174W,0,-7.202091,0.11574666202068329,0.9959999918937683,0.7609000205993652
YMR316W,YNL292W,0,-7.202839,0.11573320627212524,0.9959999918937683,0.7609999775886536
YKR083C,YOR087W,0,-7.202905,0.1157197654247284,0.9959999918937683,0.7610999941825867
YMR068W,YGR284C,0,-7.2029285,0.11570631712675095,0.9959999918937683,0.7612000107765198
YJL200C,YNR034W,0,-7.2056656,0.1156928762793541,0.9959999918937683,0.7613000273704529
YDL117W,YGR200C,0,-7.2058067,0.11567944288253784,0.9959999918937683,0.7613999843597412
YHL032C,YNL281W,0,-7.2066383,0.11566600948572159,0.9959999918937683,0.7615000009536743
YDR253C,YIR015W,0,-7.207192,0.11565257608890533,0.9959999918937683,0.7616000175476074
YBR196C,YLR084C,0,-7.2074738,0.11563915014266968,0.9959999918937683,0.7616999745368958
YLL001W,YGL066W,0,-7.2079487,0.11562572419643402,0.9959999918937683,0.7617999911308289
YDR345C,YMR302C,0,-7.2082243,0.11561230570077896,0.9959999918937683,0.761900007724762
YKL054C,YOR373W,0,-7.209259,0.1155988872051239,0.9959999918937683,0.7620000243186951
YDL194W,YDR536W,0,-7.210207,0.11558546870946884,0.9959999918937683,0.7620999813079834
YML112W,YDL035C,0,-7.2105417,0.11557205766439438,0.9959999918937683,0.7621999979019165
YER086W,YJR004C,0,-7.210578,0.11555864661931992,0.9959999918937683,0.7623000144958496
YDR147W,YMR075W,0,-7.2111235,0.11554524302482605,0.9959999918937683,0.7623999714851379
YMR292W,YKL014C,0,-7.2112336,0.11553183943033218,0.9959999918937683,0.762499988079071
YER147C,YOL105C,0,-7.212347,0.11551844328641891,0.9959999918937683,0.7626000046730042
YJL044C,YPL106C,0,-7.2123947,0.11550504714250565,0.9959999918937683,0.7627000212669373
YCL029C,YKR083C,0,-7.2124767,0.11549165099859238,0.9959999918937683,0.7627999782562256
YIL135C,YDR532C,0,-7.212479,0.1154782623052597,0.9959999918937683,0.7628999948501587
YML016C,YPL206C,0,-7.2128277,0.11546487361192703,0.9959999918937683,0.7630000114440918
YBL030C,YJR110W,0,-7.2134333,0.11545149236917496,0.9959999918937683,0.7631000280380249
YBR022W,YNL202W,0,-7.214095,0.11543811112642288,0.9959999918937683,0.7631999850273132
YHR044C,YNR045W,0,-7.2147655,0.1154247298836708,0.9959999918937683,0.7633000016212463
YIR005W,YGR023W,0,-7.215541,0.11541135609149933,0.9959999918937683,0.7634000182151794
YOL001W,YNL304W,0,-7.215874,0.11539798229932785,0.9959999918937683,0.7634999752044678
YMR029C,YDR492W,0,-7.2175765,0.11538461595773697,0.9959999918937683,0.7635999917984009
YPL152W,YOR230W,0,-7.2177525,0.11537124961614609,0.9959999918937683,0.763700008392334
YDR481C,YOR353C,0,-7.2184105,0.1153578907251358,0.9959999918937683,0.7638000249862671
YKR038C,YGR178C,0,-7.2184815,0.11534452438354492,0.9959999918937683,0.7638999819755554
YJR155W,YGR143W,0,-7.219134,0.11533117294311523,0.9959999918937683,0.7639999985694885
YBR072W,YJL146W,0,-7.2208147,0.11531782150268555,0.9959999918937683,0.7641000151634216
YHR175W,YDL052C,0,-7.221431,0.11530447006225586,0.9959999918937683,0.76419997215271
YJL065C,YER169W,0,-7.2220583,0.11529111862182617,0.9959999918937683,0.7642999887466431
YDL024C,YKL057C,0,-7.2224617,0.11527777463197708,0.9959999918937683,0.7644000053405762
YNL223W,YLR016C,0,-7.222558,0.11526443809270859,0.9959999918937683,0.7645000219345093
YKL208W,YPR178W,0,-7.2233186,0.1152511015534401,0.9959999918937683,0.7645999789237976
YBL046W,YOR001W,0,-7.223555,0.1152377650141716,0.9959999918937683,0.7646999955177307
YMR213W,YOR180C,0,-7.224135,0.1152244359254837,0.9959999918937683,0.7648000121116638
YGR180C,YOR129C,0,-7.224692,0.1152111068367958,0.9959999918937683,0.7649000287055969
YKR026C,YOR143C,0,-7.2250924,0.11519777774810791,0.9959999918937683,0.7649999856948853
YML104C,YNL121C,0,-7.225351,0.11518445611000061,0.9959999918937683,0.7651000022888184
YEL039C,YCR014C,0,-7.225385,0.11517113447189331,0.9959999918937683,0.7652000188827515
YML010W,YKL174C,0,-7.226282,0.11515782028436661,0.9959999918937683,0.7652999758720398
YPR178W,YBR280C,0,-7.226373,0.1151445060968399,0.9959999918937683,0.7653999924659729
YPL254W,YNL083W,0,-7.22689,0.1151311993598938,0.9959999918937683,0.765500009059906
YBR085W,YMR277W,0,-7.2274117,0.11511789262294769,0.9959999918937683,0.7656000256538391
YJR040W,YCR014C,0,-7.227507,0.11510458588600159,0.9959999918937683,0.7656999826431274
YDR141C,YBR169C,0,-7.229017,0.11509128659963608,0.9959999918937683,0.7657999992370605
YBR036C,YLR148W,0,-7.2296314,0.11507798731327057,0.9959999918937683,0.7659000158309937
YNL075W,YNR047W,0,-7.2303057,0.11506469547748566,0.9959999918937683,0.765999972820282
YNL183C,YHR073W,0,-7.231933,0.11505140364170074,0.9959999918937683,0.7660999894142151
YDL200C,YER022W,0,-7.2334633,0.11503811180591583,0.9959999918937683,0.7662000060081482
YGL180W,YGR295C,0,-7.2337036,0.11502482742071152,0.9959999918937683,0.7663000226020813
YBL005W,YLR376C,0,-7.2353377,0.1150115504860878,0.9959999918937683,0.7663999795913696
YLR288C,YHR073W,0,-7.2354593,0.11499826610088348,0.9959999918937683,0.7664999961853027
YPL059W,YDR030C,0,-7.235539,0.11498498916625977,0.9959999918937683,0.7666000127792358
YER068W,YDR323C,0,-7.235862,0.11497171968221664,0.9959999918937683,0.766700029373169
YOR038C,YKL059C,0,-7.236535,0.11495845019817352,0.9959999918937683,0.7667999863624573
YPL135W,YCR020C-A,0,-7.237564,0.1149451807141304,0.9959999918937683,0.7669000029563904
YDR315C,YBR095C,0,-7.2380705,0.11493191868066788,0.9959999918937683,0.7670000195503235
YHR209W,YHR179W,0,-7.2380877,0.11491865664720535,0.9959999918937683,0.7670999765396118
YLR220W,YOL052C-A,0,-7.2401643,0.11490540206432343,0.9959999918937683,0.7671999931335449
YDL019C,YGL037C,0,-7.2403374,0.1148921474814415,0.9959999918937683,0.767300009727478
YBR142W,YPL045W,0,-7.2403755,0.11487889289855957,0.9959999918937683,0.7674000263214111
YIL136W,YDR522C,0,-7.240377,0.11486564576625824,0.9959999918937683,0.7674999833106995
YPR075C,YBR169C,0,-7.240447,0.11485239863395691,0.9959999918937683,0.7675999999046326
YBR132C,YFR008W,0,-7.2409515,0.11483915895223618,0.9959999918937683,0.7677000164985657
YDL197C,YNR003C,0,-7.241869,0.11482591927051544,0.9959999918937683,0.767799973487854
YML042W,YLR457C,0,-7.2424107,0.11481267958879471,0.9959999918937683,0.7678999900817871
YNR001C,YJR094C,0,-7.2434807,0.11479944735765457,0.9959999918937683,0.7680000066757202
YKR024C,YGL175C,0,-7.2449145,0.11478621512651443,0.9959999918937683,0.7681000232696533
YKL163W,YDL216C,0,-7.245249,0.1147729903459549,0.9959999918937683,0.7681999802589417
YLR234W,YJL056C,0,-7.245728,0.11475976556539536,0.9959999918937683,0.7682999968528748
YGL084C,YPL167C,0,-7.2458024,0.11474654078483582,0.9959999918937683,0.7684000134468079
YKR046C,YIL006W,0,-7.246726,0.11473332345485687,0.9959999918937683,0.7684999704360962
YCL026C-A,YLR291C,0,-7.2469172,0.11472011357545853,0.9959999918937683,0.7685999870300293
YKL130C,YCR081W,0,-7.2471585,0.11470689624547958,0.9959999918937683,0.7687000036239624
YGL047W,YLR011W,0,-7.24761,0.11469368636608124,0.9959999918937683,0.7688000202178955
YPL202C,YLR154C,0,-7.2476826,0.11468048393726349,0.9959999918937683,0.7688999772071838
YNL201C,YLL028W,0,-7.2497425,0.11466728150844574,0.9959999918937683,0.7689999938011169
YDR446W,YFL005W,0,-7.2502937,0.11465407907962799,0.9959999918937683,0.76910001039505
YNL041C,YKL134C,0,-7.2506905,0.11464088410139084,0.9959999918937683,0.7692000269889832
YMR004W,YHR016C,0,-7.2507343,0.11462768912315369,0.9959999918937683,0.7692999839782715
YGL234W,YMR165C,0,-7.2508197,0.11461450159549713,0.9959999918937683,0.7694000005722046
YDL214C,YLR369W,0,-7.250967,0.11460131406784058,0.9959999918937683,0.7695000171661377
YKL002W,YOR092W,0,-7.253633,0.11458812654018402,0.9959999918937683,0.769599974155426
YBR230C,YDR501W,0,-7.253857,0.11457494646310806,0.9959999918937683,0.7696999907493591
YLR229C,YDL178W,0,-7.2544217,0.1145617663860321,0.9959999918937683,0.7698000073432922
YHL048W,YER094C,0,-7.2545815,0.11454859375953674,0.9959999918937683,0.7699000239372253
YNR034W,YBL088C,0,-7.2553487,0.11453542113304138,0.9959999918937683,0.7699999809265137
YNR054C,YJL186W,0,-7.2553954,0.11452224850654602,0.9959999918937683,0.7700999975204468
YHR191C,YOL021C,0,-7.2566023,0.11450908333063126,0.9959999918937683,0.7702000141143799
YPR104C,YER142C,0,-7.2576985,0.11449591815471649,0.9959999918937683,0.7702999711036682
YLR350W,YJR110W,0,-7.2578287,0.11448276042938232,0.9959999918937683,0.7703999876976013
YOR374W,YDR022C,0,-7.2580786,0.11446960270404816,0.9959999918937683,0.7705000042915344
YGR120C,YGR278W,0,-7.2590413,0.11445644497871399,0.9959999918937683,0.7706000208854675
YLR116W,YIL144W,0,-7.259094,0.11444329470396042,0.9959999918937683,0.7706999778747559
YPL026C,YPL011C,0,-7.2600956,0.11443014442920685,0.9959999918937683,0.770799994468689
YBR045C,YPL242C,0,-7.2604313,0.11441700160503387,0.9959999918937683,0.7709000110626221
YOR122C,YAL047C,0,-7.2610426,0.1144038587808609,0.9959999918937683,0.7710000276565552
YPL176C,YDR449C,0,-7.263335,0.11439072340726852,0.9959999918937683,0.7710999846458435
YBR135W,YMR135C,0,-7.263354,0.11437758058309555,0.9959999918937683,0.7712000012397766
YNL091W,YML065W,0,-7.263398,0.11436445266008377,0.9959999918937683,0.7713000178337097
YLR201C,YFR005C,0,-7.2634487,0.1143513172864914,0.9959999918937683,0.771399974822998
YDR162C,YDL147W,0,-7.2647963,0.11433819681406021,0.9959999918937683,0.7714999914169312
YDR155C,YOR382W,0,-7.2649755,0.11432506889104843,0.9959999918937683,0.7716000080108643
YCR088W,YDR365C,0,-7.266373,0.11431194841861725,0.9959999918937683,0.7717000246047974
YKR058W,YNR034W,0,-7.26736,0.11429882794618607,0.9959999918937683,0.7717999815940857
YOL164W,YLR166C,0,-7.269719,0.11428571492433548,0.9959999918937683,0.7718999981880188
YGR098C,YDR527W,0,-7.2699366,0.1142726019024849,0.9959999918937683,0.7720000147819519
YHR179W,YDR045C,0,-7.2704854,0.1142594963312149,0.9959999918937683,0.7720999717712402
YDR511W,YBR202W,0,-7.2708225,0.11424638330936432,0.9959999918937683,0.7721999883651733
YMR180C,YGR072W,0,-7.2722673,0.11423328518867493,0.9959999918937683,0.7723000049591064
YDR088C,YNL304W,0,-7.273568,0.11422018706798553,0.9959999918937683,0.7724000215530396
YPL050C,YPL171C,0,-7.2736607,0.11420708894729614,0.9959999918937683,0.7724999785423279
YMR298W,YDR523C,0,-7.2738276,0.11419399082660675,0.9959999918937683,0.772599995136261
YOR335C,YKR056W,0,-7.2740173,0.11418090015649796,0.9959999918937683,0.7727000117301941
YBR042C,YJL013C,0,-7.2742577,0.11416780948638916,0.9959999918937683,0.7728000283241272
YOR028C,YCR028C,0,-7.2745037,0.11415472626686096,0.9959999918937683,0.7728999853134155
YNL097C,YIL168W,0,-7.2745814,0.11414164304733276,0.9959999918937683,0.7730000019073486
YJL111W,YDL220C,0,-7.274888,0.11412856727838516,0.9959999918937683,0.7731000185012817
YIL084C,YHR172W,0,-7.2762713,0.11411549150943756,0.9959999918937683,0.7731999754905701
YGL001C,YKL009W,0,-7.2787237,0.11410241574048996,0.9959999918937683,0.7732999920845032
YMR207C,YML093W,0,-7.2790356,0.11408934742212296,0.9959999918937683,0.7734000086784363
YDR022C,YGR194C,0,-7.2792044,0.11407627910375595,0.9959999918937683,0.7735000252723694
YPR067W,YLR033W,0,-7.279272,0.11406321823596954,0.9959999918937683,0.7735999822616577
YJR105W,YML104C,0,-7.2794867,0.11405015736818314,0.9959999918937683,0.7736999988555908
YER045C,YGR268C,0,-7.281334,0.11403709650039673,0.9959999918937683,0.7738000154495239
YEL032W,YDR498C,0,-7.28214,0.11402404308319092,0.9959999918937683,0.7738999724388123
YOR311C,YPL207W,0,-7.282685,0.11401098966598511,0.9959999918937683,0.7739999890327454
YMR207C,YNL202W,0,-7.282916,0.1139979362487793,0.9959999918937683,0.7741000056266785
YFL031W,YAL016W,0,-7.2838306,0.11398489028215408,0.9959999918937683,0.7742000222206116
YAL025C,YER118C,0,-7.284358,0.11397185176610947,0.9959999918937683,0.7742999792098999
YNR030W,YCL038C,0,-7.2847605,0.11395881325006485,0.9959999918937683,0.774399995803833
YOL096C,YNR059W,0,-7.284946,0.11394577473402023,0.9959999918937683,0.7745000123977661
YMR280C,YER055C,0,-7.285117,0.11393273621797562,0.9959999918937683,0.7746000289916992
YIL139C,YER100W,0,-7.2853003,0.1139197051525116,0.9959999918937683,0.7746999859809875
YGL238W,YDR392W,0,-7.286394,0.11390668153762817,0.9959999918937683,0.7748000025749207
YGR057C,YPR018W,0,-7.286416,0.11389365047216415,0.9959999918937683,0.7749000191688538
YJR092W,YJL061W,0,-7.2884197,0.11388063430786133,0.9959999918937683,0.7749999761581421
YGL047W,YKL054C,0,-7.288827,0.1138676106929779,0.9959999918937683,0.7750999927520752
YOR260W,YLR373C,0,-7.28939,0.11385459452867508,0.9959999918937683,0.7752000093460083
YJL157C,YLR207W,0,-7.2893915,0.11384157836437225,0.9959999918937683,0.7753000259399414
YLR007W,YCL004W,0,-7.290085,0.11382856965065002,0.9959999918937683,0.7753999829292297
YGR061C,YDR198C,0,-7.291319,0.1138155609369278,0.9959999918937683,0.7754999995231628
YJL082W,YOR269W,0,-7.2921476,0.11380255967378616,0.9959999918937683,0.775600016117096
YJL092W,YPL124W,0,-7.2943373,0.11378955841064453,0.9959999918937683,0.7756999731063843
YDL115C,YIR011C,0,-7.2946477,0.1137765571475029,0.9959999918937683,0.7757999897003174
YBR131W,YDR017C,0,-7.296303,0.11376356333494186,0.9959999918937683,0.7759000062942505
YGR134W,YNR003C,0,-7.296754,0.11375056952238083,0.9959999918937683,0.7760000228881836
YLR314C,YPL221W,0,-7.297186,0.11373758316040039,0.9959999918937683,0.7760999798774719
YMR094W,YOR143C,0,-7.2971983,0.11372459679841995,0.9959999918937683,0.776199996471405
YMR135C,YMR261C,0,-7.298199,0.11371161043643951,0.9959999918937683,0.7763000130653381
YGL246C,YBL061C,0,-7.298259,0.11369863152503967,0.9959999918937683,0.7764000296592712
YLR085C,YBR202W,0,-7.299157,0.11368565261363983,0.9959999918937683,0.7764999866485596
YLR394W,YDL115C,0,-7.299647,0.11367268115282059,0.9959999918937683,0.7766000032424927
YFR008W,YGL009C,0,-7.2999616,0.11365970224142075,0.9959999918937683,0.7767000198364258
YGL181W,YOR363C,0,-7.3005457,0.1136467382311821,0.9959999918937683,0.7767999768257141
YML132W,YLR288C,0,-7.302048,0.11363377422094345,0.9959999918937683,0.7768999934196472
YOL052C-A,YDL146W,0,-7.3025994,0.1136208102107048,0.9959999918937683,0.7770000100135803
YKL084W,YPL203W,0,-7.3033733,0.11360784620046616,0.9959999918937683,0.7771000266075134
YOR244W,YBR152W,0,-7.304345,0.1135948896408081,0.9959999918937683,0.7771999835968018
YLR226W,YNL099C,0,-7.304594,0.11358193308115005,0.9959999918937683,0.7773000001907349
YDR294C,YIL121W,0,-7.305043,0.1135689839720726,0.9959999918937683,0.777400016784668
YPR068C,YER005W,0,-7.3056417,0.11355603486299515,0.9959999918937683,0.7774999737739563
YGR098C,YDR513W,0,-7.306154,0.11354309320449829,0.9959999918937683,0.7775999903678894
YPL005W,YCL029C,0,-7.3069406,0.11353015154600143,0.9959999918937683,0.7777000069618225
YDL214C,YGL144C,0,-7.307264,0.11351720988750458,0.9959999918937683,0.7778000235557556
YGL065C,YNL167C,0,-7.3074236,0.11350427567958832,0.9959999918937683,0.777899980545044
YDR497C,YKL021C,0,-7.3082085,0.11349134147167206,0.9959999918937683,0.777999997138977
YCL040W,YHL031C,0,-7.308231,0.1134784072637558,0.9959999918937683,0.7781000137329102
YBL099W,YLR209C,0,-7.309208,0.11346548050642014,0.9959999918937683,0.7781999707221985
YIR010W,YNL156C,0,-7.3093224,0.11345255374908447,0.9959999918937683,0.7782999873161316
YDR142C,YGR129W,0,-7.309769,0.1134396344423294,0.9959999918937683,0.7784000039100647
YLR381W,YGL170C,0,-7.309948,0.11342671513557434,0.9959999918937683,0.7785000205039978
YOL109W,YPL206C,0,-7.310294,0.11341380327939987,0.9959999918937683,0.7785999774932861
YNL027W,YDR043C,0,-7.311327,0.1134008914232254,0.9959999918937683,0.7786999940872192
YDR252W,YBR122C,1,-7.311967,0.11350182443857193,0.996999979019165,0.7786999940872192
YLL031C,YLR268W,0,-7.31223,0.11348890513181686,0.996999979019165,0.7788000106811523
YDL141W,YGL227W,0,-7.312337,0.1134759858250618,0.996999979019165,0.7789000272750854
YPL101W,YAR007C,0,-7.3131814,0.11346307396888733,0.996999979019165,0.7789999842643738
YMR110C,YPR031W,0,-7.3131886,0.11345016211271286,0.996999979019165,0.7791000008583069
YNL317W,YOR048C,0,-7.314217,0.11343725025653839,0.996999979019165,0.77920001745224
YLR038C,YJL176C,0,-7.3144507,0.11342434585094452,0.996999979019165,0.7792999744415283
YLL052C,YDR141C,0,-7.315376,0.11341144144535065,0.996999979019165,0.7793999910354614
YNL026W,YDL235C,0,-7.3155746,0.11339854449033737,0.996999979019165,0.7795000076293945
YDR086C,YPL033C,0,-7.3156905,0.1133856475353241,0.996999979019165,0.7796000242233276
YOL051W,YGL211W,0,-7.3164577,0.11337275058031082,0.996999979019165,0.779699981212616
YLR131C,YJL209W,0,-7.316764,0.11335986107587814,0.996999979019165,0.7797999978065491
YGR074W,YKL218C,0,-7.3170395,0.11334697902202606,0.996999979019165,0.7799000144004822
YBR166C,YOR162C,0,-7.3172154,0.11333408951759338,0.996999979019165,0.7799999713897705
YDR446W,YNL273W,0,-7.3178463,0.1133212074637413,0.996999979019165,0.7800999879837036
YMR277W,YJR043C,0,-7.3186564,0.11330833286046982,0.996999979019165,0.7802000045776367
YJL024C,YOL066C,0,-7.3192773,0.11329545825719833,0.996999979019165,0.7803000211715698
YHR174W,YJL036W,0,-7.319886,0.11328258365392685,0.996999979019165,0.7803999781608582
YDL074C,YOR030W,0,-7.3200564,0.11326970905065536,0.996999979019165,0.7804999947547913
YDL149W,YKL042W,0,-7.320874,0.11325684189796448,0.996999979019165,0.7806000113487244
YJR076C,YNL231C,0,-7.3209867,0.11324398219585419,0.996999979019165,0.7807000279426575
YPR082C,YER005W,0,-7.321076,0.1132311150431633,0.996999979019165,0.7807999849319458
YNL307C,YOL105C,0,-7.3215857,0.1132182627916336,0.996999979019165,0.7809000015258789
YNL123W,YHR001W-A,0,-7.322024,0.11320540308952332,0.996999979019165,0.781000018119812
YOL077C,YHL025W,0,-7.322402,0.11319255083799362,0.996999979019165,0.7810999751091003
YJL203W,YFR052W,0,-7.3234854,0.11317970603704453,0.996999979019165,0.7811999917030334
YDR150W,YGL137W,0,-7.3242664,0.11316685378551483,0.996999979019165,0.7813000082969666
YJL194W,YGR264C,0,-7.324334,0.11315400898456573,0.996999979019165,0.7814000248908997
YKL074C,YML047C,0,-7.324748,0.11314117163419724,0.996999979019165,0.781499981880188
YNL271C,YLR100W,0,-7.3255444,0.11312833428382874,0.996999979019165,0.7815999984741211
YLR145W,YMR016C,0,-7.32602,0.11311549693346024,0.996999979019165,0.7817000150680542
YDR245W,YGR169C,0,-7.3270864,0.11310266703367233,0.996999979019165,0.7817999720573425
YDR013W,YOR357C,0,-7.327777,0.11308983713388443,0.996999979019165,0.7818999886512756
YGR098C,YNL138W,0,-7.3278766,0.11307700723409653,0.996999979019165,0.7820000052452087
YIL027C,YPL268W,0,-7.3280087,0.11306418478488922,0.996999979019165,0.7821000218391418
YKL205W,YJL212C,0,-7.3285503,0.11305136978626251,0.996999979019165,0.7821999788284302
YKL206C,YLR337C,0,-7.329491,0.1130385473370552,0.996999979019165,0.7822999954223633
YOR266W,YDR436W,0,-7.3306293,0.1130257323384285,0.996999979019165,0.7824000120162964
YPL266W,YKR086W,0,-7.3310804,0.11301292479038239,0.996999979019165,0.7825000286102295
YBL009W,YPR107C,0,-7.331114,0.11300010979175568,0.996999979019165,0.7825999855995178
YOR080W,YDR323C,0,-7.332389,0.11298730969429016,0.996999979019165,0.7827000021934509
YCR065W,YLR453C,0,-7.3343844,0.11297450214624405,0.996999979019165,0.782800018787384
YBR290W,YML041C,0,-7.334797,0.11296170204877853,0.996999979019165,0.7828999757766724
YOL080C,YHR135C,0,-7.337142,0.11294890940189362,0.996999979019165,0.7829999923706055
YKR024C,YOR160W,0,-7.337594,0.1129361093044281,0.996999979019165,0.7831000089645386
YLR429W,YCR073C,0,-7.339346,0.11292332410812378,0.996999979019165,0.7832000255584717
YOL069W,YMR054W,0,-7.3397903,0.11291053146123886,0.996999979019165,0.78329998254776
YMR290C,YOL067C,0,-7.33993,0.11289774626493454,0.996999979019165,0.7833999991416931
YPL176C,YDR002W,0,-7.339966,0.11288496106863022,0.996999979019165,0.7835000157356262
YDL098C,YNL107W,0,-7.340625,0.1128721833229065,0.996999979019165,0.7835999727249146
YMR276W,YHR005C,0,-7.340935,0.11285940557718277,0.996999979019165,0.7836999893188477
YMR312W,YCL032W,0,-7.3415976,0.11284663528203964,0.996999979019165,0.7838000059127808
YIL113W,YBR166C,0,-7.3432317,0.11283386498689651,0.996999979019165,0.7839000225067139
YBR236C,YKL045W,0,-7.343327,0.11282109469175339,0.996999979019165,0.7839999794960022
YKL208W,YDL198C,0,-7.344849,0.11280832439661026,0.996999979019165,0.7840999960899353
YDR272W,YGL241W,0,-7.3451777,0.11279556155204773,0.996999979019165,0.7842000126838684
YLR033W,YER081W,0,-7.3456454,0.1127828061580658,0.996999979019165,0.7843000292778015
YDR009W,YBR186W,0,-7.347818,0.11277005076408386,0.996999979019165,0.7843999862670898
YJL091C,YOL141W,0,-7.3480363,0.11275729537010193,0.996999979019165,0.784500002861023
YHL019C,YLR070C,0,-7.3480453,0.11274454742670059,0.996999979019165,0.784600019454956
YDL069C,YNL311C,1,-7.3492327,0.11284486949443817,0.9980000257492065,0.784600019454956
YMR069W,YJR143C,0,-7.349518,0.11283210664987564,0.9980000257492065,0.7846999764442444
YPL269W,YLR427W,0,-7.349536,0.11281935125589371,0.9980000257492065,0.7847999930381775
YGR143W,YBR250W,0,-7.34972,0.11280660331249237,0.9980000257492065,0.7849000096321106
YDR421W,YNL201C,0,-7.350209,0.11279385536909103,0.9980000257492065,0.7850000262260437
YPR001W,YOR304W,0,-7.350559,0.1127811074256897,0.9980000257492065,0.785099983215332
YNL278W,YCL008C,0,-7.3507996,0.11276835948228836,0.9980000257492065,0.7851999998092651
YLR314C,YBR043C,0,-7.3511734,0.11275561898946762,0.9980000257492065,0.7853000164031982
YPR057W,YEL061C,0,-7.351185,0.11274288594722748,0.9980000257492065,0.7853999733924866
YPR070W,YFR029W,0,-7.351665,0.11273014545440674,0.9980000257492065,0.7854999899864197
YNR010W,YER040W,0,-7.352966,0.1127174124121666,0.9980000257492065,0.7856000065803528
YDL160C,YKL025C,0,-7.3533344,0.11270468682050705,0.9980000257492065,0.7857000231742859
YIL046W,YDR001C,0,-7.3534646,0.1126919612288475,0.9980000257492065,0.7857999801635742
YMR205C,YDR002W,0,-7.3536487,0.11267923563718796,0.9980000257492065,0.7858999967575073
YGR103W,YMR236W,0,-7.35446,0.11266651749610901,0.9980000257492065,0.7860000133514404
YPR070W,YHR152W,0,-7.3549833,0.11265379935503006,0.9980000257492065,0.7860999703407288
YNL159C,YGR185C,0,-7.35533,0.11264108121395111,0.9980000257492065,0.7861999869346619
YOR351C,YNL126W,0,-7.355834,0.11262837052345276,0.9980000257492065,0.786300003528595
YER004W,YDL230W,0,-7.356768,0.1126156598329544,0.9980000257492065,0.7864000201225281
YPR111W,YIL021W,0,-7.3568034,0.11260295659303665,0.9980000257492065,0.7864999771118164
YJL004C,YBR014C,0,-7.3580875,0.1125902533531189,0.9980000257492065,0.7865999937057495
YOR259C,YHR154W,0,-7.35955,0.11257755011320114,0.9980000257492065,0.7867000102996826
YDR148C,YJR066W,0,-7.3602343,0.11256485432386398,0.9980000257492065,0.7868000268936157
YGL254W,YNL107W,0,-7.3605804,0.11255215853452682,0.9980000257492065,0.786899983882904
YBR274W,YFL011W,0,-7.360961,0.11253947019577026,0.9980000257492065,0.7870000004768372
YCL038C,YPL053C,0,-7.361183,0.1125267818570137,0.9980000257492065,0.7871000170707703
YPL228W,YDL098C,0,-7.362252,0.11251409351825714,0.9980000257492065,0.7871999740600586
YML059C,YDL236W,0,-7.3635836,0.11250141263008118,0.9980000257492065,0.7872999906539917
YDL105W,YLR305C,0,-7.3642645,0.11248873174190521,0.9980000257492065,0.7874000072479248
YPL082C,YMR131C,0,-7.364279,0.11247605085372925,0.9980000257492065,0.7875000238418579
YFL062W,YDL093W,0,-7.3645396,0.11246337741613388,0.9980000257492065,0.7875999808311462
YHR046C,YIL099W,0,-7.3653173,0.11245070397853851,0.9980000257492065,0.7876999974250793
YCL038C,YGL203C,0,-7.366719,0.11243803799152374,0.9980000257492065,0.7878000140190125
YPR184W,YOL049W,0,-7.3668423,0.11242537200450897,0.9980000257492065,0.7878999710083008
YMR033W,YDR437W,0,-7.3679013,0.1124127060174942,0.9980000257492065,0.7879999876022339
YJL044C,YDR084C,0,-7.3679786,0.11240004748106003,0.9980000257492065,0.788100004196167
YLR127C,YCR052W,0,-7.368479,0.11238738894462585,0.9980000257492065,0.7882000207901001
YKL213C,YNL304W,0,-7.369281,0.11237473040819168,0.9980000257492065,0.7882999777793884
YCR068W,YKL017C,0,-7.372102,0.1123620793223381,0.9980000257492065,0.7883999943733215
YOR180C,YDR183W,0,-7.3734493,0.11234942823648453,0.9980000257492065,0.7885000109672546
YDR452W,YBR077C,0,-7.3739743,0.11233678460121155,0.9980000257492065,0.7886000275611877
YDL149W,YER013W,0,-7.3747964,0.11232414096593857,0.9980000257492065,0.7886999845504761
YDR162C,YHR133C,0,-7.3753138,0.11231150478124619,0.9980000257492065,0.7888000011444092
YGR163W,YHR152W,0,-7.3755755,0.1122988611459732,0.9980000257492065,0.7889000177383423
YBR199W,YGR270W,0,-7.3762264,0.11228622496128082,0.9980000257492065,0.7889999747276306
YBR059C,YGL048C,0,-7.3774242,0.11227359622716904,0.9980000257492065,0.7890999913215637
YOR137C,YNL310C,0,-7.3775487,0.11226096749305725,0.9980000257492065,0.7892000079154968
YER107C,YOR047C,0,-7.37774,0.11224833875894547,0.9980000257492065,0.7893000245094299
YNL191W,YLR254C,0,-7.378232,0.11223571747541428,0.9980000257492065,0.7893999814987183
YGL190C,YFL041W,0,-7.378583,0.11222309619188309,0.9980000257492065,0.7894999980926514
YHR120W,YOR157C,0,-7.3788934,0.1122104823589325,0.9980000257492065,0.7896000146865845
YOR036W,YLR321C,0,-7.3789134,0.1121978610754013,0.9980000257492065,0.7896999716758728
YDR437W,YOR089C,0,-7.3803186,0.11218525469303131,0.9980000257492065,0.7897999882698059
YMR211W,YJR052W,0,-7.3832936,0.11217264086008072,0.9980000257492065,0.789900004863739
YLR336C,YMR233W,0,-7.3834043,0.11216003447771072,0.9980000257492065,0.7900000214576721
YER157W,YLR405W,0,-7.3852825,0.11214743554592133,0.9980000257492065,0.7900999784469604
YKL197C,YGL095C,0,-7.385904,0.11213482916355133,0.9980000257492065,0.7901999950408936
YNL059C,YMR276W,0,-7.3860884,0.11212223023176193,0.9980000257492065,0.7903000116348267
YBR286W,YDR076W,0,-7.386556,0.11210963875055313,0.9980000257492065,0.7904000282287598
YLR381W,YLR435W,0,-7.3870263,0.11209704726934433,0.9980000257492065,0.7904999852180481
YGL023C,YML052W,0,-7.3873086,0.11208445578813553,0.9980000257492065,0.7906000018119812
YJR084W,YBR172C,0,-7.387348,0.11207187175750732,0.9980000257492065,0.7907000184059143
YPL227C,YPL089C,0,-7.3874865,0.11205928772687912,0.9980000257492065,0.7907999753952026
YLR078C,YOL076W,0,-7.387794,0.11204670369625092,0.9980000257492065,0.7908999919891357
YDR388W,YKL051W,0,-7.3882523,0.11203412711620331,0.9980000257492065,0.7910000085830688
YNL065W,YLR052W,0,-7.3883314,0.1120215505361557,0.9980000257492065,0.791100025177002
YMR255W,YBR199W,0,-7.389446,0.11200898140668869,0.9980000257492065,0.7911999821662903
YML086C,YDR351W,0,-7.3905406,0.11199641227722168,0.9980000257492065,0.7912999987602234
YJR050W,YJL011C,0,-7.3909883,0.11198384314775467,0.9980000257492065,0.7914000153541565
YDL078C,YER175C,0,-7.391403,0.11197128146886826,0.9980000257492065,0.7914999723434448
YPL112C,YKR056W,0,-7.391507,0.11195871978998184,0.9980000257492065,0.7915999889373779
YDR003W,YBR283C,0,-7.3923283,0.11194615811109543,0.9980000257492065,0.791700005531311
YDL209C,YGR241C,0,-7.3930616,0.11193360388278961,0.9980000257492065,0.7918000221252441
YOR120W,YNL149C,0,-7.3938494,0.1119210496544838,0.9980000257492065,0.7918999791145325
YOR180C,YDR538W,0,-7.395586,0.11190850287675858,0.9980000257492065,0.7919999957084656
YOL042W,YOR275C,0,-7.395707,0.11189595609903336,0.9980000257492065,0.7921000123023987
YML092C,YOR064C,0,-7.395877,0.11188340932130814,0.9980000257492065,0.7922000288963318
YNR043W,YIL114C,0,-7.3973618,0.11187086999416351,0.9980000257492065,0.7922999858856201
YMR213W,YIL026C,0,-7.398434,0.11185833066701889,0.9980000257492065,0.7924000024795532
YER044C,YBR294W,0,-7.398446,0.11184579133987427,0.9980000257492065,0.7925000190734863
YPL167C,YLR193C,0,-7.3989244,0.11183325946331024,0.9980000257492065,0.7925999760627747
YNL271C,YDL126C,0,-7.3992662,0.11182072758674622,0.9980000257492065,0.7926999926567078
YGL156W,YHR142W,0,-7.399979,0.11180820316076279,0.9980000257492065,0.7928000092506409
YCR035C,YLR090W,0,-7.4018316,0.11179567873477936,0.9980000257492065,0.792900025844574
YNR010W,YGL045W,0,-7.4020767,0.11178315430879593,0.9980000257492065,0.7929999828338623
YFL001W,YDR538W,0,-7.4024167,0.1117706373333931,0.9980000257492065,0.7930999994277954
YER073W,YJR119C,0,-7.4033804,0.11175812035799026,0.9980000257492065,0.7932000160217285
YGL148W,YAL023C,0,-7.4034038,0.11174560338258743,0.9980000257492065,0.7932999730110168
YPR026W,YKL213C,0,-7.404323,0.1117330938577652,0.9980000257492065,0.79339998960495
YIL119C,YGR009C,0,-7.4043536,0.11172058433294296,0.9980000257492065,0.7935000061988831
YMR078C,YOR357C,0,-7.4045467,0.11170808225870132,0.9980000257492065,0.7936000227928162
YLR110C,YIR034C,0,-7.4048963,0.11169558018445969,0.9980000257492065,0.7936999797821045
YGR003W,YAL025C,0,-7.4068546,0.11168307811021805,0.9980000257492065,0.7937999963760376
YBR136W,YPR055W,0,-7.4080315,0.111670583486557,0.9980000257492065,0.7939000129699707
YKL190W,YNR041C,0,-7.409223,0.11165808886289597,0.9980000257492065,0.7940000295639038
YNL053W,YMR125W,0,-7.4092574,0.11164559423923492,0.9980000257492065,0.7940999865531921
YOR322C,YIL122W,0,-7.409451,0.11163310706615448,0.9980000257492065,0.7942000031471252
YML130C,YGR013W,0,-7.4099684,0.11162062734365463,0.9980000257492065,0.7943000197410583
YMR154C,YNL333W,0,-7.410375,0.11160814017057419,0.9980000257492065,0.7943999767303467
YKL068W,YHR179W,0,-7.410776,0.11159566044807434,0.9980000257492065,0.7944999933242798
YJR013W,YBL056W,0,-7.411595,0.1115831807255745,0.9980000257492065,0.7946000099182129
YDR118W,YGL004C,0,-7.411968,0.11157070845365524,0.9980000257492065,0.794700026512146
YDR331W,YGL175C,0,-7.412547,0.11155823618173599,0.9980000257492065,0.7947999835014343
YBL047C,YDL194W,0,-7.413025,0.11154577136039734,0.9980000257492065,0.7949000000953674
YGR275W,YJL168C,0,-7.413301,0.11153330653905869,0.9980000257492065,0.7950000166893005
YHR191C,YBL004W,0,-7.4133053,0.11152084171772003,0.9980000257492065,0.7950999736785889
YCL029C,YEL019C,0,-7.415304,0.11150837689638138,0.9980000257492065,0.795199990272522
YLR459W,YLL057C,0,-7.4154015,0.11149591952562332,0.9980000257492065,0.7953000068664551
YBR286W,YPL147W,0,-7.4158006,0.11148346960544586,0.9980000257492065,0.7954000234603882
YLR242C,YKL042W,0,-7.4163704,0.1114710122346878,0.9980000257492065,0.7954999804496765
YDR179C,YKL197C,0,-7.416794,0.11145856231451035,0.9980000257492065,0.7955999970436096
YBR198C,YDR460W,0,-7.416812,0.11144611984491348,0.9980000257492065,0.7957000136375427
YFR008W,YLR459W,0,-7.4175024,0.11143367737531662,0.9980000257492065,0.795799970626831
YNL288W,YNR031C,0,-7.418084,0.11142123490571976,0.9980000257492065,0.7958999872207642
YDR294C,YMR020W,0,-7.418139,0.11140879988670349,0.9980000257492065,0.7960000038146973
YKL110C,YJR095W,0,-7.418187,0.11139636486768723,0.9980000257492065,0.7961000204086304
YLL043W,YJL080C,0,-7.4206367,0.11138392984867096,0.9980000257492065,0.7961999773979187
YDL146W,YBR253W,0,-7.4210825,0.11137150228023529,0.9980000257492065,0.7962999939918518
YKR102W,YNL317W,0,-7.4211125,0.11135907471179962,0.9980000257492065,0.7964000105857849
YNR019W,YNL207W,0,-7.421809,0.11134664714336395,0.9980000257492065,0.796500027179718
YBR070C,YLR423C,0,-7.422825,0.11133422702550888,0.9980000257492065,0.7965999841690063
YFL056C,YIL027C,0,-7.4231257,0.11132180690765381,0.9980000257492065,0.7967000007629395
YGR089W,YNR034W,0,-7.423744,0.11130939424037933,0.9980000257492065,0.7968000173568726
YDR038C,YKL085W,0,-7.423891,0.11129697412252426,0.9980000257492065,0.7968999743461609
YAL041W,YMR224C,0,-7.424922,0.11128456890583038,0.9980000257492065,0.796999990940094
YDR123C,YER094C,0,-7.4259424,0.11127215623855591,0.9980000257492065,0.7971000075340271
YOL052C-A,YKL124W,0,-7.427083,0.11125975102186203,0.9980000257492065,0.7972000241279602
YDR108W,YPL269W,0,-7.4279346,0.11124735325574875,0.9980000257492065,0.7972999811172485
YDR512C,YNL093W,0,-7.4284663,0.11123495548963547,0.9980000257492065,0.7973999977111816
YPL202C,YLR442C,0,-7.4298334,0.11122255772352219,0.9980000257492065,0.7975000143051147
YDR054C,YJR125C,0,-7.431013,0.1112101599574089,0.9980000257492065,0.7975999712944031
YML058W,YJL056C,0,-7.4314446,0.11119776964187622,0.9980000257492065,0.7976999878883362
YNR002C,YKL208W,0,-7.4315834,0.11118538677692413,0.9980000257492065,0.7978000044822693
YIL009C-A,YPR141C,0,-7.4323626,0.11117299646139145,0.9980000257492065,0.7979000210762024
YEL039C,YGR047C,0,-7.432715,0.11116061359643936,0.9980000257492065,0.7979999780654907
YPL069C,YKL189W,0,-7.433179,0.11114823818206787,0.9980000257492065,0.7980999946594238
YDR003W,YJL127C,0,-7.433578,0.11113585531711578,0.9980000257492065,0.7982000112533569
YBR129C,YBR253W,0,-7.4338293,0.1111234799027443,0.9980000257492065,0.79830002784729
YDL245C,YML058W,0,-7.4339113,0.1111111119389534,0.9980000257492065,0.7983999848365784
YNL094W,YGL025C,0,-7.435663,0.1110987439751625,0.9980000257492065,0.7985000014305115
YHR102W,YGR271W,0,-7.4362354,0.11108637601137161,0.9980000257492065,0.7986000180244446
YPL151C,YBR055C,0,-7.4364023,0.11107401549816132,0.9980000257492065,0.7986999750137329
YJR057W,YHR030C,0,-7.4364934,0.11106165498495102,0.9980000257492065,0.798799991607666
YMR165C,YGR123C,0,-7.436716,0.11104929447174072,0.9980000257492065,0.7989000082015991
YPL262W,YOL002C,0,-7.437411,0.11103694140911102,0.9980000257492065,0.7990000247955322
YMR009W,YMR313C,0,-7.438353,0.11102458834648132,0.9980000257492065,0.7990999817848206
YMR283C,YML052W,0,-7.4402714,0.11101223528385162,0.9980000257492065,0.7991999983787537
YBR149W,YML106W,0,-7.4402866,0.11099988967180252,0.9980000257492065,0.7993000149726868
YCL040W,YKR086W,0,-7.4405885,0.11098754405975342,0.9980000257492065,0.7993999719619751
YBR243C,YNL012W,0,-7.440706,0.11097520589828491,0.9980000257492065,0.7994999885559082
YPL101W,YCR052W,0,-7.442037,0.1109628677368164,0.9980000257492065,0.7996000051498413
YOR264W,YLR347C,0,-7.4422235,0.1109505295753479,0.9980000257492065,0.7997000217437744
YIL125W,YPR140W,0,-7.4425473,0.1109381914138794,0.9980000257492065,0.7997999787330627
YOR207C,YKL094W,0,-7.442834,0.11092586070299149,0.9980000257492065,0.7998999953269958
YJL153C,YPR052C,0,-7.444538,0.11091353744268417,0.9980000257492065,0.800000011920929
YOR322C,YPL154C,0,-7.444975,0.11090121418237686,0.9980000257492065,0.8001000285148621
YAL017W,YIL109C,0,-7.4451294,0.11088889092206955,0.9980000257492065,0.8001999855041504
YLR268W,YPL175W,0,-7.4457703,0.11087656766176224,0.9980000257492065,0.8003000020980835
YPL228W,YBL035C,0,-7.4475,0.11086425185203552,0.9980000257492065,0.8004000186920166
YOR180C,YHR014W,0,-7.447702,0.11085193604230881,0.9980000257492065,0.8004999756813049
YKR052C,YDR453C,0,-7.4482417,0.11083962768316269,0.9980000257492065,0.800599992275238
YEL019C,YMR322C,0,-7.4493628,0.11082731932401657,0.9980000257492065,0.8007000088691711
YDR265W,YMR127C,0,-7.449534,0.11081501096487045,0.9980000257492065,0.8008000254631042
YKR058W,YOL002C,0,-7.4496555,0.11080271005630493,0.9980000257492065,0.8008999824523926
YDR487C,YJL054W,0,-7.4507256,0.11079040914773941,0.9980000257492065,0.8009999990463257
YHR085W,YFR005C,0,-7.451936,0.11077810823917389,0.9980000257492065,0.8011000156402588
YPR187W,YKL125W,0,-7.453317,0.11076581478118896,0.9980000257492065,0.8011999726295471
YJR005W,YJR031C,0,-7.453661,0.11075352132320404,0.9980000257492065,0.8012999892234802
YOL141W,YBR228W,0,-7.456494,0.11074123531579971,0.9980000257492065,0.8014000058174133
YPL221W,YJL102W,0,-7.457119,0.11072894930839539,0.9980000257492065,0.8015000224113464
YPL267W,YOR388C,0,-7.4576483,0.11071666330099106,0.9980000257492065,0.8015999794006348
YOR004W,YPR139C,0,-7.458611,0.11070438474416733,0.9980000257492065,0.8016999959945679
YFL010W-A,YIL113W,0,-7.458631,0.1106921061873436,0.9980000257492065,0.801800012588501
YMR198W,YDR393W,0,-7.460393,0.11067982763051987,0.9980000257492065,0.8019000291824341
YOR025W,YLR260W,0,-7.461308,0.11066755652427673,0.9980000257492065,0.8019999861717224
YOL067C,YCR042C,0,-7.46148,0.1106552854180336,0.9980000257492065,0.8021000027656555
YEL071W,YOR143C,0,-7.4630146,0.11064301431179047,0.9980000257492065,0.8022000193595886
YLR069C,YBR253W,0,-7.465992,0.11063075065612793,0.9980000257492065,0.802299976348877
YDR513W,YPL254W,0,-7.466399,0.1106184870004654,0.9980000257492065,0.8023999929428101
YOR341W,YNL334C,0,-7.4668345,0.11060623079538345,0.9980000257492065,0.8025000095367432
YNL331C,YML041C,0,-7.4669533,0.11059397459030151,0.9980000257492065,0.8026000261306763
YBL005W,YDR351W,0,-7.4682384,0.11058171838521957,0.9980000257492065,0.8026999831199646
YOR025W,YJL076W,0,-7.468889,0.11056946963071823,0.9980000257492065,0.8027999997138977
YIR017C,YDR183W,0,-7.470391,0.11055722087621689,0.9980000257492065,0.8029000163078308
YDL017W,YJL196C,0,-7.4705048,0.11054497212171555,0.9980000257492065,0.8029999732971191
YNR027W,YCL039W,0,-7.4709506,0.1105327308177948,0.9980000257492065,0.8030999898910522
YMR052W,YER040W,0,-7.4712853,0.11052048951387405,0.9980000257492065,0.8032000064849854
YLR383W,YDL098C,0,-7.471319,0.11050824820995331,0.9980000257492065,0.8033000230789185
YNL094W,YIL009C-A,0,-7.4719954,0.11049601435661316,0.9980000257492065,0.8033999800682068
YFL031W,YGL253W,0,-7.472007,0.11048378050327301,0.9980000257492065,0.8034999966621399
YPL028W,YIL097W,0,-7.472043,0.11047155410051346,0.9980000257492065,0.803600013256073
YDR512C,YJL140W,0,-7.4742856,0.1104593276977539,0.9980000257492065,0.8036999702453613
YGR036C,YOL012C,0,-7.47454,0.11044710129499435,0.9980000257492065,0.8037999868392944
YDR490C,YDL216C,0,-7.4747386,0.1104348823428154,0.9980000257492065,0.8039000034332275
YFR041C,YML013W,0,-7.474871,0.11042266339063644,0.9980000257492065,0.8040000200271606
YMR043W,YGR087C,0,-7.4750586,0.11041044443845749,0.9980000257492065,0.804099977016449
YGR213C,YLR316C,0,-7.4752026,0.11039823293685913,0.9980000257492065,0.8041999936103821
YNL191W,YBR216C,0,-7.476611,0.11038602143526077,0.9980000257492065,0.8043000102043152
YLR207W,YEL058W,0,-7.4772844,0.11037380993366241,0.9980000257492065,0.8044000267982483
YJR076C,YCR037C,0,-7.477418,0.11036160588264465,0.9980000257492065,0.8044999837875366
YGR080W,YJL222W,0,-7.4775558,0.11034940183162689,0.9980000257492065,0.8046000003814697
YJL174W,YJL072C,0,-7.4779754,0.11033720523118973,0.9980000257492065,0.8047000169754028
YFL036W,YGR194C,0,-7.478164,0.11032500863075256,0.9980000257492065,0.8047999739646912
YLR233C,YLR382C,0,-7.4784756,0.1103128120303154,0.9980000257492065,0.8048999905586243
YHR109W,YHR062C,0,-7.4803443,0.11030061542987823,0.9980000257492065,0.8050000071525574
YOR211C,YER099C,0,-7.481471,0.11028842628002167,0.9980000257492065,0.8051000237464905
YMR167W,YDR100W,0,-7.481602,0.1102762445807457,0.9980000257492065,0.8051999807357788
YGR098C,YBR245C,0,-7.48355,0.11026406288146973,0.9980000257492065,0.8052999973297119
YGR225W,YIL051C,0,-7.4840155,0.11025188118219376,0.9980000257492065,0.805400013923645
YNL282W,YPL156C,0,-7.4841743,0.11023969948291779,0.9980000257492065,0.8054999709129333
YCL044C,YOL146W,0,-7.4847183,0.11022752523422241,0.9980000257492065,0.8055999875068665
YDL067C,YDR425W,0,-7.4874964,0.11021535098552704,0.9980000257492065,0.8057000041007996
YOL001W,YJL140W,0,-7.488245,0.11020317673683167,0.9980000257492065,0.8058000206947327
YBR133C,YMR201C,0,-7.488515,0.11019100993871689,0.9980000257492065,0.805899977684021
YKL011C,YBR221C,0,-7.4902997,0.11017885059118271,0.9980000257492065,0.8059999942779541
YER170W,YBR050C,0,-7.49083,0.11016668379306793,0.9980000257492065,0.8061000108718872
YIL073C,YPR032W,0,-7.490938,0.11015452444553375,0.9980000257492065,0.8062000274658203
YGR108W,YOL113W,0,-7.49107,0.11014236509799957,0.9980000257492065,0.8062999844551086
YGL241W,YOR036W,0,-7.491666,0.11013021320104599,0.9980000257492065,0.8064000010490417
YLR131C,YJL194W,0,-7.4927907,0.11011806130409241,0.9980000257492065,0.8065000176429749
YHR034C,YDR172W,0,-7.493153,0.11010591685771942,0.9980000257492065,0.8065999746322632
YLR114C,YNL101W,0,-7.493205,0.11009376496076584,0.9980000257492065,0.8066999912261963
YDL168W,YPR107C,0,-7.493289,0.11008162051439285,0.9980000257492065,0.8068000078201294
YIL020C,YMR322C,0,-7.4934254,0.11006948351860046,0.9980000257492065,0.8069000244140625
YBL069W,YOR151C,0,-7.4935064,0.11005734652280807,0.9980000257492065,0.8069999814033508
YOR382W,YJL133W,0,-7.4936333,0.11004520952701569,0.9980000257492065,0.8070999979972839
YML031W,YOR047C,0,-7.4949093,0.1100330725312233,0.9980000257492065,0.807200014591217
YIL041W,YIR011C,0,-7.495451,0.1100209429860115,0.9980000257492065,0.8072999715805054
YPL221W,YEL009C,0,-7.4957776,0.11000882089138031,0.9980000257492065,0.8073999881744385
YJR158W,YPL232W,0,-7.495891,0.10999669134616852,0.9980000257492065,0.8075000047683716
YLR144C,YCR052W,0,-7.4975147,0.10998456925153732,0.9980000257492065,0.8076000213623047
YDL160C,YPR037C,0,-7.49761,0.10997245460748672,0.9980000257492065,0.807699978351593
YBL079W,YHR027C,0,-7.4979334,0.10996033251285553,0.9980000257492065,0.8077999949455261
YPL241C,YHR169W,0,-7.4986286,0.10994821786880493,0.9980000257492065,0.8079000115394592
YLR310C,YGR256W,0,-7.4988327,0.10993611067533493,0.9980000257492065,0.8080000281333923
YPL028W,YOR202W,0,-7.4992046,0.10992400348186493,0.9980000257492065,0.8080999851226807
YPL241C,YBR129C,0,-7.4997883,0.10991189628839493,0.9980000257492065,0.8082000017166138
YPR128C,YKL120W,0,-7.500449,0.10989978909492493,0.9980000257492065,0.8083000183105469
YOR039W,YKL040C,0,-7.5008144,0.10988768935203552,0.9980000257492065,0.8083999752998352
YGL163C,YBL093C,0,-7.501612,0.10987558960914612,0.9980000257492065,0.8084999918937683
YOL042W,YJL148W,0,-7.503666,0.10986349731683731,0.9980000257492065,0.8086000084877014
YLR229C,YOR080W,0,-7.5050893,0.1098514050245285,0.9980000257492065,0.8087000250816345
YDR421W,YKR089C,0,-7.506133,0.1098393127322197,0.9980000257492065,0.8087999820709229
YPR020W,YJR095W,0,-7.5075665,0.10982722789049149,0.9980000257492065,0.808899998664856
YNL083W,YKL094W,0,-7.507574,0.10981514304876328,0.9980000257492065,0.8090000152587891
YFL010W-A,YIL068C,0,-7.5082603,0.10980305820703506,0.9980000257492065,0.8090999722480774
YDL078C,YGL172W,0,-7.5086575,0.10979098081588745,0.9980000257492065,0.8091999888420105
YKL160W,YOL090W,0,-7.509305,0.10977890342473984,0.9980000257492065,0.8093000054359436
YIR015W,YGL098W,0,-7.509387,0.10976682603359222,0.9980000257492065,0.8094000220298767
YLR411W,YMR015C,0,-7.5108337,0.10975475609302521,0.9980000257492065,0.809499979019165
YOL101C,YOL144W,0,-7.511496,0.10974268615245819,0.9980000257492065,0.8095999956130981
YER157W,YJL029C,0,-7.512703,0.10973062366247177,0.9980000257492065,0.8097000122070312
YGL006W,YNL169C,0,-7.514085,0.10971856117248535,0.9980000257492065,0.8098000288009644
YER143W,YMR243C,0,-7.5142255,0.10970649868249893,0.9980000257492065,0.8098999857902527
YGR109C,YLR288C,0,-7.5143294,0.10969443619251251,0.9980000257492065,0.8100000023841858
YHR128W,YCL048W,0,-7.515566,0.10968238115310669,0.9980000257492065,0.8101000189781189
YBR278W,YLL057C,0,-7.5159254,0.10967032611370087,0.9980000257492065,0.8101999759674072
YOR381W,YGL179C,0,-7.5164156,0.10965827852487564,0.9980000257492065,0.8102999925613403
YKL089W,YGR101W,0,-7.518143,0.10964623093605042,0.9980000257492065,0.8104000091552734
YLR310C,YJL153C,0,-7.5185585,0.10963418334722519,0.9980000257492065,0.8105000257492065
YMR025W,YJR153W,0,-7.519141,0.10962214320898056,0.9980000257492065,0.8105999827384949
YGL187C,YOL052C-A,0,-7.5198045,0.10961010307073593,0.9980000257492065,0.810699999332428
YGR213C,YLR086W,0,-7.5209627,0.1095980703830719,0.9980000257492065,0.8108000159263611
YLL019C,YIL013C,0,-7.5211234,0.10958603024482727,0.9980000257492065,0.8108999729156494
YLR368W,YER089C,0,-7.521342,0.10957399755716324,0.9980000257492065,0.8109999895095825
YIL155C,YFR003C,0,-7.52171,0.1095619723200798,0.9980000257492065,0.8111000061035156
YLR038C,YOL072W,0,-7.522744,0.10954994708299637,0.9980000257492065,0.8112000226974487
YGL172W,YLR187W,0,-7.523341,0.10953792184591293,0.9980000257492065,0.8112999796867371
YBR078W,YCR098C,0,-7.5251656,0.1095258966088295,0.9980000257492065,0.8113999962806702
YPR049C,YML038C,0,-7.525711,0.10951387882232666,0.9980000257492065,0.8115000128746033
YLR226W,YMR223W,0,-7.5257835,0.10950186848640442,0.9980000257492065,0.8116000294685364
YIL095W,YBL102W,0,-7.5267344,0.10948985069990158,0.9980000257492065,0.8116999864578247
YPL050C,YPR032W,0,-7.5269647,0.10947784036397934,0.9980000257492065,0.8118000030517578
YER157W,YDL020C,0,-7.527561,0.1094658300280571,0.9980000257492065,0.8119000196456909
YLL060C,YGR152C,0,-7.5275884,0.10945382714271545,0.9980000257492065,0.8119999766349792
YBL011W,YHR060W,0,-7.528132,0.10944182425737381,0.9980000257492065,0.8120999932289124
YIR033W,YOL006C,0,-7.5285096,0.10942982137203217,0.9980000257492065,0.8122000098228455
YNL207W,YGL104C,0,-7.5286365,0.10941782593727112,0.9980000257492065,0.8123000264167786
YAL062W,YNL173C,0,-7.528801,0.10940583050251007,0.9980000257492065,0.8123999834060669
YJL076W,YIL121W,0,-7.529629,0.10939384251832962,0.9980000257492065,0.8125
YOR130C,YLR020C,0,-7.5298862,0.10938184708356857,0.9980000257492065,0.8126000165939331
YDR217C,YOR151C,0,-7.530039,0.10936986654996872,0.9980000257492065,0.8126999735832214
YOL112W,YLR376C,0,-7.532053,0.10935787856578827,0.9980000257492065,0.8127999901771545
YBL035C,YHR041C,0,-7.5324383,0.10934589803218842,0.9980000257492065,0.8129000067710876
YHR115C,YDR113C,0,-7.5336914,0.10933391749858856,0.9980000257492065,0.8130000233650208
YEL032W,YDR183W,0,-7.5343866,0.1093219444155693,0.9980000257492065,0.8130999803543091
YNL049C,YGR192C,0,-7.534646,0.10930996388196945,0.9980000257492065,0.8131999969482422
YER088C,YPL174C,0,-7.535326,0.10929799824953079,0.9980000257492065,0.8133000135421753
YJL186W,YER094C,0,-7.5355377,0.10928602516651154,0.9980000257492065,0.8133999705314636
YGL084C,YKL217W,0,-7.53574,0.10927405953407288,0.9980000257492065,0.8134999871253967
YCL024W,YER126C,0,-7.537268,0.10926210135221481,0.9980000257492065,0.8136000037193298
YLR268W,YLR378C,0,-7.5385165,0.10925013571977615,0.9980000257492065,0.8137000203132629
YFL025C,YBR162C,0,-7.538796,0.10923817753791809,0.9980000257492065,0.8137999773025513
YOR320C,YIR015W,0,-7.539304,0.10922621935606003,0.9980000257492065,0.8138999938964844
YAL054C,YJL134W,0,-7.5393543,0.10921426862478256,0.9980000257492065,0.8140000104904175
YBR133C,YGL252C,0,-7.541033,0.1092023178935051,0.9980000257492065,0.8141000270843506
YGR295C,YNL138W,0,-7.54112,0.10919037461280823,0.9980000257492065,0.8141999840736389
YLR210W,YML027W,0,-7.541236,0.10917842388153076,0.9980000257492065,0.814300000667572
YER089C,YER129W,0,-7.5423393,0.10916648805141449,0.9980000257492065,0.8144000172615051
YHR171W,YLR309C,0,-7.542697,0.10915454477071762,0.9980000257492065,0.8144999742507935
YEL030W,YBR263W,0,-7.542759,0.10914260894060135,0.9980000257492065,0.8145999908447266
YLR295C,YDR356W,0,-7.5433292,0.10913067311048508,0.9980000257492065,0.8147000074386597
YNR017W,YER072W,0,-7.5440264,0.1091187372803688,0.9980000257492065,0.8148000240325928
YCR065W,YOR269W,0,-7.5456495,0.10910680890083313,0.9980000257492065,0.8148999810218811
YIL033C,YJL134W,0,-7.5460806,0.10909488052129745,0.9980000257492065,0.8149999976158142
YLR038C,YDL161W,0,-7.546133,0.10908295959234238,0.9980000257492065,0.8151000142097473
YKL060C,YDR128W,0,-7.5464697,0.1090710386633873,0.9980000257492065,0.8151999711990356
YEL071W,YKR052C,0,-7.5477047,0.10905911773443222,0.9980000257492065,0.8152999877929688
YPL254W,YIL056W,0,-7.548549,0.10904720425605774,0.9980000257492065,0.8154000043869019
YGL168W,YOR367W,0,-7.5487533,0.10903529077768326,0.9980000257492065,0.815500020980835
YFL050C,YER123W,0,-7.548996,0.10902337729930878,0.9980000257492065,0.8155999779701233
YGR179C,YOL034W,0,-7.5494566,0.10901147127151489,0.9980000257492065,0.8156999945640564
YER086W,YBR043C,0,-7.5507374,0.10899956524372101,0.9980000257492065,0.8158000111579895
YOR363C,YOR344C,0,-7.553101,0.10898765921592712,0.9980000257492065,0.8159000277519226
YBL004W,YKR014C,0,-7.553667,0.10897576063871384,0.9980000257492065,0.8159999847412109
YPL265W,YKR061W,0,-7.554367,0.10896386206150055,0.9980000257492065,0.816100001335144
YNL202W,YBR165W,0,-7.5545654,0.10895196348428726,0.9980000257492065,0.8162000179290771
YDR118W,YKL073W,0,-7.5558543,0.10894007235765457,0.9980000257492065,0.8162999749183655
YKR036C,YIL030C,0,-7.5560694,0.10892818123102188,0.9980000257492065,0.8163999915122986
YNR016C,YMR139W,0,-7.5561557,0.10891629010438919,0.9980000257492065,0.8165000081062317
YCL029C,YPR001W,0,-7.5564137,0.1089044064283371,0.9980000257492065,0.8166000247001648
YER178W,YDR481C,0,-7.5577717,0.108892522752285,0.9980000257492065,0.8166999816894531
YLR291C,YJR134C,0,-7.557823,0.10888064652681351,0.9980000257492065,0.8167999982833862
YMR055C,YHR027C,0,-7.5582447,0.10886877030134201,0.9980000257492065,0.8169000148773193
YER170W,YHR149C,0,-7.5587244,0.10885689407587051,0.9980000257492065,0.8169999718666077
YCR063W,YAL044C,0,-7.561882,0.10884501785039902,0.9980000257492065,0.8170999884605408
YLR324W,YLR014C,0,-7.5623474,0.10883314907550812,0.9980000257492065,0.8172000050544739
YMR220W,YDR221W,0,-7.562398,0.10882128775119781,0.9980000257492065,0.817300021648407
YER159C,YBR022W,0,-7.5636024,0.10880941897630692,0.9980000257492065,0.8173999786376953
YDR524C,YJR025C,0,-7.565264,0.10879755765199661,0.9980000257492065,0.8174999952316284
YAL011W,YJR110W,0,-7.565337,0.10878569632768631,0.9980000257492065,0.8176000118255615
YOL130W,YBR103W,0,-7.565362,0.1087738424539566,0.9980000257492065,0.8177000284194946
YCR017C,YJR017C,0,-7.565465,0.1087619885802269,0.9980000257492065,0.817799985408783
YGR223C,YDR145W,0,-7.567818,0.10875013470649719,0.9980000257492065,0.8179000020027161
YIL106W,YOR380W,0,-7.568097,0.10873828828334808,0.9980000257492065,0.8180000185966492
YDR096W,YDR395W,0,-7.568175,0.10872644186019897,0.9980000257492065,0.8180999755859375
YDL197C,YNL133C,0,-7.5688825,0.10871459543704987,0.9980000257492065,0.8181999921798706
YJR004C,YOR004W,0,-7.569094,0.10870275646448135,0.9980000257492065,0.8183000087738037
YDR263C,YNL264C,0,-7.569526,0.10869091749191284,0.9980000257492065,0.8184000253677368
YDR538W,YCL063W,0,-7.5699883,0.10867907851934433,0.9980000257492065,0.8184999823570251
YPL075W,YKL014C,0,-7.570801,0.10866724699735641,0.9980000257492065,0.8185999989509583
YNL223W,YPR005C,0,-7.571375,0.1086554154753685,0.9980000257492065,0.8187000155448914
YNL037C,YDR334W,0,-7.571781,0.10864359140396118,0.9980000257492065,0.8187999725341797
YML061C,YGR208W,0,-7.5723267,0.10863175988197327,0.9980000257492065,0.8188999891281128
YHR132C,YAL002W,0,-7.5728445,0.10861993581056595,0.9980000257492065,0.8190000057220459
YAL044C,YFL016C,0,-7.5728574,0.10860811918973923,0.9980000257492065,0.819100022315979
YIL002C,YBR240C,0,-7.5737534,0.1085963025689125,0.9980000257492065,0.8191999793052673
YCR063W,YHR172W,0,-7.573972,0.10858448594808578,0.9980000257492065,0.8192999958992004
YLR085C,YER030W,0,-7.574975,0.10857266932725906,0.9980000257492065,0.8194000124931335
YJL053W,YOR143C,0,-7.5750074,0.10856086015701294,0.9980000257492065,0.8195000290870667
YPR051W,YLR079W,0,-7.575122,0.10854905098676682,0.9980000257492065,0.819599986076355
YOR381W,YBL023C,0,-7.575157,0.10853724926710129,0.9980000257492065,0.8197000026702881
YKL146W,YOR125C,0,-7.575193,0.10852544754743576,0.9980000257492065,0.8198000192642212
YPL241C,YDL079C,0,-7.575522,0.10851364582777023,0.9980000257492065,0.8198999762535095
YBL088C,YNL273W,0,-7.575756,0.1085018515586853,0.9980000257492065,0.8199999928474426
YCL027W,YLR192C,0,-7.576209,0.10849004983901978,0.9980000257492065,0.8201000094413757
YGL178W,YDR532C,0,-7.57641,0.10847826302051544,0.9980000257492065,0.8202000260353088
YJL092W,YGL259W,0,-7.5773726,0.10846646875143051,0.9980000257492065,0.8202999830245972
YLR370C,YOL017W,0,-7.5776887,0.10845468193292618,0.9980000257492065,0.8203999996185303
YMR055C,YJR057W,0,-7.578654,0.10844290256500244,0.9980000257492065,0.8205000162124634
YLR429W,YLR195C,0,-7.5787516,0.10843111574649811,0.9980000257492065,0.8205999732017517
YOR233W,YBR035C,0,-7.579152,0.10841933637857437,0.9980000257492065,0.8206999897956848
YCL016C,YMR297W,0,-7.5796547,0.10840755701065063,0.9980000257492065,0.8208000063896179
YKL191W,YNL328C,0,-7.579973,0.1083957850933075,0.9980000257492065,0.820900022983551
YPL026C,YBR123C,0,-7.580205,0.10838401317596436,0.9980000257492065,0.8209999799728394
YMR094W,YBR253W,0,-7.580317,0.10837224125862122,0.9980000257492065,0.8210999965667725
YLR151C,YEL058W,0,-7.5808153,0.10836047679185867,0.9980000257492065,0.8212000131607056
YER169W,YDR416W,0,-7.583741,0.10834871232509613,0.9980000257492065,0.8213000297546387
YLL038C,YJL127C,0,-7.584187,0.10833695530891418,0.9980000257492065,0.821399986743927
YPL209C,YGL249W,0,-7.585717,0.10832519084215164,0.9980000257492065,0.8215000033378601
YPR049C,YMR089C,0,-7.586128,0.1083134338259697,0.9980000257492065,0.8216000199317932
YOR313C,YOL020W,0,-7.586788,0.10830168426036835,0.9980000257492065,0.8216999769210815
YIL062C,YMR078C,0,-7.587301,0.1082899272441864,0.9980000257492065,0.8217999935150146
YOR317W,YBR293W,0,-7.587731,0.10827818512916565,0.9980000257492065,0.8219000101089478
YML116W,YBR169C,0,-7.5877895,0.1082664355635643,0.9980000257492065,0.8220000267028809
YPL221W,YER127W,0,-7.5885344,0.10825469344854355,0.9980000257492065,0.8220999836921692
YLR081W,YLR239C,0,-7.588652,0.1082429513335228,0.9980000257492065,0.8222000002861023
YBR103W,YKL140W,0,-7.588772,0.10823120921850204,0.9980000257492065,0.8223000168800354
YML088W,YHR017W,0,-7.594658,0.10821947455406189,0.9980000257492065,0.8223999738693237
YIL049W,YPL031C,0,-7.5957212,0.10820773988962173,0.9980000257492065,0.8224999904632568
YBR244W,YGR274C,0,-7.5958705,0.10819601267576218,0.9980000257492065,0.8226000070571899
YLR016C,YNL216W,0,-7.5985923,0.10818428546190262,0.9980000257492065,0.822700023651123
YML051W,YMR285C,0,-7.599122,0.10817255824804306,0.9980000257492065,0.8227999806404114
YNL065W,YER167W,0,-7.600411,0.1081608310341835,0.9980000257492065,0.8228999972343445
YHR204W,YMR236W,0,-7.60093,0.10814911127090454,0.9980000257492065,0.8230000138282776
YCL016C,YLR373C,0,-7.6010814,0.10813739150762558,0.9980000257492065,0.8230999708175659
YGR124W,YJL052W,0,-7.6014457,0.10812567919492722,0.9980000257492065,0.823199987411499
YOR377W,YDR516C,0,-7.601459,0.10811396688222885,0.9980000257492065,0.8233000040054321
YDR411C,YMR044W,0,-7.606014,0.10810225456953049,0.9980000257492065,0.8234000205993652
YIL131C,YDL098C,0,-7.6070476,0.10809054225683212,0.9980000257492065,0.8234999775886536
YBL005W,YDR346C,0,-7.6082416,0.10807883739471436,0.9980000257492065,0.8235999941825867
YLR399C,YNL164C,0,-7.609185,0.10806713253259659,0.9980000257492065,0.8237000107765198
YML052W,YML038C,0,-7.6103225,0.10805543512105942,0.9980000257492065,0.8238000273704529
YMR127C,YOR069W,0,-7.6106,0.10804373770952225,0.9980000257492065,0.8238999843597412
YOR264W,YMR047C,0,-7.611878,0.10803204029798508,0.9980000257492065,0.8240000009536743
YEL053C,YOR288C,0,-7.61273,0.1080203503370285,0.9980000257492065,0.8241000175476074
YAL060W,YDR206W,0,-7.6138306,0.10800866037607193,0.9980000257492065,0.8241999745368958
YJR070C,YGL226C-A,0,-7.6144676,0.10799697041511536,0.9980000257492065,0.8242999911308289
YOL090W,YOR372C,0,-7.6149817,0.10798528790473938,0.9980000257492065,0.824400007724762
YMR096W,YOR086C,0,-7.6170588,0.1079735979437828,0.9980000257492065,0.8245000243186951
YDL155W,YHR164C,0,-7.6171026,0.10796192288398743,0.9980000257492065,0.8245999813079834
YNL230C,YDR159W,0,-7.617173,0.10795024037361145,0.9980000257492065,0.8246999979019165
YBL069W,YMR068W,0,-7.617484,0.10793856531381607,0.9980000257492065,0.8248000144958496
YOL016C,YER122C,0,-7.6176867,0.10792689770460129,0.9980000257492065,0.8248999714851379
YER174C,YBR216C,0,-7.6194396,0.10791522264480591,0.9980000257492065,0.824999988079071
YBR195C,YIL114C,0,-7.6205273,0.10790355503559113,0.9980000257492065,0.8251000046730042
YCR089W,YJL093C,0,-7.6206274,0.10789189487695694,0.9980000257492065,0.8252000212669373
YOR034C,YKL217W,0,-7.621004,0.10788022726774216,0.9980000257492065,0.8252999782562256
YOR100C,YMR314W,0,-7.6213546,0.10786856710910797,0.9980000257492065,0.8253999948501587
YOL052C-A,YKL189W,0,-7.6223793,0.10785691440105438,0.9980000257492065,0.8255000114440918
YCL016C,YDR145W,0,-7.624012,0.1078452542424202,0.9980000257492065,0.8256000280380249
YOR128C,YER087C-B,0,-7.6244297,0.10783360153436661,0.9980000257492065,0.8256999850273132
YMR023C,YOR095C,0,-7.624551,0.10782195627689362,0.9980000257492065,0.8258000016212463
YCR097W,YDR460W,0,-7.624943,0.10781030356884003,0.9980000257492065,0.8259000182151794
YOR032C,YER011W,0,-7.6256795,0.10779865831136703,0.9980000257492065,0.8259999752044678
YOR264W,YGR270W,0,-7.627023,0.10778702050447464,0.9980000257492065,0.8260999917984009
YNL116W,YPL016W,0,-7.6282306,0.10777537524700165,0.9980000257492065,0.826200008392334
YPL101W,YMR067C,0,-7.6288424,0.10776373744010925,0.9980000257492065,0.8263000249862671
YJL103C,YDR312W,0,-7.629071,0.10775210708379745,0.9980000257492065,0.8263999819755554
YPL188W,YLR032W,0,-7.6295276,0.10774046927690506,0.9980000257492065,0.8264999985694885
YJL106W,YDR059C,0,-7.6296196,0.10772884637117386,0.9980000257492065,0.8266000151634216
YDR226W,YOR264W,0,-7.632205,0.10771721601486206,0.9980000257492065,0.82669997215271
YPL050C,YKR055W,0,-7.6333194,0.10770559310913086,0.9980000257492065,0.8267999887466431
YNL039W,YJL039C,0,-7.6347804,0.10769397020339966,0.9980000257492065,0.8269000053405762
YLL015W,YPL069C,0,-7.635057,0.10768234729766846,0.9980000257492065,0.8270000219345093
YDR140W,YMR026C,0,-7.6353283,0.10767073184251785,0.9980000257492065,0.8270999789237976
YGL071W,YDR245W,0,-7.635583,0.10765911638736725,0.9980000257492065,0.8271999955177307
YLR210W,YBR069C,0,-7.636522,0.10764750093221664,0.9980000257492065,0.8273000121116638
YGR003W,YNR043W,0,-7.6378536,0.10763589292764664,0.9980000257492065,0.8274000287055969
YDL087C,YMR190C,0,-7.639882,0.10762428492307663,0.9980000257492065,0.8274999856948853
YJR084W,YDL222C,0,-7.6399097,0.10761267691850662,0.9980000257492065,0.8276000022888184
YDR477W,YGR047C,0,-7.6421633,0.10760107636451721,0.9980000257492065,0.8277000188827515
YHR102W,YBR162W-A,0,-7.642912,0.1075894758105278,0.9980000257492065,0.8277999758720398
YDR329C,YLR447C,0,-7.643244,0.10757788270711899,0.9980000257492065,0.8278999924659729
YLR039C,YNL012W,0,-7.6434727,0.10756628215312958,0.9980000257492065,0.828000009059906
YBR078W,YOR049C,0,-7.6438007,0.10755469650030136,0.9980000257492065,0.8281000256538391
YJL039C,YML109W,0,-7.6448584,0.10754310339689255,0.9980000257492065,0.8281999826431274
YOR329C,YER081W,0,-7.6451354,0.10753151774406433,0.9980000257492065,0.8282999992370605
YJL058C,YJR127C,0,-7.6454754,0.10751993209123611,0.9980000257492065,0.8284000158309937
YEL016C,YOR151C,0,-7.645733,0.1075083464384079,0.9980000257492065,0.828499972820282
YJL061W,YDL055C,0,-7.645975,0.10749676823616028,0.9980000257492065,0.8285999894142151
YOR120W,YGL161C,0,-7.646421,0.10748519003391266,0.9980000257492065,0.8287000060081482
YAL056W,YPR103W,0,-7.646531,0.10747361928224564,0.9980000257492065,0.8288000226020813
YJR125C,YLR176C,0,-7.647166,0.10746204107999802,0.9980000257492065,0.8288999795913696
YPR005C,YBR175W,0,-7.647356,0.107450470328331,0.9980000257492065,0.8289999961853027
YGL148W,YHR048W,0,-7.6474314,0.10743890702724457,0.9980000257492065,0.8291000127792358
YML061C,YHL024W,0,-7.648519,0.10742734372615814,0.9980000257492065,0.829200029373169
YNL233W,YOL102C,0,-7.6500278,0.10741578042507172,0.9980000257492065,0.8292999863624573
YLR175W,YNR043W,0,-7.650879,0.10740421712398529,0.9980000257492065,0.8294000029563904
YHR015W,YBR169C,0,-7.6511393,0.10739266127347946,0.9980000257492065,0.8295000195503235
YNL027W,YAR003W,0,-7.6522074,0.10738110542297363,0.9980000257492065,0.8295999765396118
YPL241C,YPL028W,0,-7.653573,0.1073695570230484,0.9980000257492065,0.8296999931335449
YOR233W,YDR288W,0,-7.65364,0.10735800117254257,0.9980000257492065,0.829800009727478
YOL143C,YCR024C,0,-7.6536407,0.10734645277261734,0.9980000257492065,0.8299000263214111
YIL099W,YER111C,0,-7.6536603,0.1073349118232727,0.9980000257492065,0.8299999833106995
YLR047C,YPL193W,0,-7.654972,0.10732337087392807,0.9980000257492065,0.8300999999046326
YBL084C,YNL231C,0,-7.655142,0.10731182992458344,0.9980000257492065,0.8302000164985657
YER178W,YPL193W,0,-7.656063,0.1073002889752388,0.9980000257492065,0.830299973487854
YJR161C,YGL229C,0,-7.657304,0.10728875547647476,0.9980000257492065,0.8303999900817871
YHR109W,YHR079C-A,0,-7.657998,0.10727722197771072,0.9980000257492065,0.8305000066757202
YOR067C,YMR133W,0,-7.6582294,0.10726568847894669,0.9980000257492065,0.8306000232696533
YMR292W,YKL201C,0,-7.6596985,0.10725416243076324,0.9980000257492065,0.8306999802589417
YCL038C,YOR080W,0,-7.6597104,0.1072426363825798,0.9980000257492065,0.8307999968528748
YDR191W,YOR279C,0,-7.6615295,0.10723111778497696,0.9980000257492065,0.8309000134468079
YOR001W,YDR074W,0,-7.6622095,0.10721959918737411,0.9980000257492065,0.8309999704360962
YNL029C,YJR010C-A,0,-7.6628118,0.10720808058977127,0.9980000257492065,0.8310999870300293
YDL074C,YKL009W,0,-7.6630316,0.10719656199216843,0.9980000257492065,0.8312000036239624
YLR329W,YJL176C,0,-7.664336,0.10718505084514618,0.9980000257492065,0.8313000202178955
YJL128C,YGL212W,0,-7.66524,0.10717353969812393,0.9980000257492065,0.8313999772071838
YLR195C,YBL052C,0,-7.6678295,0.10716202855110168,0.9980000257492065,0.8314999938011169
YDL017W,YMR135C,0,-7.6687527,0.10715052485466003,0.9980000257492065,0.83160001039505
YOR026W,YPL120W,0,-7.66901,0.10713902115821838,0.9980000257492065,0.8317000269889832
YBR070C,YDR388W,0,-7.670706,0.10712752491235733,0.9980000257492065,0.8317999839782715
YDR148C,YOR161C,0,-7.671604,0.10711602121591568,0.9980000257492065,0.8319000005722046
YBR066C,YPR139C,0,-7.6716394,0.10710453242063522,0.9980000257492065,0.8320000171661377
YIL139C,YLR447C,0,-7.671652,0.10709303617477417,0.9980000257492065,0.832099974155426
YOL101C,YLR069C,0,-7.672558,0.10708154737949371,0.9980000257492065,0.8321999907493591
YPR086W,YLR020C,0,-7.6738706,0.10707005858421326,0.9980000257492065,0.8323000073432922
YER042W,YNL064C,0,-7.6749153,0.1070585697889328,0.9980000257492065,0.8324000239372253
YHR011W,YGR275W,0,-7.6751122,0.10704708844423294,0.9980000257492065,0.8324999809265137
YOR336W,YFR031C,0,-7.676237,0.10703560709953308,0.9980000257492065,0.8325999975204468
YHR142W,YOL136C,0,-7.676408,0.10702412575483322,0.9980000257492065,0.8327000141143799
YPR057W,YLR210W,0,-7.6764355,0.10701265186071396,0.9980000257492065,0.8327999711036682
YLR201C,YHR027C,0,-7.6765423,0.1070011779665947,0.9980000257492065,0.8328999876976013
YJL214W,YLR452C,0,-7.677203,0.10698971152305603,0.9980000257492065,0.8330000042915344
YNL101W,YNL314W,0,-7.677741,0.10697823762893677,0.9980000257492065,0.8331000208854675
YNR033W,YDR005C,0,-7.6781874,0.1069667711853981,0.9980000257492065,0.8331999778747559
YBL050W,YEL002C,0,-7.6782913,0.10695531219244003,0.9980000257492065,0.833299994468689
YLR239C,YGL259W,0,-7.6787577,0.10694384574890137,0.9980000257492065,0.8334000110626221
YGL119W,YBR216C,0,-7.6816573,0.1069323867559433,0.9980000257492065,0.8335000276565552
YMR038C,YOR306C,0,-7.6818237,0.10692093521356583,0.9980000257492065,0.8335999846458435
YGR108W,YML104C,0,-7.682276,0.10690948367118835,0.9980000257492065,0.8337000012397766
YNL225C,YKL040C,0,-7.682336,0.10689803212881088,0.9980000257492065,0.8338000178337097
YMR119W,YKL212W,0,-7.682823,0.10688658058643341,0.9980000257492065,0.833899974822998
YMR025W,YGL066W,0,-7.682931,0.10687513649463654,0.9980000257492065,0.8339999914169312
YOR348C,YGL246C,0,-7.682945,0.10686369240283966,0.9980000257492065,0.8341000080108643
YEL022W,YNL312W,0,-7.683036,0.10685224831104279,0.9980000257492065,0.8342000246047974
YNR010W,YEL018W,0,-7.683465,0.10684081166982651,0.9980000257492065,0.8342999815940857
YNL112W,YCL040W,0,-7.683848,0.10682937502861023,0.9980000257492065,0.8343999981880188
YJL036W,YPL065W,0,-7.6840534,0.10681793838739395,0.9980000257492065,0.8345000147819519
YJL194W,YDR142C,0,-7.6840687,0.10680650919675827,0.9980000257492065,0.8345999717712402
YER016W,YGL023C,0,-7.6842146,0.10679508000612259,0.9980000257492065,0.8346999883651733
YIR034C,YCL054W,0,-7.685187,0.10678365081548691,0.9980000257492065,0.8348000049591064
YBR200W,YGR166W,0,-7.6852436,0.10677222907543182,0.9980000257492065,0.8349000215530396
YPR023C,YMR109W,0,-7.685749,0.10676080733537674,0.9980000257492065,0.8349999785423279
YJR068W,YLR005W,0,-7.6857967,0.10674938559532166,0.9980000257492065,0.835099995136261
YCL017C,YNL334C,0,-7.687717,0.10673797130584717,0.9980000257492065,0.8352000117301941
YBR213W,YGL184C,0,-7.6886024,0.10672655701637268,0.9980000257492065,0.8353000283241272
YLR093C,YDR527W,0,-7.689065,0.1067151427268982,0.9980000257492065,0.8353999853134155
YGR178C,YIL144W,0,-7.689421,0.1067037284374237,0.9980000257492065,0.8355000019073486
YMR127C,YPL032C,0,-7.689579,0.10669232159852982,0.9980000257492065,0.8356000185012817
YNL280C,YML109W,0,-7.6898127,0.10668092221021652,0.9980000257492065,0.8356999754905701
YDL047W,YKL140W,0,-7.6908956,0.10666951537132263,0.9980000257492065,0.8357999920845032
YER022W,YHR066W,0,-7.6911383,0.10665811598300934,0.9980000257492065,0.8359000086784363
YPL174C,YLL012W,0,-7.6919727,0.10664671659469604,0.9980000257492065,0.8360000252723694
YER088C,YHR176W,0,-7.692705,0.10663532465696335,0.9980000257492065,0.8360999822616577
YJL158C,YDR436W,0,-7.6936784,0.10662393271923065,0.9980000257492065,0.8361999988555908
YPL215W,YLR389C,0,-7.6939297,0.10661254078149796,0.9980000257492065,0.8363000154495239
YNL052W,YDR331W,0,-7.6945066,0.10660115629434586,0.9980000257492065,0.8363999724388123
YPL082C,YIL073C,0,-7.6958647,0.10658977180719376,0.9980000257492065,0.8364999890327454
YPL269W,YML015C,0,-7.6961308,0.10657838732004166,0.9980000257492065,0.8366000056266785
YDL223C,YJL059W,0,-7.696459,0.10656700283288956,0.9980000257492065,0.8367000222206116
YLR196W,YBR083W,0,-7.6974926,0.10655562579631805,0.9980000257492065,0.8367999792098999
YLR127C,YNL169C,0,-7.6976748,0.10654424875974655,0.9980000257492065,0.836899995803833
YLL001W,YNL026W,0,-7.6983037,0.10653287917375565,0.9980000257492065,0.8370000123977661
YHL019C,YDR096W,0,-7.698642,0.10652150958776474,0.9980000257492065,0.8371000289916992
YMR042W,YCR020W-B,0,-7.6987724,0.10651014000177383,0.9980000257492065,0.8371999859809875
YLR361C,YPL273W,0,-7.699577,0.10649877041578293,0.9980000257492065,0.8373000025749207
YIL109C,YBR103W,0,-7.7001324,0.10648740828037262,0.9980000257492065,0.8374000191688538
YIL015W,YML015C,0,-7.7012596,0.10647604614496231,0.9980000257492065,0.8374999761581421
YOR257W,YOL126C,0,-7.701537,0.1064646914601326,0.9980000257492065,0.8375999927520752
YDL194W,YGR260W,0,-7.701877,0.10645333677530289,0.9980000257492065,0.8377000093460083
YPR060C,YOR155C,0,-7.70231,0.10644198209047318,0.9980000257492065,0.8378000259399414
YCL005W-A,YER074W-A,0,-7.702922,0.10643062740564346,0.9980000257492065,0.8378999829292297
YKL043W,YOL005C,0,-7.703336,0.10641928017139435,0.9980000257492065,0.8379999995231628
YOR344C,YNR047W,0,-7.7036085,0.10640793293714523,0.9980000257492065,0.838100016117096
YGL191W,YNL287W,0,-7.705717,0.10639658570289612,0.9980000257492065,0.8381999731063843
YJR138W,YGL183C,0,-7.707078,0.1063852459192276,0.9980000257492065,0.8382999897003174
YKR061W,YIL006W,0,-7.7072525,0.10637390613555908,0.9980000257492065,0.8384000062942505
YER125W,YJR010C-A,0,-7.7074165,0.10636257380247116,0.9980000257492065,0.8385000228881836
YCR105W,YDR050C,0,-7.707572,0.10635123401880264,0.9980000257492065,0.8385999798774719
YMR011W,YMR100W,0,-7.708811,0.10633990168571472,0.9980000257492065,0.838699996471405
YMR232W,YGR166W,0,-7.7108746,0.1063285768032074,0.9980000257492065,0.8388000130653381
YBR301W,YKR101W,0,-7.7110724,0.10631724447011948,0.9980000257492065,0.8389000296592712
YDL100C,YNL334C,0,-7.7117057,0.10630591958761215,0.9980000257492065,0.8389999866485596
YML102W,YKL166C,0,-7.7123384,0.10629460215568542,0.9980000257492065,0.8391000032424927
YNL218W,YHL025W,0,-7.712362,0.1062832772731781,0.9980000257492065,0.8392000198364258
YBR065C,YKR080W,0,-7.7135816,0.10627195984125137,0.9980000257492065,0.8392999768257141
YLR032W,YBR152W,0,-7.7146416,0.10626064985990524,0.9980000257492065,0.8393999934196472
YLL015W,YDR372C,0,-7.7153974,0.10624933242797852,0.9980000257492065,0.8395000100135803
YLR127C,YOR127W,0,-7.715573,0.10623802244663239,0.9980000257492065,0.8396000266075134
YER016W,YJL033W,0,-7.716446,0.10622671991586685,0.9980000257492065,0.8396999835968018
YGL075C,YMR283C,0,-7.716878,0.10621540993452072,0.9980000257492065,0.8398000001907349
YIL132C,YBR260C,0,-7.7171164,0.10620410740375519,0.9980000257492065,0.839900016784668
YPL228W,YBR155W,0,-7.7196426,0.10619280487298965,0.9980000257492065,0.8399999737739563
YNL133C,YLR120C,0,-7.719697,0.10618150979280472,0.9980000257492065,0.8400999903678894
YOR028C,YDR443C,0,-7.720022,0.10617021471261978,0.9980000257492065,0.8402000069618225
YDR499W,YGR169C,0,-7.720267,0.10615891963243484,0.9980000257492065,0.8403000235557556
YPL280W,YLL057C,0,-7.72103,0.10614762455224991,0.9980000257492065,0.840399980545044
YOR001W,YLR262C,0,-7.7211137,0.10613633692264557,0.9980000257492065,0.840499997138977
YBL009W,YCR068W,0,-7.7217817,0.10612505674362183,0.9980000257492065,0.8406000137329102
YLR131C,YDL036C,0,-7.7222986,0.10611376911401749,0.9980000257492065,0.8406999707221985
YBL091C,YGL162W,0,-7.7247243,0.10610248893499374,0.9980000257492065,0.8407999873161316
YFR005C,YGR271C-A,0,-7.7250686,0.10609120875597,0.9980000257492065,0.8409000039100647
YKL085W,YDL120W,0,-7.72514,0.10607992857694626,0.9980000257492065,0.8410000205039978
YGL051W,YML061C,0,-7.7252865,0.10606865584850311,0.9980000257492065,0.8410999774932861
YDL102W,YER075C,0,-7.7274394,0.10605738312005997,0.9980000257492065,0.8411999940872192
YGL141W,YJL176C,0,-7.7289023,0.10604611784219742,0.9980000257492065,0.8413000106811523
YGL183C,YPR031W,0,-7.729108,0.10603485256433487,0.9980000257492065,0.8414000272750854
YNR059W,YPL234C,0,-7.7300005,0.10602358728647232,0.9980000257492065,0.8414999842643738
YOR058C,YGR179C,0,-7.730821,0.10601232200860977,0.9980000257492065,0.8416000008583069
YMR021C,YOL005C,0,-7.733272,0.10600106418132782,0.9980000257492065,0.84170001745224
YJL124C,YIL101C,0,-7.733277,0.10598980635404587,0.9980000257492065,0.8417999744415283
YNL191W,YKR063C,0,-7.7341166,0.10597854852676392,0.9980000257492065,0.8418999910354614
YDR211W,YLR376C,0,-7.7344894,0.10596729815006256,0.9980000257492065,0.8420000076293945
YBL064C,YFR033C,0,-7.7350187,0.1059560477733612,0.9980000257492065,0.8421000242233276
YGL016W,YNL049C,0,-7.7355723,0.10594479739665985,0.9980000257492065,0.842199981212616
YHR146W,YJL154C,0,-7.735978,0.10593355447053909,0.9980000257492065,0.8422999978065491
YMR240C,YJR134C,0,-7.7361593,0.10592231154441833,0.9980000257492065,0.8424000144004822
YIL145C,YOL141W,0,-7.737028,0.10591106861829758,0.9980000257492065,0.8424999713897705
YDR516C,YDL055C,0,-7.737604,0.10589983314275742,0.9980000257492065,0.8425999879837036
YHR115C,YPL120W,0,-7.738193,0.10588859766721725,0.9980000257492065,0.8427000045776367
YER022W,YDR484W,0,-7.7384114,0.1058773621916771,0.9980000257492065,0.8428000211715698
YNR030W,YBR131W,0,-7.73878,0.10586612671613693,0.9980000257492065,0.8428999781608582
YLR166C,YJL054W,0,-7.7403235,0.10585489869117737,0.9980000257492065,0.8429999947547913
YBL069W,YPL045W,0,-7.740636,0.1058436706662178,0.9980000257492065,0.8431000113487244
YDL039C,YGR096W,0,-7.741446,0.10583245009183884,0.9980000257492065,0.8432000279426575
YKL046C,YER169W,0,-7.7432427,0.10582122951745987,0.9980000257492065,0.8432999849319458
YMR048W,YML120C,0,-7.7435546,0.1058100089430809,0.9980000257492065,0.8434000015258789
YPL018W,YKL015W,0,-7.7463417,0.10579878836870193,0.9980000257492065,0.843500018119812
YGR204W,YHR179W,0,-7.7466574,0.10578757524490356,0.9980000257492065,0.8435999751091003
YGR083C,YBR214W,0,-7.746687,0.1057763621211052,0.9980000257492065,0.8436999917030334
YPR104C,YMR179W,0,-7.746743,0.10576515644788742,0.9980000257492065,0.8438000082969666
YNR030W,YDR145W,0,-7.747279,0.10575395077466965,0.9980000257492065,0.8439000248908997
YJL092W,YPR047W,0,-7.7474675,0.10574274510145187,0.9980000257492065,0.843999981880188
YDL049C,YFR031C,0,-7.748305,0.1057315394282341,0.9980000257492065,0.8440999984741211
YJL167W,YHR062C,0,-7.7494984,0.10572034120559692,0.9980000257492065,0.8442000150680542
YIR028W,YPL207W,0,-7.750299,0.10570914298295975,0.9980000257492065,0.8442999720573425
YPL046C,YJL146W,0,-7.75063,0.10569794476032257,0.9980000257492065,0.8443999886512756
YDL087C,YJR132W,0,-7.7506576,0.10568675398826599,0.9980000257492065,0.8445000052452087
YOL146W,YMR089C,0,-7.7513723,0.10567556321620941,0.9980000257492065,0.8446000218391418
YGL090W,YPL164C,0,-7.7514052,0.10566437244415283,0.9980000257492065,0.8446999788284302
YOL021C,YGL224C,0,-7.7522354,0.10565318912267685,0.9980000257492065,0.8447999954223633
YIL019W,YIL120W,0,-7.7535567,0.10564200580120087,0.9980000257492065,0.8449000120162964
YNL308C,YKL001C,0,-7.7544055,0.10563082247972488,0.9980000257492065,0.8450000286102295
YHR068W,YPR095C,0,-7.7564945,0.1056196391582489,0.9980000257492065,0.8450999855995178
YGL124C,YGL004C,0,-7.7565393,0.10560846328735352,0.9980000257492065,0.8452000021934509
YNL042W,YJR091C,0,-7.756769,0.10559729486703873,0.9980000257492065,0.845300018787384
YBR057C,YOL006C,0,-7.7574096,0.10558611899614334,0.9980000257492065,0.8453999757766724
YJL158C,YEL062W,0,-7.7581053,0.10557495057582855,0.9980000257492065,0.8454999923706055
YER170W,YOR391C,0,-7.7586546,0.10556378215551376,0.9980000257492065,0.8456000089645386
YEL009C,YPR031W,0,-7.7588067,0.10555262118577957,0.9980000257492065,0.8457000255584717
YMR035W,YNL326C,0,-7.759139,0.10554145276546478,0.9980000257492065,0.84579998254776
YIL124W,YJR137C,0,-7.7592044,0.10553029179573059,0.9980000257492065,0.8458999991416931
YER045C,YGR252W,0,-7.7598305,0.105519138276577,0.9980000257492065,0.8460000157356262
YER028C,YDL039C,0,-7.760002,0.1055079847574234,0.9980000257492065,0.8460999727249146
YKL054C,YHR043C,0,-7.7603188,0.1054968312382698,0.9980000257492065,0.8461999893188477
YNL264C,YOR256C,0,-7.760843,0.10548567771911621,0.9980000257492065,0.8463000059127808
YDL006W,YDL058W,0,-7.760869,0.10547453165054321,0.9980000257492065,0.8464000225067139
YPR030W,YOL018C,0,-7.7619877,0.10546338558197021,0.9980000257492065,0.8464999794960022
YJL178C,YBR274W,0,-7.7634735,0.10545223951339722,0.9980000257492065,0.8465999960899353
YKL021C,YLR084C,0,-7.7648573,0.10544110089540482,0.9980000257492065,0.8467000126838684
YIL099W,YGR194C,0,-7.7649283,0.10542996227741241,0.9980000257492065,0.8468000292778015
YOL068C,YER099C,0,-7.7665324,0.10541882365942001,0.9980000257492065,0.8468999862670898
YKL114C,YHR067W,0,-7.7676287,0.10540769249200821,0.9980000257492065,0.847000002861023
YBR102C,YGR147C,0,-7.76774,0.10539655387401581,0.9980000257492065,0.847100019454956
YAR033W,YIL031W,0,-7.768189,0.1053854301571846,0.9980000257492065,0.8471999764442444
YMR316W,YDR488C,0,-7.76826,0.1053742989897728,0.9980000257492065,0.8472999930381775
YDR009W,YPR167C,0,-7.77003,0.10536317527294159,0.9980000257492065,0.8474000096321106
YNL029C,YDL006W,0,-7.772357,0.10535205155611038,0.9980000257492065,0.8475000262260437
YLR359W,YPR167C,0,-7.7726364,0.10534093528985977,0.9980000257492065,0.847599983215332
YOR044W,YDR156W,0,-7.774493,0.10532981902360916,0.9980000257492065,0.8476999998092651
YJL116C,YOL031C,0,-7.7747993,0.10531870275735855,0.9980000257492065,0.8478000164031982
YOR357C,YDR325W,0,-7.7749434,0.10530758649110794,0.9980000257492065,0.8478999733924866
YCL038C,YGL001C,0,-7.775376,0.10529647767543793,0.9980000257492065,0.8479999899864197
YOR237W,YOL068C,0,-7.775588,0.10528536885976791,0.9980000257492065,0.8481000065803528
YBR236C,YNL038W,0,-7.776183,0.1052742600440979,0.9980000257492065,0.8482000231742859
YDR496C,YNL330C,0,-7.776621,0.10526315867900848,0.9980000257492065,0.8482999801635742
YGR218W,YDL181W,0,-7.7785177,0.10525205731391907,0.9980000257492065,0.8483999967575073
YJR058C,YDR395W,0,-7.7805815,0.10524095594882965,0.9980000257492065,0.8485000133514404
YBR110W,YPL235W,0,-7.7810497,0.10522986203432083,0.9980000257492065,0.8485999703407288
YNL148C,YKR079C,0,-7.7815585,0.10521876811981201,0.9980000257492065,0.8486999869346619
YAL054C,YHR171W,0,-7.78216,0.10520767420530319,0.9980000257492065,0.848800003528595
YOL052C-A,YGR195W,0,-7.7825146,0.10519658774137497,0.9980000257492065,0.8489000201225281
YLR239C,YOR014W,0,-7.783266,0.10518549382686615,0.9980000257492065,0.8489999771118164
YGR267C,YDR082W,0,-7.7871842,0.10517441481351852,0.9980000257492065,0.8490999937057495
YNL023C,YOR231W,0,-7.7874165,0.1051633283495903,0.9980000257492065,0.8492000102996826
YIL149C,YGL153W,0,-7.7874913,0.10515224933624268,0.9980000257492065,0.8493000268936157
YFL033C,YMR039C,0,-7.7890854,0.10514117032289505,0.9980000257492065,0.849399983882904
YPL270W,YER007W,0,-7.790091,0.10513009876012802,0.9980000257492065,0.8495000004768372
YMR280C,YHL048W,0,-7.790255,0.1051190197467804,0.9980000257492065,0.8496000170707703
YCR089W,YCL054W,0,-7.790879,0.10510794818401337,0.9980000257492065,0.8496999740600586
YER016W,YPL235W,0,-7.790909,0.10509688407182693,0.9980000257492065,0.8497999906539917
YGR195W,YBR083W,0,-7.793507,0.1050858199596405,0.9980000257492065,0.8499000072479248
YLR133W,YFL053W,0,-7.794282,0.10507475584745407,0.9980000257492065,0.8500000238418579
YMR292W,YNL317W,0,-7.796356,0.10506369173526764,0.9980000257492065,0.8500999808311462
YOR168W,YPL153C,0,-7.797574,0.1050526350736618,0.9980000257492065,0.8501999974250793
YBR215W,YJR091C,0,-7.7976093,0.10504157096147537,0.9980000257492065,0.8503000140190125
YMR199W,YOR344C,0,-7.7995477,0.10503052175045013,0.9980000257492065,0.8503999710083008
YOR098C,YOL072W,0,-7.800375,0.1050194650888443,0.9980000257492065,0.8504999876022339
YEL011W,YEL058W,0,-7.801825,0.10500841587781906,0.9980000257492065,0.850600004196167
YNL094W,YOR007C,0,-7.8020186,0.10499736666679382,0.9980000257492065,0.8507000207901001
YPL202C,YPR026W,0,-7.8026357,0.10498632490634918,0.9980000257492065,0.8507999777793884
YGR247W,YDR497C,0,-7.804393,0.10497528314590454,0.9980000257492065,0.8508999943733215
YBR210W,YGR238C,0,-7.8048725,0.1049642413854599,0.9980000257492065,0.8510000109672546
YNR050C,YDR453C,0,-7.8051887,0.10495319962501526,0.9980000257492065,0.8511000275611877
YDR188W,YOL115W,0,-7.805988,0.10494216531515121,0.9980000257492065,0.8511999845504761
YKL127W,YOR224C,0,-7.8061275,0.10493113100528717,0.9980000257492065,0.8513000011444092
YGR140W,YDR240C,0,-7.8061624,0.10492010414600372,0.9980000257492065,0.8514000177383423
YJR095W,YBR182C,0,-7.806411,0.10490906983613968,0.9980000257492065,0.8514999747276306
YOR032C,YMR095C,0,-7.8065553,0.10489804297685623,0.9980000257492065,0.8515999913215637
YGR238C,YJL076W,0,-7.806593,0.10488702356815338,0.9980000257492065,0.8517000079154968
YGL043W,YOL148C,0,-7.807987,0.10487599670886993,0.9980000257492065,0.8518000245094299
YGL006W,YIL095W,0,-7.8081656,0.10486497730016708,0.9980000257492065,0.8518999814987183
YJL155C,YIL118W,0,-7.8083954,0.10485395789146423,0.9980000257492065,0.8519999980926514
YBL042C,YLR335W,0,-7.8084364,0.10484294593334198,0.9980000257492065,0.8521000146865845
YKR076W,YER072W,0,-7.809801,0.10483193397521973,0.9980000257492065,0.8521999716758728
YHR043C,YKL086W,0,-7.810152,0.10482092201709747,0.9980000257492065,0.8522999882698059
YDR181C,YPL139C,0,-7.810193,0.10480991750955582,0.9980000257492065,0.852400004863739
YCR028C,YDR145W,0,-7.8123865,0.10479890555143356,0.9980000257492065,0.8525000214576721
YJR084W,YLR209C,0,-7.8134313,0.1047879010438919,0.9980000257492065,0.8525999784469604
YKL008C,YOR110W,0,-7.814619,0.10477690398693085,0.9980000257492065,0.8526999950408936
YNL325C,YBR168W,0,-7.8182335,0.10476590692996979,0.9980000257492065,0.8528000116348267
YER086W,YAL010C,0,-7.8186693,0.10475490987300873,0.9980000257492065,0.8529000282287598
YOR153W,YDR246W,0,-7.818798,0.10474391281604767,0.9980000257492065,0.8529999852180481
YEL036C,YLR148W,0,-7.820071,0.1047329232096672,0.9980000257492065,0.8531000018119812
YJL112W,YDR126W,0,-7.8269753,0.10472193360328674,0.9980000257492065,0.8532000184059143
YEL055C,YDR416W,0,-7.8284917,0.10471094399690628,0.9980000257492065,0.8532999753952026
YJL106W,YDR410C,0,-7.8313975,0.10469995439052582,0.9980000257492065,0.8533999919891357
YKL197C,YAL047C,0,-7.8314214,0.10468897223472595,0.9980000257492065,0.8535000085830688
YOR244W,YLR386W,0,-7.832556,0.10467799752950668,0.9980000257492065,0.853600025177002
YBR177C,YPL268W,0,-7.8347673,0.10466701537370682,0.9980000257492065,0.8536999821662903
YJL157C,YMR059W,0,-7.835191,0.10465604066848755,0.9980000257492065,0.8537999987602234
YER167W,YIL101C,0,-7.8360214,0.10464506596326828,0.9980000257492065,0.8539000153541565
YKR102W,YJL154C,0,-7.8369446,0.10463409870862961,0.9980000257492065,0.8539999723434448
YMR172W,YNL328C,0,-7.837487,0.10462312400341034,0.9980000257492065,0.8540999889373779
YNL159C,YPL124W,0,-7.839583,0.10461215674877167,0.9980000257492065,0.854200005531311
YGR258C,YLR182W,0,-7.8397284,0.10460119694471359,0.9980000257492065,0.8543000221252441
YHR108W,YJR010C-A,0,-7.840381,0.10459022969007492,0.9980000257492065,0.8543999791145325
YML057W,YOR127W,0,-7.8410287,0.10457926988601685,0.9980000257492065,0.8544999957084656
YGR241C,YMR293C,0,-7.8412604,0.10456831753253937,0.9980000257492065,0.8546000123023987
YGL043W,YKL062W,0,-7.8420715,0.10455735772848129,0.9980000257492065,0.8547000288963318
YBR089C-A,YBR061C,0,-7.8423505,0.10454640537500381,0.9980000257492065,0.8547999858856201
YCL024W,YPL155C,0,-7.844515,0.10453545302152634,0.9980000257492065,0.8549000024795532
YPR037C,YLR251W,0,-7.8459024,0.10452450811862946,0.9980000257492065,0.8550000190734863
YDR179C,YGL171W,0,-7.8465633,0.10451356321573257,0.9980000257492065,0.8550999760627747
YGR089W,YHR149C,0,-7.8481665,0.1045026183128357,0.9980000257492065,0.8551999926567078
YPL082C,YJR063W,0,-7.850626,0.10449167340993881,0.9980000257492065,0.8553000092506409
YOR335C,YNL126W,0,-7.851347,0.10448073595762253,0.9980000257492065,0.855400025844574
YPR104C,YML114C,0,-7.8515735,0.10446979850530624,0.9980000257492065,0.8554999828338623
YMR094W,YNR003C,0,-7.8517666,0.10445886850357056,0.9980000257492065,0.8555999994277954
YDR264C,YHR128W,0,-7.853274,0.10444793105125427,0.9980000257492065,0.8557000160217285
YDR356W,YDL235C,0,-7.8541317,0.10443700104951859,0.9980000257492065,0.8557999730110168
YJL146W,YFR002W,0,-7.8554864,0.1044260784983635,0.9980000257492065,0.85589998960495
YMR162C,YOR322C,0,-7.856104,0.10441514849662781,0.9980000257492065,0.8560000061988831
YHR102W,YCL057W,0,-7.8566837,0.10440422594547272,0.9980000257492065,0.8561000227928162
YPR082C,YOR212W,0,-7.8576317,0.10439330339431763,0.9980000257492065,0.8561999797821045
YJR058C,YPR016C,0,-7.8579035,0.10438238829374313,0.9980000257492065,0.8562999963760376
YDL240W,YDR277C,0,-7.8604536,0.10437147319316864,0.9980000257492065,0.8564000129699707
YOL096C,YLR315W,0,-7.861008,0.10436055809259415,0.9980000257492065,0.8565000295639038
YKL143W,YNL283C,0,-7.861185,0.10434964299201965,0.9980000257492065,0.8565999865531921
YLR228C,YMR052W,0,-7.8615456,0.10433873534202576,0.9980000257492065,0.8567000031471252
YBL069W,YDR484W,0,-7.862026,0.10432782769203186,0.9980000257492065,0.8568000197410583
YFR002W,YER147C,0,-7.8629465,0.10431692004203796,0.9980000257492065,0.8568999767303467
YPL005W,YPL175W,0,-7.863133,0.10430601984262466,0.9980000257492065,0.8569999933242798
YPL082C,YKL062W,0,-7.863265,0.10429511964321136,0.9980000257492065,0.8571000099182129
YJL101C,YNL206C,0,-7.8637433,0.10428421944379807,0.9980000257492065,0.857200026512146
YLR320W,YOR265W,0,-7.8637447,0.10427332669496536,0.9980000257492065,0.8572999835014343
YJR076C,YBR214W,0,-7.863818,0.10426243394613266,0.9980000257492065,0.8574000000953674
YOR274W,YDL044C,0,-7.8657227,0.10425154119729996,0.9980000257492065,0.8575000166893005
YOR264W,YLR328W,0,-7.8663616,0.10424064844846725,0.9980000257492065,0.8575999736785889
YMR213W,YOL132W,0,-7.866521,0.10422976315021515,0.9980000257492065,0.857699990272522
YOR388C,YHR102W,0,-7.867914,0.10421887785196304,0.9980000257492065,0.8578000068664551
YGR223C,YGR055W,0,-7.869543,0.10420800000429153,0.9980000257492065,0.8579000234603882
YER044C,YNR059W,0,-7.870301,0.10419711470603943,0.9980000257492065,0.8579999804496765
YNL090W,YGL161C,0,-7.870672,0.10418624430894852,0.9980000257492065,0.8580999970436096
YJR153W,YDR217C,0,-7.8707614,0.10417536646127701,0.9980000257492065,0.8582000136375427
YGL153W,YMR016C,0,-7.8707786,0.1041644886136055,0.9980000257492065,0.858299970626831
YIL147C,YBR293W,0,-7.870921,0.10415361821651459,0.9980000257492065,0.8583999872207642
YOL007C,YCL039W,0,-7.871633,0.10414275527000427,0.9980000257492065,0.8585000038146973
YBL047C,YER175C,0,-7.8723845,0.10413188487291336,0.9980000257492065,0.8586000204086304
YHL047C,YDL111C,0,-7.8730354,0.10412102192640305,0.9980000257492065,0.8586999773979187
YJL082W,YPR141C,0,-7.8741784,0.10411015897989273,0.9980000257492065,0.8587999939918518
YPR093C,YJL073W,0,-7.875607,0.10409930348396301,0.9980000257492065,0.8589000105857849
YBR114W,YMR030W,0,-7.875907,0.1040884405374527,0.9980000257492065,0.859000027179718
YGR142W,YJL172W,0,-7.8765297,0.10407759249210358,0.9980000257492065,0.8590999841690063
YLR106C,YKL010C,0,-7.877091,0.10406673699617386,0.9980000257492065,0.8592000007629395
YPR029C,YBR231C,0,-7.879095,0.10405588895082474,0.9980000257492065,0.8593000173568726
YDL137W,YMR042W,0,-7.879171,0.10404504090547562,0.9980000257492065,0.8593999743461609
YGR145W,YLR045C,0,-7.880946,0.1040341928601265,0.9980000257492065,0.859499990940094
YDL113C,YPL089C,0,-7.8810806,0.10402334481477737,0.9980000257492065,0.8596000075340271
YDR384C,YIR023W,0,-7.88163,0.10401250422000885,0.9980000257492065,0.8597000241279602
YNL110C,YBR088C,0,-7.881796,0.10400167107582092,0.9980000257492065,0.8597999811172485
YGR003W,YKR069W,0,-7.8820715,0.1039908304810524,0.9980000257492065,0.8598999977111816
YDR464W,YPL175W,0,-7.884307,0.10397999733686447,0.9980000257492065,0.8600000143051147
YHR142W,YNL282W,0,-7.8843956,0.10396916419267654,0.9980000257492065,0.8600999712944031
YOR058C,YOR039W,0,-7.884766,0.10395833104848862,0.9980000257492065,0.8601999878883362
YGR132C,YOR242C,0,-7.885674,0.10394750535488129,0.9980000257492065,0.8603000044822693
YHR044C,YLR139C,0,-7.885894,0.10393667966127396,0.9980000257492065,0.8604000210762024
YGR267C,YDL035C,0,-7.886304,0.10392585396766663,0.9980000257492065,0.8604999780654907
YEL019C,YDR470C,0,-7.887819,0.10391503572463989,0.9980000257492065,0.8605999946594238
YNL271C,YBL056W,0,-7.8890676,0.10390421748161316,0.9980000257492065,0.8607000112533569
YKR054C,YBR143C,0,-7.889112,0.10389339923858643,0.9980000257492065,0.86080002784729
YBR164C,YKR055W,0,-7.889267,0.10388258844614029,0.9980000257492065,0.8608999848365784
YML031W,YOR367W,0,-7.889962,0.10387177020311356,0.9980000257492065,0.8610000014305115
YBR260C,YDR465C,0,-7.8904266,0.10386096686124802,0.9980000257492065,0.8611000180244446
YEL019C,YPL152W,0,-7.8909254,0.10385015606880188,0.9980000257492065,0.8611999750137329
YAL062W,YER142C,0,-7.8914022,0.10383935272693634,0.9980000257492065,0.861299991607666
YGR061C,YLR399C,0,-7.8917027,0.1038285493850708,0.9980000257492065,0.8614000082015991
YDR356W,YOR219C,0,-7.892297,0.10381774604320526,0.9980000257492065,0.8615000247955322
YLR433C,YGR002C,0,-7.89299,0.10380695015192032,0.9980000257492065,0.8615999817848206
YDR507C,YPL042C,0,-7.894526,0.10379615426063538,0.9980000257492065,0.8616999983787537
YIR023W,YDR100W,0,-7.8946123,0.10378535836935043,0.9980000257492065,0.8618000149726868
YDR510W,YAL047C,0,-7.894926,0.10377456247806549,0.9980000257492065,0.8618999719619751
YJR058C,YIL120W,0,-7.8949585,0.10376377403736115,0.9980000257492065,0.8619999885559082
YNL201C,YCR052W,0,-7.895701,0.1037529855966568,0.9980000257492065,0.8621000051498413
YOR007C,YDR126W,0,-7.896638,0.10374220460653305,0.9980000257492065,0.8622000217437744
YJR076C,YHR052W,0,-7.896748,0.1037314236164093,0.9980000257492065,0.8622999787330627
YJR032W,YNR023W,0,-7.897349,0.10372064262628555,0.9980000257492065,0.8623999953269958
YKL043W,YDR160W,0,-7.897398,0.1037098616361618,0.9980000257492065,0.862500011920929
YNL223W,YGL127C,0,-7.8975453,0.10369908809661865,0.9980000257492065,0.8626000285148621
YLR131C,YKL046C,0,-7.898427,0.1036883145570755,0.9980000257492065,0.8626999855041504
YLL031C,YDR485C,0,-7.901657,0.10367754101753235,0.9980000257492065,0.8628000020980835
YOL001W,YHR099W,0,-7.9022675,0.1036667674779892,0.9980000257492065,0.8629000186920166
YLR144C,YGR007W,0,-7.9035816,0.10365600138902664,0.9980000257492065,0.8629999756813049
YGR089W,YGL246C,0,-7.903974,0.10364523530006409,0.9980000257492065,0.863099992275238
YDR001C,YDR217C,0,-7.9040885,0.10363447666168213,0.9980000257492065,0.8632000088691711
YLR144C,YOL060C,0,-7.906095,0.10362371802330017,0.9980000257492065,0.8633000254631042
YGR013W,YPR032W,0,-7.9066534,0.10361295938491821,0.9980000257492065,0.8633999824523926
YHR052W,YOL115W,0,-7.9072413,0.10360220074653625,0.9980000257492065,0.8634999990463257
YGR134W,YDR103W,0,-7.9072742,0.1035914495587349,0.9980000257492065,0.8636000156402588
YLR209C,YLR045C,0,-7.9072943,0.10358069837093353,0.9980000257492065,0.8636999726295471
YDL223C,YHR148W,0,-7.9073105,0.10356994718313217,0.9980000257492065,0.8637999892234802
YLR423C,YAL047C,0,-7.908273,0.10355919599533081,0.9980000257492065,0.8639000058174133
YFR041C,YNL236W,0,-7.9091754,0.10354845225811005,0.9980000257492065,0.8640000224113464
YBR149W,YIL167W,0,-7.9098463,0.10353770852088928,0.9980000257492065,0.8640999794006348
YLR209C,YJL087C,0,-7.911618,0.10352697223424911,0.9980000257492065,0.8641999959945679
YBR043C,YOR353C,0,-7.9117613,0.10351623594760895,0.9980000257492065,0.864300012588501
YCL001W,YOL097C,0,-7.9122286,0.10350549966096878,0.9980000257492065,0.8644000291824341
YOR237W,YJL061W,0,-7.912532,0.10349476337432861,0.9980000257492065,0.8644999861717224
YBR298C,YBL023C,0,-7.91345,0.10348403453826904,0.9980000257492065,0.8646000027656555
YGL051W,YHL006C,0,-7.913744,0.10347330570220947,0.9980000257492065,0.8647000193595886
YNL256W,YOR324C,0,-7.9140577,0.1034625768661499,0.9980000257492065,0.864799976348877
YPR005C,YJL128C,0,-7.9153285,0.10345184803009033,0.9980000257492065,0.8648999929428101
YNL182C,YPL207W,0,-7.91677,0.10344112664461136,0.9980000257492065,0.8650000095367432
YOR048C,YGR152C,0,-7.916801,0.10343040525913239,0.9980000257492065,0.8651000261306763
YJL115W,YOR368W,0,-7.9168253,0.10341969132423401,0.9980000257492065,0.8651999831199646
YMR020W,YMR047C,0,-7.918605,0.10340896993875504,0.9980000257492065,0.8652999997138977
YMR301C,YHR124W,0,-7.9190655,0.10339825600385666,0.9980000257492065,0.8654000163078308
YHL032C,YDL135C,0,-7.9200716,0.10338754951953888,0.9980000257492065,0.8654999732971191
YJL186W,YGR009C,0,-7.9211397,0.1033768355846405,0.9980000257492065,0.8655999898910522
YBR168W,YOR087W,0,-7.921509,0.10336612910032272,0.9980000257492065,0.8657000064849854
YGR005C,YOR115C,0,-7.9218497,0.10335543006658554,0.9980000257492065,0.8658000230789185
YML114C,YPL045W,0,-7.9221625,0.10334472358226776,0.9980000257492065,0.8658999800682068
YDR123C,YOL005C,0,-7.922647,0.10333402454853058,0.9980000257492065,0.8659999966621399
YPL190C,YDR146C,0,-7.923275,0.1033233255147934,0.9980000257492065,0.866100013256073
YML065W,YIL006W,0,-7.9247036,0.10331262648105621,0.9980000257492065,0.8661999702453613
YJL168C,YDR368W,0,-7.9248695,0.10330193489789963,0.9980000257492065,0.8662999868392944
YJR119C,YPL273W,0,-7.9258633,0.10329124331474304,0.9980000257492065,0.8664000034332275
YPL248C,YPL098C,0,-7.9266644,0.10328055173158646,0.9980000257492065,0.8665000200271606
YHR077C,YNL169C,0,-7.9272738,0.10326986759901047,0.9980000257492065,0.866599977016449
YBL016W,YGR211W,0,-7.927398,0.10325918346643448,0.9980000257492065,0.8666999936103821
YGR036C,YCR089W,0,-7.9277415,0.10324849933385849,0.9980000257492065,0.8668000102043152
YJR036C,YNL222W,0,-7.928174,0.1032378226518631,0.9980000257492065,0.8669000267982483
YDR204W,YPL049C,0,-7.9295774,0.10322713851928711,0.9980000257492065,0.8669999837875366
YJL060W,YMR198W,0,-7.9298425,0.10321646183729172,0.9980000257492065,0.8671000003814697
YFR034C,YPL123C,0,-7.930261,0.10320579260587692,0.9980000257492065,0.8672000169754028
YJL172W,YMR232W,0,-7.9327335,0.10319511592388153,0.9980000257492065,0.8672999739646912
YOL135C,YNL025C,0,-7.934109,0.10318444669246674,0.9980000257492065,0.8673999905586243
YBR244W,YIL063C,0,-7.9343433,0.10317378491163254,0.9980000257492065,0.8675000071525574
YKL045W,YMR182C,0,-7.934584,0.10316311568021774,0.9980000257492065,0.8676000237464905
YDR517W,YDL076C,0,-7.93552,0.10315245389938354,0.9980000257492065,0.8676999807357788
YMR078C,YJL047C,0,-7.9356804,0.10314179211854935,0.9980000257492065,0.8677999973297119
YJL129C,YMR077C,0,-7.935729,0.10313113778829575,0.9980000257492065,0.867900013923645
YDR211W,YPL091W,0,-7.9359555,0.10312047600746155,0.9980000257492065,0.8679999709129333
YNR019W,YDL052C,0,-7.9372787,0.10310982167720795,0.9980000257492065,0.8680999875068665
YIR028W,YLR035C,0,-7.9387574,0.10309917479753494,0.9980000257492065,0.8682000041007996
YMR283C,YHR031C,0,-7.9391117,0.10308852046728134,0.9980000257492065,0.8683000206947327
YDR052C,YMR234W,0,-7.939348,0.10307787358760834,0.9980000257492065,0.868399977684021
YDR155C,YBR004C,0,-7.940873,0.10306723415851593,0.9980000257492065,0.8684999942779541
YJR127C,YML100W,0,-7.9411106,0.10305658727884293,0.9980000257492065,0.8686000108718872
YPR135W,YEL032W,0,-7.9427986,0.10304594784975052,0.9980000257492065,0.8687000274658203
YJL115W,YMR153W,0,-7.943147,0.10303530842065811,0.9980000257492065,0.8687999844551086
YHR064C,YIL144W,0,-7.9432344,0.1030246689915657,0.9980000257492065,0.8689000010490417
YHR011W,YPL002C,0,-7.943363,0.1030140370130539,0.9980000257492065,0.8690000176429749
YKR024C,YHR008C,0,-7.9442744,0.10300340503454208,0.9980000257492065,0.8690999746322632
YOL096C,YML067C,0,-7.944425,0.10299277305603027,0.9980000257492065,0.8691999912261963
YNL097C,YOR266W,0,-7.944589,0.10298214852809906,0.9980000257492065,0.8693000078201294
YGL246C,YOR273C,0,-7.9463673,0.10297152400016785,0.9980000257492065,0.8694000244140625
YPR031W,YGR239C,0,-7.9464607,0.10296089947223663,0.9980000257492065,0.8694999814033508
YLR430W,YER150W,0,-7.947974,0.10295027494430542,0.9980000257492065,0.8695999979972839
YKL125W,YOL004W,0,-7.9482546,0.1029396578669548,0.9980000257492065,0.869700014591217
YJR013W,YDR310C,0,-7.9487753,0.10292904078960419,0.9980000257492065,0.8697999715805054
YDR459C,YOR327C,0,-7.9507937,0.10291843116283417,0.9980000257492065,0.8698999881744385
YGL104C,YDR369C,0,-7.951328,0.10290781408548355,0.9980000257492065,0.8700000047683716
YGR163W,YNL093W,0,-7.9513907,0.10289720445871353,0.9980000257492065,0.8701000213623047
YML110C,YDR400W,0,-7.951846,0.10288659483194351,0.9980000257492065,0.870199978351593
YDR184C,YOR370C,0,-7.9532795,0.10287599265575409,0.9980000257492065,0.8702999949455261
YJL065C,YER038C,0,-7.9539814,0.10286539047956467,0.9980000257492065,0.8704000115394592
YDR113C,YOL136C,0,-7.954077,0.10285478830337524,0.9980000257492065,0.8705000281333923
YDL126C,YJR095W,0,-7.9541783,0.10284418612718582,0.9980000257492065,0.8705999851226807
YNL142W,YKL132C,0,-7.955051,0.102833591401577,0.9980000257492065,0.8707000017166138
YGL223C,YDR013W,0,-7.955191,0.10282299667596817,0.9980000257492065,0.8708000183105469
YBR050C,YDL128W,0,-7.9553094,0.10281240195035934,0.9980000257492065,0.8708999752998352
YGR217W,YPL266W,0,-7.956297,0.10280181467533112,0.9980000257492065,0.8709999918937683
YBR217W,YGR193C,0,-7.956668,0.10279122740030289,0.9980000257492065,0.8711000084877014
YGL065C,YBR055C,0,-7.9598145,0.10278064012527466,0.9980000257492065,0.8712000250816345
YCL038C,YGR239C,0,-7.9606133,0.10277005285024643,0.9980000257492065,0.8712999820709229
YNR030W,YMR135C,0,-7.9607544,0.1027594730257988,0.9980000257492065,0.871399998664856
YDL178W,YJL196C,0,-7.9610643,0.10274889320135117,0.9980000257492065,0.8715000152587891
YOR377W,YOL103W,0,-7.963078,0.10273831337690353,0.9980000257492065,0.8715999722480774
YBR038W,YHR197W,0,-7.963263,0.1027277410030365,0.9980000257492065,0.8716999888420105
YER016W,YOL080C,0,-7.963992,0.10271716862916946,0.9980000257492065,0.8718000054359436
YMR184W,YKL201C,0,-7.965903,0.10270659625530243,0.9980000257492065,0.8719000220298767
YPR029C,YPL129W,0,-7.9699574,0.10269603133201599,0.9980000257492065,0.871999979019165
YCR038C,YLR268W,0,-7.9721537,0.10268545895814896,0.9980000257492065,0.8720999956130981
YDR329C,YCR057C,0,-7.972302,0.10267489403486252,0.9980000257492065,0.8722000122070312
YMR042W,YIL039W,0,-7.972724,0.10266433656215668,0.9980000257492065,0.8723000288009644
YAL051W,YGR170W,0,-7.9730997,0.10265377163887024,0.9980000257492065,0.8723999857902527
YML006C,YJL025W,0,-7.973449,0.1026432141661644,0.9980000257492065,0.8725000023841858
YFR008W,YAL028W,0,-7.974496,0.10263266414403915,0.9980000257492065,0.8726000189781189
YDR137W,YFR048W,0,-7.9758067,0.10262210667133331,0.9980000257492065,0.8726999759674072
YLR207W,YDR368W,0,-7.97677,0.10261155664920807,0.9980000257492065,0.8727999925613403
YAL060W,YDL019C,0,-7.9768896,0.10260100662708282,0.9980000257492065,0.8729000091552734
YDL168W,YOL028C,0,-7.9769707,0.10259046405553818,0.9980000257492065,0.8730000257492065
YML065W,YOL001W,0,-7.977037,0.10257991403341293,0.9980000257492065,0.8730999827384949
YBR211C,YOR122C,0,-7.978887,0.10256937146186829,0.9980000257492065,0.873199999332428
YJR036C,YOR373W,0,-7.9795594,0.10255882889032364,0.9980000257492065,0.8733000159263611
YIL112W,YAL024C,0,-7.9802217,0.10254829376935959,0.9980000257492065,0.8733999729156494
YGL172W,YER148W,0,-7.980478,0.10253775864839554,0.9980000257492065,0.8734999895095825
YML067C,YJL109C,0,-7.980542,0.10252722352743149,0.9980000257492065,0.8736000061035156
YDR315C,YGL136C,0,-7.98065,0.10251669585704803,0.9980000257492065,0.8737000226974487
YLR127C,YFL053W,0,-7.9808884,0.10250616073608398,0.9980000257492065,0.8737999796867371
YLL062C,YMR036C,0,-7.9828744,0.10249563306570053,0.9980000257492065,0.8738999962806702
YLL057C,YNL186W,0,-7.9844007,0.10248511284589767,0.9980000257492065,0.8740000128746033
YKL201C,YCR026C,0,-7.984765,0.10247458517551422,0.9980000257492065,0.8741000294685364
YKL212W,YIL047C,0,-7.988194,0.10246406495571136,0.9980000257492065,0.8741999864578247
YIL132C,YMR037C,0,-7.988658,0.10245354473590851,0.9980000257492065,0.8743000030517578
YJR031C,YLL012W,0,-7.989271,0.10244303196668625,0.9980000257492065,0.8744000196456909
YHR079C-A,YER018C,0,-7.9928513,0.10243251919746399,0.9980000257492065,0.8744999766349792
YOR078W,YOR388C,0,-7.99363,0.10242200642824173,0.9980000257492065,0.8745999932289124
YPR138C,YNL160W,0,-7.995492,0.10241149365901947,0.9980000257492065,0.8747000098228455
YCL054W,YLR251W,0,-7.9965005,0.10240098834037781,0.9980000257492065,0.8748000264167786
YBR211C,YML132W,0,-7.996537,0.10239047557115555,0.9980000257492065,0.8748999834060669
YGR284C,YEL011W,0,-7.9970574,0.10237997770309448,0.9980000257492065,0.875
YGR140W,YGR274C,0,-7.997114,0.10236947238445282,0.9980000257492065,0.8751000165939331
YNL004W,YPL053C,0,-7.9975348,0.10235897451639175,0.9980000257492065,0.8751999735832214
YPL181W,YDR481C,0,-7.9977016,0.10234847664833069,0.9980000257492065,0.8752999901771545
YNL188W,YLR389C,0,-7.998945,0.10233797878026962,0.9980000257492065,0.8754000067710876
YML067C,YGR143W,0,-7.999045,0.10232748836278915,0.9980000257492065,0.8755000233650208
YOR257W,YOR120W,0,-8.000257,0.10231699794530869,0.9980000257492065,0.8755999803543091
YDR148C,YLR354C,0,-8.002803,0.10230650752782822,0.9980000257492065,0.8756999969482422
YER155C,YOL091W,0,-8.00377,0.10229602456092834,0.9980000257492065,0.8758000135421753
YIL121W,YGL022W,0,-8.004792,0.10228554159402847,0.9980000257492065,0.8758999705314636
YML116W,YKL010C,0,-8.006474,0.1022750586271286,0.9980000257492065,0.8759999871253967
YGR225W,YER123W,0,-8.006779,0.10226457566022873,0.9980000257492065,0.8761000037193298
YJR069C,YIL074C,0,-8.009418,0.10225410014390945,0.9980000257492065,0.8762000203132629
YDL198C,YGL162W,0,-8.010196,0.10224362462759018,0.9980000257492065,0.8762999773025513
YNL206C,YFL008W,0,-8.011523,0.1022331491112709,0.9980000257492065,0.8763999938964844
YDR463W,YMR093W,0,-8.011608,0.10222268104553223,0.9980000257492065,0.8765000104904175
YGL130W,YKR052C,0,-8.011765,0.10221220552921295,0.9980000257492065,0.8766000270843506
YDR047W,YNL263C,0,-8.013057,0.10220173746347427,0.9980000257492065,0.8766999840736389
YDR421W,YMR250W,0,-8.014431,0.10219127684831619,0.9980000257492065,0.876800000667572
YLR011W,YDL111C,0,-8.014597,0.10218081623315811,0.9980000257492065,0.8769000172615051
YGL155W,YEL022W,0,-8.016929,0.10217035561800003,0.9980000257492065,0.8769999742507935
YMR044W,YNL246W,0,-8.017297,0.10215989500284195,0.9980000257492065,0.8770999908447266
YJL044C,YKL132C,0,-8.017545,0.10214943438768387,0.9980000257492065,0.8772000074386597
YPL092W,YDR368W,0,-8.018337,0.10213898122310638,0.9980000257492065,0.8773000240325928
YKL008C,YIL053W,0,-8.018344,0.1021285280585289,0.9980000257492065,0.8773999810218811
YPL126W,YJR110W,0,-8.021068,0.10211808234453201,0.9980000257492065,0.8774999976158142
YMR037C,YDR527W,0,-8.023211,0.10210762917995453,0.9980000257492065,0.8776000142097473
YPL115C,YER094C,0,-8.02359,0.10209718346595764,0.9980000257492065,0.8776999711990356
YDR214W,YLR025W,0,-8.023969,0.10208674520254135,0.9980000257492065,0.8777999877929688
YDR033W,YGR202C,0,-8.024968,0.10207629948854446,0.9980000257492065,0.8779000043869019
YPL249C,YLR438C-A,0,-8.025337,0.10206586122512817,0.9980000257492065,0.878000020980835
YPL231W,YAL016W,0,-8.025596,0.10205542296171188,0.9980000257492065,0.8780999779701233
YIL085C,YFL005W,0,-8.027491,0.10204499214887619,0.9980000257492065,0.8781999945640564
YNL256W,YNL328C,0,-8.028335,0.1020345538854599,0.9980000257492065,0.8783000111579895
YMR198W,YHR186C,0,-8.029395,0.1020241230726242,0.9980000257492065,0.8784000277519226
YGL163C,YLR237W,0,-8.030792,0.10201369971036911,0.9980000257492065,0.8784999847412109
YGR206W,YPL175W,0,-8.03111,0.10200326889753342,0.9980000257492065,0.878600001335144
YOL065C,YIL013C,0,-8.03204,0.10199284553527832,0.9980000257492065,0.8787000179290771
YER044C,YEL032W,0,-8.032661,0.10198242217302322,0.9980000257492065,0.8787999749183655
YDL087C,YIL030C,0,-8.03418,0.10197200626134872,0.9980000257492065,0.8788999915122986
YJL204C,YHR119W,0,-8.034852,0.10196158289909363,0.9980000257492065,0.8790000081062317
YLL015W,YFL033C,0,-8.039046,0.10195116698741913,0.9980000257492065,0.8791000247001648
YOL012C,YNL183C,0,-8.0395155,0.10194075852632523,0.9980000257492065,0.8791999816894531
YNL257C,YBR083W,0,-8.0403595,0.10193034261465073,0.9980000257492065,0.8792999982833862
YER029C,YBR117C,0,-8.040856,0.10191993415355682,0.9980000257492065,0.8794000148773193
YDR508C,YJL073W,0,-8.042471,0.10190952569246292,0.9980000257492065,0.8794999718666077
YNR043W,YKL034W,0,-8.043249,0.10189912468194962,0.9980000257492065,0.8795999884605408
YKR054C,YBL091C,0,-8.043349,0.10188871622085571,0.9980000257492065,0.8797000050544739
YDL247W,YCR018C,0,-8.045604,0.10187831521034241,0.9980000257492065,0.879800021648407
YDR206W,YFL005W,0,-8.046552,0.1018679216504097,0.9980000257492065,0.8798999786376953
YDL223C,YOL072W,0,-8.046986,0.10185752063989639,0.9980000257492065,0.8799999952316284
YNL290W,YOR018W,0,-8.0475445,0.10184712707996368,0.9980000257492065,0.8801000118255615
YMR189W,YBR168W,0,-8.048998,0.10183673352003098,0.9980000257492065,0.8802000284194946
YDR342C,YPL011C,0,-8.049022,0.10182634741067886,0.9980000257492065,0.880299985408783
YDR148C,YCL001W,0,-8.049839,0.10181595385074615,0.9980000257492065,0.8804000020027161
YOL126C,YMR146C,0,-8.050747,0.10180556774139404,0.9980000257492065,0.8805000185966492
YLR206W,YDR076W,0,-8.052121,0.10179518908262253,0.9980000257492065,0.8805999755859375
YHR068W,YER072W,0,-8.052318,0.10178480297327042,0.9980000257492065,0.8806999921798706
YIL107C,YKL218C,0,-8.052687,0.1017744243144989,0.9980000257492065,0.8808000087738037
YJR051W,YIL074C,0,-8.053295,0.10176404565572739,0.9980000257492065,0.8809000253677368
YOL065C,YOL103W,0,-8.054898,0.10175366699695587,0.9980000257492065,0.8809999823570251
YMR183C,YDR311W,0,-8.055355,0.10174329578876495,0.9980000257492065,0.8810999989509583
YLR307W,YDR280W,0,-8.056524,0.10173292458057404,0.9980000257492065,0.8812000155448914
YGR195W,YPL186C,0,-8.056892,0.10172255337238312,0.9980000257492065,0.8812999725341797
YBR279W,YJL089W,0,-8.058091,0.1017121896147728,0.9980000257492065,0.8813999891281128
YIL079C,YLR114C,0,-8.058316,0.10170182585716248,0.9980000257492065,0.8815000057220459
YNL039W,YOR004W,0,-8.058815,0.10169146209955215,0.9980000257492065,0.881600022315979
YGR204W,YAL005C,0,-8.058893,0.10168109834194183,0.9980000257492065,0.8816999793052673
YJR040W,YGR152C,0,-8.059347,0.10167074203491211,0.9980000257492065,0.8817999958992004
YDR384C,YBL042C,0,-8.061649,0.10166038572788239,0.9980000257492065,0.8819000124931335
YOR244W,YDR227W,0,-8.061978,0.10165002942085266,0.9980000257492065,0.8820000290870667
YAL031C,YNL072W,0,-8.0625105,0.10163968056440353,0.9980000257492065,0.882099986076355
YEL036C,YDR464W,0,-8.06369,0.10162932425737381,0.9980000257492065,0.8822000026702881
YJR095W,YPL252C,0,-8.064776,0.10161898285150528,0.9980000257492065,0.8823000192642212
YKR069W,YPL106C,0,-8.067032,0.10160863399505615,0.9980000257492065,0.8823999762535095
YDR158W,YBR169C,0,-8.067788,0.10159829258918762,0.9980000257492065,0.8824999928474426
YML116W,YPR137W,0,-8.06885,0.10158795118331909,0.9980000257492065,0.8826000094413757
YOR044W,YPL042C,0,-8.070294,0.10157760977745056,0.9980000257492065,0.8827000260353088
YML054C,YLR324W,0,-8.071166,0.10156726837158203,0.9980000257492065,0.8827999830245972
YPL082C,YOL124C,0,-8.072762,0.1015569344162941,0.9980000257492065,0.8828999996185303
YML086C,YGL126W,0,-8.072945,0.10154660046100616,0.9980000257492065,0.8830000162124634
YBR214W,YGR013W,0,-8.074313,0.10153626650571823,0.9980000257492065,0.8830999732017517
YDR243C,YOR210W,0,-8.074692,0.1015259400010109,0.9980000257492065,0.8831999897956848
YOR023C,YCR048W,0,-8.075406,0.10151561349630356,0.9980000257492065,0.8833000063896179
YBR227C,YKL126W,0,-8.075838,0.10150528699159622,0.9980000257492065,0.883400022983551
YLR423C,YDR246W,0,-8.076109,0.10149496793746948,0.9980000257492065,0.8834999799728394
YDR036C,YLR176C,0,-8.076266,0.10148464143276215,0.9980000257492065,0.8835999965667725
YPL069C,YMR264W,0,-8.076519,0.101474329829216,0.9980000257492065,0.8837000131607056
YFR040W,YGR005C,0,-8.076811,0.10146401077508926,0.9980000257492065,0.8838000297546387
YMR220W,YML092C,0,-8.077209,0.10145369172096252,0.9980000257492065,0.883899986743927
YPL241C,YOR044W,0,-8.078012,0.10144338011741638,0.9980000257492065,0.8840000033378601
YDR158W,YGR078C,0,-8.0809765,0.10143307596445084,0.9980000257492065,0.8841000199317932
YGR238C,YDR351W,0,-8.082171,0.1014227643609047,0.9980000257492065,0.8841999769210815
YPL053C,YML103C,0,-8.08239,0.10141246020793915,0.9980000257492065,0.8842999935150146
YLL002W,YOR272W,0,-8.083883,0.1014021560549736,0.9980000257492065,0.8844000101089478
YAL020C,YNL304W,0,-8.08552,0.10139185190200806,0.9980000257492065,0.8845000267028809
YOR226C,YMR239C,0,-8.087873,0.10138155519962311,0.9980000257492065,0.8845999836921692
YMR055C,YPL101W,0,-8.0885315,0.10137125104665756,0.9980000257492065,0.8847000002861023
YOR377W,YDR533C,0,-8.089148,0.10136096179485321,0.9980000257492065,0.8848000168800354
YMR195W,YBR117C,0,-8.089638,0.10135066509246826,0.9980000257492065,0.8848999738693237
YBR168W,YOR089C,0,-8.090182,0.10134037584066391,0.9980000257492065,0.8849999904632568
YOR031W,YML124C,0,-8.090461,0.10133008658885956,0.9980000257492065,0.8851000070571899
YLR007W,YDR172W,0,-8.090545,0.1013197973370552,0.9980000257492065,0.885200023651123
YMR232W,YBL035C,0,-8.0915165,0.10130950808525085,0.9980000257492065,0.8852999806404114
YCR107W,YPL224C,0,-8.09277,0.1012992262840271,0.9980000257492065,0.8853999972343445
YNL328C,YGR192C,0,-8.093005,0.10128894448280334,0.9980000257492065,0.8855000138282776
YGL174W,YJL186W,0,-8.093452,0.10127867013216019,0.9980000257492065,0.8855999708175659
YDR342C,YHR090C,0,-8.094071,0.10126838833093643,0.9980000257492065,0.885699987411499
YDL017W,YMR190C,0,-8.094224,0.10125811398029327,0.9980000257492065,0.8858000040054321
YNL164C,YPL124W,0,-8.095568,0.10124784708023071,0.9980000257492065,0.8859000205993652
YNL220W,YOR023C,0,-8.095728,0.10123757272958755,0.9980000257492065,0.8859999775886536
YPL115C,YLR229C,0,-8.096527,0.101227305829525,0.9980000257492065,0.8860999941825867
YJR010W,YCL031C,0,-8.0966425,0.10121703892946243,0.9980000257492065,0.8862000107765198
YMR033W,YNL278W,0,-8.09831,0.10120677202939987,0.9980000257492065,0.8863000273704529
YMR153W,YOL141W,0,-8.098816,0.10119651257991791,0.9980000257492065,0.8863999843597412
YNL008C,YBR245C,0,-8.099949,0.10118625313043594,0.9980000257492065,0.8865000009536743
YPL153C,YJR019C,0,-8.100183,0.10117599368095398,0.9980000257492065,0.8866000175476074
YIL004C,YPR187W,0,-8.1011715,0.10116573423147202,0.9980000257492065,0.8866999745368958
YOR020C,YNR050C,0,-8.101236,0.10115548223257065,0.9980000257492065,0.8867999911308289
YBR005W,YOL125W,0,-8.101509,0.10114523023366928,0.9980000257492065,0.886900007724762
YKR061W,YLR020C,0,-8.104278,0.10113497823476791,0.9980000257492065,0.8870000243186951
YER054C,YMR053C,0,-8.104559,0.10112473368644714,0.9980000257492065,0.8870999813079834
YML071C,YDR523C,0,-8.105576,0.10111448913812637,0.9980000257492065,0.8871999979019165
YJL200C,YGL045W,0,-8.105804,0.1011042445898056,0.9980000257492065,0.8873000144958496
YER051W,YGL178W,0,-8.106666,0.10109400004148483,0.9980000257492065,0.8873999714851379
YFR014C,YGL158W,0,-8.107328,0.10108376294374466,0.9980000257492065,0.887499988079071
YML078W,YDR183W,0,-8.10761,0.10107352584600449,0.9980000257492065,0.8876000046730042
YNR050C,YKR046C,0,-8.107743,0.10106328874826431,0.9980000257492065,0.8877000212669373
YLR363C,YGR274C,0,-8.107798,0.10105305910110474,0.9980000257492065,0.8877999782562256
YPL147W,YPL239W,0,-8.110643,0.10104282945394516,0.9980000257492065,0.8878999948501587
YAL059W,YNL037C,0,-8.111176,0.10103259980678558,0.9980000257492065,0.8880000114440918
YKL002W,YLR288C,0,-8.113447,0.10102237015962601,0.9980000257492065,0.8881000280380249
YCR002C,YGL163C,0,-8.1168785,0.10101214796304703,0.9980000257492065,0.8881999850273132
YFL025C,YGL023C,0,-8.118616,0.10100192576646805,0.9980000257492065,0.8883000016212463
YML042W,YCR028C,0,-8.119221,0.10099170356988907,0.9980000257492065,0.8884000182151794
YDR144C,YML043C,0,-8.119568,0.10098148137331009,0.9980000257492065,0.8884999752044678
YJL008C,YMR172W,0,-8.119799,0.1009712666273117,0.9980000257492065,0.8885999917984009
YOL030W,YDR218C,0,-8.119822,0.10096105188131332,0.9980000257492065,0.888700008392334
YPL119C,YJL094C,0,-8.119998,0.10095083713531494,0.9980000257492065,0.8888000249862671
YLR220W,YIL039W,0,-8.121462,0.10094062983989716,0.9980000257492065,0.8888999819755554
YNL225C,YDR492W,0,-8.122387,0.10093042254447937,0.9980000257492065,0.8889999985694885
YPL002C,YGR248W,0,-8.122866,0.10092021524906158,0.9980000257492065,0.8891000151634216
YOR185C,YBR082C,0,-8.1239,0.1009100079536438,0.9980000257492065,0.88919997215271
YPR086W,YIL144W,0,-8.1248045,0.10089980810880661,0.9980000257492065,0.8892999887466431
YFR001W,YCR073C,0,-8.125061,0.10088960826396942,0.9980000257492065,0.8894000053405762
YDL146W,YGR193C,0,-8.126228,0.10087940841913223,0.9980000257492065,0.8895000219345093
YIL049W,YLR052W,0,-8.1264,0.10086921602487564,0.9980000257492065,0.8895999789237976
YKL046C,YKL062W,0,-8.126519,0.10085901618003845,0.9980000257492065,0.8896999955177307
YNR035C,YNL107W,0,-8.128014,0.10084883123636246,0.9980000257492065,0.8898000121116638
YEL029C,YLR320W,0,-8.131677,0.10083863884210587,0.9980000257492065,0.8899000287055969
YDR144C,YPR052C,0,-8.131951,0.10082845389842987,0.9980000257492065,0.8899999856948853
YNL111C,YOR371C,0,-8.132023,0.10081826150417328,0.9980000257492065,0.8901000022888184
YGR167W,YJR033C,0,-8.133647,0.10080808401107788,0.9980000257492065,0.8902000188827515
YOL012C,YBR107C,0,-8.134639,0.10079789906740189,0.9980000257492065,0.8902999758720398
YDR393W,YMR095C,0,-8.134901,0.10078772157430649,0.9980000257492065,0.8903999924659729
YDR165W,YML109W,0,-8.135656,0.10077754408121109,0.9980000257492065,0.890500009059906
YNL101W,YHR015W,0,-8.135815,0.10076736658811569,0.9980000257492065,0.8906000256538391
YNL326C,YDR392W,0,-8.137827,0.10075719654560089,0.9980000257492065,0.8906999826431274
YIL085C,YCR024C-A,0,-8.137951,0.1007470190525055,0.9980000257492065,0.8907999992370605
YOR231W,YMR314W,0,-8.138753,0.10073684900999069,0.9980000257492065,0.8909000158309937
YOL165C,YEL063C,0,-8.139217,0.10072668641805649,0.9980000257492065,0.890999972820282
YDR255C,YIR018W,0,-8.139359,0.10071652382612228,0.9980000257492065,0.8910999894142151
YOR336W,YLR092W,0,-8.139954,0.10070635378360748,0.9980000257492065,0.8912000060081482
YPR075C,YGL227W,0,-8.141031,0.10069619864225388,0.9980000257492065,0.8913000226020813
YOR116C,YMR067C,0,-8.141362,0.10068603605031967,0.9980000257492065,0.8913999795913696
YDL019C,YGL104C,0,-8.141512,0.10067588090896606,0.9980000257492065,0.8914999961853027
YJL110C,YFL036W,0,-8.142153,0.10066572576761246,0.9980000257492065,0.8916000127792358
YFR028C,YKL218C,0,-8.142363,0.10065557062625885,0.9980000257492065,0.891700029373169
YBR248C,YER169W,0,-8.142657,0.10064542293548584,0.9980000257492065,0.8917999863624573
YJL090C,YNL273W,0,-8.142891,0.10063527524471283,0.9980000257492065,0.8919000029563904
YNL223W,YJR049C,0,-8.14357,0.10062512755393982,0.9980000257492065,0.8920000195503235
YDL209C,YPL179W,0,-8.143923,0.10061497986316681,0.9980000257492065,0.8920999765396118
YOR336W,YLR350W,0,-8.144169,0.1006048396229744,0.9980000257492065,0.8921999931335449
YKL110C,YKR061W,0,-8.145443,0.10059469938278198,0.9980000257492065,0.892300009727478
YLR045C,YKL067W,0,-8.145752,0.10058455914258957,0.9980000257492065,0.8924000263214111
YKL004W,YOR313C,0,-8.148441,0.10057442635297775,0.9980000257492065,0.8924999833106995
YOL132W,YNL009W,0,-8.149199,0.10056428611278534,0.9980000257492065,0.8925999999046326
YER159C,YPL177C,0,-8.149831,0.10055415332317352,0.9980000257492065,0.8927000164985657
YKR102W,YCL059C,0,-8.151599,0.1005440279841423,0.9980000257492065,0.892799973487854
YKL004W,YIL118W,0,-8.152277,0.10053389519453049,0.9980000257492065,0.8928999900817871
YFL031W,YPR095C,0,-8.153477,0.10052376985549927,0.9980000257492065,0.8930000066757202
YMR216C,YPL106C,0,-8.155846,0.10051364451646805,0.9980000257492065,0.8931000232696533
YBR135W,YOR222W,0,-8.15635,0.10050352662801743,0.9980000257492065,0.8931999802589417
YDL141W,YGL130W,0,-8.157637,0.1004934012889862,0.9980000257492065,0.8932999968528748
YEL062W,YCR044C,0,-8.159079,0.10048328340053558,0.9980000257492065,0.8934000134468079
YMR169C,YMR213W,0,-8.15963,0.10047317296266556,0.9980000257492065,0.8934999704360962
YJR153W,YHR106W,0,-8.160315,0.10046305507421494,0.9980000257492065,0.8935999870300293
YGL190C,YKL176C,0,-8.160358,0.10045294463634491,0.9980000257492065,0.8937000036239624
YKL192C,YMR211W,0,-8.160873,0.10044283419847488,0.9980000257492065,0.8938000202178955
YBR244W,YOR247W,0,-8.161078,0.10043272376060486,0.9980000257492065,0.8938999772071838
YKR058W,YLL003W,0,-8.1614485,0.10042262077331543,0.9980000257492065,0.8939999938011169
YDL079C,YPR095C,0,-8.161705,0.100412517786026,0.9980000257492065,0.89410001039505
YCL044C,YLR430W,0,-8.163141,0.10040241479873657,0.9980000257492065,0.8942000269889832
YNL220W,YKL019W,0,-8.164162,0.10039231181144714,0.9980000257492065,0.8942999839782715
YDL247W,YDL195W,0,-8.164293,0.10038221627473831,0.9980000257492065,0.8944000005722046
YHL025W,YMR096W,0,-8.166634,0.10037212073802948,0.9980000257492065,0.8945000171661377
YDR507C,YNL238W,0,-8.167023,0.10036202520132065,0.9980000257492065,0.894599974155426
YOR212W,YDL112W,0,-8.16708,0.10035193711519241,0.9980000257492065,0.8946999907493591
YPL085W,YGL227W,0,-8.168215,0.10034184902906418,0.9980000257492065,0.8948000073432922
YPL255W,YER109C,0,-8.170454,0.10033176094293594,0.9980000257492065,0.8949000239372253
YGL058W,YDR341C,0,-8.170818,0.10032167285680771,0.9980000257492065,0.8949999809265137
YNR008W,YHR105W,0,-8.171002,0.10031159222126007,0.9980000257492065,0.8950999975204468
YLR131C,YPL179W,0,-8.171894,0.10030150413513184,0.9980000257492065,0.8952000141143799
YPL209C,YLR136C,0,-8.175444,0.1002914309501648,0.9980000257492065,0.8952999711036682
YFR004W,YPL019C,0,-8.175579,0.10028135031461716,0.9980000257492065,0.8953999876976013
YNL133C,YHL011C,0,-8.175852,0.10027127712965012,0.9980000257492065,0.8955000042915344
YJL115W,YGL067W,0,-8.179938,0.10026120394468307,0.9980000257492065,0.8956000208854675
YJL209W,YDR076W,0,-8.181054,0.10025113075971603,0.9980000257492065,0.8956999778747559
YER014W,YPL224C,0,-8.184098,0.10024105757474899,0.9980000257492065,0.895799994468689
YPR037C,YBR265W,0,-8.184608,0.10023099184036255,0.9980000257492065,0.8959000110626221
YDL017W,YGR258C,0,-8.185179,0.1002209261059761,0.9980000257492065,0.8960000276565552
YNR008W,YOR098C,0,-8.185501,0.10021086782217026,0.9980000257492065,0.8960999846458435
YIL124W,YDR158W,0,-8.185822,0.10020080208778381,0.9980000257492065,0.8962000012397766
YNL062C,YOL115W,0,-8.1861725,0.10019074380397797,0.9980000257492065,0.8963000178337097
YDR473C,YDL111C,0,-8.188114,0.10018068552017212,0.9980000257492065,0.896399974822998
YHR179W,YDR280W,0,-8.189489,0.10017063468694687,0.9980000257492065,0.8964999914169312
YDL154W,YPL031C,0,-8.19222,0.10016057640314102,0.9980000257492065,0.8966000080108643
YDR165W,YMR233W,0,-8.192687,0.10015052556991577,0.9980000257492065,0.8967000246047974
YLR295C,YNL142W,0,-8.193074,0.10014047473669052,0.9980000257492065,0.8967999815940857
YAR007C,YMR088C,0,-8.194002,0.10013043135404587,0.9980000257492065,0.8968999981880188
YHR102W,YKL214C,0,-8.194792,0.10012038797140121,0.9980000257492065,0.8970000147819519
YBR211C,YGR238C,0,-8.195623,0.10011034458875656,0.9980000257492065,0.8970999717712402
YPR049C,YER173W,0,-8.196069,0.10010030120611191,0.9980000257492065,0.8971999883651733
YMR255W,YPR036W,0,-8.197203,0.10009026527404785,0.9980000257492065,0.8973000049591064
YOL149W,YMR322C,0,-8.198315,0.1000802218914032,0.9980000257492065,0.8974000215530396
YLR274W,YDR227W,0,-8.1986065,0.10007018595933914,0.9980000257492065,0.8974999785423279
YER014W,YGL075C,0,-8.198832,0.10006015747785568,0.9980000257492065,0.897599995136261
YIL002C,YMR089C,0,-8.200742,0.10005012899637222,0.9980000257492065,0.8977000117301941
YKL005C,YBR276C,0,-8.200882,0.10004009306430817,0.9980000257492065,0.8978000283241272
YDL003W,YKR079C,0,-8.2016535,0.1000300720334053,0.9980000257492065,0.8978999853134155
YLR320W,YPR189W,0,-8.20181,0.10002004355192184,0.9980000257492065,0.8980000019073486
YEL071W,YCR020C,0,-8.20309,0.10001002252101898,0.9980000257492065,0.8981000185012817
YIL043C,YLR347C,0,-8.203881,0.10000000149011612,0.9980000257492065,0.8981999754905701
YBR109C,YJR004C,0,-8.203962,0.09998998045921326,0.9980000257492065,0.8982999920845032
YGR278W,YBR152W,0,-8.206235,0.09997996687889099,0.9980000257492065,0.8984000086784363
YKL026C,YER075C,0,-8.206438,0.09996994584798813,0.9980000257492065,0.8985000252723694
YFL025C,YDR358W,0,-8.207733,0.09995993226766586,0.9980000257492065,0.8985999822616577
YBR217W,YOR112W,0,-8.207998,0.0999499261379242,0.9980000257492065,0.8986999988555908
YBL061C,YHR106W,0,-8.208106,0.09993991255760193,0.9980000257492065,0.8988000154495239
YJL071W,YPR159W,0,-8.211826,0.09992990642786026,0.9980000257492065,0.8988999724388123
YDL153C,YJL127C,0,-8.212786,0.09991990029811859,0.9980000257492065,0.8989999890327454
YNL008C,YPL271W,0,-8.213137,0.09990990161895752,0.9980000257492065,0.8991000056266785
YIL068C,YDL168W,0,-8.213814,0.09989990293979645,0.9980000257492065,0.8992000222206116
YKL008C,YKL201C,0,-8.214201,0.09988990426063538,0.9980000257492065,0.8992999792098999
YOR212W,YLR070C,0,-8.216656,0.0998799055814743,0.9980000257492065,0.899399995803833
YOR237W,YIL070C,0,-8.21666,0.09986990690231323,0.9980000257492065,0.8995000123977661
YLL010C,YPL273W,0,-8.220377,0.09985991567373276,0.9980000257492065,0.8996000289916992
YOR244W,YDR137W,0,-8.220398,0.09984992444515228,0.9980000257492065,0.8996999859809875
YJL073W,YHL024W,0,-8.221408,0.09983993321657181,0.9980000257492065,0.8998000025749207
YJL072C,YDR523C,0,-8.222773,0.09982994943857193,0.9980000257492065,0.8999000191688538
YDR421W,YGR087C,0,-8.223933,0.09981996566057205,0.9980000257492065,0.8999999761581421
YOR028C,YMR165C,0,-8.224796,0.09980998188257217,0.9980000257492065,0.9000999927520752
YBR244W,YPL043W,0,-8.226322,0.0997999981045723,0.9980000257492065,0.9002000093460083
YNL015W,YBL105C,0,-8.229315,0.09979002177715302,0.9980000257492065,0.9003000259399414
YBR131W,YOR064C,0,-8.229879,0.09978004544973373,0.9980000257492065,0.9003999829292297
YAR007C,YDR092W,0,-8.23023,0.09977006912231445,0.9980000257492065,0.9004999995231628
YGL208W,YJL127C,0,-8.231179,0.09976009279489517,0.9980000257492065,0.900600016117096
YDR501W,YPR018W,0,-8.232451,0.09975012391805649,0.9980000257492065,0.9006999731063843
YMR128W,YDR288W,0,-8.232587,0.0997401550412178,0.9980000257492065,0.9007999897003174
YLR096W,YOR048C,0,-8.233377,0.09973018616437912,0.9980000257492065,0.9009000062942505
YKR019C,YNL149C,0,-8.233991,0.09972022473812103,0.9980000257492065,0.9010000228881836
YOL147C,YML021C,0,-8.234554,0.09971026331186295,0.9980000257492065,0.9010999798774719
YPL011C,YDL080C,0,-8.237563,0.09970030188560486,0.9980000257492065,0.901199996471405
YGL071W,YGL179C,0,-8.238116,0.09969034045934677,0.9980000257492065,0.9013000130653381
YNL290W,YGR260W,0,-8.239927,0.09968038648366928,0.9980000257492065,0.9014000296592712
YBR212W,YPL065W,0,-8.241294,0.0996704250574112,0.9980000257492065,0.9014999866485596
YDR255C,YLR371W,0,-8.242005,0.0996604785323143,0.9980000257492065,0.9016000032424927
YLR210W,YCR018C,0,-8.242937,0.09965052455663681,0.9980000257492065,0.9017000198364258
YPR049C,YDR288W,0,-8.24637,0.09964057803153992,0.9980000257492065,0.9017999768257141
YHR129C,YJL201W,0,-8.24694,0.09963063150644302,0.9980000257492065,0.9018999934196472
YBL037W,YGR014W,0,-8.248135,0.09962068498134613,0.9980000257492065,0.9020000100135803
YNR050C,YNL262W,0,-8.248609,0.09961073845624924,0.9980000257492065,0.9021000266075134
YBR228W,YLR385C,0,-8.248854,0.09960079938173294,0.9980000257492065,0.9021999835968018
YCR069W,YGL126W,0,-8.248899,0.09959086030721664,0.9980000257492065,0.9023000001907349
YIL004C,YDL201W,0,-8.249337,0.09958092123270035,0.9980000257492065,0.902400016784668
YLR084C,YBR002C,0,-8.250701,0.09957098960876465,0.9980000257492065,0.9024999737739563
YGR143W,YBR117C,0,-8.251312,0.09956105053424835,0.9980000257492065,0.9025999903678894
YFR048W,YKR050W,0,-8.251373,0.09955111891031265,0.9980000257492065,0.9027000069618225
YOL017W,YOL136C,0,-8.253682,0.09954119473695755,0.9980000257492065,0.9028000235557556
YBR164C,YPL019C,0,-8.255186,0.09953126311302185,0.9980000257492065,0.902899980545044
YDR358W,YAL043C,0,-8.259136,0.09952133893966675,0.9980000257492065,0.902999997138977
YGR174C,YEL011W,0,-8.260376,0.09951141476631165,0.9980000257492065,0.9031000137329102
YKL204W,YLR305C,0,-8.261154,0.09950149804353714,0.9980000257492065,0.9031999707221985
YNL261W,YMR096W,0,-8.262551,0.09949157387018204,0.9980000257492065,0.9032999873161316
YOR326W,YOR242C,0,-8.263016,0.09948165714740753,0.9980000257492065,0.9034000039100647
YNR033W,YLR305C,0,-8.263578,0.09947174042463303,0.9980000257492065,0.9035000205039978
YEL037C,YIL066C,0,-8.266808,0.09946183115243912,0.9980000257492065,0.9035999774932861
YLR192C,YDR017C,0,-8.267511,0.09945192188024521,0.9980000257492065,0.9036999940872192
YFL008W,YHR181W,0,-8.268913,0.0994420051574707,0.9980000257492065,0.9038000106811523
YBR070C,YOR030W,0,-8.269118,0.09943210333585739,0.9980000257492065,0.9039000272750854
YNL161W,YPR005C,0,-8.269676,0.09942219406366348,0.9980000257492065,0.9039999842643738
YJR161C,YIR010W,0,-8.269954,0.09941229224205017,0.9980000257492065,0.9041000008583069
YER040W,YDR443C,0,-8.271323,0.09940239042043686,0.9980000257492065,0.90420001745224
YNL163C,YKL132C,0,-8.271662,0.09939248859882355,0.9980000257492065,0.9042999744415283
YDR141C,YNL012W,0,-8.27216,0.09938259422779083,0.9980000257492065,0.9043999910354614
YER159C,YOL102C,0,-8.272794,0.09937269985675812,0.9980000257492065,0.9045000076293945
YNL312W,YER150W,0,-8.273531,0.0993628054857254,0.9980000257492065,0.9046000242233276
YGR256W,YOR127W,0,-8.275556,0.09935291111469269,0.9980000257492065,0.904699981212616
YHR019C,YHR132C,0,-8.276094,0.09934302419424057,0.9980000257492065,0.9047999978065491
YDL122W,YEL051W,0,-8.276194,0.09933313727378845,0.9980000257492065,0.9049000144004822
YPL228W,YDL045C,0,-8.27804,0.09932325035333633,0.9980000257492065,0.9049999713897705
YIR038C,YLL012W,0,-8.280853,0.09931336343288422,0.9980000257492065,0.9050999879837036
YPL008W,YDR159W,0,-8.281788,0.0993034839630127,0.9980000257492065,0.9052000045776367
YFR014C,YBL005W,0,-8.283947,0.09929360449314117,0.9980000257492065,0.9053000211715698
YBR038W,YMR030W,0,-8.2843075,0.09928372502326965,0.9980000257492065,0.9053999781608582
YLR431C,YDL105W,0,-8.284954,0.09927384555339813,0.9980000257492065,0.9054999947547913
YJR021C,YDR180W,0,-8.287561,0.09926397353410721,0.9980000257492065,0.9056000113487244
YLR113W,YMR204C,0,-8.2875805,0.09925410151481628,0.9980000257492065,0.9057000279426575
YDR499W,YKR101W,0,-8.288488,0.09924422949552536,0.9980000257492065,0.9057999849319458
YNL008C,YLR442C,0,-8.289112,0.09923436492681503,0.9980000257492065,0.9059000015258789
YDR263C,YHR139C,0,-8.289963,0.0992245003581047,0.9980000257492065,0.906000018119812
YFR005C,YOR162C,0,-8.290362,0.09921463578939438,0.9980000257492065,0.9060999751091003
YLR052W,YDL217C,0,-8.291078,0.09920477122068405,0.9980000257492065,0.9061999917030334
YLR228C,YGR279C,0,-8.291197,0.09919491410255432,0.9980000257492065,0.9063000082969666
YDL097C,YDL058W,0,-8.294089,0.099185049533844,0.9980000257492065,0.9064000248908997
YNL164C,YMR314W,0,-8.295277,0.09917519986629486,0.9980000257492065,0.906499981880188
YCR009C,YPR182W,0,-8.295399,0.09916534274816513,0.9980000257492065,0.9065999984741211
YNL026W,YPL124W,0,-8.296917,0.0991554856300354,0.9980000257492065,0.9067000150680542
YMR264W,YGR202C,0,-8.297463,0.09914563596248627,0.9980000257492065,0.9067999720573425
YFR024C-A,YDR368W,0,-8.299261,0.09913579374551773,0.9980000257492065,0.9068999886512756
YOL030W,YJL153C,0,-8.300232,0.0991259440779686,0.9980000257492065,0.9070000052452087
YMR306W,YPR032W,0,-8.300283,0.09911610186100006,0.9980000257492065,0.9071000218391418
YGR218W,YDR076W,0,-8.301844,0.09910625964403152,0.9980000257492065,0.9071999788284302
YGR284C,YJL103C,0,-8.301893,0.09909641742706299,0.9980000257492065,0.9072999954223633
YKL032C,YKL174C,0,-8.302962,0.09908657521009445,0.9980000257492065,0.9074000120162964
YAL062W,YLR453C,0,-8.303549,0.09907674044370651,0.9980000257492065,0.9075000286102295
YLR394W,YFL003C,0,-8.30539,0.09906690567731857,0.9980000257492065,0.9075999855995178
YDR408C,YGL020C,0,-8.306881,0.09905707091093063,0.9980000257492065,0.9077000021934509
YNL256W,YBL004W,0,-8.308463,0.09904724359512329,0.9980000257492065,0.907800018787384
YML092C,YHR098C,0,-8.309179,0.09903740882873535,0.9980000257492065,0.9078999757766724
YNL042W,YKL007W,0,-8.31019,0.09902758151292801,0.9980000257492065,0.9079999923706055
YER012W,YPR189W,0,-8.312273,0.09901776164770126,0.9980000257492065,0.9081000089645386
YJL183W,YDR407C,0,-8.313049,0.09900793433189392,0.9980000257492065,0.9082000255584717
YLR319C,YDR320C,0,-8.31475,0.09899811446666718,0.9980000257492065,0.90829998254776
YKR062W,YGR096W,0,-8.315569,0.09898829460144043,0.9980000257492065,0.9083999991416931
YMR311C,YJL204C,0,-8.315849,0.09897848218679428,0.9980000257492065,0.9085000157356262
YFR025C,YML109W,0,-8.31739,0.09896866232156754,0.9980000257492065,0.9085999727249146
YJL172W,YDR158W,0,-8.319129,0.09895884990692139,0.9980000257492065,0.9086999893188477
YMR240C,YNL312W,0,-8.321444,0.09894903749227524,0.9980000257492065,0.9088000059127808
YHR128W,YJR066W,0,-8.32169,0.09893922507762909,0.9980000257492065,0.9089000225067139
YPR001W,YLR239C,0,-8.322365,0.09892942011356354,0.9980000257492065,0.9089999794960022
YJL050W,YOR353C,0,-8.323327,0.09891961514949799,0.9980000257492065,0.9090999960899353
YAL030W,YLR369W,0,-8.325417,0.09890981018543243,0.9980000257492065,0.9092000126838684
YML011C,YBL004W,0,-8.326335,0.09890001267194748,0.9980000257492065,0.9093000292778015
YBR291C,YGL241W,0,-8.327685,0.09889020770788193,0.9980000257492065,0.9093999862670898
YDR350C,YOR110W,0,-8.329595,0.09888041019439697,0.9980000257492065,0.909500002861023
YOR371C,YDR198C,0,-8.330898,0.09887061268091202,0.9980000257492065,0.909600019454956
YHL011C,YGL224C,0,-8.332374,0.09886082261800766,0.9980000257492065,0.9096999764442444
YMR058W,YOL052C,0,-8.334036,0.0988510325551033,0.9980000257492065,0.9097999930381775
YOL001W,YAL032C,0,-8.340112,0.09884124249219894,0.9980000257492065,0.9099000096321106
YER149C,YHR105W,0,-8.341797,0.09883145242929459,0.9980000257492065,0.9100000262260437
YIL121W,YLR275W,0,-8.341988,0.09882166236639023,0.9980000257492065,0.910099983215332
YMR052W,YMR281W,0,-8.343477,0.09881187975406647,0.9980000257492065,0.9101999998092651
YNL314W,YLR033W,0,-8.345436,0.0988020971417427,0.9980000257492065,0.9103000164031982
YBR021W,YPR065W,0,-8.346456,0.09879232197999954,0.9980000257492065,0.9103999733924866
YHR171W,YMR207C,0,-8.347136,0.09878253936767578,0.9980000257492065,0.9104999899864197
YIR033W,YDR325W,0,-8.347869,0.09877276420593262,0.9980000257492065,0.9106000065803528
YJL073W,YHR139C,0,-8.348068,0.09876298904418945,0.9980000257492065,0.9107000231742859
YML123C,YOR045W,0,-8.350564,0.09875321388244629,0.9980000257492065,0.9107999801635742
YPL096W,YNL072W,0,-8.350607,0.09874344617128372,0.9980000257492065,0.9108999967575073
YDR527W,YMR305C,0,-8.351644,0.09873367846012115,0.9980000257492065,0.9110000133514404
YER016W,YCR037C,0,-8.351883,0.09872391074895859,0.9980000257492065,0.9110999703407288
YDR118W,YGR256W,0,-8.352248,0.09871414303779602,0.9980000257492065,0.9111999869346619
YML102W,YKL015W,0,-8.357122,0.09870438277721405,0.9980000257492065,0.911300003528595
YMR038C,YNL025C,0,-8.35718,0.09869462251663208,0.9980000257492065,0.9114000201225281
YLR007W,YLL011W,0,-8.357451,0.09868486225605011,0.9980000257492065,0.9114999771118164
YPR184W,YDR096W,0,-8.358415,0.09867510199546814,0.9980000257492065,0.9115999937057495
YBR289W,YJL164C,0,-8.361184,0.09866534918546677,0.9980000257492065,0.9117000102996826
YER105C,YER058W,0,-8.36368,0.0986555963754654,0.9980000257492065,0.9118000268936157
YER075C,YDR498C,0,-8.363771,0.09864584356546402,0.9980000257492065,0.911899983882904
YCR093W,YIL109C,0,-8.365132,0.09863609075546265,0.9980000257492065,0.9120000004768372
YMR038C,YER056C,0,-8.365267,0.09862634539604187,0.9980000257492065,0.9121000170707703
YER114C,YDR439W,0,-8.366228,0.0986166000366211,0.9980000257492065,0.9121999740600586
YDR075W,YBR043C,0,-8.366636,0.09860685467720032,0.9980000257492065,0.9122999906539917
YGR261C,YOR259C,0,-8.36672,0.09859711676836014,0.9980000257492065,0.9124000072479248
YCL025C,YDR221W,0,-8.367073,0.09858737885951996,0.9980000257492065,0.9125000238418579
YBR133C,YFL037W,0,-8.367173,0.09857764095067978,0.9980000257492065,0.9125999808311462
YDR231C,YOL052C-A,0,-8.368264,0.0985679030418396,0.9980000257492065,0.9126999974250793
YMR055C,YPL181W,0,-8.368465,0.09855816513299942,0.9980000257492065,0.9128000140190125
YPR193C,YGR048W,0,-8.36852,0.09854843467473984,0.9980000257492065,0.9128999710083008
YDR017C,YGR199W,0,-8.369797,0.09853870421648026,0.9980000257492065,0.9129999876022339
YHR067W,YBR221C,0,-8.370232,0.09852897375822067,0.9980000257492065,0.913100004196167
YFR027W,YDL035C,0,-8.371342,0.09851925075054169,0.9980000257492065,0.9132000207901001
YJR132W,YGR199W,0,-8.371956,0.0985095277428627,0.9980000257492065,0.9132999777793884
YER176W,YJR006W,0,-8.372622,0.09849980473518372,0.9980000257492065,0.9133999943733215
YDR437W,YOR265W,0,-8.374135,0.09849008172750473,0.9980000257492065,0.9135000109672546
YOL165C,YPL147W,0,-8.376141,0.09848036617040634,0.9980000257492065,0.9136000275611877
YLR071C,YOR259C,0,-8.376803,0.09847064316272736,0.9980000257492065,0.9136999845504761
YKR081C,YNL044W,0,-8.377115,0.09846093505620956,0.9980000257492065,0.9138000011444092
YDR118W,YDL074C,0,-8.379465,0.09845121949911118,0.9980000257492065,0.9139000177383423
YGL171W,YOL028C,0,-8.383145,0.09844150394201279,0.9980000257492065,0.9139999747276306
YER119C,YCR002C,0,-8.384905,0.098431795835495,0.9980000257492065,0.9140999913215637
YBL003C,YEL060C,0,-8.385513,0.0984220877289772,0.9980000257492065,0.9142000079154968
YNL172W,YML092C,0,-8.385524,0.09841238707304001,0.9980000257492065,0.9143000245094299
YNL062C,YJL010C,0,-8.385685,0.09840267896652222,0.9980000257492065,0.9143999814987183
YNL314W,YHR156C,0,-8.385953,0.09839297831058502,0.9980000257492065,0.9144999980926514
YLR127C,YOL136C,0,-8.389391,0.09838327765464783,0.9980000257492065,0.9146000146865845
YJR057W,YDR317W,0,-8.389793,0.09837358444929123,0.9980000257492065,0.9146999716758728
YML008C,YDR277C,0,-8.393202,0.09836388379335403,0.9980000257492065,0.9147999882698059
YOL068C,YDL098C,0,-8.3932905,0.09835419058799744,0.9980000257492065,0.914900004863739
YNL206C,YMR125W,0,-8.394241,0.09834450483322144,0.9980000257492065,0.9150000214576721
YDL216C,YLR105C,0,-8.394507,0.09833481162786484,0.9980000257492065,0.9150999784469604
YHR132C,YKL085W,0,-8.39456,0.09832512587308884,0.9980000257492065,0.9151999950408936
YCR035C,YIL074C,0,-8.395575,0.09831544011831284,0.9980000257492065,0.9153000116348267
YEL003W,YDR142C,0,-8.39665,0.09830575436353683,0.9980000257492065,0.9154000282287598
YMR145C,YBR024W,0,-8.397736,0.09829606860876083,0.9980000257492065,0.9154999852180481
YJL072C,YLR039C,0,-8.398491,0.09828639030456543,0.9980000257492065,0.9156000018119812
YGR120C,YDR208W,0,-8.399885,0.09827671200037003,0.9980000257492065,0.9157000184059143
YDR411C,YGL167C,0,-8.400578,0.09826703369617462,0.9980000257492065,0.9157999753952026
YPR001W,YOR147W,0,-8.40156,0.09825736284255981,0.9980000257492065,0.9158999919891357
YPL022W,YMR154C,0,-8.402693,0.09824768453836441,0.9980000257492065,0.9160000085830688
YMR021C,YGR080W,0,-8.403697,0.0982380136847496,0.9980000257492065,0.916100025177002
YAL041W,YGR200C,0,-8.4037285,0.0982283428311348,0.9980000257492065,0.9161999821662903
YMR069W,YKR025W,0,-8.403913,0.09821867942810059,0.9980000257492065,0.9162999987602234
YGL013C,YNL097C,0,-8.404127,0.09820901602506638,0.9980000257492065,0.9164000153541565
YLR381W,YBR102C,0,-8.4042,0.09819935262203217,0.9980000257492065,0.9164999723434448
YLR285W,YMR216C,0,-8.407476,0.09818968921899796,0.9980000257492065,0.9165999889373779
YKL087C,YDR389W,0,-8.41015,0.09818002581596375,0.9980000257492065,0.916700005531311
YMR235C,YBR058C,0,-8.410366,0.09817036986351013,0.9980000257492065,0.9168000221252441
YPL269W,YMR079W,0,-8.410588,0.09816071391105652,0.9980000257492065,0.9168999791145325
YDR141C,YBL103C,0,-8.412167,0.0981510654091835,0.9980000257492065,0.9169999957084656
YPL269W,YGR028W,0,-8.412489,0.09814140945672989,0.9980000257492065,0.9171000123023987
YLR371W,YOR261C,0,-8.413347,0.09813176095485687,0.9980000257492065,0.9172000288963318
YDR252W,YPR100W,1,-8.414232,0.09822043031454086,0.9990000128746033,0.9172000288963318
YFL010W-A,YKL054C,0,-8.414263,0.09821077436208725,0.9990000128746033,0.9172999858856201
YOL113W,YLR383W,0,-8.416805,0.09820111840963364,0.9990000128746033,0.9174000024795532
YGL174W,YML032C,0,-8.418116,0.09819146990776062,0.9990000128746033,0.9175000190734863
YML042W,YBR223C,0,-8.421363,0.0981818214058876,0.9990000128746033,0.9175999760627747
YDL006W,YER111C,0,-8.422029,0.09817217290401459,0.9990000128746033,0.9176999926567078
YMR006C,YMR233W,0,-8.422506,0.09816252440214157,0.9990000128746033,0.9178000092506409
YDR388W,YBR123C,0,-8.4246435,0.09815287590026855,0.9990000128746033,0.917900025844574
YLR226W,YLR016C,0,-8.427434,0.09814323484897614,0.9990000128746033,0.9179999828338623
YAL041W,YHR011W,0,-8.430923,0.09813359379768372,0.9990000128746033,0.9180999994277954
YOR100C,YKL197C,0,-8.430996,0.0981239527463913,0.9990000128746033,0.9182000160217285
YLR007W,YMR060C,0,-8.431033,0.09811431914567947,0.9990000128746033,0.9182999730110168
YLR370C,YBR274W,0,-8.432041,0.09810468554496765,0.9990000128746033,0.91839998960495
YBR024W,YDR451C,0,-8.432468,0.09809505194425583,0.9990000128746033,0.9185000061988831
YLR170C,YBR002C,0,-8.433222,0.098085418343544,0.9990000128746033,0.9186000227928162
YDL003W,YIL006W,0,-8.433258,0.09807579219341278,0.9990000128746033,0.9186999797821045
YPR029C,YFR010W,0,-8.433642,0.09806616604328156,0.9990000128746033,0.9187999963760376
YOL052C-A,YKR087C,0,-8.43493,0.09805653989315033,0.9990000128746033,0.9189000129699707
YNR045W,YDR160W,0,-8.434981,0.0980469137430191,0.9990000128746033,0.9190000295639038
YKR058W,YML109W,0,-8.435698,0.09803729504346848,0.9990000128746033,0.9190999865531921
YNL123W,YDR145W,0,-8.435905,0.09802766889333725,0.9990000128746033,0.9192000031471252
YDR272W,YPL133C,0,-8.438923,0.09801805019378662,0.9990000128746033,0.9193000197410583
YGR083C,YBR257W,0,-8.439401,0.09800843894481659,0.9990000128746033,0.9193999767303467
YER143W,YML106W,0,-8.440174,0.09799882024526596,0.9990000128746033,0.9194999933242798
YML057W,YBR195C,0,-8.441297,0.09798920899629593,0.9990000128746033,0.9196000099182129
YKR036C,YLL060C,0,-8.441403,0.0979795977473259,0.9990000128746033,0.919700026512146
YCL024W,YKR052C,0,-8.441417,0.09796999394893646,0.9990000128746033,0.9197999835014343
YOR094W,YPL016W,0,-8.4426775,0.09796038269996643,0.9990000128746033,0.9199000000953674
YGL092W,YIL031W,0,-8.4437895,0.097950778901577,0.9990000128746033,0.9200000166893005
YDR283C,YKL155C,1,-8.444658,0.09803921729326248,1.0,0.9200000166893005
YJL034W,YIL128W,0,-8.444803,0.09802960604429245,1.0,0.9200999736785889
YBL074C,YOR257W,0,-8.445065,0.09801999479532242,1.0,0.920199990272522
YOR381W,YMR314W,0,-8.447541,0.09801039099693298,1.0,0.9203000068664551
YBR213W,YCR009C,0,-8.449361,0.09800078719854355,1.0,0.9204000234603882
YBR274W,YOR185C,0,-8.4494,0.09799118340015411,1.0,0.9204999804496765
YDL141W,YER086W,0,-8.449401,0.09798157960176468,1.0,0.9205999970436096
YMR168C,YHR055C,0,-8.451006,0.09797198325395584,1.0,0.9207000136375427
YOR128C,YGL062W,0,-8.45385,0.0979623794555664,1.0,0.920799970626831
YCL055W,YDR459C,0,-8.454797,0.09795278310775757,1.0,0.9208999872207642
YLR382C,YAL009W,0,-8.455452,0.09794319421052933,1.0,0.9210000038146973
YDL164C,YKL055C,0,-8.456444,0.09793359786272049,1.0,0.9211000204086304
YPR031W,YOL080C,0,-8.456519,0.09792400896549225,1.0,0.9211999773979187
YHR034C,YCR042C,0,-8.457251,0.09791442006826401,1.0,0.9212999939918518
YNL148C,YDR279W,0,-8.457396,0.09790483862161636,1.0,0.9214000105857849
YBL074C,YMR306W,0,-8.459311,0.09789524972438812,1.0,0.921500027179718
YML116W,YPL049C,0,-8.461159,0.09788566827774048,1.0,0.9215999841690063
YDR277C,YDR288W,0,-8.461699,0.09787608683109283,1.0,0.9217000007629395
YML105C,YMR019W,0,-8.463572,0.09786651283502579,1.0,0.9218000173568726
YFL013C,YMR302C,0,-8.467022,0.09785693138837814,1.0,0.9218999743461609
YLR207W,YPL212C,0,-8.467203,0.0978473573923111,1.0,0.921999990940094
YMR306W,YNL071W,0,-8.468137,0.09783778339624405,1.0,0.9221000075340271
YDR108W,YGL025C,0,-8.468147,0.0978282168507576,1.0,0.9222000241279602
YOR317W,YBR169C,0,-8.468327,0.09781864285469055,1.0,0.9222999811172485
YNR056C,YKL019W,0,-8.468374,0.0978090763092041,1.0,0.9223999977111816
YOR222W,YGL055W,0,-8.469104,0.09779950976371765,1.0,0.9225000143051147
YLL062C,YPR054W,0,-8.470535,0.0977899506688118,1.0,0.9225999712944031
YFL057C,YJL151C,0,-8.470688,0.09778038412332535,1.0,0.9226999878883362
YGR166W,YML016C,0,-8.473695,0.0977708250284195,1.0,0.9228000044822693
YER168C,YGL043W,0,-8.474526,0.09776126593351364,1.0,0.9229000210762024
YPL254W,YIL120W,0,-8.4774475,0.09775171428918839,1.0,0.9229999780654907
YLR347C,YDL112W,0,-8.478363,0.09774215519428253,1.0,0.9230999946594238
YHR073W,YJL035C,0,-8.478394,0.09773260354995728,1.0,0.9232000112533569
YPL046C,YCR009C,0,-8.480587,0.09772305190563202,1.0,0.92330002784729
YMR119W,YHR150W,0,-8.483103,0.09771350771188736,1.0,0.9233999848365784
YKL032C,YBR095C,0,-8.48439,0.0977039560675621,1.0,0.9235000014305115
YJL024C,YPL045W,0,-8.487783,0.09769441187381744,1.0,0.9236000180244446
YOR026W,YAR014C,0,-8.487868,0.09768486768007278,1.0,0.9236999750137329
YML042W,YDL194W,0,-8.488789,0.09767533093690872,1.0,0.923799991607666
YPR075C,YMR190C,0,-8.490386,0.09766578674316406,1.0,0.9239000082015991
YDR234W,YBL018C,0,-8.490394,0.09765625,1.0,0.9240000247955322
YNL250W,YER072W,0,-8.494722,0.09764671325683594,1.0,0.9240999817848206
YML062C,YBR231C,0,-8.495478,0.09763717651367188,1.0,0.9241999983787537
YJL106W,YPL193W,0,-8.49711,0.09762764722108841,1.0,0.9243000149726868
YBR008C,YER111C,0,-8.498892,0.09761811792850494,1.0,0.9243999719619751
YHR058C,YJL056C,0,-8.499174,0.09760858863592148,1.0,0.9244999885559082
YLR102C,YNL222W,0,-8.49932,0.09759905934333801,1.0,0.9246000051498413
YGR036C,YMR076C,0,-8.499525,0.09758953750133514,1.0,0.9247000217437744
YPL228W,YGL145W,0,-8.499621,0.09758001565933228,1.0,0.9247999787330627
YML112W,YNL304W,0,-8.501004,0.0975704938173294,1.0,0.9248999953269958
YGL124C,YML061C,0,-8.509897,0.09756097197532654,1.0,0.925000011920929
YPL005W,YKL179C,0,-8.513393,0.09755145758390427,1.0,0.9251000285148621
YKL032C,YMR154C,0,-8.513497,0.097541943192482,1.0,0.9251999855041504
YGR088W,YAL051W,0,-8.514637,0.09753242880105972,1.0,0.9253000020980835
YGR286C,YLR435W,0,-8.51646,0.09752291440963745,1.0,0.9254000186920166
YPL093W,YFR029W,0,-8.519209,0.09751340746879578,1.0,0.9254999756813049
YIL011W,YDL010W,0,-8.520777,0.0975039005279541,1.0,0.925599992275238
YLR102C,YDL215C,0,-8.520879,0.09749439358711243,1.0,0.9257000088691711
YOR155C,YKL074C,0,-8.521742,0.09748488664627075,1.0,0.9258000254631042
YLR085C,YLR355C,0,-8.52717,0.09747538715600967,1.0,0.9258999824523926
YNL041C,YLL021W,0,-8.527252,0.0974658876657486,1.0,0.9259999990463257
YHR116W,YIL065C,0,-8.53079,0.09745638817548752,1.0,0.9261000156402588
YLR449W,YLR315W,0,-8.534012,0.09744688868522644,1.0,0.9261999726295471
YDL231C,YML032C,0,-8.534903,0.09743739664554596,1.0,0.9262999892234802
YHR166C,YOR178C,0,-8.536306,0.09742790460586548,1.0,0.9264000058174133
YMR172W,YOR087W,0,-8.540198,0.097418412566185,1.0,0.9265000224113464
YFR046C,YDL154W,0,-8.540597,0.09740892052650452,1.0,0.9265999794006348
YGL067W,YIL075C,0,-8.540945,0.09739943593740463,1.0,0.9266999959945679
YMR162C,YPR103W,0,-8.541405,0.09738995134830475,1.0,0.926800012588501
YBR083W,YLR360W,0,-8.541465,0.09738046675920486,1.0,0.9269000291824341
YLR452C,YLR004C,0,-8.543579,0.09737098217010498,1.0,0.9269999861717224
YLR310C,YBR095C,0,-8.546288,0.0973615050315857,1.0,0.9271000027656555
YKR022C,YJL035C,0,-8.546911,0.0973520278930664,1.0,0.9272000193595886
YNL317W,YDR320C,0,-8.548833,0.09734255075454712,1.0,0.927299976348877
YGL241W,YJL013C,0,-8.5494175,0.09733307361602783,1.0,0.9273999929428101
YLR209C,YKL184W,0,-8.550143,0.09732360392808914,1.0,0.9275000095367432
YHR037W,YJR134C,0,-8.550558,0.09731412678956985,1.0,0.9276000261306763
YNL026W,YGL104C,0,-8.5515175,0.09730466455221176,1.0,0.9276999831199646
YHR061C,YPL007C,0,-8.553028,0.09729519486427307,1.0,0.9277999997138977
YHR179W,YGR239C,0,-8.558387,0.09728572517633438,1.0,0.9279000163078308
YLR319C,YJL039C,0,-8.560384,0.09727626293897629,1.0,0.9279999732971191
YNL083W,YML027W,0,-8.563105,0.0972668007016182,1.0,0.9280999898910522
YMR198W,YPR086W,0,-8.565872,0.0972573459148407,1.0,0.9282000064849854
YGL234W,YFR029W,0,-8.566115,0.0972478836774826,1.0,0.9283000230789185
YHL047C,YGR258C,0,-8.569422,0.09723842889070511,1.0,0.9283999800682068
YNL278W,YPR184W,0,-8.571449,0.09722897410392761,1.0,0.9284999966621399
YDR022C,YOR372C,0,-8.571667,0.09721951931715012,1.0,0.928600013256073
YKL176C,YOR326W,0,-8.572798,0.09721007198095322,1.0,0.9286999702453613
YOR381W,YAL030W,0,-8.573878,0.09720062464475632,1.0,0.9287999868392944
YHR194W,YGR049W,0,-8.575443,0.09719117730855942,1.0,0.9289000034332275
YDL045C,YJL019W,0,-8.577911,0.09718172997236252,1.0,0.9290000200271606
YDR272W,YDR477W,0,-8.578348,0.09717229008674622,1.0,0.929099977016449
YLR315W,YGL246C,0,-8.580382,0.09716284275054932,1.0,0.9291999936103821
YGR121C,YMR201C,0,-8.581032,0.09715340286493301,1.0,0.9293000102043152
YFL025C,YLR363C,0,-8.5816555,0.09714397042989731,1.0,0.9294000267982483
YOR100C,YBR002C,0,-8.582159,0.097134530544281,1.0,0.9294999837875366
YLL004W,YJR110W,0,-8.582519,0.0971250981092453,1.0,0.9296000003814697
YMR048W,YDL209C,0,-8.5834675,0.0971156656742096,1.0,0.9297000169754028
YFR048W,YPL157W,0,-8.584909,0.09710623323917389,1.0,0.9297999739646912
YOL069W,YHR050W,0,-8.58555,0.09709680825471878,1.0,0.9298999905586243
YAL024C,YLR452C,0,-8.586136,0.09708737581968307,1.0,0.9300000071525574
YOL164W,YMR019W,0,-8.588745,0.09707795083522797,1.0,0.9301000237464905
YOL064C,YIL021W,0,-8.590179,0.09706853330135345,1.0,0.9301999807357788
YBR010W,YBR015C,0,-8.591312,0.09705910831689835,1.0,0.9302999973297119
YJL196C,YLR285W,0,-8.592056,0.09704969078302383,1.0,0.930400013923645
YCR093W,YJR044C,0,-8.596746,0.09704027324914932,1.0,0.9304999709129333
YOR070C,YDR334W,0,-8.597692,0.09703085571527481,1.0,0.9305999875068665
YML102W,YBR274W,0,-8.597913,0.0970214381814003,1.0,0.9307000041007996
YOR147W,YBR182C,0,-8.598264,0.09701202809810638,1.0,0.9308000206947327
YDR277C,YGL013C,0,-8.598795,0.09700261801481247,1.0,0.930899977684021
YOR026W,YDR075W,0,-8.600021,0.09699320793151855,1.0,0.9309999942779541
YLR131C,YPL120W,0,-8.600327,0.09698380529880524,1.0,0.9311000108718872
YOR136W,YDR329C,0,-8.601386,0.09697439521551132,1.0,0.9312000274658203
YOR336W,YDR268W,0,-8.602125,0.096964992582798,1.0,0.9312999844551086
YPL224C,YOR018W,0,-8.607353,0.09695559740066528,1.0,0.9314000010490417
YPR120C,YDR104C,0,-8.607644,0.09694619476795197,1.0,0.9315000176429749
YDR243C,YLR272C,0,-8.609615,0.09693679958581924,1.0,0.9315999746322632
YMR020W,YNL138W,0,-8.610252,0.09692740440368652,1.0,0.9316999912261963
YGR282C,YPR030W,0,-8.610552,0.0969180092215538,1.0,0.9318000078201294
YNL329C,YHR139C,0,-8.61119,0.09690861403942108,1.0,0.9319000244140625
YKR009C,YBR173C,0,-8.612709,0.09689922630786896,1.0,0.9319999814033508
YPL040C,YBR298C,0,-8.61324,0.09688983857631683,1.0,0.9320999979972839
YDR270W,YOR337W,0,-8.614155,0.09688045084476471,1.0,0.932200014591217
YJR050W,YOR151C,0,-8.614176,0.09687106311321259,1.0,0.9322999715805054
YDR038C,YBL052C,0,-8.614325,0.09686168283224106,1.0,0.9323999881744385
YGL180W,YNL037C,0,-8.615082,0.09685230255126953,1.0,0.9325000047683716
YDL243C,YPL243W,0,-8.618756,0.096842922270298,1.0,0.9326000213623047
YKL040C,YMR235C,0,-8.620668,0.09683354198932648,1.0,0.932699978351593
YOL068C,YPL139C,0,-8.621923,0.09682416915893555,1.0,0.9327999949455261
YEL011W,YOL143C,0,-8.622003,0.09681479632854462,1.0,0.9329000115394592
YOL122C,YJL029C,0,-8.623282,0.09680542349815369,1.0,0.9330000281333923
YBR020W,YDR059C,0,-8.627311,0.09679605066776276,1.0,0.9330999851226807
YDR022C,YLR079W,0,-8.63076,0.09678668528795242,1.0,0.9332000017166138
YBR288C,YIL047C,0,-8.630874,0.09677731245756149,1.0,0.9333000183105469
YOR120W,YDR088C,0,-8.633594,0.09676794707775116,1.0,0.9333999752998352
YIL053W,YKL174C,0,-8.636982,0.09675858914852142,1.0,0.9334999918937683
YDR499W,YDR027C,0,-8.641079,0.09674922376871109,1.0,0.9336000084877014
YPR030W,YIL009C-A,0,-8.642874,0.09673986583948135,1.0,0.9337000250816345
YNR001C,YOR005C,0,-8.643598,0.09673050791025162,1.0,0.9337999820709229
YBL075C,YKR050W,0,-8.646312,0.09672114998102188,1.0,0.933899998664856
YLL052C,YDL128W,0,-8.646574,0.09671179950237274,1.0,0.9340000152587891
YJL133W,YCR057C,0,-8.646679,0.0967024490237236,1.0,0.9340999722480774
YBR039W,YDL135C,0,-8.647518,0.09669309854507446,1.0,0.9341999888420105
YDR001C,YBL051C,0,-8.64806,0.09668374806642532,1.0,0.9343000054359436
YJR031C,YLR005W,0,-8.650333,0.09667439758777618,1.0,0.9344000220298767
YOR061W,YDR162C,0,-8.654282,0.09666505455970764,1.0,0.934499979019165
YGR124W,YMR313C,0,-8.655777,0.0966557115316391,1.0,0.9345999956130981
YJR119C,YOR298C-A,0,-8.656265,0.09664636850357056,1.0,0.9347000122070312
YPR093C,YDR463W,0,-8.656527,0.09663703292608261,1.0,0.9348000288009644
YPR128C,YMR239C,0,-8.657282,0.09662768989801407,1.0,0.9348999857902527
YGL240W,YDR315C,0,-8.658159,0.09661835432052612,1.0,0.9350000023841858
YPL008W,YHR209W,0,-8.659605,0.09660902619361877,1.0,0.9351000189781189
YKL185W,YHR011W,0,-8.662088,0.09659969061613083,1.0,0.9351999759674072
YFL010W-A,YDR361C,0,-8.663607,0.09659036248922348,1.0,0.9352999925613403
YBR117C,YER100W,0,-8.664957,0.09658103436231613,1.0,0.9354000091552734
YMR078C,YML054C,0,-8.665527,0.09657170623540878,1.0,0.9355000257492065
YGR286C,YDL181W,0,-8.666162,0.09656237810850143,1.0,0.9355999827384949
YNL225C,YJR095W,0,-8.666371,0.09655305743217468,1.0,0.935699999332428
YMR055C,YKL086W,0,-8.667252,0.09654373675584793,1.0,0.9358000159263611
YPL190C,YDL043C,0,-8.668875,0.09653441607952118,1.0,0.9358999729156494
YDL019C,YBR260C,0,-8.66945,0.09652509540319443,1.0,0.9359999895095825
YNL042W,YOR353C,0,-8.670984,0.09651578217744827,1.0,0.9361000061035156
YMR201C,YHR041C,0,-8.67198,0.09650646895170212,1.0,0.9362000226974487
YGR123C,YPL133C,0,-8.67292,0.09649715572595596,1.0,0.9362999796867371
YLR427W,YDR166C,0,-8.675091,0.09648784250020981,1.0,0.9363999962806702
YDL168W,YKR031C,0,-8.677707,0.09647853672504425,1.0,0.9365000128746033
YNR010W,YPL145C,0,-8.678804,0.0964692234992981,1.0,0.9366000294685364
YMR094W,YJL127C,0,-8.681679,0.09645991772413254,1.0,0.9366999864578247
YFR014C,YJR010W,0,-8.683704,0.09645061939954758,1.0,0.9368000030517578
YDR145W,YAL002W,0,-8.684923,0.09644131362438202,1.0,0.9369000196456909
YOR257W,YKL051W,0,-8.687541,0.09643201529979706,1.0,0.9369999766349792
YNL225C,YMR216C,0,-8.688181,0.0964227169752121,1.0,0.9370999932289124
YGL178W,YMR054W,0,-8.689836,0.09641341865062714,1.0,0.9372000098228455
YKL026C,YDL227C,0,-8.689878,0.09640412777662277,1.0,0.9373000264167786
YDL003W,YOR148C,0,-8.691206,0.09639483690261841,1.0,0.9373999834060669
YGL144C,YMR095C,0,-8.692581,0.09638553857803345,1.0,0.9375
YPL133C,YML055W,0,-8.695554,0.09637625515460968,1.0,0.9376000165939331
YNL275W,YIL145C,0,-8.696434,0.09636696428060532,1.0,0.9376999735832214
YOR185C,YER162C,0,-8.698362,0.09635768085718155,1.0,0.9377999901771545
YGL040C,YDR224C,0,-8.699968,0.09634839743375778,1.0,0.9379000067710876
YDR052C,YKL140W,0,-8.700588,0.09633911401033401,1.0,0.9380000233650208
YCR002C,YPR140W,0,-8.702691,0.09632983058691025,1.0,0.9380999803543091
YLR052W,YKL010C,0,-8.703581,0.09632055461406708,1.0,0.9381999969482422
YPR128C,YDR148C,0,-8.706842,0.09631127864122391,1.0,0.9383000135421753
YDR140W,YLR272C,0,-8.707379,0.09630200266838074,1.0,0.9383999705314636
YNL123W,YHR016C,0,-8.707481,0.09629272669553757,1.0,0.9384999871253967
YNL230C,YMR179W,0,-8.708208,0.096283458173275,1.0,0.9386000037193298
YBR042C,YKL174C,0,-8.709444,0.09627418965101242,1.0,0.9387000203132629
YJL115W,YBR198C,0,-8.711802,0.09626492112874985,1.0,0.9387999773025513
YFL001W,YER011W,0,-8.712473,0.09625565260648727,1.0,0.9388999938964844
YPR140W,YDR400W,0,-8.714468,0.0962463915348053,1.0,0.9390000104904175
YGR070W,YNL330C,0,-8.714487,0.09623713046312332,1.0,0.9391000270843506
YPR049C,YFR008W,0,-8.715343,0.09622786939144135,1.0,0.9391999840736389
YBR236C,YLR015W,0,-8.715904,0.09621860831975937,1.0,0.939300000667572
YDL243C,YDR147W,0,-8.717424,0.09620935469865799,1.0,0.9394000172615051
YKL149C,YER014W,0,-8.719469,0.09620009362697601,1.0,0.9394999742507935
YFR028C,YNL097C,0,-8.722081,0.09619084000587463,1.0,0.9395999908447266
YHR096C,YDR205W,0,-8.723677,0.09618159383535385,1.0,0.9397000074386597
YOR127W,YER029C,0,-8.724988,0.09617234021425247,1.0,0.9398000240325928
YDL247W,YDR407C,0,-8.72777,0.09616309404373169,1.0,0.9398999810218811
YIR005W,YGR186W,0,-8.728853,0.09615384787321091,1.0,0.9399999976158142
YGL011C,YDR320C,0,-8.730378,0.09614460170269012,1.0,0.9401000142097473
YJR058C,YMR067C,0,-8.731573,0.09613535553216934,1.0,0.9401999711990356
YOR094W,YKR102W,0,-8.746669,0.09612611681222916,1.0,0.9402999877929688
YGR140W,YGL178W,0,-8.747248,0.09611687809228897,1.0,0.9404000043869019
YGL065C,YJR140C,0,-8.748707,0.09610763937234879,1.0,0.940500020980835
YBR295W,YDL006W,0,-8.749258,0.0960984081029892,1.0,0.9405999779701233
YDL013W,YDR398W,0,-8.749984,0.09608916938304901,1.0,0.9406999945640564
YLR034C,YDR260C,0,-8.75069,0.09607993811368942,1.0,0.9408000111579895
YKL009W,YDR073W,0,-8.750946,0.09607070684432983,1.0,0.9409000277519226
YNL219C,YOR317W,0,-8.751264,0.09606148302555084,1.0,0.9409999847412109
YPL059W,YDR119W,0,-8.751953,0.09605225175619125,1.0,0.941100001335144
YPR104C,YOL030W,0,-8.75206,0.09604302793741226,1.0,0.9412000179290771
YOL078W,YOR068C,0,-8.754175,0.09603380411863327,1.0,0.9412999749183655
YER083C,YOR219C,0,-8.75762,0.09602458029985428,1.0,0.9413999915122986
YBL002W,YMR270C,0,-8.75782,0.09601536393165588,1.0,0.9415000081062317
YPR001W,YPL058C,0,-8.75888,0.09600614756345749,1.0,0.9416000247001648
YER162C,YMR054W,0,-8.760109,0.0959969311952591,1.0,0.9416999816894531
YGR108W,YOL115W,0,-8.764156,0.0959877148270607,1.0,0.9417999982833862
YBR042C,YNL328C,0,-8.765244,0.0959784984588623,1.0,0.9419000148773193
YKR009C,YGR096W,0,-8.765908,0.0959692895412445,1.0,0.9419999718666077
YHR044C,YHR124W,0,-8.767684,0.09596008062362671,1.0,0.9420999884605408
YOR304W,YDR082W,0,-8.771745,0.09595087170600891,1.0,0.9422000050544739
YJL196C,YGL257C,0,-8.777682,0.09594167023897171,1.0,0.942300021648407
YOR336W,YER104W,0,-8.778356,0.09593246132135391,1.0,0.9423999786376953
YFR002W,YGR186W,0,-8.781038,0.09592325985431671,1.0,0.9424999952316284
YDR108W,YNL079C,0,-8.781046,0.09591405838727951,1.0,0.9426000118255615
YKL150W,YBR167C,0,-8.782323,0.0959048643708229,1.0,0.9427000284194946
YGL208W,YOR110W,0,-8.78315,0.0958956629037857,1.0,0.942799985408783
YKL220C,YCR073C,0,-8.783424,0.0958864688873291,1.0,0.9429000020027161
YJL100W,YKL196C,0,-8.788341,0.0958772748708725,1.0,0.9430000185966492
YNL111C,YDL204W,0,-8.789156,0.09586808830499649,1.0,0.9430999755859375
YBR288C,YLR116W,0,-8.789899,0.09585889428853989,1.0,0.9431999921798706
YLL027W,YMR285C,0,-8.791049,0.09584970772266388,1.0,0.9433000087738037
YJR095W,YIL073C,0,-8.79259,0.09584052115678787,1.0,0.9434000253677368
YAL058W,YOL054W,0,-8.793525,0.09583133459091187,1.0,0.9434999823570251
YNL077W,YIL143C,0,-8.796815,0.09582215547561646,1.0,0.9435999989509583
YAL028W,YDR492W,0,-8.797628,0.09581297636032104,1.0,0.9437000155448914
YLR113W,YNL074C,0,-8.80217,0.09580379724502563,1.0,0.9437999725341797
YJL221C,YGL251C,0,-8.802767,0.09579461812973022,1.0,0.9438999891281128
YDL243C,YDR472W,0,-8.805235,0.09578543901443481,1.0,0.9440000057220459
YPL112C,YNL312W,0,-8.805336,0.09577626734972,1.0,0.944100022315979
YDR277C,YPL138C,0,-8.80723,0.09576709568500519,1.0,0.9441999793052673
YAL009W,YKL124W,0,-8.817154,0.09575792402029037,1.0,0.9442999958992004
YKL114C,YKL012W,0,-8.819691,0.09574875235557556,1.0,0.9444000124931335
YNL116W,YML095C,0,-8.820948,0.09573958814144135,1.0,0.9445000290870667
YNL077W,YML124C,0,-8.823154,0.09573042392730713,1.0,0.944599986076355
YOR026W,YLR442C,0,-8.826548,0.09572125971317291,1.0,0.9447000026702881
YGL254W,YBL023C,0,-8.82923,0.0957120954990387,1.0,0.9448000192642212
YJL019W,YML047C,0,-8.829521,0.09570293873548508,1.0,0.9448999762535095
YNL052W,YMR311C,0,-8.829699,0.09569378197193146,1.0,0.9449999928474426
YMR048W,YIL153W,0,-8.8316765,0.09568462520837784,1.0,0.9451000094413757
YOR038C,YPL140C,0,-8.835189,0.09567546844482422,1.0,0.9452000260353088
YER016W,YJL011C,0,-8.835674,0.0956663191318512,1.0,0.9452999830245972
YLR310C,YNL142W,0,-8.839682,0.09565716236829758,1.0,0.9453999996185303
YHR076W,YOR247W,0,-8.842062,0.09564801305532455,1.0,0.9455000162124634
YDR118W,YOR159C,0,-8.84547,0.09563887119293213,1.0,0.9455999732017517
YHR176W,YPL042C,0,-8.847284,0.0956297218799591,1.0,0.9456999897956848
YAR033W,YBR087W,0,-8.849567,0.09562058001756668,1.0,0.9458000063896179
YBL105C,YJR110W,0,-8.849604,0.09561143815517426,1.0,0.945900022983551
YNL199C,YKL032C,0,-8.850093,0.09560229629278183,1.0,0.9459999799728394
YNL308C,YIL073C,0,-8.852268,0.0955931544303894,1.0,0.9460999965667725
YNL075W,YLR154C,0,-8.85309,0.09558402001857758,1.0,0.9462000131607056
YJL050W,YLR176C,0,-8.854532,0.09557488560676575,1.0,0.9463000297546387
YEL036C,YKR062W,0,-8.85747,0.09556575119495392,1.0,0.946399986743927
YFL021W,YMR216C,0,-8.859908,0.09555661678314209,1.0,0.9465000033378601
YBR290W,YOR193W,0,-8.864359,0.09554748982191086,1.0,0.9466000199317932
YLR260W,YJL089W,0,-8.86577,0.09553835541009903,1.0,0.9466999769210815
YKL017C,YNL025C,0,-8.866022,0.0955292284488678,1.0,0.9467999935150146
YBL006C,YKL205W,0,-8.866309,0.09552010893821716,1.0,0.9469000101089478
YNL161W,YIL118W,0,-8.867548,0.09551098197698593,1.0,0.9470000267028809
YGR204W,YHR119W,0,-8.868853,0.0955018624663353,1.0,0.9470999836921692
YJR125C,YGR184C,0,-8.871046,0.09549274295568466,1.0,0.9472000002861023
YDL003W,YML123C,0,-8.873314,0.09548362344503403,1.0,0.9473000168800354
YOR326W,YPL022W,0,-8.875952,0.09547451138496399,1.0,0.9473999738693237
YNL099C,YOR337W,0,-8.87791,0.09546539187431335,1.0,0.9474999904632568
YAL047C,YDR392W,0,-8.879009,0.09545627981424332,1.0,0.9476000070571899
YOR185C,YER022W,0,-8.879069,0.09544716775417328,1.0,0.947700023651123
YLR380W,YDL209C,0,-8.881365,0.09543806314468384,1.0,0.9477999806404114
YDR118W,YOR233W,0,-8.881899,0.0954289510846138,1.0,0.9478999972343445
YOR236W,YNL025C,0,-8.883241,0.09541984647512436,1.0,0.9480000138282776
YPR001W,YNL253W,0,-8.885573,0.09541074186563492,1.0,0.9480999708175659
YHR058C,YOL147C,0,-8.887388,0.09540163725614548,1.0,0.948199987411499
YLR131C,YML076C,0,-8.889115,0.09539254009723663,1.0,0.9483000040054321
YOR371C,YDR295C,0,-8.892007,0.09538344293832779,1.0,0.9484000205993652
YHR176W,YPR083W,0,-8.89439,0.09537434577941895,1.0,0.9484999775886536
YJL153C,YIL030C,0,-8.894505,0.0953652486205101,1.0,0.9485999941825867
YGL143C,YFL003C,0,-8.89625,0.09535615891218185,1.0,0.9487000107765198
YPR068C,YPL130W,0,-8.89759,0.09534706175327301,1.0,0.9488000273704529
YDR263C,YOR370C,0,-8.899429,0.09533797204494476,1.0,0.9488999843597412
YJL103C,YGL209W,0,-8.899592,0.09532888233661652,1.0,0.9490000009536743
YJL125C,YOR143C,0,-8.901453,0.09531980007886887,1.0,0.9491000175476074
YGL251C,YLR151C,0,-8.90654,0.09531071037054062,1.0,0.9491999745368958
YLR117C,YPR010C,0,-8.906679,0.09530162811279297,1.0,0.9492999911308289
YGL065C,YJR084W,0,-8.907867,0.09529254585504532,1.0,0.949400007724762
YIL136W,YOL019W,0,-8.909694,0.09528347104787827,1.0,0.9495000243186951
YKL146W,YNL107W,0,-8.912755,0.09527438879013062,1.0,0.9495999813079834
YLR238W,YBR240C,0,-8.913805,0.09526531398296356,1.0,0.9496999979019165
YDR483W,YKL132C,0,-8.918227,0.09525623917579651,1.0,0.9498000144958496
YOR155C,YLL004W,0,-8.918671,0.09524716436862946,1.0,0.9498999714851379
YJL168C,YOR069W,0,-8.921675,0.095238097012043,1.0,0.949999988079071
YJL110C,YOL112W,0,-8.924536,0.09522902220487595,1.0,0.9501000046730042
YDR022C,YPR056W,0,-8.927297,0.09521995484828949,1.0,0.9502000212669373
YDR364C,YNL188W,0,-8.928808,0.09521089494228363,1.0,0.9502999782562256
YOR264W,YJR050W,0,-8.931844,0.09520182758569717,1.0,0.9503999948501587
YKL089W,YMR268C,0,-8.931998,0.09519276767969131,1.0,0.9505000114440918
YDL088C,YGR212W,0,-8.93254,0.09518370777368546,1.0,0.9506000280380249
YNL042W,YOR207C,0,-8.932671,0.0951746478676796,1.0,0.9506999850273132
YNL218W,YIL118W,0,-8.933178,0.09516558796167374,1.0,0.9508000016212463
YGR142W,YDR513W,0,-8.936572,0.09515653550624847,1.0,0.9509000182151794
YGR023W,YML076C,0,-8.940114,0.09514747560024261,1.0,0.9509999752044678
YLR350W,YKL025C,0,-8.940875,0.09513842314481735,1.0,0.9510999917984009
YDR437W,YIL121W,0,-8.941946,0.09512937813997269,1.0,0.951200008392334
YMR078C,YOL080C,0,-8.943651,0.09512032568454742,1.0,0.9513000249862671
YJR090C,YGR070W,0,-8.944609,0.09511128067970276,1.0,0.9513999819755554
YNL039W,YOL100W,0,-8.946862,0.0951022356748581,1.0,0.9514999985694885
YLR219W,YPR095C,0,-8.949371,0.09509319067001343,1.0,0.9516000151634216
YHR079C,YBR169C,0,-8.949558,0.09508415311574936,1.0,0.95169997215271
YPL115C,YLL004W,0,-8.953291,0.0950751081109047,1.0,0.9517999887466431
YLL022C,YMR235C,0,-8.953494,0.09506607055664062,1.0,0.9519000053405762
YER017C,YOR181W,0,-8.95471,0.09505703300237656,1.0,0.9520000219345093
YOR281C,YAL032C,0,-8.95578,0.09504800289869308,1.0,0.9520999789237976
YML112W,YDL080C,0,-8.958462,0.09503896534442902,1.0,0.9521999955177307
YEL036C,YBL016W,0,-8.960705,0.09502993524074554,1.0,0.9523000121116638
YDL164C,YIL049W,0,-8.962572,0.09502090513706207,1.0,0.9524000287055969
YGR075C,YPL139C,0,-8.963853,0.0950118750333786,1.0,0.9524999856948853
YDR181C,YJL127C,0,-8.964884,0.09500285238027573,1.0,0.9526000022888184
YPR034W,YDR108W,0,-8.96582,0.09499382227659225,1.0,0.9527000188827515
YNL220W,YNL259C,0,-8.966169,0.09498479962348938,1.0,0.9527999758720398
YDL100C,YBR156C,0,-8.966355,0.0949757844209671,1.0,0.9528999924659729
YPR057W,YLR305C,0,-8.96649,0.09496676176786423,1.0,0.953000009059906
YKL129C,YIR011C,0,-8.967972,0.09495774656534195,1.0,0.9531000256538391
YKL201C,YIR018W,0,-8.968352,0.09494873136281967,1.0,0.9531999826431274
YGR145W,YDR492W,0,-8.972532,0.0949397161602974,1.0,0.9532999992370605
YOR348C,YFL037W,0,-8.974581,0.09493070095777512,1.0,0.9534000158309937
YPR030W,YNL006W,0,-8.974585,0.09492169320583344,1.0,0.953499972820282
YAL060W,YHR011W,0,-8.974887,0.09491267800331116,1.0,0.9535999894142151
YEL032W,YHR179W,0,-8.975127,0.09490367025136948,1.0,0.9537000060081482
YKL051W,YDR356W,0,-8.976328,0.09489466995000839,1.0,0.9538000226020813
YNL216W,YHL027W,0,-8.977531,0.09488566219806671,1.0,0.9538999795913696
YBR212W,YPL233W,0,-8.977573,0.09487666189670563,1.0,0.9539999961853027
YNL042W,YLR272C,0,-8.979452,0.09486766159534454,1.0,0.9541000127792358
YGR023W,YER111C,0,-8.982319,0.09485866129398346,1.0,0.954200029373169
YJL186W,YFR003C,0,-8.982603,0.09484966099262238,1.0,0.9542999863624573
YGL223C,YOR363C,0,-8.983414,0.09484066814184189,1.0,0.9544000029563904
YGL155W,YPL270W,0,-8.9838,0.0948316752910614,1.0,0.9545000195503235
YGR088W,YDL101C,0,-8.98971,0.09482268244028091,1.0,0.9545999765396118
YOR320C,YNR045W,0,-8.990411,0.09481368958950043,1.0,0.9546999931335449
YNR058W,YOR281C,0,-8.993229,0.09480470418930054,1.0,0.954800009727478
YMR263W,YBR123C,0,-8.993395,0.09479571878910065,1.0,0.9549000263214111
YKR030W,YPR086W,0,-8.998073,0.09478673338890076,1.0,0.9549999833106995
YIR023W,YDL059C,0,-8.998628,0.09477774798870087,1.0,0.9550999999046326
YHR154W,YPL207W,0,-8.999694,0.09476876258850098,1.0,0.9552000164985657
YIL062C,YGR124W,0,-9.000009,0.09475978463888168,1.0,0.955299973487854
YMR070W,YDR059C,0,-9.001162,0.09475080668926239,1.0,0.9553999900817871
YMR133W,YLR086W,0,-9.001499,0.0947418287396431,1.0,0.9555000066757202
YOL007C,YHR128W,0,-9.00223,0.0947328507900238,1.0,0.9556000232696533
YDR492W,YGR123C,0,-9.005721,0.09472388029098511,1.0,0.9556999802589417
YHR068W,YPR140W,0,-9.0079975,0.09471490979194641,1.0,0.9557999968528748
YNL258C,YOL001W,0,-9.008605,0.09470593929290771,1.0,0.9559000134468079
YCR063W,YDR437W,0,-9.008883,0.09469696879386902,1.0,0.9559999704360962
YDR231C,YNL088W,0,-9.01676,0.09468800574541092,1.0,0.9560999870300293
YPL202C,YBR165W,0,-9.021869,0.09467903524637222,1.0,0.9562000036239624
YBR022W,YGR049W,0,-9.021923,0.09467007219791412,1.0,0.9563000202178955
YML059C,YBR154C,0,-9.026947,0.09466111660003662,1.0,0.9563999772071838
YNL273W,YIL006W,0,-9.032295,0.09465215355157852,1.0,0.9564999938011169
YER167W,YDR453C,0,-9.032495,0.09464319795370102,1.0,0.95660001039505
YAL013W,YLL010C,0,-9.033915,0.09463424235582352,1.0,0.9567000269889832
YAL048C,YGR008C,0,-9.034412,0.09462528675794601,1.0,0.9567999839782715
YDR260C,YDR460W,0,-9.036831,0.09461633116006851,1.0,0.9569000005722046
YMR220W,YCL044C,0,-9.038736,0.0946073830127716,1.0,0.9570000171661377
YBR040W,YOR341W,0,-9.039989,0.0945984274148941,1.0,0.957099974155426
YDL236W,YDR126W,0,-9.040634,0.0945894792675972,1.0,0.9571999907493591
YGR258C,YCR052W,0,-9.040884,0.09458053857088089,1.0,0.9573000073432922
YOR113W,YDR437W,0,-9.042596,0.09457159042358398,1.0,0.9574000239372253
YJR004C,YOR084W,0,-9.046298,0.09456264972686768,1.0,0.9574999809265137
YJL053W,YER171W,0,-9.047802,0.09455370903015137,1.0,0.9575999975204468
YPR178W,YIR011C,0,-9.048981,0.09454476833343506,1.0,0.9577000141143799
YDR236C,YBR061C,0,-9.049272,0.09453582763671875,1.0,0.9577999711036682
YKR036C,YDR221W,0,-9.051998,0.09452689439058304,1.0,0.9578999876976013
YMR004W,YGL066W,0,-9.052368,0.09451796114444733,1.0,0.9580000042915344
YOR058C,YMR255W,0,-9.055013,0.09450902789831161,1.0,0.9581000208854675
YLR383W,YOR124C,0,-9.055218,0.0945000946521759,1.0,0.9581999778747559
YBR199W,YDR389W,0,-9.056556,0.09449116140604019,1.0,0.958299994468689
YLR397C,YDL044C,0,-9.057407,0.09448223561048508,1.0,0.9584000110626221
YBR200W,YGL238W,0,-9.057489,0.09447330981492996,1.0,0.9585000276565552
YMR032W,YIR026C,0,-9.058889,0.09446438401937485,1.0,0.9585999846458435
YDR155C,YOR344C,0,-9.059164,0.09445546567440033,1.0,0.9587000012397766
YOR028C,YJL186W,0,-9.060289,0.09444653987884521,1.0,0.9588000178337097
YPR026W,YNL093W,0,-9.061088,0.0944376215338707,1.0,0.958899974822998
YBR236C,YLR305C,0,-9.06518,0.09442870318889618,1.0,0.9589999914169312
YIL019W,YMR127C,0,-9.065601,0.09441979229450226,1.0,0.9591000080108643
YPR141C,YOR110W,0,-9.066288,0.09441087394952774,1.0,0.9592000246047974
YPL001W,YMR100W,0,-9.066619,0.09440196305513382,1.0,0.9592999815940857
YPL046C,YHR017W,0,-9.068908,0.0943930521607399,1.0,0.9593999981880188
YDR226W,YER015W,0,-9.072472,0.09438414126634598,1.0,0.9595000147819519
YNL261W,YDL216C,0,-9.075876,0.09437523782253265,1.0,0.9595999717712402
YOR306C,YGR005C,0,-9.078388,0.09436632692813873,1.0,0.9596999883651733
YLR433C,YOR047C,0,-9.081148,0.09435742348432541,1.0,0.9598000049591064
YGL003C,YDL115C,0,-9.084879,0.09434852004051208,1.0,0.9599000215530396
YHR036W,YEL071W,0,-9.09248,0.09433962404727936,1.0,0.9599999785423279
YGL141W,YDR279W,0,-9.093222,0.09433072060346603,1.0,0.960099995136261
YNR056C,YDL098C,0,-9.094019,0.0943218246102333,1.0,0.9602000117301941
YJL178C,YBR168W,0,-9.0992775,0.09431292861700058,1.0,0.9603000283241272
YDR365C,YNL290W,0,-9.104267,0.09430403262376785,1.0,0.9603999853134155
YDR166C,YER118C,0,-9.107086,0.09429514408111572,1.0,0.9605000019073486
YIR010W,YNL021W,0,-9.108265,0.09428625553846359,1.0,0.9606000185012817
YPL091W,YDR473C,0,-9.1106205,0.09427736699581146,1.0,0.9606999754905701
YPL202C,YJL179W,0,-9.114221,0.09426847845315933,1.0,0.9607999920845032
YPR005C,YJR110W,0,-9.115324,0.0942595899105072,1.0,0.9609000086784363
YGR038W,YKL019W,0,-9.1191635,0.09425070881843567,1.0,0.9610000252723694
YDR499W,YLR145W,0,-9.121856,0.09424182772636414,1.0,0.9610999822616577
YPR057W,YHR209W,0,-9.122418,0.0942329466342926,1.0,0.9611999988555908
YDR270W,YDL115C,0,-9.123611,0.09422406554222107,1.0,0.9613000154495239
YLR418C,YJL112W,0,-9.124151,0.09421518445014954,1.0,0.9613999724388123
YML116W,YJL060W,0,-9.130689,0.0942063108086586,1.0,0.9614999890327454
YMR078C,YGL075C,0,-9.135681,0.09419743716716766,1.0,0.9616000056266785
YGR134W,YIL162W,0,-9.139189,0.09418856352567673,1.0,0.9617000222206116
YOL030W,YMR019W,0,-9.141211,0.09417969733476639,1.0,0.9617999792098999
YNL206C,YBR123C,0,-9.14406,0.09417082369327545,1.0,0.961899995803833
YLR381W,YLR206W,0,-9.146945,0.09416195750236511,1.0,0.9620000123977661
YER055C,YNL097C,0,-9.148541,0.09415309131145477,1.0,0.9621000289916992
YIL015W,YLR275W,0,-9.149936,0.09414423257112503,1.0,0.9621999859809875
YGL178W,YNL099C,0,-9.154531,0.09413536638021469,1.0,0.9623000025749207
YBR230C,YNL097C,0,-9.159517,0.09412650763988495,1.0,0.9624000191688538
YOL067C,YDL225W,0,-9.159913,0.0941176488995552,1.0,0.9624999761581421
YLR085C,YOR250C,0,-9.166391,0.09410879015922546,1.0,0.9625999927520752
YDR425W,YKL174C,0,-9.16833,0.09409993141889572,1.0,0.9627000093460083
YLL010C,YKR031C,0,-9.16897,0.09409108012914658,1.0,0.9628000259399414
YPL084W,YEL037C,0,-9.16928,0.09408222883939743,1.0,0.9628999829292297
YGR223C,YPL233W,0,-9.175489,0.09407337754964828,1.0,0.9629999995231628
YKL046C,YFL033C,0,-9.176176,0.09406452625989914,1.0,0.963100016117096
YPL042C,YPR056W,0,-9.178556,0.09405568242073059,1.0,0.9631999731063843
YGR023W,YCR044C,0,-9.178982,0.09404683858156204,1.0,0.9632999897003174
YKR030W,YLR452C,0,-9.179417,0.0940379947423935,1.0,0.9634000062942505
YGR036C,YGR247W,0,-9.180189,0.09402915090322495,1.0,0.9635000228881836
YGL191W,YHR015W,0,-9.18038,0.0940203070640564,1.0,0.9635999798774719
YNR060W,YFL036W,0,-9.187452,0.09401147067546844,1.0,0.963699996471405
YDR384C,YOR209C,0,-9.188816,0.0940026342868805,1.0,0.9638000130653381
YPL210C,YMR313C,0,-9.197524,0.09399379789829254,1.0,0.9639000296592712
YMR214W,YPL120W,0,-9.200195,0.09398496150970459,1.0,0.9639999866485596
YGR083C,YGL055W,0,-9.205483,0.09397613257169724,1.0,0.9641000032424927
YPR060C,YNL201C,0,-9.206348,0.09396729618310928,1.0,0.9642000198364258
YNL004W,YLR373C,0,-9.206805,0.09395846724510193,1.0,0.9642999768257141
YIL062C,YCR018C,0,-9.20807,0.09394964575767517,1.0,0.9643999934196472
YNL027W,YMR076C,0,-9.208249,0.09394081681966782,1.0,0.9645000100135803
YBR107C,YDR159W,0,-9.215349,0.09393199533224106,1.0,0.9646000266075134
YMR139W,YLR305C,0,-9.217243,0.0939231738448143,1.0,0.9646999835968018
YJL090C,YPL174C,0,-9.220043,0.09391435235738754,1.0,0.9648000001907349
YJL157C,YDR345C,0,-9.226126,0.09390553086996078,1.0,0.964900016784668
YHL016C,YBR041W,0,-9.226988,0.09389671683311462,1.0,0.9649999737739563
YLR166C,YKL010C,0,-9.235846,0.09388789534568787,1.0,0.9650999903678894
YAL062W,YAL011W,0,-9.237164,0.0938790813088417,1.0,0.9652000069618225
YDR001C,YJR004C,0,-9.239283,0.09387027472257614,1.0,0.9653000235557556
YNR043W,YPL007C,0,-9.240036,0.09386146068572998,1.0,0.965399980545044
YDL046W,YML061C,0,-9.241005,0.09385265409946442,1.0,0.965499997138977
YLR079W,YKL126W,0,-9.243638,0.09384384751319885,1.0,0.9656000137329102
YEL024W,YDR189W,0,-9.2439785,0.09383504092693329,1.0,0.9656999707221985
YJR010C-A,YJL129C,0,-9.245274,0.09382623434066772,1.0,0.9657999873161316
YMR043W,YKL126W,0,-9.245537,0.09381742775440216,1.0,0.9659000039100647
YDL243C,YGR282C,0,-9.251175,0.0938086286187172,1.0,0.9660000205039978
YLR033W,YLR336C,0,-9.251544,0.09379982948303223,1.0,0.9660999774932861
YKL025C,YGL013C,0,-9.25182,0.09379103034734726,1.0,0.9661999940872192
YMR048W,YOL141W,0,-9.255796,0.09378223866224289,1.0,0.9663000106811523
YDL115C,YNL283C,0,-9.256556,0.09377344697713852,1.0,0.9664000272750854
YHR096C,YLR237W,0,-9.258904,0.09376464784145355,1.0,0.9664999842643738
YMR055C,YKL201C,0,-9.264529,0.09375585615634918,1.0,0.9666000008583069
YER129W,YAL009W,0,-9.264641,0.09374707192182541,1.0,0.96670001745224
YHR034C,YPL139C,0,-9.270665,0.09373828023672104,1.0,0.9667999744415283
YGR170W,YMR054W,0,-9.274235,0.09372949600219727,1.0,0.9668999910354614
YGR267C,YNR060W,0,-9.2758465,0.09372071176767349,1.0,0.9670000076293945
YNR003C,YIL138C,0,-9.278674,0.09371192753314972,1.0,0.9671000242233276
YOR193W,YJR004C,0,-9.279425,0.09370315074920654,1.0,0.967199981212616
YJL178C,YDL216C,0,-9.285243,0.09369436651468277,1.0,0.9672999978065491
YOR269W,YNR039C,0,-9.286446,0.0936855897307396,1.0,0.9674000144004822
YOL155C,YAL017W,0,-9.28723,0.09367681294679642,1.0,0.9674999713897705
YHR058C,YPL016W,0,-9.292812,0.09366804361343384,1.0,0.9675999879837036
YKL025C,YOR327C,0,-9.293259,0.09365926682949066,1.0,0.9677000045776367
YGR120C,YDR076W,0,-9.301453,0.09365049749612808,1.0,0.9678000211715698
YNR074C,YBL093C,0,-9.302585,0.0936417281627655,1.0,0.9678999781608582
YPL190C,YDR410C,0,-9.303293,0.09363295882940292,1.0,0.9679999947547913
YDL085W,YBL088C,0,-9.303419,0.09362418949604034,1.0,0.9681000113487244
YLR117C,YNL236W,0,-9.303902,0.09361542761325836,1.0,0.9682000279426575
YJR013W,YFL014W,0,-9.305115,0.09360666573047638,1.0,0.9682999849319458
YKR069W,YER072W,0,-9.306254,0.0935979038476944,1.0,0.9684000015258789
YDR295C,YDR003W,0,-9.307152,0.09358914196491241,1.0,0.968500018119812
YNR060W,YCL032W,0,-9.314361,0.09358038753271103,1.0,0.9685999751091003
YDL223C,YDR143C,0,-9.317307,0.09357162564992905,1.0,0.9686999917030334
YOR180C,YHR059W,0,-9.324146,0.09356287121772766,1.0,0.9688000082969666
YJL102W,YBR231C,0,-9.324827,0.09355412423610687,1.0,0.9689000248908997
YLR116W,YIL099W,0,-9.325097,0.09354536980390549,1.0,0.968999981880188
YIR023W,YDR150W,0,-9.328123,0.0935366228222847,1.0,0.9690999984741211
YMR072W,YPR054W,0,-9.32913,0.09352786839008331,1.0,0.9692000150680542
YNR032W,YHR062C,0,-9.332352,0.09351912140846252,1.0,0.9692999720573425
YOR304W,YER123W,0,-9.341571,0.09351038187742233,1.0,0.9693999886512756
YLR332W,YBL051C,0,-9.343786,0.09350163489580154,1.0,0.9695000052452087
YMR059W,YER049W,0,-9.344407,0.09349289536476135,1.0,0.9696000218391418
YNL147W,YOR380W,0,-9.346656,0.09348415583372116,1.0,0.9696999788284302
YBL037W,YBR195C,0,-9.35755,0.09347541630268097,1.0,0.9697999954223633
YGR199W,YIR018W,0,-9.359408,0.09346667677164078,1.0,0.9699000120162964
YOL101C,YNL085W,0,-9.36152,0.09345794469118118,1.0,0.9700000286102295
YFL055W,YLR229C,0,-9.363836,0.09344921261072159,1.0,0.9700999855995178
YOL126C,YNL044W,0,-9.367055,0.093440480530262,1.0,0.9702000021934509
YNL072W,YGL227W,0,-9.367365,0.0934317484498024,1.0,0.970300018787384
YER167W,YDL195W,0,-9.370779,0.0934230163693428,1.0,0.9703999757766724
YER051W,YHR139C,0,-9.373367,0.0934142917394638,1.0,0.9704999923706055
YHR096C,YHR065C,0,-9.379069,0.09340556710958481,1.0,0.9706000089645386
YOR281C,YLL028W,0,-9.379297,0.09339684247970581,1.0,0.9707000255584717
YDR512C,YOR161C,0,-9.380918,0.09338811784982681,1.0,0.97079998254776
YHR085W,YJL036W,0,-9.38541,0.09337940067052841,1.0,0.9708999991416931
YBL050W,YBL075C,0,-9.387108,0.09337068349123001,1.0,0.9710000157356262
YDR456W,YJL204C,0,-9.388168,0.09336196631193161,1.0,0.9710999727249146
YHR001W-A,YDR523C,0,-9.388222,0.09335324913263321,1.0,0.9711999893188477
YDR421W,YGL037C,0,-9.388336,0.09334453195333481,1.0,0.9713000059127808
YNL230C,YOR130C,0,-9.392473,0.093335822224617,1.0,0.9714000225067139
YJL065C,YOR120W,0,-9.398448,0.0933271124958992,1.0,0.9714999794960022
YGR199W,YDR368W,0,-9.399167,0.0933184027671814,1.0,0.9715999960899353
YIL079C,YER075C,0,-9.402007,0.09330969303846359,1.0,0.9717000126838684
YOL078W,YDR437W,0,-9.402844,0.09330099076032639,1.0,0.9718000292778015
YOR371C,YMR302C,0,-9.403786,0.09329228103160858,1.0,0.9718999862670898
YML067C,YNL029C,0,-9.410713,0.09328357875347137,1.0,0.972000002861023
YEL056W,YJL002C,0,-9.411486,0.09327488392591476,1.0,0.972100019454956
YJL103C,YKL009W,0,-9.412144,0.09326618164777756,1.0,0.9721999764442444
YHL024W,YDR246W,0,-9.412468,0.09325748682022095,1.0,0.9722999930381775
YLR307W,YIR018W,0,-9.414218,0.09324878454208374,1.0,0.9724000096321106
YOR171C,YLL012W,0,-9.414549,0.09324008971452713,1.0,0.9725000262260437
YDL113C,YGR134W,0,-9.41509,0.09323140233755112,1.0,0.972599983215332
YNL042W,YDL044C,0,-9.418087,0.0932227075099945,1.0,0.9726999998092651
YBR149W,YKL127W,0,-9.424647,0.0932140201330185,1.0,0.9728000164031982
YOR320C,YPL126W,0,-9.426295,0.09320533275604248,1.0,0.9728999733924866
YAL032C,YNL012W,0,-9.426967,0.09319664537906647,1.0,0.9729999899864197
YGL065C,YDR288W,0,-9.435719,0.09318795800209045,1.0,0.9731000065803528
YGL180W,YMR035W,0,-9.439339,0.09317927807569504,1.0,0.9732000231742859
YPR070W,YML097C,0,-9.441298,0.09317059814929962,1.0,0.9732999801635742
YCR089W,YOR070C,0,-9.441458,0.0931619182229042,1.0,0.9733999967575073
YPR176C,YDR119W,0,-9.444586,0.09315323829650879,1.0,0.9735000133514404
YML006C,YPL120W,0,-9.449818,0.09314455837011337,1.0,0.9735999703407288
YOL067C,YMR179W,0,-9.453324,0.09313588589429855,1.0,0.9736999869346619
YFL013C,YPL152W,0,-9.457212,0.09312721341848373,1.0,0.973800003528595
YLR291C,YCL010C,0,-9.459934,0.09311854094266891,1.0,0.9739000201225281
YJL116C,YLR007W,0,-9.461821,0.0931098684668541,1.0,0.9739999771118164
YOR336W,YIL113W,0,-9.471853,0.09310120344161987,1.0,0.9740999937057495
YBL005W,YBR198C,0,-9.47925,0.09309253096580505,1.0,0.9742000102996826
YDL164C,YNL097C,0,-9.480017,0.09308386594057083,1.0,0.9743000268936157
YOR381W,YIL153W,0,-9.482777,0.0930752083659172,1.0,0.974399983882904
YBR050C,YDR218C,0,-9.484127,0.09306654334068298,1.0,0.9745000004768372
YBL052C,YCR004C,0,-9.487609,0.09305787831544876,1.0,0.9746000170707703
YDR315C,YGR023W,0,-9.489026,0.09304922074079514,1.0,0.9746999740600586
YDL166C,YDL085W,0,-9.489761,0.09304056316614151,1.0,0.9747999906539917
YJL157C,YML027W,0,-9.489987,0.09303191304206848,1.0,0.9749000072479248
YOL094C,YJR127C,0,-9.4902935,0.09302325546741486,1.0,0.9750000238418579
YER114C,YER035W,0,-9.498743,0.09301460534334183,1.0,0.9750999808311462
YDR043C,YDR045C,0,-9.508591,0.0930059552192688,1.0,0.9751999974250793
YNL219C,YNL334C,0,-9.51034,0.09299730509519577,1.0,0.9753000140190125
YEL036C,YOR288C,0,-9.511145,0.09298865497112274,1.0,0.9753999710083008
YAL062W,YGR075C,0,-9.511599,0.09298001229763031,1.0,0.9754999876022339
YDR272W,YOR319W,0,-9.517454,0.09297136217355728,1.0,0.975600004196167
YPR120C,YML016C,0,-9.518631,0.09296271950006485,1.0,0.9757000207901001
YMR110C,YDR451C,0,-9.519261,0.09295408427715302,1.0,0.9757999777793884
YJL053W,YLR105C,0,-9.52103,0.09294544160366058,1.0,0.9758999943733215
YDR214W,YBR036C,0,-9.52957,0.09293680638074875,1.0,0.9760000109672546
YLR032W,YDR180W,0,-9.540045,0.09292816370725632,1.0,0.9761000275611877
YBR045C,YDR407C,0,-9.545281,0.09291952848434448,1.0,0.9761999845504761
YLR310C,YKL218C,0,-9.546219,0.09291090071201324,1.0,0.9763000011444092
YDL115C,YGR070W,0,-9.548548,0.09290226548910141,1.0,0.9764000177383423
YML102W,YDR512C,0,-9.550651,0.09289363771677017,1.0,0.9764999747276306
YNL156C,YGL025C,0,-9.554543,0.09288500994443893,1.0,0.9765999913215637
YPL112C,YGL207W,0,-9.55703,0.0928763821721077,1.0,0.9767000079154968
YDR273W,YOR311C,0,-9.56421,0.09286775439977646,1.0,0.9768000245094299
YPR005C,YKL130C,0,-9.566248,0.09285913407802582,1.0,0.9768999814987183
YKR024C,YPR031W,0,-9.571283,0.09285051375627518,1.0,0.9769999980926514
YIL026C,YER127W,0,-9.577429,0.09284189343452454,1.0,0.9771000146865845
YOR061W,YBL052C,0,-9.582236,0.0928332731127739,1.0,0.9771999716758728
YPR021C,YMR053C,0,-9.5848675,0.09282465279102325,1.0,0.9772999882698059
YML072C,YGL104C,0,-9.600473,0.09281603991985321,1.0,0.977400004863739
YDR533C,YBR166C,0,-9.60358,0.09280742704868317,1.0,0.9775000214576721
YPR033C,YDL085W,0,-9.604339,0.09279881417751312,1.0,0.9775999784469604
YLR376C,YMR019W,0,-9.612985,0.09279020130634308,1.0,0.9776999950408936
YHR115C,YHR012W,0,-9.6193905,0.09278158843517303,1.0,0.9778000116348267
YMR100W,YJR134C,0,-9.62048,0.09277298301458359,1.0,0.9779000282287598
YDL214C,YPL133C,0,-9.622836,0.09276437759399414,1.0,0.9779999852180481
YJL071W,YJL053W,0,-9.623636,0.0927557721734047,1.0,0.9781000018119812
YML042W,YFL034C-B,0,-9.624319,0.09274717420339584,1.0,0.9782000184059143
YDR253C,YGR271C-A,0,-9.624348,0.0927385687828064,1.0,0.9782999753952026
YIL034C,YHR115C,0,-9.628391,0.09272997081279755,1.0,0.9783999919891357
YJR091C,YBR195C,0,-9.637492,0.0927213728427887,1.0,0.9785000085830688
YHR142W,YBR129C,0,-9.639165,0.09271277487277985,1.0,0.978600025177002
YKR009C,YJR051W,0,-9.6434555,0.09270418435335159,1.0,0.9786999821662903
YGR163W,YBR215W,0,-9.644219,0.09269558638334274,1.0,0.9787999987602234
YLR138W,YLR025W,0,-9.644259,0.09268699586391449,1.0,0.9789000153541565
YPL181W,YOR087W,0,-9.644482,0.09267840534448624,1.0,0.9789999723434448
YDR096W,YLR354C,0,-9.647405,0.09266981482505798,1.0,0.9790999889373779
YHR104W,YBR125C,0,-9.650618,0.09266123175621033,1.0,0.979200005531311
YMR029C,YNL055C,0,-9.652954,0.09265264868736267,1.0,0.9793000221252441
YLR131C,YLR418C,0,-9.6644745,0.09264405816793442,1.0,0.9793999791145325
YDL052C,YOL105C,0,-9.665237,0.09263548254966736,1.0,0.9794999957084656
YIL136W,YOR036W,0,-9.666775,0.0926268994808197,1.0,0.9796000123023987
YKR009C,YPL007C,0,-9.677661,0.09261831641197205,1.0,0.9797000288963318
YDR499W,YBR260C,0,-9.67986,0.09260974079370499,1.0,0.9797999858856201
YCL044C,YDL200C,0,-9.682177,0.09260116517543793,1.0,0.9799000024795532
YDL146W,YNL079C,0,-9.686001,0.09259258955717087,1.0,0.9800000190734863
YPL050C,YOL141W,0,-9.68628,0.0925840213894844,1.0,0.9800999760627747
YPR049C,YOR181W,0,-9.688328,0.09257544577121735,1.0,0.9801999926567078
YJL094C,YDR452W,0,-9.688601,0.09256687760353088,1.0,0.9803000092506409
YGR036C,YLR288C,0,-9.706749,0.09255830943584442,1.0,0.980400025844574
YHL019C,YOL051W,0,-9.712225,0.09254974871873856,1.0,0.9804999828338623
YAL048C,YDR073W,0,-9.713421,0.0925411805510521,1.0,0.9805999994277954
YPL046C,YDR165W,0,-9.714653,0.09253261983394623,1.0,0.9807000160217285
YJL203W,YER075C,0,-9.718026,0.09252405911684036,1.0,0.9807999730110168
YPL171C,YKR013W,0,-9.720875,0.0925154983997345,1.0,0.98089998960495
YJR055W,YOR311C,0,-9.728847,0.09250693768262863,1.0,0.9810000061988831
YJL026W,YDR443C,0,-9.729715,0.09249838441610336,1.0,0.9811000227928162
YBR070C,YML016C,0,-9.730282,0.0924898236989975,1.0,0.9811999797821045
YKR069W,YDR323C,0,-9.734669,0.09248127043247223,1.0,0.9812999963760376
YML022W,YLR347C,0,-9.736002,0.09247271716594696,1.0,0.9814000129699707
YNL006W,YBR216C,0,-9.736691,0.09246417135000229,1.0,0.9815000295639038
YDR294C,YOL147C,0,-9.738092,0.09245561808347702,1.0,0.9815999865531921
YHR034C,YDR235W,0,-9.740063,0.09244707226753235,1.0,0.9817000031471252
YER004W,YAL047C,0,-9.741438,0.09243852645158768,1.0,0.9818000197410583
YKL074C,YPL007C,0,-9.750079,0.092429980635643,1.0,0.9818999767303467
YDL240W,YML062C,0,-9.75148,0.09242144227027893,1.0,0.9819999933242798
YHR017W,YMR089C,0,-9.752901,0.09241290390491486,1.0,0.9821000099182129
YGL247W,YJR076C,0,-9.757557,0.09240435808897018,1.0,0.982200026512146
YMR043W,YHR016C,0,-9.770782,0.0923958271741867,1.0,0.9822999835014343
YOR100C,YMR263W,0,-9.778227,0.09238728880882263,1.0,0.9824000000953674
YGR241C,YPL206C,0,-9.784554,0.09237875044345856,1.0,0.9825000166893005
YPL164C,YDR485C,0,-9.801243,0.09237021952867508,1.0,0.9825999736785889
YHR156C,YKL134C,0,-9.801511,0.0923616886138916,1.0,0.982699990272522
YML001W,YOR162C,0,-9.80791,0.09235315769910812,1.0,0.9828000068664551
YDL227C,YPR074C,0,-9.808507,0.09234462678432465,1.0,0.9829000234603882
YDL111C,YJR134C,0,-9.823143,0.09233610332012177,1.0,0.9829999804496765
YDR272W,YGR239C,0,-9.832816,0.09232757985591888,1.0,0.9830999970436096
YJR092W,YGL020C,0,-9.837479,0.092319056391716,1.0,0.9832000136375427
YMR068W,YDR486C,0,-9.8423605,0.09231053292751312,1.0,0.983299970626831
YBR068C,YJL203W,0,-9.844469,0.09230200946331024,1.0,0.9833999872207642
YFL001W,YJL176C,0,-9.844791,0.09229349344968796,1.0,0.9835000038146973
YGR284C,YML120C,0,-9.849508,0.09228497743606567,1.0,0.9836000204086304
YPR199C,YGL097W,0,-9.852482,0.09227646142244339,1.0,0.9836999773979187
YCL059C,YLR320W,0,-9.8606,0.0922679454088211,1.0,0.9837999939918518
YCR011C,YIL112W,0,-9.863081,0.09225943684577942,1.0,0.9839000105857849
YPR030W,YPL175W,0,-9.881442,0.09225092083215714,1.0,0.984000027179718
YLR015W,YDR270W,0,-9.883271,0.09224241226911545,1.0,0.9840999841690063
YIL066C,YJL036W,0,-9.891817,0.09223390370607376,1.0,0.9842000007629395
YKL005C,YML067C,0,-9.9056225,0.09222540259361267,1.0,0.9843000173568726
YDR113C,YJL054W,0,-9.909471,0.09221689403057098,1.0,0.9843999743461609
YDR108W,YJR010C-A,0,-9.912405,0.0922083929181099,1.0,0.984499990940094
YDR235W,YJL204C,0,-9.916599,0.0921998918056488,1.0,0.9846000075340271
YLR310C,YJL048C,0,-9.918152,0.09219139069318771,1.0,0.9847000241279602
YML065W,YIL121W,0,-9.923834,0.09218288958072662,1.0,0.9847999811172485
YOL030W,YKL124W,0,-9.924797,0.09217439591884613,1.0,0.9848999977111816
YGL212W,YEL002C,0,-9.925619,0.09216590225696564,1.0,0.9850000143051147
YML112W,YCR036W,0,-9.9281845,0.09215740114450455,1.0,0.9850999712944031
YML104C,YPL023C,0,-9.934996,0.09214891493320465,1.0,0.9851999878883362
YPL100W,YKL057C,0,-9.938921,0.09214042127132416,1.0,0.9853000044822693
YCL004W,YLR376C,0,-9.943711,0.09213193506002426,1.0,0.9854000210762024
YKL017C,YGR009C,0,-9.952046,0.09212344884872437,1.0,0.9854999780654907
YDL022W,YOL155C,0,-9.953957,0.09211496263742447,1.0,0.9855999946594238
YOR056C,YDR002W,0,-9.96008,0.09210647642612457,1.0,0.9857000112533569
YLR330W,YDR519W,0,-9.964225,0.09209799021482468,1.0,0.98580002784729
YDL240W,YPL065W,0,-9.966544,0.09208951145410538,1.0,0.9858999848365784
YLR014C,YDR059C,0,-9.969303,0.09208103269338608,1.0,0.9860000014305115
YOR173W,YJL186W,0,-9.973048,0.09207255393266678,1.0,0.9861000180244446
YLR423C,YKL042W,0,-9.977226,0.09206407517194748,1.0,0.9861999750137329
YDR096W,YGR133W,0,-9.989486,0.09205560386180878,1.0,0.986299991607666
YDL059C,YOR329C,0,-9.994148,0.09204712510108948,1.0,0.9864000082015991
YDR158W,YLR176C,0,-9.995729,0.09203865379095078,1.0,0.9865000247955322
YDR179C,YBR006W,0,-10.004297,0.09203018248081207,1.0,0.9865999817848206
YPL051W,YBR072W,0,-10.009254,0.09202171862125397,1.0,0.9866999983787537
YGR183C,YBR061C,0,-10.013063,0.09201324731111526,1.0,0.9868000149726868
YPL270W,YOL064C,0,-10.016689,0.09200478345155716,1.0,0.9868999719619751
YBR078W,YHR106W,0,-10.026547,0.09199631959199905,1.0,0.9869999885559082
YJR138W,YOR362C,0,-10.029798,0.09198785573244095,1.0,0.9871000051498413
YNL259C,YDR076W,0,-10.030411,0.09197939932346344,1.0,0.9872000217437744
YBR295W,YDR486C,0,-10.041557,0.09197093546390533,1.0,0.9872999787330627
YLR116W,YDR165W,0,-10.042289,0.09196247905492783,1.0,0.9873999953269958
YOR180C,YPL156C,0,-10.044819,0.09195402264595032,1.0,0.987500011920929
YKL011C,YKL129C,0,-10.044936,0.09194556623697281,1.0,0.9876000285148621
YNL001W,YLL022C,0,-10.065857,0.0919371172785759,1.0,0.9876999855041504
YKL005C,YJL035C,0,-10.071468,0.09192866086959839,1.0,0.9878000020980835
YNL161W,YCR020C,0,-10.076613,0.09192021191120148,1.0,0.9879000186920166
YJL110C,YPR031W,0,-10.081042,0.09191176295280457,1.0,0.9879999756813049
YMR068W,YOR026W,0,-10.083673,0.09190331399440765,1.0,0.988099992275238
YMR167W,YBL067C,0,-10.091453,0.09189487248659134,1.0,0.9882000088691711
YJL194W,YMR216C,0,-10.106464,0.09188643097877502,1.0,0.9883000254631042
YJR089W,YDR416W,0,-10.112137,0.09187798947095871,1.0,0.9883999824523926
YNL094W,YPL228W,0,-10.114297,0.0918695479631424,1.0,0.9884999990463257
YGL166W,YOR279C,0,-10.122291,0.09186110645532608,1.0,0.9886000156402588
YOR067C,YOR279C,0,-10.126774,0.09185266494750977,1.0,0.9886999726295471
YKR026C,YLR084C,0,-10.1277685,0.09184423089027405,1.0,0.9887999892234802
YFL029C,YIL132C,0,-10.148825,0.09183579683303833,1.0,0.9889000058174133
YNL258C,YNL123W,0,-10.149746,0.09182736277580261,1.0,0.9890000224113464
YFL055W,YIL016W,0,-10.154236,0.09181893616914749,1.0,0.9890999794006348
YMR009W,YLR034C,0,-10.156187,0.09181050211191177,1.0,0.9891999959945679
YJR050W,YOL054W,0,-10.159229,0.09180207550525665,1.0,0.989300012588501
YHL019C,YDL066W,0,-10.170403,0.09179364889860153,1.0,0.9894000291824341
YGL223C,YGL094C,0,-10.1761265,0.09178522229194641,1.0,0.9894999861717224
YPR141C,YFL026W,0,-10.177946,0.09177679568529129,1.0,0.9896000027656555
YMR201C,YKL028W,0,-10.196618,0.09176837652921677,1.0,0.9897000193595886
YDR361C,YGL247W,0,-10.198521,0.09175995737314224,1.0,0.989799976348877
YGR166W,YDR312W,0,-10.200783,0.09175153821706772,1.0,0.9898999929428101
YDR304C,YJL141C,0,-10.2064905,0.0917431190609932,1.0,0.9900000095367432
YFR008W,YJL128C,0,-10.207146,0.09173469990491867,1.0,0.9901000261306763
YOL017W,YOL125W,0,-10.208137,0.09172628819942474,1.0,0.9901999831199646
YDL102W,YEL056W,0,-10.209536,0.09171787649393082,1.0,0.9902999997138977
YKL017C,YBR295W,0,-10.222452,0.09170946478843689,1.0,0.9904000163078308
YDR208W,YGL098W,0,-10.227144,0.09170105308294296,1.0,0.9904999732971191
YMR135C,YJR066W,0,-10.232859,0.09169264882802963,1.0,0.9905999898910522
YOR382W,YJR097W,0,-10.237343,0.0916842371225357,1.0,0.9907000064849854
YDL049C,YCR083W,0,-10.247446,0.09167583286762238,1.0,0.9908000230789185
YCR098C,YPL155C,0,-10.271477,0.09166742861270905,1.0,0.9908999800682068
YGR268C,YGR049W,0,-10.276747,0.09165903180837631,1.0,0.9909999966621399
YMR301C,YMR139W,0,-10.298298,0.09165062755346298,1.0,0.991100013256073
YBL009W,YIL124W,0,-10.310996,0.09164223074913025,1.0,0.9911999702453613
YJL115W,YOL054W,0,-10.317516,0.09163383394479752,1.0,0.9912999868392944
YOL091W,YCL048W,0,-10.340242,0.09162543714046478,1.0,0.9914000034332275
YER044C,YGR239C,0,-10.340693,0.09161704033613205,1.0,0.9915000200271606
YDL209C,YHR068W,0,-10.345663,0.09160865098237991,1.0,0.991599977016449
YCL016C,YDR259C,0,-10.356186,0.09160025417804718,1.0,0.9916999936103821
YGL181W,YFR034C,0,-10.361445,0.09159186482429504,1.0,0.9918000102043152
YMR033W,YLR268W,0,-10.36148,0.09158347547054291,1.0,0.9919000267982483
YDL013W,YGR123C,0,-10.373792,0.09157509356737137,1.0,0.9919999837875366
YOL049W,YDR453C,0,-10.373862,0.09156670421361923,1.0,0.9921000003814697
YCR063W,YLR350W,0,-10.387996,0.09155832231044769,1.0,0.9922000169754028
YOR113W,YOR229W,0,-10.425293,0.09154994040727615,1.0,0.9922999739646912
YER159C,YCL052C,0,-10.42697,0.09154155850410461,1.0,0.9923999905586243
YBR068C,YPR001W,0,-10.4287405,0.09153318405151367,1.0,0.9925000071525574
YPL133C,YOR047C,0,-10.432019,0.09152480214834213,1.0,0.9926000237464905
YFL056C,YER167W,0,-10.451351,0.09151642769575119,1.0,0.9926999807357788
YOR279C,YJL197W,0,-10.453797,0.09150805324316025,1.0,0.9927999973297119
YAR007C,YOL006C,0,-10.468476,0.0914996787905693,1.0,0.992900013923645
YNR010W,YHR167W,0,-10.487257,0.09149131178855896,1.0,0.9929999709129333
YDL231C,YPR110C,0,-10.494215,0.09148293733596802,1.0,0.9930999875068665
YDR533C,YNL250W,0,-10.494471,0.09147457033395767,1.0,0.9932000041007996
YMR055C,YCR036W,0,-10.512652,0.09146620333194733,1.0,0.9933000206947327
YDR501W,YFR031C,0,-10.547884,0.09145783632993698,1.0,0.993399977684021
YNL323W,YKL040C,0,-10.548173,0.09144947677850723,1.0,0.9934999942779541
YGL013C,YGR270W,0,-10.568051,0.09144110977649689,1.0,0.9936000108718872
YJR046W,YKR089C,0,-10.57199,0.09143275022506714,1.0,0.9937000274658203
YKL189W,YNL264C,0,-10.572777,0.09142439067363739,1.0,0.9937999844551086
YDL020C,YJR004C,0,-10.580858,0.09141603112220764,1.0,0.9939000010490417
YPL008W,YPR107C,0,-10.616532,0.09140767902135849,1.0,0.9940000176429749
YEL036C,YNL281W,0,-10.617171,0.09139932692050934,1.0,0.9940999746322632
YBR214W,YMR236W,0,-10.617475,0.09139096736907959,1.0,0.9941999912261963
YIL034C,YKL059C,0,-10.618462,0.09138262271881104,1.0,0.9943000078201294
YNL042W,YNL207W,0,-10.623751,0.09137427061796188,1.0,0.9944000244140625
YGR109C,YPR010C,0,-10.643734,0.09136591851711273,1.0,0.9944999814033508
YMR287C,YDR522C,0,-10.643918,0.09135757386684418,1.0,0.9945999979972839
YKR076W,YBR156C,0,-10.650182,0.09134922921657562,1.0,0.994700014591217
YOR161C,YDR453C,0,-10.652557,0.09134088456630707,1.0,0.9947999715805054
YLR295C,YMR006C,0,-10.658539,0.09133253991603851,1.0,0.9948999881744385
YLR332W,YPL186C,0,-10.705952,0.09132420271635056,1.0,0.9950000047683716
YML042W,YKR013W,0,-10.719791,0.091315858066082,1.0,0.9951000213623047
YIL120W,YLR181C,0,-10.726758,0.09130752086639404,1.0,0.995199978351593
YPL202C,YPR060C,0,-10.750397,0.09129919111728668,1.0,0.9952999949455261
YGR179C,YPL258C,0,-10.772203,0.09129085391759872,1.0,0.9954000115394592
YER159C,YOR048C,0,-10.784044,0.09128251671791077,1.0,0.9955000281333923
YPR081C,YDR356W,0,-10.795225,0.0912741869688034,1.0,0.9955999851226807
YIR010W,YDL166C,0,-10.799734,0.09126585721969604,1.0,0.9957000017166138
YLR231C,YBR125C,0,-10.8076515,0.09125752747058868,1.0,0.9958000183105469
YMR298W,YDL154W,0,-10.809904,0.09124920517206192,1.0,0.9958999752998352
YML102W,YNL304W,0,-10.843149,0.09124087542295456,1.0,0.9959999918937683
YIL044C,YLR242C,0,-10.844478,0.0912325531244278,1.0,0.9961000084877014
YBL046W,YDR416W,0,-10.846936,0.09122423082590103,1.0,0.9962000250816345
YFR041C,YOL100W,0,-10.854387,0.09121590852737427,1.0,0.9962999820709229
YLR431C,YCR066W,0,-10.866383,0.0912075862288475,1.0,0.996399998664856
YGR174C,YML072C,0,-10.867434,0.09119927138090134,1.0,0.9965000152587891
YMR022W,YBR169C,0,-10.873537,0.09119095653295517,1.0,0.9965999722480774
YJL094C,YKL045W,0,-10.960486,0.091182641685009,1.0,0.9966999888420105
YGL163C,YIL153W,0,-10.960665,0.09117432683706284,1.0,0.9968000054359436
YMR014W,YGR239C,0,-11.043576,0.09116601198911667,1.0,0.9969000220298767
YLR131C,YIL118W,0,-11.062307,0.0911577045917511,1.0,0.996999979019165
YNL147W,YLR045C,0,-11.077527,0.09114939719438553,1.0,0.9970999956130981
YDR118W,YNL188W,0,-11.098776,0.09114108979701996,1.0,0.9972000122070312
YNL317W,YDR311W,0,-11.09995,0.09113278239965439,1.0,0.9973000288009644
YGL035C,YDR059C,0,-11.128214,0.09112447500228882,1.0,0.9973999857902527
YDR104C,YGR241C,0,-11.132486,0.09111617505550385,1.0,0.9975000023841858
YIR033W,YDR453C,0,-11.148096,0.09110787510871887,1.0,0.9976000189781189
YHR046C,YBR043C,0,-11.20644,0.0910995751619339,1.0,0.9976999759674072
YNL148C,YER011W,0,-11.227708,0.09109127521514893,1.0,0.9977999925613403
YGL257C,YCL052C,0,-11.241391,0.09108297526836395,1.0,0.9979000091552734
YJL194W,YOR155C,0,-11.246309,0.09107468277215958,1.0,0.9980000257492065
YCR014C,YOR124C,0,-11.326819,0.0910663902759552,1.0,0.9980999827384949
YBR245C,YHR048W,0,-11.327437,0.09105809777975082,1.0,0.998199999332428
YOR034C,YPL120W,0,-11.408021,0.09104980528354645,1.0,0.9983000159263611
YHR200W,YHR154W,0,-11.45855,0.09104151278734207,1.0,0.9983999729156494
YDR320C,YDR369C,0,-11.45899,0.09103322774171829,1.0,0.9984999895095825
YDL141W,YGR223C,0,-11.5873575,0.09102494269609451,1.0,0.9986000061035156
YBR230C,YLR181C,0,-11.609396,0.09101665765047073,1.0,0.9987000226974487
YBR149W,YIL073C,0,-11.667555,0.09100837260484695,1.0,0.9987999796867371
YPL119C,YCR004C,0,-11.735319,0.09100008755922318,1.0,0.9988999962806702
YOR038C,YPL038W,0,-11.751888,0.09099180996417999,1.0,0.9990000128746033
YER143W,YBR136W,0,-11.754772,0.09098353236913681,1.0,0.9991000294685364
YCR038C,YCR020C,0,-11.864089,0.09097525477409363,1.0,0.9991999864578247
YBR050C,YJR095W,0,-11.903919,0.09096697717905045,1.0,0.9993000030517578
YGL006W,YGL058W,0,-11.915474,0.09095870703458786,1.0,0.9994000196456909
YGR193C,YJL204C,0,-12.055447,0.09095042943954468,1.0,0.9994999766349792
YPR049C,YFR041C,0,-12.192651,0.09094215929508209,1.0,0.9995999932289124
YER142C,YJL089W,0,-12.2462225,0.0909338891506195,1.0,0.9997000098228455
YMR139W,YML109W,0,-12.31154,0.09092562645673752,1.0,0.9998000264167786
YBR114W,YDR363W-A,0,-12.38417,0.09091735631227493,1.0,0.9998999834060669
YGL035C,YJL048C,0,-13.007406,0.09090909361839294,1.0,1.0
