Gene A,Gene B,Label,Score,Precision,Recall,False Positive Rate
YCL061C,YCL060C,1,19.26184,1.0,0.0009950249223038554,0.0
YJL006C,YBR065C,0,12.090132,0.5,0.0009950249223038554,0.00010005002695834264
YNR023W,YBL008W,1,10.891098,0.6666666865348816,0.001990049844607711,0.00010005002695834264
YDR071C,YDR145W,1,10.508337,0.75,0.0029850746504962444,0.00010005002695834264
YKR008W,YMR091C,1,10.089008,0.800000011920929,0.003980099689215422,0.00010005002695834264
YPL153C,YHR118C,1,9.984975,0.8333333134651184,0.004975124262273312,0.00010005002695834264
YNR023W,YOR038C,1,9.749149,0.8571428656578064,0.005970149300992489,0.00010005002695834264
YOR048C,YOR039W,0,9.720158,0.75,0.005970149300992489,0.00020010005391668528
YOR195W,YMR213W,0,9.717927,0.6666666865348816,0.005970149300992489,0.0003001500735990703
YHL027W,YHR158C,0,9.640983,0.6000000238418579,0.005970149300992489,0.00040020010783337057
YMR044W,YBR245C,1,9.47957,0.6363636255264282,0.006965174339711666,0.00040020010783337057
YER114C,YMR019W,0,9.442366,0.5833333134651184,0.006965174339711666,0.0005002501420676708
YNR023W,YKL160W,1,9.223308,0.6153846383094788,0.007960199378430843,0.0005002501420676708
YLR191W,YER148W,0,9.201145,0.5714285969734192,0.007960199378430843,0.0006003001471981406
YDR145W,YDR303C,1,9.078592,0.6000000238418579,0.008955223485827446,0.0006003001471981406
YKR071C,YGL093W,0,9.031485,0.5625,0.008955223485827446,0.0007003501523286104
YBR049C,YNL331C,0,8.937094,0.529411792755127,0.008955223485827446,0.0008004002156667411
YDR073W,YDR334W,1,8.925044,0.5555555820465088,0.009950248524546623,0.0008004002156667411
YNL149C,YPL153C,0,8.912097,0.5263158082962036,0.009950248524546623,0.0009004502207972109
YNL101W,YKR100C,0,8.898954,0.5,0.009950248524546623,0.0010005002841353416
YMR233W,YNL107W,0,8.828308,0.4761904776096344,0.009950248524546623,0.0011005502892658114
YKL001C,YDR468C,0,8.783341,0.4545454680919647,0.009950248524546623,0.0012006002943962812
YFL013C,YHR059W,0,8.725562,0.43478259444236755,0.009950248524546623,0.001300650299526751
YOL102C,YKR066C,0,8.714926,0.4166666567325592,0.009950248524546623,0.0014007003046572208
YDR092W,YNL131W,0,8.66403,0.4000000059604645,0.009950248524546623,0.0015007504262030125
YDR436W,YGR143W,0,8.634267,0.38461539149284363,0.009950248524546623,0.0016008004313334823
YGR089W,YER050C,0,8.62041,0.37037035822868347,0.009950248524546623,0.001700850436463952
YBR215W,YKR008W,1,8.61346,0.3928571343421936,0.0109452735632658,0.001700850436463952
YER114C,YBR150C,0,8.591524,0.37931033968925476,0.0109452735632658,0.0018009004415944219
YGL168W,YBR119W,0,8.591406,0.36666667461395264,0.0109452735632658,0.0019009504467248917
YLR399C,YBR245C,1,8.587686,0.3870967626571655,0.011940298601984978,0.0019009504467248917
YCR020W-B,YDR303C,1,8.578365,0.40625,0.012935323640704155,0.0019009504467248917
YDR421W,YDR079W,0,8.511025,0.39393940567970276,0.012935323640704155,0.0020010005682706833
YDR466W,YDL006W,0,8.487907,0.38235294818878174,0.012935323640704155,0.0021010504569858313
YNR023W,YGL150C,1,8.476522,0.4000000059604645,0.013930348679423332,0.0021010504569858313
YGL150C,YDL197C,1,8.447371,0.4166666567325592,0.014925372786819935,0.0021010504569858313
YDR478W,YJL029C,0,8.425887,0.4054054021835327,0.014925372786819935,0.002201100578531623
YBR215W,YDR073W,1,8.396183,0.42105263471603394,0.015920398756861687,0.002201100578531623
YGR072W,YOR226C,0,8.368484,0.41025641560554504,0.015920398756861687,0.002301150467246771
YML076C,YMR286W,0,8.35841,0.4000000059604645,0.015920398756861687,0.0024012005887925625
YOR038C,YOR304W,1,8.351049,0.4146341383457184,0.016915423795580864,0.0024012005887925625
YNL311C,YKR100C,0,8.348488,0.4047619104385376,0.016915423795580864,0.002501250710338354
YBL008W,YDR071C,1,8.330303,0.41860464215278625,0.017910446971654892,0.002501250710338354
YGR134W,YGL018C,0,8.329761,0.40909090638160706,0.017910446971654892,0.002601300599053502
YJL013C,YGR220C,0,8.325777,0.4000000059604645,0.017910446971654892,0.0027013507205992937
YPR198W,YDR011W,0,8.321317,0.3913043439388275,0.017910446971654892,0.0028014006093144417
YJL101C,YPR057W,0,8.320961,0.38297873735427856,0.017910446971654892,0.0029014507308602333
YEL053C,YML112W,0,8.310478,0.375,0.017910446971654892,0.003001500852406025
YPR162C,YMR033W,1,8.2555895,0.3877550959587097,0.01890547201037407,0.003001500852406025
YNL038W,YNR010W,0,8.211863,0.3799999952316284,0.01890547201037407,0.003101550741121173
YGL003C,YDR207C,0,8.185774,0.37254902720451355,0.01890547201037407,0.0032016008626669645
YBR231C,YMR190C,1,8.172869,0.38461539149284363,0.019900497049093246,0.0032016008626669645
YJL033W,YOL072W,0,8.172647,0.37735849618911743,0.019900497049093246,0.0033016507513821125
YMR004W,YJL095W,0,8.169828,0.37037035822868347,0.019900497049093246,0.003401700872927904
YDR532C,YBR260C,0,8.160877,0.3636363744735718,0.019900497049093246,0.003501750761643052
YER081W,YBR162C,0,8.109076,0.3571428656578064,0.019900497049093246,0.0036018008831888437
YPL011C,YBR245C,1,8.09363,0.3684210479259491,0.020895522087812424,0.0036018008831888437
YFR049W,YER030W,0,8.073139,0.36206895112991333,0.020895522087812424,0.0037018510047346354
YCR092C,YLR163C,0,8.054022,0.35593220591545105,0.020895522087812424,0.0038019008934497833
YIL007C,YDR092W,0,8.033373,0.3499999940395355,0.020895522087812424,0.003901951014995575
YGL212W,YPR043W,0,8.015545,0.3442623019218445,0.020895522087812424,0.004002001136541367
YMR198W,YOR372C,0,8.009676,0.33870968222618103,0.020895522087812424,0.004102051258087158
YOL072W,YGR002C,0,7.9969325,0.3333333432674408,0.020895522087812424,0.0042021009139716625
YMR227C,YBR195C,1,7.9490566,0.34375,0.0218905471265316,0.0042021009139716625
YBR231C,YNL107W,1,7.9480762,0.35384616255760193,0.022885572165250778,0.0042021009139716625
YDR003W,YMR242C,0,7.940571,0.3484848439693451,0.022885572165250778,0.004302151035517454
YBR245C,YDR303C,1,7.899006,0.35820895433425903,0.023880597203969955,0.004302151035517454
YMR044W,YKR008W,1,7.8873425,0.36764705181121826,0.024875622242689133,0.004302151035517454
YLR170C,YHR082C,0,7.8480687,0.36231884360313416,0.024875622242689133,0.004402201157063246
YER164W,YGL112C,1,7.8386745,0.37142857909202576,0.02587064728140831,0.004402201157063246
YPL204W,YDL245C,0,7.8307323,0.3661971688270569,0.02587064728140831,0.004502251278609037
YML112W,YPL042C,0,7.798533,0.3611111044883728,0.02587064728140831,0.004602300934493542
YLR309C,YDR231C,0,7.794399,0.3561643958091736,0.02587064728140831,0.004702351056039333
YNL183C,YDR365C,0,7.770185,0.3513513505458832,0.02587064728140831,0.004802401177585125
YDR466W,YBR273C,0,7.74014,0.3466666638851166,0.02587064728140831,0.004902451299130917
YOL012C,YOR279C,1,7.727402,0.3552631437778473,0.026865672320127487,0.004902451299130917
YFL044C,YGR143W,0,7.6985188,0.350649356842041,0.026865672320127487,0.005002501420676708
YDL083C,YPL004C,0,7.696969,0.3461538553237915,0.026865672320127487,0.0051025510765612125
YGL136C,YDR007W,0,7.6955776,0.3417721390724182,0.026865672320127487,0.005202601198107004
YMR100W,YML098W,0,7.677602,0.3375000059604645,0.026865672320127487,0.005302651319652796
YOL066C,YFL025C,0,7.6638126,0.3333333432674408,0.026865672320127487,0.005402701441198587
YMR089C,YDR529C,0,7.660017,0.32926830649375916,0.026865672320127487,0.005502751562744379
YGL045W,YOR320C,0,7.6552157,0.3253012001514435,0.026865672320127487,0.005602801218628883
YNL129W,YPL151C,0,7.6256833,0.3214285671710968,0.026865672320127487,0.005702851340174675
YNL250W,YPR134W,0,7.6221848,0.3176470696926117,0.026865672320127487,0.005802901461720467
YMR091C,YOR211C,0,7.615068,0.3139534890651703,0.026865672320127487,0.005902951583266258
YLL033W,YLL031C,0,7.568745,0.3103448152542114,0.026865672320127487,0.00600300170481205
YGL150C,YPL011C,1,7.5571995,0.3181818127632141,0.027860697358846664,0.00600300170481205
YIL007C,YNL271C,0,7.5275474,0.31460675597190857,0.027860697358846664,0.006103051360696554
YDL175C,YKL015W,0,7.5138974,0.31111112236976624,0.027860697358846664,0.006203101482242346
YMR091C,YDR073W,1,7.509869,0.3186813294887543,0.028855720534920692,0.006203101482242346
YJL029C,YLR220W,0,7.4974327,0.31521740555763245,0.028855720534920692,0.0063031516037881374
YDR511W,YML074C,0,7.473668,0.31182795763015747,0.028855720534920692,0.006403201725333929
YIL046W,YER030W,0,7.4575243,0.3085106313228607,0.028855720534920692,0.006503251846879721
YGL237C,YEL018W,0,7.436411,0.3052631616592407,0.028855720534920692,0.006603301502764225
YOR038C,YML006C,0,7.4293537,0.3020833432674408,0.028855720534920692,0.006703351624310017
YIL018W,YCR004C,0,7.4208364,0.2989690601825714,0.028855720534920692,0.006803401745855808
YBL052C,YML109W,1,7.4197345,0.30612245202064514,0.02985074557363987,0.006803401745855808
YNL291C,YGR002C,0,7.408867,0.3030303120613098,0.02985074557363987,0.0069034518674016
YGR002C,YOR279C,1,7.388009,0.3100000023841858,0.030845770612359047,0.0069034518674016
YLR170C,YGL163C,0,7.3818808,0.30693069100379944,0.030845770612359047,0.007003501523286104
YJL140W,YOR317W,0,7.3777895,0.30392158031463623,0.030845770612359047,0.007103551644831896
YPL143W,YPR049C,0,7.357232,0.3009708821773529,0.030845770612359047,0.0072036017663776875
YDR003W,YGR200C,0,7.354962,0.29807692766189575,0.030845770612359047,0.007303651887923479
YML120C,YFR049W,0,7.338748,0.29523810744285583,0.030845770612359047,0.007403702009469271
YPR086W,YDL115C,0,7.332581,0.2924528419971466,0.030845770612359047,0.007503751665353775
YJL101C,YDL045C,0,7.3315597,0.2897196114063263,0.030845770612359047,0.007603801786899567
YLL033W,YPL153C,0,7.3277516,0.28703704476356506,0.030845770612359047,0.007703851908445358
YGL163C,YML010W,1,7.327717,0.29357796907424927,0.03184079751372337,0.007703851908445358
YMR101C,YOR085W,0,7.312625,0.290909081697464,0.03184079751372337,0.00780390202999115
YOR063W,YDR503C,0,7.300098,0.28828829526901245,0.03184079751372337,0.007903952151536942
YDR466W,YJL005W,0,7.296466,0.2857142984867096,0.03184079751372337,0.008004002273082733
YOL102C,YPR086W,0,7.2868185,0.28318583965301514,0.03184079751372337,0.008104052394628525
YPL147W,YDR529C,0,7.273798,0.28070175647735596,0.03184079751372337,0.008204102516174316
YKL160W,YDR303C,1,7.2665443,0.2869565188884735,0.03283582255244255,0.008204102516174316
YNL199C,YDR363W-A,0,7.254504,0.2844827473163605,0.03283582255244255,0.008304151706397533
YGL241W,YLR020C,0,7.2527494,0.28205129504203796,0.03283582255244255,0.008404201827943325
YCR096C,YLR025W,0,7.239499,0.27966102957725525,0.03283582255244255,0.008504251949489117
YBR166C,YML099C,0,7.2321167,0.27731093764305115,0.03283582255244255,0.008604302071034908
YBR231C,YDL002C,1,7.2290773,0.28333333134651184,0.03383084759116173,0.008604302071034908
YNL015W,YMR165C,0,7.2097673,0.28099173307418823,0.03383084759116173,0.0087043521925807
YCL050C,YML034W,0,7.2075567,0.2786885201931,0.03383084759116173,0.008804402314126492
YPR162C,YCL061C,1,7.1993837,0.28455284237861633,0.03482586890459061,0.008804402314126492
YLR193C,YDR075W,0,7.198803,0.2822580635547638,0.03482586890459061,0.008904452435672283
YOL095C,YBL057C,0,7.193265,0.2800000011920929,0.03482586890459061,0.009004502557218075
YDL205C,YDR003W,0,7.1797853,0.2777777910232544,0.03482586890459061,0.009104552678763866
YDR303C,YJL094C,0,7.1779327,0.27559053897857666,0.03482586890459061,0.009204601868987083
YJR140C,YDR073W,1,7.177576,0.28125,0.035820893943309784,0.009204601868987083
YPR068C,YLL004W,1,7.1576357,0.2868216931819916,0.03681591898202896,0.009204601868987083
YDR363W-A,YDR513W,0,7.138834,0.2846153974533081,0.03681591898202896,0.009304651990532875
YNR007C,YER101C,0,7.133028,0.28244274854660034,0.03681591898202896,0.009404702112078667
YJL165C,YML009C,0,7.1298294,0.280303031206131,0.03681591898202896,0.009504752233624458
YDR482C,YER101C,0,7.1284027,0.27819550037384033,0.03681591898202896,0.00960480235517025
YGL163C,YPL011C,1,7.1240044,0.28358209133148193,0.03781094402074814,0.00960480235517025
YGR238C,YCR039C,0,7.116028,0.28148147463798523,0.03781094402074814,0.009704852476716042
YBL022C,YMR198W,0,7.110247,0.27941176295280457,0.03781094402074814,0.009804902598261833
YGL103W,YCL035C,0,7.0812654,0.277372270822525,0.03781094402074814,0.009904952719807625
YKL016C,YJR082C,0,7.079208,0.2753623127937317,0.03781094402074814,0.010005002841353416
YMR230W,YOL055C,0,7.0728254,0.2733812928199768,0.03781094402074814,0.010105052962899208
YHR120W,YDR145W,0,7.0642986,0.27142858505249023,0.03781094402074814,0.010205102153122425
YDL216C,YLR097C,0,7.0542097,0.26950353384017944,0.03781094402074814,0.010305152274668217
YBL080C,YOR011W,0,7.048626,0.26760563254356384,0.03781094402074814,0.010405202396214008
YGR106C,YLL019C,0,7.0429974,0.2657342553138733,0.03781094402074814,0.0105052525177598
YPR086W,YOL135C,0,7.036622,0.2638888955116272,0.03781094402074814,0.010605302639305592
YBL008W,YMR190C,1,7.033679,0.2689655125141144,0.038805969059467316,0.010605302639305592
YNR023W,YBR215W,1,7.0316334,0.27397260069847107,0.03980099409818649,0.010605302639305592
YBL008W,YJL053W,0,7.014839,0.27210885286331177,0.03980099409818649,0.010705352760851383
YPL137C,YGL018C,0,7.009158,0.2702702581882477,0.03980099409818649,0.010805402882397175
YGR005C,YDL120W,0,7.005048,0.268456369638443,0.03980099409818649,0.010905453003942966
YLR061W,YKL189W,0,6.995246,0.2666666805744171,0.03980099409818649,0.011005503125488758
YKR019C,YDR334W,1,6.98942,0.2715231776237488,0.04079601913690567,0.011005503125488758
YNR023W,YMR190C,1,6.9821057,0.2763157784938812,0.04179104417562485,0.011005503125488758
YFL048C,YPR133C,0,6.978358,0.27450981736183167,0.04179104417562485,0.011105552315711975
YDR083W,YNL310C,0,6.97326,0.27272728085517883,0.04179104417562485,0.011205602437257767
YDR478W,YML031W,0,6.9725947,0.2709677517414093,0.04179104417562485,0.011305652558803558
YFR014C,YBR283C,0,6.9702015,0.26923078298568726,0.04179104417562485,0.01140570268034935
YPL153C,YGR275W,1,6.9531994,0.2738853394985199,0.042786069214344025,0.01140570268034935
YDR218C,YDR071C,0,6.9505563,0.2721518874168396,0.042786069214344025,0.011505752801895142
YBL080C,YJL006C,0,6.947892,0.2704402506351471,0.042786069214344025,0.011605802923440933
YER129W,YJL053W,0,6.934279,0.26875001192092896,0.042786069214344025,0.011705853044986725
YPR031W,YNL192W,0,6.93323,0.26708075404167175,0.042786069214344025,0.011805903166532516
YLR237W,YLR097C,0,6.9274287,0.26543208956718445,0.042786069214344025,0.011905953288078308
YGR116W,YDR110W,1,6.9272823,0.2699386477470398,0.0437810942530632,0.011905953288078308
YBR231C,YDR073W,1,6.9221077,0.27439025044441223,0.04477611929178238,0.011905953288078308
YMR282C,YGR154C,0,6.919402,0.27272728085517883,0.04477611929178238,0.0120060034096241
YGL045W,YBL080C,0,6.9150496,0.27108433842658997,0.04477611929178238,0.012106052599847317
YLR033W,YML102W,1,6.9145536,0.27544909715652466,0.045771144330501556,0.012106052599847317
YPL259C,YNL216W,0,6.9069796,0.2738095223903656,0.045771144330501556,0.012206102721393108
YFL013C,YER030W,1,6.906393,0.2781065106391907,0.046766169369220734,0.012206102721393108
YEL062W,YEL053C,0,6.9049463,0.2764706015586853,0.046766169369220734,0.0123061528429389
YNL012W,YLR361C,0,6.899435,0.27485379576683044,0.046766169369220734,0.012406202964484692
YHL027W,YGL061C,0,6.888098,0.2732558250427246,0.046766169369220734,0.012506253086030483
YJL200C,YDR254W,0,6.883001,0.27167630195617676,0.046766169369220734,0.012606303207576275
YOR304W,YML102W,1,6.880621,0.27586206793785095,0.04776119440793991,0.012606303207576275
YML102W,YMR227C,1,6.871398,0.2800000011920929,0.04875621944665909,0.012606303207576275
YOR288C,YDR211W,0,6.8590097,0.27840909361839294,0.04875621944665909,0.012706353329122066
YML109W,YPL235W,1,6.8584166,0.28248587250709534,0.049751244485378265,0.012706353329122066
YGL139W,YBR119W,0,6.854432,0.2808988690376282,0.049751244485378265,0.012806403450667858
YPL239W,YGL037C,0,6.85386,0.2793295979499817,0.049751244485378265,0.01290645357221365
YKL160W,YOR038C,1,6.842581,0.28333333134651184,0.05074626952409744,0.01290645357221365
YPL137C,YKL087C,0,6.8397026,0.28176796436309814,0.05074626952409744,0.013006503693759441
YJL121C,YNR059W,0,6.832039,0.28021979331970215,0.05074626952409744,0.013106552883982658
YMR256C,YKL020C,0,6.8318524,0.2786885201931,0.05074626952409744,0.01320660300552845
YJL166W,YLR093C,0,6.8313084,0.2771739065647125,0.05074626952409744,0.013306653127074242
YHR081W,YDR288W,0,6.8280807,0.2756756842136383,0.05074626952409744,0.013406703248620033
YIL126W,YML041C,1,6.8175364,0.2795698940753937,0.05174129456281662,0.013406703248620033
YGL186C,YJR082C,0,6.8168483,0.27807486057281494,0.05174129456281662,0.013506753370165825
YOL006C,YKR008W,1,6.8148785,0.2819148898124695,0.0527363196015358,0.013506753370165825
YDR279W,YDR288W,0,6.8130674,0.28042328357696533,0.0527363196015358,0.013606803491711617
YGL037C,YDR145W,1,6.8086696,0.28421053290367126,0.053731344640254974,0.013606803491711617
YDR466W,YIL120W,0,6.807635,0.28272250294685364,0.053731344640254974,0.013706853613257408
YJR046W,YJR068W,0,6.80602,0.28125,0.053731344640254974,0.0138069037348032
YBR059C,YDR217C,0,6.799469,0.27979275584220886,0.053731344640254974,0.013906953856348991
YDR105C,YOR086C,0,6.799103,0.27835050225257874,0.053731344640254974,0.014007003046572208
YOL066C,YPR166C,0,6.7866,0.2769230902194977,0.053731344640254974,0.014107053168118
YML127W,YGL112C,1,6.786025,0.2806122303009033,0.05472636967897415,0.014107053168118
YGR027C,YER139C,0,6.7837286,0.2791878283023834,0.05472636967897415,0.014207103289663792
YMR033W,YPL011C,1,6.7825174,0.28282827138900757,0.05572139471769333,0.014207103289663792
YDR279W,YGL060W,0,6.775646,0.28140702843666077,0.05572139471769333,0.014307153411209583
YOL054W,YDR436W,0,6.7708035,0.2800000011920929,0.05572139471769333,0.014407203532755375
YPR198W,YPR008W,0,6.7672544,0.27860695123672485,0.05572139471769333,0.014507253654301167
YDR071C,YMR091C,1,6.766141,0.28217822313308716,0.056716419756412506,0.014507253654301167
YOL056W,YNL216W,0,6.765398,0.2807881832122803,0.056716419756412506,0.014607303775846958
YKR019C,YPL127C,1,6.764609,0.28431373834609985,0.057711441069841385,0.014607303775846958
YJL035C,YDR377W,0,6.7645016,0.2829268276691437,0.057711441069841385,0.01470735389739275
YOL064C,YBL011W,0,6.7634735,0.28155338764190674,0.057711441069841385,0.014807404018938541
YMR233W,YKR077W,0,6.7627044,0.2801932394504547,0.057711441069841385,0.014907454140484333
YNL133C,YPL244C,0,6.7606354,0.2788461446762085,0.057711441069841385,0.01500750333070755
YER164W,YBR245C,1,6.7599945,0.28229665756225586,0.05870646610856056,0.01500750333070755
YDL002C,YOR304W,1,6.75976,0.2857142984867096,0.05970149114727974,0.01500750333070755
YGL112C,YML102W,1,6.7531276,0.2890995144844055,0.06069651618599892,0.01500750333070755
YER164W,YPL018W,0,6.7363834,0.28773584961891174,0.06069651618599892,0.015107553452253342
YPL137C,YGL226W,0,6.7314663,0.2863849699497223,0.06069651618599892,0.015207603573799133
YHL027W,YER031C,0,6.7276754,0.2850467264652252,0.06069651618599892,0.015307653695344925
YGR223C,YGR005C,0,6.724903,0.2837209403514862,0.06069651618599892,0.015407703816890717
YBR279W,YMR002W,0,6.723768,0.28240740299224854,0.06069651618599892,0.015507753938436508
YJL189W,YBR170C,0,6.7160177,0.28110599517822266,0.06069651618599892,0.0156078040599823
YGL045W,YJL196C,0,6.711013,0.27981650829315186,0.06069651618599892,0.01570785418152809
YIL131C,YGR002C,1,6.7091436,0.2831050157546997,0.061691541224718094,0.01570785418152809
YBR215W,YLR285W,1,6.7024755,0.2863636314868927,0.06268656998872757,0.01570785418152809
YER022W,YOR167C,0,6.693594,0.2850678861141205,0.06268656998872757,0.015807904303073883
YIL150C,YNL133C,0,6.691248,0.28378379344940186,0.06268656998872757,0.015907954424619675
YML065W,YNR023W,1,6.6816063,0.286995530128479,0.06368159502744675,0.015907954424619675
YOR260W,YPL001W,0,6.676505,0.2857142984867096,0.06368159502744675,0.016008004546165466
YOL120C,YEL059C-A,0,6.6736565,0.2844444513320923,0.06368159502744675,0.016108054667711258
YGR072W,YLR438C-A,0,6.672719,0.28318583965301514,0.06368159502744675,0.01620810478925705
YOL043C,YNR011C,0,6.6715717,0.2819383144378662,0.06368159502744675,0.01630815491080284
YMR019W,YMR213W,0,6.6605043,0.28070175647735596,0.06368159502744675,0.016408205032348633
YPR134W,YKL182W,0,6.6498938,0.27947598695755005,0.06368159502744675,0.016508253291249275
YER161C,YBR010W,1,6.645288,0.28260868787765503,0.06467662006616592,0.016508253291249275
YPL122C,YDR111C,0,6.638359,0.28138527274131775,0.06467662006616592,0.016608303412795067
YPL138C,YKL173W,0,6.6310244,0.2801724076271057,0.06467662006616592,0.01670835353434086
YJL153C,YPR163C,0,6.6280937,0.278969943523407,0.06467662006616592,0.01680840365588665
YDL006W,YDR247W,0,6.627434,0.2777777910232544,0.06467662006616592,0.01690845377743244
YDR303C,YMR227C,1,6.625644,0.2808510661125183,0.0656716451048851,0.01690845377743244
YGL151W,YLR025W,0,6.6219296,0.27966102957725525,0.0656716451048851,0.017008503898978233
YBR264C,YLR153C,0,6.6166725,0.27848100662231445,0.0656716451048851,0.017108554020524025
YCL004W,YNL288W,0,6.6157207,0.27731093764305115,0.0656716451048851,0.017208604142069817
YNL216W,YJL098W,0,6.6142616,0.2761506140232086,0.0656716451048851,0.017308654263615608
YMR059W,YDR200C,0,6.610651,0.2750000059604645,0.0656716451048851,0.0174087043851614
YPL011C,YGR116W,1,6.6103373,0.2780083119869232,0.06666667014360428,0.0174087043851614
YDR466W,YLL033W,0,6.6091013,0.27685949206352234,0.06666667014360428,0.01750875450670719
YFR037C,YOL017W,1,6.6010485,0.27983540296554565,0.06766169518232346,0.01750875450670719
YJR130C,YGL061C,0,6.5956793,0.2786885201931,0.06766169518232346,0.017608804628252983
YLR318W,YKR019C,0,6.590646,0.2775510251522064,0.06766169518232346,0.017708854749798775
YLL033W,YGL005C,0,6.5900283,0.27642276883125305,0.06766169518232346,0.017808904871344566
YDR082W,YBL011W,0,6.5798397,0.2753036320209503,0.06766169518232346,0.017908954992890358
YBR082C,YDL106C,0,6.577656,0.27419355511665344,0.06766169518232346,0.01800900511443615
YNL006W,YPL183W-A,0,6.5642514,0.2730923593044281,0.06766169518232346,0.01810905523598194
YKR002W,YLR165C,0,6.5587635,0.2720000147819519,0.06766169518232346,0.018209105357527733
YNL261W,YGL112C,1,6.551962,0.2749004065990448,0.06865671277046204,0.018209105357527733
YBR273C,YDR421W,0,6.545647,0.2738095223903656,0.06865671277046204,0.018309155479073524
YDR303C,YLR313C,0,6.539276,0.27272728085517883,0.06865671277046204,0.018409203737974167
YAL059W,YGL037C,0,6.537628,0.27165353298187256,0.06865671277046204,0.01850925385951996
YDL225W,YLR277C,0,6.5339675,0.2705882489681244,0.06865671277046204,0.01860930398106575
YDR533C,YDR023W,0,6.524434,0.26953125,0.06865671277046204,0.018709354102611542
YLR312W-A,YBR274W,0,6.5235095,0.2684824764728546,0.06865671277046204,0.018809404224157333
YDL216C,YDL120W,0,6.518522,0.26744186878204346,0.06865671277046204,0.018909454345703125
YLR103C,YBL052C,1,6.516448,0.2702702581882477,0.06965173780918121,0.018909454345703125
YBL008W,YBR195C,1,6.5080433,0.2730769217014313,0.07064676284790039,0.018909454345703125
YNL041C,YDL065C,0,6.508005,0.27203065156936646,0.07064676284790039,0.019009504467248917
YOR067C,YKL135C,0,6.5077524,0.27099236845970154,0.07064676284790039,0.019109554588794708
YBL080C,YDR257C,0,6.506013,0.26996198296546936,0.07064676284790039,0.0192096047103405
YLR055C,YGR002C,1,6.5048323,0.27272728085517883,0.07164178788661957,0.0192096047103405
YDL185W,YDR453C,0,6.499256,0.27169811725616455,0.07164178788661957,0.01930965483188629
YDR507C,YOR257W,0,6.495617,0.27067670226097107,0.07164178788661957,0.019409704953432083
YOL139C,YDR069C,0,6.492284,0.26966291666030884,0.07164178788661957,0.019509755074977875
YNL261W,YBL052C,1,6.4882917,0.2723880708217621,0.07263681292533875,0.019509755074977875
YLL027W,YER101C,0,6.4873834,0.27137547731399536,0.07263681292533875,0.019609805196523666
YER040W,YMR115W,0,6.484747,0.27037036418914795,0.07263681292533875,0.019709855318069458
YAL011W,YBR195C,1,6.481988,0.27306273579597473,0.07363183796405792,0.019709855318069458
YFR037C,YER161C,1,6.4813375,0.2757352888584137,0.0746268630027771,0.019709855318069458
YPL085W,YNL188W,0,6.467513,0.2747252881526947,0.0746268630027771,0.01980990543961525
YOL012C,YML109W,1,6.4620333,0.277372270822525,0.07562188804149628,0.01980990543961525
YML063W,YMR302C,0,6.4604497,0.27636364102363586,0.07562188804149628,0.01990995556116104
YCL054W,YBR046C,0,6.458238,0.2753623127937317,0.07562188804149628,0.020010005682706833
YGR169C,YGR134W,0,6.45137,0.2743682265281677,0.07562188804149628,0.020110055804252625
YDR246W,YGR118W,0,6.4503784,0.2733812928199768,0.07562188804149628,0.020210105925798416
YAL056W,YHR158C,0,6.44021,0.2724014222621918,0.07562188804149628,0.02031015418469906
YCR009C,YNL242W,0,6.4322386,0.27142858505249023,0.07562188804149628,0.02041020430624485
YFR050C,YBR189W,0,6.4205976,0.27046263217926025,0.07562188804149628,0.020510254427790642
YNL325C,YDR145W,0,6.418973,0.26950353384017944,0.07562188804149628,0.020610304549336433
YDR059C,YKL034W,0,6.417219,0.268551230430603,0.07562188804149628,0.020710354670882225
YER113C,YKR019C,0,6.4164915,0.26760563254356384,0.07562188804149628,0.020810404792428017
YIR009W,YHR079C,0,6.4121227,0.2666666805744171,0.07562188804149628,0.02091045491397381
YNL103W,YIL109C,0,6.408455,0.2657342553138733,0.07562188804149628,0.0210105050355196
YCR037C,YNL039W,0,6.4046636,0.2648083567619324,0.07562188804149628,0.02111055515706539
YDR088C,YOR037W,0,6.401757,0.2638888955116272,0.07562188804149628,0.021210605278611183
YMR091C,YBR089C-A,1,6.400355,0.26643598079681396,0.07661691308021545,0.021210605278611183
YBL055C,YML102W,0,6.3923855,0.2655172348022461,0.07661691308021545,0.021310655400156975
YFR037C,YGR116W,1,6.3888597,0.2680412232875824,0.07761193811893463,0.021310655400156975
YHR119W,YBL008W,1,6.3878174,0.2705479562282562,0.07860696315765381,0.021310655400156975
YBR273C,YFR037C,0,6.3862753,0.2696245610713959,0.07860696315765381,0.021410705521702766
YLR449W,YBR089C-A,1,6.3854218,0.27210885286331177,0.07960198819637299,0.021410705521702766
YAL056W,YDR121W,0,6.382259,0.2711864411830902,0.07960198819637299,0.021510755643248558
YNL291C,YFR021W,0,6.3806276,0.2702702581882477,0.07960198819637299,0.02161080576479435
YNL212W,YOR057W,0,6.3806176,0.2693602740764618,0.07960198819637299,0.02171085588634014
YBR087W,YJL030W,0,6.37018,0.268456369638443,0.07960198819637299,0.021810906007885933
YOR265W,YNR007C,0,6.3634963,0.2675585150718689,0.07960198819637299,0.021910956129431725
YNL135C,YOR141C,1,6.3533306,0.27000001072883606,0.08059701323509216,0.021910956129431725
YJL153C,YKL080W,0,6.3527327,0.2691029906272888,0.08059701323509216,0.022011006250977516
YGL061C,YJL029C,0,6.3490505,0.2682119309902191,0.08059701323509216,0.022111056372523308
YGL061C,YOL108C,0,6.3423405,0.2673267424106598,0.08059701323509216,0.02221110463142395
YNL149C,YGL006W,0,6.339279,0.26644736528396606,0.08059701323509216,0.022311154752969742
YLR085C,YDR303C,1,6.3355603,0.26885247230529785,0.08159203827381134,0.022311154752969742
YNL128W,YOR261C,0,6.332576,0.2679738700389862,0.08159203827381134,0.022411204874515533
YPL204W,YJL189W,0,6.3162136,0.267100989818573,0.08159203827381134,0.022511254996061325
YER164W,YML102W,1,6.308649,0.26948052644729614,0.08258706331253052,0.022511254996061325
YCR052W,YML010W,1,6.3083515,0.27184465527534485,0.0835820883512497,0.022511254996061325
YNL041C,YLL004W,0,6.306437,0.2709677517414093,0.0835820883512497,0.022611305117607117
YCL024W,YKL173W,0,6.3032074,0.27009645104408264,0.0835820883512497,0.02271135523915291
YNL214W,YKL126W,0,6.3013916,0.26923078298568726,0.0835820883512497,0.0228114053606987
YLL004W,YLR442C,1,6.2933893,0.2715654969215393,0.08457711338996887,0.0228114053606987
YNL183C,YJR052W,0,6.290045,0.2707006335258484,0.08457711338996887,0.02291145548224449
YJR016C,YJL164C,0,6.283143,0.2698412835597992,0.08457711338996887,0.023011505603790283
YJL166W,YKL015W,0,6.280248,0.2689873278141022,0.08457711338996887,0.023111555725336075
YOR319W,YJR060W,0,6.2794604,0.2681387960910797,0.08457711338996887,0.023211605846881866
YPR133C,YNL008C,0,6.278569,0.26729559898376465,0.08457711338996887,0.023311655968427658
YBR009C,YDR145W,1,6.277068,0.2695924639701843,0.08557213842868805,0.023311655968427658
YOL012C,YNL021W,1,6.275092,0.2718749940395355,0.08656716346740723,0.023311655968427658
YOR279C,YML102W,1,6.2726088,0.2741433084011078,0.0875621885061264,0.023311655968427658
YGL207W,YLR095C,1,6.263048,0.2763975262641907,0.08855721354484558,0.023311655968427658
YGL123W,YJL057C,0,6.262045,0.2755417823791504,0.08855721354484558,0.02341170608997345
YOR298W,YGL093W,0,6.259948,0.2746913433074951,0.08855721354484558,0.02351175621151924
YKL203C,YNL310C,0,6.2579284,0.2738461494445801,0.08855721354484558,0.023611806333065033
YLR085C,YMR033W,1,6.255248,0.2760736048221588,0.08955223858356476,0.023611806333065033
YDR069C,YML098W,0,6.2516203,0.2752293646335602,0.08955223858356476,0.023711856454610825
YLR038C,YDR096W,0,6.242242,0.27439025044441223,0.08955223858356476,0.023811906576156616
YJR143C,YFL056C,0,6.238694,0.2735562324523926,0.08955223858356476,0.023911956697702408
YPL119C,YNR010W,0,6.234594,0.27272728085517883,0.08955223858356476,0.0240120068192482
YDL002C,YDR145W,1,6.2216806,0.27492445707321167,0.09054726362228394,0.0240120068192482
YOR294W,YBL064C,0,6.218406,0.27409639954566956,0.09054726362228394,0.02411205694079399
YMR158W,YBR005W,0,6.2173586,0.2732732594013214,0.09054726362228394,0.024212105199694633
YNL107W,YBL002W,1,6.2160788,0.27544909715652466,0.09154228866100311,0.024212105199694633
YBR213W,YBL085W,0,6.211999,0.27462685108184814,0.09154228866100311,0.024312155321240425
YHL019C,YMR217W,0,6.205661,0.2738095223903656,0.09154228866100311,0.024412205442786217
YAL017W,YMR169C,0,6.205245,0.27299702167510986,0.09154228866100311,0.02451225556433201
YGR253C,YMR022W,0,6.203249,0.27218934893608093,0.09154228866100311,0.0246123056858778
YER029C,YLR305C,0,6.200966,0.27138644456863403,0.09154228866100311,0.02471235580742359
YDR145W,YNL206C,1,6.197957,0.27352941036224365,0.09253731369972229,0.02471235580742359
YMR264W,YNL015W,0,6.1969447,0.27272728085517883,0.09253731369972229,0.024812405928969383
YPL218W,YDR200C,0,6.1924267,0.2719298303127289,0.09253731369972229,0.024912456050515175
YPL015C,YML010W,1,6.1921263,0.2740524709224701,0.09353233873844147,0.024912456050515175
YPR188C,YDL045W-A,0,6.1911955,0.2732558250427246,0.09353233873844147,0.025012506172060966
YLR399C,YBR089C-A,1,6.1885347,0.2753623127937317,0.09452736377716064,0.025012506172060966
YOR195W,YOR241W,0,6.188032,0.2745664715766907,0.09452736377716064,0.025112556293606758
YJL013C,YFR003C,0,6.186421,0.27377521991729736,0.09452736377716064,0.02521260641515255
YNL292W,YOR347C,0,6.1819334,0.272988498210907,0.09452736377716064,0.02531265653669834
YAL056W,YCR010C,0,6.1795387,0.27220630645751953,0.09452736377716064,0.025412706658244133
YPL186C,YIR023W,0,6.179357,0.27142858505249023,0.09452736377716064,0.025512756779789925
YMR033W,YBR060C,1,6.175396,0.2735042870044708,0.09552238881587982,0.025512756779789925
YJR058C,YLR032W,0,6.174094,0.27272728085517883,0.09552238881587982,0.025612806901335716
YGR046W,YGL003C,0,6.171276,0.2719546854496002,0.09552238881587982,0.025712857022881508
YPR017C,YBR282W,0,6.1701536,0.2711864411830902,0.09552238881587982,0.0258129071444273
YBR261C,YFR041C,0,6.168329,0.2704225480556488,0.09552238881587982,0.02591295726597309
YIR011C,YMR070W,0,6.160057,0.26966291666030884,0.09552238881587982,0.026013007387518883
YMR009W,YDR283C,0,6.159161,0.2689075767993927,0.09552238881587982,0.026113055646419525
YGR221C,YNL059C,1,6.153948,0.27094972133636475,0.096517413854599,0.026113055646419525
YBR231C,YDR071C,1,6.153597,0.2729805111885071,0.09751243889331818,0.026113055646419525
YOL086C,YDR288W,0,6.153246,0.27222222089767456,0.09751243889331818,0.026213105767965317
YMR194W,YOR075W,0,6.148149,0.2714681327342987,0.09751243889331818,0.02631315588951111
YMR285C,YMR270C,0,6.1473117,0.2707182466983795,0.09751243889331818,0.0264132060110569
YFL023W,YML091C,0,6.1459103,0.26997244358062744,0.09751243889331818,0.02651325613260269
YMR223W,YLR321C,1,6.144433,0.2719780206680298,0.09850746393203735,0.02651325613260269
YJL081C,YOR279C,1,6.1417294,0.27397260069847107,0.09950248897075653,0.02651325613260269
YBR060C,YDL106C,0,6.137748,0.2732240557670593,0.09950248897075653,0.026613306254148483
YML065W,YBL052C,1,6.137309,0.2752043604850769,0.10049751400947571,0.026613306254148483
YOR232W,YMR041C,0,6.1370196,0.27445653080940247,0.10049751400947571,0.026713356375694275
YHR174W,YGL105W,0,6.1326466,0.27371272444725037,0.10049751400947571,0.026813406497240067
YGR116W,YNL206C,1,6.1315026,0.2756756842136383,0.10149253904819489,0.026813406497240067
YBR055C,YLR045C,0,6.1307707,0.2749326229095459,0.10149253904819489,0.026913456618785858
YMR080C,YOR279C,1,6.129605,0.27688172459602356,0.10248756408691406,0.026913456618785858
YPL235W,YLR321C,1,6.1288,0.27882036566734314,0.10348258912563324,0.026913456618785858
YOL133W,YOL125W,0,6.126517,0.27807486057281494,0.10348258912563324,0.02701350674033165
YHR156C,YDR164C,0,6.1241875,0.2773333191871643,0.10348258912563324,0.02711355686187744
YDR429C,YPL153C,0,6.123474,0.27659574151039124,0.10348258912563324,0.027213606983423233
YIL101C,YKL056C,0,6.1232424,0.27586206793785095,0.10348258912563324,0.027313657104969025
YMR035W,YDR139C,0,6.122052,0.27513226866722107,0.10348258912563324,0.027413707226514816
YBL093C,YLR151C,0,6.113949,0.2744063436985016,0.10348258912563324,0.027513757348060608
YDR403W,YML085C,0,6.1056023,0.27368420362472534,0.10348258912563324,0.0276138074696064
YHR030C,YML073C,0,6.1043124,0.2729658782482147,0.10348258912563324,0.02771385759115219
YIL068C,YOR254C,0,6.0986123,0.27225130796432495,0.10348258912563324,0.027813907712697983
YOR138C,YKL056C,0,6.0982046,0.27154046297073364,0.10348258912563324,0.027913957834243774
YLR399C,YOR038C,1,6.089466,0.2734375,0.10447761416435242,0.027913957834243774
YPL204W,YGL061C,0,6.086091,0.27272728085517883,0.10447761416435242,0.028014006093144417
YJR010C-A,YCR106W,0,6.0849867,0.27202072739601135,0.10447761416435242,0.02811405621469021
YDR485C,YLR321C,1,6.0800056,0.2739018201828003,0.1054726392030716,0.02811405621469021
YPR128C,YCR009C,0,6.0791287,0.27319586277008057,0.1054726392030716,0.028214106336236
YPR034W,YKR010C,1,6.077159,0.27506425976753235,0.10646766424179077,0.028214106336236
YFR037C,YGR002C,1,6.0765467,0.2769230902194977,0.10746268928050995,0.028214106336236
YNL311C,YMR097C,0,6.07535,0.2762148380279541,0.10746268928050995,0.02831415645778179
YIL014W,YAR035W,0,6.075268,0.27551019191741943,0.10746268928050995,0.028414206579327583
YMR137C,YBR031W,0,6.073148,0.2748091518878937,0.10746268928050995,0.028514256700873375
YHR118C,YBR195C,1,6.0716987,0.27664974331855774,0.10845771431922913,0.028514256700873375
YLL022C,YDR363W,1,6.068599,0.27848100662231445,0.1094527393579483,0.028514256700873375
YDR400W,YPR008W,0,6.067892,0.2777777910232544,0.1094527393579483,0.028614306822419167
YOR249C,YJR004C,0,6.0655956,0.2770780920982361,0.1094527393579483,0.028714356943964958
YPR162C,YMR091C,1,6.0597773,0.27889448404312134,0.11044776439666748,0.028714356943964958
YLR323C,YOR014W,0,6.055294,0.27819550037384033,0.11044776439666748,0.02881440706551075
YPL137C,YOR250C,0,6.0516815,0.2775000035762787,0.11044776439666748,0.02891445718705654
YNL038W,YJR046W,0,6.0504093,0.2768079936504364,0.11044776439666748,0.029014507308602333
YBL052C,YKR019C,1,6.049676,0.27860695123672485,0.11144278943538666,0.029014507308602333
YGR221C,YDR110W,1,6.0472655,0.2803970277309418,0.11243781447410583,0.029014507308602333
YGL220W,YMR100W,0,6.047044,0.27970296144485474,0.11243781447410583,0.029114557430148125
YFR037C,YBL006C,1,6.041646,0.28148147463798523,0.11343283951282501,0.029114557430148125
YHL027W,YPR149W,0,6.038601,0.2807881832122803,0.11343283951282501,0.029214607551693916
YPR128C,YDR169C,0,6.0363727,0.2800982892513275,0.11343283951282501,0.029314657673239708
YDL002C,YBR060C,1,6.035988,0.281862735748291,0.11442785710096359,0.029314657673239708
YER139C,YGR282C,0,6.034959,0.28117358684539795,0.11442785710096359,0.0294147077947855
YFR013W,YLR033W,1,6.0332,0.2829268276691437,0.11542288213968277,0.0294147077947855
YFL025C,YDR482C,0,6.0313134,0.2822384536266327,0.11542288213968277,0.02951475791633129
YKL017C,YBR038W,0,6.030908,0.28155338764190674,0.11542288213968277,0.029614808037877083
YOL125W,YBL085W,0,6.0305524,0.2808716595172882,0.11542288213968277,0.029714858159422874
YLR052W,YGR116W,1,6.0294104,0.28260868787765503,0.11641790717840195,0.029714858159422874
YMR033W,YNL330C,1,6.027858,0.2843373417854309,0.11741293221712112,0.029714858159422874
YLR103C,YMR223W,1,6.02489,0.2860576808452606,0.1184079572558403,0.029714858159422874
YDR527W,YNL129W,0,6.0237007,0.28537169098854065,0.1184079572558403,0.029814908280968666
YPL122C,YJL005W,0,6.019044,0.2846890091896057,0.1184079572558403,0.029914958402514458
YEL038W,YML067C,0,6.0154195,0.28400954604148865,0.1184079572558403,0.0300150066614151
YLR145W,YOR241W,0,6.0133047,0.28333333134651184,0.1184079572558403,0.03011505678296089
YDR025W,YPL223C,0,6.0025735,0.2826603353023529,0.1184079572558403,0.030215106904506683
YNL021W,YGL112C,1,6.0017986,0.28436020016670227,0.11940298229455948,0.030215106904506683
YGL095C,YBR213W,0,6.00134,0.283687949180603,0.11940298229455948,0.030315157026052475
YBR119W,YMR257C,0,5.9955072,0.2830188572406769,0.11940298229455948,0.030415207147598267
YDR175C,YDL065C,0,5.99461,0.2823529541492462,0.11940298229455948,0.030515257269144058
YMR284W,YJL080C,1,5.992134,0.2840375602245331,0.12039800733327866,0.030515257269144058
YBL052C,YGL112C,1,5.989239,0.2857142984867096,0.12139303237199783,0.030515257269144058
YLR055C,YPR034W,1,5.98905,0.28738316893577576,0.12238805741071701,0.030515257269144058
YJL076W,YNL059C,1,5.988188,0.2890442907810211,0.12338308244943619,0.030515257269144058
YGL163C,YLR399C,1,5.987566,0.2906976640224457,0.12437810748815536,0.030515257269144058
YDR111C,YOR026W,0,5.9874926,0.29002320766448975,0.12437810748815536,0.03061530739068985
YPR135W,YKL015W,0,5.9847326,0.28935185074806213,0.12437810748815536,0.03071535751223564
YIL109C,YML041C,0,5.983945,0.28868359327316284,0.12437810748815536,0.030815407633781433
YLR215C,YBL034C,0,5.983514,0.28801843523979187,0.12437810748815536,0.030915457755327225
YOR236W,YAL031C,0,5.982239,0.28735631704330444,0.12437810748815536,0.031015507876873016
YDL225W,YBR005W,0,5.98154,0.28669723868370056,0.12437810748815536,0.031115557998418808
YMR314W,YDL120W,0,5.9782,0.2860412001609802,0.12437810748815536,0.0312156081199646
YDL047W,YOR226C,0,5.976427,0.28538814187049866,0.12437810748815536,0.03131565824151039
YHL036W,YGR221C,0,5.976337,0.28473803400993347,0.12437810748815536,0.03141570836305618
YOL038W,YOR098C,0,5.9752727,0.28409090638160706,0.12437810748815536,0.031515758484601974
YNL041C,YDR217C,0,5.971279,0.28344669938087463,0.12437810748815536,0.031615808606147766
YOR025W,YOR216C,0,5.9700975,0.2828054428100586,0.12437810748815536,0.03171585872769356
YJR140C,YNL206C,1,5.9687777,0.284424364566803,0.12537313997745514,0.03171585872769356
YBR185C,YNL161W,0,5.968432,0.28378379344940186,0.12537313997745514,0.03181590884923935
YEL018W,YGL129C,0,5.9662685,0.28314605355262756,0.12537313997745514,0.03191595897078514
YLR103C,YLR357W,1,5.965689,0.28475335240364075,0.12636816501617432,0.03191595897078514
YLR033W,YMR263W,1,5.965442,0.2863534688949585,0.1273631900548935,0.03191595897078514
YDR071C,YJL127C,1,5.9616966,0.2879464328289032,0.12835821509361267,0.03191595897078514
YDR303C,YNL206C,1,5.960753,0.28953230381011963,0.12935324013233185,0.03191595897078514
YDR287W,YNR003C,0,5.9599447,0.2888889014720917,0.12935324013233185,0.03201600909233093
YDL051W,YDR129C,0,5.9598446,0.28824833035469055,0.12935324013233185,0.032116059213876724
YLR385C,YOR279C,1,5.9586873,0.2898229956626892,0.13034826517105103,0.032116059213876724
YBL021C,YJL071W,0,5.9553823,0.28918322920799255,0.13034826517105103,0.032216109335422516
YGR221C,YMR190C,1,5.951064,0.2907488942146301,0.1313432902097702,0.032216109335422516
YOR261C,YFR040W,0,5.947856,0.29010990262031555,0.1313432902097702,0.03231615945696831
YPL235W,YNL206C,1,5.943929,0.2916666567325592,0.13233831524848938,0.03231615945696831
YCR004C,YGL030W,0,5.940789,0.2910284399986267,0.13233831524848938,0.0324162095785141
YKR072C,YKL013C,0,5.9402227,0.29039302468299866,0.13233831524848938,0.03251625970005989
YIL143C,YJL095W,0,5.935934,0.2897603511810303,0.13233831524848938,0.03261630982160568
YOL149W,YNL158W,0,5.932395,0.28913044929504395,0.13233831524848938,0.032716359943151474
YDL205C,YLR182W,0,5.9316998,0.2885032594203949,0.13233831524848938,0.032816410064697266
YGL037C,YMR239C,1,5.931111,0.29004329442977905,0.13333334028720856,0.032816410064697266
YNL250W,YJR045C,0,5.9298964,0.2894168496131897,0.13333334028720856,0.03291645646095276
YDR478W,YGL223C,0,5.9263525,0.2887931168079376,0.13333334028720856,0.03301650658249855
YGL163C,YBR089C-A,1,5.9252567,0.29032257199287415,0.13432836532592773,0.03301650658249855
YER159C,YMR247C,0,5.9241486,0.28969958424568176,0.13432836532592773,0.03311655670404434
YFL036W,YHR165C,0,5.923973,0.2890792191028595,0.13432836532592773,0.033216606825590134
YDR439W,YBR060C,1,5.920599,0.2905983030796051,0.1353233903646469,0.033216606825590134
YLR052W,YBR010W,1,5.9203587,0.2921108603477478,0.1363184154033661,0.033216606825590134
YGL040C,YDR309C,0,5.911326,0.2914893627166748,0.1363184154033661,0.033316656947135925
YGL163C,YDL065C,0,5.908149,0.2908704876899719,0.1363184154033661,0.03341670706868172
YPR162C,YML069W,1,5.9067354,0.2923728823661804,0.13731342554092407,0.03341670706868172
YGR274C,YOR279C,1,5.899637,0.29386892914772034,0.13830845057964325,0.03341670706868172
YDR404C,YDL040C,0,5.8991804,0.2932489514350891,0.13830845057964325,0.03351675719022751
YDR276C,YNR003C,0,5.8979454,0.2926315665245056,0.13830845057964325,0.0336168073117733
YPL146C,YML009C,0,5.887466,0.29201680421829224,0.13830845057964325,0.03371685743331909
YLR300W,YHR111W,0,5.8853188,0.2914046049118042,0.13830845057964325,0.03381690755486488
YGR162W,YHR139C,0,5.88152,0.2907949686050415,0.13830845057964325,0.033916957676410675
YJR145C,YDR533C,0,5.881449,0.29018789529800415,0.13830845057964325,0.03401700779795647
YHR119W,YML102W,1,5.874675,0.2916666567325592,0.13930347561836243,0.03401700779795647
YJL127C,YLR095C,1,5.8744144,0.2931392788887024,0.1402985006570816,0.03401700779795647
YLL029W,YHR051W,0,5.872813,0.2925311326980591,0.1402985006570816,0.03411705791950226
YNL015W,YKL173W,0,5.8720202,0.29192546010017395,0.1402985006570816,0.03421710804104805
YBR155W,YML091C,0,5.8635345,0.2913223206996918,0.1402985006570816,0.03431715816259384
YBL021C,YOL095C,0,5.863497,0.2907216548919678,0.1402985006570816,0.03441720828413963
YBR114W,YAL051W,0,5.8595104,0.29012346267700195,0.1402985006570816,0.034517258405685425
YMR312W,YGL194C,0,5.857901,0.2895277142524719,0.1402985006570816,0.034617308527231216
YGL031C,YNL156C,0,5.857157,0.2889344394207001,0.1402985006570816,0.03471735864877701
YBR088C,YGL112C,1,5.8521047,0.2903885543346405,0.14129352569580078,0.03471735864877701
YEL037C,YDR453C,0,5.850158,0.2897959053516388,0.14129352569580078,0.0348174087703228
YDR424C,YEL013W,0,5.849599,0.2892057001590729,0.14129352569580078,0.03491745889186859
YBR207W,YLR060W,0,5.8483925,0.288617879152298,0.14129352569580078,0.03501750901341438
YJL089W,YJL033W,0,5.8476343,0.2880324423313141,0.14129352569580078,0.035117559134960175
YPL121C,YMR159C,0,5.847012,0.2874493896961212,0.14129352569580078,0.035217609256505966
YML065W,YBR112C,1,5.846486,0.2888889014720917,0.14228855073451996,0.035217609256505966
YMR091C,YKL015W,0,5.846302,0.28830644488334656,0.14228855073451996,0.03531765937805176
YOR037W,YOL103W,0,5.844717,0.28772637248039246,0.14228855073451996,0.03541770949959755
YHR081W,YNL027W,0,5.84167,0.2871485948562622,0.14228855073451996,0.03551775962114334
YMR223W,YBR215W,1,5.840846,0.2885771691799164,0.14328357577323914,0.03551775962114334
YJL187C,YMR078C,0,5.833718,0.2879999876022339,0.14328357577323914,0.03561780974268913
YBL076C,YJR050W,0,5.8321233,0.28742516040802,0.14328357577323914,0.035717859864234924
YHR017W,YOL005C,0,5.8304057,0.2868525981903076,0.14328357577323914,0.035817909985780716
YBR058C,YMR071C,0,5.824293,0.2862823009490967,0.14328357577323914,0.03591796010732651
YBR279W,YOR044W,0,5.8231516,0.2857142984867096,0.14328357577323914,0.0360180102288723
YKR101W,YMR080C,1,5.821495,0.2871287167072296,0.1442786008119583,0.0360180102288723
YNL021W,YBR215W,1,5.8192787,0.28853756189346313,0.1452736258506775,0.0360180102288723
YBL008W,YLR052W,1,5.819257,0.28994083404541016,0.14626865088939667,0.0360180102288723
YKL132C,YLR023C,0,5.8186917,0.2893700897693634,0.14626865088939667,0.03611806035041809
YMR063W,YDR328C,0,5.8172755,0.2888015806674957,0.14626865088939667,0.03621811047196388
YDL060W,YPL049C,0,5.8159304,0.28823530673980713,0.14626865088939667,0.036318160593509674
YPL244C,YDR200C,0,5.8145733,0.2876712381839752,0.14626865088939667,0.036418210715055466
YER111C,YDR224C,0,5.8142023,0.287109375,0.14626865088939667,0.03651826083660126
YAL011W,YLR033W,1,5.806202,0.28849902749061584,0.14726367592811584,0.03651826083660126
YMR186W,YLR330W,0,5.8058186,0.287937730550766,0.14726367592811584,0.03661831095814705
YFR013W,YLR385C,1,5.8046274,0.2893203794956207,0.14825870096683502,0.03661831095814705
YBR078W,YIL101C,0,5.804572,0.28875967860221863,0.14825870096683502,0.03671835735440254
YOL139C,YPR199C,0,5.7971544,0.28820115327835083,0.14825870096683502,0.036818407475948334
YEL015W,YOR260W,0,5.793027,0.28764477372169495,0.14825870096683502,0.036918457597494125
YNL330C,YLR321C,1,5.7908964,0.28901734948158264,0.1492537260055542,0.036918457597494125
YHR119W,YGL112C,1,5.7907095,0.2903846204280853,0.15024875104427338,0.036918457597494125
YOL031C,YIL061C,0,5.78971,0.28982725739479065,0.15024875104427338,0.03701850771903992
YNL107W,YPR018W,1,5.78899,0.29118773341178894,0.15124377608299255,0.03701850771903992
YOR059C,YIR011C,0,5.78526,0.290630966424942,0.15124377608299255,0.03711855784058571
YNL076W,YDL171C,0,5.7849493,0.290076345205307,0.15124377608299255,0.0372186079621315
YMR100W,YBR022W,0,5.7830634,0.28952381014823914,0.15124377608299255,0.03731865808367729
YPL011C,YPL254W,0,5.781568,0.2889733910560608,0.15124377608299255,0.037418708205223083
YHR064C,YLR315W,0,5.779191,0.2884250581264496,0.15124377608299255,0.037518758326768875
YGR056W,YNL088W,1,5.779003,0.28977271914482117,0.15223880112171173,0.037518758326768875
YGL123W,YGR268C,0,5.777947,0.2892249524593353,0.15223880112171173,0.03761880844831467
YER060W,YOL065C,0,5.7770276,0.28867924213409424,0.15223880112171173,0.03771885856986046
YLR238W,YDL045C,0,5.7715936,0.2881355881690979,0.15223880112171173,0.03781890869140625
YML120C,YFL033C,0,5.767361,0.2875939905643463,0.15223880112171173,0.03791895881295204
YOL017W,YBL002W,1,5.7656183,0.28893059492111206,0.1532338261604309,0.03791895881295204
YHR150W,YBL092W,0,5.7643905,0.28838950395584106,0.1532338261604309,0.03801900893449783
YLL029W,YDR079W,0,5.759454,0.2878504693508148,0.1532338261604309,0.038119059056043625
YOL012C,YOL006C,1,5.759392,0.28917911648750305,0.15422885119915009,0.038119059056043625
YFR031C-A,YPL154C,0,5.7582703,0.2886405885219574,0.15422885119915009,0.038219109177589417
YLR371W,YLR215C,0,5.7577763,0.2881040871143341,0.15422885119915009,0.03831915929913521
YMR302C,YDR500C,0,5.757333,0.2875695824623108,0.15422885119915009,0.038419209420681
YOL080C,YPL060W,0,5.7563477,0.28703704476356506,0.15422885119915009,0.03851925954222679
YPL149W,YJL190C,0,5.7561874,0.2865064740180969,0.15422885119915009,0.03861930966377258
YNL027W,YER129W,0,5.7548504,0.28597787022590637,0.15422885119915009,0.038719359785318375
YDR247W,YBR278W,0,5.7537937,0.285451203584671,0.15422885119915009,0.038819409906864166
YJL080C,YJL001W,0,5.752019,0.28492647409439087,0.15422885119915009,0.03891946002840996
YLR188W,YNL038W,0,5.7502346,0.2844036817550659,0.15422885119915009,0.03901951014995575
YMR316W,YJL054W,0,5.749303,0.2838827967643738,0.15422885119915009,0.03911956027150154
YML065W,YOL012C,1,5.741659,0.28519195318222046,0.15522387623786926,0.03911956027150154
YNL102W,YDR468C,0,5.741044,0.2846715450286865,0.15522387623786926,0.03921961039304733
YLL013C,YNL149C,0,5.7397113,0.284153014421463,0.15522387623786926,0.039319660514593124
YDL205C,YDR167W,0,5.7390037,0.2836363613605499,0.15522387623786926,0.039419710636138916
YER164W,YIL126W,1,5.737049,0.28493648767471313,0.15621890127658844,0.039419710636138916
YGR116W,YJL115W,1,5.7342515,0.2862318754196167,0.15721392631530762,0.039419710636138916
YHR167W,YKL126W,0,5.7335296,0.2857142984867096,0.15721392631530762,0.03951976075768471
YDR485C,YPL011C,1,5.7326956,0.28700360655784607,0.1582089513540268,0.03951976075768471
YER164W,YNL031C,1,5.731931,0.28828829526901245,0.15920397639274597,0.03951976075768471
YIL005W,YKR083C,0,5.7281685,0.28776979446411133,0.15920397639274597,0.0396198108792305
YDL197C,YGL112C,1,5.7247086,0.2890484631061554,0.16019900143146515,0.0396198108792305
YKL160W,YKR101W,1,5.722683,0.29032257199287415,0.16119402647018433,0.0396198108792305
YNR023W,YCR052W,1,5.722131,0.2915921211242676,0.1621890515089035,0.0396198108792305
YJR153W,YOR063W,0,5.720809,0.29107141494750977,0.1621890515089035,0.03971986100077629
YNL156C,YMR012W,0,5.715557,0.2905525863170624,0.1621890515089035,0.03981991112232208
YHR120W,YNL284C,0,5.713908,0.29003557562828064,0.1621890515089035,0.039919961243867874
YDR363W,YGL163C,1,5.71362,0.2912966310977936,0.16318407654762268,0.039919961243867874
YGL163C,YPL127C,1,5.7132483,0.292553186416626,0.16417910158634186,0.039919961243867874
YDL245C,YEL027W,0,5.71152,0.29203540086746216,0.16417910158634186,0.040020011365413666
YNL261W,YPL139C,0,5.709128,0.291519433259964,0.16417910158634186,0.04012006148695946
YEL030W,YER173W,0,5.707236,0.29100528359413147,0.16417910158634186,0.04022011160850525
YFR037C,YBR089C-A,1,5.7065935,0.2922535240650177,0.16517412662506104,0.04022011160850525
YGL251C,YBL092W,0,5.7015905,0.29173988103866577,0.16517412662506104,0.04032016173005104
YOL045W,YOR226C,0,5.701563,0.2912280559539795,0.16517412662506104,0.04042021185159683
YKL093W,YBL092W,0,5.6992903,0.29071804881095886,0.16517412662506104,0.040520261973142624
YHR119W,YDR071C,1,5.696327,0.2919580340385437,0.1661691516637802,0.040520261973142624
YDL175C,YCL004W,0,5.694286,0.2914485037326813,0.1661691516637802,0.04062030836939812
YJL081C,YIL126W,1,5.6920366,0.2926829159259796,0.1671641767024994,0.04062030836939812
YLR208W,YPR106W,0,5.6917295,0.29217392206192017,0.1671641767024994,0.04072035849094391
YDR045C,YDR148C,0,5.6914854,0.2916666567325592,0.1671641767024994,0.0408204086124897
YDR416W,YMR013C,0,5.689664,0.2911611795425415,0.1671641767024994,0.04092045873403549
YNL325C,YER173W,0,5.6870213,0.2906574308872223,0.1671641767024994,0.041020508855581284
YLR312W-A,YMR322C,0,5.684805,0.29015544056892395,0.1671641767024994,0.041120558977127075
YPL074W,YDL235C,0,5.680427,0.2896551787853241,0.1671641767024994,0.04122060909867287
YPR052C,YDR334W,1,5.6788,0.2908777892589569,0.16815920174121857,0.04122060909867287
YGL037C,YBR089C-A,1,5.6786747,0.29209622740745544,0.16915422677993774,0.04122060909867287
YLR033W,YNL107W,1,5.6742477,0.2933104634284973,0.17014925181865692,0.04122060909867287
YER031C,YLR025W,0,5.6698446,0.2928082048892975,0.17014925181865692,0.04132065922021866
YDR092W,YHR150W,0,5.6656737,0.29230770468711853,0.17014925181865692,0.04142070934176445
YNL012W,YDR246W,0,5.664707,0.2918088734149933,0.17014925181865692,0.04152075946331024
YNL049C,YLR145W,0,5.662137,0.29131174087524414,0.17014925181865692,0.04162080958485603
YCR035C,YER028C,0,5.6568613,0.2908163368701935,0.17014925181865692,0.041720859706401825
YKR071C,YIL030C,0,5.6559544,0.29032257199287415,0.17014925181865692,0.04182090982794762
YGR135W,YPR138C,0,5.6545825,0.2898305058479309,0.17014925181865692,0.04192095994949341
YGR253C,YLL009C,0,5.653873,0.2893401086330414,0.17014925181865692,0.0420210100710392
YDR212W,YLR165C,0,5.6525116,0.2888513505458832,0.17014925181865692,0.04212106019258499
YDR172W,YPR175W,0,5.6520834,0.2883642613887787,0.17014925181865692,0.04222111031413078
YNL107W,YBR089C-A,1,5.65145,0.28956228494644165,0.1711442768573761,0.04222111031413078
YOR374W,YGR081C,0,5.651435,0.289075642824173,0.1711442768573761,0.042321160435676575
YBR215W,YIL126W,1,5.6486645,0.2902684509754181,0.17213930189609528,0.042321160435676575
YER022W,YBR155W,0,5.648402,0.28978225588798523,0.17213930189609528,0.042421210557222366
YDL139C,YDL227C,0,5.6470137,0.2892976701259613,0.17213930189609528,0.04252126067876816
YOL066C,YLR383W,0,5.643521,0.2888146936893463,0.17213930189609528,0.04262131080031395
YKR031C,YIR005W,0,5.6429377,0.28833332657814026,0.17213930189609528,0.04272136092185974
YGL195W,YJR083C,0,5.642047,0.28785356879234314,0.17213930189609528,0.04282141104340553
YDL002C,YGR002C,1,5.6417513,0.2890365421772003,0.17313432693481445,0.04282141104340553
YGL163C,YML127W,1,5.637906,0.2902155816555023,0.17412935197353363,0.04282141104340553
YFR013W,YBR089C-A,1,5.636759,0.29139071702957153,0.1751243770122528,0.04282141104340553
YIL126W,YJL115W,1,5.63502,0.29256197810173035,0.17611940205097198,0.04282141104340553
YDR279W,YKL114C,0,5.6342287,0.29207921028137207,0.17611940205097198,0.042921461164951324
YNL212W,YPL159C,0,5.633662,0.29159802198410034,0.17611940205097198,0.043021511286497116
YLR357W,YGL194C,1,5.63266,0.2927631437778473,0.17711442708969116,0.043021511286497116
YJL034W,YOL045W,0,5.630775,0.29228243231773376,0.17711442708969116,0.04312156140804291
YIR023W,YGR239C,0,5.629202,0.2918032705783844,0.17711442708969116,0.0432216115295887
YPL087W,YNR024W,0,5.629155,0.2913256883621216,0.17711442708969116,0.04332166165113449
YDR326C,YOL136C,0,5.627427,0.2908496856689453,0.17711442708969116,0.04342171177268028
YCL061C,YPR018W,1,5.626237,0.2920065224170685,0.17810945212841034,0.04342171177268028
YLR113W,YOR016C,0,5.62538,0.29153093695640564,0.17810945212841034,0.043521761894226074
YBR130C,YOR254C,0,5.618554,0.29105690121650696,0.17810945212841034,0.043621812015771866
YOL042W,YDR392W,0,5.617029,0.29058441519737244,0.17810945212841034,0.04372186213731766
YOR273C,YER114C,0,5.6166964,0.2901134490966797,0.17810945212841034,0.04382191225886345
YKR007W,YDR369C,0,5.6163635,0.2896440029144287,0.17810945212841034,0.04392196238040924
YJL178C,YLR266C,0,5.6158094,0.2891760766506195,0.17810945212841034,0.04402201250195503
YBL006C,YJR140C,1,5.6137977,0.29032257199287415,0.17910447716712952,0.04402201250195503
YBR231C,YGR221C,1,5.61211,0.2914653718471527,0.1800995022058487,0.04402201250195503
YOR275C,YJL183W,0,5.611066,0.290996789932251,0.1800995022058487,0.044122062623500824
YDR088C,YLR054C,0,5.611045,0.29052969813346863,0.1800995022058487,0.044222112745046616
YJL194W,YNL107W,1,5.610814,0.2916666567325592,0.18109452724456787,0.044222112745046616
YMR002W,YBR022W,0,5.6105614,0.29120001196861267,0.18109452724456787,0.04432216286659241
YAR033W,YOR063W,0,5.608592,0.29073482751846313,0.18109452724456787,0.0444222092628479
YCR028C,YMR224C,0,5.6077046,0.290271133184433,0.18109452724456787,0.04452225938439369
YLR038C,YHR190W,0,5.6070423,0.2898089289665222,0.18109452724456787,0.044622309505939484
YNL031C,YMR308C,0,5.60384,0.28934818506240845,0.18109452724456787,0.044722359627485275
YPL127C,YMR302C,0,5.6022243,0.2888889014720917,0.18109452724456787,0.04482240974903107
YDR224C,YPL060W,0,5.6020856,0.2884310483932495,0.18109452724456787,0.04492245987057686
YFR013W,YMR227C,1,5.599948,0.28955695033073425,0.18208955228328705,0.04492245987057686
YNL232W,YKR020W,0,5.5972786,0.2890995144844055,0.18208955228328705,0.04502250999212265
YDR473C,YMR203W,0,5.5969687,0.2886435389518738,0.18208955228328705,0.04512256011366844
YFL047W,YML031W,0,5.596922,0.28818896412849426,0.18208955228328705,0.04522261023521423
YLR325C,YNL133C,0,5.596676,0.28773584961891174,0.18208955228328705,0.045322660356760025
YGR056W,YBR060C,1,5.596196,0.2888540029525757,0.18308457732200623,0.045322660356760025
YMR223W,YNL206C,1,5.593552,0.2899686396121979,0.1840796023607254,0.045322660356760025
YGR057C,YKR028W,0,5.587899,0.2895148694515228,0.1840796023607254,0.04542271047830582
YPL189W,YLR131C,0,5.587756,0.2890625,0.1840796023607254,0.04552276059985161
YML021C,YOR126C,0,5.586446,0.2886115312576294,0.1840796023607254,0.0456228107213974
YPL096W,YGR094W,0,5.5812187,0.2881619930267334,0.1840796023607254,0.04572286084294319
YGR275W,YGR116W,1,5.579505,0.2892690598964691,0.18507462739944458,0.04572286084294319
YJL194W,YLR095C,1,5.576461,0.29037266969680786,0.18606965243816376,0.04572286084294319
YOL054W,YGR241C,0,5.5752497,0.28992247581481934,0.18606965243816376,0.04582291096448898
YLR272C,YML010W,1,5.5741296,0.2910216748714447,0.18706467747688293,0.04582291096448898
YGL137W,YMR077C,0,5.5735083,0.2905718684196472,0.18706467747688293,0.045922961086034775
YLR016C,YBL072C,0,5.5734506,0.29012346267700195,0.18706467747688293,0.046023011207580566
YJL133W,YML129C,0,5.5717034,0.2896764278411865,0.18706467747688293,0.04612306132912636
YDR363W,YOR038C,1,5.565836,0.29076921939849854,0.1880597025156021,0.04612306132912636
YDR524C,YDR217C,0,5.564502,0.29032257199287415,0.1880597025156021,0.04622311145067215
YBR207W,YKL134C,0,5.5633354,0.2898772954940796,0.1880597025156021,0.04632316157221794
YLR399C,YDL197C,1,5.561446,0.2909647822380066,0.1890547275543213,0.04632316157221794
YGL163C,YHR118C,1,5.5611935,0.29204893112182617,0.19004975259304047,0.04632316157221794
YBR182C,YPR021C,0,5.5594463,0.29160305857658386,0.19004975259304047,0.04642321169376373
YGL120C,YPR070W,0,5.558863,0.291158527135849,0.19004975259304047,0.046523261815309525
YMR301C,YDR189W,0,5.557368,0.29071536660194397,0.19004975259304047,0.046623311936855316
YKL003C,YBR119W,0,5.552786,0.2902735471725464,0.19004975259304047,0.04672336205840111
YPL022W,YMR025W,0,5.5518484,0.28983306884765625,0.19004975259304047,0.0468234121799469
YHR201C,YMR274C,0,5.551062,0.28939393162727356,0.19004975259304047,0.04692346230149269
YOR359W,YNR001C,0,5.547012,0.2889561355113983,0.19004975259304047,0.04702351242303848
YJL045W,YKR058W,0,5.544552,0.28851965069770813,0.19004975259304047,0.047123562544584274
YJL115W,YGR002C,1,5.5413256,0.28959277272224426,0.19104477763175964,0.047123562544584274
YDR536W,YDL081C,0,5.540971,0.28915661573410034,0.19104477763175964,0.047223612666130066
YAL011W,YNL021W,1,5.539195,0.2902255654335022,0.19203980267047882,0.047223612666130066
YBR010W,YBR195C,1,5.538253,0.2912912964820862,0.193034827709198,0.047223612666130066
YER161C,YLL004W,1,5.537934,0.2923538088798523,0.19402985274791718,0.047223612666130066
YJR046W,YPR132W,0,5.536744,0.291916161775589,0.19402985274791718,0.04732366278767586
YKR008W,YOR236W,0,5.5316095,0.29147982597351074,0.19402985274791718,0.04742371290922165
YOR106W,YPL210C,0,5.530518,0.29104477167129517,0.19402985274791718,0.04752376303076744
YMR127C,YCL061C,1,5.529027,0.29210135340690613,0.19502487778663635,0.04752376303076744
YBR202W,YDL091C,0,5.5288086,0.2916666567325592,0.19502487778663635,0.04762381315231323
YGL028C,YCR036W,0,5.528674,0.29123327136039734,0.19502487778663635,0.047723863273859024
YLL009C,YOR322C,0,5.528102,0.29080119729042053,0.19502487778663635,0.047823913395404816
YDR439W,YDL105W,1,5.5279846,0.29185184836387634,0.19601990282535553,0.047823913395404816
YOL142W,YBR041W,0,5.526841,0.2914201319217682,0.19601990282535553,0.04792396351695061
YOR315W,YPR017C,0,5.5266414,0.2909896671772003,0.19601990282535553,0.0480240136384964
YLR418C,YBR055C,0,5.5257926,0.2905604839324951,0.19601990282535553,0.04812406376004219
YER061C,YKL032C,0,5.523546,0.2901325523853302,0.19601990282535553,0.04822411388158798
YLR285W,YNL088W,1,5.5216455,0.2911764681339264,0.1970149278640747,0.04822411388158798
YJL156C,YIL106W,0,5.519349,0.2907488942146301,0.1970149278640747,0.048324160277843475
YNL131W,YMR077C,0,5.516631,0.29032257199287415,0.1970149278640747,0.04842421039938927
YDR050C,YKR066C,0,5.5164185,0.28989750146865845,0.1970149278640747,0.04852426052093506
YGL190C,YPR162C,0,5.5156918,0.28947368264198303,0.1970149278640747,0.04862431064248085
YLR029C,YOR330C,0,5.5156655,0.2890510857105255,0.1970149278640747,0.04872436076402664
YMR281W,YOR001W,0,5.514889,0.2886297404766083,0.1970149278640747,0.048824410885572433
YGR211W,YMR055C,0,5.514661,0.28820961713790894,0.1970149278640747,0.048924461007118225
YOL121C,YDR358W,0,5.5131326,0.2877906858921051,0.1970149278640747,0.04902451112866402
YML102W,YMR242C,0,5.5117006,0.28737300634384155,0.1970149278640747,0.04912456125020981
YFR050C,YBR049C,0,5.5112906,0.2869565188884735,0.1970149278640747,0.0492246113717556
YBL076C,YMR100W,0,5.509739,0.28654125332832336,0.1970149278640747,0.04932466149330139
YPR133C,YDR419W,0,5.5095673,0.2861271798610687,0.1970149278640747,0.04942471161484718
YPL129W,YMR263W,1,5.508403,0.2871572971343994,0.19800995290279388,0.04942471161484718
YDR301W,YML059C,0,5.5075793,0.28674352169036865,0.19800995290279388,0.049524761736392975
YNL129W,YOL100W,0,5.5066595,0.2863309383392334,0.19800995290279388,0.049624811857938766
YIL138C,YMR318C,0,5.505826,0.28591954708099365,0.19800995290279388,0.04972486197948456
YDL120W,YPL161C,0,5.5057445,0.285509318113327,0.19800995290279388,0.04982491210103035
YBR207W,YCL031C,0,5.505638,0.2851002812385559,0.19800995290279388,0.04992496222257614
YNL261W,YDL042C,1,5.5046296,0.28612303733825684,0.19900497794151306,0.04992496222257614
YMR263W,YBL006C,1,5.504525,0.2871428430080414,0.20000000298023224,0.04992496222257614
YIL101C,YOR310C,0,5.5045247,0.2867332398891449,0.20000000298023224,0.05002501234412193
YGR188C,YPR068C,0,5.503977,0.28632479906082153,0.20000000298023224,0.050125062465667725
YOR086C,YOR036W,0,5.502864,0.2859174907207489,0.20000000298023224,0.050225112587213516
YCR020W-B,YDR167W,1,5.502632,0.2869318127632141,0.20099502801895142,0.050225112587213516
YDR167W,YMR176W,0,5.5024853,0.28652483224868774,0.20099502801895142,0.05032516270875931
YDL179W,YMR240C,0,5.49903,0.2861189842224121,0.20099502801895142,0.0504252128303051
YJR140C,YOR279C,1,5.498187,0.2871287167072296,0.2019900530576706,0.0504252128303051
YOR106W,YLR032W,0,5.497308,0.28672316670417786,0.2019900530576706,0.05052526295185089
YNL021W,YBR245C,1,5.4856224,0.2877292037010193,0.20298507809638977,0.05052526295185089
YLR287C-A,YNL233W,0,5.485263,0.2873239517211914,0.20298507809638977,0.05062531307339668
YOR177C,YMR070W,0,5.4843864,0.28691983222961426,0.20298507809638977,0.050725363194942474
YCL048W,YGR224W,0,5.4839964,0.28651684522628784,0.20298507809638977,0.050825413316488266
YDR200C,YER101C,0,5.483819,0.28611502051353455,0.20298507809638977,0.05092546343803406
YMR091C,YLR350W,0,5.4829073,0.2857142984867096,0.20298507809638977,0.05102551355957985
YCR018C,YDL095W,0,5.482422,0.285314679145813,0.20298507809638977,0.05112556368112564
YHR090C,YKL016C,0,5.482422,0.2849161922931671,0.20298507809638977,0.05122561380267143
YGL095C,YOR039W,0,5.4820514,0.284518837928772,0.20298507809638977,0.051325663924217224
YDL141W,YKL094W,0,5.478922,0.2841225564479828,0.20298507809638977,0.051425714045763016
YER164W,YDR310C,1,5.477644,0.2851182222366333,0.20398010313510895,0.051425714045763016
YIL068C,YLR185W,0,5.4770217,0.2847222089767456,0.20398010313510895,0.05152576416730881
YGL031C,YDL046W,0,5.4767056,0.28432732820510864,0.20398010313510895,0.0516258142888546
YJL178C,YOR351C,0,5.476062,0.28393352031707764,0.20398010313510895,0.05172586441040039
YLR220W,YPL135W,0,5.475587,0.283540815114975,0.20398010313510895,0.05182591453194618
YDR270W,YKL180W,0,5.4734707,0.28314918279647827,0.20398010313510895,0.051925964653491974
YOL042W,YMR213W,0,5.473084,0.2827586233615875,0.20398010313510895,0.052026014775037766
YBR187W,YKR089C,0,5.472785,0.28236913681030273,0.20398010313510895,0.05212606117129326
YPR175W,YLR272C,1,5.4722843,0.283356249332428,0.20497512817382812,0.05212606117129326
YGR089W,YLL009C,0,5.469002,0.2829670310020447,0.20497512817382812,0.05222611129283905
YBL052C,YLR052W,1,5.46478,0.2839506268501282,0.2059701532125473,0.05222611129283905
YEL015W,YIL132C,0,5.4634156,0.283561646938324,0.2059701532125473,0.05232616141438484
YGR116W,YPR052C,1,5.4632955,0.2845417261123657,0.20696517825126648,0.05232616141438484
YOR059C,YOL127W,0,5.4615717,0.284153014421463,0.20696517825126648,0.052426211535930634
YLR052W,YDR334W,1,5.4614987,0.2851296067237854,0.20796020328998566,0.052426211535930634
YKR083C,YBL025W,0,5.4609976,0.2847411334514618,0.20796020328998566,0.052526261657476425
YDL093W,YCL014W,0,5.457011,0.28435373306274414,0.20796020328998566,0.05262631177902222
YNL102W,YNL016W,0,5.456441,0.28396740555763245,0.20796020328998566,0.05272636190056801
YLR459W,YNL078W,0,5.4520235,0.28358209133148193,0.20796020328998566,0.0528264120221138
YBR297W,YDR231C,0,5.4507413,0.283197820186615,0.20796020328998566,0.05292646214365959
YDR022C,YJL165C,0,5.449689,0.282814621925354,0.20796020328998566,0.05302651226520538
YLR286C,YNR033W,0,5.44539,0.2824324369430542,0.20796020328998566,0.053126562386751175
YKL117W,YNR057C,0,5.4445353,0.28205129504203796,0.20796020328998566,0.05322661250829697
YMR127C,YML069W,1,5.442872,0.2830188572406769,0.20895522832870483,0.05322661250829697
YOR159C,YKL108W,0,5.441492,0.28263795375823975,0.20895522832870483,0.05332666262984276
YHR168W,YBL025W,0,5.4407086,0.2822580635547638,0.20895522832870483,0.05342671275138855
YGR221C,YIL126W,1,5.436471,0.2832214832305908,0.209950253367424,0.05342671275138855
YMR311C,YCL036W,0,5.433837,0.28284183144569397,0.209950253367424,0.05352676287293434
YER081W,YLR045C,0,5.4334135,0.2824631929397583,0.209950253367424,0.05362681299448013
YLR272C,YNL107W,1,5.430298,0.28342247009277344,0.2109452784061432,0.05362681299448013
YLR129W,YMR173W,0,5.426881,0.28304407000541687,0.2109452784061432,0.053726863116025925
YFR052W,YGL139W,0,5.4264464,0.2826666533946991,0.2109452784061432,0.053826913237571716
YFL049W,YPL127C,1,5.4260855,0.2836218476295471,0.21194030344486237,0.053826913237571716
YPR134W,YBR272C,0,5.4250503,0.28324466943740845,0.21194030344486237,0.05392696335911751
YNL261W,YIL070C,0,5.4234104,0.28286853432655334,0.21194030344486237,0.0540270134806633
YLL001W,YNR037C,0,5.4227934,0.28249338269233704,0.21194030344486237,0.05412706360220909
YCR096C,YNR011C,0,5.4218965,0.2821192145347595,0.21194030344486237,0.05422711372375488
YHL024W,YGR220C,0,5.4203386,0.2817460298538208,0.21194030344486237,0.054327163845300674
YJL136C,YMR208W,0,5.4196696,0.28137385845184326,0.21194030344486237,0.054427213966846466
YOR037W,YIR002C,0,5.4140368,0.28100264072418213,0.21194030344486237,0.05452726408839226
YAL029C,YKL005C,0,5.412162,0.2806324064731598,0.21194030344486237,0.05462731420993805
YDL042C,YKR008W,1,5.4120703,0.2815789580345154,0.21293532848358154,0.05462731420993805
YIL030C,YMR041C,0,5.4107904,0.28120893239974976,0.21293532848358154,0.05472736433148384
YPR018W,YDR303C,1,5.4102964,0.2821522355079651,0.21393035352230072,0.05472736433148384
YER147C,YKL094W,0,5.409205,0.28178244829177856,0.21393035352230072,0.05482741445302963
YBR060C,YHR118C,1,5.408593,0.28272250294685364,0.2149253785610199,0.05482741445302963
YNR023W,YMR080C,1,5.4082794,0.2836601436138153,0.21592040359973907,0.05482741445302963
YNL261W,YDR110W,1,5.406596,0.2845953106880188,0.21691542863845825,0.05482741445302963
YIL140W,YGL083W,0,5.406246,0.2842242419719696,0.21691542863845825,0.054927464574575424
YDR495C,YJL041W,0,5.4052415,0.2838541567325592,0.21691542863845825,0.055027514696121216
YNL261W,YML063W,0,5.4050217,0.2834850549697876,0.21691542863845825,0.05512756481766701
YJR066W,YCL034W,0,5.404222,0.28311687707901,0.21691542863845825,0.0552276149392128
YKL183W,YGR116W,0,5.4024076,0.2827496826648712,0.21691542863845825,0.05532766506075859
YDL135C,YDR011W,0,5.400969,0.28238341212272644,0.21691542863845825,0.05542771518230438
YGR058W,YDR454C,0,5.3993382,0.28201812505722046,0.21691542863845825,0.055527765303850174
YLR383W,YBR030W,0,5.399252,0.2816537320613861,0.21691542863845825,0.055627815425395966
YGR275W,YBR198C,1,5.3983164,0.2825806438922882,0.21791045367717743,0.055627815425395966
YLL029W,YDL077C,0,5.395241,0.28221648931503296,0.21791045367717743,0.05572786554694176
YBR055C,YML034W,0,5.394875,0.2818532884120941,0.21791045367717743,0.05582791566848755
YPL218W,YNR008W,0,5.392907,0.2814910113811493,0.21791045367717743,0.05592796579003334
YOR026W,YKL060C,0,5.385627,0.2811296582221985,0.21791045367717743,0.056028012186288834
YLR363C,YDR093W,0,5.382765,0.2807692289352417,0.21791045367717743,0.056128062307834625
YJL141C,YIL039W,0,5.382019,0.28040972352027893,0.21791045367717743,0.05622811242938042
YBL006C,YGR116W,1,5.381048,0.2813299298286438,0.2189054787158966,0.05622811242938042
YBL006C,YDR303C,1,5.37871,0.28224775195121765,0.21990050375461578,0.05622811242938042
YNL151C,YDR320C,0,5.378233,0.2818877696990967,0.21990050375461578,0.05632816255092621
YOL017W,YML127W,1,5.377779,0.282802551984787,0.22089552879333496,0.05632816255092621
YBL006C,YOR141C,1,5.3775396,0.28371500968933105,0.22189055383205414,0.05632816255092621
YOR346W,YGR154C,0,5.374408,0.2833545207977295,0.22189055383205414,0.056428212672472
YHR061C,YLR237W,0,5.373995,0.28299492597579956,0.22189055383205414,0.05652826279401779
YLR357W,YLL004W,1,5.37381,0.28390368819236755,0.22288557887077332,0.05652826279401779
YLR188W,YDR238C,0,5.371802,0.28354430198669434,0.22288557887077332,0.05662831291556358
YPL085W,YJR126C,0,5.371337,0.28318583965301514,0.22288557887077332,0.056728363037109375
YMR236W,YJL081C,1,5.368851,0.28409090638160706,0.2238806039094925,0.056728363037109375
YDL217C,YFL036W,0,5.3685665,0.28373265266418457,0.2238806039094925,0.05682841315865517
YCR002C,YIL004C,0,5.366784,0.2833753228187561,0.2238806039094925,0.05692846328020096
YML036W,YNR010W,0,5.365811,0.2830188572406769,0.2238806039094925,0.05702851340174675
YMR033W,YCL061C,1,5.3652706,0.2839196026325226,0.22487562894821167,0.05702851340174675
YER114C,YDL108W,0,5.3645964,0.28356337547302246,0.22487562894821167,0.05712856352329254
YMR284W,YIL131C,1,5.362515,0.2844611406326294,0.22587065398693085,0.05712856352329254
YKL141W,YDR456W,0,5.362074,0.284105122089386,0.22587065398693085,0.05722861364483833
YLR052W,YIL126W,1,5.3572946,0.2849999964237213,0.22686567902565002,0.05722861364483833
YLR440C,YJL176C,0,5.3569126,0.2846441864967346,0.22686567902565002,0.057328663766384125
YPL259C,YNL188W,0,5.3557453,0.28428927063941956,0.22686567902565002,0.057428713887929916
YLL024C,YKL196C,0,5.3555994,0.2839352488517761,0.22686567902565002,0.05752876400947571
YBR060C,YML127W,1,5.3554487,0.28482586145401,0.227860689163208,0.05752876400947571
YDL141W,YBR212W,0,5.3525133,0.2844720482826233,0.227860689163208,0.0576288141310215
YML071C,YEL017C-A,0,5.3501596,0.2841190993785858,0.227860689163208,0.05772886425256729
YNL138W,YNL261W,0,5.3485427,0.28376704454421997,0.227860689163208,0.05782891437411308
YAL024C,YLR427W,0,5.347429,0.28341585397720337,0.227860689163208,0.057928964495658875
YLR090W,YDR064W,0,5.34314,0.283065527677536,0.227860689163208,0.058029014617204666
YCR024C,YHR197W,0,5.341058,0.2827160358428955,0.227860689163208,0.05812906473875046
YBL041W,YHR153C,0,5.3406,0.28236743807792664,0.227860689163208,0.05822911486029625
YER161C,YJL194W,1,5.3403788,0.28325122594833374,0.22885571420192719,0.05822911486029625
YBR003W,YLR147C,0,5.340165,0.2829028367996216,0.22885571420192719,0.05832916498184204
YGL128C,YER030W,0,5.3377514,0.2825552821159363,0.22885571420192719,0.05842921510338783
YIL118W,YER104W,0,5.337167,0.2822085916996002,0.22885571420192719,0.058529265224933624
YKL108W,YJL117W,0,5.336297,0.281862735748291,0.22885571420192719,0.058629315346479416
YGL223C,YHR119W,0,5.3359632,0.28151774406433105,0.22885571420192719,0.05872936546802521
YCR044C,YKR048C,0,5.335695,0.28117358684539795,0.22885571420192719,0.058829415589571
YBR261C,YLR176C,0,5.3349924,0.2808302938938141,0.22885571420192719,0.05892946571111679
YKR035W-A,YNR019W,0,5.3314753,0.2804878056049347,0.22885571420192719,0.05902951583266258
YPL011C,YIL126W,1,5.330771,0.28136420249938965,0.22985073924064636,0.05902951583266258
YGL098W,YOR270C,0,5.3273315,0.2810218930244446,0.22985073924064636,0.059129565954208374
YDL042C,YOL006C,1,5.326576,0.2818955183029175,0.23084576427936554,0.059129565954208374
YOL090W,YNL206C,1,5.324629,0.28276699781417847,0.23184078931808472,0.059129565954208374
YGR282C,YDR288W,0,5.3232546,0.2824242413043976,0.23184078931808472,0.059229616075754166
YGR027C,YNL107W,0,5.3229427,0.28208231925964355,0.23184078931808472,0.05932966619729996
YPL208W,YNL073W,0,5.322283,0.2817412316799164,0.23184078931808472,0.05942971631884575
YBR212W,YOL051W,0,5.320694,0.28140097856521606,0.23184078931808472,0.05952976644039154
YGL225W,YLR085C,0,5.3202457,0.2810615301132202,0.23184078931808472,0.05962981656193733
YKL001C,YDR039C,0,5.31911,0.28072288632392883,0.23184078931808472,0.059729866683483124
YMR190C,YCR020W-B,1,5.314825,0.28158843517303467,0.2328358143568039,0.059729866683483124
YLR055C,YGL112C,1,5.312997,0.28245192766189575,0.23383083939552307,0.059729866683483124
YLR249W,YNL015W,0,5.3124104,0.28211283683776855,0.23383083939552307,0.059829916805028915
YNL147W,YHR150W,0,5.306497,0.2817745804786682,0.23383083939552307,0.05992996320128441
YLR363C,YDL099W,0,5.3056374,0.28143712878227234,0.23383083939552307,0.0600300133228302
YKR048C,YBL052C,1,5.3052187,0.28229665756225586,0.23482586443424225,0.0600300133228302
YLR055C,YLR033W,1,5.3037443,0.28315412998199463,0.23582088947296143,0.0600300133228302
YMR312W,YPL258C,0,5.302686,0.28281623125076294,0.23582088947296143,0.06013006344437599
YBL002W,YOR244W,1,5.299178,0.2836710512638092,0.2368159145116806,0.06013006344437599
YLR200W,YMR149W,0,5.298086,0.28333333134651184,0.2368159145116806,0.06023011356592178
YLR103C,YGR116W,1,5.2971067,0.2841854989528656,0.23781093955039978,0.06023011356592178
YPL177C,YNL173C,0,5.296192,0.28384798765182495,0.23781093955039978,0.060330163687467575
YGL155W,YIL061C,0,5.2959366,0.28351128101348877,0.23781093955039978,0.06043021380901337
YJL110C,YNL137C,0,5.294913,0.28317534923553467,0.23781093955039978,0.06053026393055916
YPL147W,YOR167C,0,5.2905645,0.28284022212028503,0.23781093955039978,0.06063031405210495
YJL136C,YDR443C,0,5.2893705,0.28250589966773987,0.23781093955039978,0.06073036417365074
YLR353W,YMR037C,0,5.288889,0.28217238187789917,0.23781093955039978,0.06083041429519653
YIL046W,YLR185W,0,5.2880545,0.28183960914611816,0.23781093955039978,0.060930464416742325
YDR464W,YER093C,0,5.2877812,0.281507670879364,0.23781093955039978,0.061030514538288116
YER113C,YCL029C,0,5.287462,0.28117647767066956,0.23781093955039978,0.06113056465983391
YGL244W,YIR011C,0,5.287278,0.2808460593223572,0.23781093955039978,0.0612306147813797
YDR003W,YGR014W,0,5.286967,0.28051644563674927,0.23781093955039978,0.06133066490292549
YLR291C,YOR290C,0,5.2868557,0.28018757700920105,0.23781093955039978,0.06143071502447128
YML065W,YIL126W,1,5.283766,0.28103044629096985,0.23880596458911896,0.06143071502447128
YLR024C,YPL149W,0,5.283453,0.28070175647735596,0.23880596458911896,0.061530765146017075
YBR003W,YJR076C,0,5.2824244,0.28037384152412415,0.23880596458911896,0.061630815267562866
YKR008W,YJR046W,0,5.2807455,0.280046671628952,0.23880596458911896,0.06173086538910866
YJL044C,YOL149W,0,5.2802916,0.279720276594162,0.23880596458911896,0.06183091551065445
YJL156C,YDR421W,0,5.279756,0.27939465641975403,0.23880596458911896,0.06193096563220024
YBL060W,YOR334W,0,5.2788334,0.27906978130340576,0.23880596458911896,0.06203101575374603
YJR130C,YJL212C,0,5.278612,0.2787456512451172,0.23880596458911896,0.062131065875291824
YJL078C,YLR105C,0,5.276648,0.2784222662448883,0.23880596458911896,0.062231115996837616
YBL021C,YDR386W,0,5.2765417,0.2780996561050415,0.23880596458911896,0.06233116611838341
YOL066C,YMR139W,0,5.2754755,0.2777777910232544,0.23880596458911896,0.0624312162399292
YBR095C,YML034W,0,5.2750683,0.2774566411972046,0.23880596458911896,0.06253126263618469
YOR209C,YBR060C,1,5.2735786,0.2782909870147705,0.23980098962783813,0.06253126263618469
YPL049C,YML098W,0,5.2731695,0.27797001600265503,0.23980098962783813,0.06263131648302078
YJL081C,YKR019C,1,5.2728806,0.278801828622818,0.2407960146665573,0.06263131648302078
YHL015W,YCR098C,0,5.2711544,0.27848100662231445,0.2407960146665573,0.06273136287927628
YJL127C,YNL059C,1,5.271058,0.27931034564971924,0.2417910397052765,0.06273136287927628
YBL022C,YKL005C,0,5.2708197,0.27898967266082764,0.2417910397052765,0.06283141672611237
YIL144W,YKL028W,0,5.268919,0.27866971492767334,0.2417910397052765,0.06293146312236786
YBR198C,YKL042W,0,5.268138,0.27835050225257874,0.2417910397052765,0.06303151696920395
YBR207W,YGR234W,0,5.267425,0.2780320346355438,0.2417910397052765,0.06313156336545944
YAL012W,YOL103W,0,5.2667437,0.2777142822742462,0.2417910397052765,0.06323161721229553
YMR282C,YPR143W,0,5.265992,0.2773972749710083,0.2417910397052765,0.06333166360855103
YOR141C,YOR038C,1,5.2653255,0.2782212197780609,0.24278606474399567,0.06333166360855103
YMR056C,YMR110C,0,5.2601223,0.27790433168411255,0.24278606474399567,0.06343171745538712
YHL027W,YKL060C,0,5.2589374,0.2775881588459015,0.24278606474399567,0.06353176385164261
YCL016C,YDR117C,0,5.2583156,0.2772727310657501,0.24278606474399567,0.0636318176984787
YOR192C,YOL147C,0,5.258233,0.27695798873901367,0.24278606474399567,0.06373186409473419
YPL002C,YHR041C,0,5.2580614,0.2766439914703369,0.24278606474399567,0.06383191794157028
YBR105C,YIL153W,0,5.2574677,0.2763306796550751,0.24278606474399567,0.06393196433782578
YDL056W,YDL115C,0,5.2572517,0.2760181128978729,0.24278606474399567,0.06403201818466187
YOL138C,YER074W,0,5.2560167,0.2757062017917633,0.24278606474399567,0.06413206458091736
YLR357W,YOR141C,1,5.2559834,0.2765237092971802,0.24378108978271484,0.06413206458091736
YPL274W,YDR369C,0,5.253831,0.2762119472026825,0.24378108978271484,0.06423211842775345
YDR485C,YML041C,1,5.252577,0.27702704071998596,0.24477611482143402,0.06423211842775345
YIL107C,YBR187W,0,5.252454,0.27671539783477783,0.24477611482143402,0.06433216482400894
YKR008W,YDR416W,0,5.2490435,0.2764045000076294,0.24477611482143402,0.06443221867084503
YGL161C,YHR133C,0,5.2466288,0.2760942876338959,0.24477611482143402,0.06453226506710052
YLR038C,YJL197W,0,5.245717,0.27578476071357727,0.24477611482143402,0.06463231891393661
YOR159C,YIL093C,0,5.24538,0.2754759192466736,0.24477611482143402,0.06473236531019211
YFR013W,YNL059C,1,5.245108,0.27628636360168457,0.2457711398601532,0.06473236531019211
YGL061C,YMR176W,0,5.244342,0.27597764134407043,0.2457711398601532,0.0648324191570282
YFL013C,YKR008W,1,5.24217,0.2767857015132904,0.24676616489887238,0.0648324191570282
YDR510W,YHR010W,0,5.2412972,0.2764771580696106,0.24676616489887238,0.06493246555328369
YJL127C,YDL128W,0,5.2389536,0.2761692702770233,0.24676616489887238,0.06503251940011978
YPR034W,YBR112C,1,5.2388735,0.2769744098186493,0.24776118993759155,0.06503251940011978
YDR225W,YFL049W,1,5.238473,0.2777777910232544,0.24875621497631073,0.06503251940011978
YNR031C,YHL034C,0,5.237239,0.2774694859981537,0.24875621497631073,0.06513256579637527
YGL216W,YER161C,0,5.237236,0.2771618664264679,0.24875621497631073,0.06523261964321136
YHR056C,YDR303C,1,5.237018,0.2779623568058014,0.2497512400150299,0.06523261964321136
YLR038C,YPR189W,0,5.236742,0.27765485644340515,0.2497512400150299,0.06533266603946686
YER055C,YCL017C,0,5.2365017,0.2773480713367462,0.2497512400150299,0.06543271988630295
YAL053W,YPL147W,0,5.2326603,0.2770419418811798,0.2497512400150299,0.06553276628255844
YDR110W,YKL112W,1,5.232218,0.2778390347957611,0.2507462799549103,0.06553276628255844
YGR155W,YJR075W,0,5.229437,0.27753305435180664,0.2507462799549103,0.06563282012939453
YMR234W,YPR072W,0,5.2287426,0.2772277295589447,0.2507462799549103,0.06573286652565002
YBR231C,YPR113W,0,5.228303,0.2769230902194977,0.2507462799549103,0.06583291292190552
YML052W,YGR271W,0,5.227994,0.2766191065311432,0.2507462799549103,0.06593296676874161
YNL121C,YDR200C,0,5.227662,0.2763157784938812,0.2507462799549103,0.0660330131649971
YDL229W,YGL174W,0,5.227474,0.2760131359100342,0.2507462799549103,0.06613306701183319
YBL060W,YFR030W,0,5.2256565,0.27571114897727966,0.2507462799549103,0.06623311340808868
YGR253C,YPR128C,0,5.22455,0.27540984749794006,0.2507462799549103,0.06633316725492477
YNR059W,YDR471W,0,5.2230587,0.2751091718673706,0.2507462799549103,0.06643321365118027
YGR057C,YDR448W,0,5.222246,0.2748091518878937,0.2507462799549103,0.06653326749801636
YPL153C,YMR240C,0,5.222123,0.27450981736183167,0.2507462799549103,0.06663331389427185
YMR207C,YNL081C,0,5.219676,0.2742111086845398,0.2507462799549103,0.06673336774110794
YHR120W,YER123W,0,5.2186594,0.27391305565834045,0.2507462799549103,0.06683341413736343
YOL052C-A,YLR192C,0,5.2182684,0.27361562848091125,0.2507462799549103,0.06693346798419952
YOR209C,YPR052C,1,5.21719,0.27440348267555237,0.25174129009246826,0.06693346798419952
YGR113W,YOR254C,0,5.217163,0.2741061747074127,0.25174129009246826,0.06703351438045502
YPL239W,YDR148C,0,5.2164097,0.2738095223903656,0.25174129009246826,0.06713356822729111
YNL012W,YDL210W,0,5.2162533,0.273513525724411,0.25174129009246826,0.0672336146235466
YBR010W,YDR310C,1,5.2112637,0.2742980420589447,0.25273633003234863,0.0672336146235466
YJL153C,YGL120C,0,5.209967,0.27400216460227966,0.25273633003234863,0.06733366847038269
YGL058W,YDL175C,0,5.2088356,0.2737068831920624,0.25273633003234863,0.06743371486663818
YPL105C,YER109C,0,5.208744,0.2734122574329376,0.25273633003234863,0.06753376871347427
YMR075W,YNR010W,0,5.2081213,0.2731182873249054,0.25273633003234863,0.06763381510972977
YMR263W,YGL163C,1,5.206155,0.27389901876449585,0.2537313401699066,0.06763381510972977
YGR169C,YGL025C,0,5.2061415,0.2736051380634308,0.2537313401699066,0.06773386895656586
YER015W,YJL190C,0,5.2053404,0.27331188321113586,0.2537313401699066,0.06783391535282135
YJL062W,YNR006W,0,5.204357,0.27301928400993347,0.2537313401699066,0.06793396919965744
YAL016W,YDR031W,0,5.2025585,0.27272728085517883,0.2537313401699066,0.06803401559591293
YDL030W,YBR041W,0,5.1994042,0.27243590354919434,0.2537313401699066,0.06813406944274902
YBL052C,YOR141C,1,5.19899,0.27321237325668335,0.254726380109787,0.06813406944274902
YLR359W,YML109W,0,5.1974096,0.2729211151599884,0.254726380109787,0.06823411583900452
YPL011C,YLR442C,1,5.1952424,0.2736954092979431,0.25572139024734497,0.06823411583900452
YKL080W,YOL038W,0,5.1945925,0.27340424060821533,0.25572139024734497,0.0683341696858406
YMR179W,YDR454C,0,5.1942816,0.2731136977672577,0.25572139024734497,0.0684342160820961
YBR036C,YGL025C,0,5.1937284,0.2728237807750702,0.25572139024734497,0.06853426992893219
YLR163C,YIL014W,0,5.1919765,0.27253445982933044,0.25572139024734497,0.06863431632518768
YOR187W,YDR080W,0,5.188021,0.27224576473236084,0.25572139024734497,0.06873437017202377
YER050C,YBR301W,0,5.187323,0.271957665681839,0.25572139024734497,0.06883441656827927
YBL005W,YOL123W,0,5.187132,0.2716701924800873,0.25572139024734497,0.06893447041511536
YOR306C,YLR163C,0,5.1869545,0.2713833153247833,0.25572139024734497,0.06903451681137085
YBR129C,YOR092W,0,5.1866255,0.2710970342159271,0.25572139024734497,0.06913457065820694
YER012W,YDL051W,0,5.184528,0.27081137895584106,0.25572139024734497,0.06923461705446243
YBR125C,YML063W,0,5.1831026,0.27052631974220276,0.25572139024734497,0.06933467090129852
YNR023W,YCL061C,1,5.182722,0.27129337191581726,0.25671643018722534,0.06933467090129852
YER088C,YER133W,0,5.182042,0.2710084021091461,0.25671643018722534,0.06943471729755402
YGR181W,YGL025C,0,5.181729,0.27072402834892273,0.25671643018722534,0.06953476369380951
YGL141W,YLR219W,0,5.1812315,0.2704402506351471,0.25671643018722534,0.0696348175406456
YPL215W,YOL012C,0,5.1806564,0.2701570689678192,0.25671643018722534,0.06973486393690109
YDR105C,YNL242W,0,5.1801586,0.2698744833469391,0.25671643018722534,0.06983491778373718
YKL116C,YER178W,0,5.1793633,0.2695924639701843,0.25671643018722534,0.06993496417999268
YBR248C,YDR031W,0,5.1791067,0.2693110704421997,0.25671643018722534,0.07003501802682877
YMR322C,YML091C,0,5.1786957,0.26903024315834045,0.25671643018722534,0.07013506442308426
YHR205W,YEL016C,0,5.1771116,0.26875001192092896,0.25671643018722534,0.07023511826992035
YHL015W,YLR330W,0,5.174368,0.2684703469276428,0.25671643018722534,0.07033516466617584
YBR153W,YJR110W,0,5.1737566,0.26819127798080444,0.25671643018722534,0.07043521851301193
YJR084W,YOR270C,0,5.1722174,0.26791277527809143,0.25671643018722534,0.07053526490926743
YER031C,YNL158W,0,5.1721463,0.26763486862182617,0.25671643018722534,0.07063531875610352
YHL003C,YDR002W,0,5.1721134,0.2673574984073639,0.25671643018722534,0.07073536515235901
YOR374W,YKL024C,0,5.1710453,0.26708075404167175,0.25671643018722534,0.0708354189991951
YMR033W,YMR091C,1,5.1701794,0.2678386867046356,0.2577114403247833,0.0708354189991951
YLR272C,YDR310C,1,5.1691384,0.26859503984451294,0.2587064802646637,0.0708354189991951
YMR316W,YOR009W,0,5.1682987,0.268317848443985,0.2587064802646637,0.07093546539545059
YGL026C,YGR005C,0,5.1679144,0.2680412232875824,0.2587064802646637,0.07103551924228668
YBR245C,YNL246W,1,5.167794,0.26879504323005676,0.2597014904022217,0.07103551924228668
YLR396C,YMR242C,0,5.1667604,0.26851850748062134,0.2597014904022217,0.07113556563854218
YBR254C,YHR167W,0,5.166419,0.2682425379753113,0.2597014904022217,0.07123561948537827
YJR130C,YAL035W,0,5.166314,0.2679671347141266,0.2597014904022217,0.07133566588163376
YEL037C,YLR330W,0,5.1617813,0.26769229769706726,0.2597014904022217,0.07143571972846985
YLR360W,YDL197C,0,5.160839,0.2674180269241333,0.2597014904022217,0.07153576612472534
YNL110C,YLR193C,0,5.160675,0.2671443223953247,0.2597014904022217,0.07163581997156143
YMR005W,YPL174C,0,5.1578236,0.2668711543083191,0.2597014904022217,0.07173586636781693
YLR403W,YPR132W,0,5.157628,0.26659858226776123,0.2597014904022217,0.07183592021465302
YDL080C,YLR347C,0,5.1575823,0.26632651686668396,0.2597014904022217,0.07193596661090851
YIL131C,YDL197C,1,5.1565876,0.2670744061470032,0.26069653034210205,0.07193596661090851
YHR160C,YOR388C,0,5.1559916,0.26680243015289307,0.26069653034210205,0.0720360204577446
YOL040C,YNL156C,0,5.1559534,0.2665310204029083,0.26069653034210205,0.07213606685400009
YJL008C,YOL103W,0,5.154288,0.26626017689704895,0.26069653034210205,0.07223612070083618
YDL045C,YOR261C,0,5.1537614,0.26598984003067017,0.26069653034210205,0.07233616709709167
YCR093W,YDR197W,0,5.1535344,0.26572006940841675,0.26069653034210205,0.07243622094392776
YMR188C,YLR306W,0,5.153493,0.2654508650302887,0.26069653034210205,0.07253626734018326
YLL033W,YOR241W,0,5.1522527,0.2651821970939636,0.26069653034210205,0.07263632118701935
YPL204W,YMR256C,0,5.1520348,0.26491406559944153,0.26069653034210205,0.07273636758327484
YOR109W,YNR019W,0,5.1513085,0.2646464705467224,0.26069653034210205,0.07283642143011093
YLR085C,YDL039C,0,5.150097,0.2643794119358063,0.26069653034210205,0.07293646782636642
YJL035C,YPL161C,0,5.1497054,0.2641128897666931,0.26069653034210205,0.07303652167320251
YGL115W,YLL022C,0,5.1487045,0.2638469338417053,0.26069653034210205,0.07313656806945801
YLR085C,YDR155C,1,5.1472554,0.26458752155303955,0.26169154047966003,0.07313656806945801
YIL118W,YML112W,0,5.146468,0.26432159543037415,0.26169154047966003,0.0732366219162941
YBR105C,YBR170C,0,5.1460667,0.2640562355518341,0.26169154047966003,0.07333666831254959
YGL003C,YLR438C-A,0,5.1452713,0.26379138231277466,0.26169154047966003,0.07343671470880508
YKR101W,YBR195C,1,5.140998,0.2645290493965149,0.2626865804195404,0.07343671470880508
YFL013C,YJL124C,0,5.1387987,0.2642642557621002,0.2626865804195404,0.07353676855564117
YLR207W,YNL056W,0,5.138754,0.2639999985694885,0.2626865804195404,0.07363681495189667
YAL011W,YPR034W,1,5.136078,0.26473525166511536,0.2636815905570984,0.07363681495189667
YPR162C,YNL330C,1,5.136048,0.2654690742492676,0.26467663049697876,0.07363681495189667
YMR218C,YBR187W,0,5.1348944,0.26520439982414246,0.26467663049697876,0.07373686879873276
YGR221C,YGL150C,1,5.1302185,0.2659362554550171,0.26567164063453674,0.07373686879873276
YNL149C,YJL128C,0,5.1296988,0.26567164063453674,0.26567164063453674,0.07383691519498825
YGR200C,YGR142W,0,5.124378,0.2654075622558594,0.26567164063453674,0.07393696904182434
YDL002C,YPR175W,1,5.124261,0.266137033700943,0.2666666805744171,0.07393696904182434
YBL008W,YFL049W,1,5.123578,0.266865074634552,0.2676616907119751,0.07393696904182434
YMR153W,YIL033C,0,5.1230364,0.2666006088256836,0.2676616907119751,0.07403701543807983
YLR321C,YDR167W,1,5.1216407,0.2673267424106598,0.26865673065185547,0.07403701543807983
YOR304W,YHR149C,0,5.121017,0.26706230640411377,0.26865673065185547,0.07413706928491592
YML055W,YHR103W,0,5.119379,0.2667984068393707,0.26865673065185547,0.07423711568117142
YFL029C,YPR100W,0,5.1189938,0.26653504371643066,0.26865673065185547,0.07433716952800751
YDR224C,YOR279C,1,5.1181273,0.2672583758831024,0.26965174078941345,0.07433716952800751
YLR100W,YBR081C,0,5.1150055,0.26699507236480713,0.26965174078941345,0.074437215924263
YEL022W,YFL001W,0,5.114723,0.26673227548599243,0.26965174078941345,0.07453726977109909
YBR294W,YJL176C,0,5.114546,0.2664700150489807,0.26965174078941345,0.07463731616735458
YOR176W,YDR253C,0,5.1121264,0.2662082612514496,0.26965174078941345,0.07473737001419067
YJL103C,YDL175C,0,5.1117954,0.26594701409339905,0.26965174078941345,0.07483741641044617
YDR257C,YDR004W,0,5.111002,0.2656862735748291,0.26965174078941345,0.07493747025728226
YDL240W,YDR500C,0,5.1104116,0.26542603969573975,0.26965174078941345,0.07503751665353775
YMR274C,YGL163C,0,5.110165,0.26516634225845337,0.26965174078941345,0.07513757050037384
YHR206W,YLR306W,0,5.110043,0.2649071216583252,0.26965174078941345,0.07523761689662933
YNL025C,YNL102W,0,5.1083474,0.2646484375,0.26965174078941345,0.07533767074346542
YNL199C,YBR202W,0,5.105728,0.264390230178833,0.26965174078941345,0.07543771713972092
YMR026C,YFL036W,0,5.103196,0.264132559299469,0.26965174078941345,0.075537770986557
YGL210W,YNL027W,0,5.102847,0.2638753652572632,0.26965174078941345,0.0756378173828125
YGR204W,YBR130C,0,5.102743,0.26361867785453796,0.26965174078941345,0.07573787122964859
YKL186C,YNR033W,0,5.1007595,0.26336249709129333,0.26965174078941345,0.07583791762590408
YOR141C,YKR008W,1,5.100347,0.26407766342163086,0.2706467807292938,0.07583791762590408
YIR004W,YOR211C,0,5.1002192,0.263821542263031,0.2706467807292938,0.07593797147274017
YOR357C,YDL108W,0,5.100112,0.26356589794158936,0.2706467807292938,0.07603801786899567
YGL190C,YBR261C,0,5.098505,0.2633107602596283,0.2706467807292938,0.07613807171583176
YJR140C,YOR038C,1,5.0970917,0.26402321457862854,0.2716417908668518,0.07613807171583176
YDR363W,YDL105W,1,5.094776,0.26473429799079895,0.2726368308067322,0.07613807171583176
YFR037C,YBR010W,1,5.094597,0.2654440104961395,0.27363184094429016,0.07613807171583176
YJR112W,YOR230W,0,5.0939054,0.2651880383491516,0.27363184094429016,0.07623811811208725
YJR130C,YKL135C,0,5.093565,0.2649325728416443,0.27363184094429016,0.07633817195892334
YLR371W,YGL083W,0,5.0934477,0.26467758417129517,0.27363184094429016,0.07643821835517883
YNL161W,YGL151W,0,5.092108,0.26442307233810425,0.27363184094429016,0.07653827220201492
YMR281W,YNR074C,0,5.0915155,0.2641690671443939,0.27363184094429016,0.07663831859827042
YJL136C,YML070W,0,5.09092,0.2639155387878418,0.27363184094429016,0.0767383724451065
YBR097W,YOR189W,0,5.0902243,0.26366251707077026,0.27363184094429016,0.076838418841362
YNR023W,YNL031C,1,5.0884833,0.26436781883239746,0.27462685108184814,0.076838418841362
YKL042W,YNL244C,0,5.0874796,0.2641148269176483,0.27462685108184814,0.07693847268819809
YOR187W,YDR301W,0,5.0874186,0.26386234164237976,0.27462685108184814,0.07703851908445358
YPR175W,YIL109C,0,5.0867624,0.263610303401947,0.27462685108184814,0.07713857293128967
YBR046C,YPL151C,0,5.085807,0.2633587718009949,0.27462685108184814,0.07723861932754517
YLR055C,YDR363W,1,5.0851965,0.26406100392341614,0.2756218910217285,0.07723861932754517
YDR508C,YPR190C,0,5.0850077,0.26380953192710876,0.2756218910217285,0.07733866572380066
YIL030C,YMR223W,0,5.0832243,0.2635585069656372,0.2756218910217285,0.07743871957063675
YNL298W,YDR276C,0,5.0831013,0.26330798864364624,0.2756218910217285,0.07753876596689224
YCR024C,YDL043C,0,5.0808086,0.2630579173564911,0.2756218910217285,0.07763881981372833
YDR088C,YDR122W,0,5.08061,0.26280835270881653,0.2756218910217285,0.07773886620998383
YNL147W,YKL048C,0,5.0792837,0.2625592350959778,0.2756218910217285,0.07783892005681992
YKR008W,YJL127C,1,5.0790596,0.26325756311416626,0.2766169011592865,0.07783892005681992
YMR044W,YJL127C,1,5.0782995,0.2639545798301697,0.27761194109916687,0.07783892005681992
YGL103W,YOR032C,0,5.0762134,0.2637051045894623,0.27761194109916687,0.07793896645307541
YJL158C,YPL159C,0,5.076074,0.2634560763835907,0.27761194109916687,0.0780390202999115
YER088C,YGR063C,1,5.075282,0.2641509473323822,0.27860695123672485,0.0780390202999115
YBL006C,YJL076W,1,5.0730805,0.26484447717666626,0.2796019911766052,0.0780390202999115
YML070W,YDR064W,0,5.0696993,0.264595091342926,0.2796019911766052,0.07813906669616699
YPR161C,YDR201W,0,5.0683956,0.264346182346344,0.2796019911766052,0.07823912054300308
YDR323C,YBR291C,0,5.0682793,0.26409775018692017,0.2796019911766052,0.07833916693925858
YDR172W,YPL011C,0,5.068261,0.26384976506233215,0.2796019911766052,0.07843922078609467
YLR450W,YLR153C,0,5.0680013,0.26360225677490234,0.2796019911766052,0.07853926718235016
YDR456W,YOR187W,0,5.0675206,0.26335519552230835,0.2796019911766052,0.07863932102918625
YBR060C,YOR304W,1,5.066325,0.26404494047164917,0.2805970013141632,0.07863932102918625
YJR108W,YDR303C,0,5.065757,0.26379793882369995,0.2805970013141632,0.07873936742544174
YEL018W,YBR038W,0,5.0653443,0.26355141401290894,0.2805970013141632,0.07883942127227783
YBL057C,YOR320C,0,5.06441,0.26330533623695374,0.2805970013141632,0.07893946766853333
YKL007W,YLR039C,0,5.064392,0.26305970549583435,0.2805970013141632,0.07903952151536942
YER072W,YDR337W,0,5.063508,0.26281455159187317,0.2805970013141632,0.07913956791162491
YML101C,YLL018C,0,5.061537,0.2625698447227478,0.2805970013141632,0.079239621758461
YPR175W,YDR110W,1,5.0612707,0.2632558047771454,0.2815920412540436,0.079239621758461
YMR180C,YDR231C,0,5.0608444,0.2630111575126648,0.2815920412540436,0.07933966815471649
YOL017W,YIL150C,1,5.060563,0.26369544863700867,0.28258705139160156,0.07933966815471649
YNL261W,YDR310C,1,5.060399,0.26437848806381226,0.28358209133148193,0.07933966815471649
YDL143W,YBR030W,0,5.0599065,0.2641334533691406,0.28358209133148193,0.07943972200155258
YIL118W,YER028C,0,5.058692,0.2638888955116272,0.28358209133148193,0.07953976839780807
YLR113W,YIL004C,0,5.0586433,0.2636447846889496,0.28358209133148193,0.07963982224464417
YDL091C,YNL278W,0,5.0585012,0.2634011209011078,0.28358209133148193,0.07973986864089966
YLR093C,YHR085W,0,5.0528874,0.2631579041481018,0.28358209133148193,0.07983992248773575
YKL145W,YOL127W,0,5.052887,0.26291513442993164,0.28358209133148193,0.07993996888399124
YDR292C,YMR188C,0,5.052088,0.2626728117465973,0.28358209133148193,0.08004002273082733
YKR008W,YMR009W,0,5.0514154,0.26243093609809875,0.28358209133148193,0.08014006912708282
YOR141C,YGR275W,1,5.050876,0.2631094753742218,0.2845771014690399,0.08014006912708282
YKR068C,YOR034C,0,5.0508385,0.26286765933036804,0.2845771014690399,0.08024012297391891
YML049C,YBL092W,0,5.050209,0.2626262605190277,0.2845771014690399,0.08034016937017441
YNL261W,YLR399C,1,5.04988,0.263302743434906,0.2855721414089203,0.08034016937017441
YAL048C,YML063W,0,5.0497932,0.26306140422821045,0.2855721414089203,0.0804402232170105
YDR225W,YKR019C,1,5.0496626,0.2637362778186798,0.28656715154647827,0.0804402232170105
YBR009C,YLL004W,1,5.04615,0.2644098699092865,0.28756219148635864,0.0804402232170105
YML051W,YDR320C,0,5.045799,0.2641682028770447,0.28756219148635864,0.08054026961326599
YIL101C,YBL068W,0,5.044091,0.2639269530773163,0.28756219148635864,0.08064032346010208
YBR078W,YLR020C,0,5.043662,0.2636861205101013,0.28756219148635864,0.08074036985635757
YBR043C,YGR061C,0,5.043523,0.26344576478004456,0.28756219148635864,0.08084042370319366
YKL042W,YLR451W,0,5.040937,0.2632058262825012,0.28756219148635864,0.08094047009944916
YCR052W,YMR033W,1,5.040386,0.2638762593269348,0.2885572016239166,0.08094047009944916
YHR036W,YKR089C,0,5.039402,0.26363635063171387,0.2885572016239166,0.08104052394628525
YMR311C,YKR097W,0,5.0389276,0.2633969187736511,0.2885572016239166,0.08114057034254074
YHL036W,YGL027C,0,5.038351,0.2631579041481018,0.2885572016239166,0.08124061673879623
YOR159C,YNL016W,0,5.0367556,0.2629193067550659,0.2885572016239166,0.08134067058563232
YLR325C,YLR380W,0,5.0354695,0.26268115639686584,0.2885572016239166,0.08144071698188782
YLR067C,YGL174W,0,5.0354366,0.2624434530735016,0.2885572016239166,0.08154077082872391
YOR037W,YDR441C,0,5.0352354,0.26220613718032837,0.2885572016239166,0.0816408172249794
YPL018W,YLL011W,0,5.034178,0.26196929812431335,0.2885572016239166,0.08174087107181549
YAL003W,YLR377C,0,5.0334387,0.2617328464984894,0.2885572016239166,0.08184091746807098
YER023W,YPL018W,0,5.033251,0.2614968419075012,0.2885572016239166,0.08194097131490707
YBR112C,YOR279C,1,5.0331593,0.26216214895248413,0.289552241563797,0.08194097131490707
YBR024W,YCL061C,0,5.0327063,0.26192620396614075,0.289552241563797,0.08204101771116257
YBR185C,YPR111W,0,5.032675,0.2616906464099884,0.289552241563797,0.08214107155799866
YKL172W,YKR055W,0,5.0324297,0.2614555358886719,0.289552241563797,0.08224111795425415
YPL180W,YNR033W,0,5.031501,0.2612208127975464,0.289552241563797,0.08234117180109024
YNL016W,YDR490C,0,5.031224,0.2609865367412567,0.289552241563797,0.08244121819734573
YOR226C,YDR117C,0,5.0312066,0.26075267791748047,0.289552241563797,0.08254127204418182
YBL005W,YJR131W,0,5.030779,0.26051923632621765,0.289552241563797,0.08264131844043732
YPL004C,YDR075W,0,5.0293097,0.26028621196746826,0.289552241563797,0.08274137228727341
YBR009C,YOL135C,0,5.0291934,0.2600536048412323,0.289552241563797,0.0828414186835289
YPL015C,YDR110W,1,5.028226,0.2607142925262451,0.290547251701355,0.0828414186835289
YDL164C,YDR110W,0,5.0259795,0.26048171520233154,0.290547251701355,0.08294147253036499
YGR113W,YFL004W,0,5.0255127,0.2602495551109314,0.290547251701355,0.08304151892662048
YPL105C,YOR002W,0,5.0254793,0.2600178122520447,0.290547251701355,0.08314157277345657
YLR032W,YHR158C,0,5.024781,0.2597864866256714,0.290547251701355,0.08324161916971207
YDL002C,YML127W,1,5.024744,0.26044443249702454,0.29154229164123535,0.08324161916971207
YBR123C,YDL189W,0,5.0239353,0.26021313667297363,0.29154229164123535,0.08334167301654816
YGR056W,YLR103C,1,5.023634,0.260869562625885,0.29253730177879333,0.08334167301654816
YDR310C,YNL330C,1,5.0232344,0.26152482628822327,0.2935323417186737,0.08334167301654816
YER161C,YLR449W,1,5.019642,0.2621789276599884,0.2945273518562317,0.08334167301654816
YJL140W,YLR026C,0,5.0196266,0.2619469165802002,0.2945273518562317,0.08344171941280365
YDR025W,YDR439W,0,5.0133743,0.261715292930603,0.2945273518562317,0.08354177325963974
YJR005W,YHR036W,0,5.0116596,0.2614840865135193,0.2945273518562317,0.08364181965589523
YDR400W,YGR234W,0,5.0101643,0.261253297328949,0.2945273518562317,0.08374187350273132
YDR151C,YDL093W,0,5.0095325,0.2610229253768921,0.2945273518562317,0.08384191989898682
YPL149W,YOR063W,0,5.0092707,0.26079294085502625,0.2945273518562317,0.0839419737458229
YBL021C,YOL007C,0,5.0090885,0.26056337356567383,0.2945273518562317,0.0840420201420784
YNL314W,YOR270C,0,5.008418,0.26033422350883484,0.2945273518562317,0.08414207398891449
YHR147C,YOR138C,0,5.0084085,0.2601054608821869,0.2945273518562317,0.08424212038516998
YBR052C,YHR041C,0,5.0072346,0.25987708568573,0.2945273518562317,0.08434217423200607
YLR449W,YDR145W,1,5.0065556,0.2605263292789459,0.29552239179611206,0.08434217423200607
YHR039C-A,YGR002C,0,5.0034804,0.2602979838848114,0.29552239179611206,0.08444222062826157
YDR174W,YIL109C,0,5.000317,0.2600700557231903,0.29552239179611206,0.08454227447509766
YLR121C,YKR085C,0,4.998855,0.25984251499176025,0.29552239179611206,0.08464232087135315
YOR191W,YMR240C,0,4.9961987,0.25961539149284363,0.29552239179611206,0.08474237471818924
YDL140C,YPR068C,1,4.9901023,0.26026201248168945,0.29651740193367004,0.08474237471818924
YAL023C,YOR386W,0,4.9899664,0.2600349187850952,0.29651740193367004,0.08484242111444473
YHR103W,YPL161C,0,4.989424,0.25980818271636963,0.29651740193367004,0.08494246751070023
YNL151C,YGR003W,0,4.9880867,0.25958189368247986,0.29651740193367004,0.08504252135753632
YJR109C,YBR296C,0,4.9879913,0.25935596227645874,0.29651740193367004,0.08514256775379181
YGR082W,YOR126C,0,4.9878187,0.25913044810295105,0.29651740193367004,0.0852426216006279
YMR127C,YOR304W,1,4.9854493,0.2597741186618805,0.2975124418735504,0.0852426216006279
YPR034W,YIL131C,1,4.9809985,0.2604166567325592,0.2985074520111084,0.0852426216006279
YOR250C,YHR089C,0,4.980239,0.26019081473350525,0.2985074520111084,0.08534266799688339
YLR380W,YDR503C,0,4.9801073,0.25996533036231995,0.2985074520111084,0.08544272184371948
YFR037C,YNL107W,1,4.978897,0.260606050491333,0.29950249195098877,0.08544272184371948
YFR031C,YOL002C,0,4.977762,0.2603806257247925,0.29950249195098877,0.08554276823997498
YGL155W,YMR080C,0,4.976577,0.260155588388443,0.29950249195098877,0.08564282208681107
YPL098C,YDL047W,0,4.974471,0.25993090867996216,0.29950249195098877,0.08574286848306656
YPL096W,YOR324C,0,4.9741516,0.25970664620399475,0.29950249195098877,0.08584292232990265
YOL052C,YNL259C,0,4.972431,0.2594827711582184,0.29950249195098877,0.08594296872615814
YMR033W,YPL235W,1,4.9719057,0.26012060046195984,0.30049750208854675,0.08594296872615814
YCL044C,YPL254W,0,4.971716,0.25989672541618347,0.30049750208854675,0.08604302257299423
YDR021W,YDR145W,0,4.969164,0.25967326760292053,0.30049750208854675,0.08614306896924973
YDR071C,YPL130W,0,4.9686213,0.25945016741752625,0.30049750208854675,0.08624312281608582
YDL080C,YMR311C,0,4.968008,0.259227454662323,0.30049750208854675,0.08634316921234131
YNL031C,YLL004W,1,4.965803,0.2598627805709839,0.3014925420284271,0.08634316921234131
YKL051W,YNL078W,0,4.965777,0.259640097618103,0.3014925420284271,0.0864432230591774
YJR130C,YDR033W,0,4.9650126,0.2594178020954132,0.3014925420284271,0.08654326945543289
YGR106C,YJR103W,0,4.9639473,0.25919589400291443,0.3014925420284271,0.08664332330226898
YMR225C,YDR369C,0,4.963573,0.2589743733406067,0.3014925420284271,0.08674336969852448
YDL240W,YKR069W,0,4.963493,0.2587532103061676,0.3014925420284271,0.08684342354536057
YNL135C,YOR038C,1,4.959567,0.2593856751918793,0.3024875521659851,0.08684342354536057
YJL108C,YOR187W,0,4.9589844,0.2591645419597626,0.3024875521659851,0.08694346994161606
YMR218C,YKR036C,0,4.954923,0.2589437961578369,0.3024875521659851,0.08704352378845215
YOL135C,YDL112W,0,4.953492,0.2587234079837799,0.3024875521659851,0.08714357018470764
YMR142C,YOR142W,0,4.9534326,0.25850340723991394,0.3024875521659851,0.08724362403154373
YBR067C,YNL027W,0,4.953417,0.2582837641239166,0.3024875521659851,0.08734367042779922
YOR174W,YDR130C,0,4.9533615,0.25806450843811035,0.3024875521659851,0.08744372427463531
YER164W,YMR080C,1,4.953166,0.2586938142776489,0.3034825921058655,0.08744372427463531
YOL012C,YMR033W,1,4.952407,0.25932204723358154,0.30447760224342346,0.08744372427463531
YLR085C,YBR060C,1,4.951954,0.2599492073059082,0.30547264218330383,0.08744372427463531
YKL062W,YEL040W,0,4.951776,0.259729266166687,0.30547264218330383,0.08754377067089081
YLL022C,YGR002C,1,4.951559,0.26035502552986145,0.3064676523208618,0.08754377067089081
YMR306W,YPL099C,0,4.9500017,0.26013514399528503,0.3064676523208618,0.0876438245177269
YDL024C,YDR127W,0,4.949614,0.25991562008857727,0.3064676523208618,0.08774387091398239
YLR033W,YJR140C,1,4.9495907,0.26053962111473083,0.3074626922607422,0.08774387091398239
YOL064C,YAL023C,0,4.946473,0.26032012701034546,0.3074626922607422,0.08784392476081848
YLR357W,YBL008W,1,4.9460855,0.2609427571296692,0.30845770239830017,0.08784392476081848
YBR273C,YLR151C,0,4.945734,0.2607232928276062,0.30845770239830017,0.08794397115707397
YML104C,YPL078C,0,4.9452333,0.26050421595573425,0.30845770239830017,0.08804402500391006
YDR423C,YJR132W,0,4.944948,0.26028546690940857,0.30845770239830017,0.08814407140016556
YGL206C,YDR330W,0,4.9449434,0.2600671052932739,0.30845770239830017,0.08824412524700165
YNL066W,YCR106W,0,4.9442306,0.2598491311073303,0.30845770239830017,0.08834417164325714
YJL083W,YCL032W,0,4.944166,0.259631484746933,0.30845770239830017,0.08844422549009323
YPR134W,YDL067C,0,4.9435186,0.2594142258167267,0.30845770239830017,0.08854427188634872
YBR254C,YOR254C,0,4.9431105,0.25919732451438904,0.30845770239830017,0.08864432573318481
YLR127C,YML023C,0,4.9424305,0.25898078083992004,0.30845770239830017,0.08874437212944031
YLR208W,YJL008C,0,4.942334,0.2587645947933197,0.30845770239830017,0.0888444185256958
YFL049W,YER109C,0,4.9422607,0.2585487961769104,0.30845770239830017,0.08894447237253189
YDR155C,YML102W,1,4.941968,0.2591666579246521,0.30945274233818054,0.08894447237253189
YGL223C,YMR235C,0,4.9416943,0.2589508891105652,0.30945274233818054,0.08904451876878738
YPL206C,YJL072C,0,4.9413295,0.25873544812202454,0.30945274233818054,0.08914457261562347
YML109W,YKL049C,1,4.9402027,0.25935161113739014,0.3104477524757385,0.08914457261562347
YNL268W,YLR204W,0,4.940188,0.2591361999511719,0.3104477524757385,0.08924461901187897
YCR020W-B,YDR073W,1,4.9396915,0.2597510516643524,0.3114427924156189,0.08924461901187897
YJL186W,YDR425W,0,4.9392405,0.25953564047813416,0.3114427924156189,0.08934467285871506
YBR129C,YOL105C,0,4.9391356,0.25932061672210693,0.3114427924156189,0.08944471925497055
YHR061C,YDR363W-A,0,4.9374175,0.25910595059394836,0.3114427924156189,0.08954477310180664
YOL065C,YJL128C,0,4.937402,0.25889164209365845,0.3114427924156189,0.08964481949806213
YGR101W,YGL105W,0,4.937251,0.2586776912212372,0.3114427924156189,0.08974487334489822
YOR301W,YOL141W,0,4.936305,0.2584640681743622,0.3114427924156189,0.08984491974115372
YGL162W,YLR204W,0,4.9350004,0.2582508325576782,0.3114427924156189,0.08994497358798981
YNL007C,YLR170C,0,4.9341497,0.2580379247665405,0.3114427924156189,0.0900450199842453
YPR034W,YMR005W,0,4.9338827,0.2578253746032715,0.3114427924156189,0.09014507383108139
YDR033W,YDR425W,0,4.931776,0.2576131820678711,0.3114427924156189,0.09024512022733688
YPR125W,YER161C,0,4.931677,0.25740131735801697,0.3114427924156189,0.09034517407417297
YGR034W,YGR281W,0,4.930628,0.2571898102760315,0.3114427924156189,0.09044522047042847
YDR108W,YPR049C,0,4.9302244,0.2569786608219147,0.3114427924156189,0.09054527431726456
YLR109W,YGR217W,0,4.929514,0.2567678391933441,0.3114427924156189,0.09064532071352005
YDR454C,YLL051C,0,4.9280357,0.2565573751926422,0.3114427924156189,0.09074537456035614
YIL090W,YNL015W,0,4.9267826,0.25634726881980896,0.3114427924156189,0.09084542095661163
YKL116C,YKL166C,0,4.9262714,0.256137490272522,0.3114427924156189,0.09094547480344772
YGL045W,YJL035C,0,4.925906,0.25592803955078125,0.3114427924156189,0.09104552119970322
YMR022W,YAL038W,0,4.923645,0.2557189464569092,0.3114427924156189,0.0911455750465393
YJL081C,YGL163C,1,4.921847,0.2563265264034271,0.3124378025531769,0.0911455750465393
YJL081C,YKL049C,1,4.9215956,0.2569331228733063,0.31343284249305725,0.0911455750465393
YNL297C,YKL132C,0,4.9214134,0.25672370195388794,0.31343284249305725,0.0912456214427948
YGR258C,YJR118C,0,4.9200797,0.25651466846466064,0.31343284249305725,0.09134567528963089
YPR001W,YPL063W,0,4.9199753,0.2563059329986572,0.31343284249305725,0.09144572168588638
YGL112C,YOR274W,0,4.9193363,0.25609755516052246,0.31343284249305725,0.09154577553272247
YPR095C,YHR111W,0,4.917431,0.25588953495025635,0.31343284249305725,0.09164582192897797
YER005W,YLR105C,0,4.9174175,0.2556818127632141,0.31343284249305725,0.09174587577581406
YER110C,YBR101C,0,4.91403,0.2554744482040405,0.31343284249305725,0.09184592217206955
YIL062C,YGR118W,0,4.9128265,0.2552674114704132,0.31343284249305725,0.09194597601890564
YOR110W,YPL234C,0,4.9126925,0.25506073236465454,0.31343284249305725,0.09204602241516113
YML129C,YFR005C,0,4.9126596,0.25485438108444214,0.31343284249305725,0.09214607626199722
YBR301W,YIL005W,0,4.9125357,0.254648357629776,0.31343284249305725,0.09224612265825272
YAR033W,YDL209C,0,4.911112,0.25444266200065613,0.31343284249305725,0.0923461765050888
YNR059W,YKL096W-A,0,4.910734,0.2542372941970825,0.31343284249305725,0.0924462229013443
YCL067C,YOR109W,0,4.909923,0.2540322542190552,0.31343284249305725,0.09254627674818039
YGR063C,YGR002C,1,4.9085636,0.254633367061615,0.31442785263061523,0.09254627674818039
YPR036W,YGR095C,0,4.906659,0.25442832708358765,0.31442785263061523,0.09264632314443588
YNL147W,YAL048C,0,4.906516,0.25422364473342896,0.31442785263061523,0.09274636954069138
YJL081C,YMR227C,1,4.906209,0.25482314825057983,0.3154228925704956,0.09274636954069138
YBR215W,YER030W,1,4.905834,0.2554216980934143,0.3164179027080536,0.09274636954069138
YOR037W,YLR292C,0,4.9048557,0.25521668791770935,0.3164179027080536,0.09284642338752747
YBR198C,YMR091C,1,4.902629,0.25581395626068115,0.31741294264793396,0.09284642338752747
YER025W,YMR020W,0,4.90211,0.2556089758872986,0.31741294264793396,0.09294646978378296
YMR080C,YLR321C,1,4.9011173,0.2562049627304077,0.31840795278549194,0.09294646978378296
YPR018W,YML069W,1,4.9007206,0.25679999589920044,0.3194029927253723,0.09294646978378296
YNL151C,YBR230C,0,4.900114,0.256594717502594,0.3194029927253723,0.09304652363061905
YDR145W,YGR116W,1,4.899082,0.25718849897384644,0.3203980028629303,0.09304652363061905
YPR191W,YKL196C,0,4.8983316,0.2569832503795624,0.3203980028629303,0.09314657002687454
YJL019W,YCL032W,0,4.898145,0.2567782998085022,0.3203980028629303,0.09324662387371063
YIR006C,YNL230C,0,4.8979206,0.25657370686531067,0.3203980028629303,0.09334667026996613
YDL078C,YGL148W,0,4.8971567,0.256369411945343,0.3203980028629303,0.09344672411680222
YLR435W,YDR330W,0,4.8970366,0.256165474653244,0.3203980028629303,0.09354677051305771
YLR447C,YLL019C,0,4.8962727,0.2559618353843689,0.3203980028629303,0.0936468243598938
YPR008W,YBR022W,0,4.895565,0.25575852394104004,0.3203980028629303,0.09374687075614929
YHL006C,YLR190W,0,4.8935223,0.25555557012557983,0.3203980028629303,0.09384692460298538
YJL013C,YPL144W,0,4.8928795,0.2553528845310211,0.3203980028629303,0.09394697099924088
YKR054C,YMR039C,0,4.8893447,0.25515055656433105,0.3203980028629303,0.09404702484607697
YGL241W,YOR249C,0,4.889015,0.25494852662086487,0.3203980028629303,0.09414707124233246
YLR371W,YPL048W,0,4.8843875,0.25474682450294495,0.3203980028629303,0.09424712508916855
YJL194W,YOR038C,1,4.883557,0.2553359568119049,0.32139304280281067,0.09424712508916855
YMR156C,YKL024C,0,4.883252,0.2551342844963074,0.32139304280281067,0.09434717148542404
YDR166C,YDL137W,0,4.88319,0.2549329102039337,0.32139304280281067,0.09444722533226013
YCR052W,YOR038C,1,4.881835,0.2555204927921295,0.32238805294036865,0.09444722533226013
YHR021C,YDR425W,0,4.880602,0.25531914830207825,0.32238805294036865,0.09454727172851562
YOR209C,YGR063C,1,4.8799925,0.25590550899505615,0.323383092880249,0.09454727172851562
YGL194C,YKR010C,1,4.8772182,0.25649094581604004,0.324378103017807,0.09454727172851562
YBR173C,YOL139C,0,4.875021,0.2562893033027649,0.324378103017807,0.09464732557535172
YPR024W,YNL135C,0,4.8749256,0.256087988615036,0.324378103017807,0.09474737197160721
YNL218W,YOR216C,0,4.8744116,0.255886971950531,0.324378103017807,0.0948474258184433
YBL020W,YLR165C,0,4.8735642,0.25568628311157227,0.324378103017807,0.09494747221469879
YJL005W,YKR100C,0,4.872945,0.2554858922958374,0.324378103017807,0.09504752606153488
YJL141C,YNL248C,0,4.8725276,0.2552858293056488,0.324378103017807,0.09514757245779037
YOL124C,YOR080W,0,4.8710794,0.2550860643386841,0.324378103017807,0.09524762630462646
YOR332W,YDL003W,0,4.8705444,0.2548866271972656,0.324378103017807,0.09534767270088196
YAL034W-A,YOR252W,0,4.869115,0.25468748807907104,0.324378103017807,0.09544772654771805
YLR026C,YNR024W,0,4.867655,0.25448867678642273,0.324378103017807,0.09554777294397354
YLR357W,YHR118C,1,4.866395,0.25507020950317383,0.3253731429576874,0.09554777294397354
YPL015C,YLR052W,1,4.863885,0.2556508183479309,0.32636815309524536,0.09554777294397354
YOR207C,YIL106W,0,4.8633423,0.2554517090320587,0.32636815309524536,0.09564782679080963
YGR057C,YBL058W,0,4.8616123,0.2552529275417328,0.32636815309524536,0.09574787318706512
YMR080C,YLR285W,1,4.8596563,0.2558320462703705,0.32736319303512573,0.09574787318706512
YJR084W,YPR125W,0,4.859623,0.25563326478004456,0.32736319303512573,0.09584792703390121
YDR418W,YDR200C,0,4.8595343,0.2554347813129425,0.32736319303512573,0.09594797343015671
YML036W,YDR121W,0,4.8589735,0.2552366256713867,0.32736319303512573,0.0960480272769928
YDR164C,YHR041C,0,4.857694,0.2550387680530548,0.32736319303512573,0.09614807367324829
YPL174C,YJL062W,0,4.857559,0.2548412084579468,0.32736319303512573,0.09624812752008438
YCL004W,YOR212W,0,4.8572373,0.254643976688385,0.32736319303512573,0.09634817391633987
YOL140W,YOL147C,0,4.8567,0.25444701313972473,0.32736319303512573,0.09644822776317596
YHR021C,YPR081C,0,4.8562965,0.2542503774166107,0.32736319303512573,0.09654827415943146
YDR527W,YBR166C,0,4.85534,0.2540540397167206,0.32736319303512573,0.09664832055568695
YGL222C,YJL143W,0,4.8549323,0.2538580298423767,0.32736319303512573,0.09674837440252304
YKL194C,YLR025W,0,4.8525667,0.2536622881889343,0.32736319303512573,0.09684842079877853
YOR258W,YOR156C,0,4.8491697,0.2534668743610382,0.32736319303512573,0.09694847464561462
YER164W,YLR442C,1,4.848837,0.2540415823459625,0.3283582031726837,0.09694847464561462
YBR129C,YGL058W,0,4.8485746,0.2538461685180664,0.3283582031726837,0.09704852104187012
YNR011C,YDR129C,0,4.8481665,0.2536510229110718,0.3283582031726837,0.09714857488870621
YLL021W,YPL094C,0,4.846095,0.2534562349319458,0.3283582031726837,0.0972486212849617
YLR304C,YDR435C,0,4.84531,0.2532617151737213,0.3283582031726837,0.09734867513179779
YBR033W,YOR335C,0,4.845153,0.2530674934387207,0.3283582031726837,0.09744872152805328
YKR019C,YHR153C,0,4.844762,0.25287356972694397,0.3283582031726837,0.09754877537488937
YJL194W,YML102W,1,4.843693,0.2534456253051758,0.3293532431125641,0.09754877537488937
YKL210W,YMR318C,0,4.8429155,0.25325173139572144,0.3293532431125641,0.09764882177114487
YNL088W,YMR227C,1,4.842713,0.2538226246833801,0.33034825325012207,0.09764882177114487
YER164W,YGR116W,1,4.841976,0.2543926537036896,0.33134329319000244,0.09764882177114487
YOR201C,YBR001C,0,4.8408427,0.25419846177101135,0.33134329319000244,0.09774887561798096
YPL234C,YGR221C,0,4.8404226,0.254004567861557,0.33134329319000244,0.09784892201423645
YOL123W,YLR396C,0,4.8399296,0.25381097197532654,0.33134329319000244,0.09794897586107254
YOL121C,YDL216C,0,4.839414,0.25361767411231995,0.33134329319000244,0.09804902225732803
YOR020C,YDR211W,0,4.839383,0.25342464447021484,0.33134329319000244,0.09814907610416412
YML063W,YGR193C,0,4.838647,0.253231942653656,0.33134329319000244,0.09824912250041962
YPL063W,YGR002C,0,4.8373327,0.25303950905799866,0.33134329319000244,0.0983491763472557
YGL116W,YDR205W,0,4.836855,0.2528473734855652,0.33134329319000244,0.0984492227435112
YDR524C,YIR036C,0,4.836829,0.2526555359363556,0.33134329319000244,0.09854927659034729
YLL003W,YJR130C,0,4.836499,0.2524639964103699,0.33134329319000244,0.09864932298660278
YGL167C,YPR171W,0,4.834586,0.25227272510528564,0.33134329319000244,0.09874937683343887
YNL084C,YLL048C,0,4.834078,0.2520817518234253,0.33134329319000244,0.09884942322969437
YNL066W,YLR176C,0,4.834073,0.2518910765647888,0.33134329319000244,0.09894947707653046
YNL262W,YGR094W,0,4.831121,0.25170066952705383,0.33134329319000244,0.09904952347278595
YJL081C,YPR131C,0,4.8301864,0.2515105605125427,0.33134329319000244,0.09914957731962204
YJR005W,YLR145W,0,4.829732,0.2513207495212555,0.33134329319000244,0.09924962371587753
YDR507C,YML109W,0,4.8281274,0.25113123655319214,0.33134329319000244,0.09934967756271362
YPL050C,YPL156C,0,4.827708,0.2509419620037079,0.33134329319000244,0.09944972395896912
YKR038C,YML011C,0,4.8265014,0.2507530152797699,0.33134329319000244,0.0995497778058052
YOL103W,YKL212W,0,4.8254623,0.2505643367767334,0.33134329319000244,0.0996498242020607
YML086C,YNL262W,0,4.82524,0.2503759264945984,0.33134329319000244,0.09974987804889679
YDL080C,YER178W,0,4.8251553,0.25018781423568726,0.33134329319000244,0.09984992444515228
YDR386W,YDR091C,0,4.823822,0.25,0.33134329319000244,0.09994997829198837
YLL009C,YJR126C,0,4.8235126,0.24981245398521423,0.33134329319000244,0.10005002468824387
YNL290W,YGR086C,0,4.823018,0.24962519109249115,0.33134329319000244,0.10015007853507996
YOL012C,YDL105W,1,4.8203983,0.2501872777938843,0.3323383033275604,0.10015007853507996
YPR054W,YEL040W,0,4.8200836,0.25,0.3323383033275604,0.10025012493133545
YNL244C,YDR325W,0,4.8185625,0.2498130202293396,0.3323383033275604,0.10035017877817154
YPL178W,YGL155W,0,4.8174686,0.2496263086795807,0.3323383033275604,0.10045022517442703
YIL128W,YPL074W,0,4.817341,0.24943988025188446,0.3323383033275604,0.10055027157068253
YDR332W,YKL069W,0,4.8161783,0.24925373494625092,0.3323383033275604,0.10065032541751862
YLR357W,YFL013C,1,4.815419,0.24981357157230377,0.3333333432674408,0.10065032541751862
YHR001W-A,YML098W,0,4.8145733,0.24962742626667023,0.3333333432674408,0.10075037181377411
YDL042C,YDR224C,1,4.8141575,0.25018614530563354,0.3343283534049988,0.10075037181377411
YOL126C,YLR324W,0,4.8137503,0.25,0.3343283534049988,0.1008504256606102
YPL050C,YPR169W,0,4.8133984,0.24981412291526794,0.3343283534049988,0.10095047205686569
YDR372C,YDR011W,0,4.812218,0.24962852895259857,0.3343283534049988,0.10105052590370178
YER029C,YER101C,0,4.8117566,0.2494432032108307,0.3343283534049988,0.10115057229995728
YLR078C,YGR167W,0,4.810647,0.2492581605911255,0.3343283534049988,0.10125062614679337
YML055W,YDL080C,0,4.80919,0.24907338619232178,0.3343283534049988,0.10135067254304886
YLR430W,YPL018W,0,4.808592,0.24888889491558075,0.3343283534049988,0.10145072638988495
YDR151C,YGR118W,0,4.806691,0.24870465695858002,0.3343283534049988,0.10155077278614044
YKR008W,YLR095C,1,4.8022747,0.24926035106182098,0.33532339334487915,0.10155077278614044
YDR520C,YOR226C,0,4.801878,0.24907612800598145,0.33532339334487915,0.10165082663297653
YEL032W,YPR057W,0,4.8014026,0.2488921731710434,0.33532339334487915,0.10175087302923203
YLR079W,YPL244C,0,4.8003106,0.24870848655700684,0.33532339334487915,0.10185092687606812
YOR159C,YPR086W,0,4.799596,0.24852506816387177,0.33532339334487915,0.10195097327232361
YBR120C,YDR443C,0,4.799558,0.24834193289279938,0.33532339334487915,0.1020510271191597
YHR077C,YOL151W,0,4.799305,0.24815905094146729,0.33532339334487915,0.10215107351541519
YMR078C,YPR048W,0,4.798596,0.24797645211219788,0.33532339334487915,0.10225112736225128
YGL251C,YLR364W,0,4.79795,0.24779412150382996,0.33532339334487915,0.10235117375850677
YLR449W,YBL002W,1,4.7962704,0.24834680557250977,0.33631840348243713,0.10235117375850677
YJL083W,YNL178W,0,4.7962556,0.24816446006298065,0.33631840348243713,0.10245122760534286
YMR005W,YCR028C,0,4.79479,0.24798239767551422,0.33631840348243713,0.10255127400159836
YOL071W,YGL092W,0,4.794336,0.24780058860778809,0.33631840348243713,0.10265132784843445
YMR044W,YDR155C,1,4.794265,0.24835164844989777,0.3373134434223175,0.10265132784843445
YGL003C,YFL033C,0,4.7932143,0.24816983938217163,0.3373134434223175,0.10275137424468994
YBR268W,YKL182W,0,4.792882,0.24798829853534698,0.3373134434223175,0.10285142809152603
YCR052W,YCR094W,0,4.7922945,0.24780701100826263,0.3373134434223175,0.10295147448778152
YNL015W,YJR151C,0,4.7920995,0.24762600660324097,0.3373134434223175,0.10305152833461761
YNL292W,YDR201W,0,4.791238,0.2474452555179596,0.3373134434223175,0.10315157473087311
YGR221C,YJL076W,1,4.790718,0.24799416959285736,0.3383084535598755,0.10315157473087311
YPL189W,YER139C,0,4.7906275,0.247813418507576,0.3383084535598755,0.1032516285777092
YJR112W,YER070W,0,4.790325,0.2476329207420349,0.3383084535598755,0.10335167497396469
YDR190C,YKL049C,1,4.7894325,0.24818049371242523,0.33930349349975586,0.10335167497396469
YHR119W,YNL135C,1,4.7883883,0.24872727692127228,0.34029850363731384,0.10335167497396469
YLR328W,YDL135C,0,4.788042,0.2485465109348297,0.34029850363731384,0.10345172882080078
YJL035C,YKR028W,0,4.7867,0.24836601316928864,0.34029850363731384,0.10355177521705627
YDR466W,YJL155C,0,4.7863483,0.24818578362464905,0.34029850363731384,0.10365182906389236
YOL006C,YDL197C,1,4.786268,0.24873095750808716,0.3412935435771942,0.10365182906389236
YDL246C,YDR129C,0,4.7855935,0.24855072796344757,0.3412935435771942,0.10375187546014786
YGR161C,YJL079C,0,4.784447,0.24837075173854828,0.3412935435771942,0.10385192930698395
YPR019W,YMR230W,0,4.784016,0.24819102883338928,0.3412935435771942,0.10395197570323944
YHL019C,YDR334W,0,4.7836065,0.24801157414913177,0.3412935435771942,0.10405202955007553
YDR110W,YBR089C-A,1,4.7825193,0.24855491518974304,0.3422885537147522,0.10405202955007553
YLR299W,YMR012W,0,4.782359,0.24837544560432434,0.3422885537147522,0.10415207594633102
YMR044W,YLR033W,1,4.7820835,0.24891774356365204,0.34328359365463257,0.10415207594633102
YGR037C,YMR042W,0,4.7815766,0.24873828887939453,0.34328359365463257,0.10425212234258652
YDR110W,YGL112C,1,4.781392,0.24927954375743866,0.34427860379219055,0.10425212234258652
YOL006C,YDR303C,1,4.7813005,0.24982000887393951,0.3452736437320709,0.10425212234258652
YOL135C,YDR117C,0,4.779908,0.24964028596878052,0.3452736437320709,0.10435217618942261
YPL090C,YDL243C,0,4.7797933,0.24946081638336182,0.3452736437320709,0.1044522225856781
YJR121W,YHR120W,0,4.779277,0.2492816150188446,0.3452736437320709,0.10455227643251419
YBL052C,YIL150C,1,4.7791805,0.2498205304145813,0.3462686538696289,0.10455227643251419
YAL015C,YOL127W,0,4.7781296,0.2496413141489029,0.3462686538696289,0.10465232282876968
YMR101C,YER036C,0,4.7760544,0.24946236610412598,0.3462686538696289,0.10475237667560577
YBR038W,YCR009C,0,4.774386,0.24928367137908936,0.3462686538696289,0.10485242307186127
YDR485C,YOR244W,1,4.77322,0.24982105195522308,0.3472636938095093,0.10485242307186127
YMR076C,YGL067W,0,4.772066,0.24964234232902527,0.3472636938095093,0.10495247691869736
YPL011C,YGL112C,1,4.7719917,0.2501786947250366,0.34825870394706726,0.10495247691869736
YCL004W,YBL047C,0,4.770961,0.25,0.34825870394706726,0.10505252331495285
YNR055C,YHR037W,0,4.770879,0.24982155859470367,0.34825870394706726,0.10515257716178894
YGR075C,YOR279C,0,4.7698736,0.24964337050914764,0.34825870394706726,0.10525262355804443
YOR351C,YKR094C,0,4.7696877,0.2494654357433319,0.34825870394706726,0.10535267740488052
YEL006W,YDL143W,0,4.768593,0.24928775429725647,0.34825870394706726,0.10545272380113602
YPL271W,YNR015W,0,4.7674484,0.24911032617092133,0.34825870394706726,0.1055527776479721
YPL248C,YHR085W,0,4.767106,0.24893313646316528,0.34825870394706726,0.1056528240442276
YNL133C,YDR358W,0,4.7666397,0.24875621497631073,0.34825870394706726,0.10575287789106369
YPL105C,YMR227C,0,4.7664766,0.24857954680919647,0.34825870394706726,0.10585292428731918
YNL183C,YOR096W,0,4.765968,0.24840311706066132,0.34825870394706726,0.10595297813415527
YNL261W,YBR231C,1,4.765416,0.24893617630004883,0.34925374388694763,0.10595297813415527
YBL038W,YML049C,0,4.7652507,0.24875974655151367,0.34925374388694763,0.10605302453041077
YBR035C,YBL034C,0,4.7647696,0.2485835701227188,0.34925374388694763,0.10615307837724686
YCL061C,YNL330C,1,4.764719,0.24911536276340485,0.3502487540245056,0.10615307837724686
YPR067W,YDR067C,0,4.7644835,0.24893918633460999,0.3502487540245056,0.10625312477350235
YDR118W,YOR117W,0,4.76416,0.24876324832439423,0.3502487540245056,0.10635317862033844
YDR270W,YGR075C,0,4.764041,0.24858756363391876,0.3502487540245056,0.10645322501659393
YML041C,YJL127C,1,4.763726,0.24911785125732422,0.351243793964386,0.10645322501659393
YKR007W,YJR004C,0,4.7606616,0.24894216656684875,0.351243793964386,0.10655327886343002
YJL054W,YDR288W,0,4.759392,0.2487667351961136,0.351243793964386,0.10665332525968552
YBR213W,YPR070W,0,4.7588053,0.24859154224395752,0.351243793964386,0.1067533791065216
YDR004W,YER145C,0,4.7566843,0.24841660261154175,0.351243793964386,0.1068534255027771
YBR177C,YHR036W,0,4.7539735,0.24824191629886627,0.351243793964386,0.10695347934961319
YKL196C,YKL130C,0,4.7537518,0.2480674684047699,0.351243793964386,0.10705352574586868
YNL138W,YJR092W,0,4.7532268,0.24789325892925262,0.351243793964386,0.10715357959270477
YLR440C,YML034W,0,4.752266,0.24771930277347565,0.351243793964386,0.10725362598896027
YCR052W,YFL049W,1,4.7509303,0.24824684858322144,0.35223880410194397,0.10725362598896027
YGR200C,YCL055W,0,4.750565,0.24807287752628326,0.35223880410194397,0.10735367983579636
YLR386W,YNR028W,0,4.7500315,0.2478991597890854,0.35223880410194397,0.10745372623205185
YCR060W,YDR530C,0,4.749884,0.2477256804704666,0.35223880410194397,0.10755378007888794
YHR161C,YML006C,0,4.748953,0.24755245447158813,0.35223880410194397,0.10765382647514343
YAR035W,YKL020C,0,4.7478805,0.24737945199012756,0.35223880410194397,0.10775388032197952
YLR380W,YKR028W,0,4.746868,0.2472067028284073,0.35223880410194397,0.10785392671823502
YLR188W,YPL235W,0,4.7466593,0.2470341920852661,0.35223880410194397,0.1079539805650711
YPL096W,YDL179W,0,4.745024,0.24686191976070404,0.35223880410194397,0.1080540269613266
YMR264W,YDR373W,0,4.744542,0.24668990075588226,0.35223880410194397,0.10815407335758209
YPR043W,YNL230C,0,4.7443943,0.2465181052684784,0.35223880410194397,0.10825412720441818
YOR008C,YCL029C,0,4.7441864,0.24634654819965363,0.35223880410194397,0.10835417360067368
YOR193W,YHR024C,0,4.7434807,0.24617524445056915,0.35223880410194397,0.10845422744750977
YOR279C,YML069W,1,4.74344,0.24669909477233887,0.35323384404182434,0.10845422744750977
YGL031C,YFL005W,0,4.74253,0.2465277761220932,0.35323384404182434,0.10855427384376526
YEL022W,YER022W,0,4.740054,0.24635669589042664,0.35323384404182434,0.10865432769060135
YKL166C,YBR202W,0,4.7396417,0.24618585407733917,0.35323384404182434,0.10875437408685684
YMR172W,YAL043C,0,4.7390475,0.2460152506828308,0.35323384404182434,0.10885442793369293
YJR140C,YGL194C,1,4.738345,0.24653740227222443,0.3542288541793823,0.10885442793369293
YKR019C,YLR095C,1,4.737812,0.24705882370471954,0.3552238941192627,0.10885442793369293
YKL007W,YMR182C,0,4.73778,0.2468879669904709,0.3552238941192627,0.10895447432994843
YKL074C,YJL098W,0,4.736168,0.24671734869480133,0.3552238941192627,0.10905452817678452
YEL058W,YGL058W,0,4.7359376,0.24654695391654968,0.3552238941192627,0.10915457457304001
YAL023C,YER022W,0,4.7357454,0.24637681245803833,0.3552238941192627,0.1092546284198761
YJL108C,YPR120C,0,4.735627,0.24620689451694489,0.3552238941192627,0.10935467481613159
YEL024W,YNL325C,0,4.7343597,0.24603721499443054,0.3552238941192627,0.10945472866296768
YGR169C,YIL046W,0,4.7339373,0.2458677738904953,0.3552238941192627,0.10955477505922318
YJR109C,YNL210W,0,4.733757,0.24569855630397797,0.3552238941192627,0.10965482890605927
YGR275W,YGL194C,1,4.7329845,0.24621732532978058,0.3562189042568207,0.10965482890605927
YPR143W,YMR257C,0,4.7327824,0.24604810774326324,0.3562189042568207,0.10975487530231476
YFR040W,YML091C,0,4.732236,0.24587911367416382,0.3562189042568207,0.10985492914915085
YDR082W,YLR147C,0,4.7298336,0.2457103580236435,0.3562189042568207,0.10995497554540634
YPL189W,YIL126W,0,4.7293067,0.24554184079170227,0.3562189042568207,0.11005502939224243
YNL166C,YDR207C,0,4.7291865,0.24537354707717896,0.3562189042568207,0.11015507578849792
YPL007C,YBL076C,0,4.7290397,0.24520547688007355,0.3562189042568207,0.11025512963533401
YGR057C,YBL037W,0,4.728793,0.24503764510154724,0.3562189042568207,0.11035517603158951
YGL103W,YCR106W,0,4.7274113,0.24487003684043884,0.3562189042568207,0.1104552298784256
YLR266C,YNL309W,0,4.727297,0.24470266699790955,0.3562189042568207,0.11055527627468109
YOL012C,YKL090W,0,4.7259636,0.24453552067279816,0.3562189042568207,0.11065533012151718
YNL006W,YML063W,0,4.725625,0.24436859786510468,0.3562189042568207,0.11075537651777267
YCR035C,YOR025W,0,4.7251444,0.2442019134759903,0.3562189042568207,0.11085543036460876
YMR100W,YGL025C,0,4.724477,0.24403545260429382,0.3562189042568207,0.11095547676086426
YPL235W,YHR073W,0,4.7242055,0.24386921525001526,0.3562189042568207,0.11105553060770035
YKL135C,YBL072C,0,4.722701,0.2437032014131546,0.3562189042568207,0.11115557700395584
YOL059W,YDR487C,0,4.721734,0.24353741109371185,0.3562189042568207,0.11125563085079193
YHR119W,YHL025W,1,4.721689,0.24405166506767273,0.35721394419670105,0.11125563085079193
YMR078C,YOR069W,0,4.7206793,0.24388587474822998,0.35721394419670105,0.11135567724704742
YGR185C,YJL008C,0,4.718449,0.24372029304504395,0.35721394419670105,0.11145573109388351
YPR034W,YDR145W,1,4.7181964,0.2442333847284317,0.35820895433425903,0.11145573109388351
YBR231C,YGR063C,1,4.7179117,0.24474576115608215,0.3592039942741394,0.11145573109388351
YKL160W,YML041C,1,4.717413,0.2452574521303177,0.3601990044116974,0.11145573109388351
YMR080C,YML041C,1,4.7173066,0.2457684427499771,0.36119404435157776,0.11145573109388351
YGR285C,YNL039W,0,4.7166014,0.24560216069221497,0.36119404435157776,0.11155577749013901
YKL015W,YHR120W,0,4.7128935,0.24543610215187073,0.36119404435157776,0.1116558313369751
YDR224C,YOL006C,1,4.7128344,0.24594594538211823,0.36218905448913574,0.1116558313369751
YDR532C,YOR308C,0,4.7122755,0.2457798719406128,0.36218905448913574,0.11175587773323059
YCL051W,YBR187W,0,4.7121134,0.24561403691768646,0.36218905448913574,0.11185593158006668
YOR319W,YGL139W,0,4.7108746,0.24544841051101685,0.36218905448913574,0.11195597797632217
YLR287C-A,YDR213W,0,4.7103987,0.24528302252292633,0.36218905448913574,0.11205602437257767
YKL130C,YDL127W,0,4.7093086,0.24511784315109253,0.36218905448913574,0.11215607821941376
YFR010W,YHR108W,0,4.708702,0.24495288729667664,0.36218905448913574,0.11225612461566925
YLR075W,YCR077C,0,4.7082024,0.24478816986083984,0.36218905448913574,0.11235617846250534
YDR188W,YPR178W,0,4.706307,0.24462366104125977,0.36218905448913574,0.11245622485876083
YJR108W,YJL158C,0,4.705928,0.2444593757390976,0.36218905448913574,0.11255627870559692
YIL107C,YHR150W,0,4.7058196,0.24429529905319214,0.36218905448913574,0.11265632510185242
YER088C,YDR303C,1,4.704939,0.24480214715003967,0.3631840944290161,0.11265632510185242
YBL088C,YCR036W,0,4.704075,0.24463807046413422,0.3631840944290161,0.11275637894868851
YIL039W,YAL010C,0,4.703017,0.24447421729564667,0.3631840944290161,0.112856425344944
YNR055C,YNL293W,0,4.7007732,0.24431057274341583,0.3631840944290161,0.11295647919178009
YKR054C,YDL095W,0,4.700199,0.2441471517086029,0.3631840944290161,0.11305652558803558
YMR080C,YLL004W,1,4.699486,0.2446524053812027,0.3641791045665741,0.11305652558803558
YIL021W,YPL083C,0,4.6992483,0.24448898434638977,0.3641791045665741,0.11315657943487167
YMR233W,YPL156C,0,4.6991415,0.24432577192783356,0.3641791045665741,0.11325662583112717
YNL290W,YEL051W,0,4.6988306,0.24416276812553406,0.3641791045665741,0.11335667967796326
YLR055C,YDR427W,0,4.6984663,0.24400000274181366,0.3641791045665741,0.11345672607421875
YIL026C,YPL022W,0,4.6980853,0.24383744597434998,0.3641791045665741,0.11355677992105484
YIL009W,YML107C,0,4.697563,0.243675097823143,0.3641791045665741,0.11365682631731033
YOL038W,YNL031C,0,4.6971254,0.24351297318935394,0.3641791045665741,0.11375688016414642
YLR085C,YLR054C,0,4.696233,0.2433510571718216,0.3641791045665741,0.11385692656040192
YDL210W,YLR185W,0,4.696186,0.24318936467170715,0.3641791045665741,0.113956980407238
YOR311C,YMR318C,0,4.696041,0.24302789568901062,0.3641791045665741,0.1140570268034935
YHR146W,YGR193C,0,4.694871,0.2428666204214096,0.3641791045665741,0.11415708065032959
YPR108W,YGL216W,0,4.6946554,0.2427055686712265,0.3641791045665741,0.11425712704658508
YGL070C,YDR057W,0,4.693692,0.2425447255373001,0.3641791045665741,0.11435718089342117
YDL042C,YGL163C,1,4.692482,0.2430463582277298,0.3651741147041321,0.11435718089342117
YDR003W,YBR162C,0,4.6920643,0.2428855001926422,0.3651741147041321,0.11445722728967667
YNL153C,YDR159W,0,4.6911993,0.24272486567497253,0.3651741147041321,0.11455728113651276
YKL180W,YNL167C,0,4.6905255,0.24256443977355957,0.3651741147041321,0.11465732753276825
YLR286C,YJR119C,0,4.688999,0.24240422248840332,0.3651741147041321,0.11475738137960434
YGR101W,YPL244C,0,4.6878176,0.24224422872066498,0.3651741147041321,0.11485742777585983
YJR121W,YGR217W,0,4.6877584,0.24208442866802216,0.3651741147041321,0.11495748162269592
YOR383C,YLR285W,0,4.6861315,0.24192485213279724,0.3651741147041321,0.11505752801895142
YJL080C,YML127W,1,4.6846027,0.24242424964904785,0.36616915464401245,0.11505752801895142
YIL075C,YBR031W,0,4.6845293,0.24226464331150055,0.36616915464401245,0.1151575818657875
YBR205W,YMR100W,0,4.684367,0.24210526049137115,0.36616915464401245,0.115257628262043
YNR023W,YLR085C,1,4.6840734,0.24260355532169342,0.36716416478157043,0.115257628262043
YDR512C,YGL030W,0,4.683427,0.24244415760040283,0.36716416478157043,0.11535768210887909
YBL006C,YPL127C,1,4.6831207,0.24294155836105347,0.3681592047214508,0.11535768210887909
YGR056W,YPL235W,1,4.6827383,0.24343831837177277,0.3691542148590088,0.11535768210887909
YCL052C,YMR123W,0,4.6815634,0.24327868223190308,0.3691542148590088,0.11545772850513458
YCR092C,YHR129C,0,4.681556,0.2431192696094513,0.3691542148590088,0.11555778235197067
YNL027W,YFR031C,0,4.6805477,0.24296005070209503,0.3691542148590088,0.11565782874822617
YBR207W,YOR253W,0,4.679493,0.24280104041099548,0.3691542148590088,0.11575788259506226
YFR013W,YPL129W,1,4.6794477,0.24329626560211182,0.37014925479888916,0.11575788259506226
YGL137W,YOR159C,0,4.678899,0.24313725531101227,0.37014925479888916,0.11585792899131775
YPL269W,YDR168W,0,4.678648,0.24297843873500824,0.37014925479888916,0.11595797538757324
YPL040C,YLR020C,0,4.678131,0.24281984567642212,0.37014925479888916,0.11605802923440933
YLL021W,YIL037C,0,4.6774364,0.24266144633293152,0.37014925479888916,0.11615807563066483
YDL055C,YPR054W,0,4.6770563,0.24250325560569763,0.37014925479888916,0.11625812947750092
YER100W,YMR235C,0,4.6753354,0.24234527349472046,0.37014925479888916,0.11635817587375641
YPR073C,YGL026C,0,4.6752095,0.2421875,0.37014925479888916,0.1164582297205925
YKL166C,YMR002W,0,4.674885,0.24202993512153625,0.37014925479888916,0.11655827611684799
YER068W,YAL043C,0,4.6748466,0.24187256395816803,0.37014925479888916,0.11665832996368408
YPR021C,YFR038W,0,4.673788,0.24171540141105652,0.37014925479888916,0.11675837635993958
YML109W,YJR133W,0,4.6736,0.24155844748020172,0.37014925479888916,0.11685843020677567
YHR069C,YDR479C,0,4.668721,0.24140168726444244,0.37014925479888916,0.11695847660303116
YML048W,YPR030W,0,4.666649,0.24124513566493988,0.37014925479888916,0.11705853044986725
YOR155C,YOR016C,0,4.6654606,0.24108879268169403,0.37014925479888916,0.11715857684612274
YEL030W,YLR390W,0,4.6653585,0.2409326434135437,0.37014925479888916,0.11725863069295883
YNL133C,YNL065W,0,4.6645994,0.24077670276165009,0.37014925479888916,0.11735867708921432
YFL004W,YHL025W,0,4.664471,0.240620955824852,0.37014925479888916,0.11745873093605042
YHL021C,YER102W,0,4.664395,0.2404654175043106,0.37014925479888916,0.11755877733230591
YJL178C,YLR309C,0,4.66369,0.24031007289886475,0.37014925479888916,0.117658831179142
YGR156W,YGR264C,0,4.662413,0.2401549369096756,0.37014925479888916,0.11775887757539749
YBR149W,YPL040C,0,4.6621275,0.23999999463558197,0.37014925479888916,0.11785893142223358
YOR123C,YLL043W,0,4.661813,0.23984526097774506,0.37014925479888916,0.11795897781848907
YPL239W,YDR284C,0,4.6617928,0.23969072103500366,0.37014925479888916,0.11805903166532516
YPL160W,YER088C,0,4.6615148,0.2395363748073578,0.37014925479888916,0.11815907806158066
YDR046C,YER175C,0,4.661135,0.23938223719596863,0.37014925479888916,0.11825913190841675
YBR009C,YDR439W,1,4.660162,0.23987138271331787,0.37114426493644714,0.11825913190841675
YOR141C,YGR116W,1,4.659758,0.24035990238189697,0.3721393048763275,0.11825913190841675
YLR399C,YDR190C,1,4.658449,0.24084778130054474,0.3731343150138855,0.11825913190841675
YHR103W,YMR065W,0,4.658024,0.24069319665431976,0.3731343150138855,0.11835917830467224
YOR299W,YKL032C,0,4.657849,0.2405388057231903,0.3731343150138855,0.11845923215150833
YOL006C,YMR091C,1,4.6575575,0.2410256415605545,0.37412935495376587,0.11845923215150833
YHR067W,YML099C,0,4.6557217,0.24087123572826385,0.37412935495376587,0.11855927854776382
YLR032W,YDR320C,0,4.6555986,0.24071702361106873,0.37412935495376587,0.11865933239459991
YJL080C,YPR028W,0,4.6552644,0.2405630201101303,0.37412935495376587,0.11875937879085541
YOR057W,YNL189W,0,4.6552114,0.24040921032428741,0.37412935495376587,0.1188594326376915
YPR052C,YNL059C,1,4.6537747,0.24089457094669342,0.37512436509132385,0.1188594326376915
YOR250C,YER115C,0,4.65366,0.24074074625968933,0.37512436509132385,0.11895947903394699
YNL030W,YLR399C,1,4.651553,0.24122527241706848,0.3761194050312042,0.11895947903394699
YHR135C,YNR057C,0,4.651332,0.2410714328289032,0.3761194050312042,0.11905953288078308
YGR275W,YFL049W,1,4.6510544,0.2415551245212555,0.3771144151687622,0.11905953288078308
YPL148C,YGL026C,0,4.650533,0.24140127003192902,0.3771144151687622,0.11915957927703857
YDR071C,YPL235W,1,4.6505003,0.24188415706157684,0.3781094551086426,0.11915957927703857
YLR033W,YLR442C,1,4.6499987,0.24236641824245453,0.37910446524620056,0.11915957927703857
YLR127C,YML049C,0,4.648446,0.24221234023571014,0.37910446524620056,0.11925963312387466
YNR023W,YMR127C,1,4.6482525,0.24269376695156097,0.38009950518608093,0.11925963312387466
YGL112C,YKL116C,0,4.6470184,0.2425396889448166,0.38009950518608093,0.11935967952013016
YGL198W,YKR083C,0,4.6469197,0.24238578975200653,0.38009950518608093,0.11945973336696625
YJL081C,YDR167W,1,4.6455975,0.24286620318889618,0.3810945153236389,0.11945973336696625
YDR439W,YJL179W,0,4.644886,0.24271228909492493,0.3810945153236389,0.11955977976322174
YGR221C,YER090W,0,4.6446075,0.2425585836172104,0.3810945153236389,0.11965983361005783
YDR021W,YPR180W,0,4.644262,0.24240505695343018,0.3810945153236389,0.11975988000631332
YLR385C,YKL049C,1,4.6442494,0.24288424849510193,0.3820895552635193,0.11975988000631332
YNR015W,YBR122C,0,4.643983,0.24273072183132172,0.3820895552635193,0.11985992640256882
YHR101C,YJL183W,0,4.6426973,0.24257738888263702,0.3820895552635193,0.11995998024940491
YOR037W,YIL030C,0,4.641961,0.24242424964904785,0.3820895552635193,0.1200600266456604
YAR033W,YGR221C,0,4.639997,0.242271289229393,0.3820895552635193,0.12016008049249649
YBR198C,YBR088C,1,4.6394215,0.24274905025959015,0.38308456540107727,0.12016008049249649
YER114C,YNL055C,0,4.639166,0.2425960898399353,0.38308456540107727,0.12026012688875198
YGR113W,YOR106W,0,4.638569,0.24244332313537598,0.38308456540107727,0.12036018073558807
YOR067C,YCL066W,0,4.6385164,0.24229075014591217,0.38308456540107727,0.12046022713184357
YGL173C,YIL088C,0,4.6380777,0.24213837087154388,0.38308456540107727,0.12056028097867966
YOR319W,YOL076W,0,4.6378994,0.24198617041110992,0.38308456540107727,0.12066032737493515
YDL003W,YKL114C,0,4.6376038,0.24183416366577148,0.38308456540107727,0.12076038122177124
YPL002C,YGR024C,0,4.635854,0.24168236553668976,0.38308456540107727,0.12086042761802673
YDL042C,YBR215W,1,4.635329,0.24215810000896454,0.38407960534095764,0.12086042761802673
YGR224W,YJL098W,0,4.6347995,0.24200627207756042,0.38407960534095764,0.12096048146486282
YLR383W,YPL273W,0,4.634016,0.24185463786125183,0.38407960534095764,0.12106052786111832
YPR134W,YLR190W,0,4.633793,0.24170319736003876,0.38407960534095764,0.1211605817079544
YDR276C,YER041W,0,4.6336064,0.24155193567276,0.38407960534095764,0.1212606281042099
YKR054C,YDR092W,0,4.632311,0.24140088260173798,0.38407960534095764,0.12136068195104599
YER028C,YNR011C,0,4.63216,0.24124999344348907,0.38407960534095764,0.12146072834730148
YKL103C,YGR175C,0,4.631071,0.2410993129014969,0.38407960534095764,0.12156078219413757
YBR222C,YGR234W,0,4.6306705,0.24094881117343903,0.38407960534095764,0.12166082859039307
YFL048C,YBR175W,0,4.6267805,0.24079850316047668,0.38407960534095764,0.12176088243722916
YML065W,YPL127C,1,4.6267204,0.24127182364463806,0.3850746154785156,0.12176088243722916
YOR039W,YOR189W,0,4.625536,0.24112150073051453,0.3850746154785156,0.12186092883348465
YDL097C,YPR131C,0,4.6253753,0.24097135663032532,0.3850746154785156,0.12196098268032074
YBL021C,YGR252W,0,4.6252823,0.24082140624523163,0.3850746154785156,0.12206102907657623
YER102W,YMR053C,0,4.624799,0.24067163467407227,0.3850746154785156,0.12216108292341232
YMR316W,YFR029W,0,4.6245494,0.24052205681800842,0.3850746154785156,0.12226112931966782
YGR056W,YOR304W,1,4.6245055,0.24099378287792206,0.386069655418396,0.12226112931966782
YER088C,YBR260C,0,4.62445,0.24084419012069702,0.386069655418396,0.1223611831665039
YDR383C,YIL079C,0,4.624366,0.2406947910785675,0.386069655418396,0.1224612295627594
YMR044W,YPR052C,1,4.623725,0.24116553366184235,0.387064665555954,0.1224612295627594
YDR478W,YBR067C,0,4.6233606,0.24101610481739044,0.387064665555954,0.12256128340959549
YLR016C,YBL092W,0,4.6223097,0.24086686968803406,0.387064665555954,0.12266132980585098
YBR223C,YLR045C,0,4.6204967,0.2407178282737732,0.387064665555954,0.12276138365268707
YNR037C,YAL051W,0,4.620338,0.24056895077228546,0.387064665555954,0.12286143004894257
YKL178C,YJR133W,0,4.6193123,0.24042026698589325,0.387064665555954,0.12296148389577866
YER164W,YPL153C,1,4.6193066,0.24088944494724274,0.38805970549583435,0.12296148389577866
YPL013C,YJL168C,0,4.619178,0.24074074625968933,0.38805970549583435,0.12306153029203415
YGL212W,YGR252W,0,4.61847,0.24059222638607025,0.38805970549583435,0.12316158413887024
YDR400W,YBR153W,0,4.617246,0.2404439002275467,0.38805970549583435,0.12326163053512573
YBR123C,YOL141W,0,4.614985,0.24029575288295746,0.38805970549583435,0.12336168438196182
YOR179C,YLR014C,0,4.6147594,0.24014778435230255,0.38805970549583435,0.12346173077821732
YDR405W,YCR063W,0,4.613415,0.23999999463558197,0.38805970549583435,0.12356177717447281
YDR473C,YDL112W,0,4.612329,0.2398523986339569,0.38805970549583435,0.1236618310213089
YGR116W,YNL059C,1,4.6119742,0.2403196096420288,0.38905471563339233,0.1236618310213089
YDR071C,YIL126W,1,4.6116447,0.24078623950481415,0.3900497555732727,0.1236618310213089
YPL015C,YPL011C,1,4.611126,0.24125230312347412,0.3910447657108307,0.1236618310213089
YMR146C,YDR036C,0,4.6109486,0.24110428988933563,0.3910447657108307,0.12376187741756439
YDL108W,YOR217W,0,4.6087265,0.24095647037029266,0.3910447657108307,0.12386193126440048
YDR168W,YER154W,0,4.6081953,0.24080882966518402,0.3910447657108307,0.12396197766065598
YMR025W,YLR015W,0,4.6080856,0.2406613528728485,0.3910447657108307,0.12406203150749207
YLL019C,YKL135C,0,4.607877,0.24051406979560852,0.3910447657108307,0.12416207790374756
YDR407C,YPR169W,0,4.6067777,0.24036696553230286,0.3910447657108307,0.12426213175058365
YOR386W,YOR323C,0,4.6055965,0.2402200549840927,0.3910447657108307,0.12436217814683914
YBL021C,YNL029C,0,4.605447,0.2400733083486557,0.3910447657108307,0.12446223199367523
YGL053W,YER017C,0,4.6053514,0.23992674052715302,0.3910447657108307,0.12456227838993073
YBR185C,YDL123W,0,4.60386,0.23978035151958466,0.3910447657108307,0.12466233223676682
YGR082W,YDR137W,0,4.6034336,0.23963414132595062,0.3910447657108307,0.12476237863302231
YPL131W,YDR170C,0,4.601885,0.23948810994625092,0.3910447657108307,0.1248624324798584
YJR010C-A,YLR361C,0,4.6001987,0.23934227228164673,0.3910447657108307,0.12496247887611389
YJL178C,YIR036C,0,4.598686,0.23919659852981567,0.3910447657108307,0.12506252527236938
YLR085C,YGR063C,1,4.5982203,0.2396593689918518,0.39203980565071106,0.12506252527236938
YNL012W,YKL060C,0,4.5977554,0.23951368033885956,0.39203980565071106,0.12516258656978607
YPL059W,YPR042C,0,4.5975447,0.23936817049980164,0.39203980565071106,0.12526263296604156
YOR358W,YJL012C,0,4.5971136,0.23922282457351685,0.39203980565071106,0.12536267936229706
YKR009C,YOR249C,0,4.5969405,0.23907767236232758,0.39203980565071106,0.12546272575855255
YLL022C,YOL004W,1,4.5966573,0.23953911662101746,0.39303481578826904,0.12546272575855255
YER164W,YMR044W,1,4.596467,0.23999999463558197,0.3940298557281494,0.12546272575855255
YNL219C,YMR186W,0,4.5958076,0.239854633808136,0.3940298557281494,0.12556278705596924
YOL090W,YPR041W,0,4.5950856,0.23970943689346313,0.3940298557281494,0.12566283345222473
YDR510W,YLR086W,0,4.5948443,0.2395644336938858,0.3940298557281494,0.12576287984848022
YDR080W,YNL031C,0,4.592759,0.2394195944070816,0.3940298557281494,0.12586292624473572
YLR429W,YKL054C,0,4.5923967,0.23927491903305054,0.3940298557281494,0.1259629875421524
YMR080C,YNL206C,1,4.591334,0.23973430693149567,0.3950248658657074,0.1259629875421524
YOL104C,YJL003W,0,4.5909095,0.2395896166563034,0.3950248658657074,0.1260630339384079
YNR043W,YOR150W,0,4.5901804,0.23944512009620667,0.3950248658657074,0.1261630803346634
YER151C,YDR160W,0,4.5896688,0.23930078744888306,0.3950248658657074,0.12626312673091888
YML065W,YDR485C,1,4.589241,0.23975904285907745,0.39601990580558777,0.12626312673091888
YFL013C,YGL112C,1,4.588972,0.24021673202514648,0.39701491594314575,0.12626312673091888
YLR075W,YLR005W,0,4.5864806,0.24007220566272736,0.39701491594314575,0.12636318802833557
YNL031C,YML102W,1,4.586078,0.2405291646718979,0.3980099558830261,0.12636318802833557
YBR074W,YHL034C,0,4.583741,0.24038460850715637,0.3980099558830261,0.12646323442459106
YLR260W,YOR270C,0,4.583638,0.24024024605751038,0.3980099558830261,0.12656328082084656
YEL024W,YPL110C,0,4.583548,0.24009603261947632,0.3980099558830261,0.12666332721710205
YPR100W,YEL065W,0,4.582432,0.23995201289653778,0.3980099558830261,0.12676338851451874
YNL084C,YGL120C,0,4.5822787,0.23980815708637238,0.3980099558830261,0.12686343491077423
YCR036W,YBR247C,0,4.581352,0.2396644651889801,0.3980099558830261,0.12696348130702972
YDL141W,YPR072W,0,4.580835,0.23952095210552216,0.3980099558830261,0.12706352770328522
YCR044C,YHR011W,0,4.580738,0.23937761783599854,0.3980099558830261,0.1271635890007019
YKL049C,YPR052C,1,4.5802383,0.2398325353860855,0.3990049660205841,0.1271635890007019
YOR116C,YLR020C,0,4.578969,0.2396891862154007,0.3990049660205841,0.1272636353969574
YFR013W,YJL127C,1,4.5789332,0.24014337360858917,0.4000000059604645,0.1272636353969574
YDR356W,YOR330C,0,4.5767865,0.23999999463558197,0.4000000059604645,0.1273636817932129
YAL003W,YDR057W,0,4.576721,0.2398567944765091,0.4000000059604645,0.12746372818946838
YOR239W,YER051W,0,4.5766125,0.23971377313137054,0.4000000059604645,0.12756377458572388
YBR060C,YOR224C,0,4.5761056,0.23957091569900513,0.4000000059604645,0.12766383588314056
YPR162C,YML098W,0,4.5747,0.23942823708057404,0.4000000059604645,0.12776388227939606
YLR449W,YPR034W,1,4.5743656,0.23988094925880432,0.40099501609802246,0.12776388227939606
YDR390C,YMR203W,0,4.5742006,0.23973825573921204,0.40099501609802246,0.12786392867565155
YGR058W,YCR106W,0,4.573751,0.23959572613239288,0.40099501609802246,0.12796397507190704
YDL042C,YBR289W,1,4.573709,0.24004752933979034,0.40199005603790283,0.12796397507190704
YOR252W,YJR127C,0,4.57362,0.23990498483181,0.40199005603790283,0.12806403636932373
YOR142W,YMR319C,0,4.5725327,0.23976260423660278,0.40199005603790283,0.12816408276557922
YBR024W,YLR451W,0,4.572175,0.2396204024553299,0.40199005603790283,0.12826412916183472
YML061C,YPL153C,0,4.571389,0.23947836458683014,0.40199005603790283,0.1283641755580902
YKR002W,YGL113W,0,4.5711546,0.23933649063110352,0.40199005603790283,0.1284642368555069
YGL186C,YCL029C,0,4.56872,0.23919479548931122,0.40199005603790283,0.1285642832517624
YPL262W,YBR260C,0,4.5675087,0.23905324935913086,0.40199005603790283,0.12866432964801788
YOR209C,YMR091C,1,4.567112,0.23950324952602386,0.4029850661754608,0.12866432964801788
YDR485C,YIL131C,1,4.5666676,0.2399527132511139,0.4039801061153412,0.12866432964801788
YIL020C,YDR372C,0,4.565482,0.2398109883069992,0.4039801061153412,0.12876437604427338
YGL207W,YML010W,1,4.5654035,0.24025973677635193,0.40497511625289917,0.12876437604427338
YDR516C,YDR064W,0,4.5638156,0.24011799693107605,0.40497511625289917,0.12886443734169006
YPR187W,YOL009C,0,4.5628166,0.2399764209985733,0.40497511625289917,0.12896448373794556
YDR381W,YOR016C,0,4.561094,0.2398350089788437,0.40497511625289917,0.12906453013420105
YDR081C,YER176W,0,4.5601974,0.2396937608718872,0.40497511625289917,0.12916457653045654
YPR034W,YNL262W,0,4.5599594,0.23955267667770386,0.40497511625289917,0.12926463782787323
YNL096C,YOR162C,0,4.5597095,0.23941177129745483,0.40497511625289917,0.12936468422412872
YMR017W,YPL078C,0,4.5593033,0.23927101492881775,0.40497511625289917,0.12946473062038422
YGR185C,YER017C,0,4.5565977,0.239130437374115,0.40497511625289917,0.1295647770166397
YOR316C,YHR001W-A,0,4.556171,0.23899002373218536,0.40497511625289917,0.1296648383140564
YPL262W,YDR067C,0,4.552785,0.23884975910186768,0.40497511625289917,0.1297648847103119
YKL135C,YNR048W,0,4.5524635,0.23870967328548431,0.40497511625289917,0.12986493110656738
YCL044C,YPL138C,0,4.5515795,0.23856975138187408,0.40497511625289917,0.12996497750282288
YPL120W,YPL043W,0,4.551468,0.238429993391037,0.40497511625289917,0.13006503880023956
YMR236W,YPR034W,1,4.550709,0.2388758808374405,0.40597015619277954,0.13006503880023956
YBR107C,YLR153C,0,4.550121,0.2387361079454422,0.40597015619277954,0.13016508519649506
YDR424C,YPL022W,0,4.5491896,0.23859648406505585,0.40597015619277954,0.13026513159275055
YLR085C,YBR215W,1,4.5480785,0.2390414923429489,0.4069651663303375,0.13026513159275055
YJL134W,YOL132W,0,4.547476,0.23890186846256256,0.4069651663303375,0.13036517798900604
YHR056C,YPL011C,1,4.5469236,0.23934617638587952,0.4079602062702179,0.13036517798900604
YLR103C,YMR127C,1,4.546257,0.2397899627685547,0.4089552164077759,0.13036517798900604
YJR108W,YJL192C,0,4.545444,0.23965014517307281,0.4089552164077759,0.13046523928642273
YER081W,YBR101C,0,4.5451307,0.23951049149036407,0.4089552164077759,0.13056528568267822
YIL134W,YDR439W,0,4.5446777,0.23937100172042847,0.4089552164077759,0.13066533207893372
YDL140C,YOR060C,0,4.5435605,0.2392316609621048,0.4089552164077759,0.1307653784751892
YPL189W,YKR090W,0,4.5429096,0.23909249901771545,0.4089552164077759,0.1308654397726059
YIL126W,YJL127C,1,4.5417695,0.2395348846912384,0.40995025634765625,0.1308654397726059
YPR083W,YPL259C,0,4.5408754,0.23939569294452667,0.40995025634765625,0.1309654861688614
YLR449W,YPL015C,1,4.539279,0.2398373931646347,0.41094526648521423,0.1309654861688614
YER089C,YOL086C,0,4.539202,0.23969820141792297,0.41094526648521423,0.13106553256511688
YNL282W,YML107C,0,4.5386777,0.23955915868282318,0.41094526648521423,0.13116557896137238
YKL174C,YLR433C,0,4.5384026,0.23942029476165771,0.41094526648521423,0.13126564025878906
YOR099W,YNR033W,0,4.5359917,0.2392815798521042,0.41094526648521423,0.13136568665504456
YGR241C,YIL133C,0,4.5352254,0.2391430288553238,0.41094526648521423,0.13146573305130005
YDR110W,YBL002W,1,4.5344315,0.2395833283662796,0.4119403064250946,0.13146573305130005
YLR208W,YLR306W,0,4.533781,0.239444762468338,0.4119403064250946,0.13156577944755554
YJL200C,YOR219C,0,4.5334826,0.23930636048316956,0.4119403064250946,0.13166582584381104
YHR090C,YNL027W,0,4.533346,0.23916810750961304,0.4119403064250946,0.13176588714122772
YBR060C,YBL002W,1,4.5322227,0.23960739374160767,0.4129353165626526,0.13176588714122772
YJL081C,YGR002C,1,4.5320454,0.2400461584329605,0.41393035650253296,0.13176588714122772
YJR057W,YOR070C,0,4.5304317,0.23990772664546967,0.41393035650253296,0.13186593353748322
YLR109W,YDR246W,0,4.53039,0.23976945877075195,0.41393035650253296,0.1319659799337387
YPR001W,YER049W,0,4.5301037,0.23963133990764618,0.41393035650253296,0.1320660263299942
YOR316C,YPR156C,0,4.529612,0.23949338495731354,0.41393035650253296,0.1321660876274109
YAL034W-A,YNL070W,0,4.5281096,0.23935557901859283,0.41393035650253296,0.13226613402366638
YHR074W,YOL086C,0,4.52478,0.23921793699264526,0.41393035650253296,0.13236618041992188
YER164W,YIL042C,0,4.5245047,0.23908045887947083,0.41393035650253296,0.13246622681617737
YPL167C,YMR272C,0,4.522848,0.23894312977790833,0.41393035650253296,0.13256628811359406
YMR081C,YIL021W,0,4.5227995,0.23880596458911896,0.41393035650253296,0.13266633450984955
YNL135C,YIL150C,1,4.5226183,0.23924268782138824,0.41492536664009094,0.13266633450984955
YJL035C,YDL047W,0,4.521572,0.23910550773143768,0.41492536664009094,0.13276638090610504
YEL031W,YOR014W,0,4.5212436,0.23896847665309906,0.41492536664009094,0.13286642730236053
YGL060W,YPR173C,0,4.5210876,0.23883160948753357,0.41492536664009094,0.13296648859977722
YLR006C,YGL232W,0,4.519542,0.2386949062347412,0.41492536664009094,0.13306653499603271
YOR159C,YNR019W,0,4.5192547,0.2385583519935608,0.41492536664009094,0.1331665813922882
YJR140C,YML102W,1,4.5181684,0.23899370431900024,0.4159204065799713,0.1331665813922882
YDR225W,YKR010C,1,4.517884,0.2394285649061203,0.4169154167175293,0.1331665813922882
YIL138C,YMR247C,0,4.5169907,0.23929183185100555,0.4169154167175293,0.1332666277885437
YOR298W,YPL017C,0,4.516864,0.23915524780750275,0.4169154167175293,0.1333666890859604
YGR224W,YGL147C,0,4.5167246,0.23901882767677307,0.4169154167175293,0.13346673548221588
YER139C,YNL308C,0,4.513651,0.23888255655765533,0.4169154167175293,0.13356678187847137
YJL186W,YFR029W,0,4.5120964,0.23874643445014954,0.4169154167175293,0.13366682827472687
YML065W,YLR052W,1,4.5120387,0.23917995393276215,0.41791045665740967,0.13366682827472687
YPR068C,YBR198C,1,4.5117846,0.23961298167705536,0.41890546679496765,0.13366682827472687
YOR363C,YKL016C,0,4.5112123,0.23947668075561523,0.41890546679496765,0.13376688957214355
YFR013W,YOR141C,1,4.5105877,0.23990903794765472,0.419900506734848,0.13376688957214355
YKL017C,YER007C-A,0,4.5101347,0.2397727221250534,0.419900506734848,0.13386693596839905
YLR399C,YIL131C,1,4.5096064,0.24020442366600037,0.420895516872406,0.13386693596839905
YML067C,YER143W,0,4.509458,0.24006810784339905,0.420895516872406,0.13396698236465454
YMR318C,YDR076W,0,4.5088377,0.23993194103240967,0.420895516872406,0.13406702876091003
YHR119W,YOL017W,1,4.5068207,0.24036280810832977,0.4218905568122864,0.13406702876091003
YLR304C,YMR208W,0,4.506518,0.2402266263961792,0.4218905568122864,0.13416709005832672
YML012W,YOR372C,0,4.5064864,0.24009059369564056,0.4218905568122864,0.13426713645458221
YLR287C-A,YBR055C,0,4.5054817,0.23995472490787506,0.4218905568122864,0.1343671828508377
YLR102C,YOR279C,0,4.504371,0.2398190051317215,0.4218905568122864,0.1344672292470932
YPL112C,YOR193W,0,4.504118,0.23968343436717987,0.4218905568122864,0.1345672905445099
YOL003C,YNR010W,0,4.5022764,0.23954802751541138,0.4218905568122864,0.13466733694076538
YLR386W,YBL085W,0,4.4997015,0.23941275477409363,0.4218905568122864,0.13476738333702087
YJL187C,YGL211W,0,4.49857,0.239277645945549,0.4218905568122864,0.13486742973327637
YMR223W,YHL025W,1,4.498465,0.23970670998096466,0.42288556694984436,0.13486742973327637
YPL252C,YML109W,0,4.498398,0.23957158625125885,0.42288556694984436,0.13496749103069305
YJL189W,YPL135W,0,4.4981422,0.23943662643432617,0.42288556694984436,0.13506753742694855
YER180C,YLR208W,0,4.497855,0.23930180072784424,0.42288556694984436,0.13516758382320404
YLR291C,YOL096C,0,4.4975877,0.23916713893413544,0.42288556694984436,0.13526763021945953
YKL129C,YMR012W,0,4.4975715,0.23903262615203857,0.42288556694984436,0.13536767661571503
YKL124W,YLR192C,0,4.495384,0.23889826238155365,0.42288556694984436,0.1354677379131317
YGR241C,YLR045C,0,4.4953594,0.23876404762268066,0.42288556694984436,0.1355677843093872
YML028W,YPR171W,0,4.4938946,0.23862998187541962,0.42288556694984436,0.1356678307056427
YOL042W,YBL056W,0,4.492075,0.2384960651397705,0.42288556694984436,0.1357678771018982
YGL071W,YGR245C,0,4.4914308,0.23836231231689453,0.42288556694984436,0.13586793839931488
YLR060W,YML004C,0,4.490637,0.2382286936044693,0.42288556694984436,0.13596798479557037
YFL017W-A,YCL043C,0,4.490611,0.2380952388048172,0.42288556694984436,0.13606803119182587
YGR120C,YAR018C,0,4.490498,0.23796193301677704,0.42288556694984436,0.13616807758808136
YDR160W,YHR061C,0,4.4903045,0.23782876133918762,0.42288556694984436,0.13626813888549805
YMR223W,YPL011C,1,4.489765,0.23825503885746002,0.42388060688972473,0.13626813888549805
YNR016C,YBL047C,0,4.4897604,0.2381218522787094,0.42388060688972473,0.13636818528175354
YGL089C,YMR298W,0,4.4894624,0.23798882961273193,0.42388060688972473,0.13646823167800903
YDR013W,YFL023W,0,4.4881277,0.2378559410572052,0.42388060688972473,0.13656827807426453
YFR031C-A,YIR005W,0,4.4880953,0.2377232164144516,0.42388060688972473,0.1366683393716812
YDR054C,YAL062W,0,4.488085,0.23759062588214874,0.42388060688972473,0.1367683857679367
YDR189W,YBL034C,0,4.4875174,0.23745819926261902,0.42388060688972473,0.1368684321641922
YPR018W,YLR095C,1,4.487379,0.23788300156593323,0.4248756170272827,0.1368684321641922
YJL127C,YGL207W,1,4.486946,0.23830735683441162,0.4258706569671631,0.1368684321641922
YBR202W,YJR119C,0,4.4868116,0.23817473649978638,0.4258706569671631,0.1369684785604477
YPR113W,YDR036C,0,4.4863744,0.23804226517677307,0.4258706569671631,0.13706853985786438
YFL047W,YFL061W,0,4.4845123,0.2379099428653717,0.4258706569671631,0.13716858625411987
YIL008W,YOR353C,0,4.48304,0.23777778446674347,0.4258706569671631,0.13726863265037537
YNL309W,YFR031C,0,4.4810343,0.23764574527740479,0.4258706569671631,0.13736867904663086
YMR285C,YJR070C,0,4.479867,0.23751387000083923,0.4258706569671631,0.13746874034404755
YDL008W,YER028C,0,4.47962,0.23738214373588562,0.4258706569671631,0.13756878674030304
YML036W,YPR036W,0,4.479158,0.23725055158138275,0.4258706569671631,0.13766883313655853
YNL291C,YDR201W,0,4.4782743,0.23711910843849182,0.4258706569671631,0.13776887953281403
YDR395W,YMR025W,0,4.4779525,0.23698781430721283,0.4258706569671631,0.1378689408302307
YLR060W,YBR230C,0,4.4774456,0.23685666918754578,0.4258706569671631,0.1379689872264862
YGR057C,YJL030W,0,4.476989,0.23672565817832947,0.4258706569671631,0.1380690336227417
YKL099C,YIL079C,0,4.476793,0.2365948110818863,0.4258706569671631,0.1381690800189972
YAL022C,YPL138C,0,4.4766555,0.23646408319473267,0.4258706569671631,0.13826914131641388
YLR295C,YNL308C,0,4.4764276,0.23633351922035217,0.4258706569671631,0.13836918771266937
YNL263C,YKR100C,0,4.4761887,0.23620308935642242,0.4258706569671631,0.13846923410892487
YGL240W,YHR193C,0,4.4754343,0.23607280850410461,0.4258706569671631,0.13856928050518036
YOR269W,YOR212W,0,4.4751225,0.23594266176223755,0.4258706569671631,0.13866934180259705
YJL136C,YOL051W,0,4.474507,0.23581267893314362,0.4258706569671631,0.13876938819885254
YLR390W,YDR481C,0,4.473823,0.23568281531333923,0.4258706569671631,0.13886943459510803
YER027C,YDR253C,0,4.473678,0.23555311560630798,0.4258706569671631,0.13896948099136353
YGL194C,YML069W,1,4.4718847,0.23597359657287598,0.42686566710472107,0.13896948099136353
YML021C,YPL063W,0,4.471342,0.23584386706352234,0.42686566710472107,0.13906952738761902
YLR095C,YOR279C,1,4.4709754,0.23626373708248138,0.42786070704460144,0.13906952738761902
YJR134C,YNR060W,0,4.4683585,0.23613399267196655,0.42786070704460144,0.1391695886850357
YLR440C,YJL087C,0,4.4682627,0.23600439727306366,0.42786070704460144,0.1392696350812912
YDL225W,YDR389W,0,4.468259,0.2358749359846115,0.42786070704460144,0.1393696814775467
YJR155W,YJL197W,0,4.468134,0.2357456088066101,0.42786070704460144,0.13946972787380219
YHR023W,YHR129C,0,4.467727,0.23561644554138184,0.42786070704460144,0.13956978917121887
YJR065C,YMR065W,0,4.465747,0.23548740148544312,0.42786070704460144,0.13966983556747437
YJL054W,YKL054C,0,4.465225,0.23535850644111633,0.42786070704460144,0.13976988196372986
YDL149W,YGL028C,0,4.4649863,0.2352297604084015,0.42786070704460144,0.13986992835998535
YDR456W,YKL079W,0,4.464679,0.2351011484861374,0.42786070704460144,0.13996998965740204
YPR080W,YDR096W,0,4.464652,0.23497267067432404,0.42786070704460144,0.14007003605365753
YDR177W,YDR325W,0,4.464135,0.23484434187412262,0.42786070704460144,0.14017008244991302
YAL019W,YGL095C,0,4.463563,0.23471616208553314,0.42786070704460144,0.14027012884616852
YMR168C,YPL175W,0,4.4633093,0.23458810150623322,0.42786070704460144,0.1403701901435852
YNL059C,YDR080W,0,4.460264,0.23446018993854523,0.42786070704460144,0.1404702365398407
YLR401C,YPL135W,0,4.45954,0.23433242738246918,0.42786070704460144,0.1405702829360962
YGL025C,YNL048W,0,4.4588513,0.23420479893684387,0.42786070704460144,0.14067032933235168
YJL180C,YMR019W,0,4.4587307,0.2340773046016693,0.42786070704460144,0.14077039062976837
YDR496C,YGR224W,0,4.458523,0.2339499443769455,0.42786070704460144,0.14087043702602386
YDL045W-A,YDR072C,0,4.4585195,0.23382273316383362,0.42786070704460144,0.14097048342227936
YOR067C,YCL029C,0,4.4579964,0.23369565606117249,0.42786070704460144,0.14107052981853485
YBR289W,YLR357W,1,4.4572234,0.23411189019680023,0.4288557171821594,0.14107052981853485
YDR363W,YDL002C,1,4.4566684,0.23452769219875336,0.4298507571220398,0.14107052981853485
YLR183C,YOR075W,0,4.456431,0.2344004362821579,0.4298507571220398,0.14117059111595154
YGR204W,YOR332W,0,4.456254,0.23427331447601318,0.4298507571220398,0.14127063751220703
YDL140C,YLL004W,1,4.4554167,0.23468834161758423,0.4308457672595978,0.14127063751220703
YLR329W,YDR151C,0,4.455243,0.23456121981143951,0.4308457672595978,0.14137068390846252
YMR227C,YNL206C,1,4.45502,0.2349756360054016,0.43184080719947815,0.14137068390846252
YAL038W,YCR063W,0,4.4549446,0.2348484843969345,0.43184080719947815,0.14147073030471802
YLR305C,YBR176W,0,4.4544272,0.23472146689891815,0.43184080719947815,0.1415707916021347
YAL021C,YAL038W,0,4.4539394,0.23459459841251373,0.43184080719947815,0.1416708379983902
YGR056W,YML041C,1,4.4537067,0.235008105635643,0.43283581733703613,0.1416708379983902
YLR459W,YDR421W,0,4.4535894,0.2348812073469162,0.43283581733703613,0.1417708843946457
YDR135C,YNL080C,0,4.4525795,0.23475445806980133,0.43283581733703613,0.14187093079090118
YDR454C,YMR168C,0,4.4521856,0.234627828001976,0.43283581733703613,0.14197099208831787
YHL025W,YOR279C,1,4.4503894,0.23504042625427246,0.4338308572769165,0.14197099208831787
YIL026C,YML098W,0,4.447716,0.23491379618644714,0.4338308572769165,0.14207103848457336
YOR038C,YER176W,0,4.4471626,0.23478728532791138,0.4338308572769165,0.14217108488082886
YBR215W,YML127W,1,4.4468565,0.23519913852214813,0.4348258674144745,0.14217108488082886
YDR238C,YIL156W,0,4.446745,0.23507261276245117,0.4348258674144745,0.14227113127708435
YIL011W,YLR092W,0,4.4467287,0.23494623601436615,0.4348258674144745,0.14237119257450104
YGL049C,YHR105W,0,4.4461713,0.23481999337673187,0.4348258674144745,0.14247123897075653
YEL022W,YJL065C,0,4.44565,0.23469388484954834,0.4348258674144745,0.14257128536701202
YPR073C,YPL042C,0,4.4454,0.23456789553165436,0.4348258674144745,0.14267133176326752
YDR168W,YPR132W,0,4.44521,0.23444205522537231,0.4348258674144745,0.1427713930606842
YDR400W,YJL065C,0,4.4450564,0.23431634902954102,0.4348258674144745,0.1428714394569397
YFR037C,YDR073W,1,4.442653,0.234726682305336,0.43582090735435486,0.1428714394569397
YJR092W,YGL113W,0,4.441803,0.2346009612083435,0.43582090735435486,0.1429714858531952
YDL225W,YMR318C,0,4.44154,0.23447537422180176,0.43582090735435486,0.14307153224945068
YDR310C,YGR116W,1,4.4413147,0.23488496243953705,0.43681591749191284,0.14307153224945068
YPR167C,YDR260C,0,4.4410443,0.2347593605518341,0.43681591749191284,0.14317157864570618
YBR003W,YLR215C,0,4.440839,0.2346338927745819,0.43681591749191284,0.14327163994312286
YBR049C,YGR034W,0,4.440276,0.23450854420661926,0.43681591749191284,0.14337168633937836
YOR243C,YKR089C,0,4.439749,0.23438334465026855,0.43681591749191284,0.14347173273563385
YNL192W,YHR001W-A,0,4.4392347,0.2342582643032074,0.43681591749191284,0.14357177913188934
YOR351C,YHR027C,0,4.437458,0.23413333296775818,0.43681591749191284,0.14367184042930603
YMR125W,YEL018W,0,4.437322,0.2340085357427597,0.43681591749191284,0.14377188682556152
YKL045W,YCL061C,0,4.436586,0.23388385772705078,0.43681591749191284,0.14387193322181702
YDR532C,YBR291C,0,4.436413,0.2337593138217926,0.43681591749191284,0.1439719796180725
YDR212W,YFR031C-A,0,4.4362464,0.23363491892814636,0.43681591749191284,0.1440720409154892
YGL115W,YHR099W,0,4.4359837,0.23351064324378967,0.43681591749191284,0.1441720873117447
YER023W,YLR097C,0,4.435721,0.23338650166988373,0.43681591749191284,0.14427213370800018
YOR372C,YBR093C,0,4.4352093,0.23326247930526733,0.43681591749191284,0.14437218010425568
YGL037C,YOR272W,0,4.4342985,0.23313860595226288,0.43681591749191284,0.14447224140167236
YOR209C,YKL049C,1,4.433666,0.23354564607143402,0.4378109574317932,0.14447224140167236
YGR062C,YKL124W,0,4.4334455,0.23342175781726837,0.4378109574317932,0.14457228779792786
YER005W,YNL020C,0,4.4331656,0.23329798877239227,0.4378109574317932,0.14467233419418335
YKL094W,YDR503C,0,4.4328017,0.23317435383796692,0.4378109574317932,0.14477238059043884
YDL002C,YPL127C,1,4.432663,0.23358051478862762,0.4388059675693512,0.14477238059043884
YOR299W,YLR165C,0,4.431733,0.23345685005187988,0.4388059675693512,0.14487244188785553
YKL190W,YOR271C,0,4.4316998,0.23333333432674408,0.4388059675693512,0.14497248828411102
YBR282W,YNR047W,0,4.431627,0.23320993781089783,0.4388059675693512,0.14507253468036652
YPL082C,YMR177W,0,4.4313183,0.23308667540550232,0.4388059675693512,0.145172581076622
YGL129C,YHR165C,0,4.4312077,0.23296354711055756,0.4388059675693512,0.1452726423740387
YJL011C,YMR026C,0,4.4305663,0.23284055292606354,0.4388059675693512,0.1453726887702942
YLL031C,YKL042W,0,4.4299183,0.23271767795085907,0.4388059675693512,0.14547273516654968
YGL105W,YDR284C,0,4.4293003,0.23259493708610535,0.4388059675693512,0.14557278156280518
YPL004C,YLR010C,0,4.4290195,0.23247233033180237,0.4388059675693512,0.14567284286022186
YKL010C,YKL124W,0,4.428913,0.23234984278678894,0.4388059675693512,0.14577288925647736
YDL117W,YFL001W,0,4.428854,0.23222748935222626,0.4388059675693512,0.14587293565273285
YBR180W,YER153C,0,4.428538,0.23210527002811432,0.4388059675693512,0.14597298204898834
YCR077C,YLR127C,0,4.4279613,0.23198316991329193,0.4388059675693512,0.14607304334640503
YFR013W,YPL011C,1,4.426361,0.23238696157932281,0.43980100750923157,0.14607304334640503
YDL240W,YPR167C,0,4.426296,0.23226484656333923,0.43980100750923157,0.14617308974266052
YPL153C,YDR439W,1,4.4261966,0.23266807198524475,0.44079601764678955,0.14617308974266052
YKR019C,YLR442C,1,4.42609,0.23307086527347565,0.4417910575866699,0.14617308974266052
YPL215W,YPL209C,0,4.4253035,0.23294858634471893,0.4417910575866699,0.14627313613891602
YGR258C,YJL170C,0,4.424155,0.23282642662525177,0.4417910575866699,0.1463731825351715
YKL093W,YDR234W,0,4.4240656,0.23270440101623535,0.4417910575866699,0.1464732438325882
YJL127C,YER007C-A,0,4.423383,0.23258250951766968,0.4417910575866699,0.1465732902288437
YBL035C,YDR425W,0,4.4220366,0.23246073722839355,0.4417910575866699,0.14667333662509918
YJR006W,YFR036W,0,4.421605,0.23233908414840698,0.4417910575866699,0.14677338302135468
YPL105C,YPR161C,0,4.4212313,0.23221758008003235,0.4417910575866699,0.14687342941761017
YLR052W,YDR093W,0,4.4210153,0.23209618031978607,0.4417910575866699,0.14697349071502686
YNL239W,YDR448W,0,4.4209447,0.23197491466999054,0.4417910575866699,0.14707353711128235
YJL170C,YOL086C,0,4.4199514,0.23185378313064575,0.4417910575866699,0.14717358350753784
YDR457W,YDR500C,0,4.4199204,0.23173277080059052,0.4417910575866699,0.14727362990379333
YLR272C,YBR089C-A,1,4.419856,0.23213353753089905,0.4427860677242279,0.14727362990379333
YBR009C,YMR263W,1,4.418914,0.23253388702869415,0.4437811076641083,0.14727362990379333
YKR072C,YNR008W,0,4.418586,0.23241271078586578,0.4437811076641083,0.14737369120121002
YIL043C,YIL051C,0,4.4175596,0.23229166865348816,0.4437811076641083,0.14747373759746552
YDR368W,YOR002W,0,4.4164515,0.23217074573040009,0.4437811076641083,0.147573783993721
YHL027W,YPR049C,0,4.415995,0.23204994201660156,0.4437811076641083,0.1476738303899765
YNL041C,YMR203W,0,4.4143486,0.23192927241325378,0.4437811076641083,0.1477738916873932
YKR066C,YMR072W,0,4.414021,0.23180873692035675,0.4437811076641083,0.14787393808364868
YLR207W,YKL009W,0,4.4139047,0.23168830573558807,0.4437811076641083,0.14797398447990417
YGR058W,YJR075W,0,4.4138665,0.23156802356243134,0.4437811076641083,0.14807403087615967
YKR048C,YPR052C,1,4.4137816,0.2319667935371399,0.44477611780166626,0.14807403087615967
YOR346W,YKL079W,0,4.413375,0.23184646666049957,0.44477611780166626,0.14817409217357635
YJR045C,YOR175C,0,4.4131866,0.2317262887954712,0.44477611780166626,0.14827413856983185
YMR213W,YER012W,0,4.412978,0.23160621523857117,0.44477611780166626,0.14837418496608734
YDR439W,YLR399C,1,4.412199,0.23200413584709167,0.44577115774154663,0.14837418496608734
YKL108W,YOR181W,0,4.411512,0.23188406229019165,0.44577115774154663,0.14847423136234283
YNR023W,YDR224C,1,4.410658,0.23228143155574799,0.4467661678791046,0.14847423136234283
YGL112C,YKL112W,1,4.410194,0.2326783835887909,0.447761207818985,0.14847423136234283
YCR020C,YGR014W,0,4.4101477,0.23255814611911774,0.447761207818985,0.14857429265975952
YBL037W,YDL091C,0,4.4095325,0.23243801295757294,0.447761207818985,0.14867433905601501
YPR141C,YMR033W,0,4.409367,0.23231801390647888,0.447761207818985,0.1487743854522705
YER023W,YKL074C,0,4.4084105,0.23219814896583557,0.447761207818985,0.148874431848526
YMR223W,YOR244W,1,4.406905,0.23259411752223969,0.44875621795654297,0.148874431848526
YPR017C,YKR095W,0,4.40668,0.232474222779274,0.44875621795654297,0.1489744931459427
YGR056W,YAL011W,1,4.4057894,0.23286965489387512,0.44975125789642334,0.1489744931459427
YML100W,YLL022C,0,4.405503,0.23274974524974823,0.44975125789642334,0.14907453954219818
YKR048C,YER041W,0,4.4053965,0.2326299548149109,0.44975125789642334,0.14917458593845367
YER089C,YGR006W,0,4.404312,0.2325102835893631,0.44975125789642334,0.14927463233470917
YOL056W,YER063W,0,4.4033813,0.23239074647426605,0.44975125789642334,0.14937469363212585
YNL102W,YLR207W,0,4.4032965,0.23227132856845856,0.44975125789642334,0.14947474002838135
YKL041W,YPL082C,0,4.4025993,0.2321520298719406,0.44975125789642334,0.14957478642463684
YOR113W,YKR036C,0,4.400982,0.23203285038471222,0.44975125789642334,0.14967483282089233
YKL116C,YNL244C,0,4.4002857,0.23191380500793457,0.44975125789642334,0.14977489411830902
YMR044W,YJL080C,1,4.399752,0.23230768740177155,0.4507462680339813,0.14977489411830902
YJL048C,YPL130W,0,4.3994756,0.2321886271238327,0.4507462680339813,0.14987494051456451
YER029C,YBL031W,0,4.3992133,0.23206967115402222,0.4507462680339813,0.14997498691082
YGR003W,YNL263C,0,4.3982873,0.23195084929466248,0.4507462680339813,0.1500750333070755
YGR097W,YLR028C,0,4.3980813,0.23183214664459229,0.4507462680339813,0.1501750946044922
YLR121C,YJL198W,0,4.397753,0.23171354830265045,0.4507462680339813,0.15027514100074768
YNL302C,YLR085C,0,4.397561,0.23159509897232056,0.4507462680339813,0.15037518739700317
YKL145W,YOL002C,0,4.397446,0.23147675395011902,0.4507462680339813,0.15047523379325867
YBR121C,YDL099W,0,4.396717,0.23135852813720703,0.4507462680339813,0.15057529509067535
YJR016C,YNL322C,0,4.3959923,0.2312404215335846,0.4507462680339813,0.15067534148693085
YKL218C,YLR048W,0,4.3949895,0.2311224490404129,0.4507462680339813,0.15077538788318634
YOR008C,YCR065W,0,4.3945923,0.23100459575653076,0.4507462680339813,0.15087543427944183
YDR485C,YDR167W,1,4.3945127,0.23139654099941254,0.4517413079738617,0.15087543427944183
YDR381W,YMR307W,0,4.392666,0.231278657913208,0.4517413079738617,0.15097548067569733
YGL251C,YOR066W,0,4.392003,0.23116089403629303,0.4517413079738617,0.151075541973114
YHR179W,YPL036W,0,4.391979,0.2310432642698288,0.4517413079738617,0.1511755883693695
YOL067C,YOR271C,0,4.390339,0.23092573881149292,0.4517413079738617,0.151275634765625
YKL203C,YLR291C,0,4.389812,0.2308083325624466,0.4517413079738617,0.1513756811618805
YNL132W,YJL090C,0,4.388983,0.230691060423851,0.4517413079738617,0.15147574245929718
YDR485C,YMR091C,1,4.388152,0.2310817688703537,0.4527363181114197,0.15147574245929718
YDL139C,YER177W,0,4.388028,0.23096446692943573,0.4527363181114197,0.15157578885555267
YMR117C,YNL137C,0,4.388026,0.2308472841978073,0.4527363181114197,0.15167583525180817
YDR088C,YJL024C,0,4.3878675,0.23073022067546844,0.4527363181114197,0.15177588164806366
YML076C,YGR106C,0,4.3878474,0.23061327636241913,0.4527363181114197,0.15187594294548035
YOR039W,YDR350C,0,4.38723,0.23049645125865936,0.4527363181114197,0.15197598934173584
YEL015W,YJL128C,0,4.3861194,0.23037974536418915,0.4527363181114197,0.15207603573799133
YML028W,YBL034C,0,4.3850503,0.23026315867900848,0.4527363181114197,0.15217608213424683
YMR270C,YKL195W,0,4.384149,0.23014669120311737,0.4527363181114197,0.1522761434316635
YDR105C,YMR182C,0,4.3841324,0.23003032803535461,0.4527363181114197,0.152376189827919
YGL203C,YOR201C,0,4.383857,0.2299140989780426,0.4527363181114197,0.1524762362241745
YFL038C,YBR020W,0,4.3834515,0.22979797422885895,0.4527363181114197,0.15257628262043
YPR118W,YNL322C,0,4.3812094,0.22968198359012604,0.4527363181114197,0.15267634391784668
YDL002C,YNL206C,1,4.3807726,0.23007063567638397,0.45373135805130005,0.15267634391784668
YMR263W,YMR239C,1,4.3802047,0.23045890033245087,0.45472636818885803,0.15267634391784668
YJL212C,YDL134C,0,4.3801355,0.23034274578094482,0.45472636818885803,0.15277639031410217
YDR122W,YMR241W,0,4.379575,0.23022669553756714,0.45472636818885803,0.15287643671035767
YBL038W,YGR024C,0,4.379303,0.2301107794046402,0.45472636818885803,0.15297648310661316
YNL258C,YBR067C,0,4.3778048,0.2299949675798416,0.45472636818885803,0.15307654440402985
YKR007W,YML127W,0,4.3777475,0.22987927496433258,0.45472636818885803,0.15317659080028534
YPR108W,YOR168W,0,4.377137,0.2297637015581131,0.45472636818885803,0.15327663719654083
YGL061C,YER008C,0,4.3767166,0.22964824736118317,0.45472636818885803,0.15337668359279633
YDL024C,YCL069W,0,4.3763294,0.2295328974723816,0.45472636818885803,0.153476744890213
YOR086C,YPL159C,0,4.3759775,0.22941766679286957,0.45472636818885803,0.1535767912864685
YMR078C,YOL135C,0,4.375922,0.2293025553226471,0.45472636818885803,0.153676837682724
YLR188W,YJL065C,0,4.3757944,0.22918756306171417,0.45472636818885803,0.1537768840789795
YPL129W,YKR101W,1,4.3749256,0.22957393527030945,0.455721378326416,0.1537768840789795
YOL061W,YCL008C,0,4.3743386,0.22945891320705414,0.455721378326416,0.15387694537639618
YOR187W,YJL158C,0,4.371958,0.22934401035308838,0.455721378326416,0.15397699177265167
YDR238C,YPL127C,0,4.3718247,0.22922922670841217,0.455721378326416,0.15407703816890717
YKL217W,YNL173C,0,4.371696,0.2291145622730255,0.455721378326416,0.15417708456516266
YML016C,YGR143W,0,4.3709393,0.2290000021457672,0.455721378326416,0.15427714586257935
YLR055C,YFL013C,1,4.370635,0.22938530147075653,0.4567164182662964,0.15427714586257935
YOR258W,YHR117W,0,4.3706055,0.22927072644233704,0.4567164182662964,0.15437719225883484
YAL011W,YGR275W,1,4.3701425,0.22965551912784576,0.45771142840385437,0.15437719225883484
YIR009W,YOR066W,0,4.3698945,0.22954091429710388,0.45771142840385437,0.15447723865509033
YCL032W,YJL025W,0,4.3690505,0.22942642867565155,0.45771142840385437,0.15457728505134583
YAL035W,YBR230C,0,4.368952,0.22931206226348877,0.45771142840385437,0.15467733144760132
YBR091C,YGR135W,0,4.368737,0.22919781506061554,0.45771142840385437,0.154777392745018
YLR095C,YML102W,1,4.368408,0.22958166897296906,0.45870646834373474,0.154777392745018
YER050C,YLR121C,0,4.3682675,0.22946739196777344,0.45870646834373474,0.1548774391412735
YPL213W,YMR055C,0,4.3681326,0.22935323417186737,0.45870646834373474,0.154977485537529
YEL031W,YJL192C,0,4.367978,0.22923918068408966,0.45870646834373474,0.15507753193378448
YPR187W,YJR084W,0,4.3676915,0.2291252464056015,0.45870646834373474,0.15517759323120117
YGL089C,YPL063W,0,4.36734,0.2290114313364029,0.45870646834373474,0.15527763962745667
YGL211W,YML115C,0,4.364195,0.22889772057533264,0.45870646834373474,0.15537768602371216
YBR035C,YPL161C,0,4.3641167,0.22878411412239075,0.45870646834373474,0.15547773241996765
YOL151W,YGL232W,0,4.364114,0.2286706417798996,0.45870646834373474,0.15557779371738434
YOL095C,YMR242C,0,4.3628674,0.2285572588443756,0.45870646834373474,0.15567784011363983
YDR297W,YMR315W,0,4.3623815,0.22844401001930237,0.45870646834373474,0.15577788650989532
YKL013C,YLR323C,0,4.361685,0.2283308506011963,0.45870646834373474,0.15587793290615082
YOR275C,YOR384W,0,4.3615284,0.22821782529354095,0.45870646834373474,0.1559779942035675
YJL194W,YDR190C,1,4.360157,0.2285996973514557,0.4597014784812927,0.1559779942035675
YGR263C,YGL089C,0,4.3597903,0.22848664224147797,0.4597014784812927,0.156078040599823
YCL031C,YIR002C,0,4.3591967,0.2283737063407898,0.4597014784812927,0.1561780869960785
YBR153W,YIL047C,0,4.358844,0.22826087474822998,0.4597014784812927,0.15627813339233398
YOR250C,YEL027W,0,4.3585625,0.22814814746379852,0.4597014784812927,0.15637819468975067
YEL032W,YDR276C,0,4.3566957,0.22803553938865662,0.4597014784812927,0.15647824108600616
YDR363W,YGR116W,1,4.3560743,0.22841638326644897,0.4606965184211731,0.15647824108600616
YPR030W,YGR118W,0,4.3553085,0.22830374538898468,0.4606965184211731,0.15657828748226166
YDL171C,YCR096C,0,4.3526,0.22819122672080994,0.4606965184211731,0.15667833387851715
YMR035W,YAL013W,0,4.3523645,0.22807881236076355,0.4606965184211731,0.15677839517593384
YGL238W,YGL063W,0,4.3511567,0.2279665172100067,0.4606965184211731,0.15687844157218933
YPL210C,YJR082C,0,4.351098,0.22785432636737823,0.4606965184211731,0.15697848796844482
YBL006C,YPR034W,1,4.3505173,0.22823414206504822,0.4616915285587311,0.15697848796844482
YMR150C,YDL029W,0,4.3494234,0.22812192142009735,0.4616915285587311,0.15707853436470032
YGL148W,YKR088C,0,4.347872,0.22800983488559723,0.4616915285587311,0.157178595662117
YPL148C,YIL014W,0,4.3476253,0.22789783775806427,0.4616915285587311,0.1572786420583725
YJL194W,YOL004W,1,4.347017,0.22827687859535217,0.46268656849861145,0.1572786420583725
YLR285W,YOL004W,1,4.3469114,0.22865554690361023,0.46368157863616943,0.1572786420583725
YGR282C,YLR204W,0,4.346719,0.22854340076446533,0.46368157863616943,0.157378688454628
YDL215C,YAL051W,0,4.346718,0.22843137383460999,0.46368157863616943,0.15747873485088348
YEL015W,YLR190W,0,4.346566,0.228319451212883,0.46368157863616943,0.15757879614830017
YEL030W,YDR117C,0,4.346552,0.22820763289928436,0.46368157863616943,0.15767884254455566
YOL007C,YER125W,0,4.3461714,0.22809593379497528,0.46368157863616943,0.15777888894081116
YMR213W,YJL176C,0,4.345539,0.22798433899879456,0.46368157863616943,0.15787893533706665
YKR002W,YDR318W,0,4.3453503,0.22787286341190338,0.46368157863616943,0.15797899663448334
YMR284W,YBR088C,1,4.3438053,0.22825025022029877,0.4646766185760498,0.15797899663448334
YIL048W,YOR323C,0,4.3433332,0.2281387448310852,0.4646766185760498,0.15807904303073883
YIL156W,YPR028W,0,4.3433185,0.22802734375,0.4646766185760498,0.15817908942699432
YNL178W,YMR297W,0,4.3427606,0.22791606187820435,0.4646766185760498,0.15827913582324982
YPL252C,YER133W,0,4.342291,0.22780488431453705,0.4646766185760498,0.1583791822195053
YLR367W,YIL002C,0,4.342062,0.2276938110589981,0.4646766185760498,0.158479243516922
YPR034W,YHL004W,0,4.3416266,0.22758284211158752,0.4646766185760498,0.1585792899131775
YDR235W,YJR143C,0,4.3403935,0.2274719923734665,0.4646766185760498,0.15867933630943298
YMR276W,YLR028C,0,4.340075,0.22736124694347382,0.4646766185760498,0.15877938270568848
YBR188C,YOR351C,0,4.340049,0.2272506058216095,0.4646766185760498,0.15887944400310516
YDL105W,YIL126W,1,4.339429,0.22762645781040192,0.4656716287136078,0.15887944400310516
YCR060W,YKL135C,0,4.338787,0.2275158017873764,0.4656716287136078,0.15897949039936066
YIL007C,YOR260W,0,4.3387384,0.22740525007247925,0.4656716287136078,0.15907953679561615
YML129C,YPR152C,0,4.338217,0.22729480266571045,0.4656716287136078,0.15917958319187164
YMR080C,YDR334W,1,4.3381786,0.22766990959644318,0.46666666865348816,0.15917958319187164
YJL080C,YLR285W,1,4.3381467,0.22804464399814606,0.46766167879104614,0.15917958319187164
YJL081C,YCR002C,0,4.337922,0.22793404757976532,0.46766167879104614,0.15927964448928833
YDR034C,YMR094W,0,4.337024,0.22782355546951294,0.46766167879104614,0.15937969088554382
YDL042C,YBR245C,1,4.336904,0.22819767892360687,0.4686567187309265,0.15937969088554382
YHR197W,YML021C,0,4.3363533,0.2280871719121933,0.4686567187309265,0.15947973728179932
YGR199W,YJR092W,0,4.334926,0.22797676920890808,0.4686567187309265,0.1595797836780548
YGR124W,YCR030C,0,4.334528,0.22786647081375122,0.4686567187309265,0.1596798449754715
YJR140C,YBR198C,1,4.334306,0.22823984920978546,0.4696517288684845,0.1596798449754715
YHR135C,YFL037W,0,4.333233,0.2281295359134674,0.4696517288684845,0.159779891371727
YMR223W,YNL059C,1,4.33315,0.22850242257118225,0.47064676880836487,0.159779891371727
YEL059C-A,YOR142W,0,4.3326797,0.2283920794725418,0.47064676880836487,0.15987993776798248
YEL064C,YDR217C,0,4.331963,0.22828185558319092,0.47064676880836487,0.15997998416423798
YDR323C,YJR133W,0,4.3319597,0.22817173600196838,0.47064676880836487,0.16008004546165466
YOR191W,YPL171C,0,4.3316126,0.2280617207288742,0.47064676880836487,0.16018009185791016
YDL083C,YDR011W,0,4.331553,0.2279518097639084,0.47064676880836487,0.16028013825416565
YIL022W,YLR183C,0,4.3310804,0.22784200310707092,0.47064676880836487,0.16038018465042114
YLR263W,YAL058W,0,4.330529,0.22773230075836182,0.47064676880836487,0.16048024594783783
YOL017W,YBR112C,1,4.33052,0.22810395061969757,0.47164177894592285,0.16048024594783783
YPR119W,YDR072C,0,4.330328,0.22799423336982727,0.47164177894592285,0.16058029234409332
YKL009W,YMR173W,0,4.3295407,0.22788462042808533,0.47164177894592285,0.16068033874034882
YPR048W,YML023C,0,4.3292885,0.22777511179447174,0.47164177894592285,0.1607803851366043
YGL223C,YOR226C,0,4.3287234,0.2276657074689865,0.47164177894592285,0.160880446434021
YDR231C,YIL167W,0,4.3286586,0.22755640745162964,0.47164177894592285,0.1609804928302765
YCR020W-B,YML102W,1,4.328556,0.2279270589351654,0.4726368188858032,0.1609804928302765
YJL078C,YPL001W,0,4.32837,0.22781774401664734,0.4726368188858032,0.16108053922653198
YFR010W,YHL038C,0,4.3281274,0.22770853340625763,0.4726368188858032,0.16118058562278748
YDR395W,YKR066C,0,4.327285,0.22759942710399628,0.4726368188858032,0.16128064692020416
YEL015W,YLR172C,0,4.327195,0.22749042510986328,0.4726368188858032,0.16138069331645966
YER147C,YPL097W,0,4.326625,0.22738152742385864,0.4726368188858032,0.16148073971271515
YOR304W,YKR090W,0,4.326257,0.22727273404598236,0.4726368188858032,0.16158078610897064
YDR499W,YML125C,0,4.325931,0.22716403007507324,0.4726368188858032,0.16168084740638733
YHR064C,YBR175W,0,4.325813,0.22705544531345367,0.4726368188858032,0.16178089380264282
YLR085C,YOR038C,1,4.325588,0.227424755692482,0.4736318290233612,0.16178089380264282
YLR055C,YCR020W-B,1,4.3240986,0.22779369354248047,0.4746268689632416,0.16178089380264282
YDL105W,YDR303C,1,4.3234196,0.22816228866577148,0.47562187910079956,0.16178089380264282
YPR001W,YPL010W,0,4.3230877,0.22805343568325043,0.47562187910079956,0.16188094019889832
YML073C,YKL218C,0,4.3229027,0.22794468700885773,0.47562187910079956,0.1619809865951538
YMR193W,YNL331C,0,4.3227005,0.2278360277414322,0.47562187910079956,0.1620810478925705
YDR429C,YDR079W,0,4.3204556,0.2277274876832962,0.47562187910079956,0.162181094288826
YNL151C,YJL219W,0,4.3191576,0.22761905193328857,0.47562187910079956,0.16228114068508148
YNL059C,YPR037C,0,4.3189063,0.2275107055902481,0.47562187910079956,0.16238118708133698
YDR175C,YJL008C,0,4.318878,0.2274024784564972,0.47562187910079956,0.16248123347759247
YAL053W,YNR006W,0,4.3183775,0.22729434072971344,0.47562187910079956,0.16258129477500916
YDR062W,YDR424C,0,4.3182755,0.22718630731105804,0.47562187910079956,0.16268134117126465
YHR193C,YHR190W,0,4.3182144,0.227078378200531,0.47562187910079956,0.16278138756752014
YOR358W,YDR004W,0,4.31761,0.22697055339813232,0.47562187910079956,0.16288143396377563
YLR383W,YOR091W,0,4.317479,0.226862832903862,0.47562187910079956,0.16298149526119232
YJR042W,YGL050W,0,4.3172407,0.22675521671772003,0.47562187910079956,0.16308154165744781
YOL095C,YCR009C,0,4.3169208,0.22664770483970642,0.47562187910079956,0.1631815880537033
YEL029C,YLR220W,0,4.3165407,0.22654028236865997,0.47562187910079956,0.1632816344499588
YDR012W,YPL239W,0,4.3163958,0.22643296420574188,0.47562187910079956,0.1633816957473755
YDR128W,YNL292W,0,4.316287,0.22632575035095215,0.47562187910079956,0.16348174214363098
YPL015C,YLR285W,1,4.3159027,0.22669190168380737,0.47661691904067993,0.16348174214363098
YGL194C,YMR225C,0,4.3146644,0.22658467292785645,0.47661691904067993,0.16358178853988647
YDR310C,YFL049W,1,4.3144474,0.22695034742355347,0.4776119291782379,0.16358178853988647
YKL119C,YLL021W,0,4.3141346,0.22684310376644135,0.4776119291782379,0.16368183493614197
YPR010C,YNR007C,0,4.3139997,0.2267359495162964,0.4776119291782379,0.16378189623355865
YLR309C,YDR148C,0,4.3127213,0.22662889957427979,0.4776119291782379,0.16388194262981415
YLR285W,YBR112C,1,4.3123593,0.2269938588142395,0.4786069691181183,0.16388194262981415
YMR261C,YNL310C,0,4.3123302,0.2268867939710617,0.4786069691181183,0.16398198902606964
YKL081W,YOR193W,0,4.311824,0.22677981853485107,0.4786069691181183,0.16408203542232513
YNL052W,YPR005C,0,4.3117647,0.2266729474067688,0.4786069691181183,0.16418209671974182
YPL252C,YMR298W,0,4.3109126,0.22656618058681488,0.4786069691181183,0.16428214311599731
YJL101C,YLL004W,0,4.3108206,0.22645950317382812,0.4786069691181183,0.1643821895122528
YGR170W,YBL092W,0,4.3101883,0.22635294497013092,0.4786069691181183,0.1644822359085083
YKR002W,YJR108W,0,4.3101425,0.22624647617340088,0.4786069691181183,0.164582297205925
YBL008W,YLR286C,0,4.3100567,0.226140096783638,0.4786069691181183,0.16468234360218048
YDR512C,YDL083C,0,4.309219,0.22603383660316467,0.4786069691181183,0.16478238999843597
YPR173C,YMR133W,0,4.3091908,0.2259276658296585,0.4786069691181183,0.16488243639469147
YDR536W,YDR448W,0,4.3083563,0.2258215993642807,0.4786069691181183,0.16498249769210815
YHR146W,YJL191W,0,4.3062387,0.22571562230587006,0.4786069691181183,0.16508254408836365
YER022W,YOR341W,0,4.3054132,0.22560974955558777,0.4786069691181183,0.16518259048461914
YOR232W,YML034W,0,4.305172,0.22550398111343384,0.4786069691181183,0.16528263688087463
YPR018W,YPL235W,1,4.304066,0.2258669137954712,0.47960197925567627,0.16528263688087463
YEL038W,YER125W,0,4.3040295,0.22576113045215607,0.47960197925567627,0.16538269817829132
YMR032W,YKL042W,0,4.3038087,0.2256554365158081,0.47960197925567627,0.16548274457454681
YPL153C,YKR010C,1,4.303593,0.2260177880525589,0.48059701919555664,0.16548274457454681
YOL076W,YCL063W,0,4.3029957,0.22591206431388855,0.48059701919555664,0.1655827909708023
YPL155C,YDR486C,0,4.3017664,0.22580644488334656,0.48059701919555664,0.1656828373670578
YMR184W,YJL078C,0,4.3005323,0.22570092976093292,0.48059701919555664,0.1657828986644745
YJL140W,YPL148C,0,4.30046,0.22559551894664764,0.48059701919555664,0.16588294506072998
YGL173C,YDR479C,0,4.3001,0.22549019753932953,0.48059701919555664,0.16598299145698547
YGR263C,YMR292W,0,4.2998676,0.22538498044013977,0.48059701919555664,0.16608303785324097
YLR209C,YKR037C,0,4.299588,0.22527985274791718,0.48059701919555664,0.16618308424949646
YNL117W,YOR320C,0,4.2994375,0.22517482936382294,0.48059701919555664,0.16628314554691315
YAL034W-A,YLL011W,0,4.2992573,0.22506989538669586,0.48059701919555664,0.16638319194316864
YOR323C,YIL033C,0,4.2992043,0.22496506571769714,0.48059701919555664,0.16648323833942413
YHR135C,YPR006C,0,4.2989244,0.22486034035682678,0.48059701919555664,0.16658328473567963
YKR019C,YIL131C,1,4.298415,0.22522103786468506,0.4815920293331146,0.16658328473567963
YGR286C,YML100W,0,4.2978234,0.2251162827014923,0.4815920293331146,0.1666833460330963
YCL039W,YDL175C,0,4.297823,0.22501161694526672,0.4815920293331146,0.1667833924293518
YHR030C,YCR057C,0,4.2978187,0.2249070703983307,0.4815920293331146,0.1668834388256073
YKL007W,YDR091C,0,4.297128,0.22480259835720062,0.4815920293331146,0.1669834852218628
YLR092W,YGR118W,0,4.2970552,0.2246982306241989,0.4815920293331146,0.16708354651927948
YMR264W,YOR357C,0,4.2968597,0.22459396719932556,0.4815920293331146,0.16718359291553497
YMR314W,YNR067C,0,4.296358,0.22448979318141937,0.4815920293331146,0.16728363931179047
YPL221W,YCR072C,0,4.2955174,0.22438572347164154,0.4815920293331146,0.16738368570804596
YDL070W,YPL004C,0,4.2939816,0.22428174316883087,0.4815920293331146,0.16748374700546265
YIR019C,YKL024C,0,4.292139,0.22417786717414856,0.4815920293331146,0.16758379340171814
YKR048C,YML010W,1,4.291416,0.22453702986240387,0.482587069272995,0.16758379340171814
YMR223W,YCR052W,1,4.290723,0.2248958796262741,0.483582079410553,0.16758379340171814
YLR121C,YBL055C,0,4.290659,0.22479185461997986,0.483582079410553,0.16768383979797363
YDR224C,YDR288W,0,4.2900715,0.22468793392181396,0.483582079410553,0.16778388619422913
YAL034W-A,YNL231C,0,4.28988,0.22458410263061523,0.483582079410553,0.1678839474916458
YDR310C,YOL004W,1,4.2886086,0.22494226694107056,0.48457711935043335,0.1678839474916458
YOL006C,YPL235W,1,4.287076,0.22530008852481842,0.48557212948799133,0.1678839474916458
YBL006C,YDR225W,1,4.287052,0.2256575971841812,0.4865671694278717,0.1678839474916458
YEL019C,YGL174W,0,4.286926,0.2255535125732422,0.4865671694278717,0.1679839938879013
YOR174W,YER060W,0,4.286046,0.22544951736927032,0.4865671694278717,0.1680840402841568
YLR309C,YOR323C,0,4.285747,0.22534562647342682,0.4865671694278717,0.1681840866804123
YJL176C,YNR003C,0,4.283973,0.22524182498455048,0.4865671694278717,0.16828414797782898
YPL011C,YDL105W,1,4.283225,0.2255985289812088,0.4875621795654297,0.16828414797782898
YLL009C,YJL162C,0,4.2825756,0.22549471259117126,0.4875621795654297,0.16838419437408447
YEL069C,YMR149W,0,4.281744,0.2253909856081009,0.4875621795654297,0.16848424077033997
YIL051C,YBR065C,0,4.2803683,0.22528736293315887,0.4875621795654297,0.16858428716659546
YEL058W,YPL131W,0,4.2789555,0.22518382966518402,0.4875621795654297,0.16868434846401215
YNL023C,YPL083C,0,4.2786503,0.22508038580417633,0.4875621795654297,0.16878439486026764
YDR021W,YBL035C,0,4.278648,0.224977046251297,0.4875621795654297,0.16888444125652313
YBR191W,YMR318C,0,4.2780886,0.22487379610538483,0.4875621795654297,0.16898448765277863
YDR518W,YIL009C-A,0,4.2769833,0.22477063536643982,0.4875621795654297,0.1690845489501953
YPR175W,YMR127C,1,4.2760835,0.22512608766555786,0.48855721950531006,0.1690845489501953
YNL219C,YMR112C,0,4.2752666,0.22502291202545166,0.48855721950531006,0.1691845953464508
YPL258C,YOR014W,0,4.274809,0.22491984069347382,0.48855721950531006,0.1692846417427063
YGR057C,YDR301W,0,4.274626,0.22481684386730194,0.48855721950531006,0.1693846881389618
YLR139C,YMR302C,0,4.273429,0.22471396625041962,0.48855721950531006,0.16948474943637848
YDR079W,YOR216C,0,4.2731304,0.22461116313934326,0.48855721950531006,0.16958479583263397
YOL038W,YMR269W,0,4.2722807,0.22450846433639526,0.48855721950531006,0.16968484222888947
YDL111C,YPR169W,0,4.271801,0.22440585494041443,0.48855721950531006,0.16978488862514496
YDR485C,YNL246W,1,4.271488,0.22476015985012054,0.48955222964286804,0.16978488862514496
YJL006C,YJL117W,0,4.270168,0.22465753555297852,0.48955222964286804,0.16988493502140045
YOL104C,YFR041C,0,4.268737,0.22455500066280365,0.48955222964286804,0.16998499631881714
YOL042W,YDL243C,0,4.2680426,0.22445255517959595,0.48955222964286804,0.17008504271507263
YEL037C,YPL078C,0,4.2675056,0.2243501991033554,0.48955222964286804,0.17018508911132812
YJR057W,YER161C,0,4.2674065,0.22424794733524323,0.48955222964286804,0.17028513550758362
YGL004C,YMR296C,0,4.267309,0.2241457849740982,0.48955222964286804,0.1703851968050003
YOL018C,YDR164C,0,4.2671223,0.22404371201992035,0.48955222964286804,0.1704852432012558
YJL140W,YKR009C,0,4.266907,0.22394174337387085,0.48955222964286804,0.1705852895975113
YEL058W,YKR062W,0,4.266754,0.22383984923362732,0.48955222964286804,0.17068533599376678
YML094W,YDL059C,0,4.2666707,0.22373805940151215,0.48955222964286804,0.17078539729118347
YJL140W,YGL240W,0,4.2665305,0.22363635897636414,0.48955222964286804,0.17088544368743896
YNL188W,YDR175C,0,4.2659154,0.22353476285934448,0.48955222964286804,0.17098549008369446
YML092C,YDR281C,0,4.265625,0.2234332412481308,0.48955222964286804,0.17108553647994995
YML097C,YOR034C,0,4.2655554,0.22333182394504547,0.48955222964286804,0.17118559777736664
YDL185W,YBL056W,0,4.2654943,0.2232304960489273,0.48955222964286804,0.17128564417362213
YBR268W,YHR002W,0,4.26327,0.2231292575597763,0.48955222964286804,0.17138569056987762
YER120W,YNL068C,0,4.2629137,0.22302810847759247,0.48955222964286804,0.17148573696613312
YLR382C,YPL083C,0,4.261945,0.2229270488023758,0.48955222964286804,0.1715857982635498
YJL143W,YHR119W,0,4.2616916,0.22282609343528748,0.48955222964286804,0.1716858446598053
YGR062C,YGL192W,0,4.261613,0.22272521257400513,0.48955222964286804,0.1717858910560608
YKL165C,YBR035C,0,4.261236,0.22262443602085114,0.48955222964286804,0.17188593745231628
YLR033W,YGR063C,1,4.260918,0.22297602891921997,0.4905472695827484,0.17188593745231628
YJL081C,YLR357W,1,4.2606745,0.22332730889320374,0.4915422797203064,0.17188593745231628
YMR236W,YBR231C,1,4.260563,0.22367826104164124,0.49253731966018677,0.17188593745231628
YOR239W,YDL134C,0,4.2604876,0.22357723116874695,0.49253731966018677,0.17198599874973297
YDL246C,YDR011W,0,4.2603474,0.22347629070281982,0.49253731966018677,0.17208604514598846
YCR052W,YBL003C,1,4.2579813,0.22382672131061554,0.49353232979774475,0.17208604514598846
YIL156W,YBR169C,0,4.257889,0.22372575104236603,0.49353232979774475,0.17218609154224396
YCL057W,YDR471W,0,4.256976,0.22362488508224487,0.49353232979774475,0.17228613793849945
YLR450W,YNR008W,0,4.2569623,0.22352410852909088,0.49353232979774475,0.17238619923591614
YPL204W,YOL038W,0,4.2565126,0.22342342138290405,0.49353232979774475,0.17248624563217163
YGR161C,YBR048W,0,4.2554917,0.2233228236436844,0.49353232979774475,0.17258629202842712
YNL133C,YDR389W,0,4.254921,0.22322231531143188,0.49353232979774475,0.17268633842468262
YOR038C,YLR442C,1,4.2547693,0.2235717475414276,0.4945273697376251,0.17268633842468262
YLL024C,YDR499W,0,4.2543287,0.22347122430801392,0.4945273697376251,0.1727863997220993
YLR403W,YNL331C,0,4.2536964,0.22337079048156738,0.4945273697376251,0.1728864461183548
YBR212W,YOL028C,0,4.2514296,0.223270446062088,0.4945273697376251,0.1729864925146103
YOR194C,YER126C,0,4.2513647,0.2231701910495758,0.4945273697376251,0.17308653891086578
YDR212W,YMR247C,0,4.2511406,0.22307001054286957,0.4945273697376251,0.17318660020828247
YJL106W,YKL006W,0,4.250971,0.2229699343442917,0.4945273697376251,0.17328664660453796
YMR056C,YAR033W,0,4.2508783,0.22286996245384216,0.4945273697376251,0.17338669300079346
YBR173C,YHL038C,0,4.250368,0.2227700650691986,0.4945273697376251,0.17348673939704895
YBR142W,YPR047W,0,4.2492814,0.22267025709152222,0.4945273697376251,0.17358680069446564
YOR151C,YHR139C,0,4.248987,0.222570538520813,0.4945273697376251,0.17368684709072113
YJL183W,YGR281W,0,4.248942,0.22247090935707092,0.4945273697376251,0.17378689348697662
YOR275C,YMR302C,0,4.2488203,0.22237136960029602,0.4945273697376251,0.17388693988323212
YLR429W,YDR201W,0,4.2487707,0.22227191925048828,0.4945273697376251,0.1739869862794876
YOR209C,YDR145W,1,4.248387,0.22261957824230194,0.4955223798751831,0.1739869862794876
YDR021W,YBL058W,0,4.247863,0.222520112991333,0.4955223798751831,0.1740870475769043
YJL080C,YNL020C,0,4.2477407,0.22242072224617004,0.4955223798751831,0.1741870939731598
YPR169W,YIL034C,0,4.2465725,0.22232143580913544,0.4955223798751831,0.17428714036941528
YGL094C,YHR011W,0,4.246467,0.2222222238779068,0.4955223798751831,0.17438718676567078
YML092C,YPR049C,0,4.246212,0.22212310135364532,0.4955223798751831,0.17448724806308746
YHR154W,YGR030C,0,4.2449102,0.222024068236351,0.4955223798751831,0.17458729445934296
YIL072W,YLR150W,0,4.244274,0.22192513942718506,0.4955223798751831,0.17468734085559845
YHL019C,YNL239W,0,4.244141,0.22182628512382507,0.4955223798751831,0.17478738725185394
YGL073W,YHL016C,0,4.243684,0.22172752022743225,0.4955223798751831,0.17488744854927063
YBR129C,YER083C,0,4.242919,0.2216288447380066,0.4955223798751831,0.17498749494552612
YLR357W,YDL105W,1,4.2428875,0.22197508811950684,0.4965174198150635,0.17498749494552612
YGR171C,YMR080C,0,4.2426434,0.2218763828277588,0.4965174198150635,0.17508754134178162
YJL183W,YLR097C,0,4.2425623,0.2217777818441391,0.4965174198150635,0.1751875877380371
YOR060C,YDR233C,0,4.242175,0.22167925536632538,0.4965174198150635,0.1752876490354538
YOR269W,YGR086C,0,4.2415953,0.22158081829547882,0.4965174198150635,0.1753876954317093
YFL013C,YLR285W,1,4.2401056,0.22192631661891937,0.49751242995262146,0.1753876954317093
YMR264W,YDR003W,0,4.2394104,0.22182786464691162,0.49751242995262146,0.17548774182796478
YLR249W,YDR170C,0,4.2392488,0.22172948718070984,0.49751242995262146,0.17558778822422028
YML065W,YOL017W,1,4.2389636,0.2220744639635086,0.49850746989250183,0.17558778822422028
YGL186C,YLR390W,0,4.2388086,0.22197607159614563,0.49850746989250183,0.17568784952163696
YER015W,YAL007C,0,4.2388067,0.22187776863574982,0.49850746989250183,0.17578789591789246
YBR158W,YKL059C,0,4.23775,0.22177955508232117,0.49850746989250183,0.17588794231414795
YDR238C,YHR114W,0,4.2370796,0.2216814160346985,0.49850746989250183,0.17598798871040344
YCR077C,YIL030C,0,4.2366624,0.22158336639404297,0.49850746989250183,0.17608805000782013
YJL012C,YFL023W,0,4.236065,0.22148540616035461,0.49850746989250183,0.17618809640407562
YPR060C,YOR386W,0,4.2359924,0.22138753533363342,0.49850746989250183,0.17628814280033112
YOL067C,YLR097C,0,4.2354126,0.2212897539138794,0.49850746989250183,0.1763881891965866
YDR483W,YJR121W,0,4.2350893,0.22119204699993134,0.49850746989250183,0.1764882504940033
YMR127C,YDL106C,0,4.2349043,0.22109444439411163,0.49850746989250183,0.1765882968902588
YGL004C,YOL076W,0,4.23354,0.2209969162940979,0.49850746989250183,0.17668834328651428
YOL061W,YNR006W,0,4.2333946,0.22089947760105133,0.49850746989250183,0.17678838968276978
YPL063W,YJL219W,0,4.2323728,0.22080211341381073,0.49850746989250183,0.17688845098018646
YPL259C,YOL080C,0,4.231552,0.2207048386335373,0.49850746989250183,0.17698849737644196
YOR373W,YOR206W,0,4.231391,0.2206076681613922,0.49850746989250183,0.17708854377269745
YEL064C,YDR229W,0,4.230977,0.2205105572938919,0.49850746989250183,0.17718859016895294
YDR188W,YDR280W,0,4.230145,0.22041355073451996,0.49850746989250183,0.17728865146636963
YOR141C,YCL061C,1,4.230009,0.2207563817501068,0.4995024800300598,0.17728865146636963
YPL112C,YKR019C,0,4.2297087,0.22065934538841248,0.4995024800300598,0.17738869786262512
YGL027C,YNL159C,0,4.2293644,0.2205623835325241,0.4995024800300598,0.17748874425888062
YBL007C,YOR270C,0,4.229081,0.2204655259847641,0.4995024800300598,0.1775887906551361
YPL195W,YLR395C,0,4.2279997,0.22036874294281006,0.4995024800300598,0.1776888370513916
YER023W,YGR285C,0,4.2279787,0.22027204930782318,0.4995024800300598,0.1777888983488083
YJL191W,YCL043C,0,4.227276,0.22017544507980347,0.4995024800300598,0.17788894474506378
YDR144C,YOR347C,0,4.227075,0.22007891535758972,0.4995024800300598,0.17798899114131927
YOL017W,YLR442C,1,4.226984,0.2204206883907318,0.5004975199699402,0.17798899114131927
YMR272C,YMR063W,0,4.2262993,0.22032412886619568,0.5004975199699402,0.17808903753757477
YML077W,YJR139C,0,4.2254505,0.2202276736497879,0.5004975199699402,0.17818909883499146
YPR037C,YNL280C,0,4.225231,0.2201312929391861,0.5004975199699402,0.17828914523124695
YNL330C,YDL197C,1,4.2251015,0.22047244012355804,0.5014925599098206,0.17828914523124695
YKL164C,YKL094W,0,4.224846,0.22037604451179504,0.5014925599098206,0.17838919162750244
YPR180W,YCL029C,0,4.2248125,0.220279723405838,0.5014925599098206,0.17848923802375793
YCL061C,YDR155C,1,4.2247305,0.22062036395072937,0.5024875402450562,0.17848923802375793
YOL135C,YML106W,0,4.224258,0.22052401304244995,0.5024875402450562,0.17858929932117462
YGR286C,YJL005W,0,4.223806,0.2204277664422989,0.5024875402450562,0.17868934571743011
YER099C,YER022W,0,4.2237096,0.2203315943479538,0.5024875402450562,0.1787893921136856
YDR172W,YGR047C,0,4.223385,0.22023549675941467,0.5024875402450562,0.1788894385099411
YIL005W,YCL069W,0,4.2232347,0.2201394885778427,0.5024875402450562,0.1789894998073578
YFR014C,YOR191W,0,4.2228527,0.22004356980323792,0.5024875402450562,0.17908954620361328
YLR008C,YGL003C,0,4.2219977,0.21994774043560028,0.5024875402450562,0.17918959259986877
YOR252W,YLR096W,0,4.2219667,0.21985198557376862,0.5024875402450562,0.17928963899612427
YNL151C,YJR121W,0,4.219117,0.21975630521774292,0.5024875402450562,0.17938970029354095
YPR186C,YBR094W,0,4.2190676,0.21966072916984558,0.5024875402450562,0.17948974668979645
YNL262W,YER082C,0,4.2181816,0.21956521272659302,0.5024875402450562,0.17958979308605194
YGL238W,YLR093C,0,4.217978,0.2194698005914688,0.5024875402450562,0.17968983948230743
YGR263C,YLL031C,0,4.217204,0.21937446296215057,0.5024875402450562,0.17978990077972412
YOL090W,YDR167W,1,4.2168636,0.21971341967582703,0.5034825801849365,0.17978990077972412
YLR291C,YCR091W,0,4.216811,0.2196180522441864,0.5034825801849365,0.17988994717597961
YBR273C,YKR103W,0,4.2163715,0.21952277421951294,0.5034825801849365,0.1799899935722351
YFL037W,YDL145C,0,4.2162614,0.21942758560180664,0.5034825801849365,0.1800900399684906
YAL011W,YMR284W,1,4.2162457,0.21976593136787415,0.5044776201248169,0.1800900399684906
YDL105W,YGR275W,1,4.215855,0.22010397911071777,0.5054726600646973,0.1800900399684906
YDL084W,YKR053C,0,4.2134027,0.22000865638256073,0.5054726600646973,0.1801901012659073
YLL038C,YOL062C,0,4.2131567,0.21991342306137085,0.5054726600646973,0.18029014766216278
YLL038C,YPL258C,0,4.212827,0.21981826424598694,0.5054726600646973,0.18039019405841827
YGL210W,YPR005C,0,4.212732,0.219723179936409,0.5054726600646973,0.18049024045467377
YJR155W,YPL220W,0,4.2120733,0.21962818503379822,0.5054726600646973,0.18059030175209045
YDR416W,YIL139C,0,4.211165,0.2195332795381546,0.5054726600646973,0.18069034814834595
YGL191W,YJR121W,0,4.21084,0.21943844854831696,0.5054726600646973,0.18079039454460144
YPL218W,YBR155W,0,4.2106276,0.21934369206428528,0.5054726600646973,0.18089044094085693
YBR094W,YDR036C,0,4.2105894,0.21924902498722076,0.5054726600646973,0.18099050223827362
YBR231C,YLR442C,1,4.2105575,0.2195858508348465,0.5064676403999329,0.18099050223827362
YLR085C,YBL008W,1,4.210038,0.21992237865924835,0.5074626803398132,0.18099050223827362
YNL236W,YFR013W,0,4.2098484,0.2198275923728943,0.5074626803398132,0.1810905486345291
YNL304W,YDL106C,0,4.2093105,0.2197328805923462,0.5074626803398132,0.1811905950307846
YOR176W,YOL135C,0,4.2081337,0.21963824331760406,0.5074626803398132,0.1812906414270401
YOR076C,YNL248C,0,4.207159,0.2195436954498291,0.5074626803398132,0.1813907027244568
YDR378C,YMR137C,0,4.2062354,0.2194492220878601,0.5074626803398132,0.18149074912071228
YPL221W,YPL031C,0,4.2052193,0.21935483813285828,0.5074626803398132,0.18159079551696777
YLR285W,YJR075W,0,4.2046733,0.21926052868366241,0.5074626803398132,0.18169084191322327
YMR205C,YMR112C,0,4.204329,0.21916630864143372,0.5074626803398132,0.18179088830947876
YPL274W,YBR123C,0,4.2034464,0.219072163105011,0.5074626803398132,0.18189094960689545
YPR019W,YHR086W,0,4.202832,0.21897810697555542,0.5074626803398132,0.18199099600315094
YCL048W,YOR025W,0,4.2027197,0.21888412535190582,0.5074626803398132,0.18209104239940643
YDR135C,YKR057W,0,4.20249,0.2187902182340622,0.5074626803398132,0.18219108879566193
YGL203C,YML112W,0,4.2017336,0.21869640052318573,0.5074626803398132,0.1822911500930786
YPL105C,YML124C,0,4.2016034,0.21860265731811523,0.5074626803398132,0.1823911964893341
YGR106C,YMR053C,0,4.201232,0.2185090035200119,0.5074626803398132,0.1824912428855896
YCR037C,YPL094C,0,4.200506,0.21841542422771454,0.5074626803398132,0.1825912892818451
YDR518W,YDR376W,0,4.200448,0.21832191944122314,0.5074626803398132,0.18269135057926178
YGR044C,YDL198C,0,4.200236,0.2182285040616989,0.5074626803398132,0.18279139697551727
YBR107C,YMR247C,0,4.2000704,0.21813516318798065,0.5074626803398132,0.18289144337177277
YCR052W,YIL126W,1,4.1997166,0.21846942603588104,0.5084577202796936,0.18289144337177277
YLL019C,YIL126W,0,4.1996593,0.2183760702610016,0.5084577202796936,0.18299148976802826
YBL021C,YNL287W,0,4.1995125,0.2182827889919281,0.5084577202796936,0.18309155106544495
YJR066W,YDL045C,0,4.199135,0.21818958222866058,0.5084577202796936,0.18319159746170044
YLL006W,YBR264C,0,4.1988115,0.21809646487236023,0.5084577202796936,0.18329164385795593
YJL133W,YKL161C,0,4.1979265,0.21800340712070465,0.5084577202796936,0.18339169025421143
YBR092C,YBR295W,0,4.1968045,0.21791045367717743,0.5084577202796936,0.1834917515516281
YPL144W,YIR012W,0,4.1961308,0.21781755983829498,0.5084577202796936,0.1835917979478836
YER050C,YAL034W-A,0,4.1960206,0.2177247554063797,0.5084577202796936,0.1836918443441391
YDR508C,YLR182W,0,4.195221,0.21763202548027039,0.5084577202796936,0.1837918907403946
YLR033W,YBR146W,0,4.19423,0.21753938496112823,0.5084577202796936,0.18389195203781128
YOR265W,YLR006C,0,4.1926484,0.21744680404663086,0.5084577202796936,0.18399199843406677
YER031C,YKL126W,0,4.192456,0.21735431253910065,0.5084577202796936,0.18409204483032227
YMR098C,YGR056W,0,4.192226,0.2172619104385376,0.5084577202796936,0.18419209122657776
YOL003C,YLR299W,0,4.1919336,0.21716956794261932,0.5084577202796936,0.18429215252399445
YBR268W,YML106W,0,4.1918135,0.2170773148536682,0.5084577202796936,0.18439219892024994
YKL045W,YOR249C,0,4.191579,0.21698513627052307,0.5084577202796936,0.18449224531650543
YAR035W,YGL232W,0,4.191558,0.2168930321931839,0.5084577202796936,0.18459229171276093
YMR236W,YGR274C,1,4.1903925,0.21722528338432312,0.509452760219574,0.18459229171276093
YIL034C,YOR211C,0,4.190318,0.21713316440582275,0.509452760219574,0.1846923530101776
YPR068C,YNL059C,1,4.1900425,0.21746502816677094,0.5104477405548096,0.1846923530101776
YIL143C,YDL040C,0,4.189809,0.21737287938594818,0.5104477405548096,0.1847923994064331
YBL008W,YIL126W,1,4.1885824,0.21770435571670532,0.5114427804946899,0.1847923994064331
YFR013W,YDR303C,1,4.1885734,0.21803556382656097,0.5124378204345703,0.1847923994064331
YDL246C,YOR320C,0,4.1883936,0.21794329583644867,0.5124378204345703,0.1848924458026886
YBR089C-A,YGL112C,1,4.188305,0.21827411651611328,0.5134328603744507,0.1848924458026886
YMR316W,YBR177C,0,4.1875854,0.2181818187236786,0.5134328603744507,0.1849924921989441
YGL026C,YMR123W,0,4.1875825,0.21808959543704987,0.5134328603744507,0.18509255349636078
YPR108W,YPR041W,0,4.1874743,0.2179974615573883,0.5134328603744507,0.18519259989261627
YGR224W,YJR102C,0,4.187141,0.21790540218353271,0.5134328603744507,0.18529264628887177
YBR009C,YBR010W,1,4.186986,0.2182355374097824,0.5144278407096863,0.18529264628887177
YLR418C,YLR293C,0,4.1865535,0.21814346313476562,0.5144278407096863,0.18539269268512726
YHR206W,YFR029W,0,4.1865435,0.21805144846439362,0.5144278407096863,0.18549273908138275
YPR152C,YKL212W,0,4.186098,0.21795952320098877,0.5144278407096863,0.18559280037879944
YOR155C,YJL059W,0,4.18603,0.2178676724433899,0.5144278407096863,0.18569284677505493
YJR076C,YOL123W,0,4.18578,0.21777591109275818,0.5144278407096863,0.18579289317131042
YHR118C,YBR112C,1,4.185332,0.2181052565574646,0.5154228806495667,0.18579289317131042
YOR086C,YJL096W,0,4.1845255,0.2180134654045105,0.5154228806495667,0.18589293956756592
YDL198C,YFR033C,0,4.1840196,0.21792174875736237,0.5154228806495667,0.1859930008649826
YLR268W,YLR277C,0,4.182971,0.2178301066160202,0.5154228806495667,0.1860930472612381
YCL016C,YLR259C,0,4.182655,0.217738538980484,0.5154228806495667,0.1861930936574936
YBR082C,YMR224C,0,4.182514,0.21764706075191498,0.5154228806495667,0.18629314005374908
YNL021W,YKR101W,1,4.1819735,0.2179756462574005,0.516417920589447,0.18629314005374908
YEL064C,YOR274W,0,4.1819553,0.2178841382265091,0.516417920589447,0.18639320135116577
YDR383C,YLR383W,0,4.1818404,0.21779270470142365,0.516417920589447,0.18649324774742126
YMR091C,YGL207W,1,4.18155,0.21812079846858978,0.5174129605293274,0.18649324774742126
YDL080C,YHR206W,0,4.1809072,0.21802935004234314,0.5174129605293274,0.18659329414367676
YPR106W,YCL029C,0,4.1808786,0.21793797612190247,0.5174129605293274,0.18669334053993225
YLL004W,YDL138W,0,4.1806097,0.21784667670726776,0.5174129605293274,0.18679340183734894
YJL012C,YDR071C,0,4.179098,0.21775543689727783,0.5174129605293274,0.18689344823360443
YOR322C,YLR285W,0,4.178728,0.21766430139541626,0.5174129605293274,0.18699349462985992
YDL042C,YBR231C,1,4.178153,0.2179916352033615,0.518407940864563,0.18699349462985992
YGL119W,YLL048C,0,4.178117,0.21790045499801636,0.518407940864563,0.18709354102611542
YIL007C,YIL078W,0,4.1775956,0.21780936419963837,0.518407940864563,0.1871936023235321
YDR512C,YHR027C,0,4.177285,0.21771834790706635,0.518407940864563,0.1872936487197876
YEL058W,YAL038W,0,4.1768875,0.2176274061203003,0.518407940864563,0.1873936951160431
YBR193C,YBR251W,0,4.175333,0.2175365388393402,0.518407940864563,0.18749374151229858
YKL117W,YBR260C,0,4.1747475,0.2174457460641861,0.518407940864563,0.18759380280971527
YBR115C,YDL047W,0,4.1747274,0.21735502779483795,0.518407940864563,0.18769384920597076
YGL170C,YGL107C,0,4.174656,0.21726438403129578,0.518407940864563,0.18779389560222626
YDR403W,YMR043W,0,4.1741953,0.21717382967472076,0.518407940864563,0.18789394199848175
YER155C,YCR105W,0,4.173834,0.21708333492279053,0.518407940864563,0.18799400329589844
YHR135C,YPL097W,0,4.1731257,0.21699291467666626,0.518407940864563,0.18809404969215393
YEL024W,YHR067W,0,4.173117,0.21690258383750916,0.518407940864563,0.18819409608840942
YAR019C,YDR023W,0,4.1721387,0.21681231260299683,0.518407940864563,0.18829414248466492
YCL024W,YDL029W,0,4.171883,0.21672213077545166,0.518407940864563,0.1883942037820816
YOR230W,YNL248C,0,4.171634,0.21663202345371246,0.518407940864563,0.1884942501783371
YJL080C,YKR008W,1,4.1714773,0.21695759892463684,0.5194029808044434,0.1884942501783371
YOR136W,YOL026C,0,4.168604,0.21686747670173645,0.5194029808044434,0.1885942965745926
YLR047C,YMR208W,0,4.1685047,0.21677741408348083,0.5194029808044434,0.18869434297084808
YMR264W,YLR337C,0,4.167083,0.2166874259710312,0.5194029808044434,0.18879440426826477
YML109W,YGL186C,0,4.166114,0.2165975123643875,0.5194029808044434,0.18889445066452026
YJR013W,YGR217W,0,4.1655,0.2165076732635498,0.5194029808044434,0.18899449706077576
YNL041C,YNR047W,0,4.1648493,0.21641790866851807,0.5194029808044434,0.18909454345703125
YBR052C,YML059C,0,4.16448,0.2163282185792923,0.5194029808044434,0.18919458985328674
YJL029C,YPR199C,0,4.162835,0.2162386029958725,0.5194029808044434,0.18929465115070343
YDR190C,YDR334W,1,4.1626463,0.2165631502866745,0.5203980207443237,0.18929465115070343
YOR386W,YKL191W,0,4.1620455,0.2164735049009323,0.5203980207443237,0.18939469754695892
YHR025W,YKL015W,0,4.1606236,0.2163839489221573,0.5203980207443237,0.18949474394321442
YHR118C,YPL127C,1,4.1601486,0.2167080193758011,0.5213930606842041,0.18949474394321442
YDR466W,YMR149W,0,4.159431,0.21661843359470367,0.5213930606842041,0.1895947903394699
YOL056W,YDR483W,0,4.159295,0.21652892231941223,0.5213930606842041,0.1896948516368866
YOL139C,YDR510W,0,4.159169,0.21643948554992676,0.5213930606842041,0.1897948980331421
YDL225W,YLL018C,0,4.1590843,0.21635012328624725,0.5213930606842041,0.18989494442939758
YMR100W,YNR047W,0,4.1588,0.21626083552837372,0.5213930606842041,0.18999499082565308
YIL005W,YHR001W-A,0,4.158494,0.21617162227630615,0.5213930606842041,0.19009505212306976
YGR036C,YJL001W,0,4.158227,0.21608246862888336,0.5213930606842041,0.19019509851932526
YDL074C,YGL162W,0,4.1578717,0.21599340438842773,0.5213930606842041,0.19029514491558075
YJL006C,YER112W,0,4.1577234,0.21590441465377808,0.5213930606842041,0.19039519131183624
YIL039W,YKL032C,0,4.157683,0.2158154845237732,0.5213930606842041,0.19049525260925293
YCL017C,YJR134C,0,4.157559,0.21572664380073547,0.5213930606842041,0.19059529900550842
YGR116W,YKR010C,1,4.1560726,0.21604938805103302,0.5223880410194397,0.19059529900550842
YKR101W,YKL049C,1,4.155361,0.21637186408042908,0.5233830809593201,0.19059529900550842
YDR128W,YIL009C-A,0,4.154957,0.2162828892469406,0.5233830809593201,0.19069534540176392
YAL034W-A,YBR095C,0,4.1545286,0.2161940038204193,0.5233830809593201,0.1907953917980194
YPL095C,YJR060W,0,4.154047,0.21610517799854279,0.5233830809593201,0.1908954530954361
YDL128W,YPL223C,0,4.152645,0.21601642668247223,0.5233830809593201,0.1909954994916916
YOL059W,YAL031C,0,4.152261,0.21592774987220764,0.5233830809593201,0.19109554588794708
YFR037C,YLR357W,1,4.1519294,0.216249480843544,0.5243781208992004,0.19109554588794708
YJL157C,YGL259W,0,4.151899,0.21616078913211823,0.5243781208992004,0.19119559228420258
YDR485C,YNL261W,1,4.151373,0.21648216247558594,0.5253731608390808,0.19119559228420258
YDL229W,YML063W,0,4.150977,0.21639344096183777,0.5253731608390808,0.19129565358161926
YMR171C,YOR109W,0,4.1500254,0.21630479395389557,0.5253731608390808,0.19139569997787476
YOR209C,YML010W,1,4.149589,0.21662572026252747,0.5263681411743164,0.19139569997787476
YJR112W,YNL294C,0,4.148922,0.21653704345226288,0.5263681411743164,0.19149574637413025
YLR370C,YLL018C,0,4.1485205,0.21644844114780426,0.5263681411743164,0.19159579277038574
YOR129C,YAL024C,0,4.1484265,0.2163599133491516,0.5263681411743164,0.19169585406780243
YOR176W,YOR363C,0,4.147379,0.21627146005630493,0.5263681411743164,0.19179590046405792
YOR176W,YMR053C,0,4.146887,0.21618308126926422,0.5263681411743164,0.19189594686031342
YBL021C,YNL078W,0,4.1468296,0.21609477698802948,0.5263681411743164,0.1919959932565689
YGL061C,YAL041W,0,4.146453,0.21600653231143951,0.5263681411743164,0.1920960545539856
YLR103C,YNL246W,1,4.1454716,0.2163265347480774,0.5273631811141968,0.1920960545539856
YDR481C,YOR113W,0,4.1442566,0.21623827517032623,0.5273631811141968,0.1921961009502411
YPL204W,YLR182W,0,4.143983,0.21615007519721985,0.5273631811141968,0.19229614734649658
YCL025C,YDL003W,0,4.143407,0.21606196463108063,0.5273631811141968,0.19239619374275208
YPR041W,YER120W,0,4.1432085,0.21597391366958618,0.5273631811141968,0.19249625504016876
YBR002C,YMR224C,0,4.142629,0.2158859521150589,0.5273631811141968,0.19259630143642426
YOR249C,YPL143W,0,4.141738,0.2157980501651764,0.5273631811141968,0.19269634783267975
YBR060C,YGL194C,1,4.1412573,0.21611721813678741,0.5283582210540771,0.19269634783267975
YGR185C,YBR054W,0,4.140379,0.21602928638458252,0.5283582210540771,0.19279639422893524
YHR190W,YOR070C,0,4.139849,0.2159414440393448,0.5283582210540771,0.19289645552635193
YOR232W,YNL227C,0,4.1398144,0.21585366129875183,0.5283582210540771,0.19299650192260742
YDR517W,YDL039C,0,4.139555,0.21576595306396484,0.5283582210540771,0.19309654831886292
YLR314C,YDL077C,0,4.139047,0.21567830443382263,0.5283582210540771,0.1931965947151184
YLR418C,YOR247W,0,4.1385846,0.21559074521064758,0.5283582210540771,0.1932966411113739
YPL007C,YOR175C,0,4.138409,0.2155032455921173,0.5283582210540771,0.1933967024087906
YBL055C,YBL024W,0,4.1383834,0.215415820479393,0.5283582210540771,0.19349674880504608
YPR024W,YPR035W,0,4.138138,0.21532846987247467,0.5283582210540771,0.19359679520130157
YJL143W,YPL214C,0,4.137974,0.2152411788702011,0.5283582210540771,0.19369684159755707
YBL007C,YPL021W,0,4.137874,0.21515397727489471,0.5283582210540771,0.19379690289497375
YDL083C,YHR001W-A,0,4.137536,0.2150668352842331,0.5283582210540771,0.19389694929122925
YBL060W,YKL060C,0,4.136341,0.21497975289821625,0.5283582210540771,0.19399699568748474
YLR038C,YHR027C,0,4.1360154,0.21489275991916656,0.5283582210540771,0.19409704208374023
YBR033W,YPL115C,0,4.135915,0.21480582654476166,0.5283582210540771,0.19419710338115692
YBR069C,YGL192W,0,4.135719,0.21471896767616272,0.5283582210540771,0.19429714977741241
YJR049C,YPL048W,0,4.1353827,0.21463216841220856,0.5283582210540771,0.1943971961736679
YMR080C,YOL090W,1,4.135276,0.21494948863983154,0.5293532609939575,0.1943971961736679
YGL053W,YGR262C,0,4.13469,0.2148626744747162,0.5293532609939575,0.1944972425699234
YGR123C,YJL219W,0,4.133258,0.2147759348154068,0.5293532609939575,0.1945973038673401
YDL042C,YDL197C,1,4.1331124,0.21509282290935516,0.5303482413291931,0.1945973038673401
YDR224C,YJL168C,0,4.132693,0.2150060534477234,0.5303482413291931,0.19469735026359558
YER088C,YHR060W,0,4.131826,0.21491935849189758,0.5303482413291931,0.19479739665985107
YLR300W,YHR206W,0,4.131618,0.21483272314071655,0.5303482413291931,0.19489744305610657
YGL071W,YPL209C,0,4.131603,0.21474617719650269,0.5303482413291931,0.19499750435352325
YPL129W,YGL194C,1,4.131423,0.21506242454051971,0.5313432812690735,0.19499750435352325
YPL011C,YPR018W,1,4.1309867,0.21537841856479645,0.5323383212089539,0.19499750435352325
YLR055C,YMR263W,1,4.1309786,0.21569415926933289,0.5333333611488342,0.19499750435352325
YJR158W,YOR011W,0,4.1295366,0.2156074047088623,0.5333333611488342,0.19509755074977875
YGL163C,YBR010W,1,4.128871,0.21592280268669128,0.5343283414840698,0.19509755074977875
YDR259C,YDR188W,0,4.128816,0.21583601832389832,0.5343283414840698,0.19519759714603424
YMR150C,YER177W,0,4.1284246,0.21574929356575012,0.5343283414840698,0.19529764354228973
YJL073W,YGR214W,0,4.1281886,0.2156626433134079,0.5343283414840698,0.19539770483970642
YGL014W,YOL018C,0,4.12803,0.21557606756687164,0.5343283414840698,0.19549775123596191
YLR061W,YDL137W,0,4.1280107,0.21548956632614136,0.5343283414840698,0.1955977976322174
YLR004C,YBL090W,0,4.126672,0.21540312469005585,0.5343283414840698,0.1956978440284729
YHR167W,YDR130C,0,4.126609,0.2153167575597763,0.5343283414840698,0.1957979053258896
YER050C,YNR001C,0,4.12624,0.21523046493530273,0.5343283414840698,0.19589795172214508
YNL223W,YLR451W,0,4.1249804,0.21514423191547394,0.5343283414840698,0.19599799811840057
YGL112C,YLR447C,0,4.1246347,0.2150580734014511,0.5343283414840698,0.19609804451465607
YDL006W,YBR061C,0,4.124133,0.21497197449207306,0.5343283414840698,0.19619810581207275
YDR478W,YDR060W,0,4.1239314,0.21488595008850098,0.5343283414840698,0.19629815220832825
YMR076C,YFR037C,0,4.1238894,0.21480000019073486,0.5343283414840698,0.19639819860458374
YLR409C,YCL027W,0,4.1237426,0.21471410989761353,0.5343283414840698,0.19649824500083923
YLR328W,YNL096C,0,4.1231556,0.21462829411029816,0.5343283414840698,0.19659830629825592
YHR061C,YNL210W,0,4.122791,0.21454255282878876,0.5343283414840698,0.1966983526945114
YDR498C,YOR179C,0,4.122235,0.21445687115192413,0.5343283414840698,0.1967983990907669
YIL139C,YGL151W,0,4.122203,0.21437126398086548,0.5343283414840698,0.1968984454870224
YJL127C,YBR195C,1,4.1219063,0.21468475461006165,0.5353233814239502,0.1968984454870224
YJR084W,YBR278W,0,4.121708,0.2145991176366806,0.5353233814239502,0.1969984918832779
YOL059W,YDR236C,0,4.121128,0.21451355516910553,0.5353233814239502,0.19709855318069458
YKL109W,YIL138C,0,4.121007,0.21442805230617523,0.5353233814239502,0.19719859957695007
YER139C,YEL017C-A,0,4.120692,0.2143426239490509,0.5353233814239502,0.19729864597320557
YDR034C,YLR213C,0,4.1189547,0.21425727009773254,0.5353233814239502,0.19739869236946106
YKL160W,YLR285W,1,4.1188445,0.2145700603723526,0.5363184213638306,0.19739869236946106
YOR127W,YMR177W,0,4.118794,0.21448467671871185,0.5363184213638306,0.19749875366687775
YJL127C,YGR116W,1,4.118624,0.21479713916778564,0.5373134613037109,0.19749875366687775
YMR218C,YHR077C,0,4.1182523,0.2147117257118225,0.5373134613037109,0.19759880006313324
YDL143W,YHR149C,0,4.1182356,0.21462638676166534,0.5373134613037109,0.19769884645938873
YJR140C,YML069W,1,4.1174917,0.21493841707706451,0.5383084416389465,0.19769884645938873
YOR011W,YKL060C,0,4.1166563,0.21485306322574615,0.5383084416389465,0.19779889285564423
YPR034W,YLR025W,0,4.1163235,0.21476776897907257,0.5383084416389465,0.1978989541530609
YFR032C-A,YNL233W,0,4.116309,0.21468253433704376,0.5383084416389465,0.1979990005493164
YGR116W,YER030W,1,4.1157985,0.21499404311180115,0.5393034815788269,0.1979990005493164
YCR018C,YDR386W,0,4.1156197,0.21490880846977234,0.5393034815788269,0.1980990469455719
YOR381W,YBR162C,0,4.114765,0.2148236185312271,0.5393034815788269,0.1981990933418274
YDL042C,YCR020W-B,1,4.114669,0.21513471007347107,0.5402985215187073,0.1981990933418274
YOL059W,YGR276C,0,4.114279,0.21504950523376465,0.5402985215187073,0.19829915463924408
YJR110W,YLL048C,0,4.113883,0.2149643748998642,0.5402985215187073,0.19839920103549957
YIL101C,YIL119C,0,4.11326,0.21487930417060852,0.5402985215187073,0.19849924743175507
YKL045W,YNL175C,0,4.1130905,0.2147943079471588,0.5402985215187073,0.19859929382801056
YBR289W,YGR275W,1,4.1130886,0.21510478854179382,0.5412935614585876,0.19859929382801056
YHR205W,YHR103W,0,4.1126003,0.21501976251602173,0.5412935614585876,0.19869935512542725
YBL080C,YKL210W,0,4.1125913,0.2149348109960556,0.5412935614585876,0.19879940152168274
YDR217C,YLR447C,0,4.1115375,0.21484991908073425,0.5412935614585876,0.19889944791793823
YGR179C,YFR041C,0,4.1104927,0.21476510167121887,0.5412935614585876,0.19899949431419373
YER114C,YHL016C,0,4.110325,0.21468034386634827,0.5412935614585876,0.1990995556116104
YHR056C,YJL080C,1,4.108629,0.21499013900756836,0.5422885417938232,0.1990995556116104
YDR359C,YOR126C,0,4.1084867,0.21490536630153656,0.5422885417938232,0.1991996020078659
YKL130C,YOR308C,0,4.10768,0.21482065320014954,0.5422885417938232,0.1992996484041214
YPL218W,YIL002C,0,4.1069713,0.21473601460456848,0.5422885417938232,0.1993996948003769
YOR259C,YNL233W,0,4.105747,0.2146514356136322,0.5422885417938232,0.19949975609779358
YER025W,YLR183C,0,4.1056304,0.2145669311285019,0.5422885417938232,0.19959980249404907
YDR108W,YJR139C,0,4.1047554,0.21448248624801636,0.5422885417938232,0.19969984889030457
YLL024C,YDR145W,0,4.1047335,0.2143981158733368,0.5422885417938232,0.19979989528656006
YGR180C,YIL069C,0,4.10441,0.214313805103302,0.5422885417938232,0.19989995658397675
YOR008C,YGR252W,0,4.103391,0.214229553937912,0.5422885417938232,0.20000000298023224
YPL131W,YOR239W,0,4.102279,0.21414537727832794,0.5422885417938232,0.20010004937648773
YBL026W,YDR251W,0,4.102046,0.21406127512454987,0.5422885417938232,0.20020009577274323
YJR065C,YLR187W,0,4.1019473,0.21397723257541656,0.5422885417938232,0.2003001570701599
YMR019W,YER153C,0,4.1018267,0.21389324963092804,0.5422885417938232,0.2004002034664154
YLR026C,YKL191W,0,4.1014295,0.21380934119224548,0.5422885417938232,0.2005002498626709
YKL168C,YCR106W,0,4.101218,0.2137254923582077,0.5422885417938232,0.2006002962589264
YBR015C,YKL195W,0,4.1007776,0.2136417031288147,0.5422885417938232,0.20070035755634308
YOR103C,YPL180W,0,4.1006293,0.21355798840522766,0.5422885417938232,0.20080040395259857
YDR395W,YPL078C,0,4.1000667,0.2134743481874466,0.5422885417938232,0.20090045034885406
YOR278W,YOL069W,0,4.099826,0.2133907526731491,0.5422885417938232,0.20100049674510956
YPL096W,YCR046C,0,4.0993724,0.2133072465658188,0.5422885417938232,0.20110054314136505
YOL077C,YDL087C,0,4.0979977,0.21322378516197205,0.5422885417938232,0.20120060443878174
YKR072C,YLR025W,0,4.0974874,0.21314039826393127,0.5422885417938232,0.20130065083503723
YDR081C,YPR007C,0,4.0971193,0.21305707097053528,0.5422885417938232,0.20140069723129272
YOL012C,YPR175W,1,4.0965195,0.2133646011352539,0.5432835817337036,0.20140069723129272
YDR150W,YCR047C,0,4.0961795,0.21328124403953552,0.5432835817337036,0.20150074362754822
YJR089W,YLR314C,0,4.095844,0.2131979763507843,0.5432835817337036,0.2016008049249649
YDR159W,YIL033C,0,4.0950727,0.21311475336551666,0.5432835817337036,0.2017008513212204
YPL151C,YGL139W,0,4.0948286,0.213031604886055,0.5432835817337036,0.2018008977174759
YLR318W,YHR149C,0,4.094126,0.2129485160112381,0.5432835817337036,0.20190094411373138
YMR044W,YNL206C,1,4.094097,0.2132553607225418,0.544278621673584,0.20190094411373138
YEL061C,YMR146C,0,4.0935397,0.21317225694656372,0.544278621673584,0.20200100541114807
YDL047W,YOR313C,0,4.0933924,0.2130892127752304,0.544278621673584,0.20210105180740356
YEL052W,YPL153C,0,4.0932846,0.21300622820854187,0.544278621673584,0.20220109820365906
YLR381W,YDR190C,0,4.0927787,0.2129233181476593,0.544278621673584,0.20230114459991455
YPL096W,YLR029C,0,4.092593,0.2128404676914215,0.544278621673584,0.20240120589733124
YHR013C,YNL156C,0,4.090955,0.2127576768398285,0.544278621673584,0.20250125229358673
YLR248W,YDR170C,0,4.09066,0.21267496049404144,0.544278621673584,0.20260129868984222
YPL018W,YOR209C,0,4.0904646,0.21259230375289917,0.544278621673584,0.20270134508609772
YOR067C,YPL193W,0,4.0897474,0.21250970661640167,0.544278621673584,0.2028014063835144
YLR306W,YHR149C,0,4.089668,0.21242718398571014,0.544278621673584,0.2029014527797699
YGR085C,YOR195W,0,4.089039,0.2123447209596634,0.544278621673584,0.2030014991760254
YNL261W,YDR439W,1,4.0889435,0.2126503735780716,0.5452736616134644,0.2030014991760254
YGL210W,YKL149C,0,4.088913,0.21256788074970245,0.5452736616134644,0.20310154557228088
YDR032C,YNL079C,0,4.0887523,0.21248546242713928,0.5452736616134644,0.20320160686969757
YPR187W,YDR118W,0,4.087932,0.2124031037092209,0.5452736616134644,0.20330165326595306
YDR359C,YHR106W,0,4.087864,0.21232080459594727,0.5452736616134644,0.20340169966220856
YGR104C,YAL048C,0,4.086872,0.21223857998847961,0.5452736616134644,0.20350174605846405
YER088C,YGR214W,0,4.086207,0.21215640008449554,0.5452736616134644,0.20360180735588074
YPL153C,YBL006C,1,4.0860186,0.21246130764484406,0.5462686419487,0.20360180735588074
YIL042C,YDR197W,0,4.0859947,0.2123791128396988,0.5462686419487,0.20370185375213623
YKR030W,YKL054C,0,4.085949,0.2122969776391983,0.5462686419487,0.20380190014839172
YBR160W,YHL011C,0,4.0859404,0.21221491694450378,0.5462686419487,0.20390194654464722
YMR059W,YPL060W,0,4.08589,0.21213291585445404,0.5462686419487,0.2040020078420639
YER139C,YER090W,0,4.085736,0.21205098927021027,0.5462686419487,0.2041020542383194
YJL153C,YAR018C,0,4.0857296,0.21196910738945007,0.5462686419487,0.2042021006345749
YIL053W,YNL166C,0,4.085341,0.21188730001449585,0.5462686419487,0.20430214703083038
YHR184W,YML013W,0,4.0852776,0.2118055522441864,0.5462686419487,0.20440220832824707
YKL017C,YKL041W,0,4.084919,0.21172387897968292,0.5462686419487,0.20450225472450256
YCR036W,YBL034C,0,4.084908,0.21164225041866302,0.5462686419487,0.20460230112075806
YHR154W,YGR193C,0,4.0841846,0.2115606963634491,0.5462686419487,0.20470234751701355
YDR228C,YGL113W,0,4.083064,0.21147920191287994,0.5462686419487,0.20480239391326904
YGR156W,YHL003C,0,4.0829277,0.21139776706695557,0.5462686419487,0.20490245521068573
YDR460W,YMR241W,0,4.0828466,0.21131639182567596,0.5462686419487,0.20500250160694122
YGL194C,YLL004W,1,4.0821877,0.21161985397338867,0.5472636818885803,0.20500250160694122
YOL012C,YGR063C,1,4.0815973,0.21192307770252228,0.5482587218284607,0.20500250160694122
YIL154C,YGL061C,0,4.080716,0.21184159815311432,0.5482587218284607,0.20510254800319672
YEL038W,YKL173W,0,4.080537,0.21176017820835114,0.5482587218284607,0.2052025943994522
YKL141W,YDL192W,0,4.079403,0.21167883276939392,0.5482587218284607,0.2053026556968689
YMR243C,YIL153W,0,4.0791364,0.21159754693508148,0.5482587218284607,0.2054027020931244
YFR037C,YLR442C,1,4.078472,0.21190018951892853,0.5492537021636963,0.2054027020931244
YMR117C,YDR310C,0,4.0781746,0.2118188738822937,0.5492537021636963,0.20550274848937988
YHR168W,YDR057W,0,4.078079,0.21173763275146484,0.5492537021636963,0.20560279488563538
YEL018W,YJL167W,0,4.0777254,0.21165643632411957,0.5492537021636963,0.20570285618305206
YLR266C,YDR328C,0,4.0776453,0.21157531440258026,0.5492537021636963,0.20580290257930756
YML015C,YOR334W,0,4.0771914,0.21149425208568573,0.5492537021636963,0.20590294897556305
YMR125W,YJR102C,0,4.0771666,0.21141324937343597,0.5492537021636963,0.20600299537181854
YMR292W,YDR093W,0,4.076917,0.211332306265831,0.5492537021636963,0.20610305666923523
YMR193W,YJL170C,0,4.0768185,0.21125143766403198,0.5492537021636963,0.20620310306549072
YJR060W,YNL008C,0,4.076475,0.21117061376571655,0.5492537021636963,0.20630314946174622
YER164W,YLR095C,1,4.0754194,0.2114722728729248,0.5502487421035767,0.20630314946174622
YPR100W,YKL033W,0,4.073457,0.21139143407344818,0.5502487421035767,0.2064031958580017
YIR026C,YNL317W,0,4.073376,0.21131065487861633,0.5502487421035767,0.2065032571554184
YIL014W,YHR001W-A,0,4.07329,0.21122995018959045,0.5502487421035767,0.2066033035516739
YMR091C,YLR442C,1,4.073052,0.2115311175584793,0.551243782043457,0.2066033035516739
YGL256W,YOR230W,0,4.072056,0.21145038306713104,0.551243782043457,0.20670334994792938
YBR286W,YPR073C,0,4.0720224,0.21136970818042755,0.551243782043457,0.20680339634418488
YPL143W,YIL034C,0,4.0711555,0.21128909289836884,0.551243782043457,0.20690345764160156
YPL019C,YOR241W,0,4.071091,0.2112085372209549,0.551243782043457,0.20700350403785706
YOL012C,YPR034W,1,4.0710115,0.21150915324687958,0.5522388219833374,0.20700350403785706
YIL154C,YJL065C,0,4.0705705,0.21142856776714325,0.5522388219833374,0.20710355043411255
YNR030W,YMR133W,0,4.0704594,0.2113480567932129,0.5522388219833374,0.20720359683036804
YHR002W,YBL051C,0,4.070426,0.2112676054239273,0.5522388219833374,0.20730365812778473
YLR061W,YKL074C,0,4.07001,0.2111872136592865,0.5522388219833374,0.20740370452404022
YCL044C,YPR171W,0,4.069577,0.21110688149929047,0.5522388219833374,0.20750375092029572
YGR221C,YPR052C,1,4.0688634,0.21140684187412262,0.553233802318573,0.20750375092029572
YNL041C,YDL195W,0,4.0680017,0.2113264948129654,0.553233802318573,0.2076037973165512
YDR363W,YBL006C,1,4.066546,0.21162614226341248,0.5542288422584534,0.2076037973165512
YDL043C,YMR163C,0,4.0661306,0.21154576539993286,0.5542288422584534,0.2077038586139679
YFR037C,YJL076W,1,4.0659657,0.21184509992599487,0.5552238821983337,0.2077038586139679
YPL198W,YGL219C,0,4.0656295,0.21176470816135406,0.5552238821983337,0.2078039050102234
YOR110W,YBR009C,0,4.064851,0.21168437600135803,0.5552238821983337,0.20790395140647888
YJL097W,YIL036W,0,4.0640025,0.21160408854484558,0.5552238821983337,0.20800399780273438
YJR084W,YKR088C,0,4.0634766,0.2115238755941391,0.5552238821983337,0.20810405910015106
YEL024W,YOR001W,0,4.063197,0.2114437222480774,0.5552238821983337,0.20820410549640656
YDL140C,YPR052C,1,4.062816,0.21174243092536926,0.5562189221382141,0.20820410549640656
YIL115C,YOR025W,0,4.062676,0.21166224777698517,0.5562189221382141,0.20830415189266205
YAL010C,YKL149C,0,4.0625772,0.21158213913440704,0.5562189221382141,0.20840419828891754
YCR057C,YNL039W,0,4.061894,0.2115020751953125,0.5562189221382141,0.20850424468517303
YDL139C,YOR193W,0,4.0616093,0.21142208576202393,0.5562189221382141,0.20860430598258972
YAL053W,YDR229W,0,4.061384,0.21134215593338013,0.5562189221382141,0.20870435237884521
YLR033W,YPR052C,1,4.060671,0.21164020895957947,0.5572139024734497,0.20870435237884521
YLL027W,YDR077W,0,4.059379,0.21156026422977448,0.5572139024734497,0.2088043987751007
YCR035C,YNL298W,0,4.058861,0.21148036420345306,0.5572139024734497,0.2089044451713562
YDR268W,YML036W,0,4.0585938,0.21140052378177643,0.5572139024734497,0.2090045064687729
YOR304W,YKL155C,0,4.057547,0.21132075786590576,0.5572139024734497,0.20910455286502838
YNL123W,YLR385C,0,4.0560427,0.21124103665351868,0.5572139024734497,0.20920459926128387
YGL037C,YIL150C,1,4.0558343,0.21153846383094788,0.5582089424133301,0.20920459926128387
YGR212W,YLR260W,0,4.05544,0.2114587277173996,0.5582089424133301,0.20930464565753937
YDR098C,YGR094W,0,4.0549893,0.2113790512084961,0.5582089424133301,0.20940470695495605
YLR147C,YDR031W,0,4.0548644,0.21129943430423737,0.5582089424133301,0.20950475335121155
YLL024C,YGL246C,0,4.054765,0.2112198770046234,0.5582089424133301,0.20960479974746704
YBL007C,YEL017C-A,0,4.0545654,0.21114037930965424,0.5582089424133301,0.20970484614372253
YPR166C,YAL038W,0,4.0545325,0.21106094121932983,0.5582089424133301,0.20980490744113922
YLR085C,YOR068C,0,4.0542183,0.2109815776348114,0.5582089424133301,0.20990495383739471
YAL011W,YOL017W,1,4.053939,0.21127820014953613,0.5592039823532104,0.20990495383739471
YJL073W,YER101C,0,4.0537567,0.21119879186153412,0.5592039823532104,0.2100050002336502
YPR156C,YLR131C,0,4.0526333,0.21111945807933807,0.5592039823532104,0.2101050466299057
YOR068C,YOL132W,0,4.0522375,0.2110401839017868,0.5592039823532104,0.2102051079273224
YNL021W,YDR439W,1,4.0520825,0.21133632957935333,0.5601990222930908,0.2102051079273224
YNL023C,YKL028W,0,4.0510907,0.21125704050064087,0.5601990222930908,0.21030515432357788
YHR119W,YER161C,1,4.0510364,0.21155288815498352,0.5611940026283264,0.21030515432357788
YKL183W,YDR407C,0,4.05088,0.21147356927394867,0.5611940026283264,0.21040520071983337
YAR007C,YER101C,0,4.050044,0.2113943099975586,0.5611940026283264,0.21050524711608887
YKL108W,YOL026C,0,4.049694,0.2113150954246521,0.5611940026283264,0.21060530841350555
YIL159W,YIL126W,0,4.0496416,0.21123595535755157,0.5611940026283264,0.21070535480976105
YJR053W,YLR026C,0,4.049369,0.21115687489509583,0.5611940026283264,0.21080540120601654
YGL180W,YPR006C,0,4.049198,0.21107783913612366,0.5611940026283264,0.21090544760227203
YIR037W,YLR293C,0,4.0484056,0.21099887788295746,0.5611940026283264,0.21100550889968872
YGR124W,YGR005C,0,4.0477705,0.21091997623443604,0.5611940026283264,0.2111055552959442
YER190W,YGR165W,0,4.047756,0.2108411192893982,0.5611940026283264,0.2112056016921997
YER098W,YGL095C,0,4.046928,0.21076233685016632,0.5611940026283264,0.2113056480884552
YPR162C,YBR215W,1,4.046877,0.2110571563243866,0.5621890425682068,0.2113056480884552
YAR033W,YAL011W,0,4.0464797,0.21097834408283234,0.5621890425682068,0.2114057093858719
YOR187W,YDR014W,0,4.045819,0.21089959144592285,0.5621890425682068,0.21150575578212738
YML005W,YFR041C,0,4.0456204,0.21082089841365814,0.5621890425682068,0.21160580217838287
YPL096W,YOR075W,0,4.0451307,0.2107422649860382,0.5621890425682068,0.21170584857463837
YOR265W,YMR041C,0,4.044979,0.21066369116306305,0.5621890425682068,0.21180590987205505
YGL186C,YPL231W,0,4.0444756,0.21058516204357147,0.5621890425682068,0.21190595626831055
YPL028W,YML106W,0,4.0443935,0.21050670742988586,0.5621890425682068,0.21200600266456604
YDL067C,YMR318C,0,4.044326,0.21042831242084503,0.5621890425682068,0.21210604906082153
YDR443C,YPL130W,0,4.0437903,0.21034996211528778,0.5621890425682068,0.21220611035823822
YNR035C,YBL069W,0,4.0437126,0.2102716714143753,0.5621890425682068,0.2123061567544937
YCL064C,YDR281C,0,4.0435514,0.2101934552192688,0.5621890425682068,0.2124062031507492
YDR358W,YKL081W,0,4.0430737,0.21011528372764587,0.5621890425682068,0.2125062495470047
YML041C,YPR018W,1,4.0420103,0.21040892601013184,0.5631840825080872,0.2125062495470047
YMR217W,YAL031C,0,4.0417833,0.21033072471618652,0.5631840825080872,0.2126062959432602
YDR512C,YKL016C,0,4.0407443,0.21025259792804718,0.5631840825080872,0.21270635724067688
YMR184W,YKR090W,0,4.0405207,0.2101745307445526,0.5631840825080872,0.21280640363693237
YDR420W,YLR151C,0,4.040476,0.21009650826454163,0.5631840825080872,0.21290645003318787
YBR233W-A,YBR274W,0,4.0397553,0.2100185602903366,0.5631840825080872,0.21300649642944336
YOR039W,YBR187W,0,4.039708,0.20994065701961517,0.5631840825080872,0.21310655772686005
YJL121C,YDL029W,0,4.0394373,0.2098628133535385,0.5631840825080872,0.21320660412311554
YNL223W,YPL269W,0,4.0384173,0.20978502929210663,0.5631840825080872,0.21330665051937103
YDR059C,YGR083C,0,4.0383577,0.20970730483531952,0.5631840825080872,0.21340669691562653
YLR103C,YJL081C,1,4.037713,0.20999999344348907,0.5641791224479675,0.21340669691562653
YKL045W,YNR022C,0,4.0371103,0.20992225408554077,0.5641791224479675,0.2135067582130432
YDR397C,YDR468C,0,4.0363045,0.20984455943107605,0.5641791224479675,0.2136068046092987
YDR246W,YBL034C,0,4.0359592,0.2097669243812561,0.5641791224479675,0.2137068510055542
YMR223W,YBL006C,1,4.0355024,0.21005916595458984,0.5651741027832031,0.2137068510055542
YOR222W,YLL051C,0,4.0354247,0.2099815160036087,0.5651741027832031,0.2138068974018097
YIL052C,YGR024C,0,4.0349903,0.20990391075611115,0.5651741027832031,0.21390695869922638
YIL128W,YLR418C,0,4.0346313,0.20982638001441956,0.5651741027832031,0.21400700509548187
YNL214W,YDR457W,0,4.034567,0.20974889397621155,0.5651741027832031,0.21410705149173737
YDL170W,YNL178W,0,4.0344644,0.20967146754264832,0.5651741027832031,0.21420709788799286
YLR450W,YOL007C,0,4.034401,0.20959410071372986,0.5651741027832031,0.21430715918540955
YLL006W,YCL050C,0,4.033733,0.20951677858829498,0.5651741027832031,0.21440720558166504
YGR056W,YJR140C,1,4.033696,0.20980826020240784,0.5661691427230835,0.21440720558166504
YDL111C,YKR036C,0,4.0335875,0.20973092317581177,0.5661691427230835,0.21450725197792053
YOL067C,YDL074C,0,4.0331345,0.20965364575386047,0.5661691427230835,0.21460729837417603
YJL136C,YDR166C,0,4.0318575,0.20957642793655396,0.5661691427230835,0.2147073596715927
YPR180W,YIR025W,0,4.0313253,0.2094992697238922,0.5661691427230835,0.2148074060678482
YDL208W,YPL060W,0,4.030843,0.20942215621471405,0.5661691427230835,0.2149074524641037
YDR281C,YKL206C,0,4.0300946,0.20934510231018066,0.5661691427230835,0.2150074988603592
YKL052C,YNL066W,0,4.029903,0.20926810801029205,0.5661691427230835,0.21510756015777588
YKR048C,YPL153C,1,4.0292115,0.20955882966518402,0.5671641826629639,0.21510756015777588
YPL169C,YML071C,0,4.028753,0.20948180556297302,0.5671641826629639,0.21520760655403137
YMR044W,YGL194C,1,4.0285726,0.2097722291946411,0.5681592226028442,0.21520760655403137
YJR140C,YDR167W,1,4.027776,0.2100624293088913,0.5691542029380798,0.21520760655403137
YMR158W,YNL230C,0,4.0274425,0.20998531579971313,0.5691542029380798,0.21530765295028687
YLR394W,YDR515W,0,4.027315,0.20990826189517975,0.5691542029380798,0.21540769934654236
YGR004W,YHR119W,0,4.027092,0.20983125269412994,0.5691542029380798,0.21550776064395905
YGL206C,YMR055C,0,4.0269346,0.20975430309772491,0.5691542029380798,0.21560780704021454
YIL039W,YEL044W,0,4.026369,0.20967741310596466,0.5691542029380798,0.21570785343647003
YNL031C,YPR018W,1,4.025588,0.2099670171737671,0.5701492428779602,0.21570785343647003
YER025W,YLR309C,0,4.024486,0.20989011228084564,0.5701492428779602,0.21580789983272552
YOR346W,YGL243W,0,4.023531,0.20981325209140778,0.5701492428779602,0.2159079611301422
YGL192W,YDR014W,0,4.023521,0.20973645150661469,0.5701492428779602,0.2160080075263977
YMR290C,YDR533C,0,4.022294,0.20965971052646637,0.5701492428779602,0.2161080539226532
YDR512C,YDL143W,0,4.0219603,0.20958302915096283,0.5701492428779602,0.2162081003189087
YIL136W,YAR015W,0,4.0219126,0.20950639247894287,0.5701492428779602,0.21630814671516418
YPR110C,YBR050C,0,4.0200233,0.20942983031272888,0.5701492428779602,0.21640820801258087
YGR037C,YGL009C,0,4.0187902,0.20935331284999847,0.5701492428779602,0.21650825440883636
YDL175C,YJR052W,0,4.0187206,0.20927684009075165,0.5701492428779602,0.21660830080509186
YOR145C,YNL212W,0,4.0181074,0.2092004418373108,0.5701492428779602,0.21670834720134735
YBL030C,YMR319C,0,4.0180955,0.20912408828735352,0.5701492428779602,0.21680840849876404
YGL067W,YAL022C,0,4.0180554,0.20904779434204102,0.5701492428779602,0.21690845489501953
YOR304W,YBR195C,1,4.017634,0.20933625102043152,0.5711442828178406,0.21690845489501953
YHR079C,YDL033C,0,4.016729,0.20925992727279663,0.5711442828178406,0.21700850129127502
YNL031C,YGR274C,1,4.016553,0.20954810082912445,0.572139322757721,0.21700850129127502
YDR022C,YHR169W,0,4.016434,0.20947176218032837,0.572139322757721,0.21710854768753052
YHR118C,YMR127C,1,4.0163455,0.2097596526145935,0.5731343030929565,0.21710854768753052
YPL200W,YIL140W,0,4.0161424,0.20968328416347504,0.5731343030929565,0.2172086089849472
YJR078W,YHR119W,0,4.0152173,0.20960699021816254,0.5731343030929565,0.2173086553812027
YLR401C,YDR148C,0,4.0148664,0.20953074097633362,0.5731343030929565,0.2174087017774582
YOR066W,YLR439W,0,4.014534,0.20945455133914948,0.5731343030929565,0.21750874817371368
YGL112C,YDR167W,1,4.01427,0.20974190533161163,0.5741293430328369,0.21750874817371368
YNL135C,YLR385C,1,4.012799,0.21002906560897827,0.5751243829727173,0.21750874817371368
YPR162C,YDR224C,1,4.0120387,0.2103160172700882,0.5761194229125977,0.21750874817371368
YKL198C,YHL032C,0,4.011997,0.21023964881896973,0.5761194229125977,0.21760880947113037
YJL115W,YML102W,1,4.0118227,0.21052631735801697,0.5771144032478333,0.21760880947113037
YBR043C,YOR054C,0,4.0110736,0.2104499340057373,0.5771144032478333,0.21770885586738586
YIL042C,YJR082C,0,4.0104876,0.21037359535694122,0.5771144032478333,0.21780890226364136
YMR263W,YPR052C,1,4.010309,0.21065989136695862,0.5781094431877136,0.21780890226364136
YOL125W,YJL155C,0,4.0096674,0.21058353781700134,0.5781094431877136,0.21790894865989685
YIL008W,YER040W,0,4.008834,0.21050724387168884,0.5781094431877136,0.21800900995731354
YLR295C,YBR031W,0,4.0083895,0.21043100953102112,0.5781094431877136,0.21810905635356903
YGR221C,YLR095C,1,4.0081396,0.2107168734073639,0.579104483127594,0.21810905635356903
YDR122W,YOL151W,0,4.008133,0.21064060926437378,0.579104483127594,0.21820910274982452
YER053C,YNL149C,0,4.0081253,0.21056440472602844,0.579104483127594,0.21830914914608002
YPL149W,YHL028W,0,4.0077057,0.2104882448911667,0.579104483127594,0.2184092104434967
YLR417W,YDR238C,0,4.007588,0.2104121446609497,0.579104483127594,0.2185092568397522
YGL210W,YGR155W,0,4.007103,0.2103361040353775,0.579104483127594,0.2186093032360077
YIL053W,YGL180W,0,4.0066934,0.21026012301445007,0.579104483127594,0.21870934963226318
YGL198W,YNR011C,0,4.0058537,0.21018418669700623,0.579104483127594,0.21880941092967987
YKL160W,YBR198C,1,4.0055704,0.2104693204164505,0.5800995230674744,0.21880941092967987
YMR042W,YGR279C,0,4.0046806,0.21039335429668427,0.5800995230674744,0.21890945732593536
YGL212W,YIL076W,0,4.003848,0.210317462682724,0.5800995230674744,0.21900950372219086
YLR016C,YLR103C,0,4.0036235,0.21024161577224731,0.5800995230674744,0.21910955011844635
YER056C-A,YAL028W,0,4.003448,0.2101658284664154,0.5800995230674744,0.21920961141586304
YPL129W,YJL115W,1,4.0031395,0.2104504555463791,0.58109450340271,0.21920961141586304
YOR141C,YNL246W,1,4.0028486,0.21073487401008606,0.5820895433425903,0.21920961141586304
YKL116C,YML004C,0,4.0027847,0.2106589823961258,0.5820895433425903,0.21930965781211853
YPR016C,YBR251W,0,4.002358,0.2105831503868103,0.5820895433425903,0.21940970420837402
YEL050C,YFL021W,0,4.0012975,0.2105073779821396,0.5820895433425903,0.21950975060462952
YBR193C,YLR190W,0,4.0001564,0.21043165028095245,0.5820895433425903,0.2196098119020462
YKR083C,YMR013C,0,4.000002,0.2103559821844101,0.5820895433425903,0.2197098582983017
YPR188C,YDL243C,0,3.9988503,0.2102803736925125,0.5820895433425903,0.2198099046945572
YOR334W,YPL175W,0,3.9987607,0.2102048099040985,0.5820895433425903,0.21990995109081268
YBR215W,YBL003C,1,3.9980748,0.21048851311206818,0.5830845832824707,0.21990995109081268
YLR316C,YBL005W,0,3.9978862,0.2104129195213318,0.5830845832824707,0.22001001238822937
YGR081C,YNR047W,0,3.9977589,0.21033740043640137,0.5830845832824707,0.22011005878448486
YLR085C,YLR060W,0,3.9963942,0.21026192605495453,0.5830845832824707,0.22021010518074036
YLR309C,YDL040C,0,3.9962554,0.21018651127815247,0.5830845832824707,0.22031015157699585
YJL041W,YPL021W,0,3.9954667,0.21011115610599518,0.5830845832824707,0.22041019797325134
YGL037C,YBL008W,1,3.9951344,0.2103942632675171,0.5840796232223511,0.22041019797325134
YPR138C,YKL028W,0,3.9950814,0.21031887829303741,0.5840796232223511,0.22051025927066803
YJL187C,YJR006W,0,3.9947996,0.21024355292320251,0.5840796232223511,0.22061030566692352
YDR322W,YOR355W,0,3.994327,0.2101682722568512,0.5840796232223511,0.22071035206317902
YER095W,YPR141C,0,3.9936075,0.21009305119514465,0.5840796232223511,0.2208103984594345
YNR059W,YMR298W,0,3.9928908,0.21001788973808289,0.5840796232223511,0.2209104597568512
YIL154C,YGR285C,0,3.9925046,0.2099427729845047,0.5840796232223511,0.2210105061531067
YPL178W,YBL041W,0,3.9920745,0.2098677158355713,0.5840796232223511,0.22111055254936218
YBR024W,YJL011C,0,3.9917698,0.20979270339012146,0.5840796232223511,0.22121059894561768
YPR171W,YJR131W,0,3.9914837,0.2097177505493164,0.5840796232223511,0.22131066024303436
YOR273C,YLR266C,0,3.9912574,0.20964285731315613,0.5840796232223511,0.22141070663928986
YDR395W,YNR035C,0,3.990767,0.20956800878047943,0.5840796232223511,0.22151075303554535
YML073C,YOR322C,0,3.9897642,0.2094932198524475,0.5840796232223511,0.22161079943180084
YOR269W,YJL095W,0,3.989647,0.20941847562789917,0.5840796232223511,0.22171086072921753
YHL004W,YDL202W,0,3.9893942,0.2093437910079956,0.5840796232223511,0.22181090712547302
YDR046C,YDR530C,0,3.9891548,0.20926916599273682,0.5840796232223511,0.22191095352172852
YIL150C,YPL127C,1,3.988916,0.20955096185207367,0.5850746035575867,0.22191095352172852
YCR091W,YDL095W,0,3.988847,0.2094763070344925,0.5850746035575867,0.222010999917984
YDL036C,YBR150C,0,3.9878738,0.2094017118215561,0.5850746035575867,0.2221110612154007
YHR135C,YJL128C,0,3.9875245,0.20932716131210327,0.5850746035575867,0.2222111076116562
YNL251C,YJR032W,0,3.98705,0.20925267040729523,0.5850746035575867,0.22231115400791168
YAL054C,YJR048W,0,3.9870481,0.20917822420597076,0.5850746035575867,0.22241120040416718
YGL173C,YDL018C,0,3.9864492,0.20910383760929108,0.5850746035575867,0.22251126170158386
YNL147W,YOR349W,0,3.9862957,0.20902951061725616,0.5850746035575867,0.22261130809783936
YGR062C,YMR242C,0,3.9855664,0.20895522832870483,0.5850746035575867,0.22271135449409485
YOR207C,YGR116W,0,3.985469,0.20888099074363708,0.5850746035575867,0.22281140089035034
YGL163C,YOL006C,1,3.9850497,0.2091619372367859,0.586069643497467,0.22281140089035034
YDL217C,YER020W,0,3.9843378,0.20908768475055695,0.586069643497467,0.22291146218776703
YOR273C,YNL298W,0,3.9841347,0.20901349186897278,0.586069643497467,0.22301150858402252
YDL204W,YGR024C,0,3.9841175,0.2089393436908722,0.586069643497467,0.22311155498027802
YLR246W,YPR131C,0,3.9838874,0.20886525511741638,0.586069643497467,0.2232116013765335
YPR041W,YMR009W,0,3.9827244,0.20879121124744415,0.586069643497467,0.2233116626739502
YJL080C,YOL054W,0,3.9826672,0.2087172269821167,0.586069643497467,0.2234117090702057
YDR155C,YIL150C,1,3.9818125,0.20899751782417297,0.5870646834373474,0.2234117090702057
YPR031W,YLR020C,0,3.981763,0.20892351865768433,0.5870646834373474,0.22351175546646118
YJL214W,YDR440W,0,3.98154,0.20884956419467926,0.5870646834373474,0.22361180186271667
YGR134W,YCL055W,0,3.981474,0.20877565443515778,0.5870646834373474,0.22371186316013336
YKL156W,YMR039C,0,3.9811525,0.20870180428028107,0.5870646834373474,0.22381190955638885
YEL005C,YLL018C,0,3.9806602,0.20862799882888794,0.5870646834373474,0.22391195595264435
YCR031C,YML127W,0,3.980011,0.2085542529821396,0.5870646834373474,0.22401200234889984
YIL171W,YPL244C,0,3.9799943,0.208480566740036,0.5870646834373474,0.22411204874515533
YNL262W,YEL013W,0,3.9796863,0.20840692520141602,0.5870646834373474,0.22421211004257202
YMR171C,YKL095W,0,3.9788969,0.2083333283662796,0.5870646834373474,0.22431215643882751
YDR170C,YDR072C,0,3.9786878,0.20825979113578796,0.5870646834373474,0.224412202835083
YLR377C,YGR047C,0,3.9784975,0.2081863135099411,0.5870646834373474,0.2245122492313385
YCL025C,YDL091C,0,3.978434,0.20811288058757782,0.5870646834373474,0.2246123105287552
YAR031W,YPR111W,0,3.9783888,0.20803949236869812,0.5870646834373474,0.22471235692501068
YLR153C,YDL047W,0,3.9782615,0.2079661637544632,0.5870646834373474,0.22481240332126617
YPL015C,YGR275W,1,3.9780707,0.20824524760246277,0.5880597233772278,0.22481240332126617
YHR205W,YLR321C,0,3.977961,0.20817188918590546,0.5880597233772278,0.22491244971752167
YNL135C,YDR310C,1,3.9778357,0.20845070481300354,0.5890547037124634,0.22491244971752167
YGR056W,YJL080C,1,3.9771056,0.2087293267250061,0.5900497436523438,0.22491244971752167
YPL063W,YIL126W,0,3.9769244,0.20865587890148163,0.5900497436523438,0.22501251101493835
YPL206C,YLL006W,0,3.9756517,0.20858249068260193,0.5900497436523438,0.22511255741119385
YBR193C,YMR048W,0,3.9754448,0.2085091471672058,0.5900497436523438,0.22521260380744934
YLR079W,YDL077C,0,3.9750166,0.20843584835529327,0.5900497436523438,0.22531265020370483
YMR117C,YOR136W,0,3.9748545,0.2083626091480255,0.5900497436523438,0.22541271150112152
YPR182W,YDR289C,0,3.9747896,0.20828942954540253,0.5900497436523438,0.22551275789737701
YOR334W,YPR178W,0,3.974753,0.20821629464626312,0.5900497436523438,0.2256128042936325
YGL027C,YLR020C,0,3.973431,0.2081432044506073,0.5900497436523438,0.225712850689888
YOL056W,YFR031C-A,0,3.9730349,0.20807017385959625,0.5900497436523438,0.2258129119873047
YHR101C,YNL172W,0,3.9726043,0.2079971879720688,0.5900497436523438,0.22591295838356018
YJR006W,YLR011W,0,3.9725976,0.2079242616891861,0.5900497436523438,0.22601300477981567
YPR175W,YDL101C,0,3.97184,0.207851380109787,0.5900497436523438,0.22611305117607117
YIL154C,YBR030W,0,3.971756,0.20777855813503265,0.5900497436523438,0.22621311247348785
YJL081C,YKL178C,0,3.9709601,0.2077057808637619,0.5900497436523438,0.22631315886974335
YMR042W,YMR198W,0,3.970587,0.20763304829597473,0.5900497436523438,0.22641320526599884
YIL173W,YDR337W,0,3.970214,0.20756037533283234,0.5900497436523438,0.22651325166225433
YGL210W,YMR224C,0,3.9701204,0.20748774707317352,0.5900497436523438,0.22661331295967102
YDR091C,YOL032W,0,3.9699805,0.20741517841815948,0.5900497436523438,0.2267133593559265
YDR429C,YOR193W,0,3.968908,0.20734265446662903,0.5900497436523438,0.226813405752182
YDL179W,YER104W,0,3.967375,0.20727019011974335,0.5900497436523438,0.2269134521484375
YMR236W,YGL207W,1,3.9668965,0.2075471729040146,0.5910447835922241,0.2269134521484375
YHR158C,YLR099C,0,3.9662247,0.20747467875480652,0.5910447835922241,0.2270135134458542
YER070W,YDR427W,0,3.965932,0.20740222930908203,0.5910447835922241,0.22711355984210968
YDR205W,YGL246C,0,3.965868,0.20732983946800232,0.5910447835922241,0.22721360623836517
YOL149W,YJR127C,0,3.9651694,0.2072574943304062,0.5910447835922241,0.22731365263462067
YJL197W,YMR232W,0,3.9649062,0.20718520879745483,0.5910447835922241,0.22741371393203735
YDR155C,YBL002W,1,3.9644299,0.2074616402387619,0.5920398235321045,0.22741371393203735
YBR299W,YOR355W,0,3.9638617,0.20738933980464935,0.5920398235321045,0.22751376032829285
YBR196C,YFR003C,0,3.963025,0.2073170691728592,0.5920398235321045,0.22761380672454834
YOR036W,YIR018W,0,3.9627852,0.2072448581457138,0.5920398235321045,0.22771385312080383
YIL098C,YPL253C,0,3.9626288,0.2071727067232132,0.5920398235321045,0.22781389951705933
YLR044C,YDL084W,0,3.9625735,0.20710058510303497,0.5920398235321045,0.227913960814476
YOR059C,YLR306W,0,3.962164,0.20702853798866272,0.5920398235321045,0.2280140072107315
YBR198C,YGR002C,1,3.9617949,0.20730434358119965,0.5930348038673401,0.2280140072107315
YEL030W,YLR045C,0,3.9614153,0.207232266664505,0.5930348038673401,0.228114053606987
YAL026C,YML088W,0,3.9612286,0.20716023445129395,0.5930348038673401,0.2282141000032425
YBR223C,YER178W,0,3.9611793,0.20708826184272766,0.5930348038673401,0.22831416130065918
YPR041W,YER101C,0,3.9608016,0.20701631903648376,0.5930348038673401,0.22841420769691467
YKL004W,YLR363C,0,3.9604363,0.20694445073604584,0.5930348038673401,0.22851425409317017
YKL197C,YIL095W,0,3.960424,0.2068726122379303,0.5930348038673401,0.22861430048942566
YNL298W,YNL233W,0,3.9596422,0.20680083334445953,0.5930348038673401,0.22871436178684235
YIL070C,YLR377C,0,3.9587083,0.20672909915447235,0.5930348038673401,0.22881440818309784
YJL197W,YMR286W,0,3.9584103,0.20665742456912994,0.5930348038673401,0.22891445457935333
YGL142C,YPL048W,0,3.957766,0.20658579468727112,0.5930348038673401,0.22901450097560883
YHL038C,YNL044W,0,3.9570675,0.20651420950889587,0.5930348038673401,0.2291145622730255
YOL090W,YHR041C,0,3.9568162,0.2064426690340042,0.5930348038673401,0.229214608669281
YLR383W,YNL243W,0,3.9567792,0.20637118816375732,0.5930348038673401,0.2293146550655365
YHR074W,YDR013W,0,3.956728,0.20629975199699402,0.5930348038673401,0.229414701461792
YGR020C,YLR353W,0,3.9553714,0.2062283754348755,0.5930348038673401,0.22951476275920868
YKL194C,YNL199C,0,3.955314,0.20615704357624054,0.5930348038673401,0.22961480915546417
YOL112W,YML088W,0,3.9551182,0.20608575642108917,0.5930348038673401,0.22971485555171967
YBR198C,YHR010W,0,3.9548109,0.2060145139694214,0.5930348038673401,0.22981490194797516
YLR075W,YGR006W,0,3.9546738,0.20594333112239838,0.5930348038673401,0.22991496324539185
YGL115W,YGR135W,0,3.954496,0.20587219297885895,0.5930348038673401,0.23001500964164734
YPL244C,YJL090C,0,3.9533696,0.2058010995388031,0.5930348038673401,0.23011505603790283
YHR204W,YDR288W,0,3.9530377,0.20573006570339203,0.5930348038673401,0.23021510243415833
YMR198W,YNL243W,0,3.9523563,0.20565907657146454,0.5930348038673401,0.230315163731575
YJR108W,YPL269W,0,3.9521923,0.20558813214302063,0.5930348038673401,0.2304152101278305
YNL282W,YGL060W,0,3.9520388,0.2055172473192215,0.5930348038673401,0.230515256524086
YKR059W,YER101C,0,3.9515836,0.20544639229774475,0.5930348038673401,0.2306153029203415
YOL120C,YMR287C,0,3.951468,0.20537559688091278,0.5930348038673401,0.23071536421775818
YKL045W,YLL033W,0,3.9513187,0.20530486106872559,0.5930348038673401,0.23081541061401367
YMR312W,YPL175W,0,3.9511032,0.20523415505886078,0.5930348038673401,0.23091545701026917
YML016C,YOL141W,0,3.9501243,0.20516350865364075,0.5930348038673401,0.23101550340652466
YML094W,YDL030W,0,3.9498816,0.2050929069519043,0.5930348038673401,0.23111556470394135
YKL166C,YDR083W,0,3.9498158,0.20502236485481262,0.5930348038673401,0.23121561110019684
YPL223C,YDL229W,0,3.949615,0.20495185256004333,0.5930348038673401,0.23131565749645233
YOR176W,YJR103W,0,3.949192,0.20488139986991882,0.5930348038673401,0.23141570389270782
YDR532C,YEL065W,0,3.9490654,0.2048109918832779,0.5930348038673401,0.2315157651901245
YJR104C,YGR208W,0,3.947566,0.20474064350128174,0.5930348038673401,0.23161581158638
YOL102C,YGR260W,0,3.9474332,0.20467032492160797,0.5930348038673401,0.2317158579826355
YBR010W,YGR275W,1,3.947256,0.20494335889816284,0.5940298438072205,0.2317158579826355
YKL198C,YJL098W,0,3.946672,0.20487302541732788,0.5940298438072205,0.231815904378891
YDL098C,YDR189W,0,3.946646,0.2048027515411377,0.5940298438072205,0.23191595077514648
YPL183W-A,YFR036W,0,3.946451,0.2047325074672699,0.5940298438072205,0.23201601207256317
YDR317W,YGL021W,0,3.9455009,0.20466232299804688,0.5940298438072205,0.23211605846881866
YBR272C,YML125C,0,3.9446368,0.20459218323230743,0.5940298438072205,0.23221610486507416
YKL080W,YNL128W,0,3.9444842,0.20452210307121277,0.5940298438072205,0.23231615126132965
YOL061W,YDR487C,0,3.9441166,0.2044520527124405,0.5940298438072205,0.23241621255874634
YDL083C,YJL155C,0,3.9438224,0.204382061958313,0.5940298438072205,0.23251625895500183
YPL208W,YDL006W,0,3.9435854,0.20431211590766907,0.5940298438072205,0.23261630535125732
YGR239C,YDR200C,0,3.94351,0.20424221456050873,0.5940298438072205,0.23271635174751282
YER032W,YDL077C,0,3.9431221,0.20417237281799316,0.5940298438072205,0.2328164130449295
YPL119C,YOR211C,0,3.9427178,0.2041025608778,0.5940298438072205,0.232916459441185
YAL029C,YML097C,0,3.9424076,0.2040328085422516,0.5940298438072205,0.2330165058374405
YBL076C,YJL128C,0,3.9420695,0.20396310091018677,0.5940298438072205,0.23311655223369598
YMR026C,YLL011W,0,3.9416056,0.20389343798160553,0.5940298438072205,0.23321661353111267
YMR289W,YOL127W,0,3.9414814,0.20382383465766907,0.5940298438072205,0.23331665992736816
YNL123W,YKL039W,0,3.94113,0.203754261136055,0.5940298438072205,0.23341670632362366
YJR130C,YNL259C,0,3.9405303,0.2036847472190857,0.5940298438072205,0.23351675271987915
YMR289W,YOL109W,0,3.9404383,0.20361527800559998,0.5940298438072205,0.23361681401729584
YLR223C,YDR138W,0,3.9404383,0.20354585349559784,0.5940298438072205,0.23371686041355133
YOL086C,YPR048W,0,3.940422,0.20347648859024048,0.5940298438072205,0.23381690680980682
YIL093C,YNL135C,0,3.940373,0.2034071534872055,0.5940298438072205,0.23391695320606232
YER147C,YBR187W,0,3.939953,0.2033378779888153,0.5940298438072205,0.234017014503479
YPR128C,YEL050C,0,3.9399502,0.2032686471939087,0.5940298438072205,0.2341170608997345
YDR434W,YLR315W,0,3.9392018,0.20319946110248566,0.5940298438072205,0.23421710729599
YDL069C,YOR290C,0,3.9389124,0.2031303197145462,0.5940298438072205,0.23431715369224548
YNL298W,YGR134W,0,3.9384198,0.20306122303009033,0.5940298438072205,0.23441721498966217
YDR287W,YJL029C,0,3.9384043,0.20299218595027924,0.5940298438072205,0.23451726138591766
YCR052W,YGR063C,1,3.9382174,0.2032630890607834,0.5950248837471008,0.23451726138591766
YJR060W,YLR192C,0,3.9374504,0.2031940221786499,0.5950248837471008,0.23461730778217316
YML055W,YER143W,0,3.937334,0.203125,0.5950248837471008,0.23471735417842865
YLL043W,YJL197W,0,3.9370966,0.20305602252483368,0.5950248837471008,0.23481741547584534
YPR055W,YBR131W,0,3.9362688,0.20298710465431213,0.5950248837471008,0.23491746187210083
YER089C,YPR106W,0,3.935165,0.20291821658611298,0.5950248837471008,0.23501750826835632
YOR048C,YAL038W,0,3.934907,0.2028493881225586,0.5950248837471008,0.23511755466461182
YLR015W,YBR131W,0,3.9349055,0.2027806043624878,0.5950248837471008,0.2352176159620285
YER114C,YOR176W,0,3.9337432,0.20271186530590057,0.5950248837471008,0.235317662358284
YKL032C,YGL059W,0,3.9336038,0.20264317095279694,0.5950248837471008,0.2354177087545395
YIL061C,YJL058C,0,3.933412,0.20257452130317688,0.5950248837471008,0.23551775515079498
YCL064C,YPL065W,0,3.9326613,0.2025059312582016,0.5950248837471008,0.23561780154705048
YMR228W,YMR055C,0,3.9324875,0.2024373710155487,0.5950248837471008,0.23571786284446716
YKL022C,YBL092W,0,3.9322448,0.2023688703775406,0.5950248837471008,0.23581790924072266
YJL110C,YCL043C,0,3.932146,0.20230039954185486,0.5950248837471008,0.23591795563697815
YDR052C,YOR113W,0,3.9318576,0.2022319883108139,0.5950248837471008,0.23601800203323364
YLR131C,YJL044C,0,3.9313056,0.20216362178325653,0.5950248837471008,0.23611806333065033
YDR040C,YOR078W,0,3.9312663,0.20209529995918274,0.5950248837471008,0.23621810972690582
YJR149W,YPL220W,0,3.9305263,0.20202702283859253,0.5950248837471008,0.23631815612316132
YJR108W,YDR490C,0,3.928657,0.2019587904214859,0.5950248837471008,0.2364182025194168
YDR281C,YOL076W,0,3.9286425,0.20189061760902405,0.5950248837471008,0.2365182638168335
YDR270W,YPR046W,0,3.9284961,0.20182247459888458,0.5950248837471008,0.236618310213089
YER025W,YJL108C,0,3.928112,0.2017543911933899,0.5950248837471008,0.23671835660934448
YJL162C,YOR084W,0,3.9280257,0.2016863375902176,0.5950248837471008,0.23681840300559998
YDR188W,YLR028C,0,3.9255672,0.20161834359169006,0.5950248837471008,0.23691846430301666
YIL124W,YDR213W,0,3.924971,0.20155039429664612,0.5950248837471008,0.23701851069927216
YJL006C,YDR256C,0,3.9245963,0.20148247480392456,0.5950248837471008,0.23711855709552765
YFL011W,YLR316C,0,3.924489,0.20141461491584778,0.5950248837471008,0.23721860349178314
YPR060C,YGR218W,0,3.9239678,0.20134679973125458,0.5950248837471008,0.23731866478919983
YEL064C,YPR100W,0,3.9238768,0.20127902925014496,0.5950248837471008,0.23741871118545532
YER095W,YKL170W,0,3.9238594,0.20121130347251892,0.5950248837471008,0.23751875758171082
YGL019W,YCL016C,0,3.9237556,0.20114362239837646,0.5950248837471008,0.2376188039779663
YOL070C,YAL016W,0,3.9233277,0.2010759860277176,0.5950248837471008,0.237718865275383
YJL080C,YBL003C,1,3.9229703,0.2013445347547531,0.5960199236869812,0.237718865275383
YMR109W,YJL096W,0,3.92258,0.20127688348293304,0.5960199236869812,0.2378189116716385
YLR212C,YOR150W,0,3.921718,0.20120927691459656,0.5960199236869812,0.23791895806789398
YPR102C,YBR237W,0,3.9214764,0.20114170014858246,0.5960199236869812,0.23801900446414948
YHR006W,YDR301W,0,3.9214015,0.20107418298721313,0.5960199236869812,0.23811906576156616
YER113C,YDL095W,0,3.9198437,0.2010067105293274,0.5960199236869812,0.23821911215782166
YLR325C,YHL047C,0,3.918672,0.20093928277492523,0.5960199236869812,0.23831915855407715
YMR297W,YJR040W,0,3.917214,0.20087189972400665,0.5960199236869812,0.23841920495033264
YGL244W,YKL054C,0,3.917186,0.20080456137657166,0.5960199236869812,0.23851926624774933
YMR316W,YNL298W,0,3.916543,0.20073726773262024,0.5960199236869812,0.23861931264400482
YBR188C,YDL017W,0,3.9158857,0.2006700187921524,0.5960199236869812,0.23871935904026031
YJL008C,YBL007C,0,3.9157753,0.20060281455516815,0.5960199236869812,0.2388194054365158
YKR019C,YBL013W,0,3.915451,0.20053565502166748,0.5960199236869812,0.2389194667339325
YBL093C,YGL253W,0,3.9153824,0.2004685401916504,0.5960199236869812,0.239019513130188
YGL060W,YBR058C,0,3.9149299,0.20040147006511688,0.5960199236869812,0.23911955952644348
YPR167C,YOL086C,0,3.9146023,0.20033444464206696,0.5960199236869812,0.23921960592269897
YOL065C,YGR076C,0,3.9140935,0.2002674639225006,0.5960199236869812,0.23931966722011566
YMR236W,YBR289W,1,3.9138682,0.20053476095199585,0.5970149040222168,0.23931966722011566
YKL174C,YKL194C,0,3.9138272,0.2004677653312683,0.5970149040222168,0.23941971361637115
YLR272C,YPR018W,1,3.9137926,0.20073480904102325,0.5980099439620972,0.23941971361637115
YPL129W,YPL103C,0,3.9134617,0.20066778361797333,0.5980099439620972,0.23951976001262665
YML112W,YMR308C,0,3.9131594,0.20060080289840698,0.5980099439620972,0.23961980640888214
YDR108W,YBL021C,0,3.9126887,0.20053386688232422,0.5980099439620972,0.23971985280513763
YMR290C,YGL190C,0,3.9123244,0.20046697556972504,0.5980099439620972,0.23981991410255432
YER089C,YGR052W,0,3.9121523,0.20040012896060944,0.5980099439620972,0.23991996049880981
YMR043W,YDR280W,0,3.9112203,0.20033332705497742,0.5980099439620972,0.2400200068950653
YDR386W,YDR224C,0,3.9109128,0.20026658475399017,0.5980099439620972,0.2401200532913208
YOR059C,YLR086W,0,3.9107676,0.20019987225532532,0.5980099439620972,0.2402201145887375
YHR160C,YNL038W,0,3.910572,0.20013320446014404,0.5980099439620972,0.24032016098499298
YHL015W,YLR309C,0,3.9104419,0.20006658136844635,0.5980099439620972,0.24042020738124847
YPL074W,YLR130C,0,3.9103873,0.20000000298023224,0.5980099439620972,0.24052025377750397
YDR303C,YHR207C,0,3.9097004,0.1999334692955017,0.5980099439620972,0.24062031507492065
YLR055C,YML109W,1,3.908987,0.20019952952861786,0.5990049839019775,0.24062031507492065
YMR127C,YJL192C,0,3.908513,0.20013298094272614,0.5990049839019775,0.24072036147117615
YBR059C,YKL198C,0,3.9083037,0.2000664621591568,0.5990049839019775,0.24082040786743164
YLL013C,YLR384C,0,3.9080865,0.20000000298023224,0.5990049839019775,0.24092045426368713
YMR223W,YKL049C,1,3.9079294,0.20026569068431854,0.6000000238418579,0.24092045426368713
YJR053W,YEL044W,0,3.90606,0.2001992017030716,0.6000000238418579,0.24102051556110382
YPL254W,YLR045C,0,3.906023,0.20013275742530823,0.6000000238418579,0.24112056195735931
YJL127C,YPR135W,0,3.9052253,0.20006635785102844,0.6000000238418579,0.2412206083536148
YLR102C,YMR228W,0,3.9051015,0.20000000298023224,0.6000000238418579,0.2413206547498703
YLL004W,YDR073W,1,3.9048233,0.20026525855064392,0.6009950041770935,0.2413206547498703
YGR006W,YOR290C,0,3.9047954,0.20019887387752533,0.6009950041770935,0.241420716047287
YBR088C,YGL194C,1,3.904779,0.20046387612819672,0.6019900441169739,0.241420716047287
YBR231C,YMR080C,1,3.904692,0.20072871446609497,0.6029850840568542,0.241420716047287
YOR068C,YCR105W,0,3.9044886,0.2006622552871704,0.6029850840568542,0.24152076244354248
YIR026C,YJL124C,0,3.9042432,0.20059582591056824,0.6029850840568542,0.24162080883979797
YBR247C,YNL293W,0,3.9038606,0.20052945613861084,0.6029850840568542,0.24172085523605347
YMR025W,YBR118W,0,3.9034486,0.20046311616897583,0.6029850840568542,0.24182091653347015
YPL011C,YDR310C,1,3.903367,0.20072750747203827,0.6039801239967346,0.24182091653347015
YKL132C,YFL005W,0,3.9021692,0.20066115260124207,0.6039801239967346,0.24192096292972565
YGL220W,YKL058W,0,3.9015772,0.20059484243392944,0.6039801239967346,0.24202100932598114
YHR179W,YDR379W,0,3.9009967,0.2005285769701004,0.6039801239967346,0.24212105572223663
YPR186C,YGR246C,0,3.9003594,0.20046235620975494,0.6039801239967346,0.24222111701965332
YMR263W,YCR052W,1,3.9003363,0.20072631537914276,0.6049751043319702,0.24222111701965332
YPL028W,YNL118C,0,3.8996449,0.20066006481647491,0.6049751043319702,0.2423211634159088
YOL165C,YOR335C,0,3.899242,0.20059385895729065,0.6049751043319702,0.2424212098121643
YPR068C,YBR088C,1,3.898931,0.2008575201034546,0.6059701442718506,0.2424212098121643
YLR284C,YJL190C,0,3.8988276,0.20079129934310913,0.6059701442718506,0.2425212562084198
YBR281C,YJR138W,0,3.8987699,0.20072510838508606,0.6059701442718506,0.2426213175058365
YOR142W,YDR471W,0,3.8986576,0.20065897703170776,0.6059701442718506,0.24272136390209198
YGL049C,YPL050C,0,3.8975987,0.20059289038181305,0.6059701442718506,0.24282141029834747
YDL141W,YMR156C,0,3.8965902,0.20052683353424072,0.6059701442718506,0.24292145669460297
YPL126W,YDR437W,0,3.8961582,0.20046083629131317,0.6059701442718506,0.24302151799201965
YGL089C,YDR379W,0,3.8952653,0.200394868850708,0.6059701442718506,0.24312156438827515
YBR059C,YEL064C,0,3.8948627,0.20032894611358643,0.6059701442718506,0.24322161078453064
YGR229C,YGR083C,0,3.8948233,0.20026306807994843,0.6059701442718506,0.24332165718078613
YDL175C,YDL145C,0,3.894439,0.200197234749794,0.6059701442718506,0.24342170357704163
YDR326C,YBR119W,0,3.8944378,0.20013144612312317,0.6059701442718506,0.2435217648744583
YOR359W,YDR495C,0,3.8943272,0.2000657021999359,0.6059701442718506,0.2436218112707138
YDL095W,YOL142W,0,3.8940063,0.20000000298023224,0.6059701442718506,0.2437218576669693
YPR016C,YBR022W,0,3.8937588,0.19993433356285095,0.6059701442718506,0.2438219040632248
YNL132W,YKL079W,0,3.8934846,0.19986872375011444,0.6059701442718506,0.24392196536064148
YDR224C,YOR244W,1,3.8934445,0.20013123750686646,0.606965184211731,0.24392196536064148
YMR211W,YKL040C,0,3.8930554,0.20006559789180756,0.606965184211731,0.24402201175689697
YGR006W,YCL014W,0,3.8927941,0.20000000298023224,0.606965184211731,0.24412205815315247
YOL095C,YGR118W,0,3.8922312,0.1999344527721405,0.606965184211731,0.24422210454940796
YLR287C-A,YOR175C,0,3.8910022,0.19986893236637115,0.606965184211731,0.24432216584682465
YNL056W,YMR319C,0,3.8909574,0.19980347156524658,0.606965184211731,0.24442221224308014
YPL262W,YDR447C,0,3.890945,0.1997380554676056,0.606965184211731,0.24452225863933563
YNL261W,YKR010C,1,3.890328,0.20000000298023224,0.6079602241516113,0.24452225863933563
YDR137W,YER173W,0,3.8900023,0.19993455708026886,0.6079602241516113,0.24462230503559113
YNL084C,YDR353W,0,3.889811,0.19986915588378906,0.6079602241516113,0.2447223663330078
YLR083C,YJL030W,0,3.8893719,0.19980379939079285,0.6079602241516113,0.2448224127292633
YIL009W,YIR009W,0,3.8893013,0.19973847270011902,0.6079602241516113,0.2449224591255188
YGL089C,YMR043W,0,3.8888671,0.19967320561408997,0.6079602241516113,0.2450225055217743
YCL014W,YMR223W,0,3.8882184,0.1996079683303833,0.6079602241516113,0.24512256681919098
YPL076W,YMR019W,0,3.888029,0.19954277575016022,0.6079602241516113,0.24522261321544647
YHR064C,YMR213W,0,3.8878522,0.1994776427745819,0.6079602241516113,0.24532265961170197
YEL018W,YJR034W,0,3.887742,0.199412539601326,0.6079602241516113,0.24542270600795746
YNL135C,YLL004W,1,3.8868523,0.19967374205589294,0.6089552044868469,0.24542270600795746
YJL081C,YER088C,1,3.8867357,0.19993476569652557,0.6099502444267273,0.24542270600795746
YDR158W,YIR025W,0,3.8859901,0.1998695731163025,0.6099502444267273,0.24552276730537415
YJR140C,YBR195C,1,3.8858204,0.2001303732395172,0.6109452843666077,0.24552276730537415
YDR485C,YHR118C,1,3.8855479,0.2003910094499588,0.611940324306488,0.24552276730537415
YDR420W,YDR472W,0,3.8852744,0.20032572746276855,0.611940324306488,0.24562281370162964
YGL163C,YBR195C,1,3.8845503,0.20058612525463104,0.6129353046417236,0.24562281370162964
YHR061C,YMR313C,0,3.8842869,0.2005208283662796,0.6129353046417236,0.24572286009788513
YNL294C,YBR074W,0,3.8839011,0.20045557618141174,0.6129353046417236,0.24582290649414062
YER083C,YKR094C,0,3.8834352,0.20039036870002747,0.6129353046417236,0.2459229677915573
YHR136C,YJL124C,0,3.8832588,0.20032520592212677,0.6129353046417236,0.2460230141878128
YGR221C,YOR070C,0,3.8831706,0.20026007294654846,0.6129353046417236,0.2461230605840683
YGL170C,YDL054C,0,3.8829665,0.20019499957561493,0.6129353046417236,0.2462231069803238
YIL139C,YOR047C,0,3.8827925,0.20012995600700378,0.6129353046417236,0.24632316827774048
YLL006W,YCR039C,0,3.882679,0.20006495714187622,0.6129353046417236,0.24642321467399597
YDR071C,YKL049C,1,3.8818974,0.2003246694803238,0.613930344581604,0.24642321467399597
YDR128W,YOL151W,0,3.88112,0.20025965571403503,0.613930344581604,0.24652326107025146
YPL271W,YDR150W,0,3.8811188,0.20019467175006866,0.613930344581604,0.24662330746650696
YBR037C,YOR008C,0,3.8808682,0.20012974739074707,0.613930344581604,0.24672336876392365
YDR238C,YNL066W,0,3.8799734,0.20006485283374786,0.613930344581604,0.24682341516017914
YNL302C,YJL029C,0,3.8798614,0.20000000298023224,0.613930344581604,0.24692346155643463
YKL049C,YHL025W,1,3.8796573,0.2002592384815216,0.6149253845214844,0.24692346155643463
YER088C,YMR168C,0,3.879206,0.2001943588256836,0.6149253845214844,0.24702350795269012
YPR067W,YDL105W,0,3.879164,0.20012953877449036,0.6149253845214844,0.24712355434894562
YNL088W,YOR244W,1,3.8784251,0.20038847625255585,0.6159204244613647,0.24712355434894562
YOR045W,YAL024C,0,3.8782992,0.20032362639904022,0.6159204244613647,0.2472236156463623
YKL182W,YHR029C,0,3.8782282,0.20025882124900818,0.6159204244613647,0.2473236620426178
YEL058W,YPL194W,0,3.8778162,0.20019404590129852,0.6159204244613647,0.2474237084388733
YCL001W,YGR234W,0,3.8774223,0.20012933015823364,0.6159204244613647,0.24752375483512878
YGR154C,YNL145W,0,3.8773603,0.20006464421749115,0.6159204244613647,0.24762381613254547
YMR284W,YIR025W,0,3.8772044,0.20000000298023224,0.6159204244613647,0.24772386252880096
YBR095C,YML009C,0,3.8771164,0.1999354064464569,0.6159204244613647,0.24782390892505646
YBR112C,YHR046C,0,3.8750496,0.19987083971500397,0.6159204244613647,0.24792395532131195
YDR347W,YOR308C,0,3.8747487,0.1998063325881958,0.6159204244613647,0.24802401661872864
YIR036C,YOR226C,0,3.874463,0.19974185526371002,0.6159204244613647,0.24812406301498413
YLR029C,YJR082C,0,3.874452,0.19967742264270782,0.6159204244613647,0.24822410941123962
YMR282C,YJL219W,0,3.8742647,0.1996130347251892,0.6159204244613647,0.24832415580749512
YHR099W,YLL027W,0,3.873786,0.19954867660999298,0.6159204244613647,0.2484242171049118
YKR088C,YDR470C,0,3.8736522,0.19948436319828033,0.6159204244613647,0.2485242635011673
YGL026C,YEL054C,0,3.8726487,0.19942010939121246,0.6159204244613647,0.2486243098974228
YBL063W,YBL023C,0,3.8723986,0.1993558704853058,0.6159204244613647,0.24872435629367828
YNL032W,YMR033W,0,3.872326,0.19929169118404388,0.6159204244613647,0.24882441759109497
YOR145C,YER139C,0,3.8717313,0.19922755658626556,0.6159204244613647,0.24892446398735046
YER063W,YMR035W,0,3.8706727,0.19916345179080963,0.6159204244613647,0.24902451038360596
YNL263C,YNR041C,0,3.8702111,0.19909939169883728,0.6159204244613647,0.24912455677986145
YOR323C,YCL029C,0,3.8697925,0.1990353763103485,0.6159204244613647,0.24922461807727814
YNL218W,YKL062W,0,3.8697844,0.19897139072418213,0.6159204244613647,0.24932466447353363
YPL099C,YLR277C,0,3.8694654,0.19890744984149933,0.6159204244613647,0.24942471086978912
YER055C,YMR115W,0,3.8689842,0.1988435536623001,0.6159204244613647,0.24952475726604462
YOL012C,YMR127C,1,3.8679895,0.19910083711147308,0.6169154047966003,0.24952475726604462
YFR037C,YBR231C,1,3.8672786,0.19935794174671173,0.6179104447364807,0.24952475726604462
YJR118C,YLR015W,0,3.8668156,0.19929397106170654,0.6179104447364807,0.2496248185634613
YOR142W,YPR046W,0,3.8666265,0.19923003017902374,0.6179104447364807,0.2497248649597168
YKL034W,YMR097C,0,3.8665652,0.19916613399982452,0.6179104447364807,0.2498249113559723
YLR385C,YGR002C,1,3.866013,0.1994228959083557,0.6189054846763611,0.2498249113559723
YKL166C,YIL027C,0,3.8657777,0.1993589699268341,0.6189054846763611,0.24992495775222778
YDR242W,YBR218C,0,3.8655396,0.19929510354995728,0.6189054846763611,0.2500250041484833
YDR347W,YBR101C,0,3.8651052,0.19923126697540283,0.6189054846763611,0.25012505054473877
YOL006C,YLR095C,1,3.8645878,0.19948767125606537,0.6199005246162415,0.25012505054473877
YCL001W,YJR068W,0,3.8644466,0.19942381978034973,0.6199005246162415,0.25022512674331665
YOR071C,YFR033C,0,3.864282,0.19935999810695648,0.6199005246162415,0.25032517313957214
YDL054C,YHR206W,0,3.8635452,0.19929622113704681,0.6199005246162415,0.25042521953582764
YBR283C,YHL015W,0,3.863304,0.19923248887062073,0.6199005246162415,0.25052526593208313
YOR175C,YOL129W,0,3.8628654,0.19916880130767822,0.6199005246162415,0.2506253123283386
YDR375C,YBR207W,0,3.8616138,0.1991051435470581,0.6199005246162415,0.2507253587245941
YDR158W,YOL032W,0,3.861463,0.19904153048992157,0.6199005246162415,0.2508254051208496
YER120W,YDR263C,0,3.8612995,0.19897796213626862,0.6199005246162415,0.2509254515171051
YMR180C,YBR189W,0,3.8610826,0.19891443848609924,0.6199005246162415,0.2510254979133606
YLR449W,YCL061C,1,3.861052,0.19917012751102448,0.620895504951477,0.2510254979133606
YGR101W,YER089C,0,3.8610215,0.19910657405853271,0.620895504951477,0.2511255741119385
YBR240C,YKR097W,0,3.8608093,0.19904306530952454,0.620895504951477,0.25122562050819397
YBR010W,YER030W,1,3.8603892,0.19929847121238708,0.6218905448913574,0.25122562050819397
YER149C,YJL062W,0,3.8582678,0.19923493266105652,0.6218905448913574,0.25132566690444946
YOR016C,YFL038C,0,3.8580968,0.19917145371437073,0.6218905448913574,0.25142571330070496
YGL135W,YMR218C,0,3.8574498,0.19910798966884613,0.6218905448913574,0.25152575969696045
YIL020C,YBR074W,0,3.8569453,0.1990445852279663,0.6218905448913574,0.25162580609321594
YML127W,YOR304W,1,3.8560867,0.19929958879947662,0.6228855848312378,0.25162580609321594
YMR213W,YLR165C,0,3.8556461,0.19923615455627441,0.6228855848312378,0.25172585248947144
YKL015W,YJL056C,0,3.855414,0.1991727650165558,0.6228855848312378,0.25182589888572693
YMR143W,YBL047C,0,3.8552797,0.19910942018032074,0.6228855848312378,0.2519259750843048
YMR264W,YOL067C,0,3.855173,0.19904610514640808,0.6228855848312378,0.2520260214805603
YNL088W,YCR020W-B,1,3.8550768,0.19930070638656616,0.6238806247711182,0.2520260214805603
YDL015C,YER120W,0,3.85466,0.19923736155033112,0.6238806247711182,0.2521260678768158
YGL051W,YMR043W,0,3.854403,0.19917407631874084,0.6238806247711182,0.2522261142730713
YBR281C,YDL137W,0,3.8540335,0.19911083579063416,0.6238806247711182,0.2523261606693268
YCL018W,YIL094C,0,3.8537717,0.19904762506484985,0.6238806247711182,0.2524262070655823
YIL004C,YJR046W,0,3.8535056,0.19898444414138794,0.6238806247711182,0.25252625346183777
YOL018C,YAL031C,0,3.8534267,0.1989213228225708,0.6238806247711182,0.25262629985809326
YML021C,YOL030W,0,3.8523223,0.19885823130607605,0.6238806247711182,0.25272637605667114
YJL213W,YDR064W,0,3.8519208,0.19879518449306488,0.6238806247711182,0.25282642245292664
YDL082W,YKR014C,0,3.8518264,0.1987321674823761,0.6238806247711182,0.25292646884918213
YBR119W,YJR139C,0,3.8515143,0.1986691951751709,0.6238806247711182,0.2530265152454376
YKL166C,YOL145C,0,3.850821,0.19860626757144928,0.6238806247711182,0.2531265616416931
YDR098C,YAR018C,0,3.8506174,0.19854338467121124,0.6238806247711182,0.2532266080379486
YLR357W,YML127W,1,3.8500352,0.1987970918416977,0.6248756051063538,0.2532266080379486
YFL049W,YJL115W,1,3.8489218,0.199050635099411,0.6258706450462341,0.2532266080379486
YCL034W,YHR117W,0,3.8484507,0.1989876627922058,0.6258706450462341,0.2533266544342041
YOL139C,YDR197W,0,3.8482313,0.1989247351884842,0.6258706450462341,0.2534267008304596
YDR457W,YOL108C,0,3.8480797,0.19886183738708496,0.6258706450462341,0.2535267770290375
YDL042C,YJL127C,1,3.8480716,0.19911503791809082,0.6268656849861145,0.2535267770290375
YEL051W,YJR092W,0,3.847871,0.1990521401166916,0.6268656849861145,0.25362682342529297
YGL037C,YDR461W,0,3.8478265,0.19898925721645355,0.6268656849861145,0.25372686982154846
YBR278W,YGL213C,0,3.8476877,0.1989264339208603,0.6268656849861145,0.25382691621780396
YBR211C,YJL194W,0,3.8474479,0.19886364042758942,0.6268656849861145,0.25392696261405945
YNL232W,YDR410C,0,3.8472905,0.19880087673664093,0.6268656849861145,0.25402700901031494
YMR044W,YGL207W,1,3.8470778,0.19905363023281097,0.6278607249259949,0.25402700901031494
YGR204W,YHR207C,0,3.8468275,0.1989908516407013,0.6278607249259949,0.25412705540657043
YIL125W,YFL017W-A,0,3.8463526,0.1989281177520752,0.6278607249259949,0.2542271018028259
YIL030C,YKL126W,0,3.8463016,0.19886542856693268,0.6278607249259949,0.2543271780014038
YAL034W-A,YDR312W,0,3.8462067,0.19880276918411255,0.6278607249259949,0.2544272243976593
YLR448W,YHR207C,0,3.8460085,0.198740154504776,0.6278607249259949,0.2545272707939148
YBR009C,YBR112C,1,3.8455515,0.19899244606494904,0.6288557052612305,0.2545272707939148
YER013W,YDR298C,0,3.8451924,0.1989298015832901,0.6288557052612305,0.2546273171901703
YNL031C,YOL017W,1,3.8442945,0.19918186962604523,0.6298507452011108,0.2546273171901703
YKL010C,YLR285W,0,3.8440528,0.1991192251443863,0.6298507452011108,0.2547273635864258
YDL047W,YJL094C,0,3.843309,0.19905661046504974,0.6298507452011108,0.2548274099826813
YGL083W,YBR074W,0,3.8430665,0.19899402558803558,0.6298507452011108,0.25492745637893677
YGL207W,YOR279C,1,3.842958,0.19924575090408325,0.6308457851409912,0.25492745637893677
YLR328W,YLR299W,0,3.8427157,0.1991831660270691,0.6308457851409912,0.25502750277519226
YIL042C,YPR131C,0,3.8426566,0.19912059605121613,0.6308457851409912,0.25512754917144775
YOR076C,YNR067C,0,3.8424292,0.19905808568000793,0.6308457851409912,0.25522762537002563
YBR198C,YDR310C,1,3.84217,0.19930948317050934,0.6318408250808716,0.25522762537002563
YJR042W,YPL078C,0,3.8420725,0.19924694299697876,0.6318408250808716,0.25532767176628113
YPL059W,YBL034C,0,3.8417547,0.19918444752693176,0.6318408250808716,0.2554277181625366
YGR138C,YPL090C,0,3.841335,0.19912198185920715,0.6318408250808716,0.2555277645587921
YEL030W,YBR087W,0,3.8412976,0.19905956089496613,0.6318408250808716,0.2556278109550476
YFR001W,YOR177C,0,3.8408308,0.19899718463420868,0.6318408250808716,0.2557278573513031
YHR057C,YHR206W,0,3.8406458,0.19893483817577362,0.6318408250808716,0.2558279037475586
YBR254C,YOR066W,0,3.8405895,0.19887253642082214,0.6318408250808716,0.2559279501438141
YGL133W,YGL207W,1,3.8402495,0.199123352766037,0.6328358054161072,0.2559279501438141
YCR093W,YDL195W,0,3.8397098,0.19906103610992432,0.6328358054161072,0.25602802634239197
YJR155W,YLR306W,0,3.8396091,0.19899874925613403,0.6328358054161072,0.25612807273864746
YJR005W,YBR208C,0,3.8394268,0.19893650710582733,0.6328358054161072,0.25622811913490295
YEL012W,YPL183C,0,3.8393302,0.19887429475784302,0.6328358054161072,0.25632816553115845
YOR209C,YBL047C,0,3.8383832,0.19881212711334229,0.6328358054161072,0.25642821192741394
YGR046W,YNL185C,0,3.8381674,0.19875000417232513,0.6328358054161072,0.25652825832366943
YAL011W,YOR270C,0,3.8380737,0.19868791103363037,0.6328358054161072,0.2566283047199249
YLR107W,YKL032C,0,3.8371155,0.1986258625984192,0.6328358054161072,0.2567283511161804
YGL123W,YLR038C,0,3.837032,0.1985638439655304,0.6328358054161072,0.2568284273147583
YJL133W,YDR419W,0,3.8368037,0.19850187003612518,0.6328358054161072,0.2569284737110138
YDR320C,YML095C,0,3.8367836,0.19843994081020355,0.6328358054161072,0.2570285201072693
YDL220C,YGR271W,0,3.8365192,0.1983780413866043,0.6328358054161072,0.2571285665035248
YER120W,YMR296C,0,3.8363423,0.19831618666648865,0.6328358054161072,0.2572286128997803
YPL011C,YBR088C,1,3.8362896,0.19856607913970947,0.6338308453559875,0.2572286128997803
YDR111C,YBR118W,0,3.8359466,0.19850420951843262,0.6338308453559875,0.25732865929603577
YER093C,YKL002W,0,3.835852,0.19844236969947815,0.6338308453559875,0.25742870569229126
YFR032C-A,YPL060W,0,3.835762,0.19838055968284607,0.6338308453559875,0.25752875208854675
YPL200W,YLL035W,0,3.835611,0.19831880927085876,0.6338308453559875,0.25762882828712463
YOL135C,YLR214W,0,3.835567,0.19825707376003265,0.6338308453559875,0.2577288746833801
YER164W,YDR135C,0,3.83498,0.19819539785385132,0.6338308453559875,0.2578289210796356
YDR437W,YLR014C,0,3.8348403,0.19813375174999237,0.6338308453559875,0.2579289674758911
YMR016C,YOR247W,0,3.8347774,0.1980721354484558,0.6338308453559875,0.2580290138721466
YMR200W,YIL035C,0,3.834303,0.19801056385040283,0.6338308453559875,0.2581290602684021
YDR435C,YLR364W,0,3.83372,0.19794903695583344,0.6338308453559875,0.2582291066646576
YKL185W,YNR010W,0,3.8336122,0.19788753986358643,0.6338308453559875,0.2583291530609131
YOR074C,YBR084W,0,3.8333879,0.197826087474823,0.6338308453559875,0.25842922925949097
YDR479C,YIL051C,0,3.8333511,0.19776466488838196,0.6338308453559875,0.25852927565574646
YCR092C,YDR358W,0,3.8332996,0.1977032870054245,0.6338308453559875,0.25862932205200195
YPL082C,YML041C,0,3.8329163,0.19764195382595062,0.6338308453559875,0.25872936844825745
YHR031C,YCR005C,0,3.8329127,0.19758065044879913,0.6338308453559875,0.25882941484451294
YDR457W,YOR253W,0,3.8328717,0.19751937687397003,0.6338308453559875,0.25892946124076843
YHR119W,YMR190C,1,3.8320956,0.19776813685894012,0.6348258852958679,0.25892946124076843
YML012W,YPL083C,0,3.8314602,0.19770684838294983,0.6348258852958679,0.2590295076370239
YKL160W,YJL127C,1,3.8314195,0.19795538485050201,0.6358209252357483,0.2590295076370239
YHR179W,YJL156C,0,3.831345,0.19789408147335052,0.6358209252357483,0.2591295540332794
YNL085W,YHR109W,0,3.8311226,0.19783282279968262,0.6358209252357483,0.2592296004295349
YGR061C,YLR201C,0,3.83043,0.1977715939283371,0.6358209252357483,0.2593296766281128
YDL060W,YCR096C,0,3.8297722,0.19771039485931396,0.6358209252357483,0.2594297230243683
YJR045C,YJR102C,0,3.8297553,0.19764924049377441,0.6358209252357483,0.2595297694206238
YDR225W,YBR112C,1,3.829391,0.19789734482765198,0.6368159055709839,0.2595297694206238
YGR061C,YOL030W,0,3.829098,0.19783616065979004,0.6368159055709839,0.2596298158168793
YCR094W,YMR313C,0,3.829039,0.19777503609657288,0.6368159055709839,0.25972986221313477
YDR478W,YNL094W,0,3.8286397,0.1977139264345169,0.6368159055709839,0.25982990860939026
YDR145W,YOL004W,1,3.8279846,0.1979617029428482,0.6378109455108643,0.25982990860939026
YPL106C,YBL022C,0,3.8279564,0.19790059328079224,0.6378109455108643,0.25992995500564575
YLR350W,YGR058W,0,3.8277774,0.19783951342105865,0.6378109455108643,0.26003000140190125
YNL291C,YHR186C,0,3.827632,0.19777846336364746,0.6378109455108643,0.2601300776004791
YLR357W,YBR089C-A,1,3.8271775,0.1980259120464325,0.6388059854507446,0.2601300776004791
YMR284W,YKR010C,1,3.827168,0.1982731968164444,0.6398009657859802,0.2601300776004791
YPL117C,YIL006W,0,3.8271189,0.19821208715438843,0.6398009657859802,0.2602301239967346
YDR013W,YGL243W,0,3.8270986,0.19815100729465485,0.6398009657859802,0.2603301703929901
YKL203C,YPL099C,0,3.8268633,0.19808995723724365,0.6398009657859802,0.2604302167892456
YPL112C,YOL109W,0,3.8267756,0.19802895188331604,0.6398009657859802,0.2605302631855011
YGL127C,YIL079C,0,3.8267577,0.19796797633171082,0.6398009657859802,0.2606303095817566
YDR512C,YBL030C,0,3.8263054,0.19790704548358917,0.6398009657859802,0.2607303559780121
YJR138W,YER008C,0,3.8260517,0.1978461593389511,0.6398009657859802,0.2608304023742676
YOR358W,YLR228C,0,3.8260427,0.19778530299663544,0.6398009657859802,0.26093047857284546
YER149C,YDR309C,0,3.825977,0.19772447645664215,0.6398009657859802,0.26103052496910095
YMR137C,YML041C,0,3.8256242,0.19766369462013245,0.6398009657859802,0.26113057136535645
YDR485C,YBR009C,1,3.825482,0.19791026413440704,0.6407960057258606,0.26113057136535645
YJL060W,YJL158C,0,3.8253973,0.19784946739673615,0.6407960057258606,0.26123061776161194
YOL104C,YHR011W,0,3.8251064,0.19778870046138763,0.6407960057258606,0.26133066415786743
YNL301C,YMR043W,0,3.8247724,0.1977279633283615,0.6407960057258606,0.2614307105541229
YDR437W,YDR219C,0,3.824596,0.19766728579998016,0.6407960057258606,0.2615307569503784
YLR075W,YBR182C,0,3.8245225,0.19760662317276,0.6407960057258606,0.2616308033466339
YKL165C,YMR004W,0,3.8239026,0.19754600524902344,0.6407960057258606,0.2617308795452118
YJR108W,YIL094C,0,3.8222656,0.19748543202877045,0.6407960057258606,0.2618309259414673
YOL111C,YJR092W,0,3.8221588,0.19742488861083984,0.6407960057258606,0.2619309723377228
YDL042C,YMR239C,1,3.8212504,0.1976708620786667,0.641791045665741,0.2619309723377228
YOR045W,YGR063C,0,3.8209052,0.1976102888584137,0.641791045665741,0.26203101873397827
YBR205W,YPL214C,0,3.8206394,0.19754977524280548,0.641791045665741,0.26213106513023376
YPL254W,YOR070C,0,3.820343,0.19748927652835846,0.641791045665741,0.26223111152648926
YDR524C,YKL190W,0,3.8203354,0.1974288374185562,0.641791045665741,0.26233115792274475
YGL095C,YGR063C,0,3.8198218,0.19736842811107635,0.641791045665741,0.26243120431900024
YOL012C,YIL131C,1,3.819501,0.19761395454406738,0.6427860856056213,0.26243120431900024
YFR050C,YDL056W,0,3.819439,0.19755351543426514,0.6427860856056213,0.2625312805175781
YBR009C,YCL051W,0,3.8183699,0.19749312102794647,0.6427860856056213,0.2626313269138336
YJL054W,YBR038W,0,3.8180683,0.1974327564239502,0.6427860856056213,0.2627313733100891
YGL206C,YOL132W,0,3.8179846,0.1973724365234375,0.6427860856056213,0.2628314197063446
YJR052W,YPR042C,0,3.8177934,0.1973121613264084,0.6427860856056213,0.2629314661026001
YNL218W,YGR034W,0,3.81774,0.19725190103054047,0.6427860856056213,0.2630315124988556
YLR448W,YBR241C,0,3.8176332,0.19719170033931732,0.6427860856056213,0.2631315588951111
YNL307C,YOL007C,0,3.817122,0.19713152945041656,0.6427860856056213,0.2632316052913666
YCL057W,YIL018W,0,3.816461,0.1970713883638382,0.6427860856056213,0.26333165168762207
YPR034W,YGR275W,1,3.8160238,0.1973162591457367,0.6437810659408569,0.26333165168762207
YNL223W,YLR096W,0,3.8151605,0.19725610315799713,0.6437810659408569,0.26343172788619995
YMR076C,YLR172C,0,3.8146482,0.19719597697257996,0.6437810659408569,0.26353177428245544
YMR008C,YFL001W,0,3.8137755,0.19713589549064636,0.6437810659408569,0.26363182067871094
YDL055C,YGL241W,0,3.813694,0.19707584381103516,0.6437810659408569,0.26373186707496643
YGR072W,YNL153C,0,3.813555,0.19701583683490753,0.6437810659408569,0.2638319134712219
YMR056C,YJL005W,0,3.812939,0.1969558596611023,0.6437810659408569,0.2639319598674774
YLR385C,YOL017W,1,3.812923,0.1972002387046814,0.6447761058807373,0.2639319598674774
YML065W,YBL003C,1,3.812824,0.19744448363780975,0.6457711458206177,0.2639319598674774
YBR036C,YKL194C,0,3.8127608,0.19738443195819855,0.6457711458206177,0.2640320062637329
YHR056C,YBL052C,1,3.8121395,0.197628453373909,0.646766185760498,0.2640320062637329
YHR129C,YOR020C,0,3.8118143,0.1975683867931366,0.646766185760498,0.2641320526599884
YOR086C,YOR221C,0,3.81134,0.19750835001468658,0.646766185760498,0.2642321288585663
YDR375C,YDR252W,0,3.8112469,0.19744835793972015,0.646766185760498,0.2643321752548218
YOL032W,YDR120C,0,3.811022,0.1973883956670761,0.646766185760498,0.26443222165107727
YKR009C,YGL040C,0,3.8106184,0.19732847809791565,0.646766185760498,0.26453226804733276
YMR044W,YHL025W,1,3.8101544,0.19757208228111267,0.6477611660957336,0.26453226804733276
YIL156W,YDR438W,0,3.8097994,0.19751213490962982,0.6477611660957336,0.26463231444358826
YFR052W,YNL070W,0,3.809579,0.19745223224163055,0.6477611660957336,0.26473236083984375
YBR196C,YER061C,0,3.8095493,0.19739235937595367,0.6477611660957336,0.26483240723609924
YLR109W,YER101C,0,3.8095489,0.19733253121376038,0.6477611660957336,0.26493245363235474
YKL144C,YLR306W,0,3.8088765,0.19727273285388947,0.6477611660957336,0.2650325298309326
YFR049W,YPL004C,0,3.8088143,0.19721296429634094,0.6477611660957336,0.2651325762271881
YGR056W,YLR095C,1,3.8088093,0.19745609164237976,0.648756206035614,0.2651325762271881
YMR016C,YAL041W,0,3.808347,0.19739630818367004,0.648756206035614,0.2652326226234436
YGR276C,YPL065W,0,3.8082292,0.19733655452728271,0.648756206035614,0.2653326690196991
YGL135W,YFR030W,0,3.8080132,0.19727686047554016,0.648756206035614,0.2654327154159546
YDL008W,YJR118C,0,3.8077703,0.1972171813249588,0.648756206035614,0.2655327618122101
YBR091C,YML034W,0,3.8076916,0.19715754687786102,0.648756206035614,0.2656328082084656
YDR372C,YDR158W,0,3.8068876,0.19709794223308563,0.648756206035614,0.26573285460472107
YPR102C,YOL086C,0,3.8060677,0.19703838229179382,0.648756206035614,0.26583293080329895
YDR356W,YGR029W,0,3.805543,0.1969788521528244,0.648756206035614,0.26593297719955444
YOR067C,YDR518W,0,3.8054047,0.19691936671733856,0.648756206035614,0.26603302359580994
YDR482C,YOR224C,0,3.8041642,0.19685989618301392,0.648756206035614,0.26613306999206543
YPL011C,YJL127C,1,3.8040824,0.19710232317447662,0.6497512459754944,0.26613306999206543
YER099C,YPL269W,0,3.8040376,0.19704285264015198,0.6497512459754944,0.2662331163883209
YHL011C,YDR207C,0,3.803968,0.19698341190814972,0.6497512459754944,0.2663331627845764
YMR284W,YNL206C,1,3.8039062,0.19722557067871094,0.6507462859153748,0.2663331627845764
YPR018W,YNL206C,1,3.8037412,0.1974675953388214,0.6517412662506104,0.2663331627845764
YGL136C,YCR077C,0,3.803631,0.19740808010101318,0.6517412662506104,0.2664332091808319
YGL035C,YHR070W,0,3.8035564,0.19734859466552734,0.6517412662506104,0.2665332555770874
YEL038W,YLR427W,0,3.8020978,0.19728915393352509,0.6517412662506104,0.2666333019733429
YLR102C,YBR282W,0,3.801475,0.19722974300384521,0.6517412662506104,0.2667333781719208
YBR003W,YDR243C,0,3.8012786,0.19717037677764893,0.6517412662506104,0.26683342456817627
YGL058W,YIL013C,0,3.7995481,0.19711104035377502,0.6517412662506104,0.26693347096443176
YKL178C,YLR009W,0,3.7984781,0.1970517486333847,0.6517412662506104,0.26703351736068726
YIR005W,YBR150C,0,3.798359,0.19699248671531677,0.6517412662506104,0.26713356375694275
YPL085W,YDR511W,0,3.7974863,0.19693325459957123,0.6517412662506104,0.26723361015319824
YMR273C,YDR103W,0,3.7962117,0.19687406718730927,0.6517412662506104,0.26733365654945374
YBR009C,YBL006C,1,3.7932134,0.19711539149284363,0.6527363061904907,0.26733365654945374
YDL179W,YDR378C,0,3.792344,0.19705617427825928,0.6527363061904907,0.26743370294570923
YER029C,YDL198C,0,3.7920027,0.1969970017671585,0.6527363061904907,0.2675337791442871
YMR239C,YBR195C,1,3.7918153,0.19723807275295258,0.6537313461303711,0.2675337791442871
YKL138C,YDR045C,0,3.7913728,0.19717887043952942,0.6537313461303711,0.2676338255405426
YKL095W,YKR052C,0,3.7913203,0.19711971282958984,0.6537313461303711,0.2677338719367981
YNL293W,YGR056W,0,3.790394,0.19706058502197266,0.6537313461303711,0.2678339183330536
YCL018W,YMR063W,0,3.7903068,0.19700150191783905,0.6537313461303711,0.2679339647293091
YIL069C,YGL139W,0,3.7896562,0.19694244861602783,0.6537313461303711,0.2680340111255646
YER050C,YOR189W,0,3.7890954,0.196883425116539,0.6537313461303711,0.26813405752182007
YLR350W,YER063W,0,3.788928,0.19682444632053375,0.6537313461303711,0.26823410391807556
YPR120C,YNL016W,0,3.7889094,0.1967654973268509,0.6537313461303711,0.26833418011665344
YIL007C,YLR098C,0,3.7888627,0.1967065930366516,0.6537313461303711,0.26843422651290894
YLR377C,YPL198W,0,3.7879248,0.19664770364761353,0.6537313461303711,0.26853427290916443
YFR032C-A,YPL172C,0,3.7871118,0.19658887386322021,0.6537313461303711,0.2686343193054199
YBR181C,YOR227W,0,3.7870846,0.1965300589799881,0.6537313461303711,0.2687343657016754
YDR108W,YPR108W,0,3.7869077,0.19647128880023956,0.6537313461303711,0.2688344120979309
YBL088C,YIL056W,0,3.7866426,0.1964125633239746,0.6537313461303711,0.2689344584941864
YKL132C,YML081C-A,0,3.786087,0.19635385274887085,0.6537313461303711,0.2690345048904419
YGR221C,YJL127C,1,3.785851,0.1965939700603485,0.6547263860702515,0.2690345048904419
YBR223C,YBR038W,0,3.7857313,0.19653524458408356,0.6547263860702515,0.2691345810890198
YGL133W,YDR145W,1,3.784754,0.1967751532793045,0.6557213664054871,0.2691345810890198
YIL072W,YDL111C,0,3.784686,0.19671641290187836,0.6557213664054871,0.26923462748527527
YPL198W,YLR427W,0,3.7846334,0.1966577172279358,0.6557213664054871,0.26933467388153076
YJR009C,YOL055C,0,3.7840886,0.1965990513563156,0.6557213664054871,0.26943472027778625
YHR056C,YCR020W-B,1,3.7830355,0.1968386471271515,0.6567164063453674,0.26943472027778625
YDR253C,YFR037C,0,3.7824798,0.19677996635437012,0.6567164063453674,0.26953476667404175
YMR109W,YOR334W,0,3.7815228,0.19672131538391113,0.6567164063453674,0.26963481307029724
YJR153W,YLR176C,0,3.7813296,0.19666269421577454,0.6567164063453674,0.26973485946655273
YJL165C,YNR033W,0,3.781209,0.19660411775112152,0.6567164063453674,0.2698349058628082
YNL006W,YPR161C,0,3.7808003,0.1965455561876297,0.6567164063453674,0.2699349820613861
YAL043C,YDR110W,0,3.780575,0.19648705422878265,0.6567164063453674,0.2700350284576416
YNL294C,YOR158W,0,3.7794132,0.1964285671710968,0.6567164063453674,0.2701350748538971
YOR180C,YHL004W,0,3.7787042,0.19637012481689453,0.6567164063453674,0.2702351212501526
YJR032W,YNR035C,0,3.778355,0.19631171226501465,0.6567164063453674,0.2703351676464081
YLR384C,YIL135C,0,3.7778862,0.19625334441661835,0.6567164063453674,0.2704352140426636
YCL044C,YLL061W,0,3.7777853,0.19619500637054443,0.6567164063453674,0.27053526043891907
YJL097W,YGR070W,0,3.7777462,0.1961366981267929,0.6567164063453674,0.27063530683517456
YDL140C,YMR033W,1,3.7776232,0.1963755190372467,0.6577114462852478,0.27063530683517456
YBR245C,YGL194C,1,3.776967,0.19661419093608856,0.6587064862251282,0.27063530683517456
YOR219C,YDR320C,0,3.7769156,0.19655582308769226,0.6587064862251282,0.27073535323143005
YLR004C,YKL081W,0,3.776734,0.19649747014045715,0.6587064862251282,0.27083542943000793
YDR320C,YOL142W,0,3.7764952,0.19643916189670563,0.6587064862251282,0.2709354758262634
YLR357W,YML069W,1,3.7760658,0.1966775506734848,0.6597014665603638,0.2709354758262634
YBL047C,YPL244C,0,3.7758646,0.1966192126274109,0.6597014665603638,0.2710355222225189
YBL060W,YBR240C,0,3.7758365,0.19656091928482056,0.6597014665603638,0.2711355686187744
YER102W,YDL137W,0,3.7758205,0.1965026706457138,0.6597014665603638,0.2712356150150299
YMR276W,YML127W,0,3.7755885,0.19644445180892944,0.6597014665603638,0.2713356614112854
YOR359W,YMR133W,0,3.775368,0.19638626277446747,0.6597014665603638,0.2714357078075409
YER095W,YOR143C,0,3.7751431,0.19632810354232788,0.6597014665603638,0.2715357542037964
YPR118W,YGL107C,0,3.7740242,0.19626998901367188,0.6597014665603638,0.27163583040237427
YML071C,YER008C,0,3.7731047,0.19621190428733826,0.6597014665603638,0.27173587679862976
YBL021C,YIL123W,0,3.7730052,0.19615384936332703,0.6597014665603638,0.27183592319488525
YMR071C,YPR194C,0,3.7729301,0.19609582424163818,0.6597014665603638,0.27193596959114075
YDL105W,YHL025W,1,3.7723389,0.19633352756500244,0.6606965065002441,0.27193596959114075
YCR093W,YER115C,0,3.7723088,0.1962755024433136,0.6606965065002441,0.27203601598739624
YCR098C,YDR451C,0,3.772138,0.19621749222278595,0.6606965065002441,0.27213606238365173
YGR221C,YKR010C,1,3.7719648,0.1964549422264099,0.6616915464401245,0.27213606238365173
YDL154W,YOR253W,0,3.7717104,0.19639693200588226,0.6616915464401245,0.2722361087799072
YOL006C,YDR155C,1,3.7708712,0.1966341882944107,0.6626865863800049,0.2722361087799072
YLR085C,YPR034W,1,3.770778,0.1968713104724884,0.6636815667152405,0.2722361087799072
YMR026C,YER129W,0,3.770296,0.19681322574615479,0.6636815667152405,0.2723361551761627
YDR392W,YDR011W,0,3.7699533,0.19675515592098236,0.6636815667152405,0.2724362313747406
YDL015C,YPL097W,0,3.7694879,0.1966971457004547,0.6636815667152405,0.2725362777709961
YBL056W,YER007W,0,3.7693973,0.19663915038108826,0.6636815667152405,0.2726363241672516
YCR065W,YOL151W,0,3.7690678,0.19658119976520538,0.6636815667152405,0.2727363705635071
YBR188C,YAL062W,0,3.768786,0.1965232789516449,0.6636815667152405,0.2728364169597626
YDR121W,YFL021W,0,3.7687764,0.1964653879404068,0.6636815667152405,0.27293646335601807
YKL174C,YKR062W,0,3.7687745,0.19640754163265228,0.6636815667152405,0.27303650975227356
YDR520C,YDR441C,0,3.7686996,0.19634972512722015,0.6636815667152405,0.27313655614852905
YIL026C,YNR060W,0,3.7686687,0.1962919384241104,0.6636815667152405,0.27323663234710693
YLR100W,YKL006C-A,0,3.7685385,0.19623418152332306,0.6636815667152405,0.2733366787433624
YDR395W,YOL149W,0,3.76853,0.1961764693260193,0.6636815667152405,0.2734367251396179
YOL071W,YOR217W,0,3.7684708,0.1961187869310379,0.6636815667152405,0.2735367715358734
YKR103W,YBR187W,0,3.7671447,0.1960611343383789,0.6636815667152405,0.2736368179321289
YMR177W,YPL101W,0,3.766377,0.1960035264492035,0.6636815667152405,0.2737368643283844
YLR247C,YNL101W,0,3.7654033,0.19594594836235046,0.6636815667152405,0.2738369107246399
YIL004C,YOR233W,0,3.7653716,0.19588840007781982,0.6636815667152405,0.2739369571208954
YPL221W,YDR487C,0,3.764711,0.19583088159561157,0.6636815667152405,0.27403703331947327
YOR261C,YLL051C,0,3.7638443,0.1957734078168869,0.6636815667152405,0.27413707971572876
YGR101W,YOR008C,0,3.7637854,0.19571596384048462,0.6636815667152405,0.27423712611198425
YKL183W,YDR243C,0,3.763317,0.19565854966640472,0.6636815667152405,0.27433717250823975
YPR095C,YDR497C,0,3.76325,0.1956011801958084,0.6636815667152405,0.27443721890449524
YDR190C,YKL110C,0,3.763086,0.1955438256263733,0.6636815667152405,0.27453726530075073
YGR029W,YLR370C,0,3.7614923,0.19548651576042175,0.6636815667152405,0.2746373116970062
YML074C,YPL083C,0,3.7611766,0.1954292356967926,0.6636815667152405,0.2747373580932617
YNL055C,YKR007W,0,3.7611103,0.19537200033664703,0.6636815667152405,0.2748374044895172
YPR135W,YDR120C,0,3.7606244,0.19531479477882385,0.6636815667152405,0.2749374806880951
YCR028C,YBR081C,0,3.7605307,0.19525760412216187,0.6636815667152405,0.2750375270843506
YLR055C,YBR009C,1,3.7578466,0.19549311697483063,0.6646766066551208,0.2750375270843506
YLR079W,YDR103W,0,3.7577136,0.19543592631816864,0.6646766066551208,0.2751375734806061
YGL021W,YPL214C,0,3.7570014,0.19537876546382904,0.6646766066551208,0.2752376198768616
YER164W,YPR018W,1,3.7568774,0.1956140398979187,0.6656716465950012,0.2752376198768616
YDL085W,YBR081C,0,3.7568488,0.1955568492412567,0.6656716465950012,0.27533766627311707
YER176W,YOR217W,0,3.7566404,0.1954997032880783,0.6656716465950012,0.27543771266937256
YHR206W,YJR083C,0,3.756588,0.1954425871372223,0.6656716465950012,0.27553775906562805
YNL044W,YLR259C,0,3.7560399,0.19538551568984985,0.6656716465950012,0.27563780546188354
YOR086C,YEL061C,0,3.7551153,0.1953284740447998,0.6656716465950012,0.2757378816604614
YFL049W,YER012W,0,3.7544217,0.19527144730091095,0.6656716465950012,0.2758379280567169
YGL213C,YDR376W,0,3.7540889,0.19521448016166687,0.6656716465950012,0.2759379744529724
YKL165C,YBR237W,0,3.753852,0.19515752792358398,0.6656716465950012,0.2760380208492279
YJL026W,YIL033C,0,3.7538276,0.1951006054878235,0.6656716465950012,0.2761380672454834
YIL090W,YLL031C,0,3.7531393,0.19504372775554657,0.6656716465950012,0.2762381136417389
YHR090C,YGR076C,0,3.7531083,0.19498687982559204,0.6656716465950012,0.2763381600379944
YNL297C,YDR108W,0,3.7527137,0.1949300765991211,0.6656716465950012,0.2764382064342499
YKL079W,YOR377W,0,3.7524283,0.19487328827381134,0.6656716465950012,0.27653828263282776
YKR028W,YER031C,0,3.7521822,0.19481654465198517,0.6656716465950012,0.27663832902908325
YOR129C,YOL136C,0,3.7521415,0.19475983083248138,0.6656716465950012,0.27673837542533875
YML032C,YMR264W,0,3.7521014,0.1947031468153,0.6656716465950012,0.27683842182159424
YPR119W,YIL035C,0,3.7519245,0.19464649260044098,0.6656716465950012,0.27693846821784973
YHL040C,YOR288C,0,3.7517128,0.19458988308906555,0.6656716465950012,0.2770385146141052
YPL116W,YKL026C,0,3.7507086,0.19453328847885132,0.6656716465950012,0.2771385610103607
YDR532C,YBL014C,0,3.7502632,0.19447673857212067,0.6656716465950012,0.2772386074066162
YIL005W,YJR082C,0,3.7499394,0.1944202333688736,0.6656716465950012,0.2773386836051941
YHR103W,YBR005W,0,3.7492247,0.19436374306678772,0.6656716465950012,0.2774387300014496
YMR042W,YML097C,0,3.747364,0.19430729746818542,0.6656716465950012,0.2775387763977051
YOL101C,YDL202W,0,3.7471988,0.19425086677074432,0.6656716465950012,0.27763882279396057
YPL248C,YBL005W,0,3.7465444,0.1941944807767868,0.6656716465950012,0.27773886919021606
YDR332W,YDR438W,0,3.7457888,0.19413812458515167,0.6656716465950012,0.27783891558647156
YHR147C,YLL031C,0,3.7449465,0.19408181309700012,0.6656716465950012,0.27793896198272705
YIL143C,YKL069W,0,3.7448788,0.19402551651000977,0.6656716465950012,0.27803900837898254
YDL117W,YDR448W,0,3.7446318,0.193969264626503,0.6656716465950012,0.27813905477523804
YOL104C,YBR065C,0,3.744607,0.1939130425453186,0.6656716465950012,0.2782391309738159
YGL076C,YDR285W,0,3.7444448,0.1938568502664566,0.6656716465950012,0.2783391773700714
YBR254C,YMR243C,0,3.7443101,0.19380070269107819,0.6656716465950012,0.2784392237663269
YPL058C,YDR287W,0,3.7436676,0.19374457001686096,0.6656716465950012,0.2785392701625824
YDR174W,YNL240C,0,3.7425935,0.19368848204612732,0.6656716465950012,0.2786393165588379
YBR009C,YMR080C,1,3.7415605,0.19392184913158417,0.6666666865348816,0.2786393165588379
YGR191W,YDL093W,0,3.7413602,0.19386574625968933,0.6666666865348816,0.2787393629550934
YJR133W,YPL153C,0,3.7408423,0.1938096582889557,0.6666666865348816,0.2788394093513489
YGR105W,YPL078C,0,3.74081,0.19375361502170563,0.6666666865348816,0.27893945574760437
YGL225W,YJR068W,0,3.7404919,0.19369760155677795,0.6666666865348816,0.27903953194618225
YPL115C,YGL194C,0,3.7403135,0.19364161789417267,0.6666666865348816,0.27913957834243774
YNL240C,YDR047W,0,3.7397273,0.19358566403388977,0.6666666865348816,0.27923962473869324
YAL007C,YOR001W,0,3.7395618,0.19352975487709045,0.6666666865348816,0.27933967113494873
YNL261W,YDL140C,1,3.7395444,0.1937626302242279,0.6676616668701172,0.27933967113494873
YLR237W,YER133W,0,3.7385883,0.1937066912651062,0.6676616668701172,0.2794397175312042
YLR139C,YDR479C,0,3.7384515,0.19365079700946808,0.6676616668701172,0.2795397639274597
YHR211W,YKL094W,0,3.738021,0.19359491765499115,0.6676616668701172,0.2796398103237152
YJL076W,YKR008W,1,3.7378435,0.19382750988006592,0.6686567068099976,0.2796398103237152
YPR155C,YDR470C,0,3.7376466,0.193771630525589,0.6686567068099976,0.2797398567199707
YBR251W,YLR172C,0,3.737646,0.19371576607227325,0.6686567068099976,0.2798399329185486
YER060W-A,YBR279W,0,3.7375436,0.1936599463224411,0.6686567068099976,0.2799399793148041
YDR423C,YOR172W,0,3.7372978,0.19360414147377014,0.6686567068099976,0.28004002571105957
YPR005C,YKL089W,0,3.7370868,0.19354838132858276,0.6686567068099976,0.28014007210731506
YHR154W,YAL010C,0,3.7367537,0.19349265098571777,0.6686567068099976,0.28024011850357056
YBR231C,YDL140C,1,3.7364962,0.19372481107711792,0.6696517467498779,0.28024011850357056
YHR185C,YIL039W,0,3.736454,0.19366906583309174,0.6696517467498779,0.28034016489982605
YMR105C,YLR435W,0,3.7360158,0.19361335039138794,0.6696517467498779,0.28044021129608154
YMR223W,YGL207W,1,3.7350044,0.19384527206420898,0.6706467866897583,0.28044021129608154
YNL153C,YIR023W,0,3.7347658,0.1937895268201828,0.6706467866897583,0.28054025769233704
YLR285W,YCR020W-B,1,3.7344868,0.19402126967906952,0.6716417670249939,0.28054025769233704
YDR520C,YNR067C,0,3.7343674,0.19396552443504333,0.6716417670249939,0.2806403338909149
YBR049C,YMR168C,0,3.7341506,0.19390979409217834,0.6716417670249939,0.2807403802871704
YJL101C,YMR304W,0,3.7340565,0.19385410845279694,0.6716417670249939,0.2808404266834259
YLR102C,YFL039C,0,3.7339983,0.19379845261573792,0.6716417670249939,0.2809404730796814
YPL262W,YBR191W,0,3.7335646,0.19374282658100128,0.6716417670249939,0.2810405194759369
YOR320C,YKL217W,0,3.733266,0.19368723034858704,0.6716417670249939,0.2811405658721924
YLR103C,YML010W,1,3.7326837,0.19391852617263794,0.6726368069648743,0.2811405658721924
YDR030C,YCR063W,0,3.730529,0.1938629150390625,0.6726368069648743,0.2812406122684479
YDR485C,YLR103C,1,3.7303143,0.19409403204917908,0.6736318469047546,0.2812406122684479
YPL155C,YML074C,0,3.7302232,0.19403840601444244,0.6736318469047546,0.28134065866470337
YJL194W,YLR272C,1,3.730001,0.1942693442106247,0.674626886844635,0.28134065866470337
YKR031C,YMR227C,0,3.7297003,0.19421368837356567,0.674626886844635,0.28144073486328125
YBL006C,YDR071C,1,3.7287014,0.1944444477558136,0.6756218671798706,0.28144073486328125
YDR167W,YOR158W,0,3.7286532,0.19438877701759338,0.6756218671798706,0.28154078125953674
YIL120W,YGL186C,0,3.728476,0.19433313608169556,0.6756218671798706,0.28164082765579224
YNL325C,YDR384C,0,3.7281444,0.1942775398492813,0.6756218671798706,0.28174087405204773
YDL140C,YBR215W,1,3.7277436,0.19450801610946655,0.676616907119751,0.28174087405204773
YLR316C,YLR220W,0,3.727611,0.19445239007472992,0.676616907119751,0.2818409204483032
YDL192W,YMR065W,0,3.727603,0.19439679384231567,0.676616907119751,0.2819409668445587
YJR140C,YMR239C,1,3.7265253,0.19462703168392181,0.6776119470596313,0.2819409668445587
YDL135C,YBL037W,0,3.7259881,0.19457143545150757,0.6776119470596313,0.2820410132408142
YHR119W,YCL061C,1,3.7258644,0.1948014795780182,0.6786069869995117,0.2820410132408142
YMR193W,YJR050W,0,3.7258322,0.19474585354328156,0.6786069869995117,0.2821410596370697
YHR181W,YOR018W,0,3.7252667,0.1946902722120285,0.6786069869995117,0.2822411060333252
YKR101W,YDR195W,0,3.7248187,0.19463470578193665,0.6786069869995117,0.2823411822319031
YAL053W,YNL160W,0,3.724246,0.19457916915416718,0.6786069869995117,0.28244122862815857
YOL045W,YGR118W,0,3.7239373,0.1945236772298813,0.6786069869995117,0.28254127502441406
YPL233W,YDR064W,0,3.7234018,0.1944682002067566,0.6786069869995117,0.28264132142066956
YDL002C,YOR209C,1,3.7232213,0.19469782710075378,0.6796019673347473,0.28264132142066956
YCR098C,YMR070W,0,3.7230482,0.1946423500776291,0.6796019673347473,0.28274136781692505
YDR411C,YGL105W,0,3.7229247,0.1945868879556656,0.6796019673347473,0.28284141421318054
YDR135C,YGR006W,0,3.7226107,0.19453147053718567,0.6796019673347473,0.28294146060943604
YFR015C,YGL076C,0,3.7223501,0.19447608292102814,0.6796019673347473,0.28304150700569153
YMR233W,YLR147C,0,3.721272,0.194420725107193,0.6796019673347473,0.2831415832042694
YMR273C,YDR359C,0,3.721143,0.19436539709568024,0.6796019673347473,0.2832416296005249
YML049C,YER115C,0,3.721105,0.19431009888648987,0.6796019673347473,0.2833416759967804
YFL013C,YBR060C,1,3.7202284,0.19453924894332886,0.6805970072746277,0.2833416759967804
YLL043W,YLL008W,0,3.7196534,0.1944839358329773,0.6805970072746277,0.2834417223930359
YLR032W,YPL173W,0,3.719593,0.19442865252494812,0.6805970072746277,0.2835417687892914
YBL031W,YNL161W,0,3.7186153,0.19437339901924133,0.6805970072746277,0.2836418151855469
YDR164C,YOR369C,0,3.7182903,0.19431817531585693,0.6805970072746277,0.28374186158180237
YPL176C,YDR461W,0,3.7180092,0.19426299631595612,0.6805970072746277,0.28384190797805786
YGL238W,YPL120W,0,3.7177498,0.1942078322172165,0.6805970072746277,0.28394198417663574
YBR112C,YNL206C,1,3.717513,0.19443656504154205,0.6815920472145081,0.28394198417663574
YNL214W,YIR023W,0,3.7170267,0.19438138604164124,0.6815920472145081,0.28404203057289124
YBL078C,YPL207W,0,3.7168741,0.1943262368440628,0.6815920472145081,0.28414207696914673
YJR153W,YHR129C,0,3.7162542,0.19427113234996796,0.6815920472145081,0.2842421233654022
YEL037C,YBR009C,0,3.7161412,0.1942160427570343,0.6815920472145081,0.2843421697616577
YDL170W,YKR068C,0,3.7161236,0.19416099786758423,0.6815920472145081,0.2844422161579132
YGL119W,YOL072W,0,3.7158618,0.19410598278045654,0.6815920472145081,0.2845422625541687
YBL022C,YER178W,0,3.715835,0.19405099749565125,0.6815920472145081,0.2846423089504242
YGR262C,YOR195W,0,3.7156687,0.19399604201316833,0.6815920472145081,0.2847423851490021
YNL044W,YNL322C,0,3.7156274,0.1939411163330078,0.6815920472145081,0.28484243154525757
YBR222C,YHR085W,0,3.7155507,0.19388622045516968,0.6815920472145081,0.28494247794151306
YBR211C,YBL088C,0,3.7151046,0.19383135437965393,0.6815920472145081,0.28504252433776855
YDR520C,YPR134W,0,3.7150977,0.19377651810646057,0.6815920472145081,0.28514257073402405
YOR090C,YPL183C,0,3.7145858,0.1937217265367508,0.6815920472145081,0.28524261713027954
YOL090W,YGR116W,1,3.7145443,0.19394966959953308,0.6825870871543884,0.28524261713027954
YDR242W,YDR260C,0,3.7137682,0.1938948631286621,0.6825870871543884,0.28534266352653503
YBR205W,YML057W,0,3.7135546,0.19384007155895233,0.6825870871543884,0.2854427099227905
YHR181W,YOR372C,0,3.713277,0.19378530979156494,0.6825870871543884,0.2855427861213684
YLR300W,YOR037W,0,3.7125247,0.19373057782649994,0.6825870871543884,0.2856428325176239
YFR027W,YLR324W,0,3.71218,0.19367589056491852,0.6825870871543884,0.2857428789138794
YNL088W,YKL112W,1,3.7116551,0.19390347599983215,0.683582067489624,0.2857428789138794
YOL125W,YBL098W,0,3.7114587,0.19384875893592834,0.683582067489624,0.2858429253101349
YDR437W,YMR194W,0,3.7110233,0.19379407167434692,0.683582067489624,0.2859429717063904
YOR334W,YCR098C,0,3.7108858,0.19373942911624908,0.683582067489624,0.2860430181026459
YNL290W,YDR513W,0,3.7098925,0.19368480145931244,0.683582067489624,0.28614306449890137
YJR035W,YER155C,0,3.709603,0.19363021850585938,0.683582067489624,0.28624311089515686
YNL031C,YLR095C,1,3.7088237,0.19385743141174316,0.6845771074295044,0.28624311089515686
YGR158C,YIL109C,0,3.7086,0.1938028186559677,0.6845771074295044,0.28634315729141235
YKL168C,YDR320C,0,3.7067745,0.19374823570251465,0.6845771074295044,0.28644323348999023
YBR119W,YBL057C,0,3.7061272,0.19369369745254517,0.6845771074295044,0.2865432798862457
YML061C,YNL311C,0,3.7059598,0.19363917410373688,0.6845771074295044,0.2866433262825012
YHR119W,YLR385C,1,3.70548,0.1938660591840744,0.6855721473693848,0.2866433262825012
YJL073W,YOR232W,0,3.7036715,0.1938115358352661,0.6855721473693848,0.2867433726787567
YPL098C,YHL004W,0,3.7029345,0.19375702738761902,0.6855721473693848,0.2868434190750122
YOR145C,YKR055W,0,3.7029028,0.1937025636434555,0.6855721473693848,0.2869434654712677
YDR073W,YNL059C,1,3.702864,0.19392918050289154,0.6865671873092651,0.2869434654712677
YLR203C,YDR023W,0,3.7027266,0.19387468695640564,0.6865671873092651,0.2870435118675232
YMR215W,YLR164W,0,3.702604,0.19382022321224213,0.6865671873092651,0.2871435582637787
YHL003C,YDR507C,0,3.7022777,0.193765789270401,0.6865671873092651,0.28724363446235657
YML077W,YFR003C,0,3.7019405,0.19371140003204346,0.6865671873092651,0.28734368085861206
YBR301W,YLL018C,0,3.700699,0.1936570256948471,0.6865671873092651,0.28744372725486755
YMR139W,YGL169W,0,3.6996703,0.19360269606113434,0.6865671873092651,0.28754377365112305
YGL168W,YOL132W,0,3.699155,0.19354838132858276,0.6865671873092651,0.28764382004737854
YPR043W,YDL146W,0,3.699057,0.19349411129951477,0.6865671873092651,0.28774386644363403
YGR014W,YGR030C,0,3.6990209,0.19343987107276917,0.6865671873092651,0.2878439128398895
YLR287C-A,YML048W,0,3.6982832,0.19338564574718475,0.6865671873092651,0.287943959236145
YKL010C,YFL033C,0,3.6978128,0.19333146512508392,0.6865671873092651,0.2880440354347229
YER088C,YOL090W,1,3.6974697,0.19355742633342743,0.6875621676445007,0.2880440354347229
YLR015W,YAL028W,0,3.6964312,0.1935032159090042,0.6875621676445007,0.2881440818309784
YGL183C,YHR024C,0,3.6960316,0.19344905018806458,0.6875621676445007,0.2882441282272339
YNL219C,YLR047C,0,3.6955528,0.19339489936828613,0.6875621676445007,0.2883441746234894
YNL030W,YOR038C,1,3.6951277,0.19362059235572815,0.6885572075843811,0.2883441746234894
YCR039C,YOL145C,0,3.6949553,0.1935664266347885,0.6885572075843811,0.2884442210197449
YGL049C,YJL130C,0,3.6947203,0.19351230561733246,0.6885572075843811,0.28854426741600037
YGL037C,YNL059C,1,3.6946468,0.19373777508735657,0.6895522475242615,0.28854426741600037
YDR296W,YLR286C,0,3.6946242,0.19368362426757812,0.6895522475242615,0.28864431381225586
YDR235W,YLR292C,0,3.6944952,0.19362950325012207,0.6895522475242615,0.28874436020851135
YHR066W,YHR004C,0,3.6935012,0.1935754120349884,0.6895522475242615,0.28884443640708923
YMR190C,YPL127C,1,3.6934118,0.19380061328411102,0.6905472874641418,0.28884443640708923
YLR291C,YDR260C,0,3.693411,0.19374650716781616,0.6905472874641418,0.2889444828033447
YKR103W,YER165W,0,3.6934083,0.1936924308538437,0.6905472874641418,0.2890445291996002
YPL119C,YFR038W,0,3.6929824,0.1936383992433548,0.6905472874641418,0.2891445755958557
YBR091C,YIL062C,0,3.692791,0.1935843825340271,0.6905472874641418,0.2892446219921112
YER049W,YER133W,0,3.6917324,0.1935303956270218,0.6905472874641418,0.2893446683883667
YDR005C,YBR005W,0,3.6917248,0.19347643852233887,0.6905472874641418,0.2894447147846222
YKR101W,YLR360W,0,3.6916237,0.19342252612113953,0.6905472874641418,0.2895447611808777
YGL168W,YGL027C,0,3.6908464,0.19336862862110138,0.6905472874641418,0.2896448075771332
YNL068C,YCL035C,0,3.6904075,0.19331476092338562,0.6905472874641418,0.28974488377571106
YMR033W,YDR197W,0,3.6903613,0.19326092302799225,0.6905472874641418,0.28984493017196655
YCL051W,YOR099W,0,3.6888561,0.19320712983608246,0.6905472874641418,0.28994497656822205
YBL082C,YDR470C,0,3.6886125,0.19315335154533386,0.6905472874641418,0.29004502296447754
YLR418C,YNL238W,0,3.6882668,0.19309960305690765,0.6905472874641418,0.29014506936073303
YHR030C,YPL235W,0,3.687322,0.19304589927196503,0.6905472874641418,0.2902451157569885
YCL057W,YJL168C,0,3.6867452,0.1929922103881836,0.6905472874641418,0.290345162153244
YJR097W,YMR100W,0,3.686177,0.19293856620788574,0.6905472874641418,0.2904452085494995
YHR056C,YJL168C,0,3.6861029,0.19288493692874908,0.6905472874641418,0.2905452847480774
YDR304C,YHL028W,0,3.6860948,0.19283133745193481,0.6905472874641418,0.2906453311443329
YFR014C,YOR278W,0,3.6859581,0.19277778267860413,0.6905472874641418,0.2907453775405884
YGL116W,YGL037C,0,3.6858287,0.19272424280643463,0.6905472874641418,0.29084542393684387
YOR209C,YFL049W,1,3.6857421,0.1929483562707901,0.6915422677993774,0.29084542393684387
YDR260C,YIL076W,0,3.6851768,0.1928948163986206,0.6915422677993774,0.29094547033309937
YGL212W,YIR036C,0,3.6849346,0.1928412914276123,0.6915422677993774,0.29104551672935486
YLL013C,YDR419W,0,3.6833944,0.1927877962589264,0.6915422677993774,0.29114556312561035
YNL309W,YPL104W,0,3.683379,0.19273433089256287,0.6915422677993774,0.29124560952186584
YNL159C,YLR151C,0,3.682267,0.19268089532852173,0.6915422677993774,0.2913456857204437
YKR101W,YBR010W,1,3.6821012,0.19290465116500854,0.6925373077392578,0.2913456857204437
YDR342C,YLR120C,0,3.682013,0.1928512006998062,0.6925373077392578,0.2914457321166992
YNR011C,YMR173W,0,3.6819592,0.19279778003692627,0.6925373077392578,0.2915457785129547
YBL055C,YLL031C,0,3.6813934,0.1927443891763687,0.6925373077392578,0.2916458249092102
YCL018W,YOR249C,0,3.6801596,0.19269102811813354,0.6925373077392578,0.2917458713054657
YJL197W,YPL013C,0,3.680069,0.19263769686222076,0.6925373077392578,0.2918459177017212
YBR254C,YCL014W,0,3.6793637,0.19258439540863037,0.6925373077392578,0.2919459640979767
YHR056C,YPR162C,1,3.6792297,0.19280774891376495,0.6935323476791382,0.2919459640979767
YLR139C,YLR145W,0,3.6788983,0.19275441765785217,0.6935323476791382,0.2920460104942322
YOR036W,YKL218C,0,3.678586,0.19270113110542297,0.6935323476791382,0.29214608669281006
YLR127C,YNL078W,0,3.6784434,0.19264787435531616,0.6935323476791382,0.29224613308906555
YJL115W,YNL206C,1,3.6783028,0.19287095963954926,0.6945273876190186,0.29224613308906555
YGL021W,YLR007W,0,3.6778007,0.19281767308712006,0.6945273876190186,0.29234617948532104
YDR372C,YDL210W,0,3.6777983,0.19276443123817444,0.6945273876190186,0.29244622588157654
YEL036C,YHR153C,0,3.6773524,0.19271120429039001,0.6945273876190186,0.29254627227783203
YJR053W,YJR118C,0,3.6772747,0.19265802204608917,0.6945273876190186,0.2926463186740875
YGR143W,YDR470C,0,3.6770892,0.19260485470294952,0.6945273876190186,0.292746365070343
YLR207W,YPL171C,0,3.6769056,0.19255171716213226,0.6945273876190186,0.2928464114665985
YJL095W,YMR227C,0,3.676836,0.19249862432479858,0.6945273876190186,0.2929464876651764
YGL225W,YBR122C,0,3.6766605,0.1924455463886261,0.6945273876190186,0.2930465340614319
YGR241C,YNR033W,0,3.6765633,0.192392498254776,0.6945273876190186,0.2931465804576874
YPR175W,YER101C,0,3.6761522,0.19233949482440948,0.6945273876190186,0.29324662685394287
YBR101C,YGR007W,0,3.6760063,0.19228650629520416,0.6945273876190186,0.29334667325019836
YPR018W,YOR304W,1,3.67558,0.19250895082950592,0.6955223679542542,0.29334667325019836
YGR027C,YDR468C,0,3.675304,0.1924559473991394,0.6955223679542542,0.29344671964645386
YLR442C,YOR143C,0,3.6747258,0.19240297377109528,0.6955223679542542,0.29354676604270935
YBR240C,YMR194W,0,3.6747236,0.19235002994537354,0.6955223679542542,0.29364681243896484
YMR233W,YDR091C,0,3.6743565,0.19229711592197418,0.6955223679542542,0.29374685883522034
YLR381W,YDR453C,0,3.6735363,0.19224423170089722,0.6955223679542542,0.2938469350337982
YDR393W,YDR103W,0,3.672337,0.19219136238098145,0.6955223679542542,0.2939469814300537
YKL006C-A,YDR500C,0,3.6719508,0.19213853776454926,0.6955223679542542,0.2940470278263092
YML021C,YOR294W,0,3.6712708,0.19208574295043945,0.6955223679542542,0.2941470742225647
YMR269W,YJR052W,0,3.670768,0.19203296303749084,0.6955223679542542,0.2942471206188202
YGR009C,YLR106C,0,3.6701481,0.19198022782802582,0.6955223679542542,0.2943471670150757
YGR264C,YGR088W,0,3.6693306,0.19192750751972198,0.6955223679542542,0.2944472134113312
YOR373W,YDR144C,0,3.6693227,0.19187483191490173,0.6955223679542542,0.29454725980758667
YEL029C,YDR151C,0,3.668798,0.19182217121124268,0.6955223679542542,0.29464733600616455
YML065W,YIL131C,1,3.668621,0.19204390048980713,0.6965174078941345,0.29464733600616455
YCR060W,YPR046W,0,3.6680496,0.19199122488498688,0.6965174078941345,0.29474738240242004
YKR101W,YNR030W,0,3.6672316,0.191938579082489,0.6965174078941345,0.29484742879867554
YDL140C,YBR245C,1,3.6666715,0.19216008484363556,0.6975124478340149,0.29484742879867554
YLR268W,YIL144W,0,3.6658826,0.1921074241399765,0.6975124478340149,0.29494747519493103
YNL250W,YKL042W,0,3.6650763,0.19205479323863983,0.6975124478340149,0.2950475215911865
YGL243W,YFL037W,0,3.66476,0.19200219213962555,0.6975124478340149,0.295147567987442
YJR097W,YNR019W,0,3.6646311,0.19194962084293365,0.6975124478340149,0.2952476143836975
YLR266C,YPR005C,0,3.6642897,0.19189706444740295,0.6975124478340149,0.295347660779953
YNL039W,YLR080W,0,3.6641648,0.19184455275535583,0.6975124478340149,0.2954477369785309
YDR022C,YER133W,0,3.6640754,0.1917920708656311,0.6975124478340149,0.2955477833747864
YBR286W,YLR175W,0,3.6640258,0.19173960387706757,0.6975124478340149,0.29564782977104187
YER025W,YDR168W,0,3.6636765,0.1916871815919876,0.6975124478340149,0.29574787616729736
YBR281C,YMR182C,0,3.6634264,0.19163477420806885,0.6975124478340149,0.29584792256355286
YIL095W,YKL168C,0,3.6621666,0.19158239662647247,0.6975124478340149,0.29594796895980835
YLR228C,YPL097W,0,3.66214,0.1915300488471985,0.6975124478340149,0.29604801535606384
YDR407C,YOR018W,0,3.6619682,0.19147774577140808,0.6975124478340149,0.29614806175231934
YBR009C,YGR002C,1,3.6618414,0.19169852137565613,0.6985074877738953,0.29614806175231934
YGL189C,YBR245C,0,3.6614618,0.19164618849754333,0.6985074877738953,0.2962481379508972
YDL085W,YLR347C,0,3.6605515,0.19159388542175293,0.6985074877738953,0.2963481843471527
YOL122C,YBR046C,0,3.66015,0.1915416121482849,0.6985074877738953,0.2964482307434082
YDL140C,YLR052W,1,3.659976,0.19176213443279266,0.6995024681091309,0.2964482307434082
YGL005C,YNL207W,0,3.6579816,0.19170984625816345,0.6995024681091309,0.2965482771396637
YKL196C,YJR016C,0,3.657972,0.19165757298469543,0.6995024681091309,0.2966483235359192
YGR034W,YGR005C,0,3.6573067,0.191605344414711,0.6995024681091309,0.2967483699321747
YFR025C,YLR192C,0,3.657025,0.19155313074588776,0.6995024681091309,0.2968484163284302
YLR285W,YCR010C,0,3.655929,0.1915009468793869,0.6995024681091309,0.29694846272468567
YBL076C,YKL135C,0,3.65465,0.19144880771636963,0.6995024681091309,0.29704853892326355
YNL199C,YHR041C,0,3.654133,0.19139668345451355,0.6995024681091309,0.29714858531951904
YER150W,YBR155W,0,3.6539094,0.19134458899497986,0.6995024681091309,0.29724863171577454
YER029C,YNL062C,0,3.6535382,0.19129252433776855,0.6995024681091309,0.29734867811203003
YOR069W,YML091C,0,3.6525822,0.19124047458171844,0.6995024681091309,0.2974487245082855
YMR020W,YDR328C,0,3.6518574,0.19118846952915192,0.6995024681091309,0.297548770904541
YMR091C,YMR054W,0,3.6512294,0.19113649427890778,0.6995024681091309,0.2976488173007965
YMR246W,YDR443C,0,3.6509876,0.19108453392982483,0.6995024681091309,0.297748863697052
YDL240W,YIL019W,0,3.6508627,0.19103260338306427,0.6995024681091309,0.2978489100933075
YJR057W,YLR382C,0,3.6503248,0.1909807175397873,0.6995024681091309,0.2979489862918854
YMR270C,YGR260W,0,3.650176,0.1909288465976715,0.6995024681091309,0.29804903268814087
YNR072W,YJL190C,0,3.649894,0.1908770054578781,0.6995024681091309,0.29814907908439636
YHR136C,YJL130C,0,3.6489685,0.1908251941204071,0.6995024681091309,0.29824912548065186
YNR016C,YNR037C,0,3.6487737,0.19077341258525848,0.6995024681091309,0.29834917187690735
YDL166C,YHR129C,0,3.648274,0.19072164595127106,0.6995024681091309,0.29844921827316284
YLR043C,YER044C,0,3.6482437,0.1906699240207672,0.6995024681091309,0.29854926466941833
YDL240W,YKR064W,0,3.6481771,0.19061821699142456,0.6995024681091309,0.29864931106567383
YNL030W,YNL021W,1,3.6481524,0.19083762168884277,0.7004975080490112,0.29864931106567383
YML080W,YHR004C,0,3.6474092,0.19078591465950012,0.7004975080490112,0.2987493872642517
YGR179C,YNL223W,0,3.646668,0.19073422253131866,0.7004975080490112,0.2988494336605072
YDR362C,YBL038W,0,3.6461253,0.1906825602054596,0.7004975080490112,0.2989494800567627
YLR234W,YEL017C-A,0,3.6460729,0.1906309276819229,0.7004975080490112,0.2990495264530182
YJL143W,YGL093W,0,3.6459405,0.19057932496070862,0.7004975080490112,0.2991495728492737
YMR284W,YPR018W,1,3.6458445,0.19079837203025818,0.7014925479888916,0.2991495728492737
YCL059C,YBR122C,0,3.6457253,0.1907467544078827,0.7014925479888916,0.2992496192455292
YOL009C,YMR318C,0,3.6456828,0.1906951516866684,0.7014925479888916,0.29934966564178467
YLR060W,YCL051W,0,3.645319,0.19064359366893768,0.7014925479888916,0.29944971203804016
YDR350C,YJL110C,0,3.6445487,0.19059205055236816,0.7014925479888916,0.29954978823661804
YHR036W,YJR126C,0,3.6441462,0.19054053723812103,0.7014925479888916,0.29964983463287354
YLR357W,YDR155C,1,3.6438618,0.19075925648212433,0.702487587928772,0.29964983463287354
YHR051W,YDR438W,0,3.6435323,0.190707728266716,0.702487587928772,0.29974988102912903
YOL059W,YER180C,0,3.6435146,0.19065622985363007,0.702487587928772,0.2998499274253845
YBR243C,YLR145W,0,3.6433115,0.19060474634170532,0.702487587928772,0.29994997382164
YMR091C,YNL267W,0,3.642858,0.19055330753326416,0.702487587928772,0.3000500202178955
YDL078C,YBR118W,0,3.6427274,0.1905018836259842,0.702487587928772,0.300150066614151
YAL023C,YOR068C,0,3.6423075,0.1904505044221878,0.702487587928772,0.3002501130104065
YPL155C,YER090W,0,3.6422794,0.1903991401195526,0.702487587928772,0.3003501892089844
YGR263C,YGR020C,0,3.6420822,0.1903478056192398,0.702487587928772,0.30045023560523987
YPR031W,YDR439W,0,3.6420462,0.1902965009212494,0.702487587928772,0.30055028200149536
YAL011W,YDR155C,1,3.6414263,0.1905146837234497,0.7034825682640076,0.30055028200149536
YLR409C,YCR011C,0,3.6409564,0.1904633641242981,0.7034825682640076,0.30065032839775085
YOR081C,YOR288C,0,3.6409092,0.19041205942630768,0.7034825682640076,0.30075037479400635
YBR164C,YAL056W,0,3.6408792,0.19036079943180084,0.7034825682640076,0.30085042119026184
YPL134C,YNL119W,0,3.6396887,0.1903095543384552,0.7034825682640076,0.30095046758651733
YJR025C,YER115C,0,3.6390252,0.19025833904743195,0.7034825682640076,0.3010505139827728
YBL061C,YOR079C,0,3.6388478,0.19020715355873108,0.7034825682640076,0.3011505901813507
YOL133W,YOR156C,0,3.6386142,0.1901559978723526,0.7034825682640076,0.3012506365776062
YJL081C,YBR089C-A,1,3.6385555,0.1903737634420395,0.7044776082038879,0.3012506365776062
YER114C,YOR047C,0,3.6374817,0.19032257795333862,0.7044776082038879,0.3013506829738617
YBR107C,YJL030W,0,3.6374092,0.19027143716812134,0.7044776082038879,0.3014507293701172
YJR065C,YER131W,0,3.6370609,0.19022031128406525,0.7044776082038879,0.3015507757663727
YNL210W,YBR243C,0,3.6370416,0.19016921520233154,0.7044776082038879,0.3016508221626282
YMR233W,YOR232W,0,3.636632,0.19011814892292023,0.7044776082038879,0.30175086855888367
YNL132W,YBL025W,0,3.6363933,0.1900671124458313,0.7044776082038879,0.30185091495513916
YBR192W,YNR008W,0,3.6363401,0.19001610577106476,0.7044776082038879,0.30195096135139465
YJL212C,YNR047W,0,3.635669,0.1899651139974594,0.7044776082038879,0.30205103754997253
YHR135C,YPL048W,0,3.6355453,0.18991416692733765,0.7044776082038879,0.302151083946228
YCR044C,YHR186C,0,3.6354709,0.18986323475837708,0.7044776082038879,0.3022511303424835
YDR087C,YJR076C,0,3.634571,0.1898123323917389,0.7044776082038879,0.302351176738739
YDR308C,YKR019C,0,3.634151,0.1897614598274231,0.7044776082038879,0.3024512231349945
YNL258C,YMR012W,0,3.6337905,0.1897106170654297,0.7044776082038879,0.30255126953125
YBL047C,YOR211C,0,3.6333318,0.18965978920459747,0.7044776082038879,0.3026513159275055
YEL005C,YDR384C,0,3.632206,0.18960899114608765,0.7044776082038879,0.302751362323761
YDR247W,YGR282C,0,3.6317873,0.1895582377910614,0.7044776082038879,0.30285143852233887
YGL226C-A,YGR058W,0,3.6316428,0.18950749933719635,0.7044776082038879,0.30295148491859436
YPR034W,YPR166C,0,3.6312118,0.1894567906856537,0.7044776082038879,0.30305153131484985
YLR055C,YBR112C,1,3.630825,0.18967361748218536,0.7054726481437683,0.30305153131484985
YGL026C,YPL161C,0,3.6307583,0.1896228939294815,0.7054726481437683,0.30315157771110535
YGR181W,YNL041C,0,3.6299582,0.18957218527793884,0.7054726481437683,0.30325162410736084
YKL205W,YML059C,0,3.62987,0.18952152132987976,0.7054726481437683,0.30335167050361633
YBR155W,YPL065W,0,3.629786,0.18947087228298187,0.7054726481437683,0.3034517168998718
YLR059C,YDR178W,0,3.6289449,0.18942025303840637,0.7054726481437683,0.3035517632961273
YKL196C,YGL246C,0,3.6288052,0.18936966359615326,0.7054726481437683,0.3036518394947052
YOR078W,YLR382C,0,3.6287007,0.18931908905506134,0.7054726481437683,0.3037518858909607
YPR024W,YMR290C,0,3.628568,0.189268559217453,0.7054726481437683,0.3038519322872162
YJR025C,YLR103C,0,3.6281734,0.18921804428100586,0.7054726481437683,0.3039519786834717
YDR386W,YOR168W,0,3.627829,0.1891675591468811,0.7054726481437683,0.3040520250797272
YJL173C,YNL307C,0,3.6270185,0.18911710381507874,0.7054726481437683,0.30415207147598267
YFR013W,YOR304W,1,3.6267076,0.18933333456516266,0.7064676880836487,0.30415207147598267
YER102W,YIL147C,0,3.626012,0.1892828643321991,0.7064676880836487,0.30425211787223816
YDR242W,YMR241W,0,3.6256242,0.18923240900039673,0.7064676880836487,0.30435216426849365
YOR290C,YOL062C,0,3.6252017,0.18918198347091675,0.7064676880836487,0.30445224046707153
YLL027W,YPR068C,0,3.6251788,0.18913158774375916,0.7064676880836487,0.304552286863327
YLR299W,YDR384C,0,3.6238933,0.18908122181892395,0.7064676880836487,0.3046523332595825
YLR238W,YNL056W,0,3.6238544,0.18903088569641113,0.7064676880836487,0.304752379655838
YJR036C,YDR292C,0,3.6238012,0.1889805644750595,0.7064676880836487,0.3048524260520935
YNR048W,YMR048W,0,3.6234736,0.18893028795719147,0.7064676880836487,0.304952472448349
YLR113W,YNL051W,0,3.6229095,0.18888002634048462,0.7064676880836487,0.3050525188446045
YOR180C,YFL017W-A,0,3.6221623,0.18882979452610016,0.7064676880836487,0.30515256524086
YBL006C,YOL090W,1,3.6220675,0.1890454739332199,0.7074626684188843,0.30515256524086
YJL082W,YJL098W,0,3.6215782,0.18899521231651306,0.7074626684188843,0.3052526116371155
YKL096W-A,YBR038W,0,3.621239,0.1889449954032898,0.7074626684188843,0.30535268783569336
YDL141W,YGR004W,0,3.620554,0.18889479339122772,0.7074626684188843,0.30545273423194885
YLR037C,YLR088W,0,3.6200414,0.18884462118148804,0.7074626684188843,0.30555278062820435
YHR056C,YPL235W,1,3.6195483,0.1890600174665451,0.7084577083587646,0.30555278062820435
YER120W,YPR122W,0,3.6188588,0.18900981545448303,0.7084577083587646,0.30565282702445984
YDR296W,YDR120C,0,3.6183069,0.18895965814590454,0.7084577083587646,0.30575287342071533
YBR112C,YAL024C,0,3.6181064,0.18890953063964844,0.7084577083587646,0.3058529198169708
YGR004W,YGR174C,0,3.6173537,0.18885941803455353,0.7084577083587646,0.3059529662132263
YMR272C,YLR385C,0,3.6171272,0.188809335231781,0.7084577083587646,0.3060530126094818
YMR239C,YKL171W,0,3.6170878,0.18875928223133087,0.7084577083587646,0.3061530888080597
YMR137C,YDL231C,0,3.6167984,0.18870924413204193,0.7084577083587646,0.3062531352043152
YPR138C,YPL138C,0,3.6166563,0.18865925073623657,0.7084577083587646,0.3063531816005707
YER096W,YGL216W,0,3.616129,0.1886092722415924,0.7084577083587646,0.30645322799682617
YPL129W,YBR088C,1,3.6161218,0.1888241469860077,0.709452748298645,0.30645322799682617
YCR094W,YDR228C,0,3.6160831,0.18877415359020233,0.709452748298645,0.30655327439308167
YJL012C,YDR534C,0,3.615895,0.18872418999671936,0.709452748298645,0.30665332078933716
YMR261C,YGR204W,0,3.6157665,0.18867425620555878,0.709452748298645,0.30675336718559265
YLR141W,YOL158C,0,3.6154985,0.1886243373155594,0.709452748298645,0.30685341358184814
YHL021C,YGR208W,0,3.6153994,0.18857444822788239,0.709452748298645,0.306953489780426
YGR027C,YDR072C,0,3.6152253,0.18852458894252777,0.709452748298645,0.3070535361766815
YNL261W,YPR068C,1,3.615066,0.1887390911579132,0.7104477882385254,0.3070535361766815
YER083C,YOR326W,0,3.615033,0.1886892169713974,0.7104477882385254,0.307153582572937
YDL105W,YML080W,0,3.614822,0.18863937258720398,0.7104477882385254,0.3072536289691925
YLR357W,YGR063C,1,3.6144,0.1888536661863327,0.711442768573761,0.3072536289691925
YKL160W,YOL090W,1,3.6141086,0.18906787037849426,0.7124378085136414,0.3072536289691925
YMR017W,YJR118C,0,3.6137142,0.18901795148849487,0.7124378085136414,0.307353675365448
YBL098W,YKL032C,0,3.6135392,0.18896806240081787,0.7124378085136414,0.3074537217617035
YMR008C,YKR048C,0,3.6132836,0.18891820311546326,0.7124378085136414,0.307553768157959
YDR449C,YIL087C,0,3.613263,0.18886837363243103,0.7124378085136414,0.3076538145542145
YLR292C,YGR056W,0,3.612271,0.18881855905056,0.7124378085136414,0.30775389075279236
YBR264C,YGR167W,0,3.6118174,0.18876878917217255,0.7124378085136414,0.30785393714904785
YHR147C,YOR132W,0,3.6116505,0.1887190341949463,0.7124378085136414,0.30795398354530334
YHR066W,YLR176C,0,3.6112971,0.18866930902004242,0.7124378085136414,0.30805402994155884
YIL131C,YDR334W,1,3.6109335,0.18888303637504578,0.7134328484535217,0.30805402994155884
YFR013W,YDR441C,0,3.610897,0.1888332962989807,0.7134328484535217,0.30815407633781433
YMR238W,YDL081C,0,3.6108747,0.18878357112407684,0.7134328484535217,0.3082541227340698
YLR370C,YDR376W,0,3.609963,0.18873387575149536,0.7134328484535217,0.3083541691303253
YGR063C,YML102W,1,3.6098146,0.18894736468791962,0.7144278883934021,0.3083541691303253
YPL085W,YPL144W,0,3.6076837,0.18889765441417694,0.7144278883934021,0.3084542155265808
YJR001W,YDR439W,0,3.6075802,0.18884797394275665,0.7144278883934021,0.3085542917251587
YKL132C,YBR291C,0,3.6064,0.18879832327365875,0.7144278883934021,0.3086543381214142
YDR012W,YCL055W,0,3.6063776,0.18874868750572205,0.7144278883934021,0.3087543845176697
YGR083C,YJR034W,0,3.6060581,0.18869908154010773,0.7144278883934021,0.30885443091392517
YIL140W,YLR080W,0,3.6056232,0.1886495053768158,0.7144278883934021,0.30895447731018066
YGR036C,YER177W,0,3.6055608,0.18859994411468506,0.7144278883934021,0.30905452370643616
YOR358W,YNR045W,0,3.6044574,0.1885504275560379,0.7144278883934021,0.30915457010269165
YAL002W,YIL011W,0,3.6044555,0.18850092589855194,0.7144278883934021,0.30925461649894714
YHR135C,YMR163C,0,3.604261,0.18845143914222717,0.7144278883934021,0.30935466289520264
YLR048W,YGR218W,0,3.6042185,0.188401997089386,0.7144278883934021,0.3094547390937805
YBR010W,YLR005W,0,3.6039941,0.188352569937706,0.7144278883934021,0.309554785490036
YIL026C,YCR040W,0,3.6039813,0.1883031725883484,0.7144278883934021,0.3096548318862915
YDL055C,YDL204W,0,3.6038487,0.18825380504131317,0.7144278883934021,0.309754878282547
YPL049C,YNL289W,0,3.6029115,0.18820445239543915,0.7144278883934021,0.3098549246788025
YPL099C,YPL097W,0,3.6022127,0.1881551295518875,0.7144278883934021,0.309954971075058
YBR187W,YBR086C,0,3.6021478,0.18810583651065826,0.7144278883934021,0.3100550174713135
YGR095C,YLR017W,0,3.601785,0.1880565732717514,0.7144278883934021,0.31015506386756897
YJR058C,YKL191W,0,3.6014922,0.18800732493400574,0.7144278883934021,0.31025514006614685
YKL194C,YDR111C,0,3.6014142,0.18795812129974365,0.7144278883934021,0.31035518646240234
YKL108W,YPR031W,0,3.6012535,0.18790891766548157,0.7144278883934021,0.31045523285865784
YNL021W,YDR334W,1,3.6009927,0.18812140822410583,0.7154228687286377,0.31045523285865784
YNL136W,YOR250C,0,3.6008978,0.18807218968868256,0.7154228687286377,0.31055527925491333
YBL022C,YNL306W,0,3.6008234,0.18802301585674286,0.7154228687286377,0.3106553256511688
YLR167W,YKL045W,0,3.5993977,0.18797385692596436,0.7154228687286377,0.3107553720474243
YFL029C,YNL038W,0,3.598707,0.18792472779750824,0.7154228687286377,0.3108554184436798
YPR043W,YHR077C,0,3.5985632,0.18787561357021332,0.7154228687286377,0.3109554648399353
YKR095W,YBR128C,0,3.5983992,0.18782654404640198,0.7154228687286377,0.3110555410385132
YLR029C,YKL069W,0,3.5983949,0.18777748942375183,0.7154228687286377,0.3111555874347687
YLR287C-A,YDR022C,0,3.5981646,0.18772846460342407,0.7154228687286377,0.31125563383102417
YBR052C,YJL035C,0,3.5979776,0.1876794546842575,0.7154228687286377,0.31135568022727966
YOR301W,YNR028W,0,3.5978708,0.18763047456741333,0.7154228687286377,0.31145572662353516
YPR034W,YHL025W,1,3.597826,0.18784241378307343,0.7164179086685181,0.31145572662353516
YOR319W,YGL051W,0,3.5975876,0.18779343366622925,0.7164179086685181,0.31155577301979065
YBR097W,YML058W-A,0,3.5970094,0.18774445354938507,0.7164179086685181,0.31165581941604614
YGL098W,YMR218C,0,3.5966825,0.18769551813602448,0.7164179086685181,0.31175586581230164
YDL240W,YOL070C,0,3.5966787,0.18764659762382507,0.7164179086685181,0.3118559420108795
YPL204W,YER038C,0,3.5964026,0.18759770691394806,0.7164179086685181,0.311955988407135
YGR072W,YMR269W,0,3.5963528,0.18754884600639343,0.7164179086685181,0.3120560348033905
YPR052C,YNL206C,1,3.5956523,0.18776041269302368,0.7174129486083984,0.3120560348033905
YLR265C,YOR074C,0,3.595044,0.18771153688430786,0.7174129486083984,0.312156081199646
YDL123W,YDR076W,0,3.5946813,0.18766267597675323,0.7174129486083984,0.3122561275959015
YOL009C,YIR023W,0,3.593423,0.187613844871521,0.7174129486083984,0.312356173992157
YLR006C,YLR017W,0,3.5931065,0.18756504356861115,0.7174129486083984,0.3124562203884125
YBR009C,YML069W,1,3.5928288,0.1877763271331787,0.7184079885482788,0.3124562203884125
YNL325C,YHR058C,0,3.5925188,0.18772751092910767,0.7184079885482788,0.31255626678466797
YNL070W,YNR037C,0,3.592483,0.18767870962619781,0.7184079885482788,0.31265634298324585
YPR198W,YDR129C,0,3.5921698,0.18762993812561035,0.7184079885482788,0.31275638937950134
YER072W,YLR185W,0,3.5920706,0.18758119642734528,0.7184079885482788,0.31285643577575684
YDR485C,YJL115W,1,3.5920281,0.18779221177101135,0.7194029688835144,0.31285643577575684
YGR101W,YLR163C,0,3.5908759,0.1877434402704239,0.7194029688835144,0.31295648217201233
YFL038C,YJL124C,0,3.5907707,0.1876946985721588,0.7194029688835144,0.3130565285682678
YJR031C,YMR100W,0,3.5907671,0.18764598667621613,0.7194029688835144,0.3131565749645233
YOR384W,YPR155C,0,3.5906646,0.18759730458259583,0.7194029688835144,0.3132566213607788
YDR013W,YNR010W,0,3.5906339,0.18754863739013672,0.7194029688835144,0.3133566677570343
YDL097C,YGR162W,0,3.5903835,0.1875,0.7194029688835144,0.3134567141532898
YPL002C,YOR351C,0,3.5900538,0.18745139241218567,0.7194029688835144,0.3135567903518677
YNR002C,YDR144C,0,3.590043,0.18740279972553253,0.7194029688835144,0.31365683674812317
YDL002C,YDR224C,1,3.5900073,0.1876133680343628,0.7203980088233948,0.31365683674812317
YBL008W,YKR034W,0,3.5899944,0.18756476044654846,0.7203980088233948,0.31375688314437866
YPL049C,YNL156C,0,3.5888515,0.18751618266105652,0.7203980088233948,0.31385692954063416
YKR094C,YKR036C,0,3.5887065,0.18746763467788696,0.7203980088233948,0.31395697593688965
YMR311C,YDR423C,0,3.5885038,0.1874191015958786,0.7203980088233948,0.31405702233314514
YDR392W,YOR001W,0,3.5884087,0.18737059831619263,0.7203980088233948,0.31415706872940063
YGR063C,YNL231C,0,3.587228,0.18732212483882904,0.7203980088233948,0.31425711512565613
YML097C,YHR120W,0,3.5869224,0.18727366626262665,0.7203980088233948,0.314357191324234
YHR142W,YDR060W,0,3.5867996,0.18722523748874664,0.7203980088233948,0.3144572377204895
YIL027C,YMR201C,0,3.5860183,0.18717683851718903,0.7203980088233948,0.314557284116745
YDR398W,YJR150C,0,3.5860176,0.1871284544467926,0.7203980088233948,0.3146573305130005
YOR182C,YMR019W,0,3.5847924,0.18708010017871857,0.7203980088233948,0.314757376909256
YMR008C,YLL009C,0,3.584529,0.18703177571296692,0.7203980088233948,0.3148574233055115
YHL015W,YDL247W,0,3.5829284,0.18698346614837646,0.7203980088233948,0.31495746970176697
YLR039C,YGR040W,0,3.5819736,0.1869351863861084,0.7203980088233948,0.31505751609802246
YAR007C,YGL071W,0,3.5817037,0.18688693642616272,0.7203980088233948,0.31515759229660034
YJL024C,YMR308C,0,3.5811384,0.18683871626853943,0.7203980088233948,0.31525763869285583
YPL271W,YDR518W,0,3.5790837,0.18679051101207733,0.7203980088233948,0.31535768508911133
YKL051W,YEL056W,0,3.5789516,0.18674232065677643,0.7203980088233948,0.3154577314853668
YKL026C,YLR097C,0,3.578276,0.1866941750049591,0.7203980088233948,0.3155577778816223
YML073C,YFR007W,0,3.5765526,0.18664604425430298,0.7203980088233948,0.3156578242778778
YGL126W,YML051W,0,3.5760102,0.18659794330596924,0.7203980088233948,0.3157578706741333
YML028W,YCL063W,0,3.5758924,0.1865498572587967,0.7203980088233948,0.3158579170703888
YFR027W,YGR094W,0,3.5746672,0.18650180101394653,0.7203980088233948,0.3159579932689667
YDR224C,YLR095C,1,3.5746648,0.18671131134033203,0.7213930487632751,0.3159579932689667
YGR057C,YML041C,0,3.5738955,0.18666324019432068,0.7213930487632751,0.31605803966522217
YLR318W,YPL252C,0,3.573206,0.18661518394947052,0.7213930487632751,0.31615808606147766
YIL101C,YPR171W,0,3.5722594,0.18656715750694275,0.7213930487632751,0.31625813245773315
YGL105W,YDL019C,0,3.5718853,0.18651916086673737,0.7213930487632751,0.31635817885398865
YLR052W,YBR198C,1,3.571751,0.18672838807106018,0.7223880887031555,0.31635817885398865
YLR442C,YFR036W,0,3.5704591,0.1866803765296936,0.7223880887031555,0.31645822525024414
YOR086C,YJL125C,0,3.569398,0.18663239479064941,0.7223880887031555,0.31655827164649963
YHR119W,YDR225W,1,3.568849,0.1868414282798767,0.7233830690383911,0.31655827164649963
YDR062W,YDR128W,0,3.5681772,0.18679341673851013,0.7233830690383911,0.3166583180427551
YPR162C,YDR155C,1,3.5679293,0.18700231611728668,0.7243781089782715,0.3166583180427551
YLR029C,YMR287C,0,3.5676675,0.1869542896747589,0.7243781089782715,0.3167583644390106
YML107C,YHR012W,0,3.5671196,0.18690629303455353,0.7243781089782715,0.3168584406375885
YKR054C,YPL183W-A,0,3.5668416,0.18685831129550934,0.7243781089782715,0.316958487033844
YMR091C,YBR088C,1,3.5665827,0.1870669722557068,0.7253731489181519,0.316958487033844
YFR013W,YHR119W,1,3.5659811,0.18727552890777588,0.7263681888580322,0.316958487033844
YMR229C,YDR362C,0,3.5659194,0.18722748756408691,0.7263681888580322,0.3170585334300995
YPL154C,YGR010W,0,3.5651999,0.18717949092388153,0.7263681888580322,0.317158579826355
YKR094C,YBL069W,0,3.5649428,0.18713150918483734,0.7263681888580322,0.3172586262226105
YBR185C,YIL076W,0,3.5648558,0.18708354234695435,0.7263681888580322,0.31735867261886597
YNL135C,YLR449W,1,3.564184,0.18729183077812195,0.7273631691932678,0.31735867261886597
YJL108C,YGL211W,0,3.5639071,0.18724384903907776,0.7273631691932678,0.31745871901512146
YHR146W,YKR061W,0,3.5636504,0.18719589710235596,0.7273631691932678,0.31755876541137695
YOL064C,YDR292C,0,3.5632608,0.18714797496795654,0.7273631691932678,0.31765884160995483
YFL047W,YGL169W,0,3.5631475,0.18710008263587952,0.7273631691932678,0.3177588880062103
YBR273C,YDR443C,0,3.5631282,0.18705220520496368,0.7273631691932678,0.3178589344024658
YJR050W,YBR005W,0,3.5629234,0.18700434267520905,0.7273631691932678,0.3179589807987213
YDR358W,YER145C,0,3.5626976,0.186956524848938,0.7273631691932678,0.3180590271949768
YCR060W,YJL136C,0,3.562602,0.18690872192382812,0.7273631691932678,0.3181590735912323
YOL056W,YGL209W,0,3.562598,0.18686093389987946,0.7273631691932678,0.3182591199874878
YLR192C,YMR002W,0,3.5610495,0.18681319057941437,0.7273631691932678,0.3183591663837433
YMR270C,YJL187C,0,3.560944,0.18676546216011047,0.7273631691932678,0.31845924258232117
YOR175C,YMR145C,0,3.5603685,0.18671774864196777,0.7273631691932678,0.31855928897857666
YCR052W,YJL108C,0,3.5599768,0.18667006492614746,0.7273631691932678,0.31865933537483215
YGR211W,YNL055C,0,3.5593963,0.18662241101264954,0.7273631691932678,0.31875938177108765
YDR322W,YGR202C,0,3.5591073,0.186574786901474,0.7273631691932678,0.31885942816734314
YDR012W,YDR516C,0,3.5590482,0.18652717769145966,0.7273631691932678,0.31895947456359863
YIL154C,YLR038C,0,3.5588903,0.1864795982837677,0.7273631691932678,0.3190595209598541
YNL294C,YDR238C,0,3.5587144,0.18643203377723694,0.7273631691932678,0.3191595673561096
YER029C,YMR318C,0,3.5582669,0.18638449907302856,0.7273631691932678,0.3192596435546875
YKL074C,YLR059C,0,3.5579991,0.18633699417114258,0.7273631691932678,0.319359689950943
YPL172C,YOR080W,0,3.557921,0.18628950417041779,0.7273631691932678,0.3194597363471985
YDL018C,YJL196C,0,3.557177,0.18624204397201538,0.7273631691932678,0.319559782743454
YMR229C,YNL223W,0,3.5565743,0.18619459867477417,0.7273631691932678,0.3196598291397095
YMR194W,YOR261C,0,3.5565205,0.18614718317985535,0.7273631691932678,0.31975987553596497
YIL052C,YHR017W,0,3.5559735,0.1860997974872589,0.7273631691932678,0.31985992193222046
YLR170C,YGL113W,0,3.5559082,0.18605242669582367,0.7273631691932678,0.31995996832847595
YMR080C,YER030W,1,3.5556788,0.18625953793525696,0.7283582091331482,0.31995996832847595
YCL027W,YGR024C,0,3.5552025,0.18621216714382172,0.7283582091331482,0.32006004452705383
YER063W,YNL149C,0,3.5546856,0.18616479635238647,0.7283582091331482,0.3201600909233093
YDR025W,YBR130C,0,3.554612,0.18611747026443481,0.7283582091331482,0.3202601373195648
YBR009C,YNL330C,1,3.5544863,0.1863243579864502,0.7293532490730286,0.3202601373195648
YFL049W,YMR211W,0,3.553383,0.18627700209617615,0.7293532490730286,0.3203601837158203
YJL130C,YDR174W,0,3.5528836,0.1862296760082245,0.7293532490730286,0.3204602301120758
YPL101W,YLR270W,0,3.552556,0.18618237972259521,0.7293532490730286,0.3205602765083313
YKL064W,YML031W,0,3.552055,0.18613509833812714,0.7293532490730286,0.3206603229045868
YKL032C,YBL103C,0,3.5515516,0.18608784675598145,0.7293532490730286,0.3207603693008423
YLR043C,YKL089W,0,3.5506,0.18604061007499695,0.7293532490730286,0.3208604156970978
YDR332W,YAL056W,0,3.5490944,0.18599340319633484,0.7293532490730286,0.32096049189567566
YKL039W,YOR084W,0,3.549066,0.18594622611999512,0.7293532490730286,0.32106053829193115
YPL218W,YER115C,0,3.5489955,0.1858990639448166,0.7293532490730286,0.32116058468818665
YNL107W,YNR044W,0,3.548837,0.18585193157196045,0.7293532490730286,0.32126063108444214
YNR045W,YLR237W,0,3.5486898,0.1858048141002655,0.7293532490730286,0.32136067748069763
YOR380W,YKL054C,0,3.5484455,0.18575772643089294,0.7293532490730286,0.3214607238769531
YNL314W,YNL135C,0,3.5482903,0.18571066856384277,0.7293532490730286,0.3215607702732086
YBL080C,YJL012C,0,3.5467417,0.1856636255979538,0.7293532490730286,0.3216608166694641
YNL218W,YKL170W,0,3.546327,0.1856166124343872,0.7293532490730286,0.321760892868042
YIL143C,YER049W,0,3.5462017,0.1855696141719818,0.7293532490730286,0.3218609392642975
YNL085W,YPL254W,0,3.5442224,0.1855226457118988,0.7293532490730286,0.321960985660553
YBR198C,YGL207W,1,3.543831,0.1857287436723709,0.7303482294082642,0.321960985660553
YGR171C,YKL082C,0,3.543793,0.1856817603111267,0.7303482294082642,0.32206103205680847
YLL024C,YLR305C,0,3.5437717,0.1856348067522049,0.7303482294082642,0.32216107845306396
YKL130C,YBR042C,0,3.5436964,0.18558786809444427,0.7303482294082642,0.32226112484931946
YMR125W,YDR041W,0,3.542734,0.18554094433784485,0.7303482294082642,0.32236117124557495
YIL043C,YDR076W,0,3.5427005,0.185494065284729,0.7303482294082642,0.32246121764183044
YKL183W,YJR101W,0,3.5424619,0.18544720113277435,0.7303482294082642,0.3225612938404083
YOL158C,YNL080C,0,3.5423393,0.1854003518819809,0.7303482294082642,0.3226613402366638
YNL199C,YKL126W,0,3.542044,0.18535353243350983,0.7303482294082642,0.3227613866329193
YDR472W,YIL115C,0,3.5412755,0.18530674278736115,0.7303482294082642,0.3228614330291748
YPL202C,YKR044W,0,3.5402355,0.18525996804237366,0.7303482294082642,0.3229614794254303
YJL081C,YOR250C,0,3.5401204,0.18521322309970856,0.7303482294082642,0.3230615258216858
YKL007W,YOR261C,0,3.5400734,0.18516649305820465,0.7303482294082642,0.3231615722179413
YNL133C,YKL054C,0,3.540061,0.18511979281902313,0.7303482294082642,0.3232616186141968
YNL092W,YER102W,0,3.5384314,0.185073122382164,0.7303482294082642,0.32336169481277466
YKR101W,YDR155C,1,3.538199,0.18527854979038239,0.7313432693481445,0.32336169481277466
YER113C,YOL082W,0,3.5381746,0.18523184955120087,0.7313432693481445,0.32346174120903015
YIL137C,YDL192W,0,3.537482,0.18518517911434174,0.7313432693481445,0.32356178760528564
YNL138W,YCL044C,0,3.5367284,0.185138538479805,0.7313432693481445,0.32366183400154114
YDR351W,YER038C,0,3.5367272,0.18509191274642944,0.7313432693481445,0.32376188039779663
YIL018W,YGL157W,0,3.5361552,0.18504531681537628,0.7313432693481445,0.3238619267940521
YGR180C,YEL018W,0,3.5361447,0.18499873578548431,0.7313432693481445,0.3239619731903076
YGL207W,YBR195C,1,3.5336647,0.18520382046699524,0.7323383092880249,0.3239619731903076
YMR150C,YKL051W,0,3.5336485,0.18515723943710327,0.7323383092880249,0.3240620195865631
YER098W,YOR236W,0,3.5326371,0.1851106584072113,0.7323383092880249,0.324162095785141
YHR179W,YOR247W,0,3.5322392,0.18506412208080292,0.7323383092880249,0.3242621421813965
YNL290W,YDL120W,0,3.531948,0.18501760065555573,0.7323383092880249,0.324362188577652
YLR019W,YDR341C,0,3.5315783,0.18497109413146973,0.7323383092880249,0.32446223497390747
YNR023W,YBR198C,1,3.5313108,0.18517588078975677,0.7333333492279053,0.32446223497390747
YDR088C,YDR233C,0,3.5311756,0.18512935936450958,0.7333333492279053,0.32456228137016296
YOR036W,YOL069W,0,3.5310636,0.18508286774158478,0.7333333492279053,0.32466232776641846
YKR008W,YJL192C,0,3.5306993,0.18503640592098236,0.7333333492279053,0.32476237416267395
YNL110C,YJL095W,0,3.5305758,0.18498995900154114,0.7333333492279053,0.32486242055892944
YPL117C,YOR071C,0,3.5303452,0.1849435418844223,0.7333333492279053,0.32496246695518494
YDR368W,YGR246C,0,3.5297446,0.18489713966846466,0.7333333492279053,0.3250625431537628
YDL080C,YPL100W,0,3.5287871,0.1848507672548294,0.7333333492279053,0.3251625895500183
YNL025C,YGL216W,0,3.5278058,0.18480440974235535,0.7333333492279053,0.3252626359462738
YHR106W,YMR308C,0,3.5275998,0.18475808203220367,0.7333333492279053,0.3253626823425293
YGR244C,YFR019W,0,3.5274558,0.1847117841243744,0.7333333492279053,0.3254627287387848
YOR156C,YPL097W,0,3.5271816,0.1846655011177063,0.7333333492279053,0.3255627751350403
YPL209C,YOR057W,0,3.5269442,0.1846192330121994,0.7333333492279053,0.3256628215312958
YNR043W,YPL254W,0,3.5267358,0.1845730096101761,0.7333333492279053,0.32576286792755127
YDL087C,YKR026C,0,3.5267272,0.18452678620815277,0.7333333492279053,0.32586294412612915
YHR088W,YHR171W,0,3.526412,0.18448060750961304,0.7333333492279053,0.32596299052238464
YNL135C,YDL105W,1,3.5262845,0.18468467891216278,0.7343283295631409,0.32596299052238464
YDR032C,YBL074C,0,3.5256472,0.18463848531246185,0.7343283295631409,0.32606303691864014
YDL128W,YLL061W,0,3.5254936,0.18459229171276093,0.7343283295631409,0.32616308331489563
YER002W,YMR091C,0,3.525351,0.18454614281654358,0.7343283295631409,0.3262631297111511
YLR390W-A,YIL020C,0,3.52489,0.18449999392032623,0.7343283295631409,0.3263631761074066
YML080W,YLR098C,0,3.5239134,0.18445388972759247,0.7343283295631409,0.3264632225036621
YLR447C,YOR011W,0,3.523384,0.1844078004360199,0.7343283295631409,0.3265632688999176
YGL067W,YKL130C,0,3.5226974,0.18436172604560852,0.7343283295631409,0.3266633450984955
YMR263W,YGR002C,1,3.5225182,0.1845654398202896,0.7353233695030212,0.3266633450984955
YNL030W,YDR439W,1,3.5224328,0.18476903438568115,0.7363184094429016,0.3266633450984955
YDR499W,YNL137C,0,3.5222757,0.1847229152917862,0.7363184094429016,0.326763391494751
YNL135C,YML041C,1,3.522101,0.184926375746727,0.737313449382782,0.326763391494751
YJL089W,YHR099W,0,3.5220852,0.18488024175167084,0.737313449382782,0.32686343789100647
YHR085W,YLR115W,0,3.5219798,0.18483412265777588,0.737313449382782,0.32696348428726196
YDL204W,YDL035C,0,3.5204535,0.1847880333662033,0.737313449382782,0.32706353068351746
YMR088C,YPL209C,0,3.5203424,0.18474195897579193,0.737313449382782,0.32716357707977295
YLR075W,YLR265C,0,3.520159,0.18469591438770294,0.737313449382782,0.32726362347602844
YBR024W,YDR144C,0,3.519747,0.18464988470077515,0.737313449382782,0.32736366987228394
YOR386W,YLR045C,0,3.5196059,0.18460388481616974,0.737313449382782,0.3274637460708618
YOL101C,YBR180W,0,3.5180774,0.18455791473388672,0.737313449382782,0.3275637924671173
YGR255C,YOR254C,0,3.5176067,0.1845119595527649,0.737313449382782,0.3276638388633728
YEL070W,YPL078C,0,3.517207,0.18446601927280426,0.737313449382782,0.3277638852596283
YML065W,YLL022C,1,3.516754,0.18466898798942566,0.7383084297180176,0.3277638852596283
YDR170C,YDR002W,0,3.516656,0.18462304770946503,0.7383084297180176,0.3278639316558838
YLR450W,YDL033C,0,3.5163136,0.1845771074295044,0.7383084297180176,0.3279639780521393
YNL135C,YBL003C,1,3.5158415,0.18477991223335266,0.739303469657898,0.3279639780521393
YMR080C,YNL246W,1,3.5155897,0.18498259782791138,0.7402985095977783,0.3279639780521393
YDR405W,YOR150W,0,3.515588,0.18493661284446716,0.7402985095977783,0.3280640244483948
YIL014W,YPR192W,0,3.514905,0.18489065766334534,0.7402985095977783,0.32816407084465027
YLR011W,YDR195W,0,3.5147214,0.1848447173833847,0.7402985095977783,0.32826411724090576
YDR190C,YDR167W,1,3.5140798,0.1850471943616867,0.7412935495376587,0.32826411724090576
YDL229W,YMR055C,0,3.5130355,0.18500123918056488,0.7412935495376587,0.32836419343948364
YJL057C,YKR056W,0,3.512084,0.18495531380176544,0.7412935495376587,0.32846423983573914
YIL150C,YDR167W,1,3.5117583,0.18515761196613312,0.7422885298728943,0.32846423983573914
YHR052W,YER098W,0,3.5113711,0.1851116567850113,0.7422885298728943,0.32856428623199463
YLR361C,YJR083C,0,3.5112243,0.18506574630737305,0.7422885298728943,0.3286643326282501
YDR356W,YNL094W,0,3.5106905,0.1850198358297348,0.7422885298728943,0.3287643790245056
YFR037C,YMR149W,0,3.5105543,0.18497397005558014,0.7422885298728943,0.3288644254207611
YLL009C,YHR108W,0,3.5104294,0.18492810428142548,0.7422885298728943,0.3289644718170166
YLR246W,YCR038C,0,3.5102916,0.1848822832107544,0.7422885298728943,0.3290645182132721
YPL093W,YDR503C,0,3.510253,0.1848364770412445,0.7422885298728943,0.32916459441185
YDL078C,YPR131C,0,3.5097303,0.1847906857728958,0.7422885298728943,0.32926464080810547
YER068W,YFR027W,0,3.5096002,0.1847449243068695,0.7422885298728943,0.32936468720436096
YJL133W,YLR363C,0,3.5095263,0.1846991777420044,0.7422885298728943,0.32946473360061646
YKL161C,YLR403W,0,3.5093613,0.18465346097946167,0.7422885298728943,0.32956477999687195
YNL023C,YKL144C,0,3.5092576,0.18460777401924133,0.7422885298728943,0.32966482639312744
YBR112C,YEL065W,0,3.5092256,0.1845621019601822,0.7422885298728943,0.32976487278938293
YAL044C,YPL135W,0,3.5085757,0.18451644480228424,0.7422885298728943,0.3298649191856384
YCL064C,YNR003C,0,3.5083795,0.18447081744670868,0.7422885298728943,0.3299649953842163
YLR409C,YER173W,0,3.508304,0.1844252198934555,0.7422885298728943,0.3300650417804718
YGR264C,YML076C,0,3.5069656,0.18437963724136353,0.7422885298728943,0.3301650881767273
YLR418C,YER102W,0,3.5054328,0.18433406949043274,0.7422885298728943,0.3302651345729828
YBR289W,YBR215W,1,3.5050604,0.18453557789325714,0.7432835698127747,0.3302651345729828
YOR294W,YBL020W,0,3.5037775,0.18448999524116516,0.7432835698127747,0.3303651809692383
YKR008W,YDR518W,0,3.5032053,0.18444444239139557,0.7432835698127747,0.3304652273654938
YMR054W,YOR034C,0,3.5031948,0.18439891934394836,0.7432835698127747,0.33056527376174927
YER102W,YPR042C,0,3.5013342,0.18435341119766235,0.7432835698127747,0.33066532015800476
YHR113W,YNR024W,0,3.5007775,0.18430791795253754,0.7432835698127747,0.33076539635658264
YBR002C,YAL022C,0,3.500392,0.1842624545097351,0.7432835698127747,0.33086544275283813
YKL175W,YER008C,0,3.4998956,0.18421702086925507,0.7432835698127747,0.33096548914909363
YJR035W,YGL071W,0,3.4997044,0.18417160212993622,0.7432835698127747,0.3310655355453491
YCL032W,YOR193W,0,3.4995348,0.18412619829177856,0.7432835698127747,0.3311655819416046
YLR033W,YDL140C,1,3.4992666,0.18432725965976715,0.744278609752655,0.3311655819416046
YKL110C,YDR376W,0,3.4989977,0.1842818409204483,0.744278609752655,0.3312656283378601
YFR037C,YLR399C,1,3.4988892,0.18448275327682495,0.7452736496925354,0.3312656283378601
YGR271W,YER049W,0,3.4981518,0.1844373345375061,0.7452736496925354,0.3313656747341156
YNL077W,YGR234W,0,3.4976397,0.18439193069934845,0.7452736496925354,0.3314657211303711
YDR534C,YNL217W,0,3.4971397,0.184346541762352,0.7452736496925354,0.331565797328949
YOR034C,YJL095W,0,3.4948678,0.18430118262767792,0.7452736496925354,0.33166584372520447
YJL121C,YGL238W,0,3.4946811,0.18425583839416504,0.7452736496925354,0.33176589012145996
YJR155W,YEL051W,0,3.494612,0.18421052396297455,0.7452736496925354,0.33186593651771545
YKL205W,YMR256C,0,3.4942522,0.18416523933410645,0.7452736496925354,0.33196598291397095
YBR084W,YCR096C,0,3.494142,0.18411995470523834,0.7452736496925354,0.33206602931022644
YPR017C,YJR004C,0,3.4939694,0.18407471477985382,0.7452736496925354,0.33216607570648193
YOR219C,YMR071C,0,3.493485,0.1840294897556305,0.7452736496925354,0.3322661221027374
YGL127C,YLR025W,0,3.4923642,0.18398427963256836,0.7452736496925354,0.3323661684989929
YOL054W,YFL049W,0,3.4917908,0.1839390993118286,0.7452736496925354,0.3324662446975708
YAL048C,YPL022W,0,3.491548,0.18389393389225006,0.7452736496925354,0.3325662910938263
YBL021C,YDR449C,0,3.4913688,0.1838487982749939,0.7452736496925354,0.3326663374900818
YHR056C,YBR195C,1,3.4909134,0.1840490847826004,0.746268630027771,0.3326663374900818
YOL078W,YBL005W,0,3.4908853,0.18400391936302185,0.746268630027771,0.3327663838863373
YHR025W,YNL288W,0,3.4905097,0.18395879864692688,0.746268630027771,0.3328664302825928
YDR071C,YJL155C,0,3.4896631,0.1839136779308319,0.746268630027771,0.33296647667884827
YJL112W,YDR174W,0,3.4882884,0.18386860191822052,0.746268630027771,0.33306652307510376
YDR177W,YOR138C,0,3.4881783,0.18382352590560913,0.746268630027771,0.33316656947135925
YJL214W,YIL035C,0,3.4877598,0.18377847969532013,0.746268630027771,0.33326664566993713
YOR230W,YCR057C,0,3.4873018,0.18373346328735352,0.746268630027771,0.3333666920661926
YJL214W,YGL025C,0,3.4871292,0.1836884617805481,0.746268630027771,0.3334667384624481
YMR306W,YIL078W,0,3.486846,0.18364349007606506,0.746268630027771,0.3335667848587036
YDR347W,YMR227C,0,3.4867878,0.18359853327274323,0.746268630027771,0.3336668312549591
YMR228W,YJL109C,0,3.4865189,0.18355359137058258,0.746268630027771,0.3337668776512146
YDL229W,YKL190W,0,3.4862993,0.18350867927074432,0.746268630027771,0.3338669240474701
YGL028C,YDR309C,0,3.4859562,0.18346379697322845,0.746268630027771,0.3339669704437256
YNR023W,YOL090W,1,3.4858694,0.1836634874343872,0.7472636699676514,0.3339669704437256
YMR319C,YPL180W,0,3.4837475,0.18361857533454895,0.7472636699676514,0.33406704664230347
YLR313C,YKL039W,0,3.482767,0.18357369303703308,0.7472636699676514,0.33416709303855896
YGL173C,YLR025W,0,3.481883,0.1835288405418396,0.7472636699676514,0.33426713943481445
YPL022W,YMR048W,0,3.4817853,0.1834840029478073,0.7472636699676514,0.33436718583106995
YER045C,YOR151C,0,3.4817777,0.18343918025493622,0.7472636699676514,0.33446723222732544
YHL034C,YLR213C,0,3.4815512,0.1833943873643875,0.7472636699676514,0.33456727862358093
YMR195W,YOR109W,0,3.481274,0.183349609375,0.7472636699676514,0.3346673250198364
YMR273C,YJR119C,0,3.4807346,0.18330486118793488,0.7472636699676514,0.3347673714160919
YIL126W,YPR052C,1,3.4799237,0.1835041493177414,0.7482587099075317,0.3347673714160919
YPR187W,YLR037C,0,3.4797459,0.18345938622951508,0.7482587099075317,0.3348674476146698
YKL004W,YBR297W,0,3.4795742,0.18341463804244995,0.7482587099075317,0.3349674940109253
YGL116W,YOR237W,0,3.4793296,0.18336990475654602,0.7482587099075317,0.3350675404071808
YBR245C,YHR171W,0,3.4782634,0.18332520127296448,0.7482587099075317,0.3351675868034363
YDR472W,YDR510W,0,3.4774177,0.18328052759170532,0.7482587099075317,0.3352676331996918
YKL198C,YMR159C,0,3.477408,0.18323586881160736,0.7482587099075317,0.33536767959594727
YIL006W,YMR242C,0,3.477328,0.1831912249326706,0.7482587099075317,0.33546772599220276
YBR080C,YOR270C,0,3.4773133,0.1831466108560562,0.7482587099075317,0.33556777238845825
YLR190W,YCR096C,0,3.4771514,0.18310202658176422,0.7482587099075317,0.33566784858703613
YDR499W,YBL013W,0,3.476047,0.18305744230747223,0.7482587099075317,0.3357678949832916
YHR105W,YER112W,0,3.4759016,0.18301290273666382,0.7482587099075317,0.3358679413795471
YMR080C,YDR190C,1,3.475411,0.18321168422698975,0.7492537498474121,0.3358679413795471
YJL030W,YLR427W,0,3.4751072,0.18316711485385895,0.7492537498474121,0.3359679877758026
YHR118C,YOR141C,1,3.4750366,0.18336576223373413,0.7502487301826477,0.3359679877758026
YBR059C,YGR252W,0,3.4747515,0.18332117795944214,0.7502487301826477,0.3360680341720581
YBL041W,YLR011W,0,3.474595,0.18327662348747253,0.7502487301826477,0.3361680805683136
YGR009C,YDR190C,0,3.473805,0.18323208391666412,0.7502487301826477,0.3362681269645691
YDR313C,YDR520C,0,3.4733353,0.1831875592470169,0.7502487301826477,0.3363681733608246
YDL170W,YOR316C,0,3.4729438,0.18314306437969208,0.7502487301826477,0.3364682197570801
YGR083C,YOR181W,0,3.472638,0.18309858441352844,0.7502487301826477,0.33656829595565796
YGL028C,YOR294W,0,3.4722762,0.1830541342496872,0.7502487301826477,0.33666834235191345
YDR088C,YGR007W,0,3.4713235,0.18300971388816833,0.7502487301826477,0.33676838874816895
YOL120C,YDL099W,0,3.4709024,0.18296529352664948,0.7502487301826477,0.33686843514442444
YJL029C,YOR181W,0,3.4708142,0.1829209178686142,0.7502487301826477,0.33696848154067993
YEL058W,YJL103C,0,3.4702358,0.18287654221057892,0.7502487301826477,0.3370685279369354
YJL130C,YIL139C,0,3.4698687,0.18283219635486603,0.7502487301826477,0.3371685743331909
YGR241C,YGR063C,0,3.4691894,0.18278788030147552,0.7502487301826477,0.3372686207294464
YDL143W,YHR036W,0,3.4689565,0.18274357914924622,0.7502487301826477,0.3373686969280243
YLR285W,YDR523C,0,3.4683619,0.1826992928981781,0.7502487301826477,0.3374687433242798
YDL029W,YCR106W,0,3.4682837,0.18265503644943237,0.7502487301826477,0.3375687897205353
YKR038C,YDR508C,0,3.468229,0.18261079490184784,0.7502487301826477,0.33766883611679077
YDR320C-A,YGL139W,0,3.4664598,0.1825665831565857,0.7502487301826477,0.33776888251304626
YDL235C,YLR176C,0,3.4664187,0.18252238631248474,0.7502487301826477,0.33786892890930176
YHR181W,YGL003C,0,3.4654229,0.18247821927070618,0.7502487301826477,0.33796897530555725
YBR208C,YNL259C,0,3.464762,0.1824340671300888,0.7502487301826477,0.33806902170181274
YPR192W,YER045C,0,3.4630733,0.18238992989063263,0.7502487301826477,0.3381690979003906
YDR363W,YCR020W-B,1,3.4619932,0.182587668299675,0.7512437701225281,0.3381690979003906
YMR160W,YOR287C,0,3.4616234,0.18254351615905762,0.7512437701225281,0.3382691442966461
YGR060W,YOR187W,0,3.4606621,0.18249939382076263,0.7512437701225281,0.3383691906929016
YMR270C,YOL096C,0,3.4598227,0.18245528638362885,0.7512437701225281,0.3384692370891571
YNL246W,YML069W,1,3.4597108,0.1826528161764145,0.7522388100624084,0.3384692370891571
YDR014W,YLR220W,0,3.4596028,0.1826086938381195,0.7522388100624084,0.3385692834854126
YKL017C,YLL008W,0,3.4591615,0.1825646013021469,0.7522388100624084,0.3386693298816681
YDL185W,YNR022C,0,3.4580574,0.1825205236673355,0.7522388100624084,0.3387693762779236
YNL212W,YKL217W,0,3.4577713,0.1824764609336853,0.7522388100624084,0.3388694226741791
YER014W,YHR149C,0,3.4577467,0.18243242800235748,0.7522388100624084,0.33896949887275696
YNL232W,YCL004W,0,3.4561656,0.18238842487335205,0.7522388100624084,0.33906954526901245
YIL079C,YGL106W,0,3.4561267,0.18234442174434662,0.7522388100624084,0.33916959166526794
YNL314W,YLR385C,0,3.455937,0.18230046331882477,0.7522388100624084,0.33926963806152344
YGL171W,YHR185C,0,3.455418,0.18225650489330292,0.7522388100624084,0.33936968445777893
YKL090W,YOR386W,0,3.4553003,0.18221257627010345,0.7522388100624084,0.3394697308540344
YGR229C,YGL092W,0,3.4551735,0.18216867744922638,0.7522388100624084,0.3395697772502899
YMR063W,YOL155C,0,3.4551668,0.1821247935295105,0.7522388100624084,0.3396698236465454
YHR171W,YJL041W,0,3.455084,0.1820809245109558,0.7522388100624084,0.3397698700428009
YDR425W,YBL047C,0,3.453968,0.1820370852947235,0.7522388100624084,0.3398699462413788
YGL238W,YML124C,0,3.453853,0.1819932609796524,0.7522388100624084,0.3399699926376343
YML070W,YCR016W,0,3.4531646,0.1819494515657425,0.7522388100624084,0.34007003903388977
YML021C,YJR133W,0,3.4528198,0.18190567195415497,0.7522388100624084,0.34017008543014526
YBR093C,YKR097W,0,3.4526381,0.18186192214488983,0.7522388100624084,0.34027013182640076
YLR055C,YKR008W,1,3.4523773,0.1820586770772934,0.7532338500022888,0.34027013182640076
YMR009W,YDR304C,0,3.451941,0.18201491236686707,0.7532338500022888,0.34037017822265625
YHL040C,YLR197W,0,3.4516673,0.18197114765644073,0.7532338500022888,0.34047022461891174
YGR222W,YDL195W,0,3.451567,0.18192742764949799,0.7532338500022888,0.34057027101516724
YNL103W,YPL031C,0,3.4503357,0.18188370764255524,0.7532338500022888,0.3406703472137451
YBR149W,YOL086C,0,3.4502096,0.18184001743793488,0.7532338500022888,0.3407703936100006
YLR099C,YDR111C,0,3.450014,0.1817963570356369,0.7532338500022888,0.3408704400062561
YLR417W,YGR036C,0,3.4495003,0.18175269663333893,0.7532338500022888,0.3409704864025116
YBR272C,YDR002W,0,3.4491014,0.18170906603336334,0.7532338500022888,0.3410705327987671
YPL120W,YGR239C,0,3.4490747,0.18166546523571014,0.7532338500022888,0.3411705791950226
YJL044C,YOL069W,0,3.4487867,0.18162187933921814,0.7532338500022888,0.3412706255912781
YDR470C,YGR216C,0,3.4484348,0.18157832324504852,0.7532338500022888,0.34137067198753357
YBR095C,YKR095W,0,3.4465418,0.1815347671508789,0.7532338500022888,0.34147074818611145
YDR487C,YGR144W,0,3.4465265,0.18149125576019287,0.7532338500022888,0.34157079458236694
YDR341C,YOL147C,0,3.4460478,0.18144774436950684,0.7532338500022888,0.34167084097862244
YOL012C,YKL029C,0,3.4459634,0.1814042627811432,0.7532338500022888,0.34177088737487793
YDR364C,YOR191W,0,3.445952,0.18136081099510193,0.7532338500022888,0.3418709337711334
YER032W,YNL221C,0,3.4455996,0.18131735920906067,0.7532338500022888,0.3419709801673889
YIL118W,YPL154C,0,3.4455395,0.181273952126503,0.7532338500022888,0.3420710265636444
YOR045W,YOR270C,0,3.4448533,0.1812305450439453,0.7532338500022888,0.3421710729598999
YER055C,YGL155W,0,3.444335,0.18118716776371002,0.7532338500022888,0.3422711491584778
YOL156W,YKL183W,0,3.4436889,0.18114382028579712,0.7532338500022888,0.3423711955547333
YJL011C,YGL050W,0,3.4431064,0.18110047280788422,0.7532338500022888,0.34247124195098877
YPL224C,YDR050C,0,3.4426985,0.1810571700334549,0.7532338500022888,0.34257128834724426
YLR085C,YPL127C,1,3.4425168,0.18125298619270325,0.7542288303375244,0.34257128834724426
YFR010W,YBR040W,0,3.4423757,0.18120965361595154,0.7542288303375244,0.34267133474349976
YDL042C,YGL207W,1,3.4422748,0.18140535056591034,0.7552238702774048,0.34267133474349976
YLR440C,YGL232W,0,3.442096,0.18136200308799744,0.7552238702774048,0.34277138113975525
YDR368W,YLR059C,0,3.441962,0.18131868541240692,0.7552238702774048,0.34287142753601074
YBR035C,YDR197W,0,3.4417415,0.1812753826379776,0.7552238702774048,0.34297147393226624
YDR411C,YLR088W,0,3.440579,0.18123209476470947,0.7552238702774048,0.3430715501308441
YGR171C,YDR174W,0,3.43966,0.18118882179260254,0.7552238702774048,0.3431715965270996
YGL170C,YGR222W,0,3.4393601,0.181145578622818,0.7552238702774048,0.3432716429233551
YLR129W,YLR096W,0,3.4390266,0.18110236525535583,0.7552238702774048,0.3433716893196106
YAL011W,YOR209C,1,3.4389613,0.18129770457744598,0.7562189102172852,0.3433716893196106
YJL013C,YNL098C,0,3.4373376,0.18125447630882263,0.7562189102172852,0.3434717357158661
YFL001W,YMR013C,0,3.436352,0.18121124804019928,0.7562189102172852,0.3435717821121216
YGL150C,YDR225W,1,3.4354882,0.1814064383506775,0.7572139501571655,0.3435717821121216
YBR115C,YKL192C,0,3.4351335,0.18136321008205414,0.7572139501571655,0.3436718285083771
YDR155C,YLL004W,1,3.4341888,0.1815582513809204,0.7582089304924011,0.3436718285083771
YJR053W,YMR149W,0,3.4340286,0.18151500821113586,0.7582089304924011,0.34377187490463257
YKR048C,YDR310C,1,3.4337595,0.18170993030071259,0.7592039704322815,0.34377187490463257
YBR172C,YOR142W,0,3.4333885,0.18166667222976685,0.7592039704322815,0.34387192130088806
YJR022W,YJL044C,0,3.433258,0.1816234290599823,0.7592039704322815,0.34397199749946594
YKR010C,YDR167W,1,3.4330654,0.1818181872367859,0.7601990103721619,0.34397199749946594
YJR055W,YOL009C,0,3.4330194,0.18177492916584015,0.7601990103721619,0.34407204389572144
YMR177W,YPR178W,0,3.432859,0.1817316859960556,0.7601990103721619,0.34417209029197693
YGR253C,YHR154W,0,3.4327917,0.18168847262859344,0.7601990103721619,0.3442721366882324
YDL111C,YNR037C,0,3.4327898,0.18164527416229248,0.7601990103721619,0.3443721830844879
YBR010W,YDR285W,0,3.4325497,0.1816020905971527,0.7601990103721619,0.3444722294807434
YDL028C,YLR450W,0,3.4323826,0.18155893683433533,0.7601990103721619,0.3445722758769989
YER171W,YDR451C,0,3.4312203,0.18151579797267914,0.7601990103721619,0.3446723222732544
YBR211C,YPL156C,0,3.4305413,0.18147268891334534,0.7601990103721619,0.3447723984718323
YGL203C,YLR234W,0,3.4305048,0.18142959475517273,0.7601990103721619,0.34487244486808777
YER164W,YNL030W,1,3.4304328,0.1816239356994629,0.7611940503120422,0.34487244486808777
YGL244W,YBR089C-A,0,3.4304187,0.1815808266401291,0.7611940503120422,0.34497249126434326
YBL080C,YBR188C,0,3.4302373,0.18153773248195648,0.7611940503120422,0.34507253766059875
YOR259C,YPL139C,0,3.4300892,0.18149466812610626,0.7611940503120422,0.34517258405685425
YDR414C,YOR301W,0,3.4299116,0.18145161867141724,0.7611940503120422,0.34527263045310974
YGR260W,YLR361C,0,3.4298816,0.1814085841178894,0.7611940503120422,0.34537267684936523
YPR073C,YPL179W,0,3.429843,0.18136557936668396,0.7611940503120422,0.3454727232456207
YCR052W,YMR127C,1,3.4292674,0.18155960738658905,0.7621890306472778,0.3454727232456207
YDL120W,YPL175W,0,3.429022,0.1815165877342224,0.7621890306472778,0.3455727994441986
YNL138W,YGR030C,0,3.4286685,0.18147358298301697,0.7621890306472778,0.3456728458404541
YMR263W,YBL002W,1,3.4284205,0.18166746199131012,0.7631840705871582,0.3456728458404541
YJL219W,YGL249W,0,3.428399,0.18162444233894348,0.7631840705871582,0.3457728922367096
YMR322C,YMR025W,0,3.4283643,0.18158143758773804,0.7631840705871582,0.3458729386329651
YMR290C,YNL309W,0,3.4280126,0.18153846263885498,0.7631840705871582,0.3459729850292206
YDR363W,YDL140C,1,3.4279304,0.18173213303089142,0.7641791105270386,0.3459729850292206
YOR228C,YDR165W,0,3.427848,0.18168914318084717,0.7641791105270386,0.3460730314254761
YJL166W,YCR026C,0,3.4276137,0.1816461682319641,0.7641791105270386,0.34617307782173157
YML009C,YDR301W,0,3.427254,0.18160322308540344,0.7641791105270386,0.34627312421798706
YHR056C,YPL210C,0,3.4271848,0.18156027793884277,0.7641791105270386,0.34637320041656494
YDR378C,YMR100W,0,3.425491,0.18151737749576569,0.7641791105270386,0.34647324681282043
YJR031C,YOR036W,0,3.4250188,0.1814744770526886,0.7641791105270386,0.3465732932090759
YOR384W,YLR276C,0,3.4248211,0.1814316064119339,0.7641791105270386,0.3466733396053314
YAL002W,YGR279C,0,3.424705,0.1813887506723404,0.7641791105270386,0.3467733860015869
YPR024W,YPR036W,0,3.4246578,0.18134592473506927,0.7641791105270386,0.3468734323978424
YOL042W,YDR427W,0,3.4246082,0.18130311369895935,0.7641791105270386,0.3469734787940979
YPR175W,YKL112W,1,3.4245248,0.18149633705615997,0.765174150466919,0.3469734787940979
YLR170C,YDR159W,0,3.4242208,0.18145351111888885,0.765174150466919,0.3470735251903534
YDR508C,YGR225W,0,3.423668,0.18141071498394012,0.765174150466919,0.3471736013889313
YDR040C,YNL258C,0,3.4236324,0.1813679188489914,0.765174150466919,0.34727364778518677
YDR265W,YEL061C,0,3.4234655,0.18132515251636505,0.765174150466919,0.34737369418144226
YGL173C,YPR002W,0,3.4233944,0.1812824159860611,0.765174150466919,0.34747374057769775
YHL025W,YER171W,0,3.4232872,0.18123969435691833,0.765174150466919,0.34757378697395325
YOL077C,YOR290C,0,3.4227486,0.18119698762893677,0.765174150466919,0.34767383337020874
YLR220W,YCR047C,0,3.4211533,0.1811542958021164,0.765174150466919,0.34777387976646423
YJR049C,YJL056C,0,3.4208775,0.1811116337776184,0.765174150466919,0.3478739261627197
YBR299W,YJR151C,0,3.4207299,0.18106898665428162,0.765174150466919,0.3479739725589752
YMR270C,YPL027W,0,3.4204433,0.1810263693332672,0.765174150466919,0.3480740487575531
YJL140W,YNL236W,0,3.4199297,0.180983766913414,0.765174150466919,0.3481740951538086
YIL137C,YGL162W,0,3.4198058,0.18094117939472198,0.765174150466919,0.3482741415500641
YFL049W,YMR227C,1,3.4195356,0.18113385140895844,0.7661691308021545,0.3482741415500641
YPL274W,YPR030W,0,3.4186046,0.18109124898910522,0.7661691308021545,0.3483741879463196
YLR083C,YGR167W,0,3.4183846,0.1810486763715744,0.7661691308021545,0.3484742343425751
YCL064C,YHR129C,0,3.4182324,0.18100611865520477,0.7661691308021545,0.34857428073883057
YDR057W,YLR047C,0,3.4177341,0.18096357583999634,0.7661691308021545,0.34867432713508606
YLR377C,YPL040C,0,3.417465,0.1809210479259491,0.7661691308021545,0.34877437353134155
YGR274C,YDR303C,1,3.4173794,0.18111346662044525,0.7671641707420349,0.34877437353134155
YLL002W,YBL056W,0,3.4171877,0.18107092380523682,0.7671641707420349,0.34887444972991943
YLR295C,YDL227C,0,3.4169273,0.18102841079235077,0.7671641707420349,0.3489744961261749
YIL126W,YKR010C,1,3.4167438,0.1812206506729126,0.7681592106819153,0.3489744961261749
YMR315W,YHR089C,0,3.4166884,0.18117812275886536,0.7681592106819153,0.3490745425224304
YML012W,YLR080W,0,3.4165187,0.1811356097459793,0.7681592106819153,0.3491745889186859
YER023W,YOL127W,0,3.4160166,0.18109312653541565,0.7681592106819153,0.3492746353149414
YBR112C,YJL115W,1,3.4157195,0.18128517270088196,0.7691542506217957,0.3492746353149414
YBR208C,YEL015W,0,3.4155617,0.1812426745891571,0.7691542506217957,0.3493746817111969
YLR385C,YDR233C,0,3.414888,0.18120019137859344,0.7691542506217957,0.3494747281074524
YKL160W,YIL126W,1,3.4129841,0.18139207363128662,0.7701492309570312,0.3494747281074524
YHR143W,YGR008C,0,3.4125118,0.18134957551956177,0.7701492309570312,0.3495747745037079
YLR109W,YMR269W,0,3.4123068,0.1813070923089981,0.7701492309570312,0.34967485070228577
YPR141C,YKR030W,0,3.4120646,0.18126463890075684,0.7701492309570312,0.34977489709854126
YPL091W,YPR024W,0,3.411727,0.18122220039367676,0.7701492309570312,0.34987494349479675
YDR032C,YLR390W,0,3.411727,0.18117977678775787,0.7701492309570312,0.34997498989105225
YJL029C,YJL158C,0,3.4097288,0.18113736808300018,0.7701492309570312,0.35007503628730774
YFL044C,YLR019W,0,3.4096355,0.18109498918056488,0.7701492309570312,0.35017508268356323
YKL173W,YAL013W,0,3.4091759,0.18105262517929077,0.7701492309570312,0.3502751290798187
YLR170C,YGR178C,0,3.4084659,0.18101029098033905,0.7701492309570312,0.3503751754760742
YCR052W,YDR110W,1,3.4084277,0.18120177090168,0.7711442708969116,0.3503751754760742
YGL106W,YKL168C,0,3.4081974,0.18115942180156708,0.7711442708969116,0.3504752516746521
YBL058W,YIL079C,0,3.4069486,0.18111708760261536,0.7711442708969116,0.3505752980709076
YCL018W,YDL127W,0,3.4067054,0.18107476830482483,0.7711442708969116,0.3506753444671631
YPR055W,YOL145C,0,3.4065776,0.1810324639081955,0.7711442708969116,0.3507753908634186
YGR180C,YAL043C,0,3.4061334,0.18099018931388855,0.7711442708969116,0.3508754372596741
YLR318W,YPL135W,0,3.4059613,0.1809479296207428,0.7711442708969116,0.35097548365592957
YEL019C,YKL140W,0,3.4058356,0.18090569972991943,0.7711442708969116,0.35107553005218506
YPR019W,YLR430W,0,3.404976,0.18086346983909607,0.7711442708969116,0.35117557644844055
YPL106C,YKL212W,0,3.4047213,0.1808212846517563,0.7711442708969116,0.35127565264701843
YCR011C,YKL138C,0,3.4044633,0.1807790994644165,0.7711442708969116,0.3513756990432739
YJR045C,YAL056W,0,3.4032114,0.1807369440793991,0.7711442708969116,0.3514757454395294
YBR150C,YCR065W,0,3.4030821,0.1806948035955429,0.7711442708969116,0.3515757918357849
YIL053W,YGR032W,0,3.4026768,0.1806526780128479,0.7711442708969116,0.3516758382320404
YPL015C,YNL206C,1,3.4023454,0.18084362149238586,0.772139310836792,0.3516758382320404
YNL077W,YNR038W,0,3.4022632,0.18080149590969086,0.772139310836792,0.3517758846282959
YHR067W,YEL016C,0,3.4020243,0.18075937032699585,0.772139310836792,0.3518759310245514
YCR054C,YLR039C,0,3.4017355,0.18071727454662323,0.772139310836792,0.3519759774208069
YPR180W,YOR349W,0,3.4014091,0.180675208568573,0.772139310836792,0.3520760238170624
YDR259C,YDR373W,0,3.4013135,0.18063314259052277,0.772139310836792,0.35217610001564026
YML059C,YNL080C,0,3.4011257,0.18059110641479492,0.772139310836792,0.35227614641189575
YBR082C,YGR260W,0,3.4001265,0.18054910004138947,0.772139310836792,0.35237619280815125
YOR316C,YJL198W,0,3.3992643,0.180507093667984,0.772139310836792,0.35247623920440674
YCL018W,YMR292W,0,3.3992243,0.18046511709690094,0.772139310836792,0.35257628560066223
YFL004W,YNR047W,0,3.3992102,0.18042315542697906,0.772139310836792,0.3526763319969177
YGL241W,YNL243W,0,3.398151,0.18038122355937958,0.772139310836792,0.3527763783931732
YMR016C,YEL005C,0,3.3980985,0.1803392916917801,0.772139310836792,0.3528764247894287
YGR185C,YKL124W,0,3.3971672,0.18029740452766418,0.772139310836792,0.3529765009880066
YPL177C,YER086W,0,3.3967268,0.18025551736354828,0.772139310836792,0.3530765473842621
YHR135C,YMR308C,0,3.3966513,0.18021366000175476,0.772139310836792,0.3531765937805176
YDR044W,YIL051C,0,3.396346,0.18017181754112244,0.772139310836792,0.35327664017677307
YOL069W,YBR131W,0,3.3956218,0.1801299899816513,0.772139310836792,0.35337668657302856
YLR287C-A,YBR050C,0,3.3955476,0.18008819222450256,0.772139310836792,0.35347673296928406
YKL039W,YNL182C,0,3.3955379,0.18004640936851501,0.772139310836792,0.35357677936553955
YPR060C,YMR006C,0,3.395257,0.18000464141368866,0.772139310836792,0.35367682576179504
YCR005C,YAL043C,0,3.3935199,0.1799628883600235,0.772139310836792,0.3537769019603729
YMR263W,YCR020W-B,1,3.393015,0.180153027176857,0.7731343507766724,0.3537769019603729
YKR048C,YFR033C,0,3.3928409,0.18011125922203064,0.7731343507766724,0.3538769483566284
YMR139W,YLR384C,0,3.392704,0.18006952106952667,0.7731343507766724,0.3539769947528839
YKR053C,YOL052C,0,3.3922644,0.1800277978181839,0.7731343507766724,0.3540770411491394
YDL175C,YPL273W,0,3.3916745,0.1799861043691635,0.7731343507766724,0.3541770875453949
YHR074W,YOL125W,0,3.3914664,0.17994442582130432,0.7731343507766724,0.3542771339416504
YKL194C,YBR128C,0,3.3911648,0.17990276217460632,0.7731343507766724,0.3543771803379059
YDR244W,YLR314C,0,3.3911343,0.17986111342906952,0.7731343507766724,0.3544772267341614
YIL154C,YJR010W,0,3.3907404,0.1798194795846939,0.7731343507766724,0.35457730293273926
YDL175C,YNR003C,0,3.3903873,0.17977787554264069,0.7731343507766724,0.35467734932899475
YGR089W,YCR086W,0,3.3901608,0.17973630130290985,0.7731343507766724,0.35477739572525024
YOL010W,YBR169C,0,3.3898015,0.17969472706317902,0.7731343507766724,0.35487744212150574
YDR038C,YBR198C,0,3.3896637,0.17965318262577057,0.7731343507766724,0.35497748851776123
YBR002C,YOR034C,0,3.3893743,0.17961165308952332,0.7731343507766724,0.3550775349140167
YKL010C,YDL029W,0,3.3891313,0.17957013845443726,0.7731343507766724,0.3551775813102722
YKL197C,YMR131C,0,3.3882356,0.17952865362167358,0.7731343507766724,0.3552776277065277
YIL009C-A,YCR106W,0,3.3871317,0.1794871836900711,0.7731343507766724,0.3553776741027832
YMR016C,YNL039W,0,3.3870695,0.17944572865962982,0.7731343507766724,0.3554777503013611
YGR221C,YBR088C,1,3.387061,0.1796351820230484,0.774129331111908,0.3554777503013611
YGL103W,YMR179W,0,3.387023,0.17959372699260712,0.774129331111908,0.3555777966976166
YIL118W,YNL335W,0,3.3868499,0.17955227196216583,0.774129331111908,0.35567784309387207
YDR400W,YBL074C,0,3.386438,0.17951084673404694,0.774129331111908,0.35577788949012756
YKR101W,YDL140C,1,3.385861,0.1797001212835312,0.7751243710517883,0.35577788949012756
YDR081C,YCR063W,0,3.3855906,0.1796586662530899,0.7751243710517883,0.35587793588638306
YMR207C,YOR150W,0,3.3855586,0.179617241024971,0.7751243710517883,0.35597798228263855
YKL079W,YML048W,0,3.3854477,0.1795758455991745,0.7751243710517883,0.35607802867889404
YOL165C,YDR044W,0,3.385418,0.179534450173378,0.7751243710517883,0.35617807507514954
YDR532C,YGL183C,0,3.3850844,0.17949308454990387,0.7751243710517883,0.3562781512737274
YBL055C,YBR031W,0,3.3833466,0.17945173382759094,0.7751243710517883,0.3563781976699829
YDR021W,YDR245W,0,3.3833084,0.1794104129076004,0.7751243710517883,0.3564782440662384
YKR083C,YJR041C,0,3.3826973,0.17936910688877106,0.7751243710517883,0.3565782904624939
YCR040W,YNL137C,0,3.3815951,0.1793278157711029,0.7751243710517883,0.3566783368587494
YGR258C,YBR162W-A,0,3.3810623,0.17928653955459595,0.7751243710517883,0.3567783832550049
YGR104C,YPL240C,0,3.3801987,0.17924527823925018,0.7751243710517883,0.3568784296512604
YPL076W,YLR361C,0,3.380102,0.1792040467262268,0.7751243710517883,0.35697847604751587
YJL115W,YKR010C,1,3.3794775,0.17939282953739166,0.7761194109916687,0.35697847604751587
YGL173C,YCR094W,0,3.3789573,0.1793515682220459,0.7761194109916687,0.35707855224609375
YMR233W,YJR033C,0,3.3788776,0.17931035161018372,0.7761194109916687,0.35717859864234924
YNL091W,YDR050C,0,3.3786879,0.17926913499832153,0.7761194109916687,0.35727864503860474
YDR280W,YOR264W,0,3.378626,0.17922794818878174,0.7761194109916687,0.35737869143486023
YLR095C,YML069W,1,3.3779442,0.1794164925813675,0.7771144509315491,0.35737869143486023
YGR116W,YBL092W,0,3.3777122,0.1793752908706665,0.7771144509315491,0.3574787378311157
YLR055C,YMR284W,1,3.377689,0.1795637160539627,0.7781094312667847,0.3574787378311157
YDL171C,YBR164C,0,3.3771515,0.17952249944210052,0.7781094312667847,0.3575787842273712
YDR003W,YBR237W,0,3.3767257,0.17948129773139954,0.7781094312667847,0.3576788306236267
YMR306W,YJL060W,0,3.376473,0.17944011092185974,0.7781094312667847,0.3577788770198822
YER110C,YBR241C,0,3.3763337,0.17939893901348114,0.7781094312667847,0.3578789532184601
YJR140C,YDR190C,1,3.3747134,0.17958715558052063,0.779104471206665,0.3578789532184601
YOL018C,YNR060W,0,3.3744347,0.17954596877098083,0.779104471206665,0.3579789996147156
YGL095C,YKL144C,0,3.374434,0.17950481176376343,0.779104471206665,0.35807904601097107
YKR062W,YNL164C,0,3.3738906,0.17946366965770721,0.779104471206665,0.35817909240722656
YGR089W,YLR008C,0,3.3737173,0.1794225424528122,0.779104471206665,0.35827913880348206
YCR086W,YIL019W,0,3.3734524,0.17938144505023956,0.779104471206665,0.35837918519973755
YER164W,YDL140C,1,3.3731775,0.17956939339637756,0.7800995111465454,0.35837918519973755
YPR190C,YFL021W,0,3.3722458,0.17952828109264374,0.7800995111465454,0.35847923159599304
YBR033W,YPL198W,0,3.3722322,0.1794871836900711,0.7800995111465454,0.35857927799224854
YER142C,YPL233W,0,3.3716924,0.17944610118865967,0.7800995111465454,0.3586793541908264
YDR093W,YPL175W,0,3.3713925,0.17940503358840942,0.7800995111465454,0.3587794005870819
YLR265C,YDL243C,0,3.3701408,0.17936399579048157,0.7800995111465454,0.3588794469833374
YBR003W,YJL186W,0,3.3699596,0.1793229579925537,0.7800995111465454,0.3589794933795929
YPR156C,YHR186C,0,3.3697731,0.17928196489810944,0.7800995111465454,0.3590795397758484
YMR203W,YBR230C,0,3.3696985,0.17924097180366516,0.7800995111465454,0.3591795861721039
YPR034W,YGL090W,0,3.369429,0.17919999361038208,0.7800995111465454,0.3592796325683594
YBR129C,YOR193W,0,3.3692265,0.1791590452194214,0.7800995111465454,0.35937967896461487
YBR267W,YOR089C,0,3.3690572,0.1791181117296219,0.7800995111465454,0.35947972536087036
YGL246C,YKL094W,0,3.36814,0.17907720804214478,0.7800995111465454,0.35957980155944824
YNL110C,YJL001W,0,3.3680255,0.17903630435466766,0.7800995111465454,0.35967984795570374
YCR053W,YPL127C,0,3.3679237,0.17899543046951294,0.7800995111465454,0.35977989435195923
YDL030W,YDL039C,0,3.3679166,0.1789545714855194,0.7800995111465454,0.3598799407482147
YDR403W,YHL031C,0,3.3675303,0.17891374230384827,0.7800995111465454,0.3599799871444702
YMR091C,YDR298C,0,3.3674037,0.17887291312217712,0.7800995111465454,0.3600800335407257
YDL074C,YML095C,0,3.3673787,0.17883211374282837,0.7800995111465454,0.3601800799369812
YDR317W,YKL009W,0,3.3671427,0.1787913292646408,0.7800995111465454,0.3602801263332367
YMR158W,YDR520C,0,3.3671322,0.17875057458877563,0.7800995111465454,0.3603802025318146
YJR076C,YLR438C-A,0,3.3663864,0.17870981991291046,0.7800995111465454,0.36048024892807007
YOL116W,YBR289W,0,3.3660865,0.17866909503936768,0.7800995111465454,0.36058029532432556
YBL063W,YKL149C,0,3.366055,0.17862838506698608,0.7800995111465454,0.36068034172058105
YIL170W,YMR015C,0,3.3660374,0.17858770489692688,0.7800995111465454,0.36078038811683655
YNL062C,YDL160C,0,3.3658524,0.17854702472686768,0.7800995111465454,0.36088043451309204
YNL070W,YIL039W,0,3.3658462,0.17850637435913086,0.7800995111465454,0.36098048090934753
YPL098C,YOR204W,0,3.3655946,0.17846573889255524,0.7800995111465454,0.361080527305603
YPR192W,YOR193W,0,3.3655667,0.1784251183271408,0.7800995111465454,0.3611806035041809
YFL014W,YER159C,0,3.3655636,0.17838452756404877,0.7800995111465454,0.3612806499004364
YER173W,YKR026C,0,3.365525,0.17834395170211792,0.7800995111465454,0.3613806962966919
YER068W,YEL064C,0,3.363299,0.17830339074134827,0.7800995111465454,0.3614807426929474
YOR209C,YNL088W,1,3.3626215,0.17849022150039673,0.7810945510864258,0.3614807426929474
YGL060W,YGL162W,0,3.3621001,0.17844964563846588,0.7810945510864258,0.3615807890892029
YAR007C,YFR032C-A,0,3.361288,0.17840908467769623,0.7810945510864258,0.3616808354854584
YGR263C,YAL048C,0,3.3608809,0.17836855351924896,0.7810945510864258,0.36178088188171387
YER023W,YEL005C,0,3.3600185,0.1783280372619629,0.7810945510864258,0.36188092827796936
YLR399C,YOL004W,1,3.3594708,0.17851464450359344,0.7820895314216614,0.36188092827796936
YNL294C,YJL187C,0,3.358459,0.17847411334514618,0.7820895314216614,0.36198100447654724
YGL139W,YPL082C,0,3.3579283,0.1784335970878601,0.7820895314216614,0.36208105087280273
YNL218W,YOL065C,0,3.3578968,0.17839309573173523,0.7820895314216614,0.3621810972690582
YKR034W,YGR056W,0,3.3573332,0.17835262417793274,0.7820895314216614,0.3622811436653137
YCL035C,YHL034C,0,3.356998,0.17831215262413025,0.7820895314216614,0.3623811900615692
YCR105W,YOR209C,0,3.356873,0.17827171087265015,0.7820895314216614,0.3624812364578247
YJR036C,YLR364W,0,3.3566744,0.17823129892349243,0.7820895314216614,0.3625812828540802
YER007W,YDL209C,0,3.3561592,0.17819088697433472,0.7820895314216614,0.3626813292503357
YBR208C,YNL282W,0,3.35603,0.1781505048274994,0.7820895314216614,0.3627814054489136
YPR036W,YIL142W,0,3.3558946,0.17811012268066406,0.7820895314216614,0.36288145184516907
YIL026C,YGR095C,0,3.3558254,0.17806978523731232,0.7820895314216614,0.36298149824142456
YDR499W,YIR031C,0,3.3553429,0.17802944779396057,0.7820895314216614,0.36308154463768005
YDR454C,YHR108W,0,3.3547764,0.17798912525177002,0.7820895314216614,0.36318159103393555
YNL290W,YPL196W,0,3.35421,0.17794883251190186,0.7820895314216614,0.36328163743019104
YGL172W,YLR295C,0,3.3538637,0.17790855467319489,0.7820895314216614,0.36338168382644653
YLR350W,YGL063W,0,3.3537505,0.1778682917356491,0.7820895314216614,0.363481730222702
YLR403W,YNL236W,0,3.3536885,0.17782805860042572,0.7820895314216614,0.3635817766189575
YHL047C,YDR200C,0,3.3533602,0.17778782546520233,0.7820895314216614,0.3636818528175354
YNL076W,YKL132C,0,3.3533075,0.17774762213230133,0.7820895314216614,0.3637818992137909
YPL194W,YDR242W,0,3.352401,0.17770743370056152,0.7820895314216614,0.3638819456100464
YER112W,YMR276W,0,3.3523588,0.1776672750711441,0.7820895314216614,0.3639819920063019
YJL008C,YDR044W,0,3.3517284,0.17762711644172668,0.7820895314216614,0.3640820384025574
YLR208W,YOL135C,0,3.3516603,0.17758698761463165,0.7820895314216614,0.36418208479881287
YDR256C,YKR058W,0,3.3508415,0.17754687368869781,0.7820895314216614,0.36428213119506836
YMR054W,YGR282C,0,3.3504329,0.17750677466392517,0.7820895314216614,0.36438217759132385
YEL016C,YMR284W,0,3.3502355,0.17746669054031372,0.7820895314216614,0.36448225378990173
YBR172C,YFR005C,0,3.350222,0.17742663621902466,0.7820895314216614,0.3645823001861572
YER117W,YBL034C,0,3.349986,0.1773865967988968,0.7820895314216614,0.3646823465824127
YPL096W,YHR099W,0,3.3497386,0.17734657227993011,0.7820895314216614,0.3647823929786682
YDR457W,YLR163C,0,3.3496838,0.17730656266212463,0.7820895314216614,0.3648824393749237
YJL133W,YDR170C,0,3.3492403,0.17726658284664154,0.7820895314216614,0.3649824857711792
YGR158C,YJL155C,0,3.3490844,0.17722660303115845,0.7820895314216614,0.3650825321674347
YBR010W,YPR052C,1,3.3489878,0.17741207778453827,0.7830845713615417,0.3650825321674347
YBL055C,YHR004C,0,3.348638,0.17737209796905518,0.7830845713615417,0.3651825785636902
YDL054C,YLR305C,0,3.3478498,0.17733213305473328,0.7830845713615417,0.36528265476226807
YLR384C,YDR047W,0,3.3477883,0.17729218304157257,0.7830845713615417,0.36538270115852356
YGR180C,YOR319W,0,3.347546,0.17725224792957306,0.7830845713615417,0.36548274755477905
YGL189C,YHR164C,0,3.3470545,0.17721234261989594,0.7830845713615417,0.36558279395103455
YHR179W,YER174C,0,3.346953,0.17717245221138,0.7830845713615417,0.36568284034729004
YDR414C,YOR317W,0,3.3466377,0.17713256180286407,0.7830845713615417,0.36578288674354553
YJL058C,YML061C,0,3.3463526,0.17709271609783173,0.7830845713615417,0.365882933139801
YGR263C,YLR451W,0,3.345655,0.17705287039279938,0.7830845713615417,0.3659829795360565
YLR183C,YPL223C,0,3.3447423,0.17701303958892822,0.7830845713615417,0.3660830557346344
YGL170C,YLR061W,0,3.3437693,0.17697323858737946,0.7830845713615417,0.3661831021308899
YMR238W,YBL092W,0,3.343573,0.17693345248699188,0.7830845713615417,0.3662831485271454
YLR429W,YGR123C,0,3.3427687,0.1768936812877655,0.7830845713615417,0.3663831949234009
YJR031C,YNL023C,0,3.3425717,0.1768539398908615,0.7830845713615417,0.36648324131965637
YPL119C,YBR128C,0,3.342493,0.17681419849395752,0.7830845713615417,0.36658328771591187
YGR088W,YDR039C,0,3.342228,0.17677448689937592,0.7830845713615417,0.36668333411216736
YER032W,YNL117W,0,3.3421006,0.1767347902059555,0.7830845713615417,0.36678338050842285
YAL016W,YNL016W,0,3.3412294,0.1766951084136963,0.7830845713615417,0.36688342690467834
YBR129C,YKL138C,0,3.3411012,0.17665544152259827,0.7830845713615417,0.3669835031032562
YKR072C,YPL021W,0,3.3403788,0.17661580443382263,0.7830845713615417,0.3670835494995117
YLR061W,YIL140W,0,3.3402529,0.176576167345047,0.7830845713615417,0.3671835958957672
YIL014W,YOR237W,0,3.33995,0.17653656005859375,0.7830845713615417,0.3672836422920227
YMR229C,YDL227C,0,3.3387876,0.1764969676733017,0.7830845713615417,0.3673836886882782
YKL185W,YNL202W,0,3.3386784,0.17645740509033203,0.7830845713615417,0.3674837350845337
YJR016C,YLR327C,0,3.3385687,0.17641784250736237,0.7830845713615417,0.3675837814807892
YKL197C,YKL114C,0,3.3384643,0.1763783097267151,0.7830845713615417,0.3676838278770447
YIL120W,YBR130C,0,3.3377023,0.176338791847229,0.7830845713615417,0.36778390407562256
YLR263W,YOR085W,0,3.3369474,0.1762992888689041,0.7830845713615417,0.36788395047187805
YNR043W,YLR151C,0,3.336575,0.17625980079174042,0.7830845713615417,0.36798399686813354
YGR244C,YOR290C,0,3.3360858,0.17622032761573792,0.7830845713615417,0.36808404326438904
YLR189C,YPR162C,0,3.3356018,0.1761808842420578,0.7830845713615417,0.36818408966064453
YER030W,YLR442C,1,3.333916,0.17636527121067047,0.7840796113014221,0.36818408966064453
YJL052W,YDL029W,0,3.3337176,0.17632579803466797,0.7840796113014221,0.3682841360569
YAL044C,YJR036C,0,3.333156,0.17628635466098785,0.7840796113014221,0.3683841824531555
YFR050C,YLR212C,0,3.3329945,0.17624692618846893,0.7840796113014221,0.368484228849411
YBL022C,YGR184C,0,3.3320243,0.1762075126171112,0.7840796113014221,0.3685843050479889
YJR089W,YHR190W,0,3.3319578,0.17616811394691467,0.7840796113014221,0.3686843514442444
YBR129C,YPL156C,0,3.3316207,0.17612874507904053,0.7840796113014221,0.3687843978404999
YLR447C,YEL044W,0,3.3312306,0.17608939111232758,0.7840796113014221,0.36888444423675537
YPL148C,YJL143W,0,3.3306155,0.17605005204677582,0.7840796113014221,0.36898449063301086
YOL139C,YGR032W,0,3.3302813,0.17601072788238525,0.7840796113014221,0.36908453702926636
YDR326C,YEL058W,0,3.3302202,0.17597141861915588,0.7840796113014221,0.36918458342552185
YMR207C,YJL033W,0,3.3302011,0.1759321242570877,0.7840796113014221,0.36928462982177734
YJR135C,YNL281W,0,3.3301785,0.17589285969734192,0.7840796113014221,0.3693847060203552
YGR044C,YDR304C,0,3.3296177,0.17585361003875732,0.7840796113014221,0.3694847524166107
YDL189W,YBR081C,0,3.3289914,0.17581437528133392,0.7840796113014221,0.3695847988128662
YGR181W,YPR122W,0,3.32857,0.17577515542507172,0.7840796113014221,0.3696848452091217
YKL155C,YOR069W,0,3.328454,0.1757359504699707,0.7840796113014221,0.3697848916053772
YJL076W,YDR073W,1,3.3278975,0.17591972649097443,0.7850746512413025,0.3697848916053772
YGL259W,YBR289W,0,3.3273683,0.1758805215358734,0.7850746512413025,0.3698849380016327
YPL127C,YIR017C,0,3.327308,0.1758413165807724,0.7850746512413025,0.3699849843978882
YCL031C,YFL033C,0,3.3271575,0.17580214142799377,0.7850746512413025,0.3700850307941437
YBR089C-A,YLR442C,1,3.3270087,0.17598573863506317,0.7860696315765381,0.3700850307941437
YDR310C,YPL127C,1,3.3255737,0.1761692613363266,0.7870646715164185,0.3700850307941437
YOR273C,YBR086C,0,3.325551,0.1761300414800644,0.7870646715164185,0.37018510699272156
YER046W,YDR281C,0,3.3248985,0.17609082162380219,0.7870646715164185,0.37028515338897705
YJL083W,YDR460W,0,3.3247437,0.17605163156986237,0.7870646715164185,0.37038519978523254
YNL328C,YMR211W,0,3.3243794,0.17601245641708374,0.7870646715164185,0.37048524618148804
YGL037C,YOL144W,0,3.3238566,0.1759733110666275,0.7870646715164185,0.37058529257774353
YBR164C,YOL020W,0,3.3235316,0.17593416571617126,0.7870646715164185,0.370685338973999
YKL116C,YGL246C,0,3.3227077,0.17589503526687622,0.7870646715164185,0.3707853853702545
YDR485C,YKL049C,1,3.3225284,0.17607825994491577,0.7880597114562988,0.3707853853702545
YJR132W,YCR005C,0,3.3219213,0.17603911459445953,0.7880597114562988,0.37088543176651
YDL046W,YNL127W,0,3.3216677,0.17599999904632568,0.7880597114562988,0.3709854781627655
YJL013C,YMR313C,0,3.320714,0.17596089839935303,0.7880597114562988,0.3710855543613434
YBR054W,YBR162W-A,0,3.3204203,0.17592181265354156,0.7880597114562988,0.3711856007575989
YDL135C,YER109C,0,3.319046,0.1758827418088913,0.7880597114562988,0.37128564715385437
YGL144C,YDR052C,0,3.3188958,0.17584370076656342,0.7880597114562988,0.37138569355010986
YIL007C,YGR263C,0,3.3186755,0.17580465972423553,0.7880597114562988,0.37148573994636536
YLR183C,YDR054C,0,3.3182101,0.17576564848423004,0.7880597114562988,0.37158578634262085
YGL068W,YER143W,0,3.3175232,0.17572665214538574,0.7880597114562988,0.37168583273887634
YMR192W,YMR241W,0,3.3169909,0.17568767070770264,0.7880597114562988,0.37178587913513184
YPR161C,YIL036W,0,3.3167746,0.17564870417118073,0.7880597114562988,0.3718859553337097
YOR316C,YER139C,0,3.3166976,0.17560975253582,0.7880597114562988,0.3719860017299652
YOR380W,YML125C,0,3.316154,0.17557083070278168,0.7880597114562988,0.3720860481262207
YJL180C,YBR175W,0,3.3158998,0.17553190886974335,0.7880597114562988,0.3721860945224762
YLR390W,YJL190C,0,3.3155973,0.1754930168390274,0.7880597114562988,0.3722861409187317
YBL008W,YNL070W,0,3.315383,0.17545413970947266,0.7880597114562988,0.3723861873149872
YOR159C,YLR214W,0,3.315308,0.1754152774810791,0.7880597114562988,0.3724862337112427
YMR172W,YDR453C,0,3.3152246,0.17537644505500793,0.7880597114562988,0.37258628010749817
YHR204W,YPR111W,0,3.3140821,0.17533761262893677,0.7880597114562988,0.37268635630607605
YGL119W,YOR259C,0,3.3135848,0.175298810005188,0.7880597114562988,0.37278640270233154
YJL069C,YKR028W,0,3.3134031,0.1752600073814392,0.7880597114562988,0.37288644909858704
YKR094C,YBR176W,0,3.312162,0.17522123456001282,0.7880597114562988,0.37298649549484253
YIL115C,YML125C,0,3.3121002,0.17518247663974762,0.7880597114562988,0.373086541891098
YLR395C,YML058W-A,0,3.3112369,0.1751437485218048,0.7880597114562988,0.3731865882873535
YHR089C,YMR240C,0,3.3108225,0.175105020403862,0.7880597114562988,0.373286634683609
YHR154W,YKL010C,0,3.3103786,0.17506630718708038,0.7880597114562988,0.3733866810798645
YIL145C,YML051W,0,3.3102288,0.17502762377262115,0.7880597114562988,0.3734867572784424
YPR200C,YBL052C,0,3.3101885,0.17498895525932312,0.7880597114562988,0.3735868036746979
YGL203C,YDR144C,0,3.3099368,0.17495030164718628,0.7880597114562988,0.37368685007095337
YAL062W,YDR075W,0,3.3093557,0.17491166293621063,0.7880597114562988,0.37378689646720886
YJL109C,YOR090C,0,3.3084445,0.17487303912639618,0.7880597114562988,0.37388694286346436
YOR086C,YGR260W,0,3.307326,0.17483443021774292,0.7880597114562988,0.37398698925971985
YKR048C,YMR225C,0,3.307296,0.17479585111141205,0.7880597114562988,0.37408703565597534
YNL107W,YBR088C,1,3.306892,0.17497792840003967,0.7890547513961792,0.37408703565597534
YDR378C,YJL054W,0,3.30645,0.1749393343925476,0.7890547513961792,0.37418708205223083
YBL079W,YAL038W,0,3.3062582,0.17490075528621674,0.7890547513961792,0.3742871582508087
YDR508C,YOR036W,0,3.3061562,0.17486217617988586,0.7890547513961792,0.3743872046470642
YNL259C,YIL051C,0,3.3053653,0.17482362687587738,0.7890547513961792,0.3744872510433197
YJL003W,YLR086W,0,3.305041,0.17478510737419128,0.7890547513961792,0.3745872974395752
YNR074C,YOR032C,0,3.304987,0.1747465878725052,0.7890547513961792,0.3746873438358307
YER179W,YBL076C,0,3.3034043,0.17470808327198029,0.7890547513961792,0.3747873902320862
YJR112W,YKR050W,0,3.302527,0.17466960847377777,0.7890547513961792,0.3748874366283417
YBR158W,YHR082C,0,3.3021865,0.17463113367557526,0.7890547513961792,0.37498748302459717
YJL053W,YJL176C,0,3.3020144,0.17459268867969513,0.7890547513961792,0.37508752942085266
YHR197W,YMR118C,0,3.301937,0.1745542585849762,0.7890547513961792,0.37518760561943054
YGR264C,YBR257W,0,3.3018827,0.17451584339141846,0.7890547513961792,0.37528765201568604
YPR191W,YDR219C,0,3.3018425,0.1744774430990219,0.7890547513961792,0.37538769841194153
YDL117W,YMR101C,0,3.3016596,0.17443907260894775,0.7890547513961792,0.375487744808197
YCR093W,YLR203C,0,3.3013797,0.1744007021188736,0.7890547513961792,0.3755877912044525
YAL002W,YER086W,0,3.3010104,0.17436236143112183,0.7890547513961792,0.375687837600708
YGL112C,YFL037W,0,3.3008842,0.17432402074337006,0.7890547513961792,0.3757878839969635
YKR101W,YLL001W,0,3.3008063,0.17428570985794067,0.7890547513961792,0.375887930393219
YOR047C,YDL035C,0,3.3007767,0.17424741387367249,0.7890547513961792,0.3759880065917969
YIL153W,YNL094W,0,3.300341,0.1742091327905655,0.7890547513961792,0.37608805298805237
YMR032W,YOR322C,0,3.3003297,0.17417088150978088,0.7890547513961792,0.37618809938430786
YDR520C,YLR383W,0,3.2998114,0.17413263022899628,0.7890547513961792,0.37628814578056335
YCR072C,YFR040W,0,3.2992609,0.17409440875053406,0.7890547513961792,0.37638819217681885
YPR175W,YDR155C,1,3.2991955,0.17427568137645721,0.7900497317314148,0.37638819217681885
YBR208C,YHL015W,0,3.2987967,0.1742374300956726,0.7900497317314148,0.37648823857307434
YOR045W,YJR040W,0,3.2987747,0.1741992086172104,0.7900497317314148,0.37658828496932983
YNL085W,YHL047C,0,3.2984707,0.17416100203990936,0.7900497317314148,0.3766883313655853
YHR136C,YHR194W,0,3.2979717,0.17412281036376953,0.7900497317314148,0.3767884075641632
YJL073W,YHR185C,0,3.2977076,0.1740846335887909,0.7900497317314148,0.3768884539604187
YGL222C,YPR006C,0,3.2971463,0.17404647171497345,0.7900497317314148,0.3769885003566742
YBR240C,YPR005C,0,3.2963133,0.1740083247423172,0.7900497317314148,0.3770885467529297
YJR134C,YNR024W,0,3.2959132,0.17397020757198334,0.7900497317314148,0.3771885931491852
YPL145C,YPR188C,0,3.2947383,0.17393209040164948,0.7900497317314148,0.3772886395454407
YOR076C,YOR068C,0,3.294225,0.173894003033638,0.7900497317314148,0.37738868594169617
YKL094W,YDR052C,0,3.2938404,0.17385591566562653,0.7900497317314148,0.37748873233795166
YFR008W,YDR362C,0,3.2937496,0.17381785809993744,0.7900497317314148,0.37758880853652954
YDL142C,YFR001W,0,3.2929895,0.17377981543540955,0.7900497317314148,0.37768885493278503
YOR324C,YIL002C,0,3.292798,0.17374178767204285,0.7900497317314148,0.3777889013290405
YPL127C,YPR122W,0,3.2927413,0.17370378971099854,0.7900497317314148,0.377888947725296
YDL036C,YBR030W,0,3.2927303,0.17366579174995422,0.7900497317314148,0.3779889941215515
YGL210W,YDR405W,0,3.2925353,0.1736278086900711,0.7900497317314148,0.378089040517807
YMR043W,YOR377W,0,3.2908928,0.17358985543251038,0.7900497317314148,0.3781890869140625
YJL097W,YKL196C,0,3.2907972,0.17355191707611084,0.7900497317314148,0.378289133310318
YIL014W,YJL059W,0,3.2900279,0.1735139787197113,0.7900497317314148,0.3783891797065735
YGL027C,YHR076W,0,3.2896457,0.17347607016563416,0.7900497317314148,0.37848925590515137
YPR037C,YDR243C,0,3.2895358,0.1734381765127182,0.7900497317314148,0.37858930230140686
YDR469W,YOL007C,0,3.2887583,0.17340031266212463,0.7900497317314148,0.37868934869766235
YHR023W,YML095C,0,3.2886243,0.17336244881153107,0.7900497317314148,0.37878939509391785
YIL144W,YLR289W,0,3.2886,0.1733245998620987,0.7900497317314148,0.37888944149017334
YJL178C,YLR324W,0,3.28825,0.1732867807149887,0.7900497317314148,0.37898948788642883
YHR001W-A,YGR199W,0,3.287678,0.17324896156787872,0.7900497317314148,0.3790895342826843
YBL005W,YOR162C,0,3.2874837,0.17321117222309113,0.7900497317314148,0.3791895806789398
YML012W,YOR069W,0,3.2874212,0.17317339777946472,0.7900497317314148,0.3792896568775177
YHR148W,YDR137W,0,3.2868443,0.17313562333583832,0.7900497317314148,0.3793897032737732
YKR072C,YOR147W,0,3.2867231,0.1730978786945343,0.7900497317314148,0.3794897496700287
YGR252W,YOR103C,0,3.286645,0.17306016385555267,0.7900497317314148,0.3795897960662842
YHR161C,YOR002W,0,3.286469,0.17302244901657104,0.7900497317314148,0.3796898424625397
YKL160W,YDR155C,1,3.286006,0.17320261895656586,0.7910447716712952,0.3796898424625397
YDR071C,YOR151C,0,3.285613,0.17316488921642303,0.7910447716712952,0.37978988885879517
YHR057C,YNL317W,0,3.28529,0.1731271743774414,0.7910447716712952,0.37988993525505066
YMR217W,YJR065C,0,3.2852714,0.17308948934078217,0.7910447716712952,0.37998998165130615
YPL028W,YOR249C,0,3.284564,0.17305180430412292,0.7910447716712952,0.38009005784988403
YAR019C,YKR089C,0,3.283035,0.17301414906978607,0.7910447716712952,0.3801901042461395
YGR181W,YDL017W,0,3.28296,0.1729765087366104,0.7910447716712952,0.380290150642395
YPL122C,YGR200C,0,3.2828999,0.17293886840343475,0.7910447716712952,0.3803901970386505
YDR478W,YBR257W,0,3.2824879,0.17290125787258148,0.7910447716712952,0.380490243434906
YFL011W,YIL036W,0,3.2810225,0.1728636622428894,0.7910447716712952,0.3805902898311615
YPL082C,YOR099W,0,3.2808256,0.17282608151435852,0.7910447716712952,0.380690336227417
YPR192W,YPR111W,0,3.2805488,0.17278853058815002,0.7910447716712952,0.3807903826236725
YDL070W,YMR013C,0,3.2798917,0.17275097966194153,0.7910447716712952,0.38089045882225037
YIL118W,YDR197W,0,3.279552,0.17271344363689423,0.7910447716712952,0.38099050521850586
YBL002W,YML010W,1,3.2789664,0.17289313673973083,0.7920398116111755,0.38099050521850586
YLR270W,YHR215W,0,3.2786388,0.17285558581352234,0.7920398116111755,0.38109055161476135
YLR204W,YCL063W,0,3.2781913,0.17281806468963623,0.7920398116111755,0.38119059801101685
YER173W,YIL093C,0,3.277742,0.17278055846691132,0.7920398116111755,0.38129064440727234
YJL214W,YOR155C,0,3.2776449,0.1727430522441864,0.7920398116111755,0.38139069080352783
YCL061C,YNL088W,1,3.2775269,0.1729225367307663,0.7930348515510559,0.38139069080352783
YNL055C,YCR020C,0,3.2771645,0.17288503050804138,0.7930348515510559,0.3814907371997833
YER056C,YGL219C,0,3.2765536,0.17284753918647766,0.7930348515510559,0.3815907835960388
YGR072W,YDR158W,0,3.2761035,0.17281006276607513,0.7930348515510559,0.3816908597946167
YBL055C,YER154W,0,3.2760348,0.1727726012468338,0.7930348515510559,0.3817909061908722
YBL088C,YJL057C,0,3.2758708,0.17273515462875366,0.7930348515510559,0.3818909525871277
YBR069C,YDR512C,0,3.2756822,0.17269772291183472,0.7930348515510559,0.3819909989833832
YLR191W,YJR123W,0,3.2754653,0.17266030609607697,0.7930348515510559,0.38209104537963867
YJR109C,YPL281C,0,3.2749982,0.1726229190826416,0.7930348515510559,0.38219109177589417
YGR282C,YLR315W,0,3.2744284,0.17258553206920624,0.7930348515510559,0.38229113817214966
YGL094C,YBR193C,0,3.2741585,0.17254817485809326,0.7930348515510559,0.38239118456840515
YMR109W,YDL081C,0,3.274012,0.17251081764698029,0.7930348515510559,0.38249123096466064
YBR097W,YER162C,0,3.2738867,0.1724734902381897,0.7930348515510559,0.3825913071632385
YOR193W,YOL132W,0,3.2734847,0.1724361777305603,0.7930348515510559,0.382691353559494
YDL002C,YKL049C,1,3.2730155,0.172615185379982,0.7940298318862915,0.382691353559494
YDL245C,YBR261C,0,3.2730057,0.1725778579711914,0.7940298318862915,0.3827913999557495
YER029C,YOR226C,0,3.2726283,0.172540545463562,0.7940298318862915,0.382891446352005
YNL121C,YML004C,0,3.2721388,0.1725032478570938,0.7940298318862915,0.3829914927482605
YDL036C,YDL099W,0,3.2713432,0.1724659651517868,0.7940298318862915,0.383091539144516
YER164W,YDR190C,1,3.2697926,0.17264476418495178,0.7950248718261719,0.383091539144516
YML012W,YJL024C,0,3.2695494,0.17260748147964478,0.7950248718261719,0.3831915855407715
YLR106C,YDL243C,0,3.2693477,0.17257019877433777,0.7950248718261719,0.383291631937027
YDL246C,YOL018C,0,3.268687,0.17253293097019196,0.7950248718261719,0.38339170813560486
YOL100W,YDR231C,0,3.2685292,0.17249567806720734,0.7950248718261719,0.38349175453186035
YPL203W,YCL061C,0,3.268403,0.1724584549665451,0.7950248718261719,0.38359180092811584
YJL153C,YIR019C,0,3.2680712,0.17242123186588287,0.7950248718261719,0.38369184732437134
YBR267W,YJL166W,0,3.2680113,0.17238403856754303,0.7950248718261719,0.38379189372062683
YPL143W,YLR145W,0,3.2678885,0.17234684526920319,0.7950248718261719,0.3838919401168823
YML077W,YPR043W,0,3.2673106,0.17230968177318573,0.7950248718261719,0.3839919865131378
YHR074W,YLR134W,0,3.2664309,0.17227253317832947,0.7950248718261719,0.3840920329093933
YOL020W,YML095C,0,3.265131,0.1722353994846344,0.7950248718261719,0.3841921091079712
YOR304W,YPL111W,0,3.26492,0.17219828069210052,0.7950248718261719,0.3842921555042267
YEL022W,YJL186W,0,3.26477,0.17216117680072784,0.7950248718261719,0.3843922019004822
YGR047C,YGR200C,0,3.2643507,0.17212408781051636,0.7950248718261719,0.38449224829673767
YDR273W,YEL040W,0,3.2639375,0.17208701372146606,0.7950248718261719,0.38459229469299316
YCR037C,YGR175C,0,3.2624996,0.17204995453357697,0.7950248718261719,0.38469234108924866
YDL220C,YGL093W,0,3.2623978,0.17201291024684906,0.7950248718261719,0.38479238748550415
YOL138C,YNL284C,0,3.2613702,0.17197589576244354,0.7950248718261719,0.38489243388175964
YHL004W,YBL013W,0,3.2612934,0.17193888127803802,0.7950248718261719,0.3849925100803375
YDR116C,YHR070W,0,3.2605672,0.1719018965959549,0.7950248718261719,0.385092556476593
YPR035W,YDR246W,0,3.260558,0.17186491191387177,0.7950248718261719,0.3851926028728485
YEL029C,YIL135C,0,3.2605138,0.17182795703411102,0.7950248718261719,0.385292649269104
YGR217W,YLR045C,0,3.260244,0.17179101705551147,0.7950248718261719,0.3853926956653595
YEL064C,YDL030W,0,3.2597861,0.17175407707691193,0.7950248718261719,0.385492742061615
YPR173C,YMR176W,0,3.2592263,0.17171716690063477,0.7950248718261719,0.3855927884578705
YGL172W,YMR193W,0,3.2586856,0.1716802716255188,0.7950248718261719,0.385692834854126
YNL287W,YOR204W,0,3.258266,0.17164339125156403,0.7950248718261719,0.38579291105270386
YDR483W,YCR091W,0,3.2575712,0.17160652577877045,0.7950248718261719,0.38589295744895935
YHR056C,YNL088W,1,3.2572699,0.1717844158411026,0.7960199117660522,0.38589295744895935
YIL148W,YKL156W,0,3.2565942,0.17174753546714783,0.7960199117660522,0.38599300384521484
YPL148C,YDR388W,0,3.2565756,0.17171066999435425,0.7960199117660522,0.38609305024147034
YDR034C,YBL005W,0,3.2563448,0.17167381942272186,0.7960199117660522,0.38619309663772583
YPL065W,YBL092W,0,3.2563367,0.17163698375225067,0.7960199117660522,0.3862931430339813
YLR246W,YOL108C,0,3.255941,0.17160017788410187,0.7960199117660522,0.3863931894302368
YLL022C,YGL194C,1,3.2553332,0.17177782952785492,0.7970149517059326,0.3863931894302368
YJL025W,YGL127C,0,3.2550292,0.17174099385738373,0.7970149517059326,0.3864932358264923
YLR100W,YKR056W,0,3.2548113,0.17170417308807373,0.7970149517059326,0.3865932822227478
YDR212W,YDR285W,0,3.2547483,0.17166738212108612,0.7970149517059326,0.3866933584213257
YPL213W,YMR284W,0,3.254149,0.1716305911540985,0.7970149517059326,0.3867934048175812
YJL194W,YNL206C,1,3.2541003,0.17180804908275604,0.7980099320411682,0.3867934048175812
YOL133W,YPL161C,0,3.2538085,0.17177125811576843,0.7980099320411682,0.38689345121383667
YPL106C,YER179W,0,3.25325,0.17173448204994202,0.7980099320411682,0.38699349761009216
YKL067W,YKL164C,0,3.2527971,0.1716977059841156,0.7980099320411682,0.38709354400634766
YOL102C,YIR031C,0,3.2527754,0.17166095972061157,0.7980099320411682,0.38719359040260315
YJR057W,YKR026C,0,3.2524357,0.17162422835826874,0.7980099320411682,0.38729363679885864
YGL163C,YKL049C,1,3.2522588,0.17180144786834717,0.7990049719810486,0.38729363679885864
YBR091C,YOR036W,0,3.2517753,0.17176470160484314,0.7990049719810486,0.38739368319511414
YIL171W,YDL112W,0,3.251369,0.1717279702425003,0.7990049719810486,0.387493759393692
YCL061C,YBL002W,1,3.2508178,0.17190507054328918,0.800000011920929,0.387493759393692
YKL185W,YGL006W,0,3.2505436,0.17186832427978516,0.800000011920929,0.3875938057899475
YPL235W,YPL226W,0,3.2504287,0.17183159291744232,0.800000011920929,0.387693852186203
YLR004C,YLL040C,0,3.248431,0.17179487645626068,0.800000011920929,0.3877938985824585
YML071C,YDR139C,0,3.2478662,0.17175817489624023,0.800000011920929,0.387893944978714
YDL081C,YBR122C,0,3.2475696,0.17172148823738098,0.800000011920929,0.3879939913749695
YKR050W,YDL093W,0,3.2469563,0.17168481647968292,0.800000011920929,0.388094037771225
YMR089C,YLR451W,0,3.2468202,0.17164815962314606,0.800000011920929,0.38819408416748047
YER014W,YCR075C,0,3.2464483,0.17161153256893158,0.800000011920929,0.38829416036605835
YDR276C,YLL050C,0,3.2463202,0.1715749055147171,0.800000011920929,0.38839420676231384
YFL045C,YNR028W,0,3.2461853,0.17153829336166382,0.800000011920929,0.38849425315856934
YAL019W,YDR454C,0,3.2460363,0.17150171101093292,0.800000011920929,0.38859429955482483
YBR003W,YIL153W,0,3.2456026,0.17146512866020203,0.800000011920929,0.3886943459510803
YCL017C,YLL051C,0,3.2453442,0.17142857611179352,0.800000011920929,0.3887943923473358
YCL032W,YMR207C,0,3.2450912,0.171392023563385,0.800000011920929,0.3888944387435913
YBR142W,YHL008C,0,3.2443066,0.1713555008172989,0.800000011920929,0.3889944851398468
YGR262C,YDR362C,0,3.244031,0.17131899297237396,0.800000011920929,0.3890945613384247
YLR430W,YGR020C,0,3.2438345,0.17128248512744904,0.800000011920929,0.3891946077346802
YBR010W,YJL115W,1,3.243801,0.17145900428295135,0.8009950518608093,0.3891946077346802
YDL018C,YDR236C,0,3.243253,0.17142248153686523,0.8009950518608093,0.38929465413093567
YLR183C,YDR164C,0,3.2427523,0.1713859885931015,0.8009950518608093,0.38939470052719116
YLR266C,YOR070C,0,3.242194,0.17134951055049896,0.8009950518608093,0.38949474692344666
YDR390C,YDR483W,0,3.241714,0.17131304740905762,0.8009950518608093,0.38959479331970215
YOR357C,YHR041C,0,3.2416785,0.17127659916877747,0.8009950518608093,0.38969483971595764
YOR054C,YDR388W,0,3.2414742,0.1712401658296585,0.8009950518608093,0.38979488611221313
YBL079W,YDR441C,0,3.241282,0.17120374739170074,0.8009950518608093,0.389894962310791
YDR004W,YER090W,0,3.2412648,0.17116734385490417,0.8009950518608093,0.3899950087070465
YOL030W,YKL042W,0,3.2411935,0.1711309552192688,0.8009950518608093,0.390095055103302
YLR026C,YJL197W,0,3.2410707,0.17109458148479462,0.8009950518608093,0.3901951014995575
YBR213W,YBL069W,0,3.2409165,0.17105822265148163,0.8009950518608093,0.390295147895813
YBR191W,YDL045W-A,0,3.239789,0.17102187871932983,0.8009950518608093,0.3903951942920685
YJL082W,YKR028W,0,3.2391376,0.17098554968833923,0.8009950518608093,0.390495240688324
YOL126C,YPL134C,0,3.2384987,0.17094925045967102,0.8009950518608093,0.39059528708457947
YDR175C,YJL090C,0,3.2384944,0.1709129512310028,0.8009950518608093,0.39069533348083496
YPL274W,YLL033W,0,3.2381337,0.1708766669034958,0.8009950518608093,0.39079540967941284
YGL158W,YCL059C,0,3.2379575,0.17084041237831116,0.8009950518608093,0.39089545607566833
YMR171C,YHL025W,0,3.237514,0.17080415785312653,0.8009950518608093,0.39099550247192383
YNR031C,YGR040W,0,3.2369018,0.1707679182291031,0.8009950518608093,0.3910955488681793
YMR318C,YMR012W,0,3.2360685,0.17073170840740204,0.8009950518608093,0.3911955952644348
YIR032C,YAL008W,0,3.2358727,0.170695498585701,0.8009950518608093,0.3912956416606903
YER063W,YPR055W,0,3.2348971,0.17065931856632233,0.8009950518608093,0.3913956880569458
YEL018W,YKL043W,0,3.2344785,0.17062313854694366,0.8009950518608093,0.3914957344532013
YHR046C,YDR473C,0,3.2339394,0.1705869883298874,0.8009950518608093,0.3915958106517792
YHR143W,YMR237W,0,3.2334778,0.1705508530139923,0.8009950518608093,0.39169585704803467
YOR335C,YAR031W,0,3.2331817,0.17051471769809723,0.8009950518608093,0.39179590344429016
YOR043W,YDL210W,0,3.233078,0.17047861218452454,0.8009950518608093,0.39189594984054565
YDR155C,YMR091C,1,3.232772,0.17065425217151642,0.8019900321960449,0.39189594984054565
YJR138W,YDR530C,0,3.2324324,0.17061811685562134,0.8019900321960449,0.39199599623680115
YIL128W,YBR162W-A,0,3.2321584,0.17058201134204865,0.8019900321960449,0.39209604263305664
YDL078C,YHR167W,0,3.2320096,0.17054592072963715,0.8019900321960449,0.39219608902931213
YLL022C,YOL017W,1,3.2318969,0.1707213819026947,0.8029850721359253,0.39219608902931213
YBL063W,YBR198C,0,3.2317314,0.170685276389122,0.8029850721359253,0.3922961354255676
YKL218C,YNR024W,0,3.2306318,0.1706491857767105,0.8029850721359253,0.3923962116241455
YLR312W-A,YGR276C,0,3.2304904,0.1706131100654602,0.8029850721359253,0.392496258020401
YAL002W,YKL185W,0,3.2304485,0.1705770492553711,0.8029850721359253,0.3925963044166565
YDR012W,YDR204W,0,3.2296143,0.17054100334644318,0.8029850721359253,0.392696350812912
YDR021W,YOR266W,0,3.2294383,0.17050497233867645,0.8029850721359253,0.3927963972091675
YOL017W,YGR275W,1,3.2291656,0.1706801801919937,0.8039801120758057,0.3927963972091675
YPL033C,YOR124C,0,3.2284946,0.1706441342830658,0.8039801120758057,0.392896443605423
YDL200C,YBR002C,0,3.2284422,0.17060810327529907,0.8039801120758057,0.39299649000167847
YNL283C,YKL195W,0,3.228281,0.17057208716869354,0.8039801120758057,0.39309653639793396
YFR008W,YGR224W,0,3.2280064,0.1705360859632492,0.8039801120758057,0.39319661259651184
YPL064C,YKL195W,0,3.22754,0.17050009965896606,0.8039801120758057,0.39329665899276733
YPL129W,YNL030W,1,3.227378,0.1706750988960266,0.804975152015686,0.39329665899276733
YBL039C,YHL016C,0,3.227354,0.17063911259174347,0.804975152015686,0.3933967053890228
YGR113W,YJR021C,0,3.22713,0.17060312628746033,0.804975152015686,0.3934967517852783
YKR035W-A,YJL072C,0,3.2271047,0.17056715488433838,0.804975152015686,0.3935967981815338
YNL135C,YCL061C,1,3.226912,0.1707419902086258,0.8059701323509216,0.3935967981815338
YLR201C,YDR320C,0,3.2262642,0.17070600390434265,0.8059701323509216,0.3936968445777893
YLR120C,YGR216C,0,3.2260814,0.1706700325012207,0.8059701323509216,0.3937968909740448
YDR224C,YOR132W,0,3.2259755,0.17063409090042114,0.8059701323509216,0.3938969373703003
YDR228C,YCR075C,0,3.2256918,0.17059814929962158,0.8059701323509216,0.3939969837665558
YNL012W,YOL067C,0,3.2252145,0.17056222259998322,0.8059701323509216,0.39409705996513367
YLR399C,YGR274C,1,3.2249084,0.17073684930801392,0.806965172290802,0.39409705996513367
YGR275W,YHL025W,1,3.2246604,0.17091138660907745,0.8079602122306824,0.39409705996513367
YGL200C,YDR437W,0,3.2236066,0.1708754152059555,0.8079602122306824,0.39419710636138916
YPL208W,YLL001W,0,3.2234306,0.17083947360515594,0.8079602122306824,0.39429715275764465
YPR156C,YKL170W,0,3.223306,0.17080353200435638,0.8079602122306824,0.39439719915390015
YEL062W,YLR264W,0,3.2226863,0.1707676202058792,0.8079602122306824,0.39449724555015564
YGR123C,YGR014W,0,3.2226644,0.17073170840740204,0.8079602122306824,0.39459729194641113
YNL059C,YDR030C,0,3.2223654,0.17069581151008606,0.8079602122306824,0.3946973383426666
YKR048C,YJL080C,1,3.2222977,0.1708701103925705,0.8089552521705627,0.3946973383426666
YHL011C,YPL161C,0,3.220994,0.17083421349525452,0.8089552521705627,0.3947973847389221
YCR053W,YDL124W,0,3.21986,0.17079831659793854,0.8089552521705627,0.3948974609375
YKR088C,YOR099W,0,3.219273,0.17076244950294495,0.8089552521705627,0.3949975073337555
YMR193W,YDL198C,0,3.2179947,0.17072658240795135,0.8089552521705627,0.395097553730011
YFL041W,YDR529C,0,3.2173567,0.17069074511528015,0.8089552521705627,0.3951976001262665
YLR263W,YDR369C,0,3.2163885,0.17065490782260895,0.8089552521705627,0.395297646522522
YJL083W,YDR150W,0,3.2161212,0.17061910033226013,0.8089552521705627,0.39539769291877747
YMR205C,YMR070W,0,3.215837,0.17058329284191132,0.8089552521705627,0.39549773931503296
YML091C,YHR108W,0,3.2155342,0.1705475151538849,0.8089552521705627,0.39559778571128845
YDL069C,YOR063W,0,3.2152915,0.17051175236701965,0.8089552521705627,0.39569786190986633
YNL301C,YMR200W,0,3.2151103,0.17047598958015442,0.8089552521705627,0.3957979083061218
YBR010W,YNL246W,1,3.2149959,0.17064990103244781,0.8099502325057983,0.3957979083061218
YJL121C,YNR044W,0,3.2144125,0.1706141233444214,0.8099502325057983,0.3958979547023773
YGR159C,YDR253C,0,3.2138247,0.17057837545871735,0.8099502325057983,0.3959980010986328
YDR243C,YKL033W,0,3.2137043,0.1705426424741745,0.8099502325057983,0.3960980474948883
YLL004W,YPL183C,0,3.2137034,0.17050690948963165,0.8099502325057983,0.3961980938911438
YDR240C,YGR167W,0,3.2134113,0.1704712063074112,0.8099502325057983,0.3962981402873993
YDL083C,YMR002W,0,3.213254,0.17043551802635193,0.8099502325057983,0.3963981866836548
YHR052W,YLR268W,0,3.2131412,0.17039982974529266,0.8099502325057983,0.39649826288223267
YDR317W,YAR019C,0,3.2121363,0.1703641712665558,0.8099502325057983,0.39659830927848816
YJL080C,YOR209C,1,3.2116094,0.1705377697944641,0.8109452724456787,0.39659830927848816
YOR156C,YDR197W,0,3.2111268,0.17050209641456604,0.8109452724456787,0.39669835567474365
YPL129W,YMR190C,1,3.2110946,0.170675590634346,0.8119403123855591,0.39669835567474365
YKL186C,YGL128C,0,3.2109137,0.17063990235328674,0.8119403123855591,0.39679840207099915
YCR086W,YBR081C,0,3.2107275,0.17060422897338867,0.8119403123855591,0.39689844846725464
YNL098C,YAR035W,0,3.2105527,0.1705685555934906,0.8119403123855591,0.39699849486351013
YLR314C,YHR139C,0,3.2104762,0.17053291201591492,0.8119403123855591,0.3970985412597656
YDR177W,YBR168W,0,3.2097187,0.17049728333950043,0.8119403123855591,0.3971985876560211
YGL040C,YIR037W,0,3.2093477,0.17046166956424713,0.8119403123855591,0.397298663854599
YBR166C,YNR019W,0,3.2092981,0.17042607069015503,0.8119403123855591,0.3973987102508545
YHR148W,YDR435C,0,3.209189,0.17039047181606293,0.8119403123855591,0.39749875664711
YLR447C,YIR012W,0,3.2081847,0.1703549027442932,0.8119403123855591,0.3975988030433655
YLL062C,YPR149W,0,3.2080135,0.1703193485736847,0.8119403123855591,0.39769884943962097
YHR103W,YER153C,0,3.2074647,0.17028380930423737,0.8119403123855591,0.39779889583587646
YOR086C,YMR080C,0,3.2069826,0.17024828493595123,0.8119403123855591,0.39789894223213196
YER088C,YGL194C,1,3.2066183,0.17042136192321777,0.8129353523254395,0.39789894223213196
YOL090W,YBR195C,1,3.206307,0.17059436440467834,0.813930332660675,0.39789894223213196
YDR238C,YPL254W,0,3.2058744,0.17055879533290863,0.813930332660675,0.39799898862838745
YMR236W,YIL131C,1,3.2058156,0.17073170840740204,0.8149253726005554,0.39799898862838745
YOR283W,YGL229C,0,3.2052162,0.17069612443447113,0.8149253726005554,0.39809903502464294
YEL038W,YPR175W,0,3.2048123,0.17066055536270142,0.8149253726005554,0.3981991112232208
YLL009C,YKL081W,0,3.2039335,0.1706250011920929,0.8149253726005554,0.3982991576194763
YLR074C,YML071C,0,3.203663,0.17058946192264557,0.8149253726005554,0.3983992040157318
YJR042W,YDL029W,0,3.202875,0.17055393755435944,0.8149253726005554,0.3984992504119873
YGL142C,YOR074C,0,3.202856,0.1705184280872345,0.8149253726005554,0.3985992968082428
YOR301W,YHR004C,0,3.2028062,0.17048293352127075,0.8149253726005554,0.3986993432044983
YLR459W,YOR320C,0,3.2023375,0.1704474538564682,0.8149253726005554,0.3987993896007538
YDL054C,YBR023C,0,3.202322,0.17041198909282684,0.8149253726005554,0.3988994359970093
YDR155C,YBR195C,1,3.2020507,0.1705845594406128,0.8159204125404358,0.3988994359970093
YJR033C,YOL151W,0,3.2012887,0.17054907977581024,0.8159204125404358,0.39899951219558716
YPL126W,YMR086W,0,3.2010627,0.17051361501216888,0.8159204125404358,0.39909955859184265
YGR103W,YLR228C,0,3.2008584,0.17047816514968872,0.8159204125404358,0.39919960498809814
YOR222W,YPR032W,0,3.2007022,0.17044273018836975,0.8159204125404358,0.39929965138435364
YOL026C,YER087C-B,0,3.2006788,0.17040731012821198,0.8159204125404358,0.39939969778060913
YPR191W,YBR260C,0,3.2005882,0.1703719049692154,0.8159204125404358,0.3994997441768646
YLR373C,YGL093W,0,3.2005858,0.17033651471138,0.8159204125404358,0.3995997905731201
YFL014W,YDR120C,0,3.2004862,0.1703011393547058,0.8159204125404358,0.3996998369693756
YKL100C,YNL112W,0,3.2004113,0.1702657788991928,0.8159204125404358,0.3997999131679535
YDR137W,YLR264W,0,3.200309,0.170230433344841,0.8159204125404358,0.399899959564209
YMR292W,YOR049C,0,3.2002058,0.1701951026916504,0.8159204125404358,0.4000000059604645
YIL061C,YCR005C,0,3.1995912,0.17015978693962097,0.8159204125404358,0.40010005235671997
YDR205W,YFL021W,0,3.1994467,0.17012448608875275,0.8159204125404358,0.40020009875297546
YLL021W,YGL200C,0,3.1991115,0.17008920013904572,0.8159204125404358,0.40030014514923096
YIR004W,YLR183C,0,3.198464,0.17005391418933868,0.8159204125404358,0.40040019154548645
YPL129W,YDR520C,0,3.198113,0.17001865804195404,0.8159204125404358,0.40050023794174194
YPL115C,YIL093C,0,3.1977448,0.1699834167957306,0.8159204125404358,0.4006003141403198
YCR030C,YOR349W,0,3.1976357,0.16994819045066833,0.8159204125404358,0.4007003605365753
YBR112C,YNR043W,0,3.1975002,0.16991296410560608,0.8159204125404358,0.4008004069328308
YDR315C,YJL012C,0,3.1971445,0.1698777675628662,0.8159204125404358,0.4009004533290863
YIL052C,YDR350C,0,3.197131,0.16984258592128754,0.8159204125404358,0.4010004997253418
YOR179C,YAL033W,0,3.1964078,0.16980741918087006,0.8159204125404358,0.4011005461215973
YKL062W,YHR088W,0,3.195055,0.16977225244045258,0.8159204125404358,0.4012005925178528
YCR014C,YOL093W,0,3.1942382,0.16973711550235748,0.8159204125404358,0.4013006389141083
YDR177W,YHR004C,0,3.1940837,0.16970199346542358,0.8159204125404358,0.40140071511268616
YBR009C,YLR353W,0,3.1934721,0.16966687142848969,0.8159204125404358,0.40150076150894165
YJR073C,YPR118W,0,3.1932502,0.16963177919387817,0.8159204125404358,0.40160080790519714
YGR211W,YMR153W,0,3.1932287,0.16959668695926666,0.8159204125404358,0.40170085430145264
YDR242W,YKR090W,0,3.192834,0.16956162452697754,0.8159204125404358,0.40180090069770813
YDR155C,YOL004W,1,3.1902032,0.16973330080509186,0.8169154524803162,0.40180090069770813
YDR343C,YDR080W,0,3.1901937,0.16969822347164154,0.8169154524803162,0.4019009470939636
YPL273W,YDR486C,0,3.190112,0.16966314613819122,0.8169154524803162,0.4020009934902191
YPR155C,YDR197W,0,3.189006,0.1696280986070633,0.8169154524803162,0.4021010398864746
YOL133W,YDL190C,0,3.1880598,0.16959306597709656,0.8169154524803162,0.4022010862827301
YPL126W,YLR207W,0,3.1878211,0.16955803334712982,0.8169154524803162,0.402301162481308
YER055C,YPL018W,0,3.1863186,0.16952301561832428,0.8169154524803162,0.4024012088775635
YJR140C,YKL112W,1,3.1861532,0.1696944683790207,0.8179104328155518,0.4024012088775635
YGL040C,YPR143W,0,3.185759,0.16965943574905396,0.8179104328155518,0.40250125527381897
YNR002C,YJL200C,0,3.1856842,0.1696244329214096,0.8179104328155518,0.40260130167007446
YDL042C,YKR048C,1,3.1834955,0.16979575157165527,0.8189054727554321,0.40260130167007446
YNL142W,YOR020C,0,3.1826324,0.16976071894168854,0.8189054727554321,0.40270134806632996
YMR109W,YBR023C,0,3.1823797,0.1697257161140442,0.8189054727554321,0.40280139446258545
YBR208C,YKL007W,0,3.1823032,0.16969072818756104,0.8189054727554321,0.40290144085884094
YOR260W,YLR265C,0,3.182294,0.16965574026107788,0.8189054727554321,0.40300148725509644
YPL074W,YER115C,0,3.181877,0.16962078213691711,0.8189054727554321,0.4031015634536743
YMR262W,YDR412W,0,3.181627,0.16958582401275635,0.8189054727554321,0.4032016098499298
YHR205W,YAR027W,0,3.1811414,0.16955088078975677,0.8189054727554321,0.4033016562461853
YMR049C,YCL027W,0,3.1811085,0.1695159673690796,0.8189054727554321,0.4034017026424408
YIL037C,YIR023W,0,3.1811082,0.1694810539484024,0.8189054727554321,0.4035017490386963
YDR473C,YCR004C,0,3.180415,0.1694461554288864,0.8189054727554321,0.4036017954349518
YEL002C,YJL186W,0,3.180091,0.1694112867116928,0.8189054727554321,0.4037018418312073
YHR090C,YBR251W,0,3.1798902,0.1693764179944992,0.8189054727554321,0.40380188822746277
YJR118C,YBR276C,0,3.179853,0.1693415641784668,0.8189054727554321,0.40390196442604065
YNL242W,YBR118W,0,3.1794944,0.16930672526359558,0.8189054727554321,0.40400201082229614
YER106W,YMR182C,0,3.1790218,0.16927190124988556,0.8189054727554321,0.40410205721855164
YER151C,YJR022W,0,3.1788473,0.16923709213733673,0.8189054727554321,0.40420210361480713
YPL091W,YJL158C,0,3.1787663,0.1692022979259491,0.8189054727554321,0.4043021500110626
YNL117W,YBR282W,0,3.178227,0.16916751861572266,0.8189054727554321,0.4044021964073181
YDR235W,YOR126C,0,3.177934,0.1691327542066574,0.8189054727554321,0.4045022428035736
YMR290C,YOL138C,0,3.1778214,0.16909800469875336,0.8189054727554321,0.4046022891998291
YOR177C,YKR056W,0,3.1777048,0.1690632700920105,0.8189054727554321,0.404702365398407
YOR363C,YGL095C,0,3.177512,0.16902855038642883,0.8189054727554321,0.4048024117946625
YHL027W,YJL026W,0,3.177023,0.16899384558200836,0.8189054727554321,0.40490245819091797
YIL132C,YGL186C,0,3.1768866,0.1689591407775879,0.8189054727554321,0.40500250458717346
YJR073C,YHR004C,0,3.1765976,0.1689244657754898,0.8189054727554321,0.40510255098342896
YGR252W,YKL196C,0,3.1758962,0.16888980567455292,0.8189054727554321,0.40520259737968445
YGR056W,YDR439W,1,3.1753478,0.16906031966209412,0.8199005126953125,0.40520259737968445
YPR037C,YOR217W,0,3.1750712,0.16902564465999603,0.8199005126953125,0.40530264377593994
YOR142W,YOR250C,0,3.1748464,0.16899096965789795,0.8199005126953125,0.40540269017219543
YJR108W,YBL035C,0,3.1747632,0.16895632445812225,0.8199005126953125,0.4055027365684509
YMR020W,YNL284C,0,3.1743376,0.16892169415950775,0.8199005126953125,0.4056028127670288
YGL005C,YLL051C,0,3.1741953,0.16888706386089325,0.8199005126953125,0.4057028591632843
YNR031C,YGR229C,0,3.1740189,0.16885246336460114,0.8199005126953125,0.4058029055595398
YPR186C,YKR048C,0,3.173267,0.16881786286830902,0.8199005126953125,0.4059029519557953
YML092C,YPR120C,0,3.1728837,0.1687832921743393,0.8199005126953125,0.4060029983520508
YDR234W,YDL101C,0,3.172738,0.16874872148036957,0.8199005126953125,0.4061030447483063
YMR153W,YNR007C,0,3.1727126,0.16871416568756104,0.8199005126953125,0.40620309114456177
YGL095C,YPR005C,0,3.1707036,0.1686796247959137,0.8199005126953125,0.40630313754081726
YKL067W,YDR077W,0,3.1699836,0.16864511370658875,0.8199005126953125,0.40640321373939514
YMR284W,YKR008W,1,3.1691353,0.1688152253627777,0.8208954930305481,0.40640321373939514
YAL023C,YPL021W,0,3.1690726,0.16878068447113037,0.8208954930305481,0.40650326013565063
YDL055C,YJR025C,0,3.1680062,0.16874615848064423,0.8208954930305481,0.40660330653190613
YJR036C,YLR237W,0,3.1678426,0.16871166229248047,0.8208954930305481,0.4067033529281616
YDR536W,YMR257C,0,3.1672127,0.1686771661043167,0.8208954930305481,0.4068033993244171
YKL178C,YMR078C,0,3.1669717,0.16864268481731415,0.8208954930305481,0.4069034457206726
YPR034W,YPR052C,1,3.1667156,0.1688125878572464,0.8218905329704285,0.4069034457206726
YGR078C,YGR262C,0,3.1665697,0.16877809166908264,0.8218905329704285,0.4070034921169281
YNL212W,YPL065W,0,3.1665645,0.16874361038208008,0.8218905329704285,0.4071035385131836
YER103W,YDR487C,0,3.1660135,0.1687091439962387,0.8218905329704285,0.4072036147117615
YBR024W,YBL017C,0,3.1659641,0.16867469251155853,0.8218905329704285,0.40730366110801697
YOR065W,YMR300C,0,3.1658926,0.16864025592803955,0.8218905329704285,0.40740370750427246
YHR058C,YPR162C,0,3.1655965,0.16860583424568176,0.8218905329704285,0.40750375390052795
YGR274C,YKL028W,0,3.165362,0.16857142746448517,0.8218905329704285,0.40760380029678345
YJL172W,YHR085W,0,3.1645737,0.16853703558444977,0.8218905329704285,0.40770384669303894
YPL218W,YDR247W,0,3.1636434,0.16850265860557556,0.8218905329704285,0.40780389308929443
YBR181C,YDR384C,0,3.163166,0.16846828162670135,0.8218905329704285,0.4079039394855499
YKL138C,YEL054C,0,3.1630316,0.16843393445014954,0.8218905329704285,0.4080040156841278
YJL044C,YCR039C,0,3.1628568,0.16839958727359772,0.8218905329704285,0.4081040620803833
YDR284C,YCL063W,0,3.1619601,0.1683652698993683,0.8218905329704285,0.4082041084766388
YHR021C,YBL005W,0,3.1619105,0.16833095252513885,0.8218905329704285,0.4083041548728943
YGR224W,YPL157W,0,3.1616259,0.1682966649532318,0.8218905329704285,0.4084042012691498
YGR264C,YBL076C,0,3.1616094,0.16826237738132477,0.8218905329704285,0.4085042476654053
YOR206W,YKL179C,0,3.1615744,0.16822810471057892,0.8218905329704285,0.40860429406166077
YOR239W,YAL011W,0,3.161251,0.16819384694099426,0.8218905329704285,0.40870434045791626
YHR136C,YBL090W,0,3.1604881,0.1681596040725708,0.8218905329704285,0.40880441665649414
YMR239C,YJL162C,0,3.1599722,0.16812537610530853,0.8218905329704285,0.40890446305274963
YLR304C,YLR384C,0,3.1599193,0.16809116303920746,0.8218905329704285,0.4090045094490051
YGL147C,YMR240C,0,3.1592922,0.16805696487426758,0.8218905329704285,0.4091045558452606
YEL006W,YPR042C,0,3.1587553,0.1680227816104889,0.8218905329704285,0.4092046022415161
YOL054W,YPL167C,0,3.1579432,0.1679886132478714,0.8218905329704285,0.4093046486377716
YDL143W,YDR252W,0,3.1578574,0.1679544597864151,0.8218905329704285,0.4094046950340271
YNL180C,YER012W,0,3.1561341,0.1679203063249588,0.8218905329704285,0.4095047414302826
YJR055W,YJR119C,0,3.1557837,0.1678861826658249,0.8218905329704285,0.4096047878265381
YGL220W,YDR437W,0,3.1553016,0.16785205900669098,0.8218905329704285,0.40970486402511597
YER046W,YBR205W,0,3.154319,0.16781796514987946,0.8218905329704285,0.40980491042137146
YDL069C,YIL132C,0,3.1539917,0.16778387129306793,0.8218905329704285,0.40990495681762695
YIL002C,YER131W,0,3.1531048,0.1677497923374176,0.8218905329704285,0.41000500321388245
YEL036C,YML013W,0,3.1527872,0.16771574318408966,0.8218905329704285,0.41010504961013794
YOR002W,YHR004C,0,3.1524289,0.16768169403076172,0.8218905329704285,0.41020509600639343
YJR112W,YML097C,0,3.1521869,0.16764765977859497,0.8218905329704285,0.4103051424026489
YOR067C,YML101C,0,3.15215,0.16761364042758942,0.8218905329704285,0.4104051887989044
YGR204W,YKR030W,0,3.151639,0.16757963597774506,0.8218905329704285,0.4105052649974823
YHL015W,YDR411C,0,3.1514616,0.1675456315279007,0.8218905329704285,0.4106053113937378
YML010W,YKL112W,1,3.1514401,0.167714461684227,0.8228855729103088,0.4106053113937378
YOR120W,YPL063W,0,3.1511383,0.16768045723438263,0.8228855729103088,0.4107053577899933
YOL038W,YDL078C,0,3.1509256,0.16764646768569946,0.8228855729103088,0.4108054041862488
YLR006C,YBR158W,0,3.1507046,0.1676124781370163,0.8228855729103088,0.4109054505825043
YDR014W,YDR227W,0,3.1505797,0.16757851839065552,0.8228855729103088,0.41100549697875977
YEL062W,YPL171C,0,3.150295,0.16754457354545593,0.8228855729103088,0.41110554337501526
YHR086W,YFL057C,0,3.149753,0.16751062870025635,0.8228855729103088,0.41120558977127075
YGR162W,YML095C,0,3.148818,0.16747671365737915,0.8228855729103088,0.41130566596984863
YGL026C,YKL054C,0,3.1487505,0.16744279861450195,0.8228855729103088,0.4114057123661041
YMR048W,YFL037W,0,3.1484733,0.16740891337394714,0.8228855729103088,0.4115057587623596
YBR129C,YDL074C,0,3.146823,0.16737502813339233,0.8228855729103088,0.4116058051586151
YER051W,YPL017C,0,3.1467307,0.16734115779399872,0.8228855729103088,0.4117058515548706
YBR257W,YGR142W,0,3.1466665,0.1673073023557663,0.8228855729103088,0.4118058979511261
YDR296W,YKL210W,0,3.1457138,0.16727346181869507,0.8228855729103088,0.4119059443473816
YMR081C,YDR013W,0,3.145331,0.16723963618278503,0.8228855729103088,0.4120059907436371
YLR325C,YMR158W,0,3.144976,0.1672058254480362,0.8228855729103088,0.41210606694221497
YEL001C,YBR257W,0,3.144803,0.16717202961444855,0.8228855729103088,0.41220611333847046
YDL024C,YPR041W,0,3.1448011,0.1671382337808609,0.8228855729103088,0.41230615973472595
YJL003W,YNR010W,0,3.1443808,0.16710446774959564,0.8228855729103088,0.41240620613098145
YHL025W,YDR073W,1,3.142934,0.16727273166179657,0.8238806128501892,0.41240620613098145
YDR364C,YOL105C,0,3.1424634,0.16723893582820892,0.8238806128501892,0.41250625252723694
YPR026W,YNL038W,0,3.1416726,0.16720516979694366,0.8238806128501892,0.41260629892349243
YNL304W,YPR122W,0,3.141234,0.1671714186668396,0.8238806128501892,0.4127063453197479
YCL016C,YKR036C,0,3.1412048,0.16713766753673553,0.8238806128501892,0.4128063917160034
YML036W,YHR039C-A,0,3.1407657,0.16710393130779266,0.8238806128501892,0.4129064679145813
YDR057W,YIL133C,0,3.1403203,0.16707022488117218,0.8238806128501892,0.4130065143108368
YLL038C,YHR118C,0,3.1399565,0.1670365184545517,0.8238806128501892,0.4131065607070923
YIR036C,YGL113W,0,3.1395159,0.1670028269290924,0.8238806128501892,0.4132066071033478
YCL035C,YFR038W,0,3.1394515,0.1669691503047943,0.8238806128501892,0.41330665349960327
YOR011W,YIL094C,0,3.1383095,0.1669354885816574,0.8238806128501892,0.41340669989585876
YOR148C,YBR065C,0,3.13798,0.1669018268585205,0.8238806128501892,0.41350674629211426
YPR111W,YLR347C,0,3.1378314,0.166868194937706,0.8238806128501892,0.41360679268836975
YDR144C,YGR076C,0,3.1373224,0.16683457791805267,0.8238806128501892,0.41370683908462524
YKL201C,YIL039W,0,3.136868,0.16680096089839935,0.8238806128501892,0.4138069152832031
YDR034C,YMR036C,0,3.1362617,0.16676737368106842,0.8238806128501892,0.4139069616794586
YIL026C,YDL111C,0,3.1361485,0.1667337864637375,0.8238806128501892,0.4140070080757141
YNL051W,YDR023W,0,3.1355782,0.16670021414756775,0.8238806128501892,0.4141070544719696
YGL103W,YPL137C,0,3.1352043,0.1666666716337204,0.8238806128501892,0.4142071008682251
YJL073W,YDR389W,0,3.1344628,0.16663312911987305,0.8238806128501892,0.4143071472644806
YJL030W,YNL289W,0,3.1341696,0.1665996015071869,0.8238806128501892,0.4144071936607361
YDR485C,YDR190C,1,3.1341424,0.16676725447177887,0.8248755931854248,0.4144071936607361
YLR381W,YPR067W,0,3.1339061,0.16673371195793152,0.8248755931854248,0.4145072400569916
YPR068C,YOL090W,1,3.1334472,0.16690126061439514,0.8258706331253052,0.4145072400569916
YEL059C-A,YMR040W,0,3.131669,0.1668677181005478,0.8258706331253052,0.41460731625556946
YKL064W,YML085C,0,3.131472,0.16683417558670044,0.8258706331253052,0.41470736265182495
YEL029C,YGR189C,0,3.1314151,0.16680064797401428,0.8258706331253052,0.41480740904808044
YMR306W,YER049W,0,3.1312714,0.16676713526248932,0.8258706331253052,0.41490745544433594
YDL061C,YDR388W,0,3.1311605,0.16673362255096436,0.8258706331253052,0.41500750184059143
YIL047C,YLR023C,0,3.1309772,0.16670013964176178,0.8258706331253052,0.4151075482368469
YKL021C,YPR046W,0,3.1308446,0.1666666716337204,0.8258706331253052,0.4152075946331024
YBR240C,YNR057C,0,3.1304543,0.16663320362567902,0.8258706331253052,0.4153076410293579
YNL273W,YDR236C,0,3.1301074,0.16659976541996002,0.8258706331253052,0.4154077172279358
YJR130C,YER038C,0,3.1296637,0.16656632721424103,0.8258706331253052,0.4155077636241913
YOR034C,YDL030W,0,3.1296277,0.16653290390968323,0.8258706331253052,0.4156078100204468
YPR188C,YGR129W,0,3.1278665,0.16649949550628662,0.8258706331253052,0.41570785641670227
YHL021C,YBL092W,0,3.1272762,0.1664661020040512,0.8258706331253052,0.41580790281295776
YDR545W,YPL183C,0,3.127218,0.166432723402977,0.8258706331253052,0.41590794920921326
YFR010W,YMR048W,0,3.1267185,0.16639935970306396,0.8258706331253052,0.41600799560546875
YHR135C,YOR182C,0,3.126392,0.16636601090431213,0.8258706331253052,0.41610804200172424
YER111C,YJR083C,0,3.1249804,0.1663326621055603,0.8258706331253052,0.4162081182003021
YGR097W,YHR073W,0,3.124185,0.16629934310913086,0.8258706331253052,0.4163081645965576
YOR194C,YKL089W,0,3.124174,0.16626602411270142,0.8258706331253052,0.4164082109928131
YOR393W,YPL176C,0,3.1240523,0.16623272001743317,0.8258706331253052,0.4165082573890686
YER113C,YML027W,0,3.1230006,0.1661994457244873,0.8258706331253052,0.4166083037853241
YOR253W,YOR377W,0,3.1228821,0.16616617143154144,0.8258706331253052,0.4167083501815796
YBR281C,YKL178C,0,3.122734,0.16613291203975677,0.8258706331253052,0.4168083965778351
YAL034W-A,YBL031W,0,3.1222117,0.1660996526479721,0.8258706331253052,0.4169084429740906
YBR091C,YMR002W,0,3.1220505,0.16606642305850983,0.8258706331253052,0.41700848937034607
YPL095C,YFL005W,0,3.1217794,0.16603320837020874,0.8258706331253052,0.41710856556892395
YBL030C,YML061C,0,3.121109,0.16599999368190765,0.8258706331253052,0.41720861196517944
YGR120C,YJR110W,0,3.118583,0.16596680879592896,0.8258706331253052,0.41730865836143494
YEL030W,YDR517W,0,3.1185408,0.16593362390995026,0.8258706331253052,0.41740870475769043
YDR080W,YFL001W,0,3.118387,0.16590045392513275,0.8258706331253052,0.4175087511539459
YGR052W,YJR076C,0,3.1179872,0.16586729884147644,0.8258706331253052,0.4176087975502014
YCL024W,YNR038W,0,3.11785,0.16583415865898132,0.8258706331253052,0.4177088439464569
YOR306C,YKL168C,0,3.1176994,0.1658010333776474,0.8258706331253052,0.4178088903427124
YNL079C,YKL081W,0,3.117624,0.16576792299747467,0.8258706331253052,0.4179089665412903
YHR056C,YNL135C,1,3.1171818,0.1659345030784607,0.8268656730651855,0.4179089665412903
YNR011C,YPL130W,0,3.116867,0.16590137779712677,0.8268656730651855,0.4180090129375458
YCR012W,YCR098C,0,3.115614,0.16586826741695404,0.8268656730651855,0.41810905933380127
YAL056W,YGL063W,0,3.1156082,0.1658351570367813,0.8268656730651855,0.41820910573005676
YMR075W,YNL127W,0,3.1155586,0.16580207645893097,0.8268656730651855,0.41830915212631226
YKL197C,YBR240C,0,3.115096,0.16576899588108063,0.8268656730651855,0.41840919852256775
YGL028C,YNL038W,0,3.1149058,0.16573594510555267,0.8268656730651855,0.41850924491882324
YDL070W,YOR074C,0,3.114583,0.16570289433002472,0.8268656730651855,0.41860929131507874
YBL068W,YCL051W,0,3.1136045,0.16566985845565796,0.8268656730651855,0.4187093675136566
YHL025W,YNL330C,1,3.113204,0.1658361554145813,0.8278607130050659,0.4187093675136566
YDR021W,YEL061C,0,3.1130047,0.16580310463905334,0.8278607130050659,0.4188094139099121
YHR194W,YDL075W,0,3.112997,0.16577006876468658,0.8278607130050659,0.4189094603061676
YLR038C,YGR030C,0,3.112935,0.16573704779148102,0.8278607130050659,0.4190095067024231
YOR381W,YJR110W,0,3.1126008,0.16570404171943665,0.8278607130050659,0.4191095530986786
YAL034W-A,YOR230W,0,3.112525,0.16567105054855347,0.8278607130050659,0.4192095994949341
YDL240W,YDR076W,0,3.112496,0.1656380593776703,0.8278607130050659,0.4193096458911896
YPL240C,YOR224C,0,3.1123183,0.1656050980091095,0.8278607130050659,0.41940969228744507
YDL015C,YMR198W,0,3.1122346,0.1655721366405487,0.8278607130050659,0.41950976848602295
YOL108C,YHR029C,0,3.112173,0.1655391901731491,0.8278607130050659,0.41960981488227844
YML116W,YER109C,0,3.1113837,0.1655062735080719,0.8278607130050659,0.41970986127853394
YNL261W,YJL179W,0,3.1109545,0.1654733419418335,0.8278607130050659,0.41980990767478943
YLR206W,YGR292W,0,3.1104164,0.16544044017791748,0.8278607130050659,0.4199099540710449
YPL076W,YPR102C,0,3.1103997,0.16540755331516266,0.8278607130050659,0.4200100004673004
YKL004W,YAL043C,0,3.110325,0.16537468135356903,0.8278607130050659,0.4201100468635559
YLR176C,YLL051C,0,3.1102934,0.1653418093919754,0.8278607130050659,0.4202100932598114
YKL103C,YKL081W,0,3.1100543,0.16530896723270416,0.8278607130050659,0.4203101694583893
YER019C-A,YML052W,0,3.1090462,0.16527612507343292,0.8278607130050659,0.4204102158546448
YNL180C,YPL183C,0,3.1086512,0.16524329781532288,0.8278607130050659,0.42051026225090027
YNL151C,YLR259C,0,3.1080766,0.16521048545837402,0.8278607130050659,0.42061030864715576
YMR233W,YDR435C,0,3.1067638,0.16517768800258636,0.8278607130050659,0.42071035504341125
YJR132W,YMR211W,0,3.1065576,0.1651449054479599,0.8278607130050659,0.42081040143966675
YLR079W,YLR186W,0,3.1065092,0.16511212289333344,0.8278607130050659,0.42091044783592224
YBL061C,YDR083W,0,3.1056209,0.16507937014102936,0.8278607130050659,0.42101049423217773
YJL060W,YOL138C,0,3.1054325,0.16504661738872528,0.8278607130050659,0.4211105406284332
YNL307C,YNL056W,0,3.1054156,0.1650138795375824,0.8278607130050659,0.4212106168270111
YKL069W,YDL099W,0,3.1051488,0.1649811565876007,0.8278607130050659,0.4213106632232666
YPR108W,YOR288C,0,3.1047063,0.1649484485387802,0.8278607130050659,0.4214107096195221
YGR063C,YLL004W,1,3.1033473,0.16511397063732147,0.8288556933403015,0.4214107096195221
YOR243C,YOR258W,0,3.10185,0.16508124768733978,0.8288556933403015,0.4215107560157776
YOL093W,YOR311C,0,3.100978,0.1650485396385193,0.8288556933403015,0.4216108024120331
YFR032C-A,YCL051W,0,3.1007166,0.16501584649085999,0.8288556933403015,0.4217108488082886
YPR156C,YKL195W,0,3.1005402,0.16498316824436188,0.8288556933403015,0.42181089520454407
YOR260W,YPR102C,0,3.100424,0.16495048999786377,0.8288556933403015,0.42191094160079956
YPR083W,YLR289W,0,3.100213,0.16491784155368805,0.8288556933403015,0.42201101779937744
YGR060W,YNR050C,0,3.0986385,0.16488519310951233,0.8288556933403015,0.42211106419563293
YNL164C,YER027C,0,3.0983634,0.1648525595664978,0.8288556933403015,0.4222111105918884
YML120C,YPL101W,0,3.0979443,0.16481994092464447,0.8288556933403015,0.4223111569881439
YLR120C,YMR039C,0,3.097759,0.16478733718395233,0.8288556933403015,0.4224112033843994
YMR275C,YBR034C,0,3.097271,0.1647547483444214,0.8288556933403015,0.4225112497806549
YPL206C,YBR037C,0,3.096838,0.16472217440605164,0.8288556933403015,0.4226112961769104
YMR239C,YDR167W,1,3.0962887,0.16488730907440186,0.8298507332801819,0.4226112961769104
YIL131C,YDR167W,1,3.0956461,0.1650523841381073,0.8308457732200623,0.4226112961769104
YBL026W,YLR200W,0,3.0954282,0.16501976549625397,0.8308457732200623,0.4227113425731659
YOR001W,YNR047W,0,3.0954046,0.16498716175556183,0.8308457732200623,0.4228114187717438
YGL210W,YPR154W,0,3.0947142,0.1649545580148697,0.8308457732200623,0.42291146516799927
YPL195W,YPL063W,0,3.0937634,0.16492198407649994,0.8308457732200623,0.42301151156425476
YDL074C,YOL069W,0,3.0933542,0.1648894101381302,0.8308457732200623,0.42311155796051025
YPL204W,YLR201C,0,3.0932472,0.16485686600208282,0.8308457732200623,0.42321160435676575
YGR061C,YHR021C,0,3.0930486,0.16482432186603546,0.8308457732200623,0.42331165075302124
YGR072W,YPL134C,0,3.0926182,0.1647917926311493,0.8308457732200623,0.42341169714927673
YMR033W,YHR207C,0,3.0925493,0.16475927829742432,0.8308457732200623,0.4235117435455322
YKL174C,YJR032W,0,3.092316,0.16472676396369934,0.8308457732200623,0.4236118197441101
YLR276C,YHR186C,0,3.0918674,0.16469427943229675,0.8308457732200623,0.4237118661403656
YPL215W,YFR021W,0,3.0909662,0.16466180980205536,0.8308457732200623,0.4238119125366211
YOL062C,YNL054W,0,3.0903711,0.16462934017181396,0.8308457732200623,0.4239119589328766
YML116W,YER013W,0,3.0892718,0.16459688544273376,0.8308457732200623,0.4240120053291321
YHR056C,YDL015C,0,3.0885608,0.16456444561481476,0.8308457732200623,0.4241120517253876
YLR209C,YOL154W,0,3.0884116,0.16453202068805695,0.8308457732200623,0.42421209812164307
YDR312W,YGR030C,0,3.088108,0.16449961066246033,0.8308457732200623,0.42431214451789856
YDR025W,YDR076W,0,3.0877056,0.1644672006368637,0.8308457732200623,0.42441222071647644
YHR030C,YOR290C,0,3.0876892,0.16443482041358948,0.8308457732200623,0.42451226711273193
YKR089C,YDR117C,0,3.0871637,0.16440244019031525,0.8308457732200623,0.4246123135089874
YBR120C,YHR170W,0,3.0867476,0.1643700748682022,0.8308457732200623,0.4247123599052429
YGL236C,YGL059W,0,3.086685,0.16433772444725037,0.8308457732200623,0.4248124063014984
YOR099W,YJL124C,0,3.0865145,0.16430538892745972,0.8308457732200623,0.4249124526977539
YLR183C,YBR089C-A,0,3.0859642,0.16427306830883026,0.8308457732200623,0.4250124990940094
YKL182W,YKL006W,0,3.0857472,0.164240762591362,0.8308457732200623,0.4251125454902649
YOL038W,YDR253C,0,3.0853732,0.16420845687389374,0.8308457732200623,0.4252125918865204
YLR305C,YBR118W,0,3.0849242,0.16417616605758667,0.8308457732200623,0.42531266808509827
YMR044W,YPR018W,1,3.0848374,0.16434048116207123,0.8318408131599426,0.42531266808509827
YOR216C,YGR030C,0,3.084342,0.16430817544460297,0.8318408131599426,0.42541271448135376
YBR281C,YGL113W,0,3.0841098,0.1642758846282959,0.8318408131599426,0.42551276087760925
YER060W-A,YHR179W,0,3.0840611,0.16424360871315002,0.8318408131599426,0.42561280727386475
YMR171C,YEL019C,0,3.0837646,0.16421134769916534,0.8318408131599426,0.42571285367012024
YJL004C,YJL035C,0,3.0834537,0.16417910158634186,0.8318408131599426,0.42581290006637573
YGL071W,YOR101W,0,3.0833492,0.16414687037467957,0.8318408131599426,0.4259129464626312
YJL025W,YGL167C,0,3.082406,0.16411463916301727,0.8318408131599426,0.4260129928588867
YOR311C,YKL206C,0,3.0821981,0.16408243775367737,0.8318408131599426,0.4261130690574646
YBR115C,YGL205W,0,3.0821393,0.16405023634433746,0.8318408131599426,0.4262131154537201
YHR132C,YDL099W,0,3.0820506,0.16401804983615875,0.8318408131599426,0.4263131618499756
YDR011W,YBR131W,0,3.0819516,0.16398587822914124,0.8318408131599426,0.4264132082462311
YOR260W,YPL013C,0,3.081346,0.1639537215232849,0.8318408131599426,0.4265132546424866
YJL187C,YBR198C,0,3.0809658,0.1639215648174286,0.8318408131599426,0.42661330103874207
YDR268W,YOR106W,0,3.0804076,0.16388943791389465,0.8318408131599426,0.42671334743499756
YBR282W,YDR227W,0,3.0801218,0.16385731101036072,0.8318408131599426,0.42681339383125305
YAL040C,YKL002W,0,3.0799556,0.16382519900798798,0.8318408131599426,0.42691347002983093
YLR061W,YOL152W,0,3.0796542,0.16379310190677643,0.8318408131599426,0.4270135164260864
YPL015C,YDR439W,1,3.078623,0.1639569103717804,0.8328357934951782,0.4270135164260864
YOR159C,YPL176C,0,3.078063,0.16392479836940765,0.8328357934951782,0.4271135628223419
YMR175W,YCR065W,0,3.0776281,0.1638927012681961,0.8328357934951782,0.4272136092185974
YPL239W,YJL071W,0,3.076981,0.16386060416698456,0.8328357934951782,0.4273136556148529
YML092C,YOL086C,0,3.0768616,0.1638285368680954,0.8328357934951782,0.4274137020111084
YJL140W,YDR038C,0,3.0767767,0.16379648447036743,0.8328357934951782,0.4275137484073639
YIL072W,YLR451W,0,3.076517,0.16376443207263947,0.8328357934951782,0.4276137948036194
YBR195C,YDR347W,0,3.075537,0.1637323945760727,0.8328357934951782,0.42771387100219727
YCR031C,YJR135C,0,3.075523,0.16370037198066711,0.8328357934951782,0.42781391739845276
YLL018C,YMR242C,0,3.0750222,0.16366836428642273,0.8328357934951782,0.42791396379470825
YGR056W,YBR231C,1,3.0748563,0.16383185982704163,0.8338308334350586,0.42791396379470825
YHR168W,YGR083C,0,3.0747528,0.16379983723163605,0.8338308334350586,0.42801401019096375
YGR095C,YCR106W,0,3.0743759,0.16376782953739166,0.8338308334350586,0.42811405658721924
YGL070C,YPL273W,0,3.074059,0.16373583674430847,0.8338308334350586,0.42821410298347473
YJL153C,YLR139C,0,3.0737925,0.16370384395122528,0.8338308334350586,0.4283141493797302
YLR404W,YKL048C,0,3.0735927,0.16367188096046448,0.8338308334350586,0.4284141957759857
YLL038C,YDL095W,0,3.0732284,0.16363991796970367,0.8338308334350586,0.4285142719745636
YLR440C,YLR015W,0,3.0712166,0.16360796988010406,0.8338308334350586,0.4286143183708191
YGR285C,YPL233W,0,3.070983,0.16357603669166565,0.8338308334350586,0.4287143647670746
YMR194W,YNR003C,0,3.0706947,0.16354410350322723,0.8338308334350586,0.4288144111633301
YDR496C,YHL031C,0,3.0704894,0.1635122001171112,0.8338308334350586,0.42891445755958557
YPR046W,YLL045C,0,3.0703,0.16348029673099518,0.8338308334350586,0.42901450395584106
YOR270C,YGR142W,0,3.0700564,0.16344840824604034,0.8338308334350586,0.42911455035209656
YOR310C,YML011C,0,3.0699239,0.1634165346622467,0.8338308334350586,0.42921459674835205
YKR049C,YIL140W,0,3.0694213,0.16338467597961426,0.8338308334350586,0.42931464314460754
YDL170W,YOR207C,0,3.0692253,0.163352832198143,0.8338308334350586,0.4294147193431854
YGL203C,YPL013C,0,3.0691364,0.16332098841667175,0.8338308334350586,0.4295147657394409
YDL098C,YGR040W,0,3.0687306,0.1632891595363617,0.8338308334350586,0.4296148121356964
YPR021C,YBR035C,0,3.0685918,0.16325736045837402,0.8338308334350586,0.4297148585319519
YMR019W,YML034W,0,3.0685012,0.16322556138038635,0.8338308334350586,0.4298149049282074
YLR008C,YIL156W,0,3.0682032,0.16319376230239868,0.8338308334350586,0.4299149513244629
YKR101W,YIL126W,1,3.067683,0.1633566915988922,0.834825873374939,0.4299149513244629
YBR080C,YOR355W,0,3.067664,0.16332489252090454,0.834825873374939,0.4300149977207184
YLR188W,YGR268C,0,3.067593,0.16329310834407806,0.834825873374939,0.4301150441169739
YMR272C,YNL026W,0,3.0674164,0.16326133906841278,0.834825873374939,0.43021512031555176
YJL073W,YOR162C,0,3.0665424,0.1632295697927475,0.834825873374939,0.43031516671180725
YHR132C,YLR188W,0,3.06544,0.1631978154182434,0.834825873374939,0.43041521310806274
YBL089W,YLR401C,0,3.0653362,0.1631660759449005,0.834825873374939,0.43051525950431824
YBR195C,YDR205W,0,3.0652957,0.1631343513727188,0.834825873374939,0.43061530590057373
YBR115C,YBL020W,0,3.0646753,0.1631026417016983,0.834825873374939,0.4307153522968292
YGR221C,YER161C,1,3.064187,0.16326530277729034,0.8358209133148193,0.4307153522968292
YOR207C,YNL172W,0,3.0637386,0.16323357820510864,0.8358209133148193,0.4308153986930847
YGR077C,YBL021C,0,3.0630832,0.16320186853408813,0.8358209133148193,0.4309154450893402
YJR145C,YFL013C,0,3.0613785,0.16317015886306763,0.8358209133148193,0.4310155212879181
YCR014C,YCR026C,0,3.061291,0.1631384789943695,0.8358209133148193,0.4311155676841736
YOL104C,YLR209C,0,3.0612175,0.1631067991256714,0.8358209133148193,0.4312156140804291
YBR240C,YDR176W,0,3.061185,0.16307513415813446,0.8358209133148193,0.43131566047668457
YPL208W,YNL137C,0,3.06041,0.16304348409175873,0.8358209133148193,0.43141570687294006
YPL157W,YGR154C,0,3.0599027,0.163011834025383,0.8358209133148193,0.43151575326919556
YFL023W,YOL152W,0,3.059556,0.16298021376132965,0.8358209133148193,0.43161579966545105
YAR015W,YLR099C,0,3.0593011,0.1629485934972763,0.8358209133148193,0.43171584606170654
YJR140C,YPR034W,1,3.0592337,0.16311094164848328,0.8368158936500549,0.43171584606170654
YLR134W,YPL060W,0,3.0591588,0.16307930648326874,0.8368158936500549,0.4318159222602844
YCR038C,YBR158W,0,3.059104,0.1630476862192154,0.8368158936500549,0.4319159686565399
YKL165C,YEL054C,0,3.0583339,0.16301609575748444,0.8368158936500549,0.4320160150527954
YKR037C,YDR140W,0,3.0582638,0.16298449039459229,0.8368158936500549,0.4321160614490509
YDL105W,YMR190C,1,3.0578966,0.16314667463302612,0.8378109335899353,0.4321160614490509
YDL108W,YMR097C,0,3.0576105,0.16311506927013397,0.8378109335899353,0.4322161078453064
YHR117W,YKL021C,0,3.0574098,0.16308347880840302,0.8378109335899353,0.4323161542415619
YBR067C,YER165W,0,3.0573125,0.16305190324783325,0.8378109335899353,0.4324162006378174
YGL213C,YDR441C,0,3.057104,0.1630203276872635,0.8378109335899353,0.4325162470340729
YHR116W,YLL011W,0,3.0568514,0.16298876702785492,0.8378109335899353,0.43261629343032837
YNR035C,YHR215W,0,3.0565867,0.16295722126960754,0.8378109335899353,0.43271636962890625
YNL261W,YGL163C,1,3.0557823,0.16311919689178467,0.8388059735298157,0.43271636962890625
YCL014W,YNR041C,0,3.055511,0.1630876362323761,0.8388059735298157,0.43281641602516174
YIR015W,YJR103W,0,3.055485,0.16305609047412872,0.8388059735298157,0.43291646242141724
YIL150C,YPL021W,0,3.0548978,0.16302455961704254,0.8388059735298157,0.43301650881767273
YGL133W,YCR052W,1,3.0542755,0.16318638622760773,0.839801013469696,0.43301650881767273
YHR147C,YDR219C,0,3.053927,0.16315484046936035,0.839801013469696,0.4331165552139282
YDR176W,YDR148C,0,3.0539088,0.16312330961227417,0.839801013469696,0.4332166016101837
YJR010C-A,YDR330W,0,3.053678,0.16309179365634918,0.839801013469696,0.4333166480064392
YDR472W,YPR199C,0,3.0534942,0.1630602777004242,0.839801013469696,0.4334166944026947
YNL023C,YMR169C,0,3.0532632,0.1630287766456604,0.839801013469696,0.4335167706012726
YPL204W,YHL024W,0,3.0531878,0.1629972904920578,0.839801013469696,0.4336168169975281
YKL160W,YPR175W,1,3.0530524,0.16315890848636627,0.8407959938049316,0.4336168169975281
YPR052C,YBR089C-A,1,3.0529313,0.16332046687602997,0.841791033744812,0.4336168169975281
YDR059C,YDR093W,0,3.0524306,0.1632889360189438,0.841791033744812,0.43371686339378357
YLR329W,YIL061C,0,3.0518756,0.16325743496418,0.841791033744812,0.43381690979003906
YAL011W,YJL194W,1,3.0501878,0.16341887414455414,0.8427860736846924,0.43381690979003906
YIL128W,YMR032W,0,3.0501616,0.16338734328746796,0.8427860736846924,0.43391695618629456
YGR004W,YMR072W,0,3.0500035,0.16335582733154297,0.8427860736846924,0.43401700258255005
YMR261C,YDR108W,0,3.049734,0.16332434117794037,0.8427860736846924,0.43411704897880554
YNL291C,YML080W,0,3.0496492,0.16329284012317657,0.8427860736846924,0.43421709537506104
YIL143C,YBR109C,0,3.0488377,0.16326136887073517,0.8427860736846924,0.4343171715736389
YJR035W,YIR015W,0,3.048817,0.16322991251945496,0.8427860736846924,0.4344172179698944
YDR423C,YIL037C,0,3.0466483,0.16319845616817474,0.8427860736846924,0.4345172643661499
YML080W,YHL008C,0,3.0464115,0.16316701471805573,0.8427860736846924,0.4346173107624054
YLR377C,YDR310C,0,3.0460203,0.1631355881690979,0.8427860736846924,0.4347173571586609
YKL096W-A,YNL202W,0,3.0447447,0.16310417652130127,0.8427860736846924,0.4348174035549164
YGL137W,YDL054C,0,3.0439835,0.16307277977466583,0.8427860736846924,0.4349174499511719
YDR218C,YHR149C,0,3.0431585,0.1630413830280304,0.8427860736846924,0.43501749634742737
YDR329C,YKL078W,0,3.0427976,0.16301000118255615,0.8427860736846924,0.43511757254600525
YCR046C,YDR318W,0,3.0423567,0.1629786342382431,0.8427860736846924,0.43521761894226074
YGR184C,YBL013W,0,3.0422792,0.16294728219509125,0.8427860736846924,0.43531766533851624
YDR289C,YDR179C,0,3.0418658,0.16291594505310059,0.8427860736846924,0.43541771173477173
YGL037C,YMR190C,1,3.0418267,0.16307692229747772,0.8437811136245728,0.43541771173477173
YLR389C,YFR001W,0,3.040719,0.16304557025432587,0.8437811136245728,0.4355177581310272
YKL165C,YBR275C,0,3.0401258,0.163014218211174,0.8437811136245728,0.4356178045272827
YGL171W,YLR316C,0,3.0400896,0.16298289597034454,0.8437811136245728,0.4357178509235382
YPL186C,YPL271W,0,3.039966,0.16295157372951508,0.8437811136245728,0.4358178973197937
YGL256W,YIR018W,0,3.039651,0.1629202663898468,0.8437811136245728,0.4359179735183716
YDR317W,YHR108W,0,3.0394478,0.16288897395133972,0.8437811136245728,0.4360180199146271
YEL006W,YJR121W,0,3.0386968,0.16285769641399384,0.8437811136245728,0.43611806631088257
YMR001C,YIL171W,0,3.0383139,0.16282641887664795,0.8437811136245728,0.43621811270713806
YJR092W,YKL156W,0,3.0369523,0.16279515624046326,0.8437811136245728,0.43631815910339355
YGR077C,YDR242W,0,3.0369167,0.16276390850543976,0.8437811136245728,0.43641820549964905
YGR264C,YDR424C,0,3.0367098,0.16273267567157745,0.8437811136245728,0.43651825189590454
YIL052C,YML113W,0,3.036688,0.16270145773887634,0.8437811136245728,0.43661829829216003
YDR424C,YER045C,0,3.0366457,0.16267025470733643,0.8437811136245728,0.4367183446884155
YLR299W,YDL029W,0,3.03605,0.1626390516757965,0.8437811136245728,0.4368184208869934
YGL004C,YGR170W,0,3.035874,0.16260786354541779,0.8437811136245728,0.4369184672832489
YBR173C,YJR097W,0,3.0358028,0.16257669031620026,0.8437811136245728,0.4370185136795044
YDL036C,YNL029C,0,3.0346003,0.16254551708698273,0.8437811136245728,0.4371185600757599
YDR465C,YGR281W,0,3.033976,0.16251437366008759,0.8437811136245728,0.4372186064720154
YDL072C,YMR272C,0,3.0338492,0.16248323023319244,0.8437811136245728,0.4373186528682709
YDL080C,YDL202W,0,3.0336344,0.1624521017074585,0.8437811136245728,0.43741869926452637
YFL044C,YMR246W,0,3.0312395,0.16242098808288574,0.8437811136245728,0.43751874566078186
YPL252C,YGL067W,0,3.0305197,0.16238988935947418,0.8437811136245728,0.43761882185935974
YDR101C,YMR319C,0,3.0303135,0.16235879063606262,0.8437811136245728,0.43771886825561523
YGR099W,YDR129C,0,3.0300071,0.16232772171497345,0.8437811136245728,0.4378189146518707
YHR036W,YIR019C,0,3.0283344,0.16229665279388428,0.8437811136245728,0.4379189610481262
YCR018C,YDL115C,0,3.0269666,0.1622655987739563,0.8437811136245728,0.4380190074443817
YIL143C,YFR027W,0,3.0267227,0.16223454475402832,0.8437811136245728,0.4381190538406372
YJR160C,YJL125C,0,3.0261028,0.16220352053642273,0.8437811136245728,0.4382191002368927
YMR150C,YNL136W,0,3.0260224,0.16217249631881714,0.8437811136245728,0.4383191466331482
YDR228C,YDR044W,0,3.0255928,0.16214148700237274,0.8437811136245728,0.4384192228317261
YDR045C,YJL094C,0,3.025326,0.16211049258708954,0.8437811136245728,0.43851926922798157
YPR001W,YHL003C,0,3.0250025,0.16207951307296753,0.8437811136245728,0.43861931562423706
YGL071W,YGR199W,0,3.0245974,0.16204853355884552,0.8437811136245728,0.43871936202049255
YDL160C,YJL094C,0,3.024488,0.1620175838470459,0.8437811136245728,0.43881940841674805
YPL110C,YDR412W,0,3.024275,0.16198663413524628,0.8437811136245728,0.43891945481300354
YPL104W,YKR027W,0,3.0236485,0.16195568442344666,0.8437811136245728,0.43901950120925903
YDR032C,YMR269W,0,3.02347,0.16192476451396942,0.8437811136245728,0.4391195476055145
YHR076W,YGR106C,0,3.0229712,0.16189385950565338,0.8437811136245728,0.4392196238040924
YCR010C,YKL206C,0,3.0223722,0.16186295449733734,0.8437811136245728,0.4393196702003479
YGL180W,YGL095C,0,3.022066,0.1618320643901825,0.8437811136245728,0.4394197165966034
YLR183C,YOL069W,0,3.02206,0.16180118918418884,0.8437811136245728,0.4395197629928589
YDR375C,YJR140C,0,3.0217755,0.1617703139781952,0.8437811136245728,0.4396198093891144
YGR070W,YDR298C,0,3.0203872,0.16173946857452393,0.8437811136245728,0.4397198557853699
YKL003C,YOL103W,0,3.01974,0.16170862317085266,0.8437811136245728,0.43981990218162537
YLR305C,YDR092W,0,3.0197308,0.1616777926683426,0.8437811136245728,0.43991994857788086
YOR384W,YKR037C,0,3.019381,0.16164696216583252,0.8437811136245728,0.44002002477645874
YEL005C,YOR322C,0,3.0193658,0.16161616146564484,0.8437811136245728,0.44012007117271423
YJL106W,YJR034W,0,3.018371,0.16158536076545715,0.8437811136245728,0.4402201175689697
YNL216W,YDR320C-A,0,3.0180573,0.16155457496643066,0.8437811136245728,0.4403201639652252
YPL176C,YBL051C,0,3.017725,0.16152380406856537,0.8437811136245728,0.4404202103614807
YER048W-A,YDR299W,0,3.017468,0.16149304807186127,0.8437811136245728,0.4405202567577362
YLR385C,YDR110W,1,3.0174375,0.16165269911289215,0.8447760939598083,0.4405202567577362
YMR281W,YGL240W,0,3.016738,0.16162192821502686,0.8447760939598083,0.4406203031539917
YPR036W,YPL173W,0,3.0165906,0.16159117221832275,0.8447760939598083,0.4407203495502472
YBR080C,YER110C,0,3.0153093,0.16156041622161865,0.8447760939598083,0.4408203959465027
YCR081W,YOR092W,0,3.0147676,0.16152967512607574,0.8447760939598083,0.44092047214508057
YDR044W,YPR133W-A,0,3.0146809,0.16149894893169403,0.8447760939598083,0.44102051854133606
YFL013C,YKR010C,1,3.0140033,0.1616584211587906,0.8457711338996887,0.44102051854133606
YKL029C,YCR020C,0,3.013905,0.16162768006324768,0.8457711338996887,0.44112056493759155
YJL082W,YGL070C,0,3.0133665,0.16159695386886597,0.8457711338996887,0.44122061133384705
YOR156C,YBR248C,0,3.0130615,0.16156624257564545,0.8457711338996887,0.44132065773010254
YHL035C,YDL189W,0,3.0121822,0.16153553128242493,0.8457711338996887,0.44142070412635803
YKL099C,YPL235W,0,3.0120432,0.1615048497915268,0.8457711338996887,0.4415207505226135
YKL218C,YER159C,0,3.011869,0.16147416830062866,0.8457711338996887,0.441620796918869
YPL015C,YDR225W,1,3.0111623,0.1616334319114685,0.8467661738395691,0.441620796918869
YPL155C,YDL003W,0,3.0102649,0.16160273551940918,0.8467661738395691,0.4417208731174469
YPL122C,YGL078C,0,3.0102541,0.16157205402851105,0.8467661738395691,0.4418209195137024
YDR226W,YGR292W,0,3.0097353,0.1615413874387741,0.8467661738395691,0.4419209659099579
YGR044C,YNL263C,0,3.0091481,0.16151072084903717,0.8467661738395691,0.4420210123062134
YJR042W,YMR026C,0,3.0090568,0.16148006916046143,0.8467661738395691,0.44212105870246887
YEL052W,YNL081C,0,3.0090122,0.16144944727420807,0.8467661738395691,0.44222110509872437
YDR350C,YCR107W,0,3.0088863,0.16141881048679352,0.8467661738395691,0.44232115149497986
YML113W,YDR233C,0,3.0087256,0.16138820350170135,0.8467661738395691,0.44242119789123535
YNL041C,YDR330W,0,3.0083747,0.1613575965166092,0.8467661738395691,0.44252127408981323
YER068W,YLR433C,0,3.0081108,0.16132701933383942,0.8467661738395691,0.4426213204860687
YMR228W,YOR315W,0,3.0080874,0.16129644215106964,0.8467661738395691,0.4427213668823242
YOL006C,YDR167W,1,3.0079384,0.16145537793636322,0.8477612137794495,0.4427213668823242
YAL039C,YLR382C,0,3.0075016,0.16142478585243225,0.8477612137794495,0.4428214132785797
YLR023C,YHR171W,0,3.0072942,0.16139420866966248,0.8477612137794495,0.4429214596748352
YBR121C,YCR053W,0,3.0057137,0.1613636314868927,0.8477612137794495,0.4430215060710907
YOR347C,YDR036C,0,3.0055103,0.1613330841064453,0.8477612137794495,0.4431215524673462
YIL137C,YLR427W,0,3.004922,0.16130253672599792,0.8477612137794495,0.4432215988636017
YGL227W,YOL028C,0,3.004918,0.16127200424671173,0.8477612137794495,0.44332167506217957
YMR220W,YMR038C,0,3.0047278,0.16124148666858673,0.8477612137794495,0.44342172145843506
YPR032W,YBR065C,0,3.0044203,0.16121096909046173,0.8477612137794495,0.44352176785469055
YDR146C,YIL078W,0,3.0035877,0.16118048131465912,0.8477612137794495,0.44362181425094604
YKL022C,YIL019W,0,3.00343,0.1611499935388565,0.8477612137794495,0.44372186064720154
YLR096W,YJL219W,0,3.00277,0.1611195206642151,0.8477612137794495,0.44382190704345703
YDL160C,YDR397C,0,3.0027013,0.16108904778957367,0.8477612137794495,0.4439219534397125
YJR009C,YDL019C,0,3.0026457,0.16105860471725464,0.8477612137794495,0.444021999835968
YOR109W,YPR008W,0,3.0021126,0.1610281616449356,0.8477612137794495,0.4441220462322235
YGL210W,YCR020C,0,3.001504,0.16099773347377777,0.8477612137794495,0.4442221224308014
YDR268W,YPL013C,0,3.0014682,0.16096732020378113,0.8477612137794495,0.4443221688270569
YLR007W,YDR353W,0,3.0008078,0.16093690693378448,0.8477612137794495,0.4444222152233124
YLR121C,YMR208W,0,3.0003128,0.16090650856494904,0.8477612137794495,0.44452226161956787
YDR380W,YBR162W-A,0,2.999399,0.16087613999843597,0.8477612137794495,0.44462230801582336
YKL179C,YDL137W,0,2.9993877,0.16084575653076172,0.8477612137794495,0.44472235441207886
YKL203C,YFL025C,0,2.9983473,0.16081540286540985,0.8477612137794495,0.44482240080833435
YFR034C,YKL181W,0,2.9982576,0.16078504920005798,0.8477612137794495,0.44492244720458984
YKR008W,YGL158W,0,2.9972947,0.1607547104358673,0.8477612137794495,0.4450225234031677
YJL089W,YLR452C,0,2.9971204,0.16072438657283783,0.8477612137794495,0.4451225697994232
YOL017W,YDR225W,1,2.996573,0.16088268160820007,0.8487561941146851,0.4451225697994232
YER139C,YDR240C,0,2.9963243,0.1608523428440094,0.8487561941146851,0.4452226161956787
YCL061C,YER030W,1,2.9961672,0.16101056337356567,0.8497512340545654,0.4452226161956787
YGL119W,YHR047C,0,2.9959812,0.1609802097082138,0.8497512340545654,0.4453226625919342
YGL084C,YKR009C,0,2.9956841,0.16094987094402313,0.8497512340545654,0.4454227089881897
YPL194W,YJR134C,0,2.9946167,0.16091954708099365,0.8497512340545654,0.4455227553844452
YGL200C,YJL136C,0,2.9943047,0.16088922321796417,0.8497512340545654,0.4456228017807007
YJL034W,YGL259W,0,2.9942122,0.1608589142560959,0.8497512340545654,0.4457228481769562
YMR150C,YJR073C,0,2.9939475,0.1608286201953888,0.8497512340545654,0.44582292437553406
YOR180C,YCR031C,0,2.9935663,0.1607983410358429,0.8497512340545654,0.44592297077178955
YKL160W,YOL017W,1,2.9935293,0.16095632314682007,0.8507462739944458,0.44592297077178955
YNR020C,YER088C,0,2.9928143,0.16092602908611298,0.8507462739944458,0.44602301716804504
YLR085C,YGL233W,0,2.9927278,0.16089574992656708,0.8507462739944458,0.44612306356430054
YJL200C,YGL067W,0,2.992101,0.16086547076702118,0.8507462739944458,0.44622310996055603
YDR536W,YDL033C,0,2.9918702,0.16083522140979767,0.8507462739944458,0.4463231563568115
YOR315W,YNL118C,0,2.9910822,0.16080497205257416,0.8507462739944458,0.446423202753067
YPR007C,YML081C-A,0,2.9908981,0.16077472269535065,0.8507462739944458,0.4465232491493225
YLR139C,YOR068C,0,2.989873,0.16074450314044952,0.8507462739944458,0.4466233253479004
YOL090W,YDR137W,0,2.9892235,0.1607142835855484,0.8507462739944458,0.4467233717441559
YBL078C,YPL226W,0,2.9891543,0.16068407893180847,0.8507462739944458,0.4468234181404114
YOL038W,YLR183C,0,2.988336,0.16065388917922974,0.8507462739944458,0.44692346453666687
YJR013W,YMR198W,0,2.9875586,0.1606237143278122,0.8507462739944458,0.44702351093292236
YML120C,YDR460W,0,2.987463,0.16059353947639465,0.8507462739944458,0.44712355732917786
YOR187W,YJL026W,0,2.9873378,0.1605633795261383,0.8507462739944458,0.44722360372543335
YMR127C,YDR034C,0,2.9873214,0.16053323447704315,0.8507462739944458,0.44732365012168884
YDL002C,YPR068C,1,2.987207,0.1606908142566681,0.8517413139343262,0.44732365012168884
YPL131W,YJR025C,0,2.9871273,0.16066065430641174,0.8517413139343262,0.4474237263202667
YKR053C,YBR054W,0,2.9870915,0.1606305092573166,0.8517413139343262,0.4475237727165222
YCL014W,YCR026C,0,2.9866552,0.16060037910938263,0.8517413139343262,0.4476238191127777
YDL083C,YCR039C,0,2.9863262,0.16057024896144867,0.8517413139343262,0.4477238655090332
YDL143W,YPR055W,0,2.9858541,0.1605401337146759,0.8517413139343262,0.4478239119052887
YER088C,YHR089C,0,2.985478,0.16051003336906433,0.8517413139343262,0.4479239583015442
YHR184W,YDR518W,0,2.9845605,0.16047993302345276,0.8517413139343262,0.4480240046977997
YDR116C,YOL080C,0,2.9830046,0.16044986248016357,0.8517413139343262,0.4481240510940552
YBR112C,YPR138C,0,2.9825053,0.1604197919368744,0.8517413139343262,0.44822409749031067
YOR359W,YHR092C,0,2.9822633,0.1603897362947464,0.8517413139343262,0.44832417368888855
YJL106W,YCR054C,0,2.9820032,0.1603596806526184,0.8517413139343262,0.44842422008514404
YPR108W,YLR441C,0,2.981093,0.1603296548128128,0.8517413139343262,0.44852426648139954
YPL150W,YFL045C,0,2.9809055,0.1602996289730072,0.8517413139343262,0.44862431287765503
YNL306W,YML041C,0,2.9798152,0.1602696180343628,0.8517413139343262,0.4487243592739105
YDR069C,YOL093W,0,2.9794836,0.16023960709571838,0.8517413139343262,0.448824405670166
YLR429W,YGR029W,0,2.9787493,0.16020962595939636,0.8517413139343262,0.4489244520664215
YLR452C,YLR425W,0,2.9786687,0.16017964482307434,0.8517413139343262,0.449024498462677
YCR036W,YPL213W,0,2.9783638,0.1601496785879135,0.8517413139343262,0.4491245746612549
YNL282W,YIL087C,0,2.9780602,0.16011971235275269,0.8517413139343262,0.4492246210575104
YIL053W,YDR402C,0,2.9777255,0.16008977591991425,0.8517413139343262,0.44932466745376587
YLR285W,YNL246W,1,2.9773402,0.1602468192577362,0.8527362942695618,0.44932466745376587
YGL040C,YBR279W,0,2.977335,0.16021686792373657,0.8527362942695618,0.44942471385002136
YOR096W,YMR136W,0,2.9773335,0.16018691658973694,0.8527362942695618,0.44952476024627686
YCR044C,YDR345C,0,2.977205,0.1601569801568985,0.8527362942695618,0.44962480664253235
YLR191W,YGR204W,0,2.9769523,0.16012705862522125,0.8527362942695618,0.44972485303878784
YOL112W,YCR057C,0,2.9767828,0.160097137093544,0.8527362942695618,0.44982489943504333
YLR399C,YML069W,1,2.9759777,0.16025401651859283,0.8537313342094421,0.44982489943504333
YGR062C,YCL067C,0,2.974785,0.1602240949869156,0.8537313342094421,0.4499249756336212
YGR274C,YNL068C,0,2.974092,0.16019417345523834,0.8537313342094421,0.4500250220298767
YNL031C,YKR069W,0,2.973802,0.1601642668247223,0.8537313342094421,0.4501250684261322
YCL017C,YIL140W,0,2.9729304,0.16013437509536743,0.8537313342094421,0.4502251148223877
YMR205C,YPR081C,0,2.9721255,0.16010449826717377,0.8537313342094421,0.4503251612186432
YOR187W,YML129C,0,2.971313,0.1600746214389801,0.8537313342094421,0.4504252076148987
YER147C,YDR074W,0,2.9712558,0.16004477441310883,0.8537313342094421,0.4505252540111542
YKL096W-A,YCR096C,0,2.9706895,0.16001491248607635,0.8537313342094421,0.45062530040740967
YKL145W,YIL038C,0,2.9698567,0.15998508036136627,0.8537313342094421,0.45072537660598755
YGL070C,YNL331C,0,2.9692497,0.15995526313781738,0.8537313342094421,0.45082542300224304
YOR265W,YDR236C,0,2.969216,0.1599254459142685,0.8537313342094421,0.45092546939849854
YKL143W,YHR005C,0,2.9692118,0.1598956435918808,0.8537313342094421,0.45102551579475403
YGR263C,YCR046C,0,2.9690342,0.1598658412694931,0.8537313342094421,0.4511255621910095
YDR177W,YOL051W,0,2.9688644,0.1598360687494278,0.8537313342094421,0.451225608587265
YOL003C,YER061C,0,2.9678879,0.1598062962293625,0.8537313342094421,0.4513256549835205
YKL067W,YLR467W,0,2.9673538,0.15977653861045837,0.8537313342094421,0.451425701379776
YIL128W,YOR049C,0,2.9660957,0.15974678099155426,0.8537313342094421,0.4515257775783539
YHR169W,YDR288W,0,2.9659815,0.15971705317497253,0.8537313342094421,0.4516258239746094
YER139C,YER173W,0,2.9658585,0.1596873253583908,0.8537313342094421,0.45172587037086487
YML048W,YGR095C,0,2.965209,0.15965761244297028,0.8537313342094421,0.45182591676712036
YBR091C,YNL153C,0,2.9647393,0.15962789952754974,0.8537313342094421,0.45192596316337585
YJL127C,YOL004W,1,2.9642859,0.1597842276096344,0.8547263741493225,0.45192596316337585
YCR038C,YFL041W,0,2.9636726,0.15975451469421387,0.8547263741493225,0.45202600955963135
YKL082C,YAL028W,0,2.9630423,0.15972480177879333,0.8547263741493225,0.45212605595588684
YDR395W,YGR279C,0,2.962503,0.159695103764534,0.8547263741493225,0.45222610235214233
YHR070W,YDR002W,0,2.9619834,0.15966542065143585,0.8547263741493225,0.4523261487483978
YOL139C,YNL048W,0,2.9619348,0.1596357524394989,0.8547263741493225,0.4524262249469757
YGR258C,YGR211W,0,2.961604,0.15960609912872314,0.8547263741493225,0.4525262713432312
YER179W,YGL076C,0,2.9613404,0.1595764458179474,0.8547263741493225,0.4526263177394867
YKL081W,YHR077C,0,2.960705,0.15954680740833282,0.8547263741493225,0.4527263641357422
YJR031C,YPR154W,0,2.9605145,0.15951718389987946,0.8547263741493225,0.4528264105319977
YDR350C,YBR150C,0,2.9601421,0.1594875603914261,0.8547263741493225,0.4529264569282532
YLR029C,YML009C,0,2.960113,0.1594579517841339,0.8547263741493225,0.45302650332450867
YAL038W,YER036C,0,2.95951,0.15942835807800293,0.8547263741493225,0.45312654972076416
YNL051W,YKL085W,0,2.9594724,0.15939877927303314,0.8547263741493225,0.45322662591934204
YOL111C,YCL027W,0,2.959449,0.15936920046806335,0.8547263741493225,0.45332667231559753
YLR085C,YGR034W,0,2.9590263,0.15933963656425476,0.8547263741493225,0.453426718711853
YNL110C,YGL126W,0,2.9580894,0.15931008756160736,0.8547263741493225,0.4535267651081085
YDR292C,YDR064W,0,2.9579277,0.15928055346012115,0.8547263741493225,0.453626811504364
YGR283C,YNR002C,0,2.9570224,0.15925101935863495,0.8547263741493225,0.4537268579006195
YLR016C,YGL155W,0,2.956677,0.15922150015830994,0.8547263741493225,0.453826904296875
YDR317W,YHR207C,0,2.9564576,0.15919199585914612,0.8547263741493225,0.4539269506931305
YJL108C,YIL038C,0,2.9563618,0.1591624915599823,0.8547263741493225,0.4540270268917084
YMR301C,YFR049W,0,2.9560933,0.15913301706314087,0.8547263741493225,0.45412707328796387
YOL138C,YOR117W,0,2.9558053,0.15910354256629944,0.8547263741493225,0.45422711968421936
YKL090W,YDL077C,0,2.9555836,0.159074068069458,0.8547263741493225,0.45432716608047485
YMR005W,YER063W,0,2.955529,0.15904462337493896,0.8547263741493225,0.45442721247673035
YGL190C,YBL007C,0,2.9555104,0.15901517868041992,0.8547263741493225,0.45452725887298584
YOR383C,YHR174W,0,2.9554849,0.15898574888706207,0.8547263741493225,0.45462730526924133
YLR189C,YBR145W,0,2.9553275,0.15895633399486542,0.8547263741493225,0.4547273516654968
YNL051W,YOR127W,0,2.955108,0.15892691910266876,0.8547263741493225,0.4548274278640747
YPL015C,YDR071C,1,2.9547343,0.15908250212669373,0.8557214140892029,0.4548274278640747
YER046W,YKR019C,0,2.9544506,0.15905307233333588,0.8557214140892029,0.4549274742603302
YDL246C,YNL118C,0,2.954307,0.15902367234230042,0.8557214140892029,0.4550275206565857
YKL165C,YGL168W,0,2.9538696,0.15899427235126495,0.8557214140892029,0.4551275670528412
YIL128W,YMR006C,0,2.9538512,0.15896488726139069,0.8557214140892029,0.4552276134490967
YDR100W,YGR217W,0,2.9533367,0.15893550217151642,0.8557214140892029,0.4553276598453522
YMR125W,YLR207W,0,2.953114,0.15890613198280334,0.8557214140892029,0.45542770624160767
YBR177C,YBR081C,0,2.951972,0.15887677669525146,0.8557214140892029,0.45552775263786316
YJL101C,YKR064W,0,2.9517727,0.15884743630886078,0.8557214140892029,0.45562779903411865
YDR329C,YAL058W,0,2.9516115,0.1588180959224701,0.8557214140892029,0.45572787523269653
YML021C,YCR005C,0,2.9509115,0.1587887704372406,0.8557214140892029,0.455827921628952
YLR430W,YPR054W,0,2.9508553,0.1587594598531723,0.8557214140892029,0.4559279680252075
YEL020W-A,YPL133C,0,2.9505675,0.1587301641702652,0.8557214140892029,0.456028014421463
YHR156C,YGR162W,0,2.9502337,0.1587008684873581,0.8557214140892029,0.4561280608177185
YPL122C,YPR168W,0,2.9501026,0.15867158770561218,0.8557214140892029,0.456228107213974
YCR081W,YFR047C,0,2.9500573,0.15864232182502747,0.8557214140892029,0.4563281536102295
YJL158C,YER028C,0,2.9498599,0.15861305594444275,0.8557214140892029,0.456428200006485
YOL156W,YGR099W,0,2.9494686,0.15858380496501923,0.8557214140892029,0.45652827620506287
YML073C,YCR054C,0,2.948992,0.1585545688867569,0.8557214140892029,0.45662832260131836
YOR346W,YLR357W,0,2.9487252,0.15852534770965576,0.8557214140892029,0.45672836899757385
YKR050W,YOL005C,0,2.9483027,0.15849612653255463,0.8557214140892029,0.45682841539382935
YNR045W,YPL194W,0,2.9478183,0.15846692025661469,0.8557214140892029,0.45692846179008484
YHR172W,YAL048C,0,2.9476914,0.15843772888183594,0.8557214140892029,0.45702850818634033
YDL123W,YML061C,0,2.9475453,0.15840855240821838,0.8557214140892029,0.4571285545825958
YDL185W,YKR050W,0,2.947281,0.15837937593460083,0.8557214140892029,0.4572286009788513
YDR046C,YDL217C,0,2.9471383,0.15835021436214447,0.8557214140892029,0.4573286771774292
YGL128C,YPR192W,0,2.9469604,0.1583210676908493,0.8557214140892029,0.4574287235736847
YGL142C,YKR027W,0,2.9467845,0.15829192101955414,0.8557214140892029,0.4575287699699402
YIL135C,YIL093C,0,2.9462125,0.15826278924942017,0.8557214140892029,0.4576288163661957
YIL096C,YML107C,0,2.9455175,0.1582336723804474,0.8557214140892029,0.45772886276245117
YGL211W,YDR483W,0,2.9448214,0.1582045555114746,0.8557214140892029,0.45782890915870667
YEL005C,YBL021C,0,2.9446154,0.15817546844482422,0.8557214140892029,0.45792895555496216
YJR022W,YLR025W,0,2.9445376,0.15814638137817383,0.8557214140892029,0.45802900195121765
YKL007W,YGR058W,0,2.9440665,0.15811729431152344,0.8557214140892029,0.45812907814979553
YDL055C,YKR083C,0,2.9436376,0.15808823704719543,0.8557214140892029,0.458229124546051
YOL102C,YGR174C,0,2.943534,0.15805917978286743,0.8557214140892029,0.4583291709423065
YNL068C,YCL008C,0,2.9433317,0.15803013741970062,0.8557214140892029,0.458429217338562
YJR140C,YFL049W,1,2.9432025,0.15818482637405396,0.8567163944244385,0.458429217338562
YDR201W,YJL001W,0,2.9422922,0.15815576910972595,0.8567163944244385,0.4585292637348175
YDL220C,YDR087C,0,2.9418693,0.15812672674655914,0.8567163944244385,0.458629310131073
YNL192W,YNL284C,0,2.9414868,0.15809768438339233,0.8567163944244385,0.4587293565273285
YBR129C,YDR422C,0,2.9411845,0.15806865692138672,0.8567163944244385,0.458829402923584
YDR422C,YER030W,0,2.9408562,0.1580396443605423,0.8567163944244385,0.45892947912216187
YOR079C,YDR030C,0,2.9402518,0.15801064670085907,0.8567163944244385,0.45902952551841736
YPL171C,YOR075W,0,2.9396143,0.15798164904117584,0.8567163944244385,0.45912957191467285
YOR381W,YJL108C,0,2.9395077,0.1579526662826538,0.8567163944244385,0.45922961831092834
YOR123C,YER117W,0,2.9393325,0.15792369842529297,0.8567163944244385,0.45932966470718384
YOL158C,YOR347C,0,2.9391878,0.15789473056793213,0.8567163944244385,0.45942971110343933
YMR211W,YPL183C,0,2.939086,0.15786579251289368,0.8567163944244385,0.4595297574996948
YPL224C,YDR088C,0,2.9390495,0.15783683955669403,0.8567163944244385,0.4596298038959503
YKR048C,YBR112C,1,2.938931,0.1579912006855011,0.8577114343643188,0.4596298038959503
YPR186C,YGR218W,0,2.9387262,0.15796224772930145,0.8577114343643188,0.4597298502922058
YDR395W,YNR072W,0,2.9383936,0.157933309674263,0.8577114343643188,0.4598299264907837
YER190W,YDR322W,0,2.938138,0.15790437161922455,0.8577114343643188,0.4599299728870392
YJR063W,YHL031C,0,2.9381108,0.15787546336650848,0.8577114343643188,0.4600300192832947
YJR103W,YFL017W-A,0,2.9371324,0.15784655511379242,0.8577114343643188,0.46013006567955017
YGL162W,YDR130C,0,2.936872,0.15781764686107635,0.8577114343643188,0.46023011207580566
YGL136C,YDR498C,0,2.9361038,0.15778875350952148,0.8577114343643188,0.46033015847206116
YPR137W,YJL176C,0,2.936102,0.157759889960289,0.8577114343643188,0.46043020486831665
YNR019W,YBR142W,0,2.9353795,0.15773101150989532,0.8577114343643188,0.46053025126457214
YOL155C,YML051W,0,2.935315,0.15770216286182404,0.8577114343643188,0.46063032746315
YER049W,YNL288W,0,2.9347808,0.15767331421375275,0.8577114343643188,0.4607303738594055
YDR299W,YBL069W,0,2.9347615,0.15764448046684265,0.8577114343643188,0.460830420255661
YKL067W,YOL122C,0,2.9344916,0.15761564671993256,0.8577114343643188,0.4609304666519165
YBL026W,YIL076W,0,2.9339077,0.15758684277534485,0.8577114343643188,0.461030513048172
YLR016C,YDR369C,0,2.9334865,0.15755803883075714,0.8577114343643188,0.4611305594444275
YOL090W,YNL059C,1,2.9328516,0.15771198272705078,0.8587064743041992,0.4611305594444275
YAL019W,YKL182W,0,2.9328198,0.15768317878246307,0.8587064743041992,0.461230605840683
YLR409C,YDL134C,0,2.9327219,0.15765435993671417,0.8587064743041992,0.4613306522369385
YLR011W,YKL059C,0,2.9312391,0.15762557089328766,0.8587064743041992,0.46143072843551636
YOL100W,YHR006W,0,2.9303343,0.15759678184986115,0.8587064743041992,0.46153077483177185
YDR108W,YEL058W,0,2.9300714,0.15756800770759583,0.8587064743041992,0.46163082122802734
YBR123C,YLR337C,0,2.9296093,0.1575392484664917,0.8587064743041992,0.46173086762428284
YOR373W,YMR188C,0,2.9295912,0.15751048922538757,0.8587064743041992,0.46183091402053833
YER008C,YJR123W,0,2.9289818,0.15748174488544464,0.8587064743041992,0.4619309604167938
YDL144C,YLR432W,0,2.9285903,0.1574530154466629,0.8587064743041992,0.4620310068130493
YIR005W,YIL126W,0,2.9281187,0.15742430090904236,0.8587064743041992,0.4621310532093048
YNL030W,YJR140C,1,2.9280887,0.15757796168327332,0.8597015142440796,0.4621310532093048
YDR515W,YPR032W,0,2.9279976,0.15754923224449158,0.8597015142440796,0.4622311294078827
YFR024C-A,YNL178W,0,2.9279962,0.15752051770687103,0.8597015142440796,0.4623311758041382
YNL297C,YDL195W,0,2.9272795,0.1574918031692505,0.8597015142440796,0.4624312222003937
YEL005C,YGL006W,0,2.9270792,0.15746308863162994,0.8597015142440796,0.46253126859664917
YER007W,YBR001C,0,2.9267817,0.1574344038963318,0.8597015142440796,0.46263131499290466
YAL058W,YDR337W,0,2.9265785,0.15740571916103363,0.8597015142440796,0.46273136138916016
YNR072W,YER007W,0,2.9263625,0.15737704932689667,0.8597015142440796,0.46283140778541565
YGR078C,YIR015W,0,2.9257207,0.1573483943939209,0.8597015142440796,0.46293145418167114
YPL252C,YOR301W,0,2.9247532,0.15731973946094513,0.8597015142440796,0.463031530380249
YBL063W,YDR298C,0,2.9247017,0.15729109942913055,0.8597015142440796,0.4631315767765045
YNL032W,YER086W,0,2.9242167,0.15726247429847717,0.8597015142440796,0.46323162317276
YDR363W-A,YMR013C,0,2.923986,0.1572338491678238,0.8597015142440796,0.4633316695690155
YKL196C,YDR054C,0,2.9238691,0.1572052389383316,0.8597015142440796,0.463431715965271
YOL077C,YOR386W,0,2.9237857,0.1571766436100006,0.8597015142440796,0.4635317623615265
YML071C,YPL013C,0,2.9226365,0.15714804828166962,0.8597015142440796,0.463631808757782
YPL195W,YIL167W,0,2.9222436,0.157119482755661,0.8597015142440796,0.4637318551540375
YOL043C,YIL074C,0,2.921206,0.1570909023284912,0.8597015142440796,0.46383190155029297
YJL183W,YGL030W,0,2.9204073,0.1570623517036438,0.8597015142440796,0.46393197774887085
YPR055W,YML041C,0,2.919708,0.1570338010787964,0.8597015142440796,0.46403202414512634
YBR193C,YEL050C,0,2.919238,0.15700526535511017,0.8597015142440796,0.46413207054138184
YIL112W,YOR075W,0,2.9189544,0.15697674453258514,0.8597015142440796,0.46423211693763733
YOR099W,YHR149C,0,2.9187799,0.15694822371006012,0.8597015142440796,0.4643321633338928
YKR048C,YMR098C,0,2.9176373,0.1569197177886963,0.8597015142440796,0.4644322097301483
YDL170W,YLR032W,0,2.9167767,0.15689122676849365,0.8597015142440796,0.4645322561264038
YGL173C,YER020W,0,2.9162607,0.1568627506494522,0.8597015142440796,0.4646323025226593
YCR092C,YML051W,0,2.9149985,0.15683427453041077,0.8597015142440796,0.4647323787212372
YJR035W,YDR032C,0,2.9149563,0.15680581331253052,0.8597015142440796,0.4648324251174927
YBR299W,YNL251C,0,2.9145656,0.15677735209465027,0.8597015142440796,0.46493247151374817
YGL137W,YGL139W,0,2.9140906,0.1567489057779312,0.8597015142440796,0.46503251791000366
YHL027W,YOR043W,0,2.913912,0.15672047436237335,0.8597015142440796,0.46513256430625916
YDR479C,YNL172W,0,2.9138105,0.15669205784797668,0.8597015142440796,0.46523261070251465
YLR033W,YGR044C,0,2.9131725,0.15666364133358002,0.8597015142440796,0.46533265709877014
YDR410C,YNR048W,0,2.912455,0.15663523972034454,0.8597015142440796,0.46543270349502563
YHR181W,YBR122C,0,2.9122713,0.15660685300827026,0.8597015142440796,0.4655327796936035
YGR094W,YDL087C,0,2.9121318,0.15657846629619598,0.8597015142440796,0.465632826089859
YOR049C,YJL041W,0,2.9121046,0.1565500944852829,0.8597015142440796,0.4657328724861145
YOR174W,YPL019C,0,2.9114757,0.156521737575531,0.8597015142440796,0.46583291888237
YKR103W,YHR090C,0,2.9114466,0.1564933955669403,0.8597015142440796,0.4659329652786255
YPR026W,YMR110C,0,2.9113593,0.1564650535583496,0.8597015142440796,0.466033011674881
YGL058W,YER014C-A,0,2.9113488,0.1564367264509201,0.8597015142440796,0.4661330580711365
YPR060C,YMR142C,0,2.911045,0.1564083993434906,0.8597015142440796,0.46623310446739197
YGR225W,YDL227C,0,2.910702,0.1563800871372223,0.8597015142440796,0.46633318066596985
YOR027W,YFR036W,0,2.9103322,0.15635178983211517,0.8597015142440796,0.46643322706222534
YOR373W,YGR009C,0,2.909636,0.15632350742816925,0.8597015142440796,0.46653327345848083
YDR033W,YLL018C-A,0,2.909288,0.15629522502422333,0.8597015142440796,0.46663331985473633
YGL183C,YPL153C,0,2.9091706,0.1562669575214386,0.8597015142440796,0.4667333662509918
YGR251W,YMR100W,0,2.9089575,0.15623870491981506,0.8597015142440796,0.4668334126472473
YBR082C,YKL110C,0,2.908536,0.15621045231819153,0.8597015142440796,0.4669334590435028
YJR045C,YNL318C,0,2.9083266,0.1561822146177292,0.8597015142440796,0.4670335054397583
YFL013C,YOL090W,1,2.9075737,0.15633471310138702,0.8606964945793152,0.4670335054397583
YKL201C,YAL031C,0,2.906817,0.15630647540092468,0.8606964945793152,0.4671335816383362
YDR315C,YMR081C,0,2.9064755,0.15627822279930115,0.8606964945793152,0.4672336280345917
YGL027C,YMR239C,0,2.9056764,0.15625,0.8606964945793152,0.46733367443084717
YOL092W,YOR347C,0,2.9045007,0.15622177720069885,0.8606964945793152,0.46743372082710266
YIL137C,YKL218C,0,2.9043956,0.1561935693025589,0.8606964945793152,0.46753376722335815
YLR181C,YPR127W,0,2.904388,0.15616537630558014,0.8606964945793152,0.46763381361961365
YBR213W,YBR031W,0,2.9040616,0.15613718330860138,0.8606964945793152,0.46773386001586914
YDR023W,YBR122C,0,2.9038754,0.1561090052127838,0.8606964945793152,0.46783390641212463
YNL166C,YCR065W,0,2.903757,0.15608084201812744,0.8606964945793152,0.4679339528083801
YGR097W,YLR048W,0,2.9029443,0.15605267882347107,0.8606964945793152,0.468034029006958
YLR234W,YGR178C,0,2.9018462,0.1560245305299759,0.8606964945793152,0.4681340754032135
YKR101W,YGL163C,1,2.901815,0.15617673099040985,0.8616915345191956,0.4681340754032135
YCR060W,YIL038C,0,2.9013608,0.15614858269691467,0.8616915345191956,0.468234121799469
YMR081C,YPR144C,0,2.9010458,0.1561204195022583,0.8616915345191956,0.4683341681957245
YJL133W,YEL064C,0,2.9004319,0.15609228610992432,0.8616915345191956,0.46843421459198
YPL115C,YGR282C,0,2.900426,0.15606415271759033,0.8616915345191956,0.4685342609882355
YPR133W-A,YBR065C,0,2.9003975,0.15603603422641754,0.8616915345191956,0.46863430738449097
YOL059W,YLR163C,0,2.8996701,0.15600793063640594,0.8616915345191956,0.46873435378074646
YOR374W,YNR016C,0,2.8994455,0.15597982704639435,0.8616915345191956,0.46883442997932434
YEL044W,YLR289W,0,2.8993332,0.15595173835754395,0.8616915345191956,0.46893447637557983
YNL240C,YER017C,0,2.8989334,0.15592366456985474,0.8616915345191956,0.4690345227718353
YBR129C,YBR046C,0,2.8986826,0.15589559078216553,0.8616915345191956,0.4691345691680908
YJL174W,YPL048W,0,2.898668,0.1558675318956375,0.8616915345191956,0.4692346155643463
YPL177C,YLL004W,0,2.898415,0.1558394879102707,0.8616915345191956,0.4693346619606018
YLR246W,YER041W,0,2.8982468,0.15581144392490387,0.8616915345191956,0.4694347083568573
YOR106W,YBR296C,0,2.898098,0.15578341484069824,0.8616915345191956,0.4695347547531128
YHR119W,YOL004W,1,2.8970242,0.15593525767326355,0.8626865744590759,0.4695347547531128
YDR395W,YKL217W,0,2.8969996,0.15590721368789673,0.8626865744590759,0.4696348309516907
YPR199C,YDL019C,0,2.8969507,0.1558791846036911,0.8626865744590759,0.46973487734794617
YPR189W,YHR207C,0,2.896908,0.15585115551948547,0.8626865744590759,0.46983492374420166
YPR055W,YLL050C,0,2.8967686,0.15582315623760223,0.8626865744590759,0.46993497014045715
YGL192W,YLR093C,0,2.89604,0.1557951420545578,0.8626865744590759,0.47003501653671265
YNL085W,YBR114W,0,2.8957796,0.15576715767383575,0.8626865744590759,0.47013506293296814
YBR261C,YOR341W,0,2.8955698,0.1557391732931137,0.8626865744590759,0.47023510932922363
YOR176W,YPL027W,0,2.8955016,0.15571120381355286,0.8626865744590759,0.4703351557254791
YER164W,YGL037C,1,2.8954685,0.15586280822753906,0.8636816143989563,0.4703351557254791
YER088C,YBR215W,1,2.8949306,0.1560143679380417,0.8646765947341919,0.4703351557254791
YLL034C,YCL008C,0,2.8946445,0.15598635375499725,0.8646765947341919,0.470435231924057
YER111C,YFL017W-A,0,2.8943162,0.1559583693742752,0.8646765947341919,0.4705352783203125
YGL236C,YER044C,0,2.8941216,0.15593038499355316,0.8646765947341919,0.470635324716568
YBR207W,YDR205W,0,2.8934848,0.15590240061283112,0.8646765947341919,0.4707353711128235
YOL003C,YDL202W,0,2.8919315,0.15587444603443146,0.8646765947341919,0.470835417509079
YGL225W,YJL065C,0,2.8919234,0.1558464914560318,0.8646765947341919,0.4709354639053345
YGL216W,YKL210W,0,2.8915,0.15581853687763214,0.8646765947341919,0.47103551030158997
YBR115C,YOR211C,0,2.8914328,0.15579061210155487,0.8646765947341919,0.47113555669784546
YER005W,YIL019W,0,2.891335,0.1557626873254776,0.8646765947341919,0.47123560309410095
YLL043W,YIR019C,0,2.890624,0.15573476254940033,0.8646765947341919,0.47133567929267883
YDL070W,YJL136C,0,2.8904095,0.15570686757564545,0.8646765947341919,0.4714357256889343
YDL128W,YGR144W,0,2.8904037,0.15567897260189056,0.8646765947341919,0.4715357720851898
YPL176C,YOR237W,0,2.8893328,0.15565107762813568,0.8646765947341919,0.4716358184814453
YBL106C,YIL142W,0,2.889255,0.15562321245670319,0.8646765947341919,0.4717358648777008
YMR306W,YAL043C,0,2.8891006,0.1555953472852707,0.8646765947341919,0.4718359112739563
YER161C,YJL071W,0,2.8882937,0.1555674970149994,0.8646765947341919,0.4719359576702118
YLR113W,YIL070C,0,2.887306,0.1555396467447281,0.8646765947341919,0.4720360040664673
YHR154W,YPL271W,0,2.887208,0.15551181137561798,0.8646765947341919,0.47213608026504517
YPR182W,YGR084C,0,2.8868265,0.15548399090766907,0.8646765947341919,0.47223612666130066
YIL007C,YNL330C,0,2.886688,0.15545617043972015,0.8646765947341919,0.47233617305755615
YLR381W,YOL096C,0,2.8861227,0.15542836487293243,0.8646765947341919,0.47243621945381165
YBL068W,YKL054C,0,2.8856988,0.1554005742073059,0.8646765947341919,0.47253626585006714
YER027C,YBL039C,0,2.8842893,0.15537278354167938,0.8646765947341919,0.47263631224632263
YGR165W,YHL016C,0,2.8837514,0.15534500777721405,0.8646765947341919,0.4727363586425781
YGR024C,YAR035W,0,2.8832464,0.1553172469139099,0.8646765947341919,0.4728364050388336
YDL171C,YNL066W,0,2.883113,0.15528948605060577,0.8646765947341919,0.4729364812374115
YGR099W,YHR006W,0,2.883011,0.15526174008846283,0.8646765947341919,0.473036527633667
YJL004C,YDR390C,0,2.881989,0.15523400902748108,0.8646765947341919,0.4731365740299225
YCR053W,YNL287W,0,2.8816185,0.15520629286766052,0.8646765947341919,0.473236620426178
YCL057W,YEL037C,0,2.8814764,0.15517857670783997,0.8646765947341919,0.47333666682243347
YGL206C,YGR279C,0,2.8809006,0.1551508605480194,0.8646765947341919,0.47343671321868896
YDL111C,YOR043W,0,2.8794858,0.15512317419052124,0.8646765947341919,0.47353675961494446
YLR026C,YLR452C,0,2.8787804,0.15509548783302307,0.8646765947341919,0.47363680601119995
YMR142C,YER184C,0,2.8773968,0.1550678014755249,0.8646765947341919,0.47373688220977783
YBR223C,YPL027W,0,2.8773303,0.15504014492034912,0.8646765947341919,0.4738369286060333
YFL004W,YPL010W,0,2.8764992,0.15501248836517334,0.8646765947341919,0.4739369750022888
YGR212W,YFR036W,0,2.8763814,0.15498484671115875,0.8646765947341919,0.4740370213985443
YOR084W,YOR002W,0,2.876275,0.15495720505714417,0.8646765947341919,0.4741370677947998
YBR223C,YJR089W,0,2.8761044,0.15492957830429077,0.8646765947341919,0.4742371141910553
YMR044W,YOL090W,1,2.8759577,0.15508021414279938,0.8656716346740723,0.4742371141910553
YKL001C,YHR005C,0,2.8759146,0.1550525724887848,0.8656716346740723,0.4743371605873108
YML023C,YCR026C,0,2.8756657,0.1550249457359314,0.8656716346740723,0.4744372069835663
YBR257W,YLR200W,0,2.8755555,0.1549973338842392,0.8656716346740723,0.47453728318214417
YFL013C,YOR244W,1,2.8752208,0.15514785051345825,0.8666666746139526,0.47453728318214417
YKR071C,YDL208W,0,2.8744235,0.15512020885944366,0.8666666746139526,0.47463732957839966
YOL019W,YKL015W,0,2.8741095,0.15509259700775146,0.8666666746139526,0.47473737597465515
YAL002W,YOR002W,0,2.8737316,0.15506498515605927,0.8666666746139526,0.47483742237091064
YHR061C,YKL218C,0,2.8737164,0.15503737330436707,0.8666666746139526,0.47493746876716614
YHR110W,YOR217W,0,2.872695,0.15500979125499725,0.8666666746139526,0.47503751516342163
YPR001W,YML120C,0,2.8722258,0.15498220920562744,0.8666666746139526,0.4751375615596771
YNL026W,YKL005C,0,2.872106,0.15495462715625763,0.8666666746139526,0.4752376079559326
YBL037W,YOR209C,0,2.871873,0.1549270749092102,0.8666666746139526,0.4753376543521881
YBR130C,YOL069W,0,2.8706927,0.15489952266216278,0.8666666746139526,0.475437730550766
YER007W,YDR465C,0,2.8706002,0.15487197041511536,0.8666666746139526,0.4755377769470215
YBR192W,YOR079C,0,2.8704839,0.15484444797039032,0.8666666746139526,0.475637823343277
YBR211C,YNL294C,0,2.8703625,0.15481692552566528,0.8666666746139526,0.47573786973953247
YLR106C,YMR192W,0,2.8703027,0.15478940308094025,0.8666666746139526,0.47583791613578796
YDR177W,YIL106W,0,2.87015,0.1547619104385376,0.8666666746139526,0.47593796253204346
YOR273C,YMR289W,0,2.8700929,0.15473441779613495,0.8666666746139526,0.47603800892829895
YER088C,YJL194W,1,2.8698142,0.15488454699516296,0.867661714553833,0.47603800892829895
YPL121C,YJR040W,0,2.8692932,0.15485703945159912,0.867661714553833,0.47613805532455444
YGR003W,YHR047C,0,2.869143,0.15482954680919647,0.867661714553833,0.4762381315231323
YOR043W,YOL080C,0,2.8676167,0.15480205416679382,0.867661714553833,0.4763381779193878
YNR027W,YNL293W,0,2.8667824,0.15477457642555237,0.867661714553833,0.4764382243156433
YLR328W,YDR516C,0,2.866435,0.1547471135854721,0.867661714553833,0.4765382707118988
YBR107C,YDR463W,0,2.8653839,0.15471966564655304,0.867661714553833,0.4766383171081543
YDR062W,YOR323C,0,2.8650799,0.15469221770763397,0.867661714553833,0.4767383635044098
YER060W-A,YFL025C,0,2.8646274,0.1546647697687149,0.867661714553833,0.4768384099006653
YOL112W,YAR042W,0,2.8645215,0.15463735163211823,0.867661714553833,0.4769384562969208
YDL185W,YBR166C,0,2.8637733,0.15460993349552155,0.867661714553833,0.47703853249549866
YOR086C,YJR045C,0,2.8636389,0.15458251535892487,0.867661714553833,0.47713857889175415
YLR188W,YCR093W,0,2.8631902,0.15455512702465057,0.867661714553833,0.47723862528800964
YLR300W,YOL154W,0,2.861971,0.15452773869037628,0.867661714553833,0.47733867168426514
YER142C,YNR015W,0,2.8615632,0.154500350356102,0.867661714553833,0.47743871808052063
YOR266W,YCL059C,0,2.8613281,0.15447299182415009,0.867661714553833,0.4775387644767761
YOR250C,YML043C,0,2.8607864,0.154445618391037,0.867661714553833,0.4776388108730316
YHR069C,YHR036W,0,2.8602233,0.15441827476024628,0.867661714553833,0.4777388572692871
YBL022C,YJR104C,0,2.860193,0.15439093112945557,0.867661714553833,0.477838933467865
YOR158W,YDR251W,0,2.859205,0.15436360239982605,0.867661714553833,0.4779389798641205
YDR536W,YLR293C,0,2.8589387,0.15433628857135773,0.867661714553833,0.478039026260376
YBL068W,YLR324W,0,2.8588543,0.1543089747428894,0.867661714553833,0.47813907265663147
YBL078C,YPL269W,0,2.8588266,0.15428167581558228,0.867661714553833,0.47823911905288696
YJL106W,YDR245W,0,2.858621,0.15425437688827515,0.867661714553833,0.47833916544914246
YDL141W,YGL200C,0,2.857732,0.1542270928621292,0.867661714553833,0.47843921184539795
YBL052C,YDR167W,1,2.8575306,0.15437665581703186,0.8686566948890686,0.47843921184539795
YOR065W,YBR109C,0,2.8575141,0.15434935688972473,0.8686566948890686,0.47853925824165344
YIR037W,YJR121W,0,2.8573632,0.1543220728635788,0.8686566948890686,0.4786393344402313
YNL246W,YDR073W,1,2.8570423,0.15447154641151428,0.869651734828949,0.4786393344402313
YNL051W,YPR035W,0,2.8569083,0.15444424748420715,0.869651734828949,0.4787393808364868
YML012W,YML005W,0,2.8569074,0.15441696345806122,0.869651734828949,0.4788394272327423
YCR012W,YGR044C,0,2.856379,0.15438967943191528,0.869651734828949,0.4789394736289978
YPR001W,YER019C-A,0,2.8552976,0.15436241030693054,0.869651734828949,0.4790395200252533
YPL143W,YLR466W,0,2.855011,0.154335156083107,0.869651734828949,0.4791395664215088
YKL183W,YJL136C,0,2.8548563,0.15430791676044464,0.869651734828949,0.4792396128177643
YGL226C-A,YDL076C,0,2.8548236,0.1542806774377823,0.869651734828949,0.4793396592140198
YIL171W,YDR362C,0,2.8541327,0.15425343811511993,0.869651734828949,0.47943970561027527
YPL059W,YML036W,0,2.8539674,0.15422622859477997,0.869651734828949,0.47953978180885315
YBR279W,YCR098C,0,2.8536417,0.15419901907444,0.869651734828949,0.47963982820510864
YCR072C,YLR425W,0,2.8535461,0.15417180955410004,0.869651734828949,0.47973987460136414
YPR054W,YHR047C,0,2.853218,0.15414461493492126,0.869651734828949,0.47983992099761963
YPR162C,YFL013C,1,2.8532112,0.15429377555847168,0.8706467747688293,0.47983992099761963
YFL054C,YML106W,0,2.8528826,0.1542665660381317,0.8706467747688293,0.4799399673938751
YER127W,YMR274C,0,2.852622,0.15423938632011414,0.8706467747688293,0.4800400137901306
YLR450W,YHR206W,0,2.852017,0.15421219170093536,0.8706467747688293,0.4801400601863861
YLR385C,YPL163C,0,2.8514838,0.15418502688407898,0.8706467747688293,0.4802401065826416
YFL048C,YHR069C,0,2.8511176,0.1541578620672226,0.8706467747688293,0.4803401827812195
YGR082W,YLR438C-A,0,2.8510957,0.1541306972503662,0.8706467747688293,0.480440229177475
YML104C,YOR212W,0,2.8508043,0.15410356223583221,0.8706467747688293,0.48054027557373047
YGR061C,YLR088W,0,2.850729,0.15407642722129822,0.8706467747688293,0.48064032196998596
YLR265C,YMR272C,0,2.8506863,0.15404929220676422,0.8706467747688293,0.48074036836624146
YLR207W,YDL138W,0,2.8504882,0.15402217209339142,0.8706467747688293,0.48084041476249695
YDL003W,YOL152W,0,2.8495076,0.1539950668811798,0.8706467747688293,0.48094046115875244
YLR390W-A,YJL053W,0,2.8494625,0.1539679765701294,0.8706467747688293,0.48104050755500793
YDL140C,YML069W,1,2.8492649,0.15411682426929474,0.8716418147087097,0.48104050755500793
YPL075W,YDR298C,0,2.847293,0.15408970415592194,0.8716418147087097,0.4811405837535858
YBL002W,YPR052C,1,2.8471956,0.1542384773492813,0.8726367950439453,0.4811405837535858
YDR448W,YDR031W,0,2.846127,0.1542113572359085,0.8726367950439453,0.4812406301498413
YHL047C,YNL056W,0,2.844934,0.1541842520236969,0.8726367950439453,0.4813406765460968
YPR155C,YGL106W,0,2.8446407,0.1541571468114853,0.8726367950439453,0.4814407229423523
YCR057C,YPL159C,0,2.8439739,0.15413005650043488,0.8726367950439453,0.4815407693386078
YNL091W,YCR005C,0,2.843482,0.15410296618938446,0.8726367950439453,0.4816408157348633
YJL208C,YBR036C,0,2.8434105,0.15407589077949524,0.8726367950439453,0.4817408621311188
YKL087C,YDR448W,0,2.8432288,0.1540488302707672,0.8726367950439453,0.48184090852737427
YNR020C,YHR139C,0,2.8431406,0.15402178466320038,0.8726367950439453,0.48194098472595215
YDR495C,YGR145W,0,2.8431334,0.15399473905563354,0.8726367950439453,0.48204103112220764
YPL220W,YLL051C,0,2.8430762,0.1539676934480667,0.8726367950439453,0.48214107751846313
YCL034W,YBR251W,0,2.8421965,0.15394067764282227,0.8726367950439453,0.48224112391471863
YDR038C,YPR002W,0,2.8421836,0.15391364693641663,0.8726367950439453,0.4823411703109741
YGL123W,YHR129C,0,2.8420377,0.15388664603233337,0.8726367950439453,0.4824412167072296
YMR017W,YLR175W,0,2.8417659,0.15385964512825012,0.8726367950439453,0.4825412631034851
YHR184W,YFR033C,0,2.8406,0.15383265912532806,0.8726367950439453,0.4826413094997406
YBR055C,YHR006W,0,2.84048,0.1538056880235672,0.8726367950439453,0.4827413558959961
YBR172C,YMR077C,0,2.839714,0.15377871692180634,0.8726367950439453,0.482841432094574
YLR007W,YHR005C-A,0,2.8396192,0.15375174582004547,0.8726367950439453,0.48294147849082947
YMR315W,YER154W,0,2.838995,0.153724804520607,0.8726367950439453,0.48304152488708496
YCL031C,YBR120C,0,2.83855,0.15369786322116852,0.8726367950439453,0.48314157128334045
YBL047C,YCR047C,0,2.8378382,0.15367093682289124,0.8726367950439453,0.48324161767959595
YGL191W,YLL040C,0,2.8371859,0.15364401042461395,0.8726367950439453,0.48334166407585144
YMR091C,YKL082C,0,2.8369327,0.15361709892749786,0.8726367950439453,0.48344171047210693
YER137C,YDL146W,0,2.8365865,0.15359018743038177,0.8726367950439453,0.4835417568683624
YLR287C-A,YER051W,0,2.8362634,0.15356330573558807,0.8726367950439453,0.4836418330669403
YHR201C,YNL284C,0,2.8342714,0.15353640913963318,0.8726367950439453,0.4837418794631958
YPR131C,YNL317W,0,2.8338568,0.15350954234600067,0.8726367950439453,0.4838419258594513
YHR197W,YJL078C,0,2.8337455,0.15348267555236816,0.8726367950439453,0.4839419722557068
YDR261C,YAL051W,0,2.8335938,0.15345582365989685,0.8726367950439453,0.4840420186519623
YMR200W,YML047C,0,2.8335567,0.15342897176742554,0.8726367950439453,0.4841420650482178
YPL224C,YNL052W,0,2.8329277,0.15340213477611542,0.8726367950439453,0.48424211144447327
YER081W,YLR385C,0,2.8326702,0.1533753126859665,0.8726367950439453,0.48434215784072876
YBR009C,YDR363W,1,2.831882,0.15352334082126617,0.8736318349838257,0.48434215784072876
YPL204W,YDL093W,0,2.831853,0.15349650382995605,0.8736318349838257,0.48444223403930664
YHL032C,YPL183W-A,0,2.8309968,0.15346966683864594,0.8736318349838257,0.48454228043556213
YFL041W,YDR111C,0,2.8309312,0.153442844748497,0.8736318349838257,0.4846423268318176
YNL246W,YHR164C,0,2.8307033,0.15341603755950928,0.8736318349838257,0.4847423732280731
YPL234C,YGR218W,0,2.830677,0.15338924527168274,0.8736318349838257,0.4848424196243286
YMR023C,YNR010W,0,2.8304965,0.153362438082695,0.8736318349838257,0.4849424660205841
YOR106W,YLR197W,0,2.8303967,0.15333566069602966,0.8736318349838257,0.4850425124168396
YEL069C,YFR031C,0,2.8302042,0.15330888330936432,0.8736318349838257,0.4851425588130951
YKL004W,YGR118W,0,2.8301344,0.15328212082386017,0.8736318349838257,0.485242635011673
YDL093W,YPR138C,0,2.8295965,0.1532553732395172,0.8736318349838257,0.48534268140792847
YNL250W,YNL267W,0,2.8294554,0.15322862565517426,0.8736318349838257,0.48544272780418396
YPL204W,YNL063W,0,2.8293638,0.1532018780708313,0.8736318349838257,0.48554277420043945
YER050C,YNL164C,0,2.8293204,0.15317516028881073,0.8736318349838257,0.48564282059669495
YLR409C,YBL025W,0,2.8287024,0.15314844250679016,0.8736318349838257,0.48574286699295044
YDR423C,YIL139C,0,2.8273687,0.1531217247247696,0.8736318349838257,0.48584291338920593
YGL037C,YPL153C,1,2.8273244,0.15326939523220062,0.874626874923706,0.48584291338920593
YKL198C,YER038C,0,2.8272796,0.15324267745018005,0.874626874923706,0.4859429597854614
YDL139C,YJR134C,0,2.8271742,0.15321595966815948,0.874626874923706,0.4860430359840393
YLR106C,YPL082C,0,2.8270557,0.1531892716884613,0.874626874923706,0.4861430823802948
YER110C,YBR183W,0,2.8269777,0.15316256880760193,0.874626874923706,0.4862431287765503
YOL129W,YEL027W,0,2.8241367,0.15313589572906494,0.874626874923706,0.4863431751728058
YJR009C,YLR383W,0,2.8239923,0.15310920774936676,0.874626874923706,0.4864432215690613
YFL048C,YGL090W,0,2.8237624,0.15308254957199097,0.874626874923706,0.4865432679653168
YLR221C,YNR016C,0,2.8236651,0.15305589139461517,0.874626874923706,0.48664331436157227
YBR118W,YAR018C,0,2.8235917,0.15302924811840057,0.874626874923706,0.48674336075782776
YLR207W,YPL093W,0,2.823554,0.15300260484218597,0.874626874923706,0.48684340715408325
YGL225W,YNL328C,0,2.8234844,0.15297597646713257,0.874626874923706,0.48694348335266113
YPR137W,YJL166W,0,2.8233063,0.15294936299324036,0.874626874923706,0.4870435297489166
YNL135C,YOL090W,1,2.8229365,0.1530967354774475,0.8756219148635864,0.4870435297489166
YMR088C,YFL005W,0,2.822936,0.1530700922012329,0.8756219148635864,0.4871435761451721
YDR190C,YBR198C,1,2.8226957,0.1532173901796341,0.876616895198822,0.4871435761451721
YPR034W,YBR230C,0,2.8222718,0.1531907469034195,0.876616895198822,0.4872436225414276
YJL192C,YKL195W,0,2.8220751,0.1531641185283661,0.876616895198822,0.4873436689376831
YGL004C,YGL087C,0,2.8216867,0.15313749015331268,0.876616895198822,0.4874437153339386
YLR127C,YGL062W,0,2.8213902,0.15311087667942047,0.876616895198822,0.4875437617301941
YPR192W,YDR365C,0,2.8204603,0.15308427810668945,0.876616895198822,0.4876438081264496
YNL306W,YGR191W,0,2.8204026,0.15305767953395844,0.876616895198822,0.48774388432502747
YLR389C,YBR230C,0,2.8203266,0.1530310958623886,0.876616895198822,0.48784393072128296
YDR464W,YHR017W,0,2.8202062,0.1530045121908188,0.876616895198822,0.48794397711753845
YHR133C,YER030W,0,2.819637,0.15297794342041016,0.876616895198822,0.48804402351379395
YOR324C,YGL093W,0,2.819486,0.15295138955116272,0.876616895198822,0.48814406991004944
YOR116C,YKL182W,0,2.8188183,0.15292483568191528,0.876616895198822,0.48824411630630493
YPL028W,YOL028C,0,2.818583,0.15289829671382904,0.876616895198822,0.4883441627025604
YPL031C,YGR076C,0,2.8181143,0.152871772646904,0.876616895198822,0.4884442090988159
YBL090W,YPL083C,0,2.8180113,0.15284524857997894,0.876616895198822,0.4885442852973938
YDL144C,YNR015W,0,2.817756,0.1528187394142151,0.876616895198822,0.4886443316936493
YKL185W,YLR337C,0,2.8176823,0.15279223024845123,0.876616895198822,0.4887443780899048
YDL042C,YER088C,1,2.817206,0.15293914079666138,0.8776119351387024,0.4887443780899048
YOR116C,YCR004C,0,2.816855,0.15291261672973633,0.8776119351387024,0.4888444244861603
YNL101W,YER131W,0,2.816728,0.15288612246513367,0.8776119351387024,0.48894447088241577
YLR127C,YEL036C,0,2.816686,0.1528596132993698,0.8776119351387024,0.48904451727867126
YIL137C,YLR260W,0,2.8164873,0.15283313393592834,0.8776119351387024,0.48914456367492676
YOR066W,YDL247W,0,2.815539,0.15280665457248688,0.8776119351387024,0.48924461007118225
YAR031W,YDR435C,0,2.8154078,0.1527801901102066,0.8776119351387024,0.48934468626976013
YGR077C,YCR002C,0,2.81531,0.15275372564792633,0.8776119351387024,0.4894447326660156
YMR292W,YLR170C,0,2.814691,0.15272727608680725,0.8776119351387024,0.4895447790622711
YDR363W,YPR052C,1,2.814335,0.1528739631175995,0.8786069750785828,0.4895447790622711
YDR188W,YGR281W,0,2.8133996,0.1528474986553192,0.8786069750785828,0.4896448254585266
YDL081C,YHR077C,0,2.8129263,0.15282104909420013,0.8786069750785828,0.4897448718547821
YLR019W,YDR041W,0,2.8123672,0.15279459953308105,0.8786069750785828,0.4898449182510376
YIL112W,YDR448W,0,2.811537,0.15276816487312317,0.8786069750785828,0.4899449646472931
YLR299W,YFL033C,0,2.8115125,0.15274174511432648,0.8786069750785828,0.4900450110435486
YNL330C,YOL136C,0,2.8098478,0.15271532535552979,0.8786069750785828,0.49014508724212646
YDR373W,YOL152W,0,2.8094306,0.1526889204978943,0.8786069750785828,0.49024513363838196
YPR135W,YMR131C,0,2.808548,0.1526625156402588,0.8786069750785828,0.49034518003463745
YFR019W,YKL078W,0,2.8083134,0.15263612568378448,0.8786069750785828,0.49044522643089294
YOR232W,YNL036W,0,2.807469,0.15260975062847137,0.8786069750785828,0.49054527282714844
YDR240C,YHR047C,0,2.806292,0.15258337557315826,0.8786069750785828,0.49064531922340393
YMR213W,YHL031C,0,2.8060856,0.15255701541900635,0.8786069750785828,0.4907453656196594
YBR185C,YIL173W,0,2.8060064,0.15253065526485443,0.8786069750785828,0.4908454120159149
YNL267W,YIL133C,0,2.8054247,0.1525043249130249,0.8786069750785828,0.4909454584121704
YDR378C,YBR276C,0,2.8050716,0.15247797966003418,0.8786069750785828,0.4910455346107483
YPL218W,YDR240C,0,2.8043246,0.15245166420936584,0.8786069750785828,0.4911455810070038
YGL222C,YMR074C,0,2.8041863,0.15242533385753632,0.8786069750785828,0.4912456274032593
YMR228W,YOR250C,0,2.8032713,0.15239903330802917,0.8786069750785828,0.49134567379951477
YPR111W,YOR009W,0,2.8030186,0.15237273275852203,0.8786069750785828,0.49144572019577026
YBR069C,YGR169C,0,2.8027155,0.1523464471101761,0.8786069750785828,0.49154576659202576
YDR511W,YLR172C,0,2.8021655,0.15232016146183014,0.8786069750785828,0.49164581298828125
YBR037C,YBR160W,0,2.8020968,0.15229389071464539,0.8786069750785828,0.49174585938453674
YOR138C,YIL056W,0,2.8018885,0.15226763486862183,0.8786069750785828,0.4918459355831146
YDR172W,YAL022C,0,2.8018875,0.15224137902259827,0.8786069750785828,0.4919459819793701
YGL172W,YMR009W,0,2.8018372,0.1522151380777359,0.8786069750785828,0.4920460283756256
YDR273W,YLR385C,0,2.8013396,0.15218889713287354,0.8786069750785828,0.4921460747718811
YDR334W,YOL004W,1,2.800696,0.1523350030183792,0.8796020150184631,0.4921460747718811
YKL165C,YGR225W,0,2.8005695,0.15230874717235565,0.8796020150184631,0.4922461211681366
YGR078C,YDL124W,0,2.8003142,0.15228252112865448,0.8796020150184631,0.4923461675643921
YJL097W,YLR189C,0,2.799386,0.15225628018379211,0.8796020150184631,0.4924462139606476
YAL029C,YOL158C,0,2.7990346,0.15223006904125214,0.8796020150184631,0.4925462603569031
YHR036W,YCR075C,0,2.7988706,0.15220385789871216,0.8796020150184631,0.49264633655548096
YGL028C,YBL079W,0,2.7985237,0.15217766165733337,0.8796020150184631,0.49274638295173645
YIL084C,YDR313C,0,2.797482,0.1521514654159546,0.8796020150184631,0.49284642934799194
YKL144C,YPL138C,0,2.7968478,0.152125284075737,0.8796020150184631,0.49294647574424744
YDR457W,YPL209C,0,2.796392,0.1520991027355194,0.8796020150184631,0.49304652214050293
YNL051W,YDR285W,0,2.7957802,0.152072936296463,0.8796020150184631,0.4931465685367584
YER106W,YMR100W,0,2.7957685,0.1520467847585678,0.8796020150184631,0.4932466149330139
YKL161C,YPR152C,0,2.7954633,0.1520206332206726,0.8796020150184631,0.4933466613292694
YLR223C,YKR093W,0,2.7950575,0.1519944965839386,0.8796020150184631,0.4934467375278473
YPR191W,YIL021W,0,2.7936504,0.15196837484836578,0.8796020150184631,0.4935467839241028
YMR297W,YKL087C,0,2.7935238,0.15194225311279297,0.8796020150184631,0.4936468303203583
YKL182W,YDR406W,0,2.792284,0.15191613137722015,0.8796020150184631,0.49374687671661377
YNL163C,YNL322C,0,2.7906332,0.15189003944396973,0.8796020150184631,0.49384692311286926
YIL120W,YJR110W,0,2.7898269,0.1518639475107193,0.8796020150184631,0.49394696950912476
YOL105C,YDR138W,0,2.7890801,0.15183785557746887,0.8796020150184631,0.49404701590538025
YER083C,YMR022W,0,2.7884722,0.15181177854537964,0.8796020150184631,0.49414706230163574
YDR527W,YGL031C,0,2.7884557,0.1517857164144516,0.8796020150184631,0.49424710869789124
YNL236W,YMR194W,0,2.7881718,0.15175965428352356,0.8796020150184631,0.4943471848964691
YPL143W,YNL278W,0,2.7880144,0.1517336070537567,0.8796020150184631,0.4944472312927246
YOR048C,YPL006W,0,2.7879238,0.15170757472515106,0.8796020150184631,0.4945472776889801
YHR002W,YOR290C,0,2.7874875,0.1516815423965454,0.8796020150184631,0.4946473240852356
YIL068C,YKR055W,0,2.7870927,0.15165551006793976,0.8796020150184631,0.4947473704814911
YDR190C,YPL127C,1,2.7870274,0.15180103480815887,0.8805969953536987,0.4947473704814911
YDR270W,YNL242W,0,2.7867932,0.15177500247955322,0.8805969953536987,0.4948474168777466
YCR020C,YBR020W,0,2.786609,0.15174897015094757,0.8805969953536987,0.4949474632740021
YOL052C-A,YMR097C,0,2.7860117,0.1517229527235031,0.8805969953536987,0.49504750967025757
YOR020C,YDR390C,0,2.7853181,0.15169695019721985,0.8805969953536987,0.49514758586883545
YML006C,YOR175C,0,2.7844014,0.15167094767093658,0.8805969953536987,0.49524763226509094
YPL183W-A,YPL130W,0,2.7843833,0.15164496004581451,0.8805969953536987,0.49534767866134644
YOR176W,YDR190C,0,2.7839918,0.15161898732185364,0.8805969953536987,0.49544772505760193
YAL021C,YPR080W,0,2.783856,0.15159301459789276,0.8805969953536987,0.4955477714538574
YPR128C,YPL175W,0,2.7836847,0.15156704187393188,0.8805969953536987,0.4956478178501129
YDL102W,YKR007W,0,2.7835112,0.1515410989522934,0.8805969953536987,0.4957478642463684
YNL111C,YDR072C,0,2.7835011,0.1515151560306549,0.8805969953536987,0.4958479106426239
YOL061W,YER049W,0,2.7823553,0.15148921310901642,0.8805969953536987,0.4959479868412018
YCL024W,YEL020W-A,0,2.7821932,0.15146328508853912,0.8805969953536987,0.4960480332374573
YDL149W,YHR001W-A,0,2.7817454,0.15143737196922302,0.8805969953536987,0.49614807963371277
YJL066C,YDR060W,0,2.7817223,0.15141145884990692,0.8805969953536987,0.49624812602996826
YOR308C,YBR026C,0,2.781529,0.15138556063175201,0.8805969953536987,0.49634817242622375
YML012W,YNL163C,0,2.7809067,0.1513596773147583,0.8805969953536987,0.49644821882247925
YPL091W,YNR043W,0,2.7807927,0.1513337939977646,0.8805969953536987,0.49654826521873474
YMR218C,YKL039W,0,2.7791266,0.15130791068077087,0.8805969953536987,0.49664831161499023
YJR139C,YNL207W,0,2.778899,0.15128205716609955,0.8805969953536987,0.4967483878135681
YMR019W,YNL016W,0,2.7785382,0.15125618875026703,0.8805969953536987,0.4968484342098236
YOL090W,YLR067C,0,2.7781048,0.1512303501367569,0.8805969953536987,0.4969484806060791
YGL200C,YLR304C,0,2.778016,0.15120451152324677,0.8805969953536987,0.4970485270023346
YDR534C,YER005W,0,2.7776265,0.15117868781089783,0.8805969953536987,0.4971485733985901
YJL153C,YPL127C,0,2.7775745,0.1511528640985489,0.8805969953536987,0.4972486197948456
YLR221C,YBR049C,0,2.7773535,0.15112705528736115,0.8805969953536987,0.4973486661911011
YLR043C,YJL117W,0,2.7771962,0.1511012464761734,0.8805969953536987,0.49744871258735657
YDL024C,YGR159C,0,2.7769084,0.15107545256614685,0.8805969953536987,0.49754878878593445
YBR268W,YPL002C,0,2.7763672,0.1510496735572815,0.8805969953536987,0.49764883518218994
YLR052W,YKL112W,1,2.7758546,0.15119454264640808,0.8815920352935791,0.49764883518218994
YHR197W,YIR002C,0,2.7744122,0.15116874873638153,0.8815920352935791,0.49774888157844543
YOR224C,YOR254C,0,2.7742772,0.15114295482635498,0.8815920352935791,0.4978489279747009
YOR175C,YPR194C,0,2.7735987,0.15111717581748962,0.8815920352935791,0.4979489743709564
YPL138C,YLR344W,0,2.7729588,0.15109141170978546,0.8815920352935791,0.4980490207672119
YGL092W,YPR132W,0,2.7727242,0.1510656476020813,0.8815920352935791,0.4981490671634674
YNL261W,YHR056C,1,2.7717903,0.15121036767959595,0.8825870752334595,0.4981490671634674
YHR044C,YBR180W,0,2.7717767,0.1511845886707306,0.8825870752334595,0.4982491135597229
YPL149W,YDR299W,0,2.7717505,0.15115882456302643,0.8825870752334595,0.4983491599559784
YNR002C,YDR173C,0,2.7717266,0.15113307535648346,0.8825870752334595,0.4984492361545563
YHR051W,YHR004C,0,2.7714243,0.1511073261499405,0.8825870752334595,0.49854928255081177
YBR149W,YGR105W,0,2.7712736,0.15108159184455872,0.8825870752334595,0.49864932894706726
YGR085C,YIL134W,0,2.7712593,0.15105585753917694,0.8825870752334595,0.49874937534332275
YJL170C,YDR041W,0,2.7710907,0.15103013813495636,0.8825870752334595,0.49884942173957825
YNR031C,YHR169W,0,2.7702975,0.15100443363189697,0.8825870752334595,0.49894946813583374
YHR030C,YML043C,0,2.7702632,0.15097872912883759,0.8825870752334595,0.49904951453208923
YDR205W,YMR257C,0,2.7700543,0.1509530246257782,0.8825870752334595,0.4991495609283447
YKR068C,YLR105C,0,2.7699594,0.1509273499250412,0.8825870752334595,0.4992496371269226
YDL117W,YDR229W,0,2.7698097,0.150901660323143,0.8825870752334595,0.4993496835231781
YPR080W,YML023C,0,2.7691786,0.1508760005235672,0.8825870752334595,0.4994497299194336
YKL175W,YHR181W,0,2.76858,0.1508503407239914,0.8825870752334595,0.4995497763156891
YEL056W,YER013W,0,2.7676857,0.15082469582557678,0.8825870752334595,0.4996498227119446
YIL153W,YHR181W,0,2.7669172,0.15079905092716217,0.8825870752334595,0.4997498691082001
YIR037W,YHR082C,0,2.7656207,0.15077342092990875,0.8825870752334595,0.49984991550445557
YBR268W,YBR191W,0,2.7654638,0.15074779093265533,0.8825870752334595,0.49994996190071106
YGL112C,YDR322W,0,2.7654629,0.1507221758365631,0.8825870752334595,0.5000500082969666
YKR085C,YJR045C,0,2.7646723,0.1506965607404709,0.8825870752334595,0.5001500844955444
YDR276C,YOR074C,0,2.7644343,0.15067097544670105,0.8825870752334595,0.5002501010894775
YIL156W,YJL059W,0,2.7640057,0.15064537525177002,0.8825870752334595,0.5003501772880554
YPR073C,YKL195W,0,2.7627034,0.15061980485916138,0.8825870752334595,0.5004502534866333
YPL193W,YIR014W,0,2.7621546,0.15059423446655273,0.8825870752334595,0.5005502700805664
YGL123W,YGR175C,0,2.7619152,0.1505686640739441,0.8825870752334595,0.5006503462791443
YCR031C,YNL233W,0,2.761569,0.15054310858249664,0.8825870752334595,0.5007503628730774
YMR316W,YLR092W,0,2.7614856,0.1505175679922104,0.8825870752334595,0.5008504390716553
YJR076C,YOR355W,0,2.7614229,0.15049202740192413,0.8825870752334595,0.5009504556655884
YPL031C,YLL048C,0,2.7613473,0.15046650171279907,0.8825870752334595,0.5010505318641663
YBL005W,YBL013W,0,2.7613394,0.150440976023674,0.8825870752334595,0.5011505484580994
YLL034C,YML132W,0,2.76034,0.15041546523571014,0.8825870752334595,0.5012506246566772
YDL185W,YDR176W,0,2.7597795,0.15038996934890747,0.8825870752334595,0.5013507008552551
YJL221C,YNL119W,0,2.7584682,0.1503644734621048,0.8825870752334595,0.5014507174491882
YBR289W,YDR363W,1,2.7583795,0.15050847828388214,0.8835821151733398,0.5014507174491882
YIL125W,YPL175W,0,2.7578802,0.15048296749591827,0.8835821151733398,0.5015507936477661
YGR245C,YPR120C,0,2.7572591,0.1504574716091156,0.8835821151733398,0.5016508102416992
YIL009W,YPL075W,0,2.7569008,0.15043199062347412,0.8835821151733398,0.5017508864402771
YER096W,YMR056C,0,2.7567582,0.15040650963783264,0.8835821151733398,0.5018509030342102
YIL138C,YHR013C,0,2.756548,0.15038102865219116,0.8835821151733398,0.5019509792327881
YJL149W,YML063W,0,2.7565417,0.15035557746887207,0.8835821151733398,0.5020509958267212
YFL011W,YDR486C,0,2.756397,0.15033011138439178,0.8835821151733398,0.5021510720252991
YHL006C,YOL105C,0,2.7562065,0.1503046751022339,0.8835821151733398,0.502251148223877
YCL024W,YLR432W,0,2.756037,0.150279238820076,0.8835821151733398,0.5023511648178101
YPR028W,YMR318C,0,2.7557216,0.1502538025379181,0.8835821151733398,0.5024512410163879
YJR035W,YNR060W,0,2.755704,0.1502283811569214,0.8835821151733398,0.502551257610321
YJR059W,YJL059W,0,2.7556925,0.15020297467708588,0.8835821151733398,0.5026513338088989
YLR295C,YLR120C,0,2.7556338,0.15017756819725037,0.8835821151733398,0.502751350402832
YDR508C,YAL035W,0,2.7554822,0.15015217661857605,0.8835821151733398,0.5028514266014099
YMR301C,YMR256C,0,2.7550006,0.15012679994106293,0.8835821151733398,0.5029515027999878
YLR385C,YBL002W,1,2.7543554,0.15027044713497162,0.8845770955085754,0.5029515027999878
YNL086W,YBR177C,0,2.7540836,0.1502450555562973,0.8845770955085754,0.5030515193939209
YPR095C,YHR039C-A,0,2.7535148,0.15021966397762299,0.8845770955085754,0.5031515955924988
YFL025C,YDL185W,0,2.7530808,0.15019428730010986,0.8845770955085754,0.5032516121864319
YNL132W,YLR096W,0,2.7528672,0.15016892552375793,0.8845770955085754,0.5033516883850098
YDR478W,YJR133W,0,2.7528634,0.150143563747406,0.8845770955085754,0.5034517049789429
YCR086W,YMR117C,0,2.7526603,0.15011820197105408,0.8845770955085754,0.5035517811775208
YJL130C,YKL117W,0,2.7525182,0.15009285509586334,0.8845770955085754,0.5036517977714539
YHR001W-A,YNL243W,0,2.7520661,0.1500675231218338,0.8845770955085754,0.5037518739700317
YBR172C,YDR513W,0,2.7520108,0.15004219114780426,0.8845770955085754,0.5038519501686096
YER099C,YJR025C,0,2.7517996,0.1500168740749359,0.8845770955085754,0.5039519667625427
YBL076C,YMR012W,0,2.7517543,0.14999155700206757,0.8845770955085754,0.5040520429611206
YDR116C,YLL061W,0,2.7514758,0.1499662548303604,0.8845770955085754,0.5041520595550537
YHR079C,YMR133W,0,2.7509727,0.14994096755981445,0.8845770955085754,0.5042521357536316
YMR180C,YCR026C,0,2.7504416,0.1499156802892685,0.8845770955085754,0.5043521523475647
YPL240C,YHR082C,0,2.7500806,0.14989040791988373,0.8845770955085754,0.5044522285461426
YOR242C,YDR350C,0,2.7500668,0.14986513555049896,0.8845770955085754,0.5045523047447205
YGR283C,YDL180W,0,2.7495444,0.1498398780822754,0.8845770955085754,0.5046523213386536
YGL198W,YJL001W,0,2.7495394,0.14981462061405182,0.8845770955085754,0.5047523975372314
YCR060W,YER020W,0,2.7492428,0.14978937804698944,0.8845770955085754,0.5048524141311646
YHR161C,YKL124W,0,2.7488399,0.14976415038108826,0.8845770955085754,0.5049524903297424
YMR215W,YLR048W,0,2.7479606,0.14973892271518707,0.8845770955085754,0.5050525069236755
YLL062C,YPL254W,0,2.7475252,0.14971370995044708,0.8845770955085754,0.5051525831222534
YPR154W,YKR088C,0,2.7456985,0.1496884971857071,0.8845770955085754,0.5052525997161865
YOR242C,YCR030C,0,2.745318,0.1496632993221283,0.8845770955085754,0.5053526759147644
YCL047C,YBR142W,0,2.7444694,0.1496381014585495,0.8845770955085754,0.5054527521133423
YCR040W,YDR495C,0,2.7441468,0.1496129184961319,0.8845770955085754,0.5055527687072754
YKL217W,YGR292W,0,2.743729,0.1495877504348755,0.8845770955085754,0.5056528449058533
YDL220C,YJL058C,0,2.7433643,0.14956258237361908,0.8845770955085754,0.5057528614997864
YLR239C,YER153C,0,2.742838,0.14953742921352386,0.8845770955085754,0.5058529376983643
YAL053W,YPL163C,0,2.7422056,0.14951227605342865,0.8845770955085754,0.5059529542922974
YEL064C,YOR226C,0,2.7420912,0.14948713779449463,0.8845770955085754,0.5060530304908752
YCR065W,YKL140W,0,2.7413487,0.1494619995355606,0.8845770955085754,0.5061530470848083
YCL043C,YDL087C,0,2.741334,0.14943687617778778,0.8845770955085754,0.5062531232833862
YDR047W,YJL001W,0,2.7412825,0.14941176772117615,0.8845770955085754,0.5063531994819641
YJL065C,YGR214W,0,2.7411041,0.14938665926456451,0.8845770955085754,0.5064532160758972
YER096W,YBR119W,0,2.7407227,0.14936156570911407,0.8845770955085754,0.5065532922744751
YDR495C,YNL167C,0,2.740243,0.14933647215366364,0.8845770955085754,0.5066533088684082
YJR016C,YDR298C,0,2.7402,0.1493113934993744,0.8845770955085754,0.5067533850669861
YBL026W,YER044C,0,2.7392664,0.14928631484508514,0.8845770955085754,0.5068534016609192
YCR081W,YIR038C,0,2.7392116,0.1492612510919571,0.8845770955085754,0.5069534778594971
YMR301C,YLL022C,0,2.739181,0.14923618733882904,0.8845770955085754,0.507053554058075
YOR078W,YCL043C,0,2.7382097,0.14921113848686218,0.8845770955085754,0.5071535706520081
YLR100W,YJR022W,0,2.7377725,0.14918610453605652,0.8845770955085754,0.5072536468505859
YGR094W,YDR490C,0,2.737342,0.14916107058525085,0.8845770955085754,0.507353663444519
YMR322C,YKR066C,0,2.7370963,0.14913605153560638,0.8845770955085754,0.5074537396430969
YNL077W,YJL181W,0,2.7370093,0.14911103248596191,0.8845770955085754,0.50755375623703
YJL083W,YLR141W,0,2.7369368,0.14908602833747864,0.8845770955085754,0.5076538324356079
YGL016W,YKL201C,0,2.7367227,0.14906103909015656,0.8845770955085754,0.507753849029541
YIL005W,YGR208W,0,2.7365816,0.14903604984283447,0.8845770955085754,0.5078539252281189
YOL018C,YHR006W,0,2.7353194,0.1490110605955124,0.8845770955085754,0.5079540014266968
YLR090W,YDR412W,0,2.7339642,0.1489860862493515,0.8845770955085754,0.5080540180206299
YOL043C,YPR028W,0,2.7338228,0.1489611268043518,0.8845770955085754,0.5081540942192078
YPL082C,YBR189W,0,2.7328758,0.1489361673593521,0.8845770955085754,0.5082541108131409
YNL036W,YIL074C,0,2.732514,0.1489112228155136,0.8845770955085754,0.5083541870117188
YDR383C,YDR078C,0,2.732503,0.1488862782716751,0.8845770955085754,0.5084542036056519
YLR044C,YGR224W,0,2.7324576,0.1488613486289978,0.8845770955085754,0.5085542798042297
YDR045C,YJL005W,0,2.7322893,0.1488364338874817,0.8845770955085754,0.5086543560028076
YJR089W,YCL067C,0,2.7316132,0.14881151914596558,0.8845770955085754,0.5087543725967407
YDL175C,YML070W,0,2.7307243,0.14878660440444946,0.8845770955085754,0.5088544487953186
YGR189C,YNL185C,0,2.7305002,0.14876171946525574,0.8845770955085754,0.5089544653892517
YIL128W,YGL151W,0,2.7304673,0.14873681962490082,0.8845770955085754,0.5090545415878296
YNL219C,YNL094W,0,2.7299404,0.1487119495868683,0.8845770955085754,0.5091545581817627
YIL022W,YOR068C,0,2.729514,0.14868706464767456,0.8845770955085754,0.5092546343803406
YGR112W,YDR499W,0,2.7290668,0.14866220951080322,0.8845770955085754,0.5093546509742737
YOR103C,YCR098C,0,2.728959,0.14863735437393188,0.8845770955085754,0.5094547271728516
YPR083W,YGL089C,0,2.7285562,0.14861249923706055,0.8845770955085754,0.5095548033714294
YDL202W,YMR204C,0,2.7282171,0.1485876590013504,0.8845770955085754,0.5096548199653625
YJR145C,YPR081C,0,2.7278695,0.14856283366680145,0.8845770955085754,0.5097548961639404
YJL124C,YER125W,0,2.7269244,0.1485380083322525,0.8845770955085754,0.5098549127578735
YGR260W,YDR135C,0,2.726838,0.14851319789886475,0.8845770955085754,0.5099549889564514
YOR320C,YDR465C,0,2.726634,0.148488387465477,0.8845770955085754,0.5100550055503845
YER028C,YKL020C,0,2.726564,0.14846359193325043,0.8845770955085754,0.5101550817489624
YOR048C,YLR440C,0,2.7264147,0.14843881130218506,0.8845770955085754,0.5102550983428955
YNL066W,YDR236C,0,2.726294,0.1484140306711197,0.8845770955085754,0.5103551745414734
YCL048W,YMR287C,0,2.7262244,0.14838925004005432,0.8845770955085754,0.5104552507400513
YPL026C,YDR211W,0,2.7254817,0.14836448431015015,0.8845770955085754,0.5105552673339844
YMR022W,YOL122C,0,2.724811,0.14833973348140717,0.8845770955085754,0.5106553435325623
YJL012C,YAL041W,0,2.7246509,0.14831498265266418,0.8845770955085754,0.5107553601264954
YHL032C,YPL149W,0,2.724553,0.1482902467250824,0.8845770955085754,0.5108554363250732
YOR260W,YDR064W,0,2.723851,0.1482655107975006,0.8845770955085754,0.5109554529190063
YBR243C,YFL061W,0,2.723845,0.14824078977108002,0.8845770955085754,0.5110555291175842
YBR195C,YOR265W,0,2.7228618,0.14821606874465942,0.8845770955085754,0.5111556053161621
YNL248C,YKL206C,0,2.722663,0.14819136261940002,0.8845770955085754,0.5112556219100952
YDL007W,YDL017W,0,2.7226052,0.14816667139530182,0.8845770955085754,0.5113556981086731
YMR123W,YCL027W,0,2.722146,0.1481419801712036,0.8845770955085754,0.5114557147026062
YCL061C,YLR086W,0,2.7214556,0.1481172889471054,0.8845770955085754,0.5115557909011841
YOR228C,YLR293C,0,2.7210398,0.1480926275253296,0.8845770955085754,0.5116558074951172
YMR179W,YKL001C,0,2.7206736,0.14806795120239258,0.8845770955085754,0.5117558836936951
YGL183C,YPL017C,0,2.7205467,0.14804330468177795,0.8845770955085754,0.5118559002876282
YDR513W,YCR030C,0,2.7202435,0.14801864326000214,0.8845770955085754,0.511955976486206
YLR268W,YDL067C,0,2.719985,0.1479940116405487,0.8845770955085754,0.5120560526847839
YIL128W,YNL166C,0,2.7194777,0.14796938002109528,0.8845770955085754,0.512156069278717
YHL004W,YOR099W,0,2.7193778,0.14794474840164185,0.8845770955085754,0.5122561454772949
YKL174C,YKL181W,0,2.719297,0.1479201316833496,0.8845770955085754,0.512356162071228
YPR002W,YER131W,0,2.7190483,0.14789552986621857,0.8845770955085754,0.5124562382698059
YJL106W,YER173W,0,2.7179356,0.14787092804908752,0.8845770955085754,0.512556254863739
YGL009C,YOR320C,0,2.7174065,0.14784632623195648,0.8845770955085754,0.5126563310623169
YER032W,YIL167W,0,2.7170367,0.14782175421714783,0.8845770955085754,0.5127564072608948
YJR103W,YPR188C,0,2.717022,0.14779716730117798,0.8845770955085754,0.5128564238548279
YOR243C,YPL253C,0,2.71692,0.14777261018753052,0.8845770955085754,0.5129565000534058
YLL019C,YGL018C,0,2.716395,0.14774805307388306,0.8845770955085754,0.5130565166473389
YDL084W,YER174C,0,2.7159715,0.1477234959602356,0.8845770955085754,0.5131565928459167
YBR043C,YPR180W,0,2.7159405,0.14769895374774933,0.8845770955085754,0.5132566094398499
YPL210C,YMR097C,0,2.7157893,0.14767441153526306,0.8845770955085754,0.5133566856384277
YHR169W,YKL033W,0,2.715449,0.14764989912509918,0.8845770955085754,0.5134567022323608
YGL045W,YDR434W,0,2.715225,0.1476253718137741,0.8845770955085754,0.5135567784309387
YCR035C,YBR020W,0,2.714398,0.14760085940361023,0.8845770955085754,0.5136568546295166
YER165W,YGR296W,0,2.714075,0.14757636189460754,0.8845770955085754,0.5137568712234497
YNL214W,YEL059C-A,0,2.7127774,0.14755186438560486,0.8845770955085754,0.5138569474220276
YLR323C,YIL137C,0,2.7126005,0.14752738177776337,0.8845770955085754,0.5139569640159607
YKL034W,YIR019C,0,2.7125144,0.14750289916992188,0.8845770955085754,0.5140570402145386
YNL267W,YJR021C,0,2.7116218,0.14747843146324158,0.8845770955085754,0.5141570568084717
YJR033C,YML088W,0,2.7115953,0.14745397865772247,0.8845770955085754,0.5142571330070496
YNL163C,YKL060C,0,2.7115693,0.14742952585220337,0.8845770955085754,0.5143571496009827
YLR055C,YGR080W,0,2.7111022,0.14740507304668427,0.8845770955085754,0.5144572257995605
YNR020C,YJL221C,0,2.7110357,0.14738063514232635,0.8845770955085754,0.5145573019981384
YER033C,YKR056W,0,2.7105937,0.14735621213912964,0.8845770955085754,0.5146573185920715
YGR234W,YKR044W,0,2.710128,0.14733178913593292,0.8845770955085754,0.5147573947906494
YDR518W,YGL186C,0,2.7090526,0.1473073810338974,0.8845770955085754,0.5148574113845825
YJL162C,YDR301W,0,2.7087483,0.14728297293186188,0.8845770955085754,0.5149574875831604
YBL078C,YGR216C,0,2.7069197,0.14725856482982635,0.8845770955085754,0.5150575041770935
YDR148C,YLR073C,0,2.7060192,0.14723418653011322,0.8845770955085754,0.5151575803756714
YOL139C,YDR047W,0,2.7059798,0.14720980823040009,0.8845770955085754,0.5152576565742493
YNL052W,YDL081C,0,2.7056293,0.14718542993068695,0.8845770955085754,0.5153576731681824
YGR262C,YER104W,0,2.705387,0.147161066532135,0.8845770955085754,0.5154577493667603
YGL058W,YHR088W,0,2.7051635,0.14713670313358307,0.8845770955085754,0.5155577659606934
YCR065W,YDL112W,0,2.7036905,0.14711235463619232,0.8845770955085754,0.5156578421592712
YCR005C,YAR042W,0,2.7034087,0.14708802103996277,0.8845770955085754,0.5157578587532043
YER002W,YOR025W,0,2.7025886,0.14706368744373322,0.8845770955085754,0.5158579349517822
YLR052W,YBL072C,0,2.702241,0.14703936874866486,0.8845770955085754,0.5159579515457153
YOL067C,YKR093W,0,2.7019215,0.1470150500535965,0.8845770955085754,0.5160580277442932
YDL018C,YOR068C,0,2.7017584,0.14699074625968933,0.8845770955085754,0.5161581039428711
YPL172C,YLR289W,0,2.7013645,0.14696644246578217,0.8845770955085754,0.5162581205368042
YLR399C,YBL002W,1,2.7012997,0.14710743725299835,0.8855721354484558,0.5162581205368042
YOR129C,YGL189C,0,2.7008288,0.1470831334590912,0.8855721354484558,0.5163581967353821
YDL217C,YPL157W,0,2.7004328,0.14705882966518402,0.8855721354484558,0.5164582133293152
YGL009C,YHL003C,0,2.7004051,0.14703452587127686,0.8855721354484558,0.5165582895278931
YGR211W,YPR163C,0,2.7002625,0.14701023697853088,0.8855721354484558,0.5166583061218262
YFR052W,YDR501W,0,2.6995802,0.1469859629869461,0.8855721354484558,0.516758382320404
YJR065C,YGL078C,0,2.6985826,0.14696168899536133,0.8855721354484558,0.5168584585189819
YLR244C,YAR035W,0,2.698216,0.14693742990493774,0.8855721354484558,0.516958475112915
YDR261C,YOR059C,0,2.6978755,0.14691317081451416,0.8855721354484558,0.5170585513114929
YDR082W,YCL064C,0,2.696766,0.14688892662525177,0.8855721354484558,0.517158567905426
YBR002C,YOR274W,0,2.696581,0.14686468243598938,0.8855721354484558,0.5172586441040039
YLR220W,YDR047W,0,2.6952167,0.14684045314788818,0.8855721354484558,0.517358660697937
YNR038W,YBR237W,0,2.6943185,0.14681623876094818,0.8855721354484558,0.5174587368965149
YDL210W,YCL055W,0,2.6942725,0.14679202437400818,0.8855721354484558,0.517558753490448
YML030W,YBR189W,0,2.6940436,0.14676780998706818,0.8855721354484558,0.5176588296890259
YER050C,YPL004C,0,2.6935263,0.14674361050128937,0.8855721354484558,0.5177589058876038
YHR028C,YDL045C,0,2.6933699,0.14671942591667175,0.8855721354484558,0.5178589224815369
YML107C,YPL135W,0,2.6927366,0.14669524133205414,0.8855721354484558,0.5179589986801147
YDR392W,YIL027C,0,2.6922064,0.14667105674743652,0.8855721354484558,0.5180590152740479
YLR449W,YIL126W,1,2.6919966,0.14681166410446167,0.8865671753883362,0.5180590152740479
YNL159C,YJR104C,0,2.691936,0.14678747951984406,0.8865671753883362,0.5181590914726257
YOR347C,YPL214C,0,2.6914525,0.14676329493522644,0.8865671753883362,0.5182591080665588
YKL094W,YHL016C,0,2.6913438,0.14673912525177002,0.8865671753883362,0.5183591842651367
YDR410C,YER177W,0,2.690863,0.1467149704694748,0.8865671753883362,0.5184592008590698
YNR072W,YML023C,0,2.6903346,0.14669081568717957,0.8865671753883362,0.5185592770576477
YBR097W,YPR057W,0,2.6902668,0.14666666090488434,0.8865671753883362,0.5186593532562256
YPL143W,YNL242W,0,2.6902246,0.1466425210237503,0.8865671753883362,0.5187593698501587
YLR418C,YDR419W,0,2.6892495,0.14661839604377747,0.8865671753883362,0.5188594460487366
YNL166C,YJR083C,0,2.6888824,0.14659427106380463,0.8865671753883362,0.5189594626426697
YDR109C,YOL139C,0,2.688703,0.14657016098499298,0.8865671753883362,0.5190595388412476
YNL290W,YKL060C,0,2.6886532,0.14654605090618134,0.8865671753883362,0.5191595554351807
YDL033C,YMR188C,0,2.6882753,0.14652195572853088,0.8865671753883362,0.5192596316337585
YNL088W,YOL004W,1,2.6878912,0.14666227996349335,0.8875622153282166,0.5192596316337585
YBR023C,YKL078W,0,2.6877618,0.1466381698846817,0.8875622153282166,0.5193597078323364
YCR072C,YHR001W-A,0,2.686421,0.14661407470703125,0.8875622153282166,0.5194597244262695
YJL130C,YKR089C,0,2.686165,0.1465899795293808,0.8875622153282166,0.5195598006248474
YDR347W,YOL020W,0,2.686006,0.14656588435173035,0.8875622153282166,0.5196598172187805
YOR172W,YBL103C,0,2.6857767,0.1465418040752411,0.8875622153282166,0.5197598934173584
YHR069C,YDR091C,0,2.6855412,0.14651773869991302,0.8875622153282166,0.5198599100112915
YNL304W,YEL048C,0,2.6843424,0.14649367332458496,0.8875622153282166,0.5199599862098694
YJL170C,YBR260C,0,2.6843076,0.1464696228504181,0.8875622153282166,0.5200600028038025
YER149C,YER087C-B,0,2.6841803,0.14644557237625122,0.8875622153282166,0.5201600790023804
YNL310C,YDR033W,0,2.683516,0.14642153680324554,0.8875622153282166,0.5202601552009583
YGL037C,YAL013W,0,2.6834373,0.14639750123023987,0.8875622153282166,0.5203601717948914
YJR155W,YJR065C,0,2.682918,0.14637348055839539,0.8875622153282166,0.5204602479934692
YDL107W,YLR370C,0,2.682578,0.1463494598865509,0.8875622153282166,0.5205602645874023
YER007C-A,YGL059W,0,2.6825204,0.14632545411586761,0.8875622153282166,0.5206603407859802
YHR148W,YMR033W,0,2.6822214,0.14630146324634552,0.8875622153282166,0.5207603573799133
YDR038C,YOR259C,0,2.6806412,0.14627747237682343,0.8875622153282166,0.5208604335784912
YAL011W,YLL022C,1,2.680416,0.14641743898391724,0.8885571956634521,0.5208604335784912
YNL063W,YBL052C,0,2.68027,0.14639344811439514,0.8885571956634521,0.5209605097770691
YOL109W,YLL022C,0,2.679953,0.14636944234371185,0.8885571956634521,0.5210605263710022
YEL027W,YKL028W,0,2.679155,0.14634546637535095,0.8885571956634521,0.5211606025695801
YJR010C-A,YDR148C,0,2.6790407,0.14632147550582886,0.8885571956634521,0.5212606191635132
YDR003W,YPR138C,0,2.6785731,0.14629751443862915,0.8885571956634521,0.5213606953620911
YHR136C,YPL189C-A,0,2.6776104,0.14627355337142944,0.8885571956634521,0.5214607119560242
YMR284W,YOR244W,1,2.6772335,0.14641337096691132,0.8895522356033325,0.5214607119560242
YMR005W,YDR371W,0,2.677219,0.14638939499855042,0.8895522356033325,0.521560788154602
YKL164C,YNR040W,0,2.67679,0.14636541903018951,0.8895522356033325,0.5216608047485352
YML023C,YML004C,0,2.6763892,0.1463414579629898,0.8895522356033325,0.521760880947113
YDL081C,YOR063W,0,2.6756272,0.1463175117969513,0.8895522356033325,0.5218609571456909
YER117W,YJL196C,0,2.6755643,0.14629356563091278,0.8895522356033325,0.521960973739624
YNL306W,YKR088C,0,2.6754098,0.14626963436603546,0.8895522356033325,0.5220610499382019
YMR321C,YLL055W,0,2.6751823,0.14624570310115814,0.8895522356033325,0.522161066532135
YIL115C,YMR109W,0,2.6748369,0.14622178673744202,0.8895522356033325,0.5222611427307129
YIR037W,YDL197C,0,2.674385,0.1461978703737259,0.8895522356033325,0.522361159324646
YDL246C,YGR003W,0,2.6743755,0.14617396891117096,0.8895522356033325,0.5224612355232239
YHR149C,YML095C,0,2.6740873,0.14615006744861603,0.8895522356033325,0.522561252117157
YKL145W,YDR320C-A,0,2.6732886,0.1461261808872223,0.8895522356033325,0.5226613283157349
YGR058W,YMR156C,0,2.6732626,0.14610230922698975,0.8895522356033325,0.5227614045143127
YGR037C,YOR369C,0,2.6731079,0.1460784375667572,0.8895522356033325,0.5228614211082458
YDR087C,YJL176C,0,2.672728,0.14605456590652466,0.8895522356033325,0.5229614973068237
YDR478W,YMR143W,0,2.6724887,0.1460307091474533,0.8895522356033325,0.5230615139007568
YNL145W,YML091C,0,2.6723652,0.14600685238838196,0.8895522356033325,0.5231615900993347
YBR034C,YHR171W,0,2.6719708,0.1459830105304718,0.8895522356033325,0.5232616066932678
YGL027C,YLR396C,0,2.6710224,0.14595918357372284,0.8895522356033325,0.5233616828918457
YDR436W,YLR330W,0,2.6708589,0.14593535661697388,0.8895522356033325,0.5234617590904236
YPL178W,YJL130C,0,2.670142,0.1459115445613861,0.8895522356033325,0.5235617756843567
YAL016W,YGL163C,0,2.6698942,0.14588773250579834,0.8895522356033325,0.5236618518829346
YDR009W,YNL135C,0,2.6695633,0.14586392045021057,0.8895522356033325,0.5237618684768677
YDR499W,YPL036W,0,2.6691737,0.145840123295784,0.8895522356033325,0.5238619446754456
YGL045W,YNL289W,0,2.6680245,0.14581634104251862,0.8895522356033325,0.5239619612693787
YDL112W,YER123W,0,2.6673698,0.14579255878925323,0.8895522356033325,0.5240620374679565
YDR032C,YOR221C,0,2.6671815,0.14576879143714905,0.8895522356033325,0.5241620540618896
YBL026W,YLR009W,0,2.6663728,0.14574502408504486,0.8895522356033325,0.5242621302604675
YOR351C,YDR168W,0,2.6663206,0.14572127163410187,0.8895522356033325,0.5243622064590454
YGL150C,YBL003C,1,2.665763,0.145860493183136,0.8905472755432129,0.5243622064590454
YEL050C,YOR009W,0,2.663394,0.1458367258310318,0.8905472755432129,0.5244622230529785
YLR370C,YNL101W,0,2.6625009,0.1458129733800888,0.8905472755432129,0.5245622992515564
YPR182W,YHR047C,0,2.662202,0.1457892209291458,0.8905472755432129,0.5246623158454895
YGL163C,YOL004W,1,2.6611328,0.14592833817005157,0.8915423154830933,0.5246623158454895
YGL090W,YLR427W,0,2.6596289,0.1459045708179474,0.8915423154830933,0.5247623920440674
YFL010W-A,YHR190W,0,2.6594653,0.1458808183670044,0.8915423154830933,0.5248624086380005
YOL010W,YNR052C,0,2.6589317,0.1458570659160614,0.8915423154830933,0.5249624848365784
YMR033W,YPL127C,1,2.6577425,0.14599609375,0.8925372958183289,0.5249624848365784
YGL019W,YJL073W,0,2.656979,0.145972341299057,0.8925372958183289,0.5250625610351562
YOR363C,YPL234C,0,2.6567874,0.145948588848114,0.8925372958183289,0.5251625776290894
YPR063C,YDR463W,0,2.6561632,0.14592483639717102,0.8925372958183289,0.5252626538276672
YNL250W,YJL085W,0,2.6552634,0.14590109884738922,0.8925372958183289,0.5253626704216003
YMR228W,YNL246W,0,2.654645,0.14587737619876862,0.8925372958183289,0.5254627466201782
YDR151C,YMR169C,0,2.6534727,0.145853653550148,0.8925372958183289,0.5255627632141113
YDR332W,YOL100W,0,2.6533704,0.1458299458026886,0.8925372958183289,0.5256628394126892
YOR337W,YKL170W,0,2.653306,0.1458062380552292,0.8925372958183289,0.5257628560066223
YGR252W,YML107C,0,2.6530375,0.14578254520893097,0.8925372958183289,0.5258629322052002
YBR058C-A,YHR158C,0,2.6529856,0.14575885236263275,0.8925372958183289,0.5259630084037781
YBR024W,YIL052C,0,2.6525016,0.14573517441749573,0.8925372958183289,0.5260630249977112
YPL076W,YGR081C,0,2.6524549,0.1457114964723587,0.8925372958183289,0.5261631011962891
YMR208W,YGR010W,0,2.6517544,0.14568783342838287,0.8925372958183289,0.5262631177902222
YHR194W,YLR090W,0,2.6508062,0.14566417038440704,0.8925372958183289,0.5263631939888
YKL161C,YPR122W,0,2.6500947,0.1456405222415924,0.8925372958183289,0.5264632105827332
YPL134C,YPL149W,0,2.6498718,0.14561688899993896,0.8925372958183289,0.526563286781311
YNL149C,YGR188C,0,2.6492367,0.14559324085712433,0.8925372958183289,0.5266633033752441
YDR212W,YOR237W,0,2.6489863,0.14556962251663208,0.8925372958183289,0.526763379573822
YOR109W,YPR159W,0,2.6477947,0.14554600417613983,0.8925372958183289,0.5268634557723999
YGR105W,YEL018W,0,2.6473155,0.14552238583564758,0.8925372958183289,0.526963472366333
YMR239C,YNL088W,1,2.6470582,0.14566099643707275,0.8935323357582092,0.526963472366333
YJR140C,YLR095C,1,2.6465518,0.14579954743385315,0.8945273756980896,0.526963472366333
YDR393W,YGR144W,0,2.6459212,0.1457758992910385,0.8945273756980896,0.5270635485649109
YOR322C,YOR127W,0,2.644947,0.14575226604938507,0.8945273756980896,0.527163565158844
YPR154W,YOR158W,0,2.6444619,0.14572864770889282,0.8945273756980896,0.5272636413574219
YPL204W,YKL143W,0,2.6443014,0.14570502936840057,0.8945273756980896,0.527363657951355
YLR299W,YCL055W,0,2.6435933,0.14568141102790833,0.8945273756980896,0.5274637341499329
YBR291C,YPL193W,0,2.64281,0.14565780758857727,0.8945273756980896,0.5275638103485107
YGR156W,YBR172C,0,2.6427696,0.1456342190504074,0.8945273756980896,0.5276638269424438
YNL142W,YKL195W,0,2.6420665,0.14561063051223755,0.8945273756980896,0.5277639031410217
YDR343C,YIR023W,0,2.6419377,0.1455870419740677,0.8945273756980896,0.5278639197349548
YGL027C,YGL083W,0,2.641877,0.14556346833705902,0.8945273756980896,0.5279639959335327
YJR097W,YMR033W,0,2.641724,0.14553990960121155,0.8945273756980896,0.5280640125274658
YPL240C,YPL036W,0,2.6416638,0.14551635086536407,0.8945273756980896,0.5281640887260437
YGL014W,YLR134W,0,2.6407797,0.1454927921295166,0.8945273756980896,0.5282641053199768
YDL166C,YJL196C,0,2.6400228,0.14546924829483032,0.8945273756980896,0.5283641815185547
YOR374W,YJL101C,0,2.639907,0.14544571936130524,0.8945273756980896,0.5284642577171326
YJL214W,YPR182W,0,2.6390061,0.14542219042778015,0.8945273756980896,0.5285642743110657
YFR027W,YPL127C,0,2.6389794,0.14539867639541626,0.8945273756980896,0.5286643505096436
YNL246W,YJL179W,0,2.6389647,0.14537516236305237,0.8945273756980896,0.5287643671035767
YBR105C,YGL129C,0,2.638565,0.14535166323184967,0.8945273756980896,0.5288644433021545
YIL159W,YMR173W,0,2.638465,0.14532816410064697,0.8945273756980896,0.5289644598960876
YCR002C,YDR165W,0,2.6383202,0.14530466496944427,0.8945273756980896,0.5290645360946655
YHR067W,YGR174C,0,2.637732,0.14528119564056396,0.8945273756980896,0.5291645526885986
YKR072C,YOL124C,0,2.6365361,0.14525771141052246,0.8945273756980896,0.5292646288871765
YOR259C,YCL069W,0,2.6358137,0.14523424208164215,0.8945273756980896,0.5293647050857544
YOL066C,YLR130C,0,2.635788,0.14521078765392303,0.8945273756980896,0.5294647216796875
YCR039C,YML115C,0,2.6349897,0.14518733322620392,0.8945273756980896,0.5295647978782654
YLR466W,YJR160C,0,2.634914,0.145163893699646,0.8945273756980896,0.5296648144721985
YMR177W,YBR034C,0,2.6345763,0.14514045417308807,0.8945273756980896,0.5297648906707764
YGR142W,YIL119C,0,2.6342893,0.14511702954769135,0.8945273756980896,0.5298649072647095
YLL004W,YPL127C,1,2.634162,0.14525499939918518,0.89552241563797,0.5298649072647095
YNL278W,YMR131C,0,2.6337447,0.14523155987262726,0.89552241563797,0.5299649834632874
YER056C-A,YGR122W,0,2.633626,0.14520813524723053,0.89552241563797,0.5300650596618652
YLR120C,YJR150C,0,2.6336205,0.1451847106218338,0.89552241563797,0.5301650762557983
YDL085W,YGL194C,0,2.633555,0.14516128599643707,0.89552241563797,0.5302651524543762
YKL045W,YDL007W,0,2.6332035,0.14513787627220154,0.89552241563797,0.5303651690483093
YGR037C,YJL125C,0,2.6326046,0.1451144814491272,0.89552241563797,0.5304652452468872
YGL111W,YNL288W,0,2.632539,0.14509108662605286,0.89552241563797,0.5305652618408203
YJR101W,YBL074C,0,2.6322515,0.14506769180297852,0.89552241563797,0.5306653380393982
YNL262W,YGR047C,0,2.632206,0.14504431188106537,0.89552241563797,0.5307653546333313
YPR187W,YHR096C,0,2.631577,0.14502094686031342,0.89552241563797,0.5308654308319092
YOR037W,YJR092W,0,2.6310544,0.14499758183956146,0.89552241563797,0.5309655070304871
YJR070C,YML101C,0,2.6309285,0.1449742317199707,0.89552241563797,0.5310655236244202
YHR052W,YNL274C,0,2.6308317,0.14495088160037994,0.89552241563797,0.531165599822998
YCL018W,YBR114W,0,2.6306014,0.14492753148078918,0.89552241563797,0.5312656164169312
YBR264C,YGR288W,0,2.630537,0.14490419626235962,0.89552241563797,0.531365692615509
YKL064W,YDR497C,0,2.6296644,0.14488087594509125,0.89552241563797,0.5314657092094421
YOL102C,YIL078W,0,2.6293297,0.14485755562782288,0.89552241563797,0.53156578540802
YPL226W,YGR095C,0,2.6281347,0.1448342502117157,0.89552241563797,0.5316658616065979
YLR276C,YBR026C,0,2.6278822,0.14481094479560852,0.89552241563797,0.531765878200531
YER164W,YCR075C,0,2.6278377,0.14478763937950134,0.89552241563797,0.5318659543991089
YPL028W,YLR092W,0,2.6277637,0.14476434886455536,0.89552241563797,0.531965970993042
YAL063C,YKL132C,0,2.6269484,0.14474107325077057,0.89552241563797,0.5320660471916199
YMR009W,YDR023W,0,2.6262124,0.14471779763698578,0.89552241563797,0.532166063785553
YPR110C,YOR353C,0,2.625917,0.14469453692436218,0.89552241563797,0.5322661399841309
YNL098C,YGL050W,0,2.6258807,0.1446712762117386,0.89552241563797,0.532366156578064
YNL178W,YOL030W,0,2.6258647,0.14464803040027618,0.89552241563797,0.5324662327766418
YGL137W,YGL196W,0,2.6256967,0.14462478458881378,0.89552241563797,0.5325663089752197
YDR380W,YMR168C,0,2.6251585,0.14460153877735138,0.89552241563797,0.5326663255691528
YPL074W,YOR124C,0,2.6241014,0.14457830786705017,0.89552241563797,0.5327664017677307
YGL259W,YDR080W,0,2.6228144,0.14455509185791016,0.89552241563797,0.5328664183616638
YAL007C,YER086W,0,2.6223133,0.14453187584877014,0.89552241563797,0.5329664945602417
YGR258C,YGL018C,0,2.622161,0.14450867474079132,0.89552241563797,0.5330665111541748
YPL129W,YGL150C,1,2.6218972,0.14464600384235382,0.8965173959732056,0.5330665111541748
YDR034C,YMR287C,0,2.621128,0.1446227878332138,0.8965173959732056,0.5331665873527527
YLL062C,YHR129C,0,2.6211238,0.14459958672523499,0.8965173959732056,0.5332666039466858
YKL007W,YCL031C,0,2.620544,0.14457638561725616,0.8965173959732056,0.5333666801452637
YBR058C-A,YLR239C,0,2.6204214,0.14455318450927734,0.8965173959732056,0.5334667563438416
YLR350W,YPL006W,0,2.6198683,0.14452999830245972,0.8965173959732056,0.5335667729377747
YGR103W,YER180C,0,2.619698,0.1445068120956421,0.8965173959732056,0.5336668491363525
YPR010C,YDL119C,0,2.6193523,0.14448364078998566,0.8965173959732056,0.5337668657302856
YMR229C,YGL232W,0,2.6186762,0.14446048438549042,0.8965173959732056,0.5338669419288635
YKL198C,YDR499W,0,2.618109,0.14443731307983398,0.8965173959732056,0.5339669585227966
YGL155W,YOR096W,0,2.6175804,0.14441417157649994,0.8965173959732056,0.5340670347213745
YLR386W,YNL287W,0,2.6168468,0.1443910300731659,0.8965173959732056,0.5341671109199524
YGR288W,YOR272W,0,2.616692,0.14436788856983185,0.8965173959732056,0.5342671275138855
YDR021W,YBL051C,0,2.616572,0.144344761967659,0.8965173959732056,0.5343672037124634
YCL001W,YPR105C,0,2.6165183,0.14432163536548615,0.8965173959732056,0.5344672203063965
YGR224W,YNL145W,0,2.6160402,0.1442985236644745,0.8965173959732056,0.5345672965049744
YBR080C,YEL054C,0,2.6156664,0.14427542686462402,0.8965173959732056,0.5346673130989075
YLR139C,YNR028W,0,2.6156158,0.14425231516361237,0.8965173959732056,0.5347673892974854
YLR439W,YGL090W,0,2.6155949,0.1442292332649231,0.8965173959732056,0.5348674058914185
YMR284W,YMR190C,1,2.6155095,0.14436618983745575,0.8975124359130859,0.5348674058914185
YNR028W,YMR128W,0,2.61539,0.14434309303760529,0.8975124359130859,0.5349674820899963
YBL061C,YJL158C,0,2.6153173,0.14431999623775482,0.8975124359130859,0.5350675582885742
YKL171W,YOR001W,0,2.6148753,0.14429691433906555,0.8975124359130859,0.5351675748825073
YBR299W,YPR113W,0,2.6148496,0.14427383244037628,0.8975124359130859,0.5352676510810852
YDR358W,YCL063W,0,2.6136584,0.1442507654428482,0.8975124359130859,0.5353676676750183
YEL051W,YNL251C,0,2.6130767,0.14422769844532013,0.8975124359130859,0.5354677438735962
YGL192W,YHR081W,0,2.6115932,0.14420463144779205,0.8975124359130859,0.5355677604675293
YHR181W,YHR209W,0,2.611208,0.14418157935142517,0.8975124359130859,0.5356678366661072
YGR180C,YOR326W,0,2.6108408,0.14415854215621948,0.8975124359130859,0.5357679128646851
YLR055C,YGL163C,1,2.610255,0.14429530501365662,0.8985074758529663,0.5357679128646851
YNL282W,YGL189C,0,2.6099067,0.14427225291728973,0.8985074758529663,0.5358679294586182
YKL155C,YNL016W,0,2.6096885,0.14424920082092285,0.8985074758529663,0.535968005657196
YGL251C,YKL029C,0,2.6086664,0.14422616362571716,0.8985074758529663,0.5360680222511292
YDR362C,YDR371W,0,2.6082954,0.14420312643051147,0.8985074758529663,0.536168098449707
YBR160W,YAL058W,0,2.6078126,0.14418010413646698,0.8985074758529663,0.5362681150436401
YKR052C,YDR501W,0,2.6057546,0.14415708184242249,0.8985074758529663,0.536368191242218
YOR189W,YBL087C,0,2.6055627,0.14413407444953918,0.8985074758529663,0.5364682078361511
YLR079W,YCR020C,0,2.605092,0.14411108195781708,0.8985074758529663,0.536568284034729
YJR153W,YIR012W,0,2.604704,0.14408807456493378,0.8985074758529663,0.5366683602333069
YKR103W,YPR055W,0,2.604641,0.14406509697437286,0.8985074758529663,0.53676837682724
YOR271C,YBR094W,0,2.6024225,0.14404211938381195,0.8985074758529663,0.5368684530258179
YJL221C,YML071C,0,2.601919,0.14401914179325104,0.8985074758529663,0.536968469619751
YDR530C,YNL288W,0,2.601272,0.14399617910385132,0.8985074758529663,0.5370685458183289
YPR102C,YGR246C,0,2.601222,0.1439732164144516,0.8985074758529663,0.537168562412262
YPL137C,YAL041W,0,2.6003566,0.14395026862621307,0.8985074758529663,0.5372686386108398
YBR091C,YOL136C,0,2.5999727,0.14392732083797455,0.8985074758529663,0.537368655204773
YNL063W,YBR247C,0,2.5997994,0.14390438795089722,0.8985074758529663,0.5374687314033508
YGL053W,YGR086C,0,2.599657,0.14388145506381989,0.8985074758529663,0.5375688076019287
YCR010C,YDL146W,0,2.599246,0.14385853707790375,0.8985074758529663,0.5376688241958618
YGL111W,YJL001W,0,2.5990944,0.1438356190919876,0.8985074758529663,0.5377689003944397
YGR245C,YDL056W,0,2.5985024,0.14381271600723267,0.8985074758529663,0.5378689169883728
YLR191W,YDR388W,0,2.5979695,0.14378981292247772,0.8985074758529663,0.5379689931869507
YFR031C-A,YJR070C,0,2.5972004,0.14376690983772278,0.8985074758529663,0.5380690097808838
YNL049C,YGR026W,0,2.5966618,0.14374403655529022,0.8985074758529663,0.5381690859794617
YLR385C,YLR285W,1,2.5959983,0.14388030767440796,0.8995025157928467,0.5381690859794617
YHR132C,YML031W,0,2.5957036,0.1438574194908142,0.8995025157928467,0.5382691621780396
YDL166C,YFR041C,0,2.5956056,0.14383453130722046,0.8995025157928467,0.5383691787719727
YML027W,YHR017W,0,2.5955844,0.1438116431236267,0.8995025157928467,0.5384692549705505
YBR281C,YIL078W,0,2.595323,0.14378876984119415,0.8995025157928467,0.5385692715644836
YGR221C,YBR060C,1,2.5952926,0.14392493665218353,0.9004974961280823,0.5385692715644836
YBR091C,YOR059C,0,2.5936198,0.14390204846858978,0.9004974961280823,0.5386693477630615
YIL046W,YDL056W,0,2.5929155,0.14387917518615723,0.9004974961280823,0.5387693643569946
YER015W,YDR389W,0,2.5927396,0.14385630190372467,0.9004974961280823,0.5388694405555725
YDR496C,YOL069W,0,2.592585,0.1438334435224533,0.9004974961280823,0.5389694571495056
YHR205W,YOR085W,0,2.5925488,0.14381058514118195,0.9004974961280823,0.5390695333480835
YER014C-A,YOR216C,0,2.5916948,0.14378774166107178,0.9004974961280823,0.5391696095466614
YML012W,YLR048W,0,2.5914285,0.1437648981809616,0.9004974961280823,0.5392696261405945
YKL143W,YLR251W,0,2.5913825,0.14374205470085144,0.9004974961280823,0.5393697023391724
YCR093W,YMR043W,0,2.5909045,0.14371922612190247,0.9004974961280823,0.5394697189331055
YBR289W,YNL107W,1,2.5908437,0.14385519921779633,0.9014925360679626,0.5394697189331055
YDR100W,YGR062C,0,2.5904007,0.14383235573768616,0.9014925360679626,0.5395697951316833
YMR264W,YAL028W,0,2.5895286,0.14380952715873718,0.9014925360679626,0.5396698117256165
YGL227W,YML095C,0,2.5886245,0.1437866985797882,0.9014925360679626,0.5397698879241943
YIR004W,YOR046C,0,2.5884738,0.14376388490200043,0.9014925360679626,0.5398699641227722
YNL298W,YKL195W,0,2.587841,0.14374107122421265,0.9014925360679626,0.5399699807167053
YOR036W,YHR088W,0,2.5872846,0.14371827244758606,0.9014925360679626,0.5400700569152832
YOR221C,YBR237W,0,2.5870266,0.14369547367095947,0.9014925360679626,0.5401700735092163
YLR450W,YOR216C,0,2.5867133,0.14367268979549408,0.9014925360679626,0.5402701497077942
YBR006W,YOR279C,0,2.58667,0.1436499059200287,0.9014925360679626,0.5403701663017273
YNL142W,YMR009W,0,2.5861192,0.1436271369457245,0.9014925360679626,0.5404702425003052
YOL082W,YFL017W-A,0,2.5860858,0.1436043679714203,0.9014925360679626,0.5405702590942383
YBR189W,YNL289W,0,2.5859058,0.14358161389827728,0.9014925360679626,0.5406703352928162
YPR198W,YOR179C,0,2.5858378,0.14355885982513428,0.9014925360679626,0.540770411491394
YDL008W,YAR031W,0,2.5858207,0.14353612065315247,0.9014925360679626,0.5408704280853271
YPL155C,YMR163C,0,2.5858035,0.14351338148117065,0.9014925360679626,0.540970504283905
YLL001W,YPR105C,0,2.5857534,0.14349065721035004,0.9014925360679626,0.5410705208778381
YMR215W,YKR100C,0,2.5846977,0.14346793293952942,0.9014925360679626,0.541170597076416
YML042W,YOR377W,0,2.5839877,0.14344522356987,0.9014925360679626,0.5412706136703491
YMR008C,YNL236W,0,2.5837946,0.14342251420021057,0.9014925360679626,0.541370689868927
YDL240W,YKL078W,0,2.5833807,0.14339980483055115,0.9014925360679626,0.5414707064628601
YDL127W,YCR106W,0,2.5807319,0.14337711036205292,0.9014925360679626,0.541570782661438
YDR437W,YKL206C,0,2.5802097,0.14335443079471588,0.9014925360679626,0.5416708588600159
YKR009C,YOR179C,0,2.5799441,0.14333175122737885,0.9014925360679626,0.541770875453949
YGR082W,YGR200C,0,2.5797904,0.143309086561203,0.9014925360679626,0.5418709516525269
YJL158C,YNL145W,0,2.5789526,0.14328642189502716,0.9014925360679626,0.54197096824646
YGR260W,YOL105C,0,2.5788636,0.14326375722885132,0.9014925360679626,0.5420710444450378
YER149C,YOL009C,0,2.5768585,0.14324110746383667,0.9014925360679626,0.542171061038971
YHR013C,YPR057W,0,2.5752091,0.14321845769882202,0.9014925360679626,0.5422711372375488
YBR181C,YOL011W,0,2.5750735,0.14319582283496857,0.9014925360679626,0.5423712134361267
YDL060W,YPL089C,0,2.5745354,0.1431732028722763,0.9014925360679626,0.5424712300300598
YOR068C,YHR010W,0,2.574473,0.14315058290958405,0.9014925360679626,0.5425713062286377
YIL171W,YLR088W,0,2.5733488,0.14312796294689178,0.9014925360679626,0.5426713228225708
YJL087C,YER093C,0,2.5722547,0.14310535788536072,0.9014925360679626,0.5427713990211487
YKL194C,YOR237W,0,2.5721834,0.14308275282382965,0.9014925360679626,0.5428714156150818
YOR250C,YIL035C,0,2.5716362,0.14306016266345978,0.9014925360679626,0.5429714918136597
YOR132W,YPR111W,0,2.571589,0.1430375725030899,0.9014925360679626,0.5430715084075928
YJR010W,YIL075C,0,2.570544,0.14301499724388123,0.9014925360679626,0.5431715846061707
YBL014C,YGR112W,0,2.5702693,0.14299242198467255,0.9014925360679626,0.5432716608047485
YJL097W,YGR046W,0,2.5701885,0.14296986162662506,0.9014925360679626,0.5433716773986816
YER117W,YOR068C,0,2.5699697,0.14294730126857758,0.9014925360679626,0.5434717535972595
YDL128W,YDL076C,0,2.5692635,0.14292475581169128,0.9014925360679626,0.5435717701911926
YGL045W,YMR234W,0,2.5688903,0.142902210354805,0.9014925360679626,0.5436718463897705
YML101C,YHR207C,0,2.5687819,0.1428796648979187,0.9014925360679626,0.5437718629837036
YAL003W,YOR355W,0,2.5683694,0.1428571492433548,0.9014925360679626,0.5438719391822815
YPL262W,YOL023W,0,2.5677257,0.1428346186876297,0.9014925360679626,0.5439720153808594
YNR045W,YOL112W,0,2.5676346,0.1428121030330658,0.9014925360679626,0.5440720319747925
YGL058W,YHR171W,0,2.5675309,0.14278960227966309,0.9014925360679626,0.5441721081733704
YMR284W,YKL049C,1,2.5664368,0.14292468130588531,0.902487576007843,0.5441721081733704
YHR143W,YKR044W,0,2.5658605,0.1429021656513214,0.902487576007843,0.5442721247673035
YGR047C,YDR490C,0,2.5656695,0.1428796499967575,0.902487576007843,0.5443722009658813
YIL118W,YOL109W,0,2.56486,0.1428571492433548,0.902487576007843,0.5444722175598145
YOR250C,YNL289W,0,2.563929,0.1428346484899521,0.902487576007843,0.5445722937583923
YDR174W,YHR088W,0,2.5625682,0.14281216263771057,0.902487576007843,0.5446723103523254
YPL092W,YPR134W,0,2.56149,0.14278967678546906,0.902487576007843,0.5447723865509033
YNR019W,YLR098C,0,2.5612545,0.14276719093322754,0.902487576007843,0.5448724627494812
YHL006C,YNR003C,0,2.5607235,0.1427447348833084,0.902487576007843,0.5449724793434143
YKR049C,YMR183C,0,2.5595279,0.1427222639322281,0.902487576007843,0.5450725555419922
YPL038W,YPL176C,0,2.5586805,0.14269980788230896,0.902487576007843,0.5451725721359253
YOR136W,YOR162C,0,2.5577092,0.14267736673355103,0.902487576007843,0.5452726483345032
YDR532C,YLR370C,0,2.5575325,0.1426549255847931,0.902487576007843,0.5453726649284363
YBR254C,YNL131W,0,2.5572157,0.14263248443603516,0.902487576007843,0.5454727411270142
YBL087C,YPR171W,0,2.5571363,0.14261005818843842,0.902487576007843,0.5455727577209473
YOR298W,YLR268W,0,2.5569234,0.14258764684200287,0.902487576007843,0.5456728339195251
YNL232W,YAL030W,0,2.556909,0.14256523549556732,0.902487576007843,0.545772910118103
YOL019W,YGL210W,0,2.5565681,0.14254282414913177,0.902487576007843,0.5458729267120361
YJR033C,YDR234W,0,2.5562072,0.14252042770385742,0.902487576007843,0.545973002910614
YHR164C,YPL060W,0,2.5558805,0.14249803125858307,0.902487576007843,0.5460730195045471
YKL004W,YOL132W,0,2.5556586,0.1424756497144699,0.902487576007843,0.546173095703125
YOR273C,YKR056W,0,2.555086,0.14245326817035675,0.902487576007843,0.5462731122970581
YGL058W,YDR330W,0,2.5550466,0.14243090152740479,0.902487576007843,0.546373188495636
YKL062W,YPL171C,0,2.5543764,0.14240853488445282,0.902487576007843,0.5464732646942139
YOR145C,YGL071W,0,2.5540097,0.14238618314266205,0.902487576007843,0.546573281288147
YOL093W,YJL179W,0,2.553978,0.14236383140087128,0.902487576007843,0.5466733574867249
YOR089C,YNL180C,0,2.553814,0.1423414945602417,0.902487576007843,0.546773374080658
YNL062C,YDR470C,0,2.5526507,0.14231915771961212,0.902487576007843,0.5468734502792358
YEL031W,YIL013C,0,2.5521905,0.14229683578014374,0.902487576007843,0.546973466873169
YER044C-A,YAL017W,0,2.5516305,0.14227451384067535,0.902487576007843,0.5470735430717468
YLR432W,YKL085W,0,2.5513687,0.14225219190120697,0.902487576007843,0.5471735596656799
YKL172W,YHR211W,0,2.5507073,0.14222988486289978,0.902487576007843,0.5472736358642578
YKL062W,YHR051W,0,2.5500505,0.14220759272575378,0.902487576007843,0.5473737120628357
YMR026C,YGL219C,0,2.5496347,0.1421853005886078,0.902487576007843,0.5474737286567688
YGR077C,YLL043W,0,2.5495038,0.1421630084514618,0.902487576007843,0.5475738048553467
YGR178C,YBL025W,0,2.5494428,0.142140731215477,0.902487576007843,0.5476738214492798
YHR142W,YOL002C,0,2.5493708,0.1421184539794922,0.902487576007843,0.5477738976478577
YER117W,YMR168C,0,2.5482297,0.14209619164466858,0.902487576007843,0.5478739142417908
YDL179W,YDL039C,0,2.5481277,0.14207392930984497,0.902487576007843,0.5479739904403687
YEL017C-A,YMR203W,0,2.5477285,0.14205168187618256,0.902487576007843,0.5480740666389465
YOR201C,YLR223C,0,2.547477,0.14202943444252014,0.902487576007843,0.5481740832328796
YPL051W,YOL052C,0,2.54703,0.14200720191001892,0.902487576007843,0.5482741594314575
YDL117W,YJL128C,0,2.5466428,0.1419849693775177,0.902487576007843,0.5483741760253906
YDL166C,YKR079C,0,2.5466425,0.14196275174617767,0.902487576007843,0.5484742522239685
YPL105C,YOR212W,0,2.5465107,0.14194053411483765,0.902487576007843,0.5485742688179016
YDR456W,YJR013W,0,2.545941,0.14191831648349762,0.902487576007843,0.5486743450164795
YIL111W,YMR025W,0,2.5453534,0.1418961137533188,0.902487576007843,0.5487743616104126
YFR021W,YML081C-A,0,2.5450459,0.14187392592430115,0.902487576007843,0.5488744378089905
YER114C,YML004C,0,2.5442219,0.1418517380952835,0.902487576007843,0.5489745140075684
YMR211W,YDL046W,0,2.5438766,0.14182955026626587,0.902487576007843,0.5490745306015015
YDR390C,YIL002C,0,2.5437686,0.14180737733840942,0.902487576007843,0.5491746068000793
YJL158C,YHR047C,0,2.5437667,0.14178520441055298,0.902487576007843,0.5492746233940125
YGR029W,YBR176W,0,2.5429554,0.14176304638385773,0.902487576007843,0.5493746995925903
YIL008W,YMR013C,0,2.542805,0.14174090325832367,0.902487576007843,0.5494747161865234
YLR190W,YDR064W,0,2.542457,0.14171874523162842,0.902487576007843,0.5495747923851013
YGL196W,YDR044W,0,2.542389,0.14169661700725555,0.902487576007843,0.5496748089790344
YJL180C,YNR067C,0,2.5419555,0.1416744738817215,0.902487576007843,0.5497748851776123
YPL087W,YJL073W,0,2.5413594,0.14165234565734863,0.902487576007843,0.5498749613761902
YOL144W,YOR237W,0,2.541245,0.14163023233413696,0.902487576007843,0.5499749779701233
YMR016C,YLR276C,0,2.540814,0.1416081190109253,0.902487576007843,0.5500750541687012
YEL038W,YBR296C,0,2.5393505,0.14158600568771362,0.902487576007843,0.5501750707626343
YGR189C,YGL178W,0,2.5390213,0.14156390726566315,0.902487576007843,0.5502751469612122
YKR101W,YOL004W,1,2.538729,0.14169788360595703,0.9034826159477234,0.5502751469612122
YKL010C,YNL273W,0,2.5386057,0.14167577028274536,0.9034826159477234,0.5503751635551453
YIL136W,YPL112C,0,2.5382032,0.14165367186069489,0.9034826159477234,0.5504752397537231
YCR060W,YLR015W,0,2.5381465,0.1416315734386444,0.9034826159477234,0.550575315952301
YDL042C,YGR275W,1,2.5379977,0.14176544547080994,0.904477596282959,0.550575315952301
YDR456W,YBL055C,0,2.5375748,0.14174333214759827,0.904477596282959,0.5506753325462341
YOR316C,YHR069C,0,2.5371904,0.1417212337255478,0.904477596282959,0.550775408744812
YHL040C,YER162C,0,2.5370755,0.14169913530349731,0.904477596282959,0.5508754253387451
YFL057C,YOR116C,0,2.535241,0.14167705178260803,0.904477596282959,0.550975501537323
YBR237W,YHR175W,0,2.5345857,0.14165498316287994,0.904477596282959,0.5510755181312561
YML012W,YDR146C,0,2.5343354,0.14163291454315186,0.904477596282959,0.551175594329834
YKR048C,YLR103C,1,2.534196,0.14176663756370544,0.9054726362228394,0.551175594329834
YDR372C,YNR030W,0,2.5341284,0.14174455404281616,0.9054726362228394,0.5512756109237671
YIR009W,YCR107W,0,2.5341144,0.14172247052192688,0.9054726362228394,0.551375687122345
YDR361C,YBR131W,0,2.532557,0.1417004019021988,0.9054726362228394,0.5514757633209229
YJR053W,YJL103C,0,2.5324397,0.1416783481836319,0.9054726362228394,0.551575779914856
YGL019W,YLR215C,0,2.532319,0.141656294465065,0.9054726362228394,0.5516758561134338
YDR383C,YAR019C,0,2.532091,0.1416342407464981,0.9054726362228394,0.5517758727073669
YHR051W,YNR035C,0,2.531611,0.1416122019290924,0.9054726362228394,0.5518759489059448
YBL038W,YMR163C,0,2.5315456,0.1415901631116867,0.9054726362228394,0.5519759654998779
YDR244W,YBL098W,0,2.5314136,0.1415681391954422,0.9054726362228394,0.5520760416984558
YOR089C,YHR008C,0,2.5310812,0.1415461152791977,0.9054726362228394,0.5521760582923889
YIL083C,YLR164W,0,2.530748,0.14152410626411438,0.9054726362228394,0.5522761344909668
YOR250C,YPL104W,0,2.5303783,0.14150209724903107,0.9054726362228394,0.5523762106895447
YLR038C,YLR285W,0,2.529711,0.14148010313510895,0.9054726362228394,0.5524762272834778
YGL168W,YDR523C,0,2.5293918,0.14145810902118683,0.9054726362228394,0.5525763034820557
YPL085W,YEL052W,0,2.5291662,0.1414361149072647,0.9054726362228394,0.5526763200759888
YHL035C,YJR083C,0,2.5288017,0.14141413569450378,0.9054726362228394,0.5527763962745667
YOL019W,YDL093W,0,2.5286245,0.14139217138290405,0.9054726362228394,0.5528764128684998
YPR098C,YGR214W,0,2.528164,0.14137020707130432,0.9054726362228394,0.5529764890670776
YHR070W,YGR162W,0,2.5271912,0.1413482427597046,0.9054726362228394,0.5530765652656555
YPR143W,YDR406W,0,2.5250828,0.14132629334926605,0.9054726362228394,0.5531765818595886
YFL037W,YJR004C,0,2.5250087,0.14130434393882751,0.9054726362228394,0.5532766580581665
YLR386W,YPL147W,0,2.5244074,0.14128240942955017,0.9054726362228394,0.5533766746520996
YOR206W,YLR327C,0,2.5242429,0.14126047492027283,0.9054726362228394,0.5534767508506775
YPR054W,YOR016C,0,2.5237427,0.14123855531215668,0.9054726362228394,0.5535767674446106
YIL124W,YOL142W,0,2.5227277,0.14121663570404053,0.9054726362228394,0.5536768436431885
YLR118C,YIR004W,0,2.5220149,0.14119473099708557,0.9054726362228394,0.5537768602371216
YDL138W,YPL094C,0,2.5216227,0.14117282629013062,0.9054726362228394,0.5538769364356995
YGL070C,YML042W,0,2.5203388,0.14115092158317566,0.9054726362228394,0.5539770126342773
YPL145C,YOR341W,0,2.5199766,0.1411290317773819,0.9054726362228394,0.5540770292282104
YLR324W,YPR162C,0,2.5192404,0.14110714197158813,0.9054726362228394,0.5541771054267883
YPL038W,YNR059W,0,2.5186753,0.14108526706695557,0.9054726362228394,0.5542771220207214
YLR055C,YKR053C,0,2.5185194,0.1410634070634842,0.9054726362228394,0.5543771982192993
YGR101W,YGL045W,0,2.518342,0.14104153215885162,0.9054726362228394,0.5544772148132324
YPR007C,YBR176W,0,2.5175767,0.14101968705654144,0.9054726362228394,0.5545772910118103
YLL003W,YOL124C,0,2.5174994,0.14099782705307007,0.9054726362228394,0.5546773672103882
YDR012W,YBR153W,0,2.5174227,0.1409759819507599,0.9054726362228394,0.5547773838043213
YKL067W,YJL212C,0,2.5163894,0.1409541517496109,0.9054726362228394,0.5548774600028992
YCL034W,YNL020C,0,2.515222,0.14093232154846191,0.9054726362228394,0.5549774765968323
YML065W,YIL150C,1,2.5150304,0.1410653442144394,0.9064676761627197,0.5549774765968323
YOR036W,YLR073C,0,2.5147998,0.1410434991121292,0.9064676761627197,0.5550775527954102
YPR010C,YGR185C,0,2.5147367,0.14102166891098022,0.9064676761627197,0.5551775693893433
YMR246W,YDR039C,0,2.5145662,0.14099983870983124,0.9064676761627197,0.5552776455879211
YDR069C,YGR010W,0,2.5136683,0.14097802340984344,0.9064676761627197,0.5553776621818542
YDR483W,YOL028C,0,2.5127459,0.14095620810985565,0.9064676761627197,0.5554777383804321
YLR107W,YPL253C,0,2.512713,0.14093440771102905,0.9064676761627197,0.55557781457901
YJL141C,YGL107C,0,2.5122771,0.14091260731220245,0.9064676761627197,0.5556778311729431
YIL128W,YMR034C,0,2.5116556,0.14089080691337585,0.9064676761627197,0.555777907371521
YGR225W,YPR081C,0,2.5115364,0.14086902141571045,0.9064676761627197,0.5558779239654541
YOR004W,YMR257C,0,2.5114026,0.14084725081920624,0.9064676761627197,0.555978000164032
YGR112W,YDR465C,0,2.51125,0.14082548022270203,0.9064676761627197,0.5560780167579651
YBR043C,YDR304C,0,2.511239,0.14080370962619781,0.9064676761627197,0.556178092956543
YOL145C,YMR034C,0,2.510913,0.1407819539308548,0.9064676761627197,0.5562781095504761
YKL174C,YHR012W,0,2.5099332,0.14076019823551178,0.9064676761627197,0.556378185749054
YBR301W,YER007C-A,0,2.509716,0.14073845744132996,0.9064676761627197,0.5564782619476318
YLR394W,YJL053W,0,2.509668,0.14071671664714813,0.9064676761627197,0.5565782785415649
YCL017C,YDR111C,0,2.509347,0.1406949758529663,0.9064676761627197,0.5566783547401428
YJR066W,YOL156W,0,2.5073943,0.14067324995994568,0.9064676761627197,0.5567783713340759
YBR212W,YMR026C,0,2.5073657,0.14065153896808624,0.9064676761627197,0.5568784475326538
YGL119W,YDR389W,0,2.5068078,0.1406298279762268,0.9064676761627197,0.5569784641265869
YDR280W,YDL047W,0,2.5065105,0.14060811698436737,0.9064676761627197,0.5570785403251648
YMR089C,YMR133W,0,2.5058408,0.14058642089366913,0.9064676761627197,0.5571786165237427
YGL111W,YLR142W,0,2.5051498,0.1405647248029709,0.9064676761627197,0.5572786331176758
YJR158W,YDR498C,0,2.5044122,0.14054304361343384,0.9064676761627197,0.5573787093162537
YJL053W,YNL284C,0,2.503994,0.1405213624238968,0.9064676761627197,0.5574787259101868
YOR201C,YDR378C,0,2.5036867,0.14049969613552094,0.9064676761627197,0.5575788021087646
YMR053C,YML132W,0,2.5021372,0.14047802984714508,0.9064676761627197,0.5576788187026978
YOL090W,YDL197C,1,2.5013766,0.14061054587364197,0.9074627161026001,0.5576788187026978
YBR058C-A,YNL314W,0,2.5011802,0.14058886468410492,0.9074627161026001,0.5577788949012756
YDR126W,YDR422C,0,2.500914,0.14056719839572906,0.9074627161026001,0.5578789114952087
YLR100W,YER093C,0,2.5001993,0.1405455321073532,0.9074627161026001,0.5579789876937866
YDR273W,YDR468C,0,2.5000737,0.14052388072013855,0.9074627161026001,0.5580790638923645
YIL154C,YGL158W,0,2.4999719,0.1405022293329239,0.9074627161026001,0.5581790804862976
YER095W,YHR206W,0,2.4998555,0.14048059284687042,0.9074627161026001,0.5582791566848755
YNL247W,YJR149W,0,2.4998548,0.14045895636081696,0.9074627161026001,0.5583791732788086
YGR221C,YDR310C,1,2.4991782,0.1405913084745407,0.9084576964378357,0.5583791732788086
YER089C,YFR049W,0,2.4978297,0.14056967198848724,0.9084576964378357,0.5584792494773865
YDR238C,YEL040W,0,2.497423,0.14054803550243378,0.9084576964378357,0.5585792660713196
YJR135W-A,YIL030C,0,2.497105,0.1405263990163803,0.9084576964378357,0.5586793422698975
YER060W-A,YIL027C,0,2.4968927,0.14050477743148804,0.9084576964378357,0.5587794184684753
YKL099C,YHR081W,0,2.4964209,0.14048315584659576,0.9084576964378357,0.5588794350624084
YDR110W,YMR015C,0,2.496186,0.1404615342617035,0.9084576964378357,0.5589795112609863
YBR037C,YMR246W,0,2.4961793,0.1404399275779724,0.9084576964378357,0.5590795278549194
YMR263W,YBR089C-A,1,2.4955187,0.14057213068008423,0.9094527363777161,0.5590795278549194
YGR006W,YOL080C,0,2.495306,0.14055050909519196,0.9094527363777161,0.5591796040534973
YHR105W,YPL019C,0,2.4952886,0.14052890241146088,0.9094527363777161,0.5592796206474304
YLR315W,YPR048W,0,2.4950461,0.1405072957277298,0.9094527363777161,0.5593796968460083
YFL013C,YML069W,1,2.4949408,0.14063940942287445,0.9104477763175964,0.5593796968460083
YJL192C,YNL318C,0,2.493143,0.14061780273914337,0.9104477763175964,0.5594797134399414
YLR107W,YPR184W,0,2.4924827,0.1405961960554123,0.9104477763175964,0.5595797896385193
YMR250W,YGR235C,0,2.4917154,0.1405745893716812,0.9104477763175964,0.5596798658370972
YLR396C,YJL191W,0,2.4912767,0.14055299758911133,0.9104477763175964,0.5597798824310303
YFL029C,YPL100W,0,2.4911127,0.14053140580654144,0.9104477763175964,0.5598799586296082
YNL091W,YFL045C,0,2.4906473,0.14050982892513275,0.9104477763175964,0.5599799752235413
YLR068W,YKL015W,0,2.489422,0.14048825204372406,0.9104477763175964,0.5600800514221191
YGR189C,YPR167C,0,2.489167,0.14046669006347656,0.9104477763175964,0.5601800680160522
YBR281C,YDR150W,0,2.4887705,0.14044512808322906,0.9104477763175964,0.5602801442146301
YHR164C,YOR257W,0,2.48874,0.14042356610298157,0.9104477763175964,0.5603801608085632
YER099C,YLR315W,0,2.4882822,0.14040201902389526,0.9104477763175964,0.5604802370071411
YOL116W,YML127W,0,2.4876492,0.14038048684597015,0.9104477763175964,0.560580313205719
YPR037C,YPR175W,0,2.4871278,0.14035895466804504,0.9104477763175964,0.5606803297996521
YBR088C,YCR020W-B,1,2.486993,0.1404908001422882,0.911442756652832,0.5606803297996521
YBR037C,YJR092W,0,2.4867551,0.1404692530632019,0.911442756652832,0.56078040599823
YOR065W,YJR050W,0,2.4864876,0.1404477208852768,0.911442756652832,0.5608804225921631
YOR069W,YLR090W,0,2.4862642,0.14042618870735168,0.911442756652832,0.560980498790741
YMR183C,YBL024W,0,2.4850569,0.14040465652942657,0.911442756652832,0.5610805153846741
YPL117C,YML009C,0,2.484417,0.14038313925266266,0.911442756652832,0.561180591583252
YPL090C,YOR301W,0,2.4841988,0.14036163687705994,0.911442756652832,0.5612806677818298
YGL004C,YDR322W,0,2.483797,0.14034011960029602,0.911442756652832,0.5613806843757629
YLR061W,YOR127W,0,2.482944,0.1403186321258545,0.911442756652832,0.5614807605743408
YKR101W,YBR294W,0,2.4824724,0.14029712975025177,0.911442756652832,0.5615807771682739
YDR508C,YOL147C,0,2.4812808,0.14027565717697144,0.911442756652832,0.5616808533668518
YPR174C,YPL022W,0,2.4796877,0.1402541697025299,0.911442756652832,0.5617808699607849
YCL029C,YIL119C,0,2.479672,0.14023269712924957,0.911442756652832,0.5618809461593628
YOL124C,YOR270C,0,2.4795802,0.14021123945713043,0.911442756652832,0.5619809627532959
YGR262C,YJR034W,0,2.4794464,0.1401897817850113,0.911442756652832,0.5620810389518738
YKL183W,YMR176W,0,2.479105,0.14016832411289215,0.911442756652832,0.5621811151504517
YBL014C,YJL164C,0,2.4787726,0.1401468813419342,0.911442756652832,0.5622811317443848
YDR226W,YJR131W,0,2.477886,0.14012543857097626,0.911442756652832,0.5623812079429626
YJL214W,YNL156C,0,2.4774609,0.1401040107011795,0.911442756652832,0.5624812245368958
YBR048W,YCR075C,0,2.4772964,0.14008258283138275,0.911442756652832,0.5625813007354736
YDL185W,YLR088W,0,2.4768386,0.140061154961586,0.911442756652832,0.5626813173294067
YJL200C,YDR256C,0,2.476655,0.14003974199295044,0.911442756652832,0.5627813935279846
YPR189W,YOR192C,0,2.4766524,0.14001834392547607,0.911442756652832,0.5628814697265625
YHL011C,YLR151C,0,2.4763978,0.1399969458580017,0.911442756652832,0.5629814863204956
YMR193W,YDR032C,0,2.4748406,0.13997554779052734,0.911442756652832,0.5630815625190735
YGL192W,YDR398W,0,2.4738903,0.13995416462421417,0.911442756652832,0.5631815791130066
YBR173C,YDR383C,0,2.4738753,0.139932781457901,0.911442756652832,0.5632816553115845
YKL172W,YGR181W,0,2.4736185,0.13991141319274902,0.911442756652832,0.5633816719055176
YLR238W,YJR063W,0,2.4735441,0.13989004492759705,0.911442756652832,0.5634817481040955
YIR026C,YNL131W,0,2.4735227,0.13986867666244507,0.911442756652832,0.5635817646980286
YNL180C,YOL011W,0,2.4734936,0.13984732329845428,0.911442756652832,0.5636818408966064
YHR060W,YOL103W,0,2.473112,0.1398259848356247,0.911442756652832,0.5637819170951843
YNL212W,YJR139C,0,2.4721308,0.1398046463727951,0.911442756652832,0.5638819336891174
YER114C,YEL006W,0,2.4718523,0.13978330790996552,0.911442756652832,0.5639820098876953
YBR191W,YOR079C,0,2.4717207,0.13976198434829712,0.911442756652832,0.5640820264816284
YDL164C,YOR090C,0,2.4708028,0.13974066078662872,0.911442756652832,0.5641821026802063
YIR037W,YLR380W,0,2.4705446,0.13971933722496033,0.911442756652832,0.5642821192741394
YIL075C,YLR019W,0,2.4699147,0.13969802856445312,0.911442756652832,0.5643821954727173
YHR056C,YNR043W,0,2.4676566,0.13967673480510712,0.911442756652832,0.5644822120666504
YIL026C,YPL198W,0,2.4676414,0.1396554410457611,0.911442756652832,0.5645822882652283
YER056C-A,YKR007W,0,2.4672503,0.1396341472864151,0.911442756652832,0.5646823644638062
YLL050C,YML042W,0,2.4672413,0.13961286842823029,0.911442756652832,0.5647823810577393
YHR132C,YGR222W,0,2.4666822,0.13959158957004547,0.911442756652832,0.5648824572563171
YOL147C,YLR200W,0,2.46629,0.13957032561302185,0.911442756652832,0.5649824738502502
YJL133W,YHR039C-A,0,2.4647448,0.13954906165599823,0.911442756652832,0.5650825500488281
YLR333C,YPR100W,0,2.464426,0.1395277976989746,0.911442756652832,0.5651825666427612
YNL077W,YCL051W,0,2.4638262,0.13950654864311218,0.911442756652832,0.5652826428413391
YPL224C,YBR251W,0,2.463646,0.13948529958724976,0.911442756652832,0.565382719039917
YNL294C,YDL208W,0,2.4632363,0.13946406543254852,0.911442756652832,0.5654827356338501
YGR266W,YDR110W,0,2.4629006,0.1394428312778473,0.911442756652832,0.565582811832428
YFR053C,YMR211W,0,2.4628587,0.13942161202430725,0.911442756652832,0.5656828284263611
YBR172C,YLR048W,0,2.4628358,0.1394003927707672,0.911442756652832,0.565782904624939
YFR010W,YAL010C,0,2.462502,0.13937918841838837,0.911442756652832,0.5658829212188721
YDR378C,YGL078C,0,2.4617157,0.13935798406600952,0.911442756652832,0.56598299741745
YLL029W,YER093C,0,2.4614348,0.13933677971363068,0.911442756652832,0.5660830140113831
YDR009W,YLR330W,0,2.4606102,0.13931559026241302,0.911442756652832,0.5661830902099609
YNR027W,YGL211W,0,2.4594355,0.13929440081119537,0.911442756652832,0.5662831664085388
YJR117W,YPR028W,0,2.4593663,0.13927322626113892,0.911442756652832,0.5663831830024719
YLR103C,YLR385C,1,2.45867,0.1394040733575821,0.9124377965927124,0.5663831830024719
YLR016C,YDL216C,0,2.4583976,0.13938288390636444,0.9124377965927124,0.5664832592010498
YDR368W,YAR035W,0,2.4578876,0.13936170935630798,0.9124377965927124,0.5665832757949829
YHR205W,YNL221C,0,2.4573722,0.13934051990509033,0.9124377965927124,0.5666833519935608
YKL181W,YMR296C,0,2.4573467,0.13931936025619507,0.9124377965927124,0.5667833685874939
YOR358W,YPR021C,0,2.456411,0.1392981857061386,0.9124377965927124,0.5668834447860718
YMR109W,YIL167W,0,2.4552526,0.13927704095840454,0.9124377965927124,0.5669835209846497
YNL012W,YJL041W,0,2.4549017,0.13925588130950928,0.9124377965927124,0.5670835375785828
YNR020C,YDL060W,0,2.4541492,0.1392347365617752,0.9124377965927124,0.5671836137771606
YBR160W,YNL073W,0,2.4538965,0.13921360671520233,0.9124377965927124,0.5672836303710938
YHR056C,YPL002C,0,2.4533615,0.13919247686862946,0.9124377965927124,0.5673837065696716
YHR158C,YCR030C,0,2.453121,0.13917134702205658,0.9124377965927124,0.5674837231636047
YBR059C,YDL033C,0,2.452523,0.1391502320766449,0.9124377965927124,0.5675837993621826
YOL141W,YBR145W,0,2.4524558,0.13912911713123322,0.9124377965927124,0.5676838159561157
YDR400W,YLR017W,0,2.452445,0.13910801708698273,0.9124377965927124,0.5677838921546936
YHR211W,YGL030W,0,2.4511456,0.13908691704273224,0.9124377965927124,0.5678839683532715
YGL027C,YDR130C,0,2.4500933,0.13906581699848175,0.9124377965927124,0.5679839849472046
YJR006W,YMR041C,0,2.4495077,0.13904473185539246,0.9124377965927124,0.5680840611457825
YMR160W,YMR146C,0,2.4489975,0.13902364671230316,0.9124377965927124,0.5681840777397156
YDR257C,YGR212W,0,2.4485714,0.13900257647037506,0.9124377965927124,0.5682841539382935
YJL136C,YNL283C,0,2.4478168,0.13898150622844696,0.9124377965927124,0.5683841705322266
YGL137W,YMR114C,0,2.4475493,0.13896045088768005,0.9124377965927124,0.5684842467308044
YNL180C,YKL201C,0,2.4469702,0.13893939554691315,0.9124377965927124,0.5685842633247375
YDR080W,YKL168C,0,2.4468126,0.13891834020614624,0.9124377965927124,0.5686843395233154
YDL031W,YOL122C,0,2.4458761,0.13889729976654053,0.9124377965927124,0.5687844157218933
YDL225W,YAL058W,0,2.4451113,0.138876274228096,0.9124377965927124,0.5688844323158264
YJR097W,YCL032W,0,2.4450924,0.1388552337884903,0.9124377965927124,0.5689845085144043
YEL052W,YJL030W,0,2.4440393,0.13883422315120697,0.9124377965927124,0.5690845251083374
YLL022C,YLR321C,1,2.4438758,0.13896457850933075,0.9134328365325928,0.5690845251083374
YBL031W,YLL034C,0,2.4430943,0.13894353806972504,0.9134328365325928,0.5691846013069153
YLR447C,YPR161C,0,2.4428546,0.13892251253128052,0.9134328365325928,0.5692846179008484
YIL035C,YDR406W,0,2.442424,0.1389015018939972,0.9134328365325928,0.5693846940994263
YGL246C,YOR313C,0,2.4423358,0.13888049125671387,0.9134328365325928,0.5694847702980042
YDL117W,YBR278W,0,2.4422076,0.13885948061943054,0.9134328365325928,0.5695847868919373
YLR047C,YOR334W,0,2.4421744,0.13883846998214722,0.9134328365325928,0.5696848630905151
YLR193C,YDR236C,0,2.440417,0.13881747424602509,0.9134328365325928,0.5697848796844482
YGL071W,YDR211W,0,2.4403453,0.13879649341106415,0.9134328365325928,0.5698849558830261
YML055W,YJR065C,0,2.4402266,0.1387755125761032,0.9134328365325928,0.5699849724769592
YER014C-A,YDL035C,0,2.4402032,0.13875453174114227,0.9134328365325928,0.5700850486755371
YGL112C,YHL021C,0,2.4397254,0.13873356580734253,0.9134328365325928,0.5701850652694702
YLR433C,YLR237W,0,2.438995,0.13871259987354279,0.9134328365325928,0.5702851414680481
YEL058W,YLR237W,0,2.4383903,0.13869164884090424,0.9134328365325928,0.570385217666626
YJL026W,YGR246C,0,2.4375176,0.13867069780826569,0.9134328365325928,0.5704852342605591
YJL157C,YLR038C,0,2.436322,0.13864974677562714,0.9134328365325928,0.570585310459137
YDR517W,YOL154W,0,2.435576,0.13862881064414978,0.9134328365325928,0.5706853270530701
YNL180C,YGR047C,0,2.4353895,0.13860787451267242,0.9134328365325928,0.570785403251648
YNL213C,YDR222W,0,2.4350157,0.13858695328235626,0.9134328365325928,0.570885419845581
YDL098C,YPL040C,0,2.4349184,0.1385660320520401,0.9134328365325928,0.5709854960441589
YGR129W,YDL180W,0,2.434908,0.13854512572288513,0.9134328365325928,0.5710855722427368
YKR035W-A,YBR040W,0,2.4348774,0.13852421939373016,0.9134328365325928,0.5711855888366699
YHL004W,YER133W,0,2.4345737,0.1385033130645752,0.9134328365325928,0.5712856650352478
YFL029C,YIL051C,0,2.4333684,0.13848242163658142,0.9134328365325928,0.5713856816291809
YGL207W,YBR088C,1,2.4315147,0.13861237466335297,0.9144278764724731,0.5713856816291809
YER002W,YFL033C,0,2.4313612,0.138591468334198,0.9144278764724731,0.5714857578277588
YHR113W,YJL033W,0,2.4303577,0.13857056200504303,0.9144278764724731,0.5715857744216919
YDR139C,YLR385C,0,2.4281719,0.13854967057704926,0.9144278764724731,0.5716858506202698
YGL210W,YOR132W,0,2.427086,0.13852879405021667,0.9144278764724731,0.5717858672142029
YKL029C,YIL035C,0,2.4267917,0.1385079175233841,0.9144278764724731,0.5718859434127808
YGR260W,YJL192C,0,2.426344,0.1384870409965515,0.9144278764724731,0.5719860196113586
YMR284W,YDR439W,1,2.4262195,0.13861684501171112,0.9154228568077087,0.5719860196113586
YNL180C,YOR087W,0,2.4260302,0.13859596848487854,0.9154228568077087,0.5720860362052917
YDL230W,YOR127W,0,2.4259949,0.13857509195804596,0.9154228568077087,0.5721861124038696
YML107C,YPR030W,0,2.42559,0.13855421543121338,0.9154228568077087,0.5722861289978027
YKL103C,YDR359C,0,2.4253893,0.138533353805542,0.9154228568077087,0.5723862051963806
YPL063W,YLR367W,0,2.4253001,0.1385124921798706,0.9154228568077087,0.5724862217903137
YJL153C,YDR256C,0,2.4252968,0.1384916454553604,0.9154228568077087,0.5725862979888916
YOR068C,YNL167C,0,2.4249697,0.13847079873085022,0.9154228568077087,0.5726863145828247
YKL009W,YNR022C,0,2.4243355,0.13844996690750122,0.9154228568077087,0.5727863907814026
YNR020C,YAL062W,0,2.4239197,0.13842913508415222,0.9154228568077087,0.5728864669799805
YDR495C,YGR170W,0,2.4231725,0.13840830326080322,0.9154228568077087,0.5729864835739136
YNR001C,YGL200C,0,2.4230843,0.13838748633861542,0.9154228568077087,0.5730865597724915
YGL222C,YGL227W,0,2.4222283,0.1383666694164276,0.9154228568077087,0.5731865763664246
YBL020W,YPR036W,0,2.422155,0.138345867395401,0.9154228568077087,0.5732866525650024
YGL009C,YER117W,0,2.4211535,0.1383250653743744,0.9154228568077087,0.5733866691589355
YBR037C,YLR214W,0,2.419454,0.13830426335334778,0.9154228568077087,0.5734867453575134
YBR082C,YAL039C,0,2.4191296,0.13828347623348236,0.9154228568077087,0.5735868215560913
YPL226W,YIL074C,0,2.4190981,0.13826270401477814,0.9154228568077087,0.5736868381500244
YMR160W,YIL094C,0,2.4187987,0.13824191689491272,0.9154228568077087,0.5737869143486023
YDR315C,YOL129W,0,2.4183545,0.1382211595773697,0.9154228568077087,0.5738869309425354
YGR056W,YML069W,1,2.4183335,0.13835060596466064,0.9164178967475891,0.5738869309425354
YHR154W,YAR002C-A,0,2.4183083,0.13832983374595642,0.9164178967475891,0.5739870071411133
YDR429C,YJR131W,0,2.4170845,0.1383090615272522,0.9164178967475891,0.5740870237350464
YOR377W,YDR200C,0,2.41628,0.13828828930854797,0.9164178967475891,0.5741870999336243
YNR006W,YGR218W,0,2.415968,0.13826753199100494,0.9164178967475891,0.5742871165275574
YDR392W,YPR144C,0,2.4154687,0.13824677467346191,0.9164178967475891,0.5743871927261353
YDR242W,YKR097W,0,2.4153538,0.13822601735591888,0.9164178967475891,0.5744872689247131
YJR135W-A,YBR005W,0,2.4152727,0.13820527493953705,0.9164178967475891,0.5745872855186462
YEL069C,YDL133C-A,0,2.4149463,0.1381845474243164,0.9164178967475891,0.5746873617172241
YPR138C,YKL192C,0,2.4138136,0.13816381990909576,0.9164178967475891,0.5747873783111572
YPL171C,YLR092W,0,2.4135008,0.13814309239387512,0.9164178967475891,0.5748874545097351
YDR262W,YGR177C,0,2.412878,0.13812237977981567,0.9164178967475891,0.5749874711036682
YER022W,YHR207C,0,2.4128222,0.13810166716575623,0.9164178967475891,0.5750875473022461
YNL096C,YNR050C,0,2.4127557,0.13808095455169678,0.9164178967475891,0.575187623500824
YDR528W,YDR165W,0,2.412636,0.13806025683879852,0.9164178967475891,0.5752876400947571
YJL197W,YDL243C,0,2.4126222,0.13803957402706146,0.9164178967475891,0.575387716293335
YCR030C,YDR325W,0,2.411556,0.1380188763141632,0.9164178967475891,0.5754877328872681
YDL164C,YIL133C,0,2.4103432,0.13799820840358734,0.9164178967475891,0.575587809085846
YOR119C,YKR020W,0,2.4098876,0.13797752559185028,0.9164178967475891,0.575687825679779
YPL148C,YIL018W,0,2.4096177,0.13795685768127441,0.9164178967475891,0.5757879018783569
YCL069W,YIL124W,0,2.4087746,0.13793620467185974,0.9164178967475891,0.57588791847229
YDR205W,YMR040W,0,2.408111,0.13791553676128387,0.9164178967475891,0.5759879946708679
YGL227W,YDR320C,0,2.408098,0.1378948986530304,0.9164178967475891,0.5760880708694458
YPL223C,YMR078C,0,2.4077516,0.13787424564361572,0.9164178967475891,0.5761880874633789
YPL144W,YGL078C,0,2.40724,0.13785360753536224,0.9164178967475891,0.5762881636619568
YLL027W,YIL014W,0,2.4070125,0.13783298432826996,0.9164178967475891,0.5763881802558899
YGR264C,YGR255C,0,2.4062335,0.13781236112117767,0.9164178967475891,0.5764882564544678
YNL331C,YJL181W,0,2.406116,0.1377917379140854,0.9164178967475891,0.5765882730484009
YBR090C-A,YNL330C,1,2.405932,0.13792072236537933,0.9174129366874695,0.5765882730484009
YOR315W,YHR179W,0,2.405702,0.13790008425712585,0.9174129366874695,0.5766883492469788
YPL215W,YBL098W,0,2.405499,0.13787946105003357,0.9174129366874695,0.5767883658409119
YOR260W,YKL081W,0,2.4054036,0.13785885274410248,0.9174129366874695,0.5768884420394897
YOL011W,YKL156W,0,2.4044771,0.1378382444381714,0.9174129366874695,0.5769885182380676
YBR036C,YDL154W,0,2.4030733,0.1378176361322403,0.9174129366874695,0.5770885348320007
YDL036C,YDR158W,0,2.402632,0.1377970427274704,0.9174129366874695,0.5771886110305786
YER096W,YDR080W,0,2.401882,0.1377764493227005,0.9174129366874695,0.5772886276245117
YDL154W,YLR165C,0,2.401513,0.1377558708190918,0.9174129366874695,0.5773887038230896
YGR097W,YER087C-A,0,2.4013119,0.1377352923154831,0.9174129366874695,0.5774887204170227
YJR153W,YJL208C,0,2.4012165,0.1377147138118744,0.9174129366874695,0.5775887966156006
YDL107W,YDR494W,0,2.4010267,0.13769415020942688,0.9174129366874695,0.5776888728141785
YOL061W,YBR297W,0,2.4009955,0.13767358660697937,0.9174129366874695,0.5777888894081116
YBL006C,YKR101W,1,2.4008257,0.1378023326396942,0.9184079766273499,0.5777888894081116
YDR436W,YNL050C,0,2.4007933,0.1377817541360855,0.9184079766273499,0.5778889656066895
YMR127C,YPL127C,1,2.4006138,0.13791044056415558,0.9194029569625854,0.5778889656066895
YMR270C,YEL005C,0,2.399805,0.13788986206054688,0.9194029569625854,0.5779889822006226
YHL047C,YDL190C,0,2.3994823,0.13786929845809937,0.9194029569625854,0.5780890583992004
YNR002C,YIL159W,0,2.3994627,0.13784871995449066,0.9194029569625854,0.5781890749931335
YNL110C,YBR042C,0,2.3983579,0.13782815635204315,0.9194029569625854,0.5782891511917114
YKL119C,YPR156C,0,2.3982606,0.13780760765075684,0.9194029569625854,0.5783891677856445
YBR212W,YNR053C,0,2.3981118,0.13778705894947052,0.9194029569625854,0.5784892439842224
YPL090C,YDR443C,0,2.3968868,0.1377665102481842,0.9194029569625854,0.5785893201828003
YDL042C,YNL246W,1,2.3967457,0.13789504766464233,0.9203979969024658,0.5785893201828003
YGL119W,YDR300C,0,2.3967428,0.13787449896335602,0.9203979969024658,0.5786893367767334
YIL171W,YDL015C,0,2.3966281,0.1378539502620697,0.9203979969024658,0.5787894129753113
YHR171W,YFL056C,0,2.396606,0.1378334015607834,0.9203979969024658,0.5788894295692444
YKL160W,YOR244W,1,2.396502,0.13796186447143555,0.9213930368423462,0.5788894295692444
YDR392W,YBR036C,0,2.3963737,0.13794130086898804,0.9213930368423462,0.5789895057678223
YDR472W,YAL063C,0,2.3952737,0.13792076706886292,0.9213930368423462,0.5790895223617554
YPL105C,YLL045C,0,2.3949332,0.1379002183675766,0.9213930368423462,0.5791895985603333
YDR080W,YJL165C,0,2.3947926,0.13787968456745148,0.9213930368423462,0.5792896151542664
YFL038C,YLL018C-A,0,2.393548,0.13785916566848755,0.9213930368423462,0.5793896913528442
YLR409C,YGL198W,0,2.3935394,0.13783864676952362,0.9213930368423462,0.5794897675514221
YJL117W,YCR005C,0,2.3929658,0.1378181278705597,0.9213930368423462,0.5795897841453552
YGR221C,YBL003C,1,2.3918822,0.13794642686843872,0.9223880767822266,0.5795897841453552
YKL064W,YLR099C,0,2.3917418,0.1379259079694748,0.9223880767822266,0.5796898603439331
YBL002W,YKR010C,1,2.391407,0.13805414736270905,0.9233830571174622,0.5796898603439331
YML028W,YLR165C,0,2.3912158,0.13803361356258392,0.9233830571174622,0.5797898769378662
YGR254W,YDR167W,0,2.3908114,0.13801309466362,0.9233830571174622,0.5798899531364441
YPL210C,YPL127C,0,2.390616,0.13799256086349487,0.9233830571174622,0.5799899697303772
YPL119C,YCR026C,0,2.3902144,0.13797204196453094,0.9233830571174622,0.5800900459289551
YDL180W,YJR082C,0,2.389986,0.1379515379667282,0.9233830571174622,0.580190122127533
YKL164C,YKL126W,0,2.3888435,0.13793103396892548,0.9233830571174622,0.5802901387214661
YMR026C,YLR039C,0,2.3884854,0.13791052997112274,0.9233830571174622,0.580390214920044
YDL185W,YIR012W,0,2.388387,0.1378900408744812,0.9233830571174622,0.580490231513977
YBR207W,YOL117W,0,2.3875246,0.13786955177783966,0.9233830571174622,0.5805903077125549
YJR010C-A,YBR176W,0,2.387505,0.13784907758235931,0.9233830571174622,0.580690324306488
YFL023W,YGR120C,0,2.3870845,0.13782860338687897,0.9233830571174622,0.5807904005050659
YGR027C,YCR028C,0,2.3870568,0.13780814409255981,0.9233830571174622,0.580890417098999
YPR125W,YLL040C,0,2.3855424,0.13778766989707947,0.9233830571174622,0.5809904932975769
YER111C,YBR264C,0,2.3853943,0.1377672255039215,0.9233830571174622,0.5810905694961548
YAL021C,YOR096W,0,2.3850849,0.13774676620960236,0.9233830571174622,0.5811905860900879
YBR091C,YGL096W,0,2.3850489,0.1377263218164444,0.9233830571174622,0.5812906622886658
YHR172W,YOR311C,0,2.3841734,0.13770589232444763,0.9233830571174622,0.5813906788825989
YIL048W,YDR138W,0,2.3838477,0.13768546283245087,0.9233830571174622,0.5814907550811768
YNL246W,YJL090C,0,2.3837667,0.1376650333404541,0.9233830571174622,0.5815907716751099
YGL025C,YOR080W,0,2.3837175,0.13764461874961853,0.9233830571174622,0.5816908478736877
YNL158W,YBL054W,0,2.383109,0.13762420415878296,0.9233830571174622,0.5817909240722656
YOR228C,YER087C-A,0,2.3827817,0.1376037895679474,0.9233830571174622,0.5818909406661987
YJR143C,YPR105C,0,2.3823183,0.137583389878273,0.9233830571174622,0.5819910168647766
YIL093C,YER153C,0,2.3811777,0.13756300508975983,0.9233830571174622,0.5820910334587097
YHR101C,YDR437W,0,2.3809376,0.13754260540008545,0.9233830571174622,0.5821911096572876
YNL038W,YER087C-B,0,2.38073,0.13752223551273346,0.9233830571174622,0.5822911262512207
YEL031W,YMR194W,0,2.3806984,0.13750185072422028,0.9233830571174622,0.5823912024497986
YGL256W,YDR498C,0,2.3805223,0.1374814808368683,0.9233830571174622,0.5824912190437317
YMR238W,YGL090W,0,2.3803658,0.1374611109495163,0.9233830571174622,0.5825912952423096
YOR252W,YDR260C,0,2.3800592,0.1374407559633255,0.9233830571174622,0.5826913714408875
YNR043W,YLR115W,0,2.3794236,0.1374204009771347,0.9233830571174622,0.5827913880348206
YDL042C,YBL003C,1,2.3790135,0.13754811882972717,0.9243780970573425,0.5827913880348206
YOR380W,YER087C-B,0,2.3788338,0.13752776384353638,0.9243780970573425,0.5828914642333984
YDR414C,YMR229C,0,2.3784075,0.1375073939561844,0.9243780970573425,0.5829914808273315
YPL150W,YDR083W,0,2.3782687,0.13748705387115479,0.9243780970573425,0.5830915570259094
YGL170C,YDL205C,0,2.3780894,0.137466698884964,0.9243780970573425,0.5831915736198425
YHR060W,YHR106W,0,2.3770885,0.13744637370109558,0.9243780970573425,0.5832916498184204
YJL153C,YLR364W,0,2.3766003,0.13742603361606598,0.9243780970573425,0.5833916664123535
YDR322W,YNL131W,0,2.3760827,0.13740570843219757,0.9243780970573425,0.5834917426109314
YDL080C,YIL115C,0,2.3757477,0.13738538324832916,0.9243780970573425,0.5835918188095093
YNL103W,YNL248C,0,2.3756762,0.13736507296562195,0.9243780970573425,0.5836918354034424
YLR026C,YCL027W,0,2.3743367,0.13734476268291473,0.9243780970573425,0.5837919116020203
YEL002C,YCL064C,0,2.373736,0.1373244673013687,0.9243780970573425,0.5838919281959534
YOL090W,YOR304W,1,2.373621,0.13745196163654327,0.9253731369972229,0.5838919281959534
YOR261C,YOR157C,0,2.3731613,0.13743165135383606,0.9253731369972229,0.5839920043945312
YNL032W,YPR131C,0,2.3730812,0.13741134107112885,0.9253731369972229,0.5840920209884644
YOL030W,YDL115C,0,2.372139,0.13739104568958282,0.9253731369972229,0.5841920971870422
YLR345W,YCR063W,0,2.3721073,0.1373707503080368,0.9253731369972229,0.5842921733856201
YGL205W,YDR110W,0,2.3716087,0.13735046982765198,0.9253731369972229,0.5843921899795532
YCR014C,YER089C,0,2.3712764,0.13733018934726715,0.9253731369972229,0.5844922661781311
YIL098C,YOL072W,0,2.3712296,0.13730990886688232,0.9253731369972229,0.5845922827720642
YIR036C,YNL010W,0,2.3701892,0.1372896432876587,0.9253731369972229,0.5846923589706421
YER017C,YER167W,0,2.3698835,0.13726937770843506,0.9253731369972229,0.5847923755645752
YLR201C,YCR039C,0,2.3691921,0.13724911212921143,0.9253731369972229,0.5848924517631531
YBR247C,YLR023C,0,2.3688931,0.137228861451149,0.9253731369972229,0.5849924683570862
YHR056C,YKL112W,1,2.3682373,0.13735614717006683,0.9263681769371033,0.5849924683570862
YLR099C,YBR150C,0,2.367765,0.1373358964920044,0.9263681769371033,0.5850925445556641
YBR023C,YDL039C,0,2.3670802,0.13731563091278076,0.9263681769371033,0.5851926207542419
YOR008C,YCR039C,0,2.3667152,0.13729538023471832,0.9263681769371033,0.585292637348175
YGL040C,YCL059C,0,2.366665,0.13727514445781708,0.9263681769371033,0.5853927135467529
YDR087C,YEL040W,0,2.3664317,0.13725490868091583,0.9263681769371033,0.585492730140686
YOR373W,YGR076C,0,2.3663344,0.1372346729040146,0.9263681769371033,0.5855928063392639
YLR075W,YMR226C,0,2.365367,0.13721443712711334,0.9263681769371033,0.585692822933197
YOL127W,YDL231C,0,2.364697,0.1371942162513733,0.9263681769371033,0.5857928991317749
YPL240C,YHR186C,0,2.364612,0.13717401027679443,0.9263681769371033,0.5858929753303528
YKL069W,YJL156C,0,2.364595,0.13715380430221558,0.9263681769371033,0.5859929919242859
YHR086W,YLR197W,0,2.3645358,0.13713359832763672,0.9263681769371033,0.5860930681228638
YLL008W,YLR337C,0,2.3644288,0.13711340725421906,0.9263681769371033,0.5861930847167969
YPR163C,YIR012W,0,2.364215,0.1370932161808014,0.9263681769371033,0.5862931609153748
YOL011W,YHR005C-A,0,2.3636558,0.13707302510738373,0.9263681769371033,0.5863931775093079
YCR107W,YDR030C,0,2.3629303,0.13705284893512726,0.9263681769371033,0.5864932537078857
YMR205C,YNL236W,0,2.3623407,0.1370326727628708,0.9263681769371033,0.5865932703018188
YBL031W,YPL105C,0,2.3618872,0.1370125114917755,0.9263681769371033,0.5866933465003967
YJL024C,YDR438W,0,2.3617437,0.13699235022068024,0.9263681769371033,0.5867934226989746
YDL110C,YPR008W,0,2.3606284,0.13697218894958496,0.9263681769371033,0.5868934392929077
YKL082C,YGR120C,0,2.3593884,0.13695204257965088,0.9263681769371033,0.5869935154914856
YLR328W,YDR150W,0,2.3591638,0.1369318962097168,0.9263681769371033,0.5870935320854187
YPL028W,YOL155C,0,2.3583446,0.1369117647409439,0.9263681769371033,0.5871936082839966
YDR122W,YER143W,0,2.358313,0.13689163327217102,0.9263681769371033,0.5872936248779297
YDR437W,YIL124W,0,2.3577266,0.13687150180339813,0.9263681769371033,0.5873937010765076
YMR156C,YDR169C,0,2.3572764,0.13685138523578644,0.9263681769371033,0.5874937176704407
YHL012W,YOL082W,0,2.3570728,0.13683126866817474,0.9263681769371033,0.5875937938690186
YKL038W,YBR128C,0,2.3566842,0.13681116700172424,0.9263681769371033,0.5876938700675964
YIL170W,YLR150W,0,2.3566203,0.13679106533527374,0.9263681769371033,0.5877938866615295
YLR299W,YLR396C,0,2.356493,0.13677096366882324,0.9263681769371033,0.5878939628601074
YHR052W,YIL026C,0,2.3564668,0.13675087690353394,0.9263681769371033,0.5879939794540405
YPR035W,YER104W,0,2.3558502,0.13673079013824463,0.9263681769371033,0.5880940556526184
YHR056C,YDR363W,1,2.3558176,0.13685756921768188,0.9273631572723389,0.5880940556526184
YHR172W,YER074W,0,2.3548522,0.13683746755123138,0.9273631572723389,0.5881940722465515
YDL140C,YOR085W,0,2.3547177,0.13681738078594208,0.9273631572723389,0.5882941484451294
YDL042C,YPL129W,1,2.35435,0.13694407045841217,0.9283581972122192,0.5882941484451294
YDR367W,YER104W,0,2.3527417,0.13692398369312286,0.9283581972122192,0.5883942246437073
YPR131C,YLR237W,0,2.3525612,0.13690388202667236,0.9283581972122192,0.5884942412376404
YMR261C,YML048W,0,2.3523886,0.13688381016254425,0.9283581972122192,0.5885943174362183
YOR351C,YDR424C,0,2.352158,0.13686372339725494,0.9283581972122192,0.5886943340301514
YIL150C,YML010W,1,2.3506474,0.13699032366275787,0.9293532371520996,0.5886943340301514
YPR102C,YCR011C,0,2.3492732,0.13697023689746857,0.9293532371520996,0.5887944102287292
YJR158W,YOL109W,0,2.3487086,0.13695015013217926,0.9293532371520996,0.5888944268226624
YLR098C,YLR344W,0,2.348343,0.13693006336688995,0.9293532371520996,0.5889945030212402
YNL287W,YFR040W,0,2.3477192,0.13690999150276184,0.9293532371520996,0.5890945196151733
YML092C,YBR291C,0,2.3475628,0.13688993453979492,0.9293532371520996,0.5891945958137512
YBR275C,YPL096C-A,0,2.3474207,0.136869877576828,0.9293532371520996,0.5892946720123291
YHR099W,YDL145C,0,2.347327,0.13684982061386108,0.9293532371520996,0.5893946886062622
YER180C,YIL160C,0,2.3470316,0.13682976365089417,0.9293532371520996,0.5894947648048401
YML076C,YPR080W,0,2.3469157,0.13680972158908844,0.9293532371520996,0.5895947813987732
YBL098W,YPR188C,0,2.3457718,0.1367896944284439,0.9293532371520996,0.5896948575973511
YEL044W,YML043C,0,2.3456936,0.13676965236663818,0.9293532371520996,0.5897948741912842
YDR367W,YIL002C,0,2.3453214,0.13674964010715485,0.9293532371520996,0.5898949503898621
YKL004W,YDR168W,0,2.344683,0.13672961294651031,0.9293532371520996,0.5899950265884399
YDL070W,YGR218W,0,2.3443756,0.13670960068702698,0.9293532371520996,0.590095043182373
YCL025C,YOR217W,0,2.343071,0.13668958842754364,0.9293532371520996,0.5901951193809509
YNL094W,YOL145C,0,2.343044,0.1366695910692215,0.9293532371520996,0.590295135974884
YJL081C,YOL101C,0,2.3429456,0.13664959371089935,0.9293532371520996,0.5903952121734619
YCR075C,YER087C-B,0,2.3426266,0.1366296112537384,0.9293532371520996,0.590495228767395
YDR381W,YPR120C,0,2.342286,0.13660962879657745,0.9293532371520996,0.5905953049659729
YJL198W,YCR065W,0,2.3420677,0.1365896463394165,0.9293532371520996,0.590695321559906
YLL006W,YGL037C,0,2.3419154,0.13656967878341675,0.9293532371520996,0.5907953977584839
YGR251W,YBR287W,0,2.3409624,0.136549711227417,0.9293532371520996,0.5908954739570618
YER179W,YHR051W,0,2.3406825,0.13652974367141724,0.9293532371520996,0.5909954905509949
YAR031W,YDR227W,0,2.3405333,0.13650979101657867,0.9293532371520996,0.5910955667495728
YOR294W,YGL085W,0,2.3397028,0.1364898383617401,0.9293532371520996,0.5911955833435059
YOR206W,YGR218W,0,2.3394823,0.13646990060806274,0.9293532371520996,0.5912956595420837
YBR105C,YLR214W,0,2.3381727,0.13644996285438538,0.9293532371520996,0.5913956761360168
YMR158W,YER125W,0,2.3377318,0.136430025100708,0.9293532371520996,0.5914957523345947
YPL115C,YDR039C,0,2.3369246,0.13641010224819183,0.9293532371520996,0.5915957689285278
YMR230W,YIL172C,0,2.3368921,0.13639019429683685,0.9293532371520996,0.5916958451271057
YDL204W,YMR041C,0,2.3368845,0.13637027144432068,0.9293532371520996,0.5917959213256836
YNL091W,YAL008W,0,2.3367195,0.1363503634929657,0.9293532371520996,0.5918959379196167
YMR110C,YNR044W,0,2.336514,0.13633045554161072,0.9293532371520996,0.5919960141181946
YDR515W,YKR102W,0,2.336442,0.13631056249141693,0.9293532371520996,0.5920960307121277
YCL039W,YBR035C,0,2.3363967,0.13629066944122314,0.9293532371520996,0.5921961069107056
YOL126C,YCL044C,0,2.3361106,0.13627079129219055,0.9293532371520996,0.5922961235046387
YPR138C,YJR151C,0,2.3360462,0.13625091314315796,0.9293532371520996,0.5923961997032166
YLR449W,YLR321C,1,2.3342824,0.13637690246105194,0.93034827709198,0.5923961997032166
YLR316C,YDR280W,0,2.334229,0.13635700941085815,0.93034827709198,0.5924962759017944
YJR121W,YIL021W,0,2.3340793,0.13633713126182556,0.93034827709198,0.5925962924957275
YER044C-A,YDR091C,0,2.3330748,0.13631725311279297,0.93034827709198,0.5926963686943054
YGR103W,YFL033C,0,2.3328712,0.13629737496376038,0.93034827709198,0.5927963852882385
YGL037C,YLR052W,1,2.3300354,0.136423259973526,0.9313432574272156,0.5927963852882385
YDR469W,YLR409C,0,2.3297257,0.1364033818244934,0.9313432574272156,0.5928964614868164
YOL102C,YNL282W,0,2.3290677,0.13638350367546082,0.9313432574272156,0.5929964780807495
YNL214W,YDR289C,0,2.3289847,0.13636364042758942,0.9313432574272156,0.5930965542793274
YLR099C,YKL048C,0,2.3285267,0.13634377717971802,0.9313432574272156,0.5931965708732605
YHL006C,YDL231C,0,2.327392,0.13632391393184662,0.9313432574272156,0.5932966470718384
YML049C,YBR092C,0,2.3269618,0.1363040655851364,0.9313432574272156,0.5933967232704163
YGR055W,YGL096W,0,2.3265624,0.1362842172384262,0.9313432574272156,0.5934967398643494
YHR092C,YER159C,0,2.3263414,0.136264368891716,0.9313432574272156,0.5935968160629272
YJR050W,YHR170W,0,2.3258283,0.136244535446167,0.9313432574272156,0.5936968326568604
YJR135W-A,YBL103C,0,2.3256898,0.13622471690177917,0.9313432574272156,0.5937969088554382
YBR141C,YOR227W,0,2.3250918,0.13620488345623016,0.9313432574272156,0.5938969254493713
YNR022C,YKL192C,0,2.3245432,0.13618506491184235,0.9313432574272156,0.5939970016479492
YNL103W,YMR101C,0,2.324263,0.13616526126861572,0.9313432574272156,0.5940970778465271
YNR072W,YHL038C,0,2.3238993,0.1361454576253891,0.9313432574272156,0.5941970944404602
YDL035C,YKL042W,0,2.3233845,0.13612565398216248,0.9313432574272156,0.5942971706390381
YNL213C,YDL166C,0,2.3231378,0.13610586524009705,0.9313432574272156,0.5943971872329712
YHR154W,YBR233W-A,0,2.3229365,0.13608607649803162,0.9313432574272156,0.5944972634315491
YBR223C,YMR041C,0,2.322784,0.1360662877559662,0.9313432574272156,0.5945972800254822
YOL127W,YFR033C,0,2.3227315,0.13604651391506195,0.9313432574272156,0.5946973562240601
YBR267W,YPL096W,0,2.322451,0.13602674007415771,0.9313432574272156,0.5947973728179932
YPL058C,YLR150W,0,2.3221064,0.13600698113441467,0.9313432574272156,0.594897449016571
YGL089C,YHR090C,0,2.321736,0.13598722219467163,0.9313432574272156,0.5949975252151489
YFL049W,YDR078C,0,2.3217216,0.1359674632549286,0.9313432574272156,0.595097541809082
YJL180C,YFR001W,0,2.3217192,0.13594771921634674,0.9313432574272156,0.5951976180076599
YMR246W,YPL157W,0,2.3213258,0.1359279751777649,0.9313432574272156,0.595297634601593
YBL023C,YPR098C,0,2.3211768,0.13590823113918304,0.9313432574272156,0.5953977108001709
YEL021W,YFL017W-A,0,2.3207912,0.1358885020017624,0.9313432574272156,0.595497727394104
YIL088C,YPR133C,0,2.3206868,0.13586877286434174,0.9313432574272156,0.5955978035926819
YDL175C,YNL145W,0,2.3204827,0.13584905862808228,0.9313432574272156,0.595697820186615
YIL171W,YMR267W,0,2.3193333,0.13582934439182281,0.9313432574272156,0.5957978963851929
YJL180C,YDL093W,0,2.318298,0.13580963015556335,0.9313432574272156,0.5958979725837708
YMR016C,YPL134C,0,2.3180346,0.1357899308204651,0.9313432574272156,0.5959979891777039
YPR019W,YCL044C,0,2.3171763,0.13577023148536682,0.9313432574272156,0.5960980653762817
YBL082C,YKL061W,0,2.3165226,0.13575054705142975,0.9313432574272156,0.5961980819702148
YDR032C,YGL003C,0,2.3164997,0.13573086261749268,0.9313432574272156,0.5962981581687927
YLL001W,YDR320C,0,2.3155854,0.1357111781835556,0.9313432574272156,0.5963981747627258
YJL083W,YCL039W,0,2.3148994,0.13569150865077972,0.9313432574272156,0.5964982509613037
YLR418C,YNL138W-A,0,2.3148098,0.13567183911800385,0.9313432574272156,0.5965983271598816
YGR099W,YIL048W,0,2.3146486,0.13565216958522797,0.9313432574272156,0.5966983437538147
YIL018W,YDR283C,0,2.3138566,0.13563251495361328,0.9313432574272156,0.5967984199523926
YMR195W,YPR035W,0,2.3136964,0.1356128603219986,0.9313432574272156,0.5968984365463257
YKL174C,YMR247C,0,2.313533,0.1355932205915451,0.9313432574272156,0.5969985127449036
YMR243C,YER030W,0,2.3135018,0.1355735808610916,0.9313432574272156,0.5970985293388367
YPL059W,YJR094W-A,0,2.312571,0.13555394113063812,0.9313432574272156,0.5971986055374146
YLR390W-A,YDR098C,0,2.3107576,0.13553431630134583,0.9313432574272156,0.5972986221313477
YOR145C,YMR208W,0,2.3098614,0.13551469147205353,0.9313432574272156,0.5973986983299255
YAL040C,YMR099C,0,2.3095436,0.13549508154392242,0.9313432574272156,0.5974987745285034
YGL185C,YCR057C,0,2.3090594,0.13547547161579132,0.9313432574272156,0.5975987911224365
YKR057W,YOL023W,0,2.3085256,0.13545586168766022,0.9313432574272156,0.5976988673210144
YNL056W,YDL127W,0,2.3084955,0.1354362666606903,0.9313432574272156,0.5977988839149475
YGR244C,YDL106C,0,2.3079398,0.1354166716337204,0.9313432574272156,0.5978989601135254
YMR267W,YMR168C,0,2.307074,0.1353970766067505,0.9313432574272156,0.5979989767074585
YKL198C,YFL010W-A,0,2.306477,0.13537749648094177,0.9313432574272156,0.5980990529060364
YGL116W,YGL211W,0,2.3063772,0.13535791635513306,0.9313432574272156,0.5981991291046143
YOR032C,YOR162C,0,2.3057833,0.13533835113048553,0.9313432574272156,0.5982991456985474
YLR055C,YKL129C,0,2.3053463,0.135318785905838,0.9313432574272156,0.5983992218971252
YBR087W,YCR105W,0,2.3048835,0.1352992206811905,0.9313432574272156,0.5984992384910583
YPL099C,YHR129C,0,2.30413,0.13527967035770416,0.9313432574272156,0.5985993146896362
YBR105C,YKL201C,0,2.3039417,0.13526012003421783,0.9313432574272156,0.5986993312835693
YPL144W,YBL074C,0,2.3033824,0.1352405697107315,0.9313432574272156,0.5987994074821472
YLL022C,YKR010C,1,2.3029761,0.13536550104618073,0.932338297367096,0.5987994074821472
YGR255C,YIL142W,0,2.3026283,0.1353459507226944,0.932338297367096,0.5988994240760803
YPL043W,YMR094W,0,2.3021145,0.13532640039920807,0.932338297367096,0.5989995002746582
YDR517W,YGL122C,0,2.3016398,0.13530686497688293,0.932338297367096,0.5990995764732361
YBR159W,YLL055W,0,2.3011937,0.1352873295545578,0.932338297367096,0.5991995930671692
YMR188C,YCR075C,0,2.3010123,0.13526779413223267,0.932338297367096,0.5992996692657471
YOR316C,YGR071C,0,2.3000166,0.13524827361106873,0.932338297367096,0.5993996858596802
YLR295C,YDR256C,0,2.2996845,0.13522875308990479,0.932338297367096,0.5994997620582581
YHL021C,YGR081C,0,2.2991436,0.13520923256874084,0.932338297367096,0.5995997786521912
YJL133W,YDR260C,0,2.2987094,0.1351897269487381,0.932338297367096,0.599699854850769
YFR032C-A,YKL149C,0,2.298235,0.13517022132873535,0.932338297367096,0.5997998714447021
YML058W-A,YMR223W,0,2.2981215,0.1351507306098938,0.932338297367096,0.59989994764328
YGR200C,YBL051C,0,2.298092,0.13513123989105225,0.932338297367096,0.6000000238418579
YKR038C,YDR313C,0,2.2974854,0.1351117491722107,0.932338297367096,0.600100040435791
YNL302C,YLR154C,0,2.2973847,0.13509227335453033,0.932338297367096,0.6002001166343689
YJR063W,YDR438W,0,2.2969244,0.13507279753684998,0.932338297367096,0.600300133228302
YLR207W,YIL167W,0,2.2968712,0.1350533366203308,0.932338297367096,0.6004002094268799
YBR273C,YLR129W,0,2.2967582,0.13503386080265045,0.932338297367096,0.600500226020813
YLR467W,YER131W,0,2.2965174,0.13501441478729248,0.932338297367096,0.6006003022193909
YDR128W,YOL117W,0,2.2963204,0.13499495387077332,0.932338297367096,0.6007003784179688
YJL173C,YJL143W,0,2.2958145,0.13497550785541534,0.932338297367096,0.6008003950119019
YGL198W,YPL017C,0,2.295617,0.13495607674121857,0.932338297367096,0.6009004712104797
YOR319W,YJR015W,0,2.295427,0.1349366307258606,0.932338297367096,0.6010004878044128
YEL059C-A,YOR311C,0,2.2949638,0.13491719961166382,0.932338297367096,0.6011005640029907
YJR009C,YHR214W,0,2.2947369,0.13489778339862823,0.932338297367096,0.6012005805969238
YDR032C,YDR148C,0,2.2946696,0.13487836718559265,0.932338297367096,0.6013006567955017
YML018C,YMR128W,0,2.2944322,0.13485895097255707,0.932338297367096,0.6014006733894348
YDL031W,YPR171W,0,2.2942388,0.13483954966068268,0.932338297367096,0.6015007495880127
YCL067C,YJR052W,0,2.294045,0.1348201483488083,0.932338297367096,0.6016008257865906
YIL090W,YMR205C,0,2.293826,0.1348007470369339,0.932338297367096,0.6017008423805237
YBR198C,YNL246W,1,2.2937984,0.13492520153522491,0.9333333373069763,0.6017008423805237
YJL167W,YOL028C,0,2.2935677,0.13490580022335052,0.9333333373069763,0.6018009185791016
YGR263C,YNL061W,0,2.2928953,0.13488639891147614,0.9333333373069763,0.6019009351730347
YOL017W,YBR089C-A,1,2.2927809,0.13501077890396118,0.9343283772468567,0.6019009351730347
YHR033W,YBL087C,0,2.292366,0.1349913775920868,0.9343283772468567,0.6020010113716125
YNL112W,YGR029W,0,2.2919807,0.1349719762802124,0.9343283772468567,0.6021010279655457
YPL096C-A,YNL244C,0,2.2916985,0.134952574968338,0.9343283772468567,0.6022011041641235
YLR295C,YKL056C,0,2.290769,0.13493317365646362,0.9343283772468567,0.6023011803627014
YHR160C,YCL044C,0,2.2900214,0.13491378724575043,0.9343283772468567,0.6024011969566345
YDR364C,YGR167W,0,2.2887914,0.13489441573619843,0.9343283772468567,0.6025012731552124
YNL218W,YBR247C,0,2.2885377,0.13487502932548523,0.9343283772468567,0.6026012897491455
YDR127W,YDR227W,0,2.2876558,0.13485567271709442,0.9343283772468567,0.6027013659477234
YFR032C-A,YPL233W,0,2.287201,0.13483630120754242,0.9343283772468567,0.6028013825416565
YMR139W,YMR051C,0,2.2870436,0.1348169445991516,0.9343283772468567,0.6029014587402344
YAR002C-A,YGR056W,0,2.286901,0.1347975879907608,0.9343283772468567,0.6030014753341675
YGR078C,YKR095W,0,2.286586,0.1347782462835312,0.9343283772468567,0.6031015515327454
YBL026W,YNL159C,0,2.2842865,0.13475890457630157,0.9343283772468567,0.6032016277313232
YHL003C,YDR253C,0,2.284275,0.13473956286907196,0.9343283772468567,0.6033016443252563
YDL197C,YLR442C,1,2.2842603,0.1348637044429779,0.9353233575820923,0.6033016443252563
YLR360W,YBR162C,0,2.2839255,0.1348443478345871,0.9353233575820923,0.6034017205238342
YDR518W,YOR271C,0,2.2829373,0.13482502102851868,0.9353233575820923,0.6035017371177673
YBL007C,YKR075C,0,2.2825842,0.13480567932128906,0.9353233575820923,0.6036018133163452
YPL082C,YDL243C,0,2.282333,0.13478635251522064,0.9353233575820923,0.6037018299102783
YDR313C,YKL155C,0,2.2809424,0.13476702570915222,0.9353233575820923,0.6038019061088562
YCR060W,YJL174W,0,2.2806826,0.134747713804245,0.9353233575820923,0.6039019227027893
YIL107C,YBR230C,0,2.2806506,0.13472838699817657,0.9353233575820923,0.6040019989013672
YMR239C,YMR301C,0,2.279735,0.13470908999443054,0.9353233575820923,0.6041020750999451
YGL206C,YNL050C,0,2.2796347,0.13468977808952332,0.9353233575820923,0.6042020916938782
YDR137W,YOL155C,0,2.2795968,0.13467048108577728,0.9353233575820923,0.604302167892456
YPR054W,YLR193C,0,2.2794676,0.13465119898319244,0.9353233575820923,0.6044021844863892
YGL155W,YDR378C,0,2.2786214,0.1346319168806076,0.9353233575820923,0.604502260684967
YPL167C,YLR435W,0,2.278542,0.13461263477802277,0.9353233575820923,0.6046022772789001
YOR098C,YGL219C,0,2.2785306,0.13459335267543793,0.9353233575820923,0.604702353477478
YBR095C,YDR231C,0,2.2773862,0.13457408547401428,0.9353233575820923,0.6048024296760559
YFR032C-A,YLR165C,0,2.2771254,0.13455481827259064,0.9353233575820923,0.604902446269989
YDL055C,YLR043C,0,2.276792,0.13453556597232819,0.9353233575820923,0.6050025224685669
YLR107W,YNL182C,0,2.2748127,0.13451631367206573,0.9353233575820923,0.6051025390625
YJR010C-A,YGL096W,0,2.2741432,0.13449706137180328,0.9353233575820923,0.6052026152610779
YJL130C,YML074C,0,2.2736342,0.13447782397270203,0.9353233575820923,0.605302631855011
YGR252W,YOL140W,0,2.2735753,0.13445858657360077,0.9353233575820923,0.6054027080535889
YJR021C,YHR082C,0,2.2726831,0.1344393640756607,0.9353233575820923,0.605502724647522
YML023C,YCR047C,0,2.2724876,0.13442014157772064,0.9353233575820923,0.6056028008460999
YPL209C,YHR046C,0,2.2721748,0.13440091907978058,0.9353233575820923,0.6057028770446777
YBR172C,YIL013C,0,2.271565,0.13438169658184052,0.9353233575820923,0.6058028936386108
YLR359W,YKL135C,0,2.271552,0.13436248898506165,0.9353233575820923,0.6059029698371887
YLR201C,YGR009C,0,2.2709246,0.13434329628944397,0.9353233575820923,0.6060029864311218
YBR001C,YMR025W,0,2.2706006,0.1343240886926651,0.9353233575820923,0.6061030626296997
YDL121C,YNL274C,0,2.2696342,0.13430489599704742,0.9353233575820923,0.6062030792236328
YHR132C,YIL074C,0,2.2688522,0.13428571820259094,0.9353233575820923,0.6063031554222107
YNL258C,YHR044C,0,2.2684445,0.13426654040813446,0.9353233575820923,0.6064031720161438
YML028W,YJL134W,0,2.2684317,0.13424736261367798,0.9353233575820923,0.6065032482147217
YJL208C,YLR414C,0,2.2661796,0.1342281848192215,0.9353233575820923,0.6066033244132996
YNL052W,YPL163C,0,2.2660255,0.1342090219259262,0.9353233575820923,0.6067033410072327
YOR142W,YCR091W,0,2.2659678,0.13418985903263092,0.9353233575820923,0.6068034172058105
YCL001W,YLR370C,0,2.2658496,0.13417071104049683,0.9353233575820923,0.6069034337997437
YBR080C,YBL058W,0,2.2644522,0.13415156304836273,0.9353233575820923,0.6070035099983215
YGL049C,YNL046W,0,2.2643957,0.13413241505622864,0.9353233575820923,0.6071035265922546
YBR286W,YJR059W,0,2.2639127,0.13411328196525574,0.9353233575820923,0.6072036027908325
YMR308C,YIL130W,0,2.2627077,0.13409414887428284,0.9353233575820923,0.6073036789894104
YKL132C,YLR270W,0,2.2618065,0.13407503068447113,0.9353233575820923,0.6074036955833435
YJL054W,YIL083C,0,2.261755,0.13405589759349823,0.9353233575820923,0.6075037717819214
YDL018C,YGL205W,0,2.261128,0.13403679430484772,0.9353233575820923,0.6076037883758545
YBR015C,YOL020W,0,2.2608666,0.134017676115036,0.9353233575820923,0.6077038645744324
YML127W,YMR190C,1,2.2605667,0.13414113223552704,0.9363183975219727,0.6077038645744324
YBR181C,YDR052C,0,2.2604876,0.13412201404571533,0.9363183975219727,0.6078038811683655
YGR189C,YBL041W,0,2.2590866,0.13410289585590363,0.9363183975219727,0.6079039573669434
YGL147C,YOR226C,0,2.258847,0.13408377766609192,0.9363183975219727,0.6080039739608765
YHL035C,YPL159C,0,2.2582135,0.1340646743774414,0.9363183975219727,0.6081040501594543
YKL029C,YGL025C,0,2.2579808,0.1340455859899521,0.9363183975219727,0.6082041263580322
YBR301W,YDR342C,0,2.2579443,0.13402649760246277,0.9363183975219727,0.6083041429519653
YBR107C,YMR128W,0,2.2576098,0.13400740921497345,0.9363183975219727,0.6084042191505432
YCR040W,YHR133C,0,2.256115,0.13398832082748413,0.9363183975219727,0.6085042357444763
YDL105W,YDR334W,1,2.2547317,0.13411161303520203,0.937313437461853,0.6085042357444763
YDL142C,YCR094W,0,2.2545238,0.1340925246477127,0.937313437461853,0.6086043119430542
YER072W,YBL038W,0,2.2544682,0.1340734362602234,0.937313437461853,0.6087043285369873
YNL230C,YNL127W,0,2.2542114,0.13405436277389526,0.937313437461853,0.6088044047355652
YDR101C,YMR298W,0,2.2539935,0.13403528928756714,0.937313437461853,0.6089044809341431
YJL162C,YIL056W,0,2.2538438,0.134016215801239,0.937313437461853,0.6090044975280762
YFR027W,YDR329C,0,2.2533665,0.13399715721607208,0.937313437461853,0.609104573726654
YMR059W,YER074W,0,2.252308,0.13397809863090515,0.937313437461853,0.6092045903205872
YNR013C,YLR237W,0,2.2507768,0.13395904004573822,0.937313437461853,0.609304666519165
YMR009W,YOR047C,0,2.2500465,0.13393999636173248,0.937313437461853,0.6094046831130981
YBR208C,YDL110C,0,2.2493382,0.13392095267772675,0.937313437461853,0.609504759311676
YDR469W,YCR065W,0,2.2493243,0.1339019238948822,0.937313437461853,0.6096047759056091
YNL210W,YER111C,0,2.249275,0.13388289511203766,0.937313437461853,0.609704852104187
YHR092C,YDR515W,0,2.2491221,0.13386386632919312,0.937313437461853,0.6098049283027649
YPR007C,YER014W,0,2.248795,0.13384483754634857,0.937313437461853,0.609904944896698
YJL129C,YER109C,0,2.2482662,0.13382582366466522,0.937313437461853,0.6100050210952759
YGL105W,YOL028C,0,2.2482102,0.13380682468414307,0.937313437461853,0.610105037689209
YPR200C,YPL096C-A,0,2.2481246,0.13378781080245972,0.937313437461853,0.6102051138877869
YIL043C,YDR120C,0,2.2472053,0.13376881182193756,0.937313437461853,0.61030513048172
YFL029C,YNL117W,0,2.2465777,0.1337498277425766,0.937313437461853,0.6104052066802979
YPL127C,YLR196W,0,2.2465065,0.13373082876205444,0.937313437461853,0.610505223274231
YOR279C,YKL201C,0,2.2463894,0.13371185958385468,0.937313437461853,0.6106052994728088
YHL006C,YER153C,0,2.2455997,0.1336928755044937,0.937313437461853,0.6107053756713867
YNL301C,YLR204W,0,2.2451422,0.13367390632629395,0.937313437461853,0.6108053922653198
YBL031W,YPL147W,0,2.2444365,0.13365493714809418,0.937313437461853,0.6109054684638977
YIL075C,YHR085W,0,2.2443485,0.1336359828710556,0.937313437461853,0.6110054850578308
YOR298W,YOR259C,0,2.2430444,0.13361702859401703,0.937313437461853,0.6111055612564087
YAL059W,YML132W,0,2.2429516,0.13359807431697845,0.937313437461853,0.6112055778503418
YOR311C,YPL183W-A,0,2.2427642,0.13357912003993988,0.937313437461853,0.6113056540489197
YPR119W,YDR169C,0,2.2424867,0.1335601806640625,0.937313437461853,0.6114057302474976
YER179W,YGR080W,0,2.24247,0.1335412561893463,0.937313437461853,0.6115057468414307
YNL271C,YBL055C,0,2.2417312,0.13352233171463013,0.937313437461853,0.6116058230400085
YDR312W,YJR083C,0,2.2413495,0.13350340723991394,0.937313437461853,0.6117058396339417
YKL109W,YDR064W,0,2.2403533,0.13348448276519775,0.937313437461853,0.6118059158325195
YLR409C,YDR140W,0,2.238736,0.13346557319164276,0.937313437461853,0.6119059324264526
YIL074C,YDR371W,0,2.2381759,0.13344666361808777,0.937313437461853,0.6120060086250305
YPR200C,YPL097W,0,2.2379403,0.13342776894569397,0.937313437461853,0.6121060252189636
YKL172W,YNR053C,0,2.2360587,0.13340885937213898,0.937313437461853,0.6122061014175415
YNL023C,YPL110C,0,2.2360287,0.13338997960090637,0.937313437461853,0.6123061776161194
YNR048W,YPR127W,0,2.2358577,0.13337108492851257,0.937313437461853,0.6124061942100525
YBR299W,YNL317W,0,2.2352643,0.13335220515727997,0.937313437461853,0.6125062704086304
YBR023C,YMR094W,0,2.2352433,0.13333334028720856,0.937313437461853,0.6126062870025635
YFR015C,YOL101C,0,2.2350402,0.13331446051597595,0.937313437461853,0.6127063632011414
YJR117W,YNL262W,0,2.2347817,0.13329559564590454,0.937313437461853,0.6128063797950745
YBL041W,YGL003C,0,2.2343504,0.13327674567699432,0.937313437461853,0.6129064559936523
YEL058W,YMR239C,0,2.233656,0.1332578808069229,0.937313437461853,0.6130065321922302
YOR266W,YBR205W,0,2.233567,0.1332390308380127,0.937313437461853,0.6131065487861633
YIL155C,YBL011W,0,2.2335503,0.13322019577026367,0.937313437461853,0.6132066249847412
YPL116W,YDR233C,0,2.232195,0.13320136070251465,0.937313437461853,0.6133066415786743
YMR238W,YGL107C,0,2.23173,0.13318252563476562,0.937313437461853,0.6134067177772522
YBR059C,YDR350C,0,2.2308068,0.1331637054681778,0.937313437461853,0.6135067343711853
YPL167C,YMR269W,0,2.2296758,0.13314487040042877,0.937313437461853,0.6136068105697632
YMR246W,YLR001C,0,2.2296095,0.13312606513500214,0.937313437461853,0.6137068271636963
YDL117W,YPR132W,0,2.22869,0.1331072449684143,0.937313437461853,0.6138069033622742
YDR424C,YMR123W,0,2.228169,0.13308843970298767,0.937313437461853,0.613906979560852
YPR127W,YER091C,0,2.227826,0.13306964933872223,0.937313437461853,0.6140069961547852
YPL090C,YDR483W,0,2.227399,0.1330508440732956,0.937313437461853,0.614107072353363
YPR188C,YMR232W,0,2.2269564,0.13303205370903015,0.937313437461853,0.6142070889472961
YNL247W,YPR192W,0,2.2267358,0.1330132782459259,0.937313437461853,0.614307165145874
YOR120W,YGL139W,0,2.2264895,0.13299448788166046,0.937313437461853,0.6144071817398071
YML016C,YHR171W,0,2.2258024,0.1329757273197174,0.937313437461853,0.614507257938385
YBR238C,YFL061W,0,2.2241673,0.13295695185661316,0.937313437461853,0.6146072745323181
YNL059C,YIL133C,0,2.222293,0.1329381912946701,0.937313437461853,0.614707350730896
YBR069C,YPR120C,0,2.2218537,0.13291943073272705,0.937313437461853,0.6148074269294739
YLR441C,YOR353C,0,2.2215009,0.132900670170784,0.937313437461853,0.614907443523407
YNL132W,YCR018C,0,2.221332,0.13288192451000214,0.937313437461853,0.6150075197219849
YJL189W,YCR018C,0,2.220657,0.13286319375038147,0.937313437461853,0.615107536315918
YBR107C,YER111C,0,2.2203732,0.1328444480895996,0.937313437461853,0.6152076125144958
YJL101C,YOR377W,0,2.2202945,0.13282571732997894,0.937313437461853,0.615307629108429
YGR101W,YER027C,0,2.2200727,0.13280698657035828,0.937313437461853,0.6154077053070068
YIL171W,YLR451W,0,2.2200632,0.1327882707118988,0.937313437461853,0.6155077815055847
YNL110C,YJL183W,0,2.2196257,0.13276955485343933,0.937313437461853,0.6156077980995178
YGL233W,YBL090W,0,2.2187116,0.13275083899497986,0.937313437461853,0.6157078742980957
YHR056C,YOL017W,1,2.218366,0.1328730434179306,0.9383084774017334,0.6157078742980957
YHR052W,YNL290W,0,2.2181823,0.13285432755947113,0.9383084774017334,0.6158078908920288
YJL059W,YMR152W,0,2.2179322,0.13283561170101166,0.9383084774017334,0.6159079670906067
YGR001C,YLR025W,0,2.2173724,0.13281689584255219,0.9383084774017334,0.6160079836845398
YGR057C,YAL059W,0,2.2173557,0.1327981948852539,0.9383084774017334,0.6161080598831177
YDR040C,YDR384C,0,2.217258,0.13277949392795563,0.9383084774017334,0.6162080764770508
YBR052C,YDL100C,0,2.2172008,0.13276080787181854,0.9383084774017334,0.6163081526756287
YNL094W,YLR324W,0,2.2170343,0.13274212181568146,0.9383084774017334,0.6164082288742065
YOR393W,YGL021W,0,2.216643,0.13272343575954437,0.9383084774017334,0.6165082454681396
YMR042W,YNL056W,0,2.216259,0.1327047497034073,0.9383084774017334,0.6166083216667175
YDL070W,YDL208W,0,2.2160854,0.1326860785484314,0.9383084774017334,0.6167083382606506
YLL018C-A,YJL053W,0,2.2148738,0.1326674222946167,0.9383084774017334,0.6168084144592285
YJL081C,YGR295C,0,2.2147226,0.1326487511396408,0.9383084774017334,0.6169084310531616
YDL134C,YHR119W,0,2.2143562,0.1326300948858261,0.9383084774017334,0.6170085072517395
YLR192C,YDR222W,0,2.2142782,0.1326114535331726,0.9383084774017334,0.6171085834503174
YGR001C,YLR439W,0,2.2133145,0.1325927972793579,0.9383084774017334,0.6172086000442505
YFL010W-A,YNL259C,0,2.2131915,0.1325741559267044,0.9383084774017334,0.6173086762428284
YDR508C,YGL090W,0,2.2114863,0.1325555294752121,0.9383084774017334,0.6174086928367615
YOR243C,YMR226C,0,2.2106316,0.1325368881225586,0.9383084774017334,0.6175087690353394
YPL154C,YNL330C,0,2.210236,0.13251826167106628,0.9383084774017334,0.6176087856292725
YBR097W,YCR065W,0,2.209828,0.13249965012073517,0.9383084774017334,0.6177088618278503
YHR023W,YLR186W,0,2.2093854,0.13248103857040405,0.9383084774017334,0.6178088784217834
YDL075W,YMR045C,0,2.2092938,0.13246242702007294,0.9383084774017334,0.6179089546203613
YHR017W,YNR024W,0,2.208385,0.13244381546974182,0.9383084774017334,0.6180090308189392
YER060W,YHR046C,0,2.2079895,0.1324252188205719,0.9383084774017334,0.6181090474128723
YER019C-A,YOR230W,0,2.2079847,0.13240662217140198,0.9383084774017334,0.6182091236114502
YKR049C,YLL019C,0,2.2076955,0.13238804042339325,0.9383084774017334,0.6183091402053833
YOL078W,YDR481C,0,2.207683,0.13236945867538452,0.9383084774017334,0.6184092164039612
YCL024W,YKL181W,0,2.2075052,0.1323508769273758,0.9383084774017334,0.6185092329978943
YGL104C,YOR249C,0,2.2074223,0.13233231008052826,0.9383084774017334,0.6186093091964722
YKL141W,YDR363W-A,0,2.207282,0.13231374323368073,0.9383084774017334,0.6187093257904053
YGL037C,YER161C,1,2.2071896,0.13243547081947327,0.939303457736969,0.6187093257904053
YDL084W,YDR039C,0,2.2070682,0.13241688907146454,0.939303457736969,0.6188094019889832
YLR008C,YIL130W,0,2.206681,0.132398322224617,0.939303457736969,0.618909478187561
YPL140C,YFR052W,0,2.2065387,0.13237975537776947,0.939303457736969,0.6190094947814941
YDR351W,YGR262C,0,2.2062488,0.13236118853092194,0.939303457736969,0.619109570980072
YIL107C,YLL022C,0,2.2061434,0.1323426365852356,0.939303457736969,0.6192095875740051
YOR090C,YKL026C,0,2.205752,0.13232408463954926,0.939303457736969,0.619309663772583
YBL026W,YOR334W,0,2.2045588,0.13230553269386292,0.939303457736969,0.6194096803665161
YFR037C,YMR239C,1,2.2041883,0.1324271261692047,0.9402984976768494,0.6194096803665161
YLR265C,YLL026W,0,2.2036307,0.13240857422351837,0.9402984976768494,0.619509756565094
YHL015W,YHR081W,0,2.2035525,0.13239002227783203,0.9402984976768494,0.6196098327636719
YMR246W,YDR092W,0,2.2021728,0.13237148523330688,0.9402984976768494,0.619709849357605
YOR311C,YOR192C,0,2.2019744,0.13235294818878174,0.9402984976768494,0.6198099255561829
YJL071W,YGR214W,0,2.201563,0.1323344111442566,0.9402984976768494,0.619909942150116
YIL154C,YDR057W,0,2.2011175,0.13231587409973145,0.9402984976768494,0.6200100183486938
YOL141W,YDR363W-A,0,2.2006269,0.1322973519563675,0.9402984976768494,0.620110034942627
YJR130C,YNL318C,0,2.2003822,0.13227882981300354,0.9402984976768494,0.6202101111412048
YGR047C,YGR070W,0,2.199613,0.13226032257080078,0.9402984976768494,0.6203101277351379
YMR246W,YBR187W,0,2.1995964,0.13224181532859802,0.9402984976768494,0.6204102039337158
YLR009W,YKL016C,0,2.1995416,0.13222330808639526,0.9402984976768494,0.6205102801322937
YIR037W,YDR120C,0,2.1985636,0.1322048157453537,0.9402984976768494,0.6206102967262268
YDR100W,YMR215W,0,2.197894,0.13218632340431213,0.9402984976768494,0.6207103729248047
YNL263C,YJR034W,0,2.197806,0.13216783106327057,0.9402984976768494,0.6208103895187378
YKL067W,YOR036W,0,2.1970463,0.1321493536233902,0.9402984976768494,0.6209104657173157
YAL068C,YKL212W,0,2.196827,0.13213087618350983,0.9402984976768494,0.6210104823112488
YPL174C,YAL040C,0,2.1963634,0.13211239874362946,0.9402984976768494,0.6211105585098267
YLR056W,YHR082C,0,2.1962907,0.13209393620491028,0.9402984976768494,0.6212106347084045
YDR265W,YHR076W,0,2.1961787,0.1320754736661911,0.9402984976768494,0.6213106513023376
YHR119W,YGL194C,1,2.1960182,0.13219675421714783,0.9412935376167297,0.6213106513023376
YDL184C,YHL008C,0,2.1958213,0.13217829167842865,0.9412935376167297,0.6214107275009155
YOR315W,YER159C,0,2.195635,0.13215981423854828,0.9412935376167297,0.6215107440948486
YDR312W,YDL220C,0,2.1954482,0.1321413666009903,0.9412935376167297,0.6216108202934265
YGL094C,YDR086C,0,2.195057,0.13212290406227112,0.9412935376167297,0.6217108368873596
YGL037C,YBL002W,1,2.1939874,0.13224409520626068,0.9422885775566101,0.6217108368873596
YLR153C,YNL288W,0,2.193822,0.1322256326675415,0.9422885775566101,0.6218109130859375
YDL076C,YPL017C,0,2.193368,0.13220717012882233,0.9422885775566101,0.6219109296798706
YEL031W,YDR308C,0,2.1933641,0.13218872249126434,0.9422885775566101,0.6220110058784485
YPR086W,YGR162W,0,2.1932986,0.13217027485370636,0.9422885775566101,0.6221110820770264
YEL027W,YLL035W,0,2.1932893,0.13215182721614838,0.9422885775566101,0.6222110986709595
YDR375C,YDR025W,0,2.193264,0.1321333944797516,0.9422885775566101,0.6223111748695374
YDR414C,YDR387C,0,2.192869,0.1321149617433548,0.9422885775566101,0.6224111914634705
YMR285C,YNL248C,0,2.1928172,0.132096529006958,0.9422885775566101,0.6225112676620483
YOR251C,YHR096C,0,2.1914697,0.13207809627056122,0.9422885775566101,0.6226112842559814
YMR211W,YBR022W,0,2.191234,0.13205967843532562,0.9422885775566101,0.6227113604545593
YER060W-A,YDL051W,0,2.1908872,0.13204127550125122,0.9422885775566101,0.6228113770484924
YLR023C,YNL127W,0,2.1900954,0.13202285766601562,0.9422885775566101,0.6229114532470703
YBR085W,YHR089C,0,2.1900363,0.13200445473194122,0.9422885775566101,0.6230115294456482
YLR228C,YGL211W,0,2.1898613,0.13198606669902802,0.9422885775566101,0.6231115460395813
YPR131C,YKR058W,0,2.1898112,0.1319676637649536,0.9422885775566101,0.6232116222381592
YLR429W,YDR055W,0,2.1869855,0.1319492757320404,0.9422885775566101,0.6233116388320923
YMR175W,YHR005C,0,2.1869166,0.1319309026002884,0.9422885775566101,0.6234117150306702
YAL002W,YIL002C,0,2.1867666,0.13191252946853638,0.9422885775566101,0.6235117316246033
YDR367W,YER045C,0,2.1865392,0.13189415633678436,0.9422885775566101,0.6236118078231812
YKL053C-A,YDR233C,0,2.1852326,0.13187578320503235,0.9422885775566101,0.623711884021759
YJR009C,YOR332W,0,2.1851883,0.13185742497444153,0.9422885775566101,0.6238119006156921
YPL116W,YOR113W,0,2.1848838,0.1318390667438507,0.9422885775566101,0.62391197681427
YCR105W,YDR067C,0,2.184382,0.1318207085132599,0.9422885775566101,0.6240119934082031
YLR429W,YOL055C,0,2.183845,0.13180236518383026,0.9422885775566101,0.624112069606781
YGL161C,YKL156W,0,2.1834767,0.13178402185440063,0.9422885775566101,0.6242120862007141
YGL064C,YKL212W,0,2.1834595,0.1317656934261322,0.9422885775566101,0.624312162399292
YBR087W,YHR017W,0,2.1830509,0.13174735009670258,0.9422885775566101,0.6244121789932251
YBL014C,YCL064C,0,2.1829944,0.13172903656959534,0.9422885775566101,0.624512255191803
YDR345C,YHR119W,0,2.1828024,0.1317107081413269,0.9422885775566101,0.6246123313903809
YCR053W,YDR422C,0,2.1826303,0.13169239461421967,0.9422885775566101,0.624712347984314
YDL206W,YOL086C,0,2.182381,0.13167408108711243,0.9422885775566101,0.6248124241828918
YCR040W,YPR135W,0,2.1823068,0.13165578246116638,0.9422885775566101,0.624912440776825
YOL102C,YDR454C,0,2.1812065,0.13163746893405914,0.9422885775566101,0.6250125169754028
YPR191W,YPR159W,0,2.180694,0.1316191852092743,0.9422885775566101,0.6251125335693359
YGL098W,YMR133W,0,2.1806047,0.13160088658332825,0.9422885775566101,0.6252126097679138
YOR124C,YOL154W,0,2.1793208,0.1315826028585434,0.9422885775566101,0.6253126859664917
YJR126C,YIL002C,0,2.1787062,0.13156431913375854,0.9422885775566101,0.6254127025604248
YOR222W,YBR188C,0,2.1782413,0.1315460503101349,0.9422885775566101,0.6255127787590027
YHR197W,YJR089W,0,2.1781874,0.13152778148651123,0.9422885775566101,0.6256127953529358
YJL141C,YGR292W,0,2.1779113,0.13150951266288757,0.9422885775566101,0.6257128715515137
YGR159C,YMR210W,0,2.1774504,0.1314912587404251,0.9422885775566101,0.6258128881454468
YDR109C,YDR397C,0,2.1768837,0.13147298991680145,0.9422885775566101,0.6259129643440247
YMR269W,YOR011W,0,2.1762156,0.13145475089550018,0.9422885775566101,0.6260129809379578
YNL314W,YGL093W,0,2.1759417,0.13143649697303772,0.9422885775566101,0.6261130571365356
YDR098C,YDR430C,0,2.175129,0.13141825795173645,0.9422885775566101,0.6262131333351135
YAL051W,YLR080W,0,2.1750534,0.13140003383159637,0.9422885775566101,0.6263131499290466
YPR192W,YLR404W,0,2.174234,0.1313817948102951,0.9422885775566101,0.6264132261276245
YLR359W,YLR299W,0,2.1735353,0.13136357069015503,0.9422885775566101,0.6265132427215576
YDR469W,YAL021C,0,2.1731777,0.13134534657001495,0.9422885775566101,0.6266133189201355
YCL035C,YMR163C,0,2.1719952,0.13132713735103607,0.9422885775566101,0.6267133355140686
YLL038C,YDR280W,0,2.1702318,0.1313089281320572,0.9422885775566101,0.6268134117126465
YLR056W,YKL194C,0,2.1695995,0.1312907189130783,0.9422885775566101,0.6269134283065796
YPL139C,YAL030W,0,2.168592,0.13127252459526062,0.9422885775566101,0.6270135045051575
YML045W,YER091C,0,2.1685615,0.13125433027744293,0.9422885775566101,0.6271135807037354
YGR225W,YIL138C,0,2.1681623,0.13123613595962524,0.9422885775566101,0.6272135972976685
YBR301W,YPR037C,0,2.1681433,0.13121795654296875,0.9422885775566101,0.6273136734962463
YDR498C,YDR513W,0,2.1675448,0.13119977712631226,0.9422885775566101,0.6274136900901794
YLR345W,YDL227C,0,2.166935,0.13118159770965576,0.9422885775566101,0.6275137662887573
YCR054C,YML056C,0,2.1668544,0.13116343319416046,0.9422885775566101,0.6276137828826904
YMR044W,YMR284W,1,2.1658566,0.13128376007080078,0.9432835578918457,0.6276137828826904
YHR113W,YGR262C,0,2.1657796,0.1312655806541443,0.9432835578918457,0.6277138590812683
YLR086W,YLR356W,0,2.1653357,0.1312474012374878,0.9432835578918457,0.6278139352798462
YDR424C,YKL088W,0,2.1640573,0.1312292367219925,0.9432835578918457,0.6279139518737793
YPL204W,YKR009C,0,2.1638799,0.1312110722064972,0.9432835578918457,0.6280140280723572
YOR252W,YEL012W,0,2.1634798,0.1311929076910019,0.9432835578918457,0.6281140446662903
YFR031C,YGR167W,0,2.1634483,0.13117475807666779,0.9432835578918457,0.6282141208648682
YOR265W,YMR163C,0,2.1631618,0.13115660846233368,0.9432835578918457,0.6283141374588013
YJL133W,YLR347C,0,2.162652,0.13113847374916077,0.9432835578918457,0.6284142136573792
YOR059C,YKR075C,0,2.1621666,0.13112033903598785,0.9432835578918457,0.6285142302513123
YMR284W,YML081C-A,0,2.16169,0.13110220432281494,0.9432835578918457,0.6286143064498901
YJR073C,YKL210W,0,2.1610374,0.13108406960964203,0.9432835578918457,0.628714382648468
YBR037C,YDR030C,0,2.1600862,0.1310659497976303,0.9432835578918457,0.6288143992424011
YCL057W,YCL051W,0,2.1598582,0.1310478299856186,0.9432835578918457,0.628914475440979
YLR004C,YGR268C,0,2.1598177,0.13102971017360687,0.9432835578918457,0.6290144920349121
YDR429C,YHR206W,0,2.1597252,0.13101160526275635,0.9432835578918457,0.62911456823349
YDR234W,YIR023W,0,2.158517,0.13099350035190582,0.9432835578918457,0.6292145848274231
YLR038C,YLL011W,0,2.1577992,0.1309754103422165,0.9432835578918457,0.629314661026001
YMR175W,YEL036C,0,2.1564984,0.13095732033252716,0.9432835578918457,0.6294146776199341
YGL244W,YHR092C,0,2.1561904,0.13093923032283783,0.9432835578918457,0.629514753818512
YFL010W-A,YMR218C,0,2.156008,0.1309211403131485,0.9432835578918457,0.6296148300170898
YOR294W,YER093C,0,2.1543581,0.13090306520462036,0.9432835578918457,0.629714846611023
YNL213C,YJL080C,0,2.1538987,0.13088499009609222,0.9432835578918457,0.6298149228096008
YML048W,YHR169W,0,2.1535182,0.13086692988872528,0.9432835578918457,0.6299149394035339
YOL076W,YHR215W,0,2.152853,0.13084885478019714,0.9432835578918457,0.6300150156021118
YDR111C,YBL074C,0,2.1517954,0.1308308094739914,0.9432835578918457,0.6301150321960449
YDR365C,YMR242C,0,2.1515424,0.13081274926662445,0.9432835578918457,0.6302151083946228
YBR091C,YMR290C,0,2.1498034,0.1307947039604187,0.9432835578918457,0.6303151845932007
YAL062W,YOL123W,0,2.1485991,0.13077665865421295,0.9432835578918457,0.6304152011871338
YJR133W,YML040W,0,2.147997,0.1307586133480072,0.9432835578918457,0.6305152773857117
YLR102C,YML091C,0,2.1476293,0.13074058294296265,0.9432835578918457,0.6306152939796448
YIL062C,YLR165C,0,2.146038,0.1307225525379181,0.9432835578918457,0.6307153701782227
YJR066W,YJR094W-A,0,2.1455512,0.13070453703403473,0.9432835578918457,0.6308153867721558
YHL012W,YJR025C,0,2.1439314,0.13068652153015137,0.9432835578918457,0.6309154629707336
YNR021W,YIL037C,0,2.1438346,0.130668506026268,0.9432835578918457,0.6310154795646667
YHR160C,YER046W,0,2.1437361,0.13065049052238464,0.9432835578918457,0.6311155557632446
YFL011W,YCR081W,0,2.143608,0.13063248991966248,0.9432835578918457,0.6312156319618225
YOR047C,YEL044W,0,2.1434412,0.1306144893169403,0.9432835578918457,0.6313156485557556
YOR103C,YMR173W,0,2.143386,0.13059650361537933,0.9432835578918457,0.6314157247543335
YAL034W-A,YER131W,0,2.1433775,0.13057851791381836,0.9432835578918457,0.6315157413482666
YOR381W,YGL026C,0,2.1433024,0.13056053221225739,0.9432835578918457,0.6316158175468445
YJL194W,YDR225W,1,2.1428943,0.13068024814128876,0.9442785978317261,0.6316158175468445
YOR239W,YER082C,0,2.142499,0.13066226243972778,0.9442785978317261,0.6317158341407776
YGR211W,YMR205C,0,2.142447,0.1306442767381668,0.9442785978317261,0.6318159103393555
YKL171W,YHL025W,0,2.1419091,0.13062629103660583,0.9442785978317261,0.6319159865379333
YOR123C,YMR173W,0,2.1416533,0.13060830533504486,0.9442785978317261,0.6320160031318665
YNL307C,YBR282W,0,2.1415737,0.13059033453464508,0.9442785978317261,0.6321160793304443
YKR101W,YLR442C,1,2.1409237,0.1307099610567093,0.9452736377716064,0.6321160793304443
YOR306C,YOL018C,0,2.1402955,0.13069197535514832,0.9452736377716064,0.6322160959243774
YNL138W,YCR010C,0,2.140057,0.13067400455474854,0.9452736377716064,0.6323161721229553
YMR220W,YGR112W,0,2.1397843,0.13065603375434875,0.9452736377716064,0.6324161887168884
YGL111W,YER036C,0,2.1396856,0.13063806295394897,0.9452736377716064,0.6325162649154663
YNL092W,YDR492W,0,2.139291,0.1306201070547104,0.9452736377716064,0.6326162815093994
YLR129W,YDR424C,0,2.1392517,0.1306021511554718,0.9452736377716064,0.6327163577079773
YOR304W,YPR122W,0,2.1389177,0.13058419525623322,0.9452736377716064,0.6328164339065552
YGR260W,YDR039C,0,2.1374686,0.13056623935699463,0.9452736377716064,0.6329164505004883
YLR237W,YDL087C,0,2.137331,0.13054829835891724,0.9452736377716064,0.6330165266990662
YEL038W,YMR156C,0,2.1366267,0.13053037226200104,0.9452736377716064,0.6331165432929993
YER113C,YMR304W,0,2.136574,0.13051243126392365,0.9452736377716064,0.6332166194915771
YMR312W,YGL040C,0,2.1355982,0.13049450516700745,0.9452736377716064,0.6333166360855103
YBR036C,YDR515W,0,2.135476,0.13047657907009125,0.9452736377716064,0.6334167122840881
YCR020W-B,YBL003C,1,2.1347597,0.13059599697589874,0.9462686777114868,0.6334167122840881
YIL138C,YPL207W,0,2.1347327,0.13057805597782135,0.9462686777114868,0.6335167288780212
YNL298W,YOL092W,0,2.1343513,0.13056012988090515,0.9462686777114868,0.6336168050765991
YCR036W,YOR075W,0,2.134335,0.13054220378398895,0.9462686777114868,0.633716881275177
YOL064C,YDR074W,0,2.1339471,0.13052429258823395,0.9462686777114868,0.6338168978691101
YJR050W,YMR053C,0,2.1333032,0.13050638139247894,0.9462686777114868,0.633916974067688
YGL019W,YKL009W,0,2.132477,0.13048847019672394,0.9462686777114868,0.6340169906616211
YLR466W,YLL035W,0,2.1302788,0.13047057390213013,0.9462686777114868,0.634117066860199
YDL139C,YBR130C,0,2.1297333,0.13045267760753632,0.9462686777114868,0.6342170834541321
YNL132W,YNL129W,0,2.1295755,0.1304347813129425,0.9462686777114868,0.63431715965271
YER106W,YGL226C-A,0,2.1289253,0.1304168999195099,0.9462686777114868,0.6344172358512878
YLR100W,YLR370C,0,2.1285276,0.13039901852607727,0.9462686777114868,0.634517252445221
YJL005W,YMR227C,0,2.1281104,0.13038113713264465,0.9462686777114868,0.6346173286437988
YJR022W,YOR032C,0,2.1277597,0.13036325573921204,0.9462686777114868,0.6347173452377319
YMR195W,YKL009W,0,2.1272361,0.1303453892469406,0.9462686777114868,0.6348174214363098
YOR377W,YKL061W,0,2.127077,0.13032753765583038,0.9462686777114868,0.6349174380302429
YGL019W,YNL110C,0,2.1265593,0.13030967116355896,0.9462686777114868,0.6350175142288208
YPL126W,YGR078C,0,2.1265469,0.13029181957244873,0.9462686777114868,0.6351175308227539
YER019C-A,YJL219W,0,2.1261635,0.1302739679813385,0.9462686777114868,0.6352176070213318
YOR068C,YKL144C,0,2.1259055,0.13025613129138947,0.9462686777114868,0.6353176832199097
YFR030W,YBR012W-A,0,2.1258845,0.13023829460144043,0.9462686777114868,0.6354176998138428
YNL079C,YIL124W,0,2.1257908,0.1302204579114914,0.9462686777114868,0.6355177760124207
YMR243C,YBR016W,0,2.1242821,0.13020263612270355,0.9462686777114868,0.6356177926063538
YMR051C,YGR279C,0,2.1240115,0.13018479943275452,0.9462686777114868,0.6357178688049316
YHR046C,YPL231W,0,2.1239724,0.13016699254512787,0.9462686777114868,0.6358178853988647
YOR219C,YJR102C,0,2.1228118,0.13014917075634003,0.9462686777114868,0.6359179615974426
YDR421W,YLR073C,0,2.1220474,0.13013136386871338,0.9462686777114868,0.6360180377960205
YER055C,YDL015C,0,2.1217258,0.13011355698108673,0.9462686777114868,0.6361180543899536
YIL072W,YOR393W,0,2.120471,0.13009576499462128,0.9462686777114868,0.6362181305885315
YOR359W,YDR285W,0,2.1193717,0.13007795810699463,0.9462686777114868,0.6363181471824646
YER082C,YDL137W,0,2.119321,0.13006018102169037,0.9462686777114868,0.6364182233810425
YGL123W,YGR260W,0,2.1179247,0.13004238903522491,0.9462686777114868,0.6365182399749756
YOL090W,YLR246W,0,2.1179094,0.13002461194992065,0.9462686777114868,0.6366183161735535
YIR011C,YFR025C,0,2.1170192,0.1300068348646164,0.9462686777114868,0.6367183327674866
YLR074C,YKL059C,0,2.1169293,0.12998905777931213,0.9462686777114868,0.6368184089660645
YMR301C,YPL176C,0,2.1159546,0.12997129559516907,0.9462686777114868,0.6369184851646423
YPR011C,YGR054W,0,2.1158495,0.129953533411026,0.9462686777114868,0.6370185017585754
YDR069C,YDR289C,0,2.1155152,0.12993578612804413,0.9462686777114868,0.6371185779571533
YAL021C,YJL071W,0,2.1155005,0.12991803884506226,0.9462686777114868,0.6372185945510864
YKL067W,YJR118C,0,2.1146011,0.12990029156208038,0.9462686777114868,0.6373186707496643
YER060W-A,YCL001W,0,2.1143436,0.1298825442790985,0.9462686777114868,0.6374186873435974
YGR245C,YFL017W-A,0,2.1142697,0.12986481189727783,0.9462686777114868,0.6375187635421753
YGR095C,YIL094C,0,2.1135623,0.12984707951545715,0.9462686777114868,0.6376187801361084
YHR193C,YNL182C,0,2.1126938,0.12982934713363647,0.9462686777114868,0.6377188563346863
YOR224C,YDR158W,0,2.1121569,0.129811629652977,0.9462686777114868,0.6378189325332642
YJL080C,YIL053W,0,2.1119385,0.1297939121723175,0.9462686777114868,0.6379189491271973
YLR197W,YML096W,0,2.1114533,0.12977619469165802,0.9462686777114868,0.6380190253257751
YIR031C,YKL024C,0,2.111364,0.12975849211215973,0.9462686777114868,0.6381190419197083
YCR081W,YLR158C,0,2.1112444,0.12974078953266144,0.9462686777114868,0.6382191181182861
YDR528W,YIL037C,0,2.1111004,0.12972308695316315,0.9462686777114868,0.6383191347122192
YMR152W,YJR083C,0,2.1105123,0.12970539927482605,0.9462686777114868,0.6384192109107971
YDR421W,YHR027C,0,2.1102703,0.12968771159648895,0.9462686777114868,0.638519287109375
YCR086W,YDR039C,0,2.1096945,0.12967002391815186,0.9462686777114868,0.6386193037033081
YOR273C,YNL271C,0,2.108881,0.12965235114097595,0.9462686777114868,0.638719379901886
YOR145C,YMR183C,0,2.108298,0.12963467836380005,0.9462686777114868,0.6388193964958191
YOL125W,YOL028C,0,2.1079335,0.12961700558662415,0.9462686777114868,0.638919472694397
YBR156C,YGR058W,0,2.1075184,0.12959934771060944,0.9462686777114868,0.6390194892883301
YML087C,YPL097W,0,2.1060023,0.12958168983459473,0.9462686777114868,0.639119565486908
YLR389C,YNL158W,0,2.105482,0.12956403195858002,0.9462686777114868,0.6392195820808411
YGR229C,YCL031C,0,2.1054645,0.1295463889837265,0.9462686777114868,0.639319658279419
YIL087C,YBL011W,0,2.1053064,0.12952874600887299,0.9462686777114868,0.6394197344779968
YJL089W,YOR182C,0,2.1048675,0.12951110303401947,0.9462686777114868,0.6395197510719299
YER052C,YKL060C,0,2.104263,0.12949346005916595,0.9462686777114868,0.6396198272705078
YNR032C-A,YDR288W,0,2.1042037,0.12947583198547363,0.9462686777114868,0.6397198438644409
YDL033C,YGL122C,0,2.1033149,0.1294582039117813,0.9462686777114868,0.6398199200630188
YGL106W,YJR131W,0,2.1027238,0.12944059073925018,0.9462686777114868,0.6399199366569519
YML036W,YGR208W,0,2.101705,0.12942297756671906,0.9462686777114868,0.6400200128555298
YOR230W,YDL030W,0,2.1013012,0.12940536439418793,0.9462686777114868,0.6401200890541077
YHR056C,YMR223W,1,2.1012034,0.12952381372451782,0.9472636580467224,0.6401200890541077
YJL198W,YML098W,0,2.1011498,0.1295061856508255,0.9472636580467224,0.6402201056480408
YOL078W,YDR384C,0,2.1005728,0.12948857247829437,0.9472636580467224,0.6403201818466187
YJR051W,YER014W,0,2.0998557,0.12947095930576324,0.9472636580467224,0.6404201984405518
YNL016W,YAL033W,0,2.0992975,0.1294533610343933,0.9472636580467224,0.6405202746391296
YCR036W,YKR019C,0,2.0971026,0.12943576276302338,0.9472636580467224,0.6406202912330627
YKL143W,YNL119W,0,2.0965462,0.12941816449165344,0.9472636580467224,0.6407203674316406
YMR049C,YKL134C,0,2.096108,0.1294005662202835,0.9472636580467224,0.6408203840255737
YIL107C,YDR115W,0,2.095518,0.12938298285007477,0.9472636580467224,0.6409204602241516
YLL062C,YBR238C,0,2.0951576,0.12936539947986603,0.9472636580467224,0.6410205364227295
YIL075C,YPL134C,0,2.0946007,0.12934783101081848,0.9472636580467224,0.6411205530166626
YKR068C,YDR009W,0,2.094296,0.12933024764060974,0.9472636580467224,0.6412206292152405
YNR038W,YDL209C,0,2.0942407,0.1293126940727234,0.9472636580467224,0.6413206458091736
YGL037C,YKL112W,1,2.094092,0.12943093478679657,0.9482586979866028,0.6413206458091736
YLR058C,YOL103W,0,2.0940561,0.12941336631774902,0.9482586979866028,0.6414207220077515
YJL130C,YOR391C,0,2.0929422,0.12939579784870148,0.9482586979866028,0.6415207386016846
YDR343C,YNL016W,0,2.0928535,0.12937822937965393,0.9482586979866028,0.6416208148002625
YLR075W,YHR035W,0,2.092814,0.12936066091060638,0.9482586979866028,0.6417208313941956
YKL053C-A,YKL149C,0,2.092412,0.12934310734272003,0.9482586979866028,0.6418209075927734
YDR040C,YDR158W,0,2.0918746,0.12932555377483368,0.9482586979866028,0.6419209837913513
YBR149W,YGL129C,0,2.091855,0.12930800020694733,0.9482586979866028,0.6420210003852844
YMR042W,YGR263C,0,2.0916235,0.12929046154022217,0.9482586979866028,0.6421210765838623
YDR135C,YDR211W,0,2.0907073,0.129272922873497,0.9482586979866028,0.6422210931777954
YPR166C,YBL063W,0,2.090639,0.12925538420677185,0.9482586979866028,0.6423211693763733
YNL294C,YKR034W,0,2.0906343,0.12923786044120789,0.9482586979866028,0.6424211859703064
YIL167W,YBL092W,0,2.0900297,0.12922033667564392,0.9482586979866028,0.6425212621688843
YGL045W,YBR276C,0,2.0895119,0.12920281291007996,0.9482586979866028,0.6426213383674622
YAL008W,YOL117W,0,2.0891848,0.12918530404567719,0.9482586979866028,0.6427213549613953
YJL048C,YGL223C,0,2.0889375,0.12916779518127441,0.9482586979866028,0.6428214311599731
YOR119C,YLR130C,0,2.0880723,0.12915028631687164,0.9482586979866028,0.6429214477539062
YKL052C,YOR211C,0,2.0878968,0.12913279235363007,0.9482586979866028,0.6430215239524841
YCR005C,YJL148W,0,2.0875711,0.1291152983903885,0.9482586979866028,0.6431215405464172
YHR099W,YDR361C,0,2.0875072,0.1290978044271469,0.9482586979866028,0.6432216167449951
YDR201W,YDL138W,0,2.086429,0.12908032536506653,0.9482586979866028,0.6433216333389282
YDR320C-A,YER159C,0,2.0859938,0.12906283140182495,0.9482586979866028,0.6434217095375061
YLR014C,YLR176C,0,2.085629,0.12904536724090576,0.9482586979866028,0.643521785736084
YHR092C,YML101C,0,2.0853262,0.12902788817882538,0.9482586979866028,0.6436218023300171
YCR077C,YLR164W,0,2.0848646,0.1290104240179062,0.9482586979866028,0.643721878528595
YLR390W-A,YOR267C,0,2.0848403,0.128992959856987,0.9482586979866028,0.6438218951225281
YDL209C,YLR401C,0,2.0846813,0.128975510597229,0.9482586979866028,0.643921971321106
YOL019W,YMR176W,0,2.0843592,0.12895804643630981,0.9482586979866028,0.6440219879150391
YLR026C,YBR176W,0,2.0841289,0.12894059717655182,0.9482586979866028,0.6441220641136169
YPL131W,YCR005C,0,2.084075,0.12892316281795502,0.9482586979866028,0.6442221403121948
YBR231C,YPL154C,0,2.0840566,0.12890572845935822,0.9482586979866028,0.6443221569061279
YJR025C,YDR239C,0,2.0837014,0.1288882941007614,0.9482586979866028,0.6444222331047058
YBR273C,YDR254W,0,2.0828454,0.1288708597421646,0.9482586979866028,0.6445222496986389
YDR196C,YBR084W,0,2.0827527,0.128853440284729,0.9482586979866028,0.6446223258972168
YBL098W,YDR120C,0,2.0826542,0.1288360208272934,0.9482586979866028,0.6447223424911499
YOL077C,YPL193W,0,2.0820034,0.1288186013698578,0.9482586979866028,0.6448224186897278
YER114C,YJL197W,0,2.0819402,0.12880118191242218,0.9482586979866028,0.6449224352836609
YOR291W,YKL180W,0,2.0810103,0.12878377735614777,0.9482586979866028,0.6450225114822388
YHR052W,YOR181W,0,2.0807302,0.12876638770103455,0.9482586979866028,0.6451225876808167
YHR105W,YDL024C,0,2.0806353,0.12874898314476013,0.9482586979866028,0.6452226042747498
YOL067C,YER038C,0,2.0806277,0.1287315934896469,0.9482586979866028,0.6453226804733276
YKR050W,YDR165W,0,2.0802672,0.1287142038345337,0.9482586979866028,0.6454226970672607
YBR181C,YLR208W,0,2.080243,0.12869682908058167,0.9482586979866028,0.6455227732658386
YNL063W,YLR024C,0,2.0799944,0.12867945432662964,0.9482586979866028,0.6456227898597717
YBR268W,YML087C,0,2.0799851,0.1286620795726776,0.9482586979866028,0.6457228660583496
YPR133W-A,YLR385C,0,2.079187,0.12864470481872559,0.9482586979866028,0.6458228826522827
YGL170C,YER082C,0,2.07907,0.12862734496593475,0.9482586979866028,0.6459229588508606
YLL012W,YCL032W,0,2.0790577,0.12860998511314392,0.9482586979866028,0.6460230350494385
YJL048C,YOR177C,0,2.0790489,0.1285926252603531,0.9482586979866028,0.6461230516433716
YAL019W,YML047C,0,2.0789886,0.12857528030872345,0.9482586979866028,0.6462231278419495
YJR135W-A,YPR031W,0,2.0782852,0.1285579353570938,0.9482586979866028,0.6463231444358826
YJL046W,YPL083C,0,2.0777829,0.12854060530662537,0.9482586979866028,0.6464232206344604
YPL040C,YJL072C,0,2.0752716,0.12852326035499573,0.9482586979866028,0.6465232372283936
YOL053C-A,YDL112W,0,2.074464,0.12850593030452728,0.9482586979866028,0.6466233134269714
YDR518W,YDR189W,0,2.0741508,0.12848860025405884,0.9482586979866028,0.6467233896255493
YBR172C,YOR175C,0,2.0735555,0.1284712851047516,0.9482586979866028,0.6468234062194824
YLR413W,YOR131C,0,2.0734742,0.12845396995544434,0.9482586979866028,0.6469234824180603
YNL251C,YLL008W,0,2.073278,0.12843665480613708,0.9482586979866028,0.6470234990119934
YJR138W,YIL138C,0,2.072853,0.12841935455799103,0.9482586979866028,0.6471235752105713
YOR004W,YER020W,0,2.0721135,0.12840205430984497,0.9482586979866028,0.6472235918045044
YAL002W,YLR048W,0,2.070911,0.1283847540616989,0.9482586979866028,0.6473236680030823
YDL208W,YKL168C,0,2.0707965,0.12836745381355286,0.9482586979866028,0.6474236845970154
YFR053C,YMR055C,0,2.0707943,0.128350168466568,0.9482586979866028,0.6475237607955933
YER117W,YEL050C,0,2.0702662,0.12833288311958313,0.9482586979866028,0.6476238369941711
YOR380W,YJR021C,0,2.0701375,0.12831561267375946,0.9482586979866028,0.6477238535881042
YGR159C,YPR128C,0,2.0696294,0.1282983273267746,0.9482586979866028,0.6478239297866821
YML058W-A,YPL161C,0,2.0693662,0.12828105688095093,0.9482586979866028,0.6479239463806152
YBL082C,YDL148C,0,2.0689883,0.12826380133628845,0.9482586979866028,0.6480240225791931
YFR032C-A,YPR198W,0,2.0685136,0.12824653089046478,0.9482586979866028,0.6481240391731262
YPR010C,YDR178W,0,2.0678675,0.1282292753458023,0.9482586979866028,0.6482241153717041
YBR162C,YDR283C,0,2.067597,0.12821203470230103,0.9482586979866028,0.648324191570282
YLR207W,YDR122W,0,2.0670762,0.12819477915763855,0.9482586979866028,0.6484242081642151
YNL138W-A,YDR158W,0,2.0666308,0.12817753851413727,0.9482586979866028,0.648524284362793
YOL140W,YLR286C,0,2.0665042,0.128160297870636,0.9482586979866028,0.6486243009567261
YLR414C,YDL074C,0,2.0664797,0.1281430721282959,0.9482586979866028,0.648724377155304
YEL059C-A,YBR237W,0,2.0664408,0.1281258463859558,0.9482586979866028,0.6488243937492371
YHR064C,YLR154C,0,2.0663764,0.12810862064361572,0.9482586979866028,0.6489244699478149
YIL079C,YLR048W,0,2.0655565,0.12809139490127563,0.9482586979866028,0.649024486541748
YEL058W,YDR378C,0,2.0654593,0.12807418406009674,0.9482586979866028,0.6491245627403259
YCR072C,YML095C,0,2.065144,0.12805697321891785,0.9482586979866028,0.6492246389389038
YPR192W,YLR321C,0,2.064644,0.12803976237773895,0.9482586979866028,0.6493246555328369
YDR096W,YGL096W,0,2.0640702,0.12802256643772125,0.9482586979866028,0.6494247317314148
YPL234C,YHR164C,0,2.0618472,0.12800537049770355,0.9482586979866028,0.6495247483253479
YOR242C,YGR075C,0,2.0611243,0.12798817455768585,0.9482586979866028,0.6496248245239258
YCR054C,YGL126W,0,2.0607517,0.12797099351882935,0.9482586979866028,0.6497248411178589
YER106W,YJR078W,0,2.0606987,0.12795381247997284,0.9482586979866028,0.6498249173164368
YGR225W,YNL007C,0,2.059431,0.12793663144111633,0.9482586979866028,0.6499249339103699
YOR068C,YER063W,0,2.0593836,0.12791946530342102,0.9482586979866028,0.6500250101089478
YOR291W,YDL069C,0,2.0577092,0.1279022991657257,0.9482586979866028,0.6501250863075256
YPL189W,YHR077C,0,2.0566726,0.1278851330280304,0.9482586979866028,0.6502251029014587
YMR091C,YMR086W,0,2.056645,0.12786796689033508,0.9482586979866028,0.6503251791000366
YHR169W,YBR096W,0,2.056634,0.12785081565380096,0.9482586979866028,0.6504251956939697
YIR026C,YMR006C,0,2.0558512,0.12783366441726685,0.9482586979866028,0.6505252718925476
YMR182C,YMR012W,0,2.0558465,0.12781652808189392,0.9482586979866028,0.6506252884864807
YAL025C,YER133W,0,2.0555844,0.1277993768453598,0.9482586979866028,0.6507253646850586
YGR078C,YGL236C,0,2.0554373,0.12778224050998688,0.9482586979866028,0.6508254408836365
YDR350C,YDR511W,0,2.0552073,0.12776511907577515,0.9482586979866028,0.6509254574775696
YBR222C,YOR322C,0,2.052298,0.12774798274040222,0.9482586979866028,0.6510255336761475
YKL166C,YJL167W,0,2.0516188,0.1277308613061905,0.9482586979866028,0.6511255502700806
YDL078C,YNR018W,0,2.0512981,0.12771375477313995,0.9482586979866028,0.6512256264686584
YKL002W,YDR129C,0,2.050787,0.12769663333892822,0.9482586979866028,0.6513256430625916
YBR058C,YDR263C,0,2.0506873,0.12767952680587769,0.9482586979866028,0.6514257192611694
YCR021C,YKR069W,0,2.0505586,0.12766242027282715,0.9482586979866028,0.6515257358551025
YCR012W,YJR094W-A,0,2.050346,0.1276453286409378,0.9482586979866028,0.6516258120536804
YLR208W,YKL088W,0,2.0496674,0.12762823700904846,0.9482586979866028,0.6517258882522583
YIL145C,YPL036W,0,2.0496387,0.12761114537715912,0.9482586979866028,0.6518259048461914
YDR363W,YDR167W,1,2.048664,0.1277279406785965,0.9492537379264832,0.6518259048461914
YDL128W,YDR176W,0,2.0480247,0.12771084904670715,0.9492537379264832,0.6519259810447693
YNL110C,YDR443C,0,2.0474052,0.12769374251365662,0.9492537379264832,0.6520259976387024
YFL054C,YDL208W,0,2.047308,0.12767666578292847,0.9492537379264832,0.6521260738372803
YOL116W,YPL135W,0,2.0468516,0.12765957415103912,0.9492537379264832,0.6522260904312134
YGL211W,YKL088W,0,2.0466442,0.12764249742031097,0.9492537379264832,0.6523261666297913
YNL161W,YPL220W,0,2.046142,0.12762542068958282,0.9492537379264832,0.6524262428283691
YHR067W,YMR308C,0,2.0459044,0.12760834395885468,0.9492537379264832,0.6525262594223022
YJR063W,YJR076C,0,2.0452845,0.12759128212928772,0.9492537379264832,0.6526263356208801
YFL017W-A,YBR031W,0,2.0449362,0.12757422029972076,0.9492537379264832,0.6527263522148132
YLR324W,YCL027W,0,2.044755,0.1275571584701538,0.9492537379264832,0.6528264284133911
YOR382W,YKR069W,0,2.042956,0.12754011154174805,0.9492537379264832,0.6529264450073242
YGL133W,YGL163C,1,2.041786,0.1276567280292511,0.9502487778663635,0.6529264450073242
YNL128W,YBR040W,0,2.0414772,0.12763966619968414,0.9502487778663635,0.6530265212059021
YML005W,YDR407C,0,2.0414443,0.1276226043701172,0.9502487778663635,0.6531265377998352
YDL061C,YNL052W,0,2.0410838,0.12760555744171143,0.9502487778663635,0.6532266139984131
YNR007C,YOR162C,0,2.040989,0.12758851051330566,0.9502487778663635,0.653326690196991
YJR031C,YNL278W,0,2.0409145,0.1275714635848999,0.9502487778663635,0.6534267067909241
YOR065W,YPL254W,0,2.0399895,0.12755443155765533,0.9502487778663635,0.653526782989502
YGL147C,YHR081W,0,2.0398414,0.12753739953041077,0.9502487778663635,0.6536267995834351
YDR299W,YER177W,0,2.0394633,0.1275203675031662,0.9502487778663635,0.6537268757820129
YJL153C,YOR351C,0,2.0384393,0.12750333547592163,0.9502487778663635,0.653826892375946
YHR170W,YDR376W,0,2.0381765,0.12748631834983826,0.9502487778663635,0.6539269685745239
YPL004C,YOR247W,0,2.0367107,0.12746930122375488,0.9502487778663635,0.654026985168457
YOR110W,YNL251C,0,2.0366397,0.1274522840976715,0.9502487778663635,0.6541270613670349
YLR228C,YOR326W,0,2.0355134,0.12743528187274933,0.9502487778663635,0.6542271375656128
YKL103C,YKR100C,0,2.0354822,0.12741827964782715,0.9502487778663635,0.6543271541595459
YJL208C,YPL175W,0,2.0351532,0.12740127742290497,0.9502487778663635,0.6544272303581238
YMR229C,YGL062W,0,2.034665,0.12738429009914398,0.9502487778663635,0.6545272469520569
YGR078C,YHR076W,0,2.0334735,0.127367302775383,0.9502487778663635,0.6546273231506348
YOR004W,YNL274C,0,2.0321093,0.127350315451622,0.9502487778663635,0.6547273397445679
YGR161C,YBR170C,0,2.0312824,0.12733332812786102,0.9502487778663635,0.6548274159431458
YNL142W,YCL063W,0,2.0312626,0.12731635570526123,0.9502487778663635,0.6549274921417236
YKL141W,YDL076C,0,2.0301404,0.12729938328266144,0.9502487778663635,0.6550275087356567
YGL016W,YFR001W,0,2.0291839,0.12728242576122284,0.9502487778663635,0.6551275849342346
YOL133W,YHL012W,0,2.028994,0.12726545333862305,0.9502487778663635,0.6552276015281677
YML082W,YBR052C,0,2.0289166,0.12724849581718445,0.9502487778663635,0.6553276777267456
YMR075W,YIL107C,0,2.0282922,0.12723155319690704,0.9502487778663635,0.6554276943206787
YPL028W,YDR320C-A,0,2.0282674,0.12721459567546844,0.9502487778663635,0.6555277705192566
YGL070C,YIL170W,0,2.0269585,0.12719765305519104,0.9502487778663635,0.6556277871131897
YHR064C,YBR158W,0,2.026782,0.12718071043491364,0.9502487778663635,0.6557278633117676
YBR040W,YFL001W,0,2.026665,0.12716378271579742,0.9502487778663635,0.6558279395103455
YDR276C,YDR498C,0,2.0264564,0.1271468549966812,0.9502487778663635,0.6559279561042786
YBR196C,YLR115W,0,2.0255542,0.127129927277565,0.9502487778663635,0.6560280323028564
YPL148C,YDR434W,0,2.0250762,0.1271129995584488,0.9502487778663635,0.6561280488967896
YJR149W,YJL125C,0,2.024335,0.12709608674049377,0.9502487778663635,0.6562281250953674
YIL101C,YLR270W,0,2.0237875,0.12707917392253876,0.9502487778663635,0.6563281416893005
YKL103C,YJR120W,0,2.0236125,0.12706226110458374,0.9502487778663635,0.6564282178878784
YNR001C,YMR284W,0,2.0225365,0.12704536318778992,0.9502487778663635,0.6565282344818115
YDL113C,YNR059W,0,2.0214791,0.1270284652709961,0.9502487778663635,0.6566283106803894
YBR177C,YCL027W,0,2.0201478,0.12701156735420227,0.9502487778663635,0.6567283868789673
YOL124C,YOR226C,0,2.0189831,0.12699468433856964,0.9502487778663635,0.6568284034729004
YKL183W,YNL191W,0,2.018092,0.126977801322937,0.9502487778663635,0.6569284796714783
YOL012C,YNL008C,0,2.016971,0.12696091830730438,0.9502487778663635,0.6570284962654114
YDR074W,YNR033W,0,2.0156763,0.12694403529167175,0.9502487778663635,0.6571285724639893
YOR180C,YNL062C,0,2.0154135,0.12692716717720032,0.9502487778663635,0.6572285890579224
YNL159C,YGR170W,0,2.015326,0.12691029906272888,0.9502487778663635,0.6573286652565002
YHR136C,YOR182C,0,2.015019,0.12689343094825745,0.9502487778663635,0.6574287414550781
YGR178C,YIL076W,0,2.0149343,0.1268765777349472,0.9502487778663635,0.6575287580490112
YJL083W,YLR283W,0,2.0147471,0.12685972452163696,0.9502487778663635,0.6576288342475891
YDL083C,YKL039W,0,2.0134444,0.12684287130832672,0.9502487778663635,0.6577288508415222
YER095W,YPL271W,0,2.012971,0.12682603299617767,0.9502487778663635,0.6578289270401001
YER103W,YNL102W,0,2.0117135,0.12680919468402863,0.9502487778663635,0.6579289436340332
YDR405W,YGR054W,0,2.0105662,0.12679235637187958,0.9502487778663635,0.6580290198326111
YFR050C,YKL078W,0,2.0102525,0.12677551805973053,0.9502487778663635,0.6581290364265442
YML011C,YOL005C,0,2.0088043,0.12675869464874268,0.9502487778663635,0.6582291126251221
YLR008C,YHR148W,0,2.0086784,0.12674187123775482,0.9502487778663635,0.6583291888237
YGR171C,YDL170W,0,2.0086365,0.12672504782676697,0.9502487778663635,0.6584292054176331
YGR285C,YOL123W,0,2.0084393,0.1267082393169403,0.9502487778663635,0.6585292816162109
YMR093W,YLR460C,0,2.0078406,0.12669143080711365,0.9502487778663635,0.658629298210144
YKL007W,YOR259C,0,2.0070233,0.126674622297287,0.9502487778663635,0.6587293744087219
YFL061W,YOR091W,0,2.007009,0.12665782868862152,0.9502487778663635,0.658829391002655
YDR235W,YDR033W,0,2.006845,0.12664103507995605,0.9502487778663635,0.6589294672012329
YDR270W,YPL111W,0,2.0066411,0.1266242414712906,0.9502487778663635,0.6590295433998108
YOR332W,YHL008C,0,2.0064898,0.12660744786262512,0.9502487778663635,0.6591295599937439
YBR185C,YBR024W,0,2.0056653,0.12659066915512085,0.9502487778663635,0.6592296361923218
YLR163C,YIL119C,0,2.005225,0.12657389044761658,0.9502487778663635,0.6593296527862549
YGR262C,YGR106C,0,2.0050325,0.1265571117401123,0.9502487778663635,0.6594297289848328
YBL055C,YER087W,0,2.0042968,0.12654034793376923,0.9502487778663635,0.6595297455787659
YPL147W,YNR008W,0,2.00429,0.12652358412742615,0.9502487778663635,0.6596298217773438
YBR028C,YGR002C,0,2.004101,0.12650682032108307,0.9502487778663635,0.6597298383712769
YHL021C,YNL236W,0,2.003563,0.12649007141590118,0.9502487778663635,0.6598299145698547
YML032C,YKL210W,0,2.0034306,0.1264733076095581,0.9502487778663635,0.6599299907684326
YBR107C,YPR163C,0,2.0030994,0.12645657360553741,0.9502487778663635,0.6600300073623657
YLR411W,YKL164C,0,2.0026913,0.12643982470035553,0.9502487778663635,0.6601300835609436
YGL172W,YDR545W,0,2.0023272,0.12642309069633484,0.9502487778663635,0.6602301001548767
YJR049C,YJR048W,0,2.0019975,0.12640635669231415,0.9502487778663635,0.6603301763534546
YKL093W,YOL057W,0,2.001789,0.12638962268829346,0.9502487778663635,0.6604301929473877
YHR172W,YJL046W,0,2.0017273,0.12637290358543396,0.9502487778663635,0.6605302691459656
YJR035W,YBR040W,0,2.0016336,0.12635618448257446,0.9502487778663635,0.6606302857398987
YFR050C,YGR154C,0,2.000938,0.12633946537971497,0.9502487778663635,0.6607303619384766
YGL170C,YGL135W,0,2.0001898,0.12632274627685547,0.9502487778663635,0.6608304381370544
YMR032W,YDR122W,0,1.9997838,0.12630604207515717,0.9502487778663635,0.6609304547309875
YDR235W,YIR014W,0,1.9991391,0.12628933787345886,0.9502487778663635,0.6610305309295654
YBR016W,YGL113W,0,1.9989312,0.12627264857292175,0.9502487778663635,0.6611305475234985
YGL236C,YNL182C,0,1.9974909,0.12625594437122345,0.9502487778663635,0.6612306237220764
YDR309C,YML043C,0,1.9969857,0.12623925507068634,0.9502487778663635,0.6613306403160095
YJL058C,YHL025W,0,1.9968356,0.12622258067131042,0.9502487778663635,0.6614307165145874
YDR356W,YLR414C,0,1.9964081,0.12620589137077332,0.9502487778663635,0.6615307927131653
YHR143W,YGR217W,0,1.9957387,0.1261892169713974,0.9502487778663635,0.6616308093070984
YGL089C,YJL095W,0,1.9957027,0.12617254257202148,0.9502487778663635,0.6617308855056763
YGR171C,YKL164C,0,1.9947479,0.12615588307380676,0.9502487778663635,0.6618309020996094
YAL068C,YBR066C,0,1.9943922,0.12613920867443085,0.9502487778663635,0.6619309782981873
YJL221C,YIL034C,0,1.9937675,0.12612256407737732,0.9502487778663635,0.6620309948921204
YOR378W,YMR225C,0,1.9933093,0.1261059045791626,0.9502487778663635,0.6621310710906982
YML039W,YDR175C,0,1.9903204,0.12608925998210907,0.9502487778663635,0.6622310876846313
YNL006W,YKL140W,0,1.9902346,0.12607260048389435,0.9502487778663635,0.6623311638832092
YPL153C,YPL127C,1,1.9902247,0.12618796527385712,0.9512437582015991,0.6623311638832092
YGL227W,YGR202C,0,1.9901326,0.1261713057756424,0.9512437582015991,0.6624312400817871
YNL178W,YLR353W,0,1.9900222,0.12615466117858887,0.9512437582015991,0.6625312566757202
YLR050C,YFR034C,0,1.9897674,0.12613801658153534,0.9512437582015991,0.6626313328742981
YOL003C,YDR529C,0,1.9886672,0.1261213719844818,0.9512437582015991,0.6627313494682312
YBR289W,YOL004W,1,1.9880656,0.12623664736747742,0.9522387981414795,0.6627313494682312
YOR119C,YDR174W,0,1.9864273,0.1262199878692627,0.9522387981414795,0.6628314256668091
YHR069C,YLR247C,0,1.9857695,0.12620334327220917,0.9522387981414795,0.6629314422607422
YNL217W,YKL110C,0,1.9848759,0.12618671357631683,0.9522387981414795,0.6630315184593201
YDR466W,YGR070W,0,1.9846165,0.1261700689792633,0.9522387981414795,0.663131594657898
YLR151C,YMR313C,0,1.9840084,0.12615343928337097,0.9522387981414795,0.663231611251831
YGR244C,YDR371W,0,1.9839678,0.12613680958747864,0.9522387981414795,0.6633316874504089
YJR109C,YDR160W,0,1.9834801,0.1261201947927475,0.9522387981414795,0.663431704044342
YHR056C,YDR439W,1,1.983447,0.12623533606529236,0.9532338380813599,0.663431704044342
YEL054C,YPR097W,0,1.9832757,0.12621870636940002,0.9532338380813599,0.6635317802429199
YJL106W,YDR101C,0,1.9827217,0.1262020766735077,0.9532338380813599,0.663631796836853
YLR037C,YDR427W,0,1.9821367,0.12618546187877655,0.9532338380813599,0.6637318730354309
YDR337W,YBR092C,0,1.9818652,0.1261688470840454,0.9532338380813599,0.663831889629364
YGL053W,YMR037C,0,1.98156,0.12615223228931427,0.9532338380813599,0.6639319658279419
YGR251W,YNL045W,0,1.979583,0.12613561749458313,0.9532338380813599,0.6640320420265198
YLR414C,YHR110W,0,1.9795649,0.126119002699852,0.9532338380813599,0.6641320586204529
YLL022C,YMR239C,1,1.9781339,0.1262340396642685,0.9542288780212402,0.6641320586204529
YJL115W,YKL112W,1,1.9777396,0.12634903192520142,0.9552238583564758,0.6641320586204529
YDR007W,YKL022C,0,1.9776859,0.12633241713047028,0.9552238583564758,0.6642321348190308
YPL026C,YDL148C,0,1.9772804,0.12631578743457794,0.9552238583564758,0.6643321514129639
YLR167W,YGL206C,0,1.9769498,0.1262991726398468,0.9552238583564758,0.6644322276115417
YKL007W,YHR006W,0,1.9746754,0.12628255784511566,0.9552238583564758,0.6645322442054749
YJL174W,YOR085W,0,1.9743917,0.12626594305038452,0.9552238583564758,0.6646323204040527
YCL064C,YDR130C,0,1.9742111,0.12624934315681458,0.9552238583564758,0.6647323369979858
YBR193C,YCR047C,0,1.9733771,0.12623274326324463,0.9552238583564758,0.6648324131965637
YJR101W,YJL046W,0,1.9731847,0.12621614336967468,0.9552238583564758,0.6649324893951416
YPR072W,YJL071W,0,1.9711925,0.12619955837726593,0.9552238583564758,0.6650325059890747
YDR326C,YDL083C,0,1.971132,0.12618295848369598,0.9552238583564758,0.6651325821876526
YOL093W,YGR178C,0,1.971097,0.12616638839244843,0.9552238583564758,0.6652325987815857
YBR059C,YDR252W,0,1.9704742,0.12614980340003967,0.9552238583564758,0.6653326749801636
YHR081W,YBR248C,0,1.9698355,0.12613323330879211,0.9552238583564758,0.6654326915740967
YLR143W,YOR193W,0,1.969599,0.12611666321754456,0.9552238583564758,0.6655327677726746
YHL036W,YDR082W,0,1.9692069,0.126100093126297,0.9552238583564758,0.6656328439712524
YKR009C,YHR136C,0,1.9683275,0.12608352303504944,0.9552238583564758,0.6657328605651855
YGL045W,YJL082W,0,1.9674615,0.12606696784496307,0.9552238583564758,0.6658329367637634
YPR137W,YKL094W,0,1.9674418,0.1260504275560379,0.9552238583564758,0.6659329533576965
YOL157C,YMR319C,0,1.9670649,0.12603387236595154,0.9552238583564758,0.6660330295562744
YMR156C,YER087C-A,0,1.9668753,0.12601733207702637,0.9552238583564758,0.6661330461502075
YML067C,YMR034C,0,1.9662548,0.1260007917881012,0.9552238583564758,0.6662331223487854
YDR347W,YOR116C,0,1.9659523,0.12598425149917603,0.9552238583564758,0.6663331389427185
YCL024W,YPL110C,0,1.9656384,0.12596772611141205,0.9552238583564758,0.6664332151412964
YOR249C,YIL064W,0,1.9653032,0.12595120072364807,0.9552238583564758,0.6665332913398743
YNL136W,YJR015W,0,1.964384,0.1259346753358841,0.9552238583564758,0.6666333079338074
YLR109W,YJR096W,0,1.9642092,0.12591814994812012,0.9552238583564758,0.6667333841323853
YBR037C,YIL088C,0,1.9634706,0.12590163946151733,0.9552238583564758,0.6668334007263184
YKR085C,YOL062C,0,1.962523,0.12588512897491455,0.9552238583564758,0.6669334769248962
YCR024C,YBR059C,0,1.9621335,0.12586861848831177,0.9552238583564758,0.6670334935188293
YNR048W,YGR024C,0,1.9620814,0.12585212290287018,0.9552238583564758,0.6671335697174072
YBR208C,YER109C,0,1.9619281,0.1258356273174286,0.9552238583564758,0.6672336459159851
YDL018C,YDL134C,0,1.9618146,0.125819131731987,0.9552238583564758,0.6673336625099182
YGL246C,YER089C,0,1.9616923,0.1258026510477066,0.9552238583564758,0.6674337387084961
YLR268W,YBR189W,0,1.9615223,0.1257861703634262,0.9552238583564758,0.6675337553024292
YMR270C,YNL248C,0,1.9606223,0.1257696896791458,0.9552238583564758,0.6676338315010071
YOL061W,YMR169C,0,1.9592359,0.12575320899486542,0.9552238583564758,0.6677338480949402
YPL033C,YDR347W,0,1.9591712,0.12573674321174622,0.9552238583564758,0.6678339242935181
YOR009W,YDR130C,0,1.9582283,0.12572027742862701,0.9552238583564758,0.6679339408874512
YDR109C,YOR131C,0,1.9579201,0.1257038116455078,0.9552238583564758,0.668034017086029
YDR118W,YGL090W,0,1.9578502,0.1256873458623886,0.9552238583564758,0.6681340932846069
YOL123W,YEL027W,0,1.9570329,0.1256708949804306,0.9552238583564758,0.66823410987854
YJL046W,YNL048W,0,1.9567595,0.1256544440984726,0.9552238583564758,0.6683341860771179
YDL124W,YAR035W,0,1.9567533,0.12563800811767578,0.9552238583564758,0.668434202671051
YMR175W,YOL018C,0,1.9564786,0.12562157213687897,0.9552238583564758,0.6685342788696289
YGL070C,YOR382W,0,1.9549406,0.12560513615608215,0.9552238583564758,0.668634295463562
YBR238C,YDL059C,0,1.9538398,0.12558870017528534,0.9552238583564758,0.6687343716621399
YGL098W,YCR028C,0,1.9532902,0.12557226419448853,0.9552238583564758,0.668834388256073
YNL307C,YFR037C,0,1.9531257,0.1255558431148529,0.9552238583564758,0.6689344644546509
YMR146C,YBR034C,0,1.9523098,0.12553942203521729,0.9552238583564758,0.6690345406532288
YPL117C,YDR487C,0,1.9520004,0.12552301585674286,0.9552238583564758,0.6691345572471619
YPL220W,YKL212W,0,1.9513929,0.12550659477710724,0.9552238583564758,0.6692346334457397
YBR267W,YLR390W,0,1.9510198,0.125490203499794,0.9552238583564758,0.6693346500396729
YPL096C-A,YMR149W,0,1.9501494,0.12547379732131958,0.9552238583564758,0.6694347262382507
YJR117W,YBR291C,0,1.9499389,0.12545739114284515,0.9552238583564758,0.6695347428321838
YHR099W,YPR144C,0,1.9497261,0.12544099986553192,0.9552238583564758,0.6696348190307617
YBR294W,YIL019W,0,1.9490497,0.1254246085882187,0.9552238583564758,0.6697348952293396
YDR399W,YPL240C,0,1.9489378,0.12540823221206665,0.9552238583564758,0.6698349118232727
YOL140W,YGL229C,0,1.9486766,0.1253918558359146,0.9552238583564758,0.6699349880218506
YIL048W,YJL033W,0,1.9486282,0.12537547945976257,0.9552238583564758,0.6700350046157837
YGR260W,YPR173C,0,1.9483957,0.12535910308361053,0.9552238583564758,0.6701350808143616
YEL012W,YDR511W,0,1.9480908,0.1253427267074585,0.9552238583564758,0.6702350974082947
YHR209W,YER040W,0,1.947933,0.12532636523246765,0.9552238583564758,0.6703351736068726
YOR089C,YDR320C,0,1.9476581,0.125310018658638,0.9552238583564758,0.6704351902008057
YDL227C,YPL130W,0,1.947513,0.12529365718364716,0.9552238583564758,0.6705352663993835
YNL162W,YMR087W,0,1.9473573,0.1252773106098175,0.9552238583564758,0.6706353425979614
YPL253C,YJR127C,0,1.9461839,0.12526096403598785,0.9552238583564758,0.6707353591918945
YMR005W,YLL053C,0,1.9461627,0.1252446174621582,0.9552238583564758,0.6708354353904724
YML015C,YBL098W,0,1.9461081,0.12522828578948975,0.9552238583564758,0.6709354519844055
YMR284W,YOR027W,0,1.9458097,0.1252119541168213,0.9552238583564758,0.6710355281829834
YGR017W,YHR138C,0,1.9455997,0.12519562244415283,0.9552238583564758,0.6711355447769165
YOL157C,YIL019W,0,1.9440631,0.12517929077148438,0.9552238583564758,0.6712356209754944
YGL061C,YLL017W,0,1.9431887,0.1251629739999771,0.9552238583564758,0.6713356971740723
YBR214W,YPL153C,0,1.9421045,0.12514665722846985,0.9552238583564758,0.6714357137680054
YJR109C,YKL165C,0,1.9419143,0.12513034045696259,0.9552238583564758,0.6715357899665833
YJR132W,YJR103W,0,1.9417171,0.12511403858661652,0.9552238583564758,0.6716358065605164
YKL009W,YGR076C,0,1.9406824,0.12509773671627045,0.9552238583564758,0.6717358827590942
YDR078C,YPR178W,0,1.940474,0.12508143484592438,0.9552238583564758,0.6718358993530273
YGL119W,YER137C,0,1.9399914,0.1250651329755783,0.9552238583564758,0.6719359755516052
YHR090C,YPR047W,0,1.9395499,0.12504884600639343,0.9552238583564758,0.6720359921455383
YKL161C,YHR017W,0,1.938924,0.12503255903720856,0.9552238583564758,0.6721360683441162
YMR289W,YHR215W,0,1.9381341,0.12501627206802368,0.9552238583564758,0.6722361445426941
YFL023W,YNR030W,0,1.9369538,0.125,0.9552238583564758,0.6723361611366272
YNL314W,YBR029C,0,1.9362527,0.12498372793197632,0.9552238583564758,0.6724362373352051
YKR088C,YPR036W,0,1.9360524,0.12496745586395264,0.9552238583564758,0.6725362539291382
YLR234W,YDL144C,0,1.9353774,0.12495119124650955,0.9552238583564758,0.6726363301277161
YGL035C,YAL013W,0,1.9350469,0.12493492662906647,0.9552238583564758,0.6727363467216492
YHR047C,YPL253C,0,1.9337511,0.12491866946220398,0.9552238583564758,0.672836422920227
YAR027W,YOR377W,0,1.9328499,0.12490241974592209,0.9552238583564758,0.6729364395141602
YDR087C,YPR055W,0,1.9326854,0.1248861700296402,0.9552238583564758,0.673036515712738
YOR180C,YHR119W,0,1.9323776,0.1248699277639389,0.9552238583564758,0.6731365919113159
YDR440W,YDL144C,0,1.9306722,0.12485368549823761,0.9552238583564758,0.673236608505249
YJL079C,YPL168W,0,1.9298184,0.12483745068311691,0.9552238583564758,0.6733366847038269
YGL009C,YJL134W,0,1.9296639,0.12482122331857681,0.9552238583564758,0.67343670129776
YGR179C,YNL248C,0,1.9290593,0.12480498850345612,0.9552238583564758,0.6735367774963379
YER002W,YNL070W,0,1.9281665,0.12478876858949661,0.9552238583564758,0.673636794090271
YMR215W,YOL030W,0,1.9280939,0.12477254867553711,0.9552238583564758,0.6737368702888489
YDR078C,YDL051W,0,1.9279678,0.1247563362121582,0.9552238583564758,0.6738369464874268
YOR066W,YMR242C,0,1.9279325,0.1247401237487793,0.9552238583564758,0.6739369630813599
YDL230W,YDL006W,0,1.9278287,0.12472391873598099,0.9552238583564758,0.6740370392799377
YOR278W,YNL145W,0,1.9266944,0.12470771372318268,0.9552238583564758,0.6741370558738708
YHR014W,YER027C,0,1.9260588,0.12469151616096497,0.9552238583564758,0.6742371320724487
YGL150C,YBR195C,1,1.9260466,0.12480519711971283,0.9562188982963562,0.6742371320724487
YCL027W,YPR100W,0,1.9255013,0.12478899210691452,0.9562188982963562,0.6743371486663818
YDR032C,YCR030C,0,1.925155,0.12477278709411621,0.9562188982963562,0.6744372248649597
YBL030C,YLR440C,0,1.9212525,0.1247565895318985,0.9562188982963562,0.6745372414588928
YLR270W,YML095C,0,1.9182498,0.12474039196968079,0.9562188982963562,0.6746373176574707
YHR174W,YJL180C,0,1.9178758,0.12472420185804367,0.9562188982963562,0.6747373938560486
YHR035W,YMR099C,0,1.9176686,0.12470801919698715,0.9562188982963562,0.6748374104499817
YJL073W,YOR393W,0,1.9169607,0.12469183653593063,0.9562188982963562,0.6749374866485596
YKL175W,YIR026C,0,1.9161155,0.12467566132545471,0.9562188982963562,0.6750375032424927
YBR033W,YOR008C,0,1.9152807,0.12465948611497879,0.9562188982963562,0.6751375794410706
YOR156C,YDR422C,0,1.9151177,0.12464331835508347,0.9562188982963562,0.6752375960350037
YBR162C,YOL152W,0,1.9142022,0.12462715804576874,0.9562188982963562,0.6753376722335815
YBL098W,YIL014W,0,1.9138324,0.12461099773645401,0.9562188982963562,0.6754377484321594
YOR068C,YOL096C,0,1.9136164,0.12459483742713928,0.9562188982963562,0.6755377650260925
YPL131W,YGL009C,0,1.9133042,0.12457868456840515,0.9562188982963562,0.6756378412246704
YMR086W,YIL153W,0,1.9132657,0.12456253916025162,0.9562188982963562,0.6757378578186035
YDR279W,YJL079C,0,1.9125364,0.12454639375209808,0.9562188982963562,0.6758379340171814
YMR093W,YDR531W,0,1.9124439,0.12453025579452515,0.9562188982963562,0.6759379506111145
YDR227W,YOR215C,0,1.912293,0.1245141252875328,0.9562188982963562,0.6760380268096924
YNL310C,YEL017C-A,0,1.9116817,0.12449799478054047,0.9562188982963562,0.6761380434036255
YLR433C,YLL040C,0,1.9108217,0.12448186427354813,0.9562188982963562,0.6762381196022034
YJL219W,YOL032W,0,1.9107745,0.12446574121713638,0.9562188982963562,0.6763381958007812
YFL035C-B,YMR165C,0,1.9094391,0.12444962561130524,0.9562188982963562,0.6764382123947144
YBL055C,YGL064C,0,1.9093404,0.12443351000547409,0.9562188982963562,0.6765382885932922
YJL080C,YER062C,0,1.908479,0.12441740185022354,0.9562188982963562,0.6766383051872253
YGL225W,YPR128C,0,1.9084051,0.12440129369497299,0.9562188982963562,0.6767383813858032
YEL053C,YBR031W,0,1.9081426,0.12438519299030304,0.9562188982963562,0.6768383979797363
YOL120C,YNL142W,0,1.9081165,0.12436909228563309,0.9562188982963562,0.6769384741783142
YNL020C,YLR172C,0,1.9079792,0.12435299903154373,0.9562188982963562,0.6770384907722473
YAR007C,YOR136W,0,1.9076817,0.12433691322803497,0.9562188982963562,0.6771385669708252
YNL206C,YPL127C,1,1.907402,0.1244501918554306,0.9572139382362366,0.6771385669708252
YMR261C,YNL080C,0,1.9071013,0.12443409860134125,0.9572139382362366,0.6772386431694031
YJL157C,YLR109W,0,1.9059625,0.12441800534725189,0.9572139382362366,0.6773386597633362
YPL146C,YBR142W,0,1.9055716,0.12440191209316254,0.9572139382362366,0.6774387359619141
YPL087W,YPL100W,0,1.905172,0.12438582628965378,0.9572139382362366,0.6775387525558472
YGR086C,YDR178W,0,1.904881,0.12436974793672562,0.9572139382362366,0.677638828754425
YDR532C,YOR283W,0,1.9040649,0.12435366958379745,0.9572139382362366,0.6777388453483582
YNL025C,YBR122C,0,1.9036508,0.12433759868144989,0.9572139382362366,0.677838921546936
YBR038W,YDR239C,0,1.9025551,0.12432152777910233,0.9572139382362366,0.6779389977455139
YJL065C,YDR242W,0,1.9021664,0.12430546432733536,0.9572139382362366,0.678039014339447
YLR248W,YCR091W,0,1.9017689,0.12428940832614899,0.9572139382362366,0.6781390905380249
YGL093W,YDL189W,0,1.901602,0.12427335232496262,0.9572139382362366,0.678239107131958
YJL101C,YKL190W,0,1.9010165,0.12425729632377625,0.9572139382362366,0.6783391833305359
YGL070C,YHR169W,0,1.9007692,0.12424124777317047,0.9572139382362366,0.678439199924469
YBR218C,YHR108W,0,1.9004588,0.1242252066731453,0.9572139382362366,0.6785392761230469
YNR061C,YIL130W,0,1.9003091,0.12420916557312012,0.9572139382362366,0.67863929271698
YDR494W,YGR052W,0,1.9000349,0.12419313192367554,0.9572139382362366,0.6787393689155579
YKL141W,YGR162W,0,1.8991182,0.12417709827423096,0.9572139382362366,0.6788394451141357
YJR040W,YHR215W,0,1.8989186,0.12416107207536697,0.9572139382362366,0.6789394617080688
YLR246W,YAL017W,0,1.8978615,0.12414505332708359,0.9572139382362366,0.6790395379066467
YIR002C,YGR035C,0,1.8978579,0.1241290345788002,0.9572139382362366,0.6791395545005798
YDR023W,YPL036W,0,1.8975661,0.12411301583051682,0.9572139382362366,0.6792396306991577
YGL155W,YPL075W,0,1.8967358,0.12409700453281403,0.9572139382362366,0.6793396472930908
YJR117W,YDR398W,0,1.8965062,0.12408100068569183,0.9572139382362366,0.6794397234916687
YLR363C,YOR079C,0,1.8963888,0.12406499683856964,0.9572139382362366,0.6795397400856018
YAL025C,YMR203W,0,1.8961585,0.12404900044202805,0.9572139382362366,0.6796398162841797
YLR318W,YOL154W,0,1.8961124,0.12403300404548645,0.9572139382362366,0.6797398924827576
YPR035W,YDR120C,0,1.8960556,0.12401701509952545,0.9572139382362366,0.6798399090766907
YJL054W,YCR057C,0,1.8954735,0.12400103360414505,0.9572139382362366,0.6799399852752686
YPL126W,YDR343C,0,1.8954699,0.12398505210876465,0.9572139382362366,0.6800400018692017
YBR188C,YOR004W,0,1.8952715,0.12396907061338425,0.9572139382362366,0.6801400780677795
YKL130C,YML042W,0,1.8942297,0.12395309656858444,0.9572139382362366,0.6802400946617126
YMR150C,YGL064C,0,1.8939352,0.12393712997436523,0.9572139382362366,0.6803401708602905
YGL226C-A,YLR430W,0,1.8938107,0.12392116338014603,0.9572139382362366,0.6804402470588684
YCR014C,YDL206W,0,1.8930748,0.12390520423650742,0.9572139382362366,0.6805402636528015
YJR029W,YDL110C,0,1.892812,0.1238892450928688,0.9572139382362366,0.6806403398513794
YJR057W,YER015W,0,1.892776,0.12387329339981079,0.9572139382362366,0.6807403564453125
YDR030C,YJL085W,0,1.8927734,0.12385734170675278,0.9572139382362366,0.6808404326438904
YOL064C,YGR292W,0,1.8924034,0.12384139746427536,0.9572139382362366,0.6809404492378235
YBR205W,YIL119C,0,1.8916892,0.12382546067237854,0.9572139382362366,0.6810405254364014
YPR026W,YOR211C,0,1.8914099,0.12380952388048172,0.9572139382362366,0.6811405420303345
YIL093C,YNR018W,0,1.8907282,0.1237935945391655,0.9572139382362366,0.6812406182289124
YHR197W,YDL015C,0,1.8899661,0.12377766519784927,0.9572139382362366,0.6813406944274902
YNL247W,YFR029W,0,1.8890877,0.12376173585653305,0.9572139382362366,0.6814407110214233
YHR009C,YGL078C,0,1.8879702,0.12374582141637802,0.9572139382362366,0.6815407872200012
YKR071C,YFR045W,0,1.8862852,0.12372990697622299,0.9572139382362366,0.6816408038139343
YGL158W,YOR287C,0,1.8855486,0.12371399253606796,0.9572139382362366,0.6817408800125122
YDR012W,YKL021C,0,1.8854347,0.12369808554649353,0.9572139382362366,0.6818408966064453
YAL002W,YGR252W,0,1.8849164,0.1236821785569191,0.9572139382362366,0.6819409728050232
YDR252W,YMR146C,0,1.8842248,0.12366627901792526,0.9572139382362366,0.6820410490036011
YOL165C,YDL160C,0,1.8831234,0.12365038692951202,0.9572139382362366,0.6821410655975342
YJL012C,YHR089C,0,1.8823001,0.12363449484109879,0.9572139382362366,0.6822411417961121
YOL157C,YKL042W,0,1.8818064,0.12361861020326614,0.9572139382362366,0.6823411583900452
YBL041W,YKL074C,0,1.8807504,0.1236027255654335,0.9572139382362366,0.682441234588623
YNL297C,YKL170W,0,1.880681,0.12358684837818146,0.9572139382362366,0.6825412511825562
YBR273C,YOR251C,0,1.8802078,0.12357097119092941,0.9572139382362366,0.682641327381134
YPL121C,YCR063W,0,1.8798244,0.12355510145425797,0.9572139382362366,0.6827413439750671
YDR367W,YML127W,0,1.8787653,0.12353923171758652,0.9572139382362366,0.682841420173645
YLR201C,YGR071C,0,1.8779461,0.12352336943149567,0.9572139382362366,0.6829414963722229
YHR206W,YJR016C,0,1.877903,0.12350750714540482,0.9572139382362366,0.683041512966156
YML070W,YML133C,0,1.8771353,0.12349165230989456,0.9572139382362366,0.6831415891647339
YNL297C,YAL054C,0,1.8768487,0.1234758049249649,0.9572139382362366,0.683241605758667
YCL004W,YBL010C,0,1.8764707,0.12345995754003525,0.9572139382362366,0.6833416819572449
YKR059W,YFR034C,0,1.8764544,0.12344411760568619,0.9572139382362366,0.683441698551178
YFL044C,YLR251W,0,1.8758907,0.12342827767133713,0.9572139382362366,0.6835417747497559
YPL223C,YLR213C,0,1.87574,0.12341244518756866,0.9572139382362366,0.683641791343689
YML058W-A,YDR076W,0,1.8748605,0.1233966127038002,0.9572139382362366,0.6837418675422668
YOR327C,YDR481C,0,1.8745763,0.12338078767061234,0.9572139382362366,0.6838419437408447
YGR112W,YDR091C,0,1.8734031,0.12336496263742447,0.9572139382362366,0.6839419603347778
YDR436W,YGL059W,0,1.8728962,0.1233491450548172,0.9572139382362366,0.6840420365333557
YGR275W,YDR225W,1,1.8727269,0.1234615370631218,0.9582089781761169,0.6840420365333557
YPR191W,YGL006W,0,1.8723081,0.12344571202993393,0.9582089781761169,0.6841420531272888
YPL280W,YGL068W,0,1.8713628,0.12342988699674606,0.9582089781761169,0.6842421293258667
YHR133C,YLR067C,0,1.8712913,0.1234140694141388,0.9582089781761169,0.6843421459197998
YNL271C,YMR205C,0,1.8710623,0.12339825928211212,0.9582089781761169,0.6844422221183777
YDR388W,YLR025W,0,1.8708628,0.12338244915008545,0.9582089781761169,0.6845422983169556
YNR057C,YFL017W-A,0,1.8706734,0.12336663901805878,0.9582089781761169,0.6846423149108887
YGL200C,YKL060C,0,1.8703352,0.1233508363366127,0.9582089781761169,0.6847423911094666
YGR285C,YGR208W,0,1.8698032,0.12333504110574722,0.9582089781761169,0.6848424077033997
YDL055C,YNL101W,0,1.8694581,0.12331924587488174,0.9582089781761169,0.6849424839019775
YNL149C,YMR015C,0,1.8687646,0.12330345809459686,0.9582089781761169,0.6850425004959106
YHR073W,YHR175W,0,1.8679469,0.12328767031431198,0.9582089781761169,0.6851425766944885
YNL063W,YKR034W,0,1.8677282,0.1232718899846077,0.9582089781761169,0.6852425932884216
YHR080C,YCR065W,0,1.8675051,0.12325610965490341,0.9582089781761169,0.6853426694869995
YPL235W,YER090W,0,1.8671651,0.12324033677577972,0.9582089781761169,0.6854427456855774
YEL022W,YNR072W,0,1.8669066,0.12322457134723663,0.9582089781761169,0.6855427622795105
YML055W,YHR077C,0,1.8666611,0.12320880591869354,0.9582089781761169,0.6856428384780884
YER190W,YKL042W,0,1.8650448,0.12319304049015045,0.9582089781761169,0.6857428550720215
YGR101W,YDR285W,0,1.8646452,0.12317728251218796,0.9582089781761169,0.6858429312705994
YDR513W,YER138C,0,1.8645105,0.12316153198480606,0.9582089781761169,0.6859429478645325
YNL223W,YOR027W,0,1.8636475,0.12314578145742416,0.9582089781761169,0.6860430240631104
YNR041C,YGL157W,0,1.8634214,0.12313003093004227,0.9582089781761169,0.6861431002616882
YJL190C,YGL232W,0,1.8632106,0.12311429530382156,0.9582089781761169,0.6862431168556213
YJR073C,YIR025W,0,1.8629384,0.12309855222702026,0.9582089781761169,0.6863431930541992
YOL009C,YCR047C,0,1.8628442,0.12308282405138016,0.9582089781761169,0.6864432096481323
YDR435C,YPL065W,0,1.8623985,0.12306709587574005,0.9582089781761169,0.6865432858467102
YJL157C,YNL339C,0,1.8617651,0.12305136770009995,0.9582089781761169,0.6866433024406433
YIL098C,YPL259C,0,1.860822,0.12303564697504044,0.9582089781761169,0.6867433786392212
YLR043C,YOR232W,0,1.8607796,0.12301992624998093,0.9582089781761169,0.6868433952331543
YJL213W,YMR112C,0,1.8606304,0.12300421297550201,0.9582089781761169,0.6869434714317322
YLR263W,YLR446W,0,1.8594962,0.1229885071516037,0.9582089781761169,0.6870435476303101
YGL115W,YDR064W,0,1.8591838,0.12297280132770538,0.9582089781761169,0.6871435642242432
YOR048C,YOR356W,0,1.8591081,0.12295709550380707,0.9582089781761169,0.687243640422821
YFR027W,YER111C,0,1.8582745,0.12294140458106995,0.9582089781761169,0.6873436570167542
YDL074C,YLR028C,0,1.8568631,0.12292570620775223,0.9582089781761169,0.687443733215332
YJR135C,YDR139C,0,1.856567,0.1229100227355957,0.9582089781761169,0.6875437498092651
YNL030W,YJL115W,1,1.8554416,0.12302195280790329,0.9592039585113525,0.6875437498092651
YKL067W,YNR057C,0,1.8542489,0.12300625443458557,0.9592039585113525,0.687643826007843
YNR024W,YOR274W,0,1.8531271,0.12299055606126785,0.9592039585113525,0.6877438426017761
YPR118W,YDR179C,0,1.8509758,0.12297487258911133,0.9592039585113525,0.687843918800354
YPL179W,YOL154W,0,1.8498943,0.1229591816663742,0.9592039585113525,0.6879439949989319
YFR018C,YKR019C,0,1.8497969,0.12294350564479828,0.9592039585113525,0.688044011592865
YMR117C,YGR052W,0,1.8493581,0.12292782217264175,0.9592039585113525,0.6881440877914429
YJR147W,YGR035C,0,1.8488474,0.12291215360164642,0.9592039585113525,0.688244104385376
YDR248C,YDR481C,0,1.8477423,0.12289648503065109,0.9592039585113525,0.6883441805839539
YGL135W,YOR271C,0,1.8469367,0.12288081645965576,0.9592039585113525,0.688444197177887
YDL129W,YBR291C,0,1.846823,0.12286515533924103,0.9592039585113525,0.6885442733764648
YGR244C,YMR165C,0,1.846807,0.1228494942188263,0.9592039585113525,0.6886443495750427
YDR078C,YLR244C,0,1.8454762,0.12283384054899216,0.9592039585113525,0.6887443661689758
YJL059W,YPL017C,0,1.8451371,0.12281819432973862,0.9592039585113525,0.6888444423675537
YGL212W,YER045C,0,1.8433732,0.12280254811048508,0.9592039585113525,0.6889444589614868
YBR214W,YFR005C,0,1.8433275,0.12278690934181213,0.9592039585113525,0.6890445351600647
YJL157C,YCR040W,0,1.8427665,0.12277127057313919,0.9592039585113525,0.6891445517539978
YDR212W,YPR080W,0,1.8424554,0.12275563180446625,0.9592039585113525,0.6892446279525757
YGR286C,YHR031C,0,1.842171,0.1227400079369545,0.9592039585113525,0.6893446445465088
YKL183W,YML037C,0,1.8413072,0.12272437661886215,0.9592039585113525,0.6894447207450867
YER179W,YEL019C,0,1.8398136,0.122708760201931,0.9592039585113525,0.6895447969436646
YGL233W,YJR101W,0,1.8388191,0.12269313633441925,0.9592039585113525,0.6896448135375977
YER102W,YLR224W,0,1.8375521,0.1226775273680687,0.9592039585113525,0.6897448897361755
YDR280W,YNR050C,0,1.8371272,0.12266191840171814,0.9592039585113525,0.6898449063301086
YNL135C,YIL126W,1,1.8370245,0.12277353554964066,0.9601989984512329,0.6898449063301086
YLR165C,YPL163C,0,1.8348975,0.1227579191327095,0.9601989984512329,0.6899449825286865
YNL086W,YML081C-A,0,1.8344526,0.12274230271577835,0.9601989984512329,0.6900449991226196
YBR015C,YIL172C,0,1.8322734,0.1227266937494278,0.9601989984512329,0.6901450753211975
YDR091C,YDR256C,0,1.8317795,0.12271108478307724,0.9601989984512329,0.6902451515197754
YPL026C,YER014W,0,1.8315299,0.12269548326730728,0.9601989984512329,0.6903451681137085
YBR296C,YGL157W,0,1.8314383,0.12267988920211792,0.9601989984512329,0.6904452443122864
YDL185W,YKR095W,0,1.830694,0.12266429513692856,0.9601989984512329,0.6905452609062195
YKL011C,YML099C,0,1.8300333,0.1226487010717392,0.9601989984512329,0.6906453371047974
YGL236C,YBL072C,0,1.8283825,0.12263311445713043,0.9601989984512329,0.6907453536987305
YGR017W,YDR159W,0,1.8281035,0.12261753529310226,0.9601989984512329,0.6908454298973083
YGL168W,YJL048C,0,1.8279754,0.1226019561290741,0.9601989984512329,0.6909454464912415
YMR005W,YGR194C,0,1.8276731,0.12258638441562653,0.9601989984512329,0.6910455226898193
YBR069C,YBL075C,0,1.8275193,0.12257081270217896,0.9601989984512329,0.6911455988883972
YEL059C-A,YKL009W,0,1.8269922,0.12255524843931198,0.9601989984512329,0.6912456154823303
YNR021W,YPR042C,0,1.8266591,0.12253968417644501,0.9601989984512329,0.6913456916809082
YDL024C,YGL060W,0,1.8263265,0.12252412736415863,0.9601989984512329,0.6914457082748413
YDR012W,YML094W,0,1.8263078,0.12250857055187225,0.9601989984512329,0.6915457844734192
YNL061W,YLR292C,0,1.8259072,0.12249302119016647,0.9601989984512329,0.6916458010673523
YBR100W,YNL080C,0,1.8253865,0.1224774718284607,0.9601989984512329,0.6917458772659302
YNL135C,YGR292W,0,1.824697,0.12246192991733551,0.9601989984512329,0.6918458938598633
YPL061W,YML047C,0,1.8236473,0.12244638800621033,0.9601989984512329,0.6919459700584412
YFL011W,YJL166W,0,1.8227229,0.12243085354566574,0.9601989984512329,0.692046046257019
YOR123C,YPR028W,0,1.8221762,0.12241532653570175,0.9601989984512329,0.6921460628509521
YOR119C,YGR178C,0,1.8220282,0.12239979952573776,0.9601989984512329,0.69224613904953
YBR211C,YOL117W,0,1.8215191,0.12238427251577377,0.9601989984512329,0.6923461556434631
YJL191W,YJR123W,0,1.8215017,0.12236875295639038,0.9601989984512329,0.692446231842041
YOL139C,YDR412W,0,1.8212159,0.12235324084758759,0.9601989984512329,0.6925462484359741
YOR292C,YNR038W,0,1.8209053,0.12233772873878479,0.9601989984512329,0.692646324634552
YNL055C,YKR052C,0,1.8206495,0.12232222408056259,0.9601989984512329,0.6927464008331299
YBL030C,YLR009W,0,1.8205467,0.1223067194223404,0.9601989984512329,0.692846417427063
YFR008W,YKL203C,0,1.8203466,0.1222912147641182,0.9601989984512329,0.6929464936256409
YPR114W,YLR092W,0,1.8203388,0.12227572500705719,0.9601989984512329,0.693046510219574
YNL024C,YOR151C,0,1.817899,0.12226022779941559,0.9601989984512329,0.6931465864181519
YGR286C,YMR182C,0,1.8178486,0.12224474549293518,0.9601989984512329,0.693246603012085
YOL139C,YDR179C,0,1.816858,0.12222925573587418,0.9601989984512329,0.6933466792106628
YDL031W,YBR045C,0,1.8167756,0.12221378087997437,0.9601989984512329,0.693446695804596
YIL021W,YBR012W-A,0,1.8163412,0.12219830602407455,0.9601989984512329,0.6935467720031738
YDR018C,YLR085C,0,1.815752,0.12218283116817474,0.9601989984512329,0.6936468482017517
YGR260W,YNL274C,0,1.8156066,0.12216736376285553,0.9601989984512329,0.6937468647956848
YLR357W,YGL133W,1,1.8151042,0.12227848172187805,0.9611940383911133,0.6937468647956848
YNR052C,YOL092W,0,1.8147185,0.12226300686597824,0.9611940383911133,0.6938469409942627
YBR055C,YNL191W,0,1.8146133,0.12224753201007843,0.9611940383911133,0.6939469575881958
YOL157C,YLR234W,0,1.8144958,0.12223206460475922,0.9611940383911133,0.6940470337867737
YIL136W,YBL080C,0,1.8142666,0.12221659719944,0.9611940383911133,0.6941470503807068
YOR369C,YPL253C,0,1.814084,0.12220113724470139,0.9611940383911133,0.6942471265792847
YMR322C,YPR141C,0,1.8138794,0.12218568474054337,0.9611940383911133,0.6943472027778625
YOL090W,YBR092C,0,1.8134358,0.12217023223638535,0.9611940383911133,0.6944472193717957
YLR409C,YOR266W,0,1.8131036,0.12215477973222733,0.9611940383911133,0.6945472955703735
YOL071W,YDR224C,0,1.8126953,0.1221393346786499,0.9611940383911133,0.6946473121643066
YPR016C,YGL106W,0,1.8126185,0.12212389707565308,0.9611940383911133,0.6947473883628845
YDR038C,YJL190C,0,1.8119786,0.12210845947265625,0.9611940383911133,0.6948474049568176
YOL090W,YHR027C,0,1.8118033,0.12209302186965942,0.9611940383911133,0.6949474811553955
YHR035W,YHR170W,0,1.8117545,0.1220775917172432,0.9611940383911133,0.6950474977493286
YJL117W,YER185W,0,1.8114874,0.12206216901540756,0.9611940383911133,0.6951475739479065
YJL212C,YNL190W,0,1.8112094,0.12204674631357193,0.9611940383911133,0.6952476501464844
YOR393W,YIR025W,0,1.810694,0.1220313310623169,0.9611940383911133,0.6953476667404175
YGL010W,YJL189W,0,1.8105005,0.12201591581106186,0.9611940383911133,0.6954477429389954
YMR295C,YER041W,0,1.8101244,0.12200050801038742,0.9611940383911133,0.6955477595329285
YDR297W,YKR026C,0,1.8100724,0.12198510020971298,0.9611940383911133,0.6956478357315063
YHR197W,YHL028W,0,1.8098271,0.12196969985961914,0.9611940383911133,0.6957478523254395
YOR297C,YDR310C,0,1.8097112,0.1219542995095253,0.9611940383911133,0.6958479285240173
YBR233W-A,YNR057C,0,1.8073264,0.12193890661001205,0.9611940383911133,0.6959479451179504
YPL206C,YGL006W,0,1.8069568,0.12192351371049881,0.9611940383911133,0.6960480213165283
YGL073W,YOR132W,0,1.8068655,0.12190812826156616,0.9611940383911133,0.6961480975151062
YNL056W,YLR413W,0,1.8067462,0.12189274281263351,0.9611940383911133,0.6962481141090393
YLL014W,YMR049C,0,1.8060484,0.12187736481428146,0.9611940383911133,0.6963481903076172
YLR370C,YGR086C,0,1.8059154,0.12186199426651001,0.9611940383911133,0.6964482069015503
YHR202W,YDL137W,0,1.8053913,0.12184661626815796,0.9611940383911133,0.6965482831001282
YGR061C,YDL180W,0,1.8053524,0.1218312531709671,0.9611940383911133,0.6966482996940613
YEL050C,YCL027W,0,1.8044748,0.12181589007377625,0.9611940383911133,0.6967483758926392
YKL077W,YDR082W,0,1.8039974,0.12180052697658539,0.9611940383911133,0.696848452091217
YKL172W,YOR206W,0,1.8031344,0.12178517132997513,0.9611940383911133,0.6969484686851501
YNL153C,YER093C,0,1.8029221,0.12176982313394547,0.9611940383911133,0.697048544883728
YIL139C,YFR036W,0,1.8026199,0.1217544749379158,0.9611940383911133,0.6971485614776611
YOR324C,YDL180W,0,1.8023438,0.12173912674188614,0.9611940383911133,0.697248637676239
YNR040W,YFR047C,0,1.8021538,0.12172379344701767,0.9611940383911133,0.6973486542701721
YLR130C,YDR384C,0,1.8020158,0.1217084527015686,0.9611940383911133,0.69744873046875
YDR501W,YIL113W,0,1.8018066,0.12169311940670013,0.9611940383911133,0.6975487470626831
YCR105W,YOL092W,0,1.8017734,0.12167779356241226,0.9611940383911133,0.697648823261261
YPR010C,YKL062W,0,1.8015246,0.12166246771812439,0.9611940383911133,0.6977488994598389
YLR284C,YGL243W,0,1.8010657,0.12164714932441711,0.9611940383911133,0.697848916053772
YNL247W,YGL237C,0,1.8005636,0.12163183093070984,0.9611940383911133,0.6979489922523499
YAL002W,YKR048C,0,1.8002654,0.12161651998758316,0.9611940383911133,0.698049008846283
YDR038C,YGL122C,0,1.799902,0.12160120904445648,0.9611940383911133,0.6981490850448608
YNL183C,YOR372C,0,1.7995167,0.1215859055519104,0.9611940383911133,0.698249101638794
YJR051W,YPR036W,0,1.7991743,0.12157060205936432,0.9611940383911133,0.6983491778373718
YHR025W,YPL160W,0,1.79911,0.12155530601739883,0.9611940383911133,0.6984492540359497
YDR234W,YDR139C,0,1.7990161,0.12154000997543335,0.9611940383911133,0.6985492706298828
YKL100C,YER111C,0,1.7982956,0.12152472138404846,0.9611940383911133,0.6986493468284607
YGL005C,YBR109C,0,1.7979553,0.12150943279266357,0.9611940383911133,0.6987493634223938
YGL180W,YML051W,0,1.797869,0.12149415165185928,0.9611940383911133,0.6988494396209717
YMR292W,YJL149W,0,1.7978525,0.12147887051105499,0.9611940383911133,0.6989494562149048
YGR001C,YBR166C,0,1.7973316,0.1214635968208313,0.9611940383911133,0.6990495324134827
YIL135C,YLR015W,0,1.7971033,0.1214483305811882,0.9611940383911133,0.6991495490074158
YCR072C,YLL051C,0,1.797056,0.1214330643415451,0.9611940383911133,0.6992496252059937
YGR191W,YER087C-B,0,1.7969122,0.12141779810190201,0.9611940383911133,0.6993497014045715
YGL103W,YHR215W,0,1.7968732,0.12140253931283951,0.9611940383911133,0.6994497179985046
YBL106C,YLR160C,0,1.7957671,0.12138728052377701,0.9611940383911133,0.6995497941970825
YOL051W,YGL018C,0,1.7957437,0.1213720291852951,0.9611940383911133,0.6996498107910156
YJR119C,YOR377W,0,1.795727,0.1213567852973938,0.9611940383911133,0.6997498869895935
YHR035W,YJR102C,0,1.7939034,0.12134154140949249,0.9611940383911133,0.6998499035835266
YBR202W,YOR304C-A,0,1.7938693,0.12132629752159119,0.9611940383911133,0.6999499797821045
YCL075W,YDR050C,0,1.7931263,0.12131106108427048,0.9611940383911133,0.7000499963760376
YLR201C,YAL017W,0,1.7923465,0.12129583209753036,0.9611940383911133,0.7001500725746155
YDR399W,YBR272C,0,1.7922891,0.12128060311079025,0.9611940383911133,0.7002501487731934
YBR164C,YNL146W,0,1.7912416,0.12126538157463074,0.9611940383911133,0.7003501653671265
YGR055W,YOL096C,0,1.7910726,0.12125016003847122,0.9611940383911133,0.7004502415657043
YER014W,YLR237W,0,1.7909502,0.1212349385023117,0.9611940383911133,0.7005502581596375
YGR122W,YJR042W,0,1.7902527,0.12121972441673279,0.9611940383911133,0.7006503343582153
YMR221C,YAL025C,0,1.7901373,0.12120451778173447,0.9611940383911133,0.7007503509521484
YKL185W,YPL130W,0,1.7900782,0.12118931114673615,0.9611940383911133,0.7008504271507263
YKL130C,YJL095W,0,1.7900383,0.12117411196231842,0.9611940383911133,0.7009505033493042
YHR147C,YOR048C,0,1.7900114,0.1211589127779007,0.9611940383911133,0.7010505199432373
YOL165C,YNL073W,0,1.7899818,0.12114371359348297,0.9611940383911133,0.7011505961418152
YJR078W,YGR014W,0,1.7898006,0.12112852931022644,0.9611940383911133,0.7012506127357483
YOL129W,YOR237W,0,1.7897985,0.12111333757638931,0.9611940383911133,0.7013506889343262
YMR195W,YMR169C,0,1.7892859,0.12109816074371338,0.9611940383911133,0.7014507055282593
YML042W,YNL244C,0,1.7877791,0.12108297646045685,0.9611940383911133,0.7015507817268372
YLR429W,YMR169C,0,1.7877371,0.12106779962778091,0.9611940383911133,0.7016507983207703
YNL052W,YFR001W,0,1.7872074,0.12105263024568558,0.9611940383911133,0.7017508745193481
YOR382W,YDR513W,0,1.7862113,0.12103746086359024,0.9611940383911133,0.701850950717926
YJR132W,YDR461W,0,1.7846088,0.1210222989320755,0.9611940383911133,0.7019509673118591
YNL287W,YBR218C,0,1.7840246,0.12100713700056076,0.9611940383911133,0.702051043510437
YOR292C,YMR227C,0,1.7837913,0.12099198251962662,0.9611940383911133,0.7021510601043701
YLR055C,YBL002W,1,1.7832527,0.12110206484794617,0.9621890783309937,0.7021510601043701
YNL190W,YLR344W,0,1.7832302,0.12108690291643143,0.9621890783309937,0.702251136302948
YJL162C,YOL158C,0,1.7825968,0.12107174098491669,0.9621890783309937,0.7023511528968811
YPL058C,YLL009C,0,1.7814301,0.12105658650398254,0.9621890783309937,0.702451229095459
YOR145C,YDR454C,0,1.7810512,0.1210414320230484,0.9621890783309937,0.7025513052940369
YPL138C,YPR002W,0,1.7794344,0.12102628499269485,0.9621890783309937,0.70265132188797
YFR021W,YDR078C,0,1.7774596,0.12101113796234131,0.9621890783309937,0.7027513980865479
YLR074C,YJL187C,0,1.776897,0.12099599838256836,0.9621890783309937,0.702851414680481
YOL138C,YMR136W,0,1.7764249,0.12098085880279541,0.9621890783309937,0.7029514908790588
YOR269W,YPL188W,0,1.7762233,0.12096572667360306,0.9621890783309937,0.7030515074729919
YIL052C,YDR090C,0,1.7759995,0.1209505945444107,0.9621890783309937,0.7031515836715698
YJL069C,YHL031C,0,1.7755961,0.12093546986579895,0.9621890783309937,0.7032516002655029
YMR091C,YFR024C-A,0,1.7748835,0.1209203451871872,0.9621890783309937,0.7033516764640808
YEL069C,YER104W,0,1.7745254,0.12090522795915604,0.9621890783309937,0.7034517526626587
YFR021W,YGR054W,0,1.7719672,0.12089011073112488,0.9621890783309937,0.7035517692565918
YKL160W,YLR103C,1,1.7699709,0.12099999934434891,0.9631840586662292,0.7035517692565918
YER044C-A,YCL044C,0,1.7696838,0.12098487466573715,0.9631840586662292,0.7036518454551697
YDR224C,YML081C-A,0,1.7686665,0.120969757437706,0.9631840586662292,0.7037518620491028
YMR139W,YDR378C,0,1.7679672,0.12095464020967484,0.9631840586662292,0.7038519382476807
YFR014C,YBR131W,0,1.7677691,0.12093953043222427,0.9631840586662292,0.7039519548416138
YKL011C,YLR432W,0,1.7675669,0.12092442065477371,0.9631840586662292,0.7040520310401917
YMR179W,YOR227W,0,1.766983,0.12090931832790375,0.9631840586662292,0.7041520476341248
YDR218C,YIL171W,0,1.7664837,0.12089421600103378,0.9631840586662292,0.7042521238327026
YLR209C,YBR030W,0,1.766091,0.12087912112474442,0.9631840586662292,0.7043522000312805
YML030W,YJL065C,0,1.765525,0.12086402624845505,0.9631840586662292,0.7044522166252136
YDR420W,YKL164C,0,1.7653255,0.12084893882274628,0.9631840586662292,0.7045522928237915
YBL090W,YDL198C,0,1.7645612,0.1208338513970375,0.9631840586662292,0.7046523094177246
YIL005W,YPL048W,0,1.7638004,0.12081877142190933,0.9631840586662292,0.7047523856163025
YDR261C,YMR297W,0,1.7631108,0.12080369144678116,0.9631840586662292,0.7048524022102356
YHR037W,YMR039C,0,1.7623681,0.12078861892223358,0.9631840586662292,0.7049524784088135
YLR419W,YIR025W,0,1.7619305,0.120773546397686,0.9631840586662292,0.7050525546073914
YBR016W,YHR008C,0,1.7613039,0.12075848132371902,0.9631840586662292,0.7051525712013245
YOL029C,YHR129C,0,1.7612424,0.12074342370033264,0.9631840586662292,0.7052526473999023
YDL080C,YLR223C,0,1.7612423,0.12072835862636566,0.9631840586662292,0.7053526639938354
YDR122W,YLR005W,0,1.7608596,0.12071330845355988,0.9631840586662292,0.7054527401924133
YIL155C,YPR060C,0,1.7607067,0.12069825083017349,0.9631840586662292,0.7055527567863464
YOL064C,YPR174C,0,1.7601894,0.1206832081079483,0.9631840586662292,0.7056528329849243
YJL008C,YHR009C,0,1.7596068,0.12066816538572311,0.9631840586662292,0.7057528495788574
YML030W,YDR033W,0,1.759387,0.12065312266349792,0.9631840586662292,0.7058529257774353
YPR169W,YIL011W,0,1.7591536,0.12063808739185333,0.9631840586662292,0.7059530019760132
YOR119C,YBR159W,0,1.7585953,0.12062305212020874,0.9631840586662292,0.7060530185699463
YGL196W,YNL117W,0,1.7574674,0.12060802429914474,0.9631840586662292,0.7061530947685242
YLR343W,YHR194W,0,1.7572348,0.12059299647808075,0.9631840586662292,0.7062531113624573
YEL069C,YHR172W,0,1.7561073,0.12057797610759735,0.9631840586662292,0.7063531875610352
YGL147C,YMR074C,0,1.7559981,0.12056295573711395,0.9631840586662292,0.7064532041549683
YNL182C,YMR038C,0,1.7559102,0.12054794281721115,0.9631840586662292,0.7065532803535461
YHR117W,YDR173C,0,1.7555268,0.12053293734788895,0.9631840586662292,0.7066532969474792
YDR127W,YPL254W,0,1.7548475,0.12051793187856674,0.9631840586662292,0.7067533731460571
YBR155W,YPL207W,0,1.7545655,0.12050292640924454,0.9631840586662292,0.706853449344635
YER149C,YDR435C,0,1.7543565,0.12048792839050293,0.9631840586662292,0.7069534659385681
YDR456W,YGR229C,0,1.7543507,0.12047293037176132,0.9631840586662292,0.707053542137146
YJL066C,YDR422C,0,1.7542782,0.12045793980360031,0.9631840586662292,0.7071535587310791
YNL024C,YPL258C,0,1.7540522,0.1204429492354393,0.9631840586662292,0.707253634929657
YKL100C,YDR239C,0,1.7536762,0.12042796611785889,0.9631840586662292,0.7073536515235901
YBR162W-A,YDR064W,0,1.7523527,0.12041298300027847,0.9631840586662292,0.707453727722168
YOR319W,YBR100W,0,1.7519233,0.12039800733327866,0.9631840586662292,0.7075538039207458
YLL018C-A,YPR171W,0,1.7517421,0.12038303911685944,0.9631840586662292,0.707653820514679
YKL094W,YLR330W,0,1.7503581,0.12036807090044022,0.9631840586662292,0.7077538967132568
YDR322W,YIR012W,0,1.7486945,0.120353102684021,0.9631840586662292,0.7078539133071899
YOL165C,YNR033W,0,1.7484686,0.12033814191818237,0.9631840586662292,0.7079539895057678
YOR267C,YIL171W,0,1.746629,0.12032318115234375,0.9631840586662292,0.7080540060997009
YOR043W,YLR185W,0,1.7465441,0.12030822783708572,0.9631840586662292,0.7081540822982788
YDL070W,YLL053C,0,1.7464253,0.1202932745218277,0.9631840586662292,0.7082540988922119
YOR074C,YPL119C,0,1.7464219,0.12027832865715027,0.9631840586662292,0.7083541750907898
YNL213C,YMR321C,0,1.7450662,0.12026339024305344,0.9631840586662292,0.7084542512893677
YBR211C,YJR107W,0,1.7449813,0.12024844437837601,0.9631840586662292,0.7085542678833008
YLR301W,YIL087C,0,1.7449098,0.12023351341485977,0.9631840586662292,0.7086543440818787
YBR289W,YNL206C,1,1.7443856,0.12034276872873306,0.9641790986061096,0.7086543440818787
YLR451W,YLR017W,0,1.7436602,0.12032783031463623,0.9641790986061096,0.7087543606758118
YER142C,YAL031C,0,1.7436098,0.1203128844499588,0.9641790986061096,0.7088544368743896
YDR041W,YPL065W,0,1.7433684,0.12029795348644257,0.9641790986061096,0.7089544534683228
YPR037C,YNR038W,0,1.7432867,0.12028302252292633,0.9641790986061096,0.7090545296669006
YIL006W,YDL112W,0,1.742927,0.1202680915594101,0.9641790986061096,0.7091546058654785
YOR326W,YBL030C,0,1.742065,0.12025316804647446,0.9641790986061096,0.7092546224594116
YGL185C,YKR068C,0,1.7418492,0.12023824453353882,0.9641790986061096,0.7093546986579895
YDR253C,YBL047C,0,1.7415302,0.12022332847118378,0.9641790986061096,0.7094547152519226
YPR035W,YBR022W,0,1.7413235,0.12020841240882874,0.9641790986061096,0.7095547914505005
YJR109C,YER082C,0,1.7406375,0.12019350379705429,0.9641790986061096,0.7096548080444336
YBL091C-A,YKL217W,0,1.7402027,0.12017859518527985,0.9641790986061096,0.7097548842430115
YKL022C,YLR164W,0,1.7398734,0.120163694024086,0.9641790986061096,0.7098549008369446
YDR313C,YER007W,0,1.7393909,0.12014879286289215,0.9641790986061096,0.7099549770355225
YBR092C,YJL192C,0,1.7383578,0.1201338917016983,0.9641790986061096,0.7100550532341003
YML087C,YLR182W,0,1.7382561,0.12011900544166565,0.9641790986061096,0.7101550698280334
YPL134C,YLR005W,0,1.7371306,0.1201041117310524,0.9641790986061096,0.7102551460266113
YGL120C,YLL055W,0,1.7370968,0.12008923292160034,0.9641790986061096,0.7103551626205444
YJL090C,YBR230C,0,1.7370399,0.12007434666156769,0.9641790986061096,0.7104552388191223
YKL038W,YMR250W,0,1.7367945,0.12005947530269623,0.9641790986061096,0.7105552554130554
YJL079C,YML113W,0,1.7364688,0.12004459649324417,0.9641790986061096,0.7106553316116333
YFL025C,YIL148W,0,1.7350893,0.12002972513437271,0.9641790986061096,0.7107553482055664
YBL082C,YFL057C,0,1.7339348,0.12001486122608185,0.9641790986061096,0.7108554244041443
YCL057W,YLR413W,0,1.7336124,0.11999999731779099,0.9641790986061096,0.7109555006027222
YKR096W,YLR059C,0,1.7335558,0.11998514086008072,0.9641790986061096,0.7110555171966553
YBR218C,YAL013W,0,1.7334771,0.11997028440237045,0.9641790986061096,0.7111555933952332
YER139C,YMR232W,0,1.7326777,0.11995543539524078,0.9641790986061096,0.7112556099891663
YNL130C,YPR030W,0,1.7323512,0.11994058638811111,0.9641790986061096,0.7113556861877441
YGL150C,YBL002W,1,1.732225,0.12004950642585754,0.96517413854599,0.7113556861877441
YKR049C,YER175C,0,1.7321644,0.12003464996814728,0.96517413854599,0.7114557027816772
YMR300C,YBL051C,0,1.7316713,0.12001979351043701,0.96517413854599,0.7115557789802551
YPL225W,YOR304W,0,1.7316222,0.12000495195388794,0.96517413854599,0.711655855178833
YLR185W,YBR176W,0,1.7310548,0.11999010294675827,0.96517413854599,0.7117558717727661
YLR118C,YGR012W,0,1.7308232,0.1199752613902092,0.96517413854599,0.711855947971344
YHR147C,YPR154W,0,1.7299682,0.11996042728424072,0.96517413854599,0.7119559645652771
YLR278C,YNL178W,0,1.7292521,0.11994559317827225,0.96517413854599,0.712056040763855
YMR217W,YOL144W,0,1.729048,0.11993075907230377,0.96517413854599,0.7121560573577881
YDR503C,YBR122C,0,1.7290208,0.1199159324169159,0.96517413854599,0.712256133556366
YPL274W,YFL014W,0,1.7285485,0.11990111321210861,0.96517413854599,0.7123561501502991
YGR155W,YPR096C,0,1.7280461,0.11988629400730133,0.96517413854599,0.712456226348877
YLL001W,YOR247W,0,1.7270327,0.11987147480249405,0.96517413854599,0.7125563025474548
YFR019W,YLR099C,0,1.7268697,0.11985666304826736,0.96517413854599,0.7126563191413879
YGL196W,YDL211C,0,1.7266665,0.11984185874462128,0.96517413854599,0.7127563953399658
YER049W,YLR001C,0,1.7259905,0.11982705444097519,0.96517413854599,0.7128564119338989
YJR033C,YGR058W,0,1.7259892,0.1198122501373291,0.96517413854599,0.7129564881324768
YMR221C,YGL112C,0,1.7257085,0.11979745328426361,0.96517413854599,0.7130565047264099
YFR006W,YMR311C,0,1.7253307,0.11978266388177872,0.96517413854599,0.7131565809249878
YPL207W,YER086W,0,1.7252132,0.11976787447929382,0.96517413854599,0.7132566571235657
YLR364W,YBR031W,0,1.7242799,0.11975308507680893,0.96517413854599,0.7133566737174988
YGR035C,YNL173C,0,1.7237902,0.11973830312490463,0.96517413854599,0.7134567499160767
YER110C,YIL043C,0,1.7228394,0.11972352862358093,0.96517413854599,0.7135567665100098
YNR020C,YHR012W,0,1.7223694,0.11970874667167664,0.96517413854599,0.7136568427085876
YOR251C,YAR018C,0,1.7223663,0.11969397962093353,0.96517413854599,0.7137568593025208
YMR051C,YKR088C,0,1.7223539,0.11967921257019043,0.96517413854599,0.7138569355010986
YOR393W,YNL180C,0,1.7216604,0.11966444551944733,0.96517413854599,0.7139569520950317
YGL037C,YBR112C,1,1.7208827,0.11977303773164749,0.9661691784858704,0.7139569520950317
YLR134W,YOL151W,0,1.7207959,0.11975826323032379,0.9661691784858704,0.7140570282936096
YGR223C,YBR045C,0,1.720742,0.11974349617958069,0.9661691784858704,0.7141571044921875
YDR372C,YOL154W,0,1.7205622,0.11972872912883759,0.9661691784858704,0.7142571210861206
YGL158W,YBR295W,0,1.7204398,0.11971396952867508,0.9661691784858704,0.7143571972846985
YOR298W,YDR065W,0,1.7198873,0.11969920992851257,0.9661691784858704,0.7144572138786316
YML124C,YFR025C,0,1.7197827,0.11968445777893066,0.9661691784858704,0.7145572900772095
YMR056C,YOR085W,0,1.719089,0.11966970562934875,0.9661691784858704,0.7146573066711426
YHR161C,YDR137W,0,1.7187606,0.11965496093034744,0.9661691784858704,0.7147573828697205
YGL119W,YBR214W,0,1.7181594,0.11964021623134613,0.9661691784858704,0.7148573994636536
YJL149W,YMR223W,0,1.7180302,0.11962547898292542,0.9661691784858704,0.7149574756622314
YPL026C,YJL052W,0,1.7177223,0.1196107417345047,0.9661691784858704,0.7150575518608093
YDL206W,YHR041C,0,1.7172992,0.11959601193666458,0.9661691784858704,0.7151575684547424
YNL213C,YFR013W,0,1.7171474,0.11958128213882446,0.9661691784858704,0.7152576446533203
YDL220C,YLR348C,0,1.7164044,0.11956655234098434,0.9661691784858704,0.7153576612472534
YBR090C-A,YLR272C,1,1.71558,0.11967495828866959,0.967164158821106,0.7153576612472534
YBR009C,YCR020W-B,1,1.7144203,0.11978333443403244,0.9681591987609863,0.7153576612472534
YLR029C,YJR131W,0,1.7141588,0.11976858973503113,0.9681591987609863,0.7154577374458313
YBR094W,YOR211C,0,1.7139531,0.11975384503602982,0.9681591987609863,0.7155577540397644
YIL159W,YML113W,0,1.7135745,0.1197391077876091,0.9681591987609863,0.7156578302383423
YBR156C,YDR159W,0,1.7135155,0.11972437798976898,0.9681591987609863,0.7157579064369202
YLR386W,YKL195W,0,1.7128689,0.11970964819192886,0.9681591987609863,0.7158579230308533
YIR015W,YLL043W,0,1.7125838,0.11969491839408875,0.9681591987609863,0.7159579992294312
YPL063W,YLL035W,0,1.7121233,0.11968019604682922,0.9681591987609863,0.7160580158233643
YDR444W,YBR166C,0,1.7100321,0.1196654811501503,0.9681591987609863,0.7161580920219421
YDL246C,YJL149W,0,1.7100083,0.11965075880289078,0.9681591987609863,0.7162581086158752
YBR141C,YDR014W,0,1.709722,0.11963605135679245,0.9681591987609863,0.7163581848144531
YEL005C,YMR004W,0,1.7096148,0.11962134391069412,0.9681591987609863,0.7164582014083862
YLR054C,YJL094C,0,1.7083957,0.1196066364645958,0.9681591987609863,0.7165582776069641
YDR018C,YDR528W,0,1.7078092,0.11959193646907806,0.9681591987609863,0.716658353805542
YOL107W,YMR025W,0,1.7055049,0.11957723647356033,0.9681591987609863,0.7167583703994751
YDR306C,YNL172W,0,1.7050527,0.1195625439286232,0.9681591987609863,0.716858446598053
YDR395W,YGR122W,0,1.7046535,0.11954785883426666,0.9681591987609863,0.7169584631919861
YOL038W,YOR382W,0,1.7038385,0.11953316628932953,0.9681591987609863,0.717058539390564
YGR222W,YDR242W,0,1.7037506,0.11951848864555359,0.9681591987609863,0.7171585559844971
YLR037C,YOR246C,0,1.7035967,0.11950381100177765,0.9681591987609863,0.717258632183075
YOL105C,YER159C,0,1.7034318,0.11948913335800171,0.9681591987609863,0.7173587083816528
YJR050W,YDR239C,0,1.703208,0.11947446316480637,0.9681591987609863,0.7174587249755859
YNL208W,YNL244C,0,1.7017676,0.11945979297161102,0.9681591987609863,0.7175588011741638
YGR080W,YPL115C,0,1.7012331,0.11944512277841568,0.9681591987609863,0.7176588177680969
YAL019W,YGL068W,0,1.7003189,0.11943046748638153,0.9681591987609863,0.7177588939666748
YGR251W,YIR009W,0,1.6997591,0.11941580474376678,0.9681591987609863,0.7178589105606079
YKR009C,YHR118C,0,1.699667,0.11940115690231323,0.9681591987609863,0.7179589867591858
YGR077C,YMR114C,0,1.69934,0.11938650161027908,0.9681591987609863,0.7180590033531189
YJR098C,YPR143W,0,1.6992466,0.11937185376882553,0.9681591987609863,0.7181590795516968
YHR179W,YPR159W,0,1.6990627,0.11935721337795258,0.9681591987609863,0.7182591557502747
YBR299W,YGR072W,0,1.6990477,0.11934257298707962,0.9681591987609863,0.7183591723442078
YHR010W,YGR118W,0,1.699002,0.11932794004678726,0.9681591987609863,0.7184592485427856
YBR024W,YJL101C,0,1.6970786,0.1193133071064949,0.9681591987609863,0.7185592651367188
YFR021W,YBR028C,0,1.6961603,0.11929867416620255,0.9681591987609863,0.7186593413352966
YEL054C,YNL048W,0,1.6955264,0.11928404867649078,0.9681591987609863,0.7187593579292297
YNL101W,YGL039W,0,1.6942716,0.11926943063735962,0.9681591987609863,0.7188594341278076
YAL054C,YJL181W,0,1.6930418,0.11925481259822845,0.9681591987609863,0.7189594507217407
YFR034C,YCR075C,0,1.692773,0.11924019455909729,0.9681591987609863,0.7190595269203186
YDR415C,YBR130C,0,1.6921732,0.11922558397054672,0.9681591987609863,0.7191596031188965
YGR223C,YPR002W,0,1.6910111,0.11921098083257675,0.9681591987609863,0.7192596197128296
YDL243C,YEL048C,0,1.6909187,0.11919637024402618,0.9681591987609863,0.7193596959114075
YOR120W,YDR226W,0,1.6906765,0.11918177455663681,0.9681591987609863,0.7194597125053406
YAR002C-A,YPR035W,0,1.690551,0.11916717886924744,0.9681591987609863,0.7195597887039185
YMR133W,YDR523C,0,1.6891916,0.11915258318185806,0.9681591987609863,0.7196598052978516
YOR253W,YML056C,0,1.6886432,0.11913799494504929,0.9681591987609863,0.7197598814964294
YBR020W,YJL098W,0,1.6882398,0.11912340670824051,0.9681591987609863,0.7198599576950073
YDL045W-A,YOL136C,0,1.6881056,0.11910882592201233,0.9681591987609863,0.7199599742889404
YOR222W,YER127W,0,1.6872399,0.11909424513578415,0.9681591987609863,0.7200600504875183
YKR034W,YNL283C,0,1.6871505,0.11907967180013657,0.9681591987609863,0.7201600670814514
YBR114W,YKR064W,0,1.6865704,0.11906509846448898,0.9681591987609863,0.7202601432800293
YDR312W,YNL248C,0,1.6863053,0.119050532579422,0.9681591987609863,0.7203601598739624
YJL089W,YBR192W,0,1.6861539,0.11903596669435501,0.9681591987609863,0.7204602360725403
YCL075W,YBR002C,0,1.6859765,0.11902140825986862,0.9681591987609863,0.7205602526664734
YHL047C,YLR090W,0,1.683261,0.11900684982538223,0.9681591987609863,0.7206603288650513
YPL235W,YMR130W,0,1.6831131,0.11899229884147644,0.9681591987609863,0.7207604050636292
YPR041W,YMR088C,0,1.6820037,0.11897774785757065,0.9681591987609863,0.7208604216575623
YOL061W,YLR264W,0,1.6819528,0.11896319687366486,0.9681591987609863,0.7209604978561401
YKR104W,YNL135C,0,1.6815999,0.11894865334033966,0.9681591987609863,0.7210605144500732
YMR238W,YIL076W,0,1.6804342,0.11893411725759506,0.9681591987609863,0.7211605906486511
YHR001W-A,YNR024W,0,1.6797175,0.11891958117485046,0.9681591987609863,0.7212606072425842
YMR282C,YPL134C,0,1.6792608,0.11890504509210587,0.9681591987609863,0.7213606834411621
YER002W,YPL226W,0,1.6792467,0.11889051645994186,0.9681591987609863,0.72146075963974
YDR033W,YER129W,0,1.6764104,0.11887599527835846,0.9681591987609863,0.7215607762336731
YDR087C,YLR105C,0,1.6748927,0.11886147409677505,0.9681591987609863,0.721660852432251
YNL110C,YMR204C,0,1.6742228,0.11884695291519165,0.9681591987609863,0.7217608690261841
YPR156C,YIL034C,0,1.6735548,0.11883243918418884,0.9681591987609863,0.721860945224762
YDR317W,YOL116W,0,1.6721082,0.11881792545318604,0.9681591987609863,0.7219609618186951
YDR483W,YML096W,0,1.6718171,0.11880341917276382,0.9681591987609863,0.722061038017273
YAL016W,YGL209W,0,1.6715332,0.11878891289234161,0.9681591987609863,0.722161054611206
YPR167C,YGL129C,0,1.6713581,0.1187744140625,0.9681591987609863,0.7222611308097839
YMR292W,YLR186W,0,1.6712148,0.11875991523265839,0.9681591987609863,0.7223612070083618
YEL024W,YJL196C,0,1.6708444,0.11874542385339737,0.9681591987609863,0.7224612236022949
YPL096C-A,YIL019W,0,1.6702226,0.11873093247413635,0.9681591987609863,0.7225612998008728
YPL050C,YNL246W,0,1.6694291,0.11871644854545593,0.9681591987609863,0.7226613163948059
YER025W,YDL043C,0,1.6694071,0.11870196461677551,0.9681591987609863,0.7227613925933838
YGR007W,YNL173C,0,1.6678803,0.11868748813867569,0.9681591987609863,0.7228614091873169
YDL123W,YDR083W,0,1.667835,0.11867301166057587,0.9681591987609863,0.7229614853858948
YIL034C,YBR176W,0,1.6672221,0.11865853518247604,0.9681591987609863,0.7230615019798279
YLL031C,YOR233W,0,1.6667689,0.11864406615495682,0.9681591987609863,0.7231615781784058
YGL251C,YDL227C,0,1.6664181,0.11862960457801819,0.9681591987609863,0.7232616543769836
YGL246C,YER071C,0,1.6650574,0.11861514300107956,0.9681591987609863,0.7233616709709167
YNL310C,YKR064W,0,1.6636927,0.11860068142414093,0.9681591987609863,0.7234617471694946
YIL053W,YIL177C,0,1.6634434,0.1185862272977829,0.9681591987609863,0.7235617637634277
YER114C,YLR194C,0,1.6633711,0.11857177317142487,0.9681591987609863,0.7236618399620056
YHR201C,YKL061W,0,1.6627395,0.11855732649564743,0.9681591987609863,0.7237618565559387
YKL009W,YHR109W,0,1.6617723,0.11854288727045059,0.9681591987609863,0.7238619327545166
YLR278C,YLR150W,0,1.6613154,0.11852844804525375,0.9681591987609863,0.7239620089530945
YEL039C,YER074W,0,1.6601286,0.11851400882005692,0.9681591987609863,0.7240620255470276
YDR359C,YEL039C,0,1.6590234,0.11849957704544067,0.9681591987609863,0.7241621017456055
YMR006C,YOR272W,0,1.6585795,0.11848514527082443,0.9681591987609863,0.7242621183395386
YMR306W,YOL098C,0,1.658427,0.11847071349620819,0.9681591987609863,0.7243621945381165
YML063W,YOL098C,0,1.6570472,0.11845629662275314,0.9681591987609863,0.7244622111320496
YMR292W,YBR012W-A,0,1.6569855,0.1184418722987175,0.9681591987609863,0.7245622873306274
YOR291W,YPL174C,0,1.6556997,0.11842745542526245,0.9681591987609863,0.7246623039245605
YIL069C,YHR021C,0,1.6547344,0.118413046002388,0.9681591987609863,0.7247623801231384
YPR034W,YNL088W,1,1.6538377,0.11852031946182251,0.9691542387008667,0.7247623801231384
YJL140W,YOL121C,0,1.6530682,0.11850590258836746,0.9691542387008667,0.7248624563217163
YNL213C,YMR296C,0,1.652919,0.11849148571491241,0.9691542387008667,0.7249624729156494
YMR311C,YLR219W,0,1.6525198,0.11847706884145737,0.9691542387008667,0.7250625491142273
YHL003C,YMR074C,0,1.6520796,0.11846265941858292,0.9691542387008667,0.7251625657081604
YDR364C,YOR294W,0,1.6514437,0.11844825744628906,0.9691542387008667,0.7252626419067383
YOL154W,YDR103W,0,1.6513276,0.11843385547399521,0.9691542387008667,0.7253626585006714
YLL053C,YDR121W,0,1.6510813,0.11841945350170135,0.9691542387008667,0.7254627346992493
YBR191W,YGR220C,0,1.6508794,0.1184050589799881,0.9691542387008667,0.7255628108978271
YLR266C,YBR028C,0,1.6507673,0.11839066445827484,0.9691542387008667,0.7256628274917603
YER036C,YKL021C,0,1.6506758,0.11837627738714218,0.9691542387008667,0.7257629036903381
YHL036W,YLR203C,0,1.6504,0.11836189031600952,0.9691542387008667,0.7258629202842712
YMR208W,YOR046C,0,1.6501012,0.11834751069545746,0.9691542387008667,0.7259629964828491
YEL015W,YBR159W,0,1.6493948,0.1183331310749054,0.9691542387008667,0.7260630130767822
YOR132W,YNL236W,0,1.6492133,0.11831875890493393,0.9691542387008667,0.7261630892753601
YDR410C,YDR343C,0,1.6491774,0.11830438673496246,0.9691542387008667,0.7262631058692932
YGR241C,YDR030C,0,1.6489993,0.118290014564991,0.9691542387008667,0.7263631820678711
YJR060W,YGL157W,0,1.6484618,0.11827564984560013,0.9691542387008667,0.726463258266449
YNL055C,YAL017W,0,1.6483555,0.11826129257678986,0.9691542387008667,0.7265632748603821
YFR006W,YGR253C,0,1.6470206,0.11824693530797958,0.9691542387008667,0.72666335105896
YKL210W,YLR214W,0,1.6469948,0.11823257803916931,0.9691542387008667,0.7267633676528931
YNL026W,YHR149C,0,1.6463046,0.11821822822093964,0.9691542387008667,0.726863443851471
YBR261C,YKL180W,0,1.6455159,0.11820388585329056,0.9691542387008667,0.726963460445404
YPL075W,YLR098C,0,1.6451676,0.11818954348564148,0.9691542387008667,0.7270635366439819
YJL121C,YBR257W,0,1.6451279,0.1181752011179924,0.9691542387008667,0.727163553237915
YPL100W,YFL049W,0,1.6449478,0.11816086620092392,0.9691542387008667,0.7272636294364929
YGL014W,YKR103W,0,1.6443255,0.11814653128385544,0.9691542387008667,0.7273637056350708
YDL246C,YJL191W,0,1.6422329,0.11813220381736755,0.9691542387008667,0.7274637222290039
YMR301C,YBR042C,0,1.6415207,0.11811787635087967,0.9691542387008667,0.7275637984275818
YKR054C,YDL124W,0,1.6406176,0.11810355633497238,0.9691542387008667,0.7276638150215149
YPL087W,YPL120W,0,1.6402615,0.1180892363190651,0.9691542387008667,0.7277638912200928
YJL058C,YPR174C,0,1.6401963,0.1180749163031578,0.9691542387008667,0.7278639078140259
YOR269W,YGR260W,0,1.6400387,0.11806060373783112,0.9691542387008667,0.7279639840126038
YFL057C,YBR162W-A,0,1.6393542,0.11804629862308502,0.9691542387008667,0.7280640602111816
YBR301W,YGL209W,0,1.6377898,0.11803199350833893,0.9691542387008667,0.7281640768051147
YJL206C,YJR103W,0,1.6365703,0.11801768839359283,0.9691542387008667,0.7282641530036926
YFL035C-B,YHR129C,0,1.6356591,0.11800339072942734,0.9691542387008667,0.7283641695976257
YLR316C,YOR063W,0,1.6339501,0.11798910051584244,0.9691542387008667,0.7284642457962036
YPR128C,YGL078C,0,1.633811,0.11797480285167694,0.9691542387008667,0.7285642623901367
YPL141C,YER173W,0,1.6336703,0.11796052008867264,0.9691542387008667,0.7286643385887146
YGL227W,YBR036C,0,1.6329942,0.11794623732566833,0.9691542387008667,0.7287643551826477
YNL063W,YMR269W,0,1.6329341,0.11793195456266403,0.9691542387008667,0.7288644313812256
YDR363W-A,YMR313C,0,1.6328397,0.11791767925024033,0.9691542387008667,0.7289645075798035
YKL164C,YGL141W,0,1.6327729,0.11790340393781662,0.9691542387008667,0.7290645241737366
YOR158W,YNL052W,0,1.631672,0.11788912862539291,0.9691542387008667,0.7291646003723145
YJR149W,YMR145C,0,1.6305158,0.1178748607635498,0.9691542387008667,0.7292646169662476
YFL004W,YDR545W,0,1.6304705,0.11786060035228729,0.9691542387008667,0.7293646931648254
YKL053C-A,YER086W,0,1.6301757,0.11784633994102478,0.9691542387008667,0.7294647097587585
YEL038W,YBR238C,0,1.6299798,0.11783207952976227,0.9691542387008667,0.7295647859573364
YER127W,YNL191W,0,1.629885,0.11781782656908035,0.9691542387008667,0.7296648621559143
YKL077W,YPR149W,0,1.6297302,0.11780358105897903,0.9691542387008667,0.7297648787498474
YER112W,YLL009C,0,1.629698,0.11778933554887772,0.9691542387008667,0.7298649549484253
YNR027W,YGR184C,0,1.6296382,0.1177750900387764,0.9691542387008667,0.7299649715423584
YDL200C,YML092C,0,1.6296167,0.11776085197925568,0.9691542387008667,0.7300650477409363
YNL262W,YGR239C,0,1.6292164,0.11774661391973495,0.9691542387008667,0.7301650643348694
YGL010W,YLR430W,0,1.627618,0.11773238331079483,0.9691542387008667,0.7302651405334473
YDR363W,YHR118C,1,1.62729,0.117839016020298,0.9701492786407471,0.7302651405334473
YIL070C,YOR158W,0,1.6267655,0.11782477051019669,0.9701492786407471,0.7303651571273804
YLR414C,YKR056W,0,1.6261871,0.11781053990125656,0.9701492786407471,0.7304652333259583
YKR078W,YJR117W,0,1.6251404,0.11779630184173584,0.9701492786407471,0.7305653095245361
YPL101W,YHR009C,0,1.62506,0.11778207123279572,0.9701492786407471,0.7306653261184692
YDR306C,YLR234W,0,1.624286,0.11776784807443619,0.9701492786407471,0.7307654023170471
YHR066W,YLL001W,0,1.623752,0.11775362491607666,0.9701492786407471,0.7308654189109802
YGR155W,YLR048W,0,1.6234276,0.11773940175771713,0.9701492786407471,0.7309654951095581
YKL138C-A,YNL317W,0,1.623414,0.1177251860499382,0.9701492786407471,0.7310655117034912
YIL153W,YGL051W,0,1.6219544,0.11771097779273987,0.9701492786407471,0.7311655879020691
YLR134W,YKL099C,0,1.621954,0.11769676208496094,0.9701492786407471,0.7312656044960022
YOR291W,YGL089C,0,1.6219404,0.1176825612783432,0.9701492786407471,0.7313656806945801
YBR087W,YHR202W,0,1.6219044,0.11766835302114487,0.9701492786407471,0.731465756893158
YNL339C,YNL236W,0,1.6212331,0.11765415966510773,0.9701492786407471,0.7315657734870911
YBR181C,YGR212W,0,1.6206931,0.11763995885848999,0.9701492786407471,0.731665849685669
YBL024W,YPL188W,0,1.6201775,0.11762576550245285,0.9701492786407471,0.731765866279602
YPL068C,YDR486C,0,1.6195236,0.11761157959699631,0.9701492786407471,0.7318659424781799
YBR205W,YNR024W,0,1.6195123,0.11759739369153976,0.9701492786407471,0.731965959072113
YER044C-A,YHR036W,0,1.6189134,0.11758321523666382,0.9701492786407471,0.7320660352706909
YGR006W,YMR176W,0,1.6188333,0.11756903678178787,0.9701492786407471,0.7321661114692688
YDR384C,YER087C-B,0,1.6181252,0.11755485832691193,0.9701492786407471,0.7322661280632019
YOR294W,YOR304C-A,0,1.618031,0.11754068732261658,0.9701492786407471,0.7323662042617798
YLR134W,YDL145C,0,1.618006,0.11752651631832123,0.9701492786407471,0.7324662208557129
YBR212W,YCL027W,0,1.6159815,0.11751235276460648,0.9701492786407471,0.7325662970542908
YDR362C,YIL170W,0,1.6159577,0.11749818921089172,0.9701492786407471,0.7326663136482239
YEL005C,YNL128W,0,1.6154103,0.11748403310775757,0.9701492786407471,0.7327663898468018
YNL283C,YBR296C,0,1.6137257,0.11746987700462341,0.9701492786407471,0.7328664064407349
YPR143W,YIL119C,0,1.612276,0.11745572835206985,0.9701492786407471,0.7329664826393127
YBL089W,YHR143W,0,1.6117089,0.1174415796995163,0.9701492786407471,0.7330665588378906
YDL215C,YER038C,0,1.6109941,0.11742743849754333,0.9701492786407471,0.7331665754318237
YKL029C,YCL014W,0,1.6108594,0.11741329729557037,0.9701492786407471,0.7332666516304016
YOL029C,YCL051W,0,1.6100007,0.11739915609359741,0.9701492786407471,0.7333666682243347
YKL166C,YLR197W,0,1.6091433,0.11738502234220505,0.9701492786407471,0.7334667444229126
YOL103W,YMR136W,0,1.6090021,0.11737088859081268,0.9701492786407471,0.7335667610168457
YCL017C,YMR200W,0,1.6088206,0.11735676229000092,0.9701492786407471,0.7336668372154236
YNL308C,YIL005W,0,1.6085379,0.11734264343976974,0.9701492786407471,0.7337668538093567
YNL110C,YGL169W,0,1.6079798,0.11732851713895798,0.9701492786407471,0.7338669300079346
YMR080C,YDR531W,0,1.6070423,0.1173144057393074,0.9701492786407471,0.7339670062065125
YFR015C,YBR054W,0,1.6055729,0.11730028688907623,0.9701492786407471,0.7340670228004456
YMR051C,YNL115C,0,1.6053743,0.11728617548942566,0.9701492786407471,0.7341670989990234
YFR019W,YGR154C,0,1.6053628,0.11727207154035568,0.9701492786407471,0.7342671155929565
YNL230C,YGR134W,0,1.6053157,0.1172579675912857,0.9701492786407471,0.7343671917915344
YDR284C,YDL137W,0,1.6053087,0.11724386364221573,0.9701492786407471,0.7344672083854675
YCL048W,YLR154C,0,1.604542,0.11722976714372635,0.9701492786407471,0.7345672845840454
YBR120C,YLR204W,0,1.6037799,0.11721567809581757,0.9701492786407471,0.7346673607826233
YNR004W,YBL034C,0,1.6023203,0.11720158904790878,0.9701492786407471,0.7347673773765564
YGL111W,YER031C,0,1.6019963,0.1171875,0.9701492786407471,0.7348674535751343
YDR109C,YIL035C,0,1.6014422,0.11717341840267181,0.9701492786407471,0.7349674701690674
YHL050C,YPR081C,0,1.600709,0.11715933680534363,0.9701492786407471,0.7350675463676453
YGR060W,YPR127W,0,1.5990528,0.11714526265859604,0.9701492786407471,0.7351675629615784
YLR203C,YPR174C,0,1.5990002,0.11713118851184845,0.9701492786407471,0.7352676391601562
YGR113W,YOR283W,0,1.598788,0.11711711436510086,0.9701492786407471,0.7353676557540894
YML097C,YDL195W,0,1.5981824,0.11710304766893387,0.9701492786407471,0.7354677319526672
YOL061W,YLR283W,0,1.5979927,0.11708898842334747,0.9701492786407471,0.7355678081512451
YDR021W,YML051W,0,1.5967808,0.11707492917776108,0.9701492786407471,0.7356678247451782
YGL144C,YAR010C,0,1.5948963,0.11706086993217468,0.9701492786407471,0.7357679009437561
YPL244C,YDR064W,0,1.5945301,0.11704681813716888,0.9701492786407471,0.7358679175376892
YOR103C,YJR101W,0,1.5943569,0.11703276634216309,0.9701492786407471,0.7359679937362671
YGL028C,YER087W,0,1.5927696,0.11701872199773788,0.9701492786407471,0.7360680103302002
YDR055W,YJR076C,0,1.5927223,0.11700467765331268,0.9701492786407471,0.7361680865287781
YNR040W,YBL112C,0,1.5919943,0.11699064075946808,0.9701492786407471,0.736268162727356
YJR140C,YOL084W,0,1.591254,0.11697660386562347,0.9701492786407471,0.7363681793212891
YJR046W,YJR034W,0,1.5900639,0.11696257442235947,0.9701492786407471,0.7364682555198669
YGR263C,YHR108W,0,1.5895576,0.11694854497909546,0.9701492786407471,0.7365682721138
YHL050C,YKL192C,0,1.5889096,0.11693451553583145,0.9701492786407471,0.7366683483123779
YLR189C,YIL021W,0,1.5887903,0.11692049354314804,0.9701492786407471,0.736768364906311
YDR531W,YGR199W,0,1.5879872,0.11690647155046463,0.9701492786407471,0.7368684411048889
YBR016W,YDR298C,0,1.5872024,0.11689245700836182,0.9701492786407471,0.736968457698822
YJR112W,YDR381W,0,1.5857753,0.1168784499168396,0.9701492786407471,0.7370685338973999
YBL005W-B,YLR344W,0,1.5855185,0.11686443537473679,0.9701492786407471,0.7371686100959778
YML073C,YHR172W,0,1.5851101,0.11685042828321457,0.9701492786407471,0.7372686266899109
YDR069C,YNL146W,0,1.5847571,0.11683642864227295,0.9701492786407471,0.7373687028884888
YHR202W,YNL259C,0,1.5843272,0.11682242900133133,0.9701492786407471,0.7374687194824219
YCR052W,YLR460C,0,1.5836709,0.1168084368109703,0.9701492786407471,0.7375687956809998
YBL002W,YPL127C,1,1.5826527,0.11691422760486603,0.9711442589759827,0.7375687956809998
YLR192C,YOR233W,0,1.5825988,0.11690022796392441,0.9711442589759827,0.7376688122749329
YFR001W,YNL281W,0,1.5825016,0.11688622832298279,0.9711442589759827,0.7377688884735107
YMR020W,YKL138C-A,0,1.581934,0.11687222868204117,0.9711442589759827,0.7378689050674438
YOL052C-A,YHR039C-A,0,1.5814055,0.11685823649168015,0.9711442589759827,0.7379689812660217
YGR283C,YER185W,0,1.5808048,0.11684424430131912,0.9711442589759827,0.7380690574645996
YFR018C,YPL196W,0,1.580753,0.1168302595615387,0.9711442589759827,0.7381690740585327
YNL135C,YJR010C-A,0,1.5806928,0.11681627482175827,0.9711442589759827,0.7382691502571106
YBL061C,YNL310C,0,1.5805385,0.11680229753255844,0.9711442589759827,0.7383691668510437
YPL110C,YOL092W,0,1.5800333,0.11678832024335861,0.9711442589759827,0.7384692430496216
YPL203W,YPR156C,0,1.5798812,0.11677435040473938,0.9711442589759827,0.7385692596435547
YER175C,YGR040W,0,1.5789939,0.11676038056612015,0.9711442589759827,0.7386693358421326
YDR045C,YKR044W,0,1.5789351,0.11674641072750092,0.9711442589759827,0.7387694120407104
YDR383C,YBR096W,0,1.5784698,0.11673244833946228,0.9711442589759827,0.7388694286346436
YGR003W,YMR087W,0,1.5778755,0.11671848595142365,0.9711442589759827,0.7389695048332214
YPR098C,YML106W,0,1.5776185,0.1167045310139656,0.9711442589759827,0.7390695214271545
YOR079C,YBR012W-A,0,1.5775795,0.11669057607650757,0.9711442589759827,0.7391695976257324
YFL010W-A,YLR042C,0,1.5774097,0.11667662858963013,0.9711442589759827,0.7392696142196655
YOL071W,YDR138W,0,1.5771525,0.11666268110275269,0.9711442589759827,0.7393696904182434
YDR478W,YJL021C,0,1.5740557,0.11664874106645584,0.9711442589759827,0.7394697070121765
YHR118C,YMR094W,0,1.5735793,0.116634801030159,0.9711442589759827,0.7395697832107544
YHL012W,YLR207W,0,1.5735497,0.11662086099386215,0.9711442589759827,0.7396698594093323
YLR145W,YLR014C,0,1.5730914,0.1166069284081459,0.9711442589759827,0.7397698760032654
YJL216C,YNL160W,0,1.5729711,0.11659300327301025,0.9711442589759827,0.7398699522018433
YOL165C,YOR167C,0,1.571953,0.116579070687294,0.9711442589759827,0.7399699687957764
YMR156C,YGR170W,0,1.5716355,0.11656515300273895,0.9711442589759827,0.7400700449943542
YJR009C,YLL062C,0,1.571141,0.1165512278676033,0.9711442589759827,0.7401700615882874
YDR196C,YOR270C,0,1.5700593,0.11653731018304825,0.9711442589759827,0.7402701377868652
YDL070W,YDL166C,0,1.5699869,0.11652339994907379,0.9711442589759827,0.7403702139854431
YKL088W,YHR005C,0,1.568753,0.11650948971509933,0.9711442589759827,0.7404702305793762
YKL185W,YHR154W,0,1.5682619,0.11649558693170547,0.9711442589759827,0.7405703067779541
YLR221C,YGR158C,0,1.5678937,0.11648167669773102,0.9711442589759827,0.7406703233718872
YKL130C,YDL130W-A,0,1.5672262,0.11646778136491776,0.9711442589759827,0.7407703995704651
YLL012W,YNL232W,0,1.5655684,0.11645388603210449,0.9711442589759827,0.7408704161643982
YDR456W,YNL024C,0,1.5644702,0.11643999069929123,0.9711442589759827,0.7409704923629761
YKL007W,YDR510W,0,1.5641124,0.11642610281705856,0.9711442589759827,0.7410705089569092
YHR037W,YDR460W,0,1.5641066,0.1164122149348259,0.9711442589759827,0.7411705851554871
YLR318W,YGL196W,0,1.564095,0.11639832705259323,0.9711442589759827,0.7412706613540649
YLR061W,YER171W,0,1.5638187,0.11638444662094116,0.9711442589759827,0.741370677947998
YBR091C,YJL216C,0,1.5623579,0.11637057363986969,0.9711442589759827,0.7414707541465759
YJL221C,YMR286W,0,1.5621569,0.11635670065879822,0.9711442589759827,0.741570770740509
YPR070W,YKR075C,0,1.56176,0.11634282767772675,0.9711442589759827,0.7416708469390869
YBR172C,YCL008C,0,1.5609295,0.11632896214723587,0.9711442589759827,0.74177086353302
YLR032W,YMR166C,0,1.560117,0.116315096616745,0.9711442589759827,0.7418709397315979
YLR078C,YER091C,0,1.5596986,0.11630123853683472,0.9711442589759827,0.741970956325531
YNL190W,YER045C,0,1.5594695,0.11628738045692444,0.9711442589759827,0.7420710325241089
YGR060W,YCR030C,0,1.5590901,0.11627352982759476,0.9711442589759827,0.7421711087226868
YLR193C,YML018C,0,1.5589969,0.11625967919826508,0.9711442589759827,0.7422711253166199
YMR312W,YHR206W,0,1.5588793,0.1162458285689354,0.9711442589759827,0.7423712015151978
YJL059W,YPL135W,0,1.5586898,0.11623198539018631,0.9711442589759827,0.7424712181091309
YAL040C,YOR212W,0,1.558348,0.11621814966201782,0.9711442589759827,0.7425712943077087
YDR318W,YMR237W,0,1.5575868,0.11620430648326874,0.9711442589759827,0.7426713109016418
YDR436W,YBR182C,0,1.557283,0.11619047820568085,0.9711442589759827,0.7427713871002197
YMR130W,YDL115C,0,1.5572423,0.11617664247751236,0.9711442589759827,0.7428714632987976
YJL045W,YHR088W,0,1.5571657,0.11616282165050507,0.9711442589759827,0.7429714798927307
YJR033C,YGR189C,0,1.5565873,0.11614899337291718,0.9711442589759827,0.7430715560913086
YDR046C,YBR191W,0,1.555202,0.11613517254590988,0.9711442589759827,0.7431715726852417
YLR353W,YNL095C,0,1.5548627,0.11612135916948318,0.9711442589759827,0.7432716488838196
YLR350W,YPL224C,0,1.5546715,0.11610754579305649,0.9711442589759827,0.7433716654777527
YDL128W,YHR035W,0,1.5539821,0.11609373241662979,0.9711442589759827,0.7434717416763306
YBR251W,YOR272W,0,1.5539613,0.11607992649078369,0.9711442589759827,0.7435717582702637
YCL039W,YML116W,0,1.5538942,0.11606612056493759,0.9711442589759827,0.7436718344688416
YOR048C,YBR162W-A,0,1.55269,0.11605232208967209,0.9711442589759827,0.7437719106674194
YJL060W,YKR056W,0,1.5519755,0.11603852361440659,0.9711442589759827,0.7438719272613525
YJL221C,YAL053W,0,1.5518978,0.11602472513914108,0.9711442589759827,0.7439720034599304
YBR058C-A,YHR085W,0,1.5501711,0.11601093411445618,0.9711442589759827,0.7440720200538635
YDR545W,YLR432W,0,1.5494976,0.11599715054035187,0.9711442589759827,0.7441720962524414
YJL058C,YLR005W,0,1.5493878,0.11598335951566696,0.9711442589759827,0.7442721128463745
YPL139C,YKL043W,0,1.5489476,0.11596958339214325,0.9711442589759827,0.7443721890449524
YFL014W,YOL140W,0,1.548836,0.11595580726861954,0.9711442589759827,0.7444722652435303
YNR032C-A,YDR448W,0,1.5480783,0.11594203114509583,0.9711442589759827,0.7445722818374634
YFR006W,YLR096W,0,1.5476631,0.11592825502157211,0.9711442589759827,0.7446723580360413
YGL010W,YML125C,0,1.5468557,0.115914486348629,0.9711442589759827,0.7447723746299744
YLR020C,YDR380W,0,1.5467584,0.11590072512626648,0.9711442589759827,0.7448724508285522
YLR167W,YHR069C,0,1.5466641,0.11588696390390396,0.9711442589759827,0.7449724674224854
YDR411C,YKL061W,0,1.5466567,0.11587320268154144,0.9711442589759827,0.7450725436210632
YLR142W,YMR304W,0,1.5466487,0.11585944890975952,0.9711442589759827,0.7451725602149963
YDR527W,YHR080C,0,1.5463488,0.1158456951379776,0.9711442589759827,0.7452726364135742
YLR037C,YOR304C-A,0,1.5457993,0.11583194881677628,0.9711442589759827,0.7453727126121521
YDR019C,YOR327C,0,1.5457764,0.11581820249557495,0.9711442589759827,0.7454727292060852
YJL130C,YER036C,0,1.5446045,0.11580446362495422,0.9711442589759827,0.7455728054046631
YLL041C,YHR119W,0,1.5438559,0.1157907247543335,0.9711442589759827,0.7456728219985962
YIL111W,YPL179W,0,1.5430706,0.11577698588371277,0.9711442589759827,0.7457728981971741
YIR015W,YOR233W,0,1.542788,0.11576325446367264,0.9711442589759827,0.7458729147911072
YLR367W,YMR046C,0,1.5426817,0.11574952304363251,0.9711442589759827,0.7459729909896851
YPR118W,YKL138C-A,0,1.5422652,0.11573579907417297,0.9711442589759827,0.7460730075836182
YPL145C,YDL045W-A,0,1.5406771,0.11572207510471344,0.9711442589759827,0.746173083782196
YGR255C,YLR040C,0,1.5405941,0.1157083585858345,0.9711442589759827,0.7462731599807739
YOR065W,YMR243C,0,1.5401808,0.11569464206695557,0.9711442589759827,0.746373176574707
YOR236W,YBL039C,0,1.540077,0.11568092554807663,0.9711442589759827,0.7464732527732849
YHR110W,YFR003C,0,1.5398464,0.11566721647977829,0.9711442589759827,0.746573269367218
YDL024C,YGL037C,0,1.5387781,0.11565351486206055,0.9711442589759827,0.7466733455657959
YDR440W,YJL167W,0,1.5368865,0.1156398132443428,0.9711442589759827,0.746773362159729
YGR162W,YNL280C,0,1.5367548,0.11562611162662506,0.9711442589759827,0.7468734383583069
YBR156C,YDR530C,0,1.5366224,0.11561241745948792,0.9711442589759827,0.7469735145568848
YHR147C,YLL018C-A,0,1.536293,0.11559872329235077,0.9711442589759827,0.7470735311508179
YDL202W,YLR186W,0,1.5358601,0.11558502912521362,0.9711442589759827,0.7471736073493958
YJL155C,YBR041W,0,1.535234,0.11557134240865707,0.9711442589759827,0.7472736239433289
YDR262W,YHL011C,0,1.5335648,0.11555766314268112,0.9711442589759827,0.7473737001419067
YNL110C,YER131W,0,1.533016,0.11554397642612457,0.9711442589759827,0.7474737167358398
YOR386W,YNL006W,0,1.5321779,0.11553030461072922,0.9711442589759827,0.7475737929344177
YDR265W,YBR276C,0,1.5318835,0.11551663279533386,0.9711442589759827,0.7476738095283508
YIL093C,YGL157W,0,1.5315602,0.11550296097993851,0.9711442589759827,0.7477738857269287
YDL113C,YLR157C,0,1.5310988,0.11548928916454315,0.9711442589759827,0.7478739619255066
YLR164W,YCR075C,0,1.530791,0.1154756247997284,0.9711442589759827,0.7479739785194397
YLR189C,YDL204W,0,1.5296865,0.11546196788549423,0.9711442589759827,0.7480740547180176
YFL054C,YOR207C,0,1.5296096,0.11544831097126007,0.9711442589759827,0.7481740713119507
YMR118C,YJR150C,0,1.526621,0.11543465405702591,0.9711442589759827,0.7482741475105286
YER044C-A,YKR064W,0,1.5265958,0.11542100459337234,0.9711442589759827,0.7483741641044617
YOL010W,YNL242W,0,1.5254263,0.11540735512971878,0.9711442589759827,0.7484742403030396
YML087C,YPL172C,0,1.52143,0.11539371311664581,0.9711442589759827,0.7485743165016174
YKR104W,YHR061C,0,1.5207043,0.11538007110357285,0.9711442589759827,0.7486743330955505
YEL069C,YLR050C,0,1.520294,0.11536642909049988,0.9711442589759827,0.7487744092941284
YCL057W,YGL216W,0,1.5201019,0.11535279452800751,0.9711442589759827,0.7488744258880615
YJL149W,YGL005C,0,1.5194936,0.11533915996551514,0.9711442589759827,0.7489745020866394
YER162C,YNL318C,0,1.5176494,0.11532553285360336,0.9711442589759827,0.7490745186805725
YPR190C,YNL046W,0,1.5174774,0.11531190574169159,0.9711442589759827,0.7491745948791504
YER071C,YKL140W,0,1.5174394,0.11529828608036041,0.9711442589759827,0.7492746114730835
YDR009W,YJL114W,0,1.5173556,0.11528466641902924,0.9711442589759827,0.7493746876716614
YPR026W,YDR158W,0,1.5160764,0.11527105420827866,0.9711442589759827,0.7494747638702393
YKL077W,YMR037C,0,1.5151515,0.11525744199752808,0.9711442589759827,0.7495747804641724
YNR037C,YDR030C,0,1.5147341,0.1152438297867775,0.9711442589759827,0.7496748566627502
YML013W,YIR002C,0,1.5137675,0.11523022502660751,0.9711442589759827,0.7497748732566833
YOL093W,YHR110W,0,1.5124565,0.11521662026643753,0.9711442589759827,0.7498749494552612
YKL045W,YIL170W,0,1.511872,0.11520302295684814,0.9711442589759827,0.7499749660491943
YOR057W,YOL002C,0,1.5114583,0.11518942564725876,0.9711442589759827,0.7500750422477722
YGL123W,YHR069C,0,1.511276,0.11517582833766937,0.9711442589759827,0.7501750588417053
YDR164C,YDR387C,0,1.50974,0.11516223847866058,0.9711442589759827,0.7502751350402832
YNL213C,YDL047W,0,1.5092285,0.11514865607023239,0.9711442589759827,0.7503752112388611
YLR414C,YNL273W,0,1.5084956,0.1151350736618042,0.9711442589759827,0.7504752278327942
YGR001C,YNL117W,0,1.5083688,0.11512149125337601,0.9711442589759827,0.7505753040313721
YOR381W,YKR035W-A,0,1.5079795,0.11510791629552841,0.9711442589759827,0.7506753206253052
YLR134W,YJL164C,0,1.5079591,0.11509434133768082,0.9711442589759827,0.7507753968238831
YER002W,YBL010C,0,1.5075886,0.11508076637983322,0.9711442589759827,0.7508754134178162
YHR076W,YNL238W,0,1.506677,0.11506719887256622,0.9711442589759827,0.750975489616394
YJL034W,YCL016C,0,1.5065838,0.11505363881587982,0.9711442589759827,0.7510755658149719
YMR297W,YGL096W,0,1.5042567,0.11504007875919342,0.9711442589759827,0.751175582408905
YLL066C,YNR013C,0,1.5039918,0.11502651870250702,0.9711442589759827,0.7512756586074829
YBR090C-A,YBL008W,1,1.5036378,0.11513080447912216,0.972139298915863,0.7512756586074829
YJL174W,YHR014W,0,1.5026104,0.11511723697185516,0.972139298915863,0.751375675201416
YCR016W,YJR046W,0,1.501434,0.11510367691516876,0.972139298915863,0.7514757513999939
YKL010C,YPR119W,0,1.5010782,0.11509011685848236,0.972139298915863,0.751575767993927
YGL189C,YDL144C,0,1.5007073,0.11507656425237656,0.972139298915863,0.7516758441925049
YLR352W,YJR139C,0,1.5000592,0.11506300419569016,0.972139298915863,0.751775860786438
YHR060W,YHR010W,0,1.4994961,0.11504945904016495,0.972139298915863,0.7518759369850159
YPR001W,YBL007C,0,1.4992247,0.11503591388463974,0.972139298915863,0.7519760131835938
YHR129C,YPR063C,0,1.4987679,0.11502236872911453,0.972139298915863,0.7520760297775269
YDL197C,YBR111W-A,0,1.4975563,0.11500883102416992,0.972139298915863,0.7521761059761047
YIL135C,YHR169W,0,1.4958436,0.11499529331922531,0.972139298915863,0.7522761225700378
YKL032C,YDR516C,0,1.4954286,0.1149817556142807,0.972139298915863,0.7523761987686157
YMR093W,YCR063W,0,1.4953959,0.11496822535991669,0.972139298915863,0.7524762153625488
YOR283W,YHR175W,0,1.4943359,0.11495470255613327,0.972139298915863,0.7525762915611267
YHR214W,YOR254C,0,1.4934838,0.11494117975234985,0.972139298915863,0.7526763677597046
YDL129W,YPR189W,0,1.4928458,0.11492765694856644,0.972139298915863,0.7527763843536377
YJL213W,YJL114W,0,1.491265,0.11491413414478302,0.972139298915863,0.7528764605522156
YCL051W,YLR196W,0,1.4904772,0.1149006262421608,0.972139298915863,0.7529764771461487
YIL155C,YHR186C,0,1.4903445,0.11488711088895798,0.972139298915863,0.7530765533447266
YDR473C,YGR292W,0,1.489634,0.11487360298633575,0.972139298915863,0.7531765699386597
YNR018W,YPL188W,0,1.4890121,0.11486009508371353,0.972139298915863,0.7532766461372375
YBR112C,YCR075C,0,1.488661,0.1148465946316719,0.972139298915863,0.7533766627311707
YPL269W,YJL171C,0,1.4879775,0.11483310163021088,0.972139298915863,0.7534767389297485
YDL054C,YDL227C,0,1.487454,0.11481960117816925,0.972139298915863,0.7535768151283264
YCR057C,YBL092W,0,1.4870013,0.11480610817670822,0.972139298915863,0.7536768317222595
YML133C,YNL039W,0,1.4866314,0.11479262262582779,0.972139298915863,0.7537769079208374
YJR132W,YDL198C,0,1.4865477,0.11477913707494736,0.972139298915863,0.7538769245147705
YLR098C,YGL122C,0,1.4859214,0.11476565152406693,0.972139298915863,0.7539770007133484
YLL024C,YJR029W,0,1.4855509,0.11475217342376709,0.972139298915863,0.7540770173072815
YOR287C,YLR440C,0,1.4847682,0.11473869532346725,0.972139298915863,0.7541770935058594
YML042W,YCL005W-A,0,1.484418,0.11472522467374802,0.972139298915863,0.7542771100997925
YDL240W,YGR175C,0,1.4818764,0.11471175402402878,0.972139298915863,0.7543771862983704
YPR174C,YER008C,0,1.481534,0.11469828337430954,0.972139298915863,0.7544772624969482
YLR411W,YER138C,0,1.4804261,0.1146848201751709,0.972139298915863,0.7545772790908813
YLR385C,YBR088C,1,1.4803646,0.1147887334227562,0.9731343388557434,0.7545772790908813
YGR180C,YNL309W,0,1.47984,0.11477526277303696,0.9731343388557434,0.7546773552894592
YPR168W,YDR288W,0,1.4797232,0.11476179212331772,0.9731343388557434,0.7547773718833923
YDL061C,YNL190W,0,1.4795188,0.11474832892417908,0.9731343388557434,0.7548774480819702
YNL077W,YOR162C,0,1.4790926,0.11473486572504044,0.9731343388557434,0.7549774646759033
YEL036C,YDR422C,0,1.4790232,0.11472140997648239,0.9731343388557434,0.7550775408744812
YLR189C,YDR055W,0,1.478472,0.11470795422792435,0.9731343388557434,0.7551776170730591
YDR415C,YLR289W,0,1.4784045,0.1146944984793663,0.9731343388557434,0.7552776336669922
YDR350C,YGL021W,0,1.4765218,0.11468105018138885,0.9731343388557434,0.7553777098655701
YDR299W,YOR131C,0,1.4758466,0.11466760188341141,0.9731343388557434,0.7554777264595032
YIL108W,YCR018C,0,1.4755445,0.11465416103601456,0.9731343388557434,0.755577802658081
YBR247C,YJR083C,0,1.4752053,0.1146407201886177,0.9731343388557434,0.7556778192520142
YHR023W,YPL225W,0,1.4745221,0.11462728679180145,0.9731343388557434,0.755777895450592
YNL121C,YNL112W,0,1.4738255,0.1146138533949852,0.9731343388557434,0.7558779120445251
YOL139C,YDL136W,0,1.4706273,0.11460041999816895,0.9731343388557434,0.755977988243103
YHR052W,YMR308C,0,1.4687243,0.11458699405193329,0.9731343388557434,0.7560780644416809
YNL110C,YJR135W-A,0,1.4685512,0.11457356810569763,0.9731343388557434,0.756178081035614
YMR239C,YHR067W,0,1.4684243,0.11456014961004257,0.9731343388557434,0.7562781572341919
YIL022W,YDL138W,0,1.468144,0.11454673111438751,0.9731343388557434,0.756378173828125
YCR077C,YPR096C,0,1.4680021,0.11453332006931305,0.9731343388557434,0.7564782500267029
YOR243C,YNL095C,0,1.4674692,0.11451990902423859,0.9731343388557434,0.756578266620636
YFR031C,YLL067C,0,1.4671276,0.11450649797916412,0.9731343388557434,0.7566783428192139
YDR306C,YPL149W,0,1.4670525,0.11449309438467026,0.9731343388557434,0.756778359413147
YDL138W,YOL098C,0,1.4655612,0.11447969079017639,0.9731343388557434,0.7568784356117249
YPL105C,YDL012C,0,1.465024,0.11446629464626312,0.9731343388557434,0.7569785118103027
YFR006W,YBL023C,0,1.4650121,0.11445289850234985,0.9731343388557434,0.7570785284042358
YDR343C,YDR288W,0,1.4647409,0.11443950235843658,0.9731343388557434,0.7571786046028137
YLR134W,YIR005W,0,1.4646031,0.11442611366510391,0.9731343388557434,0.7572786211967468
YKL143W,YPL063W,0,1.4645267,0.11441272497177124,0.9731343388557434,0.7573786973953247
YLL003W,YCR040W,0,1.4641498,0.11439934372901917,0.9731343388557434,0.7574787139892578
YOL093W,YBL087C,0,1.4640839,0.11438596248626709,0.9731343388557434,0.7575787901878357
YPL280W,YGR017W,0,1.4634602,0.11437258869409561,0.9731343388557434,0.7576788663864136
YOL090W,YNR057C,0,1.4629602,0.11435921490192413,0.9731343388557434,0.7577788829803467
YNL085W,YDR127W,0,1.4624653,0.11434584110975266,0.9731343388557434,0.7578789591789246
YPR118W,YOR004W,0,1.4623771,0.11433247476816177,0.9731343388557434,0.7579789757728577
YLR426W,YOR085W,0,1.4618195,0.11431910842657089,0.9731343388557434,0.7580790519714355
YBR294W,YJR054W,0,1.4617071,0.11430574953556061,0.9731343388557434,0.7581790685653687
YHL017W,YOR377W,0,1.4609435,0.11429239064455032,0.9731343388557434,0.7582791447639465
YPR192W,YJR160C,0,1.4606944,0.11427903920412064,0.9731343388557434,0.7583791613578796
YCL057C-A,YGR008C,0,1.4605026,0.11426568776369095,0.9731343388557434,0.7584792375564575
YCR047C,YOR353C,0,1.4604478,0.11425233632326126,0.9731343388557434,0.7585793137550354
YPL056C,YMR256C,0,1.4603949,0.11423899233341217,0.9731343388557434,0.7586793303489685
YDR038C,YGR020C,0,1.4603167,0.11422564834356308,0.9731343388557434,0.7587794065475464
YEL006W,YGL009C,0,1.4599726,0.11421231180429459,0.9731343388557434,0.7588794231414795
YIL061C,YCR047C,0,1.4596236,0.11419897526502609,0.9731343388557434,0.7589794993400574
YNL122C,YNR024W,0,1.4590801,0.1141856387257576,0.9731343388557434,0.7590795159339905
YKL100C,YLR373C,0,1.4590371,0.1141723096370697,0.9731343388557434,0.7591795921325684
YDL054C,YNR021W,0,1.4590054,0.1141589805483818,0.9731343388557434,0.7592796683311462
YER102W,YDL033C,0,1.4581763,0.1141456589102745,0.9731343388557434,0.7593796849250793
YLR276C,YIL017W,0,1.4581571,0.1141323372721672,0.9731343388557434,0.7594797611236572
YDR545W,YLR238W,0,1.4580778,0.1141190230846405,0.9731343388557434,0.7595797777175903
YBL078C,YBL064C,0,1.4576756,0.1141057088971138,0.9731343388557434,0.7596798539161682
YMR215W,YKL063C,0,1.4576385,0.1140923947095871,0.9731343388557434,0.7597798705101013
YEL021W,YJR070C,0,1.4575665,0.11407908797264099,0.9731343388557434,0.7598799467086792
YLR068W,YKR104W,0,1.4574379,0.11406578123569489,0.9731343388557434,0.7599799633026123
YDR045C,YDR447C,0,1.45712,0.11405247449874878,0.9731343388557434,0.7600800395011902
YDR091C,YML098W,0,1.454663,0.11403918266296387,0.9731343388557434,0.7601801156997681
YDR273W,YDR140W,0,1.4536581,0.11402588337659836,0.9731343388557434,0.7602801322937012
YMR262W,YBR067C,0,1.4526509,0.11401259154081345,0.9731343388557434,0.760380208492279
YOL140W,YDL247W,0,1.4525678,0.11399929970502853,0.9731343388557434,0.7604802250862122
YJR158W,YPL097W,0,1.4509283,0.11398601531982422,0.9731343388557434,0.76058030128479
YMR125W,YDR476C,0,1.4509178,0.1139727309346199,0.9731343388557434,0.7606803178787231
YDL129W,YGL094C,0,1.4497154,0.11395944654941559,0.9731343388557434,0.760780394077301
YLL034C,YPL082C,0,1.449693,0.11394616961479187,0.9731343388557434,0.7608804106712341
YGR159C,YHR076W,0,1.449672,0.11393290013074875,0.9731343388557434,0.760980486869812
YJL212C,YLR001C,0,1.449395,0.11391963064670563,0.9731343388557434,0.7610805630683899
YMR269W,YDL130W-A,0,1.4493365,0.1139063611626625,0.9731343388557434,0.761180579662323
YOR048C,YJL181W,0,1.4479612,0.11389309167861938,0.9731343388557434,0.7612806558609009
YGR054W,YDR320C,0,1.4470377,0.11387982964515686,0.9731343388557434,0.761380672454834
YJR131W,YBR176W,0,1.4468889,0.11386657506227493,0.9731343388557434,0.7614807486534119
YMR221C,YBL064C,0,1.4465978,0.113853320479393,0.9731343388557434,0.761580765247345
YCL066W,YPR006C,0,1.4458262,0.11384006589651108,0.9731343388557434,0.7616808414459229
YHL050C,YEL065W,0,1.4456346,0.11382681876420975,0.9731343388557434,0.7617809176445007
YLL006W,YOL107W,0,1.4455245,0.11381357163190842,0.9731343388557434,0.7618809342384338
YEL029C,YDL082W,0,1.4452276,0.11380032449960709,0.9731343388557434,0.7619810104370117
YER111C,YML018C,0,1.4441938,0.11378708481788635,0.9731343388557434,0.7620810270309448
YPR108W,YHR005C-A,0,1.4435896,0.11377384513616562,0.9731343388557434,0.7621811032295227
YMR053C,YBL112C,0,1.4428217,0.11376061290502548,0.9731343388557434,0.7622811198234558
YNL181W,YLR270W,0,1.4412793,0.11374738067388535,0.9731343388557434,0.7623811960220337
YHR158C,YLR001C,0,1.440088,0.1137341558933258,0.9731343388557434,0.7624812126159668
YOR119C,YKL006C-A,0,1.4397333,0.11372093111276627,0.9731343388557434,0.7625812888145447
YAL068C,YLL061W,0,1.439256,0.11370770633220673,0.9731343388557434,0.7626813650131226
YNL050C,YIL156W,0,1.4369583,0.11369448900222778,0.9731343388557434,0.7627813816070557
YLR429W,YCL069W,0,1.4362402,0.11368127167224884,0.9731343388557434,0.7628814578056335
YDR034C,YMR218C,0,1.434699,0.1136680617928505,0.9731343388557434,0.7629814743995667
YKR078W,YBR024W,0,1.4334102,0.11365485191345215,0.9731343388557434,0.7630815505981445
YMR019W,YLR001C,0,1.4322064,0.1136416420340538,0.9731343388557434,0.7631815671920776
YIL052C,YDR002W,0,1.4320629,0.11362843960523605,0.9731343388557434,0.7632816433906555
YIL062C,YJL164C,0,1.4318166,0.1136152446269989,0.9731343388557434,0.7633817195892334
YHR168W,YBL010C,0,1.4304034,0.11360204219818115,0.9731343388557434,0.7634817361831665
YJR051W,YCL036W,0,1.4302039,0.113588847219944,0.9731343388557434,0.7635818123817444
YNL208W,YML028W,0,1.4296069,0.11357565969228745,0.9731343388557434,0.7636818289756775
YEL001C,YBR142W,0,1.428975,0.11356247216463089,0.9731343388557434,0.7637819051742554
YMR127C,YNL247W,0,1.4281664,0.11354928463697433,0.9731343388557434,0.7638819217681885
YIL134W,YLR419W,0,1.4281353,0.11353610455989838,0.9731343388557434,0.7639819979667664
YPR043W,YKL082C,0,1.4276481,0.11352292448282242,0.9731343388557434,0.7640820145606995
YEL064C,YML042W,0,1.4263835,0.11350975185632706,0.9731343388557434,0.7641820907592773
YAL059W,YKL029C,0,1.4257514,0.1134965792298317,0.9731343388557434,0.7642821669578552
YER127W,YCL003W,0,1.4245236,0.11348340660333633,0.9731343388557434,0.7643821835517883
YFL010W-A,YMR235C,0,1.4239345,0.11347024142742157,0.9731343388557434,0.7644822597503662
YBR268W,YJL004C,0,1.4237266,0.1134570762515068,0.9731343388557434,0.7645822763442993
YDR007W,YJL059W,0,1.4232838,0.11344391852617264,0.9731343388557434,0.7646823525428772
YLR026C,YBR156C,0,1.4228635,0.11343076080083847,0.9731343388557434,0.7647823691368103
YPR137W,YOR355W,0,1.4223988,0.1134176030755043,0.9731343388557434,0.7648824453353882
YNL111C,YGR008C,0,1.4217899,0.11340445280075073,0.9731343388557434,0.7649824619293213
YKR078W,YMR114C,0,1.4215057,0.11339130252599716,0.9731343388557434,0.7650825381278992
YHR172W,YOL026C,0,1.4212314,0.11337815970182419,0.9731343388557434,0.765182614326477
YKL042W,YMR087W,0,1.4208472,0.11336501687765121,0.9731343388557434,0.7652826309204102
YGL196W,YFL025C,0,1.4207692,0.11335187405347824,0.9731343388557434,0.765382707118988
YOR110W,YGR054W,0,1.4199014,0.11333873867988586,0.9731343388557434,0.7654827237129211
YKL014C,YPL068C,0,1.4198477,0.11332561075687408,0.9731343388557434,0.765582799911499
YOR101W,YDR179C,0,1.4191597,0.11331247538328171,0.9731343388557434,0.7656828165054321
YBR058C-A,YER171W,0,1.4181626,0.11329935491085052,0.9731343388557434,0.76578289270401
YOR246C,YCR057C,0,1.4176228,0.11328622698783875,0.9731343388557434,0.7658829689025879
YCR005C,YDR115W,0,1.4162657,0.11327310651540756,0.9731343388557434,0.765982985496521
YGR179C,YIL107C,0,1.415745,0.11325998604297638,0.9731343388557434,0.7660830616950989
YLR466W,YPL065W,0,1.4149144,0.1132468730211258,0.9731343388557434,0.766183078289032
YOL003C,YOR396W,0,1.414584,0.11323375999927521,0.9731343388557434,0.7662831544876099
YER088C,YER030W,1,1.4140556,0.11333642154932022,0.9741293787956238,0.7662831544876099
YLR278C,YDR233C,0,1.4130085,0.11332330107688904,0.9741293787956238,0.766383171081543
YML070W,YDR219C,0,1.4120973,0.11331018805503845,0.9741293787956238,0.7664832472801208
YPR166C,YIL171W,0,1.4120467,0.11329707503318787,0.9741293787956238,0.766583263874054
YOR332W,YOL029C,0,1.4119207,0.11328396201133728,0.9741293787956238,0.7666833400726318
YIL083C,YGR178C,0,1.4116874,0.11327085644006729,0.9741293787956238,0.7667834162712097
YOR257W,YJL046W,0,1.4108068,0.1132577508687973,0.9741293787956238,0.7668834328651428
YHR023W,YOL152W,0,1.4104207,0.11324465274810791,0.9741293787956238,0.7669835090637207
YER184C,YER071C,0,1.4098625,0.11323155462741852,0.9741293787956238,0.7670835256576538
YDR188W,YER138C,0,1.4094803,0.11321845650672913,0.9741293787956238,0.7671836018562317
YHL017W,YBR212W,0,1.4085991,0.11320536583662033,0.9741293787956238,0.7672836184501648
YOR374W,YBR159W,0,1.4085774,0.11319227516651154,0.9741293787956238,0.7673836946487427
YNL079C,YPL113C,0,1.407897,0.11317919194698334,0.9741293787956238,0.7674837708473206
YDR234W,YKR094C,0,1.407304,0.11316610872745514,0.9741293787956238,0.7675837874412537
YNL129W,YBR045C,0,1.4071462,0.11315302550792694,0.9741293787956238,0.7676838636398315
YDR530C,YDR263C,0,1.4066803,0.11313994973897934,0.9741293787956238,0.7677838802337646
YDR213W,YBR026C,0,1.4058213,0.11312688142061234,0.9741293787956238,0.7678839564323425
YGL004C,YFL018W-A,0,1.4051075,0.11311380565166473,0.9741293787956238,0.7679839730262756
YLR068W,YKL218C,0,1.404363,0.11310073733329773,0.9741293787956238,0.7680840492248535
YML012W,YHL050C,0,1.4039433,0.11308767646551132,0.9741293787956238,0.7681840658187866
YHL012W,YER167W,0,1.4036684,0.11307461559772491,0.9741293787956238,0.7682841420173645
YJR034W,YGL059W,0,1.4034759,0.11306155472993851,0.9741293787956238,0.7683842182159424
YLR181C,YBR090C-A,0,1.4033074,0.1130485013127327,0.9741293787956238,0.7684842348098755
YPR055W,YDR531W,0,1.4029896,0.11303544789552689,0.9741293787956238,0.7685843110084534
YFL017W-A,YEL040W,0,1.4029317,0.11302239447832108,0.9741293787956238,0.7686843276023865
YER014C-A,YJR118C,0,1.4029272,0.11300934851169586,0.9741293787956238,0.7687844038009644
YDR262W,YDR501W,0,1.402103,0.11299630999565125,0.9741293787956238,0.7688844203948975
YBL098W,YDL065C,0,1.4016833,0.11298326402902603,0.9741293787956238,0.7689844965934753
YKL061W,YGR030C,0,1.4016092,0.11297022551298141,0.9741293787956238,0.7690845131874084
YPR096C,YLR276C,0,1.4006157,0.1129571944475174,0.9741293787956238,0.7691845893859863
YBR002C,YML018C,0,1.4004202,0.11294416338205338,0.9741293787956238,0.7692846655845642
YER044C-A,YGR170W,0,1.3996289,0.11293113231658936,0.9741293787956238,0.7693846821784973
YBR129C,YGR246C,0,1.3987283,0.11291810870170593,0.9741293787956238,0.7694847583770752
YFR006W,YEL039C,0,1.3984888,0.11290508508682251,0.9741293787956238,0.7695847749710083
YML070W,YMR002W,0,1.395648,0.11289206892251968,0.9741293787956238,0.7696848511695862
YER153C,YGR292W,0,1.3955724,0.11287905275821686,0.9741293787956238,0.7697848677635193
YJR028W,YBL087C,0,1.3948128,0.11286603659391403,0.9741293787956238,0.7698849439620972
YDR204W,YMR074C,0,1.3946099,0.1128530278801918,0.9741293787956238,0.769985020160675
YBR010W,YGR295C,0,1.3943243,0.11284001916646957,0.9741293787956238,0.7700850367546082
YNL202W,YPL193W,0,1.3931046,0.11282701045274734,0.9741293787956238,0.770185112953186
YNR013C,YNR071C,0,1.392705,0.11281400918960571,0.9741293787956238,0.7702851295471191
YOR085W,YBR230C,0,1.3927003,0.11280101537704468,0.9741293787956238,0.770385205745697
YEL062W,YOR240W,0,1.3923699,0.11278802156448364,0.9741293787956238,0.7704852223396301
YKL077W,YGL209W,0,1.392355,0.11277502775192261,0.9741293787956238,0.770585298538208
YER180C,YMR211W,0,1.3911281,0.11276203393936157,0.9741293787956238,0.7706853151321411
YHR116W,YKL002W,0,1.3904326,0.11274904757738113,0.9741293787956238,0.770785391330719
YJL157C,YER087W,0,1.3888909,0.11273606866598129,0.9741293787956238,0.7708854675292969
YOL092W,YMR074C,0,1.3884401,0.11272308230400085,0.9741293787956238,0.77098548412323
YNL092W,YPR125W,0,1.3879448,0.11271011084318161,0.9741293787956238,0.7710855603218079
YKL186C,YPL043W,0,1.3869433,0.11269713193178177,0.9741293787956238,0.771185576915741
YOL028C,YHL008C,0,1.3863735,0.11268416047096252,0.9741293787956238,0.7712856531143188
YER142C,YDR421W,0,1.3855338,0.11267119646072388,0.9741293787956238,0.771385669708252
YNL307C,YKR075C,0,1.3853017,0.11265822499990463,0.9741293787956238,0.7714857459068298
YBR069C,YLR390W,0,1.3842742,0.11264526844024658,0.9741293787956238,0.7715858221054077
YDR056C,YHR184W,0,1.3841673,0.11263230443000793,0.9741293787956238,0.7716858386993408
YPL189W,YDR412W,0,1.3835895,0.11261934787034988,0.9741293787956238,0.7717859148979187
YML071C,YHR202W,0,1.3834999,0.11260639876127243,0.9741293787956238,0.7718859314918518
YPR007C,YML004C,0,1.3826247,0.11259344220161438,0.9741293787956238,0.7719860076904297
YOR304C-A,YDR483W,0,1.3825648,0.11258049309253693,0.9741293787956238,0.7720860242843628
YCR011C,YNR018W,0,1.3823822,0.11256755143404007,0.9741293787956238,0.7721861004829407
YJR009C,YOR069W,0,1.381747,0.11255460977554321,0.9741293787956238,0.7722861170768738
YBR058C-A,YGR194C,0,1.3807962,0.11254166811704636,0.9741293787956238,0.7723861932754517
YLL034C,YPR132W,0,1.3793819,0.1125287339091301,0.9741293787956238,0.7724862694740295
YJR027W,YBR218C,0,1.3790445,0.11251579970121384,0.9741293787956238,0.7725862860679626
YLR359W,YJR022W,0,1.378885,0.11250287294387817,0.9741293787956238,0.7726863622665405
YNL176C,YNL280C,0,1.3778534,0.11248994618654251,0.9741293787956238,0.7727863788604736
YHR201C,YJR036C,0,1.376722,0.11247701942920685,0.9741293787956238,0.7728864550590515
YLR323C,YOL101C,0,1.3763543,0.11246410012245178,0.9741293787956238,0.7729864716529846
YLR079W,YBR230C,0,1.3755363,0.11245118081569672,0.9741293787956238,0.7730865478515625
YPR001W,YLR425W,0,1.3754079,0.11243826895952225,0.9741293787956238,0.7731865644454956
YOR016C,YGL039W,0,1.375067,0.11242535710334778,0.9741293787956238,0.7732866406440735
YDR065W,YLR315W,0,1.3749869,0.11241244524717331,0.9741293787956238,0.7733867168426514
YEL029C,YJR027W,0,1.3741996,0.11239954084157944,0.9741293787956238,0.7734867334365845
YOR291W,YJL128C,0,1.3738434,0.11238663643598557,0.9741293787956238,0.7735868096351624
YHR060W,YEL054C,0,1.3730352,0.11237373948097229,0.9741293787956238,0.7736868262290955
YDR126W,YOR317W,0,1.3725435,0.11236084252595901,0.9741293787956238,0.7737869024276733
YBR159W,YGR116W,0,1.3710839,0.11234794557094574,0.9741293787956238,0.7738869190216064
YBR150C,YEL048C,0,1.3707125,0.11233505606651306,0.9741293787956238,0.7739869952201843
YKR049C,YJR052W,0,1.36873,0.11232216656208038,0.9741293787956238,0.7740870714187622
YML018C,YOR338W,0,1.3682907,0.1123092770576477,0.9741293787956238,0.7741870880126953
YCR021C,YLR286C,0,1.3674519,0.11229639500379562,0.9741293787956238,0.7742871642112732
YPL204W,YHR140W,0,1.366904,0.11228352040052414,0.9741293787956238,0.7743871808052063
YBR107C,YNL036W,0,1.3668625,0.11227064579725266,0.9741293787956238,0.7744872570037842
YMR221C,YDL223C,0,1.3655448,0.11225777119398117,0.9741293787956238,0.7745872735977173
YJR053W,YJL048C,0,1.3652954,0.11224489659070969,0.9741293787956238,0.7746873497962952
YNR037C,YBR012W-A,0,1.3647671,0.1122320294380188,0.9741293787956238,0.7747873663902283
YBL064C,YGR040W,0,1.3645989,0.11221916228532791,0.9741293787956238,0.7748874425888062
YKL174C,YCL074W,0,1.363932,0.11220630258321762,0.9741293787956238,0.774987518787384
YOL126C,YJR155W,0,1.363858,0.11219344288110733,0.9741293787956238,0.7750875353813171
YDR342C,YJL011C,0,1.363761,0.11218059062957764,0.9741293787956238,0.775187611579895
YCL017C,YBR034C,0,1.3634357,0.11216773837804794,0.9741293787956238,0.7752876281738281
YLL053C,YJL060W,0,1.3611575,0.11215488612651825,0.9741293787956238,0.775387704372406
YPL061W,YKL171W,0,1.3595787,0.11214204132556915,0.9741293787956238,0.7754877209663391
YOR337W,YLR158C,0,1.3593807,0.11212919652462006,0.9741293787956238,0.775587797164917
YMR274C,YCL003W,0,1.3590524,0.11211635172367096,0.9741293787956238,0.7756878733634949
YDR332W,YOR382W,0,1.3587798,0.11210351437330246,0.9741293787956238,0.775787889957428
YGR264C,YPR096C,0,1.3585948,0.11209067702293396,0.9741293787956238,0.7758879661560059
YPL095C,YBR141C,0,1.3585111,0.11207784712314606,0.9741293787956238,0.775987982749939
YML039W,YLR284C,0,1.3579837,0.11206501722335815,0.9741293787956238,0.7760880589485168
YDR012W,YGR082W,0,1.3578632,0.11205219477415085,0.9741293787956238,0.77618807554245
YDR019C,YKL132C,0,1.357458,0.11203936487436295,0.9741293787956238,0.7762881517410278
YDL114W,YLR170C,0,1.356246,0.11202654987573624,0.9741293787956238,0.7763881683349609
YMR286W,YOL136C,0,1.3560445,0.11201372742652893,0.9741293787956238,0.7764882445335388
YJR027W,YIL027C,0,1.3543296,0.11200091242790222,0.9741293787956238,0.7765883207321167
YDR131C,YOL069W,0,1.3538091,0.11198810487985611,0.9741293787956238,0.7766883373260498
YHR114W,YBR005W,0,1.3537997,0.11197529733181,0.9741293787956238,0.7767884135246277
YOR129C,YPR071W,0,1.3535678,0.11196248978376389,0.9741293787956238,0.7768884301185608
YIL075C,YJL003W,0,1.35331,0.11194968223571777,0.9741293787956238,0.7769885063171387
YDR131C,YML120C,0,1.3526647,0.11193688213825226,0.9741293787956238,0.7770885229110718
YEL032W,YKR069W,0,1.3520918,0.11192408949136734,0.9741293787956238,0.7771885991096497
YOL053C-A,YJL058C,0,1.3512001,0.11191129684448242,0.9741293787956238,0.7772886157035828
YOL009C,YDL245C,0,1.3502123,0.1118985041975975,0.9741293787956238,0.7773886919021606
YBL068W,YGL068W,0,1.3499415,0.11188571155071259,0.9741293787956238,0.7774887681007385
YDR238C,YPL176C,0,1.349552,0.11187292635440826,0.9741293787956238,0.7775887846946716
YHR005C,YDR036C,0,1.3491534,0.11186014860868454,0.9741293787956238,0.7776888608932495
YBL030C,YJL114W,0,1.34905,0.11184736341238022,0.9741293787956238,0.7777888774871826
YOR259C,YLR164W,0,1.3487322,0.11183459311723709,0.9741293787956238,0.7778889536857605
YCL057W,YJR110W,0,1.3483257,0.11182181537151337,0.9741293787956238,0.7779889702796936
YDR517W,YHL024W,0,1.3479688,0.11180904507637024,0.9741293787956238,0.7780890464782715
YML081W,YDL135C,0,1.3469461,0.11179627478122711,0.9741293787956238,0.7781891226768494
YJL141C,YOR127W,0,1.3468374,0.11178351193666458,0.9741293787956238,0.7782891392707825
YER023W,YGL157W,0,1.3458443,0.11177074909210205,0.9741293787956238,0.7783892154693604
YDR109C,YGR071C,0,1.344964,0.11175799369812012,0.9741293787956238,0.7784892320632935
YDR034C,YDL051W,0,1.3439645,0.11174523085355759,0.9741293787956238,0.7785893082618713
YBR301W,YLL014W,0,1.3438537,0.11173248291015625,0.9741293787956238,0.7786893248558044
YGL071W,YMR322C,0,1.3432989,0.11171972751617432,0.9741293787956238,0.7787894010543823
YDR196C,YGR097W,0,1.3430835,0.11170697957277298,0.9741293787956238,0.7788894176483154
YJL186W,YIR014W,0,1.3429086,0.11169423907995224,0.9741293787956238,0.7789894938468933
YKL174C,YDL100C,0,1.342109,0.1116814985871315,0.9741293787956238,0.7790895700454712
YPR098C,YJL114W,0,1.3416512,0.11166875809431076,0.9741293787956238,0.7791895866394043
YMR315W,YOR192C,0,1.3411467,0.11165602505207062,0.9741293787956238,0.7792896628379822
YGL095C,YLR209C,0,1.3394756,0.11164329200983047,0.9741293787956238,0.7793896794319153
YHL050C,YNR008W,0,1.3393314,0.11163055896759033,0.9741293787956238,0.7794897556304932
YJL186W,YJL191W,0,1.33623,0.11161783337593079,0.9741293787956238,0.7795897722244263
YOR148C,YKL150W,0,1.3346093,0.11160510778427124,0.9741293787956238,0.7796898484230042
YLR127C,YHR157W,0,1.3344464,0.1115923821926117,0.9741293787956238,0.779789924621582
YDR361C,YOR221C,0,1.3339975,0.11157966405153275,0.9741293787956238,0.7798899412155151
YPL085W,YKL181W,0,1.3334033,0.1115669533610344,0.9741293787956238,0.779990017414093
YFR049W,YOL065C,0,1.3318412,0.11155423521995544,0.9741293787956238,0.7800900340080261
YGR113W,YJR027W,0,1.3317578,0.11154153198003769,0.9741293787956238,0.780190110206604
YPL168W,YNR010W,0,1.3314722,0.11152882128953934,0.9741293787956238,0.7802901268005371
YKR072C,YBR061C,0,1.3313057,0.11151611804962158,0.9741293787956238,0.780390202999115
YDR034C,YJR120W,0,1.3293221,0.11150341480970383,0.9741293787956238,0.7804902195930481
YGR221C,YPL127C,1,1.3283914,0.11160460114479065,0.9751243591308594,0.7804902195930481
YLR055C,YMR034C,0,1.3281431,0.1115918904542923,0.9751243591308594,0.780590295791626
YOR228C,YPR046W,0,1.3279153,0.11157918721437454,0.9751243591308594,0.7806903719902039
YGR054W,YHR207C,0,1.3269117,0.11156648397445679,0.9751243591308594,0.780790388584137
YBR090C-A,YKR090W,0,1.3259511,0.11155378818511963,0.9751243591308594,0.7808904647827148
YDL127W,YJR092W,0,1.3235196,0.11154108494520187,0.9751243591308594,0.780990481376648
YDR009W,YGR054W,0,1.3234591,0.11152839660644531,0.9751243591308594,0.7810905575752258
YLR414C,YJL164C,0,1.3231397,0.11151570081710815,0.9751243591308594,0.7811905741691589
YHR076W,YJL087C,0,1.3226241,0.11150301247835159,0.9751243591308594,0.7812906503677368
YLR295C,YJL114W,0,1.321203,0.11149033159017563,0.9751243591308594,0.7813906669616699
YDL111C,YCR057C,0,1.3206608,0.11147765070199966,0.9751243591308594,0.7814907431602478
YHL024W,YEL020W-A,0,1.3205829,0.1114649698138237,0.9751243591308594,0.7815908193588257
YLR446W,YMR033W,0,1.3205348,0.11145228892564774,0.9751243591308594,0.7816908359527588
YAL059W,YDL099W,0,1.3204291,0.11143961548805237,0.9751243591308594,0.7817909121513367
YNL063W,YBR009C,0,1.3195161,0.1114269495010376,0.9751243591308594,0.7818909287452698
YMR318C,YML091C,0,1.3188576,0.11141427606344223,0.9751243591308594,0.7819910049438477
YOR036W,YGL229C,0,1.3185749,0.11140161752700806,0.9751243591308594,0.7820910215377808
YLR426W,YNR033W,0,1.3184812,0.11138895153999329,0.9751243591308594,0.7821910977363586
YNL010W,YGR216C,0,1.3182817,0.11137629300355911,0.9751243591308594,0.7822911739349365
YHR059W,YPR060C,0,1.3182354,0.11136363446712494,0.9751243591308594,0.7823911905288696
YLR026C,YGR032W,0,1.3181822,0.11135098338127136,0.9751243591308594,0.7824912667274475
YMR020W,YOR089C,0,1.3176382,0.11133833229541779,0.9751243591308594,0.7825912833213806
YNR015W,YOR272W,0,1.3176098,0.11132568120956421,0.9751243591308594,0.7826913595199585
YPR110C,YML043C,0,1.3173769,0.11131303757429123,0.9751243591308594,0.7827913761138916
YOR381W,YDR437W,0,1.317349,0.11130039393901825,0.9751243591308594,0.7828914523124695
YMR275C,YDR387C,0,1.3164065,0.11128775775432587,0.9751243591308594,0.7829914689064026
YHR061C,YLR209C,0,1.3162073,0.11127512156963348,0.9751243591308594,0.7830915451049805
YNL188W,YLL045C,0,1.3161545,0.1112624853849411,0.9751243591308594,0.7831916213035583
YLL014W,YER049W,0,1.316113,0.11124985665082932,0.9751243591308594,0.7832916378974915
YER096W,YOL092W,0,1.3155005,0.11123722791671753,0.9751243591308594,0.7833917140960693
YBR198C,YHR171W,0,1.3149778,0.11122460663318634,0.9751243591308594,0.7834917306900024
YCL057C-A,YCR092C,0,1.3149415,0.11121198534965515,0.9751243591308594,0.7835918068885803
YDR420W,YPR196W,0,1.3143787,0.11119936406612396,0.9751243591308594,0.7836918234825134
YOR243C,YCL014W,0,1.3127347,0.11118675023317337,0.9751243591308594,0.7837918996810913
YDR100W,YLL012W,0,1.3127141,0.11117413640022278,0.9751243591308594,0.7838919162750244
YDR109C,YJR048W,0,1.3107787,0.11116152256727219,0.9751243591308594,0.7839919924736023
YHL012W,YGR238C,0,1.3099009,0.11114891618490219,0.9751243591308594,0.7840920686721802
YMR272C,YNL175C,0,1.3085375,0.1111363098025322,0.9751243591308594,0.7841920852661133
YJR054W,YNL008C,0,1.3081896,0.1111237108707428,0.9751243591308594,0.7842921614646912
YMR033W,YDL137W,0,1.3076636,0.1111111119389534,0.9751243591308594,0.7843921780586243
YCL057C-A,YNL086W,0,1.3066776,0.111098513007164,0.9751243591308594,0.7844922542572021
YOL029C,YML009C,0,1.3064365,0.1110859215259552,0.9751243591308594,0.7845922708511353
YBR090C-A,YKR008W,1,1.3055754,0.1111866682767868,0.9761193990707397,0.7845922708511353
YBR223C,YIL011W,0,1.3046638,0.1111740693449974,0.9761193990707397,0.7846923470497131
YGL037C,YML069W,1,1.3045185,0.11127478629350662,0.9771144390106201,0.7846923470497131
YGR208W,YDR197W,0,1.3044326,0.11126217991113663,0.9771144390106201,0.784792423248291
YFL017W-A,YMR046C,0,1.3043482,0.11124957352876663,0.9771144390106201,0.7848924398422241
YHR017W,YNL311C,0,1.3038087,0.11123697459697723,0.9771144390106201,0.784992516040802
YJR031C,YLL053C,0,1.3036094,0.11122437566518784,0.9771144390106201,0.7850925326347351
YLR212C,YER062C,0,1.3032312,0.11121177673339844,0.9771144390106201,0.785192608833313
YLR228C,YBL051C,0,1.3030216,0.11119918525218964,0.9771144390106201,0.7852926254272461
YBR208C,YOL157C,0,1.3028862,0.11118659377098083,0.9771144390106201,0.785392701625824
YER015W,YCL012W,0,1.302737,0.11117400974035263,0.9771144390106201,0.7854927182197571
YMR139W,YFR016C,0,1.3027136,0.11116141825914383,0.9771144390106201,0.785592794418335
YLL029W,YGL249W,0,1.301997,0.11114884167909622,0.9771144390106201,0.7856928706169128
YDR430C,YHR029C,0,1.2991235,0.11113625764846802,0.9771144390106201,0.785792887210846
YBR058C-A,YOR347C,0,1.298682,0.11112368106842041,0.9771144390106201,0.7858929634094238
YLL024C,YDR495C,0,1.2981701,0.1111111119389534,0.9771144390106201,0.7859929800033569
YFR010W,YDR173C,0,1.2978017,0.11109854280948639,0.9771144390106201,0.7860930562019348
YML082W,YPR168W,0,1.2977386,0.11108597368001938,0.9771144390106201,0.7861930727958679
YLR068W,YNL339C,0,1.2977021,0.11107340455055237,0.9771144390106201,0.7862931489944458
YLL055W,YLR244C,0,1.2963666,0.11106084287166595,0.9771144390106201,0.7863932251930237
YDL038C,YDL198C,0,1.2960889,0.11104828864336014,0.9771144390106201,0.7864932417869568
YGL173C,YCL068C,0,1.2957072,0.11103572696447372,0.9771144390106201,0.7865933179855347
YOR176W,YDR115W,0,1.2956927,0.1110231801867485,0.9771144390106201,0.7866933345794678
YMR139W,YHR172W,0,1.2954532,0.11101062595844269,0.9771144390106201,0.7867934107780457
YLR194C,YCR010C,0,1.2948718,0.11099807918071747,0.9771144390106201,0.7868934273719788
YJR104C,YFR016C,0,1.2937572,0.11098553240299225,0.9771144390106201,0.7869935035705566
YDR090C,YOR046C,0,1.2921656,0.11097299307584763,0.9771144390106201,0.7870935201644897
YAL059W,YOR109W,0,1.2915242,0.110960453748703,0.9771144390106201,0.7871935963630676
YGL206C,YDR356W,0,1.2915239,0.11094791442155838,0.9771144390106201,0.7872936725616455
YPR016C,YJR015W,0,1.2899702,0.11093538254499435,0.9771144390106201,0.7873936891555786
YOR373W,YJR131W,0,1.2896811,0.11092285066843033,0.9771144390106201,0.7874937653541565
YIL080W,YBR287W,0,1.2886231,0.1109103262424469,0.9771144390106201,0.7875937819480896
YOL141W,YFR001W,0,1.288463,0.11089779436588287,0.9771144390106201,0.7876938581466675
YCR002C,YOR251C,0,1.2879987,0.11088527739048004,0.9771144390106201,0.7877938747406006
YDL175C,YPR080W,0,1.2873328,0.11087275296449661,0.9771144390106201,0.7878939509391785
YGL031C,YLR215C,0,1.2872992,0.11086023598909378,0.9771144390106201,0.7879939675331116
YJL097W,YLR390W,0,1.2848763,0.11084772646427155,0.9771144390106201,0.7880940437316895
YER106W,YER162C,0,1.2845256,0.11083521693944931,0.9771144390106201,0.7881941199302673
YAL003W,YFL036W,0,1.2838013,0.11082270741462708,0.9771144390106201,0.7882941365242004
YIL083C,YOR386W,0,1.2827706,0.11081019788980484,0.9771144390106201,0.7883942127227783
YDL128W,YBL091C-A,0,1.2807829,0.1107976958155632,0.9771144390106201,0.7884942293167114
YLR329W,YGR070W,0,1.2806892,0.11078520119190216,0.9771144390106201,0.7885943055152893
YDR087C,YAL013W,0,1.2795374,0.11077269911766052,0.9771144390106201,0.7886943221092224
YOR291W,YOR079C,0,1.2792969,0.11076020449399948,0.9771144390106201,0.7887943983078003
YKL017C,YFL066C,0,1.2791115,0.11074771732091904,0.9771144390106201,0.7888944745063782
YJR028W,YHR103W,0,1.2784402,0.11073523014783859,0.9771144390106201,0.7889944911003113
YMR232W,YDR052C,0,1.2782975,0.11072274297475815,0.9771144390106201,0.7890945672988892
YIL021W,YLR460C,0,1.2778871,0.1107102558016777,0.9771144390106201,0.7891945838928223
YER111C,YNL122C,0,1.2775033,0.11069777607917786,0.9771144390106201,0.7892946600914001
YGL003C,YGL085W,0,1.2773136,0.1106853038072586,0.9771144390106201,0.7893946766853333
YFR024C-A,YJL059W,0,1.2771647,0.11067282408475876,0.9771144390106201,0.7894947528839111
YGL031C,YIL009C-A,0,1.2768607,0.1106603592634201,0.9771144390106201,0.7895947694778442
YDL121C,YDR140W,0,1.276726,0.11064788699150085,0.9771144390106201,0.7896948456764221
YDR072C,YCL005W-A,0,1.2751986,0.1106354221701622,0.9771144390106201,0.789794921875
YGR122W,YFR041C,0,1.2751018,0.11062295734882355,0.9771144390106201,0.7898949384689331
YIL018W,YLR467W,0,1.2723422,0.11061049997806549,0.9771144390106201,0.789995014667511
YMR139W,YCR087C-A,0,1.2719463,0.11059804260730743,0.9771144390106201,0.7900950312614441
YBL041W,YLR143W,0,1.2719043,0.11058558523654938,0.9771144390106201,0.790195107460022
YFR007W,YCL005W-A,0,1.2718563,0.11057313531637192,0.9771144390106201,0.7902951240539551
YKL181W,YGR246C,0,1.2709119,0.11056068539619446,0.9771144390106201,0.790395200252533
YPR017C,YMR118C,0,1.2708043,0.110548235476017,0.9771144390106201,0.7904952764511108
YDL121C,YBL078C,0,1.2707243,0.11053579300642014,0.9771144390106201,0.790595293045044
YGL231C,YHL008C,0,1.2706944,0.11052335053682327,0.9771144390106201,0.7906953692436218
YNR074C,YDR299W,0,1.2705002,0.110510915517807,0.9771144390106201,0.7907953858375549
YDR196C,YOL055C,0,1.2702417,0.11049848049879074,0.9771144390106201,0.7908954620361328
YJL200C,YER049W,0,1.2698066,0.11048604547977448,0.9771144390106201,0.7909954786300659
YMR295C,YMR186W,0,1.26911,0.1104736179113388,0.9771144390106201,0.7910955548286438
YNL020C,YNR024W,0,1.267801,0.11046119034290314,0.9771144390106201,0.7911955714225769
YLL014W,YNL191W,0,1.2676653,0.11044877022504807,0.9771144390106201,0.7912956476211548
YLL062C,YHR005C,0,1.267498,0.110436350107193,0.9771144390106201,0.7913957238197327
YDL204W,YDL164C,0,1.2672093,0.11042392998933792,0.9771144390106201,0.7914957404136658
YJR042W,YLL067C,0,1.2671455,0.11041150987148285,0.9771144390106201,0.7915958166122437
YKL172W,YIL022W,0,1.266598,0.11039909720420837,0.9771144390106201,0.7916958332061768
YFR016C,YDR227W,0,1.2662053,0.1103866919875145,0.9771144390106201,0.7917959094047546
YGR178C,YOR262W,0,1.2657378,0.11037428677082062,0.9771144390106201,0.7918959259986877
YMR228W,YJL046W,0,1.2653257,0.11036188155412674,0.9771144390106201,0.7919960021972656
YDR088C,YGR035C,0,1.2649837,0.11034947633743286,0.9771144390106201,0.7920960187911987
YNL217W,YKL135C,0,1.263896,0.11033707857131958,0.9771144390106201,0.7921960949897766
YJR026W,YJR101W,0,1.2634631,0.1103246808052063,0.9771144390106201,0.7922961711883545
YPL093W,YGR218W,0,1.2631311,0.11031229048967361,0.9771144390106201,0.7923961877822876
YMR221C,YAL048C,0,1.26036,0.11029990017414093,0.9771144390106201,0.7924962639808655
YML082W,YGR239C,0,1.2595382,0.11028750985860825,0.9771144390106201,0.7925962805747986
YMR125W,YBR191W,0,1.2594874,0.11027512699365616,0.9771144390106201,0.7926963567733765
YMR262W,YJL001W,0,1.2581481,0.11026274412870407,0.9771144390106201,0.7927963733673096
YMR221C,YDR464W,0,1.2580335,0.11025036126375198,0.9771144390106201,0.7928964495658875
YLR073C,YCR106W,0,1.2579728,0.1102379858493805,0.9771144390106201,0.7929965257644653
YLR329W,YJL057C,0,1.257597,0.1102256178855896,0.9771144390106201,0.7930965423583984
YDL129W,YPR098C,0,1.257401,0.11021324247121811,0.9771144390106201,0.7931966185569763
YCL039W,YIL017W,0,1.2572614,0.11020087450742722,0.9771144390106201,0.7932966351509094
YDR545W,YPL231W,0,1.2572546,0.11018850654363632,0.9771144390106201,0.7933967113494873
YBR003W,YMR046C,0,1.2571938,0.11017614603042603,0.9771144390106201,0.7934967279434204
YJL121C,YMR128W,0,1.2570612,0.11016378551721573,0.9771144390106201,0.7935968041419983
YKL100C,YLR466W,0,1.2567797,0.11015143245458603,0.9771144390106201,0.7936968207359314
YPL117C,YCR057C,0,1.2555428,0.11013907939195633,0.9771144390106201,0.7937968969345093
YNL208W,YNR071C,0,1.2532399,0.11012672632932663,0.9771144390106201,0.7938969731330872
YOR267C,YMR033W,0,1.2531796,0.11011437326669693,0.9771144390106201,0.7939969897270203
YBR082C,YLL067C,0,1.2530322,0.11010202765464783,0.9771144390106201,0.7940970659255981
YFR052W,YER091C,0,1.252904,0.11008968949317932,0.9771144390106201,0.7941970825195312
YOL003C,YMR051C,0,1.2528429,0.11007734388113022,0.9771144390106201,0.7942971587181091
YPL135W,YMR045C,0,1.2525723,0.11006500571966171,0.9771144390106201,0.7943971753120422
YGR054W,YLR187W,0,1.2509575,0.1100526750087738,0.9771144390106201,0.7944972515106201
YDR108W,YLR419W,0,1.2504916,0.1100403442978859,0.9771144390106201,0.794597327709198
YMR221C,YPL269W,0,1.2494388,0.11002801358699799,0.9771144390106201,0.7946973443031311
YGL231C,YNL111C,0,1.2484231,0.11001568287611008,0.9771144390106201,0.794797420501709
YOR283W,YLR244C,0,1.2479193,0.11000335961580276,0.9771144390106201,0.7948974370956421
YLR395C,YPR196W,0,1.2466801,0.10999103635549545,0.9771144390106201,0.79499751329422
YIL009W,YNL280C,0,1.2463207,0.10997872054576874,0.9771144390106201,0.7950975298881531
YML037C,YNL070W,0,1.2449096,0.10996640473604202,0.9771144390106201,0.795197606086731
YER015W,YER020W,0,1.2442756,0.10995408892631531,0.9771144390106201,0.7952976226806641
YPR091C,YOR237W,0,1.2435828,0.10994178056716919,0.9771144390106201,0.7953976988792419
YDL114W,YLR206W,0,1.243381,0.10992947220802307,0.9771144390106201,0.7954977750778198
YGL040C,YOL057W,0,1.2432534,0.10991717129945755,0.9771144390106201,0.7955977916717529
YDR325W,YDR465C,0,1.2429049,0.10990487039089203,0.9771144390106201,0.7956978678703308
YER112W,YJL046W,0,1.2417412,0.10989256948232651,0.9771144390106201,0.7957978844642639
YKL010C,YNL248C,0,1.2412195,0.10988027602434158,0.9771144390106201,0.7958979606628418
YBL078C,YML036W,0,1.2411306,0.10986798256635666,0.9771144390106201,0.7959979772567749
YHL024W,YER070W,0,1.2410392,0.10985568910837173,0.9771144390106201,0.7960980534553528
YPL026C,YBR105C,0,1.2401478,0.10984340310096741,0.9771144390106201,0.7961980700492859
YCL066W,YBR045C,0,1.2395957,0.10983111709356308,0.9771144390106201,0.7962981462478638
YDR507C,YER153C,0,1.2394786,0.10981883108615875,0.9771144390106201,0.7963982224464417
YAL012W,YPL063W,0,1.2389762,0.10980655252933502,0.9771144390106201,0.7964982390403748
YDR235W,YNL176C,0,1.2376387,0.10979427397251129,0.9771144390106201,0.7965983152389526
YKL110C,YPR114W,0,1.2371495,0.10978200286626816,0.9771144390106201,0.7966983318328857
YNL046W,YOR217W,0,1.2360725,0.10976973176002502,0.9771144390106201,0.7967984080314636
YOL109W,YAR044W,0,1.2355075,0.10975746065378189,0.9771144390106201,0.7968984246253967
YDL098C,YJL171C,0,1.2347277,0.10974519699811935,0.9771144390106201,0.7969985008239746
YNL217W,YLR204W,0,1.2347002,0.10973293334245682,0.9771144390106201,0.7970985770225525
YBL078C,YOL096C,0,1.2336154,0.10972066968679428,0.9771144390106201,0.7971985936164856
YKL189W,YOR356W,0,1.2333834,0.10970841348171234,0.9771144390106201,0.7972986698150635
YMR041C,YPL188W,0,1.2327504,0.1096961572766304,0.9771144390106201,0.7973986864089966
YGL142C,YML051W,0,1.2325194,0.10968390852212906,0.9771144390106201,0.7974987626075745
YLR371W,YHR202W,0,1.2324367,0.10967165231704712,0.9771144390106201,0.7975987792015076
YDR012W,YOR182C,0,1.2323544,0.10965941101312637,0.9771144390106201,0.7976988554000854
YKL077W,YMR298W,0,1.2320662,0.10964716225862503,0.9771144390106201,0.7977988719940186
YMR306W,YML096W,0,1.2307098,0.10963492095470428,0.9771144390106201,0.7978989481925964
YCR040W,YEL056W,0,1.2287973,0.10962268710136414,0.9771144390106201,0.7979990243911743
YML082W,YMR221C,0,1.2287333,0.10961044579744339,0.9771144390106201,0.7980990409851074
YBL035C,YOR356W,0,1.2279842,0.10959821194410324,0.9771144390106201,0.7981991171836853
YDL012C,YGL151W,0,1.2277422,0.10958598554134369,0.9771144390106201,0.7982991337776184
YIL090W,YML054C,0,1.22686,0.10957375913858414,0.9771144390106201,0.7983992099761963
YMR322C,YKL088W,0,1.225332,0.10956153273582458,0.9771144390106201,0.7984992265701294
YBR058C-A,YBR020W,0,1.22444,0.10954930633306503,0.9771144390106201,0.7985993027687073
YFR016C,YER033C,0,1.2233174,0.10953708738088608,0.9771144390106201,0.7986993789672852
YPL007C,YMR136W,0,1.2228849,0.10952486842870712,0.9771144390106201,0.7987993955612183
YHR035W,YNL010W,0,1.2207434,0.10951265692710876,0.9771144390106201,0.7988994717597961
YHR172W,YLR004C,0,1.2185276,0.1095004454255104,0.9771144390106201,0.7989994883537292
YOR380W,YDR508C,0,1.218451,0.10948823392391205,0.9771144390106201,0.7990995645523071
YLR079W,YML129C,0,1.2181729,0.10947602987289429,0.9771144390106201,0.7991995811462402
YIL144W,YNL339C,0,1.2180526,0.10946382582187653,0.9771144390106201,0.7992996573448181
YBR243C,YML133C,0,1.2172238,0.10945162922143936,0.9771144390106201,0.7993996739387512
YKR071C,YNL001W,0,1.21719,0.1094394326210022,0.9771144390106201,0.7994997501373291
YIL170W,YCR039C,0,1.2165929,0.10942723602056503,0.9771144390106201,0.799599826335907
YHR132C,YMR020W,0,1.2163371,0.10941503942012787,0.9771144390106201,0.7996998429298401
YJR055W,YPL013C,0,1.2160568,0.1094028502702713,0.9771144390106201,0.799799919128418
YDR033W,YOR143C,0,1.2150898,0.10939066857099533,0.9771144390106201,0.7998999357223511
YLR130C,YHL050C,0,1.2145344,0.10937847942113876,0.9771144390106201,0.800000011920929
YPL050C,YJL079C,0,1.2140357,0.10936629772186279,0.9771144390106201,0.8001000285148621
YHR211W,YHR135C,0,1.2130888,0.10935412347316742,0.9771144390106201,0.8002001047134399
YOR378W,YDR166C,0,1.2119012,0.10934194177389145,0.9771144390106201,0.800300121307373
YNL208W,YMR017W,0,1.2110848,0.10932976752519608,0.9771144390106201,0.8004001975059509
YJL213W,YPL021W,0,1.210875,0.1093176007270813,0.9771144390106201,0.8005002737045288
YBR120C,YPR047W,0,1.2107322,0.10930543392896652,0.9771144390106201,0.8006002902984619
YPL068C,YJR010C-A,0,1.2105953,0.10929326713085175,0.9771144390106201,0.8007003664970398
YOR201C,YPR133W-A,0,1.2090905,0.10928110033273697,0.9771144390106201,0.8008003830909729
YBR054W,YJR034W,0,1.2090591,0.10926894098520279,0.9771144390106201,0.8009004592895508
YGL256W,YBL017C,0,1.2089365,0.1092567890882492,0.9771144390106201,0.8010004758834839
YIL154C,YCR039C,0,1.206305,0.10924462974071503,0.9771144390106201,0.8011005520820618
YKL009W,YAL058W,0,1.2056171,0.10923247784376144,0.9771144390106201,0.8012006282806396
YDR453C,YOR227W,0,1.2035415,0.10922033339738846,0.9771144390106201,0.8013006448745728
YER045C,YGL157W,0,1.2031198,0.10920818150043488,0.9771144390106201,0.8014007210731506
YCR087C-A,YML115C,0,1.2020962,0.10919604450464249,0.9771144390106201,0.8015007376670837
YBR037C,YPL096C-A,0,1.2017741,0.1091839000582695,0.9771144390106201,0.8016008138656616
YFL066C,YLR347C,0,1.2017477,0.10917176306247711,0.9771144390106201,0.8017008304595947
YGR035C,YIL019W,0,1.2016933,0.10915962606668472,0.9771144390106201,0.8018009066581726
YHL050C,YHR171W,0,1.2013667,0.10914749652147293,0.9771144390106201,0.8019009232521057
YBR301W,YBR002C,0,1.2007225,0.10913536697626114,0.9771144390106201,0.8020009994506836
YHL017W,YCL001W,0,1.198501,0.10912323743104935,0.9771144390106201,0.8021010756492615
YPL068C,YDL133C-A,0,1.1984984,0.10911110788583755,0.9771144390106201,0.8022010922431946
YKL062W,YJR107W,0,1.1978538,0.10909898579120636,0.9771144390106201,0.8023011684417725
YOR246C,YKL114C,0,1.1962955,0.10908687114715576,0.9771144390106201,0.8024011850357056
YNL307C,YGL046W,0,1.1954966,0.10907475650310516,0.9771144390106201,0.8025012612342834
YNL024C,YGR035C,0,1.1951659,0.10906264185905457,0.9771144390106201,0.8026012778282166
YMR150C,YPL254W,0,1.194909,0.10905052721500397,0.9771144390106201,0.8027013540267944
YGL213C,YLR042C,0,1.1946094,0.10903842002153397,0.9771144390106201,0.8028014302253723
YLL053C,YHL008C,0,1.1945004,0.10902631282806396,0.9771144390106201,0.8029014468193054
YDR251W,YOR338W,0,1.1940496,0.10901421308517456,0.9771144390106201,0.8030015230178833
YGL147C,YLR014C,0,1.1930804,0.10900210589170456,0.9771144390106201,0.8031015396118164
YMR308C,YLR042C,0,1.1930562,0.10899001359939575,0.9771144390106201,0.8032016158103943
YDL129W,YIL172C,0,1.1926763,0.10897791385650635,0.9771144390106201,0.8033016324043274
YLL013C,YMR169C,0,1.1921003,0.10896582156419754,0.9771144390106201,0.8034017086029053
YBR162W-A,YOR233W,0,1.1919913,0.10895373672246933,0.9771144390106201,0.8035017251968384
YAR009C,YLR059C,0,1.1908517,0.10894164443016052,0.9771144390106201,0.8036018013954163
YML039W,YML113W,0,1.189796,0.10892955958843231,0.9771144390106201,0.8037018775939941
YGR061C,YER140W,0,1.1894569,0.1089174821972847,0.9771144390106201,0.8038018941879272
YAL063C,YIR037W,0,1.1892142,0.10890539735555649,0.9771144390106201,0.8039019703865051
YOR348C,YFL010W-A,0,1.1892118,0.10889332741498947,0.9771144390106201,0.8040019869804382
YDR262W,YPL167C,0,1.1890217,0.10888125002384186,0.9771144390106201,0.8041020631790161
YGR012W,YOR150W,0,1.185878,0.10886918008327484,0.9771144390106201,0.8042020797729492
YDL030W,YML040W,0,1.1850994,0.10885711014270782,0.9771144390106201,0.8043021559715271
YKL051W,YOL071W,0,1.1836989,0.1088450476527214,0.9771144390106201,0.8044021725654602
YOR124C,YIL027C,0,1.1827703,0.10883298516273499,0.9771144390106201,0.8045022487640381
YPL200W,YBR287W,0,1.1825395,0.10882092267274857,0.9771144390106201,0.804602324962616
YLR258W,YNL185C,0,1.1810249,0.10880886763334274,0.9771144390106201,0.8047023415565491
YDR342C,YCL059C,0,1.180758,0.10879681259393692,0.9771144390106201,0.804802417755127
YFR006W,YHR017W,0,1.1800964,0.1087847575545311,0.9771144390106201,0.8049024343490601
YOR359W,YJL069C,0,1.1797823,0.10877270996570587,0.9771144390106201,0.8050025105476379
YHL026C,YNL094W,0,1.179706,0.10876066237688065,0.9771144390106201,0.805102527141571
YGR266W,YIL094C,0,1.1797025,0.10874861478805542,0.9771144390106201,0.8052026033401489
YBR291C,YNR003C,0,1.179348,0.10873657464981079,0.9771144390106201,0.8053026795387268
YNL178W,YDR165W,0,1.1784346,0.10872453451156616,0.9771144390106201,0.8054026961326599
YDR329C,YLR419W,0,1.1780678,0.10871250182390213,0.9771144390106201,0.8055027723312378
YBL079W,YLR224W,0,1.1780165,0.1087004616856575,0.9771144390106201,0.8056027889251709
YFR006W,YNL063W,0,1.1764398,0.10868843644857407,0.9771144390106201,0.8057028651237488
YOR266W,YLR164W,0,1.1752721,0.10867640376091003,0.9771144390106201,0.8058028817176819
YFR024C-A,YPL004C,0,1.1750858,0.1086643785238266,0.9771144390106201,0.8059029579162598
YOR306C,YMR051C,0,1.1747404,0.10865235328674316,0.9771144390106201,0.8060029745101929
YJL021C,YER040W,0,1.1739798,0.10864033550024033,0.9771144390106201,0.8061030507087708
YGR288W,YLL051C,0,1.1728386,0.10862831771373749,0.9771144390106201,0.8062031269073486
YDL015C,YMR105C,0,1.1727525,0.10861629992723465,0.9771144390106201,0.8063031435012817
YOL104C,YDR387C,0,1.1725297,0.10860428959131241,0.9771144390106201,0.8064032196998596
YDR243C,YCR029C-A,0,1.1724763,0.10859227925539017,0.9771144390106201,0.8065032362937927
YJR149W,YNL281W,0,1.1718917,0.10858027637004852,0.9771144390106201,0.8066033124923706
YHL025W,YDR222W,0,1.1711626,0.10856827348470688,0.9771144390106201,0.8067033290863037
YHR211W,YBL106C,0,1.1711255,0.10855627059936523,0.9771144390106201,0.8068034052848816
YLR126C,YDR460W,0,1.1708863,0.10854426771402359,0.9771144390106201,0.8069034814834595
YGL119W,YDL119C,0,1.1708038,0.10853227227926254,0.9771144390106201,0.8070034980773926
YER180C,YGL090W,0,1.170147,0.1085202768445015,0.9771144390106201,0.8071035742759705
YGR274C,YIL002C,0,1.1695803,0.10850828886032104,0.9771144390106201,0.8072035908699036
YKR078W,YJL136C,0,1.1690339,0.1084963008761406,0.9771144390106201,0.8073036670684814
YAR019C,YPL093W,0,1.168369,0.10848431289196014,0.9771144390106201,0.8074036836624146
YML051W,YOR283W,0,1.1679795,0.10847233235836029,0.9771144390106201,0.8075037598609924
YJR120W,YJL087C,0,1.1671429,0.10846035182476044,0.9771144390106201,0.8076037764549255
YHL012W,YBR301W,0,1.1667976,0.10844837129116058,0.9771144390106201,0.8077038526535034
YJL189W,YJR063W,0,1.1665883,0.10843639820814133,0.9771144390106201,0.8078039288520813
YIR031C,YKL150W,0,1.1664723,0.10842442512512207,0.9771144390106201,0.8079039454460144
YOL029C,YOL007C,0,1.1658168,0.10841245204210281,0.9771144390106201,0.8080040216445923
YBL060W,YBL112C,0,1.1649425,0.10840048640966415,0.9771144390106201,0.8081040382385254
YNL024C,YCL063W,0,1.1645864,0.1083885207772255,0.9771144390106201,0.8082041144371033
YML100W,YOR215C,0,1.1644809,0.10837656259536743,0.9771144390106201,0.8083041310310364
YNL250W,YHR122W,0,1.1644046,0.10836459696292877,0.9771144390106201,0.8084042072296143
YDR128W,YPR011C,0,1.1642785,0.1083526462316513,0.9771144390106201,0.8085042238235474
YHL012W,YPR149W,0,1.1642213,0.10834068804979324,0.9771144390106201,0.8086043000221252
YOR110W,YHR171W,0,1.164207,0.10832873731851578,0.9771144390106201,0.8087043762207031
YPL141C,YGR266W,0,1.1641936,0.10831678658723831,0.9771144390106201,0.8088043928146362
YPR108W,YHL035C,0,1.1639447,0.10830484330654144,0.9771144390106201,0.8089044690132141
YOR065W,YLR347C,0,1.1636332,0.10829290002584457,0.9771144390106201,0.8090044856071472
YBR238C,YDR093W,0,1.1629069,0.1082809567451477,0.9771144390106201,0.8091045618057251
YLL003W,YNL122C,0,1.1627208,0.10826902091503143,0.9771144390106201,0.8092045783996582
YDR317W,YDL133C-A,0,1.159482,0.10825708508491516,0.9771144390106201,0.8093046545982361
YGR262C,YPL043W,0,1.1586841,0.10824514925479889,0.9771144390106201,0.809404730796814
YDR386W,YIL017W,0,1.1580713,0.10823322087526321,0.9771144390106201,0.8095047473907471
YJR135W-A,YER005W,0,1.1579314,0.10822129249572754,0.9771144390106201,0.809604823589325
YCR014C,YNL162W,0,1.1555827,0.10820936411619186,0.9771144390106201,0.8097048401832581
YDR021W,YPR154W,0,1.1553344,0.10819744318723679,0.9771144390106201,0.8098049163818359
YCL008C,YDR138W,0,1.1543391,0.10818552225828171,0.9771144390106201,0.809904932975769
YNR061C,YNL036W,0,1.1531879,0.10817360877990723,0.9771144390106201,0.8100050091743469
YJL171C,YLR268W,0,1.1524051,0.10816169530153275,0.9771144390106201,0.81010502576828
YMR114C,YIL177C,0,1.1509256,0.10814978182315826,0.9771144390106201,0.8102051019668579
YOR270C,YBL112C,0,1.150038,0.10813786834478378,0.9771144390106201,0.8103051781654358
YGR122W,YNR010W,0,1.1497827,0.1081259623169899,0.9771144390106201,0.8104051947593689
YKL117W,YOR389W,0,1.149317,0.10811405628919601,0.9771144390106201,0.8105052709579468
YNL213C,YGR220C,0,1.1490827,0.10810215771198273,0.9771144390106201,0.8106052875518799
YMR276W,YLR126C,0,1.1482174,0.10809025913476944,0.9771144390106201,0.8107053637504578
YKL006C-A,YGL122C,0,1.1479099,0.10807836055755615,0.9771144390106201,0.8108053803443909
YKR068C,YDL029W,0,1.1477877,0.10806646943092346,0.9771144390106201,0.8109054565429688
YML082W,YNL079C,0,1.147716,0.10805457830429077,0.9771144390106201,0.8110054731369019
YMR093W,YDR057W,0,1.1470945,0.10804268717765808,0.9771144390106201,0.8111055493354797
YCL048W,YMR015C,0,1.1469713,0.10803080350160599,0.9771144390106201,0.8112056255340576
YMR053C,YDR039C,0,1.1466439,0.1080189198255539,0.9771144390106201,0.8113056421279907
YML081W,YGR071C,0,1.1456034,0.1080070361495018,0.9771144390106201,0.8114057183265686
YDR507C,YNR040W,0,1.1439648,0.1079951599240303,0.9771144390106201,0.8115057349205017
YKL053C-A,YJL097W,0,1.1438587,0.10798328369855881,0.9771144390106201,0.8116058111190796
YBR058C,YGR054W,0,1.1431503,0.10797141492366791,0.9771144390106201,0.8117058277130127
YLR126C,YOR132W,0,1.1423805,0.10795954614877701,0.9771144390106201,0.8118059039115906
YOL071W,YFR016C,0,1.1423118,0.10794767737388611,0.9771144390106201,0.8119059801101685
YGR055W,YHL019C,0,1.1418546,0.10793580859899521,0.9771144390106201,0.8120059967041016
YBR207W,YBL112C,0,1.1418315,0.1079239472746849,0.9771144390106201,0.8121060729026794
YEL005C,YGR295C,0,1.1410935,0.1079120859503746,0.9771144390106201,0.8122060894966125
YCR087C-A,YKL048C,0,1.1408454,0.1079002320766449,0.9771144390106201,0.8123061656951904
YCR086W,YCL057C-A,0,1.1403829,0.10788837820291519,0.9771144390106201,0.8124061822891235
YPL196W,YNL056W,0,1.1398535,0.10787652432918549,0.9771144390106201,0.8125062584877014
YBL005W-B,YNL149C,0,1.1393738,0.10786467790603638,0.9771144390106201,0.8126062750816345
YLR411W,YLR414C,0,1.1390413,0.10785283148288727,0.9771144390106201,0.8127063512802124
YPL169C,YDL069C,0,1.138736,0.10784098505973816,0.9771144390106201,0.8128064274787903
YPL095C,YDR059C,0,1.1384895,0.10782914608716965,0.9771144390106201,0.8129064440727234
YDL114W,YLL022C,0,1.1382132,0.10781730711460114,0.9771144390106201,0.8130065202713013
YGR272C,YBL020W,0,1.1379881,0.10780546814203262,0.9771144390106201,0.8131065368652344
YGR253C,YNL190W,0,1.13704,0.10779363662004471,0.9771144390106201,0.8132066130638123
YPL129W,YKR044W,0,1.1356964,0.1077818050980568,0.9771144390106201,0.8133066296577454
YJL174W,YNR004W,0,1.1355169,0.10776997357606888,0.9771144390106201,0.8134067058563232
YGR103W,YMR043W,0,1.1353835,0.10775814950466156,0.9771144390106201,0.8135067820549011
YHR113W,YCL043C,0,1.1353546,0.10774632543325424,0.9771144390106201,0.8136067986488342
YBL075C,YER045C,0,1.1353525,0.10773450136184692,0.9771144390106201,0.8137068748474121
YML128C,YBR058C,0,1.134864,0.1077226847410202,0.9771144390106201,0.8138068914413452
YLR413W,YLL067C,0,1.1335632,0.10771086812019348,0.9771144390106201,0.8139069676399231
YCL008C,YCR058C,0,1.1324356,0.10769905894994736,0.9771144390106201,0.8140069842338562
YOR120W,YGR178C,0,1.131808,0.10768724977970123,0.9771144390106201,0.8141070604324341
YKL003C,YPR036W,0,1.1317916,0.10767544060945511,0.9771144390106201,0.8142070770263672
YOR034C,YLR009W,0,1.1307758,0.10766363143920898,0.9771144390106201,0.8143071532249451
YJR027W,YER129W,0,1.1307697,0.10765182971954346,0.9771144390106201,0.814407229423523
YLR223C,YPL116W,0,1.1295007,0.10764002799987793,0.9771144390106201,0.814507246017456
YLL066C,YNR015W,0,1.1279039,0.107628233730793,0.9771144390106201,0.8146073222160339
YML100W,YIL047C,0,1.127775,0.10761643946170807,0.9771144390106201,0.814707338809967
YLR337W,YGL068W,0,1.126941,0.10760464519262314,0.9771144390106201,0.8148074150085449
YOR374W,YOR262W,0,1.1263776,0.1075928583741188,0.9771144390106201,0.814907431602478
YBL014C,YNR032C-A,0,1.12631,0.10758107155561447,0.9771144390106201,0.8150075078010559
YIL134W,YCL005W-A,0,1.1259339,0.10756928473711014,0.9771144390106201,0.815107524394989
YPL221W,YNR037C,0,1.1248479,0.1075575053691864,0.9771144390106201,0.8152076005935669
YLR259C,YDR129C,0,1.1247008,0.10754572600126266,0.9771144390106201,0.8153076767921448
YHL017W,YDR127W,0,1.1236947,0.10753394663333893,0.9771144390106201,0.8154076933860779
YOL010W,YFR033C,0,1.1234462,0.10752217471599579,0.9771144390106201,0.8155077695846558
YBR090C-A,YDR363W,1,1.122226,0.10761988162994385,0.9781094789505005,0.8155077695846558
YGR169C,YGL232W,0,1.1184084,0.10760810226202011,0.9781094789505005,0.8156077861785889
YLR277C,YPR174C,0,1.1182966,0.10759632289409637,0.9781094789505005,0.8157078623771667
YHL017W,YNL188W,0,1.1174188,0.10758454352617264,0.9781094789505005,0.8158078789710999
YML030W,YPR194C,0,1.1164645,0.1075727716088295,0.9781094789505005,0.8159079551696777
YER095W,YLR165C,0,1.1155891,0.10756099969148636,0.9781094789505005,0.8160080313682556
YLR323C,YBL010C,0,1.115521,0.10754923522472382,0.9781094789505005,0.8161080479621887
YDR494W,YKR096W,0,1.1140196,0.10753747075796127,0.9781094789505005,0.8162081241607666
YER110C,YPL198W,0,1.1124816,0.10752570629119873,0.9781094789505005,0.8163081407546997
YOR348C,YER130C,0,1.1116982,0.10751394182443619,0.9781094789505005,0.8164082169532776
YPL271W,YIR038C,0,1.1111581,0.10750218480825424,0.9781094789505005,0.8165082335472107
YPL225W,YER062C,0,1.1108484,0.1074904352426529,0.9781094789505005,0.8166083097457886
YGR283C,YJR004C,0,1.1108365,0.10747867822647095,0.9781094789505005,0.8167083263397217
YOR195W,YLR414C,0,1.110618,0.1074669286608696,0.9781094789505005,0.8168084025382996
YIL068C,YBL113C,0,1.1104281,0.10745517909526825,0.9781094789505005,0.8169084787368774
YGR001C,YOR251C,0,1.109553,0.1074434369802475,0.9781094789505005,0.8170084953308105
YNL024C,YER137C,0,1.1095265,0.10743169486522675,0.9781094789505005,0.8171085715293884
YGR161C,YDR129C,0,1.1091886,0.107419952750206,0.9781094789505005,0.8172085881233215
YIL046W,YLL067C,0,1.108841,0.10740821808576584,0.9781094789505005,0.8173086643218994
YCR020C,YDL045W-A,0,1.1087852,0.10739648342132568,0.9781094789505005,0.8174086809158325
YDR515W,YGR178C,0,1.108207,0.10738474875688553,0.9781094789505005,0.8175087571144104
YGL010W,YDR501W,0,1.1074903,0.10737302154302597,0.9781094789505005,0.8176088333129883
YNL258C,YFR015C,0,1.1063143,0.10736129432916641,0.9781094789505005,0.8177088499069214
YKL077W,YER127W,0,1.1060188,0.10734956711530685,0.9781094789505005,0.8178089261054993
YDR342C,YDR140W,0,1.1054149,0.1073378473520279,0.9781094789505005,0.8179089426994324
YKR096W,YKR100C,0,1.1044818,0.10732612758874893,0.9781094789505005,0.8180090188980103
YIR004W,YER091C,0,1.1044563,0.10731440782546997,0.9781094789505005,0.8181090354919434
YDR528W,YIL107C,0,1.1042297,0.1073026955127716,0.9781094789505005,0.8182091116905212
YML045W,YCL035C,0,1.1040277,0.10729098320007324,0.9781094789505005,0.8183091282844543
YDR410C,YMR090W,0,1.1026288,0.10727927833795547,0.9781094789505005,0.8184092044830322
YDL012C,YKR057W,0,1.1012896,0.10726756602525711,0.9781094789505005,0.8185092806816101
YDL082W,YIL021W,0,1.0982189,0.10725586116313934,0.9781094789505005,0.8186092972755432
YMR269W,YLR206W,0,1.0978191,0.10724416375160217,0.9781094789505005,0.8187093734741211
YMR224C,YJL005W,0,1.0972428,0.107232466340065,0.9781094789505005,0.8188093900680542
YML067C,YOR389W,0,1.0968473,0.10722076892852783,0.9781094789505005,0.8189094662666321
YMR304W,YOR168W,0,1.0945873,0.10720907151699066,0.9781094789505005,0.8190094828605652
YOL096C,YGR010W,0,1.0945563,0.10719738155603409,0.9781094789505005,0.8191095590591431
YLR129W,YDR195W,0,1.0942678,0.10718569159507751,0.9781094789505005,0.8192095756530762
YAR031W,YGL050W,0,1.0932019,0.10717400908470154,0.9781094789505005,0.819309651851654
YLL062C,YHR202W,0,1.0931654,0.10716232657432556,0.9781094789505005,0.8194097280502319
YNL131W,YDR451C,0,1.090879,0.10715064406394958,0.9781094789505005,0.819509744644165
YKL017C,YHR080C,0,1.0901047,0.10713896155357361,0.9781094789505005,0.8196098208427429
YKR059W,YHR142W,0,1.0898927,0.10712728649377823,0.9781094789505005,0.819709837436676
YGL035C,YDR285W,0,1.0896876,0.10711561143398285,0.9781094789505005,0.8198099136352539
YPL189W,YOR034C,0,1.0894387,0.10710394382476807,0.9781094789505005,0.819909930229187
YHL044W,YNL182C,0,1.0883958,0.10709227621555328,0.9781094789505005,0.8200100064277649
YLR189C,YIL138C,0,1.0870559,0.1070806086063385,0.9781094789505005,0.8201100826263428
YOR291W,YIL084C,0,1.0866673,0.10706894844770432,0.9781094789505005,0.8202100992202759
YGR012W,YDR500C,0,1.0864422,0.10705728828907013,0.9781094789505005,0.8203101754188538
YOR273C,YBR287W,0,1.0858129,0.10704562813043594,0.9781094789505005,0.8204101920127869
YEL006W,YCL047C,0,1.0858103,0.10703397542238235,0.9781094789505005,0.8205102682113647
YGR208W,YMR226C,0,1.0852128,0.10702232271432877,0.9781094789505005,0.8206102848052979
YJL005W,YKL054C,0,1.0825082,0.10701067000627518,0.9781094789505005,0.8207103610038757
YJR107W,YGL122C,0,1.0820056,0.10699901729822159,0.9781094789505005,0.8208103775978088
YMR256C,YKR075C,0,1.0805746,0.1069873720407486,0.9781094789505005,0.8209104537963867
YNL208W,YMR218C,0,1.0803841,0.1069757342338562,0.9781094789505005,0.8210105299949646
YOR129C,YEL039C,0,1.0802298,0.10696408897638321,0.9781094789505005,0.8211105465888977
YCR012W,YLR160C,0,1.0764592,0.10695245116949081,0.9781094789505005,0.8212106227874756
YGL238W,YHR138C,0,1.0763444,0.10694082081317902,0.9781094789505005,0.8213106393814087
YPL092W,YFR027W,0,1.0762875,0.10692918300628662,0.9781094789505005,0.8214107155799866
YNL183C,YPL116W,0,1.0754997,0.10691755264997482,0.9781094789505005,0.8215107321739197
YOL090W,YIR017C,0,1.0751196,0.10690592974424362,0.9781094789505005,0.8216108083724976
YDL139C,YNL146W,0,1.0748403,0.10689429938793182,0.9781094789505005,0.8217108845710754
YOL116W,YMR175W,0,1.0744462,0.10688267648220062,0.9781094789505005,0.8218109011650085
YPR108W,YOR155C,0,1.0744244,0.10687106102705002,0.9781094789505005,0.8219109773635864
YPL019C,YAL054C,0,1.0736148,0.10685943812131882,0.9781094789505005,0.8220109939575195
YHL026C,YPR125W,0,1.0722921,0.10684782266616821,0.9781094789505005,0.8221110701560974
YLR208W,YPL093W,0,1.0715013,0.1068362146615982,0.9781094789505005,0.8222110867500305
YDR444W,YLL041C,0,1.0712079,0.1068246066570282,0.9781094789505005,0.8223111629486084
YOR038C,YJR026W,0,1.0710012,0.10681299865245819,0.9781094789505005,0.8224111795425415
YOR201C,YDL083C,0,1.0709859,0.10680139064788818,0.9781094789505005,0.8225112557411194
YER044C-A,YBR092C,0,1.0703855,0.10678979009389877,0.9781094789505005,0.8226113319396973
YKL218C,YCR005C,0,1.0702212,0.10677818953990936,0.9781094789505005,0.8227113485336304
YML013W,YMR034C,0,1.0697358,0.10676658898591995,0.9781094789505005,0.8228114247322083
YDR160W,YGR205W,0,1.0691804,0.10675499588251114,0.9781094789505005,0.8229114413261414
YLR221C,YNL112W,0,1.0644469,0.10674340277910233,0.9781094789505005,0.8230115175247192
YMR112C,YAR010C,0,1.0643454,0.10673180967569351,0.9781094789505005,0.8231115341186523
YFL057C,YGL039W,0,1.0642624,0.1067202240228653,0.9781094789505005,0.8232116103172302
YDR134C,YDR007W,0,1.0628197,0.10670863837003708,0.9781094789505005,0.8233116269111633
YLR251W,YCR105W,0,1.0619879,0.10669706016778946,0.9781094789505005,0.8234117031097412
YML030W,YEL062W,0,1.0611254,0.10668548196554184,0.9781094789505005,0.8235117793083191
YPR148C,YIR036C,0,1.0609972,0.10667390376329422,0.9781094789505005,0.8236117959022522
YMR268W-A,YMR247C,0,1.060438,0.1066623255610466,0.9781094789505005,0.8237118721008301
YKR095W,YLR348C,0,1.0603274,0.10665075480937958,0.9781094789505005,0.8238118886947632
YDR389W,YHR009C,0,1.0599656,0.10663918405771255,0.9781094789505005,0.8239119648933411
YNR033W,YMR087W,0,1.0595088,0.10662761330604553,0.9781094789505005,0.8240119814872742
YLR413W,YLR396C,0,1.0593879,0.1066160500049591,0.9781094789505005,0.824112057685852
YGR175C,YAR009C,0,1.0583136,0.10660448670387268,0.9781094789505005,0.8242121338844299
YDR407C,YBR012W-A,0,1.0582976,0.10659293085336685,0.9781094789505005,0.824312150478363
YNL218W,YER175C,0,1.0573572,0.10658137500286102,0.9781094789505005,0.8244122266769409
YOR262W,YPL214C,0,1.0572734,0.1065698191523552,0.9781094789505005,0.824512243270874
YOR084W,YLR042C,0,1.056931,0.10655826330184937,0.9781094789505005,0.8246123194694519
YPL189C-A,YBR273C,0,1.0555942,0.10654671490192413,0.9781094789505005,0.824712336063385
YGR020C,YJL098W,0,1.0544323,0.1065351665019989,0.9781094789505005,0.8248124122619629
YML045W,YLR460C,0,1.0543804,0.10652362555265427,0.9781094789505005,0.824912428855896
YDL111C,YGR235C,0,1.0525874,0.10651208460330963,0.9781094789505005,0.8250125050544739
YJR098C,YDL195W,0,1.052226,0.106500543653965,0.9781094789505005,0.8251125812530518
YBR016W,YDR077W,0,1.0521514,0.10648900270462036,0.9781094789505005,0.8252125978469849
YGR057C,YPR204W,0,1.0521073,0.10647746920585632,0.9781094789505005,0.8253126740455627
YJR009C,YHR202W,0,1.0493562,0.10646593570709229,0.9781094789505005,0.8254126906394958
YER023W,YIR014W,0,1.0481488,0.10645440965890884,0.9781094789505005,0.8255127668380737
YLR295C,YAR010C,0,1.0477395,0.1064428836107254,0.9781094789505005,0.8256127834320068
YJL085W,YGR205W,0,1.0471406,0.10643135756254196,0.9781094789505005,0.8257128596305847
YER108C,YJL078C,0,1.046949,0.10641983151435852,0.9781094789505005,0.8258129358291626
YAL030W,YNL020C,0,1.0446998,0.10640831291675568,0.9781094789505005,0.8259129524230957
YBR182C,YPR096C,0,1.0437145,0.10639679431915283,0.9781094789505005,0.8260130286216736
YIL134W,YJL216C,0,1.042095,0.10638528317213058,0.9781094789505005,0.8261130452156067
YPL221W,YOR228C,0,1.0420532,0.10637377202510834,0.9781094789505005,0.8262131214141846
YER173W,YNL176C,0,1.0418836,0.10636226087808609,0.9781094789505005,0.8263131380081177
YGR234W,YER071C,0,1.041806,0.10635074973106384,0.9781094789505005,0.8264132142066956
YDR131C,YBR037C,0,1.0416417,0.10633924603462219,0.9781094789505005,0.8265132308006287
YCL066W,YGL148W,0,1.0413026,0.10632774233818054,0.9781094789505005,0.8266133069992065
YKL100C,YDR065W,0,1.0410165,0.10631624609231949,0.9781094789505005,0.8267133831977844
YGL004C,YCR087C-A,0,1.040803,0.10630474984645844,0.9781094789505005,0.8268133997917175
YDR003W,YKL199C,0,1.0404551,0.10629325360059738,0.9781094789505005,0.8269134759902954
YIL096C,YBR115C,0,1.0393593,0.10628175735473633,0.9781094789505005,0.8270134925842285
YOL030W,YMR210W,0,1.0390197,0.10627026855945587,0.9781094789505005,0.8271135687828064
YCR055C,YNL127W,0,1.0385947,0.10625877976417542,0.9781094789505005,0.8272135853767395
YNR028W,YHR171W,0,1.0377884,0.10624729841947556,0.9781094789505005,0.8273136615753174
YDR444W,YFR015C,0,1.0369556,0.1062358170747757,0.9781094789505005,0.8274136781692505
YIL095W,YHR035W,0,1.0358317,0.10622433573007584,0.9781094789505005,0.8275137543678284
YDL022W,YIR019C,0,1.0357991,0.10621285438537598,0.9781094789505005,0.8276138305664062
YEL058W,YOL053C-A,0,1.0355603,0.10620138049125671,0.9781094789505005,0.8277138471603394
YKR075C,YIL047C,0,1.0355139,0.10618991404771805,0.9781094789505005,0.8278139233589172
YER070W,YML096W,0,1.0338027,0.10617844015359879,0.9781094789505005,0.8279139399528503
YMR243C,YHL050C,0,1.0317556,0.10616697371006012,0.9781094789505005,0.8280140161514282
YER137C,YJL098W,0,1.0311229,0.10615550726652145,0.9781094789505005,0.8281140327453613
YPL196W,YOR143C,0,1.031043,0.10614404827356339,0.9781094789505005,0.8282141089439392
YJL166W,YGR052W,0,1.0301175,0.10613258183002472,0.9781094789505005,0.8283141851425171
YOR047C,YJR123W,0,1.0291915,0.10612113028764725,0.9781094789505005,0.8284142017364502
YLL014W,YLR061W,0,1.0290976,0.10610967129468918,0.9781094789505005,0.8285142779350281
YKL024C,YLR073C,0,1.0284631,0.1060982197523117,0.9781094789505005,0.8286142945289612
YFL066C,YOR096W,0,1.0284089,0.10608676820993423,0.9781094789505005,0.8287143707275391
YFL025C,YCR057C,0,1.0281925,0.10607532411813736,0.9781094789505005,0.8288143873214722
YNL217W,YBR096W,0,1.0264676,0.10606387257575989,0.9781094789505005,0.82891446352005
YHL026C,YGL151W,0,1.0259454,0.10605243593454361,0.9781094789505005,0.8290144801139832
YIL053W,YNL146W,0,1.0252948,0.10604099184274673,0.9781094789505005,0.829114556312561
YLR337W,YBR149W,0,1.0250322,0.10602955520153046,0.9781094789505005,0.8292146325111389
YDR395W,YIR039C,0,1.0244877,0.10601811856031418,0.9781094789505005,0.829314649105072
YMR152W,YML106W,0,1.0244701,0.1060066893696785,0.9781094789505005,0.8294147253036499
YPL183W-A,YBR131W,0,1.0241656,0.10599525272846222,0.9781094789505005,0.829514741897583
YFL057C,YGR135W,0,1.0239142,0.10598383098840714,0.9781094789505005,0.8296148180961609
YOR252W,YCR107W,0,1.023557,0.10597240179777145,0.9781094789505005,0.829714834690094
YGL027C,YBR012W-B,0,1.0234326,0.10596098005771637,0.9781094789505005,0.8298149108886719
YML056C,YKL006W,0,1.022961,0.10594955831766129,0.9781094789505005,0.8299149870872498
YDR101C,YGR260W,0,1.0227293,0.1059381365776062,0.9781094789505005,0.8300150036811829
YLR446W,YOR127W,0,1.0227227,0.10592672228813171,0.9781094789505005,0.8301150798797607
YEL062W,YDL127W,0,1.0226369,0.10591530799865723,0.9781094789505005,0.8302150964736938
YOR008C,YJR107W,0,1.0225699,0.10590390115976334,0.9781094789505005,0.8303151726722717
YGR235C,YOR192C,0,1.0221169,0.10589249432086945,0.9781094789505005,0.8304151892662048
YOR373W,YMR215W,0,1.0216868,0.10588108748197556,0.9781094789505005,0.8305152654647827
YOR211C,YHR089C,0,1.0216372,0.10586968064308167,0.9781094789505005,0.8306152820587158
YHL040C,YIR038C,0,1.0205061,0.10585828125476837,0.9781094789505005,0.8307153582572937
YBL100W-B,YBR012W-B,0,1.0189686,0.10584688186645508,0.9781094789505005,0.8308154344558716
YIL153W,YOL032W,0,1.018628,0.10583548992872238,0.9781094789505005,0.8309154510498047
YLL062C,YPL031C,0,1.018431,0.10582409054040909,0.9781094789505005,0.8310155272483826
YDR306C,YMR100W,0,1.0181481,0.10581269860267639,0.9781094789505005,0.8311155438423157
YDR464W,YGR026W,0,1.0178168,0.10580131411552429,0.9781094789505005,0.8312156200408936
YKL077W,YOR158W,0,1.0176754,0.10578992962837219,0.9781094789505005,0.8313156366348267
YDR444W,YGR061C,0,1.0169992,0.10577854514122009,0.9781094789505005,0.8314157128334045
YIR002C,YHR175W,0,1.0168117,0.105767160654068,0.9781094789505005,0.8315157294273376
YDL129W,YOR037W,0,1.0162832,0.10575578361749649,0.9781094789505005,0.8316158056259155
YNL133C,YOR391C,0,1.0158638,0.10574440658092499,0.9781094789505005,0.8317158818244934
YIL118W,YDR447C,0,1.0143392,0.10573302954435349,0.9781094789505005,0.8318158984184265
YLR389C,YBL010C,0,1.0139911,0.10572165995836258,0.9781094789505005,0.8319159746170044
YJL108C,YLR009W,0,1.0123751,0.10571029037237167,0.9781094789505005,0.8320159912109375
YIL020C,YKL181W,0,1.012065,0.10569892823696136,0.9781094789505005,0.8321160674095154
YOL029C,YHR157W,0,1.0118263,0.10568755865097046,0.9781094789505005,0.8322160840034485
YHR193C,YLR185W,0,1.0115994,0.10567619651556015,0.9781094789505005,0.8323161602020264
YBR238C,YMR314W,0,1.0112091,0.10566484183073044,0.9781094789505005,0.8324162364006042
YMR321C,YMR051C,0,1.0111432,0.10565347969532013,0.9781094789505005,0.8325162529945374
YGR251W,YLR067C,0,1.0110471,0.10564212501049042,0.9781094789505005,0.8326163291931152
YHR136C,YDR533C,0,1.0109866,0.1056307777762413,0.9781094789505005,0.8327163457870483
YPR156C,YLR224W,0,1.0106425,0.10561942309141159,0.9781094789505005,0.8328164219856262
YHR064C,YIL167W,0,1.0106262,0.10560807585716248,0.9781094789505005,0.8329164385795593
YDR025W,YPL198W,0,1.0102278,0.10559673607349396,0.9781094789505005,0.8330165147781372
YJR009C,YKL081W,0,1.0098523,0.10558538883924484,0.9781094789505005,0.8331165313720703
YOR065W,YOR101W,0,1.0094963,0.10557404905557632,0.9781094789505005,0.8332166075706482
YML030W,YLR019W,0,1.0091541,0.1055627167224884,0.9781094789505005,0.8333166837692261
YLR001C,YIL106W,0,1.0091492,0.10555137693881989,0.9781094789505005,0.8334167003631592
YIL064W,YML040W,0,1.0084605,0.10554004460573196,0.9781094789505005,0.8335167765617371
YOL132W,YBR100W,0,1.0076139,0.10552871972322464,0.9781094789505005,0.8336167931556702
YGL209W,YIL167W,0,1.0062732,0.10551738739013672,0.9781094789505005,0.833716869354248
YKR105C,YDL189W,0,1.0048152,0.1055060625076294,0.9781094789505005,0.8338168859481812
YJR120W,YMR087W,0,1.0045071,0.10549474507570267,0.9781094789505005,0.833916962146759
YLL040C,YLR187W,0,1.0036186,0.10548342019319534,0.9781094789505005,0.8340169787406921
YDR317W,YAR009C,0,1.0017145,0.10547210276126862,0.9781094789505005,0.83411705493927
YDR239C,YER104W,0,1.0015582,0.10546078532934189,0.9781094789505005,0.8342171311378479
YGR222W,YKL168C,0,1.0006897,0.10544947534799576,0.9781094789505005,0.834317147731781
YNR061C,YNL068C,0,0.99973905,0.10543816536664963,0.9781094789505005,0.8344172239303589
YAL021C,YDR065W,0,0.9991822,0.1054268553853035,0.9781094789505005,0.834517240524292
YBR160W,YDL012C,0,0.9989866,0.10541555285453796,0.9781094789505005,0.8346173167228699
YHL017W,YOR080W,0,0.99861383,0.10540424287319183,0.9781094789505005,0.834717333316803
YHR193C,YPR071W,0,0.9984194,0.1053929477930069,0.9781094789505005,0.8348174095153809
YDR415C,YPR111W,0,0.99811184,0.10538164526224136,0.9781094789505005,0.8349174857139587
YIL096C,YOR048C,0,0.99808025,0.10537035018205643,0.9781094789505005,0.8350175023078918
YJL173C,YPR114W,0,0.9976028,0.10535905510187149,0.9781094789505005,0.8351175785064697
YLR426W,YHR001W-A,0,0.99721503,0.10534776747226715,0.9781094789505005,0.8352175951004028
YIR006C,YNL115C,0,0.9961002,0.10533647984266281,0.9781094789505005,0.8353176712989807
YPL043W,YNR040W,0,0.99578905,0.10532519221305847,0.9781094789505005,0.8354176878929138
YOL002C,YDR075W,0,0.9950704,0.10531390458345413,0.9781094789505005,0.8355177640914917
YIL020C,YLR312C-B,0,0.99448466,0.10530262440443039,0.9781094789505005,0.8356177806854248
YGR084C,YLR042C,0,0.9926615,0.10529134422540665,0.9781094789505005,0.8357178568840027
YNR024W,YJL114W,0,0.9923822,0.1052800714969635,0.9781094789505005,0.8358179330825806
YLR270W,YER071C,0,0.99218374,0.10526879131793976,0.9781094789505005,0.8359179496765137
YBR188C,YGR184C,0,0.99130225,0.10525751858949661,0.9781094789505005,0.8360180258750916
YKR072C,YBL075C,0,0.99100506,0.10524625331163406,0.9781094789505005,0.8361180424690247
YLR352W,YKR068C,0,0.9892724,0.10523498803377151,0.9781094789505005,0.8362181186676025
YBL021C,YML070W,0,0.9890087,0.10522372275590897,0.9781094789505005,0.8363181352615356
YLR129W,YDR065W,0,0.98870736,0.10521245747804642,0.9781094789505005,0.8364182114601135
YER029C,YEL048C,0,0.9878117,0.10520119965076447,0.9781094789505005,0.8365182876586914
YDL128W,YPR144C,0,0.98771644,0.10518994182348251,0.9781094789505005,0.8366183042526245
YOR045W,YCL075W,0,0.98720217,0.10517868399620056,0.9781094789505005,0.8367183804512024
YDR019C,YDL093W,0,0.986892,0.1051674336194992,0.9781094789505005,0.8368183970451355
YDR131C,YNR020C,0,0.9867408,0.10515618324279785,0.9781094789505005,0.8369184732437134
YNL079C,YJL021C,0,0.9853577,0.1051449328660965,0.9781094789505005,0.8370184898376465
YPR169W,YOR294W,0,0.9853108,0.10513368993997574,0.9781094789505005,0.8371185660362244
YDR501W,YHL008C,0,0.98416436,0.10512244701385498,0.9781094789505005,0.8372185826301575
YLR158C,YBR153W,0,0.9840287,0.10511120408773422,0.9781094789505005,0.8373186588287354
YDL097C,YDR345C,0,0.9832634,0.10509996861219406,0.9781094789505005,0.8374187350273132
YDR134C,YML021C,0,0.98258317,0.1050887331366539,0.9781094789505005,0.8375187516212463
YKL206C,YKL156W,0,0.98196864,0.10507749766111374,0.9781094789505005,0.8376188278198242
YDL099W,YGR235C,0,0.98149174,0.10506626963615417,0.9781094789505005,0.8377188444137573
YDL164C,YDL022W,0,0.98138976,0.10505504161119461,0.9781094789505005,0.8378189206123352
YCR080W,YLR204W,0,0.98093283,0.10504381358623505,0.9781094789505005,0.8379189372062683
YBL022C,YJR096W,0,0.9803367,0.10503258556127548,0.9781094789505005,0.8380190134048462
YLR102C,YMR210W,0,0.9787455,0.10502136498689651,0.9781094789505005,0.8381190299987793
YHR039C-B,YLR395C,0,0.978706,0.10501015186309814,0.9781094789505005,0.8382191061973572
YNL077W,YER137C,0,0.9780851,0.10499893128871918,0.9781094789505005,0.8383191823959351
YOL051W,YLR009W,0,0.976472,0.1049877181649208,0.9781094789505005,0.8384191989898682
YDR520C,YER052C,0,0.9751599,0.10497650504112244,0.9781094789505005,0.838519275188446
YBR078W,YBR111W-A,0,0.97321415,0.10496529936790466,0.9781094789505005,0.8386192917823792
YNR013C,YMR130W,0,0.9730178,0.10495408624410629,0.9781094789505005,0.838719367980957
YJL004C,YMR051C,0,0.97207105,0.10494288802146912,0.9781094789505005,0.8388193845748901
YER051W,YLL016W,0,0.972021,0.10493168234825134,0.9781094789505005,0.838919460773468
YOR259C,YMR169C,0,0.970002,0.10492048412561417,0.9781094789505005,0.8390195369720459
YFR018C,YFR031C-A,0,0.96949065,0.10490928590297699,0.9781094789505005,0.839119553565979
YPL141C,YGL231C,0,0.96866655,0.10489808768033981,0.9781094789505005,0.8392196297645569
YHR056C,YOL029C,0,0.9668525,0.10488689690828323,0.9781094789505005,0.83931964635849
YPR098C,YCR098C,0,0.9656018,0.10487570613622665,0.9781094789505005,0.8394197225570679
YIL062C,YLR080W,0,0.9647949,0.10486451536417007,0.9781094789505005,0.839519739151001
YKL206C,YGL085W,0,0.96473026,0.10485333204269409,0.9781094789505005,0.8396198153495789
YPR187W,YPR184W,0,0.9640646,0.10484214872121811,0.9781094789505005,0.839719831943512
YDL083C,YOR396W,0,0.9623935,0.10483097285032272,0.9781094789505005,0.8398199081420898
YLL014W,YFL039C,0,0.96081734,0.10481978952884674,0.9781094789505005,0.8399199843406677
YDR262W,YDR435C,0,0.96052825,0.10480861365795135,0.9781094789505005,0.8400200009346008
YOL107W,YPL163C,0,0.96022,0.10479743778705597,0.9781094789505005,0.8401200771331787
YGL133W,YHR118C,1,0.9596046,0.10489287227392197,0.9791044592857361,0.8401200771331787
YLL031C,YPL093W,0,0.9595473,0.10488168895244598,0.9791044592857361,0.8402200937271118
YOR243C,YLR448W,0,0.95857584,0.1048705130815506,0.9791044592857361,0.8403201699256897
YLL066C,YLR015W,0,0.95846593,0.10485933721065521,0.9791044592857361,0.8404201865196228
YMR303C,YIL043C,0,0.95808566,0.10484816133975983,0.9791044592857361,0.8405202627182007
YER046W,YIR014W,0,0.9580711,0.10483699291944504,0.9791044592857361,0.8406203389167786
YBR271W,YDR023W,0,0.95767057,0.10482582449913025,0.9791044592857361,0.8407203555107117
YGL189C,YNL086W,0,0.9575958,0.10481465607881546,0.9791044592857361,0.8408204317092896
YCL018W,YGL010W,0,0.95730704,0.10480349510908127,0.9791044592857361,0.8409204483032227
YJR145C,YMR013C,0,0.95716655,0.10479233413934708,0.9791044592857361,0.8410205245018005
YJL200C,YEL054C,0,0.9547597,0.10478117316961288,0.9791044592857361,0.8411205410957336
YLR386W,YMR034C,0,0.95439994,0.10477001965045929,0.9791044592857361,0.8412206172943115
YDR033W,YJL124C,0,0.9539907,0.1047588661313057,0.9791044592857361,0.8413206338882446
YLR181C,YKL191W,0,0.95387936,0.1047477126121521,0.9791044592857361,0.8414207100868225
YDR109C,YJL029C,0,0.9531851,0.1047365590929985,0.9791044592857361,0.8415207862854004
YOL144W,YAL054C,0,0.9528886,0.1047254130244255,0.9791044592857361,0.8416208028793335
YDL102W,YIL167W,0,0.9527504,0.10471426695585251,0.9791044592857361,0.8417208790779114
YJR076C,YOR251C,0,0.9517363,0.10470312833786011,0.9791044592857361,0.8418208956718445
YLR142W,YLR203C,0,0.95164883,0.1046919897198677,0.9791044592857361,0.8419209718704224
YDR444W,YOR322C,0,0.9514911,0.1046808511018753,0.9791044592857361,0.8420209884643555
YMR001C,YGR296W,0,0.9505122,0.1046697124838829,0.9791044592857361,0.8421210646629333
YMR005W,YLR343W,0,0.9500045,0.1046585813164711,0.9791044592857361,0.8422210812568665
YGR138C,YFR024C,0,0.9492363,0.1046474501490593,0.9791044592857361,0.8423211574554443
YJL012C-A,YOR226C,0,0.9486623,0.10463632643222809,0.9791044592857361,0.8424212336540222
YER130C,YLR182W,0,0.9486524,0.10462520271539688,0.9791044592857361,0.8425212502479553
YLR251W,YER087C-B,0,0.948254,0.10461407899856567,0.9791044592857361,0.8426213264465332
YNL063W,YIR017C,0,0.9468313,0.10460295528173447,0.9791044592857361,0.8427213430404663
YDL078C,YDR412W,0,0.9468016,0.10459183901548386,0.9791044592857361,0.8428214192390442
YDL114W,YER088C,0,0.94674224,0.10458072274923325,0.9791044592857361,0.8429214358329773
YIL136W,YBL090W,0,0.9461602,0.10456960648298264,0.9791044592857361,0.8430215120315552
YPL225W,YLR208W,0,0.9454808,0.10455849766731262,0.9791044592857361,0.8431215882301331
YBR016W,YDR405W,0,0.9445871,0.10454738885164261,0.9791044592857361,0.8432216048240662
YML124C,YJL181W,0,0.9445096,0.1045362800359726,0.9791044592857361,0.843321681022644
YLR373C,YMR110C,0,0.9442336,0.10452517867088318,0.9791044592857361,0.8434216976165771
YBR156C,YLL029W,0,0.9428686,0.10451406985521317,0.9791044592857361,0.843521773815155
YCL068C,YKR105C,0,0.94284755,0.10450297594070435,0.9791044592857361,0.8436217904090881
YIL095W,YLR126C,0,0.94197726,0.10449187457561493,0.9791044592857361,0.843721866607666
YJL083W,YJR029W,0,0.9413268,0.10448078066110611,0.9791044592857361,0.8438218832015991
YJR134C,YJL181W,0,0.940162,0.10446968674659729,0.9791044592857361,0.843921959400177
YNL008C,YJR150C,0,0.9399978,0.10445860028266907,0.9791044592857361,0.8440220355987549
YPL276W,YAL051W,0,0.9388226,0.10444751381874084,0.9791044592857361,0.844122052192688
YLR337W,YIL136W,0,0.93839693,0.10443642735481262,0.9791044592857361,0.8442221283912659
YKL052C,YML045W,0,0.93815005,0.1044253408908844,0.9791044592857361,0.844322144985199
YHR201C,YML070W,0,0.93600404,0.10441426187753677,0.9791044592857361,0.8444222211837769
YLR278C,YDL077C,0,0.93563104,0.10440318286418915,0.9791044592857361,0.84452223777771
YHR067W,YKL021C,0,0.93503463,0.10439210385084152,0.9791044592857361,0.8446223139762878
YNR024W,YER137C,0,0.9346068,0.1043810322880745,0.9791044592857361,0.8447223901748657
YDR018C,YHL017W,0,0.9343919,0.10436996072530746,0.9791044592857361,0.8448224067687988
YGL196W,YBL017C,0,0.9342613,0.10435888916254044,0.9791044592857361,0.8449224829673767
YDR134C,YPL110C,0,0.9338652,0.104347825050354,0.9791044592857361,0.8450224995613098
YLR446W,YER071C,0,0.93383074,0.10433676093816757,0.9791044592857361,0.8451225757598877
YCR081W,YCR011C,0,0.933749,0.10432569682598114,0.9791044592857361,0.8452225923538208
YLR305C,YDL211C,0,0.933066,0.1043146401643753,0.9791044592857361,0.8453226685523987
YDR019C,YDR503C,0,0.93250394,0.10430358350276947,0.9791044592857361,0.8454226851463318
YCL075W,YNL231C,0,0.9321815,0.10429252684116364,0.9791044592857361,0.8455227613449097
YDR260C,YDR120C,0,0.93192744,0.1042814776301384,0.9791044592857361,0.8456228375434875
YGR156W,YMR136W,0,0.93172604,0.10427042841911316,0.9791044592857361,0.8457228541374207
YDR363W-A,YMR315W,0,0.93159497,0.10425937920808792,0.9791044592857361,0.8458229303359985
YGL259W,YCR030C,0,0.9307321,0.10424832999706268,0.9791044592857361,0.8459229469299316
YJR026W,YML004C,0,0.9303313,0.10423728823661804,0.9791044592857361,0.8460230231285095
YGR089W,YGL178W,0,0.9302931,0.1042262464761734,0.9791044592857361,0.8461230397224426
YBL100W-B,YOR232W,0,0.9293512,0.10421521216630936,0.9791044592857361,0.8462231159210205
YEL062W,YNR038W,0,0.92834616,0.10420417040586472,0.9791044592857361,0.8463231325149536
YGR138C,YNL055C,0,0.9274806,0.10419313609600067,0.9791044592857361,0.8464232087135315
YHL038C,YDR090C,0,0.9265956,0.10418210923671722,0.9791044592857361,0.8465232849121094
YML082W,YNL301C,0,0.92499137,0.10417107492685318,0.9791044592857361,0.8466233015060425
YNL045W,YDR039C,0,0.92377067,0.10416004806756973,0.9791044592857361,0.8467233777046204
YML077W,YKR075C,0,0.9235833,0.10414902865886688,0.9791044592857361,0.8468233942985535
YMR179W,YLR040C,0,0.9234032,0.10413800179958344,0.9791044592857361,0.8469234704971313
YPR187W,YOL111C,0,0.9228615,0.10412698239088058,0.9791044592857361,0.8470234870910645
YLL053C,YNL026W,0,0.9223441,0.10411596298217773,0.9791044592857361,0.8471235632896423
YLR060W,YHR021C,0,0.9213584,0.10410495102405548,0.9791044592857361,0.8472236394882202
YKL029C,YDR239C,0,0.92104447,0.10409393906593323,0.9791044592857361,0.8473236560821533
YOL029C,YIL013C,0,0.920784,0.10408292710781097,0.9791044592857361,0.8474237322807312
YHR194W,YGL249W,0,0.9205249,0.10407192260026932,0.9791044592857361,0.8475237488746643
YGL060W,YHR035W,0,0.9202745,0.10406091064214706,0.9791044592857361,0.8476238250732422
YIL083C,YJL033W,0,0.9197676,0.104049913585186,0.9791044592857361,0.8477238416671753
YGL019W,YFL039C,0,0.91970474,0.10403890907764435,0.9791044592857361,0.8478239178657532
YPL198W,YHR186C,0,0.9189615,0.10402791202068329,0.9791044592857361,0.8479239344596863
YOL129W,YBR230C,0,0.9174972,0.10401691496372223,0.9791044592857361,0.8480240106582642
YLR249W,YDR170W-A,0,0.9173355,0.10400591790676117,0.9791044592857361,0.848124086856842
YKL077W,YJR139C,0,0.91689056,0.1039949283003807,0.9791044592857361,0.8482241034507751
YHR110W,YMR045C,0,0.9167985,0.10398393869400024,0.9791044592857361,0.848324179649353
YLL067C,YBR101C,0,0.91491604,0.10397294908761978,0.9791044592857361,0.8484241962432861
YGL225W,YBR142W,0,0.9148971,0.10396196693181992,0.9791044592857361,0.848524272441864
YOL070C,YDR239C,0,0.9134622,0.10395098477602005,0.9791044592857361,0.8486242890357971
YJL178C,YJR054W,0,0.9130126,0.10394000262022018,0.9791044592857361,0.848724365234375
YDR479C,YER138C,0,0.91243166,0.10392902046442032,0.9791044592857361,0.8488244414329529
YCR086W,YLL014W,0,0.91236246,0.10391804575920105,0.9791044592857361,0.848924458026886
YOR269W,YHR033W,0,0.9121654,0.10390707850456238,0.9791044592857361,0.8490245342254639
YEL017C-A,YPL220W,0,0.9116482,0.10389610379934311,0.9791044592857361,0.849124550819397
YDL121C,YIL020C,0,0.91098225,0.10388513654470444,0.9791044592857361,0.8492246270179749
YJL021C,YBR101C,0,0.9107319,0.10387416929006577,0.9791044592857361,0.849324643611908
YIL096C,YPR133W-A,0,0.9099203,0.1038632020354271,0.9791044592857361,0.8494247198104858
YLR016C,YMR046C,0,0.9093782,0.10385224223136902,0.9791044592857361,0.849524736404419
YGL222C,YHR214W,0,0.90846926,0.10384128242731094,0.9791044592857361,0.8496248126029968
YOL133W,YHL025W,0,0.90817666,0.10383032262325287,0.9791044592857361,0.8497248888015747
YIL046W,YPR127W,0,0.9069853,0.10381937026977539,0.9791044592857361,0.8498249053955078
YHR181W,YOR340C,0,0.9067136,0.10380841791629791,0.9791044592857361,0.8499249815940857
YDL206W,YEL013W,0,0.9056918,0.10379746556282043,0.9791044592857361,0.8500249981880188
YMR238W,YDR402C,0,0.9051078,0.10378652065992355,0.9791044592857361,0.8501250743865967
YOL116W,YDR254W,0,0.9041282,0.10377557575702667,0.9791044592857361,0.8502250909805298
YMR276W,YHR175W,0,0.90411055,0.10376463085412979,0.9791044592857361,0.8503251671791077
YLR265C,YDL130W-A,0,0.9037449,0.10375369340181351,0.9791044592857361,0.8504251837730408
YGL116W,YER145C,0,0.9035963,0.10374274849891663,0.9791044592857361,0.8505252599716187
YBR185C,YIL111W,0,0.9034977,0.10373181849718094,0.9791044592857361,0.8506253361701965
YLR325C,YDR110W,0,0.90288484,0.10372088104486465,0.9791044592857361,0.8507253527641296
YNL012W,YNL281W,0,0.90287346,0.10370995104312897,0.9791044592857361,0.8508254289627075
YHR210C,YBR278W,0,0.9008503,0.10369902104139328,0.9791044592857361,0.8509254455566406
YJL060W,YJR160C,0,0.9006924,0.10368809103965759,0.9791044592857361,0.8510255217552185
YJL167W,YHR005C-A,0,0.89979935,0.1036771684885025,0.9791044592857361,0.8511255383491516
YMR063W,YMR087W,0,0.8994293,0.10366624593734741,0.9791044592857361,0.8512256145477295
YNL236W,YML096W,0,0.8991951,0.10365532338619232,0.9791044592857361,0.8513256907463074
YMR017W,YLR327C,0,0.8990437,0.10364440828561783,0.9791044592857361,0.8514257073402405
YML096W,YMR240C,0,0.8987981,0.10363349318504333,0.9791044592857361,0.8515257835388184
YNL146W,YER137C,0,0.89847296,0.10362257808446884,0.9791044592857361,0.8516258001327515
YIL170W,YHR012W,0,0.8976475,0.10361167043447495,0.9791044592857361,0.8517258763313293
YPL225W,YOR322C,0,0.89747345,0.10360075533390045,0.9791044592857361,0.8518258929252625
YOR230W,YIL170W,0,0.89529735,0.10358985513448715,0.9791044592857361,0.8519259691238403
YLL035W,YBL072C,0,0.8944881,0.10357894748449326,0.9791044592857361,0.8520259857177734
YDR134C,YLR266C,0,0.89435565,0.10356804728507996,0.9791044592857361,0.8521260619163513
YGR055W,YBR193C,0,0.8938603,0.10355714708566666,0.9791044592857361,0.8522261381149292
YHR138C,YPR133W-A,0,0.89381254,0.10354624688625336,0.9791044592857361,0.8523261547088623
YNL030W,YDR224C,1,0.8936129,0.10364057123661041,0.9800994992256165,0.8523261547088623
YGL009C,YKL022C,0,0.8933238,0.10362967103719711,0.9800994992256165,0.8524262309074402
YGR017W,YKR079C,0,0.8932716,0.10361876338720322,0.9800994992256165,0.8525262475013733
YBL075C,YOR215C,0,0.8897321,0.10360787063837051,0.9800994992256165,0.8526263236999512
YBR090C-A,YPL127C,1,0.88909304,0.10370214283466339,0.9810945391654968,0.8526263236999512
YNL012W,YNL339C,0,0.88878155,0.10369124263525009,0.9810945391654968,0.8527263402938843
YHR074W,YGL046W,0,0.8886063,0.1036803349852562,0.9810945391654968,0.8528264164924622
YDR273W,YGL004C,0,0.88733315,0.1036694347858429,0.9810945391654968,0.85292649269104
YGR159C,YPR011C,0,0.88659203,0.1036585345864296,0.9810945391654968,0.8530265092849731
YER108C,YKR037C,0,0.88641524,0.1036476418375969,0.9810945391654968,0.853126585483551
YER161C,YGR012W,0,0.88562834,0.10363674908876419,0.9810945391654968,0.8532266020774841
YNR061C,YLR286C,0,0.8855766,0.10362585633993149,0.9810945391654968,0.853326678276062
YJR098C,YJL035C,0,0.8853359,0.10361496359109879,0.9810945391654968,0.8534266948699951
YGL231C,YKL195W,0,0.88467765,0.10360407829284668,0.9810945391654968,0.853526771068573
YNL213C,YCR005C,0,0.88341707,0.10359319299459457,0.9810945391654968,0.8536267876625061
YFL010W-A,YIL017W,0,0.882875,0.10358230769634247,0.9810945391654968,0.853726863861084
YJL149W,YDR406W,0,0.8821647,0.10357142984867096,0.9810945391654968,0.8538269400596619
YPL189W,YLR276C,0,0.8821343,0.10356055200099945,0.9810945391654968,0.853926956653595
YDR108W,YER150W,0,0.8819478,0.10354967415332794,0.9810945391654968,0.8540270328521729
YHL017W,YDR520C,0,0.8813064,0.10353880375623703,0.9810945391654968,0.854127049446106
YPL204W,YPR174C,0,0.8797234,0.10352792590856552,0.9810945391654968,0.8542271256446838
YBL075C,YPR035W,0,0.87954915,0.1035170629620552,0.9810945391654968,0.8543271422386169
YPR017C,YGR012W,0,0.87897897,0.1035061925649643,0.9810945391654968,0.8544272184371948
YDR101C,YOL126C,0,0.87832713,0.10349532961845398,0.9810945391654968,0.8545272350311279
YFL018W-A,YOR327C,0,0.8782573,0.10348446667194366,0.9810945391654968,0.8546273112297058
YCR086W,YMR226C,0,0.8780188,0.10347360372543335,0.9810945391654968,0.8547273874282837
YJR059W,YPR204W,0,0.87793016,0.10346274822950363,0.9810945391654968,0.8548274040222168
YDR523C,YDR178W,0,0.87731695,0.10345189273357391,0.9810945391654968,0.8549274802207947
YGR194C,YPR071W,0,0.8751066,0.1034410372376442,0.9810945391654968,0.8550274968147278
YML128C,YDL134C-A,0,0.87499183,0.10343018919229507,0.9810945391654968,0.8551275730133057
YBL113C,YDR231C,0,0.87395465,0.10341934114694595,0.9810945391654968,0.8552275896072388
YOR227W,YGR296W,0,0.87301755,0.10340849310159683,0.9810945391654968,0.8553276658058167
YGR035C,YPL093W,0,0.87031615,0.10339765250682831,0.9810945391654968,0.8554277420043945
YFL066C,YGR122W,0,0.86941826,0.10338681191205978,0.9810945391654968,0.8555277585983276
YMR289W,YCR016W,0,0.8687875,0.10337597131729126,0.9810945391654968,0.8556278347969055
YBR090C-A,YDL065C,0,0.8685824,0.10336513072252274,0.9810945391654968,0.8557278513908386
YBR286W,YOL053C-A,0,0.86858064,0.10335429757833481,0.9810945391654968,0.8558279275894165
YPL026C,YOR215C,0,0.8684008,0.10334346443414688,0.9810945391654968,0.8559279441833496
YDL067C,YIL087C,0,0.8659507,0.10333263128995895,0.9810945391654968,0.8560280203819275
YER130C,YER045C,0,0.8655299,0.10332180559635162,0.9810945391654968,0.8561280369758606
YIL061C,YPL093W,0,0.86551654,0.1033109799027443,0.9810945391654968,0.8562281131744385
YLR134W,YPL043W,0,0.864064,0.10330015420913696,0.9810945391654968,0.8563281893730164
YMR205C,YKL158W,0,0.86357224,0.10328933596611023,0.9810945391654968,0.8564282059669495
YLR099C,YLR039C,0,0.86292267,0.1032785177230835,0.9810945391654968,0.8565282821655273
YPL126W,YDR312W,0,0.8613756,0.10326769948005676,0.9810945391654968,0.8566282987594604
YJR031C,YJR026W,0,0.8611655,0.10325688868761063,0.9810945391654968,0.8567283749580383
YFL018W-A,YNR022C,0,0.85983133,0.10324607044458389,0.9810945391654968,0.8568283915519714
YNL092W,YHR044C,0,0.85884637,0.10323525965213776,0.9810945391654968,0.8569284677505493
YIL128W,YHL044W,0,0.85861945,0.10322445631027222,0.9810945391654968,0.8570285439491272
YGL019W,YLR040C,0,0.85760295,0.10321365296840668,0.9810945391654968,0.8571285605430603
YFR027W,YJR029W,0,0.8575586,0.10320284962654114,0.9810945391654968,0.8572286367416382
YCL012W,YGR281W,0,0.85745174,0.1031920462846756,0.9810945391654968,0.8573286533355713
YLR329W,YOR347C,0,0.85727143,0.10318125039339066,0.9810945391654968,0.8574287295341492
YCL001W,YOR304C-A,0,0.85710835,0.10317045450210571,0.9810945391654968,0.8575287461280823
YGR193C,YGL046W,0,0.85683846,0.10315965861082077,0.9810945391654968,0.8576288223266602
YAL019W,YOR378W,0,0.8566318,0.10314886271953583,0.9810945391654968,0.8577288389205933
YDR492W,YDR497C,0,0.8562788,0.10313807427883148,0.9810945391654968,0.8578289151191711
YOR228C,YGL059W,0,0.8557769,0.10312728583812714,0.9810945391654968,0.857928991317749
YNR040W,YPL048W,0,0.8553548,0.10311650484800339,0.9810945391654968,0.8580290079116821
YDR313C,YDR300C,0,0.85530776,0.10310571640729904,0.9810945391654968,0.85812908411026
YJR118C,YPL144W,0,0.85511816,0.10309494286775589,0.9810945391654968,0.8582291007041931
YMR054W,YLR196W,0,0.85502696,0.10308416187763214,0.9810945391654968,0.858329176902771
YLR278C,YOR191W,0,0.8540249,0.10307338833808899,0.9810945391654968,0.8584291934967041
YKR101W,YPR127W,0,0.8533615,0.10306260734796524,0.9810945391654968,0.858529269695282
YNL046W,YPR199C,0,0.8524441,0.10305184125900269,0.9810945391654968,0.8586292862892151
YJL066C,YDL202W,0,0.85170656,0.10304106771945953,0.9810945391654968,0.858729362487793
YMR093W,YOR311C,0,0.8516332,0.10303030163049698,0.9810945391654968,0.8588294386863708
YOL053C-A,YNL054W,0,0.85080045,0.10301953554153442,0.9810945391654968,0.858929455280304
YDL129W,YDR369C,0,0.85046846,0.10300877690315247,0.9810945391654968,0.8590295314788818
YPL146C,YBL011W,0,0.8484299,0.10299801826477051,0.9810945391654968,0.8591295480728149
YMR238W,YPR071W,0,0.84790516,0.10298725962638855,0.9810945391654968,0.8592296242713928
YPL225W,YPL065W,0,0.8472815,0.10297650098800659,0.9810945391654968,0.8593296408653259
YGL010W,YBL056W,0,0.8470799,0.10296574980020523,0.9810945391654968,0.8594297170639038
YLL017W,YJR029W,0,0.8460176,0.10295499861240387,0.9810945391654968,0.8595297932624817
YBR090C-A,YDR145W,1,0.845913,0.1030486524105072,0.9820895791053772,0.8595297932624817
YDL149W,YMR087W,0,0.8457879,0.10303789377212524,0.9820895791053772,0.8596298098564148
YGL162W,YAR010C,0,0.8457632,0.10302714258432388,0.9820895791053772,0.8597298860549927
YPR037C,YPL056C,0,0.8456061,0.10301638394594193,0.9820895791053772,0.8598299026489258
YHR210C,YDR041W,0,0.84522724,0.10300563275814056,0.9820895791053772,0.8599299788475037
YKL056C,YOR101W,0,0.8448908,0.1029948890209198,0.9820895791053772,0.8600299954414368
YBR090C-A,YPR162C,1,0.84448016,0.10308848321437836,0.9830845594406128,0.8600299954414368
YAL039C,YML128C,0,0.8435242,0.1030777245759964,0.9830845594406128,0.8601300716400146
YGL148W,YDL211C,0,0.8428986,0.10306697338819504,0.9830845594406128,0.8602300882339478
YCR094W,YGL085W,0,0.8426032,0.10305622220039368,0.9830845594406128,0.8603301644325256
YFR027W,YBR141C,0,0.84211105,0.10304547101259232,0.9830845594406128,0.8604302406311035
YOL156W,YMR086W,0,0.841946,0.10303472727537155,0.9830845594406128,0.8605302572250366
YFR015C,YIL068C,0,0.8415763,0.10302398353815079,0.9830845594406128,0.8606303334236145
YBR095C,YMR045C,0,0.84068036,0.10301323980093002,0.9830845594406128,0.8607303500175476
YGL168W,YML018C,0,0.83900785,0.10300250351428986,0.9830845594406128,0.8608304262161255
YNL217W,YGR007W,0,0.83714163,0.10299176722764969,0.9830845594406128,0.8609304428100586
YGL070C,YER071C,0,0.8370757,0.10298103094100952,0.9830845594406128,0.8610305190086365
YGR101W,YNR004W,0,0.8369762,0.10297029465436935,0.9830845594406128,0.8611305356025696
YOR356W,YMR098C,0,0.8366293,0.10295956581830978,0.9830845594406128,0.8612306118011475
YOL059W,YJR096W,0,0.83613896,0.10294883698225021,0.9830845594406128,0.8613306879997253
YBR012W-A,YKL054C,0,0.8354465,0.10293811559677124,0.9830845594406128,0.8614307045936584
YDR019C,YDL029W,0,0.8352097,0.10292738676071167,0.9830845594406128,0.8615307807922363
YMR238W,YOL129W,0,0.83381116,0.1029166653752327,0.9830845594406128,0.8616307973861694
YMR149W,YHR215W,0,0.83338153,0.10290594398975372,0.9830845594406128,0.8617308735847473
YER140W,YPR196W,0,0.83330804,0.10289523005485535,0.9830845594406128,0.8618308901786804
YLR325C,YMR221C,0,0.8327265,0.10288451611995697,0.9830845594406128,0.8619309663772583
YNR002C,YFR003C,0,0.8327232,0.1028738021850586,0.9830845594406128,0.8620310425758362
YER127W,YDR447C,0,0.8317425,0.10286309570074081,0.9830845594406128,0.8621310591697693
YGL027C,YPR049C,0,0.8312739,0.10285238176584244,0.9830845594406128,0.8622311353683472
YJR126C,YPR127W,0,0.8310821,0.10284167528152466,0.9830845594406128,0.8623311519622803
YCL060C,YOR181W,0,0.8297732,0.10283097624778748,0.9830845594406128,0.8624312281608582
YBR169C,YLR380W,0,0.8291507,0.1028202697634697,0.9830845594406128,0.8625312447547913
YGL060W,YBR012W-A,0,0.82883954,0.10280957072973251,0.9830845594406128,0.8626313209533691
YPL189C-A,YIL142W,0,0.8286977,0.10279887914657593,0.9830845594406128,0.8627313375473022
YMR150C,YNL110C,0,0.8286841,0.10278818011283875,0.9830845594406128,0.8628314137458801
YDL223C,YNL181W,0,0.82860994,0.10277748852968216,0.9830845594406128,0.862931489944458
YHR210C,YNL309W,0,0.8279066,0.10276679694652557,0.9830845594406128,0.8630315065383911
YKL051W,YCL047C,0,0.8272511,0.10275611281394958,0.9830845594406128,0.863131582736969
YDR116C,YHR122W,0,0.8268541,0.102745421230793,0.9830845594406128,0.8632315993309021
YJR119C,YJL181W,0,0.82652587,0.10273473709821701,0.9830845594406128,0.86333167552948
YJL012C-A,YOL125W,0,0.8255738,0.10272406041622162,0.9830845594406128,0.8634316921234131
YLR035C-A,YGR044C,0,0.82544136,0.10271337628364563,0.9830845594406128,0.863531768321991
YER070W,YOR251C,0,0.82524323,0.10270269960165024,0.9830845594406128,0.8636318445205688
YPL099C,YLR278C,0,0.8236228,0.10269203037023544,0.9830845594406128,0.863731861114502
YER033C,YPR171W,0,0.82261646,0.10268135368824005,0.9830845594406128,0.8638319373130798
YML057W,YKR096W,0,0.8224812,0.10267068445682526,0.9830845594406128,0.8639319539070129
YOR063W,YHR089C,0,0.8223696,0.10266001522541046,0.9830845594406128,0.8640320301055908
YHR181W,YDL144C,0,0.81973386,0.10264935344457626,0.9830845594406128,0.8641320466995239
YDR056C,YCR010C,0,0.8187433,0.10263868421316147,0.9830845594406128,0.8642321228981018
YOR136W,YPR096C,0,0.8185072,0.10262802243232727,0.9830845594406128,0.8643321394920349
YDR454C,YGL046W,0,0.8170749,0.10261736810207367,0.9830845594406128,0.8644322156906128
YHL035C,YHL032C,0,0.81561095,0.10260670632123947,0.9830845594406128,0.8645322918891907
YPR043W,YLR157C,0,0.8155345,0.10259605199098587,0.9830845594406128,0.8646323084831238
YBL075C,YHR172W,0,0.8141346,0.10258539766073227,0.9830845594406128,0.8647323846817017
YDL206W,YER012W,0,0.81357986,0.10257475078105927,0.9830845594406128,0.8648324012756348
YFL035C-A,YDR284C,0,0.8131561,0.10256410390138626,0.9830845594406128,0.8649324774742126
YLR287C-A,YDR196C,0,0.81208426,0.10255345702171326,0.9830845594406128,0.8650324940681458
YLR045C,YGL039W,0,0.81138617,0.10254281014204025,0.9830845594406128,0.8651325702667236
YOL156W,YDR170W-A,0,0.81121516,0.10253217071294785,0.9830845594406128,0.8652325868606567
YLR050C,YOR179C,0,0.8112132,0.10252153128385544,0.9830845594406128,0.8653326630592346
YCR086W,YJR048W,0,0.8112046,0.10251089185476303,0.9830845594406128,0.8654327392578125
YBL085W,YBR020W,0,0.8107674,0.10250025987625122,0.9830845594406128,0.8655327558517456
YER127W,YER159C,0,0.8104991,0.10248962789773941,0.9830845594406128,0.8656328320503235
YNL243W,YKR056W,0,0.80890816,0.1024789959192276,0.9830845594406128,0.8657328486442566
YMR050C,YHR051W,0,0.8086246,0.10246836394071579,0.9830845594406128,0.8658329248428345
YOL053C-A,YDR204W,0,0.80849946,0.10245773941278458,0.9830845594406128,0.8659329414367676
YPL189W,YGL039W,0,0.80838,0.10244711488485336,0.9830845594406128,0.8660330176353455
YCL047C,YBL091C-A,0,0.80767316,0.10243649780750275,0.9830845594406128,0.8661330938339233
YBR033W,YHR079C-B,0,0.80722606,0.10242587327957153,0.9830845594406128,0.8662331104278564
YNL267W,YCL068C,0,0.80612814,0.10241525620222092,0.9830845594406128,0.8663331866264343
YBR238C,YOR150W,0,0.80607694,0.1024046465754509,0.9830845594406128,0.8664332032203674
YDR012W,YOR116C,0,0.80602574,0.10239402949810028,0.9830845594406128,0.8665332794189453
YGL014W,YKL191W,0,0.80592245,0.10238341987133026,0.9830845594406128,0.8666332960128784
YBL106C,YOL152W,0,0.8045391,0.10237281024456024,0.9830845594406128,0.8667333722114563
YJL141C,YNR071C,0,0.80350745,0.10236220806837082,0.9830845594406128,0.8668333888053894
YER108C,YLR337C,0,0.80347455,0.1023515984416008,0.9830845594406128,0.8669334650039673
YLR301W,YOR237W,0,0.8030262,0.10234099626541138,0.9830845594406128,0.8670335412025452
YBR072W,YER138C,0,0.8011702,0.10233040153980255,0.9830845594406128,0.8671335577964783
YLL041C,YPR134W,0,0.8002144,0.10231979936361313,0.9830845594406128,0.8672336339950562
YBR156C,YMR142C,0,0.799075,0.1023092046380043,0.9830845594406128,0.8673336505889893
YPR024W,YDR306C,0,0.7987639,0.10229860991239548,0.9830845594406128,0.8674337267875671
YOR036W,YOR004W,0,0.7981117,0.10228802263736725,0.9830845594406128,0.8675337433815002
YPR091C,YBR050C,0,0.7980936,0.10227743536233902,0.9830845594406128,0.8676338195800781
YBR105C,YOL038W,0,0.796733,0.10226684808731079,0.9830845594406128,0.867733895778656
YBR097W,YKR056W,0,0.7964436,0.10225626081228256,0.9830845594406128,0.8678339123725891
YBR196C,YBR075W,0,0.7964177,0.10224568098783493,0.9830845594406128,0.867933988571167
YPL183W-A,YBR241C,0,0.7949147,0.1022351011633873,0.9830845594406128,0.8680340051651001
YGR082W,YNL178W,0,0.7944649,0.10222452133893967,0.9830845594406128,0.868134081363678
YMR090W,YLR395C,0,0.7943791,0.10221394896507263,0.9830845594406128,0.8682340979576111
YIL118W,YBR267W,0,0.79377496,0.102203369140625,0.9830845594406128,0.868334174156189
YNR002C,YOR356W,0,0.7931942,0.10219280421733856,0.9830845594406128,0.8684341907501221
YNR040W,YNL095C,0,0.7929613,0.10218223184347153,0.9830845594406128,0.8685342669487
YPL126W,YCR072C,0,0.79245865,0.10217166692018509,0.9830845594406128,0.8686343431472778
YGL045W,YGL212W,0,0.7919685,0.10216110199689865,0.9830845594406128,0.8687343597412109
YMR146C,YKL063C,0,0.79136574,0.10215053707361221,0.9830845594406128,0.8688344359397888
YLR466W,YHR005C-A,0,0.7911339,0.10213997960090637,0.9830845594406128,0.8689344525337219
YDR534C,YMR046C,0,0.79107517,0.10212942212820053,0.9830845594406128,0.8690345287322998
YGR178C,YOR330C,0,0.7906217,0.10211886465549469,0.9830845594406128,0.8691345453262329
YFR031C,YJR048W,0,0.7900275,0.10210830718278885,0.9830845594406128,0.8692346215248108
YDR134C,YDL056W,0,0.7892663,0.1020977571606636,0.9830845594406128,0.8693346381187439
YLR264W,YOL123W,0,0.7888014,0.10208720713853836,0.9830845594406128,0.8694347143173218
YOR266W,YJL003W,0,0.78873426,0.10207665711641312,0.9830845594406128,0.8695347905158997
YJL206C,YOL122C,0,0.7841414,0.10206611454486847,0.9830845594406128,0.8696348071098328
YLR390W-A,YIL064W,0,0.784058,0.10205557197332382,0.9830845594406128,0.8697348833084106
YNL284C-B,YDR518W,0,0.78292084,0.10204502940177917,0.9830845594406128,0.8698348999023438
YMR232W,YOL072W,0,0.7825228,0.10203449428081512,0.9830845594406128,0.8699349761009216
YOR019W,YPL183W-A,0,0.78226656,0.10202395915985107,0.9830845594406128,0.8700349926948547
YDR350C,YJR054W,0,0.7817559,0.10201342403888702,0.9830845594406128,0.8701350688934326
YPR154W,YKL042W,0,0.78147507,0.10200288891792297,0.9830845594406128,0.8702351450920105
YCR055C,YLR157C,0,0.7807603,0.10199236124753952,0.9830845594406128,0.8703351616859436
YGL133W,YCL060C,1,0.7768842,0.10208505392074585,0.9840795993804932,0.8703351616859436
YDR109C,YDR368W,0,0.7767873,0.1020745187997818,0.9840795993804932,0.8704352378845215
YDR407C,YOR338W,0,0.7762723,0.10206398367881775,0.9840795993804932,0.8705352544784546
YGL004C,YIL172C,0,0.77620316,0.1020534485578537,0.9840795993804932,0.8706353306770325
YDL184C,YOR172W,0,0.7760421,0.10204292088747025,0.9840795993804932,0.8707353472709656
YMR114C,YDR034C,0,0.7751423,0.10203239321708679,0.9840795993804932,0.8708354234695435
YBR267W,YJL056C,0,0.7747259,0.10202186554670334,0.9840795993804932,0.8709354400634766
YBR107C,YMR221C,0,0.7734487,0.10201134532690048,0.9840795993804932,0.8710355162620544
YLR238W,YJL174W,0,0.77303565,0.10200082510709763,0.9840795993804932,0.8711355924606323
YDL140C,YAR010C,0,0.77223253,0.10199030488729477,0.9840795993804932,0.8712356090545654
YDR383C,YKL158W,0,0.7710619,0.10197979211807251,0.9840795993804932,0.8713356852531433
YGR078C,YJL181W,0,0.77066207,0.10196927189826965,0.9840795993804932,0.8714357018470764
YDR316W-B,YDL144C,0,0.76950145,0.10195876657962799,0.9840795993804932,0.8715357780456543
YPL235W,YML018C,0,0.76933867,0.10194825381040573,0.9840795993804932,0.8716357946395874
YLR190W,YDR345C,0,0.76922536,0.10193774849176407,0.9840795993804932,0.8717358708381653
YAL002W,YJL085W,0,0.7689775,0.10192723572254181,0.9840795993804932,0.8718359470367432
YPL280W,YCL067C,0,0.7688707,0.10191673785448074,0.9840795993804932,0.8719359636306763
YOR116C,YBR162W-A,0,0.7676809,0.10190623253583908,0.9840795993804932,0.8720360398292542
YGR077C,YHR035W,0,0.7673193,0.10189573466777802,0.9840795993804932,0.8721360564231873
YMR289W,YKL061W,0,0.7657498,0.10188523679971695,0.9840795993804932,0.8722361326217651
YHL021C,YPR002W,0,0.7633538,0.10187473893165588,0.9840795993804932,0.8723361492156982
YGL037C,YBL006C,1,0.7626608,0.10196724534034729,0.9850746393203735,0.8723361492156982
YLR452C,YDL130W-A,0,0.75929624,0.10195674747228622,0.9850746393203735,0.8724362254142761
YMR232W,YPR178W,0,0.7562423,0.10194624960422516,0.9850746393203735,0.8725362420082092
YDR056C,YCR057C,0,0.7560345,0.10193575173616409,0.9850746393203735,0.8726363182067871
YGL120C,YNL217W,0,0.7543539,0.10192525386810303,0.9850746393203735,0.872736394405365
YGL053W,YML087C,0,0.7539687,0.10191476345062256,0.9850746393203735,0.8728364109992981
YKL097W-A,YNL118C,0,0.7538076,0.10190427303314209,0.9850746393203735,0.872936487197876
YLR167W,YKL099C,0,0.75231624,0.10189378261566162,0.9850746393203735,0.8730365037918091
YPR091C,YDR380W,0,0.75089514,0.10188329964876175,0.9850746393203735,0.873136579990387
YHR023W,YGR184C,0,0.75019395,0.10187281668186188,0.9850746393203735,0.8732365965843201
YKR075C,YMR070W,0,0.7496327,0.101862333714962,0.9850746393203735,0.873336672782898
YCL075W,YNL289W,0,0.74937,0.10185185074806213,0.9850746393203735,0.873436689376831
YDL134C-A,YDR454C,0,0.7480036,0.10184137523174286,0.9850746393203735,0.8735367655754089
YDL022W,YLR001C,0,0.745156,0.10183089971542358,0.9850746393203735,0.8736368417739868
YMR171C,YHL012W,0,0.74472433,0.10182042419910431,0.9850746393203735,0.8737368583679199
YBR241C,YKL002W,0,0.74470484,0.10180995613336563,0.9850746393203735,0.8738369345664978
YLR391W,YJL174W,0,0.74366593,0.10179948806762695,0.9850746393203735,0.8739369511604309
YCL057C-A,YOR316C,0,0.7424023,0.10178902000188828,0.9850746393203735,0.8740370273590088
YOR251C,YHR207C,0,0.74220806,0.1017785519361496,0.9850746393203735,0.8741370439529419
YOR075W,YDR476C,0,0.74173206,0.10176809132099152,0.9850746393203735,0.8742371201515198
YGL225W,YPR063C,0,0.74145806,0.10175763070583344,0.9850746393203735,0.8743371963500977
YPR011C,YJR065C,0,0.73999405,0.10174717009067535,0.9850746393203735,0.8744372129440308
YKR037C,YCR087C-A,0,0.7399399,0.10173671692609787,0.9850746393203735,0.8745372891426086
YMR017W,YFL035C-B,0,0.7398802,0.10172626376152039,0.9850746393203735,0.8746373057365417
YGR001C,YKL212W,0,0.7393888,0.1017158105969429,0.9850746393203735,0.8747373819351196
YKL097W-A,YDR270W,0,0.73815584,0.10170536488294601,0.9850746393203735,0.8748373985290527
YDR316W-B,YKL180W,0,0.737033,0.10169491171836853,0.9850746393203735,0.8749374747276306
YOL029C,YPL094C,0,0.7355027,0.10168447345495224,0.9850746393203735,0.8750374913215637
YNL208W,YDR244W,0,0.7340194,0.10167402774095535,0.9850746393203735,0.8751375675201416
YDR329C,YKR058W,0,0.73245955,0.10166358947753906,0.9850746393203735,0.8752376437187195
YBR058C,YOL084W,0,0.7321064,0.10165314376354218,0.9850746393203735,0.8753376603126526
YPR158C-D,YLR048W,0,0.7319845,0.10164271295070648,0.9850746393203735,0.8754377365112305
YMR256C,YDL051W,0,0.7318574,0.10163227468729019,0.9850746393203735,0.8755377531051636
YML030W,YJR005W,0,0.73142433,0.1016218438744545,0.9850746393203735,0.8756378293037415
YMR221C,YBR299W,0,0.7313535,0.1016114130616188,0.9850746393203735,0.8757378458976746
YDR055W,YLR289W,0,0.73019624,0.10160098224878311,0.9850746393203735,0.8758379220962524
YLR391W-A,YNL027W,0,0.73,0.10159055888652802,0.9850746393203735,0.8759379982948303
YOR145C,YCR096C,0,0.72926503,0.10158013552427292,0.9850746393203735,0.8760380148887634
YLR450W,YIL035C,0,0.7288821,0.10156971216201782,0.9850746393203735,0.8761380910873413
YLR050C,YLR212C,0,0.7283077,0.10155929625034332,0.9850746393203735,0.8762381076812744
YLL016W,YLR427W,0,0.728027,0.10154888033866882,0.9850746393203735,0.8763381838798523
YNL182C,YBL112C,0,0.7273695,0.10153846442699432,0.9850746393203735,0.8764382004737854
YML096W,YGR040W,0,0.72647005,0.10152804851531982,0.9850746393203735,0.8765382766723633
YDR086C,YHR039C-B,0,0.72559166,0.10151764005422592,0.9850746393203735,0.8766382932662964
YBL010C,YLR292C,0,0.72466135,0.10150723159313202,0.9850746393203735,0.8767383694648743
YBR090C-A,YNL031C,1,0.7215376,0.10159934312105179,0.9860696792602539,0.8767383694648743
YMR172W,YER137C,0,0.7215109,0.10158892720937729,0.9860696792602539,0.8768384456634521
YKL069W,YDR227W,0,0.7213158,0.10157851874828339,0.9860696792602539,0.8769384622573853
YDR151C,YLR040C,0,0.7195876,0.10156810283660889,0.9860696792602539,0.8770385384559631
YFL035C-B,YPL137C,0,0.7191368,0.10155769437551498,0.9860696792602539,0.8771385550498962
YHR113W,YJR015W,0,0.71810365,0.10154729336500168,0.9860696792602539,0.8772386312484741
YFR032C-A,YDR248C,0,0.7172079,0.10153688490390778,0.9860696792602539,0.8773386478424072
YIL002C,YER087W,0,0.716377,0.10152648389339447,0.9860696792602539,0.8774387240409851
YLL014W,YEL056W,0,0.71591514,0.10151608288288116,0.9860696792602539,0.8775387406349182
YDR315C,YLR352W,0,0.7149048,0.10150568187236786,0.9860696792602539,0.8776388168334961
YDR056C,YBR052C,0,0.7140233,0.10149528831243515,0.9860696792602539,0.877738893032074
YOR269W,YMR093W,0,0.71366745,0.10148489475250244,0.9860696792602539,0.8778389096260071
YDR296W,YOR090C,0,0.71363795,0.10147450119256973,0.9860696792602539,0.877938985824585
YEL037C,YOR272W,0,0.71306753,0.10146411508321762,0.9860696792602539,0.8780390024185181
YGL219C,YHR139C,0,0.71286535,0.10145372897386551,0.9860696792602539,0.878139078617096
YDR253C,YGL085W,0,0.7120006,0.1014433428645134,0.9860696792602539,0.878239095211029
YCL060C,YJL127C,1,0.7119483,0.10153531283140182,0.9870646595954895,0.878239095211029
YJL012C-A,YER126C,0,0.71191263,0.10152491927146912,0.9870646595954895,0.8783391714096069
YNR027W,YMR303C,0,0.71179247,0.101514533162117,0.9870646595954895,0.8784392476081848
YML067C,YPL093W,0,0.7117428,0.10150414705276489,0.9870646595954895,0.8785392642021179
YDR069C,YCR029C-A,0,0.7116072,0.10149376094341278,0.9870646595954895,0.8786393404006958
YDR285W,YMR074C,0,0.70925033,0.10148337483406067,0.9870646595954895,0.8787393569946289
YKL003C,YOR251C,0,0.7092351,0.10147299617528915,0.9870646595954895,0.8788394331932068
YBR080C,YMR110C,0,0.70833427,0.10146261751651764,0.9870646595954895,0.8789394497871399
YDR234W,YDR418W,0,0.7061056,0.10145223885774612,0.9870646595954895,0.8790395259857178
YOR078W,YML115C,0,0.70517737,0.1014418676495552,0.9870646595954895,0.8791395425796509
YIL143C,YBR012W-B,0,0.7019686,0.10143149644136429,0.9870646595954895,0.8792396187782288
YOL133W,YHR079C-B,0,0.70148265,0.10142112523317337,0.9870646595954895,0.8793396949768066
YOR304C-A,YBR180W,0,0.7013376,0.10141075402498245,0.9870646595954895,0.8794397115707397
YNL190W,YLL022C,0,0.70116985,0.10140039026737213,0.9870646595954895,0.8795397877693176
YGL135W,YLR073C,0,0.7004152,0.10139002650976181,0.9870646595954895,0.8796398043632507
YGL141W,YHR011W,0,0.7002865,0.10137966275215149,0.9870646595954895,0.8797398805618286
YMR045C,YBL034C,0,0.69929004,0.10136930644512177,0.9870646595954895,0.8798398971557617
YDR204W,YEL056W,0,0.69912124,0.10135894268751144,0.9870646595954895,0.8799399733543396
YER137C,YKL179C,0,0.69903445,0.10134859383106232,0.9870646595954895,0.8800400495529175
YLL003W,YCL012W,0,0.6985241,0.10133823752403259,0.9870646595954895,0.8801400661468506
YJL081C,YOL057W,0,0.698261,0.10132788866758347,0.9870646595954895,0.8802401423454285
YMR184W,YOR317W,0,0.6978917,0.10131753981113434,0.9870646595954895,0.8803401589393616
YFL054C,YDL230W,0,0.69779456,0.10130719095468521,0.9870646595954895,0.8804402351379395
YOR273C,YIL062C,0,0.6970667,0.10129684209823608,0.9870646595954895,0.8805402517318726
YGL226C-A,YLR227W-B,0,0.69657063,0.10128650069236755,0.9870646595954895,0.8806403279304504
YML063W,YJR015W,0,0.6962762,0.10127615928649902,0.9870646595954895,0.8807403445243835
YHR024C,YOR338W,0,0.69625807,0.10126582533121109,0.9870646595954895,0.8808404207229614
YDR026C,YER165W,0,0.6961813,0.10125548392534256,0.9870646595954895,0.8809404969215393
YHL017W,YOR363C,0,0.69604814,0.10124514997005463,0.9870646595954895,0.8810405135154724
YPL141C,YFR001W,0,0.6942024,0.10123482346534729,0.9870646595954895,0.8811405897140503
YOR076C,YMR045C,0,0.69394594,0.10122448951005936,0.9870646595954895,0.8812406063079834
YBR052C,YOR069W,0,0.6937225,0.10121416300535202,0.9870646595954895,0.8813406825065613
YMR117C,YLR312C-B,0,0.69168526,0.10120383650064468,0.9870646595954895,0.8814406991004944
YKR078W,YML021C,0,0.6911124,0.10119350999593735,0.9870646595954895,0.8815407752990723
YER110C,YIL096C,0,0.6883459,0.10118319094181061,0.9870646595954895,0.8816407918930054
YGR286C,YPR041W,0,0.6863426,0.10117287188768387,0.9870646595954895,0.8817408680915833
YBR192W,YPR063C,0,0.6863319,0.10116255283355713,0.9870646595954895,0.8818409442901611
YGR112W,YML040W,0,0.68382967,0.10115224123001099,0.9870646595954895,0.8819409608840942
YJR073C,YPL174C,0,0.68339896,0.10114192217588425,0.9870646595954895,0.8820410370826721
YFL035C-B,YHR119W,0,0.6829229,0.1011316105723381,0.9870646595954895,0.8821410536766052
YPL179W,YIL017W,0,0.6823625,0.10112130641937256,0.9870646595954895,0.8822411298751831
YOR378W,YGR193C,0,0.6812347,0.10111099481582642,0.9870646595954895,0.8823411464691162
YML104C,YDR393W,0,0.67968994,0.10110069066286087,0.9870646595954895,0.8824412226676941
YMR158W,YER071C,0,0.67952365,0.10109039396047592,0.9870646595954895,0.882541298866272
YKL011C,YBL064C,0,0.67890924,0.10108008980751038,0.9870646595954895,0.8826413154602051
YGR052W,YJL058C,0,0.6782316,0.10106979310512543,0.9870646595954895,0.882741391658783
YEL037C,YLR312C-B,0,0.6763067,0.10105949640274048,0.9870646595954895,0.8828414082527161
YML070W,YDL022W,0,0.6756139,0.10104919970035553,0.9870646595954895,0.882941484451294
YOR378W,YOL152W,0,0.675061,0.10103891044855118,0.9870646595954895,0.883041501045227
YFR016C,YFL061W,0,0.67491674,0.10102862119674683,0.9870646595954895,0.8831415772438049
YGR027W-B,YHR029C,0,0.67406714,0.10101833194494247,0.9870646595954895,0.883241593837738
YCL057C-A,YER129W,0,0.6739203,0.10100804269313812,0.9870646595954895,0.8833416700363159
YKL165C,YMR160W,0,0.6737133,0.10099776089191437,0.9870646595954895,0.8834417462348938
YKL077W,YLL027W,0,0.67340213,0.10098747909069061,0.9870646595954895,0.8835417628288269
YDL204W,YDL046W,0,0.6718786,0.10097719728946686,0.9870646595954895,0.8836418390274048
YPL276W,YCL036W,0,0.67172056,0.1009669229388237,0.9870646595954895,0.8837418556213379
YGR254W,YBR238C,0,0.6715896,0.10095664858818054,0.9870646595954895,0.8838419318199158
YMR086W,YDR534C,0,0.6710327,0.10094637423753738,0.9870646595954895,0.8839419484138489
YGL010W,YLR403W,0,0.6709411,0.10093609988689423,0.9870646595954895,0.8840420246124268
YOR221C,YAR010C,0,0.66928804,0.10092583298683167,0.9870646595954895,0.8841421008110046
YOR292C,YER033C,0,0.6691353,0.1009155660867691,0.9870646595954895,0.8842421174049377
YGR046W,YLR283W,0,0.6673307,0.10090529918670654,0.9870646595954895,0.8843421936035156
YHR113W,YGR052W,0,0.6664053,0.10089503973722458,0.9870646595954895,0.8844422101974487
YPR042C,YDL180W,0,0.66600984,0.10088477283716202,0.9870646595954895,0.8845422863960266
YDR261C,YCR055C,0,0.6654013,0.10087451338768005,0.9870646595954895,0.8846423029899597
YOR291W,YDR003W,0,0.6652564,0.10086426138877869,0.9870646595954895,0.8847423791885376
YPL076W,YBR183W,0,0.6628821,0.10085400938987732,0.9870646595954895,0.8848423957824707
YFL038C,YML018C,0,0.6617054,0.10084374994039536,0.9870646595954895,0.8849424719810486
YBR188C,YDL051W,0,0.6610975,0.10083350539207458,0.9870646595954895,0.8850425481796265
YFL049W,YMR166C,0,0.66108304,0.10082325339317322,0.9870646595954895,0.8851425647735596
YCL052C,YJR026W,0,0.66086066,0.10081300884485245,0.9870646595954895,0.8852426409721375
YHR122W,YDR200C,0,0.6597426,0.10080276429653168,0.9870646595954895,0.8853426575660706
YDR273W,YOR089C,0,0.65939766,0.10079251974821091,0.9870646595954895,0.8854427337646484
YER096W,YGR122W,0,0.6592162,0.10078228265047073,0.9870646595954895,0.8855427503585815
YHR214C-B,YKR058W,0,0.6584415,0.10077204555273056,0.9870646595954895,0.8856428265571594
YDR332W,YBL113C,0,0.6572565,0.10076180845499039,0.9870646595954895,0.8857428431510925
YMR125W,YER091C,0,0.656512,0.10075157135725021,0.9870646595954895,0.8858429193496704
YOR356W,YMR176W,0,0.6562762,0.10074134171009064,0.9870646595954895,0.8859429955482483
YPL145C,YBL028C,0,0.65581846,0.10073111206293106,0.9870646595954895,0.8860430121421814
YGL084C,YNL045W,0,0.65485835,0.10072088241577148,0.9870646595954895,0.8861430883407593
YDR131C,YMR156C,0,0.6539978,0.1007106602191925,0.9870646595954895,0.8862431049346924
YER053C,YLR390W,0,0.65263134,0.10070043802261353,0.9870646595954895,0.8863431811332703
YER190W,YDR169C,0,0.65044546,0.10069021582603455,0.9870646595954895,0.8864431977272034
YKL103C,YOL152W,0,0.6500709,0.10067999362945557,0.9870646595954895,0.8865432739257812
YHL011C,YML047C,0,0.64970076,0.10066977888345718,0.9870646595954895,0.8866433501243591
YJR108W,YJL144W,0,0.64855933,0.1006595641374588,0.9870646595954895,0.8867433667182922
YGR071C,YLR158C,0,0.646372,0.10064934939146042,0.9870646595954895,0.8868434429168701
YDL223C,YPL225W,0,0.6461904,0.10063914209604263,0.9870646595954895,0.8869434595108032
YBL005W-B,YGL093W,0,0.6458006,0.10062892735004425,0.9870646595954895,0.8870435357093811
YNL084C,YMR015C,0,0.6454926,0.10061872750520706,0.9870646595954895,0.8871435523033142
YPL186C,YPL224C,0,0.6453525,0.10060852020978928,0.9870646595954895,0.8872436285018921
YKL183W,YBR012W-A,0,0.6451837,0.10059831291437149,0.9870646595954895,0.8873436450958252
YEL064C,YPL276W,0,0.64506197,0.1005881130695343,0.9870646595954895,0.8874437212944031
YGR272C,YPR036W,0,0.64428186,0.10057792067527771,0.9870646595954895,0.887543797492981
YER044C-A,YLL066C,0,0.64370877,0.10056772083044052,0.9870646595954895,0.8876438140869141
YDL121C,YIL159W,0,0.6433524,0.10055752843618393,0.9870646595954895,0.8877438902854919
YIL096C,YJL136C,0,0.6423727,0.10054733604192734,0.9870646595954895,0.887843906879425
YDR298C,YER091C,0,0.64172065,0.10053714364767075,0.9870646595954895,0.8879439830780029
YGL238W,YGL229C,0,0.6416693,0.10052695870399475,0.9870646595954895,0.888043999671936
YBR090C-A,YBR245C,1,0.6414103,0.10061809420585632,0.9880596995353699,0.888043999671936
YGR266W,YBL112C,0,0.64130986,0.10060790181159973,0.9880596995353699,0.8881440758705139
YNL095C,YOL152W,0,0.6402459,0.10059770941734314,0.9880596995353699,0.888244092464447
YKR101W,YMR090W,0,0.63945365,0.10058751702308655,0.9880596995353699,0.8883441686630249
YMR105C,YOL082W,0,0.63845706,0.10057733207941055,0.9880596995353699,0.8884442448616028
YLR067C,YDR239C,0,0.63824236,0.10056714713573456,0.9880596995353699,0.8885442614555359
YNL258C,YGR272C,0,0.63813174,0.10055696219205856,0.9880596995353699,0.8886443376541138
YJL148W,YLR197W,0,0.63725966,0.10054677724838257,0.9880596995353699,0.8887443542480469
YER103W,YHR080C,0,0.6370011,0.10053659975528717,0.9880596995353699,0.8888444304466248
YJL216C,YKR028W,0,0.6364372,0.10052642226219177,0.9880596995353699,0.8889444470405579
YNL208W,YKL116C,0,0.63624567,0.10051624476909637,0.9880596995353699,0.8890445232391357
YOR065W,YBR218C,0,0.63500345,0.10050607472658157,0.9880596995353699,0.8891445994377136
YOR396W,YDR064W,0,0.63476664,0.10049590468406677,0.9880596995353699,0.8892446160316467
YMR163C,YOR131C,0,0.6342123,0.10048573464155197,0.9880596995353699,0.8893446922302246
YDR050C,YNL122C,0,0.6332744,0.10047556459903717,0.9880596995353699,0.8894447088241577
YGL120C,YPR114W,0,0.631928,0.10046540200710297,0.9880596995353699,0.8895447850227356
YBR048W,YER140W,0,0.63160026,0.10045523196458817,0.9880596995353699,0.8896448016166687
YOR381W,YJL171C,0,0.63095665,0.10044507682323456,0.9880596995353699,0.8897448778152466
YIL155C,YLR278C,0,0.62970555,0.10043491423130035,0.9880596995353699,0.8898448944091797
YEL031W,YJL180C,0,0.62963367,0.10042475908994675,0.9880596995353699,0.8899449706077576
YAR033W,YJR149W,0,0.62916625,0.10041460394859314,0.9880596995353699,0.8900450468063354
YML045W,YDL217C,0,0.62861174,0.10040444880723953,0.9880596995353699,0.8901450634002686
YML087C,YPR127W,0,0.62808096,0.10039430111646652,0.9880596995353699,0.8902451395988464
YMR285C,YDL121C,0,0.62736726,0.10038414597511292,0.9880596995353699,0.8903451561927795
YIL075C,YPR148C,0,0.62701267,0.1003739982843399,0.9880596995353699,0.8904452323913574
YGR171C,YOR014W,0,0.6256453,0.10036385804414749,0.9880596995353699,0.8905452489852905
YOR138C,YMR087W,0,0.6253517,0.10035371035337448,0.9880596995353699,0.8906453251838684
YOR038C,YHR214W,0,0.6245396,0.10034357011318207,0.9880596995353699,0.8907454013824463
YBR016W,YPR111W,0,0.623217,0.10033343732357025,0.9880596995353699,0.8908454179763794
YMR304W,YGR205W,0,0.62266576,0.10032329708337784,0.9880596995353699,0.8909454941749573
YDR026C,YDR500C,0,0.6225904,0.10031316429376602,0.9880596995353699,0.8910455107688904
YBR159W,YOL062C,0,0.62252295,0.1003030315041542,0.9880596995353699,0.8911455869674683
YLL014W,YGL186C,0,0.6199438,0.10029289871454239,0.9880596995353699,0.8912456035614014
YJL121C,YOR116C,0,0.61910886,0.10028277337551117,0.9880596995353699,0.8913456797599792
YHR035W,YDL106C,0,0.6180551,0.10027264803647995,0.9880596995353699,0.8914456963539124
YDR235W,YFL035C,0,0.6172928,0.10026252269744873,0.9880596995353699,0.8915457725524902
YNL092W,YDR460W,0,0.6165725,0.10025239735841751,0.9880596995353699,0.8916458487510681
YJL021C,YIL148W,0,0.61569273,0.10024227946996689,0.9880596995353699,0.8917458653450012
YLL014W,YOR313C,0,0.6151099,0.10023216158151627,0.9880596995353699,0.8918459415435791
YGL053W,YKL161C,0,0.6143025,0.10022204369306564,0.9880596995353699,0.8919459581375122
YNL162W,YLR321C,0,0.6140256,0.10021192580461502,0.9880596995353699,0.8920460343360901
YCL059C,YIL094C,0,0.6135181,0.100201815366745,0.9880596995353699,0.8921460509300232
YPL189C-A,YJR143C,0,0.6125417,0.10019170492887497,0.9880596995353699,0.8922461271286011
YNL163C,YMR122W-A,0,0.6124269,0.10018159449100494,0.9880596995353699,0.8923461437225342
YFL035C-B,YNL274C,0,0.6122378,0.10017149150371552,0.9880596995353699,0.8924462199211121
YGR185C,YMR051C,0,0.61191773,0.10016138851642609,0.9880596995353699,0.8925462961196899
YOL107W,YGR199W,0,0.61107326,0.10015128552913666,0.9880596995353699,0.892646312713623
YPL120W,YGR266W,0,0.6106516,0.10014118254184723,0.9880596995353699,0.8927463889122009
YOR069W,YPR003C,0,0.610465,0.1001310870051384,0.9880596995353699,0.892846405506134
YPR096C,YGR217W,0,0.6102972,0.10012099146842957,0.9880596995353699,0.8929464817047119
YKL081W,YDR044W,0,0.6101225,0.10011089593172073,0.9880596995353699,0.893046498298645
YJR126C,YJL164C,0,0.6083194,0.1001008078455925,0.9880596995353699,0.8931465744972229
YJR149W,YKR100C,0,0.60720074,0.10009071975946426,0.9880596995353699,0.8932466506958008
YFR015C,YIR037W,0,0.6071273,0.10008063167333603,0.9880596995353699,0.8933466672897339
YDL114W,YFL036W,0,0.6070949,0.1000705435872078,0.9880596995353699,0.8934467434883118
YGL231C,YJL097W,0,0.60700583,0.10006046295166016,0.9880596995353699,0.8935467600822449
YCL034W,YHR210C,0,0.6069975,0.10005037486553192,0.9880596995353699,0.8936468362808228
YDR098C-B,YJL198W,0,0.6069696,0.10004030168056488,0.9880596995353699,0.8937468528747559
YBR183W,YHR167W,0,0.6063265,0.10003022104501724,0.9880596995353699,0.8938469290733337
YDR100W,YOL032W,0,0.60581994,0.1000201478600502,0.9880596995353699,0.8939469456672668
YHR210C,YIL135C,0,0.60529006,0.10001007467508316,0.9880596995353699,0.8940470218658447
YIR014W,YLR427W,0,0.6050905,0.10000000149011612,0.9880596995353699,0.8941470980644226
YOL052C-A,YOR156C,0,0.6050378,0.09998992830514908,0.9880596995353699,0.8942471146583557
YLR126C,YNL248C,0,0.6032709,0.09997986257076263,0.9880596995353699,0.8943471908569336
YBR100W,YPR002W,0,0.6032081,0.09996979683637619,0.9880596995353699,0.8944472074508667
YDR069C,YCR087C-A,0,0.60270935,0.09995973110198975,0.9880596995353699,0.8945472836494446
YML030W,YOR288C,0,0.602576,0.0999496728181839,0.9880596995353699,0.8946473002433777
YLR301W,YDR055W,0,0.60221905,0.09993961453437805,0.9880596995353699,0.8947473764419556
YFR018C,YGR205W,0,0.60217345,0.0999295562505722,0.9880596995353699,0.8948474526405334
YHL012W,YNL180C,0,0.6021297,0.09991949796676636,0.9880596995353699,0.8949474692344666
YNL164C,YBL087C,0,0.6016098,0.09990944713354111,0.9880596995353699,0.8950475454330444
YNL051W,YHR039C-B,0,0.6013989,0.09989939630031586,0.9880596995353699,0.8951475620269775
YOL009C,YDR434W,0,0.60085636,0.0998893454670906,0.9880596995353699,0.8952476382255554
YIL108W,YDR072C,0,0.6007658,0.09987930208444595,0.9880596995353699,0.8953476548194885
YOR076C,YKR049C,0,0.60030186,0.0998692512512207,0.9880596995353699,0.8954477310180664
YOL052C-A,YDL246C,0,0.59964144,0.09985920786857605,0.9880596995353699,0.8955477476119995
YMR270C,YNL024C,0,0.5968807,0.099849171936512,0.9880596995353699,0.8956478238105774
YBR267W,YAL054C,0,0.59664667,0.09983912855386734,0.9880596995353699,0.8957479000091553
YPR073C,YML128C,0,0.59401274,0.09982909262180328,0.9880596995353699,0.8958479166030884
YKL203C,YJR029W,0,0.59176195,0.09981905668973923,0.9880596995353699,0.8959479928016663
YLR391W-A,YJR025C,0,0.59124863,0.09980902820825577,0.9880596995353699,0.8960480093955994
YKL135C,YJL114W,0,0.5900285,0.09979899227619171,0.9880596995353699,0.8961480855941772
YEL012W,YMR105C,0,0.5899175,0.09978896379470825,0.9880596995353699,0.8962481021881104
YIL112W,YKL199C,0,0.58797413,0.09977893531322479,0.9880596995353699,0.8963481783866882
YCL057C-A,YER045C,0,0.58742464,0.09976891428232193,0.9880596995353699,0.8964481949806213
YGL231C,YDR115W,0,0.5873883,0.09975889325141907,0.9880596995353699,0.8965482711791992
YNR022C,YJR034W,0,0.58736444,0.0997488722205162,0.9880596995353699,0.8966483473777771
YER165W,YJL021C,0,0.5872146,0.09973885118961334,0.9880596995353699,0.8967483639717102
YLL009C,YOL142W,0,0.58657414,0.09972883760929108,0.9880596995353699,0.8968484401702881
YDL038C,YJL065C,0,0.5860248,0.09971881657838821,0.9880596995353699,0.8969484567642212
YFL048C,YPR127W,0,0.5859082,0.09970880299806595,0.9880596995353699,0.8970485329627991
YER087C-A,YNL130C,0,0.5853383,0.09969879686832428,0.9880596995353699,0.8971485495567322
YDR019C,YJL012C,0,0.5843864,0.09968878328800201,0.9880596995353699,0.8972486257553101
YGL046W,YOR285W,0,0.58373654,0.09967877715826035,0.9880596995353699,0.8973487019538879
YNL159C,YJL149W,0,0.58334994,0.09966877102851868,0.9880596995353699,0.897448718547821
YDL012C,YOR099W,0,0.5827086,0.0996587723493576,0.9880596995353699,0.8975487947463989
YPR158W-B,YNL119W,0,0.582238,0.09964877367019653,0.9880596995353699,0.897648811340332
YPL189C-A,YFL011W-A,0,0.58050746,0.09963877499103546,0.9880596995353699,0.8977488875389099
YJR054W,YKL021C,0,0.5804486,0.09962877631187439,0.9880596995353699,0.897848904132843
YNL149C,YFL002W-A,0,0.579468,0.09961877763271332,0.9880596995353699,0.8979489803314209
YDR444W,YDR283C,0,0.579422,0.09960878640413284,0.9880596995353699,0.898048996925354
YLR194C,YNL077W,0,0.5772851,0.09959879517555237,0.9880596995353699,0.8981490731239319
YCR097WB,YOR009W,0,0.57717943,0.0995888039469719,0.9880596995353699,0.8982491493225098
YGL051W,YIR031C,0,0.5762608,0.09957882016897202,0.9880596995353699,0.8983491659164429
YCL057W,YDL109C,0,0.5753043,0.09956883639097214,0.9880596995353699,0.8984492421150208
YMR262W,YLR201C,0,0.5740181,0.09955885261297226,0.9880596995353699,0.8985492587089539
YMR051C,YNL151C,0,0.57387894,0.09954886883497238,0.9880596995353699,0.8986493349075317
YJL171C,YNL173C,0,0.5737142,0.0995388925075531,0.9880596995353699,0.8987493515014648
YBR090C-A,YBR010W,1,0.5734893,0.09962914884090424,0.9890547394752502,0.8987493515014648
YJR073C,YIR037W,0,0.57293344,0.09961916506290436,0.9890547394752502,0.8988494277000427
YPL150W,YEL036C,0,0.57273155,0.09960918128490448,0.9890547394752502,0.8989495038986206
YJL189W,YGR272C,0,0.571826,0.0995991975069046,0.9890547394752502,0.8990495204925537
YFL035C,YPL018W,0,0.5718249,0.09958922117948532,0.9890547394752502,0.8991495966911316
YBR156C,YMR033W,0,0.5703397,0.09957924485206604,0.9890547394752502,0.8992496132850647
YMR090W,YMR035W,0,0.5691501,0.09956926852464676,0.9890547394752502,0.8993496894836426
YCR024C,YHL008C,0,0.56841385,0.09955929219722748,0.9890547394752502,0.8994497060775757
YNR010W,YHR139C,0,0.5683077,0.0995493233203888,0.9890547394752502,0.8995497822761536
YDL134C-A,YDR389W,0,0.5679451,0.09953935444355011,0.9890547394752502,0.8996497988700867
YDL080C,YML037C,0,0.5674857,0.09952938556671143,0.9890547394752502,0.8997498750686646
YOL010W,YNL122C,0,0.5669833,0.09951942414045334,0.9890547394752502,0.8998499512672424
YPR204W,YNL080C,0,0.56695443,0.09950946271419525,0.9890547394752502,0.8999499678611755
YNL335W,YLR164W,0,0.566825,0.09949950128793716,0.9890547394752502,0.9000500440597534
YDR019C,YGL206C,0,0.5661778,0.09948953986167908,0.9890547394752502,0.9001500606536865
YBR055C,YBR026C,0,0.5654137,0.09947958588600159,0.9890547394752502,0.9002501368522644
YKL109W,YDR387C,0,0.5653125,0.0994696319103241,0.9890547394752502,0.9003501534461975
YGL226C-A,YHR020W,0,0.56496644,0.0994596779346466,0.9890547394752502,0.9004502296447754
YFL035C-B,YMR061W,0,0.5644029,0.09944972395896912,0.9890547394752502,0.9005502462387085
YPR041W,YFL011W-A,0,0.5635176,0.09943977743387222,0.9890547394752502,0.9006503224372864
YDL038C,YHR036W,0,0.561828,0.09942983090877533,0.9890547394752502,0.9007503986358643
YCL012W,YAL030W,0,0.5613334,0.09941988438367844,0.9890547394752502,0.9008504152297974
YFR031C-A,YDR023W,0,0.5609044,0.09940993785858154,0.9890547394752502,0.9009504914283752
YML032C,YJL164C,0,0.5607987,0.09939999878406525,0.9890547394752502,0.9010505080223083
YAL030W,YDR248C,0,0.55898786,0.09939005970954895,0.9890547394752502,0.9011505842208862
YLR194C,YLR039C,0,0.55871457,0.09938012063503265,0.9890547394752502,0.9012506008148193
YDR507C,YNL138W-A,0,0.5576993,0.09937018901109695,0.9890547394752502,0.9013506770133972
YPL196W,YIL037C,0,0.55562925,0.09936025738716125,0.9890547394752502,0.9014507532119751
YJL171C,YFL049W,0,0.55547273,0.09935032576322556,0.9890547394752502,0.9015507698059082
YHL011C,YOR338W,0,0.5540854,0.09934039413928986,0.9890547394752502,0.9016508460044861
YHR039C-A,YCR087C-A,0,0.55402976,0.09933046996593475,0.9890547394752502,0.9017508625984192
YOR076C,YHR157W,0,0.55398595,0.09932054579257965,0.9890547394752502,0.9018509387969971
YKR102W,YKR075C,0,0.5524814,0.09931062161922455,0.9890547394752502,0.9019509553909302
YMR192W,YKL199C,0,0.5502899,0.09930069744586945,0.9890547394752502,0.9020510315895081
YDR109C,YOR142W,0,0.54896575,0.09929078072309494,0.9890547394752502,0.9021510481834412
YJL004C,YDR138W,0,0.548269,0.09928086400032043,0.9890547394752502,0.902251124382019
YER002W,YHR059W,0,0.5472937,0.09927094727754593,0.9890547394752502,0.9023512005805969
YDR312W,YCL012W,0,0.54717803,0.09926103800535202,0.9890547394752502,0.90245121717453
YCL012W,YER115C,0,0.5471486,0.09925112128257751,0.9890547394752502,0.9025512933731079
YML106W,YJR015W,0,0.5470909,0.0992412120103836,0.9890547394752502,0.902651309967041
YDR109C,YGR296W,0,0.546594,0.0992313101887703,0.9890547394752502,0.9027513861656189
YHR035W,YNR007C,0,0.54621065,0.09922140091657639,0.9890547394752502,0.902851402759552
YHR052W,YKR048C,0,0.54607284,0.09921149909496307,0.9890547394752502,0.9029514789581299
YLR448W,YKL033W,0,0.54581517,0.09920159727334976,0.9890547394752502,0.9030515551567078
YDR403W,YER103W,0,0.5456945,0.09919169545173645,0.9890547394752502,0.9031515717506409
YNL054W-B,YAL008W,0,0.5453241,0.09918180108070374,0.9890547394752502,0.9032516479492188
YBR061C,YLR312C-B,0,0.5452156,0.09917190670967102,0.9890547394752502,0.9033516645431519
YDR005C,YLR343W,0,0.5442608,0.0991620123386383,0.9890547394752502,0.9034517407417297
YCR097WB,YER102W,0,0.5421102,0.09915211796760559,0.9890547394752502,0.9035517573356628
YKL170W,YHR044C,0,0.5418222,0.09914223104715347,0.9890547394752502,0.9036518335342407
YMR292W,YCR016W,0,0.5417533,0.09913234412670135,0.9890547394752502,0.9037518501281738
YGL231C,YBR009C,0,0.54118264,0.09912245720624924,0.9890547394752502,0.9038519263267517
YOR078W,YOR272W,0,0.5409263,0.09911257028579712,0.9890547394752502,0.9039520025253296
YER159C-A,YHR001W-A,0,0.5409241,0.0991026908159256,0.9890547394752502,0.9040520191192627
YDR436W,YFL011W-A,0,0.5408397,0.09909281134605408,0.9890547394752502,0.9041520953178406
YNL335W,YDR242W,0,0.5406191,0.09908293187618256,0.9890547394752502,0.9042521119117737
YHR023W,YDL136W,0,0.54030037,0.09907305985689163,0.9890547394752502,0.9043521881103516
YPL026C,YMR204C,0,0.53940994,0.09906318783760071,0.9890547394752502,0.9044522047042847
YNL202W,YBR023C,0,0.5388353,0.09905331581830978,0.9890547394752502,0.9045522809028625
YLL062C,YBR128C,0,0.5385008,0.09904344379901886,0.9890547394752502,0.9046522974967957
YPR035W,YLR181C,0,0.53757215,0.09903357923030853,0.9890547394752502,0.9047523736953735
YBR156C,YNL246W,0,0.5375629,0.09902370721101761,0.9890547394752502,0.9048524498939514
YKR059W,YPL189W,0,0.5372564,0.09901384264230728,0.9890547394752502,0.9049524664878845
YLR154W-A,YLR324W,0,0.5360378,0.09900398552417755,0.9890547394752502,0.9050525426864624
YJL089W,YPL113C,0,0.5354002,0.09899412095546722,0.9890547394752502,0.9051525592803955
YER096W,YCL043C,0,0.53465116,0.0989842638373375,0.9890547394752502,0.9052526354789734
YBR090C-A,YOR038C,1,0.5344743,0.09907398372888565,0.9900497794151306,0.9052526354789734
YBR009C,YER137C,0,0.53428596,0.09906411916017532,0.9900497794151306,0.9053526520729065
YMR315W,YOL096C,0,0.5336582,0.099054254591465,0.9900497794151306,0.9054527282714844
YOR266W,YMR015C,0,0.5330371,0.09904439747333527,0.9900497794151306,0.9055528044700623
YOR265W,YKL143W,0,0.5313504,0.09903454035520554,0.9900497794151306,0.9056528210639954
YDR316W-B,YNL185C,0,0.53106135,0.0990246832370758,0.9900497794151306,0.9057528972625732
YDR527W,YCL003W,0,0.5310479,0.09901482611894608,0.9900497794151306,0.9058529138565063
YOR242C,YIL008W,0,0.52981746,0.09900497645139694,0.9900497794151306,0.9059529900550842
YGL211W,YGL046W,0,0.52943814,0.09899512678384781,0.9900497794151306,0.9060530066490173
YBR205W,YER140W,0,0.52922046,0.09898527711629868,0.9900497794151306,0.9061530828475952
YJL156C,YLR312C-B,0,0.5279201,0.09897542744874954,0.9900497794151306,0.9062530994415283
YHR210C,YOR363C,0,0.52766466,0.098965585231781,0.9900497794151306,0.9063531756401062
YDL119C,YHR009C,0,0.5270756,0.09895574301481247,0.9900497794151306,0.9064532518386841
YKL093W,YCL067C,0,0.52520734,0.09894590079784393,0.9900497794151306,0.9065532684326172
YOR025W,YPL196W,0,0.5246893,0.098936066031456,0.9900497794151306,0.9066533446311951
YBR090C-A,YCL061C,1,0.52464294,0.0990256518125534,0.9910447597503662,0.9066533446311951
YDL012C,YER173W,0,0.524142,0.09901580959558487,0.9910447597503662,0.9067533612251282
YFL035C,YKL028W,0,0.5236062,0.09900596737861633,0.9910447597503662,0.906853437423706
YOR297C,YPR063C,0,0.52325296,0.0989961251616478,0.9910447597503662,0.9069534540176392
YKL015W,YKL088W,0,0.5231101,0.09898628294467926,0.9910447597503662,0.907053530216217
YCL064C,YHR029C,0,0.522875,0.09897644817829132,0.9910447597503662,0.9071536064147949
YPR158C-D,YGR162W,0,0.52260935,0.09896661341190338,0.9910447597503662,0.907253623008728
YDL031W,YLR172C,0,0.52200085,0.09895677864551544,0.9910447597503662,0.9073536992073059
YOR358W,YNL194C,0,0.52099967,0.0989469513297081,0.9910447597503662,0.907453715801239
YNL175C,YKL191W,0,0.51992863,0.09893712401390076,0.9910447597503662,0.9075537919998169
YFL014W,YOL125W,0,0.5175129,0.09892729669809341,0.9910447597503662,0.90765380859375
YFR018C,YIL046W,0,0.516516,0.09891746938228607,0.9910447597503662,0.9077538847923279
YLR276C,YPR114W,0,0.51530886,0.09890764951705933,0.9910447597503662,0.907853901386261
YLR164W,YKL126W,0,0.5147314,0.09889782220125198,0.9910447597503662,0.9079539775848389
YKL064W,YCL060C,0,0.5124231,0.09888800978660583,0.9910447597503662,0.9080540537834167
YOR291W,YML081C-A,0,0.5123517,0.09887818992137909,0.9910447597503662,0.9081540703773499
YLR411W,YKR096W,0,0.51203614,0.09886837750673294,0.9910447597503662,0.9082541465759277
YEL070W,YIR031C,0,0.5113007,0.0988585576415062,0.9910447597503662,0.9083541631698608
YLL024C,YDR228C,0,0.51108265,0.09884875267744064,0.9910447597503662,0.9084542393684387
YPL137C,YLR048W,0,0.5104205,0.0988389402627945,0.9910447597503662,0.9085542559623718
YDL022W,YNL233W,0,0.51017123,0.09882913529872894,0.9910447597503662,0.9086543321609497
YLL043W,YMR015C,0,0.5101524,0.09881933033466339,0.9910447597503662,0.9087543487548828
YJL081C,YOR287C,0,0.5090076,0.09880952537059784,0.9910447597503662,0.9088544249534607
YJL208C,YGR071C,0,0.5080962,0.09879972040653229,0.9910447597503662,0.9089545011520386
YGL196W,YDR065W,0,0.5077873,0.09878992289304733,0.9910447597503662,0.9090545177459717
YNR053C,YDR239C,0,0.5075487,0.09878012537956238,0.9910447597503662,0.9091545939445496
YKL053C-A,YML018C,0,0.5068971,0.09877032786607742,0.9910447597503662,0.9092546105384827
YKL185W,YDR300C,0,0.50681096,0.09876053780317307,0.9910447597503662,0.9093546867370605
YNL010W,YJR139C,0,0.50665885,0.09875074028968811,0.9910447597503662,0.9094547033309937
YMR160W,YLR005W,0,0.5063171,0.09874095022678375,0.9910447597503662,0.9095547795295715
YLR328W,YMR315W,0,0.5043144,0.09873116761445999,0.9910447597503662,0.9096548557281494
YMR268W-A,YPR072W,0,0.50335324,0.09872137755155563,0.9910447597503662,0.9097548723220825
YNL111C,YER090W,0,0.5031809,0.09871159493923187,0.9910447597503662,0.9098549485206604
YNL162W,YLR009W,0,0.50269353,0.09870181232690811,0.9910447597503662,0.9099549651145935
YCR009C,YIR014W,0,0.50261384,0.09869202971458435,0.9910447597503662,0.9100550413131714
YNL284C-B,YLR292C,0,0.5016285,0.09868225455284119,0.9910447597503662,0.9101550579071045
YNR002C,YJL056C,0,0.5008073,0.09867247939109802,0.9910447597503662,0.9102551341056824
YNL188W,YNR018W,0,0.50047106,0.09866270422935486,0.9910447597503662,0.9103551506996155
YOL086W-A,YDL225W,0,0.500471,0.0986529290676117,0.9910447597503662,0.9104552268981934
YHR214W,YJR151C,0,0.50034034,0.09864316135644913,0.9910447597503662,0.9105553030967712
YPL189C-A,YBL098W,0,0.50021017,0.09863339364528656,0.9910447597503662,0.9106553196907043
YLR067C,YMR015C,0,0.49907532,0.09862362593412399,0.9910447597503662,0.9107553958892822
YLR391W,YNL188W,0,0.4975266,0.09861385822296143,0.9910447597503662,0.9108554124832153
YDL140C,YCL060C,1,0.49630252,0.09870310127735138,0.9920397996902466,0.9108554124832153
YOR292C,YOR386W,0,0.49593464,0.09869332611560822,0.9920397996902466,0.9109554886817932
YCL047C,YGL090W,0,0.49434814,0.09868355840444565,0.9920397996902466,0.9110555052757263
YER083C,YNL181W,0,0.4941494,0.09867379069328308,0.9920397996902466,0.9111555814743042
YPL179W,YJL048C,0,0.494018,0.09866403043270111,0.9920397996902466,0.9112555980682373
YHL012W,YOR236W,0,0.4933099,0.09865426272153854,0.9920397996902466,0.9113556742668152
YNR021W,YCL066W,0,0.492786,0.09864450246095657,0.9920397996902466,0.9114557504653931
YPL189C-A,YKL180W,0,0.490752,0.0986347422003746,0.9920397996902466,0.9115557670593262
YIL030C,YMR046C,0,0.49035853,0.09862498939037323,0.9920397996902466,0.911655843257904
YOL061W,YNL217W,0,0.4895699,0.09861522912979126,0.9920397996902466,0.9117558598518372
YGL163C,YCL060C,1,0.48762912,0.09870438277721405,0.993034839630127,0.9117558598518372
YFL002W-A,YHR082C,0,0.48750064,0.09869462251663208,0.993034839630127,0.911855936050415
YDR170W-A,YLR276C,0,0.48737532,0.09868486225605011,0.993034839630127,0.9119559526443481
YGR283C,YGL083W,0,0.48728848,0.09867510199546814,0.993034839630127,0.912056028842926
YJL069C,YNL286W,0,0.48724666,0.09866534918546677,0.993034839630127,0.9121561050415039
YER150W,YKL013C,0,0.48573834,0.0986555963754654,0.993034839630127,0.912256121635437
YPL274W,YLR175W,0,0.4844687,0.09864584356546402,0.993034839630127,0.9123561978340149
YCR014C,YAR009C,0,0.48265758,0.09863609075546265,0.993034839630127,0.912456214427948
YGL010W,YDR236C,0,0.48258656,0.09862634539604187,0.993034839630127,0.9125562906265259
YDR239C,YGR246C,0,0.48223442,0.0986166000366211,0.993034839630127,0.912656307220459
YOR359W,YNL061W,0,0.4821452,0.09860685467720032,0.993034839630127,0.9127563834190369
YHL036W,YOR071C,0,0.48083967,0.09859711676836014,0.993034839630127,0.91285640001297
YHR079C,YER137C-A,0,0.47820497,0.09858737885951996,0.993034839630127,0.9129564762115479
YJR155W,YER020W,0,0.47717544,0.09857764095067978,0.993034839630127,0.9130565524101257
YAL059W,YGR035C,0,0.47603008,0.0985679030418396,0.993034839630127,0.9131565690040588
YCL060C,YBR088C,1,0.47549167,0.09865692257881165,0.9940298795700073,0.9131565690040588
YFL018W-A,YFL039C,0,0.47536004,0.09864717721939087,0.9940298795700073,0.9132566452026367
YNL304W,YFR053C,0,0.47516692,0.09863743931055069,0.9940298795700073,0.9133566617965698
YGR006W,YMR087W,0,0.47516122,0.09862770140171051,0.9940298795700073,0.9134567379951477
YOL038W,YIL108W,0,0.47475165,0.09861796349287033,0.9940298795700073,0.9135567545890808
YDL220C,YLR356W,0,0.47314578,0.09860823303461075,0.9940298795700073,0.9136568307876587
YBR271W,YGR072W,0,0.47070342,0.09859850257635117,0.9940298795700073,0.9137569069862366
YOR192C-B,YER154W,0,0.47041386,0.09858877211809158,0.9940298795700073,0.9138569235801697
YDR026C,YML015C,0,0.47026107,0.098579041659832,0.9940298795700073,0.9139569997787476
YPL168W,YLR105C,0,0.46944028,0.09856931120157242,0.9940298795700073,0.9140570163726807
YHR214C-B,YLR004C,0,0.4686037,0.09855958819389343,0.9940298795700073,0.9141570925712585
YKL038W,YPL151C,0,0.46792802,0.09854986518621445,0.9940298795700073,0.9142571091651917
YGR272C,YBR131W,0,0.46614042,0.09854014962911606,0.9940298795700073,0.9143571853637695
YOR110W,YPR097W,0,0.46581006,0.09853042662143707,0.9940298795700073,0.9144572019577026
YNL122C,YOR167C,0,0.46483904,0.09852071106433868,0.9940298795700073,0.9145572781562805
YFR018C,YLR223C,0,0.4632761,0.0985109955072403,0.9940298795700073,0.9146573543548584
YDL211C,YDL045W-A,0,0.46213847,0.0985012799501419,0.9940298795700073,0.9147573709487915
YML018C,YAL033W,0,0.45977825,0.09849157184362411,0.9940298795700073,0.9148574471473694
YJL066C,YDL021W,0,0.45973092,0.09848186373710632,0.9940298795700073,0.9149574637413025
YEL038W,YCR097WB,0,0.45793968,0.09847215563058853,0.9940298795700073,0.9150575399398804
YOR337W,YOL029C,0,0.45768845,0.09846244752407074,0.9940298795700073,0.9151575565338135
YJL149W,YJR049C,0,0.45580316,0.09845274686813354,0.9940298795700073,0.9152576327323914
YPL186C,YGR099W,0,0.45540753,0.09844304621219635,0.9940298795700073,0.9153576493263245
YHL027W,YJL144W,0,0.45346195,0.09843334555625916,0.9940298795700073,0.9154577255249023
YPR158C-D,YBL090W,0,0.45270017,0.09842364490032196,0.9940298795700073,0.9155578017234802
YPR158C-C,YHR035W,0,0.45270017,0.09841395169496536,0.9940298795700073,0.9156578183174133
YBR142W,YER074W,0,0.4525532,0.09840425848960876,0.9940298795700073,0.9157578945159912
YLR154W-A,YPL161C,0,0.4514354,0.09839456528425217,0.9940298795700073,0.9158579111099243
YOR138C,YLR356W,0,0.4509136,0.09838487207889557,0.9940298795700073,0.9159579873085022
YCR005C,YNL073W,0,0.45087665,0.09837518632411957,0.9940298795700073,0.9160580039024353
YCR097WB,YPL110C,0,0.45059317,0.09836550056934357,0.9940298795700073,0.9161580801010132
YOR343W-B,YDR422C,0,0.44922283,0.09835581481456757,0.9940298795700073,0.9162581562995911
YIL013C,YNR004W,0,0.44903746,0.09834612905979156,0.9940298795700073,0.9163581728935242
YNL261W,YEL039C,0,0.4489271,0.09833645075559616,0.9940298795700073,0.916458249092102
YFL014W,YBR198C,0,0.44837868,0.09832677245140076,0.9940298795700073,0.9165582656860352
YOR359W,YNR053C,0,0.44791207,0.09831709414720535,0.9940298795700073,0.916658341884613
YJL006C,YPL188W,0,0.4477711,0.09830742329359055,0.9940298795700073,0.9167583584785461
YDL160C,YNL008C,0,0.44745067,0.09829774498939514,0.9940298795700073,0.916858434677124
YJL066C,YLL013C,0,0.44456738,0.09828807413578033,0.9940298795700073,0.9169584512710571
YNL086W,YPR134W,0,0.4444763,0.09827840328216553,0.9940298795700073,0.917058527469635
YHR069C,YER090W,0,0.4443153,0.09826873987913132,0.9940298795700073,0.9171586036682129
YHR136C,YDR367W,0,0.4433553,0.0982590764760971,0.9940298795700073,0.917258620262146
YLR278C,YIL170W,0,0.4429583,0.0982494130730629,0.9940298795700073,0.9173586964607239
YCL060C,YBL003C,1,0.44291964,0.09833808988332748,0.9950248599052429,0.9173586964607239
YPR137C-B,YGR106C,0,0.44150153,0.09832841902971268,0.9950248599052429,0.917458713054657
YKL064W,YDL012C,0,0.44040877,0.09831874817609787,0.9950248599052429,0.9175587892532349
YGL186C,YKR056W,0,0.44037312,0.09830908477306366,0.9950248599052429,0.917658805847168
YPL100W,YIL170W,0,0.4391029,0.09829942137002945,0.9950248599052429,0.9177588820457458
YGR220C,YOR338W,0,0.43876523,0.09828975796699524,0.9950248599052429,0.9178589582443237
YPL058C,YKR102W,0,0.43855947,0.09828009456396103,0.9950248599052429,0.9179589748382568
YMR078C,YER087C-A,0,0.43789744,0.09827043861150742,0.9950248599052429,0.9180590510368347
YCR097WB,YCL069W,0,0.4375062,0.0982607826590538,0.9950248599052429,0.9181590676307678
YER005W,YDR261W-A,0,0.43647742,0.09825112670660019,0.9950248599052429,0.9182591438293457
YDL166C,YBR238C,0,0.4351233,0.09824147820472717,0.9950248599052429,0.9183591604232788
YDR342C,YML018C,0,0.43475512,0.09823182970285416,0.9950248599052429,0.9184592366218567
YLR175W,YJR101W,0,0.43172407,0.09822218120098114,0.9950248599052429,0.9185592532157898
YBL005W-B,YGR222W,0,0.4316137,0.09821253269910812,0.9950248599052429,0.9186593294143677
YDR316W-B,YDR503C,0,0.43037316,0.09820288419723511,0.9950248599052429,0.9187594056129456
YFR050C,YBR273C,0,0.4302356,0.09819324314594269,0.9950248599052429,0.9188594222068787
YGL037C,YKL049C,1,0.4293717,0.09828178584575653,0.9960198998451233,0.9188594222068787
YGL103W,YNL286W,0,0.42876112,0.09827213734388351,0.9960198998451233,0.9189594984054565
YOR206W,YKL056C,0,0.42835557,0.0982624888420105,0.9960198998451233,0.9190595149993896
YFL026W,YOR244W,0,0.42795983,0.09825284779071808,0.9960198998451233,0.9191595911979675
YNL076W,YCL068C,0,0.42795825,0.09824320673942566,0.9960198998451233,0.9192596077919006
YHR033W,YGL141W,0,0.42789763,0.09823356568813324,0.9960198998451233,0.9193596839904785
YDL110C,YLR283W,0,0.42761815,0.09822392463684082,0.9960198998451233,0.9194597005844116
YCL060C,YDR470C,0,0.42704007,0.0982142835855484,0.9960198998451233,0.9195597767829895
YCR097WB,YHR165C,0,0.42567194,0.09820464998483658,0.9960198998451233,0.9196598529815674
YOR230W,YHR202W,0,0.42543364,0.09819501638412476,0.9960198998451233,0.9197598695755005
YLR343W,YKR058W,0,0.42389005,0.09818538278341293,0.9960198998451233,0.9198599457740784
YDR472W,YMR169C,0,0.42358994,0.09817575663328171,0.9960198998451233,0.9199599623680115
YGR062C,YNR004W,0,0.4208155,0.09816613048315048,0.9960198998451233,0.9200600385665894
YPL150W,YDR229W,0,0.4200461,0.09815650433301926,0.9960198998451233,0.9201600551605225
YER137C-A,YBL007C,0,0.41952336,0.09814687818288803,0.9960198998451233,0.9202601313591003
YKL011C,YAR002C-A,0,0.41819602,0.0981372520327568,0.9960198998451233,0.9203602075576782
YMR282C,YFL035C-B,0,0.4181404,0.09812763333320618,0.9960198998451233,0.9204602241516113
YDR244W,YNL054W-A,0,0.41609305,0.09811801463365555,0.9960198998451233,0.9205603003501892
YOR343W-B,YDL070W,0,0.41582984,0.09810839593410492,0.9960198998451233,0.9206603169441223
YER127W,YDL130W,0,0.41559792,0.09809878468513489,0.9960198998451233,0.9207603931427002
YNL208W,YLR382C,0,0.41466403,0.09808917343616486,0.9960198998451233,0.9208604097366333
YGR283C,YGR072W,0,0.41451907,0.09807956218719482,0.9960198998451233,0.9209604859352112
YLR391W,YML115C,0,0.41236913,0.09806995093822479,0.9960198998451233,0.9210605025291443
YLR158C,YDR380W,0,0.41181707,0.09806034713983536,0.9960198998451233,0.9211605787277222
YLR035C-A,YOR019W,0,0.41170567,0.09805073589086533,0.9960198998451233,0.9212606549263
YAR044W,YJL071W,0,0.41155297,0.09804113954305649,0.9960198998451233,0.9213606715202332
YAR009C,YKR007W,0,0.41144747,0.09803153574466705,0.9960198998451233,0.921460747718811
YMR105C,YOL136C,0,0.41079465,0.09802193194627762,0.9960198998451233,0.9215607643127441
YMR117C,YMR321C,0,0.41072172,0.09801233559846878,0.9960198998451233,0.921660840511322
YOL121C,YDR465C,0,0.40960586,0.09800273925065994,0.9960198998451233,0.9217608571052551
YGL231C,YDR079W,0,0.4091598,0.0979931503534317,0.9960198998451233,0.921860933303833
YMR171C,YDL129W,0,0.409046,0.09798355400562286,0.9960198998451233,0.9219610095024109
YGR027W-B,YLR361C,0,0.40850645,0.09797396510839462,0.9960198998451233,0.922061026096344
YHR058C,YLL055W,0,0.40672743,0.09796437621116638,0.9960198998451233,0.9221611022949219
YAL011W,YCL060C,1,0.40643072,0.09805265069007874,0.9970149397850037,0.9221611022949219
YHL009W-B,YNL310C,0,0.40513733,0.0980430543422699,0.9970149397850037,0.922261118888855
YOR374W,YLL055W,0,0.403671,0.09803345799446106,0.9970149397850037,0.9223611950874329
YDR098C-A,YOR026W,0,0.40280896,0.09802386909723282,0.9970149397850037,0.922461211681366
YCR052W,YDR034C-C,0,0.4002229,0.09801428020000458,0.9970149397850037,0.9225612878799438
YFL017W-A,YER137C,0,0.39999053,0.09800469130277634,0.9970149397850037,0.922661304473877
YDR365W-A,YDL033C,0,0.3997048,0.09799510985612869,0.9970149397850037,0.9227613806724548
YLL057C,YLR040C,0,0.399037,0.09798552840948105,0.9970149397850037,0.9228614568710327
YHR030C,YBR214W,0,0.39846653,0.0979759469628334,0.9970149397850037,0.9229614734649658
YFR045W,YBR260C,0,0.398367,0.09796636551618576,0.9970149397850037,0.9230615496635437
YJL012C-A,YOR043W,0,0.39601958,0.09795679152011871,0.9970149397850037,0.9231615662574768
YHR210C,YDR111C,0,0.39582244,0.09794721752405167,0.9970149397850037,0.9232616424560547
YER137C-A,YFR031C,0,0.39558885,0.09793764352798462,0.9970149397850037,0.9233616590499878
YMR282C,YLR391W-A,0,0.39354092,0.09792806953191757,0.9970149397850037,0.9234617352485657
YNL271C,YDR056C,0,0.39273858,0.09791849553585052,0.9970149397850037,0.9235617518424988
YBR182C,YDL204W,0,0.39263973,0.09790892899036407,0.9970149397850037,0.9236618280410767
YJR078W,YJR107W,0,0.3921089,0.09789936244487762,0.9970149397850037,0.9237619042396545
YAL026C,YBR100W,0,0.3919539,0.09788980334997177,0.9970149397850037,0.9238619208335876
YPR138C,YMR015C,0,0.39075089,0.09788023680448532,0.9970149397850037,0.9239619970321655
YBR058C-A,YJR149W,0,0.39069337,0.09787067770957947,0.9970149397850037,0.9240620136260986
YLR391W-A,YGL223C,0,0.38986605,0.09786111861467361,0.9970149397850037,0.9241620898246765
YNR071C,YML099C,0,0.3867612,0.09785155951976776,0.9970149397850037,0.9242621064186096
YNL036W,YGR012W,0,0.38625142,0.0978420078754425,0.9970149397850037,0.9243621826171875
YDR239C,YER040W,0,0.38621342,0.09783245623111725,0.9970149397850037,0.9244622588157654
YLR391W,YER103W,0,0.3849105,0.09782290458679199,0.9970149397850037,0.9245622754096985
YJR109C,YFR031C-A,0,0.3838755,0.09781335294246674,0.9970149397850037,0.9246623516082764
YGL031C,YHR020W,0,0.3829091,0.09780380874872208,0.9970149397850037,0.9247623682022095
YNL092W,YBL103C,0,0.38233584,0.09779426455497742,0.9970149397850037,0.9248624444007874
YKL100C,YKL192C,0,0.38178405,0.09778472036123276,0.9970149397850037,0.9249624609947205
YBR222C,YLR040C,0,0.3790956,0.0977751761674881,0.9970149397850037,0.9250625371932983
YHL009W-B,YNL078W,0,0.37843162,0.09776563197374344,0.9970149397850037,0.9251625537872314
YOR251C,YJL079C,0,0.3782819,0.09775609523057938,0.9970149397850037,0.9252626299858093
YGR103W,YLR391W,0,0.3764144,0.09774655848741531,0.9970149397850037,0.9253627061843872
YER041W,YMR087W,0,0.37637335,0.09773702919483185,0.9970149397850037,0.9254627227783203
YGR229C,YGR272C,0,0.37570918,0.09772749245166779,0.9970149397850037,0.9255627989768982
YOR192C-B,YDR158W,0,0.37492913,0.09771796315908432,0.9970149397850037,0.9256628155708313
YJR076C,YCL026C-B,0,0.37469175,0.09770843386650085,0.9970149397850037,0.9257628917694092
YPL221W,YDR261W-A,0,0.3746794,0.09769890457391739,0.9970149397850037,0.9258629083633423
YLR227W-B,YBR176W,0,0.37170345,0.09768938273191452,0.9970149397850037,0.9259629845619202
YIR004W,YJL062W-A,0,0.37105072,0.09767986088991165,0.9970149397850037,0.926063060760498
YLR391W-A,YKL089W,0,0.36861745,0.09767033904790878,0.9970149397850037,0.9261630773544312
YDR098C-B,YOR262W,0,0.36849362,0.09766081720590591,0.9970149397850037,0.926263153553009
YDR380W,YDR261W-A,0,0.3682471,0.09765130281448364,0.9970149397850037,0.9263631701469421
YPR163C,YCL059C,0,0.36760226,0.09764178842306137,0.9970149397850037,0.92646324634552
YAL002W,YGR109W-A,0,0.36750764,0.0976322740316391,0.9970149397850037,0.9265632629394531
YDL189W,YIL017W,0,0.36663923,0.09762275964021683,0.9970149397850037,0.926663339138031
YML081C-A,YGL039W,0,0.36647165,0.09761324524879456,0.9970149397850037,0.9267633557319641
YBL098W,YMR099C,0,0.3651535,0.09760373830795288,0.9970149397850037,0.926863431930542
YPL056C,YGL209W,0,0.36453566,0.0975942313671112,0.9970149397850037,0.9269635081291199
YLR391W-A,YLR452C,0,0.364379,0.09758473187685013,0.9970149397850037,0.927063524723053
YLR337W,YPR054W,0,0.36420903,0.09757522493600845,0.9970149397850037,0.9271636009216309
YOL116W,YJL114W,0,0.3636753,0.09756572544574738,0.9970149397850037,0.927263617515564
YHR033W,YAL011W,0,0.36298758,0.0975562259554863,0.9970149397850037,0.9273636937141418
YER184C,YPR003C,0,0.36271256,0.09754672646522522,0.9970149397850037,0.927463710308075
YOR396W,YKR058W,0,0.36115515,0.09753723442554474,0.9970149397850037,0.9275637865066528
YBR087W,YLR312C-B,0,0.36097062,0.09752774238586426,0.9970149397850037,0.9276638031005859
YBL100W-B,YMR237W,0,0.36078742,0.09751825034618378,0.9970149397850037,0.9277638792991638
YKL100C,YLR260W,0,0.36056593,0.0975087583065033,0.9970149397850037,0.9278639554977417
YNL162W,YDR397C,0,0.35938963,0.09749927371740341,0.9970149397850037,0.9279639720916748
YGR036C,YHR009C,0,0.35937554,0.09748978167772293,0.9970149397850037,0.9280640482902527
YOL019W,YGR122W,0,0.35924056,0.09748029708862305,0.9970149397850037,0.9281640648841858
YOR348C,YJR118C,0,0.35922593,0.09747081995010376,0.9970149397850037,0.9282641410827637
YPL058C,YOR304W,0,0.35854888,0.09746133536100388,0.9970149397850037,0.9283641576766968
YCL060C,YOR388C,0,0.3579241,0.09745185822248459,0.9970149397850037,0.9284642338752747
YMR268W-A,YGR252W,0,0.35728306,0.0974423810839653,0.9970149397850037,0.9285643100738525
YBL098W,YNL176C,0,0.35710892,0.09743290394544601,0.9970149397850037,0.9286643266677856
YFR024C,YDR072C,0,0.35679096,0.09742343425750732,0.9970149397850037,0.9287644028663635
YGR055W,YNR032C-A,0,0.3554721,0.09741395711898804,0.9970149397850037,0.9288644194602966
YKR008W,YCL060C,1,0.3516953,0.09750170260667801,0.998009979724884,0.9288644194602966
YFL014W,YKL130C,0,0.351173,0.09749222546815872,0.998009979724884,0.9289644956588745
YOR019W,YIL034C,0,0.34944713,0.09748274832963943,0.998009979724884,0.9290645122528076
YNL054W-A,YML092C,0,0.34889144,0.09747327864170074,0.998009979724884,0.9291645884513855
YIL090W,YCL060C,0,0.34874573,0.09746380150318146,0.998009979724884,0.9292646050453186
YHR039C-B,YMR115W,0,0.3478872,0.09745433181524277,0.998009979724884,0.9293646812438965
YPL068C,YJL168C,0,0.34770063,0.09744486212730408,0.998009979724884,0.9294647574424744
YFL066C,YJR149W,0,0.34766763,0.09743539988994598,0.998009979724884,0.9295647740364075
YDR281C,YLR186W,0,0.34693033,0.09742593765258789,0.998009979724884,0.9296648502349854
YDR111C,YLL055W,0,0.3466186,0.0974164754152298,0.998009979724884,0.9297648668289185
YKL197C,YDL038C,0,0.34584463,0.0974070131778717,0.998009979724884,0.9298649430274963
YML032C,YDR261W-A,0,0.34501147,0.09739755094051361,0.998009979724884,0.9299649596214294
YLR043C,YNL286W,0,0.34384394,0.09738809615373611,0.998009979724884,0.9300650358200073
YMR122W-A,YMR287C,0,0.34379753,0.09737864136695862,0.998009979724884,0.9301651120185852
YPR158C-C,YDR044W,0,0.343553,0.09736918658018112,0.998009979724884,0.9302651286125183
YPR026W,YNL115C,0,0.34165844,0.09735973924398422,0.998009979724884,0.9303652048110962
YGR109W-B,YAR035W,0,0.34111345,0.09735028445720673,0.998009979724884,0.9304652214050293
YGR138C,YNL288W,0,0.34072703,0.09734083712100983,0.998009979724884,0.9305652976036072
YHR080C,YCL017C,0,0.33901435,0.09733138978481293,0.998009979724884,0.9306653141975403
YKR055W,YOR285W,0,0.3388999,0.09732194989919662,0.998009979724884,0.9307653903961182
YPR167C,YDR330W,0,0.3385448,0.09731250256299973,0.998009979724884,0.9308654069900513
YCL060C,YGL194C,1,0.33842278,0.09740007668733597,0.9990049600601196,0.9308654069900513
YEL030W,YBR100W,0,0.33836177,0.09739062935113907,0.9990049600601196,0.9309654831886292
YNL331C,YLL018C-A,0,0.3374201,0.09738118201494217,0.9990049600601196,0.931065559387207
YGR244C,YDR494W,0,0.33740973,0.09737174212932587,0.9990049600601196,0.9311655759811401
YJL089W,YLR350W,0,0.33709627,0.09736229479312897,0.9990049600601196,0.931265652179718
YLR410W-B,YJR065C,0,0.336972,0.09735285490751266,0.9990049600601196,0.9313656687736511
YIL155C,YOR209C,0,0.33686194,0.09734341502189636,0.9990049600601196,0.931465744972229
YDR415C,YFR025C,0,0.33658347,0.09733398258686066,0.9990049600601196,0.9315657615661621
YDR365W-A,YML043C,0,0.33455622,0.09732454270124435,0.9990049600601196,0.93166583776474
YOR317W,YPR137C-A,0,0.33383477,0.09731511026620865,0.9990049600601196,0.9317658543586731
YDR034C-C,YOR287C,0,0.33239686,0.09730567783117294,0.9990049600601196,0.931865930557251
YDR228C,YJL062W-A,0,0.33157557,0.09729625284671783,0.9990049600601196,0.9319660067558289
YJL098W,YLL045C,0,0.33056194,0.09728682041168213,0.9990049600601196,0.932066023349762
YLR248W,YNL274C,0,0.3289139,0.09727739542722702,0.9990049600601196,0.9321660995483398
YPL058C,YHR202W,0,0.32879043,0.09726797044277191,0.9990049600601196,0.932266116142273
YHL024W,YLR190W,0,0.3284335,0.0972585454583168,0.9990049600601196,0.9323661923408508
YML045W,YMR136W,0,0.32786366,0.09724912792444229,0.9990049600601196,0.9324662089347839
YJR028W,YNL207W,0,0.32670704,0.09723971039056778,0.9990049600601196,0.9325662851333618
YHR184W,YDR120C,0,0.32615545,0.09723029285669327,0.9990049600601196,0.9326663613319397
YNL054W-B,YMR072W,0,0.32408702,0.09722087532281876,0.9990049600601196,0.9327663779258728
YOL086W-A,YKL218C,0,0.32380494,0.09721146523952484,0.9990049600601196,0.9328664541244507
YLR060W,YOR192C-B,0,0.32149428,0.09720205515623093,0.9990049600601196,0.9329664707183838
YHL025W,YCL060C,1,0.31943527,0.09728945046663284,1.0,0.9329664707183838
YCL054W,YLR227W-B,0,0.31549284,0.09728003293275833,1.0,0.9330665469169617
YDR245W,YPL257W-B,0,0.31295806,0.09727061539888382,1.0,0.9331665635108948
YFR024C,YNR060W,0,0.31038764,0.0972612053155899,1.0,0.9332666397094727
YLR058C,YKR095W-A,0,0.30821252,0.0972517877817154,1.0,0.9333666563034058
YDR292C,YLR154W-C,0,0.30813864,0.09724237769842148,1.0,0.9334667325019836
YJR028W,YPL253C,0,0.30801672,0.09723297506570816,1.0,0.9335668087005615
YBR090C-A,YER154W,0,0.3080047,0.09722356498241425,1.0,0.9336668252944946
YGL195W,YHR214C-C,0,0.30765665,0.09721416234970093,1.0,0.9337669014930725
YNL219C,YDR343C,0,0.30739093,0.09720475971698761,1.0,0.9338669180870056
YJR076C,YDL133C-A,0,0.30578944,0.09719535708427429,1.0,0.9339669942855835
YNL132W,YFL011W-A,0,0.30438742,0.09718596190214157,1.0,0.9340670108795166
YLR391W,YGL243W,0,0.30256867,0.09717655926942825,1.0,0.9341670870780945
YMR180C,YNL054W-B,0,0.30242467,0.09716716408729553,1.0,0.9342671632766724
YNL054W-B,YGR084C,0,0.29903626,0.09715776890516281,1.0,0.9343671798706055
YGR057C,YCL026C-B,0,0.29866704,0.09714838117361069,1.0,0.9344672560691833
YPL060W,YMR045C,0,0.29850912,0.09713899344205856,1.0,0.9345672726631165
YIL108W,YFR045W,0,0.2973705,0.09712960571050644,1.0,0.9346673488616943
YOR292C,YDL134C,0,0.29735532,0.09712021797895432,1.0,0.9347673654556274
YFL048C,YOL103W-A,0,0.29654765,0.09711083024740219,1.0,0.9348674416542053
YMR035W,YLR327C,0,0.29537404,0.09710144996643066,1.0,0.9349674582481384
YPL056C,YMR133W,0,0.2945845,0.09709206968545914,1.0,0.9350675344467163
YOR065W,YGR027W-B,0,0.29429248,0.09708268940448761,1.0,0.9351676106452942
YDR316W-B,YGR072W,0,0.29407063,0.09707330912351608,1.0,0.9352676272392273
YKR101W,YBR241C,0,0.29381555,0.09706393629312515,1.0,0.9353677034378052
YOL031C,YDL134C-A,0,0.293261,0.09705456346273422,1.0,0.9354677200317383
YMR040W,YMR087W,0,0.29272497,0.09704519063234329,1.0,0.9355677962303162
YDL045C,YDR090C,0,0.29152384,0.09703581780195236,1.0,0.9356678128242493
YOR240W,YKL061W,0,0.29107067,0.09702645242214203,1.0,0.9357678890228271
YOL103W-B,YNL304W,0,0.28884548,0.0970170870423317,1.0,0.9358679056167603
YLR446W,YML087C,0,0.2886951,0.09700772166252136,1.0,0.9359679818153381
YLL034C,YDL130W-A,0,0.28818983,0.09699835628271103,1.0,0.936068058013916
YIL009W,YDR398W,0,0.2879542,0.09698899835348129,1.0,0.9361680746078491
YCR097WB,YGR047C,0,0.28779808,0.09697964042425156,1.0,0.936268150806427
YPR019W,YIL172C,0,0.28755385,0.09697028249502182,1.0,0.9363681674003601
YLR154W-C,YBR125C,0,0.2864843,0.09696092456579208,1.0,0.936468243598938
YLR141W,YML042W,0,0.2860634,0.09695157408714294,1.0,0.9365682601928711
YLR154W-A,YKL088W,0,0.2841118,0.0969422236084938,1.0,0.936668336391449
YOL157C,YOL023W,0,0.2837103,0.09693287312984467,1.0,0.9367684125900269
YLR154W-C,YMR225C,0,0.2828375,0.09692352265119553,1.0,0.93686842918396
YPR158C-D,YAR010C,0,0.28128067,0.09691417217254639,1.0,0.9369685053825378
YJR029W,YLR364W,0,0.28121653,0.09690482914447784,1.0,0.937068521976471
YDR415C,YDR079W,0,0.27932626,0.0968954861164093,1.0,0.9371685981750488
YJR028W,YKL014C,0,0.27923772,0.09688614308834076,1.0,0.9372686147689819
YDL110C,YHL004W,0,0.2762677,0.09687680751085281,1.0,0.9373686909675598
YPR158C-C,YFL036W,0,0.276148,0.09686747193336487,1.0,0.9374687075614929
YLR058C,YJL033W,0,0.2760713,0.09685813635587692,1.0,0.9375687837600708
YJL189W,YBR075W,0,0.2752701,0.09684880077838898,1.0,0.9376688599586487
YLR154W-A,YDR512C,0,0.2737406,0.09683946520090103,1.0,0.9377688765525818
YHL009W-B,YIR017C,0,0.2734787,0.09683013707399368,1.0,0.9378689527511597
YMR048W,YOR262W,0,0.2728526,0.09682080894708633,1.0,0.9379689693450928
YJL219W,YPL257W-B,0,0.27259672,0.09681148082017899,1.0,0.9380690455436707
YPR158W-B,YDR045C,0,0.27204934,0.09680216014385223,1.0,0.9381690621376038
YGR255C,YLR227W-B,0,0.27204934,0.09679283201694489,1.0,0.9382691383361816
YGR235C,YGL253W,0,0.2707125,0.09678351134061813,1.0,0.9383691549301147
YKL010C,YGL046W,0,0.26977748,0.09677419066429138,1.0,0.9384692311286926
YCR014C,YGR161W-A,0,0.26919186,0.09676487743854523,1.0,0.9385693073272705
YLL062C,YLR004C,0,0.26754835,0.09675555676221848,1.0,0.9386693239212036
YLR058C,YGR024C,0,0.2647395,0.09674624353647232,1.0,0.9387694001197815
YAL020C,YGL122C,0,0.26281175,0.09673693031072617,1.0,0.9388694167137146
YJL149W,YDR261W-A,0,0.2625657,0.09672762453556061,1.0,0.9389694929122925
YHR090C,YKR096W,0,0.26181895,0.09671831130981445,1.0,0.9390695095062256
YEL054C,YCR058C,0,0.26137933,0.0967090055346489,1.0,0.9391695857048035
YPL189W,YFL035C,0,0.26093042,0.09669969975948334,1.0,0.9392696619033813
YBL088C,YDR300C,0,0.2586407,0.09669040143489838,1.0,0.9393696784973145
YMR142C,YDR449C,0,0.25833586,0.09668109565973282,1.0,0.9394697546958923
YGR017W,YFR031C-A,0,0.25493255,0.09667179733514786,1.0,0.9395697712898254
YPR158W-B,YPR188C,0,0.25408974,0.0966624990105629,1.0,0.9396698474884033
YIL128W,YDR098C-A,0,0.25264826,0.09665320068597794,1.0,0.9397698640823364
YDR287W,YBR096W,0,0.25230193,0.09664390981197357,1.0,0.9398699402809143
YCR035C,YLL009C,0,0.2512691,0.09663461893796921,1.0,0.9399699568748474
YPR137C-B,YOL101C,0,0.24950549,0.09662532806396484,1.0,0.9400700330734253
YHR070W,YNR021W,0,0.24938256,0.09661603718996048,1.0,0.9401701092720032
YBR058C-A,YGR122W,0,0.247091,0.09660674631595612,1.0,0.9402701258659363
YLR035C-A,YDL164C,0,0.24649549,0.09659746289253235,1.0,0.9403702020645142
YPL056C,YPR134W,0,0.24607423,0.09658817946910858,1.0,0.9404702186584473
YJR094W-A,YOR240W,0,0.24604604,0.09657889604568481,1.0,0.9405702948570251
YOR106W,YBR100W,0,0.24548635,0.09656962007284164,1.0,0.9406703114509583
YLL034C,YAR010C,0,0.24505618,0.09656033664941788,1.0,0.9407703876495361
YNR045W,YCR097WB,0,0.2428905,0.09655106067657471,1.0,0.940870463848114
YER044C-A,YMR169C,0,0.24214068,0.09654178470373154,1.0,0.9409704804420471
YGR161W-B,YBR153W,0,0.24142098,0.09653251618146896,1.0,0.941070556640625
YDR026C,YMR270C,0,0.2410829,0.0965232402086258,1.0,0.9411705732345581
YPL096C-A,YCR029C-A,0,0.23975043,0.09651397168636322,1.0,0.941270649433136
YDR416W,YFL035C-A,0,0.23524335,0.09650470316410065,1.0,0.9413706660270691
YDR259C,YGR031C-A,0,0.2347995,0.09649544209241867,1.0,0.941470742225647
YLL003W,YJL021C,0,0.23248859,0.0964861735701561,1.0,0.9415707588195801
YJR057W,YPR158C-D,0,0.23239967,0.09647691249847412,1.0,0.941670835018158
YPR158C-D,YDR353W,0,0.23046857,0.09646765142679214,1.0,0.9417709112167358
YOR391C,YIR005W,0,0.23019215,0.09645839035511017,1.0,0.941870927810669
YNL261W,YPL257W-A,0,0.23018298,0.09644913673400879,1.0,0.9419710040092468
YOR180C,YAL017W,0,0.22723806,0.09643988311290741,1.0,0.9420710206031799
YPR158W-B,YGR024C,0,0.22487947,0.09643062949180603,1.0,0.9421710968017578
YOR343W-A,YDR309C,0,0.22361928,0.09642137587070465,1.0,0.9422711133956909
YPL135W,YLR256W-A,0,0.2232123,0.09641212224960327,1.0,0.9423711895942688
YOL165C,YGL129C,0,0.2224851,0.09640287607908249,1.0,0.9424712061882019
YCR080W,YEL053C,0,0.22053577,0.0963936299085617,1.0,0.9425712823867798
YDR079W,YDR261W-B,0,0.21686953,0.09638438373804092,1.0,0.9426713585853577
YLR208W,YBR100W,0,0.21680501,0.09637514501810074,1.0,0.9427713751792908
YOL103W-B,YOR142W-B,0,0.21556328,0.09636590629816055,1.0,0.9428714513778687
YLR410W-A,YER184C,0,0.21531785,0.09635666012763977,1.0,0.9429714679718018
YLR143W,YDL198C,0,0.21426594,0.09634742885828018,1.0,0.9430715441703796
YDR098C-A,YFR005C,0,0.21349448,0.09633819013834,1.0,0.9431715607643127
YMR171C,YPL113C,0,0.21303698,0.09632895886898041,1.0,0.9432716369628906
YPR035W,YJR143C,0,0.21290332,0.09631972759962082,1.0,0.9433717131614685
YPL149W,YLR410W-A,0,0.2115994,0.09631049633026123,1.0,0.9434717297554016
YPR158C-C,YLR435W,0,0.21143061,0.09630126506090164,1.0,0.9435718059539795
YER159C-A,YBR162W-A,0,0.21083763,0.09629204124212265,1.0,0.9436718225479126
YDR261C-D,YLR001C,0,0.21058512,0.09628280997276306,1.0,0.9437718987464905
YAL008W,YGR161W-A,0,0.21033159,0.09627358615398407,1.0,0.9438719153404236
YNR031C,YDR261W-B,0,0.20898926,0.09626436978578568,1.0,0.9439719915390015
YPR158C-C,YBR273C,0,0.2086584,0.09625514596700668,1.0,0.9440720081329346
YHR161C,YLR239C,0,0.20840298,0.09624592959880829,1.0,0.9441720843315125
YGR161C,YGR008C,0,0.20787376,0.0962367132306099,1.0,0.9442721605300903
YPR158C-D,YPR144C,0,0.20776089,0.0962274968624115,1.0,0.9443721771240234
YLR227W-A,YHR039C-A,0,0.20716003,0.0962182879447937,1.0,0.9444722533226013
YFR006W,YBL037W,0,0.2064372,0.0962090715765953,1.0,0.9445722699165344
YDR316W-B,YPL248C,0,0.2056064,0.09619986265897751,1.0,0.9446723461151123
YKL069W,YDR210C-D,0,0.20534065,0.09619066119194031,1.0,0.9447723627090454
YOL086W-A,YGR177C,0,0.20486796,0.09618145227432251,1.0,0.9448724389076233
YGR027W-B,YLR142W,0,0.20417447,0.09617225080728531,1.0,0.9449725151062012
YPR175W,YKR058W,0,0.2039561,0.09616304934024811,1.0,0.9450725317001343
YKL171W,YHR006W,0,0.20361531,0.09615384787321091,1.0,0.9451726078987122
YAL041W,YER091C,0,0.20276265,0.0961446464061737,1.0,0.9452726244926453
YPL176C,YMR159C,0,0.20111093,0.0961354523897171,1.0,0.9453727006912231
YLR391W-A,YGL083W,0,0.2004284,0.0961262583732605,1.0,0.9454727172851562
YPL095C,YDR261W-A,0,0.20028403,0.0961170643568039,1.0,0.9455727934837341
YLL018C-A,YNR071C,0,0.20015073,0.09610787034034729,1.0,0.9456728100776672
YNL092W,YHR012W,0,0.19852175,0.09609868377447128,1.0,0.9457728862762451
YJR052W,YBR075W,0,0.19785693,0.09608948975801468,1.0,0.945872962474823
YBR090C-A,YER013W,0,0.19534945,0.09608030319213867,1.0,0.9459729790687561
YGR088W,YGR056W,0,0.19476499,0.09607112407684326,1.0,0.946073055267334
YHR005C-A,YKL063C,0,0.19309527,0.09606193751096725,1.0,0.9461730718612671
YLR391W-A,YGL200C,0,0.1929146,0.09605275839567184,1.0,0.946273148059845
YHR116W,YHR140W,0,0.19193393,0.09604357928037643,1.0,0.9463731646537781
YNL084C,YOL103W-B,0,0.1903635,0.09603440016508102,1.0,0.946473240852356
YPR158C-C,YHR061C,0,0.18934478,0.09602522104978561,1.0,0.9465732574462891
YPR137C-B,YPR131C,0,0.18899563,0.0960160493850708,1.0,0.9466733336448669
YHL047C,YOR192C-B,0,0.18890306,0.09600687772035599,1.0,0.9467734098434448
YLR154W-C,YNR038W,0,0.18796155,0.09599770605564117,1.0,0.9468734264373779
YLL019C,YDR261W-B,0,0.18713449,0.09598854184150696,1.0,0.9469735026359558
YDR098C-B,YPL258C,0,0.18698314,0.09597937017679214,1.0,0.9470735192298889
YDR304C,YGL078C,0,0.18669076,0.09597020596265793,1.0,0.9471735954284668
YDR316W-B,YPL258C,0,0.1865493,0.09596104174852371,1.0,0.9472736120223999
YER096W,YER184C,0,0.18653335,0.0959518775343895,1.0,0.9473736882209778
YER137C-A,YLR206W,0,0.18638974,0.09594272077083588,1.0,0.9474737644195557
YER089C,YBR075W,0,0.18620846,0.09593356400728226,1.0,0.9475737810134888
YLR343W,YOR117W,0,0.18583746,0.09592440724372864,1.0,0.9476738572120667
YBR105C,YDR262W,0,0.18538806,0.09591525048017502,1.0,0.9477738738059998
YDR098C-A,YLR092W,0,0.18480271,0.095906101167202,1.0,0.9478739500045776
YPL257W-A,YOR037W,0,0.1842745,0.09589694440364838,1.0,0.9479739665985107
YER046W,YOL086W-A,0,0.1834701,0.09588779509067535,1.0,0.9480740427970886
YGL137W,YDR210W-B,0,0.18273047,0.09587864577770233,1.0,0.9481740593910217
YGR057C,YLR227W-B,0,0.18198268,0.0958695039153099,1.0,0.9482741355895996
YDL223C,YNL092W,0,0.18181632,0.09586036205291748,1.0,0.9483742117881775
YBR205W,YOL092W,0,0.1795871,0.09585121273994446,1.0,0.9484742283821106
YDL038C,YPR113W,0,0.17956853,0.09584207832813263,1.0,0.9485743045806885
YDR229W,YBR169C,0,0.17916468,0.0958329364657402,1.0,0.9486743211746216
YDR210C-C,YDR503C,0,0.17904487,0.09582380205392838,1.0,0.9487743973731995
YPR160W,YLR206W,0,0.17854992,0.09581466019153595,1.0,0.9488744139671326
YDR472W,YCL026C-B,0,0.17758153,0.09580552577972412,1.0,0.9489744901657104
YNL079C,YOR192C-A,0,0.17722243,0.09579639881849289,1.0,0.9490745663642883
YBR075W,YER171W,0,0.17570192,0.09578726440668106,1.0,0.9491745829582214
YHR116W,YOR317W,0,0.17470491,0.09577813744544983,1.0,0.9492746591567993
YOL030W,YDR098C-B,0,0.17470367,0.0957690104842186,1.0,0.9493746757507324
YOL103W-A,YGL021W,0,0.17359644,0.09575988352298737,1.0,0.9494747519493103
YHL009W-B,YKL006C-A,0,0.17348976,0.09575076401233673,1.0,0.9495747685432434
YIR031C,YKL192C,0,0.17332329,0.0957416370511055,1.0,0.9496748447418213
YLR194C,YLR288C,0,0.17205474,0.09573251754045486,1.0,0.9497748613357544
YDL175C,YDR261W-A,0,0.17125657,0.09572340548038483,1.0,0.9498749375343323
YOR142W-A,YJL045W,0,0.17101152,0.09571428596973419,1.0,0.9499750137329102
YKL143W,YDL231C,0,0.16914646,0.09570517390966415,1.0,0.9500750303268433
YOR343W-A,YDL204W,0,0.16836478,0.09569605439901352,1.0,0.9501751065254211
YNL054W-B,YMR118C,0,0.1679047,0.09568694978952408,1.0,0.9502751231193542
YER038C,YGR161C-D,0,0.16747542,0.09567783772945404,1.0,0.9503751993179321
YGL083W,YLR227W-B,0,0.16710714,0.095668725669384,1.0,0.9504752159118652
YDR316W-B,YDR159W,0,0.16699362,0.09565962105989456,1.0,0.9505752921104431
YBR238C,YDR412W,0,0.16678184,0.09565051645040512,1.0,0.9506753087043762
YPL155C,YER159C-A,0,0.16556546,0.09564141929149628,1.0,0.9507753849029541
YBR237W,YIR039C,0,0.16555248,0.09563231468200684,1.0,0.950875461101532
YFL014W,YEL050C,0,0.1634767,0.09562321752309799,1.0,0.9509754776954651
YML045W,YLR410W-B,0,0.1628171,0.09561412036418915,1.0,0.951075553894043
YGL112C,YLR040C,0,0.16267377,0.0956050232052803,1.0,0.9511755704879761
YDR365W-A,YNR038W,0,0.16112156,0.09559592604637146,1.0,0.951275646686554
YLL026W,YGR161C-D,0,0.15889768,0.09558683633804321,1.0,0.9513756632804871
YBR271W,YKL024C,0,0.15857035,0.09557774662971497,1.0,0.9514757394790649
YBR061C,YDR261W-A,0,0.15717724,0.09556865692138672,1.0,0.9515758156776428
YLR328W,YDL022W,0,0.15603071,0.09555956721305847,1.0,0.9516758322715759
YPR149W,YKL158W,0,0.15590966,0.09555048495531082,1.0,0.9517759084701538
YCL057C-A,YBR264C,0,0.15562764,0.09554140269756317,1.0,0.9518759250640869
YHR202W,YGR288W,0,0.15531187,0.09553232043981552,1.0,0.9519760012626648
YCL035C,YIR014W,0,0.15458071,0.09552323818206787,1.0,0.9520760178565979
YER137C-A,YPL183C,0,0.15429807,0.09551416337490082,1.0,0.9521760940551758
YGR179C,YMR051C,0,0.1541585,0.09550508111715317,1.0,0.9522761106491089
YDR038C,YGL051W,0,0.15314144,0.09549600630998611,1.0,0.9523761868476868
YNL284C-B,YIL140W,0,0.15287939,0.09548693895339966,1.0,0.9524762630462646
YLR371W,YER137C-A,0,0.15240687,0.0954778641462326,1.0,0.9525762796401978
YER137C-A,YHL008C,0,0.15232575,0.09546879678964615,1.0,0.9526763558387756
YPR137C-B,YNL031C,0,0.15121429,0.09545972943305969,1.0,0.9527763724327087
YOR382W,YNL107W,0,0.15117256,0.09545066207647324,1.0,0.9528764486312866
YMR268W-A,YLR033W,0,0.15100273,0.09544159471988678,1.0,0.9529764652252197
YLR343W,YDR341C,0,0.14894272,0.09543253481388092,1.0,0.9530765414237976
YOR383C,YOR142W-B,0,0.14892337,0.09542347490787506,1.0,0.9531766176223755
YPL259C,YLR410W-A,0,0.14831278,0.0954144150018692,1.0,0.9532766342163086
YNL054W-A,YPL210C,0,0.14698073,0.09540535509586334,1.0,0.9533767104148865
YDR210C-D,YHR009C,0,0.14653835,0.09539629518985748,1.0,0.9534767270088196
YHR214C-C,YIL018W,0,0.14653835,0.09538724273443222,1.0,0.9535768032073975
YDR003W,YIL017W,0,0.14510836,0.09537819027900696,1.0,0.9536768198013306
YOR259C,YDR210C-D,0,0.14490387,0.0953691378235817,1.0,0.9537768959999084
YKL158W,YGR246C,0,0.14395644,0.09536009281873703,1.0,0.9538769125938416
YGR109W-A,YJR058C,0,0.14377056,0.09535104036331177,1.0,0.9539769887924194
YNL117W,YPL113C,0,0.14245379,0.0953419953584671,1.0,0.9540770649909973
YOL103W-A,YEL030W,0,0.14143229,0.09533295035362244,1.0,0.9541770815849304
YER137C-A,YJL072C,0,0.14137039,0.09532391279935837,1.0,0.9542771577835083
YER044C-A,YGR012W,0,0.14117157,0.0953148677945137,1.0,0.9543771743774414
YPL150W,YKL059C,0,0.14101818,0.09530583024024963,1.0,0.9544772505760193
YLR154W-A,YGL169W,0,0.14089257,0.09529679268598557,1.0,0.9545772671699524
YKL189W,YDR210C-D,0,0.14088276,0.0952877625823021,1.0,0.9546773433685303
YDR210C-C,YDL192W,0,0.14061536,0.09527872502803802,1.0,0.9547773599624634
YPL105C,YGR161W-A,0,0.13944657,0.09526969492435455,1.0,0.9548774361610413
YOR142W-B,YML081C-A,0,0.13944657,0.09526066482067108,1.0,0.9549775123596191
YLR410W-B,YIL087C,0,0.13937949,0.09525163471698761,1.0,0.9550775289535522
YDR316W-A,YMR125W,0,0.13931406,0.09524260461330414,1.0,0.9551776051521301
YAL053W,YDR261W-B,0,0.13889569,0.09523358196020126,1.0,0.9552776217460632
YDL246C,YOR343W-A,0,0.1387762,0.09522455930709839,1.0,0.9553776979446411
YHR194W,YGR031C-A,0,0.13859415,0.09521553665399551,1.0,0.9554777145385742
YJL101C,YDR261W-B,0,0.13853607,0.09520651400089264,1.0,0.9555777907371521
YER159C-A,YGR162W,0,0.13847595,0.09519749879837036,1.0,0.95567786693573
YLR410W-A,YMR006C,0,0.13775983,0.09518848359584808,1.0,0.9557778835296631
YNL128W,YLR251W,0,0.1377436,0.0951794683933258,1.0,0.955877959728241
YCR092C,YOL086W-A,0,0.13735192,0.09517045319080353,1.0,0.9559779763221741
YOL103W-A,YMR217W,0,0.13716629,0.09516144543886185,1.0,0.956078052520752
YMR238W,YGL196W,0,0.13693085,0.09515243023633957,1.0,0.9561780691146851
YBR282W,YDR261W-A,0,0.13685715,0.09514342248439789,1.0,0.9562781453132629
YOL086W-A,YCR054C,0,0.13626595,0.0951344221830368,1.0,0.956378161907196
YFL002W-B,YDR285W,0,0.13554657,0.09512541443109512,1.0,0.9564782381057739
YDR169C,YER053C-A,0,0.1345407,0.09511641412973404,1.0,0.9565783143043518
YGL258W-A,YNR011C,0,0.1345407,0.09510740637779236,1.0,0.9566783308982849
YML045W-A,YGL113W,0,0.1345407,0.09509841352701187,1.0,0.9567784070968628
YJL174W,YCL048W-A,0,0.1345407,0.09508941322565079,1.0,0.9568784236907959
YPL096C-A,YDR098C-B,0,0.1345407,0.0950804129242897,1.0,0.9569784998893738
YHR214W-G,YPL076W,0,0.1345407,0.09507142007350922,1.0,0.9570785164833069
YDR014W-A,YDR243C,0,0.1345407,0.09506242722272873,1.0,0.9571785926818848
YOR246C,YER053C-A,0,0.1345407,0.09505343437194824,1.0,0.9572786688804626
YAR070W-A,YLR011W,0,0.1345407,0.09504444897174835,1.0,0.9573786854743958
YHR214W-G,YPL254W,0,0.1345407,0.09503546357154846,1.0,0.9574787616729736
YJR089W,YDR261W-B,0,0.1345407,0.09502647817134857,1.0,0.9575787782669067
YIL004C,YDR210W-C,0,0.1345407,0.09501749277114868,1.0,0.9576788544654846
YBR100W,YDL124W,0,0.1345407,0.09500850737094879,1.0,0.9577788710594177
YBR200W-A,YBR125C,0,0.1345407,0.0949995294213295,1.0,0.9578789472579956
YBL101W-A,YLR234W,0,0.1345407,0.0949905514717102,1.0,0.9579789638519287
YNL284C-A,YHR215W,0,0.1345407,0.09498157352209091,1.0,0.9580790400505066
YOR343C-A,YBR058C-A,0,0.1345407,0.09497259557247162,1.0,0.9581791162490845
YOR343C-A,YHR060W,0,0.1345407,0.09496361762285233,1.0,0.9582791328430176
YGR027W-B,YLR154W-C,0,0.1345407,0.09495464712381363,1.0,0.9583792090415955
YBR200W-A,YER013W,0,0.1345407,0.09494567662477493,1.0,0.9584792256355286
YDR316W-B,YMR268W-A,0,0.1345407,0.09493670612573624,1.0,0.9585793018341064
YGL258W-A,YER155C,0,0.1345407,0.09492774307727814,1.0,0.9586793184280396
YMR173W,YER053C-A,0,0.1345407,0.09491877257823944,1.0,0.9587793946266174
YHR214W-G,YGR161W-A,0,0.1345407,0.09490980952978134,1.0,0.9588794112205505
YHR214W-G,YBL026W,0,0.1345407,0.09490084648132324,1.0,0.9589794874191284
YNL216W,YML045W-A,0,0.1345407,0.09489189088344574,1.0,0.9590795636177063
YNL284C-A,YML099C,0,0.1345407,0.09488292783498764,1.0,0.9591795802116394
YHR214W-G,YDR259C,0,0.1345407,0.09487397223711014,1.0,0.9592796564102173
YDR361C,YDR381C-A,0,0.1345407,0.09486501663923264,1.0,0.9593796730041504
YBR211C,YCL048W-A,0,0.1345407,0.09485606104135513,1.0,0.9594797492027283
YPL115C,YGL258W-A,0,0.1345407,0.09484711289405823,1.0,0.9595797657966614
YBL101W-A,YOR369C,0,0.1345407,0.09483816474676132,1.0,0.9596798419952393
YBR200W-A,YHR168W,0,0.1345407,0.09482921659946442,1.0,0.9597799181938171
YAL024C,YDR210C-D,0,0.1345407,0.09482026845216751,1.0,0.9598799347877502
YDR018C,YBR075W,0,0.1345407,0.0948113203048706,1.0,0.9599800109863281
YPL221W,YDR381C-A,0,0.1345407,0.0948023796081543,1.0,0.9600800275802612
YOR343C-A,YKL094W,0,0.1345407,0.09479343891143799,1.0,0.9601801037788391
YCL048W-A,YBL092W,0,0.1345407,0.09478449821472168,1.0,0.9602801203727722
YOR343C-A,YGL205W,0,0.1345407,0.09477555751800537,1.0,0.9603801965713501
YBL101W-A,YLR452C,0,0.1345407,0.09476661682128906,1.0,0.9604802131652832
YGL231C,YAR070W-A,0,0.1345407,0.09475768357515335,1.0,0.9605802893638611
YCR093W,YGR161C-D,0,0.1345407,0.09474875032901764,1.0,0.960680365562439
YOL144W,YAR070W-A,0,0.1345407,0.09473981708288193,1.0,0.9607803821563721
YCR080W,YJL181W,0,0.1345407,0.09473089128732681,1.0,0.96088045835495
YAR044W,YJL181W,0,0.1345407,0.0947219580411911,1.0,0.9609804749488831
YDR210W-C,YHR051W,0,0.1345407,0.09471303224563599,1.0,0.9610805511474609
YBL101W-B,YPR063C,0,0.1345407,0.09470410645008087,1.0,0.961180567741394
YDR210W-C,YIL126W,0,0.1345407,0.09469518810510635,1.0,0.9612806439399719
YHR147C,YML045W-A,0,0.1345407,0.09468626230955124,1.0,0.9613807201385498
YJL062W-A,YPL276W,0,0.1345407,0.09467734396457672,1.0,0.9614807367324829
YDL082W,YAR070W-A,0,0.1345407,0.0946684256196022,1.0,0.9615808129310608
YGL259W,YDR210W-B,0,0.1345407,0.09465950727462769,1.0,0.9616808295249939
YDR014W-A,YDR239C,0,0.1345407,0.09465059638023376,1.0,0.9617809057235718
YBL029C-A,YER114C,0,0.1345407,0.09464167803525925,1.0,0.9618809223175049
YBR200W-A,YKL150W,0,0.1345407,0.09463276714086533,1.0,0.9619809985160828
YGL258W-A,YDR501W,0,0.1345407,0.0946238562464714,1.0,0.9620810151100159
YHR039C-B,YJL114W,0,0.1345407,0.09461495280265808,1.0,0.9621810913085938
YLL066C,YDL134C-A,0,0.1345407,0.09460604190826416,1.0,0.9622811675071716
YBR200W-A,YNR067C,0,0.1345407,0.09459713846445084,1.0,0.9623811841011047
YDL210W,YCL048W-A,0,0.1345407,0.09458823502063751,1.0,0.9624812602996826
YMR171C,YJL133C-A,0,0.1345407,0.09457933157682419,1.0,0.9625812768936157
YBL101W-A,YMR125W,0,0.1345407,0.09457043558359146,1.0,0.9626813530921936
YNL061W,YER053C-A,0,0.1345407,0.09456153213977814,1.0,0.9627813696861267
YBL029C-A,YPR005C,0,0.1345407,0.09455263614654541,1.0,0.9628814458847046
YBR200W-A,YIL108W,0,0.1345407,0.09454374760389328,1.0,0.9629814624786377
YBL101W-A,YJL194W,0,0.1345407,0.09453485161066055,1.0,0.9630815386772156
YBR223C,YDR210W-C,0,0.1345407,0.09452596306800842,1.0,0.9631816148757935
YHR214W-G,YOL139C,0,0.1345407,0.0945170670747757,1.0,0.9632816314697266
YDR210W-C,YFR007W,0,0.1345407,0.09450817853212357,1.0,0.9633817076683044
YKR099W,YML045W-A,0,0.1345407,0.09449929744005203,1.0,0.9634817242622375
YDR098C-B,YFR007W,0,0.1345407,0.0944904088973999,1.0,0.9635818004608154
YDR210W-C,YML080W,0,0.1345407,0.09448152780532837,1.0,0.9636818170547485
YBL101W-A,YER014W,0,0.1345407,0.09447264671325684,1.0,0.9637818932533264
YMR160W,YML045W-A,0,0.1345407,0.0944637656211853,1.0,0.9638819694519043
YHR214W-G,YNL062C,0,0.1345407,0.09445488452911377,1.0,0.9639819860458374
YBL029C-A,YER100W,0,0.1345407,0.09444601088762283,1.0,0.9640820622444153
YMR314W,YAR070W-A,0,0.1345407,0.0944371372461319,1.0,0.9641820788383484
YDR210W-C,YDR518W,0,0.1345407,0.09442826360464096,1.0,0.9642821550369263
YDL081C,YML045W-A,0,0.1345407,0.09441938996315002,1.0,0.9643821716308594
YJR027W,YLR312C-B,0,0.1345407,0.09441052377223969,1.0,0.9644822478294373
YKL200C,YMR210W,0,0.1345407,0.09440165013074875,1.0,0.9645822644233704
YLR441C,YNL284C-A,0,0.1345407,0.09439278393983841,1.0,0.9646823406219482
YML113W,YDR381C-A,0,0.1345407,0.09438392519950867,1.0,0.9647824168205261
YDL136W,YBR111W-A,0,0.1345407,0.09437505900859833,1.0,0.9648824334144592
YDR496C,YJL133C-A,0,0.1345407,0.09436620026826859,1.0,0.9649825096130371
YKL132C,YCL048W-A,0,0.1345407,0.09435733407735825,1.0,0.9650825262069702
YPL257W-A,YFL011W-A,0,0.1345407,0.0943484827876091,1.0,0.9651826024055481
YGL258W-A,YJR013W,0,0.1345407,0.09433962404727936,1.0,0.9652826189994812
YDR210W-C,YHL034C,0,0.1345407,0.09433076530694962,1.0,0.9653826951980591
YML094W,YER053C-A,0,0.1345407,0.09432191401720047,1.0,0.9654827117919922
YJL167W,YER053C-A,0,0.1345407,0.09431306272745132,1.0,0.9655827879905701
YBL101W-B,YAL054C,0,0.1345407,0.09430421143770218,1.0,0.965682864189148
YPL195W,YER053C-A,0,0.1345407,0.09429536759853363,1.0,0.965782880783081
YNL284C-A,YIL142W,0,0.1345407,0.09428651630878448,1.0,0.9658829569816589
YCR012W,YCL048W-A,0,0.1345407,0.09427767246961594,1.0,0.965982973575592
YJL124C,YDR381C-A,0,0.1345407,0.09426882863044739,1.0,0.9660830497741699
YDR014W-A,YPL207W,0,0.1345407,0.09425999224185944,1.0,0.966183066368103
YPR158C-C,YCR055C,0,0.1345407,0.09425114840269089,1.0,0.9662831425666809
YGL256W,YDR014W-A,0,0.1345407,0.09424231201410294,1.0,0.9663832187652588
YDR014W-A,YPR080W,0,0.1345407,0.09423347562551498,1.0,0.9664832353591919
YGL258W-A,YKL021C,0,0.1345407,0.09422463923692703,1.0,0.9665833115577698
YCR080W,YDR090C,0,0.1345407,0.09421580284833908,1.0,0.9666833281517029
YBR200W-A,YIL051C,0,0.1345407,0.09420697391033173,1.0,0.9667834043502808
YOR167C,YER053C-A,0,0.1345407,0.09419814497232437,1.0,0.9668834209442139
YDR210W-C,YGL223C,0,0.1345407,0.09418931603431702,1.0,0.9669834971427917
YGL120C,YBL101W-B,0,0.1345407,0.09418048709630966,1.0,0.9670835137367249
YBL029C-A,YNL110C,0,0.1345407,0.0941716656088829,1.0,0.9671835899353027
YBL029C-A,YBL091C-A,0,0.1345407,0.09416284412145615,1.0,0.9672836661338806
YHR214W-G,YOL003C,0,0.1345407,0.09415402263402939,1.0,0.9673836827278137
YAR070W-A,YGL018C,0,0.1345407,0.09414520114660263,1.0,0.9674837589263916
YLR466W,YBR075W,0,0.1345407,0.09413637965917587,1.0,0.9675837755203247
YML045W-A,YPL180W,0,0.1345407,0.09412756562232971,1.0,0.9676838517189026
YDR434W,YPR137C-A,0,0.13427979,0.09411875158548355,1.0,0.9677838683128357
YPR158C-C,YOR355W,0,0.13396963,0.09410993754863739,1.0,0.9678839445114136
YHR116W,YDR316W-B,0,0.13380687,0.09410112351179123,1.0,0.9679840207099915
YNL054W-A,YIL144W,0,0.1337787,0.09409231692552567,1.0,0.9680840373039246
YNL054W-B,YLL050C,0,0.13369773,0.0940835028886795,1.0,0.9681841135025024
YPL196W,YPL113C,0,0.13311511,0.09407469630241394,1.0,0.9682841300964355
YDR188W,YOR240W,0,0.13272384,0.09406588971614838,1.0,0.9683842062950134
YPR137C-B,YEL062W,0,0.13248545,0.09405709058046341,1.0,0.9684842228889465
YCR014C,YPL257W-B,0,0.13166441,0.09404828399419785,1.0,0.9685842990875244
YFL044C,YOR343W-A,0,0.131611,0.09403948485851288,1.0,0.9686843156814575
YLR154W-A,YNR060W,0,0.1315194,0.09403068572282791,1.0,0.9687843918800354
YKL138C-A,YJL216C,0,0.13144378,0.09402189403772354,1.0,0.9688844680786133
YJL006C,YPR158C-D,0,0.13123383,0.09401309490203857,1.0,0.9689844846725464
YLR227W-A,YLR163C,0,0.13063781,0.0940043032169342,1.0,0.9690845608711243
YDL139C,YLR410W-B,0,0.13049942,0.09399551153182983,1.0,0.9691845774650574
YGR046W,YDR342C,0,0.13014941,0.09398671984672546,1.0,0.9692846536636353
YGR027W-B,YPL156C,0,0.13009922,0.0939779281616211,1.0,0.9693846702575684
YJL187C,YDL134C-A,0,0.12904313,0.09396914392709732,1.0,0.9694847464561462
YNL054W-B,YPR016C,0,0.12900355,0.09396035969257355,1.0,0.9695847630500793
YLR410W-A,YPL133C,0,0.12887435,0.09395157545804977,1.0,0.9696848392486572
YPR086W,YGR161W-B,0,0.1285195,0.093942791223526,1.0,0.9697849154472351
YNL077W,YER159C-A,0,0.12812358,0.09393401443958282,1.0,0.9698849320411682
YGR027W-B,YBR115C,0,0.12805896,0.09392523020505905,1.0,0.9699850082397461
YGR085C,YER159C-A,0,0.12756272,0.09391645342111588,1.0,0.9700850248336792
YNL284C-B,YML013W,0,0.1271443,0.0939076840877533,1.0,0.9701851010322571
YAL015C,YGR161C-D,0,0.12667495,0.09389890730381012,1.0,0.9702851176261902
YHL009W-B,YLR347C,0,0.12650225,0.09389013797044754,1.0,0.9703851938247681
YGR245C,YNL054W-B,0,0.12643866,0.09388136118650436,1.0,0.970485270023346
YBR033W,YOL103W-B,0,0.12593874,0.09387259185314178,1.0,0.970585286617279
YMR205C,YDR261W-A,0,0.12535739,0.0938638299703598,1.0,0.9706853628158569
YNL219C,YHL009W-B,0,0.12488705,0.09385506063699722,1.0,0.97078537940979
YKR002W,YHR214C-C,0,0.124586225,0.09384629875421524,1.0,0.9708854556083679
YLR227W-A,YPL173W,0,0.124285765,0.09383753687143326,1.0,0.970985472202301
YDR412W,YOR192C-A,0,0.12331578,0.09382877498865128,1.0,0.9710855484008789
YER007W,YGR161W-B,0,0.12221925,0.0938200131058693,1.0,0.971185564994812
YJL149W,YPL060W,0,0.12217139,0.09381125867366791,1.0,0.9712856411933899
YPL194W,YOR192C-B,0,0.12203035,0.09380250424146652,1.0,0.9713857173919678
YOR343W-B,YGL085W,0,0.121967696,0.09379374980926514,1.0,0.9714857339859009
YOR142W-B,YPL137C,0,0.121492,0.09378499537706375,1.0,0.9715858101844788
YGR109W-A,YOR189W,0,0.12144461,0.09377624094486237,1.0,0.9716858267784119
YGL203C,YOL053C-A,0,0.12140074,0.09376749396324158,1.0,0.9717859029769897
YDR407C,YGR031C-A,0,0.12098326,0.09375874698162079,1.0,0.9718859195709229
YLR410W-B,YNL001W,0,0.12093057,0.09375,1.0,0.9719859957695007
YDR019C,YGR031C-A,0,0.12072945,0.09374125301837921,1.0,0.9720860719680786
YDR098C-B,YHR008C,0,0.120633096,0.09373251348733902,1.0,0.9721860885620117
YDR108W,YLR227W-B,0,0.12029662,0.09372377395629883,1.0,0.9722861647605896
YOR343W-A,YLL034C,0,0.12024061,0.09371503442525864,1.0,0.9723861813545227
YGR161W-B,YJR151C,0,0.120038755,0.09370629489421844,1.0,0.9724862575531006
YDR098C-B,YBR046C,0,0.11977032,0.09369755536317825,1.0,0.9725862741470337
YDR105C,YOR389W,0,0.11944644,0.09368882328271866,1.0,0.9726863503456116
YLR410W-B,YPL257W-B,0,0.11915791,0.09368009120225906,1.0,0.9727863669395447
YGL251C,YDR261C-D,0,0.118851855,0.09367135912179947,1.0,0.9728864431381226
YOR037W,YDR261W-A,0,0.11871134,0.09366262704133987,1.0,0.9729865193367004
YDR034C-C,YOL072W,0,0.11855444,0.09365390241146088,1.0,0.9730865359306335
YDR210C-C,YDR233C,0,0.118513376,0.09364517033100128,1.0,0.9731866121292114
YDR316W-A,YOL149W,0,0.118339136,0.09363644570112228,1.0,0.9732866287231445
YMR295C,YLR410W-B,0,0.118230134,0.09362772852182388,1.0,0.9733867049217224
YDR210C-C,YLR139C,0,0.11818871,0.09361900389194489,1.0,0.9734867215156555
YER159C-A,YGL178W,0,0.11806129,0.09361028671264648,1.0,0.9735867977142334
YDR326C,YLR410W-A,0,0.11773993,0.09360156208276749,1.0,0.9736868143081665
YDR316W-B,YIL011W,0,0.117621236,0.09359284490346909,1.0,0.9737868905067444
YGR006W,YHR214C-C,0,0.11750623,0.09358413517475128,1.0,0.9738869667053223
YDR111C,YLR256W-A,0,0.117370695,0.09357541799545288,1.0,0.9739869832992554
YFL002W-B,YOR283W,0,0.11725177,0.09356670826673508,1.0,0.9740870594978333
YBR261C,YPR137C-A,0,0.117096305,0.09355799853801727,1.0,0.9741870760917664
YLR019W,YDR210C-D,0,0.116765246,0.09354928880929947,1.0,0.9742871522903442
YOR343W-B,YBR086C,0,0.11672703,0.09354057908058167,1.0,0.9743871688842773
YNL284C-B,YMR168C,0,0.11671907,0.09353187680244446,1.0,0.9744872450828552
YDR316W-A,YBR028C,0,0.1166442,0.09352317452430725,1.0,0.9745873212814331
YGL170C,YPL257W-A,0,0.116506875,0.09351447224617004,1.0,0.9746873378753662
YBR166C,YDR261W-A,0,0.116405025,0.09350576996803284,1.0,0.9747874140739441
YEL069C,YGR109W-B,0,0.116372034,0.09349706768989563,1.0,0.9748874306678772
YDR210C-C,YPL226W,0,0.11635581,0.09348837286233902,1.0,0.9749875068664551
YDR365W-A,YGR279C,0,0.116233096,0.09347967803478241,1.0,0.9750875234603882
YMR261C,YPL257W-B,0,0.11623108,0.0934709832072258,1.0,0.9751875996589661
YMR301C,YNL054W-B,0,0.11623077,0.09346228837966919,1.0,0.9752876162528992
YAR042W,YFL002W-B,0,0.11621863,0.09345360100269318,1.0,0.975387692451477
YPR137C-B,YPR098C,0,0.11620207,0.09344490617513657,1.0,0.9754877686500549
YOR192C-A,YLR150W,0,0.116111115,0.09343621879816055,1.0,0.975587785243988
YPR060C,YDR261W-A,0,0.116072126,0.09342753887176514,1.0,0.9756878614425659
YNL063W,YGR161C-D,0,0.116003096,0.09341885149478912,1.0,0.975787878036499
YNL054W-B,YDL095W,0,0.11596775,0.09341017156839371,1.0,0.9758879542350769
YNL214W,YDR261W-B,0,0.11593905,0.0934014841914177,1.0,0.97598797082901
YLL004W,YDR261W-B,0,0.11592086,0.09339280426502228,1.0,0.9760880470275879
YPL257W-A,YDR511W,0,0.11590855,0.09338413178920746,1.0,0.9761881232261658
YOL103W-A,YMR213W,0,0.11590831,0.09337545186281204,1.0,0.9762881398200989
YPR019W,YPR137C-A,0,0.11590694,0.09336677938699722,1.0,0.9763882160186768
YJR066W,YGR027W-B,0,0.11590437,0.0933581069111824,1.0,0.9764882326126099
YML023C,YDR210W-B,0,0.115900904,0.09334943443536758,1.0,0.9765883088111877
YOR343W-B,YCL051W,0,0.11589508,0.09334076195955276,1.0,0.9766883254051208
YOL103W-A,YJL095W,0,0.115886,0.09333209693431854,1.0,0.9767884016036987
YDR080W,YOR192C-A,0,0.11588262,0.09332343190908432,1.0,0.9768884181976318
YER114C,YDR261C-D,0,0.11587738,0.0933147668838501,1.0,0.9769884943962097
YHR168W,YPL257W-B,0,0.11587638,0.09330610185861588,1.0,0.9770885705947876
YLR227W-B,YHL008C,0,0.11587447,0.09329743683338165,1.0,0.9771885871887207
YDR210C-C,YNL175C,0,0.11587155,0.09328877925872803,1.0,0.9772886633872986
YJL004C,YPR158W-B,0,0.11587155,0.0932801216840744,1.0,0.9773886799812317
YGR109W-A,YAL013W,0,0.115868494,0.09327146410942078,1.0,0.9774887561798096
YOR142W-A,YCL069W,0,0.1158672,0.09326280653476715,1.0,0.9775887727737427
YOL103W-A,YMR149W,0,0.1158611,0.09325414896011353,1.0,0.9776888489723206
YOR358W,YDR261C-D,0,0.115855314,0.0932454988360405,1.0,0.9777888655662537
YNL054W-B,YOR355W,0,0.11585489,0.09323684871196747,1.0,0.9778889417648315
YLR466W,YHR039C-B,0,0.11526263,0.09322819858789444,1.0,0.9779890179634094
YOR348C,YLR380W,0,0.11345104,0.09321955591440201,1.0,0.9780890345573425
YHR066W,YHR067W,0,0.11341198,0.09321090579032898,1.0,0.9781891107559204
YDR228C,YGR012W,0,0.10655083,0.09320226311683655,1.0,0.9782891273498535
YML054C,YPL021W,0,0.102692574,0.09319362044334412,1.0,0.9783892035484314
YOR297C,YNL233W,0,0.10186556,0.09318497776985168,1.0,0.9784892201423645
YFL018W-A,YPL145C,0,0.10092424,0.09317634254693985,1.0,0.9785892963409424
YOR297C,YDR434W,0,0.10050075,0.09316769987344742,1.0,0.9786893725395203
YAR044W,YPR194C,0,0.100349404,0.09315906465053558,1.0,0.9787893891334534
YER133W,YER091C,0,0.09985716,0.09315042942762375,1.0,0.9788894653320312
YCR080W,YDR175C,0,0.099495694,0.09314180165529251,1.0,0.9789894819259644
YGR044C,YLR356W,0,0.09589349,0.09313316643238068,1.0,0.9790895581245422
YPR137W,YBR189W,0,0.09301895,0.09312453866004944,1.0,0.9791895747184753
YHR202W,YKR069W,0,0.08982227,0.0931159108877182,1.0,0.9792896509170532
YGR251W,YFL002W-A,0,0.088428624,0.09310728311538696,1.0,0.9793896675109863
YPR128C,YHR214W,0,0.08599747,0.09309865534305573,1.0,0.9794897437095642
YCR080W,YBR038W,0,0.08500744,0.09309003502130508,1.0,0.9795898199081421
YDR479C,YOR180C,0,0.084745765,0.09308141469955444,1.0,0.9796898365020752
YMR089C,YOR240W,0,0.08364223,0.0930727943778038,1.0,0.9797899127006531
YPR163C,YOR240W,0,0.08171719,0.09306417405605316,1.0,0.9798899292945862
YBR072W,YMR182C,0,0.080470935,0.09305555373430252,1.0,0.9799900054931641
YJR096W,YIL036W,0,0.07686381,0.09304694086313248,1.0,0.9800900220870972
YDL054C,YDR007W,0,0.07498462,0.09303832799196243,1.0,0.980190098285675
YLR154W-C,YJR040W,0,0.068050824,0.09302971512079239,1.0,0.9802901744842529
YCR060W,YOR382W,0,0.06769018,0.09302110224962234,1.0,0.980390191078186
YGL119W,YPL123C,0,0.06656569,0.0930124968290329,1.0,0.9804902672767639
YAL054C,YHR079C-B,0,0.06424198,0.09300388395786285,1.0,0.980590283870697
YPL087W,YOR158W,0,0.062886246,0.09299527853727341,1.0,0.9806903600692749
YOR136W,YNL045W,0,0.06259452,0.09298667311668396,1.0,0.980790376663208
YHR138C,YKR014C,0,0.058491267,0.09297807514667511,1.0,0.9808904528617859
YJR097W,YDR256C,0,0.057786778,0.09296946972608566,1.0,0.980990469455719
YGR138C,YDR511W,0,0.05752619,0.09296087175607681,1.0,0.9810905456542969
YDR197W,YIL017W,0,0.055446073,0.09295227378606796,1.0,0.9811906218528748
YJL097W,YLR446W,0,0.054569066,0.09294367581605911,1.0,0.9812906384468079
YOR258W,YPR148C,0,0.054015815,0.09293508529663086,1.0,0.9813907146453857
YMR217W,YML056C,0,0.053780735,0.09292648732662201,1.0,0.9814907312393188
YDR170W-A,YOR087W,0,0.051750205,0.09291789680719376,1.0,0.9815908074378967
YPL223C,YLR283W,0,0.044578284,0.0929093062877655,1.0,0.9816908240318298
YDL084W,YDR367W,0,0.042926498,0.09290072321891785,1.0,0.9817909002304077
YBL064C,YOL020W,0,0.04283883,0.0928921326994896,1.0,0.9818909168243408
YMR114C,YPL248C,0,0.042415306,0.09288354963064194,1.0,0.9819909930229187
YMR086W,YGL178W,0,0.039491653,0.09287496656179428,1.0,0.9820910692214966
YOL133W,YDR115W,0,0.035694122,0.09286638349294662,1.0,0.9821910858154297
YDR146C,YOL126C,0,0.03524097,0.09285780042409897,1.0,0.9822911620140076
YDR173C,YBR100W,0,0.034024015,0.09284922480583191,1.0,0.9823911786079407
YMR110C,YCR045C,0,0.033533067,0.09284064918756485,1.0,0.9824912548065186
YGR138C,YNL103W,0,0.020866849,0.09283207356929779,1.0,0.9825912714004517
YIL083C,YLR361C,0,0.019139357,0.09282349795103073,1.0,0.9826913475990295
YHR024C,YCL026C-B,0,0.019086588,0.09281492233276367,1.0,0.9827914237976074
YAR002C-A,YLR157C,0,0.01864243,0.09280635416507721,1.0,0.9828914403915405
YLR109W,YBR006W,0,0.013526127,0.09279778599739075,1.0,0.9829915165901184
YLL038C,YDR165W,0,0.012529306,0.09278921782970428,1.0,0.9830915331840515
YDR146C,YLR009W,0,0.011585483,0.09278064966201782,1.0,0.9831916093826294
YIL108W,YPR003C,0,0.010804284,0.09277208894491196,1.0,0.9832916259765625
YKR053C,YPR098C,0,0.0075642914,0.0927635207772255,1.0,0.9833917021751404
YBL014C,YCL026C-B,0,0.0070995092,0.09275496006011963,1.0,0.9834917187690735
YJR027W,YFR040W,0,0.0066098124,0.09274639934301376,1.0,0.9835917949676514
YLR158C,YJR107W,0,0.0051908568,0.0927378460764885,1.0,0.9836918711662292
YGL051W,YDR248C,0,0.003515631,0.09272928535938263,1.0,0.9837918877601624
YGR044C,YJL172W,0,-0.003282994,0.09272073209285736,1.0,0.9838919639587402
YBR170C,YPR047W,0,-0.007294975,0.09271217882633209,1.0,0.9839919805526733
YOR089C,YIL107C,0,-0.008261532,0.09270362555980682,1.0,0.9840920567512512
YHR105W,YPR196W,0,-0.012666352,0.09269507229328156,1.0,0.9841920733451843
YBR156C,YBR248C,0,-0.015261255,0.09268652647733688,1.0,0.9842921495437622
YJR096W,YDL197C,0,-0.02232175,0.09267798066139221,1.0,0.9843922257423401
YFL026W,YOL020W,0,-0.023742385,0.09266943484544754,1.0,0.9844922423362732
YLR450W,YBR066C,0,-0.024124801,0.09266088902950287,1.0,0.9845923185348511
YLR318W,YNR047W,0,-0.024127027,0.0926523432135582,1.0,0.9846923351287842
YER138C,YOR233W,0,-0.02672565,0.09264380484819412,1.0,0.9847924113273621
YOL052C-A,YER020W,0,-0.028474197,0.09263526648283005,1.0,0.9848924279212952
YOR326W,YMR015C,0,-0.032362908,0.09262672811746597,1.0,0.984992504119873
YJL221C,YDR369C,0,-0.03241228,0.0926181897521019,1.0,0.9850925207138062
YGR161C,YGL090W,0,-0.032651767,0.09260965883731842,1.0,0.985192596912384
YIL171W,YOL117W,0,-0.035593223,0.09260112047195435,1.0,0.9852926731109619
YOL102C,YOR283W,0,-0.03604938,0.09259258955717087,1.0,0.985392689704895
YDR019C,YPL153C,0,-0.038508907,0.09258406609296799,1.0,0.9854927659034729
YNL301C,YHR025W,0,-0.041710228,0.09257553517818451,1.0,0.985592782497406
YOL052C-A,YIL013C,0,-0.04226663,0.09256700426340103,1.0,0.9856928586959839
YHR174W,YML132W,0,-0.04358852,0.09255848079919815,1.0,0.985792875289917
YBL022C,YKL199C,0,-0.04883228,0.09254995733499527,1.0,0.9858929514884949
YGL172W,YMR105C,0,-0.04994058,0.09254143387079239,1.0,0.985992968082428
YBR003W,YNL194C,0,-0.059812978,0.0925329178571701,1.0,0.9860930442810059
YJL180C,YGL085W,0,-0.061291296,0.09252439439296722,1.0,0.9861931204795837
YDR350C,YGR205W,0,-0.0617809,0.09251587837934494,1.0,0.9862931370735168
YER099C,YER062C,0,-0.062022805,0.09250736236572266,1.0,0.9863932132720947
YCL075W,YDR022C,0,-0.06489827,0.09249884635210037,1.0,0.9864932298660278
YKL100C,YFL021W,0,-0.065778114,0.09249033778905869,1.0,0.9865933060646057
YLR143W,YDL189W,0,-0.06859535,0.092481829226017,1.0,0.9866933226585388
YOR382W,YPL017C,0,-0.06995779,0.09247331321239471,1.0,0.9867933988571167
YFL014W,YDR118W,0,-0.07214363,0.09246480464935303,1.0,0.9868934750556946
YPL026C,YOR356W,0,-0.074695736,0.09245630353689194,1.0,0.9869934916496277
YGL037C,YHR139C,0,-0.07819152,0.09244779497385025,1.0,0.9870935678482056
YJL166W,YBR241C,0,-0.080295846,0.09243929386138916,1.0,0.9871935844421387
YGR200C,YOR091W,0,-0.0818595,0.09243079274892807,1.0,0.9872936606407166
YOR332W,YBR141C,0,-0.08216773,0.09242229163646698,1.0,0.9873936772346497
YMR093W,YBR092C,0,-0.08446911,0.09241379052400589,1.0,0.9874937534332275
YJR010W,YNL202W,0,-0.08970925,0.0924052968621254,1.0,0.9875937700271606
YKR037C,YNL160W,0,-0.09874978,0.0923968032002449,1.0,0.9876938462257385
YPL002C,YPR148C,0,-0.09996045,0.09238830953836441,1.0,0.9877939224243164
YMR059W,YCL026C-B,0,-0.104248405,0.09237981587648392,1.0,0.9878939390182495
YFL057C,YHR014W,0,-0.10856554,0.09237132221460342,1.0,0.9879940152168274
YLR158C,YDR045C,0,-0.11172667,0.09236283600330353,1.0,0.9880940318107605
YMR262W,YGL053W,0,-0.1139702,0.09235434979200363,1.0,0.9881941080093384
YDL216C,YMR136W,0,-0.11438127,0.09234586358070374,1.0,0.9882941246032715
YHL026C,YGL171W,0,-0.11549754,0.09233737736940384,1.0,0.9883942008018494
YGL195W,YMR303C,0,-0.11742242,0.09232889115810394,1.0,0.9884942173957825
YDR235W,YLR158C,0,-0.12210773,0.09232041239738464,1.0,0.9885942935943604
YBR069C,YEL039C,0,-0.123195805,0.09231193363666534,1.0,0.9886943697929382
YHR052W,YGR246C,0,-0.12355988,0.09230345487594604,1.0,0.9887943863868713
YJL180C,YJL101C,0,-0.12546083,0.09229497611522675,1.0,0.9888944625854492
YMR105C,YLR145W,0,-0.12923834,0.09228650480508804,1.0,0.9889944791793823
YCR046C,YML018C,0,-0.12930852,0.09227802604436874,1.0,0.9890945553779602
YPR001W,YDR074W,0,-0.13141152,0.09226955473423004,1.0,0.9891945719718933
YMR156C,YJL172W,0,-0.13161449,0.09226108342409134,1.0,0.9892946481704712
YKL100C,YJR059W,0,-0.13338979,0.09225261956453323,1.0,0.9893947243690491
YGR154C,YLR164W,0,-0.13603885,0.09224414825439453,1.0,0.9894947409629822
YKL138C-A,YLR348C,0,-0.13817716,0.09223568439483643,1.0,0.9895948171615601
YDR019C,YLL048C,0,-0.14004666,0.09222722053527832,1.0,0.9896948337554932
YPL103C,YOL084W,0,-0.14178085,0.09221875667572021,1.0,0.989794909954071
YAR027W,YBR128C,0,-0.14588886,0.09221029281616211,1.0,0.9898949265480042
YLR337C,YER062C,0,-0.15575923,0.0922018364071846,1.0,0.989995002746582
YDL223C,YMR297W,0,-0.15577124,0.09219337999820709,1.0,0.9900950193405151
YML054C,YKR097W,0,-0.15648434,0.09218492358922958,1.0,0.990195095539093
YOR116C,YNR003C,0,-0.1582843,0.09217646718025208,1.0,0.9902951717376709
YBR149W,YLR330W,0,-0.15895548,0.09216801077127457,1.0,0.990395188331604
YKL067W,YFR045W,0,-0.16269712,0.09215956181287766,1.0,0.9904952645301819
YDR343C,YPL121C,0,-0.18105939,0.09215111285448074,1.0,0.990595281124115
YKR095W-A,YCL026C-B,0,-0.1955321,0.09214266389608383,1.0,0.9906953573226929
YDL110C,YJR134C,0,-0.20464602,0.09213421493768692,1.0,0.990795373916626
YIL172C,YJL141C,0,-0.21023697,0.09212576597929001,1.0,0.9908954501152039
YNL202W,YDR434W,0,-0.21781376,0.0921173244714737,1.0,0.9909955263137817
YCR105W,YOR317W,0,-0.23060536,0.09210888296365738,1.0,0.9910955429077148
YKR062W,YLR348C,0,-0.23440081,0.09210044145584106,1.0,0.9911956191062927
YGR138C,YKR097W,0,-0.24054198,0.09209199994802475,1.0,0.9912956357002258
YAL030W,YOL084W,0,-0.2418732,0.09208356589078903,1.0,0.9913957118988037
YLR343W,YMR053C,0,-0.25254834,0.09207512438297272,1.0,0.9914957284927368
YGL259W,YIL017W,0,-0.25491023,0.092066690325737,1.0,0.9915958046913147
YDR190C,YBL028C,0,-0.26053938,0.09205825626850128,1.0,0.9916958212852478
YIL107C,YHR175W,0,-0.2648539,0.09204982966184616,1.0,0.9917958974838257
YHL021C,YGR202C,0,-0.27391037,0.09204139560461044,1.0,0.9918959736824036
YLR118C,YIR039C,0,-0.27496508,0.09203296899795532,1.0,0.9919959902763367
YDL007W,YHR096C,0,-0.28791133,0.0920245423913002,1.0,0.9920960664749146
YHR185C,YCR005C,0,-0.29438674,0.09201611578464508,1.0,0.9921960830688477
YPL123C,YPL111W,0,-0.30040684,0.09200768917798996,1.0,0.9922961592674255
YBL039C,YFL001W,0,-0.30608606,0.09199927002191544,1.0,0.9923961758613586
YKL100C,YDR251W,0,-0.30798048,0.09199084341526031,1.0,0.9924962520599365
YDL054C,YER091C,0,-0.32114142,0.09198242425918579,1.0,0.9925962686538696
YDR350C,YGL157W,0,-0.32675552,0.09197401255369186,1.0,0.9926963448524475
YDR527W,YFL014W,0,-0.3322218,0.09196559339761734,1.0,0.9927964210510254
YMR262W,YML128C,0,-0.33849314,0.09195718169212341,1.0,0.9928964376449585
YFL014W,YBR218C,0,-0.33903807,0.09194876253604889,1.0,0.9929965138435364
YDR173C,YBR176W,0,-0.34669042,0.09194035083055496,1.0,0.9930965304374695
YGL104C,YLR345W,0,-0.34729463,0.09193194657564163,1.0,0.9931966066360474
YDR342C,YGR281W,0,-0.3633709,0.0919235348701477,1.0,0.9932966232299805
YKL090W,YLL055W,0,-0.3760398,0.09191513061523438,1.0,0.9933966994285583
YER150W,YOR274W,0,-0.4151425,0.09190671890974045,1.0,0.9934967756271362
YDR235W,YHL021C,0,-0.4219203,0.09189831465482712,1.0,0.9935967922210693
YGL071W,YLR327C,0,-0.42330992,0.09188991785049438,1.0,0.9936968684196472
YCR021C,YMR177W,0,-0.43085054,0.09188151359558105,1.0,0.9937968850135803
YIL155C,YOR204W,0,-0.44203725,0.09187311679124832,1.0,0.9938969612121582
YOR145C,YHR057C,0,-0.44389182,0.09186471998691559,1.0,0.9939969778060913
YPR160W,YGL096W,0,-0.44891495,0.09185632318258286,1.0,0.9940970540046692
YDR005C,YHL021C,0,-0.45951235,0.09184792637825012,1.0,0.9941970705986023
YPR026W,YEL021W,0,-0.46649495,0.09183952957391739,1.0,0.9942971467971802
YOR341W,YMR015C,0,-0.47040963,0.09183114022016525,1.0,0.9943972229957581
YGR103W,YBR155W,0,-0.47197062,0.09182275086641312,1.0,0.9944972395896912
YNL183C,YBR183W,0,-0.47385153,0.09181436151266098,1.0,0.994597315788269
YDL022W,YDR438W,0,-0.47653025,0.09180597215890884,1.0,0.9946973323822021
YJR058C,YOL084W,0,-0.48961192,0.0917975902557373,1.0,0.99479740858078
YMR076C,YLR327C,0,-0.48997357,0.09178920090198517,1.0,0.9948974251747131
YBR273C,YLR327C,0,-0.49613208,0.09178081899881363,1.0,0.994997501373291
YNL051W,YPR184W,0,-0.50927144,0.09177244454622269,1.0,0.9950975775718689
YCL032W,YDR173C,0,-0.53789246,0.09176406264305115,1.0,0.995197594165802
YDL039C,YER062C,0,-0.57072484,0.09175568073987961,1.0,0.9952976703643799
YML054C,YOL069W,0,-0.5890228,0.09174730628728867,1.0,0.995397686958313
YGL037C,YGR135W,0,-0.58961576,0.09173893183469772,1.0,0.9954977631568909
YIL134W,YDL133C-A,0,-0.5930935,0.09173055738210678,1.0,0.995597779750824
YMR143W,YOL121C,0,-0.5957677,0.09172219038009644,1.0,0.9956978559494019
YMR307W,YGR162W,0,-0.5996186,0.0917138159275055,1.0,0.995797872543335
YGL096W,YLR045C,0,-0.6044124,0.09170544892549515,1.0,0.9958979487419128
YDR160W,YER062C,0,-0.6062211,0.0916970819234848,1.0,0.9959980249404907
YJL172W,YGL129C,0,-0.6143929,0.09168871492147446,1.0,0.9960980415344238
YLR350W,YJL048C,0,-0.64037144,0.09168034791946411,1.0,0.9961981177330017
YPR026W,YJL090C,0,-0.6830285,0.09167198836803436,1.0,0.9962981343269348
YFR015C,YOL028C,0,-0.6996277,0.09166362881660461,1.0,0.9963982105255127
YHR030C,YLR345W,0,-0.7134532,0.09165526926517487,1.0,0.9964982271194458
YLR158C,YDR511W,0,-0.7200149,0.09164690971374512,1.0,0.9965983033180237
YPL058C,YDL112W,0,-0.73504174,0.09163855016231537,1.0,0.9966983199119568
YGR008C,YHR139C,0,-0.758353,0.09163019806146622,1.0,0.9967983961105347
YER007C-A,YMR321C,0,-0.77156234,0.09162184596061707,1.0,0.9968984723091125
YMR172W,YOR382W,0,-0.7961877,0.09161349385976791,1.0,0.9969984889030457
YLR054C,YNL236W,0,-0.80319464,0.09160514175891876,1.0,0.9970985651016235
YDR364C,YLR327C,0,-0.80544436,0.09159678965806961,1.0,0.9971985816955566
YFL014W,YBR111W-A,0,-0.806911,0.09158844500780106,1.0,0.9972986578941345
YDR402C,YKL150W,0,-0.8071495,0.0915801003575325,1.0,0.9973986744880676
YOR103C,YBR072W,0,-0.80788827,0.09157175570726395,1.0,0.9974987506866455
YBR061C,YMR131C,0,-0.8716199,0.09156341105699539,1.0,0.9975988268852234
YDR273W,YJR010W,0,-0.8780228,0.09155506640672684,1.0,0.9976988434791565
YMR040W,YNL020C,0,-0.88258326,0.09154672920703888,1.0,0.9977989196777344
YMR136W,YJL085W,0,-0.9195341,0.09153839200735092,1.0,0.9978989362716675
YMR105C,YKL087C,0,-0.93731844,0.09153005480766296,1.0,0.9979990124702454
YOL062C,YBR066C,0,-0.9718394,0.091521717607975,1.0,0.9980990290641785
YAR007C,YFL014W,0,-1.0199857,0.09151338785886765,1.0,0.9981991052627563
YBR193C,YAL060W,0,-1.0231957,0.09150505065917969,1.0,0.9982991218566895
YOR348C,YJL173C,0,-1.0312713,0.09149672091007233,1.0,0.9983991980552673
YFL026W,YBR176W,0,-1.0869818,0.09148839116096497,1.0,0.9984992742538452
YBR207W,YMR250W,0,-1.110007,0.0914800688624382,1.0,0.9985992908477783
YBL075C,YNL051W,0,-1.1129482,0.09147173911333084,1.0,0.9986993670463562
YML128C,YLR288C,0,-1.1528894,0.09146341681480408,1.0,0.9987993836402893
YHR052W,YCR016W,0,-1.1709542,0.09145509451627731,1.0,0.9988994598388672
YER150W,YPL134C,0,-1.2014095,0.09144677221775055,1.0,0.9989994764328003
YLR343W,YDR144C,0,-1.2067943,0.09143844991922379,1.0,0.9990995526313782
YER150W,YPL121C,0,-1.2199597,0.09143012762069702,1.0,0.999199628829956
YLL050C,YIR039C,0,-1.2725077,0.09142181277275085,1.0,0.9992996454238892
YLR157C,YDR041W,0,-1.3974841,0.09141349792480469,1.0,0.999399721622467
YHL025W,YIR039C,0,-1.4202671,0.09140518307685852,1.0,0.9994997382164001
YIR039C,YER101C,0,-1.4851111,0.09139686822891235,1.0,0.999599814414978
YER150W,YGL062W,0,-1.5741667,0.09138856083154678,1.0,0.9996998310089111
YFL014W,YDL046W,0,-1.7389169,0.09138025343418121,1.0,0.999799907207489
YOR348C,YJL085W,0,-1.7669047,0.09137194603681564,1.0,0.9998999238014221
YMR303C,YDR299W,0,-2.5575964,0.09136363863945007,1.0,1.0
